Gene A,Gene B,Label,Score,Precision,Recall,False Positive Rate
YBR072W,YBR086C,0,-1.2213869,0.0,0.0,9.999999747378752e-05
YHR019C,YBR072W,0,-1.5997369,0.0,0.0,0.00019999999494757503
YOR185C,YFL011W,0,-1.8107786,0.0,0.0,0.0003000000142492354
YML071C,YBL075C,0,-1.8178196,0.0,0.0,0.00039999998989515007
YOR348C,YHR152W,0,-2.0080924,0.0,0.0,0.0005000000237487257
YBR072W,YKR050W,0,-2.1081173,0.0,0.0,0.0006000000284984708
YLR205C,YDL081C,0,-2.140394,0.0,0.0,0.000699999975040555
YFL014W,YMR218C,0,-2.150705,0.0,0.0,0.0007999999797903001
YBR072W,YPR073C,0,-2.1906714,0.0,0.0,0.0008999999845400453
YLR189C,YEL004W,0,-2.2257333,0.0,0.0,0.0010000000474974513
YCR093W,YOR120W,0,-2.2419875,0.0,0.0,0.0010999999940395355
YCR063W,YBL075C,0,-2.2427213,0.0,0.0,0.0012000000569969416
YBL030C,YMR175W,0,-2.245277,0.0,0.0,0.0013000000035390258
YKL172W,YHR157W,0,-2.2497058,0.0,0.0,0.00139999995008111
YLR205C,YGL178W,0,-2.2526622,0.0,0.0,0.001500000013038516
YCL066W,YGR161C,0,-2.2677662,0.0,0.0,0.0015999999595806003
YNL202W,YML052W,0,-2.2705367,0.0,0.0,0.0017000000225380063
YFL014W,YGL158W,0,-2.3089151,0.0,0.0,0.0017999999690800905
YOR033C,YBR072W,0,-2.3396726,0.0,0.0,0.0019000000320374966
YER062C,YBL025W,0,-2.351866,0.0,0.0,0.0020000000949949026
YML128C,YLR382C,0,-2.4353123,0.0,0.0,0.002099999925121665
YDR214W,YKL086W,0,-2.438589,0.0,0.0,0.002199999988079071
YDL223C,YIR005W,0,-2.4408631,0.0,0.0,0.002300000051036477
YDR320C-A,YER103W,0,-2.4613628,0.0,0.0,0.002400000113993883
YNL210W,YGR080W,0,-2.4671092,0.0,0.0,0.0024999999441206455
YHR129C,YHR094C,0,-2.4801571,0.0,0.0,0.0026000000070780516
YMR250W,YIR019C,0,-2.4840767,0.0,0.0,0.0027000000700354576
YEL032W,YCL044C,0,-2.511352,0.0,0.0,0.00279999990016222
YPL196W,YPL147W,0,-2.5144935,0.0,0.0,0.002899999963119626
YNL112W,YMR136W,0,-2.5272994,0.0,0.0,0.003000000026077032
YER014C-A,YFL016C,0,-2.5324168,0.0,0.0,0.003100000089034438
YER044C-A,YLR340W,0,-2.5385523,0.0,0.0,0.0031999999191612005
YDR508C,YLL061W,0,-2.541838,0.0,0.0,0.0032999999821186066
YDR378C,YOR348C,0,-2.548132,0.0,0.0,0.0034000000450760126
YGL178W,YER103W,0,-2.5632296,0.0,0.0,0.0035000001080334187
YLR205C,YNR032C-A,0,-2.5683265,0.0,0.0,0.003599999938160181
YFL014W,YMR059W,0,-2.5816836,0.0,0.0,0.003700000001117587
YPL275W,YGL055W,0,-2.5907543,0.0,0.0,0.003800000064074993
YDR270W,YMR015C,0,-2.595543,0.0,0.0,0.0038999998942017555
YLR014C,YDL130W,0,-2.598485,0.0,0.0,0.004000000189989805
YPL121C,YPL123C,0,-2.6059096,0.0,0.0,0.004100000020116568
YHR055C,YMR087W,0,-2.607138,0.0,0.0,0.00419999985024333
YDR147W,YBL100W-B,0,-2.6332238,0.0,0.0,0.00430000014603138
YAL005C,YBL075C,0,-2.633605,0.0,0.0,0.004399999976158142
YMR270C,YML131W,0,-2.6400588,0.0,0.0,0.0044999998062849045
YER165W,YBL075C,0,-2.645526,0.0,0.0,0.004600000102072954
YLR350W,YNL045W,0,-2.662983,0.0,0.0,0.004699999932199717
YLL008W,YPR121W,0,-2.6667347,0.0,0.0,0.004800000227987766
YBR297W,YER103W,0,-2.6740284,0.0,0.0,0.004900000058114529
YPL076W,YML128C,0,-2.6760993,0.0,0.0,0.004999999888241291
YFR053C,YJR052W,0,-2.6782403,0.0,0.0,0.005100000184029341
YER035W,YGR258C,0,-2.680554,0.0,0.0,0.005200000014156103
YBR244W,YMR093W,0,-2.6831381,0.0,0.0,0.0052999998442828655
YOR244W,YMR087W,0,-2.6893163,0.0,0.0,0.005400000140070915
YLR223C,YMR096W,0,-2.7068675,0.0,0.0,0.005499999970197678
YHR055C,YEL057C,0,-2.7135468,0.0,0.0,0.00559999980032444
YJR145C,YIL073C,0,-2.7171817,0.0,0.0,0.00570000009611249
YER045C,YNL314W,1,-2.7179453,0.017241379246115685,0.0010000000474974513,0.00570000009611249
YOR195W,YML131W,0,-2.7183127,0.016949152573943138,0.0010000000474974513,0.005799999926239252
YAL012W,YIL046W,0,-2.7203097,0.01666666753590107,0.0010000000474974513,0.005900000222027302
YGR166W,YGR080W,0,-2.7208276,0.016393441706895828,0.0010000000474974513,0.006000000052154064
YPL021W,YLR056W,0,-2.7211237,0.016129031777381897,0.0010000000474974513,0.006099999882280827
YGL183C,YHR165C,0,-2.7241454,0.01587301678955555,0.0010000000474974513,0.006200000178068876
YBR072W,YCR020C-A,0,-2.724433,0.015625,0.0010000000474974513,0.006300000008195639
YPL045W,YGR122W,0,-2.7331038,0.015384615398943424,0.0010000000474974513,0.006399999838322401
YGL105W,YNL279W,0,-2.7425108,0.01515151560306549,0.0010000000474974513,0.006500000134110451
YAL058W,YHR016C,0,-2.744454,0.014925372786819935,0.0010000000474974513,0.006599999964237213
YNL008C,YHR039C,0,-2.7597213,0.014705882407724857,0.0010000000474974513,0.0066999997943639755
YML052W,YNL332W,0,-2.7605057,0.014492753893136978,0.0010000000474974513,0.006800000090152025
YDR077W,YMR095C,0,-2.763719,0.014285714365541935,0.0010000000474974513,0.006899999920278788
YDR299W,YBR244W,0,-2.764231,0.014084506779909134,0.0010000000474974513,0.007000000216066837
YFR053C,YJL187C,0,-2.7694454,0.013888888992369175,0.0010000000474974513,0.0071000000461936
YEL032W,YIL056W,0,-2.7721486,0.013698630034923553,0.0010000000474974513,0.007199999876320362
YOR063W,YBR152W,0,-2.775362,0.013513513840734959,0.0010000000474974513,0.007300000172108412
YMR238W,YKL070W,0,-2.7775316,0.013333333656191826,0.0010000000474974513,0.007400000002235174
YOR298C-A,YDL247W,0,-2.7791207,0.01315789483487606,0.0010000000474974513,0.007499999832361937
YPL174C,YBR114W,0,-2.7800574,0.012987012974917889,0.0010000000474974513,0.007600000128149986
YGR020C,YBL005W-B,0,-2.781289,0.012820512987673283,0.0010000000474974513,0.007699999958276749
YGR281W,YBR012W-B,0,-2.7860086,0.012658228166401386,0.0010000000474974513,0.007799999788403511
YGL151W,YER070W,0,-2.7871938,0.012500000186264515,0.0010000000474974513,0.007899999618530273
YPL046C,YMR250W,0,-2.7954173,0.012345679104328156,0.0010000000474974513,0.00800000037997961
YER119C,YDL039C,0,-2.7975698,0.012195121496915817,0.0010000000474974513,0.008100000210106373
YLR386W,YAR009C,0,-2.7986076,0.012048192322254181,0.0010000000474974513,0.008200000040233135
YGR188C,YML128C,0,-2.8023658,0.011904762126505375,0.0010000000474974513,0.008299999870359898
YEL071W,YJL148W,0,-2.803669,0.0117647061124444,0.0010000000474974513,0.00839999970048666
YHR157W,YFR048W,0,-2.8066254,0.011627906933426857,0.0010000000474974513,0.008500000461935997
YLR044C,YGR251W,0,-2.8075523,0.01149425283074379,0.0010000000474974513,0.00860000029206276
YNL065W,YOR237W,0,-2.80829,0.011363636702299118,0.0010000000474974513,0.008700000122189522
YGL133W,YDR213W,0,-2.8102164,0.01123595517128706,0.0010000000474974513,0.008799999952316284
YER190W,YBR284W,0,-2.8162136,0.011111111380159855,0.0010000000474974513,0.008899999782443047
YHR157W,YGR104C,0,-2.8193102,0.010989011265337467,0.0010000000474974513,0.008999999612569809
YMR015C,YBL039C,0,-2.820268,0.010869565419852734,0.0010000000474974513,0.009100000374019146
YGL226C-A,YDR004W,0,-2.830018,0.01075268816202879,0.0010000000474974513,0.009200000204145908
YPR124W,YJR073C,0,-2.8363872,0.010638297535479069,0.0010000000474974513,0.00930000003427267
YMR313C,YBL005W-B,0,-2.8417082,0.010526316240429878,0.0010000000474974513,0.009399999864399433
YFL010W-A,YNL053W,0,-2.8484106,0.010416666977107525,0.0010000000474974513,0.009499999694526196
YDR174W,YNL213C,0,-2.8488197,0.010309278033673763,0.0010000000474974513,0.009600000455975533
YGL003C,YBR284W,0,-2.8538475,0.010204081423580647,0.0010000000474974513,0.009700000286102295
YPL096C-A,YDL022W,0,-2.8546004,0.010101010091602802,0.0010000000474974513,0.009800000116229057
YAL003W,YIL155C,0,-2.8564122,0.009999999776482582,0.0010000000474974513,0.00989999994635582
YLL015W,YJR026W,0,-2.8564677,0.009900989942252636,0.0010000000474974513,0.009999999776482582
YIL150C,YKR059W,0,-2.8585033,0.009803921915590763,0.0010000000474974513,0.010099999606609344
YDR516C,YMR011W,0,-2.858715,0.009708737954497337,0.0010000000474974513,0.010200000368058681
YFL023W,YGR088W,0,-2.861036,0.009615384973585606,0.0010000000474974513,0.010300000198185444
YER045C,YOL067C,1,-2.8635464,0.01904761977493763,0.0020000000949949026,0.010300000198185444
YHR004C,YDR131C,0,-2.8652358,0.01886792480945587,0.0020000000949949026,0.010400000028312206
YPR101W,YMR117C,0,-2.8695912,0.018691588193178177,0.0020000000949949026,0.010499999858438969
YBL009W,YMR045C,0,-2.8695939,0.018518518656492233,0.0020000000949949026,0.010599999688565731
YDR358W,YDR030C,0,-2.8787928,0.01834862306714058,0.0020000000949949026,0.010700000450015068
YOR267C,YBR294W,0,-2.8825483,0.0181818176060915,0.0020000000949949026,0.01080000028014183
YLR260W,YIL080W,0,-2.888032,0.018018018454313278,0.0020000000949949026,0.010900000110268593
YLL018C-A,YLR284C,0,-2.8930204,0.01785714365541935,0.0020000000949949026,0.010999999940395355
YOR298W,YDR382W,0,-2.8930233,0.017699114978313446,0.0020000000949949026,0.011099999770522118
YBL078C,YJR026W,0,-2.8932266,0.017543859779834747,0.0020000000949949026,0.01119999960064888
YIL056W,YNL046W,0,-2.8946934,0.017391303554177284,0.0020000000949949026,0.011300000362098217
YCR082W,YGR122W,0,-2.9005044,0.017241379246115685,0.0020000000949949026,0.01140000019222498
YIL155C,YOL039W,0,-2.9010992,0.017094017937779427,0.0020000000949949026,0.011500000022351742
YAL034W-A,YCR102C,0,-2.9014869,0.016949152573943138,0.0020000000949949026,0.011599999852478504
YJL033W,YGL039W,0,-2.9020312,0.016806723549962044,0.0020000000949949026,0.011699999682605267
YIL101C,YCR102C,0,-2.905508,0.01666666753590107,0.0020000000949949026,0.011800000444054604
YER044C-A,YOL010W,0,-2.9084184,0.01652892492711544,0.0020000000949949026,0.011900000274181366
YLR189C,YJR086W,0,-2.9099872,0.016393441706895828,0.0020000000949949026,0.012000000104308128
YKL029C,YIL150C,0,-2.91214,0.016260161995887756,0.0020000000949949026,0.01209999993443489
YJL010C,YHR048W,0,-2.9139433,0.016129031777381897,0.0020000000949949026,0.012199999764561653
YOL065C,YBL100W-A,0,-2.9145896,0.01600000075995922,0.0020000000949949026,0.012299999594688416
YBL078C,YMR008C,0,-2.9169273,0.01587301678955555,0.0020000000949949026,0.012400000356137753
YJR097W,YBR114W,0,-2.918144,0.015748031437397003,0.0020000000949949026,0.012500000186264515
YPL021W,YAL017W,0,-2.9186563,0.015625,0.0020000000949949026,0.012600000016391277
YLL035W,YAR010C,0,-2.9197288,0.01550387591123581,0.0020000000949949026,0.01269999984651804
YLR048W,YAL011W,0,-2.9207563,0.015384615398943424,0.0020000000949949026,0.012799999676644802
YHR157W,YHR065C,0,-2.9207664,0.015267175622284412,0.0020000000949949026,0.012900000438094139
YER065C,YDR545W,0,-2.9212224,0.01515151560306549,0.0020000000949949026,0.013000000268220901
YCR088W,YBL013W,0,-2.9214623,0.015037594363093376,0.0020000000949949026,0.013100000098347664
YOR267C,YIR019C,0,-2.9216247,0.014925372786819935,0.0020000000949949026,0.013199999928474426
YDR386W,YER103W,0,-2.930965,0.014814814552664757,0.0020000000949949026,0.013299999758601189
YDR343C,YPL033C,0,-2.9328341,0.014705882407724857,0.0020000000949949026,0.013399999588727951
YMR186W,YCL019W,0,-2.9362788,0.014598540030419827,0.0020000000949949026,0.013500000350177288
YHR094C,YDR065W,0,-2.9370842,0.014492753893136978,0.0020000000949949026,0.01360000018030405
YOL109W,YKL075C,0,-2.939496,0.014388489536941051,0.0020000000949949026,0.013700000010430813
YCR031C,YNL126W,0,-2.9400463,0.014285714365541935,0.0020000000949949026,0.013799999840557575
YHR094C,YJR026W,0,-2.9415526,0.014184396713972092,0.0020000000949949026,0.013899999670684338
YGL047W,YAL012W,0,-2.9430857,0.014084506779909134,0.0020000000949949026,0.014000000432133675
YLL026W,YMR117C,0,-2.9436817,0.0139860138297081,0.0020000000949949026,0.014100000262260437
YER062C,YDR062W,0,-2.9441657,0.013888888992369175,0.0020000000949949026,0.0142000000923872
YER107C,YML131W,0,-2.946175,0.013793103396892548,0.0020000000949949026,0.014299999922513962
YMR250W,YDR317W,0,-2.9462109,0.013698630034923553,0.0020000000949949026,0.014399999752640724
YDR437W,YHR096C,0,-2.9479384,0.013605441898107529,0.0020000000949949026,0.014499999582767487
YOR245C,YER103W,0,-2.9502573,0.013513513840734959,0.0020000000949949026,0.014600000344216824
YPR188C,YLR455W,0,-2.9505625,0.01342281885445118,0.0020000000949949026,0.014700000174343586
YLR079W,YML131W,0,-2.9521406,0.013333333656191826,0.0020000000949949026,0.014800000004470348
YNR075W,YPL101W,0,-2.9524984,0.013245033100247383,0.0020000000949949026,0.01489999983459711
YGR213C,YAR044W,0,-2.9528327,0.01315789483487606,0.0020000000949949026,0.014999999664723873
YHR094C,YMR179W,0,-2.9529338,0.013071895577013493,0.0020000000949949026,0.01510000042617321
YMR272C,YJR120W,0,-2.9541056,0.012987012974917889,0.0020000000949949026,0.015200000256299973
YMR250W,YDR077W,0,-2.9545932,0.012903225608170033,0.0020000000949949026,0.015300000086426735
YGL129C,YER103W,0,-2.9551442,0.012820512987673283,0.0020000000949949026,0.015399999916553497
YDR312W,YPR078C,0,-2.9558344,0.012738853693008423,0.0020000000949949026,0.01549999974668026
YDR110W,YKL138C-A,0,-2.956971,0.012658228166401386,0.0020000000949949026,0.015599999576807022
YJL102W,YPR078C,0,-2.9586468,0.012578615918755531,0.0020000000949949026,0.015699999406933784
YMR138W,YAR009C,0,-2.9588647,0.012500000186264515,0.0020000000949949026,0.015799999237060547
YDR270W,YPL138C,0,-2.9594092,0.012422360479831696,0.0020000000949949026,0.01590000092983246
YDR358W,YBR012W-B,0,-2.964889,0.012345679104328156,0.0020000000949949026,0.01600000075995922
YLR016C,YBL005W-B,0,-2.9739952,0.012269938364624977,0.0020000000949949026,0.016100000590085983
YMR004W,YPR078C,0,-2.974607,0.012195121496915817,0.0020000000949949026,0.016200000420212746
YLR071C,YCR102C,0,-2.975389,0.012121211737394333,0.0020000000949949026,0.016300000250339508
YNR060W,YIL017C,0,-2.975904,0.012048192322254181,0.0020000000949949026,0.01640000008046627
YLR377C,YGR111W,0,-2.9772477,0.011976048350334167,0.0020000000949949026,0.016499999910593033
YBR132C,YPL256C,0,-2.981923,0.011904762126505375,0.0020000000949949026,0.016599999740719795
YML128C,YML103C,0,-2.9856024,0.011834319680929184,0.0020000000949949026,0.016699999570846558
YKL139W,YJR137C,0,-2.9875038,0.0117647061124444,0.0020000000949949026,0.01679999940097332
YFR036W,YBR100W,0,-2.9895127,0.011695906519889832,0.0020000000949949026,0.016899999231100082
YEL060C,YGL249W,0,-2.9895973,0.011627906933426857,0.0020000000949949026,0.017000000923871994
YDR099W,YPR078C,0,-2.9906201,0.011560693383216858,0.0020000000949949026,0.017100000753998756
YBR165W,YBR284W,0,-2.9934006,0.01149425283074379,0.0020000000949949026,0.01720000058412552
YBR131W,YLR286C,0,-2.993525,0.011428571306169033,0.0020000000949949026,0.01730000041425228
YPL231W,YFL058W,0,-2.997602,0.011363636702299118,0.0020000000949949026,0.017400000244379044
YDR195W,YCR102C,0,-2.9978194,0.011299435049295425,0.0020000000949949026,0.017500000074505806
YNR075W,YIL101C,0,-2.9980211,0.01123595517128706,0.0020000000949949026,0.01759999990463257
YPL159C,YFL026W,0,-2.9996114,0.011173184029757977,0.0020000000949949026,0.01769999973475933
YNL112W,YLR034C,0,-3.0009491,0.011111111380159855,0.0020000000949949026,0.017799999564886093
YOR113W,YDR046C,0,-3.0037594,0.01104972418397665,0.0020000000949949026,0.017899999395012856
YBL011W,YEL057C,0,-3.0041451,0.010989011265337467,0.0020000000949949026,0.017999999225139618
YGL241W,YHR157W,0,-3.007124,0.01092896144837141,0.0020000000949949026,0.01810000091791153
YBR092C,YOL105C,0,-3.0073733,0.010869565419852734,0.0020000000949949026,0.018200000748038292
YBR244W,YPL144W,0,-3.0084813,0.010810811072587967,0.0020000000949949026,0.018300000578165054
YMR198W,YCL062W,0,-3.011471,0.01075268816202879,0.0020000000949949026,0.018400000408291817
YGL113W,YGR111W,0,-3.011517,0.010695187374949455,0.0020000000949949026,0.01850000023841858
YFL014W,YPL042C,0,-3.0118217,0.010638297535479069,0.0020000000949949026,0.01860000006854534
YPL131W,YGL169W,0,-3.0144753,0.010582010261714458,0.0020000000949949026,0.018699999898672104
YDR171W,YNL332W,0,-3.0175714,0.010526316240429878,0.0020000000949949026,0.018799999728798866
YPR119W,YOL026C,0,-3.0185246,0.010471204295754433,0.0020000000949949026,0.01889999955892563
YLR189C,YPR030W,0,-3.0185385,0.010416666977107525,0.0020000000949949026,0.01899999938905239
YOL109W,YKL088W,0,-3.0195513,0.010362694039940834,0.0020000000949949026,0.019099999219179153
YDL024C,YDR028C,0,-3.0203645,0.010309278033673763,0.0020000000949949026,0.019200000911951065
YFR024C,YMR305C,0,-3.0220904,0.010256410576403141,0.0020000000949949026,0.019300000742077827
YHR094C,YER022W,0,-3.0237355,0.010204081423580647,0.0020000000949949026,0.01940000057220459
YHR157W,YGL048C,0,-3.0251374,0.010152284055948257,0.0020000000949949026,0.019500000402331352
YGL089C,YNL186W,0,-3.0260906,0.010101010091602802,0.0020000000949949026,0.019600000232458115
YHR085W,YEL065W,0,-3.029856,0.01005025114864111,0.0020000000949949026,0.019700000062584877
YNR075W,YDR131C,0,-3.030599,0.009999999776482582,0.0020000000949949026,0.01979999989271164
YER014C-A,YNL293W,0,-3.033536,0.009950248524546623,0.0020000000949949026,0.019899999722838402
YLR340W,YNL311C,0,-3.0342393,0.009900989942252636,0.0020000000949949026,0.019999999552965164
YER045C,YPL202C,1,-3.035511,0.014778325334191322,0.003000000026077032,0.019999999552965164
YGR268C,YNL053W,0,-3.0367243,0.014705882407724857,0.003000000026077032,0.020099999383091927
YPL231W,YKL201C,0,-3.0392764,0.014634146355092525,0.003000000026077032,0.02019999921321869
YPR198W,YIL017W,0,-3.0414233,0.014563106931746006,0.003000000026077032,0.0203000009059906
YDR153C,YFL018W-A,0,-3.041749,0.014492753893136978,0.003000000026077032,0.020400000736117363
YIL128W,YML131W,0,-3.0443563,0.014423076994717121,0.003000000026077032,0.020500000566244125
YBL005W-B,YBR284W,0,-3.0449417,0.014354066923260689,0.003000000026077032,0.020600000396370888
YLL026W,YNL045W,0,-3.0456018,0.014285714365541935,0.003000000026077032,0.02070000022649765
YER087C-A,YDR306C,0,-3.045629,0.014218009077012539,0.003000000026077032,0.020800000056624413
YGL195W,YNL210W,0,-3.0462432,0.014150943607091904,0.003000000026077032,0.020899999886751175
YBR040W,YDR259C,0,-3.0484495,0.014084506779909134,0.003000000026077032,0.020999999716877937
YGR070W,YLR035C-A,0,-3.050301,0.014018691144883633,0.003000000026077032,0.0210999995470047
YGR218W,YFL011W,0,-3.0533693,0.013953488320112228,0.003000000026077032,0.021199999377131462
YBL013W,YOL040C,0,-3.054277,0.013888888992369175,0.003000000026077032,0.021299999207258224
YGR007W,YGR122W,0,-3.0545952,0.0138248847797513,0.003000000026077032,0.021400000900030136
YMR015C,YPL096W,0,-3.054804,0.013761468231678009,0.003000000026077032,0.0215000007301569
YOR182C,YGR161C,0,-3.0553014,0.013698630034923553,0.003000000026077032,0.02160000056028366
YLL008W,YHR206W,0,-3.0562978,0.013636363670229912,0.003000000026077032,0.021700000390410423
YBR212W,YOR008C-A,0,-3.0564513,0.013574660755693913,0.003000000026077032,0.021800000220537186
YMR255W,YDR170W-A,0,-3.0578148,0.013513513840734959,0.003000000026077032,0.021900000050663948
YFL008W,YDL038C,0,-3.057838,0.013452914543449879,0.003000000026077032,0.02199999988079071
YOR237W,YNL154C,0,-3.0594323,0.013392857275903225,0.003000000026077032,0.022099999710917473
YER045C,YGR246C,1,-3.0603275,0.017777778208255768,0.004000000189989805,0.022099999710917473
YJL021C,YNL064C,0,-3.0603526,0.017699114978313446,0.004000000189989805,0.022199999541044235
YGR030C,YCL005W-A,0,-3.0604525,0.017621144652366638,0.004000000189989805,0.022299999371170998
YGR246C,YOL067C,1,-3.0625124,0.021929824724793434,0.004999999888241291,0.022299999371170998
YJL021C,YNL167C,0,-3.0631285,0.021834060549736023,0.004999999888241291,0.02239999920129776
YMR246W,YNR049C,0,-3.0639558,0.021739130839705467,0.004999999888241291,0.02250000089406967
YGL053W,YGL039W,0,-3.0653648,0.021645022556185722,0.004999999888241291,0.022600000724196434
YIL079C,YBR162C,0,-3.0655942,0.021551724523305893,0.004999999888241291,0.022700000554323196
YJR150C,YHR056C,0,-3.065744,0.021459227427840233,0.004999999888241291,0.02280000038444996
YNR075W,YMR087W,0,-3.06636,0.021367521956562996,0.004999999888241291,0.02290000021457672
YER167W,YDR170W-A,0,-3.0663915,0.021276595070958138,0.004999999888241291,0.023000000044703484
YDL227C,YGR251W,0,-3.0681102,0.02118644118309021,0.004999999888241291,0.023099999874830246
YOL095C,YPR158W-B,0,-3.0684414,0.02109704725444317,0.004999999888241291,0.02319999970495701
YKR066C,YLR132C,0,-3.0709305,0.021008403971791267,0.004999999888241291,0.02329999953508377
YGR007W,YLR346C,0,-3.0711424,0.02092050202190876,0.004999999888241291,0.023399999365210533
YBL100W-B,YDR034C-C,0,-3.0720072,0.02083333395421505,0.004999999888241291,0.023499999195337296
YGL089C,YOR004W,0,-3.072577,0.02074688859283924,0.004999999888241291,0.023600000888109207
YNR007C,YKL086W,0,-3.0729384,0.020661156624555588,0.004999999888241291,0.02370000071823597
YMR246W,YGR099W,0,-3.0730107,0.020576132461428642,0.004999999888241291,0.023800000548362732
YGL017W,YBR090C-A,0,-3.0730608,0.02049180306494236,0.004999999888241291,0.023900000378489494
YHR200W,YNL247W,0,-3.0749629,0.020408162847161293,0.004999999888241291,0.024000000208616257
YOR330C,YGR008C,0,-3.075397,0.020325202494859695,0.004999999888241291,0.02410000003874302
YLR233C,YKL075C,0,-3.0755131,0.02024291455745697,0.004999999888241291,0.02419999986886978
YPR161C,YOL103W-B,0,-3.0765533,0.02016128972172737,0.004999999888241291,0.024299999698996544
YJR135W-A,YLR132C,0,-3.0770278,0.0200803205370903,0.004999999888241291,0.024399999529123306
YKR035W-A,YJR141W,0,-3.0771337,0.019999999552965164,0.004999999888241291,0.02449999935925007
YBR043C,YLR312C-B,0,-3.078328,0.019920319318771362,0.004999999888241291,0.02459999918937683
YHR175W,YDL024C,0,-3.078783,0.01984127052128315,0.004999999888241291,0.024700000882148743
YBL071W-A,YFR024C,0,-3.0789468,0.01976284570991993,0.004999999888241291,0.024800000712275505
YOR120W,YLR312C-B,0,-3.0793023,0.019685039296746254,0.004999999888241291,0.024900000542402267
YNL327W,YGL033W,0,-3.0795774,0.019607843831181526,0.004999999888241291,0.02500000037252903
YBL078C,YPL275W,0,-3.0796704,0.01953125,0.004999999888241291,0.025100000202655792
YHR124W,YOR148C,0,-3.080287,0.019455252215266228,0.004999999888241291,0.025200000032782555
YBR121C,YNL046W,0,-3.0823455,0.01937984488904476,0.004999999888241291,0.025299999862909317
YPR049C,YCR058C,0,-3.0824988,0.019305018708109856,0.004999999888241291,0.02539999969303608
YDL024C,YBR090C-A,0,-3.082508,0.01923076994717121,0.004999999888241291,0.025499999523162842
YCL062W,YNL160W,0,-3.0831218,0.019157087430357933,0.004999999888241291,0.025599999353289604
YPR081C,YER087C-A,0,-3.0834231,0.019083969295024872,0.004999999888241291,0.025699999183416367
YDR363W-A,YNL284C-B,0,-3.0836847,0.01901140622794628,0.004999999888241291,0.025800000876188278
YDR034C-C,YOR343W-A,0,-3.084665,0.018939394503831863,0.004999999888241291,0.02590000070631504
YHR096C,YDR170W-A,0,-3.0847907,0.01886792480945587,0.004999999888241291,0.026000000536441803
YIL017W,YIL063C,0,-3.0859923,0.01879699155688286,0.004999999888241291,0.026100000366568565
YPR006C,YIL080W,0,-3.0871656,0.018726591020822525,0.004999999888241291,0.026200000196695328
YPR065W,YIL052C,0,-3.0878377,0.018656715750694275,0.004999999888241291,0.02630000002682209
YJR119C,YAL068C,0,-3.0886059,0.01858736015856266,0.004999999888241291,0.026399999856948853
YDR170W-A,YKL088W,0,-3.089139,0.018518518656492233,0.004999999888241291,0.026499999687075615
YER031C,YDR306C,0,-3.0912013,0.018450183793902397,0.004999999888241291,0.026599999517202377
YGR161C,YDR261C-D,0,-3.0912318,0.018382353708148003,0.004999999888241291,0.02669999934732914
YER029C,YCL062W,0,-3.0915189,0.018315019086003304,0.004999999888241291,0.026799999177455902
YPL178W,YIL017W,0,-3.0925136,0.018248174339532852,0.004999999888241291,0.026900000870227814
YJL157C,YIL167W,0,-3.0926325,0.0181818176060915,0.004999999888241291,0.027000000700354576
YBR201W,YCL062W,0,-3.0930061,0.018115941435098648,0.004999999888241291,0.02710000053048134
YML042W,YPR158C-D,0,-3.0932822,0.018050542101264,0.004999999888241291,0.0272000003606081
YLR303W,YMR059W,0,-3.0936692,0.017985612154006958,0.004999999888241291,0.027300000190734863
YOR014W,YDR210C-D,0,-3.0946786,0.017921147868037224,0.004999999888241291,0.027400000020861626
YJL116C,YDR487C,0,-3.0946808,0.01785714365541935,0.004999999888241291,0.027499999850988388
YOR143C,YNL284C-B,0,-3.0969963,0.017793593928217888,0.004999999888241291,0.02759999968111515
YCR063W,YCL040W,0,-3.0974522,0.01773049682378769,0.004999999888241291,0.027699999511241913
YMR172W,YML131W,0,-3.0977385,0.017667844891548157,0.004999999888241291,0.027799999341368675
YKL172W,YGR161W-A,0,-3.0978582,0.017605634406208992,0.004999999888241291,0.027899999171495438
YBR132C,YOL103W-B,0,-3.098066,0.017543859779834747,0.004999999888241291,0.02800000086426735
YPR009W,YFL002W-B,0,-3.0991654,0.017482517287135124,0.004999999888241291,0.02810000069439411
YJL127C,YOL103W-A,0,-3.09973,0.017421603202819824,0.004999999888241291,0.028200000524520874
YIL063C,YPR158C-D,0,-3.1002502,0.0173611119389534,0.004999999888241291,0.028300000354647636
YLR116W,YLR410W-B,0,-3.100547,0.017301037907600403,0.004999999888241291,0.0284000001847744
YJR119C,YDR261W-A,0,-3.1005623,0.017241379246115685,0.004999999888241291,0.02850000001490116
YER038C,YOL090W,0,-3.1008518,0.017182130366563797,0.004999999888241291,0.028599999845027924
YJL170C,YGR109W-B,0,-3.1013494,0.017123287543654442,0.004999999888241291,0.028699999675154686
YHR102W,YLR410W-B,0,-3.1015277,0.01706484705209732,0.004999999888241291,0.02879999950528145
YBL088C,YDR261W-A,0,-3.1015723,0.017006803303956985,0.004999999888241291,0.02889999933540821
YPL137C,YOR343W-B,0,-3.1023746,0.016949152573943138,0.004999999888241291,0.028999999165534973
YJL021C,YOL148C,0,-3.1035535,0.01689189113676548,0.004999999888241291,0.029100000858306885
YDR013W,YPL060C-A,0,-3.10389,0.016835017129778862,0.004999999888241291,0.029200000688433647
YML051W,YOL103W-B,0,-3.1042912,0.016778523102402687,0.004999999888241291,0.02930000051856041
YNL186W,YMR087W,0,-3.1045997,0.016722407191991806,0.004999999888241291,0.029400000348687172
YJL021C,YMR112C,0,-3.1050892,0.01666666753590107,0.004999999888241291,0.029500000178813934
YMR043W,YOR343W-A,0,-3.1053312,0.016611294820904732,0.004999999888241291,0.029600000008940697
YLR079W,YOR343W-A,0,-3.105747,0.01655629090964794,0.004999999888241291,0.02969999983906746
YAR002W,YLR410W-B,0,-3.1060295,0.01650165021419525,0.004999999888241291,0.02979999966919422
YDL194W,YDR170W-A,0,-3.1062717,0.016447369009256363,0.004999999888241291,0.029899999499320984
YNL012W,YDR316W-A,0,-3.1067872,0.016393441706895828,0.004999999888241291,0.029999999329447746
YDR343C,YAL010C,0,-3.1069531,0.016339870169758797,0.004999999888241291,0.03009999915957451
YPL164C,YDR034C-D,0,-3.1070545,0.016286645084619522,0.004999999888241291,0.03020000085234642
YJL012C-A,YPR024W,0,-3.107346,0.016233766451478004,0.004999999888241291,0.030300000682473183
YGL043W,YCL062W,0,-3.1077135,0.016181230545043945,0.004999999888241291,0.030400000512599945
YHR099W,YLR256W-A,0,-3.108035,0.016129031777381897,0.004999999888241291,0.030500000342726707
YBR087W,YJL012C-A,0,-3.108055,0.01607717014849186,0.004999999888241291,0.03060000017285347
YPL221W,YML033W,0,-3.1082625,0.016025641933083534,0.004999999888241291,0.030700000002980232
YAL042W,YOR008C-A,0,-3.1087527,0.015974441543221474,0.004999999888241291,0.030799999833106995
YER044C-A,YMR239C,0,-3.1095896,0.01592356711626053,0.004999999888241291,0.030899999663233757
YJR022W,YCL003W,0,-3.1098042,0.01587301678955555,0.004999999888241291,0.03099999949336052
YNL282W,YPR137C-A,0,-3.1098921,0.01582278497517109,0.004999999888241291,0.031099999323487282
YER146W,YNL054W-B,0,-3.110026,0.015772869810461998,0.004999999888241291,0.031199999153614044
YCR039C,YFL002W-B,0,-3.1106796,0.015723271295428276,0.004999999888241291,0.031300000846385956
YLR391W,YGR152C,0,-3.1108646,0.015673981979489326,0.004999999888241291,0.03139999881386757
YML021C,YHL009W-B,0,-3.1117642,0.015625,0.004999999888241291,0.03150000050663948
YPR176C,YDR098C-A,0,-3.112492,0.015576324425637722,0.004999999888241291,0.031599998474121094
YGR179C,YNL054W-A,0,-3.1125665,0.01552795059978962,0.004999999888241291,0.031700000166893005
YLR265C,YHR214C-C,0,-3.1126409,0.015479875728487968,0.004999999888241291,0.03180000185966492
YJL210W,YDR170W-A,0,-3.1126618,0.015432098880410194,0.004999999888241291,0.03189999982714653
YFR024C,YGR231C,0,-3.1128116,0.015384615398943424,0.004999999888241291,0.03200000151991844
YBL084C,YPR158C-D,0,-3.1130567,0.015337423421442509,0.004999999888241291,0.032099999487400055
YKL070W,YLR227W-B,0,-3.1131015,0.015290520153939724,0.004999999888241291,0.03220000118017197
YNL047C,YDR034C-D,0,-3.1131458,0.015243902802467346,0.004999999888241291,0.03229999914765358
YKL085W,YJL012C-A,0,-3.1131897,0.015197568573057652,0.004999999888241291,0.03240000084042549
YIL009C-A,YIL082W-A,0,-3.1131902,0.01515151560306549,0.004999999888241291,0.032499998807907104
YGL075C,YEL060C,0,-3.1132634,0.015105740167200565,0.004999999888241291,0.032600000500679016
YLR295C,YFR053C,0,-3.113491,0.0150602413341403,0.004999999888241291,0.03269999846816063
YCR012W,YCL062W,0,-3.1138144,0.015015015378594398,0.004999999888241291,0.03280000016093254
YER062C,YLR362W,0,-3.1139207,0.014970059506595135,0.004999999888241291,0.03290000185370445
YOR120W,YOR343W-A,0,-3.1142898,0.014925372786819935,0.004999999888241291,0.032999999821186066
YDR356W,YDR261W-B,0,-3.1146016,0.014880952425301075,0.004999999888241291,0.03310000151395798
YER025W,YPR137C-A,0,-3.1146169,0.014836795628070831,0.004999999888241291,0.03319999948143959
YBL052C,YDR261W-B,0,-3.1147206,0.01479289960116148,0.004999999888241291,0.0333000011742115
YMR164C,YFL002W-B,0,-3.1147654,0.014749262481927872,0.004999999888241291,0.033399999141693115
YER126C,YER159C-A,0,-3.1148248,0.014705882407724857,0.004999999888241291,0.03350000083446503
YDR244W,YBL100W-B,0,-3.1151075,0.014662756584584713,0.004999999888241291,0.03359999880194664
YER183C,YGL210W-A,0,-3.1151524,0.01461988314986229,0.004999999888241291,0.03370000049471855
YGL089C,YDR034C-D,0,-3.1151738,0.014577259309589863,0.004999999888241291,0.033799998462200165
YNL298W,YLR256W-A,0,-3.115263,0.014534884132444859,0.004999999888241291,0.033900000154972076
YML073C,YPR158C-C,0,-3.1152925,0.014492753893136978,0.004999999888241291,0.03400000184774399
YDR011W,YDR261W-A,0,-3.1155527,0.014450866729021072,0.004999999888241291,0.0340999998152256
YJL073W,YOR343W-B,0,-3.1155896,0.014409221708774567,0.004999999888241291,0.03420000150799751
YBR284W,YPR158W-B,0,-3.115612,0.014367816038429737,0.004999999888241291,0.034299999475479126
YNL064C,YER159C-A,0,-3.115664,0.014326647855341434,0.004999999888241291,0.03440000116825104
YJL191W,YHL009W-B,0,-3.115961,0.014285714365541935,0.004999999888241291,0.03449999913573265
YML021C,YOL103W-A,0,-3.1162434,0.014245014637708664,0.004999999888241291,0.03460000082850456
YJR156C,YGR027W-B,0,-3.1162734,0.014204545877873898,0.004999999888241291,0.034699998795986176
YML023C,YOL103W-A,0,-3.1162953,0.014164306223392487,0.004999999888241291,0.03480000048875809
YJL021C,YBR127C,0,-3.1163387,0.014124293811619282,0.004999999888241291,0.0348999984562397
YML128C,YGR211W,0,-3.1164117,0.014084506779909134,0.004999999888241291,0.03500000014901161
YBR057C,YPR158W-B,0,-3.1164887,0.014044944196939468,0.004999999888241291,0.035100001841783524
YDR485C,YDR034C-D,0,-3.1165407,0.014005602337419987,0.004999999888241291,0.03519999980926514
YHR075C,YPR158W-B,0,-3.1165705,0.013966480270028114,0.004999999888241291,0.03530000150203705
YLR105C,YFL018W-A,0,-3.1167355,0.013927577063441277,0.004999999888241291,0.03539999946951866
YMR128W,YDR213W,0,-3.1168225,0.013888888992369175,0.004999999888241291,0.03550000116229057
YPL093W,YCR058C,0,-3.1168633,0.013850415125489235,0.004999999888241291,0.035599999129772186
YGR252W,YNL284C-B,0,-3.1169715,0.013812154531478882,0.004999999888241291,0.0357000008225441
YOL008W,YBR284W,0,-3.1170025,0.013774104416370392,0.004999999888241291,0.03579999879002571
YGR134W,YLR410W-B,0,-3.1171274,0.01373626384884119,0.004999999888241291,0.03590000048279762
YCR058C,YNL330C,0,-3.1171799,0.013698630034923553,0.004999999888241291,0.035999998450279236
YAL030W,YOR343W-B,0,-3.1172166,0.013661202043294907,0.004999999888241291,0.03610000014305115
YOR237W,YDR261C-D,0,-3.117395,0.0136239780113101,0.004999999888241291,0.03620000183582306
YBR039W,YDR261C-D,0,-3.117447,0.013586956076323986,0.004999999888241291,0.03629999980330467
YOR239W,YJL012C-A,0,-3.1177323,0.013550135307013988,0.004999999888241291,0.036400001496076584
YHR123W,YJL012C-A,0,-3.1177716,0.013513513840734959,0.004999999888241291,0.0364999994635582
YPL164C,YLR337W,0,-3.1178098,0.013477088883519173,0.004999999888241291,0.03660000115633011
YLR376C,YOR343W-A,0,-3.118279,0.01344086043536663,0.004999999888241291,0.03669999912381172
YIL062C,YCR058C,0,-3.1183014,0.013404825702309608,0.004999999888241291,0.03680000081658363
YKL081W,YHL009W-B,0,-3.118695,0.013368983753025532,0.004999999888241291,0.03689999878406525
YPR133W-A,YLR132C,0,-3.1188607,0.013333333656191826,0.004999999888241291,0.03700000047683716
YJL133W,YFL002W-B,0,-3.1189399,0.013297872617840767,0.004999999888241291,0.03709999844431877
YDR492W,YBR012W-B,0,-3.1189985,0.01326259970664978,0.004999999888241291,0.03720000013709068
YPR125W,YDR261W-A,0,-3.1190662,0.013227513059973717,0.004999999888241291,0.037300001829862595
YJL042W,YNL054W-B,0,-3.119148,0.013192611746490002,0.004999999888241291,0.03739999979734421
YJL018W,YLR196W,0,-3.1191652,0.01315789483487606,0.004999999888241291,0.03750000149011612
YMR067C,YDR170W-A,0,-3.1192703,0.01312335953116417,0.004999999888241291,0.03759999945759773
YKR079C,YHR214C-C,0,-3.119289,0.013089004904031754,0.004999999888241291,0.037700001150369644
YJR135C,YGL210W-A,0,-3.119299,0.013054830022156239,0.004999999888241291,0.03779999911785126
YJR126C,YPR158W-B,0,-3.1196012,0.013020833022892475,0.004999999888241291,0.03790000081062317
YOR321W,YGR161W-B,0,-3.1198092,0.012987012974917889,0.004999999888241291,0.03799999877810478
YLR242C,YDR210C-D,0,-3.1198685,0.01295336801558733,0.004999999888241291,0.038100000470876694
YJL110C,YDR034C-D,0,-3.1198835,0.01291989628225565,0.004999999888241291,0.03819999843835831
YPR101W,YGR161W-B,0,-3.1198907,0.012886597774922848,0.004999999888241291,0.03830000013113022
YJL010C,YPR158W-B,0,-3.1199205,0.012853470630943775,0.004999999888241291,0.03840000182390213
YCL060C,YNL304W,0,-3.1199327,0.012820512987673283,0.004999999888241291,0.03849999979138374
YOR063W,YPL060C-A,0,-3.1199577,0.012787723913788795,0.004999999888241291,0.038600001484155655
YDR146C,YPR158C-C,0,-3.1199725,0.012755102477967739,0.004999999888241291,0.03869999945163727
YPL231W,YDR306C,0,-3.1199906,0.01272264588624239,0.004999999888241291,0.03880000114440918
YKL149C,YGR109W-B,0,-3.1201806,0.012690355069935322,0.004999999888241291,0.03889999911189079
YGL119W,YJL012C-A,0,-3.1201956,0.012658228166401386,0.004999999888241291,0.039000000804662704
YDR404C,YLR256W-A,0,-3.120537,0.01262626238167286,0.004999999888241291,0.03909999877214432
YFR047C,YFL014W,0,-3.1206563,0.012594458647072315,0.004999999888241291,0.03920000046491623
YIL135C,YDR365W-A,0,-3.1208935,0.01256281416863203,0.004999999888241291,0.03929999843239784
YER075C,YDR261C-D,0,-3.1210349,0.01253132801502943,0.004999999888241291,0.039400000125169754
YDL174C,YCR055C,0,-3.1211035,0.012500000186264515,0.004999999888241291,0.039500001817941666
YLR023C,YDR098C-A,0,-3.1212873,0.01246882788836956,0.004999999888241291,0.03959999978542328
YAL012W,YHR079C-B,0,-3.1213226,0.012437811121344566,0.004999999888241291,0.03970000147819519
YJR002W,YDR210C-C,0,-3.1213841,0.012406948022544384,0.004999999888241291,0.039799999445676804
YKL002W,YCL060C,0,-3.1214013,0.012376237660646439,0.004999999888241291,0.039900001138448715
YEL034W,YER159C-A,0,-3.121488,0.012345679104328156,0.004999999888241291,0.03999999910593033
YGR089W,YOL004W,0,-3.1215425,0.012315270490944386,0.004999999888241291,0.04010000079870224
YDR508C,YNL054W-B,0,-3.1216812,0.012285011820495129,0.004999999888241291,0.04019999876618385
YMR135C,YHR079C-B,0,-3.1219018,0.01225490216165781,0.004999999888241291,0.040300000458955765
YGR217W,YDR210C-D,0,-3.121904,0.012224938720464706,0.004999999888241291,0.04039999842643738
YDR395W,YDR210C-C,0,-3.1219633,0.012195121496915817,0.004999999888241291,0.04050000011920929
YOR063W,YDR210C-C,0,-3.122045,0.012165450491011143,0.004999999888241291,0.0406000018119812
YOR239W,YGR161W-A,0,-3.1220598,0.012135921977460384,0.004999999888241291,0.040699999779462814
YGR179C,YDR261W-B,0,-3.1221714,0.012106537818908691,0.004999999888241291,0.040800001472234726
YNL110C,YDR261W-B,0,-3.1221788,0.012077294290065765,0.004999999888241291,0.04089999943971634
YJR042W,YDR098C-A,0,-3.122253,0.012048192322254181,0.004999999888241291,0.04100000113248825
YLR229C,YGL046W,0,-3.1224809,0.012019230984151363,0.004999999888241291,0.041099999099969864
YML005W,YDR210C-C,0,-3.1225653,0.011990407481789589,0.004999999888241291,0.041200000792741776
YCL060C,YDR308C,0,-3.1225734,0.011961722746491432,0.004999999888241291,0.04129999876022339
YBR100W,YGR091W,0,-3.1227126,0.01193317398428917,0.004999999888241291,0.0414000004529953
YCR077C,YDR261C-D,0,-3.1227694,0.011904762126505375,0.004999999888241291,0.04149999842047691
YHL020C,YGR161W-A,0,-3.1227806,0.011876484379172325,0.004999999888241291,0.041600000113248825
YDL035C,YDL038C,0,-3.1228356,0.011848341673612595,0.004999999888241291,0.04170000180602074
YFL008W,YHR214C-C,0,-3.122851,0.01182033121585846,0.004999999888241291,0.04179999977350235
YMR127C,YHR020W,0,-3.12303,0.01179245300590992,0.004999999888241291,0.04190000146627426
YJR102C,YNL284C-B,0,-3.1230443,0.0117647061124444,0.004999999888241291,0.041999999433755875
YGR098C,YGR109W-B,0,-3.1231112,0.011737089604139328,0.004999999888241291,0.042100001126527786
YDR243C,YNL247W,0,-3.123139,0.011709601618349552,0.004999999888241291,0.0421999990940094
YDL223C,YGR161W-B,0,-3.1233082,0.011682243086397648,0.004999999888241291,0.04230000078678131
YCL027W,YOR267C,0,-3.1233678,0.011655011214315891,0.004999999888241291,0.042399998754262924
YGR278W,YNL284C-B,0,-3.123468,0.011627906933426857,0.004999999888241291,0.042500000447034836
YGR078C,YER159C-A,0,-3.1237166,0.011600928381085396,0.004999999888241291,0.04259999841451645
YNL163C,YDR316W-A,0,-3.1240878,0.011574073694646358,0.004999999888241291,0.04270000010728836
YDR498C,YNL054W-A,0,-3.1243181,0.01154734380543232,0.004999999888241291,0.04280000180006027
YMR079W,YDR210C-C,0,-3.1244407,0.011520737782120705,0.004999999888241291,0.042899999767541885
YGR159C,YGL243W,0,-3.1245925,0.01149425283074379,0.004999999888241291,0.0430000014603138
YHR169W,YJL222W,0,-3.1247547,0.01146788988262415,0.004999999888241291,0.04309999942779541
YDL232W,YER159C-A,0,-3.124946,0.011441648006439209,0.004999999888241291,0.04320000112056732
YDR212W,YDR316W-A,0,-3.1250203,0.01141552533954382,0.004999999888241291,0.043299999088048935
YOL001W,YFL002W-B,0,-3.1250834,0.01138952188193798,0.004999999888241291,0.04340000078082085
YJL054W,YDR034C-D,0,-3.1251316,0.011363636702299118,0.004999999888241291,0.04349999874830246
YNL008C,YLR227W-B,0,-3.1251762,0.011337868869304657,0.004999999888241291,0.04360000044107437
YHL003C,YLR312C-B,0,-3.1255274,0.011312217451632023,0.004999999888241291,0.043699998408555984
YGR206W,YLR410W-B,0,-3.1255589,0.011286681517958641,0.004999999888241291,0.043800000101327896
YBR200W,YLR227W-B,0,-3.1256032,0.011261261068284512,0.004999999888241291,0.04390000179409981
YKR009C,YLR410W-B,0,-3.125633,0.01123595517128706,0.004999999888241291,0.04399999976158142
YDR479C,YLR256W-A,0,-3.1258373,0.011210761964321136,0.004999999888241291,0.04410000145435333
YGL071W,YLR410W-B,0,-3.1259599,0.011185682378709316,0.004999999888241291,0.044199999421834946
YJL010C,YLR410W-B,0,-3.126038,0.01116071455180645,0.004999999888241291,0.04430000111460686
YJL012C-A,YML038C,0,-3.1261437,0.011135857552289963,0.004999999888241291,0.04439999908208847
YLR423C,YLR256W-A,0,-3.1261716,0.011111111380159855,0.004999999888241291,0.04450000077486038
YML120C,YCR080W,0,-3.1262825,0.011086474172770977,0.004999999888241291,0.044599998742341995
YCR031C,YDR210C-C,0,-3.126424,0.011061946861445904,0.004999999888241291,0.04470000043511391
YJR053W,YDR545W,0,-3.1264296,0.011037527583539486,0.004999999888241291,0.04479999840259552
YNR030W,YDR261W-A,0,-3.1264389,0.011013215407729149,0.004999999888241291,0.04490000009536743
YKR035W-A,YDR034C-D,0,-3.126495,0.010989011265337467,0.004999999888241291,0.04500000178813934
YIL095W,YCR080W,0,-3.1265473,0.010964912362396717,0.004999999888241291,0.045099999755620956
YDR437W,YDR004W,0,-3.1266007,0.010940918698906898,0.004999999888241291,0.04520000144839287
YGR088W,YLR035C-A,0,-3.1269495,0.010917030274868011,0.004999999888241291,0.04529999941587448
YGR029W,YFL018W-A,0,-3.1271029,0.010893246158957481,0.004999999888241291,0.04540000110864639
YOR180C,YOR343W-A,0,-3.1271095,0.010869565419852734,0.004999999888241291,0.045499999076128006
YIR041W,YPL041C,0,-3.1271589,0.010845987126231194,0.004999999888241291,0.04560000076889992
YMR231W,YPR158C-C,0,-3.1272006,0.010822511278092861,0.004999999888241291,0.04569999873638153
YPL124W,YDR210C-C,0,-3.1272192,0.010799136012792587,0.004999999888241291,0.04580000042915344
YLR284C,YCL060C,0,-3.127287,0.010775862261652946,0.004999999888241291,0.045899998396635056
YAR044W,YPL033C,0,-3.1274114,0.01075268816202879,0.004999999888241291,0.04600000008940697
YJL021C,YOL093W,0,-3.1275263,0.010729613713920116,0.004999999888241291,0.04610000178217888
YHR166C,YCL060C,0,-3.1275375,0.010706637986004353,0.004999999888241291,0.04619999974966049
YMR177W,YPR158W-B,0,-3.1278043,0.010683760978281498,0.004999999888241291,0.046300001442432404
YKL205W,YOL103W-A,0,-3.1278486,0.010660980828106403,0.004999999888241291,0.04639999940991402
YBL056W,YNL054W-A,0,-3.1279044,0.010638297535479069,0.004999999888241291,0.04650000110268593
YBR158W,YPR158W-A,0,-3.1280212,0.010615711100399494,0.004999999888241291,0.04659999907016754
YLR284C,YGR027W-B,0,-3.128051,0.010593220591545105,0.004999999888241291,0.04670000076293945
YGL014W,YDR365W-A,0,-3.1280642,0.010570824146270752,0.004999999888241291,0.046799998730421066
YDR214W,YGR027W-A,0,-3.128309,0.010548523627221584,0.004999999888241291,0.04690000042319298
YBL013W,YJL018W,0,-3.128312,0.010526316240429878,0.004999999888241291,0.04699999839067459
YNL227C,YPR158W-B,0,-3.1284661,0.010504201985895634,0.004999999888241291,0.0471000000834465
YFR021W,YPR158W-B,0,-3.1285849,0.010482179932296276,0.004999999888241291,0.047200001776218414
YBR288C,YML033W,0,-3.1287308,0.01046025101095438,0.004999999888241291,0.04729999974370003
YDR316W-A,YKL075C,0,-3.1287446,0.010438413359224796,0.004999999888241291,0.04740000143647194
YNL261W,YLR227W-B,0,-3.1288645,0.010416666977107525,0.004999999888241291,0.04749999940395355
YCL063W,YOR343W-B,0,-3.12887,0.010395010001957417,0.004999999888241291,0.047600001096725464
YBR250W,YOR008C-A,0,-3.1289852,0.01037344429641962,0.004999999888241291,0.04769999906420708
YKL149C,YLR337W,0,-3.1290092,0.010351967066526413,0.004999999888241291,0.04780000075697899
YGR003W,YCR062W,0,-3.1291075,0.010330578312277794,0.004999999888241291,0.0478999987244606
YCL003W,YLR426W,0,-3.1291254,0.010309278033673763,0.004999999888241291,0.04800000041723251
YJL018W,YCR062W,0,-3.129127,0.010288066230714321,0.004999999888241291,0.04809999838471413
YGR038W,YCR062W,0,-3.1291695,0.010266940109431744,0.004999999888241291,0.04820000007748604
YDR381W,YNL054W-A,0,-3.1291885,0.01024590153247118,0.004999999888241291,0.04830000177025795
YBL056W,YGR027W-A,0,-3.1292806,0.010224948637187481,0.004999999888241291,0.04839999973773956
YLR170C,YER159C-A,0,-3.1292915,0.010204081423580647,0.004999999888241291,0.048500001430511475
YNL064C,YEL057C,0,-3.1293454,0.010183298960328102,0.004999999888241291,0.04859999939799309
YJR040W,YFL002W-B,0,-3.1296988,0.010162601247429848,0.004999999888241291,0.048700001090765
YGR211W,YDR170W-A,0,-3.1297195,0.010141988284885883,0.004999999888241291,0.04879999905824661
YKL195W,YDR261W-B,0,-3.1298285,0.010121457278728485,0.004999999888241291,0.048900000751018524
YJL157C,YCR080W,0,-3.1298683,0.010101010091602802,0.004999999888241291,0.04899999871850014
YOR126C,YNL284C-B,0,-3.129991,0.010080644860863686,0.004999999888241291,0.04910000041127205
YOR195W,YGR027W-B,0,-3.1300492,0.01006036251783371,0.004999999888241291,0.04919999837875366
YLR312C-B,YBR165W,0,-3.1301801,0.01004016026854515,0.004999999888241291,0.049300000071525574
YBL101W-A,YOR305W,0,-3.1302462,0.010020039975643158,0.004999999888241291,0.049400001764297485
YDR014W-A,YGR244C,0,-3.1302462,0.009999999776482582,0.004999999888241291,0.0494999997317791
YBR020W,YBL101W-A,0,-3.1302462,0.009980039671063423,0.004999999888241291,0.04960000142455101
YDR208W,YPR158W-B,0,-3.1302462,0.009960159659385681,0.004999999888241291,0.04969999939203262
YBL006C,YLR157C-A,0,-3.1302462,0.009940357878804207,0.004999999888241291,0.049800001084804535
YLL061W,YDR210W-C,0,-3.1302462,0.009920635260641575,0.004999999888241291,0.04989999905228615
YMR312W,YML045W-A,0,-3.1302462,0.009900989942252636,0.004999999888241291,0.05000000074505806
YMR133W,YDR210W-D,0,-3.1302462,0.009881422854959965,0.004999999888241291,0.05009999871253967
YLR391W,YLR035C-A,0,-3.1302462,0.009861933067440987,0.004999999888241291,0.050200000405311584
YDL227C,YDR261W-B,0,-3.1302462,0.009842519648373127,0.004999999888241291,0.0502999983727932
YML126C,YOR343C-B,0,-3.1302462,0.009823182597756386,0.004999999888241291,0.05040000006556511
YAR035W,YHL009W-A,0,-3.1302462,0.009803921915590763,0.004999999888241291,0.05050000175833702
YLR170C,YLR157C-A,0,-3.1302462,0.00978473573923111,0.004999999888241291,0.050599999725818634
YJR105W,YOR343C-B,0,-3.1302462,0.009765625,0.004999999888241291,0.050700001418590546
YOR123C,YBL101W-A,0,-3.1302462,0.00974658876657486,0.004999999888241291,0.05079999938607216
YNL286W,YDR210W-C,0,-3.1302462,0.009727626107633114,0.004999999888241291,0.05090000107884407
YGR281W,YGR161W-B,0,-3.1302462,0.009708737954497337,0.004999999888241291,0.050999999046325684
YDR356W,YPR036W-A,0,-3.1302462,0.00968992244452238,0.004999999888241291,0.051100000739097595
YKL089W,YBL101W-A,0,-3.1302462,0.009671179577708244,0.004999999888241291,0.05119999870657921
YCL017C,YHL009W-A,0,-3.1302462,0.009652509354054928,0.004999999888241291,0.05130000039935112
YCR106W,YHL009W-A,0,-3.1302462,0.009633911773562431,0.004999999888241291,0.05139999836683273
YNL284C-A,YPL041C,0,-3.1302462,0.009615384973585606,0.004999999888241291,0.051500000059604645
YFL018W-A,YCR102C,0,-3.1302462,0.00959692895412445,0.004999999888241291,0.051600001752376556
YLL061W,YBL101W-B,0,-3.1302462,0.009578543715178967,0.004999999888241291,0.05169999971985817
YDR256C,YLR157C-A,0,-3.1302462,0.009560229256749153,0.004999999888241291,0.05180000141263008
YKR056W,YOR343C-B,0,-3.1302462,0.009541984647512436,0.004999999888241291,0.051899999380111694
YGR020C,YBL101W-A,0,-3.1302462,0.009523809887468815,0.004999999888241291,0.052000001072883606
YAR044W,YHR214C-C,0,-3.1302462,0.00950570311397314,0.004999999888241291,0.05209999904036522
YJL069C,YML045W-A,0,-3.1302462,0.009487666189670563,0.004999999888241291,0.05220000073313713
YLR216C,YML045W-A,0,-3.1302462,0.009469697251915932,0.004999999888241291,0.052299998700618744
YNL242W,YPR036W-A,0,-3.1302462,0.009451796300709248,0.004999999888241291,0.052400000393390656
YJR052W,YDR210W-D,0,-3.1302462,0.009433962404727936,0.004999999888241291,0.05249999836087227
YBR072W,YLR157C-A,0,-3.1302462,0.009416195563971996,0.004999999888241291,0.05260000005364418
YDR014W-A,YNL085W,0,-3.1302462,0.00939849577844143,0.004999999888241291,0.05270000174641609
YDL181W,YLR157C-A,0,-3.1302462,0.009380863048136234,0.004999999888241291,0.052799999713897705
YLL015W,YDR210W-D,0,-3.1302462,0.009363295510411263,0.004999999888241291,0.05290000140666962
YLR256W,YDR210W-C,0,-3.1302462,0.009345794096589088,0.004999999888241291,0.05299999937415123
YCL044C,YNL284C-A,0,-3.1302462,0.009328357875347137,0.004999999888241291,0.05310000106692314
YOR210W,YBL101W-B,0,-3.1302462,0.00931098684668541,0.004999999888241291,0.053199999034404755
YKL172W,YDR210W-C,0,-3.1302462,0.00929368007928133,0.004999999888241291,0.053300000727176666
YDL166C,YBL101W-A,0,-3.1302462,0.0092764375731349,0.004999999888241291,0.05339999869465828
YGR116W,YPR137C-A,0,-3.1302462,0.009259259328246117,0.004999999888241291,0.05350000038743019
YKL040C,YML045W-A,0,-3.1302462,0.009242144413292408,0.004999999888241291,0.053599998354911804
YDR014W-A,YDR303C,0,-3.1302462,0.009225091896951199,0.004999999888241291,0.053700000047683716
YHR066W,YDR210W-D,0,-3.1302462,0.009208102710545063,0.004999999888241291,0.05380000174045563
YDR091C,YDR210W-D,0,-3.1302462,0.009191176854074001,0.004999999888241291,0.05389999970793724
YNL267W,YML045W-A,0,-3.1302462,0.00917431153357029,0.004999999888241291,0.05400000140070915
YOL044W,YDR261C-D,0,-3.1302462,0.009157509543001652,0.004999999888241291,0.054099999368190765
YDR479C,YML045W-A,0,-3.1302462,0.009140768088400364,0.004999999888241291,0.05420000106096268
YBR015C,YPR036W-A,0,-3.1302462,0.009124087169766426,0.004999999888241291,0.05429999902844429
YMR127C,YHL009W-A,0,-3.1302462,0.009107467718422413,0.004999999888241291,0.0544000007212162
YNL073W,YPR036W-A,0,-3.1302462,0.00909090880304575,0.004999999888241291,0.054499998688697815
YGL245W,YBL101W-A,0,-3.1302462,0.009074410423636436,0.004999999888241291,0.05460000038146973
YLR450W,YGR161W-B,0,-3.1302462,0.009057970717549324,0.004999999888241291,0.05469999834895134
YDL198C,YBL101W-B,0,-3.1302462,0.009041591547429562,0.004999999888241291,0.05480000004172325
YDR140W,YDR210W-D,0,-3.1302462,0.009025271050632,0.004999999888241291,0.05490000173449516
YER083C,YLR157C-A,0,-3.1302462,0.009009009227156639,0.004999999888241291,0.054999999701976776
YBR234C,YBL101W-B,0,-3.1302462,0.008992806077003479,0.004999999888241291,0.05510000139474869
YGL171W,YPR036W-A,0,-3.1302462,0.008976660668849945,0.004999999888241291,0.0551999993622303
YGR225W,YGR027W-B,0,-3.1302462,0.008960573934018612,0.004999999888241291,0.05530000105500221
YDL020C,YPR036W-A,0,-3.1302462,0.00894454400986433,0.004999999888241291,0.055399999022483826
YDR014W-A,YDR143C,0,-3.1302462,0.008928571827709675,0.004999999888241291,0.05550000071525574
YGL244W,YBL101W-A,0,-3.1302462,0.008912655524909496,0.004999999888241291,0.05559999868273735
YIR015W,YDR210W-C,0,-3.1302462,0.008896796964108944,0.004999999888241291,0.05570000037550926
YDL220C,YBL101W-B,0,-3.1302462,0.008880994282662868,0.004999999888241291,0.055799998342990875
YNR002C,YDR210W-C,0,-3.1302462,0.008865248411893845,0.004999999888241291,0.05590000003576279
YBL004W,YBL101W-A,0,-3.1302462,0.008849557489156723,0.004999999888241291,0.0560000017285347
YDR014W-A,YHR102W,0,-3.1302462,0.008833922445774078,0.004999999888241291,0.05609999969601631
YDR261W-B,YML045W-A,0,-3.1302462,0.008818342350423336,0.004999999888241291,0.05620000138878822
YFR028C,YDR210W-D,0,-3.1302462,0.008802817203104496,0.004999999888241291,0.056299999356269836
YPL012W,YDR210W-D,0,-3.1302462,0.008787346072494984,0.004999999888241291,0.05640000104904175
YDR210W-C,YKL070W,0,-3.1302462,0.008771929889917374,0.004999999888241291,0.05649999901652336
YPR201W,YDR210W-D,0,-3.1302462,0.008756567724049091,0.004999999888241291,0.05660000070929527
YPL178W,YBL101W-B,0,-3.1302462,0.008741258643567562,0.004999999888241291,0.056699998676776886
YDR036C,YDR014W-A,0,-3.1302462,0.00872600357979536,0.004999999888241291,0.0568000003695488
YMR309C,YHL009W-A,0,-3.1302462,0.008710801601409912,0.004999999888241291,0.05689999833703041
YBR039W,YDR014W-A,0,-3.1302462,0.008695651777088642,0.004999999888241291,0.05700000002980232
YDR014W-A,YNR043W,0,-3.1302462,0.0086805559694767,0.004999999888241291,0.057100001722574234
YLR090W,YNL284C-A,0,-3.1302462,0.008665511384606361,0.004999999888241291,0.05719999969005585
YPR162C,YNL284C-A,0,-3.1302462,0.008650518953800201,0.004999999888241291,0.05730000138282776
YGR249W,YNL284C-A,0,-3.1302462,0.00863557867705822,0.004999999888241291,0.05739999935030937
YCR058C,YDR306C,0,-3.1302462,0.008620689623057842,0.004999999888241291,0.057500001043081284
YML046W,YPR036W-A,0,-3.1302462,0.008605851791799068,0.004999999888241291,0.0575999990105629
YPL115C,YBL101W-B,0,-3.1302462,0.008591065183281898,0.004999999888241291,0.05770000070333481
YBL088C,YDR210W-D,0,-3.1302462,0.008576328866183758,0.004999999888241291,0.05779999867081642
YNR067C,YDR261C-D,0,-3.1302462,0.008561643771827221,0.004999999888241291,0.05790000036358833
YDL224C,YLR157C-A,0,-3.1302462,0.008547008968889713,0.004999999888241291,0.057999998331069946
YDR320C-A,YIL082W-A,0,-3.1302462,0.00853242352604866,0.004999999888241291,0.05810000002384186
YJL167W,YBL101W-A,0,-3.1302462,0.008517887443304062,0.004999999888241291,0.05820000171661377
YML067C,YBL101W-B,0,-3.1302462,0.008503401651978493,0.004999999888241291,0.05829999968409538
YPL237W,YHL009W-A,0,-3.1302462,0.008488964289426804,0.004999999888241291,0.058400001376867294
YHR107C,YOR343C-B,0,-3.1302462,0.008474576286971569,0.004999999888241291,0.05849999934434891
YFR029W,YOR343C-B,0,-3.1302462,0.008460236713290215,0.004999999888241291,0.05860000103712082
YDL098C,YOR343C-B,0,-3.1302462,0.00844594556838274,0.004999999888241291,0.05869999900460243
YCR044C,YBL101W-A,0,-3.1302462,0.008431702852249146,0.004999999888241291,0.058800000697374344
YBL101W-A,YDR131C,0,-3.1302462,0.008417508564889431,0.004999999888241291,0.05889999866485596
YBR058C-A,YDR034C-C,0,-3.1302462,0.008403361774981022,0.004999999888241291,0.05900000035762787
YEL056W,YOR343C-B,0,-3.1302462,0.008389261551201344,0.004999999888241291,0.05909999832510948
YFL055W,YDR014W-A,0,-3.1302462,0.008375209756195545,0.004999999888241291,0.05920000001788139
YBR257W,YDR034C-C,0,-3.1302924,0.008361203595995903,0.004999999888241291,0.059300001710653305
YNL267W,YLR035C-A,0,-3.130304,0.00834724586457014,0.004999999888241291,0.05939999967813492
YFR024C,YBR058C,0,-3.130446,0.008333333767950535,0.004999999888241291,0.05950000137090683
YHR021C,YDR261W-B,0,-3.1305807,0.008319467306137085,0.004999999888241291,0.05959999933838844
YHR143W,YIR017C,0,-3.1305823,0.008305647410452366,0.004999999888241291,0.059700001031160355
YOR147W,YGL046W,0,-3.1306555,0.008291874080896378,0.004999999888241291,0.05979999899864197
YOR308C,YIL017W,0,-3.130721,0.00827814545482397,0.004999999888241291,0.05990000069141388
YLR391W,YBR276C,0,-3.1307576,0.00826446246355772,0.004999999888241291,0.05999999865889549
YDR091C,YNL054W-A,0,-3.1307607,0.008250825107097626,0.004999999888241291,0.060100000351667404
YNL245C,YHR214C-C,0,-3.1308491,0.008237232454121113,0.004999999888241291,0.06019999831914902
YKL048C,YCR062W,0,-3.1309237,0.008223684504628181,0.004999999888241291,0.06030000001192093
YAL068C,YGR027W-B,0,-3.1311214,0.008210180327296257,0.004999999888241291,0.06040000170469284
YPL124W,YCR062W,0,-3.1313553,0.008196720853447914,0.004999999888241291,0.060499999672174454
YIL034C,YCR062W,0,-3.131603,0.008183306083083153,0.004999999888241291,0.060600001364946365
YJR104C,YBR012W-B,0,-3.1316051,0.008169935084879398,0.004999999888241291,0.06069999933242798
YKL046C,YDR210C-D,0,-3.1316268,0.008156606927514076,0.004999999888241291,0.06080000102519989
YNL245C,YDR210C-C,0,-3.13173,0.008143322542309761,0.004999999888241291,0.0608999989926815
YNL279W,YCR062W,0,-3.1317906,0.008130080997943878,0.004999999888241291,0.061000000685453415
YML088W,YGR161W-B,0,-3.1318507,0.008116883225739002,0.004999999888241291,0.06109999865293503
YKR003W,YCR062W,0,-3.1319256,0.008103727363049984,0.004999999888241291,0.06120000034570694
YGR179C,YPR158C-C,0,-3.1320615,0.008090615272521973,0.004999999888241291,0.06129999831318855
YJR158W,YHR214C-C,0,-3.1321113,0.008077544160187244,0.004999999888241291,0.061400000005960464
YPL135W,YPR158W-A,0,-3.1324003,0.008064515888690948,0.004999999888241291,0.061500001698732376
YDR472W,YNL054W-A,0,-3.1325285,0.00805152952671051,0.004999999888241291,0.06159999966621399
YLR418C,YNL054W-A,0,-3.1328146,0.00803858507424593,0.004999999888241291,0.0617000013589859
YFR024C,YBL007C,0,-3.1328583,0.008025682531297207,0.004999999888241291,0.061799999326467514
YDR146C,YER159C-A,0,-3.1329985,0.008012820966541767,0.004999999888241291,0.061900001019239426
YOL008W,YBR100W,0,-3.1330485,0.00800000037997961,0.004999999888241291,0.06199999898672104
YBL009W,YLR227W-B,0,-3.1330652,0.007987220771610737,0.004999999888241291,0.06210000067949295
YLR429W,YNL284C-B,0,-3.1332693,0.007974481210112572,0.004999999888241291,0.062199998646974564
YMR041C,YAR010C,0,-3.1333094,0.007961783558130264,0.004999999888241291,0.062300000339746475
YCR091W,YDR545W,0,-3.1334052,0.007949125953018665,0.004999999888241291,0.06239999830722809
YDR002W,YHR214C-C,0,-3.1334124,0.007936508394777775,0.004999999888241291,0.0625
YOR048C,YHR214C-C,0,-3.1334238,0.007923929952085018,0.004999999888241291,0.06260000169277191
YBR221C,YLR256W-A,0,-3.133496,0.007911392487585545,0.004999999888241291,0.06270000338554382
YCL038C,YDR261W-B,0,-3.1335666,0.007898894138634205,0.004999999888241291,0.06279999762773514
YNL061W,YLR410W-B,0,-3.1336558,0.007886434905230999,0.004999999888241291,0.06289999932050705
YER123W,YGR109W-B,0,-3.1339808,0.007874015718698502,0.004999999888241291,0.06300000101327896
YNL101W,YLR312C-B,0,-3.1341953,0.007861635647714138,0.004999999888241291,0.06310000270605087
YBR089C-A,YLR312C-B,0,-3.1342156,0.007849293760955334,0.004999999888241291,0.06319999694824219
YDR472W,YER159C-A,0,-3.1342168,0.007836990989744663,0.004999999888241291,0.0632999986410141
YKR022C,YLR035C-A,0,-3.134239,0.007824726402759552,0.004999999888241291,0.06340000033378601
YBR043C,YPR158C-C,0,-3.134317,0.0078125,0.004999999888241291,0.06350000202655792
YKL048C,YJR027W,0,-3.1345217,0.007800311781466007,0.004999999888241291,0.06360000371932983
YPL271W,YDL038C,0,-3.1345828,0.007788162212818861,0.004999999888241291,0.06369999796152115
YPL078C,YOL103W-B,0,-3.1347666,0.007776049897074699,0.004999999888241291,0.06379999965429306
YOR216C,YLR256W-A,0,-3.1347923,0.00776397529989481,0.004999999888241291,0.06390000134706497
YNR044W,YLR391W,0,-3.135132,0.007751937955617905,0.004999999888241291,0.06400000303983688
YBR090C-A,YGL100W,0,-3.1351411,0.007739937864243984,0.004999999888241291,0.0640999972820282
YNL332W,YDR365W-A,0,-3.135394,0.007727975491434336,0.004999999888241291,0.06419999897480011
YDR378C,YGR161W-B,0,-3.1354237,0.007716049440205097,0.004999999888241291,0.06430000066757202
YGL226C-A,YCR055C,0,-3.1354656,0.007704160176217556,0.004999999888241291,0.06440000236034393
YDR072C,YPR158W-B,0,-3.1355498,0.007692307699471712,0.004999999888241291,0.06449999660253525
YLL036C,YDR316W-A,0,-3.1356874,0.007680491544306278,0.004999999888241291,0.06459999829530716
YNL264C,YGR027W-B,0,-3.1357656,0.007668711710721254,0.004999999888241291,0.06469999998807907
YJL018W,YCL001W,0,-3.1358218,0.007656967733055353,0.004999999888241291,0.06480000168085098
YNL292W,YDR034C-C,0,-3.1358323,0.007645260076969862,0.004999999888241291,0.0649000033736229
YKR001C,YLR256W-A,0,-3.1365232,0.007633587811142206,0.004999999888241291,0.06499999761581421
YHR079C-B,YOR075W,0,-3.1366,0.007621951401233673,0.004999999888241291,0.06509999930858612
YNL156C,YOR008C-A,0,-3.1366687,0.007610349915921688,0.004999999888241291,0.06520000100135803
YKL213C,YDR210C-D,0,-3.1368277,0.007598784286528826,0.004999999888241291,0.06530000269412994
YDR393W,YER159C-A,0,-3.136913,0.0075872535817325115,0.004999999888241291,0.06539999693632126
YKL074C,YER159C-A,0,-3.1369615,0.007575757801532745,0.004999999888241291,0.06549999862909317
YGL173C,YIL017W,0,-3.137033,0.00756429648026824,0.004999999888241291,0.06560000032186508
YMR012W,YPR158C-C,0,-3.1370802,0.007552870083600283,0.004999999888241291,0.065700002014637
YDR513W,YGL210W-A,0,-3.137143,0.007541478145867586,0.004999999888241291,0.0658000037074089
YLR310C,YCL060C,0,-3.13715,0.00753012066707015,0.004999999888241291,0.06589999794960022
YML092C,YKL088W,0,-3.1372225,0.007518797181546688,0.004999999888241291,0.06599999964237213
YDR359C,YPR158C-C,0,-3.1374593,0.007507507689297199,0.004999999888241291,0.06610000133514404
YBL071W-A,YOR313C,0,-3.1376534,0.007496251724660397,0.004999999888241291,0.06620000302791595
YPL209C,YGR027W-A,0,-3.1378417,0.007485029753297567,0.004999999888241291,0.06629999727010727
YLR337W,YDL120W,0,-3.1379144,0.007473841775208712,0.004999999888241291,0.06639999896287918
YPL101W,YOR343W-B,0,-3.137927,0.007462686393409967,0.004999999888241291,0.06650000065565109
YGR101W,YDR210C-C,0,-3.1380756,0.007451565004885197,0.004999999888241291,0.066600002348423
YKR061W,YDR306C,0,-3.1384454,0.0074404762126505375,0.004999999888241291,0.06669999659061432
YNR032C-A,YAR044W,0,-3.1384997,0.007429420482367277,0.004999999888241291,0.06679999828338623
YGR239C,YGR008C,0,-3.138597,0.007418397814035416,0.004999999888241291,0.06689999997615814
YLR259C,YPR158C-D,0,-3.1386623,0.007407407276332378,0.004999999888241291,0.06700000166893005
YBR039W,YGR109W-B,0,-3.1387296,0.00739644980058074,0.004999999888241291,0.06710000336170197
YMR039C,YGR109W-B,0,-3.1387815,0.007385524455457926,0.004999999888241291,0.06719999760389328
YFR050C,YPR158C-C,0,-3.1388109,0.007374631240963936,0.004999999888241291,0.06729999929666519
YGR027W-A,YNL284C-B,0,-3.1388185,0.00736377015709877,0.004999999888241291,0.0674000009894371
YKL148C,YER137C-A,0,-3.1390042,0.007352941203862429,0.004999999888241291,0.06750000268220901
YDL030W,YLR410W-B,0,-3.1391678,0.007342143915593624,0.004999999888241291,0.06759999692440033
YLR205C,YEL041W,0,-3.1392546,0.0073313782922923565,0.004999999888241291,0.06769999861717224
YLR044C,YPR158W-B,0,-3.1392865,0.007320644333958626,0.004999999888241291,0.06780000030994415
YHR142W,YGR027W-B,0,-3.139383,0.007309941574931145,0.004999999888241291,0.06790000200271606
YBL102W,YGR027W-B,0,-3.1394053,0.007299270015209913,0.004999999888241291,0.06800000369548798
YMR043W,YHR214C-C,0,-3.1394649,0.007288629654794931,0.004999999888241291,0.06809999793767929
YMR280C,YPL060C-A,0,-3.1395168,0.007278020493686199,0.004999999888241291,0.0681999996304512
YKL012W,YJL109C,0,-3.1395762,0.007267442066222429,0.004999999888241291,0.06830000132322311
YNL245C,YDR261C-D,0,-3.1396651,0.007256893906742334,0.004999999888241291,0.06840000301599503
YIL114C,YLR410W-B,0,-3.1397471,0.007246376946568489,0.004999999888241291,0.06849999725818634
YKR048C,YOR343W-B,0,-3.1398807,0.0072358897887170315,0.004999999888241291,0.06859999895095825
YPL155C,YHR214C-C,0,-3.1398954,0.007225433364510536,0.004999999888241291,0.06870000064373016
YDR268W,YDR261C-D,0,-3.1400516,0.007215007208287716,0.004999999888241291,0.06880000233650208
YBR100W,YLR337C,0,-3.1401842,0.007204610854387283,0.004999999888241291,0.06889999657869339
YKL012W,YNL054W-B,0,-3.1402001,0.007194244768470526,0.004999999888241291,0.0689999982714653
YJL021C,YIL072W,0,-3.140686,0.0071839080192148685,0.004999999888241291,0.06909999996423721
YAL054C,YBL005W-B,0,-3.1406918,0.007173601072281599,0.004999999888241291,0.06920000165700912
YIL167W,YAR044W,0,-3.1407747,0.007163323927670717,0.004999999888241291,0.06930000334978104
YLL026W,YDR261W-A,0,-3.140839,0.0071530756540596485,0.004999999888241291,0.06939999759197235
YJR065C,YOR343W-A,0,-3.1409357,0.0071428571827709675,0.004999999888241291,0.06949999928474426
YDL013W,YDR210C-C,0,-3.1410024,0.0071326675824820995,0.004999999888241291,0.06960000097751617
YNL192W,YOR343W-B,0,-3.141077,0.007122507318854332,0.004999999888241291,0.06970000267028809
YER045C,YCR042C,1,-3.1411142,0.008534850552678108,0.006000000052154064,0.06970000267028809
YML120C,YGR161W-B,0,-3.1411736,0.008522727526724339,0.006000000052154064,0.0697999969124794
YDL220C,YGR161W-A,0,-3.141292,0.008510638028383255,0.006000000052154064,0.06989999860525131
YOL004W,YCR080W,0,-3.1414454,0.008498583920300007,0.006000000052154064,0.07000000029802322
YIL128W,YGR161W-B,0,-3.1414557,0.008486563339829445,0.006000000052154064,0.07010000199079514
YHL048W,YDR098C-A,0,-3.1414557,0.008474576286971569,0.006000000052154064,0.07020000368356705
YCR020C-A,YLR256W-A,0,-3.1414855,0.008462623693048954,0.006000000052154064,0.07029999792575836
YLL018C-A,YGR109W-B,0,-3.1419384,0.008450704626739025,0.006000000052154064,0.07039999961853027
YML033W,YLR090W,0,-3.1420023,0.008438818156719208,0.006000000052154064,0.07050000131130219
YJL018W,YIL068C,0,-3.142099,0.008426966145634651,0.006000000052154064,0.0706000030040741
YBR175W,YGR161W-B,0,-3.1421094,0.00841514766216278,0.006000000052154064,0.07069999724626541
YGL210W-A,YDR080W,0,-3.1422765,0.008403361774981022,0.006000000052154064,0.07079999893903732
YLR183C,YJL012C-A,0,-3.1424785,0.008391608484089375,0.006000000052154064,0.07090000063180923
YJL141C,YGR027W-A,0,-3.142592,0.008379888720810413,0.006000000052154064,0.07100000232458115
YAR002W,YDL038C,0,-3.142685,0.008368200622498989,0.006000000052154064,0.07109999656677246
YHR072W,YDR316W-A,0,-3.1432238,0.008356546051800251,0.006000000052154064,0.07119999825954437
YJL012C-A,YER041W,0,-3.1434488,0.00834492314606905,0.006000000052154064,0.07129999995231628
YBR265W,YPR158W-B,0,-3.1437287,0.008333333767950535,0.006000000052154064,0.0714000016450882
YPR067W,YLR227W-B,0,-3.1438327,0.008321775123476982,0.006000000052154064,0.07150000333786011
YOL080C,YOL103W-B,0,-3.1439145,0.008310249075293541,0.006000000052154064,0.07159999758005142
YPL258C,YGR161W-A,0,-3.1441002,0.008298755623400211,0.006000000052154064,0.07169999927282333
YJL146W,YDR261W-A,0,-3.1441965,0.008287292905151844,0.006000000052154064,0.07180000096559525
YAR044W,YKR001C,0,-3.1443555,0.008275861851871014,0.006000000052154064,0.07190000265836716
YGL013C,YLR337W,0,-3.144369,0.00826446246355772,0.006000000052154064,0.07199999690055847
YFL002W-B,YOL103W-A,0,-3.1444716,0.008253094740211964,0.006000000052154064,0.07209999859333038
YLR391W,YLR154C,0,-3.144485,0.008241758681833744,0.006000000052154064,0.0722000002861023
YOL077W-A,YPL060C-A,0,-3.1444938,0.008230452425777912,0.006000000052154064,0.0723000019788742
YPL065W,YNL054W-B,0,-3.1445236,0.008219177834689617,0.006000000052154064,0.07240000367164612
YBR002C,YLR224W,0,-3.1446178,0.008207933977246284,0.006000000052154064,0.07249999791383743
YNL177C,YML033W,0,-3.1446998,0.008196720853447914,0.006000000052154064,0.07259999960660934
YGL095C,YEL057C,0,-3.1448174,0.008185538463294506,0.006000000052154064,0.07270000129938126
YHR091C,YPR137C-A,0,-3.1449172,0.00817438680678606,0.006000000052154064,0.07280000299215317
YLR163C,YDR261W-B,0,-3.1450732,0.008163264952600002,0.006000000052154064,0.07289999723434448
YJR105W,YLR410W-B,0,-3.1452217,0.008152173832058907,0.006000000052154064,0.0729999989271164
YOR005C,YOL103W-A,0,-3.1452665,0.008141112513840199,0.006000000052154064,0.0731000006198883
YGR229C,YLR227W-B,0,-3.1454077,0.008130080997943878,0.006000000052154064,0.07320000231266022
YJL018W,YBL025W,0,-3.1457262,0.00811908021569252,0.006000000052154064,0.07329999655485153
YJL025W,YPL060C-A,0,-3.1459203,0.008108108304440975,0.006000000052154064,0.07339999824762344
YPL010W,YLR410W-B,0,-3.1461577,0.008097166195511818,0.006000000052154064,0.07349999994039536
YCR071C,YGR027W-B,0,-3.1462026,0.008086252957582474,0.006000000052154064,0.07360000163316727
YGL241W,YJL012C-A,0,-3.1462934,0.008075370453298092,0.006000000052154064,0.07370000332593918
YDR180W,YIL017W,0,-3.1466384,0.008064515888690948,0.006000000052154064,0.0737999975681305
YBR107C,YGR027W-B,0,-3.1466777,0.008053691126406193,0.006000000052154064,0.0738999992609024
YDL197C,YPR158W-A,0,-3.1469452,0.00804289523512125,0.006000000052154064,0.07400000095367432
YGL210W-A,YOR216C,0,-3.147026,0.00803212821483612,0.006000000052154064,0.07410000264644623
YKL203C,YGR027W-A,0,-3.14748,0.008021390065550804,0.006000000052154064,0.07419999688863754
YOL009C,YML033W,0,-3.1476002,0.0080106807872653,0.006000000052154064,0.07429999858140945
YLR214W,YNL302C,0,-3.148097,0.00800000037997961,0.006000000052154064,0.07440000027418137
YBR090C-A,YOR159C,0,-3.1482959,0.007989347912371159,0.006000000052154064,0.07450000196695328
YBL078C,YGR027W-B,0,-3.148862,0.007978723384439945,0.006000000052154064,0.07460000365972519
YNL079C,YLR227W-B,0,-3.1491442,0.007968127727508545,0.006000000052154064,0.0746999979019165
YBL102W,YHL009W-B,0,-3.149872,0.007957560010254383,0.006000000052154064,0.07479999959468842
YKR090W,YDR098C-A,0,-3.1500504,0.00794702023267746,0.006000000052154064,0.07490000128746033
YGR113W,YPR137C-A,0,-3.1502435,0.007936508394777775,0.006000000052154064,0.07500000298023224
YBL017C,YIL017W,0,-3.1505861,0.007926023565232754,0.006000000052154064,0.07509999722242355
YKL057C,YDR170W-A,0,-3.1506119,0.007915567606687546,0.006000000052154064,0.07519999891519547
YPR119W,YDR021W,0,-3.1513338,0.007905138656497002,0.006000000052154064,0.07530000060796738
YGL253W,YDR316W-A,0,-3.1514914,0.007894736714661121,0.006000000052154064,0.07540000230073929
YJL024C,YOL103W-A,0,-3.1517587,0.00788436271250248,0.006000000052154064,0.0754999965429306
YCL003W,YLR043C,0,-3.1518373,0.007874015718698502,0.006000000052154064,0.07559999823570251
YPL008W,YLR227W-B,0,-3.1519818,0.007863695733249187,0.006000000052154064,0.07569999992847443
YBR015C,YOR343W-A,0,-3.1519964,0.007853402756154537,0.006000000052154064,0.07580000162124634
YIL128W,YDR316W-A,0,-3.152472,0.007843137718737125,0.006000000052154064,0.07590000331401825
YNL253W,YOR343W-A,0,-3.1525164,0.007832897827029228,0.006000000052154064,0.07599999755620956
YOR237W,YLR451W,0,-3.1527646,0.00782268587499857,0.006000000052154064,0.07609999924898148
YDR372C,YGR161W-B,0,-3.153111,0.0078125,0.006000000052154064,0.07620000094175339
YLR060W,YPR158W-B,0,-3.1535566,0.007802340667694807,0.006000000052154064,0.0763000026345253
YGR013W,YHR214C-C,0,-3.1536012,0.007792207878082991,0.006000000052154064,0.07639999687671661
YDR021W,YDR261C-D,0,-3.1536455,0.0077821011655032635,0.006000000052154064,0.07649999856948853
YDR378C,YCL003W,0,-3.1537802,0.0077720205299556255,0.006000000052154064,0.07660000026226044
YNR075W,YOR355W,0,-3.1545086,0.007761966437101364,0.006000000052154064,0.07670000195503235
YBR102C,YML033W,0,-3.1548703,0.007751937955617905,0.006000000052154064,0.07680000364780426
YDR086C,YLR132C,0,-3.1550312,0.007741935551166534,0.006000000052154064,0.07689999788999557
YNL061W,YPL041C,0,-3.1558404,0.007731958758085966,0.006000000052154064,0.07699999958276749
YAR044W,YHR048W,0,-3.1559186,0.0077220075763762,0.006000000052154064,0.0771000012755394
YLR293C,YLR312C-B,0,-3.1565826,0.007712082471698523,0.006000000052154064,0.07720000296831131
YOL122C,YLR227W-B,0,-3.1569142,0.00770218251273036,0.006000000052154064,0.07729999721050262
YAL041W,YLR426W,0,-3.1571019,0.007692307699471712,0.006000000052154064,0.07739999890327454
YDR192C,YJL059W,0,-3.157514,0.007682458497583866,0.006000000052154064,0.07750000059604645
YCL017C,YDR261W-B,0,-3.1580877,0.007672634441405535,0.006000000052154064,0.07760000228881836
YBL046W,YKL088W,0,-3.1584344,0.007662835065275431,0.006000000052154064,0.07769999653100967
YLR154C,YPR065W,0,-3.1585102,0.0076530613005161285,0.006000000052154064,0.07779999822378159
YMR165C,YBR092C,0,-3.1588445,0.007643312215805054,0.006000000052154064,0.0778999999165535
YCL040W,YJR094C,0,-3.1591034,0.007633587811142206,0.006000000052154064,0.07800000160932541
YKL130C,YDL038C,0,-3.1591377,0.007623888086527586,0.006000000052154064,0.07810000330209732
YGR123C,YDL038C,0,-3.1596026,0.007614213041961193,0.006000000052154064,0.07819999754428864
YHR020W,YPR158C-D,0,-3.1596477,0.0076045626774430275,0.006000000052154064,0.07829999923706055
YPL016W,YLR410W-B,0,-3.1597073,0.007594936527311802,0.006000000052154064,0.07840000092983246
YNL072W,YOR356W,0,-3.1597776,0.007585335057228804,0.006000000052154064,0.07850000262260437
YOR126C,YDR210C-C,0,-3.1597815,0.007575757801532745,0.006000000052154064,0.07859999686479568
YBR100W,YMR145C,0,-3.1605592,0.00756620429456234,0.006000000052154064,0.0786999985575676
YPL008W,YFR024C,0,-3.160634,0.007556675001978874,0.006000000052154064,0.07880000025033951
YMR301C,YML033W,0,-3.1607277,0.007547169923782349,0.006000000052154064,0.07890000194311142
YDR381W,YPL041C,0,-3.16084,0.007537688594311476,0.006000000052154064,0.07900000363588333
YHR048W,YOR287C,0,-3.161606,0.007528231013566256,0.006000000052154064,0.07909999787807465
YPR102C,YOR343W-A,0,-3.1616535,0.007518797181546688,0.006000000052154064,0.07919999957084656
YER038C,YDR060W,0,-3.1616678,0.007509386632591486,0.006000000052154064,0.07930000126361847
YPL078C,YHR214C-C,0,-3.1623073,0.007499999832361937,0.006000000052154064,0.07940000295639038
YEL050C,YPR158W-B,0,-3.1625748,0.00749063678085804,0.006000000052154064,0.0794999971985817
YJL191W,YOL103W-B,0,-3.1630206,0.007481296546757221,0.006000000052154064,0.07959999889135361
YAL026C,YDR306C,0,-3.1630511,0.007471980061382055,0.006000000052154064,0.07970000058412552
YGR161C,YNL202W,0,-3.1631317,0.007462686393409967,0.006000000052154064,0.07980000227689743
YPL176C,YER137C-A,0,-3.163169,0.007453416008502245,0.006000000052154064,0.07989999651908875
YNR003C,YFL002W-A,0,-3.1648886,0.007444168906658888,0.006000000052154064,0.07999999821186066
YHR114W,YGL210W-A,0,-3.1649556,0.0074349441565573215,0.006000000052154064,0.08009999990463257
YCR063W,YML045W,0,-3.165198,0.007425742689520121,0.006000000052154064,0.08020000159740448
YPL101W,YCR058C,0,-3.1659536,0.0074165635742247105,0.006000000052154064,0.08030000329017639
YKR059W,YDR210C-D,0,-3.1665266,0.007407407276332378,0.006000000052154064,0.0803999975323677
YDL235C,YDL118W,0,-3.166753,0.007398273795843124,0.006000000052154064,0.08049999922513962
YDR503C,YPR158C-D,0,-3.1675072,0.007389162667095661,0.006000000052154064,0.08060000091791153
YNL103W,YDL038C,0,-3.1680627,0.007380073890089989,0.006000000052154064,0.08070000261068344
YEL063C,YDL038C,0,-3.170439,0.007371007464826107,0.006000000052154064,0.08079999685287476
YKR061W,YLR224W,0,-3.1706076,0.007361963391304016,0.006000000052154064,0.08089999854564667
YGL226C-A,YFL018W-A,0,-3.1707196,0.007352941203862429,0.006000000052154064,0.08100000023841858
YPL275W,YKL193C,0,-3.1708548,0.007343941368162632,0.006000000052154064,0.08110000193119049
YNL330C,YHR079C-B,0,-3.1709104,0.007334963418543339,0.006000000052154064,0.0812000036239624
YOR046C,YDR170W-A,0,-3.1711733,0.007326007355004549,0.006000000052154064,0.08129999786615372
YKL075C,YLR346C,0,-3.1712925,0.007317073177546263,0.006000000052154064,0.08139999955892563
YJR035W,YFL018W-A,0,-3.1715949,0.00730816088616848,0.006000000052154064,0.08150000125169754
YER045C,YBR198C,1,-3.1717114,0.008515815250575542,0.007000000216066837,0.08150000125169754
YOL164W,YOR056C,0,-3.1721852,0.008505468256771564,0.007000000216066837,0.08160000294446945
YLL050C,YDR261W-B,0,-3.1728258,0.008495145477354527,0.007000000216066837,0.08169999718666077
YLR410W,YKL088W,0,-3.1733947,0.008484848774969578,0.007000000216066837,0.08179999887943268
YKR022C,YCL003W,0,-3.1736493,0.008474576286971569,0.007000000216066837,0.08190000057220459
YNL130C,YNL213C,0,-3.1738079,0.008464328944683075,0.007000000216066837,0.0820000022649765
YDR486C,YDR018C,0,-3.1738417,0.00845410581678152,0.007000000216066837,0.08209999650716782
YDR481C,YDR306C,0,-3.1741307,0.008443908765912056,0.007000000216066837,0.08219999819993973
YDR159W,YML033W,0,-3.174274,0.008433734998106956,0.007000000216066837,0.08229999989271164
YHR092C,YER065C,0,-3.174994,0.008423586376011372,0.007000000216066837,0.08240000158548355
YBL024W,YPR158C-D,0,-3.1767182,0.008413461968302727,0.007000000216066837,0.08250000327825546
YER087C-A,YGR024C,0,-3.176723,0.008403361774981022,0.007000000216066837,0.08259999752044678
YPL096C-A,YDR283C,0,-3.1768212,0.008393285796046257,0.007000000216066837,0.08269999921321869
YML128C,YOL042W,0,-3.1776507,0.008383233100175858,0.007000000216066837,0.0828000009059906
YBR274W,YNL313C,0,-3.179245,0.008373205550014973,0.007000000216066837,0.08290000259876251
YMR142C,YKL075C,0,-3.1801643,0.008363202214241028,0.007000000216066837,0.08299999684095383
YLR286C,YBR114W,0,-3.180307,0.008353222161531448,0.007000000216066837,0.08309999853372574
YMR079W,YMR087W,0,-3.1804574,0.008343265391886234,0.007000000216066837,0.08320000022649765
YLR238W,YDR213W,0,-3.1811972,0.008333333767950535,0.007000000216066837,0.08330000191926956
YCL027W,YPR081C,0,-3.181413,0.008323424495756626,0.007000000216066837,0.08340000361204147
YBR090C-A,YMR241W,0,-3.1818924,0.008313539437949657,0.007000000216066837,0.08349999785423279
YGR220C,YLR035C-A,0,-3.1826801,0.008303677663207054,0.007000000216066837,0.0835999995470047
YJL018W,YOR363C,0,-3.1832204,0.008293839171528816,0.007000000216066837,0.08370000123977661
YKL029C,YBR250W,0,-3.184464,0.008284023962914944,0.007000000216066837,0.08380000293254852
YOR317W,YML088W,0,-3.1845512,0.008274232037365437,0.007000000216066837,0.08389999717473984
YOL100W,YML131W,0,-3.1861875,0.00826446246355772,0.007000000216066837,0.08399999886751175
YDL101C,YLL017W,0,-3.1862817,0.008254717104136944,0.007000000216066837,0.08410000056028366
YPL256C,YJL089W,0,-3.18777,0.008244994096457958,0.007000000216066837,0.08420000225305557
YKR003W,YBR012W-B,0,-3.1881099,0.008235294371843338,0.007000000216066837,0.08429999649524689
YOL101C,YDR131C,0,-3.188118,0.008225616998970509,0.007000000216066837,0.0843999981880188
YFL018W-A,YKL178C,0,-3.188207,0.00821596197783947,0.007000000216066837,0.08449999988079071
YDR118W,YEL057C,0,-3.1883826,0.008206330239772797,0.007000000216066837,0.08460000157356262
YDR293C,YNL045W,0,-3.189109,0.008196720853447914,0.007000000216066837,0.08470000326633453
YER038C,YJR070C,0,-3.1894178,0.008187134750187397,0.007000000216066837,0.08479999750852585
YDL033C,YBR162C,0,-3.190002,0.008177570067346096,0.007000000216066837,0.08489999920129776
YLR205C,YJR118C,0,-3.1905923,0.008168027736246586,0.007000000216066837,0.08500000089406967
YER117W,YDL038C,0,-3.1924608,0.008158507756888866,0.007000000216066837,0.08510000258684158
YJL018W,YOR172W,0,-3.1926544,0.008149010129272938,0.007000000216066837,0.0851999968290329
YPL049C,YGL046W,0,-3.1928172,0.0081395348533988,0.007000000216066837,0.08529999852180481
YOL012C,YER103W,0,-3.192872,0.008130080997943878,0.007000000216066837,0.08540000021457672
YOR074C,YJR029W,0,-3.1933994,0.008120649494230747,0.007000000216066837,0.08550000190734863
YLR013W,YOR182C,0,-3.1935754,0.008111239410936832,0.007000000216066837,0.08560000360012054
YLR216C,YPL212C,0,-3.1940138,0.008101851679384708,0.007000000216066837,0.08569999784231186
YIL132C,YLR132C,0,-3.1947916,0.0080924853682518,0.007000000216066837,0.08579999953508377
YDL130W,YGR122W,0,-3.1948757,0.008083140477538109,0.007000000216066837,0.08590000122785568
YPL089C,YJR028W,0,-3.194955,0.008073817938566208,0.007000000216066837,0.0860000029206276
YPR031W,YIL080W,0,-3.1957462,0.008064515888690948,0.007000000216066837,0.08609999716281891
YEL071W,YMR059W,0,-3.1959884,0.00805523619055748,0.007000000216066837,0.08619999885559082
YPL275W,YJL012C,0,-3.1968174,0.008045976981520653,0.007000000216066837,0.08630000054836273
YPR065W,YGL162W,0,-3.1975517,0.008036739192903042,0.007000000216066837,0.08640000224113464
YBL106C,YOL028C,0,-3.1980958,0.008027522824704647,0.007000000216066837,0.08649999648332596
YER014C-A,YLR201C,0,-3.198473,0.008018327876925468,0.007000000216066837,0.08659999817609787
YNR038W,YDR170W-A,0,-3.1992953,0.008009153418242931,0.007000000216066837,0.08669999986886978
YEL022W,YBR090C-A,0,-3.1993604,0.00800000037997961,0.007000000216066837,0.0868000015616417
YCR106W,YBL100W-A,0,-3.1996372,0.007990867830812931,0.007000000216066837,0.0869000032544136
YML042W,YBR179C,0,-3.1998596,0.007981755770742893,0.007000000216066837,0.08699999749660492
YDR296W,YER087C-A,0,-3.2013006,0.007972665131092072,0.007000000216066837,0.08709999918937683
YPL178W,YOR356W,0,-3.2015162,0.007963594980537891,0.007000000216066837,0.08720000088214874
YHR053C,YNL279W,0,-3.2017612,0.007954545319080353,0.007000000216066837,0.08730000257492065
YDR492W,YPR095C,0,-3.201958,0.007945516146719456,0.007000000216066837,0.08739999681711197
YHR079C-B,YML041C,0,-3.20228,0.007936508394777775,0.007000000216066837,0.08749999850988388
YOL158C,YML033W,0,-3.202384,0.00792752020061016,0.007000000216066837,0.08760000020265579
YGR161C,YBR175W,0,-3.202607,0.007918552495539188,0.007000000216066837,0.0877000018954277
YMR058W,YNR034W,0,-3.2051308,0.007909604348242283,0.007000000216066837,0.08780000358819962
YFL002W-A,YOR287C,0,-3.2055848,0.007900677621364594,0.007000000216066837,0.08789999783039093
YIR005W,YER006W,0,-3.2058372,0.007891770452260971,0.007000000216066837,0.08799999952316284
YJR104C,YLR224W,0,-3.2068346,0.007882882840931416,0.007000000216066837,0.08810000121593475
YGL210W-A,YOL039W,0,-3.2068822,0.007874015718698502,0.007000000216066837,0.08820000290870667
YML057W,YCL019W,0,-3.2080536,0.007865168154239655,0.007000000216066837,0.08829999715089798
YOL165C,YML099C,0,-3.2081716,0.007856341078877449,0.007000000216066837,0.08839999884366989
YER045C,YER171W,1,-3.2083488,0.008968610316514969,0.00800000037997961,0.08839999884366989
YAL024C,YMR134W,0,-3.2084403,0.008958566933870316,0.00800000037997961,0.0885000005364418
YPL265W,YPL083C,0,-3.2099211,0.008948545902967453,0.00800000037997961,0.08860000222921371
YCR071C,YGL210W-A,0,-3.2103343,0.008938547223806381,0.00800000037997961,0.08869999647140503
YLR226W,YDR065W,0,-3.2104352,0.008928571827709675,0.00800000037997961,0.08879999816417694
YML074C,YJR029W,0,-3.2106125,0.008918617852032185,0.00800000037997961,0.08889999985694885
YJL039C,YOR348C,0,-3.2110476,0.008908686228096485,0.00800000037997961,0.08900000154972076
YLR411W,YLR223C,0,-3.2118468,0.008898776024580002,0.00800000037997961,0.08910000324249268
YGL044C,YJR028W,0,-3.2120757,0.008888889104127884,0.00800000037997961,0.08919999748468399
YLR214W,YBL063W,0,-3.2124836,0.008879023604094982,0.00800000037997961,0.0892999991774559
YNL188W,YOR008C-A,0,-3.2128854,0.008869179524481297,0.00800000037997961,0.08940000087022781
YER045C,YGL207W,1,-3.2134023,0.009966777637600899,0.008999999612569809,0.08940000087022781
YOL101C,YML013W,0,-3.2136312,0.0099557526409626,0.008999999612569809,0.08950000256299973
YDR043C,YDL077C,0,-3.2141004,0.009944750927388668,0.008999999612569809,0.08959999680519104
YBL019W,YLL016W,0,-3.2155938,0.009933775290846825,0.008999999612569809,0.08969999849796295
YAL054C,YGL046W,0,-3.2159045,0.009922822937369347,0.008999999612569809,0.08980000019073486
YKL101W,YBL005W-B,0,-3.2173533,0.009911893866956234,0.008999999612569809,0.08990000188350677
YKL185W,YOR036W,0,-3.2188697,0.009900989942252636,0.008999999612569809,0.09000000357627869
YER045C,YGR274C,1,-3.2197442,0.010989011265337467,0.009999999776482582,0.09000000357627869
YMR314W,YNL045W,0,-3.219754,0.010976948775351048,0.009999999776482582,0.09009999781847
YER017C,YNL313C,0,-3.2205486,0.010964912362396717,0.009999999776482582,0.09019999951124191
YOR317W,YMR165C,0,-3.2221024,0.01095290295779705,0.009999999776482582,0.09030000120401382
YLL061W,YGL210W-A,0,-3.222129,0.010940918698906898,0.009999999776482582,0.09040000289678574
YGR155W,YDL223C,0,-3.2224345,0.01092896144837141,0.009999999776482582,0.09049999713897705
YAL016W,YCR102C,0,-3.2225142,0.010917030274868011,0.009999999776482582,0.09059999883174896
YGR206W,YDR131C,0,-3.2227943,0.010905125178396702,0.009999999776482582,0.09070000052452087
YIR005W,YOR305W,0,-3.2247806,0.010893246158957481,0.009999999776482582,0.09080000221729279
YJL041W,YER160C,0,-3.225483,0.01088139321655035,0.009999999776482582,0.0908999964594841
YDR479C,YOL034W,0,-3.2255313,0.010869565419852734,0.009999999776482582,0.09099999815225601
YGL210W-A,YBR092C,0,-3.2258842,0.010857763700187206,0.009999999776482582,0.09109999984502792
YPL181W,YOR298W,0,-3.226006,0.010845987126231194,0.009999999776482582,0.09120000153779984
YPL045W,YNL045W,0,-3.2261071,0.01083423662930727,0.009999999776482582,0.09130000323057175
YLR248W,YER180C-A,0,-3.2265403,0.010822511278092861,0.009999999776482582,0.09139999747276306
YDR358W,YBL100W-A,0,-3.2267482,0.010810811072587967,0.009999999776482582,0.09149999916553497
YEL018W,YIL017W,0,-3.2275324,0.010799136012792587,0.009999999776482582,0.09160000085830688
YLR295C,YKL070W,0,-3.2275753,0.010787486098706722,0.009999999776482582,0.0917000025510788
YPL174C,YEL065W,0,-3.2278068,0.010775862261652946,0.009999999776482582,0.09179999679327011
YNR056C,YHR042W,0,-3.22823,0.01076426263898611,0.009999999776482582,0.09189999848604202
YGL183C,YJR110W,0,-3.2290184,0.01075268816202879,0.009999999776482582,0.09200000017881393
YBR145W,YPL211W,0,-3.229091,0.010741138830780983,0.009999999776482582,0.09210000187158585
YKL059C,YLR426W,0,-3.2294035,0.010729613713920116,0.009999999776482582,0.09220000356435776
YFR024C,YDR490C,0,-3.229652,0.010718113742768764,0.009999999776482582,0.09229999780654907
YDR076W,YLL012W,0,-3.2297952,0.010706637986004353,0.009999999776482582,0.09239999949932098
YPL187W,YKR057W,0,-3.230209,0.010695187374949455,0.009999999776482582,0.0925000011920929
YPR139C,YOR305W,0,-3.2306464,0.010683760978281498,0.009999999776482582,0.09260000288486481
YMR250W,YCR027C,0,-3.230968,0.01067235879600048,0.009999999776482582,0.09269999712705612
YGR108W,YPL196W,0,-3.23133,0.010660980828106403,0.009999999776482582,0.09279999881982803
YIR019C,YAR009C,0,-3.2322206,0.010649627074599266,0.009999999776482582,0.09290000051259995
YFR024C,YIL052C,0,-3.2323265,0.010638297535479069,0.009999999776482582,0.09300000220537186
YBR145W,YPR119W,0,-3.233551,0.010626992210745811,0.009999999776482582,0.09309999644756317
YPR165W,YLR224W,0,-3.2339401,0.010615711100399494,0.009999999776482582,0.09319999814033508
YDR247W,YKL075C,0,-3.2344785,0.010604454204440117,0.009999999776482582,0.093299999833107
YER035W,YAR044W,0,-3.234654,0.010593220591545105,0.009999999776482582,0.0934000015258789
YLR380W,YCL075W,0,-3.2366323,0.010582010261714458,0.009999999776482582,0.09350000321865082
YLR098C,YCL020W,0,-3.237165,0.010570824146270752,0.009999999776482582,0.09359999746084213
YPL095C,YMR319C,0,-3.2376819,0.010559662245213985,0.009999999776482582,0.09369999915361404
YGR088W,YMR203W,0,-3.2383182,0.010548523627221584,0.009999999776482582,0.09380000084638596
YGR159C,YPL041C,0,-3.2388008,0.010537407360970974,0.009999999776482582,0.09390000253915787
YFR055W,YJL080C,0,-3.2400613,0.010526316240429878,0.009999999776482582,0.09399999678134918
YMR059W,YBL005W-B,0,-3.2412267,0.010515247471630573,0.009999999776482582,0.0940999984741211
YMR088C,YAR009C,0,-3.2426715,0.010504201985895634,0.009999999776482582,0.094200000166893
YLR276C,YMR087W,0,-3.2455006,0.01049317978322506,0.009999999776482582,0.09430000185966492
YGL018C,YIL080W,0,-3.246766,0.010482179932296276,0.009999999776482582,0.09440000355243683
YJL173C,YDR146C,0,-3.2481012,0.010471204295754433,0.009999999776482582,0.09449999779462814
YMR068W,YLR337C,0,-3.2484844,0.01046025101095438,0.009999999776482582,0.09459999948740005
YNL327W,YDR078C,0,-3.2486265,0.010449321009218693,0.009999999776482582,0.09470000118017197
YFL010W-A,YGR162W,0,-3.2499485,0.010438413359224796,0.009999999776482582,0.09480000287294388
YDR182W,YCL019W,0,-3.2518013,0.010427528992295265,0.009999999776482582,0.09489999711513519
YML118W,YLR224W,0,-3.2534716,0.010416666977107525,0.009999999776482582,0.0949999988079071
YOR117W,YNL313C,0,-3.254262,0.010405827313661575,0.009999999776482582,0.09510000050067902
YDR358W,YDL130W,0,-3.255504,0.010395010001957417,0.009999999776482582,0.09520000219345093
YER014C-A,YMR112C,0,-3.2568007,0.010384215973317623,0.009999999776482582,0.09529999643564224
YOL101C,YJL050W,0,-3.2571244,0.01037344429641962,0.009999999776482582,0.09539999812841415
YMR211W,YCL005W-A,0,-3.258442,0.010362694039940834,0.009999999776482582,0.09549999982118607
YGR224W,YBR247C,0,-3.2590861,0.010351967066526413,0.009999999776482582,0.09560000151395798
YDR123C,YAL015C,0,-3.2599719,0.010341261513531208,0.009999999776482582,0.09570000320672989
YLR129W,YCR055C,0,-3.2606716,0.010330578312277794,0.009999999776482582,0.0957999974489212
YDR276C,YLR455W,0,-3.2611425,0.01031991746276617,0.009999999776482582,0.09589999914169312
YPR065W,YOL124C,0,-3.2613308,0.010309278033673763,0.009999999776482582,0.09600000083446503
YLL009C,YKL075C,0,-3.261701,0.010298660956323147,0.009999999776482582,0.09610000252723694
YCL005W-A,YFR003C,0,-3.2617323,0.010288066230714321,0.009999999776482582,0.09619999676942825
YAL031C,YML033W,0,-3.2627964,0.010277491994202137,0.009999999776482582,0.09629999846220016
YHR157W,YLR455W,0,-3.262844,0.010266940109431744,0.009999999776482582,0.09640000015497208
YGR078C,YDR306C,0,-3.2656903,0.010256410576403141,0.009999999776482582,0.09650000184774399
YMR042W,YKL088W,0,-3.2658362,0.01024590153247118,0.009999999776482582,0.0966000035405159
YOL072W,YJL113W,0,-3.265848,0.01023541484028101,0.009999999776482582,0.09669999778270721
YOR320C,YMR134W,0,-3.2660947,0.010224948637187481,0.009999999776482582,0.09679999947547913
YBL082C,YPL033C,0,-3.2675111,0.010214504785835743,0.009999999776482582,0.09690000116825104
YDR517W,YER190W,0,-3.268074,0.010204081423580647,0.009999999776482582,0.09700000286102295
YLR309C,YMR045C,0,-3.2681653,0.010193679481744766,0.009999999776482582,0.09709999710321426
YMR172W,YFL026W,0,-3.268433,0.010183298960328102,0.009999999776482582,0.09719999879598618
YHR042W,YIL129C,0,-3.2692175,0.010172939859330654,0.009999999776482582,0.09730000048875809
YDR446W,YFL058W,0,-3.2718415,0.010162601247429848,0.009999999776482582,0.09740000218153
YGR218W,YBR152W,0,-3.2719,0.010152284055948257,0.009999999776482582,0.09749999642372131
YKR025W,YGR111W,0,-3.271962,0.010141988284885883,0.009999999776482582,0.09759999811649323
YKL013C,YMR087W,0,-3.272958,0.010131712071597576,0.009999999776482582,0.09769999980926514
YML099C,YDR343C,0,-3.2730017,0.010121457278728485,0.009999999776482582,0.09780000150203705
YGR155W,YOL101C,0,-3.2741532,0.01011122390627861,0.009999999776482582,0.09790000319480896
YGL066W,YBL100W-B,0,-3.2742908,0.010101010091602802,0.009999999776482582,0.09799999743700027
YOR298C-A,YHR048W,0,-3.2747164,0.01009081769734621,0.009999999776482582,0.09809999912977219
YLR276C,YDL244W,0,-3.2747836,0.010080644860863686,0.009999999776482582,0.0982000008225441
YMR232W,YHR031C,0,-3.2759783,0.010070493444800377,0.009999999776482582,0.09830000251531601
YKL148C,YDL118W,0,-3.2762847,0.01006036251783371,0.009999999776482582,0.09839999675750732
YNR074C,YMR133W,0,-3.2769744,0.01005025114864111,0.009999999776482582,0.09849999845027924
YHR148W,YJL187C,0,-3.2772148,0.01004016026854515,0.009999999776482582,0.09860000014305115
YDR213W,YKR001C,0,-3.2772498,0.010030089877545834,0.009999999776482582,0.09870000183582306
YJR145C,YBL004W,0,-3.2797492,0.010020039975643158,0.009999999776482582,0.09880000352859497
YNL036W,YHR016C,0,-3.279969,0.01001000963151455,0.009999999776482582,0.09889999777078629
YPL192C,YDL118W,0,-3.2805595,0.009999999776482582,0.009999999776482582,0.0989999994635582
YKL173W,YML040W,0,-3.2807467,0.009990010410547256,0.009999999776482582,0.09910000115633011
YCR092C,YER070W,0,-3.2811022,0.009980039671063423,0.009999999776482582,0.09920000284910202
YHR166C,YMR087W,0,-3.2816644,0.009970089420676231,0.009999999776482582,0.09929999709129333
YMR046C,YNL313C,0,-3.2821734,0.009960159659385681,0.009999999776482582,0.09939999878406525
YKR061W,YMR046C,0,-3.2823706,0.009950248524546623,0.009999999776482582,0.09950000047683716
YEL017C-A,YCL019W,0,-3.2838466,0.009940357878804207,0.009999999776482582,0.09960000216960907
YKL011C,YOR178C,0,-3.284461,0.009930486790835857,0.009999999776482582,0.09969999641180038
YOR023C,YOL021C,0,-3.2847776,0.009920635260641575,0.009999999776482582,0.0997999981045723
YIR005W,YFL016C,0,-3.2853596,0.009910802356898785,0.009999999776482582,0.09989999979734421
YNL047C,YIL080W,0,-3.2878475,0.009900989942252636,0.009999999776482582,0.10000000149011612
YCR107W,YPL171C,0,-3.288091,0.009891197085380554,0.009999999776482582,0.10010000318288803
YGR132C,YPR078C,0,-3.2887933,0.009881422854959965,0.009999999776482582,0.10019999742507935
YNR075W,YMR292W,0,-3.2898474,0.009871668182313442,0.009999999776482582,0.10029999911785126
YHR193C,YGL175C,0,-3.290008,0.009861933067440987,0.009999999776482582,0.10040000081062317
YKL084W,YAR044W,0,-3.2905931,0.009852216579020023,0.009999999776482582,0.10050000250339508
YML102W,YER117W,0,-3.2927175,0.009842519648373127,0.009999999776482582,0.1005999967455864
YER051W,YGR111W,0,-3.2939873,0.009832841344177723,0.009999999776482582,0.1006999984383583
YFL031W,YDR065W,0,-3.2957659,0.009823182597756386,0.009999999776482582,0.10080000013113022
YBR043C,YNL045W,0,-3.2957683,0.009813542477786541,0.009999999776482582,0.10090000182390213
YKL112W,YER054C,0,-3.2962365,0.009803921915590763,0.009999999776482582,0.10100000351667404
YBR243C,YDR055W,0,-3.297024,0.009794319048523903,0.009999999776482582,0.10109999775886536
YLR129W,YLR116W,0,-3.2992916,0.00978473573923111,0.009999999776482582,0.10119999945163727
YPL269W,YPR078C,0,-3.3007393,0.009775171056389809,0.009999999776482582,0.10130000114440918
YKL055C,YNL202W,0,-3.300939,0.009765625,0.009999999776482582,0.10140000283718109
YGR229C,YBL100W-A,0,-3.3011315,0.009756097570061684,0.009999999776482582,0.1014999970793724
YOR237W,YDL080C,0,-3.3022754,0.00974658876657486,0.009999999776482582,0.10159999877214432
YCL066W,YBL064C,0,-3.3056412,0.009737098589539528,0.009999999776482582,0.10170000046491623
YCL011C,YBR012W-B,0,-3.3061864,0.009727626107633114,0.009999999776482582,0.10180000215768814
YDR005C,YJR141W,0,-3.3072302,0.009718173183500767,0.009999999776482582,0.10189999639987946
YOR298W,YER160C,0,-3.3099449,0.009708737954497337,0.009999999776482582,0.10199999809265137
YMR299C,YKL070W,0,-3.3103817,0.0096993213519454,0.009999999776482582,0.10209999978542328
YER035W,YFL018W-A,0,-3.3107696,0.00968992244452238,0.009999999776482582,0.10220000147819519
YJL091C,YLR126C,0,-3.3115451,0.009680542163550854,0.009999999776482582,0.1023000031709671
YBL069W,YML045W,0,-3.312419,0.009671179577708244,0.009999999776482582,0.10239999741315842
YMR149W,YMR087W,0,-3.3133016,0.009661835618317127,0.009999999776482582,0.10249999910593033
YKL191W,YLR205C,0,-3.3137364,0.009652509354054928,0.009999999776482582,0.10260000079870224
YPL212C,YPL124W,0,-3.3142176,0.00964320171624422,0.009999999776482582,0.10270000249147415
YLR214W,YMR142C,0,-3.3165107,0.009633911773562431,0.009999999776482582,0.10279999673366547
YBR169C,YPL253C,0,-3.3170934,0.00962463952600956,0.009999999776482582,0.10289999842643738
YMR041C,YJR026W,0,-3.3172932,0.009615384973585606,0.009999999776482582,0.10300000011920929
YNL072W,YHR020W,0,-3.3172934,0.00960614811629057,0.009999999776482582,0.1031000018119812
YAR019C,YLR286C,0,-3.3181896,0.00959692895412445,0.009999999776482582,0.10320000350475311
YOL011W,YJR156C,0,-3.3182757,0.00958772748708725,0.009999999776482582,0.10329999774694443
YKL011C,YDR065W,0,-3.3188818,0.009578543715178967,0.009999999776482582,0.10339999943971634
YCL032W,YLR224W,0,-3.3213453,0.009569377638399601,0.009999999776482582,0.10350000113248825
YDR017C,YGR122W,0,-3.321958,0.009560229256749153,0.009999999776482582,0.10360000282526016
YMR101C,YDR131C,0,-3.3222408,0.009551098570227623,0.009999999776482582,0.10369999706745148
YER014C-A,YLR119W,0,-3.3229227,0.009541984647512436,0.009999999776482582,0.10379999876022339
YLR370C,YPL096C-A,0,-3.3232622,0.009532888419926167,0.009999999776482582,0.1039000004529953
YIL167W,YNL241C,0,-3.3237922,0.009523809887468815,0.009999999776482582,0.10400000214576721
YOR237W,YER120W,0,-3.3252847,0.009514748118817806,0.009999999776482582,0.10409999638795853
YGL104C,YCL075W,0,-3.326941,0.00950570311397314,0.009999999776482582,0.10419999808073044
YPL202C,YDR079C-A,1,-3.3277733,0.010446343570947647,0.010999999940395355,0.10419999808073044
YDR016C,YDL223C,0,-3.3281653,0.01043643243610859,0.010999999940395355,0.10429999977350235
YBR158W,YKL055C,0,-3.3293543,0.010426539927721024,0.010999999940395355,0.10440000146627426
YBR085W,YBR142W,0,-3.3300533,0.010416666977107525,0.010999999940395355,0.10450000315904617
YNL251C,YPL130W,0,-3.3301988,0.010406811721622944,0.010999999940395355,0.10459999740123749
YPL059W,YAR009C,0,-3.3302805,0.010396975092589855,0.010999999940395355,0.1046999990940094
YIL046W,YGR180C,0,-3.3312306,0.010387158021330833,0.010999999940395355,0.10480000078678131
YDR092W,YML045W,0,-3.332345,0.01037735864520073,0.010999999940395355,0.10490000247955322
YER117W,YOL072W,0,-3.3336782,0.010367577895522118,0.010999999940395355,0.10499999672174454
YNL098C,YLR426W,0,-3.3337343,0.010357815772294998,0.010999999940395355,0.10509999841451645
YER088C,YEL004W,0,-3.3350663,0.010348071344196796,0.010999999940395355,0.10520000010728836
YNL071W,YIL082W-A,0,-3.3392572,0.010338345542550087,0.010999999940395355,0.10530000180006027
YBL004W,YMR087W,0,-3.3394918,0.01032863836735487,0.010999999940395355,0.10540000349283218
YJR031C,YNL110C,0,-3.3403215,0.01031894888728857,0.010999999940395355,0.1054999977350235
YBL005W-B,YJL113W,0,-3.3407035,0.010309278033673763,0.010999999940395355,0.10559999942779541
YAL068C,YLR130C,0,-3.3422709,0.010299625806510448,0.010999999940395355,0.10570000112056732
YGL053W,YGR111W,0,-3.342766,0.010289990343153477,0.010999999940395355,0.10580000281333923
YLR056W,YOL101C,0,-3.343073,0.010280373506247997,0.010999999940395355,0.10589999705553055
YDR317W,YGR111W,0,-3.343113,0.01027077529579401,0.010999999940395355,0.10599999874830246
YKL149C,YCL075W,0,-3.3444896,0.010261193849146366,0.010999999940395355,0.10610000044107437
YHR036W,YGL226C-A,0,-3.3448176,0.010251631028950214,0.010999999940395355,0.10620000213384628
YDR046C,YGL175C,0,-3.3449073,0.01024208590388298,0.010999999940395355,0.1062999963760376
YGR129W,YMR134W,0,-3.3455935,0.010232558473944664,0.010999999940395355,0.10639999806880951
YOR132W,YJR028W,0,-3.3464007,0.010223048739135265,0.010999999940395355,0.10649999976158142
YIL154C,YLR346C,0,-3.3476143,0.01021355576813221,0.010999999940395355,0.10660000145435333
YPR121W,YGR080W,0,-3.3481188,0.010204081423580647,0.010999999940395355,0.10670000314712524
YOR003W,YKL075C,0,-3.3496375,0.010194624774158001,0.010999999940395355,0.10679999738931656
YPR167C,YOR153W,0,-3.350078,0.010185184888541698,0.010999999940395355,0.10689999908208847
YMR153W,YBR012W-B,0,-3.3510323,0.010175763629376888,0.010999999940395355,0.10700000077486038
YFL050C,YER062C,0,-3.3516786,0.010166358202695847,0.010999999940395355,0.1071000024676323
YMR162C,YOL010W,0,-3.3517203,0.010156971402466297,0.010999999940395355,0.10719999670982361
YER014C-A,YER159C,0,-3.3520253,0.01014760136604309,0.010999999940395355,0.10729999840259552
YLR136C,YIL056W,0,-3.3539066,0.010138249024748802,0.010999999940395355,0.10740000009536743
YLR216C,YNL279W,0,-3.3539658,0.010128913447260857,0.010999999940395355,0.10750000178813934
YNL314W,YFL021W,1,-3.3543034,0.011039558798074722,0.012000000104308128,0.10750000178813934
YFL026W,YDL077C,0,-3.3545814,0.011029412038624287,0.012000000104308128,0.10760000348091125
YKR009C,YKL075C,0,-3.3547926,0.011019283905625343,0.012000000104308128,0.10769999772310257
YDL051W,YOR298W,0,-3.3551803,0.011009174399077892,0.012000000104308128,0.10779999941587448
YPR095C,YCL075W,0,-3.3553634,0.010999083518981934,0.012000000104308128,0.10790000110864639
YGR218W,YGL162W,0,-3.3558073,0.010989011265337467,0.012000000104308128,0.1080000028014183
YER117W,YKL178C,0,-3.3579612,0.010978956706821918,0.012000000104308128,0.10809999704360962
YLR208W,YDR065W,0,-3.3585336,0.010968921706080437,0.012000000104308128,0.10819999873638153
YER020W,YDR244W,0,-3.359405,0.010958904400467873,0.012000000104308128,0.10830000042915344
YMR041C,YGR060W,0,-3.3598285,0.010948904789984226,0.012000000104308128,0.10840000212192535
YNL008C,YMR065W,0,-3.3615232,0.010938924737274647,0.012000000104308128,0.10849999636411667
YIL007C,YKL075C,0,-3.361538,0.01092896144837141,0.012000000104308128,0.10859999805688858
YBR082C,YAR010C,0,-3.362422,0.010919017717242241,0.012000000104308128,0.10869999974966049
YNR002C,YHR152W,0,-3.3628514,0.010909090749919415,0.012000000104308128,0.1088000014424324
YKL008C,YDR479C,0,-3.363022,0.01089918240904808,0.012000000104308128,0.10890000313520432
YPR143W,YGL039W,0,-3.3632786,0.010889291763305664,0.012000000104308128,0.10899999737739563
YPL124W,YLR224W,0,-3.363431,0.01087941974401474,0.012000000104308128,0.10909999907016754
YNL053W,YCR035C,0,-3.3636146,0.010869565419852734,0.012000000104308128,0.10920000076293945
YJL025W,YOR004W,0,-3.3642547,0.010859728790819645,0.012000000104308128,0.10930000245571136
YAL054C,YOL124C,0,-3.365161,0.010849909856915474,0.012000000104308128,0.10939999669790268
YNR054C,YMR117C,0,-3.3660562,0.01084010861814022,0.012000000104308128,0.10949999839067459
YOL158C,YMR201C,0,-3.3664544,0.010830325074493885,0.012000000104308128,0.1096000000834465
YHR075C,YCL008C,0,-3.3665795,0.010820559225976467,0.012000000104308128,0.10970000177621841
YCR083W,YPL041C,0,-3.3674884,0.010810811072587967,0.012000000104308128,0.10980000346899033
YMR213W,YKL075C,0,-3.369173,0.01080107968300581,0.012000000104308128,0.10989999771118164
YPR183W,YEL060C,0,-3.3694882,0.010791366919875145,0.012000000104308128,0.10999999940395355
YDL247W,YOR270C,0,-3.3697572,0.010781670920550823,0.012000000104308128,0.11010000109672546
YNL241C,YMR045C,0,-3.3705592,0.01077199261635542,0.012000000104308128,0.11020000278949738
YNR002C,YHR082C,0,-3.3712254,0.010762332007288933,0.012000000104308128,0.11029999703168869
YJL183W,YDL118W,0,-3.3717575,0.01075268816202879,0.012000000104308128,0.1103999987244606
YDR214W,YCR093W,0,-3.3719244,0.010743062011897564,0.012000000104308128,0.11050000041723251
YDR447C,YDL077C,0,-3.3744054,0.010733452625572681,0.012000000104308128,0.11060000211000443
YMR052W,YNL046W,0,-3.3751264,0.010723860934376717,0.012000000104308128,0.11069999635219574
YLL015W,YER062C,0,-3.3761754,0.010714286006987095,0.012000000104308128,0.11079999804496765
YJL102W,YBR186W,0,-3.3762379,0.010704727843403816,0.012000000104308128,0.11089999973773956
YJR066W,YJL141C,0,-3.376632,0.010695187374949455,0.012000000104308128,0.11100000143051147
YPL006W,YAL043C,0,-3.3769383,0.010685663670301437,0.012000000104308128,0.11110000312328339
YPL137C,YCL044C,0,-3.3778603,0.010676156729459763,0.012000000104308128,0.1111999973654747
YDR143C,YIL082W-A,0,-3.3783445,0.01066666655242443,0.012000000104308128,0.11129999905824661
YHR096C,YLR266C,0,-3.3788767,0.010657194070518017,0.012000000104308128,0.11140000075101852
YJL121C,YMR175W,0,-3.3790836,0.010647737421095371,0.012000000104308128,0.11150000244379044
YOR386W,YGR042W,0,-3.3804822,0.010638297535479069,0.012000000104308128,0.11159999668598175
YOL139C,YDR306C,0,-3.380498,0.010628875344991684,0.012000000104308128,0.11169999837875366
YOR310C,YKL154W,0,-3.3819914,0.010619468986988068,0.012000000104308128,0.11180000007152557
YPL187W,YJL222W,0,-3.3824904,0.010610079392790794,0.012000000104308128,0.11190000176429749
YBL071W-A,YDR082W,0,-3.3839674,0.010600706562399864,0.012000000104308128,0.1120000034570694
YGR108W,YHR167W,0,-3.3859496,0.010591350495815277,0.012000000104308128,0.11209999769926071
YLR321C,YGR042W,0,-3.3862011,0.010582010261714458,0.012000000104308128,0.11219999939203262
YOL101C,YIL114C,0,-3.3872771,0.010572686791419983,0.012000000104308128,0.11230000108480453
YDR515W,YBL100W-B,0,-3.3878288,0.01056338008493185,0.012000000104308128,0.11240000277757645
YER045C,YGR186W,1,-3.3882627,0.011433596722781658,0.013000000268220901,0.11240000277757645
YER062C,YGR118W,0,-3.38846,0.011423550546169281,0.013000000268220901,0.11249999701976776
YOR317W,YOR008C,0,-3.388525,0.011413520202040672,0.013000000268220901,0.11259999871253967
YLR411W,YHR082C,0,-3.3889956,0.011403508484363556,0.013000000268220901,0.11270000040531158
YBR085W,YHR066W,0,-3.389971,0.011393514461815357,0.013000000268220901,0.1128000020980835
YER019W,YER142C,0,-3.391721,0.011383537203073502,0.013000000268220901,0.11289999634027481
YGR202C,YDR213W,0,-3.391808,0.011373578570783138,0.013000000268220901,0.11299999803304672
YPR006C,YPL176C,0,-3.3919504,0.011363636702299118,0.013000000268220901,0.11309999972581863
YMR014W,YLR154C,0,-3.395248,0.011353711597621441,0.013000000268220901,0.11320000141859055
YDR277C,YBR126C,0,-3.3952696,0.011343804188072681,0.013000000268220901,0.11330000311136246
YIR041W,YKL088W,0,-3.3963375,0.01133391447365284,0.013000000268220901,0.11339999735355377
YDR039C,YEL054C,0,-3.397169,0.011324041523039341,0.013000000268220901,0.11349999904632568
YLR411W,YPR138C,0,-3.3986917,0.01131418626755476,0.013000000268220901,0.1136000007390976
YKL040C,YCL020W,0,-3.3991034,0.011304347775876522,0.013000000268220901,0.1137000024318695
YPR191W,YNL313C,0,-3.3997734,0.011294526048004627,0.013000000268220901,0.11379999667406082
YGL008C,YPL156C,0,-3.4001389,0.01128472201526165,0.013000000268220901,0.11389999836683273
YGL210W,YIL080W,0,-3.4006438,0.011274934746325016,0.013000000268220901,0.11400000005960464
YJL005W,YMR011W,0,-3.4007277,0.011265164241194725,0.013000000268220901,0.11410000175237656
YDR358W,YNL102W,0,-3.4019887,0.011255411431193352,0.013000000268220901,0.11420000344514847
YHR083W,YHR048W,0,-3.403373,0.011245674453675747,0.013000000268220901,0.11429999768733978
YCL044C,YPR010C,0,-3.404275,0.01123595517128706,0.013000000268220901,0.1143999993801117
YHR094C,YMR235C,0,-3.404305,0.011226251721382141,0.013000000268220901,0.1145000010728836
YDL164C,YOL040C,0,-3.4051812,0.01121656596660614,0.013000000268220901,0.11460000276565552
YDR337W,YMR046C,0,-3.4063046,0.011206896975636482,0.013000000268220901,0.11469999700784683
YDR122W,YGR180C,0,-3.406904,0.011197243817150593,0.013000000268220901,0.11479999870061874
YIR012W,YAR009C,0,-3.4069355,0.011187607422471046,0.013000000268220901,0.11490000039339066
YEL071W,YML014W,0,-3.406981,0.011177987791597843,0.013000000268220901,0.11500000208616257
YBL042C,YKR095W,0,-3.4070847,0.011168384924530983,0.013000000268220901,0.11509999632835388
YOR185C,YLR435W,0,-3.4082427,0.011158797889947891,0.013000000268220901,0.1151999980211258
YHR096C,YDR180W,0,-3.4094317,0.011149228550493717,0.013000000268220901,0.1152999997138977
YBR017C,YGR042W,0,-3.4102082,0.011139674112200737,0.013000000268220901,0.11540000140666962
YNR011C,YMR096W,0,-3.4113343,0.011130137369036674,0.013000000268220901,0.11550000309944153
YDR082W,YJL113W,0,-3.41163,0.011120615527033806,0.013000000268220901,0.11559999734163284
YKL201C,YJL191W,0,-3.4121876,0.011111111380159855,0.013000000268220901,0.11569999903440475
YDL019C,YDR018C,0,-3.4126596,0.011101622134447098,0.013000000268220901,0.11580000072717667
YGR128C,YPL033C,0,-3.4138575,0.011092150583863258,0.013000000268220901,0.11590000241994858
YJL003W,YCL019W,0,-3.4140513,0.011082693934440613,0.013000000268220901,0.11599999666213989
YOR182C,YJR120W,0,-3.4145322,0.01107325404882431,0.013000000268220901,0.1160999983549118
YDR279W,YGR042W,0,-3.4160693,0.011063829995691776,0.013000000268220901,0.11620000004768372
YEL018W,YPL041C,0,-3.416908,0.01105442177504301,0.013000000268220901,0.11630000174045563
YKL172W,YKL201C,0,-3.417209,0.011045029386878014,0.013000000268220901,0.11640000343322754
YHR115C,YNL213C,0,-3.417584,0.01103565376251936,0.013000000268220901,0.11649999767541885
YLR383W,YHR016C,0,-3.417735,0.0110262930393219,0.013000000268220901,0.11659999936819077
YJL116C,YJL080C,0,-3.4190335,0.011016949079930782,0.013000000268220901,0.11670000106096268
YLR155C,YHR058C,0,-3.4194858,0.011007620953023434,0.013000000268220901,0.11680000275373459
YDL235C,YLR224W,0,-3.4195263,0.010998307727277279,0.013000000268220901,0.1168999969959259
YFL048C,YER070W,0,-3.42128,0.010989011265337467,0.013000000268220901,0.11699999868869781
YNL327W,YBR185C,0,-3.4214852,0.01097972970455885,0.013000000268220901,0.11710000038146973
YOL158C,YDL083C,0,-3.4216166,0.010970463976264,0.013000000268220901,0.11720000207424164
YDR082W,YBL039C,0,-3.422487,0.010961214080452919,0.013000000268220901,0.11729999631643295
YLL018C-A,YDR259C,0,-3.422906,0.010951980017125607,0.013000000268220901,0.11739999800920486
YHR183W,YMR059W,0,-3.4231625,0.010942760854959488,0.013000000268220901,0.11749999970197678
YDR507C,YBL100W-B,0,-3.424033,0.010933557525277138,0.013000000268220901,0.11760000139474869
YJL184W,YDR306C,0,-3.425911,0.010924370028078556,0.013000000268220901,0.1177000030875206
YNR015W,YIL080W,0,-3.4260917,0.010915197432041168,0.013000000268220901,0.11779999732971191
YLR205C,YMR235C,0,-3.4263747,0.010906040668487549,0.013000000268220901,0.11789999902248383
YHR005C,YML118W,0,-3.4276395,0.010896898806095123,0.013000000268220901,0.11800000071525574
YJL109C,YDR306C,0,-3.4289556,0.010887771844863892,0.013000000268220901,0.11810000240802765
YHR039C,YHR124W,0,-3.4295847,0.010878660716116428,0.013000000268220901,0.11819999665021896
YKL196C,YCL019W,0,-3.4295852,0.010869565419852734,0.013000000268220901,0.11829999834299088
YAL038W,YKL138C-A,0,-3.4296503,0.010860484093427658,0.013000000268220901,0.11840000003576279
YER172C,YLL017W,0,-3.4299169,0.010851418599486351,0.013000000268220901,0.1185000017285347
YPR176C,YNL213C,0,-3.4307117,0.010842368938028812,0.013000000268220901,0.11860000342130661
YKL092C,YNR067C,0,-3.4308472,0.010833333246409893,0.013000000268220901,0.11869999766349792
YCR034W,YDR243C,0,-3.4308982,0.010824313387274742,0.013000000268220901,0.11879999935626984
YDL022W,YDR180W,0,-3.4311147,0.01081530749797821,0.013000000268220901,0.11890000104904175
YNL051W,YLL012W,0,-3.4319906,0.010806317441165447,0.013000000268220901,0.11900000274181366
YGL073W,YDL030W,0,-3.4323416,0.010797342285513878,0.013000000268220901,0.11909999698400497
YDL039C,YOR208W,0,-3.4324222,0.010788382031023502,0.013000000268220901,0.11919999867677689
YOR109W,YBR084W,0,-3.4325628,0.010779435746371746,0.013000000268220901,0.1193000003695488
YBR040W,YGR119C,0,-3.4326942,0.010770505294203758,0.013000000268220901,0.11940000206232071
YDR317W,YDR545W,0,-3.4330976,0.010761589743196964,0.013000000268220901,0.11949999630451202
YPL227C,YLR081W,0,-3.4334164,0.01075268816202879,0.013000000268220901,0.11959999799728394
YLL024C,YMR046C,0,-3.4335978,0.010743801482021809,0.013000000268220901,0.11969999969005585
YDR516C,YPL019C,0,-3.4341683,0.010734929703176022,0.013000000268220901,0.11980000138282776
YDR488C,YER053C,0,-3.4348402,0.010726072825491428,0.013000000268220901,0.11990000307559967
YDR138W,YAL068C,0,-3.4348984,0.010717229917645454,0.013000000268220901,0.11999999731779099
YKR050W,YGR122W,0,-3.4351268,0.010708401910960674,0.013000000268220901,0.1200999990105629
YDR060W,YGR122W,0,-3.4355855,0.010699588805437088,0.013000000268220901,0.12020000070333481
YBR159W,YIR041W,0,-3.4375575,0.010690789669752121,0.013000000268220901,0.12030000239610672
YMR054W,YJR029W,0,-3.4383223,0.010682004503905773,0.013000000268220901,0.12039999663829803
YGL136C,YIL082W-A,0,-3.4415874,0.010673235170543194,0.013000000268220901,0.12049999833106995
YLR223C,YBL039C,0,-3.4426422,0.010664478875696659,0.013000000268220901,0.12060000002384186
YPR168W,YOR208W,0,-3.4428535,0.010655737482011318,0.013000000268220901,0.12070000171661377
YGR166W,YAL025C,0,-3.443073,0.010647010989487171,0.013000000268220901,0.12080000340938568
YMR319C,YNL299W,0,-3.443756,0.010638297535479069,0.013000000268220901,0.120899997651577
YMR172W,YJL113W,0,-3.4440951,0.01062959898263216,0.013000000268220901,0.12099999934434891
YER014C-A,YOR270C,0,-3.4442444,0.010620915330946445,0.013000000268220901,0.12110000103712082
YGL241W,YER190W,0,-3.4446068,0.010612244717776775,0.013000000268220901,0.12120000272989273
YHR085W,YJR120W,0,-3.4449654,0.010603589005768299,0.013000000268220901,0.12129999697208405
YMR290C,YPL156C,0,-3.4450262,0.010594947263598442,0.013000000268220901,0.12139999866485596
YBR276C,YNL007C,0,-3.4467635,0.010586319491267204,0.013000000268220901,0.12150000035762787
YPL194W,YOR267C,0,-3.4476507,0.010577705688774586,0.013000000268220901,0.12160000205039978
YNL039W,YGR246C,1,-3.449152,0.01138211414217949,0.014000000432133675,0.12160000205039978
YJL196C,YOR305W,0,-3.4498258,0.011372867971658707,0.014000000432133675,0.1216999962925911
YNL080C,YCL020W,0,-3.4506013,0.011363636702299118,0.014000000432133675,0.121799997985363
YJL010C,YJL056C,0,-3.4507914,0.011354420334100723,0.014000000432133675,0.12189999967813492
YML078W,YOL101C,0,-3.4509392,0.011345218867063522,0.014000000432133675,0.12200000137090683
YGR135W,YDL118W,0,-3.4513218,0.011336032301187515,0.014000000432133675,0.12210000306367874
YPR133C,YGL039W,0,-3.4515455,0.011326860636472702,0.014000000432133675,0.12219999730587006
YLR403W,YNL213C,0,-3.4518573,0.011317703872919083,0.014000000432133675,0.12229999899864197
YNL221C,YAR010C,0,-3.452137,0.011308562010526657,0.014000000432133675,0.12240000069141388
YDR358W,YPR095C,0,-3.4524546,0.011299435049295425,0.014000000432133675,0.12250000238418579
YMR128W,YLL017W,0,-3.453104,0.011290322989225388,0.014000000432133675,0.1225999966263771
YMR272C,YNL202W,0,-3.45387,0.011281224898993969,0.014000000432133675,0.12269999831914902
YHR143W,YPL231W,0,-3.455415,0.011272141709923744,0.014000000432133675,0.12280000001192093
YBR070C,YDR065W,0,-3.4556737,0.011263073422014713,0.014000000432133675,0.12290000170469284
YDR016C,YOL104C,0,-3.4575045,0.011254019103944302,0.014000000432133675,0.12300000339746475
YBR070C,YBL100W-A,0,-3.4579275,0.011244979687035084,0.014000000432133675,0.12309999763965607
YER002W,YHR048W,0,-3.4593415,0.01123595517128706,0.014000000432133675,0.12319999933242798
YPL193W,YFL026W,0,-3.459491,0.011226944625377655,0.014000000432133675,0.12330000102519989
YKR024C,YJL222W,0,-3.4596796,0.011217948980629444,0.014000000432133675,0.1234000027179718
YBL034C,YLR222C,0,-3.4611797,0.011208967305719852,0.014000000432133675,0.12349999696016312
YPR049C,YJL157C,0,-3.4614575,0.01119999960064888,0.014000000432133675,0.12359999865293503
YNL323W,YJR026W,0,-3.4619288,0.011191046796739101,0.014000000432133675,0.12370000034570694
YOR371C,YER180C-A,0,-3.4630604,0.011182108893990517,0.014000000432133675,0.12380000203847885
YEL071W,YER180C-A,0,-3.463158,0.011173184029757977,0.014000000432133675,0.12389999628067017
YGR192C,YDR131C,0,-3.463572,0.01116427406668663,0.014000000432133675,0.12399999797344208
YBR298C,YLR224W,0,-3.4638765,0.011155378073453903,0.014000000432133675,0.12409999966621399
YLR411W,YLR043C,0,-3.4641583,0.01114649698138237,0.014000000432133675,0.1242000013589859
YBL079W,YKL070W,0,-3.464212,0.011137628927826881,0.014000000432133675,0.12430000305175781
YPL075W,YLR205C,0,-3.464467,0.011128775775432587,0.014000000432133675,0.12439999729394913
YDR358W,YDR302W,0,-3.4649835,0.011119936592876911,0.014000000432133675,0.12449999898672104
YER014C-A,YBR257W,0,-3.4653685,0.011111111380159855,0.014000000432133675,0.12460000067949295
YGR256W,YNL046W,0,-3.4654348,0.011102300137281418,0.014000000432133675,0.12470000237226486
YJL184W,YDL227C,0,-3.4659724,0.011093501932919025,0.014000000432133675,0.12479999661445618
YCL016C,YOL126C,0,-3.4665818,0.011084718629717827,0.014000000432133675,0.12489999830722809
YHR170W,YGR091W,0,-3.466669,0.011075949296355247,0.014000000432133675,0.125
YGR279C,YKL070W,0,-3.4675906,0.011067193932831287,0.014000000432133675,0.1251000016927719
YKL074C,YDR213W,0,-3.467975,0.011058451607823372,0.014000000432133675,0.12520000338554382
YGL133W,YPR078C,0,-3.468023,0.01104972418397665,0.014000000432133675,0.12530000507831573
YDL003W,YMR045C,0,-3.4683716,0.011041009798645973,0.014000000432133675,0.12540000677108765
YGL158W,YGL048C,0,-3.4686089,0.01103230845183134,0.014000000432133675,0.12549999356269836
YIL068C,YJR026W,0,-3.4687915,0.011023622006177902,0.014000000432133675,0.12559999525547028
YOR195W,YKL075C,0,-3.4699287,0.011014948599040508,0.014000000432133675,0.1256999969482422
YPR041W,YMR046C,0,-3.4705777,0.011006289161741734,0.014000000432133675,0.1257999986410141
YOR351C,YOR153W,0,-3.4709258,0.010997643694281578,0.014000000432133675,0.125900000333786
YJL106W,YNR053C,0,-3.4712353,0.010989011265337467,0.014000000432133675,0.12600000202655792
YIR019C,YPL012W,0,-3.4740987,0.010980391874909401,0.014000000432133675,0.12610000371932983
YOR068C,YDR115W,0,-3.4741087,0.010971786454319954,0.014000000432133675,0.12620000541210175
YMR145C,YJL056C,0,-3.4746115,0.010963195003569126,0.014000000432133675,0.12630000710487366
YPL059W,YLR205C,0,-3.474961,0.010954616591334343,0.014000000432133675,0.12639999389648438
YCR034W,YDR492W,0,-3.4753275,0.010946051217615604,0.014000000432133675,0.1264999955892563
YOL158C,YAL025C,0,-3.4757133,0.010937499813735485,0.014000000432133675,0.1265999972820282
YOL101C,YLR378C,0,-3.47677,0.01092896144837141,0.014000000432133675,0.1266999989748001
YPL231W,YJR118C,0,-3.4778173,0.010920437052845955,0.014000000432133675,0.12680000066757202
YPR131C,YKL178C,0,-3.4783578,0.01091192476451397,0.014000000432133675,0.12690000236034393
YAR019C,YGR108W,0,-3.4790237,0.010903426446020603,0.014000000432133675,0.12700000405311584
YPL100W,YCR072C,0,-3.479894,0.010894942097365856,0.014000000432133675,0.12710000574588776
YER145C,YOR206W,0,-3.480887,0.01088646985590458,0.014000000432133675,0.12720000743865967
YHR171W,YLL017W,0,-3.481134,0.010878010652959347,0.014000000432133675,0.12729999423027039
YCL055W,YCL005W-A,0,-3.4812155,0.010869565419852734,0.014000000432133675,0.1273999959230423
YDR384C,YDR436W,0,-3.4816406,0.01086113229393959,0.014000000432133675,0.1274999976158142
YDL028C,YER190W,0,-3.48176,0.010852713137865067,0.014000000432133675,0.12759999930858612
YMR058W,YNR048W,0,-3.4821625,0.010844307020306587,0.014000000432133675,0.12770000100135803
YPL187W,YDR238C,0,-3.4824405,0.010835913009941578,0.014000000432133675,0.12780000269412994
YDL044C,YKL212W,0,-3.4841518,0.010827532969415188,0.014000000432133675,0.12790000438690186
YER019C-A,YDR065W,0,-3.4846,0.010819165036082268,0.014000000432133675,0.12800000607967377
YPR065W,YPR036W,0,-3.4847074,0.010810811072587967,0.014000000432133675,0.12809999287128448
YOR109W,YML045W,0,-3.4847312,0.010802469216287136,0.014000000432133675,0.1281999945640564
YJR125C,YML040W,0,-3.4856997,0.01079414039850235,0.014000000432133675,0.1282999962568283
YMR272C,YGL162W,0,-3.4857755,0.010785824619233608,0.014000000432133675,0.12839999794960022
YBR088C,YBL034C,0,-3.4862437,0.010777520947158337,0.014000000432133675,0.12849999964237213
YHR055C,YMR059W,0,-3.4870734,0.01076923031359911,0.014000000432133675,0.12860000133514404
YJR053W,YDR451C,0,-3.4872828,0.010760952718555927,0.014000000432133675,0.12870000302791595
YNL239W,YHR020W,0,-3.4880872,0.01075268816202879,0.014000000432133675,0.12880000472068787
YHR053C,YPL126W,0,-3.4884176,0.010744435712695122,0.014000000432133675,0.12890000641345978
YLR418C,YMR250W,0,-3.488789,0.010736196301877499,0.014000000432133675,0.1289999932050705
YPR176C,YDR277C,0,-3.489386,0.010727968998253345,0.014000000432133675,0.1290999948978424
YER054C,YDL244W,0,-3.4901092,0.010719754733145237,0.014000000432133675,0.12919999659061432
YJL170C,YPR191W,0,-3.4902244,0.010711553506553173,0.014000000432133675,0.12929999828338623
YAR033W,YLR132C,0,-3.491128,0.010703363455832005,0.014000000432133675,0.12939999997615814
YBL013W,YGR119C,0,-3.491354,0.010695187374949455,0.014000000432133675,0.12950000166893005
YER125W,YER160C,0,-3.4916291,0.010687022469937801,0.014000000432133675,0.12960000336170197
YBL032W,YPL130W,0,-3.4928193,0.010678871534764767,0.014000000432133675,0.12970000505447388
YNL298W,YPL096C-A,0,-3.4931939,0.010670731775462627,0.014000000432133675,0.1298000067472458
YML061C,YBR126C,0,-3.4942026,0.010662605054676533,0.014000000432133675,0.1298999935388565
YLR081W,YNL044W,0,-3.4944475,0.010654490441083908,0.014000000432133675,0.12999999523162842
YGR010W,YCL019W,0,-3.4949837,0.010646387934684753,0.014000000432133675,0.13009999692440033
YPL152W,YDL098C,0,-3.495184,0.010638297535479069,0.014000000432133675,0.13019999861717224
YCL001W,YML045W,0,-3.4952757,0.010630220174789429,0.014000000432133675,0.13030000030994415
YBL046W,YER190W,0,-3.4952993,0.010622154921293259,0.014000000432133675,0.13040000200271606
YAL038W,YMR232W,0,-3.496562,0.010614101774990559,0.014000000432133675,0.13050000369548798
YNL007C,YMR273C,0,-3.4966729,0.010606060735881329,0.014000000432133675,0.1306000053882599
YLR272C,YCL075W,0,-3.497313,0.010598031803965569,0.014000000432133675,0.1307000070810318
YMR165C,YOR290C,0,-3.4981313,0.010590014979243279,0.014000000432133675,0.13079999387264252
YOL165C,YGR192C,0,-3.4986033,0.010582010261714458,0.014000000432133675,0.13089999556541443
YGL037C,YDR369C,0,-3.499259,0.010574018582701683,0.014000000432133675,0.13099999725818634
YER044C-A,YLR105C,0,-3.4995794,0.010566038079559803,0.014000000432133675,0.13109999895095825
YLR411W,YML104C,0,-3.4997938,0.010558069683611393,0.014000000432133675,0.13120000064373016
YDR320C-A,YOR297C,0,-3.4999738,0.010550113394856453,0.014000000432133675,0.13130000233650208
YOR216C,YGR008C,0,-3.5002773,0.010542168281972408,0.014000000432133675,0.131400004029274
YEL042W,YKL173W,0,-3.500887,0.010534236207604408,0.014000000432133675,0.1315000057220459
YJR150C,YJL050W,0,-3.5010753,0.010526316240429878,0.014000000432133675,0.1316000074148178
YKL046C,YLR224W,0,-3.501266,0.010518407449126244,0.014000000432133675,0.13169999420642853
YLL061W,YKL212W,0,-3.502028,0.010510510765016079,0.014000000432133675,0.13179999589920044
YJR097W,YLR132C,0,-3.502814,0.01050262525677681,0.014000000432133675,0.13189999759197235
YER120W,YOR356W,0,-3.5033996,0.010494752787053585,0.014000000432133675,0.13199999928474426
YDR296W,YJR141W,0,-3.504064,0.010486891493201256,0.014000000432133675,0.13210000097751617
YMR138W,YKL088W,0,-3.504579,0.010479042306542397,0.014000000432133675,0.13220000267028809
YMR250W,YOL112W,0,-3.5053623,0.010471204295754433,0.014000000432133675,0.13230000436306
YBR273C,YJR029W,0,-3.5058408,0.010463378392159939,0.014000000432133675,0.1324000060558319
YGL162W,YNL247W,0,-3.506699,0.01045556366443634,0.014000000432133675,0.13249999284744263
YGL183C,YMR089C,0,-3.5067534,0.010447761043906212,0.014000000432133675,0.13259999454021454
YKL191W,YNL339C,0,-3.5069942,0.010439970530569553,0.014000000432133675,0.13269999623298645
YER105C,YJR141W,0,-3.50752,0.01043219119310379,0.014000000432133675,0.13279999792575836
YGR286C,YJL010C,0,-3.5106544,0.010424423031508923,0.014000000432133675,0.13289999961853027
YDR184C,YKL201C,0,-3.5131392,0.010416666977107525,0.014000000432133675,0.13300000131130219
YGR166W,YBL071W-A,0,-3.5136337,0.010408922098577023,0.014000000432133675,0.1331000030040741
YKL143W,YDL154W,0,-3.5140665,0.010401188395917416,0.014000000432133675,0.133200004696846
YML078W,YDR018C,0,-3.5142112,0.010393466800451279,0.014000000432133675,0.13330000638961792
YDR363W,YML040W,0,-3.5147297,0.010385756380856037,0.014000000432133675,0.13339999318122864
YBL069W,YIL154C,0,-3.5149739,0.010378058068454266,0.014000000432133675,0.13349999487400055
YLR205C,YER125W,0,-3.5151715,0.010370370000600815,0.014000000432133675,0.13359999656677246
YGL115W,YDR131C,0,-3.5152595,0.010362694039940834,0.014000000432133675,0.13369999825954437
YGL192W,YDR065W,0,-3.51552,0.010355029255151749,0.014000000432133675,0.13379999995231628
YKL185W,YDR039C,0,-3.515542,0.010347376577556133,0.014000000432133675,0.1339000016450882
YNR067C,YOR272W,0,-3.5166166,0.010339734144508839,0.014000000432133675,0.1340000033378601
YNL112W,YNR039C,0,-3.5170825,0.01033210288733244,0.014000000432133675,0.13410000503063202
YFL031W,YOR287C,0,-3.5173466,0.01032448373734951,0.014000000432133675,0.13420000672340393
YDR375C,YNL247W,0,-3.5175555,0.010316875763237476,0.014000000432133675,0.13429999351501465
YOL090W,YDR312W,0,-3.5207083,0.010309278033673763,0.014000000432133675,0.13439999520778656
YBL042C,YLL061W,0,-3.520801,0.01030169241130352,0.014000000432133675,0.13449999690055847
YGR206W,YJR026W,0,-3.520859,0.010294117964804173,0.014000000432133675,0.13459999859333038
YJL116C,YKL038W,0,-3.5209079,0.010286553762853146,0.014000000432133675,0.1347000002861023
YOL104C,YAL017W,0,-3.5214643,0.010279001668095589,0.014000000432133675,0.1348000019788742
YNL038W,YML045W,0,-3.521738,0.010271459817886353,0.014000000432133675,0.13490000367164612
YPR176C,YGL209W,0,-3.521747,0.010263930074870586,0.014000000432133675,0.13500000536441803
YER056C,YKL201C,0,-3.5223024,0.010256410576403141,0.014000000432133675,0.13510000705718994
YDR216W,YCR106W,0,-3.5247633,0.010248902253806591,0.014000000432133675,0.13519999384880066
YOR037W,YML045W,0,-3.5256424,0.010241404175758362,0.014000000432133675,0.13529999554157257
YPL192C,YBR267W,0,-3.528861,0.010233918204903603,0.014000000432133675,0.13539999723434448
YOR230W,YHR048W,0,-3.530108,0.010226442478597164,0.014000000432133675,0.1354999989271164
YOR079C,YOR310C,0,-3.5301332,0.010218977928161621,0.014000000432133675,0.1356000006198883
YIR021W,YLR249W,0,-3.530518,0.010211524553596973,0.014000000432133675,0.13570000231266022
YDR384C,YMR106C,0,-3.5315928,0.010204081423580647,0.014000000432133675,0.13580000400543213
YGR060W,YDR490C,0,-3.5316322,0.010196649469435215,0.014000000432133675,0.13590000569820404
YHR188C,YMR134W,0,-3.533155,0.010189228691160679,0.014000000432133675,0.13600000739097595
YER045C,YER028C,1,-3.5343337,0.010909090749919415,0.014999999664723873,0.13600000739097595
YBL078C,YKL092C,0,-3.535092,0.010901162400841713,0.014999999664723873,0.13609999418258667
YHR197W,YPR078C,0,-3.5357947,0.010893246158957481,0.014999999664723873,0.13619999587535858
YPR065W,YPR143W,0,-3.535997,0.010885341092944145,0.014999999664723873,0.1362999975681305
YGR188C,YNL339C,0,-3.5370746,0.010877447202801704,0.014999999664723873,0.1363999992609024
YGR155W,YCL005W-A,0,-3.538694,0.010869565419852734,0.014999999664723873,0.13650000095367432
YGL155W,YJR145C,0,-3.5388613,0.010861694812774658,0.014999999664723873,0.13660000264644623
YMR117C,YDR086C,0,-3.5391629,0.010853835381567478,0.014999999664723873,0.13670000433921814
YKL201C,YPR107C,0,-3.5394568,0.010845987126231194,0.014999999664723873,0.13680000603199005
YNL279W,YDL077C,0,-3.5400662,0.010838150046765804,0.014999999664723873,0.13689999282360077
YCL010C,YDR146C,0,-3.5412338,0.010830325074493885,0.014999999664723873,0.13699999451637268
YFR019W,YBR133C,0,-3.5412421,0.010822511278092861,0.014999999664723873,0.1370999962091446
YLR411W,YFR052W,0,-3.541576,0.010814707726240158,0.014999999664723873,0.1371999979019165
YIL019W,YGL178W,0,-3.5418615,0.010806916281580925,0.014999999664723873,0.13729999959468842
YIL063C,YMR045C,0,-3.5419369,0.010799136012792587,0.014999999664723873,0.13740000128746033
YNR075W,YDR013W,0,-3.5424929,0.010791366919875145,0.014999999664723873,0.13750000298023224
YJR118C,YBL005W-B,0,-3.5428214,0.010783609002828598,0.014999999664723873,0.13760000467300415
YHR042W,YPL124W,0,-3.5431995,0.010775862261652946,0.014999999664723873,0.13770000636577606
YJL102W,YHR172W,0,-3.5435057,0.01076812669634819,0.014999999664723873,0.13779999315738678
YLR098C,YLL011W,0,-3.543653,0.010760401375591755,0.014999999664723873,0.1378999948501587
YGR246C,YNL314W,1,-3.5442772,0.011469533666968346,0.01600000075995922,0.1378999948501587
YLR377C,YKL062W,0,-3.5447643,0.011461318470537663,0.01600000075995922,0.1379999965429306
YIR005W,YML104C,0,-3.5452993,0.0114531135186553,0.01600000075995922,0.13809999823570251
YDL039C,YJR045C,0,-3.5462084,0.011444921605288982,0.01600000075995922,0.13819999992847443
YNL167C,YGR008C,0,-3.546403,0.01143674086779356,0.01600000075995922,0.13830000162124634
YNL051W,YER018C,0,-3.5464196,0.011428571306169033,0.01600000075995922,0.13840000331401825
YPL187W,YDL084W,0,-3.5467153,0.011420413851737976,0.01600000075995922,0.13850000500679016
YPL110C,YAL017W,0,-3.5469236,0.011412268504500389,0.01600000075995922,0.13860000669956207
YGR162W,YMR218C,0,-3.546983,0.011404134333133698,0.01600000075995922,0.1386999934911728
YHR148W,YNR026C,0,-3.5475502,0.011396011337637901,0.01600000075995922,0.1387999951839447
YDR446W,YPL156C,0,-3.5476904,0.011387900449335575,0.01600000075995922,0.1388999968767166
YOL149W,YKL070W,0,-3.5478244,0.011379800736904144,0.01600000075995922,0.13899999856948853
YKL201C,YKR095W-A,0,-3.5478325,0.011371713131666183,0.01600000075995922,0.13910000026226044
YDL128W,YOR305W,0,-3.5484319,0.011363636702299118,0.01600000075995922,0.13920000195503235
YKL213C,YAR035W,0,-3.5494442,0.011355571448802948,0.01600000075995922,0.13930000364780426
YML046W,YLL016W,0,-3.5504742,0.011347517371177673,0.01600000075995922,0.13940000534057617
YPL037C,YBR040W,0,-3.5505838,0.011339475400745869,0.01600000075995922,0.13950000703334808
YDL013W,YHR048W,0,-3.55067,0.01133144460618496,0.01600000075995922,0.1395999938249588
YGL226C-A,YIL160C,0,-3.550855,0.011323424987494946,0.01600000075995922,0.1396999955177307
YKL138C-A,YJL106W,0,-3.5509386,0.011315417475998402,0.01600000075995922,0.13979999721050262
YKR056W,YGR111W,0,-3.5512114,0.011307420209050179,0.01600000075995922,0.13989999890327454
YDL200C,YJR026W,0,-3.5522957,0.011299435049295425,0.01600000075995922,0.14000000059604645
YOR351C,YLR337C,0,-3.5523715,0.011291461065411568,0.01600000075995922,0.14010000228881836
YDR479C,YPL258C,0,-3.5524237,0.011283498257398605,0.01600000075995922,0.14020000398159027
YJR013W,YAR010C,0,-3.5533786,0.011275545693933964,0.01600000075995922,0.14030000567436218
YJL006C,YER180C-A,0,-3.5534613,0.011267605237662792,0.01600000075995922,0.1404000073671341
YOR381W,YAL025C,0,-3.55359,0.011259675957262516,0.01600000075995922,0.1404999941587448
YMR232W,YGR162W,0,-3.5541387,0.011251757852733135,0.01600000075995922,0.14059999585151672
YBR040W,YER075C,0,-3.5543728,0.01124385092407465,0.01600000075995922,0.14069999754428864
YPL256C,YDL093W,0,-3.556982,0.01123595517128706,0.01600000075995922,0.14079999923706055
YBR133C,YDR018C,0,-3.5572433,0.011228070594370365,0.01600000075995922,0.14090000092983246
YIR028W,YIL154C,0,-3.5572672,0.011220196262001991,0.01600000075995922,0.14100000262260437
YPL012W,YNL313C,0,-3.557448,0.011212333105504513,0.01600000075995922,0.14110000431537628
YHR036W,YKL086W,0,-3.5579839,0.011204482056200504,0.01600000075995922,0.1412000060081482
YBR161W,YMR290C,0,-3.5584097,0.011196641251444817,0.01600000075995922,0.1412999927997589
YLR223C,YHL034C,0,-3.5590658,0.011188811622560024,0.01600000075995922,0.14139999449253082
YNR074C,YMR232W,0,-3.561381,0.011180992238223553,0.01600000075995922,0.14149999618530273
YKR095W,YKL201C,0,-3.5630863,0.011173184029757977,0.01600000075995922,0.14159999787807465
YPL121C,YGL022W,0,-3.563386,0.011165386997163296,0.01600000075995922,0.14169999957084656
YGR144W,YJR029W,0,-3.5638146,0.01115760114043951,0.01600000075995922,0.14180000126361847
YBR210W,YBL075C,0,-3.5640373,0.011149825528264046,0.01600000075995922,0.14190000295639038
YML042W,YOR074C,0,-3.564391,0.011142061091959476,0.01600000075995922,0.1420000046491623
YML104C,YOR145C,0,-3.5652528,0.011134307831525803,0.01600000075995922,0.1421000063419342
YGL253W,YLR116W,0,-3.5654986,0.01112656481564045,0.01600000075995922,0.14219999313354492
YKL176C,YJL113W,0,-3.5657697,0.011118832975625992,0.01600000075995922,0.14229999482631683
YDL080C,YGR111W,0,-3.565795,0.011111111380159855,0.01600000075995922,0.14239999651908875
YPL043W,YDR131C,0,-3.5660167,0.011103400029242039,0.01600000075995922,0.14249999821186066
YDR108W,YMR046C,0,-3.5661206,0.011095700785517693,0.01600000075995922,0.14259999990463257
YBR086C,YPL041C,0,-3.5661922,0.011088010855019093,0.01600000075995922,0.14270000159740448
YBR085W,YHL020C,0,-3.5670485,0.011080332100391388,0.01600000075995922,0.1428000032901764
YNL233W,YOL101C,0,-3.5676463,0.011072664521634579,0.01600000075995922,0.1429000049829483
YBR040W,YIL144W,0,-3.5679889,0.01106500718742609,0.01600000075995922,0.14300000667572021
YNR002C,YGL135W,0,-3.5684617,0.011057360097765923,0.01600000075995922,0.14309999346733093
YPL006W,YER180C-A,0,-3.5695446,0.01104972418397665,0.01600000075995922,0.14319999516010284
YMR202W,YLL012W,0,-3.569881,0.011042097583413124,0.01600000075995922,0.14329999685287476
YDL102W,YOR003W,0,-3.569971,0.011034483090043068,0.01600000075995922,0.14339999854564667
YER061C,YJR028W,0,-3.5699985,0.011026877909898758,0.01600000075995922,0.14350000023841858
YLR155C,YGL233W,0,-3.5716681,0.011019283905625343,0.01600000075995922,0.1436000019311905
YKL138C-A,YKR007W,0,-3.5720072,0.01101170014590025,0.01600000075995922,0.1437000036239624
YDR404C,YGR111W,0,-3.5724833,0.011004126630723476,0.01600000075995922,0.14380000531673431
YNL039W,YGR274C,1,-3.5726805,0.011683848686516285,0.017000000923871994,0.14380000531673431
YPL131W,YER103W,0,-3.5730724,0.011675824411213398,0.017000000923871994,0.14390000700950623
YHR166C,YER044C-A,0,-3.573299,0.011667810380458832,0.017000000923871994,0.14399999380111694
YDR343C,YCL063W,0,-3.5738654,0.011659807525575161,0.017000000923871994,0.14409999549388885
YNR038W,YHR061C,0,-3.5743687,0.01165181677788496,0.017000000923871994,0.14419999718666077
YLR028C,YKL070W,0,-3.5745554,0.011643835343420506,0.017000000923871994,0.14429999887943268
YJR025C,YPL146C,0,-3.5746303,0.011635866016149521,0.017000000923871994,0.1444000005722046
YOL067C,YBR198C,1,-3.5751157,0.012311901897192001,0.017999999225139618,0.1444000005722046
YOR061W,YJR028W,0,-3.5753336,0.012303485535085201,0.017999999225139618,0.1445000022649765
YIR028W,YOR287C,0,-3.5759192,0.012295082211494446,0.017999999225139618,0.1446000039577484
YLL061W,YAL033W,0,-3.576317,0.012286689132452011,0.017999999225139618,0.14470000565052032
YPL265W,YNL339C,0,-3.5764103,0.012278308160603046,0.017999999225139618,0.14480000734329224
YBL042C,YGL162W,0,-3.5766187,0.012269938364624977,0.017999999225139618,0.14489999413490295
YLR134W,YJR156C,0,-3.577101,0.012261580675840378,0.017999999225139618,0.14499999582767487
YLR216C,YOR180C,0,-3.5773172,0.0122532332316041,0.017999999225139618,0.14509999752044678
YDR363W,YGR070W,0,-3.5774121,0.01224489789456129,0.017999999225139618,0.1451999992132187
YDR259C,YDR306C,0,-3.5774398,0.012236573733389378,0.017999999225139618,0.1453000009059906
YCL035C,YLR303W,0,-3.5775616,0.01222826074808836,0.017999999225139618,0.1454000025987625
YCR107W,YMR301C,0,-3.5776014,0.012219958938658237,0.017999999225139618,0.14550000429153442
YBL082C,YDR213W,0,-3.5776021,0.012211669236421585,0.017999999225139618,0.14560000598430634
YOL165C,YDR065W,0,-3.5776744,0.012203389778733253,0.017999999225139618,0.14569999277591705
YNL279W,YMR088C,0,-3.5779934,0.012195121496915817,0.017999999225139618,0.14579999446868896
YJL110C,YHR170W,0,-3.578158,0.012186865322291851,0.017999999225139618,0.14589999616146088
YLR106C,YGL169W,0,-3.5787141,0.012178619392216206,0.017999999225139618,0.1459999978542328
YPL194W,YEL071W,0,-3.578834,0.01217038556933403,0.017999999225139618,0.1460999995470047
YPR200C,YLR276C,0,-3.5790923,0.012162161991000175,0.017999999225139618,0.1462000012397766
YOL033W,YDR213W,0,-3.579571,0.012153949588537216,0.017999999225139618,0.14630000293254852
YGR104C,YNL045W,0,-3.5805545,0.012145749293267727,0.017999999225139618,0.14640000462532043
YML060W,YLR467W,0,-3.5811317,0.012137559242546558,0.017999999225139618,0.14650000631809235
YNR056C,YGR118W,0,-3.5821607,0.012129380367696285,0.017999999225139618,0.14659999310970306
YNL281W,YLR426W,0,-3.58242,0.012121211737394333,0.017999999225139618,0.14669999480247498
YBL075C,YMR089C,0,-3.5834708,0.01211305521428585,0.017999999225139618,0.1467999964952469
YAR019C,YDR358W,0,-3.583552,0.012104908935725689,0.017999999225139618,0.1468999981880188
YLR361C,YCL040W,0,-3.58456,0.012096773833036423,0.017999999225139618,0.1469999998807907
YKL043W,YPR107C,0,-3.585442,0.012088649906218052,0.017999999225139618,0.14710000157356262
YHR124W,YGR123C,0,-3.585583,0.012080537155270576,0.017999999225139618,0.14720000326633453
YKL092C,YLL011W,0,-3.5858576,0.012072434648871422,0.017999999225139618,0.14730000495910645
YLR196W,YPL092W,0,-3.586135,0.012064343318343163,0.017999999225139618,0.14740000665187836
YGR192C,YJR029W,0,-3.5866153,0.012056262232363224,0.017999999225139618,0.14749999344348907
YNL331C,YDR306C,0,-3.5874355,0.012048192322254181,0.017999999225139618,0.147599995136261
YNR011C,YOR224C,0,-3.5878499,0.012040133588016033,0.017999999225139618,0.1476999968290329
YKL205W,YLR132C,0,-3.5880048,0.012032085098326206,0.017999999225139618,0.1477999985218048
YLR309C,YLR224W,0,-3.5886219,0.012024047784507275,0.017999999225139618,0.14790000021457672
YPL235W,YMR045C,0,-3.5888252,0.012016021646559238,0.017999999225139618,0.14800000190734863
YHR143W,YGR111W,0,-3.589168,0.012008005753159523,0.017999999225139618,0.14810000360012054
YJL102W,YER123W,0,-3.5895245,0.012000000104308128,0.017999999225139618,0.14820000529289246
YNL130C,YGL093W,0,-3.5909207,0.011992005631327629,0.017999999225139618,0.14830000698566437
YPL258C,YKR059W,0,-3.5921297,0.01198402140289545,0.017999999225139618,0.14839999377727509
YLR196W,YLR453C,0,-3.5923781,0.011976048350334167,0.017999999225139618,0.148499995470047
YFR028C,YBR160W,0,-3.5928085,0.011968085542321205,0.017999999225139618,0.1485999971628189
YDR378C,YOR298W,0,-3.5943613,0.011960132978856564,0.017999999225139618,0.14869999885559082
YHR056C,YGR161C,0,-3.5949826,0.011952191591262817,0.017999999225139618,0.14880000054836273
YPR183W,YJR119C,0,-3.5952082,0.011944260448217392,0.017999999225139618,0.14890000224113464
YIL155C,YNR026C,0,-3.5954342,0.011936339549720287,0.017999999225139618,0.14900000393390656
YPR119W,YDR284C,0,-3.5961578,0.011928429827094078,0.017999999225139618,0.14910000562667847
YBR142W,YKL088W,0,-3.5965204,0.011920529417693615,0.017999999225139618,0.14920000731945038
YKR024C,YOL049W,0,-3.5966847,0.011912640184164047,0.017999999225139618,0.1492999941110611
YKR027W,YPL171C,0,-3.5970678,0.011904762126505375,0.017999999225139618,0.149399995803833
YML061C,YIL082W-A,0,-3.597741,0.011896893382072449,0.017999999225139618,0.14949999749660492
YML042W,YLR212C,0,-3.5981958,0.011889035813510418,0.017999999225139618,0.14959999918937683
YLL018C-A,YIR028W,0,-3.5984159,0.011881188489496708,0.017999999225139618,0.14970000088214874
YDR448W,YBL013W,0,-3.5992503,0.011873350478708744,0.017999999225139618,0.14980000257492065
YMR042W,YLR224W,0,-3.5999074,0.011865523643791676,0.017999999225139618,0.14990000426769257
YHR194W,YMR133W,0,-3.599922,0.011857707053422928,0.017999999225139618,0.15000000596046448
YGL053W,YPL176C,0,-3.6001167,0.011849901638925076,0.017999999225139618,0.1500999927520752
YPL256C,YMR089C,0,-3.6002467,0.01184210553765297,0.017999999225139618,0.1501999944448471
YHR096C,YFL005W,0,-3.6005802,0.011834319680929184,0.017999999225139618,0.15029999613761902
YPR119W,YPR103W,0,-3.6008325,0.01182654406875372,0.017999999225139618,0.15039999783039093
YBR217W,YKL086W,0,-3.6009836,0.011818778701126575,0.017999999225139618,0.15049999952316284
YMR012W,YHR157W,0,-3.602137,0.011811023578047752,0.017999999225139618,0.15060000121593475
YLR376C,YKL075C,0,-3.602725,0.01180327869951725,0.017999999225139618,0.15070000290870667
YMR058W,YCR008W,0,-3.6027913,0.011795544065535069,0.017999999225139618,0.15080000460147858
YFR019W,YBL008W,0,-3.6033332,0.011787819676101208,0.017999999225139618,0.1509000062942505
YJR025C,YOL040C,0,-3.6037898,0.011780104599893093,0.017999999225139618,0.1509999930858612
YIL073C,YDR429C,0,-3.6041367,0.011772400699555874,0.017999999225139618,0.15109999477863312
YMR015C,YEL066W,0,-3.6050835,0.0117647061124444,0.017999999225139618,0.15119999647140503
YLR276C,YIR017C,0,-3.605959,0.011757021769881248,0.017999999225139618,0.15129999816417694
YOR335C,YHR124W,0,-3.607809,0.011749347671866417,0.017999999225139618,0.15139999985694885
YBL030C,YER111C,0,-3.6080148,0.011741682887077332,0.017999999225139618,0.15150000154972076
YDR108W,YEL020W-A,0,-3.6083622,0.011734028346836567,0.017999999225139618,0.15160000324249268
YER118C,YLR150W,0,-3.609342,0.011726384051144123,0.017999999225139618,0.1517000049352646
YGR041W,YMR133W,0,-3.610702,0.01171875,0.017999999225139618,0.1518000066280365
YAL034W-A,YML024W,0,-3.6119146,0.011711125262081623,0.017999999225139618,0.15189999341964722
YGL055W,YIL016W,0,-3.6121588,0.011703510768711567,0.017999999225139618,0.15199999511241913
YCR031C,YFL026W,0,-3.6127014,0.011695906519889832,0.017999999225139618,0.15209999680519104
YEL015W,YER180C-A,0,-3.6129422,0.011688311584293842,0.017999999225139618,0.15219999849796295
YCL004W,YML040W,0,-3.6133347,0.011680726893246174,0.017999999225139618,0.15230000019073486
YOL090W,YEL026W,0,-3.6144137,0.011673151515424252,0.017999999225139618,0.15240000188350677
YJR140C,YOR298W,0,-3.6150315,0.01166558638215065,0.017999999225139618,0.1525000035762787
YKL092C,YHR050W,0,-3.615055,0.01165803149342537,0.017999999225139618,0.1526000052690506
YBR085W,YIL076W,0,-3.6150718,0.01165048498660326,0.017999999225139618,0.1527000069618225
YOR208W,YBL106C,0,-3.615804,0.011642949655652046,0.017999999225139618,0.15279999375343323
YDR363W,YOR003W,0,-3.6162722,0.011635423637926579,0.017999999225139618,0.15289999544620514
YER028C,YDR079C-A,1,-3.6166606,0.01227390207350254,0.01899999938905239,0.15289999544620514
YIL079C,YPL019C,0,-3.617136,0.012265978381037712,0.01899999938905239,0.15299999713897705
YBR081C,YCL020W,0,-3.6172748,0.012258064933121204,0.01899999938905239,0.15309999883174896
YGR169C,YER070W,0,-3.617313,0.012250160798430443,0.01899999938905239,0.15320000052452087
YBL078C,YMR299C,0,-3.6176324,0.012242267839610577,0.01899999938905239,0.15330000221729279
YOR080W,YMR011W,0,-3.618118,0.012234385125339031,0.01899999938905239,0.1534000039100647
YER065C,YBL106C,0,-3.6181216,0.012226512655615807,0.01899999938905239,0.1535000056028366
YKR056W,YML040W,0,-3.6186051,0.012218649499118328,0.01899999938905239,0.15360000729560852
YGR179C,YGL246C,0,-3.6192157,0.01221079658716917,0.01899999938905239,0.15369999408721924
YMR243C,YLL017W,0,-3.6195114,0.012202954851090908,0.01899999938905239,0.15379999577999115
YLR435W,YDR131C,0,-3.6199899,0.012195121496915817,0.01899999938905239,0.15389999747276306
YDR473C,YMR104C,0,-3.6202106,0.012187299318611622,0.01899999938905239,0.15399999916553497
YLL038C,YDR324C,0,-3.6206899,0.012179487384855747,0.01899999938905239,0.15410000085830688
YLL060C,YOL109W,0,-3.62111,0.012171684764325619,0.01899999938905239,0.1542000025510788
YNL078W,YBR050C,0,-3.6215672,0.012163892388343811,0.01899999938905239,0.1543000042438507
YOR157C,YML045W,0,-3.621984,0.012156110256910324,0.01899999938905239,0.15440000593662262
YJR092W,YBR257W,0,-3.622488,0.012148337438702583,0.01899999938905239,0.15449999272823334
YBR159W,YNL186W,0,-3.6225057,0.012140574865043163,0.01899999938905239,0.15459999442100525
YGR258C,YGR279C,0,-3.6225932,0.012132822535932064,0.01899999938905239,0.15469999611377716
YBR161W,YOR233W,0,-3.623097,0.012125079520046711,0.01899999938905239,0.15479999780654907
YOR023C,YOL069W,0,-3.623191,0.012117346748709679,0.01899999938905239,0.15489999949932098
YPR119W,YER157W,0,-3.624478,0.012109624221920967,0.01899999938905239,0.1550000011920929
YCL008C,YGL022W,0,-3.6250677,0.012101911008358002,0.01899999938905239,0.1551000028848648
YCL027W,YML094W,0,-3.625278,0.012094207108020782,0.01899999938905239,0.15520000457763672
YPL155C,YNL299W,0,-3.625638,0.012086514383554459,0.01899999938905239,0.15530000627040863
YDR384C,YKR095W-A,0,-3.6258516,0.012078830040991306,0.01899999938905239,0.15539999306201935
YBL098W,YLR034C,0,-3.6270366,0.012071155942976475,0.01899999938905239,0.15549999475479126
YML118W,YOL034W,0,-3.6270933,0.012063492089509964,0.01899999938905239,0.15559999644756317
YBR233W-A,YGL014W,0,-3.6277113,0.0120558375492692,0.01899999938905239,0.15569999814033508
YOR123C,YDR065W,0,-3.6286535,0.012048192322254181,0.01899999938905239,0.155799999833107
YDR284C,YKL088W,0,-3.6294308,0.012040557339787483,0.01899999938905239,0.1559000015258789
YHR142W,YMR164C,0,-3.6303327,0.012032932601869106,0.01899999938905239,0.15600000321865082
YJL204C,YGR118W,0,-3.6305182,0.012025316245853901,0.01899999938905239,0.15610000491142273
YPL175W,YLR126C,0,-3.6305256,0.012017710134387016,0.01899999938905239,0.15620000660419464
YER028C,YER171W,1,-3.6309,0.012642225250601768,0.019999999552965164,0.15620000660419464
YPR006C,YDR523C,0,-3.6309006,0.01263423915952444,0.019999999552965164,0.15629999339580536
YBR040W,YPL176C,0,-3.6309354,0.01262626238167286,0.019999999552965164,0.15639999508857727
YPL192C,YMR045C,0,-3.6313105,0.012618296779692173,0.019999999552965164,0.15649999678134918
YNR074C,YLR293C,0,-3.6315653,0.012610340490937233,0.019999999552965164,0.1565999984741211
YPR007C,YIL056W,0,-3.6315913,0.012602394446730614,0.019999999552965164,0.156700000166893
YER032W,YOR063W,0,-3.6317477,0.012594458647072315,0.019999999552965164,0.15680000185966492
YGL238W,YNL279W,0,-3.6318166,0.012586532160639763,0.019999999552965164,0.15690000355243683
YLR429W,YML113W,0,-3.6321092,0.012578615918755531,0.019999999552965164,0.15700000524520874
YOL082W,YER087C-A,0,-3.6323786,0.01257070992141962,0.019999999552965164,0.15710000693798065
YER028C,YGR274C,1,-3.6325212,0.01319095492362976,0.020999999716877937,0.15710000693798065
YLR189C,YHR096C,0,-3.6336935,0.013182674534618855,0.020999999716877937,0.15719999372959137
YHR190W,YPL130W,0,-3.6340513,0.013174404390156269,0.020999999716877937,0.15729999542236328
YLL061W,YPL174C,0,-3.6345863,0.013166144490242004,0.020999999716877937,0.1573999971151352
YDL174C,YBR040W,0,-3.6349814,0.01315789483487606,0.020999999716877937,0.1574999988079071
YJR147W,YBR083W,0,-3.6354213,0.013149655424058437,0.020999999716877937,0.15760000050067902
YMR052W,YNL213C,0,-3.6354597,0.01314142718911171,0.020999999716877937,0.15770000219345093
YGR179C,YKR079C,0,-3.635549,0.013133208267390728,0.020999999716877937,0.15780000388622284
YKL084W,YDL083C,0,-3.6356168,0.013124999590218067,0.020999999716877937,0.15790000557899475
YKL049C,YDR004W,0,-3.636149,0.013116802088916302,0.020999999716877937,0.15800000727176666
YNR044W,YDR270W,0,-3.6363835,0.013108613900840282,0.020999999716877937,0.15809999406337738
YLR233C,YJL030W,0,-3.636388,0.013100436888635159,0.020999999716877937,0.1581999957561493
YDR087C,YAR010C,0,-3.636391,0.01309226918965578,0.020999999716877937,0.1582999974489212
YCL010C,YNL126W,0,-3.6364555,0.013084111735224724,0.020999999716877937,0.15839999914169312
YDR159W,YIL056W,0,-3.6375058,0.013075965456664562,0.020999999716877937,0.15850000083446503
YBR198C,YDR079C-A,1,-3.6382184,0.013690105639398098,0.02199999988079071,0.15850000083446503
YLR242C,YFL011W,0,-3.6390882,0.013681592419743538,0.02199999988079071,0.15860000252723694
YPR119W,YDR472W,0,-3.639957,0.013673088513314724,0.02199999988079071,0.15870000422000885
YBL085W,YJR091C,0,-3.6403172,0.01366459671407938,0.02199999988079071,0.15880000591278076
YDR320C-A,YIL002C,0,-3.6412294,0.013656114228069782,0.02199999988079071,0.15889999270439148
YJL020C,YDL130W,0,-3.6427574,0.01364764291793108,0.02199999988079071,0.1589999943971634
YBR244W,YBR275C,0,-3.6444247,0.013639181852340698,0.02199999988079071,0.1590999960899353
YBL097W,YCR075C,0,-3.6447482,0.013630731031298637,0.02199999988079071,0.15919999778270721
YDR172W,YIL080W,0,-3.6448474,0.013622291386127472,0.02199999988079071,0.15929999947547913
YDR256C,YBL005W,0,-3.6463962,0.013613861054182053,0.02199999988079071,0.15940000116825104
YPL012W,YMR059W,0,-3.6469648,0.013605441898107529,0.02199999988079071,0.15950000286102295
YDR108W,YHL036W,0,-3.6477575,0.013597032986581326,0.02199999988079071,0.15960000455379486
YGR089W,YMR047C,0,-3.6493535,0.013588635250926018,0.02199999988079071,0.15970000624656677
YER147C,YBL039C,0,-3.6508055,0.013580246828496456,0.02199999988079071,0.1597999930381775
YOR372C,YDR115W,0,-3.6518018,0.01357186958193779,0.02199999988079071,0.1598999947309494
YHR171W,YGR209C,0,-3.6524358,0.01356350164860487,0.02199999988079071,0.1599999964237213
YHL020C,YOR207C,0,-3.6535268,0.013555144891142845,0.02199999988079071,0.16009999811649323
YMR246W,YNR023W,0,-3.6542141,0.013546798378229141,0.02199999988079071,0.16019999980926514
YGL027C,YMR156C,0,-3.6551712,0.013538461178541183,0.02199999988079071,0.16030000150203705
YDR087C,YJR046W,0,-3.6561017,0.013530135154724121,0.02199999988079071,0.16040000319480896
YNL242W,YER020W,0,-3.6569266,0.01352181937545538,0.02199999988079071,0.16050000488758087
YGR246C,YJL011C,1,-3.6571245,0.014127763919532299,0.023000000044703484,0.16050000488758087
YBR034C,YMR164C,0,-3.6578434,0.01411909144371748,0.023000000044703484,0.16060000658035278
YPR005C,YHL020C,0,-3.6582208,0.014110429212450981,0.023000000044703484,0.1606999933719635
YLR214W,YER126C,0,-3.6592824,0.014101778157055378,0.023000000044703484,0.1607999950647354
YJR127C,YNL186W,0,-3.659842,0.014093137346208096,0.023000000044703484,0.16089999675750732
YMR008C,YPL130W,0,-3.6600573,0.014084506779909134,0.023000000044703484,0.16099999845027924
YHR069C,YCL075W,0,-3.660058,0.014075887389481068,0.023000000044703484,0.16110000014305115
YGR188C,YIL053W,0,-3.6603513,0.014067278243601322,0.023000000044703484,0.16120000183582306
YLR196W,YBR082C,0,-3.6609037,0.014058679342269897,0.023000000044703484,0.16130000352859497
YMR239C,YDR065W,0,-3.6610034,0.014050091616809368,0.023000000044703484,0.16140000522136688
YBR257W,YJR127C,0,-3.6612225,0.01404151413589716,0.023000000044703484,0.1615000069141388
YLR284C,YPR007C,0,-3.6617885,0.014032946899533272,0.023000000044703484,0.1615999937057495
YBL106C,YLR455W,0,-3.6617994,0.014024389907717705,0.023000000044703484,0.16169999539852142
YLR205C,YLR163C,0,-3.662797,0.014015844091773033,0.023000000044703484,0.16179999709129333
YER045C,YDR079C-A,1,-3.6630323,0.01461632177233696,0.024000000208616257,0.16179999709129333
YIL095W,YOR340C,0,-3.6639304,0.014607425779104233,0.024000000208616257,0.16189999878406525
YDL039C,YPR182W,0,-3.663993,0.014598540030419827,0.024000000208616257,0.16200000047683716
YCR086W,YDR329C,0,-3.6641388,0.014589665457606316,0.024000000208616257,0.16210000216960907
YER083C,YLR205C,0,-3.6641629,0.0145808020606637,0.024000000208616257,0.16220000386238098
YML004C,YIL167W,0,-3.6642542,0.014571948908269405,0.024000000208616257,0.1623000055551529
YPL188W,YDL194W,0,-3.6648972,0.014563106931746006,0.024000000208616257,0.1624000072479248
YGR192C,YAR009C,0,-3.6655297,0.014554275199770927,0.024000000208616257,0.16249999403953552
YMR015C,YOL011W,0,-3.6655936,0.014545454643666744,0.024000000208616257,0.16259999573230743
YOR288C,YCR008W,0,-3.6659737,0.014536644332110882,0.024000000208616257,0.16269999742507935
YLR175W,YLR210W,0,-3.666759,0.014527845196425915,0.024000000208616257,0.16279999911785126
YJR127C,YGR211W,0,-3.6669135,0.014519056305289268,0.024000000208616257,0.16290000081062317
YAL026C,YGR256W,0,-3.6673121,0.014510277658700943,0.024000000208616257,0.16300000250339508
YGR274C,YCR042C,1,-3.6673157,0.015105740167200565,0.02500000037252903,0.16300000250339508
YCL004W,YKL075C,0,-3.667727,0.015096618793904781,0.02500000037252903,0.163100004196167
YGR188C,YBR049C,0,-3.6683702,0.015087507665157318,0.02500000037252903,0.1632000058889389
YPL171C,YJL173C,0,-3.6685367,0.01507840771228075,0.02500000037252903,0.16329999268054962
YOR109W,YML040W,0,-3.6685636,0.015069318935275078,0.02500000037252903,0.16339999437332153
YGL043W,YIL155C,0,-3.6688883,0.0150602413341403,0.02500000037252903,0.16349999606609344
YBR159W,YPL270W,0,-3.6689515,0.015051173977553844,0.02500000037252903,0.16359999775886536
YEL061C,YDL208W,0,-3.6696773,0.015042117796838284,0.02500000037252903,0.16369999945163727
YAL012W,YDR285W,0,-3.6699557,0.015033072791993618,0.02500000037252903,0.16380000114440918
YIL139C,YNL160W,0,-3.6702843,0.015024038031697273,0.02500000037252903,0.1639000028371811
YER028C,YBR198C,1,-3.6714363,0.015615615993738174,0.026000000536441803,0.1639000028371811
YBR295W,YHR056C,0,-3.671615,0.01560624223202467,0.026000000536441803,0.164000004529953
YMR052W,YNL036W,0,-3.6717772,0.015596880577504635,0.026000000536441803,0.16410000622272491
YAR019C,YML130C,0,-3.6723309,0.015587530098855495,0.026000000536441803,0.16419999301433563
YBR294W,YBL039C,0,-3.6723833,0.015578190796077251,0.026000000536441803,0.16429999470710754
YIL073C,YHR066W,0,-3.6736138,0.015568862669169903,0.026000000536441803,0.16439999639987946
YER045C,YNL257C,1,-3.6737158,0.01615798845887184,0.027000000700354576,0.16439999639987946
YAR019C,YGR046W,0,-3.674317,0.01614832505583763,0.027000000700354576,0.16449999809265137
YGR217W,YOL011W,0,-3.675075,0.016138672828674316,0.027000000700354576,0.16459999978542328
YPL123C,YHR135C,0,-3.675205,0.016129031777381897,0.027000000700354576,0.1647000014781952
YDL155W,YOR317W,0,-3.6752913,0.016119403764605522,0.027000000700354576,0.1648000031709671
YPR200C,YJR150C,0,-3.6756847,0.016109785065054893,0.027000000700354576,0.164900004863739
YIL106W,YML045W,0,-3.6757312,0.01610017940402031,0.027000000700354576,0.16500000655651093
YLR266C,YJL148W,0,-3.676071,0.01609058491885662,0.027000000700354576,0.16509999334812164
YPL256C,YNL279W,0,-3.676809,0.01608099974691868,0.027000000700354576,0.16519999504089355
YJL167W,YBL106C,0,-3.6768641,0.01607142947614193,0.027000000700354576,0.16529999673366547
YDL220C,YJL157C,0,-3.6769068,0.016061868518590927,0.027000000700354576,0.16539999842643738
YHR183W,YJL116C,0,-3.677219,0.01605231873691082,0.027000000700354576,0.1655000001192093
YNR056C,YOL127W,0,-3.678667,0.01604278013110161,0.027000000700354576,0.1656000018119812
YLR081W,YNL061W,0,-3.6789603,0.01603325456380844,0.027000000700354576,0.1657000035047531
YNL188W,YPL131W,0,-3.67975,0.01602373830974102,0.027000000700354576,0.16580000519752502
YGL105W,YKL011C,0,-3.6805773,0.016014235094189644,0.027000000700354576,0.16590000689029694
YOR172W,YJR141W,0,-3.6815243,0.016004743054509163,0.027000000700354576,0.16599999368190765
YML099C,YPR163C,0,-3.682934,0.015995260328054428,0.027000000700354576,0.16609999537467957
YJR126C,YBL005W-B,0,-3.6829498,0.015985790640115738,0.027000000700354576,0.16619999706745148
YPL096C-A,YLR292C,0,-3.6831496,0.015976332128047943,0.027000000700354576,0.1662999987602234
YNL314W,YDR079C-A,1,-3.6838067,0.016558250412344933,0.02800000086426735,0.1662999987602234
YGR274C,YAL001C,1,-3.684009,0.017139479517936707,0.028999999165534973,0.1662999987602234
YBR295W,YER147C,0,-3.6840997,0.017129356041550636,0.028999999165534973,0.1664000004529953
YDR448W,YNL051W,0,-3.6845007,0.01711924374103546,0.028999999165534973,0.1665000021457672
YFR030W,YOR321W,0,-3.6850936,0.01710914447903633,0.028999999165534973,0.16660000383853912
YBL033C,YNL247W,0,-3.685803,0.017099056392908096,0.028999999165534973,0.16670000553131104
YML067C,YDR065W,0,-3.6862786,0.017088981345295906,0.028999999165534973,0.16680000722408295
YCL025C,YLL015W,0,-3.686382,0.017078915610909462,0.028999999165534973,0.16689999401569366
YPL202C,YCR042C,1,-3.6867907,0.01765744574368,0.029999999329447746,0.16689999401569366
YKL178C,YPR133W-A,0,-3.6874456,0.01764705963432789,0.029999999329447746,0.16699999570846558
YGL032C,YIR017C,0,-3.6878078,0.017636684700846672,0.029999999329447746,0.1670999974012375
YER104W,YBR169C,0,-3.6885455,0.0176263228058815,0.029999999329447746,0.1671999990940094
YKR057W,YJR026W,0,-3.6895442,0.017615972086787224,0.029999999329447746,0.1673000007867813
YJL071W,YPL265W,0,-3.6900868,0.017605634406208992,0.029999999329447746,0.16740000247955322
YPR143W,YLR313C,0,-3.6915097,0.017595307901501656,0.029999999329447746,0.16750000417232513
YLR079W,YGR251W,0,-3.6916082,0.017584994435310364,0.029999999329447746,0.16760000586509705
YML093W,YAR010C,0,-3.691687,0.017574692144989967,0.029999999329447746,0.16769999265670776
YGR167W,YOL104C,0,-3.6919146,0.017564402893185616,0.029999999329447746,0.16779999434947968
YDR516C,YMR125W,0,-3.6926875,0.01755412481725216,0.029999999329447746,0.1678999960422516
YIL034C,YGL143C,0,-3.6950903,0.017543859779834747,0.029999999329447746,0.1679999977350235
YPL043W,YPR078C,0,-3.6954365,0.01753360591828823,0.029999999329447746,0.1680999994277954
YDR516C,YLR167W,0,-3.6955285,0.01752336509525776,0.029999999329447746,0.16820000112056732
YHL048W,YPL138C,0,-3.6958117,0.017513135448098183,0.029999999329447746,0.16830000281333923
YDL087C,YMR067C,0,-3.6967378,0.0175029169768095,0.029999999329447746,0.16840000450611115
YDR473C,YHR020W,0,-3.696908,0.017492711544036865,0.029999999329447746,0.16850000619888306
YLR056W,YAR033W,0,-3.6971526,0.017482517287135124,0.029999999329447746,0.16859999299049377
YDL220C,YLL041C,0,-3.6975696,0.017472336068749428,0.029999999329447746,0.16869999468326569
YLR100W,YLR346C,0,-3.6982255,0.017462166026234627,0.029999999329447746,0.1687999963760376
YHR142W,YMR058W,0,-3.6985164,0.01745200715959072,0.029999999329447746,0.1688999980688095
YGR191W,YFR040W,0,-3.699058,0.01744186133146286,0.029999999329447746,0.16899999976158142
YOR058C,YOR185C,0,-3.6992998,0.017431724816560745,0.029999999329447746,0.16910000145435333
YNL149C,YML040W,0,-3.6999857,0.017421603202819824,0.029999999329447746,0.16920000314712524
YMR138W,YGR214W,0,-3.7005265,0.01741149090230465,0.029999999329447746,0.16930000483989716
YNL250W,YDL111C,0,-3.7009192,0.01740139164030552,0.029999999329447746,0.16940000653266907
YHR203C,YMR060C,0,-3.7011437,0.017391303554177284,0.029999999329447746,0.16949999332427979
YLR189C,YKR066C,0,-3.7019002,0.017381228506565094,0.029999999329447746,0.1695999950170517
YPL096C-A,YIL120W,0,-3.7023268,0.0173711646348238,0.029999999329447746,0.1696999967098236
YNL101W,YPL269W,0,-3.7028565,0.0173611119389534,0.029999999329447746,0.16979999840259552
YNL323W,YMR117C,0,-3.7029557,0.017351070418953896,0.029999999329447746,0.16990000009536743
YML008C,YFL016C,0,-3.703422,0.017341040074825287,0.029999999329447746,0.17000000178813934
YNR075W,YDR323C,0,-3.7038503,0.017331022769212723,0.029999999329447746,0.17010000348091125
YOR145C,YGR042W,0,-3.7044935,0.017321016639471054,0.029999999329447746,0.17020000517368317
YER082C,YML045W,0,-3.7047265,0.01731102168560028,0.029999999329447746,0.17030000686645508
YFR055W,YGR275W,0,-3.7047656,0.017301037907600403,0.029999999329447746,0.1703999936580658
YOL101C,YDL150W,0,-3.7052298,0.01729106716811657,0.029999999329447746,0.1704999953508377
YPR138C,YBL039C,0,-3.705247,0.017281105741858482,0.029999999329447746,0.17059999704360962
YOL069W,YPL019C,0,-3.7057264,0.01727115735411644,0.029999999329447746,0.17069999873638153
YGR134W,YNL327W,0,-3.7057478,0.017261220142245293,0.029999999329447746,0.17080000042915344
YDR055W,YMR235C,0,-3.7060664,0.01725129410624504,0.029999999329447746,0.17090000212192535
YNR067C,YJL148W,0,-3.7063637,0.017241379246115685,0.029999999329447746,0.17100000381469727
YDL040C,YMR046C,0,-3.7067597,0.017231475561857224,0.029999999329447746,0.17110000550746918
YCR034W,YBR186W,0,-3.706998,0.017221584916114807,0.029999999329447746,0.1712000072002411
YIL035C,YDL118W,0,-3.707313,0.017211703583598137,0.029999999329447746,0.1712999939918518
YOR007C,YHR020W,0,-3.7078295,0.01720183528959751,0.029999999329447746,0.17139999568462372
YNL273W,YDR259C,0,-3.707853,0.017191976308822632,0.029999999329447746,0.17149999737739563
YIL119C,YNL131W,0,-3.7083852,0.017182130366563797,0.029999999329447746,0.17159999907016754
YMR038C,YLL016W,0,-3.708852,0.017172295600175858,0.029999999329447746,0.17170000076293945
YLR286C,YJR094C,0,-3.7089314,0.017162472009658813,0.029999999329447746,0.17180000245571136
YLR134W,YBL039C,0,-3.709117,0.017152657732367516,0.029999999329447746,0.17190000414848328
YJR078W,YMR046C,0,-3.7098002,0.017142856493592262,0.029999999329447746,0.1720000058412552
YKL213C,YGL253W,0,-3.7098994,0.017133066430687904,0.029999999329447746,0.1720999926328659
YML094W,YAR010C,0,-3.7103534,0.017123287543654442,0.029999999329447746,0.17219999432563782
YPL231W,YPL059W,0,-3.7105913,0.017113519832491875,0.029999999329447746,0.17229999601840973
YPL176C,YLR337C,0,-3.7105963,0.017103763297200203,0.029999999329447746,0.17239999771118164
YCL024W,YBR058C-A,0,-3.710667,0.017094017937779427,0.029999999329447746,0.17249999940395355
YGR188C,YNL232W,0,-3.7133346,0.017084281891584396,0.029999999329447746,0.17260000109672546
YGR088W,YKL148C,0,-3.713387,0.01707455888390541,0.029999999329447746,0.17270000278949738
YEL022W,YGL178W,0,-3.7136853,0.01706484705209732,0.029999999329447746,0.1728000044822693
YPR201W,YPL096C-A,0,-3.7142587,0.017055144533514977,0.029999999329447746,0.1729000061750412
YDR043C,YPR168W,0,-3.7151375,0.017045455053448677,0.029999999329447746,0.17299999296665192
YAL054C,YMR142C,0,-3.715384,0.017035774886608124,0.029999999329447746,0.17309999465942383
YJL209W,YGL181W,0,-3.7155652,0.017026105895638466,0.029999999329447746,0.17319999635219574
YMR238W,YOR221C,0,-3.7160351,0.017016449943184853,0.029999999329447746,0.17329999804496765
YFR041C,YJR027W,0,-3.7164578,0.017006803303956985,0.029999999329447746,0.17339999973773956
YCR047C,YIL073C,0,-3.7167046,0.016997167840600014,0.029999999329447746,0.17350000143051147
YGR188C,YOR148C,0,-3.7167645,0.016987541690468788,0.029999999329447746,0.1736000031232834
YKR068C,YJR147W,0,-3.7174115,0.016977928578853607,0.029999999329447746,0.1737000048160553
YGR202C,YMR134W,0,-3.7176337,0.01696832664310932,0.029999999329447746,0.1738000065088272
YNL151C,YLR222C,0,-3.7180347,0.016958734020590782,0.029999999329447746,0.17389999330043793
YER014C-A,YJR035W,0,-3.71879,0.016949152573943138,0.029999999329447746,0.17399999499320984
YCL027W,YPL224C,0,-3.7189622,0.01693958230316639,0.029999999329447746,0.17409999668598175
YCR092C,YDL213C,0,-3.718998,0.016930023208260536,0.029999999329447746,0.17419999837875366
YNL314W,YML098W,1,-3.7201257,0.01748448982834816,0.03099999949336052,0.17419999837875366
YNL145W,YFL058W,0,-3.720614,0.01747463271021843,0.03099999949336052,0.17430000007152557
YLR129W,YER147C,0,-3.7207036,0.017464788630604744,0.03099999949336052,0.17440000176429749
YDR055W,YMR260C,0,-3.7215414,0.017454955726861954,0.03099999949336052,0.1745000034570694
YFR036W,YLL018C-A,0,-3.7221477,0.01744513213634491,0.03099999949336052,0.1746000051498413
YBL013W,YOL064C,0,-3.7224915,0.01743531972169876,0.03099999949336052,0.17470000684261322
YOR120W,YKL070W,0,-3.7226686,0.017425520345568657,0.03099999949336052,0.17479999363422394
YNL147W,YNL210W,0,-3.7247667,0.0174157302826643,0.03099999949336052,0.17489999532699585
YOR113W,YHR092C,0,-3.7250142,0.017405951395630836,0.03099999949336052,0.17499999701976776
YBL074C,YKL004W,0,-3.725651,0.01739618368446827,0.03099999949336052,0.17509999871253967
YDL181W,YLL017W,0,-3.7265737,0.017386427149176598,0.03099999949336052,0.17520000040531158
YMR255W,YHR157W,0,-3.726753,0.01737668178975582,0.03099999949336052,0.1753000020980835
YDL101C,YDL130W,0,-3.728308,0.01736694760620594,0.03099999949336052,0.1754000037908554
YDR046C,YGR213C,0,-3.72852,0.017357222735881805,0.03099999949336052,0.17550000548362732
YBL015W,YOL164W,0,-3.7286022,0.017347509041428566,0.03099999949336052,0.17560000717639923
YEL036C,YBR006W,0,-3.7287416,0.01733780838549137,0.03099999949336052,0.17569999396800995
YJL076W,YKL173W,0,-3.7291718,0.017328117042779922,0.03099999949336052,0.17579999566078186
YCR009C,YDR545W,0,-3.729702,0.01731843501329422,0.03099999949336052,0.17589999735355377
YDR446W,YHR021C,0,-3.7302978,0.017308766022324562,0.03099999949336052,0.17599999904632568
YGL020C,YIL080W,0,-3.7303824,0.01729910634458065,0.03099999949336052,0.1761000007390976
YKL049C,YIL101C,0,-3.7305064,0.017289459705352783,0.03099999949336052,0.1762000024318695
YDR244W,YGR118W,0,-3.7306662,0.017279822379350662,0.03099999949336052,0.17630000412464142
YLR175W,YDL087C,0,-3.7326403,0.017270194366574287,0.03099999949336052,0.17640000581741333
YOL104C,YPR036W,0,-3.7332036,0.017260579392313957,0.03099999949336052,0.17649999260902405
YDL058W,YJR029W,0,-3.7332296,0.017250973731279373,0.03099999949336052,0.17659999430179596
YOR267C,YPL192C,0,-3.7347367,0.017241379246115685,0.03099999949336052,0.17669999599456787
YPR183W,YGL249W,0,-3.735066,0.01723179593682289,0.03099999949336052,0.17679999768733978
YLR098C,YDL116W,0,-3.7359393,0.017222221940755844,0.03099999949336052,0.1768999993801117
YBL069W,YPL021W,0,-3.7363057,0.017212659120559692,0.03099999949336052,0.1770000010728836
YGL027C,YIR023W,0,-3.736496,0.017203107476234436,0.03099999949336052,0.17710000276565552
YPL187W,YHR200W,0,-3.7365634,0.017193567007780075,0.03099999949336052,0.17720000445842743
YJR150C,YBR107C,0,-3.736828,0.01718403585255146,0.03099999949336052,0.17730000615119934
YPL036W,YPL144W,0,-3.7376032,0.01717451587319374,0.03099999949336052,0.17739999294281006
YDR299W,YGR247W,0,-3.7382357,0.017165005207061768,0.03099999949336052,0.17749999463558197
YNL136W,YDR306C,0,-3.739187,0.01715550571680069,0.03099999949336052,0.17759999632835388
YPL049C,YDR461W,0,-3.7398505,0.017146017402410507,0.03099999949336052,0.1776999980211258
YNL314W,YDR145W,1,-3.740232,0.017689330503344536,0.03200000151991844,0.1776999980211258
YGR200C,YOR143C,0,-3.740267,0.01767955720424652,0.03200000151991844,0.1777999997138977
YPL214C,YLR455W,0,-3.7405584,0.0176697950810194,0.03200000151991844,0.17790000140666962
YLR397C,YNL169C,0,-3.7426884,0.017660044133663177,0.03200000151991844,0.17800000309944153
YDL030W,YML073C,0,-3.7428946,0.0176503024995327,0.03200000151991844,0.17810000479221344
YBL097W,YGR157W,0,-3.7431974,0.017640573903918266,0.03200000151991844,0.17820000648498535
YLR166C,YNL313C,0,-3.7434516,0.01763085462152958,0.03200000151991844,0.17829999327659607
YLR384C,YAL015C,0,-3.7436314,0.017621144652366638,0.03200000151991844,0.17839999496936798
YPL147W,YAR003W,0,-3.744296,0.017611447721719742,0.03200000151991844,0.1784999966621399
YCR034W,YBR207W,0,-3.7444184,0.01760176010429859,0.03200000151991844,0.1785999983549118
YJR125C,YNL339C,0,-3.7450757,0.017592083662748337,0.03200000151991844,0.17870000004768372
YOR180C,YMR192W,0,-3.7451115,0.017582418397068977,0.03200000151991844,0.17880000174045563
YNL099C,YIL080W,0,-3.7454677,0.017572762444615364,0.03200000151991844,0.17890000343322754
YLL018C-A,YNL015W,0,-3.7459497,0.017563117668032646,0.03200000151991844,0.17900000512599945
YGL232W,YDR065W,0,-3.7466493,0.017553484067320824,0.03200000151991844,0.17910000681877136
YMR137C,YOR230W,0,-3.7469707,0.017543859779834747,0.03200000151991844,0.17919999361038208
YGL099W,YCR092C,0,-3.7471373,0.017534246668219566,0.03200000151991844,0.179299995303154
YLR319C,YDR312W,0,-3.748695,0.01752464473247528,0.03200000151991844,0.1793999969959259
YOR039W,YDR213W,0,-3.7490993,0.01751505210995674,0.03200000151991844,0.17949999868869781
YMR202W,YKR019C,0,-3.7500267,0.017505470663309097,0.03200000151991844,0.17960000038146973
YHR096C,YGR129W,0,-3.7501132,0.0174958985298872,0.03200000151991844,0.17970000207424164
YLL034C,YIL173W,0,-3.7521021,0.017486339434981346,0.03200000151991844,0.17980000376701355
YDR043C,YBR294W,0,-3.7521882,0.01747678779065609,0.03200000151991844,0.17990000545978546
YPR119W,YPR188C,0,-3.7522311,0.017467249184846878,0.03200000151991844,0.18000000715255737
YOR310C,YGR211W,0,-3.7522454,0.017457719892263412,0.03200000151991844,0.1800999939441681
YML107C,YLR196W,0,-3.7522628,0.017448199912905693,0.03200000151991844,0.18019999563694
YPR188C,YDR213W,0,-3.7527983,0.017438692972064018,0.03200000151991844,0.18029999732971191
YJL214W,YIR002C,0,-3.7531269,0.01742919348180294,0.03200000151991844,0.18039999902248383
YPR025C,YNL314W,1,-3.7540498,0.01796407252550125,0.032999999821186066,0.18039999902248383
YGR113W,YNL250W,0,-3.7542286,0.017954297363758087,0.032999999821186066,0.18050000071525574
YNR032C-A,YDR180W,0,-3.754358,0.017944535240530968,0.032999999821186066,0.18060000240802765
YHR114W,YPL265W,0,-3.7545202,0.017934782430529594,0.032999999821186066,0.18070000410079956
YPL096C-A,YKL182W,0,-3.7545705,0.017925040796399117,0.032999999821186066,0.18080000579357147
YMR058W,YOR018W,0,-3.7553287,0.017915310338139534,0.032999999821186066,0.1808999925851822
YOR126C,YGL008C,0,-3.7567089,0.017905589193105698,0.032999999821186066,0.1809999942779541
YER044C-A,YDR451C,0,-3.757242,0.017895879223942757,0.032999999821186066,0.181099995970726
YAL003W,YKL173W,0,-3.7580872,0.017886178568005562,0.032999999821186066,0.18119999766349792
YCR034W,YER038C,0,-3.7581444,0.017876489087939262,0.032999999821186066,0.18129999935626984
YLR295C,YHR075C,0,-3.7583768,0.01786681078374386,0.032999999821186066,0.18140000104904175
YMR112C,YOR297C,0,-3.7584102,0.01785714365541935,0.032999999821186066,0.18150000274181366
YNL314W,YNL257C,1,-3.758912,0.01838831789791584,0.03400000184774399,0.18150000274181366
YEL056W,YPL089C,0,-3.7589316,0.018378378823399544,0.03400000184774399,0.18160000443458557
YER062C,YDL058W,0,-3.7589686,0.018368449062108994,0.03400000184774399,0.18170000612735748
YJR065C,YKR009C,0,-3.7590692,0.01835853047668934,0.03400000184774399,0.1817999929189682
YJR002W,YNL053W,0,-3.7596369,0.01834862306714058,0.03400000184774399,0.1818999946117401
YEL071W,YAL033W,0,-3.7597861,0.018338726833462715,0.03400000184774399,0.18199999630451202
YPL153C,YLL016W,0,-3.7608674,0.018328841775655746,0.03400000184774399,0.18209999799728394
YNR056C,YDL231C,0,-3.7613325,0.018318966031074524,0.03400000184774399,0.18219999969005585
YJL116C,YHR098C,0,-3.7616205,0.018309101462364197,0.03400000184774399,0.18230000138282776
YAL024C,YPL123C,0,-3.7617438,0.018299246206879616,0.03400000184774399,0.18240000307559967
YNL327W,YPL208W,0,-3.7624452,0.01828940212726593,0.03400000184774399,0.18250000476837158
YGL158W,YGR042W,0,-3.7632952,0.01827956922352314,0.03400000184774399,0.1826000064611435
YJL208C,YDR018C,0,-3.7633922,0.018269747495651245,0.03400000184774399,0.1826999932527542
YLR060W,YGL178W,0,-3.7634015,0.018259935081005096,0.03400000184774399,0.18279999494552612
YGR013W,YML005W,0,-3.7643461,0.018250133842229843,0.03400000184774399,0.18289999663829803
YLR106C,YPR138C,0,-3.7644634,0.018240343779325485,0.03400000184774399,0.18299999833106995
YBL098W,YEL056W,0,-3.7654672,0.018230563029646873,0.03400000184774399,0.18310000002384186
YIR018W,YDR545W,0,-3.765574,0.018220793455839157,0.03400000184774399,0.18320000171661377
YGR246C,YNL257C,1,-3.7656891,0.018746651709079742,0.03500000014901161,0.18320000171661377
YDL087C,YGR091W,0,-3.7668803,0.018736615777015686,0.03500000014901161,0.18330000340938568
YML104C,YKL057C,0,-3.767169,0.018726591020822525,0.03500000014901161,0.1834000051021576
YDR079W,YDR115W,0,-3.7673774,0.01871657744050026,0.03500000014901161,0.1835000067949295
YNL055C,YPR007C,0,-3.7680335,0.01870657317340374,0.03500000014901161,0.18359999358654022
YDR270W,YDR091C,0,-3.7680783,0.018696581944823265,0.03500000014901161,0.18369999527931213
YGL238W,YMR133W,0,-3.7687137,0.018686598166823387,0.03500000014901161,0.18379999697208405
YGL094C,YMR087W,0,-3.769281,0.018676627427339554,0.03500000014901161,0.18389999866485596
YML042W,YEL012W,0,-3.7697282,0.018666666001081467,0.03500000014901161,0.18400000035762787
YGL048C,YOR212W,0,-3.769845,0.018656715750694275,0.03500000014901161,0.18410000205039978
YNL110C,YDR018C,0,-3.7699406,0.01864677667617798,0.03500000014901161,0.1842000037431717
YDR221W,YCL044C,0,-3.770672,0.01863684691488743,0.03500000014901161,0.1843000054359436
YJR013W,YGL089C,0,-3.7712321,0.018626928329467773,0.03500000014901161,0.18440000712871552
YFR053C,YFL018C,0,-3.7712557,0.018617020919919014,0.03500000014901161,0.18449999392032623
YIL072W,YPL147W,0,-3.77215,0.01860712468624115,0.03500000014901161,0.18459999561309814
YDL003W,YNL113W,0,-3.7724378,0.018597237765789032,0.03500000014901161,0.18469999730587006
YJL102W,YPR010C,0,-3.773003,0.01858736015856266,0.03500000014901161,0.18479999899864197
YER045C,YGL112C,1,-3.7741928,0.019108280539512634,0.035999998450279236,0.18479999899864197
YDR184C,YFR053C,0,-3.774224,0.01909814402461052,0.035999998450279236,0.18490000069141388
YOL135C,YLR346C,0,-3.7746146,0.01908801682293415,0.035999998450279236,0.1850000023841858
YHR011W,YLR139C,0,-3.7749043,0.019077900797128677,0.035999998450279236,0.1851000040769577
YGL035C,YNR059W,0,-3.775082,0.0190677959471941,0.035999998450279236,0.18520000576972961
YBL008W,YJL102W,0,-3.7751336,0.019057702273130417,0.035999998450279236,0.18529999256134033
YJR141W,YMR134W,0,-3.7757468,0.01904761977493763,0.035999998450279236,0.18539999425411224
YEL053C,YGR296W,0,-3.7757504,0.01903754658997059,0.035999998450279236,0.18549999594688416
YOR056C,YKL203C,0,-3.7766287,0.019027484580874443,0.035999998450279236,0.18559999763965607
YGR036C,YHR042W,0,-3.776824,0.019017431885004044,0.035999998450279236,0.18569999933242798
YIL049W,YER070W,0,-3.7772899,0.01900739222764969,0.035999998450279236,0.1858000010251999
YDR398W,YDR495C,0,-3.778182,0.01899736188352108,0.035999998450279236,0.1859000027179718
YJR055W,YKR095W,0,-3.779038,0.018987340852618217,0.035999998450279236,0.1860000044107437
YIL155C,YOR159C,0,-3.7794487,0.0189773328602314,0.035999998450279236,0.18610000610351562
YDR517W,YLR205C,0,-3.7796645,0.018967334181070328,0.035999998450279236,0.18619999289512634
YER073W,YPR010C,0,-3.7799492,0.01895734667778015,0.035999998450279236,0.18629999458789825
YDR025W,YBR250W,0,-3.7806165,0.01894736848771572,0.035999998450279236,0.18639999628067017
YJL052W,YPR121W,0,-3.7808466,0.018937401473522186,0.035999998450279236,0.18649999797344208
YGR175C,YAR009C,0,-3.7811708,0.018927445635199547,0.035999998450279236,0.186599999666214
YLR309C,YPL041C,0,-3.7814794,0.018917499110102654,0.035999998450279236,0.1867000013589859
YDL247W,YDR097C,0,-3.78227,0.018907563760876656,0.035999998450279236,0.1868000030517578
YGL028C,YDR324C,0,-3.782938,0.018897637724876404,0.035999998450279236,0.18690000474452972
YGR142W,YLL009C,0,-3.784539,0.018887722864747047,0.035999998450279236,0.18700000643730164
YKL185W,YJR097W,0,-3.7847943,0.018877819180488586,0.035999998450279236,0.18709999322891235
YCL005W-A,YMR197C,0,-3.785433,0.01886792480945587,0.035999998450279236,0.18719999492168427
YGR002C,YKL088W,0,-3.7867155,0.018858041614294052,0.035999998450279236,0.18729999661445618
YOR328W,YLR032W,0,-3.7885628,0.01884816773235798,0.035999998450279236,0.1873999983072281
YIL042C,YHR203C,0,-3.7887087,0.0188383050262928,0.035999998450279236,0.1875
YNR038W,YKL075C,0,-3.7891524,0.01882845163345337,0.035999998450279236,0.1876000016927719
YGL209W,YDR457W,0,-3.7891898,0.018818609416484833,0.035999998450279236,0.18770000338554382
YOR073W,YBR284W,0,-3.7897143,0.018808776512742043,0.035999998450279236,0.18780000507831573
YLR272C,YHR048W,0,-3.7897751,0.018798954784870148,0.035999998450279236,0.18790000677108765
YPL202C,YFL021W,1,-3.7903757,0.01931106485426426,0.03700000047683716,0.18790000677108765
YFR030W,YFL004W,0,-3.7912319,0.01930099166929722,0.03700000047683716,0.18799999356269836
YBR085W,YHR118C,0,-3.791468,0.019290927797555923,0.03700000047683716,0.18809999525547028
YLR216C,YER104W,0,-3.791512,0.019280875101685524,0.03700000047683716,0.1881999969482422
YER035W,YFL058W,0,-3.791896,0.01927083358168602,0.03700000047683716,0.1882999986410141
YFL025C,YPL093W,0,-3.7920017,0.019260801374912262,0.03700000047683716,0.188400000333786
YGL087C,YGL158W,0,-3.7922778,0.0192507803440094,0.03700000047683716,0.18850000202655792
YJR063W,YDR363W-A,0,-3.7922778,0.019240770488977432,0.03700000047683716,0.18860000371932983
YIL002C,YNL202W,0,-3.7924454,0.01923076994717121,0.03700000047683716,0.18870000541210175
YDR437W,YEL057C,0,-3.7928119,0.019220778718590736,0.03700000047683716,0.18880000710487366
YBL016W,YOR313C,0,-3.7931418,0.019210798665881157,0.03700000047683716,0.18889999389648438
YHL036W,YJL187C,0,-3.7940145,0.019200829789042473,0.03700000047683716,0.1889999955892563
YGL244W,YMR175W,0,-3.7941127,0.019190872088074684,0.03700000047683716,0.1890999972820282
YDR358W,YKR072C,0,-3.7947812,0.019180921837687492,0.03700000047683716,0.1891999989748001
YDR359C,YCL020W,0,-3.7956557,0.019170984625816345,0.03700000047683716,0.18930000066757202
YMR212C,YDR306C,0,-3.7957718,0.019161056727170944,0.03700000047683716,0.18940000236034393
YNL292W,YGL246C,0,-3.7970374,0.01915113814175129,0.03700000047683716,0.18950000405311584
YER042W,YLR385C,0,-3.7970858,0.01914123073220253,0.03700000047683716,0.18960000574588776
YHR120W,YGR162W,0,-3.7980442,0.019131334498524666,0.03700000047683716,0.18970000743865967
YGL178W,YDR238C,0,-3.7984533,0.019121447578072548,0.03700000047683716,0.18979999423027039
YKR001C,YIL082W-A,0,-3.7986813,0.019111569970846176,0.03700000047683716,0.1898999959230423
YOR005C,YER160C,0,-3.7986872,0.0191017035394907,0.03700000047683716,0.1899999976158142
YLR214W,YBL030C,0,-3.798991,0.01909184642136097,0.03700000047683716,0.19009999930858612
YCL014W,YOL039W,0,-3.7991378,0.019082000479102135,0.03700000047683716,0.19020000100135803
YBR233W-A,YHL036W,0,-3.7993097,0.019072165712714195,0.03700000047683716,0.19030000269412994
YOR221C,YCR072C,0,-3.799471,0.019062338396906853,0.03700000047683716,0.19040000438690186
YOL126C,YDR097C,0,-3.7997377,0.019052522256970406,0.03700000047683716,0.19050000607967377
YGR119C,YHR172W,0,-3.8001626,0.019042717292904854,0.03700000047683716,0.19059999287128448
YIL046W,YNL241C,0,-3.8002772,0.019032921642065048,0.03700000047683716,0.1906999945640564
YKL129C,YLR426W,0,-3.8003035,0.019023137167096138,0.03700000047683716,0.1907999962568283
YPR154W,YIL119C,0,-3.8007355,0.019013360142707825,0.03700000047683716,0.19089999794960022
YGR257C,YHL006C,0,-3.801156,0.019003596156835556,0.03700000047683716,0.19099999964237213
YDL247W,YGL030W,0,-3.8014107,0.018993839621543884,0.03700000047683716,0.19110000133514404
YBL098W,YOR133W,0,-3.8020937,0.018984094262123108,0.03700000047683716,0.19120000302791595
YPR200C,YKL086W,0,-3.8021555,0.018974358215928078,0.03700000047683716,0.19130000472068787
YDR270W,YNL202W,0,-3.80232,0.018964633345603943,0.03700000047683716,0.19140000641345978
YHR203C,YER116C,0,-3.8028975,0.018954917788505554,0.03700000047683716,0.1914999932050705
YJL170C,YPR185W,0,-3.803351,0.01894521340727806,0.03700000047683716,0.1915999948978424
YCL027W,YMR177W,0,-3.8052764,0.018935516476631165,0.03700000047683716,0.19169999659061432
YHR055C,YLR052W,0,-3.8053772,0.018925830721855164,0.03700000047683716,0.19179999828338623
YOL117W,YML028W,0,-3.8058095,0.018916156142950058,0.03700000047683716,0.19189999997615814
YGR224W,YOR206W,0,-3.8074489,0.01890648901462555,0.03700000047683716,0.19200000166893005
YPL096C-A,YPR133W-A,0,-3.8077722,0.018896833062171936,0.03700000047683716,0.19210000336170197
YLL016W,YPR095C,0,-3.807782,0.01888718642294407,0.03700000047683716,0.19220000505447388
YPR168W,YBR273C,0,-3.8081737,0.018877550959587097,0.03700000047683716,0.1923000067472458
YDR093W,YOR351C,0,-3.8085241,0.01886792480945587,0.03700000047683716,0.1923999935388565
YOR079C,YOR305W,0,-3.8097272,0.018858307972550392,0.03700000047683716,0.19249999523162842
YNR075W,YJL089W,0,-3.8107471,0.01884870044887066,0.03700000047683716,0.19259999692440033
YDR436W,YDR030C,0,-3.8108478,0.01883910410106182,0.03700000047683716,0.19269999861717224
YNL145W,YLR034C,0,-3.810948,0.01882951706647873,0.03700000047683716,0.19280000030994415
YCL038C,YDR146C,0,-3.8110468,0.018819939345121384,0.03700000047683716,0.19290000200271606
YGR060W,YIL008W,0,-3.8115673,0.018810370936989784,0.03700000047683716,0.19300000369548798
YDL223C,YNL097C,0,-3.8117237,0.01880081370472908,0.03700000047683716,0.1931000053882599
YGL226C-A,YCL004W,0,-3.8119292,0.018791263923048973,0.03700000047683716,0.1932000070810318
YBL099W,YFR019W,0,-3.8124528,0.01878172531723976,0.03700000047683716,0.19329999387264252
YLR397C,YER116C,0,-3.812538,0.018772196024656296,0.03700000047683716,0.19339999556541443
YGR274C,YDR167W,1,-3.8131862,0.019269777461886406,0.03799999877810478,0.19339999556541443
YMR055C,YOR204W,0,-3.813349,0.01926000975072384,0.03799999877810478,0.19349999725818634
YBR029C,YDR138W,0,-3.813661,0.019250253215432167,0.03799999877810478,0.19359999895095825
YDR256C,YAL013W,0,-3.8139634,0.01924050599336624,0.03799999877810478,0.19370000064373016
YPL202C,YNL257C,1,-3.8142035,0.019736841320991516,0.039000000804662704,0.19370000064373016
YCR008W,YMR175W,0,-3.814643,0.019726859405636787,0.039000000804662704,0.19380000233650208
YOL067C,YPL129W,1,-3.8157818,0.02022244781255722,0.03999999910593033,0.19380000233650208
YBL015W,YDR256C,0,-3.8171382,0.02021222747862339,0.03999999910593033,0.193900004029274
YGR080W,YLR272C,0,-3.8171797,0.020202020183205605,0.03999999910593033,0.1940000057220459
YJR022W,YGL028C,0,-3.8172052,0.020191822201013565,0.03999999910593033,0.1941000074148178
YLR167W,YHR060W,0,-3.8176641,0.02018163539469242,0.03999999910593033,0.19419999420642853
YKL194C,YBR092C,0,-3.8176682,0.020171457901597023,0.03999999910593033,0.19429999589920044
YBR234C,YIL119C,0,-3.8176827,0.02016128972172737,0.03999999910593033,0.19439999759197235
YMR042W,YDR004W,0,-3.8176885,0.020151132717728615,0.03999999910593033,0.19449999928474426
YJL005W,YLR337C,0,-3.8180702,0.020140986889600754,0.03999999910593033,0.19460000097751617
YLR284C,YMR283C,0,-3.8184032,0.02013085037469864,0.03999999910593033,0.19470000267028809
YER028C,YAL001C,1,-3.8184078,0.020623741671442986,0.04100000113248825,0.19470000267028809
YOR142W,YLR263W,0,-3.8185945,0.020613374188542366,0.04100000113248825,0.19480000436306
YDR079W,YDR065W,0,-3.8189738,0.020603014156222343,0.04100000113248825,0.1949000060558319
YFL021W,YOL067C,1,-3.819112,0.021094927564263344,0.041999999433755875,0.1949000060558319
YIL037C,YOL124C,0,-3.8192663,0.021084336563944817,0.041999999433755875,0.19499999284744263
YPR125W,YNL304W,0,-3.819541,0.021073758602142334,0.041999999433755875,0.19509999454021454
YDR323C,YGR118W,0,-3.8195565,0.021063189953565598,0.041999999433755875,0.19519999623298645
YGL027C,YNL151C,0,-3.819969,0.021052632480859756,0.041999999433755875,0.19529999792575836
YGR246C,YER028C,1,-3.8211126,0.02154308557510376,0.0430000014603138,0.19529999792575836
YNL039W,YBR198C,1,-3.8221092,0.022033048793673515,0.04399999976158142,0.19529999792575836
YDR037W,YGR179C,0,-3.8221323,0.022022021934390068,0.04399999976158142,0.19539999961853027
YLR411W,YER082C,0,-3.822677,0.022011006250977516,0.04399999976158142,0.19550000131130219
YIR019C,YHR090C,0,-3.8227642,0.02199999988079071,0.04399999976158142,0.1956000030040741
YMR128W,YKR039W,0,-3.8227866,0.0219890046864748,0.04399999976158142,0.195700004696846
YNL112W,YFL024C,0,-3.8228397,0.021978022530674934,0.04399999976158142,0.19580000638961792
YDL098C,YBL039C,0,-3.8229954,0.021967049688100815,0.04399999976158142,0.19589999318122864
YJL207C,YGR180C,0,-3.8230727,0.02195608802139759,0.04399999976158142,0.19599999487400055
YPR121W,YOR089C,0,-3.823881,0.021945137530565262,0.04399999976158142,0.19609999656677246
YBL071W-A,YOL115W,0,-3.824747,0.02193419821560383,0.04399999976158142,0.19619999825954437
YBR158W,YPR032W,0,-3.8247843,0.02192326821386814,0.04399999976158142,0.19629999995231628
YGL070C,YKL178C,0,-3.8253653,0.0219123512506485,0.04399999976158142,0.1964000016450882
YDL039C,YBR048W,0,-3.8255696,0.021901443600654602,0.04399999976158142,0.1965000033378601
YDR492W,YOR330C,0,-3.8256645,0.0218905471265316,0.04399999976158142,0.19660000503063202
YGL032C,YDR492W,0,-3.8261707,0.021879661828279495,0.04399999976158142,0.19670000672340393
YBL082C,YJL056C,0,-3.8270974,0.021868787705898285,0.04399999976158142,0.19679999351501465
YER053C,YDR195W,0,-3.8277829,0.02185792289674282,0.04399999976158142,0.19689999520778656
YDR214W,YOL095C,0,-3.827905,0.0218470711261034,0.04399999976158142,0.19699999690055847
YJR089W,YBR276C,0,-3.8290951,0.021836228668689728,0.04399999976158142,0.19709999859333038
YJR147W,YOR116C,0,-3.8292913,0.02182539738714695,0.04399999976158142,0.1972000002861023
YNL055C,YML045W,0,-3.8293352,0.021814575418829918,0.04399999976158142,0.1973000019788742
YOR351C,YBR257W,0,-3.8293571,0.02180376648902893,0.04399999976158142,0.19740000367164612
YBL097W,YMR140W,0,-3.8296547,0.02179296687245369,0.04399999976158142,0.19750000536441803
YGL192W,YMR140W,0,-3.831167,0.021782178431749344,0.04399999976158142,0.19760000705718994
YMR301C,YDL209C,0,-3.8318977,0.021771401166915894,0.04399999976158142,0.19769999384880066
YOR245C,YDR492W,0,-3.8319736,0.02176063321530819,0.04399999976158142,0.19779999554157257
YBR040W,YJL145W,0,-3.8322306,0.02174987643957138,0.04399999976158142,0.19789999723434448
YDR448W,YKR024C,0,-3.8323536,0.021739130839705467,0.04399999976158142,0.1979999989271164
YPL202C,YML098W,1,-3.832586,0.02222222276031971,0.04500000178813934,0.1979999989271164
YGR108W,YML129C,0,-3.8326135,0.02221125364303589,0.04500000178813934,0.1981000006198883
YNL112W,YAR035W,0,-3.8330855,0.022200295701622963,0.04500000178813934,0.19820000231266022
YFR053C,YBL055C,0,-3.833323,0.022189348936080933,0.04500000178813934,0.19830000400543213
YGR274C,YBR198C,1,-3.8340313,0.02267126739025116,0.04600000008940697,0.19830000400543213
YOR349W,YEL009C,0,-3.8340545,0.02266009896993637,0.04600000008940697,0.19840000569820404
YGL162W,YMR243C,0,-3.834887,0.022648941725492477,0.04600000008940697,0.19850000739097595
YOL165C,YML088W,0,-3.8352194,0.02263779565691948,0.04600000008940697,0.19859999418258667
YHR053C,YNL053W,0,-3.8354654,0.022626660764217377,0.04600000008940697,0.19869999587535858
YER106W,YKL080W,0,-3.8355403,0.02261553518474102,0.04600000008940697,0.1987999975681305
YPL021W,YOR330C,0,-3.8357153,0.02260442264378071,0.04600000008940697,0.1988999992609024
YFR021W,YLR340W,0,-3.8357358,0.022593319416046143,0.04600000008940697,0.19900000095367432
YER106W,YGR209C,0,-3.836464,0.02258222922682762,0.04600000008940697,0.19910000264644623
YPR185W,YIL140W,0,-3.8364902,0.022571148350834846,0.04600000008940697,0.19920000433921814
YDR446W,YHR197W,0,-3.8374114,0.022560078650712967,0.04600000008940697,0.19930000603199005
YBL015W,YLL015W,0,-3.8380008,0.022549020126461983,0.04600000008940697,0.19939999282360077
YGR264C,YAL017W,0,-3.838648,0.022537970915436745,0.04600000008940697,0.19949999451637268
YGL116W,YMR243C,0,-3.8388433,0.02252693474292755,0.04600000008940697,0.1995999962091446
YLR136C,YHR048W,0,-3.839027,0.022515907883644104,0.04600000008940697,0.1996999979019165
YNR054C,YDR523C,0,-3.8392625,0.022504892200231552,0.04600000008940697,0.19979999959468842
YMR192W,YIL173W,0,-3.8395164,0.022493887692689896,0.04600000008940697,0.19990000128746033
YFL011W,YCL032W,0,-3.8396215,0.022482894361019135,0.04600000008940697,0.20000000298023224
YJR147W,YNL088W,0,-3.8410618,0.02247191034257412,0.04600000008940697,0.20010000467300415
YMR001C,YGL033W,0,-3.8413048,0.0224609375,0.04600000008940697,0.20020000636577606
YBR034C,YKR053C,0,-3.8418167,0.022449975833296776,0.04600000008940697,0.20029999315738678
YFL021W,YAL001C,1,-3.8428507,0.022926829755306244,0.04699999839067459,0.20029999315738678
YNR074C,YER154W,0,-3.8436584,0.02291565015912056,0.04699999839067459,0.2003999948501587
YDR513W,YDR213W,0,-3.8446755,0.02290448360145092,0.04699999839067459,0.2004999965429306
YHR206W,YCL019W,0,-3.8450422,0.022893326357007027,0.04699999839067459,0.20059999823570251
YKL086W,YBR173C,0,-3.8451707,0.02288218028843403,0.04699999839067459,0.20069999992847443
YBR274W,YOR063W,0,-3.8453822,0.022871045395731926,0.04699999839067459,0.20080000162124634
YBR070C,YLR455W,0,-3.8464801,0.02285992167890072,0.04699999839067459,0.20090000331401825
YBL078C,YPL110C,0,-3.8469176,0.022848809137940407,0.04699999839067459,0.20100000500679016
YGR171C,YNL012W,0,-3.8471885,0.02283770591020584,0.04699999839067459,0.20110000669956207
YJL020C,YGL055W,0,-3.8486218,0.02282661572098732,0.04699999839067459,0.2011999934911728
YNR072W,YER003C,0,-3.8486419,0.022815534844994545,0.04699999839067459,0.2012999951839447
YBR172C,YGR082W,0,-3.848688,0.022804463282227516,0.04699999839067459,0.2013999968767166
YBL015W,YDR244W,0,-3.8492918,0.022793404757976532,0.04699999839067459,0.20149999856948853
YDR004W,YOL039W,0,-3.8495584,0.022782355546951294,0.04699999839067459,0.20160000026226044
YGL244W,YPR101W,0,-3.8497295,0.02277131751179695,0.04699999839067459,0.20170000195503235
YPL036W,YOR272W,0,-3.8500755,0.022760290652513504,0.04699999839067459,0.20180000364780426
YDR093W,YER190W,0,-3.8506732,0.022749273106455803,0.04699999839067459,0.20190000534057617
YML102W,YEL056W,0,-3.8513222,0.022738268598914146,0.04699999839067459,0.20200000703334808
YBR158W,YDR140W,0,-3.8517501,0.022727273404598236,0.04699999839067459,0.2020999938249588
YEL026W,YCL020W,0,-3.8520565,0.022716287523508072,0.04699999839067459,0.2021999955177307
YKL001C,YEL004W,0,-3.8520918,0.022705314680933952,0.04699999839067459,0.20229999721050262
YBR172C,YNL044W,0,-3.8524396,0.02269435115158558,0.04699999839067459,0.20239999890327454
YKL084W,YPL174C,0,-3.8526537,0.02268339693546295,0.04699999839067459,0.20250000059604645
YFL010W-A,YBR202W,0,-3.852682,0.02267245575785637,0.04699999839067459,0.20260000228881836
YDR270W,YBR127C,0,-3.8534114,0.022661523893475533,0.04699999839067459,0.20270000398159027
YBR015C,YDR244W,0,-3.8534698,0.02265060320496559,0.04699999839067459,0.20280000567436218
YLL061W,YPL033C,0,-3.8535483,0.022639691829681396,0.04699999839067459,0.2029000073671341
YOL082W,YJL214W,0,-3.8535764,0.022628791630268097,0.04699999839067459,0.2029999941587448
YGR246C,YCR042C,1,-3.853669,0.023099133744835854,0.04800000041723251,0.2029999941587448
YJL214W,YAL015C,0,-3.8542106,0.02308802306652069,0.04800000041723251,0.20309999585151672
YER040W,YMR290C,0,-3.854426,0.023076923564076424,0.04800000041723251,0.20319999754428864
YHL031C,YBL100W-A,0,-3.8548882,0.023065833374857903,0.04800000041723251,0.20329999923706055
YPR138C,YDR195W,0,-3.8561945,0.023054754361510277,0.04800000041723251,0.20340000092983246
YNR075W,YGL168W,0,-3.8575783,0.023043686524033546,0.04800000041723251,0.20350000262260437
YNL270C,YJL034W,0,-3.857912,0.02303262986242771,0.04800000041723251,0.20360000431537628
YBL020W,YDR115W,0,-3.8583722,0.023021582514047623,0.04800000041723251,0.2037000060081482
YHR176W,YIL056W,0,-3.8590279,0.02301054634153843,0.04800000041723251,0.2037999927997589
YDR299W,YLR216C,0,-3.8590512,0.02299952134490013,0.04800000041723251,0.20389999449253082
YBR185C,YJR141W,0,-3.8591805,0.02298850566148758,0.04800000041723251,0.20399999618530273
YBR092C,YPL010W,0,-3.8599834,0.022977501153945923,0.04800000041723251,0.20409999787807465
YML113W,YOR080W,0,-3.860197,0.022966507822275162,0.04800000041723251,0.20419999957084656
YDR039C,YMR075W,0,-3.860831,0.022955523803830147,0.04800000041723251,0.20430000126361847
YLL034C,YLR340W,0,-3.8615398,0.022944550961256027,0.04800000041723251,0.20440000295639038
YER171W,YOL067C,1,-3.861754,0.023411370813846588,0.04899999871850014,0.20440000295639038
YGL124C,YIL101C,0,-3.861815,0.023400191217660904,0.04899999871850014,0.2045000046491623
YNL286W,YPL121C,0,-3.8620932,0.023389020934700966,0.04899999871850014,0.2046000063419342
YCL025C,YBR058C-A,0,-3.8624244,0.023377861827611923,0.04899999871850014,0.20469999313354492
YGR041W,YNR049C,0,-3.8630886,0.023366713896393776,0.04899999871850014,0.20479999482631683
YCL067C,YPL269W,0,-3.8633401,0.023355577141046524,0.04899999871850014,0.20489999651908875
YBR085W,YLR260W,0,-3.8636074,0.02334444969892502,0.04899999871850014,0.20499999821186066
YOR028C,YEL071W,0,-3.8639011,0.023333333432674408,0.04899999871850014,0.20509999990463257
YER044C-A,YOR321W,0,-3.8641717,0.023322228342294693,0.04899999871850014,0.20520000159740448
YCR031C,YLR272C,0,-3.864409,0.023311132565140724,0.04899999871850014,0.2053000032901764
YNL245C,YNL304W,0,-3.8644135,0.02330004796385765,0.04899999871850014,0.2054000049829483
YLR155C,YDL208W,0,-3.8644469,0.023288972675800323,0.04899999871850014,0.20550000667572021
YKR061W,YNL160W,0,-3.8646784,0.02327791042625904,0.04899999871850014,0.20559999346733093
YHR011W,YMR272C,0,-3.8648257,0.023266857489943504,0.04899999871850014,0.20569999516010284
YFL055W,YLR223C,0,-3.8651974,0.023255813866853714,0.04899999871850014,0.20579999685287476
YDL039C,YER021W,0,-3.8659692,0.02324478141963482,0.04899999871850014,0.20589999854564667
YGL094C,YNL279W,0,-3.8665688,0.02323376014828682,0.04899999871850014,0.20600000023841858
YOL077W-A,YOR351C,0,-3.8665977,0.023222748190164566,0.04899999871850014,0.2061000019311905
YOL077W-A,YDR135C,0,-3.8672624,0.023211747407913208,0.04899999871850014,0.2062000036239624
YDR490C,YJR141W,0,-3.8674362,0.023200757801532745,0.04899999871850014,0.20630000531673431
YBR170C,YGR070W,0,-3.8675644,0.02318977750837803,0.04899999871850014,0.20640000700950623
YJR031C,YNR006W,0,-3.8680491,0.023178808391094208,0.04899999871850014,0.20649999380111694
YMR232W,YKL008C,0,-3.8693802,0.023167848587036133,0.04899999871850014,0.20659999549388885
YEL022W,YHR062C,0,-3.86949,0.023156899958848953,0.04899999871850014,0.20669999718666077
YNL051W,YDL090C,0,-3.8697689,0.02314596064388752,0.04899999871850014,0.20679999887943268
YGR246C,YDR079C-A,1,-3.8698707,0.023607175797224045,0.05000000074505806,0.20679999887943268
YNL065W,YLR449W,0,-3.8702395,0.023596035316586494,0.05000000074505806,0.2069000005722046
YFL025C,YKL191W,0,-3.8705015,0.02358490601181984,0.05000000074505806,0.2070000022649765
YNL257C,YGR274C,1,-3.8708575,0.02404526248574257,0.050999999046325684,0.2070000022649765
YPL021W,YHR026W,0,-3.8711915,0.024033930152654648,0.050999999046325684,0.2071000039577484
YJR001W,YIL119C,0,-3.872027,0.024022608995437622,0.050999999046325684,0.20720000565052032
YOL067C,YDR079C-A,1,-3.872104,0.024482108652591705,0.052000001072883606,0.20720000565052032
YGR060W,YGR013W,0,-3.8723574,0.024470588192343712,0.052000001072883606,0.20730000734329224
YGR247W,YIL018W,0,-3.8724036,0.024459078907966614,0.052000001072883606,0.20739999413490295
YFL055W,YDR523C,0,-3.8726602,0.024447578936815262,0.052000001072883606,0.20749999582767487
YHR166C,YDR021W,0,-3.8731468,0.024436090141534805,0.052000001072883606,0.20759999752044678
YHR142W,YNR059W,0,-3.873917,0.024424612522125244,0.052000001072883606,0.2076999992132187
YHR169W,YGR060W,0,-3.8742123,0.02441314607858658,0.052000001072883606,0.2078000009059906
YKL172W,YNL297C,0,-3.8748186,0.02440168894827366,0.052000001072883606,0.2079000025987625
YJL214W,YNL044W,0,-3.8751645,0.024390242993831635,0.052000001072883606,0.20800000429153442
YDR073W,YDR065W,0,-3.875297,0.024378810077905655,0.052000001072883606,0.20810000598430634
YJL014W,YLR377C,0,-3.8754692,0.024367384612560272,0.052000001072883606,0.20819999277591705
YNL271C,YFR055W,0,-3.8755975,0.024355972185730934,0.052000001072883606,0.20829999446868896
YER157W,YDR414C,0,-3.8757887,0.024344569072127342,0.052000001072883606,0.20839999616146088
YJL076W,YEL004W,0,-3.8758173,0.024333177134394646,0.052000001072883606,0.2084999978542328
YGR246C,YPR025C,1,-3.8770957,0.02478952333331108,0.05299999937415123,0.2084999978542328
YLR079W,YHR012W,0,-3.8773236,0.024777933955192566,0.05299999937415123,0.2085999995470047
YKR052C,YOR310C,0,-3.8776839,0.024766355752944946,0.05299999937415123,0.2087000012397766
YMR314W,YIL101C,0,-3.8778236,0.024754786863923073,0.05299999937415123,0.20880000293254852
YHR005C-A,YPL212C,0,-3.8780198,0.024743231013417244,0.05299999937415123,0.20890000462532043
YOL027C,YPL124W,0,-3.8787825,0.02473168447613716,0.05299999937415123,0.20900000631809235
YHR036W,YPR133W-A,0,-3.8791523,0.024720149114727974,0.05299999937415123,0.20909999310970306
YPR200C,YGR222W,0,-3.8797784,0.024708624929189682,0.05299999937415123,0.20919999480247498
YNL314W,YPL129W,1,-3.8808062,0.025163093581795692,0.05400000140070915,0.20919999480247498
YCR072C,YDR260C,0,-3.8808398,0.02515137381851673,0.05400000140070915,0.2092999964952469
YNL009W,YGR249W,0,-3.880912,0.025139665231108665,0.05400000140070915,0.2093999981880188
YCL035C,YDR146C,0,-3.8810625,0.025127965956926346,0.05400000140070915,0.2094999998807907
YPL231W,YBR293W,0,-3.881485,0.02511627972126007,0.05400000140070915,0.20960000157356262
YOR348C,YEL013W,0,-3.8817468,0.025104602798819542,0.05400000140070915,0.20970000326633453
YDR243C,YGR296W,0,-3.882065,0.02509293705224991,0.05400000140070915,0.20980000495910645
YNL110C,YDR451C,0,-3.8823056,0.02508128248155117,0.05400000140070915,0.20990000665187836
YBR059C,YPL121C,0,-3.8823605,0.02506963722407818,0.05400000140070915,0.20999999344348907
YOR180C,YOR109W,0,-3.8823743,0.02505800500512123,0.05400000140070915,0.210099995136261
YNL080C,YHL036W,0,-3.8829572,0.02504638209939003,0.05400000140070915,0.2101999968290329
YIL121W,YDR297W,0,-3.8830464,0.025034770369529724,0.05400000140070915,0.2102999985218048
YBR029C,YLR426W,0,-3.8834336,0.025023169815540314,0.05400000140070915,0.21040000021457672
YNL245C,YBR186W,0,-3.8839653,0.02501157857477665,0.05400000140070915,0.21050000190734863
YPL196W,YPL045W,0,-3.8842652,0.02500000037252903,0.05400000140070915,0.21060000360012054
YER062C,YEL013W,0,-3.8845935,0.024988431483507156,0.05400000140070915,0.21070000529289246
YBR297W,YMR008C,0,-3.8848991,0.02497687377035618,0.05400000140070915,0.21080000698566437
YBR202W,YJR145C,0,-3.8849452,0.024965325370430946,0.05400000140070915,0.21089999377727509
YPR068C,YDR025W,0,-3.885709,0.02495379000902176,0.05400000140070915,0.210999995470047
YDL017W,YPR121W,0,-3.8861668,0.024942263960838318,0.05400000140070915,0.2110999971628189
YLR145W,YDR065W,0,-3.8863409,0.024930747225880623,0.05400000140070915,0.21119999885559082
YEL071W,YOR386W,0,-3.8865228,0.024919243529438972,0.05400000140070915,0.21130000054836273
YCL066W,YDR481C,0,-3.8883061,0.024907749146223068,0.05400000140070915,0.21140000224113464
YBR159W,YER049W,0,-3.8889132,0.02489626593887806,0.05400000140070915,0.21150000393390656
YLR216C,YPL032C,0,-3.888942,0.024884792044758797,0.05400000140070915,0.21160000562667847
YLR295C,YDL022W,0,-3.8893225,0.02487333118915558,0.05400000140070915,0.21170000731945038
YLR233C,YNL164C,0,-3.8895535,0.024861877784132957,0.05400000140070915,0.2117999941110611
YDL028C,YBL039C,0,-3.891635,0.02485043741762638,0.05400000140070915,0.211899995803833
YNL008C,YHR074W,0,-3.892531,0.02483900636434555,0.05400000140070915,0.21199999749660492
YPR183W,YBR298C,0,-3.8930116,0.024827586486935616,0.05400000140070915,0.21209999918937683
YML012W,YDL039C,0,-3.8930955,0.024816175922751427,0.05400000140070915,0.21220000088214874
YOR239W,YJR145C,0,-3.8935435,0.024804776534438133,0.05400000140070915,0.21230000257492065
YOL126C,YAL030W,0,-3.8938563,0.024793388321995735,0.05400000140070915,0.21240000426769257
YER045C,YBL103C,1,-3.8943298,0.025240935385227203,0.054999999701976776,0.21240000426769257
YNL110C,YBL017C,0,-3.8955522,0.025229357182979584,0.054999999701976776,0.21250000596046448
YOL093W,YDL170W,0,-3.8958576,0.02521779015660286,0.054999999701976776,0.2125999927520752
YKR082W,YJL059W,0,-3.895883,0.02520623244345188,0.054999999701976776,0.2126999944448471
YOR298C-A,YJL109C,0,-3.8961194,0.0251946859061718,0.054999999701976776,0.21279999613761902
YGL089C,YNL012W,0,-3.896203,0.02518315054476261,0.054999999701976776,0.21289999783039093
YBR039W,YGL028C,0,-3.89649,0.02517162449657917,0.054999999701976776,0.21299999952316284
YLR242C,YER040W,0,-3.8968382,0.025160109624266624,0.054999999701976776,0.21310000121593475
YLR319C,YGL209W,0,-3.8968518,0.025148605927824974,0.054999999701976776,0.21320000290870667
YLR056W,YER002W,0,-3.8971374,0.02513711154460907,0.054999999701976776,0.21330000460147858
YER002W,YEL004W,0,-3.8975337,0.02512562833726406,0.054999999701976776,0.2134000062942505
YPL202C,YER028C,1,-3.8977823,0.02557077631354332,0.0560000017285347,0.2134000062942505
YMR011W,YLR254C,0,-3.8980722,0.02555910497903824,0.0560000017285347,0.2134999930858612
YEL036C,YLR106C,0,-3.8989418,0.025547444820404053,0.0560000017285347,0.21359999477863312
YGR274C,YOR110W,1,-3.899252,0.025991791859269142,0.05700000002980232,0.21359999477863312
YMR212C,YHR031C,0,-3.8993297,0.025979945436120033,0.05700000002980232,0.21369999647140503
YAL058W,YOR267C,0,-3.8994114,0.02596811018884182,0.05700000002980232,0.21379999816417694
YKL172W,YJL173C,0,-3.9005103,0.025956284254789352,0.05700000002980232,0.21389999985694885
YCR042C,YBR198C,1,-3.9010642,0.026399636641144753,0.057999998331069946,0.21389999985694885
YMR198W,YLR214W,0,-3.901568,0.026387624442577362,0.057999998331069946,0.21400000154972076
YDL028C,YMR145C,0,-3.901618,0.026375625282526016,0.057999998331069946,0.21410000324249268
YEL036C,YCR075C,0,-3.9018483,0.026363635435700417,0.057999998331069946,0.2142000049352646
YHR143W,YEL050C,0,-3.9030159,0.02635165862739086,0.057999998331069946,0.2143000066280365
YNL007C,YAR042W,0,-3.9031436,0.026339691132307053,0.057999998331069946,0.21439999341964722
YLR216C,YPR081C,0,-3.9033542,0.02632773481309414,0.057999998331069946,0.21449999511241913
YNL053W,YKR082W,0,-3.9040995,0.02631578966975212,0.057999998331069946,0.21459999680519104
YMR015C,YDR028C,0,-3.9041834,0.026303855702280998,0.057999998331069946,0.21469999849796295
YGR108W,YNL268W,0,-3.9043784,0.02629193104803562,0.057999998331069946,0.21480000019073486
YPR185W,YDR071C,0,-3.9045334,0.02628001756966114,0.057999998331069946,0.21490000188350677
YLR195C,YIL173W,0,-3.905858,0.026268115267157555,0.057999998331069946,0.2150000035762787
YCR047C,YOL004W,0,-3.9058936,0.026256224140524864,0.057999998331069946,0.2151000052690506
YLL024C,YAR035W,0,-3.9060314,0.02624434418976307,0.057999998331069946,0.2152000069618225
YLR467W,YOL138C,0,-3.9067683,0.02623247355222702,0.057999998331069946,0.21529999375343323
YDR320C-A,YER041W,0,-3.9069037,0.026220614090561867,0.057999998331069946,0.21539999544620514
YMR001C,YKL143W,0,-3.9072256,0.02620876580476761,0.057999998331069946,0.21549999713897705
YJR042W,YMR117C,0,-3.9073503,0.026196928694844246,0.057999998331069946,0.21559999883174896
YPR201W,YNL232W,0,-3.9078593,0.02618510089814663,0.057999998331069946,0.21570000052452087
YJL116C,YML127W,0,-3.9085665,0.026173284277319908,0.057999998331069946,0.21580000221729279
YIR005W,YDR490C,0,-3.9107096,0.026161478832364082,0.057999998331069946,0.2159000039100647
YLR328W,YLL017W,0,-3.9107294,0.026149684563279152,0.057999998331069946,0.2160000056028366
YPL021W,YOR207C,0,-3.9109974,0.026137899607419968,0.057999998331069946,0.21610000729560852
YFL010W-A,YKL048C,0,-3.9110596,0.02612612582743168,0.057999998331069946,0.21619999408721924
YOR156C,YPL130W,0,-3.9111025,0.026114363223314285,0.057999998331069946,0.21629999577999115
YLR276C,YML041C,0,-3.9111555,0.026102609932422638,0.057999998331069946,0.21639999747276306
YDR448W,YKL205W,0,-3.9133196,0.026090867817401886,0.057999998331069946,0.21649999916553497
YDR069C,YHR020W,0,-3.9134316,0.02607913687825203,0.057999998331069946,0.21660000085830688
YFR014C,YER106W,0,-3.9134407,0.02606741525232792,0.057999998331069946,0.2167000025510788
YPL265W,YLR442C,0,-3.9136732,0.026055704802274704,0.057999998331069946,0.2168000042438507
YPL043W,YDR202C,0,-3.9137032,0.026044005528092384,0.057999998331069946,0.21690000593662262
YHR175W,YGL232W,0,-3.9138312,0.02603231556713581,0.057999998331069946,0.21699999272823334
YER110C,YBL079W,0,-3.913877,0.026020636782050133,0.057999998331069946,0.21709999442100525
YPL061W,YLR117C,0,-3.9142334,0.02600896917283535,0.057999998331069946,0.21719999611377716
YGL163C,YHR106W,0,-3.9142861,0.025997310876846313,0.057999998331069946,0.21729999780654907
YJR092W,YGR221C,0,-3.9144752,0.025985663756728172,0.057999998331069946,0.21739999949932098
YNL286W,YDR453C,0,-3.9146395,0.025974025949835777,0.057999998331069946,0.2175000011920929
YPL130W,YJL222W,0,-3.9146607,0.025962399318814278,0.057999998331069946,0.2176000028848648
YIL079C,YPL209C,0,-3.915025,0.025950783863663673,0.057999998331069946,0.21770000457763672
YJR119C,YKL085W,0,-3.9154065,0.025939177721738815,0.057999998331069946,0.21780000627040863
YOR187W,YBR006W,0,-3.9154909,0.025927580893039703,0.057999998331069946,0.21789999306201935
YBR179C,YCR072C,0,-3.915961,0.025915997102856636,0.057999998331069946,0.21799999475479126
YOL008W,YGL191W,0,-3.9160604,0.025904420763254166,0.057999998331069946,0.21809999644756317
YOR330C,YGL014W,0,-3.9161153,0.02589285746216774,0.057999998331069946,0.21819999814033508
YMR231W,YBL051C,0,-3.9169593,0.02588130347430706,0.057999998331069946,0.218299999833107
YOR304W,YDR055W,0,-3.9170053,0.025869758799672127,0.057999998331069946,0.2184000015258789
YLR172C,YPL095C,0,-3.917832,0.02585822530090809,0.057999998331069946,0.21850000321865082
YKL022C,YDR244W,0,-3.9184732,0.025846702978014946,0.057999998331069946,0.21860000491142273
YIR028W,YLR248W,0,-3.918638,0.02583518996834755,0.057999998331069946,0.21870000660419464
YCR088W,YNR023W,0,-3.9187195,0.0258236862719059,0.057999998331069946,0.21879999339580536
YLR242C,YJR035W,0,-3.919074,0.025812193751335144,0.057999998331069946,0.21889999508857727
YFL010W-A,YPL016W,0,-3.9200838,0.025800712406635284,0.057999998331069946,0.21899999678134918
YCL040W,YER062C,0,-3.9201322,0.02578924037516117,0.057999998331069946,0.2190999984741211
YNL126W,YJL141C,0,-3.9202123,0.025777777656912804,0.057999998331069946,0.219200000166893
YHR094C,YCL043C,0,-3.9204533,0.02576632611453533,0.057999998331069946,0.21930000185966492
YCR020W-B,YLR048W,0,-3.9219236,0.025754883885383606,0.057999998331069946,0.21940000355243683
YML008C,YIR017C,0,-3.9220855,0.025743452832102776,0.057999998331069946,0.21950000524520874
YDR163W,YGL162W,0,-3.9223018,0.02573203109204769,0.057999998331069946,0.21960000693798065
YDR490C,YDR306C,0,-3.9226122,0.025720620527863503,0.057999998331069946,0.21969999372959137
YLR117C,YMR305C,0,-3.9232771,0.02570921927690506,0.057999998331069946,0.21979999542236328
YGL245W,YNL160W,0,-3.9233108,0.025697829201817513,0.057999998331069946,0.2198999971151352
YIL160C,YNL273W,0,-3.9237468,0.02568644843995571,0.057999998331069946,0.2199999988079071
YGR089W,YLR371W,0,-3.924194,0.025675076991319656,0.057999998331069946,0.22010000050067902
YKL143W,YDL033C,0,-3.924548,0.025663716718554497,0.057999998331069946,0.22020000219345093
YDR192C,YKL212W,0,-3.9246736,0.025652365759015083,0.057999998331069946,0.22030000388622284
YBR171W,YPL253C,0,-3.9248247,0.025641025975346565,0.057999998331069946,0.22040000557899475
YPR104C,YKR039W,0,-3.924932,0.025629695504903793,0.057999998331069946,0.22050000727176666
YLR228C,YAR035W,0,-3.925036,0.025618374347686768,0.057999998331069946,0.22059999406337738
YBR233W-A,YDR363W,0,-3.9250517,0.025607064366340637,0.057999998331069946,0.2206999957561493
YBR085W,YLR043C,0,-3.9254184,0.025595763698220253,0.057999998331069946,0.2207999974489212
YBL085W,YEL065W,0,-3.925857,0.025584472343325615,0.057999998331069946,0.22089999914169312
YNL080C,YIL007C,0,-3.9259813,0.025573192164301872,0.057999998331069946,0.22100000083446503
YPR010C,YBR216C,0,-3.9260738,0.025561921298503876,0.057999998331069946,0.22110000252723694
YHR123W,YDR192C,0,-3.9264498,0.025550661608576775,0.057999998331069946,0.22120000422000885
YDR004W,YDR057W,0,-3.926774,0.02553940936923027,0.057999998331069946,0.22130000591278076
YML032C,YLR167W,0,-3.926792,0.02552816830575466,0.057999998331069946,0.22139999270439148
YGR246C,YPR186C,1,-3.9277525,0.025956885889172554,0.05900000035762787,0.22139999270439148
YGL163C,YDL170W,0,-3.9278035,0.025945469737052917,0.05900000035762787,0.2214999943971634
YAL034W-A,YKR057W,0,-3.9279165,0.025934066623449326,0.05900000035762787,0.2215999960899353
YIR037W,YGR042W,0,-3.928237,0.02592267096042633,0.05900000035762787,0.22169999778270721
YJR108W,YKL178C,0,-3.9288006,0.02591128647327423,0.05900000035762787,0.22179999947547913
YOL021C,YGR080W,0,-3.928955,0.025899911299347878,0.05900000035762787,0.22190000116825104
YBR159W,YMR096W,0,-3.930257,0.02588854730129242,0.05900000035762787,0.22200000286102295
YDR320C-A,YDL087C,0,-3.9306724,0.025877192616462708,0.05900000035762787,0.22210000455379486
YGL084C,YER044C-A,0,-3.9309242,0.02586584910750389,0.05900000035762787,0.22220000624656677
YGR145W,YIL106W,0,-3.9312108,0.02585451304912567,0.05900000035762787,0.2222999930381775
YML008C,YDR097C,0,-3.9312367,0.025843188166618347,0.05900000035762787,0.2223999947309494
YLR071C,YNL332W,0,-3.9312797,0.02583187445998192,0.05900000035762787,0.2224999964237213
YGL163C,YER082C,0,-3.9315355,0.025820568203926086,0.05900000035762787,0.22259999811649323
YLR011W,YDR202C,0,-3.9327118,0.02580927312374115,0.05900000035762787,0.22269999980926514
YKL002W,YDR545W,0,-3.9327164,0.02579798921942711,0.05900000035762787,0.22280000150203705
YOL127W,YDR416W,0,-3.9328089,0.025786712765693665,0.05900000035762787,0.22290000319480896
YML121W,YMR229C,0,-3.9331045,0.025775447487831116,0.05900000035762787,0.22300000488758087
YDR184C,YJL173C,0,-3.9331706,0.025764191523194313,0.05900000035762787,0.22310000658035278
YIL035C,YIL073C,0,-3.9333124,0.025752946734428406,0.05900000035762787,0.2231999933719635
YMR127C,YBL039C,0,-3.9333997,0.025741709396243095,0.05900000035762787,0.2232999950647354
YMR143W,YDR143C,0,-3.9340413,0.02573048323392868,0.05900000035762787,0.22339999675750732
YBR112C,YML130C,0,-3.934561,0.02571926824748516,0.05900000035762787,0.22349999845027924
YML102W,YER053C,0,-3.9347577,0.025708060711622238,0.05900000035762787,0.22360000014305115
YBR158W,YDR465C,0,-3.9354048,0.02569686435163021,0.05900000035762787,0.22370000183582306
YKR099W,YDL014W,0,-3.9366686,0.02568567730486393,0.05900000035762787,0.22380000352859497
YNL314W,YGR274C,1,-3.9372098,0.026109660044312477,0.05999999865889549,0.22380000352859497
YBR135W,YLR183C,0,-3.937526,0.026098303496837616,0.05999999865889549,0.22390000522136688
YKL082C,YNL054W,0,-3.937676,0.0260869562625885,0.05999999865889549,0.2240000069141388
YNL314W,YIL143C,1,-3.937974,0.02651021257042885,0.061000000685453415,0.2240000069141388
YBR298C,YGR056W,0,-3.9381094,0.026498697698116302,0.061000000685453415,0.2240999937057495
YLR449W,YDR162C,0,-3.938246,0.026487190276384354,0.061000000685453415,0.22419999539852142
YLR052W,YDR244W,0,-3.9385583,0.0264756940305233,0.061000000685453415,0.22429999709129333
YIR005W,YBR127C,0,-3.938775,0.026464208960533142,0.061000000685453415,0.22439999878406525
YPR167C,YNL163C,0,-3.9392262,0.02645273134112358,0.061000000685453415,0.22450000047683716
YDL247W,YML014W,0,-3.939403,0.026441264897584915,0.061000000685453415,0.22460000216960907
YNL073W,YKL088W,0,-3.9396796,0.026429809629917145,0.061000000685453415,0.22470000386238098
YPR031W,YER118C,0,-3.9400306,0.02641836367547512,0.061000000685453415,0.2248000055551529
YMR035W,YGR166W,0,-3.940156,0.026406927034258842,0.061000000685453415,0.2249000072479248
YFR014C,YCL005W-A,0,-3.9410734,0.02639549970626831,0.061000000685453415,0.22499999403953552
YMR128W,YEL004W,0,-3.941161,0.026384083554148674,0.061000000685453415,0.22509999573230743
YBR247C,YIL115C,0,-3.941267,0.026372676715254784,0.061000000685453415,0.22519999742507935
YLL022C,YNL339C,0,-3.941793,0.02636127918958664,0.061000000685453415,0.22529999911785126
YPL037C,YLL041C,0,-3.942667,0.02634989283978939,0.061000000685453415,0.22540000081062317
YGR188C,YGL116W,0,-3.943187,0.02633851394057274,0.061000000685453415,0.22550000250339508
YPR124W,YBR048W,0,-3.9432175,0.02632714807987213,0.061000000685453415,0.225600004196167
YIR005W,YIL068C,0,-3.9434202,0.02631578966975212,0.061000000685453415,0.2257000058889389
YBR119W,YBR126C,0,-3.94384,0.026304442435503006,0.061000000685453415,0.22579999268054962
YER065C,YNL241C,0,-3.9443717,0.026293102651834488,0.061000000685453415,0.22589999437332153
YBL042C,YMR076C,0,-3.945055,0.026281775906682014,0.061000000685453415,0.22599999606609344
YAL022C,YDR492W,0,-3.946387,0.026270456612110138,0.061000000685453415,0.22609999775886536
YFR013W,YOR182C,0,-3.9474201,0.026259148493409157,0.061000000685453415,0.22619999945163727
YMR250W,YFL016C,0,-3.9475293,0.026247847825288773,0.061000000685453415,0.22630000114440918
YGR225W,YPR041W,0,-3.9481215,0.026236558333039284,0.061000000685453415,0.2264000028371811
YPL177C,YNL314W,1,-3.9491246,0.026655202731490135,0.06199999898672104,0.2264000028371811
YER015W,YKL019W,0,-3.949707,0.026643747463822365,0.06199999898672104,0.226500004529953
YDR216W,YKL194C,0,-3.950037,0.02663230150938034,0.06199999898672104,0.22660000622272491
YKL011C,YDR386W,0,-3.9507194,0.02662086673080921,0.06199999898672104,0.22669999301433563
YOR005C,YFR033C,0,-3.9507225,0.02660944126546383,0.06199999898672104,0.22679999470710754
YJR070C,YPL268W,0,-3.950769,0.026598026975989342,0.06199999898672104,0.22689999639987946
YPR054W,YPL092W,0,-3.950884,0.02658662013709545,0.06199999898672104,0.22699999809265137
YGL171W,YBR154C,0,-3.9514532,0.026575224474072456,0.06199999898672104,0.22709999978542328
YGL073W,YJR042W,0,-3.9515414,0.026563838124275208,0.06199999898672104,0.2272000014781952
YPL115C,YGR103W,0,-3.951686,0.026552462950348854,0.06199999898672104,0.2273000031709671
YHR013C,YIL121W,0,-3.9518938,0.026541095227003098,0.06199999898672104,0.227400004863739
YNL039W,YER171W,1,-3.9520216,0.026957638561725616,0.06300000101327896,0.227400004863739
YDR046C,YER035W,0,-3.9526196,0.026946106925606728,0.06300000101327896,0.22750000655651093
YDR123C,YBR218C,0,-3.9528203,0.026934588328003883,0.06300000101327896,0.22759999334812164
YJR158W,YNL016W,0,-3.952891,0.026923077180981636,0.06300000101327896,0.22769999504089355
YJL115W,YNL309W,0,-3.9543295,0.026911575347185135,0.06300000101327896,0.22779999673366547
YDR501W,YJR009C,0,-3.954774,0.02690008468925953,0.06300000101327896,0.22789999842643738
YGR246C,YFL021W,1,-3.9554381,0.027315407991409302,0.06400000303983688,0.22789999842643738
YBR298C,YDR488C,0,-3.9554434,0.027303753420710564,0.06400000303983688,0.2280000001192093
YIL154C,YLR385C,0,-3.9563735,0.02729211002588272,0.06400000303983688,0.2281000018119812
YPL233W,YPR191W,0,-3.956544,0.027280477806925774,0.06400000303983688,0.2282000035047531
YFR055W,YNL273W,0,-3.9572155,0.027268853038549423,0.06400000303983688,0.22830000519752502
YLR266C,YNL209W,0,-3.9590483,0.027257239446043968,0.06400000303983688,0.22840000689029694
YER045C,YDR362C,1,-3.9598093,0.02767135016620159,0.06499999761581421,0.22840000689029694
YGR108W,YPL175W,0,-3.960193,0.027659574523568153,0.06499999761581421,0.22849999368190765
YKL213C,YNL072W,0,-3.9607742,0.02764781005680561,0.06499999761581421,0.22859999537467957
YKL179C,YNL036W,0,-3.9610307,0.027636054903268814,0.06499999761581421,0.22869999706745148
YPR133W-A,YKR050W,0,-3.961069,0.027624309062957764,0.06499999761581421,0.2287999987602234
YNR054C,YOR269W,0,-3.961075,0.02761257439851761,0.06499999761581421,0.2289000004529953
YMR052W,YGR103W,0,-3.961081,0.0276008490473032,0.06499999761581421,0.2290000021457672
YDL227C,YKR003W,0,-3.9617028,0.027589134871959686,0.06499999761581421,0.22910000383853912
YPR200C,YLL003W,0,-3.9618223,0.02757742814719677,0.06499999761581421,0.22920000553131104
YPR201W,YBR112C,0,-3.9619012,0.027565734460949898,0.06499999761581421,0.22930000722408295
YDR093W,YFR030W,0,-3.9629302,0.027554048225283623,0.06499999761581421,0.22939999401569366
YKL013C,YLR377C,0,-3.963068,0.027542373165488243,0.06499999761581421,0.22949999570846558
YLR382C,YPR144C,0,-3.9631906,0.02753070741891861,0.06499999761581421,0.2295999974012375
YOR310C,YPL083C,0,-3.963771,0.027519050985574722,0.06499999761581421,0.2296999990940094
YER103W,YNR039C,0,-3.9638207,0.02750740572810173,0.06499999761581421,0.2298000007867813
YML073C,YOR076C,0,-3.9638634,0.027495769783854485,0.06499999761581421,0.22990000247955322
YDR205W,YNL332W,0,-3.96446,0.027484143152832985,0.06499999761581421,0.23000000417232513
YOR116C,YMR059W,0,-3.9649808,0.02747252769768238,0.06499999761581421,0.23010000586509705
YLL060C,YNR048W,0,-3.9659183,0.027460921555757523,0.06499999761581421,0.23019999265670776
YER104W,YOR230W,0,-3.96669,0.02744932472705841,0.06499999761581421,0.23029999434947968
YLR014C,YLR455W,0,-3.9668095,0.027437737211585045,0.06499999761581421,0.2303999960422516
YHR197W,YNR026C,0,-3.9671319,0.027426160871982574,0.06499999761581421,0.2304999977350235
YDL140C,YDR025W,0,-3.9675686,0.02741459384560585,0.06499999761581421,0.2305999994277954
YJR158W,YNL163C,0,-3.9690833,0.027403036132454872,0.06499999761581421,0.23070000112056732
YDR138W,YMR260C,0,-3.9691012,0.02739148773252964,0.06499999761581421,0.23080000281333923
YOR185C,YPR165W,0,-3.9701612,0.027379948645830154,0.06499999761581421,0.23090000450611115
YKR042W,YBL004W,0,-3.9706388,0.027368420735001564,0.06499999761581421,0.23100000619888306
YGR218W,YLL060C,0,-3.971826,0.02735690213739872,0.06499999761581421,0.23109999299049377
YBR040W,YPR107C,0,-3.972338,0.02734539285302162,0.06499999761581421,0.23119999468326569
YGL105W,YML043C,0,-3.972647,0.02733389474451542,0.06499999761581421,0.2312999963760376
YCR092C,YOR076C,0,-3.9729033,0.027322404086589813,0.06499999761581421,0.2313999980688095
YBL009W,YLR377C,0,-3.9729187,0.027310924604535103,0.06499999761581421,0.23149999976158142
YNR002C,YEL009C,0,-3.973576,0.02729945443570614,0.06499999761581421,0.23160000145435333
YPL256C,YHR169W,0,-3.9739482,0.02728799358010292,0.06499999761581421,0.23170000314712524
YJR076C,YNL250W,0,-3.975017,0.02727654203772545,0.06499999761581421,0.23180000483989716
YGR166W,YLR424W,0,-3.9750757,0.027265099808573723,0.06499999761581421,0.23190000653266907
YGR086C,YLR234W,0,-3.9756246,0.027253668755292892,0.06499999761581421,0.23199999332427979
YIL013C,YPL274W,0,-3.9763603,0.027242247015237808,0.06499999761581421,0.2320999950170517
YMR065W,YDR324C,0,-3.976417,0.02723083458840847,0.06499999761581421,0.2321999967098236
YBR050C,YLR430W,0,-3.9768968,0.02721942961215973,0.06499999761581421,0.23229999840259552
YNL314W,YAL001C,1,-3.9772663,0.02762662246823311,0.06599999964237213,0.23229999840259552
YHR124W,YMR067C,0,-3.9777095,0.02761506289243698,0.06599999964237213,0.23240000009536743
YER017C,YAR035W,0,-3.9782333,0.0276035126298666,0.06599999964237213,0.23250000178813934
YJL011C,YOL067C,1,-3.978863,0.028010033071041107,0.06700000166893005,0.23250000178813934
YPR186C,YGR274C,1,-3.9792652,0.028416214510798454,0.06800000369548798,0.23250000178813934
YNL065W,YGL037C,0,-3.9797595,0.028404343873262405,0.06800000369548798,0.23260000348091125
YOR005C,YKL082C,0,-3.9801617,0.028392484411597252,0.06800000369548798,0.23270000517368317
YOL012C,YPR078C,0,-3.9807422,0.028380634263157845,0.06800000369548798,0.23280000686645508
YAL034W-A,YER002W,0,-3.9809306,0.028368793427944183,0.06800000369548798,0.2328999936580658
YBL015W,YER088C,0,-3.981264,0.028356963768601418,0.06800000369548798,0.2329999953508377
YCR086W,YPR107C,0,-3.9812803,0.028345143422484398,0.06800000369548798,0.23309999704360962
YDL069C,YGR175C,0,-3.981658,0.028333334252238274,0.06800000369548798,0.23319999873638153
YOL164W,YIL075C,0,-3.9820008,0.028321532532572746,0.06800000369548798,0.23330000042915344
YDL036C,YMR142C,0,-3.9823103,0.028309741988778114,0.06800000369548798,0.23340000212192535
YBR102C,YBR084W,0,-3.98283,0.02829796075820923,0.06800000369548798,0.23350000381469727
YNL101W,YGL135W,0,-3.9830136,0.02828618884086609,0.06800000369548798,0.23360000550746918
YOR236W,YMR260C,0,-3.983069,0.028274428099393845,0.06800000369548798,0.2337000072002411
YCL014W,YLR286C,0,-3.9836378,0.028262676671147346,0.06800000369548798,0.2337999939918518
YNL257C,YDR079C-A,1,-3.9840705,0.028666390106081963,0.0689999982714653,0.2337999939918518
YJL020C,YDR011W,0,-3.9849474,0.028654485940933228,0.0689999982714653,0.23389999568462372
YHR061C,YGR192C,0,-3.9850492,0.02864259108901024,0.0689999982714653,0.23399999737739563
YLL011W,YDR545W,0,-3.9851031,0.028630705550312996,0.0689999982714653,0.23409999907016754
YKR090W,YJR021C,0,-3.9854822,0.02861883118748665,0.0689999982714653,0.23420000076293945
YCR031C,YDR159W,0,-3.9856415,0.028606964275240898,0.0689999982714653,0.23430000245571136
YOL061W,YBR058C-A,0,-3.9867601,0.028595110401511192,0.0689999982714653,0.23440000414848328
YJL102W,YGR195W,0,-3.986792,0.028583263978362083,0.0689999982714653,0.2345000058412552
YER073W,YML088W,0,-3.987475,0.02857142873108387,0.0689999982714653,0.2345999926328659
YER014C-A,YOR284W,0,-3.9876945,0.028559602797031403,0.0689999982714653,0.23469999432563782
YPR083W,YBR119W,0,-3.9879525,0.02854778617620468,0.0689999982714653,0.23479999601840973
YPL147W,YDR470C,0,-3.9882126,0.028535980731248856,0.0689999982714653,0.23489999771118164
YML075C,YDL115C,0,-3.9883776,0.028524182736873627,0.0689999982714653,0.23499999940395355
YPR200C,YHR042W,0,-3.9884417,0.028512395918369293,0.0689999982714653,0.23510000109672546
YMR175W,YER111C,0,-3.9887428,0.028500620275735855,0.0689999982714653,0.23520000278949738
YLR153C,YNR048W,0,-3.9888592,0.028488852083683014,0.0689999982714653,0.2353000044822693
YFL021W,YDR079C-A,1,-3.9894993,0.02888980694115162,0.07000000029802322,0.2353000044822693
YMR164C,YJL069C,0,-3.9898305,0.02887788787484169,0.07000000029802322,0.2354000061750412
YPL037C,YPR162C,0,-3.9898348,0.028865979984402657,0.07000000029802322,0.23549999296665192
YJL011C,YBR198C,1,-3.989924,0.02926628105342388,0.07100000232458115,0.23549999296665192
YDL117W,YKL191W,0,-3.9901307,0.02925422415137291,0.07100000232458115,0.23559999465942383
YHR005C-A,YPR095C,0,-3.991179,0.029242174699902534,0.07100000232458115,0.23569999635219574
YMR058W,YLR013W,0,-3.9914658,0.029230136424303055,0.07100000232458115,0.23579999804496765
YGR286C,YOL113W,0,-3.9915867,0.02921810746192932,0.07100000232458115,0.23589999973773956
YLR013W,YEL034W,0,-3.991818,0.029206087812781334,0.07100000232458115,0.23600000143051147
YPL221W,YJL116C,0,-3.9922729,0.029194079339504242,0.07100000232458115,0.2361000031232834
YER045C,YML015C,1,-3.9924216,0.029593095183372498,0.07199999690055847,0.2361000031232834
YJL002C,YDL039C,0,-3.9932346,0.029580935835838318,0.07199999690055847,0.2362000048160553
YLR047C,YPR173C,0,-3.9945326,0.029568787664175034,0.07199999690055847,0.2363000065088272
YKL001C,YOR230W,0,-3.9948032,0.029556650668382645,0.07199999690055847,0.23639999330043793
YBL009W,YLR013W,0,-3.9954333,0.029544521123170853,0.07199999690055847,0.23649999499320984
YDR501W,YAR035W,0,-3.99576,0.029532402753829956,0.07199999690055847,0.23659999668598175
YDR488C,YBR295W,0,-3.9964576,0.029520295560359955,0.07199999690055847,0.23669999837875366
YML016C,YBL025W,0,-3.9965837,0.02950819581747055,0.07199999690055847,0.23680000007152557
YMR143W,YLR383W,0,-3.9967773,0.02949610725045204,0.07199999690055847,0.23690000176429749
YLR433C,YDR412W,0,-3.9968195,0.029484029859304428,0.07199999690055847,0.2370000034570694
YPL164C,YHR200W,0,-3.997293,0.02947195991873741,0.07199999690055847,0.2371000051498413
YDL142C,YIL101C,0,-3.9973352,0.02945990115404129,0.07199999690055847,0.23720000684261322
YNL314W,YER028C,1,-3.997405,0.02985685132443905,0.0729999989271164,0.23720000684261322
YMR109W,YML052W,0,-3.9979722,0.02984464354813099,0.0729999989271164,0.23729999363422394
YOR117W,YNL012W,0,-3.9980488,0.029832448810338974,0.0729999989271164,0.23739999532699585
YOR253W,YIL073C,0,-3.998385,0.029820261523127556,0.0729999989271164,0.23749999701976776
YKL089W,YAL033W,0,-3.9984512,0.029808085411787033,0.0729999989271164,0.23759999871253967
YEL024W,YPR095C,0,-3.9985564,0.029795918613672256,0.0729999989271164,0.23770000040531158
YBL097W,YNL311C,0,-3.9999158,0.029783761128783226,0.0729999989271164,0.2378000020980835
YML104C,YJR042W,0,-3.9999905,0.02977161481976509,0.0729999989271164,0.2379000037908554
YPR081C,YFL033C,0,-4.0001435,0.029759477823972702,0.0729999989271164,0.23800000548362732
YNL275W,YER106W,0,-4.001154,0.02974735200405121,0.0729999989271164,0.23810000717639923
YBR135W,YHR062C,0,-4.001205,0.029735233634710312,0.0729999989271164,0.23819999396800995
YNL078W,YDR297W,0,-4.0017095,0.02972312644124031,0.0729999989271164,0.23829999566078186
YLR293C,YNR011C,0,-4.0018425,0.029711030423641205,0.0729999989271164,0.23839999735355377
YIL159W,YER052C,0,-4.002808,0.029698941856622696,0.0729999989271164,0.23849999904632568
YKR099W,YDR244W,0,-4.0030346,0.029686864465475082,0.0729999989271164,0.2386000007390976
YHR055C,YKR002W,0,-4.0030513,0.029674796387553215,0.0729999989271164,0.2387000024318695
YGR246C,YML015C,1,-4.0031853,0.030069077387452126,0.07400000095367432,0.2387000024318695
YOL080C,YOL127W,0,-4.0031986,0.030056864023208618,0.07400000095367432,0.23880000412464142
YBL024W,YLR316C,0,-4.0033,0.030044661834836006,0.07400000095367432,0.23890000581741333
YGR214W,YKL108W,0,-4.003569,0.03003246709704399,0.07400000095367432,0.23899999260902405
YLR216C,YOR116C,0,-4.0037003,0.03002028353512287,0.07400000095367432,0.23909999430179596
YAR007C,YML088W,0,-4.003765,0.030008111149072647,0.07400000095367432,0.23919999599456787
YBL064C,YHR106W,0,-4.0048556,0.02999594621360302,0.07400000095367432,0.23929999768733978
YFR001W,YGR199W,0,-4.0048714,0.029983792454004288,0.07400000095367432,0.2393999993801117
YNL006W,YCR031C,0,-4.0050025,0.029971648007631302,0.07400000095367432,0.2395000010728836
YNR002C,YGR090W,0,-4.0050783,0.02995951473712921,0.07400000095367432,0.23960000276565552
YFL049W,YJL059W,0,-4.005219,0.029947388917207718,0.07400000095367432,0.23970000445842743
YFL021W,YER171W,1,-4.0061545,0.030339805409312248,0.07500000298023224,0.23970000445842743
YAL017W,YHR106W,0,-4.0067787,0.030327538028359413,0.07500000298023224,0.23980000615119934
YNL145W,YPL124W,0,-4.007787,0.030315278097987175,0.07500000298023224,0.23989999294281006
YAR002C-A,YLR451W,0,-4.0081644,0.03030303120613098,0.07500000298023224,0.23999999463558197
YPR163C,YNR048W,0,-4.008505,0.030290791764855385,0.07500000298023224,0.24009999632835388
YMR298W,YHR167W,0,-4.0088663,0.030278563499450684,0.07500000298023224,0.2401999980211258
YER164W,YER049W,0,-4.009159,0.03026634454727173,0.07500000298023224,0.2402999997138977
YCR093W,YJR094C,0,-4.009665,0.03025413490831852,0.07500000298023224,0.24040000140666962
YGR142W,YOR064C,0,-4.0101132,0.030241934582591057,0.07500000298023224,0.24050000309944153
YOR310C,YKR046C,0,-4.0101247,0.03022974543273449,0.07500000298023224,0.24060000479221344
YJR042W,YIL139C,0,-4.0104465,0.030217565596103668,0.07500000298023224,0.24070000648498535
YPL202C,YPR186C,1,-4.0108814,0.03060813620686531,0.07599999755620956,0.24070000648498535
YDR038C,YJR052W,0,-4.0110283,0.030595812946558,0.07599999755620956,0.24079999327659607
YPR124W,YBR199W,0,-4.0112934,0.030583500862121582,0.07599999755620956,0.24089999496936798
YGR246C,YBL103C,1,-4.0113306,0.03097345121204853,0.07699999958276749,0.24089999496936798
YMR012W,YNL202W,0,-4.0113406,0.030960997566580772,0.07699999958276749,0.2409999966621399
YNL172W,YGL095C,0,-4.0114202,0.03094855323433876,0.07699999958276749,0.2410999983549118
YMR238W,YGL133W,0,-4.0116625,0.030936118215322495,0.07699999958276749,0.24120000004768372
YDR046C,YKL095W,0,-4.0123215,0.030923694372177124,0.07699999958276749,0.24130000174045563
YHR069C,YBR058C-A,0,-4.01237,0.0309112798422575,0.07699999958276749,0.24140000343322754
YOR207C,YNL309W,0,-4.012432,0.03089887648820877,0.07699999958276749,0.24150000512599945
YLR189C,YBL011W,0,-4.012508,0.030886482447385788,0.07699999958276749,0.24160000681877136
YGL099W,YLR132C,0,-4.012859,0.03087409771978855,0.07699999958276749,0.24169999361038208
YDL102W,YJR119C,0,-4.0130763,0.03086172416806221,0.07699999958276749,0.241799995303154
YMR112C,YER001W,0,-4.0135636,0.030849358066916466,0.07699999958276749,0.2418999969959259
YOL026C,YJR073C,0,-4.0139084,0.030837005004286766,0.07699999958276749,0.24199999868869781
YGR157W,YIR009W,0,-4.013911,0.030824659392237663,0.07699999958276749,0.24210000038146973
YMR167W,YER180C-A,0,-4.0140243,0.030812324956059456,0.07699999958276749,0.24220000207424164
YBR234C,YNL210W,0,-4.0141187,0.030799999833106995,0.07699999958276749,0.24230000376701355
YCR024C-A,YNL339C,0,-4.0145845,0.03078768402338028,0.07699999958276749,0.24240000545978546
YKR082W,YGL226C-A,0,-4.014621,0.03077537938952446,0.07699999958276749,0.24250000715255737
YML104C,YDR097C,0,-4.014763,0.030763084068894386,0.07699999958276749,0.2425999939441681
YMR199W,YDL209C,0,-4.0151367,0.03075079806149006,0.07699999958276749,0.24269999563694
YBL085W,YJL156C,0,-4.01525,0.030738523229956627,0.07699999958276749,0.24279999732971191
YBL063W,YLR167W,0,-4.0154543,0.03072625771164894,0.07699999958276749,0.24289999902248383
YMR136W,YNL207W,0,-4.0155697,0.030714001506567,0.07699999958276749,0.24300000071525574
YIL135C,YNL093W,0,-4.015637,0.030701754614710808,0.07699999958276749,0.24310000240802765
YKL205W,YER117W,0,-4.0158873,0.03068951703608036,0.07699999958276749,0.24320000410079956
YLR052W,YLR134W,0,-4.016037,0.03067729063332081,0.07699999958276749,0.24330000579357147
YPL202C,YNL314W,1,-4.016779,0.031063321977853775,0.07800000160932541,0.24330000579357147
YNL112W,YGR258C,0,-4.017326,0.03105095587670803,0.07800000160932541,0.2433999925851822
YKR046C,YDL090C,0,-4.017651,0.031038599088788033,0.07800000160932541,0.2434999942779541
YLR110C,YDR309C,0,-4.0179963,0.03102625347673893,0.07800000160932541,0.243599995970726
YDL102W,YJR004C,0,-4.018084,0.031013917177915573,0.07800000160932541,0.24369999766349792
YLR068W,YMR011W,0,-4.018874,0.031001590192317963,0.07800000160932541,0.24379999935626984
YMR029C,YHR118C,0,-4.0193195,0.0309892725199461,0.07800000160932541,0.24390000104904175
YJR053W,YDR507C,0,-4.0196714,0.03097696602344513,0.07800000160932541,0.24400000274181366
YAR002W,YGL158W,0,-4.0197554,0.030964668840169907,0.07800000160932541,0.24410000443458557
YBL102W,YMR104C,0,-4.0197954,0.03095238097012043,0.07800000160932541,0.24420000612735748
YPL194W,YGR162W,0,-4.0200653,0.0309401024132967,0.07800000160932541,0.2442999929189682
YGL116W,YGR221C,0,-4.020336,0.030927835032343864,0.07800000160932541,0.2443999946117401
YHR070W,YHR090C,0,-4.0210266,0.030915576964616776,0.07800000160932541,0.24449999630451202
YNL014W,YOR310C,0,-4.021272,0.030903328210115433,0.07800000160932541,0.24459999799728394
YLR390W-A,YBR050C,0,-4.021518,0.030891088768839836,0.07800000160932541,0.24469999969005585
YKL052C,YLL012W,0,-4.0215387,0.030878860503435135,0.07800000160932541,0.24480000138282776
YBR017C,YEL065W,0,-4.0216618,0.03086663968861103,0.07800000160932541,0.24490000307559967
YNL112W,YJR118C,0,-4.021753,0.03085443004965782,0.07800000160932541,0.24500000476837158
YCR093W,YLR233C,0,-4.022033,0.03084222972393036,0.07800000160932541,0.2451000064611435
YNL233W,YML114C,0,-4.023116,0.030830038711428642,0.07800000160932541,0.2451999932527542
YGL256W,YDR160W,0,-4.023325,0.03081785887479782,0.07800000160932541,0.24529999494552612
YHR089C,YOR008C,0,-4.0239744,0.030805686488747597,0.07800000160932541,0.24539999663829803
YER053C,YCR084C,0,-4.024126,0.030793525278568268,0.07800000160932541,0.24549999833106995
YLR039C,YML028W,0,-4.0242248,0.030781373381614685,0.07800000160932541,0.24560000002384186
YMR015C,YKL117W,0,-4.0243216,0.03076923079788685,0.07800000160932541,0.24570000171661377
YKR027W,YJL208C,0,-4.0243983,0.030757097527384758,0.07800000160932541,0.24580000340938568
YDR110W,YDR011W,0,-4.024726,0.030744973570108414,0.07800000160932541,0.2459000051021576
YDR423C,YML113W,0,-4.0248456,0.030732860788702965,0.07800000160932541,0.2460000067949295
YNL259C,YGL033W,0,-4.024987,0.030720755457878113,0.07800000160932541,0.24609999358654022
YJR035W,YOL129W,0,-4.025305,0.030708661302924156,0.07800000160932541,0.24619999527931213
YHR089C,YOL042W,0,-4.0259132,0.030696576461195946,0.07800000160932541,0.24629999697208405
YNR074C,YKL014C,0,-4.0268764,0.03068450093269348,0.07800000160932541,0.24639999866485596
YHL003C,YBR195C,0,-4.027061,0.030672434717416763,0.07800000160932541,0.24650000035762787
YDR171W,YMR125W,0,-4.027524,0.03066037781536579,0.07800000160932541,0.24660000205039978
YHR038W,YKL178C,0,-4.028246,0.030648330226540565,0.07800000160932541,0.2467000037431717
YPL123C,YKL166C,0,-4.0283775,0.030636291950941086,0.07800000160932541,0.2468000054359436
YJL030W,YMR266W,0,-4.028658,0.030624262988567352,0.07800000160932541,0.24690000712871552
YGL116W,YKL148C,0,-4.028675,0.030612245202064514,0.07800000160932541,0.24699999392032623
YDL039C,YDL006W,0,-4.0288153,0.030600234866142273,0.07800000160932541,0.24709999561309814
YDR184C,YLR039C,0,-4.0293236,0.030588235706090927,0.07800000160932541,0.24719999730587006
YJR035W,YLR383W,0,-4.02956,0.030576243996620178,0.07800000160932541,0.24729999899864197
YBL042C,YPR188C,0,-4.029561,0.030564263463020325,0.07800000160932541,0.24740000069141388
YPR186C,YOL067C,1,-4.0301886,0.030943987891077995,0.07900000363588333,0.24740000069141388
YNL327W,YMR143W,0,-4.0304723,0.030931871384382248,0.07900000363588333,0.2475000023841858
YCR077C,YBL106C,0,-4.0305004,0.030919766053557396,0.07900000363588333,0.2476000040769577
YNL250W,YBL102W,0,-4.0307665,0.03090766817331314,0.07900000363588333,0.24770000576972961
YLR233C,YNL090W,0,-4.0310926,0.03089558146893978,0.07900000363588333,0.24779999256134033
YGR145W,YML055W,0,-4.0312304,0.03088350221514702,0.07900000363588333,0.24789999425411224
YPL202C,YOL067C,1,-4.0314474,0.03126221150159836,0.07999999821186066,0.24789999425411224
YHL020C,YAR042W,0,-4.032241,0.03125,0.07999999821186066,0.24799999594688416
YDL197C,YKL086W,0,-4.0327816,0.031237797811627388,0.07999999821186066,0.24809999763965607
YEL032W,YLL011W,0,-4.032981,0.031225604936480522,0.07999999821186066,0.24819999933242798
YLR427W,YDR087C,0,-4.032983,0.031213421374559402,0.07999999821186066,0.2483000010251999
YPR054W,YBR289W,0,-4.0330043,0.03120124712586403,0.07999999821186066,0.2484000027179718
YAL021C,YHR143W,0,-4.0334673,0.03118908405303955,0.07999999821186066,0.2485000044107437
YLL008W,YOL076W,0,-4.0339317,0.03117692843079567,0.07999999821186066,0.24860000610351562
YBR145W,YBR021W,0,-4.034177,0.031164783984422684,0.07999999821186066,0.24869999289512634
YLL060C,YOL069W,0,-4.03477,0.031152648851275444,0.07999999821186066,0.24879999458789825
YLR196W,YIL073C,0,-4.0355883,0.0311405211687088,0.07999999821186066,0.24889999628067017
YER044C-A,YBR228W,0,-4.035738,0.031128404662013054,0.07999999821186066,0.24899999797344208
YOR254C,YLR386W,0,-4.0357437,0.031116297468543053,0.07999999821186066,0.249099999666214
YML015C,YDR079C-A,1,-4.0357904,0.03149300068616867,0.08100000023841858,0.249099999666214
YOR267C,YLR259C,0,-4.035803,0.03148076310753822,0.08100000023841858,0.2492000013589859
YOL101C,YAL024C,0,-4.035902,0.03146853297948837,0.08100000023841858,0.2493000030517578
YHR005C-A,YHR048W,0,-4.035952,0.03145631030201912,0.08100000023841858,0.24940000474452972
YGR029W,YMR142C,0,-4.036226,0.03144409880042076,0.08100000023841858,0.24950000643730164
YCL024W,YOR212W,0,-4.0362587,0.0314318984746933,0.08100000023841858,0.24959999322891235
YLR129W,YEL031W,0,-4.037012,0.03141970559954643,0.08100000023841858,0.24969999492168427
YMR055C,YDR093W,0,-4.037221,0.03140752390027046,0.08100000023841858,0.24979999661445618
YHR001W,YEL004W,0,-4.0372877,0.03139534965157509,0.08100000023841858,0.2498999983072281
YBL025W,YLR337C,0,-4.037363,0.03138318657875061,0.08100000023841858,0.25
YPL255W,YBR114W,0,-4.037474,0.03137103095650673,0.08100000023841858,0.2500999867916107
YNL036W,YOL113W,0,-4.037476,0.03135888651013374,0.08100000023841858,0.2502000033855438
YER117W,YIL173W,0,-4.037772,0.031346749514341354,0.08100000023841858,0.25029999017715454
YOL139C,YIL155C,0,-4.037782,0.03133462369441986,0.08100000023841858,0.25040000677108765
YDL014W,YML021C,0,-4.0381494,0.031322505325078964,0.08100000023841858,0.25049999356269836
YBR131W,YHR048W,0,-4.0382075,0.03131039813160896,0.08100000023841858,0.25060001015663147
YOL069W,YKL019W,0,-4.0385303,0.03129829838871956,0.08100000023841858,0.2506999969482422
YNL051W,YGR258C,0,-4.0386057,0.03128620982170105,0.08100000023841858,0.2508000135421753
YJR055W,YBR171W,0,-4.039022,0.031274132430553436,0.08100000023841858,0.250900000333786
YNL172W,YER118C,0,-4.0390515,0.03126206248998642,0.08100000023841858,0.25099998712539673
YDR270W,YGL136C,0,-4.0393,0.03125,0.08100000023841858,0.25110000371932983
YGL061C,YGR128C,0,-4.0396943,0.031237948685884476,0.08100000023841858,0.25119999051094055
YLR103C,YJR009C,0,-4.0397606,0.031225906684994698,0.08100000023841858,0.25130000710487366
YER045C,YPL129W,1,-4.039819,0.03159923106431961,0.0820000022649765,0.25130000710487366
YHR058C,YGR089W,0,-4.0408764,0.03158705681562424,0.0820000022649765,0.2513999938964844
YIL019W,YMR129W,0,-4.0411253,0.03157489374279976,0.0820000022649765,0.2515000104904175
YOL165C,YBR043C,0,-4.0411267,0.031562741845846176,0.0820000022649765,0.2515999972820282
YGR256W,YML034W,0,-4.041152,0.03155059739947319,0.0820000022649765,0.2517000138759613
YBL009W,YHL020C,0,-4.0415945,0.0315384604036808,0.0820000022649765,0.251800000667572
YLR081W,YKR089C,0,-4.042553,0.03152633458375931,0.0820000022649765,0.25189998745918274
YPR124W,YDL174C,0,-4.042836,0.03151421993970871,0.0820000022649765,0.25200000405311584
YPR030W,YOR373W,0,-4.043002,0.03150211274623871,0.0820000022649765,0.25209999084472656
YDR256C,YOR216C,0,-4.0434957,0.0314900167286396,0.0820000022649765,0.25220000743865967
YER171W,YJL011C,1,-4.043743,0.0318618044257164,0.08299999684095383,0.25220000743865967
YPL202C,YDL108W,1,-4.0442,0.032233309000730515,0.08399999886751175,0.25220000743865967
YDR299W,YHR055C,0,-4.0454297,0.03222094476222992,0.08399999886751175,0.2522999942302704
YOR371C,YHR085W,0,-4.0454903,0.03220858797430992,0.08399999886751175,0.2524000108242035
YIL072W,YJL089W,0,-4.0457506,0.03219624236226082,0.08399999886751175,0.2524999976158142
YOL067C,YDR167W,1,-4.045852,0.03256705030798912,0.08500000089406967,0.2524999976158142
YJL061W,YDR244W,0,-4.0471497,0.03255457803606987,0.08500000089406967,0.2526000142097473
YGL166W,YOL067C,1,-4.047159,0.03292496129870415,0.0860000029206276,0.2526000142097473
YDR141C,YGR083C,0,-4.047719,0.03291236236691475,0.0860000029206276,0.25270000100135803
YER171W,YDR079C-A,1,-4.0478,0.0332823246717453,0.08699999749660492,0.25270000100135803
YDL108W,YGR274C,1,-4.047809,0.03365200757980347,0.08799999952316284,0.25270000100135803
YKR035W-A,YBR276C,0,-4.0481553,0.03363914415240288,0.08799999952316284,0.25279998779296875
YPL253C,YPL041C,0,-4.0489144,0.033626288175582886,0.08799999952316284,0.25290000438690186
YPL196W,YDL006W,0,-4.049101,0.03361344709992409,0.08799999952316284,0.2529999911785126
YBR085W,YDL102W,0,-4.0492744,0.03360060974955559,0.08799999952316284,0.2531000077724457
YBR015C,YIL119C,0,-4.0496087,0.03358778730034828,0.08799999952316284,0.2531999945640564
YLR246W,YOL069W,0,-4.049851,0.03357497230172157,0.08799999952316284,0.2533000111579895
YER159C,YBR020W,0,-4.050249,0.03356216475367546,0.08799999952316284,0.2533999979496002
YAL022C,YML040W,0,-4.050361,0.03354937210679054,0.08799999952316284,0.2535000145435333
YNL233W,YDL060W,0,-4.050464,0.03353658691048622,0.08799999952316284,0.25360000133514404
YPR144C,YGL246C,0,-4.050788,0.0335238091647625,0.08799999952316284,0.25369998812675476
YBR161W,YMR309C,0,-4.0508847,0.03351104259490967,0.08799999952316284,0.25380000472068787
YJL157C,YBR058C,0,-4.051613,0.033498287200927734,0.08799999952316284,0.2538999915122986
YLR303W,YGR221C,0,-4.0516367,0.0334855392575264,0.08799999952316284,0.2540000081062317
YNR058W,YBR048W,0,-4.0519505,0.033472802489995956,0.08799999952316284,0.2540999948978424
YEL066W,YNL250W,0,-4.0523906,0.03346007689833641,0.08799999952316284,0.2542000114917755
YDR358W,YKL205W,0,-4.0524497,0.03344735875725746,0.08799999952316284,0.25429999828338623
YGL099W,YAL015C,0,-4.0538626,0.03343465179204941,0.08799999952316284,0.25440001487731934
YGL251C,YOR230W,0,-4.0539002,0.03342195227742195,0.08799999952316284,0.25450000166893005
YIL019W,YMR175W,0,-4.054103,0.03340926393866539,0.08799999952316284,0.25459998846054077
YDL033C,YNR006W,0,-4.0544105,0.033396583050489426,0.08799999952316284,0.2547000050544739
YGR202C,YJR035W,0,-4.0555687,0.03338391333818436,0.08799999952316284,0.2547999918460846
YML042W,YKR085C,0,-4.056019,0.03337125480175018,0.08799999952316284,0.2549000084400177
YGL071W,YJR135W-A,0,-4.0566387,0.033358603715896606,0.08799999952316284,0.2549999952316284
YER045C,YOR194C,1,-4.056767,0.03372489660978317,0.08900000154972076,0.2549999952316284
YBL074C,YBL052C,0,-4.056797,0.03371212258934975,0.08900000154972076,0.2551000118255615
YPL242C,YGR162W,0,-4.057357,0.03369935601949692,0.08900000154972076,0.25519999861717224
YGL155W,YHR148W,0,-4.057618,0.033686600625514984,0.08900000154972076,0.25529998540878296
YKL213C,YNL074C,0,-4.0577083,0.033673856407403946,0.08900000154972076,0.25540000200271606
YOL021C,YIL097W,0,-4.057748,0.033661119639873505,0.08900000154972076,0.2554999887943268
YDR323C,YMR272C,0,-4.058086,0.03364839404821396,0.08900000154972076,0.2556000053882599
YKL022C,YLR385C,0,-4.058098,0.03363567590713501,0.08900000154972076,0.2556999921798706
YHR061C,YKL089W,0,-4.058749,0.033622968941926956,0.08900000154972076,0.2558000087738037
YGR274C,YDR079C-A,1,-4.058779,0.03398791700601578,0.09000000357627869,0.2558000087738037
YOR386W,YFL049W,0,-4.05914,0.033975083380937576,0.09000000357627869,0.25589999556541443
YLR332W,YDL039C,0,-4.0592012,0.03396226465702057,0.09000000357627869,0.25600001215934753
YJL089W,YOR089C,0,-4.0592356,0.03394945338368416,0.09000000357627869,0.25609999895095825
YGL033W,YLR007W,0,-4.0594873,0.03393665328621864,0.09000000357627869,0.25619998574256897
YMR276W,YBR244W,0,-4.0595007,0.033923860639333725,0.09000000357627869,0.2563000023365021
YOL090W,YDR025W,0,-4.059681,0.0339110791683197,0.09000000357627869,0.2563999891281128
YFR055W,YKR008W,0,-4.060507,0.033898305147886276,0.09000000357627869,0.2565000057220459
YNL332W,YPR024W,0,-4.0605288,0.033885542303323746,0.09000000357627869,0.2565999925136566
YJL024C,YCL069W,0,-4.060588,0.03387279063463211,0.09000000357627869,0.2567000091075897
YJL208C,YGR008C,0,-4.060723,0.03386004641652107,0.09000000357627869,0.25679999589920044
YOR298C-A,YER104W,0,-4.0612555,0.03384730964899063,0.09000000357627869,0.25690001249313354
YDR081C,YDL083C,0,-4.0613256,0.033834587782621384,0.09000000357627869,0.25699999928474426
YPR124W,YEL065W,0,-4.062476,0.033821869641542435,0.09000000357627869,0.257099986076355
YPR185W,YNL030W,0,-4.0627985,0.03380916640162468,0.09000000357627869,0.2572000026702881
YJR147W,YJL207C,0,-4.0630045,0.03379647061228752,0.09000000357627869,0.2572999894618988
YDR488C,YJR021C,0,-4.0631886,0.03378378227353096,0.09000000357627869,0.2574000060558319
YGL054C,YDR523C,0,-4.063447,0.033771105110645294,0.09000000357627869,0.2574999928474426
YOR386W,YGR192C,0,-4.064738,0.033758439123630524,0.09000000357627869,0.25760000944137573
YMR162C,YGR070W,0,-4.0652127,0.03374578058719635,0.09000000357627869,0.25769999623298645
YKL114C,YNL113W,0,-4.065757,0.03373313322663307,0.09000000357627869,0.25780001282691956
YMR008C,YGR296W,0,-4.066018,0.03372049331665039,0.09000000357627869,0.2578999996185303
YPR067W,YHR039C,0,-4.0663576,0.033707864582538605,0.09000000357627869,0.257999986410141
YGL126W,YJL109C,0,-4.0665445,0.033695247024297714,0.09000000357627869,0.2581000030040741
YDR411C,YBR079C,0,-4.0667086,0.03368263319134712,0.09000000357627869,0.2581999897956848
YKL008C,YLR424W,0,-4.0677085,0.033670034259557724,0.09000000357627869,0.2583000063896179
YCR012W,YDR416W,0,-4.0677347,0.03365744277834892,0.09000000357627869,0.25839999318122864
YER045C,YAL001C,1,-4.068627,0.03401869162917137,0.09099999815225601,0.25839999318122864
YIL155C,YOR089C,0,-4.0692906,0.03400597721338272,0.09099999815225601,0.25850000977516174
YKL172W,YOL049W,0,-4.0696106,0.033993277698755264,0.09099999815225601,0.25859999656677246
YBL015W,YML004C,0,-4.0696926,0.033980581909418106,0.09099999815225601,0.25870001316070557
YEL034W,YNL309W,0,-4.0698013,0.03396789729595184,0.09099999815225601,0.2587999999523163
YMR109W,YJL222W,0,-4.069872,0.033955223858356476,0.09099999815225601,0.258899986743927
YFL021W,YBR198C,1,-4.0700502,0.034315552562475204,0.09200000017881393,0.258899986743927
YNL177C,YDR213W,0,-4.070119,0.034302759915590286,0.09200000017881393,0.2590000033378601
YGL106W,YBR186W,0,-4.07037,0.034289974719285965,0.09200000017881393,0.2590999901294708
YER146W,YMR175W,0,-4.0710564,0.03427719697356224,0.09200000017881393,0.25920000672340393
YLR246W,YGR221C,0,-4.071395,0.03426443040370941,0.09200000017881393,0.25929999351501465
YGR162W,YLR272C,0,-4.071504,0.03425167500972748,0.09200000017881393,0.25940001010894775
YHR004C,YER018C,0,-4.0715175,0.03423892706632614,0.09200000017881393,0.25949999690055847
YBR295W,YOL125W,0,-4.071925,0.0342261902987957,0.09200000017881393,0.2596000134944916
YER045C,YJL011C,1,-4.0721154,0.03458534926176071,0.09300000220537186,0.2596000134944916
YJL116C,YDL007W,0,-4.072332,0.03457248955965042,0.09300000220537186,0.2597000002861023
YDR163W,YBR040W,0,-4.07254,0.034559644758701324,0.09300000220537186,0.259799987077713
YLL035W,YJR035W,0,-4.0728164,0.034546803683042526,0.09300000220537186,0.2599000036716461
YFL011W,YNL304W,0,-4.073133,0.03453397750854492,0.09300000220537186,0.25999999046325684
YBR162C,YER123W,0,-4.073517,0.034521158784627914,0.09300000220537186,0.26010000705718994
YOR224C,YGL232W,0,-4.073683,0.034508347511291504,0.09300000220537186,0.26019999384880066
YPL095C,YAL022C,0,-4.0738864,0.03449554741382599,0.09300000220537186,0.26030001044273376
YGL073W,YKL214C,0,-4.0739036,0.03448275849223137,0.09300000220537186,0.2603999972343445
YBR059C,YPR119W,0,-4.074888,0.034469977021217346,0.09300000220537186,0.2605000138282776
YJR105W,YKL143W,0,-4.0758467,0.03445720672607422,0.09300000220537186,0.2606000006198883
YBR233W-A,YKL214C,0,-4.076007,0.03444444388151169,0.09300000220537186,0.260699987411499
YLR223C,YOR122C,0,-4.0762215,0.03443169221282005,0.09300000220537186,0.26080000400543213
YBR131W,YML060W,0,-4.076335,0.034418947994709015,0.09300000220537186,0.26089999079704285
YPL037C,YEL066W,0,-4.0768266,0.03440621495246887,0.09300000220537186,0.26100000739097595
YLR223C,YGR181W,0,-4.0772266,0.034393489360809326,0.09300000220537186,0.26109999418258667
YBR162C,YER100W,0,-4.0773306,0.034380774945020676,0.09300000220537186,0.2612000107765198
YJR025C,YDR097C,0,-4.0778065,0.03436807170510292,0.09300000220537186,0.2612999975681305
YHR190W,YIL129C,0,-4.0784006,0.03435537591576576,0.09300000220537186,0.2614000141620636
YFL010W-A,YDR079W,0,-4.07944,0.0343426875770092,0.09300000220537186,0.2615000009536743
YLL015W,YHR194W,0,-4.0795503,0.034330010414123535,0.09300000220537186,0.26159998774528503
YNR044W,YMR095C,0,-4.080123,0.034317344427108765,0.09300000220537186,0.26170000433921814
YNL268W,YGR042W,0,-4.080777,0.03430468589067459,0.09300000220537186,0.26179999113082886
YEL016C,YHR106W,0,-4.080904,0.034292034804821014,0.09300000220537186,0.26190000772476196
YLR176C,YML114C,0,-4.0813756,0.03427939489483833,0.09300000220537186,0.2619999945163727
YNL327W,YML048W,0,-4.081413,0.03426676616072655,0.09300000220537186,0.2621000111103058
YBR145W,YIR017C,0,-4.081499,0.03425414487719536,0.09300000220537186,0.2621999979019165
YGL094C,YDR382W,0,-4.081899,0.034241531044244766,0.09300000220537186,0.2623000144958496
YLR263W,YDR080W,0,-4.0823665,0.03422892838716507,0.09300000220537186,0.2624000012874603
YIL009C-A,YML024W,0,-4.0832753,0.03421633690595627,0.09300000220537186,0.26249998807907104
YNR067C,YGL099W,0,-4.0839186,0.034203752875328064,0.09300000220537186,0.26260000467300415
YBR070C,YPL209C,0,-4.0843506,0.03419117629528046,0.09300000220537186,0.26269999146461487
YAR003W,YNL299W,0,-4.084361,0.034178610891103745,0.09300000220537186,0.262800008058548
YER073W,YIR021W,0,-4.084473,0.03416605293750763,0.09300000220537186,0.2628999948501587
YPR200C,YDL185W,0,-4.0846853,0.03415350615978241,0.09300000220537186,0.2630000114440918
YKR052C,YNL209W,0,-4.0849504,0.034140970557928085,0.09300000220537186,0.2630999982357025
YGL075C,YOL125W,0,-4.085041,0.03412843868136406,0.09300000220537186,0.2632000148296356
YDR039C,YBR237W,0,-4.085311,0.03411592170596123,0.09300000220537186,0.26330000162124634
YNL004W,YNR032C-A,0,-4.0854826,0.03410341218113899,0.09300000220537186,0.26339998841285706
YDL074C,YER038C,0,-4.085592,0.034090910106897354,0.09300000220537186,0.26350000500679016
YER002W,YML052W,0,-4.0857344,0.03407841548323631,0.09300000220537186,0.2635999917984009
YBL090W,YDL060W,0,-4.08593,0.034065935760736465,0.09300000220537186,0.263700008392334
YGR098C,YMR175W,0,-4.086007,0.034053459763526917,0.09300000220537186,0.2637999951839447
YBR114W,YOR137C,0,-4.086584,0.03404099494218826,0.09300000220537186,0.2639000117778778
YJL012C,YNL160W,0,-4.0869565,0.034028541296720505,0.09300000220537186,0.2639999985694885
YBR161W,YJL106W,0,-4.087026,0.034016095101833344,0.09300000220537186,0.26409998536109924
YDR072C,YGR249W,0,-4.0877447,0.03400365635752678,0.09300000220537186,0.26420000195503235
YKL188C,YGL249W,0,-4.0879564,0.03399122878909111,0.09300000220537186,0.26429998874664307
YJL106W,YOR148C,0,-4.088249,0.03397880867123604,0.09300000220537186,0.26440000534057617
YDL220C,YOL104C,0,-4.088567,0.03396639972925186,0.09300000220537186,0.2644999921321869
YLR231C,YDR382W,0,-4.0890226,0.03395399823784828,0.09300000220537186,0.26460000872612
YPL100W,YCR093W,0,-4.0890245,0.0339416041970253,0.09300000220537186,0.2646999955177307
YPR179C,YBR083W,0,-4.0890365,0.03392922133207321,0.09300000220537186,0.2648000121116638
YER161C,YNL299W,0,-4.0895915,0.03391684964299202,0.09300000220537186,0.26489999890327454
YGL099W,YLR116W,0,-4.089649,0.033904485404491425,0.09300000220537186,0.26499998569488525
YMR029C,YEL020W-A,0,-4.0897856,0.033892128616571426,0.09300000220537186,0.26510000228881836
YER045C,YMR227C,1,-4.0899606,0.034244079142808914,0.09399999678134918,0.26510000228881836
YDR099W,YOR351C,0,-4.0909433,0.03423161059617996,0.09399999678134918,0.2651999890804291
YIL143C,YGR274C,1,-4.0910883,0.03458318114280701,0.0949999988079071,0.2651999890804291
YBL033C,YMR095C,0,-4.0914307,0.0345705971121788,0.0949999988079071,0.2653000056743622
YDR331W,YPL124W,0,-4.091632,0.034558020532131195,0.0949999988079071,0.2653999924659729
YGL226C-A,YGL210W,0,-4.0919867,0.03454545512795448,0.0949999988079071,0.265500009059906
YEL053C,YJL109C,0,-4.092483,0.03453289717435837,0.0949999988079071,0.2655999958515167
YJR094C,YLR337C,0,-4.09282,0.03452035039663315,0.0949999988079071,0.26570001244544983
YOR005C,YHR014W,0,-4.0936303,0.034507811069488525,0.0949999988079071,0.26579999923706055
YOR068C,YGR020C,0,-4.0936503,0.0344952791929245,0.0949999988079071,0.26589998602867126
YER045C,YDL108W,1,-4.0938044,0.034845735877752304,0.09600000083446503,0.26589998602867126
YJL011C,YGR274C,1,-4.0940037,0.035195935517549515,0.09700000286102295,0.26589998602867126
YGR246C,YPR056W,1,-4.0940695,0.03554588183760643,0.09799999743700027,0.26589998602867126
YOL158C,YDR059C,0,-4.0941253,0.03553299605846405,0.09799999743700027,0.26600000262260437
YDR244W,YPL092W,0,-4.094127,0.03552011772990227,0.09799999743700027,0.2660999894142151
YDL209C,YKL041W,0,-4.09498,0.03550724685192108,0.09799999743700027,0.2662000060081482
YDR323C,YOR212W,0,-4.095096,0.03549438714981079,0.09799999743700027,0.2662999927997589
YGR003W,YPL121C,0,-4.095459,0.0354815348982811,0.09799999743700027,0.266400009393692
YPL265W,YJL091C,0,-4.096054,0.0354686938226223,0.09799999743700027,0.26649999618530273
YCL027W,YLR376C,0,-4.096977,0.0354558601975441,0.09799999743700027,0.26660001277923584
YHL048W,YKL179C,0,-4.097313,0.03544303774833679,0.09799999743700027,0.26669999957084656
YKL143W,YMR247C,0,-4.0976195,0.03543022274971008,0.09799999743700027,0.2667999863624573
YBR198C,YDR460W,1,-4.0978317,0.035778820514678955,0.0989999994635582,0.2667999863624573
YDL231C,YML045W,0,-4.0980206,0.03576589748263359,0.0989999994635582,0.2669000029563904
YML130C,YPR073C,0,-4.0981755,0.035752978175878525,0.0989999994635582,0.2669999897480011
YMR038C,YGR123C,0,-4.0988173,0.03574007377028465,0.0989999994635582,0.2671000063419342
YNL118C,YAL017W,0,-4.09924,0.03572717308998108,0.0989999994635582,0.2671999931335449
YIL079C,YNL099C,0,-4.099497,0.0357142873108387,0.0989999994635582,0.267300009727478
YBR217W,YDR363W,0,-4.0996227,0.03570140525698662,0.0989999994635582,0.26739999651908875
YFR029W,YEL004W,0,-4.0997715,0.03568853810429573,0.0989999994635582,0.26750001311302185
YBL097W,YNL099C,0,-4.09997,0.03567567467689514,0.0989999994635582,0.26759999990463257
YLR026C,YBL106C,0,-4.1000566,0.03566282242536545,0.0989999994635582,0.2676999866962433
YDL154W,YBR231C,0,-4.1007786,0.03564998134970665,0.0989999994635582,0.2678000032901764
YPL231W,YLR181C,0,-4.1009164,0.03563714772462845,0.0989999994635582,0.2678999900817871
YOL158C,YDR484W,0,-4.1010776,0.03562432527542114,0.0989999994635582,0.2680000066757202
YGR113W,YOR178C,0,-4.1013002,0.035611510276794434,0.0989999994635582,0.26809999346733093
YGR162W,YGL249W,0,-4.1014066,0.03559870645403862,0.0989999994635582,0.26820001006126404
YBR017C,YER044C-A,0,-4.10141,0.0355859100818634,0.0989999994635582,0.26829999685287476
YBL085W,YDR331W,0,-4.101426,0.035573121160268784,0.0989999994635582,0.26840001344680786
YGL256W,YPL101W,0,-4.101782,0.03556034341454506,0.0989999994635582,0.2685000002384186
YIL053W,YAR008W,0,-4.1023407,0.03554757684469223,0.0989999994635582,0.2685999870300293
YKL092C,YDR238C,0,-4.102749,0.03553481772542,0.0989999994635582,0.2687000036239624
YIL121W,YML007W,0,-4.103097,0.03552206605672836,0.0989999994635582,0.2687999904155731
YEL032W,YHR203C,0,-4.1035185,0.03550932556390762,0.0989999994635582,0.2689000070095062
YDR303C,YGR161C,0,-4.104448,0.03549659252166748,0.0989999994635582,0.26899999380111694
YBR040W,YBR154C,0,-4.104497,0.03548387065529823,0.0989999994635582,0.26910001039505005
YCR088W,YLR453C,0,-4.1045184,0.03547115623950958,0.0989999994635582,0.26919999718666077
YGL241W,YOL080C,0,-4.1047506,0.03545845299959183,0.0989999994635582,0.26930001378059387
YBR236C,YCL027W,0,-4.104924,0.03544575721025467,0.0989999994635582,0.2694000005722046
YLR013W,YLR371W,0,-4.1053977,0.035433072596788406,0.0989999994635582,0.2694999873638153
YAL043C,YDL130W,0,-4.105562,0.03542039170861244,0.0989999994635582,0.2696000039577484
YER028C,YCR042C,1,-4.105837,0.035765379667282104,0.10000000149011612,0.2696000039577484
YCR014C,YDR398W,0,-4.1066017,0.035752590745687485,0.10000000149011612,0.26969999074935913
YER038C,YMR247C,0,-4.1066475,0.03573981299996376,0.10000000149011612,0.26980000734329224
YOL076W,YGR082W,0,-4.106661,0.03572704643011093,0.10000000149011612,0.26989999413490295
YPL202C,YAL001C,1,-4.1068835,0.036071427166461945,0.10100000351667404,0.26989999413490295
YER173W,YPR041W,0,-4.107003,0.03605854883790016,0.10100000351667404,0.27000001072883606
YLR284C,YLR150W,0,-4.107144,0.036045681685209274,0.10100000351667404,0.2700999975204468
YNL299W,YOR332W,0,-4.1072288,0.036032821983098984,0.10100000351667404,0.2702000141143799
YDR414C,YGR214W,0,-4.1074166,0.03601996973156929,0.10100000351667404,0.2703000009059906
YBR055C,YOL010W,0,-4.107665,0.03600712865591049,0.10100000351667404,0.2703999876976013
YCR027C,YGR161C,0,-4.1078777,0.03599429875612259,0.10100000351667404,0.2705000042915344
YLR332W,YLR136C,0,-4.1081033,0.03598147630691528,0.10100000351667404,0.27059999108314514
YOL067C,YOR110W,1,-4.1081977,0.03632478788495064,0.10199999809265137,0.27059999108314514
YNL053W,YJR045C,0,-4.1086516,0.03631185367703438,0.10199999809265137,0.27070000767707825
YEL032W,YBR119W,0,-4.1089797,0.036298930644989014,0.10199999809265137,0.27079999446868896
YHR129C,YBR082C,0,-4.109144,0.036286018788814545,0.10199999809265137,0.27090001106262207
YIL010W,YOR310C,0,-4.1094294,0.03627311438322067,0.10199999809265137,0.2709999978542328
YPR185W,YDR039C,0,-4.110939,0.036260221153497696,0.10199999809265137,0.2711000144481659
YML092C,YDL083C,0,-4.1111784,0.036247335374355316,0.10199999809265137,0.2712000012397766
YDL197C,YDL170W,0,-4.111332,0.03623445704579353,0.10199999809265137,0.27129998803138733
YNL253W,YJL012C,0,-4.1113563,0.036221589893102646,0.10199999809265137,0.27140000462532043
YDR046C,YDR293C,0,-4.111848,0.036208733916282654,0.10199999809265137,0.27149999141693115
YJR150C,YOR156C,0,-4.111956,0.03619588539004326,0.10199999809265137,0.27160000801086426
YDR141C,YER001W,0,-4.1120358,0.03618304431438446,0.10199999809265137,0.271699994802475
YLR390W-A,YML113W,0,-4.112316,0.03617021441459656,0.10199999809265137,0.2718000113964081
YLR242C,YML091C,0,-4.1123543,0.03615739196538925,0.10199999809265137,0.2718999981880188
YOL077C,YDR386W,0,-4.1124506,0.03614457696676254,0.10199999809265137,0.2720000147819519
YPL209C,YHR083W,0,-4.112769,0.03613177314400673,0.10199999809265137,0.2721000015735626
YHR166C,YIR012W,0,-4.1129456,0.03611898049712181,0.10199999809265137,0.27219998836517334
YGL047W,YGL029W,0,-4.113807,0.03610619530081749,0.10199999809265137,0.27230000495910645
YIL013C,YDL007W,0,-4.1138196,0.036093417555093765,0.10199999809265137,0.27239999175071716
YOR349W,YBR037C,0,-4.113907,0.036080650985240936,0.10199999809265137,0.27250000834465027
YKL004W,YGR247W,0,-4.1140084,0.036067891865968704,0.10199999809265137,0.272599995136261
YBR196C,YLR337C,0,-4.1142697,0.03605514392256737,0.10199999809265137,0.2727000117301941
YNR002C,YNL133C,0,-4.1143465,0.03604240342974663,0.10199999809265137,0.2727999985218048
YDR339C,YPL124W,0,-4.1146674,0.036029670387506485,0.10199999809265137,0.2728999853134155
YNL015W,YLR426W,0,-4.114848,0.03601694852113724,0.10199999809265137,0.27300000190734863
YGR119C,YJL148W,0,-4.1153975,0.03600423410534859,0.10199999809265137,0.27309998869895935
YBR057C,YJR145C,0,-4.116316,0.03599153086543083,0.10199999809265137,0.27320000529289246
YBR276C,YFR040W,0,-4.1164823,0.035978835076093674,0.10199999809265137,0.2732999920845032
YHL036W,YML065W,0,-4.1172047,0.03596615046262741,0.10199999809265137,0.2734000086784363
YNL314W,YOR110W,1,-4.117361,0.03630595654249191,0.10300000011920929,0.2734000086784363
YHR061C,YBR171W,0,-4.1175776,0.036293163895606995,0.10300000011920929,0.273499995470047
YIR006C,YGL104C,0,-4.118495,0.03628037869930267,0.10300000011920929,0.2736000120639801
YCR034W,YDR211W,0,-4.118541,0.03626760467886925,0.10300000011920929,0.2736999988555908
YAL026C,YKR089C,0,-4.1187143,0.03625483810901642,0.10300000011920929,0.27379998564720154
YPR073C,YMR322C,0,-4.118869,0.036242082715034485,0.10300000011920929,0.27390000224113464
YER052C,YJL208C,0,-4.1190996,0.03622933477163315,0.10300000011920929,0.27399998903274536
YGR014W,YGL158W,0,-4.1191893,0.03621659800410271,0.10300000011920929,0.27410000562667847
YOL051W,YEL004W,0,-4.1194363,0.036203864961862564,0.10300000011920929,0.2741999924182892
YPL202C,YGR274C,1,-4.119666,0.03654251620173454,0.10400000214576721,0.2741999924182892
YGR113W,YMR106C,0,-4.120282,0.03652967885136604,0.10400000214576721,0.2743000090122223
YFR019W,YPR024W,0,-4.1205573,0.03651685267686844,0.10400000214576721,0.274399995803833
YHR197W,YER100W,0,-4.1206336,0.03650403767824173,0.10400000214576721,0.2745000123977661
YPR167C,YOL034W,0,-4.1209383,0.03649122640490532,0.10400000214576721,0.27459999918937683
YNL311C,YDR356W,0,-4.1209507,0.0364784300327301,0.10400000214576721,0.27469998598098755
YDL017W,YCR035C,0,-4.1212497,0.036465637385845184,0.10400000214576721,0.27480000257492065
YLL038C,YJR158W,0,-4.121317,0.03645285591483116,0.10400000214576721,0.27489998936653137
YDL227C,YOR001W,0,-4.121353,0.036440085619688034,0.10400000214576721,0.2750000059604645
YIL034C,YDL069C,0,-4.121374,0.036427319049835205,0.10400000214576721,0.2750999927520752
YEL066W,YBR114W,0,-4.1213856,0.03641456738114357,0.10400000214576721,0.2752000093460083
YGL017W,YNL299W,0,-4.1216917,0.03640181943774223,0.10400000214576721,0.275299996137619
YOR113W,YDR143C,0,-4.121765,0.03638908267021179,0.10400000214576721,0.2754000127315521
YNL145W,YAL005C,0,-4.1221724,0.036376357078552246,0.10400000214576721,0.27549999952316284
YBL085W,YJL030W,0,-4.1223283,0.036363635212183,0.10400000214576721,0.27559998631477356
YBL106C,YGL104C,0,-4.1226263,0.03635092452168465,0.10400000214576721,0.27570000290870667
YMR173W,YOL009C,0,-4.1230516,0.03633822500705719,0.10400000214576721,0.2757999897003174
YNL257C,YIL143C,1,-4.1237297,0.03667481616139412,0.10499999672174454,0.2757999897003174
YFL041W,YNL006W,0,-4.1239166,0.036662012338638306,0.10499999672174454,0.2759000062942505
YKL022C,YER117W,0,-4.1240363,0.03664921596646309,0.10499999672174454,0.2759999930858612
YOR381W,YPR107C,0,-4.124564,0.03663642704486847,0.10499999672174454,0.2761000096797943
YHR055C,YDR412W,0,-4.124596,0.036623649299144745,0.10499999672174454,0.27619999647140503
YPL202C,YER171W,1,-4.1248174,0.03695955500006676,0.10599999874830246,0.27619999647140503
YOR156C,YGL014W,0,-4.125064,0.036946672946214676,0.10599999874830246,0.27630001306533813
YER001W,YHR152W,0,-4.1252165,0.03693379834294319,0.10599999874830246,0.27639999985694885
YER045C,YOR110W,1,-4.1257815,0.03726924583315849,0.10700000077486038,0.27639999985694885
YGL174W,YJR147W,0,-4.1259956,0.03725626692175865,0.10700000077486038,0.27649998664855957
YHR142W,YOR025W,0,-4.126171,0.037243299186229706,0.10700000077486038,0.2766000032424927
YPR138C,YOL100W,0,-4.1263814,0.037230342626571655,0.10700000077486038,0.2766999900341034
YCR024C-A,YOR068C,0,-4.1271753,0.0372173897922039,0.10700000077486038,0.2768000066280365
YDL213C,YLR165C,0,-4.1273923,0.037204451858997345,0.10700000077486038,0.2768999934196472
YBR084W,YOR048C,0,-4.1276436,0.037191517651081085,0.10700000077486038,0.2770000100135803
YKL084W,YNL207W,0,-4.1279154,0.03717859461903572,0.10700000077486038,0.27709999680519104
YBR020W,YGL011C,0,-4.1281977,0.03716568276286125,0.10700000077486038,0.27720001339912415
YMR211W,YDR093W,0,-4.1284027,0.03715277835726738,0.10700000077486038,0.27730000019073486
YPR120C,YML008C,0,-4.128415,0.037139881402254105,0.10700000077486038,0.2773999869823456
YDL093W,YDR523C,0,-4.1286726,0.037126995623111725,0.10700000077486038,0.2775000035762787
YMR250W,YNR046W,0,-4.129016,0.03711411729454994,0.10700000077486038,0.2775999903678894
YKR027W,YNR001C,0,-4.1298075,0.037101246416568756,0.10700000077486038,0.2777000069618225
YMR095C,YDR080W,0,-4.1300764,0.037088386714458466,0.10700000077486038,0.2777999937534332
YBL035C,YMR101C,0,-4.130249,0.03707553818821907,0.10700000077486038,0.27790001034736633
YGL073W,YJR063W,0,-4.1304584,0.037062693387269974,0.10700000077486038,0.27799999713897705
YBR112C,YOL135C,0,-4.130837,0.03704985976219177,0.10700000077486038,0.27810001373291016
YDR264C,YJL148W,0,-4.131056,0.03703703731298447,0.10700000077486038,0.2782000005245209
YPL177C,YGR274C,1,-4.131398,0.037370242178440094,0.1080000028014183,0.2782000005245209
YDR343C,YPL235W,0,-4.131587,0.03735731542110443,0.1080000028014183,0.2782999873161316
YGR246C,YBR123C,1,-4.131594,0.0376901812851429,0.10899999737739563,0.2782999873161316
YCR034W,YIR006C,0,-4.132262,0.03767715021967888,0.10899999737739563,0.2784000039100647
YDR489W,YBR117C,0,-4.1323414,0.03766413405537605,0.10899999737739563,0.2784999907016754
YHR171W,YIL140W,0,-4.132719,0.037651121616363525,0.10899999737739563,0.2786000072956085
YOL097C,YPR107C,0,-4.1328797,0.03763812035322189,0.10899999737739563,0.27869999408721924
YDL017W,YCR086W,0,-4.1329174,0.03762513026595116,0.10899999737739563,0.27880001068115234
YER040W,YGL225W,0,-4.133052,0.03761214762926102,0.10899999737739563,0.27889999747276306
YBR158W,YPL031C,0,-4.1338234,0.037599172443151474,0.10899999737739563,0.27900001406669617
YJL110C,YHR124W,0,-4.133929,0.03758620843291283,0.10899999737739563,0.2791000008583069
YLR233C,YKR003W,0,-4.133999,0.037573251873254776,0.10899999737739563,0.2791999876499176
YBR145W,YOR381W,0,-4.1342278,0.03756030276417732,0.10899999737739563,0.2793000042438507
YLR170C,YNL066W,0,-4.1345367,0.037547364830970764,0.10899999737739563,0.2793999910354614
YGR246C,YPL011C,1,-4.1345387,0.03787878900766373,0.10999999940395355,0.2793999910354614
YEL066W,YKR097W,0,-4.134678,0.03786575049161911,0.10999999940395355,0.27950000762939453
YOL144W,YAR035W,0,-4.1351957,0.03785271942615509,0.10999999940395355,0.27959999442100525
YPR186C,YBR198C,1,-4.1359262,0.03818369284272194,0.11100000143051147,0.27959999442100525
YDR343C,YMR047C,0,-4.1361904,0.03817056491971016,0.11100000143051147,0.27970001101493835
YKL197C,YDL020C,0,-4.13624,0.03815744072198868,0.11100000143051147,0.2797999978065491
YBR276C,YDR004W,0,-4.1363077,0.03814433142542839,0.11100000143051147,0.2799000144004822
YKL213C,YCR034W,0,-4.1380997,0.0381312258541584,0.11100000143051147,0.2800000011920929
YER015W,YOL069W,0,-4.138224,0.03811813145875931,0.11100000143051147,0.2800999879837036
YOL145C,YJR120W,0,-4.138241,0.03810504451394081,0.11100000143051147,0.2802000045776367
YOR349W,YDL150W,0,-4.138299,0.03809196874499321,0.11100000143051147,0.28029999136924744
YDL014W,YGL127C,0,-4.1385164,0.038078900426626205,0.11100000143051147,0.28040000796318054
YBR158W,YKR007W,0,-4.138591,0.038065843284130096,0.11100000143051147,0.28049999475479126
YER106W,YPL167C,0,-4.1393175,0.038052793592214584,0.11100000143051147,0.28060001134872437
YMR199W,YDL166C,0,-4.139391,0.03803975507616997,0.11100000143051147,0.2806999981403351
YLL050C,YER053C,0,-4.139621,0.03802672028541565,0.11100000143051147,0.2808000147342682
YDL166C,YMR133W,0,-4.140102,0.038013700395822525,0.11100000143051147,0.2809000015258789
YGL257C,YOL090W,0,-4.140836,0.0380006842315197,0.11100000143051147,0.2809999883174896
YDR097C,YDR023W,0,-4.140866,0.03798767924308777,0.11100000143051147,0.28110000491142273
YDR138W,YPR133W-A,0,-4.1411476,0.037974681705236435,0.11100000143051147,0.28119999170303345
YJL011C,YCR042C,1,-4.1417947,0.038303691893815994,0.1120000034570694,0.28119999170303345
YJL201W,YLR355C,0,-4.141802,0.0382905974984169,0.1120000034570694,0.28130000829696655
YMR136W,YIL013C,0,-4.1422586,0.038277510553598404,0.1120000034570694,0.28139999508857727
YDL220C,YLR150W,0,-4.142592,0.0382644347846508,0.1120000034570694,0.2815000116825104
YNR032C-A,YBR212W,0,-4.1429896,0.0382513664662838,0.1120000034570694,0.2815999984741211
YML074C,YER062C,0,-4.143178,0.03823830559849739,0.1120000034570694,0.2816999852657318
YPR186C,YPL129W,1,-4.1438355,0.038566552102565765,0.11299999803304672,0.2816999852657318
YNL314W,YBR123C,1,-4.143911,0.03889457508921623,0.11400000005960464,0.2816999852657318
YNL233W,YDR320C,0,-4.14398,0.03888130933046341,0.11400000005960464,0.2818000018596649
YIL049W,YCR031C,0,-4.1447077,0.03886805474758148,0.11400000005960464,0.28189998865127563
YCL067C,YBR240C,0,-4.1451817,0.03885480388998985,0.11400000005960464,0.28200000524520874
YPL178W,YPR078C,0,-4.14535,0.03884156793355942,0.11400000005960464,0.28209999203681946
YDR516C,YIL065C,0,-4.1455684,0.03882833942770958,0.11400000005960464,0.28220000863075256
YPL256C,YOR298C-A,0,-4.146024,0.03881511837244034,0.11400000005960464,0.2822999954223633
YDR030C,YNR015W,0,-4.1469,0.038801904767751694,0.11400000005960464,0.2824000120162964
YOR284W,YLR116W,0,-4.1473465,0.038788702338933945,0.11400000005960464,0.2824999988079071
YGR166W,YIL046W,0,-4.14775,0.03877551108598709,0.11400000005960464,0.2825999855995178
YDR075W,YLL024C,0,-4.147805,0.038762327283620834,0.11400000005960464,0.2827000021934509
YDL142C,YPL233W,0,-4.1480336,0.038749150931835175,0.11400000005960464,0.28279998898506165
YDL244W,YER082C,0,-4.1481867,0.03873598203063011,0.11400000005960464,0.28290000557899475
YFR037C,YGR128C,0,-4.1484213,0.038722824305295944,0.11400000005960464,0.28299999237060547
YBR244W,YDR238C,0,-4.1486034,0.03870967775583267,0.11400000005960464,0.2831000089645386
YCL055W,YHR197W,0,-4.148678,0.03869653865695,0.11400000005960464,0.2831999957561493
YIL002C,YJL191W,0,-4.1487265,0.03868340700864792,0.11400000005960464,0.2833000123500824
YBR098W,YMR093W,0,-4.1491365,0.038670286536216736,0.11400000005960464,0.2833999991416931
YLR355C,YDL093W,0,-4.1496544,0.03865717351436615,0.11400000005960464,0.28349998593330383
YFR036W,YGR103W,0,-4.1497188,0.03864406794309616,0.11400000005960464,0.28360000252723694
YBR185C,YGR159C,0,-4.149963,0.03863097354769707,0.11400000005960464,0.28369998931884766
YHR014W,YOL093W,0,-4.1507607,0.03861788660287857,0.11400000005960464,0.28380000591278076
YOR328W,YFR048W,0,-4.15138,0.03860480710864067,0.11400000005960464,0.2838999927043915
YIL009C-A,YHR098C,0,-4.151786,0.038591738790273666,0.11400000005960464,0.2840000092983246
YNL014W,YJR021C,0,-4.152631,0.03857868164777756,0.11400000005960464,0.2840999960899353
YFR055W,YPL147W,0,-4.152876,0.03856562823057175,0.11400000005960464,0.2842000126838684
YLR355C,YBR185C,0,-4.152941,0.03855258598923683,0.11400000005960464,0.2842999994754791
YHR094C,YNL241C,0,-4.152968,0.03853955492377281,0.11400000005960464,0.28439998626708984
YKR038C,YDR055W,0,-4.153325,0.03852652758359909,0.11400000005960464,0.28450000286102295
YKL043W,YCR027C,0,-4.153426,0.03851351514458656,0.11400000005960464,0.28459998965263367
YGR225W,YGR191W,0,-4.1534734,0.038500506430864334,0.11400000005960464,0.2847000062465668
YPR030W,YDL116W,0,-4.153618,0.038487508893013,0.11400000005960464,0.2847999930381775
YCL032W,YGR008C,0,-4.1539264,0.038474518805742264,0.11400000005960464,0.2849000096321106
YJL014W,YGL169W,0,-4.1540766,0.03846153989434242,0.11400000005960464,0.2849999964237213
YLR242C,YBR162C,0,-4.1541095,0.03844856843352318,0.11400000005960464,0.2851000130176544
YPL001W,YMR008C,0,-4.154537,0.03843560442328453,0.11400000005960464,0.28519999980926514
YDR264C,YMR015C,0,-4.154642,0.03842264786362648,0.11400000005960464,0.28529998660087585
YOR335C,YER118C,0,-4.1552296,0.038409702479839325,0.11400000005960464,0.28540000319480896
YAL041W,YJR097W,0,-4.1556644,0.038396768271923065,0.11400000005960464,0.2854999899864197
YBR040W,YPR005C,0,-4.155733,0.038383837789297104,0.11400000005960464,0.2856000065803528
YDR284C,YJL059W,0,-4.1562347,0.03837091848254204,0.11400000005960464,0.2856999933719635
YOL123W,YKR019C,0,-4.1564045,0.03835800662636757,0.11400000005960464,0.2858000099658966
YBR040W,YLR020C,0,-4.1571026,0.038345105946063995,0.11400000005960464,0.2858999967575073
YCR063W,YGR165W,0,-4.1577463,0.03833221271634102,0.11400000005960464,0.28600001335144043
YIR021W,YER120W,0,-4.1579103,0.03831932693719864,0.11400000005960464,0.28610000014305115
YOL067C,YBR123C,1,-4.1579113,0.03864247351884842,0.11500000208616257,0.28610000014305115
YPL137C,YGR103W,0,-4.1587095,0.03862949460744858,0.11500000208616257,0.28619998693466187
YJL148W,YML034W,0,-4.1589003,0.038616519421339035,0.11500000208616257,0.28630000352859497
YOR313C,YDR443C,0,-4.158968,0.038603559136390686,0.11500000208616257,0.2863999903202057
YLR233C,YGR090W,0,-4.1602316,0.038590602576732635,0.11500000208616257,0.2865000069141388
YLR347C,YAR003W,0,-4.1603613,0.03857765719294548,0.11500000208616257,0.2865999937057495
YOR023C,YBL009W,0,-4.160754,0.03856472298502922,0.11500000208616257,0.2867000102996826
YAR007C,YDL084W,0,-4.1608634,0.03855179250240326,0.11500000208616257,0.28679999709129333
YDR384C,YKR082W,0,-4.1613436,0.03853887319564819,0.11500000208616257,0.28690001368522644
YMR246W,YER001W,0,-4.1624866,0.038525961339473724,0.11500000208616257,0.28700000047683716
YDL020C,YML088W,0,-4.162644,0.03851306065917015,0.11500000208616257,0.2870999872684479
YLR382C,YGR211W,0,-4.1627874,0.038500167429447174,0.11500000208616257,0.287200003862381
YER028C,YOL067C,1,-4.162812,0.038821954280138016,0.11599999666213989,0.287200003862381
YPL161C,YPR107C,0,-4.163023,0.03880896791815758,0.11599999666213989,0.2872999906539917
YJL011C,YAL001C,1,-4.1630974,0.03913043439388275,0.11699999868869781,0.2872999906539917
YMR167W,YGL037C,0,-4.163775,0.03911735117435455,0.11699999868869781,0.2874000072479248
YDL247W,YML013W,0,-4.1648145,0.03910427913069725,0.11699999868869781,0.2874999940395355
YJL167W,YIL007C,0,-4.1651387,0.039091214537620544,0.11699999868869781,0.28760001063346863
YNL008C,YLR207W,0,-4.165148,0.039078157395124435,0.11699999868869781,0.28769999742507935
YHR124W,YIL073C,0,-4.1654043,0.03906510770320892,0.11699999868869781,0.28780001401901245
YFL010W-A,YDR093W,0,-4.1658535,0.03905206918716431,0.11699999868869781,0.28790000081062317
YKL082C,YIL016W,0,-4.1668677,0.03903903812170029,0.11699999868869781,0.2879999876022339
YOR355W,YEL065W,0,-4.167256,0.03902601823210716,0.11699999868869781,0.288100004196167
YOR187W,YDR259C,0,-4.167267,0.039013005793094635,0.11699999868869781,0.2881999909877777
YBR297W,YDL154W,0,-4.1674843,0.039000000804662704,0.11699999868869781,0.2883000075817108
YNL259C,YER110C,0,-4.168406,0.03898700326681137,0.11699999868869781,0.28839999437332153
YNL323W,YGR296W,0,-4.168502,0.03897401690483093,0.11699999868869781,0.28850001096725464
YLR214W,YDR189W,0,-4.1686945,0.03896103799343109,0.11699999868869781,0.28859999775886536
YGR108W,YML061C,0,-4.1692333,0.038948070257902145,0.11699999868869781,0.28870001435279846
YCR088W,YBL106C,0,-4.1693783,0.038935109972953796,0.11699999868869781,0.2888000011444092
YLR155C,YIL109C,0,-4.169485,0.038922157138586044,0.11699999868869781,0.2888999879360199
YHR069C,YDR416W,0,-4.1698184,0.03890921175479889,0.11699999868869781,0.289000004529953
YOR180C,YGR211W,0,-4.170011,0.03889627754688263,0.11699999868869781,0.2890999913215637
YIL160C,YCR084C,0,-4.1703873,0.03888335078954697,0.11699999868869781,0.2892000079154968
YPR200C,YDR268W,0,-4.170435,0.0388704314827919,0.11699999868869781,0.28929999470710754
YBL074C,YDR303C,0,-4.170523,0.03885752335190773,0.11699999868869781,0.28940001130104065
YBR243C,YLR135W,0,-4.170528,0.038844622671604156,0.11699999868869781,0.28949999809265137
YCR026C,YJR145C,0,-4.1705956,0.03883172944188118,0.11699999868869781,0.2896000146865845
YLR190W,YHR066W,0,-4.1714354,0.0388188436627388,0.11699999868869781,0.2897000014781952
YBL069W,YJL048C,0,-4.1720495,0.038805969059467316,0.11699999868869781,0.2897999882698059
YBR145W,YBR084W,0,-4.1724424,0.03879310190677643,0.11699999868869781,0.289900004863739
YGR142W,YGL245W,0,-4.17262,0.038780245929956436,0.11699999868869781,0.28999999165534973
YJR055W,YHR124W,0,-4.172753,0.03876739740371704,0.11699999868869781,0.29010000824928284
YGR179C,YGL205W,0,-4.1731057,0.03875455632805824,0.11699999868869781,0.29019999504089355
YOL126C,YEL020W-A,0,-4.173731,0.03874172270298004,0.11699999868869781,0.29030001163482666
YLR229C,YFL026W,0,-4.1738687,0.03872889652848244,0.11699999868869781,0.2903999984264374
YMR276W,YOR120W,0,-4.1740294,0.03871608152985573,0.11699999868869781,0.2904999852180481
YPR186C,YNL257C,1,-4.1741,0.03903407230973244,0.11800000071525574,0.2904999852180481
YOL023W,YDL213C,0,-4.1747537,0.03902116417884827,0.11800000071525574,0.2906000018119812
YPR201W,YPR041W,0,-4.175118,0.03900826349854469,0.11800000071525574,0.2906999886035919
YLR129W,YGR281W,0,-4.175141,0.038995373994112015,0.11800000071525574,0.290800005197525
YJR068W,YMR175W,0,-4.1753535,0.038982491940259933,0.11800000071525574,0.29089999198913574
YDR448W,YGL029W,0,-4.175456,0.03896961733698845,0.11800000071525574,0.29100000858306885
YNR001C,YLR014C,0,-4.1754766,0.03895675018429756,0.11800000071525574,0.29109999537467957
YER045C,YPR186C,1,-4.175514,0.039273928850889206,0.11900000274181366,0.29109999537467957
YPL036W,YBR216C,0,-4.1762667,0.03926096856594086,0.11900000274181366,0.29120001196861267
YFR036W,YLR167W,0,-4.1763372,0.0392480194568634,0.11900000274181366,0.2912999987602234
YCR075C,YPL032C,0,-4.1770954,0.039235081523656845,0.11900000274181366,0.2913999855518341
YIL009C-A,YIL173W,0,-4.177642,0.039222147315740585,0.11900000274181366,0.2915000021457672
YPL181W,YDR512C,0,-4.1778326,0.03920922428369522,0.11900000274181366,0.29159998893737793
YBL097W,YNL131W,0,-4.178142,0.03919631242752075,0.11900000274181366,0.29170000553131104
YLR005W,YDR079C-A,1,-4.178289,0.03951267525553703,0.11999999731779099,0.29170000553131104
YMR284W,YNL247W,0,-4.1785145,0.0394996702671051,0.11999999731779099,0.29179999232292175
YFL021W,YOR110W,1,-4.1796603,0.03981572762131691,0.12099999934434891,0.29179999232292175
YOR198C,YPR081C,0,-4.1797304,0.039802633225917816,0.12099999934434891,0.29190000891685486
YPL271W,YDR270W,0,-4.180203,0.03978954255580902,0.12099999934434891,0.2919999957084656
YJR125C,YDR247W,0,-4.180272,0.03977646306157112,0.12099999934434891,0.2921000123023987
YGR078C,YJR021C,0,-4.1804605,0.03976339101791382,0.12099999934434891,0.2921999990940094
YER149C,YGL030W,0,-4.1807885,0.03975033015012741,0.12099999934434891,0.2922999858856201
YIR017C,YCR084C,0,-4.1810145,0.0397372730076313,0.12099999934434891,0.2924000024795532
YJL011C,YML098W,1,-4.1812353,0.04005252942442894,0.12200000137090683,0.2924000024795532
YKL179C,YDR443C,0,-4.181766,0.04003938287496567,0.12200000137090683,0.29249998927116394
YJL102W,YKR079C,0,-4.1817684,0.04002624750137329,0.12200000137090683,0.29260000586509705
YLR189C,YHR088W,0,-4.1818104,0.04001311957836151,0.12200000137090683,0.29269999265670776
YMR199W,YPR144C,0,-4.182045,0.03999999910593033,0.12200000137090683,0.29280000925064087
YPR124W,YER126C,0,-4.182225,0.03998688980937004,0.12200000137090683,0.2928999960422516
YOR221C,YGR082W,0,-4.1823173,0.03997378796339035,0.12200000137090683,0.2930000126361847
YKL179C,YJR035W,0,-4.1825995,0.03996069356799126,0.12200000137090683,0.2930999994277954
YBR035C,YER024W,0,-4.18295,0.03994761034846306,0.12200000137090683,0.29319998621940613
YMR211W,YJR031C,0,-4.183171,0.03993453457951546,0.12200000137090683,0.29330000281333923
YLR228C,YBL004W,0,-4.183501,0.03992146626114845,0.12200000137090683,0.29339998960494995
YGL256W,YDR171W,0,-4.184368,0.039908405393362045,0.12200000137090683,0.29350000619888306
YLR303W,YNL015W,0,-4.1844544,0.03989535570144653,0.12200000137090683,0.2935999929904938
YFL021W,YGL207W,1,-4.1860027,0.040209218859672546,0.12300000339746475,0.2935999929904938
YER028C,YGR186W,1,-4.1866484,0.040522877126932144,0.12399999797344208,0.2935999929904938
YLR214W,YOL068C,0,-4.1870127,0.04050963744521141,0.12399999797344208,0.2937000095844269
YAL001C,YOR194C,1,-4.1870728,0.040822990238666534,0.125,0.2937000095844269
YGR165W,YNL093W,0,-4.1871233,0.040809664875268936,0.125,0.2937999963760376
YGR246C,YOL089C,1,-4.1871405,0.041122715920209885,0.12600000202655792,0.2937999963760376
YNL314W,YOR194C,1,-4.1872706,0.04143556207418442,0.12700000405311584,0.2937999963760376
YBR198C,YPL122C,1,-4.1874075,0.041748207062482834,0.12800000607967377,0.2937999963760376
YKL192C,YMR046C,0,-4.187974,0.041734594851732254,0.12800000607967377,0.2939000129699707
YNL061W,YDR422C,0,-4.188189,0.04172099009156227,0.12800000607967377,0.2939999997615814
YNL279W,YLR277C,0,-4.1881967,0.041707396507263184,0.12800000607967377,0.29409998655319214
YJL106W,YNL151C,0,-4.188464,0.04169381037354469,0.12800000607967377,0.29420000314712524
YNL112W,YHR039C-A,0,-4.189062,0.0416802354156971,0.12800000607967377,0.29429998993873596
YER038C,YPL174C,0,-4.189151,0.0416666679084301,0.12800000607967377,0.29440000653266907
YOL076W,YNR031C,0,-4.1892643,0.0416531078517437,0.12800000607967377,0.2944999933242798
YJL050W,YIL008W,0,-4.189651,0.04163955897092819,0.12800000607967377,0.2946000099182129
YLL060C,YLR350W,0,-4.1896534,0.04162601754069328,0.12800000607967377,0.2946999967098236
YOL067C,YGL207W,1,-4.1898184,0.041937582194805145,0.1289999932050705,0.2946999967098236
YPR021C,YMR143W,0,-4.1904054,0.04192395135760307,0.1289999932050705,0.2948000133037567
YJR127C,YBR289W,0,-4.1906624,0.041910331696271896,0.1289999932050705,0.29490000009536743
YJR070C,YJL076W,0,-4.190742,0.041896719485521317,0.1289999932050705,0.29499998688697815
YPL146C,YFR037C,0,-4.190876,0.04188311845064163,0.1289999932050705,0.29510000348091125
YOL126C,YDR416W,0,-4.191429,0.041869521141052246,0.1289999932050705,0.295199990272522
YAL003W,YPL019C,0,-4.1918554,0.041855938732624054,0.1289999932050705,0.2953000068664551
YDR298C,YBR040W,0,-4.191963,0.04184236004948616,0.1289999932050705,0.2953999936580658
YML080W,YJL145W,0,-4.191963,0.04182879254221916,0.1289999932050705,0.2955000102519989
YCR088W,YDR461W,0,-4.1920033,0.04181523621082306,0.1289999932050705,0.2955999970436096
YDR448W,YKL048C,0,-4.192621,0.041801683604717255,0.1289999932050705,0.2957000136375427
YPL202C,YGR246C,1,-4.1926885,0.0421120822429657,0.12999999523162842,0.2957000136375427
YKR009C,YEL013W,0,-4.1927953,0.04209844395518303,0.12999999523162842,0.29580000042915344
YOR237W,YIL106W,0,-4.193174,0.042084816843271255,0.12999999523162842,0.29589998722076416
YOR182C,YIL101C,0,-4.1932034,0.04207119718194008,0.12999999523162842,0.29600000381469727
YLL008W,YGL053W,0,-4.1933575,0.0420575849711895,0.12999999523162842,0.296099990606308
YKR086W,YHR111W,0,-4.1942387,0.042043983936309814,0.12999999523162842,0.2962000072002411
YDR072C,YFL058W,0,-4.194256,0.04203039035201073,0.12999999523162842,0.2962999939918518
YPR119W,YER001W,0,-4.1946363,0.042016807943582535,0.12999999523162842,0.2964000105857849
YPL155C,YAR008W,0,-4.19555,0.04200322926044464,0.12999999523162842,0.29649999737739563
YDR054C,YCL040W,0,-4.1958523,0.04198966547846794,0.12999999523162842,0.29660001397132874
YDR425W,YPR041W,0,-4.1960382,0.04197610542178154,0.12999999523162842,0.29670000076293945
YAL021C,YLR233C,0,-4.1963425,0.041962556540966034,0.12999999523162842,0.29679998755455017
YPL093W,YIL016W,0,-4.196724,0.041949015110731125,0.12999999523162842,0.2969000041484833
YLR427W,YFL049W,0,-4.1970086,0.04193548485636711,0.12999999523162842,0.296999990940094
YDR101C,YPR188C,0,-4.1970167,0.041921962052583694,0.12999999523162842,0.2971000075340271
YGR225W,YLR371W,0,-4.197261,0.041908446699380875,0.12999999523162842,0.2971999943256378
YJL014W,YDR545W,0,-4.197543,0.04189493879675865,0.12999999523162842,0.2973000109195709
YPR124W,YML095C,0,-4.1976833,0.041881442070007324,0.12999999523162842,0.29739999771118164
YMR068W,YJL204C,0,-4.198055,0.04186795651912689,0.12999999523162842,0.29750001430511475
YOR109W,YER117W,0,-4.1982203,0.04185447469353676,0.12999999523162842,0.29760000109672546
YGL166W,YNL314W,1,-4.198298,0.042162857949733734,0.13099999725818634,0.29760000109672546
YDR171W,YIR037W,0,-4.1982994,0.042149290442466736,0.13099999725818634,0.2976999878883362
YDR062W,YKL178C,0,-4.19831,0.04213573411107063,0.13099999725818634,0.2978000044822693
YOR349W,YER122C,0,-4.1984444,0.04212218523025513,0.13099999725818634,0.29789999127388
YER164W,YJL050W,0,-4.1987176,0.042108647525310516,0.13099999725818634,0.2980000078678131
YPL194W,YMR220W,0,-4.198983,0.0420951172709465,0.13099999725818634,0.29809999465942383
YBR040W,YGL084C,0,-4.199602,0.042081594467163086,0.13099999725818634,0.29820001125335693
YDL188C,YMR133W,0,-4.1996527,0.042068079113960266,0.13099999725818634,0.29829999804496765
YER065C,YMR153W,0,-4.1998034,0.04205457493662834,0.13099999725818634,0.29840001463890076
YPR068C,YBR296C,0,-4.199841,0.042041078209877014,0.13099999725818634,0.2985000014305115
YOL139C,YJR042W,0,-4.1999645,0.042027588933706284,0.13099999725818634,0.2985999882221222
YGL175C,YPL094C,0,-4.2000628,0.04201411083340645,0.13099999725818634,0.2987000048160553
YDR388W,YNL070W,0,-4.200124,0.04200064018368721,0.13099999725818634,0.298799991607666
YOR355W,YGL055W,0,-4.2001505,0.04198718070983887,0.13099999725818634,0.2989000082015991
YLR155C,YLR007W,0,-4.200615,0.04197372496128082,0.13099999725818634,0.29899999499320984
YDR300C,YEL065W,0,-4.2020364,0.041960280388593674,0.13099999725818634,0.29910001158714294
YHL036W,YLR165C,0,-4.202054,0.04194684699177742,0.13099999725818634,0.29919999837875366
YNL008C,YDR160W,0,-4.202301,0.041933417320251465,0.13099999725818634,0.2992999851703644
YDR071C,YGR008C,0,-4.20238,0.041919998824596405,0.13099999725818634,0.2994000017642975
YCR086W,YLR276C,0,-4.2024336,0.04190659150481224,0.13099999725818634,0.2994999885559082
YOR156C,YPR065W,0,-4.2026806,0.041893187910318375,0.13099999725818634,0.2996000051498413
YLR330W,YDR515W,0,-4.2028575,0.041879795491695404,0.13099999725818634,0.299699991941452
YPL244C,YDR300C,0,-4.202894,0.04186641052365303,0.13099999725818634,0.29980000853538513
YBR169C,YML014W,0,-4.20372,0.04185303673148155,0.13099999725818634,0.29989999532699585
YML062C,YPR168W,0,-4.203924,0.04183966666460037,0.13099999725818634,0.30000001192092896
YNL051W,YDR153C,0,-4.2040205,0.04182630777359009,0.13099999725818634,0.3000999987125397
YKR027W,YPL160W,0,-4.204505,0.0418129600584507,0.13099999725818634,0.3001999855041504
YMR143W,YNL066W,0,-4.2045507,0.04179961606860161,0.13099999725818634,0.3003000020980835
YGL175C,YKL140W,0,-4.204706,0.04178628325462341,0.13099999725818634,0.3003999888896942
YLR086W,YPR163C,0,-4.204709,0.041772957891225815,0.13099999725818634,0.3005000054836273
YKR039W,YKL095W,0,-4.205119,0.04175964370369911,0.13099999725818634,0.30059999227523804
YDR038C,YDL058W,0,-4.2060285,0.041746336966753006,0.13099999725818634,0.30070000886917114
YGL166W,YGR274C,1,-4.2061644,0.042051609605550766,0.13199999928474426,0.30070000886917114
YGL201C,YPL146C,0,-4.206252,0.042038217186927795,0.13199999928474426,0.30079999566078186
YDR437W,YPR094W,0,-4.2062564,0.04202483221888542,0.13199999928474426,0.30090001225471497
YOL094C,YLL034C,0,-4.2063575,0.042011458426713943,0.13199999928474426,0.3009999990463257
YPL138C,YDL130W-A,0,-4.2068405,0.04199809208512306,0.13199999928474426,0.3010999858379364
YNL112W,YML118W,0,-4.207315,0.04198473319411278,0.13199999928474426,0.3012000024318695
YEL036C,YLR223C,0,-4.2074213,0.04197138175368309,0.13199999928474426,0.3012999892234802
YGR007W,YKL014C,0,-4.2074566,0.0419580414891243,0.13199999928474426,0.30140000581741333
YGL033W,YOR073W,0,-4.2074933,0.0419447086751461,0.13199999928474426,0.30149999260902405
YJR097W,YMR234W,0,-4.207906,0.041931383311748505,0.13199999928474426,0.30160000920295715
YDR005C,YOL117W,0,-4.2079363,0.0419180691242218,0.13199999928474426,0.30169999599456787
YGR256W,YNR049C,0,-4.208029,0.041904762387275696,0.13199999928474426,0.301800012588501
YNL156C,YML052W,0,-4.2080903,0.04189146310091019,0.13199999928474426,0.3018999993801117
YJL006C,YGL225W,0,-4.2084217,0.041878171265125275,0.13199999928474426,0.3019999861717224
YMR136W,YCL040W,0,-4.2084894,0.04186489060521126,0.13199999928474426,0.3021000027656555
YDL030W,YDL042C,0,-4.208499,0.04185161739587784,0.13199999928474426,0.30219998955726624
YPL089C,YDR146C,0,-4.209549,0.041838351637125015,0.13199999928474426,0.30230000615119934
YMR290C,YPR095C,0,-4.2099867,0.04182509332895279,0.13199999928474426,0.30239999294281006
YOR034C,YLR197W,0,-4.210475,0.04181184619665146,0.13199999928474426,0.30250000953674316
YOL165C,YOL145C,0,-4.210971,0.041798606514930725,0.13199999928474426,0.3025999963283539
YNL080C,YDL060W,0,-4.211026,0.04178537428379059,0.13199999928474426,0.302700012922287
YNL225C,YNL006W,0,-4.2113266,0.04177215322852135,0.13199999928474426,0.3027999997138977
YPL187W,YBR296C,0,-4.2114863,0.041758935898542404,0.13199999928474426,0.3028999865055084
YKL085W,YLR008C,0,-4.211804,0.04174572974443436,0.13199999928474426,0.30300000309944153
YPR049C,YNL151C,0,-4.2119913,0.041732531040906906,0.13199999928474426,0.30309998989105225
YCR039C,YGL226C-A,0,-4.2124724,0.04171934351325035,0.13199999928474426,0.30320000648498535
YOL165C,YNL201C,0,-4.2133484,0.041706159710884094,0.13199999928474426,0.30329999327659607
YNL135C,YNR011C,0,-4.213711,0.04169298708438873,0.13199999928474426,0.3034000098705292
YKR068C,YPL212C,0,-4.2138233,0.04167982190847397,0.13199999928474426,0.3034999966621399
YOR145C,YER075C,0,-4.2138605,0.0416666679084301,0.13199999928474426,0.303600013256073
YHR133C,YKL043W,0,-4.213895,0.04165351763367653,0.13199999928474426,0.3037000000476837
YNL331C,YGR041W,0,-4.214025,0.041640378534793854,0.13199999928474426,0.30379998683929443
YJL207C,YPL121C,0,-4.214074,0.041627246886491776,0.13199999928474426,0.30390000343322754
YNL030W,YFL026W,0,-4.214411,0.041614122688770294,0.13199999928474426,0.30399999022483826
YER065C,YPR094W,0,-4.214489,0.04160100966691971,0.13199999928474426,0.30410000681877136
YPR005C,YBL004W,0,-4.214576,0.04158790037035942,0.13199999928474426,0.3041999936103821
YBR029C,YER041W,0,-4.2152605,0.04157480224967003,0.13199999928474426,0.3043000102043152
YDR004W,YNL049C,0,-4.215436,0.041561711579561234,0.13199999928474426,0.3043999969959259
YMR198W,YER123W,0,-4.215481,0.041548632085323334,0.13199999928474426,0.304500013589859
YCL044C,YPR155C,0,-4.2158046,0.04153555631637573,0.13199999928474426,0.3046000003814697
YOL067C,YOR194C,1,-4.2159615,0.04183705523610115,0.13300000131130219,0.3046000003814697
YPL202C,YDR167W,1,-4.2160425,0.04213836416602135,0.1340000033378601,0.3046000003814697
YHR197W,YMR127C,0,-4.2161527,0.042125117033720016,0.1340000033378601,0.30469998717308044
YKR066C,YMR096W,0,-4.2163754,0.04211188107728958,0.1340000033378601,0.30480000376701355
YNR001C,YML038C,0,-4.216502,0.042098648846149445,0.1340000033378601,0.30489999055862427
YDR483W,YGL205W,0,-4.2165837,0.0420854277908802,0.1340000033378601,0.3050000071525574
YDL232W,YOL105C,0,-4.2169204,0.04207221418619156,0.1340000033378601,0.3050999939441681
YIL072W,YGL022W,0,-4.2169285,0.04205900803208351,0.1340000033378601,0.3052000105381012
YHR129C,YGL122C,0,-4.2172785,0.04204580932855606,0.1340000033378601,0.3052999973297119
YNL232W,YNL339C,0,-4.2174826,0.042032621800899506,0.1340000033378601,0.305400013923645
YDL220C,YPL135W,0,-4.217599,0.04201944172382355,0.1340000033378601,0.30550000071525574
YLR411W,YBL106C,0,-4.2180476,0.042006269097328186,0.1340000033378601,0.30559998750686646
YNL279W,YDR394W,0,-4.218681,0.04199310392141342,0.1340000033378601,0.30570000410079956
YGR247W,YNL282W,0,-4.2187476,0.04197994992136955,0.1340000033378601,0.3057999908924103
YGR267C,YCL027W,0,-4.218849,0.04196680337190628,0.1340000033378601,0.3059000074863434
YJL030W,YGL075C,0,-4.2195244,0.041953664273023605,0.1340000033378601,0.3059999942779541
YBR021W,YDR013W,0,-4.219573,0.04194053262472153,0.1340000033378601,0.3061000108718872
YLL026W,YKL095W,0,-4.2199316,0.041927408427000046,0.1340000033378601,0.3061999976634979
YNL314W,YDL108W,1,-4.2201567,0.042227089405059814,0.13500000536441803,0.3061999976634979
YER119C,YOR310C,0,-4.2204084,0.04221388325095177,0.13500000536441803,0.30630001425743103
YFL021W,YCR042C,1,-4.220806,0.04251328483223915,0.13600000739097595,0.30630001425743103
YMR092C,YDR198C,0,-4.2210054,0.042500000447034836,0.13600000739097595,0.30640000104904175
YHR193C,YLR154C,0,-4.2213106,0.04248672351241112,0.13600000739097595,0.30649998784065247
YLR155C,YDR153C,0,-4.221355,0.042473454028367996,0.13600000739097595,0.30660000443458557
YDR256C,YHR053C,0,-4.2217264,0.04246019199490547,0.13600000739097595,0.3066999912261963
YMR140W,YNL246W,0,-4.2219024,0.04244694113731384,0.13600000739097595,0.3068000078201294
YAR002C-A,YGL028C,0,-4.22219,0.04243369773030281,0.13600000739097595,0.3068999946117401
YDL143W,YEL004W,0,-4.222286,0.042420461773872375,0.13600000739097595,0.3070000112056732
YOR028C,YLR134W,0,-4.2223835,0.04240723326802254,0.13600000739097595,0.30709999799728394
YDL115C,YLR222C,0,-4.2226954,0.042394015938043594,0.13600000739097595,0.30720001459121704
YPL202C,YPL129W,1,-4.223049,0.04269242659211159,0.13699999451637268,0.30720001459121704
YMR312W,YHR197W,0,-4.223675,0.04267912730574608,0.13699999451637268,0.30730000138282776
YPL227C,YCR086W,0,-4.223696,0.042665835469961166,0.13699999451637268,0.3073999881744385
YLR288C,YDL077C,0,-4.223994,0.04265255108475685,0.13699999451637268,0.3075000047683716
YPR065W,YBR171W,0,-4.224032,0.04263927787542343,0.13699999451637268,0.3075999915599823
YBR068C,YLR401C,0,-4.224128,0.04262601211667061,0.13699999451637268,0.3077000081539154
YPL026C,YIR011C,0,-4.22413,0.04261275380849838,0.13699999451637268,0.3077999949455261
YDR343C,YML014W,0,-4.2243714,0.042599502950906754,0.13699999451637268,0.30790001153945923
YNR060W,YJR044C,0,-4.2244334,0.04258625954389572,0.13699999451637268,0.30799999833106995
YBL024W,YDR487C,0,-4.2249937,0.042573027312755585,0.13699999451637268,0.30809998512268066
YGR286C,YBR021W,0,-4.2254286,0.042559802532196045,0.13699999451637268,0.30820000171661377
YAL003W,YNL102W,0,-4.225875,0.0425465852022171,0.13699999451637268,0.3082999885082245
YIL034C,YNL090W,0,-4.225922,0.042533375322818756,0.13699999451637268,0.3084000051021576
YBR195C,YJL010C,0,-4.22611,0.04252017289400101,0.13699999451637268,0.3084999918937683
YLR195C,YLR313C,0,-4.226218,0.04250698164105415,0.13699999451637268,0.3086000084877014
YHL002W,YIL101C,0,-4.227281,0.0424937978386879,0.13699999451637268,0.30869999527931213
YDR501W,YGL169W,0,-4.227353,0.04248062148690224,0.13699999451637268,0.30880001187324524
YFR047C,YPL033C,0,-4.2277584,0.042467452585697174,0.13699999451637268,0.30889999866485596
YIL139C,YHL009C,0,-4.227972,0.04245429113507271,0.13699999451637268,0.3089999854564667
YOL143C,YPL012W,0,-4.2284613,0.04244114086031914,0.13699999451637268,0.3091000020503998
YMR227C,YAL001C,1,-4.228717,0.0427376888692379,0.1379999965429306,0.3091000020503998
YPL160W,YKR097W,0,-4.2287703,0.04272445663809776,0.1379999965429306,0.3091999888420105
YHR005C-A,YEL060C,0,-4.228989,0.04271123558282852,0.1379999965429306,0.3093000054359436
YHR129C,YBL004W,0,-4.229045,0.04269801825284958,0.1379999965429306,0.3093999922275543
YIL004C,YDR358W,0,-4.2292113,0.04268481209874153,0.1379999965429306,0.3095000088214874
YKL048C,YER001W,0,-4.229687,0.04267161339521408,0.1379999965429306,0.30959999561309814
YBR020W,YDL216C,0,-4.229977,0.04265842214226723,0.1379999965429306,0.30970001220703125
YJL146W,YGR159C,0,-4.2303305,0.04264524206519127,0.1379999965429306,0.30979999899864197
YPL037C,YOR076C,0,-4.230398,0.04263206571340561,0.1379999965429306,0.3098999857902527
YNL314W,YER148W,1,-4.230725,0.042927734553813934,0.13899999856948853,0.3098999857902527
YJR053W,YJL030W,0,-4.230968,0.04291447997093201,0.13899999856948853,0.3100000023841858
YLR098C,YGR104C,0,-4.231307,0.042901232838630676,0.13899999856948853,0.3100999891757965
YBL085W,YOR212W,0,-4.2316275,0.04288799688220024,0.13899999856948853,0.3102000057697296
YOL009C,YPR133W-A,0,-4.2318087,0.0428747683763504,0.13899999856948853,0.31029999256134033
YJL011C,YDR079C-A,1,-4.2325087,0.04316990450024605,0.14000000059604645,0.31029999256134033
YJL127C,YDR259C,0,-4.232609,0.04315659776329994,0.14000000059604645,0.31040000915527344
YMR198W,YJR150C,0,-4.232955,0.04314329847693443,0.14000000059604645,0.31049999594688416
YDR236C,YMR117C,0,-4.233135,0.04313000664114952,0.14000000059604645,0.31060001254081726
YOR068C,YHR090C,0,-4.2332354,0.043116722255945206,0.14000000059604645,0.310699999332428
YER045C,YGL166W,1,-4.233292,0.04341132938861847,0.14100000262260437,0.310699999332428
YJL134W,YPL124W,0,-4.2335067,0.043397966772317886,0.14100000262260437,0.3107999861240387
YMR296C,YOR340C,0,-4.2339435,0.0433846153318882,0.14100000262260437,0.3109000027179718
YNL121C,YNL299W,0,-4.234153,0.04337127134203911,0.14100000262260437,0.3109999895095825
YLR103C,YDR393W,0,-4.2359705,0.043357934802770615,0.14100000262260437,0.3111000061035156
YGL071W,YNL066W,0,-4.2361927,0.04334460571408272,0.14100000262260437,0.31119999289512634
YCR042C,YDR079C-A,1,-4.2365084,0.043638598173856735,0.1420000046491623,0.31119999289512634
YDL101C,YDR398W,0,-4.236582,0.04362519085407257,0.1420000046491623,0.31130000948905945
YGL030W,YBR172C,0,-4.2367945,0.0436117947101593,0.1420000046491623,0.31139999628067017
YAL017W,YGR211W,0,-4.2370243,0.04359840229153633,0.1420000046491623,0.31150001287460327
YGR200C,YLR068W,0,-4.237606,0.043585021048784256,0.1420000046491623,0.311599999666214
YGL205W,YNR032W,0,-4.23774,0.04357164725661278,0.1420000046491623,0.3116999864578247
YNL173C,YGL162W,0,-4.2378073,0.043558280915021896,0.1420000046491623,0.3118000030517578
YGL135W,YLR442C,0,-4.2386723,0.04354492574930191,0.1420000046491623,0.31189998984336853
YOL021C,YOL039W,0,-4.239171,0.04353157430887222,0.1420000046491623,0.31200000643730164
YBR233W-A,YKL046C,0,-4.239188,0.04351823404431343,0.1420000046491623,0.31209999322891235
YKL038W,YBR127C,0,-4.2394023,0.043504901230335236,0.1420000046491623,0.31220000982284546
YDR158W,YJL109C,0,-4.240297,0.04349157586693764,0.1420000046491623,0.3122999966144562
YNL041C,YLL024C,0,-4.240491,0.043478261679410934,0.1420000046491623,0.3124000132083893
YFL010W-A,YDR039C,0,-4.2405453,0.04346495121717453,0.1420000046491623,0.3125
YML126C,YOR267C,0,-4.2406244,0.04345165193080902,0.1420000046491623,0.3125999867916107
YNL008C,YAR033W,0,-4.240813,0.04343836009502411,0.1420000046491623,0.3127000033855438
YPL021W,YJL184W,0,-4.240988,0.043425075709819794,0.1420000046491623,0.31279999017715454
YIL038C,YPL092W,0,-4.2410297,0.043411802500486374,0.1420000046491623,0.31290000677108765
YPR073C,YIL053W,0,-4.2411366,0.04339853301644325,0.1420000046491623,0.31299999356269836
YDL149W,YMR067C,0,-4.241503,0.04338527470827103,0.1420000046491623,0.31310001015663147
YKL197C,YML028W,0,-4.2417793,0.0433720238506794,0.1420000046491623,0.3131999969482422
YOR237W,YOR301W,0,-4.2423687,0.043358780443668365,0.1420000046491623,0.3133000135421753
YDR447C,YPL176C,0,-4.242524,0.04334554448723793,0.1420000046491623,0.313400000333786
YBR272C,YBR250W,0,-4.2433267,0.04333231598138809,0.1420000046491623,0.31349998712539673
YLR056W,YOL129W,0,-4.2433567,0.04331909865140915,0.1420000046491623,0.31360000371932983
YER015W,YPR191W,0,-4.2445745,0.043305885046720505,0.1420000046491623,0.31369999051094055
YLR106C,YJL222W,0,-4.244906,0.043292682617902756,0.1420000046491623,0.31380000710487366
YCR091W,YBR280C,0,-4.24506,0.043279487639665604,0.1420000046491623,0.3138999938964844
YOR281C,YDR300C,0,-4.2450933,0.04326630011200905,0.1420000046491623,0.3140000104904175
YNL112W,YCR073C,0,-4.245263,0.04325312376022339,0.1420000046491623,0.3140999972820282
YJR137C,YDR481C,0,-4.2459006,0.04323995113372803,0.1420000046491623,0.3142000138759613
YMR250W,YOR137C,0,-4.246304,0.04322678968310356,0.1420000046491623,0.314300000667572
YJL071W,YIL052C,0,-4.2464433,0.043213631957769394,0.1420000046491623,0.31439998745918274
YML016C,YGR209C,0,-4.246676,0.04320048540830612,0.1420000046491623,0.31450000405311584
YER122C,YEL065W,0,-4.24669,0.04318734630942345,0.1420000046491623,0.31459999084472656
YJL076W,YML060W,0,-4.247425,0.04317421838641167,0.1420000046491623,0.31470000743865967
YKR026C,YHR098C,0,-4.2476254,0.043161094188690186,0.1420000046491623,0.3147999942302704
YLR214W,YPL232W,0,-4.2477784,0.0431479811668396,0.1420000046491623,0.3149000108242035
YBL032W,YFR001W,0,-4.2478085,0.04313487187027931,0.1420000046491623,0.3149999976158142
YFL025C,YDR414C,0,-4.248277,0.04312177374958992,0.1420000046491623,0.3151000142097473
YLL031C,YKL201C,0,-4.2482953,0.043108683079481125,0.1420000046491623,0.31520000100135803
YDR195W,YKL095W,0,-4.2483683,0.04309559985995293,0.1420000046491623,0.31529998779296875
YDR378C,YKL089W,0,-4.2483797,0.043082524091005325,0.1420000046491623,0.31540000438690186
YML114C,YER082C,0,-4.2485914,0.04306945577263832,0.1420000046491623,0.3154999911785126
YBL082C,YPR143W,0,-4.2488556,0.04305639863014221,0.1420000046491623,0.3156000077724457
YEL037C,YPL130W,0,-4.2490635,0.0430433452129364,0.1420000046491623,0.3156999945640564
YHR055C,YDL078C,0,-4.249383,0.043030302971601486,0.1420000046491623,0.3158000111579895
YLR201C,YHL006C,0,-4.2499366,0.04301726818084717,0.1420000046491623,0.3158999979496002
YPR054W,YBR117C,0,-4.249956,0.04300424084067345,0.1420000046491623,0.3160000145435333
YBR023C,YHR055C,0,-4.250661,0.04299122095108032,0.1420000046491623,0.31610000133514404
YHR062C,YDR429C,0,-4.250761,0.042978208512067795,0.1420000046491623,0.31619998812675476
YML116W,YLR313C,0,-4.2508187,0.042965203523635864,0.1420000046491623,0.31630000472068787
YHR036W,YOR254C,0,-4.2515736,0.04295220971107483,0.1420000046491623,0.3163999915122986
YBR091C,YHR099W,0,-4.2516346,0.04293921962380409,0.1420000046491623,0.3165000081062317
YBR133C,YKR057W,0,-4.251666,0.04292624071240425,0.1420000046491623,0.3165999948978424
YBR247C,YPL176C,0,-4.2516994,0.04291326552629471,0.1420000046491623,0.3167000114917755
YMR232W,YAR003W,0,-4.2518816,0.04290030151605606,0.1420000046491623,0.31679999828338623
YLR249W,YHR020W,0,-4.2519603,0.04288734495639801,0.1420000046491623,0.31690001487731934
YLR303W,YNL241C,0,-4.2521524,0.04287439584732056,0.1420000046491623,0.31700000166893005
YHR066W,YER005W,0,-4.2525554,0.0428614541888237,0.1420000046491623,0.31709998846054077
YLR382C,YML005W,0,-4.252558,0.04284851998090744,0.1420000046491623,0.3172000050544739
YNL008C,YGR099W,0,-4.252736,0.042835596948862076,0.1420000046491623,0.3172999918460846
YMR055C,YIL048W,0,-4.2530527,0.04282267764210701,0.1420000046491623,0.3174000084400177
YMR137C,YDR190C,0,-4.2546697,0.04280976951122284,0.1420000046491623,0.3174999952316284
YDR043C,YOL117W,0,-4.2549853,0.04279686510562897,0.1420000046491623,0.3176000118255615
YDR320C-A,YDR011W,0,-4.2550526,0.04278397187590599,0.1420000046491623,0.31769999861717224
YML008C,YGL244W,0,-4.255141,0.04277108609676361,0.1420000046491623,0.31779998540878296
YDR264C,YGR090W,0,-4.255534,0.04275820404291153,0.1420000046491623,0.31790000200271606
YCR020W-B,YDR045C,0,-4.255836,0.042745333164930344,0.1420000046491623,0.3179999887943268
YOL165C,YJL013C,0,-4.255876,0.042732469737529755,0.1420000046491623,0.3181000053882599
YMR068W,YIL131C,0,-4.2563114,0.04271961376070976,0.1420000046491623,0.3181999921798706
YPL043W,YGL048C,0,-4.2565975,0.04270676523447037,0.1420000046491623,0.3183000087738037
YHR169W,YOL149W,0,-4.257067,0.04269392788410187,0.1420000046491623,0.31839999556541443
YOR244W,YOR064C,0,-4.2573543,0.042681094259023666,0.1420000046491623,0.31850001215934753
YFL003C,YGR112W,0,-4.2577925,0.04266826808452606,0.1420000046491623,0.31859999895095825
YAL026C,YPR041W,0,-4.2578306,0.04265545308589935,0.1420000046491623,0.31869998574256897
YIR005W,YIR015W,0,-4.2578516,0.04264264181256294,0.1420000046491623,0.3188000023365021
YKL041W,YNL160W,0,-4.2585096,0.04262984171509743,0.1420000046491623,0.3188999891281128
YIL114C,YPR010C,0,-4.2588415,0.04261704534292221,0.1420000046491623,0.3190000057220459
YMR290C,YDR037W,0,-4.2597103,0.04260426014661789,0.1420000046491623,0.3190999925136566
YOR140W,YEL012W,0,-4.2598276,0.042591482400894165,0.1420000046491623,0.3192000091075897
YDL216C,YEL026W,0,-4.2598906,0.04257871210575104,0.1420000046491623,0.31929999589920044
YJL115W,YIR041W,0,-4.259912,0.04256594553589821,0.1420000046491623,0.31940001249313354
YOR005C,YER070W,0,-4.260092,0.042553190141916275,0.1420000046491623,0.31949999928474426
YLR153C,YIR012W,0,-4.260394,0.04254044219851494,0.1420000046491623,0.319599986076355
YOL067C,YAL001C,1,-4.2620077,0.042827192693948746,0.14300000667572021,0.319599986076355
YDR312W,YKR001C,0,-4.2625527,0.04281437024474144,0.14300000667572021,0.3197000026702881
YER171W,YGR274C,1,-4.2631307,0.04310086742043495,0.14399999380111694,0.3197000026702881
YBR298C,YLR316C,0,-4.2631707,0.04308797046542168,0.14399999380111694,0.3197999894618988
YLR175W,YPL210C,0,-4.263195,0.043075080960989,0.14399999380111694,0.3199000060558319
YGR113W,YDR293C,0,-4.263441,0.043062202632427216,0.14399999380111694,0.3199999928474426
YHR203C,YBR103W,0,-4.2636104,0.04304932802915573,0.14399999380111694,0.32010000944137573
YGL232W,YLR272C,0,-4.2637095,0.043036460876464844,0.14399999380111694,0.32019999623298645
YPL126W,YGL145W,0,-4.2647686,0.04302360489964485,0.14399999380111694,0.32030001282691956
YLR233C,YDR178W,0,-4.2648163,0.04301075264811516,0.14399999380111694,0.3203999996185303
YOL076W,YDR027C,0,-4.265029,0.04299791157245636,0.14399999380111694,0.320499986410141
YEL016C,YOL109W,0,-4.265274,0.04298507422208786,0.14399999380111694,0.3206000030040741
YOL086C,YPL095C,0,-4.265285,0.042972248047590256,0.14399999380111694,0.3206999897956848
YDR205W,YLR092W,0,-4.2653494,0.04295942559838295,0.14399999380111694,0.3208000063896179
YGL099W,YBR294W,0,-4.265395,0.04294661432504654,0.14399999380111694,0.32089999318122864
YMR092C,YML081C-A,0,-4.2660184,0.042933810502290726,0.14399999380111694,0.32100000977516174
YLR098C,YJR143C,0,-4.266025,0.04292101413011551,0.14399999380111694,0.32109999656677246
YBR207W,YHR090C,0,-4.2661552,0.04290822520852089,0.14399999380111694,0.32120001316070557
YCR035C,YBR169C,0,-4.2662077,0.042895443737506866,0.14399999380111694,0.3212999999523163
YDR069C,YDL130W,0,-4.2663603,0.04288266971707344,0.14399999380111694,0.321399986743927
YDR527W,YNL163C,0,-4.266437,0.04286990314722061,0.14399999380111694,0.3215000033378601
YER149C,YEL065W,0,-4.266864,0.04285714402794838,0.14399999380111694,0.3215999901294708
YBR186W,YLR181C,0,-4.2677646,0.042844392359256744,0.14399999380111694,0.32170000672340393
YDR317W,YKL073W,0,-4.267917,0.042831648141145706,0.14399999380111694,0.32179999351501465
YKL205W,YLR181C,0,-4.2679825,0.042818911373615265,0.14399999380111694,0.32190001010894775
YPL011C,YOR110W,1,-4.2684274,0.043103449046611786,0.14499999582767487,0.32190001010894775
YGR274C,YDR460W,1,-4.268909,0.04338781535625458,0.1459999978542328,0.32190001010894775
YJL210W,YPR007C,0,-4.269071,0.0433749258518219,0.1459999978542328,0.32199999690055847
YHR042W,YDL194W,0,-4.2691984,0.04336204379796982,0.1459999978542328,0.3221000134944916
YOR130C,YNL302C,0,-4.2692647,0.043349169194698334,0.1459999978542328,0.3222000002861023
YNL129W,YDL130W,0,-4.2693753,0.043336302042007446,0.1459999978542328,0.322299987077713
YMR138W,YER142C,0,-4.269538,0.043323442339897156,0.1459999978542328,0.3224000036716461
YGL163C,YPL274W,0,-4.270006,0.04331059008836746,0.1459999978542328,0.32249999046325684
YLR153C,YPL126W,0,-4.270741,0.043297745287418365,0.1459999978542328,0.32260000705718994
YKR009C,YPL269W,0,-4.27083,0.043284907937049866,0.1459999978542328,0.32269999384880066
YMR198W,YIL016W,0,-4.271059,0.04327208176255226,0.1459999978542328,0.32280001044273376
YDL069C,YKR086W,0,-4.271731,0.043259259313344955,0.1459999978542328,0.3228999972343445
YNL078W,YIL139C,0,-4.2723193,0.043246444314718246,0.1459999978542328,0.3230000138282776
YHR181W,YGR221C,0,-4.27301,0.04323364049196243,0.1459999978542328,0.3231000006198883
YGL181W,YOR217W,0,-4.273455,0.04322084039449692,0.1459999978542328,0.323199987411499
YDR343C,YNL293W,0,-4.273534,0.0432080514729023,0.1459999978542328,0.32330000400543213
YJL110C,YDR492W,0,-4.274227,0.04319526627659798,0.1459999978542328,0.32339999079704285
YER142C,YLR167W,0,-4.2746487,0.04318248853087425,0.1459999978542328,0.32350000739097595
YLR214W,YOL144W,0,-4.274728,0.04316972196102142,0.1459999978542328,0.32359999418258667
YBR043C,YML043C,0,-4.2752056,0.04315696284174919,0.1459999978542328,0.3237000107765198
YNL166C,YPL209C,0,-4.2756057,0.04314420744776726,0.1459999978542328,0.3237999975681305
YLR383W,YGR046W,0,-4.2764034,0.04313146322965622,0.1459999978542328,0.3239000141620636
YPL271W,YER070W,0,-4.2766576,0.04311872273683548,0.1459999978542328,0.3240000009536743
YOL144W,YLR034C,0,-4.2771654,0.043105993419885635,0.1459999978542328,0.32409998774528503
YOR304W,YDR087C,0,-4.2773533,0.04309327155351639,0.1459999978542328,0.32420000433921814
YNL126W,YML005W,0,-4.277958,0.04308055341243744,0.1459999978542328,0.32429999113082886
YLR007W,YBR240C,0,-4.2779922,0.043067846447229385,0.1459999978542328,0.32440000772476196
YBL084C,YDL154W,0,-4.2780843,0.04305514693260193,0.1459999978542328,0.3244999945163727
YDR376W,YFR030W,0,-4.278164,0.04304245114326477,0.1459999978542328,0.3246000111103058
YGR257C,YGL030W,0,-4.2783356,0.04302976652979851,0.1459999978542328,0.3246999979019165
YDL074C,YMR143W,0,-4.278354,0.04301708936691284,0.1459999978542328,0.3248000144958496
YHR039C,YHR170W,0,-4.2784224,0.04300441965460777,0.1459999978542328,0.3249000012874603
YNL314W,YGL207W,1,-4.2789087,0.043286219239234924,0.1469999998807907,0.3249000012874603
YGR113W,YBR098W,0,-4.279063,0.043273475021123886,0.1469999998807907,0.32499998807907104
YPR018W,YAL009W,0,-4.2792387,0.04326074197888374,0.1469999998807907,0.32510000467300415
YMR080C,YGL171W,0,-4.279435,0.0432480126619339,0.1469999998807907,0.32519999146461487
YNL014W,YKR072C,0,-4.2801833,0.04323529452085495,0.1469999998807907,0.325300008058548
YEL016C,YKR086W,0,-4.2802486,0.0432225801050663,0.1469999998807907,0.3253999948501587
YBR276C,YER118C,0,-4.280362,0.043209876865148544,0.1469999998807907,0.3255000114440918
YPR188C,YPL211W,0,-4.281135,0.04319717735052109,0.1469999998807907,0.3255999982357025
YIL009C-A,YOR081C,0,-4.281145,0.043184489011764526,0.1469999998807907,0.3257000148296356
YNL314W,YMR227C,1,-4.2817974,0.04346549138426781,0.14800000190734863,0.3257000148296356
YGR246C,YDR311W,1,-4.281875,0.043746329843997955,0.14900000393390656,0.3257000148296356
YOR313C,YML114C,0,-4.2819047,0.04373348876833916,0.14900000393390656,0.32580000162124634
YJR094C,YCL069W,0,-4.283864,0.043720658868551254,0.14900000393390656,0.32589998841285706
YGR258C,YDR164C,0,-4.28389,0.04370783269405365,0.14900000393390656,0.32600000500679016
YML031W,YLR197W,0,-4.284843,0.04369501397013664,0.14900000393390656,0.3260999917984009
YER028C,YGL112C,1,-4.28489,0.04397537559270859,0.15000000596046448,0.3260999917984009
YOR180C,YHR102W,0,-4.284913,0.04396248608827591,0.15000000596046448,0.326200008392334
YHR193C,YER024W,0,-4.284994,0.04394960403442383,0.15000000596046448,0.3262999951839447
YLR056W,YDR098C,0,-4.285005,0.043936729431152344,0.15000000596046448,0.3264000117778778
YCR014C,YPL235W,0,-4.285062,0.043923866003751755,0.15000000596046448,0.3264999985694885
YDR270W,YMR272C,0,-4.2851057,0.043911006301641464,0.15000000596046448,0.32659998536109924
YOR335C,YNL332W,0,-4.285386,0.04389815777540207,0.15000000596046448,0.32670000195503235
YLR286C,YCL001W,0,-4.2854166,0.04388531297445297,0.15000000596046448,0.32679998874664307
YDL198C,YBL024W,0,-4.285683,0.04387247562408447,0.15000000596046448,0.32690000534057617
YGR246C,YDR362C,1,-4.2859254,0.044152047485113144,0.1509999930858612,0.32690000534057617
YKR001C,YML041C,0,-4.286065,0.04413913935422897,0.1509999930858612,0.3269999921321869
YDR299W,YMR173W,0,-4.286278,0.0441262423992157,0.1509999930858612,0.32710000872612
YDR465C,YGR002C,0,-4.2865324,0.04411334916949272,0.1509999930858612,0.3271999955177307
YOL086C,YNR067C,0,-4.286553,0.04410046711564064,0.1509999930858612,0.3273000121116638
YLR081W,YGR171C,0,-4.2865663,0.044087592512369156,0.1509999930858612,0.32739999890327454
YOR153W,YMR096W,0,-4.286624,0.04407472163438797,0.1509999930858612,0.32749998569488525
YDL108W,YCR042C,1,-4.286741,0.0443536639213562,0.15199999511241913,0.32749998569488525
YBR021W,YIL150C,0,-4.286787,0.044340722262859344,0.15199999511241913,0.32760000228881836
YDR384C,YMR305C,0,-4.286898,0.04432779178023338,0.15199999511241913,0.3276999890804291
YOL008W,YGL011C,0,-4.2872133,0.04431486874818802,0.15199999511241913,0.3278000056743622
YDR146C,YNL197C,0,-4.287371,0.04430195316672325,0.15199999511241913,0.3278999924659729
YGL037C,YDR324C,0,-4.287592,0.04428904503583908,0.15199999511241913,0.328000009059906
YHR005C,YPL097W,0,-4.28844,0.04427614435553551,0.15199999511241913,0.3280999958515167
YPL076W,YDR329C,0,-4.2885017,0.04426325112581253,0.15199999511241913,0.32820001244544983
YPL051W,YIL167W,0,-4.2886014,0.04425036534667015,0.15199999511241913,0.32829999923706055
YBR280C,YJL080C,0,-4.288848,0.04423748701810837,0.15199999511241913,0.32839998602867126
YGL071W,YDL213C,0,-4.2894163,0.04422461614012718,0.15199999511241913,0.32850000262260437
YFR014C,YJR042W,0,-4.289422,0.04421175271272659,0.15199999511241913,0.3285999894142151
YGL124C,YIL038C,0,-4.289603,0.0441988967359066,0.15199999511241913,0.3287000060081482
YOR147W,YBL039C,0,-4.290073,0.044186048209667206,0.15199999511241913,0.3287999927997589
YBL056W,YBR117C,0,-4.290282,0.04417320713400841,0.15199999511241913,0.328900009393692
YMR095C,YBL034C,0,-4.2905955,0.044160373508930206,0.15199999511241913,0.32899999618530273
YKL011C,YMR299C,0,-4.290985,0.0441475473344326,0.15199999511241913,0.32910001277923584
YCR027C,YMR229C,0,-4.2912474,0.044134728610515594,0.15199999511241913,0.32919999957084656
YBR170C,YDR465C,0,-4.291704,0.044121917337179184,0.15199999511241913,0.3292999863624573
YER171W,YDR145W,1,-4.2919106,0.04439930245280266,0.15299999713897705,0.3292999863624573
YDR488C,YDR363W-A,0,-4.2919846,0.044386424124240875,0.15299999713897705,0.3294000029563904
YPL181W,YEL022W,0,-4.2921047,0.04437354952096939,0.15299999713897705,0.3294999897480011
YDR221W,YIL167W,0,-4.292197,0.0443606860935688,0.15299999713897705,0.3296000063419342
YBR233W-A,YPL091W,0,-4.292386,0.04434782639145851,0.15299999713897705,0.3296999931335449
YPL187W,YIL120W,0,-4.29276,0.04433497413992882,0.15299999713897705,0.329800009727478
YHL019C,YKL179C,0,-4.292776,0.04432213306427002,0.15299999713897705,0.32989999651908875
YFR030W,YNR013C,0,-4.292798,0.04430929571390152,0.15299999713897705,0.33000001311302185
YJR084W,YGL192W,0,-4.2928057,0.044296469539403915,0.15299999713897705,0.33009999990463257
YPL202C,YPL177C,1,-4.2928343,0.04457308351993561,0.15399999916553497,0.33009999990463257
YLR154C,YDR416W,0,-4.2938185,0.04456018656492233,0.15399999916553497,0.3301999866962433
YAL003W,YDR060W,0,-4.2951946,0.044547297060489655,0.15399999916553497,0.3303000032901764
YNL112W,YBR218C,0,-4.295209,0.044534411281347275,0.15399999916553497,0.3303999900817871
YAL012W,YJL076W,0,-4.2953954,0.04452153667807579,0.15399999916553497,0.3305000066757202
YDR481C,YOL080C,0,-4.2956586,0.0445086695253849,0.15399999916553497,0.33059999346733093
YPR073C,YHR090C,0,-4.2956953,0.04449580982327461,0.15399999916553497,0.33070001006126404
YER145C,YMR076C,0,-4.2957735,0.04448295757174492,0.15399999916553497,0.33079999685287476
YML102W,YGR036C,0,-4.295806,0.04447011277079582,0.15399999916553497,0.33090001344680786
YDL022W,YEL065W,0,-4.29582,0.04445727542042732,0.15399999916553497,0.3310000002384186
YHR098C,YAL011W,0,-4.2958965,0.04444444552063942,0.15399999916553497,0.3310999870300293
YBR158W,YLR314C,0,-4.296076,0.044431623071432114,0.15399999916553497,0.3312000036239624
YJL214W,YKL214C,0,-4.2962313,0.044418804347515106,0.15399999916553497,0.3312999904155731
YCR012W,YGR281W,0,-4.2963266,0.044405996799468994,0.15399999916553497,0.3314000070095062
YNL101W,YMR096W,0,-4.296365,0.04439319670200348,0.15399999916553497,0.33149999380111694
YJR158W,YLR254C,0,-4.296894,0.04438040405511856,0.15399999916553497,0.33160001039505005
YGL012W,YGL178W,0,-4.29696,0.04436761885881424,0.15399999916553497,0.33169999718666077
YNL039W,YNL257C,1,-4.2969646,0.0446428582072258,0.1550000011920929,0.33169999718666077
YDR212W,YOR083W,0,-4.2971425,0.04463000223040581,0.1550000011920929,0.33180001378059387
YKR022C,YDL083C,0,-4.2976995,0.04461715742945671,0.1550000011920929,0.3319000005722046
YNL216W,YBR293W,0,-4.298187,0.04460431635379791,0.1550000011920929,0.3319999873638153
YOR074C,YIR041W,0,-4.298328,0.04459148272871971,0.1550000011920929,0.3321000039577484
YMR015C,YHR088W,0,-4.2992334,0.044578660279512405,0.1550000011920929,0.33219999074935913
YCL044C,YOR159C,0,-4.299287,0.0445658415555954,0.1550000011920929,0.33230000734329224
YNL230C,YKL205W,0,-4.2993555,0.044553034007549286,0.1550000011920929,0.33239999413490295
YLR284C,YAR002C-A,0,-4.2993817,0.04454023018479347,0.1550000011920929,0.33250001072883606
YDR219C,YJL210W,0,-4.299527,0.044527433812618256,0.1550000011920929,0.3325999975204468
YGR275W,YKL081W,0,-4.299621,0.044514648616313934,0.1550000011920929,0.3327000141143799
YIL009C-A,YPL121C,0,-4.299965,0.04450186714529991,0.1550000011920929,0.3328000009059906
YJL157C,YPL164C,0,-4.300136,0.044489093124866486,0.1550000011920929,0.3328999876976013
YER120W,YJL141C,0,-4.3001943,0.04447632655501366,0.1550000011920929,0.3330000042915344
YOR208W,YDR409W,0,-4.300382,0.044463567435741425,0.1550000011920929,0.33309999108314514
YJR094C,YOR076C,0,-4.300688,0.04445081576704979,0.1550000011920929,0.33320000767707825
YOR180C,YKL040C,0,-4.300836,0.04443807154893875,0.1550000011920929,0.33329999446868896
YJR022W,YDR160W,0,-4.3010445,0.04442533850669861,0.1550000011920929,0.33340001106262207
YKR002W,YGL014W,0,-4.301194,0.044412609189748764,0.1550000011920929,0.3334999978542328
YNL066W,YHR039C-A,0,-4.3012743,0.04439988359808922,0.1550000011920929,0.3336000144481659
YPL121C,YNR048W,0,-4.3014493,0.04438716918230057,0.1550000011920929,0.3337000012397766
YDL154W,YDL212W,0,-4.3019505,0.044374462217092514,0.1550000011920929,0.33379998803138733
YGL174W,YLL026W,0,-4.3020935,0.04436176270246506,0.1550000011920929,0.33390000462532043
YPL021W,YIL042C,0,-4.3031607,0.0443490706384182,0.1550000011920929,0.33399999141693115
YOL066C,YDL077C,0,-4.303916,0.044336386024951935,0.1550000011920929,0.33410000801086426
YFR021W,YDR143C,0,-4.3039775,0.04432370513677597,0.1550000011920929,0.334199994802475
YJL112W,YOR212W,0,-4.304439,0.0443110354244709,0.1550000011920929,0.3343000113964081
YLR088W,YOL040C,0,-4.3046646,0.04429836943745613,0.1550000011920929,0.3343999981880188
YKR039W,YER051W,0,-4.3052793,0.044285714626312256,0.1550000011920929,0.3345000147819519
YGR224W,YNL007C,0,-4.3059306,0.04427306354045868,0.1550000011920929,0.3346000015735626
YKL201C,YMR006C,0,-4.305975,0.044260423630476,0.1550000011920929,0.33469998836517334
YPR034W,YDR325W,0,-4.3060594,0.044247787445783615,0.1550000011920929,0.33480000495910645
YGR029W,YDL081C,0,-4.3069077,0.04423515871167183,0.1550000011920929,0.33489999175071716
YKL114C,YOR182C,0,-4.3070464,0.04422253742814064,0.1550000011920929,0.33500000834465027
YMR052W,YGL048C,0,-4.3075933,0.04420992732048035,0.1550000011920929,0.335099995136261
YOR113W,YOR027W,0,-4.307616,0.04419732093811035,0.1550000011920929,0.3352000117301941
YOL104C,YNL332W,0,-4.308571,0.04418472200632095,0.1550000011920929,0.3352999985218048
YMR238W,YMR101C,0,-4.3086414,0.04417213052511215,0.1550000011920929,0.3353999853134155
YDL100C,YKL173W,0,-4.308868,0.04415954276919365,0.1550000011920929,0.33550000190734863
YCR044C,YKR059W,0,-4.3093543,0.04414696618914604,0.1550000011920929,0.33559998869895935
YPR186C,YGR186W,1,-4.309659,0.04441913589835167,0.15600000321865082,0.33559998869895935
YDR151C,YGR175C,0,-4.309923,0.04440648853778839,0.15600000321865082,0.33570000529289246
YDL028C,YCR077C,0,-4.310135,0.04439385235309601,0.15600000321865082,0.3357999920845032
YPL061W,YMR167W,0,-4.310294,0.04438122361898422,0.15600000321865082,0.3359000086784363
YJR001W,YJL056C,0,-4.310929,0.04436860233545303,0.15600000321865082,0.335999995470047
YDR138W,YMR204C,0,-4.311053,0.04435598477721214,0.15600000321865082,0.3361000120639801
YOR261C,YPL163C,0,-4.31133,0.04434337839484215,0.15600000321865082,0.3361999988555908
YJL145W,YOR290C,0,-4.311704,0.04433077573776245,0.15600000321865082,0.33629998564720154
YLL022C,YPR121W,0,-4.3117332,0.04431818053126335,0.15600000321865082,0.33640000224113464
YGL032C,YLR196W,0,-4.311756,0.04430559650063515,0.15600000321865082,0.33649998903274536
YIR002C,YAL011W,0,-4.311824,0.04429301619529724,0.15600000321865082,0.33660000562667847
YHR061C,YLR438C-A,0,-4.3121166,0.04428044334053993,0.15600000321865082,0.3366999924182892
YMR235C,YKL014C,0,-4.3122654,0.04426787793636322,0.15600000321865082,0.3368000090122223
YMR192W,YHL036W,0,-4.312393,0.044255319982767105,0.15600000321865082,0.336899995803833
YGR264C,YBR228W,0,-4.312422,0.04424276947975159,0.15600000321865082,0.3370000123977661
YER044C-A,YOL033W,0,-4.312461,0.04423022270202637,0.15600000321865082,0.33709999918937683
YGR155W,YCL040W,0,-4.312528,0.04421768710017204,0.15600000321865082,0.33719998598098755
YPR201W,YNL004W,0,-4.3125634,0.044205158948898315,0.15600000321865082,0.33730000257492065
YLR154C,YER111C,0,-4.3134074,0.044192634522914886,0.15600000321865082,0.33739998936653137
YLR242C,YGL162W,0,-4.313607,0.044180117547512054,0.15600000321865082,0.3375000059604645
YBL032W,YBR088C,0,-4.3138313,0.04416761174798012,0.15600000321865082,0.3375999927520752
YOR126C,YPL212C,0,-4.3144474,0.04415510967373848,0.15600000321865082,0.3377000093460083
YGR224W,YLR265C,0,-4.314619,0.04414261505007744,0.15600000321865082,0.337799996137619
YAL026C,YHR152W,0,-4.315025,0.044130127876996994,0.15600000321865082,0.3379000127315521
YMR285C,YKR097W,0,-4.315176,0.04411764815449715,0.15600000321865082,0.33799999952316284
YOL067C,YLR005W,1,-4.3153114,0.044387899339199066,0.15700000524520874,0.33799999952316284
YBR023C,YPL021W,0,-4.315395,0.044375352561473846,0.15700000524520874,0.33809998631477356
YHR143W,YPL153C,0,-4.31543,0.044362813234329224,0.15700000524520874,0.33820000290870667
YBR201W,YGL246C,0,-4.31544,0.0443502813577652,0.15700000524520874,0.3382999897003174
YDR459C,YBR126C,0,-4.3156915,0.04433775693178177,0.15700000524520874,0.3384000062942505
YBR020W,YNL149C,0,-4.315896,0.04432523995637894,0.15700000524520874,0.3384999930858612
YIL132C,YBL106C,0,-4.3162184,0.0443127304315567,0.15700000524520874,0.3386000096797943
YGR028W,YIL129C,0,-4.316252,0.044300224632024765,0.15700000524520874,0.33869999647140503
YPR186C,YJL011C,1,-4.3166847,0.04456981644034386,0.15800000727176666,0.33869999647140503
YER006W,YJL176C,0,-4.3166914,0.044557247310876846,0.15800000727176666,0.33880001306533813
YDR302W,YKL012W,0,-4.3177547,0.04454468563199043,0.15800000727176666,0.33889999985694885
YNL259C,YBR274W,0,-4.317927,0.044532131403684616,0.15800000727176666,0.33899998664855957
YDR151C,YEL054C,0,-4.3179307,0.044519584625959396,0.15800000727176666,0.3391000032424927
YDR299W,YBR293W,0,-4.317951,0.044507041573524475,0.15800000727176666,0.3391999900341034
YOL067C,YGR186W,1,-4.318207,0.04477611929178238,0.1589999943971634,0.3391999900341034
YBR109C,YBR084W,0,-4.3189096,0.044763512909412384,0.1589999943971634,0.3393000066280365
YNL233W,YCR012W,0,-4.3189754,0.044750913977622986,0.1589999943971634,0.3393999934196472
YMR052W,YDL181W,0,-4.3190546,0.044738322496414185,0.1589999943971634,0.3395000100135803
YKL185W,YDR483W,0,-4.3193326,0.04472573846578598,0.1589999943971634,0.33959999680519104
YDL166C,YJR009C,0,-4.3194246,0.04471316188573837,0.1589999943971634,0.33970001339912415
YLR390W-A,YPL212C,0,-4.3199143,0.044700589030981064,0.1589999943971634,0.33980000019073486
YNL298W,YJL145W,0,-4.3205037,0.04468802735209465,0.1589999943971634,0.3398999869823456
YPL164C,YDL081C,0,-4.3205056,0.044675469398498535,0.1589999943971634,0.3400000035762787
YPR190C,YOL148C,0,-4.3208323,0.044662922620773315,0.1589999943971634,0.3400999903678894
YDR511W,YLR197W,0,-4.321313,0.044650379568338394,0.1589999943971634,0.3402000069618225
YNR002C,YJL187C,0,-4.321632,0.04463784396648407,0.1589999943971634,0.3402999937534332
YPL093W,YAL009W,0,-4.321679,0.04462531581521034,0.1589999943971634,0.34040001034736633
YPL146C,YDR447C,0,-4.3218145,0.04461279511451721,0.1589999943971634,0.34049999713897705
YGR191W,YEL004W,0,-4.322902,0.04460028186440468,0.1589999943971634,0.34060001373291016
YGR091W,YDL229W,0,-4.322984,0.04458777233958244,0.1589999943971634,0.3407000005245209
YGL033W,YBL046W,0,-4.3233547,0.044575273990631104,0.1589999943971634,0.3407999873161316
YPR025C,YER171W,1,-4.324235,0.044843047857284546,0.1599999964237213,0.3407999873161316
YNL041C,YGL158W,0,-4.3248534,0.04483048617839813,0.1599999964237213,0.3409000039100647
YJL080C,YGR129W,0,-4.3255043,0.04481792822480202,0.1599999964237213,0.3409999907016754
YEL036C,YMR060C,0,-4.3255954,0.0448053777217865,0.1599999964237213,0.3411000072956085
YKL092C,YOL149W,0,-4.3266854,0.04479283466935158,0.1599999964237213,0.34119999408721924
YBR142W,YMR201C,0,-4.3270397,0.044780295342206955,0.1599999964237213,0.34130001068115234
YGR010W,YDR451C,0,-4.327384,0.04476776719093323,0.1599999964237213,0.34139999747276306
YOL080C,YDR025W,0,-4.32773,0.0447552464902401,0.1599999964237213,0.34150001406669617
YOR201C,YGL030W,0,-4.3280225,0.044742729514837265,0.1599999964237213,0.3416000008583069
YNL014W,YOL064C,0,-4.328262,0.04473021999001503,0.1599999964237213,0.3416999876499176
YNL078W,YLR354C,0,-4.3283377,0.04471771791577339,0.1599999964237213,0.3418000042438507
YNL151C,YML093W,0,-4.328371,0.04470522329211235,0.1599999964237213,0.3418999910354614
YJR053W,YNR046W,0,-4.3283734,0.044692736119031906,0.1599999964237213,0.34200000762939453
YLR175W,YHR111W,0,-4.328943,0.04468025639653206,0.1599999964237213,0.34209999442100525
YGL151W,YNL326C,0,-4.32938,0.04466778412461281,0.1599999964237213,0.34220001101493835
YGL207W,YDR079C-A,1,-4.329395,0.04493441432714462,0.16099999845027924,0.34220001101493835
YOL165C,YIL013C,0,-4.3299065,0.044921875,0.16099999845027924,0.3422999978065491
YOR067C,YGL175C,0,-4.330113,0.044909343123435974,0.16099999845027924,0.3424000144004822
YMR319C,YOR156C,0,-4.330223,0.044896822422742844,0.16099999845027924,0.3425000011920929
YPL026C,YGR094W,0,-4.3316708,0.04488430544734001,0.16099999845027924,0.3425999879837036
YBL015W,YML088W,0,-4.3328934,0.044871795922517776,0.16099999845027924,0.3427000045776367
YHR176W,YLR265C,0,-4.3333244,0.04485929384827614,0.16099999845027924,0.34279999136924744
YBR280C,YNL253W,0,-4.333593,0.0448467954993248,0.16099999845027924,0.34290000796318054
YHR176W,YGR009C,0,-4.3337946,0.044834308326244354,0.16099999845027924,0.34299999475479126
YBR199W,YOR308C,0,-4.3342247,0.04482182487845421,0.16099999845027924,0.34310001134872437
YGL243W,YJL059W,0,-4.3344555,0.04480935260653496,0.16099999845027924,0.3431999981403351
YGL181W,YMR322C,0,-4.3344817,0.044796884059906006,0.16099999845027924,0.3433000147342682
YOR299W,YDR398W,0,-4.334682,0.04478442296385765,0.16099999845027924,0.3434000015258789
YNL053W,YPL190C,0,-4.334711,0.04477196931838989,0.16099999845027924,0.3434999883174896
YMR290C,YOR182C,0,-4.334902,0.04475952312350273,0.16099999845027924,0.34360000491142273
YOR048C,YJL173C,0,-4.3354025,0.04474708065390587,0.16099999845027924,0.34369999170303345
YGR225W,YGR123C,0,-4.335539,0.0447346493601799,0.16099999845027924,0.34380000829696655
YJR140C,YBR118W,0,-4.3357224,0.04472222179174423,0.16099999845027924,0.34389999508857727
YBR017C,YGL124C,0,-4.3357677,0.04470980167388916,0.16099999845027924,0.3440000116825104
YLR390W-A,YNL110C,0,-4.3362207,0.044697389006614685,0.16099999845027924,0.3440999984741211
YDL161W,YIL121W,0,-4.3372927,0.04468498378992081,0.16099999845027924,0.3441999852657318
YER117W,YER018C,0,-4.337321,0.044672586023807526,0.16099999845027924,0.3443000018596649
YGL153W,YHR062C,0,-4.3373404,0.04466019570827484,0.16099999845027924,0.34439998865127563
YEL060C,YMR127C,0,-4.337494,0.044647809118032455,0.16099999845027924,0.34450000524520874
YGR286C,YDR004W,0,-4.33757,0.044635429978370667,0.16099999845027924,0.34459999203681946
YHR053C,YBR020W,0,-4.3375797,0.044623058289289474,0.16099999845027924,0.34470000863075256
YDR184C,YOL059W,0,-4.338236,0.04461069405078888,0.16099999845027924,0.3447999954223633
YER036C,YLR129W,0,-4.338269,0.04459833726286888,0.16099999845027924,0.3449000120162964
YFR001W,YOR334W,0,-4.339149,0.04458598792552948,0.16099999845027924,0.3449999988079071
YHR001W-A,YFL026W,0,-4.3399076,0.04457364231348038,0.16099999845027924,0.3450999855995178
YOR130C,YOL115W,0,-4.339993,0.04456130787730217,0.16099999845027924,0.3452000021934509
YML012W,YMR059W,0,-4.340081,0.04454897716641426,0.16099999845027924,0.34529998898506165
YHR108W,YMR284W,0,-4.340514,0.04453665390610695,0.16099999845027924,0.34540000557899475
YGR218W,YLR363C,0,-4.3407784,0.044524338096380234,0.16099999845027924,0.34549999237060547
YOL059W,YPL002C,0,-4.340955,0.04451202601194382,0.16099999845027924,0.3456000089645386
YGL133W,YLR136C,0,-4.34098,0.044499725103378296,0.16099999845027924,0.3456999957561493
YKR039W,YBL093C,0,-4.3415375,0.04448742792010307,0.16099999845027924,0.3458000123500824
YMR250W,YJR158W,0,-4.3418856,0.04447513818740845,0.16099999845027924,0.3458999991416931
YDR004W,YOR148C,0,-4.3421836,0.04446285590529442,0.16099999845027924,0.34599998593330383
YOR288C,YOR224C,0,-4.3424253,0.044450581073760986,0.16099999845027924,0.34610000252723694
YNR030W,YJL157C,0,-4.3425474,0.04443830996751785,0.16099999845027924,0.34619998931884766
YMR255W,YDR087C,0,-4.343398,0.044426050037145615,0.16099999845027924,0.34630000591278076
YLR133W,YGL243W,0,-4.3434606,0.044413793832063675,0.16099999845027924,0.3463999927043915
YOR180C,YDR527W,0,-4.3435354,0.04440154507756233,0.16099999845027924,0.3465000092983246
YPL258C,YGR296W,0,-4.3447194,0.044389303773641586,0.16099999845027924,0.3465999960899353
YNL173C,YPL174C,0,-4.345244,0.04437706619501114,0.16099999845027924,0.3467000126838684
YGL032C,YJL207C,0,-4.3454084,0.04436483979225159,0.16099999845027924,0.3467999994754791
YFL003C,YLR222C,0,-4.3454194,0.04435261711478233,0.16099999845027924,0.34689998626708984
YBR121C,YOR143C,0,-4.346066,0.04434040188789368,0.16099999845027924,0.34700000286102295
YDL017W,YKR097W,0,-4.3466616,0.04432819411158562,0.16099999845027924,0.34709998965263367
YGR166W,YER147C,0,-4.3470387,0.044315993785858154,0.16099999845027924,0.3472000062465668
YGR128C,YPL206C,0,-4.3470836,0.04430379718542099,0.16099999845027924,0.3472999930381775
YOR156C,YOR056C,0,-4.3482246,0.04429160803556442,0.16099999845027924,0.3474000096321106
YER073W,YMR075W,0,-4.34832,0.04427942633628845,0.16099999845027924,0.3474999964237213
YGR040W,YGR144W,0,-4.3486423,0.04426725208759308,0.16099999845027924,0.3476000130176544
YMR280C,YJR055W,0,-4.3490615,0.0442550852894783,0.16099999845027924,0.34769999980926514
YLR429W,YMR218C,0,-4.349202,0.044242922216653824,0.16099999845027924,0.34779998660087585
YER032W,YNL282W,0,-4.349457,0.04423077031970024,0.16099999845027924,0.34790000319480896
YCR038C,YDR382W,0,-4.3494997,0.04421862214803696,0.16099999845027924,0.3479999899864197
YHR085W,YBR231C,0,-4.349568,0.04420648142695427,0.16099999845027924,0.3481000065803528
YMR204C,YPL047W,0,-4.3495836,0.04419434443116188,0.16099999845027924,0.3481999933719635
YMR075W,YOL080C,0,-4.3498073,0.04418221861124039,0.16099999845027924,0.3483000099658966
YML091C,YJL056C,0,-4.3498793,0.04417009651660919,0.16099999845027924,0.3483999967575073
YOR018W,YPR198W,0,-4.3499727,0.044157981872558594,0.16099999845027924,0.34850001335144043
YHR060W,YJL056C,0,-4.3502274,0.04414587467908859,0.16099999845027924,0.34860000014305115
YPR081C,YBL039C,0,-4.3502617,0.04413377121090889,0.16099999845027924,0.34869998693466187
YGL099W,YBR092C,0,-4.35034,0.04412167891860008,0.16099999845027924,0.34880000352859497
YPR068C,YGL045W,0,-4.350726,0.044109590351581573,0.16099999845027924,0.3488999903202057
YPL137C,YPL098C,0,-4.3509607,0.04409750923514366,0.16099999845027924,0.3490000069141388
YBR218C,YOR340C,0,-4.3512554,0.04408543184399605,0.16099999845027924,0.3490999937057495
YBR244W,YOL090W,0,-4.35128,0.04407336562871933,0.16099999845027924,0.3492000102996826
YOL069W,YDR192C,0,-4.3515096,0.04406130313873291,0.16099999845027924,0.34929999709129333
YBL103C,YDR079C-A,1,-4.3517237,0.044322844594717026,0.16200000047683716,0.34929999709129333
YDL174C,YLR442C,0,-4.351969,0.04431072250008583,0.16200000047683716,0.34940001368522644
YDR411C,YKR067W,0,-4.352647,0.044298604130744934,0.16200000047683716,0.34950000047683716
YDR382W,YDR470C,0,-4.3526497,0.04428649693727493,0.16200000047683716,0.3495999872684479
YEL066W,YGL153W,0,-4.352868,0.04427439346909523,0.16200000047683716,0.349700003862381
YPL115C,YBR135W,0,-4.3534107,0.044262293726205826,0.16200000047683716,0.3497999906539917
YER142C,YKR089C,0,-4.3545737,0.04425020515918732,0.16200000047683716,0.3499000072479248
YCR042C,YMR227C,1,-4.3546443,0.04451119527220726,0.16300000250339508,0.3499000072479248
YOR005C,YHR005C,0,-4.354699,0.04449904337525368,0.16300000250339508,0.3499999940395355
YNR003C,YHR206W,0,-4.3547487,0.04448689892888069,0.16300000250339508,0.35010001063346863
YDR256C,YPR198W,0,-4.3549113,0.0444747619330883,0.16300000250339508,0.35019999742507935
YMR309C,YDL036C,0,-4.355112,0.04446262866258621,0.16300000250339508,0.35030001401901245
YER038C,YLR354C,0,-4.3554564,0.04445050284266472,0.16300000250339508,0.35040000081062317
YBR132C,YPL152W,0,-4.355547,0.04443838447332382,0.16300000250339508,0.3504999876022339
YER053C,YER022W,0,-4.355644,0.04442627355456352,0.16300000250339508,0.350600004196167
YHR011W,YOR221C,0,-4.3557534,0.04441417008638382,0.16300000250339508,0.3506999909877777
YDR236C,YOR027W,0,-4.3557816,0.044402070343494415,0.16300000250339508,0.3508000075817108
YHL006C,YCR033W,0,-4.355814,0.04438997805118561,0.16300000250339508,0.35089999437332153
YIL007C,YIR012W,0,-4.3559933,0.0443778932094574,0.16300000250339508,0.35100001096725464
YKL074C,YLR086W,0,-4.3564587,0.044365812093019485,0.16300000250339508,0.35109999775886536
YGL143C,YDL081C,0,-4.356464,0.04435374215245247,0.16300000250339508,0.35120001435279846
YPR094W,YLR079W,0,-4.3568816,0.04434167593717575,0.16300000250339508,0.3513000011444092
YPL212C,YPR007C,0,-4.356925,0.04432961717247963,0.16300000250339508,0.3513999879360199
YDL069C,YBL017C,0,-4.356942,0.04431756213307381,0.16300000250339508,0.351500004529953
YCR020C-A,YPR121W,0,-4.357213,0.04430551826953888,0.16300000250339508,0.3515999913215637
YDR503C,YKR086W,0,-4.357235,0.04429347813129425,0.16300000250339508,0.3517000079154968
YJL184W,YJL207C,0,-4.3575706,0.04428144544363022,0.16300000250339508,0.35179999470710754
YOL095C,YDR045C,0,-4.3577123,0.04426942020654678,0.16300000250339508,0.35190001130104065
YNL078W,YHR041C,0,-4.357972,0.04425739869475365,0.16300000250339508,0.35199999809265137
YLR377C,YOR327C,0,-4.35802,0.04424538463354111,0.16300000250339508,0.3521000146865845
YPL211W,YJR143C,0,-4.3582225,0.044233378022909164,0.16300000250339508,0.3522000014781952
YNL280C,YBR297W,0,-4.3583164,0.04422137886285782,0.16300000250339508,0.3522999882698059
YPL202C,YPL011C,1,-4.358973,0.04448060691356659,0.164000004529953,0.3522999882698059
YDR039C,YHR075C,0,-4.3600845,0.04446854814887047,0.164000004529953,0.352400004863739
YGR157W,YEL022W,0,-4.360668,0.044456493109464645,0.164000004529953,0.35249999165534973
YGR171C,YHR048W,0,-4.360807,0.04444444552063942,0.164000004529953,0.35260000824928284
YIL046W,YGR014W,0,-4.3612285,0.04443240165710449,0.164000004529953,0.35269999504089355
YMR227C,YDR079C-A,1,-4.361708,0.04469122365117073,0.16500000655651093,0.35269999504089355
YLR106C,YKR008W,0,-4.361718,0.044679123908281326,0.16500000655651093,0.35280001163482666
YIL120W,YFL004W,0,-4.361985,0.04466702789068222,0.16500000655651093,0.3528999984264374
YPL174C,YFL049W,0,-4.362357,0.04465493932366371,0.16500000655651093,0.3529999852180481
YCR028C,YCR073C,0,-4.362616,0.0446428582072258,0.16500000655651093,0.3531000018119812
YBL013W,YDL225W,0,-4.362932,0.044630780816078186,0.16500000655651093,0.3531999886035919
YML008C,YAL029C,0,-4.363205,0.04461871460080147,0.16500000655651093,0.353300005197525
YJR035W,YMR247C,0,-4.363364,0.04460665211081505,0.16500000655651093,0.35339999198913574
YDL108W,YPR186C,1,-4.363674,0.04486486315727234,0.16599999368190765,0.35339999198913574
YER171W,YNL257C,1,-4.3637767,0.045122940093278885,0.16699999570846558,0.35339999198913574
YFL025C,YOR143C,0,-4.363932,0.04511075094342232,0.16699999570846558,0.35350000858306885
YIL007C,YOR230W,0,-4.363939,0.04509856924414635,0.16699999570846558,0.35359999537467957
YKL179C,YOL039W,0,-4.363946,0.045086391270160675,0.16699999570846558,0.35370001196861267
YIL038C,YGR275W,0,-4.363968,0.0450742244720459,0.16699999570846558,0.3537999987602234
YLR274W,YGR278W,0,-4.363968,0.04506206139922142,0.16699999570846558,0.3538999855518341
YOR180C,YPL026C,0,-4.3640437,0.04504990577697754,0.16699999570846558,0.3540000021457672
YKL085W,YER013W,0,-4.3644657,0.045037757605314255,0.16699999570846558,0.35409998893737793
YIL126W,YHR016C,0,-4.3653097,0.04502561315894127,0.16699999570846558,0.35420000553131104
YJL039C,YPL188W,0,-4.3654265,0.04501347616314888,0.16699999570846558,0.35429999232292175
YJR042W,YLR453C,0,-4.3655334,0.04500134661793709,0.16699999570846558,0.35440000891685486
YLL060C,YGR199W,0,-4.36554,0.04498922452330589,0.16699999570846558,0.3544999957084656
YER062C,YML128C,0,-4.365547,0.044977106153964996,0.16699999570846558,0.3546000123023987
YNR058W,YDR394W,0,-4.3656797,0.044964998960494995,0.16699999570846558,0.3546999990940094
YDL134C,YML091C,0,-4.3657713,0.04495289549231529,0.16699999570846558,0.3547999858856201
YIL065C,YDR490C,0,-4.365777,0.04494079574942589,0.16699999570846558,0.3549000024795532
YGR167W,YNL051W,0,-4.366178,0.04492870718240738,0.16699999570846558,0.35499998927116394
YNL314W,YPL122C,1,-4.3668556,0.04518558457493782,0.1679999977350235,0.35499998927116394
YMR140W,YDR381W,0,-4.3669877,0.04517343267798424,0.1679999977350235,0.35510000586509705
YHR102W,YOR307C,0,-4.366992,0.04516129195690155,0.1679999977350235,0.35519999265670776
YBR015C,YFL049W,0,-4.367758,0.04514915496110916,0.1679999977350235,0.35530000925064087
YDR425W,YDR002W,0,-4.3679304,0.04513702169060707,0.1679999977350235,0.3553999960422516
YJR031C,YFR024C-A,0,-4.3679814,0.045124899595975876,0.1679999977350235,0.3555000126361847
YGR170W,YOL124C,0,-4.3685617,0.04511278122663498,0.1679999977350235,0.3555999994277954
YIL013C,YPL208W,0,-4.368683,0.04510067030787468,0.1679999977350235,0.35569998621940613
YMR292W,YDR484W,0,-4.3688416,0.04508856683969498,0.1679999977350235,0.35580000281333923
YDR481C,YOL105C,0,-4.369152,0.04507647082209587,0.1679999977350235,0.35589998960494995
YGR158C,YER018C,0,-4.3692665,0.045064378529787064,0.1679999977350235,0.35600000619888306
YER001W,YPR182W,0,-4.369274,0.04505229368805885,0.1679999977350235,0.3560999929904938
YNL221C,YGL158W,0,-4.3694315,0.04504021629691124,0.1679999977350235,0.3562000095844269
YNR072W,YFR050C,0,-4.36957,0.045028142631053925,0.1679999977350235,0.3562999963760376
YJR156C,YDR285W,0,-4.3695908,0.045016076415777206,0.1679999977350235,0.3564000129699707
YGL241W,YIL160C,0,-4.369692,0.045004017651081085,0.1679999977350235,0.3564999997615814
YPR137W,YDL058W,0,-4.3697777,0.04499196633696556,0.1679999977350235,0.35659998655319214
YNL039W,YJL011C,1,-4.3702736,0.04524765908718109,0.16899999976158142,0.35659998655319214
YPL164C,YNL070W,0,-4.370517,0.04523554444313049,0.16899999976158142,0.35670000314712524
YBL085W,YNL230C,0,-4.3707004,0.04522344097495079,0.16899999976158142,0.35679998993873596
YOR257W,YLR106C,0,-4.3709884,0.045211341232061386,0.16899999976158142,0.35690000653266907
YGL061C,YAL003W,0,-4.371048,0.04519925266504288,0.16899999976158142,0.3569999933242798
YKL185W,YIL112W,0,-4.3718963,0.04518716409802437,0.16899999976158142,0.3571000099182129
YGR098C,YGL226C-A,0,-4.372192,0.045175086706876755,0.16899999976158142,0.3571999967098236
YNL257C,YBR198C,1,-4.3721976,0.045430250465869904,0.17000000178813934,0.3571999967098236
YIL143C,YDR079C-A,1,-4.3722115,0.04568528011441231,0.17100000381469727,0.3571999967098236
YOR371C,YNL064C,0,-4.37321,0.045673076063394547,0.17100000381469727,0.3573000133037567
YBR004C,YER120W,0,-4.3733373,0.04566087946295738,0.17100000381469727,0.35740000009536743
YER164W,YDL160C,0,-4.373438,0.045648690313100815,0.17100000381469727,0.35749998688697815
YNR044W,YFR047C,0,-4.3737965,0.045636508613824844,0.17100000381469727,0.35760000348091125
YPR119W,YHR188C,0,-4.373826,0.04562433436512947,0.17100000381469727,0.357699990272522
YDR190C,YDR369C,0,-4.374378,0.045612163841724396,0.17100000381469727,0.3578000068664551
YML092C,YDR464W,0,-4.3744006,0.04560000076889992,0.17100000381469727,0.3578999936580658
YFR047C,YGR202C,0,-4.3744197,0.04558784142136574,0.17100000381469727,0.3580000102519989
YIL159W,YOR116C,0,-4.3747625,0.045575693249702454,0.17100000381469727,0.3580999970436096
YPL202C,YGL207W,1,-4.3750315,0.045830003917217255,0.1720000058412552,0.3580999970436096
YDR337W,YOR003W,0,-4.375332,0.045817796140909195,0.1720000058412552,0.3582000136375427
YER171W,YBL103C,1,-4.3754807,0.04607190564274788,0.17299999296665192,0.3582000136375427
YGR188C,YGR166W,0,-4.3756356,0.046059638261795044,0.17299999296665192,0.35830000042915344
YDR021W,YPR162C,0,-4.375831,0.046047378331422806,0.17299999296665192,0.35839998722076416
YJR158W,YLR383W,0,-4.3760014,0.046035125851631165,0.17299999296665192,0.35850000381469727
YLL015W,YGR165W,0,-4.3761625,0.04602287709712982,0.17299999296665192,0.358599990606308
YMR083W,YOR208W,0,-4.37624,0.046010639518499374,0.17299999296665192,0.3587000072002411
YJR156C,YDL060W,0,-4.3765955,0.045998405665159225,0.17299999296665192,0.3587999939918518
YOR290C,YGR209C,0,-4.3768477,0.04598617926239967,0.17299999296665192,0.3589000105857849
YLR015W,YNL279W,0,-4.376909,0.04597395658493042,0.17299999296665192,0.35899999737739563
YPL012W,YFL004W,0,-4.3770013,0.04596174135804176,0.17299999296665192,0.35910001397132874
YMR035W,YOR272W,0,-4.377425,0.045949533581733704,0.17299999296665192,0.35920000076293945
YJL080C,YDR324C,0,-4.378303,0.04593733325600624,0.17299999296665192,0.35929998755455017
YNL239W,YNL070W,0,-4.3783665,0.045925140380859375,0.17299999296665192,0.3594000041484833
YOL165C,YDR017C,0,-4.378392,0.04591295123100281,0.17299999296665192,0.359499990940094
YOL023W,YBR119W,0,-4.3785415,0.04590076953172684,0.17299999296665192,0.3596000075340271
YMR296C,YPL176C,0,-4.3786707,0.045888595283031464,0.17299999296665192,0.3596999943256378
YGR155W,YDR393W,0,-4.379081,0.04587642475962639,0.17299999296665192,0.3598000109195709
YHR176W,YHR091C,0,-4.379309,0.04586426168680191,0.17299999296665192,0.35989999771118164
YMR015C,YML130C,0,-4.3795977,0.04585210606455803,0.17299999296665192,0.36000001430511475
YKL008C,YNL098C,0,-4.379653,0.045839957892894745,0.17299999296665192,0.36010000109672546
YDL247W,YIR009W,0,-4.379833,0.04582781344652176,0.17299999296665192,0.3601999878883362
YCR042C,YOR110W,1,-4.3803315,0.04608050733804703,0.17399999499320984,0.3601999878883362
YDR180W,YOL105C,0,-4.380419,0.046068307012319565,0.17399999499320984,0.3603000044822693
YJL157C,YPR182W,0,-4.380481,0.0460561141371727,0.17399999499320984,0.36039999127388
YGL106W,YGR123C,0,-4.3805776,0.04604392871260643,0.17399999499320984,0.3605000078678131
YOR157C,YGR296W,0,-4.3806643,0.04603174701333046,0.17399999499320984,0.36059999465942383
YDL243C,YFR051C,0,-4.38114,0.046019572764635086,0.17399999499320984,0.36070001125335693
YPL012W,YBL011W,0,-4.3811874,0.04600740224123001,0.17399999499320984,0.36079999804496765
YGR040W,YNL006W,0,-4.381361,0.04599524289369583,0.17399999499320984,0.36090001463890076
YDR295C,YOR210W,0,-4.3813686,0.04598308727145195,0.17399999499320984,0.3610000014305115
YBR161W,YAL013W,0,-4.381466,0.045970939099788666,0.17399999499320984,0.3610999882221222
YLR263W,YIL030C,0,-4.3815775,0.04595879465341568,0.17399999499320984,0.3612000048160553
YAL026C,YPL268W,0,-4.3816943,0.04594666138291359,0.17399999499320984,0.361299991607666
YGL181W,YJR156C,0,-4.3817444,0.0459345318377018,0.17399999499320984,0.3614000082015991
YJL011C,YOR110W,1,-4.3823204,0.04618632793426514,0.17499999701976776,0.3614000082015991
YLR096W,YGR008C,0,-4.3823986,0.04617414250969887,0.17499999701976776,0.36149999499320984
YLR103C,YDR190C,0,-4.382662,0.0461619608104229,0.17499999701976776,0.36160001158714294
YDL150W,YAR035W,0,-4.382886,0.04614979028701782,0.17499999701976776,0.36169999837875366
YIL037C,YMR089C,0,-4.3837495,0.046137623488903046,0.17499999701976776,0.3617999851703644
YMR022W,YOR212W,0,-4.384039,0.04612546041607857,0.17499999701976776,0.3619000017642975
YIL114C,YNL311C,0,-4.384184,0.046113308519124985,0.17499999701976776,0.3619999885559082
YDR329C,YAR007C,0,-4.3842354,0.0461011603474617,0.17499999701976776,0.3621000051498413
YLR034C,YNR031C,0,-4.384937,0.046089015901088715,0.17499999701976776,0.362199991941452
YNL267W,YDL216C,0,-4.38531,0.046076882630586624,0.17499999701976776,0.36230000853538513
YPR081C,YLR277C,0,-4.3855844,0.04606475308537483,0.17499999701976776,0.36239999532699585
YDR409W,YBR083W,0,-4.386107,0.04605263099074364,0.17499999701976776,0.36250001192092896
YBR198C,YAL001C,1,-4.3866663,0.046303603798151016,0.17599999904632568,0.36250001192092896
YNL110C,YGL129C,0,-4.387031,0.046291425824165344,0.17599999904632568,0.3625999987125397
YCR075C,YOR027W,0,-4.3871326,0.04627925157546997,0.17599999904632568,0.3626999855041504
YBR154C,YER041W,0,-4.387779,0.04626708850264549,0.17599999904632568,0.3628000020980835
YLL008W,YNL264C,0,-4.3887324,0.04625492915511131,0.17599999904632568,0.3628999888896942
YGL201C,YBL014C,0,-4.3890266,0.04624277353286743,0.17599999904632568,0.3630000054836273
YDR369C,YDR002W,0,-4.389201,0.046230629086494446,0.17599999904632568,0.36309999227523804
YKR007W,YBR058C-A,0,-4.389534,0.04621848836541176,0.17599999904632568,0.36320000886917114
YIL128W,YML055W,0,-4.3897676,0.04620635509490967,0.17599999904632568,0.36329999566078186
YNL250W,YML041C,0,-4.389891,0.046194225549697876,0.17599999904632568,0.36340001225471497
YHR011W,YKR085C,0,-4.3906384,0.04618210345506668,0.17599999904632568,0.3634999990463257
YGR238C,YBR142W,0,-4.3906746,0.04616998881101608,0.17599999904632568,0.3635999858379364
YDR501W,YGL162W,0,-4.3910275,0.04615788161754608,0.17599999904632568,0.3637000024318695
YBR228W,YGL162W,0,-4.3913717,0.04614577814936638,0.17599999904632568,0.3637999892234802
YKL049C,YDR151C,0,-4.391406,0.04613368213176727,0.17599999904632568,0.36390000581741333
YGL191W,YER147C,0,-4.3915024,0.046121593564748764,0.17599999904632568,0.36399999260902405
YHR115C,YLR238W,0,-4.3916836,0.046109508723020554,0.17599999904632568,0.36410000920295715
YNR010W,YHR058C,0,-4.3920817,0.04609743505716324,0.17599999904632568,0.36419999599456787
YOR028C,YBR267W,0,-4.392195,0.04608536139130592,0.17599999904632568,0.364300012588501
YGL181W,YDL003W,0,-4.3922215,0.046073298901319504,0.17599999904632568,0.3643999993801117
YDL030W,YGL115W,0,-4.392498,0.04606124013662338,0.17599999904632568,0.3644999861717224
YGR222W,YOL105C,0,-4.3929424,0.04604918882250786,0.17599999904632568,0.3646000027656555
YOR123C,YIR017C,0,-4.394324,0.04603714495897293,0.17599999904632568,0.36469998955726624
YPL006W,YML109W,0,-4.394655,0.0460251048207283,0.17599999904632568,0.36480000615119934
YML080W,YOR297C,0,-4.394682,0.04601307213306427,0.17599999904632568,0.36489999294281006
YJR108W,YGR264C,0,-4.3949056,0.046001046895980835,0.17599999904632568,0.36500000953674316
YNL242W,YDR103W,0,-4.3950305,0.0459890253841877,0.17599999904632568,0.3650999963283539
YOL158C,YDL230W,0,-4.395498,0.04597701132297516,0.17599999904632568,0.365200012922287
YPL091W,YDR122W,0,-4.395796,0.045965004712343216,0.17599999904632568,0.3652999997138977
YNL314W,YOL067C,1,-4.3963103,0.04621409997344017,0.1770000010728836,0.3652999997138977
YJL116C,YJL048C,0,-4.3963475,0.04620203748345375,0.1770000010728836,0.3653999865055084
YCL025C,YHL019C,0,-4.3965173,0.04618997871875763,0.1770000010728836,0.36550000309944153
YPR025C,YOL067C,1,-4.396636,0.04643882066011429,0.17800000309944153,0.36550000309944153
YKL013C,YHR124W,0,-4.3973966,0.04642670974135399,0.17800000309944153,0.36559998989105225
YDR037W,YOR159C,0,-4.39742,0.04641460254788399,0.17800000309944153,0.36570000648498535
YGL073W,YLR288C,0,-4.3975177,0.04640250280499458,0.17800000309944153,0.36579999327659607
YIL038C,YDR457W,0,-4.397557,0.046390410512685776,0.17800000309944153,0.3659000098705292
YLL015W,YJL050W,0,-4.397773,0.04637832194566727,0.17800000309944153,0.3659999966621399
YKR099W,YDR529C,0,-4.397959,0.046366240829229355,0.17800000309944153,0.366100013256073
YOR033C,YBL052C,0,-4.39802,0.04635416716337204,0.17800000309944153,0.3662000000476837
YMR001C,YML048W,0,-4.3983502,0.04634209722280502,0.17800000309944153,0.36629998683929443
YBR177C,YJL133W,0,-4.399091,0.046330034732818604,0.17800000309944153,0.36640000343322754
YDL102W,YBR127C,0,-4.3993216,0.04631797969341278,0.17800000309944153,0.36649999022483826
YDL231C,YIL101C,0,-4.3998275,0.046305932104587555,0.17800000309944153,0.36660000681877136
YBR020W,YJL076W,0,-4.400223,0.04629388824105263,0.17800000309944153,0.3666999936103821
YMR145C,YMR137C,0,-4.400891,0.0462818518280983,0.17800000309944153,0.3668000102043152
YFR019W,YBR037C,0,-4.4009314,0.046269819140434265,0.17800000309944153,0.3668999969959259
YOR033C,YDR097C,0,-4.4013233,0.04625779762864113,0.17800000309944153,0.367000013589859
YLR394W,YBR098W,0,-4.401394,0.04624577984213829,0.17800000309944153,0.3671000003814697
YJL013C,YLL012W,0,-4.4015975,0.04623376578092575,0.17800000309944153,0.36719998717308044
YPR070W,YER044C-A,0,-4.4016714,0.04622175917029381,0.17800000309944153,0.36730000376701355
YHR098C,YMR273C,0,-4.401856,0.04620976001024246,0.17800000309944153,0.36739999055862427
YBR179C,YNL163C,0,-4.4019113,0.04619776830077171,0.17800000309944153,0.3675000071525574
YOL061W,YDR247W,0,-4.401987,0.04618578031659126,0.17800000309944153,0.3675999939441681
YJL081C,YFL010W-A,0,-4.402135,0.04617379978299141,0.17800000309944153,0.3677000105381012
YGR225W,YDR425W,0,-4.402183,0.04616182669997215,0.17800000309944153,0.3677999973297119
YIR019C,YPL022W,0,-4.4025126,0.046149857342243195,0.17800000309944153,0.367900013923645
YMR055C,YLR450W,0,-4.4025784,0.04613789543509483,0.17800000309944153,0.36800000071525574
YBR029C,YMR207C,0,-4.4026537,0.04612594097852707,0.17800000309944153,0.36809998750686646
YNL331C,YJL024C,0,-4.4028177,0.0461139902472496,0.17800000309944153,0.36820000410079956
YOL089C,YGR186W,1,-4.402831,0.0463610477745533,0.17900000512599945,0.36820000410079956
YJR042W,YAR007C,0,-4.4029226,0.046349041163921356,0.17900000512599945,0.3682999908924103
YMR319C,YMR112C,0,-4.4029717,0.04633704200387001,0.17900000512599945,0.3684000074863434
YMR035W,YNL016W,0,-4.4032373,0.04632505029439926,0.17900000512599945,0.3684999942779541
YGL014W,YOR140W,0,-4.4033227,0.04631306603550911,0.17900000512599945,0.3686000108718872
YBR114W,YMR054W,0,-4.403369,0.046301085501909256,0.17900000512599945,0.3686999976634979
YOL148C,YML109W,0,-4.403571,0.04628911241889,0.17900000512599945,0.36880001425743103
YER167W,YJR119C,0,-4.403602,0.04627714678645134,0.17900000512599945,0.36890000104904175
YGR268C,YDR501W,0,-4.4036036,0.04626518487930298,0.17900000512599945,0.36899998784065247
YNL233W,YGR216C,0,-4.4036827,0.046253230422735214,0.17900000512599945,0.36910000443458557
YER028C,YNL257C,1,-4.4038043,0.04649961367249489,0.18000000715255737,0.36910000443458557
YBR289W,YFR003C,0,-4.4042745,0.04648760333657265,0.18000000715255737,0.3691999912261963
YFL021W,YNL257C,1,-4.404858,0.0467337965965271,0.1809999942779541,0.3691999912261963
YER062C,YPR103W,0,-4.4052315,0.04672173410654068,0.1809999942779541,0.3693000078201294
YJL106W,YLR090W,0,-4.405379,0.04670967906713486,0.1809999942779541,0.3693999946117401
YMR280C,YML109W,0,-4.405411,0.04669762775301933,0.1809999942779541,0.3695000112056732
YNL192W,YNR015W,0,-4.405525,0.04668558016419411,0.1809999942779541,0.36959999799728394
YLR207W,YFR052W,0,-4.4056025,0.04667354375123978,0.1809999942779541,0.36970001459121704
YGL175C,YOR115C,0,-4.4057264,0.046661511063575745,0.1809999942779541,0.36980000138282776
YER042W,YKR046C,0,-4.405822,0.04664948582649231,0.1809999942779541,0.3698999881744385
YJL087C,YDR324C,0,-4.4061327,0.04663746431469917,0.1809999942779541,0.3700000047683716
YIL154C,YPR173C,0,-4.4062734,0.04662545025348663,0.1809999942779541,0.3700999915599823
YBR217W,YPL008W,0,-4.406434,0.04661344364285469,0.1809999942779541,0.3702000081539154
YBR295W,YLR240W,0,-4.4065247,0.046601440757513046,0.1809999942779541,0.3702999949455261
YMR029C,YPL171C,0,-4.4065433,0.046589445322752,0.1809999942779541,0.37040001153945923
YER171W,YML098W,1,-4.4069405,0.0468347929418087,0.18199999630451202,0.37040001153945923
YIL013C,YPL156C,0,-4.4071813,0.046822741627693176,0.18199999630451202,0.37049999833106995
YKL204W,YDR513W,0,-4.4071817,0.04681069776415825,0.18199999630451202,0.37059998512268066
YFL055W,YDR103W,0,-4.4072905,0.04679866135120392,0.18199999630451202,0.37070000171661377
YGR246C,YPL177C,1,-4.407368,0.047043703496456146,0.18299999833106995,0.37070000171661377
YAL015C,YGR046W,0,-4.4073973,0.04703161120414734,0.18299999833106995,0.3707999885082245
YLR347C,YBL106C,0,-4.4079657,0.04701952636241913,0.18299999833106995,0.3709000051021576
YGL181W,YOL122C,0,-4.408037,0.047007448971271515,0.18299999833106995,0.3709999918937683
YOR109W,YAL017W,0,-4.4082756,0.0469953790307045,0.18299999833106995,0.3711000084877014
YOR112W,YDR495C,0,-4.408662,0.04698331281542778,0.18299999833106995,0.37119999527931213
YPR200C,YPR167C,0,-4.408811,0.04697125405073166,0.18299999833106995,0.37130001187324524
YGL106W,YPR168W,0,-4.408976,0.046959199011325836,0.18299999833106995,0.37139999866485596
YDR098C,YKR060W,0,-4.408992,0.04694715142250061,0.18299999833106995,0.3714999854564667
YJL011C,YPL122C,1,-4.409105,0.04719158634543419,0.18400000035762787,0.3714999854564667
YGL209W,YLR067C,0,-4.409273,0.047179486602544785,0.18400000035762787,0.3716000020503998
YGR246C,YDR460W,1,-4.409468,0.04742373898625374,0.1850000023841858,0.3716000020503998
YNL286W,YDR386W,0,-4.4097404,0.04741158336400986,0.1850000023841858,0.3716999888420105
YDL209C,YML121W,0,-4.410942,0.04739943519234657,0.1850000023841858,0.3718000054359436
YBR126C,YDR135C,0,-4.4110584,0.047387294471263885,0.1850000023841858,0.3718999922275543
YPL171C,YOL010W,0,-4.4117537,0.047375161200761795,0.1850000023841858,0.3720000088214874
YCL024W,YGR258C,0,-4.411799,0.04736303165555,0.1850000023841858,0.37209999561309814
YGL105W,YPR200C,0,-4.411803,0.04735090956091881,0.1850000023841858,0.37220001220703125
YDR060W,YER013W,0,-4.4118958,0.04733879119157791,0.1850000023841858,0.37229999899864197
YPL233W,YGR013W,0,-4.4119368,0.04732668027281761,0.1850000023841858,0.3723999857902527
YNL270C,YLR190W,0,-4.412074,0.04731457680463791,0.1850000023841858,0.3725000023841858
YHR176W,YDL128W,0,-4.412113,0.0473024807870388,0.1850000023841858,0.3725999891757965
YLR013W,YER147C,0,-4.412226,0.047290388494729996,0.1850000023841858,0.3727000057697296
YMR250W,YKR025W,0,-4.412572,0.047278303653001785,0.1850000023841858,0.37279999256134033
YFL021W,YMR227C,1,-4.4136333,0.047521717846393585,0.1860000044107437,0.37279999256134033
YBL013W,YNL088W,0,-4.4140635,0.0475095771253109,0.1860000044107437,0.37290000915527344
YLR155C,YPL131W,0,-4.414123,0.047497447580099106,0.1860000044107437,0.37299999594688416
YPL227C,YPL065W,0,-4.4142885,0.04748532176017761,0.1860000044107437,0.37310001254081726
YLR293C,YJR059W,0,-4.4143105,0.04747319966554642,0.1860000044107437,0.373199999332428
YIR005W,YDL232W,0,-4.414791,0.04746108874678612,0.1860000044107437,0.3732999861240387
YDR270W,YCR009C,0,-4.4148045,0.04744897782802582,0.1860000044107437,0.3734000027179718
YDL004W,YDL142C,0,-4.414817,0.047436878085136414,0.1860000044107437,0.3734999895095825
YPR025C,YER028C,1,-4.415528,0.047679755836725235,0.18700000643730164,0.3734999895095825
YBR160W,YMR186W,0,-4.415528,0.047667600214481354,0.18700000643730164,0.3736000061035156
YNL258C,YGL253W,0,-4.4157114,0.04765545204281807,0.18700000643730164,0.37369999289512634
YKL043W,YGR123C,0,-4.415905,0.04764331132173538,0.18700000643730164,0.37380000948905945
YML099C,YML032C,0,-4.4161825,0.04763117805123329,0.18700000643730164,0.37389999628067017
YDR159W,YLR313C,0,-4.4162145,0.0476190485060215,0.18700000643730164,0.37400001287460327
YER088C,YJL034W,0,-4.4162664,0.047606926411390305,0.18700000643730164,0.374099999666214
YLR068W,YOL049W,0,-4.4162664,0.04759480804204941,0.18700000643730164,0.3741999864578247
YDR016C,YLR240W,0,-4.417768,0.04758269712328911,0.18700000643730164,0.3743000030517578
YFR029W,YDR023W,0,-4.4179754,0.047570593655109406,0.18700000643730164,0.37439998984336853
YJL109C,YJL012C,0,-4.418392,0.04755849391222,0.18700000643730164,0.37450000643730164
YEL034W,YJL127C,0,-4.4189816,0.047546401619911194,0.18700000643730164,0.37459999322891235
YFL025C,YJL076W,0,-4.4193373,0.04753431677818298,0.18700000643730164,0.37470000982284546
YKR067W,YDR180W,0,-4.419495,0.04752223566174507,0.18700000643730164,0.3747999966144562
YNL094W,YGL253W,0,-4.4195366,0.047510161995887756,0.18700000643730164,0.3749000132083893
YPR033C,YDL044C,0,-4.41974,0.04749809578061104,0.18700000643730164,0.375
YDL017W,YKL205W,0,-4.4198756,0.04748603329062462,0.18700000643730164,0.3750999867916107
YPL152W,YMR260C,0,-4.42004,0.047473978251218796,0.18700000643730164,0.3752000033855438
YKL143W,YOR130C,0,-4.4201574,0.04746193066239357,0.18700000643730164,0.37529999017715454
YNL314W,YCR042C,1,-4.4201674,0.04770362749695778,0.18799999356269836,0.37529999017715454
YJR105W,YDL093W,0,-4.420329,0.047691527754068375,0.18799999356269836,0.37540000677108765
YPR200C,YKL139W,0,-4.420389,0.04767943173646927,0.18799999356269836,0.37549999356269836
YLR172C,YLR071C,0,-4.420455,0.04766734316945076,0.18799999356269836,0.37560001015663147
YLR086W,YIL173W,0,-4.4205537,0.04765525832772255,0.18799999356269836,0.3756999969482422
YMR109W,YDL170W,0,-4.4207506,0.047643184661865234,0.18799999356269836,0.3758000135421753
YIL160C,YPR137W,0,-4.42146,0.04763111099600792,0.18799999356269836,0.375900000333786
YGR048W,YGR020C,0,-4.4215646,0.0476190485060215,0.18799999356269836,0.37599998712539673
YOR349W,YGL192W,0,-4.421724,0.04760698974132538,0.18799999356269836,0.37610000371932983
YNL006W,YOR368W,0,-4.4222775,0.047594938427209854,0.18799999356269836,0.37619999051094055
YOR033C,YKR086W,0,-4.422378,0.04758289083838463,0.18799999356269836,0.37630000710487366
YBR295W,YPR018W,0,-4.4225845,0.04757085070014,0.18799999356269836,0.3763999938964844
YJL194W,YFL024C,0,-4.422941,0.04755881428718567,0.18799999356269836,0.3765000104904175
YCR042C,YGR186W,1,-4.4231386,0.047799695283174515,0.1889999955892563,0.3765000104904175
YER036C,YHR062C,0,-4.4233265,0.047787610441446304,0.1889999955892563,0.3765999972820282
YLR155C,YDR077W,0,-4.4236765,0.04777552932500839,0.1889999955892563,0.3767000138759613
YKL012W,YDL020C,0,-4.4247622,0.04776345565915108,0.1889999955892563,0.376800000667572
YNL230C,YBL004W,0,-4.4251404,0.04775138944387436,0.1889999955892563,0.37689998745918274
YPL202C,YDR145W,1,-4.425267,0.04799191653728485,0.1899999976158142,0.37689998745918274
YPR033C,YGR075C,0,-4.425488,0.047979798167943954,0.1899999976158142,0.37700000405311584
YHR004C,YLL041C,0,-4.4258037,0.047967683523893356,0.1899999976158142,0.37709999084472656
YOR351C,YDL224C,0,-4.4259863,0.047955576330423355,0.1899999976158142,0.37720000743865967
YKL055C,YCR060W,0,-4.426351,0.04794347658753395,0.1899999976158142,0.3772999942302704
YMR038C,YMR240C,0,-4.4269524,0.04793138429522514,0.1899999976158142,0.3774000108242035
YIR006C,YPR102C,0,-4.4272594,0.047919292002916336,0.1899999976158142,0.3774999976158142
YBR085W,YPR120C,0,-4.4274955,0.047907210886478424,0.1899999976158142,0.3776000142097473
YLR167W,YNL066W,0,-4.427598,0.04789513349533081,0.1899999976158142,0.37770000100135803
YHR042W,YBL014C,0,-4.427873,0.047883063554763794,0.1899999976158142,0.37779998779296875
YLR153C,YLR362W,0,-4.428043,0.047871001064777374,0.1899999976158142,0.37790000438690186
YCL044C,YOL026C,0,-4.4283075,0.04785894230008125,0.1899999976158142,0.3779999911785126
YML067C,YOR120W,0,-4.428664,0.04784689098596573,0.1899999976158142,0.3781000077724457
YPL171C,YPR036W,0,-4.428691,0.0478348433971405,0.1899999976158142,0.3781999945640564
YDL031W,YDR160W,0,-4.428829,0.047822803258895874,0.1899999976158142,0.3783000111579895
YML046W,YDR195W,0,-4.4289927,0.04781077057123184,0.1899999976158142,0.3783999979496002
YNL279W,YNL090W,0,-4.4291267,0.04779874160885811,0.1899999976158142,0.3785000145435333
YHR148W,YBR218C,0,-4.429453,0.04778672009706497,0.1899999976158142,0.37860000133514404
YMR042W,YDL185W,0,-4.429556,0.04777470603585243,0.1899999976158142,0.37869998812675476
YNL314W,YPR186C,1,-4.429662,0.0480140782892704,0.19099999964237213,0.37869998812675476
YOR198C,YJR063W,0,-4.4296703,0.04800201207399368,0.19099999964237213,0.37880000472068787
YDL017W,YOL127W,0,-4.429786,0.04798994958400726,0.19099999964237213,0.3788999915122986
YIR021W,YHR070W,0,-4.4301906,0.04797789454460144,0.19099999964237213,0.3790000081062317
YKR046C,YHR050W,0,-4.430293,0.047965846955776215,0.19099999964237213,0.3790999948978424
YBR233W-A,YOR359W,0,-4.4303083,0.04795380309224129,0.19099999964237213,0.3792000114917755
YLR423C,YLR228C,0,-4.43052,0.04794176667928696,0.19099999964237213,0.37929999828338623
YML075C,YHR069C,0,-4.430579,0.04792973771691322,0.19099999964237213,0.37940001487731934
YPL256C,YLR459W,0,-4.430688,0.04791771247982979,0.19099999964237213,0.37950000166893005
YNL051W,YDL229W,0,-4.4310694,0.04790569469332695,0.19099999964237213,0.37959998846054077
YPL196W,YDR255C,0,-4.431151,0.04789368063211441,0.19099999964237213,0.3797000050544739
YHR005C-A,YNL216W,0,-4.4311633,0.04788167402148247,0.19099999964237213,0.3797999918460846
YGR225W,YJL061W,0,-4.431387,0.04786967486143112,0.19099999964237213,0.3799000084400177
YDR448W,YDL192W,0,-4.431552,0.047857679426670074,0.19099999964237213,0.3799999952316284
YEL062W,YPL065W,0,-4.4317126,0.047845691442489624,0.19099999964237213,0.3801000118255615
YGR157W,YKR025W,0,-4.4320264,0.04783370718359947,0.19099999964237213,0.38019999861717224
YIL009C-A,YLR337C,0,-4.432378,0.047821734100580215,0.19099999964237213,0.38029998540878296
YOR058C,YNL070W,0,-4.433143,0.04780976101756096,0.19099999964237213,0.38040000200271606
YGL208W,YJR009C,0,-4.433522,0.0477977991104126,0.19099999964237213,0.3804999887943268
YNL314W,YDR460W,1,-4.4335337,0.04803602769970894,0.19200000166893005,0.3804999887943268
YFR021W,YNR043W,0,-4.4336123,0.0480240136384964,0.19200000166893005,0.3806000053882599
YHR108W,YKR082W,0,-4.4337335,0.04801200330257416,0.19200000166893005,0.3806999921798706
YPL138C,YJR044C,0,-4.4338694,0.04800000041723251,0.19200000166893005,0.3808000087738037
YCL044C,YDR386W,0,-4.43454,0.04798800125718117,0.19200000166893005,0.38089999556541443
YDR448W,YLR242C,0,-4.435052,0.04797601327300072,0.19200000166893005,0.38100001215934753
YGL238W,YHR106W,0,-4.4356823,0.04796402528882027,0.19200000166893005,0.38109999895095825
YER119C,YDL093W,0,-4.4360924,0.04795204848051071,0.19200000166893005,0.38119998574256897
YDR023W,YIR018W,0,-4.436721,0.047940075397491455,0.19200000166893005,0.3813000023365021
YER159C,YIR019C,0,-4.436983,0.0479281060397625,0.19200000166893005,0.3813999891281128
YER119C,YKR027W,0,-4.438057,0.047916147857904434,0.19200000166893005,0.3815000057220459
YJL011C,YIL143C,1,-4.4387197,0.04815369099378586,0.19300000369548798,0.3815000057220459
YMR136W,YOL027C,0,-4.43887,0.04814168065786362,0.19300000369548798,0.3815999925136566
YOR140W,YDR353W,0,-4.4390364,0.048129674047231674,0.19300000369548798,0.3817000091075897
YER027C,YER117W,0,-4.439352,0.04811767488718033,0.19300000369548798,0.38179999589920044
YMR080C,YBL035C,0,-4.4395757,0.04810568317770958,0.19300000369548798,0.38190001249313354
YFL009W,YFR001W,0,-4.4399977,0.04809369519352913,0.19300000369548798,0.38199999928474426
YBL051C,YNL163C,0,-4.4403434,0.048081714659929276,0.19300000369548798,0.382099986076355
YBL079W,YGL243W,0,-4.441144,0.04806973785161972,0.19300000369548798,0.3822000026702881
YGL181W,YNL071W,0,-4.4417925,0.04805776849389076,0.19300000369548798,0.3822999894618988
YGR246C,YIL143C,1,-4.441918,0.04829474911093712,0.1940000057220459,0.3822999894618988
YOL067C,YER148W,1,-4.442519,0.048531606793403625,0.19499999284744263,0.3822999894618988
YCL035C,YLR182W,0,-4.443159,0.04851953312754631,0.19499999284744263,0.3824000060558319
YGR030C,YIL095W,0,-4.4431634,0.048507463186979294,0.19499999284744263,0.3824999928474426
YML099C,YDR135C,0,-4.443323,0.048495400696992874,0.19499999284744263,0.38260000944137573
YDL069C,YKR042W,0,-4.4437714,0.04848334193229675,0.19499999284744263,0.38269999623298645
YOR211C,YMR239C,0,-4.4438105,0.04847129061818123,0.19499999284744263,0.38280001282691956
YGR216C,YHR120W,0,-4.443812,0.048459243029356,0.19499999284744263,0.3828999996185303
YKR039W,YDL154W,0,-4.4439545,0.04844720661640167,0.19499999284744263,0.382999986410141
YPL155C,YDR308C,0,-4.4441924,0.04843517020344734,0.19499999284744263,0.3831000030040741
YOR373W,YEL020W-A,0,-4.444195,0.04842314496636391,0.19499999284744263,0.3831999897956848
YGR113W,YML114C,0,-4.444332,0.04841112345457077,0.19499999284744263,0.3833000063896179
YOR113W,YLR045C,0,-4.4444084,0.04839910566806793,0.19499999284744263,0.38339999318122864
YPR070W,YBR058C-A,0,-4.444594,0.04838709533214569,0.19499999284744263,0.38350000977516174
YPR186C,YGL207W,1,-4.444662,0.04862317070364952,0.19599999487400055,0.38350000977516174
YOR204W,YDR069C,0,-4.4446707,0.0486111119389534,0.19599999487400055,0.38359999656677246
YCR020W-B,YNR013C,0,-4.4447136,0.04859905689954758,0.19599999487400055,0.38370001316070557
YNR011C,YNL197C,0,-4.4448476,0.04858700931072235,0.19599999487400055,0.3837999999523163
YMR192W,YFL049W,0,-4.445134,0.04857496917247772,0.19599999487400055,0.383899986743927
YDR060W,YGR279C,0,-4.4451513,0.04856293275952339,0.19599999487400055,0.3840000033378601
YDL098C,YPL176C,0,-4.4452853,0.04855090379714966,0.19599999487400055,0.3840999901294708
YOR212W,YPL019C,0,-4.445633,0.04853888228535652,0.19599999487400055,0.38420000672340393
YPR186C,YCR042C,1,-4.4456763,0.04877444729208946,0.19699999690055847,0.38420000672340393
YDR101C,YLR165C,0,-4.445733,0.048762377351522446,0.19699999690055847,0.38429999351501465
YJL124C,YPR167C,0,-4.445768,0.04875031113624573,0.19699999690055847,0.38440001010894775
YDR298C,YLL002W,0,-4.445883,0.04873824864625931,0.19699999690055847,0.38449999690055847
YNL151C,YAR035W,0,-4.4460382,0.048726193606853485,0.19699999690055847,0.3846000134944916
YML062C,YDR143C,0,-4.446373,0.04871414601802826,0.19699999690055847,0.3847000002861023
YJR147W,YML120C,0,-4.4466057,0.04870210215449333,0.19699999690055847,0.384799987077713
YOR299W,YNL332W,0,-4.446705,0.048690065741539,0.19699999690055847,0.3849000036716461
YLR039C,YIR012W,0,-4.446865,0.04867803305387497,0.19699999690055847,0.38499999046325684
YPL202C,YER148W,1,-4.4469523,0.04891304299235344,0.1979999989271164,0.38499999046325684
YPL110C,YER018C,0,-4.446971,0.04890096187591553,0.1979999989271164,0.38510000705718994
YJL184W,YLR256W,0,-4.4469943,0.04888888821005821,0.1979999989271164,0.38519999384880066
YDR184C,YCR028C,0,-4.447322,0.048876821994781494,0.1979999989271164,0.38530001044273376
YPL187W,YDL188C,0,-4.4474087,0.048864759504795074,0.1979999989271164,0.3853999972343445
YBR171W,YOL093W,0,-4.447482,0.04885270074009895,0.1979999989271164,0.3855000138282776
YDR097C,YOR373W,0,-4.447916,0.04884064942598343,0.1979999989271164,0.3856000006198883
YMR055C,YCL017C,0,-4.448098,0.0488286055624485,0.1979999989271164,0.385699987411499
YHL019C,YLR272C,0,-4.448205,0.04881656914949417,0.1979999989271164,0.38580000400543213
YGR230W,YCL066W,0,-4.4483914,0.04880453646183014,0.1979999989271164,0.38589999079704285
YDR517W,YBR228W,0,-4.4484043,0.048792507499456406,0.1979999989271164,0.38600000739097595
YER045C,YPL011C,1,-4.448434,0.04902685433626175,0.19900000095367432,0.38600000739097595
YPL075W,YHR124W,0,-4.4485846,0.049014776945114136,0.19900000095367432,0.38609999418258667
YDR446W,YML012W,0,-4.4486303,0.04900270700454712,0.19900000095367432,0.3862000107765198
YBL074C,YFL050C,0,-4.449169,0.0489906445145607,0.19900000095367432,0.3862999975681305
YBR145W,YIL109C,0,-4.449535,0.04897858574986458,0.19900000095367432,0.3864000141620636
YMR153W,YDL130W,0,-4.4500666,0.048966534435749054,0.19900000095367432,0.3865000009536743
YHL020C,YML014W,0,-4.450412,0.04895449057221413,0.19900000095367432,0.38659998774528503
YPR010C,YIL030C,0,-4.450551,0.0489424504339695,0.19900000095367432,0.38670000433921814
YFR028C,YDR037W,0,-4.450785,0.04893041402101517,0.19900000095367432,0.38679999113082886
YNL016W,YBR250W,0,-4.45099,0.04891838878393173,0.19900000095367432,0.38690000772476196
YDR037W,YOR116C,0,-4.451044,0.0489063635468483,0.19900000095367432,0.3869999945163727
YEL018W,YMR067C,0,-4.451208,0.04889434948563576,0.19900000095367432,0.3871000111103058
YDR388W,YER018C,0,-4.451577,0.048882339149713516,0.19900000095367432,0.3871999979019165
YJL170C,YHR193C,0,-4.4516206,0.048870332539081573,0.19900000095367432,0.3873000144958496
YLR011W,YIL053W,0,-4.4520535,0.048858337104320526,0.19900000095367432,0.3874000012874603
YNL209W,YHR012W,0,-4.452736,0.04884634166955948,0.19900000095367432,0.38749998807907104
YNL242W,YDL209C,0,-4.4534693,0.04883435741066933,0.19900000095367432,0.38760000467300415
YIL013C,YKL043W,0,-4.453705,0.048822373151779175,0.19900000095367432,0.38769999146461487
YOL021C,YHR042W,0,-4.4537315,0.04881040006875992,0.19900000095367432,0.387800008058548
YDL033C,YNR046W,0,-4.453829,0.04879843071103096,0.19900000095367432,0.3878999948501587
YMR041C,YKL055C,0,-4.4538803,0.0487864688038826,0.19900000095367432,0.3880000114440918
YDR335W,YJL109C,0,-4.4539375,0.048774510622024536,0.19900000095367432,0.3880999982357025
YER020W,YHR062C,0,-4.4547048,0.04876255989074707,0.19900000095367432,0.3882000148296356
YNL272C,YDR425W,0,-4.454753,0.0487506128847599,0.19900000095367432,0.38830000162124634
YNR003C,YKR042W,0,-4.454803,0.04873867332935333,0.19900000095367432,0.38839998841285706
YJR140C,YOR351C,0,-4.454958,0.04872673749923706,0.19900000095367432,0.38850000500679016
YPL178W,YIL052C,0,-4.45516,0.048714809119701385,0.19900000095367432,0.3885999917984009
YPR201W,YDR166C,0,-4.4554644,0.04870288819074631,0.19900000095367432,0.388700008392334
YLR274W,YMR093W,0,-4.456052,0.04869097098708153,0.19900000095367432,0.3887999951839447
YHR129C,YML012W,0,-4.4561357,0.048679061233997345,0.19900000095367432,0.3889000117778778
YPL242C,YER123W,0,-4.45618,0.04866715520620346,0.19900000095367432,0.3889999985694885
YHR107C,YIL072W,0,-4.4564047,0.04865525662899017,0.19900000095367432,0.38909998536109924
YPL202C,YOL089C,1,-4.4565907,0.04888780415058136,0.20000000298023224,0.38909998536109924
YBR160W,YJL167W,0,-4.4567137,0.04887585714459419,0.20000000298023224,0.38920000195503235
YLR098C,YNR008W,0,-4.4569035,0.048863913863897324,0.20000000298023224,0.38929998874664307
YJL011C,YPL011C,1,-4.457182,0.0490962378680706,0.20100000500679016,0.38929998874664307
YDR097C,YJR135W-A,0,-4.4571958,0.04908424988389015,0.20100000500679016,0.38940000534057617
YGR080W,YIL008W,0,-4.457901,0.049072265625,0.20100000500679016,0.3894999921321869
YNL232W,YIL068C,0,-4.457914,0.049060288816690445,0.20100000500679016,0.38960000872612
YNL257C,YCR042C,1,-4.4579344,0.04929233714938164,0.20200000703334808,0.38960000872612
YLL026W,YKL205W,0,-4.458402,0.0492803119122982,0.20200000703334808,0.3896999955177307
YNR010W,YOR116C,0,-4.4584045,0.049268294125795364,0.20200000703334808,0.3898000121116638
YJL005W,YNR054C,0,-4.45841,0.049256280064582825,0.20200000703334808,0.38989999890327454
YJL157C,YFL037W,0,-4.4584856,0.049244269728660583,0.20200000703334808,0.38999998569488525
YKL154W,YEL012W,0,-4.4587107,0.04923227056860924,0.20200000703334808,0.39010000228881836
YMR231W,YDL058W,0,-4.4589815,0.04922027140855789,0.20200000703334808,0.3901999890804291
YJL184W,YHR167W,0,-4.459012,0.04920828342437744,0.20200000703334808,0.3903000056743622
YDR075W,YBL106C,0,-4.4594655,0.04919629916548729,0.20200000703334808,0.3903999924659729
YGL043W,YDR244W,0,-4.4595485,0.049184318631887436,0.20200000703334808,0.390500009059906
YGR123C,YML038C,0,-4.459584,0.04917234554886818,0.20200000703334808,0.3905999958515167
YPL037C,YML041C,0,-4.46021,0.04916037991642952,0.20200000703334808,0.39070001244544983
YNL314W,YDR362C,1,-4.460211,0.0493917278945446,0.2029999941587448,0.39070001244544983
YER002W,YNL332W,0,-4.460554,0.04937971383333206,0.2029999941587448,0.39079999923706055
YBL103C,YGR274C,1,-4.4606686,0.04961089417338371,0.20399999618530273,0.39079999923706055
YLR155C,YOR083W,0,-4.4607086,0.04959883168339729,0.20399999618530273,0.39089998602867126
YHR014W,YLR183C,0,-4.4608126,0.04958677664399147,0.20399999618530273,0.39100000262260437
YDR079C-A,YDR362C,1,-4.4609814,0.04981774091720581,0.20499999821186066,0.39100000262260437
YPL006W,YOL004W,0,-4.461306,0.04980563744902611,0.20499999821186066,0.3910999894142151
YLR233C,YNL133C,0,-4.461767,0.049793537706136703,0.20499999821186066,0.3912000060081482
YJL003W,YGR249W,0,-4.462,0.049781449139118195,0.20499999821186066,0.3912999927997589
YHR089C,YHR001W-A,0,-4.462275,0.049769360572099686,0.20499999821186066,0.391400009393692
YJR158W,YHR024C,0,-4.462288,0.04975728318095207,0.20499999821186066,0.39149999618530273
YER028C,YPR086W,1,-4.462386,0.04998786747455597,0.20600000023841858,0.39149999618530273
YGL105W,YBR004C,0,-4.462449,0.049975741654634476,0.20600000023841858,0.39160001277923584
YDR437W,YJL002C,0,-4.462641,0.04996361956000328,0.20600000023841858,0.39169999957084656
YKL208W,YDR434W,0,-4.4627285,0.04995150491595268,0.20600000023841858,0.3917999863624573
YAL051W,YNL163C,0,-4.4628496,0.04993939399719238,0.20600000023841858,0.3919000029563904
YIL009C-A,YOR320C,0,-4.463667,0.04992729052901268,0.20600000023841858,0.3919999897480011
YPR104C,YHR108W,0,-4.463836,0.049915190786123276,0.20600000023841858,0.3921000063419342
YDR309C,YJR135W-A,0,-4.464472,0.04990310221910477,0.20600000023841858,0.3921999931335449
YMR080C,YBR152W,0,-4.4646425,0.04989101365208626,0.20600000023841858,0.392300009727478
YBR112C,YPR054W,0,-4.46488,0.049878936260938644,0.20600000023841858,0.39239999651908875
YOR180C,YPR101W,0,-4.465516,0.04986685886979103,0.20600000023841858,0.39250001311302185
YOL076W,YLR363C,0,-4.46552,0.04985479265451431,0.20600000023841858,0.39259999990463257
YHR143W,YNL256W,0,-4.4658237,0.04984273016452789,0.20600000023841858,0.3926999866962433
YHR142W,YOR236W,0,-4.465852,0.04983067139983177,0.20600000023841858,0.3928000032901764
YNL027W,YGL122C,0,-4.465953,0.04981862008571625,0.20600000023841858,0.3928999900817871
YIL121W,YPL065W,0,-4.4663787,0.04980657622218132,0.20600000023841858,0.3930000066757202
YOL089C,YDR079C-A,1,-4.466568,0.05003625899553299,0.2070000022649765,0.3930000066757202
YAR008W,YPR009W,0,-4.4666214,0.05002416670322418,0.2070000022649765,0.39309999346733093
YHR072W,YLR277C,0,-4.466769,0.05001208186149597,0.2070000022649765,0.39320001006126404
YAL054C,YGL232W,0,-4.4678035,0.05000000074505806,0.2070000022649765,0.39329999685287476
YPL101W,YOR298C-A,0,-4.467907,0.049987927079200745,0.2070000022649765,0.39340001344680786
YDL065C,YML043C,0,-4.467991,0.04997585713863373,0.2070000022649765,0.3935000002384186
YGR078C,YIL052C,0,-4.4682827,0.04996379464864731,0.2070000022649765,0.3935999870300293
YLR284C,YGR080W,0,-4.4689007,0.04995173588395119,0.2070000022649765,0.3937000036239624
YGL003C,YEL041W,0,-4.469699,0.04993968456983566,0.2070000022649765,0.3937999904155731
YOR057W,YGR162W,0,-4.4701843,0.049927640706300735,0.2070000022649765,0.3939000070095062
YLR418C,YBR297W,0,-4.4705253,0.04991560056805611,0.2070000022649765,0.39399999380111694
YPL170W,YGR132C,0,-4.470688,0.049903567880392075,0.2070000022649765,0.39410001039505005
YLR170C,YPR010C,0,-4.4709816,0.04989153891801834,0.2070000022649765,0.39419999718666077
YCL025C,YKR087C,0,-4.47099,0.049879517406225204,0.2070000022649765,0.39430001378059387
YPL037C,YMR060C,0,-4.471307,0.049867503345012665,0.2070000022649765,0.3944000005722046
YAL025C,YPL083C,0,-4.4713526,0.049855493009090424,0.2070000022649765,0.3944999873638153
YLR274W,YOL034W,0,-4.4714336,0.04984348639845848,0.2070000022649765,0.3946000039577484
YLR242C,YOR386W,0,-4.471621,0.049831487238407135,0.2070000022649765,0.39469999074935913
YDR378C,YOR308C,0,-4.471675,0.049819495528936386,0.2070000022649765,0.39480000734329224
YFL021W,YBL103C,1,-4.471708,0.05004812404513359,0.20800000429153442,0.39480000734329224
YLR110C,YPL153C,0,-4.4719124,0.05003608390688896,0.20800000429153442,0.39489999413490295
YDR364C,YGR159C,0,-4.471981,0.05002405121922493,0.20800000429153442,0.39500001072883606
YPR137W,YNL044W,0,-4.472554,0.050012022256851196,0.20800000429153442,0.3950999975204468
YIL140W,YLL003W,0,-4.472617,0.05000000074505806,0.20800000429153442,0.3952000141143799
YML073C,YGR212W,0,-4.4729047,0.04998798295855522,0.20800000429153442,0.3953000009059906
YDR141C,YGL043W,0,-4.4729652,0.04997597262263298,0.20800000429153442,0.3953999876976013
YOR076C,YDR308C,0,-4.473175,0.049963969737291336,0.20800000429153442,0.3955000042915344
YPL202C,YDR362C,1,-4.473249,0.05019212141633034,0.20900000631809235,0.3955000042915344
YNL314W,YER171W,1,-4.4733534,0.05042016878724098,0.20999999344348907,0.3955000042915344
YCL011C,YHR077C,0,-4.4737296,0.05040806531906128,0.20999999344348907,0.39559999108314514
YNR072W,YJR097W,0,-4.473904,0.05039596930146217,0.20999999344348907,0.39570000767707825
YMR070W,YJR135W-A,0,-4.474388,0.050383877009153366,0.20999999344348907,0.39579999446868896
YPR049C,YGL061C,0,-4.474389,0.050371792167425156,0.20999999344348907,0.39590001106262207
YBR145W,YLL026W,0,-4.4749174,0.050359711050987244,0.20999999344348907,0.3959999978542328
YGL005C,YJR035W,0,-4.475004,0.05034763738512993,0.20999999344348907,0.3961000144481659
YEL032W,YER120W,0,-4.4756365,0.05033557116985321,0.20999999344348907,0.3962000012397766
YDR423C,YJL167W,0,-4.4758654,0.05032350867986679,0.20999999344348907,0.39629998803138733
YKL060C,YHR099W,0,-4.4759293,0.05031145364046097,0.20999999344348907,0.39640000462532043
YOR116C,YNL202W,0,-4.4764194,0.050299402326345444,0.20999999344348907,0.39649999141693115
YLR254C,YDL083C,0,-4.4769716,0.05028735473752022,0.20999999344348907,0.39660000801086426
YKR061W,YMR229C,0,-4.477086,0.05027531832456589,0.20999999344348907,0.396699994802475
YEL032W,YGL236C,0,-4.4770985,0.050263285636901855,0.20999999344348907,0.3968000113964081
YMR296C,YPR073C,0,-4.477153,0.05025125667452812,0.20999999344348907,0.3968999981880188
YBR010W,YAL024C,0,-4.4772077,0.050239235162734985,0.20999999344348907,0.3970000147819519
YOR025W,YPR007C,0,-4.4773793,0.05022721737623215,0.20999999344348907,0.3971000015735626
YOR028C,YER020W,0,-4.4776125,0.050215207040309906,0.20999999344348907,0.39719998836517334
YPR124W,YLR277C,0,-4.4776664,0.05020320415496826,0.20999999344348907,0.39730000495910645
YGR246C,YGL112C,1,-4.478729,0.050430212169885635,0.210999995470047,0.39730000495910645
YIL072W,YDR324C,0,-4.479722,0.05041816085577011,0.210999995470047,0.39739999175071716
YDR016C,YLR207W,0,-4.479894,0.050406116992235184,0.210999995470047,0.39750000834465027
YNL130C,YOR057W,0,-4.479981,0.050394076853990555,0.210999995470047,0.397599995136261
YBR131W,YGL238W,0,-4.4803643,0.05038204416632652,0.210999995470047,0.3977000117301941
YGR098C,YLL035W,0,-4.4804325,0.05037001520395279,0.210999995470047,0.3977999985218048
YLR435W,YBR082C,0,-4.480547,0.05035799369215965,0.210999995470047,0.3978999853134155
YPL032C,YAR035W,0,-4.480585,0.05034597963094711,0.210999995470047,0.39800000190734863
YBR133C,YJR046W,0,-4.4811196,0.05033396929502487,0.210999995470047,0.39809998869895935
YBR233W-A,YPL046C,0,-4.4811974,0.05032196640968323,0.210999995470047,0.39820000529289246
YPR120C,YIL018W,0,-4.481363,0.05030996724963188,0.210999995470047,0.3982999920845032
YJR060W,YML126C,0,-4.4813848,0.05029797554016113,0.210999995470047,0.3984000086784363
YGR202C,YBL051C,0,-4.481488,0.05028598755598068,0.210999995470047,0.398499995470047
YOR288C,YDL092W,0,-4.4816985,0.05027400702238083,0.210999995470047,0.3986000120639801
YPL203W,YBR058C-A,0,-4.481985,0.050262030214071274,0.210999995470047,0.3986999988555908
YFL009W,YDL024C,0,-4.482072,0.050250060856342316,0.210999995470047,0.39879998564720154
YPR032W,YLR136C,0,-4.483365,0.050238095223903656,0.210999995470047,0.39890000224113464
YGR041W,YMR207C,0,-4.4835644,0.05022613704204559,0.210999995470047,0.39899998903274536
YJR105W,YHR004C,0,-4.483719,0.05021418258547783,0.210999995470047,0.39910000562667847
YDR443C,YLR425W,0,-4.483736,0.05020223557949066,0.210999995470047,0.3991999924182892
YGL037C,YMR088C,0,-4.483825,0.05019029602408409,0.210999995470047,0.3993000090122223
YDR298C,YEL060C,0,-4.4838333,0.05017836019396782,0.210999995470047,0.399399995803833
YPL043W,YOR172W,0,-4.483839,0.050166428089141846,0.210999995470047,0.3995000123977661
YDR256C,YGL106W,0,-4.48405,0.05015450343489647,0.210999995470047,0.39959999918937683
YPL006W,YPL210C,0,-4.4842796,0.05014258623123169,0.210999995470047,0.39969998598098755
YML098W,YBR198C,1,-4.4848804,0.050368256866931915,0.21199999749660492,0.39969998598098755
YER142C,YJL145W,0,-4.485191,0.050356294959783554,0.21199999749660492,0.39980000257492065
YHR166C,YAL015C,0,-4.485945,0.05034433677792549,0.21199999749660492,0.39989998936653137
YPL047W,YDR073W,0,-4.486121,0.05033238232135773,0.21199999749660492,0.4000000059604645
YNL192W,YNL061W,0,-4.4861555,0.05032043531537056,0.21199999749660492,0.4000999927520752
YER001W,YLR044C,0,-4.486187,0.05030849575996399,0.21199999749660492,0.4002000093460083
YJL207C,YPL060W,0,-4.4863605,0.05029655992984772,0.21199999749660492,0.400299996137619
YLR032W,YPL131W,0,-4.4871187,0.05028463155031204,0.21199999749660492,0.4004000127315521
YNL041C,YAL025C,0,-4.487286,0.050272706896066666,0.21199999749660492,0.40049999952316284
YLR427W,YMR101C,0,-4.4872875,0.05026078596711159,0.21199999749660492,0.40059998631477356
YEL071W,YBR121C,0,-4.4874177,0.050248872488737106,0.21199999749660492,0.40070000290870667
YPL095C,YNR023W,0,-4.4875193,0.05023696646094322,0.21199999749660492,0.4007999897003174
YNL136W,YJR104C,0,-4.4878073,0.050225064158439636,0.21199999749660492,0.4009000062942505
YHR143W,YIL173W,0,-4.487809,0.05021316930651665,0.21199999749660492,0.4009999930858612
YPR186C,YBL103C,1,-4.4878964,0.05043807625770569,0.21299999952316284,0.4009999930858612
YLR214W,YIL106W,0,-4.487977,0.05042613670229912,0.21299999952316284,0.4011000096797943
YIL120W,YDL130W,0,-4.4883976,0.050414200872182846,0.21299999952316284,0.40119999647140503
YDR038C,YPL022W,0,-4.4886394,0.05040227249264717,0.21299999952316284,0.40130001306533813
YEL062W,YBR257W,0,-4.4888945,0.050390347838401794,0.21299999952316284,0.40139999985694885
YJR147W,YPR188C,0,-4.4891663,0.050378430634737015,0.21299999952316284,0.40149998664855957
YIL042C,YLR249W,0,-4.489198,0.050366517156362534,0.21299999952316284,0.4016000032424927
YOL117W,YCR084C,0,-4.4892526,0.05035461112856865,0.21299999952316284,0.4016999900341034
YLR390W-A,YOR140W,0,-4.4893947,0.050342708826065063,0.21299999952316284,0.4018000066280365
YCR092C,YHR070W,0,-4.489656,0.050330813974142075,0.21299999952316284,0.4018999934196472
YNR030W,YPR120C,0,-4.4898043,0.050318922847509384,0.21299999952316284,0.4020000100135803
YMR199W,YDL044C,0,-4.4899583,0.05030703917145729,0.21299999952316284,0.40209999680519104
YBR132C,YML032C,0,-4.490062,0.050295159220695496,0.21299999952316284,0.40220001339912415
YDL226C,YLR234W,0,-4.490136,0.0502832867205143,0.21299999952316284,0.40230000019073486
YOL076W,YOL045W,0,-4.4902954,0.0502714179456234,0.21299999952316284,0.4023999869823456
YNL039W,YER028C,1,-4.4903,0.05049551650881767,0.21400000154972076,0.4023999869823456
YCR086W,YDL170W,0,-4.490303,0.05048360303044319,0.21400000154972076,0.4025000035762787
YAL058W,YGL044C,0,-4.4903917,0.05047169700264931,0.21400000154972076,0.4025999903678894
YNL314W,YBR198C,1,-4.4906025,0.05069559067487717,0.2150000035762787,0.4025999903678894
YGL226C-A,YLR410W,0,-4.4906135,0.0506836399435997,0.2150000035762787,0.4027000069618225
YOR178C,YPR163C,0,-4.4909945,0.050671692937612534,0.2150000035762787,0.4027999937534332
YLR005W,YGR274C,1,-4.4910207,0.05089538171887398,0.2160000056028366,0.4027999937534332
YHR072W,YJR097W,0,-4.491609,0.05088339373469353,0.2160000056028366,0.40290001034736633
YDL039C,YAL011W,0,-4.491641,0.050871409475803375,0.2160000056028366,0.40299999713897705
YGR246C,YPL122C,1,-4.492407,0.051094889640808105,0.21699999272823334,0.40299999713897705
YGL092W,YLR196W,0,-4.4924483,0.05108286067843437,0.21699999272823334,0.40310001373291016
YGL013C,YBR173C,0,-4.4924507,0.051070839166641235,0.21699999272823334,0.4032000005245209
YBR298C,YPL156C,0,-4.492573,0.051058825105428696,0.21699999272823334,0.4032999873161316
YPL049C,YDR488C,0,-4.492669,0.051046811044216156,0.21699999272823334,0.4034000039100647
YOR023C,YDR361C,0,-4.492861,0.05103480815887451,0.21699999272823334,0.4034999907016754
YNL292W,YIR011C,0,-4.4929333,0.051022808998823166,0.21699999272823334,0.4036000072956085
YIL068C,YDR495C,0,-4.493348,0.05101081356406212,0.21699999272823334,0.40369999408721924
YPL140C,YNL332W,0,-4.4934907,0.05099882557988167,0.21699999272823334,0.40380001068115234
YNL275W,YCR093W,0,-4.4935637,0.050986841320991516,0.21699999272823334,0.40389999747276306
YOL077C,YMR125W,0,-4.4937267,0.05097486451268196,0.21699999272823334,0.40400001406669617
YMR199W,YNL309W,0,-4.4948034,0.050962895154953,0.21699999272823334,0.4041000008583069
YLR044C,YDR293C,0,-4.4948545,0.050950925797224045,0.21699999272823334,0.4041999876499176
YIL013C,YGL127C,0,-4.4949226,0.05093896761536598,0.21699999272823334,0.4043000042438507
YGL136C,YDR293C,0,-4.495158,0.05092701315879822,0.21699999272823334,0.4043999910354614
YKR086W,YMR093W,0,-4.496124,0.05091506242752075,0.21699999272823334,0.40450000762939453
YNR060W,YPL270W,0,-4.4961925,0.05090311914682388,0.21699999272823334,0.40459999442100525
YDL140C,YLR386W,0,-4.4964166,0.05089118331670761,0.21699999272823334,0.40470001101493835
YDR434W,YNL164C,0,-4.496497,0.05087925121188164,0.21699999272823334,0.4047999978065491
YCR042C,YOR194C,1,-4.496898,0.05110173299908638,0.21799999475479126,0.4047999978065491
YDR268W,YLR008C,0,-4.497017,0.05108975991606712,0.21799999475479126,0.4049000144004822
YCR092C,YBL093C,0,-4.4970417,0.05107778683304787,0.21799999475479126,0.4050000011920929
YDL087C,YJR049C,0,-4.4973583,0.051065824925899506,0.21799999475479126,0.4050999879837036
YJR002W,YGL233W,0,-4.498005,0.051053863018751144,0.21799999475479126,0.4052000045776367
YAR019C,YDR245W,0,-4.498034,0.05104191228747368,0.21799999475479126,0.40529999136924744
YMR177W,YGL232W,0,-4.498095,0.05102996155619621,0.21799999475479126,0.40540000796318054
YER028C,YGL207W,1,-4.498104,0.05125204846262932,0.21899999678134918,0.40540000796318054
YLR183C,YLR249W,0,-4.4981937,0.05124005675315857,0.21899999678134918,0.40549999475479126
YML081C-A,YKL204W,0,-4.4983597,0.05122806876897812,0.21899999678134918,0.40560001134872437
YLR265C,YDR025W,0,-4.4984565,0.051216088235378265,0.21899999678134918,0.4056999981403351
YGR028W,YGR091W,0,-4.4984827,0.05120411515235901,0.21899999678134918,0.4058000147342682
YDR054C,YLR165C,0,-4.498778,0.05119214579463005,0.21899999678134918,0.4059000015258789
YFL031W,YJR110W,0,-4.499093,0.05118018388748169,0.21899999678134918,0.4059999883174896
YOR299W,YLR106C,0,-4.4993963,0.05116822570562363,0.21899999678134918,0.40610000491142273
YER171W,YIL143C,1,-4.4997826,0.05138986185193062,0.2199999988079071,0.40610000491142273
YOL089C,YGR274C,1,-4.4998627,0.05161139741539955,0.22100000083446503,0.40610000491142273
YPR167C,YIL167W,0,-4.4998875,0.05159934610128403,0.22100000083446503,0.40619999170303345
YGL087C,YMR133W,0,-4.500025,0.0515873022377491,0.22100000083446503,0.40630000829696655
YOL082W,YOR020C,0,-4.50041,0.05157526209950447,0.22100000083446503,0.40639999508857727
YHR172W,YKR050W,0,-4.5007634,0.05156322941184044,0.22100000083446503,0.4065000116825104
YDR141C,YJL106W,0,-4.5007915,0.051551200449466705,0.22100000083446503,0.4065999984741211
YDL085W,YGL127C,0,-4.5008564,0.05153917893767357,0.22100000083446503,0.4066999852657318
YOR317W,YAL051W,0,-4.5009074,0.05152716115117073,0.22100000083446503,0.4068000018596649
YMR052W,YML074C,0,-4.5010524,0.05151515081524849,0.22100000083446503,0.40689998865127563
YER028C,YPR186C,1,-4.501162,0.05173619091510773,0.22200000286102295,0.40689998865127563
YNL314W,YML015C,1,-4.501259,0.051957130432128906,0.22300000488758087,0.40689998865127563
YJL117W,YHR090C,0,-4.5012774,0.051945026963949203,0.22300000488758087,0.40700000524520874
YCR020W-B,YLR355C,0,-4.5017776,0.0519329309463501,0.22300000488758087,0.40709999203681946
YKL014C,YHR016C,0,-4.5022817,0.05192083865404129,0.22300000488758087,0.40720000863075256
YML104C,YOR075W,0,-4.5025263,0.05190875381231308,0.22300000488758087,0.4072999954223633
YLR314C,YLR139C,0,-4.502541,0.05189667269587517,0.22300000488758087,0.4074000120162964
YDR254W,YLR133W,0,-4.5028696,0.05188459903001785,0.22300000488758087,0.4074999988079071
YKR009C,YOL076W,0,-4.503187,0.051872529089450836,0.22300000488758087,0.4075999855995178
YDR079C-A,YGR186W,1,-4.503664,0.0520930215716362,0.2240000069141388,0.4075999855995178
YNL314W,YPL011C,1,-4.5042963,0.052313417196273804,0.22499999403953552,0.4075999855995178
YOR137C,YKR020W,0,-4.504562,0.052301254123449326,0.22499999403953552,0.4077000021934509
YCL044C,YLR248W,0,-4.504758,0.05228910222649574,0.22499999403953552,0.40779998898506165
YDR164C,YBR058C-A,0,-4.5048513,0.05227695032954216,0.22499999403953552,0.40790000557899475
YHR170W,YDR238C,0,-4.5049467,0.05226480960845947,0.22499999403953552,0.40799999237060547
YJR013W,YOR054C,0,-4.5049534,0.052252668887376785,0.22499999403953552,0.4081000089645386
YJR070C,YBR218C,0,-4.505595,0.05224053934216499,0.22499999403953552,0.4081999957561493
YIL009C-A,YBL017C,0,-4.505601,0.0522284135222435,0.22499999403953552,0.4083000123500824
YLL015W,YMR117C,0,-4.505671,0.052216291427612305,0.22499999403953552,0.4083999991416931
YBR274W,YBL056W,0,-4.5059967,0.05220417678356171,0.22499999403953552,0.40849998593330383
YNL072W,YOR256C,0,-4.5060043,0.05219206586480141,0.22499999403953552,0.40860000252723694
YNR056C,YOR270C,0,-4.5062466,0.052179962396621704,0.22499999403953552,0.40869998931884766
YBR087W,YJL056C,0,-4.5066133,0.0521678663790226,0.22499999403953552,0.40880000591278076
YBR107C,YAL025C,0,-4.506911,0.05215577036142349,0.22499999403953552,0.4088999927043915
YER171W,YAL001C,1,-4.507509,0.0523754358291626,0.22599999606609344,0.4088999927043915
YLR401C,YIL030C,0,-4.5076284,0.05236329883337021,0.22599999606609344,0.4090000092983246
YNL163C,YPR108W,0,-4.5076566,0.05235116928815842,0.22599999606609344,0.4090999960899353
YLR228C,YPL258C,0,-4.507701,0.05233904719352722,0.22599999606609344,0.4092000126838684
YHR082C,YJR063W,0,-4.5080976,0.052326928824186325,0.22599999606609344,0.4092999994754791
YDR039C,YGR158C,0,-4.508564,0.05231481418013573,0.22599999606609344,0.40939998626708984
YER006W,YGL126W,0,-4.5086646,0.052302706986665726,0.22599999606609344,0.40950000286102295
YGR256W,YOL138C,0,-4.50877,0.05229060724377632,0.22599999606609344,0.40959998965263367
YDL099W,YPR188C,0,-4.5088067,0.052278511226177216,0.22599999606609344,0.4097000062465668
YJR052W,YLR197W,0,-4.508983,0.05226641893386841,0.22599999606609344,0.4097999930381775
YOR037W,YLR340W,0,-4.509075,0.0522543340921402,0.22599999606609344,0.4099000096321106
YJL024C,YPR137W,0,-4.509124,0.052242256700992584,0.22599999606609344,0.4099999964237213
YPL124W,YLR020C,0,-4.5092382,0.05223018303513527,0.22599999606609344,0.4101000130176544
YOL027C,YER041W,0,-4.5093727,0.05221811309456825,0.22599999606609344,0.41019999980926514
YDR046C,YAL030W,0,-4.509565,0.05220605060458183,0.22599999606609344,0.41029998660087585
YDL030W,YCL069W,0,-4.5100145,0.05219399556517601,0.22599999606609344,0.41040000319480896
YGR041W,YML126C,0,-4.510373,0.052181944251060486,0.22599999606609344,0.4104999899864197
YOL001W,YJL145W,0,-4.5104537,0.05216989666223526,0.22599999606609344,0.4106000065803528
YGL075C,YHR152W,0,-4.5107775,0.05215785652399063,0.22599999606609344,0.4106999933719635
YNL026W,YPR181C,0,-4.5110025,0.0521458238363266,0.22599999606609344,0.4108000099658966
YOR145C,YOL028C,0,-4.511135,0.052133794873952866,0.22599999606609344,0.4108999967575073
YOR206W,YCR060W,0,-4.5112367,0.05212176963686943,0.22599999606609344,0.41100001335144043
YDR503C,YDR260C,0,-4.511693,0.05210975185036659,0.22599999606609344,0.41110000014305115
YIR023W,YNR046W,0,-4.511858,0.05209774151444435,0.22599999606609344,0.41119998693466187
YDL028C,YCR026C,0,-4.5118837,0.05208573490381241,0.22599999606609344,0.41130000352859497
YPL256C,YJL106W,0,-4.511939,0.052073732018470764,0.22599999606609344,0.4113999903202057
YLR182W,YLR337C,0,-4.5121427,0.05206173658370972,0.22599999606609344,0.4115000069141388
YNL027W,YGR264C,0,-4.512192,0.05204974487423897,0.22599999606609344,0.4115999937057495
YPL190C,YOL039W,0,-4.512265,0.052037760615348816,0.22599999606609344,0.4117000102996826
YOR130C,YDR495C,0,-4.512327,0.05202578380703926,0.22599999606609344,0.41179999709129333
YPL188W,YNL154C,0,-4.512961,0.052013810724020004,0.22599999606609344,0.41190001368522644
YNL110C,YBL055C,0,-4.5131526,0.052001841366291046,0.22599999606609344,0.41200000047683716
YKR002W,YNL151C,0,-4.5131845,0.051989879459142685,0.22599999606609344,0.4120999872684479
YJL072C,YGR162W,0,-4.513347,0.05197792127728462,0.22599999606609344,0.412200003862381
YKR027W,YOR201C,0,-4.513788,0.051965970546007156,0.22599999606609344,0.4122999906539917
YOL115W,YNL302C,0,-4.5138493,0.05195402354001999,0.22599999606609344,0.4124000072479248
YNR072W,YML124C,0,-4.514701,0.05194208398461342,0.22599999606609344,0.4124999940395355
YOL104C,YGL127C,0,-4.514798,0.05193014815449715,0.22599999606609344,0.41260001063346863
YDR017C,YPR007C,0,-4.5151634,0.05191821604967117,0.22599999606609344,0.41269999742507935
YDL116W,YMR218C,0,-4.5156584,0.051906291395425797,0.22599999606609344,0.41280001401901245
YDR517W,YJR063W,0,-4.5161657,0.05189437419176102,0.22599999606609344,0.41290000081062317
YDR331W,YIL150C,0,-4.516476,0.051882460713386536,0.22599999606609344,0.4129999876022339
YBR004C,YOL095C,0,-4.51659,0.05187055468559265,0.22599999606609344,0.413100004196167
YOL049W,YPR010C,0,-4.516717,0.051858652383089066,0.22599999606609344,0.4131999909877777
YGR224W,YHR043C,0,-4.5169735,0.05184675380587578,0.22599999606609344,0.4133000075817108
YPR007C,YKR050W,0,-4.5170403,0.05183486267924309,0.22599999606609344,0.41339999437332153
YNR049C,YHR206W,0,-4.5172453,0.051822975277900696,0.22599999606609344,0.41350001096725464
YFL050C,YOL126C,0,-4.5173492,0.0518110953271389,0.22599999606609344,0.41359999775886536
YBR161W,YNL216W,0,-4.5174885,0.051799219101667404,0.22599999606609344,0.41370001435279846
YJR001W,YHR092C,0,-4.5176263,0.051787350326776505,0.22599999606609344,0.4138000011444092
YPL110C,YOR145C,0,-4.5177665,0.0517754852771759,0.22599999606609344,0.4138999879360199
YDR118W,YFL009W,0,-4.517916,0.0517636276781559,0.22599999606609344,0.414000004529953
YKL208W,YDR495C,0,-4.518675,0.05175177380442619,0.22599999606609344,0.4140999913215637
YHL048W,YHR072W,0,-4.518834,0.051739927381277084,0.22599999606609344,0.4142000079154968
YGL201C,YLR195C,0,-4.518855,0.051728084683418274,0.22599999606609344,0.41429999470710754
YPL194W,YGL169W,0,-4.518874,0.05171624571084976,0.22599999606609344,0.41440001130104065
YLR175W,YDL039C,0,-4.5189114,0.05170441418886185,0.22599999606609344,0.41449999809265137
YER171W,YCR042C,1,-4.519045,0.05192131921648979,0.22699999809265137,0.41449999809265137
YIL132C,YLR313C,0,-4.519163,0.051909442991018295,0.22699999809265137,0.4146000146865845
YDR208W,YDR293C,0,-4.519375,0.051897577941417694,0.22699999809265137,0.4147000014781952
YCL066W,YBR185C,0,-4.519586,0.05188571289181709,0.22699999809265137,0.4147999882698059
YDL223C,YHR060W,0,-4.5200586,0.05187385901808739,0.22699999809265137,0.414900004863739
YNL074C,YFR031C,0,-4.5204606,0.05186200514435768,0.22699999809265137,0.41499999165534973
YOL044W,YJR066W,0,-4.5209217,0.05185015872120857,0.22699999809265137,0.41510000824928284
YGR133W,YOL109W,0,-4.5210667,0.05183831974864006,0.22699999809265137,0.41519999504089355
YPL194W,YGR213C,0,-4.5211606,0.05182648450136185,0.22699999809265137,0.41530001163482666
YNR074C,YBR179C,0,-4.5216923,0.05181465297937393,0.22699999809265137,0.4153999984264374
YJL010C,YBR267W,0,-4.521876,0.051802828907966614,0.22699999809265137,0.4154999852180481
YDL087C,YLR154C,0,-4.521881,0.05179101228713989,0.22699999809265137,0.4156000018119812
YLL038C,YBL042C,0,-4.52207,0.05177919566631317,0.22699999809265137,0.4156999886035919
YJR082C,YJL080C,0,-4.522104,0.051767390221357346,0.22699999809265137,0.415800005197525
YBR161W,YLR401C,0,-4.522343,0.05175558477640152,0.22699999809265137,0.41589999198913574
YPL147W,YHR001W-A,0,-4.5228395,0.05174378678202629,0.22699999809265137,0.41600000858306885
YNL071W,YKR089C,0,-4.5230055,0.05173199623823166,0.22699999809265137,0.41609999537467957
YJL011C,YOR194C,1,-4.5231667,0.051948051899671555,0.2280000001192093,0.41609999537467957
YHR058C,YBR060C,0,-4.523246,0.05193622037768364,0.2280000001192093,0.41620001196861267
YKR095W,YDL120W,0,-4.5233116,0.05192439258098602,0.2280000001192093,0.4162999987602234
YMR091C,YOL124C,0,-4.5244393,0.051912568509578705,0.2280000001192093,0.4163999855518341
YJL024C,YMR142C,0,-4.5244646,0.051900751888751984,0.2280000001192093,0.4165000021457672
YAL038W,YDL090C,0,-4.5247707,0.05188893899321556,0.2280000001192093,0.41659998893737793
YFL024C,YIL042C,0,-4.5248876,0.051877133548259735,0.2280000001192093,0.41670000553131104
YIL065C,YKL089W,0,-4.5250783,0.05186533182859421,0.2280000001192093,0.41679999232292175
YCL011C,YPL164C,0,-4.5256,0.05185353755950928,0.2280000001192093,0.41690000891685486
YHR036W,YGL106W,0,-4.5261383,0.051841747015714645,0.2280000001192093,0.4169999957084656
YOR003W,YPL206C,0,-4.5269203,0.05182996019721031,0.2280000001192093,0.4171000123023987
YLR210W,YOR076C,0,-4.52746,0.051818180829286575,0.2280000001192093,0.4171999990940094
YDL083C,YER093C,0,-4.5274854,0.051806408911943436,0.2280000001192093,0.4172999858856201
YMR128W,YAL053W,0,-4.527564,0.051794636994600296,0.2280000001192093,0.4174000024795532
YOR025W,YGL106W,0,-4.5277824,0.05178287625312805,0.2280000001192093,0.41749998927116394
YGL113W,YGR296W,0,-4.528028,0.05177111551165581,0.2280000001192093,0.41760000586509705
YDR411C,YGR119C,0,-4.52823,0.05175936594605446,0.2280000001192093,0.41769999265670776
YGL033W,YDL194W,0,-4.5282683,0.05174761638045311,0.2280000001192093,0.41780000925064087
YIR028W,YKR007W,0,-4.5284214,0.05173587426543236,0.2280000001192093,0.4178999960422516
YHR142W,YNL164C,0,-4.5284624,0.0517241396009922,0.2280000001192093,0.4180000126361847
YNL151C,YDR087C,0,-4.528518,0.05171240493655205,0.2280000001192093,0.4180999994277954
YPL233W,YOR373W,0,-4.528568,0.05170068144798279,0.2280000001192093,0.41819998621940613
YHR170W,YPL016W,0,-4.5287123,0.05168895795941353,0.2280000001192093,0.41830000281333923
YNL039W,YOL067C,1,-4.528857,0.051903899759054184,0.2290000021457672,0.41830000281333923
YFL003C,YDL098C,0,-4.5293503,0.05189213529229164,0.2290000021457672,0.41839998960494995
YNL112W,YNL239W,0,-4.529369,0.051880382001399994,0.2290000021457672,0.41850000619888306
YLR295C,YPL093W,0,-4.529375,0.05186862871050835,0.2290000021457672,0.4185999929904938
YOR033C,YOL143C,0,-4.5294895,0.051856882870197296,0.2290000021457672,0.4187000095844269
YPR133W-A,YGL225W,0,-4.5302467,0.05184514448046684,0.2290000021457672,0.4187999963760376
YPR189W,YLR139C,0,-4.5303965,0.05183340981602669,0.2290000021457672,0.4189000129699707
YER119C,YDR244W,0,-4.531088,0.05182167887687683,0.2290000021457672,0.4189999997615814
YDL036C,YPR189W,0,-4.5315113,0.05180995538830757,0.2290000021457672,0.41909998655319214
YOL067C,YPR086W,1,-4.532427,0.05202442780137062,0.23000000417232513,0.41909998655319214
YHR190W,YGR158C,0,-4.5326996,0.05201266333460808,0.23000000417232513,0.41920000314712524
YOR288C,YKL056C,0,-4.533071,0.052000902593135834,0.23000000417232513,0.41929998993873596
YNL275W,YER088C,0,-4.5331364,0.051989149302244186,0.23000000417232513,0.41940000653266907
YMR172W,YPL126W,0,-4.5331464,0.05197739973664284,0.23000000417232513,0.4194999933242798
YDR174W,YLR288C,0,-4.533185,0.051965657621622086,0.23000000417232513,0.4196000099182129
YPL001W,YOR036W,0,-4.5332603,0.05195391923189163,0.23000000417232513,0.4196999967098236
YBR247C,YPL196W,0,-4.533478,0.05194218456745148,0.23000000417232513,0.4198000133037567
YGL162W,YMR313C,0,-4.5341835,0.05193045735359192,0.23000000417232513,0.41990000009536743
YEL050C,YPL033C,0,-4.53455,0.05191873759031296,0.23000000417232513,0.41999998688697815
YNL257C,YMR227C,1,-4.5349975,0.05213269963860512,0.23100000619888306,0.41999998688697815
YBL063W,YNL332W,0,-4.5350084,0.052120938897132874,0.23100000619888306,0.42010000348091125
YOL139C,YMR035W,0,-4.53522,0.05210918188095093,0.23100000619888306,0.420199990272522
YML107C,YFR033C,0,-4.535327,0.05209742859005928,0.23100000619888306,0.4203000068664551
YNL314W,YJL011C,1,-4.5359287,0.052311159670352936,0.23199999332427979,0.4203000068664551
YOL067C,YML098W,1,-4.53605,0.05252479761838913,0.2329999953508377,0.4203000068664551
YHR193C,YBL008W,0,-4.536072,0.05251295864582062,0.2329999953508377,0.4203999936580658
YNL314W,YLR005W,1,-4.5361013,0.05272645503282547,0.23399999737739563,0.4203999936580658
YLL035W,YML014W,0,-4.536364,0.052714575082063675,0.23399999737739563,0.4205000102519989
YML061C,YNL250W,0,-4.5368147,0.05270270258188248,0.23399999737739563,0.4205999970436096
YOL086C,YDL030W,0,-4.536837,0.05269083380699158,0.23399999737739563,0.4207000136375427
YPR104C,YKL099C,0,-4.536866,0.052678972482681274,0.23399999737739563,0.42080000042915344
YMR143W,YOR115C,0,-4.537108,0.05266711860895157,0.23399999737739563,0.42089998722076416
YDL003W,YNL267W,0,-4.537463,0.05265526473522186,0.23399999737739563,0.42100000381469727
YDR116C,YGL115W,0,-4.5382605,0.052643418312072754,0.23399999737739563,0.421099990606308
YJR040W,YJR127C,0,-4.5386925,0.05263157933950424,0.23399999737739563,0.4212000072002411
YGL171W,YML010W,0,-4.5388174,0.05261974409222603,0.23399999737739563,0.4212999939918518
YEL016C,YGL163C,0,-4.538856,0.05260791257023811,0.23399999737739563,0.4214000105857849
YPL194W,YFL041W,0,-4.539679,0.052596088498830795,0.23399999737739563,0.42149999737739563
YBR165W,YDL170W,0,-4.5401626,0.052584268152713776,0.23399999737739563,0.42160001397132874
YNL026W,YDR293C,0,-4.540227,0.05257245525717735,0.23399999737739563,0.42170000076293945
YML015C,YPL129W,1,-4.5404205,0.05278526619076729,0.23499999940395355,0.42170000076293945
YLL060C,YOR103C,0,-4.540484,0.05277341231703758,0.23499999940395355,0.42179998755455017
YAL054C,YJL201W,0,-4.5406814,0.052761562168598175,0.23499999940395355,0.4219000041484833
YJR013W,YBR280C,0,-4.5408974,0.052749719470739365,0.23499999940395355,0.421999990940094
YDL113C,YEL063C,0,-4.5409384,0.05273788049817085,0.23499999940395355,0.4221000075340271
YBR004C,YLR119W,0,-4.541027,0.05272604897618294,0.23499999940395355,0.4221999943256378
YNL009W,YER082C,0,-4.5410476,0.05271422117948532,0.23499999940395355,0.4223000109195709
YDR384C,YCR039C,0,-4.5410624,0.0527024008333683,0.23499999940395355,0.42239999771118164
YBR198C,YGR186W,1,-4.5412645,0.05291479825973511,0.23600000143051147,0.42239999771118164
YLR007W,YBR126C,0,-4.541355,0.052902936935424805,0.23600000143051147,0.42250001430511475
YDL140C,YHR056C,0,-4.5413985,0.0528910793364048,0.23600000143051147,0.42260000109672546
YJR021C,YBR228W,0,-4.5414777,0.05287922918796539,0.23600000143051147,0.4226999878883362
YLR223C,YOR328W,0,-4.541565,0.052867382764816284,0.23600000143051147,0.4228000044822693
YBR288C,YNL339C,0,-4.5422335,0.05285554379224777,0.23600000143051147,0.42289999127388
YNL259C,YNL286W,0,-4.5429564,0.05284370854496956,0.23600000143051147,0.4230000078678131
YNL149C,YGR123C,0,-4.5430336,0.052831877022981644,0.23600000143051147,0.42309999465942383
YNL020C,YOR172W,0,-4.5434074,0.052820052951574326,0.23600000143051147,0.42320001125335693
YGR262C,YLR106C,0,-4.543914,0.052808236330747604,0.23600000143051147,0.42329999804496765
YNL103W,YLR385C,0,-4.543986,0.05279641970992088,0.23600000143051147,0.42340001463890076
YNR032C-A,YPL179W,0,-4.5440493,0.05278461053967476,0.23600000143051147,0.4235000014305115
YAL011W,YOR359W,0,-4.544403,0.05277280882000923,0.23600000143051147,0.4235999882221222
YPL227C,YKR001C,0,-4.5444775,0.052761010825634,0.23600000143051147,0.4237000048160553
YOR147W,YGL208W,0,-4.544574,0.05274921655654907,0.23600000143051147,0.423799991607666
YIL112W,YJL050W,0,-4.545262,0.05273742973804474,0.23600000143051147,0.4239000082015991
YHR115C,YMR260C,0,-4.5454535,0.052725646644830704,0.23600000143051147,0.42399999499320984
YBR296C,YGR020C,0,-4.545671,0.052713871002197266,0.23600000143051147,0.42410001158714294
YER041W,YNL241C,0,-4.545883,0.052702099084854126,0.23600000143051147,0.42419999837875366
YKR061W,YLR316C,0,-4.545898,0.052690330892801285,0.23600000143051147,0.4242999851703644
YPR179C,YOL125W,0,-4.5460715,0.05267857015132904,0.23600000143051147,0.4244000017642975
YJR070C,YDR470C,0,-4.5462837,0.05266681686043739,0.23600000143051147,0.4244999885559082
YNR002C,YJR068W,0,-4.5463953,0.052655063569545746,0.23600000143051147,0.4246000051498413
YLR220W,YDL174C,0,-4.546421,0.052643317729234695,0.23600000143051147,0.424699991941452
YPR186C,YDR079C-A,1,-4.5479326,0.052854593843221664,0.2370000034570694,0.424699991941452
YPL187W,YNL099C,0,-4.5479684,0.05284281075000763,0.2370000034570694,0.42480000853538513
YDL017W,YML062C,0,-4.5485435,0.05283103138208389,0.2370000034570694,0.42489999532699585
YMR232W,YJR052W,0,-4.5489626,0.052819255739450455,0.2370000034570694,0.42500001192092896
YHR175W,YNL167C,0,-4.549057,0.052807487547397614,0.2370000034570694,0.4250999987125397
YJL012C,YOR083W,0,-4.5505934,0.05279572308063507,0.2370000034570694,0.4251999855041504
YGR113W,YFL031W,0,-4.5505996,0.052783966064453125,0.2370000034570694,0.4253000020980835
YAL013W,YNL001W,0,-4.550756,0.05277221277356148,0.2370000034570694,0.4253999888896942
YLR103C,YDR120C,0,-4.5507884,0.05276046320796013,0.2370000034570694,0.4255000054836273
YLR319C,YHR027C,0,-4.550966,0.05274872109293938,0.2370000034570694,0.42559999227523804
YJL201W,YHR014W,0,-4.551599,0.05273698270320892,0.2370000034570694,0.42570000886917114
YNR072W,YNL149C,0,-4.552003,0.05272525176405907,0.2370000034570694,0.42579999566078186
YNL055C,YER111C,0,-4.5520077,0.05271352455019951,0.2370000034570694,0.42590001225471497
YDR309C,YHR118C,0,-4.5526114,0.05270180106163025,0.2370000034570694,0.4259999990463257
YPR144C,YBL004W,0,-4.55269,0.052690085023641586,0.2370000034570694,0.4260999858379364
YNR032C-A,YBL057C,0,-4.5528812,0.05267837271094322,0.2370000034570694,0.4262000024318695
YJL194W,YDL005C,0,-4.5538874,0.052666667848825455,0.2370000034570694,0.4262999892234802
YER111C,YDR353W,0,-4.5539794,0.052654966711997986,0.2370000034570694,0.42640000581741333
YER070W,YOR261C,0,-4.554059,0.052643269300460815,0.2370000034570694,0.42649999260902405
YLR068W,YBL039C,0,-4.5544376,0.05263157933950424,0.2370000034570694,0.42660000920295715
YBL071W-A,YKR052C,0,-4.5544844,0.05261989310383797,0.2370000034570694,0.42669999599456787
YLR256W,YHR031C,0,-4.5548315,0.05260821431875229,0.2370000034570694,0.426800012588501
YHR148W,YBR276C,0,-4.5549335,0.05259653925895691,0.2370000034570694,0.4268999993801117
YKL182W,YOL138C,0,-4.55547,0.05258486792445183,0.2370000034570694,0.4269999861717224
YEL016C,YNL264C,0,-4.5554905,0.052573204040527344,0.2370000034570694,0.4271000027656555
YGR268C,YGL201C,0,-4.5555997,0.05256154388189316,0.2370000034570694,0.42719998955726624
YAL033W,YDR484W,0,-4.5559554,0.05254988744854927,0.2370000034570694,0.42730000615119934
YLR068W,YCR020C-A,0,-4.5560427,0.05253823846578598,0.2370000034570694,0.42739999294281006
YDL087C,YLR409C,0,-4.556085,0.05252659693360329,0.2370000034570694,0.42750000953674316
YML129C,YDL087C,0,-4.5560966,0.05251495540142059,0.2370000034570694,0.4275999963283539
YOR381W,YCR026C,0,-4.5561604,0.0525033213198185,0.2370000034570694,0.427700012922287
YOR355W,YPR162C,0,-4.5563087,0.052491694688797,0.2370000034570694,0.4277999997138977
YDL031W,YGL093W,0,-4.5565753,0.052480071783065796,0.2370000034570694,0.4278999865055084
YMR095C,YPL232W,0,-4.5565896,0.05246845260262489,0.2370000034570694,0.42800000309944153
YER028C,YOR110W,1,-4.5566697,0.052678175270557404,0.23800000548362732,0.42800000309944153
YPL177C,YCR042C,1,-4.5569396,0.05288780853152275,0.23899999260902405,0.42800000309944153
YKL019W,YKL038W,0,-4.5569944,0.05287610739469528,0.23899999260902405,0.42809998989105225
YOL034W,YBR058C,0,-4.5570884,0.05286440998315811,0.23899999260902405,0.42820000648498535
YDL024C,YGR221C,0,-4.5572925,0.05285272002220154,0.23899999260902405,0.42829999327659607
YDR069C,YBR196C,0,-4.557429,0.05284103378653526,0.23899999260902405,0.4284000098705292
YLR114C,YGR286C,0,-4.557467,0.052829355001449585,0.23899999260902405,0.4284999966621399
YER028C,YOR194C,1,-4.5579424,0.05303867533802986,0.23999999463558197,0.4284999966621399
YOR156C,YDR436W,0,-4.558005,0.0530269555747509,0.23999999463558197,0.428600013256073
YGL032C,YLR165C,0,-4.558296,0.053015243262052536,0.23999999463558197,0.4287000000476837
YER016W,YML121W,0,-4.5588856,0.05300353467464447,0.23999999463558197,0.42879998683929443
YNR043W,YPR137W,0,-4.558916,0.0529918298125267,0.23999999463558197,0.42890000343322754
YHR176W,YBR021W,0,-4.559009,0.05298013240098953,0.23999999463558197,0.42899999022483826
YJR078W,YAL038W,0,-4.559167,0.05296843871474266,0.23999999463558197,0.42910000681877136
YBL057C,YDR527W,0,-4.559421,0.052956752479076385,0.23999999463558197,0.4291999936103821
YDL247W,YDR494W,0,-4.5596943,0.05294506996870041,0.23999999463558197,0.4293000102043152
YGR238C,YML109W,0,-4.5597343,0.05293339118361473,0.23999999463558197,0.4293999969959259
YGR188C,YDL226C,0,-4.5598793,0.05292171984910965,0.23999999463558197,0.429500013589859
YHR011W,YPL242C,0,-4.5599766,0.05291005223989487,0.23999999463558197,0.4296000003814697
YGR274C,YPR056W,1,-4.560098,0.05311880260705948,0.2409999966621399,0.4296000003814697
YHR031C,YER024W,0,-4.56124,0.05310709401965141,0.2409999966621399,0.42969998717308044
YDR016C,YFL033C,0,-4.5613246,0.05309539660811424,0.2409999966621399,0.42980000376701355
YLL008W,YAL016W,0,-4.5615807,0.05308369919657707,0.2409999966621399,0.42989999055862427
YLL008W,YKR059W,0,-4.5616283,0.0530720092356205,0.2409999966621399,0.4300000071525574
YGR142W,YDR178W,0,-4.5617733,0.05306032672524452,0.2409999966621399,0.4300999939441681
YDR184C,YKL134C,0,-4.5618563,0.053048647940158844,0.2409999966621399,0.4302000105381012
YJR022W,YOL034W,0,-4.561939,0.053036972880363464,0.2409999966621399,0.4302999973297119
YNL101W,YKL022C,0,-4.562119,0.05302530154585838,0.2409999966621399,0.430400013923645
YHR129C,YOL112W,0,-4.562357,0.0530136376619339,0.2409999966621399,0.43050000071525574
YOR208W,YOR265W,0,-4.562456,0.05300197750329971,0.2409999966621399,0.43059998750686646
YPR030W,YGR278W,0,-4.5627007,0.052990324795246124,0.2409999966621399,0.43070000410079956
YHR077C,YBL034C,0,-4.5627666,0.052978675812482834,0.2409999966621399,0.4307999908924103
YBR135W,YIL019W,0,-4.562784,0.05296703428030014,0.2409999966621399,0.4309000074863434
YIL002C,YPR165W,0,-4.563041,0.05295539274811745,0.2409999966621399,0.4309999942779541
YLR133W,YPR065W,0,-4.5634747,0.05294376239180565,0.2409999966621399,0.4311000108718872
YEL031W,YJR066W,0,-4.563509,0.05293213203549385,0.2409999966621399,0.4311999976634979
YDR329C,YPR036W,0,-4.563596,0.05292050912976265,0.2409999966621399,0.43130001425743103
YOR201C,YJR035W,0,-4.5636544,0.05290888994932175,0.2409999966621399,0.43140000104904175
YFR019W,YEL013W,0,-4.5640163,0.05289727821946144,0.2409999966621399,0.43149998784065247
YMR095C,YIL129C,0,-4.564044,0.052885670214891434,0.2409999966621399,0.43160000443458557
YGL044C,YKL173W,0,-4.564286,0.052874065935611725,0.2409999966621399,0.4316999912261963
YPL202C,YNL039W,1,-4.5649743,0.05308181792497635,0.24199999868869781,0.4316999912261963
YIL132C,YDR195W,0,-4.565284,0.053070176392793655,0.24199999868869781,0.4318000078201294
YMR272C,YJL141C,0,-4.565589,0.05305853858590126,0.24199999868869781,0.4318999946117401
YOL067C,YPL122C,1,-4.5663586,0.05326611176133156,0.24300000071525574,0.4318999946117401
YDR423C,YGL044C,0,-4.5664673,0.05325443670153618,0.24300000071525574,0.4320000112056732
YCR020C-A,YOL144W,0,-4.566473,0.053242769092321396,0.24300000071525574,0.43209999799728394
YOL067C,YDR145W,1,-4.56699,0.05345016345381737,0.24400000274181366,0.43209999799728394
YER148W,YGR274C,1,-4.567376,0.053657468408346176,0.24500000476837158,0.43209999799728394
YIL038C,YLL041C,0,-4.567731,0.05364571884274483,0.24500000476837158,0.43220001459121704
YLL009C,YLL041C,0,-4.567765,0.053633976727724075,0.24500000476837158,0.43230000138282776
YOR340C,YBR172C,0,-4.568078,0.05362223833799362,0.24500000476837158,0.4323999881744385
YER105C,YGL171W,0,-4.5684137,0.05361050367355347,0.24500000476837158,0.4325000047683716
YGR041W,YBL008W,0,-4.568954,0.05359877645969391,0.24500000476837158,0.4325999915599823
YLR025W,YOL124C,0,-4.569445,0.05358705297112465,0.24500000476837158,0.4327000081539154
YPL122C,YDR079C-A,1,-4.56983,0.0537940077483654,0.2460000067949295,0.4327000081539154
YIL131C,YDR158W,0,-4.5708303,0.05378224700689316,0.2460000067949295,0.4327999949455261
YOL010W,YOR143C,0,-4.571521,0.05377048999071121,0.2460000067949295,0.43290001153945923
YLR047C,YNL267W,0,-4.5716076,0.05375874042510986,0.2460000067949295,0.43299999833106995
YIL155C,YJL102W,0,-4.5716715,0.05374699458479881,0.2460000067949295,0.43309998512268066
YER018C,YGL169W,0,-4.5718927,0.05373525619506836,0.2460000067949295,0.43320000171661377
YML105C,YDL229W,0,-4.571908,0.053723521530628204,0.2460000067949295,0.4332999885082245
YJL030W,YGR202C,0,-4.572098,0.05371179059147835,0.2460000067949295,0.4334000051021576
YDR016C,YDR473C,0,-4.5725975,0.05370006710290909,0.2460000067949295,0.4334999918937683
YGR101W,YDR416W,0,-4.5726533,0.05368834733963013,0.2460000067949295,0.4336000084877014
YMR276W,YNR032W,0,-4.5728817,0.053676631301641464,0.2460000067949295,0.43369999527931213
YMR060C,YER111C,0,-4.5728927,0.0536649227142334,0.2460000067949295,0.43380001187324524
YKR025W,YMR142C,0,-4.573009,0.05365321785211563,0.2460000067949295,0.43389999866485596
YBR135W,YDR013W,0,-4.5739923,0.05364151671528816,0.2460000067949295,0.4339999854564667
YDR069C,YBR117C,0,-4.5742407,0.05362982302904129,0.2460000067949295,0.4341000020503998
YMR014W,YKR056W,0,-4.5742726,0.05361813306808472,0.2460000067949295,0.4341999888420105
YPL149W,YIL150C,0,-4.5745044,0.05360645055770874,0.2460000067949295,0.4343000054359436
YDR378C,YLR034C,0,-4.5749445,0.05359477177262306,0.2460000067949295,0.4343999922275543
YER171W,YDR167W,1,-4.5750103,0.05380091443657875,0.24699999392032623,0.4343999922275543
YMR083W,YLR231C,0,-4.5750694,0.05378919839859009,0.24699999392032623,0.4345000088214874
YGL073W,YDL185W,0,-4.575125,0.053777486085891724,0.24699999392032623,0.43459999561309814
YFL041W,YLR313C,0,-4.5758286,0.053765781223773956,0.24699999392032623,0.43470001220703125
YPL204W,YOR018W,0,-4.5758915,0.05375408008694649,0.24699999392032623,0.43479999899864197
YBR274W,YPR137W,0,-4.576432,0.053742386400699615,0.24699999392032623,0.4348999857902527
YML015C,YCR042C,1,-4.5767303,0.05394822731614113,0.24799999594688416,0.4348999857902527
YFL021W,YGR186W,1,-4.5771365,0.05415397882461548,0.24899999797344208,0.4348999857902527
YLR013W,YPL167C,0,-4.5772285,0.05414220318198204,0.24899999797344208,0.4350000023841858
YGR202C,YJL053W,0,-4.577343,0.0541304349899292,0.24899999797344208,0.4350999891757965
YMR276W,YPL065W,0,-4.5774727,0.054118670523166656,0.24899999797344208,0.4352000057697296
YOR133W,YOL138C,0,-4.5775657,0.05410690978169441,0.24899999797344208,0.43529999256134033
YNL239W,YDL014W,0,-4.5779676,0.054095156490802765,0.24899999797344208,0.43540000915527344
YHR041C,YJL059W,0,-4.57806,0.054083406925201416,0.24899999797344208,0.43549999594688416
YPL202C,YPR025C,1,-4.5780826,0.05428881570696831,0.25,0.43549999594688416
YPL170W,YGR101W,0,-4.5781975,0.054277028888463974,0.25,0.43560001254081726
YER109C,YOL064C,0,-4.5786057,0.05426524952054024,0.25,0.435699999332428
YMR001C,YBR201W,0,-4.5789065,0.0542534738779068,0.25,0.4357999861240387
YML060W,YBR258C,0,-4.5790052,0.05424170196056366,0.25,0.4359000027179718
YPL115C,YIL007C,0,-4.5793095,0.05422993376851082,0.25,0.4359999895095825
YAL058W,YJL210W,0,-4.5794683,0.054218173027038574,0.25,0.4361000061035156
YJL020C,YHR183W,0,-4.579509,0.05420641973614693,0.25,0.43619999289512634
YOR037W,YDL229W,0,-4.579536,0.05419466644525528,0.25,0.43630000948905945
YPR144C,YLR263W,0,-4.579542,0.05418292060494423,0.25,0.43639999628067017
YDL108W,YOL067C,1,-4.5798407,0.05438786745071411,0.25099998712539673,0.43639999628067017
YHR038W,YBL034C,0,-4.580365,0.054376084357500076,0.25099998712539673,0.43650001287460327
YDR529C,YOL004W,0,-4.580392,0.05436430498957634,0.25099998712539673,0.436599999666214
YIL155C,YOR115C,0,-4.5806713,0.0543525330722332,0.25099998712539673,0.4366999864578247
YML057W,YLL060C,0,-4.5807953,0.05434076488018036,0.25099998712539673,0.4368000030517578
YKL170W,YGR165W,0,-4.5809,0.054329004138708115,0.25099998712539673,0.43689998984336853
YMR186W,YOR143C,0,-4.581339,0.05431724712252617,0.25099998712539673,0.43700000643730164
YBR247C,YIL112W,0,-4.581387,0.05430549383163452,0.25099998712539673,0.43709999322891235
YNL039W,YCR042C,1,-4.581571,0.05451005697250366,0.25200000405311584,0.43709999322891235
YDL154W,YPR018W,0,-4.582017,0.05449827015399933,0.25200000405311584,0.43720000982284546
YDL200C,YDL229W,0,-4.5822363,0.054486487060785294,0.25200000405311584,0.4372999966144562
YDR101C,YDL115C,0,-4.5823016,0.05447470769286156,0.25200000405311584,0.4374000132083893
YPL129W,YAL001C,1,-4.582373,0.054679058492183685,0.2529999911785126,0.4374000132083893
YNL004W,YPR102C,0,-4.583248,0.054667241871356964,0.2529999911785126,0.4375
YOL094C,YDL216C,0,-4.583478,0.05465543270111084,0.2529999911785126,0.4375999867916107
YGR222W,YDR011W,0,-4.5834837,0.054643627256155014,0.2529999911785126,0.4377000033855438
YIL044C,YLR377C,0,-4.5835466,0.054631829261779785,0.2529999911785126,0.43779999017715454
YNR049C,YLR067C,0,-4.5837555,0.054620034992694855,0.2529999911785126,0.43790000677108765
YIR019C,YML109W,0,-4.583851,0.05460824444890022,0.2529999911785126,0.43799999356269836
YLR429W,YDL036C,0,-4.5842156,0.05459646135568619,0.2529999911785126,0.43810001015663147
YFR019W,YDR059C,0,-4.584644,0.05458468198776245,0.2529999911785126,0.4381999969482422
YER157W,YPL153C,0,-4.584812,0.05457290634512901,0.2529999911785126,0.4383000135421753
YOR157C,YDL083C,0,-4.585609,0.05456113815307617,0.2529999911785126,0.438400000333786
YBR288C,YLR263W,0,-4.586151,0.05454937368631363,0.2529999911785126,0.43849998712539673
YOR349W,YPL065W,0,-4.5865126,0.05453761667013168,0.2529999911785126,0.43860000371932983
YBL085W,YDR317W,0,-4.5865655,0.054525863379240036,0.2529999911785126,0.43869999051094055
YAL053W,YDR259C,0,-4.5865746,0.05451411381363869,0.2529999911785126,0.43880000710487366
YEL053C,YHL009C,0,-4.5874634,0.05450236797332764,0.2529999911785126,0.4388999938964844
YKL046C,YBR195C,0,-4.587634,0.05449062958359718,0.2529999911785126,0.4390000104904175
YBR257W,YGL169W,0,-4.5884104,0.05447889864444733,0.2529999911785126,0.4390999972820282
YBR059C,YDR384C,0,-4.5885878,0.05446716770529747,0.2529999911785126,0.4392000138759613
YGR175C,YAL030W,0,-4.5886674,0.05445544421672821,0.2529999911785126,0.439300000667572
YNL230C,YDR146C,0,-4.5888844,0.05444372817873955,0.2529999911785126,0.43939998745918274
YCL032W,YOR132W,0,-4.589129,0.054432012140750885,0.2529999911785126,0.43950000405311584
YPR131C,YOR156C,0,-4.589323,0.05442030727863312,0.2529999911785126,0.43959999084472656
YDL181W,YMR127C,0,-4.5896564,0.05440860241651535,0.2529999911785126,0.43970000743865967
YOR180C,YKR007W,0,-4.5896673,0.05439690500497818,0.2529999911785126,0.4397999942302704
YCL066W,YIL030C,0,-4.589721,0.05438521131873131,0.2529999911785126,0.4399000108242035
YDL181W,YPR189W,0,-4.5902567,0.054373521357774734,0.2529999911785126,0.4399999976158142
YNR030W,YDL181W,0,-4.5903015,0.05436183884739876,0.2529999911785126,0.4401000142097473
YLL018C-A,YLL035W,0,-4.590412,0.05435016006231308,0.2529999911785126,0.44020000100135803
YLR092W,YMR302C,0,-4.590455,0.054338488727808,0.2529999911785126,0.44029998779296875
YKL191W,YAR008W,0,-4.59056,0.054326821118593216,0.2529999911785126,0.44040000438690186
YBR290W,YPL095C,0,-4.590996,0.05431515723466873,0.2529999911785126,0.4404999911785126
YCL038C,YER041W,0,-4.5910444,0.054303497076034546,0.2529999911785126,0.4406000077724457
YOL123W,YKR053C,0,-4.5911913,0.05429184436798096,0.2529999911785126,0.4406999945640564
YGL171W,YOR064C,0,-4.591457,0.054280199110507965,0.2529999911785126,0.4408000111579895
YER028C,YPL122C,1,-4.5916176,0.05448305606842041,0.2540000081062317,0.4408000111579895
YOL067C,YMR227C,1,-4.5916853,0.05468582361936569,0.2549999952316284,0.4408000111579895
YOR224C,YLL024C,0,-4.59185,0.05467410013079643,0.2549999952316284,0.4408999979496002
YBR024W,YER018C,0,-4.5919185,0.05466238036751747,0.2549999952316284,0.4410000145435333
YFL003C,YDR325W,0,-4.5921745,0.05465066432952881,0.2549999952316284,0.44110000133514404
YKL059C,YOR068C,0,-4.5922832,0.05463895574212074,0.2549999952316284,0.44119998812675476
YJL081C,YBR084W,0,-4.5923185,0.054627250880002975,0.2549999952316284,0.44130000472068787
YLR228C,YIR019C,0,-4.5923905,0.05461554974317551,0.2549999952316284,0.4413999915122986
YJL209W,YBL056W,0,-4.5931835,0.054603856056928635,0.2549999952316284,0.4415000081062317
YOR033C,YOL116W,0,-4.5933375,0.05459216609597206,0.2549999952316284,0.4415999948978424
YGR165W,YOR063W,0,-4.5936146,0.054580479860305786,0.2549999952316284,0.4417000114917755
YML081C-A,YLR214W,0,-4.5937986,0.05456880107522011,0.2549999952316284,0.44179999828338623
YMR037C,YER075C,0,-4.5940504,0.05455712601542473,0.2549999952316284,0.44190001487731934
YIR012W,YML114C,0,-4.5941253,0.05454545468091965,0.2549999952316284,0.44200000166893005
YDL181W,YNR011C,0,-4.594265,0.05453379079699516,0.2549999952316284,0.44209998846054077
YNR054C,YJR045C,0,-4.5943046,0.05452213063836098,0.2549999952316284,0.4422000050544739
YCR047C,YBR165W,0,-4.5944653,0.05451047420501709,0.2549999952316284,0.4422999918460846
YEL061C,YGL244W,0,-4.596318,0.0544988252222538,0.2549999952316284,0.4424000084400177
YDR488C,YDL230W,0,-4.5963326,0.05448717996478081,0.2549999952316284,0.4424999952316284
YPR144C,YGL233W,0,-4.5966387,0.054475538432598114,0.2549999952316284,0.4426000118255615
YCR106W,YKL166C,0,-4.598303,0.05446390435099602,0.2549999952316284,0.44269999861717224
YNL258C,YKL143W,0,-4.598472,0.05445227399468422,0.2549999952316284,0.44279998540878296
YMR001C,YKL196C,0,-4.5984755,0.05444064736366272,0.2549999952316284,0.44290000200271606
YOR363C,YDR359C,0,-4.5986085,0.05442902818322182,0.2549999952316284,0.4429999887943268
YLR310C,YLL035W,0,-4.5988245,0.05441741272807121,0.2549999952316284,0.4431000053882599
YOL067C,YIL143C,1,-4.598832,0.054619159549474716,0.25600001215934753,0.4431000053882599
YPL098C,YLR249W,0,-4.598854,0.05460750684142113,0.25600001215934753,0.4431999921798706
YGL070C,YHR172W,0,-4.599034,0.054595861583948135,0.25600001215934753,0.4433000087738037
YGR003W,YDR279W,0,-4.599153,0.05458422005176544,0.25600001215934753,0.44339999556541443
YJL014W,YML041C,0,-4.599181,0.054572585970163345,0.25600001215934753,0.44350001215934753
YPL008W,YER109C,0,-4.5994625,0.05456095561385155,0.25600001215934753,0.44359999895095825
YKL129C,YPR182W,0,-4.600162,0.05454932898283005,0.25600001215934753,0.44369998574256897
YIR037W,YDR205W,0,-4.6004443,0.054537706077098846,0.25600001215934753,0.4438000023365021
YBR286W,YLR453C,0,-4.6007633,0.05452609062194824,0.25600001215934753,0.4438999891281128
YLL008W,YKL029C,0,-4.6014457,0.054514478892087936,0.25600001215934753,0.4440000057220459
YLR114C,YOL121C,0,-4.601735,0.05450287461280823,0.25600001215934753,0.4440999925136566
YHL002W,YGR030C,0,-4.601766,0.05449127405881882,0.25600001215934753,0.4442000091075897
YDR270W,YDL111C,0,-4.6020465,0.054479677230119705,0.25600001215934753,0.44429999589920044
YPR037C,YLR212C,0,-4.602093,0.05446808412671089,0.25600001215934753,0.44440001249313354
YLR397C,YMR127C,0,-4.602911,0.054456498473882675,0.25600001215934753,0.44449999928474426
YMR058W,YGR193C,0,-4.60322,0.05444491654634476,0.25600001215934753,0.444599986076355
YPR005C,YLR222C,0,-4.603505,0.054433342069387436,0.25600001215934753,0.4447000026702881
YOL086C,YDR470C,0,-4.60381,0.054421767592430115,0.25600001215934753,0.4447999894618988
YHL048W,YOL003C,0,-4.604167,0.05441020056605339,0.25600001215934753,0.4449000060558319
YLL019C,YHR039C,0,-4.6044474,0.05439864099025726,0.25600001215934753,0.4449999928474426
YIL013C,YML046W,0,-4.605059,0.054387081414461136,0.25600001215934753,0.44510000944137573
YIL144W,YFL037W,0,-4.6051817,0.054375529289245605,0.25600001215934753,0.44519999623298645
YOR232W,YDL044C,0,-4.605348,0.05436398461461067,0.25600001215934753,0.44530001282691956
YIL154C,YOR143C,0,-4.6056547,0.05435243993997574,0.25600001215934753,0.4453999996185303
YPL065W,YJL045W,0,-4.6057835,0.0543409027159214,0.25600001215934753,0.445499986410141
YMR179W,YML028W,0,-4.606001,0.05432937294244766,0.25600001215934753,0.4456000030040741
YDR425W,YNR046W,0,-4.6063643,0.05431784316897392,0.25600001215934753,0.4456999897956848
YOR340C,YIL076W,0,-4.606384,0.05430632084608078,0.25600001215934753,0.4458000063896179
YER075C,YOR307C,0,-4.606431,0.054294802248477936,0.25600001215934753,0.44589999318122864
YEL022W,YOR137C,0,-4.606704,0.05428329110145569,0.25600001215934753,0.44600000977516174
YOR349W,YDR412W,0,-4.6067085,0.05427178367972374,0.25600001215934753,0.44609999656677246
YGL174W,YNR060W,0,-4.6071506,0.05426027998328209,0.25600001215934753,0.44620001316070557
YOL164W,YDL084W,0,-4.607225,0.05424878001213074,0.25600001215934753,0.4462999999523163
YAL042W,YPL092W,0,-4.607375,0.05423728749155998,0.25600001215934753,0.446399986743927
YEL056W,YJL128C,0,-4.6075697,0.054225798696279526,0.25600001215934753,0.4465000033378601
YDL051W,YML062C,0,-4.607656,0.054214317351579666,0.25600001215934753,0.4465999901294708
YGR123C,YPL235W,0,-4.6086845,0.054202836006879807,0.25600001215934753,0.44670000672340393
YKR079C,YDR080W,0,-4.608741,0.054191362112760544,0.25600001215934753,0.44679999351501465
YBR199W,YNR046W,0,-4.609826,0.05417989566922188,0.25600001215934753,0.44690001010894775
YJL020C,YOR332W,0,-4.6100974,0.05416842922568321,0.25600001215934753,0.44699999690055847
YFR055W,YKL194C,0,-4.6101847,0.05415697023272514,0.25600001215934753,0.4471000134944916
YKR002W,YGL171W,0,-4.6102657,0.05414551496505737,0.25600001215934753,0.4472000002861023
YBL082C,YHR099W,0,-4.6103077,0.0541340671479702,0.25600001215934753,0.447299987077713
YPL212C,YNL026W,0,-4.6103125,0.054122623056173325,0.25600001215934753,0.4474000036716461
YLR153C,YNL112W,0,-4.6106853,0.05411118268966675,0.25600001215934753,0.44749999046325684
YNL097C,YNL054W,0,-4.6108346,0.05409974604845047,0.25600001215934753,0.44760000705718994
YER009W,YGL013C,0,-4.6108665,0.05408831685781479,0.25600001215934753,0.44769999384880066
YOL089C,YOL067C,1,-4.610959,0.05428813025355339,0.25699999928474426,0.44769999384880066
YBL078C,YBL055C,0,-4.6111245,0.054276663810014725,0.25699999928474426,0.44780001044273376
YNR056C,YBR173C,0,-4.6113377,0.05426520109176636,0.25699999928474426,0.4478999972343445
YDR075W,YJL176C,0,-4.611386,0.05425374582409859,0.25699999928474426,0.4480000138282776
YCL025C,YLR025W,0,-4.611458,0.054242298007011414,0.25699999928474426,0.4481000006198883
YPL265W,YGR132C,0,-4.611537,0.05423085018992424,0.25699999928474426,0.448199987411499
YDL090C,YOR313C,0,-4.611839,0.054219409823417664,0.25699999928474426,0.44830000400543213
YJR002W,YCR073C,0,-4.6118484,0.054207973182201385,0.25699999928474426,0.44839999079704285
YOL090W,YCR008W,0,-4.6125846,0.054196540266275406,0.25699999928474426,0.44850000739097595
YML051W,YLR263W,0,-4.612671,0.05418511480093002,0.25699999928474426,0.44859999418258667
YDR079C-A,YOR110W,1,-4.6127796,0.05438448488712311,0.257999986410141,0.44859999418258667
YDR148C,YAL010C,0,-4.612802,0.05437302589416504,0.257999986410141,0.4487000107765198
YBL006C,YBL051C,0,-4.613391,0.05436156690120697,0.257999986410141,0.4487999975681305
YLR190W,YPL153C,0,-4.6142673,0.0543501153588295,0.257999986410141,0.4489000141620636
YBL047C,YML043C,0,-4.6146784,0.054338667541742325,0.257999986410141,0.4490000009536743
YBR010W,YOR081C,0,-4.6152086,0.05432722717523575,0.257999986410141,0.44909998774528503
YNR060W,YHR061C,0,-4.615396,0.05431579053401947,0.257999986410141,0.44920000433921814
YDL108W,YDR079C-A,1,-4.6154175,0.05451484024524689,0.2590000033378601,0.44920000433921814
YMR058W,YNR072W,0,-4.6156225,0.054503366351127625,0.2590000033378601,0.44929999113082886
YGR145W,YMR207C,0,-4.615664,0.05449189990758896,0.2590000033378601,0.44940000772476196
YPR021C,YGL246C,0,-4.6157885,0.05448043718934059,0.2590000033378601,0.4494999945163727
YKR022C,YER111C,0,-4.6159587,0.05446897819638252,0.2590000033378601,0.4496000111103058
YPL170W,YPR033C,0,-4.6161423,0.05445752665400505,0.2590000033378601,0.4496999979019165
YDR320C-A,YKR067W,0,-4.6161585,0.05444607883691788,0.2590000033378601,0.4498000144958496
YNL246W,YOR064C,0,-4.6162934,0.054434634745121,0.2590000033378601,0.4499000012874603
YLR176C,YPL237W,0,-4.617146,0.054423198103904724,0.2590000033378601,0.44999998807907104
YMR198W,YER042W,0,-4.617707,0.054411765187978745,0.2590000033378601,0.45010000467300415
YCR094W,YFL013C,0,-4.617821,0.05440033599734306,0.2590000033378601,0.45019999146461487
YGL257C,YDL033C,0,-4.6181164,0.05438891053199768,0.2590000033378601,0.450300008058548
YLR330W,YDR309C,0,-4.618874,0.054377492517232895,0.2590000033378601,0.4503999948501587
YJL196C,YOL100W,0,-4.6188912,0.05436607822775841,0.2590000033378601,0.4505000114440918
YGR217W,YLR176C,0,-4.6188936,0.05435466766357422,0.2590000033378601,0.4505999982357025
YOL100W,YIL109C,0,-4.6192136,0.05434326454997063,0.2590000033378601,0.4507000148296356
YER028C,YPL011C,1,-4.6192656,0.05454163998365402,0.25999999046325684,0.4507000148296356
YLR166C,YCL032W,0,-4.6195297,0.054530199617147446,0.25999999046325684,0.45080000162124634
YMR004W,YCL010C,0,-4.619751,0.054518766701221466,0.25999999046325684,0.45089998841285706
YDR060W,YBR057C,0,-4.619879,0.054507337510585785,0.25999999046325684,0.45100000500679016
YPL006W,YGL212W,0,-4.6204185,0.0544959120452404,0.25999999046325684,0.4510999917984009
YDR130C,YLR223C,0,-4.6208396,0.054484494030475616,0.25999999046325684,0.451200008392334
YPR186C,YOR110W,1,-4.6208577,0.05468259006738663,0.26100000739097595,0.451200008392334
YIR037W,YDR259C,0,-4.6208773,0.05467113479971886,0.26100000739097595,0.4512999951839447
YML113W,YPL262W,0,-4.6210794,0.05465968698263168,0.26100000739097595,0.4514000117778778
YJL170C,YPL212C,0,-4.6211834,0.05464824289083481,0.26100000739097595,0.4514999985694885
YER036C,YOR340C,0,-4.621272,0.05463680252432823,0.26100000739097595,0.45159998536109924
YDR414C,YAL043C,0,-4.6217422,0.054625365883111954,0.26100000739097595,0.45170000195503235
YGR264C,YOR157C,0,-4.6219854,0.05461393669247627,0.26100000739097595,0.45179998874664307
YPL055C,YLR386W,0,-4.62205,0.05460251122713089,0.26100000739097595,0.45190000534057617
YNL245C,YGL094C,0,-4.622553,0.054591089487075806,0.26100000739097595,0.4519999921321869
YIL073C,YDR213W,0,-4.6226816,0.05457967519760132,0.26100000739097595,0.45210000872612
YDL194W,YDR135C,0,-4.623192,0.05456826090812683,0.26100000739097595,0.4521999955177307
YDR424C,YOL100W,0,-4.623484,0.05455685779452324,0.26100000739097595,0.4523000121116638
YDL130W-A,YPL180W,0,-4.6237555,0.05454545468091965,0.26100000739097595,0.45239999890327454
YKL008C,YOR140W,0,-4.623822,0.05453405901789665,0.26100000739097595,0.45249998569488525
YBR186W,YER041W,0,-4.6240845,0.054522667080163956,0.26100000739097595,0.45260000228881836
YBL080C,YKL154W,0,-4.6243086,0.05451127886772156,0.26100000739097595,0.4526999890804291
YML113W,YLR276C,0,-4.6244626,0.05449989438056946,0.26100000739097595,0.4528000056743622
YER015W,YMR089C,0,-4.6245146,0.054488517343997955,0.26100000739097595,0.4528999924659729
YIL019W,YIL026C,0,-4.624734,0.05447714403271675,0.26100000739097595,0.453000009059906
YMR006C,YGR129W,0,-4.6251674,0.054465774446725845,0.26100000739097595,0.4530999958515167
YHR085W,YDL213C,0,-4.6252117,0.054454412311315536,0.26100000739097595,0.45320001244544983
YIR023W,YMR284W,0,-4.6254253,0.054443053901195526,0.26100000739097595,0.45329999923706055
YCL043C,YBR228W,0,-4.6256394,0.054431699216365814,0.26100000739097595,0.45339998602867126
YPL232W,YLR092W,0,-4.625763,0.0544203519821167,0.26100000739097595,0.45350000262260437
YBR135W,YPL242C,0,-4.625942,0.054409004747867584,0.26100000739097595,0.4535999894142151
YHR089C,YFL037W,0,-4.626525,0.054397664964199066,0.26100000739097595,0.4537000060081482
YPR020W,YLR256W,0,-4.626621,0.05438632890582085,0.26100000739097595,0.4537999927997589
YIR021W,YDR086C,0,-4.627054,0.054375000298023224,0.26100000739097595,0.453900009393692
YLR319C,YCR083W,0,-4.627087,0.0543636754155159,0.26100000739097595,0.45399999618530273
YMR211W,YDL115C,0,-4.6272593,0.054352354258298874,0.26100000739097595,0.45410001277923584
YKL112W,YHR042W,0,-4.6279554,0.05434103682637215,0.26100000739097595,0.45419999957084656
YDL220C,YPL091W,0,-4.6281724,0.054329726845026016,0.26100000739097595,0.4542999863624573
YPR049C,YKR022C,0,-4.628227,0.054318416863679886,0.26100000739097595,0.4544000029563904
YDR513W,YJL148W,0,-4.6283336,0.05430711433291435,0.26100000739097595,0.4544999897480011
YIL013C,YPR161C,0,-4.6283455,0.054295819252729416,0.26100000739097595,0.4546000063419342
YDL108W,YDR460W,1,-4.6292105,0.054492510855197906,0.2619999945163727,0.4546000063419342
YML127W,YLR045C,0,-4.629407,0.054481182247400284,0.2619999945163727,0.4546999931335449
YPR007C,YDR394W,0,-4.630002,0.05446985363960266,0.2619999945163727,0.454800009727478
YDR423C,YKL208W,0,-4.6301847,0.054458532482385635,0.2619999945163727,0.45489999651908875
YML075C,YOR354C,0,-4.630571,0.05444721505045891,0.2619999945163727,0.45500001311302185
YOL115W,YDR472W,0,-4.6307244,0.05443590134382248,0.2619999945163727,0.45509999990463257
YKL013C,YKL029C,0,-4.631097,0.05442459508776665,0.2619999945163727,0.4551999866962433
YPR030W,YLR032W,0,-4.6319447,0.054413292557001114,0.2619999945163727,0.4553000032901764
YMR172W,YJL010C,0,-4.6321354,0.05440199375152588,0.2619999945163727,0.4553999900817871
YJL167W,YLL011W,0,-4.6322484,0.05439069867134094,0.2619999945163727,0.4555000066757202
YER016W,YBR152W,0,-4.632331,0.0543794110417366,0.2619999945163727,0.45559999346733093
YBR200W,YPL253C,0,-4.6324024,0.05436812713742256,0.2619999945163727,0.45570001006126404
YGL115W,YLR313C,0,-4.632595,0.05435684695839882,0.2619999945163727,0.45579999685287476
YDR361C,YBR170C,0,-4.633992,0.054345570504665375,0.2619999945163727,0.45590001344680786
YAL053W,YOR267C,0,-4.6341915,0.05433430150151253,0.2619999945163727,0.4560000002384186
YMR006C,YJL069C,0,-4.634374,0.05432303622364998,0.2619999945163727,0.4560999870300293
YGL043W,YNL186W,0,-4.6344666,0.05431177467107773,0.2619999945163727,0.4562000036239624
YDR376W,YLL011W,0,-4.634678,0.054300516843795776,0.2619999945163727,0.4562999904155731
YLL015W,YBR114W,0,-4.6348767,0.05428926646709442,0.2619999945163727,0.4564000070095062
YDL003W,YDR092W,0,-4.635014,0.054278019815683365,0.2619999945163727,0.45649999380111694
YOR253W,YCR024C-A,0,-4.6350384,0.05426677688956261,0.2619999945163727,0.45660001039505005
YPR029C,YGR166W,0,-4.63509,0.05425553768873215,0.2619999945163727,0.45669999718666077
YLR206W,YFR055W,0,-4.635154,0.054244305938482285,0.2619999945163727,0.45680001378059387
YLR127C,YLR214W,0,-4.635504,0.05423307791352272,0.2619999945163727,0.4569000005722046
YGR246C,YOR194C,1,-4.635578,0.05442880839109421,0.2630000114440918,0.4569000005722046
YPL156C,YER093C,0,-4.635601,0.05441754683852196,0.2630000114440918,0.4569999873638153
YJR025C,YML121W,0,-4.6356363,0.054406289011240005,0.2630000114440918,0.4571000039577484
YDR021W,YLR071C,0,-4.6356807,0.05439503490924835,0.2630000114440918,0.45719999074935913
YNR002C,YML065W,0,-4.6361804,0.054383788257837296,0.2630000114440918,0.45730000734329224
YPR025C,YGR274C,1,-4.636341,0.05457928404211998,0.2639999985694885,0.45730000734329224
YOL067C,YBL103C,1,-4.6363416,0.054774701595306396,0.26499998569488525,0.45730000734329224
YDR414C,YJR140C,0,-4.636413,0.05476338043808937,0.26499998569488525,0.45739999413490295
YPR176C,YLR048W,0,-4.636549,0.05475206673145294,0.26499998569488525,0.45750001072883606
YOR320C,YGR101W,0,-4.6369495,0.05474075675010681,0.26499998569488525,0.4575999975204468
YGR225W,YOL088C,0,-4.636975,0.05472945049405098,0.26499998569488525,0.4577000141143799
YLR097C,YLR014C,0,-4.63701,0.054718151688575745,0.26499998569488525,0.4578000009059906
YDL108W,YIL143C,1,-4.6373787,0.054913293570280075,0.26600000262260437,0.4578000009059906
YLR229C,YPL043W,0,-4.6375637,0.054901961237192154,0.26600000262260437,0.4578999876976013
YPR034W,YBL099W,0,-4.637748,0.05489063262939453,0.26600000262260437,0.4580000042915344
YDR448W,YLR135W,0,-4.6378026,0.05487930774688721,0.26600000262260437,0.45809999108314514
YCR092C,YIL016W,0,-4.6383715,0.05486798658967018,0.26600000262260437,0.45820000767707825
YNL270C,YDR147W,0,-4.6384,0.05485667288303375,0.26600000262260437,0.45829999446868896
YMR023C,YPL146C,0,-4.63856,0.054845359176397324,0.26600000262260437,0.45840001106262207
YNL225C,YDR219C,0,-4.63869,0.05483405664563179,0.26600000262260437,0.4584999978542328
YNL201C,YOR182C,0,-4.638712,0.05482275411486626,0.26600000262260437,0.4586000144481659
YJL052W,YOL093W,0,-4.639287,0.05481145530939102,0.26600000262260437,0.4587000012397766
YBR234C,YPR191W,0,-4.639386,0.054800163954496384,0.26600000262260437,0.45879998803138733
YER003C,YPL167C,0,-4.6394224,0.054788876324892044,0.26600000262260437,0.45890000462532043
YNL242W,YBL025W,0,-4.6395683,0.0547775961458683,0.26600000262260437,0.45899999141693115
YBL069W,YPR155C,0,-4.6399035,0.05476631596684456,0.26600000262260437,0.45910000801086426
YPR034W,YJR078W,0,-4.6399574,0.05475504323840141,0.26600000262260437,0.459199994802475
YHR085W,YNL082W,0,-4.640399,0.054743774235248566,0.26600000262260437,0.4593000113964081
YCR028C,YNR049C,0,-4.640399,0.05473250895738602,0.26600000262260437,0.4593999981880188
YLR233C,YKR026C,0,-4.6404467,0.054721251130104065,0.26600000262260437,0.4595000147819519
YDR329C,YIL016W,0,-4.6411934,0.05470999702811241,0.26600000262260437,0.4596000015735626
YJL053W,YOL040C,0,-4.6412916,0.054698746651411057,0.26600000262260437,0.45969998836517334
YPL121C,YHR031C,0,-4.6414156,0.0546875,0.26600000262260437,0.45980000495910645
YIL075C,YJR156C,0,-4.641566,0.05467626079916954,0.26600000262260437,0.45989999175071716
YHR120W,YMR140W,0,-4.6417575,0.05466502159833908,0.26600000262260437,0.46000000834465027
YER052C,YLR130C,0,-4.641895,0.05465378984808922,0.26600000262260437,0.460099995136261
YDR508C,YKL141W,0,-4.641901,0.054642561823129654,0.26600000262260437,0.4602000117301941
YOL060C,YNL264C,0,-4.642082,0.05463134124875069,0.26600000262260437,0.4602999985218048
YLR013W,YGR253C,0,-4.6422186,0.05462012439966202,0.26600000262260437,0.4603999853134155
YGL166W,YBR198C,1,-4.642597,0.054814208298921585,0.2669999897480011,0.4603999853134155
YDL143W,YJR073C,0,-4.6427126,0.05480295419692993,0.2669999897480011,0.46050000190734863
YAL034W-A,YDR372C,0,-4.643036,0.054791711270809174,0.2669999897480011,0.46059998869895935
YMR153W,YPL163C,0,-4.643236,0.054780468344688416,0.2669999897480011,0.46070000529289246
YNL051W,YNR060W,0,-4.643567,0.054769229143857956,0.2669999897480011,0.4607999920845032
YHR108W,YIL135C,0,-4.6439075,0.05475799739360809,0.2669999897480011,0.4609000086784363
YHR072W,YLR376C,0,-4.644161,0.05474676936864853,0.2669999897480011,0.460999995470047
YHR053C,YBL025W,0,-4.644372,0.05473554879426956,0.2669999897480011,0.4611000120639801
YLR394W,YMR322C,0,-4.644472,0.054724328219890594,0.2669999897480011,0.4611999988555908
YBR049C,YPR137W,0,-4.64517,0.054713115096092224,0.2669999897480011,0.46129998564720154
YMR073C,YHR048W,0,-4.6452966,0.05470190569758415,0.2669999897480011,0.46140000224113464
YER171W,YPL011C,1,-4.64537,0.05489553511142731,0.2680000066757202,0.46140000224113464
YCL067C,YKR056W,0,-4.645374,0.05488429218530655,0.2680000066757202,0.46149998903274536
YBL085W,YGL241W,0,-4.6454372,0.05487305670976639,0.2680000066757202,0.46160000562667847
YGL094C,YDR265W,0,-4.6454897,0.05486182123422623,0.2680000066757202,0.4616999924182892
YML031W,YPR009W,0,-4.6464214,0.05485059320926666,0.2680000066757202,0.4618000090122223
YLR335W,YPL138C,0,-4.646424,0.0548393689095974,0.2680000066757202,0.461899995803833
YFR036W,YIL008W,0,-4.646682,0.05482815206050873,0.2680000066757202,0.4620000123977661
YHR058C,YBR035C,0,-4.646759,0.05481693521142006,0.2680000066757202,0.46209999918937683
YKL166C,YPR139C,0,-4.6470356,0.05480572581291199,0.2680000066757202,0.46219998598098755
YOR008C,YOL105C,0,-4.647263,0.054794520139694214,0.2680000066757202,0.46230000257492065
YNL330C,YDR515W,0,-4.647272,0.05478331819176674,0.2680000066757202,0.46239998936653137
YMR290C,YPL164C,0,-4.6480074,0.05477212369441986,0.2680000066757202,0.4625000059604645
YDR163W,YJL090C,0,-4.648431,0.05476093292236328,0.2680000066757202,0.4625999927520752
YDR461W,YIL068C,0,-4.648818,0.054749745875597,0.2680000066757202,0.4627000093460083
YBR114W,YHR012W,0,-4.6488323,0.05473856255412102,0.2680000066757202,0.462799996137619
YPR119W,YFR051C,0,-4.6490235,0.05472738295793533,0.2680000066757202,0.4629000127315521
YER028C,YDR167W,1,-4.6491756,0.05492037534713745,0.26899999380111694,0.4629000127315521
YDL230W,YMR305C,0,-4.649624,0.05490916594862938,0.26899999380111694,0.46299999952316284
YBL103C,YCR042C,1,-4.649826,0.055102039128541946,0.27000001072883606,0.46299999952316284
YEL003W,YEL004W,0,-4.6499224,0.05509079620242119,0.27000001072883606,0.46309998631477356
YBL078C,YHR004C,0,-4.6499357,0.05507956072688103,0.27000001072883606,0.46320000290870667
YKL205W,YDR490C,0,-4.649983,0.055068325251340866,0.27000001072883606,0.4632999897003174
YBR217W,YIR018W,0,-4.6501255,0.0550570972263813,0.27000001072883606,0.4634000062942505
YKL213C,YDR057W,0,-4.650178,0.055045872926712036,0.27000001072883606,0.4634999930858612
YER073W,YNL307C,0,-4.650194,0.05503465235233307,0.27000001072883606,0.4636000096797943
YDR384C,YPR101W,0,-4.6508965,0.0550234355032444,0.27000001072883606,0.46369999647140503
YOL077W-A,YOR211C,0,-4.650906,0.05501222610473633,0.27000001072883606,0.46380001306533813
YMR211W,YOR216C,0,-4.651508,0.055001016706228256,0.27000001072883606,0.46389999985694885
YML080W,YDR451C,0,-4.652139,0.05498981848359108,0.27000001072883606,0.46399998664855957
YIR021W,YJL204C,0,-4.6523724,0.0549786202609539,0.27000001072883606,0.4641000032424927
YLR438C-A,YHR062C,0,-4.652431,0.054967425763607025,0.27000001072883606,0.4641999900341034
YFR029W,YGL158W,0,-4.6525035,0.054956238716840744,0.27000001072883606,0.4643000066280365
YOR204W,YOR145C,0,-4.652529,0.05494505539536476,0.27000001072883606,0.4643999934196472
YDR244W,YGR080W,0,-4.6526566,0.05493387579917908,0.27000001072883606,0.4645000100135803
YBR217W,YCR060W,0,-4.6528263,0.05492269992828369,0.27000001072883606,0.46459999680519104
YER028C,YDR145W,1,-4.652936,0.055114906281232834,0.2709999978542328,0.46459999680519104
YOL088C,YDL020C,0,-4.6534076,0.05510370060801506,0.2709999978542328,0.46470001339912415
YMR070W,YMR142C,0,-4.6535892,0.055092498660087585,0.2709999978542328,0.46480000019073486
YBR020W,YPR094W,0,-4.6539583,0.05508130043745041,0.2709999978542328,0.4648999869823456
YBL009W,YBL033C,0,-4.6540685,0.05507010594010353,0.2709999978542328,0.4650000035762787
YBR199W,YPR016C,0,-4.6542506,0.05505891889333725,0.2709999978542328,0.4650999903678894
YJR065C,YJR127C,0,-4.655158,0.05504773557186127,0.2709999978542328,0.4652000069618225
YMR198W,YDL042C,0,-4.655233,0.05503655597567558,0.2709999978542328,0.4652999937534332
YKR072C,YPR016C,0,-4.655429,0.0550253801047802,0.2709999978542328,0.46540001034736633
YBL097W,YOR137C,0,-4.655635,0.05501421168446541,0.2709999978542328,0.46549999713897705
YOR034C,YIL013C,0,-4.65599,0.05500304326415062,0.2709999978542328,0.46560001373291016
YOR328W,YEL037C,0,-4.6561027,0.05499188229441643,0.2709999978542328,0.4657000005245209
YPL194W,YMR203W,0,-4.6563473,0.054980725049972534,0.2709999978542328,0.4657999873161316
YLR234W,YKR060W,0,-4.6564445,0.05496957525610924,0.2709999978542328,0.4659000039100647
YIL072W,YBR167C,0,-4.657001,0.05495842546224594,0.2709999978542328,0.4659999907016754
YIL019W,YKL117W,0,-4.657278,0.05494728311896324,0.2709999978542328,0.4661000072956085
YDR296W,YLR249W,0,-4.657526,0.05493614450097084,0.2709999978542328,0.46619999408721924
YPR185W,YER021W,0,-4.6575985,0.05492500960826874,0.2709999978542328,0.46630001068115234
YBR002C,YNL302C,0,-4.6578455,0.05491388216614723,0.2709999978542328,0.46639999747276306
YJR013W,YPL274W,0,-4.6582346,0.054902754724025726,0.2709999978542328,0.46650001406669617
YDR335W,YOR056C,0,-4.658704,0.05489163473248482,0.2709999978542328,0.4666000008583069
YPR113W,YJL141C,0,-4.6589184,0.05488051846623421,0.2709999978542328,0.4666999876499176
YDR276C,YGL126W,0,-4.6590753,0.054869405925273895,0.2709999978542328,0.4668000042438507
YER045C,YDR460W,1,-4.6592627,0.0550607293844223,0.2720000147819519,0.4668000042438507
YAL055W,YLR150W,0,-4.659513,0.055049583315849304,0.2720000147819519,0.4668999910354614
YHR170W,YPL010W,0,-4.660099,0.0550384446978569,0.2720000147819519,0.46700000762939453
YML015C,YBR198C,1,-4.6602783,0.05522961914539337,0.27300000190734863,0.46700000762939453
YOL095C,YOR076C,0,-4.660285,0.055218446999788284,0.27300000190734863,0.46709999442100525
YIL079C,YEL060C,0,-4.660705,0.055207278579473495,0.27300000190734863,0.46720001101493835
YKL089W,YMR016C,0,-4.6608186,0.055196117609739304,0.27300000190734863,0.4672999978065491
YIL143C,YCR042C,1,-4.661026,0.05538710206747055,0.27399998903274536,0.4672999978065491
YNL073W,YMR117C,0,-4.6613693,0.05537591129541397,0.27399998903274536,0.4674000144004822
YLR155C,YPL032C,0,-4.6621695,0.05536472052335739,0.27399998903274536,0.4675000011920929
YNL223W,YML023C,0,-4.6622133,0.05535353720188141,0.27399998903274536,0.4675999879837036
YDL165W,YIR019C,0,-4.662669,0.055342353880405426,0.27399998903274536,0.4677000045776367
YBL082C,YHR058C,0,-4.662969,0.05533117800951004,0.27399998903274536,0.46779999136924744
YBR070C,YNR072W,0,-4.6630173,0.05532000958919525,0.27399998903274536,0.46790000796318054
YML075C,YDR081C,0,-4.6631694,0.05530884116888046,0.27399998903274536,0.46799999475479126
YPR049C,YGR046W,0,-4.6631746,0.05529768019914627,0.27399998903274536,0.46810001134872437
YLR226W,YOL145C,0,-4.66366,0.05528652295470238,0.27399998903274536,0.4681999981403351
YOL108C,YOR351C,0,-4.663787,0.05527536943554878,0.27399998903274536,0.4683000147342682
YNL271C,YGL238W,0,-4.6641073,0.055264219641685486,0.27399998903274536,0.4684000015258789
YER056C,YDR422C,0,-4.664421,0.05525307357311249,0.27399998903274536,0.4684999883174896
YOL059W,YOR018W,0,-4.664468,0.05524193495512009,0.27399998903274536,0.46860000491142273
YAL033W,YGR170W,0,-4.6647015,0.055230800062417984,0.27399998903274536,0.46869999170303345
YOR232W,YLR154C,0,-4.6648993,0.05521966889500618,0.27399998903274536,0.46880000829696655
YDR335W,YNL273W,0,-4.6649227,0.055208541452884674,0.27399998903274536,0.46889999508857727
YMR165C,YDL159W,0,-4.665201,0.055197421461343765,0.27399998903274536,0.4690000116825104
YDR130C,YGL070C,0,-4.6652465,0.055186305195093155,0.27399998903274536,0.4690999984741211
YLR453C,YLR362W,0,-4.665556,0.05517519265413284,0.27399998903274536,0.4691999852657318
YFL021W,YPR186C,1,-4.6655807,0.055365413427352905,0.2750000059604645,0.4691999852657318
YGR113W,YPL253C,0,-4.6657333,0.05535426735877991,0.2750000059604645,0.4693000018596649
YMR237W,YOR224C,0,-4.665872,0.055343128740787506,0.2750000059604645,0.46939998865127563
YPR081C,YPL164C,0,-4.665942,0.055331990122795105,0.2750000059604645,0.46950000524520874
YGR078C,YOR212W,0,-4.6659594,0.0553208626806736,0.2750000059604645,0.46959999203681946
YAL054C,YOR241W,0,-4.666505,0.055309735238552094,0.2750000059604645,0.46970000863075256
YPL211W,YDR359C,0,-4.666904,0.055298611521720886,0.2750000059604645,0.4697999954223633
YPR162C,YLR398C,0,-4.667079,0.055287495255470276,0.2750000059604645,0.4699000120162964
YOR147W,YPL012W,0,-4.6671143,0.055276382714509964,0.2750000059604645,0.4699999988079071
YPR119W,YLR442C,0,-4.667161,0.05526527389883995,0.2750000059604645,0.4700999855995178
YER065C,YGL205W,0,-4.6671824,0.055254168808460236,0.2750000059604645,0.4702000021934509
YOR204W,YDR489W,0,-4.6672115,0.05524307116866112,0.2750000059604645,0.47029998898506165
YJR035W,YJL087C,0,-4.66737,0.055231973528862,0.2750000059604645,0.47040000557899475
YIL019W,YKL068W,0,-4.667622,0.05522088333964348,0.2750000059604645,0.47049999237060547
YML073C,YJL156C,0,-4.6679535,0.055209796875715256,0.2750000059604645,0.4706000089645386
YOR299W,YNL145W,0,-4.6680098,0.05519871413707733,0.2750000059604645,0.4706999957561493
YPR037C,YMR204C,0,-4.6681757,0.055187638849020004,0.2750000059604645,0.4708000123500824
YOR207C,YIL017C,0,-4.668185,0.05517656356096268,0.2750000059604645,0.4708999991416931
YLR260W,YER126C,0,-4.66877,0.05516549572348595,0.2750000059604645,0.47099998593330383
YKR052C,YFL004W,0,-4.668873,0.055154431611299515,0.2750000059604645,0.47110000252723694
YLR016C,YOR083W,0,-4.668929,0.05514337122440338,0.2750000059604645,0.47119998931884766
YER027C,YGL253W,0,-4.668938,0.055132318288087845,0.2750000059604645,0.47130000591278076
YLR260W,YLR183C,0,-4.6690283,0.05512126535177231,0.2750000059604645,0.4713999927043915
YOL061W,YNR048W,0,-4.6691556,0.05511021986603737,0.2750000059604645,0.4715000092983246
YHR107C,YBR114W,0,-4.669383,0.05509917810559273,0.2750000059604645,0.4715999960899353
YKL009W,YDR292C,0,-4.669569,0.055088140070438385,0.2750000059604645,0.4717000126838684
YPL100W,YNL130C,0,-4.6697397,0.05507710948586464,0.2750000059604645,0.4717999994754791
YGL105W,YOR256C,0,-4.6700006,0.055066078901290894,0.2750000059604645,0.47189998626708984
YJL003W,YPL001W,0,-4.6701236,0.055055055767297745,0.2750000059604645,0.47200000286102295
YKL195W,YMR096W,0,-4.6702986,0.055044036358594894,0.2750000059604645,0.47209998965263367
YIL065C,YJL061W,0,-4.6705666,0.05503302067518234,0.2750000059604645,0.4722000062465668
YGL207W,YIL143C,1,-4.6707344,0.05522209033370018,0.2759999930858612,0.4722000062465668
YPL043W,YHR016C,0,-4.670804,0.05521104112267494,0.2759999930858612,0.4722999930381775
YOR119C,YIR018W,0,-4.6709394,0.0551999993622303,0.2759999930858612,0.4724000096321106
YLR401C,YNR034W,0,-4.6709905,0.05518896132707596,0.2759999930858612,0.4724999964237213
YMR125W,YLR240W,0,-4.6709943,0.055177927017211914,0.2759999930858612,0.4726000130176544
YGR216C,YDR013W,0,-4.671192,0.05516690015792847,0.2759999930858612,0.47269999980926514
YOR182C,YPL019C,0,-4.671381,0.05515587702393532,0.2759999930858612,0.47279998660087585
YGL209W,YGL093W,0,-4.671816,0.05514485388994217,0.2759999930858612,0.47290000319480896
YNL061W,YGR192C,0,-4.6723337,0.05513383820652962,0.2759999930858612,0.4729999899864197
YDR364C,YHR062C,0,-4.6724977,0.055122826248407364,0.2759999930858612,0.4731000065803528
YDL197C,YMR173W,0,-4.67253,0.05511182174086571,0.2759999930858612,0.4731999933719635
YDL197C,YDR296W,0,-4.6726923,0.05510081723332405,0.2759999930858612,0.4733000099658966
YHR019C,YLR376C,0,-4.6731906,0.05508982017636299,0.2759999930858612,0.4733999967575073
YMR247C,YLR183C,0,-4.673275,0.05507882684469223,0.2759999930858612,0.47350001335144043
YPL061W,YDR364C,0,-4.6734676,0.05506783723831177,0.2759999930858612,0.47360000014305115
YLR155C,YBR212W,0,-4.673726,0.0550568513572216,0.2759999930858612,0.47369998693466187
YLR265C,YDR142C,0,-4.6743217,0.055045872926712036,0.2759999930858612,0.47380000352859497
YNR056C,YNL054W,0,-4.674466,0.05503489449620247,0.2759999930858612,0.4738999903202057
YDR517W,YPL140C,0,-4.6746173,0.0550239235162735,0.2759999930858612,0.4740000069141388
YFL050C,YIL053W,0,-4.674667,0.05501295626163483,0.2759999930858612,0.4740999937057495
YER028C,YBR123C,1,-4.674796,0.05520127713680267,0.2770000100135803,0.4740999937057495
YMR231W,YDR465C,0,-4.6748285,0.055190276354551315,0.2770000100135803,0.4742000102996826
YNL314W,YDR167W,1,-4.674842,0.05537848547101021,0.27799999713897705,0.4742000102996826
YLR438C-A,YPL211W,0,-4.674898,0.05536745488643646,0.27799999713897705,0.47429999709129333
YNL164C,YMR079W,0,-4.6755104,0.055356431752443314,0.27799999713897705,0.47440001368522644
YNL156C,YLR316C,0,-4.675535,0.05534541234374046,0.27799999713897705,0.47450000047683716
YNR008W,YJL141C,0,-4.675635,0.05533439666032791,0.27799999713897705,0.4745999872684479
YHR170W,YOL003C,0,-4.6758337,0.05532338470220566,0.27799999713897705,0.474700003862381
YDR284C,YDR259C,0,-4.6760206,0.0553123764693737,0.27799999713897705,0.4747999906539917
YOL143C,YGL030W,0,-4.6761727,0.055301371961832047,0.27799999713897705,0.4749000072479248
YLR110C,YOR308C,0,-4.67634,0.05529037490487099,0.27799999713897705,0.4749999940395355
YGR274C,YMR227C,1,-4.6778092,0.05547822639346123,0.27900001406669617,0.4749999940395355
YNL192W,YFL031W,0,-4.6782026,0.05546719580888748,0.27900001406669617,0.47510001063346863
YPL117C,YLR195C,0,-4.678652,0.05545617267489433,0.27900001406669617,0.47519999742507935
YER145C,YNL082W,0,-4.6788144,0.055445149540901184,0.27900001406669617,0.47530001401901245
YCL004W,YLR378C,0,-4.6788406,0.05543413385748863,0.27900001406669617,0.47540000081062317
YLR377C,YKL073W,0,-4.6789646,0.05542312189936638,0.27900001406669617,0.4754999876022339
YDR153C,YNR059W,0,-4.679513,0.055412113666534424,0.27900001406669617,0.475600004196167
YNL331C,YGR199W,0,-4.6796355,0.055401112884283066,0.27900001406669617,0.4756999909877777
YOL145C,YGL099W,0,-4.6799326,0.05539011210203171,0.27900001406669617,0.4758000075817108
YIL105C,YPL032C,0,-4.6799383,0.05537911877036095,0.27900001406669617,0.47589999437332153
YLL041C,YKL056C,0,-4.680139,0.055368129163980484,0.27900001406669617,0.47600001096725464
YKL192C,YKL179C,0,-4.6802726,0.05535714328289032,0.27900001406669617,0.47609999775886536
YKL060C,YLR130C,0,-4.680684,0.055346161127090454,0.27900001406669617,0.47620001435279846
YKR097W,YFL036W,0,-4.680785,0.05533518269658089,0.27900001406669617,0.4763000011444092
YER172C,YER159C,0,-4.6814733,0.055324211716651917,0.27900001406669617,0.4763999879360199
YKL004W,YIL017C,0,-4.6818123,0.055313244462013245,0.27900001406669617,0.476500004529953
YBR119W,YOL010W,0,-4.681924,0.05530228093266487,0.27900001406669617,0.4765999913215637
YIL016W,YNL273W,0,-4.682061,0.055291321128606796,0.27900001406669617,0.4767000079154968
YIL062C,YPL055C,0,-4.6821938,0.05528036504983902,0.27900001406669617,0.47679999470710754
YOR201C,YGR239C,0,-4.6822686,0.05526941269636154,0.27900001406669617,0.47690001130104065
YDL069C,YGR116W,0,-4.682269,0.05525846779346466,0.27900001406669617,0.47699999809265137
YAR007C,YML085C,0,-4.682517,0.05524752289056778,0.27900001406669617,0.4771000146865845
YPL161C,YLR274W,0,-4.6825776,0.055236585438251495,0.27900001406669617,0.4772000014781952
YGL119W,YMR058W,0,-4.682682,0.05522565171122551,0.27900001406669617,0.4772999882698059
YNL257C,YPL122C,1,-4.682786,0.05541262775659561,0.2800000011920929,0.4772999882698059
YMR092C,YKL188C,0,-4.6828346,0.05540166050195694,0.2800000011920929,0.477400004863739
YKL002W,YLR451W,0,-4.683648,0.055390700697898865,0.2800000011920929,0.47749999165534973
YNR044W,YDR489W,0,-4.6837444,0.05537974834442139,0.2800000011920929,0.47760000824928284
YML074C,YBR006W,0,-4.6837697,0.05536879599094391,0.2800000011920929,0.47769999504089355
YNL039W,YOR110W,1,-4.684007,0.0555555559694767,0.2809999883174896,0.47769999504089355
YBR245C,YGR128C,0,-4.6841,0.055544573813676834,0.2809999883174896,0.47780001163482666
YPL224C,YGL162W,0,-4.6842203,0.05553359538316727,0.2809999883174896,0.4778999984264374
YGL073W,YDL098C,0,-4.6842566,0.055522624403238297,0.2809999883174896,0.4779999852180481
YLR313C,YBL088C,0,-4.684331,0.055511657148599625,0.2809999883174896,0.4781000018119812
YOL023W,YOR130C,0,-4.684432,0.05550068989396095,0.2809999883174896,0.4781999886035919
YOL068C,YOR210W,0,-4.6846504,0.05548973008990288,0.2809999883174896,0.478300005197525
YGL071W,YOR005C,0,-4.6850576,0.0554787777364254,0.2809999883174896,0.47839999198913574
YBR133C,YDR457W,0,-4.6852517,0.05546782538294792,0.2809999883174896,0.47850000858306885
YDR182W,YLR080W,0,-4.6853247,0.05545687675476074,0.2809999883174896,0.47859999537467957
YDL093W,YDR515W,0,-4.6853776,0.05544593557715416,0.2809999883174896,0.47870001196861267
YNL159C,YGR056W,0,-4.6854997,0.055434998124837875,0.2809999883174896,0.4787999987602234
YPR030W,YBR022W,0,-4.685733,0.05542406439781189,0.2809999883174896,0.4788999855518341
YCR088W,YKL013C,0,-4.685808,0.0554131343960762,0.2809999883174896,0.4790000021457672
YNL135C,YLL002W,0,-4.685831,0.055402208119630814,0.2809999883174896,0.47909998893737793
YLL031C,YGR162W,0,-4.6859426,0.05539128556847572,0.2809999883174896,0.47920000553131104
YGR183C,YGR281W,0,-4.6860404,0.05538037046790123,0.2809999883174896,0.47929999232292175
YKL008C,YKL166C,0,-4.686266,0.055369459092617035,0.2809999883174896,0.47940000891685486
YIL139C,YOL138C,0,-4.6866083,0.05535855144262314,0.2809999883174896,0.4794999957084656
YHL034C,YGL169W,0,-4.6866326,0.05534764751791954,0.2809999883174896,0.4796000123023987
YJL194W,YAL043C,0,-4.68727,0.05533674731850624,0.2809999883174896,0.4796999990940094
YDL093W,YDR527W,0,-4.6883473,0.05532585084438324,0.2809999883174896,0.4797999858856201
YFL021W,YML015C,1,-4.6884317,0.05551180988550186,0.28200000524520874,0.4797999858856201
YNL007C,YCR060W,0,-4.6888,0.05550088733434677,0.28200000524520874,0.4799000024795532
YDR264C,YLR453C,0,-4.6890473,0.05548996478319168,0.28200000524520874,0.47999998927116394
YPL244C,YDR503C,0,-4.689192,0.05547904595732689,0.28200000524520874,0.48010000586509705
YGL201C,YCR092C,0,-4.6892686,0.055468134582042694,0.28200000524520874,0.48019999265670776
YJL106W,YLR260W,0,-4.6892786,0.0554572269320488,0.28200000524520874,0.48030000925064087
YMR140W,YGL212W,0,-4.6899815,0.0554463230073452,0.28200000524520874,0.4803999960422516
YHR013C,YMR096W,0,-4.690539,0.0554354228079319,0.28200000524520874,0.4805000126361847
YDL165W,YJL187C,0,-4.690567,0.0554245300590992,0.28200000524520874,0.4805999994277954
YDR143C,YKR089C,0,-4.690734,0.055413637310266495,0.28200000524520874,0.48069998621940613
YIL167W,YDR470C,0,-4.6909227,0.05540275201201439,0.28200000524520874,0.48080000281333923
YDL035C,YPL144W,0,-4.6914687,0.05539186671376228,0.28200000524520874,0.48089998960494995
YGR264C,YNL167C,0,-4.6918707,0.055380988866090775,0.28200000524520874,0.48100000619888306
YEL016C,YPR198W,0,-4.691899,0.055370114743709564,0.28200000524520874,0.4810999929904938
YCR091W,YKL073W,0,-4.6920223,0.05535924434661865,0.28200000524520874,0.4812000095844269
YHR043C,YJL109C,0,-4.6920805,0.05534838140010834,0.28200000524520874,0.4812999963760376
YEL003W,YLR355C,0,-4.692159,0.05533751845359802,0.28200000524520874,0.4814000129699707
YDR489W,YIL073C,0,-4.692342,0.055326662957668304,0.28200000524520874,0.4814999997615814
YOR028C,YBL017C,0,-4.6929035,0.055315811187028885,0.28200000524520874,0.48159998655319214
YKL208W,YGR091W,0,-4.693391,0.055304963141679764,0.28200000524520874,0.48170000314712524
YPL202C,YPR086W,1,-4.693619,0.055490195751190186,0.28299999237060547,0.48170000314712524
YAR008W,YBR152W,0,-4.6936216,0.05547931790351868,0.28299999237060547,0.48179998993873596
YIL120W,YDR398W,0,-4.693908,0.055468443781137466,0.28299999237060547,0.48190000653266907
YLR114C,YJR013W,0,-4.694038,0.055457573384046555,0.28299999237060547,0.4819999933242798
YER042W,YOR004W,0,-4.6941867,0.05544670671224594,0.28299999237060547,0.4821000099182129
YNL257C,YPL011C,1,-4.6941915,0.05563173443078995,0.2840000092983246,0.4821000099182129
YER052C,YOL126C,0,-4.694217,0.055620837956666946,0.2840000092983246,0.4821999967098236
YPL084W,YGR144W,0,-4.694346,0.05560994893312454,0.2840000092983246,0.4823000133037567
YMR247C,YHL006C,0,-4.694384,0.05559905990958214,0.2840000092983246,0.48240000009536743
YML073C,YKR072C,0,-4.694701,0.05558817833662033,0.2840000092983246,0.48249998688697815
YFR024C-A,YJL053W,0,-4.694771,0.05557730048894882,0.2840000092983246,0.48260000348091125
YGL166W,YGL207W,1,-4.694774,0.05576208233833313,0.2849999964237213,0.48260000348091125
YDL022W,YNL177C,0,-4.694826,0.05575117468833923,0.2849999964237213,0.482699990272522
YGR134W,YML005W,0,-4.6951647,0.055740270763635635,0.2849999964237213,0.4828000068664551
YPR200C,YER154W,0,-4.695225,0.055729370564222336,0.2849999964237213,0.4828999936580658
YLL015W,YEL062W,0,-4.695306,0.055718474090099335,0.2849999964237213,0.4830000102519989
YDL022W,YDL116W,0,-4.6953654,0.05570758506655693,0.2849999964237213,0.4830999970436096
YNL016W,YFR033C,0,-4.695428,0.055696696043014526,0.2849999964237213,0.4832000136375427
YER018C,YIL073C,0,-4.695468,0.05568581447005272,0.2849999964237213,0.48330000042915344
YAL031C,YOL040C,0,-4.6962934,0.05567493662238121,0.2849999964237213,0.48339998722076416
YJL073W,YGL241W,0,-4.6964316,0.0556640625,0.2849999964237213,0.48350000381469727
YOL077C,YKL060C,0,-4.6966534,0.05565319210290909,0.2849999964237213,0.483599990606308
YBL097W,YIL075C,0,-4.6967354,0.055642325431108475,0.2849999964237213,0.4837000072002411
YCL038C,YOR038C,0,-4.6968784,0.05563146620988846,0.2849999964237213,0.4837999939918518
YNL268W,YDL130W-A,0,-4.6969376,0.05562061071395874,0.2849999964237213,0.4839000105857849
YLR423C,YBR079C,0,-4.6972027,0.05560975521802902,0.2849999964237213,0.48399999737739563
YKL048C,YDR198C,0,-4.6972175,0.0555989071726799,0.2849999964237213,0.48410001397132874
YKL208W,YBL088C,0,-4.697315,0.05558806285262108,0.2849999964237213,0.48420000076293945
YKR038C,YPL253C,0,-4.6977134,0.055577222257852554,0.2849999964237213,0.48429998755455017
YHR072W,YBR006W,0,-4.698075,0.05556638538837433,0.2849999964237213,0.4844000041484833
YMR202W,YBR103W,0,-4.6981664,0.0555555559694767,0.2849999964237213,0.484499990940094
YER028C,YIL143C,1,-4.698536,0.0557396225631237,0.28600001335144043,0.484499990940094
YBL015W,YDL024C,0,-4.6987453,0.05572875961661339,0.28600001335144043,0.4846000075340271
YJL072C,YDR080W,0,-4.6987505,0.05571790412068367,0.28600001335144043,0.4846999943256378
YDR077W,YLL011W,0,-4.699111,0.05570705235004425,0.28600001335144043,0.4848000109195709
YJR084W,YCL001W,0,-4.6991825,0.05569620430469513,0.28600001335144043,0.48489999771118164
YIL065C,YNL272C,0,-4.699728,0.05568535998463631,0.28600001335144043,0.48500001430511475
YHR019C,YNL169C,0,-4.7001824,0.05567451938986778,0.28600001335144043,0.48510000109672546
YLR238W,YLR212C,0,-4.7002296,0.05566368252038956,0.28600001335144043,0.4851999878883362
YNL053W,YGR193C,0,-4.7002473,0.05565284937620163,0.28600001335144043,0.4853000044822693
YJL167W,YPL075W,0,-4.7003837,0.0556420236825943,0.28600001335144043,0.48539999127388
YNL151C,YPL243W,0,-4.700479,0.05563120171427727,0.28600001335144043,0.4855000078678131
YPR167C,YCL031C,0,-4.700602,0.055620379745960236,0.28600001335144043,0.48559999465942383
YOR147W,YDR255C,0,-4.701084,0.0556095652282238,0.28600001335144043,0.48570001125335693
YMR220W,YDL213C,0,-4.7011704,0.055598754435777664,0.28600001335144043,0.48579999804496765
YPR008W,YOL067C,1,-4.7014236,0.05578231438994408,0.28700000047683716,0.48579999804496765
YGL158W,YLL002W,0,-4.701833,0.05577147379517555,0.28700000047683716,0.48590001463890076
YCR024C-A,YPR189W,0,-4.7020817,0.05576063692569733,0.28700000047683716,0.4860000014305115
YNR072W,YPL065W,0,-4.7021065,0.0557498075067997,0.28700000047683716,0.4860999882221222
YGR274C,YDR362C,1,-4.702217,0.05593319237232208,0.2879999876022339,0.4860999882221222
YBR179C,YHR012W,0,-4.702359,0.05592232942581177,0.2879999876022339,0.4862000048160553
YMR101C,YGL145W,0,-4.7024813,0.05591147392988205,0.2879999876022339,0.486299991607666
YPL177C,YOL067C,1,-4.703105,0.05609472095966339,0.289000004529953,0.486299991607666
YGR274C,YPL129W,1,-4.703263,0.05627789720892906,0.28999999165534973,0.486299991607666
YGR099W,YPR016C,0,-4.7037086,0.05626697838306427,0.28999999165534973,0.4864000082015991
YPR025C,YBR198C,1,-4.7037745,0.056450050324201584,0.29100000858306885,0.4864000082015991
YPL129W,YDR460W,1,-4.7038565,0.05663304775953293,0.2919999957084656,0.4864000082015991
YGL028C,YKR089C,0,-4.7039604,0.05662206560373306,0.2919999957084656,0.48649999499320984
YNR058W,YML061C,0,-4.7039847,0.056611090898513794,0.2919999957084656,0.48660001158714294
YMR162C,YHR172W,0,-4.7040534,0.056600116193294525,0.2919999957084656,0.48669999837875366
YBR135W,YER035W,0,-4.7042913,0.05658914893865585,0.2919999957084656,0.4867999851703644
YMR076C,YAR008W,0,-4.7043614,0.05657818168401718,0.2919999957084656,0.4869000017642975
YPR191W,YMR179W,0,-4.704879,0.056567221879959106,0.2919999957084656,0.4869999885559082
YMR237W,YBL039C,0,-4.704934,0.05655626580119133,0.2919999957084656,0.4871000051498413
YLR242C,YMR023C,0,-4.704956,0.05654531344771385,0.2919999957084656,0.487199991941452
YER159C,YER032W,0,-4.7053123,0.05653436481952667,0.2919999957084656,0.48730000853538513
YGR118W,YDL224C,0,-4.705324,0.05652342364192009,0.2919999957084656,0.48739999532699585
YCL038C,YKL019W,0,-4.7056017,0.05651248246431351,0.2919999957084656,0.48750001192092896
YEL003W,YOR182C,0,-4.7060924,0.05650154873728752,0.2919999957084656,0.4875999987125397
YPL221W,YLR363C,0,-4.706108,0.056490618735551834,0.2919999957084656,0.4876999855041504
YNL039W,YGL207W,1,-4.7061653,0.056673113256692886,0.2930000126361847,0.4876999855041504
YNL286W,YGR014W,0,-4.706266,0.05666215345263481,0.2930000126361847,0.4878000020980835
YDR424C,YJR140C,0,-4.706323,0.056651197373867035,0.2930000126361847,0.4878999888896942
YGR249W,YPL224C,0,-4.7070985,0.056640248745679855,0.2930000126361847,0.4880000054836273
YNL130C,YPL210C,0,-4.7072234,0.056629300117492676,0.2930000126361847,0.48809999227523804
YMR314W,YDR473C,0,-4.707412,0.05661835893988609,0.2930000126361847,0.48820000886917114
YGL168W,YNR046W,0,-4.7074714,0.05660741776227951,0.2930000126361847,0.48829999566078186
YIL097W,YPL012W,0,-4.707604,0.056596484035253525,0.2930000126361847,0.48840001225471497
YIR009W,YJL080C,0,-4.7082195,0.05658555403351784,0.2930000126361847,0.4884999990463257
YAR019C,YMR264W,0,-4.7085433,0.05657462775707245,0.2930000126361847,0.4885999858379364
YJR006W,YDR123C,0,-4.7086325,0.05656370520591736,0.2930000126361847,0.4887000024318695
YER028C,YER148W,1,-4.708919,0.056745801120996475,0.2939999997615814,0.4887000024318695
YBR089C-A,YDL138W,0,-4.708948,0.056734852492809296,0.2939999997615814,0.4887999892234802
YOR061W,YOR068C,0,-4.7091,0.056723903864622116,0.2939999997615814,0.48890000581741333
YMR208W,YCL066W,0,-4.709572,0.05671296268701553,0.2939999997615814,0.48899999260902405
YNL118C,YHR069C,0,-4.7100973,0.05670202523469925,0.2939999997615814,0.48910000920295715
YER032W,YML065W,0,-4.7101483,0.056691091507673264,0.2939999997615814,0.48919999599456787
YGL181W,YGR229C,0,-4.710337,0.056680161505937576,0.2939999997615814,0.489300012588501
YLR284C,YER110C,0,-4.7104454,0.05666923522949219,0.2939999997615814,0.4893999993801117
YPL202C,YBR198C,1,-4.710775,0.05685102939605713,0.29499998688697815,0.4893999993801117
YER036C,YER123W,0,-4.71145,0.05684007704257965,0.29499998688697815,0.4894999861717224
YPR006C,YPL124W,0,-4.711463,0.05682912841439247,0.29499998688697815,0.4896000027656555
YLL019C,YPL174C,0,-4.711555,0.05681818351149559,0.29499998688697815,0.48969998955726624
YLR233C,YML007W,0,-4.7118187,0.05680724233388901,0.29499998688697815,0.48980000615119934
YNL227C,YDR393W,0,-4.7119007,0.05679630488157272,0.29499998688697815,0.48989999294281006
YNL327W,YCR008W,0,-4.7121496,0.05678537115454674,0.29499998688697815,0.49000000953674316
YBL030C,YJL204C,0,-4.7125273,0.05677444115281105,0.29499998688697815,0.4900999963283539
YBR088C,YHR026W,0,-4.7126493,0.05676351860165596,0.29499998688697815,0.490200012922287
YIR019C,YFR050C,0,-4.7129235,0.05675259605050087,0.29499998688697815,0.4902999997138977
YIL009C-A,YLR262C,0,-4.713115,0.056741680949926376,0.29499998688697815,0.4903999865055084
YML074C,YDL042C,0,-4.7131863,0.05673076957464218,0.29499998688697815,0.49050000309944153
YFR021W,YJL061W,0,-4.713358,0.056719861924648285,0.29499998688697815,0.49059998989105225
YEL056W,YDR495C,0,-4.713503,0.05670895799994469,0.29499998688697815,0.49070000648498535
YGR246C,YAL001C,1,-4.7135115,0.05689025670289993,0.29600000381469727,0.49070000648498535
YDL198C,YKL056C,0,-4.7137213,0.05687932297587395,0.29600000381469727,0.49079999327659607
YMR280C,YHL006C,0,-4.7139583,0.05686839669942856,0.29600000381469727,0.4909000098705292
YIL044C,YOL117W,0,-4.7140293,0.05685747042298317,0.29600000381469727,0.4909999966621399
YGR134W,YML028W,0,-4.714314,0.05684655159711838,0.29600000381469727,0.491100013256073
YGL246C,YOR359W,0,-4.714582,0.056835636496543884,0.29600000381469727,0.4912000000476837
YKL012W,YML014W,0,-4.7147827,0.05682472512125969,0.29600000381469727,0.49129998683929443
YGL099W,YGR158C,0,-4.7150216,0.05681382119655609,0.29600000381469727,0.49140000343322754
YNL259C,YBL004W,0,-4.7151957,0.05680291727185249,0.29600000381469727,0.49149999022483826
YBR297W,YMR285C,0,-4.715324,0.056792017072439194,0.29600000381469727,0.49160000681877136
YMR212C,YLR165C,0,-4.7153244,0.05678112432360649,0.29600000381469727,0.4916999936103821
YDR422C,YNL253W,0,-4.715473,0.05677023530006409,0.29600000381469727,0.4918000102043152
YFL018C,YMR143W,0,-4.7160916,0.05675934627652168,0.29600000381469727,0.4918999969959259
YNL279W,YDL159W,0,-4.7165737,0.056748464703559875,0.29600000381469727,0.492000013589859
YPL051W,YNL302C,0,-4.716612,0.05673758685588837,0.29600000381469727,0.4921000003814697
YDL069C,YOR172W,0,-4.716981,0.056726716458797455,0.29600000381469727,0.49219998717308044
YNL072W,YPL130W,0,-4.717002,0.05671584606170654,0.29600000381469727,0.49230000376701355
YAL051W,YNL304W,0,-4.717765,0.05670497938990593,0.29600000381469727,0.49239999055862427
YKL208W,YMR035W,0,-4.7178164,0.05669412016868591,0.29600000381469727,0.4925000071525574
YOL059W,YPL171C,0,-4.717896,0.056683264672756195,0.29600000381469727,0.4925999939441681
YDR016C,YBR081C,0,-4.7179837,0.05667240917682648,0.29600000381469727,0.4927000105381012
YLR127C,YOR208W,0,-4.7180924,0.056661561131477356,0.29600000381469727,0.4927999973297119
YDR214W,YKL095W,0,-4.718631,0.05665071681141853,0.29600000381469727,0.492900013923645
YHR005C-A,YNL032W,0,-4.7190876,0.05663987621665001,0.29600000381469727,0.49300000071525574
YDL088C,YCL044C,0,-4.719116,0.05662904307246208,0.29600000381469727,0.49309998750686646
YOR361C,YBR216C,0,-4.719389,0.056618209928274155,0.29600000381469727,0.49320000410079956
YJR118C,YPR155C,0,-4.71971,0.056607380509376526,0.29600000381469727,0.4932999908924103
YNL101W,YDR259C,0,-4.719846,0.056596558541059494,0.29600000381469727,0.4934000074863434
YMR021C,YDL232W,0,-4.7205367,0.05658574029803276,0.29600000381469727,0.4934999942779541
YDR184C,YNR013C,0,-4.7205935,0.05657492205500603,0.29600000381469727,0.4936000108718872
YMR112C,YOR068C,0,-4.7206287,0.05656411126255989,0.29600000381469727,0.4936999976634979
YNL061W,YKL166C,0,-4.720895,0.05655330419540405,0.29600000381469727,0.49380001425743103
YCL055W,YLR425W,0,-4.7212286,0.05654250085353851,0.29600000381469727,0.49390000104904175
YDL036C,YGL145W,0,-4.7212934,0.05653170496225357,0.29600000381469727,0.49399998784065247
YHR001W-A,YER111C,0,-4.7213306,0.05652090907096863,0.29600000381469727,0.49410000443458557
YNL167C,YAL030W,0,-4.7215405,0.056510116904973984,0.29600000381469727,0.4941999912261963
YJL011C,YDR145W,1,-4.722001,0.05669020861387253,0.296999990940094,0.4941999912261963
YPL076W,YDR120C,0,-4.7221384,0.056679390370845795,0.296999990940094,0.4943000078201294
YBL103C,YGL207W,1,-4.7221804,0.05685937777161598,0.2980000078678131,0.4943000078201294
YDR361C,YLR212C,0,-4.7223253,0.05684852972626686,0.2980000078678131,0.4943999946117401
YDR411C,YLR354C,0,-4.7224655,0.05683768913149834,0.2980000078678131,0.4945000112056732
YMR319C,YIR015W,0,-4.7225895,0.05682684853672981,0.2980000078678131,0.49459999799728394
YLL018C-A,YOR332W,0,-4.7226048,0.056816015392541885,0.2980000078678131,0.49470001459121704
YDL149W,YER118C,0,-4.7226954,0.05680518597364426,0.2980000078678131,0.49480000138282776
YPR068C,YDR265W,0,-4.723469,0.056794360280036926,0.2980000078678131,0.4948999881744385
YPL083C,YKR089C,0,-4.723558,0.056783538311719894,0.2980000078678131,0.4950000047683716
YML099C,YPL049C,0,-4.72381,0.05677272006869316,0.2980000078678131,0.4950999915599823
YNL227C,YNL302C,0,-4.724084,0.056761905550956726,0.2980000078678131,0.4952000081539154
YLR116W,YDR208W,0,-4.7242126,0.05675109475851059,0.2980000078678131,0.4952999949455261
YDR076W,YMR247C,0,-4.7243786,0.05674028769135475,0.2980000078678131,0.49540001153945923
YGL238W,YNL286W,0,-4.724469,0.05672948807477951,0.2980000078678131,0.49549999833106995
YDL155W,YJR006W,0,-4.724571,0.05671869218349457,0.2980000078678131,0.49559998512268066
YGR192C,YOR081C,0,-4.7247467,0.056707896292209625,0.2980000078678131,0.49570000171661377
YER157W,YGR112W,0,-4.7247996,0.05669710785150528,0.2980000078678131,0.4957999885082245
YBR023C,YHL009C,0,-4.7248535,0.05668632313609123,0.2980000078678131,0.4959000051021576
YBL024W,YLR362W,0,-4.725301,0.056675542145967484,0.2980000078678131,0.4959999918937683
YGL211W,YOL093W,0,-4.7258615,0.05666476488113403,0.2980000078678131,0.4961000084877014
YGR246C,YDL108W,1,-4.7258625,0.05684410780668259,0.29899999499320984,0.4961000084877014
YHR019C,YFL048C,0,-4.7259035,0.05683330073952675,0.29899999499320984,0.49619999527931213
YDL223C,YGR121C,0,-4.725911,0.05682250112295151,0.29899999499320984,0.49630001187324524
YNR058W,YMR211W,0,-4.726242,0.056811705231666565,0.29899999499320984,0.49639999866485596
YEL032W,YOR221C,0,-4.726449,0.05680091306567192,0.29899999499320984,0.4964999854564667
YKL022C,YPL138C,0,-4.7265267,0.056790124624967575,0.29899999499320984,0.4966000020503998
YPR133C,YKL126W,0,-4.7265553,0.05677933990955353,0.29899999499320984,0.4966999888420105
YNL080C,YOL076W,0,-4.7267227,0.05676855891942978,0.29899999499320984,0.4968000054359436
YGL209W,YKL108W,0,-4.7272406,0.05675778165459633,0.29899999499320984,0.4968999922275543
YBL069W,YAL042W,0,-4.727296,0.056747011840343475,0.29899999499320984,0.4970000088214874
YLR433C,YCL043C,0,-4.727409,0.05673624202609062,0.29899999499320984,0.49709999561309814
YMR112C,YBR088C,0,-4.7274466,0.056725479662418365,0.29899999499320984,0.49720001220703125
YGR246C,YER148W,1,-4.7274513,0.05690440163016319,0.30000001192092896,0.49720001220703125
YER020W,YOR212W,0,-4.727521,0.05689360946416855,0.30000001192092896,0.49729999899864197
YPR140W,YGR094W,0,-4.727557,0.0568828210234642,0.30000001192092896,0.4973999857902527
YFL016C,YDR447C,0,-4.727932,0.056872036308050156,0.30000001192092896,0.4975000023841858
YKL205W,YDR429C,0,-4.7279944,0.056861259043216705,0.30000001192092896,0.4975999891757965
YHR036W,YDR162C,0,-4.7280507,0.056850481778383255,0.30000001192092896,0.4977000057697296
YOR122C,YJL141C,0,-4.7281113,0.0568397119641304,0.30000001192092896,0.49779999256134033
YNL078W,YDL213C,0,-4.728187,0.05682894587516785,0.30000001192092896,0.49790000915527344
YBR199W,YPL092W,0,-4.7282143,0.05681818351149559,0.30000001192092896,0.49799999594688416
YLR071C,YOR075W,0,-4.72827,0.056807421147823334,0.30000001192092896,0.49810001254081726
YGL191W,YML052W,0,-4.728414,0.056796666234731674,0.30000001192092896,0.498199999332428
YOR316C,YER053C,0,-4.728777,0.05678591877222061,0.30000001192092896,0.4982999861240387
YFR036W,YDR394W,0,-4.7288523,0.05677517130970955,0.30000001192092896,0.4984000027179718
YBL063W,YGL153W,0,-4.7292614,0.056764427572488785,0.30000001192092896,0.4984999895095825
YCR075C,YGR101W,0,-4.7295904,0.05675368756055832,0.30000001192092896,0.4986000061035156
YIL114C,YBR228W,0,-4.7296314,0.05674295499920845,0.30000001192092896,0.49869999289512634
YDL108W,YPL011C,1,-4.7296658,0.0569213330745697,0.3009999990463257,0.49869999289512634
YGL071W,YGR212W,0,-4.7297053,0.056910570710897446,0.3009999990463257,0.49880000948905945
YKR024C,YHR061C,0,-4.7298055,0.05689981207251549,0.3009999990463257,0.49889999628067017
YOR321W,YGR082W,0,-4.7300987,0.05688905715942383,0.3009999990463257,0.49900001287460327
YPR176C,YPL057C,0,-4.7302737,0.05687830597162247,0.3009999990463257,0.499099999666214
YBR202W,YNL311C,0,-4.7303815,0.0568675622344017,0.3009999990463257,0.4991999864578247
YOR056C,YOR130C,0,-4.7304296,0.05685681849718094,0.3009999990463257,0.4993000030517578
YJR006W,YER065C,0,-4.7304897,0.05684608221054077,0.3009999990463257,0.49939998984336853
YML118W,YCR008W,0,-4.730534,0.056835345923900604,0.3009999990463257,0.49950000643730164
YGR057C,YPL147W,0,-4.7310452,0.056824617087841034,0.3009999990463257,0.49959999322891235
YDR017C,YLR045C,0,-4.731059,0.05681389197707176,0.3009999990463257,0.49970000982284546
YGL027C,YOR363C,0,-4.7310896,0.05680317059159279,0.3009999990463257,0.4997999966144562
YLR176C,YDR129C,0,-4.7313943,0.056792452931404114,0.3009999990463257,0.4999000132083893
YHR183W,YJL012C,0,-4.731475,0.05678173899650574,0.3009999990463257,0.5
YGR040W,YLR332W,0,-4.7315264,0.05677102878689766,0.3009999990463257,0.5001000165939331
YPL011C,YDR079C-A,1,-4.7315974,0.05694889649748802,0.3019999861717224,0.5001000165939331
YGR268C,YLR043C,0,-4.731638,0.056938160210847855,0.3019999861717224,0.5001999735832214
YDL208W,YMR060C,0,-4.731894,0.056927427649497986,0.3019999861717224,0.5002999901771545
YOR133W,YML051W,0,-4.7319603,0.056916698813438416,0.3019999861717224,0.5004000067710876
YNL036W,YMR272C,0,-4.7324147,0.056905973702669144,0.3019999861717224,0.5005000233650208
YJL157C,YEL009C,0,-4.7330275,0.05689525231719017,0.3019999861717224,0.5005999803543091
YPL256C,YGL028C,0,-4.733108,0.056884534657001495,0.3019999861717224,0.5006999969482422
YPL135W,YHR120W,0,-4.7332907,0.05687382444739342,0.3019999861717224,0.5008000135421753
YNL059C,YMR299C,0,-4.7335997,0.05686311423778534,0.3019999861717224,0.5008999705314636
YCL031C,YLR442C,0,-4.733714,0.05685241147875786,0.3019999861717224,0.5009999871253967
YDL117W,YLR425W,0,-4.733758,0.05684170871973038,0.3019999861717224,0.5011000037193298
YLR423C,YOR145C,0,-4.733925,0.05683101341128349,0.3019999861717224,0.5012000203132629
YKR024C,YIL048W,0,-4.733957,0.05682031810283661,0.3019999861717224,0.5012999773025513
YNL163C,YOR140W,0,-4.734138,0.05680963024497032,0.3019999861717224,0.5013999938964844
YDR025W,YCR008W,0,-4.7343473,0.05679894611239433,0.3019999861717224,0.5015000104904175
YOR014W,YGL028C,0,-4.7345667,0.05678826570510864,0.3019999861717224,0.5016000270843506
YPL161C,YGR217W,0,-4.7345796,0.05677758902311325,0.3019999861717224,0.5016999840736389
YGR167W,YPR143W,0,-4.734675,0.05676691606640816,0.3019999861717224,0.501800000667572
YDL069C,YKR002W,0,-4.734748,0.05675625056028366,0.3019999861717224,0.5019000172615051
YML057W,YNR043W,0,-4.7348075,0.056745585054159164,0.3019999861717224,0.5019999742507935
YLR011W,YFL058W,0,-4.7348976,0.056734923273324966,0.3019999861717224,0.5020999908447266
YMR070W,YCL004W,0,-4.735141,0.056724268943071365,0.3019999861717224,0.5022000074386597
YOL065C,YGL075C,0,-4.7351866,0.056713614612817764,0.3019999861717224,0.5023000240325928
YML013W,YPL253C,0,-4.735283,0.05670296773314476,0.3019999861717224,0.5023999810218811
YNL133C,YGR104C,0,-4.7355056,0.056692320853471756,0.3019999861717224,0.5024999976158142
YDL154W,YNL097C,0,-4.7357454,0.05668168142437935,0.3019999861717224,0.5026000142097473
YOR279C,YGL126W,0,-4.7360115,0.05667104572057724,0.3019999861717224,0.5026999711990356
YNL020C,YER120W,0,-4.737214,0.05666041374206543,0.3019999861717224,0.5027999877929688
YPL259C,YDR283C,0,-4.737312,0.05664978548884392,0.3019999861717224,0.5029000043869019
YOR056C,YNL032W,0,-4.737365,0.056639160960912704,0.3019999861717224,0.503000020980835
YGL013C,YDR189W,0,-4.7377,0.05662854015827179,0.3019999861717224,0.5030999779701233
YGL045W,YNL309W,0,-4.737808,0.05661792308092117,0.3019999861717224,0.5031999945640564
YCL038C,YCL032W,0,-4.737951,0.056607309728860855,0.3019999861717224,0.5033000111579895
YLR085C,YNL113W,0,-4.738187,0.056596700102090836,0.3019999861717224,0.5034000277519226
YNL053W,YOL122C,0,-4.738304,0.05658609792590141,0.3019999861717224,0.5034999847412109
YMR008C,YBR081C,0,-4.738455,0.05657549574971199,0.3019999861717224,0.503600001335144
YGL251C,YHR120W,0,-4.738915,0.056564901024103165,0.3019999861717224,0.5037000179290771
YDR023W,YIL101C,0,-4.739321,0.05655430629849434,0.3019999861717224,0.5037999749183655
YJL050W,YDR359C,0,-4.739393,0.05654371902346611,0.3019999861717224,0.5038999915122986
YFR036W,YHR143W,0,-4.7394075,0.05653313547372818,0.3019999861717224,0.5040000081062317
YFR036W,YDR483W,0,-4.7399225,0.05652255192399025,0.3019999861717224,0.5041000247001648
YPR120C,YPL022W,0,-4.7399297,0.056511975824832916,0.3019999861717224,0.5041999816894531
YDL020C,YJL145W,0,-4.740096,0.05650140345096588,0.3019999861717224,0.5042999982833862
YJR082C,YNL292W,0,-4.740587,0.056490834802389145,0.3019999861717224,0.5044000148773193
YJR092W,YMR052W,0,-4.7408895,0.05648026987910271,0.3019999861717224,0.5044999718666077
YGR167W,YOR216C,0,-4.741234,0.05646970868110657,0.3019999861717224,0.5045999884605408
YKL182W,YHR197W,0,-4.741411,0.056459151208400726,0.3019999861717224,0.5047000050544739
YDR072C,YGL067W,0,-4.741826,0.056448597460985184,0.3019999861717224,0.504800021648407
YOR195W,YEL004W,0,-4.742113,0.05643804743885994,0.3019999861717224,0.5048999786376953
YPL049C,YEL016C,0,-4.7421865,0.05642750486731529,0.3019999861717224,0.5049999952316284
YBR112C,YBL080C,0,-4.7425604,0.056416962295770645,0.3019999861717224,0.5051000118255615
YOR330C,YDR320C,0,-4.742567,0.056406423449516296,0.3019999861717224,0.5052000284194946
YIL026C,YDR447C,0,-4.7426305,0.056395892053842545,0.3019999861717224,0.505299985408783
YPL192C,YLR208W,0,-4.742821,0.05638536065816879,0.3019999861717224,0.5054000020027161
YGL111W,YDR481C,0,-4.742856,0.05637483671307564,0.3019999861717224,0.5055000185966492
YHR120W,YMR284W,0,-4.7429333,0.05636431649327278,0.3019999861717224,0.5055999755859375
YBR198C,YDR311W,1,-4.7439747,0.05654039978981018,0.30300000309944153,0.5055999755859375
YBR112C,YGL136C,0,-4.7439866,0.056529849767684937,0.30300000309944153,0.5056999921798706
YER116C,YKL166C,0,-4.7439904,0.05651930719614029,0.30300000309944153,0.5058000087738037
YOR057W,YHR016C,0,-4.744034,0.05650876462459564,0.30300000309944153,0.5059000253677368
YGR171C,YDL134C,0,-4.7444596,0.05649822950363159,0.30300000309944153,0.5059999823570251
YNL129W,YMR101C,0,-4.7445593,0.05648769438266754,0.30300000309944153,0.5060999989509583
YER171W,YER148W,1,-4.7449546,0.05666356161236763,0.30399999022483826,0.5060999989509583
YCR047C,YAL033W,0,-4.7449884,0.05665300041437149,0.30399999022483826,0.5062000155448914
YHR065C,YGR080W,0,-4.7452173,0.05664244294166565,0.30399999022483826,0.5062999725341797
YLR401C,YGR057C,0,-4.745358,0.056631892919540405,0.30399999022483826,0.5063999891281128
YBR218C,YNL216W,0,-4.745385,0.05662134289741516,0.30399999022483826,0.5065000057220459
YIL150C,YBR294W,0,-4.745388,0.056610800325870514,0.30399999022483826,0.506600022315979
YNL016W,YOR027W,0,-4.7457814,0.056600261479616165,0.30399999022483826,0.5066999793052673
YNL271C,YBL030C,0,-4.7459316,0.056589726358652115,0.30399999022483826,0.5067999958992004
YGL071W,YER073W,0,-4.746791,0.056579191237688065,0.30399999022483826,0.5069000124931335
YKR039W,YER049W,0,-4.7469864,0.05656866356730461,0.30399999022483826,0.5070000290870667
YOL130W,YDR451C,0,-4.7473087,0.056558139622211456,0.30399999022483826,0.507099986076355
YPL202C,YIL143C,1,-4.747326,0.0567336305975914,0.3050000071525574,0.507099986076355
YPL195W,YPL001W,0,-4.747357,0.056723080575466156,0.3050000071525574,0.5072000026702881
YGL061C,YOR207C,0,-4.7476354,0.05671253427863121,0.3050000071525574,0.5073000192642212
YPR030W,YDR276C,0,-4.7478776,0.056701987981796265,0.3050000071525574,0.5073999762535095
YKL016C,YHR089C,0,-4.7480083,0.056691449135541916,0.3050000071525574,0.5074999928474426
YER045C,YML098W,1,-4.7480445,0.05686675384640694,0.3059999942779541,0.5074999928474426
YDR138W,YGL208W,0,-4.748108,0.0568561889231205,0.3059999942779541,0.5076000094413757
YOR080W,YOL117W,0,-4.748194,0.05684562399983406,0.3059999942779541,0.5077000260353088
YOL121C,YKR042W,0,-4.74821,0.05683506652712822,0.3059999942779541,0.5077999830245972
YGR057C,YMR088C,0,-4.748518,0.05682451277971268,0.3059999942779541,0.5078999996185303
YBR298C,YNL173C,0,-4.7495456,0.05681396275758743,0.3059999942779541,0.5080000162124634
YDL217C,YBL004W,0,-4.7500286,0.05680341646075249,0.3059999942779541,0.5080999732017517
YDR236C,YIL072W,0,-4.750167,0.05679287388920784,0.3059999942779541,0.5081999897956848
YPR161C,YDR103W,0,-4.750193,0.05678233504295349,0.3059999942779541,0.5083000063896179
YGR134W,YJL179W,0,-4.7501945,0.05677179992198944,0.3059999942779541,0.508400022983551
YPR138C,YAL051W,0,-4.7503176,0.05676126852631569,0.3059999942779541,0.5084999799728394
YKR039W,YDR485C,0,-4.7508836,0.056750740855932236,0.3059999942779541,0.5085999965667725
YDR429C,YIL017C,0,-4.7512965,0.05674022063612938,0.3059999942779541,0.5087000131607056
YML008C,YOL116W,0,-4.7514005,0.05672970041632652,0.3059999942779541,0.5088000297546387
YGL116W,YGR010W,0,-4.751838,0.056719183921813965,0.3059999942779541,0.508899986743927
YLL011W,YIR018W,0,-4.7522345,0.056708674877882004,0.3059999942779541,0.5090000033378601
YDR481C,YOR063W,0,-4.7526593,0.05669816583395004,0.3059999942779541,0.5091000199317932
YPR020W,YMR238W,0,-4.752737,0.05668766051530838,0.3059999942779541,0.5091999769210815
YNL080C,YAR002C-A,0,-4.752754,0.056677162647247314,0.3059999942779541,0.5092999935150146
YPR154W,YPR191W,0,-4.7528286,0.05666666850447655,0.3059999942779541,0.5094000101089478
YGL155W,YBR172C,0,-4.7529736,0.05665617436170578,0.3059999942779541,0.5095000267028809
YDL099W,YPL031C,0,-4.7530303,0.05664568766951561,0.3059999942779541,0.5095999836921692
YPL140C,YBR103W,0,-4.7530413,0.05663520097732544,0.3059999942779541,0.5097000002861023
YKL057C,YGR132C,0,-4.7533855,0.056624721735715866,0.3059999942779541,0.5098000168800354
YPL129W,YMR227C,1,-4.7539325,0.056799259036779404,0.3070000112056732,0.5098000168800354
YJL011C,YPL129W,1,-4.754228,0.05697373300790787,0.30799999833106995,0.5098000168800354
YOL008W,YPL192C,0,-4.7545233,0.05696319416165352,0.30799999833106995,0.5098999738693237
YNL314W,YGL112C,1,-4.754687,0.05713757500052452,0.3089999854564667,0.5098999738693237
YHL031C,YDR060W,0,-4.755149,0.05712701007723808,0.3089999854564667,0.5099999904632568
YEL054C,YDR394W,0,-4.7555714,0.05711645260453224,0.3089999854564667,0.5101000070571899
YMR059W,YOL110W,0,-4.7556887,0.0571058951318264,0.3089999854564667,0.510200023651123
YFL023W,YDL194W,0,-4.755988,0.05709534510970116,0.3089999854564667,0.5102999806404114
YMR001C,YDR494W,0,-4.7560434,0.05708479508757591,0.3089999854564667,0.5103999972343445
YMR137C,YJL069C,0,-4.756274,0.057074252516031265,0.3089999854564667,0.5105000138282776
YBR160W,YOR159C,0,-4.7563224,0.057063713669776917,0.3089999854564667,0.5105999708175659
YLL015W,YDR137W,0,-4.7565155,0.05705317482352257,0.3089999854564667,0.510699987411499
YKL213C,YKR026C,0,-4.756662,0.057042643427848816,0.3089999854564667,0.5108000040054321
YDR013W,YIL063C,0,-4.7569723,0.05703211575746536,0.3089999854564667,0.5109000205993652
YBL026W,YOL080C,0,-4.757119,0.05702159181237221,0.3089999854564667,0.5109999775886536
YMR224C,YBR175W,0,-4.757508,0.05701107159256935,0.3089999854564667,0.5110999941825867
YIL065C,YPL043W,0,-4.7576303,0.05700055509805679,0.3089999854564667,0.5112000107765198
YGR135W,YBR083W,0,-4.758422,0.056990042328834534,0.3089999854564667,0.5113000273704529
YNL314W,YPR086W,1,-4.759689,0.05716393142938614,0.3100000023841858,0.5113000273704529
YBR023C,YJL010C,0,-4.7601986,0.05715339258313179,0.3100000023841858,0.5113999843597412
YKL038W,YLR453C,0,-4.7604556,0.05714285746216774,0.3100000023841858,0.5115000009536743
YER183C,YIL038C,0,-4.7608347,0.05713232606649399,0.3100000023841858,0.5116000175476074
YBR195C,YGL092W,0,-4.7611794,0.057121798396110535,0.3100000023841858,0.5116999745368958
YLR086W,YDR353W,0,-4.7613306,0.05711127445101738,0.3100000023841858,0.5117999911308289
YER028C,YML098W,1,-4.7616534,0.05728495121002197,0.3109999895095825,0.5117999911308289
YJR089W,YGR020C,0,-4.7617455,0.05727440118789673,0.3109999895095825,0.511900007724762
YNL094W,YBR017C,0,-4.761798,0.05726385489106178,0.3109999895095825,0.5120000243186951
YDR039C,YNL093W,0,-4.762501,0.057253312319517136,0.3109999895095825,0.5120999813079834
YDR038C,YOL004W,0,-4.7625055,0.057242777198553085,0.3109999895095825,0.5121999979019165
YOR033C,YMR075W,0,-4.762709,0.057232242077589035,0.3109999895095825,0.5123000144958496
YMR068W,YER104W,0,-4.7631626,0.05722171068191528,0.3109999895095825,0.5123999714851379
YER025W,YGL153W,0,-4.763178,0.05721118301153183,0.3109999895095825,0.512499988079071
YNL136W,YDR205W,0,-4.763489,0.05720066279172897,0.3109999895095825,0.5126000046730042
YDR238C,YMR284W,0,-4.7636623,0.05719014257192612,0.3109999895095825,0.5127000212669373
YDL225W,YBR162C,0,-4.7637887,0.05717962980270386,0.3109999895095825,0.5127999782562256
YJR089W,YBR186W,0,-4.76389,0.0571691170334816,0.3109999895095825,0.5128999948501587
YNL216W,YMR241W,0,-4.76436,0.057158611714839935,0.3109999895095825,0.5130000114440918
YBR245C,YPL155C,0,-4.7644634,0.05714810639619827,0.3109999895095825,0.5131000280380249
YNL314W,YBL103C,1,-4.7645206,0.05732132866978645,0.31200000643730164,0.5131000280380249
YPL253C,YDR325W,0,-4.764563,0.057310800999403,0.31200000643730164,0.5131999850273132
YLR080W,YLR377C,0,-4.764763,0.057300277054309845,0.31200000643730164,0.5133000016212463
YLR361C,YKL056C,0,-4.76501,0.05728975310921669,0.31200000643730164,0.5134000182151794
YMR042W,YML048W,0,-4.7652826,0.05727923661470413,0.31200000643730164,0.5134999752044678
YLR238W,YPR036W,0,-4.765539,0.05726872384548187,0.31200000643730164,0.5135999917984009
YHR183W,YHR085W,0,-4.76593,0.05725821107625961,0.31200000643730164,0.513700008392334
YIL143C,YPL129W,1,-4.766202,0.057431191205978394,0.31299999356269836,0.513700008392334
YDR524C,YGL045W,0,-4.766285,0.05742065608501434,0.31299999356269836,0.5138000249862671
YOL126C,YBL058W,0,-4.7663774,0.05741012468934059,0.31299999356269836,0.5138999819755554
YJR006W,YOR308C,0,-4.7670097,0.05739959701895714,0.31299999356269836,0.5139999985694885
YKL043W,YKR025W,0,-4.767027,0.05738907307386398,0.31299999356269836,0.5141000151634216
YDR461W,YOR068C,0,-4.7671022,0.05737855285406113,0.31299999356269836,0.51419997215271
YMR237W,YAL031C,0,-4.7672505,0.05736803635954857,0.31299999356269836,0.5142999887466431
YJL106W,YMR235C,0,-4.767373,0.05735752359032631,0.31299999356269836,0.5144000053405762
YMR232W,YKR082W,0,-4.7673845,0.05734701454639435,0.31299999356269836,0.5145000219345093
YDR236C,YER021W,0,-4.767422,0.057336509227752686,0.31299999356269836,0.5145999789237976
YER065C,YKL019W,0,-4.768343,0.05732600763440132,0.31299999356269836,0.5146999955177307
YIL132C,YOR140W,0,-4.768464,0.057315509766340256,0.31299999356269836,0.5148000121116638
YFL021W,YDR362C,1,-4.768861,0.0574880987405777,0.3140000104904175,0.5148000121116638
YOR211C,YNL163C,0,-4.76916,0.05747757479548454,0.3140000104904175,0.5149000287055969
YOR023C,YKL193C,0,-4.7692237,0.057467058300971985,0.3140000104904175,0.5149999856948853
YNR056C,YLL003W,0,-4.7692356,0.05745654180645943,0.3140000104904175,0.5151000022888184
YGL112C,YDR079C-A,1,-4.769339,0.05762897804379463,0.3149999976158142,0.5151000022888184
YLR110C,YNR023W,0,-4.769759,0.05761843919754028,0.3149999976158142,0.5152000188827515
YGL192W,YGR119C,0,-4.7698774,0.057607900351285934,0.3149999976158142,0.5152999758720398
YOR316C,YGR112W,0,-4.770568,0.057597365230321884,0.3149999976158142,0.5153999924659729
YDL085W,YLR249W,0,-4.7709255,0.05758683755993843,0.3149999976158142,0.515500009059906
YOL060C,YLR167W,0,-4.7709293,0.05757630988955498,0.3149999976158142,0.5156000256538391
YJL024C,YDR364C,0,-4.7710924,0.05756578966975212,0.3149999976158142,0.5156999826431274
YPR186C,YML098W,1,-4.771285,0.057737987488508224,0.3160000145435333,0.5156999826431274
YOR153W,YNL216W,0,-4.7713313,0.05772743746638298,0.3160000145435333,0.5157999992370605
YPL177C,YBR198C,1,-4.7715178,0.05789954215288162,0.31700000166893005,0.5157999992370605
YJR118C,YDR481C,0,-4.7727175,0.05788896977901459,0.31700000166893005,0.5159000158309937
YLR382C,YGL213C,0,-4.7730393,0.05787840113043785,0.31700000166893005,0.515999972820282
YKL055C,YER013W,0,-4.7730684,0.05786783620715141,0.31700000166893005,0.5160999894142151
YPL211W,YHR074W,0,-4.7732277,0.05785727500915527,0.31700000166893005,0.5162000060081482
YLR340W,YDL195W,0,-4.773267,0.057846713811159134,0.31700000166893005,0.5163000226020813
YOR033C,YGL067W,0,-4.7732754,0.05783616006374359,0.31700000166893005,0.5163999795913696
YDR214W,YMR319C,0,-4.773287,0.05782561004161835,0.31700000166893005,0.5164999961853027
YFL003C,YNL156C,0,-4.773369,0.0578150637447834,0.31700000166893005,0.5166000127792358
YKL089W,YGR038W,0,-4.7737265,0.057804521173238754,0.31700000166893005,0.516700029373169
YGL166W,YFL021W,1,-4.7737894,0.05797629803419113,0.3179999887943268,0.516700029373169
YDL029W,YBL080C,0,-4.7741776,0.057965729385614395,0.3179999887943268,0.5167999863624573
YOR145C,YBR216C,0,-4.7746477,0.057955168187618256,0.3179999887943268,0.5169000029563904
YPR021C,YGL155W,0,-4.77468,0.057944606989622116,0.3179999887943268,0.5170000195503235
YBL026W,YOL113W,0,-4.7747607,0.057934049516916275,0.3179999887943268,0.5170999765396118
YGL155W,YPL234C,0,-4.7749224,0.05792349576950073,0.3179999887943268,0.5171999931335449
YPL221W,YNL173C,0,-4.7750063,0.05791294947266579,0.3179999887943268,0.517300009727478
YLR110C,YER002W,0,-4.7751317,0.05790240317583084,0.3179999887943268,0.5174000263214111
YHR082C,YDR255C,0,-4.7756352,0.057891860604286194,0.3179999887943268,0.5174999833106995
YER045C,YLR005W,1,-4.7762227,0.05806334316730499,0.3190000057220459,0.5174999833106995
YKR019C,YHR090C,0,-4.7763515,0.058052774518728256,0.3190000057220459,0.5175999999046326
YDR099W,YJR147W,0,-4.776676,0.05804221332073212,0.3190000057220459,0.5177000164985657
YDR163W,YLR020C,0,-4.776925,0.05803165212273598,0.3190000057220459,0.517799973487854
YAL054C,YBR161W,0,-4.777262,0.058021098375320435,0.3190000057220459,0.5178999900817871
YKL092C,YDL216C,0,-4.7773666,0.05801054835319519,0.3190000057220459,0.5180000066757202
YGR199W,YER147C,0,-4.777427,0.057999998331069946,0.3190000057220459,0.5181000232696533
YLR210W,YCL001W,0,-4.7779527,0.0579894557595253,0.3190000057220459,0.5181999802589417
YDL044C,YKR025W,0,-4.778602,0.05797891691327095,0.3190000057220459,0.5182999968528748
YJR066W,YGR211W,0,-4.7789435,0.0579683817923069,0.3190000057220459,0.5184000134468079
YFL049W,YOR256C,0,-4.779043,0.05795785039663315,0.3190000057220459,0.5184999704360962
YFR047C,YBR048W,0,-4.7798223,0.057947319000959396,0.3190000057220459,0.5185999870300293
YKL022C,YBR170C,0,-4.780176,0.05793679505586624,0.3190000057220459,0.5187000036239624
YDR147W,YPL029W,0,-4.7801843,0.057926274836063385,0.3190000057220459,0.5188000202178955
YCR037C,YFL049W,0,-4.7807207,0.05791575834155083,0.3190000057220459,0.5188999772071838
YPL097W,YPR182W,0,-4.7813234,0.05790524557232857,0.3190000057220459,0.5189999938011169
YER028C,YDR460W,1,-4.781709,0.058076225221157074,0.3199999928474426,0.5189999938011169
YER083C,YDR317W,0,-4.781752,0.058065686374902725,0.3199999928474426,0.51910001039505
YOL139C,YOR208W,0,-4.7822056,0.058055151253938675,0.3199999928474426,0.5192000269889832
YNL004W,YPL176C,0,-4.7825565,0.05804462358355522,0.3199999928474426,0.5192999839782715
YOR036W,YOR187W,0,-4.7827935,0.05803409591317177,0.3199999928474426,0.5194000005722046
YPR155C,YBR296C,0,-4.7829227,0.05802357196807861,0.3199999928474426,0.5195000171661377
YLR165C,YGR009C,0,-4.7833815,0.05801305174827576,0.3199999928474426,0.519599974155426
YJR094C,YOL061W,0,-4.783723,0.0580025389790535,0.3199999928474426,0.5196999907493591
YMR012W,YPL188W,0,-4.7839174,0.05799202620983124,0.3199999928474426,0.5198000073432922
YGL253W,YMR214W,0,-4.783928,0.05798151716589928,0.3199999928474426,0.5199000239372253
YEL071W,YDR079W,0,-4.784262,0.05797101557254791,0.3199999928474426,0.5199999809265137
YPL051W,YAL042W,0,-4.784978,0.05796051397919655,0.3199999928474426,0.5200999975204468
YER061C,YDR501W,0,-4.785081,0.05795001983642578,0.3199999928474426,0.5202000141143799
YJL013C,YOR297C,0,-4.7854967,0.057939525693655014,0.3199999928474426,0.5202999711036682
YJL013C,YDR490C,0,-4.78553,0.057929035276174545,0.3199999928474426,0.5203999876976013
YGL075C,YKR097W,0,-4.78554,0.05791855230927467,0.3199999928474426,0.5205000042915344
YOR334W,YGR206W,0,-4.7863016,0.0579080693423748,0.3199999928474426,0.5206000208854675
YFR004W,YIL056W,0,-4.7865305,0.05789759382605553,0.3199999928474426,0.5206999778747559
YNL259C,YNL188W,0,-4.7866755,0.05788711830973625,0.3199999928474426,0.520799994468689
YNL015W,YMR266W,0,-4.7866793,0.057876650243997574,0.3199999928474426,0.5209000110626221
YJL061W,YAR003W,0,-4.7867794,0.057866185903549194,0.3199999928474426,0.5210000276565552
YBR257W,YHR016C,0,-4.7868195,0.057855721563100815,0.3199999928474426,0.5210999846458435
YBL103C,YPL011C,1,-4.786853,0.0580260306596756,0.32100000977516174,0.5210999846458435
YDR245W,YGL127C,0,-4.7868643,0.05801554396748543,0.32100000977516174,0.5212000012397766
YGR246C,YBR198C,1,-4.7868776,0.05818575993180275,0.32199999690055847,0.5212000012397766
YOL011W,YFL005W,0,-4.7872286,0.05817524716258049,0.32199999690055847,0.5213000178337097
YPL091W,YDR527W,0,-4.7883463,0.05816473811864853,0.32199999690055847,0.521399974822998
YIL072W,YNL216W,0,-4.7885427,0.058154236525297165,0.32199999690055847,0.5214999914169312
YGL135W,YNR046W,0,-4.7885637,0.0581437349319458,0.32199999690055847,0.5216000080108643
YOL003C,YFL004W,0,-4.788941,0.058133237063884735,0.32199999690055847,0.5217000246047974
YFR028C,YDR464W,0,-4.7891793,0.05812274292111397,0.32199999690055847,0.5217999815940857
YLR449W,YOR372C,0,-4.789362,0.0581122525036335,0.32199999690055847,0.5218999981880188
YDR284C,YGR056W,0,-4.789559,0.05810176953673363,0.32199999690055847,0.5220000147819519
YPL177C,YDR079C-A,1,-4.789566,0.05827169492840767,0.3230000138282776,0.5220000147819519
YMR042W,YPR032W,0,-4.7896547,0.05826118215918541,0.3230000138282776,0.5220999717712402
YJR035W,YDL128W,0,-4.789663,0.05825067684054375,0.3230000138282776,0.5221999883651733
YNR026C,YGR192C,0,-4.7899876,0.058240171521902084,0.3230000138282776,0.5223000049591064
YDR118W,YMR207C,0,-4.790016,0.05822967365384102,0.3230000138282776,0.5224000215530396
YLR438C-A,YPL019C,0,-4.7900343,0.05821917951107025,0.3230000138282776,0.5224999785423279
YKL195W,YMR143W,0,-4.790592,0.058208685368299484,0.3230000138282776,0.522599995136261
YPR185W,YMR237W,0,-4.7910275,0.058198198676109314,0.3230000138282776,0.5227000117301941
YMR239C,YGR002C,0,-4.7913523,0.05818771570920944,0.3230000138282776,0.5228000283241272
YOR056C,YCR033W,0,-4.791676,0.05817723274230957,0.3230000138282776,0.5228999853134155
YDR448W,YPR176C,0,-4.791792,0.058166757225990295,0.3230000138282776,0.5230000019073486
YGR246C,YMR227C,1,-4.7918444,0.05833633244037628,0.3240000009536743,0.5230000019073486
YDR320C-A,YDR359C,0,-4.7919607,0.05832583084702492,0.3240000009536743,0.5231000185012817
YBR201W,YBL042C,0,-4.792066,0.05831533297896385,0.3240000009536743,0.5231999754905701
YKR002W,YOL080C,0,-4.7927217,0.05830484256148338,0.3240000009536743,0.5232999920845032
YCR082W,YDR527W,0,-4.7939715,0.058294352144002914,0.3240000009536743,0.5234000086784363
YIR028W,YJR035W,0,-4.7940927,0.058283865451812744,0.3240000009536743,0.5235000252723694
YPL115C,YGL090W,0,-4.7944555,0.05827338248491287,0.3240000009536743,0.5235999822616577
YML052W,YER041W,0,-4.7950068,0.0582629032433033,0.3240000009536743,0.5236999988555908
YNR044W,YPL193W,0,-4.7951117,0.058252427726984024,0.3240000009536743,0.5238000154495239
YCR028C,YIL052C,0,-4.795465,0.05824195593595505,0.3240000009536743,0.5238999724388123
YLR423C,YLR103C,0,-4.795679,0.05823148787021637,0.3240000009536743,0.5239999890327454
YMR184W,YGL127C,0,-4.7959366,0.05822102352976799,0.3240000009536743,0.5241000056266785
YMR016C,YDR293C,0,-4.796549,0.05821056291460991,0.3240000009536743,0.5242000222206116
YDR512C,YOR057W,0,-4.7965546,0.058200106024742126,0.3240000009536743,0.5242999792098999
YFR021W,YHR066W,0,-4.796762,0.05818965658545494,0.3240000009536743,0.524399995803833
YOR328W,YGL163C,0,-4.7968464,0.058179207146167755,0.3240000009536743,0.5245000123977661
YJL106W,YBR002C,0,-4.7969065,0.05816876143217087,0.3240000009536743,0.5246000289916992
YDL024C,YAL055W,0,-4.796919,0.05815831944346428,0.3240000009536743,0.5246999859809875
YNR007C,YNR032W,0,-4.797045,0.05814788118004799,0.3240000009536743,0.5248000025749207
YER126C,YMR272C,0,-4.797479,0.058137446641922,0.3240000009536743,0.5249000191688538
YGL019W,YLR048W,0,-4.797694,0.0581270195543766,0.3240000009536743,0.5249999761581421
YOR327C,YPL176C,0,-4.797743,0.05811659246683121,0.3240000009536743,0.5250999927520752
YLR399C,YHR039C,0,-4.797806,0.05810616910457611,0.3240000009536743,0.5252000093460083
YPL100W,YDL031W,0,-4.7979097,0.05809574946761131,0.3240000009536743,0.5253000259399414
YMR229C,YGR046W,0,-4.797966,0.05808533355593681,0.3240000009536743,0.5253999829292297
YMR065W,YGL127C,0,-4.7981453,0.05807492509484291,0.3240000009536743,0.5254999995231628
YLR189C,YLR025W,0,-4.7981596,0.05806451663374901,0.3240000009536743,0.525600016117096
YML102W,YOL023W,0,-4.7985163,0.058054111897945404,0.3240000009536743,0.5256999731063843
YIL046W,YGL070C,0,-4.7985764,0.0580437108874321,0.3240000009536743,0.5257999897003174
YMR280C,YDL080C,0,-4.7986355,0.05803331360220909,0.3240000009536743,0.5259000062942505
YCR093W,YOR109W,0,-4.7986355,0.05802292376756668,0.3240000009536743,0.5260000228881836
YDR046C,YNL297C,0,-4.7987313,0.05801253393292427,0.3240000009536743,0.5260999798774719
YPL011C,YAL001C,1,-4.798982,0.058181166648864746,0.32499998807907104,0.5260999798774719
YDL003W,YER021W,0,-4.799219,0.058170754462480545,0.32499998807907104,0.526199996471405
YOL089C,YER028C,1,-4.799267,0.05833929777145386,0.32600000500679016,0.526199996471405
YGR134W,YJL061W,0,-4.799281,0.05832885950803757,0.32600000500679016,0.5263000130653381
YGR078C,YOL072W,0,-4.799412,0.058318424969911575,0.32600000500679016,0.5264000296592712
YJR091C,YDR356W,0,-4.79953,0.05830799415707588,0.32600000500679016,0.5264999866485596
YER147C,YDR486C,0,-4.799615,0.05829756706953049,0.32600000500679016,0.5266000032424927
YHR039C,YOR281C,0,-4.7996564,0.05828714370727539,0.32600000500679016,0.5267000198364258
YGL246C,YDL130W-A,0,-4.7997108,0.05827672407031059,0.32600000500679016,0.5267999768257141
YNL090W,YER116C,0,-4.799986,0.05826630815863609,0.32600000500679016,0.5268999934196472
YER171W,YDR460W,1,-4.7999973,0.05843459442257881,0.3269999921321869,0.5268999934196472
YCL035C,YPR173C,0,-4.8006682,0.05842415615916252,0.3269999921321869,0.5270000100135803
YLR207W,YMR125W,0,-4.801309,0.05841371789574623,0.3269999921321869,0.5271000266075134
YHR143W,YPL002C,0,-4.8014936,0.05840328708291054,0.3269999921321869,0.5271999835968018
YBR247C,YOL148C,0,-4.8015766,0.058392856270074844,0.3269999921321869,0.5273000001907349
YDR501W,YER005W,0,-4.8017063,0.05838243290781975,0.3269999921321869,0.527400016784668
YGR252W,YLR316C,0,-4.801788,0.05837200954556465,0.3269999921321869,0.5274999737739563
YHR088W,YDR120C,0,-4.801914,0.05836159363389015,0.3269999921321869,0.5275999903678894
YOR159C,YHR172W,0,-4.8020077,0.05835117772221565,0.3269999921321869,0.5277000069618225
YBR085W,YIL037C,0,-4.8024135,0.05834076553583145,0.3269999921321869,0.5278000235557556
YOR157C,YGR213C,0,-4.8024817,0.05833036080002785,0.3269999921321869,0.527899980545044
YNL286W,YPL098C,0,-4.802528,0.05831995606422424,0.3269999921321869,0.527999997138977
YLR377C,YLR309C,0,-4.8025346,0.058309558779001236,0.3269999921321869,0.5281000137329102
YLR384C,YJL207C,0,-4.802593,0.05829916149377823,0.3269999921321869,0.5281999707221985
YOL059W,YOL076W,0,-4.8026724,0.05828877165913582,0.3269999921321869,0.5282999873161316
YPR183W,YMR305C,0,-4.802818,0.05827838182449341,0.3269999921321869,0.5284000039100647
YLR098C,YPR100W,0,-4.803114,0.058267995715141296,0.3269999921321869,0.5285000205039978
YDR081C,YKR053C,0,-4.803787,0.05825761705636978,0.3269999921321869,0.5285999774932861
YBR034C,YIL053W,0,-4.8039446,0.05824723839759827,0.3269999921321869,0.5286999940872192
YML024W,YPR032W,0,-4.804006,0.05823686718940735,0.3269999921321869,0.5288000106811523
YGL038C,YER018C,0,-4.8042326,0.05822649598121643,0.3269999921321869,0.5289000272750854
YDR470C,YPR036W,0,-4.8043537,0.05821612849831581,0.3269999921321869,0.5289999842643738
YNR038W,YNL164C,0,-4.8045692,0.05820576846599579,0.3269999921321869,0.5291000008583069
YJL178C,YPR121W,0,-4.8046436,0.058195408433675766,0.3269999921321869,0.52920001745224
YML048W,YLL060C,0,-4.8050203,0.05818505212664604,0.3269999921321869,0.5292999744415283
YFR028C,YPR167C,0,-4.8054256,0.058174703270196915,0.3269999921321869,0.5293999910354614
YPR030W,YFL024C,0,-4.805539,0.05816435441374779,0.3269999921321869,0.5295000076293945
YNL257C,YER148W,1,-4.8056183,0.05833185091614723,0.328000009059906,0.5295000076293945
YPL015C,YNL070W,0,-4.805707,0.058321479707956314,0.328000009059906,0.5296000242233276
YCR094W,YLR293C,0,-4.8059893,0.058311112225055695,0.328000009059906,0.529699981212616
YBR234C,YDR320C,0,-4.8060203,0.058300744742155075,0.328000009059906,0.5297999978065491
YGR286C,YPL135W,0,-4.8062596,0.05829038470983505,0.328000009059906,0.5299000144004822
YLR175W,YER022W,0,-4.806273,0.05828002840280533,0.328000009059906,0.5299999713897705
YMR184W,YGR211W,0,-4.8062735,0.0582696758210659,0.328000009059906,0.5300999879837036
YNL007C,YPL020C,0,-4.806283,0.05825932323932648,0.328000009059906,0.5302000045776367
YCR082W,YDL229W,0,-4.8064175,0.05824897810816765,0.328000009059906,0.5303000211715698
YDR302W,YEL054C,0,-4.806593,0.05823863670229912,0.328000009059906,0.5303999781608582
YMR237W,YDR488C,0,-4.8066583,0.058228299021720886,0.328000009059906,0.5304999947547913
YOL049W,YJL141C,0,-4.806892,0.058217961341142654,0.328000009059906,0.5306000113487244
YPR029C,YBR092C,0,-4.806938,0.05820763111114502,0.328000009059906,0.5307000279426575
YPL171C,YKR002W,0,-4.807723,0.05819730460643768,0.328000009059906,0.5307999849319458
YDL128W,YFR003C,0,-4.8079796,0.05818697810173035,0.328000009059906,0.5309000015258789
YFR041C,YPL235W,0,-4.808078,0.05817665904760361,0.328000009059906,0.531000018119812
YER040W,YDR501W,0,-4.808305,0.05816633999347687,0.328000009059906,0.5310999751091003
YPL174C,YPL193W,0,-4.8088255,0.058156028389930725,0.328000009059906,0.5311999917030334
YOL089C,YJL011C,1,-4.8089743,0.05832299217581749,0.32899999618530273,0.5311999917030334
YJL020C,YOR080W,0,-4.809155,0.05831265449523926,0.32899999618530273,0.5313000082969666
YAL021C,YCL067C,0,-4.809247,0.058302320539951324,0.32899999618530273,0.5314000248908997
YNL286W,YOR212W,0,-4.809455,0.05829199030995369,0.32899999618530273,0.531499981880188
YDL017W,YDR372C,0,-4.8096414,0.05828166380524635,0.32899999618530273,0.5315999984741211
YKL191W,YGL133W,0,-4.8097744,0.058271341025829315,0.32899999618530273,0.5317000150680542
YLR399C,YPL012W,0,-4.8101044,0.058261021971702576,0.32899999618530273,0.5317999720573425
YGL207W,YGR274C,1,-4.810677,0.05842776224017143,0.33000001311302185,0.5317999720573425
YNL314W,YOL089C,1,-4.810765,0.058594442903995514,0.3310000002384186,0.5317999720573425
YOR204W,YNR006W,0,-4.8108225,0.058584071695804596,0.3310000002384186,0.5318999886512756
YBR145W,YLR011W,0,-4.8108587,0.058573704212903976,0.3310000002384186,0.5320000052452087
YDR081C,YOL004W,0,-4.81099,0.058563340455293655,0.3310000002384186,0.5321000218391418
YPR009W,YML041C,0,-4.811177,0.05855298042297363,0.3310000002384186,0.5321999788284302
YHR102W,YGL209W,0,-4.811406,0.05854262411594391,0.3310000002384186,0.5322999954223633
YNL182C,YPL083C,0,-4.811474,0.05853227153420448,0.3310000002384186,0.5324000120162964
YJL214W,YNL147W,0,-4.8115735,0.058521922677755356,0.3310000002384186,0.5325000286102295
YJR013W,YGL028C,0,-4.811701,0.05851157754659653,0.3310000002384186,0.5325999855995178
YNL314W,YDR311W,1,-4.81184,0.058677978813648224,0.3319999873638153,0.5325999855995178
YOL089C,YGL207W,1,-4.8120723,0.058844320476055145,0.3330000042915344,0.5325999855995178
YBR133C,YDR190C,0,-4.8123007,0.05883392319083214,0.3330000042915344,0.5327000021934509
YLR207W,YMR273C,0,-4.8123407,0.05882352963089943,0.3330000042915344,0.532800018787384
YDL007W,YDR293C,0,-4.812429,0.05881313979625702,0.3330000042915344,0.5328999757766724
YMR312W,YDL138W,0,-4.8126497,0.05880275368690491,0.3330000042915344,0.5329999923706055
YPL190C,YOL028C,0,-4.8127294,0.058792371302843094,0.3330000042915344,0.5331000089645386
YOR269W,YJL179W,0,-4.8131247,0.05878199636936188,0.3330000042915344,0.5332000255584717
YIL046W,YMR309C,0,-4.813208,0.05877162143588066,0.3330000042915344,0.53329998254776
YDR384C,YDR508C,0,-4.8133917,0.05876125022768974,0.3330000042915344,0.5333999991416931
YFR033C,YKR056W,0,-4.8138933,0.058750882744789124,0.3330000042915344,0.5335000157356262
YBL069W,YLR430W,0,-4.814086,0.0587405189871788,0.3330000042915344,0.5335999727249146
YNL041C,YOR210W,0,-4.8142495,0.05873015895485878,0.3330000042915344,0.5336999893188477
YHR143W,YLR277C,0,-4.8145847,0.058719802647829056,0.3330000042915344,0.5338000059127808
YNL223W,YLR256W,0,-4.8146434,0.05870945006608963,0.3330000042915344,0.5339000225067139
YOR284W,YOR068C,0,-4.814846,0.0586991012096405,0.3330000042915344,0.5339999794960022
YGR274C,YPL011C,1,-4.8148813,0.05886499956250191,0.33399999141693115,0.5339999794960022
YNL145W,YOL034W,0,-4.815195,0.05885462462902069,0.33399999141693115,0.5340999960899353
YJL208C,YHR083W,0,-4.8153396,0.05884425714612007,0.33399999141693115,0.5342000126838684
YKL016C,YNL302C,0,-4.8154116,0.05883388966321945,0.33399999141693115,0.5343000292778015
YJL210W,YNL246W,0,-4.815692,0.05882352963089943,0.33399999141693115,0.5343999862670898
YKL084W,YIL126W,0,-4.815862,0.05881316959857941,0.33399999141693115,0.534500002861023
YKR061W,YER002W,0,-4.8159227,0.05880281701683998,0.33399999141693115,0.534600019454956
YOL082W,YPL190C,0,-4.815974,0.058792464435100555,0.33399999141693115,0.5346999764442444
YNL257C,YOR194C,1,-4.816197,0.05895811319351196,0.33500000834465027,0.5346999764442444
YGR036C,YML088W,0,-4.816482,0.058947738260030746,0.33500000834465027,0.5347999930381775
YMR055C,YGR199W,0,-4.8166413,0.05893736705183983,0.33500000834465027,0.5349000096321106
YLR044C,YNL273W,0,-4.8169603,0.05892699956893921,0.33500000834465027,0.5350000262260437
YIL019W,YLR266C,0,-4.817167,0.05891663581132889,0.33500000834465027,0.535099983215332
YDL223C,YMR022W,0,-4.8181553,0.058906275779008865,0.33500000834465027,0.5351999998092651
YER171W,YOR110W,1,-4.818718,0.05907173082232475,0.335999995470047,0.5351999998092651
YOR112W,YDR331W,0,-4.818778,0.05906134471297264,0.335999995470047,0.5353000164031982
YLR215C,YDR153C,0,-4.819138,0.059050966054201126,0.335999995470047,0.5353999733924866
YJL184W,YDR434W,0,-4.8195434,0.05904059112071991,0.335999995470047,0.5354999899864197
YBR021W,YDR208W,0,-4.819748,0.05903021618723869,0.335999995470047,0.5356000065803528
YER045C,YOL089C,1,-4.820032,0.05919550359249115,0.3370000123977661,0.5356000065803528
YGL075C,YDL120W,0,-4.8207436,0.05918510630726814,0.3370000123977661,0.5357000231742859
YFR051C,YPR054W,0,-4.8209543,0.05917471647262573,0.3370000123977661,0.5357999801635742
YNL293W,YPL093W,0,-4.821393,0.05916432663798332,0.3370000123977661,0.5358999967575073
YMR192W,YNL207W,0,-4.8214383,0.05915394052863121,0.3370000123977661,0.5360000133514404
YNL059C,YKL182W,0,-4.8216696,0.0591435581445694,0.3370000123977661,0.5360999703407288
YNL267W,YPL253C,0,-4.821819,0.05913317948579788,0.3370000123977661,0.5361999869346619
YGR083C,YGL253W,0,-4.821821,0.059122808277606964,0.3370000123977661,0.536300003528595
YFL048C,YNR048W,0,-4.8218565,0.059112437069416046,0.3370000123977661,0.5364000201225281
YGL181W,YOR064C,0,-4.822243,0.05910206958651543,0.3370000123977661,0.5364999771118164
YFL022C,YIL105C,0,-4.822469,0.059091705828905106,0.3370000123977661,0.5365999937057495
YIL009C-A,YJR046W,0,-4.8226037,0.05908134579658508,0.3370000123977661,0.5367000102996826
YFR002W,YLR340W,0,-4.822669,0.05907098948955536,0.3370000123977661,0.5368000268936157
YGL173C,YOL093W,0,-4.8227224,0.05906063690781593,0.3370000123977661,0.536899983882904
YKL008C,YDR265W,0,-4.8228903,0.059050288051366806,0.3370000123977661,0.5370000004768372
YDR208W,YJL198W,0,-4.822934,0.05903994292020798,0.3370000123977661,0.5371000170707703
YDL142C,YLR007W,0,-4.8229365,0.05902960151433945,0.3370000123977661,0.5371999740600586
YNL331C,YDR498C,0,-4.82307,0.059019263833761215,0.3370000123977661,0.5372999906539917
YJL050W,YOL122C,0,-4.823203,0.05900892987847328,0.3370000123977661,0.5374000072479248
YPL126W,YGR078C,0,-4.823472,0.05899859964847565,0.3370000123977661,0.5375000238418579
YLR114C,YEL022W,0,-4.8240633,0.05898827314376831,0.3370000123977661,0.5375999808311462
YBL009W,YHR043C,0,-4.824069,0.05897795036435127,0.3370000123977661,0.5376999974250793
YLR044C,YML055W,0,-4.8242354,0.058967627584934235,0.3370000123977661,0.5378000140190125
YMR199W,YPL089C,0,-4.824588,0.058957312256097794,0.3370000123977661,0.5378999710083008
YGL029W,YLR011W,0,-4.8247004,0.05894700065255165,0.3370000123977661,0.5379999876022339
YNL286W,YEL018W,0,-4.8247643,0.05893669277429581,0.3370000123977661,0.538100004196167
YBR198C,YOR194C,1,-4.8249826,0.05910124257206917,0.33799999952316284,0.538100004196167
YDL017W,YGR247W,0,-4.825181,0.059090908616781235,0.33799999952316284,0.5382000207901001
YDL030W,YDR292C,0,-4.8254013,0.0590805821120739,0.33799999952316284,0.5382999777793884
YIL013C,YOR076C,0,-4.8255434,0.05907025560736656,0.33799999952316284,0.5383999943733215
YJL025W,YPR181C,0,-4.825658,0.059059932827949524,0.33799999952316284,0.5385000109672546
YFL009W,YGL181W,0,-4.825686,0.05904961749911308,0.33799999952316284,0.5386000275611877
YGR212W,YPL057C,0,-4.8258348,0.05903930217027664,0.33799999952316284,0.5386999845504761
YML098W,YDR079C-A,1,-4.826,0.059203632175922394,0.33899998664855957,0.5386999845504761
YLR067C,YBL030C,0,-4.826477,0.05919329449534416,0.33899998664855957,0.5388000011444092
YBR221C,YKL154W,0,-4.8264866,0.05918296054005623,0.33899998664855957,0.5389000177383423
YJR078W,YIR015W,0,-4.82656,0.059172630310058594,0.33899998664855957,0.5389999747276306
YCR086W,YIR021W,0,-4.8265777,0.05916230380535126,0.33899998664855957,0.5390999913215637
YOL145C,YMR156C,0,-4.827014,0.05915198102593422,0.33899998664855957,0.5392000079154968
YFL003C,YGL100W,0,-4.8270206,0.05914166197180748,0.33899998664855957,0.5393000245094299
YDR363W,YOR354C,0,-4.827409,0.05913134664297104,0.33899998664855957,0.5393999814987183
YDR214W,YNL307C,0,-4.827409,0.0591210313141346,0.33899998664855957,0.5394999980926514
YHR152W,YPL120W,0,-4.8278165,0.059110723435878754,0.33899998664855957,0.5396000146865845
YPL202C,YGL112C,1,-4.828037,0.05927475541830063,0.3400000035762787,0.5396000146865845
YJR055W,YML088W,0,-4.8282967,0.059264425188302994,0.3400000035762787,0.5396999716758728
YDL197C,YPL171C,0,-4.8283477,0.05925409495830536,0.3400000035762787,0.5397999882698059
YNL102W,YGL227W,0,-4.8284087,0.05924377217888832,0.3400000035762787,0.539900004863739
YDL069C,YOR362C,0,-4.8287106,0.05923344939947128,0.3400000035762787,0.5400000214576721
YDR364C,YOR210W,0,-4.828726,0.05922313034534454,0.3400000035762787,0.5400999784469604
YPR086W,YMR227C,1,-4.8291297,0.0593869723379612,0.3409999907016754,0.5400999784469604
YDR062W,YDL005C,0,-4.8293586,0.05937663093209267,0.3409999907016754,0.5401999950408936
YGR274C,YBR123C,1,-4.829694,0.059540390968322754,0.34200000762939453,0.5401999950408936
YER016W,YIL105C,0,-4.8303337,0.05953002721071243,0.34200000762939453,0.5403000116348267
YJL034W,YHR012W,0,-4.8305655,0.05951966717839241,0.34200000762939453,0.5404000282287598
YDL102W,YBR265W,0,-4.8305883,0.059509310871362686,0.34200000762939453,0.5404999852180481
YEL036C,YOR089C,0,-4.830778,0.05949895456433296,0.34200000762939453,0.5406000018119812
YGR247W,YOL105C,0,-4.830782,0.059488605707883835,0.34200000762939453,0.5407000184059143
YLR384C,YJR074W,0,-4.8308973,0.059478260576725006,0.34200000762939453,0.5407999753952026
YBR278W,YER165W,0,-4.8315344,0.059467919170856476,0.34200000762939453,0.5408999919891357
YNL257C,YDR311W,1,-4.8317237,0.059631433337926865,0.34299999475479126,0.5408999919891357
YOR145C,YIL139C,0,-4.831942,0.059621065855026245,0.34299999475479126,0.5410000085830688
YPR007C,YMR142C,0,-4.83226,0.05961070582270622,0.34299999475479126,0.541100025177002
YML004C,YOL004W,0,-4.832412,0.0596003457903862,0.34299999475479126,0.5411999821662903
YHR193C,YJL053W,0,-4.83317,0.059589993208646774,0.34299999475479126,0.5412999987602234
YHR056C,YFL037W,0,-4.833255,0.05957964062690735,0.34299999475479126,0.5414000153541565
YPR200C,YIL072W,0,-4.83446,0.05956929549574852,0.34299999475479126,0.5414999723434448
YDL029W,YOL004W,0,-4.8349257,0.05955895036458969,0.34299999475479126,0.5415999889373779
YMR068W,YLL002W,0,-4.834945,0.05954861268401146,0.34299999475479126,0.541700005531311
YOL115W,YIR012W,0,-4.83589,0.05953827500343323,0.34299999475479126,0.5418000221252441
YDR329C,YDR073W,0,-4.8363323,0.059527941048145294,0.34299999475479126,0.5418999791145325
YLR276C,YHR204W,0,-4.836591,0.05951761081814766,0.34299999475479126,0.5419999957084656
YHR021C,YHR012W,0,-4.8368387,0.05950728803873062,0.34299999475479126,0.5421000123023987
YGL067W,YNL026W,0,-4.8369856,0.05949696525931358,0.34299999475479126,0.5422000288963318
YPR143W,YNL054W,0,-4.837168,0.059486646205186844,0.34299999475479126,0.5422999858856201
YDR141C,YDR459C,0,-4.83727,0.0594763308763504,0.34299999475479126,0.5424000024795532
YDL200C,YBR172C,0,-4.837378,0.05946601927280426,0.34299999475479126,0.5425000190734863
YOR034C,YKL213C,0,-4.837516,0.059455711394548416,0.34299999475479126,0.5425999760627747
YML091C,YKL212W,0,-4.837589,0.05944540724158287,0.34299999475479126,0.5426999926567078
YGL099W,YHR172W,0,-4.8379827,0.05943510681390762,0.34299999475479126,0.5428000092506409
YJR025C,YHR193C,0,-4.838499,0.059424810111522675,0.34299999475479126,0.542900025844574
YNR044W,YML021C,0,-4.8386354,0.059414517134428024,0.34299999475479126,0.5429999828338623
YDR320C,YJR044C,0,-4.838912,0.059404224157333374,0.34299999475479126,0.5430999994277954
YNL020C,YBL080C,0,-4.838925,0.05939393863081932,0.34299999475479126,0.5432000160217285
YBR199W,YMR127C,0,-4.8390417,0.059383656829595566,0.34299999475479126,0.5432999730110168
YNL099C,YOR313C,0,-4.83925,0.05937337875366211,0.34299999475479126,0.54339998960495
YGL251C,YGR121C,0,-4.8401155,0.05936310067772865,0.34299999475479126,0.5435000061988831
YHR019C,YOR178C,0,-4.8402567,0.05935283005237579,0.34299999475479126,0.5436000227928162
YDL164C,YGL243W,0,-4.840445,0.059342559427022934,0.34299999475479126,0.5436999797821045
YBL084C,YBR083W,0,-4.8405266,0.05933229625225067,0.34299999475479126,0.5437999963760376
YKL139W,YCL069W,0,-4.8413353,0.05932203307747841,0.34299999475479126,0.5439000129699707
YNL156C,YHL009C,0,-4.841572,0.05931177735328674,0.34299999475479126,0.5440000295639038
YML051W,YGR123C,0,-4.84168,0.05930152162909508,0.34299999475479126,0.5440999865531921
YLR048W,YDL060W,0,-4.842175,0.05929126963019371,0.34299999475479126,0.5442000031471252
YLR080W,YNL090W,0,-4.8422194,0.05928102135658264,0.34299999475479126,0.5443000197410583
YNL098C,YJR004C,0,-4.84225,0.05927078053355217,0.34299999475479126,0.5443999767303467
YCR039C,YKL130C,0,-4.8424854,0.0592605397105217,0.34299999475479126,0.5444999933242798
YBR278W,YJR002W,0,-4.842681,0.059250302612781525,0.34299999475479126,0.5446000099182129
YKL089W,YNR026C,0,-4.84279,0.05924006924033165,0.34299999475479126,0.544700026512146
YJL141C,YDL235C,0,-4.842898,0.05922983959317207,0.34299999475479126,0.5447999835014343
YNL027W,YOL009C,0,-4.8430176,0.059219613671302795,0.34299999475479126,0.5449000000953674
YEL031W,YGL232W,0,-4.843583,0.059209391474723816,0.34299999475479126,0.5450000166893005
YFL058W,YLR447C,0,-4.843727,0.059199173003435135,0.34299999475479126,0.5450999736785889
YOL080C,YPL120W,0,-4.843831,0.059188954532146454,0.34299999475479126,0.545199990272522
YDR448W,YIL173W,0,-4.843865,0.05917874351143837,0.34299999475479126,0.5453000068664551
YGR244C,YDR043C,0,-4.843896,0.059168536216020584,0.34299999475479126,0.5454000234603882
YIL010W,YCL067C,0,-4.843937,0.0591583289206028,0.34299999475479126,0.5454999804496765
YBR112C,YMR070W,0,-4.8440595,0.05914812907576561,0.34299999475479126,0.5455999970436096
YEL009C,YNL151C,0,-4.8443303,0.05913792923092842,0.34299999475479126,0.5457000136375427
YML074C,YDR465C,0,-4.8444986,0.05912773683667183,0.34299999475479126,0.545799970626831
YHR019C,YPL171C,0,-4.8445415,0.05911754444241524,0.34299999475479126,0.5458999872207642
YBR243C,YLR427W,0,-4.8446913,0.05910735949873924,0.34299999475479126,0.5460000038146973
YPL045W,YDR325W,0,-4.8448105,0.05909717455506325,0.34299999475479126,0.5461000204086304
YGR274C,YML098W,1,-4.8451443,0.05925925821065903,0.3440000116825104,0.5461000204086304
YGR247W,YHR058C,0,-4.845352,0.05924905091524124,0.3440000116825104,0.5461999773979187
YDL108W,YER171W,1,-4.845646,0.05941105633974075,0.3449999988079071,0.5461999773979187
YDR363W-A,YMR179W,0,-4.8461366,0.05940082669258118,0.3449999988079071,0.5462999939918518
YPL060W,YMR047C,0,-4.846594,0.0593906007707119,0.3449999988079071,0.5464000105857849
YMR312W,YDR503C,0,-4.84663,0.05938037857413292,0.3449999988079071,0.546500027179718
YDL115C,YJR143C,0,-4.846646,0.05937016010284424,0.3449999988079071,0.5465999841690063
YER075C,YDL190C,0,-4.847039,0.059359945356845856,0.3449999988079071,0.5467000007629395
YLL031C,YMR272C,0,-4.847046,0.05934973433613777,0.3449999988079071,0.5468000173568726
YER045C,YPL177C,1,-4.8473244,0.05951152369379997,0.34599998593330383,0.5468000173568726
YDR364C,YBL025W,0,-4.847325,0.0595012903213501,0.34599998593330383,0.5468999743461609
YMR231W,YJL198W,0,-4.847652,0.05949106067419052,0.34599998593330383,0.546999990940094
YBL009W,YGR167W,0,-4.8477,0.059480831027030945,0.34599998593330383,0.5471000075340271
YMR072W,YKR050W,0,-4.8481216,0.059470608830451965,0.34599998593330383,0.5472000241279602
YDL153C,YER018C,0,-4.848356,0.059460386633872986,0.34599998593330383,0.5472999811172485
YPL255W,YDL164C,0,-4.8484135,0.0594501718878746,0.34599998593330383,0.5473999977111816
YGR229C,YHL009C,0,-4.8487267,0.05943995714187622,0.34599998593330383,0.5475000143051147
YKR022C,YPL258C,0,-4.8488884,0.059429749846458435,0.34599998593330383,0.5475999712944031
YAL058W,YPL153C,0,-4.8491287,0.05941954255104065,0.34599998593330383,0.5476999878883362
YOR046C,YPL274W,0,-4.8491554,0.05940933898091316,0.34599998593330383,0.5478000044822693
YGR014W,YHR086W,0,-4.849561,0.05939914286136627,0.34599998593330383,0.5479000210762024
YJR055W,YFL013C,0,-4.849804,0.05938894674181938,0.34599998593330383,0.5479999780654907
YDR037W,YDR398W,0,-4.849862,0.05937875434756279,0.34599998593330383,0.5480999946594238
YPR186C,YDR362C,1,-4.849864,0.05954015254974365,0.34700000286102295,0.5480999946594238
YNL004W,YBR162C,0,-4.850065,0.05952993780374527,0.34700000286102295,0.5482000112533569
YCR044C,YJL204C,0,-4.850095,0.059519726783037186,0.34700000286102295,0.54830002784729
YNL257C,YDR145W,1,-4.850195,0.05968101695179939,0.3479999899864197,0.54830002784729
YIR041W,YOR359W,0,-4.850232,0.05967078357934952,0.3479999899864197,0.5483999848365784
YMR083W,YLR166C,0,-4.8504457,0.05966055020689964,0.3479999899864197,0.5485000014305115
YLR117C,YOR307C,0,-4.8508406,0.059650324285030365,0.3479999899864197,0.5486000180244446
YDR079C-A,YOR194C,1,-4.850976,0.059811484068632126,0.3490000069141388,0.5486000180244446
YKL092C,YDR328C,0,-4.85108,0.05980123206973076,0.3490000069141388,0.5486999750137329
YDR488C,YLR165C,0,-4.851817,0.05979098752140999,0.3490000069141388,0.548799991607666
YBR154C,YNL012W,0,-4.851851,0.05978074669837952,0.3490000069141388,0.5489000082015991
YIL150C,YGR211W,0,-4.85191,0.05977050960063934,0.3490000069141388,0.5490000247955322
YGL038C,YDR300C,0,-4.8519187,0.05976027250289917,0.3490000069141388,0.5490999817848206
YMR281W,YGR158C,0,-4.8522234,0.059750042855739594,0.3490000069141388,0.5491999983787537
YNL172W,YJR065C,0,-4.852262,0.059739816933870316,0.3490000069141388,0.5493000149726868
YNR059W,YGR195W,0,-4.8523607,0.05972959101200104,0.3490000069141388,0.5493999719619751
YBL033C,YOR159C,0,-4.8526764,0.05971936881542206,0.3490000069141388,0.5494999885559082
YDR511W,YJL109C,0,-4.852884,0.059709154069423676,0.3490000069141388,0.5496000051498413
YPR186C,YLR005W,1,-4.853011,0.05986999720335007,0.3499999940395355,0.5496000051498413
YFR014C,YDR277C,0,-4.8530307,0.059859756380319595,0.3499999940395355,0.5497000217437744
YOR074C,YGR020C,0,-4.8530583,0.05984952300786972,0.3499999940395355,0.5497999787330627
YHR061C,YGR010W,0,-4.8531523,0.059839289635419846,0.3499999940395355,0.5498999953269958
YDL090C,YJL087C,0,-4.8532295,0.05982905998826027,0.3499999940395355,0.550000011920929
YMR204C,YOL072W,0,-4.8534985,0.05981883406639099,0.3499999940395355,0.5501000285148621
YNL062C,YNL004W,0,-4.8539925,0.05980861186981201,0.3499999940395355,0.5501999855041504
YPL055C,YNL098C,0,-4.854223,0.05979839339852333,0.3499999940395355,0.5503000020980835
YJL024C,YDR429C,0,-4.8545694,0.05978817865252495,0.3499999940395355,0.5504000186920166
YPR029C,YPL255W,0,-4.854855,0.059777967631816864,0.3499999940395355,0.5504999756813049
YIL033C,YGL124C,0,-4.8552694,0.05976776033639908,0.3499999940395355,0.550599992275238
YNL257C,YOR110W,1,-4.8556433,0.0599282905459404,0.35100001096725464,0.550599992275238
YJR137C,YGR165W,0,-4.8558216,0.05991806089878082,0.35100001096725464,0.5507000088691711
YJL011C,YDR460W,1,-4.855855,0.060078512877225876,0.35199999809265137,0.5507000088691711
YNL112W,YJR143C,0,-4.8559837,0.06006826087832451,0.35199999809265137,0.5508000254631042
YCR038C,YBR295W,0,-4.8564286,0.06005800887942314,0.35199999809265137,0.5508999824523926
YOL012C,YLR383W,0,-4.8564596,0.06004776433110237,0.35199999809265137,0.5509999990463257
YOR145C,YJL012C,0,-4.8564715,0.0600375235080719,0.35199999809265137,0.5511000156402588
YBL064C,YDR320C,0,-4.8566346,0.060027286410331726,0.35199999809265137,0.5511999726295471
YDR490C,YJL187C,0,-4.856641,0.06001704931259155,0.35199999809265137,0.5512999892234802
YMR207C,YMR076C,0,-4.856986,0.060006819665431976,0.35199999809265137,0.5514000058174133
YBR198C,YMR227C,1,-4.8572626,0.060167036950588226,0.3529999852180481,0.5514000058174133
YDL084W,YGR048W,0,-4.857323,0.06015678122639656,0.3529999852180481,0.5515000224113464
YFL021W,YGL112C,1,-4.8573856,0.06031692028045654,0.3540000021457672,0.5515000224113464
YCR012W,YGR046W,0,-4.857498,0.06030664220452309,0.3540000021457672,0.5515999794006348
YPR198W,YOR230W,0,-4.8575845,0.06029637157917023,0.3540000021457672,0.5516999959945679
YOR126C,YGL014W,0,-4.8576517,0.060286104679107666,0.3540000021457672,0.551800012588501
YGL257C,YGL233W,0,-4.857973,0.060275837779045105,0.3540000021457672,0.5519000291824341
YBR298C,YMR270C,0,-4.858101,0.06026557832956314,0.3540000021457672,0.5519999861717224
YIL143C,YBR198C,1,-4.85826,0.0604255311191082,0.35499998927116394,0.5519999861717224
YOR204W,YPL045W,0,-4.858365,0.060415249317884445,0.35499998927116394,0.5521000027656555
YLR242C,YDR280W,0,-4.8585033,0.06040496751666069,0.35499998927116394,0.5522000193595886
YHR115C,YHR082C,0,-4.859107,0.06039469316601753,0.35499998927116394,0.552299976348877
YGR246C,YOR110W,1,-4.859159,0.060554515570402145,0.35600000619888306,0.552299976348877
YIL106W,YBR212W,0,-4.8592577,0.0605442188680172,0.35600000619888306,0.5523999929428101
YDR529C,YDR160W,0,-4.8593006,0.06053392216563225,0.35600000619888306,0.5525000095367432
YER142C,YDR091C,0,-4.8597007,0.060523632913827896,0.35600000619888306,0.5526000261306763
YKR068C,YGR070W,0,-4.8597207,0.060513343662023544,0.35600000619888306,0.5526999831199646
YLR370C,YER120W,0,-4.8601437,0.06050305813550949,0.35600000619888306,0.5527999997138977
YML102W,YBR216C,0,-4.86026,0.060492780059576035,0.35600000619888306,0.5529000163078308
YFL021W,YPL122C,1,-4.860408,0.060652393847703934,0.3569999933242798,0.5529000163078308
YML071C,YDR411C,0,-4.860608,0.060642093420028687,0.3569999933242798,0.5529999732971191
YDR511W,YAL003W,0,-4.860658,0.06063179299235344,0.3569999933242798,0.5530999898910522
YPL202C,YGR186W,1,-4.860814,0.06079130619764328,0.3580000102519989,0.5530999898910522
YML004C,YAR008W,0,-4.8610086,0.06078098341822624,0.3580000102519989,0.5532000064849854
YBR112C,YNR039C,0,-4.8614483,0.0607706680893898,0.3580000102519989,0.5533000230789185
YPR131C,YLR119W,0,-4.8614817,0.06076035276055336,0.3580000102519989,0.5533999800682068
YDR238C,YLR182W,0,-4.8617024,0.06075004115700722,0.3580000102519989,0.5534999966621399
YCL016C,YAL053W,0,-4.861731,0.06073973700404167,0.3580000102519989,0.553600013256073
YER157W,YLR286C,0,-4.861876,0.060729432851076126,0.3580000102519989,0.5536999702453613
YBR015C,YML023C,0,-4.8619766,0.06071913242340088,0.3580000102519989,0.5537999868392944
YER117W,YMR229C,0,-4.862461,0.06070883572101593,0.3580000102519989,0.5539000034332275
YBR135W,YNR006W,0,-4.862563,0.06069854274392128,0.3580000102519989,0.5540000200271606
YIR028W,YER106W,0,-4.862812,0.06068825349211693,0.3580000102519989,0.554099977016449
YHR123W,YOL088C,0,-4.8629127,0.060677964240312576,0.3580000102519989,0.5541999936103821
YPL117C,YGL246C,0,-4.8632283,0.06066768243908882,0.3580000102519989,0.5543000102043152
YGR060W,YDL185W,0,-4.863533,0.060657404363155365,0.3580000102519989,0.5544000267982483
YLR015W,YBR006W,0,-4.8636093,0.06064713001251221,0.3580000102519989,0.5544999837875366
YOL089C,YOR110W,1,-4.8639917,0.06080623343586922,0.35899999737739563,0.5544999837875366
YBL085W,YNL145W,0,-4.8641167,0.06079593673348427,0.35899999737739563,0.5546000003814697
YAL003W,YIL072W,0,-4.864189,0.06078564003109932,0.35899999737739563,0.5547000169754028
YBR200W,YKR050W,0,-4.8642488,0.06077535077929497,0.35899999737739563,0.5547999739646912
YDL088C,YDR384C,0,-4.864249,0.060765065252780914,0.35899999737739563,0.5548999905586243
YML008C,YLR026C,0,-4.86446,0.06075477972626686,0.35899999737739563,0.5550000071525574
YLR005W,YCR042C,1,-4.8647165,0.060913704335689545,0.36000001430511475,0.5550000071525574
YAR019C,YMR037C,0,-4.8647995,0.060903400182724,0.36000001430511475,0.5551000237464905
YEL071W,YGL253W,0,-4.8649144,0.06089309975504875,0.36000001430511475,0.5551999807357788
YGR222W,YDR527W,0,-4.865153,0.060882799327373505,0.36000001430511475,0.5552999973297119
YGR156W,YDL153C,0,-4.865198,0.060872506350278854,0.36000001430511475,0.555400013923645
YPL153C,YML010W,0,-4.865391,0.060862213373184204,0.36000001430511475,0.5554999709129333
YMR072W,YHR169W,0,-4.865693,0.06085192784667015,0.36000001430511475,0.5555999875068665
YDR079C-A,YAL001C,1,-4.8657413,0.06101064756512642,0.3610000014305115,0.5555999875068665
YPR131C,YGR112W,0,-4.8661184,0.061000339686870575,0.3610000014305115,0.5557000041007996
YPR144C,YGR159C,0,-4.8664126,0.06099003180861473,0.3610000014305115,0.5558000206947327
YGL019W,YCR073C,0,-4.866422,0.060979731380939484,0.3610000014305115,0.555899977684021
YJR084W,YFL022C,0,-4.8664722,0.060969430953264236,0.3610000014305115,0.5559999942779541
YBR179C,YOL069W,0,-4.866662,0.06095913425087929,0.3610000014305115,0.5561000108718872
YML074C,YGR159C,0,-4.8670073,0.060948844999074936,0.3610000014305115,0.5562000274658203
YOR143C,YML124C,0,-4.86718,0.060938555747270584,0.3610000014305115,0.5562999844551086
YLR242C,YIR009W,0,-4.8675275,0.06092827022075653,0.3610000014305115,0.5564000010490417
YNR002C,YMR006C,0,-4.867666,0.060917988419532776,0.3610000014305115,0.5565000176429749
YJR105W,YPR133C,0,-4.8677716,0.06090771034359932,0.3610000014305115,0.5565999746322632
YBL074C,YJL025W,0,-4.8679543,0.06089743599295616,0.3610000014305115,0.5566999912261963
YBL046W,YHR065C,0,-4.868368,0.0608871653676033,0.3610000014305115,0.5568000078201294
YPL129W,YPL011C,1,-4.8684225,0.061045531183481216,0.3619999885559082,0.5568000078201294
YPL051W,YGR132C,0,-4.868427,0.061035238206386566,0.3619999885559082,0.5569000244140625
YKL084W,YNL294C,0,-4.8694735,0.061024948954582214,0.3619999885559082,0.5569999814033508
YNL036W,YOR367W,0,-4.8694854,0.06101466342806816,0.3619999885559082,0.5570999979972839
YMR042W,YOR232W,0,-4.869643,0.061004381626844406,0.3619999885559082,0.557200014591217
YIL048W,YBR114W,0,-4.870716,0.06099410355091095,0.3619999885559082,0.5572999715805054
YBR200W,YNL064C,0,-4.8708105,0.06098382920026779,0.3619999885559082,0.5573999881744385
YNR053C,YER082C,0,-4.8718495,0.060973554849624634,0.3619999885559082,0.5575000047683716
YAL010C,YHR200W,0,-4.8718767,0.06096328794956207,0.3619999885559082,0.5576000213623047
YDR361C,YPR133W-A,0,-4.872168,0.06095302104949951,0.3619999885559082,0.557699978351593
YAR033W,YGL145W,0,-4.8723245,0.06094276160001755,0.3619999885559082,0.5577999949455261
YOL059W,YNL292W,0,-4.8725176,0.060932502150535583,0.3619999885559082,0.5579000115394592
YDL051W,YNR043W,0,-4.8727317,0.060922250151634216,0.3619999885559082,0.5580000281333923
YOR206W,YLR090W,0,-4.8727403,0.06091199815273285,0.3619999885559082,0.5580999851226807
YNL145W,YJR021C,0,-4.872791,0.06090174987912178,0.3619999885559082,0.5582000017166138
YML102W,YLR207W,0,-4.8730097,0.06089150533080101,0.3619999885559082,0.5583000183105469
YBR017C,YLR119W,0,-4.873056,0.06088126450777054,0.3619999885559082,0.5583999752998352
YGR246C,YGL166W,1,-4.8731556,0.06103917956352234,0.3630000054836273,0.5583999752998352
YLR047C,YJL208C,0,-4.873598,0.061028916388750076,0.3630000054836273,0.5584999918937683
YMR201C,YPR133C,0,-4.874046,0.06101865693926811,0.3630000054836273,0.5586000084877014
YPL036W,YNL098C,0,-4.8745613,0.061008404940366745,0.3630000054836273,0.5587000250816345
YNL258C,YNL030W,0,-4.874709,0.06099815294146538,0.3630000054836273,0.5587999820709229
YDR182W,YOR109W,0,-4.8749466,0.06098790466785431,0.3630000054836273,0.558899998664856
YGR186W,YOR194C,1,-4.8757,0.06114564090967178,0.36399999260902405,0.558899998664856
YAL038W,YIL042C,0,-4.8757877,0.061135370284318924,0.36399999260902405,0.5590000152587891
YDR184C,YOL117W,0,-4.8758626,0.06112510338425636,0.36399999260902405,0.5590999722480774
YOR103C,YDL195W,0,-4.8758783,0.0611148439347744,0.36399999260902405,0.5591999888420105
YHR176W,YNL282W,0,-4.8759108,0.061104584485292435,0.36399999260902405,0.5593000054359436
YKR038C,YDR515W,0,-4.87646,0.06109432876110077,0.36399999260902405,0.5594000220298767
YDL166C,YDR166C,0,-4.876562,0.0610840730369091,0.36399999260902405,0.559499979019165
YJR145C,YGL115W,0,-4.876738,0.061073824763298035,0.36399999260902405,0.5595999956130981
YIL038C,YFL005W,0,-4.8767805,0.061063580214977264,0.36399999260902405,0.5597000122070312
YBL103C,YML098W,1,-4.876784,0.06122106686234474,0.36500000953674316,0.5597000122070312
YBR167C,YOR361C,0,-4.8768253,0.06121079996228218,0.36500000953674316,0.5598000288009644
YLR100W,YKL001C,0,-4.8769484,0.06120053678750992,0.36500000953674316,0.5598999857902527
YMR029C,YDR416W,0,-4.87763,0.061190277338027954,0.36500000953674316,0.5600000023841858
YPL155C,YLR382C,0,-4.8778863,0.06118002161383629,0.36500000953674316,0.5601000189781189
YJR065C,YMR199W,0,-4.8779917,0.06116976588964462,0.36500000953674316,0.5601999759674072
YDL130W-A,YPR009W,0,-4.8782444,0.061159517616033554,0.36500000953674316,0.5602999925613403
YCR093W,YDL084W,0,-4.8783593,0.061149273067712784,0.36500000953674316,0.5604000091552734
YKL192C,YKL129C,0,-4.8786545,0.061139028519392014,0.36500000953674316,0.5605000257492065
YLR228C,YEL022W,0,-4.878744,0.06112878769636154,0.36500000953674316,0.5605999827384949
YBL015W,YDR524C,0,-4.8788266,0.06111855432391167,0.36500000953674316,0.560699999332428
YMR305C,YER029C,0,-4.878899,0.06110832095146179,0.36500000953674316,0.5608000159263611
YBR021W,YGR038W,0,-4.8790565,0.061098091304302216,0.36500000953674316,0.5608999729156494
YKL073W,YKR079C,0,-4.8794093,0.06108786538243294,0.36500000953674316,0.5609999895095825
YJL071W,YMR073C,0,-4.879669,0.06107764318585396,0.36500000953674316,0.5611000061035156
YCR014C,YDR135C,0,-4.879741,0.06106742471456528,0.36500000953674316,0.5612000226974487
YGR171C,YDR076W,0,-4.8802595,0.061057209968566895,0.36500000953674316,0.5612999796867371
YNL307C,YKL018W,0,-4.8803015,0.06104699894785881,0.36500000953674316,0.5613999962806702
YBR098W,YDR246W,0,-4.880327,0.061036787927150726,0.36500000953674316,0.5615000128746033
YKR002W,YOR328W,0,-4.8809385,0.06102658435702324,0.36500000953674316,0.5616000294685364
YDL102W,YIL068C,0,-4.881591,0.06101638078689575,0.36500000953674316,0.5616999864578247
YBR280C,YDR398W,0,-4.881626,0.06100618466734886,0.36500000953674316,0.5618000030517578
YHR204W,YDR178W,0,-4.8817863,0.06099598854780197,0.36500000953674316,0.5619000196456909
YAL043C,YAL005C,0,-4.8821373,0.06098579615354538,0.36500000953674316,0.5619999766349792
YLR068W,YDL194W,0,-4.8826995,0.060975611209869385,0.36500000953674316,0.5620999932289124
YDR384C,YDR443C,0,-4.883072,0.06096542626619339,0.36500000953674316,0.5622000098228455
YNL023C,YDR160W,0,-4.883733,0.060955245047807693,0.36500000953674316,0.5623000264167786
YBL041W,YJR156C,0,-4.8837557,0.060945067554712296,0.36500000953674316,0.5623999834060669
YLR382C,YNL154C,0,-4.883793,0.0609348900616169,0.36500000953674316,0.5625
YNL220W,YCR037C,0,-4.8838444,0.0609247200191021,0.36500000953674316,0.5626000165939331
YIL121W,YJR110W,0,-4.8839316,0.060914553701877594,0.36500000953674316,0.5626999735832214
YKR090W,YPR140W,0,-4.8841486,0.06090438738465309,0.36500000953674316,0.5627999901771545
YDR361C,YHR175W,0,-4.88422,0.060894228518009186,0.36500000953674316,0.5629000067710876
YDL100C,YOR054C,0,-4.884362,0.06088406965136528,0.36500000953674316,0.5630000233650208
YER028C,YPL129W,1,-4.8843822,0.061040692031383514,0.3659999966621399,0.5630000233650208
YMR299C,YDR097C,0,-4.8845654,0.061030514538288116,0.3659999966621399,0.5630999803543091
YLR215C,YDR098C,0,-4.884635,0.06102034077048302,0.3659999966621399,0.5631999969482422
YLR383W,YPL120W,0,-4.885497,0.06101016700267792,0.3659999966621399,0.5633000135421753
YGL071W,YML074C,0,-4.8855586,0.061000000685453415,0.3659999966621399,0.5633999705314636
YPL051W,YFR051C,0,-4.8856897,0.06098983436822891,0.3659999966621399,0.5634999871253967
YHR083W,YGL028C,0,-4.886706,0.06097967177629471,0.3659999966621399,0.5636000037193298
YFL055W,YMR240C,0,-4.886922,0.0609695166349411,0.3659999966621399,0.5637000203132629
YPL202C,YDR311W,1,-4.8870564,0.06112591549754143,0.367000013589859,0.5637000203132629
YJR076C,YHR124W,0,-4.8873434,0.06111573800444603,0.367000013589859,0.5637999773025513
YKL084W,YBR272C,0,-4.8873806,0.06110556051135063,0.367000013589859,0.5638999938964844
YEL015W,YDL181W,0,-4.888085,0.06109539046883583,0.367000013589859,0.5640000104904175
YHL020C,YLR447C,0,-4.8882346,0.06108522042632103,0.367000013589859,0.5641000270843506
YPR025C,YJL011C,1,-4.888857,0.06124147027730942,0.36800000071525574,0.5641000270843506
YJL133W,YOR367W,0,-4.8888664,0.061231281608343124,0.36800000071525574,0.5641999840736389
YPR008W,YGR274C,1,-4.8889823,0.06138745695352554,0.36899998784065247,0.5641999840736389
YGL133W,YOL129W,0,-4.8900137,0.06137724593281746,0.36899998784065247,0.564300000667572
YJL024C,YOR182C,0,-4.8901553,0.06136703863739967,0.36899998784065247,0.5644000172615051
YDR069C,YLR350W,0,-4.8902245,0.061356835067272186,0.36899998784065247,0.5644999742507935
YLR032W,YHR014W,0,-4.890315,0.061346635222435,0.36899998784065247,0.5645999908447266
YJL110C,YPL063W,0,-4.8903203,0.06133643537759781,0.36899998784065247,0.5647000074386597
YLR433C,YDR498C,0,-4.890585,0.06132624298334122,0.36899998784065247,0.5648000240325928
YMR072W,YMR058W,0,-4.8910255,0.061316050589084625,0.36899998784065247,0.5648999810218811
YDR331W,YDL140C,0,-4.8911786,0.06130586564540863,0.36899998784065247,0.5649999976158142
YDR517W,YOL123W,0,-4.8915663,0.061295680701732635,0.36899998784065247,0.5651000142097473
YGR089W,YPL153C,0,-4.891728,0.06128549948334694,0.36899998784065247,0.5651999711990356
YDR221W,YPL212C,0,-4.891784,0.06127532199025154,0.36899998784065247,0.5652999877929688
YDR121W,YKR039W,0,-4.891816,0.06126515194773674,0.36899998784065247,0.5654000043869019
YLL031C,YDL140C,0,-4.8918424,0.06125498190522194,0.36899998784065247,0.565500020980835
YJL201W,YNL304W,0,-4.891903,0.06124481186270714,0.36899998784065247,0.5655999779701233
YHR013C,YKR059W,0,-4.8919086,0.061234649270772934,0.36899998784065247,0.5656999945640564
YGR246C,YGR274C,1,-4.891913,0.061390411108732224,0.3700000047683716,0.5656999945640564
YOR048C,YOR265W,0,-4.89205,0.06138022616505623,0.3700000047683716,0.5658000111579895
YHR088W,YIL135C,0,-4.892213,0.06137004494667053,0.3700000047683716,0.5659000277519226
YAR014C,YOR361C,0,-4.8928576,0.061359867453575134,0.3700000047683716,0.5659999847412109
YLR303W,YGL252C,0,-4.892899,0.061349693685770035,0.3700000047683716,0.566100001335144
YML098W,YOR110W,1,-4.893201,0.061505306512117386,0.3709999918937683,0.566100001335144
YNL280C,YCL010C,0,-4.8933563,0.061495110392570496,0.3709999918937683,0.5662000179290771
YFR036W,YBR201W,0,-4.893451,0.061484917998313904,0.3709999918937683,0.5662999749183655
YGL012W,YLR262C,0,-4.893577,0.06147472932934761,0.3709999918937683,0.5663999915122986
YDR071C,YML088W,0,-4.893649,0.061464544385671616,0.3709999918937683,0.5665000081062317
YLR032W,YIR012W,0,-4.8939514,0.06145436316728592,0.3709999918937683,0.5666000247001648
YOR137C,YOR270C,0,-4.8940263,0.06144418567419052,0.3709999918937683,0.5666999816894531
YDR162C,YDR045C,0,-4.894055,0.06143401190638542,0.3709999918937683,0.5667999982833862
YBR236C,YGL017W,0,-4.8940587,0.06142384186387062,0.3709999918937683,0.5669000148773193
YKL212W,YOL113W,0,-4.8941813,0.06141367182135582,0.3709999918937683,0.5669999718666077
YNL172W,YPL089C,0,-4.8943114,0.061403509229421616,0.3709999918937683,0.5670999884605408
YLR167W,YGL113W,0,-4.8944917,0.06139334663748741,0.3709999918937683,0.5672000050544739
YBR112C,YBL024W,0,-4.894586,0.061383191496133804,0.3709999918937683,0.567300021648407
YML015C,YGR186W,1,-4.8946304,0.0615384615957737,0.3720000088214874,0.567300021648407
YDR205W,YLL003W,0,-4.894759,0.0615282841026783,0.3720000088214874,0.5673999786376953
YJL115W,YBL079W,0,-4.894787,0.0615181066095829,0.3720000088214874,0.5674999952316284
YOL033W,YLR034C,0,-4.894999,0.0615079365670681,0.3720000088214874,0.5676000118255615
YGL119W,YLR190W,0,-4.8950014,0.0614977665245533,0.3720000088214874,0.5677000284194946
YNL257C,YDR460W,1,-4.895147,0.06165289133787155,0.37299999594688416,0.5677000284194946
YBR217W,YLR378C,0,-4.895176,0.06164270266890526,0.37299999594688416,0.567799985408783
YLR216C,YER118C,0,-4.8954983,0.06163251772522926,0.37299999594688416,0.5679000020027161
YHR085W,YGR056W,0,-4.895567,0.06162233650684357,0.37299999594688416,0.5680000185966492
YNL136W,YKR019C,0,-4.895806,0.06161215901374817,0.37299999594688416,0.5680999755859375
YLR175W,YER003C,0,-4.8961077,0.06160198152065277,0.37299999594688416,0.5681999921798706
YMR224C,YKR022C,0,-4.8966417,0.06159181147813797,0.37299999594688416,0.5683000087738037
YDL081C,YOR254C,0,-4.8968363,0.06158164143562317,0.37299999594688416,0.5684000253677368
YFL021W,YPL129W,1,-4.897235,0.06173654645681381,0.37400001287460327,0.5684000253677368
YER171W,YDR311W,1,-4.8974595,0.061891403049230576,0.375,0.5684000253677368
YKR024C,YKR086W,0,-4.897585,0.06188118830323219,0.375,0.5684999823570251
YNL271C,YJR125C,0,-4.8978553,0.06187097728252411,0.375,0.5685999989509583
YHL003C,YNL072W,0,-4.898073,0.06186077371239662,0.375,0.5687000155448914
YOR133W,YER019C-A,0,-4.898494,0.061850570142269135,0.375,0.5687999725341797
YDR302W,YJL012C,0,-4.8995905,0.061840370297431946,0.375,0.5688999891281128
YNL080C,YDL212W,0,-4.89966,0.061830174177885056,0.375,0.5690000057220459
YOR288C,YNL064C,0,-4.899702,0.061819981783628464,0.375,0.569100022315979
YLR078C,YHR099W,0,-4.9000645,0.06180978938937187,0.375,0.5691999793052673
YIL009C-A,YDR393W,0,-4.9009686,0.06179960444569588,0.375,0.5692999958992004
YAL038W,YJL073W,0,-4.901064,0.06178942322731018,0.375,0.5694000124931335
YBR276C,YDR030C,0,-4.9011755,0.061779242008924484,0.375,0.5695000290870667
YLR189C,YBR079C,0,-4.901272,0.061769064515829086,0.375,0.569599986076355
YFL050C,YLR098C,0,-4.901338,0.061758894473314285,0.375,0.5697000026702881
YHR036W,YNL093W,0,-4.901369,0.061748724430799484,0.375,0.5698000192642212
YMR229C,YOL006C,0,-4.9015365,0.06173855811357498,0.375,0.5698999762535095
YLR330W,YOL108C,0,-4.9015512,0.06172839552164078,0.375,0.5699999928474426
YOR212W,YGR129W,0,-4.902896,0.06171823665499687,0.375,0.5701000094413757
YLR371W,YDL060W,0,-4.903144,0.061708077788352966,0.375,0.5702000260353088
YPL178W,YLR116W,0,-4.9031944,0.06169792637228966,0.375,0.5702999830245972
YJR105W,YDL088C,0,-4.903521,0.06168777868151665,0.375,0.5703999996185303
YHR120W,YFL036W,0,-4.903559,0.06167763099074364,0.375,0.5705000162124634
YGL207W,YML015C,1,-4.903843,0.06183193624019623,0.37599998712539673,0.5705000162124634
YGL025C,YPL036W,0,-4.903843,0.061821769922971725,0.37599998712539673,0.5705999732017517
YDR120C,YOL129W,0,-4.903921,0.06181160733103752,0.37599998712539673,0.5706999897956848
YFR036W,YJR052W,0,-4.903969,0.06180144473910332,0.37599998712539673,0.5708000063896179
YDR145W,YDR079C-A,1,-4.904584,0.06195562705397606,0.37700000405311584,0.5708000063896179
YOL077W-A,YPL235W,0,-4.9046464,0.06194544956088066,0.37700000405311584,0.570900022983551
YHR123W,YMR231W,0,-4.9046946,0.06193527206778526,0.37700000405311584,0.5709999799728394
YBR004C,YEL024W,0,-4.9048195,0.061925098299980164,0.37700000405311584,0.5710999965667725
YLR195C,YKR086W,0,-4.904896,0.06191492825746536,0.37700000405311584,0.5712000131607056
YKL172W,YGR086C,0,-4.905181,0.06190476194024086,0.37700000405311584,0.5713000297546387
YGR225W,YJL005W,0,-4.905223,0.061894599348306656,0.37700000405311584,0.571399986743927
YLL038C,YMR243C,0,-4.9054627,0.06188443675637245,0.37700000405311584,0.5715000033378601
YLR233C,YOL122C,0,-4.905509,0.061874281615018845,0.37700000405311584,0.5716000199317932
YPL146C,YLR263W,0,-4.905678,0.061864130198955536,0.37700000405311584,0.5716999769210815
YGR091W,YPR108W,0,-4.9058514,0.06185397878289223,0.37700000405311584,0.5717999935150146
YDR301W,YJR104C,0,-4.9058995,0.06184383109211922,0.37700000405311584,0.5719000101089478
YJL013C,YGL212W,0,-4.9063168,0.061833687126636505,0.37700000405311584,0.5720000267028809
YGR112W,YDL084W,0,-4.9064655,0.06182354688644409,0.37700000405311584,0.5720999836921692
YJL207C,YKL008C,0,-4.9064894,0.06181341037154198,0.37700000405311584,0.5722000002861023
YOL001W,YLR139C,0,-4.907309,0.06180327758193016,0.37700000405311584,0.5723000168800354
YGR264C,YLR435W,0,-4.9073243,0.06179314851760864,0.37700000405311584,0.5723999738693237
YDR419W,YDR353W,0,-4.9076424,0.06178302317857742,0.37700000405311584,0.5724999904632568
YDR141C,YFR013W,0,-4.9076624,0.061772897839546204,0.37700000405311584,0.5726000070571899
YCR071C,YOL105C,0,-4.907964,0.06176277995109558,0.37700000405311584,0.572700023651123
YEL063C,YBR185C,0,-4.9083138,0.06175266206264496,0.37700000405311584,0.5727999806404114
YKL179C,YAR003W,0,-4.909296,0.061742547899484634,0.37700000405311584,0.5728999972343445
YDR363W,YOL023W,0,-4.909448,0.06173243746161461,0.37700000405311584,0.5730000138282776
YOR028C,YPL033C,0,-4.9094973,0.06172233074903488,0.37700000405311584,0.5730999708175659
YPR025C,YMR227C,1,-4.909502,0.06187592074275017,0.3779999911785126,0.5730999708175659
YPR201W,YMR213W,0,-4.909779,0.06186579540371895,0.3779999911785126,0.573199987411499
YJR140C,YPR108W,0,-4.9098387,0.06185567006468773,0.3779999911785126,0.5733000040054321
YJL003W,YLR385C,0,-4.9100046,0.06184554845094681,0.3779999911785126,0.5734000205993652
YOR212W,YGR033C,0,-4.9100504,0.061835434287786484,0.3779999911785126,0.5734999775886536
YLR216C,YOR035C,0,-4.9103518,0.06182532012462616,0.3779999911785126,0.5735999941825867
YNL135C,YLR165C,0,-4.9104724,0.061815209686756134,0.3779999911785126,0.5737000107765198
YFL025C,YJL117W,0,-4.9110775,0.06180510297417641,0.3779999911785126,0.5738000273704529
YMR153W,YCR024C-A,0,-4.911103,0.06179499626159668,0.3779999911785126,0.5738999843597412
YJL003W,YPL047W,0,-4.9118543,0.06178489699959755,0.3779999911785126,0.5740000009536743
YDR121W,YLR288C,0,-4.911951,0.06177480146288872,0.3779999911785126,0.5741000175476074
YDL113C,YML043C,0,-4.912524,0.061764705926179886,0.3779999911785126,0.5741999745368958
YER110C,YDR178W,0,-4.9126325,0.06175461411476135,0.3779999911785126,0.5742999911308289
YNL225C,YEL024W,0,-4.91299,0.061744529753923416,0.3779999911785126,0.574400007724762
YOR253W,YCR077C,0,-4.9130144,0.06173444539308548,0.3779999911785126,0.5745000243186951
YPL036W,YNL082W,0,-4.9133067,0.06172436475753784,0.3779999911785126,0.5745999813079834
YDR141C,YDR129C,0,-4.914162,0.061714284121990204,0.3779999911785126,0.5746999979019165
YKL046C,YNL216W,0,-4.9149566,0.06170421093702316,0.3779999911785126,0.5748000144958496
YCR092C,YML013W,0,-4.914976,0.06169414147734642,0.3779999911785126,0.5748999714851379
YAL034W-A,YKL148C,0,-4.915254,0.06168407201766968,0.3779999911785126,0.574999988079071
YDL085W,YHR088W,0,-4.915411,0.06167401000857353,0.3779999911785126,0.5751000046730042
YOR304W,YKL008C,0,-4.915438,0.061663947999477386,0.3779999911785126,0.5752000212669373
YJL179W,YKR020W,0,-4.9157414,0.06165388971567154,0.3779999911785126,0.5752999782562256
YBR298C,YPR070W,0,-4.9158835,0.06164383515715599,0.3779999911785126,0.5753999948501587
YMR038C,YHR194W,0,-4.9161596,0.06163378432393074,0.3779999911785126,0.5755000114440918
YFR047C,YIL056W,0,-4.9161673,0.06162373721599579,0.3779999911785126,0.5756000280380249
YNL080C,YMR142C,0,-4.916211,0.06161369010806084,0.3779999911785126,0.5756999850273132
YHR013C,YOL004W,0,-4.9163585,0.06160365045070648,0.3779999911785126,0.5758000016212463
YCR063W,YKR025W,0,-4.91671,0.06159361079335213,0.3779999911785126,0.5759000182151794
YLR382C,YPL167C,0,-4.916722,0.06158357858657837,0.3779999911785126,0.5759999752044678
YDR422C,YCL008C,0,-4.9169884,0.06157354637980461,0.3779999911785126,0.5760999917984009
YJR108W,YJL071W,0,-4.9170036,0.06156351789832115,0.3779999911785126,0.576200008392334
YLR314C,YLR165C,0,-4.9172916,0.06155349314212799,0.3779999911785126,0.5763000249862671
YMR041C,YNL070W,0,-4.9178267,0.06154347211122513,0.3779999911785126,0.5763999819755554
YER171W,YDR362C,1,-4.917958,0.061696238815784454,0.3790000081062317,0.5763999819755554
YGR246C,YDR167W,1,-4.9180727,0.0618489570915699,0.3799999952316284,0.5763999819755554
YCR042C,YBR123C,1,-4.9181604,0.06200162693858147,0.38100001215934753,0.5763999819755554
YPL221W,YIL068C,0,-4.9183507,0.06199153885245323,0.38100001215934753,0.5764999985694885
YNL257C,YPL129W,1,-4.918397,0.06214413419365883,0.38199999928474426,0.5764999985694885
YJL011C,YBL103C,1,-4.9190063,0.062296681106090546,0.382999986410141,0.5764999985694885
YBR029C,YPL234C,0,-4.9192243,0.06228655204176903,0.382999986410141,0.5766000151634216
YDR037W,YHR165C,0,-4.9194064,0.06227642297744751,0.382999986410141,0.57669997215271
YBR198C,YOR110W,1,-4.9194503,0.06242887303233147,0.3840000033378601,0.57669997215271
YLR355C,YKR061W,0,-4.919592,0.062418725341558456,0.3840000033378601,0.5767999887466431
YDR317W,YNL149C,0,-4.9198136,0.062408581376075745,0.3840000033378601,0.5769000053405762
YLR293C,YPR133W-A,0,-4.919856,0.06239844113588333,0.3840000033378601,0.5770000219345093
YPR070W,YCR106W,0,-4.919939,0.06238830089569092,0.3840000033378601,0.5770999789237976
YEL024W,YJL045W,0,-4.9200034,0.0623781681060791,0.3840000033378601,0.5771999955177307
YBR039W,YGR144W,0,-4.920412,0.062368035316467285,0.3840000033378601,0.5773000121116638
YPL122C,YGR186W,1,-4.920672,0.06252029538154602,0.38499999046325684,0.5773000121116638
YNL207W,YML010W,0,-4.9206743,0.06251014769077301,0.38499999046325684,0.5774000287055969
YML116W,YMR075W,0,-4.920789,0.0625,0.38499999046325684,0.5774999856948853
YML015C,YAL001C,1,-4.920883,0.06265216320753098,0.38600000739097595,0.5774999856948853
YEL066W,YNL304W,0,-4.9208975,0.06264200061559677,0.38600000739097595,0.5776000022888184
YPL078C,YLR182W,0,-4.9210663,0.06263183802366257,0.38600000739097595,0.5777000188827515
YCR026C,YMR067C,0,-4.92135,0.06262167543172836,0.38600000739097595,0.5777999758720398
YDR184C,YOL115W,0,-4.921783,0.06261152029037476,0.38600000739097595,0.5778999924659729
YJR074W,YJR127C,0,-4.922501,0.06260136514902115,0.38600000739097595,0.578000009059906
YJR091C,YGL066W,0,-4.922866,0.06259121000766754,0.38600000739097595,0.5781000256538391
YDL113C,YAL005C,0,-4.9230585,0.06258106231689453,0.38600000739097595,0.5781999826431274
YDL143W,YFR003C,0,-4.923134,0.06257092207670212,0.38600000739097595,0.5782999992370605
YPL046C,YPL221W,0,-4.923253,0.06256077438592911,0.38600000739097595,0.5784000158309937
YMR220W,YMR070W,0,-4.9235783,0.06255064159631729,0.38600000739097595,0.578499972820282
YKL101W,YDR472W,0,-4.9235873,0.06254050880670547,0.38600000739097595,0.5785999894142151
YER173W,YLR234W,0,-4.923647,0.06253037601709366,0.38600000739097595,0.5787000060081482
YOR079C,YMR156C,0,-4.9237204,0.06252024322748184,0.38600000739097595,0.5788000226020813
YBR112C,YBR228W,0,-4.9240007,0.06251011788845062,0.38600000739097595,0.5788999795913696
YBL011W,YLR136C,0,-4.9240017,0.0625,0.38600000739097595,0.5789999961853027
YGR029W,YPR140W,0,-4.924111,0.06248988211154938,0.38600000739097595,0.5791000127792358
YLR207W,YJL183W,0,-4.924383,0.06247976794838905,0.38600000739097595,0.579200029373169
YBL084C,YOL097C,0,-4.9246492,0.06246965378522873,0.38600000739097595,0.5792999863624573
YMR208W,YGR090W,0,-4.92473,0.062459547072649,0.38600000739097595,0.5794000029563904
YJR001W,YKR095W,0,-4.924902,0.062449440360069275,0.38600000739097595,0.5795000195503235
YAL033W,YCR027C,0,-4.9249496,0.062439341098070145,0.38600000739097595,0.5795999765396118
YML110C,YHR170W,0,-4.9253144,0.062429241836071014,0.38600000739097595,0.5796999931335449
YHR203C,YGR181W,0,-4.925641,0.06241914629936218,0.38600000739097595,0.579800009727478
YLR231C,YIL159W,0,-4.9266133,0.06240905448794365,0.38600000739097595,0.5799000263214111
YDR364C,YMR243C,0,-4.9268303,0.062398966401815414,0.38600000739097595,0.5799999833106995
YBR195C,YDR150W,0,-4.926839,0.06238887831568718,0.38600000739097595,0.5800999999046326
YPL175W,YOL129W,0,-4.9269176,0.06237879768013954,0.38600000739097595,0.5802000164985657
YJL033W,YGL090W,0,-4.927157,0.062368717044591904,0.38600000739097595,0.580299973487854
YER171W,YBR198C,1,-4.9271765,0.06252019107341766,0.3869999945163727,0.580299973487854
YOR361C,YLR020C,0,-4.927198,0.06251009553670883,0.3869999945163727,0.5803999900817871
YLR212C,YDR080W,0,-4.9272013,0.0625,0.3869999945163727,0.5805000066757202
YBR195C,YDR246W,0,-4.92761,0.06248990818858147,0.3869999945163727,0.5806000232696533
YMR001C,YML046W,0,-4.927701,0.06247982010245323,0.3869999945163727,0.5806999802589417
YDR036C,YDR508C,0,-4.927733,0.062469732016325,0.3869999945163727,0.5807999968528748
YBL064C,YER173W,0,-4.927829,0.06245965138077736,0.3869999945163727,0.5809000134468079
YNL014W,YOR211C,0,-4.927934,0.06244957074522972,0.3869999945163727,0.5809999704360962
YNR007C,YFL022C,0,-4.928582,0.06243949756026268,0.3869999945163727,0.5810999870300293
YBR286W,YPL163C,0,-4.928642,0.06242942437529564,0.3869999945163727,0.5812000036239624
YLR014C,YOR068C,0,-4.928643,0.062419354915618896,0.3869999945163727,0.5813000202178955
YGR274C,YML015C,1,-4.9292583,0.06257054954767227,0.3880000114440918,0.5813000202178955
YPL256C,YDL031W,0,-4.9296894,0.06256046146154404,0.3880000114440918,0.5813999772071838
YNL080C,YML094W,0,-4.9298477,0.0625503808259964,0.3880000114440918,0.5814999938011169
YGR220C,YHL036W,0,-4.9299707,0.06254030019044876,0.3880000114440918,0.58160001039505
YNL292W,YGR081C,0,-4.9300013,0.06253021955490112,0.3880000114440918,0.5817000269889832
YIL035C,YOR267C,0,-4.9305906,0.06252013891935349,0.3880000114440918,0.5817999839782715
YPL008W,YNL051W,0,-4.9306235,0.06251006573438644,0.3880000114440918,0.5819000005722046
YBR023C,YDR296W,0,-4.930731,0.0625,0.3880000114440918,0.5820000171661377
YNL027W,YKR090W,0,-4.9312096,0.062489934265613556,0.3880000114440918,0.582099974155426
YGL211W,YPR007C,0,-4.9317236,0.06247987225651741,0.3880000114440918,0.5821999907493591
YKR009C,YDR098C,0,-4.932115,0.062469810247421265,0.3880000114440918,0.5823000073432922
YDR361C,YGR152C,0,-4.932197,0.062459755688905716,0.3880000114440918,0.5824000239372253
YBR112C,YGR121C,0,-4.932276,0.06244970113039017,0.3880000114440918,0.5824999809265137
YDL099W,YDR260C,0,-4.9323473,0.062439654022455215,0.3880000114440918,0.5825999975204468
YBR288C,YNL020C,0,-4.9326878,0.062429606914520264,0.3880000114440918,0.5827000141143799
YAL030W,YGL049C,0,-4.9327517,0.06241956353187561,0.3880000114440918,0.5827999711036682
YBR286W,YGR247W,0,-4.9332824,0.062409523874521255,0.3880000114440918,0.5828999876976013
YGR193C,YBR088C,0,-4.9333434,0.0623994842171669,0.3880000114440918,0.5830000042915344
YPL011C,YGR186W,1,-4.933914,0.06255024671554565,0.3889999985694885,0.5830000042915344
YNL036W,YOR119C,0,-4.9341054,0.0625401958823204,0.3889999985694885,0.5831000208854675
YDL008W,YJR084W,0,-4.934176,0.06253013759851456,0.3889999985694885,0.5831999778747559
YFL022C,YDR135C,0,-4.9342012,0.0625200867652893,0.3889999985694885,0.583299994468689
YDL200C,YKL062W,0,-4.934224,0.06251004338264465,0.3889999985694885,0.5834000110626221
YBR175W,YNL070W,0,-4.9347754,0.0625,0.3889999985694885,0.5835000276565552
YBR185C,YCL043C,0,-4.9348373,0.062489960342645645,0.3889999985694885,0.5835999846458435
YBR218C,YPR102C,0,-4.935119,0.06247992441058159,0.3889999985694885,0.5837000012397766
YAL058W,YDL226C,0,-4.9352226,0.06246988847851753,0.3889999985694885,0.5838000178337097
YLR390W-A,YGL022W,0,-4.9354,0.06245985999703407,0.3889999985694885,0.583899974822998
YJR105W,YHR142W,0,-4.9360456,0.06244983151555061,0.3889999985694885,0.5839999914169312
YLR013W,YKL108W,0,-4.936387,0.06243980675935745,0.3889999985694885,0.5841000080108643
YJL176C,YCL063W,0,-4.936548,0.06242978572845459,0.3889999985694885,0.5842000246047974
YDR254W,YOL095C,0,-4.936924,0.062419768422842026,0.3889999985694885,0.5842999815940857
YBL009W,YGR116W,0,-4.9369316,0.06240975484251976,0.3889999985694885,0.5843999981880188
YDR301W,YHR206W,0,-4.937889,0.06239974498748779,0.3889999985694885,0.5845000147819519
YDR121W,YMR065W,0,-4.938391,0.062389735132455826,0.3889999985694885,0.5845999717712402
YDL005C,YDR086C,0,-4.9385405,0.06237972900271416,0.3889999985694885,0.5846999883651733
YHR013C,YMR095C,0,-4.9386797,0.062369730323553085,0.3889999985694885,0.5848000049591064
YOR145C,YGR020C,0,-4.938916,0.062359731644392014,0.3889999985694885,0.5849000215530396
YGR239C,YKL041W,0,-4.9390154,0.06234973669052124,0.3889999985694885,0.5849999785423279
YNL314W,YPR056W,1,-4.9393387,0.0625,0.38999998569488525,0.5849999785423279
YJR125C,YDL154W,0,-4.9393616,0.062489986419677734,0.38999998569488525,0.585099995136261
YDR163W,YGL090W,0,-4.939371,0.06247997283935547,0.38999998569488525,0.5852000117301941
YBR200W,YDR108W,0,-4.9400797,0.0624699667096138,0.38999998569488525,0.5853000283241272
YLR265C,YOR308C,0,-4.9401026,0.06245996057987213,0.38999998569488525,0.5853999853134155
YDR017C,YDR386W,0,-4.9403257,0.06244995817542076,0.38999998569488525,0.5855000019073486
YJL003W,YKL197C,0,-4.940451,0.06243996322154999,0.38999998569488525,0.5856000185012817
YPL181W,YLR447C,0,-4.9407372,0.062429964542388916,0.38999998569488525,0.5856999754905701
YPR056W,YDR079C-A,1,-4.9412007,0.06258002668619156,0.39100000262260437,0.5856999754905701
YDR148C,YLR313C,0,-4.941331,0.0625700131058693,0.39100000262260437,0.5857999920845032
YER045C,YPR086W,1,-4.9416447,0.06272000074386597,0.3919999897480011,0.5857999920845032
YNL059C,YER018C,0,-4.94166,0.06270996481180191,0.3919999897480011,0.5859000086784363
YLR056W,YGR209C,0,-4.9421287,0.06269993633031845,0.3919999897480011,0.5860000252723694
YCL032W,YDR398W,0,-4.942274,0.06268990784883499,0.3919999897480011,0.5860999822616577
YGR274C,YOR194C,1,-4.9423013,0.06283978372812271,0.3930000066757202,0.5860999822616577
YPL051W,YDR103W,0,-4.9431148,0.06282973289489746,0.3930000066757202,0.5861999988555908
YOR221C,YNL293W,0,-4.943359,0.06281968951225281,0.3930000066757202,0.5863000154495239
YJR105W,YAL029C,0,-4.9436846,0.06280965358018875,0.3930000066757202,0.5863999724388123
YPR155C,YHR172W,0,-4.943733,0.0627996176481247,0.3930000066757202,0.5864999890327454
YKR035W-A,YPL131W,0,-4.944007,0.06278958171606064,0.3930000066757202,0.5866000056266785
YOR290C,YGR129W,0,-4.944144,0.06277955323457718,0.3930000066757202,0.5867000222206116
YOL001W,YPL144W,0,-4.9444656,0.06276952475309372,0.3930000066757202,0.5867999792098999
YDR331W,YLR190W,0,-4.9448137,0.06275950372219086,0.3930000066757202,0.586899995803833
YDR175C,YJL187C,0,-4.944837,0.062749482691288,0.3930000066757202,0.5870000123977661
YGR029W,YLR355C,0,-4.9448624,0.06273946166038513,0.3930000066757202,0.5871000289916992
YDR446W,YHR031C,0,-4.945038,0.06272944808006287,0.3930000066757202,0.5871999859809875
YPL061W,YGR046W,0,-4.9452753,0.0627194419503212,0.3930000066757202,0.5873000025749207
YLR274W,YPR036W,0,-4.9457083,0.06270942836999893,0.3930000066757202,0.5874000191688538
YJR135C,YDL217C,0,-4.945935,0.06269942224025726,0.3930000066757202,0.5874999761581421
YDR081C,YBL057C,0,-4.945945,0.06268942356109619,0.3930000066757202,0.5875999927520752
YMR138W,YDR416W,0,-4.94621,0.06267942488193512,0.3930000066757202,0.5877000093460083
YJR001W,YMR273C,0,-4.946346,0.06266943365335464,0.3930000066757202,0.5878000259399414
YFL022C,YOR233W,0,-4.9464006,0.06265944242477417,0.3930000066757202,0.5878999829292297
YGL166W,YER028C,1,-4.9464245,0.06280886381864548,0.39399999380111694,0.5878999829292297
YLR433C,YBR087W,0,-4.946602,0.06279885023832321,0.39399999380111694,0.5879999995231628
YMR201C,YKL166C,0,-4.9466157,0.06278884410858154,0.39399999380111694,0.588100016117096
YOL088C,YGR281W,0,-4.946687,0.06277883797883987,0.39399999380111694,0.5881999731063843
YJL178C,YCL010C,0,-4.9467287,0.0627688392996788,0.39399999380111694,0.5882999897003174
YFL021W,YPL011C,1,-4.946848,0.06291812658309937,0.39500001072883606,0.5882999897003174
YMR301C,YOL115W,0,-4.946999,0.0629081055521965,0.39500001072883606,0.5884000062942505
YDR108W,YNL167C,0,-4.947113,0.06289809197187424,0.39500001072883606,0.5885000228881836
YOR056C,YOR310C,0,-4.947405,0.06288807839155197,0.39500001072883606,0.5885999798774719
YLR248W,YGR080W,0,-4.947693,0.0628780648112297,0.39500001072883606,0.588699996471405
YFL005W,YJL109C,0,-4.9477587,0.06286805868148804,0.39500001072883606,0.5888000130653381
YAR033W,YPL243W,0,-4.9490423,0.06285805255174637,0.39500001072883606,0.5889000296592712
YER045C,YER148W,1,-4.949531,0.0630071610212326,0.3959999978542328,0.5889000296592712
YJR076C,YBR195C,0,-4.9496913,0.06299713999032974,0.3959999978542328,0.5889999866485596
YOR023C,YGR247W,0,-4.9498863,0.06298711895942688,0.3959999978542328,0.5891000032424927
YPR102C,YBL007C,0,-4.949981,0.06297709792852402,0.3959999978542328,0.5892000198364258
YJL194W,YPR095C,0,-4.950757,0.06296708434820175,0.3959999978542328,0.5892999768257141
YOL067C,YPR056W,1,-4.9509153,0.06311605870723724,0.3970000147819519,0.5892999768257141
YGL013C,YLR410W,0,-4.950929,0.06310602277517319,0.3970000147819519,0.5893999934196472
YKL192C,YJR135C,0,-4.95123,0.06309599429368973,0.3970000147819519,0.5895000100135803
YNL130C,YOL097C,0,-4.95135,0.06308596581220627,0.3970000147819519,0.5896000266075134
YML092C,YOR332W,0,-4.951431,0.0630759447813034,0.3970000147819519,0.5896999835968018
YMR127C,YER147C,0,-4.9529057,0.06306592375040054,0.3970000147819519,0.5898000001907349
YIL062C,YNL027W,0,-4.952919,0.06305591017007828,0.3970000147819519,0.589900016784668
YIL034C,YBR048W,0,-4.953347,0.06304589658975601,0.3970000147819519,0.5899999737739563
YOL086C,YLR403W,0,-4.9534936,0.06303588300943375,0.3970000147819519,0.5900999903678894
YBR200W,YJL008C,0,-4.954134,0.06302587687969208,0.3970000147819519,0.5902000069618225
YNL059C,YGR144W,0,-4.954358,0.06301587074995041,0.3970000147819519,0.5903000235557556
YBL016W,YNL026W,0,-4.9547453,0.06300587207078934,0.3970000147819519,0.590399980545044
YGL166W,YGR186W,1,-4.9548397,0.06315455585718155,0.39800000190734863,0.590399980545044
YDR389W,YPR009W,0,-4.954878,0.06314453482627869,0.39800000190734863,0.590499997138977
YFR055W,YER021W,0,-4.9549522,0.06313452124595642,0.39800000190734863,0.5906000137329102
YLL002W,YKL154W,0,-4.9549713,0.06312450766563416,0.39800000190734863,0.5906999707221985
YIL044C,YGL037C,0,-4.9550047,0.06311449408531189,0.39800000190734863,0.5907999873161316
YPL242C,YDL020C,0,-4.955122,0.06310448795557022,0.39800000190734863,0.5909000039100647
YNL331C,YKL192C,0,-4.9552274,0.06309448182582855,0.39800000190734863,0.5910000205039978
YJL179W,YGR123C,0,-4.9554195,0.06308448314666748,0.39800000190734863,0.5910999774932861
YDL161W,YGL171W,0,-4.955611,0.06307448446750641,0.39800000190734863,0.5911999940872192
YBL099W,YBL034C,0,-4.9556603,0.06306449323892593,0.39800000190734863,0.5913000106811523
YOL051W,YBR004C,0,-4.956174,0.06305450201034546,0.39800000190734863,0.5914000272750854
YGL256W,YDR246W,0,-4.9562407,0.06304451078176498,0.39800000190734863,0.5914999842643738
YOL088C,YPL019C,0,-4.956491,0.0630345270037651,0.39800000190734863,0.5916000008583069
YER148W,YAL001C,1,-4.9570575,0.06318289786577225,0.39899998903274536,0.5916000008583069
YMR068W,YPR102C,0,-4.9570866,0.06317289173603058,0.39899998903274536,0.59170001745224
YLR085C,YDR501W,0,-4.957123,0.0631628930568695,0.39899998903274536,0.5917999744415283
YGR246C,YLR005W,1,-4.957416,0.06331117451190948,0.4000000059604645,0.5917999744415283
YLL035W,YLR309C,0,-4.95748,0.06330115348100662,0.4000000059604645,0.5918999910354614
YDR097C,YMR109W,0,-4.9576325,0.06329113990068436,0.4000000059604645,0.5920000076293945
YOR371C,YGR183C,0,-4.957803,0.06328112632036209,0.4000000059604645,0.5921000242233276
YCL038C,YMR314W,0,-4.958394,0.06327112019062042,0.4000000059604645,0.592199981212616
YJR118C,YJR094C,0,-4.9584002,0.06326110661029816,0.4000000059604645,0.5922999978065491
YPR186C,YOR194C,1,-4.9584875,0.0634092316031456,0.4009999930858612,0.5922999978065491
YDR513W,YMR065W,0,-4.958637,0.06339921057224274,0.4009999930858612,0.5924000144004822
YPR007C,YDR027C,0,-4.9587407,0.06338918954133987,0.4009999930858612,0.5924999713897705
YLR226W,YKL214C,0,-4.9589148,0.06337916851043701,0.4009999930858612,0.5925999879837036
YBR198C,YGL112C,1,-4.9589715,0.0635271817445755,0.4020000100135803,0.5925999879837036
YPL177C,YER171W,1,-4.959137,0.06367514282464981,0.40299999713897705,0.5925999879837036
YOR236W,YJR125C,0,-4.959284,0.06366508454084396,0.40299999713897705,0.5927000045776367
YGL071W,YJL187C,0,-4.959341,0.06365503370761871,0.40299999713897705,0.5928000211715698
YBR275C,YOL125W,0,-4.9593973,0.06364497542381287,0.40299999713897705,0.5928999781608582
YEL053C,YEL060C,0,-4.960264,0.06363492459058762,0.40299999713897705,0.5929999947547913
YPR006C,YJR059W,0,-4.9607005,0.06362488120794296,0.40299999713897705,0.5931000113487244
YIL076W,YHR066W,0,-4.9610605,0.06361483782529831,0.40299999713897705,0.5932000279426575
YOR171C,YLL002W,0,-4.961358,0.06360479444265366,0.40299999713897705,0.5932999849319458
YAL053W,YFL033C,0,-4.961889,0.0635947585105896,0.40299999713897705,0.5934000015258789
YDR453C,YCR084C,0,-4.961944,0.06358473002910614,0.40299999713897705,0.593500018119812
YER171W,YPR086W,1,-4.961989,0.06373245269060135,0.40400001406669617,0.593500018119812
YNL020C,YPL120W,0,-4.9620333,0.0637223944067955,0.40400001406669617,0.5935999751091003
YLR313C,YLR410W,0,-4.9621067,0.06371235102415085,0.40400001406669617,0.5936999917030334
YOR079C,YKL060C,0,-4.962122,0.0637023001909256,0.40400001406669617,0.5938000082969666
YFR036W,YDL035C,0,-4.962257,0.06369225680828094,0.40400001406669617,0.5939000248908997
YGL090W,YOR224C,0,-4.9625444,0.06368222087621689,0.40400001406669617,0.593999981880188
YKL022C,YJL198W,0,-4.9626245,0.06367218494415283,0.40400001406669617,0.5940999984741211
YMR232W,YFL013C,0,-4.9630213,0.06366214901208878,0.40400001406669617,0.5942000150680542
YHR089C,YJL002C,0,-4.963318,0.06365212053060532,0.40400001406669617,0.5942999720573425
YGR246C,YER171W,1,-4.963361,0.06379961967468262,0.4050000011920929,0.5942999720573425
YLL015W,YBR202W,0,-4.963377,0.06378957629203796,0.4050000011920929,0.5943999886512756
YPL129W,YCR042C,1,-4.9635067,0.06393700838088989,0.4059999883174896,0.5943999886512756
YIL049W,YER183C,0,-4.9636583,0.06392694264650345,0.4059999883174896,0.5945000052452087
YDR375C,YGL181W,0,-4.963715,0.063916876912117,0.4059999883174896,0.5946000218391418
YIL062C,YLR182W,0,-4.9639735,0.06390681862831116,0.4059999883174896,0.5946999788284302
YHR026W,YER022W,0,-4.9641056,0.06389676034450531,0.4059999883174896,0.5947999954223633
YLR153C,YBR202W,0,-4.9642467,0.06388670206069946,0.4059999883174896,0.5949000120162964
YLR385C,YLR277C,0,-4.964249,0.06387665122747421,0.4059999883174896,0.5950000286102295
YJL008C,YBR228W,0,-4.96426,0.06386660039424896,0.4059999883174896,0.5950999855995178
YLR259C,YJL042W,0,-4.9644804,0.06385655701160431,0.4059999883174896,0.5952000021934509
YHR193C,YDR464W,0,-4.964595,0.06384651362895966,0.4059999883174896,0.595300018787384
YLL018C-A,YNL121C,0,-4.964919,0.0638364776968956,0.4059999883174896,0.5953999757766724
YJR140C,YNL293W,0,-4.9649353,0.06382644176483154,0.4059999883174896,0.5954999923706055
YFL003C,YPL083C,0,-4.965151,0.06381641328334808,0.4059999883174896,0.5956000089645386
YBR112C,YDR409W,0,-4.9656224,0.06380637735128403,0.4059999883174896,0.5957000255584717
YGL207W,YCR042C,1,-4.965797,0.06395348906517029,0.40700000524520874,0.5957000255584717
YBR185C,YNR031C,0,-4.9658093,0.06394343823194504,0.40700000524520874,0.59579998254776
YOR267C,YKL148C,0,-4.9659433,0.06393339484930038,0.40700000524520874,0.5958999991416931
YPL043W,YPL123C,0,-4.9660616,0.06392335146665573,0.40700000524520874,0.5960000157356262
YHR026W,YLL011W,0,-4.966219,0.06391331553459167,0.40700000524520874,0.5960999727249146
YNL030W,YGL066W,0,-4.966347,0.06390327960252762,0.40700000524520874,0.5961999893188477
YDR300C,YMR089C,0,-4.9668446,0.06389325112104416,0.40700000524520874,0.5963000059127808
YPR186C,YGL112C,1,-4.9669333,0.0640401840209961,0.40799999237060547,0.5963000059127808
YGR224W,YML012W,0,-4.9669805,0.06403013318777084,0.40799999237060547,0.5964000225067139
YER171W,YGR186W,1,-4.967593,0.0641769990324974,0.4090000092983246,0.5964000225067139
YOL089C,YBR198C,1,-4.96786,0.06432381272315979,0.4099999964237213,0.5964000225067139
YML099C,YAL024C,0,-4.9679003,0.06431372463703156,0.4099999964237213,0.5964999794960022
YDR159W,YML041C,0,-4.9680443,0.06430363655090332,0.4099999964237213,0.5965999960899353
YLR424W,YHR060W,0,-4.968194,0.06429355591535568,0.4099999964237213,0.5967000126838684
YPR068C,YFR050C,0,-4.9682646,0.06428347527980804,0.4099999964237213,0.5968000292778015
YFL008W,YNL246W,0,-4.968343,0.0642733946442604,0.4099999964237213,0.5968999862670898
YKL004W,YKL173W,0,-4.968438,0.06426332145929337,0.4099999964237213,0.597000002861023
YNL088W,YHR099W,0,-4.9691925,0.06425324827432632,0.4099999964237213,0.597100019454956
YLR435W,YER031C,0,-4.9693623,0.06424318253993988,0.4099999964237213,0.5971999764442444
YCR063W,YMR296C,0,-4.9695663,0.06423311680555344,0.4099999964237213,0.5972999930381775
YDL142C,YOR281C,0,-4.969715,0.06422305852174759,0.4099999964237213,0.5974000096321106
YBR195C,YGR170W,0,-4.9703784,0.06421300023794174,0.4099999964237213,0.5975000262260437
YGL043W,YPL237W,0,-4.970446,0.0642029419541359,0.4099999964237213,0.597599983215332
YML121W,YDR356W,0,-4.9707093,0.06419289112091064,0.4099999964237213,0.5976999998092651
YHR091C,YKR089C,0,-4.970744,0.0641828402876854,0.4099999964237213,0.5978000164031982
YAL030W,YGL093W,0,-4.971005,0.06417279690504074,0.4099999964237213,0.5978999733924866
YIL034C,YDR202C,0,-4.971274,0.06416275352239609,0.4099999964237213,0.5979999899864197
YOR103C,YER190W,0,-4.9712954,0.06415271759033203,0.4099999964237213,0.5981000065803528
YDL005C,YDR043C,0,-4.971445,0.06414268165826797,0.4099999964237213,0.5982000231742859
YNL281W,YLR386W,0,-4.9716625,0.06413264572620392,0.4099999964237213,0.5982999801635742
YOL076W,YML034W,0,-4.971837,0.06412261724472046,0.4099999964237213,0.5983999967575073
YDR328C,YBL106C,0,-4.972049,0.064112588763237,0.4099999964237213,0.5985000133514404
YIL044C,YGR144W,0,-4.9723268,0.06410256773233414,0.4099999964237213,0.5985999703407288
YEL022W,YOR148C,0,-4.972337,0.06409254670143127,0.4099999964237213,0.5986999869346619
YFR047C,YJR021C,0,-4.9723687,0.06408252567052841,0.4099999964237213,0.598800003528595
YPR186C,YER148W,1,-4.972778,0.06422878801822662,0.41100001335144043,0.598800003528595
YBR017C,YIL144W,0,-4.9727917,0.06421875208616257,0.41100001335144043,0.5989000201225281
YPR133C,YDR443C,0,-4.9727974,0.06420871615409851,0.41100001335144043,0.5989999771118164
YER171W,YPL129W,1,-4.972931,0.06435488909482956,0.41200000047683716,0.5989999771118164
YJR125C,YBR006W,0,-4.9730287,0.06434483826160431,0.41200000047683716,0.5990999937057495
YHR019C,YIL026C,0,-4.9730844,0.06433478742837906,0.41200000047683716,0.5992000102996826
YLR023C,YPL269W,0,-4.9731045,0.0643247440457344,0.41200000047683716,0.5993000268936157
YHR050W,YBL004W,0,-4.9731884,0.06431470811367035,0.41200000047683716,0.599399983882904
YDR303C,YOR297C,0,-4.9732404,0.0643046647310257,0.41200000047683716,0.5995000004768372
YBL085W,YPL180W,0,-4.9732866,0.06429462879896164,0.41200000047683716,0.5996000170707703
YDR072C,YMR239C,0,-4.973426,0.06428460031747818,0.41200000047683716,0.5996999740600586
YPL243W,YDR320C,0,-4.973609,0.06427457183599472,0.41200000047683716,0.5997999906539917
YJR001W,YOR028C,0,-4.973737,0.06426454335451126,0.41200000047683716,0.5999000072479248
YJL115W,YBL006C,0,-4.973832,0.0642545223236084,0.41200000047683716,0.6000000238418579
YJR031C,YDR276C,0,-4.9738846,0.06424450129270554,0.41200000047683716,0.6000999808311462
YPL122C,YAL001C,1,-4.9743195,0.0643903985619545,0.4129999876022339,0.6000999808311462
YDR299W,YHR069C,0,-4.974476,0.06438035517930984,0.4129999876022339,0.6001999974250793
YHR004C,YMR201C,0,-4.974481,0.06437032669782639,0.4129999876022339,0.6003000140190125
YHR114W,YNL202W,0,-4.974573,0.06436029076576233,0.4129999876022339,0.6003999710083008
YJL011C,YDR311W,1,-4.974822,0.06450607627630234,0.414000004529953,0.6003999710083008
YPL271W,YOL110W,0,-4.975257,0.06449602544307709,0.414000004529953,0.6004999876022339
YIL035C,YBR278W,0,-4.975456,0.06448598206043243,0.414000004529953,0.600600004196167
YIL079C,YOL060C,0,-4.975462,0.06447593867778778,0.414000004529953,0.6007000207901001
YOR112W,YEL024W,0,-4.975538,0.06446589529514313,0.414000004529953,0.6007999777793884
YOR034C,YOL105C,0,-4.9757032,0.06445585936307907,0.414000004529953,0.6008999943733215
YBL103C,YER148W,1,-4.9758453,0.06460149586200714,0.41499999165534973,0.6008999943733215
YGL053W,YGR020C,0,-4.9759126,0.0645914375782013,0.41499999165534973,0.6010000109672546
YKR066C,YLL026W,0,-4.9764323,0.06458138674497604,0.41499999165534973,0.6011000275611877
YPL123C,YPR009W,0,-4.976759,0.06457134336233139,0.41499999165534973,0.6011999845504761
YOL145C,YDL019C,0,-4.9774437,0.06456129252910614,0.41499999165534973,0.6013000011444092
YER148W,YBR198C,1,-4.9776087,0.06470679491758347,0.41600000858306885,0.6013000011444092
YPL161C,YDR339C,0,-4.9777546,0.06469673663377762,0.41600000858306885,0.6014000177383423
YKL130C,YHR106W,0,-4.977861,0.06468667089939117,0.41600000858306885,0.6014999747276306
YGR142W,YKR007W,0,-4.978223,0.06467662006616592,0.41600000858306885,0.6015999913215637
YPR025C,YDR079C-A,1,-4.9786034,0.0648220106959343,0.4169999957084656,0.6015999913215637
YDR101C,YOL113W,0,-4.9786563,0.06481193751096725,0.4169999957084656,0.6017000079154968
YBL026W,YNL061W,0,-4.9792833,0.06480186432600021,0.4169999957084656,0.6018000245094299
YJL047C,YJL145W,0,-4.9796877,0.06479179859161377,0.4169999957084656,0.6018999814987183
YPL202C,YML015C,1,-4.9797926,0.06493708491325378,0.4180000126361847,0.6018999814987183
YPL021W,YMR080C,0,-4.980111,0.06492699682712555,0.4180000126361847,0.6019999980926514
YIR019C,YDL098C,0,-4.9802437,0.06491691619157791,0.4180000126361847,0.6021000146865845
YDL014W,YGR183C,0,-4.980461,0.06490683555603027,0.4180000126361847,0.6021999716758728
YML012W,YDR369C,0,-4.9804873,0.06489675492048264,0.4180000126361847,0.6022999882698059
YPL170W,YKR085C,0,-4.9807153,0.0648866817355156,0.4180000126361847,0.602400004863739
YOR310C,YHR084W,0,-4.981138,0.06487660855054855,0.4180000126361847,0.6025000214576721
YPL174C,YNR023W,0,-4.9812603,0.06486654281616211,0.4180000126361847,0.6025999784469604
YNL330C,YGL093W,0,-4.981691,0.06485647708177567,0.4180000126361847,0.6026999950408936
YLR424W,YOR068C,0,-4.98177,0.06484641879796982,0.4180000126361847,0.6028000116348267
YHR166C,YOR354C,0,-4.981839,0.06483636051416397,0.4180000126361847,0.6029000282287598
YOL095C,YGL210W,0,-4.9818425,0.06482630223035812,0.4180000126361847,0.6029999852180481
YFR037C,YNL044W,0,-4.9820533,0.06481625139713287,0.4180000126361847,0.6031000018119812
YDL030W,YDR477W,0,-4.982108,0.06480620056390762,0.4180000126361847,0.6032000184059143
YKL201C,YOR089C,0,-4.9822245,0.06479615718126297,0.4180000126361847,0.6032999753952026
YEL053C,YGR222W,0,-4.9825487,0.06478611379861832,0.4180000126361847,0.6033999919891357
YDR320C-A,YGR229C,0,-4.9826336,0.06477607041597366,0.4180000126361847,0.6035000085830688
YKL192C,YDR205W,0,-4.9829054,0.0647660344839096,0.4180000126361847,0.603600025177002
YCL043C,YOR172W,0,-4.983095,0.06475600600242615,0.4180000126361847,0.6036999821662903
YIL035C,YIL007C,0,-4.9834013,0.06474597007036209,0.4180000126361847,0.6037999987602234
YFR030W,YPL022W,0,-4.9840627,0.06473594903945923,0.4180000126361847,0.6039000153541565
YCR075C,YGR170W,0,-4.9842386,0.06472592055797577,0.4180000126361847,0.6039999723434448
YER045C,YNL039W,1,-4.9846783,0.06487072259187698,0.4189999997615814,0.6039999723434448
YKL166C,YCR084C,0,-4.9848037,0.06486067920923233,0.4189999997615814,0.6040999889373779
YDR507C,YHR183W,0,-4.9848547,0.06485064327716827,0.4189999997615814,0.604200005531311
YMR161W,YDL153C,0,-4.9848747,0.06484060734510422,0.4189999997615814,0.6043000221252441
YER126C,YOR089C,0,-4.9849463,0.06483057141304016,0.4189999997615814,0.6043999791145325
YGL241W,YOR373W,0,-4.985031,0.0648205429315567,0.4189999997615814,0.6044999957084656
YNL009W,YML021C,0,-4.9850626,0.06481051445007324,0.4189999997615814,0.6046000123023987
YKR068C,YPR168W,0,-4.98566,0.06480049341917038,0.4189999997615814,0.6047000288963318
YDR320C-A,YBR207W,0,-4.985691,0.06479047238826752,0.4189999997615814,0.6047999858856201
YBL042C,YNL129W,0,-4.985886,0.06478045880794525,0.4189999997615814,0.6049000024795532
YFR013W,YPL188W,0,-4.986048,0.06477044522762299,0.4189999997615814,0.6050000190734863
YML098W,YMR227C,1,-4.986272,0.0649149939417839,0.41999998688697815,0.6050000190734863
YML126C,YLR197W,0,-4.986805,0.06490495800971985,0.41999998688697815,0.6050999760627747
YNL041C,YOR386W,0,-4.9868674,0.06489492952823639,0.41999998688697815,0.6051999926567078
YJL073W,YNL126W,0,-4.9874096,0.06488490849733353,0.41999998688697815,0.6053000092506409
YNL039W,YMR227C,1,-4.987464,0.06502934545278549,0.42100000381469727,0.6053000092506409
YKR022C,YKL154W,0,-4.987798,0.06501930207014084,0.42100000381469727,0.605400025844574
YMR208W,YAR003W,0,-4.9878926,0.06500926613807678,0.42100000381469727,0.6054999828338623
YNL061W,YDR028C,0,-4.9880066,0.06499923020601273,0.42100000381469727,0.6055999994277954
YFR014C,YMR246W,0,-4.988165,0.06498919427394867,0.42100000381469727,0.6057000160217285
YLR347C,YPR102C,0,-4.9889216,0.06497916579246521,0.42100000381469727,0.6057999730110168
YPR070W,YNR048W,0,-4.989191,0.06496913731098175,0.42100000381469727,0.60589998960495
YMR186W,YGR009C,0,-4.9893894,0.06495910882949829,0.42100000381469727,0.6060000061988831
YMR283C,YGL243W,0,-4.9902105,0.06494908779859543,0.42100000381469727,0.6061000227928162
YDR208W,YGL111W,0,-4.9908547,0.06493907421827316,0.42100000381469727,0.6061999797821045
YBR107C,YGR123C,0,-4.990961,0.0649290531873703,0.42100000381469727,0.6062999963760376
YDR174W,YLR383W,0,-4.990967,0.06491904705762863,0.42100000381469727,0.6064000129699707
YLR350W,YDR398W,0,-4.9910045,0.06490903347730637,0.42100000381469727,0.6065000295639038
YJR137C,YEL031W,0,-4.9911723,0.0648990273475647,0.42100000381469727,0.6065999865531921
YBR274W,YPR065W,0,-4.991173,0.06488902866840363,0.42100000381469727,0.6067000031471252
YNL101W,YJR077C,0,-4.991361,0.06487902253866196,0.42100000381469727,0.6068000197410583
YPL270W,YBR006W,0,-4.9913797,0.06486903131008148,0.42100000381469727,0.6068999767303467
YDL087C,YGR181W,0,-4.991467,0.06485903263092041,0.42100000381469727,0.6069999933242798
YBR112C,YMR235C,0,-4.9917936,0.06484904140233994,0.42100000381469727,0.6071000099182129
YDR216W,YHL036W,0,-4.9919767,0.06483905762434006,0.42100000381469727,0.607200026512146
YDR159W,YDR057W,0,-4.9922695,0.06482907384634018,0.42100000381469727,0.6072999835014343
YCR084C,YLR277C,0,-4.992484,0.0648190900683403,0.42100000381469727,0.6074000000953674
YNR059W,YKL130C,0,-4.992546,0.06480911374092102,0.42100000381469727,0.6075000166893005
YOR157C,YDR489W,0,-4.992666,0.06479913741350174,0.42100000381469727,0.6075999736785889
YBR276C,YDR178W,0,-4.9932194,0.06478916853666306,0.42100000381469727,0.607699990272522
YPL061W,YAL041W,0,-4.9933367,0.06477919965982437,0.42100000381469727,0.6078000068664551
YER045C,YPR056W,1,-4.993412,0.06492307782173157,0.421999990940094,0.6078000068664551
YNL130C,YGL227W,0,-4.993813,0.06491308659315109,0.421999990940094,0.6079000234603882
YGR192C,YKL041W,0,-4.993928,0.06490311026573181,0.421999990940094,0.6079999804496765
YGL174W,YMR202W,0,-4.9940844,0.06489312648773193,0.421999990940094,0.6080999970436096
YGR123C,YDR011W,0,-4.9942126,0.06488315016031265,0.421999990940094,0.6082000136375427
YLR155C,YAR003W,0,-4.994385,0.06487317383289337,0.421999990940094,0.608299970626831
YLR080W,YNL282W,0,-4.9947295,0.06486320495605469,0.421999990940094,0.6083999872207642
YFR028C,YOL034W,0,-4.9948072,0.064853236079216,0.421999990940094,0.6085000038146973
YPR139C,YOR230W,0,-4.994968,0.06484326720237732,0.421999990940094,0.6086000204086304
YKR052C,YMR322C,0,-4.995159,0.06483330577611923,0.421999990940094,0.6086999773979187
YLR332W,YPL140C,0,-4.9952354,0.06482335180044174,0.421999990940094,0.6087999939918518
YKL046C,YMR143W,0,-4.9952426,0.06481339037418365,0.421999990940094,0.6089000105857849
YPL022W,YMR241W,0,-4.9953756,0.06480343639850616,0.421999990940094,0.609000027179718
YPL271W,YDR517W,0,-4.99544,0.06479348987340927,0.421999990940094,0.6090999841690063
YBR276C,YAL030W,0,-4.9957404,0.06478354334831238,0.421999990940094,0.6092000007629395
YJL006C,YIL101C,0,-4.9966,0.06477359682321548,0.421999990940094,0.6093000173568726
YMR075W,YDR451C,0,-4.996713,0.06476365774869919,0.421999990940094,0.6093999743461609
YLR266C,YLR222C,0,-4.99717,0.06475371867418289,0.421999990940094,0.609499990940094
YJR084W,YPL117C,0,-4.997428,0.06474378705024719,0.421999990940094,0.6096000075340271
YKL040C,YGR004W,0,-4.9977093,0.06473385542631149,0.421999990940094,0.6097000241279602
YER035W,YML130C,0,-4.998104,0.0647239238023758,0.421999990940094,0.6097999811172485
YKL046C,YLR207W,0,-4.9982643,0.06471399962902069,0.421999990940094,0.6098999977111816
YMR068W,YML104C,0,-4.9986506,0.06470407545566559,0.421999990940094,0.6100000143051147
YDR483W,YNL074C,0,-4.9993157,0.06469415873289108,0.421999990940094,0.6100999712944031
YLR138W,YDR398W,0,-4.999321,0.06468424201011658,0.421999990940094,0.6101999878883362
YLR015W,YOR080W,0,-4.9995403,0.06467433273792267,0.421999990940094,0.6103000044822693
YJL008C,YDR080W,0,-4.999988,0.06466441601514816,0.421999990940094,0.6104000210762024
YNL257C,YML098W,1,-5.000516,0.0648077204823494,0.4230000078678131,0.6104000210762024
YOR080W,YOL028C,0,-5.0007563,0.0647977963089943,0.4230000078678131,0.6104999780654907
YOR063W,YBR024W,0,-5.0008874,0.06478787213563919,0.4230000078678131,0.6105999946594238
YNL020C,YER021W,0,-5.0012617,0.06477794796228409,0.4230000078678131,0.6107000112533569
YFR028C,YMR070W,0,-5.0013456,0.06476803123950958,0.4230000078678131,0.61080002784729
YGR230W,YLR371W,0,-5.001736,0.06475811451673508,0.4230000078678131,0.6108999848365784
YPL129W,YOR110W,1,-5.001929,0.06490126997232437,0.42399999499320984,0.6108999848365784
YKR009C,YOR253W,0,-5.002078,0.06489133834838867,0.42399999499320984,0.6110000014305115
YML071C,YPL126W,0,-5.0022,0.06488140672445297,0.42399999499320984,0.6111000180244446
YKL085W,YKL062W,0,-5.002722,0.06487148255109787,0.42399999499320984,0.6111999750137329
YLR114C,YBR121C,0,-5.0027847,0.06486155837774277,0.42399999499320984,0.611299991607666
YOL051W,YDR363W-A,0,-5.0034876,0.06485163420438766,0.42399999499320984,0.6114000082015991
YPL011C,YMR227C,1,-5.0038514,0.06499464809894562,0.42500001192092896,0.6114000082015991
YKL074C,YBL035C,0,-5.0040336,0.06498470902442932,0.42500001192092896,0.6115000247955322
YMR161W,YLR136C,0,-5.004052,0.06497477740049362,0.42500001192092896,0.6115999817848206
YAL022C,YFR001W,0,-5.0041337,0.06496484577655792,0.42500001192092896,0.6116999983787537
YDR211W,YER054C,0,-5.004346,0.06495491415262222,0.42500001192092896,0.6118000149726868
YPL101W,YAL009W,0,-5.0045233,0.06494498997926712,0.42500001192092896,0.6118999719619751
YPL164C,YHR056C,0,-5.004603,0.06493506580591202,0.42500001192092896,0.6119999885559082
YBL103C,YGL112C,1,-5.0047445,0.06507790833711624,0.4259999990463257,0.6119999885559082
YCR037C,YDR398W,0,-5.004818,0.06506796926259995,0.4259999990463257,0.6121000051498413
YCR093W,YPL224C,0,-5.005603,0.06505803018808365,0.4259999990463257,0.6122000217437744
YER164W,YIL095W,0,-5.0058784,0.06504809856414795,0.4259999990463257,0.6122999787330627
YNL020C,YOR123C,0,-5.0059967,0.06503816694021225,0.4259999990463257,0.6123999953269958
YOR334W,YPL218W,0,-5.0068088,0.06502824276685715,0.4259999990463257,0.612500011920929
YFR036W,YOR126C,0,-5.0074015,0.06501831859350204,0.4259999990463257,0.6126000285148621
YML099C,YNL079C,0,-5.0082417,0.06500839442014694,0.4259999990463257,0.6126999855041504
YJR006W,YNL082W,0,-5.008435,0.06499847769737244,0.4259999990463257,0.6128000020980835
YLR380W,YML062C,0,-5.009285,0.06498856097459793,0.4259999990463257,0.6129000186920166
YGR158C,YNL121C,0,-5.009432,0.06497864425182343,0.4259999990463257,0.6129999756813049
YDR101C,YOR133W,0,-5.0095344,0.06496873497962952,0.4259999990463257,0.613099992275238
YMR080C,YGR086C,0,-5.009543,0.06495882570743561,0.4259999990463257,0.6132000088691711
YLR056W,YDL078C,0,-5.010478,0.0649489238858223,0.4259999990463257,0.6133000254631042
YJL042W,YNL282W,0,-5.010488,0.06493902206420898,0.4259999990463257,0.6133999824523926
YDL102W,YKL085W,0,-5.0104904,0.06492912769317627,0.4259999990463257,0.6134999990463257
YER100W,YIL173W,0,-5.0107355,0.06491923332214355,0.4259999990463257,0.6136000156402588
YML041C,YMR243C,0,-5.0108743,0.06490933895111084,0.4259999990463257,0.6136999726295471
YMR125W,YPR009W,0,-5.0111103,0.06489945203065872,0.4259999990463257,0.6137999892234802
YDR325W,YER031C,0,-5.0114145,0.0648895651102066,0.4259999990463257,0.6139000058174133
YJR082C,YHL009C,0,-5.0115757,0.06487968564033508,0.4259999990463257,0.6140000224113464
YLR135W,YML005W,0,-5.0116854,0.06486980617046356,0.4259999990463257,0.6140999794006348
YLR266C,YDL224C,0,-5.0117598,0.06485992670059204,0.4259999990463257,0.6141999959945679
YPR049C,YOR257W,0,-5.0120754,0.06485005468130112,0.4259999990463257,0.614300012588501
YMR142C,YOR057W,0,-5.012375,0.06484018266201019,0.4259999990463257,0.6144000291824341
YKL046C,YER035W,0,-5.0126743,0.06483031809329987,0.4259999990463257,0.6144999861717224
YML093W,YMR284W,0,-5.012683,0.06482045352458954,0.4259999990463257,0.6146000027656555
YOL051W,YPR010C,0,-5.013096,0.06481058895587921,0.4259999990463257,0.6147000193595886
YMR083W,YDL028C,0,-5.0134377,0.06480073183774948,0.4259999990463257,0.614799976348877
YPR191W,YGL244W,0,-5.01348,0.06479087471961975,0.4259999990463257,0.6148999929428101
YKR002W,YNL090W,0,-5.013489,0.06478102505207062,0.4259999990463257,0.6150000095367432
YMR214W,YNL309W,0,-5.0139513,0.06477117538452148,0.4259999990463257,0.6151000261306763
YGL201C,YJL053W,0,-5.013978,0.06476132571697235,0.4259999990463257,0.6151999831199646
YGR171C,YKL130C,0,-5.0140696,0.06475148350000381,0.4259999990463257,0.6152999997138977
YIL167W,YPL203W,0,-5.014141,0.06474164128303528,0.4259999990463257,0.6154000163078308
YNL257C,YPR056W,1,-5.014638,0.064883753657341,0.4269999861717224,0.6154000163078308
YCR020C-A,YLR337C,0,-5.0147753,0.06487389653921127,0.4269999861717224,0.6154999732971191
YGL018C,YHR041C,0,-5.0157137,0.06486404687166214,0.4269999861717224,0.6155999898910522
YNL242W,YGL035C,0,-5.0161457,0.06485418975353241,0.4269999861717224,0.6157000064849854
YDL108W,YPL122C,1,-5.016197,0.06499620527029037,0.42800000309944153,0.6157000064849854
YPL224C,YBR089C-A,0,-5.0162163,0.06498633325099945,0.42800000309944153,0.6158000230789185
YPL037C,YCL001W,0,-5.0169168,0.06497646868228912,0.42800000309944153,0.6158999800682068
YPL177C,YBL103C,1,-5.0173373,0.06511839479207993,0.42899999022483826,0.6158999800682068
YOR180C,YNL023C,0,-5.0174465,0.0651085153222084,0.42899999022483826,0.6159999966621399
YNL094W,YML095C,0,-5.0180655,0.06509863585233688,0.42899999022483826,0.616100013256073
YER035W,YGL169W,0,-5.0182333,0.06508875638246536,0.42899999022483826,0.6161999702453613
YPL159C,YCR035C,0,-5.018339,0.06507888436317444,0.42899999022483826,0.6162999868392944
YCR042C,YAL001C,1,-5.018343,0.06522069126367569,0.4300000071525574,0.6162999868392944
YNL015W,YDR011W,0,-5.0184245,0.06521079689264297,0.4300000071525574,0.6164000034332275
YDR517W,YGL030W,0,-5.0185757,0.06520090997219086,0.4300000071525574,0.6165000200271606
YMR208W,YDR329C,0,-5.0189843,0.06519102305173874,0.4300000071525574,0.616599977016449
YOL063C,YJL208C,0,-5.0190377,0.06518114358186722,0.4300000071525574,0.6166999936103821
YDR292C,YLR316C,0,-5.0190587,0.0651712641119957,0.4300000071525574,0.6168000102043152
YPL202C,YPL122C,1,-5.019318,0.0653129294514656,0.4309999942779541,0.6168000102043152
YJR025C,YOL006C,0,-5.019471,0.0653030276298523,0.4309999942779541,0.6169000267982483
YGR171C,YHR050W,0,-5.0195107,0.06529314070940018,0.4309999942779541,0.6169999837875366
YFL003C,YMR197C,0,-5.019602,0.06528324633836746,0.4309999942779541,0.6171000003814697
YDR167W,YML015C,1,-5.019906,0.06542480736970901,0.4320000112056732,0.6171000003814697
YMR208W,YGL212W,0,-5.0199347,0.0654148980975151,0.4320000112056732,0.6172000169754028
YNL159C,YER120W,0,-5.020354,0.0654049962759018,0.4320000112056732,0.6172999739646912
YDR216W,YOR301W,0,-5.0204687,0.06539509445428848,0.4320000112056732,0.6173999905586243
YFR041C,YPR041W,0,-5.0204816,0.06538520008325577,0.4320000112056732,0.6175000071525574
YGR274C,YGL112C,1,-5.0204926,0.06552663445472717,0.43299999833106995,0.6175000071525574
YER026C,YPR101W,0,-5.0204973,0.06551671773195267,0.43299999833106995,0.6176000237464905
YDR524C,YER154W,0,-5.0206394,0.06550680845975876,0.43299999833106995,0.6176999807357788
YPL204W,YER002W,0,-5.0206814,0.06549689918756485,0.43299999833106995,0.6177999973297119
YLR274W,YDL190C,0,-5.020809,0.06548698991537094,0.43299999833106995,0.617900013923645
YBR272C,YPL270W,0,-5.0208097,0.06547708809375763,0.43299999833106995,0.6179999709129333
YDL003W,YBR055C,0,-5.0213785,0.06546719372272491,0.43299999833106995,0.6180999875068665
YOL067C,YPL011C,1,-5.021721,0.06560846418142319,0.4339999854564667,0.6180999875068665
YFL021W,YOL089C,1,-5.0217776,0.06574969738721848,0.4350000023841858,0.6180999875068665
YBR167C,YHR099W,0,-5.0218205,0.06573975831270218,0.4350000023841858,0.6182000041007996
YIL048W,YIL095W,0,-5.021854,0.06572982668876648,0.4350000023841858,0.6183000206947327
YNL062C,YMR272C,0,-5.0225296,0.06571989506483078,0.4350000023841858,0.618399977684021
YPR185W,YPR161C,0,-5.0230317,0.06570997089147568,0.4350000023841858,0.6184999942779541
YFL031W,YDR129C,0,-5.023129,0.06570004671812057,0.4350000023841858,0.6186000108718872
YDL022W,YNR026C,0,-5.023587,0.06569012254476547,0.4350000023841858,0.6187000274658203
YGR070W,YFL008W,0,-5.0236874,0.06568020582199097,0.4350000023841858,0.6187999844551086
YPL097W,YOR087W,0,-5.0237293,0.06567028909921646,0.4350000023841858,0.6189000010490417
YOL061W,YBR216C,0,-5.023917,0.06566037982702255,0.4350000023841858,0.6190000176429749
YHL002W,YPR067W,0,-5.023932,0.06565047055482864,0.4350000023841858,0.6190999746322632
YIL075C,YGR080W,0,-5.023961,0.06564056128263474,0.4350000023841858,0.6191999912261963
YNR002C,YMR285C,0,-5.02423,0.06563065946102142,0.4350000023841858,0.6193000078201294
YDR264C,YER019W,0,-5.0243177,0.06562075763940811,0.4350000023841858,0.6194000244140625
YDR118W,YER145C,0,-5.0244536,0.0656108632683754,0.4350000023841858,0.6194999814033508
YLR265C,YOR083W,0,-5.0245132,0.06560096144676208,0.4350000023841858,0.6195999979972839
YHR013C,YOL061W,0,-5.0246577,0.06559107452630997,0.4350000023841858,0.619700014591217
YOR210W,YKL154W,0,-5.0247703,0.06558118760585785,0.4350000023841858,0.6197999715805054
YGL205W,YIR022W,0,-5.0247893,0.06557130068540573,0.4350000023841858,0.6198999881744385
YLR259C,YCR091W,0,-5.0250688,0.06556141376495361,0.4350000023841858,0.6200000047683716
YGR246C,YML098W,1,-5.0253487,0.06570222973823547,0.4359999895095825,0.6200000047683716
YBL007C,YGR128C,0,-5.025631,0.06569232791662216,0.4359999895095825,0.6201000213623047
YMR266W,YKL214C,0,-5.025828,0.06568243354558945,0.4359999895095825,0.620199978351593
YKL179C,YML028W,0,-5.0260453,0.06567253917455673,0.4359999895095825,0.6202999949455261
YKR048C,YOL093W,0,-5.026291,0.06566265225410461,0.4359999895095825,0.6204000115394592
YJL003W,YDL244W,0,-5.026294,0.0656527653336525,0.4359999895095825,0.6205000281333923
YNL130C,YGR270W,0,-5.0269203,0.06564287841320038,0.4359999895095825,0.6205999851226807
YAL029C,YLR453C,0,-5.027041,0.06563299894332886,0.4359999895095825,0.6207000017166138
YDR045C,YGR048W,0,-5.0270634,0.06562311947345734,0.4359999895095825,0.6208000183105469
YEL061C,YML013W,0,-5.027281,0.06561324000358582,0.4359999895095825,0.6208999752998352
YDL220C,YGR119C,0,-5.0278487,0.06560336798429489,0.4359999895095825,0.6209999918937683
YML057W,YHR004C,0,-5.0279436,0.06559350341558456,0.4359999895095825,0.6211000084877014
YOR233W,YOR256C,0,-5.0280256,0.06558363139629364,0.4359999895095825,0.6212000250816345
YDR071C,YDR465C,0,-5.028119,0.06557376682758331,0.4359999895095825,0.6212999820709229
YHR107C,YHR072W,0,-5.028148,0.06556390970945358,0.4359999895095825,0.621399998664856
YGR252W,YPL140C,0,-5.0287385,0.06555405259132385,0.4359999895095825,0.6215000152587891
YAL034W-A,YJL210W,0,-5.029261,0.06554419547319412,0.4359999895095825,0.6215999722480774
YER028C,YJL011C,1,-5.0298104,0.06568465381860733,0.43700000643730164,0.6215999722480774
YDR159W,YPL258C,0,-5.0298657,0.0656747817993164,0.43700000643730164,0.6216999888420105
YKL059C,YBL024W,0,-5.030004,0.06566491723060608,0.43700000643730164,0.6218000054359436
YLR266C,YPR154W,0,-5.030274,0.06565504521131516,0.43700000643730164,0.6219000220298767
YNL118C,YPL019C,0,-5.030326,0.06564518809318542,0.43700000643730164,0.621999979019165
YML121W,YOL110W,0,-5.030819,0.0656353235244751,0.43700000643730164,0.6220999956130981
YLR172C,YKL057C,0,-5.030929,0.06562546640634537,0.43700000643730164,0.6222000122070312
YML081C-A,YJL039C,0,-5.031071,0.06561561673879623,0.43700000643730164,0.6223000288009644
YIL046W,YDR027C,0,-5.0311694,0.0656057670712471,0.43700000643730164,0.6223999857902527
YAL012W,YGL252C,0,-5.031399,0.06559591740369797,0.43700000643730164,0.6225000023841858
YHR077C,YKL126W,0,-5.032039,0.06558607518672943,0.43700000643730164,0.6226000189781189
YDR323C,YNL082W,0,-5.0324993,0.0655762329697609,0.43700000643730164,0.6226999759674072
YNL016W,YIL139C,0,-5.033008,0.06556639075279236,0.43700000643730164,0.6227999925613403
YGR179C,YOR069W,0,-5.033324,0.06555655598640442,0.43700000643730164,0.6229000091552734
YJR065C,YGL133W,0,-5.033453,0.06554672122001648,0.43700000643730164,0.6230000257492065
YAL034W-A,YHR001W-A,0,-5.0338335,0.06553689390420914,0.43700000643730164,0.6230999827384949
YGR220C,YGR123C,0,-5.0341325,0.0655270665884018,0.43700000643730164,0.623199999332428
YJR002W,YJL053W,0,-5.0343266,0.06551723927259445,0.43700000643730164,0.6233000159263611
YIL097W,YNR006W,0,-5.034415,0.0655074194073677,0.43700000643730164,0.6233999729156494
YNR059W,YOR201C,0,-5.034602,0.06549759954214096,0.43700000643730164,0.6234999895095825
YJL003W,YDR086C,0,-5.034656,0.06548778712749481,0.43700000643730164,0.6236000061035156
YGR007W,YMR067C,0,-5.0348063,0.06547797471284866,0.43700000643730164,0.6237000226974487
YGL166W,YDR362C,1,-5.0349383,0.06561797857284546,0.43799999356269836,0.6237000226974487
YAL026C,YPL144W,0,-5.0352497,0.06560815125703812,0.43799999356269836,0.6237999796867371
YPR008W,YDR079C-A,1,-5.0352554,0.06574808806180954,0.4390000104904175,0.6237999796867371
YMR237W,YFR013W,0,-5.0352693,0.065738245844841,0.4390000104904175,0.6238999962806702
YHR088W,YOR367W,0,-5.0353594,0.06572840362787247,0.4390000104904175,0.6240000128746033
YPL274W,YKL214C,0,-5.035755,0.06571856141090393,0.4390000104904175,0.6241000294685364
YNR007C,YKL212W,0,-5.0360317,0.06570872664451599,0.4390000104904175,0.6241999864578247
YOR079C,YAL034W-A,0,-5.036468,0.06569889187812805,0.4390000104904175,0.6243000030517578
YIL042C,YOL004W,0,-5.036598,0.06568906456232071,0.4390000104904175,0.6244000196456909
YKR001C,YML038C,0,-5.0366306,0.06567923724651337,0.4390000104904175,0.6244999766349792
YDR138W,YDR192C,0,-5.036639,0.06566940993070602,0.4390000104904175,0.6245999932289124
YNL006W,YDR178W,0,-5.0368137,0.06565959006547928,0.4390000104904175,0.6247000098228455
YNL147W,YDR244W,0,-5.036824,0.06564977020025253,0.4390000104904175,0.6248000264167786
YJL183W,YGR258C,0,-5.037016,0.06563995033502579,0.4390000104904175,0.6248999834060669
YNL233W,YDR072C,0,-5.0370193,0.06563013792037964,0.4390000104904175,0.625
YOR334W,YOR003W,0,-5.037113,0.06562032550573349,0.4390000104904175,0.6251000165939331
YJR065C,YDL197C,0,-5.037616,0.06561052054166794,0.4390000104904175,0.6251999735832214
YPR021C,YOR008C,0,-5.0376773,0.06560071557760239,0.4390000104904175,0.6252999901771545
YKL170W,YMR284W,0,-5.037815,0.06559091806411743,0.4390000104904175,0.6254000067710876
YIL105C,YIL101C,0,-5.0378547,0.06558112055063248,0.4390000104904175,0.6255000233650208
YMR095C,YNL088W,0,-5.03839,0.06557132303714752,0.4390000104904175,0.6255999803543091
YFR014C,YGR094W,0,-5.0385475,0.06556153297424316,0.4390000104904175,0.6256999969482422
YDL022W,YPR088C,0,-5.0386868,0.0655517429113388,0.4390000104904175,0.6258000135421753
YIL038C,YPR101W,0,-5.038723,0.06554195284843445,0.4390000104904175,0.6258999705314636
YBL103C,YBR198C,1,-5.038724,0.06568144261837006,0.4399999976158142,0.6258999705314636
YEL061C,YNL264C,0,-5.038986,0.0656716451048851,0.4399999976158142,0.6259999871253967
YNL130C,YPR009W,0,-5.039089,0.06566184014081955,0.4399999976158142,0.6261000037193298
YIL132C,YNL038W,0,-5.03988,0.0656520426273346,0.4399999976158142,0.6262000203132629
YMR035W,YMR073C,0,-5.040634,0.06564225256443024,0.4399999976158142,0.6262999773025513
YPR025C,YCR042C,1,-5.0407653,0.0657816231250763,0.4410000145435333,0.6262999773025513
YML013W,YGR211W,0,-5.04078,0.06577181071043015,0.4410000145435333,0.6263999938964844
YNR003C,YGL126W,0,-5.041068,0.0657620057463646,0.4410000145435333,0.6265000104904175
YDL065C,YPR163C,0,-5.041151,0.06575220078229904,0.4410000145435333,0.6266000270843506
YPR165W,YHR172W,0,-5.0411587,0.06574239581823349,0.4410000145435333,0.6266999840736389
YLR196W,YLR447C,0,-5.041171,0.06573259830474854,0.4410000145435333,0.626800000667572
YPR073C,YCL004W,0,-5.041564,0.06572280079126358,0.4410000145435333,0.6269000172615051
YPR021C,YLR378C,0,-5.0423136,0.06571301072835922,0.4410000145435333,0.6269999742507935
YGL095C,YHR016C,0,-5.042362,0.06570322066545486,0.4410000145435333,0.6270999908447266
YGR191W,YDR488C,0,-5.0424724,0.0656934306025505,0.4410000145435333,0.6272000074386597
YLL002W,YDR285W,0,-5.0427866,0.06568364799022675,0.4410000145435333,0.6273000240325928
YER028C,YMR227C,1,-5.0429993,0.0658227875828743,0.44200000166893005,0.6273000240325928
YLR052W,YNL299W,0,-5.0432844,0.06581298261880875,0.44200000166893005,0.6273999810218811
YPR100W,YPL012W,0,-5.0433264,0.06580318510532379,0.44200000166893005,0.6274999976158142
YPL002C,YER041W,0,-5.0435104,0.06579338759183884,0.44200000166893005,0.6276000142097473
YOL145C,YOR211C,0,-5.0437384,0.06578359752893448,0.44200000166893005,0.6276999711990356
YGR083C,YNL292W,0,-5.0439305,0.06577380746603012,0.44200000166893005,0.6277999877929688
YKL043W,YGR279C,0,-5.043937,0.06576402485370636,0.44200000166893005,0.6279000043869019
YPL259C,YBR119W,0,-5.0441394,0.0657542422413826,0.44200000166893005,0.628000020980835
YDR150W,YIL053W,0,-5.044274,0.06574445962905884,0.44200000166893005,0.6280999779701233
YLR276C,YPR072W,0,-5.0444016,0.06573468446731567,0.44200000166893005,0.6281999945640564
YER109C,YDR086C,0,-5.044441,0.06572490930557251,0.44200000166893005,0.6283000111579895
YAR002W,YMR235C,0,-5.044607,0.06571513414382935,0.44200000166893005,0.6284000277519226
YLR242C,YGL049C,0,-5.044639,0.06570536643266678,0.44200000166893005,0.6284999847412109
YBR029C,YBL030C,0,-5.0452104,0.06569559872150421,0.44200000166893005,0.628600001335144
YPL001W,YLR248W,0,-5.0453496,0.06568583846092224,0.44200000166893005,0.6287000179290771
YMR238W,YDR208W,0,-5.0453644,0.06567607820034027,0.44200000166893005,0.6287999749183655
YOR261C,YPR054W,0,-5.045409,0.0656663179397583,0.44200000166893005,0.6288999915122986
YGR274C,YDR145W,1,-5.0454583,0.0658051073551178,0.4429999887943268,0.6288999915122986
YHR107C,YBL032W,0,-5.0457115,0.06579533964395523,0.4429999887943268,0.6290000081062317
YMR043W,YOR253W,0,-5.045865,0.06578556448221207,0.4429999887943268,0.6291000247001648
YPL202C,YOR194C,1,-5.045865,0.0659242793917656,0.4440000057220459,0.6291000247001648
YPL242C,YPL120W,0,-5.0460567,0.06591448932886124,0.4440000057220459,0.6291999816894531
YML078W,YDR265W,0,-5.046132,0.06590470671653748,0.4440000057220459,0.6292999982833862
YGR165W,YMR284W,0,-5.0463777,0.06589492410421371,0.4440000057220459,0.6294000148773193
YPL244C,YOR068C,0,-5.0465207,0.06588514894247055,0.4440000057220459,0.6294999718666077
YGR040W,YOR007C,0,-5.046691,0.06587537378072739,0.4440000057220459,0.6295999884605408
YML051W,YJL034W,0,-5.047139,0.06586559861898422,0.4440000057220459,0.6297000050544739
YKR072C,YDR359C,0,-5.047159,0.06585583090782166,0.4440000057220459,0.629800021648407
YHL036W,YBR231C,0,-5.047531,0.06584606319665909,0.4440000057220459,0.6298999786376953
YPR056W,YAL001C,1,-5.048245,0.0659845769405365,0.4449999928474426,0.6298999786376953
YBR106W,YHL009C,0,-5.0482864,0.06597479432821274,0.4449999928474426,0.6299999952316284
YDR436W,YLR182W,0,-5.048559,0.06596501916646957,0.4449999928474426,0.6301000118255615
YKR099W,YMR060C,0,-5.0490327,0.06595523655414581,0.4449999928474426,0.6302000284194946
YOL088C,YDL194W,0,-5.049114,0.06594546884298325,0.4449999928474426,0.630299985408783
YER088C,YOR069W,0,-5.049116,0.06593569368124008,0.4449999928474426,0.6304000020027161
YDL085W,YBL041W,0,-5.0492134,0.06592592597007751,0.4449999928474426,0.6305000185966492
YPR086W,YDR079C-A,1,-5.04965,0.06606428325176239,0.44600000977516174,0.6305000185966492
YDR361C,YIL105C,0,-5.049992,0.06605450063943863,0.44600000977516174,0.6305999755859375
YGL112C,YDR311W,1,-5.050315,0.06619280576705933,0.44699999690055847,0.6305999755859375
YEL031W,YIL135C,0,-5.0506363,0.06618300080299377,0.44699999690055847,0.6306999921798706
YGR142W,YDL058W,0,-5.050727,0.06617320328950882,0.44699999690055847,0.6308000087738037
YNL039W,YGR186W,1,-5.0512953,0.06631142646074295,0.4480000138282776,0.6308000087738037
YPL100W,YER035W,0,-5.051301,0.0663016140460968,0.4480000138282776,0.6309000253677368
YML098W,YOR194C,1,-5.0516386,0.06643977761268616,0.4490000009536743,0.6309000253677368
YGR252W,YOR272W,0,-5.0519257,0.06642994284629822,0.4490000009536743,0.6309999823570251
YNL038W,YBR240C,0,-5.0520597,0.06642011553049088,0.4490000009536743,0.6310999989509583
YIR015W,YGR013W,0,-5.0523605,0.06641029566526413,0.4490000009536743,0.6312000155448914
YDR118W,YNL082W,0,-5.052862,0.06640047580003738,0.4490000009536743,0.6312999725341797
YBR257W,YHR197W,0,-5.0528984,0.06639065593481064,0.4490000009536743,0.6313999891281128
YLR114C,YDR320C,0,-5.05303,0.06638083606958389,0.4490000009536743,0.6315000057220459
YBR082C,YJL048C,0,-5.0534797,0.06637102365493774,0.4490000009536743,0.631600022315979
YDR447C,YNL246W,0,-5.0536203,0.06636121869087219,0.4490000009536743,0.6316999793052673
YJL184W,YNL036W,0,-5.0538683,0.06635141372680664,0.4490000009536743,0.6317999958992004
YOL095C,YDL065C,0,-5.0543184,0.06634160876274109,0.4490000009536743,0.6319000124931335
YER045C,YIL143C,1,-5.054557,0.06647954136133194,0.44999998807907104,0.6319000124931335
YGR180C,YHR021C,0,-5.0548644,0.0664697214961052,0.44999998807907104,0.6320000290870667
YPL076W,YPL002C,0,-5.054965,0.06645990163087845,0.44999998807907104,0.632099986076355
YJL115W,YAR002W,0,-5.0551987,0.0664500892162323,0.44999998807907104,0.6322000026702881
YDR434W,YLR430W,0,-5.0554786,0.06644027680158615,0.44999998807907104,0.6323000192642212
YGR089W,YHR001W-A,0,-5.0555005,0.0664304718375206,0.44999998807907104,0.6323999762535095
YNL223W,YNR053C,0,-5.0555897,0.06642066687345505,0.44999998807907104,0.6324999928474426
YLR429W,YKL194C,0,-5.0556803,0.0664108619093895,0.44999998807907104,0.6326000094413757
YPL093W,YER154W,0,-5.0557675,0.06640106439590454,0.44999998807907104,0.6327000260353088
YML071C,YGL135W,0,-5.055929,0.06639126688241959,0.44999998807907104,0.6327999830245972
YDR448W,YBR237W,0,-5.056036,0.06638146936893463,0.44999998807907104,0.6328999996185303
YOR020C,YOR288C,0,-5.056081,0.06637167930603027,0.44999998807907104,0.6330000162124634
YER032W,YJL187C,0,-5.056177,0.06636189669370651,0.44999998807907104,0.6330999732017517
YDR108W,YER104W,0,-5.056272,0.06635210663080215,0.44999998807907104,0.6331999897956848
YER051W,YOR143C,0,-5.0564585,0.0663423240184784,0.44999998807907104,0.6333000063896179
YBR035C,YGL153W,0,-5.056866,0.06633254885673523,0.44999998807907104,0.633400022983551
YIL019W,YDR486C,0,-5.057211,0.06632277369499207,0.44999998807907104,0.6334999799728394
YKR002W,YDL084W,0,-5.057766,0.0663129985332489,0.44999998807907104,0.6335999965667725
YGL112C,YAL001C,1,-5.0578003,0.0664505660533905,0.45100000500679016,0.6335999965667725
YJL011C,YMR227C,1,-5.057893,0.06658809632062912,0.4519999921321869,0.6335999965667725
YER171W,YML015C,1,-5.0579906,0.06672558188438416,0.453000009059906,0.6335999965667725
YNL147W,YBR154C,0,-5.0580006,0.06671576201915741,0.453000009059906,0.6337000131607056
YJR053W,YGR238C,0,-5.058424,0.06670593470335007,0.453000009059906,0.6338000297546387
YOR133W,YPR113W,0,-5.058664,0.06669611483812332,0.453000009059906,0.633899986743927
YML067C,YLR116W,0,-5.059064,0.06668629497289658,0.453000009059906,0.6340000033378601
YLR370C,YFL016C,0,-5.0592346,0.06667648255825043,0.453000009059906,0.6341000199317932
YPR186C,YMR227C,1,-5.059269,0.06681383401155472,0.45399999618530273,0.6341000199317932
YPL096W,YKR001C,0,-5.059719,0.06680399924516678,0.45399999618530273,0.6341999769210815
YBL016W,YNL097C,0,-5.059751,0.06679417192935944,0.45399999618530273,0.6342999935150146
YOR039W,YIL095W,0,-5.059825,0.0667843446135521,0.45399999618530273,0.6344000101089478
YKL008C,YDR473C,0,-5.05988,0.06677452474832535,0.45399999618530273,0.6345000267028809
YBL042C,YJR102C,0,-5.059926,0.0667647048830986,0.45399999618530273,0.6345999836921692
YGL017W,YJR013W,0,-5.060024,0.06675489246845245,0.45399999618530273,0.6347000002861023
YLR433C,YOR351C,0,-5.060375,0.06674507260322571,0.45399999618530273,0.6348000168800354
YPR049C,YDR164C,0,-5.060503,0.06673526018857956,0.45399999618530273,0.6348999738693237
YDL017W,YGL211W,0,-5.0605407,0.06672545522451401,0.45399999618530273,0.6349999904632568
YJL178C,YOR208W,0,-5.0606656,0.06671565026044846,0.45399999618530273,0.6351000070571899
YKL191W,YDL065C,0,-5.0607686,0.0667058452963829,0.45399999618530273,0.635200023651123
YIL132C,YFL011W,0,-5.060848,0.06669604778289795,0.45399999618530273,0.6352999806404114
YPL232W,YOR212W,0,-5.0609665,0.066686250269413,0.45399999618530273,0.6353999972343445
YJL090C,YCL032W,0,-5.0611124,0.06667646020650864,0.45399999618530273,0.6355000138282776
YCR071C,YFR001W,0,-5.061377,0.06666667014360428,0.45399999618530273,0.6355999708175659
YDL197C,YJL069C,0,-5.0615597,0.06665688008069992,0.45399999618530273,0.635699987411499
YGR238C,YBR126C,0,-5.0619984,0.06664709001779556,0.45399999618530273,0.6358000040054321
YHR169W,YCR037C,0,-5.0622926,0.0666373074054718,0.45399999618530273,0.6359000205993652
YNL080C,YLR086W,0,-5.062439,0.06662753224372864,0.45399999618530273,0.6359999775886536
YFR021W,YAL010C,0,-5.0626116,0.06661775708198547,0.45399999618530273,0.6360999941825867
YPL063W,YKL214C,0,-5.0630465,0.06660798192024231,0.45399999618530273,0.6362000107765198
YML103C,YPR036W,0,-5.063219,0.06659820675849915,0.45399999618530273,0.6363000273704529
YOR109W,YGR013W,0,-5.0638247,0.06658843904733658,0.45399999618530273,0.6363999843597412
YDR488C,YLR378C,0,-5.0644035,0.06657867878675461,0.45399999618530273,0.6365000009536743
YDR093W,YPL020C,0,-5.064889,0.06656891852617264,0.45399999618530273,0.6366000175476074
YER027C,YLR288C,0,-5.064973,0.06655915826559067,0.45399999618530273,0.6366999745368958
YDR130C,YHR039C-A,0,-5.0654488,0.0665493980050087,0.45399999618530273,0.6367999911308289
YJR108W,YJL020C,0,-5.0654907,0.06653964519500732,0.45399999618530273,0.636900007724762
YPL177C,YER028C,1,-5.0655823,0.06667643785476685,0.45500001311302185,0.636900007724762
YJL003W,YKL154W,0,-5.0660973,0.06666667014360428,0.45500001311302185,0.6370000243186951
YKR027W,YJL034W,0,-5.0661182,0.06665690243244171,0.45500001311302185,0.6370999813079834
YGL119W,YKR079C,0,-5.0663366,0.06664713472127914,0.45500001311302185,0.6371999979019165
YPL149W,YHL036W,0,-5.0664763,0.06663737446069717,0.45500001311302185,0.6373000144958496
YFL055W,YER161C,0,-5.0664806,0.0666276142001152,0.45500001311302185,0.6373999714851379
YFR013W,YOR332W,0,-5.06664,0.06661786139011383,0.45500001311302185,0.637499988079071
YAL053W,YER093C,0,-5.066821,0.06660810858011246,0.45500001311302185,0.6376000046730042
YGL030W,YBL088C,0,-5.0668426,0.06659836322069168,0.45500001311302185,0.6377000212669373
YNL074C,YDR300C,0,-5.067125,0.06658861041069031,0.45500001311302185,0.6377999782562256
YML010W,YDR472W,0,-5.0673013,0.06657887250185013,0.45500001311302185,0.6378999948501587
YKR024C,YPR140W,0,-5.067364,0.06656912714242935,0.45500001311302185,0.6380000114440918
YNL220W,YOR034C,0,-5.0674605,0.06655938923358917,0.45500001311302185,0.6381000280380249
YLR401C,YML061C,0,-5.068675,0.06654965877532959,0.45500001311302185,0.6381999850273132
YDL213C,YOR115C,0,-5.068823,0.06653992086648941,0.45500001311302185,0.6383000016212463
YKL084W,YNL103W,0,-5.068853,0.06653019785881042,0.45500001311302185,0.6384000182151794
YPL177C,YOR110W,1,-5.0688596,0.06666667014360428,0.4560000002384186,0.6384000182151794
YDL243C,YJL014W,0,-5.0689964,0.0666569247841835,0.4560000002384186,0.6384999752044678
YER045C,YPL122C,1,-5.0696163,0.06679333746433258,0.4569999873638153,0.6384999752044678
YNL062C,YOL144W,0,-5.0696535,0.06678357720375061,0.4569999873638153,0.6385999917984009
YBR021W,YLR088W,0,-5.069827,0.06677381694316864,0.4569999873638153,0.638700008392334
YBR002C,YHR111W,0,-5.069839,0.06676406413316727,0.4569999873638153,0.6388000249862671
YDR017C,YDL003W,0,-5.0699387,0.0667543113231659,0.4569999873638153,0.6388999819755554
YGR010W,YER006W,0,-5.0701666,0.06674455851316452,0.4569999873638153,0.6389999985694885
YIR028W,YLR105C,0,-5.070225,0.06673481315374374,0.4569999873638153,0.6391000151634216
YNL270C,YNL201C,0,-5.070299,0.06672506779432297,0.4569999873638153,0.63919997215271
YOR386W,YOR224C,0,-5.070318,0.06671532988548279,0.4569999873638153,0.6392999887466431
YOR171C,YGL028C,0,-5.070443,0.06670559197664261,0.4569999873638153,0.6394000053405762
YML073C,YHR070W,0,-5.0706105,0.06669585406780243,0.4569999873638153,0.6395000219345093
YIL048W,YNR011C,0,-5.070613,0.06668612360954285,0.4569999873638153,0.6395999789237976
YJR040W,YOR351C,0,-5.0710406,0.06667639315128326,0.4569999873638153,0.6396999955177307
YOR299W,YLL061W,0,-5.0717897,0.06666667014360428,0.4569999873638153,0.6398000121116638
YBR198C,YDR362C,1,-5.071824,0.06680279970169067,0.4580000042915344,0.6398000121116638
YDR412W,YMR214W,0,-5.0718412,0.0667930617928505,0.4580000042915344,0.6399000287055969
YFR021W,YPR068C,0,-5.072443,0.06678331643342972,0.4580000042915344,0.6399999856948853
YOR076C,YML114C,0,-5.073295,0.06677357852458954,0.4580000042915344,0.6401000022888184
YOL049W,YGR221C,0,-5.073736,0.06676384806632996,0.4580000042915344,0.6402000188827515
YML110C,YKL049C,0,-5.073816,0.06675411760807037,0.4580000042915344,0.6402999758720398
YPL210C,YMR273C,0,-5.074271,0.06674438714981079,0.4580000042915344,0.6403999924659729
YDR339C,YDR268W,0,-5.0744395,0.0667346641421318,0.4580000042915344,0.640500009059906
YLR429W,YPL146C,0,-5.074487,0.06672494113445282,0.4580000042915344,0.6406000256538391
YOR335C,YBL016W,0,-5.074847,0.06671522557735443,0.4580000042915344,0.6406999826431274
YKL089W,YOR140W,0,-5.074875,0.06670550256967545,0.4580000042915344,0.6407999992370605
YKL029C,YDR120C,0,-5.0751476,0.06669579446315765,0.4580000042915344,0.6409000158309937
YLR347C,YJR002W,0,-5.075259,0.06668607890605927,0.4580000042915344,0.640999972820282
YHR183W,YGR057C,0,-5.0752797,0.06667637079954147,0.4580000042915344,0.6410999894142151
YPL274W,YPR198W,0,-5.0753307,0.06666667014360428,0.4580000042915344,0.6412000060081482
YDR180W,YAL016W,0,-5.0753393,0.06665696203708649,0.4580000042915344,0.6413000226020813
YOR057W,YDR453C,0,-5.0755396,0.06664726138114929,0.4580000042915344,0.6413999795913696
YBL005W,YBL052C,0,-5.0760207,0.0666375681757927,0.4580000042915344,0.6414999961853027
YOL072W,YOR089C,0,-5.0761023,0.0666278749704361,0.4580000042915344,0.6416000127792358
YGR192C,YDR092W,0,-5.076355,0.0666181817650795,0.4580000042915344,0.641700029373169
YDR011W,YNR046W,0,-5.076399,0.0666084960103035,0.4580000042915344,0.6417999863624573
YDL113C,YLR020C,0,-5.076571,0.0665988102555275,0.4580000042915344,0.6419000029563904
YBR002C,YPR095C,0,-5.076883,0.0665891245007515,0.4580000042915344,0.6420000195503235
YGL054C,YGL153W,0,-5.077037,0.06657944619655609,0.4580000042915344,0.6420999765396118
YPL178W,YDR501W,0,-5.0771694,0.06656976789236069,0.4580000042915344,0.6421999931335449
YKL108W,YGR013W,0,-5.077785,0.06656008958816528,0.4580000042915344,0.642300009727478
YPL194W,YDR363W,0,-5.077965,0.06655041873455048,0.4580000042915344,0.6424000263214111
YER056C,YDR381W,0,-5.0784016,0.06654075533151627,0.4580000042915344,0.6424999833106995
YPL152W,YPL218W,0,-5.0785055,0.06653108447790146,0.4580000042915344,0.6425999999046326
YER028C,YML015C,1,-5.0785236,0.06666667014360428,0.45899999141693115,0.6425999999046326
YOL067C,YCR042C,1,-5.0787506,0.06680220365524292,0.46000000834465027,0.6425999999046326
YAL003W,YGL127C,0,-5.078751,0.06679251044988632,0.46000000834465027,0.6427000164985657
YGL236C,YOR014W,0,-5.0789604,0.06678280979394913,0.46000000834465027,0.642799973487854
YDR473C,YDL244W,0,-5.0791473,0.06677311658859253,0.46000000834465027,0.6428999900817871
YLR210W,YIL129C,0,-5.079233,0.06676342338323593,0.46000000834465027,0.6430000066757202
YPL271W,YKR090W,0,-5.0793185,0.06675373762845993,0.46000000834465027,0.6431000232696533
YMR299C,YHR058C,0,-5.079647,0.06674405187368393,0.46000000834465027,0.6431999802589417
YJL006C,YBR030W,0,-5.0797815,0.06673436611890793,0.46000000834465027,0.6432999968528748
YLR309C,YJL133W,0,-5.0799856,0.06672468781471252,0.46000000834465027,0.6434000134468079
YDR167W,YMR227C,1,-5.080154,0.06686004251241684,0.460999995470047,0.6434000134468079
YER036C,YCL014W,0,-5.0804396,0.06685034930706024,0.460999995470047,0.6434999704360962
YLR008C,YLR272C,0,-5.080704,0.06684065610170364,0.460999995470047,0.6435999870300293
YIL159W,YHR004C,0,-5.0807657,0.06683096289634705,0.460999995470047,0.6437000036239624
YOR156C,YMR313C,0,-5.0807815,0.06682127714157104,0.460999995470047,0.6438000202178955
YNL258C,YMR058W,0,-5.080988,0.06681159138679504,0.460999995470047,0.6438999772071838
YDR303C,YHR167W,0,-5.0811243,0.06680191308259964,0.460999995470047,0.6439999938011169
YLR254C,YML073C,0,-5.08113,0.06679223477840424,0.460999995470047,0.64410001039505
YGL092W,YOR272W,0,-5.081503,0.06678255647420883,0.460999995470047,0.6442000269889832
YPL096W,YOR307C,0,-5.0815325,0.06677288562059402,0.460999995470047,0.6442999839782715
YEL032W,YMR016C,0,-5.082054,0.06676321476697922,0.460999995470047,0.6444000005722046
YPL161C,YBR293W,0,-5.0823765,0.06675355136394501,0.460999995470047,0.6445000171661377
YBR079C,YER018C,0,-5.0825567,0.0667438805103302,0.460999995470047,0.644599974155426
YML061C,YHR167W,0,-5.0825586,0.06673422455787659,0.460999995470047,0.6446999907493591
YAL030W,YNL253W,0,-5.08266,0.06672456115484238,0.460999995470047,0.6448000073432922
YEL066W,YIL007C,0,-5.082746,0.06671490520238876,0.460999995470047,0.6449000239372253
YJL110C,YDR398W,0,-5.082873,0.06670524924993515,0.460999995470047,0.6449999809265137
YBR196C,YOR272W,0,-5.083214,0.06669560074806213,0.460999995470047,0.6450999975204468
YKL085W,YJL141C,0,-5.0832767,0.06668595224618912,0.460999995470047,0.6452000141143799
YBR186W,YLR067C,0,-5.0833244,0.0666763111948967,0.460999995470047,0.6452999711036682
YDL154W,YOL113W,0,-5.0833573,0.06666667014360428,0.460999995470047,0.6453999876976013
YLR008C,YLR145W,0,-5.0837045,0.06665702909231186,0.460999995470047,0.6455000042915344
YBL103C,YPL122C,1,-5.083889,0.06679195910692215,0.4620000123977661,0.6455000042915344
YOR028C,YDR513W,0,-5.0839834,0.06678231060504913,0.4620000123977661,0.6456000208854675
YLR155C,YBR112C,0,-5.0841503,0.06677265465259552,0.4620000123977661,0.6456999778747559
YDR256C,YPL002C,0,-5.084157,0.0667630061507225,0.4620000123977661,0.645799994468689
YDR110W,YNL281W,0,-5.0842233,0.06675335764884949,0.4620000123977661,0.6459000110626221
YKL114C,YBR289W,0,-5.0845027,0.06674371659755707,0.4620000123977661,0.6460000276565552
YDR414C,YLR067C,0,-5.0845895,0.06673407554626465,0.4620000123977661,0.6460999846458435
YDR016C,YPR139C,0,-5.0848055,0.06672443449497223,0.4620000123977661,0.6462000012397766
YKL145W,YDR472W,0,-5.0851307,0.0667148008942604,0.4620000123977661,0.6463000178337097
YNL072W,YPL016W,0,-5.0852323,0.06670516729354858,0.4620000123977661,0.646399974822998
YLL035W,YPR024W,0,-5.085309,0.06669554114341736,0.4620000123977661,0.6464999914169312
YDR214W,YHL003C,0,-5.085515,0.06668591499328613,0.4620000123977661,0.6466000080108643
YGL245W,YDR060W,0,-5.0856714,0.06667628884315491,0.4620000123977661,0.6467000246047974
YDR164C,YER111C,0,-5.086029,0.06666667014360428,0.4620000123977661,0.6467999815940857
YDR328C,YGR128C,0,-5.086756,0.06665705144405365,0.4620000123977661,0.6468999981880188
YOL076W,YPR041W,0,-5.0867968,0.06664743274450302,0.4620000123977661,0.6470000147819519
YDR331W,YGL100W,0,-5.0869317,0.06663782149553299,0.4620000123977661,0.6470999717712402
YPL029W,YBR175W,0,-5.087099,0.06662821024656296,0.4620000123977661,0.6471999883651733
YOR245C,YLR249W,0,-5.087141,0.06661859899759293,0.4620000123977661,0.6473000049591064
YNL039W,YML015C,1,-5.087439,0.06675317138433456,0.46299999952316284,0.6473000049591064
YER028C,YDR362C,1,-5.087621,0.06688770651817322,0.46399998664855957,0.6473000049591064
YGL155W,YOR288C,0,-5.088339,0.0668780654668808,0.46399998664855957,0.6474000215530396
YHR204W,YOL040C,0,-5.0884523,0.06686842441558838,0.46399998664855957,0.6474999785423279
YDR479C,YBR002C,0,-5.0895443,0.06685879081487656,0.46399998664855957,0.647599995136261
YIR023W,YGR089W,0,-5.0897,0.06684915721416473,0.46399998664855957,0.6477000117301941
YKL009W,YDR494W,0,-5.0902314,0.06683953106403351,0.46399998664855957,0.6478000283241272
YDR141C,YDL159W,0,-5.090434,0.06682989746332169,0.46399998664855957,0.6478999853134155
YDR245W,YMR201C,0,-5.090508,0.06682027876377106,0.46399998664855957,0.6480000019073486
YDR394W,YER049W,0,-5.0906396,0.06681065261363983,0.46399998664855957,0.6481000185012817
YNL270C,YMR200W,0,-5.090717,0.0668010339140892,0.46399998664855957,0.6481999754905701
YPL129W,YBR198C,1,-5.091133,0.06693536788225174,0.4650000035762787,0.6481999754905701
YPL129W,YDR079C-A,1,-5.0911684,0.0670696571469307,0.4659999907016754,0.6481999754905701
YHR124W,YBR060C,0,-5.0912395,0.06706000864505768,0.4659999907016754,0.6482999920845032
YDR448W,YIR009W,0,-5.09206,0.06705036014318466,0.4659999907016754,0.6484000086784363
YOR156C,YEL017C-A,0,-5.092841,0.06704071164131165,0.4659999907016754,0.6485000252723694
YJL065C,YLR154C,0,-5.0935974,0.06703107059001923,0.4659999907016754,0.6485999822616577
YCR071C,YGR159C,0,-5.093708,0.0670214295387268,0.4659999907016754,0.6486999988555908
YGL257C,YOL143C,0,-5.094531,0.06701178848743439,0.4659999907016754,0.6488000154495239
YMR014W,YHR005C,0,-5.0948296,0.06700215488672256,0.4659999907016754,0.6488999724388123
YDL142C,YHL031C,0,-5.0949526,0.06699252128601074,0.4659999907016754,0.6489999890327454
YCL025C,YOR299W,0,-5.095141,0.06698289513587952,0.4659999907016754,0.6491000056266785
YEL065W,YGR116W,0,-5.096921,0.06697326898574829,0.4659999907016754,0.6492000222206116
YDR524C,YJR013W,0,-5.0969524,0.06696364283561707,0.4659999907016754,0.6492999792098999
YMR172W,YDL190C,0,-5.0971913,0.06695402413606644,0.4659999907016754,0.649399995803833
YHR084W,YLR130C,0,-5.097231,0.06694440543651581,0.4659999907016754,0.6495000123977661
YJL024C,YNL145W,0,-5.0973263,0.06693478673696518,0.4659999907016754,0.6496000289916992
YLR220W,YGR075C,0,-5.0980425,0.06692517548799515,0.4659999907016754,0.6496999859809875
YIL049W,YNL044W,0,-5.098917,0.06691556423902512,0.4659999907016754,0.6498000025749207
YOR033C,YNL221C,0,-5.099355,0.06690596044063568,0.4659999907016754,0.6499000191688538
YOL077C,YKL160W,0,-5.099411,0.06689635664224625,0.4659999907016754,0.6499999761581421
YKL114C,YML118W,0,-5.0994697,0.06688675284385681,0.4659999907016754,0.6500999927520752
YOL089C,YER171W,1,-5.0996656,0.06702066957950592,0.46700000762939453,0.6500999927520752
YJR143C,YGR095C,0,-5.099846,0.06701105087995529,0.46700000762939453,0.6502000093460083
YAR019C,YER161C,0,-5.100114,0.06700143218040466,0.46700000762939453,0.6503000259399414
YGR029W,YOR297C,0,-5.1004844,0.06699182093143463,0.46700000762939453,0.6503999829292297
YFR021W,YPL253C,0,-5.1008635,0.0669822171330452,0.46700000762939453,0.6504999995231628
YOL009C,YGR220C,0,-5.10111,0.06697260588407516,0.46700000762939453,0.650600016117096
YJL072C,YGR081C,0,-5.1017447,0.06696300208568573,0.46700000762939453,0.6506999731063843
YIL035C,YMR112C,0,-5.10204,0.06695340573787689,0.46700000762939453,0.6507999897003174
YMR296C,YCL017C,0,-5.1021314,0.06694380939006805,0.46700000762939453,0.6509000062942505
YBR288C,YPR005C,0,-5.1022973,0.06693421304225922,0.46700000762939453,0.6510000228881836
YPL177C,YDL108W,1,-5.1026363,0.06706792861223221,0.46799999475479126,0.6510000228881836
YGR103W,YKL056C,0,-5.1027184,0.06705831736326218,0.46799999475479126,0.6510999798774719
YMR227C,YOR110W,1,-5.10286,0.06719198077917099,0.4690000116825104,0.6510999798774719
YIL143C,YDR362C,1,-5.1033616,0.06732559949159622,0.4699999988079071,0.6510999798774719
YDR255C,YML041C,0,-5.103616,0.0673159584403038,0.4699999988079071,0.651199996471405
YNL227C,YCR033W,0,-5.1037245,0.06730631738901138,0.4699999988079071,0.6513000130653381
YGL175C,YHR099W,0,-5.1037645,0.06729667633771896,0.4699999988079071,0.6514000296592712
YGR249W,YOR307C,0,-5.1039524,0.06728704273700714,0.4699999988079071,0.6514999866485596
YGL178W,YJL054W,0,-5.1042995,0.06727740913629532,0.4699999988079071,0.6516000032424927
YIL033C,YLR207W,0,-5.104701,0.06726778298616409,0.4699999988079071,0.6517000198364258
YBR060C,YPR041W,0,-5.104993,0.06725815683603287,0.4699999988079071,0.6517999768257141
YPL195W,YER016W,0,-5.105139,0.06724853068590164,0.4699999988079071,0.6518999934196472
YNL032W,YOR272W,0,-5.1051865,0.06723891198635101,0.4699999988079071,0.6520000100135803
YLR175W,YLR378C,0,-5.1055226,0.06722929328680038,0.4699999988079071,0.6521000266075134
YOL033W,YOL044W,0,-5.1055627,0.06721968203783035,0.4699999988079071,0.6521999835968018
YFL021W,YDL108W,1,-5.1056347,0.06735306978225708,0.47099998593330383,0.6521999835968018
YBR244W,YGR275W,0,-5.1057196,0.06734343618154526,0.47099998593330383,0.6523000001907349
YGR246C,YPL129W,1,-5.105793,0.0674767717719078,0.47200000286102295,0.6523000001907349
YPL177C,YNL257C,1,-5.1061363,0.06761006265878677,0.4729999899864197,0.6523000001907349
YGR218W,YCR044C,0,-5.106455,0.06760039925575256,0.4729999899864197,0.652400016784668
YOR079C,YOR204W,0,-5.106757,0.06759074330329895,0.4729999899864197,0.6524999737739563
YLR319C,YNL041C,0,-5.106959,0.06758107990026474,0.4729999899864197,0.6525999903678894
YER165W,YKR072C,0,-5.1071477,0.06757143139839172,0.4729999899864197,0.6527000069618225
YGL143C,YPL032C,0,-5.1073866,0.06756177544593811,0.4729999899864197,0.6528000235557556
YOR386W,YOR159C,0,-5.1077256,0.0675521269440651,0.4729999899864197,0.652899980545044
YBR029C,YGL252C,0,-5.107975,0.06754247844219208,0.4729999899864197,0.652999997138977
YDR364C,YLR011W,0,-5.108366,0.06753283739089966,0.4729999899864197,0.6531000137329102
YNL097C,YDR135C,0,-5.1086497,0.06752319633960724,0.4729999899864197,0.6531999707221985
YBR167C,YGL129C,0,-5.108741,0.06751356273889542,0.4729999899864197,0.6532999873161316
YMR167W,YOR001W,0,-5.1088142,0.067503921687603,0.4729999899864197,0.6534000039100647
YML098W,YGR186W,1,-5.1096306,0.06763698905706406,0.4740000069141388,0.6534000039100647
YLR423C,YGL251C,0,-5.109775,0.06762733310461044,0.4740000069141388,0.6535000205039978
YLR045C,YDL217C,0,-5.1098795,0.06761769205331802,0.4740000069141388,0.6535999774932861
YDR153C,YIL046W,0,-5.1098967,0.06760804355144501,0.4740000069141388,0.6536999940872192
YPR186C,YML015C,1,-5.109901,0.0677410140633583,0.4749999940395355,0.6536999940872192
YMR008C,YGR199W,0,-5.1099663,0.0677313581109047,0.4749999940395355,0.6538000106811523
YGL048C,YDR200C,0,-5.1104946,0.06772170215845108,0.4749999940395355,0.6539000272750854
YPR006C,YGL163C,0,-5.110567,0.06771204620599747,0.4749999940395355,0.6539999842643738
YAL053W,YGR179C,0,-5.1109424,0.06770239770412445,0.4749999940395355,0.6541000008583069
YJR068W,YLR249W,0,-5.111069,0.06769274920225143,0.4749999940395355,0.65420001745224
YGL133W,YOL088C,0,-5.1110706,0.06768310070037842,0.4749999940395355,0.6542999744415283
YPL001W,YDL216C,0,-5.1115313,0.067673459649086,0.4749999940395355,0.6543999910354614
YDR517W,YOR275C,0,-5.111731,0.06766381859779358,0.4749999940395355,0.6545000076293945
YMR212C,YDR436W,0,-5.1117516,0.06765417754650116,0.4749999940395355,0.6546000242233276
YBR043C,YER120W,0,-5.1121025,0.06764454394578934,0.4749999940395355,0.654699981212616
YAL053W,YMR273C,0,-5.1125355,0.06763491034507751,0.4749999940395355,0.6547999978065491
YOL060C,YJL210W,0,-5.112862,0.06762528419494629,0.4749999940395355,0.6549000144004822
YBR200W,YKR052C,0,-5.112911,0.06761565804481506,0.4749999940395355,0.6549999713897705
YGL054C,YPL140C,0,-5.1132045,0.06760603189468384,0.4749999940395355,0.6550999879837036
YGL061C,YER005W,0,-5.1133013,0.06759641319513321,0.4749999940395355,0.6552000045776367
YIL035C,YOR033C,0,-5.1133432,0.06758679449558258,0.4749999940395355,0.6553000211715698
YHR089C,YNL302C,0,-5.1133547,0.06757718324661255,0.4749999940395355,0.6553999781608582
YMR035W,YOR253W,0,-5.113449,0.06756756454706192,0.4749999940395355,0.6554999947547913
YNL271C,YBR161W,0,-5.1135445,0.06755796074867249,0.4749999940395355,0.6556000113487244
YNL188W,YKL012W,0,-5.1139817,0.06754834949970245,0.4749999940395355,0.6557000279426575
YNL314W,YPR008W,1,-5.1140585,0.06768093258142471,0.47600001096725464,0.6557000279426575
YNR013C,YMR137C,0,-5.114295,0.06767131388187408,0.47600001096725464,0.6557999849319458
YDR254W,YPR068C,0,-5.11483,0.06766169518232346,0.47600001096725464,0.6559000015258789
YPR030W,YNL133C,0,-5.114881,0.06765207648277283,0.47600001096725464,0.656000018119812
YPR017C,YER049W,0,-5.1148996,0.0676424577832222,0.47600001096725464,0.6560999751091003
YGL201C,YCR083W,0,-5.1149054,0.06763284653425217,0.47600001096725464,0.6561999917030334
YHR098C,YLR360W,0,-5.1149406,0.06762324273586273,0.47600001096725464,0.6563000082969666
YNL136W,YJL110C,0,-5.114955,0.0676136389374733,0.47600001096725464,0.6564000248908997
YOL090W,YPL179W,0,-5.1149926,0.06760403513908386,0.47600001096725464,0.656499981880188
YPL098C,YJR156C,0,-5.1151366,0.06759443134069443,0.47600001096725464,0.6565999984741211
YCR086W,YLL019C,0,-5.115318,0.06758483499288559,0.47600001096725464,0.6567000150680542
YGL207W,YPL011C,1,-5.115587,0.06771720945835114,0.47699999809265137,0.6567000150680542
YMR128W,YGR172C,0,-5.115592,0.0677075907588005,0.47699999809265137,0.6567999720573425
YBL098W,YBR119W,0,-5.1157317,0.06769798696041107,0.47699999809265137,0.6568999886512756
YKL043W,YKR001C,0,-5.115758,0.06768837571144104,0.47699999809265137,0.6570000052452087
YLR170C,YER111C,0,-5.1158085,0.0676787719130516,0.47699999809265137,0.6571000218391418
YPR176C,YGL225W,0,-5.115964,0.06766917556524277,0.47699999809265137,0.6571999788284302
YGR165W,YLR105C,0,-5.1159835,0.06765957176685333,0.47699999809265137,0.6572999954223633
YGR199W,YGL037C,0,-5.116014,0.0676499754190445,0.47699999809265137,0.6574000120162964
YGR078C,YKL099C,0,-5.116063,0.06764038652181625,0.47699999809265137,0.6575000286102295
YBR131W,YFL005W,0,-5.116823,0.06763079762458801,0.47699999809265137,0.6575999855995178
YOR067C,YJR035W,0,-5.117072,0.06762120872735977,0.47699999809265137,0.6577000021934509
YML107C,YJL072C,0,-5.1173196,0.06761161983013153,0.47699999809265137,0.657800018787384
YPR054W,YDR395W,0,-5.1174335,0.06760203838348389,0.47699999809265137,0.6578999757766724
YKR099W,YOR004W,0,-5.1176,0.06759246438741684,0.47699999809265137,0.6579999923706055
YNL199C,YOL097C,0,-5.117664,0.0675828829407692,0.47699999809265137,0.6581000089645386
YDL101C,YDR207C,0,-5.1180754,0.06757330894470215,0.47699999809265137,0.6582000255584717
YML004C,YKR001C,0,-5.1184645,0.0675637423992157,0.47699999809265137,0.65829998254776
YHR013C,YML023C,0,-5.1185894,0.06755416840314865,0.47699999809265137,0.6583999991416931
YMR162C,YCR060W,0,-5.118881,0.0675446018576622,0.47699999809265137,0.6585000157356262
YPR037C,YOL027C,0,-5.118971,0.06753504276275635,0.47699999809265137,0.6585999727249146
YHR197W,YOR182C,0,-5.119292,0.0675254836678505,0.47699999809265137,0.6586999893188477
YKL049C,YBL025W,0,-5.1195054,0.06751592457294464,0.47699999809265137,0.6588000059127808
YJR143C,YPR182W,0,-5.121128,0.06750636547803879,0.47699999809265137,0.6589000225067139
YGR145W,YNL088W,0,-5.121168,0.06749681383371353,0.47699999809265137,0.6589999794960022
YLR310C,YPL060W,0,-5.121516,0.06748726963996887,0.47699999809265137,0.6590999960899353
YFR002W,YJL069C,0,-5.1218977,0.06747771799564362,0.47699999809265137,0.6592000126838684
YDR268W,YML013W,0,-5.1221294,0.06746817380189896,0.47699999809265137,0.6593000292778015
YJR022W,YOR265W,0,-5.1226497,0.0674586370587349,0.47699999809265137,0.6593999862670898
YML004C,YPR072W,0,-5.1229076,0.06744909286499023,0.47699999809265137,0.659500002861023
YDR005C,YNL098C,0,-5.1230083,0.06743955612182617,0.47699999809265137,0.659600019454956
YER109C,YPR032W,0,-5.1230927,0.0674300268292427,0.47699999809265137,0.6596999764442444
YMR047C,YDR381W,0,-5.1231136,0.06742049753665924,0.47699999809265137,0.6597999930381775
YMR199W,YOL123W,0,-5.1232524,0.06741096824407578,0.47699999809265137,0.6599000096321106
YNL020C,YOR069W,0,-5.1232934,0.06740143895149231,0.47699999809265137,0.6600000262260437
YML098W,YAL001C,1,-5.123363,0.06753320246934891,0.4779999852180481,0.6600000262260437
YHR031C,YFR040W,0,-5.123416,0.06752365827560425,0.4779999852180481,0.660099983215332
YMR161W,YDR180W,0,-5.123661,0.06751412153244019,0.4779999852180481,0.6601999998092651
YBR254C,YJR103W,0,-5.124105,0.06750459223985672,0.4779999852180481,0.6603000164031982
YNL199C,YOL059W,0,-5.124152,0.06749505549669266,0.4779999852180481,0.6603999733924866
YBR089C-A,YGR222W,0,-5.12424,0.06748552620410919,0.4779999852180481,0.6604999899864197
YBL069W,YFL008W,0,-5.124762,0.06747600436210632,0.4779999852180481,0.6606000065803528
YER021W,YOL129W,0,-5.124769,0.06746647506952286,0.4779999852180481,0.6607000231742859
YDR362C,YOR110W,1,-5.12502,0.06759808212518692,0.4790000021457672,0.6607000231742859
YOR335C,YOR253W,0,-5.1253314,0.06758854538202286,0.4790000021457672,0.6607999801635742
YER148W,YMR227C,1,-5.1253567,0.06772009283304214,0.47999998927116394,0.6607999801635742
YFL023W,YDR036C,0,-5.1254344,0.06771053373813629,0.47999998927116394,0.6608999967575073
YJL124C,YJL133W,0,-5.125722,0.06770098954439163,0.47999998927116394,0.6610000133514404
YOR279C,YPL094C,0,-5.125965,0.06769143790006638,0.47999998927116394,0.6610999703407288
YDR295C,YIL167W,0,-5.1263323,0.06768189370632172,0.47999998927116394,0.6611999869346619
YDL088C,YPR154W,0,-5.126342,0.06767234951257706,0.47999998927116394,0.661300003528595
YMR281W,YIL013C,0,-5.126601,0.067662812769413,0.47999998927116394,0.6614000201225281
YLL036C,YJL045W,0,-5.12684,0.06765327602624893,0.47999998927116394,0.6614999771118164
YDR494W,YFL049W,0,-5.1269264,0.06764373928308487,0.47999998927116394,0.6615999937057495
YGL155W,YOR330C,0,-5.1273937,0.0676342099905014,0.47999998927116394,0.6617000102996826
YOR123C,YLR249W,0,-5.127535,0.06762468069791794,0.47999998927116394,0.6618000268936157
YOL143C,YBR228W,0,-5.1276884,0.06761515885591507,0.47999998927116394,0.661899983882904
YPR103W,YKL012W,0,-5.127917,0.0676056370139122,0.47999998927116394,0.6620000004768372
YKL057C,YNL088W,0,-5.1280975,0.06759611517190933,0.47999998927116394,0.6621000170707703
YPL126W,YMR200W,0,-5.128189,0.06758659332990646,0.47999998927116394,0.6621999740600586
YOR279C,YGR112W,0,-5.1282287,0.06757707893848419,0.47999998927116394,0.6622999906539917
YJL080C,YER123W,0,-5.128244,0.06756756454706192,0.47999998927116394,0.6624000072479248
YER148W,YDR079C-A,1,-5.128263,0.06769880652427673,0.48100000619888306,0.6624000072479248
YKL054C,YMR106C,0,-5.128347,0.06768927723169327,0.48100000619888306,0.6625000238418579
YBL046W,YER123W,0,-5.1283846,0.0676797553896904,0.48100000619888306,0.6625999808311462
YOR025W,YMR302C,0,-5.1283875,0.06767023354768753,0.48100000619888306,0.6626999974250793
YPL164C,YOR290C,0,-5.1286106,0.06766071170568466,0.48100000619888306,0.6628000140190125
YDR358W,YOL068C,0,-5.129072,0.06765119731426239,0.48100000619888306,0.6628999710083008
YGL008C,YDR238C,0,-5.1296215,0.06764168292284012,0.48100000619888306,0.6629999876022339
YER045C,YDR311W,1,-5.1297054,0.067772775888443,0.4819999933242798,0.6629999876022339
YBR020W,YBL080C,0,-5.1299767,0.06776325404644012,0.4819999933242798,0.663100004196167
YKL049C,YNL103W,0,-5.1301155,0.06775372475385666,0.4819999933242798,0.6632000207901001
YBL084C,YGL054C,0,-5.130558,0.06774420291185379,0.4819999933242798,0.6632999777793884
YLL034C,YPL180W,0,-5.130746,0.06773468106985092,0.4819999933242798,0.6633999943733215
YAR002C-A,YDR329C,0,-5.1307592,0.06772516667842865,0.4819999933242798,0.6635000109672546
YGR180C,YGR116W,0,-5.130841,0.06771565228700638,0.4819999933242798,0.6636000275611877
YIL065C,YMR239C,0,-5.130863,0.0677061378955841,0.4819999933242798,0.6636999845504761
YGR070W,YLR020C,0,-5.1310253,0.06769663095474243,0.4819999933242798,0.6638000011444092
YGL122C,YMR006C,0,-5.1313124,0.06768712401390076,0.4819999933242798,0.6639000177383423
YLR023C,YDL154W,0,-5.1316156,0.06767761707305908,0.4819999933242798,0.6639999747276306
YPL202C,YMR227C,1,-5.13202,0.06780850887298584,0.4830000102519989,0.6639999747276306
YGR014W,YNR047W,0,-5.1321826,0.06779898703098297,0.4830000102519989,0.6640999913215637
YOL077C,YHR004C,0,-5.1322308,0.0677894726395607,0.4830000102519989,0.6642000079154968
YDR108W,YNL297C,0,-5.1324844,0.06777995824813843,0.4830000102519989,0.6643000245094299
YIL112W,YAR033W,0,-5.1329756,0.06777045130729675,0.4830000102519989,0.6643999814987183
YNL072W,YER093C,0,-5.1332603,0.06776094436645508,0.4830000102519989,0.6644999980926514
YGL166W,YDR079C-A,1,-5.1336994,0.06789170950651169,0.48399999737739563,0.6644999980926514
YDL232W,YLR298C,0,-5.1337395,0.06788218766450882,0.48399999737739563,0.6646000146865845
YJR025C,YOR069W,0,-5.1338325,0.06787266582250595,0.48399999737739563,0.6646999716758728
YAL021C,YPR054W,0,-5.1340675,0.06786315143108368,0.48399999737739563,0.6647999882698059
YLR103C,YGL100W,0,-5.134471,0.06785363703966141,0.48399999737739563,0.664900004863739
YLR418C,YER147C,0,-5.13451,0.06784413009881973,0.48399999737739563,0.6650000214576721
YOR074C,YOR363C,0,-5.13453,0.06783461570739746,0.48399999737739563,0.6650999784469604
YJL011C,YGL207W,1,-5.134822,0.06796524673700333,0.48500001430511475,0.6650999784469604
YDR079W,YMR272C,0,-5.1348467,0.06795572489500046,0.48500001430511475,0.6651999950408936
YOL045W,YPL089C,0,-5.13576,0.06794620305299759,0.48500001430511475,0.6653000116348267
YCL067C,YPR036W,0,-5.1359134,0.06793668866157532,0.48500001430511475,0.6654000282287598
YDR423C,YGR167W,0,-5.1362543,0.06792717427015305,0.48500001430511475,0.6654999852180481
YBR236C,YAL012W,0,-5.1369467,0.06791765987873077,0.48500001430511475,0.6656000018119812
YDL108W,YMR227C,1,-5.1370687,0.06804816424846649,0.4860000014305115,0.6656000018119812
YBR034C,YGR024C,0,-5.137272,0.06803864240646362,0.4860000014305115,0.6657000184059143
YPL101W,YER053C,0,-5.1373,0.06802911311388016,0.4860000014305115,0.6657999753952026
YOR320C,YHR006W,0,-5.138026,0.06801959127187729,0.4860000014305115,0.6658999919891357
YOL068C,YLR116W,0,-5.1382103,0.06801007688045502,0.4860000014305115,0.6660000085830688
YOR244W,YML041C,0,-5.13857,0.06800056248903275,0.4860000014305115,0.666100025177002
YPL146C,YDL058W,0,-5.1387796,0.06799104809761047,0.4860000014305115,0.6661999821662903
YDR382W,YNL241C,0,-5.1389313,0.0679815337061882,0.4860000014305115,0.6662999987602234
YMR037C,YNL110C,0,-5.1392946,0.06797202676534653,0.4860000014305115,0.6664000153541565
YLL009C,YNL272C,0,-5.139415,0.06796251982450485,0.4860000014305115,0.6664999723434448
YGR274C,YGR186W,1,-5.1394606,0.06809283792972565,0.4869999885559082,0.6664999723434448
YDR284C,YKR056W,0,-5.139966,0.06808332353830338,0.4869999885559082,0.6665999889373779
YDL155W,YDR443C,0,-5.1399703,0.0680738016963005,0.4869999885559082,0.666700005531311
YBL103C,YIL143C,1,-5.140129,0.06820405274629593,0.4880000054836273,0.666700005531311
YMR204C,YML043C,0,-5.1404448,0.06819452345371246,0.4880000054836273,0.6668000221252441
YLR423C,YML116W,0,-5.140506,0.068184994161129,0.4880000054836273,0.6668999791145325
YBR217W,YKL117W,0,-5.1405373,0.06817546486854553,0.4880000054836273,0.6669999957084656
YER171W,YMR227C,1,-5.140746,0.06830562651157379,0.48899999260902405,0.6669999957084656
YGL017W,YNL053W,0,-5.1407495,0.06829608976840973,0.48899999260902405,0.6671000123023987
YPL161C,YGR275W,0,-5.1409154,0.06828655302524567,0.48899999260902405,0.6672000288963318
YDL142C,YBR179C,0,-5.141186,0.0682770162820816,0.48899999260902405,0.6672999858856201
YCL066W,YBR022W,0,-5.1411867,0.06826748698949814,0.48899999260902405,0.6674000024795532
YMR083W,YDR265W,0,-5.141333,0.06825795769691467,0.48899999260902405,0.6675000190734863
YCR044C,YDR436W,0,-5.141492,0.06824842840433121,0.48899999260902405,0.6675999760627747
YDR039C,YGR161C,0,-5.1418614,0.06823890656232834,0.48899999260902405,0.6676999926567078
YJL196C,YOR140W,0,-5.142072,0.06822938472032547,0.48899999260902405,0.6678000092506409
YGR157W,YML071C,0,-5.1424427,0.0682198628783226,0.48899999260902405,0.667900025844574
YGR216C,YOR081C,0,-5.1426535,0.06821034848690033,0.48899999260902405,0.6679999828338623
YCL014W,YLL026W,0,-5.142678,0.06820083409547806,0.48899999260902405,0.6680999994277954
YGL253W,YNL251C,0,-5.14305,0.06819132715463638,0.48899999260902405,0.6682000160217285
YLR172C,YOL066C,0,-5.143051,0.06818182021379471,0.48899999260902405,0.6682999730110168
YLR117C,YDR219C,0,-5.143347,0.06817231327295303,0.48899999260902405,0.66839998960495
YER171W,YPL122C,1,-5.1440873,0.0683021992444992,0.49000000953674316,0.66839998960495
YDR300C,YML010W,0,-5.144207,0.06829268485307693,0.49000000953674316,0.6685000061988831
YNL062C,YLR350W,0,-5.144313,0.06828316301107407,0.49000000953674316,0.6686000227928162
YDL008W,YGL029W,0,-5.14463,0.0682736486196518,0.49000000953674316,0.6686999797821045
YIR021W,YLR398C,0,-5.144842,0.06826414167881012,0.49000000953674316,0.6687999963760376
YFR047C,YLR088W,0,-5.1451206,0.06825463473796844,0.49000000953674316,0.6689000129699707
YLR044C,YBR030W,0,-5.1451883,0.06824512779712677,0.49000000953674316,0.6690000295639038
YPR020W,YNL015W,0,-5.145507,0.0682356208562851,0.49000000953674316,0.6690999865531921
YML126C,YML085C,0,-5.1455956,0.06822612136602402,0.49000000953674316,0.6692000031471252
YPL122C,YOR110W,1,-5.1459904,0.06835584342479706,0.4909999966621399,0.6692000031471252
YLR335W,YGL126W,0,-5.146231,0.06834632158279419,0.4909999966621399,0.6693000197410583
YGL243W,YML109W,0,-5.146255,0.06833681464195251,0.4909999966621399,0.6693999767303467
YPR144C,YGR253C,0,-5.1465154,0.06832730025053024,0.4909999966621399,0.6694999933242798
YBR278W,YOR171C,0,-5.146703,0.06831779330968857,0.4909999966621399,0.6696000099182129
YIL049W,YJL128C,0,-5.146973,0.06830829381942749,0.4909999966621399,0.669700026512146
YOL061W,YMR137C,0,-5.1474447,0.06829878687858582,0.4909999966621399,0.6697999835014343
YBR198C,YBR123C,1,-5.147668,0.06842837482690811,0.492000013589859,0.6697999835014343
YML104C,YAL016W,0,-5.147752,0.06841886043548584,0.492000013589859,0.6699000000953674
YGR231C,YER147C,0,-5.147965,0.06840934604406357,0.492000013589859,0.6700000166893005
YJR078W,YNL271C,0,-5.148107,0.0683998316526413,0.492000013589859,0.6700999736785889
YER164W,YDL111C,0,-5.148419,0.06839032471179962,0.492000013589859,0.670199990272522
YOL034W,YNR048W,0,-5.148517,0.06838081777095795,0.492000013589859,0.6703000068664551
YMR167W,YML109W,0,-5.148549,0.06837131828069687,0.492000013589859,0.6704000234603882
YLR399C,YGR270W,0,-5.1486096,0.06836181879043579,0.492000013589859,0.6704999804496765
YCR038C,YPR070W,0,-5.148773,0.06835231930017471,0.492000013589859,0.6705999970436096
YBR198C,YPR056W,1,-5.148977,0.06848173588514328,0.49300000071525574,0.6705999970436096
YBL079W,YEL024W,0,-5.149007,0.06847222149372101,0.49300000071525574,0.6707000136375427
YHR123W,YDL195W,0,-5.1490097,0.06846271455287933,0.49300000071525574,0.670799970626831
YCR092C,YDR416W,0,-5.149102,0.06845320761203766,0.49300000071525574,0.6708999872207642
YLR314C,YLR176C,0,-5.1492853,0.06844370067119598,0.49300000071525574,0.6710000038146973
YOL108C,YBR175W,0,-5.1495285,0.0684342011809349,0.49300000071525574,0.6711000204086304
YMR246W,YMR200W,0,-5.1497154,0.06842470169067383,0.49300000071525574,0.6711999773979187
YKL134C,YKL113C,0,-5.149724,0.06841520965099335,0.49300000071525574,0.6712999939918518
YNL020C,YGL191W,0,-5.1498075,0.06840571761131287,0.49300000071525574,0.6714000105857849
YMR058W,YLR371W,0,-5.1498437,0.06839622557163239,0.49300000071525574,0.671500027179718
YPL177C,YDR460W,1,-5.150031,0.06852545589208603,0.49399998784065247,0.671500027179718
YER109C,YER021W,0,-5.150261,0.06851594895124435,0.49399998784065247,0.6715999841690063
YCR091W,YKL134C,0,-5.1508703,0.06850644946098328,0.49399998784065247,0.6717000007629395
YJR118C,YOR036W,0,-5.151759,0.0684969499707222,0.49399998784065247,0.6718000173568726
YER120W,YLR262C,0,-5.15197,0.06848745048046112,0.49399998784065247,0.6718999743461609
YOR355W,YHR133C,0,-5.152047,0.06847795844078064,0.49399998784065247,0.671999990940094
YMR006C,YHR088W,0,-5.1521,0.06846846640110016,0.49399998784065247,0.6721000075340271
YNL039W,YDL108W,1,-5.152179,0.06859756261110306,0.4950000047683716,0.6721000075340271
YPR021C,YPL258C,0,-5.1522207,0.06858805567026138,0.4950000047683716,0.6722000241279602
YKL170W,YMR095C,0,-5.1524487,0.0685785561800003,0.4950000047683716,0.6722999811172485
YGR217W,YDR386W,0,-5.1525383,0.06856905668973923,0.4950000047683716,0.6723999977111816
YGL208W,YIL129C,0,-5.1528234,0.06855955719947815,0.4950000047683716,0.6725000143051147
YLR068W,YGL090W,0,-5.1530123,0.06855006515979767,0.4950000047683716,0.6725999712944031
YDR153C,YER075C,0,-5.1531568,0.06854057312011719,0.4950000047683716,0.6726999878883362
YMR112C,YJR045C,0,-5.1536617,0.0685310810804367,0.4950000047683716,0.6728000044822693
YNL264C,YGR212W,0,-5.1537175,0.06852159649133682,0.4950000047683716,0.6729000210762024
YBL063W,YFL036W,0,-5.1539083,0.06851211190223694,0.4950000047683716,0.6729999780654907
YGL252C,YLR034C,0,-5.1540794,0.06850262731313705,0.4950000047683716,0.6730999946594238
YKL015W,YKL056C,0,-5.1543136,0.06849315017461777,0.4950000047683716,0.6732000112533569
YBR119W,YIL068C,0,-5.15432,0.06848367303609848,0.4950000047683716,0.67330002784729
YGL028C,YBR127C,0,-5.1544614,0.06847420334815979,0.4950000047683716,0.6733999848365784
YER036C,YJL134W,0,-5.154867,0.0684647336602211,0.4950000047683716,0.6735000014305115
YML098W,YPL011C,1,-5.1548963,0.06859355419874191,0.4959999918937683,0.6735000014305115
YBL058W,YER049W,0,-5.1549845,0.06858406960964203,0.4959999918937683,0.6736000180244446
YPL091W,YDR137W,0,-5.1551332,0.06857458502054214,0.4959999918937683,0.6736999750137329
YLR390W-A,YDR162C,0,-5.155145,0.06856510788202286,0.4959999918937683,0.673799991607666
YPR072W,YDR488C,0,-5.1551695,0.06855563074350357,0.4959999918937683,0.6739000082015991
YDR071C,YNL097C,0,-5.155377,0.06854616105556488,0.4959999918937683,0.6740000247955322
YIL105C,YPR032W,0,-5.1554136,0.0685366839170456,0.4959999918937683,0.6740999817848206
YMR035W,YIL073C,0,-5.155458,0.0685272142291069,0.4959999918937683,0.6741999983787537
YBL030C,YPL203W,0,-5.155755,0.06851775199174881,0.4959999918937683,0.6743000149726868
YBR212W,YIL068C,0,-5.1561303,0.06850828975439072,0.4959999918937683,0.6743999719619751
YPL098C,YLR403W,0,-5.1562223,0.06849882751703262,0.4959999918937683,0.6744999885559082
YPL011C,YOR194C,1,-5.156238,0.06862745434045792,0.4970000088214874,0.6744999885559082
YJL090C,YDR172W,0,-5.156418,0.06861797720193863,0.4970000088214874,0.6746000051498413
YER016W,YGR103W,0,-5.1584926,0.06860850006341934,0.4970000088214874,0.6747000217437744
YNL209W,YDL060W,0,-5.1587915,0.06859903037548065,0.4970000088214874,0.6747999787330627
YIR037W,YNL209W,0,-5.158959,0.06858956813812256,0.4970000088214874,0.6748999953269958
YER028C,YPR056W,1,-5.158971,0.0687180906534195,0.49799999594688416,0.6748999953269958
YCR042C,YGL112C,1,-5.159351,0.06884657591581345,0.49900001287460327,0.6748999953269958
YIL035C,YHR152W,0,-5.1594534,0.06883708387613297,0.49900001287460327,0.675000011920929
YPL193W,YLR183C,0,-5.159539,0.06882758438587189,0.49900001287460327,0.6751000285148621
YOL089C,YPL129W,1,-5.1596265,0.06895600259304047,0.5,0.6751000285148621
YNL281W,YDR532C,0,-5.159747,0.06894649565219879,0.5,0.6751999855041504
YOL095C,YBR152W,0,-5.1598816,0.06893698871135712,0.5,0.6753000020980835
YFR013W,YDL170W,0,-5.160199,0.06892748922109604,0.5,0.6754000186920166
YIL038C,YMR283C,0,-5.160242,0.06891798973083496,0.5,0.6754999756813049
YBR195C,YDL128W,0,-5.1603923,0.06890849024057388,0.5,0.675599992275238
YPR017C,YGR175C,0,-5.160487,0.0688989907503128,0.5,0.6757000088691711
YIL038C,YNR031C,0,-5.1611185,0.06888949871063232,0.5,0.6758000254631042
YDL213C,YFL036W,0,-5.1613407,0.06888001412153244,0.5,0.6758999824523926
YPL177C,YMR227C,1,-5.1615505,0.06900826096534729,0.5009999871253967,0.6758999824523926
YPL224C,YBR006W,0,-5.1616206,0.06899876147508621,0.5009999871253967,0.6759999990463257
YKL208W,YDR245W,0,-5.16168,0.06898926198482513,0.5009999871253967,0.6761000156402588
YDR122W,YFL008W,0,-5.161877,0.06897976249456406,0.5009999871253967,0.6761999726295471
YOR057W,YOR230W,0,-5.1619663,0.06897026300430298,0.5009999871253967,0.6762999892234802
YJL011C,YNL257C,1,-5.1622343,0.06909842044115067,0.5019999742507935,0.6762999892234802
YDR414C,YNL326C,0,-5.1623864,0.0690889060497284,0.5019999742507935,0.6764000058174133
YMR008C,YGL225W,0,-5.1629457,0.06907939910888672,0.5019999742507935,0.6765000224113464
YOR147W,YPR165W,0,-5.163368,0.06906989216804504,0.5019999742507935,0.6765999794006348
YDL230W,YLR165C,0,-5.163498,0.06906039267778397,0.5019999742507935,0.6766999959945679
YML116W,YGR275W,0,-5.1635675,0.06905089318752289,0.5019999742507935,0.676800012588501
YDL134C,YOL125W,0,-5.163778,0.06904139369726181,0.5019999742507935,0.6769000291824341
YNR058W,YOL006C,0,-5.1638865,0.06903190165758133,0.5019999742507935,0.6769999861717224
YGL171W,YDR189W,0,-5.164136,0.06902240961790085,0.5019999742507935,0.6771000027656555
YGR246C,YDR145W,1,-5.164416,0.0691503956913948,0.503000020980835,0.6771000027656555
YLR163C,YLR190W,0,-5.164498,0.06914089620113373,0.503000020980835,0.6772000193595886
YBL103C,YPL129W,1,-5.164509,0.06926883012056351,0.5040000081062317,0.6772000193595886
YKL002W,YIL068C,0,-5.1645303,0.06925930827856064,0.5040000081062317,0.677299976348877
YBL018C,YOR368W,0,-5.1650915,0.06924979388713837,0.5040000081062317,0.6773999929428101
YFL041W,YGR118W,0,-5.165177,0.0692402794957161,0.5040000081062317,0.6775000095367432
YDL243C,YBR236C,0,-5.165921,0.06923077255487442,0.5040000081062317,0.6776000261306763
YIL046W,YML010W,0,-5.166478,0.06922125816345215,0.5040000081062317,0.6776999831199646
YIR037W,YGR075C,0,-5.167346,0.06921175867319107,0.5040000081062317,0.6777999997138977
YLR254C,YKR001C,0,-5.1677413,0.0692022517323494,0.5040000081062317,0.6779000163078308
YKL068W,YJR046W,0,-5.167816,0.06919275224208832,0.5040000081062317,0.6779999732971191
YHR085W,YDR244W,0,-5.1679296,0.06918325275182724,0.5040000081062317,0.6780999898910522
YBR035C,YNL273W,0,-5.1680326,0.06917376071214676,0.5040000081062317,0.6782000064849854
YGR246C,YGR186W,1,-5.1681104,0.06930149346590042,0.5049999952316284,0.6782000064849854
YEL009C,YGR249W,0,-5.168433,0.06929198652505875,0.5049999952316284,0.6783000230789185
YBR089C-A,YBR087W,0,-5.168566,0.06928247958421707,0.5049999952316284,0.6783999800682068
YPL101W,YBR294W,0,-5.168858,0.069272980093956,0.5049999952316284,0.6784999966621399
YHR019C,YGR159C,0,-5.169016,0.06926347315311432,0.5049999952316284,0.678600013256073
YOR142W,YBR295W,0,-5.169129,0.06925397366285324,0.5049999952316284,0.6786999702453613
YNL012W,YDR308C,0,-5.169219,0.06924448162317276,0.5049999952316284,0.6787999868392944
YGL244W,YMR156C,0,-5.169247,0.06923498958349228,0.5049999952316284,0.6789000034332275
YPL051W,YLR274W,0,-5.169422,0.0692254975438118,0.5049999952316284,0.6790000200271606
YGL143C,YIL144W,0,-5.16992,0.06921600550413132,0.5049999952316284,0.679099977016449
YOR109W,YHR099W,0,-5.1699586,0.06920652091503143,0.5049999952316284,0.6791999936103821
YEL003W,YGR112W,0,-5.1704707,0.06919704377651215,0.5049999952316284,0.6793000102043152
YJL133W,YKR001C,0,-5.1706114,0.06918755918741226,0.5049999952316284,0.6794000267982483
YGR175C,YDR002W,0,-5.1709304,0.06917808204889297,0.5049999952316284,0.6794999837875366
YKL189W,YFR051C,0,-5.1710496,0.06916860491037369,0.5049999952316284,0.6796000003814697
YBL032W,YFL038C,0,-5.1710787,0.069159135222435,0.5049999952316284,0.6797000169754028
YJL011C,YDR362C,1,-5.171605,0.06928659230470657,0.5059999823570251,0.6797000169754028
YJL020C,YMR239C,0,-5.1718264,0.06927710771560669,0.5059999823570251,0.6797999739646912
YLR097C,YDR293C,0,-5.1719465,0.0692676231265068,0.5059999823570251,0.6798999905586243
YIR023W,YNL326C,0,-5.1725626,0.06925814598798752,0.5059999823570251,0.6800000071525574
YLR242C,YHR050W,0,-5.17275,0.06924866884946823,0.5059999823570251,0.6801000237464905
YGR004W,YHR050W,0,-5.173079,0.06923919171094894,0.5059999823570251,0.6801999807357788
YGR081C,YIR018W,0,-5.173154,0.06922971457242966,0.5059999823570251,0.6802999973297119
YBR212W,YOR359W,0,-5.173292,0.06922024488449097,0.5059999823570251,0.680400013923645
YIL131C,YHR111W,0,-5.1733,0.06921077519655228,0.5059999823570251,0.6804999709129333
YBR202W,YDR453C,0,-5.1733575,0.06920131295919418,0.5059999823570251,0.6805999875068665
YGL005C,YFL016C,0,-5.1734056,0.06919185072183609,0.5059999823570251,0.6807000041007996
YOL089C,YIL143C,1,-5.1734843,0.06931911408901215,0.5070000290870667,0.6807000041007996
YBL008W,YIL115C,0,-5.173691,0.06930963695049286,0.5070000290870667,0.6808000206947327
YLR385C,YDL244W,0,-5.1738186,0.06930016726255417,0.5070000290870667,0.680899977684021
YNL293W,YDR447C,0,-5.174035,0.06929069012403488,0.5070000290870667,0.6809999942779541
YLL041C,YPR125W,0,-5.174157,0.06928122788667679,0.5070000290870667,0.6811000108718872
YDL149W,YOR334W,0,-5.1743784,0.0692717581987381,0.5070000290870667,0.6812000274658203
YBR172C,YMR101C,0,-5.1746335,0.06926229596138,0.5070000290870667,0.6812999844551086
YGL169W,YPR139C,0,-5.1747074,0.06925283372402191,0.5070000290870667,0.6814000010490417
YLR216C,YIL075C,0,-5.174988,0.06924337893724442,0.5070000290870667,0.6815000176429749
YLR418C,YGL095C,0,-5.175016,0.06923392415046692,0.5070000290870667,0.6815999746322632
YPL202C,YLR005W,1,-5.175069,0.06936100125312805,0.5080000162124634,0.6815999746322632
YER018C,YDR395W,0,-5.1752954,0.06935153901576996,0.5080000162124634,0.6816999912261963
YNL039W,YDR362C,1,-5.1761966,0.06947857141494751,0.5090000033378601,0.6816999912261963
YBR098W,YCR037C,0,-5.176312,0.06946908682584763,0.5090000033378601,0.6818000078201294
YMR014W,YKL194C,0,-5.176469,0.06945960968732834,0.5090000033378601,0.6819000244140625
YPR186C,YAL001C,1,-5.176545,0.06958657503128052,0.5099999904632568,0.6819000244140625
YDR511W,YJL034W,0,-5.176982,0.06957708299160004,0.5099999904632568,0.6819999814033508
YKR024C,YIL160C,0,-5.1769953,0.06956759095191956,0.5099999904632568,0.6820999979972839
YGL099W,YNL090W,0,-5.1777163,0.06955809891223907,0.5099999904632568,0.682200014591217
YDR079W,YDR265W,0,-5.1777363,0.06954861432313919,0.5099999904632568,0.6822999715805054
YNL220W,YPL001W,0,-5.1798525,0.0695391297340393,0.5099999904632568,0.6823999881744385
YGL174W,YPR181C,0,-5.180045,0.06952965259552002,0.5099999904632568,0.6825000047683716
YPL061W,YNL044W,0,-5.1802793,0.06952017545700073,0.5099999904632568,0.6826000213623047
YML091C,YER005W,0,-5.1805315,0.06951069831848145,0.5099999904632568,0.682699978351593
YBL042C,YDR148C,0,-5.1806226,0.06950122863054276,0.5099999904632568,0.6827999949455261
YGR121C,YGR082W,0,-5.1807637,0.06949175894260406,0.5099999904632568,0.6829000115394592
YKL055C,YER161C,0,-5.1810327,0.06948228925466537,0.5099999904632568,0.6830000281333923
YLR016C,YOR143C,0,-5.18183,0.06947282701730728,0.5099999904632568,0.6830999851226807
YNL166C,YKL188C,0,-5.1822667,0.06946336477994919,0.5099999904632568,0.6832000017166138
YIL033C,YML041C,0,-5.1824803,0.0694539025425911,0.5099999904632568,0.6833000183105469
YOR208W,YMR146C,0,-5.1825485,0.0694444477558136,0.5099999904632568,0.6833999752998352
YDL197C,YDR331W,0,-5.182663,0.0694349929690361,0.5099999904632568,0.6834999918937683
YOR208W,YLR298C,0,-5.182722,0.0694255381822586,0.5099999904632568,0.6836000084877014
YKL057C,YDR002W,0,-5.182911,0.0694160908460617,0.5099999904632568,0.6837000250816345
YOL082W,YMR080C,0,-5.183067,0.06940664350986481,0.5099999904632568,0.6837999820709229
YDR277C,YKR014C,0,-5.18322,0.06939719617366791,0.5099999904632568,0.683899998664856
YDR448W,YDL040C,0,-5.1833105,0.0693877562880516,0.5099999904632568,0.6840000152587891
YOR033C,YOR211C,0,-5.18351,0.0693783164024353,0.5099999904632568,0.6840999722480774
YOR048C,YHR084W,0,-5.183748,0.069368876516819,0.5099999904632568,0.6841999888420105
YDR163W,YGL025C,0,-5.183863,0.0693594440817833,0.5099999904632568,0.6843000054359436
YML067C,YJL025W,0,-5.1843085,0.06935001164674759,0.5099999904632568,0.6844000220298767
YPR086W,YGR274C,1,-5.1850843,0.06947654485702515,0.5109999775886536,0.6844000220298767
YOR037W,YJR059W,0,-5.1851697,0.06946710497140884,0.5109999775886536,0.684499979019165
YGR155W,YDL166C,0,-5.185222,0.06945765763521194,0.5109999775886536,0.6845999956130981
YLR248W,YPL065W,0,-5.1856985,0.06944821774959564,0.5109999775886536,0.6847000122070312
YOR335C,YDR457W,0,-5.1857986,0.06943878531455994,0.5109999775886536,0.6848000288009644
YGR103W,YAL051W,0,-5.186613,0.06942934542894363,0.5109999775886536,0.6848999857902527
YPL002C,YNL044W,0,-5.1866593,0.06941991299390793,0.5109999775886536,0.6850000023841858
YER035W,YDL188C,0,-5.18672,0.06941048800945282,0.5109999775886536,0.6851000189781189
YLR047C,YPL065W,0,-5.1867895,0.06940106302499771,0.5109999775886536,0.6851999759674072
YOR298C-A,YDR461W,0,-5.1868114,0.0693916380405426,0.5109999775886536,0.6852999925613403
YJL145W,YIL016W,0,-5.1872215,0.0693822130560875,0.5109999775886536,0.6854000091552734
YDR145W,YMR227C,1,-5.1875534,0.06950855255126953,0.5120000243186951,0.6854000091552734
YPR103W,YDL138W,0,-5.187711,0.06949912011623383,0.5120000243186951,0.6855000257492065
YGL014W,YPL243W,0,-5.1877203,0.06948968768119812,0.5120000243186951,0.6855999827384949
YML116W,YGL054C,0,-5.188389,0.06948025524616241,0.5120000243186951,0.685699999332428
YBR015C,YKL170W,0,-5.188408,0.0694708302617073,0.5120000243186951,0.6858000159263611
YGR264C,YPL206C,0,-5.188755,0.0694614052772522,0.5120000243186951,0.6858999729156494
YDR423C,YHR193C,0,-5.1890774,0.06945198029279709,0.5120000243186951,0.6859999895095825
YDR424C,YPR198W,0,-5.189474,0.06944256275892258,0.5120000243186951,0.6861000061035156
YER035W,YBR119W,0,-5.190031,0.06943314522504807,0.5120000243186951,0.6862000226974487
YLR135W,YIL016W,0,-5.1905117,0.06942372769117355,0.5120000243186951,0.6862999796867371
YDR097C,YML120C,0,-5.1906714,0.06941431760787964,0.5120000243186951,0.6863999962806702
YMR021C,YDR381W,0,-5.19098,0.06940490752458572,0.5120000243186951,0.6865000128746033
YKL049C,YBL006C,0,-5.1915054,0.06939549744129181,0.5120000243186951,0.6866000294685364
YLR207W,YBR035C,0,-5.191619,0.06938609480857849,0.5120000243186951,0.6866999864578247
YJL178C,YMR237W,0,-5.192635,0.06937669217586517,0.5120000243186951,0.6868000030517578
YMR211W,YKR089C,0,-5.1927032,0.06936729699373245,0.5120000243186951,0.6869000196456909
YMR162C,YML055W,0,-5.19272,0.06935789436101913,0.5120000243186951,0.6869999766349792
YIL106W,YAL030W,0,-5.1930146,0.06934850662946701,0.5120000243186951,0.6870999932289124
YGR028W,YMR143W,0,-5.1930537,0.06933911144733429,0.5120000243186951,0.6872000098228455
YKR086W,YBR273C,0,-5.1934967,0.06932972371578217,0.5120000243186951,0.6873000264167786
YML023C,YOR081C,0,-5.1935215,0.06932033598423004,0.5120000243186951,0.6873999834060669
YOR371C,YIL125W,0,-5.194202,0.06931094825267792,0.5120000243186951,0.6875
YJR091C,YOR221C,0,-5.194331,0.06930156797170639,0.5120000243186951,0.6876000165939331
YER183C,YNL326C,0,-5.1945357,0.06929218769073486,0.5120000243186951,0.6876999735832214
YDR515W,YCR033W,0,-5.1945724,0.06928281486034393,0.5120000243186951,0.6877999901771545
YIL159W,YBL047C,0,-5.194742,0.069273442029953,0.5120000243186951,0.6879000067710876
YMR167W,YMR140W,0,-5.195902,0.06926406919956207,0.5120000243186951,0.6880000233650208
YML015C,YOR110W,1,-5.196448,0.0693899616599083,0.5130000114440918,0.6880000233650208
YIR023W,YMR186W,0,-5.196605,0.06938058137893677,0.5130000114440918,0.6880999803543091
YNL135C,YNL201C,0,-5.196676,0.06937119364738464,0.5130000114440918,0.6881999969482422
YOR119C,YDR023W,0,-5.1966815,0.06936182081699371,0.5130000114440918,0.6883000135421753
YJR006W,YNL297C,0,-5.1967626,0.06935244053602219,0.5130000114440918,0.6883999705314636
YPL212C,YHR038W,0,-5.1972036,0.06934306770563126,0.5130000114440918,0.6884999871253967
YBR023C,YDR453C,0,-5.1978106,0.06933369487524033,0.5130000114440918,0.6886000037193298
YDR093W,YGR249W,0,-5.1981916,0.0693243220448494,0.5130000114440918,0.6887000203132629
YBL005W,YPR018W,0,-5.1984596,0.06931495666503906,0.5130000114440918,0.6887999773025513
YDL008W,YMR299C,0,-5.1995664,0.06930559128522873,0.5130000114440918,0.6888999938964844
YIL049W,YDL044C,0,-5.1999073,0.06929623335599899,0.5130000114440918,0.6890000104904175
YDR461W,YJL117W,0,-5.1999326,0.06928687542676926,0.5130000114440918,0.6891000270843506
YLR116W,YLR090W,0,-5.200032,0.06927751749753952,0.5130000114440918,0.6891999840736389
YDL078C,YDR325W,0,-5.200053,0.06926815956830978,0.5130000114440918,0.689300000667572
YBR161W,YOR267C,0,-5.200507,0.06925880908966064,0.5130000114440918,0.6894000172615051
YML071C,YER019W,0,-5.2006063,0.0692494586110115,0.5130000114440918,0.6894999742507935
YJR059W,YOL028C,0,-5.200955,0.06924011558294296,0.5130000114440918,0.6895999908447266
YPR032W,YDR002W,0,-5.200974,0.06923077255487442,0.5130000114440918,0.6897000074386597
YGL003C,YPL031C,0,-5.2010646,0.06922142952680588,0.5130000114440918,0.6898000240325928
YBR295W,YGR170W,0,-5.2012696,0.06921208649873734,0.5130000114440918,0.6898999810218811
YGR244C,YGR057C,0,-5.2014775,0.06920275092124939,0.5130000114440918,0.6899999976158142
YER006W,YCL032W,0,-5.201507,0.06919341534376144,0.5130000114440918,0.6901000142097473
YPL091W,YLR197W,0,-5.2018833,0.0691840872168541,0.5130000114440918,0.6901999711990356
YER157W,YIL126W,0,-5.202213,0.06917475908994675,0.5130000114440918,0.6902999877929688
YPL036W,YML032C,0,-5.202243,0.0691654309630394,0.5130000114440918,0.6904000043869019
YPL097W,YOR367W,0,-5.202491,0.06915611028671265,0.5130000114440918,0.690500020980835
YLR153C,YKR014C,0,-5.2027626,0.0691467821598053,0.5130000114440918,0.6905999779701233
YML016C,YBR173C,0,-5.203191,0.06913746893405914,0.5130000114440918,0.6906999945640564
YMR133W,YKL095W,0,-5.2036285,0.06912814825773239,0.5130000114440918,0.6908000111579895
YJL089W,YOL125W,0,-5.20417,0.06911883503198624,0.5130000114440918,0.6909000277519226
YHR019C,YBR133C,0,-5.2042904,0.06910952180624008,0.5130000114440918,0.6909999847412109
YDR284C,YEL065W,0,-5.204524,0.06910021603107452,0.5130000114440918,0.691100001335144
YML080W,YBR043C,0,-5.204912,0.06909091025590897,0.5130000114440918,0.6912000179290771
YIL062C,YGL245W,0,-5.205099,0.06908160448074341,0.5130000114440918,0.6912999749183655
YDL138W,YMR200W,0,-5.2051888,0.06907230615615845,0.5130000114440918,0.6913999915122986
YJL020C,YLL050C,0,-5.205603,0.06906300783157349,0.5130000114440918,0.6915000081062317
YGR134W,YOL148C,0,-5.206378,0.06905370950698853,0.5130000114440918,0.6916000247001648
YIL072W,YBR106W,0,-5.2064667,0.06904441118240356,0.5130000114440918,0.6916999816894531
YKL092C,YML013W,0,-5.2065177,0.0690351203083992,0.5130000114440918,0.6917999982833862
YJL208C,YBL058W,0,-5.207343,0.06902583688497543,0.5130000114440918,0.6919000148773193
YDR337W,YDR025W,0,-5.2080326,0.06901654601097107,0.5130000114440918,0.6919999718666077
YAL001C,YGR186W,1,-5.2080965,0.06914178282022476,0.5139999985694885,0.6919999718666077
YGL207W,YPL122C,1,-5.208209,0.06926698237657547,0.5149999856948853,0.6919999718666077
YNL216W,YPL180W,0,-5.2089496,0.06925766170024872,0.5149999856948853,0.6920999884605408
YBR114W,YFL005W,0,-5.209442,0.06924835592508316,0.5149999856948853,0.6922000050544739
YER015W,YBR265W,0,-5.2098575,0.069239042699337,0.5149999856948853,0.692300021648407
YGR202C,YDR389W,0,-5.209919,0.06922973692417145,0.5149999856948853,0.6923999786376953
YOR372C,YML043C,0,-5.209981,0.06922043114900589,0.5149999856948853,0.6924999952316284
YDR460W,YDR079C-A,1,-5.2102733,0.06934551894664764,0.515999972820282,0.6924999952316284
YDR297W,YNL154C,0,-5.210719,0.06933619827032089,0.515999972820282,0.6926000118255615
YGR171C,YLR039C,0,-5.210725,0.06932688504457474,0.515999972820282,0.6927000284194946
YBR118W,YGR128C,0,-5.2107263,0.06931757181882858,0.515999972820282,0.692799985408783
YLR347C,YDL153C,0,-5.211676,0.06930825859308243,0.515999972820282,0.6929000020027161
YKR068C,YOR233W,0,-5.2120357,0.06929895281791687,0.515999972820282,0.6930000185966492
YNL220W,YJL034W,0,-5.212804,0.06928964704275131,0.515999972820282,0.6930999755859375
YOL067C,YDR362C,1,-5.2128706,0.06941460818052292,0.5170000195503235,0.6930999755859375
YLR079W,YML005W,0,-5.213195,0.06940528750419617,0.5170000195503235,0.6931999921798706
YPL262W,YLR011W,0,-5.214568,0.06939597427845001,0.5170000195503235,0.6933000087738037
YMR042W,YOR261C,0,-5.214875,0.06938666105270386,0.5170000195503235,0.6934000253677368
YJL053W,YDL098C,0,-5.214948,0.0693773478269577,0.5170000195503235,0.6934999823570251
YHR043C,YGR009C,0,-5.21502,0.06936804205179214,0.5170000195503235,0.6935999989509583
YPR183W,YDR292C,0,-5.215096,0.06935873627662659,0.5170000195503235,0.6937000155448914
YGR244C,YOL144W,0,-5.21519,0.06934943050146103,0.5170000195503235,0.6937999725341797
YBR161W,YJL041W,0,-5.2152605,0.06934013217687607,0.5170000195503235,0.6938999891281128
YOL144W,YML034W,0,-5.2155237,0.06933082640171051,0.5170000195503235,0.6940000057220459
YGR275W,YPR036W,0,-5.2155824,0.06932153552770615,0.5170000195503235,0.694100022315979
YOL105C,YNR039C,0,-5.215628,0.06931223720312119,0.5170000195503235,0.6941999793052673
YDL007W,YPL237W,0,-5.21566,0.06930294632911682,0.5170000195503235,0.6942999958992004
YML080W,YOL080C,0,-5.215822,0.06929366290569305,0.5170000195503235,0.6944000124931335
YGL094C,YBL057C,0,-5.21605,0.06928437203168869,0.5170000195503235,0.6945000290870667
YGR262C,YDR507C,0,-5.2162285,0.06927508860826492,0.5170000195503235,0.694599986076355
YKL101W,YNL246W,0,-5.216328,0.06926581263542175,0.5170000195503235,0.6947000026702881
YPL122C,YBR123C,1,-5.2165084,0.06939049065113068,0.5180000066757202,0.6947000026702881
YOL001W,YMR284W,0,-5.2166824,0.06938119232654572,0.5180000066757202,0.6948000192642212
YDR376W,YDR180W,0,-5.216708,0.06937190145254135,0.5180000066757202,0.6948999762535095
YMR276W,YER145C,0,-5.2167234,0.06936261057853699,0.5180000066757202,0.6949999928474426
YER088C,YFL022C,0,-5.2168193,0.06935332715511322,0.5180000066757202,0.6951000094413757
YFL021W,YDR460W,1,-5.217024,0.06947790831327438,0.5189999938011169,0.6951000094413757
YCR106W,YMR218C,0,-5.217144,0.06946860998868942,0.5189999938011169,0.6952000260353088
YLR206W,YGR118W,0,-5.217219,0.06945931166410446,0.5189999938011169,0.6952999830245972
YER026C,YDR205W,0,-5.217399,0.0694500207901001,0.5189999938011169,0.6953999996185303
YOL010W,YPL042C,0,-5.2177477,0.06944072991609573,0.5189999938011169,0.6955000162124634
YDR163W,YPL274W,0,-5.2177634,0.06943143904209137,0.5189999938011169,0.6955999732017517
YDR184C,YPR049C,0,-5.2181864,0.069422148168087,0.5189999938011169,0.6956999897956848
YML121W,YDR398W,0,-5.2182,0.06941286474466324,0.5189999938011169,0.6958000063896179
YCL051W,YDR329C,0,-5.2184296,0.06940358132123947,0.5189999938011169,0.695900022983551
YDL074C,YDR205W,0,-5.2184453,0.0693943053483963,0.5189999938011169,0.6959999799728394
YDR364C,YER116C,0,-5.2186165,0.06938502937555313,0.5189999938011169,0.6960999965667725
YKL013C,YJR110W,0,-5.219059,0.06937575340270996,0.5189999938011169,0.6962000131607056
YKL016C,YHR082C,0,-5.219586,0.06936647742986679,0.5189999938011169,0.6963000297546387
YKL015W,YNR048W,0,-5.2196426,0.06935720890760422,0.5189999938011169,0.696399986743927
YBL046W,YDR160W,0,-5.2197895,0.06934794038534164,0.5189999938011169,0.6965000033378601
YPL022W,YML093W,0,-5.2198534,0.06933867931365967,0.5189999938011169,0.6966000199317932
YLR330W,YER116C,0,-5.2199306,0.06932941824197769,0.5189999938011169,0.6966999769210815
YHR107C,YLL009C,0,-5.2199793,0.06932015717029572,0.5189999938011169,0.6967999935150146
YJR009C,YML115C,0,-5.220172,0.06931089609861374,0.5189999938011169,0.6969000101089478
YNL257C,YGR186W,1,-5.220975,0.06943517178297043,0.5199999809265137,0.6969000101089478
YGR003W,YHR031C,0,-5.221184,0.06942590326070786,0.5199999809265137,0.6970000267028809
YJL198W,YPR173C,0,-5.221301,0.06941663473844528,0.5199999809265137,0.6970999836921692
YNL233W,YGL018C,0,-5.221575,0.06940736621618271,0.5199999809265137,0.6972000002861023
YMR014W,YKR050W,0,-5.221739,0.06939810514450073,0.5199999809265137,0.6973000168800354
YFL021W,YER028C,1,-5.221936,0.06952228397130966,0.5210000276565552,0.6973000168800354
YDR339C,YGR158C,0,-5.22251,0.06951300799846649,0.5210000276565552,0.6973999738693237
YLR378C,YOR083W,0,-5.222776,0.06950373202562332,0.5210000276565552,0.6974999904632568
YDR388W,YOL004W,0,-5.222958,0.06949446350336075,0.5210000276565552,0.6976000070571899
YJL013C,YPL083C,0,-5.2231746,0.06948519498109818,0.5210000276565552,0.697700023651123
YDR116C,YBR294W,0,-5.2232428,0.0694759264588356,0.5210000276565552,0.6977999806404114
YOR038C,YDR037W,0,-5.2234535,0.06946666538715363,0.5210000276565552,0.6978999972343445
YMR138W,YGL129C,0,-5.223537,0.06945740431547165,0.5210000276565552,0.6980000138282776
YKL179C,YBL088C,0,-5.223586,0.06944815069437027,0.5210000276565552,0.6980999708175659
YDR021W,YNR072W,0,-5.2238464,0.0694388896226883,0.5210000276565552,0.698199987411499
YJL042W,YNL330C,0,-5.2244596,0.06942963600158691,0.5210000276565552,0.6983000040054321
YOL065C,YBL080C,0,-5.224612,0.06942038983106613,0.5210000276565552,0.6984000205993652
YIL115C,YDL042C,0,-5.2247553,0.06941113620996475,0.5210000276565552,0.6984999775886536
YER088C,YDR121W,0,-5.2247562,0.06940189003944397,0.5210000276565552,0.6985999941825867
YHR092C,YGR199W,0,-5.2249584,0.06939265131950378,0.5210000276565552,0.6987000107765198
YFL050C,YER019W,0,-5.225005,0.069383405148983,0.5210000276565552,0.6988000273704529
YLR105C,YLR183C,0,-5.2250104,0.06937416642904282,0.5210000276565552,0.6988999843597412
YER148W,YDR362C,1,-5.2255707,0.06949806958436966,0.5220000147819519,0.6988999843597412
YOR113W,YPL146C,0,-5.2257376,0.06948881596326828,0.5220000147819519,0.6990000009536743
YGR246C,YPR086W,1,-5.226716,0.06961267441511154,0.5230000019073486,0.6990000009536743
YJR092W,YJL065C,0,-5.227007,0.06960340589284897,0.5230000019073486,0.6991000175476074
YNL145W,YCR084C,0,-5.227455,0.06959414482116699,0.5230000019073486,0.6991999745368958
YKL015W,YKL080W,0,-5.227637,0.06958488374948502,0.5230000019073486,0.6992999911308289
YKL052C,YNL080C,0,-5.2280636,0.06957563012838364,0.5230000019073486,0.699400007724762
YAR014C,YCL004W,0,-5.2281437,0.06956637650728226,0.5230000019073486,0.6995000243186951
YOR279C,YAL009W,0,-5.2285776,0.06955712288618088,0.5230000019073486,0.6995999813079834
YDR158W,YOR211C,0,-5.2289004,0.0695478692650795,0.5230000019073486,0.6996999979019165
YBR023C,YGL211W,0,-5.229159,0.06953862309455872,0.5230000019073486,0.6998000144958496
YML092C,YBR175W,0,-5.229411,0.06952937692403793,0.5230000019073486,0.6998999714851379
YOR308C,YDR464W,0,-5.2306294,0.06952013820409775,0.5230000019073486,0.699999988079071
YJL112W,YER007W,0,-5.2311115,0.06951089948415756,0.5230000019073486,0.7001000046730042
YBR283C,YOR004W,0,-5.2313566,0.06950166076421738,0.5230000019073486,0.7002000212669373
YML067C,YPL175W,0,-5.231384,0.06949242949485779,0.5230000019073486,0.7002999782562256
YPL096W,YOR116C,0,-5.2314835,0.0694831907749176,0.5230000019073486,0.7003999948501587
YBR132C,YLR145W,0,-5.231671,0.06947396695613861,0.5230000019073486,0.7005000114440918
YFL008W,YGR181W,0,-5.232031,0.06946473568677902,0.5230000019073486,0.7006000280380249
YGR082W,YKR001C,0,-5.232217,0.06945551186800003,0.5230000019073486,0.7006999850273132
YKL114C,YML102W,0,-5.2323694,0.06944628804922104,0.5230000019073486,0.7008000016212463
YER145C,YHR086W,0,-5.233153,0.06943707168102264,0.5230000019073486,0.7009000182151794
YIL049W,YMR322C,0,-5.2335143,0.06942784786224365,0.5230000019073486,0.7009999752044678
YML105C,YGR192C,0,-5.233714,0.06941863894462585,0.5230000019073486,0.7010999917984009
YOR201C,YKL193C,0,-5.233906,0.06940942257642746,0.5230000019073486,0.701200008392334
YOL130W,YER007W,0,-5.2344832,0.06940021365880966,0.5230000019073486,0.7013000249862671
YAL041W,YOR330C,0,-5.2350216,0.06939100474119186,0.5230000019073486,0.7013999819755554
YDL226C,YBR280C,0,-5.2357845,0.06938179582357407,0.5230000019073486,0.7014999985694885
YBL063W,YGL106W,0,-5.2368693,0.06937259435653687,0.5230000019073486,0.7016000151634216
YGR244C,YKL074C,0,-5.2368975,0.06936339288949966,0.5230000019073486,0.70169997215271
YGR165W,YCR012W,0,-5.2372503,0.06935419887304306,0.5230000019073486,0.7017999887466431
YJR074W,YBR154C,0,-5.238097,0.06934500485658646,0.5230000019073486,0.7019000053405762
YOR039W,YNR059W,0,-5.2384605,0.06933581084012985,0.5230000019073486,0.7020000219345093
YGR216C,YBR276C,0,-5.2384663,0.06932661682367325,0.5230000019073486,0.7020999789237976
YNL167C,YMR179W,0,-5.238485,0.06931743025779724,0.5230000019073486,0.7021999955177307
YOR284W,YCR039C,0,-5.238502,0.06930824369192123,0.5230000019073486,0.7023000121116638
YNR046W,YER024W,0,-5.23872,0.06929905712604523,0.5230000019073486,0.7024000287055969
YPR020W,YNL258C,0,-5.2396564,0.06928987801074982,0.5230000019073486,0.7024999856948853
YDR362C,YGR186W,1,-5.2402744,0.06941317021846771,0.5239999890327454,0.7024999856948853
YGL166W,YPL177C,1,-5.2411633,0.06953642517328262,0.5249999761581421,0.7024999856948853
YMR043W,YAL005C,0,-5.24121,0.06952721625566483,0.5249999761581421,0.7026000022888184
YHR074W,YPL065W,0,-5.2414527,0.06951800733804703,0.5249999761581421,0.7027000188827515
YER016W,YDR295C,0,-5.2422314,0.06950880587100983,0.5249999761581421,0.7027999758720398
YML080W,YJL117W,0,-5.242404,0.06949960440397263,0.5249999761581421,0.7028999924659729
YGR188C,YJR103W,0,-5.242453,0.06949040293693542,0.5249999761581421,0.703000009059906
YER028C,YBL103C,1,-5.243029,0.06961355358362198,0.5260000228881836,0.703000009059906
YHR031C,YPL206C,0,-5.243043,0.06960433721542358,0.5260000228881836,0.7031000256538391
YKL052C,YNL097C,0,-5.243073,0.06959512829780579,0.5260000228881836,0.7031999826431274
YDR017C,YDR159W,0,-5.243077,0.06958592683076859,0.5260000228881836,0.7032999992370605
YDL161W,YGR090W,0,-5.2432575,0.06957671791315079,0.5260000228881836,0.7034000158309937
YKR027W,YPR103W,0,-5.2434564,0.06956751644611359,0.5260000228881836,0.703499972820282
YOR335C,YIL097W,0,-5.243637,0.06955831497907639,0.5260000228881836,0.7035999894142151
YLR347C,YDL235C,0,-5.243935,0.06954912096261978,0.5260000228881836,0.7037000060081482
YDR378C,YDR394W,0,-5.2445707,0.06953992694616318,0.5260000228881836,0.7038000226020813
YOL067C,YGL112C,1,-5.244854,0.0696629211306572,0.5270000100135803,0.7038000226020813
YNL216W,YLR354C,0,-5.245441,0.0696537122130394,0.5270000100135803,0.7038999795913696
YBR231C,YDR246W,0,-5.245494,0.0696445107460022,0.5270000100135803,0.7039999961853027
YNL136W,YBL055C,0,-5.2456684,0.069635309278965,0.5270000100135803,0.7041000127792358
YKL054C,YPR154W,0,-5.245675,0.0696261078119278,0.5270000100135803,0.704200029373169
YHL036W,YGL252C,0,-5.2459774,0.0696169063448906,0.5270000100135803,0.7042999863624573
YOR198C,YMR208W,0,-5.24629,0.06960771232843399,0.5270000100135803,0.7044000029563904
YIR022W,YDR247W,0,-5.2466307,0.06959851831197739,0.5270000100135803,0.7045000195503235
YGR134W,YER105C,0,-5.2467513,0.06958933174610138,0.5270000100135803,0.7045999765396118
YMR224C,YHR120W,0,-5.246767,0.06958014518022537,0.5270000100135803,0.7046999931335449
YIL112W,YMR284W,0,-5.247027,0.06957095861434937,0.5270000100135803,0.704800009727478
YKR085C,YNL253W,0,-5.247174,0.06956177204847336,0.5270000100135803,0.7049000263214111
YNL049C,YHR060W,0,-5.247254,0.06955259293317795,0.5270000100135803,0.7049999833106995
YNL257C,YAL001C,1,-5.2474704,0.06967537850141525,0.527999997138977,0.7049999833106995
YGR156W,YGR074W,0,-5.247716,0.06966618448495865,0.527999997138977,0.7050999999046326
YLR228C,YDR363W-A,0,-5.2477245,0.06965699046850204,0.527999997138977,0.7052000164985657
YER017C,YAL053W,0,-5.2480855,0.06964780390262604,0.527999997138977,0.705299973487854
YNL038W,YJL133W,0,-5.248182,0.06963861733675003,0.527999997138977,0.7053999900817871
YGR162W,YNL088W,0,-5.248218,0.06962943077087402,0.527999997138977,0.7055000066757202
YDR097C,YDR200C,0,-5.2482815,0.06962025165557861,0.527999997138977,0.7056000232696533
YDR192C,YKL140W,0,-5.2487226,0.0696110725402832,0.527999997138977,0.7056999802589417
YBR121C,YDR221W,0,-5.2487907,0.06960190087556839,0.527999997138977,0.7057999968528748
YBL015W,YOR216C,0,-5.248917,0.06959272176027298,0.527999997138977,0.7059000134468079
YER157W,YGL195W,0,-5.249052,0.06958355009555817,0.527999997138977,0.7059999704360962
YDR328C,YBR162C,0,-5.2497377,0.06957438588142395,0.527999997138977,0.7060999870300293
YER164W,YKL148C,0,-5.2498236,0.06956521421670914,0.527999997138977,0.7062000036239624
YGL094C,YDR059C,0,-5.2504387,0.06955605000257492,0.527999997138977,0.7063000202178955
YOR112W,YLR119W,0,-5.2505527,0.0695468932390213,0.527999997138977,0.7063999772071838
YIL042C,YPR101W,0,-5.2506685,0.06953772902488708,0.527999997138977,0.7064999938011169
YJR104C,YCR060W,0,-5.250717,0.06952857226133347,0.527999997138977,0.70660001039505
YDL209C,YPL089C,0,-5.2508388,0.06951942294836044,0.527999997138977,0.7067000269889832
YDR046C,YMR047C,0,-5.250907,0.06951026618480682,0.527999997138977,0.7067999839782715
YAL003W,YBR165W,0,-5.2509975,0.0695011168718338,0.527999997138977,0.7069000005722046
YDL161W,YDL130W-A,0,-5.251189,0.06949197500944138,0.527999997138977,0.7070000171661377
YHR053C,YIR002C,0,-5.2512765,0.06948282569646835,0.527999997138977,0.707099974155426
YEL065W,YJR102C,0,-5.251831,0.06947368383407593,0.527999997138977,0.7071999907493591
YDL100C,YGL246C,0,-5.252175,0.0694645419716835,0.527999997138977,0.7073000073432922
YNL039W,YBL103C,1,-5.252245,0.06958694756031036,0.5289999842643738,0.7073000073432922
YBL026W,YOR195W,0,-5.25226,0.06957779824733734,0.5289999842643738,0.7074000239372253
YJL008C,YOR244W,0,-5.252489,0.06956864893436432,0.5289999842643738,0.7074999809265137
YLR233C,YDL195W,0,-5.2525206,0.0695594996213913,0.5289999842643738,0.7075999975204468
YFL033C,YMR093W,0,-5.252657,0.06955035775899887,0.5289999842643738,0.7077000141143799
YDL164C,YLR020C,0,-5.252836,0.06954120844602585,0.5289999842643738,0.7077999711036682
YDL197C,YFR021W,0,-5.252904,0.06953207403421402,0.5289999842643738,0.7078999876976013
YDR378C,YBR098W,0,-5.252949,0.0695229321718216,0.5289999842643738,0.7080000042915344
YGR030C,YOL004W,0,-5.253725,0.06951379776000977,0.5289999842643738,0.7081000208854675
YLR361C,YNL311C,0,-5.2537384,0.06950466334819794,0.5289999842643738,0.7081999778747559
YPL159C,YDR160W,0,-5.2537556,0.0694955363869667,0.5289999842643738,0.708299994468689
YPR070W,YBR295W,0,-5.2541685,0.06948640197515488,0.5289999842643738,0.7084000110626221
YBR234C,YDL161W,0,-5.254325,0.06947727501392365,0.5289999842643738,0.7085000276565552
YHR107C,YLL019C,0,-5.2546673,0.06946815550327301,0.5289999842643738,0.7085999846458435
YCR037C,YOR307C,0,-5.254841,0.06945903599262238,0.5289999842643738,0.7087000012397766
YPL202C,YBL103C,1,-5.2549305,0.06958120316267014,0.5299999713897705,0.7087000012397766
YBR170C,YPL218W,0,-5.256159,0.0695720687508583,0.5299999713897705,0.7088000178337097
YBL005W,YML092C,0,-5.2565117,0.06956293433904648,0.5299999713897705,0.708899974822998
YLL015W,YER024W,0,-5.2568583,0.06955380737781525,0.5299999713897705,0.7089999914169312
YER019W,YGR030C,0,-5.257023,0.06954468041658401,0.5299999713897705,0.7091000080108643
YLR451W,YJR044C,0,-5.2570825,0.06953555345535278,0.5299999713897705,0.7092000246047974
YPL233W,YML021C,0,-5.2571416,0.06952643394470215,0.5299999713897705,0.7092999815940857
YER052C,YGL151W,0,-5.2573566,0.06951731443405151,0.5299999713897705,0.7093999981880188
YPL076W,YHL034C,0,-5.2574763,0.06950819492340088,0.5299999713897705,0.7095000147819519
YGL232W,YOR230W,0,-5.2579136,0.06949908286333084,0.5299999713897705,0.7095999717712402
YIL048W,YGR056W,0,-5.2587156,0.0694899708032608,0.5299999713897705,0.7096999883651733
YDL149W,YOL045W,0,-5.2595377,0.06948085874319077,0.5299999713897705,0.7098000049591064
YJL073W,YPL002C,0,-5.2596354,0.06947175413370132,0.5299999713897705,0.7099000215530396
YMR224C,YGL136C,0,-5.2597775,0.06946264952421188,0.5299999713897705,0.7099999785423279
YGL174W,YPL237W,0,-5.259796,0.06945354491472244,0.5299999713897705,0.710099995136261
YGR216C,YPL212C,0,-5.2607408,0.0694444477558136,0.5299999713897705,0.7102000117301941
YLR167W,YOR014W,0,-5.260975,0.06943534314632416,0.5299999713897705,0.7103000283241272
YBL008W,YHR084W,0,-5.2611427,0.06942625343799591,0.5299999713897705,0.7103999853134155
YIR006C,YBR043C,0,-5.2611704,0.06941715627908707,0.5299999713897705,0.7105000019073486
YLR119W,YGL049C,0,-5.261177,0.06940806657075882,0.5299999713897705,0.7106000185012817
YIL076W,YDR356W,0,-5.2615805,0.06939897686243057,0.5299999713897705,0.7106999754905701
YKL008C,YHR027C,0,-5.261878,0.06938989460468292,0.5299999713897705,0.7107999920845032
YOL064C,YOL045W,0,-5.262055,0.06938081234693527,0.5299999713897705,0.7109000086784363
YMR214W,YJL127C,0,-5.2628374,0.06937173008918762,0.5299999713897705,0.7110000252723694
YLR201C,YBR179C,0,-5.2631516,0.06936264783143997,0.5299999713897705,0.7110999822616577
YIL049W,YGR081C,0,-5.2634616,0.06935357302427292,0.5299999713897705,0.7111999988555908
YLR266C,YOL034W,0,-5.263517,0.06934449821710587,0.5299999713897705,0.7113000154495239
YLR190W,YPL118W,0,-5.263712,0.06933542340993881,0.5299999713897705,0.7113999724388123
YKL213C,YLL034C,0,-5.2637463,0.06932635605335236,0.5299999713897705,0.7114999890327454
YDL005C,YMR146C,0,-5.2638597,0.0693172886967659,0.5299999713897705,0.7116000056266785
YKL052C,YMR203W,0,-5.2639985,0.06930822879076004,0.5299999713897705,0.7117000222206116
YFL025C,YDL181W,0,-5.2640114,0.06929916143417358,0.5299999713897705,0.7117999792098999
YER171W,YBR123C,1,-5.264184,0.06942083686590195,0.531000018119812,0.7117999792098999
YOR284W,YJR006W,0,-5.264268,0.0694117620587349,0.531000018119812,0.711899995803833
YMR172W,YBL050W,0,-5.2643704,0.06940269470214844,0.531000018119812,0.7120000123977661
YDR302W,YOR007C,0,-5.2643867,0.06939361989498138,0.531000018119812,0.7121000289916992
YOR119C,YJL052W,0,-5.264603,0.06938455253839493,0.531000018119812,0.7121999859809875
YGL018C,YML013W,0,-5.264909,0.06937549263238907,0.531000018119812,0.7123000025749207
YLR133W,YJL091C,0,-5.264931,0.06936642527580261,0.531000018119812,0.7124000191688538
YOR321W,YNL012W,0,-5.265397,0.06935736536979675,0.531000018119812,0.7124999761581421
YDR448W,YBR059C,0,-5.2654457,0.0693483054637909,0.531000018119812,0.7125999927520752
YPL163C,YNR039C,0,-5.266169,0.06933925300836563,0.531000018119812,0.7127000093460083
YOR119C,YOR254C,0,-5.267043,0.06933020055294037,0.531000018119812,0.7128000259399414
YKL022C,YNL167C,0,-5.2670813,0.0693211480975151,0.531000018119812,0.7128999829292297
YNL169C,YNL163C,0,-5.2671347,0.06931210309267044,0.531000018119812,0.7129999995231628
YBL041W,YGL135W,0,-5.267265,0.06930305063724518,0.531000018119812,0.713100016117096
YHR114W,YML091C,0,-5.267274,0.06929401308298111,0.531000018119812,0.7131999731063843
YER009W,YLR430W,0,-5.2674747,0.06928496807813644,0.531000018119812,0.7132999897003174
YAL001C,YDR362C,1,-5.2677193,0.06940639019012451,0.5320000052452087,0.7132999897003174
YBL102W,YBL034C,0,-5.267828,0.06939733773469925,0.5320000052452087,0.7134000062942505
YNL147W,YPR140W,0,-5.267846,0.06938828527927399,0.5320000052452087,0.7135000228881836
YMR172W,YCL017C,0,-5.267851,0.06937924027442932,0.5320000052452087,0.7135999798774719
YML031W,YOR056C,0,-5.267994,0.06937019526958466,0.5320000052452087,0.713699996471405
YLR008C,YCL001W,0,-5.2679996,0.06936115026473999,0.5320000052452087,0.7138000130653381
YNL225C,YIL013C,0,-5.268181,0.06935210525989532,0.5320000052452087,0.7139000296592712
YAR002C-A,YHR012W,0,-5.2685804,0.06934306770563126,0.5320000052452087,0.7139999866485596
YOL089C,YMR227C,1,-5.268709,0.06946435570716858,0.5329999923706055,0.7139999866485596
YCL024W,YBR103W,0,-5.269728,0.06945530325174332,0.5329999923706055,0.7141000032424927
YLR424W,YER093C,0,-5.2697363,0.06944625079631805,0.5329999923706055,0.7142000198364258
YDR339C,YIL072W,0,-5.2702203,0.06943720579147339,0.5329999923706055,0.7142999768257141
YJR053W,YPL075W,0,-5.270299,0.06942816078662872,0.5329999923706055,0.7143999934196472
YER119C,YJL208C,0,-5.2707863,0.06941912323236465,0.5329999923706055,0.7145000100135803
YGR275W,YNR034W,0,-5.271774,0.06941007822751999,0.5329999923706055,0.7146000266075134
YDL231C,YEL050C,0,-5.271942,0.06940104067325592,0.5329999923706055,0.7146999835968018
YIL062C,YFL018C,0,-5.2719502,0.06939200311899185,0.5329999923706055,0.7148000001907349
YLR023C,YBR253W,0,-5.2723284,0.06938297301530838,0.5329999923706055,0.714900016784668
YER045C,YDR145W,1,-5.272339,0.06950409710407257,0.5339999794960022,0.714900016784668
YBR179C,YJL145W,0,-5.272759,0.0694950520992279,0.5339999794960022,0.7149999737739563
YBR023C,YBL007C,0,-5.2729306,0.06948601454496384,0.5339999794960022,0.7150999903678894
YKL135C,YMR060C,0,-5.273246,0.06947696954011917,0.5339999794960022,0.7152000069618225
YML062C,YMR047C,0,-5.273296,0.0694679319858551,0.5339999794960022,0.7153000235557556
YGR267C,YDR465C,0,-5.2733564,0.06945889443159103,0.5339999794960022,0.715399980545044
YPR176C,YNL294C,0,-5.273367,0.06944986432790756,0.5339999794960022,0.715499997138977
YDR142C,YDR320C,0,-5.273472,0.06944083422422409,0.5339999794960022,0.7156000137329102
YLR220W,YML057W,0,-5.273531,0.06943180412054062,0.5339999794960022,0.7156999707221985
YDR378C,YDR011W,0,-5.274521,0.06942277401685715,0.5339999794960022,0.7157999873161316
YBR288C,YPL163C,0,-5.274656,0.06941375136375427,0.5339999794960022,0.7159000039100647
YHR083W,YPL057C,0,-5.274742,0.0694047287106514,0.5339999794960022,0.7160000205039978
YLR274W,YAL031C,0,-5.27489,0.06939571350812912,0.5339999794960022,0.7160999774932861
YPL259C,YDR072C,0,-5.274892,0.06938669085502625,0.5339999794960022,0.7161999940872192
YDL024C,YDL235C,0,-5.2753716,0.06937768310308456,0.5339999794960022,0.7163000106811523
YOR349W,YNL326C,0,-5.276024,0.06936866790056229,0.5339999794960022,0.7164000272750854
YNR013C,YLR150W,0,-5.276135,0.0693596601486206,0.5339999794960022,0.7164999842643738
YGL173C,YDR464W,0,-5.276293,0.06935065239667892,0.5339999794960022,0.7166000008583069
YDL008W,YHR204W,0,-5.2763767,0.06934164464473724,0.5339999794960022,0.71670001745224
YOR351C,YLR403W,0,-5.276442,0.06933264434337616,0.5339999794960022,0.7167999744415283
YLR382C,YOR217W,0,-5.276788,0.06932363659143448,0.5339999794960022,0.7168999910354614
YDR494W,YPL235W,0,-5.276874,0.06931464374065399,0.5339999794960022,0.7170000076293945
YDR122W,YMR309C,0,-5.277085,0.06930564343929291,0.5339999794960022,0.7171000242233276
YBL103C,YAL001C,1,-5.277241,0.06942641735076904,0.5350000262260437,0.7171000242233276
YPL129W,YDR311W,1,-5.277392,0.06954716145992279,0.5360000133514404,0.7171000242233276
YJL008C,YOR064C,0,-5.2775445,0.06953813880681992,0.5360000133514404,0.717199981212616
YBR088C,YBL055C,0,-5.2777004,0.06952912360429764,0.5360000133514404,0.7172999978065491
YOL049W,YDL185W,0,-5.277807,0.06952010095119476,0.5360000133514404,0.7174000144004822
YER017C,YDL093W,0,-5.2779207,0.06951108574867249,0.5360000133514404,0.7174999713897705
YER119C,YDR464W,0,-5.2779727,0.0695020779967308,0.5360000133514404,0.7175999879837036
YNL039W,YFL021W,1,-5.278168,0.0696227177977562,0.5370000004768372,0.7175999879837036
YNL293W,YPL211W,0,-5.27837,0.06961368769407272,0.5370000004768372,0.7177000045776367
YOR113W,YER126C,0,-5.2784843,0.06960466504096985,0.5370000004768372,0.7178000211715698
YHR066W,YGL049C,0,-5.2787814,0.06959564238786697,0.5370000004768372,0.7178999781608582
YMR012W,YDR028C,0,-5.2788043,0.0695866271853447,0.5370000004768372,0.7179999947547913
YML060W,YJL104W,0,-5.278826,0.06957761198282242,0.5370000004768372,0.7181000113487244
YDR082W,YKL175W,0,-5.2797713,0.06956859678030014,0.5370000004768372,0.7182000279426575
YGL251C,YJR044C,0,-5.2799883,0.06955958902835846,0.5370000004768372,0.7182999849319458
YPL115C,YFR036W,0,-5.2800565,0.06955057382583618,0.5370000004768372,0.7184000015258789
YMR125W,YGR270W,0,-5.2803683,0.0695415660738945,0.5370000004768372,0.718500018119812
YPR191W,YOR275C,0,-5.280469,0.06953256577253342,0.5370000004768372,0.7185999751091003
YLR060W,YOL113W,0,-5.280574,0.06952356547117233,0.5370000004768372,0.7186999917030334
YDL093W,YML021C,0,-5.2806067,0.06951456516981125,0.5370000004768372,0.7188000082969666
YGR216C,YLR008C,0,-5.280964,0.06950556486845016,0.5370000004768372,0.7189000248908997
YPR179C,YOR301W,0,-5.28146,0.06949657201766968,0.5370000004768372,0.718999981880188
YKL197C,YNL079C,0,-5.2815185,0.06948757916688919,0.5370000004768372,0.7190999984741211
YGL207W,YMR227C,1,-5.281559,0.06960797309875488,0.5379999876022339,0.7190999984741211
YPL242C,YBL018C,0,-5.2816086,0.0695989653468132,0.5379999876022339,0.7192000150680542
YDL164C,YNL085W,0,-5.2817144,0.06958996504545212,0.5379999876022339,0.7192999720573425
YIR006C,YEL017C-A,0,-5.2820153,0.06958096474409103,0.5379999876022339,0.7193999886512756
YBR212W,YDR389W,0,-5.2820244,0.06957196444272995,0.5379999876022339,0.7195000052452087
YER017C,YLR240W,0,-5.2822175,0.06956297159194946,0.5379999876022339,0.7196000218391418
YIL143C,YML015C,1,-5.283085,0.0696832612156868,0.5389999747276306,0.7196000218391418
YFL021W,YJL011C,1,-5.28362,0.06980351358652115,0.5400000214576721,0.7196000218391418
YDL035C,YDR328C,0,-5.2836757,0.06979449093341827,0.5400000214576721,0.7196999788284302
YJL196C,YGL251C,0,-5.2837605,0.069785475730896,0.5400000214576721,0.7197999954223633
YJL020C,YFR052W,0,-5.283772,0.06977646052837372,0.5400000214576721,0.7199000120162964
YBR199W,YBL052C,0,-5.284032,0.06976744532585144,0.5400000214576721,0.7200000286102295
YLR085C,YOR308C,0,-5.284054,0.06975843012332916,0.5400000214576721,0.7200999855995178
YOR123C,YLR438C-A,0,-5.284137,0.06974942237138748,0.5400000214576721,0.7202000021934509
YHR085W,YNL091W,0,-5.2843804,0.0697404071688652,0.5400000214576721,0.720300018787384
YML015C,YML098W,1,-5.284666,0.06986054033041,0.5410000085830688,0.720300018787384
YLR371W,YLR430W,0,-5.2847967,0.06985151767730713,0.5410000085830688,0.7203999757766724
YPL084W,YHR142W,0,-5.284844,0.06984250247478485,0.5410000085830688,0.7204999923706055
YMR060C,YGR229C,0,-5.2848873,0.06983348727226257,0.5410000085830688,0.7206000089645386
YJR082C,YJR045C,0,-5.285252,0.0698244720697403,0.5410000085830688,0.7207000255584717
YBR202W,YEL066W,0,-5.2853165,0.06981545686721802,0.5410000085830688,0.72079998254776
YOR020C,YAR008W,0,-5.2856174,0.06980644911527634,0.5410000085830688,0.7208999991416931
YPL171C,YNL197C,0,-5.2860684,0.06979744881391525,0.5410000085830688,0.7210000157356262
YMR276W,YBR273C,0,-5.286134,0.06978844106197357,0.5410000085830688,0.7210999727249146
YIL075C,YGR112W,0,-5.2861605,0.06977944076061249,0.5410000085830688,0.7211999893188477
YOL144W,YPL063W,0,-5.2863126,0.0697704404592514,0.5410000085830688,0.7213000059127808
YNR023W,YLR354C,0,-5.2865324,0.06976144760847092,0.5410000085830688,0.7214000225067139
YDL004W,YOL009C,0,-5.286853,0.06975244730710983,0.5410000085830688,0.7214999794960022
YOR103C,YMR231W,0,-5.286975,0.06974345445632935,0.5410000085830688,0.7215999960899353
YNL059C,YDL020C,0,-5.2871842,0.06973446905612946,0.5410000085830688,0.7217000126838684
YGL201C,YKR060W,0,-5.2874336,0.06972548365592957,0.5410000085830688,0.7218000292778015
YLR376C,YJL052W,0,-5.287615,0.06971649825572968,0.5410000085830688,0.7218999862670898
YGR262C,YGR004W,0,-5.2877603,0.06970751285552979,0.5410000085830688,0.722000002861023
YGL232W,YFR003C,0,-5.2881536,0.06969853490591049,0.5410000085830688,0.722100019454956
YLR242C,YOR279C,0,-5.288179,0.0696895495057106,0.5410000085830688,0.7221999764442444
YHR118C,YNL149C,0,-5.288205,0.0696805790066719,0.5410000085830688,0.7222999930381775
YAL053W,YMR059W,0,-5.2882624,0.06967160105705261,0.5410000085830688,0.7224000096321106
YCL051W,YLR386W,0,-5.2886868,0.06966263055801392,0.5410000085830688,0.7225000262260437
YJR070C,YOR327C,0,-5.288822,0.06965366005897522,0.5410000085830688,0.722599983215332
YGR200C,YMR192W,0,-5.2888613,0.06964469701051712,0.5410000085830688,0.7226999998092651
YJL024C,YLL003W,0,-5.288994,0.06963573396205902,0.5410000085830688,0.7228000164031982
YBR089C-A,YOR149C,0,-5.289087,0.06962677091360092,0.5410000085830688,0.7228999733924866
YMR224C,YLR025W,0,-5.290566,0.06961780786514282,0.5410000085830688,0.7229999899864197
YBL032W,YPL270W,0,-5.290964,0.06960885226726532,0.5410000085830688,0.7231000065803528
YDR436W,YNL197C,0,-5.291046,0.06959989666938782,0.5410000085830688,0.7232000231742859
YHR171W,YKR026C,0,-5.291052,0.06959094107151031,0.5410000085830688,0.7232999801635742
YOR028C,YNL032W,0,-5.291124,0.06958199292421341,0.5410000085830688,0.7233999967575073
YNR010W,YML104C,0,-5.2912765,0.0695730447769165,0.5410000085830688,0.7235000133514404
YPL268W,YOL061W,0,-5.2913747,0.0695640966296196,0.5410000085830688,0.7235999703407288
YLL019C,YHR027C,0,-5.2914205,0.06955515593290329,0.5410000085830688,0.7236999869346619
YJL091C,YDR296W,0,-5.2914534,0.06954621523618698,0.5410000085830688,0.723800003528595
YJR070C,YNL066W,0,-5.2915144,0.06953727453947067,0.5410000085830688,0.7239000201225281
YPL259C,YLR272C,0,-5.2917247,0.06952834129333496,0.5410000085830688,0.7239999771118164
YOL116W,YKR020W,0,-5.2921286,0.06951940059661865,0.5410000085830688,0.7240999937057495
YPL204W,YPR036W,0,-5.292907,0.06951047480106354,0.5410000085830688,0.7242000102996826
YGR264C,YBL007C,0,-5.293097,0.06950154155492783,0.5410000085830688,0.7243000268936157
YDR434W,YBL046W,0,-5.2934513,0.06949261575937271,0.5410000085830688,0.724399983882904
YJL106W,YIL122W,0,-5.2934628,0.0694836899638176,0.5410000085830688,0.7245000004768372
YEL031W,YHR014W,0,-5.2935033,0.06947476416826248,0.5410000085830688,0.7246000170707703
YCR042C,YDR362C,1,-5.293668,0.06959424912929535,0.5419999957084656,0.7246000170707703
YOL089C,YER148W,1,-5.293686,0.06971369683742523,0.5429999828338623,0.7246000170707703
YOR074C,YBL016W,0,-5.29386,0.06970474869012833,0.5429999828338623,0.7246999740600586
YJL069C,YNL241C,0,-5.294278,0.06969580054283142,0.5429999828338623,0.7247999906539917
YLR172C,YMR129W,0,-5.2943316,0.06968685984611511,0.5429999828338623,0.7249000072479248
YNL242W,YKL195W,0,-5.2943535,0.0696779191493988,0.5429999828338623,0.7250000238418579
YBL099W,YBR081C,0,-5.294492,0.0696689784526825,0.5429999828338623,0.7250999808311462
YNR049C,YLR166C,0,-5.294933,0.06966003775596619,0.5429999828338623,0.7251999974250793
YGL207W,YDR362C,1,-5.2949877,0.06977937370538712,0.5440000295639038,0.7251999974250793
YIL034C,YKR007W,0,-5.2954855,0.06977042555809021,0.5440000295639038,0.7253000140190125
YGL166W,YDL108W,1,-5.2961073,0.06988971680402756,0.5450000166893005,0.7253000140190125
YFR040W,YPL214C,0,-5.2961235,0.06988075375556946,0.5450000166893005,0.7253999710083008
YBR257W,YER024W,0,-5.296443,0.06987179815769196,0.5450000166893005,0.7254999876022339
YGL019W,YCR039C,0,-5.2967505,0.06986283510923386,0.5450000166893005,0.725600004196167
YHR085W,YPR144C,0,-5.2968535,0.06985388696193695,0.5450000166893005,0.7257000207901001
YPL208W,YLR020C,0,-5.297023,0.06984493136405945,0.5450000166893005,0.7257999777793884
YEL042W,YMR298W,0,-5.297065,0.06983598321676254,0.5450000166893005,0.7258999943733215
YPL244C,YCR024C-A,0,-5.2975054,0.06982703506946564,0.5450000166893005,0.7260000109672546
YDR280W,YKL041W,0,-5.297789,0.06981808692216873,0.5450000166893005,0.7261000275611877
YGR278W,YMR201C,0,-5.2988744,0.06980914622545242,0.5450000166893005,0.7261999845504761
YAL041W,YER025W,0,-5.2990637,0.06980020552873611,0.5450000166893005,0.7263000011444092
YNL118C,YLR223C,0,-5.299283,0.0697912648320198,0.5450000166893005,0.7264000177383423
YJL184W,YDR086C,0,-5.2994275,0.0697823315858841,0.5450000166893005,0.7264999747276306
YAL051W,YDR404C,0,-5.299437,0.06977339833974838,0.5450000166893005,0.7265999913215637
YHR053C,YKR001C,0,-5.2994447,0.06976446509361267,0.5450000166893005,0.7267000079154968
YBL008W,YPL233W,0,-5.3000274,0.06975553929805756,0.5450000166893005,0.7268000245094299
YGR028W,YDL138W,0,-5.3003287,0.06974660605192184,0.5450000166893005,0.7268999814987183
YLR370C,YER149C,0,-5.3006105,0.06973768025636673,0.5450000166893005,0.7269999980926514
YKL016C,YLL060C,0,-5.300686,0.06972876191139221,0.5450000166893005,0.7271000146865845
YLR423C,YGL073W,0,-5.3007317,0.0697198435664177,0.5450000166893005,0.7271999716758728
YIL002C,YKL019W,0,-5.300966,0.06971092522144318,0.5450000166893005,0.7272999882698059
YNL232W,YKL126W,0,-5.3010135,0.06970200687646866,0.5450000166893005,0.727400004863739
YGR214W,YDR328C,0,-5.301272,0.06969309598207474,0.5450000166893005,0.7275000214576721
YNL039W,YPL122C,1,-5.301626,0.06981204450130463,0.5460000038146973,0.7275000214576721
YLR080W,YML073C,0,-5.30183,0.06980311870574951,0.5460000038146973,0.7275999784469604
YFR004W,YNL007C,0,-5.301859,0.0697941929101944,0.5460000038146973,0.7276999950408936
YNR038W,YLR376C,0,-5.3018675,0.06978527456521988,0.5460000038146973,0.7278000116348267
YIL033C,YJR110W,0,-5.3020926,0.06977635622024536,0.5460000038146973,0.7279000282287598
YCL038C,YGR024C,0,-5.302704,0.06976744532585144,0.5460000038146973,0.7279999852180481
YKR067W,YJL148W,0,-5.302828,0.06975852698087692,0.5460000038146973,0.7281000018119812
YFR021W,YGL143C,0,-5.302984,0.069749616086483,0.5460000038146973,0.7282000184059143
YOR381W,YMR077C,0,-5.3030376,0.06974070519208908,0.5460000038146973,0.7282999753952026
YGL166W,YNL257C,1,-5.303184,0.06985951215028763,0.546999990940094,0.7282999753952026
YGR230W,YLR272C,0,-5.303357,0.06985059380531311,0.546999990940094,0.7283999919891357
YMR240C,YDR487C,0,-5.3034315,0.06984167546033859,0.546999990940094,0.7285000085830688
YNL259C,YNR027W,0,-5.3037453,0.06983275711536407,0.546999990940094,0.728600025177002
YBR221C,YOR087W,0,-5.3042145,0.06982384622097015,0.546999990940094,0.7286999821662903
YHL031C,YBR172C,0,-5.304302,0.06981493532657623,0.546999990940094,0.7287999987602234
YOL139C,YPR073C,0,-5.3045073,0.06980602443218231,0.546999990940094,0.7289000153541565
YGL166W,YPL011C,1,-5.3048806,0.0699247196316719,0.5479999780654907,0.7289000153541565
YLL050C,YER118C,0,-5.3064485,0.06991579383611679,0.5479999780654907,0.7289999723434448
YMR109W,YJL127C,0,-5.30656,0.06990687549114227,0.5479999780654907,0.7290999889373779
YFR036W,YIL026C,0,-5.306677,0.06989795714616776,0.5479999780654907,0.729200005531311
YER052C,YHR074W,0,-5.307017,0.06988904625177383,0.5479999780654907,0.7293000221252441
YGR199W,YOR210W,0,-5.307259,0.06988013535737991,0.5479999780654907,0.7293999791145325
YNL041C,YDR043C,0,-5.3074083,0.06987122446298599,0.5479999780654907,0.7294999957084656
YCR075C,YMR188C,0,-5.3082027,0.06986231356859207,0.5479999780654907,0.7296000123023987
YKL135C,YJR118C,0,-5.3083334,0.06985341012477875,0.5479999780654907,0.7297000288963318
YOR079C,YPR070W,0,-5.3085604,0.06984450668096542,0.5479999780654907,0.7297999858856201
YOL144W,YKL038W,0,-5.308575,0.0698356032371521,0.5479999780654907,0.7299000024795532
YAL011W,YIR018W,0,-5.308746,0.06982670724391937,0.5479999780654907,0.7300000190734863
YIL079C,YKL173W,0,-5.3091426,0.06981781125068665,0.5479999780654907,0.7300999760627747
YGL241W,YDR359C,0,-5.3094597,0.06980891525745392,0.5479999780654907,0.7301999926567078
YER026C,YDR200C,0,-5.309759,0.06980002671480179,0.5479999780654907,0.7303000092506409
YGL207W,YDR311W,1,-5.3103433,0.06991849094629288,0.5490000247955322,0.7303000092506409
YKL082C,YCR009C,0,-5.310483,0.06990958750247955,0.5490000247955322,0.730400025844574
YNL177C,YJL141C,0,-5.3105373,0.06990068405866623,0.5490000247955322,0.7304999828338623
YDL232W,YHR069C,0,-5.311199,0.0698917880654335,0.5490000247955322,0.7305999994277954
YMR224C,YGL210W,0,-5.311331,0.06988289207220078,0.5490000247955322,0.7307000160217285
YNL177C,YGL045W,0,-5.3116236,0.06987399607896805,0.5490000247955322,0.7307999730110168
YIL073C,YKR050W,0,-5.311666,0.06986510753631592,0.5490000247955322,0.73089998960495
YKL112W,YKL048C,0,-5.311712,0.06985621899366379,0.5490000247955322,0.7310000061988831
YML103C,YDR071C,0,-5.311796,0.06984733045101166,0.5490000247955322,0.7311000227928162
YGL213C,YML114C,0,-5.3118577,0.06983844190835953,0.5490000247955322,0.7311999797821045
YBR237W,YML038C,0,-5.3118653,0.069829560816288,0.5490000247955322,0.7312999963760376
YNR027W,YBR161W,0,-5.3120856,0.06982067972421646,0.5490000247955322,0.7314000129699707
YOR143C,YJR103W,0,-5.312107,0.06981179863214493,0.5490000247955322,0.7315000295639038
YMR161W,YOL117W,0,-5.312136,0.06980292499065399,0.5490000247955322,0.7315999865531921
YCL055W,YJL076W,0,-5.3123355,0.06979405134916306,0.5490000247955322,0.7317000031471252
YPL208W,YMR302C,0,-5.3123446,0.06978517770767212,0.5490000247955322,0.7318000197410583
YJR042W,YOR261C,0,-5.312622,0.06977631151676178,0.5490000247955322,0.7318999767303467
YDL108W,YOR194C,1,-5.312997,0.06989452242851257,0.550000011920929,0.7318999767303467
YER119C,YNL085W,0,-5.3144436,0.06988564133644104,0.550000011920929,0.7319999933242798
YCL001W,YLR249W,0,-5.3146486,0.0698767602443695,0.550000011920929,0.7321000099182129
YBR060C,YLR266C,0,-5.315029,0.06986788660287857,0.550000011920929,0.732200026512146
YOR187W,YOR272W,0,-5.3157654,0.06985901296138763,0.550000011920929,0.7322999835014343
YKR035W-A,YDL224C,0,-5.315934,0.0698501393198967,0.550000011920929,0.7324000000953674
YML094W,YAR003W,0,-5.3162365,0.06984127312898636,0.550000011920929,0.7325000166893005
YMR298W,YLR039C,0,-5.316249,0.06983239948749542,0.550000011920929,0.7325999736785889
YPR183W,YER031C,0,-5.316481,0.06982353329658508,0.550000011920929,0.732699990272522
YMR012W,YLR354C,0,-5.3166447,0.06981467455625534,0.550000011920929,0.7328000068664551
YDL166C,YLR321C,0,-5.3176804,0.0698058158159256,0.550000011920929,0.7329000234603882
YDL088C,YOL090W,0,-5.317727,0.06979695707559586,0.550000011920929,0.7329999804496765
YDR422C,YDR073W,0,-5.317804,0.06978809833526611,0.550000011920929,0.7330999970436096
YDR298C,YOR253W,0,-5.317988,0.06977924704551697,0.550000011920929,0.7332000136375427
YCR094W,YBR294W,0,-5.3180737,0.06977038830518723,0.550000011920929,0.733299970626831
YER036C,YKL062W,0,-5.3184595,0.06976154446601868,0.550000011920929,0.7333999872207642
YOR030W,YBR173C,0,-5.3191996,0.06975269317626953,0.550000011920929,0.7335000038146973
YJL124C,YGR008C,0,-5.319368,0.06974384933710098,0.550000011920929,0.7336000204086304
YDR384C,YNL268W,0,-5.319811,0.06973500549793243,0.550000011920929,0.7336999773979187
YFR021W,YBL018C,0,-5.320581,0.06972616910934448,0.550000011920929,0.7337999939918518
YGL205W,YPL033C,0,-5.320876,0.06971732527017593,0.550000011920929,0.7339000105857849
YKR061W,YLR328W,0,-5.320942,0.06970848888158798,0.550000011920929,0.734000027179718
YGL067W,YLR447C,0,-5.32098,0.06969965994358063,0.550000011920929,0.7340999841690063
YOL095C,YGR104C,0,-5.321084,0.06969082355499268,0.550000011920929,0.7342000007629395
YKL208W,YIR018W,0,-5.321241,0.06968199461698532,0.550000011920929,0.7343000173568726
YJR077C,YJR002W,0,-5.3214903,0.06967317312955856,0.550000011920929,0.7343999743461609
YOL045W,YIL105C,0,-5.321707,0.06966434419155121,0.550000011920929,0.734499990940094
YBR070C,YER005W,0,-5.321718,0.06965552270412445,0.550000011920929,0.7346000075340271
YER118C,YKR014C,0,-5.3217783,0.06964670121669769,0.550000011920929,0.7347000241279602
YLR155C,YGR143W,0,-5.3224273,0.06963787972927094,0.550000011920929,0.7347999811172485
YBR057C,YLR409C,0,-5.3225975,0.06962906569242477,0.550000011920929,0.7348999977111816
YGL166W,YMR227C,1,-5.322999,0.06974683701992035,0.5509999990463257,0.7348999977111816
YNL264C,YIL037C,0,-5.323086,0.069738008081913,0.5509999990463257,0.7350000143051147
YAR002C-A,YFR052W,0,-5.3233337,0.06972917914390564,0.5509999990463257,0.7350999712944031
YIL075C,YHR062C,0,-5.323423,0.06972035765647888,0.5509999990463257,0.7351999878883362
YNL216W,YOR075W,0,-5.323532,0.06971153616905212,0.5509999990463257,0.7353000044822693
YOR212W,YLR150W,0,-5.323572,0.06970272213220596,0.5509999990463257,0.7354000210762024
YJR118C,YDR087C,0,-5.3239045,0.0696939006447792,0.5509999990463257,0.7354999780654907
YLR056W,YDR148C,0,-5.324032,0.06968508660793304,0.5509999990463257,0.7355999946594238
YNL079C,YJL087C,0,-5.32416,0.06967628002166748,0.5509999990463257,0.7357000112533569
YGL256W,YBR015C,0,-5.324854,0.06966746598482132,0.5509999990463257,0.73580002784729
YNL062C,YBR049C,0,-5.3249245,0.06965865939855576,0.5509999990463257,0.7358999848365784
YMR212C,YJL184W,0,-5.3249383,0.06964985281229019,0.5509999990463257,0.7360000014305115
YPR017C,YMR156C,0,-5.3251023,0.06964105367660522,0.5509999990463257,0.7361000180244446
YBR089C-A,YHR084W,0,-5.325201,0.06963224709033966,0.5509999990463257,0.7361999750137329
YLR265C,YLR298C,0,-5.32562,0.06962345540523529,0.5509999990463257,0.736299991607666
YOR122C,YBR162C,0,-5.3265495,0.06961465626955032,0.5509999990463257,0.7364000082015991
YMR083W,YBL042C,0,-5.326745,0.06960586458444595,0.5509999990463257,0.7365000247955322
YBL085W,YMR314W,0,-5.326772,0.06959707289934158,0.5509999990463257,0.7365999817848206
YDR079C-A,YBR123C,1,-5.327817,0.06971457600593567,0.5519999861717224,0.7365999817848206
YIL009C-A,YGR010W,0,-5.328067,0.0697057694196701,0.5519999861717224,0.7366999983787537
YDL113C,YDR515W,0,-5.328279,0.06969697028398514,0.5519999861717224,0.7368000149726868
YCL016C,YDR062W,0,-5.3283653,0.06968817114830017,0.5519999861717224,0.7368999719619751
YDL208W,YHR027C,0,-5.3286424,0.0696793720126152,0.5519999861717224,0.7369999885559082
YGR134W,YHR041C,0,-5.3286924,0.06967058032751083,0.5519999861717224,0.7371000051498413
YNL032W,YPR009W,0,-5.328994,0.06966178864240646,0.5519999861717224,0.7372000217437744
YOR321W,YML085C,0,-5.3290067,0.0696529969573021,0.5519999861717224,0.7372999787330627
YPR162C,YGR104C,0,-5.329211,0.06964420527219772,0.5519999861717224,0.7373999953269958
YDR524C,YNL330C,0,-5.3296595,0.06963542103767395,0.5519999861717224,0.737500011920929
YDR320C-A,YBR154C,0,-5.33007,0.06962663680315018,0.5519999861717224,0.7376000285148621
YML043C,YOR272W,0,-5.330076,0.069617860019207,0.5519999861717224,0.7376999855041504
YGR155W,YDR404C,0,-5.3302064,0.06960907578468323,0.5519999861717224,0.7378000020980835
YPR086W,YCR042C,1,-5.3302655,0.06972639262676239,0.5529999732971191,0.7378000020980835
YBR004C,YBR057C,0,-5.330324,0.06971760094165802,0.5529999732971191,0.7379000186920166
YKL059C,YAR035W,0,-5.330514,0.06970880925655365,0.5529999732971191,0.7379999756813049
YGR274C,YDR311W,1,-5.3305283,0.06982606649398804,0.5540000200271606,0.7379999756813049
YDR443C,YJL069C,0,-5.330538,0.06981726735830307,0.5540000200271606,0.738099992275238
YAR003W,YGL227W,0,-5.3308525,0.0698084682226181,0.5540000200271606,0.7382000088691711
YER045C,YBR123C,1,-5.331008,0.06992566585540771,0.5550000071525574,0.7382000088691711
YER148W,YOR110W,1,-5.331417,0.07004283368587494,0.5559999942779541,0.7382000088691711
YDR145W,YPL122C,1,-5.331483,0.07015997171401978,0.5569999814033508,0.7382000088691711
YDR414C,YPL159C,0,-5.3315067,0.07015113532543182,0.5569999814033508,0.7383000254631042
YNL038W,YDR091C,0,-5.3315372,0.07014229893684387,0.5569999814033508,0.7383999824523926
YKR065C,YPL156C,0,-5.33156,0.07013346999883652,0.5569999814033508,0.7384999990463257
YNL041C,YML107C,0,-5.3316565,0.07012464106082916,0.5569999814033508,0.7386000156402588
YEL018W,YJR125C,0,-5.3318086,0.07011581212282181,0.5569999814033508,0.7386999726295471
YNL118C,YDR072C,0,-5.332638,0.07010698318481445,0.5569999814033508,0.7387999892234802
YBR221C,YBL055C,0,-5.3326845,0.0700981616973877,0.5569999814033508,0.7389000058174133
YOR117W,YPR173C,0,-5.332719,0.07008934020996094,0.5569999814033508,0.7390000224113464
YDR060W,YKR014C,0,-5.332797,0.07008052617311478,0.5569999814033508,0.7390999794006348
YOR265W,YFR037C,0,-5.33284,0.07007170468568802,0.5569999814033508,0.7391999959945679
YGR222W,YOL061W,0,-5.3328786,0.07006289064884186,0.5569999814033508,0.739300012588501
YPL061W,YER049W,0,-5.3330116,0.0700540840625763,0.5569999814033508,0.7394000291824341
YML110C,YKL043W,0,-5.3336477,0.07004527002573013,0.5569999814033508,0.7394999861717224
YKL193C,YGL127C,0,-5.3336606,0.07003646343946457,0.5569999814033508,0.7396000027656555
YHR072W,YDL014W,0,-5.3341856,0.070027656853199,0.5569999814033508,0.7397000193595886
YAL024C,YNL156C,0,-5.334738,0.07001885771751404,0.5569999814033508,0.739799976348877
YDR221W,YGL018C,0,-5.3351164,0.07001005858182907,0.5569999814033508,0.7398999929428101
YPR101W,YKL173W,0,-5.335267,0.0700012594461441,0.5569999814033508,0.7400000095367432
YHR166C,YLR208W,0,-5.3353705,0.06999246031045914,0.5569999814033508,0.7401000261306763
YJL117W,YDR280W,0,-5.3355618,0.06998366862535477,0.5569999814033508,0.7401999831199646
YDL213C,YDL019C,0,-5.335617,0.0699748769402504,0.5569999814033508,0.7402999997138977
YJL059W,YNR039C,0,-5.335848,0.06996608525514603,0.5569999814033508,0.7404000163078308
YAL042W,YPL221W,0,-5.33605,0.06995729357004166,0.5569999814033508,0.7404999732971191
YDR231C,YJL121C,0,-5.3360505,0.06994850933551788,0.5569999814033508,0.7405999898910522
YBR272C,YER009W,0,-5.3361335,0.06993972510099411,0.5569999814033508,0.7407000064849854
YJR006W,YDR386W,0,-5.3363123,0.06993094831705093,0.5569999814033508,0.7408000230789185
YBL016W,YLR182W,0,-5.3363624,0.06992217153310776,0.5569999814033508,0.7408999800682068
YIL114C,YPR016C,0,-5.3364964,0.06991339474916458,0.5569999814033508,0.7409999966621399
YKL062W,YOR057W,0,-5.336602,0.0699046179652214,0.5569999814033508,0.741100013256073
YLR127C,YBL063W,0,-5.3367357,0.06989584863185883,0.5569999814033508,0.7411999702453613
YIL143C,YOR194C,1,-5.3375463,0.07001254707574844,0.5580000281333923,0.7411999702453613
YGL133W,YDL051W,0,-5.337757,0.07000376284122467,0.5580000281333923,0.7412999868392944
YER045C,YDR167W,1,-5.338005,0.0701204240322113,0.5590000152587891,0.7412999868392944
YLR085C,YER049W,0,-5.3380117,0.07011162489652634,0.5590000152587891,0.7414000034332275
YDR182W,YMR162C,0,-5.3381343,0.07010283321142197,0.5590000152587891,0.7415000200271606
YBL103C,YNL257C,1,-5.3383512,0.07021943479776382,0.5600000023841858,0.7415000200271606
YOR211C,YDR135C,0,-5.3385053,0.07021062821149826,0.5600000023841858,0.741599977016449
YOR150W,YML073C,0,-5.3393736,0.0702018290758133,0.5600000023841858,0.7416999936103821
YGR267C,YDR198C,0,-5.33943,0.07019302994012833,0.5600000023841858,0.7418000102043152
YDL174C,YPL031C,0,-5.339671,0.07018423080444336,0.5600000023841858,0.7419000267982483
YKL054C,YHR012W,0,-5.339775,0.07017543911933899,0.5600000023841858,0.7419999837875366
YER005W,YMR273C,0,-5.3402457,0.07016664743423462,0.5600000023841858,0.7421000003814697
YOR239W,YKR027W,0,-5.3402805,0.07015785574913025,0.5600000023841858,0.7422000169754028
YMR312W,YIL017C,0,-5.3404746,0.07014906406402588,0.5600000023841858,0.7422999739646912
YJR006W,YDR532C,0,-5.3405013,0.0701402798295021,0.5600000023841858,0.7423999905586243
YGR075C,YPL016W,0,-5.340531,0.07013149559497833,0.5600000023841858,0.7425000071525574
YBR123C,YAL001C,1,-5.340823,0.07024793326854706,0.5609999895095825,0.7425000071525574
YDR167W,YDR079C-A,1,-5.3415594,0.0703643411397934,0.5619999766349792,0.7425000071525574
YIL048W,YDL195W,0,-5.3418093,0.07035553455352783,0.5619999766349792,0.7426000237464905
YLR254C,YIR041W,0,-5.3418894,0.07034672796726227,0.5619999766349792,0.7426999807357788
YCR075C,YDR021W,0,-5.341969,0.0703379213809967,0.5619999766349792,0.7427999973297119
YBR272C,YDR097C,0,-5.342127,0.07032912224531174,0.5619999766349792,0.742900013923645
YIL143C,YAL001C,1,-5.342169,0.07044544816017151,0.5630000233650208,0.742900013923645
YIL143C,YGL112C,1,-5.342471,0.07056174427270889,0.5640000104904175,0.742900013923645
YCR042C,YPL122C,1,-5.3426747,0.07067801058292389,0.5649999976158142,0.742900013923645
YFL033C,YDR409W,0,-5.3427877,0.07066916674375534,0.5649999976158142,0.7429999709129333
YJL065C,YBR172C,0,-5.343169,0.07066033035516739,0.5649999976158142,0.7430999875068665
YOR142W,YNL307C,0,-5.343169,0.07065149396657944,0.5649999976158142,0.7432000041007996
YFR051C,YOR195W,0,-5.34319,0.07064265757799149,0.5649999976158142,0.7433000206947327
YPL224C,YOR073W,0,-5.343712,0.07063382863998413,0.5649999976158142,0.743399977684021
YOR147W,YBR273C,0,-5.3437405,0.07062499970197678,0.5649999976158142,0.7434999942779541
YKL205W,YDR472W,0,-5.3439903,0.07061617076396942,0.5649999976158142,0.7436000108718872
YKL062W,YPR041W,0,-5.3440456,0.07060734927654266,0.5649999976158142,0.7437000274658203
YNR011C,YLR362W,0,-5.3441734,0.0705985277891159,0.5649999976158142,0.7437999844551086
YPL129W,YDR362C,1,-5.344369,0.07071464508771896,0.5659999847412109,0.7437999844551086
YBR196C,YIR022W,0,-5.344791,0.07070580869913101,0.5659999847412109,0.7439000010490417
YOR020C,YMR073C,0,-5.345604,0.07069697976112366,0.5659999847412109,0.7440000176429749
YJR006W,YEL012W,0,-5.3458166,0.0706881508231163,0.5659999847412109,0.7440999746322632
YGR257C,YOR307C,0,-5.346136,0.07067932188510895,0.5659999847412109,0.7441999912261963
YOR206W,YLR248W,0,-5.346405,0.07067049294710159,0.5659999847412109,0.7443000078201294
YNL131W,YBL039C,0,-5.3470063,0.07066167145967484,0.5659999847412109,0.7444000244140625
YGL029W,YDR017C,0,-5.347091,0.07065284997224808,0.5659999847412109,0.7444999814033508
YDR376W,YJL005W,0,-5.3471403,0.07064403593540192,0.5659999847412109,0.7445999979972839
YPL010W,YLR398C,0,-5.347178,0.07063521444797516,0.5659999847412109,0.744700014591217
YHR203C,YKL148C,0,-5.3471828,0.070626400411129,0.5659999847412109,0.7447999715805054
YDL108W,YER148W,1,-5.347995,0.07074236124753952,0.5669999718666077,0.7447999715805054
YDL150W,YMR260C,0,-5.3481946,0.07073353230953217,0.5669999718666077,0.7448999881744385
YPL259C,YBR177C,0,-5.3483667,0.07072471082210541,0.5669999718666077,0.7450000047683716
YKR061W,YOR216C,0,-5.34893,0.07071588933467865,0.5669999718666077,0.7451000213623047
YAL042W,YOR367W,0,-5.349024,0.07070706784725189,0.5669999718666077,0.745199978351593
YAL022C,YFL049W,0,-5.3492107,0.07069825381040573,0.5669999718666077,0.7452999949455261
YNL169C,YMR270C,0,-5.3492966,0.07068943977355957,0.5669999718666077,0.7454000115394592
YLR163C,YOL009C,0,-5.3494086,0.07068062573671341,0.5669999718666077,0.7455000281333923
YOR371C,YOL028C,0,-5.3494506,0.07067181915044785,0.5669999718666077,0.7455999851226807
YHR114W,YDR424C,0,-5.3497524,0.07066301256418228,0.5669999718666077,0.7457000017166138
YLR234W,YBR173C,0,-5.3500013,0.07065420597791672,0.5669999718666077,0.7458000183105469
YLR384C,YKL197C,0,-5.350423,0.07064539939165115,0.5669999718666077,0.7458999752998352
YCL051W,YLR385C,0,-5.350764,0.07063660025596619,0.5669999718666077,0.7459999918937683
YIL038C,YDR027C,0,-5.3510137,0.07062780112028122,0.5669999718666077,0.7461000084877014
YNL101W,YOR074C,0,-5.3512096,0.07061900943517685,0.5669999718666077,0.7462000250816345
YDR017C,YAL043C,0,-5.3513107,0.07061021029949188,0.5669999718666077,0.7462999820709229
YPL084W,YOR133W,0,-5.3513775,0.07060141861438751,0.5669999718666077,0.746399998664856
YFL021W,YPR008W,1,-5.351824,0.07071713358163834,0.5680000185966492,0.746399998664856
YIL159W,YDR386W,0,-5.351854,0.07070832699537277,0.5680000185966492,0.7465000152587891
YDR302W,YNL036W,0,-5.352481,0.0706995278596878,0.5680000185966492,0.7465999722480774
YJL170C,YPR094W,0,-5.3529882,0.07069072872400284,0.5680000185966492,0.7466999888420105
YKL008C,YML013W,0,-5.3534927,0.07068192958831787,0.5680000185966492,0.7468000054359436
YMR208W,YGL257C,0,-5.353715,0.0706731379032135,0.5680000185966492,0.7469000220298767
YKR082W,YPL218W,0,-5.354085,0.07066434621810913,0.5680000185966492,0.746999979019165
YHL002W,YDR091C,0,-5.3541584,0.07065555453300476,0.5680000185966492,0.7470999956130981
YKL139W,YNL093W,0,-5.3544097,0.07064676284790039,0.5680000185966492,0.7472000122070312
YOR020C,YPL258C,0,-5.3544345,0.07063797861337662,0.5680000185966492,0.7473000288009644
YBR021W,YLR309C,0,-5.3545976,0.07062919437885284,0.5680000185966492,0.7473999857902527
YBR121C,YAL009W,0,-5.3546214,0.07062041759490967,0.5680000185966492,0.7475000023841858
YGL003C,YPR190C,0,-5.354737,0.0706116333603859,0.5680000185966492,0.7476000189781189
YMR138W,YLL002W,0,-5.3547587,0.07060285657644272,0.5680000185966492,0.7476999759674072
YGL155W,YAL051W,0,-5.354781,0.07059408724308014,0.5680000185966492,0.7477999925613403
YDR404C,YOL148C,0,-5.3549905,0.07058531045913696,0.5680000185966492,0.7479000091552734
YML014W,YER093C,0,-5.3550653,0.07057654112577438,0.5680000185966492,0.7480000257492065
YAL013W,YNL099C,0,-5.355137,0.0705677717924118,0.5680000185966492,0.7480999827384949
YNR007C,YMR276W,0,-5.355675,0.07055900990962982,0.5680000185966492,0.748199999332428
YHR024C,YDR487C,0,-5.355796,0.07055024057626724,0.5680000185966492,0.7483000159263611
YLR453C,YBL102W,0,-5.356096,0.07054147869348526,0.5680000185966492,0.7483999729156494
YOR023C,YBR265W,0,-5.3563023,0.07053272426128387,0.5680000185966492,0.7484999895095825
YLR254C,YBR296C,0,-5.356392,0.07052396237850189,0.5680000185966492,0.7486000061035156
YBL103C,YMR227C,1,-5.3565125,0.07063935697078705,0.5690000057220459,0.7486000061035156
YPL221W,YML085C,0,-5.357201,0.07063058763742447,0.5690000057220459,0.7487000226974487
YER045C,YPR008W,1,-5.3573985,0.07074593752622604,0.5699999928474426,0.7487000226974487
YOL023W,YBR081C,0,-5.35771,0.07073715329170227,0.5699999928474426,0.7487999796867371
YLR175W,YPR088C,0,-5.3584566,0.0707283765077591,0.5699999928474426,0.7488999962806702
YER075C,YOR073W,0,-5.3585353,0.07071959972381592,0.5699999928474426,0.7490000128746033
YJL091C,YGR238C,0,-5.3589997,0.07071083039045334,0.5699999928474426,0.7491000294685364
YER122C,YDR359C,0,-5.35934,0.07070206105709076,0.5699999928474426,0.7491999864578247
YBR103W,YMR140W,0,-5.359683,0.07069329172372818,0.5699999928474426,0.7493000030517578
YBR059C,YML057W,0,-5.359718,0.0706845223903656,0.5699999928474426,0.7494000196456909
YLR011W,YDR369C,0,-5.360323,0.07067576050758362,0.5699999928474426,0.7494999766349792
YGR103W,YDL195W,0,-5.360618,0.07066699862480164,0.5699999928474426,0.7495999932289124
YOL108C,YBR091C,0,-5.361152,0.07065823674201965,0.5699999928474426,0.7497000098228455
YKR027W,YGR024C,0,-5.361686,0.07064948230981827,0.5699999928474426,0.7498000264167786
YGR230W,YFR003C,0,-5.361781,0.07064072042703629,0.5699999928474426,0.7498999834060669
YDR363W,YNL099C,0,-5.3621707,0.0706319734454155,0.5699999928474426,0.75
YKL059C,YML021C,0,-5.3624363,0.07062321901321411,0.5699999928474426,0.7501000165939331
YDR434W,YKR072C,0,-5.3626604,0.07061447203159332,0.5699999928474426,0.7501999735832214
YDL165W,YMR023C,0,-5.362787,0.07060572504997253,0.5699999928474426,0.7502999901771545
YML052W,YML115C,0,-5.3630495,0.07059697806835175,0.5699999928474426,0.7504000067710876
YMR083W,YNL294C,0,-5.3633785,0.07058823853731155,0.5699999928474426,0.7505000233650208
YOL144W,YOR153W,0,-5.3649263,0.07057949155569077,0.5699999928474426,0.7505999803543091
YDL108W,YDR145W,1,-5.364958,0.07069456577301025,0.5709999799728394,0.7505999803543091
YIL026C,YGL129C,0,-5.365171,0.07068581134080887,0.5709999799728394,0.7506999969482422
YDL090C,YMR075W,0,-5.3656206,0.07067706435918808,0.5709999799728394,0.7508000135421753
YAR002W,YBR087W,0,-5.365678,0.07066831737756729,0.5709999799728394,0.7508999705314636
YPL051W,YKL089W,0,-5.3659225,0.0706595703959465,0.5709999799728394,0.7509999871253967
YMR006C,YPL094C,0,-5.366008,0.07065083086490631,0.5709999799728394,0.7511000037193298
YNL041C,YOL003C,0,-5.366108,0.07064209133386612,0.5709999799728394,0.7512000203132629
YBR195C,YDR473C,0,-5.3663683,0.07063335180282593,0.5709999799728394,0.7512999773025513
YGR057C,YNL151C,0,-5.3665333,0.07062461227178574,0.5709999799728394,0.7513999938964844
YNR007C,YOL042W,0,-5.3670483,0.07061588019132614,0.5709999799728394,0.7515000104904175
YOR386W,YDR027C,0,-5.367206,0.07060714811086655,0.5709999799728394,0.7516000270843506
YKL204W,YCR060W,0,-5.367342,0.07059841603040695,0.5709999799728394,0.7516999840736389
YGL166W,YPL129W,1,-5.3676834,0.07071331143379211,0.5720000267028809,0.7516999840736389
YBR179C,YBR275C,0,-5.3681383,0.07070457190275192,0.5720000267028809,0.751800000667572
YML099C,YGR199W,0,-5.368291,0.07069583237171173,0.5720000267028809,0.7519000172615051
YLR145W,YKL095W,0,-5.3683414,0.07068710029125214,0.5720000267028809,0.7519999742507935
YNL072W,YLR272C,0,-5.368476,0.07067836076021194,0.5720000267028809,0.7520999908447266
YDR524C,YFL038C,0,-5.3686233,0.07066962867975235,0.5720000267028809,0.7522000074386597
YBR035C,YMR060C,0,-5.3688736,0.07066090404987335,0.5720000267028809,0.7523000240325928
YEL063C,YGL070C,0,-5.3693876,0.07065217196941376,0.5720000267028809,0.7523999810218811
YDR162C,YMR145C,0,-5.3694153,0.07064344733953476,0.5720000267028809,0.7524999976158142
YDR037W,YDL224C,0,-5.369616,0.07063472270965576,0.5720000267028809,0.7526000142097473
YLR220W,YHR019C,0,-5.369705,0.07062600553035736,0.5720000267028809,0.7526999711990356
YMR240C,YCR060W,0,-5.3698406,0.07061728090047836,0.5720000267028809,0.7527999877929688
YOL130W,YDR378C,0,-5.3698826,0.07060856372117996,0.5720000267028809,0.7529000043869019
YDR295C,YOL060C,0,-5.3699594,0.07059985399246216,0.5720000267028809,0.753000020980835
YJL014W,YDR320C-A,0,-5.3703604,0.07059113681316376,0.5720000267028809,0.7530999779701233
YDR148C,YJR102C,0,-5.370743,0.07058242708444595,0.5720000267028809,0.7531999945640564
YDR335W,YMR008C,0,-5.3710155,0.07057371735572815,0.5720000267028809,0.7533000111579895
YLR096W,YEL053C,0,-5.3712726,0.07056501507759094,0.5720000267028809,0.7534000277519226
YFR021W,YPL204W,0,-5.371284,0.07055631279945374,0.5720000267028809,0.7534999847412109
YKR066C,YKL205W,0,-5.3716106,0.07054761052131653,0.5720000267028809,0.753600001335144
YIL053W,YOR307C,0,-5.372361,0.07053890824317932,0.5720000267028809,0.7537000179290771
YIL004C,YDR122W,0,-5.3730626,0.07053020596504211,0.5720000267028809,0.7537999749183655
YGL099W,YDL225W,0,-5.3731747,0.0705215111374855,0.5720000267028809,0.7538999915122986
YKL114C,YKR038C,0,-5.373228,0.07051282376050949,0.5720000267028809,0.7540000081062317
YNL309W,YJR046W,0,-5.3733573,0.07050412893295288,0.5720000267028809,0.7541000247001648
YMR091C,YER120W,0,-5.3733654,0.07049544155597687,0.5720000267028809,0.7541999816894531
YAL026C,YDL040C,0,-5.373459,0.07048675417900085,0.5720000267028809,0.7542999982833862
YER171W,YOR194C,1,-5.3734713,0.07060128450393677,0.5730000138282776,0.7542999982833862
YGL092W,YPL274W,0,-5.3734813,0.07059258222579956,0.5730000138282776,0.7544000148773193
YMR068W,YOR265W,0,-5.3735857,0.07058388739824295,0.5730000138282776,0.7544999718666077
YGR247W,YIR018W,0,-5.373822,0.07057519257068634,0.5730000138282776,0.7545999884605408
YJL179W,YGR030C,0,-5.3738236,0.07056650519371033,0.5730000138282776,0.7547000050544739
YHR204W,YIL105C,0,-5.373825,0.07055781036615372,0.5730000138282776,0.754800021648407
YKR090W,YOL110W,0,-5.373949,0.0705491229891777,0.5730000138282776,0.7548999786376953
YKR008W,YFL004W,0,-5.373972,0.07054044306278229,0.5730000138282776,0.7549999952316284
YBR177C,YNL097C,0,-5.374358,0.07053175568580627,0.5730000138282776,0.7551000118255615
YML092C,YER093C,0,-5.3744364,0.07052307575941086,0.5730000138282776,0.7552000284194946
YJL207C,YKL134C,0,-5.374461,0.07051439583301544,0.5730000138282776,0.755299985408783
YDR028C,YOR143C,0,-5.374649,0.07050572335720062,0.5730000138282776,0.7554000020027161
YBR234C,YKL043W,0,-5.375197,0.0704970508813858,0.5730000138282776,0.7555000185966492
YBR131W,YNL071W,0,-5.375212,0.07048837840557098,0.5730000138282776,0.7555999755859375
YDL226C,YCL004W,0,-5.375362,0.07047970592975616,0.5730000138282776,0.7556999921798706
YJR089W,YLR176C,0,-5.3753753,0.07047103345394135,0.5730000138282776,0.7558000087738037
YKR087C,YPR133C,0,-5.375597,0.07046236842870712,0.5730000138282776,0.7559000253677368
YDR255C,YPR024W,0,-5.375843,0.0704537034034729,0.5730000138282776,0.7559999823570251
YER159C,YPL160W,0,-5.375945,0.07044504582881927,0.5730000138282776,0.7560999989509583
YCR077C,YGL011C,0,-5.376073,0.07043638825416565,0.5730000138282776,0.7562000155448914
YPL194W,YBR265W,0,-5.376196,0.07042773067951202,0.5730000138282776,0.7562999725341797
YMR292W,YGR038W,0,-5.376301,0.0704190731048584,0.5730000138282776,0.7563999891281128
YIL073C,YKL018W,0,-5.376462,0.07041042298078537,0.5730000138282776,0.7565000057220459
YLR068W,YGL070C,0,-5.3766685,0.07040177285671234,0.5730000138282776,0.756600022315979
YIL143C,YMR227C,1,-5.3767595,0.07051596790552139,0.5740000009536743,0.756600022315979
YBR258C,YKL126W,0,-5.3768578,0.07050731033086777,0.5740000009536743,0.7566999793052673
YNL166C,YFL022C,0,-5.377301,0.07049864530563354,0.5740000009536743,0.7567999958992004
YGL207W,YOR110W,1,-5.377345,0.07061279565095901,0.574999988079071,0.7567999958992004
YDR527W,YPL243W,0,-5.377612,0.0706041231751442,0.574999988079071,0.7569000124931335
YDR086C,YHL009C,0,-5.377634,0.07059545814990997,0.574999988079071,0.7570000290870667
YOR008C,YLR272C,0,-5.378188,0.07058679312467575,0.574999988079071,0.757099986076355
YLR167W,YLR410W,0,-5.378377,0.07057812809944153,0.574999988079071,0.7572000026702881
YDR023W,YNL167C,0,-5.378463,0.0705694630742073,0.574999988079071,0.7573000192642212
YDR483W,YMR305C,0,-5.3788056,0.07056080549955368,0.574999988079071,0.7573999762535095
YBR212W,YML065W,0,-5.3788915,0.07055214792490005,0.574999988079071,0.7574999928474426
YKL052C,YML092C,0,-5.3790236,0.07054349035024643,0.574999988079071,0.7576000094413757
YLR314C,YMR255W,0,-5.379378,0.0705348402261734,0.574999988079071,0.7577000260353088
YDR121W,YIL115C,0,-5.3793945,0.07052619010210037,0.574999988079071,0.7577999830245972
YNL135C,YPR101W,0,-5.379658,0.07051753997802734,0.574999988079071,0.7578999996185303
YER171W,YGL207W,1,-5.380144,0.07063151150941849,0.5759999752044678,0.7578999996185303
YFR041C,YNL207W,0,-5.3808146,0.07062285393476486,0.5759999752044678,0.7580000162124634
YLR114C,YPL181W,0,-5.3809876,0.07061419636011124,0.5759999752044678,0.7580999732017517
YJR108W,YML021C,0,-5.3810186,0.07060553878545761,0.5759999752044678,0.7581999897956848
YLR332W,YOL066C,0,-5.3813715,0.07059688866138458,0.5759999752044678,0.7583000063896179
YLR026C,YLR409C,0,-5.381386,0.07058823853731155,0.5759999752044678,0.758400022983551
YNL051W,YIL008W,0,-5.381503,0.07057958841323853,0.5759999752044678,0.7584999799728394
YDR339C,YEL062W,0,-5.3818846,0.0705709382891655,0.5759999752044678,0.7585999965667725
YHL048W,YMR016C,0,-5.382594,0.07056229561567307,0.5759999752044678,0.7587000131607056
YNL101W,YOR359W,0,-5.3826714,0.07055365294218063,0.5759999752044678,0.7588000297546387
YFR024C-A,YER029C,0,-5.382742,0.0705450102686882,0.5759999752044678,0.758899986743927
YBL064C,YGR002C,0,-5.3828087,0.07053636759519577,0.5759999752044678,0.7590000033378601
YDR376W,YPL243W,0,-5.3828907,0.07052773237228394,0.5759999752044678,0.7591000199317932
YKL149C,YOL097C,0,-5.3829117,0.0705190971493721,0.5759999752044678,0.7591999769210815
YPL061W,YOR232W,0,-5.382928,0.07051046937704086,0.5759999752044678,0.7592999935150146
YKL022C,YLR088W,0,-5.383026,0.07050183415412903,0.5759999752044678,0.7594000101089478
YGL037C,YML028W,0,-5.383036,0.07049320638179779,0.5759999752044678,0.7595000267028809
YGL005C,YLR088W,0,-5.383215,0.07048457860946655,0.5759999752044678,0.7595999836921692
YNL199C,YNL273W,0,-5.3834453,0.07047595828771591,0.5759999752044678,0.7597000002861023
YAL053W,YML055W,0,-5.383644,0.07046733796596527,0.5759999752044678,0.7598000168800354
YJR105W,YMR146C,0,-5.383868,0.07045871764421463,0.5759999752044678,0.7598999738693237
YLL009C,YLR262C,0,-5.383939,0.07045009732246399,0.5759999752044678,0.7599999904632568
YPL242C,YKL203C,0,-5.3839884,0.07044148445129395,0.5759999752044678,0.7601000070571899
YOL065C,YKL074C,0,-5.384062,0.0704328715801239,0.5759999752044678,0.760200023651123
YOR201C,YER125W,0,-5.3842907,0.07042425870895386,0.5759999752044678,0.7602999806404114
YMR052W,YIL030C,0,-5.3846784,0.07041564583778381,0.5759999752044678,0.7603999972343445
YNL133C,YOR210W,0,-5.384946,0.07040704041719437,0.5759999752044678,0.7605000138282776
YLR114C,YNL133C,0,-5.3850775,0.07039843499660492,0.5759999752044678,0.7605999708175659
YNL166C,YNL012W,0,-5.385192,0.07038982957601547,0.5759999752044678,0.760699987411499
YDR524C,YDL116W,0,-5.3853483,0.07038123160600662,0.5759999752044678,0.7608000040054321
YDL188C,YJR066W,0,-5.3854218,0.07037263363599777,0.5759999752044678,0.7609000205993652
YBL047C,YHR091C,0,-5.385586,0.07036403566598892,0.5759999752044678,0.7609999775886536
YKR027W,YMR037C,0,-5.385684,0.07035544514656067,0.5759999752044678,0.7610999941825867
YPL100W,YJL072C,0,-5.38698,0.07034684717655182,0.5759999752044678,0.7612000107765198
YDR375C,YNL113W,0,-5.387052,0.07033825665712357,0.5759999752044678,0.7613000273704529
YDR123C,YDR312W,0,-5.387207,0.07032967358827591,0.5759999752044678,0.7613999843597412
YOR007C,YPR161C,0,-5.3877916,0.07032108306884766,0.5759999752044678,0.7615000009536743
YER052C,YOR386W,0,-5.387843,0.0703125,0.5759999752044678,0.7616000175476074
YOR241W,YNL145W,0,-5.38793,0.07030391693115234,0.5759999752044678,0.7616999745368958
YJL020C,YNL330C,0,-5.388261,0.07029534131288528,0.5759999752044678,0.7617999911308289
YIL115C,YNL149C,0,-5.38876,0.07028675824403763,0.5759999752044678,0.761900007724762
YER028C,YDR311W,1,-5.389027,0.0704001933336258,0.5770000219345093,0.761900007724762
YDR238C,YOR159C,0,-5.389107,0.07039161026477814,0.5770000219345093,0.7620000243186951
YBL030C,YDR412W,0,-5.3891172,0.07038301974534988,0.5770000219345093,0.7620999813079834
YER026C,YMR012W,0,-5.389222,0.07037443667650223,0.5770000219345093,0.7621999979019165
YKL189W,YDR162C,0,-5.3892317,0.07036585360765457,0.5770000219345093,0.7623000144958496
YDR265W,YCL004W,0,-5.389343,0.07035727053880692,0.5770000219345093,0.7623999714851379
YOR308C,YNR031C,0,-5.389509,0.07034869492053986,0.5770000219345093,0.762499988079071
YOR198C,YKL062W,0,-5.3895364,0.0703401193022728,0.5770000219345093,0.7626000046730042
YLR013W,YPL233W,0,-5.38999,0.07033154368400574,0.5770000219345093,0.7627000212669373
YGL207W,YAL001C,1,-5.390504,0.07044485211372375,0.578000009059906,0.7627000212669373
YPL120W,YDR486C,0,-5.39056,0.0704362690448761,0.578000009059906,0.7627999782562256
YFR013W,YDL229W,0,-5.390742,0.07042768597602844,0.578000009059906,0.7628999948501587
YBR133C,YDR378C,0,-5.391284,0.07041910290718079,0.578000009059906,0.7630000114440918
YPL122C,YDR362C,1,-5.3917246,0.07053234428167343,0.5789999961853027,0.7630000114440918
YLR071C,YML013W,0,-5.3922296,0.07052375376224518,0.5789999961853027,0.7631000280380249
YLR013W,YJR004C,0,-5.392507,0.07051516324281693,0.5789999961853027,0.7631999850273132
YLR383W,YDR477W,0,-5.392594,0.07050657272338867,0.5789999961853027,0.7633000016212463
YLR248W,YGL066W,0,-5.393005,0.07049798965454102,0.5789999961853027,0.7634000182151794
YNL257C,YDR362C,1,-5.3933764,0.0706111490726471,0.5799999833106995,0.7634000182151794
YGR103W,YPL232W,0,-5.3934565,0.07060255855321884,0.5799999833106995,0.7634999752044678
YER173W,YPR133C,0,-5.3940163,0.07059396058320999,0.5799999833106995,0.7635999917984009
YGL155W,YDR140W,0,-5.3942184,0.07058537006378174,0.5799999833106995,0.763700008392334
YPL101W,YOL108C,0,-5.394393,0.07057677954435349,0.5799999833106995,0.7638000249862671
YKL046C,YDR221W,0,-5.394684,0.07056819647550583,0.5799999833106995,0.7638999819755554
YDR414C,YDR174W,0,-5.395215,0.07055961340665817,0.5799999833106995,0.7639999985694885
YLR103C,YDL093W,0,-5.3955307,0.07055103033781052,0.5799999833106995,0.7641000151634216
YGL032C,YNL272C,0,-5.395804,0.07054244726896286,0.5799999833106995,0.76419997215271
YDR182W,YDL235C,0,-5.3959036,0.0705338716506958,0.5799999833106995,0.7642999887466431
YPL212C,YHR065C,0,-5.3959675,0.07052528858184814,0.5799999833106995,0.7644000053405762
YPL115C,YBR037C,0,-5.396138,0.07051672041416168,0.5799999833106995,0.7645000219345093
YHR142W,YBR199W,0,-5.3962164,0.07050814479589462,0.5799999833106995,0.7645999789237976
YML004C,YNL151C,0,-5.396704,0.07049957662820816,0.5799999833106995,0.7646999955177307
YBR131W,YCR033W,0,-5.396881,0.0704910084605217,0.5799999833106995,0.7648000121116638
YNL251C,YCR060W,0,-5.3970046,0.07048244029283524,0.5799999833106995,0.7649000287055969
YNL258C,YPL156C,0,-5.397572,0.07047387957572937,0.5799999833106995,0.7649999856948853
YLR153C,YPL235W,0,-5.397995,0.07046531140804291,0.5799999833106995,0.7651000022888184
YAL013W,YEL031W,0,-5.3983517,0.07045675069093704,0.5799999833106995,0.7652000188827515
YER088C,YMR008C,0,-5.398673,0.07044819742441177,0.5799999833106995,0.7652999758720398
YKL022C,YCL017C,0,-5.398695,0.0704396441578865,0.5799999833106995,0.7653999924659729
YLL038C,YFR041C,0,-5.3990784,0.07043108344078064,0.5799999833106995,0.765500009059906
YIL142W,YBL088C,0,-5.399442,0.07042253762483597,0.5799999833106995,0.7656000256538391
YPR189W,YPL045W,0,-5.39956,0.0704139843583107,0.5799999833106995,0.7656999826431274
YOR301W,YDR027C,0,-5.399845,0.07040543854236603,0.5799999833106995,0.7657999992370605
YDR116C,YGR220C,0,-5.3998656,0.07039689272642136,0.5799999833106995,0.7659000158309937
YMR012W,YNL147W,0,-5.399945,0.07038834691047668,0.5799999833106995,0.765999972820282
YPL096W,YJR110W,0,-5.4001417,0.07037980854511261,0.5799999833106995,0.7660999894142151
YPL177C,YOR194C,1,-5.4004927,0.07049259543418884,0.5809999704360962,0.7660999894142151
YMR184W,YNL133C,0,-5.4007835,0.07048404961824417,0.5809999704360962,0.7662000060081482
YLR005W,YMR227C,1,-5.400807,0.07059679925441742,0.5820000171661377,0.7662000060081482
YMR041C,YDR299W,0,-5.400955,0.07058823853731155,0.5820000171661377,0.7663000226020813
YGL166W,YER171W,1,-5.4017067,0.07070094347000122,0.5830000042915344,0.7663000226020813
YOR156C,YPR095C,0,-5.4017134,0.07069237530231476,0.5830000042915344,0.7663999795913696
YCL055W,YOR148C,0,-5.4017234,0.0706837996840477,0.5830000042915344,0.7664999961853027
YKR099W,YDR200C,0,-5.402072,0.07067523151636124,0.5830000042915344,0.7666000127792358
YGL022W,YMR273C,0,-5.4021683,0.07066666334867477,0.5830000042915344,0.766700029373169
YER051W,YBL088C,0,-5.4022317,0.07065810263156891,0.5830000042915344,0.7667999863624573
YFR021W,YLR335W,0,-5.402336,0.07064954191446304,0.5830000042915344,0.7669000029563904
YGL070C,YBR294W,0,-5.40273,0.07064098119735718,0.5830000042915344,0.7670000195503235
YNL094W,YDR376W,0,-5.403098,0.07063242048025131,0.5830000042915344,0.7670999765396118
YLR085C,YGL111W,0,-5.403146,0.07062386721372604,0.5830000042915344,0.7671999931335449
YGL238W,YDL092W,0,-5.4035454,0.07061530649662018,0.5830000042915344,0.767300009727478
YOL094C,YPR016C,0,-5.4037085,0.0706067606806755,0.5830000042915344,0.7674000263214111
YER119C,YFR051C,0,-5.4037857,0.07059820741415024,0.5830000042915344,0.7674999833106995
YBR295W,YDR292C,0,-5.4037933,0.07058966159820557,0.5830000042915344,0.7675999999046326
YLR195C,YBR060C,0,-5.404075,0.0705811157822609,0.5830000042915344,0.7677000164985657
YAL043C,YER147C,0,-5.4042907,0.07057256996631622,0.5830000042915344,0.767799973487854
YNL014W,YGR089W,0,-5.404508,0.07056403160095215,0.5830000042915344,0.7678999900817871
YNL201C,YHR021C,0,-5.40466,0.07055548578500748,0.5830000042915344,0.7680000066757202
YGR083C,YBL079W,0,-5.405386,0.0705469474196434,0.5830000042915344,0.7681000232696533
YBR109C,YDR205W,0,-5.4066095,0.07053841650485992,0.5830000042915344,0.7681999802589417
YKR072C,YKR001C,0,-5.4070883,0.07052987813949585,0.5830000042915344,0.7682999968528748
YEL003W,YBL056W,0,-5.4072466,0.07052134722471237,0.5830000042915344,0.7684000134468079
YPL060W,YEL053C,0,-5.407526,0.07051282376050949,0.5830000042915344,0.7684999704360962
YGR159C,YIL105C,0,-5.4075623,0.07050429284572601,0.5830000042915344,0.7685999870300293
YNL039W,YDR079C-A,1,-5.4078393,0.07061668485403061,0.5839999914169312,0.7685999870300293
YOR028C,YLR265C,0,-5.4078736,0.07060814648866653,0.5839999914169312,0.7687000036239624
YML015C,YDR145W,1,-5.408318,0.07072050124406815,0.5849999785423279,0.7687000036239624
YEL015W,YDR416W,0,-5.408338,0.07071195542812347,0.5849999785423279,0.7688000202178955
YDL197C,YGL169W,0,-5.4084425,0.0707034096121788,0.5849999785423279,0.7688999772071838
YPL011C,YDR362C,1,-5.40938,0.07081571221351624,0.5860000252723694,0.7688999772071838
YML098W,YPL129W,1,-5.4097724,0.07092798501253128,0.5870000123977661,0.7688999772071838
YPR029C,YOR245C,0,-5.4099374,0.07091941684484482,0.5870000123977661,0.7689999938011169
YOR304W,YDR081C,0,-5.409992,0.07091084867715836,0.5870000123977661,0.76910001039505
YLR450W,YGL045W,0,-5.4102116,0.0709022805094719,0.5870000123977661,0.7692000269889832
YKR066C,YNR008W,0,-5.410526,0.07089371979236603,0.5870000123977661,0.7692999839782715
YDL113C,YOR087W,0,-5.411006,0.07088515907526016,0.5870000123977661,0.7694000005722046
YLR355C,YER123W,0,-5.411154,0.0708765983581543,0.5870000123977661,0.7695000171661377
YCR042C,YPR056W,1,-5.4113903,0.07098877429962158,0.5879999995231628,0.7695000171661377
YDR167W,YBR198C,1,-5.4126472,0.07110092043876648,0.5889999866485596,0.7695000171661377
YOL042W,YPL096W,0,-5.4128184,0.07109233736991882,0.5889999866485596,0.769599974155426
YNR030W,YBR289W,0,-5.412903,0.07108375430107117,0.5889999866485596,0.7696999907493591
YJL011C,YGR186W,1,-5.413044,0.07119584828615189,0.5899999737739563,0.7696999907493591
YNR001C,YGR268C,0,-5.4131837,0.07118725776672363,0.5899999737739563,0.7698000073432922
YHR194W,YHL034C,0,-5.4141397,0.07117866724729538,0.5899999737739563,0.7699000239372253
YJR089W,YKL140W,0,-5.4149437,0.07117008417844772,0.5899999737739563,0.7699999809265137
YML067C,YLR340W,0,-5.4150324,0.07116150110960007,0.5899999737739563,0.7700999975204468
YHR084W,YOR083W,0,-5.41534,0.07115291804075241,0.5899999737739563,0.7702000141143799
YFL021W,YML098W,1,-5.4159703,0.07126492261886597,0.5910000205039978,0.7702000141143799
YGL166W,YOR194C,1,-5.416235,0.07137689739465714,0.5920000076293945,0.7702000141143799
YLR370C,YKL049C,0,-5.416506,0.07136829197406769,0.5920000076293945,0.7702999711036682
YDL044C,YIR018W,0,-5.4166613,0.07135969400405884,0.5920000076293945,0.7703999876976013
YJR089W,YKL092C,0,-5.416701,0.07135108858346939,0.5920000076293945,0.7705000042915344
YDR423C,YLR172C,0,-5.417019,0.07134249061346054,0.5920000076293945,0.7706000208854675
YPR186C,YDR311W,1,-5.4171295,0.07145439088344574,0.5929999947547913,0.7706000208854675
YDR461W,YPR188C,0,-5.4173574,0.07144578546285629,0.5929999947547913,0.7706999778747559
YDL102W,YGL129C,0,-5.4173746,0.07143717259168625,0.5929999947547913,0.770799994468689
YOR079C,YLR354C,0,-5.4174194,0.0714285746216774,0.5929999947547913,0.7709000110626221
YKR048C,YER117W,0,-5.4177475,0.07141996920108795,0.5929999947547913,0.7710000276565552
YGL153W,YCR053W,0,-5.418629,0.0714113712310791,0.5929999947547913,0.7710999846458435
YNL166C,YML091C,0,-5.418951,0.07140276581048965,0.5929999947547913,0.7712000012397766
YPR103W,YGL145W,0,-5.4194226,0.0713941752910614,0.5929999947547913,0.7713000178337097
YER109C,YKL196C,0,-5.4195747,0.07138557732105255,0.5929999947547913,0.771399974822998
YGL227W,YJL141C,0,-5.419833,0.0713769868016243,0.5929999947547913,0.7714999914169312
YIL112W,YER019C-A,0,-5.41992,0.07136839628219604,0.5929999947547913,0.7716000080108643
YLL061W,YPL016W,0,-5.4199667,0.07135980576276779,0.5929999947547913,0.7717000246047974
YBL005W,YNL294C,0,-5.4211464,0.07135122269392014,0.5929999947547913,0.7717999815940857
YDL074C,YGR156W,0,-5.421413,0.07134263962507248,0.5929999947547913,0.7718999981880188
YPR144C,YPL146C,0,-5.421451,0.07133405655622482,0.5929999947547913,0.7720000147819519
YJR108W,YFR024C-A,0,-5.4215746,0.07132547348737717,0.5929999947547913,0.7720999717712402
YOR137C,YBL055C,0,-5.422245,0.07131689786911011,0.5929999947547913,0.7721999883651733
YLR103C,YNL273W,0,-5.4225774,0.07130832225084305,0.5929999947547913,0.7723000049591064
YPL221W,YEL009C,0,-5.4229517,0.07129974663257599,0.5929999947547913,0.7724000215530396
YHR072W,YMR201C,0,-5.42297,0.07129117846488953,0.5929999947547913,0.7724999785423279
YGL133W,YBR035C,0,-5.423355,0.07128260284662247,0.5929999947547913,0.772599995136261
YLL022C,YLR265C,0,-5.4233723,0.0712740421295166,0.5929999947547913,0.7727000117301941
YOR232W,YER013W,0,-5.4234114,0.07126547396183014,0.5929999947547913,0.7728000283241272
YDL108W,YGR186W,1,-5.4236236,0.07137707620859146,0.593999981880188,0.7728000283241272
YPR131C,YCR044C,0,-5.423647,0.0713685005903244,0.593999981880188,0.7728999853134155
YNL251C,YDR075W,0,-5.424632,0.07135992497205734,0.593999981880188,0.7730000019073486
YLR459W,YNL197C,0,-5.4246397,0.07135134935379028,0.593999981880188,0.7731000185012817
YBL078C,YER100W,0,-5.424825,0.07134278118610382,0.593999981880188,0.7731999754905701
YKL052C,YLR025W,0,-5.4248753,0.07133421301841736,0.593999981880188,0.7732999920845032
YDL220C,YHR004C,0,-5.425641,0.0713256448507309,0.593999981880188,0.7734000086784363
YCR042C,YPL011C,1,-5.426171,0.07143715023994446,0.5950000286102295,0.7734000086784363
YFL033C,YGL066W,0,-5.4266963,0.0714285746216774,0.5950000286102295,0.7735000252723694
YOR112W,YOL065C,0,-5.4271255,0.07141999900341034,0.5950000286102295,0.7735999822616577
YDR284C,YIL068C,0,-5.427227,0.07141142338514328,0.5950000286102295,0.7736999988555908
YML098W,YGL112C,1,-5.4274836,0.07152286171913147,0.5960000157356262,0.7736999988555908
YKL191W,YER120W,0,-5.4276342,0.07151427865028381,0.5960000157356262,0.7738000154495239
YDR207C,YML041C,0,-5.4277315,0.07150569558143616,0.5960000157356262,0.7738999724388123
YMR292W,YKL008C,0,-5.4286604,0.0714971199631691,0.5960000157356262,0.7739999890327454
YOL089C,YAL001C,1,-5.4287953,0.07160849124193192,0.597000002861023,0.7739999890327454
YBR029C,YHR066W,0,-5.428958,0.07159990072250366,0.597000002861023,0.7741000056266785
YMR312W,YML114C,0,-5.429111,0.071591317653656,0.597000002861023,0.7742000222206116
YBR288C,YCL024W,0,-5.4294395,0.07158273458480835,0.597000002861023,0.7742999792098999
YML074C,YNL091W,0,-5.4296126,0.0715741515159607,0.597000002861023,0.774399995803833
YBL103C,YML015C,1,-5.4298267,0.07168544828891754,0.5979999899864197,0.774399995803833
YIL143C,YML098W,1,-5.430386,0.071796715259552,0.5989999771118164,0.774399995803833
YCL055W,YMR203W,0,-5.431628,0.07178810983896255,0.5989999771118164,0.7745000123977661
YLR450W,YPL193W,0,-5.4316883,0.0717795118689537,0.5989999771118164,0.7746000289916992
YML062C,YIL073C,0,-5.431902,0.07177090644836426,0.5989999771118164,0.7746999859809875
YML008C,YNL098C,0,-5.432541,0.07176230847835541,0.5989999771118164,0.7748000025749207
YDR180W,YPL180W,0,-5.43259,0.07175371050834656,0.5989999771118164,0.7749000191688538
YIL048W,YGL022W,0,-5.4327097,0.0717451199889183,0.5989999771118164,0.7749999761581421
YPL202C,YBR123C,1,-5.432711,0.071856290102005,0.6000000238418579,0.7749999761581421
YIL114C,YBR055C,0,-5.4328337,0.07184768468141556,0.6000000238418579,0.7750999927520752
YNR049C,YKL148C,0,-5.432957,0.07183907926082611,0.6000000238418579,0.7752000093460083
YOR355W,YOR340C,0,-5.433908,0.07183048129081726,0.6000000238418579,0.7753000259399414
YAL033W,YOR117W,0,-5.4355946,0.07182188332080841,0.6000000238418579,0.7753999829292297
YCL011C,YOL129W,0,-5.435739,0.07181328535079956,0.6000000238418579,0.7754999995231628
YNL323W,YBR294W,0,-5.4359484,0.07180469483137131,0.6000000238418579,0.775600016117096
YML062C,YDR043C,0,-5.435972,0.07179609686136246,0.6000000238418579,0.7756999731063843
YML057W,YIL010W,0,-5.4365845,0.0717875063419342,0.6000000238418579,0.7757999897003174
YGL207W,YDR460W,1,-5.4373455,0.07189854979515076,0.6010000109672546,0.7757999897003174
YMR137C,YMR140W,0,-5.4381547,0.0718899518251419,0.6010000109672546,0.7759000062942505
YGL166W,YML015C,1,-5.4382715,0.07200095802545547,0.6019999980926514,0.7759000062942505
YKR009C,YER009W,0,-5.4383745,0.07199234515428543,0.6019999980926514,0.7760000228881836
YMR220W,YDR353W,0,-5.4385123,0.07198373973369598,0.6019999980926514,0.7760999798774719
YMR184W,YOR038C,0,-5.438699,0.07197513431310654,0.6019999980926514,0.776199996471405
YNR007C,YDR221W,0,-5.4388046,0.07196652889251709,0.6019999980926514,0.7763000130653381
YLR105C,YPR101W,0,-5.439072,0.07195792347192764,0.6019999980926514,0.7764000296592712
YDR378C,YLR321C,0,-5.439166,0.07194932550191879,0.6019999980926514,0.7764999866485596
YGR267C,YNR048W,0,-5.439892,0.07194072753190994,0.6019999980926514,0.7766000032424927
YGL100W,YPR161C,0,-5.440095,0.07193212956190109,0.6019999980926514,0.7767000198364258
YGL238W,YNL001W,0,-5.4401608,0.07192353904247284,0.6019999980926514,0.7767999768257141
YOR171C,YMR167W,0,-5.4403725,0.07191494107246399,0.6019999980926514,0.7768999934196472
YOL139C,YMR137C,0,-5.440633,0.07190635800361633,0.6019999980926514,0.7770000100135803
YDR245W,YOR217W,0,-5.440704,0.07189776748418808,0.6019999980926514,0.7771000266075134
YBL026W,YIL018W,0,-5.441301,0.07188918441534042,0.6019999980926514,0.7771999835968018
YJL065C,YOR027W,0,-5.4413204,0.07188059389591217,0.6019999980926514,0.7773000001907349
YPR025C,YNL257C,1,-5.4414644,0.07199140638113022,0.6029999852180481,0.7773000001907349
YML062C,YGR170W,0,-5.441516,0.07198280841112137,0.6029999852180481,0.777400016784668
YPL218W,YFR003C,0,-5.4424186,0.07197421789169312,0.6029999852180481,0.7774999737739563
YGR078C,YCR083W,0,-5.442673,0.07196562737226486,0.6029999852180481,0.7775999903678894
YIL035C,YLR008C,0,-5.4430695,0.07195703685283661,0.6029999852180481,0.7777000069618225
YPL259C,YCR071C,0,-5.44362,0.07194845378398895,0.6029999852180481,0.7778000235557556
YNL001W,YAL029C,0,-5.4436774,0.0719398707151413,0.6029999852180481,0.777899980545044
YJL008C,YKL212W,0,-5.4437284,0.07193128764629364,0.6029999852180481,0.777999997138977
YOR035C,YOR297C,0,-5.4440365,0.07192271202802658,0.6029999852180481,0.7781000137329102
YJL073W,YLR272C,0,-5.4441,0.07191412895917892,0.6029999852180481,0.7781999707221985
YLR190W,YLR032W,0,-5.4443054,0.07190555334091187,0.6029999852180481,0.7782999873161316
YBL050W,YJL045W,0,-5.444398,0.0718969851732254,0.6029999852180481,0.7784000039100647
YMR281W,YKR072C,0,-5.444669,0.07188840955495834,0.6029999852180481,0.7785000205039978
YOL067C,YDR460W,1,-5.444836,0.07199904322624207,0.6039999723434448,0.7785000205039978
YBR068C,YDL194W,0,-5.4449916,0.071990467607975,0.6039999723434448,0.7785999774932861
YDR409W,YDR453C,0,-5.4450197,0.07198188453912735,0.6039999723434448,0.7786999940872192
YER036C,YAL003W,0,-5.4450746,0.07197330892086029,0.6039999723434448,0.7788000106811523
YLR397C,YML110C,0,-5.44508,0.07196473330259323,0.6039999723434448,0.7789000272750854
YMR211W,YLL034C,0,-5.445122,0.07195615768432617,0.6039999723434448,0.7789999842643738
YML098W,YPR056W,1,-5.445511,0.07206670939922333,0.6050000190734863,0.7789999842643738
YLL031C,YBL035C,0,-5.445792,0.07205812633037567,0.6050000190734863,0.7791000008583069
YCL067C,YBR216C,0,-5.445897,0.07204954326152802,0.6050000190734863,0.77920001745224
YKR038C,YNR048W,0,-5.4459486,0.07204096019268036,0.6050000190734863,0.7792999744415283
YCR060W,YDR059C,0,-5.4461336,0.0720323845744133,0.6050000190734863,0.7793999910354614
YEL063C,YHR001W,0,-5.4467487,0.07202380895614624,0.6050000190734863,0.7795000076293945
YMR231W,YGL011C,0,-5.446804,0.07201523333787918,0.6050000190734863,0.7796000242233276
YMR043W,YHL020C,0,-5.447284,0.07200666517019272,0.6050000190734863,0.779699981212616
YMR080C,YNL292W,0,-5.4475403,0.07199809700250626,0.6050000190734863,0.7797999978065491
YOL089C,YNL257C,1,-5.447728,0.07210852205753326,0.6060000061988831,0.7797999978065491
YIL154C,YDR207C,0,-5.4480877,0.07209993898868561,0.6060000061988831,0.7799000144004822
YGR167W,YML094W,0,-5.448291,0.07209136337041855,0.6060000061988831,0.7799999713897705
YPR025C,YML015C,1,-5.4488554,0.07220173627138138,0.6069999933242798,0.7799999713897705
YGR244C,YKL126W,0,-5.4493637,0.07219314575195312,0.6069999933242798,0.7800999879837036
YNR032W,YBL050W,0,-5.449703,0.07218456268310547,0.6069999933242798,0.7802000045776367
YIL143C,YGR186W,1,-5.4497814,0.07229488343000412,0.6079999804496765,0.7802000045776367
YDR515W,YPL057C,0,-5.45026,0.07228629291057587,0.6079999804496765,0.7803000211715698
YOL089C,YPR186C,1,-5.450385,0.07239657640457153,0.609000027179718,0.7803000211715698
YGL119W,YMR240C,0,-5.4504175,0.07238797098398209,0.609000027179718,0.7803999781608582
YOL060C,YNL292W,0,-5.450486,0.07237936556339264,0.609000027179718,0.7804999947547913
YJR082C,YDL084W,0,-5.45143,0.07237076759338379,0.609000027179718,0.7806000113487244
YER146W,YGL243W,0,-5.451939,0.07236216962337494,0.609000027179718,0.7807000279426575
YGR257C,YPL232W,0,-5.4538603,0.07235357165336609,0.609000027179718,0.7807999849319458
YDR075W,YJR044C,0,-5.4542656,0.07234497368335724,0.609000027179718,0.7809000015258789
YPL084W,YGR094W,0,-5.454338,0.07233638316392899,0.609000027179718,0.781000018119812
YPL126W,YDR178W,0,-5.4544525,0.07232779264450073,0.609000027179718,0.7810999751091003
YGL207W,YOR194C,1,-5.4546156,0.07243794947862625,0.6100000143051147,0.7810999751091003
YMR059W,YGR033C,0,-5.455085,0.0724293515086174,0.6100000143051147,0.7811999917030334
YPL202C,YOR110W,1,-5.4553337,0.07253947854042053,0.6110000014305115,0.7811999917030334
YOR371C,YPL270W,0,-5.4558,0.07253086566925049,0.6110000014305115,0.7813000082969666
YNL001W,YJR082C,0,-5.4559507,0.07252225279808044,0.6110000014305115,0.7814000248908997
YBL019W,YBR135W,0,-5.4559646,0.072513647377491,0.6110000014305115,0.781499981880188
YKR035W-A,YHR190W,0,-5.456172,0.07250504195690155,0.6110000014305115,0.7815999984741211
YFL033C,YPR108W,0,-5.456248,0.0724964439868927,0.6110000014305115,0.7817000150680542
YPL135W,YPL153C,0,-5.456327,0.07248783856630325,0.6110000014305115,0.7817999720573425
YCL011C,YMR076C,0,-5.4571376,0.0724792405962944,0.6110000014305115,0.7818999886512756
YGL105W,YGR157W,0,-5.458442,0.07247064262628555,0.6110000014305115,0.7820000052452087
YLR427W,YJR104C,0,-5.4584603,0.0724620521068573,0.6110000014305115,0.7821000218391418
YFL050C,YLR090W,0,-5.4585543,0.07245345413684845,0.6110000014305115,0.7821999788284302
YDR151C,YOR259C,0,-5.458565,0.0724448636174202,0.6110000014305115,0.7822999954223633
YMR298W,YPL022W,0,-5.458641,0.07243628054857254,0.6110000014305115,0.7824000120162964
YNR003C,YDR429C,0,-5.458767,0.07242769002914429,0.6110000014305115,0.7825000286102295
YJR013W,YOR363C,0,-5.4590297,0.07241910696029663,0.6110000014305115,0.7825999855995178
YGL054C,YLR240W,0,-5.4592075,0.07241052389144897,0.6110000014305115,0.7827000021934509
YNL027W,YBR161W,0,-5.459587,0.07240194082260132,0.6110000014305115,0.782800018787384
YGL106W,YMR125W,0,-5.4600716,0.07239336520433426,0.6110000014305115,0.7828999757766724
YDL020C,YKL203C,0,-5.46027,0.0723847895860672,0.6110000014305115,0.7829999923706055
YMR091C,YNL097C,0,-5.4610767,0.07237621396780014,0.6110000014305115,0.7831000089645386
YCL001W,YGL113W,0,-5.461273,0.07236763834953308,0.6110000014305115,0.7832000255584717
YER061C,YML032C,0,-5.461412,0.07235907018184662,0.6110000014305115,0.78329998254776
YOR239W,YPL190C,0,-5.4615526,0.07235050201416016,0.6110000014305115,0.7833999991416931
YLR309C,YGR010W,0,-5.462785,0.0723419338464737,0.6110000014305115,0.7835000157356262
YDL212W,YOR272W,0,-5.462923,0.07233337312936783,0.6110000014305115,0.7835999727249146
YPR025C,YOR110W,1,-5.4635077,0.07244317978620529,0.6119999885559082,0.7835999727249146
YLR127C,YOL061W,0,-5.46352,0.07243460416793823,0.6119999885559082,0.7836999893188477
YDR508C,YGR040W,0,-5.46355,0.07242603600025177,0.6119999885559082,0.7838000059127808
YGL168W,YPL032C,0,-5.463805,0.07241746783256531,0.6119999885559082,0.7839000225067139
YNL259C,YOL143C,0,-5.464189,0.07240889966487885,0.6119999885559082,0.7839999794960022
YML115C,YLR277C,0,-5.4645605,0.07240033149719238,0.6119999885559082,0.7840999960899353
YFR002W,YOR148C,0,-5.4648657,0.07239177078008652,0.6119999885559082,0.7842000126838684
YDR512C,YLR096W,0,-5.4651747,0.07238320261240005,0.6119999885559082,0.7843000292778015
YJR021C,YOR367W,0,-5.465334,0.07237464189529419,0.6119999885559082,0.7843999862670898
YBR123C,YOR110W,1,-5.4654627,0.0724843293428421,0.6129999756813049,0.7843999862670898
YER172C,YKL129C,0,-5.4656157,0.07247576117515564,0.6129999756813049,0.784500002861023
YPR131C,YFR003C,0,-5.4656973,0.07246719300746918,0.6129999756813049,0.784600019454956
YER007W,YML055W,0,-5.4659863,0.07245863229036331,0.6129999756813049,0.7846999764442444
YDL108W,YAL001C,1,-5.4662113,0.07256825268268585,0.6140000224113464,0.7846999764442444
YHR012W,YPL019C,0,-5.466286,0.07255967706441879,0.6140000224113464,0.7847999930381775
YOR147W,YNL309W,0,-5.4664335,0.07255110144615173,0.6140000224113464,0.7849000096321106
YPR186C,YPR086W,1,-5.466907,0.07266067713499069,0.6150000095367432,0.7849000096321106
YNL097C,YGR046W,0,-5.468346,0.07265209406614304,0.6150000095367432,0.7850000262260437
YJL090C,YNR015W,0,-5.468541,0.07264351844787598,0.6150000095367432,0.785099983215332
YBL006C,YNL156C,0,-5.468606,0.07263493537902832,0.6150000095367432,0.7851999998092651
YCR094W,YPL243W,0,-5.4689474,0.07262635976076126,0.6150000095367432,0.7853000164031982
YDR335W,YLR371W,0,-5.4689827,0.0726177841424942,0.6150000095367432,0.7853999733924866
YKL112W,YHR056C,0,-5.469678,0.07260920852422714,0.6150000095367432,0.7854999899864197
YNL221C,YGR209C,0,-5.469757,0.07260064035654068,0.6150000095367432,0.7856000065803528
YEL062W,YNL149C,0,-5.4704914,0.07259206473827362,0.6150000095367432,0.7857000231742859
YBL103C,YDR460W,1,-5.471133,0.07270152121782303,0.6159999966621399,0.7857000231742859
YLR005W,YBR198C,1,-5.471158,0.07281094789505005,0.6169999837875366,0.7857000231742859
YCR026C,YBL058W,0,-5.4715652,0.0728023573756218,0.6169999837875366,0.7857999801635742
YHR089C,YOL039W,0,-5.4727664,0.07279377430677414,0.6169999837875366,0.7858999967575073
YPR131C,YCL043C,0,-5.473237,0.07278518378734589,0.6169999837875366,0.7860000133514404
YJR156C,YLR447C,0,-5.47353,0.07277660071849823,0.6169999837875366,0.7860999703407288
YNL039W,YAL001C,1,-5.47381,0.07288595288991928,0.6179999709129333,0.7860999703407288
YMR067C,YDR486C,0,-5.473815,0.07287735491991043,0.6179999709129333,0.7861999869346619
YLR013W,YJR044C,0,-5.4739337,0.07286876440048218,0.6179999709129333,0.786300003528595
YBL047C,YHR001W-A,0,-5.4741206,0.07286017388105392,0.6179999709129333,0.7864000201225281
YCL014W,YBR083W,0,-5.4743104,0.07285158336162567,0.6179999709129333,0.7864999771118164
YBR161W,YNL006W,0,-5.474921,0.07284300029277802,0.6179999709129333,0.7865999937057495
YDL101C,YKR014C,0,-5.475549,0.07283441722393036,0.6179999709129333,0.7867000102996826
YNL164C,YPR161C,0,-5.4762087,0.0728258341550827,0.6179999709129333,0.7868000268936157
YOR307C,YGL049C,0,-5.4768457,0.07281725108623505,0.6179999709129333,0.786899983882904
YLR103C,YGL212W,0,-5.477832,0.07280866801738739,0.6179999709129333,0.7870000004768372
YCR077C,YNR006W,0,-5.477838,0.07280009239912033,0.6179999709129333,0.7871000170707703
YOL067C,YML015C,1,-5.478078,0.07290930300951004,0.6190000176429749,0.7871000170707703
YGR036C,YML078W,0,-5.4783335,0.07290071994066238,0.6190000176429749,0.7871999740600586
YKL149C,YMR076C,0,-5.4789143,0.07289213687181473,0.6190000176429749,0.7872999906539917
YGR252W,YML007W,0,-5.4792314,0.07288355380296707,0.6190000176429749,0.7874000072479248
YDL108W,YBR198C,1,-5.4793096,0.07299269735813141,0.6200000047683716,0.7874000072479248
YOR245C,YBL025W,0,-5.479336,0.07298410683870316,0.6200000047683716,0.7875000238418579
YPL084W,YKL214C,0,-5.479559,0.0729755163192749,0.6200000047683716,0.7875999808311462
YLR418C,YPR007C,0,-5.479762,0.07296692579984665,0.6200000047683716,0.7876999974250793
YJL011C,YDR167W,1,-5.480116,0.07307601720094681,0.6209999918937683,0.7876999974250793
YHR115C,YBR170C,0,-5.4805694,0.07306741923093796,0.6209999918937683,0.7878000140190125
YNL101W,YNL267W,0,-5.480833,0.07305882126092911,0.6209999918937683,0.7878999710083008
YDR414C,YIR015W,0,-5.481202,0.07305023074150085,0.6209999918937683,0.7879999876022339
YML110C,YDL159W,0,-5.4813786,0.0730416402220726,0.6209999918937683,0.788100004196167
YAL031C,YBL024W,0,-5.481434,0.07303304970264435,0.6209999918937683,0.7882000207901001
YGL257C,YOR018W,0,-5.481719,0.0730244591832161,0.6209999918937683,0.7882999777793884
YBR161W,YKL196C,0,-5.481742,0.07301587611436844,0.6209999918937683,0.7883999943733215
YGR038W,YDR472W,0,-5.482232,0.07300728559494019,0.6209999918937683,0.7885000109672546
YIL140W,YER123W,0,-5.4824276,0.07299870997667313,0.6209999918937683,0.7886000275611877
YFR050C,YKL214C,0,-5.4831886,0.07299012690782547,0.6209999918937683,0.7886999845504761
YLR380W,YML028W,0,-5.483324,0.07298155128955841,0.6209999918937683,0.7888000011444092
YLL038C,YLR145W,0,-5.4833508,0.07297297567129135,0.6209999918937683,0.7889000177383423
YBR202W,YOR334W,0,-5.4835663,0.07296440005302429,0.6209999918937683,0.7889999747276306
YER029C,YPR140W,0,-5.483866,0.07295582443475723,0.6209999918937683,0.7890999913215637
YFR013W,YKR060W,0,-5.4841413,0.07294725626707077,0.6209999918937683,0.7892000079154968
YBR275C,YOR195W,0,-5.484143,0.07293868809938431,0.6209999918937683,0.7893000245094299
YDR145W,YDR362C,1,-5.4851813,0.07304756343364716,0.621999979019165,0.7893000245094299
YPL011C,YGL112C,1,-5.48558,0.07315640896558762,0.6230000257492065,0.7893000245094299
YMR220W,YHR204W,0,-5.4859786,0.07314781844615936,0.6230000257492065,0.7893999814987183
YHR085W,YKL145W,0,-5.4860845,0.0731392353773117,0.6230000257492065,0.7894999980926514
YGL219C,YDR416W,0,-5.486144,0.07313065230846405,0.6230000257492065,0.7896000146865845
YLL026W,YGR033C,0,-5.4869065,0.0731220692396164,0.6230000257492065,0.7896999716758728
YKL160W,YLR212C,0,-5.487052,0.07311348617076874,0.6230000257492065,0.7897999882698059
YDL008W,YOR171C,0,-5.4870696,0.07310490310192108,0.6230000257492065,0.789900004863739
YHR072W,YNL036W,0,-5.4871473,0.07309632748365402,0.6230000257492065,0.7900000214576721
YDR489W,YDR073W,0,-5.4872155,0.07308775186538696,0.6230000257492065,0.7900999784469604
YLR256W,YMR314W,0,-5.4874077,0.0730791762471199,0.6230000257492065,0.7901999950408936
YMR312W,YBL008W,0,-5.48775,0.07307060807943344,0.6230000257492065,0.7903000116348267
YBL102W,YJL069C,0,-5.4883037,0.07306203991174698,0.6230000257492065,0.7904000282287598
YMR138W,YGL022W,0,-5.4883337,0.07305347174406052,0.6230000257492065,0.7904999852180481
YML094W,YJR013W,0,-5.488452,0.07304490357637405,0.6230000257492065,0.7906000018119812
YLR450W,YDR017C,0,-5.4885793,0.07303634285926819,0.6230000257492065,0.7907000184059143
YIL030C,YJR156C,0,-5.4886,0.07302778214216232,0.6230000257492065,0.7907999753952026
YGR213C,YKL041W,0,-5.488677,0.07301922142505646,0.6230000257492065,0.7908999919891357
YOR039W,YMR273C,0,-5.488761,0.07301066815853119,0.6230000257492065,0.7910000085830688
YOR316C,YFL038C,0,-5.4890146,0.07300210744142532,0.6230000257492065,0.791100025177002
YGL211W,YOR172W,0,-5.4894567,0.07299355417490005,0.6230000257492065,0.7911999821662903
YIL004C,YDR461W,0,-5.4901605,0.07298500835895538,0.6230000257492065,0.7912999987602234
YKL114C,YBL093C,0,-5.4905567,0.07297645509243011,0.6230000257492065,0.7914000153541565
YOL139C,YJL048C,0,-5.4908094,0.07296790927648544,0.6230000257492065,0.7914999723434448
YDR460W,YAL001C,1,-5.4908915,0.07307647168636322,0.6240000128746033,0.7914999723434448
YGL238W,YEL053C,0,-5.491086,0.07306791841983795,0.6240000128746033,0.7915999889373779
YDR337W,YGR195W,0,-5.4913597,0.07305935770273209,0.6240000128746033,0.791700005531311
YPL140C,YLR182W,0,-5.4914575,0.07305080443620682,0.6240000128746033,0.7918000221252441
YNL257C,YGL112C,1,-5.492819,0.07315931469202042,0.625,0.7918000221252441
YBL008W,YML041C,0,-5.493077,0.07315074652433395,0.625,0.7918999791145325
YKR085C,YDL042C,0,-5.4933863,0.07314218580722809,0.625,0.7919999957084656
YLR309C,YLL011W,0,-5.493758,0.07313363254070282,0.625,0.7921000123023987
YDL019C,YOL124C,0,-5.494149,0.07312507182359695,0.625,0.7922000288963318
YCR014C,YBR082C,0,-5.4941845,0.07311651855707169,0.625,0.7922999858856201
YER171W,YGL112C,1,-5.49486,0.07322493940591812,0.6259999871253967,0.7922999858856201
YKL055C,YJL176C,0,-5.4952245,0.07321637123823166,0.6259999871253967,0.7924000024795532
YCL011C,YMR021C,0,-5.4956183,0.0732078105211258,0.6259999871253967,0.7925000190734863
YMR227C,YDR460W,1,-5.495843,0.07331618666648865,0.6269999742507935,0.7925000190734863
YIL062C,YDR097C,0,-5.495872,0.07330761104822159,0.6269999742507935,0.7925999760627747
YML004C,YJR110W,0,-5.496232,0.07329904288053513,0.6269999742507935,0.7926999926567078
YBL099W,YHR204W,0,-5.4964676,0.07329047471284866,0.6269999742507935,0.7928000092506409
YNL039W,YPL129W,1,-5.496566,0.07339878380298615,0.628000020980835,0.7928000092506409
YDR254W,YFR024C-A,0,-5.4969797,0.07339020818471909,0.628000020980835,0.792900025844574
YKL149C,YDL060W,0,-5.4976873,0.07338163256645203,0.628000020980835,0.7929999828338623
YPL117C,YDL195W,0,-5.497863,0.07337305694818497,0.628000020980835,0.7930999994277954
YPR025C,YFL021W,1,-5.4980593,0.07348130643367767,0.6290000081062317,0.7930999994277954
YGL045W,YDR190C,0,-5.4985266,0.07347272336483002,0.6290000081062317,0.7932000160217285
YPL159C,YIL068C,0,-5.499823,0.07346414029598236,0.6290000081062317,0.7932999730110168
YDR043C,YDR150W,0,-5.499915,0.0734555646777153,0.6290000081062317,0.79339998960495
YPR041W,YLR435W,0,-5.4999175,0.07344698905944824,0.6290000081062317,0.7935000061988831
YKL049C,YNL004W,0,-5.499926,0.07343841344118118,0.6290000081062317,0.7936000227928162
YNL135C,YMR161W,0,-5.500061,0.07342983782291412,0.6290000081062317,0.7936999797821045
YDR116C,YMR231W,0,-5.5001554,0.07342126965522766,0.6290000081062317,0.7937999963760376
YIL009C-A,YJR126C,0,-5.5002027,0.0734127014875412,0.6290000081062317,0.7939000129699707
YGR193C,YOR076C,0,-5.501359,0.07340413331985474,0.6290000081062317,0.7940000295639038
YOR254C,YHR041C,0,-5.5014052,0.07339556515216827,0.6290000081062317,0.7940999865531921
YIL044C,YLR246W,0,-5.501446,0.07338700443506241,0.6290000081062317,0.7942000031471252
YLR165C,YPL022W,0,-5.5016594,0.07337844371795654,0.6290000081062317,0.7943000197410583
YNL298W,YNL135C,0,-5.5017242,0.07336988300085068,0.6290000081062317,0.7943999767303467
YJR125C,YFL018C,0,-5.501813,0.07336132228374481,0.6290000081062317,0.7944999933242798
YLR133W,YML057W,0,-5.5021386,0.07335276901721954,0.6290000081062317,0.7946000099182129
YGR188C,YIL132C,0,-5.502159,0.07334421575069427,0.6290000081062317,0.794700026512146
YKL197C,YGR135W,0,-5.5022225,0.073335662484169,0.6290000081062317,0.7947999835014343
YBR123C,YOR194C,1,-5.5026064,0.0734436959028244,0.6299999952316284,0.7947999835014343
YBL099W,YPL118W,0,-5.502921,0.07343513518571854,0.6299999952316284,0.7949000000953674
YOR020C,YGL129C,0,-5.5029573,0.07342657446861267,0.6299999952316284,0.7950000166893005
YOR103C,YDL130W,0,-5.5030017,0.0734180137515068,0.6299999952316284,0.7950999736785889
YGR169C,YPL022W,0,-5.503319,0.07340946048498154,0.6299999952316284,0.795199990272522
YGR029W,YNL006W,0,-5.503398,0.07340090721845627,0.6299999952316284,0.7953000068664551
YGL175C,YNR023W,0,-5.5034766,0.0733923614025116,0.6299999952316284,0.7954000234603882
YLR153C,YOL148C,0,-5.5035777,0.07338380813598633,0.6299999952316284,0.7954999804496765
YFL021W,YPR086W,1,-5.5047255,0.07349172979593277,0.6309999823570251,0.7954999804496765
YER027C,YEL066W,0,-5.5047665,0.0734831690788269,0.6309999823570251,0.7955999970436096
YDR311W,YGR186W,1,-5.505211,0.07359106093645096,0.6320000290870667,0.7955999970436096
YPL060W,YBR165W,0,-5.505353,0.0735824927687645,0.6320000290870667,0.7957000136375427
YNL275W,YKL193C,0,-5.5055103,0.07357392460107803,0.6320000290870667,0.795799970626831
YJL011C,YER148W,1,-5.505578,0.07368175685405731,0.6330000162124634,0.795799970626831
YOL130W,YMR008C,0,-5.5056243,0.07367318123579025,0.6330000162124634,0.7958999872207642
YFL018C,YKL166C,0,-5.5058184,0.07366461306810379,0.6330000162124634,0.7960000038146973
YOL108C,YAL016W,0,-5.506312,0.07365603744983673,0.6330000162124634,0.7961000204086304
YDL008W,YDR207C,0,-5.5066557,0.07364746928215027,0.6330000162124634,0.7961999773979187
YLR328W,YBR231C,0,-5.50673,0.0736389011144638,0.6330000162124634,0.7962999939918518
YLR380W,YLR321C,0,-5.506981,0.07363033294677734,0.6330000162124634,0.7964000105857849
YPL259C,YOR132W,0,-5.5077324,0.07362177222967148,0.6330000162124634,0.796500027179718
YIR002C,YCR053W,0,-5.507821,0.07361321151256561,0.6330000162124634,0.7965999841690063
YDL115C,YIL106W,0,-5.507948,0.07360465079545975,0.6330000162124634,0.7967000007629395
YDR419W,YNL070W,0,-5.5081778,0.07359609007835388,0.6330000162124634,0.7968000173568726
YDR190C,YKR072C,0,-5.5086174,0.07358753681182861,0.6330000162124634,0.7968999743461609
YBR199W,YGL211W,0,-5.508789,0.07357898354530334,0.6330000162124634,0.796999990940094
YHR041C,YNL044W,0,-5.5088806,0.07357043027877808,0.6330000162124634,0.7971000075340271
YNL257C,YML015C,1,-5.5103807,0.07367809116840363,0.6340000033378601,0.7971000075340271
YOL122C,YDR293C,0,-5.510602,0.07366953045129776,0.6340000033378601,0.7972000241279602
YIL049W,YER042W,0,-5.511039,0.07366097718477249,0.6340000033378601,0.7972999811172485
YMR068W,YJR076C,0,-5.51122,0.07365241646766663,0.6340000033378601,0.7973999977111816
YCL024W,YMR077C,0,-5.511405,0.07364386320114136,0.6340000033378601,0.7975000143051147
YMR301C,YML078W,0,-5.511588,0.07363530993461609,0.6340000033378601,0.7975999712944031
YAR002W,YNR047W,0,-5.5116806,0.07362675666809082,0.6340000033378601,0.7976999878883362
YNL147W,YGL232W,0,-5.5118566,0.07361821085214615,0.6340000033378601,0.7978000044822693
YCR077C,YOL097C,0,-5.5119705,0.07360965758562088,0.6340000033378601,0.7979000210762024
YFR014C,YIL132C,0,-5.5121074,0.07360111176967621,0.6340000033378601,0.7979999780654907
YGR217W,YGR162W,0,-5.5124326,0.07359257340431213,0.6340000033378601,0.7980999946594238
YKR027W,YPR057W,0,-5.5128307,0.07358402758836746,0.6340000033378601,0.7982000112533569
YLR005W,YAL001C,1,-5.5134063,0.07369153946638107,0.6349999904632568,0.7982000112533569
YLR226W,YNR072W,0,-5.513442,0.0736829861998558,0.6349999904632568,0.79830002784729
YMR092C,YLR097C,0,-5.5140057,0.07367444038391113,0.6349999904632568,0.7983999848365784
YDR153C,YHL034C,0,-5.514126,0.07366589456796646,0.6349999904632568,0.7985000014305115
YNL331C,YDR123C,0,-5.5144596,0.07365734875202179,0.6349999904632568,0.7986000180244446
YER171W,YPR056W,1,-5.5149574,0.07376478612422943,0.6359999775886536,0.7986000180244446
YIL068C,YDR059C,0,-5.514968,0.07375623285770416,0.6359999775886536,0.7986999750137329
YGL207W,YBR123C,1,-5.515839,0.07386363297700882,0.6370000243186951,0.7986999750137329
YNL293W,YBR293W,0,-5.5159893,0.07385507225990295,0.6370000243186951,0.798799991607666
YMR270C,YNR048W,0,-5.5163655,0.07384651154279709,0.6370000243186951,0.7989000082015991
YDR016C,YBR254C,0,-5.5164022,0.07383795082569122,0.6370000243186951,0.7990000247955322
YPL177C,YML098W,1,-5.5165834,0.0739452913403511,0.6380000114440918,0.7990000247955322
YNL085W,YBL024W,0,-5.516832,0.07393672317266464,0.6380000114440918,0.7990999817848206
YLR163C,YPL012W,0,-5.5170107,0.07392815500497818,0.6380000114440918,0.7991999983787537
YDR515W,YKR014C,0,-5.5171432,0.07391959428787231,0.6380000114440918,0.7993000149726868
YHR091C,YPR173C,0,-5.5172257,0.07391102612018585,0.6380000114440918,0.7993999719619751
YNR049C,YNL330C,0,-5.5173097,0.07390246540307999,0.6380000114440918,0.7994999885559082
YPL095C,YJL047C,0,-5.517419,0.07389390468597412,0.6380000114440918,0.7996000051498413
YMR156C,YLR222C,0,-5.5179815,0.07388535141944885,0.6380000114440918,0.7997000217437744
YJL013C,YNL091W,0,-5.5180035,0.07387679815292358,0.6380000114440918,0.7997999787330627
YMR029C,YNL188W,0,-5.5183735,0.07386824488639832,0.6380000114440918,0.7998999953269958
YGR230W,YDR075W,0,-5.5194907,0.07385969161987305,0.6380000114440918,0.800000011920929
YDR284C,YGL225W,0,-5.520404,0.07385113835334778,0.6380000114440918,0.8001000285148621
YFL022C,YOL064C,0,-5.5205708,0.0738425925374031,0.6380000114440918,0.8001999855041504
YNL216W,YMR156C,0,-5.5209136,0.07383404672145844,0.6380000114440918,0.8003000020980835
YBR177C,YDR481C,0,-5.52116,0.07382550090551376,0.6380000114440918,0.8004000186920166
YPL242C,YOR027W,0,-5.521285,0.07381696254014969,0.6380000114440918,0.8004999756813049
YDR268W,YBR273C,0,-5.521393,0.07380842417478561,0.6380000114440918,0.800599992275238
YNL091W,YER003C,0,-5.5216713,0.07379988580942154,0.6380000114440918,0.8007000088691711
YBL018C,YPL193W,0,-5.5218844,0.07379134744405746,0.6380000114440918,0.8008000254631042
YDR423C,YGL018C,0,-5.5221925,0.07378281652927399,0.6380000114440918,0.8008999824523926
YDL040C,YOR216C,0,-5.5225,0.07377428561449051,0.6380000114440918,0.8009999990463257
YMR227C,YPR056W,1,-5.522628,0.0738813728094101,0.6389999985694885,0.8009999990463257
YCL001W,YNL090W,0,-5.5227237,0.07387283444404602,0.6389999985694885,0.8011000156402588
YDR142C,YKL108W,0,-5.522794,0.07386429607868195,0.6389999985694885,0.8011999726295471
YBL103C,YGR186W,1,-5.5232344,0.07397133857011795,0.6399999856948853,0.8011999726295471
YGL155W,YIL076W,0,-5.5232363,0.07396278530359268,0.6399999856948853,0.8012999892234802
YDL116W,YML007W,0,-5.52329,0.07395423948764801,0.6399999856948853,0.8014000058174133
YLL015W,YBR106W,0,-5.523364,0.07394569367170334,0.6399999856948853,0.8015000224113464
YDR110W,YJR074W,0,-5.5235505,0.07393715530633926,0.6399999856948853,0.8015999794006348
YER022W,YDR353W,0,-5.523628,0.07392860949039459,0.6399999856948853,0.8016999959945679
YDR078C,YDR328C,0,-5.5237446,0.07392007112503052,0.6399999856948853,0.801800012588501
YLR335W,YBR022W,0,-5.5240555,0.07391154021024704,0.6399999856948853,0.8019000291824341
YPR025C,YGL207W,1,-5.5248613,0.07401847839355469,0.640999972820282,0.8019000291824341
YJR074W,YLR020C,0,-5.5259504,0.07400993257761002,0.640999972820282,0.8019999861717224
YMR161W,YCL004W,0,-5.526147,0.07400138676166534,0.640999972820282,0.8021000027656555
YHR001W,YLR043C,0,-5.526232,0.07399284094572067,0.640999972820282,0.8022000193595886
YBR228W,YNL299W,0,-5.5263867,0.0739843025803566,0.640999972820282,0.802299976348877
YOR156C,YPL218W,0,-5.526626,0.07397576421499252,0.640999972820282,0.8023999929428101
YGR175C,YPR100W,0,-5.526642,0.07396722584962845,0.640999972820282,0.8025000095367432
YDR214W,YCL011C,0,-5.5269237,0.07395869493484497,0.640999972820282,0.8026000261306763
YGR257C,YDL225W,0,-5.527058,0.07395016402006149,0.640999972820282,0.8026999831199646
YDR108W,YJL047C,0,-5.527254,0.07394163310527802,0.640999972820282,0.8027999997138977
YNL103W,YBR024W,0,-5.52768,0.07393310219049454,0.640999972820282,0.8029000163078308
YER167W,YBR127C,0,-5.5277014,0.07392457872629166,0.640999972820282,0.8029999732971191
YBL005W,YDL058W,0,-5.52808,0.07391605526208878,0.640999972820282,0.8030999898910522
YER148W,YCR042C,1,-5.5281644,0.07402282953262329,0.6420000195503235,0.8030999898910522
YKR026C,YGR129W,0,-5.528797,0.07401429861783981,0.6420000195503235,0.8032000064849854
YOR232W,YGR094W,0,-5.529818,0.07400576025247574,0.6420000195503235,0.8033000230789185
YIL131C,YGL053W,0,-5.530219,0.07399723678827286,0.6420000195503235,0.8033999800682068
YFR028C,YER001W,0,-5.530343,0.07398870587348938,0.6420000195503235,0.8034999966621399
YEL013W,YBR216C,0,-5.5303955,0.0739801824092865,0.6420000195503235,0.803600013256073
YNL281W,YNR031C,0,-5.530407,0.07397165894508362,0.6420000195503235,0.8036999702453613
YPL149W,YEL042W,0,-5.530458,0.07396313548088074,0.6420000195503235,0.8037999868392944
YBL020W,YNL090W,0,-5.530995,0.07395461201667786,0.6420000195503235,0.8039000034332275
YDR527W,YGL208W,0,-5.5315886,0.07394609600305557,0.6420000195503235,0.8040000200271606
YLR433C,YOR372C,0,-5.5316973,0.07393757998943329,0.6420000195503235,0.804099977016449
YKL130C,YLR020C,0,-5.5320754,0.073929063975811,0.6420000195503235,0.8041999936103821
YPL177C,YJL011C,1,-5.532159,0.07403569668531418,0.6430000066757202,0.8041999936103821
YOR058C,YDR116C,0,-5.533226,0.0740271732211113,0.6430000066757202,0.8043000102043152
YGL038C,YFR031C,0,-5.53382,0.07401864975690842,0.6430000066757202,0.8044000267982483
YLR228C,YFL037W,0,-5.533863,0.07401012629270554,0.6430000066757202,0.8044999837875366
YPL177C,YPL122C,1,-5.5339074,0.07411669939756393,0.6439999938011169,0.8044999837875366
YBR043C,YNL079C,0,-5.534075,0.07410816848278046,0.6439999938011169,0.8046000003814697
YNL091W,YDL033C,0,-5.534172,0.07409964501857758,0.6439999938011169,0.8047000169754028
YPL051W,YDL040C,0,-5.5344305,0.0740911215543747,0.6439999938011169,0.8047999739646912
YJL091C,YHR070W,0,-5.534588,0.07408259809017181,0.6439999938011169,0.8048999905586243
YBR109C,YGR264C,0,-5.534897,0.07407407462596893,0.6439999938011169,0.8050000071525574
YDL108W,YML015C,1,-5.5350895,0.07418056577444077,0.6449999809265137,0.8050000071525574
YOR239W,YBR029C,0,-5.5351353,0.07417203485965729,0.6449999809265137,0.8051000237464905
YJR135C,YMR285C,0,-5.535296,0.07416350394487381,0.6449999809265137,0.8051999807357788
YOR371C,YOL094C,0,-5.5356493,0.07415498048067093,0.6449999809265137,0.8052999973297119
YJL006C,YOL023W,0,-5.5364494,0.07414645701646805,0.6449999809265137,0.805400013923645
YBR218C,YDR489W,0,-5.5365686,0.07413793355226517,0.6449999809265137,0.8054999709129333
YJL090C,YOR207C,0,-5.536815,0.07412941008806229,0.6449999809265137,0.8055999875068665
YKL204W,YDR309C,0,-5.537181,0.07412089407444,0.6449999809265137,0.8057000041007996
YLR309C,YGL115W,0,-5.537244,0.07411237806081772,0.6449999809265137,0.8058000206947327
YJL008C,YBR043C,0,-5.537974,0.07410386204719543,0.6449999809265137,0.805899977684021
YNL227C,YDR372C,0,-5.538347,0.07409534603357315,0.6449999809265137,0.8059999942779541
YLR166C,YPR139C,0,-5.538373,0.07408683747053146,0.6449999809265137,0.8061000108718872
YJL184W,YBR253W,0,-5.5386343,0.07407832890748978,0.6449999809265137,0.8062000274658203
YDR098C,YNR043W,0,-5.5389123,0.07406982034444809,0.6449999809265137,0.8062999844551086
YML012W,YHR099W,0,-5.539475,0.074061319231987,0.6449999809265137,0.8064000010490417
YGL018C,YNR013C,0,-5.539646,0.07405281066894531,0.6449999809265137,0.8065000176429749
YDR288W,YEL017C-A,0,-5.5399113,0.07404430955648422,0.6449999809265137,0.8065999746322632
YHR013C,YKL170W,0,-5.540224,0.07403581589460373,0.6449999809265137,0.8066999912261963
YMR234W,YML007W,0,-5.5402837,0.07402731478214264,0.6449999809265137,0.8068000078201294
YLR371W,YGL244W,0,-5.5404425,0.07401882112026215,0.6449999809265137,0.8069000244140625
YER003C,YDL081C,0,-5.5408335,0.07401032745838165,0.6449999809265137,0.8069999814033508
YNL004W,YJL069C,0,-5.540885,0.07400183379650116,0.6449999809265137,0.8070999979972839
YGL038C,YDR481C,0,-5.5415463,0.07399334758520126,0.6449999809265137,0.807200014591217
YNL094W,YLR293C,0,-5.5417786,0.07398486137390137,0.6449999809265137,0.8072999715805054
YDR036C,YJR110W,0,-5.541874,0.07397637516260147,0.6449999809265137,0.8073999881744385
YER145C,YOR103C,0,-5.542078,0.07396788895130157,0.6449999809265137,0.8075000047683716
YLR145W,YMR302C,0,-5.5422683,0.07395941019058228,0.6449999809265137,0.8076000213623047
YPL129W,YPL122C,1,-5.54235,0.07406558096408844,0.6460000276565552,0.8076000213623047
YBR290W,YGR252W,0,-5.54235,0.07405708730220795,0.6460000276565552,0.807699978351593
YBR002C,YGR181W,0,-5.5426044,0.07404860109090805,0.6460000276565552,0.8077999949455261
YOL089C,YOR194C,1,-5.5429726,0.07415472716093063,0.6470000147819519,0.8077999949455261
YHR004C,YLR430W,0,-5.543028,0.07414622604846954,0.6470000147819519,0.8079000115394592
YGR024C,YOR075W,0,-5.543189,0.07413773238658905,0.6470000147819519,0.8080000281333923
YFL021W,YER148W,1,-5.5436573,0.07424381375312805,0.6480000019073486,0.8080000281333923
YLR433C,YJL112W,0,-5.543697,0.07423530519008636,0.6480000019073486,0.8080999851226807
YHR166C,YKL054C,0,-5.5438304,0.07422680407762527,0.6480000019073486,0.8082000017166138
YAL041W,YHR038W,0,-5.544079,0.07421830296516418,0.6480000019073486,0.8083000183105469
YPL061W,YCL043C,0,-5.544637,0.0742098018527031,0.6480000019073486,0.8083999752998352
YCL017C,YPR009W,0,-5.545253,0.0742013081908226,0.6480000019073486,0.8084999918937683
YLL050C,YDR412W,0,-5.5453806,0.07419280707836151,0.6480000019073486,0.8086000084877014
YDL008W,YKR025W,0,-5.5460424,0.07418431341648102,0.6480000019073486,0.8087000250816345
YKL101W,YLR292C,0,-5.546602,0.07417582720518112,0.6480000019073486,0.8087999820709229
YFL021W,YPR056W,1,-5.5478435,0.07428178936243057,0.6489999890327454,0.8087999820709229
YCR027C,YHR099W,0,-5.5479946,0.07427328824996948,0.6489999890327454,0.808899998664856
YKL008C,YPL042C,0,-5.548006,0.07426478713750839,0.6489999890327454,0.8090000152587891
YLR380W,YDR151C,0,-5.548067,0.0742562934756279,0.6489999890327454,0.8090999722480774
YML015C,YDR460W,1,-5.5485153,0.07436220347881317,0.6499999761581421,0.8090999722480774
YDR182W,YDR283C,0,-5.5493298,0.07435369491577148,0.6499999761581421,0.8091999888420105
YPR056W,YOR110W,1,-5.5496507,0.07445956766605377,0.6510000228881836,0.8091999888420105
YBL069W,YMR054W,0,-5.5497684,0.07445105165243149,0.6510000228881836,0.8093000054359436
YGR275W,YDL130W-A,0,-5.5500574,0.0744425356388092,0.6510000228881836,0.8094000220298767
YAL022C,YLR163C,0,-5.550215,0.07443402707576752,0.6510000228881836,0.809499979019165
YFL048C,YIL075C,0,-5.5506916,0.07442551851272583,0.6510000228881836,0.8095999956130981
YDR216W,YJR082C,0,-5.550907,0.07441700994968414,0.6510000228881836,0.8097000122070312
YOL042W,YPR108W,0,-5.5511427,0.07440850138664246,0.6510000228881836,0.8098000288009644
YJL047C,YDL159W,0,-5.551365,0.07440000027418137,0.6510000228881836,0.8098999857902527
YBL006C,YJR066W,0,-5.5516458,0.07439149916172028,0.6510000228881836,0.8100000023841858
YGR230W,YPL178W,0,-5.55165,0.07438299804925919,0.6510000228881836,0.8101000189781189
YIL065C,YIL154C,0,-5.551681,0.0743744969367981,0.6510000228881836,0.8101999759674072
YHR098C,YLR135W,0,-5.5524483,0.0743660032749176,0.6510000228881836,0.8102999925613403
YBL103C,YOR194C,1,-5.5525007,0.07447172701358795,0.6520000100135803,0.8102999925613403
YMR038C,YIL114C,0,-5.5526857,0.07446322590112686,0.6520000100135803,0.8104000091552734
YIL049W,YMR284W,0,-5.5527935,0.07445472478866577,0.6520000100135803,0.8105000257492065
YHR133C,YBL064C,0,-5.5530996,0.07444622367620468,0.6520000100135803,0.8105999827384949
YNL225C,YJR094C,0,-5.553648,0.07443772256374359,0.6520000100135803,0.810699999332428
YDL100C,YDR308C,0,-5.554138,0.0744292214512825,0.6520000100135803,0.8108000159263611
YPL089C,YPR032W,0,-5.5545793,0.07442072778940201,0.6520000100135803,0.8108999729156494
YBL030C,YGL252C,0,-5.554673,0.07441223412752151,0.6520000100135803,0.8109999895095825
YER112W,YJL069C,0,-5.55525,0.07440374046564102,0.6520000100135803,0.8111000061035156
YNL080C,YGL244W,0,-5.555605,0.07439525425434113,0.6520000100135803,0.8112000226974487
YGR257C,YKL041W,0,-5.555752,0.07438676804304123,0.6520000100135803,0.8112999796867371
YDR142C,YFR052W,0,-5.5563993,0.07437828183174133,0.6520000100135803,0.8113999962806702
YKL008C,YAL033W,0,-5.5564866,0.07436979562044144,0.6520000100135803,0.8115000128746033
YKL114C,YKL197C,0,-5.556492,0.07436131685972214,0.6520000100135803,0.8116000294685364
YGR230W,YLR025W,0,-5.556573,0.07435283064842224,0.6520000100135803,0.8116999864578247
YMR153W,YPR133C,0,-5.5568724,0.07434435933828354,0.6520000100135803,0.8118000030517578
YBR275C,YNL167C,0,-5.5570164,0.07433588057756424,0.6520000100135803,0.8119000196456909
YBR199W,YMR203W,0,-5.557063,0.07432740181684494,0.6520000100135803,0.8119999766349792
YPL084W,YCL024W,0,-5.5570693,0.07431893050670624,0.6520000100135803,0.8120999932289124
YML057W,YGL252C,0,-5.5571957,0.07431045919656754,0.6520000100135803,0.8122000098228455
YDR145W,YOR110W,1,-5.5575547,0.07441595196723938,0.652999997138977,0.8122000098228455
YML120C,YPL274W,0,-5.5577292,0.07440747320652008,0.652999997138977,0.8123000264167786
YLL038C,YPR179C,0,-5.5579576,0.07439899444580078,0.652999997138977,0.8123999834060669
YDR339C,YNL188W,0,-5.558035,0.07439052313566208,0.652999997138977,0.8125
YJR084W,YPL029W,0,-5.5582056,0.07438204437494278,0.652999997138977,0.8126000165939331
YJL053W,YGR195W,0,-5.558917,0.07437357306480408,0.652999997138977,0.8126999735832214
YPR056W,YDR362C,1,-5.559063,0.07447899132966995,0.6539999842643738,0.8126999735832214
YLR127C,YOR081C,0,-5.559135,0.07447050511837006,0.6539999842643738,0.8127999901771545
YER026C,YER107C,0,-5.5599847,0.07446202635765076,0.6539999842643738,0.8129000067710876
YNR030W,YDR236C,0,-5.560459,0.07445355504751205,0.6539999842643738,0.8130000233650208
YDR268W,YER029C,0,-5.560847,0.07444507628679276,0.6539999842643738,0.8130999803543091
YKL114C,YHR004C,0,-5.561251,0.07443660497665405,0.6539999842643738,0.8131999969482422
YGR083C,YHR039C-A,0,-5.5612564,0.07442813366651535,0.6539999842643738,0.8133000135421753
YNL267W,YGR030C,0,-5.5612745,0.07441966235637665,0.6539999842643738,0.8133999705314636
YKR067W,YJL208C,0,-5.56178,0.07441119849681854,0.6539999842643738,0.8134999871253967
YER083C,YMR292W,0,-5.561994,0.07440272718667984,0.6539999842643738,0.8136000037193298
YLR254C,YDR280W,0,-5.562088,0.07439426332712173,0.6539999842643738,0.8137000203132629
YPR094W,YML034W,0,-5.562169,0.07438580691814423,0.6539999842643738,0.8137999773025513
YDR295C,YBR103W,0,-5.5627565,0.07437734305858612,0.6539999842643738,0.8138999938964844
YMR255W,YDR205W,0,-5.5631294,0.07436888664960861,0.6539999842643738,0.8140000104904175
YLR078C,YGR268C,0,-5.563142,0.0743604302406311,0.6539999842643738,0.8141000270843506
YAL003W,YFR033C,0,-5.56341,0.07435198128223419,0.6539999842643738,0.8141999840736389
YLR459W,YPL098C,0,-5.5641556,0.07434352487325668,0.6539999842643738,0.814300000667572
YPL084W,YGL168W,0,-5.564273,0.07433507591485977,0.6539999842643738,0.8144000172615051
YPR176C,YBR171W,0,-5.5643616,0.07432662695646286,0.6539999842643738,0.8144999742507935
YPR029C,YBR294W,0,-5.564413,0.07431818544864655,0.6539999842643738,0.8145999908447266
YKL112W,YNL297C,0,-5.564666,0.07430973649024963,0.6539999842643738,0.8147000074386597
YLR376C,YDR495C,0,-5.564724,0.07430129498243332,0.6539999842643738,0.8148000240325928
YER148W,YGL207W,1,-5.5651493,0.0744064524769783,0.6549999713897705,0.8148000240325928
YGR217W,YML121W,0,-5.565296,0.07439800351858139,0.6549999713897705,0.8148999810218811
YDR071C,YGL246C,0,-5.5654345,0.07438955456018448,0.6549999713897705,0.8149999976158142
YMR237W,YHR123W,0,-5.5655813,0.07438110560178757,0.6549999713897705,0.8151000142097473
YNL073W,YMR270C,0,-5.5657015,0.07437265664339066,0.6549999713897705,0.8151999711990356
YJR070C,YDR398W,0,-5.566095,0.07436421513557434,0.6549999713897705,0.8152999877929688
YPL270W,YDR280W,0,-5.5663424,0.07435577362775803,0.6549999713897705,0.8154000043869019
YGR199W,YNR011C,0,-5.5670013,0.07434733211994171,0.6549999713897705,0.815500020980835
YGR036C,YNL239W,0,-5.567665,0.074338898062706,0.6549999713897705,0.8155999779701233
YBR070C,YNL006W,0,-5.567724,0.07433045655488968,0.6549999713897705,0.8156999945640564
YLR377C,YDR071C,0,-5.567832,0.07432202249765396,0.6549999713897705,0.8158000111579895
YFR050C,YML127W,0,-5.568321,0.07431358844041824,0.6549999713897705,0.8159000277519226
YDR167W,YOR194C,1,-5.5683527,0.07441860437393188,0.656000018119812,0.8159000277519226
YER016W,YLR371W,0,-5.5684643,0.07441016286611557,0.656000018119812,0.8159999847412109
YPL262W,YBR037C,0,-5.569233,0.07440172135829926,0.656000018119812,0.816100001335144
YFR001W,YDR381W,0,-5.5692787,0.07439328730106354,0.656000018119812,0.8162000179290771
YAL011W,YER005W,0,-5.5695877,0.07438485324382782,0.656000018119812,0.8162999749183655
YFL021W,YDR167W,1,-5.5702276,0.07448979467153549,0.6570000052452087,0.8162999749183655
YML121W,YGL049C,0,-5.570575,0.07448135316371918,0.6570000052452087,0.8163999915122986
YDL102W,YOL049W,0,-5.5706153,0.07447291165590286,0.6570000052452087,0.8165000081062317
YLR005W,YDR460W,1,-5.57069,0.07457780838012695,0.6579999923706055,0.8165000081062317
YML012W,YPR024W,0,-5.5710025,0.07456935942173004,0.6579999923706055,0.8166000247001648
YPR032W,YDR484W,0,-5.571528,0.07456090301275253,0.6579999923706055,0.8166999816894531
YMR312W,YHR001W,0,-5.571808,0.07455246150493622,0.6579999923706055,0.8167999982833862
YNL256W,YKL189W,0,-5.5720057,0.0745440125465393,0.6579999923706055,0.8169000148773193
YPR179C,YDR166C,0,-5.572161,0.07453557103872299,0.6579999923706055,0.8169999718666077
YHR077C,YIL109C,0,-5.5728674,0.07452712953090668,0.6579999923706055,0.8170999884605408
YNL038W,YLR337C,0,-5.572981,0.07451868802309036,0.6579999923706055,0.8172000050544739
YKR003W,YOL011W,0,-5.5729823,0.07451024651527405,0.6579999923706055,0.817300021648407
YBR177C,YDR153C,0,-5.573039,0.07450181245803833,0.6579999923706055,0.8173999786376953
YMR041C,YAL016W,0,-5.573154,0.07449337840080261,0.6579999923706055,0.8174999952316284
YOR075W,YPL253C,0,-5.57401,0.0744849443435669,0.6579999923706055,0.8176000118255615
YML094W,YDR208W,0,-5.5742435,0.07447651028633118,0.6579999923706055,0.8177000284194946
YDR028C,YCR027C,0,-5.5750737,0.07446808367967606,0.6579999923706055,0.817799985408783
YPL161C,YDR489W,0,-5.5750823,0.07445965707302094,0.6579999923706055,0.8179000020027161
YNL039W,YML098W,1,-5.5755587,0.0745643824338913,0.6589999794960022,0.8179000020027161
YBR201W,YDR158W,0,-5.576227,0.07455594837665558,0.6589999794960022,0.8180000185966492
YIL143C,YBR123C,1,-5.576271,0.07466063648462296,0.6600000262260437,0.8180000185966492
YMR264W,YPR162C,0,-5.5762916,0.07465218752622604,0.6600000262260437,0.8180999755859375
YJR076C,YDR243C,0,-5.576693,0.07464374601840973,0.6600000262260437,0.8181999921798706
YLR100W,YER093C,0,-5.576936,0.07463530451059341,0.6600000262260437,0.8183000087738037
YOR201C,YER149C,0,-5.5771728,0.0746268630027771,0.6600000262260437,0.8184000253677368
YOR304W,YGR239C,0,-5.577896,0.07461842894554138,0.6600000262260437,0.8184999823570251
YPR025C,YDR362C,1,-5.578104,0.07472303509712219,0.6610000133514404,0.8184999823570251
YER045C,YFL021W,1,-5.578125,0.07482762634754181,0.6620000004768372,0.8184999823570251
YKL002W,YKR003W,0,-5.5787864,0.0748191699385643,0.6620000004768372,0.8185999989509583
YDL074C,YMR054W,0,-5.578953,0.07481071352958679,0.6620000004768372,0.8187000155448914
YIL140W,YOR230W,0,-5.5789733,0.07480225712060928,0.6620000004768372,0.8187999725341797
YPL235W,YBR127C,0,-5.5789742,0.07479380816221237,0.6620000004768372,0.8188999891281128
YNR010W,YJL207C,0,-5.5792007,0.07478535920381546,0.6620000004768372,0.8190000057220459
YGL233W,YGR162W,0,-5.5795074,0.07477691024541855,0.6620000004768372,0.819100022315979
YPL202C,YPR056W,1,-5.579526,0.074881412088871,0.6629999876022339,0.819100022315979
YMR240C,YGL092W,0,-5.579704,0.0748729556798935,0.6629999876022339,0.8191999793052673
YLR127C,YHR070W,0,-5.5802217,0.07486449927091599,0.6629999876022339,0.8192999958992004
YGL236C,YPL208W,0,-5.580312,0.07485604286193848,0.6629999876022339,0.8194000124931335
YPL101W,YER100W,0,-5.5815144,0.07484759390354156,0.6629999876022339,0.8195000290870667
YER025W,YBL039C,0,-5.581808,0.07483914494514465,0.6629999876022339,0.819599986076355
YPL202C,YDR460W,1,-5.5826583,0.07494356483221054,0.6639999747276306,0.819599986076355
YDL029W,YLR085C,0,-5.5834923,0.07493510842323303,0.6639999747276306,0.8197000026702881
YGR128C,YGL225W,0,-5.5836163,0.07492665201425552,0.6639999747276306,0.8198000192642212
YIL143C,YPL011C,1,-5.5838165,0.07503102719783783,0.6650000214576721,0.8198000192642212
YDR459C,YIL052C,0,-5.5840216,0.07502256333827972,0.6650000214576721,0.8198999762535095
YDR216W,YPL149W,0,-5.584238,0.07501409947872162,0.6650000214576721,0.8199999928474426
YPR162C,YOR007C,0,-5.584385,0.07500564306974411,0.6650000214576721,0.8201000094413757
YDL111C,YNL026W,0,-5.5845804,0.074997179210186,0.6650000214576721,0.8202000260353088
YER148W,YLR005W,1,-5.584888,0.07510148733854294,0.6660000085830688,0.8202000260353088
YGL053W,YBR043C,0,-5.584968,0.07509302347898483,0.6660000085830688,0.8202999830245972
YBL008W,YDR485C,0,-5.5850577,0.07508455216884613,0.6660000085830688,0.8203999996185303
YMR264W,YFL036W,0,-5.5854454,0.07507608830928802,0.6660000085830688,0.8205000162124634
YIL033C,YLR435W,0,-5.5855274,0.07506763190031052,0.6660000085830688,0.8205999732017517
YLR361C,YFR033C,0,-5.585602,0.07505916804075241,0.6660000085830688,0.8206999897956848
YDR184C,YDR527W,0,-5.585718,0.0750507116317749,0.6660000085830688,0.8208000063896179
YOR067C,YBR295W,0,-5.5859566,0.0750422552227974,0.6660000085830688,0.820900022983551
YGR261C,YKR001C,0,-5.5863304,0.07503379881381989,0.6660000085830688,0.8209999799728394
YDR180W,YLR208W,0,-5.5865545,0.07502534985542297,0.6660000085830688,0.8210999965667725
YIR023W,YBR196C,0,-5.586981,0.07501689344644547,0.6660000085830688,0.8212000131607056
YCL016C,YGL070C,0,-5.587018,0.07500844448804855,0.6660000085830688,0.8213000297546387
YJL011C,YML015C,1,-5.5876894,0.07511261105537415,0.6669999957084656,0.8213000297546387
YLR060W,YAL022C,0,-5.587716,0.07510415464639664,0.6669999957084656,0.821399986743927
YHR190W,YNL004W,0,-5.5878615,0.07509569823741913,0.6669999957084656,0.8215000033378601
YEL009C,YBR050C,0,-5.588048,0.07508724182844162,0.6669999957084656,0.8216000199317932
YBR288C,YDR101C,0,-5.588154,0.07507879287004471,0.6669999957084656,0.8216999769210815
YER073W,YOR320C,0,-5.5881557,0.0750703439116478,0.6669999957084656,0.8217999935150146
YGL195W,YDL093W,0,-5.5881753,0.07506189495325089,0.6669999957084656,0.8219000101089478
YGR274C,YPL122C,1,-5.5885315,0.07516597211360931,0.6679999828338623,0.8219000101089478
YBR131W,YOL110W,0,-5.588605,0.0751575157046318,0.6679999828338623,0.8220000267028809
YMR016C,YMR179W,0,-5.588765,0.0751490592956543,0.6679999828338623,0.8220999836921692
YJL110C,YMR247C,0,-5.588896,0.07514061033725739,0.6679999828338623,0.8222000002861023
YEL063C,YJL183W,0,-5.589051,0.07513215392827988,0.6679999828338623,0.8223000168800354
YLR119W,YLR354C,0,-5.590008,0.07512370496988297,0.6679999828338623,0.8223999738693237
YDR434W,YJR086W,0,-5.590097,0.07511525601148605,0.6679999828338623,0.8224999904632568
YLR007W,YDR103W,0,-5.590843,0.07510681450366974,0.6679999828338623,0.8226000070571899
YNL192W,YOR117W,0,-5.5908957,0.07509837299585342,0.6679999828338623,0.822700023651123
YGR261C,YDL181W,0,-5.5915194,0.07508993148803711,0.6679999828338623,0.8227999806404114
YMR029C,YIL114C,0,-5.591587,0.0750814899802208,0.6679999828338623,0.8228999972343445
YGR098C,YOR149C,0,-5.5919065,0.07507304847240448,0.6679999828338623,0.8230000138282776
YFL009W,YDR189W,0,-5.5919065,0.07506461441516876,0.6679999828338623,0.8230999708175659
YCR020W-B,YGL219C,0,-5.592427,0.07505618035793304,0.6679999828338623,0.823199987411499
YLR100W,YMR177W,0,-5.592467,0.07504774630069733,0.6679999828338623,0.8233000040054321
YLR085C,YMR177W,0,-5.5929894,0.0750393196940422,0.6679999828338623,0.8234000205993652
YOR257W,YKL056C,0,-5.593074,0.07503088563680649,0.6679999828338623,0.8234999775886536
YDR424C,YPL180W,0,-5.593207,0.07502245903015137,0.6679999828338623,0.8235999941825867
YDR099W,YLR201C,0,-5.5934653,0.07501403987407684,0.6679999828338623,0.8237000107765198
YDL143W,YPL008W,0,-5.593499,0.07500561326742172,0.6679999828338623,0.8238000273704529
YDR101C,YMR153W,0,-5.5937357,0.0749971941113472,0.6679999828338623,0.8238999843597412
YDR337W,YGL022W,0,-5.5948114,0.07498877495527267,0.6679999828338623,0.8240000009536743
YPL135W,YFL018C,0,-5.5948133,0.07498035579919815,0.6679999828338623,0.8241000175476074
YLR450W,YDR162C,0,-5.5952435,0.07497194409370422,0.6679999828338623,0.8241999745368958
YNL001W,YGR216C,0,-5.59536,0.0749635249376297,0.6679999828338623,0.8242999911308289
YBL006C,YDL005C,0,-5.5954285,0.07495511323213577,0.6679999828338623,0.824400007724762
YPR029C,YNL097C,0,-5.595854,0.07494670897722244,0.6679999828338623,0.8245000243186951
YER183C,YHR204W,0,-5.595985,0.07493829727172852,0.6679999828338623,0.8245999813079834
YNL257C,YPR086W,1,-5.5964346,0.07504206150770187,0.6690000295639038,0.8245999813079834
YIL053W,YBL058W,0,-5.5965767,0.07503364980220795,0.6690000295639038,0.8246999979019165
YBR172C,YJL127C,0,-5.596582,0.07502523064613342,0.6690000295639038,0.8248000144958496
YAR002C-A,YPL258C,0,-5.5969315,0.0750168189406395,0.6690000295639038,0.8248999714851379
YER183C,YGL136C,0,-5.5973697,0.07500840723514557,0.6690000295639038,0.824999988079071
YPL115C,YCR094W,0,-5.5976744,0.07500000298023224,0.6690000295639038,0.8251000046730042
YDR151C,YDR211W,0,-5.5980797,0.07499159127473831,0.6690000295639038,0.8252000212669373
YHR004C,YJL076W,0,-5.598585,0.07498318701982498,0.6690000295639038,0.8252999782562256
YOL067C,YDR311W,1,-5.598602,0.07508685439825058,0.6700000166893005,0.8252999782562256
YCR042C,YDR460W,1,-5.5993233,0.07519049942493439,0.6710000038146973,0.8252999782562256
YGR119C,YDL188C,0,-5.599373,0.07518207281827927,0.6710000038146973,0.8253999948501587
YFL033C,YLL024C,0,-5.599777,0.07517365366220474,0.6710000038146973,0.8255000114440918
YER119C,YJL124C,0,-5.5998573,0.07516522705554962,0.6710000038146973,0.8256000280380249
YGR040W,YML013W,0,-5.600059,0.0751568078994751,0.6710000038146973,0.8256999850273132
YDR280W,YDR312W,0,-5.600133,0.07514839619398117,0.6710000038146973,0.8258000016212463
YDR298C,YDL084W,0,-5.600253,0.07513997703790665,0.6710000038146973,0.8259000182151794
YJR021C,YLR398C,0,-5.6007385,0.07513156533241272,0.6710000038146973,0.8259999752044678
YOL012C,YFL033C,0,-5.600751,0.07512315362691879,0.6710000038146973,0.8260999917984009
YDR098C,YDR190C,0,-5.6010647,0.07511474192142487,0.6710000038146973,0.826200008392334
YPL129W,YBR123C,1,-5.601719,0.07521826773881912,0.671999990940094,0.826200008392334
YPL202C,YPR008W,1,-5.6018457,0.07532177120447159,0.6729999780654907,0.826200008392334
YAL053W,YNL167C,0,-5.6022935,0.07531333714723587,0.6729999780654907,0.8263000249862671
YOR156C,YPL094C,0,-5.6026797,0.07530491054058075,0.6729999780654907,0.8263999819755554
YJL081C,YLR117C,0,-5.602704,0.07529648393392563,0.6729999780654907,0.8264999985694885
YOR110W,YOR194C,1,-5.6032453,0.07539993524551392,0.6740000247955322,0.8264999985694885
YOR142W,YIL053W,0,-5.603426,0.0753915011882782,0.6740000247955322,0.8266000151634216
YOL011W,YMR054W,0,-5.603815,0.07538306713104248,0.6740000247955322,0.82669997215271
YCR082W,YKR057W,0,-5.6039085,0.07537463307380676,0.6740000247955322,0.8267999887466431
YPL055C,YHR060W,0,-5.6045055,0.07536620646715164,0.6740000247955322,0.8269000053405762
YHR019C,YPL147W,0,-5.6047363,0.07535777986049652,0.6740000247955322,0.8270000219345093
YLL031C,YIL173W,0,-5.605154,0.075349360704422,0.6740000247955322,0.8270999789237976
YOL139C,YOR316C,0,-5.6057587,0.07534093409776688,0.6740000247955322,0.8271999955177307
YDR072C,YBR057C,0,-5.6057696,0.07533251494169235,0.6740000247955322,0.8273000121116638
YGL191W,YOR355W,0,-5.606412,0.07532409578561783,0.6740000247955322,0.8274000287055969
YML081C-A,YER161C,0,-5.6064315,0.0753156766295433,0.6740000247955322,0.8274999856948853
YDR087C,YNL121C,0,-5.606503,0.07530726492404938,0.6740000247955322,0.8276000022888184
YPL259C,YPL159C,0,-5.606839,0.07529884576797485,0.6740000247955322,0.8277000188827515
YFR013W,YML005W,0,-5.6069307,0.07529044151306152,0.6740000247955322,0.8277999758720398
YAR014C,YKL073W,0,-5.6071534,0.0752820298075676,0.6740000247955322,0.8278999924659729
YLR085C,YDR013W,0,-5.6074905,0.07527361810207367,0.6740000247955322,0.828000009059906
YGR246C,YGL207W,1,-5.607938,0.07537688314914703,0.675000011920929,0.828000009059906
YNL166C,YOR046C,0,-5.6083126,0.0753684714436531,0.675000011920929,0.8281000256538391
YPR025C,YPR186C,1,-5.6088066,0.07547169923782349,0.6759999990463257,0.8281000256538391
YCL017C,YDR409W,0,-5.608965,0.07546327263116837,0.6759999990463257,0.8281999826431274
YLR163C,YPR190C,0,-5.609155,0.07545485347509384,0.6759999990463257,0.8282999992370605
YBR245C,YJL013C,0,-5.6093545,0.07544642686843872,0.6759999990463257,0.8284000158309937
YIL114C,YDL080C,0,-5.609644,0.0754380077123642,0.6759999990463257,0.828499972820282
YCR077C,YGR020C,0,-5.6106043,0.07542958855628967,0.6759999990463257,0.8285999894142151
YKL189W,YNL326C,0,-5.6106305,0.07542117685079575,0.6759999990463257,0.8287000060081482
YDR071C,YPL193W,0,-5.6107187,0.07541276514530182,0.6759999990463257,0.8288000226020813
YOR361C,YJL047C,0,-5.6110992,0.07540435343980789,0.6759999990463257,0.8288999795913696
YER104W,YDR356W,0,-5.611177,0.07539594173431396,0.6759999990463257,0.8289999961853027
YDL092W,YLR262C,0,-5.611407,0.07538753002882004,0.6759999990463257,0.8291000127792358
YGR013W,YFR003C,0,-5.6122937,0.07537912577390671,0.6759999990463257,0.829200029373169
YPR186C,YPL122C,1,-5.612296,0.07548221945762634,0.6769999861717224,0.829200029373169
YMR309C,YLR020C,0,-5.6123266,0.07547380030155182,0.6769999861717224,0.8292999863624573
YDR423C,YDR023W,0,-5.612464,0.07546538859605789,0.6769999861717224,0.8294000029563904
YLR226W,YJR119C,0,-5.6125956,0.07545697689056396,0.6769999861717224,0.8295000195503235
YBL074C,YGL251C,0,-5.61299,0.07544856518507004,0.6769999861717224,0.8295999765396118
YMR068W,YMR203W,0,-5.6133385,0.07544016093015671,0.6769999861717224,0.8296999931335449
YAR002W,YGR074W,0,-5.613553,0.07543175667524338,0.6769999861717224,0.829800009727478
YOL089C,YCR042C,1,-5.613603,0.07553476095199585,0.6779999732971191,0.829800009727478
YDR386W,YKR008W,0,-5.613719,0.07552634179592133,0.6779999732971191,0.8299000263214111
YML032C,YJL156C,0,-5.6139593,0.0755179300904274,0.6779999732971191,0.8299999833106995
YOR354C,YDR464W,0,-5.6140437,0.07550952583551407,0.6779999732971191,0.8300999999046326
YAL041W,YOR150W,0,-5.6145086,0.07550111413002014,0.6779999732971191,0.8302000164985657
YPR186C,YDR460W,1,-5.6148367,0.07560405135154724,0.6790000200271606,0.8302000164985657
YLR298C,YGL210W,0,-5.615512,0.07559563219547272,0.6790000200271606,0.830299973487854
YPR186C,YDR145W,1,-5.6156025,0.07569853961467743,0.6800000071525574,0.830299973487854
YLR254C,YNL097C,0,-5.6157064,0.07569011300802231,0.6800000071525574,0.8303999900817871
YGR075C,YOR279C,0,-5.617141,0.07568169385194778,0.6800000071525574,0.8305000066757202
YOL149W,YJR035W,0,-5.6182337,0.07567326724529266,0.6800000071525574,0.8306000232696533
YFR021W,YFR031C,0,-5.6186056,0.07566484808921814,0.6800000071525574,0.8306999802589417
YOR023C,YDR498C,0,-5.618635,0.07565642893314362,0.6800000071525574,0.8307999968528748
YDR069C,YMR047C,0,-5.6192226,0.07564801722764969,0.6800000071525574,0.8309000134468079
YJR055W,YCR033W,0,-5.619468,0.07563959807157516,0.6800000071525574,0.8309999704360962
YNL192W,YOR103C,0,-5.619484,0.07563118636608124,0.6800000071525574,0.8310999870300293
YGL207W,YPR056W,1,-5.6198354,0.07573398947715759,0.6809999942779541,0.8310999870300293
YBR133C,YJL073W,0,-5.6198773,0.07572556287050247,0.6809999942779541,0.8312000036239624
YBL047C,YIR021W,0,-5.619883,0.07571714371442795,0.6809999942779541,0.8313000202178955
YBR234C,YMR156C,0,-5.620513,0.07570872455835342,0.6809999942779541,0.8313999772071838
YLR370C,YLR008C,0,-5.621295,0.0757003128528595,0.6809999942779541,0.8314999938011169
YML094W,YOL011W,0,-5.621523,0.07569189369678497,0.6809999942779541,0.83160001039505
YHR091C,YCR008W,0,-5.621887,0.07568348199129105,0.6809999942779541,0.8317000269889832
YOR245C,YJL047C,0,-5.62222,0.07567507773637772,0.6809999942779541,0.8317999839782715
YDR245W,YKL040C,0,-5.6224957,0.07566666603088379,0.6809999942779541,0.8319000005722046
YGL025C,YOR076C,0,-5.623014,0.07565826177597046,0.6809999942779541,0.8320000171661377
YMR264W,YOL097C,0,-5.6230955,0.07564985752105713,0.6809999942779541,0.832099974155426
YCR075C,YDL188C,0,-5.6232767,0.0756414532661438,0.6809999942779541,0.8321999907493591
YIL128W,YJR049C,0,-5.623524,0.07563304901123047,0.6809999942779541,0.8323000073432922
YER016W,YOL094C,0,-5.6243925,0.07562465220689774,0.6809999942779541,0.8324000239372253
YBR070C,YJL024C,0,-5.625044,0.075616255402565,0.6809999942779541,0.8324999809265137
YCL055W,YDR062W,0,-5.625451,0.07560785859823227,0.6809999942779541,0.8325999975204468
YPL195W,YBR201W,0,-5.6256266,0.07559946924448013,0.6809999942779541,0.8327000141143799
YDR122W,YML105C,0,-5.6260233,0.0755910724401474,0.6809999942779541,0.8327999711036682
YOR279C,YPL089C,0,-5.62632,0.07558268308639526,0.6809999942779541,0.8328999876976013
YBL047C,YDL153C,0,-5.6265087,0.07557430118322372,0.6809999942779541,0.8330000042915344
YHL034C,YMR039C,0,-5.6269617,0.07556591182947159,0.6809999942779541,0.8331000208854675
YKL145W,YHR069C,0,-5.627247,0.07555752992630005,0.6809999942779541,0.8331999778747559
YHR024C,YKL126W,0,-5.6274323,0.07554914802312851,0.6809999942779541,0.833299994468689
YGR252W,YLL031C,0,-5.6277657,0.07554076611995697,0.6809999942779541,0.8334000110626221
YOR140W,YLR398C,0,-5.6278944,0.07553238421678543,0.6809999942779541,0.8335000276565552
YPL118W,YDR086C,0,-5.6284037,0.07552400976419449,0.6809999942779541,0.8335999846458435
YDR295C,YBR119W,0,-5.628539,0.07551563531160355,0.6809999942779541,0.8337000012397766
YDR145W,YPL129W,1,-5.628997,0.07561814039945602,0.6819999814033508,0.8337000012397766
YPL115C,YKL179C,0,-5.629379,0.07560975849628448,0.6819999814033508,0.8338000178337097
YIL115C,YNL064C,0,-5.629404,0.07560137659311295,0.6819999814033508,0.833899974822998
YBR234C,YOR159C,0,-5.629431,0.0755929946899414,0.6819999814033508,0.8339999914169312
YDR194C,YDR243C,0,-5.6299214,0.07558462023735046,0.6819999814033508,0.8341000080108643
YDR178W,YNL167C,0,-5.630326,0.07557623833417892,0.6819999814033508,0.8342000246047974
YBR048W,YMR146C,0,-5.630701,0.07556786388158798,0.6819999814033508,0.8342999815940857
YKL160W,YBR237W,0,-5.63101,0.07555949687957764,0.6819999814033508,0.8343999981880188
YMR298W,YMR021C,0,-5.6311235,0.0755511224269867,0.6819999814033508,0.8345000147819519
YNL082W,YFL008W,0,-5.6312532,0.07554275542497635,0.6819999814033508,0.8345999717712402
YFR051C,YMR016C,0,-5.6316824,0.075534388422966,0.6819999814033508,0.8346999883651733
YGR221C,YKR053C,0,-5.632081,0.07552602142095566,0.6819999814033508,0.8348000049591064
YGR217W,YLR130C,0,-5.632348,0.07551766186952591,0.6819999814033508,0.8349000215530396
YDL108W,YNL257C,1,-5.6323533,0.07562001794576645,0.6830000281333923,0.8349000215530396
YDR167W,YPL011C,1,-5.633152,0.0757223516702652,0.6840000152587891,0.8349000215530396
YOR159C,YOL105C,0,-5.633967,0.07571396976709366,0.6840000152587891,0.8349999785423279
YOL088C,YNR047W,0,-5.634284,0.07570558786392212,0.6840000152587891,0.835099995136261
YPR020W,YDL111C,0,-5.6349926,0.07569721341133118,0.6840000152587891,0.8352000117301941
YNL177C,YPR113W,0,-5.6351585,0.07568883150815964,0.6840000152587891,0.8353000283241272
YDR118W,YGR075C,0,-5.635235,0.0756804570555687,0.6840000152587891,0.8353999853134155
YOR221C,YPL010W,0,-5.6357703,0.07567209005355835,0.6840000152587891,0.8355000019073486
YDR265W,YBR087W,0,-5.6366816,0.07566371560096741,0.6840000152587891,0.8356000185012817
YDL174C,YNL268W,0,-5.637307,0.07565534859895706,0.6840000152587891,0.8356999754905701
YPL270W,YDR245W,0,-5.6375165,0.07564698159694672,0.6840000152587891,0.8357999920845032
YOR058C,YIL105C,0,-5.637762,0.07563861459493637,0.6840000152587891,0.8359000086784363
YDL226C,YKR072C,0,-5.6388474,0.07563025504350662,0.6840000152587891,0.8360000252723694
YBR201W,YJL208C,0,-5.639737,0.07562188804149628,0.6840000152587891,0.8360999822616577
YMR052W,YKL141W,0,-5.640011,0.07561352849006653,0.6840000152587891,0.8361999988555908
YFR029W,YGR253C,0,-5.6408257,0.07560517638921738,0.6840000152587891,0.8363000154495239
YDL099W,YIL048W,0,-5.641506,0.07559681683778763,0.6840000152587891,0.8363999724388123
YOL051W,YIR011C,0,-5.641656,0.07558846473693848,0.6840000152587891,0.8364999890327454
YBR199W,YNL049C,0,-5.6420517,0.07558011263608932,0.6840000152587891,0.8366000056266785
YOR241W,YOR083W,0,-5.6421227,0.07557176053524017,0.6840000152587891,0.8367000222206116
YBR167C,YNL154C,0,-5.6425276,0.07556340843439102,0.6840000152587891,0.8367999792098999
YDR404C,YGR081C,0,-5.643794,0.07555506378412247,0.6840000152587891,0.836899995803833
YER148W,YPL011C,1,-5.6440706,0.07565716654062271,0.6850000023841858,0.836899995803833
YDR054C,YIL053W,0,-5.644167,0.07564881443977356,0.6850000023841858,0.8370000123977661
YNL257C,YGL207W,1,-5.644854,0.07575087994337082,0.6859999895095825,0.8370000123977661
YOR233W,YLR138W,0,-5.6449003,0.07574252039194107,0.6859999895095825,0.8371000289916992
YGL166W,YOL089C,1,-5.6452494,0.07584455609321594,0.6869999766349792,0.8371000289916992
YPR186C,YBR123C,1,-5.6453333,0.07594656944274902,0.6880000233650208,0.8371000289916992
YBR059C,YOR253W,0,-5.6470375,0.07593818753957748,0.6880000233650208,0.8371999859809875
YMR008C,YOR259C,0,-5.6471496,0.07592980563640594,0.6880000233650208,0.8373000025749207
YML116W,YCR075C,0,-5.6471567,0.075921431183815,0.6880000233650208,0.8374000191688538
YOR109W,YDR162C,0,-5.647298,0.07591305673122406,0.6880000233650208,0.8374999761581421
YGR267C,YPL001W,0,-5.6476917,0.07590467482805252,0.6880000233650208,0.8375999927520752
YMR179W,YBR273C,0,-5.6480618,0.07589630782604218,0.6880000233650208,0.8377000093460083
YJL011C,YPR086W,1,-5.648694,0.0759982317686081,0.6890000104904175,0.8377000093460083
YAL029C,YDR498C,0,-5.6487904,0.07598984986543655,0.6890000104904175,0.8378000259399414
YGR229C,YBR289W,0,-5.6494207,0.07598147541284561,0.6890000104904175,0.8378999829292297
YLR068W,YPR036W,0,-5.6498117,0.07597309350967407,0.6890000104904175,0.8379999995231628
YOR005C,YKL068W,0,-5.650857,0.07596471905708313,0.6890000104904175,0.838100016117096
YHR193C,YLR266C,0,-5.6512117,0.07595634460449219,0.6890000104904175,0.8381999731063843
YEL015W,YOL012C,0,-5.6513143,0.07594797015190125,0.6890000104904175,0.8382999897003174
YOL003C,YOL004W,0,-5.651371,0.0759396031498909,0.6890000104904175,0.8384000062942505
YGL019W,YOR159C,0,-5.6514826,0.07593122869729996,0.6890000104904175,0.8385000228881836
YFR024C-A,YML021C,0,-5.6516023,0.07592286169528961,0.6890000104904175,0.8385999798774719
YPR008W,YER028C,1,-5.651739,0.07602468132972717,0.6899999976158142,0.8385999798774719
YOR320C,YBL020W,0,-5.6518383,0.07601630687713623,0.6899999976158142,0.838699996471405
YEL037C,YPR102C,0,-5.6523247,0.07600793242454529,0.6899999976158142,0.8388000130653381
YJR076C,YDR416W,0,-5.653139,0.07599955797195435,0.6899999976158142,0.8389000296592712
YKL040C,YGR082W,0,-5.653815,0.075991190969944,0.6899999976158142,0.8389999866485596
YBR034C,YGR118W,0,-5.653941,0.07598282396793365,0.6899999976158142,0.8391000032424927
YKR035W-A,YER013W,0,-5.6543,0.07597445696592331,0.6899999976158142,0.8392000198364258
YGR038W,YGL244W,0,-5.654367,0.07596608996391296,0.6899999976158142,0.8392999768257141
YDR311W,YAL001C,1,-5.65438,0.07606781274080276,0.6909999847412109,0.8392999768257141
YDR091C,YMR156C,0,-5.654459,0.07605943828821182,0.6909999847412109,0.8393999934196472
YLR256W,YGR121C,0,-5.6545105,0.07605107128620148,0.6909999847412109,0.8395000100135803
YBR179C,YLL035W,0,-5.654564,0.07604269683361053,0.6909999847412109,0.8396000266075134
YBR015C,YBL014C,0,-5.6550426,0.07603432983160019,0.6909999847412109,0.8396999835968018
YMR213W,YML013W,0,-5.655122,0.07602596282958984,0.6909999847412109,0.8398000001907349
YHR019C,YKL195W,0,-5.655165,0.0760176032781601,0.6909999847412109,0.839900016784668
YJL167W,YGL211W,0,-5.6557817,0.07600923627614975,0.6909999847412109,0.8399999737739563
YER088C,YDR507C,0,-5.6561203,0.07600087672472,0.6909999847412109,0.8400999903678894
YLR246W,YOR272W,0,-5.6563416,0.07599252462387085,0.6909999847412109,0.8402000069618225
YKL149C,YDR208W,0,-5.656659,0.0759841650724411,0.6909999847412109,0.8403000235557556
YFR028C,YOR244W,0,-5.656705,0.07597581297159195,0.6909999847412109,0.840399980545044
YDL165W,YML046W,0,-5.657037,0.0759674608707428,0.6909999847412109,0.840499997138977
YLR220W,YPL146C,0,-5.6578617,0.07595910876989365,0.6909999847412109,0.8406000137329102
YNR058W,YKR007W,0,-5.6579833,0.0759507566690445,0.6909999847412109,0.8406999707221985
YKL048C,YLR047C,0,-5.6581473,0.07594241201877594,0.6909999847412109,0.8407999873161316
YLR117C,YGL175C,0,-5.658353,0.07593406736850739,0.6909999847412109,0.8409000039100647
YDR118W,YIL035C,0,-5.659235,0.07592572271823883,0.6909999847412109,0.8410000205039978
YNL082W,YNL221C,0,-5.6594334,0.07591737806797028,0.6909999847412109,0.8410999774932861
YER148W,YML015C,1,-5.6595697,0.07601889222860336,0.6919999718666077,0.8410999774932861
YLL011W,YOL138C,0,-5.659854,0.07601054757833481,0.6919999718666077,0.8411999940872192
YIL033C,YDR075W,0,-5.660258,0.07600219547748566,0.6919999718666077,0.8413000106811523
YGR129W,YMR088C,0,-5.661639,0.0759938508272171,0.6919999718666077,0.8414000272750854
YOL042W,YDR028C,0,-5.661643,0.07598550617694855,0.6919999718666077,0.8414999842643738
YOR067C,YDR023W,0,-5.662129,0.07597716152667999,0.6919999718666077,0.8416000008583069
YBL005W,YER104W,0,-5.662921,0.07596882432699203,0.6919999718666077,0.84170001745224
YDR412W,YPL002C,0,-5.663188,0.07596047967672348,0.6919999718666077,0.8417999744415283
YNL258C,YKL012W,0,-5.6634727,0.07595214247703552,0.6919999718666077,0.8418999910354614
YJR052W,YNL167C,0,-5.6635017,0.07594381272792816,0.6919999718666077,0.8420000076293945
YDR255C,YDR086C,0,-5.663637,0.0759354755282402,0.6919999718666077,0.8421000242233276
YOR298C-A,YNL007C,0,-5.66388,0.07592714577913284,0.6919999718666077,0.842199981212616
YDR507C,YBR280C,0,-5.663949,0.07591881603002548,0.6919999718666077,0.8422999978065491
YFL048C,YDR394W,0,-5.66401,0.07591048628091812,0.6919999718666077,0.8424000144004822
YPR009W,YNL093W,0,-5.6640387,0.07590216398239136,0.6919999718666077,0.8424999713897705
YDL155W,YJL127C,0,-5.6647043,0.075893834233284,0.6919999718666077,0.8425999879837036
YBL080C,YIL008W,0,-5.6651196,0.07588551193475723,0.6919999718666077,0.8427000045776367
YGL087C,YCL043C,0,-5.665325,0.07587718963623047,0.6919999718666077,0.8428000211715698
YMR083W,YDR166C,0,-5.665451,0.0758688747882843,0.6919999718666077,0.8428999781608582
YDR311W,YDR079C-A,1,-5.665539,0.07597018033266068,0.6930000185966492,0.8428999781608582
YMR227C,YOR194C,1,-5.665699,0.07607147097587585,0.6940000057220459,0.8428999781608582
YPL117C,YBR103W,0,-5.6657295,0.0760631337761879,0.6940000057220459,0.8429999947547913
YBL103C,YOR110W,1,-5.666323,0.07616438716650009,0.6949999928474426,0.8429999947547913
YKR066C,YER001W,0,-5.6666474,0.07615603506565094,0.6949999928474426,0.8431000113487244
YER040W,YMR281W,0,-5.6667786,0.07614769041538239,0.6949999928474426,0.8432000279426575
YGR083C,YML105C,0,-5.666827,0.07613935321569443,0.6949999928474426,0.8432999849319458
YOR109W,YOL064C,0,-5.6673274,0.07613100856542587,0.6949999928474426,0.8434000015258789
YNL032W,YFL008W,0,-5.6673393,0.07612267136573792,0.6949999928474426,0.843500018119812
YGR145W,YML007W,0,-5.667405,0.07611433416604996,0.6949999928474426,0.8435999751091003
YER017C,YJL087C,0,-5.667433,0.0761060044169426,0.6949999928474426,0.8436999917030334
YOR204W,YGL008C,0,-5.6675944,0.07609766721725464,0.6949999928474426,0.8438000082969666
YPR186C,YPL011C,1,-5.6679897,0.07619881629943848,0.6959999799728394,0.8438000082969666
YHR031C,YOR057W,0,-5.6687336,0.07619047909975052,0.6959999799728394,0.8439000248908997
YIL143C,YOR110W,1,-5.668769,0.07629159092903137,0.6970000267028809,0.8439000248908997
YNL039W,YGL112C,1,-5.6692295,0.07639268785715103,0.6980000138282776,0.8439000248908997
YKL089W,YMR200W,0,-5.669383,0.07638432830572128,0.6980000138282776,0.843999981880188
YMR038C,YMR302C,0,-5.669912,0.07637596875429153,0.6980000138282776,0.8440999984741211
YFL037W,YML124C,0,-5.670304,0.07636761665344238,0.6980000138282776,0.8442000150680542
YKL057C,YLR447C,0,-5.67103,0.07635925710201263,0.6980000138282776,0.8442999720573425
YOL086C,YFL033C,0,-5.6710467,0.07635090500116348,0.6980000138282776,0.8443999886512756
YML015C,YPL011C,1,-5.6714563,0.07645192742347717,0.6990000009536743,0.8443999886512756
YMR314W,YBL088C,0,-5.6716967,0.07644356787204742,0.6990000009536743,0.8445000052452087
YDL166C,YIL106W,0,-5.6731215,0.07643520832061768,0.6990000009536743,0.8446000218391418
YOR123C,YOR254C,0,-5.673344,0.07642685621976852,0.6990000009536743,0.8446999788284302
YOL001W,YNL082W,0,-5.6735015,0.07641849666833878,0.6990000009536743,0.8447999954223633
YOL108C,YDL044C,0,-5.673843,0.07641014456748962,0.6990000009536743,0.8449000120162964
YGR238C,YLR020C,0,-5.674263,0.07640179246664047,0.6990000009536743,0.8450000286102295
YLR028C,YHL031C,0,-5.6751337,0.07639344036579132,0.6990000009536743,0.8450999855995178
YER171W,YLR005W,1,-5.676682,0.07649437338113785,0.699999988079071,0.8450999855995178
YHR077C,YNL267W,0,-5.6771812,0.0764860138297081,0.699999988079071,0.8452000021934509
YDR434W,YIL063C,0,-5.677761,0.07647765427827835,0.699999988079071,0.845300018787384
YDR245W,YDR200C,0,-5.67784,0.0764693021774292,0.699999988079071,0.8453999757766724
YCL067C,YBR043C,0,-5.678124,0.07646095007658005,0.699999988079071,0.8454999923706055
YNL268W,YMR273C,0,-5.678675,0.0764525979757309,0.699999988079071,0.8456000089645386
YOR037W,YFR048W,0,-5.680236,0.07644425332546234,0.699999988079071,0.8457000255584717
YGR003W,YGL252C,0,-5.6805563,0.07643590122461319,0.699999988079071,0.84579998254776
YJL013C,YBR297W,0,-5.680951,0.07642755657434464,0.699999988079071,0.8458999991416931
YBR112C,YJL134W,0,-5.681079,0.07641921192407608,0.699999988079071,0.8460000157356262
YGL166W,YOR110W,1,-5.6817155,0.07652003318071365,0.7009999752044678,0.8460000157356262
YPR138C,YJL117W,0,-5.682128,0.0765116810798645,0.7009999752044678,0.8460999727249146
YBR160W,YLR105C,0,-5.682285,0.07650332897901535,0.7009999752044678,0.8461999893188477
YPR008W,YJL011C,1,-5.682512,0.07660410553216934,0.7020000219345093,0.8461999893188477
YBL090W,YAL043C,0,-5.6826487,0.0765957459807396,0.7020000219345093,0.8463000059127808
YGL245W,YPL002C,0,-5.682802,0.07658738642930984,0.7020000219345093,0.8464000225067139
YBR201W,YER024W,0,-5.6829185,0.0765790343284607,0.7020000219345093,0.8464999794960022
YNL047C,YGL049C,0,-5.6830053,0.07657068222761154,0.7020000219345093,0.8465999960899353
YDR335W,YMR309C,0,-5.6832943,0.07656233012676239,0.7020000219345093,0.8467000126838684
YOL089C,YDL108W,1,-5.683484,0.07666303217411041,0.703000009059906,0.8467000126838684
YJL091C,YMR270C,0,-5.6835084,0.07665467262268066,0.703000009059906,0.8468000292778015
YHR026W,YDL120W,0,-5.68383,0.07664631307125092,0.703000009059906,0.8468999862670898
YDR276C,YDR324C,0,-5.6839743,0.07663796097040176,0.703000009059906,0.847000002861023
YOL089C,YDR145W,1,-5.6842003,0.07673861086368561,0.7039999961853027,0.847000002861023
YBR212W,YJL054W,0,-5.684327,0.07673024386167526,0.7039999961853027,0.847100019454956
YNL080C,YLL022C,0,-5.6843295,0.07672188431024551,0.7039999961853027,0.8471999764442444
YOR034C,YFR021W,0,-5.685128,0.07671352475881577,0.7039999961853027,0.8472999930381775
YOL135C,YPL153C,0,-5.6853685,0.07670516520738602,0.7039999961853027,0.8474000096321106
YGR229C,YOR359W,0,-5.68571,0.07669680565595627,0.7039999961853027,0.8475000262260437
YOR001W,YOR256C,0,-5.6860356,0.07668845355510712,0.7039999961853027,0.847599983215332
YLR085C,YPR176C,0,-5.6861444,0.07668010145425797,0.7039999961853027,0.8476999998092651
YML110C,YGR048W,0,-5.6864567,0.07667174935340881,0.7039999961853027,0.8478000164031982
YER021W,YPL042C,0,-5.6869473,0.07666339725255966,0.7039999961853027,0.8478999733924866
YLR114C,YLL036C,0,-5.6870317,0.07665505260229111,0.7039999961853027,0.8479999899864197
YCR028C,YMR225C,0,-5.6870756,0.07664670795202255,0.7039999961853027,0.8481000065803528
YPL177C,YFL021W,1,-5.687215,0.07674722373485565,0.7049999833106995,0.8481000065803528
YLR005W,YML098W,1,-5.6872187,0.07684771716594696,0.7059999704360962,0.8481000065803528
YJL110C,YBR185C,0,-5.6876984,0.07683935761451721,0.7059999704360962,0.8482000231742859
YMR014W,YNL071W,0,-5.6878757,0.07683099061250687,0.7059999704360962,0.8482999801635742
YOL082W,YOR132W,0,-5.68826,0.07682263106107712,0.7059999704360962,0.8483999967575073
YKR099W,YAL016W,0,-5.6885786,0.07681427150964737,0.7059999704360962,0.8485000133514404
YDR163W,YGR193C,0,-5.6887236,0.07680591940879822,0.7059999704360962,0.8485999703407288
YML023C,YHR181W,0,-5.688964,0.07679755985736847,0.7059999704360962,0.8486999869346619
YMR188C,YGL092W,0,-5.689112,0.07678920775651932,0.7059999704360962,0.848800003528595
YLR450W,YKR022C,0,-5.689522,0.07678085565567017,0.7059999704360962,0.8489000201225281
YPL115C,YPR139C,0,-5.6896963,0.07677251100540161,0.7059999704360962,0.8489999771118164
YGR098C,YOR116C,0,-5.690006,0.07676415890455246,0.7059999704360962,0.8490999937057495
YMR161W,YPL019C,0,-5.690214,0.0767558142542839,0.7059999704360962,0.8492000102996826
YJL117W,YDL195W,0,-5.6902294,0.07674746960401535,0.7059999704360962,0.8493000268936157
YFL005W,YOL110W,0,-5.6903276,0.07673913240432739,0.7059999704360962,0.849399983882904
YML098W,YPL122C,1,-5.690412,0.07683947682380676,0.7070000171661377,0.849399983882904
YDR460W,YDR362C,1,-5.690454,0.07693979889154434,0.7080000042915344,0.849399983882904
YGR162W,YOL006C,0,-5.690633,0.076931431889534,0.7080000042915344,0.8495000004768372
YJL005W,YBR082C,0,-5.6907043,0.07692307978868484,0.7080000042915344,0.8496000170707703
YDR375C,YDR388W,0,-5.691035,0.0769147202372551,0.7080000042915344,0.8496999740600586
YBR004C,YGR086C,0,-5.691478,0.07690636813640594,0.7080000042915344,0.8497999906539917
YLR163C,YOL097C,0,-5.6918077,0.0768980160355568,0.7080000042915344,0.8499000072479248
YNL256W,YBL007C,0,-5.6919184,0.07688966393470764,0.7080000042915344,0.8500000238418579
YKL112W,YLR363C,0,-5.6919765,0.07688131183385849,0.7080000042915344,0.8500999808311462
YOR110W,YGR186W,1,-5.6923103,0.0769815444946289,0.7089999914169312,0.8500999808311462
YGL253W,YPR163C,0,-5.6931567,0.07697318494319916,0.7089999914169312,0.8501999974250793
YMR138W,YPR139C,0,-5.693433,0.07696482539176941,0.7089999914169312,0.8503000140190125
YLL060C,YNL088W,0,-5.693986,0.07695647329092026,0.7089999914169312,0.8503999710083008
YOR236W,YGR244C,0,-5.6945877,0.0769481211900711,0.7089999914169312,0.8504999876022339
YDR005C,YHR118C,0,-5.6947327,0.07693976908922195,0.7089999914169312,0.850600004196167
YJL013C,YLR025W,0,-5.6951823,0.0769314244389534,0.7089999914169312,0.8507000207901001
YLR347C,YGR170W,0,-5.695532,0.07692307978868484,0.7089999914169312,0.8507999777793884
YMR012W,YNL136W,0,-5.696315,0.07691473513841629,0.7089999914169312,0.8508999943733215
YGL005C,YGL126W,0,-5.696927,0.07690639048814774,0.7089999914169312,0.8510000109672546
YLL006W,YOL033W,0,-5.6972647,0.07689804583787918,0.7089999914169312,0.8511000275611877
YBL030C,YGR009C,0,-5.6975546,0.07688970863819122,0.7089999914169312,0.8511999845504761
YOR363C,YPL214C,0,-5.698777,0.07688137143850327,0.7089999914169312,0.8513000011444092
YCL051W,YPR133C,0,-5.6992626,0.07687303423881531,0.7089999914169312,0.8514000177383423
YDR118W,YGL011C,0,-5.699583,0.07686470448970795,0.7089999914169312,0.8514999747276306
YDR434W,YMR314W,0,-5.6996765,0.07685636729001999,0.7089999914169312,0.8515999913215637
YPL271W,YAL033W,0,-5.699832,0.07684803754091263,0.7089999914169312,0.8517000079154968
YJR068W,YDL150W,0,-5.7006173,0.07683970779180527,0.7089999914169312,0.8518000245094299
YJL198W,YDR381W,0,-5.7007494,0.0768313854932785,0.7089999914169312,0.8518999814987183
YCR082W,YKL046C,0,-5.7010927,0.07682305574417114,0.7089999914169312,0.8519999980926514
YPL271W,YIL115C,0,-5.701109,0.07681473344564438,0.7089999914169312,0.8521000146865845
YLR370C,YML023C,0,-5.7015257,0.07680641114711761,0.7089999914169312,0.8521999716758728
YGL005C,YER145C,0,-5.701688,0.07679809629917145,0.7089999914169312,0.8522999882698059
YKL046C,YMR153W,0,-5.7017574,0.07678977400064468,0.7089999914169312,0.852400004863739
YGL166W,YGL112C,1,-5.7021794,0.0768897533416748,0.7099999785423279,0.852400004863739
YHR027C,YDR389W,0,-5.702264,0.07688143104314804,0.7099999785423279,0.8525000214576721
YHR118C,YDL194W,0,-5.7023783,0.07687310874462128,0.7099999785423279,0.8525999784469604
YAL001C,YOR110W,1,-5.7035584,0.07697304338216782,0.7110000252723694,0.8525999784469604
YNL242W,YMR213W,0,-5.703813,0.07696471363306046,0.7110000252723694,0.8526999950408936
YLR310C,YPL015C,0,-5.7039576,0.0769563838839531,0.7110000252723694,0.8528000116348267
YJR118C,YBR024W,0,-5.704032,0.07694805413484573,0.7110000252723694,0.8529000282287598
YMR184W,YOR362C,0,-5.7045007,0.07693972438573837,0.7110000252723694,0.8529999852180481
YOR354C,YMR076C,0,-5.7047405,0.07693140208721161,0.7110000252723694,0.8531000018119812
YLR005W,YGR186W,1,-5.705575,0.07703126966953278,0.7120000123977661,0.8531000018119812
YJR089W,YMR149W,0,-5.705621,0.07702293246984482,0.7120000123977661,0.8532000184059143
YML062C,YER021W,0,-5.7058654,0.07701460272073746,0.7120000123977661,0.8532999753952026
YIL004C,YDR080W,0,-5.70621,0.0770062729716301,0.7120000123977661,0.8533999919891357
YBR234C,YDR037W,0,-5.7063627,0.07699794322252274,0.7120000123977661,0.8535000085830688
YGL207W,YPL129W,1,-5.7066774,0.07709775120019913,0.7129999995231628,0.8535000085830688
YDR375C,YDR129C,0,-5.707806,0.07708941400051117,0.7129999995231628,0.853600025177002
YPL078C,YJL080C,0,-5.707863,0.07708108425140381,0.7129999995231628,0.8536999821662903
YGR095C,YPR125W,0,-5.7084117,0.07707274705171585,0.7129999995231628,0.8537999987602234
YNL047C,YPL253C,0,-5.708562,0.07706441730260849,0.7129999995231628,0.8539000153541565
YLL022C,YBR228W,0,-5.708584,0.07705608755350113,0.7129999995231628,0.8539999723434448
YNL281W,YGR119C,0,-5.7087574,0.07704776525497437,0.7129999995231628,0.8540999889373779
YPR008W,YMR227C,1,-5.708844,0.07714749127626419,0.7139999866485596,0.8540999889373779
YFR014C,YLR449W,0,-5.70887,0.07713915407657623,0.7139999866485596,0.854200005531311
YDL134C,YJL069C,0,-5.7090864,0.07713081687688828,0.7139999866485596,0.8543000221252441
YDR311W,YOR110W,1,-5.7100954,0.07723050564527512,0.7149999737739563,0.8543000221252441
YGR119C,YMR270C,0,-5.7102437,0.07722216099500656,0.7149999737739563,0.8543999791145325
YOL144W,YOR359W,0,-5.7103653,0.0772138237953186,0.7149999737739563,0.8544999957084656
YLL061W,YLR007W,0,-5.710534,0.07720548659563065,0.7149999737739563,0.8546000123023987
YNL258C,YOR057W,0,-5.7107306,0.07719714939594269,0.7149999737739563,0.8547000288963318
YNL020C,YBR253W,0,-5.710782,0.07718881219625473,0.7149999737739563,0.8547999858856201
YML015C,YBR123C,1,-5.7116785,0.0772884264588356,0.7160000205039978,0.8547999858856201
YEL042W,YGL113W,0,-5.711815,0.07728008925914764,0.7160000205039978,0.8549000024795532
YGL061C,YOR142W,0,-5.711961,0.07727174460887909,0.7160000205039978,0.8550000190734863
YNL281W,YGL100W,0,-5.712099,0.07726340740919113,0.7160000205039978,0.8550999760627747
YLR220W,YML046W,0,-5.7130003,0.07725507020950317,0.7160000205039978,0.8551999926567078
YML102W,YDR359C,0,-5.7130275,0.07724673300981522,0.7160000205039978,0.8553000092506409
YPR144C,YDR120C,0,-5.7132688,0.07723840326070786,0.7160000205039978,0.855400025844574
YBL019W,YKL149C,0,-5.714216,0.0772300735116005,0.7160000205039978,0.8554999828338623
YKL212W,YDR077W,0,-5.71445,0.07722174376249313,0.7160000205039978,0.8555999994277954
YFL021W,YLR005W,1,-5.714934,0.07732125371694565,0.7170000076293945,0.8555999994277954
YJR089W,YJL117W,0,-5.7149925,0.07731291651725769,0.7170000076293945,0.8557000160217285
YNL230C,YBL052C,0,-5.715752,0.07730457931756973,0.7170000076293945,0.8557999730110168
YPL022W,YEL037C,0,-5.7159386,0.07729624956846237,0.7170000076293945,0.85589998960495
YML080W,YDL065C,0,-5.7160053,0.07728791981935501,0.7170000076293945,0.8560000061988831
YPL212C,YNL186W,0,-5.7160306,0.07727958261966705,0.7170000076293945,0.8561000227928162
YIL052C,YNL070W,0,-5.716071,0.07727126032114029,0.7170000076293945,0.8561999797821045
YML098W,YDR362C,1,-5.7161183,0.07737068831920624,0.7179999947547913,0.8561999797821045
YMR125W,YJL054W,0,-5.7168484,0.07736235111951828,0.7179999947547913,0.8562999963760376
YPL156C,YNL047C,0,-5.716914,0.07735402137041092,0.7179999947547913,0.8564000129699707
YPL255W,YPL060W,0,-5.7170515,0.07734568417072296,0.7179999947547913,0.8565000295639038
YLR350W,YHR084W,0,-5.717848,0.0773373544216156,0.7179999947547913,0.8565999865531921
YGL166W,YIL143C,1,-5.7179594,0.07743672281503677,0.718999981880188,0.8565999865531921
YDR194C,YIR006C,0,-5.71823,0.07742838561534882,0.718999981880188,0.8567000031471252
YLR228C,YER022W,0,-5.718895,0.07742004841566086,0.718999981880188,0.8568000197410583
YOL108C,YDL111C,0,-5.7194967,0.0774117112159729,0.718999981880188,0.8568999767303467
YNL232W,YHR190W,0,-5.7196255,0.07740338146686554,0.718999981880188,0.8569999933242798
YDL166C,YGR038W,0,-5.720516,0.07739505171775818,0.718999981880188,0.8571000099182129
YBR107C,YOR171C,0,-5.720855,0.07738672196865082,0.718999981880188,0.857200026512146
YFR048W,YCL032W,0,-5.7215295,0.07737839221954346,0.718999981880188,0.8572999835014343
YNL281W,YDL195W,0,-5.7219563,0.0773700624704361,0.718999981880188,0.8574000000953674
YDL108W,YML098W,1,-5.7220345,0.07746933400630951,0.7200000286102295,0.8574000000953674
YGL119W,YGR057C,0,-5.722288,0.07746100425720215,0.7200000286102295,0.8575000166893005
YER119C,YDL058W,0,-5.7224884,0.07745266705751419,0.7200000286102295,0.8575999736785889
YER088C,YDR389W,0,-5.722529,0.07744433730840683,0.7200000286102295,0.857699990272522
YGL112C,YMR227C,1,-5.722703,0.07754355669021606,0.7210000157356262,0.857699990272522
YGL195W,YJR004C,0,-5.7227435,0.0775352194905281,0.7210000157356262,0.8578000068664551
YDR437W,YNL082W,0,-5.724134,0.07752688229084015,0.7210000157356262,0.8579000234603882
YGR040W,YOR103C,0,-5.724395,0.07751854509115219,0.7210000157356262,0.8579999804496765
YPL224C,YGL244W,0,-5.7248178,0.07751021534204483,0.7210000157356262,0.8580999970436096
YDL005C,YGR024C,0,-5.7249117,0.07750187814235687,0.7210000157356262,0.8582000136375427
YDR236C,YBR272C,0,-5.7250834,0.07749354839324951,0.7210000157356262,0.858299970626831
YGR246C,YPR008W,1,-5.725116,0.07759269326925278,0.722000002861023,0.858299970626831
YNL256W,YJL117W,0,-5.725127,0.07758435606956482,0.722000002861023,0.8583999872207642
YDR298C,YOR149C,0,-5.7255025,0.07757601886987686,0.722000002861023,0.8585000038146973
YFR036W,YGR206W,0,-5.7258883,0.0775676816701889,0.722000002861023,0.8586000204086304
YFR033C,YBR087W,0,-5.7263546,0.07755935192108154,0.722000002861023,0.8586999773979187
YLR110C,YNL030W,0,-5.7266583,0.07755102217197418,0.722000002861023,0.8587999939918518
YBR021W,YDR395W,0,-5.727623,0.07754269242286682,0.722000002861023,0.8589000105857849
YCL035C,YJL141C,0,-5.7276454,0.07753436267375946,0.722000002861023,0.859000027179718
YKL046C,YDR395W,0,-5.7278566,0.0775260403752327,0.722000002861023,0.8590999841690063
YPL010W,YGR229C,0,-5.7283316,0.07751771807670593,0.722000002861023,0.8592000007629395
YGL112C,YDR362C,1,-5.728445,0.07761674374341965,0.7229999899864197,0.8592000007629395
YJL146W,YPL179W,0,-5.7287416,0.07760841399431229,0.7229999899864197,0.8593000173568726
YDL051W,YKL129C,0,-5.7294183,0.07760008424520493,0.7229999899864197,0.8593999743461609
YDR276C,YKR001C,0,-5.730032,0.07759175449609756,0.7229999899864197,0.859499990940094
YBR102C,YDL080C,0,-5.7301292,0.0775834321975708,0.7229999899864197,0.8596000075340271
YFL021W,YDR145W,1,-5.7301407,0.07768240571022034,0.7239999771118164,0.8596000075340271
YJL112W,YDL134C,0,-5.7308807,0.07767406851053238,0.7239999771118164,0.8597000241279602
YDL140C,YDL217C,0,-5.731303,0.07766573876142502,0.7239999771118164,0.8597999811172485
YOL054W,YDL120W,0,-5.7325354,0.07765740901231766,0.7239999771118164,0.8598999977111816
YJL134W,YDR081C,0,-5.7331066,0.0776490792632103,0.7239999771118164,0.8600000143051147
YHR005C,YDR194C,0,-5.7337127,0.07764074951410294,0.7239999771118164,0.8600999712944031
YOL126C,YDR212W,0,-5.7341857,0.07763242721557617,0.7239999771118164,0.8601999878883362
YIL068C,YDR078C,0,-5.7348146,0.07762410491704941,0.7239999771118164,0.8603000044822693
YMR021C,YNL097C,0,-5.734983,0.07761578261852264,0.7239999771118164,0.8604000210762024
YBR298C,YNL099C,0,-5.7349863,0.07760746031999588,0.7239999771118164,0.8604999780654907
YEL042W,YGR002C,0,-5.7351675,0.07759914547204971,0.7239999771118164,0.8605999946594238
YBR196C,YPL094C,0,-5.735228,0.07759082317352295,0.7239999771118164,0.8607000112533569
YMR070W,YMR203W,0,-5.7352686,0.07758250832557678,0.7239999771118164,0.86080002784729
YIL007C,YBR231C,0,-5.7355614,0.07757420092821121,0.7239999771118164,0.8608999848365784
YLR418C,YBR119W,0,-5.736761,0.07756588608026505,0.7239999771118164,0.8610000014305115
YKL068W,YKL019W,0,-5.737075,0.07755757868289948,0.7239999771118164,0.8611000180244446
YJR013W,YOL038W,0,-5.737078,0.0775492712855339,0.7239999771118164,0.8611999750137329
YMR211W,YCL051W,0,-5.737812,0.07754096388816833,0.7239999771118164,0.861299991607666
YNL292W,YGR082W,0,-5.7381406,0.07753266394138336,0.7239999771118164,0.8614000082015991
YPL096W,YLR130C,0,-5.7382317,0.07752435654401779,0.7239999771118164,0.8615000247955322
YML116W,YLR418C,0,-5.738602,0.07751605659723282,0.7239999771118164,0.8615999817848206
YNL070W,YOL125W,0,-5.739049,0.07750776410102844,0.7239999771118164,0.8616999983787537
YKL048C,YDR490C,0,-5.7393646,0.07749946415424347,0.7239999771118164,0.8618000149726868
YBR142W,YDL134C,0,-5.7399745,0.07749117165803909,0.7239999771118164,0.8618999719619751
YML126C,YPL243W,0,-5.7405066,0.07748287916183472,0.7239999771118164,0.8619999885559082
YDL085W,YOL097C,0,-5.7406483,0.07747458666563034,0.7239999771118164,0.8621000051498413
YHR181W,YPR024W,0,-5.7407455,0.07746629416942596,0.7239999771118164,0.8622000217437744
YHR086W,YDR059C,0,-5.7410173,0.07745800912380219,0.7239999771118164,0.8622999787330627
YMR202W,YJL104W,0,-5.741534,0.0774497240781784,0.7239999771118164,0.8623999953269958
YDR060W,YDR477W,0,-5.74156,0.07744143903255463,0.7239999771118164,0.862500011920929
YLR231C,YOL049W,0,-5.742095,0.07743315398693085,0.7239999771118164,0.8626000285148621
YJL014W,YBL006C,0,-5.7424026,0.07742487639188766,0.7239999771118164,0.8626999855041504
YBR298C,YDR328C,0,-5.742615,0.07741659879684448,0.7239999771118164,0.8628000020980835
YDL108W,YGL207W,1,-5.742871,0.07751523703336716,0.7250000238418579,0.8628000020980835
YMR092C,YMR080C,0,-5.743218,0.07750695198774338,0.7250000238418579,0.8629000186920166
YDR512C,YDL093W,0,-5.7438374,0.0774986669421196,0.7250000238418579,0.8629999756813049
YER027C,YDR265W,0,-5.744116,0.07749038189649582,0.7250000238418579,0.863099992275238
YBR112C,YML124C,0,-5.7441826,0.07748209685087204,0.7250000238418579,0.8632000088691711
YGL119W,YHR111W,0,-5.7442822,0.07747381925582886,0.7250000238418579,0.8633000254631042
YEL018W,YJR013W,0,-5.744465,0.07746554166078568,0.7250000238418579,0.8633999824523926
YLR423C,YBL052C,0,-5.744713,0.07745726406574249,0.7250000238418579,0.8634999990463257
YBR022W,YFR029W,0,-5.746207,0.07744899392127991,0.7250000238418579,0.8636000156402588
YOL089C,YLR005W,1,-5.746337,0.07754753530025482,0.7260000109672546,0.8636000156402588
YPL177C,YGL112C,1,-5.7472367,0.07764605432748795,0.7269999980926514,0.8636000156402588
YLR079W,YMR149W,0,-5.7474136,0.07763776183128357,0.7269999980926514,0.8636999726295471
YOR034C,YMR035W,0,-5.7474384,0.0776294693350792,0.7269999980926514,0.8637999892234802
YKR066C,YNL080C,0,-5.747961,0.07762118428945541,0.7269999980926514,0.8639000058174133
YPL259C,YNL201C,0,-5.748525,0.07761289924383163,0.7269999980926514,0.8640000224113464
YOR372C,YOR290C,0,-5.749508,0.07760461419820786,0.7269999980926514,0.8640999794006348
YMR172W,YPL153C,0,-5.749633,0.07759632915258408,0.7269999980926514,0.8641999959945679
YDR189W,YLR262C,0,-5.75033,0.0775880441069603,0.7269999980926514,0.864300012588501
YPR008W,YER171W,1,-5.750553,0.07768648117780685,0.7279999852180481,0.864300012588501
YCL011C,YKL140W,0,-5.750558,0.07767818868160248,0.7279999852180481,0.8644000291824341
YMR188C,YDL229W,0,-5.751072,0.0776699036359787,0.7279999852180481,0.8644999861717224
YMR072W,YNR003C,0,-5.7520514,0.07766161859035492,0.7279999852180481,0.8646000027656555
YBR207W,YHR069C,0,-5.7529945,0.07765333354473114,0.7279999852180481,0.8647000193595886
YJR076C,YPL237W,0,-5.754325,0.07764504849910736,0.7279999852180481,0.864799976348877
YPR008W,YBR198C,1,-5.7546997,0.07774341106414795,0.7289999723434448,0.864799976348877
YPL177C,YML015C,1,-5.7552357,0.07784175872802734,0.7300000190734863,0.864799976348877
YDR079W,YOR367W,0,-5.756008,0.07783345878124237,0.7300000190734863,0.8648999929428101
YHR190W,YGR024C,0,-5.756649,0.0778251588344574,0.7300000190734863,0.8650000095367432
YMR255W,YPR032W,0,-5.757,0.07781686633825302,0.7300000190734863,0.8651000261306763
YJL115W,YPL149W,0,-5.75727,0.07780856639146805,0.7300000190734863,0.8651999831199646
YGR262C,YKL170W,0,-5.7573385,0.07780027389526367,0.7300000190734863,0.8652999997138977
YOR232W,YNL330C,0,-5.7575374,0.07779198884963989,0.7300000190734863,0.8654000163078308
YKR090W,YPL016W,0,-5.757735,0.07778369635343552,0.7300000190734863,0.8654999732971191
YKR026C,YOR232W,0,-5.7580986,0.07777541130781174,0.7300000190734863,0.8655999898910522
YNL257C,YBR123C,1,-5.758807,0.07787365466356277,0.7310000061988831,0.8655999898910522
YJL076W,YML007W,0,-5.7589726,0.0778653621673584,0.7310000061988831,0.8657000064849854
YMR153W,YKL099C,0,-5.7590246,0.07785706967115402,0.7310000061988831,0.8658000230789185
YER017C,YBR131W,0,-5.7590466,0.07784877717494965,0.7310000061988831,0.8658999800682068
YOR140W,YDR308C,0,-5.759594,0.07784048467874527,0.7310000061988831,0.8659999966621399
YPL149W,YJL210W,0,-5.760269,0.07783219963312149,0.7310000061988831,0.866100013256073
YNL156C,YOR145C,0,-5.7606797,0.07782391458749771,0.7310000061988831,0.8661999702453613
YPL122C,YDR460W,1,-5.760704,0.07792207598686218,0.7319999933242798,0.8661999702453613
YNL256W,YER018C,0,-5.7607923,0.0779137834906578,0.7319999933242798,0.8662999868392944
YBR039W,YHR074W,0,-5.760814,0.07790549099445343,0.7319999933242798,0.8664000034332275
YOL009C,YDR160W,0,-5.7609324,0.07789719849824905,0.7319999933242798,0.8665000200271606
YLR314C,YJL065C,0,-5.7610617,0.07788891345262527,0.7319999933242798,0.866599977016449
YOR035C,YKL081W,0,-5.761902,0.0778806284070015,0.7319999933242798,0.8666999936103821
YER019W,YBL024W,0,-5.762134,0.07787234336137772,0.7319999933242798,0.8668000102043152
YOL021C,YIL038C,0,-5.762472,0.07786405831575394,0.7319999933242798,0.8669000267982483
YHR085W,YCL031C,0,-5.762601,0.07785577327013016,0.7319999933242798,0.8669999837875366
YER016W,YFR004W,0,-5.7626047,0.07784749567508698,0.7319999933242798,0.8671000003814697
YOL045W,YLR182W,0,-5.762635,0.07783921808004379,0.7319999933242798,0.8672000169754028
YML129C,YDR457W,0,-5.7628493,0.07783094048500061,0.7319999933242798,0.8672999739646912
YOR244W,YOL122C,0,-5.7632074,0.07782266288995743,0.7319999933242798,0.8673999905586243
YDR299W,YFL038C,0,-5.7633905,0.07781439274549484,0.7319999933242798,0.8675000071525574
YML004C,YJL002C,0,-5.763604,0.07780612260103226,0.7319999933242798,0.8676000237464905
YER148W,YPL122C,1,-5.7642,0.07790413498878479,0.7329999804496765,0.8676000237464905
YDR517W,YGR211W,0,-5.764255,0.07789585739374161,0.7329999804496765,0.8676999807357788
YGR286C,YFL018C,0,-5.7650256,0.07788757979869843,0.7329999804496765,0.8677999973297119
YDR245W,YPL010W,0,-5.765068,0.07787930220365524,0.7329999804496765,0.867900013923645
YDR167W,YGR186W,1,-5.765254,0.0779772624373436,0.734000027179718,0.867900013923645
YGR078C,YGR275W,0,-5.7653084,0.07796898484230042,0.734000027179718,0.8679999709129333
YHR053C,YCR008W,0,-5.765625,0.07796069979667664,0.734000027179718,0.8680999875068665
YER016W,YOL110W,0,-5.7661915,0.07795242220163345,0.734000027179718,0.8682000041007996
YEL063C,YGR200C,0,-5.766329,0.07794414460659027,0.734000027179718,0.8683000206947327
YLR295C,YDR091C,0,-5.7665615,0.07793586701154709,0.734000027179718,0.868399977684021
YBR068C,YCR033W,0,-5.76665,0.0779275968670845,0.734000027179718,0.8684999942779541
YPL177C,YDR362C,1,-5.767151,0.07802547514438629,0.7350000143051147,0.8684999942779541
YLL019C,YGR057C,0,-5.7672625,0.07801719754934311,0.7350000143051147,0.8686000108718872
YIR006C,YMR146C,0,-5.76733,0.07800891250371933,0.7350000143051147,0.8687000274658203
YML080W,YGR267C,0,-5.767707,0.07800063490867615,0.7350000143051147,0.8687999844551086
YKL089W,YPR161C,0,-5.767865,0.07799235731363297,0.7350000143051147,0.8689000010490417
YKL176C,YLR130C,0,-5.768581,0.07798408716917038,0.7350000143051147,0.8690000176429749
YOL145C,YMR204C,0,-5.7695684,0.0779758095741272,0.7350000143051147,0.8690999746322632
YOL126C,YGL070C,0,-5.769855,0.07796753942966461,0.7350000143051147,0.8691999912261963
YOR034C,YDR529C,0,-5.7705135,0.07795926928520203,0.7350000143051147,0.8693000078201294
YGR279C,YDR023W,0,-5.7709866,0.07795099914073944,0.7350000143051147,0.8694000244140625
YHR065C,YDR443C,0,-5.7712994,0.07794273644685745,0.7350000143051147,0.8694999814033508
YMR021C,YPR072W,0,-5.772046,0.07793447375297546,0.7350000143051147,0.8695999979972839
YJL030W,YJL004C,0,-5.7721825,0.07792621105909348,0.7350000143051147,0.869700014591217
YER154W,YJL072C,0,-5.772654,0.07791794836521149,0.7350000143051147,0.8697999715805054
YAR002W,YIL076W,0,-5.772904,0.0779096856713295,0.7350000143051147,0.8698999881744385
YGL166W,YJL011C,1,-5.773123,0.07800742238759995,0.7360000014305115,0.8698999881744385
YOL023W,YDR486C,0,-5.7733665,0.07799915224313736,0.7360000014305115,0.8700000047683716
YGL017W,YPR120C,0,-5.773695,0.07799088954925537,0.7360000014305115,0.8701000213623047
YDR460W,YOR194C,1,-5.774172,0.07808858156204224,0.7369999885559082,0.8701000213623047
YHL034C,YBR265W,0,-5.774418,0.07808030396699905,0.7369999885559082,0.870199978351593
YPL262W,YCR092C,0,-5.774659,0.07807203382253647,0.7369999885559082,0.8702999949455261
YDR099W,YDR532C,0,-5.77518,0.07806376367807388,0.7369999885559082,0.8704000115394592
YOR023C,YFR003C,0,-5.776495,0.0780554935336113,0.7369999885559082,0.8705000281333923
YNL090W,YDL111C,0,-5.7773733,0.07804723083972931,0.7369999885559082,0.8705999851226807
YEL022W,YNL261W,0,-5.7777014,0.07803896814584732,0.7369999885559082,0.8707000017166138
YJR094C,YNL079C,0,-5.778487,0.07803070545196533,0.7369999885559082,0.8708000183105469
YBL052C,YGL227W,0,-5.778922,0.07802244275808334,0.7369999885559082,0.8708999752998352
YNR027W,YML110C,0,-5.779394,0.07801418751478195,0.7369999885559082,0.8709999918937683
YAL022C,YDL078C,0,-5.7794714,0.07800592482089996,0.7369999885559082,0.8711000084877014
YDR129C,YMR272C,0,-5.77974,0.07799766957759857,0.7369999885559082,0.8712000250816345
YIL142W,YDL200C,0,-5.7803106,0.07798941433429718,0.7369999885559082,0.8712999820709229
YGR046W,YOR270C,0,-5.7803464,0.07798116654157639,0.7369999885559082,0.871399998664856
YER017C,YGL232W,0,-5.7810545,0.07797291874885559,0.7369999885559082,0.8715000152587891
YNL062C,YOR109W,0,-5.7815604,0.0779646709561348,0.7369999885559082,0.8715999722480774
YDL197C,YGR278W,0,-5.7819667,0.077956423163414,0.7369999885559082,0.8716999888420105
YFR051C,YKL126W,0,-5.7820396,0.0779481753706932,0.7369999885559082,0.8718000054359436
YLR080W,YLR008C,0,-5.7828455,0.07793993502855301,0.7369999885559082,0.8719000220298767
YBR195C,YNL090W,0,-5.7828536,0.07793168723583221,0.7369999885559082,0.871999979019165
YGR244C,YFL038C,0,-5.7832994,0.07792345434427261,0.7369999885559082,0.8720999956130981
YDL115C,YFR033C,0,-5.783966,0.07791521400213242,0.7369999885559082,0.8722000122070312
YIR015W,YGR002C,0,-5.7840147,0.07790697365999222,0.7369999885559082,0.8723000288009644
YLR138W,YOL143C,0,-5.7840986,0.07789874076843262,0.7369999885559082,0.8723999857902527
YOL130W,YLL009C,0,-5.7843704,0.07789050787687302,0.7369999885559082,0.8725000023841858
YMR127C,YNL131W,0,-5.7848167,0.07788227498531342,0.7369999885559082,0.8726000189781189
YDL029W,YFR047C,0,-5.784826,0.07787404954433441,0.7369999885559082,0.8726999759674072
YDR460W,YGR186W,1,-5.78555,0.07797147333621979,0.7379999756813049,0.8726999759674072
YPL221W,YOR359W,0,-5.7859306,0.07796324044466019,0.7379999756813049,0.8727999925613403
YBR109C,YLR166C,0,-5.7887697,0.07795500010251999,0.7379999756813049,0.8729000091552734
YGR038W,YLR034C,0,-5.7889767,0.07794676721096039,0.7379999756813049,0.8730000257492065
YOR035C,YGR270W,0,-5.789417,0.07793853431940079,0.7379999756813049,0.8730999827384949
YER148W,YML098W,1,-5.790428,0.07803590595722198,0.7390000224113464,0.8730999827384949
YMR309C,YOR001W,0,-5.7905865,0.07802766561508179,0.7390000224113464,0.873199999332428
YBR024W,YLR277C,0,-5.79084,0.07801942527294159,0.7390000224113464,0.8733000159263611
YGR252W,YDL084W,0,-5.7912483,0.07801119238138199,0.7390000224113464,0.8733999729156494
YML057W,YDL019C,0,-5.7913084,0.07800295203924179,0.7390000224113464,0.8734999895095825
YBR068C,YOR257W,0,-5.791544,0.07799472659826279,0.7390000224113464,0.8736000061035156
YPR186C,YDR167W,1,-5.791564,0.07809202373027802,0.7400000095367432,0.8736000061035156
YOR281C,YMR216C,0,-5.7920413,0.07808378338813782,0.7400000095367432,0.8737000226974487
YPL235W,YPL234C,0,-5.7923393,0.07807554304599762,0.7400000095367432,0.8737999796867371
YDR276C,YPL032C,0,-5.7927523,0.07806731015443802,0.7400000095367432,0.8738999962806702
YJL053W,YKL099C,0,-5.793173,0.07805906981229782,0.7400000095367432,0.8740000128746033
YBL016W,YCR077C,0,-5.7935953,0.07805083692073822,0.7400000095367432,0.8741000294685364
YBL063W,YPL002C,0,-5.7938356,0.07804260402917862,0.7400000095367432,0.8741999864578247
YJR001W,YGR046W,0,-5.7945967,0.07803437858819962,0.7400000095367432,0.8743000030517578
YPR086W,YBR198C,1,-5.7955847,0.07813159376382828,0.7409999966621399,0.8743000030517578
YDR174W,YPL179W,0,-5.795841,0.07812335342168808,0.7409999966621399,0.8744000196456909
YCL001W,YFR051C,0,-5.795869,0.07811512053012848,0.7409999966621399,0.8744999766349792
YMR008C,YDL225W,0,-5.7961903,0.07810688018798828,0.7409999966621399,0.8745999932289124
YPL101W,YGL100W,0,-5.796474,0.07809864729642868,0.7409999966621399,0.8747000098228455
YOL145C,YKL019W,0,-5.7971764,0.07809042185544968,0.7409999966621399,0.8748000264167786
YKL170W,YPR103W,0,-5.79753,0.07808218896389008,0.7409999966621399,0.8748999834060669
YMR184W,YMR212C,0,-5.798149,0.07807396352291107,0.7409999966621399,0.875
YPL268W,YKL154W,0,-5.7983327,0.07806573808193207,0.7409999966621399,0.8751000165939331
YDR028C,YOR256C,0,-5.798438,0.07805751264095306,0.7409999966621399,0.8751999735832214
YDL161W,YLR438C-A,0,-5.798977,0.07804929465055466,0.7409999966621399,0.8752999901771545
YOR171C,YJR143C,0,-5.799303,0.07804107666015625,0.7409999966621399,0.8754000067710876
YPL174C,YNL032W,0,-5.7995152,0.07803285866975784,0.7409999966621399,0.8755000233650208
YDR221W,YGL113W,0,-5.799517,0.07802464067935944,0.7409999966621399,0.8755999803543091
YNL177C,YER165W,0,-5.799863,0.07801642268896103,0.7409999966621399,0.8756999969482422
YOR354C,YMR268C,0,-5.800276,0.07800821214914322,0.7409999966621399,0.8758000135421753
YLR016C,YNR023W,0,-5.800918,0.07800000160932541,0.7409999966621399,0.8758999705314636
YJR082C,YLR272C,0,-5.8010483,0.0779917910695076,0.7409999966621399,0.8759999871253967
YLR370C,YKL040C,0,-5.801812,0.07798358052968979,0.7409999966621399,0.8761000037193298
YNR015W,YPL243W,0,-5.8018894,0.07797537744045258,0.7409999966621399,0.8762000203132629
YGR007W,YDL019C,0,-5.802137,0.07796717435121536,0.7409999966621399,0.8762999773025513
YJR002W,YBR079C,0,-5.8024273,0.07795897126197815,0.7409999966621399,0.8763999938964844
YKL139W,YNL091W,0,-5.8027754,0.07795076817274094,0.7409999966621399,0.8765000104904175
YDL108W,YJL011C,1,-5.802804,0.0780477523803711,0.7419999837875366,0.8765000104904175
YKL139W,YKR022C,0,-5.803164,0.07803954929113388,0.7419999837875366,0.8766000270843506
YHR086W,YML105C,0,-5.8036337,0.07803133875131607,0.7419999837875366,0.8766999840736389
YAL031C,YDL212W,0,-5.8036594,0.07802313566207886,0.7419999837875366,0.876800000667572
YPL177C,YPL011C,1,-5.803819,0.07812007516622543,0.7429999709129333,0.876800000667572
YLR220W,YNL323W,0,-5.8038454,0.07811185717582703,0.7429999709129333,0.8769000172615051
YGL054C,YDL051W,0,-5.804037,0.07810364663600922,0.7429999709129333,0.8769999742507935
YDR174W,YBR185C,0,-5.804091,0.0780954360961914,0.7429999709129333,0.8770999908447266
YNL135C,YOR148C,0,-5.8042855,0.0780872330069542,0.7429999709129333,0.8772000074386597
YBR049C,YPL193W,0,-5.804655,0.07807902246713638,0.7429999709129333,0.8773000240325928
YDR339C,YNR032W,0,-5.8048344,0.07807081937789917,0.7429999709129333,0.8773999810218811
YPR086W,YPL011C,1,-5.805376,0.07816768437623978,0.7440000176429749,0.8773999810218811
YNL275W,YLR316C,0,-5.8057833,0.07815947383642197,0.7440000176429749,0.8774999976158142
YBR022W,YMR201C,0,-5.805942,0.07815126329660416,0.7440000176429749,0.8776000142097473
YPR025C,YOR194C,1,-5.805947,0.07824808359146118,0.7450000047683716,0.8776000142097473
YOL089C,YGL112C,1,-5.8064027,0.07834488898515701,0.7459999918937683,0.8776000142097473
YLR060W,YPL016W,0,-5.806635,0.07833665609359741,0.7459999918937683,0.8776999711990356
YHR183W,YCL001W,0,-5.8068933,0.07832843065261841,0.7459999918937683,0.8777999877929688
YDL208W,YGR195W,0,-5.8069468,0.07832021266222,0.7459999918937683,0.8779000043869019
YGR167W,YBR177C,0,-5.807309,0.078311987221241,0.7459999918937683,0.878000020980835
YNL223W,YLR425W,0,-5.808288,0.07830376923084259,0.7459999918937683,0.8780999779701233
YMR231W,YPL268W,0,-5.808634,0.07829555124044418,0.7459999918937683,0.8781999945640564
YGR083C,YIL075C,0,-5.8089075,0.07828733325004578,0.7459999918937683,0.8783000111579895
YPL122C,YOR194C,1,-5.8093038,0.07838404923677444,0.746999979019165,0.8783000111579895
YLR005W,YOR110W,1,-5.80933,0.07848075032234192,0.7480000257492065,0.8783000111579895
YGL070C,YML013W,0,-5.810002,0.07847250998020172,0.7480000257492065,0.8784000277519226
YJL008C,YER093C,0,-5.8100286,0.07846428453922272,0.7480000257492065,0.8784999847412109
YIL114C,YIL075C,0,-5.810405,0.07845605164766312,0.7480000257492065,0.878600001335144
YFR047C,YDR162C,0,-5.81122,0.07844782620668411,0.7480000257492065,0.8787000179290771
YDL100C,YOL060C,0,-5.811341,0.07843960076570511,0.7480000257492065,0.8787999749183655
YLR114C,YOR038C,0,-5.8116302,0.0784313753247261,0.7480000257492065,0.8788999915122986
YIL034C,YNL071W,0,-5.811702,0.0784231498837471,0.7480000257492065,0.8790000081062317
YCR094W,YKR052C,0,-5.81187,0.0784149318933487,0.7480000257492065,0.8791000247001648
YMR255W,YOR008C,0,-5.811946,0.07840670645236969,0.7480000257492065,0.8791999816894531
YER154W,YJR143C,0,-5.8127446,0.07839848846197128,0.7480000257492065,0.8792999982833862
YKR039W,YDL195W,0,-5.8128967,0.07839027792215347,0.7480000257492065,0.8794000148773193
YML023C,YGL129C,0,-5.8132315,0.07838205993175507,0.7480000257492065,0.8794999718666077
YOR178C,YBR082C,0,-5.8147955,0.07837384939193726,0.7480000257492065,0.8795999884605408
YOR057W,YPR036W,0,-5.814842,0.07836563885211945,0.7480000257492065,0.8797000050544739
YLR295C,YLL050C,0,-5.8149037,0.07835742831230164,0.7480000257492065,0.879800021648407
YBR245C,YLR398C,0,-5.815104,0.07834921777248383,0.7480000257492065,0.8798999786376953
YLR370C,YML028W,0,-5.815181,0.07834101468324661,0.7480000257492065,0.8799999952316284
YMR162C,YNL012W,0,-5.8159904,0.0783328115940094,0.7480000257492065,0.8801000118255615
YOL076W,YAL016W,0,-5.8172445,0.07832460850477219,0.7480000257492065,0.8802000284194946
YGR030C,YJL072C,0,-5.8172975,0.07831640541553497,0.7480000257492065,0.880299985408783
YCL011C,YJR068W,0,-5.8178635,0.07830820977687836,0.7480000257492065,0.8804000020027161
YOR080W,YOR210W,0,-5.818582,0.07830001413822174,0.7480000257492065,0.8805000185966492
YLR052W,YLR208W,0,-5.81958,0.07829181849956512,0.7480000257492065,0.8805999755859375
YOR330C,YNL093W,0,-5.8198442,0.07828362286090851,0.7480000257492065,0.8806999921798706
YER148W,YGL112C,1,-5.819975,0.07838007807731628,0.7490000128746033,0.8806999921798706
YPL177C,YGR186W,1,-5.8209553,0.07847651094198227,0.75,0.8806999921798706
YGL136C,YJR059W,0,-5.821926,0.07846830040216446,0.75,0.8808000087738037
YPL259C,YGR216C,0,-5.8226233,0.07846008986234665,0.75,0.8809000253677368
YDR363W,YKL134C,0,-5.823168,0.07845187932252884,0.75,0.8809999823570251
YBL007C,YDL159W,0,-5.8233047,0.07844367623329163,0.75,0.8810999989509583
YNL166C,YOR030W,0,-5.823842,0.07843547314405441,0.75,0.8812000155448914
YAL043C,YBR037C,0,-5.8239765,0.0784272700548172,0.75,0.8812999725341797
YNL094W,YPL029W,0,-5.824252,0.07841907441616058,0.75,0.8813999891281128
YML048W,YBR142W,0,-5.824279,0.07841087132692337,0.75,0.8815000057220459
YGL207W,YBR198C,1,-5.824546,0.07850721478462219,0.7509999871253967,0.8815000057220459
YHR038W,YGR195W,0,-5.8249,0.07849900424480438,0.7509999871253967,0.881600022315979
YPR083W,YDR103W,0,-5.8256063,0.07849080115556717,0.7509999871253967,0.8816999793052673
YBR109C,YIL018W,0,-5.826038,0.07848259806632996,0.7509999871253967,0.8817999958992004
YGL168W,YKL059C,0,-5.8260784,0.07847440242767334,0.7509999871253967,0.8819000124931335
YPL049C,YGR199W,0,-5.826627,0.07846619933843613,0.7509999871253967,0.8820000290870667
YOR030W,YNL197C,0,-5.8266907,0.07845800369977951,0.7509999871253967,0.882099986076355
YBL080C,YFR033C,0,-5.8267937,0.0784498080611229,0.7509999871253967,0.8822000026702881
YIL062C,YDL225W,0,-5.827155,0.07844161242246628,0.7509999871253967,0.8823000192642212
YKL043W,YNL131W,0,-5.8272095,0.07843341678380966,0.7509999871253967,0.8823999762535095
YOL023W,YGL066W,0,-5.8276854,0.07842522859573364,0.7509999871253967,0.8824999928474426
YDR479C,YLR362W,0,-5.828436,0.07841704040765762,0.7509999871253967,0.8826000094413757
YDR059C,YBR173C,0,-5.828492,0.0784088522195816,0.7509999871253967,0.8827000260353088
YLR248W,YHR135C,0,-5.828559,0.07840067148208618,0.7509999871253967,0.8827999830245972
YNL173C,YKL148C,0,-5.829503,0.07839248329401016,0.7509999871253967,0.8828999996185303
YNL257C,YDR167W,1,-5.830303,0.07848867774009705,0.7519999742507935,0.8828999996185303
YBR135W,YFR033C,0,-5.830461,0.07848048210144043,0.7519999742507935,0.8830000162124634
YER149C,YOR275C,0,-5.831769,0.07847229391336441,0.7519999742507935,0.8830999732017517
YFR002W,YKL175W,0,-5.8333926,0.07846410572528839,0.7519999742507935,0.8831999897956848
YLR135W,YPR182W,0,-5.8337145,0.07845591753721237,0.7519999742507935,0.8833000063896179
YGR191W,YCR012W,0,-5.833727,0.07844773679971695,0.7519999742507935,0.883400022983551
YPR025C,YLR005W,1,-5.833729,0.07854386419057846,0.753000020980835,0.883400022983551
YDL074C,YLR240W,0,-5.8341484,0.07853566855192184,0.753000020980835,0.8834999799728394
YPR100W,YGR129W,0,-5.8343954,0.07852748036384583,0.753000020980835,0.8835999965667725
YPL177C,YPR186C,1,-5.8347282,0.07862356305122375,0.7540000081062317,0.8835999965667725
YHR108W,YOR241W,0,-5.8350945,0.07861536741256714,0.7540000081062317,0.8837000131607056
YOR150W,YJR059W,0,-5.8355117,0.07860717177391052,0.7540000081062317,0.8838000297546387
YCR075C,YDR086C,0,-5.8356924,0.0785989761352539,0.7540000081062317,0.883899986743927
YIL142W,YEL053C,0,-5.8358126,0.07859078794717789,0.7540000081062317,0.8840000033378601
YIL128W,YBL102W,0,-5.8361325,0.07858259230852127,0.7540000081062317,0.8841000199317932
YBR210W,YKR026C,0,-5.8366423,0.07857440412044525,0.7540000081062317,0.8841999769210815
YDR016C,YLR354C,0,-5.837042,0.07856621593236923,0.7540000081062317,0.8842999935150146
YDR524C,YBL102W,0,-5.8372264,0.07855803519487381,0.7540000081062317,0.8844000101089478
YPR025C,YDL108W,1,-5.8373194,0.07865402847528458,0.7549999952316284,0.8844000101089478
YKR014C,YNL241C,0,-5.8393097,0.07864583283662796,0.7549999952316284,0.8845000267028809
YDR145W,YGL112C,1,-5.8397107,0.07874179631471634,0.7559999823570251,0.8845000267028809
YJL167W,YNR043W,0,-5.8400726,0.07873360067605972,0.7559999823570251,0.8845999836921692
YBR161W,YEL009C,0,-5.840124,0.07872539758682251,0.7559999823570251,0.8847000002861023
YDR167W,YDR362C,1,-5.841037,0.0788213238120079,0.7570000290870667,0.8847000002861023
YMR145C,YFR002W,0,-5.84118,0.07881312072277069,0.7570000290870667,0.8848000168800354
YKL054C,YMR089C,0,-5.8414516,0.07880491018295288,0.7570000290870667,0.8848999738693237
YNL216W,YPR125W,0,-5.841504,0.07879670709371567,0.7570000290870667,0.8849999904632568
YDR361C,YOR150W,0,-5.841581,0.07878851145505905,0.7570000290870667,0.8851000070571899
YBR196C,YLR130C,0,-5.8419194,0.07878030836582184,0.7570000290870667,0.885200023651123
YKL193C,YML013W,0,-5.841975,0.07877211272716522,0.7570000290870667,0.8852999806404114
YGR167W,YGL233W,0,-5.8431015,0.0787639170885086,0.7570000290870667,0.8853999972343445
YNL264C,YBR265W,0,-5.8433423,0.07875572144985199,0.7570000290870667,0.8855000138282776
YMR224C,YDL044C,0,-5.8433943,0.07874752581119537,0.7570000290870667,0.8855999708175659
YPL170W,YPR088C,0,-5.8448324,0.07873933762311935,0.7570000290870667,0.885699987411499
YER148W,YPL129W,1,-5.845168,0.0788351520895958,0.7580000162124634,0.885699987411499
YFR013W,YHR204W,0,-5.8454475,0.07882695645093918,0.7580000162124634,0.8858000040054321
YBR167C,YBR280C,0,-5.8454537,0.07881876081228256,0.7580000162124634,0.8859000205993652
YBR029C,YBR167C,0,-5.845705,0.07881056517362595,0.7580000162124634,0.8859999775886536
YDR045C,YDR359C,0,-5.8457375,0.07880236953496933,0.7580000162124634,0.8860999941825867
YHR183W,YPL274W,0,-5.8462334,0.07879418134689331,0.7580000162124634,0.8862000107765198
YNL323W,YKL062W,0,-5.846241,0.0787859857082367,0.7580000162124634,0.8863000273704529
YGL112C,YDR460W,1,-5.8464346,0.07888172566890717,0.7590000033378601,0.8863000273704529
YLR394W,YNL230C,0,-5.8465466,0.07887353003025055,0.7590000033378601,0.8863999843597412
YLR265C,YOL006C,0,-5.847595,0.07886533439159393,0.7590000033378601,0.8865000009536743
YNL264C,YOL061W,0,-5.8477697,0.07885714620351791,0.7590000033378601,0.8866000175476074
YBR290W,YDR072C,0,-5.848108,0.0788489505648613,0.7590000033378601,0.8866999745368958
YLR350W,YDR045C,0,-5.850627,0.07884076237678528,0.7590000033378601,0.8867999911308289
YOR275C,YML114C,0,-5.850892,0.07883257418870926,0.7590000033378601,0.886900007724762
YBR236C,YNL273W,0,-5.850936,0.07882438600063324,0.7590000033378601,0.8870000243186951
YKL015W,YJL054W,0,-5.8513346,0.07881619781255722,0.7590000033378601,0.8870999813079834
YBL079W,YGR229C,0,-5.8522415,0.0788080170750618,0.7590000033378601,0.8871999979019165
YOL042W,YPR095C,0,-5.852359,0.07879983633756638,0.7590000033378601,0.8873000144958496
YPL195W,YPR155C,0,-5.8524046,0.07879165560007095,0.7590000033378601,0.8873999714851379
YML034W,YKR050W,0,-5.8530865,0.07878347486257553,0.7590000033378601,0.887499988079071
YBR212W,YDR477W,0,-5.853261,0.0787753015756607,0.7590000033378601,0.8876000046730042
YKL013C,YNL281W,0,-5.854351,0.07876712083816528,0.7590000033378601,0.8877000212669373
YFR013W,YOR148C,0,-5.8544517,0.07875894755125046,0.7590000033378601,0.8877999782562256
YOR037W,YGL011C,0,-5.8553734,0.07875078171491623,0.7590000033378601,0.8878999948501587
YBR039W,YGR252W,0,-5.855889,0.0787426084280014,0.7590000033378601,0.8880000114440918
YNL121C,YPR125W,0,-5.855949,0.07873444259166718,0.7590000033378601,0.8881000280380249
YGR200C,YGR103W,0,-5.8564544,0.07872627675533295,0.7590000033378601,0.8881999850273132
YOR171C,YJR135C,0,-5.856553,0.07871811091899872,0.7590000033378601,0.8883000016212463
YDL229W,YNL121C,0,-5.857165,0.07870994508266449,0.7590000033378601,0.8884000182151794
YDR308C,YDR486C,0,-5.857456,0.07870178669691086,0.7590000033378601,0.8884999752044678
YOR221C,YGR132C,0,-5.8578806,0.07869362086057663,0.7590000033378601,0.8885999917984009
YIL079C,YLL031C,0,-5.8588333,0.078685462474823,0.7590000033378601,0.888700008392334
YPL129W,YPR056W,1,-5.86012,0.07878097146749496,0.7599999904632568,0.888700008392334
YBR060C,YOR172W,0,-5.8602505,0.07877280563116074,0.7599999904632568,0.8888000249862671
YDR284C,YPL063W,0,-5.8612976,0.07876463979482651,0.7599999904632568,0.8888999819755554
YLR005W,YDR362C,1,-5.8613205,0.07886010408401489,0.7609999775886536,0.8888999819755554
YLR052W,YCL017C,0,-5.8617034,0.07885193079710007,0.7609999775886536,0.8889999985694885
YML048W,YKL040C,0,-5.8619547,0.07884376496076584,0.7609999775886536,0.8891000151634216
YDR511W,YER053C,0,-5.8624554,0.07883559167385101,0.7609999775886536,0.88919997215271
YMR072W,YKR072C,0,-5.862995,0.07882742583751678,0.7609999775886536,0.8892999887466431
YJL124C,YOL011W,0,-5.863246,0.07881926745176315,0.7609999775886536,0.8894000053405762
YLR223C,YBR273C,0,-5.863815,0.07881110161542892,0.7609999775886536,0.8895000219345093
YJL034W,YNR047W,0,-5.863869,0.07880294322967529,0.7609999775886536,0.8895999789237976
YOR316C,YKL170W,0,-5.864297,0.07879478484392166,0.7609999775886536,0.8896999955177307
YML005W,YER005W,0,-5.8646445,0.07878662645816803,0.7609999775886536,0.8898000121116638
YJL073W,YPR155C,0,-5.86638,0.0787784680724144,0.7609999775886536,0.8899000287055969
YER028C,YLR005W,1,-5.866994,0.07887382060289383,0.7620000243186951,0.8899000287055969
YKL204W,YJL176C,0,-5.867367,0.0788656622171402,0.7620000243186951,0.8899999856948853
YDL108W,YDR362C,1,-5.86749,0.07896098494529724,0.7630000114440918,0.8899999856948853
YMR138W,YAL022C,0,-5.8682127,0.07895281165838242,0.7630000114440918,0.8901000022888184
YNL123W,YKR002W,0,-5.8693604,0.07894464582204819,0.7630000114440918,0.8902000188827515
YDR005C,YOL027C,0,-5.869588,0.07893647998571396,0.7630000114440918,0.8902999758720398
YDR028C,YPL010W,0,-5.8704967,0.07892831414937973,0.7630000114440918,0.8903999924659729
YPR189W,YDL235C,0,-5.870884,0.0789201483130455,0.7630000114440918,0.890500009059906
YGL174W,YIL068C,0,-5.8714,0.07891198992729187,0.7630000114440918,0.8906000256538391
YMR075W,YMR088C,0,-5.8720083,0.07890382409095764,0.7630000114440918,0.8906999826431274
YBR207W,YLR427W,0,-5.8720775,0.07889566570520401,0.7630000114440918,0.8907999992370605
YMR146C,YMR088C,0,-5.872401,0.07888750731945038,0.7630000114440918,0.8909000158309937
YPL177C,YGL207W,1,-5.8727093,0.07898273319005966,0.7639999985694885,0.8909000158309937
YDL116W,YDL194W,0,-5.8728848,0.07897456735372543,0.7639999985694885,0.890999972820282
YNL323W,YJL076W,0,-5.8735394,0.0789664089679718,0.7639999985694885,0.8910999894142151
YNR027W,YNR031C,0,-5.873953,0.07895825058221817,0.7639999985694885,0.8912000060081482
YBR185C,YNL049C,0,-5.8744993,0.07895008474588394,0.7639999985694885,0.8913000226020813
YDR301W,YER024W,0,-5.875413,0.07894193381071091,0.7639999985694885,0.8913999795913696
YFR013W,YCL032W,0,-5.8757157,0.07893377542495728,0.7639999985694885,0.8914999961853027
YDL035C,YOR048C,0,-5.875984,0.07892561703920364,0.7639999985694885,0.8916000127792358
YDR328C,YPL019C,0,-5.876561,0.07891746610403061,0.7639999985694885,0.891700029373169
YFL022C,YOR008C,0,-5.878055,0.07890931516885757,0.7639999985694885,0.8917999863624573
YNL055C,YDR279W,0,-5.8780575,0.07890116423368454,0.7639999985694885,0.8919000029563904
YGR028W,YLR119W,0,-5.878765,0.0788930207490921,0.7639999985694885,0.8920000195503235
YBR087W,YOR087W,0,-5.8791084,0.07888486981391907,0.7639999985694885,0.8920999765396118
YPL170W,YNL123W,0,-5.8791485,0.07887672632932663,0.7639999985694885,0.8921999931335449
YBR288C,YCR024C-A,0,-5.879277,0.07886859029531479,0.7639999985694885,0.892300009727478
YDR079W,YDL159W,0,-5.8793154,0.07886044681072235,0.7639999985694885,0.8924000263214111
YGL155W,YHR086W,0,-5.8793755,0.07885230332612991,0.7639999985694885,0.8924999833106995
YOR372C,YPR181C,0,-5.8796988,0.07884416729211807,0.7639999985694885,0.8925999999046326
YDL164C,YKR085C,0,-5.879903,0.07883603125810623,0.7639999985694885,0.8927000164985657
YLR347C,YOR275C,0,-5.879994,0.07882790267467499,0.7639999985694885,0.892799973487854
YKL192C,YLR085C,0,-5.8800387,0.07881976664066315,0.7639999985694885,0.8928999900817871
YPL271W,YBR043C,0,-5.8805943,0.0788116380572319,0.7639999985694885,0.8930000066757202
YBR154C,YHR021C,0,-5.8806834,0.07880350947380066,0.7639999985694885,0.8931000232696533
YFL025C,YKL048C,0,-5.881345,0.07879538089036942,0.7639999985694885,0.8931999802589417
YBR237W,YDR238C,0,-5.8815713,0.07878725230693817,0.7639999985694885,0.8932999968528748
YDR118W,YPL059W,0,-5.882411,0.07877913117408752,0.7639999985694885,0.8934000134468079
YOL143C,YPL214C,0,-5.883288,0.07877101004123688,0.7639999985694885,0.8934999704360962
YOR079C,YIL075C,0,-5.8837395,0.07876288890838623,0.7639999985694885,0.8935999870300293
YLL035W,YGL087C,0,-5.884259,0.07875476777553558,0.7639999985694885,0.8937000036239624
YDR148C,YDR353W,0,-5.8842735,0.07874664664268494,0.7639999985694885,0.8938000202178955
YJR001W,YFL041W,0,-5.88475,0.07873853296041489,0.7639999985694885,0.8938999772071838
YDR284C,YGL043W,0,-5.88533,0.07873041927814484,0.7639999985694885,0.8939999938011169
YDR174W,YBR015C,0,-5.8853483,0.07872230559587479,0.7639999985694885,0.89410001039505
YPR056W,YOR194C,1,-5.885756,0.0788172259926796,0.7649999856948853,0.89410001039505
YPL055C,YHR083W,0,-5.887208,0.07880910485982895,0.7649999856948853,0.8942000269889832
YGL168W,YBR253W,0,-5.8878565,0.0788009911775589,0.7649999856948853,0.8942999839782715
YBL093C,YMR272C,0,-5.888126,0.07879287004470825,0.7649999856948853,0.8944000005722046
YJL134W,YGL143C,0,-5.88971,0.0787847563624382,0.7649999856948853,0.8945000171661377
YKR038C,YNL173C,0,-5.8897457,0.07877664268016815,0.7649999856948853,0.894599974155426
YMR012W,YER083C,0,-5.8904514,0.0787685364484787,0.7649999856948853,0.8946999907493591
YJL121C,YDR172W,0,-5.8904953,0.07876042276620865,0.7649999856948853,0.8948000073432922
YKL160W,YPR006C,0,-5.8909225,0.0787523165345192,0.7649999856948853,0.8949000239372253
YDL108W,YBR123C,1,-5.891694,0.07884714007377625,0.765999972820282,0.8949000239372253
YPR033C,YOR261C,0,-5.8918767,0.0788390263915062,0.765999972820282,0.8949999809265137
YDR214W,YHR001W-A,0,-5.8919106,0.07883091270923615,0.765999972820282,0.8950999975204468
YHR024C,YML034W,0,-5.892415,0.07882280647754669,0.765999972820282,0.8952000141143799
YKL013C,YBR199W,0,-5.892958,0.07881469279527664,0.765999972820282,0.8952999711036682
YNL008C,YPL100W,0,-5.8933096,0.07880658656358719,0.765999972820282,0.8953999876976013
YGR200C,YHR026W,0,-5.8933554,0.07879848033189774,0.765999972820282,0.8955000042915344
YOL077W-A,YEL018W,0,-5.8935533,0.07879037410020828,0.765999972820282,0.8956000208854675
YLR423C,YPL042C,0,-5.89467,0.07878226786851883,0.765999972820282,0.8956999778747559
YPR025C,YAL001C,1,-5.8956347,0.07887700200080872,0.7670000195503235,0.8956999778747559
YIL112W,YLR020C,0,-5.896527,0.07886889576911926,0.7670000195503235,0.895799994468689
YMR227C,YDR362C,1,-5.8971043,0.07896360009908676,0.7680000066757202,0.895799994468689
YOL112W,YOL094C,0,-5.8974934,0.07895548641681671,0.7680000066757202,0.8959000110626221
YMR076C,YHR135C,0,-5.897763,0.07894736528396606,0.7680000066757202,0.8960000276565552
YBR133C,YJR102C,0,-5.8984985,0.07893925160169601,0.7680000066757202,0.8960999846458435
YPL084W,YDR265W,0,-5.8985424,0.07893113791942596,0.7680000066757202,0.8962000012397766
YER061C,YKR022C,0,-5.8988676,0.07892303168773651,0.7680000066757202,0.8963000178337097
YOR034C,YNL044W,0,-5.899637,0.07891491800546646,0.7680000066757202,0.896399974822998
YDR460W,YOR110W,1,-5.899746,0.07900955528020859,0.7689999938011169,0.896399974822998
YNL326C,YLR321C,0,-5.8999677,0.07900144159793854,0.7689999938011169,0.8964999914169312
YOL004W,YGL213C,0,-5.900209,0.07899332046508789,0.7689999938011169,0.8966000080108643
YHR188C,YNR003C,0,-5.9021807,0.07898520678281784,0.7689999938011169,0.8967000246047974
YDR145W,YBR198C,1,-5.9023266,0.07907979935407639,0.7699999809265137,0.8967000246047974
YPL259C,YPL206C,0,-5.9027567,0.07907167822122574,0.7699999809265137,0.8967999815940857
YDL108W,YDR311W,1,-5.9028864,0.0791662409901619,0.7710000276565552,0.8967999815940857
YOL089C,YML098W,1,-5.903083,0.07926078140735626,0.7720000147819519,0.8967999815940857
YDR093W,YAL022C,0,-5.9033723,0.07925264537334442,0.7720000147819519,0.8968999981880188
YPR104C,YPL029W,0,-5.9039087,0.07924450933933258,0.7720000147819519,0.8970000147819519
YPL262W,YML114C,0,-5.9041786,0.07923637330532074,0.7720000147819519,0.8970999717712402
YLR028C,YFL037W,0,-5.9045925,0.0792282447218895,0.7720000147819519,0.8971999883651733
YBR102C,YDR174W,0,-5.904845,0.07922011613845825,0.7720000147819519,0.8973000049591064
YLR103C,YOL051W,0,-5.9051766,0.07921198755502701,0.7720000147819519,0.8974000215530396
YGR200C,YJR040W,0,-5.905382,0.07920385897159576,0.7720000147819519,0.8974999785423279
YMR172W,YOR140W,0,-5.9080696,0.07919573038816452,0.7720000147819519,0.897599995136261
YOL086C,YPR173C,0,-5.9095535,0.07918760925531387,0.7720000147819519,0.8977000117301941
YPL177C,YOL089C,1,-5.90967,0.07928205281496048,0.7730000019073486,0.8977000117301941
YCR082W,YBL046W,0,-5.910735,0.07927392423152924,0.7730000019073486,0.8978000283241272
YEL018W,YKR082W,0,-5.9108324,0.0792657881975174,0.7730000019073486,0.8978999853134155
YPR070W,YJR074W,0,-5.9109297,0.07925766706466675,0.7730000019073486,0.8980000019073486
YOR130C,YKR003W,0,-5.911171,0.0792495384812355,0.7730000019073486,0.8981000185012817
YOL089C,YPL011C,1,-5.911231,0.07934392988681793,0.7739999890327454,0.8981000185012817
YBR276C,YJL052W,0,-5.911251,0.07933579385280609,0.7739999890327454,0.8981999754905701
YDR167W,YCR042C,1,-5.9114933,0.07943015545606613,0.7749999761581421,0.8981999754905701
YHR175W,YDR328C,0,-5.9117365,0.0794220119714737,0.7749999761581421,0.8982999920845032
YDL143W,YHL031C,0,-5.9123316,0.07941387593746185,0.7749999761581421,0.8984000086784363
YDR099W,YGL244W,0,-5.913823,0.07940573990345001,0.7749999761581421,0.8985000252723694
YDL155W,YCL043C,0,-5.9143686,0.07939760386943817,0.7749999761581421,0.8985999822616577
YGL119W,YLL003W,0,-5.914871,0.07938946783542633,0.7749999761581421,0.8986999988555908
YNL073W,YDR356W,0,-5.9154367,0.07938133925199509,0.7749999761581421,0.8988000154495239
YJL196C,YOR230W,0,-5.9162793,0.07937321066856384,0.7749999761581421,0.8988999724388123
YER148W,YOR194C,1,-5.9163017,0.07946748286485672,0.7760000228881836,0.8988999724388123
YDL108W,YGL112C,1,-5.916542,0.079561747610569,0.7770000100135803,0.8988999724388123
YKL016C,YJL047C,0,-5.9166775,0.07955359667539597,0.7770000100135803,0.8989999890327454
YGL112C,YOR194C,1,-5.9179254,0.07964783161878586,0.777999997138977,0.8989999890327454
YNL009W,YMR065W,0,-5.918234,0.07963967323303223,0.777999997138977,0.8991000056266785
YER105C,YFL033C,0,-5.9187083,0.07963152229785919,0.777999997138977,0.8992000222206116
YPL161C,YAL031C,0,-5.9195676,0.07962337881326675,0.777999997138977,0.8992999792098999
YMR153W,YLR321C,0,-5.919584,0.07961522787809372,0.777999997138977,0.899399995803833
YMR207C,YPR070W,0,-5.9201,0.07960708439350128,0.777999997138977,0.8995000123977661
YDL150W,YNL121C,0,-5.921261,0.07959893345832825,0.777999997138977,0.8996000289916992
YOR206W,YLL034C,0,-5.9212832,0.07959078997373581,0.777999997138977,0.8996999859809875
YLL019C,YDR515W,0,-5.921873,0.07958265393972397,0.777999997138977,0.8998000025749207
YPR025C,YPL129W,1,-5.92193,0.0796767920255661,0.7789999842643738,0.8998000025749207
YOR281C,YER021W,0,-5.9222975,0.07966864109039307,0.7789999842643738,0.8999000191688538
YDL226C,YJL041W,0,-5.92304,0.07966049760580063,0.7789999842643738,0.8999999761581421
YLR100W,YKL126W,0,-5.9247656,0.07965235412120819,0.7789999842643738,0.9000999927520752
YDR045C,YGR195W,0,-5.924868,0.07964421063661575,0.7789999842643738,0.9002000093460083
YOR320C,YGL145W,0,-5.925212,0.07963606715202332,0.7789999842643738,0.9003000259399414
YMR153W,YGR135W,0,-5.9255066,0.07962792366743088,0.7789999842643738,0.9003999829292297
YNL135C,YDR328C,0,-5.9260116,0.07961978763341904,0.7789999842643738,0.9004999995231628
YPL100W,YDR484W,0,-5.9262705,0.0796116515994072,0.7789999842643738,0.900600016117096
YDR151C,YDR303C,0,-5.926371,0.07960351556539536,0.7789999842643738,0.9006999731063843
YAR002C-A,YIL126W,0,-5.926588,0.07959537953138351,0.7789999842643738,0.9007999897003174
YDR211W,YDR238C,0,-5.926818,0.07958725094795227,0.7789999842643738,0.9009000062942505
YPL101W,YGR007W,0,-5.926983,0.07957912236452103,0.7789999842643738,0.9010000228881836
YLR005W,YPL129W,1,-5.9273276,0.07967313379049301,0.7799999713897705,0.9010000228881836
YDR376W,YNL097C,0,-5.927998,0.07966499775648117,0.7799999713897705,0.9010999798774719
YPR162C,YBR103W,0,-5.9281073,0.07965686172246933,0.7799999713897705,0.901199996471405
YJR060W,YNL079C,0,-5.928198,0.07964872568845749,0.7799999713897705,0.9013000130653381
YBR274W,YNL027W,0,-5.929311,0.07964059710502625,0.7799999713897705,0.9014000296592712
YKR082W,YPL159C,0,-5.930367,0.079632468521595,0.7799999713897705,0.9014999866485596
YOR112W,YDR221W,0,-5.930817,0.07962433993816376,0.7799999713897705,0.9016000032424927
YBR102C,YPL270W,0,-5.931679,0.07961621135473251,0.7799999713897705,0.9017000198364258
YPL178W,YOL011W,0,-5.9318204,0.07960808277130127,0.7799999713897705,0.9017999768257141
YNL039W,YPL177C,1,-5.932085,0.07970201224088669,0.781000018119812,0.9017999768257141
YDR214W,YPR154W,0,-5.932626,0.07969387620687485,0.781000018119812,0.9018999934196472
YOL003C,YDR190C,0,-5.9331603,0.0796857476234436,0.781000018119812,0.9020000100135803
YIL044C,YGR046W,0,-5.9337053,0.07967761904001236,0.781000018119812,0.9021000266075134
YGR004W,YDR485C,0,-5.93389,0.07966949045658112,0.781000018119812,0.9021999835968018
YBR098W,YBR060C,0,-5.934785,0.07966136187314987,0.781000018119812,0.9023000001907349
YJL115W,YKL148C,0,-5.935227,0.07965324074029922,0.781000018119812,0.902400016784668
YDL159W,YLR020C,0,-5.935235,0.07964511215686798,0.781000018119812,0.9024999737739563
YDL165W,YHR041C,0,-5.936586,0.07963699102401733,0.781000018119812,0.9025999903678894
YLR015W,YFR004W,0,-5.9366255,0.07962887734174728,0.781000018119812,0.9027000069618225
YOR355W,YJR052W,0,-5.936653,0.07962075620889664,0.781000018119812,0.9028000235557556
YNR059W,YKR085C,0,-5.937158,0.07961264252662659,0.781000018119812,0.902899980545044
YMR041C,YDL080C,0,-5.937369,0.07960452884435654,0.781000018119812,0.902999997138977
YCR024C-A,YGR279C,0,-5.937815,0.07959641516208649,0.781000018119812,0.9031000137329102
YER061C,YDR208W,0,-5.937913,0.07958830147981644,0.781000018119812,0.9031999707221985
YPR008W,YML015C,1,-5.939191,0.07968208938837051,0.7820000052452087,0.9031999707221985
YNL039W,YPR186C,1,-5.939732,0.0797758549451828,0.7829999923706055,0.9031999707221985
YIL007C,YDR484W,0,-5.9427123,0.07976772636175156,0.7829999923706055,0.9032999873161316
YDL225W,YDR324C,0,-5.9429464,0.07975959777832031,0.7829999923706055,0.9034000039100647
YBR023C,YDL128W,0,-5.942955,0.07975147664546967,0.7829999923706055,0.9035000205039978
YBR112C,YGR033C,0,-5.943071,0.07974335551261902,0.7829999923706055,0.9035999774932861
YLR220W,YBR216C,0,-5.943226,0.07973523437976837,0.7829999923706055,0.9036999940872192
YPR068C,YPR018W,0,-5.943408,0.07972711324691772,0.7829999923706055,0.9038000106811523
YPR025C,YPL011C,1,-5.9436603,0.07982081174850464,0.7839999794960022,0.9038000106811523
YER009W,YER165W,0,-5.943675,0.0798126831650734,0.7839999794960022,0.9039000272750854
YDR363W-A,YNR047W,0,-5.9455853,0.07980456203222275,0.7839999794960022,0.9039999842643738
YOR232W,YBR258C,0,-5.945714,0.0797964408993721,0.7839999794960022,0.9041000008583069
YLR163C,YDR245W,0,-5.9468856,0.07978831976652145,0.7839999794960022,0.90420001745224
YFL021W,YBR123C,1,-5.9471283,0.07988195866346359,0.7850000262260437,0.90420001745224
YOL008W,YLR032W,0,-5.9472094,0.07987383008003235,0.7850000262260437,0.9042999744415283
YOR290C,YPR140W,0,-5.9473763,0.0798657014966011,0.7850000262260437,0.9043999910354614
YNL239W,YKR025W,0,-5.9474545,0.07985758036375046,0.7850000262260437,0.9045000076293945
YNL098C,YBL052C,0,-5.9476953,0.07984945923089981,0.7850000262260437,0.9046000242233276
YMR129W,YPL234C,0,-5.9478483,0.07984133809804916,0.7850000262260437,0.904699981212616
YCR033W,YJL156C,0,-5.948784,0.07983321696519852,0.7850000262260437,0.9047999978065491
YDR172W,YLR435W,0,-5.949244,0.07982509583234787,0.7850000262260437,0.9049000144004822
YGL166W,YPR186C,1,-5.950012,0.07991866022348404,0.7860000133514404,0.9049000144004822
YJR082C,YEL015W,0,-5.9517336,0.0799105316400528,0.7860000133514404,0.9049999713897705
YML051W,YLR260W,0,-5.9523554,0.07990241050720215,0.7860000133514404,0.9050999879837036
YGL166W,YLR005W,1,-5.953066,0.07999593764543533,0.7870000004768372,0.9050999879837036
YPR037C,YOR122C,0,-5.9534693,0.07998780161142349,0.7870000004768372,0.9052000045776367
YKR007W,YCL043C,0,-5.953718,0.07997967302799225,0.7870000004768372,0.9053000211715698
YLR288C,YDR116C,0,-5.954009,0.079971544444561,0.7870000004768372,0.9053999781608582
YIL048W,YOR207C,0,-5.954193,0.07996342331171036,0.7870000004768372,0.9054999947547913
YPR025C,YPL177C,1,-5.9548025,0.08005689084529877,0.7879999876022339,0.9054999947547913
YML004C,YER082C,0,-5.9555264,0.08004876226186752,0.7879999876022339,0.9056000113487244
YMR146C,YKL214C,0,-5.9556346,0.08004062622785568,0.7879999876022339,0.9057000279426575
YDR167W,YPL122C,1,-5.956129,0.0801340639591217,0.7889999747276306,0.9057000279426575
YDR037W,YPL032C,0,-5.956356,0.08012592792510986,0.7889999747276306,0.9057999849319458
YCL014W,YLR100W,0,-5.956437,0.08011779189109802,0.7889999747276306,0.9059000015258789
YGL019W,YDL128W,0,-5.956828,0.08010965585708618,0.7889999747276306,0.906000018119812
YLR097C,YAL009W,0,-5.9568877,0.08010151982307434,0.7889999747276306,0.9060999751091003
YKL108W,YMR077C,0,-5.9569454,0.0800933912396431,0.7889999747276306,0.9061999917030334
YDR414C,YDR308C,0,-5.958803,0.08008526265621185,0.7889999747276306,0.9063000082969666
YIL048W,YLR272C,0,-5.9593105,0.08007713407278061,0.7889999747276306,0.9064000248908997
YDR079W,YPL002C,0,-5.960633,0.08006900548934937,0.7889999747276306,0.906499981880188
YMR211W,YPL268W,0,-5.961608,0.08006088435649872,0.7889999747276306,0.9065999984741211
YNL054W,YCL069W,0,-5.96187,0.08005276322364807,0.7889999747276306,0.9067000150680542
YDL005C,YGR030C,0,-5.962497,0.08004463464021683,0.7889999747276306,0.9067999720573425
YPR182W,YDL194W,0,-5.963529,0.08003652095794678,0.7889999747276306,0.9068999886512756
YDL080C,YGL210W,0,-5.96369,0.08002839982509613,0.7889999747276306,0.9070000052452087
YPR025C,YGL166W,1,-5.9636984,0.08012170344591141,0.7900000214576721,0.9070000052452087
YHL031C,YOR172W,0,-5.963952,0.08011358231306076,0.7900000214576721,0.9071000218391418
YDL108W,YDR167W,1,-5.9642887,0.08020685613155365,0.7910000085830688,0.9071000218391418
YIL143C,YPL122C,1,-5.964463,0.08030011504888535,0.7919999957084656,0.9071000218391418
YBL056W,YGL244W,0,-5.964571,0.08029197156429291,0.7919999957084656,0.9071999788284302
YIL016W,YCR083W,0,-5.9657087,0.08028382807970047,0.7919999957084656,0.9072999954223633
YGL073W,YPR100W,0,-5.9660187,0.08027569204568863,0.7919999957084656,0.9074000120162964
YDL065C,YKL019W,0,-5.966426,0.08026755601167679,0.7919999957084656,0.9075000286102295
YDR122W,YJR049C,0,-5.96661,0.08025942742824554,0.7919999957084656,0.9075999855995178
YPL129W,YGL112C,1,-5.9674277,0.08035261929035187,0.7929999828338623,0.9075999855995178
YJR082C,YBL093C,0,-5.9676356,0.08034447580575943,0.7929999828338623,0.9077000021934509
YML015C,YMR227C,1,-5.9694495,0.08043764531612396,0.7940000295639038,0.9077000021934509
YLR459W,YBL007C,0,-5.970192,0.08042949438095093,0.7940000295639038,0.907800018787384
YCR014C,YDR485C,0,-5.9704876,0.08042135089635849,0.7940000295639038,0.9078999757766724
YPR025C,YGL112C,1,-5.970695,0.08051448315382004,0.7950000166893005,0.9078999757766724
YPL177C,YAL001C,1,-5.9708104,0.0806075930595398,0.7960000038146973,0.9078999757766724
YNL039W,YLR005W,1,-5.97132,0.08070068806409836,0.796999990940094,0.9078999757766724
YPR086W,YOR194C,1,-5.971552,0.08079376071691513,0.7979999780654907,0.9078999757766724
YJL061W,YNL032W,0,-5.97248,0.0807855874300003,0.7979999780654907,0.9079999923706055
YIR023W,YDL188C,0,-5.972804,0.08077740669250488,0.7979999780654907,0.9081000089645386
YDR216W,YPL020C,0,-5.9746933,0.08076923340559006,0.7979999780654907,0.9082000255584717
YOR038C,YLR328W,0,-5.975135,0.08076106011867523,0.7979999780654907,0.90829998254776
YHR200W,YNL154C,0,-5.9758224,0.0807528868317604,0.7979999780654907,0.9083999991416931
YKL016C,YOL143C,0,-5.9761915,0.08074471354484558,0.7979999780654907,0.9085000157356262
YHR181W,YDR457W,0,-5.9763412,0.08073654025793076,0.7979999780654907,0.9085999727249146
YCR024C-A,YML115C,0,-5.9768753,0.08072837442159653,0.7979999780654907,0.9086999893188477
YIL049W,YGL168W,0,-5.9769125,0.0807202085852623,0.7979999780654907,0.9088000059127808
YPL177C,YIL143C,1,-5.979006,0.08081319183111191,0.7990000247955322,0.9088000059127808
YLR153C,YOR089C,0,-5.979334,0.08080501854419708,0.7990000247955322,0.9089000225067139
YDL088C,YFR041C,0,-5.9795246,0.08079684525728226,0.7990000247955322,0.9089999794960022
YDR005C,YER154W,0,-5.979867,0.08078867197036743,0.7990000247955322,0.9090999960899353
YBL057C,YLR181C,0,-5.9801946,0.0807805061340332,0.7990000247955322,0.9092000126838684
YHL031C,YPR033C,0,-5.980338,0.08077234029769897,0.7990000247955322,0.9093000292778015
YNL112W,YLR449W,0,-5.9807587,0.08076417446136475,0.7990000247955322,0.9093999862670898
YER061C,YOR304W,0,-5.981228,0.08075601607561111,0.7990000247955322,0.909500002861023
YDL108W,YBL103C,1,-5.9817314,0.08084890991449356,0.800000011920929,0.909500002861023
YPR086W,YML015C,1,-5.9824834,0.08094179630279541,0.8009999990463257,0.909500002861023
YAL038W,YNL064C,0,-5.983106,0.08093361556529999,0.8009999990463257,0.909600019454956
YBL041W,YCL001W,0,-5.983141,0.08092544227838516,0.8009999990463257,0.9096999764442444
YIR037W,YGL145W,0,-5.9840813,0.08091726154088974,0.8009999990463257,0.9097999930381775
YGL195W,YJL054W,0,-5.9844027,0.08090908825397491,0.8009999990463257,0.9099000096321106
YNL039W,YOL089C,1,-5.9858384,0.08100192248821259,0.8019999861717224,0.9099000096321106
YPR025C,YOL089C,1,-5.986108,0.08109472692012787,0.8029999732971191,0.9099000096321106
YMR227C,YDR311W,1,-5.9873924,0.08118751645088196,0.8040000200271606,0.9099000096321106
YLR085C,YDL013W,0,-5.987932,0.08117932081222534,0.8040000200271606,0.9100000262260437
YGR030C,YDR178W,0,-5.9886904,0.08117112517356873,0.8040000200271606,0.910099983215332
YJR076C,YBR119W,0,-5.9888325,0.08116292953491211,0.8040000200271606,0.9101999998092651
YKL074C,YPL274W,0,-5.989045,0.08115474134683609,0.8040000200271606,0.9103000164031982
YDR081C,YDL188C,0,-5.989814,0.08114654570817947,0.8040000200271606,0.9103999733924866
YGR286C,YOR142W,0,-5.9909925,0.08113835752010345,0.8040000200271606,0.9104999899864197
YDR394W,YER161C,0,-5.9918327,0.08113016933202744,0.8040000200271606,0.9106000065803528
YNR035C,YNR007C,0,-5.9919014,0.08112198859453201,0.8040000200271606,0.9107000231742859
YAR002W,YKL148C,0,-5.9923754,0.081113800406456,0.8040000200271606,0.9107999801635742
YDL108W,YPL129W,1,-5.9925385,0.08120649307966232,0.8050000071525574,0.9107999801635742
YBL008W,YMR043W,0,-5.992674,0.0811983048915863,0.8050000071525574,0.9108999967575073
YDL115C,YKR008W,0,-5.9928226,0.08119011670351028,0.8050000071525574,0.9110000133514404
YNL014W,YJL146W,0,-5.993581,0.08118192851543427,0.8050000071525574,0.9110999703407288
YER040W,YGL018C,0,-5.99436,0.08117374032735825,0.8050000071525574,0.9111999869346619
YGR129W,YBR273C,0,-5.9944553,0.08116555958986282,0.8050000071525574,0.911300003528595
YLR117C,YFL013C,0,-5.9946957,0.0811573714017868,0.8050000071525574,0.9114000201225281
YPR086W,YAL001C,1,-5.9947233,0.08124999701976776,0.8059999942779541,0.9114000201225281
YLR015W,YDR312W,0,-5.9952927,0.08124180883169174,0.8059999942779541,0.9114999771118164
YHR001W,YDR137W,0,-5.995391,0.08123362064361572,0.8059999942779541,0.9115999937057495
YJR105W,YPL037C,0,-5.99555,0.0812254324555397,0.8059999942779541,0.9117000102996826
YJL050W,YLR409C,0,-5.996336,0.08121725171804428,0.8059999942779541,0.9118000268936157
YBR145W,YLR229C,0,-5.996372,0.08120907098054886,0.8059999942779541,0.911899983882904
YNL071W,YKL148C,0,-5.9965596,0.08120089024305344,0.8059999942779541,0.9120000004768372
YOR239W,YCL032W,0,-5.9967775,0.08119270950555801,0.8059999942779541,0.9121000170707703
YDR054C,YOL042W,0,-5.99692,0.08118452876806259,0.8059999942779541,0.9121999740600586
YLR005W,YPL122C,1,-5.997267,0.08127706497907639,0.8069999814033508,0.9121999740600586
YPR031W,YCR037C,0,-5.9986186,0.08126888424158096,0.8069999814033508,0.9122999906539917
YOL116W,YJR068W,0,-5.999433,0.08126069605350494,0.8069999814033508,0.9124000072479248
YLR450W,YDR159W,0,-5.999732,0.08125251531600952,0.8069999814033508,0.9125000238418579
YHR190W,YER161C,0,-6.00016,0.0812443345785141,0.8069999814033508,0.9125999808311462
YIL106W,YIL114C,0,-6.000188,0.08123616129159927,0.8069999814033508,0.9126999974250793
YGL207W,YGL112C,1,-6.000367,0.08132863789796829,0.8080000281333923,0.9126999974250793
YDL065C,YMR075W,0,-6.0011215,0.08132044970989227,0.8080000281333923,0.9128000140190125
YHR190W,YOL061W,0,-6.0011806,0.08131226897239685,0.8080000281333923,0.9128999710083008
YKL049C,YMR298W,0,-6.0036716,0.08130408823490143,0.8080000281333923,0.9129999876022339
YOL054W,YGR195W,0,-6.004402,0.081295907497406,0.8080000281333923,0.913100004196167
YMR296C,YER125W,0,-6.005288,0.08128772675991058,0.8080000281333923,0.9132000207901001
YBL103C,YPR056W,1,-6.005807,0.08138014376163483,0.8090000152587891,0.9132000207901001
YBL099W,YML080W,0,-6.0058584,0.08137195557355881,0.8090000152587891,0.9132999777793884
YKR068C,YPR009W,0,-6.0058994,0.08136377483606339,0.8090000152587891,0.9133999943733215
YNL239W,YPL026C,0,-6.006005,0.08135559409856796,0.8090000152587891,0.9135000109672546
YCR094W,YOL003C,0,-6.006147,0.08134741336107254,0.8090000152587891,0.9136000275611877
YDR099W,YDR412W,0,-6.0062237,0.08133923262357712,0.8090000152587891,0.9136999845504761
YOL135C,YNL326C,0,-6.007558,0.0813310518860817,0.8090000152587891,0.9138000011444092
YKR052C,YOR075W,0,-6.0081186,0.08132287859916687,0.8090000152587891,0.9139000177383423
YHR194W,YGR170W,0,-6.010228,0.08131470531225204,0.8090000152587891,0.9139999747276306
YBR049C,YBR283C,0,-6.010856,0.08130653202533722,0.8090000152587891,0.9140999913215637
YKL193C,YDR398W,0,-6.0110164,0.0812983587384224,0.8090000152587891,0.9142000079154968
YBL046W,YLR403W,0,-6.0117164,0.08129019290208817,0.8090000152587891,0.9143000245094299
YOR354C,YOR087W,0,-6.0120335,0.08128202706575394,0.8090000152587891,0.9143999814987183
YLR005W,YDR145W,1,-6.0123324,0.08137432485818863,0.8100000023841858,0.9143999814987183
YHR084W,YNL079C,0,-6.0126634,0.0813661441206932,0.8100000023841858,0.9144999980926514
YNL192W,YGL018C,0,-6.013542,0.08135797828435898,0.8100000023841858,0.9146000146865845
YDL230W,YDR129C,0,-6.0136156,0.08134980499744415,0.8100000023841858,0.9146999716758728
YJL042W,YPL140C,0,-6.0136943,0.08134163171052933,0.8100000023841858,0.9147999882698059
YMR211W,YPR095C,0,-6.01396,0.0813334658741951,0.8100000023841858,0.914900004863739
YJR065C,YML034W,0,-6.0139713,0.08132530003786087,0.8100000023841858,0.9150000214576721
YEL061C,YMR022W,0,-6.0141068,0.08131713420152664,0.8100000023841858,0.9150999784469604
YGL207W,YLR005W,1,-6.014353,0.08140935748815536,0.8109999895095825,0.9150999784469604
YJL005W,YOR284W,0,-6.014885,0.08140118420124054,0.8109999895095825,0.9151999950408936
YLR028C,YJR082C,0,-6.0156693,0.08139301836490631,0.8109999895095825,0.9153000116348267
YPR025C,YML098W,1,-6.015785,0.08148519694805145,0.8119999766349792,0.9153000116348267
YLR310C,YGR004W,0,-6.0162525,0.08147702366113663,0.8119999766349792,0.9154000282287598
YJL010C,YJL104W,0,-6.0165935,0.0814688503742218,0.8119999766349792,0.9154999852180481
YDR320C-A,YIL076W,0,-6.01672,0.08146067708730698,0.8119999766349792,0.9156000018119812
YGR230W,YFR014C,0,-6.0172563,0.08145250380039215,0.8119999766349792,0.9157000184059143
YNL080C,YGR135W,0,-6.017416,0.08144433051347733,0.8119999766349792,0.9157999753952026
YPR144C,YGR143W,0,-6.01752,0.0814361646771431,0.8119999766349792,0.9158999919891357
YML015C,YGL112C,1,-6.0175276,0.08152827620506287,0.8130000233650208,0.9158999919891357
YBR200W,YNL149C,0,-6.018337,0.08152010291814804,0.8130000233650208,0.9160000085830688
YNL258C,YDR243C,0,-6.0185595,0.08151192963123322,0.8130000233650208,0.916100025177002
YNL062C,YNL082W,0,-6.018582,0.08150375634431839,0.8130000233650208,0.9161999821662903
YPL122C,YPR056W,1,-6.0190725,0.08159583061933517,0.8140000104904175,0.9161999821662903
YDR036C,YPR037C,0,-6.019143,0.08158764988183975,0.8140000104904175,0.9162999987602234
YNR027W,YJL210W,0,-6.019499,0.08157947659492493,0.8140000104904175,0.9164000153541565
YOR367W,YOR007C,0,-6.0206995,0.0815713033080101,0.8140000104904175,0.9164999723434448
YJR089W,YJL210W,0,-6.0207615,0.08156312257051468,0.8140000104904175,0.9165999889373779
YDR339C,YLR332W,0,-6.021116,0.08155495673418045,0.8140000104904175,0.916700005531311
YCR044C,YPL002C,0,-6.023305,0.08154678344726562,0.8140000104904175,0.9168000221252441
YER154W,YML034W,0,-6.023385,0.0815386176109314,0.8140000104904175,0.9168999791145325
YPR029C,YKR068C,0,-6.0234747,0.08153045177459717,0.8140000104904175,0.9169999957084656
YJL201W,YJL073W,0,-6.024132,0.08152228593826294,0.8140000104904175,0.9171000123023987
YIL125W,YIL075C,0,-6.024235,0.08151412010192871,0.8140000104904175,0.9172000288963318
YLL002W,YGL066W,0,-6.024292,0.08150595426559448,0.8140000104904175,0.9172999858856201
YBR288C,YCR033W,0,-6.026163,0.08149779587984085,0.8140000104904175,0.9174000024795532
YDL031W,YDR395W,0,-6.0266705,0.08148963749408722,0.8140000104904175,0.9175000190734863
YNL016W,YKL141W,0,-6.0270367,0.08148147910833359,0.8140000104904175,0.9175999760627747
YLR295C,YAR002W,0,-6.027203,0.08147332817316055,0.8140000104904175,0.9176999926567078
YOL144W,YGR229C,0,-6.027919,0.08146516978740692,0.8140000104904175,0.9178000092506409
YOR232W,YDL084W,0,-6.0281057,0.08145701885223389,0.8140000104904175,0.917900025844574
YKL190W,YKR089C,0,-6.0286446,0.08144886791706085,0.8140000104904175,0.9179999828338623
YGR133W,YAR003W,0,-6.028918,0.08144071698188782,0.8140000104904175,0.9180999994277954
YDR075W,YPL179W,0,-6.028992,0.08143257349729538,0.8140000104904175,0.9182000160217285
YDR211W,YPL010W,0,-6.0310802,0.08142443001270294,0.8140000104904175,0.9182999730110168
YDR362C,YOR194C,1,-6.0321994,0.08151630312204361,0.8149999976158142,0.9182999730110168
YGR220C,YOR354C,0,-6.0342083,0.08150815218687057,0.8149999976158142,0.91839998960495
YDR164C,YPL120W,0,-6.034257,0.08150000125169754,0.8149999976158142,0.9185000061988831
YCR020W-B,YPL203W,0,-6.0343,0.0814918503165245,0.8149999976158142,0.9186000227928162
YBL019W,YPR100W,0,-6.035122,0.08148370683193207,0.8149999976158142,0.9186999797821045
YGL061C,YGL073W,0,-6.0365725,0.08147555589675903,0.8149999976158142,0.9187999963760376
YDL013W,YOR089C,0,-6.037021,0.0814674124121666,0.8149999976158142,0.9189000129699707
YGL112C,YOR110W,1,-6.0373697,0.08155921846628189,0.8159999847412109,0.9189000129699707
YMR227C,YPL122C,1,-6.0378184,0.08165100961923599,0.8169999718666077,0.9189000129699707
YLR266C,YIR022W,0,-6.037961,0.08164285123348236,0.8169999718666077,0.9190000295639038
YBR123C,YGR186W,1,-6.0380926,0.08173461258411407,0.8180000185966492,0.9190000295639038
YBR106W,YJR086W,0,-6.038914,0.08172644674777985,0.8180000185966492,0.9190999865531921
YNL232W,YMR089C,0,-6.0405912,0.08171828091144562,0.8180000185966492,0.9192000031471252
YOL060C,YNR003C,0,-6.0406284,0.08171012252569199,0.8180000185966492,0.9193000197410583
YBR185C,YOR048C,0,-6.041501,0.08170195668935776,0.8180000185966492,0.9193999767303467
YLL022C,YOR130C,0,-6.0420547,0.08169379830360413,0.8180000185966492,0.9194999933242798
YCL043C,YPL042C,0,-6.0423603,0.0816856399178505,0.8180000185966492,0.9196000099182129
YLR005W,YIL143C,1,-6.042459,0.08177733421325684,0.8190000057220459,0.9196000099182129
YHR084W,YGR024C,0,-6.0428715,0.08176916837692261,0.8190000057220459,0.919700026512146
YLR078C,YDR429C,0,-6.0429606,0.08176100999116898,0.8190000057220459,0.9197999835014343
YMR281W,YNL239W,0,-6.043273,0.08175284415483475,0.8190000057220459,0.9199000000953674
YDR145W,YCR042C,1,-6.0433927,0.08184449374675751,0.8199999928474426,0.9199000000953674
YPR186C,YIL143C,1,-6.044287,0.08193612843751907,0.8209999799728394,0.9199000000953674
YLR133W,YKL059C,0,-6.044368,0.08192794770002365,0.8209999799728394,0.9200000166893005
YPR057W,YPL164C,0,-6.044384,0.08191977441310883,0.8209999799728394,0.9200999736785889
YJL024C,YNL073W,0,-6.0447025,0.081911601126194,0.8209999799728394,0.920199990272522
YJL013C,YHR111W,0,-6.045451,0.08190343528985977,0.8209999799728394,0.9203000068664551
YMR179W,YPL214C,0,-6.0458136,0.08189526200294495,0.8209999799728394,0.9204000234603882
YDL013W,YCL031C,0,-6.0460696,0.08188709616661072,0.8209999799728394,0.9204999804496765
YCR027C,YOL143C,0,-6.046793,0.08187893033027649,0.8209999799728394,0.9205999970436096
YOL089C,YPR086W,1,-6.0483084,0.08197048306465149,0.8220000267028809,0.9205999970436096
YHR091C,YNL326C,0,-6.048421,0.08196230977773666,0.8220000267028809,0.9207000136375427
YBR023C,YNL272C,0,-6.048986,0.08195413649082184,0.8220000267028809,0.920799970626831
YCL017C,YOR130C,0,-6.049486,0.08194597065448761,0.8220000267028809,0.9208999872207642
YGL025C,YGR099W,0,-6.0503464,0.08193779736757278,0.8220000267028809,0.9210000038146973
YBR035C,YDR002W,0,-6.051052,0.08192963153123856,0.8220000267028809,0.9211000204086304
YNL118C,YDR494W,0,-6.0511847,0.08192146569490433,0.8220000267028809,0.9211999773979187
YDL174C,YDR388W,0,-6.0513744,0.0819132998585701,0.8220000267028809,0.9212999939918518
YDR129C,YOL004W,0,-6.0524726,0.08190514147281647,0.8220000267028809,0.9214000105857849
YER148W,YBR123C,1,-6.052659,0.0819966122508049,0.8230000138282776,0.9214000105857849
YBL082C,YOR270C,0,-6.053179,0.08198844641447067,0.8230000138282776,0.921500027179718
YLR206W,YGL173C,0,-6.0532026,0.08198028057813644,0.8230000138282776,0.9215999841690063
YKL040C,YGR046W,0,-6.053361,0.08197211474180222,0.8230000138282776,0.9217000007629395
YML046W,YGR195W,0,-6.054337,0.08196394890546799,0.8230000138282776,0.9218000173568726
YER016W,YML094W,0,-6.054451,0.08195578306913376,0.8230000138282776,0.9218999743461609
YML032C,YMR200W,0,-6.0558662,0.08194762468338013,0.8230000138282776,0.921999990940094
YMR188C,YHR060W,0,-6.055913,0.0819394662976265,0.8230000138282776,0.9221000075340271
YML098W,YDR311W,1,-6.055916,0.08203086256980896,0.8240000009536743,0.9221000075340271
YFL033C,YPR102C,0,-6.057673,0.08202269673347473,0.8240000009536743,0.9222000241279602
YOR245C,YLR181C,0,-6.057826,0.0820145308971405,0.8240000009536743,0.9222999811172485
YNL118C,YLR298C,0,-6.058724,0.08200637251138687,0.8240000009536743,0.9223999977111816
YBR165W,YBL055C,0,-6.0587473,0.08199820667505264,0.8240000009536743,0.9225000143051147
YKR072C,YMR149W,0,-6.058958,0.08199004828929901,0.8240000009536743,0.9225999712944031
YOL051W,YHR021C,0,-6.0592117,0.08198188990354538,0.8240000009536743,0.9226999878883362
YJL124C,YPL029W,0,-6.0593624,0.08197373896837234,0.8240000009536743,0.9228000044822693
YDL155W,YKR035W-A,0,-6.059678,0.08196558058261871,0.8240000009536743,0.9229000210762024
YDR211W,YKL082C,0,-6.05971,0.08195742964744568,0.8240000009536743,0.9229999780654907
YPR086W,YPL122C,1,-6.0620947,0.08204872906208038,0.824999988079071,0.9229999780654907
YLR371W,YLR166C,0,-6.0621285,0.08204057067632675,0.824999988079071,0.9230999946594238
YJL146W,YLL019C,0,-6.0626106,0.08203241229057312,0.824999988079071,0.9232000112533569
YER148W,YDR460W,1,-6.06289,0.08212368190288544,0.8259999752044678,0.9232000112533569
YDR301W,YLR080W,0,-6.062958,0.08211551606655121,0.8259999752044678,0.92330002784729
YOR354C,YJL156C,0,-6.063806,0.08210735768079758,0.8259999752044678,0.9233999848365784
YJR060W,YPR161C,0,-6.0638943,0.08209919184446335,0.8259999752044678,0.9235000014305115
YLR163C,YMR127C,0,-6.0639925,0.08209103345870972,0.8259999752044678,0.9236000180244446
YCR042C,YDR311W,1,-6.064368,0.08218225091695786,0.8270000219345093,0.9236000180244446
YBL041W,YOL061W,0,-6.065363,0.08217408508062363,0.8270000219345093,0.9236999750137329
YGL166W,YPL122C,1,-6.0664387,0.08226527273654938,0.828000009059906,0.9236999750137329
YPL046C,YOR270C,0,-6.0666213,0.08225709944963455,0.828000009059906,0.923799991607666
YBL019W,YMR146C,0,-6.0667305,0.08224893361330032,0.828000009059906,0.9239000082015991
YOR198C,YBR022W,0,-6.066946,0.0822407603263855,0.828000009059906,0.9240000247955322
YDR110W,YPL075W,0,-6.0672517,0.08223259449005127,0.828000009059906,0.9240999817848206
YHR091C,YEL013W,0,-6.069439,0.08222442865371704,0.828000009059906,0.9241999983787537
YOR058C,YPL118W,0,-6.070182,0.08221626281738281,0.828000009059906,0.9243000149726868
YFR050C,YDL080C,0,-6.0703163,0.08220810443162918,0.828000009059906,0.9243999719619751
YNR030W,YDR485C,0,-6.0717173,0.08219993859529495,0.828000009059906,0.9244999885559082
YML094W,YHR001W,0,-6.0720496,0.08219178020954132,0.828000009059906,0.9246000051498413
YNL039W,YIL143C,1,-6.072623,0.08228287845849991,0.8289999961853027,0.9246000051498413
YGR262C,YDL100C,0,-6.0727797,0.08227471262216568,0.8289999961853027,0.9247000217437744
YHR102W,YKL148C,0,-6.0734935,0.08226654678583145,0.8289999961853027,0.9247999787330627
YOR198C,YBL017C,0,-6.0755196,0.08225838094949722,0.8289999961853027,0.9248999953269958
YBL103C,YDR145W,1,-6.0759773,0.08234944194555283,0.8299999833106995,0.9248999953269958
YMR207C,YDR485C,0,-6.0760446,0.082341268658638,0.8299999833106995,0.925000011920929
YCR082W,YDL120W,0,-6.0760765,0.08233310282230377,0.8299999833106995,0.9251000285148621
YPL084W,YIR015W,0,-6.076126,0.08232493698596954,0.8299999833106995,0.9251999855041504
YDL040C,YJL210W,0,-6.076803,0.08231677114963531,0.8299999833106995,0.9253000020980835
YGR200C,YML115C,0,-6.077306,0.08230860531330109,0.8299999833106995,0.9254000186920166
YGL038C,YML013W,0,-6.077317,0.08230044692754745,0.8299999833106995,0.9254999756813049
YNL055C,YHR165C,0,-6.077669,0.08229228854179382,0.8299999833106995,0.925599992275238
YLR005W,YOR194C,1,-6.077688,0.08238326758146286,0.8309999704360962,0.925599992275238
YLR085C,YCR053W,0,-6.0789933,0.08237510174512863,0.8309999704360962,0.9257000088691711
YGR267C,YGR206W,0,-6.079194,0.0823669359087944,0.8309999704360962,0.9258000254631042
YOR020C,YER126C,0,-6.079941,0.08235877007246017,0.8309999704360962,0.9258999824523926
YOL139C,YGL195W,0,-6.081238,0.08235061168670654,0.8309999704360962,0.9259999990463257
YPR056W,YGR186W,1,-6.0815353,0.0824415385723114,0.8320000171661377,0.9259999990463257
YBR202W,YLL038C,0,-6.0820746,0.08243337273597717,0.8320000171661377,0.9261000156402588
YBR290W,YPL140C,0,-6.082298,0.08242519944906235,0.8320000171661377,0.9261999726295471
YJL128C,YOL138C,0,-6.0826416,0.08241704106330872,0.8320000171661377,0.9262999892234802
YOR304W,YGR013W,0,-6.084421,0.08240887522697449,0.8320000171661377,0.9264000058174133
YPR025C,YPL122C,1,-6.084972,0.08249974995851517,0.8330000042915344,0.9264000058174133
YKL135C,YNL216W,0,-6.0855217,0.08249158412218094,0.8330000042915344,0.9265000224113464
YGL112C,YGR186W,1,-6.0859423,0.08258243650197983,0.8339999914169312,0.9265000224113464
YDR099W,YPL037C,0,-6.086192,0.0825742557644844,0.8339999914169312,0.9265999794006348
YNL257C,YLR005W,1,-6.0870714,0.0826650857925415,0.8349999785423279,0.9265999794006348
YML085C,YGL210W,0,-6.089372,0.08265689760446548,0.8349999785423279,0.9266999959945679
YLR254C,YDR404C,0,-6.091668,0.08264871686697006,0.8349999785423279,0.926800012588501
YLR370C,YOR035C,0,-6.092021,0.08264053612947464,0.8349999785423279,0.9269000291824341
YDR167W,YOR110W,1,-6.092222,0.08273132145404816,0.8360000252723694,0.9269000291824341
YJL146W,YOR153W,0,-6.0926714,0.08272313326597214,0.8360000252723694,0.9269999861717224
YOR275C,YGR229C,0,-6.093315,0.08271495252847672,0.8360000252723694,0.9271000027656555
YOR241W,YOL109W,0,-6.0938945,0.0827067643404007,0.8360000252723694,0.9272000193595886
YLL006W,YMR047C,0,-6.0944138,0.08269858360290527,0.8360000252723694,0.927299976348877
YLR399C,YNL091W,0,-6.0946565,0.08269040286540985,0.8360000252723694,0.9273999929428101
YBL047C,YOL026C,0,-6.094733,0.08268222957849503,0.8360000252723694,0.9275000095367432
YLR293C,YML115C,0,-6.09492,0.0826740488409996,0.8360000252723694,0.9276000261306763
YNL201C,YNL079C,0,-6.0949693,0.08266587555408478,0.8360000252723694,0.9276999831199646
YOL004W,YIL030C,0,-6.0974894,0.08265770226716995,0.8360000252723694,0.9277999997138977
YNR013C,YML014W,0,-6.0975313,0.08264952898025513,0.8360000252723694,0.9279000163078308
YGL207W,YGR186W,1,-6.0987,0.08274020999670029,0.8370000123977661,0.9279000163078308
YHR072W,YOR355W,0,-6.09886,0.08273203670978546,0.8370000123977661,0.9279999732971191
YOL054W,YBL011W,0,-6.1026893,0.08272385597229004,0.8370000123977661,0.9280999898910522
YOR201C,YDR140W,0,-6.1027336,0.08271568268537521,0.8370000123977661,0.9282000064849854
YPL049C,YCL051W,0,-6.1031923,0.08270750939846039,0.8370000123977661,0.9283000230789185
YOR046C,YMR212C,0,-6.103926,0.08269933611154556,0.8370000123977661,0.9283999800682068
YPR008W,YNL257C,1,-6.1041956,0.08278996497392654,0.8379999995231628,0.9283999800682068
YOL089C,YDR362C,1,-6.1043625,0.08288057148456573,0.8389999866485596,0.9283999800682068
YKL068W,YGL208W,0,-6.104665,0.08287238329648972,0.8389999866485596,0.9284999966621399
YJR076C,YOR265W,0,-6.1047,0.0828641951084137,0.8389999866485596,0.928600013256073
YDL232W,YPL208W,0,-6.1052027,0.08285601437091827,0.8389999866485596,0.9286999702453613
YOL049W,YMR149W,0,-6.105715,0.08284783363342285,0.8389999866485596,0.9287999868392944
YNL177C,YNL264C,0,-6.1064787,0.08283965289592743,0.8389999866485596,0.9289000034332275
YLR403W,YOL125W,0,-6.106824,0.082831472158432,0.8389999866485596,0.9290000200271606
YGR267C,YML041C,0,-6.1069584,0.08282329887151718,0.8389999866485596,0.929099977016449
YGR262C,YLR256W,0,-6.1070404,0.08281512558460236,0.8389999866485596,0.9291999936103821
YIL143C,YDR460W,1,-6.107141,0.08290564268827438,0.8399999737739563,0.9291999936103821
YPL177C,YLR005W,1,-6.108329,0.08299615234136581,0.8410000205039978,0.9291999936103821
YER122C,YIL125W,0,-6.108595,0.0829879641532898,0.8410000205039978,0.9293000102043152
YDR017C,YDR412W,0,-6.1089473,0.08297977596521378,0.8410000205039978,0.9294000267982483
YDR194C,YBL055C,0,-6.1093254,0.08297158777713776,0.8410000205039978,0.9294999837875366
YLR097C,YGL210W,0,-6.109802,0.08296339958906174,0.8410000205039978,0.9296000003814697
YOR354C,YOR272W,0,-6.1102276,0.08295521885156631,0.8410000205039978,0.9297000169754028
YPR186C,YPR056W,1,-6.1103544,0.08304566890001297,0.8420000076293945,0.9297000169754028
YCR047C,YDR494W,0,-6.1106567,0.08303747326135635,0.8420000076293945,0.9297999739646912
YNR007C,YPR120C,0,-6.1114244,0.08302928507328033,0.8420000076293945,0.9298999905586243
YOR038C,YCR033W,0,-6.1114783,0.08302109688520432,0.8420000076293945,0.9300000071525574
YBR037C,YER123W,0,-6.112278,0.08301291614770889,0.8420000076293945,0.9301000237464905
YPL059W,YPR101W,0,-6.1145287,0.08300473541021347,0.8420000076293945,0.9301999807357788
YNR008W,YDR142C,0,-6.1145687,0.08299654722213745,0.8420000076293945,0.9302999973297119
YBL008W,YER100W,0,-6.114593,0.08298836648464203,0.8420000076293945,0.930400013923645
YDL108W,YLR005W,1,-6.115966,0.08307874202728271,0.8429999947547913,0.930400013923645
YLR216C,YPL262W,0,-6.1172647,0.0830705538392067,0.8429999947547913,0.9304999709129333
YNL101W,YDR071C,0,-6.1173143,0.08306237310171127,0.8429999947547913,0.9305999875068665
YNL199C,YDR205W,0,-6.118682,0.08305418491363525,0.8429999947547913,0.9307000041007996
YPL227C,YMR188C,0,-6.1187296,0.08304600417613983,0.8429999947547913,0.9308000206947327
YDL013W,YMR247C,0,-6.120724,0.08303782343864441,0.8429999947547913,0.930899977684021
YAL043C,YER005W,0,-6.1215343,0.08302964270114899,0.8429999947547913,0.9309999942779541
YDR335W,YGR046W,0,-6.123605,0.08302146941423416,0.8429999947547913,0.9311000108718872
YJL201W,YJL104W,0,-6.1237373,0.08301329612731934,0.8429999947547913,0.9312000274658203
YFL021W,YIL143C,1,-6.1238794,0.08310358226299286,0.843999981880188,0.9312000274658203
YLR361C,YDR464W,0,-6.1245346,0.08309540152549744,0.843999981880188,0.9312999844551086
YER167W,YLR117C,0,-6.1249533,0.08308722078800201,0.843999981880188,0.9314000010490417
YJR059W,YPL042C,0,-6.1251383,0.08307904005050659,0.843999981880188,0.9315000176429749
YJL024C,YER154W,0,-6.1265554,0.08307086676359177,0.843999981880188,0.9315999746322632
YGR262C,YLR133W,0,-6.1268697,0.08306269347667694,0.843999981880188,0.9316999912261963
YHR118C,YGR104C,0,-6.127221,0.08305452018976212,0.843999981880188,0.9318000078201294
YOR198C,YHR065C,0,-6.1274734,0.08304634690284729,0.843999981880188,0.9319000244140625
YNL071W,YPL096W,0,-6.127977,0.08303817361593246,0.843999981880188,0.9319999814033508
YPL135W,YDR494W,0,-6.128666,0.08303000777959824,0.843999981880188,0.9320999979972839
YKR038C,YGR170W,0,-6.1291275,0.08302183449268341,0.843999981880188,0.932200014591217
YPL195W,YNL099C,0,-6.1295733,0.08301366865634918,0.843999981880188,0.9322999715805054
YLR238W,YGL073W,0,-6.1299706,0.08300551027059555,0.843999981880188,0.9323999881744385
YDL088C,YJL134W,0,-6.1312776,0.08299734443426132,0.843999981880188,0.9325000047683716
YGR040W,YOR171C,0,-6.132593,0.08298918604850769,0.843999981880188,0.9326000213623047
YIL033C,YLR328W,0,-6.132991,0.08298102766275406,0.843999981880188,0.932699978351593
YOR279C,YBR265W,0,-6.1342,0.08297286927700043,0.843999981880188,0.9327999949455261
YHR206W,YNR039C,0,-6.135026,0.0829647108912468,0.843999981880188,0.9329000115394592
YGR193C,YNL167C,0,-6.1353407,0.08295655250549316,0.843999981880188,0.9330000281333923
YPL177C,YPL129W,1,-6.1363153,0.08304668217897415,0.8450000286102295,0.9330000281333923
YLR378C,YKL018W,0,-6.13805,0.08303852379322052,0.8450000286102295,0.9330999851226807
YOR112W,YOR115C,0,-6.1386194,0.08303036540746689,0.8450000286102295,0.9332000017166138
YGL066W,YOR064C,0,-6.1387835,0.08302220702171326,0.8450000286102295,0.9333000183105469
YDR148C,YDR027C,0,-6.138789,0.08301404863595963,0.8450000286102295,0.9333999752998352
YGL166W,YAL001C,1,-6.139737,0.08310412615537643,0.8460000157356262,0.9333999752998352
YJL134W,YDL224C,0,-6.1400366,0.0830959603190422,0.8460000157356262,0.9334999918937683
YLR380W,YMR202W,0,-6.141122,0.08308780193328857,0.8460000157356262,0.9336000084877014
YIL079C,YKL095W,0,-6.1416407,0.08307964354753494,0.8460000157356262,0.9337000250816345
YEL018W,YPL171C,0,-6.1423726,0.08307148516178131,0.8460000157356262,0.9337999820709229
YCR020C-A,YOR301W,0,-6.142446,0.08306332677602768,0.8460000157356262,0.933899998664856
YGR170W,YBL057C,0,-6.1426477,0.08305517584085464,0.8460000157356262,0.9340000152587891
YOR299W,YNR039C,0,-6.1428394,0.08304701745510101,0.8460000157356262,0.9340999722480774
YHR084W,YHR070W,0,-6.14334,0.08303886651992798,0.8460000157356262,0.9341999888420105
YGL166W,YDR145W,1,-6.1437774,0.08312886208295822,0.847000002861023,0.9341999888420105
YBR039W,YER021W,0,-6.143946,0.08312070369720459,0.847000002861023,0.9343000054359436
YOR204W,YLR354C,0,-6.14519,0.08311255276203156,0.847000002861023,0.9344000220298767
YNL256W,YDR150W,0,-6.145462,0.08310439437627792,0.847000002861023,0.934499979019165
YGR252W,YNL123W,0,-6.1461644,0.08309624344110489,0.847000002861023,0.9345999956130981
YKL113C,YPL089C,0,-6.146842,0.08308809250593185,0.847000002861023,0.9347000122070312
YDR148C,YNL201C,0,-6.1486716,0.08307994157075882,0.847000002861023,0.9348000288009644
YDL181W,YGR231C,0,-6.149106,0.08307179063558578,0.847000002861023,0.9348999857902527
YNL038W,YNL311C,0,-6.1492853,0.08306364715099335,0.847000002861023,0.9350000023841858
YPR154W,YOR007C,0,-6.1493053,0.08305550366640091,0.847000002861023,0.9351000189781189
YER016W,YJL002C,0,-6.1496134,0.08304736018180847,0.847000002861023,0.9351999759674072
YPR067W,YDR159W,0,-6.150347,0.08303921669721603,0.847000002861023,0.9352999925613403
YPR191W,YOL072W,0,-6.1507034,0.0830310732126236,0.847000002861023,0.9354000091552734
YMR235C,YHR135C,0,-6.1513357,0.08302293717861176,0.847000002861023,0.9355000257492065
YDR142C,YGL095C,0,-6.1515045,0.08301480114459991,0.847000002861023,0.9355999827384949
YMR227C,YBR123C,1,-6.152526,0.08310466259717941,0.8479999899864197,0.9355999827384949
YOL061W,YLR354C,0,-6.1529984,0.08309651911258698,0.8479999899864197,0.935699999332428
YGR261C,YMR112C,0,-6.153124,0.08308838307857513,0.8479999899864197,0.9358000159263611
YGL073W,YGL013C,0,-6.153488,0.0830802395939827,0.8479999899864197,0.9358999729156494
YBR068C,YFL041W,0,-6.15357,0.08307210355997086,0.8479999899864197,0.9359999895095825
YDR036C,YDR238C,0,-6.154754,0.08306396007537842,0.8479999899864197,0.9361000061035156
YGL019W,YML071C,0,-6.1549544,0.08305582404136658,0.8479999899864197,0.9362000226974487
YLR229C,YPR173C,0,-6.155094,0.08304769545793533,0.8479999899864197,0.9362999796867371
YJR065C,YFR041C,0,-6.1553307,0.08303955942392349,0.8479999899864197,0.9363999962806702
YOR269W,YBR103W,0,-6.1556435,0.08303143084049225,0.8479999899864197,0.9365000128746033
YKL080W,YER031C,0,-6.155747,0.083023302257061,0.8479999899864197,0.9366000294685364
YDR145W,YOR194C,1,-6.1565056,0.08311306685209274,0.8489999771118164,0.9366000294685364
YPL129W,YGR186W,1,-6.1574044,0.08320281654596329,0.8500000238418579,0.9366000294685364
YML061C,YGR104C,0,-6.157484,0.08319467306137085,0.8500000238418579,0.9366999864578247
YBL019W,YML094W,0,-6.1574907,0.08318653702735901,0.8500000238418579,0.9368000030517578
YOR304W,YDR498C,0,-6.1575613,0.08317839354276657,0.8500000238418579,0.9369000196456909
YOR363C,YML124C,0,-6.157793,0.08317025750875473,0.8500000238418579,0.9369999766349792
YKR026C,YJR077C,0,-6.158369,0.08316211402416229,0.8500000238418579,0.9370999932289124
YMR072W,YIR018W,0,-6.158674,0.08315397799015045,0.8500000238418579,0.9372000098228455
YNL216W,YKR008W,0,-6.1589994,0.08314584940671921,0.8500000238418579,0.9373000264167786
YPL160W,YDL195W,0,-6.159871,0.08313771337270737,0.8500000238418579,0.9373999834060669
YOR245C,YER173W,0,-6.1600432,0.08312958478927612,0.8500000238418579,0.9375
YJL047C,YDR103W,0,-6.1609135,0.08312145620584488,0.8500000238418579,0.9376000165939331
YHR190W,YDL225W,0,-6.1619797,0.08311332762241364,0.8500000238418579,0.9376999735832214
YJR104C,YMR203W,0,-6.162126,0.08310519903898239,0.8500000238418579,0.9377999901771545
YLR088W,YLR176C,0,-6.162153,0.08309707790613174,0.8500000238418579,0.9379000067710876
YDR363W,YPR068C,0,-6.1623926,0.0830889567732811,0.8500000238418579,0.9380000233650208
YJR076C,YPL221W,0,-6.1624775,0.08308083564043045,0.8500000238418579,0.9380999803543091
YML015C,YDR362C,1,-6.16339,0.08317044377326965,0.8510000109672546,0.9380999803543091
YLL003W,YOL122C,0,-6.163447,0.08316231518983841,0.8510000109672546,0.9381999969482422
YDL040C,YDR081C,0,-6.1640005,0.08315419405698776,0.8510000109672546,0.9383000135421753
YDR245W,YBR212W,0,-6.1660366,0.08314606547355652,0.8510000109672546,0.9383999705314636
YLR117C,YNL258C,0,-6.1661882,0.08313794434070587,0.8510000109672546,0.9384999871253967
YHR013C,YML074C,0,-6.166662,0.08312982320785522,0.8510000109672546,0.9386000037193298
YLR394W,YMR240C,0,-6.167729,0.08312170207500458,0.8510000109672546,0.9387000203132629
YIL033C,YGL019W,0,-6.168146,0.08311358839273453,0.8510000109672546,0.9387999773025513
YHR043C,YML124C,0,-6.168226,0.08310546725988388,0.8510000109672546,0.9388999938964844
YCR083W,YDR372C,0,-6.168449,0.08309735357761383,0.8510000109672546,0.9390000104904175
YNL101W,YML048W,0,-6.168687,0.08308923989534378,0.8510000109672546,0.9391000270843506
YJL081C,YJL076W,0,-6.16918,0.08308112621307373,0.8510000109672546,0.9391999840736389
YOL112W,YGR033C,0,-6.170888,0.08307301998138428,0.8510000109672546,0.939300000667572
YPR094W,YGR172C,0,-6.1721363,0.08306490629911423,0.8510000109672546,0.9394000172615051
YGL207W,YDR145W,1,-6.1739206,0.08315440267324448,0.8519999980926514,0.9394000172615051
YHR114W,YMR140W,0,-6.1751156,0.08314628899097443,0.8519999980926514,0.9394999742507935
YKR038C,YDR178W,0,-6.1761646,0.08313817530870438,0.8519999980926514,0.9395999908447266
YMR092C,YDL065C,0,-6.1778784,0.08313006162643433,0.8519999980926514,0.9397000074386597
YCL017C,YDL058W,0,-6.178261,0.08312194794416428,0.8519999980926514,0.9398000240325928
YNL268W,YKL059C,0,-6.1785393,0.08311384171247482,0.8519999980926514,0.9398999810218811
YLR007W,YDL224C,0,-6.178547,0.08310573548078537,0.8519999980926514,0.9399999976158142
YDR121W,YKR025W,0,-6.1804056,0.08309762924909592,0.8519999980926514,0.9401000142097473
YBL008W,YGL018C,0,-6.1808896,0.08308952301740646,0.8519999980926514,0.9401999711990356
YCL035C,YGR231C,0,-6.1817207,0.08308142423629761,0.8519999980926514,0.9402999877929688
YBR199W,YHL020C,0,-6.1821804,0.08307332545518875,0.8519999980926514,0.9404000043869019
YKL176C,YOR327C,0,-6.1824455,0.0830652266740799,0.8519999980926514,0.940500020980835
YNL164C,YOR359W,0,-6.182481,0.08305712789297104,0.8519999980926514,0.9405999779701233
YPR025C,YER148W,1,-6.182963,0.08314650505781174,0.8529999852180481,0.9405999779701233
YOR362C,YKR072C,0,-6.1831403,0.08313839882612228,0.8529999852180481,0.9406999945640564
YGL133W,YDL005C,0,-6.1834955,0.08313030004501343,0.8529999852180481,0.9408000111579895
YFR029W,YER173W,0,-6.1839743,0.08312220126390457,0.8529999852180481,0.9409000277519226
YML015C,YPL122C,1,-6.184172,0.08321153372526169,0.8539999723434448,0.9409000277519226
YIL143C,YDR311W,1,-6.185795,0.08330085873603821,0.8550000190734863,0.9409000277519226
YGR086C,YKL196C,0,-6.1860805,0.08329274505376816,0.8550000190734863,0.9409999847412109
YHR181W,YKR042W,0,-6.1861176,0.08328463137149811,0.8550000190734863,0.941100001335144
YCR094W,YDR221W,0,-6.186199,0.08327651768922806,0.8550000190734863,0.9412000179290771
YDR166C,YBL058W,0,-6.18629,0.08326840400695801,0.8550000190734863,0.9412999749183655
YIR009W,YDR150W,0,-6.186333,0.08326029777526855,0.8550000190734863,0.9413999915122986
YOR316C,YLR380W,0,-6.1871204,0.0832521915435791,0.8550000190734863,0.9415000081062317
YBR201W,YER173W,0,-6.1889725,0.08324408531188965,0.8550000190734863,0.9416000247001648
YNR030W,YGL145W,0,-6.1890764,0.0832359790802002,0.8550000190734863,0.9416999816894531
YPL262W,YFR024C-A,0,-6.189912,0.08322788029909134,0.8550000190734863,0.9417999982833862
YBR024W,YOR254C,0,-6.1903334,0.08321978151798248,0.8550000190734863,0.9419000148773193
YBR043C,YNL272C,0,-6.191517,0.08321167528629303,0.8550000190734863,0.9419999718666077
YNL177C,YGL049C,0,-6.1925826,0.08320358395576477,0.8550000190734863,0.9420999884605408
YLR005W,YPL011C,1,-6.192851,0.08329278975725174,0.8560000061988831,0.9420999884605408
YBR221C,YOR265W,0,-6.193789,0.08328468352556229,0.8560000061988831,0.9422000050544739
YMR302C,YER005W,0,-6.1939216,0.08327658474445343,0.8560000061988831,0.942300021648407
YLR028C,YHR083W,0,-6.194543,0.08326848596334457,0.8560000061988831,0.9423999786376953
YFR033C,YNL047C,0,-6.1964498,0.08326037973165512,0.8560000061988831,0.9424999952316284
YJR068W,YLR145W,0,-6.1973696,0.08325228840112686,0.8560000061988831,0.9426000118255615
YML067C,YLR260W,0,-6.1977673,0.083244189620018,0.8560000061988831,0.9427000284194946
YER112W,YOR007C,0,-6.1981544,0.08323609828948975,0.8560000061988831,0.942799985408783
YLR048W,YDL212W,0,-6.198366,0.08322799950838089,0.8560000061988831,0.9429000020027161
YER148W,YGR186W,1,-6.1983757,0.08331713080406189,0.8569999933242798,0.9429000020027161
YGR083C,YMR302C,0,-6.1985955,0.08330903202295303,0.8569999933242798,0.9430000185966492
YJL208C,YLR376C,0,-6.1991415,0.08330093324184418,0.8569999933242798,0.9430999755859375
YDR099W,YHR083W,0,-6.199172,0.08329283446073532,0.8569999933242798,0.9431999921798706
YNL027W,YAR002W,0,-6.1992717,0.08328474313020706,0.8569999933242798,0.9433000087738037
YNL039W,YPR086W,1,-6.200309,0.08337382227182388,0.8579999804496765,0.9433000087738037
YLR016C,YER031C,0,-6.2012005,0.08336572349071503,0.8579999804496765,0.9434000253677368
YJL076W,YER022W,0,-6.201948,0.08335762470960617,0.8579999804496765,0.9434999823570251
YJL011C,YGL112C,1,-6.203573,0.08344666659832001,0.859000027179718,0.9434999823570251
YER083C,YOL108C,0,-6.2040324,0.08343856036663055,0.859000027179718,0.9435999989509583
YOR269W,YKR002W,0,-6.207062,0.0834304615855217,0.859000027179718,0.9437000155448914
YGL208W,YPR088C,0,-6.2071295,0.08342235535383224,0.859000027179718,0.9437999725341797
YAL055W,YML038C,0,-6.208144,0.08341425657272339,0.859000027179718,0.9438999891281128
YDR098C,YOL097C,0,-6.2088275,0.08340615779161453,0.859000027179718,0.9440000057220459
YPL055C,YKL059C,0,-6.2091303,0.08339805901050568,0.859000027179718,0.944100022315979
YPR008W,YPL011C,1,-6.2093787,0.08348704129457474,0.8600000143051147,0.944100022315979
YBL047C,YOR362C,0,-6.2098026,0.08347893506288528,0.8600000143051147,0.9441999793052673
YDR153C,YDL092W,0,-6.2108736,0.08347083628177643,0.8600000143051147,0.9442999958992004
YOR372C,YMR216C,0,-6.211375,0.08346273005008698,0.8600000143051147,0.9444000124931335
YLR429W,YFR052W,0,-6.2137785,0.08345463126897812,0.8600000143051147,0.9445000290870667
YDR153C,YNL267W,0,-6.214038,0.08344653248786926,0.8600000143051147,0.944599986076355
YNL039W,YPR056W,1,-6.214714,0.08353546261787415,0.8610000014305115,0.944599986076355
YPR165W,YML028W,0,-6.215366,0.08352735638618469,0.8610000014305115,0.9447000026702881
YKR048C,YOR008C,0,-6.215514,0.08351925760507584,0.8610000014305115,0.9448000192642212
YOR256C,YGR270W,0,-6.2158713,0.08351115137338638,0.8610000014305115,0.9448999762535095
YPR025C,YGR186W,1,-6.216946,0.08360003679990768,0.8619999885559082,0.9448999762535095
YPL117C,YDR485C,0,-6.2171865,0.08359193056821823,0.8619999885559082,0.9449999928474426
YGR199W,YMR314W,0,-6.2175894,0.08358382433652878,0.8619999885559082,0.9451000094413757
YML098W,YBR123C,1,-6.218787,0.08367267996072769,0.8629999756813049,0.9451000094413757
YKL073W,YMR088C,0,-6.220176,0.08366456627845764,0.8629999756813049,0.9452000260353088
YPR008W,YIL143C,1,-6.220349,0.08375339210033417,0.8640000224113464,0.9452000260353088
YAL022C,YNL098C,0,-6.2216253,0.08374527841806412,0.8640000224113464,0.9452999830245972
YNL129W,YPL179W,0,-6.2232513,0.08373715728521347,0.8640000224113464,0.9453999996185303
YDR219C,YDL217C,0,-6.223531,0.08372904360294342,0.8640000224113464,0.9455000162124634
YOR241W,YPR024W,0,-6.2235985,0.08372092992067337,0.8640000224113464,0.9455999732017517
YFL048C,YDR174W,0,-6.224265,0.08371281623840332,0.8640000224113464,0.9456999897956848
YAL042W,YOR241W,0,-6.2251368,0.08370471000671387,0.8640000224113464,0.9458000063896179
YBL057C,YKL018W,0,-6.2253237,0.08369659632444382,0.8640000224113464,0.945900022983551
YDL006W,YGR209C,0,-6.2261124,0.08368849009275436,0.8640000224113464,0.9459999799728394
YDR075W,YNR047W,0,-6.2277565,0.08368038386106491,0.8640000224113464,0.9460999965667725
YOR241W,YPL174C,0,-6.2283745,0.08367228507995605,0.8640000224113464,0.9462000131607056
YHR188C,YMR188C,0,-6.228884,0.0836641788482666,0.8640000224113464,0.9463000297546387
YPL060W,YPR139C,0,-6.2293196,0.08365608006715775,0.8640000224113464,0.946399986743927
YOR058C,YOR054C,0,-6.231887,0.08364798128604889,0.8640000224113464,0.9465000033378601
YDR477W,YML041C,0,-6.232236,0.08363988250494003,0.8640000224113464,0.9466000199317932
YMR225C,YDL065C,0,-6.2328215,0.08363179117441177,0.8640000224113464,0.9466999769210815
YPR008W,YPR186C,1,-6.2332454,0.08372048288583755,0.8650000095367432,0.9466999769210815
YER017C,YOR367W,0,-6.234276,0.0837123766541481,0.8650000095367432,0.9467999935150146
YGL061C,YPR125W,0,-6.234495,0.08370427787303925,0.8650000095367432,0.9469000101089478
YHR118C,YMR129W,0,-6.235425,0.08369617909193039,0.8650000095367432,0.9470000267028809
YNL039W,YGL166W,1,-6.2358522,0.08378482609987259,0.8659999966621399,0.9470000267028809
YML116W,YML092C,0,-6.2359915,0.08377672731876373,0.8659999966621399,0.9470999836921692
YOR103C,YOR281C,0,-6.2360806,0.08376862108707428,0.8659999966621399,0.9472000002861023
YDL028C,YNL167C,0,-6.2363296,0.08376051485538483,0.8659999966621399,0.9473000168800354
YKL002W,YER120W,0,-6.238385,0.08375241607427597,0.8659999966621399,0.9473999738693237
YPL212C,YNL121C,0,-6.2392187,0.08374431729316711,0.8659999966621399,0.9474999904632568
YOR142W,YHR206W,0,-6.239315,0.08373621851205826,0.8659999966621399,0.9476000070571899
YLR127C,YKL194C,0,-6.2394233,0.08372812718153,0.8659999966621399,0.947700023651123
YNL192W,YFR029W,0,-6.242115,0.08372002840042114,0.8659999966621399,0.9477999806404114
YJR082C,YPL268W,0,-6.2423754,0.08371193706989288,0.8659999966621399,0.9478999972343445
YDL197C,YLR254C,0,-6.242775,0.08370384573936462,0.8659999966621399,0.9480000138282776
YAL031C,YIR022W,0,-6.2433043,0.08369575440883636,0.8659999966621399,0.9480999708175659
YDR375C,YML041C,0,-6.2434874,0.0836876705288887,0.8659999966621399,0.948199987411499
YDL051W,YDR194C,0,-6.2443676,0.08367957919836044,0.8659999966621399,0.9483000040054321
YPR188C,YIL063C,0,-6.2444544,0.08367149531841278,0.8659999966621399,0.9484000205993652
YPR073C,YGR033C,0,-6.245468,0.08366341143846512,0.8659999966621399,0.9484999775886536
YBR234C,YNL264C,0,-6.246257,0.08365533500909805,0.8659999966621399,0.9485999941825867
YLR220W,YKR082W,0,-6.246722,0.08364725112915039,0.8659999966621399,0.9487000107765198
YML121W,YNL055C,0,-6.24679,0.08363917469978333,0.8659999966621399,0.9488000273704529
YLL019C,YIL063C,0,-6.248027,0.08363109827041626,0.8659999966621399,0.9488999843597412
YPR025C,YBL103C,1,-6.2482305,0.08371958136558533,0.8669999837875366,0.9488999843597412
YDR302W,YFR048W,0,-6.253853,0.08371149748563766,0.8669999837875366,0.9490000009536743
YOR079C,YML115C,0,-6.254987,0.0837034210562706,0.8669999837875366,0.9491000175476074
YDR459C,YLR026C,0,-6.25591,0.08369533717632294,0.8669999837875366,0.9491999745368958
YPL177C,YDR167W,1,-6.256481,0.08378378301858902,0.8679999709129333,0.9491999745368958
YDR162C,YDR498C,0,-6.258585,0.08377569913864136,0.8679999709129333,0.9492999911308289
YGL166W,YML098W,1,-6.260055,0.08386411517858505,0.8690000176429749,0.9492999911308289
YDR071C,YJR052W,0,-6.262451,0.0838560238480568,0.8690000176429749,0.949400007724762
YGL219C,YOL064C,0,-6.265947,0.08384793251752853,0.8690000176429749,0.9495000243186951
YDR221W,YDL195W,0,-6.266445,0.08383984863758087,0.8690000176429749,0.9495999813079834
YJL024C,YDR477W,0,-6.269516,0.08383175730705261,0.8690000176429749,0.9496999979019165
YOR265W,YJR046W,0,-6.2705,0.08382367342710495,0.8690000176429749,0.9498000144958496
YNL082W,YPR161C,0,-6.270832,0.08381558954715729,0.8690000176429749,0.9498999714851379
YGL245W,YCR071C,0,-6.2715306,0.08380750566720963,0.8690000176429749,0.949999988079071
YOR320C,YPL020C,0,-6.2721996,0.08379942178726196,0.8690000176429749,0.9501000046730042
YNL041C,YNL197C,0,-6.273352,0.0837913379073143,0.8690000176429749,0.9502000212669373
YNL032W,YGR099W,0,-6.2748995,0.08378326147794724,0.8690000176429749,0.9502999782562256
YGL025C,YBR002C,0,-6.2754793,0.08377518504858017,0.8690000176429749,0.9503999948501587
YOR241W,YNL049C,0,-6.275735,0.0837671086192131,0.8690000176429749,0.9505000114440918
YDR145W,YPL011C,1,-6.277625,0.08385542035102844,0.8700000047683716,0.9505000114440918
YDL197C,YNL099C,0,-6.278068,0.08384733647108078,0.8700000047683716,0.9506000280380249
YGL166W,YBL103C,1,-6.278323,0.08393562585115433,0.8709999918937683,0.9506000280380249
YKL002W,YOR330C,0,-6.2783675,0.08392754197120667,0.8709999918937683,0.9506999850273132
YPR025C,YDR311W,1,-6.278651,0.08401580154895782,0.871999979019165,0.9506999850273132
YKL190W,YDR097C,0,-6.279989,0.08400771021842957,0.871999979019165,0.9508000016212463
YDL108W,YOR110W,1,-6.280356,0.08409594744443893,0.8730000257492065,0.9508000016212463
YPL063W,YDR059C,0,-6.2805433,0.08408784121274948,0.8730000257492065,0.9509000182151794
YNL261W,YPR009W,0,-6.2806797,0.08407974243164062,0.8730000257492065,0.9509999752044678
YDR167W,YGL112C,1,-6.2830033,0.0841679498553276,0.8740000128746033,0.9509999752044678
YMR135C,YOR076C,0,-6.2841263,0.08415984362363815,0.8740000128746033,0.9510999917984009
YOL060C,YPL029W,0,-6.284586,0.0841517448425293,0.8740000128746033,0.951200008392334
YJL005W,YDL019C,0,-6.28483,0.08414363861083984,0.8740000128746033,0.9513000249862671
YLR097C,YNL311C,0,-6.2869453,0.08413553982973099,0.8740000128746033,0.9513999819755554
YDR145W,YML098W,1,-6.287368,0.08422369509935379,0.875,0.9513999819755554
YML034W,YPR088C,0,-6.291294,0.08421558886766434,0.875,0.9514999985694885
YIL044C,YBR091C,0,-6.291709,0.08420749008655548,0.875,0.9516000151634216
YLR370C,YIL126W,0,-6.292098,0.08419938385486603,0.875,0.95169997215271
YPL075W,YKL068W,0,-6.2932096,0.08419128507375717,0.875,0.9517999887466431
YNL098C,YKL141W,0,-6.293297,0.08418318629264832,0.875,0.9519000053405762
YPR008W,YPL129W,1,-6.2940416,0.08427128195762634,0.8759999871253967,0.9519000053405762
YKR066C,YDR260C,0,-6.2953897,0.08426317572593689,0.8759999871253967,0.9520000219345093
YDR175C,YJL004C,0,-6.295617,0.08425507694482803,0.8759999871253967,0.9520999789237976
YAL038W,YDR382W,0,-6.296115,0.08424697071313858,0.8759999871253967,0.9521999955177307
YGR261C,YKL117W,0,-6.2982116,0.08423887193202972,0.8759999871253967,0.9523000121116638
YNL147W,YIL126W,0,-6.298217,0.08423076570034027,0.8759999871253967,0.9524000287055969
YKR007W,YGR133W,0,-6.298274,0.08422267436981201,0.8759999871253967,0.9524999856948853
YPL177C,YDR311W,1,-6.3000097,0.08431071043014526,0.8769999742507935,0.9524999856948853
YJR060W,YHR039C-A,0,-6.3023252,0.08430260419845581,0.8769999742507935,0.9526000022888184
YOL089C,YDR167W,1,-6.302335,0.08439061790704727,0.878000020980835,0.9526000022888184
YML055W,YMR284W,0,-6.302578,0.08438251167535782,0.878000020980835,0.9527000188827515
YEL009C,YML031W,0,-6.303837,0.08437439799308777,0.878000020980835,0.9527999758720398
YLR005W,YPR056W,1,-6.3047285,0.08446238189935684,0.8790000081062317,0.9527999758720398
YPR008W,YOR194C,1,-6.3058133,0.08455034345388412,0.8799999952316284,0.9527999758720398
YCR060W,YNR039C,0,-6.306676,0.08454222232103348,0.8799999952316284,0.9528999924659729
YDR167W,YDR460W,1,-6.307184,0.08463016152381897,0.8809999823570251,0.9528999924659729
YOL089C,YDR460W,1,-6.30794,0.08471808582544327,0.8820000290870667,0.9528999924659729
YLR310C,YJR082C,0,-6.308228,0.08470994979143143,0.8820000290870667,0.953000009059906
YKL117W,YDR238C,0,-6.310027,0.08470181375741959,0.8820000290870667,0.9531000256538391
YPL089C,YML010W,0,-6.311525,0.08469368517398834,0.8820000290870667,0.9531999826431274
YER148W,YDR311W,1,-6.3117914,0.08478156477212906,0.8830000162124634,0.9531999826431274
YLR097C,YJL156C,0,-6.3136683,0.08477342873811722,0.8830000162124634,0.9532999992370605
YOL082W,YPL262W,0,-6.3144293,0.08476528525352478,0.8830000162124634,0.9534000158309937
YOL042W,YML124C,0,-6.31458,0.08475714921951294,0.8830000162124634,0.953499972820282
YJL196C,YBL020W,0,-6.315658,0.0847490131855011,0.8830000162124634,0.9535999894142151
YNL268W,YMR088C,0,-6.315898,0.08474088460206985,0.8830000162124634,0.9537000060081482
YHR204W,YPL118W,0,-6.3179073,0.08473274856805801,0.8830000162124634,0.9538000226020813
YML067C,YIL030C,0,-6.3198442,0.08472461998462677,0.8830000162124634,0.9538999795913696
YJL053W,YCR037C,0,-6.3214407,0.08471649140119553,0.8830000162124634,0.9539999961853027
YBR200W,YGL252C,0,-6.321665,0.08470836281776428,0.8830000162124634,0.9541000127792358
YNL192W,YJL124C,0,-6.3219557,0.08470024168491364,0.8830000162124634,0.954200029373169
YNL136W,YGR132C,0,-6.3220325,0.08469211310148239,0.8830000162124634,0.9542999863624573
YLR007W,YNL197C,0,-6.325813,0.08468399196863174,0.8830000162124634,0.9544000029563904
YPL177C,YPR008W,1,-6.3259406,0.0847717672586441,0.8840000033378601,0.9544000029563904
YLR005W,YML015C,1,-6.326691,0.08485952764749527,0.8849999904632568,0.9544000029563904
YOL089C,YML015C,1,-6.328124,0.08494726568460464,0.8859999775886536,0.9544000029563904
YIL142W,YMR212C,0,-6.328197,0.08493912220001221,0.8859999775886536,0.9545000195503235
YFL013C,YDR150W,0,-6.328451,0.08493097871541977,0.8859999775886536,0.9545999765396118
YPR154W,YOR265W,0,-6.3288217,0.08492284268140793,0.8859999775886536,0.9546999931335449
YLR376C,YDR532C,0,-6.3299212,0.08491469919681549,0.8859999775886536,0.954800009727478
YOR035C,YKL095W,0,-6.330129,0.08490656316280365,0.8859999775886536,0.9549000263214111
YOR335C,YDL185W,0,-6.3304405,0.08489842712879181,0.8859999775886536,0.9549999833106995
YGR275W,YOL113W,0,-6.332071,0.08489029109477997,0.8859999775886536,0.9550999999046326
YJL047C,YPL235W,0,-6.3326693,0.08488216251134872,0.8859999775886536,0.9552000164985657
YKL114C,YOR362C,0,-6.333252,0.08487402647733688,0.8859999775886536,0.955299973487854
YOL089C,YBL103C,1,-6.334156,0.08496168255805969,0.8870000243186951,0.955299973487854
YIR022W,YDL225W,0,-6.3343496,0.08495354652404785,0.8870000243186951,0.9553999900817871
YNL103W,YBL007C,0,-6.3343577,0.08494541049003601,0.8870000243186951,0.9555000066757202
YDR110W,YGL252C,0,-6.335065,0.08493728190660477,0.8870000243186951,0.9556000232696533
YHR114W,YOR038C,0,-6.3352475,0.08492914587259293,0.8870000243186951,0.9556999802589417
YOL051W,YER125W,0,-6.3415585,0.08492101728916168,0.8870000243186951,0.9557999968528748
YHR206W,YNL121C,0,-6.3424954,0.08491288870573044,0.8870000243186951,0.9559000134468079
YOR354C,YBR060C,0,-6.342931,0.0849047601222992,0.8870000243186951,0.9559999704360962
YOR067C,YIL008W,0,-6.3434024,0.08489663153886795,0.8870000243186951,0.9560999870300293
YER007W,YLR182W,0,-6.343542,0.0848885029554367,0.8870000243186951,0.9562000036239624
YKL145W,YKL018W,0,-6.3436985,0.08488038182258606,0.8870000243186951,0.9563000202178955
YDR483W,YGR181W,0,-6.344139,0.08487226068973541,0.8870000243186951,0.9563999772071838
YPL190C,YCR037C,0,-6.344611,0.08486413955688477,0.8870000243186951,0.9564999938011169
YGL119W,YOR198C,0,-6.3448954,0.08485602587461472,0.8870000243186951,0.95660001039505
YGL119W,YIL063C,0,-6.346184,0.08484790474176407,0.8870000243186951,0.9567000269889832
YNL027W,YPR100W,0,-6.3470664,0.08483979105949402,0.8870000243186951,0.9567999839782715
YMR080C,YDR292C,0,-6.3484354,0.08483167737722397,0.8870000243186951,0.9569000005722046
YJR013W,YBR002C,0,-6.349125,0.08482356369495392,0.8870000243186951,0.9570000171661377
YPR120C,YGR253C,0,-6.349632,0.08481545001268387,0.8870000243186951,0.957099974155426
YFR002W,YBL056W,0,-6.3501697,0.08480734378099442,0.8870000243186951,0.9571999907493591
YNL177C,YOR150W,0,-6.3503017,0.08479923754930496,0.8870000243186951,0.9573000073432922
YIL004C,YGL011C,0,-6.3505206,0.08479113131761551,0.8870000243186951,0.9574000239372253
YBL103C,YDR311W,1,-6.352662,0.08487860858440399,0.8880000114440918,0.9574000239372253
YBR086C,YGR229C,0,-6.352832,0.08487049490213394,0.8880000114440918,0.9574999809265137
YPR008W,YML098W,1,-6.3537474,0.08495794981718063,0.8889999985694885,0.9574999809265137
YOR265W,YDR485C,0,-6.354547,0.08494983613491058,0.8889999985694885,0.9575999975204468
YOR020C,YNL016W,0,-6.3556542,0.08494171500205994,0.8889999985694885,0.9577000141143799
YNL223W,YNL330C,0,-6.35585,0.08493360131978989,0.8889999985694885,0.9577999711036682
YML015C,YPR056W,1,-6.3584957,0.0850210189819336,0.8899999856948853,0.9577999711036682
YCR009C,YGL225W,0,-6.359638,0.08501289784908295,0.8899999856948853,0.9578999876976013
YPL011C,YBR123C,1,-6.36112,0.08510028570890427,0.890999972820282,0.9578999876976013
YGL245W,YGR094W,0,-6.3613644,0.08509215712547302,0.890999972820282,0.9580000042915344
YPR086W,YDR311W,1,-6.361506,0.08517952263355255,0.8920000195503235,0.9580000042915344
YBR057C,YLR403W,0,-6.361756,0.08517139405012131,0.8920000195503235,0.9581000208854675
YGL207W,YDR167W,1,-6.361983,0.08525873720645905,0.8930000066757202,0.9581000208854675
YGR262C,YOL060C,0,-6.3626914,0.08525059372186661,0.8930000066757202,0.9581999778747559
YLR328W,YHR065C,0,-6.3630595,0.08524245768785477,0.8930000066757202,0.958299994468689
YJL201W,YPL164C,0,-6.3641224,0.08523432165384293,0.8930000066757202,0.9584000110626221
YJL008C,YBR179C,0,-6.3646545,0.08522618561983109,0.8930000066757202,0.9585000276565552
YBR221C,YDR487C,0,-6.3648605,0.08521805703639984,0.8930000066757202,0.9585999846458435
YLR170C,YPL140C,0,-6.3660016,0.085209921002388,0.8930000066757202,0.9587000012397766
YOL049W,YGL011C,0,-6.366178,0.08520179241895676,0.8930000066757202,0.9588000178337097
YBR236C,YMR088C,0,-6.3662467,0.08519366383552551,0.8930000066757202,0.958899974822998
YFR029W,YDR485C,0,-6.366531,0.08518553525209427,0.8930000066757202,0.9589999914169312
YIL122W,YDR092W,0,-6.3665447,0.08517741411924362,0.8930000066757202,0.9591000080108643
YBL103C,YLR005W,1,-6.3680696,0.0852646604180336,0.8939999938011169,0.9591000080108643
YPL178W,YKL002W,0,-6.3703012,0.08525653183460236,0.8939999938011169,0.9592000246047974
YGL219C,YDR120C,0,-6.37145,0.08524840325117111,0.8939999938011169,0.9592999815940857
YLR328W,YDL159W,0,-6.3721704,0.08524027466773987,0.8939999938011169,0.9593999981880188
YJL061W,YNL064C,0,-6.372915,0.08523214608430862,0.8939999938011169,0.9595000147819519
YOR257W,YDR372C,0,-6.373118,0.08522402495145798,0.8939999938011169,0.9595999717712402
YJL010C,YHR135C,0,-6.3737993,0.08521589636802673,0.8939999938011169,0.9596999883651733
YOR039W,YEL042W,0,-6.374182,0.08520777523517609,0.8939999938011169,0.9598000049591064
YDL004W,YOR355W,0,-6.377261,0.08519965410232544,0.8939999938011169,0.9599000215530396
YPR086W,YPL129W,1,-6.377659,0.08528683334589005,0.8949999809265137,0.9599000215530396
YER154W,YLR378C,0,-6.3777323,0.0852787047624588,0.8949999809265137,0.9599999785423279
YDL208W,YPL131W,0,-6.379221,0.08527057617902756,0.8949999809265137,0.960099995136261
YKL176C,YML007W,0,-6.3792806,0.08526245504617691,0.8949999809265137,0.9602000117301941
YJR060W,YOR014W,0,-6.3799114,0.08525433391332626,0.8949999809265137,0.9603000283241272
YJL196C,YBR081C,0,-6.3819704,0.08524621278047562,0.8949999809265137,0.9603999853134155
YBR177C,YAL042W,0,-6.3833075,0.08523809164762497,0.8949999809265137,0.9605000019073486
YBR212W,YGR253C,0,-6.384036,0.08522997796535492,0.8949999809265137,0.9606000185012817
YNL039W,YDR145W,1,-6.384506,0.08531708270311356,0.8960000276565552,0.9606000185012817
YPL011C,YPR056W,1,-6.3856416,0.085404172539711,0.8970000147819519,0.9606000185012817
YMR109W,YPL057C,0,-6.386202,0.08539603650569916,0.8970000147819519,0.9606999754905701
YDL085W,YMR149W,0,-6.3868203,0.08538790792226791,0.8970000147819519,0.9607999920845032
YNL039W,YDR460W,1,-6.3873158,0.08547496795654297,0.8980000019073486,0.9607999920845032
YHL003C,YNL079C,0,-6.3879495,0.08546683192253113,0.8980000019073486,0.9609000086784363
YHR188C,YER125W,0,-6.388843,0.08545869588851929,0.8980000019073486,0.9610000252723694
YOR150W,YBR216C,0,-6.3892984,0.08545056730508804,0.8980000019073486,0.9610999822616577
YIL143C,YDR167W,1,-6.389819,0.08553758263587952,0.8989999890327454,0.9610999822616577
YOL089C,YPL122C,1,-6.391185,0.0856245830655098,0.8999999761581421,0.9610999822616577
YFR041C,YOL049W,0,-6.3934517,0.08561643958091736,0.8999999761581421,0.9611999988555908
YDR164C,YLR090W,0,-6.3943505,0.08560829609632492,0.8999999761581421,0.9613000154495239
YOR221C,YGL219C,0,-6.3952684,0.08560015261173248,0.8999999761581421,0.9613999724388123
YBR079C,YBR127C,0,-6.396026,0.08559200912714005,0.8999999761581421,0.9614999890327454
YNL001W,YBR283C,0,-6.398124,0.0855838730931282,0.8999999761581421,0.9616000056266785
YNL073W,YKR014C,0,-6.3983617,0.08557573705911636,0.8999999761581421,0.9617000222206116
YER146W,YKL019W,0,-6.398881,0.08556760102510452,0.8999999761581421,0.9617999792098999
YER167W,YOL148C,0,-6.39964,0.08555946499109268,0.8999999761581421,0.961899995803833
YMR037C,YOL122C,0,-6.402382,0.08555132895708084,0.8999999761581421,0.9620000123977661
YPL204W,YOL112W,0,-6.4024596,0.0855432003736496,0.8999999761581421,0.9621000289916992
YOR142W,YDR190C,0,-6.4032426,0.08553507179021835,0.8999999761581421,0.9621999859809875
YNL099C,YPL179W,0,-6.406664,0.08552694320678711,0.8999999761581421,0.9623000025749207
YJL006C,YBR210W,0,-6.407303,0.08551881462335587,0.8999999761581421,0.9624000191688538
YFR014C,YLR165C,0,-6.4091096,0.08551068603992462,0.8999999761581421,0.9624999761581421
YDR473C,YDR515W,0,-6.4094768,0.08550256490707397,0.8999999761581421,0.9625999927520752
YGR209C,YKL041W,0,-6.4102507,0.08549444377422333,0.8999999761581421,0.9627000093460083
YDL088C,YJL104W,0,-6.411585,0.08548632264137268,0.8999999761581421,0.9628000259399414
YGR278W,YGR132C,0,-6.412462,0.08547820150852203,0.8999999761581421,0.9628999829292297
YLR314C,YNL088W,0,-6.413023,0.08547008782625198,0.8999999761581421,0.9629999995231628
YGL018C,YFL008W,0,-6.414699,0.08546196669340134,0.8999999761581421,0.963100016117096
YJR040W,YPL029W,0,-6.415087,0.08545385301113129,0.8999999761581421,0.9631999731063843
YDL088C,YDR200C,0,-6.415164,0.08544573932886124,0.8999999761581421,0.9632999897003174
YNL039W,YER148W,1,-6.415259,0.08553256094455719,0.9010000228881836,0.9632999897003174
YMR021C,YPR018W,0,-6.415349,0.08552443981170654,0.9010000228881836,0.9634000062942505
YBL099W,YLL036C,0,-6.4159145,0.08551632612943649,0.9010000228881836,0.9635000228881836
YDR099W,YMR202W,0,-6.416454,0.08550821244716644,0.9010000228881836,0.9635999798774719
YGR057C,YNL049C,0,-6.4182577,0.0855000913143158,0.9010000228881836,0.963699996471405
YLL036C,YNL064C,0,-6.418711,0.08549198508262634,0.9010000228881836,0.9638000130653381
YBR217W,YLR423C,0,-6.420024,0.08548387140035629,0.9010000228881836,0.9639000296592712
YJL081C,YDL100C,0,-6.420083,0.08547575771808624,0.9010000228881836,0.9639999866485596
YGL173C,YNL123W,0,-6.421421,0.08546765148639679,0.9010000228881836,0.9641000032424927
YLL050C,YDR303C,0,-6.423783,0.08545954525470734,0.9010000228881836,0.9642000198364258
YBL103C,YDR362C,1,-6.4244814,0.08554628491401672,0.9020000100135803,0.9642000198364258
YER009W,YNL064C,0,-6.425393,0.08553817123174667,0.9020000100135803,0.9642999768257141
YER146W,YGR143W,0,-6.4257116,0.08553005754947662,0.9020000100135803,0.9643999934196472
YDL231C,YDR422C,0,-6.426321,0.08552195131778717,0.9020000100135803,0.9645000100135803
YLR005W,YBR123C,1,-6.427065,0.08560864627361298,0.902999997138977,0.9645000100135803
YGL136C,YOR281C,0,-6.427139,0.08560053259134293,0.902999997138977,0.9646000266075134
YOR269W,YBR024W,0,-6.4293385,0.08559241890907288,0.902999997138977,0.9646999835968018
YBR217W,YMR091C,0,-6.431369,0.08558430522680283,0.902999997138977,0.9648000001907349
YLR201C,YHR038W,0,-6.432089,0.08557619154453278,0.902999997138977,0.964900016784668
YPL060W,YGR099W,0,-6.4326286,0.08556808531284332,0.902999997138977,0.9649999737739563
YAL031C,YBR228W,0,-6.433244,0.08555997908115387,0.902999997138977,0.9650999903678894
YOL143C,YKL141W,0,-6.437043,0.08555187284946442,0.902999997138977,0.9652000069618225
YER107C,YDR175C,0,-6.4373775,0.08554376661777496,0.902999997138977,0.9653000235557556
YDR164C,YGL213C,0,-6.437716,0.08553566038608551,0.902999997138977,0.965399980545044
YPL177C,YER148W,1,-6.439307,0.08562227338552475,0.9039999842643738,0.965399980545044
YNL014W,YKR014C,0,-6.4404526,0.0856141671538353,0.9039999842643738,0.965499997138977
YIL095W,YBR237W,0,-6.441357,0.08560606092214584,0.9039999842643738,0.9656000137329102
YGL011C,YPL243W,0,-6.4421444,0.08559795469045639,0.9039999842643738,0.9656999707221985
YPL178W,YOR046C,0,-6.4427786,0.08558984845876694,0.9039999842643738,0.9657999873161316
YBL103C,YDR167W,1,-6.443682,0.0856764167547226,0.9049999713897705,0.9657999873161316
YKL194C,YBR058C,0,-6.4446554,0.08566831052303314,0.9049999713897705,0.9659000039100647
YPL262W,YGR268C,0,-6.4465585,0.08566019684076309,0.9049999713897705,0.9660000205039978
YGR262C,YOL113W,0,-6.447439,0.08565209060907364,0.9049999713897705,0.9660999774932861
YPR008W,YBL103C,1,-6.448351,0.08573862165212631,0.906000018119812,0.9660999774932861
YMR188C,YBR087W,0,-6.4526343,0.08573050796985626,0.906000018119812,0.9661999940872192
YPR008W,YER148W,1,-6.4528074,0.08581700921058655,0.9070000052452087,0.9661999940872192
YGR193C,YDR484W,0,-6.453207,0.0858088955283165,0.9070000052452087,0.9663000106811523
YAL022C,YGR135W,0,-6.4535227,0.08580077439546585,0.9070000052452087,0.9664000272750854
YLR088W,YPL179W,0,-6.4546757,0.0857926607131958,0.9070000052452087,0.9664999842643738
YKL059C,YOR354C,0,-6.455044,0.08578454703092575,0.9070000052452087,0.9666000008583069
YLR229C,YOR103C,0,-6.458447,0.0857764333486557,0.9070000052452087,0.96670001745224
YDL099W,YCR028C,0,-6.45865,0.08576831966638565,0.9070000052452087,0.9667999744415283
YBR185C,YLR298C,0,-6.4592705,0.0857602134346962,0.9070000052452087,0.9668999910354614
YIL122W,YKL145W,0,-6.4593315,0.08575210720300674,0.9070000052452087,0.9670000076293945
YOR340C,YGL227W,0,-6.464816,0.0857439935207367,0.9070000052452087,0.9671000242233276
YHR193C,YOR103C,0,-6.4650917,0.08573589473962784,0.9070000052452087,0.967199981212616
YNL169C,YJR126C,0,-6.465162,0.08572778850793839,0.9070000052452087,0.9672999978065491
YFR050C,YBR002C,0,-6.465418,0.08571968972682953,0.9070000052452087,0.9674000144004822
YGR010W,YGR101W,0,-6.4656444,0.08571158349514008,0.9070000052452087,0.9674999713897705
YDR167W,YAL001C,1,-6.4663434,0.085797980427742,0.9079999923706055,0.9674999713897705
YMR225C,YMR137C,0,-6.4666834,0.08578987419605255,0.9079999923706055,0.9675999879837036
YGL191W,YDR486C,0,-6.4672666,0.0857817679643631,0.9079999923706055,0.9677000045776367
YDR323C,YGL205W,0,-6.4692926,0.08577366173267365,0.9079999923706055,0.9678000211715698
YCR071C,YDR238C,0,-6.470191,0.08576556295156479,0.9079999923706055,0.9678999781608582
YDR182W,YPR182W,0,-6.4702263,0.08575746417045593,0.9079999923706055,0.9679999947547913
YBR123C,YDR362C,1,-6.47068,0.08584380149841309,0.9089999794960022,0.9679999947547913
YMR167W,YPL042C,0,-6.4706926,0.08583569526672363,0.9089999794960022,0.9681000113487244
YOR061W,YBR127C,0,-6.471774,0.08582758903503418,0.9089999794960022,0.9682000279426575
YFR014C,YDR059C,0,-6.4728847,0.08581948280334473,0.9089999794960022,0.9682999849319458
YLR259C,YJL039C,0,-6.4730215,0.08581138402223587,0.9089999794960022,0.9684000015258789
YHL002W,YPL180W,0,-6.473785,0.08580328524112701,0.9089999794960022,0.968500018119812
YLR085C,YOR171C,0,-6.475041,0.08579518646001816,0.9089999794960022,0.9685999751091003
YMR200W,YBL093C,0,-6.4751277,0.0857870876789093,0.9089999794960022,0.9686999917030334
YGL166W,YPR056W,1,-6.4772515,0.08587335795164108,0.9100000262260437,0.9686999917030334
YDR145W,YBR123C,1,-6.479099,0.08595961332321167,0.9110000133514404,0.9686999917030334
YKL016C,YGR216C,0,-6.480136,0.08595150709152222,0.9110000133514404,0.9688000082969666
YDR093W,YDL225W,0,-6.480162,0.08594339340925217,0.9110000133514404,0.9689000248908997
YPL177C,YDR145W,1,-6.480497,0.08602961897850037,0.9120000004768372,0.9689000248908997
YGL084C,YIL030C,0,-6.4821124,0.08602150529623032,0.9120000004768372,0.968999981880188
YOL064C,YNL085W,0,-6.4840555,0.08601339161396027,0.9120000004768372,0.9690999984741211
YDL143W,YOR172W,0,-6.486554,0.08600527793169022,0.9120000004768372,0.9692000150680542
YLR097C,YPL193W,0,-6.4875016,0.08599717170000076,0.9120000004768372,0.9692999720573425
YJL201W,YDR200C,0,-6.489186,0.08598906546831131,0.9120000004768372,0.9693999886512756
YOR067C,YPL046C,0,-6.4912677,0.08598095923662186,0.9120000004768372,0.9695000052452087
YGL166W,YDR311W,1,-6.4946685,0.08606711775064468,0.9129999876022339,0.9695000052452087
YLL022C,YBR254C,0,-6.4952965,0.08605900406837463,0.9129999876022339,0.9696000218391418
YGL166W,YER148W,1,-6.497507,0.08614514768123627,0.9139999747276306,0.9696000218391418
YNL039W,YDR311W,1,-6.4979944,0.08623126894235611,0.9150000214576721,0.9696000218391418
YGL112C,YBR123C,1,-6.4982576,0.08631737530231476,0.9160000085830688,0.9696000218391418
YER167W,YPL089C,0,-6.4990854,0.08630924671888351,0.9160000085830688,0.9696999788284302
YER036C,YFL038C,0,-6.4993668,0.08630111068487167,0.9160000085830688,0.9697999954223633
YPL177C,YPR086W,1,-6.500927,0.08638718724250793,0.9169999957084656,0.9697999954223633
YER006W,YPR010C,0,-6.5015726,0.0863790512084961,0.9169999957084656,0.9699000120162964
YMR264W,YIL063C,0,-6.5037575,0.08637091517448425,0.9169999957084656,0.9700000286102295
YLL006W,YBL088C,0,-6.5073085,0.08636277914047241,0.9169999957084656,0.9700999855995178
YDR069C,YOL001W,0,-6.5105305,0.08635465055704117,0.9169999957084656,0.9702000021934509
YDL108W,YPR086W,1,-6.5155573,0.08644067496061325,0.9179999828338623,0.9702000021934509
YBR008C,YHR041C,0,-6.515706,0.08643253892660141,0.9179999828338623,0.970300018787384
YER056C,YBR034C,0,-6.517643,0.08642440289258957,0.9179999828338623,0.9703999757766724
YML024W,YDR381W,0,-6.517908,0.08641626685857773,0.9179999828338623,0.9704999923706055
YJL178C,YOR241W,0,-6.519433,0.08640813082456589,0.9179999828338623,0.9706000089645386
YOR067C,YNL080C,0,-6.519481,0.08640000224113464,0.9179999828338623,0.9707000255584717
YKR068C,YBL035C,0,-6.5202055,0.0863918662071228,0.9179999828338623,0.97079998254776
YGL020C,YHR152W,0,-6.5203104,0.08638373762369156,0.9179999828338623,0.9708999991416931
YPR057W,YCR008W,0,-6.5213814,0.08637560904026031,0.9179999828338623,0.9710000157356262
YGR003W,YNL330C,0,-6.523076,0.08636748790740967,0.9179999828338623,0.9710999727249146
YOR198C,YKL196C,0,-6.5238833,0.08635935932397842,0.9179999828338623,0.9711999893188477
YPR072W,YNL149C,0,-6.523885,0.08635123819112778,0.9179999828338623,0.9713000059127808
YNL101W,YDR284C,0,-6.5248175,0.08634311705827713,0.9179999828338623,0.9714000225067139
YOR257W,YPL234C,0,-6.5254993,0.08633499592542648,0.9179999828338623,0.9714999794960022
YDR337W,YDL058W,0,-6.525573,0.08632687479257584,0.9179999828338623,0.9715999960899353
YLR100W,YJR077C,0,-6.525962,0.08631876111030579,0.9179999828338623,0.9717000126838684
YKR068C,YOR037W,0,-6.5268326,0.08631063997745514,0.9179999828338623,0.9718000292778015
YPL011C,YPL122C,1,-6.526862,0.08639653772115707,0.9190000295639038,0.9718000292778015
YDR208W,YGR116W,0,-6.528064,0.08638841658830643,0.9190000295639038,0.9718999862670898
YNL230C,YMR270C,0,-6.5300612,0.08638029545545578,0.9190000295639038,0.972000002861023
YKL135C,YNL271C,0,-6.530631,0.08637218177318573,0.9190000295639038,0.972100019454956
YLR078C,YMR129W,0,-6.530709,0.08636406064033508,0.9190000295639038,0.9721999764442444
YLR028C,YPR017C,0,-6.5318627,0.08635594695806503,0.9190000295639038,0.9722999930381775
YPR025C,YIL143C,1,-6.532479,0.08644179254770279,0.9200000166893005,0.9722999930381775
YGL073W,YAL051W,0,-6.5331545,0.08643367141485214,0.9200000166893005,0.9724000096321106
YNL082W,YDR494W,0,-6.534463,0.0864255502820015,0.9200000166893005,0.9725000262260437
YPR086W,YOR110W,1,-6.5352917,0.08651136606931686,0.9210000038146973,0.9725000262260437
YDR339C,YNL071W,0,-6.535481,0.08650323748588562,0.9210000038146973,0.972599983215332
YBR102C,YOL001W,0,-6.5361185,0.08649511635303497,0.9210000038146973,0.9726999998092651
YBL008W,YLR403W,0,-6.5363293,0.08648699522018433,0.9210000038146973,0.9728000164031982
YOL139C,YDR142C,0,-6.5364065,0.08647887408733368,0.9210000038146973,0.9728999733924866
YDR190C,YBR127C,0,-6.5364504,0.08647075295448303,0.9210000038146973,0.9729999899864197
YOR269W,YIL105C,0,-6.5366898,0.08646263927221298,0.9210000038146973,0.9731000065803528
YKR066C,YGR275W,0,-6.5368752,0.08645451813936234,0.9210000038146973,0.9732000231742859
YCR012W,YHR039C-A,0,-6.5369506,0.08644640445709229,0.9210000038146973,0.9732999801635742
YML015C,YOR194C,1,-6.5400457,0.08653214573860168,0.921999990940094,0.9732999801635742
YLR259C,YGL066W,0,-6.541679,0.08652402460575104,0.921999990940094,0.9733999967575073
YDR422C,YPL203W,0,-6.542258,0.08651590347290039,0.921999990940094,0.9735000133514404
YFL048C,YDL078C,0,-6.542692,0.08650778979063034,0.921999990940094,0.9735999703407288
YMR109W,YFR029W,0,-6.542727,0.0864996686577797,0.921999990940094,0.9736999869346619
YMR022W,YDR086C,0,-6.54287,0.08649155497550964,0.921999990940094,0.973800003528595
YLR206W,YOL027C,0,-6.54335,0.0864834412932396,0.921999990940094,0.9739000201225281
YLR097C,YBR253W,0,-6.5460134,0.08647533506155014,0.921999990940094,0.9739999771118164
YDR211W,YCR053W,0,-6.546652,0.08646722137928009,0.921999990940094,0.9740999937057495
YDL143W,YDR529C,0,-6.547805,0.08645911514759064,0.921999990940094,0.9742000102996826
YNL027W,YGR028W,0,-6.5478306,0.08645100891590118,0.921999990940094,0.9743000268936157
YHR102W,YML034W,0,-6.5478425,0.08644290268421173,0.921999990940094,0.974399983882904
YOR126C,YKR048C,0,-6.551751,0.08643479645252228,0.921999990940094,0.9745000004768372
YDL143W,YOR254C,0,-6.551918,0.08642669767141342,0.921999990940094,0.9746000170707703
YML012W,YBL058W,0,-6.5525208,0.08641859889030457,0.921999990940094,0.9746999740600586
YPL135W,YKL148C,0,-6.5539913,0.08641050010919571,0.921999990940094,0.9747999906539917
YDL134C,YOL122C,0,-6.5613337,0.08640240132808685,0.921999990940094,0.9749000072479248
YBR286W,YGL213C,0,-6.561888,0.086394302546978,0.921999990940094,0.9750000238418579
YJL005W,YIL063C,0,-6.5623684,0.08638621121644974,0.921999990940094,0.9750999808311462
YGL019W,YMR235C,0,-6.562751,0.08637811243534088,0.921999990940094,0.9751999974250793
YNR026C,YPL243W,0,-6.5627832,0.08637002110481262,0.921999990940094,0.9753000140190125
YBR179C,YDR473C,0,-6.5632205,0.08636192977428436,0.921999990940094,0.9753999710083008
YLR354C,YNL064C,0,-6.56355,0.0863538458943367,0.921999990940094,0.9754999876022339
YDR145W,YGR186W,1,-6.565054,0.08643940836191177,0.9229999780654907,0.9754999876022339
YDR167W,YPL129W,1,-6.566022,0.08652495592832565,0.9240000247955322,0.9754999876022339
YML071C,YDL078C,0,-6.56661,0.0865168571472168,0.9240000247955322,0.975600004196167
YML110C,YKL140W,0,-6.5677137,0.08650875091552734,0.9240000247955322,0.9757000207901001
YNL039W,YDR167W,1,-6.567987,0.08659426867961884,0.925000011920929,0.9757000207901001
YDR178W,YCR083W,0,-6.5736876,0.08658616244792938,0.925000011920929,0.9757999777793884
YOL135C,YIL105C,0,-6.575407,0.08657806366682053,0.925000011920929,0.9758999943733215
YGR183C,YOR089C,0,-6.5755525,0.08656995743513107,0.925000011920929,0.9760000109672546
YKL048C,YCR071C,0,-6.580594,0.08656185865402222,0.925000011920929,0.9761000275611877
YMR076C,YBL102W,0,-6.583304,0.08655375987291336,0.925000011920929,0.9761999845504761
YDL200C,YNL091W,0,-6.583693,0.0865456610918045,0.925000011920929,0.9763000011444092
YPL224C,YJL104W,0,-6.58436,0.08653756231069565,0.925000011920929,0.9764000177383423
YKL022C,YMR197C,0,-6.5856395,0.08652946352958679,0.925000011920929,0.9764999747276306
YDL020C,YDR484W,0,-6.588355,0.08652137219905853,0.925000011920929,0.9765999913215637
YBL090W,YNL261W,0,-6.5904236,0.08651328086853027,0.925000011920929,0.9767000079154968
YDR311W,YPL122C,1,-6.594324,0.0865987092256546,0.9259999990463257,0.9767000079154968
YML055W,YNL044W,0,-6.5950756,0.08659061044454575,0.9259999990463257,0.9768000245094299
YPR025C,YPR056W,1,-6.595866,0.08667601644992828,0.9269999861717224,0.9768000245094299
YGR081C,YML093W,0,-6.5969257,0.08666791021823883,0.9269999861717224,0.9768999814987183
YDR093W,YFL048C,0,-6.598034,0.08665981143712997,0.9269999861717224,0.9769999980926514
YDL004W,YPR067W,0,-6.598506,0.08665171265602112,0.9269999861717224,0.9771000146865845
YGR167W,YBR043C,0,-6.603716,0.08664361387491226,0.9269999861717224,0.9771999716758728
YBL006C,YKL196C,0,-6.6060686,0.0866355150938034,0.9269999861717224,0.9772999882698059
YOR057W,YEL013W,0,-6.6065903,0.08662741631269455,0.9269999861717224,0.977400004863739
YIL143C,YPR056W,1,-6.6077724,0.08671276271343231,0.9279999732971191,0.977400004863739
YDR298C,YPR036W,0,-6.611396,0.08670466393232346,0.9279999732971191,0.9775000214576721
YDR162C,YML041C,0,-6.61596,0.0866965651512146,0.9279999732971191,0.9775999784469604
YPR037C,YDR208W,0,-6.61766,0.08668846637010574,0.9279999732971191,0.9776999950408936
YGL219C,YBL064C,0,-6.6215096,0.08668036758899689,0.9279999732971191,0.9778000116348267
YBL050W,YBR171W,0,-6.6216965,0.08667226880788803,0.9279999732971191,0.9779000282287598
YML116W,YPR103W,0,-6.623205,0.08666417747735977,0.9279999732971191,0.9779999852180481
YHL003C,YGR193C,0,-6.6238914,0.08665608614683151,0.9279999732971191,0.9781000018119812
YBR060C,YBR022W,0,-6.624645,0.08664799481630325,0.9279999732971191,0.9782000184059143
YPR033C,YML073C,0,-6.6263866,0.086639903485775,0.9279999732971191,0.9782999753952026
YLR201C,YGR104C,0,-6.6266665,0.08663181215524673,0.9279999732971191,0.9783999919891357
YML015C,YDR311W,1,-6.6289043,0.08671706914901733,0.9290000200271606,0.9783999919891357
YBL103C,YPR086W,1,-6.6289773,0.08680231124162674,0.9300000071525574,0.9783999919891357
YJR077C,YDR238C,0,-6.629449,0.08679421246051788,0.9300000071525574,0.9785000085830688
YLR005W,YGL112C,1,-6.6327653,0.0868794322013855,0.9309999942779541,0.9785000085830688
YPL084W,YNL169C,0,-6.6329165,0.08687132596969604,0.9309999942779541,0.978600025177002
YDL197C,YGL045W,0,-6.6401377,0.08686321973800659,0.9309999942779541,0.9786999821662903
YGL166W,YBR123C,1,-6.641918,0.08694840967655182,0.9319999814033508,0.9786999821662903
YGL087C,YNL216W,0,-6.6444817,0.08694029599428177,0.9319999814033508,0.9787999987602234
YMR264W,YBL016W,0,-6.648371,0.08693218976259232,0.9319999814033508,0.9789000153541565
YLR170C,YOR281C,0,-6.6495175,0.08692408353090286,0.9319999814033508,0.9789999723434448
YJR068W,YIL126W,0,-6.6501203,0.08691597729921341,0.9319999814033508,0.9790999889373779
YJL014W,YLR138W,0,-6.6517,0.08690787106752396,0.9319999814033508,0.979200005531311
YLR220W,YDR142C,0,-6.6541605,0.0868997648358345,0.9319999814033508,0.9793000221252441
YML067C,YLR238W,0,-6.658343,0.08689166605472565,0.9319999814033508,0.9793999791145325
YOR281C,YMR313C,0,-6.659396,0.08688356727361679,0.9319999814033508,0.9794999957084656
YDR121W,YBR212W,0,-6.661129,0.08687546849250793,0.9319999814033508,0.9796000123023987
YDL004W,YIL038C,0,-6.661693,0.08686736971139908,0.9319999814033508,0.9797000288963318
YMR255W,YPL206C,0,-6.662239,0.08685927093029022,0.9319999814033508,0.9797999858856201
YBR179C,YMR149W,0,-6.6652236,0.08685117959976196,0.9319999814033508,0.9799000024795532
YGR231C,YMR235C,0,-6.665384,0.0868430882692337,0.9319999814033508,0.9800000190734863
YDR069C,YDL092W,0,-6.6664658,0.08683499693870544,0.9319999814033508,0.9800999760627747
YOR067C,YLR229C,0,-6.6675515,0.08682690560817719,0.9319999814033508,0.9801999926567078
YOR232W,YPL243W,0,-6.668168,0.08681881427764893,0.9319999814033508,0.9803000092506409
YNL294C,YNL197C,0,-6.6708245,0.08681073039770126,0.9319999814033508,0.980400025844574
YOL089C,YBR123C,1,-6.6747694,0.08689577877521515,0.9330000281333923,0.980400025844574
YDR311W,YPR056W,1,-6.67485,0.08698081225156784,0.9340000152587891,0.980400025844574
YDL108W,YPR056W,1,-6.675146,0.08706583827733994,0.9350000023841858,0.980400025844574
YDR311W,YOR194C,1,-6.676677,0.08715083450078964,0.9359999895095825,0.980400025844574
YLR005W,YDR167W,1,-6.679598,0.08723582327365875,0.9369999766349792,0.980400025844574
YPL177C,YBR123C,1,-6.6799173,0.08732079714536667,0.9380000233650208,0.980400025844574
YNL268W,YBR015C,0,-6.681383,0.08731266856193542,0.9380000233650208,0.9804999828338623
YOL089C,YPR056W,1,-6.6820636,0.08739762008190155,0.9390000104904175,0.9804999828338623
YJL124C,YDL078C,0,-6.6827974,0.08738948404788971,0.9390000104904175,0.9805999994277954
YAL003W,YLR259C,0,-6.6837626,0.08738134801387787,0.9390000104904175,0.9807000160217285
YNR035C,YER154W,0,-6.6839943,0.08737321943044662,0.9390000104904175,0.9807999730110168
YLL050C,YEL013W,0,-6.689827,0.08736509084701538,0.9390000104904175,0.98089998960495
YPR086W,YGL112C,1,-6.6907525,0.08744999766349792,0.9399999976158142,0.98089998960495
YPR056W,YBR123C,1,-6.6944923,0.08753488212823868,0.9409999847412109,0.98089998960495
YDL040C,YDR207C,0,-6.7021513,0.08752673864364624,0.9409999847412109,0.9810000061988831
YNL099C,YJR104C,0,-6.7056713,0.0875186026096344,0.9409999847412109,0.9811000227928162
YNL169C,YDR175C,0,-6.708974,0.08751045912504196,0.9409999847412109,0.9811999797821045
YDR302W,YDR086C,0,-6.711724,0.08750232309103012,0.9409999847412109,0.9812999963760376
YFL005W,YBR058C,0,-6.7140627,0.08749418705701828,0.9409999847412109,0.9814000129699707
YCL067C,YNL103W,0,-6.7141113,0.08748605102300644,0.9409999847412109,0.9815000295639038
YOL068C,YBR199W,0,-6.7199874,0.0874779224395752,0.9409999847412109,0.9815999865531921
YOL089C,YDR311W,1,-6.720834,0.08756274729967117,0.9419999718666077,0.9815999865531921
YNL039W,YBR123C,1,-6.7239046,0.08764754980802536,0.9430000185966492,0.9815999865531921
YPL190C,YLR067C,0,-6.72621,0.08763940632343292,0.9430000185966492,0.9817000031471252
YPR008W,YDL108W,1,-6.726696,0.08772418648004532,0.9440000057220459,0.9817000031471252
YGR253C,YLR354C,0,-6.7285295,0.08771603554487228,0.9440000057220459,0.9818000197410583
YLR172C,YCR009C,0,-6.7298493,0.08770788460969925,0.9440000057220459,0.9818999767303467
YGL020C,YDR308C,0,-6.730214,0.08769974112510681,0.9440000057220459,0.9819999933242798
YJR082C,YOL066C,0,-6.73059,0.08769159018993378,0.9440000057220459,0.9821000099182129
YKL016C,YGL018C,0,-6.731325,0.08768344670534134,0.9440000057220459,0.982200026512146
YHR072W,YBR127C,0,-6.733858,0.0876753032207489,0.9440000057220459,0.9822999835014343
YDL226C,YIL126W,0,-6.7364416,0.08766715973615646,0.9440000057220459,0.9824000000953674
YKR068C,YOR035C,0,-6.7367263,0.08765902370214462,0.9440000057220459,0.9825000166893005
YIL048W,YDR477W,0,-6.737645,0.08765088021755219,0.9440000057220459,0.9825999736785889
YOR067C,YOR157C,0,-6.7382727,0.08764274418354034,0.9440000057220459,0.982699990272522
YBL011W,YDR164C,0,-6.738763,0.0876346081495285,0.9440000057220459,0.9828000068664551
YPR025C,YDR460W,1,-6.7395096,0.08771929889917374,0.9449999928474426,0.9828000068664551
YJL006C,YJL053W,0,-6.7462792,0.0877111554145813,0.9449999928474426,0.9829000234603882
YDR122W,YDR166C,0,-6.7480073,0.08770301938056946,0.9449999928474426,0.9829999804496765
YMR186W,YDR447C,0,-6.749137,0.08769487589597702,0.9449999928474426,0.9830999970436096
YFL009W,YMR200W,0,-6.74942,0.08768673986196518,0.9449999928474426,0.9832000136375427
YGL003C,YLR181C,0,-6.7515593,0.08767860382795334,0.9449999928474426,0.983299970626831
YDL181W,YGR209C,0,-6.752812,0.0876704677939415,0.9449999928474426,0.9833999872207642
YNL268W,YDL225W,0,-6.7530956,0.08766233921051025,0.9449999928474426,0.9835000038146973
YLR309C,YGR229C,0,-6.7541094,0.08765420317649841,0.9449999928474426,0.9836000204086304
YPR094W,YPL218W,0,-6.7545624,0.08764607459306717,0.9449999928474426,0.9836999773979187
YPL045W,YMR077C,0,-6.7565064,0.08763794600963593,0.9449999928474426,0.9837999939918518
YEL017C-A,YDR023W,0,-6.7570214,0.08762982487678528,0.9449999928474426,0.9839000105857849
YDR005C,YPL193W,0,-6.7574987,0.08762169629335403,0.9449999928474426,0.984000027179718
YDR460W,YBR123C,1,-6.758004,0.08770628273487091,0.9459999799728394,0.984000027179718
YDR145W,YPR056W,1,-6.7586656,0.08779086172580719,0.9470000267028809,0.984000027179718
YOR023C,YNR039C,0,-6.760578,0.08778271824121475,0.9470000267028809,0.9840999841690063
YIR037W,YBL102W,0,-6.7608786,0.08777458220720291,0.9470000267028809,0.9842000007629395
YLR216C,YCL035C,0,-6.7627683,0.08776645362377167,0.9470000267028809,0.9843000173568726
YGL173C,YIL076W,0,-6.764443,0.08775831758975983,0.9470000267028809,0.9843999743461609
YPL243W,YMR313C,0,-6.7726994,0.08775018900632858,0.9470000267028809,0.984499990940094
YGR029W,YNR047W,0,-6.772953,0.08774205297231674,0.9470000267028809,0.9846000075340271
YLR085C,YDR116C,0,-6.7767315,0.0877339243888855,0.9470000267028809,0.9847000241279602
YDR164C,YDL225W,0,-6.77708,0.08772579580545425,0.9470000267028809,0.9847999811172485
YLR355C,YBR283C,0,-6.7812414,0.08771767467260361,0.9470000267028809,0.9848999977111816
YGL207W,YPR086W,1,-6.7837987,0.08780216425657272,0.9480000138282776,0.9848999977111816
YGL174W,YOR048C,0,-6.7840457,0.08779403567314148,0.9480000138282776,0.9850000143051147
YDR145W,YDR311W,1,-6.784511,0.0878785103559494,0.9490000009536743,0.9850000143051147
YPL037C,YDL130W,0,-6.785241,0.08787036687135696,0.9490000009536743,0.9850999712944031
YPR103W,YER031C,0,-6.787415,0.08786223828792572,0.9490000009536743,0.9851999878883362
YNL071W,YDR189W,0,-6.79012,0.08785410225391388,0.9490000009536743,0.9853000044822693
YNL232W,YDR303C,0,-6.790319,0.08784596621990204,0.9490000009536743,0.9854000210762024
YLR295C,YIL114C,0,-6.790737,0.0878378376364708,0.9490000009536743,0.9854999780654907
YJL081C,YEL037C,0,-6.7919207,0.08782970905303955,0.9490000009536743,0.9855999946594238
YOR115C,YKL196C,0,-6.79529,0.0878215804696083,0.9490000009536743,0.9857000112533569
YLR005W,YPR086W,1,-6.7966866,0.08790598809719086,0.949999988079071,0.9857000112533569
YDR175C,YGL213C,0,-6.800236,0.08789785206317902,0.949999988079071,0.98580002784729
YPR086W,YDR460W,1,-6.8003116,0.08798223733901978,0.9509999752044678,0.98580002784729
YLR005W,YDR311W,1,-6.800699,0.08806660771369934,0.9520000219345093,0.98580002784729
YPL149W,YGR143W,0,-6.80094,0.0880584567785263,0.9520000219345093,0.9858999848365784
YDR473C,YOR279C,0,-6.8040037,0.08805031329393387,0.9520000219345093,0.9860000014305115
YDR412W,YOR035C,0,-6.804427,0.08804216980934143,0.9520000219345093,0.9861000180244446
YOR236W,YPL180W,0,-6.807543,0.08803402632474899,0.9520000219345093,0.9861999750137329
YKR038C,YGL049C,0,-6.8078604,0.08802589029073715,0.9520000219345093,0.986299991607666
YPR086W,YML098W,1,-6.808442,0.08811020851135254,0.953000009059906,0.986299991607666
YPR008W,YGR186W,1,-6.810648,0.08819451183080673,0.9539999961853027,0.986299991607666
YLR309C,YPL146C,0,-6.810851,0.0881863534450531,0.9539999961853027,0.9864000082015991
YGL219C,YML115C,0,-6.815501,0.08817820250988007,0.9539999961853027,0.9865000247955322
YNL232W,YKL040C,0,-6.817395,0.08817005902528763,0.9539999961853027,0.9865999817848206
YML098W,YDR460W,1,-6.817832,0.08825431764125824,0.9549999833106995,0.9865999817848206
YDL004W,YBL011W,0,-6.818576,0.0882461667060852,0.9549999833106995,0.9866999983787537
YJL110C,YOR304W,0,-6.822966,0.08823800832033157,0.9549999833106995,0.9868000149726868
YOR130C,YPL203W,0,-6.8231535,0.08822985738515854,0.9549999833106995,0.9868999719619751
YJL061W,YDR071C,0,-6.8240647,0.0882217064499855,0.9549999833106995,0.9869999885559082
YKL002W,YLR328W,0,-6.828804,0.08821356296539307,0.9549999833106995,0.9871000051498413
YGL112C,YPR056W,1,-6.8313046,0.0882977768778801,0.9559999704360962,0.9871000051498413
YEL063C,YBL050W,0,-6.8315935,0.08828961849212646,0.9559999704360962,0.9872000217437744
YCR012W,YNL154C,0,-6.846984,0.08828146755695343,0.9559999704360962,0.9872999787330627
YOL130W,YPL137C,0,-6.8478575,0.0882733166217804,0.9559999704360962,0.9873999953269958
YBR132C,YBL018C,0,-6.848444,0.08826516568660736,0.9559999704360962,0.987500011920929
YPR008W,YOR110W,1,-6.8485413,0.08834933489561081,0.9570000171661377,0.987500011920929
YPL177C,YPR056W,1,-6.8527493,0.08843348920345306,0.9580000042915344,0.987500011920929
YDR167W,YDR311W,1,-6.854334,0.08851762861013412,0.9589999914169312,0.987500011920929
YPL204W,YOR020C,0,-6.8599715,0.0885094627737999,0.9589999914169312,0.9876000285148621
YGR267C,YML092C,0,-6.860271,0.08850128948688507,0.9589999914169312,0.9876999855041504
YBL050W,YER161C,0,-6.864511,0.08849312365055084,0.9589999914169312,0.9878000020980835
YDR079W,YOR057W,0,-6.864805,0.08848495781421661,0.9589999914169312,0.9879000186920166
YKL188C,YDR255C,0,-6.8657956,0.08847679942846298,0.9589999914169312,0.9879999756813049
YJR060W,YJL112W,0,-6.865972,0.08846863359212875,0.9589999914169312,0.988099992275238
YFR041C,YGR057C,0,-6.8689585,0.08846047520637512,0.9589999914169312,0.9882000088691711
YDR167W,YML098W,1,-6.874134,0.08854454755783081,0.9599999785423279,0.9882000088691711
YJR040W,YKL062W,0,-6.875816,0.08853638172149658,0.9599999785423279,0.9883000254631042
YPR067W,YOR269W,0,-6.881259,0.08852821588516235,0.9599999785423279,0.9883999824523926
YEL009C,YLR410W,0,-6.8823986,0.08852005749940872,0.9599999785423279,0.9884999990463257
YGR007W,YJR126C,0,-6.884036,0.0885118916630745,0.9599999785423279,0.9886000156402588
YNR035C,YMR200W,0,-6.885512,0.08850373327732086,0.9599999785423279,0.9886999726295471
YBR037C,YBR058C,0,-6.8855124,0.08849557489156723,0.9599999785423279,0.9887999892234802
YMR255W,YMR149W,0,-6.8869257,0.0884874165058136,0.9599999785423279,0.9889000058174133
YJL065C,YKL015W,0,-6.886967,0.08847926557064056,0.9599999785423279,0.9890000224113464
YBR196C,YGR118W,0,-6.887628,0.08847110718488693,0.9599999785423279,0.9890999794006348
YOL130W,YKL175W,0,-6.888097,0.0884629562497139,0.9599999785423279,0.9891999959945679
YLR309C,YDR142C,0,-6.888353,0.08845480531454086,0.9599999785423279,0.989300012588501
YOR207C,YER022W,0,-6.892418,0.08844665437936783,0.9599999785423279,0.9894000291824341
YKL160W,YML074C,0,-6.894983,0.08843851089477539,0.9599999785423279,0.9894999861717224
YKL188C,YDR486C,0,-6.900793,0.08843035995960236,0.9599999785423279,0.9896000027656555
YKL040C,YDR175C,0,-6.905338,0.08842221647500992,0.9599999785423279,0.9897000193595886
YOR257W,YBR179C,0,-6.905662,0.08841407299041748,0.9599999785423279,0.989799976348877
YOL054W,YMR140W,0,-6.906129,0.08840592950582504,0.9599999785423279,0.9898999929428101
YNL039W,YPR025C,1,-6.9145823,0.08848986774682999,0.9610000252723694,0.9898999929428101
YFL048C,YGL252C,0,-6.914806,0.08848172426223755,0.9610000252723694,0.9900000095367432
YLR361C,YJL201W,0,-6.916791,0.08847358077764511,0.9610000252723694,0.9901000261306763
YDR036C,YKL040C,0,-6.9178605,0.08846542984247208,0.9610000252723694,0.9901999831199646
YMR186W,YGR118W,0,-6.9228306,0.08845729380846024,0.9610000252723694,0.9902999997138977
YPR008W,YPL122C,1,-6.9236403,0.0885411873459816,0.9620000123977661,0.9902999997138977
YEL009C,YKL080W,0,-6.927117,0.08853303641080856,0.9620000123977661,0.9904000163078308
YOR299W,YNL199C,0,-6.931909,0.08852489292621613,0.9620000123977661,0.9904999732971191
YMR076C,YER024W,0,-6.938184,0.08851674944162369,0.9620000123977661,0.9905999898910522
YIL143C,YDR145W,1,-6.939028,0.08860060572624207,0.9629999995231628,0.9905999898910522
YDR311W,YDR460W,1,-6.942759,0.08868445456027985,0.9639999866485596,0.9905999898910522
YMR091C,YDR303C,0,-6.9430304,0.08867629617452621,0.9639999866485596,0.9907000064849854
YML012W,YKL073W,0,-6.9430976,0.08866813778877258,0.9639999866485596,0.9908000230789185
YJL053W,YGL011C,0,-6.944256,0.08865998685359955,0.9639999866485596,0.9908999800682068
YPL011C,YDR311W,1,-6.9451346,0.08874379098415375,0.9649999737739563,0.9908999800682068
YPR025C,YBR123C,1,-6.9457626,0.08882758766412735,0.9660000205039978,0.9908999800682068
YGL136C,YDR200C,0,-6.9466434,0.08881942182779312,0.9660000205039978,0.9909999966621399
YPL178W,YCR028C,0,-6.9467793,0.08881125599145889,0.9660000205039978,0.991100013256073
YMR070W,YGL038C,0,-6.9477854,0.08880309015512466,0.9660000205039978,0.9911999702453613
YBL030C,YGR162W,0,-6.94925,0.08879492431879044,0.9660000205039978,0.9912999868392944
YPR025C,YDR167W,1,-6.9563093,0.08887867629528046,0.9670000076293945,0.9912999868392944
YMR281W,YGR253C,0,-6.9565783,0.08887051045894623,0.9670000076293945,0.9914000034332275
YBR060C,YBL050W,0,-6.9585657,0.088862344622612,0.9670000076293945,0.9915000200271606
YOR241W,YML013W,0,-6.958661,0.08885417878627777,0.9670000076293945,0.991599977016449
YNL293W,YMR037C,0,-6.9592752,0.08884601294994354,0.9670000076293945,0.9916999936103821
YDL143W,YDR481C,0,-6.9595914,0.08883784711360931,0.9670000076293945,0.9918000102043152
YBR207W,YOR157C,0,-6.9596243,0.08882968872785568,0.9670000076293945,0.9919000267982483
YDR150W,YGR209C,0,-6.966504,0.08882153034210205,0.9670000076293945,0.9919999837875366
YMR073C,YOR149C,0,-6.9682474,0.08881337195634842,0.9670000076293945,0.9921000003814697
YGR267C,YKL085W,0,-6.9701924,0.08880521357059479,0.9670000076293945,0.9922000169754028
YPR008W,YGL112C,1,-6.971936,0.08888889104127884,0.9679999947547913,0.9922000169754028
YIL143C,YPR086W,1,-6.981557,0.0889725461602211,0.968999981880188,0.9922000169754028
YOR039W,YNL298W,0,-6.99007,0.08896438032388687,0.968999981880188,0.9922999739646912
YDR311W,YDR362C,1,-6.990075,0.08904801309108734,0.9700000286102295,0.9922999739646912
YGR253C,YOR064C,0,-6.9935884,0.08903983980417252,0.9700000286102295,0.9923999905586243
YKL016C,YFR048W,0,-6.996869,0.08903166651725769,0.9700000286102295,0.9925000071525574
YLR220W,YHR072W,0,-7.004671,0.08902349323034286,0.9700000286102295,0.9926000237464905
YPR008W,YGL207W,1,-7.007495,0.08910709619522095,0.9710000157356262,0.9926000237464905
YOR023C,YMR004W,0,-7.010995,0.08909891545772552,0.9710000157356262,0.9926999807357788
YPR120C,YDR005C,0,-7.0128145,0.0890907421708107,0.9710000157356262,0.9927999973297119
YKR066C,YPL243W,0,-7.024396,0.08908256888389587,0.9710000157356262,0.992900013923645
YJL065C,YBR024W,0,-7.029905,0.08907439559698105,0.9710000157356262,0.9929999709129333
YPR182W,YMR197C,0,-7.031495,0.08906622976064682,0.9710000157356262,0.9930999875068665
YER148W,YDR167W,1,-7.039985,0.08914977312088013,0.972000002861023,0.9930999875068665
YKL048C,YPL029W,0,-7.0555134,0.0891415998339653,0.972000002861023,0.9932000041007996
YBL103C,YBR123C,1,-7.0614285,0.08922512829303741,0.9729999899864197,0.9932000041007996
YGR155W,YLR354C,0,-7.0622463,0.08921694755554199,0.9729999899864197,0.9933000206947327
YMR192W,YNL131W,0,-7.070937,0.08920876681804657,0.9729999899864197,0.993399977684021
YGL166W,YPR008W,1,-7.0784264,0.0892922654747963,0.9739999771118164,0.993399977684021
YHR193C,YER009W,0,-7.0855665,0.08928407728672028,0.9739999771118164,0.9934999942779541
YLL024C,YKL080W,0,-7.0862484,0.08927589654922485,0.9739999771118164,0.9936000108718872
YJL117W,YLR410W,0,-7.0864296,0.08926770836114883,0.9739999771118164,0.9937000274658203
YKL160W,YGR143W,0,-7.086521,0.08925952762365341,0.9739999771118164,0.9937999844551086
YOR122C,YGR231C,0,-7.097596,0.08925135433673859,0.9739999771118164,0.9939000010490417
YLR060W,YOR270C,0,-7.101941,0.08924317359924316,0.9739999771118164,0.9940000176429749
YLR097C,YDR484W,0,-7.1039233,0.08923500031232834,0.9739999771118164,0.9940999746322632
YCR020C-A,YOL026C,0,-7.105241,0.08922681957483292,0.9739999771118164,0.9941999912261963
YNL091W,YER105C,0,-7.122765,0.08921864628791809,0.9739999771118164,0.9943000078201294
YLR328W,YPL179W,0,-7.1232185,0.08921048045158386,0.9739999771118164,0.9944000244140625
YLR459W,YOR241W,0,-7.125235,0.08920230716466904,0.9739999771118164,0.9944999814033508
YGL136C,YPR024W,0,-7.126855,0.08919414132833481,0.9739999771118164,0.9945999979972839
YJL008C,YHR135C,0,-7.127683,0.08918597549200058,0.9739999771118164,0.994700014591217
YOL064C,YBR058C,0,-7.1314664,0.08917780965566635,0.9739999771118164,0.9947999715805054
YBR039W,YDR142C,0,-7.137495,0.08916964381933212,0.9739999771118164,0.9948999881744385
YDL165W,YDR284C,0,-7.1401424,0.0891614779829979,0.9739999771118164,0.9950000047683716
YGL166W,YPR086W,1,-7.15224,0.08924484997987747,0.9750000238418579,0.9950000047683716
YGR033C,YGL210W,0,-7.1539803,0.08923668414354324,0.9750000238418579,0.9951000213623047
YKL059C,YPL020C,0,-7.161047,0.08922851830720901,0.9750000238418579,0.995199978351593
YPR072W,YLR067C,0,-7.1709228,0.08922035247087479,0.9750000238418579,0.9952999949455261
YLR266C,YOR064C,0,-7.1718245,0.08921218663454056,0.9750000238418579,0.9954000115394592
YDR153C,YML121W,0,-7.1771755,0.08920402824878693,0.9750000238418579,0.9955000281333923
YBR199W,YBL050W,0,-7.1786294,0.0891958624124527,0.9750000238418579,0.9955999851226807
YPR008W,YLR005W,1,-7.194998,0.0892791822552681,0.9760000109672546,0.9955999851226807
YOR123C,YJR126C,0,-7.204312,0.08927101641893387,0.9760000109672546,0.9957000017166138
YGR167W,YKL140W,0,-7.2093077,0.08926285058259964,0.9760000109672546,0.9958000183105469
YLR170C,YHR111W,0,-7.211934,0.08925468474626541,0.9760000109672546,0.9958999752998352
YOR039W,YIL144W,0,-7.2185645,0.08924652636051178,0.9760000109672546,0.9959999918937683
YPL204W,YCR071C,0,-7.229229,0.08923836797475815,0.9760000109672546,0.9961000084877014
YFL048C,YOR275C,0,-7.2324524,0.08923020958900452,0.9760000109672546,0.9962000250816345
YLR292C,YHR181W,0,-7.2415266,0.08922205120325089,0.9760000109672546,0.9962999820709229
YBR106W,YOR332W,0,-7.2621236,0.08921389281749725,0.9760000109672546,0.996399998664856
YCR039C,YDL225W,0,-7.2642384,0.08920574188232422,0.9760000109672546,0.9965000152587891
YDR158W,YHL034C,0,-7.3070574,0.08919759094715118,0.9760000109672546,0.9965999722480774
YDR167W,YBR123C,1,-7.3115664,0.08928082138299942,0.9769999980926514,0.9965999722480774
YPL084W,YOR149C,0,-7.3391814,0.08927266299724579,0.9769999980926514,0.9966999888420105
YDL074C,YNL015W,0,-7.3452296,0.08926450461149216,0.9769999980926514,0.9968000054359436
YOR061W,YPL232W,0,-7.3459315,0.08925634622573853,0.9769999980926514,0.9969000220298767
YDL078C,YDR212W,0,-7.3513722,0.08924819529056549,0.9769999980926514,0.996999979019165
YPR025C,YDR145W,1,-7.3576264,0.08933138102293015,0.9779999852180481,0.996999979019165
YDR071C,YGR143W,0,-7.3608723,0.08932322263717651,0.9779999852180481,0.9970999956130981
YDR098C,YPL218W,0,-7.3705835,0.08931507170200348,0.9779999852180481,0.9972000122070312
YML129C,YPR024W,0,-7.3730383,0.08930691331624985,0.9779999852180481,0.9973000288009644
YDL019C,YBR043C,0,-7.3761263,0.08929875493049622,0.9779999852180481,0.9973999857902527
YPR008W,YDR311W,1,-7.3792205,0.08938190340995789,0.9789999723434448,0.9973999857902527
YFR050C,YGR135W,0,-7.393171,0.08937374502420425,0.9789999723434448,0.9975000023841858
YLR220W,YIL142W,0,-7.4042172,0.08936558663845062,0.9789999723434448,0.9976000189781189
YGL166W,YDR460W,1,-7.410768,0.0894487053155899,0.9800000190734863,0.9976000189781189
YLR427W,YBR185C,0,-7.4203806,0.08944053947925568,0.9800000190734863,0.9976999759674072
YAL055W,YKL196C,0,-7.4254327,0.08943238109350204,0.9800000190734863,0.9977999925613403
YDR167W,YPR056W,1,-7.427336,0.08951546996831894,0.9810000061988831,0.9977999925613403
YJL011C,YPR056W,1,-7.432655,0.08959853649139404,0.9819999933242798,0.9977999925613403
YNL258C,YDL065C,0,-7.4496503,0.08959036320447922,0.9819999933242798,0.9979000091552734
YNL039W,YPR008W,1,-7.4496703,0.08967341482639313,0.9829999804496765,0.9979000091552734
YPR008W,YAL001C,1,-7.473606,0.08975645154714584,0.984000027179718,0.9979000091552734
YPR008W,YBR123C,1,-7.487561,0.08983947336673737,0.9850000143051147,0.9979000091552734
YLR097C,YOL068C,0,-7.5049376,0.08983127772808075,0.9850000143051147,0.9980000257492065
YFR013W,YOR217W,0,-7.5056767,0.08982308954000473,0.9850000143051147,0.9980999827384949
YJR076C,YDR189W,0,-7.5077543,0.08981490135192871,0.9850000143051147,0.998199999332428
YBR086C,YDL040C,0,-7.512448,0.08980671316385269,0.9850000143051147,0.9983000159263611
YER148W,YDR145W,1,-7.5425525,0.08988969027996063,0.9860000014305115,0.9983000159263611
YML067C,YDR494W,0,-7.549637,0.08988149464130402,0.9860000014305115,0.9983999729156494
YMR161W,YLR163C,0,-7.6073613,0.0898732990026474,0.9860000014305115,0.9984999895095825
YJL146W,YKL015W,0,-7.6243424,0.08986511081457138,0.9860000014305115,0.9986000061035156
YER148W,YPR086W,1,-7.6319137,0.08994805067777634,0.9869999885559082,0.9986000061035156
YKR003W,YDR071C,0,-7.6589003,0.08993985503911972,0.9869999885559082,0.9987000226974487
YER148W,YPR056W,1,-7.6798835,0.09002278000116348,0.9879999756813049,0.9987000226974487
YFR041C,YDL065C,0,-7.6929383,0.09001457691192627,0.9879999756813049,0.9987999796867371
YLR229C,YML048W,0,-7.7294645,0.09000637382268906,0.9879999756813049,0.9988999962806702
YPR008W,YPR056W,1,-7.7351813,0.09008926898241043,0.9890000224113464,0.9988999962806702
YPR086W,YBR123C,1,-7.737811,0.09017214924097061,0.9900000095367432,0.9988999962806702
YDR079W,YMR077C,0,-7.784678,0.0901639312505722,0.9900000095367432,0.9990000128746033
YLR259C,YEL017C-A,0,-7.795581,0.0901557207107544,0.9900000095367432,0.9991000294685364
YPR008W,YDR145W,1,-7.8207955,0.09023857116699219,0.9909999966621399,0.9991000294685364
YGR267C,YBR265W,0,-7.8370028,0.09023035317659378,0.9909999966621399,0.9991999864578247
YDR167W,YDR145W,1,-7.856827,0.09031318128108978,0.9919999837875366,0.9991999864578247
YML129C,YKL196C,0,-7.8806496,0.09030496329069138,0.9919999837875366,0.9993000030517578
YDL035C,YKR014C,0,-7.9087076,0.09029673784971237,0.9919999837875366,0.9994000196456909
YML067C,YDR174W,0,-8.020606,0.09028851985931396,0.9919999837875366,0.9994999766349792
YPR008W,YDR460W,1,-8.031516,0.09037131071090698,0.9929999709129333,0.9994999766349792
YPR025C,YPR086W,1,-8.033592,0.0904540941119194,0.9940000176429749,0.9994999766349792
YPR086W,YPR056W,1,-8.067435,0.09053685516119003,0.9950000047683716,0.9994999766349792
YBR039W,YMR091C,0,-8.068251,0.09052861481904984,0.9950000047683716,0.9995999932289124
YLL050C,YKL060C,0,-8.089502,0.09052038192749023,0.9950000047683716,0.9997000098228455
YKL016C,YKL176C,0,-8.097046,0.09051214158535004,0.9950000047683716,0.9998000264167786
YPR086W,YDR167W,1,-8.11165,0.09059487283229828,0.9959999918937683,0.9998000264167786
YPR086W,YDR145W,1,-8.2119465,0.09067758172750473,0.996999979019165,0.9998000264167786
YNL209W,YLR249W,0,-8.321382,0.09066933393478394,0.996999979019165,0.9998999834060669
YPR025C,YPR008W,1,-8.369405,0.0907520204782486,0.9980000257492065,0.9998999834060669
YGL166W,YDR167W,1,-8.507889,0.09083469957113266,0.9990000128746033,0.9998999834060669
YGR253C,YKL175W,0,-8.53564,0.09082643687725067,0.9990000128746033,1.0
YPR008W,YDR167W,1,-8.684202,0.09090909361839294,1.0,1.0
