Gene A,Gene B,Label,Score,Precision,Recall,False Positive Rate
YCR042C,YPR025C,1,5.176839,1.0,0.006535947788506746,0.0
YDR153C,YMR277W,0,4.957937,0.5,0.006535947788506746,0.0006535947904922068
YMR014W,YJL203W,0,4.4014616,0.3333333432674408,0.006535947788506746,0.0013071895809844136
YKL125W,YLR275W,0,4.178126,0.25,0.006535947788506746,0.0019607844296842813
YML069W,YPR025C,1,4.0056605,0.4000000059604645,0.013071895577013493,0.0019607844296842813
YJR014W,YDR258C,0,3.9302216,0.3333333432674408,0.013071895577013493,0.0026143791619688272
YML114C,YPR025C,1,3.9102712,0.4285714328289032,0.019607843831181526,0.0026143791619688272
YNL222W,YPR025C,1,3.8779964,0.5,0.026143791154026985,0.0026143791619688272
YGR186W,YPR025C,1,3.5694666,0.5555555820465088,0.03267974033951759,0.0026143791619688272
YCR042C,YNL222W,1,3.4406605,0.6000000238418579,0.03921568766236305,0.0026143791619688272
YBL046W,YBR057C,0,3.2234821,0.5454545617103577,0.03921568766236305,0.003267973894253373
YPR025C,YLR399C,1,3.0962582,0.5833333134651184,0.04575163498520851,0.003267973894253373
YOL021C,YOR171C,0,3.084251,0.5384615659713745,0.04575163498520851,0.003921568859368563
YDR163W,YCR089W,0,3.0380535,0.5,0.04575163498520851,0.004575163591653109
YDR485C,YHL013C,0,3.004054,0.46666666865348816,0.04575163498520851,0.0052287583239376545
YOR329C,YLR319C,0,2.9847121,0.4375,0.04575163498520851,0.0058823530562222
YOR329C,YEL003W,0,2.8640409,0.4117647111415863,0.04575163498520851,0.006535947788506746
YPR025C,YOL089C,1,2.8007827,0.4444444477558136,0.05228758230805397,0.006535947788506746
YDL005C,YDR202C,0,2.7804594,0.42105263471603394,0.05228758230805397,0.007189542520791292
YDR058C,YLR298C,0,2.750223,0.4000000059604645,0.05228758230805397,0.007843137718737125
YML114C,YGR186W,1,2.6963167,0.4285714328289032,0.05882352963089943,0.007843137718737125
YGL184C,YLL015W,0,2.6956468,0.40909090638160706,0.05882352963089943,0.008496732451021671
YPL047W,YKL092C,0,2.6747258,0.3913043439388275,0.05882352963089943,0.009150327183306217
YPR056W,YLR399C,1,2.652775,0.4166666567325592,0.06535948067903519,0.009150327183306217
YGR186W,YGL043W,1,2.6407356,0.4399999976158142,0.07189542800188065,0.009150327183306217
YKL113C,YKL213C,0,2.627321,0.42307692766189575,0.07189542800188065,0.009803921915590763
YEL011W,YNL299W,0,2.6225982,0.40740740299224854,0.07189542800188065,0.010457516647875309
YBR057C,YBR104W,0,2.5817885,0.3928571343421936,0.07189542800188065,0.011111111380159855
YOR058C,YKR025W,0,2.5613048,0.37931033968925476,0.07189542800188065,0.0117647061124444
YGL043W,YCR042C,1,2.5487611,0.4000000059604645,0.0784313753247261,0.0117647061124444
YKL163W,YHR065C,0,2.5388951,0.3870967626571655,0.0784313753247261,0.012418300844728947
YDR480W,YMR231W,0,2.509369,0.375,0.0784313753247261,0.013071895577013493
YML069W,YNL222W,1,2.5040445,0.39393940567970276,0.08496732264757156,0.013071895577013493
YLR336C,YKR086W,0,2.489903,0.38235294818878174,0.08496732264757156,0.013725490309298038
YDL159W,YNL097C,0,2.484539,0.37142857909202576,0.08496732264757156,0.014379085041582584
YDR214W,YPL086C,0,2.4739647,0.3611111044883728,0.08496732264757156,0.01503267977386713
YDL005C,YLR117C,0,2.470134,0.3513513505458832,0.08496732264757156,0.01568627543747425
YGL125W,YNL148C,0,2.4692602,0.34210526943206787,0.08496732264757156,0.016339870169758797
YDL132W,YGR278W,0,2.4403205,0.3333333432674408,0.08496732264757156,0.016993464902043343
YKR086W,YNL225C,0,2.3946476,0.32499998807907104,0.08496732264757156,0.01764705963432789
YMR167W,YOR303W,0,2.3854346,0.31707316637039185,0.08496732264757156,0.018300654366612434
YIL015W,YLR362W,0,2.3766057,0.3095238208770752,0.08496732264757156,0.01895424909889698
YFL055W,YBR068C,0,2.3764043,0.302325576543808,0.08496732264757156,0.019607843831181526
YGL086W,YDR363W,0,2.333428,0.2954545319080353,0.08496732264757156,0.020261438563466072
YDR311W,YPR025C,1,2.3219328,0.31111112236976624,0.09150326997041702,0.020261438563466072
YPL256C,YHR019C,0,2.3126667,0.30434781312942505,0.09150326997041702,0.020915033295750618
YDR311W,YPR056W,1,2.3013818,0.3191489279270172,0.09803921729326248,0.020915033295750618
YBR210W,YCR068W,0,2.2943954,0.3125,0.09803921729326248,0.021568628028035164
YPR075C,YJR014W,0,2.2892299,0.30612245202064514,0.09803921729326248,0.02222222276031971
YBR302C,YDR540C,0,2.2806065,0.30000001192092896,0.09803921729326248,0.022875817492604256
YMR263W,YKL146W,0,2.2772012,0.29411765933036804,0.09803921729326248,0.0235294122248888
YML069W,YCR042C,1,2.2755122,0.3076923191547394,0.10457516461610794,0.0235294122248888
YDR153C,YGL133W,0,2.2620554,0.30188679695129395,0.10457516461610794,0.024183006957173347
YML114C,YNL222W,1,2.2161345,0.31481480598449707,0.1111111119389534,0.024183006957173347
YDR043C,YKL167C,0,2.2117872,0.30909091234207153,0.1111111119389534,0.024836601689457893
YGR090W,YIL121W,0,2.1988597,0.3035714328289032,0.1111111119389534,0.02549019642174244
YDR153C,YOR284W,0,2.189826,0.2982456088066101,0.1111111119389534,0.026143791154026985
YMR236W,YCR042C,1,2.1646893,0.3103448152542114,0.11764705926179886,0.026143791154026985
YPR101W,YFL050C,0,2.1440647,0.3050847351551056,0.11764705926179886,0.02679738588631153
YCR042C,YPR056W,1,2.1377516,0.3166666626930237,0.12418300658464432,0.02679738588631153
YPL246C,YCR083W,0,2.1338558,0.31147539615631104,0.12418300658464432,0.027450980618596077
YDR058C,YLR310C,0,2.1126072,0.30645161867141724,0.12418300658464432,0.028104575350880623
YNL002C,YNL152W,0,2.079411,0.30158731341362,0.12418300658464432,0.02875817008316517
YGR033C,YDR043C,0,2.0773768,0.296875,0.12418300658464432,0.029411764815449715
YML121W,YHR166C,0,2.0689168,0.29230770468711853,0.12418300658464432,0.03006535954773426
YHR104W,YKL012W,0,2.0469463,0.28787878155708313,0.12418300658464432,0.030718954280018806
YHL007C,YLR051C,0,2.0438871,0.28358209133148193,0.12418300658464432,0.0313725508749485
YLR262C,YOR173W,0,1.9963737,0.27941176295280457,0.12418300658464432,0.03202614560723305
YDR311W,YCR042C,1,1.9921801,0.28985506296157837,0.13071896135807037,0.03202614560723305
YGR275W,YLR178C,0,1.991138,0.2857142984867096,0.13071896135807037,0.03267974033951759
YML114C,YGL166W,1,1.9798107,0.2957746386528015,0.13725490868091583,0.03267974033951759
YCR042C,YLR399C,1,1.9773376,0.3055555522441864,0.1437908560037613,0.03267974033951759
YML114C,YCR042C,1,1.9631953,0.31506848335266113,0.15032680332660675,0.03267974033951759
YOR208W,YGL130W,0,1.9491754,0.31081080436706543,0.15032680332660675,0.03333333507180214
YPL016W,YNL097C,0,1.9469824,0.30666667222976685,0.15032680332660675,0.033986929804086685
YML029W,YGR013W,0,1.9365993,0.30263158679008484,0.15032680332660675,0.03464052453637123
YNL126W,YDL165W,0,1.917846,0.29870128631591797,0.15032680332660675,0.03529411926865578
YPR025C,YPR056W,1,1.8919563,0.3076923191547394,0.1568627506494522,0.03529411926865578
YGR041W,YKR029C,0,1.8694417,0.3037974536418915,0.1568627506494522,0.03594771400094032
YML114C,YML069W,1,1.8671103,0.3125,0.16339869797229767,0.03594771400094032
YGL047W,YOR205C,0,1.8422623,0.3086419701576233,0.16339869797229767,0.03660130873322487
YBR258C,YPL128C,0,1.8149695,0.3048780560493469,0.16339869797229767,0.037254903465509415
YBR280C,YFL002C,0,1.8115788,0.3012048304080963,0.16339869797229767,0.03790849819779396
YGL001C,YHR045W,0,1.8037841,0.2976190447807312,0.16339869797229767,0.038562092930078506
YLR242C,YKL127W,0,1.7908902,0.29411765933036804,0.16339869797229767,0.03921568766236305
YMR288W,YBL084C,0,1.777833,0.2906976640224457,0.16339869797229767,0.0398692823946476
YOL115W,YPR079W,0,1.7629368,0.28735631704330444,0.16339869797229767,0.040522877126932144
YBR200W,YNL002C,0,1.7618737,0.28409090638160706,0.16339869797229767,0.04117647185921669
YDR311W,YML114C,1,1.7560923,0.2921348214149475,0.16993464529514313,0.04117647185921669
YBR127C,YBL003C,0,1.741138,0.2888889014720917,0.16993464529514313,0.041830066591501236
YDR147W,YDR489W,0,1.7064369,0.2857142984867096,0.16993464529514313,0.04248366132378578
YAL001C,YPR056W,1,1.6888635,0.29347825050354004,0.1764705926179886,0.04248366132378578
YJL099W,YOR064C,0,1.6801515,0.29032257199287415,0.1764705926179886,0.04313725605607033
YJR091C,YJL091C,0,1.6590188,0.28723403811454773,0.1764705926179886,0.043790850788354874
YDR311W,YNL222W,1,1.6533647,0.2947368323802948,0.18300653994083405,0.043790850788354874
YAR008W,YDR147W,0,1.6518326,0.2916666567325592,0.18300653994083405,0.04444444552063942
YPL047W,YBR088C,0,1.6491251,0.2886597812175751,0.18300653994083405,0.045098040252923965
YGR186W,YGL207W,1,1.6366863,0.29591837525367737,0.1895424872636795,0.045098040252923965
YKR067W,YOR307C,0,1.6141567,0.2929292917251587,0.1895424872636795,0.04575163498520851
YGR186W,YML069W,1,1.6135919,0.30000001192092896,0.19607843458652496,0.04575163498520851
YOR368W,YDL122W,0,1.6135273,0.2970297038555145,0.19607843458652496,0.04640522971749306
YBR228W,YPL008W,0,1.6050029,0.29411765933036804,0.19607843458652496,0.0470588244497776
YDR073W,YPL086C,0,1.5954947,0.291262149810791,0.19607843458652496,0.04771241918206215
YDL193W,YDR180W,0,1.5880332,0.2884615361690521,0.19607843458652496,0.048366013914346695
YML114C,YOL089C,1,1.5862083,0.29523810744285583,0.20261438190937042,0.048366013914346695
YPL255W,YOR245C,0,1.5838945,0.2924528419971466,0.20261438190937042,0.04901960864663124
YDR311W,YLR399C,1,1.5833788,0.29906541109085083,0.20915032923221588,0.04901960864663124
YCR042C,YOL089C,1,1.5720162,0.3055555522441864,0.21568627655506134,0.04901960864663124
YLR262C,YDR085C,0,1.547715,0.302752286195755,0.21568627655506134,0.04967320337891579
YNL002C,YPL228W,0,1.5447116,0.30000001192092896,0.21568627655506134,0.05032679811120033
YBL050W,YNL299W,0,1.531841,0.29729729890823364,0.21568627655506134,0.05098039284348488
YHL002W,YJL010C,0,1.5287938,0.2946428656578064,0.21568627655506134,0.051633987575769424
YDL002C,YJL042W,0,1.5223298,0.29203540086746216,0.21568627655506134,0.05228758230805397
YMR214W,YIL097W,0,1.5018811,0.28947368264198303,0.21568627655506134,0.052941177040338516
YLR362W,YGR098C,0,1.5010002,0.2869565188884735,0.21568627655506134,0.05359477177262306
YHR216W,YER124C,0,1.4986053,0.2844827473163605,0.21568627655506134,0.05424836650490761
YLL052C,YLR119W,0,1.486176,0.28205129504203796,0.21568627655506134,0.054901961237192154
YDR214W,YGR074W,0,1.4813924,0.27966102957725525,0.21568627655506134,0.0555555559694767
YOL017W,YDL236W,0,1.4801126,0.27731093764305115,0.21568627655506134,0.056209150701761246
YDR311W,YML069W,1,1.477315,0.28333333134651184,0.2222222238779068,0.056209150701761246
YML046W,YML072C,0,1.4548321,0.28099173307418823,0.2222222238779068,0.05686274543404579
YAL032C,YNR046W,0,1.4489145,0.2786885201931,0.2222222238779068,0.05751634016633034
YIL016W,YMR167W,0,1.4481287,0.27642276883125305,0.2222222238779068,0.05816993489861488
YMR079W,YEL004W,0,1.4478528,0.27419355511665344,0.2222222238779068,0.05882352963089943
YNL222W,YOL089C,1,1.4431934,0.2800000011920929,0.22875817120075226,0.05882352963089943
YPL086C,YOR058C,0,1.4248748,0.2777777910232544,0.22875817120075226,0.059477124363183975
YFL050C,YPR124W,0,1.4217701,0.27559053897857666,0.22875817120075226,0.06013071909546852
YPL217C,YML007W,0,1.4132085,0.2734375,0.22875817120075226,0.06078431382775307
YLR369W,YFR028C,0,1.3963757,0.27131783962249756,0.22875817120075226,0.06143790856003761
YCR042C,YGL166W,1,1.3854065,0.2769230902194977,0.23529411852359772,0.06143790856003761
YBR200W,YPL053C,0,1.3832064,0.2748091518878937,0.23529411852359772,0.06209150329232216
YMR236W,YCL010C,1,1.3809009,0.280303031206131,0.24183006584644318,0.06209150329232216
YMR135C,YPL181W,0,1.3798347,0.27819550037384033,0.24183006584644318,0.062745101749897
YPR107C,YMR162C,0,1.3795722,0.2761194109916687,0.24183006584644318,0.06339869648218155
YBR217W,YOR231W,0,1.3752937,0.27407407760620117,0.24183006584644318,0.0640522912144661
YPR009W,YFR004W,0,1.3680801,0.2720588147640228,0.24183006584644318,0.06470588594675064
YGL043W,YOL089C,1,1.3659644,0.277372270822525,0.24836601316928864,0.06470588594675064
YML114C,YGL043W,1,1.3642297,0.28260868787765503,0.2549019753932953,0.06470588594675064
YHR042W,YGL008C,0,1.3608208,0.28057554364204407,0.2549019753932953,0.06535948067903519
YGR186W,YNL222W,1,1.3294561,0.2857142984867096,0.26143792271614075,0.06535948067903519
YGL125W,YBR110W,0,1.3193655,0.283687949180603,0.26143792271614075,0.06601307541131973
YGR121C,YKL160W,0,1.3188105,0.28169015049934387,0.26143792271614075,0.06666667014360428
YCR089W,YKL018W,0,1.3132823,0.279720276594162,0.26143792271614075,0.06732026487588882
YDL005C,YKL092C,0,1.2931156,0.2777777910232544,0.26143792271614075,0.06797385960817337
YCL010C,YOL089C,1,1.2698684,0.2827586233615875,0.2679738700389862,0.06797385960817337
YJR043C,YDR162C,0,1.2577848,0.28082191944122314,0.2679738700389862,0.06862745434045792
YER146W,YDR291W,0,1.2546754,0.2789115607738495,0.2679738700389862,0.06928104907274246
YBR103W,YPL012W,0,1.2539251,0.27702704071998596,0.2679738700389862,0.06993464380502701
YOR188W,YKL012W,0,1.2516694,0.2751677930355072,0.2679738700389862,0.07058823853731155
YDR446W,YOL017W,0,1.2371829,0.273333340883255,0.2679738700389862,0.0712418332695961
YOR208W,YJL184W,0,1.2271187,0.2715231776237488,0.2679738700389862,0.07189542800188065
YCL038C,YDR017C,0,1.2185001,0.2697368562221527,0.2679738700389862,0.07254902273416519
YML072C,YDR198C,0,1.2035985,0.2679738700389862,0.2679738700389862,0.07320261746644974
YGL043W,YLR399C,1,1.1949205,0.27272728085517883,0.27450981736183167,0.07320261746644974
YDR017C,YOR003W,0,1.1915641,0.2709677517414093,0.27450981736183167,0.07385621219873428
YLR320W,YBR253W,0,1.188942,0.26923078298568726,0.27450981736183167,0.07450980693101883
YNL321W,YJR077C,0,1.1878688,0.2675159275531769,0.27450981736183167,0.07516340166330338
YDR311W,YOL089C,1,1.1798253,0.2721518874168396,0.2810457646846771,0.07516340166330338
YPL047W,YOR017W,0,1.1768131,0.2704402506351471,0.2810457646846771,0.07581699639558792
YHR104W,YLR226W,0,1.1712613,0.26875001192092896,0.2810457646846771,0.07647059112787247
YGR186W,YMR236W,1,1.1637568,0.2732919156551361,0.2875817120075226,0.07647059112787247
YBR088C,YGL047W,0,1.1611581,0.2716049253940582,0.2875817120075226,0.07712418586015701
YNL222W,YLR399C,1,1.14783,0.2760736048221588,0.29411765933036804,0.07712418586015701
YHR003C,YNR039C,0,1.1474853,0.27439025044441223,0.29411765933036804,0.07777778059244156
YPL164C,YOL146W,0,1.1440113,0.27272728085517883,0.29411765933036804,0.0784313753247261
YMR236W,YML069W,1,1.1241181,0.27710843086242676,0.3006536066532135,0.0784313753247261
YHL020C,YNR039C,0,1.1240883,0.27544909715652466,0.3006536066532135,0.07908497005701065
YNL125C,YPL024W,0,1.1204109,0.2738095223903656,0.3006536066532135,0.0797385647892952
YKL125W,YLR225C,0,1.1183586,0.27218934893608093,0.3006536066532135,0.08039215952157974
YCL033C,YGR065C,0,1.1142001,0.2705882489681244,0.3006536066532135,0.08104575425386429
YDL042C,YIR010W,0,1.1101823,0.26900583505630493,0.3006536066532135,0.08169934898614883
YER172C,YLR119W,0,1.104604,0.26744186878204346,0.3006536066532135,0.08235294371843338
YBL102W,YGL029W,0,1.1004996,0.2658959627151489,0.3006536066532135,0.08300653845071793
YHR062C,YLR368W,0,1.0983531,0.26436781883239746,0.3006536066532135,0.08366013318300247
YGL043W,YNL222W,1,1.09236,0.2685714364051819,0.30718955397605896,0.08366013318300247
YCR042C,YGL207W,1,1.0825787,0.27272728085517883,0.3137255012989044,0.08366013318300247
YDL168W,YKL213C,0,1.0781598,0.2711864411830902,0.3137255012989044,0.08431372791528702
YHR104W,YKL101W,0,1.0756001,0.26966291666030884,0.3137255012989044,0.08496732264757156
YKL125W,YFL002C,0,1.0726564,0.2681564390659332,0.3137255012989044,0.08562091737985611
YDR294C,YCR003W,0,1.0578818,0.2666666805744171,0.3137255012989044,0.08627451211214066
YNL222W,YGL207W,1,1.0486755,0.2707182466983795,0.3202614486217499,0.08627451211214066
YEL063C,YLR298C,0,1.0307317,0.26923078298568726,0.3202614486217499,0.0869281068444252
YMR113W,YHR166C,0,1.0292411,0.2677595615386963,0.3202614486217499,0.08758170157670975
YDL226C,YOL068C,0,1.0255058,0.2663043439388275,0.3202614486217499,0.0882352963089943
YJR090C,YNL099C,0,1.008946,0.26486486196517944,0.3202614486217499,0.08888889104127884
YAR008W,YCL040W,0,1.0029674,0.2634408473968506,0.3202614486217499,0.08954248577356339
YOR328W,YJL050W,0,0.99588424,0.26203209161758423,0.3202614486217499,0.09019608050584793
YGR186W,YPR056W,1,0.994564,0.26595744490623474,0.32679739594459534,0.09019608050584793
YMR236W,YOL089C,1,0.99276906,0.2698412835597992,0.3333333432674408,0.09019608050584793
YPL005W,YDR258C,0,0.9810285,0.2684210538864136,0.3333333432674408,0.09084967523813248
YDR339C,YPL005W,0,0.9763599,0.2670156955718994,0.3333333432674408,0.09150326997041702
YLR298C,YDR293C,0,0.9705196,0.265625,0.3333333432674408,0.09215686470270157
YMR167W,YER122C,0,0.9684741,0.26424869894981384,0.3333333432674408,0.09281045943498611
YML069W,YGL207W,1,0.9675159,0.2680412232875824,0.33986929059028625,0.09281045943498611
YJR137C,YML046W,0,0.96604437,0.2666666805744171,0.33986929059028625,0.09346405416727066
YMR104C,YML007W,0,0.9646891,0.26530611515045166,0.33986929059028625,0.0941176488995552
YNL152W,YDL058W,0,0.9637863,0.2639593780040741,0.33986929059028625,0.09477124363183975
YBR253W,YGR013W,0,0.9623727,0.2626262605190277,0.33986929059028625,0.0954248383641243
YHL009C,YMR170C,0,0.9616663,0.2613065242767334,0.33986929059028625,0.09607843309640884
YMR236W,YPR056W,1,0.9590091,0.26499998569488525,0.3464052379131317,0.09607843309640884
YPL045W,YDL020C,0,0.95747584,0.2636815905570984,0.3464052379131317,0.09673202782869339
YLR069C,YNL053W,0,0.9551148,0.26237624883651733,0.3464052379131317,0.09738562256097794
YPR101W,YBR136W,0,0.946057,0.2610837519168854,0.3464052379131317,0.09803921729326248
YDL239C,YLL010C,0,0.94596213,0.2598039209842682,0.3464052379131317,0.09869281202554703
YML114C,YCL010C,1,0.94241303,0.2634146213531494,0.3529411852359772,0.09869281202554703
YGL224C,YBR288C,0,0.93966454,0.26213592290878296,0.3529411852359772,0.09934640675783157
YGR157W,YER172C,0,0.9357726,0.260869562625885,0.3529411852359772,0.10000000149011612
YNL222W,YGL166W,1,0.93322104,0.26442307233810425,0.35947713255882263,0.10000000149011612
YKL213C,YDR037W,0,0.90905446,0.2631579041481018,0.35947713255882263,0.10065359622240067
YPR025C,YCL010C,1,0.9068026,0.2666666805744171,0.3660130798816681,0.10065359622240067
YDR058C,YER146W,0,0.9023425,0.2654028534889221,0.3660130798816681,0.10130719095468521
YPR101W,YDR085C,0,0.8889467,0.2641509473323822,0.3660130798816681,0.10196078568696976
YLR135W,YMR278W,0,0.88219756,0.26291078329086304,0.3660130798816681,0.1026143804192543
YGL065C,YCR020W-B,0,0.8704774,0.2616822421550751,0.3660130798816681,0.10326797515153885
YNL047C,YGR280C,0,0.8676035,0.2604651153087616,0.3660130798816681,0.1039215698838234
YNL037C,YIR035C,0,0.8661663,0.25925925374031067,0.3660130798816681,0.10457516461610794
YKL049C,YJR093C,0,0.8647831,0.25806450843811035,0.3660130798816681,0.10522875934839249
YJR017C,YER058W,0,0.86336035,0.2568807303905487,0.3660130798816681,0.10588235408067703
YGL020C,YPL069C,0,0.8587771,0.2557077705860138,0.3660130798816681,0.10653594881296158
YIL066C,YMR197C,0,0.8585791,0.2545454502105713,0.3660130798816681,0.10718954354524612
YPR018W,YGL254W,0,0.8511215,0.25339367985725403,0.3660130798816681,0.10784313827753067
YJL204C,YIL168W,0,0.8470833,0.2522522509098053,0.3660130798816681,0.10849673300981522
YOR284W,YJL093C,0,0.8451993,0.25112107396125793,0.3660130798816681,0.10915032774209976
YPR075C,YHR094C,0,0.84415597,0.25,0.3660130798816681,0.10980392247438431
YGL166W,YLR399C,1,0.8434748,0.25333333015441895,0.37254902720451355,0.10980392247438431
YBR126C,YCR027C,0,0.8342481,0.25221237540245056,0.37254902720451355,0.11045751720666885
YLR398C,YLR089C,0,0.83196634,0.2511013150215149,0.37254902720451355,0.1111111119389534
YPL152W,YNL037C,0,0.82151467,0.25,0.37254902720451355,0.11176470667123795
YCR027C,YKL176C,0,0.8125641,0.24890829622745514,0.37254902720451355,0.11241830140352249
YML114C,YLR399C,1,0.8087427,0.25217390060424805,0.379084974527359,0.11241830140352249
YMR236W,YPR025C,1,0.808433,0.2554112672805786,0.38562092185020447,0.11241830140352249
YHR079C-A,YDR322C-A,0,0.79399365,0.25431033968925476,0.38562092185020447,0.11307189613580704
YOR336W,YGL257C,0,0.79032165,0.2532188892364502,0.38562092185020447,0.11372549086809158
YLR393W,YHR083W,0,0.7897857,0.252136766910553,0.38562092185020447,0.11437908560037613
YBL067C,YOR064C,0,0.7869486,0.25106382369995117,0.38562092185020447,0.11503268033266068
YMR024W,YCR033W,0,0.7784315,0.25,0.38562092185020447,0.11568627506494522
YOR010C,YDL236W,0,0.773267,0.24894514679908752,0.38562092185020447,0.11633986979722977
YOL094C,YIL065C,0,0.7705024,0.2478991597890854,0.38562092185020447,0.11699346452951431
YOR173W,YLL028W,0,0.7699327,0.24686191976070404,0.38562092185020447,0.11764705926179886
YGR048W,YKL167C,0,0.7604961,0.24583333730697632,0.38562092185020447,0.1183006539940834
YGL207W,YLR399C,1,0.7603403,0.2489626556634903,0.3921568691730499,0.1183006539940834
YNL021W,YOR188W,0,0.75638026,0.24793387949466705,0.3921568691730499,0.11895424872636795
YGR091W,YBL101C,0,0.7557718,0.2469135820865631,0.3921568691730499,0.1196078434586525
YPL020C,YPL024W,0,0.7545375,0.24590164422988892,0.3921568691730499,0.12026143819093704
YMR104C,YJR099W,0,0.7495454,0.2448979616165161,0.3921568691730499,0.12091503292322159
YOR118W,YGL124C,0,0.73867244,0.24390244483947754,0.3921568691730499,0.12156862765550613
YBL006C,YDL058W,0,0.7349399,0.24291497468948364,0.3921568691730499,0.12222222238779068
YGR065C,YMR271C,0,0.73145264,0.24193547666072845,0.3921568691730499,0.12287581712007523
YDR311W,YGR186W,1,0.7190439,0.24497991800308228,0.3986928164958954,0.12287581712007523
YNL075W,YIL015W,0,0.709784,0.24400000274181366,0.3986928164958954,0.12352941185235977
YGL166W,YPR056W,1,0.7095315,0.2470119595527649,0.40522876381874084,0.12352941185235977
YML069W,YLR399C,1,0.70769674,0.25,0.4117647111415863,0.12352941185235977
YDR519W,YML121W,0,0.69592494,0.24901185929775238,0.4117647111415863,0.12418300658464432
YHR107C,YBR104W,0,0.6836398,0.24803149700164795,0.4117647111415863,0.12483660131692886
YOL115W,YPR023C,0,0.67447394,0.24705882370471954,0.4117647111415863,0.125490203499794
YDR027C,YKL018W,0,0.668843,0.24609375,0.4117647111415863,0.12614379823207855
YDR104C,YBR236C,0,0.6665786,0.24513618648052216,0.4117647111415863,0.1267973929643631
YDL188C,YHR001W,0,0.6642892,0.24418604373931885,0.4117647111415863,0.12745098769664764
YAR014C,YIL129C,0,0.66141754,0.2432432472705841,0.4117647111415863,0.1281045824289322
YML069W,YGL166W,1,0.6589593,0.2461538463830948,0.41830065846443176,0.1281045824289322
YDR311W,YMR236W,1,0.65802497,0.24904213845729828,0.4248366057872772,0.1281045824289322
YOL013C,YGL099W,0,0.6461403,0.24809160828590393,0.4248366057872772,0.12875817716121674
YDR311W,YCL010C,1,0.64132947,0.25095057487487793,0.4313725531101227,0.12875817716121674
YDR216W,YJR144W,0,0.6389429,0.25,0.4313725531101227,0.12941177189350128
YPR104C,YDR484W,0,0.6372147,0.2490566074848175,0.4313725531101227,0.13006536662578583
YGL043W,YPR025C,1,0.6369701,0.2518796920776367,0.43790850043296814,0.13006536662578583
YGR109C,YIL050W,0,0.63155526,0.2509363293647766,0.43790850043296814,0.13071896135807037
YLR148W,YMR068W,0,0.62892,0.25,0.43790850043296814,0.13137255609035492
YMR277W,YIL050W,0,0.62246245,0.24907062947750092,0.43790850043296814,0.13202615082263947
YPL045W,YJL020C,0,0.6137809,0.2481481432914734,0.43790850043296814,0.132679745554924
YDR143C,YPL228W,0,0.6112252,0.24723246693611145,0.43790850043296814,0.13333334028720856
YGR125W,YIL129C,0,0.60827,0.24632352590560913,0.43790850043296814,0.1339869350194931
YDL132W,YER035W,0,0.6045608,0.24542124569416046,0.43790850043296814,0.13464052975177765
YKR081C,YLR022C,0,0.59586877,0.24452555179595947,0.43790850043296814,0.1352941244840622
YDR085C,YPL024W,0,0.5957052,0.2436363697052002,0.43790850043296814,0.13594771921634674
YMR288W,YMR047C,0,0.5912146,0.24275362491607666,0.43790850043296814,0.1366013139486313
YDL159W,YGR278W,0,0.590306,0.2418772578239441,0.43790850043296814,0.13725490868091583
YGR186W,YLR399C,1,0.5844211,0.24460431933403015,0.4444444477558136,0.13725490868091583
YDR113C,YER124C,0,0.58348805,0.24372759461402893,0.4444444477558136,0.13790850341320038
YDR006C,YHR072W,0,0.58332866,0.24285714328289032,0.4444444477558136,0.13856209814548492
YMR011W,YKL073W,0,0.58276623,0.24199287593364716,0.4444444477558136,0.13921569287776947
YOR115C,YPR082C,0,0.58005315,0.24113474786281586,0.4444444477558136,0.13986928761005402
YKL113C,YLR332W,0,0.57983965,0.24028268456459045,0.4444444477558136,0.14052288234233856
YBR293W,YDR264C,0,0.57603496,0.23943662643432617,0.4444444477558136,0.1411764770746231
YNL252C,YPL265W,0,0.56838876,0.23859648406505585,0.4444444477558136,0.14183007180690765
YLR376C,YCL038C,0,0.56581575,0.2377622425556183,0.4444444477558136,0.1424836665391922
YLR410W,YPL020C,0,0.5628672,0.23693379759788513,0.4444444477558136,0.14313726127147675
YER039C,YER183C,0,0.5368859,0.2361111044883728,0.4444444477558136,0.1437908560037613
YDL049C,YDL214C,0,0.5345685,0.23529411852359772,0.4444444477558136,0.14444445073604584
YLR226W,YGL187C,0,0.5309681,0.2344827651977539,0.4444444477558136,0.14509804546833038
YOR202W,YAL042W,0,0.5305949,0.2336769700050354,0.4444444477558136,0.14575164020061493
YER183C,YHR084W,0,0.5278804,0.232876718044281,0.4444444477558136,0.14640523493289948
YLR144C,YOR190W,0,0.52785534,0.23208190500736237,0.4444444477558136,0.14705882966518402
YOR173W,YMR161W,0,0.5269267,0.2312925159931183,0.4444444477558136,0.14771242439746857
YHR104W,YER141W,0,0.5231635,0.2305084764957428,0.4444444477558136,0.1483660191297531
YDL092W,YML010W,0,0.5169423,0.22972972691059113,0.4444444477558136,0.14901961386203766
YML069W,YOL089C,1,0.5057494,0.23232322931289673,0.45098039507865906,0.14901961386203766
YFL034C-B,YGL125W,0,0.49997956,0.231543630361557,0.45098039507865906,0.1496732085943222
YAL014C,YLR081W,0,0.49738282,0.23076923191547394,0.45098039507865906,0.15032680332660675
YER119C,YER075C,0,0.49727958,0.23000000417232513,0.45098039507865906,0.1509803980588913
YMR293C,YHR050W,0,0.49365062,0.22923588752746582,0.45098039507865906,0.15163399279117584
YER026C,YDR484W,0,0.4874037,0.22847682237625122,0.45098039507865906,0.1522875875234604
YKL018W,YLR222C,0,0.48617882,0.22772277891635895,0.45098039507865906,0.15294118225574493
YGL043W,YPR056W,1,0.48489457,0.23026315867900848,0.4575163424015045,0.15294118225574493
YNL222W,YCL010C,1,0.47808045,0.2327868789434433,0.46405228972435,0.15294118225574493
YDR394W,YKL018W,0,0.46877474,0.232026144862175,0.46405228972435,0.15359477698802948
YOR245C,YMR029C,0,0.46368974,0.23127035796642303,0.46405228972435,0.15424837172031403
YAL001C,YPR025C,1,0.46022576,0.23376622796058655,0.47058823704719543,0.15424837172031403
YER119C,YER042W,0,0.45789903,0.2330097109079361,0.47058823704719543,0.15490196645259857
YML123C,YIL131C,0,0.45744866,0.23225806653499603,0.47058823704719543,0.15555556118488312
YBR103W,YOR122C,0,0.45650262,0.23151125013828278,0.47058823704719543,0.15620915591716766
YGR048W,YIL103W,0,0.4563157,0.23076923191547394,0.47058823704719543,0.1568627506494522
YGR278W,YBR008C,0,0.45391053,0.23003195226192474,0.47058823704719543,0.15751634538173676
YIL105C,YMR231W,0,0.44752532,0.2292993664741516,0.47058823704719543,0.1581699401140213
YLR242C,YCR008W,0,0.4461587,0.22857142984867096,0.47058823704719543,0.15882353484630585
YGR059W,YJL115W,0,0.4437043,0.2278480976819992,0.47058823704719543,0.1594771295785904
YDL132W,YJL099W,0,0.44301277,0.22712934017181396,0.47058823704719543,0.16013072431087494
YOR140W,YMR060C,0,0.43623894,0.22641509771347046,0.47058823704719543,0.16078431904315948
YML131W,YOL113W,0,0.43383437,0.2257053256034851,0.47058823704719543,0.16143791377544403
YGL207W,YGL166W,1,0.4208855,0.22812500596046448,0.4771241843700409,0.16143791377544403
YPL053C,YLR372W,0,0.42043132,0.2274143248796463,0.4771241843700409,0.16209150850772858
YPR025C,YGL166W,1,0.4195289,0.22981366515159607,0.48366013169288635,0.16209150850772858
YCR088W,YEL047C,0,0.41597885,0.22910216450691223,0.48366013169288635,0.16274510324001312
YML114C,YGL207W,1,0.41439682,0.23148147761821747,0.4901960790157318,0.16274510324001312
YBR201W,YNL326C,0,0.41313475,0.23076923191547394,0.4901960790157318,0.16339869797229767
YNL037C,YER018C,0,0.41037005,0.2300613522529602,0.4901960790157318,0.16405229270458221
YDR123C,YPL192C,0,0.40997595,0.2293577939271927,0.4901960790157318,0.16470588743686676
YGL207W,YPR025C,1,0.40851957,0.23170731961727142,0.49673202633857727,0.16470588743686676
YBR228W,YDR180W,0,0.4015972,0.2310030460357666,0.49673202633857727,0.1653594821691513
YBL084C,YGL254W,0,0.40138882,0.23030303418636322,0.49673202633857727,0.16601307690143585
YMR014W,YGL181W,0,0.39679402,0.2296072542667389,0.49673202633857727,0.1666666716337204
YNL126W,YBR227C,0,0.39379328,0.22891566157341003,0.49673202633857727,0.16732026636600494
YDR143C,YNL252C,0,0.38589543,0.22822822630405426,0.49673202633857727,0.1679738610982895
YIL016W,YPL242C,0,0.38263577,0.227544903755188,0.49673202633857727,0.16862745583057404
YNL088W,YCR024C-A,0,0.38035935,0.22686567902565002,0.49673202633857727,0.16928105056285858
YBR171W,YMR305C,0,0.37222594,0.2261904776096344,0.49673202633857727,0.16993464529514313
YJR095W,YGR195W,0,0.36640686,0.22551928460597992,0.49673202633857727,0.17058824002742767
YPL268W,YGL201C,0,0.36626786,0.2248520702123642,0.49673202633857727,0.17124183475971222
YFR051C,YCR083W,0,0.35765213,0.22418878972530365,0.49673202633857727,0.17189542949199677
YIL127C,YMR189W,0,0.35614008,0.2235294133424759,0.49673202633857727,0.1725490242242813
YGL100W,YMR271C,0,0.35530668,0.22287389636039734,0.49673202633857727,0.17320261895656586
YIL023C,YDR084C,0,0.34590465,0.2222222238779068,0.49673202633857727,0.1738562136888504
YLR240W,YCR008W,0,0.34455937,0.2215743511915207,0.49673202633857727,0.17450980842113495
YNL126W,YBL006C,0,0.33848554,0.22093023359775543,0.49673202633857727,0.1751634031534195
YDL020C,YEL003W,0,0.3349411,0.22028985619544983,0.49673202633857727,0.17581699788570404
YOL089C,YLR399C,1,0.33139688,0.2225433588027954,0.5032680034637451,0.17581699788570404
YOR017W,YDL150W,0,0.33055943,0.2219020128250122,0.5032680034637451,0.1764705926179886
YBL099W,YLR178C,0,0.3287453,0.22126436233520508,0.5032680034637451,0.17712418735027313
YDR385W,YHR141C,0,0.32771033,0.22063037753105164,0.5032680034637451,0.17777778208255768
YML069W,YPR056W,1,0.32748395,0.22285714745521545,0.5098039507865906,0.17777778208255768
YHR072W,YAL032C,0,0.32572216,0.2222222238779068,0.5098039507865906,0.17843137681484222
YAL014C,YIL110W,0,0.32523185,0.22159090638160706,0.5098039507865906,0.17908497154712677
YGL017W,YBL050W,0,0.32202023,0.22096318006515503,0.5098039507865906,0.17973856627941132
YGL134W,YHR124W,0,0.3213244,0.22033898532390594,0.5098039507865906,0.18039216101169586
YHR094C,YDR489W,0,0.30512506,0.2197183072566986,0.5098039507865906,0.1810457557439804
YNR023W,YDR184C,0,0.29852933,0.21910113096237183,0.5098039507865906,0.18169935047626495
YMR106C,YOL001W,0,0.2976274,0.21848739683628082,0.5098039507865906,0.1823529452085495
YOL017W,YGL245W,0,0.29169554,0.2178770899772644,0.5098039507865906,0.18300653994083405
YOR321W,YEL004W,0,0.2911716,0.21727019548416138,0.5098039507865906,0.1836601346731186
YOR094W,YHR072W,0,0.27895612,0.21666666865348816,0.5098039507865906,0.18431372940540314
YJL115W,YJL020C,0,0.2768473,0.21606647968292236,0.5098039507865906,0.18496732413768768
YGR166W,YFL008W,0,0.26992017,0.2154696136713028,0.5098039507865906,0.18562091886997223
YPR107C,YLR057W,0,0.26984936,0.21487602591514587,0.5098039507865906,0.18627451360225677
YDR311W,YGL043W,1,0.2688467,0.21703296899795532,0.516339898109436,0.18627451360225677
YMR052W,YKR039W,0,0.26830178,0.21643835306167603,0.516339898109436,0.18692810833454132
YFR046C,YLR022C,0,0.26738197,0.21584700047969818,0.516339898109436,0.18758170306682587
YDR079C-A,YPR056W,1,0.26049322,0.2179836481809616,0.5228758454322815,0.18758170306682587
YLR051C,YPL023C,0,0.25847548,0.21739129722118378,0.5228758454322815,0.1882352977991104
YDR191W,YHR166C,0,0.25417525,0.21680216491222382,0.5228758454322815,0.18888889253139496
YGR186W,YCR042C,1,0.25404304,0.21891891956329346,0.529411792755127,0.18888889253139496
YCL010C,YGL166W,1,0.25228578,0.2210242599248886,0.5359477400779724,0.18888889253139496
YJL207C,YFR004W,0,0.2461595,0.22043010592460632,0.5359477400779724,0.1895424872636795
YKL112W,YML062C,0,0.23901933,0.21983914077281952,0.5359477400779724,0.19019608199596405
YBR073W,YBR127C,0,0.2362948,0.2192513346672058,0.5359477400779724,0.1908496767282486
YMR170C,YOL027C,0,0.23188192,0.218666672706604,0.5359477400779724,0.19150327146053314
YBR253W,YDL064W,0,0.22970468,0.21808511018753052,0.5359477400779724,0.1921568661928177
YPL227C,YDR480W,0,0.22794932,0.21750663220882416,0.5359477400779724,0.19281046092510223
YIL103W,YDR477W,0,0.22549814,0.21693122386932373,0.5359477400779724,0.19346405565738678
YPL016W,YGR280C,0,0.2249226,0.21635884046554565,0.5359477400779724,0.19411765038967133
YHR079C-A,YBR216C,0,0.22133154,0.21578946709632874,0.5359477400779724,0.19477124512195587
YPR151C,YOL017W,0,0.22080523,0.21522310376167297,0.5359477400779724,0.19542483985424042
YIL044C,YLR133W,0,0.21460587,0.2146596908569336,0.5359477400779724,0.19607843458652496
YML114C,YPR056W,1,0.21251196,0.2167101800441742,0.5424836874008179,0.19607843458652496
YML114C,YMR236W,1,0.20849842,0.21875,0.5490196347236633,0.19607843458652496
YPL227C,YKL139W,0,0.2082457,0.2181818187236786,0.5490196347236633,0.1967320293188095
YGR041W,YJR144W,0,0.2080093,0.21761657297611237,0.5490196347236633,0.19738562405109406
YHR112C,YGL011C,0,0.2062537,0.21705426275730133,0.5490196347236633,0.1980392187833786
YDR311W,YGL166W,1,0.20502728,0.219072163105011,0.5555555820465088,0.1980392187833786
YNR036C,YAL014C,0,0.20202631,0.2185090035200119,0.5555555820465088,0.19869281351566315
YIL050W,YGL175C,0,0.19708043,0.21794871985912323,0.5555555820465088,0.1993464082479477
YGL086W,YGL150C,0,0.18964964,0.21739129722118378,0.5555555820465088,0.20000000298023224
YGL134W,YCR089W,0,0.18819243,0.21683673560619354,0.5555555820465088,0.20065359771251678
YOR033C,YNL329C,0,0.1848535,0.21628499031066895,0.5555555820465088,0.20130719244480133
YBR253W,YDR293C,0,0.1802277,0.2157360464334488,0.5555555820465088,0.20196078717708588
YGL145W,YKR003W,0,0.17882544,0.2151898741722107,0.5555555820465088,0.20261438190937042
YIL041W,YOR094W,0,0.17451078,0.21464645862579346,0.5555555820465088,0.20326797664165497
YNL014W,YGR132C,0,0.17344218,0.21410579979419708,0.5555555820465088,0.20392157137393951
YML069W,YCL010C,1,0.16797274,0.21608039736747742,0.5620915293693542,0.20392157137393951
YPL227C,YLR376C,0,0.16788381,0.2155388444662094,0.5620915293693542,0.20457516610622406
YFR042W,YOL027C,0,0.16601723,0.2150000035762787,0.5620915293693542,0.2052287608385086
YBL040C,YNL224C,0,0.16542274,0.21446384489536285,0.5620915293693542,0.20588235557079315
YKR010C,YGL125W,0,0.16457957,0.21393035352230072,0.5620915293693542,0.2065359503030777
YBL016W,YKL211C,0,0.15820283,0.2133994996547699,0.5620915293693542,0.20718954503536224
YGR183C,YOR058C,0,0.1558463,0.21287128329277039,0.5620915293693542,0.2078431397676468
YKL211C,YMR083W,0,0.152955,0.2123456746339798,0.5620915293693542,0.20849673449993134
YBL102W,YBR139W,0,0.14957899,0.21182265877723694,0.5620915293693542,0.20915032923221588
YJR090C,YGR271C-A,0,0.14823812,0.21130220592021942,0.5620915293693542,0.20980392396450043
YOR329C,YPR201W,0,0.14821082,0.21078431606292725,0.5620915293693542,0.21045751869678497
YPR023C,YPL232W,0,0.14214438,0.21026894450187683,0.5620915293693542,0.21111111342906952
YJL047C,YGL011C,0,0.14054841,0.20975609123706818,0.5620915293693542,0.21176470816135406
YMR170C,YBR179C,0,0.14012283,0.2092457413673401,0.5620915293693542,0.2124183028936386
YHR079C-A,YDR331W,0,0.13838512,0.20873786509037018,0.5620915293693542,0.21307189762592316
YOL089C,YPR056W,1,0.13733894,0.21065375208854675,0.5686274766921997,0.21307189762592316
YHR007C,YDR194C,0,0.1372351,0.21014492213726044,0.5686274766921997,0.2137254923582077
YJL123C,YJR002W,0,0.13566834,0.2096385508775711,0.5686274766921997,0.21437908709049225
YDR162C,YMR197C,0,0.12920171,0.20913460850715637,0.5686274766921997,0.2150326818227768
YNL154C,YPL084W,0,0.12090582,0.20863309502601624,0.5686274766921997,0.21568627655506134
YKL008C,YEL047C,0,0.12082273,0.20813396573066711,0.5686274766921997,0.2163398712873459
YMR189W,YNL327W,0,0.11460096,0.2076372355222702,0.5686274766921997,0.21699346601963043
YGL033W,YHR065C,0,0.1102888,0.20714285969734192,0.5686274766921997,0.21764706075191498
YDR113C,YFL034C-B,0,0.1052863,0.20665083825588226,0.5686274766921997,0.21830065548419952
YDR452W,YGL044C,0,0.09348577,0.20616114139556885,0.5686274766921997,0.21895425021648407
YBL016W,YPL128C,0,0.0902974,0.20567375421524048,0.5686274766921997,0.21960784494876862
YAL001C,YGL166W,1,0.08984393,0.2075471729040146,0.5751634240150452,0.21960784494876862
YCR003W,YBR008C,0,0.08901781,0.20705881714820862,0.5751634240150452,0.22026143968105316
YLR332W,YHR152W,0,0.08335537,0.2065727710723877,0.5751634240150452,0.2209150344133377
YCR068W,YPL029W,0,0.07075995,0.20608898997306824,0.5751634240150452,0.22156862914562225
YIL023C,YBL018C,0,0.06110722,0.20560747385025024,0.5751634240150452,0.2222222238779068
YOR033C,YNR075W,0,0.059164464,0.20512820780277252,0.5751634240150452,0.22287581861019135
YHR187W,YMR271C,0,0.055762112,0.20465116202831268,0.5751634240150452,0.2235294133424759
YBR235W,YOR144C,0,0.05544871,0.20417633652687073,0.5751634240150452,0.22418300807476044
YPL016W,YOL113W,0,0.0508458,0.20370370149612427,0.5751634240150452,0.22483660280704498
YPR029C,YPL158C,0,0.045131385,0.2032332569360733,0.5751634240150452,0.22549019753932953
YBR228W,YMR044W,0,0.039389074,0.20276497304439545,0.5751634240150452,0.22614379227161407
YPR029C,YCR068W,0,0.039123476,0.2022988498210907,0.5751634240150452,0.22679738700389862
YLR034C,YJR067C,0,0.038618505,0.20183485746383667,0.5751634240150452,0.22745098173618317
YDR180W,YOL044W,0,0.035930097,0.20137299597263336,0.5751634240150452,0.2281045764684677
YOR229W,YPR103W,0,0.030227005,0.2009132355451584,0.5751634240150452,0.22875817120075226
YLR262C,YOL049W,0,0.028012335,0.20045557618141174,0.5751634240150452,0.2294117659330368
YFR051C,YDR452W,0,0.02571553,0.20000000298023224,0.5751634240150452,0.23006536066532135
YIL131C,YJL159W,0,0.024128258,0.19954648613929749,0.5751634240150452,0.2307189553976059
YKL084W,YLR133W,0,0.021592796,0.19909502565860748,0.5751634240150452,0.23137255012989044
YOL110W,YNL300W,0,0.02018243,0.19864559173583984,0.5751634240150452,0.232026144862175
YOR130C,YCR003W,0,0.016930163,0.19819819927215576,0.5751634240150452,0.23267973959445953
YGL013C,YBR044C,0,0.016163051,0.19775280356407166,0.5751634240150452,0.23333333432674408
YDR214W,YKL120W,0,0.01605457,0.19730941951274872,0.5751634240150452,0.23398692905902863
YBL040C,YGR247W,0,0.005812466,0.19686800241470337,0.5751634240150452,0.23464052379131317
YDL066W,YDL222C,0,0.0049042106,0.1964285671710968,0.5751634240150452,0.23529411852359772
YBL036C,YER042W,0,-0.003811717,0.19599108397960663,0.5751634240150452,0.23594771325588226
YAL001C,YGL207W,1,-0.008665681,0.19777777791023254,0.5816993713378906,0.23594771325588226
YOR173W,YLL039C,0,-0.009106755,0.1973392516374588,0.5816993713378906,0.2366013079881668
YDR113C,YER183C,0,-0.012555301,0.19690264761447906,0.5816993713378906,0.23725490272045135
YDL004W,YDL159W,0,-0.016583562,0.19646799564361572,0.5816993713378906,0.2379084974527359
YJL154C,YBL105C,0,-0.018158495,0.196035236120224,0.5816993713378906,0.23856209218502045
YDR311W,YDR079C-A,1,-0.019146621,0.19780220091342926,0.5882353186607361,0.23856209218502045
YKR080W,YBR008C,0,-0.01999849,0.19736842811107635,0.5882353186607361,0.239215686917305
YGL079W,YDL174C,0,-0.021528602,0.19693654775619507,0.5882353186607361,0.23986928164958954
YMR283C,YLL052C,0,-0.023839414,0.1965065449476242,0.5882353186607361,0.24052287638187408
YDL049C,YDR258C,0,-0.028256834,0.19607843458652496,0.5882353186607361,0.24117647111415863
YOR100C,YER075C,0,-0.030980527,0.19565217196941376,0.5882353186607361,0.24183006584644318
YGR028W,YKL152C,0,-0.031454504,0.19522777199745178,0.5882353186607361,0.24248366057872772
YCR024C-A,YNL254C,0,-0.03400725,0.19480518996715546,0.5882353186607361,0.24313725531101227
YOR140W,YNL116W,0,-0.036388457,0.19438445568084717,0.5882353186607361,0.24379085004329681
YLR298C,YBR298C,0,-0.042458236,0.19396552443504333,0.5882353186607361,0.24444444477558136
YLR110C,YLR095C,0,-0.04414302,0.19354838132858276,0.5882353186607361,0.2450980395078659
YPR075C,YER058W,0,-0.04517144,0.19313304126262665,0.5882353186607361,0.24575163424015045
YMR263W,YER042W,0,-0.0487355,0.1927194893360138,0.5882353186607361,0.246405228972435
YJL123C,YBR186W,0,-0.0525499,0.19230769574642181,0.5882353186607361,0.24705882370471954
YIR034C,YLR229C,0,-0.05476731,0.1918976604938507,0.5882353186607361,0.2477124184370041
YBR057C,YLR256W,0,-0.055819213,0.19148936867713928,0.5882353186607361,0.24836601316928864
YER075C,YLL010C,0,-0.059609592,0.19108280539512634,0.5882353186607361,0.24901960790157318
YNR012W,YGR249W,0,-0.061998904,0.1906779706478119,0.5882353186607361,0.24967320263385773
YMR268C,YLR222C,0,-0.06493479,0.19027483463287354,0.5882353186607361,0.25032681226730347
YML114C,YAL001C,1,-0.06757432,0.19198311865329742,0.5947712659835815,0.25032681226730347
YPL255W,YGL153W,0,-0.06865054,0.1915789544582367,0.5947712659835815,0.250980406999588
YMR024W,YLR089C,0,-0.07323778,0.19117647409439087,0.5947712659835815,0.25163400173187256
YMR161W,YLR117C,0,-0.07463366,0.19077567756175995,0.5947712659835815,0.2522875964641571
YMR260C,YMR244C-A,0,-0.07848376,0.19037656486034393,0.5947712659835815,0.25294119119644165
YMR236W,YGL207W,1,-0.07985836,0.19206680357456207,0.601307213306427,0.25294119119644165
YGR247W,YDR484W,0,-0.08037835,0.19166666269302368,0.601307213306427,0.2535947859287262
YER039C,YPR075C,0,-0.082336426,0.191268190741539,0.601307213306427,0.25424838066101074
YBR098W,YDR488C,0,-0.08539975,0.19087137281894684,0.601307213306427,0.2549019753932953
YGL043W,YML069W,1,-0.08710295,0.19254659116268158,0.6078431606292725,0.2549019753932953
YBR203W,YLR376C,0,-0.08723694,0.19214875996112823,0.6078431606292725,0.25555557012557983
YDR432W,YHR062C,0,-0.088401556,0.1917525827884674,0.6078431606292725,0.2562091648578644
YPL242C,YFL002C,0,-0.09080523,0.1913580298423767,0.6078431606292725,0.2568627595901489
YML130C,YDR314C,0,-0.09106064,0.19096508622169495,0.6078431606292725,0.25751635432243347
YPL047W,YGL079W,0,-0.09179586,0.1905737668275833,0.6078431606292725,0.258169949054718
YER144C,YNL329C,0,-0.09303433,0.19018404185771942,0.6078431606292725,0.25882354378700256
YOR208W,YCR089W,0,-0.096832156,0.18979591131210327,0.6078431606292725,0.2594771385192871
YBR186W,YMR024W,0,-0.098585546,0.18940937519073486,0.6078431606292725,0.26013073325157166
YGR192C,YKR003W,0,-0.1009472,0.18902438879013062,0.6078431606292725,0.2607843279838562
YGL224C,YDR180W,0,-0.10143989,0.18864096701145172,0.6078431606292725,0.26143792271614075
YBR102C,YBR004C,0,-0.10167217,0.18825910985469818,0.6078431606292725,0.2620915174484253
YBR288C,YHR084W,0,-0.10333508,0.1878787875175476,0.6078431606292725,0.26274511218070984
YCR066W,YMR134W,0,-0.11525458,0.1875,0.6078431606292725,0.2633987069129944
YLR138W,YIL063C,0,-0.11679965,0.18712273240089417,0.6078431606292725,0.26405230164527893
YPL057C,YPR065W,0,-0.119193554,0.1867469847202301,0.6078431606292725,0.2647058963775635
YBR152W,YML014W,0,-0.11945158,0.18637274205684662,0.6078431606292725,0.265359491109848
YER118C,YGL257C,0,-0.123410106,0.1860000044107437,0.6078431606292725,0.26601308584213257
YGL043W,YGL207W,1,-0.12751478,0.1876247525215149,0.6143791079521179,0.26601308584213257
YNL321W,YLR022C,0,-0.13798684,0.1872510015964508,0.6143791079521179,0.2666666805744171
YKL025C,YDL092W,0,-0.13933867,0.1868787258863449,0.6143791079521179,0.26732027530670166
YDR123C,YBR008C,0,-0.13936222,0.1865079402923584,0.6143791079521179,0.2679738700389862
YML019W,YCR048W,0,-0.14195341,0.18613861501216888,0.6143791079521179,0.26862746477127075
YIL044C,YBR014C,0,-0.14991546,0.18577075004577637,0.6143791079521179,0.2692810595035553
YIL066C,YNL093W,0,-0.14996767,0.18540434539318085,0.6143791079521179,0.26993465423583984
YCR042C,YCL010C,1,-0.152951,0.187007874250412,0.6209150552749634,0.26993465423583984
YGR128C,YOL068C,0,-0.15618104,0.18664047122001648,0.6209150552749634,0.2705882489681244
YPR181C,YOL060C,0,-0.16155547,0.18627451360225677,0.6209150552749634,0.27124184370040894
YDR221W,YGR065C,0,-0.16405225,0.18590998649597168,0.6209150552749634,0.2718954384326935
YNL316C,YGL125W,0,-0.164096,0.185546875,0.6209150552749634,0.272549033164978
YOR360C,YPL046C,0,-0.16680944,0.18518517911434174,0.6209150552749634,0.2732026278972626
YOR321W,YJL036W,0,-0.16809314,0.1848248988389969,0.6209150552749634,0.2738562226295471
YNL090W,YGL121C,0,-0.16912216,0.18446601927280426,0.6209150552749634,0.27450981736183167
YPL266W,YHR102W,0,-0.18058735,0.18410852551460266,0.6209150552749634,0.2751634120941162
YLR166C,YPR094W,0,-0.18446666,0.1837524175643921,0.6209150552749634,0.27581700682640076
YFR051C,YML126C,0,-0.18498534,0.18339768052101135,0.6209150552749634,0.2764706015586853
YIR022W,YGL133W,0,-0.18854779,0.18304431438446045,0.6209150552749634,0.27712419629096985
YGR023W,YNL323W,0,-0.18898565,0.18269230425357819,0.6209150552749634,0.2777777910232544
YLR084C,YGL079W,0,-0.18945873,0.18234165012836456,0.6209150552749634,0.27843138575553894
YDR191W,YOL148C,0,-0.19183731,0.1819923371076584,0.6209150552749634,0.2790849804878235
YLR132C,YOL006C,0,-0.19249606,0.18164436519145966,0.6209150552749634,0.27973857522010803
YJL137C,YBR068C,0,-0.1980272,0.18129770457744598,0.6209150552749634,0.2803921699523926
YGL156W,YNL272C,0,-0.20290303,0.18095238506793976,0.6209150552749634,0.2810457646846771
YML114C,YEL009C,1,-0.2067405,0.18250951170921326,0.6274510025978088,0.2810457646846771
YJR095W,YPL108W,0,-0.20676112,0.18216319382190704,0.6274510025978088,0.28169935941696167
YPL086C,YER183C,0,-0.20686656,0.1818181872367859,0.6274510025978088,0.2823529541492462
YDR182W,YNL125C,0,-0.20815676,0.1814744770526886,0.6274510025978088,0.28300654888153076
YMR135C,YDL052C,0,-0.2103669,0.18113207817077637,0.6274510025978088,0.2836601436138153
YLR003C,YOR360C,0,-0.2144432,0.1807909607887268,0.6274510025978088,0.28431373834609985
YDR485C,YIL067C,0,-0.21529925,0.18045112490653992,0.6274510025978088,0.2849673330783844
YBR073W,YNL071W,0,-0.21557695,0.1801125705242157,0.6274510025978088,0.28562092781066895
YDL194W,YLL010C,0,-0.2209729,0.17977528274059296,0.6274510025978088,0.2862745225429535
YML019W,YIR008C,0,-0.22164673,0.1794392466545105,0.6274510025978088,0.28692811727523804
YOR307C,YDR051C,0,-0.22186446,0.17910447716712952,0.6274510025978088,0.2875817120075226
YPR023C,YDR141C,0,-0.22372204,0.17877094447612762,0.6274510025978088,0.28823530673980713
YCR042C,YAL001C,1,-0.22489643,0.18029740452766418,0.6339869499206543,0.28823530673980713
YBR253W,YNL197C,0,-0.22637457,0.1799628883600235,0.6339869499206543,0.2888889014720917
YNL090W,YGL181W,0,-0.22947162,0.1796296238899231,0.6339869499206543,0.2895424962043762
YJL116C,YKR060W,0,-0.23077679,0.17929759621620178,0.6339869499206543,0.29019609093666077
YFR042W,YDL066W,0,-0.23271799,0.17896679043769836,0.6339869499206543,0.2908496856689453
YMR021C,YLR424W,0,-0.23329216,0.17863720655441284,0.6339869499206543,0.29150328040122986
YGL181W,YGR256W,0,-0.23363441,0.17830882966518402,0.6339869499206543,0.2921568751335144
YOR144C,YMR323W,0,-0.23751861,0.1779816448688507,0.6339869499206543,0.29281046986579895
YBR229C,YMR268C,0,-0.24153149,0.1776556819677353,0.6339869499206543,0.2934640645980835
YDR311W,YAL001C,1,-0.24414235,0.1791590452194214,0.6405228972434998,0.2934640645980835
YGR068C,YBR083W,0,-0.24443883,0.17883211374282837,0.6405228972434998,0.29411765933036804
YGR096W,YNL272C,0,-0.24616194,0.17850637435913086,0.6405228972434998,0.2947712540626526
YGL255W,YCR023C,0,-0.24769026,0.17818181216716766,0.6405228972434998,0.29542484879493713
YLL036C,YLR368W,0,-0.24860561,0.17785844206809998,0.6405228972434998,0.2960784435272217
YLR148W,YPL249C,0,-0.24905294,0.1775362342596054,0.6405228972434998,0.2967320382595062
YDL052C,YKR039W,0,-0.24910706,0.17721518874168396,0.6405228972434998,0.29738563299179077
YGR074W,YER183C,0,-0.24978131,0.17689530551433563,0.6405228972434998,0.2980392277240753
YCR024C-A,YKL139W,0,-0.25226593,0.17657656967639923,0.6405228972434998,0.29869282245635986
YBR070C,YAL061W,0,-0.2551574,0.17625899612903595,0.6405228972434998,0.2993464171886444
YMR092C,YPL190C,0,-0.25673252,0.1759425550699234,0.6405228972434998,0.30000001192092896
YNL222W,YPR056W,1,-0.2573102,0.17741934955120087,0.6470588445663452,0.30000001192092896
YGR249W,YOL137W,0,-0.2593199,0.1771019697189331,0.6470588445663452,0.3006536066532135
YPL227C,YPR082C,0,-0.26147932,0.17678570747375488,0.6470588445663452,0.30130720138549805
YJL042W,YPL045W,0,-0.26424998,0.1764705926179886,0.6470588445663452,0.3019607961177826
YKL125W,YNL241C,0,-0.26692188,0.17615658044815063,0.6470588445663452,0.30261439085006714
YBL003C,YPL015C,0,-0.26922148,0.17584370076656342,0.6470588445663452,0.3032679855823517
YPL236C,YPL170W,0,-0.27610773,0.17553190886974335,0.6470588445663452,0.30392158031463623
YDR016C,YNL148C,0,-0.27931708,0.17522123456001282,0.6470588445663452,0.3045751750469208
YFR028C,YLL039C,0,-0.28201735,0.17491166293621063,0.6470588445663452,0.3052287697792053
YNL272C,YDR409W,0,-0.28485906,0.1746031790971756,0.6470588445663452,0.30588236451148987
YCR067C,YNL021W,0,-0.28595078,0.17429576814174652,0.6470588445663452,0.3065359592437744
YNR054C,YIL049W,0,-0.28771025,0.1739894598722458,0.6470588445663452,0.30718955397605896
YOL001W,YOR188W,0,-0.28797573,0.17368420958518982,0.6470588445663452,0.3078431487083435
YKL025C,YOL075C,0,-0.28935748,0.1733800321817398,0.6470588445663452,0.30849674344062805
YCL010C,YPR056W,1,-0.29059404,0.17482517659664154,0.6535947918891907,0.30849674344062805
YLR064W,YJR002W,0,-0.29166752,0.1745200753211975,0.6535947918891907,0.3091503381729126
YBR161W,YNR032W,0,-0.29363257,0.17421603202819824,0.6535947918891907,0.30980393290519714
YLR071C,YGL208W,0,-0.29638696,0.17391304671764374,0.6535947918891907,0.3104575276374817
YML038C,YBR098W,0,-0.2988206,0.1736111044883728,0.6535947918891907,0.31111112236976624
YHR001W,YBL009W,0,-0.29940432,0.17331022024154663,0.6535947918891907,0.3117647171020508
YDR184C,YBL003C,0,-0.3008309,0.17301037907600403,0.6535947918891907,0.3124183118343353
YIL049W,YOR328W,0,-0.3022284,0.1727115660905838,0.6535947918891907,0.3130719065666199
YOR007C,YNL275W,0,-0.30357373,0.17241379618644714,0.6535947918891907,0.3137255012989044
YOR321W,YOL001W,0,-0.30644542,0.17211703956127167,0.6535947918891907,0.31437909603118896
YOL006C,YGR231C,0,-0.3085184,0.17182131111621857,0.6535947918891907,0.3150326907634735
YJR099W,YHL020C,0,-0.31106085,0.17152658104896545,0.6535947918891907,0.31568628549575806
YIL016W,YOR190W,0,-0.31279677,0.17123287916183472,0.6535947918891907,0.3163398802280426
YPR058W,YGR065C,0,-0.31325978,0.17094017565250397,0.6535947918891907,0.31699347496032715
YOL027C,YHR032W,0,-0.31415868,0.1706484705209732,0.6535947918891907,0.3176470696926117
YDL025C,YIL063C,0,-0.3144068,0.17035774886608124,0.6535947918891907,0.31830066442489624
YFR042W,YMR216C,0,-0.31563443,0.17006802558898926,0.6535947918891907,0.3189542591571808
YMR030W,YPL181W,0,-0.31726247,0.16977928578853607,0.6535947918891907,0.31960785388946533
YPL268W,YDR540C,0,-0.3200407,0.16949152946472168,0.6535947918891907,0.3202614486217499
YAL032C,YDR085C,0,-0.3256626,0.1692047417163849,0.6535947918891907,0.3209150433540344
YGR186W,YCL010C,1,-0.328654,0.17060810327529907,0.6601307392120361,0.3209150433540344
YGL131C,YMR030W,0,-0.3293907,0.17032040655612946,0.6601307392120361,0.32156863808631897
YNL222W,YAL001C,1,-0.33353585,0.17171716690063477,0.6666666865348816,0.32156863808631897
YML038C,YPL003W,0,-0.33369875,0.17142857611179352,0.6666666865348816,0.3222222328186035
YCR066W,YGL125W,0,-0.33451194,0.17114093899726868,0.6666666865348816,0.32287582755088806
YBR161W,YIL122W,0,-0.3376661,0.17085427045822144,0.6666666865348816,0.3235294222831726
YGL224C,YJL100W,0,-0.33921283,0.1705685555934906,0.6666666865348816,0.32418301701545715
YGL011C,YIL157C,0,-0.35004842,0.17028380930423737,0.6666666865348816,0.3248366117477417
YGL131C,YAL047C,0,-0.35010487,0.17000000178813934,0.6666666865348816,0.32549020648002625
YDR519W,YBR228W,0,-0.35324067,0.16971713304519653,0.6666666865348816,0.3261438012123108
YGL207W,YPR056W,1,-0.35676926,0.1710963398218155,0.673202633857727,0.3261438012123108
YGL184C,YNL326C,0,-0.3604551,0.17081260681152344,0.673202633857727,0.32679739594459534
YDR488C,YIL129C,0,-0.36256164,0.1705297976732254,0.673202633857727,0.3274509906768799
YFL034C-B,YLL039C,0,-0.36349142,0.17024792730808258,0.673202633857727,0.32810458540916443
YKL137W,YMR231W,0,-0.36640692,0.16996699571609497,0.673202633857727,0.328758180141449
YGR277C,YBR227C,0,-0.36700636,0.16968698799610138,0.673202633857727,0.3294117748737335
YLR144C,YLR405W,0,-0.3717761,0.1694078892469406,0.673202633857727,0.33006536960601807
YOL146W,YLR424W,0,-0.37434512,0.16912971436977386,0.673202633857727,0.3307189643383026
YPR181C,YPL081W,0,-0.3744642,0.16885246336460114,0.673202633857727,0.33137255907058716
YPL256C,YOR361C,0,-0.3756857,0.16857610642910004,0.673202633857727,0.3320261538028717
YBR229C,YDR208W,0,-0.3773324,0.16830065846443176,0.673202633857727,0.33267974853515625
YDL188C,YER166W,0,-0.38296598,0.16802610456943512,0.673202633857727,0.3333333432674408
YPR082C,YEL003W,0,-0.39400488,0.1677524447441101,0.673202633857727,0.33398693799972534
YGR227W,YLR378C,0,-0.394221,0.16747967898845673,0.673202633857727,0.3346405327320099
YGR215W,YOR007C,0,-0.3961197,0.16720779240131378,0.673202633857727,0.33529412746429443
YAL001C,YLR399C,1,-0.39911258,0.1685575395822525,0.6797385811805725,0.33529412746429443
YDR385W,YDL058W,0,-0.40124547,0.16828478872776031,0.6797385811805725,0.335947722196579
YMR280C,YLR089C,0,-0.4012826,0.16801291704177856,0.6797385811805725,0.3366013169288635
YBR210W,YJR019C,0,-0.40278614,0.16774193942546844,0.6797385811805725,0.33725491166114807
YKL096W,YBR127C,0,-0.40592366,0.16747182607650757,0.6797385811805725,0.3379085063934326
YKL208W,YDR206W,0,-0.40623242,0.16720257699489594,0.6797385811805725,0.33856210112571716
YOR058C,YLR136C,0,-0.413279,0.16693419218063354,0.6797385811805725,0.3392156958580017
YCL045C,YPR004C,0,-0.41655153,0.1666666716337204,0.6797385811805725,0.33986929059028625
YJL139C,YFL009W,0,-0.41783828,0.1664000004529953,0.6797385811805725,0.3405228853225708
YPL162C,YPR112C,0,-0.42647284,0.16613417863845825,0.6797385811805725,0.34117648005485535
YCR069W,YOR178C,0,-0.42974085,0.16586922109127045,0.6797385811805725,0.3418300747871399
YGL125W,YJR019C,0,-0.43138057,0.1656050980091095,0.6797385811805725,0.34248366951942444
YIL040W,YIL073C,0,-0.43412,0.1653418093919754,0.6797385811805725,0.343137264251709
YER069W,YER021W,0,-0.4433878,0.16507937014102936,0.6797385811805725,0.34379085898399353
YPL009C,YLL052C,0,-0.4442268,0.16481775045394897,0.6797385811805725,0.3444444537162781
YJL209W,YAR014C,0,-0.44784504,0.16455696523189545,0.6797385811805725,0.3450980484485626
YDR394W,YPL124W,0,-0.44822985,0.16429699957370758,0.6797385811805725,0.34575164318084717
YPR183W,YNL275W,0,-0.45306748,0.16403785347938538,0.6797385811805725,0.3464052379131317
YER118C,YNL279W,0,-0.45412952,0.16377952694892883,0.6797385811805725,0.34705883264541626
YPR022C,YOR197W,0,-0.45542294,0.16352201998233795,0.6797385811805725,0.3477124273777008
YKL146W,YMR305C,0,-0.45565528,0.16326530277729034,0.6797385811805725,0.34836602210998535
YBR293W,YML010W,0,-0.4577337,0.1630094051361084,0.6797385811805725,0.3490196168422699
YPL241C,YGL086W,0,-0.45776647,0.16275429725646973,0.6797385811805725,0.34967321157455444
YLR222C,YOR171C,0,-0.46016365,0.16249999403953552,0.6797385811805725,0.350326806306839
YML038C,YEL042W,0,-0.46473825,0.1622464954853058,0.6797385811805725,0.35098040103912354
YPL032C,YPL283C,0,-0.46741927,0.16199377179145813,0.6797385811805725,0.3516339957714081
YGL124C,YKL065C,0,-0.47091562,0.16174183785915375,0.6797385811805725,0.3522875905036926
YAL014C,YBL009W,0,-0.47108698,0.16149067878723145,0.6797385811805725,0.3529411852359772
YNL058C,YDR037W,0,-0.47336704,0.16124030947685242,0.6797385811805725,0.3535947799682617
YGL166W,YOL089C,1,-0.47391677,0.16253869235515594,0.686274528503418,0.3535947799682617
YMR189W,YKL193C,0,-0.4747072,0.16228747367858887,0.686274528503418,0.35424837470054626
YGR195W,YJL104W,0,-0.47787404,0.16203702986240387,0.686274528503418,0.3549019694328308
YLR077W,YLR066W,0,-0.4780237,0.16178736090660095,0.686274528503418,0.35555556416511536
YJL042W,YDR540C,0,-0.47932988,0.16153846681118011,0.686274528503418,0.3562091588973999
YGL038C,YOR140W,0,-0.48226577,0.16129031777381897,0.686274528503418,0.35686275362968445
YMR058W,YKR018C,0,-0.4840433,0.1610429435968399,0.686274528503418,0.357516348361969
YLR393W,YIL044C,0,-0.49442667,0.16079632937908173,0.686274528503418,0.35816994309425354
YDR079C-A,YLR399C,1,-0.49535322,0.16207951307296753,0.6928104758262634,0.35816994309425354
YDR322C-A,YIR028W,0,-0.4966153,0.1618320643901825,0.6928104758262634,0.3588235378265381
YBR221C,YHR200W,0,-0.5013142,0.16158536076545715,0.6928104758262634,0.35947713255882263
YLR222C,YNL197C,0,-0.50342,0.1613394170999527,0.6928104758262634,0.3601307272911072
YER146W,YIL017C,0,-0.5051491,0.16109421849250793,0.6928104758262634,0.3607843220233917
YKL096W,YHR019C,0,-0.50737894,0.16084976494312286,0.6928104758262634,0.36143791675567627
YNL272C,YIL017C,0,-0.5113479,0.16060605645179749,0.6928104758262634,0.3620915114879608
YOR208W,YPL124W,0,-0.51243687,0.1603630930185318,0.6928104758262634,0.36274510622024536
YGR038W,YNR069C,0,-0.5143064,0.16012084484100342,0.6928104758262634,0.3633987009525299
YMR024W,YOL044W,0,-0.51747376,0.15987934172153473,0.6928104758262634,0.36405229568481445
YPR104C,YCR073C,0,-0.5268769,0.15963855385780334,0.6928104758262634,0.364705890417099
YBR210W,YGR166W,0,-0.5280028,0.15939849615097046,0.6928104758262634,0.36535948514938354
YOR056C,YDR480W,0,-0.5281825,0.15915915369987488,0.6928104758262634,0.3660130798816681
YBR084C-A,YDR480W,0,-0.53089744,0.1589205414056778,0.6928104758262634,0.36666667461395264
YDR084C,YNR039C,0,-0.5314298,0.15868262946605682,0.6928104758262634,0.3673202693462372
YPL088W,YKR029C,0,-0.53169364,0.15844544768333435,0.6928104758262634,0.36797386407852173
YML066C,YLR405W,0,-0.53203857,0.1582089513540268,0.6928104758262634,0.3686274588108063
YPL164C,YGL150C,0,-0.53368753,0.15797317028045654,0.6928104758262634,0.3692810535430908
YCR071C,YBR171W,0,-0.53709245,0.1577380895614624,0.6928104758262634,0.36993464827537537
YNL252C,YHL020C,0,-0.5397836,0.15750370919704437,0.6928104758262634,0.3705882430076599
YMR236W,YGL043W,1,-0.54615116,0.15875370800495148,0.6993464231491089,0.3705882430076599
YMR119W,YBL018C,0,-0.5476637,0.15851852297782898,0.6993464231491089,0.37124183773994446
YGL043W,YCL010C,1,-0.54832214,0.15976330637931824,0.7058823704719543,0.37124183773994446
YML038C,YOR153W,0,-0.549023,0.15952733159065247,0.7058823704719543,0.371895432472229
YJR113C,YEL060C,0,-0.55076116,0.1592920422554016,0.7058823704719543,0.37254902720451355
YMR162C,YOL077W-A,0,-0.5509999,0.15905743837356567,0.7058823704719543,0.3732026219367981
YDR119W,YKR029C,0,-0.5572808,0.15882353484630585,0.7058823704719543,0.37385621666908264
YLR166C,YDR322C-A,0,-0.56113696,0.15859030187129974,0.7058823704719543,0.3745098114013672
YLR077W,YDR051C,0,-0.56303334,0.15835776925086975,0.7058823704719543,0.37516340613365173
YOR196C,YER004W,0,-0.56896275,0.15812592208385468,0.7058823704719543,0.3758170008659363
YCR079W,YJR002W,0,-0.57205033,0.15789473056793213,0.7058823704719543,0.3764705955982208
YJL111W,YKR065C,0,-0.57601005,0.1576642394065857,0.7058823704719543,0.37712419033050537
YGR247W,YIL031W,0,-0.5781954,0.1574344038963318,0.7058823704719543,0.3777777850627899
YPL088W,YOR035C,0,-0.5785359,0.1572052389383316,0.7058823704719543,0.37843137979507446
YKL096W,YIL050W,0,-0.57971,0.15697674453258514,0.7058823704719543,0.379084974527359
YCR069W,YGR048W,0,-0.5802199,0.1567489057779312,0.7058823704719543,0.37973856925964355
YDR339C,YBR014C,0,-0.5805812,0.156521737575531,0.7058823704719543,0.3803921639919281
YGL160W,YMR268C,0,-0.58210844,0.15629522502422333,0.7058823704719543,0.38104575872421265
YCR042C,YDR079C-A,1,-0.5830591,0.15751445293426514,0.7124183177947998,0.38104575872421265
YAR050W,YIL162W,0,-0.5839574,0.15728715062141418,0.7124183177947998,0.3816993534564972
YNR032W,YLR378C,0,-0.5845142,0.15706051886081696,0.7124183177947998,0.38235294818878174
YMR079W,YNL069C,0,-0.58599293,0.15683452785015106,0.7124183177947998,0.3830065429210663
YHR123W,YER160C,0,-0.58991885,0.1566091924905777,0.7124183177947998,0.38366013765335083
YML019W,YOR083W,0,-0.5908486,0.15638449788093567,0.7124183177947998,0.3843137323856354
YML069W,YDR079C-A,1,-0.5951575,0.15759311616420746,0.7189542651176453,0.3843137323856354
YCL045C,YLR275W,0,-0.59680504,0.15736766159534454,0.7189542651176453,0.3849673271179199
YGL207W,YOL089C,1,-0.5981963,0.15857142210006714,0.7254902124404907,0.3849673271179199
YBL102W,YHR098C,0,-0.598977,0.15834522247314453,0.7254902124404907,0.38562092185020447
YOL013C,YJL092W,0,-0.5990037,0.15811966359615326,0.7254902124404907,0.386274516582489
YKL096W,YPL045W,0,-0.60220957,0.15789473056793213,0.7254902124404907,0.38692811131477356
YIL105C,YNL312W,0,-0.60245025,0.15767045319080353,0.7254902124404907,0.3875817060470581
YBR077C,YGR109C,0,-0.6053172,0.15744680166244507,0.7254902124404907,0.38823530077934265
YJL123C,YDL092W,0,-0.6054392,0.15722379088401794,0.7254902124404907,0.3888888955116272
YHR112C,YOR208W,0,-0.60670704,0.15700142085552216,0.7254902124404907,0.38954249024391174
YMR283C,YFR009W,0,-0.610649,0.15677966177463531,0.7254902124404907,0.3901960849761963
YER157W,YEL042W,0,-0.61159897,0.15655852854251862,0.7254902124404907,0.39084967970848083
YKL112W,YPL023C,0,-0.6135064,0.15633802115917206,0.7254902124404907,0.3915032744407654
YBR217W,YIL127C,0,-0.6167708,0.15611813962459564,0.7254902124404907,0.3921568691730499
YBR077C,YNL241C,0,-0.617412,0.15589886903762817,0.7254902124404907,0.3928104639053345
YKR087C,YHR026W,0,-0.62246764,0.15568022429943085,0.7254902124404907,0.393464058637619
YDR480W,YPL057C,0,-0.6235267,0.15546219050884247,0.7254902124404907,0.39411765336990356
YPL228W,YER166W,0,-0.6237807,0.15524475276470184,0.7254902124404907,0.3947712481021881
YNR012W,YHR121W,0,-0.623791,0.15502792596817017,0.7254902124404907,0.39542484283447266
YNR054C,YOR284W,0,-0.62539,0.15481171011924744,0.7254902124404907,0.3960784375667572
YLR138W,YKL157W,0,-0.62583566,0.15459610521793365,0.7254902124404907,0.39673203229904175
YDL064W,YKR099C-A,0,-0.6404212,0.15438108146190643,0.7254902124404907,0.3973856270313263
YDL004W,YOR360C,0,-0.64421713,0.15416666865348816,0.7254902124404907,0.39803922176361084
YGR096W,YMR190C,0,-0.6492543,0.15395283699035645,0.7254902124404907,0.3986928164958954
YNL257C,YDR307W,0,-0.6509452,0.15373961627483368,0.7254902124404907,0.39934641122817993
YOL113W,YDL174C,0,-0.6528551,0.15352697670459747,0.7254902124404907,0.4000000059604645
YGR277C,YLR341W,0,-0.6553423,0.15331491827964783,0.7254902124404907,0.400653600692749
YPL055C,YBR201W,0,-0.6559427,0.15310344099998474,0.7254902124404907,0.40130719542503357
YBL019W,YLR089C,0,-0.65627307,0.1528925597667694,0.7254902124404907,0.4019607901573181
YBR228W,YJR161C,0,-0.6562757,0.15268225967884064,0.7254902124404907,0.40261438488960266
YJL092W,YBR139W,0,-0.65670145,0.15247252583503723,0.7254902124404907,0.4032679796218872
YER021W,YGL160W,0,-0.65679187,0.15226337313652039,0.7254902124404907,0.40392157435417175
YNR069C,YJL118W,0,-0.65792716,0.1520548015832901,0.7254902124404907,0.4045751690864563
YLR242C,YCL020W,0,-0.6600757,0.151846781373024,0.7254902124404907,0.40522876381874084
YML078W,YFL009W,0,-0.6602974,0.15163934230804443,0.7254902124404907,0.4058823585510254
YGL208W,YML123C,0,-0.66086465,0.15143246948719025,0.7254902124404907,0.40653595328330994
YDR346C,YMR161W,0,-0.6613755,0.15122616291046143,0.7254902124404907,0.4071895480155945
YCR042C,YEL009C,1,-0.66620195,0.15238095819950104,0.7320261597633362,0.4071895480155945
YOR149C,YAR003W,0,-0.6662423,0.15217390656471252,0.7320261597633362,0.40784314274787903
YMR170C,YDR352W,0,-0.6665361,0.15196743607521057,0.7320261597633362,0.4084967374801636
YML038C,YMR164C,0,-0.66721463,0.1517615169286728,0.7320261597633362,0.4091503322124481
YHL020C,YNL093W,0,-0.669351,0.15155616402626038,0.7320261597633362,0.40980392694473267
YBL040C,YPR107C,0,-0.67025244,0.15135134756565094,0.7320261597633362,0.4104575216770172
YGR277C,YGR215W,0,-0.6708672,0.15114709734916687,0.7320261597633362,0.41111111640930176
YKR067W,YGL029W,0,-0.67189735,0.15094339847564697,0.7320261597633362,0.4117647111415863
YDL212W,YIL158W,0,-0.67243016,0.15074023604393005,0.7320261597633362,0.41241830587387085
YDR485C,YGL134W,0,-0.6831948,0.1505376398563385,0.7320261597633362,0.4130719006061554
YPR058W,YIL017C,0,-0.6839905,0.15033556520938873,0.7320261597633362,0.41372549533843994
YJL123C,YIR034C,0,-0.6851282,0.15013404190540314,0.7320261597633362,0.4143790900707245
YBR186W,YJR152W,0,-0.6878611,0.1499330699443817,0.7320261597633362,0.41503268480300903
YKR013W,YAL032C,0,-0.68981665,0.14973261952400208,0.7320261597633362,0.4156862795352936
YOR354C,YGR096W,0,-0.6904247,0.14953270554542542,0.7320261597633362,0.4163398742675781
YDR339C,YIR035C,0,-0.6954974,0.14933332800865173,0.7320261597633362,0.41699346899986267
YKL101W,YDR162C,0,-0.6966501,0.14913448691368103,0.7320261597633362,0.4176470637321472
YCL019W,YKL184W,0,-0.70005065,0.1489361673593521,0.7320261597633362,0.41830065846443176
YER141W,YBR288C,0,-0.7046939,0.14873838424682617,0.7320261597633362,0.4189542531967163
YPR029C,YGR257C,0,-0.70849216,0.14854110777378082,0.7320261597633362,0.41960784792900085
YCL010C,YLR399C,1,-0.708821,0.1496688723564148,0.7385621070861816,0.41960784792900085
YDR540C,YOR140W,0,-0.7163786,0.14947089552879333,0.7385621070861816,0.4202614426612854
YGL011C,YPR033C,0,-0.71659636,0.14927345514297485,0.7385621070861816,0.42091503739356995
YER021W,YOL049W,0,-0.72024715,0.14907652139663696,0.7385621070861816,0.4215686321258545
YCR003W,YDR409W,0,-0.7210563,0.14888010919094086,0.7385621070861816,0.42222222685813904
YMR236W,YGL166W,1,-0.72143936,0.15000000596046448,0.7450980544090271,0.42222222685813904
YPR151C,YDL188C,0,-0.72442466,0.14980289340019226,0.7450980544090271,0.4228758215904236
YER058W,YJR002W,0,-0.73040074,0.14960630238056183,0.7450980544090271,0.42352941632270813
YBL066C,YKL220C,0,-0.7313864,0.149410218000412,0.7450980544090271,0.4241830110549927
YBR186W,YOR367W,0,-0.7329552,0.14921465516090393,0.7450980544090271,0.4248366057872772
YOR371C,YPR124W,0,-0.7332006,0.14901961386203766,0.7450980544090271,0.42549020051956177
YOR125C,YDR477W,0,-0.73519087,0.14882506430149078,0.7450980544090271,0.4261437952518463
YLR027C,YJR014W,0,-0.73577714,0.1486310362815857,0.7450980544090271,0.42679738998413086
YAR003W,YEL047C,0,-0.73753476,0.1484375,0.7450980544090271,0.4274509847164154
YHR123W,YLR421C,0,-0.74107134,0.1482444703578949,0.7450980544090271,0.42810457944869995
YDR322C-A,YOR367W,0,-0.7427187,0.14805194735527039,0.7450980544090271,0.4287581741809845
YLR393W,YHR018C,0,-0.7427254,0.14785991609096527,0.7450980544090271,0.42941176891326904
YIR033W,YDL236W,0,-0.7431828,0.14766839146614075,0.7450980544090271,0.4300653636455536
YBL036C,YMR121C,0,-0.75024676,0.14747735857963562,0.7450980544090271,0.43071895837783813
YMR161W,YOL001W,0,-0.75128806,0.1472868174314499,0.7450980544090271,0.4313725531101227
YAL055W,YKR065C,0,-0.75688314,0.14709676802158356,0.7450980544090271,0.4320261478424072
YPR009W,YKR001C,0,-0.7572174,0.14690721035003662,0.7450980544090271,0.4326797425746918
YDR162C,YOL075C,0,-0.75787294,0.14671814441680908,0.7450980544090271,0.4333333373069763
YEL063C,YPR065W,0,-0.7580102,0.14652957022190094,0.7450980544090271,0.43398693203926086
YKR080W,YOL060C,0,-0.7598994,0.1463414579629898,0.7450980544090271,0.4346405267715454
YBR235W,YLR022C,0,-0.76289797,0.14615385234355927,0.7450980544090271,0.43529412150382996
YFL055W,YIL017C,0,-0.7648458,0.14596670866012573,0.7450980544090271,0.4359477162361145
YAL001C,YDR079C-A,1,-0.769331,0.14705882966518402,0.7516340017318726,0.4359477162361145
YBR201W,YMR029C,0,-0.77109194,0.14687101542949677,0.7516340017318726,0.43660131096839905
YIL127C,YCR003W,0,-0.7737895,0.1466836780309677,0.7516340017318726,0.4372549057006836
YMR263W,YOR197W,0,-0.7754859,0.14649681746959686,0.7516340017318726,0.43790850043296814
YPL084W,YJL002C,0,-0.77585894,0.14631043374538422,0.7516340017318726,0.4385620951652527
YCR003W,YNL270C,0,-0.7777009,0.14612452685832977,0.7516340017318726,0.43921568989753723
YGL134W,YHR128W,0,-0.77862537,0.14593908190727234,0.7516340017318726,0.4398692846298218
YLR132C,YBR088C,0,-0.7786648,0.1457541137933731,0.7516340017318726,0.4405228793621063
YGR240C,YLR095C,0,-0.78188354,0.14556962251663208,0.7516340017318726,0.44117647409439087
YPR145W,YJR105W,0,-0.7835213,0.14538559317588806,0.7516340017318726,0.4418300688266754
YPR185W,YOR295W,0,-0.7896284,0.14520202577114105,0.7516340017318726,0.44248366355895996
YHR123W,YGL156W,0,-0.79076713,0.14501892030239105,0.7516340017318726,0.4431372582912445
YNL264C,YLR057W,0,-0.7919526,0.14483627676963806,0.7516340017318726,0.44379085302352905
YKR067W,YKL163W,0,-0.79387254,0.14465409517288208,0.7516340017318726,0.4444444477558136
YJL137C,YHR032W,0,-0.7999691,0.14447236061096191,0.7516340017318726,0.44509804248809814
YDR488C,YDL092W,0,-0.80212224,0.14429108798503876,0.7516340017318726,0.4457516372203827
YMR236W,YAL001C,1,-0.8022436,0.14536340534687042,0.758169949054718,0.4457516372203827
YPL020C,YIL073C,0,-0.8057816,0.14518147706985474,0.758169949054718,0.44640523195266724
YKL167C,YGR261C,0,-0.8064669,0.14499999582767487,0.758169949054718,0.4470588266849518
YGR287C,YCL020W,0,-0.80745286,0.144818976521492,0.758169949054718,0.44771242141723633
YHR107C,YIR035C,0,-0.81042606,0.14463840425014496,0.758169949054718,0.4483660161495209
YFL018C,YGL187C,0,-0.8134956,0.14445827901363373,0.758169949054718,0.4490196108818054
YDR293C,YOR005C,0,-0.81457424,0.1442786008119583,0.758169949054718,0.44967320561408997
YGL043W,YDR079C-A,1,-0.81471443,0.14534161984920502,0.7647058963775635,0.44967320561408997
YDL066W,YER122C,0,-0.8148818,0.14516128599643707,0.7647058963775635,0.4503268003463745
YHR063C,YOR214C,0,-0.81489265,0.14498141407966614,0.7647058963775635,0.45098039507865906
YPR145W,YHR187W,0,-0.8155615,0.14480197429656982,0.7647058963775635,0.4516339898109436
YMR052W,YDR522C,0,-0.81612545,0.14462299644947052,0.7647058963775635,0.45228758454322815
YPR018W,YCR068W,0,-0.8162495,0.14444445073604584,0.7647058963775635,0.4529411792755127
YIL091C,YCL020W,0,-0.8167813,0.14426633715629578,0.7647058963775635,0.45359477400779724
YIR033W,YKL152C,0,-0.8185842,0.14408867061138153,0.7647058963775635,0.4542483687400818
YDR153C,YIR028W,0,-0.8207561,0.1439114362001419,0.7647058963775635,0.45490196347236633
YDR202C,YER119C,0,-0.82120913,0.1437346488237381,0.7647058963775635,0.4555555582046509
YDR058C,YIR021W,0,-0.8282945,0.14355827867984772,0.7647058963775635,0.4562091529369354
YLR307W,YGR280C,0,-0.8329903,0.14338235557079315,0.7647058963775635,0.45686274766921997
YGL234W,YOR030W,0,-0.83983576,0.14320684969425201,0.7647058963775635,0.4575163424015045
YOL110W,YPR140W,0,-0.8405639,0.1430317908525467,0.7647058963775635,0.45816993713378906
YCL010C,YDR079C-A,1,-0.8454375,0.14407815039157867,0.7712418437004089,0.45816993713378906
YDR214W,YLR355C,0,-0.8493639,0.14390243589878082,0.7712418437004089,0.4588235318660736
YDR541C,YBR244W,0,-0.85360307,0.1437271684408188,0.7712418437004089,0.45947712659835815
YJR086W,YPR124W,0,-0.85404456,0.14355231821537018,0.7712418437004089,0.4601307213306427
YOL128C,YLR226W,0,-0.85495216,0.143377885222435,0.7712418437004089,0.46078431606292725
YCR067C,YCR066W,0,-0.8584247,0.14320388436317444,0.7712418437004089,0.4614379107952118
YCL038C,YHR018C,0,-0.860345,0.1430303007364273,0.7712418437004089,0.46209150552749634
YKL046C,YGR284C,0,-0.86116177,0.1428571492433548,0.7712418437004089,0.4627451002597809
YBR039W,YCR024C-A,0,-0.8611642,0.14268440008163452,0.7712418437004089,0.46339869499206543
YNL323W,YBR084C-A,0,-0.86153096,0.14251208305358887,0.7712418437004089,0.46405228972435
YER021W,YCR083W,0,-0.8620497,0.14234016835689545,0.7712418437004089,0.4647058844566345
YGL043W,YAL001C,1,-0.86353976,0.1433734893798828,0.7777777910232544,0.4647058844566345
YPR029C,YNL300W,0,-0.8692819,0.14320096373558044,0.7777777910232544,0.46535947918891907
YER078C,YMR293C,0,-0.86942625,0.1430288404226303,0.7777777910232544,0.4660130739212036
YKL125W,YDR123C,0,-0.87066627,0.1428571492433548,0.7777777910232544,0.46666666865348816
YLR089C,YDR352W,0,-0.8728798,0.14268584549427032,0.7777777910232544,0.4673202633857727
YAL001C,YOL089C,1,-0.87431157,0.14371258020401,0.7843137383460999,0.4673202633857727
YDR191W,YBR056W,0,-0.87553203,0.1435406655073166,0.7843137383460999,0.46797385811805725
YKR013W,YPR101W,0,-0.8756723,0.1433691829442978,0.7843137383460999,0.4686274528503418
YNL316C,YLR372W,0,-0.8764782,0.14319808781147003,0.7843137383460999,0.46928104758262634
YNL072W,YPL008W,0,-0.877229,0.1430274099111557,0.7843137383460999,0.4699346423149109
YIL121W,YGL079W,0,-0.87913036,0.1428571492433548,0.7843137383460999,0.47058823704719543
YKR010C,YCL045C,0,-0.880021,0.14268727600574493,0.7843137383460999,0.47124183177948
YFL050C,YPL066W,0,-0.8829046,0.1425178200006485,0.7843137383460999,0.4718954265117645
YBL102W,YJR137C,0,-0.883222,0.1423487514257431,0.7843137383460999,0.4725490212440491
YDR311W,YGL207W,1,-0.8836794,0.14336493611335754,0.7908496856689453,0.4725490212440491
YLR274W,YPL046C,0,-0.8838088,0.1431952714920044,0.7908496856689453,0.4732026159763336
YPR020W,YPL088W,0,-0.88939965,0.14302600920200348,0.7908496856689453,0.47385621070861816
YGL160W,YMR260C,0,-0.8933628,0.1428571492433548,0.7908496856689453,0.4745098054409027
YLR057W,YJR093C,0,-0.8959571,0.14268867671489716,0.7908496856689453,0.47516340017318726
YEL009C,YLR399C,1,-0.8980955,0.14369846880435944,0.7973856329917908,0.47516340017318726
YMR236W,YDR079C-A,1,-0.8999448,0.1447058767080307,0.8039215803146362,0.47516340017318726
YDR488C,YCR083W,0,-0.9024285,0.1445358395576477,0.8039215803146362,0.4758169949054718
YGL250W,YKR003W,0,-0.9053261,0.14436618983745575,0.8039215803146362,0.47647058963775635
YHL007C,YOR321W,0,-0.9119227,0.14419695734977722,0.8039215803146362,0.4771241843700409
YML069W,YAL001C,1,-0.91420764,0.14519906044006348,0.8104575276374817,0.4771241843700409
YER021W,YPL228W,0,-0.9149968,0.1450292468070984,0.8104575276374817,0.47777777910232544
YOR298C-A,YOL021C,0,-0.91524404,0.14485980570316315,0.8104575276374817,0.47843137383461
YER016W,YBR056W,0,-0.9158747,0.14469078183174133,0.8104575276374817,0.47908496856689453
YCR073C,YLR178C,0,-0.9199951,0.14452214539051056,0.8104575276374817,0.4797385632991791
YGR287C,YCR048W,0,-0.9202154,0.14435389637947083,0.8104575276374817,0.4803921580314636
YNL300W,YBL018C,0,-0.9209617,0.14418604969978333,0.8104575276374817,0.48104575276374817
YGL208W,YER074W-A,0,-0.9218259,0.14401859045028687,0.8104575276374817,0.4816993474960327
YPR023C,YKL120W,0,-0.9225045,0.14385150372982025,0.8104575276374817,0.48235294222831726
YDL079C,YKL167C,0,-0.922696,0.14368481934070587,0.8104575276374817,0.4830065369606018
YGR186W,YDR079C-A,1,-0.9254749,0.14467592537403107,0.8169934749603271,0.4830065369606018
YKL046C,YBR104W,0,-0.92588437,0.14450867474079132,0.8169934749603271,0.48366013169288635
YBR077C,YDR037W,0,-0.92891955,0.14434179663658142,0.8169934749603271,0.4843137264251709
YNR051C,YOR188W,0,-0.9295969,0.14417532086372375,0.8169934749603271,0.48496732115745544
YCR073C,YPL128C,0,-0.9313687,0.14400921761989594,0.8169934749603271,0.48562091588974
YNR063W,YLR210W,0,-0.93156,0.14384350180625916,0.8169934749603271,0.48627451062202454
YKL096W,YOR197W,0,-0.93232036,0.14367815852165222,0.8169934749603271,0.4869281053543091
YNL186W,YBL027W,0,-0.933328,0.14351320266723633,0.8169934749603271,0.48758170008659363
YOL115W,YKL127W,0,-0.9333345,0.14334861934185028,0.8169934749603271,0.4882352948188782
YMR266W,YPR023C,0,-0.93562067,0.14318442344665527,0.8169934749603271,0.4888888895511627
YPL108W,YMR231W,0,-0.9358871,0.1430206000804901,0.8169934749603271,0.48954248428344727
YLR233C,YBR229C,0,-0.9360899,0.1428571492433548,0.8169934749603271,0.4901960790157318
YBR298C,YPR164W,0,-0.9373328,0.14269407093524933,0.8169934749603271,0.49084967374801636
YCL026C-A,YEL071W,0,-0.94188374,0.1425313502550125,0.8169934749603271,0.4915032684803009
YMR266W,YMR216C,0,-0.94233155,0.14236901700496674,0.8169934749603271,0.49215686321258545
YOR256C,YNL106C,0,-0.9441361,0.1422070562839508,0.8169934749603271,0.49281045794487
YLR110C,YOL068C,0,-0.94567114,0.14204545319080353,0.8169934749603271,0.49346405267715454
YKL211C,YLR178C,0,-0.94613856,0.1418842226266861,0.8169934749603271,0.4941176474094391
YDR079C-A,YEL009C,1,-0.9499844,0.1428571492433548,0.8235294222831726,0.4941176474094391
YNL069C,YDR208W,0,-0.95046294,0.142695352435112,0.8235294222831726,0.49477124214172363
YFL052W,YJR044C,0,-0.95463264,0.14253394305706024,0.8235294222831726,0.4954248368740082
YMR236W,YLR399C,1,-0.9551721,0.1435028314590454,0.8300653696060181,0.4954248368740082
YDL212W,YNL090W,0,-0.9552861,0.1433408558368683,0.8300653696060181,0.4960784316062927
YKL163W,YJL050W,0,-0.95742136,0.143179252743721,0.8300653696060181,0.49673202633857727
YPL045W,YLR064W,0,-0.9607258,0.14301802217960358,0.8300653696060181,0.4973856210708618
YLR132C,YGL044C,0,-0.96630394,0.1428571492433548,0.8300653696060181,0.49803921580314636
YJR047C,YDR225W,0,-0.9675225,0.14269663393497467,0.8300653696060181,0.4986928105354309
YOR234C,YIL015W,0,-0.9675584,0.1425364762544632,0.8300653696060181,0.49934640526771545
YDR020C,YMR044W,0,-0.9683151,0.14237667620182037,0.8300653696060181,0.5
YGL207W,YCL010C,1,-0.9696357,0.14333707094192505,0.8366013169288635,0.5
YHL018W,YGL175C,0,-0.9707818,0.14317673444747925,0.8366013169288635,0.5006536245346069
YGR133W,YMR058W,0,-0.9793042,0.1430167555809021,0.8366013169288635,0.5013071894645691
YBR228W,YOR003W,0,-0.9807584,0.1428571492433548,0.8366013169288635,0.501960813999176
YER011W,YOR088W,0,-0.9866239,0.14269788563251495,0.8366013169288635,0.5026143789291382
YPL241C,YPL005W,0,-0.98896694,0.14253897964954376,0.8366013169288635,0.5032680034637451
YDR182W,YBL006C,0,-0.98964924,0.14238041639328003,0.8366013169288635,0.5039215683937073
YER069W,YPL069C,0,-0.9911978,0.14222222566604614,0.8366013169288635,0.5045751929283142
YDL004W,YDR180W,0,-0.9970438,0.14206437766551971,0.8366013169288635,0.5052287578582764
YKR045C,YHR026W,0,-0.9977024,0.14190687239170074,0.8366013169288635,0.5058823823928833
YOR371C,YLR372W,0,-0.9997008,0.14174972474575043,0.8366013169288635,0.5065359473228455
YDR171W,YMR154C,0,-1.0010988,0.14159291982650757,0.8366013169288635,0.5071895718574524
YPL053C,YBR239C,0,-1.0019215,0.14143645763397217,0.8366013169288635,0.5078431367874146
YCR027C,YFL003C,0,-1.0076368,0.14128035306930542,0.8366013169288635,0.5084967613220215
YML029W,YGL065C,0,-1.0091118,0.14112459123134613,0.8366013169288635,0.5091503262519836
YKR042W,YOR122C,0,-1.0121869,0.1409691572189331,0.8366013169288635,0.5098039507865906
YBL040C,YOR005C,0,-1.0144471,0.14081408083438873,0.8366013169288635,0.5104575157165527
YKL035W,YOR153W,0,-1.0150514,0.14065934717655182,0.8366013169288635,0.5111111402511597
YAL005C,YCR068W,0,-1.0254629,0.14050494134426117,0.8366013169288635,0.5117647051811218
YKL209C,YLR089C,0,-1.0264778,0.14035087823867798,0.8366013169288635,0.5124183297157288
YBL036C,YDR123C,0,-1.0266502,0.14019715785980225,0.8366013169288635,0.5130718946456909
YMR244C-A,YMR060C,0,-1.0275326,0.14004376530647278,0.8366013169288635,0.5137255191802979
YNL126W,YGL245W,0,-1.0285954,0.13989071547985077,0.8366013169288635,0.51437908411026
YPL023C,YHR203C,0,-1.0353338,0.13973799347877502,0.8366013169288635,0.5150327086448669
YHL022C,YGL011C,0,-1.0408859,0.13958559930324554,0.8366013169288635,0.5156862735748291
YOR056C,YGL079W,0,-1.0423844,0.13943354785442352,0.8366013169288635,0.516339898109436
YGR198W,YJL104W,0,-1.0429246,0.13928182423114777,0.8366013169288635,0.5169934630393982
YNL009W,YIL122W,0,-1.0440922,0.13913042843341827,0.8366013169288635,0.5176470875740051
YER054C,YOR190W,0,-1.045025,0.13897937536239624,0.8366013169288635,0.5183006525039673
YLR064W,YDR394W,0,-1.0475652,0.13882863521575928,0.8366013169288635,0.5189542770385742
YGR278W,YHR018C,0,-1.050345,0.13867822289466858,0.8366013169288635,0.5196078419685364
YMR323W,YKR018C,0,-1.0520328,0.13852813839912415,0.8366013169288635,0.5202614665031433
YGL001C,YOR033C,0,-1.0527214,0.13837838172912598,0.8366013169288635,0.5209150314331055
YJL210W,YNL177C,0,-1.0529774,0.13822893798351288,0.8366013169288635,0.5215686559677124
YBR253W,YOR362C,0,-1.0543513,0.13807982206344604,0.8366013169288635,0.5222222208976746
YHR094C,YMR216C,0,-1.0550001,0.13793103396892548,0.8366013169288635,0.5228758454322815
YGR249W,YEL003W,0,-1.0608206,0.13778255879878998,0.8366013169288635,0.5235294103622437
YML114C,YDR079C-A,1,-1.0609729,0.1387096792459488,0.843137264251709,0.5235294103622437
YDR156W,YLL042C,0,-1.0617139,0.1385606825351715,0.843137264251709,0.5241830348968506
YDL226C,YBR179C,0,-1.0618876,0.1384120136499405,0.843137264251709,0.5248365998268127
YAR071W,YPR112C,0,-1.0619137,0.13826367259025574,0.843137264251709,0.5254902243614197
YDR349C,YNL224C,0,-1.0631878,0.13811562955379486,0.843137264251709,0.5261437892913818
YBL045C,YPL057C,0,-1.0632669,0.13796791434288025,0.843137264251709,0.5267974138259888
YLL032C,YNL327W,0,-1.0644529,0.1378205120563507,0.843137264251709,0.5274509787559509
YCL033C,YNL083W,0,-1.0661091,0.13767342269420624,0.843137264251709,0.5281046032905579
YPR025C,YDR079C-A,1,-1.0661603,0.13859274983406067,0.8496732115745544,0.5281046032905579
YCL020W,YAL042W,0,-1.0662317,0.1384451538324356,0.8496732115745544,0.52875816822052
YOL128C,YLR408C,0,-1.0673027,0.13829787075519562,0.8496732115745544,0.529411792755127
YIL091C,YLR205C,0,-1.0683849,0.1381509006023407,0.8496732115745544,0.5300653576850891
YOR298C-A,YDL122W,0,-1.0768926,0.13800424337387085,0.8496732115745544,0.530718982219696
YOR210W,YHR178W,0,-1.0774726,0.13785789906978607,0.8496732115745544,0.5313725471496582
YOR255W,YGL234W,0,-1.0779473,0.13771186769008636,0.8496732115745544,0.5320261716842651
YIR033W,YIL162W,0,-1.0780518,0.13756613433361053,0.8496732115745544,0.5326797366142273
YHR134W,YOR028C,0,-1.0819931,0.13742071390151978,0.8496732115745544,0.5333333611488342
YGL043W,YGL166W,1,-1.0834521,0.1383315771818161,0.8562091588973999,0.5333333611488342
YDR462W,YOR360C,0,-1.0932652,0.13818565011024475,0.8562091588973999,0.5339869260787964
YJL076W,YDR450W,0,-1.0946156,0.13804003596305847,0.8562091588973999,0.5346405506134033
YPL227C,YBR004C,0,-1.1005257,0.13789473474025726,0.8562091588973999,0.5352941155433655
YLR372W,YNL336W,0,-1.1005826,0.13774973154067993,0.8562091588973999,0.5359477400779724
YLR225C,YLR393W,0,-1.1018,0.13760504126548767,0.8562091588973999,0.5366013050079346
YGR109C,YHR045W,0,-1.1029832,0.1374606490135193,0.8562091588973999,0.5372549295425415
YDL005C,YIR028W,0,-1.1041151,0.13731655478477478,0.8562091588973999,0.5379084944725037
YCR073C,YHL020C,0,-1.1060237,0.13717277348041534,0.8562091588973999,0.5385621190071106
YMR268C,YNL327W,0,-1.1072304,0.13702929019927979,0.8562091588973999,0.5392156839370728
YER065C,YHR094C,0,-1.1076033,0.1368861049413681,0.8562091588973999,0.5398693084716797
YPR104C,YDL214C,0,-1.1076659,0.1367432177066803,0.8562091588973999,0.5405228734016418
YGL038C,YGL008C,0,-1.1076958,0.13660062849521637,0.8562091588973999,0.5411764979362488
YNL071W,YDR162C,0,-1.108637,0.13645833730697632,0.8562091588973999,0.5418300628662109
YCL019W,YKR081C,0,-1.1093512,0.13631634414196014,0.8562091588973999,0.5424836874008179
YKR067W,YBR079C,0,-1.112725,0.13617463409900665,0.8562091588973999,0.54313725233078
YDL226C,YJL118W,0,-1.1137396,0.13603322207927704,0.8562091588973999,0.543790876865387
YPL227C,YKR045C,0,-1.1155161,0.1358921229839325,0.8562091588973999,0.5444444417953491
YJR159W,YPL072W,0,-1.1167476,0.13575129210948944,0.8562091588973999,0.545098066329956
YML110C,YLR233C,0,-1.1241314,0.13561075925827026,0.8562091588973999,0.5457516312599182
YOR354C,YGR028W,0,-1.1248338,0.13547052443027496,0.8562091588973999,0.5464052557945251
YKR045C,YNL220W,0,-1.1252452,0.13533057272434235,0.8562091588973999,0.5470588207244873
YGR108W,YGL130W,0,-1.1253822,0.1351909190416336,0.8562091588973999,0.5477124452590942
YEL009C,YPR056W,1,-1.1269802,0.1360824704170227,0.8627451062202454,0.5477124452590942
YGR240C,YKR024C,0,-1.1271217,0.13594232499599457,0.8627451062202454,0.5483660101890564
YJR017C,YCR097W,0,-1.1276066,0.1358024626970291,0.8627451062202454,0.5490196347236633
YPL072W,YHR176W,0,-1.1286509,0.13566289842128754,0.8627451062202454,0.5496731996536255
YLR051C,YIL131C,0,-1.130969,0.13552361726760864,0.8627451062202454,0.5503268241882324
YOL091W,YPR052C,0,-1.1320078,0.13538461923599243,0.8627451062202454,0.5509803891181946
YGR186W,YAL001C,1,-1.1357344,0.13627049326896667,0.8692810535430908,0.5509803891181946
YHR065C,YPL023C,0,-1.1370527,0.13613101840019226,0.8692810535430908,0.5516340136528015
YGL224C,YDL020C,0,-1.138152,0.13599182665348053,0.8692810535430908,0.5522875785827637
YLR233C,YNL279W,0,-1.140018,0.13585291802883148,0.8692810535430908,0.5529412031173706
YDL103C,YNL270C,0,-1.1407987,0.13571429252624512,0.8692810535430908,0.5535947680473328
YMR170C,YKL120W,0,-1.1423132,0.13557595014572144,0.8692810535430908,0.5542483925819397
YPL020C,YEL042W,0,-1.1479803,0.13543787598609924,0.8692810535430908,0.5549019575119019
YJR093C,YKL127W,0,-1.1480466,0.13530009984970093,0.8692810535430908,0.5555555820465088
YBR234C,YIL065C,0,-1.151568,0.1351626068353653,0.8692810535430908,0.556209146976471
YCR023C,YHR102W,0,-1.1518387,0.13502538204193115,0.8692810535430908,0.5568627715110779
YBL050W,YPL241C,0,-1.1547625,0.1348884403705597,0.8692810535430908,0.55751633644104
YLR342W,YFL024C,0,-1.1592579,0.13475176692008972,0.8692810535430908,0.558169960975647
YML038C,YKL216W,0,-1.1597947,0.13461539149284363,0.8692810535430908,0.5588235259056091
YER035W,YOR255W,0,-1.1598754,0.13447926938533783,0.8692810535430908,0.5594771504402161
YGR049W,YDR484W,0,-1.1625029,0.13434343039989471,0.8692810535430908,0.5601307153701782
YCR079W,YDR037W,0,-1.1634691,0.13420787453651428,0.8692810535430908,0.5607843399047852
YML025C,YNR051C,0,-1.1656594,0.13407258689403534,0.8692810535430908,0.5614379048347473
YDR020C,YHL020C,0,-1.1700327,0.13393756747245789,0.8692810535430908,0.5620915293693542
YMR135C,YMR134W,0,-1.1716824,0.13380281627178192,0.8692810535430908,0.5627450942993164
YPL032C,YKR025W,0,-1.1809895,0.13366834819316864,0.8692810535430908,0.5633987188339233
YIL063C,YER094C,0,-1.1875416,0.13353413343429565,0.8692810535430908,0.5640522837638855
YML033W,YOR360C,0,-1.1894628,0.13340020179748535,0.8692810535430908,0.5647059082984924
YFL052W,YFL034C-A,0,-1.1895972,0.13326653838157654,0.8692810535430908,0.5653594732284546
YGR098C,YPL249C,0,-1.1917388,0.13313312828540802,0.8692810535430908,0.5660130977630615
YDL226C,YDR354W,0,-1.1923399,0.13300000131130219,0.8692810535430908,0.5666666626930237
YAR008W,YIL082W-A,0,-1.1923757,0.13286712765693665,0.8692810535430908,0.5673202872276306
YBR186W,YPR124W,0,-1.1941642,0.1327345371246338,0.8692810535430908,0.5679738521575928
YML123C,YIL010W,0,-1.2009845,0.13260219991207123,0.8692810535430908,0.5686274766921997
YNL224C,YKL193C,0,-1.2012072,0.13247011601924896,0.8692810535430908,0.5692810416221619
YML008C,YDR156W,0,-1.2058425,0.13233831524848938,0.8692810535430908,0.5699346661567688
YNR063W,YML065W,0,-1.2090616,0.1322067528963089,0.8692810535430908,0.570588231086731
YGL133W,YKL148C,0,-1.2100002,0.1320754736661911,0.8692810535430908,0.5712418556213379
YGR275W,YKL148C,0,-1.2126744,0.1319444477558136,0.8692810535430908,0.5718954205513
YPR140W,YGR067C,0,-1.2136174,0.1318136751651764,0.8692810535430908,0.572549045085907
YBL102W,YLR205C,0,-1.2143489,0.13168317079544067,0.8692810535430908,0.5732026100158691
YOR118W,YNL169C,0,-1.2159466,0.13155291974544525,0.8692810535430908,0.5738562345504761
YDL010W,YKR024C,0,-1.2166884,0.13142292201519012,0.8692810535430908,0.5745097994804382
YBR201W,YDR001C,0,-1.2202854,0.1312931925058365,0.8692810535430908,0.5751634240150452
YBR079C,YAL042W,0,-1.2212406,0.13116370141506195,0.8692810535430908,0.5758169889450073
YKL152C,YJL111W,0,-1.2230601,0.1310344785451889,0.8692810535430908,0.5764706134796143
YKL049C,YPL066W,0,-1.2264974,0.13090550899505615,0.8692810535430908,0.5771241784095764
YGL001C,YGR048W,0,-1.2270125,0.1307767927646637,0.8692810535430908,0.5777778029441833
YKL120W,YKR099C-A,0,-1.2284732,0.13064832985401154,0.8692810535430908,0.5784313678741455
YJL063C,YEL011W,0,-1.22964,0.13052012026309967,0.8692810535430908,0.5790849924087524
YER001W,YPR140W,0,-1.2330942,0.1303921639919281,0.8692810535430908,0.5797385573387146
YKR010C,YLR034C,0,-1.2336907,0.13026444613933563,0.8692810535430908,0.5803921818733215
YNL275W,YAL042W,0,-1.2465332,0.13013698160648346,0.8692810535430908,0.5810457468032837
YIL082W-A,YBR179C,0,-1.2475231,0.13000977039337158,0.8692810535430908,0.5816993713378906
YER039C,YFR009W,0,-1.2478008,0.1298828125,0.8692810535430908,0.5823529362678528
YIR003W,YJL092W,0,-1.2550067,0.12975609302520752,0.8692810535430908,0.5830065608024597
YBR229C,YMR024W,0,-1.2550819,0.12962962687015533,0.8692810535430908,0.5836601257324219
YJR161C,YKL157W,0,-1.2615722,0.12950341403484344,0.8692810535430908,0.5843137502670288
YNL082W,YLR341W,0,-1.266294,0.12937742471694946,0.8692810535430908,0.584967315196991
YIL082W-A,YMR044W,0,-1.268121,0.12925170361995697,0.8692810535430908,0.5856209397315979
YPR151C,YGL032C,0,-1.2704539,0.12912622094154358,0.8692810535430908,0.5862745046615601
YJR044C,YNL241C,0,-1.2726021,0.1290009766817093,0.8692810535430908,0.586928129196167
YMR079W,YMR134W,0,-1.275635,0.1288759708404541,0.8692810535430908,0.5875816941261292
YLR423C,YMR280C,0,-1.2840438,0.12875120341777802,0.8692810535430908,0.5882353186607361
YGL044C,YIL044C,0,-1.2862036,0.12862668931484222,0.8692810535430908,0.5888888835906982
YLR297W,YGL130W,0,-1.2864467,0.12850241363048553,0.8692810535430908,0.5895425081253052
YOR056C,YOR307C,0,-1.2882729,0.12837837636470795,0.8692810535430908,0.5901960730552673
YDR186C,YKR039W,0,-1.2891352,0.12825457751750946,0.8692810535430908,0.5908496975898743
YNL072W,YJL113W,0,-1.2895343,0.12813101708889008,0.8692810535430908,0.5915032625198364
YNL245C,YLR453C,0,-1.2951704,0.1280076950788498,0.8692810535430908,0.5921568870544434
YPL241C,YKL167C,0,-1.2952471,0.1278846114873886,0.8692810535430908,0.5928104519844055
YOR128C,YOR298C-A,0,-1.2968194,0.12776176631450653,0.8692810535430908,0.5934640765190125
YML066C,YIL131C,0,-1.2968246,0.12763915956020355,0.8692810535430908,0.5941176414489746
YBR083W,YNL229C,0,-1.2989619,0.12751677632331848,0.8692810535430908,0.5947712659835815
YNL082W,YDL079C,0,-1.299083,0.1273946315050125,0.8692810535430908,0.5954248309135437
YBR302C,YDR348C,0,-1.3043499,0.12727272510528564,0.8692810535430908,0.5960784554481506
YIR007W,YJL042W,0,-1.3064524,0.12715105712413788,0.8692810535430908,0.5967320203781128
YPR164W,YNL125C,0,-1.3066394,0.12702961266040802,0.8692810535430908,0.5973856449127197
YHR039C,YPR082C,0,-1.3102242,0.12690839171409607,0.8692810535430908,0.5980392098426819
YDR452W,YLR449W,0,-1.3121736,0.12678740918636322,0.8692810535430908,0.5986928343772888
YKL222C,YDR208W,0,-1.3126003,0.12666666507720947,0.8692810535430908,0.599346399307251
YDR141C,YPR052C,0,-1.314312,0.12654614448547363,0.8692810535430908,0.6000000238418579
YLR174W,YPR124W,0,-1.3144855,0.1264258623123169,0.8692810535430908,0.6006535887718201
YBR132C,YBL005W-A,0,-1.3151084,0.12630578875541687,0.8692810535430908,0.601307213306427
YCR102C,YDR354W,0,-1.3168892,0.12618595361709595,0.8692810535430908,0.6019607782363892
YDR097C,YLR133W,0,-1.3185644,0.12606635689735413,0.8692810535430908,0.6026144027709961
YPR164W,YOR088W,0,-1.3204343,0.12594696879386902,0.8692810535430908,0.6032679677009583
YGR186W,YGL166W,1,-1.3224192,0.1267738938331604,0.8758170008659363,0.6032679677009583
YDR153C,YDR354W,0,-1.3264318,0.12665405869483948,0.8758170008659363,0.6039215922355652
YDR142C,YGR096W,0,-1.3277206,0.12653446197509766,0.8758170008659363,0.6045751571655273
YAR071W,YOR344C,0,-1.3289129,0.12641508877277374,0.8758170008659363,0.6052287817001343
YLR388W,YCR066W,0,-1.3301191,0.12629595398902893,0.8758170008659363,0.6058823466300964
YLR421C,YPL015C,0,-1.3303533,0.12617702782154083,0.8758170008659363,0.6065359711647034
YGR041W,YPL057C,0,-1.3333366,0.12605832517147064,0.8758170008659363,0.6071895360946655
YER019W,YLR081W,0,-1.3338593,0.12593984603881836,0.8758170008659363,0.6078431606292725
YLR116W,YGL255W,0,-1.3382943,0.12582159042358398,0.8758170008659363,0.6084967255592346
YBR077C,YBR298C,0,-1.3397516,0.12570355832576752,0.8758170008659363,0.6091503500938416
YJL113W,YOR214C,0,-1.3450236,0.12558574974536896,0.8758170008659363,0.6098039150238037
YJL159W,YIL050W,0,-1.3459029,0.1254681646823883,0.8758170008659363,0.6104575395584106
YNL106C,YGR207C,0,-1.3482263,0.12535078823566437,0.8758170008659363,0.6111111044883728
YDR034C-D,YLR034C,0,-1.350126,0.12523365020751953,0.8758170008659363,0.6117647290229797
YMR119W,YEL060C,0,-1.3515036,0.1251167207956314,0.8758170008659363,0.6124182939529419
YJL207C,YOL077W-A,0,-1.352938,0.125,0.8758170008659363,0.6130719184875488
YHR107C,YER035W,0,-1.35333,0.1248835027217865,0.8758170008659363,0.613725483417511
YBR302C,YLR229C,0,-1.3540324,0.1247672289609909,0.8758170008659363,0.6143791079521179
YHR121W,YLR378C,0,-1.3564417,0.12465116381645203,0.8758170008659363,0.6150326728820801
YPL283C,YBR110W,0,-1.360204,0.12453531473875046,0.8758170008659363,0.615686297416687
YJL010C,YHR001W,0,-1.3632838,0.1244196817278862,0.8758170008659363,0.6163398623466492
YLR225C,YCR028C-A,0,-1.3681024,0.12430426478385925,0.8758170008659363,0.6169934868812561
YCR028C-A,YER021W,0,-1.3684099,0.12418906390666962,0.8758170008659363,0.6176470518112183
YNL082W,YGL187C,0,-1.3702352,0.1240740716457367,0.8758170008659363,0.6183006763458252
YER183C,YOL077W-A,0,-1.3703383,0.12395929545164108,0.8758170008659363,0.6189542412757874
YML008C,YMR260C,0,-1.3727839,0.12384473532438278,0.8758170008659363,0.6196078658103943
YGR090W,YDR097C,0,-1.3827168,0.1237303763628006,0.8758170008659363,0.6202614307403564
YPL268W,YJL050W,0,-1.3860855,0.12361623346805573,0.8758170008659363,0.6209150552749634
YOR196C,YKR045C,0,-1.3866218,0.12350230664014816,0.8758170008659363,0.6215686202049255
YOR095C,YDR034C-D,0,-1.3881915,0.12338858097791672,0.8758170008659363,0.6222222447395325
YGR284C,YDR480W,0,-1.3885937,0.12327507138252258,0.8758170008659363,0.6228758096694946
YFL052W,YKL193C,0,-1.3890096,0.12316176295280457,0.8758170008659363,0.6235294342041016
YOR115C,YDR113C,0,-1.39225,0.12304867058992386,0.8758170008659363,0.6241829991340637
YHL018W,YNL177C,0,-1.3958031,0.12293577939271927,0.8758170008659363,0.6248366236686707
YCR048W,YKL216W,0,-1.3960092,0.12282309681177139,0.8758170008659363,0.6254901885986328
YGL023C,YLR081W,0,-1.39921,0.12271062284708023,0.8758170008659363,0.6261438131332397
YDR382W,YOR088W,0,-1.4013307,0.12259835004806519,0.8758170008659363,0.6267973780632019
YGL208W,YGR098C,0,-1.4031479,0.12248628586530685,0.8758170008659363,0.6274510025978088
YBL084C,YDR365W-B,0,-1.4034235,0.12237443029880524,0.8758170008659363,0.628104567527771
YDL155W,YLR378C,0,-1.4050897,0.12226277589797974,0.8758170008659363,0.6287581920623779
YPL060C-A,YMR134W,0,-1.4065897,0.12215132266283035,0.8758170008659363,0.6294117569923401
YPR164W,YFL008W,0,-1.4069009,0.12204007059335709,0.8758170008659363,0.630065381526947
YHL009C,YHL018W,0,-1.415164,0.12192902714014053,0.8758170008659363,0.6307189464569092
YKL071W,YNL264C,0,-1.4160454,0.1218181848526001,0.8758170008659363,0.6313725709915161
YDL232W,YKL221W,0,-1.4171283,0.12170753628015518,0.8758170008659363,0.6320261359214783
YDR346C,YOR140W,0,-1.418,0.12159709632396698,0.8758170008659363,0.6326797604560852
YDL005C,YCR073C,0,-1.4240905,0.1214868575334549,0.8758170008659363,0.6333333253860474
YBR280C,YBR161W,0,-1.4260515,0.12137681245803833,0.8758170008659363,0.6339869499206543
YDL159W,YLR157C-B,0,-1.4273301,0.12126696854829788,0.8758170008659363,0.6346405148506165
YER078C,YOR208W,0,-1.4288077,0.12115732580423355,0.8758170008659363,0.6352941393852234
YBR073W,YHR203C,0,-1.4359874,0.12104787677526474,0.8758170008659363,0.6359477043151855
YGL255W,YMR283C,0,-1.4380932,0.12093862891197205,0.8758170008659363,0.6366013288497925
YJR152W,YIL157C,0,-1.4399742,0.12082957476377487,0.8758170008659363,0.6372548937797546
YLR393W,YJL100W,0,-1.4402469,0.12072072178125381,0.8758170008659363,0.6379085183143616
YHR032W,YJL020C,0,-1.4413159,0.12061206251382828,0.8758170008659363,0.6385620832443237
YDR446W,YPL108W,0,-1.4426167,0.12050359696149826,0.8758170008659363,0.6392157077789307
YNR012W,YDR488C,0,-1.4436754,0.12039532512426376,0.8758170008659363,0.6398692727088928
YHR072W,YBR110W,0,-1.4488753,0.12028725445270538,0.8758170008659363,0.6405228972434998
YPL024W,YJL076W,0,-1.4507321,0.12017937004566193,0.8758170008659363,0.6411764621734619
YDR385W,YBR079C,0,-1.4523821,0.12007168680429459,0.8758170008659363,0.6418300867080688
YBR152W,YMR291W,0,-1.4530512,0.11996418982744217,0.8758170008659363,0.642483651638031
YIL065C,YPR004C,0,-1.4535242,0.11985688656568527,0.8758170008659363,0.6431372761726379
YGR038C-B,YBR244W,0,-1.4546258,0.1197497770190239,0.8758170008659363,0.6437908411026001
YJL063C,YLR070C,0,-1.4560513,0.11964285373687744,0.8758170008659363,0.644444465637207
YCL062W,YPL181W,0,-1.4560691,0.1195361316204071,0.8758170008659363,0.6450980305671692
YHR134W,YPL032C,0,-1.4564118,0.1194295883178711,0.8758170008659363,0.6457516551017761
YLR297W,YKL092C,0,-1.456976,0.1193232387304306,0.8758170008659363,0.6464052200317383
YLR027C,YLL054C,0,-1.4578602,0.11921708285808563,0.8758170008659363,0.6470588445663452
YGR133W,YPR061C,0,-1.458127,0.11911111325025558,0.8758170008659363,0.6477124094963074
YOR100C,YKL055C,0,-1.4593191,0.11900532990694046,0.8758170008659363,0.6483660340309143
YPR025C,YEL009C,1,-1.4622471,0.11978704482316971,0.8823529481887817,0.6483660340309143
YDR191W,YMR121C,0,-1.4650028,0.11968085169792175,0.8823529481887817,0.6490195989608765
YDR365W-B,YGR132C,0,-1.4668533,0.11957484483718872,0.8823529481887817,0.6496732234954834
YOR083W,YER074W-A,0,-1.4751924,0.11946902424097061,0.8823529481887817,0.6503267884254456
YER048C,YGL022W,0,-1.4760604,0.11936339735984802,0.8823529481887817,0.6509804129600525
YGR038C-B,YBR167C,0,-1.4781742,0.11925794929265976,0.8823529481887817,0.6516339778900146
YNL064C,YMR164C,0,-1.4805973,0.11915269494056702,0.8823529481887817,0.6522876024246216
YMR236W,YNL222W,1,-1.4819431,0.11992945522069931,0.8888888955116272,0.6522876024246216
YLR070C,YBR083W,0,-1.4846365,0.11982379108667374,0.8888888955116272,0.6529411673545837
YNL229C,YGR027W-A,0,-1.4853709,0.11971831321716309,0.8888888955116272,0.6535947918891907
YMR268C,YGR027W-A,0,-1.4856797,0.11961301416158676,0.8888888955116272,0.6542483568191528
YNL071W,YGL012W,0,-1.486001,0.11950790882110596,0.8888888955116272,0.6549019813537598
YAR014C,YPL275W,0,-1.4925575,0.11940298229455948,0.8888888955116272,0.6555555462837219
YMR154C,YNL093W,0,-1.4944525,0.11929824203252792,0.8888888955116272,0.6562091708183289
YLR410W,YNL093W,0,-1.4981711,0.11919368803501129,0.8888888955116272,0.656862735748291
YPL016W,YGR038C-B,0,-1.4989866,0.11908932030200958,0.8888888955116272,0.657516360282898
YJR091C,YHR032W,0,-1.4993176,0.1189851239323616,0.8888888955116272,0.6581699252128601
YPL081W,YGR163W,0,-1.5011451,0.11888112127780914,0.8888888955116272,0.658823549747467
YDR085C,YJL100W,0,-1.5018103,0.11877728998661041,0.8888888955116272,0.6594771146774292
YGR090W,YIL168W,0,-1.5066702,0.1186736449599266,0.8888888955116272,0.6601307392120361
YJL018W,YDR314C,0,-1.5073452,0.11857018619775772,0.8888888955116272,0.6607843041419983
YDR365W-B,YMR231W,0,-1.5083818,0.11846689879894257,0.8888888955116272,0.6614379286766052
YDR034C-D,YGR271C-A,0,-1.5098019,0.11836379766464233,0.8888888955116272,0.6620914936065674
YDL212W,YMR014W,0,-1.5103357,0.11826086789369583,0.8888888955116272,0.6627451181411743
YOR362C,YPL192C,0,-1.5151243,0.11815812438726425,0.8888888955116272,0.6633986830711365
YOR115C,YLR057W,0,-1.5155306,0.1180555522441864,0.8888888955116272,0.6640523076057434
YGL160W,YMR231W,0,-1.5208317,0.11795316636562347,0.8888888955116272,0.6647058725357056
YCR079W,YOR100C,0,-1.5214899,0.11785095185041428,0.8888888955116272,0.6653594970703125
YGR027W-A,YMR231W,0,-1.5252388,0.1177489161491394,0.8888888955116272,0.6660130620002747
YDR202C,YKR092C,0,-1.5287752,0.11764705926179886,0.8888888955116272,0.6666666865348816
YLR157C-B,YER122C,0,-1.5292442,0.11754537373781204,0.8888888955116272,0.6673202514648438
YBR290W,YGR038C-A,0,-1.530044,0.11744386702775955,0.8888888955116272,0.6679738759994507
YDR210W,YIR013C,0,-1.5307767,0.11734253913164139,0.8888888955116272,0.6686274409294128
YGR038C-B,YBR044C,0,-1.5312297,0.11724138259887695,0.8888888955116272,0.6692810654640198
YEL071W,YML065W,0,-1.5312557,0.11714039742946625,0.8888888955116272,0.6699346303939819
YLR157C-B,YMR199W,0,-1.5328559,0.11703958362340927,0.8888888955116272,0.6705882549285889
YKL092C,YBL100W-A,0,-1.5338898,0.11693894863128662,0.8888888955116272,0.671241819858551
YJL137C,YLR148W,0,-1.5378206,0.1168384850025177,0.8888888955116272,0.671895444393158
YLR406C,YBR127C,0,-1.5400825,0.1167382001876831,0.8888888955116272,0.6725490093231201
YBR057C,YDR210W-A,0,-1.5411351,0.11663807928562164,0.8888888955116272,0.673202633857727
YDR349C,YKL035W,0,-1.5415888,0.11653812974691391,0.8888888955116272,0.6738561987876892
YLR157C-B,YCR008W,0,-1.54286,0.1164383590221405,0.8888888955116272,0.6745098233222961
YOL091W,YOR256C,0,-1.543184,0.11633875221014023,0.8888888955116272,0.6751633882522583
YJL010C,YHR062C,0,-1.5434864,0.11623931676149368,0.8888888955116272,0.6758170127868652
YHR062C,YLR210W,0,-1.5438493,0.11614005267620087,0.8888888955116272,0.6764705777168274
YER003C,YPR009W,0,-1.5445781,0.11604095250368118,0.8888888955116272,0.6771242022514343
YCR067C,YDR084C,0,-1.5471325,0.11594203114509583,0.8888888955116272,0.6777777671813965
YDR365W-B,YGR109C,0,-1.5482008,0.1158432736992836,0.8888888955116272,0.6784313917160034
YKL216W,YIL168W,0,-1.5484822,0.1157446801662445,0.8888888955116272,0.6790849566459656
YER069W,YOR339C,0,-1.5493324,0.11564625799655914,0.8888888955116272,0.6797385811805725
YGL055W,YNL229C,0,-1.5502722,0.11554799973964691,0.8888888955116272,0.6803921461105347
YGR038C-A,YMR134W,0,-1.5518687,0.11544991284608841,0.8888888955116272,0.6810457706451416
YBR132C,YPL060C-A,0,-1.5519176,0.11535198986530304,0.8888888955116272,0.6816993355751038
YGR161C-C,YHL013C,0,-1.5543535,0.1152542382478714,0.8888888955116272,0.6823529601097107
YNL169C,YDR180W,0,-1.5568985,0.11515665054321289,0.8888888955116272,0.6830065250396729
YIL082W-A,YOR028C,0,-1.5622623,0.11505921930074692,0.8888888955116272,0.6836601495742798
YOR210W,YJR064W,0,-1.5625467,0.11496195942163467,0.8888888955116272,0.6843137145042419
YML008C,YBR236C,0,-1.572703,0.11486486345529556,0.8888888955116272,0.6849673390388489
YMR079W,YNL254C,0,-1.572705,0.11476793140172958,0.8888888955116272,0.685620903968811
YIL041W,YKR024C,0,-1.5730128,0.11467116326093674,0.8888888955116272,0.686274528503418
YER146W,YJL184W,0,-1.5739923,0.11457455903291702,0.8888888955116272,0.6869280934333801
YGL207W,YDR079C-A,1,-1.5746049,0.1153198629617691,0.8954248428344727,0.6869280934333801
YDL168W,YPL060C-A,0,-1.5749245,0.11522287875413895,0.8954248428344727,0.6875817179679871
YCL019W,YPL158C,0,-1.5754284,0.11512605100870132,0.8954248428344727,0.6882352828979492
YGR038C-A,YBL002W,0,-1.5758536,0.11502938717603683,0.8954248428344727,0.6888889074325562
YOR339C,YJR019C,0,-1.5785427,0.11493288725614548,0.8954248428344727,0.6895424723625183
YDR365W-B,YKL035W,0,-1.5794936,0.11483654379844666,0.8954248428344727,0.6901960968971252
YCL010C,YEL009C,1,-1.5818036,0.11557789146900177,0.9019607901573181,0.6901960968971252
YEL060C,YGR092W,0,-1.5854256,0.1154811680316925,0.9019607901573181,0.6908496618270874
YDR261C-C,YNL270C,0,-1.5861789,0.11538461595773697,0.9019607901573181,0.6915032863616943
YHR141C,YDR324C,0,-1.586843,0.11528822034597397,0.9019607901573181,0.6921568512916565
YGR038C-A,YHL020C,0,-1.587152,0.1151919886469841,0.9019607901573181,0.6928104758262634
YGR161C-C,YNL327W,0,-1.5873936,0.11509591341018677,0.9019607901573181,0.6934640407562256
YLR307W,YGL011C,0,-1.587441,0.11500000208616257,0.9019607901573181,0.6941176652908325
YOR336W,YDR210W-A,0,-1.5911064,0.1149042472243309,0.9019607901573181,0.6947712302207947
YKL208W,YDR210W-A,0,-1.5949357,0.11480864882469177,0.9019607901573181,0.6954248547554016
YHR183W,YBR008C,0,-1.5954554,0.11471321433782578,0.9019607901573181,0.6960784196853638
YGR038C-A,YJL160C,0,-1.5971979,0.11461794376373291,0.9019607901573181,0.6967320442199707
YNL075W,YER001W,0,-1.5973784,0.11452282220125198,0.9019607901573181,0.6973856091499329
YFL062W,YMR052W,0,-1.5973818,0.11442785710096359,0.9019607901573181,0.6980392336845398
YMR251W-A,YGR280C,0,-1.597738,0.11433305591344833,0.9019607901573181,0.698692798614502
YPR158W-A,YPL255W,0,-1.6020916,0.11423841118812561,0.9019607901573181,0.6993464231491089
YHR188C,YBL003C,0,-1.6034527,0.11414392292499542,0.9019607901573181,0.699999988079071
YNR054C,YFL052W,0,-1.6068227,0.11404958367347717,0.9019607901573181,0.700653612613678
YBR056W,YLL028W,0,-1.6094183,0.11395540833473206,0.9019607901573181,0.7013071775436401
YDR365W-B,YPL060C-A,0,-1.613035,0.11386138945817947,0.9019607901573181,0.7019608020782471
YBL100W-A,YKR039W,0,-1.6133981,0.11376751959323883,0.9019607901573181,0.7026143670082092
YDR261C-C,YNL009W,0,-1.6147311,0.11367380619049072,0.9019607901573181,0.7032679915428162
YJL051W,YGR038C-B,0,-1.615101,0.11358024924993515,0.9019607901573181,0.7039215564727783
YCL019W,YLR423C,0,-1.6154747,0.11348684132099152,0.9019607901573181,0.7045751810073853
YLR157C-B,YPL005W,0,-1.6157856,0.11339358985424042,0.9019607901573181,0.7052287459373474
YGL210W-A,YHR001W,0,-1.6160712,0.11330049484968185,0.9019607901573181,0.7058823704719543
YFL022C,YDR206W,0,-1.6182759,0.11320754885673523,0.9019607901573181,0.7065359354019165
YDR524C-B,YMR260C,0,-1.6183317,0.11311475187540054,0.9019607901573181,0.7071895599365234
YBL008W-A,YDR194C,0,-1.6183317,0.11302211135625839,0.9019607901573181,0.7078431248664856
YBL008W-A,YBR236C,0,-1.6183317,0.11292961984872818,0.9019607901573181,0.7084967494010925
YOR343C-B,YPL015C,0,-1.6183317,0.1128372848033905,0.9019607901573181,0.7091503143310547
YMR134W,YCL027C-A,0,-1.6183317,0.11274509876966476,0.9019607901573181,0.7098039388656616
YGR038C-A,YDR314C,0,-1.6183317,0.11265306174755096,0.9019607901573181,0.7104575037956238
YDR210W-D,YBL040C,0,-1.6183317,0.1125611737370491,0.9019607901573181,0.7111111283302307
YDR210W-D,YJL137C,0,-1.6183317,0.11246943473815918,0.9019607901573181,0.7117646932601929
YOR202W,YOR343C-B,0,-1.6183317,0.11237785220146179,0.9019607901573181,0.7124183177947998
YLR157C-A,YCR066W,0,-1.6183317,0.11228641122579575,0.9019607901573181,0.713071882724762
YNL024C-A,YCL038C,0,-1.6183317,0.11219511926174164,0.9019607901573181,0.7137255072593689
YBL008W-A,YDR255C,0,-1.6183317,0.11210398375988007,0.9019607901573181,0.714379072189331
YLR272C,YOR343C-B,0,-1.6183317,0.11201298981904984,0.9019607901573181,0.715032696723938
YDR524C-B,YKL012W,0,-1.6183317,0.11192213743925095,0.9019607901573181,0.7156862616539001
YLR157C-A,YPR061C,0,-1.6183317,0.11183144152164459,0.9019607901573181,0.7163398861885071
YPL192C,YOR343C-B,0,-1.6183317,0.11174088716506958,0.9019607901573181,0.7169934511184692
YBL008W-A,YCR071C,0,-1.6183317,0.1116504818201065,0.9019607901573181,0.7176470756530762
YLR157C-A,YIR003W,0,-1.6183317,0.11156022548675537,0.9019607901573181,0.7183006405830383
YMR119W,YHL009W-A,0,-1.6183317,0.11147011071443558,0.9019607901573181,0.7189542651176453
YBL008W-A,YKL046C,0,-1.6183317,0.11138014495372772,0.9019607901573181,0.7196078300476074
YKL027W,YCL027C-A,0,-1.6183317,0.11129032075405121,0.9019607901573181,0.7202614545822144
YNL024C-A,YOR197W,0,-1.6183317,0.11120064556598663,0.9019607901573181,0.7209150195121765
YKL125W,YHR018C,0,-1.6185989,0.1111111119389534,0.9019607901573181,0.7215686440467834
YER146W,YLR133W,0,-1.6218376,0.11102171987295151,0.9019607901573181,0.7222222089767456
YNL186W,YJL160C,0,-1.6284184,0.11093247681856155,0.9019607901573181,0.7228758335113525
YDR541C,YML008C,0,-1.6339642,0.11084337532520294,0.9019607901573181,0.7235293984413147
YPR101W,YDR171W,0,-1.6360021,0.11075441539287567,0.9019607901573181,0.7241830229759216
YDR339C,YIL065C,0,-1.6409237,0.11066559702157974,0.9019607901573181,0.7248365879058838
YKR003W,YKR046C,0,-1.644775,0.11057692021131516,0.9019607901573181,0.7254902124404907
YNR073C,YBL046W,0,-1.6468642,0.1104883924126625,0.9019607901573181,0.7261437773704529
YBR018C,YJL160C,0,-1.650507,0.1103999987244606,0.9019607901573181,0.7267974019050598
YPR201W,YBR004C,0,-1.6513088,0.11031175404787064,0.9019607901573181,0.727450966835022
YIL031W,YFL003C,0,-1.6558416,0.11022364348173141,0.9019607901573181,0.7281045913696289
YBL097W,YGR289C,0,-1.6566145,0.11013567447662354,0.9019607901573181,0.7287581562995911
YNL177C,YLR066W,0,-1.6587465,0.110047847032547,0.9019607901573181,0.729411780834198
YPL241C,YIL110W,0,-1.6602168,0.1099601611495018,0.9019607901573181,0.7300653457641602
YDR016C,YOR336W,0,-1.6615057,0.10987260937690735,0.9019607901573181,0.7307189702987671
YJL010C,YNL134C,0,-1.6637998,0.10978519916534424,0.9019607901573181,0.7313725352287292
YMR260C,YKL216W,0,-1.6640948,0.10969793051481247,0.9019607901573181,0.7320261597633362
YPR066W,YOR088W,0,-1.6723163,0.10961080342531204,0.9019607901573181,0.7326797246932983
YIL063C,YDR155C,0,-1.6723447,0.10952381044626236,0.9019607901573181,0.7333333492279053
YPR029C,YOR312C,0,-1.6733423,0.10943695157766342,0.9019607901573181,0.7339869141578674
YNR056C,YBR068C,0,-1.6743674,0.10935023427009583,0.9019607901573181,0.7346405386924744
YGR128C,YMR244C-A,0,-1.677506,0.10926365852355957,0.9019607901573181,0.7352941036224365
YNL222W,YDR079C-A,1,-1.6779623,0.10996835678815842,0.9084967374801636,0.7352941036224365
YBR203W,YLL028W,0,-1.6781032,0.10988142341375351,0.9084967374801636,0.7359477281570435
YJR043C,YPL266W,0,-1.6785567,0.10979463160037994,0.9084967374801636,0.7366012930870056
YDR446W,YDL222C,0,-1.6791036,0.10970797389745712,0.9084967374801636,0.7372549176216125
YPL268W,YOL097C,0,-1.6829214,0.10962145030498505,0.9084967374801636,0.7379084825515747
YDR363W,YDR255C,0,-1.6854105,0.10953506827354431,0.9084967374801636,0.7385621070861816
YBL045C,YGL099W,0,-1.6891618,0.10944882035255432,0.9084967374801636,0.7392156720161438
YPR058W,YOR022C,0,-1.6947047,0.10936270654201508,0.9084967374801636,0.7398692965507507
YBR258C,YKL184W,0,-1.6975564,0.10927672684192657,0.9084967374801636,0.7405228614807129
YOL115W,YGR280C,0,-1.6996627,0.10919088870286942,0.9084967374801636,0.7411764860153198
YPR094W,YNL134C,0,-1.7012827,0.1091051772236824,0.9084967374801636,0.741830050945282
YGR121C,YOR010C,0,-1.7014446,0.10901960730552673,0.9084967374801636,0.7424836754798889
YMR266W,YKR046C,0,-1.7030715,0.10893417149782181,0.9084967374801636,0.7431372404098511
YAL032C,YMR251W-A,0,-1.7036705,0.10884886234998703,0.9084967374801636,0.743790864944458
YHR079C-A,YJL010C,0,-1.7065885,0.1087636947631836,0.9084967374801636,0.7444444298744202
YIL114C,YOR171C,0,-1.706984,0.1086786538362503,0.9084967374801636,0.7450980544090271
YNL323W,YML025C,0,-1.7150493,0.10859374701976776,0.9084967374801636,0.7457516193389893
YCR073C,YKR001C,0,-1.7151651,0.10850897431373596,0.9084967374801636,0.7464052438735962
YOR336W,YLR133W,0,-1.7153672,0.10842433571815491,0.9084967374801636,0.7470588088035583
YCR033W,YMR305C,0,-1.7192152,0.1083398312330246,0.9084967374801636,0.7477124333381653
YOL001W,YHR045W,0,-1.7195954,0.10825545340776443,0.9084967374801636,0.7483659982681274
YML066C,YBR199W,0,-1.7213051,0.10817120969295502,0.9084967374801636,0.7490196228027344
YDL052C,YJL092W,0,-1.7227368,0.10808709263801575,0.9084967374801636,0.7496731877326965
YAL001C,YCL010C,1,-1.7228352,0.10878010839223862,0.915032684803009,0.7496731877326965
YLR116W,YBL084C,0,-1.73013,0.10869564861059189,0.915032684803009,0.7503268122673035
YPL256C,YGR091W,0,-1.7368896,0.1086113229393959,0.915032684803009,0.7509803771972656
YKR065C,YKR025W,0,-1.7385395,0.10852713137865067,0.915032684803009,0.7516340017318726
YKL146W,YNL030W,0,-1.7397509,0.10844306647777557,0.915032684803009,0.7522875666618347
YDR079C-A,YOL089C,1,-1.7461905,0.10913312435150146,0.9215686321258545,0.7522875666618347
YJR095W,YKL012W,0,-1.7465068,0.10904872417449951,0.9215686321258545,0.7529411911964417
YGR186W,YOL089C,1,-1.7522168,0.10973724722862244,0.9281045794487,0.7529411911964417
YJR056C,YDR541C,0,-1.7531557,0.10965251177549362,0.9281045794487,0.7535947561264038
YDR221W,YDR119W,0,-1.755497,0.10956790298223495,0.9281045794487,0.7542483806610107
YMR164C,YHL001W,0,-1.7645874,0.10948342084884644,0.9281045794487,0.7549019455909729
YMR263W,YBR021W,0,-1.7650363,0.10939907282590866,0.9281045794487,0.7555555701255798
YPR066W,YNL220W,0,-1.7663221,0.10931485891342163,0.9281045794487,0.756209135055542
YDR113C,YGL097W,0,-1.7674966,0.10923077166080475,0.9281045794487,0.7568627595901489
YCR069W,YML033W,0,-1.7692593,0.10914681106805801,0.9281045794487,0.7575163245201111
YLR332W,YKR003W,0,-1.7714753,0.10906297713518143,0.9281045794487,0.758169949054718
YML126C,YPL162C,0,-1.7716813,0.10897927731275558,0.9281045794487,0.7588235139846802
YNL035C,YNR075W,0,-1.7717768,0.10889570415019989,0.9281045794487,0.7594771385192871
YKL091C,YMR092C,0,-1.7820957,0.10881225764751434,0.9281045794487,0.7601307034492493
YML022W,YHR050W,0,-1.7829845,0.10872894525527954,0.9281045794487,0.7607843279838562
YLR297W,YHR018C,0,-1.7851789,0.10864575207233429,0.9281045794487,0.7614378929138184
YNL053W,YER042W,0,-1.7910075,0.10856269299983978,0.9281045794487,0.7620915174484253
YGL210W-A,YCR034W,0,-1.7961245,0.10847975313663483,0.9281045794487,0.7627450823783875
YJR067C,YBL071W-A,0,-1.7985059,0.10839694738388062,0.9281045794487,0.7633987069129944
YHR019C,YOL113W,0,-1.8016663,0.10831426084041595,0.9281045794487,0.7640522718429565
YCR102C,YBR298C,0,-1.8068578,0.10823170840740204,0.9281045794487,0.7647058963775635
YNL014W,YAL061W,0,-1.8097261,0.10814927518367767,0.9281045794487,0.7653594613075256
YNL126W,YER058W,0,-1.810086,0.10806696861982346,0.9281045794487,0.7660130858421326
YBR216C,YFL018C,0,-1.8175197,0.10798478871583939,0.9281045794487,0.7666666507720947
YKL055C,YHR042W,0,-1.81868,0.10790273547172546,0.9281045794487,0.7673202753067017
YNL222W,YEL009C,1,-1.8312857,0.1085801050066948,0.9346405267715454,0.7673202753067017
YLR378C,YFR044C,0,-1.8324287,0.1084977239370346,0.9346405267715454,0.7679738402366638
YCR067C,YHL013C,0,-1.835726,0.10841546952724457,0.9346405267715454,0.7686274647712708
YOL041C,YML072C,0,-1.8377694,0.10833333432674408,0.9346405267715454,0.7692810297012329
YPL128C,YNL312W,0,-1.8523867,0.10825132578611374,0.9346405267715454,0.7699346542358398
YLR071C,YKR086W,0,-1.85242,0.10816944390535355,0.9346405267715454,0.770588219165802
YCR069W,YBL071W-A,0,-1.8525615,0.1080876812338829,0.9346405267715454,0.7712418437004089
YHR001W,YCR003W,0,-1.8530552,0.10800604522228241,0.9346405267715454,0.7718954086303711
YDR506C,YPR165W,0,-1.8547527,0.10792452841997147,0.9346405267715454,0.772549033164978
YDR085C,YDR488C,0,-1.85653,0.10784313827753067,0.9346405267715454,0.7732025980949402
YNL126W,YBR221C,0,-1.8566208,0.10776186734437943,0.9346405267715454,0.7738562226295471
YMR283C,YHR018C,0,-1.8569007,0.10768072307109833,0.9346405267715454,0.7745097875595093
YIR003W,YLR095C,0,-1.8721471,0.10759969800710678,0.9346405267715454,0.7751634120941162
YFR051C,YGR172C,0,-1.8752924,0.10751879960298538,0.9346405267715454,0.7758169770240784
YOR312C,YJR019C,0,-1.8769403,0.10743801295757294,0.9346405267715454,0.7764706015586853
YKL101W,YDR258C,0,-1.8853922,0.10735736042261124,0.9346405267715454,0.7771241664886475
YDR020C,YIL168W,0,-1.8954291,0.10727681964635849,0.9346405267715454,0.7777777910232544
YGL166W,YDR079C-A,1,-1.9008076,0.10794602334499359,0.9411764740943909,0.7777777910232544
YKL091C,YDR338C,0,-1.9036272,0.10786516964435577,0.9411764740943909,0.7784313559532166
YCR069W,YLR119W,0,-1.905824,0.10778442770242691,0.9411764740943909,0.7790849804878235
YNL003C,YOR303W,0,-1.9124498,0.1077038124203682,0.9411764740943909,0.7797385454177856
YJL123C,YKL184W,0,-1.913481,0.10762331634759903,0.9411764740943909,0.7803921699523926
YLR406C,YIL067C,0,-1.9176924,0.10754293948411942,0.9411764740943909,0.7810457348823547
YNL126W,YPR164W,0,-1.9282224,0.10746268928050995,0.9411764740943909,0.7816993594169617
YNL245C,YDR522C,0,-1.9292164,0.10738255083560944,0.9411764740943909,0.7823529243469238
YIL127C,YKL157W,0,-1.935338,0.10730253159999847,0.9411764740943909,0.7830065488815308
YIL091C,YIR033W,0,-1.9359863,0.10722263902425766,0.9411764740943909,0.7836601138114929
YOR312C,YGL187C,0,-1.9384346,0.1071428582072258,0.9411764740943909,0.7843137383460999
YLL005C,YPL275W,0,-1.9430902,0.10706319659948349,0.9411764740943909,0.784967303276062
YBL102W,YLR155C,0,-1.9515303,0.10698365420103073,0.9411764740943909,0.785620927810669
YGL234W,YBR057C,0,-1.9517674,0.10690423101186752,0.9411764740943909,0.7862744927406311
YOR234C,YLL039C,0,-1.953445,0.10682492703199387,0.9411764740943909,0.786928117275238
YPL212C,YBR154C,0,-1.9611185,0.10674573481082916,0.9411764740943909,0.7875816822052002
YGR059W,YPL270W,0,-1.9638915,0.1066666692495346,0.9411764740943909,0.7882353067398071
YKL071W,YEL071W,0,-1.9651513,0.106587715446949,0.9411764740943909,0.7888888716697693
YBR021W,YJR129C,0,-1.9655609,0.10650887340307236,0.9411764740943909,0.7895424962043762
YGL184C,YBR106W,0,-1.9701474,0.10643015801906586,0.9411764740943909,0.7901960611343384
YOR022C,YBL100W-A,0,-1.9724104,0.10635155439376831,0.9411764740943909,0.7908496856689453
YER016W,YBL071W-A,0,-1.9731486,0.10627306252717972,0.9411764740943909,0.7915032505989075
YGR192C,YCR073C,0,-1.9743721,0.10619468986988068,0.9411764740943909,0.7921568751335144
YOL008W,YNL030W,0,-1.981898,0.10611643642187119,0.9411764740943909,0.7928104400634766
YCR068W,YKR018C,0,-1.9820154,0.10603829473257065,0.9411764740943909,0.7934640645980835
YKL152C,YKL220C,0,-1.9825604,0.10596026480197906,0.9411764740943909,0.7941176295280457
YOR100C,YJR137C,0,-1.9843588,0.10588235408067703,0.9411764740943909,0.7947712540626526
YNL090W,YCR083W,0,-1.985956,0.10580455511808395,0.9411764740943909,0.7954248189926147
YOL001W,YDR255C,0,-1.9866064,0.10572687536478043,0.9411764740943909,0.7960784435272217
YEL077C,YOR295W,0,-1.9873292,0.10564929991960526,0.9411764740943909,0.7967320084571838
YDL025C,YNL148C,0,-1.9882824,0.10557185113430023,0.9411764740943909,0.7973856329917908
YNR012W,YJL113W,0,-1.988597,0.10549450665712357,0.9411764740943909,0.7980391979217529
YMR121C,YPL158C,0,-1.9899638,0.10541727393865585,0.9411764740943909,0.7986928224563599
YGR186W,YEL009C,1,-1.992048,0.10607168823480606,0.9477124214172363,0.7986928224563599
YLR057W,YOR028C,0,-2.002841,0.10599415004253387,0.9477124214172363,0.799346387386322
YJR091C,YER073W,0,-2.0049288,0.10591673105955124,0.9477124214172363,0.800000011920929
YFL055W,YDL014W,0,-2.0059645,0.10583941638469696,0.9477124214172363,0.8006535768508911
YHR178W,YCR048W,0,-2.007455,0.10576222091913223,0.9477124214172363,0.801307201385498
YOL110W,YJR086W,0,-2.0086954,0.10568512976169586,0.9477124214172363,0.8019607663154602
YGR087C,YHR018C,0,-2.0088391,0.10560815781354904,0.9477124214172363,0.8026143908500671
YPR201W,YGL179C,0,-2.0129995,0.10553129762411118,0.9477124214172363,0.8032679557800293
YBL105C,YBR201W,0,-2.0185335,0.10545454174280167,0.9477124214172363,0.8039215803146362
YGL207W,YEL009C,1,-2.0191057,0.10610464960336685,0.9542483687400818,0.8039215803146362
YPL236C,YPL212C,0,-2.020393,0.10602759569883347,0.9542483687400818,0.8045751452445984
YDR016C,YDR322C-A,0,-2.026984,0.10595065355300903,0.9542483687400818,0.8052287697792053
YKL101W,YCR071C,0,-2.029727,0.10587382316589355,0.9542483687400818,0.8058823347091675
YPL069C,YHR026W,0,-2.032775,0.10579710453748703,0.9542483687400818,0.8065359592437744
YNL186W,YER016W,0,-2.0453994,0.10572049021720886,0.9542483687400818,0.8071895241737366
YAR066W,YPL046C,0,-2.0526311,0.10564399510622025,0.9542483687400818,0.8078431487083435
YDR155C,YDR266C,0,-2.0682027,0.10556760430335999,0.9542483687400818,0.8084967136383057
YML069W,YEL009C,1,-2.0711555,0.10621387511491776,0.9607843160629272,0.8084967136383057
YGL099W,YOR010C,0,-2.0754163,0.10613718628883362,0.9607843160629272,0.8091503381729126
YGL043W,YEL009C,1,-2.0932484,0.10678210854530334,0.9673202633857727,0.8091503381729126
YGL210W-A,YBL009W,0,-2.0976534,0.10670512169599533,0.9673202633857727,0.8098039031028748
YBR298C,YDL201W,0,-2.1017709,0.10662823915481567,0.9673202633857727,0.8104575276374817
YLL005C,YDR363W,0,-2.1065881,0.10655147582292557,0.9673202633857727,0.8111110925674438
YKR013W,YPR165W,0,-2.1084454,0.10647481679916382,0.9673202633857727,0.8117647171020508
YGL208W,YBR021W,0,-2.1139233,0.10639827698469162,0.9673202633857727,0.8124182820320129
YFL031W,YCR070W,0,-2.1159396,0.10632184147834778,0.9673202633857727,0.8130719065666199
YKR099C-A,YOR122C,0,-2.122257,0.1062455102801323,0.9673202633857727,0.813725471496582
YNL071W,YFL002C,0,-2.1250048,0.10616929829120636,0.9673202633857727,0.814379096031189
YGR108W,YOR171C,0,-2.1250644,0.10609319061040878,0.9673202633857727,0.8150326609611511
YGL048C,YMR309C,0,-2.1277843,0.10601719468832016,0.9673202633857727,0.8156862854957581
YDL025C,YCR003W,0,-2.1392314,0.1059413030743599,0.9673202633857727,0.8163398504257202
YML038C,YGL055W,0,-2.1433463,0.10586552321910858,0.9673202633857727,0.8169934749603271
YLR132C,YKL046C,0,-2.1445358,0.10578984767198563,0.9673202633857727,0.8176470398902893
YGR207C,YGL097W,0,-2.1468706,0.10571428388357162,0.9673202633857727,0.8183006644248962
YGR203W,YGR092W,0,-2.1475303,0.10563883185386658,0.9673202633857727,0.8189542293548584
YHR091C,YNL035C,0,-2.1509585,0.10556348413228989,0.9673202633857727,0.8196078538894653
YLR340W,YJL207C,0,-2.1556463,0.10548824071884155,0.9673202633857727,0.8202614188194275
YDL058W,YEL003W,0,-2.161374,0.10541310906410217,0.9673202633857727,0.8209150433540344
YPL009C,YAR066W,0,-2.1680188,0.10533808171749115,0.9673202633857727,0.8215686082839966
YER035W,YDL174C,0,-2.1734087,0.10526315867900848,0.9673202633857727,0.8222222328186035
YMR251W-A,YNL220W,0,-2.1743395,0.10518834739923477,0.9673202633857727,0.8228757977485657
YIL082W-A,YBR199W,0,-2.1815047,0.10511363297700882,0.9673202633857727,0.8235294222831726
YOL013C,YCL027C-A,0,-2.1838543,0.10503903776407242,0.9673202633857727,0.8241829872131348
YBL099W,YHR050W,0,-2.1893294,0.10496453940868378,0.9673202633857727,0.8248366117477417
YKR067W,YOR056C,0,-2.192028,0.10489014536142349,0.9673202633857727,0.8254901766777039
YPL047W,YPL081W,0,-2.1933582,0.10481586307287216,0.9673202633857727,0.8261438012123108
YKL065C,YPL158C,0,-2.1959724,0.10474168509244919,0.9673202633857727,0.826797366142273
YMR119W,YBR298C,0,-2.1968937,0.10466761142015457,0.9673202633857727,0.8274509906768799
YDR385W,YMR134W,0,-2.2007346,0.10459364205598831,0.9673202633857727,0.828104555606842
YFL003C,YMR251W-A,0,-2.2030637,0.10451977699995041,0.9673202633857727,0.828758180141449
YDL132W,YPL230W,0,-2.204424,0.10444601625204086,0.9673202633857727,0.8294117450714111
YDR099W,YJR044C,0,-2.2175055,0.10437235236167908,0.9673202633857727,0.8300653696060181
YBR229C,YKL216W,0,-2.2186697,0.10429880023002625,0.9673202633857727,0.8307189345359802
YLR388W,YKR001C,0,-2.2214162,0.10422535240650177,0.9673202633857727,0.8313725590705872
YHR141C,YLR368W,0,-2.2261217,0.10415200889110565,0.9673202633857727,0.8320261240005493
YNR012W,YBR083W,0,-2.2460494,0.1040787622332573,0.9673202633857727,0.8326797485351562
YMR116C,YGL054C,0,-2.2485783,0.10400561988353729,0.9673202633857727,0.8333333134651184
YDL232W,YER003C,0,-2.2515469,0.10393258184194565,0.9673202633857727,0.8339869379997253
YNL177C,YGL047W,0,-2.253287,0.10385964810848236,0.9673202633857727,0.8346405029296875
YNL257C,YMR202W,0,-2.2536983,0.10378681868314743,0.9673202633857727,0.8352941274642944
YLR406C,YBL071W-A,0,-2.2537866,0.10371408611536026,0.9673202633857727,0.8359476923942566
YMR305C,YPR112C,0,-2.2545502,0.10364145785570145,0.9673202633857727,0.8366013169288635
YKL188C,YHL022C,0,-2.264444,0.1035689264535904,0.9673202633857727,0.8372548818588257
YDR385W,YOR328W,0,-2.2652407,0.1034965068101883,0.9673202633857727,0.8379085063934326
YPR052C,YBR104W,0,-2.2661042,0.10342417657375336,0.9673202633857727,0.8385620713233948
YEL060C,YDL156W,0,-2.2666497,0.10335195809602737,0.9673202633857727,0.8392156958580017
YLR144C,YOR188W,0,-2.2772295,0.10327982902526855,0.9673202633857727,0.8398692607879639
YKR081C,YFL016C,0,-2.2778637,0.10320781171321869,0.9673202633857727,0.8405228853225708
YHL022C,YJL154C,0,-2.2793193,0.10313589125871658,0.9673202633857727,0.841176450252533
YNL209W,YER006W,0,-2.28691,0.10306406766176224,0.9673202633857727,0.8418300747871399
YAL032C,YGL097W,0,-2.2880595,0.10299234837293625,0.9673202633857727,0.842483639717102
YIL073C,YGR092W,0,-2.2883976,0.10292072594165802,0.9673202633857727,0.843137264251709
YPL241C,YBL004W,0,-2.2890437,0.10284920036792755,0.9673202633857727,0.8437908291816711
YJR086W,YER018C,0,-2.2910516,0.10277777910232544,0.9673202633857727,0.8444444537162781
YEL034W,YLR064W,0,-2.2915578,0.10270645469427109,0.9673202633857727,0.8450980186462402
YFR044C,YGR092W,0,-2.2995842,0.1026352271437645,0.9673202633857727,0.8457516431808472
YPR145W,YDR264C,0,-2.3034666,0.10256410390138626,0.9673202633857727,0.8464052081108093
YEL004W,YLR256W,0,-2.304737,0.10249307751655579,0.9673202633857727,0.8470588326454163
YML118W,YBR204C,0,-2.3054256,0.10242214798927307,0.9673202633857727,0.8477123975753784
YOR118W,YGR240C,0,-2.3095047,0.10235131531953812,0.9673202633857727,0.8483660221099854
YLR307W,YLR084C,0,-2.312374,0.10228057950735092,0.9673202633857727,0.8490195870399475
YML066C,YLR340W,0,-2.312593,0.10220994800329208,0.9673202633857727,0.8496732115745544
YHL001W,YJR161C,0,-2.3174734,0.10213940590620041,0.9673202633857727,0.8503267765045166
YMR021C,YMR202W,0,-2.3199508,0.10206896811723709,0.9673202633857727,0.8509804010391235
YPL132W,YDL066W,0,-2.3226426,0.10199861973524094,0.9673202633857727,0.8516339659690857
YPL217C,YLR077W,0,-2.3358748,0.10192837566137314,0.9673202633857727,0.8522875905036926
YHR043C,YHR203C,0,-2.3402202,0.1018582209944725,0.9673202633857727,0.8529411554336548
YDR119W,YBR088C,0,-2.3429499,0.10178817063570023,0.9673202633857727,0.8535947799682617
YLR138W,YDL049C,0,-2.3431158,0.10171820968389511,0.9673202633857727,0.8542483448982239
YLR388W,YGL187C,0,-2.344085,0.10164835304021835,0.9673202633857727,0.8549019694328308
YNR069C,YLR119W,0,-2.3491476,0.10157858580350876,0.9673202633857727,0.855555534362793
YGL234W,YHR050W,0,-2.352744,0.10150891542434692,0.9673202633857727,0.8562091588973999
YNL252C,YBR199W,0,-2.375754,0.10143934190273285,0.9673202633857727,0.8568627238273621
YHL033C,YGL257C,0,-2.376779,0.10136986523866653,0.9673202633857727,0.857516348361969
YNL300W,YML001W,0,-2.385236,0.10130047798156738,0.9673202633857727,0.8581699132919312
YLR210W,YHR203C,0,-2.386449,0.10123118758201599,0.9673202633857727,0.8588235378265381
YIL131C,YDR302W,0,-2.3869677,0.10116199404001236,0.9673202633857727,0.8594771027565002
YHL001W,YML118W,0,-2.3998177,0.10109289735555649,0.9673202633857727,0.8601307272911072
YDR293C,YJL160C,0,-2.4024427,0.10102389007806778,0.9673202633857727,0.8607842922210693
YDL193W,YOR298C-A,0,-2.407019,0.10095497965812683,0.9673202633857727,0.8614379167556763
YML078W,YGR109C,0,-2.4076312,0.10088615864515305,0.9673202633857727,0.8620914816856384
YBR132C,YML075C,0,-2.4195495,0.10081744194030762,0.9673202633857727,0.8627451062202454
YAL001C,YEL009C,1,-2.422399,0.1014295443892479,0.9738562107086182,0.8627451062202454
YPL081W,YIR008C,0,-2.4278724,0.10136054456233978,0.9738562107086182,0.8633986711502075
YNL069C,YLR340W,0,-2.4349325,0.10129164159297943,0.9738562107086182,0.8640522956848145
YBR019C,YML033W,0,-2.4362216,0.10122282803058624,0.9738562107086182,0.8647058606147766
YGL250W,YNL083W,0,-2.4426394,0.10115410387516022,0.9738562107086182,0.8653594851493835
YAL032C,YGR289C,0,-2.4594934,0.10108548402786255,0.9738562107086182,0.8660130500793457
YIR003W,YER141W,0,-2.4653983,0.10101694613695145,0.9738562107086182,0.8666666746139526
YHR098C,YML025C,0,-2.4717698,0.1009485125541687,0.9738562107086182,0.8673202395439148
YKR013W,YKR087C,0,-2.4769032,0.10088016092777252,0.9738562107086182,0.8679738640785217
YMR236W,YEL009C,1,-2.477311,0.10148850083351135,0.9803921580314636,0.8679738640785217
YCR017C,YDL014W,0,-2.4791849,0.10141988098621368,0.9803921580314636,0.8686274290084839
YBR244W,YGL175C,0,-2.4888754,0.10135135054588318,0.9803921580314636,0.8692810535430908
YPR145W,YKL211C,0,-2.4917288,0.10128291696310043,0.9803921580314636,0.869934618473053
YLL015W,YNL270C,0,-2.4945588,0.10121457278728485,0.9803921580314636,0.8705882430076599
YDL079C,YOR336W,0,-2.497046,0.10114632546901703,0.9803921580314636,0.8712418079376221
YGR287C,YOR173W,0,-2.4987683,0.10107816755771637,0.9803921580314636,0.871895432472229
YJL159W,YNL152W,0,-2.4997165,0.10101009905338287,0.9803921580314636,0.8725489974021912
YOR130C,YIL073C,0,-2.5132718,0.10094212740659714,0.9803921580314636,0.8732026219367981
YJR137C,YLR089C,0,-2.5133965,0.10087424516677856,0.9803921580314636,0.8738561868667603
YJL028W,YNL312W,0,-2.5172343,0.10080645233392715,0.9803921580314636,0.8745098114013672
YBR293W,YDR540C,0,-2.5216987,0.10073874890804291,0.9803921580314636,0.8751633763313293
YIL158W,YNR051C,0,-2.5238757,0.10067114233970642,0.9803921580314636,0.8758170008659363
YOR328W,YDR382W,0,-2.5240483,0.1006036251783371,0.9803921580314636,0.8764705657958984
YBR056W,YKL084W,0,-2.5320718,0.10053618997335434,0.9803921580314636,0.8771241903305054
YNL069C,YMR113W,0,-2.5427334,0.10046885162591934,0.9803921580314636,0.8777777552604675
YBL045C,YMR278W,0,-2.5431058,0.1004016101360321,0.9803921580314636,0.8784313797950745
YAR071W,YNL005C,0,-2.5461583,0.10033445060253143,0.9803921580314636,0.8790849447250366
YPL164C,YNL030W,0,-2.5484254,0.10026738047599792,0.9803921580314636,0.8797385692596436
YNL069C,YHR001W,0,-2.5485327,0.10020039975643158,0.9803921580314636,0.8803921341896057
YAR066W,YMR251W-A,0,-2.554033,0.1001335084438324,0.9803921580314636,0.8810457587242126
YNL083W,YOR133W,0,-2.5561144,0.10006671398878098,0.9803921580314636,0.8816993236541748
YPR052C,YDL239C,0,-2.560726,0.10000000149011612,0.9803921580314636,0.8823529481887817
YPL029W,YPR124W,0,-2.5653205,0.09993337839841843,0.9803921580314636,0.8830065131187439
YJL051W,YOL033W,0,-2.5673394,0.0998668447136879,0.9803921580314636,0.8836601376533508
YPL265W,YER170W,0,-2.5799484,0.09980040043592453,0.9803921580314636,0.884313702583313
YHR107C,YBR018C,0,-2.585909,0.09973404556512833,0.9803921580314636,0.8849673271179199
YIL015W,YDL161W,0,-2.5937464,0.09966777265071869,0.9803921580314636,0.8856208920478821
YBR293W,YDL239C,0,-2.5959232,0.09960159659385681,0.9803921580314636,0.886274516582489
YBL042C,YFL062W,0,-2.604449,0.0995355024933815,0.9803921580314636,0.8869280815124512
YHR063C,YMR202W,0,-2.6108046,0.09946949779987335,0.9803921580314636,0.8875817060470581
YMR113W,YDR382W,0,-2.6124694,0.09940357506275177,0.9803921580314636,0.8882352709770203
YGR152C,YML033W,0,-2.6197999,0.09933774918317795,0.9803921580314636,0.8888888955116272
YDR216W,YER001W,0,-2.6230924,0.09927200525999069,0.9803921580314636,0.8895424604415894
YDR339C,YDR316W,0,-2.6341648,0.0992063507437706,0.9803921580314636,0.8901960849761963
YLR320W,YMR244C-A,0,-2.6407695,0.09914077818393707,0.9803921580314636,0.8908496499061584
YPL266W,YML111W,0,-2.6500015,0.09907529503107071,0.9803921580314636,0.8915032744407654
YBR132C,YBL016W,0,-2.6632385,0.09900990128517151,0.9803921580314636,0.8921568393707275
YGR157W,YGL047W,0,-2.664083,0.09894458949565887,0.9803921580314636,0.8928104639053345
YGR157W,YPL037C,0,-2.6857278,0.0988793671131134,0.9803921580314636,0.8934640288352966
YGL208W,YOR035C,0,-2.691748,0.0988142266869545,0.9803921580314636,0.8941176533699036
YBR021W,YMR277W,0,-2.7027152,0.09874917566776276,0.9803921580314636,0.8947712182998657
YPR020W,YNL220W,0,-2.708374,0.09868421405553818,0.9803921580314636,0.8954248428344727
YKL137W,YFR044C,0,-2.7111142,0.09861932694911957,0.9803921580314636,0.8960784077644348
YDL004W,YJR007W,0,-2.7212574,0.09855453670024872,0.9803921580314636,0.8967320322990417
YDR311W,YEL009C,1,-2.7386823,0.09914641827344894,0.9869281053543091,0.8967320322990417
YKL152C,YNL270C,0,-2.7444808,0.0990813672542572,0.9869281053543091,0.8973855972290039
YGR109C,YOR307C,0,-2.7573187,0.09901639074087143,0.9869281053543091,0.8980392217636108
YMR011W,YDL213C,0,-2.7699585,0.09895150363445282,0.9869281053543091,0.898692786693573
YKL086W,YDR141C,0,-2.772385,0.09888670593500137,0.9869281053543091,0.8993464112281799
YJL145W,YMR024W,0,-2.7730687,0.09882199019193649,0.9869281053543091,0.8999999761581421
YLR423C,YNL315C,0,-2.7780843,0.09875735640525818,0.9869281053543091,0.900653600692749
YHR141C,YNR036C,0,-2.7807312,0.09869281202554703,0.9869281053543091,0.9013071656227112
YLR205C,YML111W,0,-2.790509,0.09862834960222244,0.9869281053543091,0.9019607901573181
YKL096W,YOR255W,0,-2.7921934,0.09856396913528442,0.9869281053543091,0.9026143550872803
YGR148C,YGL121C,0,-2.7996993,0.09849967062473297,0.9869281053543091,0.9032679796218872
YMR189W,YDR225W,0,-2.8283546,0.09843546152114868,0.9869281053543091,0.9039215445518494
YIL015W,YMR305C,0,-2.8285291,0.09837133437395096,0.9869281053543091,0.9045751690864563
YEL063C,YJL138C,0,-2.8370094,0.0983072891831398,0.9869281053543091,0.9052287340164185
YGL134W,YHR203C,0,-2.842853,0.0982433333992958,0.9869281053543091,0.9058823585510254
YHR216W,YFL050C,0,-2.8519018,0.09817945212125778,0.9869281053543091,0.9065359234809875
YKR092C,YGR195W,0,-2.8573859,0.09811566025018692,0.9869281053543091,0.9071895480155945
YHR063C,YDL104C,0,-2.8738446,0.09805195033550262,0.9869281053543091,0.9078431129455566
YHR183W,YNL134C,0,-2.876795,0.0979883223772049,0.9869281053543091,0.9084967374801636
YOL008W,YOR056C,0,-2.8827279,0.09792477637529373,0.9869281053543091,0.9091503024101257
YGL234W,YKL222C,0,-2.8873057,0.09786131232976913,0.9869281053543091,0.9098039269447327
YFL034C-A,YDR037W,0,-2.8917434,0.0977979302406311,0.9869281053543091,0.9104574918746948
YML064C,YLR340W,0,-2.8924117,0.09773463010787964,0.9869281053543091,0.9111111164093018
YNR073C,YOL049W,0,-2.8986826,0.09767141193151474,0.9869281053543091,0.9117646813392639
YAR003W,YOR100C,0,-2.907672,0.09760827571153641,0.9869281053543091,0.9124183058738708
YML110C,YBL004W,0,-2.9099212,0.09754522144794464,0.9869281053543091,0.913071870803833
YCR102C,YEL046C,0,-2.916557,0.09748224914073944,0.9869281053543091,0.9137254953384399
YMR079W,YJR152W,0,-2.925788,0.09741935133934021,0.9869281053543091,0.9143790602684021
YPL047W,YLR406C,0,-2.9286723,0.09735654294490814,0.9869281053543091,0.915032684803009
YDR446W,YGL100W,0,-2.932876,0.09729381650686264,0.9869281053543091,0.9156862497329712
YHR141C,YLR205C,0,-2.950422,0.09723116457462311,0.9869281053543091,0.9163398742675781
YER019W,YOL113W,0,-2.954205,0.09716859459877014,0.9869281053543091,0.9169934391975403
YOL041C,YDL174C,0,-2.9547043,0.09710610657930374,0.9869281053543091,0.9176470637321472
YDR385W,YBR203W,0,-2.9660375,0.09704370051622391,0.9869281053543091,0.9183006286621094
YPR140W,YOR073W,0,-2.9713492,0.09698137640953064,0.9869281053543091,0.9189542531967163
YLR408C,YGR240C,0,-2.9935644,0.09691912680864334,0.9869281053543091,0.9196078181266785
YKL152C,YJL115W,0,-3.0010834,0.09685695916414261,0.9869281053543091,0.9202614426612854
YMR202W,YLL042C,0,-3.0035286,0.09679487347602844,0.9869281053543091,0.9209150075912476
YPL023C,YML024W,0,-3.0074239,0.09673286229372025,0.9869281053543091,0.9215686321258545
YLR340W,YLR022C,0,-3.0658336,0.09667093306779861,0.9869281053543091,0.9222221970558167
YML131W,YOL148C,0,-3.075853,0.09660908579826355,0.9869281053543091,0.9228758215904236
YCR028C-A,YEL071W,0,-3.0875497,0.09654731303453445,0.9869281053543091,0.9235293865203857
YDL168W,YPR164W,0,-3.0905576,0.09648562222719193,0.9869281053543091,0.9241830110549927
YBR132C,YJR129C,0,-3.103852,0.09642401337623596,0.9869281053543091,0.9248365759849548
YAR066W,YOR010C,0,-3.117455,0.09636247903108597,0.9869281053543091,0.9254902005195618
YOL077W-A,YOL058W,0,-3.1186092,0.09630101919174194,0.9869281053543091,0.9261437654495239
YGR249W,YLR178C,0,-3.1225982,0.09623964130878448,0.9869281053543091,0.9267973899841309
YDR316W,YOL058W,0,-3.1239307,0.09617834538221359,0.9869281053543091,0.927450954914093
YKL193C,YOR375C,0,-3.1265013,0.09611712396144867,0.9869281053543091,0.9281045794487
YJL051W,YOR190W,0,-3.1310816,0.09605597704648972,0.9869281053543091,0.9287581443786621
YGL001C,YAL014C,0,-3.1637485,0.09599491208791733,0.9869281053543091,0.929411768913269
YNR032W,YGL097W,0,-3.176497,0.0959339290857315,0.9869281053543091,0.9300653338432312
YNL305C,YPL249C,0,-3.1862695,0.09587301313877106,0.9869281053543091,0.9307189583778381
YJR047C,YKL055C,0,-3.1884024,0.09581217914819717,0.9869281053543091,0.9313725233078003
YNL069C,YMR278W,0,-3.1979017,0.09575142711400986,0.9869281053543091,0.9320261478424072
YGL022W,YOR100C,0,-3.2059522,0.09569074958562851,0.9869281053543091,0.9326797127723694
YGR059W,YMR030W,0,-3.213925,0.09563014656305313,0.9869281053543091,0.9333333373069763
YMR024W,YFL034C-A,0,-3.2166295,0.09556961804628372,0.9869281053543091,0.9339869022369385
YBL040C,YBR079C,0,-3.2235675,0.09550917148590088,0.9869281053543091,0.9346405267715454
YIL099W,YHR141C,0,-3.2280796,0.095448799431324,0.9869281053543091,0.9352940917015076
YLR084C,YPL170W,0,-3.2360384,0.0953885018825531,0.9869281053543091,0.9359477162361145
YHL022C,YMR092C,0,-3.239735,0.09532828629016876,0.9869281053543091,0.9366012811660767
YGL086W,YNL305C,0,-3.240111,0.0952681377530098,0.9869281053543091,0.9372549057006836
YMR260C,YFL003C,0,-3.2565255,0.0952080711722374,0.9869281053543091,0.9379084706306458
YNL209W,YDL226C,0,-3.264045,0.09514807909727097,0.9869281053543091,0.9385620951652527
YOR361C,YHR019C,0,-3.2765062,0.0950881615281105,0.9869281053543091,0.9392156600952148
YLR298C,YKL216W,0,-3.2978268,0.09502831846475601,0.9869281053543091,0.9398692846298218
YKL025C,YGL008C,0,-3.3068666,0.09496854990720749,0.9869281053543091,0.9405228495597839
YGL017W,YGL008C,0,-3.3145652,0.09490886330604553,0.9869281053543091,0.9411764740943909
YGR087C,YIR013C,0,-3.3191435,0.09484924376010895,0.9869281053543091,0.941830039024353
YGL001C,YNL071W,0,-3.3236718,0.09478970617055893,0.9869281053543091,0.94248366355896
YCL030C,YBR179C,0,-3.3275928,0.09473023563623428,0.9869281053543091,0.9431372284889221
YGL134W,YDL064W,0,-3.3326216,0.0946708470582962,0.9869281053543091,0.943790853023529
YLR340W,YKL101W,0,-3.3480256,0.0946115255355835,0.9869281053543091,0.9444444179534912
YCL040W,YNL083W,0,-3.3511567,0.09455228596925735,0.9869281053543091,0.9450980424880981
YNR073C,YLL036C,0,-3.3541741,0.09449311345815659,0.9869281053543091,0.9457516074180603
YGR192C,YLR341W,0,-3.3825808,0.09443402290344238,0.9869281053543091,0.9464052319526672
YBR167C,YKR042W,0,-3.3996308,0.09437499940395355,0.9869281053543091,0.9470587968826294
YOL006C,YML008C,0,-3.4025586,0.09431605041027069,0.9869281053543091,0.9477124214172363
YJR159W,YLR110C,0,-3.430594,0.0942571759223938,0.9869281053543091,0.9483659863471985
YLR424W,YBL027W,0,-3.464191,0.09419837594032288,0.9869281053543091,0.9490196108818054
YLR135W,YBL002W,0,-3.4655752,0.09413965046405792,0.9869281053543091,0.9496731758117676
YDR184C,YFL008W,0,-3.4851031,0.09408099949359894,0.9869281053543091,0.9503268003463745
YPL037C,YGL257C,0,-3.5520124,0.09402241557836533,0.9869281053543091,0.9509803652763367
YKR013W,YLR117C,0,-3.5525944,0.09396390616893768,0.9869281053543091,0.9516339898109436
YDR488C,YDL214C,0,-3.5731106,0.09390547126531601,0.9869281053543091,0.9522875547409058
YGR287C,YPR151C,0,-3.5907042,0.0938471108675003,0.9869281053543091,0.9529411792755127
YKR013W,YCR089W,0,-3.6083035,0.09378881752490997,0.9869281053543091,0.9535947442054749
YHR084W,YHR128W,0,-3.6096632,0.09373059868812561,0.9869281053543091,0.9542483687400818
YMR104C,YEL004W,0,-3.6159134,0.09367245435714722,0.9869281053543091,0.954901933670044
YOL089C,YEL009C,1,-3.6344056,0.09423434734344482,0.9934640526771545,0.954901933670044
YOR234C,YBL101C,0,-3.647194,0.09417595714330673,0.9934640526771545,0.9555555582046509
YDR322C-A,YGR198W,0,-3.6769798,0.0941176488995552,0.9934640526771545,0.956209123134613
YKL167C,YOL058W,0,-3.6814713,0.09405940771102905,0.9934640526771545,0.95686274766922
YGL166W,YEL009C,1,-3.6947532,0.09461966902017593,1.0,0.95686274766922
YOR178C,YJL076W,0,-3.6974225,0.09456118941307068,1.0,0.9575163125991821
YCR034W,YJR019C,0,-3.7177935,0.0945027768611908,1.0,0.9581699371337891
YJL104W,YDL191W,0,-3.7264154,0.09444444626569748,1.0,0.9588235020637512
YGR240C,YPR065W,0,-3.7358713,0.09438618272542953,1.0,0.9594771265983582
YGR192C,YAR003W,0,-3.7612996,0.09432799369096756,1.0,0.9601306915283203
YMR323W,YDR037W,0,-3.7705343,0.09426987171173096,1.0,0.9607843160629272
YJR047C,YNL047C,0,-3.7800975,0.09421182423830032,1.0,0.9614378809928894
YIL117C,YKL025C,0,-3.812861,0.09415384382009506,1.0,0.9620915055274963
YBR203W,YLR340W,0,-3.8249464,0.09409593790769577,1.0,0.9627450704574585
YMR199W,YHR176W,0,-3.8319185,0.09403810650110245,1.0,0.9633986949920654
YHL001W,YGR280C,0,-3.869425,0.0939803421497345,1.0,0.9640522599220276
YEL011W,YPL012W,0,-3.9051816,0.09392265230417252,1.0,0.9647058844566345
YGR192C,YOL060C,0,-3.976239,0.09386502951383591,1.0,0.9653594493865967
YDR184C,YEL011W,0,-3.99508,0.09380748122930527,1.0,0.9660130739212036
YER048C,YMR116C,0,-4.00745,0.09375,1.0,0.9666666388511658
YCL040W,YNL329C,0,-4.0095506,0.0936925932765007,1.0,0.9673202633857727
YGR209C,YKL221W,0,-4.0448523,0.09363525360822678,1.0,0.9679738283157349
YGL001C,YNR049C,0,-4.0583673,0.09357798099517822,1.0,0.9686274528503418
YNL186W,YGR195W,0,-4.069362,0.09352078288793564,1.0,0.969281017780304
YJL177W,YKL065C,0,-4.0777926,0.09346365183591843,1.0,0.9699346423149109
YIL162W,YNL148C,0,-4.112103,0.09340659528970718,1.0,0.970588207244873
YNL124W,YLR136C,0,-4.124709,0.09334960579872131,1.0,0.97124183177948
YLR423C,YNL241C,0,-4.138665,0.09329268336296082,1.0,0.9718953967094421
YER011W,YOL137W,0,-4.177414,0.09323583543300629,1.0,0.9725490212440491
YDR506C,YFR044C,0,-4.2008705,0.09317904710769653,1.0,0.9732025861740112
YKL188C,YHR039C,0,-4.2106442,0.09312234073877335,1.0,0.9738562107086182
YLR320W,YOR293W,0,-4.218658,0.09306569397449493,1.0,0.9745097756385803
YAR008W,YDL014W,0,-4.2815013,0.09300912171602249,1.0,0.9751634001731873
YHR007C,YJR159W,0,-4.3106103,0.09295260906219482,1.0,0.9758169651031494
YGR257C,YKL216W,0,-4.3297586,0.09289617836475372,1.0,0.9764705896377563
YLR406C,YBR088C,0,-4.3524528,0.0928398072719574,1.0,0.9771241545677185
YGR133W,YLR449W,0,-4.369303,0.09278350323438644,1.0,0.9777777791023254
YPL249C-A,YKL055C,0,-4.4753137,0.09272727370262146,1.0,0.9784313440322876
YML078W,YDR382W,0,-4.4757876,0.09267111122608185,1.0,0.9790849685668945
YLR077W,YCR034W,0,-4.478019,0.09261501580476761,1.0,0.9797385334968567
YGR172C,YHR128W,0,-4.49211,0.09255897998809814,1.0,0.9803921580314636
YDL194W,YOR133W,0,-4.501967,0.09250302612781525,1.0,0.9810457229614258
YIR013C,YOL148C,0,-4.5394726,0.09244713187217712,1.0,0.9816993474960327
YPL217C,YLR388W,0,-4.553345,0.09239130467176437,1.0,0.9823529124259949
YOL091W,YNR075W,0,-4.5789146,0.092335544526577,1.0,0.9830065369606018
YMR030W,YMR251W-A,0,-4.625137,0.09227985888719559,1.0,0.983660101890564
YGR108W,YNL177C,0,-4.6445065,0.09222423285245895,1.0,0.9843137264251709
YGL255W,YNL312W,0,-4.6566734,0.09216867387294769,1.0,0.9849672913551331
YBR132C,YML126C,0,-4.7063074,0.0921131819486618,1.0,0.98562091588974
YGR059W,YJL100W,0,-4.729408,0.09205776453018188,1.0,0.9862744808197021
YGR049W,YPR181C,0,-4.777607,0.09200240671634674,1.0,0.9869281053543091
YGR284C,YGR256W,0,-4.8170476,0.09194711595773697,1.0,0.9875816702842712
YLR307W,YCR033W,0,-4.8200445,0.09189189225435257,1.0,0.9882352948188782
YLR069C,YML026C,0,-4.855578,0.09183673560619354,1.0,0.9888888597488403
YHR019C,YDR363W,0,-4.9565926,0.09178164601325989,1.0,0.9895424842834473
YDR489W,YPL079W,0,-5.0521793,0.09172661602497101,1.0,0.9901960492134094
YDL126C,YGR249W,0,-5.1013765,0.0916716605424881,1.0,0.9908496737480164
YOL039W,YBR167C,0,-5.1580896,0.09161676466464996,1.0,0.9915032386779785
YGR195W,YOR293W,0,-5.2132697,0.0915619358420372,1.0,0.9921568632125854
YLR128W,YDR450W,0,-5.244844,0.09150717407464981,1.0,0.9928104281425476
YOR144C,YOR234C,0,-5.381382,0.09145247936248779,1.0,0.9934640526771545
YHL033C,YMR162C,0,-5.6220183,0.09139785170555115,1.0,0.9941176176071167
YKL127W,YBR068C,0,-5.7591996,0.09134328365325928,1.0,0.9947712421417236
YOL039W,YDR180W,0,-5.927376,0.09128878265619278,1.0,0.9954248070716858
YNL069C,YIL073C,0,-5.9965043,0.09123434871435165,1.0,0.9960784316062927
YOR293W,YDR291W,0,-6.2575345,0.0911799743771553,1.0,0.9967319965362549
YLR423C,YDL014W,0,-6.388728,0.09112566709518433,1.0,0.9973856210708618
YLR307W,YBL045C,0,-6.4607506,0.09107142686843872,1.0,0.998039186000824
YIL066C,YML075C,0,-6.6029434,0.09101725369691849,1.0,0.9986928105354309
YHR216W,YIL099W,0,-7.217637,0.09096314013004303,1.0,0.9993463754653931
YEL011W,YLR372W,0,-7.707676,0.09090909361839294,1.0,1.0
