Gene A,Gene B,Label,Score,Precision,Recall,False Positive Rate
YPL040C,YPR047W,1,36.889416,1.0,0.001422475092113018,0.0
YPL040C,YNL247W,1,27.648403,1.0,0.002844950184226036,0.0
YLR060W,YPL040C,1,26.443134,1.0,0.004267425276339054,0.0
YNL247W,YGR264C,1,25.467712,1.0,0.005689900368452072,0.0
YPL040C,YIL078W,1,24.456623,1.0,0.00711237546056509,0.0
YDR023W,YPR081C,1,23.957684,1.0,0.008534850552678108,0.0
YLR382C,YNL247W,1,23.373188,1.0,0.009957325644791126,0.0
YPL040C,YGR094W,1,22.210415,1.0,0.011379800736904144,0.0
YPR033C,YPL040C,1,21.820469,1.0,0.012802275829017162,0.0
YLR382C,YPR081C,1,21.72519,1.0,0.01422475092113018,0.0
YPL040C,YDR268W,1,21.176193,1.0,0.015647226944565773,0.0
YPL040C,YPL097W,1,20.758326,1.0,0.017069701105356216,0.0
YCR024C,YPR047W,1,20.636375,1.0,0.01849217712879181,0.0
YNL247W,YPL097W,1,20.482035,1.0,0.019914651289582253,0.0
YOR335C,YPR081C,1,20.462082,1.0,0.021337127313017845,0.0
YPR047W,YNL247W,1,20.304543,1.0,0.02275960147380829,0.0
YPL040C,YGL245W,1,20.157959,1.0,0.02418207749724388,0.0
YHR091C,YPL040C,1,19.722775,1.0,0.025604551658034325,0.0
YPL040C,YDR023W,1,19.645493,1.0,0.027027027681469917,0.0
YPL040C,YCR024C,1,19.537762,1.0,0.02844950184226036,0.0
YLR382C,YHR011W,1,19.349045,1.0,0.029871977865695953,0.0
YPL040C,YDR037W,1,19.333776,1.0,0.031294453889131546,0.0
YPL040C,YGR264C,1,18.64745,1.0,0.03271692618727684,0.0
YLR382C,YPR047W,1,18.257498,1.0,0.03413940221071243,0.0
YPR047W,YDR268W,1,18.190853,1.0,0.035561878234148026,0.0
YKL194C,YPR081C,1,18.158184,1.0,0.03698435425758362,0.0
YPR047W,YPL097W,1,18.026289,1.0,0.03840682655572891,0.0
YLR382C,YDR268W,1,18.001133,1.0,0.039829302579164505,0.0
YPR047W,YOL033W,1,17.981638,1.0,0.0412517786026001,0.0
YOR335C,YIL078W,1,17.712767,1.0,0.04267425462603569,0.0
YGR094W,YGR264C,1,17.540855,1.0,0.044096726924180984,0.0
YPR047W,YPR081C,1,17.355247,1.0,0.04551920294761658,0.0
YLR382C,YCR024C,1,17.25323,1.0,0.04694167897105217,0.0
YPL040C,YPR081C,1,16.777111,1.0,0.04836415499448776,0.0
YPR047W,YBR121C,1,16.706738,1.0,0.04978662729263306,0.0
YCR024C,YOR335C,1,16.648724,1.0,0.05120910331606865,0.0
YLR382C,YDR037W,1,16.582481,1.0,0.05263157933950424,0.0
YPL040C,YFL022C,1,16.420837,1.0,0.054054055362939835,0.0
YPL040C,YHR019C,1,16.386383,1.0,0.05547652766108513,0.0
YPR047W,YDR023W,1,16.322605,1.0,0.05689900368452072,0.0
YPL040C,YHR011W,1,16.317904,1.0,0.058321479707956314,0.0
YPL040C,YOR335C,1,16.253757,1.0,0.05974395573139191,0.0
YLR382C,YPL040C,1,16.135387,1.0,0.0611664280295372,0.0
YLR382C,YKL194C,1,16.127918,1.0,0.06258890777826309,0.0
YNL247W,YPR081C,1,15.968449,1.0,0.06401138007640839,0.0
YNL247W,YBR121C,1,15.872536,1.0,0.06543385237455368,0.0
YNL247W,YHR019C,1,15.74618,1.0,0.06685633212327957,0.0
YDR037W,YDR023W,1,15.737507,1.0,0.06827880442142487,0.0
YGR094W,YPR081C,1,15.700466,1.0,0.06970127671957016,0.0
YLR382C,YHR091C,1,15.598158,1.0,0.07112375646829605,0.0
YPL040C,YKL194C,1,15.443802,1.0,0.07254622876644135,0.0
YPR047W,YFL022C,1,15.429873,1.0,0.07396870851516724,0.0
YHR091C,YPR047W,1,15.300417,1.0,0.07539118081331253,0.0
YPR033C,YNL247W,1,15.118235,1.0,0.07681365311145782,0.0
YPR047W,YIL078W,1,15.077292,1.0,0.07823613286018372,0.0
YGL245W,YKL194C,1,15.069905,1.0,0.07965860515832901,0.0
YHR019C,YPR081C,1,15.039442,1.0,0.0810810774564743,0.0
YNL247W,YDR023W,1,14.999367,1.0,0.0825035572052002,0.0
YPR033C,YPR047W,1,14.998391,1.0,0.08392602950334549,0.0
YLR382C,YPL097W,1,14.81583,1.0,0.08534850925207138,0.0
YHR019C,YDR023W,1,14.625883,1.0,0.08677098155021667,0.0
YPR047W,YDR037W,1,14.501544,1.0,0.08819345384836197,0.0
YNL247W,YFL022C,1,14.459452,1.0,0.08961593359708786,0.0
YHR011W,YGR094W,1,14.3964815,1.0,0.09103840589523315,0.0
YGL245W,YPR047W,1,14.367535,1.0,0.09246088564395905,0.0
YJR009C,YBR161W,0,14.333286,0.9848484992980957,0.09246088564395905,0.00014224751794245094
YPR047W,YER028C,0,14.315775,0.9701492786407471,0.09246088564395905,0.0002844950358849019
YBR121C,YDR023W,1,14.241662,0.970588207244873,0.09388335794210434,0.0002844950358849019
YGL105W,YPR081C,1,14.222324,0.9710144996643066,0.09530583024024963,0.0002844950358849019
YPR033C,YPR081C,1,14.207872,0.9714285731315613,0.09672830998897552,0.0002844950358849019
YLR382C,YGR094W,1,14.166323,0.9718309640884399,0.09815078228712082,0.0002844950358849019
YKL178C,YCR033W,0,14.134697,0.9583333134651184,0.09815078228712082,0.0004267425392754376
YCR024C,YPL097W,1,14.098412,0.9589040875434875,0.09957325458526611,0.0004267425392754376
YOL033W,YDR037W,1,14.096033,0.9594594836235046,0.100995734333992,0.0004267425392754376
YLR382C,YOR335C,1,14.038291,0.9599999785423279,0.1024182066321373,0.0004267425392754376
YPL040C,YOL033W,1,13.996276,0.9605262875556946,0.10384068638086319,0.0004267425392754376
YCR024C,YHR019C,1,13.973167,0.9610389471054077,0.10526315867900848,0.0004267425392754376
YPR033C,YCR024C,1,13.933995,0.9615384340286255,0.10668563097715378,0.0004267425392754376
YOR335C,YBR121C,1,13.907087,0.9620253443717957,0.10810811072587967,0.0004267425392754376
YDR268W,YDR023W,1,13.9043455,0.9624999761581421,0.10953058302402496,0.0004267425392754376
YLR382C,YDR023W,1,13.890537,0.9629629850387573,0.11095305532217026,0.0004267425392754376
YPL104W,YGR264C,1,13.881866,0.9634146094322205,0.11237553507089615,0.0004267425392754376
YCR024C,YKL194C,1,13.765484,0.9638554453849792,0.11379800736904144,0.0004267425392754376
YAL061W,YDR268W,0,13.687759,0.9523809552192688,0.11379800736904144,0.0005689900717698038
YPR047W,YHR019C,1,13.623092,0.9529411792755127,0.11522048711776733,0.0005689900717698038
YPL097W,YHR019C,1,13.547705,0.9534883499145508,0.11664295941591263,0.0005689900717698038
YPL097W,YGR264C,1,13.473472,0.954023003578186,0.11806543171405792,0.0005689900717698038
YPL040C,YHR020W,1,13.416191,0.9545454382896423,0.11948791146278381,0.0005689900717698038
YLR382C,YPR033C,1,13.410196,0.9550561904907227,0.12091038376092911,0.0005689900717698038
YLR060W,YLR382C,1,13.406498,0.9555555582046509,0.1223328560590744,0.0005689900717698038
YNL247W,YOR335C,1,13.393341,0.9560439586639404,0.12375533580780029,0.0005689900717698038
YHR020W,YGR094W,1,13.388777,0.95652174949646,0.12517781555652618,0.0005689900717698038
YCR024C,YDR023W,1,13.309229,0.9569892287254333,0.12660028040409088,0.0005689900717698038
YPL097W,YPR081C,1,13.189922,0.957446813583374,0.12802276015281677,0.0005689900717698038
YLR060W,YCR024C,1,13.174481,0.9578947424888611,0.12944523990154266,0.0005689900717698038
YER058W,YGL020C,0,13.125739,0.9479166865348816,0.12944523990154266,0.000711237546056509
YNL247W,YDR037W,1,13.123915,0.9484536051750183,0.13086770474910736,0.000711237546056509
YOR335C,YGR264C,1,13.104801,0.9489796161651611,0.13229018449783325,0.000711237546056509
YLR060W,YPR047W,1,13.084793,0.9494949579238892,0.13371266424655914,0.000711237546056509
YPR033C,YHR011W,1,13.058474,0.949999988079071,0.13513512909412384,0.000711237546056509
YPR033C,YGR264C,1,12.990167,0.9504950642585754,0.13655760884284973,0.000711237546056509
YPR037C,YDR536W,0,12.95088,0.9411764740943909,0.13655760884284973,0.0008534850785508752
YHR020W,YPR047W,1,12.7793865,0.9417475461959839,0.13798008859157562,0.0008534850785508752
YLR382C,YHR020W,1,12.741642,0.942307710647583,0.13940255343914032,0.0008534850785508752
YCR094W,YMR225C,0,12.656797,0.9333333373069763,0.13940255343914032,0.0009957326110452414
YDR037W,YPR081C,1,12.517792,0.9339622855186462,0.1408250331878662,0.0009957326110452414
YHR011W,YDR023W,1,12.411217,0.9345794320106506,0.1422475129365921,0.0009957326110452414
YLR382C,YFL022C,1,12.322298,0.9351851940155029,0.143669992685318,0.0009957326110452414
YFL022C,YPR081C,1,12.268186,0.9357798099517822,0.1450924575328827,0.0009957326110452414
YPL097W,YDR037W,1,12.256222,0.9363636374473572,0.14651493728160858,0.0009957326110452414
YML042W,YGR174C,0,12.16568,0.9279279112815857,0.14651493728160858,0.0011379801435396075
YHR019C,YKL194C,1,12.0552025,0.9285714030265808,0.14793741703033447,0.0011379801435396075
YLR060W,YPR081C,1,11.968591,0.9292035102844238,0.14935988187789917,0.0011379801435396075
YOR245C,YGR234W,0,11.901797,0.9210526347160339,0.14935988187789917,0.0012802275596186519
YOL033W,YDR023W,1,11.871731,0.9217391014099121,0.15078236162662506,0.0012802275596186519
YLR060W,YGR094W,1,11.74065,0.9224137663841248,0.15220484137535095,0.0012802275596186519
YPR033C,YHR019C,1,11.667296,0.9230769276618958,0.15362730622291565,0.0012802275596186519
YPL097W,YHR011W,1,11.5569935,0.9237288236618042,0.15504978597164154,0.0012802275596186519
YGL245W,YBL013W,1,11.554463,0.924369752407074,0.15647226572036743,0.0012802275596186519
YPR047W,YOR335C,1,11.54726,0.925000011920929,0.15789473056793213,0.0012802275596186519
YHR020W,YPL097W,1,11.531273,0.9256198406219482,0.15931721031665802,0.0012802275596186519
YOR335C,YPL097W,1,11.516167,0.9262295365333557,0.1607396900653839,0.0012802275596186519
YPR033C,YDR023W,1,11.455411,0.9268292784690857,0.1621621549129486,0.0012802275596186519
YKR007W,YMR305C,0,11.436314,0.9193548560142517,0.1621621549129486,0.001422475092113018
YFL022C,YGR094W,1,11.422424,0.9200000166893005,0.1635846346616745,0.001422475092113018
YOR014W,YJL122W,0,11.406494,0.9126983880996704,0.1635846346616745,0.0015647226246073842
YNL247W,YGR094W,1,11.373384,0.913385808467865,0.1650071144104004,0.0015647226246073842
YHR020W,YHR019C,1,11.342588,0.9140625,0.16642959415912628,0.0015647226246073842
YFL022C,YDR023W,1,11.3244915,0.9147287011146545,0.16785205900669098,0.0015647226246073842
YAL042W,YHR046C,0,11.320776,0.9076923131942749,0.16785205900669098,0.0017069701571017504
YLR060W,YHR091C,1,11.320305,0.9083969593048096,0.16927453875541687,0.0017069701571017504
YBR121C,YPR081C,1,11.215283,0.9090909361839294,0.17069701850414276,0.0017069701571017504
YLR382C,YGL245W,1,11.199127,0.9097744226455688,0.17211948335170746,0.0017069701571017504
YHR011W,YPR081C,1,11.163575,0.9104477763175964,0.17354196310043335,0.0017069701571017504
YDL147W,YHR139C,0,11.147089,0.9037036895751953,0.17354196310043335,0.0018492176895961165
YPR033C,YDR037W,1,11.134049,0.904411792755127,0.17496444284915924,0.0018492176895961165
YDR268W,YNL247W,1,11.113307,0.9051094651222229,0.17638690769672394,0.0018492176895961165
YLR382C,YGL105W,1,11.110004,0.9057971239089966,0.17780938744544983,0.0018492176895961165
YLR060W,YNL247W,1,11.056285,0.9064748287200928,0.17923186719417572,0.0018492176895961165
YPL164C,YNL280C,0,11.053137,0.8999999761581421,0.17923186719417572,0.0019914652220904827
YLL018C,YPR047W,1,11.021493,0.9007092118263245,0.18065433204174042,0.0019914652220904827
YPR033C,YPL097W,1,11.001078,0.9014084339141846,0.1820768117904663,0.0019914652220904827
YOR335C,YHR011W,1,10.986359,0.9020978808403015,0.1834992915391922,0.0019914652220904827
YGL245W,YNL247W,1,10.97599,0.9027777910232544,0.1849217712879181,0.0019914652220904827
YLR382C,YBR121C,1,10.9355955,0.9034482836723328,0.1863442361354828,0.0019914652220904827
YOL033W,YNL247W,1,10.91067,0.9041095972061157,0.18776671588420868,0.0019914652220904827
YLR060W,YPR033C,1,10.852556,0.9047619104385376,0.18918919563293457,0.0019914652220904827
YPL040C,YGL105W,1,10.8364725,0.9054054021835327,0.19061166048049927,0.0019914652220904827
YGL105W,YPR047W,1,10.826744,0.9060402512550354,0.19203414022922516,0.0019914652220904827
YPR047W,YGR094W,1,10.812014,0.9066666960716248,0.19345661997795105,0.0019914652220904827
YLR382C,YIL078W,1,10.803304,0.9072847962379456,0.19487908482551575,0.0019914652220904827
YHR091C,YNL247W,1,10.786921,0.9078947305679321,0.19630156457424164,0.0019914652220904827
YPR047W,YKL216W,0,10.786751,0.9019607901573181,0.19630156457424164,0.002133712638169527
YDR037W,YGR264C,1,10.785517,0.9025974273681641,0.19772404432296753,0.002133712638169527
YDR268W,YOL033W,1,10.7053175,0.9032257795333862,0.19914650917053223,0.002133712638169527
YOR335C,YHR019C,1,10.694023,0.9038461446762085,0.20056898891925812,0.002133712638169527
YGR094W,YBR121C,1,10.688017,0.9044585824012756,0.201991468667984,0.002133712638169527
YDR037W,YGR094W,1,10.686531,0.905063271522522,0.2034139335155487,0.002133712638169527
YGL245W,YCR024C,1,10.64492,0.9056603908538818,0.2048364132642746,0.002133712638169527
YHR091C,YOR335C,1,10.633352,0.90625,0.2062588930130005,0.002133712638169527
YHR020W,YKL194C,1,10.629396,0.9068322777748108,0.20768137276172638,0.002133712638169527
YMR150C,YAL020C,0,10.605683,0.9012345671653748,0.20768137276172638,0.002275960287079215
YNL247W,YIL078W,1,10.604582,0.9018405079841614,0.20910383760929108,0.002275960287079215
YPR033C,YFL022C,1,10.599809,0.9024389982223511,0.21052631735801697,0.002275960287079215
YGL245W,YHR011W,1,10.581627,0.903030276298523,0.21194879710674286,0.002275960287079215
YPL104W,YHR019C,1,10.567696,0.9036144614219666,0.21337126195430756,0.002275960287079215
YOR335C,YGR094W,1,10.567323,0.9041916131973267,0.21479374170303345,0.002275960287079215
YCR024C,YGR264C,1,10.498577,0.9047619104385376,0.21621622145175934,0.002275960287079215
YOR028C,YIL017C,0,10.480941,0.8994082808494568,0.21621622145175934,0.0024182077031582594
YPL040C,YER087W,1,10.460148,0.8999999761581421,0.21763868629932404,0.0024182077031582594
YLR060W,YBL013W,1,10.447027,0.9005848169326782,0.21906116604804993,0.0024182077031582594
YHR019C,YGR094W,1,10.359762,0.9011628031730652,0.22048364579677582,0.0024182077031582594
YPL104W,YLR382C,1,10.355679,0.9017341136932373,0.22190611064434052,0.0024182077031582594
YGL245W,YDR023W,1,10.350089,0.9022988677024841,0.2233285903930664,0.0024182077031582594
YDL210W,YDL180W,0,10.3270855,0.8971428275108337,0.2233285903930664,0.0025604551192373037
YGL105W,YHR011W,1,10.314581,0.8977272510528564,0.2247510701417923,0.0025604551192373037
YKL194C,YDR023W,1,10.308756,0.8983050584793091,0.226173534989357,0.0025604551192373037
YFL022C,YHR011W,1,10.247357,0.898876428604126,0.22759601473808289,0.0025604551192373037
YCR024C,YGR094W,1,10.21916,0.8994413614273071,0.22901849448680878,0.0025604551192373037
YOR335C,YFL022C,1,10.211489,0.8999999761581421,0.23044097423553467,0.0025604551192373037
YLR060W,YOL033W,1,10.204166,0.90055251121521,0.23186343908309937,0.0025604551192373037
YLR306W,YDR322C-A,0,10.17348,0.8956043720245361,0.23186343908309937,0.0027027027681469917
YDR341C,YOR335C,1,10.156698,0.8961748480796814,0.23328591883182526,0.0027027027681469917
YLR071C,YOR129C,0,10.120491,0.8913043737411499,0.23328591883182526,0.002844950184226036
YPL097W,YGR094W,1,10.081028,0.8918918967247009,0.23470839858055115,0.002844950184226036
YHR019C,YFL022C,1,10.054387,0.8924731016159058,0.23613086342811584,0.002844950184226036
YGL196W,YGL053W,0,10.053097,0.8877005577087402,0.23613086342811584,0.002987197833135724
YDR044W,YNR043W,0,10.048828,0.8829787373542786,0.23613086342811584,0.0031294452492147684
YDR037W,YKL194C,1,10.046684,0.8835979104042053,0.23755334317684174,0.0031294452492147684
YNL247W,YHR011W,1,10.043634,0.8842105269432068,0.23897582292556763,0.0031294452492147684
YHR113W,YER048W-A,0,10.015608,0.8795811533927917,0.23897582292556763,0.0032716926652938128
YGL210W-A,YMR083W,0,10.008484,0.875,0.23897582292556763,0.0034139403142035007
YML041C,YER142C,0,9.995722,0.8704662919044495,0.23897582292556763,0.003556187730282545
YDR037W,YBR121C,1,9.991407,0.8711340427398682,0.24039828777313232,0.003556187730282545
YBR036C,YDL164C,0,9.987508,0.8666666746139526,0.24039828777313232,0.003698435379192233
YEL051W,YBR267W,0,9.969698,0.8622449040412903,0.24039828777313232,0.0038406827952712774
YCR024C,YDR268W,1,9.968538,0.8629441857337952,0.24182076752185822,0.0038406827952712774
YHR020W,YPR081C,1,9.925392,0.8636363744735718,0.2432432472705841,0.0038406827952712774
YLR060W,YFL022C,1,9.897419,0.8643215894699097,0.2446657121181488,0.0038406827952712774
YPR033C,YIL078W,1,9.875116,0.8650000095367432,0.2460881918668747,0.0038406827952712774
YLR060W,YIL078W,1,9.806358,0.8656716346740723,0.24751067161560059,0.0038406827952712774
YHR091C,YKL194C,1,9.783207,0.8663366436958313,0.24893313646316528,0.0038406827952712774
YLR060W,YHR019C,1,9.748974,0.866995096206665,0.25035563111305237,0.0038406827952712774
YOR335C,YDR037W,1,9.718025,0.8676470518112183,0.25177809596061707,0.0038406827952712774
YLR060W,YBR121C,1,9.694231,0.8682926893234253,0.25320056080818176,0.0038406827952712774
YDR023W,YIL078W,1,9.663467,0.8689320683479309,0.25462305545806885,0.0038406827952712774
YHR091C,YDR023W,1,9.61093,0.8695651888847351,0.25604552030563354,0.0038406827952712774
YIL078W,YPR081C,1,9.58663,0.870192289352417,0.25746798515319824,0.0038406827952712774
YGL245W,YFL022C,1,9.562678,0.8708133697509766,0.2588904798030853,0.0038406827952712774
YHR091C,YGL245W,1,9.539473,0.8714285492897034,0.26031294465065,0.0038406827952712774
YPL097W,YDR023W,1,9.523334,0.8720378875732422,0.2617354094982147,0.0038406827952712774
YPL097W,YFL022C,1,9.499011,0.8726415038108826,0.2631579041481018,0.0038406827952712774
YER058W,YDR536W,0,9.486886,0.8685445785522461,0.2631579041481018,0.003982930444180965
YGR264C,YPR081C,1,9.48358,0.8691588640213013,0.2645803689956665,0.003982930444180965
YDR268W,YHR019C,1,9.480026,0.869767427444458,0.2660028338432312,0.003982930444180965
YNL031C,YPL037C,0,9.471352,0.8657407164573669,0.2660028338432312,0.00412517786026001
YGL105W,YIL078W,1,9.4531145,0.8663594722747803,0.2674253284931183,0.00412517786026001
YCR024C,YBR121C,1,9.448978,0.8669725060462952,0.268847793340683,0.00412517786026001
YLR382C,YOL033W,1,9.443498,0.8675799369812012,0.2702702581882477,0.00412517786026001
YHR020W,YGL245W,1,9.428598,0.8681818246841431,0.27169275283813477,0.00412517786026001
YHR091C,YDR037W,1,9.407095,0.8687782883644104,0.27311521768569946,0.00412517786026001
YCR024C,YGL105W,1,9.36742,0.869369387626648,0.27453768253326416,0.00412517786026001
YOL138C,YPR047W,0,9.338153,0.865470826625824,0.27453768253326416,0.004267425276339054
YHR091C,YPL097W,1,9.333107,0.8660714030265808,0.27596017718315125,0.004267425276339054
YLR060W,YDR037W,1,9.300374,0.8666666746139526,0.27738264203071594,0.004267425276339054
YKL194C,YBR121C,1,9.262554,0.8672566413879395,0.27880510687828064,0.004267425276339054
YLR060W,YGL245W,1,9.245973,0.8678414225578308,0.2802276015281677,0.004267425276339054
YHR091C,YHR019C,1,9.234608,0.8684210777282715,0.2816500663757324,0.004267425276339054
YPR047W,YBL013W,1,9.206856,0.8689956068992615,0.2830725610256195,0.004267425276339054
YCR024C,YPR081C,1,9.202801,0.8695651888847351,0.2844950258731842,0.004267425276339054
YFL022C,YBR121C,1,9.200955,0.8701298832893372,0.2859174907207489,0.004267425276339054
YOL033W,YHR019C,1,9.172878,0.8706896305084229,0.287339985370636,0.004267425276339054
YOL027C,YPR058W,0,9.167467,0.8669527769088745,0.287339985370636,0.0044096726924180984
YOL033W,YFL022C,1,9.133896,0.867521345615387,0.2887624502182007,0.0044096726924180984
YHR011W,YKL194C,1,9.133392,0.8680850863456726,0.2901849150657654,0.0044096726924180984
YHR019C,YGR264C,1,9.081894,0.8686440587043762,0.29160740971565247,0.0044096726924180984
YHR020W,YGR264C,1,9.081187,0.8691983222961426,0.29302987456321716,0.0044096726924180984
YOL033W,YHR011W,1,9.078562,0.8697478771209717,0.29445233941078186,0.0044096726924180984
YPR033C,YOR335C,1,9.070889,0.8702929019927979,0.29587483406066895,0.0044096726924180984
YGL245W,YPL097W,1,9.064588,0.8708333373069763,0.29729729890823364,0.0044096726924180984
YOR036W,YBR114W,0,9.029517,0.8672199249267578,0.29729729890823364,0.00455192057415843
YPR047W,YGR171C,1,9.026669,0.8677685856819153,0.29871976375579834,0.00455192057415843
YHR079C-B,YEL005C,0,9.02499,0.8641975522041321,0.29871976375579834,0.0046941679902374744
YHR091C,YOL033W,1,9.0249,0.8647540807723999,0.3001422584056854,0.0046941679902374744
YCR024C,YIL078W,1,9.02,0.8653061389923096,0.3015647232532501,0.0046941679902374744
YHR046C,YPR054W,0,9.012081,0.8617886304855347,0.3015647232532501,0.004836415406316519
YCR024C,YDR037W,1,8.980587,0.862348198890686,0.3029871881008148,0.004836415406316519
YPL040C,YMR104C,0,8.97794,0.8588709831237793,0.3029871881008148,0.004978662822395563
YPL040C,YDR341C,1,8.971739,0.8594377636909485,0.3044096827507019,0.004978662822395563
YER082C,YBL004W,0,8.965804,0.8560000061988831,0.3044096827507019,0.0051209102384746075
YLR060W,YDR023W,1,8.964651,0.8565737009048462,0.3058321475982666,0.0051209102384746075
YPL228W,YOR136W,0,8.949417,0.85317462682724,0.3058321475982666,0.005263158120214939
YBR121C,YIL078W,1,8.941413,0.8537549376487732,0.3072546124458313,0.005263158120214939
YCR024C,YOL033W,1,8.911991,0.8543307185173035,0.3086771070957184,0.005263158120214939
YLR382C,YHR019C,1,8.878807,0.8549019694328308,0.3100995719432831,0.005263158120214939
YKL194C,YGR094W,1,8.875861,0.85546875,0.3115220367908478,0.005263158120214939
YHL007C,YDR485C,0,8.854029,0.8521400690078735,0.3115220367908478,0.0054054055362939835
YCR024C,YGR171C,1,8.842815,0.8527131676673889,0.31294453144073486,0.0054054055362939835
YBR264C,YBL005W,0,8.778112,0.8494208455085754,0.31294453144073486,0.005547652952373028
YBL063W,YGL196W,0,8.775857,0.8461538553237915,0.31294453144073486,0.005689900368452072
YOL033W,YPL097W,1,8.768484,0.8467432856559753,0.31436699628829956,0.005689900368452072
YPR047W,YHR011W,1,8.745198,0.847328245639801,0.31578946113586426,0.005689900368452072
YGL245W,YGR094W,1,8.734951,0.8479087352752686,0.31721195578575134,0.005689900368452072
YGR174C,YPL257W-A,0,8.722731,0.8446969985961914,0.31721195578575134,0.0058321477845311165
YHR105W,YHR149C,0,8.719236,0.8415094614028931,0.31721195578575134,0.005974395666271448
YGL245W,YOR335C,1,8.714287,0.8421052694320679,0.31863442063331604,0.005974395666271448
YLR060W,YPL097W,1,8.685402,0.8426966071128845,0.32005688548088074,0.005974395666271448
YHR091C,YHR011W,1,8.674603,0.8432835936546326,0.3214793801307678,0.005974395666271448
YPR033C,YGR094W,1,8.645565,0.8438661694526672,0.3229018449783325,0.005974395666271448
YCR024C,YFL022C,1,8.642415,0.8444444537162781,0.3243243098258972,0.005974395666271448
YDR268W,YDR037W,1,8.616034,0.8450184464454651,0.3257468044757843,0.005974395666271448
YHR091C,YBR121C,1,8.573126,0.845588207244873,0.327169269323349,0.005974395666271448
YDR341C,YBR121C,1,8.53792,0.8461538553237915,0.3285917639732361,0.005974395666271448
YHR091C,YCR024C,1,8.522234,0.8467153310775757,0.3300142288208008,0.005974395666271448
YGR148C,YGL136C,0,8.514296,0.8436363339424133,0.3300142288208008,0.0061166430823504925
YPR033C,YBL013W,1,8.508774,0.8442028760910034,0.3314366936683655,0.0061166430823504925
YNR020C,YLR382C,0,8.505192,0.8411552309989929,0.3314366936683655,0.006258890498429537
YGL105W,YGR094W,1,8.497513,0.8417266011238098,0.33285918831825256,0.006258890498429537
YDR037W,YHR011W,1,8.484903,0.842293918132782,0.33428165316581726,0.006258890498429537
YCR024C,YHR011W,1,8.4680805,0.8428571224212646,0.33570411801338196,0.006258890498429537
YHR019C,YHR011W,1,8.447329,0.8434163928031921,0.33712661266326904,0.006258890498429537
YPR033C,YGL245W,1,8.445377,0.8439716100692749,0.33854907751083374,0.006258890498429537
YLR157C-A,YFR005C,0,8.439552,0.8409894108772278,0.33854907751083374,0.006401137914508581
YHR019C,YIL078W,1,8.436099,0.841549277305603,0.33997154235839844,0.006401137914508581
YPR033C,YOL033W,1,8.42951,0.8421052694320679,0.3413940370082855,0.006401137914508581
YBL013W,YDR023W,1,8.419413,0.8426573276519775,0.3428165018558502,0.006401137914508581
YOL033W,YOR335C,1,8.384346,0.8432055711746216,0.3442389667034149,0.006401137914508581
YFL022C,YKL194C,1,8.317037,0.84375,0.345661461353302,0.006401137914508581
YHR020W,YCR024C,1,8.301773,0.8442906737327576,0.3470839262008667,0.006401137914508581
YLR060W,YHR020W,1,8.267166,0.8448275923728943,0.3485063910484314,0.006401137914508581
YFL022C,YGR264C,1,8.238676,0.8453608155250549,0.3499288856983185,0.006401137914508581
YGL245W,YHR019C,1,8.2378025,0.8458904027938843,0.3513513505458832,0.006401137914508581
YLR060W,YHR011W,1,8.221369,0.8464163541793823,0.3527738153934479,0.006401137914508581
YPL079W,YNL326C,0,8.168631,0.8435373902320862,0.3527738153934479,0.0065433853305876255
YHR020W,YOL033W,1,8.164111,0.8440678119659424,0.35419631004333496,0.0065433853305876255
YHR020W,YOR335C,1,8.162373,0.8445945978164673,0.35561877489089966,0.0065433853305876255
YOR262W,YER032W,0,8.158276,0.8417508602142334,0.35561877489089966,0.006685633212327957
YPR033C,YHR020W,1,8.154704,0.8422818779945374,0.35704123973846436,0.006685633212327957
YER183C,YPL246C,0,8.141956,0.8394649028778076,0.35704123973846436,0.0068278806284070015
YGL245W,YGL105W,1,8.135692,0.8399999737739563,0.35846373438835144,0.0068278806284070015
YER108C,YPL040C,0,8.123834,0.8372092843055725,0.35846373438835144,0.006970128044486046
YMR041C,YCR024C,0,8.105919,0.8344370722770691,0.35846373438835144,0.00711237546056509
YLR442C,YDL164C,0,8.105013,0.8316831588745117,0.35846373438835144,0.0072546228766441345
YGL105W,YBR121C,1,8.085543,0.8322368264198303,0.35988619923591614,0.0072546228766441345
YCR024C,YNL247W,1,8.0775,0.8327868580818176,0.36130866408348083,0.0072546228766441345
YGL105W,YGR264C,1,8.068224,0.8333333134651184,0.3627311587333679,0.0072546228766441345
YDL010W,YJL137C,0,8.024662,0.8306189179420471,0.3627311587333679,0.007396870758384466
YHR020W,YDR023W,1,8.008541,0.8311688303947449,0.3641536235809326,0.007396870758384466
YHR091C,YGR094W,1,7.9994664,0.8317152261734009,0.3655760884284973,0.007396870758384466
YHR091C,YGL105W,1,7.992448,0.8322580456733704,0.3669985830783844,0.007396870758384466
YKL194C,YGR264C,1,7.977794,0.8327974081039429,0.3684210479259491,0.007396870758384466
YLR060W,YDR341C,1,7.9746304,0.8333333134651184,0.3698435425758362,0.007396870758384466
YHR091C,YFL022C,1,7.9620466,0.8338658213615417,0.3712660074234009,0.007396870758384466
YOR168W,YPR047W,1,7.95831,0.8343949317932129,0.3726884722709656,0.007396870758384466
YNL063W,YGL243W,0,7.955181,0.8317460417747498,0.3726884722709656,0.0075391181744635105
YGL105W,YNL247W,1,7.9503284,0.8322784900665283,0.37411096692085266,0.0075391181744635105
YPL040C,YBR121C,1,7.9496307,0.8328076004981995,0.37553343176841736,0.0075391181744635105
YML012W,YER012W,0,7.9170423,0.8301886916160583,0.37553343176841736,0.007681365590542555
YLR223C,YDR055W,0,7.910248,0.8275862336158752,0.37553343176841736,0.007823613472282887
YJL197W,YMR316W,0,7.9083796,0.824999988079071,0.37553343176841736,0.00796586088836193
YPR033C,YKL194C,1,7.9023943,0.8255451917648315,0.37695589661598206,0.00796586088836193
YBR018C,YDR004W,0,7.886018,0.8229813575744629,0.37695589661598206,0.008108108304440975
YLR060W,YKL194C,1,7.8850937,0.8235294222831726,0.37837839126586914,0.008108108304440975
YGR094W,YIL078W,1,7.8792315,0.8240740895271301,0.37980085611343384,0.008108108304440975
YHR091C,YPR033C,1,7.877641,0.8246153593063354,0.38122332096099854,0.008108108304440975
YOR033C,YMR083W,0,7.875145,0.8220859169960022,0.38122332096099854,0.00825035572052002
YBL013W,YPR081C,1,7.872832,0.822629988193512,0.3826458156108856,0.00825035572052002
YOR254C,YLR015W,0,7.8603125,0.8201219439506531,0.3826458156108856,0.008392603136599064
YDR268W,YBL013W,1,7.8428774,0.8206686973571777,0.3840682804584503,0.008392603136599064
YIL158W,YIL052C,0,7.820608,0.8181818127632141,0.3840682804584503,0.008534850552678108
YGR094W,YDR023W,1,7.7989807,0.8187311291694641,0.385490745306015,0.008534850552678108
YGL105W,YHR019C,1,7.787653,0.8192771077156067,0.3869132399559021,0.008534850552678108
YGL245W,YPR081C,1,7.778991,0.8198198080062866,0.3883357048034668,0.008534850552678108
YDR139C,YPL105C,0,7.773009,0.817365288734436,0.3883357048034668,0.008677097968757153
YPL104W,YPR081C,1,7.7574205,0.8179104328155518,0.3897581696510315,0.008677097968757153
YOL033W,YPR081C,1,7.7431436,0.8184523582458496,0.3911806643009186,0.008677097968757153
YDR034C-C,YMR150C,0,7.7421227,0.8160237669944763,0.3911806643009186,0.008819345384836197
YJL209W,YBR161W,0,7.7356358,0.8136094808578491,0.3911806643009186,0.008961592800915241
YDR268W,YPR081C,1,7.702755,0.8141592741012573,0.3926031291484833,0.008961592800915241
YDR023W,YGR264C,1,7.6918287,0.8147059082984924,0.394025593996048,0.008961592800915241
YDR047W,YJR060W,0,7.681229,0.8123167157173157,0.394025593996048,0.00910384114831686
YBL013W,YKL194C,1,7.6759505,0.8128654956817627,0.39544808864593506,0.00910384114831686
YPR047W,YDR341C,1,7.671435,0.8134110569953918,0.39687055349349976,0.00910384114831686
YGR174C,YPL232W,0,7.64217,0.8110465407371521,0.39687055349349976,0.009246088564395905
YGL105W,YDR037W,1,7.6238484,0.8115941882133484,0.39829301834106445,0.009246088564395905
YJL177W,YLR196W,0,7.6131663,0.8092485666275024,0.39829301834106445,0.009388335980474949
YFL022C,YIL078W,1,7.606302,0.8097983002662659,0.39971551299095154,0.009388335980474949
YHR019C,YER087W,1,7.6026955,0.8103448152542114,0.40113797783851624,0.009388335980474949
YPR047W,YKL194C,1,7.6015196,0.8108882308006287,0.40256044268608093,0.009388335980474949
YPL097W,YBR121C,1,7.58599,0.8114285469055176,0.403982937335968,0.009388335980474949
YGR029W,YKL120W,0,7.544712,0.809116780757904,0.403982937335968,0.009530583396553993
YNL247W,YKL194C,1,7.5301657,0.8096590638160706,0.4054054021835327,0.009530583396553993
YOL033W,YBR121C,1,7.5094624,0.8101983070373535,0.4068278670310974,0.009530583396553993
YDR483W,YBL088C,0,7.503458,0.8079096078872681,0.4068278670310974,0.009672830812633038
YPL160W,YPL040C,1,7.471838,0.8084506988525391,0.4082503616809845,0.009672830812633038
YOL033W,YGR094W,1,7.459651,0.8089887499809265,0.4096728265285492,0.009672830812633038
YAL034W-A,YJR139C,0,7.4442663,0.8067227005958557,0.4096728265285492,0.009815078228712082
YGL021W,YDR265W,0,7.4206295,0.8044692873954773,0.4096728265285492,0.009957325644791126
YCL011C,YOR335C,0,7.402872,0.8022283911705017,0.4096728265285492,0.01009957306087017
YHR011W,YBR121C,1,7.397077,0.8027777671813965,0.4110952913761139,0.01009957306087017
YCR024C,YBL013W,1,7.37324,0.8033241033554077,0.412517786026001,0.01009957306087017
YPL104W,YPR047W,1,7.3675075,0.8038673996925354,0.4139402508735657,0.01009957306087017
YJL076W,YMR092C,0,7.355091,0.8016529083251953,0.4139402508735657,0.010241820476949215
YHR020W,YFL022C,1,7.3401423,0.8021978139877319,0.41536274552345276,0.010241820476949215
YBR112C,YHR134W,0,7.333356,0.800000011920929,0.41536274552345276,0.01038406789302826
YPL097W,YIL078W,1,7.331547,0.8005464673042297,0.41678521037101746,0.01038406789302826
YPL160W,YDR023W,1,7.325854,0.8010899424552917,0.41820767521858215,0.01038406789302826
YPL160W,YGL245W,1,7.306151,0.801630437374115,0.41963016986846924,0.01038406789302826
YAL014C,YKL138C-A,0,7.2781134,0.7994579672813416,0.41963016986846924,0.010526316240429878
YHR091C,YIL078W,1,7.2647657,0.800000011920929,0.42105263471603394,0.010526316240429878
YPL040C,YBL013W,1,7.262036,0.8005390763282776,0.42247509956359863,0.010526316240429878
YHR091C,YPR081C,1,7.257298,0.801075279712677,0.4238975942134857,0.010526316240429878
YOR192C-A,YOR173W,0,7.2424498,0.7989276051521301,0.4238975942134857,0.010668563656508923
YBR119W,YER058W,0,7.2334585,0.7967914342880249,0.4238975942134857,0.010810811072587967
YLR382C,YBL013W,1,7.227142,0.7973333597183228,0.4253200590610504,0.010810811072587967
YGL245W,YBR121C,1,7.2268987,0.7978723645210266,0.4267425239086151,0.010810811072587967
YPL106C,YER063W,0,7.2212667,0.7957559823989868,0.4267425239086151,0.010953058488667011
YPL160W,YHR019C,1,7.2187147,0.7962962985038757,0.4281650185585022,0.010953058488667011
YJL080C,YPL097W,0,7.218347,0.7941952347755432,0.4281650185585022,0.011095305904746056
YDR100W,YHL047C,0,7.208931,0.7921052575111389,0.4281650185585022,0.0112375533208251
YDR037W,YFL022C,1,7.1905556,0.7926509380340576,0.4295874834060669,0.0112375533208251
YKL194C,YIL078W,1,7.1756206,0.7931936979293823,0.4310099482536316,0.0112375533208251
YPL160W,YDR268W,1,7.1663113,0.7937336564064026,0.4324324429035187,0.0112375533208251
YGL245W,YGR264C,1,7.088606,0.7942708134651184,0.4338549077510834,0.0112375533208251
YKL208W,YDR099W,0,7.078473,0.7922077775001526,0.4338549077510834,0.011379800736904144
YOL033W,YKL194C,1,7.069812,0.7927461266517639,0.43527737259864807,0.011379800736904144
YHR019C,YDR037W,1,7.0635614,0.7932816743850708,0.43669986724853516,0.011379800736904144
YHR007C,YDR045C,0,7.0615835,0.7912371158599854,0.43669986724853516,0.011522048152983189
YOR244W,YNL037C,0,7.057318,0.7892031073570251,0.43669986724853516,0.011664295569062233
YHR020W,YOL097C,1,7.056507,0.7897436022758484,0.43812233209609985,0.011664295569062233
YDR341C,YIL078W,1,7.0378957,0.790281355381012,0.43954479694366455,0.011664295569062233
YGR080W,YKL112W,0,7.0248537,0.7882652878761292,0.43954479694366455,0.011806542985141277
YPR145W,YOR047C,0,7.0234213,0.7862595319747925,0.43954479694366455,0.011948791332542896
YJR010C-A,YHR102W,0,7.015416,0.7842639684677124,0.43954479694366455,0.01209103874862194
YKL160W,YNR007C,0,7.0077124,0.7822784781455994,0.43954479694366455,0.012233286164700985
YDR268W,YOR335C,1,7.005023,0.7828282713890076,0.44096729159355164,0.012233286164700985
YGL245W,YIL078W,1,6.994889,0.7833753228187561,0.44238975644111633,0.012233286164700985
YOR195W,YEL027W,0,6.992451,0.7814070582389832,0.44238975644111633,0.01237553358078003
YDR268W,YIL078W,1,6.9832864,0.7819548845291138,0.44381222128868103,0.01237553358078003
YBR023C,YNL025C,0,6.978169,0.7799999713897705,0.44381222128868103,0.012517780996859074
YCL026C-A,YBL004W,0,6.971186,0.7780548334121704,0.44381222128868103,0.012660028412938118
YHR020W,YIL078W,1,6.923616,0.7786069512367249,0.4452347159385681,0.012660028412938118
YKL221W,YPL189W,0,6.9052324,0.7766749262809753,0.4452347159385681,0.012802275829017162
YBR200W,YNL247W,0,6.9045067,0.7747524976730347,0.4452347159385681,0.012944523245096207
YPL160W,YPL097W,1,6.900852,0.7753086686134338,0.4466571807861328,0.012944523245096207
YGL245W,YDR037W,1,6.8988295,0.7758620977401733,0.4480796456336975,0.012944523245096207
YGR103W,YBL099W,0,6.898658,0.773955762386322,0.4480796456336975,0.013086770661175251
YGL210W,YBL072C,0,6.8947983,0.7720588445663452,0.4480796456336975,0.013229018077254295
YGR071C,YNR052C,0,6.877184,0.7701711654663086,0.4480796456336975,0.013371266424655914
YGL155W,YGR183C,0,6.846547,0.7682926654815674,0.4480796456336975,0.013513513840734959
YBL076C,YER087W,1,6.838128,0.7688564658164978,0.4495021402835846,0.013513513840734959
YPR042C,YML082W,0,6.8081503,0.7669903039932251,0.4495021402835846,0.013655761256814003
YJL098W,YBR245C,0,6.8074007,0.7651331424713135,0.4495021402835846,0.013798008672893047
YNR020C,YLR117C,0,6.799717,0.7632850408554077,0.4495021402835846,0.013940256088972092
YDL212W,YER093C,0,6.742889,0.7614457607269287,0.4495021402835846,0.014082503505051136
YLR060W,YPL160W,1,6.709015,0.7620192170143127,0.4509246051311493,0.014082503505051136
YFL034C-B,YBL035C,0,6.68161,0.7601918578147888,0.4509246051311493,0.01422475092113018
YKL027W,YER120W,0,6.6777744,0.7583732008934021,0.4509246051311493,0.014366998337209225
YEL005C,YKL017C,0,6.672107,0.7565632462501526,0.4509246051311493,0.014509245753288269
YNR032W,YIR023W,0,6.6611567,0.7547619342803955,0.4509246051311493,0.014651493169367313
YJR150C,YCR020W-B,0,6.6594033,0.7529691457748413,0.4509246051311493,0.014793741516768932
YHR150W,YLR170C,0,6.644293,0.7511848211288452,0.4509246051311493,0.014935988932847977
YER061C,YMR198W,0,6.6438327,0.7494089603424072,0.4509246051311493,0.015078236348927021
YOL033W,YGR264C,1,6.633647,0.75,0.452347069978714,0.015078236348927021
YBR176W,YJL183W,0,6.6171227,0.748235285282135,0.452347069978714,0.015220483765006065
YHL032C,YLR388W,0,6.6078386,0.7464788556098938,0.452347069978714,0.01536273118108511
YDR268W,YBR121C,1,6.60596,0.7470725774765015,0.4537695646286011,0.01536273118108511
YLR126C,YMR110C,0,6.58838,0.7453271150588989,0.4537695646286011,0.015504978597164154
YPR047W,YGR264C,1,6.5630064,0.745920717716217,0.45519202947616577,0.015504978597164154
YGL210W,YHR064C,0,6.5384483,0.7441860437393188,0.45519202947616577,0.015647226944565773
YIL027C,YJR010C-A,0,6.5138197,0.7424594163894653,0.45519202947616577,0.015789473429322243
YDR341C,YNL247W,1,6.463828,0.7430555820465088,0.45661452412605286,0.015789473429322243
YHR020W,YBR121C,1,6.4590793,0.7436489462852478,0.45803698897361755,0.015789473429322243
YGL207W,YOR048C,0,6.4539843,0.7419354915618896,0.45803698897361755,0.01593172177672386
YDL033C,YPL239W,0,6.441027,0.7402299046516418,0.45803698897361755,0.01607396826148033
YLL018C,YDR268W,1,6.428708,0.7408257126808167,0.45945945382118225,0.01607396826148033
YHR091C,YHR020W,1,6.428608,0.7414187788963318,0.46088194847106934,0.01607396826148033
YGL105W,YOL033W,1,6.4223595,0.7420091032981873,0.46230441331863403,0.01607396826148033
YNL197C,YJR088C,0,6.4128733,0.7403188943862915,0.46230441331863403,0.01621621660888195
YKR090W,YBR105C,0,6.4014454,0.7386363744735718,0.46230441331863403,0.01635846309363842
YPL160W,YHR020W,1,6.3871427,0.7392290234565735,0.46372687816619873,0.01635846309363842
YDR268W,YGR094W,1,6.370864,0.7398189902305603,0.4651493728160858,0.01635846309363842
YGL105W,YDR268W,1,6.3681936,0.740406334400177,0.4665718376636505,0.01635846309363842
YPR047W,YNL073W,1,6.365054,0.7409909963607788,0.4679943025112152,0.01635846309363842
YHR020W,YHR011W,1,6.364848,0.7415730357170105,0.4694167971611023,0.01635846309363842
YER120W,YLR345W,0,6.3597255,0.7399103045463562,0.4694167971611023,0.01650071144104004
YLR121C,YGR007W,0,6.3518806,0.7382550239562988,0.4694167971611023,0.01664295792579651
YOR036W,YLL057C,0,6.3341904,0.7366071343421936,0.4694167971611023,0.016785206273198128
YJR035W,YDR045C,0,6.333486,0.7349665760993958,0.4694167971611023,0.016927454620599747
YLL018C,YKL194C,1,6.2939143,0.7355555295944214,0.470839262008667,0.016927454620599747
YKL140W,YER070W,0,6.266472,0.7339246273040771,0.470839262008667,0.017069701105356216
YFR050C,YLR154W-C,0,6.2253437,0.732300877571106,0.470839262008667,0.017211949452757835
YOL097C,YFL022C,1,6.218153,0.732891857624054,0.4722617268562317,0.017211949452757835
YHR020W,YNL247W,1,6.2008595,0.7334801554679871,0.4736842215061188,0.017211949452757835
YIL072W,YCL055W,0,6.1818037,0.7318681478500366,0.4736842215061188,0.017354195937514305
YOR168W,YPL097W,1,6.165497,0.7324561476707458,0.47510668635368347,0.017354195937514305
YLR403W,YDR345C,0,6.158969,0.7308533787727356,0.47510668635368347,0.017496444284915924
YGL105W,YDR023W,1,6.1468267,0.7314410209655762,0.47652915120124817,0.017496444284915924
YOR335C,YKL194C,1,6.1408024,0.7320261597633362,0.47795164585113525,0.017496444284915924
YHR020W,YGL105W,1,6.1393375,0.7326086759567261,0.47937411069869995,0.017496444284915924
YOL033W,YIL078W,1,6.115127,0.7331887483596802,0.48079657554626465,0.017496444284915924
YGL105W,YOR335C,1,6.110976,0.7337662577629089,0.48221907019615173,0.017496444284915924
YGL245W,YDR268W,1,6.0996113,0.7343412637710571,0.48364153504371643,0.017496444284915924
YJR113C,YDR142C,0,6.0896425,0.732758641242981,0.48364153504371643,0.017638690769672394
YCR028C,YBR301W,0,6.087554,0.7311828136444092,0.48364153504371643,0.017780939117074013
YNR055C,YPL088W,0,6.058676,0.729613721370697,0.48364153504371643,0.017923185601830482
YDR037W,YNL073W,1,6.046565,0.7301927208900452,0.48506399989128113,0.017923185601830482
YNR020C,YBR299W,0,6.0271063,0.7286324501037598,0.48506399989128113,0.0180654339492321
YBL013W,YBR121C,1,6.025156,0.7292110919952393,0.4864864945411682,0.0180654339492321
YML011C,YDL033C,0,6.0080433,0.7276595830917358,0.4864864945411682,0.01820768229663372
YBL037W,YLR248W,0,5.9998465,0.7261146306991577,0.4864864945411682,0.01834992878139019
YOL097C,YKL194C,1,5.990979,0.7266949415206909,0.4879089593887329,0.01834992878139019
YBL013W,YFL022C,1,5.98201,0.7272727489471436,0.4893314242362976,0.01834992878139019
YFR031C-A,YJR073C,0,5.979309,0.7257384061813354,0.4893314242362976,0.01849217712879181
YPR081C,YGR171C,1,5.9706593,0.7263157963752747,0.4907539188861847,0.01849217712879181
YNL014W,YDR399W,0,5.95301,0.7247899174690247,0.4907539188861847,0.01863442361354828
YLR382C,YDR341C,1,5.9256134,0.7253668904304504,0.4921763837337494,0.01863442361354828
YPL040C,YGR171C,1,5.9246964,0.7259414196014404,0.4935988485813141,0.01863442361354828
YLR226W,YJL156C,0,5.924297,0.7244259119033813,0.4935988485813141,0.018776671960949898
YPR033C,YDR268W,1,5.9206786,0.7250000238418579,0.49502134323120117,0.018776671960949898
YHR185C,YGR029W,0,5.9190073,0.7234927415847778,0.49502134323120117,0.018918918445706367
YER070W,YER036C,0,5.9177027,0.7219917178153992,0.49502134323120117,0.019061166793107986
YOR178C,YDR231C,0,5.913775,0.7204968929290771,0.49502134323120117,0.019203413277864456
YPL097W,YBL013W,1,5.884569,0.7210744023323059,0.49644380807876587,0.019203413277864456
YPR033C,YOL097C,1,5.882149,0.7216494679450989,0.49786627292633057,0.019203413277864456
YPL097W,YGR185C,1,5.8702617,0.7222222089767456,0.49928876757621765,0.019203413277864456
YMR165C,YLR008C,0,5.862831,0.7207392454147339,0.49928876757621765,0.019345661625266075
YHR188C,YDR517W,0,5.861458,0.7192623019218445,0.49928876757621765,0.019487908110022545
YOR293W,YPL088W,0,5.856327,0.7177914381027222,0.49928876757621765,0.019630156457424164
YHR099W,YHR188C,0,5.855542,0.7163265347480774,0.49928876757621765,0.019772404804825783
YGL009C,YOL071W,0,5.85326,0.7148675918579102,0.49928876757621765,0.019914651289582253
YLR212C,YDR424C,0,5.8526273,0.7134146094322205,0.49928876757621765,0.02005689963698387
YKR027W,YDR388W,0,5.845648,0.7119675278663635,0.49928876757621765,0.02019914612174034
YOR335C,YBL013W,1,5.841708,0.7125505805015564,0.5007112622261047,0.02019914612174034
YBL013W,YIL078W,1,5.834119,0.713131308555603,0.5021337270736694,0.02019914612174034
YJR013W,YDL014W,0,5.830204,0.711693525314331,0.5021337270736694,0.02034139446914196
YPL040C,YNL073W,1,5.8280144,0.7122736573219299,0.5035561919212341,0.02034139446914196
YOL033W,YER087W,1,5.811056,0.7128514051437378,0.5049786567687988,0.02034139446914196
YOR358W,YOR189W,0,5.759344,0.711422860622406,0.5049786567687988,0.02048364095389843
YHR111W,YPL117C,0,5.7561765,0.7099999785423279,0.5049786567687988,0.02062588930130005
YJL179W,YMR243C,0,5.7471523,0.7085828185081482,0.5049786567687988,0.02076813578605652
YHL007C,YDL156W,0,5.732628,0.7071713209152222,0.5049786567687988,0.020910384133458138
YDL095W,YKL149C,0,5.732049,0.705765426158905,0.5049786567687988,0.021052632480859756
YKR046C,YDR363W,0,5.730477,0.704365074634552,0.5049786567687988,0.021194878965616226
YER026C,YMR297W,0,5.7105684,0.7029703259468079,0.5049786567687988,0.021337127313017845
YER029C,YDL017W,0,5.6944957,0.7015810012817383,0.5049786567687988,0.021479373797774315
YML011C,YAL012W,0,5.6788187,0.7001972198486328,0.5049786567687988,0.021621622145175934
YHR091C,YDR268W,1,5.678813,0.7007874250411987,0.5064011216163635,0.021621622145175934
YGL105W,YDR341C,1,5.6779137,0.7013752460479736,0.5078235864639282,0.021621622145175934
YDR177W,YBR239C,0,5.674512,0.699999988079071,0.5078235864639282,0.021763868629932404
YPR081C,YGR185C,1,5.665254,0.7005870938301086,0.5092461109161377,0.021763868629932404
YNL323W,YIR015W,0,5.656082,0.69921875,0.5092461109161377,0.021906116977334023
YNL247W,YGR171C,1,5.655198,0.6998050808906555,0.5106685757637024,0.021906116977334023
YNL212W,YMR192W,0,5.6540604,0.698443591594696,0.5106685757637024,0.022048363462090492
YHR072W-A,YHL032C,0,5.636571,0.6970874071121216,0.5106685757637024,0.02219061180949211
YIR002C,YDR046C,0,5.6171784,0.6957364082336426,0.5106685757637024,0.02233285829424858
YLR060W,YOR335C,1,5.613469,0.6963249444961548,0.5120910406112671,0.02233285829424858
YPL160W,YBL013W,1,5.607112,0.6969112157821655,0.5135135054588318,0.02233285829424858
YHR020W,YDR268W,1,5.6058493,0.69749516248703,0.5149359703063965,0.02233285829424858
YMR316W,YMR083W,0,5.605419,0.6961538195610046,0.5149359703063965,0.0224751066416502
YDR268W,YER087W,1,5.598633,0.6967370510101318,0.5163584351539612,0.0224751066416502
YKL178C,YKR088C,0,5.594015,0.6954023241996765,0.5163584351539612,0.02261735498905182
YDL240W,YBR289W,0,5.593772,0.6940726637840271,0.5163584351539612,0.02275960147380829
YGL126W,YJR139C,0,5.577084,0.6927480697631836,0.5163584351539612,0.022901849821209908
YNR027W,YMR322C,0,5.572034,0.691428542137146,0.5163584351539612,0.023044096305966377
YLR263W,YNL247W,0,5.5711217,0.6901140809059143,0.5163584351539612,0.023186344653367996
YBR213W,YGL100W,0,5.5635138,0.688804566860199,0.5163584351539612,0.023328591138124466
YOR335C,YER087W,1,5.5362496,0.689393937587738,0.5177809596061707,0.023328591138124466
YGL179C,YDR045C,0,5.5352015,0.6880907416343689,0.5177809596061707,0.023470839485526085
YPL177C,YPR057W,0,5.5313444,0.6867924332618713,0.5177809596061707,0.023613085970282555
YDL136W,YJR075W,0,5.5230103,0.6854990720748901,0.5177809596061707,0.023755334317684174
YDR268W,YKL194C,1,5.511944,0.6860902309417725,0.5192034244537354,0.023755334317684174
YCR024C,YJL090C,0,5.5105367,0.6848030090332031,0.5192034244537354,0.023897582665085793
YGR017W,YJL129C,0,5.491684,0.6835206151008606,0.5192034244537354,0.024039829149842262
YIL125W,YJL069C,0,5.486161,0.6822429895401001,0.5192034244537354,0.02418207749724388
YDR236C,YBR245C,0,5.472332,0.6809701323509216,0.5192034244537354,0.02432432398200035
YHR020W,YDR037W,1,5.454748,0.6815642714500427,0.5206258893013,0.02432432398200035
YDL220C,YLL035W,0,5.43933,0.6802973747253418,0.5206258893013,0.02446657232940197
YDL191W,YHR200W,0,5.4351997,0.6790352463722229,0.5206258893013,0.02460881881415844
YPL160W,YDR037W,1,5.4204235,0.6796296238899231,0.5220483541488647,0.02460881881415844
YCL011C,YGR047C,0,5.413017,0.678373396396637,0.5220483541488647,0.02475106716156006
YGL245W,YOL033W,1,5.4040127,0.678966760635376,0.5234708189964294,0.02475106716156006
YOR168W,YGL245W,1,5.4021297,0.6795580387115479,0.5248933434486389,0.02475106716156006
YOR172W,YJL008C,0,5.4007864,0.6783088445663452,0.5248933434486389,0.02489331364631653
YDR432W,YJR145C,0,5.3890924,0.6770642399787903,0.5248933434486389,0.025035561993718147
YHR011W,YGR264C,1,5.388579,0.6776556968688965,0.5263158082962036,0.025035561993718147
YNL247W,YER087W,1,5.3840513,0.678244948387146,0.5277382731437683,0.025035561993718147
YNL323W,YBR139W,0,5.3812513,0.6770073175430298,0.5277382731437683,0.025177808478474617
YER060W-A,YML059C,0,5.3724966,0.6757741570472717,0.5277382731437683,0.025320056825876236
YDR402C,YOL147C,0,5.3629746,0.6745454668998718,0.5277382731437683,0.025462305173277855
YKR001C,YER166W,0,5.359886,0.6733212471008301,0.5277382731437683,0.025604551658034325
YLR090W,YGL255W,0,5.3425765,0.6721014380455017,0.5277382731437683,0.025746800005435944
YBL013W,YHR011W,1,5.3341255,0.6726943850517273,0.529160737991333,0.025746800005435944
YBL037W,YOL005C,0,5.3310833,0.671480119228363,0.529160737991333,0.025889046490192413
YPR055W,YDR071C,0,5.3299055,0.6702702641487122,0.529160737991333,0.026031294837594032
YPL160W,YNL073W,1,5.3182974,0.6708633303642273,0.5305832028388977,0.026031294837594032
YBR121C,YGR264C,1,5.316386,0.6714541912078857,0.5320056676864624,0.026031294837594032
YHR091C,YDR341C,1,5.30639,0.6720430254936218,0.5334281921386719,0.026031294837594032
YGR101W,YLR272C,0,5.292551,0.6708407998085022,0.5334281921386719,0.026173541322350502
YIL129C,YEL017C-A,0,5.2917433,0.6696428656578064,0.5334281921386719,0.02631578966975212
YBR090C-A,YMR119W,0,5.284485,0.6684492230415344,0.5334281921386719,0.02645803615450859
YLR034C,YDR165W,0,5.276469,0.6672598123550415,0.5334281921386719,0.02660028450191021
YDR341C,YOL097C,1,5.263463,0.6678507924079895,0.5348506569862366,0.02660028450191021
YGL105W,YPL097W,1,5.259901,0.6684397459030151,0.5362731218338013,0.02660028450191021
YLR382C,YOL097C,1,5.2544785,0.6690265536308289,0.537695586681366,0.02660028450191021
YPL097W,YKL194C,1,5.252294,0.6696113348007202,0.5391180515289307,0.02660028450191021
YER054C,YML100W,0,5.2489405,0.6684303283691406,0.5391180515289307,0.02674253284931183
YGL161C,YGR038W,0,5.245876,0.6672534942626953,0.5391180515289307,0.0268847793340683
YDR022C,YLR067C,0,5.2441397,0.6660808324813843,0.5391180515289307,0.027027027681469917
YKR001C,YLR240W,0,5.242717,0.6649122834205627,0.5391180515289307,0.027169274166226387
YDR268W,YOR068C,0,5.2354603,0.6637477874755859,0.5391180515289307,0.027311522513628006
YNL066W,YKL138C,0,5.2271104,0.6625874042510986,0.5391180515289307,0.027453768998384476
YNL188W,YIR007W,0,5.2269526,0.661431074142456,0.5391180515289307,0.027596017345786095
YPL160W,YIL078W,1,5.211451,0.6620209217071533,0.5405405163764954,0.027596017345786095
YNL241C,YOR087W,0,5.2112765,0.6608695387840271,0.5405405163764954,0.027738263830542564
YOL033W,YNL073W,1,5.20865,0.6614583134651184,0.5419630408287048,0.027738263830542564
YKL084W,YOL133W,0,5.1965003,0.6603119373321533,0.5419630408287048,0.027880512177944183
YOL097C,YHR019C,1,5.183476,0.6608996391296387,0.5433855056762695,0.027880512177944183
YOR335C,YOL097C,1,5.176731,0.6614853143692017,0.5448079705238342,0.027880512177944183
YCR024C,YOL097C,1,5.173669,0.6620689630508423,0.5462304353713989,0.027880512177944183
YCR024C,YNL073W,1,5.1644764,0.6626505851745605,0.5476529002189636,0.027880512177944183
YJL080C,YFL047W,0,5.1604066,0.661512017250061,0.5476529002189636,0.028022760525345802
YGR140W,YOR386W,0,5.158637,0.6603773832321167,0.5476529002189636,0.028165007010102272
YML041C,YDL188C,0,5.153435,0.659246563911438,0.5476529002189636,0.02830725535750389
YDL076C,YER038C,0,5.142115,0.6581196784973145,0.5476529002189636,0.02844950184226036
YHL032C,YOR092W,0,5.133767,0.6569966077804565,0.5476529002189636,0.02859175018966198
YFL003C,YIR007W,0,5.131009,0.6558773517608643,0.5476529002189636,0.02873399667441845
YOR168W,YBL013W,1,5.128825,0.6564626097679138,0.5490753650665283,0.02873399667441845
YDR213W,YBL075C,0,5.127032,0.6553480625152588,0.5490753650665283,0.02887624502182007
YAL015C,YMR083W,0,5.12672,0.6542372703552246,0.5490753650665283,0.029018491506576538
YIL105C,YDR267C,0,5.114159,0.653130292892456,0.5490753650665283,0.029160739853978157
YOR073W,YDR210C-D,0,5.112117,0.6520270109176636,0.5490753650665283,0.029302986338734627
YPR028W,YNR052C,0,5.0924015,0.6509274840354919,0.5490753650665283,0.029445234686136246
YPL164C,YPL103C,0,5.0910397,0.6498316526412964,0.5490753650665283,0.029587483033537865
YGL205W,YMR149W,0,5.081752,0.6487395167350769,0.5490753650665283,0.029729729518294334
YBL030C,YIL063C,0,5.0743985,0.6476510167121887,0.5490753650665283,0.029871977865695953
YDR365W-B,YHR072W-A,0,5.073306,0.6465661525726318,0.5490753650665283,0.030014224350452423
YPL160W,YOL033W,1,5.071228,0.6471571922302246,0.5504978895187378,0.030014224350452423
YDR293C,YDR316W-A,0,5.0668774,0.6460767984390259,0.5504978895187378,0.030156472697854042
YOL033W,YDR341C,1,5.0480385,0.6466666460037231,0.5519203543663025,0.030156472697854042
YHR020W,YBL013W,1,5.0468855,0.6472545862197876,0.5533428192138672,0.030156472697854042
YJR152W,YFL009W,0,5.0383735,0.6461793780326843,0.5533428192138672,0.030298719182610512
YLR207W,YLR058C,0,5.023753,0.6451078057289124,0.5533428192138672,0.03044096753001213
YER058W,YER014W,0,5.0230308,0.6440397500991821,0.5533428192138672,0.0305832140147686
YDR341C,YDR023W,1,5.0196886,0.64462810754776,0.5547652840614319,0.0305832140147686
YDL239C,YDR099W,0,5.01283,0.6435643434524536,0.5547652840614319,0.03072546236217022
YPL160W,YKL194C,1,5.0056925,0.6441515684127808,0.5561877489089966,0.03072546236217022
YHR150W,YBL005W-A,0,4.9986687,0.6430920958518982,0.5561877489089966,0.03086771070957184
YIL105C,YOR211C,0,4.9945765,0.6420361399650574,0.5561877489089966,0.031009957194328308
YMR056C,YER063W,0,4.984247,0.6409835815429688,0.5561877489089966,0.031152205541729927
YGR240C,YHR165C,0,4.9755406,0.6399345397949219,0.5561877489089966,0.031294453889131546
YPL194W,YPL043W,0,4.965481,0.6388888955116272,0.5561877489089966,0.031436700373888016
YKL216W,YNL169C,0,4.960833,0.6378466486930847,0.5561877489089966,0.031578946858644485
YNL059C,YML092C,0,4.9587326,0.6368077993392944,0.5561877489089966,0.031721193343400955
YOL097C,YDR023W,1,4.957831,0.637398362159729,0.5576102137565613,0.031721193343400955
YHR072W-A,YKR048C,0,4.9566984,0.6363636255264282,0.5576102137565613,0.03186344355344772
YEL016C,YGR133W,0,4.953776,0.6353322267532349,0.5576102137565613,0.03200569003820419
YGR249W,YJL113W,0,4.942071,0.6343042254447937,0.5576102137565613,0.03214793652296066
YLR060W,YOL097C,1,4.939559,0.6348949670791626,0.5590327382087708,0.03214793652296066
YPL160W,YGR185C,1,4.9363317,0.6354838609695435,0.5604552030563354,0.03214793652296066
YLR441C,YPR110C,0,4.9363155,0.6344605684280396,0.5604552030563354,0.03229018673300743
YDR283C,YGR116W,0,4.9336014,0.6334404945373535,0.5604552030563354,0.0324324332177639
YPL013C,YOR256C,0,4.9251995,0.6324237585067749,0.5604552030563354,0.03257467970252037
YER007W,YFL039C,0,4.915113,0.6314102411270142,0.5604552030563354,0.03271692618727684
YDR352W,YDR073W,0,4.8933535,0.6304000020027161,0.5604552030563354,0.03285917639732361
YKL054C,YGR257C,0,4.8921375,0.6293929815292358,0.5604552030563354,0.03300142288208008
YDR005C,YHR091C,0,4.8782706,0.6283891797065735,0.5604552030563354,0.03314366936683655
YOR269W,YGL093W,0,4.8724017,0.6273885369300842,0.5604552030563354,0.03328591585159302
YLL018C,YDR037W,1,4.870971,0.6279809474945068,0.5618776679039001,0.03328591585159302
YKL110C,YMR216C,0,4.866999,0.6269841194152832,0.5618776679039001,0.033428166061639786
YDL229W,YDR388W,0,4.863997,0.6259905099868774,0.5618776679039001,0.033570412546396255
YOR383C,YKL012W,0,4.861888,0.625,0.5618776679039001,0.033712659031152725
YOR319W,YNR054C,0,4.860215,0.6240126490592957,0.5618776679039001,0.03385490924119949
YFR008W,YDR206W,0,4.848112,0.6230283975601196,0.5618776679039001,0.03399715572595596
YGL105W,YOL097C,1,4.8479466,0.6236220598220825,0.5633001327514648,0.03399715572595596
YPL214C,YDR303C,0,4.847294,0.6226415038108826,0.5633001327514648,0.03413940221071243
YLR277C,YHR205W,0,4.8380466,0.6216640472412109,0.5633001327514648,0.0342816486954689
YBR005W,YJR029W,0,4.833324,0.6206896305084229,0.5633001327514648,0.03442389890551567
YNL241C,YPR174C,0,4.826914,0.6197183132171631,0.5633001327514648,0.03456614539027214
YKR085C,YJL033W,0,4.824127,0.6187499761581421,0.5633001327514648,0.03470839187502861
YKL160W,YPL059W,0,4.815995,0.6177847385406494,0.5633001327514648,0.03485063835978508
YDR268W,YGR264C,1,4.8120203,0.618380069732666,0.5647225975990295,0.03485063835978508
YDR307W,YIL073C,0,4.809812,0.6174183487892151,0.5647225975990295,0.03499288856983185
YER058W,YDR294C,0,4.8024483,0.6164596080780029,0.5647225975990295,0.03513513505458832
YPL160W,YHR091C,1,4.797403,0.617054283618927,0.566145122051239,0.03513513505458832
YLL018C,YNL247W,1,4.784768,0.6176470518112183,0.5675675868988037,0.03513513505458832
YHR146W,YOR188W,0,4.7590218,0.6166924238204956,0.5675675868988037,0.03527738153934479
YCL026C-A,YHR161C,0,4.75704,0.6157407164573669,0.5675675868988037,0.035419631749391556
YGL219C,YML126C,0,4.751453,0.614791989326477,0.5675675868988037,0.035561878234148026
YNR039C,YJR159W,0,4.7444534,0.6138461828231812,0.5675675868988037,0.035704124718904495
YBR153W,YER102W,0,4.7316723,0.6129032373428345,0.5675675868988037,0.035846371203660965
YCR024C,YER087W,1,4.729667,0.6134969592094421,0.5689900517463684,0.035846371203660965
YMR184W,YLR288C,0,4.720101,0.6125574111938477,0.5689900517463684,0.03598862141370773
YPL158C,YJL157C,0,4.710593,0.6116207838058472,0.5689900517463684,0.0361308678984642
YLR116W,YPL215W,0,4.7105255,0.6106870174407959,0.5689900517463684,0.03627311438322067
YGR174C,YPL265W,0,4.7092676,0.6097561120986938,0.5689900517463684,0.03641536459326744
YMR189W,YGR121C,0,4.708047,0.6088280081748962,0.5689900517463684,0.03655761107802391
YHR120W,YJL018W,0,4.706762,0.6079027652740479,0.5689900517463684,0.03669985756278038
YMR150C,YGL175C,0,4.701445,0.6069802641868591,0.5689900517463684,0.03684210404753685
YPL104W,YGR094W,1,4.695371,0.6075757741928101,0.5704125165939331,0.03684210404753685
YHR019C,YBL013W,1,4.685411,0.608169436454773,0.5718349814414978,0.03684210404753685
YDR308C,YDR210C-D,0,4.6846604,0.6072507500648499,0.5718349814414978,0.03698435425758362
YDR363W,YGL006W,0,4.6727843,0.6063348650932312,0.5718349814414978,0.03712660074234009
YOR196C,YDR307W,0,4.665543,0.6054216623306274,0.5718349814414978,0.03726884722709656
YGR211W,YOR320C,0,4.6619186,0.6045112609863281,0.5718349814414978,0.03741109371185303
YKL005C,YHR113W,0,4.6560307,0.6036036014556885,0.5718349814414978,0.037553343921899796
YBR139W,YAL047C,0,4.655442,0.6026986241340637,0.5718349814414978,0.037695590406656265
YDR341C,YBL013W,1,4.652389,0.6032934188842773,0.5732574462890625,0.037695590406656265
YHR007C,YEL026W,0,4.6501594,0.6023916006088257,0.5732574462890625,0.037837836891412735
YOR143C,YDL136W,0,4.6406975,0.6014925241470337,0.5732574462890625,0.0379800871014595
YOR335C,YDR023W,1,4.6290903,0.6020864248275757,0.574679970741272,0.0379800871014595
YGR234W,YNL142W,0,4.6275773,0.601190447807312,0.574679970741272,0.03812233358621597
YBR296C,YPL235W,0,4.6259127,0.6002971529960632,0.574679970741272,0.03826458007097244
YPR118W,YBL010C,0,4.621951,0.5994065403938293,0.574679970741272,0.03840682655572891
YDR156W,YNL063W,0,4.6149263,0.5985184907913208,0.574679970741272,0.03854907676577568
YAL014C,YPL212C,0,4.6067705,0.5976331233978271,0.574679970741272,0.03869132325053215
YML041C,YGL013C,0,4.605187,0.5967503786087036,0.574679970741272,0.03883356973528862
YDR019C,YJL089W,0,4.6024647,0.5958701968193054,0.574679970741272,0.03897581622004509
YDR204W,YHR043C,0,4.597117,0.5949926376342773,0.574679970741272,0.03911806643009186
YIL030C,YBR210W,0,4.583801,0.5941176414489746,0.574679970741272,0.03926031291484833
YPR073C,YBR198C,0,4.5816727,0.5932452082633972,0.574679970741272,0.0394025593996048
YPL160W,YPR081C,1,4.580301,0.5938416719436646,0.5761024355888367,0.0394025593996048
YPR057W,YKL081W,0,4.575139,0.5929721593856812,0.5761024355888367,0.039544809609651566
YDR268W,YPL097W,1,4.573844,0.5935672521591187,0.5775249004364014,0.039544809609651566
YBL027W,YJR105W,0,4.569664,0.592700719833374,0.5775249004364014,0.039687056094408035
YHR091C,YBL013W,1,4.5615463,0.5932944416999817,0.5789473652839661,0.039687056094408035
YPL160W,YGR094W,1,4.559491,0.5938864350318909,0.5803698301315308,0.039687056094408035
YLR319C,YDL132W,0,4.5504484,0.5930232405662537,0.5803698301315308,0.039829302579164505
YOR192C-A,YDR055W,0,4.5474424,0.592162549495697,0.5803698301315308,0.039971549063920975
YBR297W,YBR107C,0,4.545162,0.591304361820221,0.5803698301315308,0.04011379927396774
YGR231C,YMR292W,0,4.544505,0.5904486179351807,0.5803698301315308,0.04025604575872421
YHR011W,YIL078W,1,4.5432353,0.5910404920578003,0.5817922949790955,0.04025604575872421
YJR029W,YML116W,0,4.542063,0.5901876091957092,0.5817922949790955,0.04039829224348068
YPL060C-A,YOR221C,0,4.539604,0.589337170124054,0.5817922949790955,0.04054053872823715
YHR028C,YBR189W,0,4.5364075,0.5884892344474792,0.5817922949790955,0.04068278893828392
YML004C,YOR149C,0,4.5363483,0.5876436829566956,0.5817922949790955,0.04082503542304039
YGL210W,YNL199C,0,4.5262313,0.5868005752563477,0.5817922949790955,0.04096728190779686
YGR038C-A,YLR117C,0,4.5240927,0.5859599113464355,0.5817922949790955,0.04110953211784363
YGL092W,YCR016W,0,4.520145,0.5851216316223145,0.5817922949790955,0.0412517786026001
YGR037C,YKL220C,0,4.510651,0.5842857360839844,0.5817922949790955,0.04139402508735657
YHR146W,YNR051C,0,4.502378,0.5834522247314453,0.5817922949790955,0.04153627157211304
YPL097W,YOL097C,1,4.4984126,0.5840455889701843,0.5832148194313049,0.04153627157211304
YGR207C,YOL135C,0,4.4982295,0.5832148194313049,0.5832148194313049,0.041678521782159805
YGR101W,YDR400W,0,4.4918785,0.5823863744735718,0.5832148194313049,0.041820768266916275
YML085C,YNL316C,0,4.4870286,0.5815602540969849,0.5832148194313049,0.041963014751672745
YER035W,YLR446W,0,4.48447,0.580736517906189,0.5832148194313049,0.04210526496171951
YJL089W,YKL091C,0,4.4723682,0.5799151062965393,0.5832148194313049,0.04224751144647598
YGR106C,YLR143W,0,4.4678907,0.5790960192680359,0.5832148194313049,0.04238975793123245
YDR307W,YNL053W,0,4.4668684,0.5782792568206787,0.5832148194313049,0.04253200441598892
YGR097W,YGL115W,0,4.4607162,0.577464759349823,0.5832148194313049,0.04267425462603569
YEL017C-A,YBR091C,0,4.455557,0.5766525864601135,0.5832148194313049,0.04281650111079216
YDR019C,YIL148W,0,4.4541426,0.5758426785469055,0.5832148194313049,0.04295874759554863
YDR093W,YNL286W,0,4.453063,0.575035035610199,0.5832148194313049,0.0431009940803051
YIL156W,YCR035C,0,4.4489584,0.5742297172546387,0.5832148194313049,0.04324324429035187
YER048C,YHL022C,0,4.4426794,0.5734265446662903,0.5832148194313049,0.04338549077510834
YJR104C,YBR234C,0,4.442522,0.5726256966590881,0.5832148194313049,0.04352773725986481
YGR037C,YGR062C,0,4.4316607,0.5718270540237427,0.5832148194313049,0.043669987469911575
YKL221W,YML087C,0,4.419632,0.5710306167602539,0.5832148194313049,0.043812233954668045
YLL018C,YOL033W,1,4.412615,0.5716272592544556,0.5846372842788696,0.043812233954668045
YPL230W,YDR034C-C,0,4.4050894,0.5708333253860474,0.5846372842788696,0.043954480439424515
YDL210W,YER086W,0,4.389783,0.5700415968894958,0.5846372842788696,0.044096726924180984
YFL022C,YJL106W,0,4.3853316,0.569252073764801,0.5846372842788696,0.04423897713422775
YDR227W,YJL168C,0,4.382429,0.5684647560119629,0.5846372842788696,0.04438122361898422
YMR192W,YMR225C,0,4.3719387,0.5676795840263367,0.5846372842788696,0.04452347010374069
YOR073W,YHR063C,0,4.352907,0.5668965578079224,0.5846372842788696,0.04466571658849716
YPL010W,YPL124W,0,4.3506413,0.56611567735672,0.5846372842788696,0.04480796679854393
YHR113W,YDR448W,0,4.3423295,0.5653370022773743,0.5846372842788696,0.0449502132833004
YPR145W,YDR407C,0,4.338811,0.5645604133605957,0.5846372842788696,0.04509245976805687
YLR382C,YPL160W,1,4.3369923,0.5651577711105347,0.5860597491264343,0.04509245976805687
YDR268W,YFL022C,1,4.3357534,0.5657534003257751,0.587482213973999,0.04509245976805687
YNL129W,YNR007C,0,4.335643,0.5649794936180115,0.587482213973999,0.04523470997810364
YCR091W,YDR055W,0,4.3334765,0.5642076730728149,0.587482213973999,0.04537695646286011
YNL164C,YEL048C,0,4.33055,0.5634379386901855,0.587482213973999,0.04551920294761658
YDR424C,YFL062W,0,4.3276324,0.5626702904701233,0.587482213973999,0.04566144943237305
YDR363W,YPR009W,0,4.3233767,0.561904788017273,0.587482213973999,0.045803699642419815
YKL194C,YER087W,1,4.312216,0.5625,0.5889046788215637,0.045803699642419815
YGR109W-A,YDR331W,0,4.310173,0.5617367625236511,0.5889046788215637,0.045945946127176285
YOR059C,YOR034C,0,4.307886,0.5609756112098694,0.5889046788215637,0.046088192611932755
YIL067C,YER183C,0,4.3057466,0.56021648645401,0.5889046788215637,0.04623044282197952
YBR091C,YDR073W,0,4.3057156,0.5594594478607178,0.5889046788215637,0.04637268930673599
YOR168W,YLL018C,1,4.305115,0.5600540041923523,0.5903271436691284,0.04637268930673599
YGR208W,YIL148W,0,4.298636,0.5592991709709167,0.5903271436691284,0.04651493579149246
YGL191W,YFL035C-A,0,4.2812514,0.5585464239120483,0.5903271436691284,0.04665718227624893
YPL237W,YNL310C,0,4.2744217,0.5577957034111023,0.5903271436691284,0.0467994324862957
YPL160W,YDR341C,1,4.2715025,0.5583892464637756,0.5917496681213379,0.0467994324862957
YOR044W,YDL137W,0,4.2714977,0.5576407313346863,0.5917496681213379,0.04694167897105217
YJR010C-A,YDL038C,0,4.27003,0.5568942427635193,0.5917496681213379,0.04708392545580864
YMR006C,YPR036W,0,4.2634535,0.5561497211456299,0.5917496681213379,0.04722617194056511
YLL018C,YGL105W,1,4.259774,0.5567423105239868,0.5931721329689026,0.04722617194056511
YMR150C,YML057W,0,4.254489,0.5559999942779541,0.5931721329689026,0.04736842215061188
YHR092C,YDR478W,0,4.243444,0.555259644985199,0.5931721329689026,0.04751066863536835
YPL040C,YOR168W,1,4.2423763,0.5558510422706604,0.5945945978164673,0.04751066863536835
YMR067C,YPL059W,0,4.2343464,0.555112898349762,0.5945945978164673,0.04765291512012482
YDR037W,YGR185C,1,4.232951,0.5557029247283936,0.596017062664032,0.04765291512012482
YCR016W,YDR005C,0,4.22757,0.5549668669700623,0.596017062664032,0.047795165330171585
YPL230W,YBL084C,0,4.2270083,0.5542327761650085,0.596017062664032,0.047937411814928055
YBL055C,YKR013W,0,4.2238145,0.5535006523132324,0.596017062664032,0.048079658299684525
YGR094W,YNL073W,1,4.222222,0.5540897250175476,0.5974395275115967,0.048079658299684525
YBL014C,YFR004W,0,4.220293,0.5533596873283386,0.5974395275115967,0.048221904784440994
YEL077C,YPL271W,0,4.2145634,0.5526315569877625,0.5974395275115967,0.04836415499448776
YBR179C,YNL086W,0,4.2132215,0.5519053936004639,0.5974395275115967,0.04850640147924423
YMR208W,YBL097W,0,4.2092543,0.5511810779571533,0.5974395275115967,0.0486486479640007
YCR024C,YAL058W,0,4.2044816,0.5504587292671204,0.5974395275115967,0.04879089444875717
YJL113W,YGR106C,0,4.2018013,0.5497382283210754,0.5974395275115967,0.04893314465880394
YAR007C,YGR249W,0,4.200394,0.5490196347236633,0.5974395275115967,0.04907539114356041
YAL034W-A,YGR002C,0,4.199799,0.5483028888702393,0.5974395275115967,0.04921763762831688
YDR420W,YJL115W,0,4.198308,0.5475879907608032,0.5974395275115967,0.04935988783836365
YDR110W,YPL103C,0,4.195276,0.546875,0.5974395275115967,0.04950213432312012
YPR081C,YNL073W,1,4.195232,0.5474642515182495,0.5988619923591614,0.04950213432312012
YHR020W,YER087W,1,4.190321,0.5480519533157349,0.6002845168113708,0.04950213432312012
YIL013C,YBL090W,0,4.185499,0.5473411083221436,0.6002845168113708,0.04964438080787659
YCR066W,YDR040C,0,4.167308,0.5466321110725403,0.6002845168113708,0.04978662729263306
YBR153W,YJL189W,0,4.1569943,0.545924961566925,0.6002845168113708,0.049928877502679825
YML069W,YMR282C,0,4.1496387,0.5452196598052979,0.6002845168113708,0.050071123987436295
YDR345C,YLR266C,0,4.137711,0.5445161461830139,0.6002845168113708,0.050213370472192764
YPL160W,YBR121C,1,4.135207,0.5451030731201172,0.6017069816589355,0.050213370472192764
YIL156W,YIL126W,0,4.135136,0.5444015264511108,0.6017069816589355,0.050355616956949234
YAL003W,YGL222C,0,4.1305213,0.5437018275260925,0.6017069816589355,0.050497867166996
YBR213W,YBL106C,0,4.1275573,0.5430038571357727,0.6017069816589355,0.05064011365175247
YDR127W,YAR050W,0,4.126848,0.5423076748847961,0.6017069816589355,0.05078236013650894
YDL147W,YJR135W-A,0,4.1235175,0.5416133403778076,0.6017069816589355,0.05092461034655571
YLR060W,YGL105W,1,4.123005,0.5421994924545288,0.6031294465065002,0.05092461034655571
YCL019W,YPL020C,0,4.114852,0.5415070056915283,0.6031294465065002,0.05106685683131218
YOR151C,YPL037C,0,4.111537,0.5408163070678711,0.6031294465065002,0.05120910331606865
YLR196W,YMR293C,0,4.102909,0.5401273965835571,0.6031294465065002,0.05135134980082512
YDR341C,YKL194C,1,4.0905323,0.5407124757766724,0.6045519113540649,0.05135134980082512
YPL068C,YHR149C,0,4.088583,0.5400254130363464,0.6045519113540649,0.05149360001087189
YOL039W,YDR478W,0,4.08198,0.539340078830719,0.6045519113540649,0.05163584649562836
YLL015W,YDR039C,0,4.080746,0.5386565327644348,0.6045519113540649,0.05177809298038483
YGR289C,YNL301C,0,4.078271,0.5379746556282043,0.6045519113540649,0.051920343190431595
YHL032C,YML023C,0,4.077712,0.5372945666313171,0.6045519113540649,0.052062589675188065
YLL028W,YIL075C,0,4.0760994,0.5366161465644836,0.6045519113540649,0.052204836159944534
YOR069W,YML024W,0,4.07205,0.5359394550323486,0.6045519113540649,0.052347082644701004
YLR102C,YGL175C,0,4.066358,0.5352644920349121,0.6045519113540649,0.05248933285474777
YBR060C,YBL013W,0,4.059787,0.5345911979675293,0.6045519113540649,0.05263157933950424
YNL146W,YBL006C,0,4.0419493,0.5339195728302002,0.6045519113540649,0.05277382582426071
YDR019C,YGL185C,0,4.0396905,0.5332496762275696,0.6045519113540649,0.05291607230901718
YBL013W,YGR094W,1,4.035796,0.5338345766067505,0.6059743762016296,0.05291607230901718
YDL220C,YMR234W,0,4.0346265,0.5331664681434631,0.6059743762016296,0.05305832251906395
YDR189W,YOR091W,0,4.031761,0.5325000286102295,0.6059743762016296,0.05320056900382042
YMR022W,YBR149W,0,4.03071,0.5318351984024048,0.6059743762016296,0.05334281548857689
YJL189W,YGL227W,0,4.0273995,0.5311720967292786,0.6059743762016296,0.05348506569862366
YIL030C,YDR107C,0,4.023777,0.5305106043815613,0.6059743762016296,0.05362731218338013
YGL104C,YER062C,0,4.017421,0.5298507213592529,0.6059743762016296,0.0537695586681366
YNL058C,YFL049W,0,4.0132694,0.5291925668716431,0.6059743762016296,0.053911805152893066
YIL010W,YDR037W,0,4.011442,0.5285359621047974,0.6059743762016296,0.054054055362939835
YDR037W,YBL013W,1,4.010991,0.5291202068328857,0.6073968410491943,0.054054055362939835
YPL106C,YGL240W,0,4.0106616,0.5284653306007385,0.6073968410491943,0.054196301847696304
YPL255W,YMR030W,0,4.010294,0.527812123298645,0.6073968410491943,0.054338548332452774
YPR037C,YBR234C,0,4.009265,0.5271604657173157,0.6073968410491943,0.054480794817209244
YIL117C,YDR261C-C,0,4.007834,0.52651047706604,0.6073968410491943,0.05462304502725601
YDR324C,YPR114W,0,4.007365,0.5258620977401733,0.6073968410491943,0.05476529151201248
YDR184C,YHR113W,0,3.9918668,0.5252152681350708,0.6073968410491943,0.05490753799676895
YJR090C,YIR021W,0,3.991209,0.5245700478553772,0.6073968410491943,0.05504978820681572
YCL066W,YCR079W,0,3.983949,0.5239263772964478,0.6073968410491943,0.05519203469157219
YOR168W,YKL194C,1,3.9747906,0.5245097875595093,0.6088193655014038,0.05519203469157219
YPR033C,YOR168W,1,3.973082,0.525091826915741,0.6102418303489685,0.05519203469157219
YIL049W,YNL035C,0,3.9669158,0.52444988489151,0.6102418303489685,0.05533428117632866
YGL223C,YEL026W,0,3.9578457,0.523809552192688,0.6102418303489685,0.05547652766108513
YOL068C,YIR023W,0,3.9502168,0.5231707096099854,0.6102418303489685,0.0556187778711319
YKR067W,YGL255W,0,3.9301512,0.5225334763526917,0.6102418303489685,0.05576102435588837
YAL062W,YLR347C,0,3.926741,0.5218977928161621,0.6102418303489685,0.055903270840644836
YBR297W,YHR045W,0,3.916728,0.5212636590003967,0.6102418303489685,0.056045521050691605
YGL223C,YIL074C,0,3.915652,0.5206310749053955,0.6102418303489685,0.056187767535448074
YGL222C,YGL018C,0,3.9107647,0.5199999809265137,0.6102418303489685,0.056330014020204544
YPL104W,YPL040C,1,3.9071603,0.5205811262130737,0.6116642951965332,0.056330014020204544
YPL155C,YPL217C,0,3.9053936,0.5199516415596008,0.6116642951965332,0.056472260504961014
YJR065C,YOR303W,0,3.9031076,0.5193236470222473,0.6116642951965332,0.05661451071500778
YLL018C,YIL078W,1,3.902335,0.5199034810066223,0.6130867600440979,0.05661451071500778
YHR098C,YOR077W,0,3.900957,0.5192770957946777,0.6130867600440979,0.05675675719976425
YCR073C,YAL010C,0,3.8993964,0.5186522006988525,0.6130867600440979,0.05689900368452072
YMR088C,YDL122W,0,3.8955593,0.5180288553237915,0.6130867600440979,0.05704125016927719
YNL106C,YER044C-A,0,3.8949249,0.5174069404602051,0.6130867600440979,0.05718350037932396
YCR024C,YDR341C,1,3.8945684,0.5179855823516846,0.6145092248916626,0.05718350037932396
YPR047W,YER087W,1,3.8937416,0.5185628533363342,0.6159317493438721,0.05718350037932396
YOR168W,YCR024C,1,3.890301,0.519138753414154,0.6173542141914368,0.05718350037932396
YEL051W,YBL005W,0,3.8886416,0.5185185074806213,0.6173542141914368,0.05732574686408043
YDR206W,YLR377C,0,3.8868308,0.517899751663208,0.6173542141914368,0.0574679933488369
YDR189W,YCR086W,0,3.8820589,0.5172824859619141,0.6173542141914368,0.05761024355888367
YDR425W,YGR075C,0,3.8732939,0.5166666507720947,0.6173542141914368,0.05775249004364014
YKL039W,YLR367W,0,3.8724298,0.5160523056983948,0.6173542141914368,0.057894736528396606
YIL105C,YLR186W,0,3.8647504,0.5154394507408142,0.6173542141914368,0.058036983013153076
YPR068C,YAL058W,0,3.8558397,0.5148279666900635,0.6173542141914368,0.058179233223199844
YMR068W,YBR156C,0,3.8542082,0.5142180323600769,0.6173542141914368,0.058321479707956314
YBR105C,YFL062W,0,3.8528957,0.5136094689369202,0.6173542141914368,0.058463726192712784
YAL021C,YMR040W,0,3.847656,0.513002336025238,0.6173542141914368,0.058605972677469254
YPL104W,YBR121C,1,3.842531,0.5135773420333862,0.6187766790390015,0.058605972677469254
YJL162C,YDR477W,0,3.8395529,0.5129716992378235,0.6187766790390015,0.05874822288751602
YJR139C,YIL056W,0,3.838605,0.5123674869537354,0.6187766790390015,0.05889046937227249
YLL011W,YLR067C,0,3.8298397,0.5117647051811218,0.6187766790390015,0.05903271585702896
YMR016C,YMR071C,0,3.8233454,0.5111633539199829,0.6187766790390015,0.05917496606707573
YKR001C,YDR208W,0,3.8077993,0.5105633735656738,0.6187766790390015,0.0593172125518322
YDR273W,YOL051W,0,3.8076468,0.5099648237228394,0.6187766790390015,0.05945945903658867
YOL097C,YGR094W,1,3.8021278,0.510538637638092,0.6201991438865662,0.05945945903658867
YLR172C,YDR358W,0,3.7971578,0.5099415183067322,0.6201991438865662,0.05960170552134514
YKL209C,YCR089W,0,3.7968688,0.5093457698822021,0.6201991438865662,0.05974395573139191
YCL011C,YLL022C,0,3.7939982,0.5087514519691467,0.6201991438865662,0.059886202216148376
YML123C,YDR339C,0,3.7911983,0.5081585049629211,0.6201991438865662,0.060028448700904846
YOL097C,YHR011W,1,3.7821074,0.5087310671806335,0.6216216087341309,0.060028448700904846
YJL145W,YDL164C,0,3.7789536,0.5081395506858826,0.6216216087341309,0.060170695185661316
YHL018W,YER006W,0,3.7778041,0.5075493454933167,0.6216216087341309,0.060312945395708084
YML004C,YPR025C,0,3.7744825,0.5069605708122253,0.6216216087341309,0.060455191880464554
YOR168W,YPR081C,1,3.7694283,0.5075318813323975,0.6230440735816956,0.060455191880464554
YNL246W,YDR143C,0,3.7614453,0.5069444179534912,0.6230440735816956,0.060597438365221024
YIL019W,YBR105C,0,3.7563124,0.5063583850860596,0.6230440735816956,0.06073968857526779
YLR212C,YLR418C,0,3.7516565,0.505773663520813,0.6230440735816956,0.06088193506002426
YNR030W,YOR354C,0,3.748813,0.5051903128623962,0.6230440735816956,0.06102418154478073
YLR060W,YDR268W,1,3.7427952,0.5057603716850281,0.624466598033905,0.06102418154478073
YGL016W,YDR345C,0,3.7395482,0.5051783919334412,0.624466598033905,0.0611664280295372
YDL066W,YIL103W,0,3.7365904,0.5045977234840393,0.624466598033905,0.06130867823958397
YML085C,YLR119W,0,3.7321749,0.5040183663368225,0.624466598033905,0.06145092472434044
YHL002W,YML059C,0,3.7218013,0.5034403800964355,0.624466598033905,0.06159317120909691
YLL018C,YPR081C,1,3.7201118,0.5040091872215271,0.6258890628814697,0.06159317120909691
YBR160W,YIL063C,0,3.7195492,0.5034325122833252,0.6258890628814697,0.06173542141914368
YLR286C,YLR310C,0,3.7178595,0.5028571486473083,0.6258890628814697,0.061877667903900146
YDR210W-A,YML047C,0,3.7174006,0.5022830963134766,0.6258890628814697,0.062019914388656616
YER133W,YBR056W,0,3.7163825,0.5017103552818298,0.6258890628814697,0.062162160873413086
YAL021C,YMR278W,0,3.7155714,0.5011389255523682,0.6258890628814697,0.062304411083459854
YPR033C,YGL105W,1,3.7129667,0.5017064809799194,0.6273115277290344,0.062304411083459854
YEL044W,YDR485C,0,3.7015762,0.5011363625526428,0.6273115277290344,0.062446657568216324
YGR038C-A,YDL038C,0,3.698703,0.5005675554275513,0.6273115277290344,0.06258890777826309
YGL196W,YOR244W,0,3.6867146,0.5,0.6273115277290344,0.06273115426301956
YLR221C,YHR098C,0,3.6863952,0.4994337558746338,0.6273115277290344,0.06287340074777603
YGL125W,YBL054W,0,3.6756155,0.49886876344680786,0.6273115277290344,0.0630156472325325
YDR341C,YDR037W,1,3.6730258,0.49943503737449646,0.6287339925765991,0.0630156472325325
YFL037W,YDR398W,0,3.671194,0.4988713264465332,0.6287339925765991,0.06315789371728897
YIL087C,YPL038W,0,3.666066,0.4983088970184326,0.6287339925765991,0.06330014020204544
YBR028C,YJL173C,0,3.662828,0.4977477490901947,0.6287339925765991,0.06344238668680191
YLR109W,YNL176C,0,3.6605754,0.49718785285949707,0.6287339925765991,0.06358464062213898
YDR243C,YMR094W,0,3.6563263,0.4966292083263397,0.6287339925765991,0.06372688710689545
YPL033C,YDR126W,0,3.6503282,0.49607181549072266,0.6287339925765991,0.06386913359165192
YHR064C,YGL031C,0,3.645279,0.49551570415496826,0.6287339925765991,0.06401138007640839
YPR137C-B,YPL037C,0,3.6448393,0.49496081471443176,0.6287339925765991,0.06415362656116486
YHR114W,YIL136W,0,3.6427448,0.49440714716911316,0.6287339925765991,0.06429587304592133
YHL009W-A,YJL101C,0,3.642255,0.4938547611236572,0.6287339925765991,0.0644381195306778
YOL097C,YIL078W,1,3.6235952,0.4944196343421936,0.6301564574241638,0.0644381195306778
YHR102W,YER011W,0,3.6084962,0.4938684403896332,0.6301564574241638,0.06458037346601486
YBR035C,YNL024C,0,3.608212,0.49331849813461304,0.6301564574241638,0.06472261995077133
YBR203W,YML043C,0,3.5883877,0.4927697479724884,0.6301564574241638,0.0648648664355278
YMR189W,YML010W,0,3.5819438,0.49222221970558167,0.6301564574241638,0.06500711292028427
YDR393W,YOR192C-A,0,3.5747945,0.4916759133338928,0.6301564574241638,0.06514935940504074
YCR024C,YIR023W,0,3.569506,0.4911308288574219,0.6301564574241638,0.06529160588979721
YPR063C,YMR243C,0,3.5600708,0.49058693647384644,0.6301564574241638,0.06543385237455368
YMR298W,YOR090C,0,3.5591254,0.4900442361831665,0.6301564574241638,0.06557609885931015
YAL041W,YLR100W,0,3.5524788,0.48950275778770447,0.6301564574241638,0.06571835279464722
YBR139W,YPL043W,0,3.551905,0.48896247148513794,0.6301564574241638,0.06586059927940369
YOR181W,YPL137C,0,3.5481458,0.4884233772754669,0.6301564574241638,0.06600284576416016
YMR012W,YLR139C,0,3.5480013,0.4878854751586914,0.6301564574241638,0.06614509224891663
YJL160C,YOR278W,0,3.5463202,0.487348735332489,0.6301564574241638,0.0662873387336731
YHR020W,YNL073W,1,3.5444593,0.4879120886325836,0.6315789222717285,0.0662873387336731
YKL058W,YDR294C,0,3.5415344,0.48737651109695435,0.6315789222717285,0.06642958521842957
YHL022C,YDR198C,0,3.5410464,0.4868420958518982,0.6315789222717285,0.06657183170318604
YGL245W,YOL097C,1,3.5396817,0.4874041676521301,0.633001446723938,0.06657183170318604
YGL189C,YMR236W,0,3.531704,0.4868708848953247,0.633001446723938,0.0667140856385231
YHR011W,YNL073W,1,3.528741,0.48743170499801636,0.6344239115715027,0.0667140856385231
YML113W,YDR055W,0,3.5261028,0.48689955472946167,0.6344239115715027,0.06685633212327957
YGR080W,YER094C,0,3.5239947,0.4863685965538025,0.6344239115715027,0.06699857860803604
YMR211W,YMR220W,0,3.5205379,0.48583877086639404,0.6344239115715027,0.06714082509279251
YDR268W,YNL073W,1,3.5177708,0.48639824986457825,0.6358463764190674,0.06714082509279251
YJL100W,YMR165C,0,3.5120392,0.48586955666542053,0.6358463764190674,0.06728307157754898
YPL097W,YGR171C,1,3.5068634,0.48642778396606445,0.6372688412666321,0.06728307157754898
YLR092W,YGL222C,0,3.505033,0.48590022325515747,0.6372688412666321,0.06742531806230545
YPR057W,YKR048C,0,3.5045118,0.4853737950325012,0.6372688412666321,0.06756756454706192
YAL053W,YNL246W,0,3.5015287,0.4848484992980957,0.6372688412666321,0.06770981848239899
YER140W,YPR032W,0,3.5012262,0.4843243360519409,0.6372688412666321,0.06785206496715546
YPL160W,YPR033C,1,3.49945,0.4848812222480774,0.6386913061141968,0.06785206496715546
YBL002W,YHR148W,0,3.4980905,0.48435813188552856,0.6386913061141968,0.06799431145191193
YPR184W,YMR183C,0,3.4956775,0.48383620381355286,0.6386913061141968,0.0681365579366684
YKL086W,YFL003C,0,3.4914055,0.4833153784275055,0.6386913061141968,0.06827880442142487
YDL123W,YOR133W,0,3.4907496,0.48279568552970886,0.6386913061141968,0.06842105090618134
YMR291W,YFL037W,0,3.4893017,0.48227712512016296,0.6386913061141968,0.0685632973909378
YKR053C,YFR030W,0,3.4858665,0.4817596673965454,0.6386913061141968,0.06870555132627487
YOL060C,YLR406C,0,3.4850504,0.4812433123588562,0.6386913061141968,0.06884779781103134
YEL017C-A,YBR234C,0,3.4847233,0.48072806000709534,0.6386913061141968,0.06899004429578781
YBL099W,YPL189C-A,0,3.4813755,0.4802139103412628,0.6386913061141968,0.06913229078054428
YMR312W,YER167W,0,3.4771013,0.47970086336135864,0.6386913061141968,0.06927453726530075
YER061C,YPL061W,0,3.472599,0.4791888892650604,0.6386913061141968,0.06941678375005722
YCR028C-A,YPL269W,0,3.4650838,0.47867804765701294,0.6386913061141968,0.06955903023481369
YBR171W,YGR121C,0,3.4623134,0.4781682789325714,0.6386913061141968,0.06970127671957016
YPL104W,YCR024C,1,3.4584315,0.478723406791687,0.6401137709617615,0.06970127671957016
YLR157C-B,YKL024C,0,3.449228,0.47821465134620667,0.6401137709617615,0.06984353065490723
YLR034C,YDR013W,0,3.4449058,0.47770699858665466,0.6401137709617615,0.0699857771396637
YPR033C,YNL073W,1,3.4446807,0.47826087474823,0.641536295413971,0.0699857771396637
YGR264C,YGR171C,1,3.4390192,0.4788135588169098,0.6429587602615356,0.0699857771396637
YIL090W,YDL136W,0,3.4389198,0.4783068895339966,0.6429587602615356,0.07012802362442017
YCL047C,YER155C,0,3.4379618,0.47780126333236694,0.6429587602615356,0.07027027010917664
YPL248C,YGR040W,0,3.4343917,0.47729673981666565,0.6429587602615356,0.0704125165939331
YLR081W,YOL068C,0,3.4318106,0.4767932593822479,0.6429587602615356,0.07055476307868958
YFL041W,YHR006W,0,3.4288282,0.47629082202911377,0.6429587602615356,0.07069700956344604
YOR259C,YGL100W,0,3.4276285,0.47578948736190796,0.6429587602615356,0.07083926349878311
YHR105W,YHR096C,0,3.4274228,0.47528916597366333,0.6429587602615356,0.07098150998353958
YHR142W,YDR054C,0,3.42441,0.47478991746902466,0.6429587602615356,0.07112375646829605
YDR308C,YHR009C,0,3.4212794,0.47429171204566956,0.6429587602615356,0.07126600295305252
YDL201W,YGR241C,0,3.4189959,0.473794549703598,0.6429587602615356,0.07140824943780899
YOL097C,YPR081C,1,3.416681,0.47434553503990173,0.6443812251091003,0.07140824943780899
YDR118W,YHR139C,0,3.4154968,0.4738493859767914,0.6443812251091003,0.07155049592256546
YPL160W,YHR011W,1,3.4149475,0.4743991494178772,0.645803689956665,0.07155049592256546
YMR098C,YOR320C,0,3.414431,0.47390395402908325,0.645803689956665,0.07169274240732193
YCR024C,YLL018C,1,3.408217,0.47445255517959595,0.6472261548042297,0.07169274240732193
YBR237W,YLR174W,0,3.4062352,0.4739583432674408,0.6472261548042297,0.071834996342659
YPL160W,YFL022C,1,3.405968,0.4745057225227356,0.6486486196517944,0.071834996342659
YDL033C,YER110C,0,3.401917,0.47401246428489685,0.6486486196517944,0.07197724282741547
YDR301W,YGL070C,0,3.3993168,0.4735202491283417,0.6486486196517944,0.07211948931217194
YDR273W,YNL299W,0,3.396739,0.4730290472507477,0.6486486196517944,0.0722617357969284
YEL038W,YER088C,0,3.3915124,0.47253885865211487,0.6486486196517944,0.07240398228168488
YLR060W,YGR171C,1,3.3847828,0.4730848968029022,0.6500711441040039,0.07240398228168488
YLR060W,YOR168W,1,3.382543,0.47362977266311646,0.6514936089515686,0.07240398228168488
YGL020C,YLL022C,0,3.3790307,0.47314050793647766,0.6514936089515686,0.07254622876644135
YEL004W,YPL048W,0,3.3788886,0.47265222668647766,0.6514936089515686,0.07268847525119781
YPR047W,YDL052C,0,3.3778212,0.47216495871543884,0.6514936089515686,0.07283072918653488
YLR188W,YNL161W,0,3.371173,0.4716786742210388,0.6514936089515686,0.07297297567129135
YLR055C,YPL076W,0,3.3688948,0.4711934030056,0.6514936089515686,0.07311522215604782
YIL103W,YOR189W,0,3.3687804,0.4707091450691223,0.6514936089515686,0.07325746864080429
YLR100W,YOR391C,0,3.3674066,0.47022587060928345,0.6514936089515686,0.07339971512556076
YBR298C,YGR209C,0,3.365045,0.4697435796260834,0.6514936089515686,0.07354196161031723
YMR305C,YER124C,0,3.3648813,0.4692623019218445,0.6514936089515686,0.0736842080950737
YNL329C,YHL036W,0,3.359529,0.468781977891922,0.6514936089515686,0.07382645457983017
YGR047C,YJL183W,0,3.3571217,0.4683026671409607,0.6514936089515686,0.07396870851516724
YLR188W,YMR128W,0,3.3558185,0.4678243100643158,0.6514936089515686,0.0741109549999237
YNL323W,YHL047C,0,3.350995,0.4673469364643097,0.6514936089515686,0.07425320148468018
YNL247W,YGR185C,1,3.34658,0.4678899049758911,0.6529160737991333,0.07425320148468018
YGR211W,YKR095W,0,3.345169,0.46741345524787903,0.6529160737991333,0.07439544796943665
YGR062C,YLL038C,0,3.3432212,0.46693795919418335,0.6529160737991333,0.07453769445419312
YLR158C,YLR051C,0,3.342165,0.4664634168148041,0.6529160737991333,0.07467994093894958
YDR324C,YMR244C-A,0,3.3414388,0.4659898579120636,0.6529160737991333,0.07482218742370605
YDR478W,YKL138C-A,0,3.339217,0.4655172526836395,0.6529160737991333,0.07496444135904312
YBR121C,YER087W,1,3.3326106,0.46605876088142395,0.654338538646698,0.07496444135904312
YDR452W,YML093W,0,3.3325534,0.4655870497226715,0.654338538646698,0.07510668784379959
YJL059W,YMR224C,0,3.330184,0.4651162922382355,0.654338538646698,0.07524893432855606
YLR090W,YHR203C,0,3.3224568,0.46464645862579346,0.654338538646698,0.07539118081331253
YNR026C,YGL131C,0,3.3174121,0.46417760848999023,0.654338538646698,0.075533427298069
YDR052C,YBR091C,0,3.309189,0.46370968222618103,0.654338538646698,0.07567567378282547
YKL167C,YIL103W,0,3.3085501,0.46324270963668823,0.654338538646698,0.07581792026758194
YER127W,YPR016C,0,3.3045106,0.46277666091918945,0.654338538646698,0.075960174202919
YOR211C,YDL164C,0,3.3023179,0.4623115658760071,0.654338538646698,0.07610242068767548
YLR154W-C,YER053C,0,3.3015475,0.4618473947048187,0.654338538646698,0.07624466717243195
YNL247W,YNL073W,1,3.2950697,0.46238717436790466,0.6557610034942627,0.07624466717243195
YGL035C,YJL177W,0,3.294901,0.46192383766174316,0.6557610034942627,0.07638691365718842
YPL104W,YKL194C,1,3.2916114,0.462462455034256,0.6571835279464722,0.07638691365718842
YBR084C-A,YOR201C,0,3.2909143,0.4620000123977661,0.6571835279464722,0.07652916014194489
YER095W,YJR058C,0,3.2808537,0.4615384638309479,0.6571835279464722,0.07667140662670135
YPL018W,YPL063W,0,3.278648,0.46107783913612366,0.6571835279464722,0.07681365311145782
YGR080W,YFR007W,0,3.2752066,0.46061813831329346,0.6571835279464722,0.0769558995962143
YOR143C,YPL111W,0,3.275194,0.4601593613624573,0.6571835279464722,0.07709815353155136
YKR083C,YDL213C,0,3.2751575,0.4597014784812927,0.6571835279464722,0.07724040001630783
YIL168W,YMR307W,0,3.2735534,0.4592445194721222,0.6571835279464722,0.0773826465010643
YMR156C,YBL047C,0,3.2729824,0.4587884843349457,0.6571835279464722,0.07752489298582077
YIL096C,YHR110W,0,3.2688065,0.4583333432674408,0.6571835279464722,0.07766713947057724
YBR188C,YLR367W,0,3.258469,0.45787909626960754,0.6571835279464722,0.07780938595533371
YKR100C,YPR033C,0,3.2568297,0.4574257433414459,0.6571835279464722,0.07795163244009018
YHR035W,YOR307C,0,3.254311,0.45697328448295593,0.6571835279464722,0.07809388637542725
YIL078W,YGR171C,1,3.2525249,0.4575098752975464,0.6586059927940369,0.07809388637542725
YMR142C,YDL065C,0,3.2476497,0.45705825090408325,0.6586059927940369,0.07823613286018372
YOR173W,YDR545W,0,3.2471151,0.45660749077796936,0.6586059927940369,0.07837837934494019
YDL109C,YOL105C,0,3.2456484,0.4561576247215271,0.6586059927940369,0.07852062582969666
YBR273C,YKR093W,0,3.24501,0.45570865273475647,0.6586059927940369,0.07866287231445312
YKL152C,YBL064C,0,3.2403107,0.45526057481765747,0.6586059927940369,0.0788051187992096
YJR044C,YJR019C,0,3.2297888,0.4548133611679077,0.6586059927940369,0.07894736528396606
YNL134C,YNL306W,0,3.227203,0.4543670117855072,0.6586059927940369,0.07908961921930313
YPL160W,YNL247W,1,3.2263744,0.45490196347236633,0.6600284576416016,0.07908961921930313
YHR089C,YBL088C,0,3.2261631,0.4544564187526703,0.6600284576416016,0.0792318657040596
YAL047C,YHR089C,0,3.224648,0.4540117383003235,0.6600284576416016,0.07937411218881607
YPL160W,YOR335C,1,3.2232873,0.4545454680919647,0.6614509224891663,0.07937411218881607
YPL028W,YDR119W,0,3.2208188,0.4541015625,0.6614509224891663,0.07951635867357254
YHR129C,YNL299W,0,3.218917,0.4536585509777069,0.6614509224891663,0.07965860515832901
YLR430W,YBR176W,0,3.218811,0.4532163739204407,0.6614509224891663,0.07980085164308548
YOL097C,YBR121C,1,3.2184954,0.45374879240989685,0.662873387336731,0.07980085164308548
YIL122W,YPL169C,0,3.2102785,0.4533073902130127,0.662873387336731,0.07994309812784195
YGL245W,YNL073W,1,3.2050648,0.45383867621421814,0.6642958521842957,0.07994309812784195
YGL039W,YLR424W,0,3.2033417,0.45339804887771606,0.6642958521842957,0.08008535206317902
YML041C,YDR098C-B,0,3.1962347,0.45295828580856323,0.6642958521842957,0.08022759854793549
YOR079C,YDR027C,0,3.1960511,0.45251938700675964,0.6642958521842957,0.08036984503269196
YOR332W,YIR003W,0,3.1954727,0.4520813226699829,0.6642958521842957,0.08051209151744843
YNL221C,YOR202W,0,3.1917427,0.45164409279823303,0.6642958521842957,0.0806543380022049
YDR315C,YLR008C,0,3.188233,0.4512077271938324,0.6642958521842957,0.08079658448696136
YKR053C,YLR265C,0,3.177023,0.4507721960544586,0.6642958521842957,0.08093883097171783
YKL179C,YKL069W,0,3.175173,0.4503374993801117,0.6642958521842957,0.0810810774564743
YMR016C,YLR102C,0,3.174858,0.449903666973114,0.6642958521842957,0.08122333139181137
YPL063W,YNL158W,0,3.172016,0.4494706392288208,0.6642958521842957,0.08136557787656784
YFL056C,YDR004W,0,3.1704144,0.44903847575187683,0.6642958521842957,0.08150782436132431
YDR341C,YGR185C,1,3.1560135,0.4495677351951599,0.6657183766365051,0.08150782436132431
YLR100W,YER028C,0,3.1547215,0.44913628697395325,0.6657183766365051,0.08165007084608078
YML100W,YBL075C,0,3.1543143,0.44870564341545105,0.6657183766365051,0.08179231733083725
YDR259C,YJR096W,0,3.149201,0.4482758641242981,0.6657183766365051,0.08193456381559372
YDL232W,YML061C,0,3.1437306,0.4478468894958496,0.6657183766365051,0.08207681030035019
YNL064C,YDR261C-C,0,3.1418364,0.447418749332428,0.6657183766365051,0.08221906423568726
YDR402C,YHR090C,0,3.1400862,0.4469914138317108,0.6657183766365051,0.08236131072044373
YLL015W,YJR109C,0,3.1398149,0.4465648829936981,0.6657183766365051,0.0825035572052002
YHR017W,YGR027W-A,0,3.135177,0.4461391866207123,0.6657183766365051,0.08264580368995667
YDR037W,YIL078W,1,3.1331513,0.4466666579246521,0.6671408414840698,0.08264580368995667
YHR019C,YBR121C,1,3.132677,0.4471931457519531,0.6685633063316345,0.08264580368995667
YOL039W,YDR197W,0,3.1323905,0.4467680752277374,0.6685633063316345,0.08278805017471313
YPL104W,YOL097C,1,3.1303144,0.4472934603691101,0.6699857711791992,0.08278805017471313
YJL089W,YER141W,0,3.127998,0.4468690752983093,0.6699857711791992,0.0829302966594696
YHR019C,YGR171C,1,3.1264906,0.44739335775375366,0.6714082360267639,0.0829302966594696
YBL036C,YLR132C,0,3.1215556,0.4469696879386902,0.6714082360267639,0.08307254314422607
YDR462W,YMR243C,0,3.1190515,0.4465468227863312,0.6714082360267639,0.08321479707956314
YPL091W,YGL254W,0,3.115366,0.44612476229667664,0.6714082360267639,0.08335704356431961
YGR148C,YHR188C,0,3.1122003,0.44570350646972656,0.6714082360267639,0.08349929004907608
YPL160W,YOR168W,1,3.1092877,0.44622641801834106,0.6728307008743286,0.08349929004907608
YER026C,YPL117C,0,3.1078422,0.4458058476448059,0.6728307008743286,0.08364153653383255
YGR035C,YGL219C,0,3.107715,0.44538605213165283,0.6728307008743286,0.08378378301858902
YPL231W,YJR076C,0,3.1031556,0.4449670612812042,0.6728307008743286,0.08392602950334549
YLR435W,YGR106C,0,3.1021376,0.4445488750934601,0.6728307008743286,0.08406827598810196
YKL156W,YER036C,0,3.09906,0.444131463766098,0.6728307008743286,0.08421052992343903
YKL099C,YDR339C,0,3.0892951,0.44371482729911804,0.6728307008743286,0.0843527764081955
YLR382C,YGR264C,1,3.0886025,0.4442361891269684,0.6742532253265381,0.0843527764081955
YLR060W,YNL073W,1,3.0877979,0.44475656747817993,0.6756756901741028,0.0843527764081955
YER131W,YMR122W-A,0,3.0856209,0.4443404972553253,0.6756756901741028,0.08449502289295197
YDR184C,YCL010C,0,3.0804825,0.44392523169517517,0.6756756901741028,0.08463726937770844
YDR119W,YPL225W,0,3.0775805,0.4435107409954071,0.6756756901741028,0.0847795158624649
YDR352W,YCR070W,0,3.072063,0.4430970251560211,0.6756756901741028,0.08492176234722137
YNL180C,YOR190W,0,3.0710812,0.4426840543746948,0.6756756901741028,0.08506400883197784
YGL009C,YKR060W,0,3.070894,0.442271888256073,0.6756756901741028,0.08520625531673431
YMR150C,YPR154W,0,3.0670333,0.44186046719551086,0.6756756901741028,0.08534850925207138
YNL241C,YBR253W,0,3.0660486,0.4414498209953308,0.6756756901741028,0.08549075573682785
YBL016W,YDR107C,0,3.062076,0.44103991985321045,0.6756756901741028,0.08563300222158432
YKL021C,YGL136C,0,3.059488,0.44063079357147217,0.6756756901741028,0.08577524870634079
YDR307W,YBR189W,0,3.058707,0.44022244215011597,0.6756756901741028,0.08591749519109726
YPR114W,YLR248W,0,3.0557692,0.43981480598449707,0.6756756901741028,0.08605974167585373
YOR368W,YCR037C,0,3.0543933,0.43940794467926025,0.6756756901741028,0.0862019881606102
YER026C,YPR041W,0,3.0507636,0.4390018582344055,0.6756756901741028,0.08634424209594727
YBL003C,YOR016C,0,3.0463152,0.4385964870452881,0.6756756901741028,0.08648648858070374
YGL100W,YLR315W,0,3.0462918,0.43819189071655273,0.6756756901741028,0.0866287350654602
YEL001C,YNL311C,0,3.0420752,0.4377880096435547,0.6756756901741028,0.08677098155021667
YFL035C-A,YIL004C,0,3.0341818,0.4373849034309387,0.6756756901741028,0.08691322803497314
YPL198W,YLR382C,0,3.0336766,0.43698251247406006,0.6756756901741028,0.08705547451972961
YBR191W,YPL226W,0,3.0330567,0.4365808963775635,0.6756756901741028,0.08719772100448608
YGL105W,YBL013W,1,3.030211,0.43709826469421387,0.6770981550216675,0.08719772100448608
YNL047C,YFR025C,0,3.0254345,0.43669724464416504,0.6770981550216675,0.08733997493982315
YOR234C,YOR217W,0,3.0147104,0.4362969696521759,0.6770981550216675,0.08748222142457962
YPL177C,YMR006C,0,3.006548,0.43589743971824646,0.6770981550216675,0.08762446790933609
YIL101C,YDR513W,0,3.0040681,0.4354986250400543,0.6770981550216675,0.08776671439409256
YOR173W,YEL048C,0,3.002052,0.4351005554199219,0.6770981550216675,0.08790896087884903
YGR076C,YER058W,0,3.0013084,0.43470320105552673,0.6770981550216675,0.0880512073636055
YNL015W,YDR523C,0,2.9994857,0.4343065619468689,0.6770981550216675,0.08819345384836197
YOR262W,YKL002W,0,2.9986677,0.43391066789627075,0.6770981550216675,0.08833570778369904
YPR047W,YGR185C,1,2.9969175,0.4344262182712555,0.6785206198692322,0.08833570778369904
YGL189C,YGR257C,0,2.9933496,0.4340309500694275,0.6785206198692322,0.0884779542684555
YCR086W,YER060W-A,0,2.9923768,0.4336363673210144,0.6785206198692322,0.08862020075321198
YHR019C,YNL073W,1,2.9871979,0.4341507852077484,0.6799430847167969,0.08862020075321198
YKL033W,YLL006W,0,2.9846098,0.4337567985057831,0.6799430847167969,0.08876244723796844
YKL221W,YLR367W,0,2.9808319,0.43336355686187744,0.6799430847167969,0.08890469372272491
YOR255W,YGL245W,0,2.9789095,0.4329710006713867,0.6799430847167969,0.08904694020748138
YER173W,YBR049C,0,2.9736133,0.4325791895389557,0.6799430847167969,0.08918918669223785
YOR229W,YMR100W,0,2.9665327,0.4321880638599396,0.6799430847167969,0.08933143317699432
YGL205W,YDR142C,0,2.9621782,0.43179765343666077,0.6799430847167969,0.08947368711233139
YMR216C,YDL072C,0,2.9620783,0.4314079284667969,0.6799430847167969,0.08961593359708786
YBR258C,YJL044C,0,2.9578743,0.4310189485549927,0.6799430847167969,0.08975818008184433
YAR003W,YDR465C,0,2.9548566,0.430630624294281,0.6799430847167969,0.0899004265666008
YOL097C,YNL073W,1,2.9476771,0.4311431050300598,0.6813655495643616,0.0899004265666008
YOR362C,YHR167W,0,2.9467225,0.4307554066181183,0.6813655495643616,0.09004267305135727
YDL076C,YDL101C,0,2.9444983,0.4303683638572693,0.6813655495643616,0.09018491953611374
YOR375C,YER081W,0,2.9441133,0.4299820363521576,0.6813655495643616,0.09032716602087021
YMR274C,YMR292W,0,2.9401076,0.4295964241027832,0.6813655495643616,0.09046941995620728
YPR071W,YDL191W,0,2.9400663,0.42921146750450134,0.6813655495643616,0.09061166644096375
YDL168W,YGL104C,0,2.9383116,0.4288272261619568,0.6813655495643616,0.09075391292572021
YBL099W,YKL108W,0,2.9363775,0.42844364047050476,0.6813655495643616,0.09089615941047668
YDR098C-A,YGL020C,0,2.9337206,0.42806077003479004,0.6813655495643616,0.09103840589523315
YDR023W,YNL252C,0,2.924836,0.42767858505249023,0.6813655495643616,0.09118065237998962
YIR035C,YIL039W,0,2.9231882,0.42729705572128296,0.6813655495643616,0.0913228988647461
YBL040C,YOR386W,0,2.92162,0.4269162118434906,0.6813655495643616,0.09146515280008316
YPR143W,YGL157W,0,2.9179075,0.42653605341911316,0.6813655495643616,0.09160739928483963
YIL078W,YNL073W,1,2.917564,0.4270462691783905,0.682788074016571,0.09160739928483963
YBR175W,YOR202W,0,2.9161518,0.4266666769981384,0.682788074016571,0.0917496457695961
YKR045C,YGR161W-A,0,2.910581,0.4262877404689789,0.682788074016571,0.09189189225435257
YNL023C,YML100W,0,2.9056435,0.42590948939323425,0.682788074016571,0.09203413873910904
YER169W,YBR208C,0,2.8960977,0.42553192377090454,0.682788074016571,0.09217638522386551
YGR128C,YIL130W,0,2.8951821,0.42515501379966736,0.682788074016571,0.09231863170862198
YBR054W,YHR147C,0,2.8918839,0.4247787594795227,0.682788074016571,0.09246088564395905
YJL045W,YGL031C,0,2.8911114,0.42440319061279297,0.682788074016571,0.09260313212871552
YGL179C,YPR180W,0,2.887631,0.42402827739715576,0.682788074016571,0.09274537861347198
YFL049W,YGR203W,0,2.8875434,0.4236540198326111,0.682788074016571,0.09288762509822845
YOR182C,YGR027W-B,0,2.886177,0.42328041791915894,0.682788074016571,0.09302987158298492
YGR088W,YOR110W,0,2.88128,0.4229075014591217,0.682788074016571,0.0931721180677414
YOL098C,YER072W,0,2.8797507,0.4225352108478546,0.682788074016571,0.09331436455249786
YBR146W,YJR050W,0,2.8785415,0.42216357588768005,0.682788074016571,0.09345661103725433
YMR307W,YDR478W,0,2.8744242,0.4217926263809204,0.682788074016571,0.0935988649725914
YGR035C,YBR248C,0,2.873711,0.4214223027229309,0.682788074016571,0.09374111145734787
YJR125C,YHL003C,0,2.8669088,0.42105263471603394,0.682788074016571,0.09388335794210434
YMR303C,YNL301C,0,2.8653674,0.4206836223602295,0.682788074016571,0.09402560442686081
YLR221C,YMR313C,0,2.8653386,0.4203152358531952,0.682788074016571,0.09416785091161728
YMR165C,YDR224C,0,2.864013,0.4199475049972534,0.682788074016571,0.09431009739637375
YKR038C,YHL002W,0,2.860397,0.4195804297924042,0.682788074016571,0.09445234388113022
YOL105C,YBL060W,0,2.8597207,0.4192139804363251,0.682788074016571,0.09459459781646729
YPR033C,YBR121C,1,2.8592944,0.41972076892852783,0.6842105388641357,0.09459459781646729
YOR329C,YOR150W,0,2.8588133,0.4193548262119293,0.6842105388641357,0.09473684430122375
YGR194C,YER100W,0,2.8545575,0.41898953914642334,0.6842105388641357,0.09487909078598022
YCL059C,YEL026W,0,2.8514152,0.4186248779296875,0.6842105388641357,0.0950213372707367
YHR050W,YDL211C,0,2.8503046,0.4182608723640442,0.6842105388641357,0.09516358375549316
YJL208C,YGR038C-A,0,2.8472443,0.417897492647171,0.6842105388641357,0.09530583024024963
YFL039C,YPR180W,0,2.84607,0.4175347089767456,0.6842105388641357,0.0954480767250061
YJL158C,YBR107C,0,2.84304,0.4171725809574127,0.6842105388641357,0.09559033066034317
YKL195W,YNL194C,0,2.8398366,0.41681107878685,0.6842105388641357,0.09573257714509964
YGL145W,YPR100W,0,2.8385093,0.4164502024650574,0.6842105388641357,0.09587482362985611
YPL174C,YKL222C,0,2.8346415,0.4160899519920349,0.6842105388641357,0.09601707011461258
YJR017C,YKR060W,0,2.8301356,0.4157303273677826,0.6842105388641357,0.09615931659936905
YHR091C,YGR264C,1,2.8277617,0.4162348806858063,0.6856330037117004,0.09615931659936905
YNL119W,YJL056C,0,2.8216815,0.41587576270103455,0.6856330037117004,0.09630156308412552
YLR216C,YKL016C,0,2.8183844,0.41551724076271057,0.6856330037117004,0.09644380956888199
YJL156C,YML059C,0,2.8147535,0.41515934467315674,0.6856330037117004,0.09658605605363846
YDR116C,YKL033W,0,2.8135667,0.41480207443237305,0.6856330037117004,0.09672830998897552
YMR177W,YDR545W,0,2.8054395,0.4144454002380371,0.6856330037117004,0.096870556473732
YGL245W,YDR341C,1,2.80439,0.4149484634399414,0.6870554685592651,0.096870556473732
YDL240W,YML102W,0,2.7970293,0.41459226608276367,0.6870554685592651,0.09701280295848846
YPL018W,YMR192W,0,2.7949052,0.4142366945743561,0.6870554685592651,0.09715504944324493
YGR212W,YOR002W,0,2.7939315,0.41388174891471863,0.6870554685592651,0.0972972959280014
YNL326C,YJL106W,0,2.7935987,0.41352739930152893,0.6870554685592651,0.09743954241275787
YGR129W,YAR050W,0,2.7914157,0.413173645734787,0.6870554685592651,0.09758178889751434
YLR118C,YFR009W,0,2.7876573,0.4128205180168152,0.6870554685592651,0.09772404283285141
YDR022C,YBR179C,0,2.7846012,0.41246798634529114,0.6870554685592651,0.09786628931760788
YOL149W,YAR070W-A,0,2.7805655,0.41211605072021484,0.6870554685592651,0.09800853580236435
YOR022C,YLR089C,0,2.7795944,0.4117647111415863,0.6870554685592651,0.09815078228712082
YPL022W,YJR137C,0,2.7789757,0.4114139676094055,0.6870554685592651,0.09829302877187729
YOR192C-A,YHR081W,0,2.7762804,0.4110638201236725,0.6870554685592651,0.09843527525663376
YLR064W,YDR186C,0,2.7704165,0.4107142984867096,0.6870554685592651,0.09857752174139023
YDL007W,YMR153W,0,2.769352,0.41036534309387207,0.6870554685592651,0.0987197756767273
YLR431C,YGR062C,0,2.7685223,0.4100169837474823,0.6870554685592651,0.09886202216148376
YHR150W,YML015C,0,2.7671251,0.4096692204475403,0.6870554685592651,0.09900426864624023
YBR022W,YKR014C,0,2.7662773,0.40932202339172363,0.6870554685592651,0.0991465151309967
YBR283C,YGR133W,0,2.7587743,0.4089754521846771,0.6870554685592651,0.09928876161575317
YKR053C,YDL065C,0,2.7578497,0.408629447221756,0.6870554685592651,0.09943100810050964
YPL104W,YNL073W,1,2.7573195,0.4091293215751648,0.6884779334068298,0.09943100810050964
YBR090C-A,YDR528W,0,2.7554862,0.40878379344940186,0.6884779334068298,0.09957325458526611
YDR341C,YFL022C,1,2.7520173,0.40928271412849426,0.6899003982543945,0.09957325458526611
YDR341C,YPL097W,1,2.7469578,0.4097807705402374,0.691322922706604,0.09957325458526611
YPR047W,YOL097C,1,2.7457182,0.4102780222892761,0.6927453875541687,0.09957325458526611
YLR411W,YHR111W,0,2.7409875,0.4099326729774475,0.6927453875541687,0.09971550852060318
YIL017C,YMR076C,0,2.7402005,0.40958788990974426,0.6927453875541687,0.09985775500535965
YMR043W,YFL005W,0,2.7383451,0.40924370288848877,0.6927453875541687,0.10000000149011612
YBR121C,YNL073W,1,2.737527,0.4097397029399872,0.6941678524017334,0.10000000149011612
YLR403W,YCL017C,0,2.7347872,0.4093959629535675,0.6941678524017334,0.10014224797487259
YDR522C,YPL076W,0,2.730157,0.4090528190135956,0.6941678524017334,0.10028449445962906
YGL245W,YLL018C,1,2.729242,0.40954774618148804,0.6955903172492981,0.10028449445962906
YML126C,YGR097W,0,2.7261798,0.40920501947402954,0.6955903172492981,0.10042674094438553
YOR168W,YHR019C,1,2.7219791,0.4096989929676056,0.6970127820968628,0.10042674094438553
YBL069W,YDR298C,0,2.7216067,0.4093567132949829,0.6970127820968628,0.100568987429142
YGL105W,YFL022C,1,2.7211566,0.40984976291656494,0.6984353065490723,0.100568987429142
YIL137C,YML054C,0,2.7208686,0.4095079302787781,0.6984353065490723,0.10071123391389847
YPL104W,YDR023W,1,2.7185688,0.4099999964237213,0.699857771396637,0.10071123391389847
YGL047W,YDR087C,0,2.7157378,0.40965861082077026,0.699857771396637,0.10085348784923553
YMR223W,YMR109W,0,2.714951,0.4093177914619446,0.699857771396637,0.100995734333992
YJR113C,YER120W,0,2.7143455,0.40897756814956665,0.699857771396637,0.10113798081874847
YDR088C,YPR098C,0,2.7140021,0.4086378812789917,0.699857771396637,0.10128022730350494
YER148W,YLR237W,0,2.7133234,0.4082987606525421,0.699857771396637,0.10142247378826141
YDR480W,YJL035C,0,2.7069418,0.4079602062702179,0.699857771396637,0.10156472027301788
YBR200W,YOR316C,0,2.7045174,0.40762221813201904,0.699857771396637,0.10170696675777435
YPL248C,YGL144C,0,2.7003078,0.40728476643562317,0.699857771396637,0.10184922069311142
YKL034W,YHL031C,0,2.6991482,0.40694788098335266,0.699857771396637,0.10199146717786789
YBR241C,YGL028C,0,2.697256,0.4066115617752075,0.699857771396637,0.10213371366262436
YOR044W,YOL052C-A,0,2.6890635,0.40627580881118774,0.699857771396637,0.10227596014738083
YMR022W,YHL028W,0,2.6845329,0.40594059228897095,0.699857771396637,0.1024182066321373
YLR200W,YLR110C,0,2.683775,0.4056059420108795,0.699857771396637,0.10256045311689377
YJR076C,YFR007W,0,2.6834,0.40527182817459106,0.699857771396637,0.10270269960165024
YPL270W,YNL133C,0,2.6802497,0.404938280582428,0.699857771396637,0.1028449535369873
YML082W,YGR116W,0,2.6725414,0.40460526943206787,0.699857771396637,0.10298720002174377
YLR272C,YPR175W,0,2.669947,0.40427279472351074,0.699857771396637,0.10312944650650024
YLR287C-A,YHL031C,0,2.6673095,0.403940886259079,0.699857771396637,0.10327169299125671
YDR046C,YNL154C,0,2.6640077,0.4036095142364502,0.699857771396637,0.10341393947601318
YER127W,YBL005W,0,2.663941,0.4032786786556244,0.699857771396637,0.10355618596076965
YGL021W,YDR436W,0,2.662566,0.40294840931892395,0.699857771396637,0.10369843244552612
YDR268W,YOL097C,1,2.6599066,0.4034369885921478,0.7012802362442017,0.10369843244552612
YPL217C,YNL233W,0,2.6553798,0.4031071066856384,0.7012802362442017,0.10384068638086319
YGL222C,YJR161C,0,2.6545384,0.4027777910232544,0.7012802362442017,0.10398293286561966
YKR049C,YJL123C,0,2.649214,0.40244898200035095,0.7012802362442017,0.10412517935037613
YFR053C,YJL168C,0,2.648663,0.4021207094192505,0.7012802362442017,0.1042674258351326
YPL210C,YGR068C,0,2.6462874,0.4017930030822754,0.7012802362442017,0.10440967231988907
YDL042C,YCL010C,0,2.639823,0.4014658033847809,0.7012802362442017,0.10455191880464554
YOR073W,YKL216W,0,2.6354508,0.40113914012908936,0.7012802362442017,0.10469416528940201
YMR197C,YPL159C,0,2.6352878,0.4008130133152008,0.7012802362442017,0.10483641177415848
YOR257W,YEL071W,0,2.6286225,0.40048742294311523,0.7012802362442017,0.10497866570949554
YOR120W,YDR320C-A,0,2.6274848,0.40016233921051025,0.7012802362442017,0.10512091219425201
YEL002C,YBL018C,0,2.6234107,0.39983779191970825,0.7012802362442017,0.10526315867900848
YLR060W,YGR264C,1,2.6233978,0.40032413601875305,0.7027027010917664,0.10526315867900848
YGL206C,YDR519W,0,2.623124,0.4000000059604645,0.7027027010917664,0.10540540516376495
YLR090W,YGR256W,0,2.6209083,0.3996763825416565,0.7027027010917664,0.10554765164852142
YDR341C,YER087W,1,2.62016,0.4001616835594177,0.704125165939331,0.10554765164852142
YBL022C,YJR145C,0,2.6200316,0.3998384475708008,0.704125165939331,0.1056898981332779
YLL032C,YML085C,0,2.616663,0.3995157480239868,0.704125165939331,0.10583214461803436
YIL069C,YDL138W,0,2.6152973,0.39919355511665344,0.704125165939331,0.10597439855337143
YAL068C,YJL207C,0,2.6137779,0.39887186884880066,0.704125165939331,0.1061166450381279
YOR257W,YHR065C,0,2.6127274,0.39855071902275085,0.704125165939331,0.10625889152288437
YAL061W,YIL148W,0,2.606572,0.39823007583618164,0.704125165939331,0.10640113800764084
YGR257C,YLR312C-B,0,2.6065419,0.3979099690914154,0.704125165939331,0.10654338449239731
YOR346W,YGL129C,0,2.604519,0.39759036898612976,0.704125165939331,0.10668563097715378
YDL103C,YDL019C,0,2.6010022,0.3972712755203247,0.704125165939331,0.10682787746191025
YDL161W,YMR070W,0,2.6009953,0.39695268869400024,0.704125165939331,0.10697013139724731
YER016W,YPL270W,0,2.5998397,0.39663460850715637,0.704125165939331,0.10711237788200378
YDR341C,YBL076C,1,2.5964584,0.3971177041530609,0.7055476307868958,0.10711237788200378
YOR168W,YOR335C,1,2.595718,0.397599995136261,0.7069701552391052,0.10711237788200378
YDL193W,YOL027C,0,2.5934043,0.3972821831703186,0.7069701552391052,0.10725462436676025
YBR014C,YER088C,0,2.5930643,0.3969648480415344,0.7069701552391052,0.10739687085151672
YDR524C,YOL021C,0,2.5924969,0.3966480493545532,0.7069701552391052,0.1075391173362732
YMR215W,YGR013W,0,2.5922704,0.3963317275047302,0.7069701552391052,0.10768136382102966
YNL251C,YHR104W,0,2.5897794,0.3960159420967102,0.7069701552391052,0.10782361030578613
YFL049W,YDL108W,0,2.5846806,0.3957006335258484,0.7069701552391052,0.1079658642411232
YPR154W,YLR186W,0,2.5838888,0.39538583159446716,0.7069701552391052,0.10810811072587967
YDR320C-A,YML087C,0,2.5838513,0.39507153630256653,0.7069701552391052,0.10825035721063614
YCR065W,YDL230W,0,2.5814438,0.3947577476501465,0.7069701552391052,0.10839260369539261
YDR099W,YPL169C,0,2.5794096,0.39444443583488464,0.7069701552391052,0.10853485018014908
YJR068W,YGL142C,0,2.5778081,0.3941316306591034,0.7069701552391052,0.10867709666490555
YNL058C,YPR007C,0,2.5763805,0.39381933212280273,0.7069701552391052,0.10881934314966202
YNL247W,YBL013W,1,2.569592,0.39429929852485657,0.7083926200866699,0.10881934314966202
YPL013C,YBR301W,0,2.5632892,0.3939873278141022,0.7083926200866699,0.10896158963441849
YHR196W,YCR088W,0,2.5618334,0.39367589354515076,0.7083926200866699,0.10910384356975555
YNL023C,YLR189C,0,2.561494,0.39336493611335754,0.7083926200866699,0.10924609005451202
YMR303C,YLR438C-A,0,2.5542605,0.39305445551872253,0.7083926200866699,0.1093883365392685
YDR313C,YML013W,0,2.5510612,0.3927444815635681,0.7083926200866699,0.10953058302402496
YOR069W,YLR225C,0,2.5503309,0.3924349844455719,0.7083926200866699,0.10967282950878143
YGR195W,YLR106C,0,2.55015,0.3921259939670563,0.7083926200866699,0.1098150759935379
YJR013W,YOL139C,0,2.5471292,0.39181748032569885,0.7083926200866699,0.10995732247829437
YLR298C,YNR061C,0,2.5461965,0.39150944352149963,0.7083926200866699,0.11009957641363144
YIL117C,YML037C,0,2.5425546,0.3912018835544586,0.7083926200866699,0.11024182289838791
YBR043C,YJL209W,0,2.5405307,0.3908948302268982,0.7083926200866699,0.11038406938314438
YDL018C,YFR053C,0,2.5376177,0.3905882239341736,0.7083926200866699,0.11052631586790085
YLR424W,YDL153C,0,2.5364254,0.39028212428092957,0.7083926200866699,0.11066856235265732
YPL013C,YHL031C,0,2.534185,0.38997650146484375,0.7083926200866699,0.11081080883741379
YDL066W,YOR227W,0,2.5341294,0.38967135548591614,0.7083926200866699,0.11095305532217026
YGR003W,YMR230W,0,2.5291088,0.38936668634414673,0.7083926200866699,0.11109530925750732
YLR034C,YBR055C,0,2.5286229,0.3890624940395355,0.7083926200866699,0.1112375557422638
YDR130C,YPR056W,0,2.5276418,0.3887587785720825,0.7083926200866699,0.11137980222702026
YLR172C,YKL148C,0,2.526542,0.3884555399417877,0.7083926200866699,0.11152204871177673
YKR001C,YGL013C,0,2.5252008,0.3881527781486511,0.7083926200866699,0.1116642951965332
YLR399C,YDR545W,0,2.5250788,0.38785046339035034,0.7083926200866699,0.11180654168128967
YDL082W,YLR242C,0,2.52383,0.38754862546920776,0.7083926200866699,0.11194878816604614
YLR192C,YER060W,0,2.5221214,0.3872472643852234,0.7083926200866699,0.11209104210138321
YLR034C,YCL010C,0,2.5215883,0.3869463801383972,0.7083926200866699,0.11223328858613968
YLR320W,YBL008W,0,2.5129178,0.38664597272872925,0.7083926200866699,0.11237553507089615
YML093W,YML018C,0,2.5120375,0.3863460123538971,0.7083926200866699,0.11251778155565262
YHR020W,YDR341C,1,2.5116706,0.3868217170238495,0.7098150849342346,0.11251778155565262
YOR168W,YBR121C,1,2.5048413,0.3872966766357422,0.7112375497817993,0.11251778155565262
YFL018W-A,YMR291W,0,2.504798,0.38699689507484436,0.7112375497817993,0.11266002804040909
YOR253W,YCL063W,0,2.5043635,0.38669759035110474,0.7112375497817993,0.11280227452516556
YER042W,YLR242C,0,2.5031667,0.3863987624645233,0.7112375497817993,0.11294452100992203
YGR128C,YDR210W-A,0,2.4939327,0.3861003816127777,0.7112375497817993,0.1130867674946785
YJL145W,YHR105W,0,2.490279,0.3858024775981903,0.7112375497817993,0.11322902143001556
YBR228W,YHR171W,0,2.4896488,0.3855050206184387,0.7112375497817993,0.11337126791477203
YPL160W,YGL105W,1,2.4812255,0.38597843050956726,0.712660014629364,0.11337126791477203
YJL154C,YBL016W,0,2.4811554,0.38568130135536194,0.712660014629364,0.1135135143995285
YDR127W,YGL210W-A,0,2.4784255,0.38538461923599243,0.712660014629364,0.11365576088428497
YNL293W,YIL063C,0,2.477492,0.38508838415145874,0.712660014629364,0.11379800736904144
YMR199W,YNL063W,0,2.4727314,0.38479262590408325,0.712660014629364,0.11394025385379791
YJL025W,YLR119W,0,2.469572,0.3844973146915436,0.712660014629364,0.11408250033855438
YOR245C,YBR094W,0,2.46443,0.3842024505138397,0.712660014629364,0.11422475427389145
YOL059W,YDR316W-A,0,2.4640026,0.3839080333709717,0.712660014629364,0.11436700075864792
YER074W-A,YOR119C,0,2.4631124,0.38361409306526184,0.712660014629364,0.11450924724340439
YBR153W,YNL024C,0,2.4622514,0.38332056999206543,0.712660014629364,0.11465149372816086
YJL160C,YKL033W,0,2.4621844,0.3830275237560272,0.712660014629364,0.11479374021291733
YML082W,YKR024C,0,2.4581714,0.38273492455482483,0.712660014629364,0.1149359866976738
YER176W,YFR008W,0,2.449246,0.38244274258613586,0.712660014629364,0.11507823318243027
YOR027W,YOL067C,0,2.4461086,0.3821510374546051,0.712660014629364,0.11522048711776733
YOL020W,YNR051C,0,2.4428065,0.38185974955558777,0.712660014629364,0.1153627336025238
YOR253W,YHL028W,0,2.4404888,0.38156893849372864,0.712660014629364,0.11550498008728027
YBR164C,YCR071C,0,2.4393258,0.38127854466438293,0.712660014629364,0.11564722657203674
YFR009W,YOL060C,0,2.4350128,0.38098859786987305,0.712660014629364,0.11578947305679321
YER048W-A,YAL011W,0,2.433794,0.380699098110199,0.712660014629364,0.11593171954154968
YAR014C,YIL110W,0,2.4330208,0.38041001558303833,0.712660014629364,0.11607396602630615
YML025C,YIL056W,0,2.4282684,0.3801214098930359,0.712660014629364,0.11621621251106262
YJR152W,YMR152W,0,2.4267957,0.3798332214355469,0.712660014629364,0.11635846644639969
YER095W,YDR480W,0,2.4263356,0.3795454502105713,0.712660014629364,0.11650071293115616
YDR408C,YHR114W,0,2.4236753,0.3792581260204315,0.712660014629364,0.11664295941591263
YHR020W,YLL018C,1,2.4184666,0.37972769141197205,0.7140824794769287,0.11664295941591263
YNR001C,YML116W,0,2.4176788,0.37944066524505615,0.7140824794769287,0.1167852059006691
YDL105W,YDR139C,0,2.4132996,0.3791540861129761,0.7140824794769287,0.11692745238542557
YBR030W,YNR037C,0,2.4105277,0.3788679242134094,0.7140824794769287,0.11706969887018204
YHL007C,YER174C,0,2.410479,0.3785822093486786,0.7140824794769287,0.11721194535493851
YCR031C,YEL019C,0,2.409549,0.3782969117164612,0.7140824794769287,0.11735419929027557
YJR001W,YPR158W-A,0,2.4077265,0.3780120611190796,0.7140824794769287,0.11749644577503204
YDR227W,YDL007W,0,2.4033365,0.3777276277542114,0.7140824794769287,0.11763869225978851
YPL009C,YCL069W,0,2.3989365,0.3774436116218567,0.7140824794769287,0.11778093874454498
YPL104W,YHR091C,1,2.397966,0.37791135907173157,0.7155050039291382,0.11778093874454498
YHR148W,YGL013C,0,2.3973603,0.3776276409626007,0.7155050039291382,0.11792318522930145
YDR170W-A,YBR176W,0,2.396906,0.3773443400859833,0.7155050039291382,0.11806543171405792
YAR033W,YJR110W,0,2.3961415,0.3770614564418793,0.7155050039291382,0.11820767819881439
YDL007W,YPR178W,0,2.396123,0.3767790198326111,0.7155050039291382,0.11834993213415146
YDL115C,YCL005W-A,0,2.3957584,0.3764970004558563,0.7155050039291382,0.11849217861890793
YDR002W,YPR141C,0,2.3950164,0.376215398311615,0.7155050039291382,0.1186344251036644
YHR011W,YGR185C,1,2.3918197,0.3766816258430481,0.7169274687767029,0.1186344251036644
YLR215C,YPL079W,0,2.3909166,0.37640029191970825,0.7169274687767029,0.11877667158842087
YOR168W,YGR094W,1,2.3901079,0.3768656849861145,0.7183499336242676,0.11877667158842087
YOR334W,YNL154C,0,2.388842,0.37658464908599854,0.7183499336242676,0.11891891807317734
YCL047C,YGR263C,0,2.3856416,0.376304030418396,0.7183499336242676,0.11906116455793381
YPR079W,YOL068C,0,2.3833756,0.3760238289833069,0.7183499336242676,0.11920341104269028
YCR048W,YOL080C,0,2.381586,0.3757440447807312,0.7183499336242676,0.11934566497802734
YLR174W,YMR297W,0,2.380752,0.37546467781066895,0.7183499336242676,0.11948791146278381
YPL033C,YDR298C,0,2.3807306,0.3751857280731201,0.7183499336242676,0.11963015794754028
YLR116W,YEL051W,0,2.379791,0.3749071955680847,0.7183499336242676,0.11977240443229675
YJL013C,YER042W,0,2.3757482,0.37462908029556274,0.7183499336242676,0.11991465091705322
YER129W,YEL020W-A,0,2.3757236,0.3743513822555542,0.7183499336242676,0.12005689740180969
YGR024C,YLR439W,0,2.375062,0.3740740716457367,0.7183499336242676,0.12019914388656616
YCR058C,YER159C-A,0,2.3736897,0.3737971782684326,0.7183499336242676,0.12034139037132263
YBR086C,YDL099W,0,2.36979,0.37352070212364197,0.7183499336242676,0.1204836443066597
YBR065C,YBL101C,0,2.3688893,0.37324464321136475,0.7183499336242676,0.12062589079141617
YPR046W,YPR164W,0,2.3663645,0.37296897172927856,0.7183499336242676,0.12076813727617264
YHR091C,YOR168W,1,2.3634233,0.3734317421913147,0.7197723984718323,0.12076813727617264
YDR363W,YDR361C,0,2.359007,0.37315633893013,0.7197723984718323,0.12091038376092911
YPR175W,YER068W,0,2.3572657,0.37288135290145874,0.7197723984718323,0.12105263024568558
YJL076W,YGR148C,0,2.35703,0.3726067841053009,0.7197723984718323,0.12119487673044205
YEL064C,YLR200W,0,2.3565834,0.3723326027393341,0.7197723984718323,0.12133712321519852
YIL087C,YBL061C,0,2.3546588,0.37205880880355835,0.7197723984718323,0.12147937715053558
YJL158C,YMR088C,0,2.3542392,0.3717854619026184,0.7197723984718323,0.12162162363529205
YGR211W,YBR040W,0,2.3486066,0.3715124726295471,0.7197723984718323,0.12176387012004852
YNR055C,YGL192W,0,2.3463206,0.37123990058898926,0.7197723984718323,0.12190611660480499
YMR036C,YDR316W-A,0,2.3448796,0.3709677457809448,0.7197723984718323,0.12204836308956146
YGR241C,YIL144W,0,2.343763,0.37069597840309143,0.7197723984718323,0.12219060957431793
YHR091C,YBL076C,1,2.3433747,0.3711566627025604,0.721194863319397,0.12219060957431793
YMR226C,YLR019W,0,2.3410091,0.3708851635456085,0.721194863319397,0.1223328560590744
YKL173W,YNR020C,0,2.3346782,0.37061402201652527,0.721194863319397,0.12247510999441147
YLR174W,YFR038W,0,2.3345103,0.37034332752227783,0.721194863319397,0.12261735647916794
YJR049C,YHR106W,0,2.3340445,0.37007299065589905,0.721194863319397,0.12275960296392441
YOR284W,YOR247W,0,2.3314617,0.3698030710220337,0.721194863319397,0.12290184944868088
YKL109W,YMR052W,0,2.3291497,0.3695335388183594,0.721194863319397,0.12304409593343735
YJR001W,YER063W,0,2.3233318,0.3692643940448761,0.721194863319397,0.12318634241819382
YKL027W,YJR135W-A,0,2.3222709,0.36899563670158386,0.721194863319397,0.12332858890295029
YNL323W,YJR096W,0,2.316638,0.36872726678848267,0.721194863319397,0.12347084283828735
YDL122W,YDR523C,0,2.3149226,0.3684593141078949,0.721194863319397,0.12361308932304382
YGR260W,YBR299W,0,2.3126638,0.3681917190551758,0.721194863319397,0.12375533580780029
YOL033W,YBL013W,1,2.3113627,0.3686502277851105,0.7226173281669617,0.12375533580780029
YBR077C,YER041W,0,2.3111567,0.36838290095329285,0.7226173281669617,0.12389758229255676
YBR210W,YJL052W,0,2.3082938,0.36811593174934387,0.7226173281669617,0.12403982877731323
YFR014C,YPR183W,0,2.3059685,0.3678493797779083,0.7226173281669617,0.1241820752620697
YER095W,YNR038W,0,2.305279,0.3675832152366638,0.7226173281669617,0.12432432174682617
YOL049W,YHR039C-B,0,2.3026004,0.36731743812561035,0.7226173281669617,0.12446656823158264
YIL160C,YGR154C,0,2.299841,0.36705201864242554,0.7226173281669617,0.12460882216691971
YJR035W,YDR434W,0,2.2992096,0.36678701639175415,0.7226173281669617,0.12475106865167618
YHR133C,YMR042W,0,2.2985146,0.3665223717689514,0.7226173281669617,0.12489331513643265
YHL002W,YMR314W,0,2.2981505,0.3662581145763397,0.7226173281669617,0.12503556907176971
YHR019C,YCR034W,0,2.2981439,0.36599424481391907,0.7226173281669617,0.12517781555652618
YDR268W,YHR011W,1,2.2962935,0.366450697183609,0.7240398526191711,0.12517781555652618
YMR195W,YIL023C,0,2.293092,0.36618703603744507,0.7240398526191711,0.12532006204128265
YDL139C,YOL097C,0,2.2911153,0.36592379212379456,0.7240398526191711,0.12546230852603912
YJR091C,YHR113W,0,2.2894077,0.3656609058380127,0.7240398526191711,0.1256045550107956
YJL109C,YER056C,0,2.2861543,0.3653984069824219,0.7240398526191711,0.12574680149555206
YAL042W,YML087C,0,2.2837727,0.3651362955570221,0.7240398526191711,0.12588904798030853
YPL115C,YDR077W,0,2.2837336,0.36487454175949097,0.7240398526191711,0.126031294465065
YPR047W,YER033C,0,2.2801762,0.3646131753921509,0.7240398526191711,0.12617354094982147
YKL211C,YBR286W,0,2.2797031,0.36435219645500183,0.7240398526191711,0.12631578743457794
YIR002C,YBR049C,0,2.277749,0.36409154534339905,0.7240398526191711,0.1264580339193344
YKR099C-A,YBR158W,0,2.2729063,0.3638313114643097,0.7240398526191711,0.12660028040409088
YOL130W,YML069W,0,2.2712996,0.363571435213089,0.7240398526191711,0.12674252688884735
YOR386W,YLR117C,0,2.2698908,0.36331191658973694,0.7240398526191711,0.12688477337360382
YIR031C,YGL013C,0,2.2695682,0.3630527853965759,0.7240398526191711,0.1270270198583603
YOR330C,YIL122W,0,2.2678673,0.36279401183128357,0.7240398526191711,0.12716928124427795
YNL061W,YNR016C,0,2.266783,0.36253562569618225,0.7240398526191711,0.12731152772903442
YML042W,YPL168W,0,2.265068,0.3622775673866272,0.7240398526191711,0.1274537742137909
YJL063C,YDR107C,0,2.2648716,0.36201992630958557,0.7240398526191711,0.12759602069854736
YOL100W,YIL093C,0,2.2598598,0.3617626130580902,0.7240398526191711,0.12773826718330383
YMR211W,YNL180C,0,2.2583523,0.3615056872367859,0.7240398526191711,0.1278805136680603
YGL092W,YLR234W,0,2.2522082,0.3612491190433502,0.7240398526191711,0.12802276015281677
YPR166C,YER082C,0,2.2460177,0.3609929084777832,0.7240398526191711,0.12816500663757324
YOL023W,YGL093W,0,2.244691,0.36073705554008484,0.7240398526191711,0.1283072531223297
YGL008C,YPR094W,0,2.2423468,0.3604815900325775,0.7240398526191711,0.12844949960708618
YAL015C,YEL059C-A,0,2.2417135,0.36022648215293884,0.7240398526191711,0.12859174609184265
YLR220W,YBR114W,0,2.2375422,0.35997170209884644,0.7240398526191711,0.12873399257659912
YPR068C,YLR262C,0,2.2354228,0.35971730947494507,0.7240398526191711,0.1288762390613556
YNL252C,YDR027C,0,2.234095,0.35946327447891235,0.7240398526191711,0.12901848554611206
YDR363W-A,YPR134W,0,2.231094,0.3592095971107483,0.7240398526191711,0.12916074693202972
YHL028W,YGL255W,0,2.2302864,0.3589562773704529,0.7240398526191711,0.1293029934167862
YBR203W,YJL125C,0,2.2238863,0.3587033152580261,0.7240398526191711,0.12944523990154266
YBR049C,YJL183W,0,2.221392,0.358450710773468,0.7240398526191711,0.12958748638629913
YEL002C,YPL037C,0,2.2210732,0.35819846391677856,0.7240398526191711,0.1297297328710556
YPL221W,YGL119W,0,2.220711,0.3579465448856354,0.7240398526191711,0.12987197935581207
YDR134C,YPL149W,0,2.2165403,0.3576950132846832,0.7240398526191711,0.13001422584056854
YOR253W,YLR127C,0,2.2100878,0.35744380950927734,0.7240398526191711,0.130156472325325
YBR040W,YKL112W,0,2.209291,0.3571929931640625,0.7240398526191711,0.13029871881008148
YKL120W,YMR297W,0,2.2087455,0.3569425046443939,0.7240398526191711,0.13044096529483795
YKL060C,YDL178W,0,2.208571,0.356692373752594,0.7240398526191711,0.13058321177959442
YPL234C,YLR341W,0,2.2072597,0.35644257068634033,0.7240398526191711,0.1307254582643509
YPL187W,YML077W,0,2.2057123,0.3561931550502777,0.7240398526191711,0.13086770474910736
YKR072C,YNL287W,0,2.2039452,0.35594406723976135,0.7240398526191711,0.13100995123386383
YOR168W,YDR341C,1,2.203659,0.3563941419124603,0.7254623174667358,0.13100995123386383
YLR233C,YLR106C,0,2.2021427,0.3561452627182007,0.7254623174667358,0.1311521977186203
YGR033C,YDR329C,0,2.2001762,0.3558967113494873,0.7254623174667358,0.13129445910453796
YML075C,YDR119W,0,2.1984217,0.35564854741096497,0.7254623174667358,0.13143670558929443
YGL145W,YBR231C,0,2.1971316,0.3554007112979889,0.7254623174667358,0.1315789520740509
YFR003C,YGR122W,0,2.196203,0.3551532030105591,0.7254623174667358,0.13172119855880737
YDL247W,YNL067W,0,2.1951551,0.3549060523509979,0.7254623174667358,0.13186344504356384
YMR199W,YKL114C,0,2.1900902,0.3546592593193054,0.7254623174667358,0.1320056915283203
YDR046C,YNL083W,0,2.1892276,0.3544127941131592,0.7254623174667358,0.13214793801307678
YOL033W,YGR171C,1,2.1876814,0.3548611104488373,0.7268847823143005,0.13214793801307678
YMR211W,YFL037W,0,2.1838956,0.35461485385894775,0.7268847823143005,0.13229018449783325
YPL101W,YLR158C,0,2.1826696,0.3543689250946045,0.7268847823143005,0.13243243098258972
YGL232W,YNL221C,0,2.182497,0.3541233539581299,0.7268847823143005,0.1325746774673462
YPR102C,YGL098W,0,2.1762104,0.35387811064720154,0.7268847823143005,0.13271692395210266
YFR009W,YGL090W,0,2.1738436,0.35363322496414185,0.7268847823143005,0.13285917043685913
YHR023W,YML061C,0,2.1681929,0.3533886671066284,0.7268847823143005,0.1330014169216156
YIL017C,YMR047C,0,2.167674,0.35314443707466125,0.7268847823143005,0.13314366340637207
YMR068W,YDR188W,0,2.1619935,0.35290056467056274,0.7268847823143005,0.13328592479228973
YJL073W,YOR253W,0,2.1619248,0.3526569902896881,0.7268847823143005,0.1334281712770462
YLR307W,YPL118W,0,2.1609924,0.3524138033390045,0.7268847823143005,0.13357041776180267
YDR014W,YLR097C,0,2.158697,0.3521709144115448,0.7268847823143005,0.13371266424655914
YMR211W,YFL018C,0,2.158433,0.35192838311195374,0.7268847823143005,0.1338549107313156
YDR356W,YHR161C,0,2.1577687,0.35168617963790894,0.7268847823143005,0.13399715721607208
YKL154W,YHR024C,0,2.1544409,0.3514443039894104,0.7268847823143005,0.13413940370082855
YHR092C,YBR100W,0,2.1534305,0.35120275616645813,0.7268847823143005,0.13428165018558502
YCR070W,YHR024C,0,2.1525753,0.3509615361690521,0.7268847823143005,0.1344238966703415
YAL056W,YDL091C,0,2.1517482,0.3507206439971924,0.7268847823143005,0.13456614315509796
YCL048W-A,YBR082C,0,2.1494374,0.3504801094532013,0.7268847823143005,0.13470838963985443
YLR060W,YER087W,1,2.1487331,0.3509252965450287,0.7283072471618652,0.13470838963985443
YNL021W,YKL193C,0,2.1453147,0.3506849408149719,0.7283072471618652,0.1348506361246109
YMR091C,YIL008W,0,2.143032,0.3504449129104614,0.7283072471618652,0.13499288260936737
YLL018C,YHR019C,1,2.1401272,0.3508892059326172,0.7297297120094299,0.13499288260936737
YGR142W,YDR201W,0,2.1364548,0.350649356842041,0.7297297120094299,0.13513512909412384
YJL109C,YMR152W,0,2.1345897,0.3504098355770111,0.7297297120094299,0.1352773755788803
YLL052C,YOL013C,0,2.1329613,0.35017064213752747,0.7297297120094299,0.13541963696479797
YOL051W,YOR381W,0,2.1329093,0.3499317765235901,0.7297297120094299,0.13556188344955444
YLR136C,YJL129C,0,2.1311672,0.349693238735199,0.7297297120094299,0.1357041299343109
YPL040C,YOL097C,1,2.1298563,0.35013625025749207,0.7311521768569946,0.1357041299343109
YHR079C-A,YHR042W,0,2.1288278,0.3498978912830353,0.7311521768569946,0.13584637641906738
YLR287C-A,YHR116W,0,2.120202,0.34965986013412476,0.7311521768569946,0.13598862290382385
YLR277C,YBR237W,0,2.1195161,0.3494221568107605,0.7311521768569946,0.13613086938858032
YGR154C,YHR181W,0,2.1194837,0.3491847813129425,0.7311521768569946,0.1362731158733368
YHL025W,YGL254W,0,2.1186144,0.3489477336406708,0.7311521768569946,0.13641536235809326
YEL016C,YPL001W,0,2.1184294,0.3487109839916229,0.7311521768569946,0.13655760884284973
YJR135C,YDR354W,0,2.1171622,0.34847456216812134,0.7311521768569946,0.1366998553276062
YNL301C,YMR263W,0,2.1077318,0.348238468170166,0.7311521768569946,0.13684210181236267
YBL025W,YJL207C,0,2.1062222,0.34800270199775696,0.7311521768569946,0.13698434829711914
YPL120W,YDR434W,0,2.1018896,0.34776726365089417,0.7311521768569946,0.1371265947818756
YCL059C,YCR088W,0,2.1012616,0.34753212332725525,0.7311521768569946,0.13726884126663208
YDR022C,YBR048W,0,2.099872,0.3472973108291626,0.7311521768569946,0.13741110265254974
YMR012W,YIL114C,0,2.097839,0.3470627963542938,0.7311521768569946,0.1375533491373062
YGL231C,YLR090W,0,2.0970445,0.3468286097049713,0.7311521768569946,0.13769559562206268
YGL121C,YFL037W,0,2.096431,0.34659475088119507,0.7311521768569946,0.13783784210681915
YOR343C-B,YLR089C,0,2.0952172,0.3463611900806427,0.7311521768569946,0.13798008859157562
YLR258W,YHL009C,0,2.0947168,0.3461279571056366,0.7311521768569946,0.1381223350763321
YLL022C,YOL127W,0,2.0914097,0.34589502215385437,0.7311521768569946,0.13826458156108856
YPL104W,YLL018C,1,2.0881486,0.34633490443229675,0.7325747013092041,0.13826458156108856
YOL096C,YPL117C,0,2.0878606,0.34610214829444885,0.7325747013092041,0.13840682804584503
YNL023C,YLR406C,0,2.087549,0.3458697199821472,0.7325747013092041,0.1385490745306015
YJL186W,YOR086C,0,2.0846486,0.34563758969306946,0.7325747013092041,0.13869132101535797
YGR035C,YOR343W-A,0,2.0825431,0.3454057574272156,0.7325747013092041,0.13883356750011444
YGR215W,YLR092W,0,2.081403,0.34517425298690796,0.7325747013092041,0.1389758139848709
YPR106W,YJR094W-A,0,2.078374,0.3449430763721466,0.7325747013092041,0.13911806046962738
YIL111W,YKL091C,0,2.0734491,0.34471216797828674,0.7325747013092041,0.13926030695438385
YNL241C,YDR490C,0,2.0715835,0.34448161721229553,0.7325747013092041,0.13940255343914032
YDR060W,YBR090C-A,0,2.0699148,0.3442513346672058,0.7325747013092041,0.13954481482505798
YLL052C,YOR195W,0,2.06835,0.34402137994766235,0.7325747013092041,0.13968706130981445
YML059C,YNL049C,0,2.0676117,0.3437917232513428,0.7325747013092041,0.13982930779457092
YJL190C,YKR065C,0,2.0649862,0.34356236457824707,0.7325747013092041,0.1399715542793274
YBL013W,YGR264C,1,2.0644298,0.3440000116825104,0.7339971661567688,0.1399715542793274
YCR024C,YAL044C,0,2.061119,0.343770831823349,0.7339971661567688,0.14011380076408386
YDR074W,YGR254W,0,2.0610485,0.3435419499874115,0.7339971661567688,0.14025604724884033
YFL004W,YBL005W,0,2.0583446,0.3433133661746979,0.7339971661567688,0.1403982937335968
YER039C,YNR022C,0,2.0566566,0.3430851101875305,0.7339971661567688,0.14054054021835327
YLR318W,YPL103C,0,2.0552015,0.34285715222358704,0.7339971661567688,0.14068278670310974
YAL002W,YNR007C,0,2.0552013,0.34262949228286743,0.7339971661567688,0.1408250331878662
YDR480W,YHR206W,0,2.0530005,0.3424021303653717,0.7339971661567688,0.14096727967262268
YHR091C,YOL097C,1,2.0509164,0.34283819794654846,0.7354196310043335,0.14096727967262268
YNL327W,YNL328C,0,2.0504577,0.34261101484298706,0.7354196310043335,0.14110952615737915
YOL109W,YPL060W,0,2.0499463,0.34238409996032715,0.7354196310043335,0.14125177264213562
YEL019C,YCL062W,0,2.0497394,0.3421575129032135,0.7354196310043335,0.1413940191268921
YAL062W,YGR108W,0,2.0483487,0.34193122386932373,0.7354196310043335,0.14153628051280975
YDL012C,YGL201C,0,2.0478413,0.34170523285865784,0.7354196310043335,0.14167852699756622
YDL178W,YKR022C,0,2.0472386,0.34147951006889343,0.7354196310043335,0.1418207734823227
YJL198W,YDL211C,0,2.046945,0.3412541151046753,0.7354196310043335,0.14196301996707916
YPR008W,YDL002C,0,2.0457916,0.34102901816368103,0.7354196310043335,0.14210526645183563
YCL033C,YDR422C,0,2.044433,0.34080421924591064,0.7354196310043335,0.1422475129365921
YDL191W,YPL024W,0,2.0415127,0.34057971835136414,0.7354196310043335,0.14238975942134857
YGR023W,YGL155W,0,2.0409174,0.3403554856777191,0.7354196310043335,0.14253200590610504
YCR086W,YKR093W,0,2.0381734,0.34013158082962036,0.7354196310043335,0.1426742523908615
YMR067C,YGR202C,0,2.03806,0.3399079442024231,0.7354196310043335,0.14281649887561798
YLR272C,YOR043W,0,2.035255,0.3396846354007721,0.7354196310043335,0.14295874536037445
YCR027C,YGL020C,0,2.0334892,0.3394615948200226,0.7354196310043335,0.14310099184513092
YNL113W,YOR307C,0,2.0331483,0.33923885226249695,0.7354196310043335,0.1432432383298874
YLL018C,YFL022C,1,2.0326855,0.33967211842536926,0.7368420958518982,0.1432432383298874
YKL194C,YNL073W,1,2.026381,0.3401048481464386,0.7382645606994629,0.1432432383298874
YGR027W-A,YPL017C,0,2.0247483,0.33988213539123535,0.7382645606994629,0.14338548481464386
YHR120W,YKL084W,0,2.0247161,0.3396596908569336,0.7382645606994629,0.14352773129940033
YPL255W,YMR322C,0,2.0215635,0.3394375443458557,0.7382645606994629,0.143669992685318
YIL113W,YJR047C,0,2.0213351,0.3392156958580017,0.7382645606994629,0.14381223917007446
YDR014W,YPR192W,0,2.0196486,0.3389941155910492,0.7382645606994629,0.14395448565483093
YBR244W,YBL050W,0,2.0135098,0.33877283334732056,0.7382645606994629,0.1440967321395874
YBR097W,YDL049C,0,2.0129812,0.3385518491268158,0.7382645606994629,0.14423897862434387
YCR027C,YJL165C,0,2.0118046,0.3383311629295349,0.7382645606994629,0.14438122510910034
YLR287C-A,YMR175W,0,2.0115285,0.3381107449531555,0.7382645606994629,0.1445234715938568
YER113C,YNL328C,0,2.010019,0.337890625,0.7382645606994629,0.14466571807861328
YBR014C,YMR286W,0,2.0099766,0.33767077326774597,0.7382645606994629,0.14480796456336975
YBL071W-A,YNR056C,0,2.004884,0.3374512493610382,0.7382645606994629,0.14495021104812622
YPL097W,YNL073W,1,2.0012789,0.33788174390792847,0.7396870851516724,0.14495021104812622
YOR375C,YJL159W,0,1.9985082,0.33766233921051025,0.7396870851516724,0.1450924575328827
YGR184C,YKL148C,0,1.992734,0.3374432325363159,0.7396870851516724,0.14523470401763916
YOL097C,YBL013W,1,1.9917395,0.3378728926181793,0.7411095499992371,0.14523470401763916
YPL195W,YDR434W,0,1.9895551,0.3376539349555969,0.7411095499992371,0.14537695050239563
YJR044C,YPR073C,0,1.988966,0.337435245513916,0.7411095499992371,0.1455191969871521
YPL175W,YDR316W-A,0,1.9872537,0.3372168242931366,0.7411095499992371,0.14566145837306976
YNL001W,YCL048W,0,1.9851177,0.33699870109558105,0.7411095499992371,0.14580370485782623
YKR007W,YBR295W,0,1.9815977,0.3367808759212494,0.7411095499992371,0.1459459513425827
YOL149W,YER056C,0,1.9814609,0.3365633189678192,0.7411095499992371,0.14608819782733917
YKL149C,YNL294C,0,1.9764547,0.3363460302352905,0.7411095499992371,0.14623044431209564
YDR212W,YMR207C,0,1.9747833,0.3361290395259857,0.7411095499992371,0.1463726907968521
YDR160W,YPR054W,0,1.9728438,0.3359123170375824,0.7411095499992371,0.14651493728160858
YDR268W,YDR341C,1,1.9721346,0.3363402187824249,0.7425320148468018,0.14651493728160858
YIL138C,YBR218C,0,1.9719825,0.33612364530563354,0.7425320148468018,0.14665718376636505
YER127W,YPL204W,0,1.9716187,0.33590734004974365,0.7425320148468018,0.14679943025112152
YGL025C,YNL151C,0,1.9686182,0.33569133281707764,0.7425320148468018,0.146941676735878
YJR091C,YFR025C,0,1.9676101,0.3354755640029907,0.7425320148468018,0.14708392322063446
YDR074W,YBR264C,0,1.9625002,0.3352601230144501,0.7425320148468018,0.14722616970539093
YDR341C,YGR264C,1,1.9622499,0.3356867730617523,0.7439544796943665,0.14722616970539093
YFL022C,YNL073W,1,1.9522214,0.3361128866672516,0.7453769445419312,0.14722616970539093
YPL010W,YDL154W,0,1.9514624,0.33589744567871094,0.7453769445419312,0.1473684161901474
YGL206C,YOL137W,0,1.9498378,0.3356822431087494,0.7453769445419312,0.14751066267490387
YER074W-A,YER070W,0,1.9482828,0.3354673385620117,0.7453769445419312,0.14765290915966034
YGR109C,YNL221C,0,1.946925,0.3352527320384979,0.7453769445419312,0.147795170545578
YDR120C,YDR153C,0,1.9463115,0.33503836393356323,0.7453769445419312,0.14793741703033447
YBL036C,YLL066C,0,1.9462156,0.3348242938518524,0.7453769445419312,0.14807966351509094
YCL075W,YNL137C,0,1.9421597,0.3346104621887207,0.7453769445419312,0.1482219099998474
YPR055W,YDR488C,0,1.9381871,0.33439692854881287,0.7453769445419312,0.14836415648460388
YLR312C-B,YNL116W,0,1.9376503,0.3341836631298065,0.7453769445419312,0.14850640296936035
YGR274C,YMR282C,0,1.9359766,0.33397069573402405,0.7453769445419312,0.14864864945411682
YNL058C,YHR172W,0,1.9333391,0.3337579667568207,0.7453769445419312,0.1487908959388733
YHR025W,YNL126W,0,1.933204,0.3335455060005188,0.7453769445419312,0.14893314242362976
YHR118C,YGR065C,0,1.9312513,0.3333333432674408,0.7453769445419312,0.14907538890838623
YBR036C,YDL017W,0,1.9309698,0.3331214189529419,0.7453769445419312,0.1492176353931427
YDR189W,YOR396W,0,1.9305242,0.33290979266166687,0.7453769445419312,0.14935988187789917
YEL016C,YOR290C,0,1.9275479,0.33269840478897095,0.7453769445419312,0.14950212836265564
YKR024C,YGL258W-A,0,1.927119,0.3324873149394989,0.7453769445419312,0.1496443748474121
YDR212W,YGR192C,0,1.9231786,0.33227646350860596,0.7453769445419312,0.14978662133216858
YPL126W,YOR125C,0,1.921979,0.3320659101009369,0.7453769445419312,0.14992888271808624
YHR157W,YGR172C,0,1.92091,0.3318555951118469,0.7453769445419312,0.1500711292028427
YAR033W,YFR004W,0,1.9208751,0.33164557814598083,0.7453769445419312,0.15021337568759918
YIR036C,YDL042C,0,1.918869,0.33143579959869385,0.7453769445419312,0.15035562217235565
YPL160W,YCR024C,1,1.9188299,0.33185839653015137,0.7467994093894958,0.15035562217235565
YOL071W,YGL003C,0,1.9183726,0.3316487669944763,0.7467994093894958,0.15049786865711212
YLR283W,YOR344C,0,1.9143724,0.33143940567970276,0.7467994093894958,0.1506401151418686
YMR293C,YML129C,0,1.914371,0.3312302827835083,0.7467994093894958,0.15078236162662506
YIL113W,YIL122W,0,1.9140122,0.33102142810821533,0.7467994093894958,0.15092460811138153
YBR004C,YGR082W,0,1.9138668,0.33081284165382385,0.7467994093894958,0.151066854596138
YJR015W,YPR132W,0,1.9130275,0.33060452342033386,0.7467994093894958,0.15120910108089447
YOR229W,YOR191W,0,1.9096975,0.33039647340774536,0.7467994093894958,0.15135134756565094
YPL230W,YBL030C,0,1.909387,0.33018869161605835,0.7467994093894958,0.1514935940504074
YCL035C,YDR322C-A,0,1.9043413,0.32998114824295044,0.7467994093894958,0.15163584053516388
YCL033C,YGL085W,0,1.9012804,0.329773873090744,0.7467994093894958,0.15177808701992035
YDR259C,YPL010W,0,1.9005872,0.3295668661594391,0.7467994093894958,0.151920348405838
YLR207W,YHR207C,0,1.8999974,0.32936009764671326,0.7467994093894958,0.15206259489059448
YML066C,YGL234W,0,1.8992591,0.3291535973548889,0.7467994093894958,0.15220484137535095
YIL121W,YDR006C,0,1.897516,0.32894736528396606,0.7467994093894958,0.15234708786010742
YOL033W,YOL097C,1,1.8968248,0.32936757802963257,0.7482219338417053,0.15234708786010742
YHR072W-A,YDR436W,0,1.8945717,0.32916146516799927,0.7482219338417053,0.1524893343448639
YOL018C,YLR247C,0,1.8916742,0.32895559072494507,0.7482219338417053,0.15263158082962036
YML093W,YKL138C,0,1.8897784,0.32875001430511475,0.7482219338417053,0.15277382731437683
YHR158C,YDL014W,0,1.8837669,0.32854464650154114,0.7482219338417053,0.1529160737991333
YDR365W-B,YGR125W,0,1.8833923,0.3283395767211914,0.7482219338417053,0.15305832028388977
YNL067W,YML113W,0,1.883018,0.3281347453594208,0.7482219338417053,0.15320056676864624
YER139C,YCR047C,0,1.882502,0.32793018221855164,0.7482219338417053,0.1533428132534027
YNL101W,YKL096W,0,1.8815677,0.3277258574962616,0.7482219338417053,0.15348505973815918
YBL105C,YMR221C,0,1.8812282,0.32752180099487305,0.7482219338417053,0.15362730622291565
YDR186C,YIL031W,0,1.8805794,0.3273179829120636,0.7482219338417053,0.15376955270767212
YKL088W,YHR106W,0,1.8760245,0.32711443305015564,0.7482219338417053,0.1539117991924286
YLR081W,YML054C,0,1.8759335,0.3269111216068268,0.7482219338417053,0.15405406057834625
YMR149W,YER058W,0,1.8749975,0.3267080783843994,0.7482219338417053,0.15419630706310272
YJL100W,YMR024W,0,1.8733348,0.32650527358055115,0.7482219338417053,0.1543385535478592
YIL162W,YNR051C,0,1.8702949,0.32630273699760437,0.7482219338417053,0.15448080003261566
YIR010W,YPR073C,0,1.868135,0.3261004388332367,0.7482219338417053,0.15462304651737213
YOR241W,YOL005C,0,1.8614945,0.3258983790874481,0.7482219338417053,0.1547652930021286
YOL001W,YDR464W,0,1.8562655,0.32569658756256104,0.7482219338417053,0.15490753948688507
YNR007C,YER100W,0,1.8558422,0.32549506425857544,0.7482219338417053,0.15504978597164154
YOL117W,YNL250W,0,1.8539579,0.32529374957084656,0.7482219338417053,0.155192032456398
YGR104C,YDR331W,0,1.8522502,0.32509270310401917,0.7482219338417053,0.15533427894115448
YMR002W,YDR323C,0,1.8515844,0.3248918950557709,0.7482219338417053,0.15547652542591095
YGR094W,YER087W,1,1.8490956,0.3253086507320404,0.74964439868927,0.15547652542591095
YGR240C,YPR161C,0,1.8439937,0.32510796189308167,0.74964439868927,0.15561877191066742
YDR119W,YGL099W,0,1.8433409,0.324907511472702,0.74964439868927,0.1557610183954239
YLL018C,YER087W,1,1.8428601,0.3253234624862671,0.7510668635368347,0.1557610183954239
YDR100W,YNL229C,0,1.8424325,0.3251231610774994,0.7510668635368347,0.15590326488018036
YDR219C,YKL014C,0,1.8408127,0.3249230682849884,0.7510668635368347,0.15604552626609802
YJL100W,YKL140W,0,1.840091,0.3247232437133789,0.7510668635368347,0.1561877727508545
YGR254W,YDR443C,0,1.834023,0.3245236575603485,0.7510668635368347,0.15633001923561096
YML114C,YDR513W,0,1.8339472,0.3243243098258972,0.7510668635368347,0.15647226572036743
YOL077C,YCR004C,0,1.8334625,0.3241252303123474,0.7510668635368347,0.1566145122051239
YFR047C,YJL025W,0,1.8325225,0.3239263892173767,0.7510668635368347,0.15675675868988037
YNL310C,YHR214W,0,1.8316789,0.3237277865409851,0.7510668635368347,0.15689900517463684
YBL003C,YDR322C-A,0,1.8276072,0.3235294222831726,0.7510668635368347,0.1570412516593933
YOR094W,YNL103W,0,1.8270881,0.3233312964439392,0.7510668635368347,0.15718349814414978
YOR354C,YLR441C,0,1.8270665,0.3231334090232849,0.7510668635368347,0.15732574462890625
YBL076C,YOL097C,1,1.8260272,0.3235473930835724,0.7524893283843994,0.15732574462890625
YGL061C,YMR134W,0,1.8227489,0.32334962487220764,0.7524893283843994,0.15746799111366272
YBR083W,YNL294C,0,1.8220458,0.323152095079422,0.7524893283843994,0.1576102375984192
YGR083C,YDR299W,0,1.8215778,0.32295483350753784,0.7524893283843994,0.15775248408317566
YLR381W,YJR059W,0,1.8206204,0.3227577805519104,0.7524893283843994,0.15789473056793213
YFR014C,YLR343W,0,1.8205912,0.32256096601486206,0.7524893283843994,0.1580369770526886
YDR268W,YJL003W,0,1.8205273,0.3223644196987152,0.7524893283843994,0.15817923843860626
YGL135W,YJR095W,0,1.8196923,0.3221680819988251,0.7524893283843994,0.15832148492336273
YJL056C,YJR033C,0,1.8191183,0.3219720125198364,0.7524893283843994,0.1584637314081192
YDR294C,YMR286W,0,1.8183,0.3217761516571045,0.7524893283843994,0.15860597789287567
YNL159C,YJR065C,0,1.8181095,0.32158055901527405,0.7524893283843994,0.15874822437763214
YGR129W,YDR264C,0,1.8175478,0.3213851749897003,0.7524893283843994,0.1588904708623886
YGL045W,YOR335C,0,1.8169353,0.3211900293827057,0.7524893283843994,0.15903271734714508
YBL013W,YNL073W,1,1.8164072,0.321601927280426,0.7539117932319641,0.15903271734714508
YEL003W,YOR076C,0,1.8148803,0.32140690088272095,0.7539117932319641,0.15917496383190155
YDR441C,YMR081C,0,1.8123242,0.32121211290359497,0.7539117932319641,0.15931721031665802
YLR090W,YKL062W,0,1.812094,0.3210175633430481,0.7539117932319641,0.1594594568014145
YNL091W,YPL059W,0,1.8036072,0.3208232522010803,0.7539117932319641,0.15960170328617096
YDR523C,YBL072C,0,1.8020785,0.32062914967536926,0.7539117932319641,0.15974394977092743
YNL159C,YER119C,0,1.7984736,0.3204353153705597,0.7539117932319641,0.1598861962556839
YMR322C,YJR105W,0,1.7945672,0.32024168968200684,0.7539117932319641,0.16002844274044037
YDL145C,YOR354C,0,1.7918711,0.3200483024120331,0.7539117932319641,0.16017070412635803
YBL082C,YMR205C,0,1.7887691,0.3198551535606384,0.7539117932319641,0.1603129506111145
YCR024C,YKR095W,0,1.7872374,0.3196622431278229,0.7539117932319641,0.16045519709587097
YGR013W,YGR122W,0,1.786743,0.3194695711135864,0.7539117932319641,0.16059744358062744
YOL029C,YNL252C,0,1.7857225,0.3192771077156067,0.7539117932319641,0.1607396900653839
YNL207W,YDL012C,0,1.7852714,0.31908488273620605,0.7539117932319641,0.16088193655014038
YOR065W,YDL212W,0,1.7847818,0.3188928961753845,0.7539117932319641,0.16102418303489685
YOR375C,YOR207C,0,1.7758721,0.3187011480331421,0.7539117932319641,0.16116642951965332
YDL008W,YOL128C,0,1.7745979,0.31850960850715637,0.7539117932319641,0.1613086760044098
YFR032C-A,YNL088W,0,1.7739512,0.31831830739974976,0.7539117932319641,0.16145092248916626
YBL008W-A,YKL017C,0,1.7724347,0.31812724471092224,0.7539117932319641,0.16159316897392273
YGL111W,YCR037C,0,1.7698168,0.31793642044067383,0.7539117932319641,0.1617354154586792
YJL153C,YAL058W,0,1.7696002,0.31774580478668213,0.7539117932319641,0.16187766194343567
YGL219C,YDR073W,0,1.7676905,0.31755542755126953,0.7539117932319641,0.16201990842819214
YER045C,YDL164C,0,1.7675071,0.31736525893211365,0.7539117932319641,0.1621621549129486
YGR038C-A,YPL068C,0,1.7664961,0.31717535853385925,0.7539117932319641,0.16230441629886627
YCL027W,YFL047W,0,1.7653342,0.3169856369495392,0.7539117932319641,0.16244666278362274
YER020W,YBL030C,0,1.7642368,0.3167961835861206,0.7539117932319641,0.1625889092683792
YPL160W,YNL076W,0,1.762075,0.31660693883895874,0.7539117932319641,0.16273115575313568
YDR204W,YHR203C,0,1.7602316,0.3164179027080536,0.7539117932319641,0.16287340223789215
YML123C,YDR399W,0,1.7595732,0.31622910499572754,0.7539117932319641,0.16301564872264862
YKL208W,YBR169C,0,1.7590969,0.3160405457019806,0.7539117932319641,0.1631578952074051
YDR533C,YKL138C-A,0,1.7583386,0.31585219502449036,0.7539117932319641,0.16330014169216156
YDR107C,YML033W,0,1.7580545,0.3156640827655792,0.7539117932319641,0.16344238817691803
YHR105W,YDR316W,0,1.7578098,0.3154761791229248,0.7539117932319641,0.1635846346616745
YHR165C,YGR217W,0,1.7546097,0.3152885138988495,0.7539117932319641,0.16372688114643097
YCR088W,YDL114W,0,1.7535677,0.3151010572910309,0.7539117932319641,0.16386912763118744
YLL067C,YBL097W,0,1.7527363,0.3149138391017914,0.7539117932319641,0.1640113741159439
YGL251C,YMR291W,0,1.7525423,0.3147268295288086,0.7539117932319641,0.16415362060070038
YHR019C,YGL084C,0,1.7521136,0.3145400583744049,0.7539117932319641,0.16429588198661804
YLR138W,YMR154C,0,1.7506518,0.31435349583625793,0.7539117932319641,0.1644381284713745
YGL054C,YMR224C,0,1.748342,0.31416717171669006,0.7539117932319641,0.16458037495613098
YPL060C-A,YNL279W,0,1.7460387,0.3139810562133789,0.7539117932319641,0.16472262144088745
YDL060W,YOR035C,0,1.7434089,0.31379514932632446,0.7539117932319641,0.16486486792564392
YIR028W,YHR031C,0,1.7433413,0.3136094808578491,0.7539117932319641,0.1650071144104004
YGR037C,YBL090W,0,1.7417796,0.3134240210056305,0.7539117932319641,0.16514936089515686
YDL143W,YJR098C,0,1.7415276,0.3132387697696686,0.7539117932319641,0.16529160737991333
YNL023C,YJL057C,0,1.7394421,0.31305375695228577,0.7539117932319641,0.1654338538646698
YHR206W,YER093C,0,1.7369599,0.31286895275115967,0.7539117932319641,0.16557610034942627
YKL209C,YKL110C,0,1.7356157,0.3126843571662903,0.7539117932319641,0.16571834683418274
YER083C,YHR063C,0,1.7328104,0.3125,0.7539117932319641,0.1658605933189392
YLR318W,YDR329C,0,1.7324133,0.31231585144996643,0.7539117932319641,0.16600283980369568
YNL180C,YEL048C,0,1.7296995,0.3121319115161896,0.7539117932319641,0.16614508628845215
YKL116C,YMR261C,0,1.7289649,0.3119482100009918,0.7539117932319641,0.16628733277320862
YKL196C,YER088C,0,1.7283716,0.3117647171020508,0.7539117932319641,0.16642959415912628
YIL016W,YCL061C,0,1.7277489,0.31158143281936646,0.7539117932319641,0.16657184064388275
YKL137W,YDR013W,0,1.7276747,0.31139835715293884,0.7539117932319641,0.16671408712863922
YPL169C,YDL174C,0,1.7271414,0.31121549010276794,0.7539117932319641,0.1668563336133957
YDR402C,YDR086C,0,1.7248893,0.31103286147117615,0.7539117932319641,0.16699858009815216
YNL059C,YGR200C,0,1.7228013,0.31085044145584106,0.7539117932319641,0.16714082658290863
YHR011W,YGR171C,1,1.7199657,0.3112543821334839,0.7553342580795288,0.16714082658290863
YGR132C,YBR082C,0,1.7149196,0.31107205152511597,0.7553342580795288,0.1672830730676651
YER118C,YBL060W,0,1.7117648,0.31088992953300476,0.7553342580795288,0.16742531955242157
YGR154C,YPR036W,0,1.7116611,0.31070801615715027,0.7553342580795288,0.16756756603717804
YJL092W,YFL037W,0,1.7094829,0.3105263113975525,0.7553342580795288,0.1677098125219345
YHR024C,YDR210W-C,0,1.7061595,0.3103448152542114,0.7553342580795288,0.16785205900669098
YGR092W,YKR080W,0,1.7048568,0.31016355752944946,0.7553342580795288,0.16799430549144745
YGR035C,YER139C,0,1.7020493,0.3099824786186218,0.7553342580795288,0.16813655197620392
YKR053C,YGR096W,0,1.700711,0.3098016381263733,0.7553342580795288,0.1682787984609604
YJL100W,YCL012W,0,1.6991878,0.3096209764480591,0.7553342580795288,0.16842105984687805
YBR160W,YLR097C,0,1.6984674,0.309440553188324,0.7553342580795288,0.16856330633163452
YKR105C,YGL005C,0,1.6968892,0.3092603385448456,0.7553342580795288,0.168705552816391
YER111C,YIL056W,0,1.6965547,0.3090803325176239,0.7553342580795288,0.16884779930114746
YDR158W,YNL294C,0,1.6954339,0.30890053510665894,0.7553342580795288,0.16899004578590393
YJL042W,YLR308W,0,1.6954001,0.3087209165096283,0.7553342580795288,0.1691322922706604
YJL186W,YFL005W,0,1.6950846,0.30854153633117676,0.7553342580795288,0.16927453875541687
YHR009C,YCL050C,0,1.6947502,0.30836236476898193,0.7553342580795288,0.16941678524017334
YGL095C,YGL128C,0,1.6944356,0.3081834018230438,0.7553342580795288,0.1695590317249298
YML019W,YCL057C-A,0,1.6940182,0.3080046474933624,0.7553342580795288,0.16970127820968628
YOR360C,YER073W,0,1.6939974,0.30782610177993774,0.7553342580795288,0.16984352469444275
YMR242C,YDL098C,0,1.6919994,0.3076477348804474,0.7553342580795288,0.16998577117919922
YNL023C,YJR094W-A,0,1.6914468,0.30746960639953613,0.7553342580795288,0.1701280176639557
YBL019W,YDR400W,0,1.685477,0.3072916567325592,0.7553342580795288,0.17027026414871216
YPR048W,YNR051C,0,1.6830937,0.3071139454841614,0.7553342580795288,0.17041251063346863
YML046W,YDL109C,0,1.6819994,0.3069364130496979,0.7553342580795288,0.1705547720193863
YER161C,YOR030W,0,1.6781833,0.3067590892314911,0.7553342580795288,0.17069701850414276
YHR200W,YOR046C,0,1.6728697,0.306581974029541,0.7553342580795288,0.17083926498889923
YIL091C,YAL025C,0,1.6720961,0.30640506744384766,0.7553342580795288,0.1709815114736557
YPL228W,YPR107C,0,1.6709024,0.306228369474411,0.7553342580795288,0.17112375795841217
YLR216C,YKL089W,0,1.6697991,0.3060518801212311,0.7553342580795288,0.17126600444316864
YOR171C,YAL025C,0,1.6689131,0.3058755695819855,0.7553342580795288,0.1714082509279251
YOL033W,YGR185C,1,1.6634592,0.3062751889228821,0.7567567825317383,0.1714082509279251
YGL002W,YNL082W,0,1.662858,0.30609896779060364,0.7567567825317383,0.17155049741268158
YIL062C,YJL014W,0,1.6622865,0.3059229552745819,0.7567567825317383,0.17169274389743805
YPR137C-B,YPL169C,0,1.6618431,0.3057471215724945,0.7567567825317383,0.17183499038219452
YOR260W,YGR283C,0,1.6614516,0.3055714964866638,0.7567567825317383,0.171977236866951
YDL149W,YKL148C,0,1.6603116,0.30539610981941223,0.7567567825317383,0.17211948335170746
YBL036C,YPL003W,0,1.6584811,0.3052208721637726,0.7567567825317383,0.17226172983646393
YDR484W,YNR069C,0,1.6566423,0.30504587292671204,0.7567567825317383,0.1724039763212204
YBR253W,YPL265W,0,1.6545821,0.3048710525035858,0.7567567825317383,0.17254623770713806
YGL070C,YLR022C,0,1.6541723,0.3046964406967163,0.7567567825317383,0.17268848419189453
YLR441C,YIR003W,0,1.650542,0.3045220375061035,0.7567567825317383,0.172830730676651
YOR244W,YGR244C,0,1.649348,0.30434781312942505,0.7567567825317383,0.17297297716140747
YOR319W,YLR178C,0,1.6481608,0.3041738271713257,0.7567567825317383,0.17311522364616394
YNR056C,YLR044C,0,1.647198,0.30399999022483826,0.7567567825317383,0.1732574701309204
YGR128C,YHR076W,0,1.6447242,0.30382639169692993,0.7567567825317383,0.17339971661567688
YHR091C,YLL018C,1,1.6423556,0.3042237460613251,0.758179247379303,0.17339971661567688
YGL105W,YER087W,1,1.642182,0.3046206533908844,0.7596017122268677,0.17339971661567688
YNL020C,YLR068W,0,1.6419085,0.3044469654560089,0.7596017122268677,0.17354196310043335
YGL040C,YGL116W,0,1.6417016,0.3042735159397125,0.7596017122268677,0.17368420958518982
YIL171W,YBR213W,0,1.6364391,0.3041002154350281,0.7596017122268677,0.1738264560699463
YBR280C,YGR159C,0,1.6347797,0.30392715334892273,0.7596017122268677,0.17396870255470276
YGL194C,YOL132W,0,1.6339916,0.3037542700767517,0.7596017122268677,0.17411094903945923
YBR012W-B,YKL014C,0,1.6326853,0.303581565618515,0.7596017122268677,0.1742531955242157
YPL017C,YDR440W,0,1.631881,0.3034090995788574,0.7596017122268677,0.17439544200897217
YLR222C,YGL222C,0,1.631501,0.30323678255081177,0.7596017122268677,0.17453768849372864
YOR253W,YJR097W,0,1.6313155,0.3030647039413452,0.7596017122268677,0.1746799498796463
YCL019W,YHR044C,0,1.6308206,0.302892804145813,0.7596017122268677,0.17482219636440277
YGR109W-A,YIL124W,0,1.630605,0.3027210831642151,0.7596017122268677,0.17496444284915924
YDL115C,YDR363W,0,1.6294887,0.3025495707988739,0.7596017122268677,0.1751066893339157
YDL168W,YOR253W,0,1.6244278,0.30237826704978943,0.7596017122268677,0.17524893581867218
YOL042W,YKR085C,0,1.6242548,0.3022071421146393,0.7596017122268677,0.17539118230342865
YDR480W,YAL010C,0,1.6241127,0.30203619599342346,0.7596017122268677,0.17553342878818512
YKL152C,YCR043C,0,1.6212153,0.30186545848846436,0.7596017122268677,0.1756756752729416
YDR400W,YDR221W,0,1.621013,0.30169492959976196,0.7596017122268677,0.17581792175769806
YFR028C,YPL015C,0,1.6205268,0.3015245497226715,0.7596017122268677,0.17596016824245453
YPL009C,YHR021C,0,1.6181611,0.30135440826416016,0.7596017122268677,0.176102414727211
YPR047W,YDR166C,0,1.6145275,0.30118444561958313,0.7596017122268677,0.17624466121196747
YDR003W,YBR107C,0,1.6133631,0.30101466178894043,0.7596017122268677,0.17638690769672394
YAL041W,YBL061C,0,1.6112218,0.30084505677223206,0.7596017122268677,0.1765291541814804
YOL052C-A,YNL087W,0,1.611099,0.3006756901741028,0.7596017122268677,0.17667141556739807
YDL132W,YBR193C,0,1.6108918,0.30050647258758545,0.7596017122268677,0.17681366205215454
YLR174W,YGR108W,0,1.6107998,0.30033746361732483,0.7596017122268677,0.176955908536911
YDR212W,YGR244C,0,1.6105821,0.30016863346099854,0.7596017122268677,0.17709815502166748
YDR341C,YHR011W,1,1.6104524,0.300561785697937,0.7610241770744324,0.17709815502166748
YLR172C,YIL157C,0,1.6101205,0.3003930449485779,0.7610241770744324,0.17724040150642395
YJR113C,YDR046C,0,1.6076356,0.3002244532108307,0.7610241770744324,0.17738264799118042
YLR019W,YDL019C,0,1.607137,0.3000560998916626,0.7610241770744324,0.1775248944759369
YDL145C,YOR373W,0,1.6065063,0.29988789558410645,0.7610241770744324,0.17766714096069336
YHR147C,YIL075C,0,1.6037511,0.299719899892807,0.7610241770744324,0.17780938744544983
YHR129C,YHR215W,0,1.6033325,0.2995520830154419,0.7610241770744324,0.1779516339302063
YHR204W,YFL039C,0,1.6029401,0.2993844449520111,0.7610241770744324,0.17809388041496277
YOR227W,YIL037C,0,1.5958202,0.29921701550483704,0.7610241770744324,0.17823612689971924
YDR359C,YER006W,0,1.5954306,0.2990497350692749,0.7610241770744324,0.1783783733844757
YIL117C,YMR042W,0,1.5949938,0.29888269305229187,0.7610241770744324,0.17852061986923218
YDR302W,YLR446W,0,1.5946903,0.2987158000469208,0.7610241770744324,0.17866286635398865
YDL247W,YDL108W,0,1.5939797,0.2985491156578064,0.7610241770744324,0.1788051277399063
YER164W,YLR044C,0,1.5935957,0.29838261008262634,0.7610241770744324,0.17894737422466278
YLL011W,YJR076C,0,1.5908619,0.2982162833213806,0.7610241770744324,0.17908962070941925
YHL002W,YMR076C,0,1.5906644,0.2980501353740692,0.7610241770744324,0.17923186719417572
YHR102W,YNL252C,0,1.5901581,0.2978841960430145,0.7610241770744324,0.1793741136789322
YOR312C,YLR037C,0,1.5887307,0.2977184057235718,0.7610241770744324,0.17951636016368866
YNL023C,YLL022C,0,1.587183,0.29755282402038574,0.7610241770744324,0.17965860664844513
YGR249W,YLR352W,0,1.586664,0.2973874509334564,0.7610241770744324,0.1798008531332016
YPR057W,YGL151W,0,1.5860584,0.29722222685813904,0.7610241770744324,0.17994309961795807
YOR120W,YPR073C,0,1.5848393,0.297057181596756,0.7610241770744324,0.18008534610271454
YNR046W,YLR426W,0,1.5820887,0.29689234495162964,0.7610241770744324,0.180227592587471
YBR004C,YDR054C,0,1.5815322,0.2967276871204376,0.7610241770744324,0.18036983907222748
YNR073C,YJL042W,0,1.5813968,0.29656317830085754,0.7610241770744324,0.18051208555698395
YER161C,YFL011W,0,1.5777926,0.2963988780975342,0.7610241770744324,0.18065433204174042
YNR008W,YJL164C,0,1.5773576,0.29623478651046753,0.7610241770744324,0.18079659342765808
YDR298C,YOR117W,0,1.5763415,0.2960708439350128,0.7610241770744324,0.18093883991241455
YLR426W,YPL231W,0,1.5760717,0.29590708017349243,0.7610241770744324,0.18108108639717102
YGR170W,YPL135W,0,1.5752149,0.29574349522590637,0.7610241770744324,0.1812233328819275
YPR158W-B,YLR185W,0,1.5746403,0.295580118894577,0.7610241770744324,0.18136557936668396
YDL020C,YPL017C,0,1.5742278,0.2954168915748596,0.7610241770744324,0.18150782585144043
YDR134C,YAL056W,0,1.5740129,0.2952538728713989,0.7610241770744324,0.1816500723361969
YKR018C,YKL148C,0,1.572811,0.29509100317955017,0.7610241770744324,0.18179231882095337
YML111W,YGL049C,0,1.5705631,0.29492834210395813,0.7610241770744324,0.18193456530570984
YKR090W,YGR163W,0,1.5698366,0.294765830039978,0.7610241770744324,0.1820768117904663
YHR025W,YLR364W,0,1.5693684,0.29460352659225464,0.7610241770744324,0.18221905827522278
YAL030W,YGR038W,0,1.569366,0.2944413721561432,0.7610241770744324,0.18236130475997925
YHR124W,YGL167C,0,1.5673192,0.29427942633628845,0.7610241770744324,0.18250355124473572
YNL135C,YDL212W,0,1.5653391,0.29411765933036804,0.7610241770744324,0.1826457977294922
YEL006W,YMR110C,0,1.564698,0.29395604133605957,0.7610241770744324,0.18278804421424866
YPR095C,YJR110W,0,1.5646641,0.2937946319580078,0.7610241770744324,0.18293030560016632
YML058W,YIL040W,0,1.5592651,0.293633371591568,0.7610241770744324,0.1830725520849228
YKR050W,YJL129C,0,1.5587721,0.2934722900390625,0.7610241770744324,0.18321479856967926
YDR210W-A,YGL255W,0,1.5583925,0.2933114171028137,0.7610241770744324,0.18335704505443573
YDR079C-A,YNL185C,0,1.5549128,0.2931506931781769,0.7610241770744324,0.1834992915391922
YER032W,YGL093W,0,1.5546783,0.29299014806747437,0.7610241770744324,0.18364153802394867
YJR041C,YMR170C,0,1.5532492,0.2928297817707062,0.7610241770744324,0.18378378450870514
YCL038C,YDR424C,0,1.5531185,0.2926695942878723,0.7610241770744324,0.1839260309934616
YBL035C,YDR511W,0,1.5520737,0.2925095558166504,0.7610241770744324,0.18406827747821808
YPL215W,YGL175C,0,1.5501258,0.2923497259616852,0.7610241770744324,0.18421052396297455
YER131W,YDR139C,0,1.549874,0.2921900749206543,0.7610241770744324,0.18435277044773102
YJR097W,YIL087C,0,1.5486374,0.29203057289123535,0.7610241770744324,0.1844950169324875
YOR026W,YOL056W,0,1.5426645,0.29187124967575073,0.7610241770744324,0.18463726341724396
YER183C,YKL134C,0,1.5424182,0.29171210527420044,0.7610241770744324,0.18477950990200043
YHR016C,YJR015W,0,1.541319,0.2915531396865845,0.7610241770744324,0.1849217712879181
YLR057W,YDL232W,0,1.540111,0.29139432311058044,0.7610241770744324,0.18506401777267456
YOR144C,YDR303C,0,1.5377529,0.29123571515083313,0.7610241770744324,0.18520626425743103
YGL194C,YKL138C,0,1.5359795,0.29107725620269775,0.7610241770744324,0.1853485107421875
YCL026C-A,YCR058C,0,1.5348325,0.2909189760684967,0.7610241770744324,0.18549075722694397
YPR166C,YNR026C,0,1.5347574,0.29076087474823,0.7610241770744324,0.18563300371170044
YDR533C,YOR030W,0,1.5338401,0.2906029224395752,0.7610241770744324,0.1857752501964569
YKL213C,YLR097C,0,1.5329735,0.2904451787471771,0.7610241770744324,0.18591749668121338
YBL064C,YER159C-A,0,1.5313594,0.290287584066391,0.7610241770744324,0.18605974316596985
YJR019C,YBR205W,0,1.531194,0.2901301383972168,0.7610241770744324,0.18620198965072632
YDR098C-A,YNL097C,0,1.5311265,0.2899729013442993,0.7610241770744324,0.1863442361354828
YBL024W,YDR447C,0,1.5298983,0.2898158133029938,0.7610241770744324,0.18648648262023926
YPL173W,YNL161W,0,1.5281097,0.28965890407562256,0.7610241770744324,0.18662872910499573
YNL152W,YDR495C,0,1.5254451,0.28950217366218567,0.7610241770744324,0.1867709755897522
YNL053W,YOL019W,0,1.5251597,0.2893455922603607,0.7610241770744324,0.18691322207450867
YPL152W,YOR332W,0,1.5206416,0.2891891896724701,0.7610241770744324,0.18705548346042633
YJL013C,YML110C,0,1.5197433,0.2890329658985138,0.7610241770744324,0.1871977299451828
YFR006W,YHR101C,0,1.5167681,0.28887689113616943,0.7610241770744324,0.18733997642993927
YLR090W,YEL039C,0,1.5143127,0.2887209951877594,0.7610241770744324,0.18748222291469574
YKR099W,YOL149W,0,1.5135446,0.2885652780532837,0.7610241770744324,0.1876244693994522
YFR027W,YLR362W,0,1.5135214,0.2884097099304199,0.7610241770744324,0.18776671588420868
YPL173W,YOR320C,0,1.5126039,0.2882543206214905,0.7610241770744324,0.18790896236896515
YBR001C,YHL031C,0,1.5123769,0.288099080324173,0.7610241770744324,0.18805120885372162
YOR168W,YNL247W,1,1.5121518,0.2884822487831116,0.7624466419219971,0.18805120885372162
YIR019C,YJR044C,0,1.5121493,0.28832706809043884,0.7624466419219971,0.1881934553384781
YPL068C,YIL136W,0,1.5121328,0.28817203640937805,0.7624466419219971,0.18833570182323456
YNL270C,YER106W,0,1.5114553,0.2880171835422516,0.7624466419219971,0.18847794830799103
YLR332W,YJL173C,0,1.5100206,0.28786250948905945,0.7624466419219971,0.1886201947927475
YDR126W,YFR024C,0,1.5087132,0.28770798444747925,0.7624466419219971,0.18876244127750397
YLL018C,YBL013W,1,1.5084842,0.28809013962745667,0.7638691067695618,0.18876244127750397
YOL033W,YIL158W,0,1.5040123,0.28793564438819885,0.7638691067695618,0.18890468776226044
YGR217W,YNL312W,0,1.5022033,0.28778135776519775,0.7638691067695618,0.1890469342470169
YOL116W,YNL037C,0,1.5007873,0.2876272201538086,0.7638691067695618,0.18918919563293457
YCL010C,YER028C,0,1.500641,0.28747323155403137,0.7638691067695618,0.18933144211769104
YER042W,YLR313C,0,1.4995061,0.2873194217681885,0.7638691067695618,0.1894736886024475
YDR338C,YIL136W,0,1.4991368,0.2871657609939575,0.7638691067695618,0.18961593508720398
YGR048W,YMR215W,0,1.4987864,0.2870122790336609,0.7638691067695618,0.18975818157196045
YJR090C,YLR023C,0,1.4982948,0.2868589758872986,0.7638691067695618,0.18990042805671692
YDR268W,YGR171C,1,1.4977562,0.2872397303581238,0.7652916312217712,0.18990042805671692
YMR119W,YJL167W,0,1.4963106,0.28708645701408386,0.7652916312217712,0.1900426745414734
YFL022C,YGR171C,1,1.4959898,0.2874666750431061,0.7667140960693359,0.1900426745414734
YMR092C,YMR060C,0,1.4953706,0.28731343150138855,0.7667140960693359,0.19018492102622986
YGL011C,YDR314C,0,1.4896274,0.28716036677360535,0.7667140960693359,0.19032716751098633
YPL104W,YOL033W,1,1.4895308,0.28753992915153503,0.7681365609169006,0.19032716751098633
YJL180C,YMR291W,0,1.4893706,0.2873868942260742,0.7681365609169006,0.1904694139957428
YHR142W,YBR299W,0,1.4842371,0.28723403811454773,0.7681365609169006,0.19061166048049927
YFL003C,YBR034C,0,1.4837673,0.2870813310146332,0.7681365609169006,0.19075390696525574
YJL062W-A,YKR100C,0,1.478976,0.28692880272865295,0.7681365609169006,0.1908961534500122
YLR059C,YGR240C,0,1.4777609,0.28677642345428467,0.7681365609169006,0.19103839993476868
YLR324W,YNL247W,0,1.474271,0.2866241931915283,0.7681365609169006,0.19118066132068634
YOR348C,YHR042W,0,1.4732347,0.2864721417427063,0.7681365609169006,0.1913229078054428
YOL098C,YHR026W,0,1.4721894,0.2863202691078186,0.7681365609169006,0.19146515429019928
YDR318W,YBR293W,0,1.4714502,0.28616851568222046,0.7681365609169006,0.19160740077495575
YMR223W,YLR150W,0,1.4693233,0.28601694107055664,0.7681365609169006,0.19174964725971222
YOR192C-A,YLR052W,0,1.4663141,0.28586554527282715,0.7681365609169006,0.1918918937444687
YHR090C,YDR012W,0,1.4655617,0.2857142984867096,0.7681365609169006,0.19203414022922516
YMR127C,YGL040C,0,1.4655244,0.285563200712204,0.7681365609169006,0.19217638671398163
YNR075W,YHL031C,0,1.4647468,0.2854122519493103,0.7681365609169006,0.1923186331987381
YLR086W,YBR200W,0,1.4640887,0.28526148200035095,0.7681365609169006,0.19246087968349457
YKL099C,YMR094W,0,1.4627645,0.2851108908653259,0.7681365609169006,0.19260312616825104
YPL097W,YER087W,1,1.4624567,0.2854881286621094,0.7695590257644653,0.19260312616825104
YDL130W-A,YGR121C,0,1.4593067,0.28533756732940674,0.7695590257644653,0.1927453726530075
YBR039W,YOR047C,0,1.4569376,0.28518712520599365,0.7695590257644653,0.19288761913776398
YOL031C,YPR114W,0,1.453802,0.2850368916988373,0.7695590257644653,0.19302986562252045
YDL108W,YBL102W,0,1.4529984,0.28488677740097046,0.7695590257644653,0.19317211210727692
YMR127C,YHL007C,0,1.4522902,0.28473684191703796,0.7695590257644653,0.19331437349319458
YGR249W,YHR214C-C,0,1.451429,0.2845870554447174,0.7695590257644653,0.19345661997795105
YDR143C,YOR201C,0,1.4486905,0.2844374477863312,0.7695590257644653,0.19359886646270752
YBL016W,YDR339C,0,1.447379,0.2842879593372345,0.7695590257644653,0.193741112947464
YMR002W,YKR100C,0,1.445927,0.28413864970207214,0.7695590257644653,0.19388335943222046
YDR325W,YKL148C,0,1.4444454,0.28398948907852173,0.7695590257644653,0.19402560591697693
YDR387C,YER070W,0,1.4429011,0.28384050726890564,0.7695590257644653,0.1941678524017334
YJR093C,YJL210W,0,1.4424195,0.2836916744709015,0.7695590257644653,0.19431009888648987
YDR339C,YNL286W,0,1.4419339,0.2835429906845093,0.7695590257644653,0.19445234537124634
YML069W,YEL026W,0,1.4416169,0.283394455909729,0.7695590257644653,0.1945945918560028
YCL059C,YJR047C,0,1.4408157,0.28324607014656067,0.7695590257644653,0.19473683834075928
YOR004W,YPL051W,0,1.4392724,0.28309786319732666,0.7695590257644653,0.19487908482551575
YDR097C,YCR071C,0,1.4375206,0.2829498052597046,0.7695590257644653,0.19502133131027222
YLR133W,YNR049C,0,1.4369409,0.28280189633369446,0.7695590257644653,0.1951635777950287
YDR023W,YLR027C,0,1.4352721,0.28265413641929626,0.7695590257644653,0.19530583918094635
YPL104W,YHR011W,1,1.4334764,0.2830287218093872,0.77098149061203,0.19530583918094635
YDR119W,YIL063C,0,1.4331172,0.2828809916973114,0.77098149061203,0.19544808566570282
YPL036W,YLR405W,0,1.4321215,0.2827334403991699,0.77098149061203,0.1955903321504593
YLR399C,YGR024C,0,1.4294921,0.2825860381126404,0.77098149061203,0.19573257863521576
YPR033C,YDR341C,1,1.4290577,0.28295987844467163,0.7724039554595947,0.19573257863521576
YGL058W,YBR091C,0,1.4274919,0.2828125059604645,0.7724039554595947,0.19587482511997223
YBR122C,YOR131C,0,1.4263799,0.28266528248786926,0.7724039554595947,0.1960170716047287
YOL077W-A,YIL136W,0,1.424879,0.282518208026886,0.7724039554595947,0.19615931808948517
YDR177W,YNL132W,0,1.4241205,0.28237128257751465,0.7724039554595947,0.19630156457424164
YKL191W,YDL211C,0,1.4235547,0.28222453594207764,0.7724039554595947,0.1964438110589981
YDR037W,YER087W,1,1.4230736,0.2825973927974701,0.7738264799118042,0.1964438110589981
YDR350C,YOR247W,0,1.4196023,0.28245067596435547,0.7738264799118042,0.19658605754375458
YIR010W,YJR056C,0,1.4194038,0.2823041081428528,0.7738264799118042,0.19672830402851105
YDR501W,YKL087C,0,1.4190065,0.28215768933296204,0.7738264799118042,0.19687055051326752
YMR135C,YJL190C,0,1.4175922,0.2820114195346832,0.7738264799118042,0.197012796998024
YDL168W,YGL031C,0,1.4167987,0.28186529874801636,0.7738264799118042,0.19715504348278046
YGL049C,YJR105W,0,1.4154497,0.2817193269729614,0.7738264799118042,0.19729728996753693
YLL011W,YKL196C,0,1.4134419,0.28157350420951843,0.7738264799118042,0.1974395513534546
YNL012W,YLR064W,0,1.4117051,0.2814278304576874,0.7738264799118042,0.19758179783821106
YGL124C,YJL174W,0,1.4101628,0.28128230571746826,0.7738264799118042,0.19772404432296753
YJR025C,YIL044C,0,1.4101086,0.28113695979118347,0.7738264799118042,0.197866290807724
YHR142W,YOR208W,0,1.4099966,0.28099173307418823,0.7738264799118042,0.19800853729248047
YNL116W,YBR056W,0,1.4090877,0.28084665536880493,0.7738264799118042,0.19815078377723694
YLR396C,YAL061W,0,1.4085226,0.28070175647735596,0.7738264799118042,0.1982930302619934
YPL168W,YGR121C,0,1.4084749,0.28055697679519653,0.7738264799118042,0.19843527674674988
YGR060W,YDL025C,0,1.4082956,0.28041237592697144,0.7738264799118042,0.19857752323150635
YDR441C,YER081W,0,1.4037495,0.2802678942680359,0.7738264799118042,0.19871976971626282
YDR341C,YHR019C,1,1.3993543,0.28063851594924927,0.7752489447593689,0.19871976971626282
YKL158W,YJR145C,0,1.3982089,0.2804940938949585,0.7752489447593689,0.1988620162010193
YHR138C,YLR097C,0,1.3941385,0.2803497910499573,0.7752489447593689,0.19900426268577576
YML081C-A,YDL099W,0,1.3940521,0.2802056670188904,0.7752489447593689,0.19914650917053223
YDL201W,YDR023W,0,1.3913337,0.28006166219711304,0.7752489447593689,0.1992887556552887
YER071C,YMR188C,0,1.3912158,0.27991783618927,0.7752489447593689,0.19943101704120636
YOL147C,YBL084C,0,1.3892419,0.27977412939071655,0.7752489447593689,0.19957326352596283
YPR128C,YNL129W,0,1.3891716,0.279630571603775,0.7752489447593689,0.1997155100107193
YGR088W,YPL266W,0,1.3880732,0.2794871926307678,0.7752489447593689,0.19985775649547577
YLR396C,YOR091W,0,1.3864584,0.27934393286705017,0.7752489447593689,0.20000000298023224
YPL270W,YCR043C,0,1.3827494,0.27920082211494446,0.7752489447593689,0.2001422494649887
YNL185C,YBL090W,0,1.3798678,0.2790578603744507,0.7752489447593689,0.20028449594974518
YDR501W,YOR091W,0,1.377908,0.27891504764556885,0.7752489447593689,0.20042674243450165
YFL024C,YBR245C,0,1.3755834,0.27877238392829895,0.7752489447593689,0.20056898891925812
YNL096C,YJR007W,0,1.3742385,0.278629869222641,0.7752489447593689,0.2007112354040146
YDL005C,YLR051C,0,1.3677018,0.2784874737262726,0.7752489447593689,0.20085348188877106
YER106W,YJR045C,0,1.3658402,0.2783452570438385,0.7752489447593689,0.20099572837352753
YNL128W,YKR029C,0,1.3653014,0.27820315957069397,0.7752489447593689,0.201137974858284
YOL023W,YDR073W,0,1.3650074,0.2780612111091614,0.7752489447593689,0.20128022134304047
YLR332W,YMR277W,0,1.363451,0.2779194414615631,0.7752489447593689,0.20142246782779694
YPL086C,YIL040W,0,1.3612211,0.2777777910232544,0.7752489447593689,0.2015647292137146
YOR032C,YLR098C,0,1.3608284,0.27763625979423523,0.7752489447593689,0.20170697569847107
YPR101W,YAL010C,0,1.3605924,0.2774949073791504,0.7752489447593689,0.20184922218322754
YBR217W,YNL288W,0,1.3601389,0.2773537039756775,0.7752489447593689,0.201991468667984
YKR095W,YDL213C,0,1.3589952,0.27721261978149414,0.7752489447593689,0.20213371515274048
YCR028C,YOL120C,0,1.3576218,0.27707168459892273,0.7752489447593689,0.20227596163749695
YBR012W-B,YJR035W,0,1.3509974,0.27693089842796326,0.7752489447593689,0.20241820812225342
YHR186C,YGL098W,0,1.3507283,0.2767902612686157,0.7752489447593689,0.2025604546070099
YLR382C,YLL018C,1,1.3487581,0.27715736627578735,0.7766714096069336,0.2025604546070099
YER131W,YGR002C,0,1.3487246,0.2770167291164398,0.7766714096069336,0.20270270109176636
YPL028W,YDL130W-A,0,1.3484087,0.2768762707710266,0.7766714096069336,0.20284494757652283
YDL066W,YPL206C,0,1.3480663,0.27673593163490295,0.7766714096069336,0.2029871940612793
YDR085C,YLR119W,0,1.3477504,0.27659574151039124,0.7766714096069336,0.20312944054603577
YLL022C,YMR188C,0,1.3457091,0.27645570039749146,0.7766714096069336,0.20327168703079224
YDR092W,YDR242W,0,1.3428464,0.2763157784938812,0.7766714096069336,0.2034139335155487
YJL118W,YMR313C,0,1.337471,0.2761760354042053,0.7766714096069336,0.20355619490146637
YPL104W,YDR268W,1,1.3357158,0.27654194831848145,0.7780938744544983,0.20355619490146637
YDR341C,YPR081C,1,1.33351,0.2769075334072113,0.779516339302063,0.20355619490146637
YLL015W,YCR066W,0,1.3290125,0.27676767110824585,0.779516339302063,0.20369844138622284
YHR062C,YBR176W,0,1.3270378,0.27662795782089233,0.779516339302063,0.2038406878709793
YHR020W,YGR171C,1,1.3235958,0.27699294686317444,0.7809388041496277,0.2038406878709793
YDR246W,YKL216W,0,1.3222544,0.2768532633781433,0.7809388041496277,0.20398293435573578
YMR177W,YFL052W,0,1.3219522,0.27671369910240173,0.7809388041496277,0.20412518084049225
YJL092W,YML082W,0,1.3192701,0.2765743136405945,0.7809388041496277,0.20426742732524872
YDR046C,YER166W,0,1.3190033,0.2764350473880768,0.7809388041496277,0.2044096738100052
YDR009W,YMR293C,0,1.3186256,0.276295930147171,0.7809388041496277,0.20455192029476166
YPL186C,YDR228C,0,1.3168895,0.2761569321155548,0.7809388041496277,0.20469416677951813
YCR017C,YDR177W,0,1.3167844,0.2760181128978729,0.7809388041496277,0.2048364132642746
YGR140W,YGL053W,0,1.3164556,0.2758793830871582,0.7809388041496277,0.20497865974903107
YGL210W,YGL131C,0,1.3160183,0.2757408320903778,0.7809388041496277,0.20512090623378754
YIL062C,YJR135W-A,0,1.3159026,0.27560240030288696,0.7809388041496277,0.205263152718544
YPR023C,YDR545W,0,1.3133334,0.27546411752700806,0.7809388041496277,0.20540539920330048
YPL060C-A,YKL056C,0,1.3118005,0.2753259837627411,0.7809388041496277,0.20554764568805695
YMR316W,YGL076C,0,1.3111815,0.27518796920776367,0.7809388041496277,0.2056899070739746
YDL066W,YDR126W,0,1.3106444,0.2750501036643982,0.7809388041496277,0.20583215355873108
YFL035C-A,YDR036C,0,1.3066478,0.27491235733032227,0.7809388041496277,0.20597440004348755
YGR035C,YMR217W,0,1.3059182,0.2747747600078583,0.7809388041496277,0.20611664652824402
YJR144W,YDL155W,0,1.3043625,0.2746373116970062,0.7809388041496277,0.2062588930130005
YLR150W,YPL235W,0,1.3028998,0.2745000123977661,0.7809388041496277,0.20640113949775696
YDL134C-A,YJL010C,0,1.3023242,0.27436283230781555,0.7809388041496277,0.20654338598251343
YMR291W,YER007C-A,0,1.3017826,0.27422577142715454,0.7809388041496277,0.2066856324672699
YDL044C,YLR441C,0,1.3006974,0.27408885955810547,0.7809388041496277,0.20682787895202637
YPL116W,YPL239W,0,1.3004379,0.27395209670066833,0.7809388041496277,0.20697012543678284
YLR201C,YPR165W,0,1.2997571,0.27381545305252075,0.7809388041496277,0.2071123719215393
YKL016C,YHR139C,0,1.2952027,0.2736789584159851,0.7809388041496277,0.20725461840629578
YMR264W,YBL106C,0,1.2928915,0.2735426127910614,0.7809388041496277,0.20739686489105225
YKR007W,YDR091C,0,1.2925241,0.27340638637542725,0.7809388041496277,0.20753911137580872
YOL029C,YGR283C,0,1.290317,0.27327027916908264,0.7809388041496277,0.20768137276172638
YNL041C,YLR093C,0,1.2894394,0.27313432097435,0.7809388041496277,0.20782361924648285
YIL137C,YCR048W,0,1.2893035,0.27299851179122925,0.7809388041496277,0.20796586573123932
YGR038C-B,YKL080W,0,1.2888576,0.27286282181739807,0.7809388041496277,0.2081081122159958
YNL189W,YCR028C-A,0,1.2870283,0.27272728085517883,0.7809388041496277,0.20825035870075226
YBR058C,YKL141W,0,1.2848743,0.27259185910224915,0.7809388041496277,0.20839260518550873
YIL157C,YHR138C,0,1.284304,0.2724565863609314,0.7809388041496277,0.2085348516702652
YJL164C,YDR073W,0,1.2821995,0.2723214328289032,0.7809388041496277,0.20867709815502167
YJR044C,YOL097C,0,1.2816036,0.27218642830848694,0.7809388041496277,0.20881934463977814
YPR175W,YKL220C,0,1.2807183,0.27205154299736023,0.7809388041496277,0.2089615911245346
YDL008W,YPR107C,0,1.2796221,0.27191677689552307,0.7809388041496277,0.20910383760929108
YGR200C,YGR132C,0,1.2772331,0.27178218960762024,0.7809388041496277,0.20924608409404755
YGL245W,YGR185C,1,1.2772138,0.2721424996852875,0.7823613286018372,0.20924608409404755
YMR290C,YGL251C,0,1.2752987,0.27200791239738464,0.7823613286018372,0.20938833057880402
YNL301C,YMR004W,0,1.2748718,0.27187344431877136,0.7823613286018372,0.20953057706356049
YHL035C,YMR224C,0,1.2725827,0.27173912525177,0.7823613286018372,0.20967282354831696
YOR143C,YNR047W,0,1.2718884,0.2716049253940582,0.7823613286018372,0.20981508493423462
YLR381W,YJL125C,0,1.2712796,0.2714708745479584,0.7823613286018372,0.2099573314189911
YMR127C,YOR007C,0,1.2688425,0.27133694291114807,0.7823613286018372,0.21009957790374756
YLL052C,YLR064W,0,1.2644958,0.2712031602859497,0.7823613286018372,0.21024182438850403
YGL105W,YKL194C,1,1.2633687,0.2715623378753662,0.7837837934494019,0.21024182438850403
YGR091W,YER003C,0,1.2629777,0.27142858505249023,0.7837837934494019,0.2103840708732605
YKL146W,YNL116W,0,1.2629583,0.2712949216365814,0.7837837934494019,0.21052631735801697
YGR166W,YNR051C,0,1.2618877,0.27116140723228455,0.7837837934494019,0.21066856384277344
YDL067C,YCL026C-A,0,1.2604238,0.2710280418395996,0.7837837934494019,0.2108108103275299
YMR195W,YOR339C,0,1.2598197,0.2708947956562042,0.7837837934494019,0.21095305681228638
YML123C,YML111W,0,1.2574558,0.2707616686820984,0.7837837934494019,0.21109530329704285
YNL213C,YDL235C,0,1.256351,0.2706286907196045,0.7837837934494019,0.21123754978179932
YPL100W,YJR014W,0,1.2551557,0.27049583196640015,0.7837837934494019,0.2113797962665558
YEL054C,YBR045C,0,1.2546879,0.27036309242248535,0.7837837934494019,0.21152204275131226
YCR081W,YOR273C,0,1.2544496,0.2702305018901825,0.7837837934494019,0.21166428923606873
YLR315W,YNL136W,0,1.25437,0.2700980305671692,0.7837837934494019,0.2118065506219864
YGL168W,YPL249C-A,0,1.2526063,0.2699657082557678,0.7837837934494019,0.21194879710674286
YMR235C,YOR360C,0,1.2522831,0.269833505153656,0.7837837934494019,0.21209104359149933
YPL160W,YGR171C,1,1.2520206,0.27019089460372925,0.7852062582969666,0.21209104359149933
YBR158W,YDR347W,0,1.2513878,0.2700587213039398,0.7852062582969666,0.2122332900762558
YLR222C,YDR261C-C,0,1.2513239,0.26992663741111755,0.7852062582969666,0.21237553656101227
YBR216C,YOR125C,0,1.2511996,0.2697947323322296,0.7852062582969666,0.21251778304576874
YBR122C,YGL246C,0,1.2502857,0.26966291666030884,0.7852062582969666,0.2126600295305252
YPL157W,YPL072W,0,1.2404794,0.26953125,0.7852062582969666,0.21280227601528168
YIL082W-A,YMR225C,0,1.2391142,0.2693997025489807,0.7852062582969666,0.21294452250003815
YNR069C,YAR019C,0,1.2390983,0.26926830410957336,0.7852062582969666,0.21308676898479462
YKR050W,YBL006C,0,1.2385564,0.2691369950771332,0.7852062582969666,0.2132290154695511
YGR013W,YEL027W,0,1.2361428,0.26900583505630493,0.7852062582969666,0.21337126195430756
YPR118W,YPR058W,0,1.2354896,0.2688748240470886,0.7852062582969666,0.21351350843906403
YMR029C,YJR086W,0,1.2281556,0.2687439024448395,0.7852062582969666,0.2136557549238205
YKL091C,YLR003C,0,1.2271316,0.26861312985420227,0.7852062582969666,0.21379800140857697
YER071C,YBR132C,0,1.2269148,0.2684824764728546,0.7852062582969666,0.21394026279449463
YOL077W-A,YMR292W,0,1.224694,0.2683519721031189,0.7852062582969666,0.2140825092792511
YER161C,YBR082C,0,1.2237589,0.26822158694267273,0.7852062582969666,0.21422475576400757
YNL329C,YOL121C,0,1.223454,0.2680913209915161,0.7852062582969666,0.21436700224876404
YJL153C,YCL039W,0,1.2226281,0.26796117424964905,0.7852062582969666,0.2145092487335205
YOL097C,YGR264C,1,1.2224058,0.2683163583278656,0.7866287231445312,0.2145092487335205
YMR165C,YHR197W,0,1.2186222,0.2681862413883209,0.7866287231445312,0.21465149521827698
YDR158W,YOL034W,0,1.21785,0.2680562436580658,0.7866287231445312,0.21479374170303345
YIL097W,YGL020C,0,1.2176352,0.2679263651371002,0.7866287231445312,0.21493598818778992
YDR520C,YOL154W,0,1.2162545,0.2677966058254242,0.7866287231445312,0.2150782346725464
YGL205W,YGL153W,0,1.2154741,0.2676669955253601,0.7866287231445312,0.21522048115730286
YDR483W,YGR087C,0,1.2151086,0.26753750443458557,0.7866287231445312,0.21536272764205933
YNR032W,YLR220W,0,1.2132154,0.2674081325531006,0.7866287231445312,0.2155049741268158
YEL046C,YJR013W,0,1.2100674,0.26727887988090515,0.7866287231445312,0.21564722061157227
YDR126W,YPL194W,0,1.2098911,0.26714974641799927,0.7866287231445312,0.21578946709632874
YPL231W,YJL115W,0,1.2094235,0.2670207619667053,0.7866287231445312,0.2159317284822464
YIL124W,YJR042W,0,1.2068894,0.2668918967247009,0.7866287231445312,0.21607397496700287
YNL068C,YGR235C,0,1.2046801,0.2667631506919861,0.7866287231445312,0.21621622145175934
YOR234C,YDR011W,0,1.2034669,0.2666345238685608,0.7866287231445312,0.2163584679365158
YDR005C,YER173W,0,1.2031146,0.26650601625442505,0.7866287231445312,0.21650071442127228
YEL015W,YDR479C,0,1.2012172,0.26637765765190125,0.7866287231445312,0.21664296090602875
YDR393W,YDR261C,0,1.2007396,0.2662493884563446,0.7866287231445312,0.21678520739078522
YLR266C,YLR405W,0,1.2001829,0.2661212682723999,0.7866287231445312,0.2169274538755417
YJR129C,YLR328W,0,1.1983061,0.26599326729774475,0.7866287231445312,0.21706970036029816
YMR104C,YIL007C,0,1.1981822,0.26586538553237915,0.7866287231445312,0.21721194684505463
YPL160W,YER087W,1,1.1979622,0.2662181556224823,0.788051187992096,0.21721194684505463
YIL168W,YDL174C,0,1.1963432,0.2660903036594391,0.788051187992096,0.2173541933298111
YBL005W-A,YGR277C,0,1.1959738,0.26596254110336304,0.788051187992096,0.21749643981456757
YPL280W,YNL242W,0,1.1944826,0.2658349275588989,0.788051187992096,0.21763868629932404
YMR189W,YMR303C,0,1.1926764,0.26570743322372437,0.788051187992096,0.2177809327840805
YDR464W,YOR372C,0,1.1897509,0.26558005809783936,0.788051187992096,0.21792317926883698
YKR030W,YDR239C,0,1.1887808,0.2654528021812439,0.788051187992096,0.21806544065475464
YML096W,YBL004W,0,1.1879703,0.265325665473938,0.788051187992096,0.2182076871395111
YAL034W-A,YML013W,0,1.1872971,0.26519864797592163,0.788051187992096,0.21834993362426758
YHR133C,YML013W,0,1.1872971,0.2650717794895172,0.788051187992096,0.21849218010902405
YCR098C,YOR233W,0,1.1838894,0.26494500041007996,0.788051187992096,0.21863442659378052
YLR017W,YLR150W,0,1.1834334,0.26481837034225464,0.788051187992096,0.218776673078537
YER141W,YDR037W,0,1.1828783,0.2646918296813965,0.788051187992096,0.21891891956329346
YPL104W,YGR185C,1,1.1802909,0.2650429904460907,0.7894737124443054,0.21891891956329346
YHL050C,YBR254C,0,1.1802332,0.26491647958755493,0.7894737124443054,0.21906116604804993
YIL168W,YDL153C,0,1.1780412,0.2647900879383087,0.7894737124443054,0.2192034125328064
YGR013W,YMR154C,0,1.1746922,0.26466381549835205,0.7894737124443054,0.21934565901756287
YLR077W,YMR091C,0,1.1701624,0.26453766226768494,0.7894737124443054,0.21948790550231934
YLR017W,YPR086W,0,1.1694939,0.2644116282463074,0.7894737124443054,0.2196301519870758
YMR045C,YOR373W,0,1.1677058,0.26428571343421936,0.7894737124443054,0.21977239847183228
YHL026C,YKL208W,0,1.164937,0.2641599178314209,0.7894737124443054,0.21991464495658875
YOR168W,YIL078W,1,1.1642964,0.26450997591018677,0.7908961772918701,0.21991464495658875
YFL024C,YJL041W,0,1.1595845,0.2643842101097107,0.7908961772918701,0.2200569063425064
YER169W,YGL077C,0,1.1590859,0.26425856351852417,0.7908961772918701,0.22019915282726288
YMR243C,YNL151C,0,1.1568027,0.2641330063343048,0.7908961772918701,0.22034139931201935
YGR005C,YGR047C,0,1.1565819,0.2640075981616974,0.7908961772918701,0.22048364579677582
YJL025W,YAL023C,0,1.1565102,0.2638823091983795,0.7908961772918701,0.2206258922815323
YEL060C,YJR050W,0,1.1561502,0.2637571096420288,0.7908961772918701,0.22076813876628876
YDR534C,YDR434W,0,1.1554039,0.26363205909729004,0.7908961772918701,0.22091038525104523
YIL125W,YDR175C,0,1.1547153,0.26350709795951843,0.7908961772918701,0.2210526317358017
YDR021W,YBR024W,0,1.1534624,0.26338228583335876,0.7908961772918701,0.22119487822055817
YNL301C,YDR435C,0,1.1529932,0.26325756311416626,0.7908961772918701,0.22133712470531464
YNL082W,YCL044C,0,1.152959,0.2631329894065857,0.7908961772918701,0.2214793711900711
YHR157W,YNL257C,0,1.1524421,0.2630085051059723,0.7908961772918701,0.22162161767482758
YHR070W,YOR113W,0,1.1517408,0.2628841698169708,0.7908961772918701,0.22176386415958405
YGR271C-A,YER003C,0,1.1514566,0.2627599239349365,0.7908961772918701,0.22190611064434052
YLL018C,YGR264C,1,1.150834,0.26310816407203674,0.7923186421394348,0.22190611064434052
YJL089W,YDR156W,0,1.1498773,0.26298394799232483,0.7923186421394348,0.22204835712909698
YGL123W,YNL169C,0,1.1444921,0.26285985112190247,0.7923186421394348,0.22219061851501465
YDR189W,YNL288W,0,1.1438586,0.26273584365844727,0.7923186421394348,0.22233286499977112
YBL013W,YGR171C,1,1.143291,0.26308345794677734,0.7937411069869995,0.22233286499977112
YLR227W-A,YDR188W,0,1.1432886,0.26295948028564453,0.7937411069869995,0.2224751114845276
YJL035C,YDR073W,0,1.1429079,0.26283562183380127,0.7937411069869995,0.22261735796928406
YPL104W,YPR033C,1,1.1407336,0.263182669878006,0.7951635718345642,0.22261735796928406
YPR168W,YKL006C-A,0,1.1381766,0.2630588114261627,0.7951635718345642,0.22275960445404053
YLL024C,YER173W,0,1.1381352,0.2629351019859314,0.7951635718345642,0.222901850938797
YLR304C,YDR276C,0,1.137939,0.26281148195266724,0.7951635718345642,0.22304409742355347
YLR424W,YFR004W,0,1.137785,0.2626879811286926,0.7951635718345642,0.22318634390830994
YDR289C,YOR315W,0,1.1367218,0.2625645697116852,0.7951635718345642,0.2233285903930664
YGR203W,YGR033C,0,1.1366687,0.2624413073062897,0.7951635718345642,0.22347083687782288
YMR133W,YIL075C,0,1.1357561,0.2623181641101837,0.7951635718345642,0.22361308336257935
YDL174C,YDR210W-C,0,1.1357551,0.2621951103210449,0.7951635718345642,0.22375532984733582
YBL005W,YOR005C,0,1.1349059,0.26207220554351807,0.7951635718345642,0.22389757633209229
YFR003C,YAR009C,0,1.1332119,0.2619493901729584,0.7951635718345642,0.22403982281684875
YDR005C,YOR144C,0,1.1313093,0.26182669401168823,0.7951635718345642,0.22418208420276642
YOR231W,YNL291C,0,1.1292398,0.26170411705970764,0.7951635718345642,0.2243243306875229
YDR128W,YGR186W,0,1.1280271,0.2615816593170166,0.7951635718345642,0.22446657717227936
YHL013C,YBL105C,0,1.1277393,0.2614593207836151,0.7951635718345642,0.22460882365703583
YHL033C,YJR076C,0,1.1269404,0.2613370716571808,0.7951635718345642,0.2247510701417923
YDR324C,YNL311C,0,1.1252546,0.261214941740036,0.7951635718345642,0.22489331662654877
YOR172W,YGR174C,0,1.12519,0.2610929608345032,0.7951635718345642,0.22503556311130524
YAL051W,YGL087C,0,1.1216887,0.2609710693359375,0.7951635718345642,0.2251778095960617
YML069W,YPL017C,0,1.1203974,0.260849267244339,0.7951635718345642,0.22532005608081818
YPL254W,YDL002C,0,1.1191146,0.2607276141643524,0.7951635718345642,0.22546230256557465
YPL104W,YBL013W,1,1.1185921,0.2610722482204437,0.7965860366821289,0.22546230256557465
YCR047C,YMR037C,0,1.1185461,0.26095059514045715,0.7965860366821289,0.22560454905033112
YER173W,YNL312W,0,1.1177316,0.26082906126976013,0.7965860366821289,0.22574679553508759
YMR051C,YJR047C,0,1.1140295,0.26070764660835266,0.7965860366821289,0.22588904201984406
YBR121C,YGR185C,1,1.1137848,0.26105165481567383,0.7980085611343384,0.22588904201984406
YJL046W,YOL088C,0,1.1129892,0.26093024015426636,0.7980085611343384,0.22603128850460052
YBR135W,YPL031C,0,1.1125219,0.26080891489982605,0.7980085611343384,0.226173534989357
YOR256C,YHR147C,0,1.1090248,0.2606877386569977,0.7980085611343384,0.22631579637527466
YNL012W,YDR043C,0,1.1090168,0.2605666518211365,0.7980085611343384,0.22645804286003113
YMR113W,YGR028W,0,1.1089596,0.2604456841945648,0.7980085611343384,0.2266002893447876
YGR195W,YLR466W,0,1.1075372,0.2603248357772827,0.7980085611343384,0.22674253582954407
YPR186C,YDR037W,0,1.1073637,0.2602040767669678,0.7980085611343384,0.22688478231430054
YDR264C,YJR129C,0,1.1037832,0.2600834369659424,0.7980085611343384,0.227027028799057
YLR352W,YPL203W,0,1.103589,0.25996291637420654,0.7980085611343384,0.22716927528381348
YNL189W,YGL211W,0,1.1034079,0.25984251499176025,0.7980085611343384,0.22731152176856995
YOR373W,YBR193C,0,1.1030598,0.2597222328186035,0.7980085611343384,0.22745376825332642
YLR079W,YOR354C,0,1.1025829,0.25960204005241394,0.7980085611343384,0.22759601473808289
YLR453C,YJR135W-A,0,1.1006438,0.2594819664955139,0.7980085611343384,0.22773826122283936
YPL160W,YPR047W,1,1.100187,0.25982430577278137,0.7994310259819031,0.22773826122283936
YIL101C,YNR050C,0,1.0973674,0.25970426201820374,0.7994310259819031,0.22788050770759583
YMR211W,YBR188C,0,1.0951798,0.25958430767059326,0.7994310259819031,0.2280227541923523
YBR258C,YDL004W,0,1.0933089,0.25946444272994995,0.7994310259819031,0.22816500067710876
YJL047C,YLR345W,0,1.089545,0.2593447268009186,0.7994310259819031,0.22830726206302643
YAL010C,YGR075C,0,1.0874367,0.25922510027885437,0.7994310259819031,0.2284495085477829
YPR102C,YEL039C,0,1.0867547,0.2591055929660797,0.7994310259819031,0.22859175503253937
YOR356W,YPL249C-A,0,1.0865881,0.2589861750602722,0.7994310259819031,0.22873400151729584
YOR262W,YLR367W,0,1.0838366,0.2588668763637543,0.7994310259819031,0.2288762480020523
YBR241C,YER044C,0,1.0825676,0.2587476968765259,0.7994310259819031,0.22901849448680878
YLR227W-A,YHR215W,0,1.0819542,0.25862863659858704,0.7994310259819031,0.22916074097156525
YFR014C,YHR052W,0,1.0809374,0.25850966572761536,0.7994310259819031,0.22930298745632172
YPL227C,YKL062W,0,1.0794692,0.2583908140659332,0.7994310259819031,0.22944523394107819
YKR085C,YGL045W,0,1.0763733,0.25827205181121826,0.7994310259819031,0.22958748042583466
YER108C,YDR047W,0,1.0745935,0.25815340876579285,0.7994310259819031,0.22972972691059113
YGL002W,YBL072C,0,1.0738028,0.258034884929657,0.7994310259819031,0.2298719733953476
YDR217C,YCL044C,0,1.0709345,0.25791648030281067,0.7994310259819031,0.23001421988010406
YGR154C,YNL097C,0,1.0678616,0.2577981650829315,0.7994310259819031,0.23015646636486053
YBL063W,YIL085C,0,1.0672712,0.2576799690723419,0.7994310259819031,0.230298712849617
YNL254C,YNL225C,0,1.066206,0.2575618624687195,0.7994310259819031,0.23044097423553467
YML075C,YOR332W,0,1.064889,0.2574438750743866,0.7994310259819031,0.23058322072029114
YDR439W,YOL032W,0,1.064047,0.25732600688934326,0.7994310259819031,0.2307254672050476
YKL114C,YDL146W,0,1.0634153,0.2572082281112671,0.7994310259819031,0.23086771368980408
YDR268W,YGR185C,1,1.0633433,0.2575480341911316,0.8008534908294678,0.23086771368980408
YBR021W,YOR197W,0,1.0623999,0.2574302554130554,0.8008534908294678,0.23100996017456055
YDR375C,YNR016C,0,1.0588605,0.2573126256465912,0.8008534908294678,0.23115220665931702
YGR086C,YER110C,0,1.0580502,0.25719505548477173,0.8008534908294678,0.2312944531440735
YJR052W,YDL025C,0,1.056388,0.2570776343345642,0.8008534908294678,0.23143669962882996
YBR175W,YLR345W,0,1.055656,0.25696030259132385,0.8008534908294678,0.23157894611358643
YPR145W,YLR048W,0,1.0556239,0.25684306025505066,0.8008534908294678,0.2317211925983429
YER169W,YPL233W,0,1.0555613,0.256725937128067,0.8008534908294678,0.23186343908309937
YML126C,YHR148W,0,1.0547664,0.2566089332103729,0.8008534908294678,0.23200568556785583
YLR154W-C,YPL157W,0,1.0534936,0.256492018699646,0.8008534908294678,0.2321479320526123
YDR513W,YJL052W,0,1.0530097,0.2563752233982086,0.8008534908294678,0.23229017853736877
YHR146W,YOR265W,0,1.0527014,0.2562585473060608,0.8008534908294678,0.23243242502212524
YPL249C,YNL197C,0,1.0517938,0.2561419606208801,0.8008534908294678,0.2325746864080429
YOL097C,YGR185C,1,1.0473977,0.25648021697998047,0.8022759556770325,0.2325746864080429
YDR050C,YLR340W,0,1.0466548,0.2563636302947998,0.8022759556770325,0.23271693289279938
YMR298W,YOR383C,0,1.0462134,0.2562471628189087,0.8022759556770325,0.23285917937755585
YLR154C,YMR092C,0,1.0454813,0.25613078474998474,0.8022759556770325,0.23300142586231232
YDL191W,YJL052W,0,1.0448884,0.25601452589035034,0.8022759556770325,0.2331436723470688
YHR103W,YBL013W,0,1.0442727,0.2558983564376831,0.8022759556770325,0.23328591883182526
YHR091C,YGR171C,1,1.0442407,0.25623583793640137,0.8036984205245972,0.23328591883182526
YPR047W,YBL076C,1,1.0436811,0.25657299160957336,0.8051208853721619,0.23328591883182526
YDR177W,YBR213W,0,1.0434244,0.25645673274993896,0.8051208853721619,0.23342816531658173
YKR077W,YBR251W,0,1.0414338,0.2563405930995941,0.8051208853721619,0.2335704118013382
YGR109C,YFR044C,0,1.0400572,0.25622454285621643,0.8051208853721619,0.23371265828609467
YDL144C,YDR006C,0,1.0395348,0.2561086118221283,0.8051208853721619,0.23385490477085114
YOR198C,YLL006W,0,1.0374448,0.2559927701950073,0.8051208853721619,0.2339971512556076
YDR322C-A,YDR341C,0,1.0370364,0.2558770477771759,0.8051208853721619,0.23413939774036407
YFR032C-A,YNL126W,0,1.0368845,0.25576141476631165,0.8051208853721619,0.23428164422512054
YOR252W,YLR143W,0,1.034519,0.25564590096473694,0.8051208853721619,0.23442389070987701
YKL012W,YKL212W,0,1.0325549,0.2555304765701294,0.8051208853721619,0.23456615209579468
YPR075C,YJR088C,0,1.0306914,0.2554151713848114,0.8051208853721619,0.23470839858055115
YPR057W,YMR024W,0,1.0282606,0.25529995560646057,0.8051208853721619,0.23485064506530762
YDR189W,YLR246W,0,1.0269728,0.2551848590373993,0.8051208853721619,0.2349928915500641
YIL027C,YPL143W,0,1.026648,0.2550698518753052,0.8051208853721619,0.23513513803482056
YAL014C,YAL055W,0,1.0255076,0.2549549639225006,0.8051208853721619,0.23527738451957703
YPR061C,YKL221W,0,1.0230672,0.2548401653766632,0.8051208853721619,0.2354196310043335
YJR098C,YDL126C,0,1.0230558,0.25472548604011536,0.8051208853721619,0.23556187748908997
YGR038W,YHR112C,0,1.0223588,0.25461089611053467,0.8051208853721619,0.23570412397384644
YLR095C,YBR055C,0,1.0215807,0.25449639558792114,0.8051208853721619,0.2358463704586029
YCR105W,YER086W,0,1.0215607,0.25438201427459717,0.8051208853721619,0.23598861694335938
YOR149C,YJR049C,0,1.020116,0.25426775217056274,0.8051208853721619,0.23613086342811584
YPL280W,YEL021W,0,1.0195655,0.2541535794734955,0.8051208853721619,0.23627310991287231
YBR069C,YJL042W,0,1.0175039,0.2540394961833954,0.8051208853721619,0.23641535639762878
YBR213W,YDR176W,0,1.0165069,0.25392553210258484,0.8051208853721619,0.23655760288238525
YBR121C,YGR171C,1,1.0127696,0.2542600929737091,0.8065434098243713,0.23655760288238525
YCR028C,YKL063C,0,1.0126216,0.25414612889289856,0.8065434098243713,0.23669986426830292
YPL006W,YAL011W,0,1.012593,0.2540322542190552,0.8065434098243713,0.2368421107530594
YPL203W,YJL106W,0,1.0114601,0.25391849875450134,0.8065434098243713,0.23698435723781586
YGR204W,YCL001W,0,1.0105985,0.2538048326969147,0.8065434098243713,0.23712660372257233
YHR016C,YGL234W,0,1.009349,0.25369128584861755,0.8065434098243713,0.2372688502073288
YNR016C,YNL161W,0,1.008987,0.2535778284072876,0.8065434098243713,0.23741109669208527
YKR090W,YEL058W,0,1.0089676,0.2534644603729248,0.8065434098243713,0.23755334317684174
YNL065W,YMR271C,0,1.005974,0.25335121154785156,0.8065434098243713,0.2376955896615982
YDR523C,YER056C-A,0,1.0056165,0.2532380521297455,0.8065434098243713,0.23783783614635468
YOR217W,YDL098C,0,1.0045881,0.25312501192092896,0.8065434098243713,0.23798008263111115
YIL120W,YGL223C,0,1.0041486,0.2530120611190796,0.8065434098243713,0.23812232911586761
YKR050W,YCR086W,0,1.0010446,0.2528991997241974,0.8065434098243713,0.23826457560062408
YDR128W,YFL056C,0,0.9986631,0.25278645753860474,0.8065434098243713,0.23840682208538055
YPL203W,YDR421W,0,0.9984627,0.25267380475997925,0.8065434098243713,0.23854906857013702
YPR020W,YGL031C,0,0.9965615,0.2525612413883209,0.8065434098243713,0.2386913299560547
YBR104W,YLR128W,0,0.9927607,0.25244879722595215,0.8065434098243713,0.23883357644081116
YER148W,YJL198W,0,0.9916064,0.25233644247055054,0.8065434098243713,0.23897582292556763
YHR063C,YOR046C,0,0.9912568,0.2522242069244385,0.8065434098243713,0.2391180694103241
YBL071W-A,YDR247W,0,0.990268,0.2521120607852936,0.8065434098243713,0.23926031589508057
YGR161C,YKL088W,0,0.98997164,0.25200000405311584,0.8065434098243713,0.23940256237983704
YPR025C,YBL037W,0,0.98681885,0.2518880367279053,0.8065434098243713,0.2395448088645935
YDR079C-A,YGL093W,0,0.9864748,0.25177618861198425,0.8065434098243713,0.23968705534934998
YMR208W,YGL023C,0,0.9863355,0.2516644597053528,0.8065434098243713,0.23982930183410645
YPL214C,YCL055W,0,0.98578334,0.2515527904033661,0.8065434098243713,0.23997154831886292
YCR038C,YMR201C,0,0.9845235,0.25144124031066895,0.8065434098243713,0.24011379480361938
YPR058W,YER110C,0,0.9845214,0.25132977962493896,0.8065434098243713,0.24025604128837585
YGR280C,YDL127W,0,0.9836854,0.25121843814849854,0.8065434098243713,0.24039828777313232
YKR095W-A,YBL088C,0,0.9789458,0.25110718607902527,0.8065434098243713,0.2405405342578888
YPR137C-B,YOR174W,0,0.97869885,0.25099602341651917,0.8065434098243713,0.24068278074264526
YLL018C,YOR335C,1,0.9785938,0.25132742524147034,0.807965874671936,0.24068278074264526
YCR039C,YAL015C,0,0.97679514,0.25121626257896423,0.807965874671936,0.24082504212856293
YBR023C,YNL321W,0,0.97662354,0.2511052191257477,0.807965874671936,0.2409672886133194
YDR375C,YKR060W,0,0.9765412,0.2509942650794983,0.807965874671936,0.24110953509807587
YDL007W,YIR014W,0,0.97006726,0.25088340044021606,0.807965874671936,0.24125178158283234
YOR241W,YCL064C,0,0.970067,0.250772625207901,0.807965874671936,0.2413940280675888
YHR081W,YDL200C,0,0.96953666,0.2506619691848755,0.807965874671936,0.24153627455234528
YBL027W,YMR237W,0,0.96915793,0.25055140256881714,0.807965874671936,0.24167852103710175
YDR418W,YIL007C,0,0.96806145,0.25044092535972595,0.807965874671936,0.24182076752185822
YBL010C,YDL049C,0,0.9671735,0.25033053755760193,0.807965874671936,0.24196301400661469
YDR204W,YHR190W,0,0.96382886,0.25022026896476746,0.807965874671936,0.24210526049137115
YBR254C,YNL176C,0,0.96216506,0.25011008977890015,0.807965874671936,0.24224750697612762
YDL112W,YLR106C,0,0.96152735,0.25,0.807965874671936,0.2423897534608841
YOL033W,YOR088W,0,0.96118414,0.2498900145292282,0.807965874671936,0.24253199994564056
YGL126W,YBL097W,0,0.961021,0.24978011846542358,0.807965874671936,0.24267424643039703
YOR341W,YNL284C-B,0,0.95993054,0.24967032670974731,0.807965874671936,0.2428165078163147
YPR114W,YOR096W,0,0.95889235,0.2495606392621994,0.807965874671936,0.24295875430107117
YDR004W,YKL089W,0,0.9588852,0.24945102632045746,0.807965874671936,0.24310100078582764
YBR301W,YOR357C,0,0.9587422,0.24934153258800507,0.807965874671936,0.2432432472705841
YMR292W,YML019W,0,0.95817,0.24923211336135864,0.807965874671936,0.24338549375534058
YGR088W,YML102W,0,0.95658493,0.24912281334400177,0.807965874671936,0.24352774024009705
YGR133W,YHL015W,0,0.9557061,0.24901358783245087,0.807965874671936,0.24366998672485352
YLR247C,YMR051C,0,0.9499464,0.24890446662902832,0.807965874671936,0.24381223320960999
YPL209C,YBL006C,0,0.94829196,0.24879544973373413,0.807965874671936,0.24395447969436646
YER012W,YNL233W,0,0.9476762,0.2486865222454071,0.807965874671936,0.24409672617912292
YPL104W,YGL105W,1,0.94640404,0.24901531636714935,0.8093883395195007,0.24409672617912292
YDL226C,YHL022C,0,0.944404,0.24890638887882233,0.8093883395195007,0.2442389726638794
YOR375C,YPL116W,0,0.9434935,0.24879755079746246,0.8093883395195007,0.24438121914863586
YDR028C,YOL086W-A,0,0.9434117,0.24868881702423096,0.8093883395195007,0.24452346563339233
YNL065W,YOL103W,0,0.9421909,0.2485801726579666,0.8093883395195007,0.2446657121181488
YKL137W,YPL118W,0,0.94097877,0.24847161769866943,0.8093883395195007,0.24480795860290527
YDL064W,YML110C,0,0.9380324,0.2483631670475006,0.8093883395195007,0.24495021998882294
YGR049W,YDR315C,0,0.93617237,0.24825480580329895,0.8093883395195007,0.2450924664735794
YBR097W,YAL025C,0,0.93311816,0.24814653396606445,0.8093883395195007,0.24523471295833588
YLL018C,YGR094W,1,0.9328865,0.24847428500652313,0.8108108043670654,0.24523471295833588
YGL001C,YOR344C,0,0.9326675,0.24836601316928864,0.8108108043670654,0.24537695944309235
YIR036C,YPL206C,0,0.93204546,0.2482578456401825,0.8108108043670654,0.24551920592784882
YLR277C,YIL070C,0,0.9311517,0.24814976751804352,0.8108108043670654,0.24566145241260529
YGL210W,YOR080W,0,0.9264358,0.2480417788028717,0.8108108043670654,0.24580369889736176
YER095W,YHR196W,0,0.9263205,0.24793387949466705,0.8108108043670654,0.24594594538211823
YEL019C,YGR280C,0,0.9237303,0.24782608449459076,0.8108108043670654,0.2460881918668747
YBL076C,YDR023W,1,0.92365456,0.2481529712677002,0.8122332692146301,0.2460881918668747
YHR020W,YLR045C,0,0.9229754,0.2480451762676239,0.8122332692146301,0.24623043835163116
YOR253W,YCL067C,0,0.9218276,0.24793747067451477,0.8122332692146301,0.24637268483638763
YCR054C,YDL042C,0,0.9199063,0.2478298544883728,0.8122332692146301,0.2465149313211441
YLR399C,YGL137W,0,0.9182248,0.2477223426103592,0.8122332692146301,0.24665717780590057
YJL145W,YJL097W,0,0.91810024,0.24761492013931274,0.8122332692146301,0.24679942429065704
YDR023W,YER087W,1,0.9153666,0.2479410469532013,0.8136557340621948,0.24679942429065704
YOL122C,YGL144C,0,0.91526604,0.24783362448215485,0.8136557340621948,0.2469416856765747
YOR153W,YOR326W,0,0.91487426,0.24772629141807556,0.8136557340621948,0.24708393216133118
YDR420W,YKL099C,0,0.9141959,0.24761904776096344,0.8136557340621948,0.24722617864608765
YNL292W,YDR054C,0,0.91415775,0.24751189351081848,0.8136557340621948,0.24736842513084412
YPL009C,YDR012W,0,0.9136436,0.24740484356880188,0.8136557340621948,0.24751067161560059
YPL177C,YKR022C,0,0.9112328,0.24729788303375244,0.8136557340621948,0.24765291810035706
YJR153W,YER173W,0,0.91024584,0.24719101190567017,0.8136557340621948,0.24779516458511353
YEL064C,YPL194W,0,0.90793973,0.24708423018455505,0.8136557340621948,0.24793741106987
YAL026C,YGR133W,0,0.9074085,0.2469775527715683,0.8136557340621948,0.24807965755462646
YHR072W-A,YKL156W,0,0.9060043,0.2468709498643875,0.8136557340621948,0.24822190403938293
YOR177C,YNL045W,0,0.90574557,0.24676445126533508,0.8136557340621948,0.2483641505241394
YIL049W,YBR199W,0,0.9056921,0.24665804207324982,0.8136557340621948,0.24850639700889587
YER042W,YOR192C,0,0.9055321,0.2465517222881317,0.8136557340621948,0.24864864349365234
YDL129W,YOR017W,0,0.9050739,0.24644549190998077,0.8136557340621948,0.2487908899784088
YDR079C-A,YPR022C,0,0.9045235,0.2463393658399582,0.8136557340621948,0.24893313646316528
YKL110C,YDL188C,0,0.90409714,0.24623331427574158,0.8136557340621948,0.24907539784908295
YML043C,YDR045C,0,0.9010484,0.24612736701965332,0.8136557340621948,0.24921764433383942
YJR097W,YJR109C,0,0.89854956,0.24602150917053223,0.8136557340621948,0.2493598908185959
YER142C,YDR284C,0,0.89785576,0.2459157407283783,0.8136557340621948,0.24950213730335236
YBL105C,YKR100C,0,0.8961334,0.24581006169319153,0.8136557340621948,0.24964438378810883
YBR105C,YNR019W,0,0.8922666,0.24570447206497192,0.8136557340621948,0.2497866302728653
YMR001C,YMR198W,0,0.8918643,0.24559897184371948,0.8136557340621948,0.24992887675762177
YGR004W,YJL057C,0,0.8901895,0.2454935610294342,0.8136557340621948,0.25007113814353943
YHR009C,YGR209C,0,0.8895878,0.2453882396221161,0.8136557340621948,0.2502133846282959
YDR060W,YGR204W,0,0.88900983,0.24528302252292633,0.8136557340621948,0.25035563111305237
YGR076C,YGR208W,0,0.8887538,0.24517787992954254,0.8136557340621948,0.25049787759780884
YNL183C,YDR362C,0,0.8882557,0.2450728416442871,0.8136557340621948,0.2506401240825653
YNL129W,YNR012W,0,0.88815534,0.24496787786483765,0.8136557340621948,0.2507823705673218
YPR033C,YLL018C,1,0.8875023,0.2452910989522934,0.8150782585144043,0.2507823705673218
YJR144W,YKL157W,0,0.88614196,0.24518613517284393,0.8150782585144043,0.25092461705207825
YML046W,YER051W,0,0.8856205,0.24508126080036163,0.8150782585144043,0.2510668635368347
YDR267C,YOR190W,0,0.8833983,0.2449764907360077,0.8150782585144043,0.2512091100215912
YNL224C,YNL075W,0,0.8832186,0.24487179517745972,0.8150782585144043,0.25135135650634766
YAL002W,YPR105C,0,0.881047,0.2447671890258789,0.8150782585144043,0.2514936029911041
YNL001W,YLR297W,0,0.8809764,0.24466268718242645,0.8150782585144043,0.2516358494758606
YNR036C,YPR055W,0,0.8788645,0.24455825984477997,0.8150782585144043,0.25177809596061707
YDR345C,YHR098C,0,0.87872577,0.24445392191410065,0.8150782585144043,0.25192034244537354
YJL113W,YDR041W,0,0.87787306,0.2443496733903885,0.8150782585144043,0.25206258893013
YBR289W,YPR169W,0,0.87511504,0.2442455291748047,0.8150782585144043,0.2522048354148865
YDR520C,YCR069W,0,0.87328124,0.24414145946502686,0.8150782585144043,0.25234708189964294
YJR097W,YFR038W,0,0.87233055,0.2440374791622162,0.8150782585144043,0.2524893283843994
YDL146W,YDR276C,0,0.8714024,0.24393358826637268,0.8150782585144043,0.2526315748691559
YER071C,YIL056W,0,0.8709022,0.24382978677749634,0.8150782585144043,0.25277382135391235
YLR382C,YBL076C,1,0.87066954,0.24415142834186554,0.816500723361969,0.25277382135391235
YIL162W,YGL173C,0,0.86945975,0.244047611951828,0.816500723361969,0.2529160678386688
YML029W,YLR085C,0,0.8677878,0.24394389986991882,0.816500723361969,0.2530583143234253
YHR204W,YDL185W,0,0.8675357,0.2438402771949768,0.816500723361969,0.25320056080818176
YNL015W,YEL048C,0,0.86741364,0.24373672902584076,0.816500723361969,0.25334280729293823
YDR382W,YNL003C,0,0.86739254,0.24363327026367188,0.816500723361969,0.2534850537776947
YIR012W,YKR060W,0,0.86734056,0.24352991580963135,0.816500723361969,0.25362730026245117
YLR310C,YKR093W,0,0.8650515,0.2434266358613968,0.816500723361969,0.25376954674720764
YOL121C,YBR034C,0,0.86473244,0.2433234453201294,0.816500723361969,0.2539117932319641
YMR197C,YMR221C,0,0.864113,0.24322034418582916,0.816500723361969,0.2540540397167206
YBL036C,YMR150C,0,0.86347795,0.2431173175573349,0.816500723361969,0.25419631600379944
YOR178C,YDR309C,0,0.86269945,0.243014395236969,0.816500723361969,0.2543385624885559
YOL060C,YNL233W,0,0.8616698,0.24291154742240906,0.816500723361969,0.2544808089733124
YKR099C-A,YBR299W,0,0.8596501,0.24280880391597748,0.816500723361969,0.25462305545806885
YOR168W,YOL097C,1,0.859321,0.2431289702653885,0.8179231882095337,0.25462305545806885
YLR306W,YGR068C,0,0.8568195,0.24302621185779572,0.8179231882095337,0.2547653019428253
YNL189W,YGR194C,0,0.8566382,0.2429235279560089,0.8179231882095337,0.2549075484275818
YER184C,YLR004C,0,0.8566346,0.24282094836235046,0.8179231882095337,0.25504979491233826
YLR323C,YOR120W,0,0.85532546,0.24271844327449799,0.8179231882095337,0.2551920413970947
YKL052C,YFL035C-B,0,0.85401565,0.24261602759361267,0.8179231882095337,0.2553342878818512
YBR283C,YLR006C,0,0.85301006,0.24251370131969452,0.8179231882095337,0.25547653436660767
YMR029C,YBR107C,0,0.85297555,0.24241146445274353,0.8179231882095337,0.25561878085136414
YCR023C,YLR157C-B,0,0.85144854,0.2423093169927597,0.8179231882095337,0.2557610273361206
YFL022C,YGR185C,1,0.85106564,0.24262847006320953,0.8193456530570984,0.2557610273361206
YDR257C,YLR210W,0,0.85063326,0.2425263226032257,0.8193456530570984,0.2559032738208771
YOR168W,YDR037W,1,0.8502989,0.24284511804580688,0.8207681179046631,0.2559032738208771
YDR439W,YIL144W,0,0.85021836,0.24274295568466187,0.8207681179046631,0.25604552030563354
YKL183W,YFL036W,0,0.8501667,0.24264086782932281,0.8207681179046631,0.25618776679039
YOR320C,YDR397C,0,0.85001016,0.24253888428211212,0.8207681179046631,0.2563300132751465
YDR379W,YIL148W,0,0.84742165,0.2424369752407074,0.8207681179046631,0.25647225975990295
YLR419W,YGL061C,0,0.8458228,0.24233515560626984,0.8207681179046631,0.2566145062446594
YIR023W,YLR319C,0,0.8454277,0.24223341047763824,0.8207681179046631,0.2567567527294159
YGR128C,YDR017C,0,0.84499156,0.242131769657135,0.8207681179046631,0.25689899921417236
YBR191W,YMR071C,0,0.84475225,0.24203020334243774,0.8207681179046631,0.25704124569892883
YPL189C-A,YDR270W,0,0.8437848,0.24192872643470764,0.8207681179046631,0.2571834921836853
YKL005C,YIL090W,0,0.84364194,0.2418273240327835,0.8207681179046631,0.2573257386684418
YLL018C,YBR121C,1,0.8435876,0.24214495718479156,0.8221905827522278,0.2573257386684418
YLR299W,YIL115C,0,0.8431698,0.24204355478286743,0.8221905827522278,0.25746798515319824
YOR234C,YIL037C,0,0.8415153,0.24194224178791046,0.8221905827522278,0.2576102316379547
YLR382C,YGR171C,1,0.8407367,0.2422594130039215,0.8236131072044373,0.2576102316379547
YDR307W,YML057W,0,0.8398509,0.24215810000896454,0.8236131072044373,0.2577524781227112
YOL058W,YNL116W,0,0.8386836,0.24205686151981354,0.8236131072044373,0.25789472460746765
YOL006C,YJL221C,0,0.8385091,0.2419556975364685,0.8236131072044373,0.2580369710922241
YPL171C,YML082W,0,0.8379432,0.24185463786125183,0.8236131072044373,0.2581792175769806
YDL076C,YOR113W,0,0.8361888,0.24175365269184113,0.8236131072044373,0.25832149386405945
YDL143W,YJL164C,0,0.835619,0.24165275692939758,0.8236131072044373,0.2584637403488159
YHL020C,YLR408C,0,0.8351089,0.24155193567276,0.8236131072044373,0.2586059868335724
YIL114C,YKR027W,0,0.83022565,0.2414512038230896,0.8236131072044373,0.25874823331832886
YMR192W,YPL257W-A,0,0.82722855,0.24135056138038635,0.8236131072044373,0.2588904798030853
YMR164C,YNL194C,0,0.8266189,0.24124999344348907,0.8236131072044373,0.2590327262878418
YBR121C,YHL009C,0,0.8248639,0.24114951491355896,0.8236131072044373,0.25917497277259827
YMR184W,YML133C,0,0.82408184,0.241049125790596,0.8236131072044373,0.25931721925735474
YEL034W,YOR369C,0,0.8238692,0.24094881117343903,0.8236131072044373,0.2594594657421112
YPL178W,YPL021W,0,0.8228483,0.2408485859632492,0.8236131072044373,0.2596017122268677
YML025C,YGL168W,0,0.81953585,0.24074843525886536,0.8236131072044373,0.25974395871162415
YAL053W,YFR015C,0,0.8185931,0.24064837396144867,0.8236131072044373,0.2598862051963806
YNL145W,YLL021W,0,0.8175783,0.24054840207099915,0.8236131072044373,0.2600284516811371
YPR158C-D,YML098W,0,0.81637764,0.2404485046863556,0.8236131072044373,0.26017069816589355
YFR006W,YDR536W,0,0.815934,0.2403486967086792,0.8236131072044373,0.26031294465065
YDR279W,YHR088W,0,0.81235635,0.24024896323680878,0.8236131072044373,0.2604551911354065
YOR168W,YDR268W,1,0.8109406,0.24056407809257507,0.825035572052002,0.2604551911354065
YBR102C,YJL167W,0,0.8109403,0.24046434462070465,0.825035572052002,0.26059743762016296
YDR014W,YGL137W,0,0.8104631,0.2403646856546402,0.825035572052002,0.26073968410491943
YJL028W,YNL221C,0,0.8098037,0.2402651160955429,0.825035572052002,0.2608819305896759
YDL178W,YIR026C,0,0.80948055,0.24016563594341278,0.825035572052002,0.2610241770744324
YLR008C,YHR153C,0,0.80938154,0.24006623029708862,0.825035572052002,0.26116642355918884
YPL040C,YLL018C,1,0.8074053,0.24038062989711761,0.8264580368995667,0.26116642355918884
YNL197C,YBR236C,0,0.8056216,0.24028122425079346,0.8264580368995667,0.2613086700439453
YPR007C,YGR121C,0,0.8055924,0.24018189311027527,0.8264580368995667,0.2614509165287018
YLR056W,YDR341C,0,0.80324525,0.24008265137672424,0.8264580368995667,0.26159316301345825
YFL041W,YDL114W,0,0.80257404,0.2399834841489792,0.8264580368995667,0.2617354094982147
YHR020W,YOR168W,1,0.8009859,0.24029727280139923,0.8278805017471313,0.2617354094982147
YDR481C,YMR292W,0,0.7997544,0.24019810557365417,0.8278805017471313,0.2618776559829712
YGL179C,YOR048C,0,0.79737884,0.2400990128517151,0.8278805017471313,0.26201990246772766
YJL156C,YGL017W,0,0.79679567,0.23999999463558197,0.8278805017471313,0.26216214895248413
YBR240C,YGL243W,0,0.7967236,0.23990106582641602,0.8278805017471313,0.2623043954372406
YNL003C,YKL077W,0,0.79496515,0.23980222642421722,0.8278805017471313,0.26244667172431946
YGR263C,YNL225C,0,0.79175794,0.2397034615278244,0.8278805017471313,0.2625889182090759
YCR024C,YGR185C,1,0.79162514,0.24001646041870117,0.829302966594696,0.2625889182090759
YOR003W,YBR146W,0,0.7913778,0.23991769552230835,0.829302966594696,0.2627311646938324
YNL186W,YBR299W,0,0.7904769,0.2398190051317215,0.829302966594696,0.26287341117858887
YGL049C,YHR001W,0,0.7898926,0.2397203892469406,0.829302966594696,0.26301565766334534
YLR283W,YNR033W,0,0.7895409,0.2396218627691269,0.829302966594696,0.2631579041481018
YDR153C,YOR046C,0,0.78879124,0.23952341079711914,0.829302966594696,0.2633001506328583
YJL078C,YBR056W,0,0.7887097,0.23942504823207855,0.829302966594696,0.26344239711761475
YHR214W-G,YNL062C,0,0.7884666,0.23932676017284393,0.829302966594696,0.2635846436023712
YER048W-A,YIL150C,0,0.78752124,0.23922856152057648,0.829302966594696,0.2637268900871277
YHR143W,YDL127W,0,0.78696626,0.239130437374115,0.829302966594696,0.26386913657188416
YGR074W,YLR417W,0,0.78626823,0.23903238773345947,0.829302966594696,0.2640113830566406
YBR084C-A,YKL113C,0,0.7848926,0.23893442749977112,0.829302966594696,0.2641536295413971
YPL192C,YIL110W,0,0.78404146,0.23883654177188873,0.829302966594696,0.26429587602615356
YER048C,YKR060W,0,0.7830915,0.2387387454509735,0.829302966594696,0.26443812251091003
YDR227W,YMR175W,0,0.7809001,0.23864100873470306,0.829302966594696,0.2645803689956665
YIL145C,YOR133W,0,0.7803352,0.23854337632656097,0.829302966594696,0.264722615480423
YLL018C,YNL073W,1,0.7803287,0.2388548105955124,0.8307254910469055,0.264722615480423
YDL082W,YBL022C,0,0.7797478,0.2387571483850479,0.8307254910469055,0.26486486196517944
YLL018C,YGR171C,1,0.77956223,0.23906823992729187,0.8321479558944702,0.26486486196517944
YDR013W,YKL016C,0,0.77901006,0.2389705926179886,0.8321479558944702,0.2650071084499359
YPR145W,YIL114C,0,0.7789417,0.23887300491333008,0.8321479558944702,0.2651493549346924
YPL160W,YGR264C,1,0.7786722,0.2391836792230606,0.8335704207420349,0.2651493549346924
YHR143W-A,YLR446W,0,0.77713835,0.2390860915184021,0.8335704207420349,0.26529160141944885
YLR403W,YEL013W,0,0.77691495,0.23898857831954956,0.8335704207420349,0.2654338479042053
YDR484W,YDR309C,0,0.77676034,0.23889115452766418,0.8335704207420349,0.2655760943889618
YOR335C,YGR171C,1,0.77596766,0.23920130729675293,0.8349928855895996,0.2655760943889618
YHR025W,YOR214C,0,0.7749359,0.23910386860370636,0.8349928855895996,0.26571834087371826
YOR143C,YGR038W,0,0.77374613,0.23900651931762695,0.8349928855895996,0.26586058735847473
YDR365C,YOR011W,0,0.7735227,0.23890924453735352,0.8349928855895996,0.2660028338432312
YML124C,YGL144C,0,0.7733297,0.23881204426288605,0.8349928855895996,0.26614508032798767
YJL208C,YDR356W,0,0.77252436,0.23871491849422455,0.8349928855895996,0.26628732681274414
YBR258C,YDR170W-A,0,0.7705717,0.2386178821325302,0.8349928855895996,0.2664295732975006
YNL224C,YDR079C-A,0,0.76981777,0.23852092027664185,0.8349928855895996,0.26657184958457947
YPL170W,YBL005W,0,0.76954067,0.23842404782772064,0.8349928855895996,0.26671409606933594
YDR347W,YHR031C,0,0.768937,0.2383272498846054,0.8349928855895996,0.2668563425540924
YLR274W,YER018C,0,0.7677797,0.23823052644729614,0.8349928855895996,0.2669985890388489
YGR284C,YDR054C,0,0.7665794,0.23813387751579285,0.8349928855895996,0.26714083552360535
YML072C,YLR360W,0,0.7661201,0.23803730309009552,0.8349928855895996,0.2672830820083618
YOR306C,YPR141C,0,0.7643079,0.23794081807136536,0.8349928855895996,0.2674253284931183
YPR101W,YHL025W,0,0.76340413,0.23784440755844116,0.8349928855895996,0.26756757497787476
YGL245W,YGR171C,1,0.7624348,0.2381531000137329,0.8364153504371643,0.26756757497787476
YKL101W,YDR365C,0,0.7620424,0.23805667459964752,0.8364153504371643,0.2677098214626312
YLL028W,YOR133W,0,0.76156414,0.2379603385925293,0.8364153504371643,0.2678520679473877
YHR185C,YOL091W,0,0.760193,0.23786407709121704,0.8364153504371643,0.26799431443214417
YLR453C,YBR121C,0,0.7598226,0.23776789009571075,0.8364153504371643,0.26813656091690063
YLR370C,YCR040W,0,0.75950587,0.23767179250717163,0.8364153504371643,0.2682788074016571
YMR016C,YER053C-A,0,0.75899756,0.23757575452327728,0.8364153504371643,0.2684210538864136
YJR010C-A,YCR094W,0,0.7578021,0.2374798059463501,0.8364153504371643,0.26856330037117004
YIL122W,YCR035C,0,0.75752354,0.23738393187522888,0.8364153504371643,0.2687055468559265
YCR045C,YER023W,0,0.7567561,0.23728813230991364,0.8364153504371643,0.268847793340683
YNL213C,YLR310C,0,0.75423616,0.23719242215156555,0.8364153504371643,0.26899003982543945
YER069W,YPL175W,0,0.7537867,0.23709677159786224,0.8364153504371643,0.2691322863101959
YJR084W,YLR154C,0,0.752756,0.2370012104511261,0.8364153504371643,0.2692745327949524
YNR027W,YDR361C,0,0.75214076,0.23690572381019592,0.8364153504371643,0.26941677927970886
YGR104C,YFR015C,0,0.7507712,0.23681031167507172,0.8364153504371643,0.26955902576446533
YLR201C,YML070W,0,0.7504719,0.23671497404575348,0.8364153504371643,0.2697012722492218
YLR368W,YIL072W,0,0.74855244,0.2366197109222412,0.8364153504371643,0.26984351873397827
YOL126C,YPL056C,0,0.74845755,0.2365245372056961,0.8364153504371643,0.26998576521873474
YAL061W,YER127W,0,0.7425153,0.23642943799495697,0.8364153504371643,0.2701280117034912
YOR231W,YAL025C,0,0.74214506,0.2363343983888626,0.8364153504371643,0.2702702581882477
YBR166C,YMR307W,0,0.7401361,0.2362394481897354,0.8364153504371643,0.27041250467300415
YJL010C,YPR057W,0,0.7390233,0.23614457249641418,0.8364153504371643,0.2705547511577606
YER095W,YDR077W,0,0.7376239,0.23604978621006012,0.8364153504371643,0.2706970274448395
YNL322C,YCL019W,0,0.7372294,0.23595505952835083,0.8364153504371643,0.27083927392959595
YLR060W,YLL018C,1,0.7334467,0.2362615317106247,0.837837815284729,0.27083927392959595
YDR046C,YMR242C,0,0.7312461,0.2361668050289154,0.837837815284729,0.2709815204143524
YHR037W,YKL143W,0,0.727879,0.2360721379518509,0.837837815284729,0.2711237668991089
YIL113W,YFL036W,0,0.72780275,0.23597756028175354,0.837837815284729,0.27126601338386536
YFL022C,YLR360W,0,0.7260933,0.23588305711746216,0.837837815284729,0.2714082598686218
YHR091C,YER087W,1,0.72350466,0.23618894815444946,0.8392603397369385,0.2714082598686218
YOR245C,YPL217C,0,0.72272587,0.23609444499015808,0.8392603397369385,0.2715505063533783
YNL284C-B,YOR250C,0,0.7213312,0.23600000143051147,0.8392603397369385,0.27169275283813477
YLL062C,YGR074W,0,0.721007,0.23590563237667084,0.8392603397369385,0.27183499932289124
YLR144C,YMR070W,0,0.72034144,0.23581135272979736,0.8392603397369385,0.2719772458076477
YDR450W,YPR108W,0,0.7197446,0.23571713268756866,0.8392603397369385,0.2721194922924042
YOL080C,YMR322C,0,0.71941566,0.23562300205230713,0.8392603397369385,0.27226173877716064
YDL018C,YJL157C,0,0.7175206,0.23552894592285156,0.8392603397369385,0.2724039852619171
YOR076C,YPR058W,0,0.7174485,0.23543494939804077,0.8392603397369385,0.2725462317466736
YJL125C,YOR240W,0,0.715118,0.23534104228019714,0.8392603397369385,0.27268847823143005
YOR177C,YOR087W,0,0.71468306,0.23524720966815948,0.8392603397369385,0.2728307247161865
YDR127W,YCL048W,0,0.7118852,0.2351534515619278,0.8392603397369385,0.272972971200943
YBL013W,YGR185C,1,0.7109845,0.2354581654071808,0.8406828045845032,0.272972971200943
YDL105W,YLR398C,0,0.71041894,0.2353643923997879,0.8406828045845032,0.27311521768569946
YBR169C,YBR045C,0,0.7092135,0.235270693898201,0.8406828045845032,0.27325746417045593
YML004C,YGL181W,0,0.7079259,0.23517708480358124,0.8406828045845032,0.2733997106552124
YLL026W,YIL122W,0,0.7072227,0.23508353531360626,0.8406828045845032,0.27354195713996887
YMR125W,YBL054W,0,0.7070321,0.23499006032943726,0.8406828045845032,0.27368420362472534
YPL280W,YNL299W,0,0.706878,0.23489665985107422,0.8406828045845032,0.2738264501094818
YLR157C-A,YNL003C,0,0.70628804,0.23480333387851715,0.8406828045845032,0.2739686965942383
YKL086W,YKL194C,0,0.7054258,0.23471008241176605,0.8406828045845032,0.27411094307899475
YNL311C,YGR125W,0,0.70461017,0.23461690545082092,0.8406828045845032,0.2742531895637512
YER142C,YNL112W,0,0.70323014,0.23452380299568176,0.8406828045845032,0.2743954360485077
YJL102W,YHR052W,0,0.7024486,0.23443077504634857,0.8406828045845032,0.27453768253326416
YFL061W,YGR106C,0,0.7017565,0.23433782160282135,0.8406828045845032,0.27467992901802063
YLR095C,YPL141C,0,0.70045376,0.2342449426651001,0.8406828045845032,0.2748222053050995
YKR042W,YDR074W,0,0.7002249,0.23415213823318481,0.8406828045845032,0.27496445178985596
YJR029W,YLR265C,0,0.69920653,0.2340594083070755,0.8406828045845032,0.2751066982746124
YOR196C,YPL149W,0,0.6950382,0.23396675288677216,0.8406828045845032,0.2752489447593689
YNL224C,YLR178C,0,0.6944479,0.2338741570711136,0.8406828045845032,0.27539119124412537
YDR142C,YKL176C,0,0.6943655,0.23378165066242218,0.8406828045845032,0.27553343772888184
YPL104W,YDR037W,1,0.6934285,0.2340846210718155,0.8421052694320679,0.27553343772888184
YDR115W,YPR178W,0,0.69264746,0.2339920997619629,0.8421052694320679,0.2756756842136383
YBL076C,YOR335C,1,0.6919711,0.23429474234580994,0.8435277342796326,0.2756756842136383
YKR079C,YLR426W,0,0.6894219,0.23420220613479614,0.8435277342796326,0.2758179306983948
YBL069W,YPL183C,0,0.6893828,0.23410974442958832,0.8435277342796326,0.27596017718315125
YDR044W,YDR268W,0,0.6890035,0.23401735723018646,0.8435277342796326,0.2761024236679077
YDR028C,YOR396W,0,0.686558,0.23392504453659058,0.8435277342796326,0.2762446701526642
YML063W,YCR010C,0,0.68637973,0.23383280634880066,0.8435277342796326,0.27638691663742065
YOR303W,YLR345W,0,0.6861046,0.2337406426668167,0.8435277342796326,0.2765291631221771
YNL330C,YDR206W,0,0.6846823,0.23364853858947754,0.8435277342796326,0.2766714096069336
YMR232W,YNL164C,0,0.68040365,0.23355652391910553,0.8435277342796326,0.27681365609169006
YHR019C,YDR165W,0,0.6803825,0.2334645688533783,0.8435277342796326,0.27695590257644653
YDR156W,YGL031C,0,0.68012595,0.23337268829345703,0.8435277342796326,0.277098149061203
YMR177W,YML087C,0,0.6796639,0.23328088223934174,0.8435277342796326,0.2772403955459595
YLR051C,YJL108C,0,0.6779903,0.2331891506910324,0.8435277342796326,0.27738264203071594
YBR054W,YHR106W,0,0.6768891,0.23309747874736786,0.8435277342796326,0.2775248885154724
YMR135C,YOL128C,0,0.67548597,0.23300589621067047,0.8435277342796326,0.2776671350002289
YAL047C,YBL061C,0,0.6754389,0.23291437327861786,0.8435277342796326,0.27780938148498535
YGR142W,YBR022W,0,0.674948,0.23282292485237122,0.8435277342796326,0.2779516279697418
YBR191W,YKL014C,0,0.67448044,0.23273155093193054,0.8435277342796326,0.2780938744544983
YIL117C,YAR015W,0,0.6742469,0.23264025151729584,0.8435277342796326,0.27823612093925476
YLR090W,YPR022C,0,0.67400134,0.2325490266084671,0.8435277342796326,0.27837836742401123
YOR179C,YER120W,0,0.6711974,0.23245786130428314,0.8435277342796326,0.2785206139087677
YLR227W-A,YGL096W,0,0.6707806,0.23236677050590515,0.8435277342796326,0.27866286039352417
YHR146W,YDR201W,0,0.6692941,0.23227575421333313,0.8435277342796326,0.27880510687828064
YIL155C,YBR233W-A,0,0.6678779,0.23218481242656708,0.8435277342796326,0.2789473831653595
YDL066W,YBR167C,0,0.6675137,0.2320939302444458,0.8435277342796326,0.27908962965011597
YMR116C,YFL041W,0,0.6664446,0.2320031225681305,0.8435277342796326,0.27923187613487244
YBR004C,YOL032W,0,0.6656616,0.23191240429878235,0.8435277342796326,0.2793741226196289
YOR177C,YDL100C,0,0.6651708,0.23182173073291779,0.8435277342796326,0.2795163691043854
YGL025C,YPL161C,0,0.664557,0.23173114657402039,0.8435277342796326,0.27965861558914185
YDL193W,YIL091C,0,0.66272855,0.23164062201976776,0.8435277342796326,0.2798008620738983
YIR010W,YER019W,0,0.66239154,0.2315501719713211,0.8435277342796326,0.2799431085586548
YPL171C,YFL022C,0,0.6610129,0.23145979642868042,0.8435277342796326,0.28008535504341125
YGR263C,YNR016C,0,0.6608603,0.2313694953918457,0.8435277342796326,0.2802276015281677
YHR186C,YIL091C,0,0.66061145,0.23127925395965576,0.8435277342796326,0.2803698480129242
YNR001C,YMR171C,0,0.6592704,0.2311890870332718,0.8435277342796326,0.28051209449768066
YLR369W,YLR221C,0,0.65890735,0.2310989797115326,0.8435277342796326,0.28065434098243713
YBL023C,YNL328C,0,0.6549282,0.23100896179676056,0.8435277342796326,0.2807965874671936
YHR073W,YPR097W,0,0.65276194,0.2309190034866333,0.8435277342796326,0.2809388339519501
YDR150W,YNL001W,0,0.6520669,0.230829119682312,0.8435277342796326,0.28108108043670654
YDR395W,YGL013C,0,0.6510857,0.2307392954826355,0.8435277342796326,0.281223326921463
YLR023C,YLR166C,0,0.6503327,0.23064954578876495,0.8435277342796326,0.2813655734062195
YKL006W,YNL166C,0,0.65015507,0.23055987060070038,0.8435277342796326,0.28150781989097595
YAL021C,YIR026C,0,0.64983267,0.23047026991844177,0.8435277342796326,0.2816500663757324
YBR236C,YLR265C,0,0.64858097,0.23038072884082794,0.8435277342796326,0.2817923128604889
YMR289W,YJL042W,0,0.6448469,0.23029126226902008,0.8435277342796326,0.28193455934524536
YDR268W,YBL076C,1,0.64450365,0.2305900603532791,0.8449501991271973,0.28193455934524536
YER026C,YKR024C,0,0.6424116,0.23050057888031006,0.8449501991271973,0.28207680583000183
YOR168W,YNL073W,1,0.64191276,0.23079906404018402,0.846372663974762,0.28207680583000183
YKL006C-A,YIL040W,0,0.6416749,0.23070958256721497,0.846372663974762,0.2822190523147583
YER095W,YBR152W,0,0.6411287,0.23062016069889069,0.846372663974762,0.28236129879951477
YNL020C,YGR184C,0,0.6409606,0.23053079843521118,0.846372663974762,0.28250354528427124
YPL045W,YPL241C,0,0.6390294,0.23044152557849884,0.846372663974762,0.2826457917690277
YKL063C,YNR069C,0,0.6360843,0.23035229742527008,0.846372663974762,0.2827880382537842
YLR373C,YML088W,0,0.63489735,0.23026315867900848,0.846372663974762,0.28293028473854065
YIL101C,YEL058W,0,0.63444734,0.23017407953739166,0.846372663974762,0.2830725610256195
YMR235C,YGL058W,0,0.6340085,0.2300850749015808,0.846372663974762,0.283214807510376
YPL043W,YPL008W,0,0.6337496,0.22999612987041473,0.846372663974762,0.28335705399513245
YOR003W,YDR259C,0,0.6335134,0.22990725934505463,0.846372663974762,0.2834993004798889
YAL032C,YGL023C,0,0.63315344,0.2298184633255005,0.846372663974762,0.2836415469646454
YHR079C-A,YFL003C,0,0.6328995,0.22972972691059113,0.846372663974762,0.28378379344940186
YOL103W,YJL035C,0,0.632325,0.22964106500148773,0.846372663974762,0.2839260399341583
YDR119W,YDR158W,0,0.62987673,0.2295524626970291,0.846372663974762,0.2840682864189148
YER051W,YHR138C,0,0.6294962,0.22946393489837646,0.846372663974762,0.28421053290367126
YPL030W,YDR115W,0,0.6285718,0.22937548160552979,0.846372663974762,0.28435277938842773
YAR044W,YDR443C,0,0.6271734,0.22928708791732788,0.846372663974762,0.2844950258731842
YDR328C,YHR170W,0,0.62557995,0.22919876873493195,0.846372663974762,0.2846372723579407
YMR314W,YJR135C,0,0.6249221,0.2291105091571808,0.846372663974762,0.28477951884269714
YLR196W,YLR061W,0,0.6246612,0.2290223240852356,0.846372663974762,0.2849217653274536
YDL178W,YDL065C,0,0.62408227,0.22893419861793518,0.846372663974762,0.2850640118122101
YPL192C,YEL060C,0,0.62324953,0.22884614765644073,0.846372663974762,0.28520625829696655
YNR047W,YDR343C,0,0.62183285,0.22875817120075226,0.846372663974762,0.285348504781723
YDR361C,YKL112W,0,0.6205243,0.22867025434970856,0.846372663974762,0.2854907512664795
YDR307W,YFR031C-A,0,0.6195855,0.22858241200447083,0.846372663974762,0.28563299775123596
YJL010C,YAL010C,0,0.61740196,0.22849462926387787,0.846372663974762,0.28577524423599243
YPL160W,YBL076C,1,0.6167057,0.2287907898426056,0.8477951884269714,0.28577524423599243
YMR256C,YCR077C,0,0.6150272,0.22870299220085144,0.8477951884269714,0.2859174907207489
YIR002C,YER159C-A,0,0.6147703,0.22861526906490326,0.8477951884269714,0.28605973720550537
YHR129C,YPL135W,0,0.61322695,0.22852760553359985,0.8477951884269714,0.28620198369026184
YNL247W,YOL097C,1,0.611418,0.22882330417633057,0.8492176532745361,0.28620198369026184
YLR070C,YNL024C,0,0.6106087,0.22873562574386597,0.8492176532745361,0.2863442301750183
YPR004C,YDL017W,0,0.61034346,0.22864802181720734,0.8492176532745361,0.2864864766597748
YCR010C,YJR135W-A,0,0.6099581,0.22856049239635468,0.8492176532745361,0.28662872314453125
YER051W,YHR176W,0,0.60915244,0.2284730225801468,0.8492176532745361,0.2867709696292877
YJR013W,YNL075W,0,0.6089751,0.22838561236858368,0.8492176532745361,0.2869132161140442
YKL156W,YJR129C,0,0.6061095,0.22829827666282654,0.8492176532745361,0.28705546259880066
YGR254W,YDR325W,0,0.6052753,0.22821101546287537,0.8492176532745361,0.2871977388858795
YNL146W,YML107C,0,0.6042509,0.22812379896640778,0.8492176532745361,0.287339985370636
YGR103W,YOR070C,0,0.602843,0.22803667187690735,0.8492176532745361,0.28748223185539246
YNL071W,YJL173C,0,0.6002191,0.2279496043920517,0.8492176532745361,0.2876244783401489
YML115C,YBR280C,0,0.6001668,0.22786259651184082,0.8492176532745361,0.2877667248249054
YOR036W,YMR177W,0,0.5985079,0.2277756631374359,0.8492176532745361,0.28790897130966187
YOR372C,YLR313C,0,0.59830415,0.22768878936767578,0.8492176532745361,0.28805121779441833
YPL015C,YLR449W,0,0.59773016,0.22760197520256042,0.8492176532745361,0.2881934642791748
YOL097C,YDR037W,1,0.5959166,0.22789634764194489,0.8506401181221008,0.2881934642791748
YBL038W,YJR102C,0,0.59527236,0.22780951857566833,0.8506401181221008,0.2883357107639313
YPL207W,YOR229W,0,0.5927304,0.22772277891635895,0.8506401181221008,0.28847795724868774
YNL180C,YCR040W,0,0.5919082,0.22763608396053314,0.8506401181221008,0.2886202037334442
YMR101C,YDR356W,0,0.5906183,0.2275494635105133,0.8506401181221008,0.2887624502182007
YNL091W,YGR263C,0,0.5898568,0.22746291756629944,0.8506401181221008,0.28890469670295715
YER133W,YCL010C,0,0.58662355,0.22737643122673035,0.8506401181221008,0.2890469431877136
YDR318W,YIL017C,0,0.5856303,0.22729000449180603,0.8506401181221008,0.2891891896724701
YOR077W,YLR044C,0,0.58373857,0.22720365226268768,0.8506401181221008,0.28933143615722656
YBL105C,YLR446W,0,0.58364993,0.2271173596382141,0.8506401181221008,0.28947368264198303
YHR010W,YBR159W,0,0.5815594,0.22703112661838531,0.8506401181221008,0.2896159291267395
YDR023W,YNL073W,1,0.5813771,0.2273244708776474,0.8520625829696655,0.2896159291267395
YPL100W,YNL305C,0,0.5813346,0.2272382378578186,0.8520625829696655,0.28975817561149597
YJL111W,YFR016C,0,0.58066237,0.22715206444263458,0.8520625829696655,0.28990042209625244
YBR018C,YGL166W,0,0.5796763,0.22706596553325653,0.8520625829696655,0.2900426685810089
YGR161C-D,YGR121C,0,0.5791445,0.22697991132736206,0.8520625829696655,0.2901849150657654
YOR132W,YER069W,0,0.5784377,0.22689394652843475,0.8520625829696655,0.29032716155052185
YGR186W,YNL176C,0,0.5783005,0.22680802643299103,0.8520625829696655,0.2904694080352783
YBL099W,YIL073C,0,0.57774484,0.22672218084335327,0.8520625829696655,0.2906116545200348
YLR352W,YNL301C,0,0.5776874,0.2266363948583603,0.8520625829696655,0.29075390100479126
YLR172C,YHL006C,0,0.5760967,0.22655068337917328,0.8520625829696655,0.29089614748954773
YCR065W,YKL006C-A,0,0.5759293,0.22646503150463104,0.8520625829696655,0.2910383939743042
YDR126W,YOR078W,0,0.57552713,0.22637943923473358,0.8520625829696655,0.29118064045906067
YMR029C,YOR246C,0,0.5742942,0.2262939214706421,0.8520625829696655,0.2913229167461395
YPL194W,YIL040W,0,0.5736623,0.22620846331119537,0.8520625829696655,0.291465163230896
YGR275W,YKR039W,0,0.57340056,0.22612306475639343,0.8520625829696655,0.29160740971565247
YER042W,YPR058W,0,0.5722451,0.22603774070739746,0.8520625829696655,0.29174965620040894
YLL026W,YNL310C,0,0.5716412,0.22595247626304626,0.8520625829696655,0.2918919026851654
YPR155C,YBR049C,0,0.5693143,0.22586727142333984,0.8520625829696655,0.2920341491699219
YER025W,YLR185W,0,0.56879556,0.2257821261882782,0.8520625829696655,0.29217639565467834
YGR128C,YLR134W,0,0.567122,0.22569705545902252,0.8520625829696655,0.2923186421394348
YHR028C,YDR013W,0,0.5659267,0.22561205923557281,0.8520625829696655,0.2924608886241913
YBR089C-A,YDL192W,0,0.5648972,0.2255271077156067,0.8520625829696655,0.29260313510894775
YGL104C,YBL072C,0,0.564725,0.22544223070144653,0.8520625829696655,0.2927453815937042
YIL145C,YLR417W,0,0.5641449,0.22535741329193115,0.8520625829696655,0.2928876280784607
YGL192W,YMR188C,0,0.56337386,0.22527265548706055,0.8520625829696655,0.29302987456321716
YIL160C,YDL174C,0,0.5629488,0.2251879721879959,0.8520625829696655,0.29317212104797363
YKL139W,YDL189W,0,0.5608506,0.22510334849357605,0.8520625829696655,0.2933143675327301
YHR094C,YLR446W,0,0.5589197,0.22501878440380096,0.8520625829696655,0.2934566140174866
YLR237W,YDR511W,0,0.5581402,0.22493427991867065,0.8520625829696655,0.29359886050224304
YPR128C,YML038C,0,0.5561409,0.2248498499393463,0.8520625829696655,0.2937411069869995
YHR019C,YER007W,0,0.55512106,0.22476547956466675,0.8520625829696655,0.293883353471756
YOL123W,YDR298C,0,0.5547476,0.22468116879463196,0.8520625829696655,0.29402559995651245
YAL034W-A,YIL162W,0,0.5544621,0.22459693253040314,0.8520625829696655,0.2941678464412689
YIL018W,YIL101C,0,0.55433583,0.2245127409696579,0.8520625829696655,0.2943100929260254
YGL234W,YCL069W,0,0.5540515,0.22442862391471863,0.8520625829696655,0.29445233941078186
YOL006C,YLR239C,0,0.55385315,0.22434456646442413,0.8520625829696655,0.29459458589553833
YHR150W,YJL056C,0,0.5494921,0.2242605835199356,0.8520625829696655,0.2947368323802948
YBR041W,YML022W,0,0.5494888,0.22417664527893066,0.8520625829696655,0.29487907886505127
YNL272C,YNL101W,0,0.54752856,0.2240927815437317,0.8520625829696655,0.29502132534980774
YOR381W,YOL157C,0,0.5462363,0.2240089774131775,0.8520625829696655,0.2951635718345642
YOL001W,YKL129C,0,0.5460375,0.22392523288726807,0.8520625829696655,0.2953058183193207
YPL033C,YPL266W,0,0.5455258,0.22384154796600342,0.8520625829696655,0.29544806480407715
YPL092W,YPR048W,0,0.54461634,0.22375793755054474,0.8520625829696655,0.295590341091156
YDL210W,YIL171W,0,0.5434376,0.22367438673973083,0.8520625829696655,0.2957325875759125
YHR025W,YPL186C,0,0.54209316,0.2235908955335617,0.8520625829696655,0.29587483406066895
YFR034C,YGL031C,0,0.5419376,0.22350746393203735,0.8520625829696655,0.2960170805454254
YJL048C,YHR129C,0,0.54162455,0.22342409193515778,0.8520625829696655,0.2961593270301819
YKL209C,YBR086C,0,0.541414,0.22334079444408417,0.8520625829696655,0.29630157351493835
YDL207W,YBR235W,0,0.5383117,0.22325754165649414,0.8520625829696655,0.2964438199996948
YNR059W,YCL039W,0,0.5382394,0.22317436337471008,0.8520625829696655,0.2965860664844513
YKL113C,YJR047C,0,0.53821886,0.2230912446975708,0.8520625829696655,0.29672831296920776
YCL012W,YJR089W,0,0.5378272,0.2230081856250763,0.8520625829696655,0.29687055945396423
YNL268W,YBR077C,0,0.5376389,0.22292520105838776,0.8520625829696655,0.2970128059387207
YGL016W,YGR266W,0,0.5365756,0.2228422611951828,0.8520625829696655,0.2971550524234772
YDR382W,YNR041C,0,0.53640443,0.2227593958377838,0.8520625829696655,0.29729729890823364
YDR189W,YLR048W,0,0.53639615,0.2226765751838684,0.8520625829696655,0.2974395453929901
YBR217W,YDR217C,0,0.53402275,0.22259382903575897,0.8520625829696655,0.2975817918777466
YOR336W,YLR248W,0,0.5328175,0.2225111424922943,0.8520625829696655,0.29772403836250305
YKR088C,YGL213C,0,0.52911484,0.22242851555347443,0.8520625829696655,0.2978662848472595
YGL105W,YNL073W,1,0.5275812,0.22271715104579926,0.8534850478172302,0.2978662848472595
YLR194C,YOR010C,0,0.527213,0.22263450920581818,0.8534850478172302,0.298008531332016
YKL058W,YDR322C-A,0,0.52428913,0.22255192697048187,0.8534850478172302,0.29815077781677246
YHL026C,YPL204W,0,0.52265775,0.22246940433979034,0.8534850478172302,0.29829302430152893
YGR227W,YDR397C,0,0.52160853,0.22238695621490479,0.8534850478172302,0.2984352707862854
YPL203W,YLR060W,0,0.5207075,0.2223045527935028,0.8534850478172302,0.29857751727104187
YNR023W,YLR003C,0,0.52048475,0.2222222238779068,0.8534850478172302,0.29871976375579834
YNL062C,YKL176C,0,0.5203078,0.22213995456695557,0.8534850478172302,0.2988620102405548
YLR118C,YOR326W,0,0.51978606,0.22205772995948792,0.8534850478172302,0.2990042567253113
YOL095C,YNL305C,0,0.5189433,0.22197557985782623,0.8534850478172302,0.29914650321006775
YNL241C,YNR001C,0,0.5178045,0.22189348936080933,0.8534850478172302,0.2992887496948242
YPL104W,YNL247W,1,0.51775384,0.22218114137649536,0.8549075126647949,0.2992887496948242
YDR533C,YKR093W,0,0.51465166,0.22209903597831726,0.8549075126647949,0.2994309961795807
YOR335C,YNL073W,1,0.51409495,0.2223864048719406,0.8563300371170044,0.2994309961795807
YGR227W,YJL092W,0,0.5131915,0.22230428457260132,0.8563300371170044,0.29957324266433716
YDR086C,YPR100W,0,0.5127326,0.2222222238779068,0.8563300371170044,0.299715518951416
YNL312W,YDL135C,0,0.51138484,0.22214022278785706,0.8563300371170044,0.2998577654361725
YGR260W,YLL009C,0,0.5113137,0.2220582813024521,0.8563300371170044,0.30000001192092896
YGL134W,YNL194C,0,0.5109185,0.2219763994216919,0.8563300371170044,0.3001422584056854
YDL138W,YPL051W,0,0.50821465,0.22189457714557648,0.8563300371170044,0.3002845048904419
YCR024C,YER071C,0,0.5081474,0.22181282937526703,0.8563300371170044,0.30042675137519836
YIL078W,YER087W,1,0.50782824,0.2220994532108307,0.8577525019645691,0.30042675137519836
YIL099W,YIL064W,0,0.50764084,0.22201767563819885,0.8577525019645691,0.30056899785995483
YLR355C,YDR532C,0,0.5065915,0.2219359576702118,0.8577525019645691,0.3007112443447113
YMR313C,YPR100W,0,0.50514,0.2218542993068695,0.8577525019645691,0.3008534908294678
YDL222C,YCR044C,0,0.5045873,0.2217727154493332,0.8577525019645691,0.30099573731422424
YNL197C,YDR469W,0,0.50450706,0.22169117629528046,0.8577525019645691,0.3011379837989807
YJR010C-A,YLR135W,0,0.5036179,0.2216096967458725,0.8577525019645691,0.3012802302837372
YGL009C,YDR367W,0,0.5017725,0.2215282917022705,0.8577525019645691,0.30142247676849365
YOR003W,YPR056W,0,0.5016794,0.2214469313621521,0.8577525019645691,0.3015647232532501
YJL013C,YGR013W,0,0.50072795,0.22136564552783966,0.8577525019645691,0.3017069697380066
YMR166C,YLR100W,0,0.5005057,0.2212844043970108,0.8577525019645691,0.30184921622276306
YBL050W,YDR446W,0,0.49992317,0.22120322287082672,0.8577525019645691,0.30199146270751953
YGL191W,YDR003W,0,0.49804378,0.2211221158504486,0.8577525019645691,0.302133709192276
YLR299W,YOL103W-A,0,0.49737775,0.22104105353355408,0.8577525019645691,0.30227595567703247
YOL122C,YIL056W,0,0.49580967,0.22096006572246552,0.8577525019645691,0.30241820216178894
YLR283W,YDL042C,0,0.49477714,0.22087912261486053,0.8577525019645691,0.3025604486465454
YKL213C,YOR007C,0,0.49420998,0.22079823911190033,0.8577525019645691,0.3027026951313019
YCR039C,YBR169C,0,0.49367306,0.2207174301147461,0.8577525019645691,0.30284494161605835
YLL018C,YPL097W,1,0.49273914,0.22100256383419037,0.8591749668121338,0.30284494161605835
YBR090C-A,YER124C,0,0.49062538,0.22092172503471375,0.8591749668121338,0.3029871881008148
YBL078C,YDR368W,0,0.4904221,0.2208409458398819,0.8591749668121338,0.3031294345855713
YOL077W-A,YGL232W,0,0.49028057,0.22076024115085602,0.8591749668121338,0.30327168107032776
YGR264C,YIL078W,1,0.48979616,0.22104494273662567,0.8605974316596985,0.30327168107032776
YDR341C,YGR094W,1,0.4896167,0.2213294357061386,0.8620198965072632,0.30327168107032776
YOR319W,YLR225C,0,0.48908398,0.22124862670898438,0.8620198965072632,0.30341392755508423
YOR192C-A,YGR116W,0,0.48896706,0.22116787731647491,0.8620198965072632,0.3035561740398407
YIL005W,YKL145W,0,0.48803496,0.22108718752861023,0.8620198965072632,0.30369842052459717
YMR081C,YCR067C,0,0.48307228,0.22100655734539032,0.8620198965072632,0.303840696811676
YMR216C,YGR283C,0,0.4828397,0.22092598676681519,0.8620198965072632,0.3039829432964325
YMR220W,YPL140C,0,0.48249185,0.22084547579288483,0.8620198965072632,0.30412518978118896
YGR061C,YOR337W,0,0.48202485,0.22076502442359924,0.8620198965072632,0.30426743626594543
YBR040W,YDR524C-B,0,0.4809487,0.22068463265895844,0.8620198965072632,0.3044096827507019
YDL210W,YKL164C,0,0.4792981,0.2206043004989624,0.8620198965072632,0.3045519292354584
YDR524C,YDR339C,0,0.47903287,0.22052401304244995,0.8620198965072632,0.30469417572021484
YIL056W,YMR283C,0,0.47903097,0.22044380009174347,0.8620198965072632,0.3048364222049713
YCR005C,YBR176W,0,0.4790194,0.22036363184452057,0.8620198965072632,0.3049786686897278
YLR189C,YML098W,0,0.4786985,0.22028353810310364,0.8620198965072632,0.30512091517448425
YOR344C,YJR135C,0,0.47848988,0.2202034890651703,0.8620198965072632,0.3052631616592407
YDL031W,YPR100W,0,0.47633255,0.2201234996318817,0.8620198965072632,0.3054054081439972
YML025C,YNL252C,0,0.47437313,0.22004356980323792,0.8620198965072632,0.30554765462875366
YPL133C,YDR034C-C,0,0.47308487,0.2199636995792389,0.8620198965072632,0.30568990111351013
YMR036C,YGL250W,0,0.47285938,0.21988388895988464,0.8620198965072632,0.3058321475982666
YER122C,YJL157C,0,0.472808,0.21980413794517517,0.8620198965072632,0.30597439408302307
YGR292W,YDR227W,0,0.47243613,0.21972443163394928,0.8620198965072632,0.30611664056777954
YCR086W,YDR141C,0,0.47231278,0.21964479982852936,0.8620198965072632,0.306258887052536
YJR056C,YBL074C,0,0.47060648,0.21956521272659302,0.8620198965072632,0.3064011335372925
YBR193C,YDR424C,0,0.46910915,0.21948570013046265,0.8620198965072632,0.30654338002204895
YMR202W,YPL138C,0,0.4679199,0.21940623223781586,0.8620198965072632,0.3066856265068054
YLR216C,YHL009W-B,0,0.46729016,0.21932682394981384,0.8620198965072632,0.3068278729915619
YKL079W,YHR214W,0,0.46411514,0.2192474603652954,0.8620198965072632,0.30697011947631836
YJR048W,YHR011W,0,0.46398878,0.21916817128658295,0.8620198965072632,0.30711236596107483
YHR140W,YLL024C,0,0.46275863,0.21908894181251526,0.8620198965072632,0.3072546124458313
YGR275W,YOR356W,0,0.46109864,0.21900975704193115,0.8620198965072632,0.30739685893058777
YNL053W,YHL028W,0,0.46028173,0.21893063187599182,0.8620198965072632,0.30753910541534424
YIL130W,YJL083W,0,0.46012992,0.21885156631469727,0.8620198965072632,0.3076813519001007
YJL198W,YPR098C,0,0.46005347,0.21877256035804749,0.8620198965072632,0.3078235983848572
YER148W,YOR087W,0,0.45941937,0.21869361400604248,0.8620198965072632,0.30796587467193604
YLR355C,YHL020C,0,0.45823586,0.21861471235752106,0.8620198965072632,0.3081081211566925
YOL148C,YER071C,0,0.4575454,0.2185358852148056,0.8620198965072632,0.308250367641449
YHR207C,YLR166C,0,0.45722383,0.21845710277557373,0.8620198965072632,0.30839261412620544
YGR165W,YKL156W,0,0.45711786,0.21837837994098663,0.8620198965072632,0.3085348606109619
YPR016C,YIL039W,0,0.45690107,0.2182997167110443,0.8620198965072632,0.3086771070957184
YDR308C,YEL051W,0,0.4559853,0.21822109818458557,0.8620198965072632,0.30881935358047485
YDR127W,YPR106W,0,0.45503306,0.2181425541639328,0.8620198965072632,0.3089616000652313
YPR128C,YKR060W,0,0.45321286,0.2180640548467636,0.8620198965072632,0.3091038465499878
YIL121W,YDR291W,0,0.45309067,0.2179856151342392,0.8620198965072632,0.30924609303474426
YPL101W,YER041W,0,0.45301118,0.21790723502635956,0.8620198965072632,0.30938833951950073
YNL081C,YER060W,0,0.4519872,0.2178288996219635,0.8620198965072632,0.3095305860042572
YER048C,YER106W,0,0.45152998,0.21775062382221222,0.8620198965072632,0.30967283248901367
YDR316W-B,YDR265W,0,0.4510181,0.2176724076271057,0.8620198965072632,0.30981507897377014
YNL188W,YJR046W,0,0.45071423,0.21759425103664398,0.8620198965072632,0.3099573254585266
YLL011W,YPR004C,0,0.4505243,0.21751615405082703,0.8620198965072632,0.3100995719432831
YBR048W,YOL060C,0,0.45014292,0.21743810176849365,0.8620198965072632,0.31024181842803955
YML055W,YJR089W,0,0.44933394,0.21736010909080505,0.8620198965072632,0.310384064912796
YPR178W,YDR479C,0,0.44861078,0.21728217601776123,0.8620198965072632,0.3105263113975525
YDR022C,YFL004W,0,0.44781065,0.21720430254936218,0.8620198965072632,0.31066855788230896
YLR262C,YLR085C,0,0.44778216,0.21712647378444672,0.8620198965072632,0.31081080436706543
YBR245C,YJL157C,0,0.4445204,0.21704870462417603,0.8620198965072632,0.3109530508518219
YNL156C,YOL135C,0,0.44449136,0.2169709950685501,0.8620198965072632,0.31109529733657837
YNL181W,YPL239W,0,0.44181,0.21689334511756897,0.8620198965072632,0.31123754382133484
YNL272C,YDR523C,0,0.44150168,0.2168157398700714,0.8620198965072632,0.3113797903060913
YPR061C,YPR186C,0,0.43798432,0.21673819422721863,0.8620198965072632,0.3115220367908478
YCR017C,YFL024C,0,0.43574607,0.21666070818901062,0.8620198965072632,0.31166428327560425
YDR279W,YEL032W,0,0.4339973,0.2165832668542862,0.8620198965072632,0.3118065297603607
YGL194C,YCR058C,0,0.43265033,0.21650590002536774,0.8620198965072632,0.3119487762451172
YJR014W,YKL129C,0,0.43072838,0.21642857789993286,0.8620198965072632,0.31209105253219604
YDR316W-B,YHL040C,0,0.43070048,0.21635130047798157,0.8620198965072632,0.3122332990169525
YMR113W,YMR322C,0,0.42877704,0.21627408266067505,0.8620198965072632,0.312375545501709
YER161C,YFL005W,0,0.4281479,0.2161969244480133,0.8620198965072632,0.31251779198646545
YHR072W-A,YBR078W,0,0.42779297,0.21611982583999634,0.8620198965072632,0.3126600384712219
YHR020W,YKL120W,0,0.42648154,0.21604278683662415,0.8620198965072632,0.3128022849559784
YDR326C,YGL031C,0,0.42549488,0.21596579253673553,0.8620198965072632,0.31294453144073486
YBR244W,YER082C,0,0.42449296,0.2158888429403305,0.8620198965072632,0.31308677792549133
YGR138C,YLR256W,0,0.42132896,0.21581196784973145,0.8620198965072632,0.3132290244102478
YPR070W,YKL024C,0,0.4209834,0.21573513746261597,0.8620198965072632,0.3133712708950043
YPR188C,YMR092C,0,0.42053473,0.21565836668014526,0.8620198965072632,0.31351351737976074
YDR441C,YDR477W,0,0.420385,0.21558164060115814,0.8620198965072632,0.3136557638645172
YJL208C,YEL004W,0,0.41956764,0.2155049741268158,0.8620198965072632,0.3137980103492737
YGL145W,YPL234C,0,0.41870022,0.21542836725711823,0.8620198965072632,0.31394025683403015
YCR033W,YMR207C,0,0.41652977,0.21535180509090424,0.8620198965072632,0.3140825033187866
YGR076C,YPL022W,0,0.41511077,0.21527531743049622,0.8620198965072632,0.3142247498035431
YIL030C,YGL002W,0,0.41405582,0.21519885957241058,0.8620198965072632,0.31436699628829956
YGL105W,YGR171C,1,0.41377625,0.21547745168209076,0.8634423613548279,0.31436699628829956
YDR268W,YDR105C,0,0.41333038,0.21540099382400513,0.8634423613548279,0.31450924277305603
YHR134W,YMR026C,0,0.41230172,0.21532458066940308,0.8634423613548279,0.3146514892578125
YGL009C,YKR059W,0,0.411803,0.2152482271194458,0.8634423613548279,0.31479373574256897
YAL047C,YIL014W,0,0.41148645,0.2151719182729721,0.8634423613548279,0.31493598222732544
YML104C,YDR276C,0,0.4109637,0.21509568393230438,0.8634423613548279,0.3150782287120819
YOR120W,YLR327C,0,0.4099787,0.21501947939395905,0.8634423613548279,0.3152204751968384
YPL133C,YIL023C,0,0.4097398,0.21494334936141968,0.8634423613548279,0.31536272168159485
YPL003W,YMR170C,0,0.40957832,0.2148672640323639,0.8634423613548279,0.3155049681663513
YOR257W,YDR347W,0,0.40948087,0.2147912234067917,0.8634423613548279,0.3156472146511078
YDR283C,YCR077C,0,0.40855664,0.21471524238586426,0.8634423613548279,0.31578946113586426
YER126C,YHR178W,0,0.40778124,0.2146393209695816,0.8634423613548279,0.3159317076206207
YLR093C,YDL033C,0,0.40649474,0.21456344425678253,0.8634423613548279,0.3160739541053772
YPL116W,YBR094W,0,0.40428016,0.21448762714862823,0.8634423613548279,0.31621623039245605
YEL020C,YPL242C,0,0.40280962,0.2144118696451187,0.8634423613548279,0.3163584768772125
YKL034W,YLR308W,0,0.4018035,0.21433615684509277,0.8634423613548279,0.316500723361969
YGL023C,YCR067C,0,0.40146703,0.2142605036497116,0.8634423613548279,0.31664296984672546
YJL123C,YPL051W,0,0.4010045,0.21418489515781403,0.8634423613548279,0.31678521633148193
YAL068C,YEL054C,0,0.40008414,0.21410934627056122,0.8634423613548279,0.3169274628162384
YGL125W,YJL014W,0,0.39980942,0.21403385698795319,0.8634423613548279,0.3170697093009949
YLR004C,YLR045C,0,0.39957064,0.21395841240882874,0.8634423613548279,0.31721195578575134
YKL208W,YJL100W,0,0.39912605,0.21388301253318787,0.8634423613548279,0.3173542022705078
YDR052C,YJL115W,0,0.3990394,0.21380767226219177,0.8634423613548279,0.3174964487552643
YGL126W,YGL023C,0,0.3986963,0.21373239159584045,0.8634423613548279,0.31763869524002075
YGL009C,YBR234C,0,0.39812863,0.21365715563297272,0.8634423613548279,0.3177809417247772
YML125C,YHR193C,0,0.39772996,0.21358197927474976,0.8634423613548279,0.3179231882095337
YGR104C,YIL050W,0,0.3950327,0.21350686252117157,0.8634423613548279,0.31806543469429016
YPL075W,YGR193C,0,0.39433682,0.21343179047107697,0.8634423613548279,0.31820768117904663
YDR545W,YLR147C,0,0.39412895,0.21335676312446594,0.8634423613548279,0.3183499276638031
YFL044C,YHR104W,0,0.39365685,0.2132817953824997,0.8634423613548279,0.31849217414855957
YBR049C,YIL056W,0,0.39301938,0.21320688724517822,0.8634423613548279,0.31863442063331604
YOR095C,YFL055W,0,0.39269,0.21313202381134033,0.8634423613548279,0.3187766671180725
YLR212C,YNR056C,0,0.3926599,0.21305721998214722,0.8634423613548279,0.318918913602829
YEL038W,YNL142W,0,0.39262488,0.21298246085643768,0.8634423613548279,0.31906116008758545
YDR341C,YNL073W,1,0.39224416,0.2132585048675537,0.8648648858070374,0.31906116008758545
YLR131C,YDR166C,0,0.39091843,0.21318373084068298,0.8648648858070374,0.3192034065723419
YDR348C,YGL028C,0,0.38700026,0.21310900151729584,0.8648648858070374,0.3193456530570984
YMR017W,YCL048W,0,0.38685477,0.21303433179855347,0.8648648858070374,0.31948789954185486
YPL255W,YDR463W,0,0.386725,0.21295972168445587,0.8648648858070374,0.31963014602661133
YIL130W,YKR009C,0,0.38598436,0.21288515627384186,0.8648648858070374,0.3197723925113678
YOR095C,YBR105C,0,0.38516223,0.21281063556671143,0.8648648858070374,0.31991463899612427
YJR137C,YER007C-A,0,0.38358685,0.21273617446422577,0.8648648858070374,0.32005688548088074
YDR465C,YER020W,0,0.38343742,0.2126617729663849,0.8648648858070374,0.3201991319656372
YIL038C,YOR383C,0,0.3826126,0.2125874161720276,0.8648648858070374,0.32034140825271606
YLR345W,YLR466W,0,0.38073182,0.21251310408115387,0.8648648858070374,0.32048365473747253
YDR408C,YLR242C,0,0.37993258,0.21243885159492493,0.8648648858070374,0.320625901222229
YDR409W,YOL049W,0,0.379925,0.21236465871334076,0.8648648858070374,0.3207681477069855
YAL047C,YKL045W,0,0.37852022,0.21229049563407898,0.8648648858070374,0.32091039419174194
YER089C,YBL031W,0,0.3778566,0.21221640706062317,0.8648648858070374,0.3210526406764984
YML034W,YCL012W,0,0.37765205,0.21214236319065094,0.8648648858070374,0.3211948871612549
YGL089C,YDR528W,0,0.37750077,0.2120683640241623,0.8648648858070374,0.32133713364601135
YML123C,YLR406C,0,0.37747607,0.21199442446231842,0.8648648858070374,0.3214793801307678
YJL013C,YMR026C,0,0.37618935,0.21192052960395813,0.8648648858070374,0.3216216266155243
YPL193W,YOR167C,0,0.37431917,0.21184669435024261,0.8648648858070374,0.32176387310028076
YLR263W,YLR106C,0,0.37299162,0.21177290380001068,0.8648648858070374,0.32190611958503723
YOL051W,YDL106C,0,0.36625797,0.21169915795326233,0.8648648858070374,0.3220483660697937
YLL042C,YJL160C,0,0.3640741,0.21162547171115875,0.8648648858070374,0.32219061255455017
YHL025W,YMR280C,0,0.36372438,0.21155184507369995,0.8648648858070374,0.32233285903930664
YBL076C,YDR037W,1,0.3631679,0.21182608604431152,0.866287350654602,0.32233285903930664
YBL010C,YPL072W,0,0.3617279,0.21175242960453033,0.866287350654602,0.3224751055240631
YOR168W,YOL033W,1,0.3615923,0.2120264172554016,0.8677098155021667,0.3224751055240631
YOL009C,YDL100C,0,0.36034882,0.21195274591445923,0.8677098155021667,0.3226173520088196
YKL194C,YGR171C,1,0.356794,0.21222646534442902,0.8691322803497314,0.3226173520088196
YOR341W,YAR018C,0,0.35438347,0.21215277910232544,0.8691322803497314,0.32275959849357605
YLR340W,YEL027W,0,0.35239655,0.21207913756370544,0.8691322803497314,0.3229018449783325
YBR169C,YGR172C,0,0.35217756,0.21200555562973022,0.8691322803497314,0.323044091463089
YIL118W,YDR003W,0,0.35157466,0.2119320183992386,0.8691322803497314,0.32318633794784546
YOR007C,YCL064C,0,0.3513562,0.21185852587223053,0.8691322803497314,0.32332858443260193
YFL011W,YLR044C,0,0.35124516,0.21178509294986725,0.8691322803497314,0.3234708309173584
YOR177C,YLR446W,0,0.34894848,0.21171170473098755,0.8691322803497314,0.32361307740211487
YLR060W,YPL104W,1,0.34863952,0.2119847536087036,0.8705547451972961,0.32361307740211487
YIL124W,YBR039W,0,0.34718195,0.21191135048866272,0.8705547451972961,0.32375532388687134
YKL212W,YPL048W,0,0.34454155,0.2118380069732666,0.8705547451972961,0.3238975703716278
YLR204W,YHR176W,0,0.34446335,0.21176470816135406,0.8705547451972961,0.3240398168563843
YDR054C,YJL033W,0,0.34330663,0.2116914540529251,0.8705547451972961,0.32418206334114075
YIL138C,YKR053C,0,0.34296829,0.21161825954914093,0.8705547451972961,0.3243243098258972
YHR011W,YER007C-A,0,0.3428585,0.21154510974884033,0.8705547451972961,0.3244665861129761
YDR216W,YOR383C,0,0.34227908,0.21147200465202332,0.8705547451972961,0.32460883259773254
YHL026C,YCR098C,0,0.34059286,0.21139895915985107,0.8705547451972961,0.324751079082489
YOR207C,YGR013W,0,0.34024715,0.2113259732723236,0.8705547451972961,0.3248933255672455
YNL245C,YFR016C,0,0.33995563,0.21125301718711853,0.8705547451972961,0.32503557205200195
YDR194C,YIL062C,0,0.3386532,0.21118012070655823,0.8705547451972961,0.3251778185367584
YDR519W,YER040W,0,0.3375886,0.2111072838306427,0.8705547451972961,0.3253200650215149
YDR409W,YBR207W,0,0.3368272,0.21103447675704956,0.8705547451972961,0.32546231150627136
YCR079W,YBL006C,0,0.33041447,0.2109617441892624,0.8705547451972961,0.32560455799102783
YGL139W,YDR228C,0,0.32976717,0.2108890414237976,0.8705547451972961,0.3257468044757843
YGR014W,YCR102C,0,0.3296786,0.2108163982629776,0.8705547451972961,0.32588905096054077
YGR038C-A,YNL326C,0,0.32950628,0.21074379980564117,0.8705547451972961,0.32603129744529724
YNR043W,YOR249C,0,0.327949,0.21067126095294952,0.8705547451972961,0.3261735439300537
YLR378C,YGR194C,0,0.32794273,0.21059876680374146,0.8705547451972961,0.3263157904148102
YNL265C,YNL328C,0,0.3278398,0.21052631735801697,0.8705547451972961,0.32645803689956665
YMR161W,YIR034C,0,0.32729128,0.21045392751693726,0.8705547451972961,0.3266002833843231
YLR068W,YDL150W,0,0.32620156,0.21038156747817993,0.8705547451972961,0.3267425298690796
YLR449W,YMR154C,0,0.32495385,0.21030928194522858,0.8705547451972961,0.32688477635383606
YPR102C,YMR074C,0,0.3241843,0.2102370262145996,0.8705547451972961,0.32702702283859253
YOL130W,YKL108W,0,0.3229282,0.21016483008861542,0.8705547451972961,0.327169269323349
YDR044W,YHL011C,0,0.32271442,0.210092693567276,0.8705547451972961,0.32731151580810547
YPL004C,YPR185W,0,0.32228974,0.21002058684825897,0.8705547451972961,0.32745376229286194
YJR108W,YIR007W,0,0.3210827,0.20994853973388672,0.8705547451972961,0.3275960087776184
YFR006W,YBR234C,0,0.32067394,0.20987653732299805,0.8705547451972961,0.3277382552623749
YJL179W,YER093C,0,0.31973103,0.20980459451675415,0.8705547451972961,0.32788050174713135
YHR079C-B,YIL078W,0,0.31973046,0.20973269641399384,0.8705547451972961,0.3280227482318878
YBR044C,YIL122W,0,0.31654483,0.2096608430147171,0.8705547451972961,0.3281649947166443
YGL238W,YLR032W,0,0.3160121,0.20958903431892395,0.8705547451972961,0.32830724120140076
YGR092W,YDR456W,0,0.3146114,0.20951728522777557,0.8705547451972961,0.3284494876861572
YBR159W,YIL148W,0,0.3135727,0.20944558084011078,0.8705547451972961,0.3285917639732361
YLR001C,YKL045W,0,0.31238037,0.20937393605709076,0.8705547451972961,0.32873401045799255
YNR040W,YJR123W,0,0.31150985,0.20930232107639313,0.8705547451972961,0.328876256942749
YDR155C,YBL017C,0,0.30913383,0.20923076570034027,0.8705547451972961,0.3290185034275055
YJL046W,YCL064C,0,0.30866414,0.209159255027771,0.8705547451972961,0.32916074991226196
YLR157C-A,YGR224W,0,0.30848777,0.2090878039598465,0.8705547451972961,0.32930299639701843
YJR025C,YNL294C,0,0.30805415,0.20901639759540558,0.8705547451972961,0.3294452428817749
YNL123W,YBR200W,0,0.3048683,0.20894503593444824,0.8705547451972961,0.32958748936653137
YIL068C,YNL139C,0,0.30374026,0.2088737189769745,0.8705547451972961,0.32972973585128784
YGR200C,YHR207C,0,0.30353057,0.2088024616241455,0.8705547451972961,0.3298719823360443
YMR012W,YMR243C,0,0.29996598,0.20873123407363892,0.8705547451972961,0.3300142288208008
YDR503C,YDL080C,0,0.29944518,0.2086600810289383,0.8705547451972961,0.33015647530555725
YBR003W,YOR339C,0,0.2991171,0.20858895778656006,0.8705547451972961,0.3302987217903137
YGL144C,YHR214C-C,0,0.29881835,0.2085178941488266,0.8705547451972961,0.3304409682750702
YML009C,YOR339C,0,0.297778,0.20844686031341553,0.8705547451972961,0.33058321475982666
YJL073W,YHR216W,0,0.29742324,0.20837590098381042,0.8705547451972961,0.33072546124458313
YML131W,YKL035W,0,0.2963134,0.2083049714565277,0.8705547451972961,0.3308677077293396
YNL035C,YDR148C,0,0.29601628,0.20823408663272858,0.8705547451972961,0.33100995421409607
YBL063W,YNR023W,0,0.2956867,0.20816326141357422,0.8705547451972961,0.33115220069885254
YGL012W,YDR513W,0,0.2952968,0.20809248089790344,0.8705547451972961,0.331294447183609
YLR222C,YGL067W,0,0.2952888,0.20802175998687744,0.8705547451972961,0.3314366936683655
YML009C,YOR221C,0,0.29492277,0.20795106887817383,0.8705547451972961,0.33157894015312195
YGR023W,YGL150C,0,0.2943734,0.207880437374115,0.8705547451972961,0.3317211866378784
YHR021C,YJR094W-A,0,0.29266512,0.20780985057353973,0.8705547451972961,0.3318634331226349
YOR198C,YDR432W,0,0.2922578,0.20773930847644806,0.8705547451972961,0.33200567960739136
YMR050C,YBR065C,0,0.29184985,0.20766881108283997,0.8705547451972961,0.3321479260921478
YBR105C,YLR336C,0,0.2895778,0.20759837329387665,0.8705547451972961,0.3322901725769043
YDR503C,YPR036W,0,0.28891194,0.2075279802083969,0.8705547451972961,0.33243241906166077
YBR273C,YLR229C,0,0.2887987,0.20745763182640076,0.8705547451972961,0.33257466554641724
YKR022C,YOR119C,0,0.2885906,0.20738732814788818,0.8705547451972961,0.3327169418334961
YGL044C,YGL076C,0,0.28787017,0.2073170691728592,0.8705547451972961,0.33285918831825256
YJR064W,YCR034W,0,0.28661704,0.20724686980247498,0.8705547451972961,0.33300143480300903
YOR026W,YDR342C,0,0.2862422,0.20717671513557434,0.8705547451972961,0.3331436812877655
YPL253C,YGR161C-C,0,0.28407085,0.2071066051721573,0.8705547451972961,0.333285927772522
YDR520C,YKL092C,0,0.28383392,0.20703653991222382,0.8705547451972961,0.33342817425727844
YBR217W,YLR148W,0,0.28298306,0.20696651935577393,0.8705547451972961,0.3335704207420349
YHR143W-A,YNL224C,0,0.281915,0.2068965584039688,0.8705547451972961,0.3337126672267914
YBL045C,YKR093W,0,0.28170466,0.20682662725448608,0.8705547451972961,0.33385491371154785
YGR109W-A,YBL035C,0,0.2816813,0.20675675570964813,0.8705547451972961,0.3339971601963043
YPR047W,YDL119C,0,0.28055978,0.20668692886829376,0.8705547451972961,0.3341394066810608
YHL032C,YCR096C,0,0.27923393,0.20661714673042297,0.8705547451972961,0.33428165316581726
YGR071C,YOR267C,0,0.27844703,0.20654742419719696,0.8705547451972961,0.33442389965057373
YDR060W,YHR083W,0,0.27836084,0.20647773146629333,0.8705547451972961,0.3345661461353302
YMR098C,YKL173W,0,0.2768023,0.20640809834003448,0.8705547451972961,0.33470839262008667
YJL170C,YHR202W,0,0.2745304,0.20633850991725922,0.8705547451972961,0.33485063910484314
YPR007C,YAL008W,0,0.2743137,0.20626895129680634,0.8705547451972961,0.3349928855895996
YGR132C,YDR291W,0,0.27277645,0.20619946718215942,0.8705547451972961,0.3351351320743561
YOR341W,YIL136W,0,0.27198863,0.2061300128698349,0.8705547451972961,0.33527737855911255
YKR077W,YML037C,0,0.27120107,0.20606060326099396,0.8705547451972961,0.335419625043869
YLR001C,YGL076C,0,0.27049845,0.2059912532567978,0.8705547451972961,0.3355618715286255
YJL026W,YER040W,0,0.26951265,0.205921933054924,0.8705547451972961,0.33570411801338196
YER142C,YJR095W,0,0.26828092,0.205852672457695,0.8705547451972961,0.3358463644981384
YMR133W,YMR059W,0,0.26786077,0.20578345656394958,0.8705547451972961,0.3359886109828949
YOR196C,YMR149W,0,0.2677905,0.20571428537368774,0.8705547451972961,0.33613085746765137
YFL050C,YLR347C,0,0.26726505,0.20564515888690948,0.8705547451972961,0.33627310395240784
YLR370C,YOR381W,0,0.26712143,0.2055760771036148,0.8705547451972961,0.3364153504371643
YBL082C,YDR284C,0,0.2660039,0.2055070549249649,0.8705547451972961,0.3365575969219208
YBR028C,YLL006W,0,0.26578456,0.2054380625486374,0.8705547451972961,0.33669984340667725
YOL012C,YHR026W,0,0.2648769,0.20536912977695465,0.8705547451972961,0.3368421196937561
YML107C,YFR049W,0,0.2645326,0.2053002417087555,0.8705547451972961,0.3369843661785126
YPR132W,YFR044C,0,0.2631085,0.20523138344287872,0.8705547451972961,0.33712661266326904
YMR014W,YNR030W,0,0.26132601,0.20516258478164673,0.8705547451972961,0.3372688591480255
YMR022W,YOL019W,0,0.26012814,0.20509383082389832,0.8705547451972961,0.337411105632782
YJL093C,YHR214W,0,0.2593631,0.20502512156963348,0.8705547451972961,0.33755335211753845
YDR402C,YOR228C,0,0.25638503,0.20495645701885223,0.8705547451972961,0.3376955986022949
YBR169C,YER028C,0,0.25592422,0.20488785207271576,0.8705547451972961,0.3378378450870514
YNL293W,YKR025W,0,0.25563836,0.20481927692890167,0.8705547451972961,0.33798009157180786
YNL073W,YER087W,1,0.25560832,0.20508530735969543,0.8719772696495056,0.33798009157180786
YMR037C,YFR034C,0,0.2554897,0.20501671731472015,0.8719772696495056,0.33812233805656433
YEL018W,YOR155C,0,0.2549634,0.20494817197322845,0.8719772696495056,0.3382645845413208
YKL054C,YHR089C,0,0.25445712,0.20487968623638153,0.8719772696495056,0.33840683102607727
YOR246C,YHR161C,0,0.2532701,0.204811230301857,0.8719772696495056,0.33854907751083374
YDR387C,YML015C,0,0.25302917,0.20474281907081604,0.8719772696495056,0.3386913239955902
YDR060W,YPL010W,0,0.25165182,0.20467445254325867,0.8719772696495056,0.3388335704803467
YHR091C,YNL073W,1,0.24621928,0.20493991672992706,0.8733997344970703,0.3388335704803467
YNL130C,YLR259C,0,0.24410176,0.2048715353012085,0.8733997344970703,0.33897581696510315
YPL234C,YML086C,0,0.24334943,0.2048031985759735,0.8733997344970703,0.3391180634498596
YOR036W,YCR004C,0,0.24296576,0.2047349065542221,0.8733997344970703,0.3392603099346161
YOL138C,YDR540C,0,0.24277234,0.20466665923595428,0.8733997344970703,0.33940255641937256
YJL044C,YDL154W,0,0.2414605,0.20459847152233124,0.8733997344970703,0.33954480290412903
YBR105C,YPL074W,0,0.24102122,0.20453031361103058,0.8733997344970703,0.3396870493888855
YIL030C,YKL164C,0,0.24077865,0.2044622004032135,0.8733997344970703,0.33982929587364197
YDL149W,YFR055W,0,0.24052727,0.2043941468000412,0.8733997344970703,0.33997154235839844
YGL104C,YPL178W,0,0.2398871,0.20432612299919128,0.8733997344970703,0.3401137888431549
YGR157W,YBL090W,0,0.2394976,0.20425814390182495,0.8733997344970703,0.3402560353279114
YLL018C,YDR023W,1,0.23938546,0.2045227736234665,0.874822199344635,0.3402560353279114
YBL024W,YPL128C,0,0.23937273,0.20445479452610016,0.874822199344635,0.34039828181266785
YDL201W,YML087C,0,0.23906249,0.2043868452310562,0.874822199344635,0.3405405282974243
YGL206C,YDL064W,0,0.23869753,0.20431894063949585,0.874822199344635,0.3406827747821808
YEL015W,YDL150W,0,0.23853952,0.20425108075141907,0.874822199344635,0.34082502126693726
YDR014W,YOR103C,0,0.23659,0.20418326556682587,0.874822199344635,0.3409672975540161
YDL134C,YBR056W,0,0.23361641,0.20411549508571625,0.874822199344635,0.3411095440387726
YOR083W,YDR524C-B,0,0.23059583,0.2040477842092514,0.874822199344635,0.34125179052352905
YLR396C,YKL173W,0,0.22929369,0.20398010313510895,0.874822199344635,0.3413940370082855
YDR280W,YJR137C,0,0.2287631,0.20391246676445007,0.874822199344635,0.341536283493042
YBR097W,YHR215W,0,0.22850579,0.20384487509727478,0.874822199344635,0.34167852997779846
YOR127W,YHR112C,0,0.22821671,0.20377734303474426,0.874822199344635,0.34182077646255493
YIL099W,YDR386W,0,0.2276849,0.20370984077453613,0.874822199344635,0.3419630229473114
YJL133W,YDR156W,0,0.22738701,0.20364238321781158,0.874822199344635,0.34210526943206787
YOL029C,YDR346C,0,0.22649553,0.20357497036457062,0.874822199344635,0.34224751591682434
YKL024C,YLR097C,0,0.22499466,0.20350761711597443,0.874822199344635,0.3423897624015808
YPL104W,YDR341C,1,0.22409809,0.20377108454704285,0.8762446641921997,0.3423897624015808
YMR280C,YCR004C,0,0.22383738,0.20370370149612427,0.8762446641921997,0.3425320088863373
YOR234C,YCL031C,0,0.22354096,0.20363636314868927,0.8762446641921997,0.34267425537109375
YHL044W,YML008C,0,0.2227205,0.20356906950473785,0.8762446641921997,0.3428165018558502
YDR430C,YHR036W,0,0.22144258,0.20350182056427002,0.8762446641921997,0.3429587483406067
YCR070W,YGL240W,0,0.22077203,0.20343461632728577,0.8762446641921997,0.34310099482536316
YPL104W,YHR020W,1,0.22070783,0.2036975920200348,0.8776671290397644,0.34310099482536316
YDL161W,YAL011W,0,0.21963793,0.20363035798072815,0.8776671290397644,0.34324324131011963
YPL126W,YML102W,0,0.21704638,0.20356318354606628,0.8776671290397644,0.3433854877948761
YMR190C,YGL023C,0,0.2169157,0.2034960389137268,0.8776671290397644,0.34352773427963257
YPR188C,YHR009C,0,0.21636452,0.2034289538860321,0.8776671290397644,0.34366998076438904
YBR018C,YAL035W,0,0.21537924,0.2033618986606598,0.8776671290397644,0.3438122272491455
YHR018C,YMR170C,0,0.21530125,0.20329488813877106,0.8776671290397644,0.343954473733902
YGR184C,YGR280C,0,0.214194,0.2032279372215271,0.8776671290397644,0.34409672021865845
YER062C,YBL013W,0,0.21338403,0.20316101610660553,0.8776671290397644,0.3442389667034149
YCR079W,YBR106W,0,0.21151894,0.20309413969516754,0.8776671290397644,0.3443812131881714
YDL104C,YKL193C,0,0.21075393,0.20302730798721313,0.8776671290397644,0.34452345967292786
YNR047W,YDL003W,0,0.20945168,0.2029605209827423,0.8776671290397644,0.3446657061576843
YOR115C,YOL032W,0,0.20870388,0.20289377868175507,0.8776671290397644,0.3448079526424408
YBL009W,YIL154C,0,0.20831716,0.2028270810842514,0.8776671290397644,0.34495019912719727
YJL122W,YIL065C,0,0.20820138,0.20276042819023132,0.8776671290397644,0.3450924754142761
YOR308C,YDR380W,0,0.20748305,0.20269381999969482,0.8776671290397644,0.3452347218990326
YOR196C,YJL156C,0,0.20724186,0.2026272565126419,0.8776671290397644,0.34537696838378906
YCL035C,YJR043C,0,0.20462096,0.20256073772907257,0.8776671290397644,0.34551921486854553
YFR025C,YPL239W,0,0.20423603,0.20249426364898682,0.8776671290397644,0.345661461353302
YIL155C,YNL305C,0,0.20298094,0.20242781937122345,0.8776671290397644,0.34580370783805847
YJR132W,YHL028W,0,0.20219874,0.20236143469810486,0.8776671290397644,0.34594595432281494
YDR279W,YDL222C,0,0.20052576,0.20229507982730865,0.8776671290397644,0.3460882008075714
YOL001W,YER093C,0,0.20042735,0.20222878456115723,0.8776671290397644,0.3462304472923279
YHR191C,YKR014C,0,0.19987768,0.20216251909732819,0.8776671290397644,0.34637269377708435
YKL004W,YBR239C,0,0.19872275,0.20209629833698273,0.8776671290397644,0.3465149402618408
YGL121C,YOR032C,0,0.19744778,0.20203012228012085,0.8776671290397644,0.3466571867465973
YJL136C,YLR027C,0,0.19651489,0.20196399092674255,0.8776671290397644,0.34679943323135376
YKR099W,YDR210W-B,0,0.19586557,0.20189790427684784,0.8776671290397644,0.34694167971611023
YGL095C,YPL224C,0,0.19364157,0.2018318623304367,0.8776671290397644,0.3470839262008667
YBR110W,YIR026C,0,0.19333112,0.20176586508750916,0.8776671290397644,0.34722617268562317
YOR381W,YEL054C,0,0.19271827,0.201699897646904,0.8776671290397644,0.34736841917037964
YAL028W,YNL240C,0,0.19233966,0.2016339898109436,0.8776671290397644,0.3475106656551361
YAL044C,YML019W,0,0.19204593,0.2015681117773056,0.8776671290397644,0.3476529121398926
YDR538W,YGL054C,0,0.19176969,0.20150229334831238,0.8776671290397644,0.34779515862464905
YNL087W,YAL028W,0,0.19121411,0.20143650472164154,0.8776671290397644,0.3479374051094055
YGL048C,YKL129C,0,0.18984452,0.20137076079845428,0.8776671290397644,0.348079651594162
YIR031C,YGL201C,0,0.18973762,0.2013050615787506,0.8776671290397644,0.34822189807891846
YJR137C,YHR067W,0,0.18877208,0.20123940706253052,0.8776671290397644,0.3483641445636749
YDR312W,YLR069C,0,0.18512404,0.2011737823486328,0.8776671290397644,0.3485063910484314
YLR260W,YDR343C,0,0.18444154,0.20110821723937988,0.8776671290397644,0.34864863753318787
YMR236W,YIR004W,0,0.183931,0.20104268193244934,0.8776671290397644,0.34879088401794434
YJL197W,YDR261C,0,0.18311465,0.20097719132900238,0.8776671290397644,0.3489331305027008
YCR079W,YMR165C,0,0.18139847,0.2009117603302002,0.8776671290397644,0.3490753769874573
YBL021C,YKR093W,0,0.18082058,0.2008463591337204,0.8776671290397644,0.34921765327453613
YHR020W,YGR185C,1,0.18032122,0.20110641419887543,0.8790895938873291,0.34921765327453613
YMR166C,YNL294C,0,0.18001798,0.20104098320007324,0.8790895938873291,0.3493598997592926
YGR092W,YMR247C,0,0.17993072,0.20097561180591583,0.8790895938873291,0.3495021462440491
YLR193C,YML091C,0,0.1784625,0.2009102702140808,0.8790895938873291,0.34964439272880554
YOR197W,YML064C,0,0.17215705,0.20084497332572937,0.8790895938873291,0.349786639213562
YCR039C,YOL007C,0,0.17021239,0.2007797211408615,0.8790895938873291,0.3499288856983185
YLR240W,YER177W,0,0.16807324,0.20071451365947723,0.8790895938873291,0.35007113218307495
YPL033C,YJL173C,0,0.1663996,0.20064935088157654,0.8790895938873291,0.3502133786678314
YDR300C,YLR118C,0,0.1654996,0.20058423280715942,0.8790895938873291,0.3503556251525879
YFL022C,YER087W,1,0.16540205,0.20084360241889954,0.8805121183395386,0.3503556251525879
YIL067C,YDR239C,0,0.16527057,0.20077846944332123,0.8805121183395386,0.35049787163734436
YBL035C,YLL022C,0,0.16397813,0.2007133662700653,0.8805121183395386,0.35064011812210083
YJR125C,YGL222C,0,0.16295445,0.20064829289913177,0.8805121183395386,0.3507823646068573
YJR110W,YDR488C,0,0.16248888,0.20058327913284302,0.8805121183395386,0.35092461109161377
YOR330C,YOR156C,0,0.1591397,0.20051829516887665,0.8805121183395386,0.35106685757637024
YPR033C,YGR171C,1,0.15819663,0.20077720284461975,0.8819345831871033,0.35106685757637024
YFL044C,YDR127W,0,0.15770766,0.2007122039794922,0.8819345831871033,0.3512091040611267
YDL014W,YBL021C,0,0.15554458,0.2006472498178482,0.8819345831871033,0.3513513505458832
YDL226C,YGR157W,0,0.15390337,0.2005823403596878,0.8819345831871033,0.35149359703063965
YNL329C,YMR071C,0,0.15151906,0.2005174607038498,0.8819345831871033,0.3516358435153961
YIL105C,YLR034C,0,0.15116614,0.20045264065265656,0.8819345831871033,0.3517780900001526
YPR066W,YHR176W,0,0.14966011,0.2003878504037857,0.8819345831871033,0.35192033648490906
YLR189C,YOL067C,0,0.14848483,0.20032310485839844,0.8819345831871033,0.3520625829696655
YML013W,YPR058W,0,0.14719786,0.20025840401649475,0.8819345831871033,0.352204829454422
YLR077W,YNL257C,0,0.1467855,0.20019373297691345,0.8819345831871033,0.35234707593917847
YOL097C,YGR171C,1,0.14658356,0.20045191049575806,0.883357048034668,0.35234707593917847
YPL104W,YPL097W,1,0.14650434,0.20070990920066833,0.8847795128822327,0.35234707593917847
YDR252W,YPL032C,0,0.146433,0.20064516365528107,0.8847795128822327,0.35248932242393494
YIR010W,YCL031C,0,0.14568493,0.20058046281337738,0.8847795128822327,0.3526315689086914
YBR175W,YHR196W,0,0.14547318,0.20051579177379608,0.8847795128822327,0.3527738153934479
YKL004W,YFL035C-B,0,0.14501232,0.20045118033885956,0.8847795128822327,0.35291606187820435
YOR284W,YDL042C,0,0.14408064,0.20038659870624542,0.8847795128822327,0.3530583083629608
YGL155W,YLR131C,0,0.14201063,0.20032206177711487,0.8847795128822327,0.3532005548477173
YOR063W,YBL057C,0,0.13929582,0.2002575695514679,0.8847795128822327,0.35334283113479614
YJR120W,YNR027W,0,0.13890505,0.2001931071281433,0.8847795128822327,0.3534850776195526
YHR072W-A,YGR027W-B,0,0.13672662,0.2001287043094635,0.8847795128822327,0.3536273241043091
YCL067C,YBR290W,0,0.13620776,0.20006433129310608,0.8847795128822327,0.35376957058906555
YDR105C,YER099C,0,0.13559777,0.20000000298023224,0.8847795128822327,0.353911817073822
YKL221W,YER081W,0,0.13542187,0.19993571937084198,0.8847795128822327,0.3540540635585785
YDR510W,YBR245C,0,0.13494292,0.1998714655637741,0.8847795128822327,0.35419631004333496
YLR378C,YDR148C,0,0.1345248,0.19980725646018982,0.8847795128822327,0.35433855652809143
YML076C,YKL112W,0,0.13284741,0.1997430920600891,0.8847795128822327,0.3544808030128479
YIL114C,YMR024W,0,0.13110638,0.19967897236347198,0.8847795128822327,0.35462304949760437
YPR186C,YIL084C,0,0.13106543,0.19961489737033844,0.8847795128822327,0.35476529598236084
YER060W-A,YGL032C,0,0.12980829,0.19955085217952728,0.8847795128822327,0.3549075424671173
YNL250W,YPL226W,0,0.12789673,0.1994868516921997,0.8847795128822327,0.3550497889518738
YDR400W,YPR186C,0,0.12356496,0.1994228959083557,0.8847795128822327,0.35519203543663025
YDL147W,YDR477W,0,0.12103295,0.1993589699268341,0.8847795128822327,0.3553342819213867
YDR400W,YNL162W,0,0.119944096,0.19929510354995728,0.8847795128822327,0.3554765284061432
YPL133C,YLR426W,0,0.11967778,0.19923126697540283,0.8847795128822327,0.35561877489089966
YMR170C,YOL094C,0,0.11947191,0.19916746020317078,0.8847795128822327,0.35576102137565613
YPR094W,YOL089C,0,0.11783686,0.1991037130355835,0.8847795128822327,0.3559032678604126
YMR322C,YMR024W,0,0.116444096,0.1990399956703186,0.8847795128822327,0.35604551434516907
YDL031W,YLR286C,0,0.115605116,0.1989763230085373,0.8847795128822327,0.35618776082992554
YGR092W,YJL216C,0,0.115183234,0.19891269505023956,0.8847795128822327,0.356330007314682
YCL011C,YOR014W,0,0.114953876,0.19884911179542542,0.8847795128822327,0.3564722537994385
YLR001C,YLR157C-B,0,0.11469084,0.19878555834293365,0.8847795128822327,0.35661450028419495
YGR247W,YBL002W,0,0.11418381,0.19872204959392548,0.8847795128822327,0.3567567467689514
YGR044C,YMR080C,0,0.114139676,0.19865857064723969,0.8847795128822327,0.3568989932537079
YFL002C,YKL089W,0,0.11303151,0.19859515130519867,0.8847795128822327,0.35704123973846436
YER023W,YNL206C,0,0.112083435,0.19853176176548004,0.8847795128822327,0.3571834862232208
YLR075W,YLR044C,0,0.111612216,0.198468416929245,0.8847795128822327,0.3573257327079773
YBR166C,YOR211C,0,0.11045694,0.19840510189533234,0.8847795128822327,0.35746800899505615
YOR295W,YBR161W,0,0.1094532,0.19834183156490326,0.8847795128822327,0.3576102554798126
YKR095W-A,YJL183W,0,0.1089582,0.19827860593795776,0.8847795128822327,0.3577525019645691
YDL231C,YIL126W,0,0.10825032,0.19821542501449585,0.8847795128822327,0.35789474844932556
YPL271W,YCL048W,0,0.10817195,0.19815227389335632,0.8847795128822327,0.35803699493408203
YGL226W,YDL232W,0,0.1066798,0.19808916747570038,0.8847795128822327,0.3581792414188385
YNL099C,YPR118W,0,0.10576725,0.19802610576152802,0.8847795128822327,0.35832148790359497
YKR038C,YAL062W,0,0.10542184,0.19796307384967804,0.8847795128822327,0.35846373438835144
YKR001C,YDR283C,0,0.10467088,0.19790010154247284,0.8847795128822327,0.3586059808731079
YJR132W,YGR159C,0,0.10381293,0.19783714413642883,0.8847795128822327,0.3587482273578644
YOR004W,YDR397C,0,0.1026853,0.1977742463350296,0.8847795128822327,0.35889047384262085
YGL104C,YBR185C,0,0.101726055,0.19771137833595276,0.8847795128822327,0.3590327203273773
YOR061W,YKR027W,0,0.10053402,0.1976485550403595,0.8847795128822327,0.3591749668121338
YAL008W,YJR065C,0,0.10048865,0.19758576154708862,0.8847795128822327,0.35931721329689026
YLR060W,YGR185C,1,0.09855352,0.1978405863046646,0.8862019777297974,0.35931721329689026
YEL011W,YPL096C-A,0,0.09646708,0.19777777791023254,0.8862019777297974,0.35945945978164673
YDR034C-D,YPL172C,0,0.09625858,0.19771501421928406,0.8862019777297974,0.3596017062664032
YHR091C,YGR185C,1,0.09567484,0.19796954095363617,0.8876244425773621,0.3596017062664032
YPL230W,YGR103W,0,0.09466207,0.1979067623615265,0.8876244425773621,0.35974395275115967
YHL009W-B,YGR193C,0,0.09420067,0.1978440135717392,0.8876244425773621,0.35988619923591614
YLL018C,YGR185C,1,0.09263414,0.19809825718402863,0.8890469670295715,0.35988619923591614
YGR191W,YML024W,0,0.09064734,0.19803549349308014,0.8890469670295715,0.3600284457206726
YFL050C,YJR054W,0,0.09020817,0.19797275960445404,0.8890469670295715,0.3601706922054291
YNL054W-B,YKL091C,0,0.08772087,0.19791007041931152,0.8890469670295715,0.36031293869018555
YDL043C,YIL158W,0,0.08763045,0.1978474259376526,0.8890469670295715,0.360455185174942
YPR057W,YGL144C,0,0.08737153,0.19778481125831604,0.8890469670295715,0.3605974316596985
YPR016C,YLR247C,0,0.08641666,0.19772224128246307,0.8890469670295715,0.36073967814445496
YPL013C,YMR242C,0,0.084962666,0.1976597160100937,0.8890469670295715,0.3608819246292114
YLR201C,YGR184C,0,0.084854186,0.1975972205400467,0.8890469670295715,0.3610241711139679
YLR059C,YGR266W,0,0.08469263,0.19753476977348328,0.8890469670295715,0.36116641759872437
YPL269W,YNR056C,0,0.084317446,0.19747234880924225,0.8890469670295715,0.36130866408348083
YDR080W,YDR034C-D,0,0.083800316,0.197409987449646,0.8890469670295715,0.3614509105682373
YLR150W,YNL054W-A,0,0.08331454,0.19734764099121094,0.8890469670295715,0.36159318685531616
YKL028W,YBR171W,0,0.08284773,0.19728535413742065,0.8890469670295715,0.36173543334007263
YKL139W,YDR330W,0,0.081906915,0.19722309708595276,0.8890469670295715,0.3618776798248291
YPL221W,YDL193W,0,0.08158994,0.19716088473796844,0.8890469670295715,0.36201992630958557
YIL067C,YDR495C,0,0.07902041,0.19709870219230652,0.8890469670295715,0.36216217279434204
YOR255W,YKR075C,0,0.07621086,0.19703656435012817,0.8890469670295715,0.3623044192790985
YIL073C,YKR100C,0,0.075775385,0.1969744712114334,0.8890469670295715,0.362446665763855
YNL207W,YPL088W,0,0.074132085,0.19691240787506104,0.8890469670295715,0.36258891224861145
YPL040C,YBL076C,1,0.07386301,0.1971653550863266,0.8904694318771362,0.36258891224861145
YHR025W,YLR427W,0,0.07259479,0.19710327684879303,0.8904694318771362,0.3627311587333679
YDR345C,YLR039C,0,0.072535574,0.19704122841358185,0.8904694318771362,0.3628734052181244
YLL018C,YHR011W,1,0.071958154,0.19729389250278473,0.8918918967247009,0.3628734052181244
YLR131C,YPL085W,0,0.071656585,0.19723182916641235,0.8918918967247009,0.36301565170288086
YHR005C,YHL024W,0,0.06900388,0.19716981053352356,0.8918918967247009,0.36315789818763733
YDR331W,YGR065C,0,0.066824496,0.19710782170295715,0.8918918967247009,0.3633001446723938
YJL177W,YML111W,0,0.066661626,0.19704587757587433,0.8918918967247009,0.36344239115715027
YNL329C,YKR030W,0,0.06588006,0.19698397815227509,0.8918918967247009,0.36358463764190674
YER029C,YML060W,0,0.06535745,0.19692210853099823,0.8918918967247009,0.3637268841266632
YLR170C,YBL018C,0,0.0642287,0.19686028361320496,0.8918918967247009,0.3638691306114197
YLL052C,YJR035W,0,0.06378704,0.19679848849773407,0.8918918967247009,0.36401137709617615
YFL004W,YJL174W,0,0.06322634,0.19673673808574677,0.8918918967247009,0.3641536235809326
YER183C,YDR107C,0,0.05954933,0.19667503237724304,0.8918918967247009,0.3642958700656891
YHR072W-A,YDR522C,0,0.059045732,0.1966133564710617,0.8918918967247009,0.36443811655044556
YMR015C,YNL161W,0,0.058335274,0.19655172526836395,0.8918918967247009,0.364580363035202
YDR322W,YAL011W,0,0.05679828,0.1964901238679886,0.8918918967247009,0.3647226095199585
YIR022W,YJR158W,0,0.055627406,0.1964285671710968,0.8918918967247009,0.36486485600471497
YER012W,YBR089C-A,0,0.054463923,0.1963670551776886,0.8918918967247009,0.36500710248947144
YDL138W,YJL062W-A,0,0.053096116,0.19630557298660278,0.8918918967247009,0.3651493489742279
YIL069C,YPL265W,0,0.052841723,0.19624413549900055,0.8918918967247009,0.3652915954589844
YOR389W,YDR341C,0,0.05201882,0.1961827278137207,0.8918918967247009,0.36543384194374084
YER147C,YMR263W,0,0.05128026,0.19612136483192444,0.8918918967247009,0.3655760884284973
YKL049C,YMR263W,0,0.05128026,0.19606003165245056,0.8918918967247009,0.36571836471557617
YOR380W,YGR005C,0,0.050908983,0.19599874317646027,0.8918918967247009,0.36586061120033264
YLR032W,YCR020C,0,0.05022627,0.19593749940395355,0.8918918967247009,0.3660028576850891
YOR122C,YPL202C,0,0.04733461,0.19587628543376923,0.8918918967247009,0.3661451041698456
YDR273W,YLL053C,0,0.0464966,0.19581511616706848,0.8918918967247009,0.36628735065460205
YJL204C,YDR469W,0,0.045426562,0.19575397670269012,0.8918918967247009,0.3664295971393585
YAL012W,YHR039C-B,0,0.044703856,0.19569288194179535,0.8918918967247009,0.366571843624115
YHR020W,YIR006C,0,0.04332526,0.19563183188438416,0.8918918967247009,0.36671409010887146
YFR041C,YER069W,0,0.04293503,0.19557081162929535,0.8918918967247009,0.36685633659362793
YIL007C,YLR185W,0,0.042611793,0.19550982117652893,0.8918918967247009,0.3669985830783844
YDL136W,YBL051C,0,0.042362355,0.1954488754272461,0.8918918967247009,0.36714082956314087
YDR488C,YCR034W,0,0.040393233,0.19538797438144684,0.8918918967247009,0.36728307604789734
YCL048W,YNL240C,0,0.03806442,0.19532710313796997,0.8918918967247009,0.3674253225326538
YDR341C,YGR171C,1,0.037207574,0.1955776959657669,0.8933143615722656,0.3674253225326538
YDR368W,YNL030W,0,0.03661251,0.19551680982112885,0.8933143615722656,0.3675675690174103
YPL029W,YBR039W,0,0.035817407,0.19545595347881317,0.8933143615722656,0.36770981550216675
YDR418W,YPR054W,0,0.0353972,0.19539514183998108,0.8933143615722656,0.3678520619869232
YPL029W,YJL129C,0,0.03472233,0.19533437490463257,0.8933143615722656,0.3679943084716797
YBL031W,YDR432W,0,0.0339206,0.19527363777160645,0.8933143615722656,0.36813655495643616
YAL003W,YER054C,0,0.031666398,0.1952129304409027,0.8933143615722656,0.3682788014411926
YER184C,YLR345W,0,0.030052304,0.19515226781368256,0.8933143615722656,0.3684210479259491
YHR009C,YBR091C,0,0.029873371,0.19509164988994598,0.8933143615722656,0.36856329441070557
YKL059C,YMR271C,0,0.028922588,0.1950310617685318,0.8933143615722656,0.36870554089546204
YGR099W,YNL216W,0,0.028910652,0.19497050344944,0.8933143615722656,0.3688477873802185
YPL091W,YJL014W,0,0.028779268,0.1949099898338318,0.8933143615722656,0.368990033864975
YKL101W,YGL234W,0,0.02662158,0.19484952092170715,0.8933143615722656,0.36913228034973145
YGR178C,YHR042W,0,0.02641093,0.1947890818119049,0.8933143615722656,0.3692745268344879
YPL026C,YNL311C,0,0.025335938,0.19472868740558624,0.8933143615722656,0.3694167733192444
YIL156W,YOL117W,0,0.02464521,0.19466832280158997,0.8933143615722656,0.36955901980400085
YOR004W,YBR054W,0,0.023046196,0.19460798799991608,0.8933143615722656,0.3697012662887573
YEL018W,YDR330W,0,0.022502422,0.19454771280288696,0.8933143615722656,0.3698435425758362
YML111W,YDL122W,0,0.021906685,0.19448745250701904,0.8933143615722656,0.36998578906059265
YEL019C,YML037C,0,0.021565437,0.1944272518157959,0.8933143615722656,0.3701280355453491
YDR235W,YKL213C,0,0.020942926,0.19436706602573395,0.8933143615722656,0.3702702820301056
YNL207W,YMR313C,0,0.02009362,0.19430692493915558,0.8933143615722656,0.37041252851486206
YGR071C,YKR059W,0,0.017802417,0.1942468285560608,0.8933143615722656,0.37055477499961853
YPL047W,YBR107C,0,0.017797977,0.1941867619752884,0.8933143615722656,0.370697021484375
YJR058C,YGR027W-B,0,0.01628077,0.19412674009799957,0.8933143615722656,0.37083926796913147
YOL154W,YPL224C,0,0.013335943,0.19406674802303314,0.8933143615722656,0.37098151445388794
YDR208W,YER039C,0,0.0132935345,0.1940068006515503,0.8933143615722656,0.3711237609386444
YJR025C,YOL031C,0,0.0127618015,0.19394688308238983,0.8933143615722656,0.3712660074234009
YOL130W,YMR256C,0,0.012525082,0.19388699531555176,0.8933143615722656,0.37140825390815735
YDL184C,YNL216W,0,0.012337148,0.19382716715335846,0.8933143615722656,0.3715505003929138
YCL063W,YER093C,0,0.010974169,0.19376735389232635,0.8933143615722656,0.3716927468776703
YOR026W,YJL069C,0,0.009959102,0.19370758533477783,0.8933143615722656,0.37183499336242676
YMR016C,YIL155C,0,0.009884179,0.1936478614807129,0.8933143615722656,0.3719772398471832
YER073W,YOR155C,0,0.0088736415,0.19358816742897034,0.8933143615722656,0.3721194863319397
YOR321W,YOR307C,0,0.006411195,0.19352850317955017,0.8933143615722656,0.37226173281669617
YLR433C,YDL002C,0,0.005170256,0.1934688836336136,0.8933143615722656,0.37240397930145264
YDL038C,YJL062W-A,0,0.0048131943,0.1934092938899994,0.8933143615722656,0.3725462257862091
YIL070C,YNL101W,0,0.0046460927,0.19334974884986877,0.8933143615722656,0.3726884722709656
YLR223C,YDR175C,0,0.0039197803,0.19329024851322174,0.8933143615722656,0.37283071875572205
YKL211C,YDR320C-A,0,0.0037521124,0.1932307630777359,0.8933143615722656,0.3729729652404785
YDR422C,YDR190C,0,0.003412366,0.19317133724689484,0.8933143615722656,0.373115211725235
YBL076C,YHR019C,1,0.0021066666,0.1934194415807724,0.8947368264198303,0.373115211725235
YKR088C,YPL271W,0,0.0015223026,0.19335997104644775,0.8947368264198303,0.37325745820999146
YLR055C,YPL056C,0,0.0014855862,0.19330056011676788,0.8947368264198303,0.3733997046947479
YGL077C,YGL130W,0,0.0005944967,0.1932411640882492,0.8947368264198303,0.3735419511795044
YMR125W,YOL032W,0,0.00041738153,0.1931818127632141,0.8947368264198303,0.37368419766426086
YDR234W,YPR097W,0,-0.0013539791,0.1931225061416626,0.8947368264198303,0.37382644414901733
YPR134W,YLR225C,0,-0.0014643967,0.19306322932243347,0.8947368264198303,0.3739687204360962
YHR072W-A,YHL036W,0,-0.0016692579,0.19300398230552673,0.8947368264198303,0.37411096692085266
YNL035C,YDR516C,0,-0.001876831,0.19294477999210358,0.8947368264198303,0.37425321340560913
YDL052C,YIL063C,0,-0.004318714,0.192885622382164,0.8947368264198303,0.3743954598903656
YPL170W,YBL047C,0,-0.004851058,0.19282647967338562,0.8947368264198303,0.37453770637512207
YLR007W,YBR082C,0,-0.004863441,0.19276739656925201,0.8947368264198303,0.37467995285987854
YNR040W,YEL021W,0,-0.0057007074,0.1927083283662796,0.8947368264198303,0.374822199344635
YMR067C,YDL180W,0,-0.0070631206,0.19264930486679077,0.8947368264198303,0.3749644458293915
YDR150W,YML058W,0,-0.0077158213,0.19259032607078552,0.8947368264198303,0.37510669231414795
YML045W,YHR133C,0,-0.008266896,0.19253137707710266,0.8947368264198303,0.3752489387989044
YMR106C,YNL217W,0,-0.009304255,0.1924724578857422,0.8947368264198303,0.3753911852836609
YDL191W,YGR082W,0,-0.00931263,0.1924135833978653,0.8947368264198303,0.37553343176841736
YBL069W,YOR061W,0,-0.010023177,0.1923547387123108,0.8947368264198303,0.37567567825317383
YPL137C,YNL279W,0,-0.010396026,0.19229593873023987,0.8947368264198303,0.3758179247379303
YLR357W,YOR048C,0,-0.010798454,0.19223716855049133,0.8947368264198303,0.37596017122268677
YFR042W,YGR247W,0,-0.011324942,0.19217842817306519,0.8947368264198303,0.37610241770744324
YEL055C,YLR410W,0,-0.013623625,0.19211973249912262,0.8947368264198303,0.3762446641921997
YPL104W,YGL245W,1,-0.0136379,0.19236640632152557,0.896159291267395,0.3762446641921997
YOR361C,YPL155C,0,-0.013718247,0.19230769574642181,0.896159291267395,0.3763869106769562
YGL027C,YDL181W,0,-0.015628815,0.19224901497364044,0.896159291267395,0.37652915716171265
YGL087C,YHR116W,0,-0.015872002,0.19219036400318146,0.896159291267395,0.3766714036464691
YPL072W,YHR001W-A,0,-0.017934829,0.19213174283504486,0.896159291267395,0.3768136501312256
YER078C,YMR071C,0,-0.018737972,0.19207316637039185,0.896159291267395,0.37695589661598206
YPL079W,YGR202C,0,-0.019933999,0.1920146346092224,0.896159291267395,0.3770981431007385
YDR320C-A,YAL011W,0,-0.020351171,0.19195611774921417,0.896159291267395,0.377240389585495
YGL048C,YER048W-A,0,-0.021056533,0.1918976604938507,0.896159291267395,0.37738263607025146
YNR055C,YPL159C,0,-0.021112502,0.19183921813964844,0.896159291267395,0.37752488255500793
YLR274W,YMR305C,0,-0.022180557,0.19178082048892975,0.896159291267395,0.3776671290397644
YDR531W,YJR121W,0,-0.022733808,0.19172245264053345,0.896159291267395,0.3778093755245209
YCR072C,YGR017W,0,-0.023136795,0.19166412949562073,0.896159291267395,0.37795162200927734
YKR010C,YKL110C,0,-0.023354411,0.1916058361530304,0.896159291267395,0.3780938684940338
YDR092W,YDL194W,0,-0.023536116,0.19154758751392365,0.896159291267395,0.37823614478111267
YJL198W,YDL081C,0,-0.023912162,0.19148936867713928,0.896159291267395,0.37837839126586914
YLR201C,YGR078C,0,-0.024902433,0.1914311796426773,0.896159291267395,0.3785206377506256
YCL038C,YCR058C,0,-0.025234431,0.19137302041053772,0.896159291267395,0.3786628842353821
YJR137C,YPL257W-A,0,-0.026806235,0.1913149058818817,0.896159291267395,0.37880513072013855
YER172C,YKL145W,0,-0.027643561,0.1912568360567093,0.896159291267395,0.378947377204895
YMR162C,YLL031C,0,-0.027753502,0.19119878113269806,0.896159291267395,0.3790896236896515
YDR501W,YML054C,0,-0.028490156,0.1911407709121704,0.896159291267395,0.37923187017440796
YGL206C,YDL207W,0,-0.029175758,0.19108280539512634,0.896159291267395,0.37937411665916443
YIL103W,YDR013W,0,-0.029610217,0.19102486968040466,0.896159291267395,0.3795163631439209
YDL066W,YMR070W,0,-0.03018868,0.19096696376800537,0.896159291267395,0.37965860962867737
YOR122C,YNL220W,0,-0.032219708,0.19090908765792847,0.896159291267395,0.37980085611343384
YMR058W,YDR330W,0,-0.0331645,0.19085125625133514,0.896159291267395,0.3799431025981903
YLR090W,YGR262C,0,-0.03413099,0.1907934546470642,0.896159291267395,0.3800853490829468
YDR047W,YLR044C,0,-0.03453745,0.19073569774627686,0.896159291267395,0.38022759556770325
YOR308C,YMR314W,0,-0.0367226,0.1906779706478119,0.896159291267395,0.3803698420524597
YDR533C,YBL075C,0,-0.036803007,0.1906202733516693,0.896159291267395,0.3805120885372162
YPR120C,YOL120C,0,-0.037777975,0.19056262075901031,0.896159291267395,0.38065433502197266
YDR158W,YDR034C-C,0,-0.03847438,0.1905049830675125,0.896159291267395,0.3807965815067291
YER167W,YHR003C,0,-0.039322972,0.19044740498065948,0.896159291267395,0.3809388279914856
YPL092W,YGR055W,0,-0.039396986,0.19038984179496765,0.896159291267395,0.38108107447624207
YCR039C,YDR424C,0,-0.039440036,0.1903323233127594,0.896159291267395,0.38122332096099854
YHR103W,YFR037C,0,-0.04021722,0.19027483463287354,0.896159291267395,0.381365567445755
YJL133W,YBR012W-A,0,-0.04059738,0.19021739065647125,0.896159291267395,0.3815078139305115
YOR181W,YFL002C,0,-0.040917397,0.19015997648239136,0.896159291267395,0.38165006041526794
YGL178W,YDL243C,0,-0.043583214,0.19010259211063385,0.896159291267395,0.3817923069000244
YGL038C,YDR178W,0,-0.044180036,0.19004525244235992,0.896159291267395,0.3819345533847809
YDR406W,YFL031W,0,-0.046241105,0.1899879425764084,0.896159291267395,0.38207679986953735
YER044C,YOR115C,0,-0.046359748,0.18993066251277924,0.896159291267395,0.3822190463542938
YPL106C,YJR088C,0,-0.047717094,0.18987341225147247,0.896159291267395,0.3823613226413727
YEL034W,YFL050C,0,-0.048847556,0.1898162066936493,0.896159291267395,0.38250356912612915
YLR066W,YDR329C,0,-0.051393032,0.1897590309381485,0.896159291267395,0.3826458156108856
YKL195W,YNL327W,0,-0.05591482,0.1897018998861313,0.896159291267395,0.3827880620956421
YER004W,YGL076C,0,-0.05603361,0.18964479863643646,0.896159291267395,0.38293030858039856
YLR059C,YLR240W,0,-0.05717331,0.18958772718906403,0.896159291267395,0.38307255506515503
YNR011C,YCR009C,0,-0.05731654,0.18953068554401398,0.896159291267395,0.3832148015499115
YAL047C,YOL152W,0,-0.060674906,0.1894736886024475,0.896159291267395,0.38335704803466797
YMR135C,YOR336W,0,-0.06118521,0.18941672146320343,0.896159291267395,0.38349929451942444
YOL009C,YBR015C,0,-0.06176357,0.18935978412628174,0.896159291267395,0.3836415410041809
YOR214C,YCR054C,0,-0.062692046,0.18930289149284363,0.896159291267395,0.3837837874889374
YGL077C,YPL181W,0,-0.06370008,0.1892460137605667,0.896159291267395,0.38392603397369385
YGL231C,YCL062W,0,-0.06545669,0.18918919563293457,0.896159291267395,0.3840682804584503
YBL010C,YCR035C,0,-0.06575066,0.18913239240646362,0.896159291267395,0.3842105269432068
YDR058C,YPR154W,0,-0.065863594,0.18907563388347626,0.896159291267395,0.38435277342796326
YMR287C,YBR181C,0,-0.06752545,0.18901890516281128,0.896159291267395,0.3844950199127197
YGL008C,YGR075C,0,-0.06904656,0.1889622062444687,0.896159291267395,0.3846372663974762
YDL122W,YOR140W,0,-0.069755316,0.18890555202960968,0.896159291267395,0.38477951288223267
YML114C,YLR313C,0,-0.06997216,0.18884892761707306,0.896159291267395,0.38492175936698914
YLR341W,YLR096W,0,-0.07063079,0.18879233300685883,0.896159291267395,0.3850640058517456
YNL331C,YNL139C,0,-0.0707833,0.18873576819896698,0.896159291267395,0.3852062523365021
YHR067W,YGL086W,0,-0.07170743,0.18867924809455872,0.896159291267395,0.38534849882125854
YGL135W,YKL040C,0,-0.071846366,0.18862275779247284,0.896159291267395,0.385490745306015
YIL118W,YMR110C,0,-0.07185662,0.18856629729270935,0.896159291267395,0.3856329917907715
YHR138C,YLR003C,0,-0.07223326,0.18850988149642944,0.896159291267395,0.38577523827552795
YHR143W-A,YCR027C,0,-0.073178485,0.18845348060131073,0.896159291267395,0.3859174847602844
YOR254C,YPL186C,0,-0.07503903,0.1883971244096756,0.896159291267395,0.3860597312450409
YPL051W,YPL176C,0,-0.075534225,0.18834081292152405,0.896159291267395,0.38620197772979736
YNL136W,YPR041W,0,-0.07565427,0.1882845163345337,0.896159291267395,0.38634422421455383
YHR088W,YGL157W,0,-0.07578397,0.18822826445102692,0.896159291267395,0.3864865005016327
YOL061W,YIR007W,0,-0.07733839,0.18817204236984253,0.896159291267395,0.38662874698638916
YAL042W,YLR119W,0,-0.077873975,0.18811585009098053,0.896159291267395,0.38677099347114563
YMR081C,YFL029C,0,-0.07800645,0.1880597025156021,0.896159291267395,0.3869132399559021
YHR181W,YLR308W,0,-0.07841098,0.18800358474254608,0.896159291267395,0.38705548644065857
YDR522C,YDR398W,0,-0.07872784,0.18794749677181244,0.896159291267395,0.38719773292541504
YKR037C,YOR034C,0,-0.07950947,0.18789143860340118,0.896159291267395,0.3873399794101715
YLR467W,YLR432W,0,-0.079936266,0.1878354251384735,0.896159291267395,0.387482225894928
YDR096W,YDR013W,0,-0.08045125,0.18777942657470703,0.896159291267395,0.38762447237968445
YKL052C,YGL065C,0,-0.082045436,0.18772348761558533,0.896159291267395,0.3877667188644409
YNR040W,YNL067W,0,-0.0820992,0.18766756355762482,0.896159291267395,0.3879089653491974
YOR217W,YDL213C,0,-0.08344242,0.1876116693019867,0.896159291267395,0.38805121183395386
YMR098C,YOR269W,0,-0.08389393,0.18755581974983215,0.896159291267395,0.3881934583187103
YOL033W,YDR019C,0,-0.08406639,0.1875,0.896159291267395,0.3883357048034668
YJR104C,YDR510W,0,-0.084872544,0.18744421005249023,0.896159291267395,0.38847795128822327
YHR215W,YJR060W,0,-0.085063696,0.18738846480846405,0.896159291267395,0.38862019777297974
YBL019W,YPL236C,0,-0.08661187,0.18733273446559906,0.896159291267395,0.3887624442577362
YLR133W,YIL019W,0,-0.087335184,0.18727704882621765,0.896159291267395,0.3889046907424927
YGL106W,YNL054W,0,-0.08760834,0.18722139298915863,0.896159291267395,0.38904693722724915
YJL045W,YGR189C,0,-0.08810127,0.1871657818555832,0.896159291267395,0.3891891837120056
YJL100W,YKL196C,0,-0.088743925,0.18711018562316895,0.896159291267395,0.3893314301967621
YNL077W,YNL247W,0,-0.0888906,0.18705463409423828,0.896159291267395,0.38947367668151855
YMR223W,YER030W,0,-0.089073956,0.18699911236763,0.896159291267395,0.389615923166275
YBR110W,YNL116W,0,-0.08925557,0.18694362044334412,0.896159291267395,0.3897581696510315
YGR128C,YLR116W,0,-0.08929157,0.18688815832138062,0.896159291267395,0.38990041613578796
YGR275W,YCL035C,0,-0.08935487,0.1868327409029007,0.896159291267395,0.39004266262054443
YJL153C,YMR282C,0,-0.09055531,0.18677735328674316,0.896159291267395,0.3901849091053009
YLR070C,YPL051W,0,-0.091230206,0.18672199547290802,0.896159291267395,0.3903271555900574
YLR222C,YPL271W,0,-0.09134647,0.18666666746139526,0.896159291267395,0.39046940207481384
YLR006C,YPR114W,0,-0.0914239,0.1866113692522049,0.896159291267395,0.3906116783618927
YOR383C,YCR077C,0,-0.092182994,0.1865561157464981,0.896159291267395,0.39075392484664917
YGR132C,YLR099C,0,-0.09228006,0.1865008920431137,0.896159291267395,0.39089617133140564
YHR094C,YDR237W,0,-0.09230021,0.1864456981420517,0.896159291267395,0.3910384178161621
YBR021W,YDR303C,0,-0.09613848,0.18639053404331207,0.896159291267395,0.3911806643009186
YKL051W,YGR161W-A,0,-0.09630695,0.18633539974689484,0.896159291267395,0.39132291078567505
YLR008C,YML129C,0,-0.096695304,0.18628031015396118,0.896159291267395,0.3914651572704315
YDR284C,YKR059W,0,-0.09709579,0.18622525036334991,0.896159291267395,0.391607403755188
YJL159W,YBR215W,0,-0.09935343,0.18617020547389984,0.896159291267395,0.39174965023994446
YAL041W,YDL093W,0,-0.10005361,0.18611522018909454,0.896159291267395,0.3918918967247009
YHL025W,YBR227C,0,-0.10020524,0.18606024980545044,0.896159291267395,0.3920341432094574
YDL160C,YJR010C-A,0,-0.101766326,0.18600530922412872,0.896159291267395,0.39217638969421387
YJR137C,YJL159W,0,-0.107033014,0.1859504133462906,0.896159291267395,0.39231863617897034
YGL006W,YDR266C,0,-0.10793117,0.18589554727077484,0.896159291267395,0.3924608826637268
YMR305C,YBR205W,0,-0.10966563,0.18584071099758148,0.896159291267395,0.3926031291484833
YLR237W,YJL157C,0,-0.11046696,0.1857859045267105,0.896159291267395,0.39274537563323975
YNL293W,YDL161W,0,-0.11129032,0.18573112785816193,0.896159291267395,0.3928876221179962
YIR031C,YGL246C,0,-0.11239141,0.18567639589309692,0.896159291267395,0.3930298686027527
YKL221W,YLR035C-A,0,-0.11239481,0.18562167882919312,0.896159291267395,0.39317211508750916
YLR175W,YEL009C,0,-0.1137591,0.1855670064687729,0.896159291267395,0.3933143615722656
YNL054W,YCR040W,0,-0.11571479,0.18551236391067505,0.896159291267395,0.3934566080570221
YOR249C,YIL008W,0,-0.11674231,0.1854577511548996,0.896159291267395,0.39359885454177856
YOR168W,YGR264C,1,-0.11697388,0.18569746613502502,0.8975818157196045,0.39359885454177856
YLR396C,YGL145W,0,-0.117863595,0.18564283847808838,0.8975818157196045,0.39374110102653503
YER094C,YGR241C,0,-0.11919743,0.18558824062347412,0.8975818157196045,0.3938833475112915
YPL265W,YJR121W,0,-0.119659364,0.18553367257118225,0.8975818157196045,0.394025593996048
YAL009W,YLR328W,0,-0.12055946,0.18547913432121277,0.8975818157196045,0.39416784048080444
YIL119C,YPR108W,0,-0.12085956,0.18542462587356567,0.8975818157196045,0.3943100869655609
YOR359W,YEL060C,0,-0.12090999,0.18537014722824097,0.8975818157196045,0.3944523334503174
YLR196W,YIL075C,0,-0.12110877,0.18531571328639984,0.8975818157196045,0.39459457993507385
YDR023W,YDL038C,0,-0.12124987,0.1852613091468811,0.8975818157196045,0.3947368562221527
YGL179C,YOL157C,0,-0.1217531,0.18520691990852356,0.8975818157196045,0.3948791027069092
YDR060W,YDL100C,0,-0.122051835,0.1851525753736496,0.8975818157196045,0.39502134919166565
YOR168W,YGL105W,1,-0.12280695,0.1853916049003601,0.8990042805671692,0.39502134919166565
YPL053C,YDR284C,0,-0.12320424,0.18533724546432495,0.8990042805671692,0.3951635956764221
YNL316C,YCL020W,0,-0.12360191,0.185282900929451,0.8990042805671692,0.3953058421611786
YHR017W,YNL002C,0,-0.123995155,0.1852286010980606,0.8990042805671692,0.39544808864593506
YGL064C,YJR139C,0,-0.12492229,0.18517433106899261,0.8990042805671692,0.39559033513069153
YIL124W,YDL119C,0,-0.12506309,0.185120090842247,0.8990042805671692,0.395732581615448
YBR296C,YCR063W,0,-0.12617517,0.1850658804178238,0.8990042805671692,0.39587482810020447
YPR037C,YDR266C,0,-0.12620756,0.18501171469688416,0.8990042805671692,0.39601707458496094
YJL072C,YKR003W,0,-0.12768763,0.1849575638771057,0.8990042805671692,0.3961593210697174
YOL033W,YML075C,0,-0.12985253,0.18490345776081085,0.8990042805671692,0.3963015675544739
YDL204W,YCL035C,0,-0.13037997,0.18484936654567719,0.8990042805671692,0.39644381403923035
YHR039C,YBR235W,0,-0.13090384,0.1847953200340271,0.8990042805671692,0.3965860605239868
YOL138C,YJL096W,0,-0.13108987,0.1847413033246994,0.8990042805671692,0.3967283070087433
YJL197W,YNR019W,0,-0.13126528,0.1846873164176941,0.8990042805671692,0.39687055349349976
YER109C,YDR440W,0,-0.13145393,0.18463335931301117,0.8990042805671692,0.3970127999782562
YNL185C,YLR200W,0,-0.13159505,0.18457943201065063,0.8990042805671692,0.3971550464630127
YGR286C,YMR177W,0,-0.13164246,0.18452554941177368,0.8990042805671692,0.39729729294776917
YLR194C,YLR410W,0,-0.1317699,0.18447168171405792,0.8990042805671692,0.39743953943252563
YLR341W,YOR367W,0,-0.13260046,0.18441785871982574,0.8990042805671692,0.3975817859172821
YOR095C,YLR098C,0,-0.13330303,0.18436406552791595,0.8990042805671692,0.3977240324020386
YCR107W,YPR100W,0,-0.13344134,0.18431028723716736,0.8990042805671692,0.39786627888679504
YBR169C,YPR114W,0,-0.13389808,0.18425655364990234,0.8990042805671692,0.3980085253715515
YJR029W,YOR328W,0,-0.13486445,0.18420284986495972,0.8990042805671692,0.398150771856308
YPL013C,YNL169C,0,-0.13496196,0.18414919078350067,0.8990042805671692,0.39829301834106445
YER026C,YOR335C,0,-0.13545169,0.18409554660320282,0.8990042805671692,0.3984352648258209
YCL047C,YOR117W,0,-0.13583326,0.18404193222522736,0.8990042805671692,0.3985775113105774
YGL099W,YGL157W,0,-0.13716942,0.18398836255073547,0.8990042805671692,0.39871975779533386
YJL133W,YLR439W,0,-0.13808891,0.18393480777740479,0.8990042805671692,0.3988620340824127
YOR067C,YBR264C,0,-0.13829905,0.18388129770755768,0.8990042805671692,0.3990042805671692
YGR240C,YKR014C,0,-0.13873237,0.18382780253887177,0.8990042805671692,0.39914652705192566
YLR081W,YER015W,0,-0.1398598,0.18377435207366943,0.8990042805671692,0.39928877353668213
YKL145W,YPL017C,0,-0.14108676,0.1837209314107895,0.8990042805671692,0.3994310200214386
YMR163C,YBR018C,0,-0.14111915,0.18366754055023193,0.8990042805671692,0.39957326650619507
YCR097W,YPL138C,0,-0.14122018,0.18361417949199677,0.8990042805671692,0.39971551299095154
YGR048W,YGL087C,0,-0.14137805,0.18356084823608398,0.8990042805671692,0.399857759475708
YPL075W,YDR077W,0,-0.14162838,0.1835075467824936,0.8990042805671692,0.4000000059604645
YBR280C,YER054C,0,-0.14334969,0.18345427513122559,0.8990042805671692,0.40014225244522095
YIR003W,YJL106W,0,-0.14383042,0.18340104818344116,0.8990042805671692,0.4002844989299774
YNL059C,YDR051C,0,-0.14388825,0.18334783613681793,0.8990042805671692,0.4004267454147339
YGR074W,YPL209C,0,-0.14454293,0.18329466879367828,0.8990042805671692,0.40056899189949036
YOR141C,YNL244C,0,-0.1465312,0.18324151635169983,0.8990042805671692,0.4007112383842468
YNR075W,YGL175C,0,-0.14726216,0.18318840861320496,0.8990042805671692,0.4008534848690033
YLR167W,YDR003W,0,-0.14875966,0.18313531577587128,0.8990042805671692,0.40099573135375977
YDR524C,YDL129W,0,-0.14924406,0.18308226764202118,0.8990042805671692,0.40113797783851624
YDR273W,YGR208W,0,-0.1492979,0.18302924931049347,0.8990042805671692,0.4012802243232727
YAR010C,YER109C,0,-0.15099418,0.18297626078128815,0.8990042805671692,0.4014224708080292
YBR156C,YBR107C,0,-0.15179929,0.1829233020544052,0.8990042805671692,0.40156471729278564
YDR365W-B,YER177W,0,-0.15265143,0.18287037312984467,0.8990042805671692,0.4017069637775421
YDR452W,YPR054W,0,-0.15572092,0.1828174740076065,0.8990042805671692,0.4018492102622986
YLR438C-A,YNL049C,0,-0.15784776,0.18276460468769073,0.8990042805671692,0.40199145674705505
YER031C,YMR002W,0,-0.15786225,0.18271176517009735,0.8990042805671692,0.4021337032318115
YNL062C,YPL008W,0,-0.15832303,0.18265895545482635,0.8990042805671692,0.402275949716568
YFL034C-B,YER001W,0,-0.15999532,0.18260619044303894,0.8990042805671692,0.40241819620132446
YML113W,YML133C,0,-0.16204208,0.18255344033241272,0.8990042805671692,0.40256044268608093
YGL135W,YOR067C,0,-0.16211101,0.1825007200241089,0.8990042805671692,0.4027026891708374
YFL018C,YER006W,0,-0.16219604,0.18244802951812744,0.8990042805671692,0.40284493565559387
YHR086W,YIL172C,0,-0.16222596,0.18239538371562958,0.8990042805671692,0.40298721194267273
YHR203C,YGR262C,0,-0.16225955,0.1823427528142929,0.8990042805671692,0.4031294584274292
YLR323C,YOR116C,0,-0.16321325,0.18229016661643982,0.8990042805671692,0.40327170491218567
YCR028C,YIL026C,0,-0.16341077,0.18223759531974792,0.8990042805671692,0.40341395139694214
YOR026W,YDR251W,0,-0.16388297,0.1821850687265396,0.8990042805671692,0.4035561978816986
YBR213W,YCR054C,0,-0.16491824,0.1821325719356537,0.8990042805671692,0.4036984443664551
YJL133W,YMR318C,0,-0.16581604,0.18208009004592896,0.8990042805671692,0.40384069085121155
YGL160W,YAL055W,0,-0.16596347,0.1820276528596878,0.8990042805671692,0.403982937335968
YOR168W,YDR023W,1,-0.16604805,0.18226316571235657,0.9004267454147339,0.403982937335968
YGR124W,YDR261C,0,-0.16762206,0.18221071362495422,0.9004267454147339,0.4041251838207245
YDR486C,YKL221W,0,-0.16862607,0.18215827643871307,0.9004267454147339,0.40426743030548096
YDR379W,YOR315W,0,-0.17045474,0.1821058690547943,0.9004267454147339,0.4044096767902374
YBR239C,YGR256W,0,-0.17047018,0.18205349147319794,0.9004267454147339,0.4045519232749939
YKL194C,YGR185C,1,-0.17182755,0.18228867650032043,0.9018492102622986,0.4045519232749939
YOR143C,YGR192C,0,-0.1718995,0.18223626911640167,0.9018492102622986,0.40469416975975037
YMR261C,YNL186W,0,-0.1728276,0.1821839064359665,0.9018492102622986,0.40483641624450684
YJR052W,YOR320C,0,-0.17318642,0.1821315735578537,0.9018492102622986,0.4049786627292633
YNL158W,YIL063C,0,-0.17354968,0.1820792704820633,0.9018492102622986,0.4051209092140198
YOR214C,YLR327C,0,-0.17691451,0.18202698230743408,0.9018492102622986,0.40526315569877625
YPL234C,YBR109C,0,-0.17756617,0.18197473883628845,0.9018492102622986,0.4054054021835327
YIL130W,YJR025C,0,-0.17787126,0.1819225251674652,0.9018492102622986,0.4055476486682892
YJL046W,YEL026W,0,-0.17809445,0.18187034130096436,0.9018492102622986,0.40568989515304565
YOR157C,YLL067C,0,-0.17842728,0.1818181872367859,0.9018492102622986,0.4058321416378021
YML046W,YBR176W,0,-0.17884552,0.18176604807376862,0.9018492102622986,0.4059743881225586
YFL049W,YBR296C,0,-0.1794138,0.18171395361423492,0.9018492102622986,0.40611663460731506
YOR193W,YOL002C,0,-0.1796664,0.18166188895702362,0.9018492102622986,0.40625888109207153
YPR132W,YEL013W,0,-0.1799351,0.1816098541021347,0.9018492102622986,0.406401127576828
YDL085W,YBL039C,0,-0.18254447,0.18155784904956818,0.9018492102622986,0.4065433740615845
YOR253W,YML114C,0,-0.18279153,0.18150587379932404,0.9018492102622986,0.40668562054634094
YNL134C,YGL018C,0,-0.18300939,0.18145392835140228,0.9018492102622986,0.4068278670310974
YDL147W,YER164W,0,-0.18546557,0.18140199780464172,0.9018492102622986,0.4069701135158539
YJL212C,YOL008W,0,-0.18629913,0.18135011196136475,0.9018492102622986,0.40711238980293274
YLR234W,YMR004W,0,-0.18712437,0.18129825592041016,0.9018492102622986,0.4072546362876892
YDR348C,YDL166C,0,-0.18759781,0.18124642968177795,0.9018492102622986,0.4073968827724457
YBL014C,YBR299W,0,-0.18817896,0.18119463324546814,0.9018492102622986,0.40753912925720215
YJL073W,YKL208W,0,-0.18844333,0.18114285171031952,0.9018492102622986,0.4076813757419586
YLR212C,YJL089W,0,-0.18891373,0.18109111487865448,0.9018492102622986,0.4078236222267151
YHR214C-C,YDR037W,0,-0.19004041,0.18103940784931183,0.9018492102622986,0.40796586871147156
YAL062W,YDR287W,0,-0.19097376,0.18098773062229156,0.9018492102622986,0.408108115196228
YJL041W,YGR083C,0,-0.19130516,0.1809360682964325,0.9018492102622986,0.4082503616809845
YGL232W,YAL015C,0,-0.19207484,0.180884450674057,0.9018492102622986,0.40839260816574097
YDL113C,YDR478W,0,-0.19332886,0.1808328628540039,0.9018492102622986,0.40853485465049744
YKL021C,YLR259C,0,-0.19352055,0.180781289935112,0.9018492102622986,0.4086771011352539
YJR001W,YOR298C-A,0,-0.1936574,0.18072976171970367,0.9018492102622986,0.4088193476200104
YER005W,YCR020C,0,-0.19383125,0.18067826330661774,0.9018492102622986,0.40896159410476685
YHR025W,YMR135C,0,-0.19663519,0.180626779794693,0.9018492102622986,0.4091038405895233
YPL047W,YBR100W,0,-0.19679818,0.18057534098625183,0.9018492102622986,0.4092460870742798
YNL329C,YLR259C,0,-0.19711335,0.18052391707897186,0.9018492102622986,0.40938833355903625
YDR031W,YKL196C,0,-0.19728738,0.18047253787517548,0.9018492102622986,0.4095305800437927
YAL053W,YPL075W,0,-0.19728953,0.18042117357254028,0.9018492102622986,0.4096728265285492
YML094W,YGL017W,0,-0.19821948,0.18036983907222748,0.9018492102622986,0.40981507301330566
YML072C,YGL054C,0,-0.19848776,0.18031854927539825,0.9018492102622986,0.40995731949806213
YMR197C,YFR047C,0,-0.20021677,0.18026727437973022,0.9018492102622986,0.4100995659828186
YOR190W,YGR033C,0,-0.20052123,0.18021602928638458,0.9018492102622986,0.4102418124675751
YLR363C,YDR098C,0,-0.20076542,0.18016481399536133,0.9018492102622986,0.41038405895233154
YER170W,YJR045C,0,-0.2017251,0.18011364340782166,0.9018492102622986,0.410526305437088
YMR091C,YFR009W,0,-0.20188445,0.18006248772144318,0.9018492102622986,0.4106685519218445
YEL020W-A,YEL002C,0,-0.20208684,0.18001136183738708,0.9018492102622986,0.41081079840660095
YDR141C,YGR212W,0,-0.20252481,0.17996026575565338,0.9018492102622986,0.4109530448913574
YOR396W,YPL006W,0,-0.20276272,0.17990919947624207,0.9018492102622986,0.4110952913761139
YPL092W,YPL183C,0,-0.20284256,0.17985816299915314,0.9018492102622986,0.41123756766319275
YER140W,YLR132C,0,-0.20298505,0.1798071414232254,0.9018492102622986,0.4113798141479492
YGR165W,YMR055C,0,-0.2031421,0.17975616455078125,0.9018492102622986,0.4115220606327057
YPL024W,YNL206C,0,-0.20779511,0.17970521748065948,0.9018492102622986,0.41166430711746216
YOR295W,YDR261C-C,0,-0.20810038,0.1796543002128601,0.9018492102622986,0.41180655360221863
YDL160C,YHL020C,0,-0.20821029,0.17960339784622192,0.9018492102622986,0.4119488000869751
YHR204W,YKL135C,0,-0.20911759,0.17955254018306732,0.9018492102622986,0.41209104657173157
YOR375C,YER102W,0,-0.20978576,0.1795016974210739,0.9018492102622986,0.41223329305648804
YER042W,YGR007W,0,-0.21077402,0.1794508844614029,0.9018492102622986,0.4123755395412445
YKR083C,YJL106W,0,-0.21078002,0.17940011620521545,0.9018492102622986,0.412517786026001
YBR253W,YGL038C,0,-0.21139532,0.1793493628501892,0.9018492102622986,0.41266003251075745
YDL085W,YNL051W,0,-0.211586,0.17929863929748535,0.9018492102622986,0.4128022789955139
YDR217C,YDR528W,0,-0.21390969,0.17924794554710388,0.9018492102622986,0.4129445254802704
YGL039W,YDR213W,0,-0.21948898,0.1791972815990448,0.9018492102622986,0.41308677196502686
YGR279C,YKR027W,0,-0.21952614,0.1791466474533081,0.9018492102622986,0.4132290184497833
YJL162C,YNR050C,0,-0.22079623,0.1790960431098938,0.9018492102622986,0.4133712649345398
YPL104W,YER087W,1,-0.22135949,0.17932787537574768,0.9032716751098633,0.4133712649345398
YDR402C,YLR006C,0,-0.22207338,0.179277241230011,0.9032716751098633,0.41351351141929626
YDR037W,YGR171C,1,-0.22211707,0.17950889468193054,0.904694139957428,0.41351351141929626
YOR113W,YER180C,0,-0.2226314,0.17945824563503265,0.904694139957428,0.41365575790405273
YBR189W,YDR217C,0,-0.22265017,0.17940761148929596,0.904694139957428,0.4137980043888092
YPR128C,YNL077W,0,-0.22347212,0.17935702204704285,0.904694139957428,0.4139402508735657
YDR382W,YPL268W,0,-0.2235241,0.17930646240711212,0.904694139957428,0.41408249735832214
YER141W,YDR516C,0,-0.22694859,0.1792559176683426,0.904694139957428,0.4142247438430786
YER073W,YOR136W,0,-0.22714092,0.17920540273189545,0.904694139957428,0.4143669903278351
YKL005C,YOR043W,0,-0.22846535,0.17915493249893188,0.904694139957428,0.41450923681259155
YDR080W,YJR088C,0,-0.22935793,0.17910447716712952,0.904694139957428,0.414651483297348
YOR158W,YDR441C,0,-0.23079601,0.17905405163764954,0.904694139957428,0.4147937297821045
YMR307W,YOR189W,0,-0.23323655,0.17900365591049194,0.904694139957428,0.41493597626686096
YOR369C,YDL087C,0,-0.23341009,0.17895328998565674,0.904694139957428,0.41507822275161743
YDR328C,YLR319C,0,-0.23431382,0.17890295386314392,0.904694139957428,0.4152204692363739
YHR128W,YGL246C,0,-0.23562545,0.1788526475429535,0.904694139957428,0.41536274552345276
YKR042W,YDR359C,0,-0.23643446,0.17880235612392426,0.904694139957428,0.41550499200820923
YDL103C,YBR100W,0,-0.23734933,0.1787521094083786,0.904694139957428,0.4156472384929657
YJR129C,YKR075C,0,-0.23757118,0.17870187759399414,0.904694139957428,0.41578948497772217
YNL317W,YOR346W,0,-0.24013844,0.17865169048309326,0.904694139957428,0.41593173146247864
YLR054C,YNL161W,0,-0.24129274,0.17860151827335358,0.904694139957428,0.4160739779472351
YMR088C,YML102W,0,-0.2413237,0.17855137586593628,0.904694139957428,0.4162162244319916
YGR004W,YKL213C,0,-0.24244082,0.17850126326084137,0.904694139957428,0.41635847091674805
YBL027W,YML096W,0,-0.24289271,0.17845118045806885,0.904694139957428,0.4165007174015045
YDR243C,YOL077W-A,0,-0.24369505,0.1784011274576187,0.904694139957428,0.416642963886261
YKR072C,YCL064C,0,-0.24415123,0.17835108935832977,0.904694139957428,0.41678521037101746
YPL220W,YDL049C,0,-0.24422109,0.17830109596252441,0.904694139957428,0.4169274568557739
YJR033C,YBR024W,0,-0.24436045,0.17825111746788025,0.904694139957428,0.4170697033405304
YPR003C,YHL021C,0,-0.24489963,0.17820118367671967,0.904694139957428,0.41721194982528687
YNL020C,YNL291C,0,-0.24583721,0.17815126478672028,0.904694139957428,0.41735419631004333
YCR067C,YNL220W,0,-0.2478463,0.17810137569904327,0.904694139957428,0.4174964427947998
YNL012W,YPR122W,0,-0.24801017,0.17805151641368866,0.904694139957428,0.4176386892795563
YLR418C,YNL038W,0,-0.24805915,0.17800167202949524,0.904694139957428,0.41778093576431274
YER173W,YOL044W,0,-0.24816513,0.1779518723487854,0.904694139957428,0.4179231822490692
YHR171W,YGL011C,0,-0.248404,0.17790210247039795,0.904694139957428,0.4180654287338257
YNL278W,YDR394W,0,-0.24937928,0.1778523474931717,0.904694139957428,0.41820767521858215
YBL002W,YPL009C,0,-0.25037515,0.17780262231826782,0.904694139957428,0.4183499217033386
YDR301W,YMR002W,0,-0.2505672,0.17775294184684753,0.904694139957428,0.4184921681880951
YEL003W,YNL142W,0,-0.2507664,0.17770327627658844,0.904694139957428,0.41863441467285156
YLR411W,YMR175W,0,-0.2510997,0.17765362560749054,0.904694139957428,0.41877666115760803
YLR116W,YMR277W,0,-0.25361282,0.17760401964187622,0.904694139957428,0.4189189076423645
YER045C,YMR011W,0,-0.2536195,0.1775544434785843,0.904694139957428,0.41906115412712097
YLR126C,YGR023W,0,-0.25367963,0.17750488221645355,0.904694139957428,0.41920340061187744
YNL199C,YLL038C,0,-0.256288,0.1774553507566452,0.904694139957428,0.4193456470966339
YHR005C,YFR034C,0,-0.2564358,0.17740586400032043,0.904694139957428,0.41948792338371277
YDR406W,YNR049C,0,-0.2576285,0.17735639214515686,0.904694139957428,0.41963016986846924
YOL138C,YMR133W,0,-0.25782692,0.17730693519115448,0.904694139957428,0.4197724163532257
YDR163W,YJR013W,0,-0.25843167,0.17725752294063568,0.904694139957428,0.4199146628379822
YCR054C,YNR011C,0,-0.25853187,0.17720814049243927,0.904694139957428,0.42005690932273865
YOL031C,YDR134C,0,-0.2588614,0.17715877294540405,0.904694139957428,0.4201991558074951
YMR309C,YJL062W-A,0,-0.26075143,0.17710943520069122,0.904694139957428,0.4203414022922516
YNL054W,YBR267W,0,-0.2607756,0.17706012725830078,0.904694139957428,0.42048364877700806
YBL020W,YML133C,0,-0.26381665,0.17701084911823273,0.904694139957428,0.4206258952617645
YPR025C,YDL060W,0,-0.26397303,0.17696160078048706,0.904694139957428,0.420768141746521
YDL104C,YFL036W,0,-0.2681741,0.17691238224506378,0.904694139957428,0.42091038823127747
YDR264C,YMR221C,0,-0.26884347,0.1768631786108017,0.904694139957428,0.42105263471603394
YGL016W,YDR398W,0,-0.2690029,0.176814004778862,0.904694139957428,0.4211948812007904
YPR018W,YIL007C,0,-0.26957834,0.17676487565040588,0.904694139957428,0.4213371276855469
YNL124W,YMR242C,0,-0.26961163,0.17671576142311096,0.904694139957428,0.42147937417030334
YHR011W,YER087W,1,-0.26968122,0.17694444954395294,0.9061166644096375,0.42147937417030334
YBR048W,YBR168W,0,-0.27045986,0.17689530551433563,0.9061166644096375,0.4216216206550598
YGL058W,YJL019W,0,-0.27084568,0.1768461912870407,0.9061166644096375,0.4217638671398163
YCR105W,YDR316W,0,-0.27116394,0.17679710686206818,0.9061166644096375,0.42190611362457275
YCR033W,YLR039C,0,-0.27123106,0.17674805223941803,0.9061166644096375,0.4220483601093292
YLR364W,YPL156C,0,-0.27172542,0.17669902741909027,0.9061166644096375,0.4221906065940857
YBL037W,YKL148C,0,-0.27249277,0.1766500324010849,0.9061166644096375,0.42233285307884216
YMR043W,YPL172C,0,-0.27394956,0.17660105228424072,0.9061166644096375,0.42247509956359863
YBL036C,YOL029C,0,-0.2751348,0.17655210196971893,0.9061166644096375,0.4226173460483551
YLR056W,YIL056W,0,-0.2754839,0.17650318145751953,0.9061166644096375,0.4227595925331116
YDR302W,YIR014W,0,-0.27758962,0.17645429074764252,0.9061166644096375,0.42290183901786804
YMR322C,YNL180C,0,-0.27898294,0.1764054298400879,0.9061166644096375,0.4230440855026245
YDR501W,YDR359C,0,-0.279005,0.17635658383369446,0.9061166644096375,0.423186331987381
YNL317W,YDR166C,0,-0.2791034,0.1763077825307846,0.9061166644096375,0.42332857847213745
YER113C,YNL164C,0,-0.27940375,0.17625899612903595,0.9061166644096375,0.4234708249568939
YDR047W,YER003C,0,-0.27959037,0.17621023952960968,0.9061166644096375,0.4236131012439728
YMR242C,YJR019C,0,-0.27981526,0.1761614978313446,0.9061166644096375,0.42375534772872925
YBL056W,YGL249W,0,-0.2798288,0.1761128008365631,0.9061166644096375,0.4238975942134857
YBL031W,YAR050W,0,-0.28022873,0.1760641187429428,0.9061166644096375,0.4240398406982422
YGR286C,YLL067C,0,-0.28158596,0.1760154664516449,0.9061166644096375,0.42418208718299866
YLL053C,YPL172C,0,-0.28207266,0.17596684396266937,0.9061166644096375,0.4243243336677551
YGR103W,YIL007C,0,-0.28235644,0.17591825127601624,0.9061166644096375,0.4244665801525116
YHR025W,YHR023W,0,-0.28280094,0.17586968839168549,0.9061166644096375,0.42460882663726807
YPR061C,YDR534C,0,-0.2835145,0.17582114040851593,0.9061166644096375,0.42475107312202454
YPL104W,YFL022C,1,-0.28444836,0.17604856193065643,0.9075391292572021,0.42475107312202454
YHR062C,YPL032C,0,-0.28462756,0.17599999904632568,0.9075391292572021,0.424893319606781
YKR075C,YGR078C,0,-0.28488135,0.17595146596431732,0.9075391292572021,0.4250355660915375
YGR003W,YDR545W,0,-0.28541887,0.17590294778347015,0.9075391292572021,0.42517781257629395
YEL038W,YLR284C,0,-0.28747022,0.17585445940494537,0.9075391292572021,0.4253200590610504
YDL220C,YMR135C,0,-0.2892081,0.17580600082874298,0.9075391292572021,0.4254623055458069
YHL050C,YER100W,0,-0.28924367,0.17575757205486298,0.9075391292572021,0.42560455203056335
YGL131C,YOR386W,0,-0.2893622,0.17570917308330536,0.9075391292572021,0.4257467985153198
YJR075W,YNL116W,0,-0.28963327,0.17566078901290894,0.9075391292572021,0.4258890450000763
YOL130W,YPR057W,0,-0.29019558,0.1756124347448349,0.9075391292572021,0.42603129148483276
YOR372C,YAR042W,0,-0.290955,0.17556411027908325,0.9075391292572021,0.42617353796958923
YLR175W,YPL227C,0,-0.29100418,0.175515815615654,0.9075391292572021,0.4263157844543457
YGR189C,YER112W,0,-0.29156134,0.17546755075454712,0.9075391292572021,0.4264580309391022
YBR012W-B,YOR367W,0,-0.2917643,0.17541930079460144,0.9075391292572021,0.42660027742385864
YGR014W,YPR164W,0,-0.2934946,0.17537108063697815,0.9075391292572021,0.4267425239086151
YDR121W,YER141W,0,-0.2949881,0.17532289028167725,0.9075391292572021,0.4268847703933716
YFR003C,YDR031W,0,-0.29633212,0.17527472972869873,0.9075391292572021,0.42702701687812805
YDR052C,YBL051C,0,-0.29694104,0.1752265840768814,0.9075391292572021,0.4271692633628845
YIL125W,YKL158W,0,-0.2994382,0.17517846822738647,0.9075391292572021,0.427311509847641
YDR252W,YBL022C,0,-0.30079553,0.17513038218021393,0.9075391292572021,0.42745375633239746
YCR073C,YIL008W,0,-0.30142468,0.17508232593536377,0.9075391292572021,0.42759600281715393
YOR100C,YPR134W,0,-0.30190593,0.175034299492836,0.9075391292572021,0.4277382791042328
YJR029W,YKL065C,0,-0.3023708,0.17498628795146942,0.9075391292572021,0.42788052558898926
YAL007C,YNL076W,0,-0.3026588,0.17493830621242523,0.9075391292572021,0.4280227720737457
YLR095C,YIL098C,0,-0.30284274,0.17489035427570343,0.9075391292572021,0.4281650185585022
YHL026C,YLR109W,0,-0.3032968,0.17484241724014282,0.9075391292572021,0.42830726504325867
YLR070C,YGR038C-B,0,-0.30343175,0.1747945249080658,0.9075391292572021,0.42844951152801514
YDR372C,YDR267C,0,-0.30444616,0.17474664747714996,0.9075391292572021,0.4285917580127716
YHR007C,YBL017C,0,-0.3044563,0.17469879984855652,0.9075391292572021,0.4287340044975281
YEL060C,YLL014W,0,-0.30563974,0.17465096712112427,0.9075391292572021,0.42887625098228455
YOR306C,YLR364W,0,-0.3059047,0.1746031790971756,0.9075391292572021,0.429018497467041
YFL061W,YDR398W,0,-0.30718392,0.17455540597438812,0.9075391292572021,0.4291607439517975
YPL154C,YHR098C,0,-0.30739212,0.17450766265392303,0.9075391292572021,0.42930299043655396
YBR203W,YLR421C,0,-0.30754524,0.17445993423461914,0.9075391292572021,0.4294452369213104
YPR033C,YGR185C,1,-0.3096053,0.17468562722206116,0.9089615941047668,0.4294452369213104
YGL070C,YGL185C,0,-0.3115099,0.17463788390159607,0.9089615941047668,0.4295874834060669
YBR215W,YER143W,0,-0.3123896,0.17459017038345337,0.9089615941047668,0.42972972989082336
YAL026C,YOR016C,0,-0.31275678,0.17454247176647186,0.9089615941047668,0.42987197637557983
YGR161C-D,YBL030C,0,-0.31307408,0.17449481785297394,0.9089615941047668,0.4300142228603363
YBR191W,YHR086W,0,-0.31319863,0.1744471788406372,0.9089615941047668,0.4301564693450928
YGL147C,YKR060W,0,-0.31457323,0.17439956963062286,0.9089615941047668,0.43029871582984924
YGR161C-D,YHR172W,0,-0.31534332,0.17435197532176971,0.9089615941047668,0.4304409623146057
YAL001C,YOR256C,0,-0.31578362,0.17430442571640015,0.9089615941047668,0.4305832087993622
YDL020C,YPR169W,0,-0.31611907,0.17425689101219177,0.9089615941047668,0.43072545528411865
YDR279W,YML031W,0,-0.31663734,0.1742093712091446,0.9089615941047668,0.4308677017688751
YOR066W,YPL181W,0,-0.3187715,0.174161896109581,0.9089615941047668,0.4310099482536316
YOL029C,YDR297W,0,-0.32013917,0.1741144359111786,0.9089615941047668,0.43115219473838806
YGL231C,YMR286W,0,-0.32162696,0.17406700551509857,0.9089615941047668,0.43129444122314453
YLR298C,YDL222C,0,-0.32239208,0.17401960492134094,0.9089615941047668,0.431436687707901
YKL211C,YJR049C,0,-0.32275093,0.1739722341299057,0.9089615941047668,0.43157893419265747
YGR062C,YOL128C,0,-0.32293725,0.17392487823963165,0.9089615941047668,0.43172118067741394
YKR092C,YJL151C,0,-0.32320204,0.17387755215168,0.9089615941047668,0.4318634569644928
YBR280C,YPL141C,0,-0.3284576,0.17383025586605072,0.9089615941047668,0.43200570344924927
YLL023C,YDL134C,0,-0.328906,0.17378297448158264,0.9089615941047668,0.43214794993400574
YCR077C,YNL116W,0,-0.32953325,0.17373572289943695,0.9089615941047668,0.4322901964187622
YGR234W,YHL016C,0,-0.32974803,0.17368850111961365,0.9089615941047668,0.4324324429035187
YNR049C,YIL023C,0,-0.33195,0.17364130914211273,0.9089615941047668,0.43257468938827515
YBR280C,YGL175C,0,-0.3322078,0.173594132065773,0.9089615941047668,0.4327169358730316
YBR180W,YAR070W-A,0,-0.33229923,0.17354698479175568,0.9089615941047668,0.4328591823577881
YAL058W,YDL056W,0,-0.3326732,0.17349986732006073,0.9089615941047668,0.43300142884254456
YDR315C,YGL087C,0,-0.33332458,0.17345276474952698,0.9089615941047668,0.433143675327301
YPR054W,YBR049C,0,-0.33447564,0.1734056919813156,0.9089615941047668,0.4332859218120575
YNL194C,YDL159W,0,-0.33461595,0.17335864901542664,0.9089615941047668,0.43342816829681396
YMR163C,YDR122W,0,-0.33581161,0.17331163585186005,0.9089615941047668,0.43357041478157043
YDL030W,YPL236C,0,-0.33619934,0.17326463758945465,0.9089615941047668,0.4337126612663269
YDL123W,YML024W,0,-0.3363015,0.17321766912937164,0.9089615941047668,0.4338549077510834
YCR033W,YMR192W,0,-0.33679032,0.17317073047161102,0.9089615941047668,0.43399715423583984
YCR063W,YCR058C,0,-0.33724487,0.1731238216161728,0.9089615941047668,0.4341394007205963
YHR014W,YAL025C,0,-0.33770722,0.17307692766189575,0.9089615941047668,0.4342816472053528
YJL179W,YHR178W,0,-0.3377775,0.1730300635099411,0.9089615941047668,0.43442389369010925
YLR323C,YHR036W,0,-0.33791482,0.17298321425914764,0.9089615941047668,0.4345661401748657
YDL141W,YDR127W,0,-0.33869612,0.17293639481067657,0.9089615941047668,0.4347083866596222
YOR057W,YDL137W,0,-0.33918336,0.1728896051645279,0.9089615941047668,0.43485063314437866
YNR056C,YER044C-A,0,-0.34232837,0.1728428453207016,0.9089615941047668,0.43499287962913513
YOL011W,YGL115W,0,-0.34521967,0.1727961003780365,0.9089615941047668,0.4351351261138916
YDL109C,YBR084W,0,-0.34581208,0.1727493852376938,0.9089615941047668,0.43527737259864807
YEL011W,YCR075C,0,-0.34622586,0.17270269989967346,0.9089615941047668,0.43541961908340454
YDR437W,YNL336W,0,-0.3467608,0.17265604436397552,0.9089615941047668,0.435561865568161
YML038C,YAR019C,0,-0.3473322,0.17260940372943878,0.9089615941047668,0.4357041120529175
YHR045W,YGL031C,0,-0.34840786,0.17256279289722443,0.9089615941047668,0.43584635853767395
YBR293W,YOR009W,0,-0.3486078,0.17251619696617126,0.9089615941047668,0.4359886348247528
YOL023W,YNR047W,0,-0.34987652,0.1724696308374405,0.9089615941047668,0.4361308813095093
YKL145W,YGL097W,0,-0.350017,0.1724230945110321,0.9089615941047668,0.43627312779426575
YPL160W,YOL097C,1,-0.35008872,0.17264634370803833,0.9103840589523315,0.43627312779426575
YIL124W,YGL064C,0,-0.35145026,0.17259977757930756,0.9103840589523315,0.4364153742790222
YGR080W,YDR394W,0,-0.35231304,0.17255325615406036,0.9103840589523315,0.4365576207637787
YNL272C,YCL048W,0,-0.35546798,0.17250673472881317,0.9103840589523315,0.43669986724853516
YHL015W,YGL168W,0,-0.35549605,0.17246025800704956,0.9103840589523315,0.4368421137332916
YCR009C,YJL167W,0,-0.35587674,0.17241379618644714,0.9103840589523315,0.4369843602180481
YCL069W,YOR252W,0,-0.356538,0.17236736416816711,0.9103840589523315,0.43712660670280457
YIR028W,YIL063C,0,-0.35727894,0.17232094705104828,0.9103840589523315,0.43726885318756104
YDL104C,YGL223C,0,-0.35729098,0.17227455973625183,0.9103840589523315,0.4374110996723175
YJL138C,YKR031C,0,-0.35862225,0.17222820222377777,0.9103840589523315,0.437553346157074
YCR045C,YJL025W,0,-0.36125302,0.1721818745136261,0.9103840589523315,0.43769559264183044
YIL153W,YLR308W,0,-0.3612985,0.17213556170463562,0.9103840589523315,0.4378378391265869
YMR098C,YPR165W,0,-0.36182785,0.17208927869796753,0.9103840589523315,0.4379800856113434
YBR090C-A,YOL144W,0,-0.36223164,0.17204301059246063,0.9103840589523315,0.43812233209609985
YMR195W,YPR141C,0,-0.36252683,0.17199677228927612,0.9103840589523315,0.4382645785808563
YNL134C,YDR477W,0,-0.36585975,0.171950563788414,0.9103840589523315,0.4384068250656128
YHR050W,YER180C,0,-0.36593908,0.17190438508987427,0.9103840589523315,0.43854907155036926
YBR158W,YGL142C,0,-0.3660171,0.17185822129249573,0.9103840589523315,0.43869131803512573
YLR304C,YMR264W,0,-0.36796564,0.17181208729743958,0.9103840589523315,0.4388335645198822
YNR053C,YLL038C,0,-0.36890608,0.17176596820354462,0.9103840589523315,0.43897581100463867
YFR042W,YPL183C,0,-0.369331,0.17171987891197205,0.9103840589523315,0.43911805748939514
YGL061C,YPL237W,0,-0.3697479,0.17167381942272186,0.9103840589523315,0.4392603039741516
YMR247C,YKR048C,0,-0.37145856,0.17162777483463287,0.9103840589523315,0.4394025504589081
YKL141W,YOR229W,0,-0.37224212,0.17158177495002747,0.9103840589523315,0.43954479694366455
YNL112W,YBL075C,0,-0.374859,0.17153577506542206,0.9103840589523315,0.439687043428421
YLR207W,YNR037C,0,-0.37495643,0.17148981988430023,0.9103840589523315,0.4398292899131775
YJR029W,YGR165W,0,-0.3760257,0.1714438796043396,0.9103840589523315,0.43997153639793396
YIL049W,YMR318C,0,-0.37766856,0.17139796912670135,0.9103840589523315,0.4401138126850128
YCL026C-A,YHR080C,0,-0.37779117,0.1713520735502243,0.9103840589523315,0.4402560591697693
YNL091W,YHL020C,0,-0.3779382,0.17130620777606964,0.9103840589523315,0.44039830565452576
YIL099W,YOL121C,0,-0.3817755,0.17126037180423737,0.9103840589523315,0.4405405521392822
YMR050C,YIL050W,0,-0.3819256,0.17121455073356628,0.9103840589523315,0.4406827986240387
YER102W,YOR191W,0,-0.38388884,0.1711687594652176,0.9103840589523315,0.44082504510879517
YLR154W-C,YLR449W,0,-0.38392985,0.17112299799919128,0.9103840589523315,0.44096729159355164
YPL075W,YDL065C,0,-0.38413018,0.17107725143432617,0.9103840589523315,0.4411095380783081
YKR025W,YDR156W,0,-0.3853665,0.17103153467178345,0.9103840589523315,0.4412517845630646
YDR139C,YGL029W,0,-0.38663247,0.17098583281040192,0.9103840589523315,0.44139403104782104
YAL048C,YDL150W,0,-0.38753706,0.17094017565250397,0.9103840589523315,0.4415362775325775
YLR059C,YNL142W,0,-0.38789755,0.1708945333957672,0.9103840589523315,0.441678524017334
YNR056C,YLR427W,0,-0.38954782,0.17084890604019165,0.9103840589523315,0.44182077050209045
YPL126W,YDL174C,0,-0.38962924,0.17080330848693848,0.9103840589523315,0.4419630169868469
YKL051W,YDR256C,0,-0.39014524,0.1707577407360077,0.9103840589523315,0.4421052634716034
YDR441C,YGR161C-C,0,-0.3910011,0.1707121878862381,0.9103840589523315,0.44224750995635986
YMR048W,YPL143W,0,-0.39142263,0.1706666648387909,0.9103840589523315,0.44238975644111633
YPL072W,YDR103W,0,-0.39160675,0.17062117159366608,0.9103840589523315,0.4425320029258728
YJL158C,YOR322C,0,-0.39161122,0.17057569324970245,0.9103840589523315,0.4426742494106293
YOR090C,YMR150C,0,-0.39263034,0.17053024470806122,0.9103840589523315,0.44281649589538574
YHR091C,YDR069C,0,-0.39325768,0.17048481106758118,0.9103840589523315,0.4429587423801422
YPR098C,YGR027W-A,0,-0.39368695,0.17043940722942352,0.9103840589523315,0.4431009888648987
YGR154C,YIL124W,0,-0.39463934,0.17039403319358826,0.9103840589523315,0.44324323534965515
YPL091W,YDR259C,0,-0.39529932,0.17034868896007538,0.9103840589523315,0.4433854818344116
YGR128C,YFR010W,0,-0.39602894,0.1703033596277237,0.9103840589523315,0.4435277283191681
YGR104C,YGL061C,0,-0.3963228,0.1702580451965332,0.9103840589523315,0.44366997480392456
YMR133W,YHR129C,0,-0.39640525,0.1702127605676651,0.9103840589523315,0.44381222128868103
YHR215W,YGL139W,0,-0.39714688,0.17016750574111938,0.9103840589523315,0.4439544677734375
YMR029C,YAL011W,0,-0.3977865,0.17012228071689606,0.9103840589523315,0.44409671425819397
YNL162W,YDR011W,0,-0.39928988,0.17007707059383392,0.9103840589523315,0.4442389905452728
YDR524C,YNL287W,0,-0.40001416,0.17003187537193298,0.9103840589523315,0.4443812370300293
YDR075W,YKL212W,0,-0.40006244,0.16998672485351562,0.9103840589523315,0.44452348351478577
YIL022W,YGL227W,0,-0.40079373,0.16994158923625946,0.9103840589523315,0.44466572999954224
YDR270W,YNL254C,0,-0.40137666,0.1698964685201645,0.9103840589523315,0.4448079764842987
YGR138C,YHL013C,0,-0.40153953,0.1698513776063919,0.9103840589523315,0.4449502229690552
YBL100W-B,YNL310C,0,-0.40344673,0.1698063164949417,0.9103840589523315,0.44509246945381165
YGL189C,YAL007C,0,-0.40350676,0.1697612702846527,0.9103840589523315,0.4452347159385681
YDL101C,YOR060C,0,-0.40574828,0.1697162538766861,0.9103840589523315,0.4453769624233246
YLL023C,YNL135C,0,-0.40638512,0.16967126727104187,0.9103840589523315,0.44551920890808105
YKL213C,YER099C,0,-0.40762192,0.16962629556655884,0.9103840589523315,0.4456614553928375
YOR018W,YLR417W,0,-0.40804827,0.169581338763237,0.9103840589523315,0.445803701877594
YFL035C-A,YNL135C,0,-0.40892172,0.16953642666339874,0.9103840589523315,0.44594594836235046
YOR344C,YGL040C,0,-0.40901858,0.16949152946472168,0.9103840589523315,0.44608819484710693
YLR077W,YDR324C,0,-0.40914804,0.1694466471672058,0.9103840589523315,0.4462304413318634
YER089C,YOR373W,0,-0.4103366,0.16940179467201233,0.9103840589523315,0.4463726878166199
YPL280W,YDR287W,0,-0.41087422,0.16935697197914124,0.9103840589523315,0.44651493430137634
YDR489W,YOL103W-A,0,-0.41134572,0.16931216418743134,0.9103840589523315,0.4466571807861328
YIL041W,YKL148C,0,-0.4119196,0.16926738619804382,0.9103840589523315,0.4467994272708893
YDR261W-B,YIR012W,0,-0.4135946,0.1692226380109787,0.9103840589523315,0.44694167375564575
YPR178W,YGR262C,0,-0.41546816,0.16917790472507477,0.9103840589523315,0.4470839202404022
YER012W,YDR113C,0,-0.41572183,0.16913318634033203,0.9103840589523315,0.4472261667251587
YOR120W,YLR064W,0,-0.41884184,0.16908851265907288,0.9103840589523315,0.44736841320991516
YBR273C,YCR040W,0,-0.41964155,0.16904383897781372,0.9103840589523315,0.44751065969467163
YDR463W,YHR172W,0,-0.4198116,0.16899921000003815,0.9103840589523315,0.4476529061794281
YGR264C,YGR185C,1,-0.42032897,0.16921858489513397,0.9118065237998962,0.4476529061794281
YHR011W,YPL156C,0,-0.42110503,0.169173926115036,0.9118065237998962,0.44779515266418457
YNR036C,YAL009W,0,-0.42403618,0.16912928223609924,0.9118065237998962,0.44793739914894104
YBR078W,YKR003W,0,-0.42417312,0.16908466815948486,0.9118065237998962,0.4480796456336975
YNL156C,YLR186W,0,-0.4243357,0.16904008388519287,0.9118065237998962,0.448221892118454
YKR085C,YDR384C,0,-0.424798,0.16899551451206207,0.9118065237998962,0.44836416840553284
YJL208C,YNL311C,0,-0.4258628,0.16895097494125366,0.9118065237998962,0.4485064148902893
YDL067C,YNL167C,0,-0.4276765,0.16890645027160645,0.9118065237998962,0.4486486613750458
YBL016W,YJR007W,0,-0.4280564,0.16886195540428162,0.9118065237998962,0.44879090785980225
YDR406W,YDL004W,0,-0.42841196,0.16881749033927917,0.9118065237998962,0.4489331543445587
YOL002C,YJL062W,0,-0.42895937,0.16877304017543793,0.9118065237998962,0.4490754008293152
YLR327C,YOR252W,0,-0.43143106,0.16872861981391907,0.9118065237998962,0.44921764731407166
YMR139W,YGR277C,0,-0.43399563,0.1686842143535614,0.9118065237998962,0.4493598937988281
YBR023C,YDR034C-D,0,-0.43434402,0.16863983869552612,0.9118065237998962,0.4495021402835846
YPR068C,YGR284C,0,-0.43516883,0.16859547793865204,0.9118065237998962,0.44964438676834106
YKL024C,YDR399W,0,-0.4357822,0.16855114698410034,0.9118065237998962,0.44978663325309753
YKL129C,YLR332W,0,-0.43699276,0.16850683093070984,0.9118065237998962,0.449928879737854
YPL228W,YMR014W,0,-0.43722573,0.16846254467964172,0.9118065237998962,0.4500711262226105
YNL059C,YMR040W,0,-0.43787563,0.168418288230896,0.9118065237998962,0.45021337270736694
YDR189W,YKL148C,0,-0.43808147,0.16837404668331146,0.9118065237998962,0.4503556191921234
YMR058W,YNL030W,0,-0.43906635,0.16832983493804932,0.9118065237998962,0.4504978656768799
YBR253W,YJL204C,0,-0.44023395,0.16828563809394836,0.9118065237998962,0.45064011216163635
YOL023W,YER020W,0,-0.4403134,0.1682414710521698,0.9118065237998962,0.4507823586463928
YPL270W,YER184C,0,-0.44032836,0.16819731891155243,0.9118065237998962,0.4509246051311493
YBL016W,YKR093W,0,-0.4419918,0.16815319657325745,0.9118065237998962,0.45106685161590576
YIL062C,YOR155C,0,-0.44207558,0.16810910403728485,0.9118065237998962,0.45120909810066223
YNL305C,YMR047C,0,-0.4421683,0.16806502640247345,0.9118065237998962,0.4513513445854187
YNL300W,YDL231C,0,-0.4440744,0.16802096366882324,0.9118065237998962,0.45149359107017517
YPL116W,YMR015C,0,-0.44415593,0.16797694563865662,0.9118065237998962,0.45163583755493164
YNL323W,YOR130C,0,-0.4441688,0.16793292760849,0.9118065237998962,0.4517780840396881
YDR437W,YDR080W,0,-0.4464251,0.16788895428180695,0.9118065237998962,0.4519203305244446
YMR231W,YNR038W,0,-0.44647646,0.1678449809551239,0.9118065237998962,0.45206257700920105
YDR166C,YLR398C,0,-0.44661784,0.16780105233192444,0.9118065237998962,0.4522048234939575
YCR017C,YCL031C,0,-0.4481281,0.16775713860988617,0.9118065237998962,0.452347069978714
YER029C,YLR138W,0,-0.44827777,0.1677132397890091,0.9118065237998962,0.45248934626579285
YNL275W,YGR024C,0,-0.44846225,0.1676693707704544,0.9118065237998962,0.4526315927505493
YDR463W,YLR178C,0,-0.448786,0.1676255166530609,0.9118065237998962,0.4527738392353058
YLR371W,YOL152W,0,-0.4519801,0.1675816923379898,0.9118065237998962,0.45291608572006226
YOR267C,YDR155C,0,-0.4526383,0.1675378978252411,0.9118065237998962,0.4530583322048187
YJL097W,YJL174W,0,-0.45291555,0.16749411821365356,0.9118065237998962,0.4532005786895752
YKL035W,YCR058C,0,-0.45353138,0.16745036840438843,0.9118065237998962,0.45334282517433167
YNL180C,YNL158W,0,-0.45476234,0.16740663349628448,0.9118065237998962,0.45348507165908813
YER030W,YCL016C,0,-0.4560114,0.16736292839050293,0.9118065237998962,0.4536273181438446
YMR287C,YNL116W,0,-0.45619345,0.16731923818588257,0.9118065237998962,0.4537695646286011
YBL099W,YLR433C,0,-0.45753223,0.1672755777835846,0.9118065237998962,0.45391181111335754
YMR199W,YOR273C,0,-0.45971453,0.16723193228244781,0.9118065237998962,0.454054057598114
YDR268W,YHR214C-C,0,-0.459868,0.16718831658363342,0.9118065237998962,0.4541963040828705
YDR213W,YGR075C,0,-0.460832,0.16714471578598022,0.9118065237998962,0.45433855056762695
YBR191W,YLR438C-A,0,-0.46107137,0.16710114479064941,0.9118065237998962,0.4544807970523834
YKL058W,YKL027W,0,-0.4615892,0.167057603597641,0.9118065237998962,0.4546230435371399
YJR084W,YDL100C,0,-0.4625318,0.16701406240463257,0.9118065237998962,0.45476529002189636
YBR023C,YIR026C,0,-0.46258485,0.16697056591510773,0.9118065237998962,0.45490753650665283
YLR102C,YNR051C,0,-0.46289134,0.16692708432674408,0.9118065237998962,0.4550497829914093
YGR200C,YLR035C-A,0,-0.46300146,0.16688361763954163,0.9118065237998962,0.45519202947616577
YDR200C,YLR136C,0,-0.4636426,0.16684018075466156,0.9118065237998962,0.45533427596092224
YJL156C,YJR054W,0,-0.46365327,0.16679677367210388,0.9118065237998962,0.4554765224456787
YKR050W,YBR239C,0,-0.46534294,0.1667533814907074,0.9118065237998962,0.4556187689304352
YPR174C,YKR077W,0,-0.4658308,0.1667100191116333,0.9118065237998962,0.45576101541519165
YML046W,YML058W,0,-0.4665079,0.1666666716337204,0.9118065237998962,0.4559032618999481
YNL180C,YMR158W,0,-0.466788,0.1666233390569687,0.9118065237998962,0.4560455083847046
YOR362C,YML013W,0,-0.46692473,0.16658003628253937,0.9118065237998962,0.45618775486946106
YHR190W,YPL258C,0,-0.46749553,0.16653676331043243,0.9118065237998962,0.45633000135421753
YDR021W,YER160C,0,-0.4685363,0.1664935052394867,0.9118065237998962,0.456472247838974
YJR068W,YBR146W,0,-0.46860662,0.16645027697086334,0.9118065237998962,0.45661452412605286
YER091C,YGR286C,0,-0.4691713,0.16640706360340118,0.9118065237998962,0.4567567706108093
YCR081W,YHR210C,0,-0.4696054,0.16636386513710022,0.9118065237998962,0.4568990170955658
YNL224C,YJR145C,0,-0.4706107,0.16632071137428284,0.9118065237998962,0.45704126358032227
YCL066W,YDR020C,0,-0.4723937,0.16627755761146545,0.9118065237998962,0.45718351006507874
YHR080C,YOR228C,0,-0.4725523,0.16623443365097046,0.9118065237998962,0.4573257565498352
YNL106C,YMR291W,0,-0.47359985,0.16619133949279785,0.9118065237998962,0.4574680030345917
YOR004W,YML101C,0,-0.47398755,0.16614826023578644,0.9118065237998962,0.45761024951934814
YDL178W,YKR025W,0,-0.47439557,0.1661052107810974,0.9118065237998962,0.4577524960041046
YDR471W,YBL054W,0,-0.47487864,0.16606217622756958,0.9118065237998962,0.4578947424888611
YPR033C,YBL076C,1,-0.4759329,0.1662781685590744,0.9132290482521057,0.4578947424888611
YCR073C,YJL151C,0,-0.47600883,0.16623510420322418,0.9132290482521057,0.45803698897361755
YGR277C,YCR021C,0,-0.4768066,0.16619208455085754,0.9132290482521057,0.458179235458374
YEL055C,YLR060W,0,-0.47870797,0.1661490648984909,0.9132290482521057,0.4583214819431305
YPR081C,YER087W,1,-0.4788664,0.16636481881141663,0.9146515130996704,0.4583214819431305
YNL152W,YMR313C,0,-0.47888437,0.1663217842578888,0.9146515130996704,0.45846372842788696
YKR034W,YOL065C,0,-0.47991052,0.16627876460552216,0.9146515130996704,0.45860597491264343
YPL057C,YPL031C,0,-0.48099136,0.1662357747554779,0.9146515130996704,0.4587482213973999
YJL010C,YBR060C,0,-0.48117462,0.16619281470775604,0.9146515130996704,0.45889046788215637
YLR196W,YFR007W,0,-0.48207352,0.16614986956119537,0.9146515130996704,0.45903271436691284
YMR101C,YPR073C,0,-0.4827711,0.1661069542169571,0.9146515130996704,0.4591749608516693
YBR254C,YML087C,0,-0.48439854,0.16606405377388,0.9146515130996704,0.4593172073364258
YDR202C,YGL001C,0,-0.4854526,0.1660211682319641,0.9146515130996704,0.45945945382118225
YDR127W,YPL207W,0,-0.48722076,0.1659783124923706,0.9146515130996704,0.4596017003059387
YER012W,YDR092W,0,-0.48783156,0.1659354865550995,0.9146515130996704,0.4597439467906952
YNL031C,YDR121W,0,-0.48942357,0.16589267551898956,0.9146515130996704,0.45988619327545166
YGR215W,YOR312C,0,-0.48968172,0.16584987938404083,0.9146515130996704,0.46002843976020813
YPR033C,YER087W,1,-0.48988998,0.16606497764587402,0.9160739779472351,0.46002843976020813
YIL039W,YGL031C,0,-0.49034995,0.1660221666097641,0.9160739779472351,0.4601706862449646
YJR056C,YPL206C,0,-0.49050158,0.16597938537597656,0.9160739779472351,0.46031293272972107
YLL035W,YDL153C,0,-0.49157858,0.16593661904335022,0.9160739779472351,0.46045517921447754
YIR002C,YDR073W,0,-0.49163002,0.16589386761188507,0.9160739779472351,0.460597425699234
YIL036W,YKR009C,0,-0.49173057,0.1658511459827423,0.9160739779472351,0.4607396721839905
YCR073C,YKR042W,0,-0.4921835,0.16580843925476074,0.9160739779472351,0.46088194847106934
YOL006C,YBR050C,0,-0.49297965,0.16576576232910156,0.9160739779472351,0.4610241949558258
YNL113W,YDR150W,0,-0.49426627,0.16572311520576477,0.9160739779472351,0.4611664414405823
YDR189W,YER032W,0,-0.49526668,0.16568046808242798,0.9160739779472351,0.46130868792533875
YLR116W,YNL066W,0,-0.49605036,0.16563786566257477,0.9160739779472351,0.4614509344100952
YDL204W,YBR045C,0,-0.4977707,0.16559526324272156,0.9160739779472351,0.4615931808948517
YHR152W,YPR034W,0,-0.49859178,0.16555270552635193,0.9160739779472351,0.46173542737960815
YHR032W,YPL049C,0,-0.49897438,0.1655101478099823,0.9160739779472351,0.4618776738643646
YJL204C,YDL146W,0,-0.5007257,0.16546761989593506,0.9160739779472351,0.4620199203491211
YIL168W,YGL115W,0,-0.5026083,0.1654251217842102,0.9160739779472351,0.46216216683387756
YPL253C,YEL019C,0,-0.50272256,0.16538263857364655,0.9160739779472351,0.46230441331863403
YMR106C,YGR194C,0,-0.5028682,0.16534018516540527,0.9160739779472351,0.4624466598033905
YGR048W,YMR015C,0,-0.50377715,0.1652977466583252,0.9160739779472351,0.462588906288147
YHR019C,YGR185C,1,-0.5047059,0.16551193594932556,0.9174964427947998,0.462588906288147
YOR381W,YCR018C,0,-0.5050398,0.1654694676399231,0.9174964427947998,0.46273115277290344
YOR132W,YPL123C,0,-0.50539273,0.16542702913284302,0.9174964427947998,0.4628733992576599
YLL062C,YDL099W,0,-0.5060085,0.16538462042808533,0.9174964427947998,0.4630156457424164
YIL039W,YIL014W,0,-0.50839937,0.16534222662448883,0.9174964427947998,0.46315789222717285
YPL006W,YCR020W-B,0,-0.5098051,0.16529984772205353,0.9174964427947998,0.4633001387119293
YOR278W,YHR143W,0,-0.5113478,0.1652574986219406,0.9174964427947998,0.4634423851966858
YPL183C,YPL266W,0,-0.5114717,0.1652151644229889,0.9174964427947998,0.46358463168144226
YFL026W,YDL103C,0,-0.5149404,0.16517286002635956,0.9174964427947998,0.46372687816619873
YPL003W,YDR237W,0,-0.515621,0.16513057053089142,0.9174964427947998,0.4638691246509552
YOR254C,YKR096W,0,-0.5165205,0.16508829593658447,0.9174964427947998,0.46401137113571167
YLR342W,YPR164W,0,-0.51653576,0.1650460660457611,0.9174964427947998,0.46415361762046814
YGR284C,YOR354C,0,-0.51829153,0.16500383615493774,0.9174964427947998,0.4642958641052246
YGR172C,YDL056W,0,-0.5196717,0.16496163606643677,0.9174964427947998,0.4644381105899811
YBR142W,YGL157W,0,-0.5219492,0.16491945087909698,0.9174964427947998,0.46458035707473755
YNL067W,YPL017C,0,-0.5219632,0.1648772954940796,0.9174964427947998,0.464722603559494
YDR309C,YHR205W,0,-0.52203107,0.16483516991138458,0.9174964427947998,0.4648648500442505
YOR288C,YPL145C,0,-0.523603,0.16479304432868958,0.9174964427947998,0.46500712633132935
YER053C-A,YMR163C,0,-0.5238098,0.16475096344947815,0.9174964427947998,0.4651493728160858
YBR210W,YML092C,0,-0.52490956,0.16470888257026672,0.9174964427947998,0.4652916193008423
YBR296C,YPL225W,0,-0.5264303,0.16466683149337769,0.9174964427947998,0.46543386578559875
YML029W,YIR004W,0,-0.5278397,0.16462481021881104,0.9174964427947998,0.4655761122703552
YDR256C,YDL042C,0,-0.52877665,0.16458280384540558,0.9174964427947998,0.4657183587551117
YNL199C,YKL006W,0,-0.5295939,0.16454081237316132,0.9174964427947998,0.46586060523986816
YDR308C,YLR054C,0,-0.52981246,0.16449885070323944,0.9174964427947998,0.46600285172462463
YOL009C,YPL210C,0,-0.5303357,0.16445690393447876,0.9174964427947998,0.4661450982093811
YDR322W,YDR469W,0,-0.5303391,0.16441498696804047,0.9174964427947998,0.4662873446941376
YML074C,YDL058W,0,-0.5304688,0.16437308490276337,0.9174964427947998,0.46642959117889404
YDR225W,YMR128W,0,-0.5305779,0.16433121263980865,0.9174964427947998,0.4665718376636505
YBR207W,YGR209C,0,-0.53088117,0.16428935527801514,0.9174964427947998,0.466714084148407
YAR009C,YOL034W,0,-0.5321068,0.1642475128173828,0.9174964427947998,0.46685633063316345
YML031W,YLR099C,0,-0.5336838,0.16420570015907288,0.9174964427947998,0.4669985771179199
YDL156W,YDL232W,0,-0.5342585,0.16416390240192413,0.9174964427947998,0.4671408236026764
YIL167W,YKR061W,0,-0.53435856,0.16412213444709778,0.9174964427947998,0.46728307008743286
YGR170W,YMR119W,0,-0.5346107,0.16408038139343262,0.9174964427947998,0.46742531657218933
YJL093C,YBR079C,0,-0.5347445,0.16403865814208984,0.9174964427947998,0.4675675630569458
YAL012W,YJR139C,0,-0.5348609,0.16399694979190826,0.9174964427947998,0.46770980954170227
YOR278W,YDR465C,0,-0.5379089,0.16395525634288788,0.9174964427947998,0.46785205602645874
YNL062C,YGL211W,0,-0.5393733,0.16391359269618988,0.9174964427947998,0.4679943025112152
YJL162C,YMR286W,0,-0.53941774,0.16387194395065308,0.9174964427947998,0.4681365489959717
YOR156C,YLR061W,0,-0.5398324,0.16383032500743866,0.9174964427947998,0.46827879548072815
YDR324C,YCL061C,0,-0.54002106,0.16378872096538544,0.9174964427947998,0.4684210419654846
YPR061C,YJL074C,0,-0.54027236,0.1637471467256546,0.9174964427947998,0.4685632884502411
YKR088C,YDR224C,0,-0.54138315,0.16370558738708496,0.9174964427947998,0.46870553493499756
YPL132W,YOR233W,0,-0.54194665,0.1636640429496765,0.9174964427947998,0.46884778141975403
YIL167W,YGL119W,0,-0.54220724,0.16362252831459045,0.9174964427947998,0.4689900279045105
YOR080W,YNL315C,0,-0.5422262,0.1635810285806656,0.9174964427947998,0.46913230419158936
YMR287C,YLL053C,0,-0.54344213,0.1635395586490631,0.9174964427947998,0.4692745506763458
YCR017C,YKR067W,0,-0.54445136,0.16349810361862183,0.9174964427947998,0.4694167971611023
YGL099W,YDR006C,0,-0.54476535,0.16345666348934174,0.9174964427947998,0.46955904364585876
YGR059W,YHR120W,0,-0.5472668,0.16341525316238403,0.9174964427947998,0.46970129013061523
YER091C,YBR286W,0,-0.5477888,0.16337385773658752,0.9174964427947998,0.4698435366153717
YBL063W,YKR089C,0,-0.5494065,0.1633324921131134,0.9174964427947998,0.4699857831001282
YJL063C,YHR216W,0,-0.5508073,0.16329114139080048,0.9174964427947998,0.47012802958488464
YHR072W-A,YML023C,0,-0.5515341,0.16324980556964874,0.9174964427947998,0.4702702760696411
YGR067C,YOR125C,0,-0.55210185,0.1632084995508194,0.9174964427947998,0.4704125225543976
YGR023W,YNL206C,0,-0.5531683,0.16316720843315125,0.9174964427947998,0.47055476903915405
YEL055C,YNR016C,0,-0.55394435,0.16312594711780548,0.9174964427947998,0.4706970155239105
YNL007C,YMR171C,0,-0.55489635,0.1630847007036209,0.9174964427947998,0.470839262008667
YBL019W,YGL121C,0,-0.5552548,0.16304348409175873,0.9174964427947998,0.47098150849342346
YMR153W,YGR030C,0,-0.55565023,0.16300226747989655,0.9174964427947998,0.47112375497817993
YLR148W,YDL214C,0,-0.55735993,0.16296109557151794,0.9174964427947998,0.4712660014629364
YBL050W,YLR096W,0,-0.5581849,0.16291992366313934,0.9174964427947998,0.47140824794769287
YFL005W,YGR163W,0,-0.55873424,0.16287878155708313,0.9174964427947998,0.47155049443244934
YGL070C,YDR073W,0,-0.5594146,0.1628376692533493,0.9174964427947998,0.4716927409172058
YPL104W,YGR171C,1,-0.5606419,0.16304896771907806,0.9189189076423645,0.4716927409172058
YIR009W,YMR158W,0,-0.5610353,0.16300782561302185,0.9189189076423645,0.4718349874019623
YOR346W,YOL100W,0,-0.5610374,0.16296669840812683,0.9189189076423645,0.47197723388671875
YGR048W,YLR427W,0,-0.561064,0.1629256010055542,0.9189189076423645,0.4721194803714752
YBR244W,YHR090C,0,-0.56200045,0.16288451850414276,0.9189189076423645,0.4722617268562317
YBR273C,YDR184C,0,-0.5620332,0.1628434658050537,0.9189189076423645,0.47240397334098816
YBL024W,YKL198C,0,-0.5642874,0.16280241310596466,0.9189189076423645,0.47254621982574463
YLR239C,YGR184C,0,-0.564294,0.1627614051103592,0.9189189076423645,0.4726884663105011
YOR026W,YGR224W,0,-0.56490993,0.16272039711475372,0.9189189076423645,0.47283071279525757
YPL095C,YPL159C,0,-0.5661986,0.16267941892147064,0.9189189076423645,0.47297295928001404
YPL186C,YBR290W,0,-0.567636,0.16263847053050995,0.9189189076423645,0.4731152057647705
YJL093C,YGR203W,0,-0.5681608,0.16259753704071045,0.9189189076423645,0.47325748205184937
YFR032C-A,YMR002W,0,-0.56854945,0.16255661845207214,0.9189189076423645,0.47339972853660583
YPL152W,YBR098W,0,-0.5689031,0.16251572966575623,0.9189189076423645,0.4735419750213623
YIL019W,YBR279W,0,-0.5702908,0.1624748557806015,0.9189189076423645,0.4736842215061188
YLR355C,YML048W,0,-0.57052624,0.16243399679660797,0.9189189076423645,0.47382646799087524
YJR152W,YLR034C,0,-0.5708146,0.16239316761493683,0.9189189076423645,0.4739687144756317
YPL090C,YFL031W,0,-0.5720061,0.16235235333442688,0.9189189076423645,0.4741109609603882
YBL009W,YAL041W,0,-0.5733929,0.16231155395507812,0.9189189076423645,0.47425320744514465
YDR284C,YOL127W,0,-0.57352257,0.16227078437805176,0.9189189076423645,0.4743954539299011
YJR029W,YER028C,0,-0.5754955,0.16223002970218658,0.9189189076423645,0.4745377004146576
YLR215C,YPL257W-A,0,-0.5756364,0.1621893048286438,0.9189189076423645,0.47467994689941406
YMR312W,YLR345W,0,-0.5762681,0.1621485948562622,0.9189189076423645,0.47482219338417053
YFL025C,YBR168W,0,-0.5766051,0.1621078997850418,0.9189189076423645,0.474964439868927
YIL069C,YGL020C,0,-0.5768043,0.1620672345161438,0.9189189076423645,0.47510668635368347
YNL300W,YIL087C,0,-0.577693,0.16202658414840698,0.9189189076423645,0.47524893283843994
YKR010C,YNL115C,0,-0.5781557,0.16198596358299255,0.9189189076423645,0.4753911793231964
YGL016W,YAL013W,0,-0.578431,0.16194534301757812,0.9189189076423645,0.4755334258079529
YMR251W-A,YNL191W,0,-0.5787755,0.16190476715564728,0.9189189076423645,0.47567567229270935
YDL112W,YMR201C,0,-0.5791195,0.16186419129371643,0.9189189076423645,0.4758179187774658
YFL029C,YJL143W,0,-0.5802303,0.16182364523410797,0.9189189076423645,0.4759601652622223
YAL009W,YNL325C,0,-0.5813608,0.1617831140756607,0.9189189076423645,0.47610241174697876
YJR041C,YOR067C,0,-0.58181596,0.16174261271953583,0.9189189076423645,0.47624465823173523
YKR095W,YMR311C,0,-0.5819233,0.16170212626457214,0.9189189076423645,0.4763869047164917
YDR038C,YOL077C,0,-0.58287734,0.16166165471076965,0.9189189076423645,0.47652915120124817
YDR202C,YDR447C,0,-0.5847504,0.16162121295928955,0.9189189076423645,0.47667139768600464
YBR004C,YDL164C,0,-0.5848863,0.16158078610897064,0.9189189076423645,0.4768136441707611
YNR036C,YDL056W,0,-0.5862943,0.16154038906097412,0.9189189076423645,0.4769558906555176
YGR217W,YCL061C,0,-0.5865574,0.1615000069141388,0.9189189076423645,0.47709813714027405
YAL042W,YDR056C,0,-0.5877053,0.16145963966846466,0.9189189076423645,0.4772403836250305
YLR378C,YLL018C-A,0,-0.58841026,0.16141928732395172,0.9189189076423645,0.4773826599121094
YCR096C,YLR143W,0,-0.5888531,0.16137896478176117,0.9189189076423645,0.47752490639686584
YPL074W,YML038C,0,-0.58909553,0.1613386571407318,0.9189189076423645,0.4776671528816223
YCR031C,YIL122W,0,-0.5895358,0.16129837930202484,0.9189189076423645,0.4778093993663788
YDR317W,YMR302C,0,-0.5904787,0.16125811636447906,0.9189189076423645,0.47795164585113525
YLR167W,YLR258W,0,-0.5918571,0.16121786832809448,0.9189189076423645,0.4780938923358917
YGL219C,YML040W,0,-0.5919825,0.1611776500940323,0.9189189076423645,0.4782361388206482
YNR011C,YEL061C,0,-0.59339064,0.1611374467611313,0.9189189076423645,0.47837838530540466
YJL145W,YMR104C,0,-0.59501517,0.16109725832939148,0.9189189076423645,0.47852063179016113
YLL022C,YJR094W-A,0,-0.596835,0.16105709969997406,0.9189189076423645,0.4786628782749176
YOL088C,YJR159W,0,-0.5979165,0.16101695597171783,0.9189189076423645,0.4788051247596741
YAL015C,YBL018C,0,-0.5979868,0.1609768271446228,0.9189189076423645,0.47894737124443054
YML061C,YKL127W,0,-0.598134,0.16093672811985016,0.9189189076423645,0.479089617729187
YDR270W,YDR469W,0,-0.5984086,0.1608966439962387,0.9189189076423645,0.4792318642139435
YOR070C,YIL115C,0,-0.59851056,0.16085657477378845,0.9189189076423645,0.47937411069869995
YBR210W,YBR176W,0,-0.59861034,0.16081653535366058,0.9189189076423645,0.4795163571834564
YOR372C,YLR450W,0,-0.6004224,0.1607765108346939,0.9189189076423645,0.4796586036682129
YDL007W,YOR320C,0,-0.6005583,0.16073650121688843,0.9189189076423645,0.47980085015296936
YNL306W,YEL063C,0,-0.6006917,0.16069652140140533,0.9189189076423645,0.47994309663772583
YNR039C,YDL119C,0,-0.601283,0.16065655648708344,0.9189189076423645,0.4800853431224823
YDR334W,YHL047C,0,-0.6025833,0.16061660647392273,0.9189189076423645,0.48022758960723877
YMR202W,YGR148C,0,-0.60406226,0.1605766862630844,0.9189189076423645,0.48036983609199524
YKR096W,YMR055C,0,-0.6041711,0.1605367809534073,0.9189189076423645,0.4805120825767517
YNL139C,YEL038W,0,-0.60443634,0.16049689054489136,0.9189189076423645,0.4806543290615082
YER139C,YPR108W,0,-0.6047787,0.16045702993869781,0.9189189076423645,0.48079657554626465
YGL127C,YKL158W,0,-0.6056434,0.16041718423366547,0.9189189076423645,0.4809388220310211
YBR001C,YJR046W,0,-0.6060399,0.1603773534297943,0.9189189076423645,0.4810810685157776
YPR108W,YEL020W-A,0,-0.60656375,0.16033755242824554,0.9189189076423645,0.48122331500053406
YOR372C,YJL069C,0,-0.6065665,0.16029776632785797,0.9189189076423645,0.4813655614852905
YKL176C,YGL028C,0,-0.60955876,0.1602579951286316,0.9189189076423645,0.4815078377723694
YDR022C,YOR386W,0,-0.6096305,0.1602182537317276,0.9189189076423645,0.48165008425712585
YBR164C,YOR127W,0,-0.6105892,0.1601785272359848,0.9189189076423645,0.4817923307418823
YDR430C,YGR063C,0,-0.6106739,0.1601388156414032,0.9189189076423645,0.4819345772266388
YJL129C,YBL103C,0,-0.6113689,0.16009913384914398,0.9189189076423645,0.48207682371139526
YOR048C,YIL107C,0,-0.6114748,0.16005946695804596,0.9189189076423645,0.48221907019615173
YLR223C,YEL044W,0,-0.6129466,0.16001981496810913,0.9189189076423645,0.4823613166809082
YGL092W,YKL156W,0,-0.61520743,0.1599801927804947,0.9189189076423645,0.4825035631656647
YOL128C,YGR244C,0,-0.61552054,0.15994058549404144,0.9189189076423645,0.48264580965042114
YJR033C,YOL058W,0,-0.61598706,0.1599009931087494,0.9189189076423645,0.4827880561351776
YAL061W,YGL016W,0,-0.6169722,0.15986141562461853,0.9189189076423645,0.4829303026199341
YJR123W,YKL035W,0,-0.61719155,0.15982186794281006,0.9189189076423645,0.48307254910469055
YGR217W,YHR089C,0,-0.61829793,0.15978233516216278,0.9189189076423645,0.483214795589447
YOR389W,YKL008C,0,-0.6188437,0.1597428321838379,0.9189189076423645,0.4833570420742035
YOL033W,YBL076C,1,-0.619671,0.15995055437088013,0.9203413724899292,0.4833570420742035
YOR326W,YML102W,0,-0.6202992,0.15991102159023285,0.9203413724899292,0.48349928855895996
YGL016W,YLR015W,0,-0.62115335,0.15987150371074677,0.9203413724899292,0.48364153504371643
YGL058W,YNR022C,0,-0.6215843,0.15983201563358307,0.9203413724899292,0.4837837815284729
YOL033W,YDR486C,0,-0.6235628,0.15979254245758057,0.9203413724899292,0.48392602801322937
YPL153C,YML040W,0,-0.6238308,0.15975308418273926,0.9203413724899292,0.48406827449798584
YFL026W,YDR302W,0,-0.62425286,0.15971365571022034,0.9203413724899292,0.4842105209827423
YLR172C,YNL046W,0,-0.6251251,0.1596742421388626,0.9203413724899292,0.4843527674674988
YHR160C,YLR035C,0,-0.6254078,0.15963484346866608,0.9203413724899292,0.48449501395225525
YGR254W,YDL154W,0,-0.6257017,0.15959545969963074,0.9203413724899292,0.4846372604370117
YLR414C,YIR017C,0,-0.62670255,0.15955610573291779,0.9203413724899292,0.4847795069217682
YBR005W,YOL092W,0,-0.62743044,0.15951676666736603,0.9203413724899292,0.48492175340652466
YJR052W,YNL039W,0,-0.6275352,0.15947744250297546,0.9203413724899292,0.48506399989128113
YBR181C,YGR096W,0,-0.6277164,0.1594381481409073,0.9203413724899292,0.4852062463760376
YMR323W,YOL097C,0,-0.6279125,0.1593988686800003,0.9203413724899292,0.48534849286079407
YBL024W,YBL097W,0,-0.62799084,0.15935960412025452,0.9203413724899292,0.48549073934555054
YDL014W,YGR094W,0,-0.62831223,0.15932036936283112,0.9203413724899292,0.4856330156326294
YOR375C,YER082C,0,-0.6286453,0.1592811495065689,0.9203413724899292,0.48577526211738586
YFL002W-A,YJL221C,0,-0.62892395,0.1592419445514679,0.9203413724899292,0.48591750860214233
YFL061W,YOR256C,0,-0.6289504,0.15920275449752808,0.9203413724899292,0.4860597550868988
YKL199C,YGR198W,0,-0.6294817,0.15916359424591064,0.9203413724899292,0.4862020015716553
YHR113W,YOR046C,0,-0.62991166,0.1591244488954544,0.9203413724899292,0.48634424805641174
YLR299W,YDL137W,0,-0.6304159,0.15908531844615936,0.9203413724899292,0.4864864945411682
YLR227W-A,YOR267C,0,-0.6331836,0.1590462177991867,0.9203413724899292,0.4866287410259247
YHR201C,YDR424C,0,-0.6332147,0.15900713205337524,0.9203413724899292,0.48677098751068115
YGL038C,YLR066W,0,-0.63566786,0.15896806120872498,0.9203413724899292,0.4869132339954376
YCL033C,YBR234C,0,-0.63579035,0.1589290052652359,0.9203413724899292,0.4870554804801941
YBL025W,YHL013C,0,-0.63597167,0.1588899791240692,0.9203413724899292,0.48719772696495056
YML127W,YCR094W,0,-0.6363733,0.15885096788406372,0.9203413724899292,0.48733997344970703
YER073W,YFL056C,0,-0.63694024,0.15881197154521942,0.9203413724899292,0.4874822199344635
YNL132W,YIL050W,0,-0.6372638,0.1587730050086975,0.9203413724899292,0.48762446641921997
YOR073W,YDR358W,0,-0.6384205,0.1587340533733368,0.9203413724899292,0.48776671290397644
YIL173W,YML029W,0,-0.6384882,0.15869511663913727,0.9203413724899292,0.4879089593887329
YLR423C,YHR123W,0,-0.63931894,0.15865620970726013,0.9203413724899292,0.4880512058734894
YDR078C,YDL019C,0,-0.640182,0.158617302775383,0.9203413724899292,0.48819345235824585
YPR025C,YOR034C,0,-0.6401997,0.15857842564582825,0.9203413724899292,0.4883356988430023
YML029W,YHR107C,0,-0.6408063,0.1585395783185959,0.9203413724899292,0.4884779453277588
YOR030W,YKR027W,0,-0.6420758,0.15850073099136353,0.9203413724899292,0.48862019181251526
YLR189C,YML100W,0,-0.6421572,0.15846191346645355,0.9203413724899292,0.48876243829727173
YBR186W,YHR023W,0,-0.6422442,0.15842311084270477,0.9203413724899292,0.4889046847820282
YCR044C,YNR016C,0,-0.6456867,0.15838433802127838,0.9203413724899292,0.48904693126678467
YJL168C,YMR092C,0,-0.64587206,0.158345565199852,0.9203413724899292,0.48918917775154114
YKR067W,YOL097C,0,-0.64613795,0.15830682218074799,0.9203413724899292,0.4893314242362976
YDL006W,YCR092C,0,-0.646174,0.15826810896396637,0.9203413724899292,0.4894736707210541
YGR171C,YNL073W,1,-0.6464275,0.15847395360469818,0.9217638969421387,0.4894736707210541
YBL097W,YKL125W,0,-0.64703333,0.15843521058559418,0.9217638969421387,0.48961591720581055
YNL292W,YOR336W,0,-0.64723384,0.15839648246765137,0.9217638969421387,0.4897581934928894
YMR215W,YLR008C,0,-0.6479919,0.15835776925086975,0.9217638969421387,0.4899004399776459
YLR239C,YMR135C,0,-0.6481474,0.15831908583641052,0.9217638969421387,0.49004268646240234
YMR302C,YDL189W,0,-0.6500077,0.1582804173231125,0.9217638969421387,0.4901849329471588
YJR041C,YNL225C,0,-0.6503766,0.15824176371097565,0.9217638969421387,0.4903271794319153
YOL042W,YGL201C,0,-0.6506821,0.158203125,0.9217638969421387,0.49046942591667175
YPR098C,YOR191W,0,-0.6530125,0.15816451609134674,0.9217638969421387,0.4906116724014282
YFL050C,YKR078W,0,-0.65406716,0.15812592208385468,0.9217638969421387,0.4907539188861847
YNL047C,YNL206C,0,-0.65646553,0.1580873429775238,0.9217638969421387,0.49089616537094116
YOR190W,YNL312W,0,-0.66039443,0.15804877877235413,0.9217638969421387,0.49103841185569763
YHL022C,YNL294C,0,-0.661407,0.15801024436950684,0.9217638969421387,0.4911806583404541
YER074W-A,YNL129W,0,-0.66166687,0.15797172486782074,0.9217638969421387,0.49132290482521057
YHL036W,YFL041W,0,-0.6619032,0.15793322026729584,0.9217638969421387,0.49146515130996704
YJL100W,YCL055W,0,-0.6624812,0.15789473056793213,0.9217638969421387,0.4916073977947235
YLR363C,YML095C,0,-0.66266274,0.1578562706708908,0.9217638969421387,0.49174964427948
YBR229C,YPR134W,0,-0.6630952,0.15781782567501068,0.9217638969421387,0.49189189076423645
YOR245C,YDR141C,0,-0.66320395,0.15777939558029175,0.9217638969421387,0.4920341372489929
YAL008W,YLR356W,0,-0.6699021,0.1577409952878952,0.9217638969421387,0.4921763837337494
YDR362C,YNL101W,0,-0.67037123,0.15770260989665985,0.9217638969421387,0.49231863021850586
YBL009W,YKR042W,0,-0.6706455,0.1576642394065857,0.9217638969421387,0.49246087670326233
YCR003W,YLR019W,0,-0.67112577,0.15762588381767273,0.9217638969421387,0.4926031231880188
YAL013W,YLR061W,0,-0.6724679,0.15758754312992096,0.9217638969421387,0.49274536967277527
YLR079W,YIL136W,0,-0.6726208,0.15754923224449158,0.9217638969421387,0.49288761615753174
YHR070W,YHR152W,0,-0.672732,0.1575109362602234,0.9217638969421387,0.4930298626422882
YBL017C,YDR135C,0,-0.6729368,0.1574726551771164,0.9217638969421387,0.4931721091270447
YOR017W,YPL038W,0,-0.6741143,0.1574344038963318,0.9217638969421387,0.49331435561180115
YNR032W,YNL216W,0,-0.6743361,0.15739616751670837,0.9217638969421387,0.4934566020965576
YLL011W,YJR102C,0,-0.6747042,0.15735794603824615,0.9217638969421387,0.4935988485813141
YML095C,YNL180C,0,-0.6751882,0.15731973946094513,0.9217638969421387,0.49374109506607056
YPL146C,YMR323W,0,-0.6756687,0.1572815477848053,0.9217638969421387,0.4938833713531494
YGR283C,YER033C,0,-0.6762705,0.15724338591098785,0.9217638969421387,0.4940256178379059
YDL138W,YMR059W,0,-0.6763706,0.1572052389383316,0.9217638969421387,0.49416786432266235
YIL011W,YPL181W,0,-0.67814785,0.15716710686683655,0.9217638969421387,0.4943101108074188
YIL067C,YMR257C,0,-0.6785375,0.15712900459766388,0.9217638969421387,0.4944523572921753
YOR246C,YDL019C,0,-0.6785628,0.1570909023284912,0.9217638969421387,0.49459460377693176
YML085C,YNL001W,0,-0.6786021,0.15705282986164093,0.9217638969421387,0.49473685026168823
YNL148C,YFL022C,0,-0.6809703,0.15701478719711304,0.9217638969421387,0.4948790967464447
YAR009C,YNL206C,0,-0.6812468,0.15697674453258514,0.9217638969421387,0.49502134323120117
YLR342W,YJL057C,0,-0.68243384,0.15693873167037964,0.9217638969421387,0.49516358971595764
YER108C,YIR019C,0,-0.68381023,0.15690073370933533,0.9217638969421387,0.4953058362007141
YAL042W,YDR316W-A,0,-0.68435514,0.1568627506494522,0.9217638969421387,0.4954480826854706
YDR213W,YDR448W,0,-0.68441886,0.15682478249073029,0.9217638969421387,0.49559032917022705
YJR043C,YML038C,0,-0.68652993,0.15678684413433075,0.9217638969421387,0.4957325756549835
YOR234C,YLR055C,0,-0.6877449,0.1567489057779312,0.9217638969421387,0.49587482213974
YNL065W,YGR014W,0,-0.6883906,0.15671099722385406,0.9217638969421387,0.49601706862449646
YMR190C,YBL091C,0,-0.6884028,0.1566731184720993,0.9217638969421387,0.49615931510925293
YMR268C,YLL062C,0,-0.6888174,0.15663523972034454,0.9217638969421387,0.4963015615940094
YPR034W,YDR190C,0,-0.68893194,0.15659739077091217,0.9217638969421387,0.49644380807876587
YOR316C,YNL136W,0,-0.69036686,0.156559556722641,0.9217638969421387,0.49658605456352234
YLL013C,YPL058C,0,-0.6918992,0.156521737575531,0.9217638969421387,0.4967283010482788
YOL033W,YIL068C,0,-0.6923254,0.1564839482307434,0.9217638969421387,0.4968705475330353
YML127W,YJL008C,0,-0.6936017,0.1564461588859558,0.9217638969421387,0.49701279401779175
YGL126W,YDR367W,0,-0.69369256,0.1564083993434906,0.9217638969421387,0.4971550405025482
YER056C-A,YFL009W,0,-0.6950457,0.15637065470218658,0.9217638969421387,0.4972972869873047
YJL059W,YMR134W,0,-0.6951052,0.15633292496204376,0.9217638969421387,0.49743953347206116
YKR059W,YMR035W,0,-0.69559073,0.15629522502422333,0.9217638969421387,0.4975817799568176
YOR168W,YHR011W,1,-0.6957609,0.15649867057800293,0.9231863617897034,0.4975817799568176
YKL028W,YDL100C,0,-0.6968114,0.1564609408378601,0.9231863617897034,0.4977240264415741
YLL023C,YDL181W,0,-0.6969049,0.15642324090003967,0.9231863617897034,0.49786627292633057
YKL184W,YNR027W,0,-0.6993575,0.15638554096221924,0.9231863617897034,0.4980085492134094
YLR070C,YAL028W,0,-0.7001331,0.1563478708267212,0.9231863617897034,0.4981507956981659
YJR132W,YJR098C,0,-0.7003956,0.15631021559238434,0.9231863617897034,0.49829304218292236
YMR184W,YHR154W,0,-0.7014939,0.15627257525920868,0.9231863617897034,0.49843528866767883
YBR012W-B,YKL129C,0,-0.701565,0.1562349498271942,0.9231863617897034,0.4985775351524353
YHL002W,YBR268W,0,-0.7022234,0.15619735419750214,0.9231863617897034,0.4987197816371918
YML087C,YNL115C,0,-0.7058053,0.15615977346897125,0.9231863617897034,0.49886202812194824
YHR201C,YBR301W,0,-0.70782226,0.15612220764160156,0.9231863617897034,0.4990042746067047
YPL020C,YDR003W,0,-0.70817375,0.15608465671539307,0.9231863617897034,0.4991465210914612
YCL059C,YHR031C,0,-0.70856816,0.15604712069034576,0.9231863617897034,0.49928876757621765
YGL141W,YPR120C,0,-0.7086358,0.15600961446762085,0.9231863617897034,0.4994310140609741
YIL120W,YHR160C,0,-0.7088247,0.15597212314605713,0.9231863617897034,0.4995732605457306
YKL209C,YOL075C,0,-0.709314,0.1559346467256546,0.9231863617897034,0.49971550703048706
YDL247W,YNR071C,0,-0.7099637,0.15589718520641327,0.9231863617897034,0.49985775351524353
YBL042C,YLR466W,0,-0.71017826,0.15585975348949432,0.9231863617897034,0.5
YJR049C,YNL049C,0,-0.71032214,0.15582232177257538,0.9231863617897034,0.5001422762870789
YNL241C,YIL121W,0,-0.71269417,0.15578491985797882,0.9231863617897034,0.5002844929695129
YLR333C,YCR044C,0,-0.71281886,0.15574753284454346,0.9231863617897034,0.5004267692565918
YER157W,YNR047W,0,-0.713331,0.15571017563343048,0.9231863617897034,0.5005689859390259
YGL021W,YOR119C,0,-0.7147591,0.1556728184223175,0.9231863617897034,0.5007112622261047
YMR289W,YDL065C,0,-0.7154808,0.15563549101352692,0.9231863617897034,0.5008534789085388
YBR217W,YIL023C,0,-0.71558416,0.15559817850589752,0.9231863617897034,0.5009957551956177
YMR037C,YFR014C,0,-0.7164672,0.15556088089942932,0.9231863617897034,0.5011379718780518
YOR259C,YMR042W,0,-0.71703696,0.15552359819412231,0.9231863617897034,0.5012802481651306
YPR057W,YLR310C,0,-0.71853954,0.1554863452911377,0.9231863617897034,0.5014224648475647
YEL011W,YDR038C,0,-0.71910256,0.15544910728931427,0.9231863617897034,0.5015647411346436
YPL091W,YER020W,0,-0.72006106,0.15541188418865204,0.9231863617897034,0.5017069578170776
YOR113W,YJR009C,0,-0.7201494,0.155374675989151,0.9231863617897034,0.5018492341041565
YGL006W,YHR176W,0,-0.7203747,0.15533748269081116,0.9231863617897034,0.5019914507865906
YIR022W,YOR083W,0,-0.7211308,0.1553003042936325,0.9231863617897034,0.5021337270736694
YOR070C,YOR348C,0,-0.7214134,0.15526315569877625,0.9231863617897034,0.5022759437561035
YPL091W,YML088W,0,-0.7216152,0.15522602200508118,0.9231863617897034,0.5024182200431824
YLR246W,YBR207W,0,-0.7224332,0.1551889032125473,0.9231863617897034,0.5025604367256165
YLR192C,YOR119C,0,-0.7233458,0.15515179932117462,0.9231863617897034,0.5027027130126953
YLL042C,YLR352W,0,-0.724746,0.15511472523212433,0.9231863617897034,0.5028449296951294
YPR096C,YBL051C,0,-0.72485626,0.15507765114307404,0.9231863617897034,0.5029872059822083
YGL245W,YER087W,1,-0.72500753,0.1552795022726059,0.9246088266372681,0.5029872059822083
YOR018W,YGL040C,0,-0.72536767,0.1552424132823944,0.9246088266372681,0.5031294226646423
YHR028C,YEL077C,0,-0.72570336,0.1552053540945053,0.9246088266372681,0.5032716989517212
YJL184W,YIL168W,0,-0.72658014,0.1551682949066162,0.9246088266372681,0.5034139156341553
YHR005C,YBR251W,0,-0.7289321,0.1551312655210495,0.9246088266372681,0.5035561919212341
YOR344C,YNL305C,0,-0.7293221,0.15509425103664398,0.9246088266372681,0.5036984086036682
YOR168W,YFL022C,1,-0.7296015,0.15529580414295197,0.9260312914848328,0.5036984086036682
YFR027W,YGL085W,0,-0.729726,0.15525875985622406,0.9260312914848328,0.5038406848907471
YIL053W,YER018C,0,-0.7302596,0.15522174537181854,0.9260312914848328,0.5039829015731812
YFR009W,YGR108W,0,-0.73059493,0.15518474578857422,0.9260312914848328,0.50412517786026
YGR104C,YDL124W,0,-0.7314414,0.1551477611064911,0.9260312914848328,0.5042674541473389
YOR064C,YPL143W,0,-0.7318667,0.15511079132556915,0.9260312914848328,0.504409670829773
YCR105W,YGL085W,0,-0.7323164,0.1550738513469696,0.9260312914848328,0.5045519471168518
YIL118W,YOR079C,0,-0.7324008,0.15503691136837006,0.9260312914848328,0.5046941637992859
YFL052W,YKL089W,0,-0.73254985,0.1550000011920929,0.9260312914848328,0.5048364400863647
YOR168W,YGR171C,1,-0.7359148,0.15520113706588745,0.9274537563323975,0.5048364400863647
YOL154W,YHR172W,0,-0.73632747,0.1551642119884491,0.9274537563323975,0.5049786567687988
YLR023C,YJL096W,0,-0.73649675,0.15512728691101074,0.9274537563323975,0.5051209330558777
YOR196C,YNL037C,0,-0.738162,0.15509039163589478,0.9274537563323975,0.5052631497383118
YPR106W,YJR046W,0,-0.7385653,0.15505351126194,0.9274537563323975,0.5054054260253906
YDR023W,YGR171C,1,-0.73867977,0.15525439381599426,0.9288762211799622,0.5054054260253906
YPR079W,YIR013C,0,-0.74086356,0.1552174985408783,0.9288762211799622,0.5055476427078247
YDL147W,YOL020W,0,-0.74249935,0.15518060326576233,0.9288762211799622,0.5056899189949036
YHR102W,YER014W,0,-0.74287844,0.15514373779296875,0.9288762211799622,0.5058321356773376
YOR088W,YPL152W,0,-0.74386,0.15510688722133636,0.9288762211799622,0.5059744119644165
YIL099W,YKL063C,0,-0.7458142,0.15507005155086517,0.9288762211799622,0.5061166286468506
YML065W,YGL020C,0,-0.74598527,0.15503324568271637,0.9288762211799622,0.5062589049339294
YML072C,YBR301W,0,-0.7470135,0.15499643981456757,0.9288762211799622,0.5064011216163635
YHR039C,YJL151C,0,-0.7475794,0.15495966374874115,0.9288762211799622,0.5065433979034424
YGL161C,YBR123C,0,-0.7476146,0.15492288768291473,0.9288762211799622,0.5066856145858765
YML092C,YPL233W,0,-0.74796367,0.1548861414194107,0.9288762211799622,0.5068278908729553
YMR289W,YJL046W,0,-0.74834275,0.15484942495822906,0.9288762211799622,0.5069701075553894
YKL192C,YKL188C,0,-0.74835074,0.15481270849704742,0.9288762211799622,0.5071123838424683
YNL061W,YDL243C,0,-0.74954927,0.15477600693702698,0.9288762211799622,0.5072546005249023
YOR122C,YJL062W,0,-0.7499143,0.15473933517932892,0.9288762211799622,0.5073968768119812
YER102W,YHR133C,0,-0.7502674,0.15470267832279205,0.9288762211799622,0.5075390934944153
YDR056C,YKL086W,0,-0.7505039,0.15466603636741638,0.9288762211799622,0.5076813697814941
YNL322C,YJL101C,0,-0.7511498,0.1546294093132019,0.9288762211799622,0.5078235864639282
YJR067C,YPR058W,0,-0.75130117,0.15459279716014862,0.9288762211799622,0.5079658627510071
YLR068W,YER007W,0,-0.7515067,0.15455621480941772,0.9288762211799622,0.5081080794334412
YMR105C,YMR009W,0,-0.7515585,0.15451964735984802,0.9288762211799622,0.50825035572052
YEL011W,YNL001W,0,-0.75164485,0.15448307991027832,0.9288762211799622,0.5083926320075989
YOL016C,YKL134C,0,-0.7536683,0.154446542263031,0.9288762211799622,0.508534848690033
YKL005C,YLR051C,0,-0.7537097,0.15441001951694489,0.9288762211799622,0.5086771249771118
YCR004C,YMR286W,0,-0.7538518,0.15437352657318115,0.9288762211799622,0.5088193416595459
YPL255W,YNL242W,0,-0.7550596,0.15433703362941742,0.9288762211799622,0.5089616179466248
YLL032C,YDR145W,0,-0.75653785,0.15430057048797607,0.9288762211799622,0.5091038346290588
YER178W,YNL252C,0,-0.75724685,0.15426412224769592,0.9288762211799622,0.5092461109161377
YHR122W,YDL189W,0,-0.75812113,0.15422767400741577,0.9288762211799622,0.5093883275985718
YML076C,YDR495C,0,-0.7599618,0.1541912704706192,0.9288762211799622,0.5095306038856506
YHR094C,YDR484W,0,-0.7607785,0.15415486693382263,0.9288762211799622,0.5096728205680847
YKL071W,YBR084W,0,-0.7614005,0.15411847829818726,0.9288762211799622,0.5098150968551636
YDL165W,YIR002C,0,-0.76183903,0.15408211946487427,0.9288762211799622,0.5099573135375977
YLR174W,YPL021W,0,-0.76363885,0.15404576063156128,0.9288762211799622,0.5100995898246765
YLR037C,YDR421W,0,-0.76452994,0.15400943160057068,0.9288762211799622,0.5102418065071106
YJL099W,YKL120W,0,-0.76523507,0.15397311747074127,0.9288762211799622,0.5103840827941895
YAR007C,YDR096W,0,-0.7655561,0.15393681824207306,0.9288762211799622,0.5105262994766235
YGR224W,YHL040C,0,-0.7657396,0.15390054881572723,0.9288762211799622,0.5106685757637024
YBR146W,YKL127W,0,-0.76831436,0.1538642793893814,0.9288762211799622,0.5108107924461365
YOR063W,YLR368W,0,-0.7689857,0.15382803976535797,0.9288762211799622,0.5109530687332153
YGL018C,YFR007W,0,-0.7699094,0.15379180014133453,0.9288762211799622,0.5110952854156494
YML127W,YPR158W-A,0,-0.7707224,0.15375559031963348,0.9288762211799622,0.5112375617027283
YCR027C,YKL213C,0,-0.7708717,0.15371939539909363,0.9288762211799622,0.5113797783851624
YDR529C,YDR507C,0,-0.7710442,0.15368321537971497,0.9288762211799622,0.5115220546722412
YER155C,YHR193C,0,-0.7714747,0.1536470651626587,0.9288762211799622,0.5116642713546753
YDR365W-B,YPL133C,0,-0.7715157,0.15361091494560242,0.9288762211799622,0.5118065476417542
YLR433C,YHR052W,0,-0.7715361,0.15357479453086853,0.9288762211799622,0.5119487643241882
YLL067C,YMR216C,0,-0.77153754,0.15353867411613464,0.9288762211799622,0.5120910406112671
YOR383C,YBR156C,0,-0.7717084,0.15350258350372314,0.9288762211799622,0.5122332572937012
YPR120C,YHR188C,0,-0.77207404,0.15346650779247284,0.9288762211799622,0.51237553358078
YGL079W,YDR141C,0,-0.7722465,0.15343044698238373,0.9288762211799622,0.5125178098678589
YLR381W,YBR114W,0,-0.7730423,0.153394415974617,0.9288762211799622,0.512660026550293
YDL092W,YDR479C,0,-0.7733413,0.15335838496685028,0.9288762211799622,0.5128023028373718
YDR134C,YDR176W,0,-0.77555656,0.15332236886024475,0.9288762211799622,0.5129445195198059
YPR168W,YJL157C,0,-0.77665764,0.1532863825559616,0.9288762211799622,0.5130867958068848
YLR431C,YDR362C,0,-0.7770712,0.15325041115283966,0.9288762211799622,0.5132290124893188
YLR449W,YLR044C,0,-0.7774013,0.1532144546508789,0.9288762211799622,0.5133712887763977
YDL093W,YIR037W,0,-0.77817386,0.15317851305007935,0.9288762211799622,0.5135135054588318
YGR215W,YML082W,0,-0.7795309,0.15314258635044098,0.9288762211799622,0.5136557817459106
YKL113C,YOR270C,0,-0.7806387,0.153106689453125,0.9288762211799622,0.5137979984283447
YBL013W,YER087W,1,-0.78106266,0.15330520272254944,0.9302987456321716,0.5137979984283447
YOL098C,YIR035C,0,-0.78240764,0.15326927602291107,0.9302987456321716,0.5139402747154236
YPL253C,YNR071C,0,-0.782494,0.1532333642244339,0.9302987456321716,0.5140824913978577
YMR088C,YDR386W,0,-0.7825028,0.15319746732711792,0.9302987456321716,0.5142247676849365
YDR523C,YGL178W,0,-0.78408957,0.15316158533096313,0.9302987456321716,0.5143669843673706
YER149C,YLR435W,0,-0.7842927,0.15312573313713074,0.9302987456321716,0.5145092606544495
YBR034C,YDL098C,0,-0.7858366,0.15308988094329834,0.9302987456321716,0.5146514773368835
YLR419W,YPL242C,0,-0.7869307,0.15305405855178833,0.9302987456321716,0.5147937536239624
YCL075W,YBR186W,0,-0.7873267,0.15301825106143951,0.9302987456321716,0.5149359703063965
YFL009W,YDR175C,0,-0.78742135,0.1529824584722519,0.9302987456321716,0.5150782465934753
YNL270C,YHR216W,0,-0.78770924,0.15294668078422546,0.9302987456321716,0.5152204632759094
YPL095C,YDR288W,0,-0.7906371,0.15291091799736023,0.9302987456321716,0.5153627395629883
YIR023W,YHR045W,0,-0.7907308,0.1528751701116562,0.9302987456321716,0.5155049562454224
YGR067C,YAL010C,0,-0.7907877,0.15283945202827454,0.9302987456321716,0.5156472325325012
YDR261C,YLR361C,0,-0.79142106,0.15280373394489288,0.9302987456321716,0.5157894492149353
YEL050C,YHL050C,0,-0.79197836,0.15276804566383362,0.9302987456321716,0.5159317255020142
YKL088W,YLR166C,0,-0.7924515,0.15273237228393555,0.9302987456321716,0.5160739421844482
YHR215W,YHR064C,0,-0.7928533,0.15269671380519867,0.9302987456321716,0.5162162184715271
YER148W,YLR186W,0,-0.79395366,0.15266107022762299,0.9302987456321716,0.5163584351539612
YPL047W,YBR130C,0,-0.7953382,0.1526254415512085,0.9302987456321716,0.51650071144104
YBL051C,YGR224W,0,-0.79549503,0.1525898277759552,0.9302987456321716,0.5166429877281189
YHR016C,YBR092C,0,-0.7965064,0.1525542289018631,0.9302987456321716,0.516785204410553
YKL193C,YFL047W,0,-0.7969508,0.15251865983009338,0.9302987456321716,0.5169274806976318
YGR080W,YEL002C,0,-0.79793215,0.15248309075832367,0.9302987456321716,0.5170696973800659
YGR215W,YDR098C-A,0,-0.79947495,0.15244755148887634,0.9302987456321716,0.5172119736671448
YOR332W,YOR179C,0,-0.79983586,0.1524120271205902,0.9302987456321716,0.5173541903495789
YOR361C,YNL045W,0,-0.8007934,0.15237651765346527,0.9302987456321716,0.5174964666366577
YPR098C,YPL043W,0,-0.8009101,0.15234102308750153,0.9302987456321716,0.5176386833190918
YDR452W,YOR030W,0,-0.8016082,0.15230554342269897,0.9302987456321716,0.5177809596061707
YDR441C,YBR171W,0,-0.8031273,0.15227007865905762,0.9302987456321716,0.5179231762886047
YIL155C,YAR042W,0,-0.8041783,0.15223464369773865,0.9302987456321716,0.5180654525756836
YKL052C,YMR068W,0,-0.8057153,0.15219920873641968,0.9302987456321716,0.5182076692581177
YOL042W,YBR191W,0,-0.80685395,0.1521638035774231,0.9302987456321716,0.5183499455451965
YDL144C,YGR055W,0,-0.8074941,0.1521283984184265,0.9302987456321716,0.5184921622276306
YGR261C,YJR145C,0,-0.8075677,0.15209302306175232,0.9302987456321716,0.5186344385147095
YLR259C,YPL076W,0,-0.8075932,0.15205766260623932,0.9302987456321716,0.5187766551971436
YDR420W,YHL019C,0,-0.80915153,0.1520223170518875,0.9302987456321716,0.5189189314842224
YOR375C,YDL042C,0,-0.8101124,0.1519869863986969,0.9302987456321716,0.5190611481666565
YBR228W,YDL007W,0,-0.8121703,0.15195167064666748,0.9302987456321716,0.5192034244537354
YMR086W,YBR091C,0,-0.81356907,0.15191636979579926,0.9302987456321716,0.5193456411361694
YPR023C,YMR116C,0,-0.81520116,0.15188109874725342,0.9302987456321716,0.5194879174232483
YOR070C,YDL190C,0,-0.8152481,0.15184582769870758,0.9302987456321716,0.5196301341056824
YDR085C,YLR027C,0,-0.8165269,0.15181058645248413,0.9302987456321716,0.5197724103927612
YJL096W,YDR261C,0,-0.81789523,0.15177536010742188,0.9302987456321716,0.5199146270751953
YLL062C,YPR033C,0,-0.8182073,0.15174013376235962,0.9302987456321716,0.5200569033622742
YNL300W,YML057W,0,-0.8186977,0.15170493721961975,0.9302987456321716,0.5201991200447083
YDL235C,YGL045W,0,-0.8187388,0.15166975557804108,0.9302987456321716,0.5203413963317871
YGR183C,YBR204C,0,-0.8209492,0.1516345888376236,0.9302987456321716,0.5204836130142212
YGR253C,YML013W,0,-0.8210142,0.1515994369983673,0.9302987456321716,0.5206258893013
YJL196C,YJL113W,0,-0.8218831,0.1515643149614334,0.9302987456321716,0.5207681655883789
YMR135C,YDR528W,0,-0.8219012,0.1515291929244995,0.9302987456321716,0.520910382270813
YJL098W,YDR488C,0,-0.82339096,0.1514940857887268,0.9302987456321716,0.5210526585578918
YMR247C,YHL025W,0,-0.8235501,0.1514590084552765,0.9302987456321716,0.5211948752403259
YLR115W,YBL097W,0,-0.824188,0.15142394602298737,0.9302987456321716,0.5213371515274048
YLR362W,YER063W,0,-0.8244206,0.15138888359069824,0.9302987456321716,0.5214793682098389
YDL066W,YBR009C,0,-0.82589424,0.1513538509607315,0.9302987456321716,0.5216216444969177
YHR186C,YBR152W,0,-0.8271955,0.15131883323192596,0.9302987456321716,0.5217638611793518
YGL155W,YOL065C,0,-0.8284311,0.15128383040428162,0.9302987456321716,0.5219061374664307
YNL064C,YGR217W,0,-0.82898104,0.15124884247779846,0.9302987456321716,0.5220483541488647
YNL252C,YDR329C,0,-0.8294161,0.1512138694524765,0.9302987456321716,0.5221906304359436
YPL029W,YOL157C,0,-0.8295196,0.15117891132831573,0.9302987456321716,0.5223328471183777
YOL052C-A,YDR435C,0,-0.83038723,0.15114398300647736,0.9302987456321716,0.5224751234054565
YCL010C,YGR262C,0,-0.8303931,0.15110905468463898,0.9302987456321716,0.5226173400878906
YPL179W,YDR397C,0,-0.83127105,0.15107415616512299,0.9302987456321716,0.5227596163749695
YAL008W,YML072C,0,-0.83171326,0.151039257645607,0.9302987456321716,0.5229018330574036
YHR094C,YIL068C,0,-0.83237535,0.1510043889284134,0.9302987456321716,0.5230441093444824
YDR520C,YBR012W-A,0,-0.83242583,0.15096953511238098,0.9302987456321716,0.5231863260269165
YLL026W,YOL017W,0,-0.8347912,0.15093468129634857,0.9302987456321716,0.5233286023139954
YDR320C-A,YCR088W,0,-0.83485985,0.15089985728263855,0.9302987456321716,0.5234708189964294
YKL191W,YOL019W,0,-0.83579254,0.15086504817008972,0.9302987456321716,0.5236130952835083
YDR280W,YOL123W,0,-0.8365294,0.1508302539587021,0.9302987456321716,0.5237553119659424
YIL118W,YDR288W,0,-0.8376722,0.15079547464847565,0.9302987456321716,0.5238975882530212
YGR185C,YER087W,1,-0.8392481,0.15099124610424042,0.9317212104797363,0.5238975882530212
YIL053W,YLR362W,0,-0.83951205,0.1509564369916916,0.9317212104797363,0.5240398049354553
YJL208C,YDR545W,0,-0.8399772,0.15092165768146515,0.9317212104797363,0.5241820812225342
YLR405W,YJL210W,0,-0.840497,0.1508868932723999,0.9317212104797363,0.5243242979049683
YPL009C,YKL198C,0,-0.84437877,0.15085214376449585,0.9317212104797363,0.5244665741920471
YDL190C,YML101C,0,-0.8454571,0.150817409157753,0.9317212104797363,0.5246087908744812
YPL170W,YJL125C,0,-0.84580433,0.15078268945217133,0.9317212104797363,0.5247510671615601
YGR274C,YBR135W,0,-0.846059,0.15074798464775085,0.9317212104797363,0.5248933434486389
YBL076C,YGR171C,1,-0.8461213,0.15094339847564697,0.933143675327301,0.5248933434486389
YJL058C,YHR003C,0,-0.8484057,0.1509086787700653,0.933143675327301,0.525035560131073
YLR059C,YBR180W,0,-0.84889364,0.15087395906448364,0.933143675327301,0.5251778364181519
YER184C,YDR439W,0,-0.85230803,0.15083926916122437,0.933143675327301,0.5253200531005859
YFL049W,YLR372W,0,-0.85305846,0.15080459415912628,0.933143675327301,0.5254623293876648
YER111C,YER041W,0,-0.8533155,0.1507699340581894,0.933143675327301,0.5256045460700989
YFL061W,YKL054C,0,-0.8544842,0.1507352888584137,0.933143675327301,0.5257468223571777
YJR027W,YKR075C,0,-0.85689926,0.1507006734609604,0.933143675327301,0.5258890390396118
YOL130W,YKL192C,0,-0.8582048,0.15066605806350708,0.933143675327301,0.5260313153266907
YML034W,YLR229C,0,-0.85841477,0.15063145756721497,0.933143675327301,0.5261735320091248
YFL026W,YNL051W,0,-0.8588369,0.15059687197208405,0.933143675327301,0.5263158082962036
YFR034C,YBR100W,0,-0.8594333,0.1505623161792755,0.933143675327301,0.5264580249786377
YHR148W,YML038C,0,-0.86167604,0.15052776038646698,0.933143675327301,0.5266003012657166
YOR088W,YIL084C,0,-0.86296046,0.15049323439598083,0.933143675327301,0.5267425179481506
YMR121C,YDL205C,0,-0.86341566,0.1504587084054947,0.933143675327301,0.5268847942352295
YDR280W,YOR091W,0,-0.86348504,0.15042421221733093,0.933143675327301,0.5270270109176636
YML106W,YLR319C,0,-0.8638995,0.15038973093032837,0.933143675327301,0.5271692872047424
YOL042W,YIL093C,0,-0.86509717,0.150355264544487,0.933143675327301,0.5273115038871765
YDL042C,YML120C,0,-0.86551106,0.15032081305980682,0.933143675327301,0.5274537801742554
YHR025W,YJL203W,0,-0.8668002,0.15028636157512665,0.933143675327301,0.5275959968566895
YKL138C-A,YNR033W,0,-0.8672885,0.15025193989276886,0.933143675327301,0.5277382731437683
YJR077C,YGR080W,0,-0.8687067,0.15021754801273346,0.933143675327301,0.5278804898262024
YBR119W,YDL012C,0,-0.8691697,0.15018315613269806,0.933143675327301,0.5280227661132812
YPR137C-B,YBL082C,0,-0.869506,0.15014877915382385,0.933143675327301,0.5281649827957153
YDR041W,YBR132C,0,-0.87031496,0.15011441707611084,0.933143675327301,0.5283072590827942
YBR131W,YOR201C,0,-0.8708804,0.15008006989955902,0.933143675327301,0.5284494757652283
YNL272C,YKL099C,0,-0.87236476,0.1500457525253296,0.933143675327301,0.5285917520523071
YBR078W,YDL123W,0,-0.87412167,0.15001143515110016,0.933143675327301,0.5287339687347412
YLR194C,YKR042W,0,-0.87507915,0.14997713267803192,0.933143675327301,0.5288762450218201
YGL210W-A,YGL167C,0,-0.8751631,0.14994286000728607,0.933143675327301,0.5290185213088989
YDL112W,YBL046W,0,-0.8757487,0.14990858733654022,0.933143675327301,0.529160737991333
YDL129W,YER007C-A,0,-0.8759108,0.14987434446811676,0.933143675327301,0.5293030142784119
YKL108W,YHL040C,0,-0.87660825,0.1498401165008545,0.933143675327301,0.529445230960846
YKL113C,YMR158W,0,-0.8772804,0.14980588853359222,0.933143675327301,0.5295875072479248
YBR142W,YLR286C,0,-0.8776976,0.14977169036865234,0.933143675327301,0.5297297239303589
YER019W,YER040W,0,-0.87894434,0.14973750710487366,0.933143675327301,0.5298720002174377
YPL100W,YGR249W,0,-0.87950075,0.14970333874225616,0.933143675327301,0.5300142168998718
YDR463W,YNL225C,0,-0.8795288,0.14966917037963867,0.933143675327301,0.5301564931869507
YDR018C,YMR232W,0,-0.87984693,0.14963503181934357,0.933143675327301,0.5302987098693848
YMR263W,YKL017C,0,-0.88001144,0.14960090816020966,0.933143675327301,0.5304409861564636
YLR045C,YIL008W,0,-0.88002366,0.14956679940223694,0.933143675327301,0.5305832028388977
YKR086W,YGL219C,0,-0.8800694,0.14953270554542542,0.933143675327301,0.5307254791259766
YLR223C,YKL183W,0,-0.88149524,0.14949862658977509,0.933143675327301,0.5308676958084106
YGR038C-A,YBR208C,0,-0.88302577,0.14946457743644714,0.933143675327301,0.5310099720954895
YMR275C,YPL130W,0,-0.88360786,0.1494305282831192,0.933143675327301,0.5311521887779236
YNL173C,YBR171W,0,-0.8838664,0.14939649403095245,0.933143675327301,0.5312944650650024
YLR079W,YOR060C,0,-0.885003,0.1493624746799469,0.933143675327301,0.5314366817474365
YLR174W,YOR205C,0,-0.8860371,0.14932847023010254,0.933143675327301,0.5315789580345154
YPL104W,YIL078W,1,-0.8865078,0.1495220810174942,0.9345661401748657,0.5315789580345154
YJR097W,YJL090C,0,-0.88772285,0.14948806166648865,0.9345661401748657,0.5317211747169495
YIL022W,YPL236C,0,-0.8880137,0.1494540423154831,0.9345661401748657,0.5318634510040283
YHR169W,YPR120C,0,-0.888384,0.14942005276679993,0.9345661401748657,0.5320056676864624
YKL045W,YOL077C,0,-0.8889028,0.14938607811927795,0.9345661401748657,0.5321479439735413
YLR014C,YBL013W,0,-0.889352,0.14935211837291718,0.9345661401748657,0.5322901606559753
YBR236C,YGL175C,0,-0.88996816,0.14931818842887878,0.9345661401748657,0.5324324369430542
YER178W,YDR143C,0,-0.8917618,0.1492842584848404,0.9345661401748657,0.5325746536254883
YPR061C,YDR251W,0,-0.89243937,0.1492503434419632,0.9345661401748657,0.5327169299125671
YMR149W,YNL077W,0,-0.8929399,0.1492164433002472,0.9345661401748657,0.5328591465950012
YGL012W,YLR001C,0,-0.89387167,0.14918255805969238,0.9345661401748657,0.5330014228820801
YLR410W,YBR034C,0,-0.8944815,0.14914868772029877,0.9345661401748657,0.5331436991691589
YBR207W,YBL055C,0,-0.89484507,0.14911484718322754,0.9345661401748657,0.533285915851593
YOR253W,YHR118C,0,-0.8949702,0.1490810066461563,0.9345661401748657,0.5334281921386719
YPR186C,YPL089C,0,-0.8956331,0.14904718101024628,0.9345661401748657,0.533570408821106
YAL055W,YCR044C,0,-0.8959309,0.14901338517665863,0.9345661401748657,0.5337126851081848
YJL025W,YJR045C,0,-0.89681625,0.14897958934307098,0.9345661401748657,0.5338549017906189
YDR342C,YMR280C,0,-0.8969308,0.14894582331180573,0.9345661401748657,0.5339971780776978
YJL189W,YMR076C,0,-0.8978882,0.14891205728054047,0.9345661401748657,0.5341393947601318
YOR122C,YNR038W,0,-0.8980805,0.1488783210515976,0.9345661401748657,0.5342816710472107
YOR267C,YDR255C,0,-0.89828736,0.14884458482265472,0.9345661401748657,0.5344238877296448
YHR169W,YBL039C,0,-0.89833474,0.14881087839603424,0.9345661401748657,0.5345661640167236
YGR206W,YBR104W,0,-0.8990904,0.14877717196941376,0.9345661401748657,0.5347083806991577
YPR023C,YHL031C,0,-0.8998258,0.14874349534511566,0.9345661401748657,0.5348506569862366
YLL001W,YBL084C,0,-0.9008797,0.14870981872081757,0.9345661401748657,0.5349928736686707
YNL229C,YKL184W,0,-0.9013144,0.14867617189884186,0.9345661401748657,0.5351351499557495
YLR038C,YAR018C,0,-0.9014685,0.14864253997802734,0.9345661401748657,0.5352773666381836
YDR342C,YKL006W,0,-0.9018594,0.14860890805721283,0.9345661401748657,0.5354196429252625
YEL027W,YLL001W,0,-0.90221083,0.1485753059387207,0.9345661401748657,0.5355618596076965
YPR103W,YJR108W,0,-0.90346646,0.14854171872138977,0.9345661401748657,0.5357041358947754
YIL069C,YGR059W,0,-0.9036993,0.14850813150405884,0.9345661401748657,0.5358463525772095
YBR049C,YGL097W,0,-0.90394765,0.1484745740890503,0.9345661401748657,0.5359886288642883
YGL023C,YGL005C,0,-0.9043306,0.14844103157520294,0.9345661401748657,0.5361308455467224
YBL099W,YGR028W,0,-0.9054831,0.14840750396251678,0.9345661401748657,0.5362731218338013
YJL177W,YPL010W,0,-0.9055592,0.14837397634983063,0.9345661401748657,0.5364153385162354
YGR037C,YKL129C,0,-0.908374,0.14834047853946686,0.9345661401748657,0.5365576148033142
YDL060W,YBR272C,0,-0.90870905,0.14830699563026428,0.9345661401748657,0.5366998314857483
YGL245W,YBL076C,1,-0.90965533,0.14849920570850372,0.9359886050224304,0.5366998314857483
YNL024C-A,YBR171W,0,-0.9096732,0.14846570789813995,0.9359886050224304,0.5368421077728271
YDR080W,YBL091C,0,-0.9102719,0.14843221008777618,0.9359886050224304,0.5369843244552612
YDL105W,YJR091C,0,-0.91127956,0.1483987420797348,0.9359886050224304,0.5371266007423401
YGR264C,YNL073W,1,-0.91155565,0.14859075844287872,0.9374110698699951,0.5371266007423401
YLR207W,YHR176W,0,-0.9128174,0.14855726063251495,0.9374110698699951,0.537268877029419
YKL140W,YFL004W,0,-0.91594833,0.14852377772331238,0.9374110698699951,0.537411093711853
YDR163W,YLR178C,0,-0.91603124,0.148490309715271,0.9374110698699951,0.5375533699989319
YGR200C,YLR055C,0,-0.9163191,0.1484568566083908,0.9374110698699951,0.537695586681366
YBR181C,YGL144C,0,-0.91641706,0.14842341840267181,0.9374110698699951,0.5378378629684448
YMR067C,YLL018C-A,0,-0.91649467,0.148389995098114,0.9374110698699951,0.5379800796508789
YFL034C-B,YCL061C,0,-0.9176694,0.1483566015958786,0.9374110698699951,0.5381223559379578
YOR278W,YOR083W,0,-0.91834855,0.1483232080936432,0.9374110698699951,0.5382645726203918
YDR096W,YOL139C,0,-0.9197778,0.14828982949256897,0.9374110698699951,0.5384068489074707
YFR051C,YGR106C,0,-0.92078364,0.14825646579265594,0.9374110698699951,0.5385490655899048
YNL224C,YNR022C,0,-0.9209063,0.1482231169939041,0.9374110698699951,0.5386913418769836
YBL006C,YHR045W,0,-0.92150193,0.14818979799747467,0.9374110698699951,0.5388335585594177
YKL049C,YNR020C,0,-0.923299,0.14815647900104523,0.9374110698699951,0.5389758348464966
YML012W,YDR270W,0,-0.9240577,0.14812317490577698,0.9374110698699951,0.5391180515289307
YLR068W,YLR313C,0,-0.92599547,0.14808988571166992,0.9374110698699951,0.5392603278160095
YMR208W,YOR348C,0,-0.92779994,0.14805661141872406,0.9374110698699951,0.5394025444984436
YER068W,YJL159W,0,-0.9282384,0.14802336692810059,0.9374110698699951,0.5395448207855225
YER005W,YJL137C,0,-0.9302068,0.1479901224374771,0.9374110698699951,0.5396870374679565
YJR015W,YER126C,0,-0.93194485,0.14795689284801483,0.9374110698699951,0.5398293137550354
YPL137C,YDR365C,0,-0.93292063,0.14792367815971375,0.9374110698699951,0.5399715304374695
YOR348C,YBR109C,0,-0.9336977,0.14789047837257385,0.9374110698699951,0.5401138067245483
YLL035W,YER075C,0,-0.9337663,0.14785730838775635,0.9374110698699951,0.5402560234069824
YPL271W,YDL114W,0,-0.9341943,0.14782413840293884,0.9374110698699951,0.5403982996940613
YMR024W,YHR044C,0,-0.936095,0.14779098331928253,0.9374110698699951,0.5405405163764954
YNL129W,YNL322C,0,-0.93659663,0.14775784313678741,0.9374110698699951,0.5406827926635742
YPR028W,YHR050W,0,-0.9368146,0.14772473275661469,0.9374110698699951,0.5408250093460083
YDR019C,YMR318C,0,-0.93757474,0.14769162237644196,0.9374110698699951,0.5409672856330872
YLR467W,YKL079W,0,-0.93799776,0.14765852689743042,0.9374110698699951,0.5411095023155212
YDR531W,YJL162C,0,-0.93814194,0.14762544631958008,0.9374110698699951,0.5412517786026001
YLR382C,YOR168W,1,-0.93839544,0.14781634509563446,0.9388335943222046,0.5412517786026001
YAL062W,YLR121C,0,-0.9405812,0.14778324961662292,0.9388335943222046,0.541394054889679
YOR131C,YKL138C-A,0,-0.9406707,0.14775016903877258,0.9388335943222046,0.541536271572113
YCR039C,YFL050C,0,-0.9412564,0.14771710336208344,0.9388335943222046,0.5416785478591919
YMR264W,YDR069C,0,-0.9413489,0.14768405258655548,0.9388335943222046,0.541820764541626
YMR002W,YBR094W,0,-0.94161487,0.14765100181102753,0.9388335943222046,0.5419630408287048
YGR103W,YJR043C,0,-0.9428706,0.14761798083782196,0.9388335943222046,0.5421052575111389
YCR054C,YNL191W,0,-0.9430255,0.1475849747657776,0.9388335943222046,0.5422475337982178
YIL126W,YOR191W,0,-0.9444595,0.1475519835948944,0.9388335943222046,0.5423897504806519
YHR201C,YDR347W,0,-0.94531643,0.14751899242401123,0.9388335943222046,0.5425320267677307
YDR487C,YOR336W,0,-0.9461405,0.14748603105545044,0.9388335943222046,0.5426742434501648
YPL179W,YGL033W,0,-0.9462291,0.14745308458805084,0.9388335943222046,0.5428165197372437
YNL098C,YJR159W,0,-0.9467413,0.14742015302181244,0.9388335943222046,0.5429587364196777
YIL078W,YGR185C,1,-0.94710195,0.14761054515838623,0.9402560591697693,0.5429587364196777
YNL293W,YML100W,0,-0.94731104,0.14757758378982544,0.9402560591697693,0.5431010127067566
YGR035C,YKL101W,0,-0.9473351,0.14754463732242584,0.9402560591697693,0.5432432293891907
YKL092C,YOR195W,0,-0.9482112,0.14751172065734863,0.9402560591697693,0.5433855056762695
YKR079C,YGR074W,0,-0.94912016,0.14747880399227142,0.9402560591697693,0.5435277223587036
YBR023C,YLR196W,0,-0.94964457,0.1474459022283554,0.9402560591697693,0.5436699986457825
YOR028C,YKR093W,0,-0.9500028,0.14741303026676178,0.9402560591697693,0.5438122153282166
YIL168W,YNL207W,0,-0.9509099,0.14738015830516815,0.9402560591697693,0.5439544916152954
YJL133W,YMR047C,0,-0.95116293,0.14734730124473572,0.9402560591697693,0.5440967082977295
YMR091C,YLR441C,0,-0.95276237,0.14731445908546448,0.9402560591697693,0.5442389845848083
YGR223C,YHR129C,0,-0.9527936,0.14728164672851562,0.9402560591697693,0.5443812012672424
YHR153C,YMR128W,0,-0.9529525,0.14724883437156677,0.9402560591697693,0.5445234775543213
YKL116C,YDL207W,0,-0.9543189,0.1472160369157791,0.9402560591697693,0.5446656942367554
YOR073W,YNR019W,0,-0.9546059,0.14718325436115265,0.9402560591697693,0.5448079705238342
YGL249W,YDR524C-B,0,-0.955209,0.14715048670768738,0.9402560591697693,0.5449501872062683
YLL035W,YPL224C,0,-0.95524853,0.1471177339553833,0.9402560591697693,0.5450924634933472
YJL073W,YOL052C-A,0,-0.9564092,0.14708499610424042,0.9402560591697693,0.5452346801757812
YJR150C,YBL039C,0,-0.9579599,0.14705227315425873,0.9402560591697693,0.5453769564628601
YKR098C,YNL210W,0,-0.9603367,0.14701958000659943,0.9402560591697693,0.545519232749939
YER072W,YPR180W,0,-0.9606225,0.14698688685894012,0.9402560591697693,0.545661449432373
YLR368W,YDR511W,0,-0.96180224,0.14695420861244202,0.9402560591697693,0.5458037257194519
YDR300C,YOR288C,0,-0.9618078,0.1469215452671051,0.9402560591697693,0.545945942401886
YNL054W-B,YIL109C,0,-0.96201414,0.1468888819217682,0.9402560591697693,0.5460882186889648
YKR038C,YKR100C,0,-0.9631164,0.14685624837875366,0.9402560591697693,0.5462304353713989
YNL217W,YHR026W,0,-0.9631847,0.14682362973690033,0.9402560591697693,0.5463727116584778
YDR381W,YPL157W,0,-0.9635157,0.1467910259962082,0.9402560591697693,0.5465149283409119
YIL171W,YPR031W,0,-0.9642173,0.14675843715667725,0.9402560591697693,0.5466572046279907
YMR043W,YPL032C,0,-0.9645736,0.1467258632183075,0.9402560591697693,0.5467994213104248
YJR044C,YDR346C,0,-0.96491873,0.14669330418109894,0.9402560591697693,0.5469416975975037
YOL077W-A,YGR006W,0,-0.9654434,0.14666074514389038,0.9402560591697693,0.5470839142799377
YCR072C,YGR002C,0,-0.9658145,0.1466282159090042,0.9402560591697693,0.5472261905670166
YJL111W,YJL138C,0,-0.96753603,0.14659570157527924,0.9402560591697693,0.5473684072494507
YNL288W,YJL138C,0,-0.96805596,0.14656318724155426,0.9402560591697693,0.5475106835365295
YBL076C,YBR121C,1,-0.9683226,0.14675238728523254,0.941678524017334,0.5475106835365295
YPR098C,YKR039W,0,-0.96872985,0.14671985805034637,0.941678524017334,0.5476529002189636
YDR448W,YPL055C,0,-0.9692197,0.1466873437166214,0.941678524017334,0.5477951765060425
YMR198W,YGL017W,0,-0.96969527,0.14665484428405762,0.941678524017334,0.5479373931884766
YPR128C,YDL014W,0,-0.9719584,0.14662237465381622,0.941678524017334,0.5480796694755554
YDR399W,YMR201C,0,-0.9721848,0.14658990502357483,0.941678524017334,0.5482218861579895
YJR009C,YBR171W,0,-0.97526634,0.14655745029449463,0.941678524017334,0.5483641624450684
YDL010W,YJL106W,0,-0.97529507,0.14652501046657562,0.941678524017334,0.5485063791275024
YFL047W,YBR272C,0,-0.9755476,0.1464925855398178,0.941678524017334,0.5486486554145813
YDR201W,YBR024W,0,-0.97555345,0.1464601755142212,0.941678524017334,0.5487908720970154
YAL009W,YJR137C,0,-0.975696,0.14642778038978577,0.941678524017334,0.5489331483840942
YDR034C-C,YDR446W,0,-0.97601473,0.14639540016651154,0.941678524017334,0.5490753650665283
YBL069W,YJR126C,0,-0.9765806,0.1463630348443985,0.941678524017334,0.5492176413536072
YKL073W,YFL003C,0,-0.97680163,0.14633068442344666,0.941678524017334,0.5493598580360413
YER016W,YMR289W,0,-0.97711015,0.146298348903656,0.941678524017334,0.5495021343231201
YGL210W,YNL299W,0,-0.9778889,0.14626601338386536,0.941678524017334,0.549644410610199
YBR139W,YIL157C,0,-0.97798145,0.1462337076663971,0.941678524017334,0.5497866272926331
YGR280C,YNL088W,0,-0.9785992,0.14620141685009003,0.941678524017334,0.5499289035797119
YOR018W,YDR213W,0,-0.9789594,0.14616912603378296,0.941678524017334,0.550071120262146
YBR258C,YJR041C,0,-0.9797333,0.14613686501979828,0.941678524017334,0.5502133965492249
YKL146W,YMR088C,0,-0.9812051,0.1461046189069748,0.941678524017334,0.5503556132316589
YPL101W,YMR177W,0,-0.98132896,0.1460723727941513,0.941678524017334,0.5504978895187378
YDR400W,YBR056W,0,-0.9819279,0.1460401564836502,0.941678524017334,0.5506401062011719
YMR231W,YCR063W,0,-0.98193896,0.1460079401731491,0.941678524017334,0.5507823824882507
YDR257C,YFR055W,0,-0.98217875,0.1459757387638092,0.941678524017334,0.5509245991706848
YIL171W,YBR299W,0,-0.98218095,0.1459435671567917,0.941678524017334,0.5510668754577637
YKL063C,YPL061W,0,-0.982407,0.14591139554977417,0.941678524017334,0.5512090921401978
YGR059W,YDR166C,0,-0.98549163,0.14587923884391785,0.941678524017334,0.5513513684272766
YDL043C,YGR280C,0,-0.9868542,0.14584709703922272,0.941678524017334,0.5514935851097107
YBR203W,YPR008W,0,-0.98745596,0.14581498503684998,0.941678524017334,0.5516358613967896
YDR115W,YOR179C,0,-0.98754805,0.14578287303447723,0.941678524017334,0.5517780780792236
YIL103W,YEL026W,0,-0.9885611,0.14575077593326569,0.941678524017334,0.5519203543663025
YKL042W,YDR178W,0,-0.9890654,0.14571869373321533,0.941678524017334,0.5520625710487366
YHR050W,YBR290W,0,-0.9895723,0.14568662643432617,0.941678524017334,0.5522048473358154
YMR224C,YPR041W,0,-0.9903611,0.145654559135437,0.941678524017334,0.5523470640182495
YLR431C,YIL113W,0,-0.9914975,0.14562252163887024,0.941678524017334,0.5524893403053284
YIL091C,YGL054C,0,-0.9916812,0.14559049904346466,0.941678524017334,0.5526315569877625
YLR277C,YDL230W,0,-0.9919691,0.14555849134922028,0.941678524017334,0.5527738332748413
YPR174C,YPL241C,0,-0.9943668,0.1455264836549759,0.941678524017334,0.5529160499572754
YDL220C,YMR286W,0,-0.99493223,0.1454945057630539,0.941678524017334,0.5530583262443542
YOR077W,YGL175C,0,-0.99521685,0.1454625427722931,0.941678524017334,0.5532005429267883
YHL001W,YNL322C,0,-0.9953269,0.1454305797815323,0.941678524017334,0.5533428192138672
YMR109W,YOR315W,0,-0.9989388,0.14539863169193268,0.941678524017334,0.5534850358963013
YGL147C,YDR139C,0,-0.9990469,0.14536671340465546,0.941678524017334,0.5536273121833801
YOL030W,YBR102C,0,-0.99969393,0.14533479511737823,0.941678524017334,0.553769588470459
YPR028W,YPL004C,0,-0.99980277,0.1453028917312622,0.941678524017334,0.5539118051528931
YOL009C,YHR024C,0,-1.0003946,0.14527101814746857,0.941678524017334,0.5540540814399719
YML016C,YGR065C,0,-1.0005416,0.14523914456367493,0.941678524017334,0.554196298122406
YOL148C,YCR010C,0,-1.0009592,0.14520728588104248,0.941678524017334,0.5543385744094849
YJR118C,YMR119W,0,-1.0012081,0.14517544209957123,0.941678524017334,0.554480791091919
YCL033C,YDR098C,0,-1.0017583,0.14514361321926117,0.941678524017334,0.5546230673789978
YLR320W,YOR339C,0,-1.0018692,0.1451117992401123,0.941678524017334,0.5547652840614319
YOR319W,YGL167C,0,-1.0028439,0.14507998526096344,0.941678524017334,0.5549075603485107
YOR115C,YGL017W,0,-1.0053035,0.14504820108413696,0.941678524017334,0.5550497770309448
YHR025W,YDR005C,0,-1.0063266,0.14501643180847168,0.941678524017334,0.5551920533180237
YPL031C,YGL003C,0,-1.0066134,0.1449846625328064,0.941678524017334,0.5553342700004578
YMR289W,YBL021C,0,-1.0068414,0.1449529230594635,0.941678524017334,0.5554765462875366
YBR078W,YLR298C,0,-1.0073626,0.1449211835861206,0.941678524017334,0.5556187629699707
YMR268C,YHR033W,0,-1.0141861,0.1448894739151001,0.941678524017334,0.5557610392570496
YKR046C,YDR197W,0,-1.0142618,0.1448577642440796,0.941678524017334,0.5559032559394836
YPR134W,YLR186W,0,-1.014612,0.14482608437538147,0.941678524017334,0.5560455322265625
YHR134W,YML100W,0,-1.0146139,0.14479440450668335,0.941678524017334,0.5561877489089966
YKR058W,YDR267C,0,-1.01607,0.14476273953914642,0.941678524017334,0.5563300251960754
YPL092W,YHR107C,0,-1.0162972,0.1447310894727707,0.941678524017334,0.5564722418785095
YGR185C,YNL073W,1,-1.0175316,0.1449180394411087,0.9431009888648987,0.5564722418785095
YNL210W,YJL090C,0,-1.0176092,0.14488635957241058,0.9431009888648987,0.5566145181655884
YKL184W,YLR368W,0,-1.0177363,0.14485470950603485,0.9431009888648987,0.5567567348480225
YLR090W,YPL266W,0,-1.0180318,0.14482305943965912,0.9431009888648987,0.5568990111351013
YIL084C,YPL161C,0,-1.0183351,0.14479143917560577,0.9431009888648987,0.5570412278175354
YKL113C,YKR096W,0,-1.0195997,0.14475981891155243,0.9431009888648987,0.5571835041046143
YNL036W,YDL141W,0,-1.0204171,0.14472822844982147,0.9431009888648987,0.5573257207870483
YNR030W,YML027W,0,-1.0210423,0.14469663798809052,0.9431009888648987,0.5574679970741272
YKL152C,YNL327W,0,-1.0215013,0.14466506242752075,0.9431009888648987,0.5576102137565613
YBR154C,YGL250W,0,-1.0215851,0.14463350176811218,0.9431009888648987,0.5577524900436401
YPL066W,YNR051C,0,-1.0238018,0.1446019560098648,0.9431009888648987,0.557894766330719
YBL023C,YDL247W,0,-1.0243944,0.14457042515277863,0.9431009888648987,0.5580369830131531
YBL019W,YPL154C,0,-1.0247028,0.14453890919685364,0.9431009888648987,0.5581792593002319
YDR038C,YJL138C,0,-1.0268246,0.14450740814208984,0.9431009888648987,0.558321475982666
YAR044W,YOR192C,0,-1.0270009,0.14447592198848724,0.9431009888648987,0.5584637522697449
YDR198C,YPL233W,0,-1.0273805,0.14444445073604584,0.9431009888648987,0.558605968952179
YIL160C,YGR284C,0,-1.0276446,0.14441297948360443,0.9431009888648987,0.5587482452392578
YDL160C,YKL176C,0,-1.0287044,0.1443815380334854,0.9431009888648987,0.5588904619216919
YER133W,YGL227W,0,-1.029068,0.1443500965833664,0.9431009888648987,0.5590327382087708
YLR413W,YDR507C,0,-1.0293931,0.14431867003440857,0.9431009888648987,0.5591749548912048
YLR411W,YAL019W,0,-1.0333639,0.14428727328777313,0.9431009888648987,0.5593172311782837
YGR158C,YJL151C,0,-1.0334929,0.1442558765411377,0.9431009888648987,0.5594594478607178
YLR304C,YHL038C,0,-1.0338258,0.14422449469566345,0.9431009888648987,0.5596017241477966
YFR051C,YLR414C,0,-1.0353565,0.1441931277513504,0.9431009888648987,0.5597439408302307
YBR290W,YPL181W,0,-1.0356531,0.14416177570819855,0.9431009888648987,0.5598862171173096
YOR080W,YOR332W,0,-1.0368298,0.14413043856620789,0.9431009888648987,0.5600284337997437
YNL270C,YJL013C,0,-1.0376022,0.14409911632537842,0.9431009888648987,0.5601707100868225
YKL184W,YLR086W,0,-1.0386133,0.14406779408454895,0.9431009888648987,0.5603129267692566
YDL168W,YLL066C,0,-1.0390996,0.14403650164604187,0.9431009888648987,0.5604552030563354
YEL020C,YLR059C,0,-1.0391703,0.1440052092075348,0.9431009888648987,0.5605974197387695
YNR001C,YKL132C,0,-1.0395609,0.1439739465713501,0.9431009888648987,0.5607396960258484
YDR279W,YCR020W-B,0,-1.0396553,0.1439426839351654,0.9431009888648987,0.5608819127082825
YDR224C,YGR181W,0,-1.0401295,0.1439114362001419,0.9431009888648987,0.5610241889953613
YDL229W,YOR079C,0,-1.0406799,0.1438802033662796,0.9431009888648987,0.5611664056777954
YDR145W,YHR039C-B,0,-1.0419933,0.1438489854335785,0.9431009888648987,0.5613086819648743
YOL013C,YBR289W,0,-1.0432837,0.14381778240203857,0.9431009888648987,0.5614508986473083
YLR297W,YMR024W,0,-1.0439067,0.14378659427165985,0.9431009888648987,0.5615931749343872
YBR012W-B,YPR121W,0,-1.0439665,0.14375542104244232,0.9431009888648987,0.5617353916168213
YIR036C,YAR014C,0,-1.0442164,0.143724262714386,0.9431009888648987,0.5618776679039001
YPR061C,YNL229C,0,-1.0443065,0.14369310438632965,0.9431009888648987,0.562019944190979
YMR264W,YHR154W,0,-1.0448726,0.1436619758605957,0.9431009888648987,0.5621621608734131
YIR035C,YOL089C,0,-1.044893,0.14363084733486176,0.9431009888648987,0.5623044371604919
YJR077C,YNR022C,0,-1.0467055,0.143599733710289,0.9431009888648987,0.562446653842926
YJR091C,YDR382W,0,-1.0467268,0.14356864988803864,0.9431009888648987,0.5625889301300049
YDL144C,YJL180C,0,-1.0476532,0.14353756606578827,0.9431009888648987,0.562731146812439
YDR402C,YNL054W-A,0,-1.0483155,0.1435064971446991,0.9431009888648987,0.5628734230995178
YBR112C,YDR184C,0,-1.0487394,0.14347544312477112,0.9431009888648987,0.5630156397819519
YGR158C,YJR058C,0,-1.0488459,0.14344438910484314,0.9431009888648987,0.5631579160690308
YIL120W,YGR097W,0,-1.0496069,0.14341336488723755,0.9431009888648987,0.5633001327514648
YPR124W,YNR012W,0,-1.0498313,0.14338235557079315,0.9431009888648987,0.5634424090385437
YPR178W,YJR159W,0,-1.0498435,0.14335134625434875,0.9431009888648987,0.5635846257209778
YGR096W,YLR186W,0,-1.0498569,0.14332036674022675,0.9431009888648987,0.5637269020080566
YDL031W,YDL211C,0,-1.050022,0.14328938722610474,0.9431009888648987,0.5638691186904907
YER113C,YLR249W,0,-1.0515943,0.14325842261314392,0.9431009888648987,0.5640113949775696
YOL123W,YNL248C,0,-1.0532287,0.1432274729013443,0.9431009888648987,0.5641536116600037
YOR122C,YLR176C,0,-1.0559876,0.14319653809070587,0.9431009888648987,0.5642958879470825
YDL005C,YMR015C,0,-1.0575117,0.14316561818122864,0.9431009888648987,0.5644381046295166
YMR048W,YGL178W,0,-1.0575507,0.1431347131729126,0.9431009888648987,0.5645803809165955
YBR004C,YLR027C,0,-1.0580846,0.14310382306575775,0.9431009888648987,0.5647225975990295
YIR019C,YEL034W,0,-1.0588462,0.1430729329586029,0.9431009888648987,0.5648648738861084
YAR018C,YJR135W-A,0,-1.0603886,0.14304207265377045,0.9431009888648987,0.5650070905685425
YJR049C,YDL005C,0,-1.060843,0.143011212348938,0.9431009888648987,0.5651493668556213
YLR194C,YPR133C,0,-1.0618677,0.14298038184642792,0.9431009888648987,0.5652915835380554
YOR018W,YNL035C,0,-1.0618942,0.14294955134391785,0.9431009888648987,0.5654338598251343
YPR101W,YIL103W,0,-1.0646908,0.14291873574256897,0.9431009888648987,0.5655760765075684
YMR104C,YKL185W,0,-1.0653493,0.1428879350423813,0.9431009888648987,0.5657183527946472
YHR160C,YBL022C,0,-1.0669655,0.1428571492433548,0.9431009888648987,0.5658605694770813
YGR166W,YBR244W,0,-1.0689673,0.1428263634443283,0.9431009888648987,0.5660028457641602
YLL062C,YGL161C,0,-1.0708439,0.1427956074476242,0.9431009888648987,0.566145122051239
YGR158C,YLL018C,0,-1.0714328,0.1427648514509201,0.9431009888648987,0.5662873387336731
YDR400W,YKL157W,0,-1.0715853,0.1427341252565384,0.9431009888648987,0.566429615020752
YMR167W,YER044C-A,0,-1.0717232,0.14270339906215668,0.9431009888648987,0.566571831703186
YPR164W,YGL254W,0,-1.0721087,0.14267268776893616,0.9431009888648987,0.5667141079902649
YLL024C,YOL103W-A,0,-1.0724596,0.14264199137687683,0.9431009888648987,0.566856324672699
YJL074C,YDL004W,0,-1.0726047,0.1426113098859787,0.9431009888648987,0.5669986009597778
YKR087C,YNL087W,0,-1.0726693,0.14258064329624176,0.9431009888648987,0.5671408176422119
YCR105W,YMR080C,0,-1.0728186,0.14254999160766602,0.9431009888648987,0.5672830939292908
YKL058W,YDR261W-B,0,-1.0729032,0.14251933991909027,0.9431009888648987,0.5674253106117249
YDL066W,YGR208W,0,-1.0730963,0.14248871803283691,0.9431009888648987,0.5675675868988037
YKR042W,YJL062W,0,-1.0740125,0.14245809614658356,0.9431009888648987,0.5677098035812378
YOR272W,YOR256C,0,-1.0740188,0.1424275040626526,0.9431009888648987,0.5678520798683167
YLR178C,YML009C,0,-1.0746953,0.14239691197872162,0.9431009888648987,0.5679942965507507
YDR052C,YNL224C,0,-1.0752712,0.14236633479595184,0.9431009888648987,0.5681365728378296
YPR104C,YDR368W,0,-1.0767403,0.14233577251434326,0.9431009888648987,0.5682787895202637
YHR121W,YKL080W,0,-1.0769763,0.14230521023273468,0.9431009888648987,0.5684210658073425
YFL049W,YDL143W,0,-1.0769825,0.1422746777534485,0.9431009888648987,0.5685632824897766
YMR164C,YCR079W,0,-1.077027,0.1422441601753235,0.9431009888648987,0.5687055587768555
YGR120C,YGR188C,0,-1.0774399,0.1422136425971985,0.9431009888648987,0.5688477754592896
YLL050C,YMR286W,0,-1.0775089,0.14218313992023468,0.9431009888648987,0.5689900517463684
YFR053C,YML061C,0,-1.0789193,0.14215265214443207,0.9431009888648987,0.5691322684288025
YOR095C,YDR247W,0,-1.0791601,0.14212217926979065,0.9431009888648987,0.5692745447158813
YBR233W-A,YOL027C,0,-1.0793781,0.14209172129631042,0.9431009888648987,0.5694167613983154
YNL173C,YFR032C-A,0,-1.0809927,0.1420612782239914,0.9431009888648987,0.5695590376853943
YGR138C,YGL153W,0,-1.0817215,0.14203085005283356,0.9431009888648987,0.5697012543678284
YDR412W,YDR435C,0,-1.0827694,0.14200042188167572,0.9431009888648987,0.5698435306549072
YHL036W,YHR006W,0,-1.0830653,0.14197002351284027,0.9431009888648987,0.5699857473373413
YJL184W,YDR098C,0,-1.0839221,0.14193962514400482,0.9431009888648987,0.5701280236244202
YDL051W,YOR011W,0,-1.08395,0.14190924167633057,0.9431009888648987,0.570270299911499
YLR419W,YCL027W,0,-1.0854336,0.1418788731098175,0.9431009888648987,0.5704125165939331
YIL109C,YGR283C,0,-1.086519,0.14184851944446564,0.9431009888648987,0.570554792881012
YIR009W,YKR065C,0,-1.0869296,0.14181818068027496,0.9431009888648987,0.570697009563446
YMR091C,YBR231C,0,-1.0873805,0.14178785681724548,0.9431009888648987,0.5708392858505249
YHR123W,YOL097C,0,-1.0875245,0.141757532954216,0.9431009888648987,0.570981502532959
YDR217C,YPL124W,0,-1.0883908,0.1417272388935089,0.9431009888648987,0.5711237788200378
YML081C-A,YOL034W,0,-1.0893282,0.14169694483280182,0.9431009888648987,0.5712659955024719
YJR131W,YLL062C,0,-1.0901417,0.14166666567325592,0.9431009888648987,0.5714082717895508
YIR019C,YFL035C-B,0,-1.0905228,0.14163640141487122,0.9431009888648987,0.5715504884719849
YPL075W,YPL224C,0,-1.0906589,0.1416061520576477,0.9431009888648987,0.5716927647590637
YPL121C,YLR190W,0,-1.0907063,0.1415759176015854,0.9431009888648987,0.5718349814414978
YER164W,YDL232W,0,-1.0911056,0.14154568314552307,0.9431009888648987,0.5719772577285767
YHL011C,YDR517W,0,-1.0915893,0.14151547849178314,0.9431009888648987,0.5721194744110107
YGL219C,YMR303C,0,-1.0920093,0.1414852738380432,0.9431009888648987,0.5722617506980896
YEL002C,YKL164C,0,-1.0924766,0.14145508408546448,0.9431009888648987,0.5724039673805237
YBR200W-A,YHR216W,0,-1.0925897,0.14142490923404694,0.9431009888648987,0.5725462436676025
YGR158C,YPR018W,0,-1.0932032,0.1413947492837906,0.9431009888648987,0.5726884603500366
YDR324C,YFR055W,0,-1.0936505,0.14136460423469543,0.9431009888648987,0.5728307366371155
YGR049W,YML048W,0,-1.0936631,0.14133447408676147,0.9431009888648987,0.5729729533195496
YDR093W,YOR061W,0,-1.0944092,0.14130434393882751,0.9431009888648987,0.5731152296066284
YGL211W,YLL050C,0,-1.0951612,0.14127424359321594,0.9431009888648987,0.5732574462890625
YMR257C,YOL086W-A,0,-1.0958407,0.14124414324760437,0.9431009888648987,0.5733997225761414
YBR142W,YCR089W,0,-1.0974777,0.141214057803154,0.9431009888648987,0.5735419392585754
YOR129C,YJL203W,0,-1.097896,0.1411839872598648,0.9431009888648987,0.5736842155456543
YJR104C,YBR035C,0,-1.0992992,0.14115393161773682,0.9431009888648987,0.5738264322280884
YPL234C,YJR110W,0,-1.0995088,0.14112387597560883,0.9431009888648987,0.5739687085151672
YLR194C,YFL035C-A,0,-1.0999268,0.14109385013580322,0.9431009888648987,0.5741109251976013
YIL073C,YPL103C,0,-1.1008649,0.14106382429599762,0.9431009888648987,0.5742532014846802
YFL036W,YPL258C,0,-1.1016086,0.1410338282585144,0.9431009888648987,0.574395477771759
YCR096C,YLR361C,0,-1.1020675,0.1410038322210312,0.9431009888648987,0.5745376944541931
YGR086C,YLL013C,0,-1.1037521,0.14097385108470917,0.9431009888648987,0.574679970741272
YBR280C,YGR096W,0,-1.1044419,0.14094388484954834,0.9431009888648987,0.574822187423706
YDL104C,YPL008W,0,-1.1072767,0.1409139186143875,0.9431009888648987,0.5749644637107849
YPL128C,YAL020C,0,-1.1087425,0.14088398218154907,0.9431009888648987,0.575106680393219
YLL013C,YGR068C,0,-1.1090026,0.14085404574871063,0.9431009888648987,0.5752489566802979
YHL007C,YAR044W,0,-1.1104224,0.1408241242170334,0.9431009888648987,0.5753911733627319
YHL021C,YGL073W,0,-1.1106671,0.14079421758651733,0.9431009888648987,0.5755334496498108
YDR376W,YJL045W,0,-1.1107199,0.14076432585716248,0.9431009888648987,0.5756756663322449
YCR048W,YKL158W,0,-1.1115749,0.1407344490289688,0.9431009888648987,0.5758179426193237
YML045W,YBR091C,0,-1.1118503,0.14070458710193634,0.9431009888648987,0.5759601593017578
YMR274C,YJL207C,0,-1.112528,0.14067472517490387,0.9431009888648987,0.5761024355888367
YJL203W,YNR022C,0,-1.1129005,0.1406448930501938,0.9431009888648987,0.5762446522712708
YPL137C,YKL148C,0,-1.1139004,0.1406150609254837,0.9431009888648987,0.5763869285583496
YFL002W-A,YIL043C,0,-1.1141709,0.14058524370193481,0.9431009888648987,0.5765291452407837
YNL094W,YLR035C,0,-1.1153531,0.14055544137954712,0.9431009888648987,0.5766714215278625
YLR144C,YDL058W,0,-1.1166916,0.14052563905715942,0.9431009888648987,0.5768136382102966
YKL198C,YJR109C,0,-1.1170194,0.14049586653709412,0.9431009888648987,0.5769559144973755
YMR289W,YPR178W,0,-1.1174638,0.14046610891819,0.9431009888648987,0.5770981311798096
YGL079W,YPL120W,0,-1.1178412,0.1404363512992859,0.9431009888648987,0.5772404074668884
YDL095W,YIL118W,0,-1.118702,0.14040660858154297,0.9431009888648987,0.5773826241493225
YMR109W,YBR049C,0,-1.1203725,0.14037688076496124,0.9431009888648987,0.5775249004364014
YJR049C,YGR098C,0,-1.1209216,0.1403471678495407,0.9431009888648987,0.5776671171188354
YPL249C,YHR036W,0,-1.1230845,0.14031745493412018,0.9431009888648987,0.5778093934059143
YPR048W,YLL050C,0,-1.1237533,0.14028777182102203,0.9431009888648987,0.5779516100883484
YPL104W,YOR335C,1,-1.123869,0.14046964049339294,0.9445234537124634,0.5779516100883484
YKR094C,YEL002C,0,-1.1238725,0.1404399275779724,0.9445234537124634,0.5780938863754272
YJR108W,YDR266C,0,-1.1249142,0.14041022956371307,0.9445234537124634,0.5782361030578613
YJL021C,YLR008C,0,-1.1259489,0.14038054645061493,0.9445234537124634,0.5783783793449402
YDL210W,YJL143W,0,-1.1262609,0.14035087823867798,0.9445234537124634,0.578520655632019
YAL047C,YMR316W,0,-1.1264635,0.14032121002674103,0.9445234537124634,0.5786628723144531
YKR046C,YHR116W,0,-1.1265702,0.14029157161712646,0.9445234537124634,0.578805148601532
YNL031C,YMR104C,0,-1.1268598,0.1402619332075119,0.9445234537124634,0.5789473652839661
YDR168W,YNL154C,0,-1.1305134,0.14023230969905853,0.9445234537124634,0.5790896415710449
YNL062C,YOR130C,0,-1.1309249,0.14020270109176636,0.9445234537124634,0.579231858253479
YKR080W,YNL233W,0,-1.1323993,0.14017310738563538,0.9445234537124634,0.5793741345405579
YDL031W,YDR465C,0,-1.132693,0.1401435136795044,0.9445234537124634,0.5795163512229919
YLR006C,YOR125C,0,-1.1334984,0.1401139497756958,0.9445234537124634,0.5796586275100708
YJL136C,YDR358W,0,-1.1360111,0.1400843858718872,0.9445234537124634,0.5798008441925049
YKL052C,YAR008W,0,-1.136639,0.1400548368692398,0.9445234537124634,0.5799431204795837
YGL147C,YER184C,0,-1.1373514,0.1400253027677536,0.9445234537124634,0.5800853371620178
YLR174W,YLR328W,0,-1.1381818,0.1399957835674286,0.9445234537124634,0.5802276134490967
YGL207W,YJR110W,0,-1.1381844,0.13996627926826477,0.9445234537124634,0.5803698301315308
YDR486C,YDL080C,0,-1.1382504,0.13993677496910095,0.9445234537124634,0.5805121064186096
YDR025W,YER072W,0,-1.1383476,0.13990728557109833,0.9445234537124634,0.5806543231010437
YNL278W,YOR383C,0,-1.1384877,0.1398778110742569,0.9445234537124634,0.5807965993881226
YDR407C,YNL149C,0,-1.1396675,0.13984835147857666,0.9445234537124634,0.5809388160705566
YDL066W,YNL005C,0,-1.1428455,0.13981890678405762,0.9445234537124634,0.5810810923576355
YAL009W,YLL011W,0,-1.1461195,0.13978947699069977,0.9445234537124634,0.5812233090400696
YDL174C,YIL007C,0,-1.1461321,0.13976004719734192,0.9445234537124634,0.5813655853271484
YLR327C,YOR043W,0,-1.146377,0.13973063230514526,0.9445234537124634,0.5815078020095825
YNL003C,YMR158W,0,-1.1466134,0.139701247215271,0.9445234537124634,0.5816500782966614
YOR073W,YBR088C,0,-1.1467643,0.13967186212539673,0.9445234537124634,0.5817922949790955
YPR131C,YDR503C,0,-1.1468288,0.13964247703552246,0.9445234537124634,0.5819345712661743
YCL026C-A,YCR036W,0,-1.1474543,0.13961312174797058,0.9445234537124634,0.5820767879486084
YHR105W,YNL220W,0,-1.1475165,0.1395837664604187,0.9445234537124634,0.5822190642356873
YHR010W,YDR408C,0,-1.1476424,0.1395544409751892,0.9445234537124634,0.5823612809181213
YDR046C,YGL222C,0,-1.1481261,0.13952511548995972,0.9445234537124634,0.5825035572052002
YLR158C,YDR325W,0,-1.1488518,0.13949580490589142,0.9445234537124634,0.582645833492279
YJR068W,YCR008W,0,-1.1490726,0.13946649432182312,0.9445234537124634,0.5827880501747131
YDR191W,YAL056W,0,-1.1507006,0.1394372135400772,0.9445234537124634,0.582930326461792
YML004C,YNL268W,0,-1.1508074,0.1394079327583313,0.9445234537124634,0.5830725431442261
YPL100W,YBL022C,0,-1.1512107,0.13937866687774658,0.9445234537124634,0.5832148194313049
YDR386W,YDR380W,0,-1.15506,0.13934941589832306,0.9445234537124634,0.583357036113739
YDL033C,YKL138C-A,0,-1.1556864,0.13932017982006073,0.9445234537124634,0.5834993124008179
YDR130C,YMR263W,0,-1.1584858,0.1392909586429596,0.9445234537124634,0.583641529083252
YLR318W,YDR178W,0,-1.159035,0.13926175236701965,0.9445234537124634,0.5837838053703308
YJL073W,YOL149W,0,-1.1599548,0.1392325460910797,0.9445234537124634,0.5839260220527649
YBR214W,YOR293W,0,-1.1601831,0.13920335471630096,0.9445234537124634,0.5840682983398438
YDR384C,YML116W,0,-1.1611307,0.1391741782426834,0.9445234537124634,0.5842105150222778
YBR154C,YIL009W,0,-1.1618599,0.13914501667022705,0.9445234537124634,0.5843527913093567
YDR352W,YIL115C,0,-1.1620021,0.1391158550977707,0.9445234537124634,0.5844950079917908
YDR252W,YOR057W,0,-1.1641133,0.13908672332763672,0.9445234537124634,0.5846372842788696
YDR315C,YDR120C,0,-1.1684356,0.13905759155750275,0.9445234537124634,0.5847795009613037
YOR141C,YPR120C,0,-1.168987,0.13902847468852997,0.9445234537124634,0.5849217772483826
YBR273C,YGR249W,0,-1.1690624,0.13899937272071838,0.9445234537124634,0.5850639939308167
YLR172C,YDR014W,0,-1.1692227,0.138970285654068,0.9445234537124634,0.5852062702178955
YJL181W,YPR141C,0,-1.169826,0.1389411985874176,0.9445234537124634,0.5853484869003296
YOR362C,YPR148C,0,-1.1700808,0.1389121413230896,0.9445234537124634,0.5854907631874084
YLR126C,YOR018W,0,-1.1704891,0.1388830840587616,0.9445234537124634,0.5856329798698425
YMR045C,YBL067C,0,-1.1710777,0.1388540416955948,0.9445234537124634,0.5857752561569214
YML125C,YOR151C,0,-1.1711177,0.13882499933242798,0.9445234537124634,0.5859174728393555
YJR113C,YHR115C,0,-1.1730926,0.13879598677158356,0.9445234537124634,0.5860597491264343
YOL059W,YGL017W,0,-1.174792,0.13876697421073914,0.9445234537124634,0.5862019658088684
YKL005C,YEL020C,0,-1.1757908,0.1387379914522171,0.9445234537124634,0.5863442420959473
YGR055W,YOL094C,0,-1.1762617,0.13870900869369507,0.9445234537124634,0.5864864587783813
YHL016C,YBL031W,0,-1.1771928,0.13868004083633423,0.9445234537124634,0.5866287350654602
YDL165W,YPR107C,0,-1.1789094,0.1386510729789734,0.9445234537124634,0.5867709517478943
YIL097W,YDL008W,0,-1.1799821,0.13862213492393494,0.9445234537124634,0.5869132280349731
YBL014C,YDR210W-C,0,-1.1810939,0.13859319686889648,0.9445234537124634,0.587055504322052
YLR078C,YNL029C,0,-1.1821262,0.13856427371501923,0.9445234537124634,0.5871977210044861
YKL199C,YNL328C,0,-1.1826203,0.13853536546230316,0.9445234537124634,0.5873399972915649
YCR054C,YIR026C,0,-1.1828451,0.1385064721107483,0.9445234537124634,0.587482213973999
YJR050W,YCL069W,0,-1.1829638,0.13847757875919342,0.9445234537124634,0.5876244902610779
YIR023W,YGR075C,0,-1.1845207,0.13844870030879974,0.9445234537124634,0.587766706943512
YOR157C,YER099C,0,-1.1870437,0.13841985166072845,0.9445234537124634,0.5879089832305908
YDR020C,YIL114C,0,-1.1874771,0.13839100301265717,0.9445234537124634,0.5880511999130249
YHR033W,YHR044C,0,-1.1876156,0.13836215436458588,0.9445234537124634,0.5881934762001038
YPL160W,YLL018C,1,-1.1890435,0.13854166865348816,0.9459459185600281,0.5881934762001038
YPL145C,YKL167C,0,-1.1890923,0.13851280510425568,0.9459459185600281,0.5883356928825378
YKL191W,YHR105W,0,-1.1903173,0.13848397135734558,0.9459459185600281,0.5884779691696167
YFL050C,YDR155C,0,-1.1913245,0.13845513761043549,0.9459459185600281,0.5886201858520508
YOL064C,YJL183W,0,-1.1943474,0.13842631876468658,0.9459459185600281,0.5887624621391296
YFR010W,YPR017C,0,-1.1968709,0.13839749991893768,0.9459459185600281,0.5889046788215637
YPL104W,YOR168W,1,-1.1977915,0.13857677578926086,0.9473684430122375,0.5889046788215637
YAL048C,YFR007W,0,-1.2015842,0.13854795694351196,0.9473684430122375,0.5890469551086426
YKL109W,YDR050C,0,-1.2025628,0.13851913809776306,0.9473684430122375,0.5891891717910767
YLL052C,YKL006C-A,0,-1.2027968,0.13849033415317535,0.9473684430122375,0.5893314480781555
YDR279W,YER119C,0,-1.2035656,0.13846154510974884,0.9473684430122375,0.5894736647605896
YPR066W,YGR166W,0,-1.2039512,0.13843275606632233,0.9473684430122375,0.5896159410476685
YDL145C,YDR517W,0,-1.2043246,0.1384039968252182,0.9473684430122375,0.5897581577301025
YLR360W,YOR228C,0,-1.2043684,0.13837523758411407,0.9473684430122375,0.5899004340171814
YBR297W,YLR221C,0,-1.2044387,0.13834649324417114,0.9473684430122375,0.5900426506996155
YLR352W,YDL093W,0,-1.2054054,0.1383177638053894,0.9473684430122375,0.5901849269866943
YGR013W,YML009C,0,-1.2055964,0.13828903436660767,0.9473684430122375,0.5903271436691284
YGR289C,YDR529C,0,-1.2056445,0.13826033473014832,0.9473684430122375,0.5904694199562073
YMR289W,YGR078C,0,-1.2058202,0.13823163509368896,0.9473684430122375,0.5906116366386414
YDR085C,YLR337C,0,-1.2067018,0.1382029503583908,0.9473684430122375,0.5907539129257202
YDR052C,YOR059C,0,-1.2089906,0.13817428052425385,0.9473684430122375,0.5908961296081543
YDR018C,YPR004C,0,-1.2092893,0.13814561069011688,0.9473684430122375,0.5910384058952332
YAL059W,YLR119W,0,-1.2098778,0.1381169706583023,0.9473684430122375,0.591180682182312
YDR093W,YBR185C,0,-1.2099266,0.13808833062648773,0.9473684430122375,0.5913228988647461
YBR280C,YOR247W,0,-1.210555,0.13805970549583435,0.9473684430122375,0.591465175151825
YHL013C,YHR067W,0,-1.2108334,0.13803109526634216,0.9473684430122375,0.591607391834259
YNL055C,YLR048W,0,-1.2109865,0.13800248503684998,0.9473684430122375,0.5917496681213379
YPR046W,YNL251C,0,-1.2111969,0.13797388970851898,0.9473684430122375,0.591891884803772
YHR105W,YHR117W,0,-1.2112106,0.13794532418251038,0.9473684430122375,0.5920341610908508
YPR003C,YOR007C,0,-1.2116246,0.13791675865650177,0.9473684430122375,0.5921763777732849
YJL160C,YML026C,0,-1.2116277,0.13788819313049316,0.9473684430122375,0.5923186540603638
YKL222C,YGL119W,0,-1.212139,0.13785965740680695,0.9473684430122375,0.5924608707427979
YHR090C,YPR134W,0,-1.212409,0.13783112168312073,0.9473684430122375,0.5926031470298767
YBL101W-A,YPR166C,0,-1.2134522,0.1378026008605957,0.9473684430122375,0.5927453637123108
YHR072W,YBR301W,0,-1.2134798,0.13777409493923187,0.9473684430122375,0.5928876399993896
YFR055W,YGR262C,0,-1.213974,0.13774560391902924,0.9473684430122375,0.5930298566818237
YDR381W,YMR116C,0,-1.2143153,0.1377171277999878,0.9473684430122375,0.5931721329689026
YOR254C,YIL120W,0,-1.2146661,0.13768865168094635,0.9473684430122375,0.5933143496513367
YOL065C,YNL177C,0,-1.216181,0.1376601904630661,0.9473684430122375,0.5934566259384155
YDR409W,YNL086W,0,-1.2168977,0.13763174414634705,0.9473684430122375,0.5935988426208496
YGR171C,YER087W,1,-1.2169893,0.13780991733074188,0.9487909078598022,0.5935988426208496
YOL023W,YKL164C,0,-1.2185796,0.13778145611286163,0.9487909078598022,0.5937411189079285
YPL006W,YBL051C,0,-1.2186174,0.13775299489498138,0.9487909078598022,0.5938833355903625
YAL055W,YGR090W,0,-1.2194471,0.13772454857826233,0.9487909078598022,0.5940256118774414
YNL315C,YOR391C,0,-1.2203519,0.13769611716270447,0.9487909078598022,0.5941678285598755
YLR223C,YHR165C,0,-1.2205861,0.1376677006483078,0.9487909078598022,0.5943101048469543
YOR067C,YGR006W,0,-1.2234836,0.13763928413391113,0.9487909078598022,0.5944523215293884
YPR075C,YNL035C,0,-1.2236624,0.13761089742183685,0.9487909078598022,0.5945945978164673
YOL039W,YGR122W,0,-1.2240164,0.13758251070976257,0.9487909078598022,0.5947368144989014
YDR178W,YOR030W,0,-1.2255903,0.1375541388988495,0.9487909078598022,0.5948790907859802
YKL146W,YMR162C,0,-1.2268783,0.1375257670879364,0.9487909078598022,0.5950213074684143
YFL002W-A,YDR261C,0,-1.2274,0.1374974250793457,0.9487909078598022,0.5951635837554932
YKR045C,YHR106W,0,-1.2276866,0.137469083070755,0.9487909078598022,0.595305860042572
YHL011C,YBR082C,0,-1.2281168,0.1374407559633255,0.9487909078598022,0.5954480767250061
YCR098C,YDL174C,0,-1.2294323,0.1374124437570572,0.9487909078598022,0.595590353012085
YER139C,YLR222C,0,-1.229924,0.13738414645195007,0.9487909078598022,0.595732569694519
YLL042C,YBR069C,0,-1.2302696,0.13735584914684296,0.9487909078598022,0.5958748459815979
YDR468C,YNL306W,0,-1.2305995,0.13732756674289703,0.9487909078598022,0.596017062664032
YNL167C,YKL191W,0,-1.2308395,0.1372992992401123,0.9487909078598022,0.5961593389511108
YIL084C,YOR087W,0,-1.23227,0.13727104663848877,0.9487909078598022,0.5963015556335449
YIL017C,YAL026C,0,-1.2325416,0.13724279403686523,0.9487909078598022,0.5964438319206238
YGR071C,YKL005C,0,-1.2327564,0.1372145712375641,0.9487909078598022,0.5965860486030579
YGL009C,YOL152W,0,-1.2329313,0.13718634843826294,0.9487909078598022,0.5967283248901367
YOL116W,YMR052W,0,-1.2338103,0.1371581256389618,0.9487909078598022,0.5968705415725708
YIL053W,YBL091C,0,-1.2347673,0.13712993264198303,0.9487909078598022,0.5970128178596497
YMR166C,YDR210W-D,0,-1.2358785,0.13710175454616547,0.9487909078598022,0.5971550345420837
YMR271C,YBR296C,0,-1.2362672,0.1370735764503479,0.9487909078598022,0.5972973108291626
YMR287C,YMR139W,0,-1.2380624,0.13704541325569153,0.9487909078598022,0.5974395275115967
YER094C,YLR048W,0,-1.2407018,0.13701725006103516,0.9487909078598022,0.5975818037986755
YPL040C,YLL005C,0,-1.2421252,0.13698911666870117,0.9487909078598022,0.5977240204811096
YBR023C,YPL140C,0,-1.2432369,0.1369609832763672,0.9487909078598022,0.5978662967681885
YML019W,YJL050W,0,-1.2446243,0.1369328647851944,0.9487909078598022,0.5980085134506226
YGL115W,YOL084W,0,-1.2454326,0.1369047611951828,0.9487909078598022,0.5981507897377014
YBR241C,YNL305C,0,-1.2456385,0.1368766725063324,0.9487909078598022,0.5982930064201355
YML085C,YIL074C,0,-1.2458172,0.136848583817482,0.9487909078598022,0.5984352827072144
YKL086W,YJL181W,0,-1.2460726,0.13682051002979279,0.9487909078598022,0.5985774993896484
YLL038C,YBL106C,0,-1.2461141,0.13679245114326477,0.9487909078598022,0.5987197756767273
YNL081C,YHR139C,0,-1.2463875,0.13676440715789795,0.9487909078598022,0.5988619923591614
YOR362C,YLR466W,0,-1.2474799,0.13673636317253113,0.9487909078598022,0.5990042686462402
YMR098C,YDR448W,0,-1.2486778,0.1367083489894867,0.9487909078598022,0.5991464853286743
YLR286C,YLR427W,0,-1.2501839,0.13668033480644226,0.9487909078598022,0.5992887616157532
YHR062C,YJR015W,0,-1.2502009,0.13665232062339783,0.9487909078598022,0.599431037902832
YML095C,YGR241C,0,-1.2504218,0.13662433624267578,0.9487909078598022,0.5995732545852661
YAL051W,YGR106C,0,-1.2528807,0.13659635186195374,0.9487909078598022,0.599715530872345
YLR233C,YNR048W,0,-1.2533807,0.13656838238239288,0.9487909078598022,0.599857747554779
YNR056C,YHR133C,0,-1.254277,0.13654042780399323,0.9487909078598022,0.6000000238418579
YLR307W,YDL175C,0,-1.2582145,0.13651248812675476,0.9487909078598022,0.600142240524292
YBL038W,YAR018C,0,-1.2591231,0.1364845484495163,0.9487909078598022,0.6002845168113708
YIL015W,YBL090W,0,-1.2593815,0.13645662367343903,0.9487909078598022,0.6004267334938049
YFR047C,YKR024C,0,-1.2612414,0.13642871379852295,0.9487909078598022,0.6005690097808838
YPL193W,YBR180W,0,-1.263809,0.13640081882476807,0.9487909078598022,0.6007112264633179
YDR288W,YDR343C,0,-1.2651579,0.13637292385101318,0.9487909078598022,0.6008535027503967
YLL067C,YHR107C,0,-1.2654028,0.1363450586795807,0.9487909078598022,0.6009957194328308
YLR293C,YJL180C,0,-1.2654426,0.1363171935081482,0.9487909078598022,0.6011379957199097
YDR235W,YOR058C,0,-1.2654682,0.1362893283367157,0.9487909078598022,0.6012802124023438
YPR019W,YBR193C,0,-1.2654736,0.1362614929676056,0.9487909078598022,0.6014224886894226
YPR005C,YER028C,0,-1.2654845,0.13623365759849548,0.9487909078598022,0.6015647053718567
YOR049C,YFR051C,0,-1.2656794,0.13620583713054657,0.9487909078598022,0.6017069816589355
YGL206C,YHL050C,0,-1.266861,0.13617803156375885,0.9487909078598022,0.6018491983413696
YDL134C-A,YJR158W,0,-1.2682718,0.13615024089813232,0.9487909078598022,0.6019914746284485
YEL064C,YDL190C,0,-1.2688013,0.1361224502325058,0.9487909078598022,0.6021336913108826
YLR222C,YPL121C,0,-1.2700077,0.13609467446804047,0.9487909078598022,0.6022759675979614
YOR262W,YGL121C,0,-1.2717204,0.13606691360473633,0.9487909078598022,0.6024181842803955
YLR223C,YDL207W,0,-1.2722126,0.1360391527414322,0.9487909078598022,0.6025604605674744
YJR091C,YLR038C,0,-1.2724419,0.13601142168045044,0.9487909078598022,0.6027026772499084
YNL132W,YDL064W,0,-1.2727691,0.1359836906194687,0.9487909078598022,0.6028449535369873
YKL129C,YOR228C,0,-1.2736058,0.13595597445964813,0.9487909078598022,0.6029871702194214
YPL177C,YLR157C-A,0,-1.2744719,0.13592825829982758,0.9487909078598022,0.6031294465065002
YBR114W,YER126C,0,-1.2761706,0.1359005719423294,0.9487909078598022,0.6032716631889343
YER095W,YKL145W,0,-1.2769264,0.13587288558483124,0.9487909078598022,0.6034139394760132
YMR184W,YAL056W,0,-1.2773308,0.13584521412849426,0.9487909078598022,0.603556215763092
YBR012W-B,YJL113W,0,-1.2775851,0.13581755757331848,0.9487909078598022,0.6036984324455261
YJR066W,YJL143W,0,-1.2788656,0.1357899010181427,0.9487909078598022,0.603840708732605
YGR044C,YPL008W,0,-1.279956,0.1357622593641281,0.9487909078598022,0.6039829254150391
YJL136C,YGL012W,0,-1.2801157,0.13573463261127472,0.9487909078598022,0.6041252017021179
YIL131C,YPL096C-A,0,-1.2802508,0.13570702075958252,0.9487909078598022,0.604267418384552
YPL028W,YFL049W,0,-1.2804161,0.13567940890789032,0.9487909078598022,0.6044096946716309
YDL174C,YLR247C,0,-1.2808049,0.1356518268585205,0.9487909078598022,0.6045519113540649
YMR104C,YCL054W,0,-1.280993,0.1356242448091507,0.9487909078598022,0.6046941876411438
YBL076C,YNL073W,1,-1.2821505,0.13579995930194855,0.9502133727073669,0.6046941876411438
YDR120C,YKL163W,0,-1.2827173,0.13577236235141754,0.9502133727073669,0.6048364043235779
YIL099W,YOR270C,0,-1.2842503,0.13574476540088654,0.9502133727073669,0.6049786806106567
YGL189C,YPL128C,0,-1.2842772,0.13571718335151672,0.9502133727073669,0.6051208972930908
YBL069W,YMR158W,0,-1.2846618,0.1356896162033081,0.9502133727073669,0.6052631735801697
YNR045W,YDR507C,0,-1.2847292,0.13566206395626068,0.9502133727073669,0.6054053902626038
YMR067C,YGL232W,0,-1.2847804,0.13563451170921326,0.9502133727073669,0.6055476665496826
YPL138C,YLR247C,0,-1.2854135,0.13560698926448822,0.9502133727073669,0.6056898832321167
YBR121C,YLL023C,0,-1.2858973,0.13557946681976318,0.9502133727073669,0.6058321595191956
YPL101W,YBR030W,0,-1.2863859,0.13555194437503815,0.9502133727073669,0.6059743762016296
YOR258W,YDR056C,0,-1.2864004,0.1355244517326355,0.9502133727073669,0.6061166524887085
YJL174W,YJL209W,0,-1.2868693,0.13549695909023285,0.9502133727073669,0.6062588691711426
YDR023W,YGR185C,1,-1.2871153,0.13567227125167847,0.9516358375549316,0.6062588691711426
YIR028W,YOR260W,0,-1.2886022,0.13564476370811462,0.9516358375549316,0.6064011454582214
YOR168W,YGR185C,1,-1.2897534,0.13581998646259308,0.9530583024024963,0.6064011454582214
YGL191W,YER044C,0,-1.290218,0.13579246401786804,0.9530583024024963,0.6065433621406555
YIL070C,YKL010C,0,-1.2905705,0.135764941573143,0.9530583024024963,0.6066856384277344
YLR413W,YFL053W,0,-1.2909546,0.13573743402957916,0.9530583024024963,0.6068278551101685
YPR033C,YDR276C,0,-1.291942,0.1357099413871765,0.9530583024024963,0.6069701313972473
YHR063C,YDR219C,0,-1.2921519,0.13568246364593506,0.9530583024024963,0.6071123480796814
YFR037C,YEL002C,0,-1.2924011,0.1356549859046936,0.9530583024024963,0.6072546243667603
YDR111C,YPR133C,0,-1.2924027,0.13562752306461334,0.9530583024024963,0.6073968410491943
YER172C,YLR178C,0,-1.292573,0.13560007512569427,0.9530583024024963,0.6075391173362732
YOL075C,YHR215W,0,-1.292932,0.1355726420879364,0.9530583024024963,0.607681393623352
YKR053C,YDR485C,0,-1.2940592,0.13554520905017853,0.9530583024024963,0.6078236103057861
YGR178C,YIL101C,0,-1.2942667,0.13551780581474304,0.9530583024024963,0.607965886592865
YDR300C,YOL002C,0,-1.2950492,0.13549038767814636,0.9530583024024963,0.6081081032752991
YPL033C,YCR054C,0,-1.2953222,0.13546299934387207,0.9530583024024963,0.6082503795623779
YGR132C,YOR034C,0,-1.2960999,0.13543561100959778,0.9530583024024963,0.608392596244812
YDR004W,YAR042W,0,-1.2980336,0.13540825247764587,0.9530583024024963,0.6085348725318909
YNL015W,YJR035W,0,-1.298166,0.13538087904453278,0.9530583024024963,0.608677089214325
YMR050C,YML018C,0,-1.2989254,0.13535353541374207,0.9530583024024963,0.6088193655014038
YOR312C,YFR047C,0,-1.2992241,0.13532619178295135,0.9530583024024963,0.6089615821838379
YDR253C,YPR054W,0,-1.2996907,0.13529886305332184,0.9530583024024963,0.6091038584709167
YIL013C,YMR081C,0,-1.299712,0.13527154922485352,0.9530583024024963,0.6092460751533508
YLR226W,YOL016C,0,-1.3002126,0.1352442502975464,0.9530583024024963,0.6093883514404297
YER131W,YCR065W,0,-1.3003666,0.13521695137023926,0.9530583024024963,0.6095305681228638
YIL093C,YKR064W,0,-1.301522,0.13518966734409332,0.9530583024024963,0.6096728444099426
YML048W,YER030W,0,-1.301595,0.13516239821910858,0.9530583024024963,0.6098150610923767
YMR047C,YPL141C,0,-1.3019583,0.13513512909412384,0.9530583024024963,0.6099573373794556
YKL002W,YOR150W,0,-1.3030524,0.1351078897714615,0.9530583024024963,0.6100995540618896
YOR167C,YGL001C,0,-1.3041387,0.13508065044879913,0.9530583024024963,0.6102418303489685
YDR409W,YDR092W,0,-1.3048049,0.13505341112613678,0.9530583024024963,0.6103840470314026
YJR046W,YOR032C,0,-1.3050241,0.13502620160579681,0.9530583024024963,0.6105263233184814
YMR094W,YKL125W,0,-1.3053762,0.13499899208545685,0.9530583024024963,0.6106685400009155
YKL052C,YGR007W,0,-1.3067946,0.13497179746627808,0.9530583024024963,0.6108108162879944
YBR039W,YOR192C,0,-1.3071795,0.1349446177482605,0.9530583024024963,0.6109530329704285
YDR381W,YHL001W,0,-1.3072816,0.13491743803024292,0.9530583024024963,0.6110953092575073
YMR163C,YKL158W,0,-1.3080451,0.13489027321338654,0.9530583024024963,0.6112375259399414
YOR396W,YDR432W,0,-1.3082496,0.13486312329769135,0.9530583024024963,0.6113798022270203
YIL111W,YNL041C,0,-1.3082786,0.13483598828315735,0.9530583024024963,0.6115220189094543
YDR284C,YMR110C,0,-1.3117356,0.13480885326862335,0.9530583024024963,0.6116642951965332
YAR003W,YLR035C,0,-1.3127701,0.13478173315525055,0.9530583024024963,0.6118065714836121
YBR268W,YDL134C,0,-1.3142489,0.13475462794303894,0.9530583024024963,0.6119487881660461
YNR045W,YFL062W,0,-1.3143623,0.13472752273082733,0.9530583024024963,0.612091064453125
YPL158C,YDL101C,0,-1.3151827,0.1347004473209381,0.9530583024024963,0.6122332811355591
YOR371C,YLR238W,0,-1.3151941,0.1346733719110489,0.9530583024024963,0.6123755574226379
YNR046W,YLR362W,0,-1.3165183,0.13464629650115967,0.9530583024024963,0.612517774105072
YDR202C,YER053C,0,-1.3196362,0.13461925089359283,0.9530583024024963,0.6126600503921509
YOL123W,YER039C,0,-1.3202795,0.134592205286026,0.9530583024024963,0.612802267074585
YOR039W,YDR129C,0,-1.3203837,0.13456517457962036,0.9530583024024963,0.6129445433616638
YCR028C-A,YOR328W,0,-1.3208185,0.13453815877437592,0.9530583024024963,0.6130867600440979
YDR545W,YOR320C,0,-1.3208331,0.13451114296913147,0.9530583024024963,0.6132290363311768
YMR023C,YOR007C,0,-1.321135,0.13448414206504822,0.9530583024024963,0.6133712530136108
YML065W,YLR292C,0,-1.3213027,0.13445715606212616,0.9530583024024963,0.6135135293006897
YHR167W,YNL316C,0,-1.3217007,0.1344301700592041,0.9530583024024963,0.6136557459831238
YHR050W,YMR264W,0,-1.3219543,0.13440321385860443,0.9530583024024963,0.6137980222702026
YPR181C,YOR086C,0,-1.3231333,0.13437625765800476,0.9530583024024963,0.6139402389526367
YCL051W,YBL051C,0,-1.3233054,0.1343493014574051,0.9530583024024963,0.6140825152397156
YGR152C,YDL006W,0,-1.3238549,0.1343223750591278,0.9530583024024963,0.6142247319221497
YEL024W,YOR150W,0,-1.3239281,0.13429544866085052,0.9530583024024963,0.6143670082092285
YCR091W,YJL219W,0,-1.3245348,0.13426853716373444,0.9530583024024963,0.6145092248916626
YML065W,YDL137W,0,-1.324585,0.13424164056777954,0.9530583024024963,0.6146515011787415
YDR016C,YGL011C,0,-1.3246964,0.13421474397182465,0.9530583024024963,0.6147937178611755
YOL130W,YHL031C,0,-1.3254821,0.13418786227703094,0.9530583024024963,0.6149359941482544
YPR140W,YMR230W,0,-1.3255031,0.13416099548339844,0.9530583024024963,0.6150782108306885
YER122C,YBL084C,0,-1.3261154,0.13413412868976593,0.9530583024024963,0.6152204871177673
YDR287W,YIL125W,0,-1.3262787,0.1341072916984558,0.9530583024024963,0.6153627038002014
YGL119W,YLR204W,0,-1.3278369,0.1340804547071457,0.9530583024024963,0.6155049800872803
YOR157C,YPR143W,0,-1.329009,0.13405361771583557,0.9530583024024963,0.6156471967697144
YDR139C,YPR075C,0,-1.3294291,0.13402681052684784,0.9530583024024963,0.6157894730567932
YBL027W,YGR060W,0,-1.3296359,0.1340000033378601,0.9530583024024963,0.6159317493438721
YPL153C,YJL179W,0,-1.3315064,0.13397321105003357,0.9530583024024963,0.6160739660263062
YBR008C,YGR271C-A,0,-1.3317338,0.13394641876220703,0.9530583024024963,0.616216242313385
YGL171W,YJR158W,0,-1.3321481,0.1339196413755417,0.9530583024024963,0.6163584589958191
YLR075W,YDR025W,0,-1.3338447,0.13389287889003754,0.9530583024024963,0.616500735282898
YKL135C,YDL003W,0,-1.3353431,0.13386613130569458,0.9530583024024963,0.616642951965332
YPL016W,YPR201W,0,-1.3360621,0.13383939862251282,0.9530583024024963,0.6167852282524109
YCR003W,YMR306W,0,-1.3366292,0.13381266593933105,0.9530583024024963,0.616927444934845
YDL051W,YLR013W,0,-1.3373952,0.13378594815731049,0.9530583024024963,0.6170697212219238
YOL077W-A,YPL283C,0,-1.3378056,0.13375923037528992,0.9530583024024963,0.6172119379043579
YJL092W,YNL311C,0,-1.3388987,0.13373252749443054,0.9530583024024963,0.6173542141914368
YDL247W,YPL254W,0,-1.3397039,0.13370585441589355,0.9530583024024963,0.6174964308738708
YPL254W,YER113C,0,-1.3403132,0.13367916643619537,0.9530583024024963,0.6176387071609497
YAL068C,YOL100W,0,-1.3403718,0.13365250825881958,0.9530583024024963,0.6177809238433838
YBR297W,YGR029W,0,-1.3404117,0.1336258500814438,0.9530583024024963,0.6179232001304626
YDR078C,YKR060W,0,-1.3408737,0.1335992068052292,0.9530583024024963,0.6180654168128967
YDR143C,YLR035C,0,-1.3409224,0.1335725635290146,0.9530583024024963,0.6182076930999756
YHR016C,YJL158C,0,-1.3409972,0.13354595005512238,0.9530583024024963,0.6183499097824097
YOR178C,YOL049W,0,-1.3421396,0.13351933658123016,0.9530583024024963,0.6184921860694885
YLL042C,YMR290C,0,-1.3440856,0.13349272310733795,0.9530583024024963,0.6186344027519226
YGR057C,YPL275W,0,-1.3449056,0.13346613943576813,0.9530583024024963,0.6187766790390015
YIL008W,YOR109W,0,-1.3450333,0.1334395557641983,0.9530583024024963,0.6189188957214355
YOR312C,YKL129C,0,-1.3469393,0.13341298699378967,0.9530583024024963,0.6190611720085144
YLR277C,YGR163W,0,-1.3474736,0.13338641822338104,0.9530583024024963,0.6192033886909485
YGL175C,YOL092W,0,-1.3484905,0.1333598792552948,0.9530583024024963,0.6193456649780273
YGL044C,YPL156C,0,-1.3498971,0.13333334028720856,0.9530583024024963,0.6194878816604614
YHR107C,YDR297W,0,-1.3527443,0.13330680131912231,0.9530583024024963,0.6196301579475403
YLR222C,YAL026C,0,-1.3543283,0.13328029215335846,0.9530583024024963,0.6197723746299744
YGL021W,YHR099W,0,-1.3545134,0.1332537829875946,0.9530583024024963,0.6199146509170532
YMR205C,YKR064W,0,-1.355882,0.13322728872299194,0.9530583024024963,0.6200569272041321
YMR242C,YJR121W,0,-1.3566109,0.13320079445838928,0.9530583024024963,0.6201991438865662
YIL067C,YIL052C,0,-1.357416,0.13317431509494781,0.9530583024024963,0.620341420173645
YGR152C,YJL013C,0,-1.3575389,0.13314785063266754,0.9530583024024963,0.6204836368560791
YMR071C,YGL210W-A,0,-1.3582526,0.13312140107154846,0.9530583024024963,0.620625913143158
YOR177C,YHL016C,0,-1.3602662,0.13309495151042938,0.9530583024024963,0.620768129825592
YML111W,YOR036W,0,-1.3608433,0.1330685168504715,0.9530583024024963,0.6209104061126709
YIL130W,YDR545W,0,-1.3609284,0.1330420970916748,0.9530583024024963,0.621052622795105
YDL239C,YFR038W,0,-1.36153,0.1330156773328781,0.9530583024024963,0.6211948990821838
YDR105C,YIR026C,0,-1.3616506,0.1329892873764038,0.9530583024024963,0.6213371157646179
YKR079C,YPL178W,0,-1.3622509,0.1329628825187683,0.9530583024024963,0.6214793920516968
YDL174C,YPR112C,0,-1.3635963,0.1329365074634552,0.9530583024024963,0.6216216087341309
YCR081W,YNL167C,0,-1.3640033,0.1329101324081421,0.9530583024024963,0.6217638850212097
YBL025W,YDL044C,0,-1.3641427,0.13288377225399017,0.9530583024024963,0.6219061017036438
YPL228W,YBR135W,0,-1.3642757,0.13285742700099945,0.9530583024024963,0.6220483779907227
YDR387C,YIL040W,0,-1.3645154,0.13283108174800873,0.9530583024024963,0.6221905946731567
YLR189C,YNL339C,0,-1.3656952,0.1328047513961792,0.9530583024024963,0.6223328709602356
YDR273W,YDL134C,0,-1.3688223,0.13277843594551086,0.9530583024024963,0.6224750876426697
YPL060C-A,YBR200W-A,0,-1.3692129,0.13275213539600372,0.9530583024024963,0.6226173639297485
YBL038W,YNL014W,0,-1.3697349,0.13272583484649658,0.9530583024024963,0.6227595806121826
YLR405W,YOR354C,0,-1.3723611,0.13269954919815063,0.9530583024024963,0.6229018568992615
YPL028W,YDR511W,0,-1.3725091,0.1326732635498047,0.9530583024024963,0.6230440735816956
YER140W,YPL176C,0,-1.3738341,0.13264700770378113,0.9530583024024963,0.6231863498687744
YBL035C,YGR007W,0,-1.3740151,0.13262073695659637,0.9530583024024963,0.6233285665512085
YIR010W,YOR100C,0,-1.3749164,0.132594496011734,0.9530583024024963,0.6234708428382874
YDR279W,YJL184W,0,-1.3750749,0.13256826996803284,0.9530583024024963,0.6236130595207214
YFL002W-A,YDL103C,0,-1.3759027,0.13254204392433167,0.9530583024024963,0.6237553358078003
YDR104C,YMR047C,0,-1.376864,0.1325158178806305,0.9530583024024963,0.6238975524902344
YDL207W,YCL054W,0,-1.3780488,0.1324896216392517,0.9530583024024963,0.6240398287773132
YKL155C,YIL066C,0,-1.379245,0.13246342539787292,0.9530583024024963,0.6241821050643921
YDR065W,YBR215W,0,-1.3793753,0.13243724405765533,0.9530583024024963,0.6243243217468262
YNL286W,YGL168W,0,-1.379587,0.13241106271743774,0.9530583024024963,0.624466598033905
YIL084C,YGL011C,0,-1.3804989,0.13238491117954254,0.9530583024024963,0.6246088147163391
YNL265C,YNL299W,0,-1.3808056,0.13235874474048615,0.9530583024024963,0.624751091003418
YOR113W,YOR060C,0,-1.38287,0.13233260810375214,0.9530583024024963,0.624893307685852
YMR291W,YMR175W,0,-1.383138,0.13230647146701813,0.9530583024024963,0.6250355839729309
YDL014W,YHR076W,0,-1.3836653,0.1322803497314453,0.9530583024024963,0.625177800655365
YJL028W,YLR154C,0,-1.3836653,0.1322542428970337,0.9530583024024963,0.6253200769424438
YNL289W,YLR004C,0,-1.3842056,0.13222813606262207,0.9530583024024963,0.6254622936248779
YJL158C,YDL175C,0,-1.3847301,0.13220205903053284,0.9530583024024963,0.6256045699119568
YFL025C,YGL047W,0,-1.3865062,0.1321759670972824,0.9530583024024963,0.6257467865943909
YPR019W,YPR100W,0,-1.3869315,0.13214990496635437,0.9530583024024963,0.6258890628814697
YNR073C,YML019W,0,-1.3869535,0.13212384283542633,0.9530583024024963,0.6260312795639038
YOL069W,YER075C,0,-1.387134,0.13209779560565948,0.9530583024024963,0.6261735558509827
YBR302C,YFR051C,0,-1.3873248,0.13207174837589264,0.9530583024024963,0.6263157725334167
YML031W,YCR036W,0,-1.3891844,0.132045716047287,0.9530583024024963,0.6264580488204956
YKR034W,YPL237W,0,-1.3897556,0.13201969861984253,0.9530583024024963,0.6266002655029297
YMR256C,YDR145W,0,-1.3901898,0.13199369609355927,0.9530583024024963,0.6267425417900085
YBL023C,YMR166C,0,-1.3903391,0.131967693567276,0.9530583024024963,0.6268847584724426
YJR144W,YJL122W,0,-1.3904109,0.13194170594215393,0.9530583024024963,0.6270270347595215
YFL016C,YDR178W,0,-1.3919969,0.13191573321819305,0.9530583024024963,0.6271692514419556
YLR307W,YPL190C,0,-1.3921546,0.13188976049423218,0.9530583024024963,0.6273115277290344
YPR158W-A,YBR107C,0,-1.3925618,0.1318638026714325,0.9530583024024963,0.6274537444114685
YFR003C,YMR040W,0,-1.3928887,0.131837859749794,0.9530583024024963,0.6275960206985474
YKL208W,YHR107C,0,-1.3932692,0.13181191682815552,0.9530583024024963,0.6277382373809814
YJL041W,YLR186W,0,-1.3934444,0.13178598880767822,0.9530583024024963,0.6278805136680603
YBL019W,YOR144C,0,-1.3942258,0.13176007568836212,0.9530583024024963,0.6280227303504944
YBR159W,YML060W,0,-1.3946934,0.13173417747020721,0.9530583024024963,0.6281650066375732
YNR045W,YLR284C,0,-1.3953322,0.1317082792520523,0.9530583024024963,0.6283072829246521
YJR041C,YKL141W,0,-1.3956757,0.1316823959350586,0.9530583024024963,0.6284494996070862
YKR079C,YGR055W,0,-1.3958722,0.13165651261806488,0.9530583024024963,0.628591775894165
YDR406W,YDR362C,0,-1.3966693,0.13163064420223236,0.9530583024024963,0.6287339925765991
YNL288W,YLR332W,0,-1.3972013,0.13160479068756104,0.9530583024024963,0.628876268863678
YOL067C,YGL139W,0,-1.3975042,0.1315789520740509,0.9530583024024963,0.6290184855461121
YPL003W,YGR097W,0,-1.3981524,0.13155311346054077,0.9530583024024963,0.6291607618331909
YLR362W,YPL271W,0,-1.4026549,0.13152728974819183,0.9530583024024963,0.629302978515625
YGR103W,YIR014W,0,-1.4027224,0.1315014660358429,0.9530583024024963,0.6294452548027039
YGL009C,YFL037W,0,-1.4030435,0.13147567212581635,0.9530583024024963,0.6295874714851379
YKR046C,YIL106W,0,-1.4030561,0.1314498782157898,0.9530583024024963,0.6297297477722168
YIL120W,YDR128W,0,-1.403165,0.13142408430576324,0.9530583024024963,0.6298719644546509
YLR222C,YGL001C,0,-1.4034479,0.13139832019805908,0.9530583024024963,0.6300142407417297
YGR203W,YHL015W,0,-1.4036604,0.13137255609035492,0.9530583024024963,0.6301564574241638
YFR032C-A,YOR061W,0,-1.4055117,0.13134679198265076,0.9530583024024963,0.6302987337112427
YNR041C,YIL009W,0,-1.4066736,0.13132105767726898,0.9530583024024963,0.6304409503936768
YLR259C,YLR399C,0,-1.407335,0.1312953233718872,0.9530583024024963,0.6305832266807556
YPR019W,YDR284C,0,-1.4090729,0.13126958906650543,0.9530583024024963,0.6307254433631897
YMR287C,YPL269W,0,-1.4107385,0.13124388456344604,0.9530583024024963,0.6308677196502686
YKL209C,YPR158W-B,0,-1.4115412,0.13121818006038666,0.9530583024024963,0.6310099363327026
YGR158C,YLR283W,0,-1.4119644,0.13119247555732727,0.9530583024024963,0.6311522126197815
YNL106C,YOL092W,0,-1.4127225,0.13116680085659027,0.9530583024024963,0.6312944293022156
YCR010C,YIR034C,0,-1.4130635,0.13114112615585327,0.9530583024024963,0.6314367055892944
YEL050C,YKR097W,0,-1.4133943,0.13111546635627747,0.9530583024024963,0.6315789222717285
YHR176W,YIL074C,0,-1.4135051,0.13108980655670166,0.9530583024024963,0.6317211985588074
YLR204W,YHR215W,0,-1.414848,0.13106416165828705,0.9530583024024963,0.6318634152412415
YDR425W,YDL031W,0,-1.4164481,0.13103853166103363,0.9530583024024963,0.6320056915283203
YHR183W,YIL129C,0,-1.4168005,0.1310129016637802,0.9530583024024963,0.6321479082107544
YML101C,YPR201W,0,-1.4168311,0.130987286567688,0.9530583024024963,0.6322901844978333
YBR164C,YDR483W,0,-1.4183747,0.13096168637275696,0.9530583024024963,0.6324324607849121
YKL051W,YAR009C,0,-1.4189153,0.13093610107898712,0.9530583024024963,0.6325746774673462
YGL038C,YDL150W,0,-1.4200523,0.13091051578521729,0.9530583024024963,0.632716953754425
YGL017W,YBL030C,0,-1.4205539,0.13088494539260864,0.9530583024024963,0.6328591704368591
YBL003C,YHR086W,0,-1.4213753,0.130859375,0.9530583024024963,0.633001446723938
YDL155W,YLL005C,0,-1.4214243,0.13083381950855255,0.9530583024024963,0.6331436634063721
YDR523C,YOL088C,0,-1.4215066,0.1308082789182663,0.9530583024024963,0.6332859396934509
YIR015W,YPR165W,0,-1.4217352,0.13078273832798004,0.9530583024024963,0.633428156375885
YER153C,YOL137W,0,-1.4243182,0.13075722754001617,0.9530583024024963,0.6335704326629639
YOR124C,YCR092C,0,-1.4243522,0.1307317018508911,0.9530583024024963,0.633712649345398
YOL008W,YER071C,0,-1.4257646,0.13070620596408844,0.9530583024024963,0.6338549256324768
YFL044C,YLR128W,0,-1.426122,0.13068071007728577,0.9530583024024963,0.6339971423149109
YNL213C,YHR003C,0,-1.4262958,0.1306552290916443,0.9530583024024963,0.6341394186019897
YLR227W-A,YLR360W,0,-1.4275495,0.1306297481060028,0.9530583024024963,0.6342816352844238
YMR275C,YDL214C,0,-1.4277322,0.13060428202152252,0.9530583024024963,0.6344239115715027
YFR006W,YLL005C,0,-1.4299068,0.13057883083820343,0.9530583024024963,0.6345661282539368
YJR125C,YDR533C,0,-1.4300938,0.13055339455604553,0.9530583024024963,0.6347084045410156
YPL001W,YER007C-A,0,-1.4324999,0.13052795827388763,0.9530583024024963,0.6348506212234497
YPL019C,YLR154C,0,-1.4343953,0.13050253689289093,0.9530583024024963,0.6349928975105286
YMR080C,YPL275W,0,-1.4359018,0.13047711551189423,0.9530583024024963,0.6351351141929626
YDL076C,YIL044C,0,-1.4362923,0.13045170903205872,0.9530583024024963,0.6352773904800415
YPL029W,YIL022W,0,-1.4367447,0.1304263174533844,0.9530583024024963,0.6354196071624756
YPL146C,YDR118W,0,-1.4375728,0.13040094077587128,0.9530583024024963,0.6355618834495544
YML042W,YNL051W,0,-1.437707,0.13037556409835815,0.9530583024024963,0.6357041001319885
YMR298W,YCL054W,0,-1.4391898,0.13035018742084503,0.9530583024024963,0.6358463764190674
YLL053C,YML024W,0,-1.4398304,0.1303248405456543,0.9530583024024963,0.6359885931015015
YML111W,YPL085W,0,-1.4400358,0.13029949367046356,0.9530583024024963,0.6361308693885803
YIL123W,YKR092C,0,-1.4417769,0.13027416169643402,0.9530583024024963,0.6362730860710144
YPR019W,YPL135W,0,-1.4432911,0.13024882972240448,0.9530583024024963,0.6364153623580933
YDR420W,YJL143W,0,-1.4433239,0.13022351264953613,0.9530583024024963,0.6365576386451721
YPL029W,YNL323W,0,-1.4437463,0.13019821047782898,0.9530583024024963,0.6366998553276062
YIL015W,YLR460C,0,-1.4451487,0.13017292320728302,0.9530583024024963,0.6368421316146851
YMR233W,YHR001W,0,-1.445415,0.13014763593673706,0.9530583024024963,0.6369843482971191
YNL180C,YPL055C,0,-1.4454284,0.1301223486661911,0.9530583024024963,0.637126624584198
YOR125C,YCL055W,0,-1.4478621,0.13009709119796753,0.9530583024024963,0.6372688412666321
YBR089C-A,YNL087W,0,-1.4479761,0.13007183372974396,0.9530583024024963,0.6374111175537109
YIR015W,YDR516C,0,-1.4482117,0.13004659116268158,0.9530583024024963,0.637553334236145
YOR124C,YIL144W,0,-1.4486916,0.1300213485956192,0.9530583024024963,0.6376956105232239
YOR196C,YAL001C,0,-1.4488305,0.12999612092971802,0.9530583024024963,0.637837827205658
YHR124W,YDL207W,0,-1.4492356,0.12997090816497803,0.9530583024024963,0.6379801034927368
YLR002C,YPR049C,0,-1.4495776,0.12994569540023804,0.9530583024024963,0.6381223201751709
YGL185C,YLR247C,0,-1.4506667,0.12992049753665924,0.9530583024024963,0.6382645964622498
YMR243C,YNL325C,0,-1.4509802,0.12989531457424164,0.9530583024024963,0.6384068131446838
YMR043W,YIL106W,0,-1.4513148,0.12987013161182404,0.9530583024024963,0.6385490894317627
YDL087C,YDR210W-C,0,-1.4526212,0.12984496355056763,0.9530583024024963,0.6386913061141968
YPR048W,YNR022C,0,-1.4533291,0.12981979548931122,0.9530583024024963,0.6388335824012756
YBL080C,YGL029W,0,-1.4551541,0.1297946572303772,0.9530583024024963,0.6389757990837097
YBR280C,YHR154W,0,-1.4554412,0.12976951897144318,0.9530583024024963,0.6391180753707886
YML034W,YLL014W,0,-1.4554743,0.12974438071250916,0.9530583024024963,0.6392602920532227
YMR247C,YDL065C,0,-1.4558218,0.12971925735473633,0.9530583024024963,0.6394025683403015
YLR341W,YCR028C,0,-1.4564244,0.1296941488981247,0.9530583024024963,0.6395447850227356
YMR251W-A,YBR239C,0,-1.4567893,0.12966905534267426,0.9530583024024963,0.6396870613098145
YPL178W,YGR106C,0,-1.4583972,0.12964396178722382,0.9530583024024963,0.6398292779922485
YMR233W,YDR315C,0,-1.4584732,0.12961888313293457,0.9530583024024963,0.6399715542793274
YCR003W,YML065W,0,-1.4605571,0.12959380447864532,0.9530583024024963,0.6401137709617615
YLR306W,YDR312W,0,-1.4630361,0.12956875562667847,0.9530583024024963,0.6402560472488403
YDR123C,YGL031C,0,-1.4652739,0.12954369187355042,0.9530583024024963,0.6403982639312744
YFR038W,YOR354C,0,-1.4653932,0.12951865792274475,0.9530583024024963,0.6405405402183533
YOR316C,YLL014W,0,-1.4655422,0.1294936239719391,0.9530583024024963,0.6406828165054321
YNR054C,YDR323C,0,-1.4657489,0.12946860492229462,0.9530583024024963,0.6408250331878662
YGL035C,YLL053C,0,-1.4659692,0.12944358587265015,0.9530583024024963,0.6409673094749451
YGR094W,YGR185C,1,-1.4663639,0.12961174547672272,0.954480767250061,0.6409673094749451
YER141W,YPR021C,0,-1.466923,0.12958671152591705,0.954480767250061,0.6411095261573792
YER025W,YDL180W,0,-1.4677527,0.12956169247627258,0.954480767250061,0.641251802444458
YNL064C,YKL042W,0,-1.4687693,0.1295366734266281,0.954480767250061,0.6413940191268921
YHL035C,YGR161C-C,0,-1.4693127,0.12951168417930603,0.954480767250061,0.641536295413971
YBL005W-A,YOR075W,0,-1.470513,0.12948668003082275,0.954480767250061,0.641678512096405
YLR014C,YCR038C,0,-1.4706372,0.12946170568466187,0.954480767250061,0.6418207883834839
YNL030W,YHR202W,0,-1.4721451,0.12943673133850098,0.954480767250061,0.641963005065918
YKR099W,YEL013W,0,-1.4735867,0.12941177189350128,0.954480767250061,0.6421052813529968
YPL116W,YKL176C,0,-1.4737632,0.1293868124485016,0.954480767250061,0.6422474980354309
YLR189C,YEL020W-A,0,-1.4745789,0.12936186790466309,0.954480767250061,0.6423897743225098
YFL061W,YIR017C,0,-1.4746379,0.12933693826198578,0.954480767250061,0.6425319910049438
YJR067C,YJL108C,0,-1.4750481,0.12931200861930847,0.954480767250061,0.6426742672920227
YOR069W,YBR198C,0,-1.4751799,0.12928709387779236,0.954480767250061,0.6428164839744568
YFL011W,YHR076W,0,-1.4751813,0.12926217913627625,0.954480767250061,0.6429587602615356
YLR034C,YOR172W,0,-1.4758582,0.12923729419708252,0.954480767250061,0.6431009769439697
YLR059C,YCL044C,0,-1.4760377,0.1292123943567276,0.954480767250061,0.6432432532310486
YEL047C,YFR038W,0,-1.4762378,0.12918752431869507,0.954480767250061,0.6433854699134827
YKL195W,YML106W,0,-1.4771681,0.12916265428066254,0.954480767250061,0.6435277462005615
YCR028C-A,YOR356W,0,-1.4772319,0.1291377991437912,0.954480767250061,0.6436699628829956
YLL062C,YFL035C-B,0,-1.4832548,0.12911294400691986,0.954480767250061,0.6438122391700745
YKL026C,YFR044C,0,-1.4833171,0.12908810377120972,0.954480767250061,0.6439544558525085
YGR275W,YER019W,0,-1.4853003,0.12906327843666077,0.954480767250061,0.6440967321395874
YEL032W,YGR211W,0,-1.4863275,0.129038468003273,0.954480767250061,0.6442389488220215
YJR091C,YPR201W,0,-1.4875168,0.12901365756988525,0.954480767250061,0.6443812251091003
YNL087W,YLR117C,0,-1.4877994,0.1289888471364975,0.954480767250061,0.6445234417915344
YKR067W,YLL005C,0,-1.4879738,0.12896406650543213,0.954480767250061,0.6446657180786133
YHR090C,YDR038C,0,-1.4879888,0.12893927097320557,0.954480767250061,0.6448079943656921
YNR045W,YAL056W,0,-1.4892598,0.1289145052433014,0.954480767250061,0.6449502110481262
YGL070C,YGL018C,0,-1.4901396,0.12888973951339722,0.954480767250061,0.6450924873352051
YDL082W,YMR217W,0,-1.4901707,0.12886498868465424,0.954480767250061,0.6452347040176392
YPL189C-A,YNR061C,0,-1.4914092,0.12884025275707245,0.954480767250061,0.645376980304718
YDL122W,YIL019W,0,-1.4921167,0.12881551682949066,0.954480767250061,0.6455191969871521
YGL016W,YPR169W,0,-1.4923859,0.12879078090190887,0.954480767250061,0.645661473274231
YGR231C,YNR026C,0,-1.4930733,0.12876607477664948,0.954480767250061,0.645803689956665
YPR185W,YIL084C,0,-1.4947788,0.12874136865139008,0.954480767250061,0.6459459662437439
YOL042W,YJL173C,0,-1.495136,0.12871666252613068,0.954480767250061,0.646088182926178
YDL012C,YNL075W,0,-1.4952304,0.12869198620319366,0.954480767250061,0.6462304592132568
YDL112W,YJL003W,0,-1.4984057,0.12866730988025665,0.954480767250061,0.6463726758956909
YLR310C,YBL060W,0,-1.4985154,0.12864263355731964,0.954480767250061,0.6465149521827698
YMR266W,YPR054W,0,-1.499156,0.12861798703670502,0.954480767250061,0.6466571688652039
YIL127C,YFL036W,0,-1.4992092,0.1285933256149292,0.954480767250061,0.6467994451522827
YML065W,YHR165C,0,-1.4992256,0.12856869399547577,0.954480767250061,0.6469416618347168
YNR075W,YFR005C,0,-1.499942,0.12854406237602234,0.954480767250061,0.6470839381217957
YIL173W,YOL098C,0,-1.5009305,0.1285194456577301,0.954480767250061,0.6472261548042297
YOL001W,YKL077W,0,-1.5032166,0.12849482893943787,0.954480767250061,0.6473684310913086
YLR121C,YJR097W,0,-1.5032637,0.12847022712230682,0.954480767250061,0.6475106477737427
YNL224C,YDR380W,0,-1.5034916,0.12844564020633698,0.954480767250061,0.6476529240608215
YOR381W,YIL073C,0,-1.5042737,0.12842105329036713,0.954480767250061,0.6477951407432556
YNL024C-A,YKL156W,0,-1.5046418,0.12839648127555847,0.954480767250061,0.6479374170303345
YFL002W-A,YNL136W,0,-1.5051754,0.12837190926074982,0.954480767250061,0.6480796337127686
YPL104W,YPL160W,1,-1.5053606,0.12853863835334778,0.9559032917022705,0.6480796337127686
YDR212W,YNL191W,0,-1.5056646,0.12851405143737793,0.9559032917022705,0.6482219099998474
YLR194C,YJR056C,0,-1.5062137,0.12848947942256927,0.9559032917022705,0.6483641266822815
YML065W,YAR003W,0,-1.5067255,0.12846492230892181,0.9559032917022705,0.6485064029693604
YOR058C,YOR060C,0,-1.5081234,0.12844036519527435,0.9559032917022705,0.6486486196517944
YAL048C,YLR265C,0,-1.5088022,0.12841582298278809,0.9559032917022705,0.6487908959388733
YKL150W,YPR155C,0,-1.5103612,0.12839128077030182,0.9559032917022705,0.6489331722259521
YLR207W,YIL074C,0,-1.5108739,0.12836676836013794,0.9559032917022705,0.6490753889083862
YMR192W,YMR139W,0,-1.5113938,0.12834224104881287,0.9559032917022705,0.6492176651954651
YOL125W,YPR070W,0,-1.5115886,0.12831774353981018,0.9559032917022705,0.6493598818778992
YML065W,YDL108W,0,-1.5123312,0.1282932460308075,0.9559032917022705,0.649502158164978
YNL021W,YNL225C,0,-1.5127909,0.1282687485218048,0.9559032917022705,0.6496443748474121
YCR008W,YNL123W,0,-1.5140865,0.1282442808151245,0.9559032917022705,0.649786651134491
YPL100W,YIL064W,0,-1.5145699,0.12821979820728302,0.9559032917022705,0.649928867816925
YIL090W,YPR175W,0,-1.5161313,0.12819534540176392,0.9559032917022705,0.6500711441040039
YPL140C,YLR035C-A,0,-1.5163505,0.1281708925962448,0.9559032917022705,0.650213360786438
YMR068W,YOR049C,0,-1.5168955,0.1281464546918869,0.9559032917022705,0.6503556370735168
YJL063C,YHR112C,0,-1.5169115,0.128122016787529,0.9559032917022705,0.6504978537559509
YIL160C,YPR105C,0,-1.5183308,0.12809759378433228,0.9559032917022705,0.6506401300430298
YGL039W,YDL012C,0,-1.5183387,0.12807318568229675,0.9559032917022705,0.6507823467254639
YKL059C,YLR120C,0,-1.5185037,0.12804877758026123,0.9559032917022705,0.6509246230125427
YMR312W,YNL067W,0,-1.5225931,0.1280243843793869,0.9559032917022705,0.6510668396949768
YBL030C,YDR303C,0,-1.5228156,0.12800000607967377,0.9559032917022705,0.6512091159820557
YNR036C,YHL009W-B,0,-1.523576,0.12797562777996063,0.9559032917022705,0.6513513326644897
YML106W,YMR244C-A,0,-1.5258108,0.1279512494802475,0.9559032917022705,0.6514936089515686
YKR049C,YGR181W,0,-1.5266633,0.12792690098285675,0.9559032917022705,0.6516358256340027
YPL068C,YBR054W,0,-1.5280657,0.127902552485466,0.9559032917022705,0.6517781019210815
YOR339C,YOR357C,0,-1.5280724,0.12787820398807526,0.9559032917022705,0.6519203186035156
YJR084W,YBL069W,0,-1.5281768,0.1278538852930069,0.9559032917022705,0.6520625948905945
YLR118C,YKL062W,0,-1.5282574,0.12782956659793854,0.9559032917022705,0.6522048115730286
YOL016C,YBR142W,0,-1.5284812,0.12780524790287018,0.9559032917022705,0.6523470878601074
YNL293W,YPR133C,0,-1.5303969,0.127780944108963,0.9559032917022705,0.6524893045425415
YOL069W,YGL070C,0,-1.5316857,0.12775665521621704,0.9559032917022705,0.6526315808296204
YPR165W,YPL268W,0,-1.5316978,0.12773236632347107,0.9559032917022705,0.6527737975120544
YBR008C,YJL189W,0,-1.5321107,0.1277080923318863,0.9559032917022705,0.6529160737991333
YCR024C,YBL076C,1,-1.5324736,0.12787383794784546,0.9573257565498352,0.6529160737991333
YGR038C-A,YIL106W,0,-1.5336044,0.1278495490550995,0.9573257565498352,0.6530583500862122
YML120C,YDR341C,0,-1.5336597,0.12782526016235352,0.9573257565498352,0.6532005667686462
YOR049C,YIL098C,0,-1.5344095,0.12780098617076874,0.9573257565498352,0.6533428430557251
YER147C,YJL198W,0,-1.5349987,0.12777672708034515,0.9573257565498352,0.6534850597381592
YNL112W,YGL053W,0,-1.5359142,0.12775246798992157,0.9573257565498352,0.653627336025238
YDR273W,YGL053W,0,-1.5365059,0.12772822380065918,0.9573257565498352,0.6537695527076721
YGL079W,YJL108C,0,-1.5376848,0.1277039796113968,0.9573257565498352,0.653911828994751
YHR050W,YEL032W,0,-1.5391381,0.1276797503232956,0.9573257565498352,0.6540540456771851
YPL017C,YLR007W,0,-1.5401602,0.1276555359363556,0.9573257565498352,0.6541963219642639
YDR312W,YDR234W,0,-1.541101,0.12763133645057678,0.9573257565498352,0.654338538646698
YPL115C,YER174C,0,-1.5413976,0.12760712206363678,0.9573257565498352,0.6544808149337769
YLR467W,YDR153C,0,-1.5423702,0.12758293747901917,0.9573257565498352,0.6546230316162109
YBL002W,YHR106W,0,-1.5440801,0.12755875289440155,0.9573257565498352,0.6547653079032898
YDR365C,YDL139C,0,-1.5449841,0.12753458321094513,0.9573257565498352,0.6549075245857239
YHR010W,YHR176W,0,-1.5464056,0.1275104135274887,0.9573257565498352,0.6550498008728027
YDR367W,YGL067W,0,-1.5487894,0.12748627364635468,0.9573257565498352,0.6551920175552368
YHR013C,YGR076C,0,-1.5490038,0.12746211886405945,0.9573257565498352,0.6553342938423157
YMR131C,YDR142C,0,-1.5492806,0.12743797898292542,0.9573257565498352,0.6554765105247498
YER001W,YOL092W,0,-1.5495709,0.12741385400295258,0.9573257565498352,0.6556187868118286
YKL077W,YML058W,0,-1.5504824,0.12738974392414093,0.9573257565498352,0.6557610034942627
YLR382C,YER087W,1,-1.5518434,0.12755487859249115,0.9587482213973999,0.6557610034942627
YLR017W,YIL009W,0,-1.5525616,0.1275307536125183,0.9587482213973999,0.6559032797813416
YFL044C,YCL031C,0,-1.5531818,0.12750662863254547,0.9587482213973999,0.6560454964637756
YMR017W,YBR039W,0,-1.5534269,0.12748250365257263,0.9587482213973999,0.6561877727508545
YFL049W,YLR040C,0,-1.554768,0.127458393573761,0.9587482213973999,0.6563299894332886
YMR305C,YOL137W,0,-1.5565274,0.12743429839611053,0.9587482213973999,0.6564722657203674
YDR212W,YHR178W,0,-1.5581462,0.12741020321846008,0.9587482213973999,0.6566144824028015
YMR023C,YPL207W,0,-1.5595764,0.12738612294197083,0.9587482213973999,0.6567567586898804
YNR043W,YFL036W,0,-1.5601525,0.12736205756664276,0.9587482213973999,0.6568989753723145
YGL219C,YLR022C,0,-1.5604663,0.1273379921913147,0.9587482213973999,0.6570412516593933
YOL091W,YBR107C,0,-1.5609448,0.12731394171714783,0.9587482213973999,0.6571835279464722
YOL116W,YOR070C,0,-1.5614413,0.12728989124298096,0.9587482213973999,0.6573257446289062
YDR180W,YIR017C,0,-1.5629222,0.12726585566997528,0.9587482213973999,0.6574680209159851
YML096W,YMR244C-A,0,-1.5643338,0.1272418349981308,0.9587482213973999,0.6576102375984192
YDR188W,YBL084C,0,-1.5649092,0.12721781432628632,0.9587482213973999,0.657752513885498
YPR156C,YDR294C,0,-1.5658228,0.12719380855560303,0.9587482213973999,0.6578947305679321
YDR050C,YJL173C,0,-1.5664564,0.12716981768608093,0.9587482213973999,0.658037006855011
YPL232W,YML024W,0,-1.5667479,0.12714582681655884,0.9587482213973999,0.6581792235374451
YCR065W,YJL026W,0,-1.567041,0.12712183594703674,0.9587482213973999,0.6583214998245239
YIL022W,YBR077C,0,-1.5673013,0.12709787487983704,0.9587482213973999,0.658463716506958
YNL183C,YML008C,0,-1.5682383,0.12707391381263733,0.9587482213973999,0.6586059927940369
YHR113W,YNL069C,0,-1.5690353,0.12704995274543762,0.9587482213973999,0.658748209476471
YBR106W,YBL040C,0,-1.5703124,0.1270260065793991,0.9587482213973999,0.6588904857635498
YLR451W,YPR075C,0,-1.5711726,0.1270020753145218,0.9587482213973999,0.6590327024459839
YDR529C,YNR056C,0,-1.5729064,0.12697814404964447,0.9587482213973999,0.6591749787330627
YJL133W,YOL137W,0,-1.5729742,0.12695422768592834,0.9587482213973999,0.6593171954154968
YPR025C,YJL170C,0,-1.5731313,0.1269303262233734,0.9587482213973999,0.6594594717025757
YOR007C,YNL169C,0,-1.5736763,0.12690642476081848,0.9587482213973999,0.6596016883850098
YGL231C,YDR384C,0,-1.5744809,0.12688252329826355,0.9587482213973999,0.6597439646720886
YOR070C,YPL061W,0,-1.5750672,0.126858651638031,0.9587482213973999,0.6598861813545227
YBL002W,YDL093W,0,-1.5757974,0.12683477997779846,0.9587482213973999,0.6600284576416016
YBL014C,YNL166C,0,-1.5764662,0.12681090831756592,0.9587482213973999,0.6601706743240356
YEL032W,YHL018W,0,-1.5779965,0.12678705155849457,0.9587482213973999,0.6603129506111145
YKL197C,YHR099W,0,-1.5785888,0.1267632097005844,0.9587482213973999,0.6604551672935486
YGL002W,YIL103W,0,-1.5795333,0.12673938274383545,0.9587482213973999,0.6605974435806274
YBR171W,YIL037C,0,-1.5796802,0.1267155408859253,0.9587482213973999,0.6607396602630615
YKL055C,YHR010W,0,-1.5801713,0.12669172883033752,0.9587482213973999,0.6608819365501404
YJR067C,YNL103W,0,-1.5801957,0.12666791677474976,0.9587482213973999,0.6610241532325745
YBR044C,YDR074W,0,-1.5818574,0.12664411962032318,0.9587482213973999,0.6611664295196533
YML106W,YGL173C,0,-1.5822225,0.1266203224658966,0.9587482213973999,0.6613087058067322
YAL061W,YBR092C,0,-1.5827835,0.12659654021263123,0.9587482213973999,0.6614509224891663
YHR210C,YLR378C,0,-1.5832419,0.12657277286052704,0.9587482213973999,0.6615931987762451
YDR481C,YGR088W,0,-1.5865102,0.12654900550842285,0.9587482213973999,0.6617354154586792
YPL214C,YGR008C,0,-1.5873413,0.12652525305747986,0.9587482213973999,0.6618776917457581
YBR265W,YCR058C,0,-1.5902154,0.12650150060653687,0.9587482213973999,0.6620199084281921
YOR192C-A,YDL006W,0,-1.5912255,0.12647776305675507,0.9587482213973999,0.662162184715271
YIL160C,YIL064W,0,-1.5915005,0.12645404040813446,0.9587482213973999,0.6623044013977051
YER029C,YAR066W,0,-1.5918018,0.12643031775951385,0.9587482213973999,0.6624466776847839
YBL088C,YER033C,0,-1.5936745,0.12640659511089325,0.9587482213973999,0.662588894367218
YOR100C,YER044C,0,-1.5941223,0.12638290226459503,0.9587482213973999,0.6627311706542969
YAL068C,YFR051C,0,-1.5941303,0.12635920941829681,0.9587482213973999,0.662873387336731
YML046W,YDR507C,0,-1.5942533,0.1263355165719986,0.9587482213973999,0.6630156636238098
YNL270C,YMR236W,0,-1.594317,0.12631183862686157,0.9587482213973999,0.6631578803062439
YBR029C,YIL009W,0,-1.5943722,0.12628817558288574,0.9587482213973999,0.6633001565933228
YAR033W,YLL016W,0,-1.5953588,0.1262645125389099,0.9587482213973999,0.6634423732757568
YDR540C,YIR014W,0,-1.5960138,0.12624086439609528,0.9587482213973999,0.6635846495628357
YPR128C,YER172C,0,-1.59606,0.12621723115444183,0.9587482213973999,0.6637268662452698
YOL042W,YBL078C,0,-1.5965044,0.1261935979127884,0.9587482213973999,0.6638691425323486
YIL013C,YDL222C,0,-1.5966225,0.12616997957229614,0.9587482213973999,0.6640113592147827
YOR326W,YGR106C,0,-1.5969363,0.1261463612318039,0.9587482213973999,0.6641536355018616
YGL205W,YLR357W,0,-1.5969733,0.12612275779247284,0.9587482213973999,0.6642958521842957
YCL038C,YKL002W,0,-1.5974468,0.12609915435314178,0.9587482213973999,0.6644381284713745
YBL101W-A,YML018C,0,-1.5988257,0.12607556581497192,0.9587482213973999,0.6645803451538086
YBR216C,YJL209W,0,-1.5990295,0.12605199217796326,0.9587482213973999,0.6647226214408875
YHL016C,YGR078C,0,-1.5994246,0.1260284185409546,0.9587482213973999,0.6648648381233215
YER007C-A,YPL242C,0,-1.599781,0.12600485980510712,0.9587482213973999,0.6650071144104004
YMR106C,YFL022C,0,-1.600222,0.12598130106925964,0.9587482213973999,0.6651493310928345
YOR088W,YHR161C,0,-1.6005338,0.12595777213573456,0.9587482213973999,0.6652916073799133
YIL129C,YGR202C,0,-1.6023676,0.12593422830104828,0.9587482213973999,0.6654338836669922
YDR367W,YGL131C,0,-1.6035936,0.1259106993675232,0.9587482213973999,0.6655761003494263
YHR210C,YJR084W,0,-1.6038721,0.1258871853351593,0.9587482213973999,0.6657183766365051
YBR240C,YDR372C,0,-1.6041338,0.1258636862039566,0.9587482213973999,0.6658605933189392
YBR058C,YMR130W,0,-1.6058666,0.1258401721715927,0.9587482213973999,0.6660028696060181
YGL023C,YOR396W,0,-1.6073734,0.1258166879415512,0.9587482213973999,0.6661450862884521
YHR201C,YLL021W,0,-1.6073818,0.1257932037115097,0.9587482213973999,0.666287362575531
YBL050W,YMR051C,0,-1.6084982,0.1257697343826294,0.9587482213973999,0.6664295792579651
YOR254C,YBL039C,0,-1.6101228,0.12574626505374908,0.9587482213973999,0.666571855545044
YBR211C,YDR394W,0,-1.6116498,0.12572281062602997,0.9587482213973999,0.666714072227478
YNR020C,YPL227C,0,-1.6125107,0.12569937109947205,0.9587482213973999,0.6668563485145569
YOR369C,YGR047C,0,-1.6125135,0.12567593157291412,0.9587482213973999,0.666998565196991
YOR257W,YCR071C,0,-1.6148379,0.1256524920463562,0.9587482213973999,0.6671408414840698
YDR141C,YGL178W,0,-1.6173606,0.12562908232212067,0.9587482213973999,0.6672830581665039
YEL044W,YKL120W,0,-1.6177542,0.12560567259788513,0.9587482213973999,0.6674253344535828
YKL108W,YBR045C,0,-1.6208571,0.1255822628736496,0.9587482213973999,0.6675675511360168
YLR304C,YBR083W,0,-1.6210817,0.12555886805057526,0.9587482213973999,0.6677098274230957
YML110C,YLR106C,0,-1.6212304,0.1255354881286621,0.9587482213973999,0.6678520441055298
YIL013C,YBR070C,0,-1.6218381,0.12551210820674896,0.9587482213973999,0.6679943203926086
YDR120C,YCR091W,0,-1.6242903,0.125488743185997,0.9587482213973999,0.6681365370750427
YDR483W,YNL326C,0,-1.6247842,0.12546537816524506,0.9587482213973999,0.6682788133621216
YJR132W,YJR145C,0,-1.625375,0.1254420280456543,0.9587482213973999,0.6684210300445557
YPL100W,YLL053C,0,-1.6260064,0.12541867792606354,0.9587482213973999,0.6685633063316345
YLR215C,YOL146W,0,-1.6263041,0.12539534270763397,0.9587482213973999,0.6687055230140686
YMR285C,YHR098C,0,-1.6275088,0.1253720223903656,0.9587482213973999,0.6688477993011475
YPL153C,YPR120C,0,-1.6279345,0.12534870207309723,0.9587482213973999,0.6689900159835815
YDR376W,YGR037C,0,-1.6283171,0.12532539665699005,0.9587482213973999,0.6691322922706604
YGR083C,YER112W,0,-1.628547,0.12530210614204407,0.9587482213973999,0.6692745089530945
YOR128C,YCR043C,0,-1.6296871,0.12527881562709808,0.9587482213973999,0.6694167852401733
YLR214W,YOR356W,0,-1.6299143,0.1252555251121521,0.9587482213973999,0.6695590615272522
YHR037W,YJL170C,0,-1.6307647,0.1252322494983673,0.9587482213973999,0.6697012782096863
YDR365W-B,YPR178W,0,-1.630784,0.1252089887857437,0.9587482213973999,0.6698435544967651
YCR028C,YOL068C,0,-1.6314079,0.12518572807312012,0.9587482213973999,0.6699857711791992
YPL017C,YCL069W,0,-1.6314425,0.12516248226165771,0.9587482213973999,0.6701280474662781
YBR012W-B,YOL128C,0,-1.6324109,0.1251392513513565,0.9587482213973999,0.6702702641487122
YER139C,YMR071C,0,-1.6324955,0.1251160204410553,0.9587482213973999,0.670412540435791
YLL018C,YFL055W,0,-1.633621,0.12509280443191528,0.9587482213973999,0.6705547571182251
YDR402C,YML001W,0,-1.633621,0.12506958842277527,0.9587482213973999,0.670697033405304
YGR135W,YPR201W,0,-1.633621,0.12504638731479645,0.9587482213973999,0.670839250087738
YLL054C,YGR009C,0,-1.633621,0.12502318620681763,0.9587482213973999,0.6709815263748169
YBR248C,YDR057W,0,-1.633621,0.125,0.9587482213973999,0.671123743057251
YDL147W,YER159C,0,-1.633621,0.12497682124376297,0.9587482213973999,0.6712660193443298
YDR311W,YLR393W,0,-1.633621,0.12495364993810654,0.9587482213973999,0.6714082360267639
YML001W,YPL220W,0,-1.633621,0.1249304935336113,0.9587482213973999,0.6715505123138428
YDL143W,YLL048C,0,-1.633621,0.12490733712911606,0.9587482213973999,0.6716927289962769
YNR045W,YHL020C,0,-1.633621,0.12488419562578201,0.9587482213973999,0.6718350052833557
YGR234W,YGR135W,0,-1.633621,0.12486106157302856,0.9587482213973999,0.6719772219657898
YNL318C,YLR100W,0,-1.633621,0.12483793497085571,0.9587482213973999,0.6721194982528687
YER159C,YOR059C,0,-1.633621,0.12481481581926346,0.9587482213973999,0.6722617149353027
YHR039C,YDR390C,0,-1.633621,0.1247917041182518,0.9587482213973999,0.6724039912223816
YGL063W,YDL042C,0,-1.633621,0.12476860731840134,0.9587482213973999,0.6725462079048157
YDR299W,YDR311W,0,-1.633621,0.12474551051855087,0.9587482213973999,0.6726884841918945
YNL265C,YLL054C,0,-1.633621,0.1247224286198616,0.9587482213973999,0.6728307008743286
YMR131C,YDR057W,0,-1.633621,0.12469935417175293,0.9587482213973999,0.6729729771614075
YLL054C,YLR133W,0,-1.633621,0.12467628717422485,0.9587482213973999,0.6731151938438416
YDL132W,YDR311W,0,-1.633621,0.12465322762727737,0.9587482213973999,0.6732574701309204
YER087C-A,YPR021C,0,-1.633621,0.12463017553091049,0.9587482213973999,0.6733996868133545
YJL021C,YKL043W,0,-1.633621,0.1246071383357048,0.9587482213973999,0.6735419631004333
YLL054C,YKL027W,0,-1.633621,0.12458410114049911,0.9587482213973999,0.6736842393875122
YIL069C,YDR384C,0,-1.633621,0.12456107884645462,0.9587482213973999,0.6738264560699463
YER087C-A,YKL113C,0,-1.633621,0.12453806400299072,0.9587482213973999,0.6739687323570251
YIL106W,YLR433C,0,-1.633621,0.12451505661010742,0.9587482213973999,0.6741109490394592
YLR120C,YDL154W,0,-1.633621,0.12449205666780472,0.9587482213973999,0.6742532253265381
YDR182W,YML065W,0,-1.633621,0.12446906417608261,0.9587482213973999,0.6743954420089722
YGL061C,YDR311W,0,-1.633621,0.1244460865855217,0.9587482213973999,0.674537718296051
YLL018C,YOL097C,1,-1.633621,0.12460771948099136,0.9601706862449646,0.674537718296051
YML065W,YGR005C,0,-1.633621,0.12458471953868866,0.9601706862449646,0.6746799349784851
YLL018C,YBL076C,1,-1.633621,0.12474626302719116,0.9615931510925293,0.6746799349784851
YLL018C,YDR341C,1,-1.633621,0.12490774691104889,0.9630156755447388,0.6746799349784851
YOR375C,YLL054C,0,-1.633621,0.1248847097158432,0.9630156755447388,0.674822211265564
YMR131C,YHR143W,0,-1.633621,0.12486167252063751,0.9630156755447388,0.674964427947998
YMR167W,YMR214W,0,-1.633621,0.12483865022659302,0.9630156755447388,0.6751067042350769
YHR143W,YKL025C,0,-1.633621,0.12481563538312912,0.9630156755447388,0.675248920917511
YER087C-A,YMR170C,0,-1.633621,0.12479262799024582,0.9630156755447388,0.6753911972045898
YER093C,YMR214W,0,-1.633621,0.12476962804794312,0.9630156755447388,0.6755334138870239
YDR311W,YNL049C,0,-1.633621,0.12474663555622101,0.9630156755447388,0.6756756901741028
YDL165W,YGL219C,0,-1.633621,0.1247236579656601,0.9630156755447388,0.6758179068565369
YER159C,YDL127W,0,-1.633621,0.12470068037509918,0.9630156755447388,0.6759601831436157
YLR011W,YOL016C,0,-1.633621,0.12467771768569946,0.9630156755447388,0.6761023998260498
YGL126W,YDR311W,0,-1.633621,0.12465476244688034,0.9630156755447388,0.6762446761131287
YDR311W,YJR096W,0,-1.633621,0.12463181465864182,0.9630156755447388,0.6763868927955627
YDR057W,YIL014W,0,-1.633621,0.12460887432098389,0.9630156755447388,0.6765291690826416
YLL054C,YOL123W,0,-1.633621,0.12458594143390656,0.9630156755447388,0.6766713857650757
YBR253W,YER159C,0,-1.633621,0.12456301599740982,0.9630156755447388,0.6768136620521545
YBL009W,YML001W,0,-1.633621,0.12454010546207428,0.9630156755447388,0.6769558787345886
YER087C-A,YKR030W,0,-1.633621,0.12451719492673874,0.9630156755447388,0.6770981550216675
YDR031W,YDR390C,0,-1.633621,0.12449429929256439,0.9630156755447388,0.6772403717041016
YER087C-A,YOL030W,0,-1.633621,0.12447141110897064,0.9630156755447388,0.6773826479911804
YDR057W,YBR102C,0,-1.633621,0.12444853037595749,0.9630156755447388,0.6775248646736145
YLR011W,YIL122W,0,-1.633621,0.12442565709352493,0.9630156755447388,0.6776671409606934
YJR144W,YKL025C,0,-1.633621,0.12440279126167297,0.9630156755447388,0.6778094172477722
YCR023C,YNL209W,0,-1.633621,0.12437994033098221,0.9630156755447388,0.6779516339302063
YAL026C,YDR155C,0,-1.633621,0.12435708940029144,0.9630156755447388,0.6780939102172852
YLL016W,YMR214W,0,-1.633621,0.12433425337076187,0.9630156755447388,0.6782361268997192
YPL091W,YKL006C-A,0,-1.633621,0.1243114247918129,0.9630156755447388,0.6783784031867981
YJL003W,YMR214W,0,-1.633621,0.12428859621286392,0.9630156755447388,0.6785206198692322
YKL017C,YML007W,0,-1.633621,0.12426578253507614,0.9630156755447388,0.678662896156311
YJR099W,YDR390C,0,-1.633621,0.12424298375844955,0.9630156755447388,0.6788051128387451
YLR120C,YJL148W,0,-1.633621,0.12422018498182297,0.9630156755447388,0.678947389125824
YHL044W,YKL043W,0,-1.633621,0.12419739365577698,0.9630156755447388,0.6790896058082581
YGR135W,YIL093C,0,-1.633621,0.12417461723089218,0.9630156755447388,0.6792318820953369
YNL191W,YDR311W,0,-1.633621,0.12415184080600739,0.9630156755447388,0.679374098777771
YNR046W,YER159C,0,-1.633621,0.12412907928228378,0.9630156755447388,0.6795163750648499
YNL318C,YNL241C,0,-1.633621,0.12410632520914078,0.9630156755447388,0.6796585917472839
YER159C,YFR015C,0,-1.633621,0.12408357858657837,0.9630156755447388,0.6798008680343628
YDR408C,YER039C,0,-1.633621,0.12406083941459656,0.9630156755447388,0.6799430847167969
YKL025C,YHR112C,0,-1.633621,0.12403810769319534,0.9630156755447388,0.6800853610038757
YDL085W,YKL025C,0,-1.633621,0.12401539087295532,0.9630156755447388,0.6802275776863098
YLR011W,YBL005W,0,-1.633621,0.1239926740527153,0.9630156755447388,0.6803698539733887
YGR158C,YDL192W,0,-1.633621,0.12396997213363647,0.9630156755447388,0.6805120706558228
YML063W,YOL146W,0,-1.633621,0.12394727021455765,0.9630156755447388,0.6806543469429016
YMR150C,YDR390C,0,-1.633621,0.12392458319664001,0.9630156755447388,0.6807965636253357
YLL054C,YCR043C,0,-1.633621,0.12390190362930298,0.9630156755447388,0.6809388399124146
YJL101C,YOR363C,0,-1.633621,0.12387923151254654,0.9630156755447388,0.6810810565948486
YJR058C,YLR384C,0,-1.6336648,0.1238565668463707,0.9630156755447388,0.6812233328819275
YLR287C-A,YBL093C,0,-1.6337041,0.12383390963077545,0.9630156755447388,0.6813655495643616
YOR173W,YPR108W,0,-1.6343333,0.1238112673163414,0.9630156755447388,0.6815078258514404
YNL251C,YKR062W,0,-1.6352128,0.12378862500190735,0.9630156755447388,0.6816500425338745
YIR031C,YLR096W,0,-1.6360353,0.12376599758863449,0.9630156755447388,0.6817923188209534
YNL265C,YIL158W,0,-1.6361188,0.12374337762594223,0.9630156755447388,0.6819345951080322
YFR024C-A,YBR050C,0,-1.6362209,0.12372075766324997,0.9630156755447388,0.6820768117904663
YLL048C,YJL204C,0,-1.6367419,0.1236981526017189,0.9630156755447388,0.6822190880775452
YJL048C,YDL030W,0,-1.6376885,0.12367555499076843,0.9630156755447388,0.6823613047599792
YMR232W,YGR218W,0,-1.6386034,0.12365296483039856,0.9630156755447388,0.6825035810470581
YER108C,YBR127C,0,-1.6395869,0.12363038957118988,0.9630156755447388,0.6826457977294922
YLR215C,YCR089W,0,-1.6416945,0.1236078143119812,0.9630156755447388,0.682788074016571
YJL010C,YMR134W,0,-1.6418341,0.12358524650335312,0.9630156755447388,0.6829302906990051
YJR046W,YOR202W,0,-1.6424485,0.12356269359588623,0.9630156755447388,0.683072566986084
YJL189W,YGR205W,0,-1.642523,0.12354014813899994,0.9630156755447388,0.6832147836685181
YKL212W,YBL039C,0,-1.6431999,0.12351760268211365,0.9630156755447388,0.6833570599555969
YDR424C,YJL110C,0,-1.6447626,0.12349507212638855,0.9630156755447388,0.683499276638031
YOL008W,YNL336W,0,-1.6451689,0.12347254902124405,0.9630156755447388,0.6836415529251099
YOR039W,YLR466W,0,-1.6456449,0.12345003336668015,0.9630156755447388,0.683783769607544
YOR308C,YOL147C,0,-1.6462198,0.12342753261327744,0.9630156755447388,0.6839260458946228
YKL054C,YPL176C,0,-1.6465038,0.12340503185987473,0.9630156755447388,0.6840682625770569
YPR134W,YIL009W,0,-1.6467915,0.12338253855705261,0.9630156755447388,0.6842105388641357
YJR084W,YFR024C-A,0,-1.6468208,0.1233600601553917,0.9630156755447388,0.6843527555465698
YER005W,YOR119C,0,-1.6474228,0.12333758175373077,0.9630156755447388,0.6844950318336487
YPL047W,YHR034C,0,-1.6474683,0.12331511825323105,0.9630156755447388,0.6846372485160828
YJL174W,YER099C,0,-1.6495945,0.12329266220331192,0.9630156755447388,0.6847795248031616
YDR510W,YCL029C,0,-1.6501265,0.12327021360397339,0.9630156755447388,0.6849217414855957
YDL141W,YKL185W,0,-1.6508696,0.12324777245521545,0.9630156755447388,0.6850640177726746
YDR506C,YEL039C,0,-1.651758,0.12322533875703812,0.9630156755447388,0.6852062344551086
YOR068C,YMR079W,0,-1.6524781,0.12320291250944138,0.9630156755447388,0.6853485107421875
YOR322C,YFR024C-A,0,-1.6528876,0.12318049371242523,0.9630156755447388,0.6854907274246216
YNL164C,YMR047C,0,-1.6529039,0.12315808981657028,0.9630156755447388,0.6856330037117004
YDL159W,YIR014W,0,-1.6531923,0.12313568592071533,0.9630156755447388,0.6857752203941345
YNR019W,YFL062W,0,-1.6532302,0.12311329692602158,0.9630156755447388,0.6859174966812134
YLL048C,YOR011W,0,-1.6541601,0.12309090793132782,0.9630156755447388,0.6860597729682922
YKL211C,YOR264W,0,-1.6541979,0.12306853383779526,0.9630156755447388,0.6862019896507263
YGL012W,YMR149W,0,-1.6543751,0.12304616719484329,0.9630156755447388,0.6863442659378052
YAL041W,YJR118C,0,-1.6546298,0.12302380800247192,0.9630156755447388,0.6864864826202393
YKL107W,YBL040C,0,-1.6547575,0.12300145626068115,0.9630156755447388,0.6866287589073181
YHR018C,YPL225W,0,-1.6547992,0.12297911196947098,0.9630156755447388,0.6867709755897522
YML045W,YDR165W,0,-1.6548035,0.1229567751288414,0.9630156755447388,0.686913251876831
YGL063W,YNR050C,0,-1.654819,0.12293444573879242,0.9630156755447388,0.6870554685592651
YGR047C,YGL098W,0,-1.6563122,0.12291213124990463,0.9630156755447388,0.687197744846344
YDL120W,YDL192W,0,-1.6575189,0.12288981676101685,0.9630156755447388,0.6873399615287781
YNL213C,YBR104W,0,-1.6578922,0.12286751717329025,0.9630156755447388,0.6874822378158569
YPR061C,YNL062C,0,-1.6580191,0.12284521758556366,0.9630156755447388,0.687624454498291
YHR170W,YNR008W,0,-1.6589901,0.12282293289899826,0.9630156755447388,0.6877667307853699
YLR405W,YLR014C,0,-1.6594098,0.12280065566301346,0.9630156755447388,0.687908947467804
YOL147C,YGR295C,0,-1.6597874,0.12277838587760925,0.9630156755447388,0.6880512237548828
YNL293W,YBR085W,0,-1.6607416,0.12275611609220505,0.9630156755447388,0.6881934404373169
YOR358W,YGR218W,0,-1.6614053,0.12273386865854263,0.9630156755447388,0.6883357167243958
YIR031C,YDR421W,0,-1.6624382,0.12271162122488022,0.9630156755447388,0.6884779334068298
YNL272C,YBR085W,0,-1.6626583,0.1226893812417984,0.9630156755447388,0.6886202096939087
YPR122W,YMR204C,0,-1.6635864,0.12266714870929718,0.9630156755447388,0.6887624263763428
YGR260W,YER176W,0,-1.6635877,0.12264493107795715,0.9630156755447388,0.6889047026634216
YBR068C,YOL076W,0,-1.6636024,0.12262271344661713,0.9630156755447388,0.6890469193458557
YER140W,YIL103W,0,-1.6641717,0.1226005107164383,0.9630156755447388,0.6891891956329346
YKL107W,YDR208W,0,-1.664501,0.12257830798625946,0.9630156755447388,0.6893314123153687
YMR287C,YLR059C,0,-1.6646471,0.12255612015724182,0.9630156755447388,0.6894736886024475
YHL007C,YLR093C,0,-1.6648219,0.12253393977880478,0.9630156755447388,0.6896159052848816
YPL081W,YHR214C-C,0,-1.6651553,0.12251175940036774,0.9630156755447388,0.6897581815719604
YKL018W,YJR089W,0,-1.665295,0.12248959392309189,0.9630156755447388,0.6899003982543945
YAL056W,YNL158W,0,-1.6665517,0.12246743589639664,0.9630156755447388,0.6900426745414734
YGL127C,YNL250W,0,-1.6669899,0.12244528532028198,0.9630156755447388,0.6901849508285522
YOR256C,YJR052W,0,-1.6672778,0.12242314964532852,0.9630156755447388,0.6903271675109863
YGL105W,YGR185C,1,-1.6679099,0.12258180975914001,0.9644381403923035,0.6903271675109863
YHR089C,YLR313C,0,-1.6687502,0.12255965173244476,0.9644381403923035,0.6904694437980652
YMR188C,YPR005C,0,-1.6690927,0.12253750115633011,0.9644381403923035,0.6906116604804993
YHR186C,YLR192C,0,-1.6691173,0.12251535803079605,0.9644381403923035,0.6907539367675781
YHR009C,YMR204C,0,-1.6700561,0.12249322235584259,0.9644381403923035,0.6908961534500122
YML019W,YOR009W,0,-1.6700618,0.12247110158205032,0.9644381403923035,0.6910384297370911
YML015C,YDL052C,0,-1.671809,0.12244898080825806,0.9644381403923035,0.6911806464195251
YDR316W-B,YER110C,0,-1.672582,0.12242686748504639,0.9644381403923035,0.691322922706604
YMR016C,YCL061C,0,-1.6729228,0.12240476906299591,0.9644381403923035,0.6914651393890381
YDR345C,YPR010C,0,-1.6732035,0.12238267064094543,0.9644381403923035,0.6916074156761169
YOR075W,YIL107C,0,-1.673859,0.12236058712005615,0.9644381403923035,0.691749632358551
YDR118W,YPR010C,0,-1.6740011,0.12233850359916687,0.9644381403923035,0.6918919086456299
YBR171W,YDL129W,0,-1.676832,0.12231643497943878,0.9644381403923035,0.692034125328064
YMR287C,YGR152C,0,-1.6772885,0.12229437381029129,0.9644381403923035,0.6921764016151428
YPR188C,YNR008W,0,-1.6776416,0.1222723200917244,0.9644381403923035,0.6923186182975769
YBR012W-B,YPR010C,0,-1.678046,0.1222502738237381,0.9644381403923035,0.6924608945846558
YJL165C,YBR040W,0,-1.6783383,0.1222282350063324,0.9644381403923035,0.6926031112670898
YKR092C,YLR347C,0,-1.679115,0.1222062036395073,0.9644381403923035,0.6927453875541687
YPL009C,YPR017C,0,-1.6797737,0.12218417972326279,0.9644381403923035,0.6928876042366028
YGR289C,YMR040W,0,-1.6797919,0.12216216325759888,0.9644381403923035,0.6930298805236816
YER113C,YJL209W,0,-1.6811931,0.12214015424251556,0.9644381403923035,0.6931720972061157
YPR068C,YDR376W,0,-1.6816041,0.12211815267801285,0.9644381403923035,0.6933143734931946
YLL048C,YLR419W,0,-1.6821797,0.12209616601467133,0.9644381403923035,0.6934565901756287
YPR048W,YDL139C,0,-1.6837442,0.1220741793513298,0.9644381403923035,0.6935988664627075
YOR360C,YPR005C,0,-1.6850041,0.12205220758914948,0.9644381403923035,0.6937410831451416
YNL156C,YJL003W,0,-1.6852307,0.12203023582696915,0.9644381403923035,0.6938833594322205
YBR058C-A,YGL018C,0,-1.6862593,0.12200827896595001,0.9644381403923035,0.6940255761146545
YBR103W,YLR427W,0,-1.6864381,0.12198632955551147,0.9644381403923035,0.6941678524017334
YNR008W,YLL014W,0,-1.6865832,0.12196438014507294,0.9644381403923035,0.6943101286888123
YPR094W,YOL122C,0,-1.6874411,0.1219424456357956,0.9644381403923035,0.6944523453712463
YLR215C,YGR218W,0,-1.6898774,0.12192051857709885,0.9644381403923035,0.6945946216583252
YDR534C,YDR153C,0,-1.6900506,0.1218985989689827,0.9644381403923035,0.6947368383407593
YOR011W,YBR291C,0,-1.6906387,0.12187668681144714,0.9644381403923035,0.6948791146278381
YDR009W,YEL002C,0,-1.6921339,0.12185478210449219,0.9644381403923035,0.6950213313102722
YPL049C,YPR148C,0,-1.6924059,0.12183288484811783,0.9644381403923035,0.6951636075973511
YJL110C,YBL017C,0,-1.6929246,0.12181099504232407,0.9644381403923035,0.6953058242797852
YCR068W,YDR198C,0,-1.6933738,0.1217891126871109,0.9644381403923035,0.695448100566864
YDR085C,YER056C-A,0,-1.6934667,0.12176723778247833,0.9644381403923035,0.6955903172492981
YFR034C,YLR045C,0,-1.6938126,0.12174537777900696,0.9644381403923035,0.695732593536377
YOR224C,YOR133W,0,-1.6941633,0.12172351777553558,0.9644381403923035,0.695874810218811
YHR037W,YKR052C,0,-1.6950312,0.1217016726732254,0.9644381403923035,0.6960170865058899
YOR252W,YEL065W,0,-1.6953961,0.12167982757091522,0.9644381403923035,0.696159303188324
YOL110W,YKR104W,0,-1.6958588,0.12165799736976624,0.9644381403923035,0.6963015794754028
YDR313C,YPR029C,0,-1.6963208,0.12163616716861725,0.9644381403923035,0.6964437961578369
YGR044C,YOR009W,0,-1.6963836,0.12161435186862946,0.9644381403923035,0.6965860724449158
YLR193C,YDL052C,0,-1.6965058,0.12159253656864166,0.9644381403923035,0.6967282891273499
YGR205W,YPL081W,0,-1.6965257,0.12157073616981506,0.9644381403923035,0.6968705654144287
YGL253W,YDR386W,0,-1.6966412,0.12154894322156906,0.9644381403923035,0.6970127820968628
YCR073C,YGR249W,0,-1.6966937,0.12152715772390366,0.9644381403923035,0.6971550583839417
YMR309C,YHR216W,0,-1.6968212,0.12150537967681885,0.9644381403923035,0.6972972750663757
YDR538W,YKR062W,0,-1.6973513,0.12148360162973404,0.9644381403923035,0.6974395513534546
YNR075W,YAR050W,0,-1.6990461,0.12146183848381042,0.9644381403923035,0.6975817680358887
YJL204C,YNL209W,0,-1.699413,0.12144008278846741,0.9644381403923035,0.6977240443229675
YJL139C,YJR089W,0,-1.6998353,0.12141833454370499,0.9644381403923035,0.6978662610054016
YPL255W,YBR211C,0,-1.7001718,0.12139660120010376,0.9644381403923035,0.6980085372924805
YGR088W,YBR233W-A,0,-1.7001996,0.12137486785650253,0.9644381403923035,0.6981507539749146
YGR061C,YLR085C,0,-1.7024779,0.1213531419634819,0.9644381403923035,0.6982930302619934
YBR005W,YPL130W,0,-1.7025015,0.12133142352104187,0.9644381403923035,0.6984353065490723
YMR091C,YPL186C,0,-1.7035564,0.12130971252918243,0.9644381403923035,0.6985775232315063
YDL188C,YOL092W,0,-1.7046535,0.12128801643848419,0.9644381403923035,0.6987197995185852
YNL251C,YLL035W,0,-1.704992,0.12126632034778595,0.9644381403923035,0.6988620162010193
YDR463W,YPL061W,0,-1.7050427,0.1212446317076683,0.9644381403923035,0.6990042924880981
YKL107W,YIL038C,0,-1.7054118,0.12122295796871185,0.9644381403923035,0.6991465091705322
YJL021C,YPR010C,0,-1.7054886,0.1212012842297554,0.9644381403923035,0.6992887854576111
YGR075C,YOL137W,0,-1.7059964,0.12117962539196014,0.9644381403923035,0.6994310021400452
YLR006C,YOR133W,0,-1.7062758,0.12115796655416489,0.9644381403923035,0.699573278427124
YHR206W,YLR384C,0,-1.70685,0.12113632261753082,0.9644381403923035,0.6997154951095581
YPL186C,YBR085W,0,-1.7071072,0.12111468613147736,0.9644381403923035,0.699857771396637
YNL045W,YOL068C,0,-1.7075388,0.12109304964542389,0.9644381403923035,0.699999988079071
YKR039W,YGR278W,0,-1.7082144,0.12107142806053162,0.9644381403923035,0.7001422643661499
YDL109C,YLR083C,0,-1.7083282,0.12104981392621994,0.9644381403923035,0.700284481048584
YHR073W,YEL015W,0,-1.7090056,0.12102820724248886,0.9644381403923035,0.7004267573356628
YOR196C,YGR245C,0,-1.7121532,0.12100660055875778,0.9644381403923035,0.7005689740180969
YML127W,YDR288W,0,-1.7128797,0.1209850087761879,0.9644381403923035,0.7007112503051758
YFR047C,YBR033W,0,-1.7130263,0.12096342444419861,0.9644381403923035,0.7008534669876099
YLR144C,YGR218W,0,-1.7131338,0.12094184756278992,0.9644381403923035,0.7009957432746887
YDR198C,YDR343C,0,-1.713525,0.12092027813196182,0.9644381403923035,0.7011379599571228
YJR143C,YLR283W,0,-1.7137446,0.12089871615171432,0.9644381403923035,0.7012802362442017
YMR285C,YLR390W-A,0,-1.7139117,0.12087716162204742,0.9644381403923035,0.7014224529266357
YPR070W,YDL236W,0,-1.7149646,0.12085561454296112,0.9644381403923035,0.7015647292137146
YKL137W,YGL134W,0,-1.7158945,0.12083407491445541,0.9644381403923035,0.7017069458961487
YGR154C,YHR152W,0,-1.7165048,0.1208125427365303,0.9644381403923035,0.7018492221832275
YLR054C,YLR315W,0,-1.7167646,0.12079101800918579,0.9644381403923035,0.7019914388656616
YML019W,YCR035C,0,-1.7179708,0.12076950818300247,0.9644381403923035,0.7021337151527405
YLR356W,YPL202C,0,-1.7196451,0.12074799835681915,0.9644381403923035,0.7022759318351746
YOL076W,YDR175C,0,-1.7199619,0.12072649598121643,0.9644381403923035,0.7024182081222534
YJL048C,YAR009C,0,-1.722291,0.1207050010561943,0.9644381403923035,0.7025604844093323
YDR317W,YKR062W,0,-1.7223905,0.12068351358175278,0.9644381403923035,0.7027027010917664
YNL190W,YOR128C,0,-1.723204,0.12066204100847244,0.9644381403923035,0.7028449773788452
YEL006W,YGL243W,0,-1.7242312,0.12064056843519211,0.9644381403923035,0.7029871940612793
YDL120W,YDR394W,0,-1.7242907,0.12061910331249237,0.9644381403923035,0.7031294703483582
YPL084W,YGL043W,0,-1.7245518,0.12059765309095383,0.9644381403923035,0.7032716870307922
YOR022C,YJL139C,0,-1.7255698,0.12057620286941528,0.9644381403923035,0.7034139633178711
YFL008W,YOR273C,0,-1.7265298,0.12055476754903793,0.9644381403923035,0.7035561800003052
YLR174W,YER094C,0,-1.7267036,0.12053333222866058,0.9644381403923035,0.703698456287384
YDR520C,YDR246W,0,-1.7267323,0.12051191180944443,0.9644381403923035,0.7038406729698181
YDR253C,YMR305C,0,-1.7271435,0.12049049139022827,0.9644381403923035,0.703982949256897
YBR086C,YLR237W,0,-1.727163,0.12046908587217331,0.9644381403923035,0.704125165939331
YOL123W,YNL076W,0,-1.7290373,0.12044768035411835,0.9644381403923035,0.7042674422264099
YPL241C,YJL159W,0,-1.7306454,0.12042628973722458,0.9644381403923035,0.704409658908844
YMR043W,YJL116C,0,-1.7333946,0.12040489912033081,0.9644381403923035,0.7045519351959229
YOR011W,YLR150W,0,-1.733727,0.12038352340459824,0.9644381403923035,0.7046941518783569
YGL178W,YGL124C,0,-1.7337508,0.12036215513944626,0.9644381403923035,0.7048364281654358
YLR052W,YDL056W,0,-1.7339725,0.12034078687429428,0.9644381403923035,0.7049786448478699
YBR090C-A,YLR139C,0,-1.7349926,0.1203194335103035,0.9644381403923035,0.7051209211349487
YHR036W,YDR077W,0,-1.7374275,0.12029808014631271,0.9644381403923035,0.7052631378173828
YLR096W,YER039C,0,-1.7377105,0.12027674168348312,0.9644381403923035,0.7054054141044617
YML074C,YLR067C,0,-1.7410454,0.12025541067123413,0.9644381403923035,0.7055476307868958
YGR234W,YKL018W,0,-1.7423947,0.12023408710956573,0.9644381403923035,0.7056899070739746
YLR057W,YKL055C,0,-1.7429553,0.12021276354789734,0.9644381403923035,0.7058321237564087
YGR156W,YLR056W,0,-1.7438861,0.12019145488739014,0.9644381403923035,0.7059744000434875
YOL088C,YGR278W,0,-1.7442632,0.12017015367746353,0.9644381403923035,0.7061166167259216
YDR312W,YGR202C,0,-1.7443136,0.12014885991811752,0.9644381403923035,0.7062588930130005
YDR210W,YOR090C,0,-1.7459188,0.12012756615877151,0.9644381403923035,0.7064011096954346
YJL019W,YLR066W,0,-1.7459879,0.1201062873005867,0.9644381403923035,0.7065433859825134
YIR010W,YMR291W,0,-1.7461116,0.12008501589298248,0.9644381403923035,0.7066856622695923
YIR019C,YJL139C,0,-1.7463167,0.12006375193595886,0.9644381403923035,0.7068278789520264
YBR078W,YER106W,0,-1.7468538,0.12004249542951584,0.9644381403923035,0.7069701552391052
YDR194C,YPL008W,0,-1.7480383,0.12002124637365341,0.9644381403923035,0.7071123719215393
YBL076C,YGR094W,1,-1.7489568,0.12017699331045151,0.9658606052398682,0.7071123719215393
YHR034C,YJL062W-A,0,-1.7491237,0.12015572190284729,0.9658606052398682,0.7072546482086182
YOL051W,YDR289C,0,-1.7496051,0.12013446539640427,0.9658606052398682,0.7073968648910522
YHR081W,YOL071W,0,-1.7501867,0.12011321634054184,0.9658606052398682,0.7075391411781311
YNL055C,YPL143W,0,-1.750711,0.12009196728467941,0.9658606052398682,0.7076813578605652
YHL004W,YDR118W,0,-1.7510725,0.12007073312997818,0.9658606052398682,0.707823634147644
YOR293W,YGR218W,0,-1.7510798,0.12004950642585754,0.9658606052398682,0.7079658508300781
YML096W,YJR126C,0,-1.7519128,0.1200282871723175,0.9658606052398682,0.708108127117157
YDL043C,YDR386W,0,-1.752568,0.12000706791877747,0.9658606052398682,0.7082503437995911
YOL109W,YDR206W,0,-1.7527642,0.11998586356639862,0.9658606052398682,0.7083926200866699
YJL111W,YPL281C,0,-1.754281,0.11996466666460037,0.9658606052398682,0.708534836769104
YHR026W,YPL190C,0,-1.7550147,0.11994346976280212,0.9658606052398682,0.7086771130561829
YDR261W-B,YOR363C,0,-1.7552614,0.11992228776216507,0.9658606052398682,0.7088193297386169
YLR204W,YLR045C,0,-1.7560515,0.11990111321210861,0.9658606052398682,0.7089616060256958
YFR024C-A,YML058W,0,-1.7561063,0.11987994611263275,0.9658606052398682,0.7091038227081299
YHR042W,YDL091C,0,-1.7563125,0.11985877901315689,0.9658606052398682,0.7092460989952087
YKR096W,YBL093C,0,-1.7573787,0.11983762681484222,0.9658606052398682,0.7093883156776428
YNL099C,YPL239W,0,-1.758029,0.11981648206710815,0.9658606052398682,0.7095305919647217
YPR025C,YNL005C,0,-1.7581409,0.11979534476995468,0.9658606052398682,0.7096728086471558
YDR123C,YLR385C,0,-1.7588975,0.11977420747280121,0.9658606052398682,0.7098150849342346
YBR065C,YLR176C,0,-1.7589624,0.11975308507680893,0.9658606052398682,0.7099573016166687
YOL065C,YJL115W,0,-1.7590445,0.11973197013139725,0.9658606052398682,0.7100995779037476
YLR212C,YML070W,0,-1.7600946,0.11971086263656616,0.9658606052398682,0.7102417945861816
YPL003W,YGL032C,0,-1.7616377,0.11968975514173508,0.9658606052398682,0.7103840708732605
YJL073W,YBL045C,0,-1.7616897,0.11966866254806519,0.9658606052398682,0.7105262875556946
YDR412W,YDR033W,0,-1.7620119,0.11964757740497589,0.9658606052398682,0.7106685638427734
YGR142W,YAL028W,0,-1.767289,0.1196264997124672,0.9658606052398682,0.7108108401298523
YNL130C,YBL045C,0,-1.7675152,0.1196054220199585,0.9658606052398682,0.7109530568122864
YOL076W,YBL051C,0,-1.768761,0.11958435922861099,0.9658606052398682,0.7110953330993652
YOL051W,YER173W,0,-1.7737036,0.11956330388784409,0.9658606052398682,0.7112375497817993
YLL048C,YIL023C,0,-1.7765275,0.11954225599765778,0.9658606052398682,0.7113798260688782
YGR192C,YDR511W,0,-1.7766415,0.11952120810747147,0.9658606052398682,0.7115220427513123
YMR125W,YOR077W,0,-1.7769607,0.11950017511844635,0.9658606052398682,0.7116643190383911
YBR212W,YER167W,0,-1.7770227,0.11947914958000183,0.9658606052398682,0.7118065357208252
YMR071C,YGR156W,0,-1.7794228,0.11945813149213791,0.9658606052398682,0.711948812007904
YNL218W,YKR037C,0,-1.7801067,0.11943711340427399,0.9658606052398682,0.7120910286903381
YLL067C,YHL044W,0,-1.7803417,0.11941611021757126,0.9658606052398682,0.712233304977417
YKL029C,YDL095W,0,-1.7811754,0.11939511448144913,0.9658606052398682,0.7123755216598511
YDL030W,YML033W,0,-1.781264,0.119374118745327,0.9658606052398682,0.7125177979469299
YPR025C,YPL047W,0,-1.7828584,0.11935313791036606,0.9658606052398682,0.712660014629364
YLR131C,YPR082C,0,-1.7838621,0.11933216452598572,0.9658606052398682,0.7128022909164429
YPL106C,YKL018W,0,-1.785074,0.11931119114160538,0.9658606052398682,0.712944507598877
YBR008C,YCL029C,0,-1.7856519,0.11929023265838623,0.9658606052398682,0.7130867838859558
YKL052C,YDR506C,0,-1.7858254,0.11926928162574768,0.9658606052398682,0.7132290005683899
YCR029C-A,YGR116W,0,-1.7862749,0.11924833059310913,0.9658606052398682,0.7133712768554688
YOR266W,YKR009C,0,-1.7870569,0.11922739446163177,0.9658606052398682,0.7135134935379028
YCR070W,YJL001W,0,-1.7878041,0.11920645833015442,0.9658606052398682,0.7136557698249817
YBL023C,YJR126C,0,-1.7889953,0.11918553709983826,0.9658606052398682,0.7137979865074158
YNL279W,YMR175W,0,-1.7893742,0.1191646158695221,0.9658606052398682,0.7139402627944946
YMR080C,YMR221C,0,-1.790326,0.11914370954036713,0.9658606052398682,0.7140824794769287
YML007W,YBL060W,0,-1.7904072,0.11912281066179276,0.9658606052398682,0.7142247557640076
YMR015C,YLR190W,0,-1.7904288,0.11910191178321838,0.9658606052398682,0.7143669724464417
YEL020C,YNL111C,0,-1.7910936,0.1190810278058052,0.9658606052398682,0.7145092487335205
YKR029C,YCL069W,0,-1.7911322,0.11906014382839203,0.9658606052398682,0.7146514654159546
YML054C,YCR053W,0,-1.792364,0.11903926730155945,0.9658606052398682,0.7147937417030334
YHR167W,YJL110C,0,-1.7931566,0.11901840567588806,0.9658606052398682,0.7149360179901123
YAL034W-A,YJR035W,0,-1.7936149,0.11899754405021667,0.9658606052398682,0.7150782346725464
YDL190C,YDR213W,0,-1.7938827,0.11897669732570648,0.9658606052398682,0.7152205109596252
YLR205C,YDR507C,0,-1.7939,0.11895585060119629,0.9658606052398682,0.7153627276420593
YNL329C,YNL096C,0,-1.7969409,0.1189350113272667,0.9658606052398682,0.7155050039291382
YBR212W,YBR016W,0,-1.7971044,0.11891418695449829,0.9658606052398682,0.7156472206115723
YNR075W,YCR004C,0,-1.7982998,0.11889336258172989,0.9658606052398682,0.7157894968986511
YDR358W,YDL114W,0,-1.798641,0.11887254565954208,0.9658606052398682,0.7159317135810852
YBR280C,YMR106C,0,-1.7986674,0.11885174363851547,0.9658606052398682,0.7160739898681641
YLR223C,YHR096C,0,-1.7988627,0.11883094161748886,0.9658606052398682,0.7162162065505981
YJR094W-A,YOR103C,0,-1.7991264,0.11881014704704285,0.9658606052398682,0.716358482837677
YHL021C,YLR064W,0,-1.7994993,0.11878935992717743,0.9658606052398682,0.7165006995201111
YKL155C,YGR161C-C,0,-1.7995553,0.1187685877084732,0.9658606052398682,0.7166429758071899
YLR233C,YMR204C,0,-1.79993,0.11874781548976898,0.9658606052398682,0.716785192489624
YJL093C,YPR184W,0,-1.8016962,0.11872705072164536,0.9658606052398682,0.7169274687767029
YDR280W,YBL074C,0,-1.801929,0.11870629340410233,0.9658606052398682,0.717069685459137
YOR120W,YLR092W,0,-1.8020118,0.11868554353713989,0.9658606052398682,0.7172119617462158
YPL210C,YLR406C,0,-1.8021431,0.11866480112075806,0.9658606052398682,0.7173541784286499
YJR118C,YGL040C,0,-1.8036258,0.11864406615495682,0.9658606052398682,0.7174964547157288
YLR086W,YNL083W,0,-1.8048451,0.11862333863973618,0.9658606052398682,0.7176386713981628
YNL119W,YJR143C,0,-1.8049726,0.11860261857509613,0.9658606052398682,0.7177809476852417
YDR255C,YDL211C,0,-1.8051765,0.11858190596103668,0.9658606052398682,0.7179231643676758
YOL138C,YMR264W,0,-1.8053671,0.11856120079755783,0.9658606052398682,0.7180654406547546
YPL081W,YJL159W,0,-1.8062563,0.11854050308465958,0.9658606052398682,0.7182076573371887
YMR197C,YGL063W,0,-1.8063539,0.11851981282234192,0.9658606052398682,0.7183499336242676
YDR259C,YPR058W,0,-1.8087835,0.11849913001060486,0.9658606052398682,0.7184921503067017
YDR529C,YPL130W,0,-1.8101143,0.1184784471988678,0.9658606052398682,0.7186344265937805
YLR059C,YER180C,0,-1.8116614,0.11845777928829193,0.9658606052398682,0.7187766432762146
YKL191W,YNL129W,0,-1.8117652,0.11843711882829666,0.9658606052398682,0.7189189195632935
YKR097W,YMR044W,0,-1.8130226,0.11841646581888199,0.9658606052398682,0.7190611958503723
YDL058W,YCL020W,0,-1.8137001,0.11839581280946732,0.9658606052398682,0.7192034125328064
YKL155C,YFR024C-A,0,-1.8137926,0.11837517470121384,0.9658606052398682,0.7193456888198853
YNL209W,YBR109C,0,-1.814316,0.11835454404354095,0.9658606052398682,0.7194879055023193
YDR171W,YJL069C,0,-1.8143462,0.11833391338586807,0.9658606052398682,0.7196301817893982
YIL112W,YJL219W,0,-1.815589,0.11831329762935638,0.9658606052398682,0.7197723984718323
YML031W,YPL221W,0,-1.8160725,0.1182926818728447,0.9658606052398682,0.7199146747589111
YDR210W-D,YGL139W,0,-1.8178647,0.1182720810174942,0.9658606052398682,0.7200568914413452
YEL020W-A,YLR459W,0,-1.8187532,0.11825148016214371,0.9658606052398682,0.7201991677284241
YGL029W,YJL102W,0,-1.8193209,0.11823088675737381,0.9658606052398682,0.7203413844108582
YPR098C,YDR224C,0,-1.8193878,0.1182103082537651,0.9658606052398682,0.720483660697937
YDR463W,YBL005W,0,-1.8194758,0.1181897297501564,0.9658606052398682,0.7206258773803711
YCR106W,YOR002W,0,-1.8198397,0.1181691586971283,0.9658606052398682,0.72076815366745
YKR046C,YKL039W,0,-1.8201828,0.11814860254526138,0.9658606052398682,0.720910370349884
YIR010W,YGR278W,0,-1.8202497,0.11812804639339447,0.9658606052398682,0.7210526466369629
YBR296C,YML092C,0,-1.8206518,0.11810749769210815,0.9658606052398682,0.721194863319397
YGL184C,YOR328W,0,-1.8222046,0.11808695644140244,0.9658606052398682,0.7213371396064758
YMR184W,YER173W,0,-1.8227887,0.11806642264127731,0.9658606052398682,0.7214793562889099
YOR014W,YGR055W,0,-1.822974,0.11804589629173279,0.9658606052398682,0.7216216325759888
YJR052W,YBR045C,0,-1.8235499,0.11802537739276886,0.9658606052398682,0.7217638492584229
YML046W,YDR120C,0,-1.8238972,0.11800486594438553,0.9658606052398682,0.7219061255455017
YGR215W,YGR154C,0,-1.8250339,0.1179843619465828,0.9658606052398682,0.7220483422279358
YMR067C,YGL063W,0,-1.8253474,0.11796386539936066,0.9658606052398682,0.7221906185150146
YLR384C,YBL075C,0,-1.8261988,0.11794337630271912,0.9658606052398682,0.7223328351974487
YDR101C,YPL055C,0,-1.8263371,0.11792288720607758,0.9658606052398682,0.7224751114845276
YOR343C-B,YDL060W,0,-1.8279846,0.11790241301059723,0.9658606052398682,0.7226173281669617
YHR210C,YOR224C,0,-1.8287492,0.11788194626569748,0.9658606052398682,0.7227596044540405
YOR256C,YHL006C,0,-1.8317318,0.11786147952079773,0.9658606052398682,0.7229018211364746
YDL120W,YER053C,0,-1.8323512,0.11784102767705917,0.9658606052398682,0.7230440974235535
YBR240C,YLR432W,0,-1.8338568,0.11782058328390121,0.9658606052398682,0.7231863737106323
YNL001W,YER054C,0,-1.8342271,0.11780013889074326,0.9658606052398682,0.7233285903930664
YIL049W,YGR278W,0,-1.8346885,0.1177797019481659,0.9658606052398682,0.7234708666801453
YOL058W,YHR216W,0,-1.8352497,0.11775927990674973,0.9658606052398682,0.7236130833625793
YDR307W,YOR335C,0,-1.8355653,0.11773885786533356,0.9658606052398682,0.7237553596496582
YAL062W,YPL055C,0,-1.8368455,0.11771844327449799,0.9658606052398682,0.7238975763320923
YGR287C,YOR339C,0,-1.8378747,0.11769804358482361,0.9658606052398682,0.7240398526191711
YLR086W,YJL203W,0,-1.8387668,0.11767764389514923,0.9658606052398682,0.7241820693016052
YNL148C,YIL041W,0,-1.8390768,0.11765725165605545,0.9658606052398682,0.7243243455886841
YGR271C-A,YKR090W,0,-1.8392118,0.11763686686754227,0.9658606052398682,0.7244665622711182
YFR024C-A,YML091C,0,-1.8394053,0.11761648952960968,0.9658606052398682,0.724608838558197
YJR143C,YDL007W,0,-1.8394802,0.11759611964225769,0.9658606052398682,0.7247510552406311
YER133W,YMR009W,0,-1.8397293,0.1175757572054863,0.9658606052398682,0.72489333152771
YKL194C,YGR218W,0,-1.8402376,0.1175554022192955,0.9658606052398682,0.725035548210144
YNR026C,YLR384C,0,-1.840497,0.1175350546836853,0.9658606052398682,0.7251778244972229
YLR259C,YLL062C,0,-1.840658,0.1175147145986557,0.9658606052398682,0.725320041179657
YNL188W,YPR005C,0,-1.8407141,0.1174943745136261,0.9658606052398682,0.7254623174667358
YGL141W,YOL086W-A,0,-1.8439696,0.11747404932975769,0.9658606052398682,0.7256045341491699
YGR024C,YLR384C,0,-1.8448806,0.11745372414588928,0.9658606052398682,0.7257468104362488
YML095C,YOL137W,0,-1.8452883,0.11743341386318207,0.9658606052398682,0.7258890271186829
YKL178C,YLR003C,0,-1.8455759,0.11741311103105545,0.9658606052398682,0.7260313034057617
YDL191W,YGR209C,0,-1.8497245,0.11739280819892883,0.9658606052398682,0.7261735200881958
YMR235C,YGL104C,0,-1.8532262,0.11737251281738281,0.9658606052398682,0.7263157963752747
YLR013W,YDR339C,0,-1.8546158,0.11735223233699799,0.9658606052398682,0.7264580130577087
YOR088W,YGR163W,0,-1.855683,0.11733195185661316,0.9658606052398682,0.7266002893447876
YMR036C,YIL101C,0,-1.8558813,0.11731167882680893,0.9658606052398682,0.7267425060272217
YAL021C,YNL225C,0,-1.8562958,0.1172914132475853,0.9658606052398682,0.7268847823143005
YJR009C,YDR437W,0,-1.856907,0.11727115511894226,0.9658606052398682,0.7270269989967346
YBR229C,YOR306C,0,-1.8572729,0.11725090444087982,0.9658606052398682,0.7271692752838135
YBR122C,YNL046W,0,-1.8575598,0.11723066121339798,0.9658606052398682,0.7273115515708923
YNL291C,YER051W,0,-1.8582492,0.11721042543649673,0.9658606052398682,0.7274537682533264
YJL074C,YGR296W,0,-1.8582954,0.11719019711017609,0.9658606052398682,0.7275960445404053
YLR118C,YGL053W,0,-1.8586946,0.11716997623443604,0.9658606052398682,0.7277382612228394
YCR106W,YBL084C,0,-1.8594376,0.11714975535869598,0.9658606052398682,0.7278805375099182
YDR399W,YGL213C,0,-1.8601491,0.11712954938411713,0.9658606052398682,0.7280227541923523
YNL083W,YGR096W,0,-1.8604853,0.11710935086011887,0.9658606052398682,0.7281650304794312
YKR046C,YOL064C,0,-1.8612162,0.1170891523361206,0.9658606052398682,0.7283072471618652
YGL238W,YJR161C,0,-1.8633723,0.11706896871328354,0.9658606052398682,0.7284495234489441
YOL144W,YBR176W,0,-1.8635253,0.11704878509044647,0.9658606052398682,0.7285917401313782
YDR545W,YLR466W,0,-1.8643957,0.11702860891819,0.9658606052398682,0.728734016418457
YAL051W,YKL026C,0,-1.8647578,0.11700844019651413,0.9658606052398682,0.7288762331008911
YJL177W,YBR200W-A,0,-1.8665586,0.11698828637599945,0.9658606052398682,0.72901850938797
YPR037C,YEL020W-A,0,-1.8671026,0.11696813255548477,0.9658606052398682,0.729160726070404
YHL016C,YOR117W,0,-1.867335,0.11694798618555069,0.9658606052398682,0.7293030023574829
YML069W,YLR384C,0,-1.8691705,0.1169278472661972,0.9658606052398682,0.729445219039917
YGR206W,YHR114W,0,-1.8692336,0.11690771579742432,0.9658606052398682,0.7295874953269958
YLL042C,YGL098W,0,-1.8703649,0.11688759177923203,0.9658606052398682,0.7297297120094299
YBR268W,YDR524C-B,0,-1.8704113,0.11686746776103973,0.9658606052398682,0.7298719882965088
YJL089W,YKL096W,0,-1.8717296,0.11684735864400864,0.9658606052398682,0.7300142049789429
YDR101C,YNL133C,0,-1.8720547,0.11682725697755814,0.9658606052398682,0.7301564812660217
YOR181W,YLR178C,0,-1.8726088,0.11680715531110764,0.9658606052398682,0.7302986979484558
YHR094C,YDL178W,0,-1.8727326,0.11678706854581833,0.9658606052398682,0.7304409742355347
YDR002W,YCR031C,0,-1.8745916,0.11676698178052902,0.9658606052398682,0.7305831909179688
YGR189C,YBR291C,0,-1.8748616,0.11674690246582031,0.9658606052398682,0.7307254672050476
YDL141W,YAL043C,0,-1.8760241,0.1167268380522728,0.9658606052398682,0.7308676838874817
YDR287W,YDR191W,0,-1.8760698,0.11670677363872528,0.9658606052398682,0.7310099601745605
YIL157C,YML007W,0,-1.8761606,0.11668671667575836,0.9658606052398682,0.7311521768569946
YAR008W,YKL198C,0,-1.8769753,0.11666666716337204,0.9658606052398682,0.7312944531440735
YNL055C,YGR041W,0,-1.8784683,0.11664662510156631,0.9658606052398682,0.7314367294311523
YFL061W,YGL008C,0,-1.8793716,0.11662659049034119,0.9658606052398682,0.7315789461135864
YEL058W,YNR050C,0,-1.8793917,0.11660656332969666,0.9658606052398682,0.7317212224006653
YLR372W,YER088C,0,-1.8794396,0.11658653616905212,0.9658606052398682,0.7318634390830994
YER005W,YIL022W,0,-1.8795438,0.11656652390956879,0.9658606052398682,0.7320057153701782
YOR241W,YMR158W,0,-1.880484,0.11654651910066605,0.9658606052398682,0.7321479320526123
YHR084W,YIR026C,0,-1.8813038,0.1165265142917633,0.9658606052398682,0.7322902083396912
YDR098C,YMR170C,0,-1.8823249,0.11650651693344116,0.9658606052398682,0.7324324250221252
YGL089C,YJL162C,0,-1.8832569,0.11648653447628021,0.9658606052398682,0.7325747013092041
YHL047C,YCR106W,0,-1.883696,0.11646655201911926,0.9658606052398682,0.7327169179916382
YER045C,YBR084W,0,-1.8839102,0.11644657701253891,0.9658606052398682,0.732859194278717
YDR331W,YHR096C,0,-1.8840661,0.11642660945653915,0.9658606052398682,0.7330014109611511
YDR234W,YDR314C,0,-1.8844779,0.11640664935112,0.9658606052398682,0.73314368724823
YDR381W,YMR198W,0,-1.8845584,0.11638669669628143,0.9658606052398682,0.7332859039306641
YGR253C,YHR042W,0,-1.885589,0.11636675149202347,0.9658606052398682,0.7334281802177429
YDR421W,YMR277W,0,-1.8856232,0.1163468137383461,0.9658606052398682,0.733570396900177
YGR186W,YBR034C,0,-1.8874598,0.11632688343524933,0.9658606052398682,0.7337126731872559
YPR145W,YPR052C,0,-1.8877347,0.11630695313215256,0.9658606052398682,0.7338548898696899
YDR194C,YNL322C,0,-1.8878067,0.11628703773021698,0.9658606052398682,0.7339971661567688
YBL002W,YJL052W,0,-1.8894488,0.1162671223282814,0.9658606052398682,0.7341393828392029
YGR091W,YBR162W-A,0,-1.8897185,0.11624721437692642,0.9658606052398682,0.7342816591262817
YPL021W,YJL052W,0,-1.890207,0.11622732132673264,0.9658606052398682,0.7344238758087158
YML069W,YDL181W,0,-1.8921647,0.11620742827653885,0.9658606052398682,0.7345661520957947
YDR435C,YNL286W,0,-1.8926032,0.11618754267692566,0.9658606052398682,0.7347083687782288
YHR016C,YOL095C,0,-1.8929887,0.11616766452789307,0.9658606052398682,0.7348506450653076
YDR092W,YLR256W,0,-1.8943058,0.11614779382944107,0.9658606052398682,0.7349928617477417
YPL018W,YDR495C,0,-1.894528,0.11612793058156967,0.9658606052398682,0.7351351380348206
YBR142W,YPL103C,0,-1.8952079,0.11610807478427887,0.9658606052398682,0.7352773547172546
YDR308C,YDR242W,0,-1.8954585,0.11608821898698807,0.9658606052398682,0.7354196310043335
YGR154C,YLR439W,0,-1.89597,0.11606837809085846,0.9658606052398682,0.7355619072914124
YLR342W,YPL258C,0,-1.8965865,0.11604853719472885,0.9658606052398682,0.7357041239738464
YER001W,YHR039C-B,0,-1.8976161,0.11602871119976044,0.9658606052398682,0.7358464002609253
YGL063W,YDR375C,0,-1.897851,0.11600888520479202,0.9658606052398682,0.7359886169433594
YPL149W,YOL115W,0,-1.8988352,0.1159890666604042,0.9658606052398682,0.7361308932304382
YPL211W,YGR163W,0,-1.900929,0.11596925556659698,0.9658606052398682,0.7362731099128723
YGL016W,YML066C,0,-1.9014158,0.11594945192337036,0.9658606052398682,0.7364153861999512
YFL056C,YJR102C,0,-1.9026504,0.11592965573072433,0.9658606052398682,0.7365576028823853
YIL036W,YLR048W,0,-1.9036214,0.1159098669886589,0.9658606052398682,0.7366998791694641
YNL286W,YBL057C,0,-1.9038265,0.11589008569717407,0.9658606052398682,0.7368420958518982
YJL042W,YDL194W,0,-1.905391,0.11587030440568924,0.9658606052398682,0.736984372138977
YDR287W,YOR252W,0,-1.9074717,0.1158505380153656,0.9658606052398682,0.7371265888214111
YPR025C,YLR138W,0,-1.9084501,0.11583077162504196,0.9658606052398682,0.73726886510849
YJL153C,YPR022C,0,-1.911704,0.11581102013587952,0.9658606052398682,0.7374110817909241
YDR352W,YBR290W,0,-1.9118203,0.11579126864671707,0.9658606052398682,0.7375533580780029
YPL019C,YIL044C,0,-1.9122227,0.11577152460813522,0.9658606052398682,0.737695574760437
YBL076C,YBL013W,1,-1.9138114,0.11592226475477219,0.9672830700874329,0.737695574760437
YNL145W,YPL085W,0,-1.914294,0.11590250581502914,0.9672830700874329,0.7378378510475159
YML069W,YDR377W,0,-1.9143655,0.1158827543258667,0.9672830700874329,0.73798006772995
YGR094W,YGR171C,1,-1.9174783,0.1160333976149559,0.9687055349349976,0.73798006772995
YER144C,YPR010C,0,-1.9191327,0.11601363122463226,0.9687055349349976,0.7381223440170288
YGR287C,YCL026C-A,0,-1.9194452,0.11599386483430862,0.9687055349349976,0.7382645606994629
YKL152C,YDR248C,0,-1.9200778,0.11597411334514618,0.9687055349349976,0.7384068369865417
YOR335C,YGR185C,1,-1.9224524,0.11612463742494583,0.9701279997825623,0.7384068369865417
YER174C,YMR128W,0,-1.9227446,0.11610487103462219,0.9701279997825623,0.7385490536689758
YNR039C,YLR176C,0,-1.9238963,0.11608510464429855,0.9701279997825623,0.7386913299560547
YGL079W,YPR041W,0,-1.923945,0.11606535315513611,0.9701279997825623,0.7388335466384888
YOR095C,YGR062C,0,-1.9244294,0.11604560166597366,0.9701279997825623,0.7389758229255676
YJL210W,YKL134C,0,-1.9255433,0.11602585762739182,0.9701279997825623,0.7391180396080017
YGR065C,YPL055C,0,-1.9259901,0.11600612103939056,0.9701279997825623,0.7392603158950806
YER005W,YDR261W-B,0,-1.9266107,0.11598639190196991,0.9701279997825623,0.7394025325775146
YPR079W,YDR377W,0,-1.9271368,0.11596667021512985,0.9701279997825623,0.7395448088645935
YOR346W,YDL008W,0,-1.9274215,0.11594695597887039,0.9701279997825623,0.7396870851516724
YAR003W,YHR009C,0,-1.9292395,0.11592724919319153,0.9701279997825623,0.7398293018341064
YDR018C,YGL073W,0,-1.9319979,0.11590754240751266,0.9701279997825623,0.7399715781211853
YDR409W,YBR191W,0,-1.9325607,0.115887850522995,0.9701279997825623,0.7401137948036194
YKR046C,YGL253W,0,-1.9331675,0.11586815863847733,0.9701279997825623,0.7402560710906982
YPL228W,YLR384C,0,-1.9339175,0.11584848165512085,0.9701279997825623,0.7403982877731323
YBR216C,YPR183W,0,-1.9351267,0.11582880467176437,0.9701279997825623,0.7405405640602112
YDR377W,YFL047W,0,-1.9368882,0.1158091351389885,0.9701279997825623,0.7406827807426453
YLR342W,YGL223C,0,-1.937983,0.11578947305679321,0.9701279997825623,0.7408250570297241
YMR235C,YLL015W,0,-1.9393157,0.11576981842517853,0.9701279997825623,0.7409672737121582
YHL022C,YGL255W,0,-1.9395937,0.11575017124414444,0.9701279997825623,0.7411095499992371
YPL040C,YGR185C,1,-1.9405606,0.11590021848678589,0.9715505242347717,0.7411095499992371
YOR063W,YDR439W,0,-1.9417435,0.1158805564045906,0.9715505242347717,0.7412517666816711
YJL109C,YML048W,0,-1.9420352,0.11586090177297592,0.9715505242347717,0.74139404296875
YDL214C,YMR055C,0,-1.9434553,0.11584124714136124,0.9715505242347717,0.7415362596511841
YGL127C,YPL189W,0,-1.9436419,0.11582160741090775,0.9715505242347717,0.7416785359382629
YPL226W,YOR391C,0,-1.9439172,0.11580196768045425,0.9715505242347717,0.741820752620697
YJL139C,YPR097W,0,-1.9461734,0.11578233540058136,0.9715505242347717,0.7419630289077759
YBR068C,YDL126C,0,-1.9462676,0.11576271057128906,0.9715505242347717,0.74210524559021
YMR029C,YFL062W,0,-1.9479944,0.11574309319257736,0.9715505242347717,0.7422475218772888
YIL023C,YJL170C,0,-1.9525142,0.11572348326444626,0.9715505242347717,0.7423897385597229
YMR287C,YDL211C,0,-1.9529225,0.11570388078689575,0.9715505242347717,0.7425320148468018
YPR201W,YDR051C,0,-1.9547131,0.11568427830934525,0.9715505242347717,0.7426742315292358
YHR157W,YFL031W,0,-1.9552966,0.11566469073295593,0.9715505242347717,0.7428165078163147
YBR212W,YDR060W,0,-1.9564857,0.11564510315656662,0.9715505242347717,0.7429587244987488
YNL247W,YBL076C,1,-1.9567411,0.1157948225736618,0.9729729890823364,0.7429587244987488
YBR119W,YML031W,0,-1.9587774,0.1157752200961113,0.9729729890823364,0.7431010007858276
YDR098C-A,YBL071W-A,0,-1.9596243,0.11575562506914139,0.9729729890823364,0.7432432174682617
YAR007C,YER112W,0,-1.9599266,0.11573603749275208,0.9729729890823364,0.7433854937553406
YIL027C,YKL183W,0,-1.9606203,0.11571645736694336,0.9729729890823364,0.7435277104377747
YPL187W,YKR052C,0,-1.964241,0.11569688469171524,0.9729729890823364,0.7436699867248535
YER108C,YJR143C,0,-1.9653807,0.11567731946706772,0.9729729890823364,0.7438122630119324
YDL235C,YOL002C,0,-1.9661334,0.1156577616930008,0.9729729890823364,0.7439544796943665
YKL021C,YJL109C,0,-1.9690247,0.11563821136951447,0.9729729890823364,0.7440967559814453
YOR367W,YGR096W,0,-1.97056,0.11561866104602814,0.9729729890823364,0.7442389726638794
YHR196W,YIL110W,0,-1.9705647,0.1155991181731224,0.9729729890823364,0.7443812489509583
YOR381W,YDR510W,0,-1.9722532,0.11557959020137787,0.9729729890823364,0.7445234656333923
YLR154W-C,YIL084C,0,-1.9728323,0.11556006222963333,0.9729729890823364,0.7446657419204712
YGR272C,YCL063W,0,-1.976039,0.11554054170846939,0.9729729890823364,0.7448079586029053
YGL135W,YDR316W-A,0,-1.9761753,0.11552102863788605,0.9729729890823364,0.7449502348899841
YKR049C,YOR063W,0,-1.9762983,0.1155015230178833,0.9729729890823364,0.7450924515724182
YLR054C,YGL179C,0,-1.9763706,0.11548201739788055,0.9729729890823364,0.7452347278594971
YKL150W,YNL039W,0,-1.976518,0.115462526679039,0.9729729890823364,0.7453769445419312
YKL137W,YGR241C,0,-1.9770954,0.11544303596019745,0.9729729890823364,0.74551922082901
YCR003W,YHR178W,0,-1.9782261,0.11542356014251709,0.9729729890823364,0.7456614375114441
YIL064W,YMR231W,0,-1.9793339,0.11540408432483673,0.9729729890823364,0.745803713798523
YNL224C,YMR029C,0,-1.981352,0.11538461595773697,0.9729729890823364,0.745945930480957
YOR343C-A,YDL134C,0,-1.9814296,0.1153651550412178,0.9729729890823364,0.7460882067680359
YJL154C,YDL181W,0,-1.9837242,0.11534570157527924,0.9729729890823364,0.74623042345047
YOL056W,YML033W,0,-1.9837741,0.11532625555992126,0.9729729890823364,0.7463726997375488
YPL189C-A,YLL036C,0,-1.9849149,0.1153068095445633,0.9729729890823364,0.7465149164199829
YLL035W,YDL046W,0,-1.9854472,0.11528737843036652,0.9729729890823364,0.7466571927070618
YOR150W,YGL011C,0,-1.9877737,0.11526794731616974,0.9729729890823364,0.7467994093894958
YKR018C,YGL178W,0,-1.9889638,0.11524852365255356,0.9729729890823364,0.7469416856765747
YJR093C,YJR145C,0,-1.9891571,0.11522910743951797,0.9729729890823364,0.7470839023590088
YPR118W,YMR311C,0,-1.9899441,0.11520969867706299,0.9729729890823364,0.7472261786460876
YER126C,YHR139C,0,-1.9906602,0.1151902973651886,0.9729729890823364,0.7473683953285217
YNL111C,YNL054W,0,-1.9914687,0.1151709035038948,0.9729729890823364,0.7475106716156006
YGR181W,YMR281W,0,-1.9940072,0.11515151709318161,0.9729729890823364,0.7476528882980347
YLR139C,YGR030C,0,-1.994815,0.11513213068246841,0.9729729890823364,0.7477951645851135
YGR071C,YDR437W,0,-1.9948585,0.11511275917291641,0.9729729890823364,0.7479374408721924
YLR017W,YGL210W,0,-1.996797,0.11509338766336441,0.9729729890823364,0.7480796575546265
YJR076C,YPR173C,0,-1.997076,0.115074023604393,0.9729729890823364,0.7482219338417053
YDR189W,YOR022C,0,-1.997745,0.1150546669960022,0.9729729890823364,0.7483641505241394
YDR084C,YGR194C,0,-1.9983865,0.11503531783819199,0.9729729890823364,0.7485064268112183
YHR207C,YML104C,0,-1.9987981,0.11501597613096237,0.9729729890823364,0.7486486434936523
YML045W,YBL069W,0,-2.0007582,0.11499663442373276,0.9729729890823364,0.7487909197807312
YBR046C,YLR071C,0,-2.0020347,0.11497730761766434,0.9729729890823364,0.7489331364631653
YDR100W,YLR360W,0,-2.0046878,0.11495798081159592,0.9729729890823364,0.7490754127502441
YIL009W,YBL008W,0,-2.0049696,0.11493866890668869,0.9729729890823364,0.7492176294326782
YDR387C,YHR039C-B,0,-2.0052767,0.11491935700178146,0.9729729890823364,0.7493599057197571
YML034W,YBR234C,0,-2.0059462,0.11490005254745483,0.9729729890823364,0.7495021224021912
YOL088C,YER007W,0,-2.0071,0.1148807555437088,0.9729729890823364,0.74964439868927
YLR096W,YOL096C,0,-2.0071335,0.11486145853996277,0.9729729890823364,0.7497866153717041
YBL010C,YPR005C,0,-2.009906,0.11484217643737793,0.9729729890823364,0.749928891658783
YOR122C,YNR001C,0,-2.0101087,0.11482289433479309,0.9729729890823364,0.750071108341217
YBR038W,YMR297W,0,-2.011795,0.11480362713336945,0.9729729890823364,0.7502133846282959
YMR257C,YBR077C,0,-2.016028,0.1147843599319458,0.9729729890823364,0.75035560131073
YBR213W,YOR240W,0,-2.01692,0.11476510018110275,0.9729729890823364,0.7504978775978088
YLR370C,YKR053C,0,-2.0178418,0.1147458478808403,0.9729729890823364,0.7506400942802429
YLR399C,YPL235W,0,-2.0179727,0.11472660303115845,0.9729729890823364,0.7507823705673218
YLL050C,YEL021W,0,-2.01871,0.11470736563205719,0.9729729890823364,0.7509245872497559
YBR166C,YMR122W-A,0,-2.0199027,0.11468812823295593,0.9729729890823364,0.7510668635368347
YPL081W,YKL149C,0,-2.0218844,0.11466889828443527,0.9729729890823364,0.7512090802192688
YJL102W,YFL029C,0,-2.021942,0.1146496832370758,0.9729729890823364,0.7513513565063477
YDR320C,YMR125W,0,-2.0221152,0.11463046818971634,0.9729729890823364,0.7514935731887817
YPL189C-A,YOR244W,0,-2.0223224,0.11461126059293747,0.9729729890823364,0.7516358494758606
YDR439W,YNL316C,0,-2.0226142,0.1145920604467392,0.9729729890823364,0.7517780661582947
YNR053C,YLL009C,0,-2.0232742,0.11457286775112152,0.9729729890823364,0.7519203424453735
YHR214W-G,YCR077C,0,-2.0237346,0.11455367505550385,0.9729729890823364,0.7520625591278076
YJR056C,YCR010C,0,-2.0266788,0.11453449726104736,0.9729729890823364,0.7522048354148865
YKR087C,YBR201W,0,-2.0275645,0.11451531946659088,0.9729729890823364,0.7523471117019653
YOR153W,YOR043W,0,-2.0280418,0.114496149122715,0.9729729890823364,0.7524893283843994
YDR210W,YER129W,0,-2.0287356,0.11447698622941971,0.9729729890823364,0.7526316046714783
YBR283C,YGL201C,0,-2.0299497,0.11445783078670502,0.9729729890823364,0.7527738213539124
YAL042W,YCR035C,0,-2.0314145,0.11443868279457092,0.9729729890823364,0.7529160976409912
YDL092W,YDR466W,0,-2.0314445,0.11441953480243683,0.9729729890823364,0.7530583143234253
YIL154C,YER033C,0,-2.0326056,0.11440040171146393,0.9729729890823364,0.7532005906105042
YGL012W,YDL043C,0,-2.03279,0.11438126862049103,0.9729729890823364,0.7533428072929382
YGR104C,YOL016C,0,-2.0329642,0.11436215043067932,0.9729729890823364,0.7534850835800171
YJR050W,YKL062W,0,-2.0333004,0.11434303224086761,0.9729729890823364,0.7536273002624512
YBL076C,YHR011W,1,-2.0343409,0.1144910603761673,0.9743954539299011,0.7536273002624512
YOR136W,YGR038C-B,0,-2.036645,0.1144719272851944,0.9743954539299011,0.75376957654953
YPL145C,YPL117C,0,-2.036748,0.1144528016448021,0.9743954539299011,0.7539117932319641
YML115C,YDL075W,0,-2.0370781,0.11443367600440979,0.9743954539299011,0.754054069519043
YLL035W,YAL013W,0,-2.0378618,0.11441456526517868,0.9743954539299011,0.754196286201477
YOL076W,YFL016C,0,-2.039595,0.11439545452594757,0.9743954539299011,0.7543385624885559
YDR088C,YDR115W,0,-2.039897,0.11437635868787766,0.9743954539299011,0.75448077917099
YLR372W,YKR059W,0,-2.040154,0.11435726284980774,0.9743954539299011,0.7546230554580688
YBL091C,YKL143W,0,-2.0402982,0.11433817446231842,0.9743954539299011,0.7547652721405029
YDR085C,YNL209W,0,-2.0403442,0.1143190935254097,0.9743954539299011,0.7549075484275818
YKL113C,YPR095C,0,-2.0404088,0.11430002003908157,0.9743954539299011,0.7550497651100159
YPR101W,YGL013C,0,-2.0407882,0.11428094655275345,0.9743954539299011,0.7551920413970947
YCL029C,YBL030C,0,-2.0414705,0.11426188796758652,0.9743954539299011,0.7553342580795288
YDR487C,YHR205W,0,-2.0414827,0.11424282938241959,0.9743954539299011,0.7554765343666077
YJL010C,YJL021C,0,-2.0415976,0.11422377824783325,0.9743954539299011,0.7556187510490417
YGL016W,YBL002W,0,-2.0435793,0.11420473456382751,0.9743954539299011,0.7557610273361206
YHL004W,YDL102W,0,-2.0440776,0.11418569833040237,0.9743954539299011,0.7559032440185547
YHR014W,YPL063W,0,-2.0441394,0.11416666954755783,0.9743954539299011,0.7560455203056335
YLR306W,YEL044W,0,-2.0447624,0.11414764076471329,0.9743954539299011,0.7561877369880676
YMR050C,YOR217W,0,-2.0465004,0.11412862688302994,0.9743954539299011,0.7563300132751465
YPL036W,YCL027C-A,0,-2.0465093,0.11410961300134659,0.9743954539299011,0.7564722895622253
YDR204W,YPR148C,0,-2.0486312,0.11409060657024384,0.9743954539299011,0.7566145062446594
YPL090C,YDR443C,0,-2.050114,0.11407160758972168,0.9743954539299011,0.7567567825317383
YAL043C,YML120C,0,-2.051343,0.11405261605978012,0.9743954539299011,0.7568989992141724
YGR023W,YDR248C,0,-2.05401,0.11403362452983856,0.9743954539299011,0.7570412755012512
YPL133C,YDL120W,0,-2.0544324,0.1140146479010582,0.9743954539299011,0.7571834921836853
YDR099W,YNL263C,0,-2.0546184,0.11399567127227783,0.9743954539299011,0.7573257684707642
YEL038W,YLR035C-A,0,-2.0560617,0.11397670209407806,0.9743954539299011,0.7574679851531982
YGR060W,YPL271W,0,-2.0626228,0.11395774781703949,0.9743954539299011,0.7576102614402771
YLR079W,YDR359C,0,-2.0642793,0.11393878608942032,0.9743954539299011,0.7577524781227112
YHR142W,YIL052C,0,-2.0687788,0.11391983926296234,0.9743954539299011,0.75789475440979
YLR307W,YGR296W,0,-2.068791,0.11390089988708496,0.9743954539299011,0.7580369710922241
YML041C,YBL093C,0,-2.0688586,0.11388196051120758,0.9743954539299011,0.758179247379303
YBR189W,YJL143W,0,-2.0694525,0.1138630285859108,0.9743954539299011,0.7583214640617371
YFL026W,YGR024C,0,-2.0732193,0.11384411156177521,0.9743954539299011,0.7584637403488159
YOL059W,YDL038C,0,-2.073576,0.11382519453763962,0.9743954539299011,0.75860595703125
YHR010W,YFL047W,0,-2.0741954,0.11380627751350403,0.9743954539299011,0.7587482333183289
YHL036W,YGR181W,0,-2.0749857,0.11378737539052963,0.9743954539299011,0.7588904500007629
YML047C,YGR278W,0,-2.0757308,0.11376848071813583,0.9743954539299011,0.7590327262878418
YBR101C,YLR435W,0,-2.0757704,0.11374958604574203,0.9743954539299011,0.7591749429702759
YOR358W,YML081W,0,-2.076387,0.11373069882392883,0.9743954539299011,0.7593172192573547
YOL076W,YLR384C,0,-2.0776768,0.11371181905269623,0.9743954539299011,0.7594594359397888
YNL264C,YLR066W,0,-2.0795279,0.11369294673204422,0.9743954539299011,0.7596017122268677
YLR370C,YBR207W,0,-2.0797129,0.11367408186197281,0.9743954539299011,0.7597439289093018
YKL211C,YOR221C,0,-2.080184,0.1136552169919014,0.9743954539299011,0.7598862051963806
YGL255W,YNL169C,0,-2.083045,0.11363636702299118,0.9743954539299011,0.7600284218788147
YKR083C,YKR062W,0,-2.0830514,0.11361751705408096,0.9743954539299011,0.7601706981658936
YNL113W,YHR088W,0,-2.0845466,0.11359867453575134,0.9743954539299011,0.7603129148483276
YKL132C,YAR042W,0,-2.084643,0.11357983946800232,0.9743954539299011,0.7604551911354065
YIL137C,YNR048W,0,-2.0848355,0.1135610044002533,0.9743954539299011,0.7605974674224854
YBR171W,YLR128W,0,-2.084991,0.11354218423366547,0.9743954539299011,0.7607396841049194
YBL076C,YFL022C,1,-2.085595,0.11368909478187561,0.9758179187774658,0.7607396841049194
YMR037C,YPL169C,0,-2.0873322,0.11367025971412659,0.9758179187774658,0.7608819603919983
YCL035C,YKL017C,0,-2.0875478,0.11365142464637756,0.9758179187774658,0.7610241770744324
YKR010C,YBR088C,0,-2.0886495,0.11363259702920914,0.9758179187774658,0.7611664533615112
YDR412W,YPR097W,0,-2.0887165,0.11361377686262131,0.9758179187774658,0.7613086700439453
YOR001W,YIR037W,0,-2.0889711,0.11359496414661407,0.9758179187774658,0.7614509463310242
YDL226C,YKL042W,0,-2.090707,0.11357615888118744,0.9758179187774658,0.7615931630134583
YIL123W,YOL113W,0,-2.0912957,0.1135573610663414,0.9758179187774658,0.7617354393005371
YLR266C,YLR332W,0,-2.0917196,0.11353856325149536,0.9758179187774658,0.7618776559829712
YMR040W,YAL059W,0,-2.0928435,0.11351977288722992,0.9758179187774658,0.76201993227005
YPR097W,YDL243C,0,-2.0936685,0.11350098997354507,0.9758179187774658,0.7621621489524841
YDR113C,YJL059W,0,-2.0944004,0.11348221451044083,0.9758179187774658,0.762304425239563
YLR084C,YAL025C,0,-2.0951874,0.11346344649791718,0.9758179187774658,0.7624466419219971
YOR003W,YNL330C,0,-2.0957968,0.11344468593597412,0.9758179187774658,0.7625889182090759
YDR287W,YDR490C,0,-2.0961375,0.11342592537403107,0.9758179187774658,0.76273113489151
YGR286C,YML005W,0,-2.0983272,0.11340717226266861,0.9758179187774658,0.7628734111785889
YMR024W,YKL163W,0,-2.100004,0.11338842660188675,0.9758179187774658,0.763015627861023
YJR143C,YPL135W,0,-2.1018572,0.11336968839168549,0.9758179187774658,0.7631579041481018
YFL037W,YOR252W,0,-2.1033735,0.11335095763206482,0.9758179187774658,0.7633001208305359
YNR075W,YOL105C,0,-2.1035416,0.11333223432302475,0.9758179187774658,0.7634423971176147
YNL251C,YHR003C,0,-2.1051085,0.11331351101398468,0.9758179187774658,0.7635846138000488
YPR068C,YGL023C,0,-2.1056783,0.11329479515552521,0.9758179187774658,0.7637268900871277
YNL098C,YNL088W,0,-2.1061783,0.11327608674764633,0.9758179187774658,0.7638691067695618
YIL130W,YHL009W-A,0,-2.106557,0.11325738579034805,0.9758179187774658,0.7640113830566406
YAR044W,YNL145W,0,-2.1077228,0.11323869228363037,0.9758179187774658,0.7641535997390747
YHR142W,YPR158W-A,0,-2.1089315,0.11322000622749329,0.9758179187774658,0.7642958760261536
YDL147W,YNL177C,0,-2.109282,0.1132013201713562,0.9758179187774658,0.7644380927085876
YNL293W,YKL018W,0,-2.1093125,0.11318264156579971,0.9758179187774658,0.7645803689956665
YGR227W,YPL239W,0,-2.112006,0.11316397041082382,0.9758179187774658,0.7647226452827454
YML133C,YPR105C,0,-2.112285,0.11314530670642853,0.9758179187774658,0.7648648619651794
YIR007W,YPR031W,0,-2.1154907,0.11312665045261383,0.9758179187774658,0.7650071382522583
YGR287C,YBR104W,0,-2.1158617,0.11310799419879913,0.9758179187774658,0.7651493549346924
YJL162C,YOL034W,0,-2.1171987,0.11308935284614563,0.9758179187774658,0.7652916312217712
YDR393W,YLL009C,0,-2.1199875,0.11307071149349213,0.9758179187774658,0.7654338479042053
YOR069W,YOL103W-A,0,-2.120137,0.11305207759141922,0.9758179187774658,0.7655761241912842
YGR161W-A,YBR039W,0,-2.1206348,0.11303345113992691,0.9758179187774658,0.7657183408737183
YDR123C,YKL114C,0,-2.122273,0.1130148246884346,0.9758179187774658,0.7658606171607971
YBL002W,YKR093W,0,-2.122448,0.11299621313810349,0.9758179187774658,0.7660028338432312
YDR287W,YGR067C,0,-2.1241088,0.11297760158777237,0.9758179187774658,0.7661451101303101
YKL018W,YML100W,0,-2.1246672,0.11295899748802185,0.9758179187774658,0.7662873268127441
YDR150W,YPR009W,0,-2.1259396,0.11294040083885193,0.9758179187774658,0.766429603099823
YML054C,YBR204C,0,-2.1273093,0.1129218116402626,0.9758179187774658,0.7665718197822571
YPL195W,YGL161C,0,-2.127421,0.11290322244167328,0.9758179187774658,0.7667140960693359
YJR134C,YLR360W,0,-2.127764,0.11288464814424515,0.9758179187774658,0.76685631275177
YIL036W,YMR134W,0,-2.1280243,0.11286607384681702,0.9758179187774658,0.7669985890388489
YNR048W,YPL117C,0,-2.1282156,0.11284750699996948,0.9758179187774658,0.767140805721283
YJR056C,YBR018C,0,-2.1299295,0.11282894760370255,0.9758179187774658,0.7672830820083618
YGL205W,YPL145C,0,-2.1302207,0.1128103956580162,0.9758179187774658,0.7674252986907959
YHR062C,YNL272C,0,-2.1325843,0.11279184371232986,0.9758179187774658,0.7675675749778748
YML124C,YDR483W,0,-2.1339533,0.11277329921722412,0.9758179187774658,0.7677097916603088
YCL005W-A,YOL007C,0,-2.1358833,0.11275476962327957,0.9758179187774658,0.7678520679473877
YAL068C,YPL096C-A,0,-2.1359468,0.11273624002933502,0.9758179187774658,0.7679942846298218
YIL117C,YPL038W,0,-2.1366098,0.11271771043539047,0.9758179187774658,0.7681365609169006
YOR375C,YDL204W,0,-2.1378798,0.11269919574260712,0.9758179187774658,0.7682787775993347
YCR106W,YIL009C-A,0,-2.1388862,0.11268068104982376,0.9758179187774658,0.7684210538864136
YER133W,YML027W,0,-2.1392589,0.1126621812582016,0.9758179187774658,0.7685632705688477
YHR089C,YDL222C,0,-2.1399722,0.11264368146657944,0.9758179187774658,0.7687055468559265
YMR043W,YHR063C,0,-2.1403146,0.11262518167495728,0.9758179187774658,0.7688478231430054
YOR173W,YGR262C,0,-2.1403537,0.11260669678449631,0.9758179187774658,0.7689900398254395
YNR046W,YDR350C,0,-2.1417098,0.11258821934461594,0.9758179187774658,0.7691323161125183
YIR008C,YJR089W,0,-2.142191,0.11256974190473557,0.9758179187774658,0.7692745327949524
YDR520C,YBR012W-B,0,-2.1434984,0.11255127191543579,0.9758179187774658,0.7694168090820312
YHR124W,YDL123W,0,-2.143663,0.11253280937671661,0.9758179187774658,0.7695590257644653
YPR164W,YML022W,0,-2.145606,0.11251435428857803,0.9758179187774658,0.7697013020515442
YPR019W,YJR132W,0,-2.148318,0.11249589920043945,0.9758179187774658,0.7698435187339783
YOR168W,YER087W,1,-2.148704,0.11264141649007797,0.9772403836250305,0.7698435187339783
YKR086W,YIL041W,0,-2.1488397,0.1126229539513588,0.9772403836250305,0.7699857950210571
YGL061C,YBR109C,0,-2.150723,0.11260449141263962,0.9772403836250305,0.7701280117034912
YGL145W,YML087C,0,-2.151317,0.11258603632450104,0.9772403836250305,0.7702702879905701
YLR343W,YOR273C,0,-2.1513653,0.11256758868694305,0.9772403836250305,0.7704125046730042
YJL078C,YIR013C,0,-2.1517787,0.11254914849996567,0.9772403836250305,0.770554780960083
YNL115C,YPR158W-A,0,-2.1530874,0.11253071576356888,0.9772403836250305,0.7706969976425171
YLR409C,YOL091W,0,-2.153963,0.11251228302717209,0.9772403836250305,0.770839273929596
YMR041C,YJR109C,0,-2.1544614,0.1124938577413559,0.9772403836250305,0.77098149061203
YGR247W,YLR398C,0,-2.155837,0.1124754399061203,0.9772403836250305,0.7711237668991089
YLR403W,YGL253W,0,-2.1569693,0.1124570295214653,0.9772403836250305,0.771265983581543
YGL058W,YIL043C,0,-2.1576922,0.1124386265873909,0.9772403836250305,0.7714082598686218
YJR129C,YGL073W,0,-2.1579118,0.1124202236533165,0.9772403836250305,0.7715504765510559
YBL076C,YIL078W,1,-2.1584735,0.11256544291973114,0.9786628484725952,0.7715504765510559
YMR167W,YPR034W,0,-2.1588738,0.11254703253507614,0.9786628484725952,0.7716927528381348
YOR043W,YBR109C,0,-2.159019,0.11252862215042114,0.9786628484725952,0.7718349695205688
YPR101W,YNL031C,0,-2.1597447,0.11251021921634674,0.9786628484725952,0.7719772458076477
YAR070W-A,YDL060W,0,-2.1597514,0.11249182373285294,0.9786628484725952,0.7721194624900818
YMR201C,YKR089C,0,-2.1604168,0.11247343569993973,0.9786628484725952,0.7722617387771606
YGR264C,YER087W,1,-2.1615677,0.11261850595474243,0.9800853729248047,0.7722617387771606
YNL031C,YLR067C,0,-2.1619787,0.11260009557008743,0.9800853729248047,0.7724039554595947
YDL214C,YGL185C,0,-2.162042,0.11258170008659363,0.9800853729248047,0.7725462317466736
YDL123W,YLR408C,0,-2.162634,0.11256330460309982,0.9800853729248047,0.7726884484291077
YPL280W,YMR175W,0,-2.1633883,0.11254491657018661,0.9800853729248047,0.7728307247161865
YKR010C,YMR063W,0,-2.1648064,0.112526535987854,0.9800853729248047,0.7729730010032654
YPR107C,YHR096C,0,-2.1678674,0.11250816285610199,0.9800853729248047,0.7731152176856995
YJL136C,YJL170C,0,-2.1710556,0.11248979717493057,0.9800853729248047,0.7732574939727783
YDR523C,YOR064C,0,-2.1731513,0.11247143149375916,0.9800853729248047,0.7733997106552124
YLR368W,YEL013W,0,-2.1732259,0.11245307326316833,0.9800853729248047,0.7735419869422913
YJL093C,YHR203C,0,-2.1733317,0.11243472248315811,0.9800853729248047,0.7736842036247253
YBL021C,YML009C,0,-2.1753464,0.11241637915372849,0.9800853729248047,0.7738264799118042
YMR275C,YOR233W,0,-2.176042,0.11239804327487946,0.9800853729248047,0.7739686965942383
YMR163C,YIL017C,0,-2.1762967,0.11237970739603043,0.9800853729248047,0.7741109728813171
YOL128C,YOL139C,0,-2.1775098,0.11236138641834259,0.9800853729248047,0.7742531895637512
YCR005C,YMR283C,0,-2.179099,0.11234306544065475,0.9800853729248047,0.7743954658508301
YMR263W,YJL062W,0,-2.1795406,0.11232474446296692,0.9800853729248047,0.7745376825332642
YCR003W,YLR413W,0,-2.180712,0.11230643838644028,0.9800853729248047,0.774679958820343
YLL048C,YLR051C,0,-2.1814427,0.11228813230991364,0.9800853729248047,0.7748221755027771
YKL185W,YJL148W,0,-2.1866422,0.11226984113454819,0.9800853729248047,0.774964451789856
YPR094W,YBR107C,0,-2.1894765,0.11225154995918274,0.9800853729248047,0.77510666847229
YHR037W,YLR097C,0,-2.1914432,0.11223326623439789,0.9800853729248047,0.7752489447593689
YGR026W,YNL286W,0,-2.1923695,0.11221498250961304,0.9800853729248047,0.775391161441803
YBR265W,YHL019C,0,-2.1926508,0.11219671368598938,0.9800853729248047,0.7755334377288818
YCR037C,YDR270W,0,-2.1941833,0.11217844486236572,0.9800853729248047,0.7756756544113159
YOR043W,YGR161C-C,0,-2.1944852,0.11216018348932266,0.9800853729248047,0.7758179306983948
YIL127C,YLL048C,0,-2.1949964,0.1121419295668602,0.9800853729248047,0.7759601473808289
YLR410W,YGL063W,0,-2.1956773,0.11212367564439774,0.9800853729248047,0.7761024236679077
YLR001C,YEL047C,0,-2.196232,0.11210543662309647,0.9800853729248047,0.7762446403503418
YMR024W,YPL096C-A,0,-2.1966627,0.1120871976017952,0.9800853729248047,0.7763869166374207
YKL048C,YJR161C,0,-2.1975029,0.11206896603107452,0.9800853729248047,0.7765291333198547
YHR150W,YBR014C,0,-2.2003403,0.11205074191093445,0.9800853729248047,0.7766714096069336
YKR039W,YBR193C,0,-2.2013352,0.11203251779079437,0.9800853729248047,0.7768136262893677
YER111C,YDR317W,0,-2.2024317,0.11201430857181549,0.9800853729248047,0.7769559025764465
YJR059W,YOR265W,0,-2.2036734,0.11199609935283661,0.9800853729248047,0.7770981788635254
YHR170W,YBR299W,0,-2.2042353,0.11197789758443832,0.9800853729248047,0.7772403955459595
YDR168W,YKL069W,0,-2.204412,0.11195970326662064,0.9800853729248047,0.7773826718330383
YLR019W,YOR241W,0,-2.2057652,0.11194150894880295,0.9800853729248047,0.7775248885154724
YHR121W,YCR034W,0,-2.2090807,0.11192332953214645,0.9800853729248047,0.7776671648025513
YFL034C-A,YGR008C,0,-2.210022,0.11190515011548996,0.9800853729248047,0.7778093814849854
YKL063C,YGR099W,0,-2.210339,0.11188697814941406,0.9800853729248047,0.7779516577720642
YBR001C,YCR021C,0,-2.2108672,0.11186880618333817,0.9800853729248047,0.7780938744544983
YPL227C,YER177W,0,-2.212578,0.11185064911842346,0.9800853729248047,0.7782361507415771
YLR154C,YDR495C,0,-2.2184305,0.11183249205350876,0.9800853729248047,0.7783783674240112
YMR263W,YLR284C,0,-2.2186303,0.11181434243917465,0.9800853729248047,0.7785206437110901
YPL124W,YKL035W,0,-2.2191505,0.11179620027542114,0.9800853729248047,0.7786628603935242
YLR307W,YCL055W,0,-2.2215023,0.11177806556224823,0.9800853729248047,0.778805136680603
YMR056C,YER124C,0,-2.221694,0.11175993829965591,0.9800853729248047,0.7789473533630371
YKL135C,YGR198W,0,-2.223091,0.1117418110370636,0.9800853729248047,0.779089629650116
YJR090C,YPL149W,0,-2.2233171,0.11172369122505188,0.9800853729248047,0.77923184633255
YHL003C,YPR112C,0,-2.2271497,0.11170557886362076,0.9800853729248047,0.7793741226196289
YLR399C,YDL052C,0,-2.2275112,0.11168746650218964,0.9800853729248047,0.779516339302063
YPL195W,YKR062W,0,-2.2297266,0.11166936904191971,0.9800853729248047,0.7796586155891418
YDL100C,YDR529C,0,-2.2307508,0.11165127158164978,0.9800853729248047,0.7798008322715759
YHR153C,YBL060W,0,-2.2315726,0.11163318157196045,0.9800853729248047,0.7799431085586548
YNL007C,YDR135C,0,-2.2317033,0.11161509901285172,0.9800853729248047,0.7800853252410889
YNL039W,YNR047W,0,-2.2319276,0.11159701645374298,0.9800853729248047,0.7802276015281677
YPL060W,YOR315W,0,-2.232679,0.11157894879579544,0.9800853729248047,0.7803698182106018
YEL061C,YJL094C,0,-2.2329898,0.1115608811378479,0.9800853729248047,0.7805120944976807
YNR036C,YDR264C,0,-2.2352707,0.11154282093048096,0.9800853729248047,0.7806543111801147
YPR143W,YPL085W,0,-2.2363443,0.11152476817369461,0.9800853729248047,0.7807965874671936
YHL021C,YHR153C,0,-2.2375207,0.11150671541690826,0.9800853729248047,0.7809388041496277
YIL147C,YDL066W,0,-2.2398384,0.11148867011070251,0.9800853729248047,0.7810810804367065
YDR500C,YLR308W,0,-2.2429156,0.11147063225507736,0.9800853729248047,0.7812233567237854
YLR013W,YGL073W,0,-2.2439086,0.1114526018500328,0.9800853729248047,0.7813655734062195
YBR058C,YKL112W,0,-2.2442663,0.11143457889556885,0.9800853729248047,0.7815078496932983
YOR341W,YLR376C,0,-2.2471032,0.11141655594110489,0.9800853729248047,0.7816500663757324
YDR422C,YPR005C,0,-2.2479763,0.11139854788780212,0.9800853729248047,0.7817923426628113
YOR004W,YAL010C,0,-2.2481813,0.11138053983449936,0.9800853729248047,0.7819345593452454
YDR171W,YHR096C,0,-2.248449,0.1113625317811966,0.9800853729248047,0.7820768356323242
YCR071C,YMR134W,0,-2.2498002,0.11134453862905502,0.9800853729248047,0.7822190523147583
YNL251C,YDL139C,0,-2.2505097,0.11132654547691345,0.9800853729248047,0.7823613286018372
YLR382C,YNL073W,1,-2.2520645,0.11147011071443558,0.9815078377723694,0.7823613286018372
YBR179C,YMR074C,0,-2.2528603,0.11145211011171341,0.9815078377723694,0.7825035452842712
YLR327C,YFR041C,0,-2.2529187,0.11143410950899124,0.9815078377723694,0.7826458215713501
YDR437W,YBL091C,0,-2.2541814,0.11141611635684967,0.9815078377723694,0.7827880382537842
YHR032W,YML091C,0,-2.254183,0.1113981306552887,0.9815078377723694,0.782930314540863
YML066C,YEL017C-A,0,-2.2555213,0.11138014495372772,0.9815078377723694,0.7830725312232971
YIL154C,YMR128W,0,-2.2571325,0.11136216670274734,0.9815078377723694,0.783214807510376
YBR283C,YGR061C,0,-2.257965,0.11134419590234756,0.9815078377723694,0.7833570241928101
YLR167W,YDR198C,0,-2.2589886,0.11132623255252838,0.9815078377723694,0.7834993004798889
YOR339C,YLR315W,0,-2.2591798,0.1113082766532898,0.9815078377723694,0.783641517162323
YGL226W,YLR459W,0,-2.2597106,0.11129032075405121,0.9815078377723694,0.7837837934494019
YGR038C-A,YCR040W,0,-2.2609522,0.11127237230539322,0.9815078377723694,0.7839260101318359
YFL011W,YPR041W,0,-2.2632627,0.11125443130731583,0.9815078377723694,0.7840682864189148
YNL159C,YPR063C,0,-2.2636943,0.11123649775981903,0.9815078377723694,0.7842105031013489
YJL221C,YEL015W,0,-2.2673314,0.11121857166290283,0.9815078377723694,0.7843527793884277
YLR276C,YPL022W,0,-2.2676816,0.11120064556598663,0.9815078377723694,0.7844949960708618
YLR449W,YBL090W,0,-2.2685342,0.11118272691965103,0.9815078377723694,0.7846372723579407
YLR054C,YBL017C,0,-2.2694159,0.11116481572389603,0.9815078377723694,0.7847794890403748
YKL002W,YDR156W,0,-2.2766206,0.11114690452814102,0.9815078377723694,0.7849217653274536
YDR021W,YPL010W,0,-2.2781687,0.11112900823354721,0.9815078377723694,0.7850639820098877
YPL174C,YDR129C,0,-2.279358,0.1111111119389534,0.9815078377723694,0.7852062582969666
YOR157C,YDR096W,0,-2.2814724,0.11109322309494019,0.9815078377723694,0.7853485345840454
YNL322C,YOR290C,0,-2.2817361,0.11107534170150757,0.9815078377723694,0.7854907512664795
YPL038W,YOR156C,0,-2.2830446,0.11105746030807495,0.9815078377723694,0.7856330275535583
YFL035C-B,YJL041W,0,-2.2831485,0.11103958636522293,0.9815078377723694,0.7857752442359924
YOR337W,YPL204W,0,-2.2832315,0.11102171987295151,0.9815078377723694,0.7859175205230713
YDR261W-B,YGL179C,0,-2.2851872,0.11100386083126068,0.9815078377723694,0.7860597372055054
YNL218W,YGL134W,0,-2.2854235,0.11098600924015045,0.9815078377723694,0.7862020134925842
YNL123W,YGL137W,0,-2.285923,0.11096815764904022,0.9815078377723694,0.7863442301750183
YLL035W,YOR335C,0,-2.2874098,0.11095031350851059,0.9815078377723694,0.7864865064620972
YGL049C,YDR325W,0,-2.2884274,0.11093247681856155,0.9815078377723694,0.7866287231445312
YPL253C,YPR023C,0,-2.2895498,0.11091464757919312,0.9815078377723694,0.7867709994316101
YPL132W,YDR156W,0,-2.2934215,0.11089681833982468,0.9815078377723694,0.7869132161140442
YMR235C,YFR040W,0,-2.2941499,0.11087899655103683,0.9815078377723694,0.787055492401123
YGR163W,YDL124W,0,-2.294505,0.11086118221282959,0.9815078377723694,0.7871977090835571
YGL208W,YLR205C,0,-2.297295,0.11084337532520294,0.9815078377723694,0.787339985370636
YDR287W,YGL213C,0,-2.2973394,0.1108255684375763,0.9815078377723694,0.7874822020530701
YJL158C,YNR052C,0,-2.2974892,0.11080776900053024,0.9815078377723694,0.7876244783401489
YMR167W,YBR039W,0,-2.2982702,0.11078997701406479,0.9815078377723694,0.787766695022583
YLR055C,YDL095W,0,-2.2984276,0.11077219247817993,0.9815078377723694,0.7879089713096619
YER021W,YPR192W,0,-2.2993848,0.11075441539287567,0.9815078377723694,0.788051187992096
YOR141C,YOR339C,0,-2.2998996,0.11073663830757141,0.9815078377723694,0.7881934642791748
YLR023C,YJR158W,0,-2.300231,0.11071886867284775,0.9815078377723694,0.7883356809616089
YCR039C,YDR440W,0,-2.3016315,0.11070110648870468,0.9815078377723694,0.7884779572486877
YJR095W,YCL020W,0,-2.307614,0.11068335175514221,0.9815078377723694,0.7886201739311218
YIL052C,YLR097C,0,-2.308065,0.11066559702157974,0.9815078377723694,0.7887624502182007
YJL207C,YGL226W,0,-2.309554,0.11064784973859787,0.9815078377723694,0.7889046669006348
YDL130W,YMR037C,0,-2.3110652,0.1106301099061966,0.9815078377723694,0.7890469431877136
YOR059C,YGR065C,0,-2.3120136,0.11061237752437592,0.9815078377723694,0.7891891598701477
YPL214C,YOR060C,0,-2.3120432,0.11059464514255524,0.9815078377723694,0.7893314361572266
YLR371W,YJR105W,0,-2.3141322,0.11057692021131516,0.9815078377723694,0.7894737124443054
YOR117W,YJL078C,0,-2.316705,0.11055920273065567,0.9815078377723694,0.7896159291267395
YPR158C-D,YER040W,0,-2.3170712,0.11054149270057678,0.9815078377723694,0.7897582054138184
YPR028W,YMR177W,0,-2.317794,0.11052379012107849,0.9815078377723694,0.7899004220962524
YBR030W,YMR277W,0,-2.3178897,0.1105060875415802,0.9815078377723694,0.7900426983833313
YNL265C,YJL002C,0,-2.3180933,0.1104883924126625,0.9815078377723694,0.7901849150657654
YNL241C,YOR100C,0,-2.3189495,0.11047070473432541,0.9815078377723694,0.7903271913528442
YHL020C,YKR030W,0,-2.3196428,0.11045301705598831,0.9815078377723694,0.7904694080352783
YMR232W,YIL153W,0,-2.3225336,0.11043533682823181,0.9815078377723694,0.7906116843223572
YBR258C,YJL063C,0,-2.3238819,0.11041766405105591,0.9815078377723694,0.7907539010047913
YLR115W,YMR201C,0,-2.3244715,0.1103999987244606,0.9815078377723694,0.7908961772918701
YLR079W,YDL091C,0,-2.3252666,0.11038234084844589,0.9815078377723694,0.7910383939743042
YPR018W,YFR010W,0,-2.3271987,0.11036468297243118,0.9815078377723694,0.7911806702613831
YML115C,YDL195W,0,-2.3283563,0.11034703254699707,0.9815078377723694,0.7913228869438171
YGL125W,YPR073C,0,-2.3309383,0.11032938957214355,0.9815078377723694,0.791465163230896
YKR058W,YGL099W,0,-2.33216,0.11031175404787064,0.9815078377723694,0.7916073799133301
YBL069W,YER030W,0,-2.3358278,0.11029411852359772,0.9815078377723694,0.7917496562004089
YLR081W,YHR033W,0,-2.3359468,0.1102764904499054,0.9815078377723694,0.791891872882843
YOR278W,YIL150C,0,-2.336075,0.11025886982679367,0.9815078377723694,0.7920341491699219
YDL069C,YOL030W,0,-2.3371496,0.11024124920368195,0.9815078377723694,0.792176365852356
YJL059W,YDR316W-B,0,-2.3382711,0.11022364348173141,0.9815078377723694,0.7923186421394348
YGR207C,YNL142W,0,-2.3441997,0.11020603775978088,0.9815078377723694,0.7924608588218689
YLR227W-A,YCR079W,0,-2.3464122,0.11018843948841095,0.9815078377723694,0.7926031351089478
YEL055C,YHR011W,0,-2.347206,0.11017084121704102,0.9815078377723694,0.7927453517913818
YCL066W,YHL018W,0,-2.347898,0.11015325784683228,0.9815078377723694,0.7928876280784607
YDR395W,YGL040C,0,-2.351297,0.11013567447662354,0.9815078377723694,0.7930298447608948
YPR070W,YBL066C,0,-2.3525617,0.11011809855699539,0.9815078377723694,0.7931721210479736
YOR073W,YML019W,0,-2.3547997,0.11010053008794785,0.9815078377723694,0.7933143377304077
YDR077W,YOR043W,0,-2.355227,0.1100829616189003,0.9815078377723694,0.7934566140174866
YLR115W,YGL043W,0,-2.3554223,0.11006540060043335,0.9815078377723694,0.7935988903045654
YKL198C,YBL022C,0,-2.356608,0.110047847032547,0.9815078377723694,0.7937411069869995
YNL113W,YCR072C,0,-2.3566642,0.11003030091524124,0.9815078377723694,0.7938833832740784
YGR074W,YDL146W,0,-2.3586507,0.11001275479793549,0.9815078377723694,0.7940255999565125
YHR032W,YJL113W,0,-2.3595743,0.10999521613121033,0.9815078377723694,0.7941678762435913
YOR346W,YDR087C,0,-2.3609588,0.10997768491506577,0.9815078377723694,0.7943100929260254
YGR247W,YLR178C,0,-2.362803,0.1099601611495018,0.9815078377723694,0.7944523692131042
YMR012W,YDR484W,0,-2.3641942,0.10994263738393784,0.9815078377723694,0.7945945858955383
YPL158C,YKR099C-A,0,-2.3652117,0.10992512106895447,0.9815078377723694,0.7947368621826172
YBR109C,YNL136W,0,-2.3664246,0.1099076122045517,0.9815078377723694,0.7948790788650513
YNL330C,YEL009C,0,-2.3671255,0.10989011079072952,0.9815078377723694,0.7950213551521301
YNL270C,YJR027W,0,-2.3674777,0.10987260937690735,0.9815078377723694,0.7951635718345642
YDR523C,YDR483W,0,-2.368802,0.10985511541366577,0.9815078377723694,0.7953058481216431
YNR071C,YMR292W,0,-2.3688064,0.10983762890100479,0.9815078377723694,0.7954480648040771
YLR142W,YDL081C,0,-2.368999,0.10982014983892441,0.9815078377723694,0.795590341091156
YBR012W-A,YPR102C,0,-2.3706846,0.10980267077684402,0.9815078377723694,0.7957325577735901
YER148W,YLR056W,0,-2.3712544,0.10978519916534424,0.9815078377723694,0.795874834060669
YAL068C,YOL027C,0,-2.371626,0.10976773500442505,0.9815078377723694,0.796017050743103
YDR276C,YNL075W,0,-2.371693,0.10975027829408646,0.9815078377723694,0.7961593270301819
YPR061C,YHR042W,0,-2.3743756,0.10973282158374786,0.9815078377723694,0.796301543712616
YKL125W,YOR131C,0,-2.374642,0.10971537977457047,0.9815078377723694,0.7964438199996948
YDR359C,YHL031C,0,-2.3747096,0.10969793051481247,0.9815078377723694,0.7965860366821289
YHR166C,YDL117W,0,-2.37497,0.10968049615621567,0.9815078377723694,0.7967283129692078
YLR207W,YLR190W,0,-2.375049,0.10966306179761887,0.9815078377723694,0.7968705296516418
YJR089W,YML033W,0,-2.3755755,0.10964563488960266,0.9815078377723694,0.7970128059387207
YHR143W-A,YGR132C,0,-2.3769784,0.10962821543216705,0.9815078377723694,0.7971550226211548
YNL213C,YDR436W,0,-2.379696,0.10961080342531204,0.9815078377723694,0.7972972989082336
YBL036C,YDR252W,0,-2.3800344,0.10959339141845703,0.9815078377723694,0.7974395155906677
YLR307W,YIR035C,0,-2.3832119,0.10957598686218262,0.9815078377723694,0.7975817918777466
YBR203W,YOR319W,0,-2.3854961,0.1095585897564888,0.9815078377723694,0.7977240681648254
YMR127C,YPL183C,0,-2.3855255,0.10954120010137558,0.9815078377723694,0.7978662848472595
YCR043C,YHR086W,0,-2.3878396,0.10952381044626236,0.9815078377723694,0.7980085611343384
YML070W,YHR188C,0,-2.388997,0.10950642824172974,0.9815078377723694,0.7981507778167725
YJR113C,YJL051W,0,-2.3911533,0.10948905348777771,0.9815078377723694,0.7982930541038513
YOR344C,YML067C,0,-2.3918774,0.10947167873382568,0.9815078377723694,0.7984352707862854
YMR256C,YNL039W,0,-2.3930826,0.10945431143045425,0.9815078377723694,0.7985775470733643
YOR115C,YDR041W,0,-2.3941483,0.10943695157766342,0.9815078377723694,0.7987197637557983
YDR300C,YLR096W,0,-2.397308,0.10941959917545319,0.9815078377723694,0.7988620400428772
YJL180C,YPR034W,0,-2.398129,0.10940225422382355,0.9815078377723694,0.7990042567253113
YDL247W,YLR347C,0,-2.4039595,0.10938490927219391,0.9815078377723694,0.7991465330123901
YPR112C,YOR391C,0,-2.404927,0.10936757177114487,0.9815078377723694,0.7992887496948242
YPR048W,YFL052W,0,-2.4059625,0.10935023427009583,0.9815078377723694,0.7994310259819031
YBR283C,YBR166C,0,-2.4059806,0.10933291167020798,0.9815078377723694,0.7995732426643372
YGR185C,YGR171C,1,-2.4068913,0.10947401821613312,0.9829303026199341,0.7995732426643372
YDL017W,YAR019C,0,-2.4073715,0.10945667326450348,0.9829303026199341,0.799715518951416
YJR094W-A,YDR329C,0,-2.4077253,0.10943934321403503,0.9829303026199341,0.7998577356338501
YGR080W,YPL156C,0,-2.4078438,0.10942201316356659,0.9829303026199341,0.800000011920929
YNL180C,YDL134C,0,-2.4090934,0.10940468311309814,0.9829303026199341,0.800142228603363
YBR240C,YDR359C,0,-2.4098318,0.1093873679637909,0.9829303026199341,0.8002845048904419
YFL031W,YDL134C,0,-2.4125423,0.10937005281448364,0.9829303026199341,0.800426721572876
YNL015W,YNR048W,0,-2.4126499,0.10935274511575699,0.9829303026199341,0.8005689978599548
YEL071W,YJR126C,0,-2.4127026,0.10933544486761093,0.9829303026199341,0.8007112145423889
YMR170C,YDR330W,0,-2.4144745,0.10931814461946487,0.9829303026199341,0.8008534908294678
YJL133W,YDR239C,0,-2.4145298,0.10930085182189941,0.9829303026199341,0.8009957075119019
YOR182C,YBR200W-A,0,-2.416111,0.10928356647491455,0.9829303026199341,0.8011379837989807
YJL100W,YGR055W,0,-2.4165425,0.10926628857851028,0.9829303026199341,0.8012802004814148
YHR084W,YMR230W,0,-2.4169233,0.10924901068210602,0.9829303026199341,0.8014224767684937
YNR022C,YIL009W,0,-2.4182975,0.10923174023628235,0.9829303026199341,0.8015646934509277
YOR265W,YLR085C,0,-2.4184933,0.10921447724103928,0.9829303026199341,0.8017069697380066
YKR007W,YKR075C,0,-2.4201627,0.1091972216963768,0.9829303026199341,0.8018492460250854
YOL116W,YGL208W,0,-2.421707,0.10917996615171432,0.9829303026199341,0.8019914627075195
YLL036C,YEL020W-A,0,-2.422103,0.10916271805763245,0.9829303026199341,0.8021337389945984
YGR178C,YDR056C,0,-2.4230783,0.10914547741413116,0.9829303026199341,0.8022759556770325
YOR047C,YEL065W,0,-2.4235275,0.10912823677062988,0.9829303026199341,0.8024182319641113
YPL162C,YLR343W,0,-2.4239163,0.1091110035777092,0.9829303026199341,0.8025604486465454
YGL231C,YCL016C,0,-2.425663,0.10909377783536911,0.9829303026199341,0.8027027249336243
YPR145W,YML121W,0,-2.4272559,0.10907655954360962,0.9829303026199341,0.8028449416160583
YPL066W,YJR045C,0,-2.430937,0.10905934125185013,0.9829303026199341,0.8029872179031372
YBR109C,YGR087C,0,-2.431924,0.10904213041067123,0.9829303026199341,0.8031294345855713
YJR013W,YGR078C,0,-2.4319992,0.10902492702007294,0.9829303026199341,0.8032717108726501
YER144C,YMR122W-A,0,-2.436114,0.10900773108005524,0.9829303026199341,0.8034139275550842
YCR036W,YGL160W,0,-2.4361238,0.10899053514003754,0.9829303026199341,0.8035562038421631
YDR251W,YOR075W,0,-2.4391768,0.10897334665060043,0.9829303026199341,0.8036984205245972
YIL041W,YKL134C,0,-2.439437,0.10895616561174393,0.9829303026199341,0.803840696811676
YHR107C,YPR180W,0,-2.4397168,0.10893898457288742,0.9829303026199341,0.8039829134941101
YDR517W,YOR315W,0,-2.4406052,0.10892181843519211,0.9829303026199341,0.804125189781189
YML004C,YMR201C,0,-2.4421713,0.1089046522974968,0.9829303026199341,0.804267406463623
YFL049W,YLR221C,0,-2.4429364,0.10888748615980148,0.9829303026199341,0.8044096827507019
YGL065C,YER051W,0,-2.4430587,0.10887033492326736,0.9829303026199341,0.804551899433136
YMR092C,YOL089C,0,-2.4434085,0.10885318368673325,0.9829303026199341,0.8046941757202148
YBR280C,YBR069C,0,-2.443629,0.10883603990077972,0.9829303026199341,0.8048363924026489
YDL081C,YCL064C,0,-2.4464345,0.1088188961148262,0.9829303026199341,0.8049786686897278
YNL137C,YCR089W,0,-2.446949,0.10880175977945328,0.9829303026199341,0.8051208853721619
YMR072W,YOR208W,0,-2.4471912,0.10878463834524155,0.9829303026199341,0.8052631616592407
YER045C,YMR009W,0,-2.447586,0.10876750946044922,0.9829303026199341,0.8054053783416748
YMR260C,YJR066W,0,-2.449606,0.10875039547681808,0.9829303026199341,0.8055476546287537
YKL055C,YBL002W,0,-2.4507594,0.10873328149318695,0.9829303026199341,0.8056898713111877
YJR091C,YPL058C,0,-2.4520228,0.10871617496013641,0.9829303026199341,0.8058321475982666
YPL193W,YIL099W,0,-2.456649,0.10869906842708588,0.9829303026199341,0.8059744238853455
YDL108W,YKL196C,0,-2.4577947,0.10868197679519653,0.9829303026199341,0.8061166405677795
YPL133C,YDR147W,0,-2.4617896,0.10866488516330719,0.9829303026199341,0.8062589168548584
YBL045C,YLR222C,0,-2.4628162,0.10864780098199844,0.9829303026199341,0.8064011335372925
YPR048W,YPL020C,0,-2.4632883,0.1086307168006897,0.9829303026199341,0.8065434098243713
YDL002C,YKL011C,0,-2.4664876,0.10861364006996155,0.9829303026199341,0.8066856265068054
YDR252W,YNL136W,0,-2.4670343,0.108596570789814,0.9829303026199341,0.8068279027938843
YBR254C,YNL115C,0,-2.4673555,0.10857950896024704,0.9829303026199341,0.8069701194763184
YDR169C,YPL048W,0,-2.4682508,0.10856245458126068,0.9829303026199341,0.8071123957633972
YDR507C,YOR339C,0,-2.4689305,0.10854540020227432,0.9829303026199341,0.8072546124458313
YPL120W,YER141W,0,-2.4704845,0.10852834582328796,0.9829303026199341,0.8073968887329102
YML067C,YLR361C,0,-2.4706988,0.1085113063454628,0.9829303026199341,0.8075391054153442
YDR406W,YDR085C,0,-2.473013,0.10849426686763763,0.9829303026199341,0.8076813817024231
YMR264W,YLR144C,0,-2.4739375,0.10847723484039307,0.9829303026199341,0.8078235983848572
YBL036C,YOR140W,0,-2.4748042,0.1084602102637291,0.9829303026199341,0.807965874671936
YLR342W,YOR190W,0,-2.4751406,0.10844318568706512,0.9829303026199341,0.8081080913543701
YKL034W,YDR448W,0,-2.475205,0.10842617601156235,0.9829303026199341,0.808250367641449
YDL210W,YMR006C,0,-2.477347,0.10840915888547897,0.9829303026199341,0.8083925843238831
YDL204W,YDR309C,0,-2.4773948,0.1083921566605568,0.9829303026199341,0.8085348606109619
YKR018C,YJL170C,0,-2.4775553,0.10837515443563461,0.9829303026199341,0.808677077293396
YIL070C,YMR277W,0,-2.4789255,0.10835815966129303,0.9829303026199341,0.8088193535804749
YDR055W,YNL305C,0,-2.4792173,0.10834117233753204,0.9829303026199341,0.8089615702629089
YDR489W,YOR240W,0,-2.4828238,0.10832419246435165,0.9829303026199341,0.8091038465499878
YDR092W,YOL140W,0,-2.483199,0.10830721259117126,0.9829303026199341,0.8092460632324219
YDR248C,YBL069W,0,-2.4851186,0.10829024016857147,0.9829303026199341,0.8093883395195007
YOR026W,YFL029C,0,-2.4855447,0.10827326774597168,0.9829303026199341,0.8095305562019348
YKL096W,YJR050W,0,-2.4855661,0.10825630277395248,0.9829303026199341,0.8096728324890137
YGL104C,YIL136W,0,-2.4857664,0.10823934525251389,0.9829303026199341,0.8098150491714478
YBR229C,YGL210W-A,0,-2.4868135,0.10822239518165588,0.9829303026199341,0.8099573254585266
YNR024W,YCR021C,0,-2.486957,0.10820545256137848,0.9829303026199341,0.8100996017456055
YFR047C,YBR126C,0,-2.4880714,0.10818850994110107,0.9829303026199341,0.8102418184280396
YER036C,YNL161W,0,-2.4904428,0.10817157477140427,0.9829303026199341,0.8103840947151184
YLR451W,YCR068W,0,-2.4912994,0.10815463960170746,0.9829303026199341,0.8105263113975525
YLR352W,YDR291W,0,-2.492345,0.10813771188259125,0.9829303026199341,0.8106685876846313
YGL035C,YMR152W,0,-2.495279,0.10812079161405563,0.9829303026199341,0.8108108043670654
YOR228C,YGL093W,0,-2.495648,0.10810387879610062,0.9829303026199341,0.8109530806541443
YKR062W,YDL017W,0,-2.4959245,0.1080869734287262,0.9829303026199341,0.8110952973365784
YPL255W,YEL003W,0,-2.497325,0.10807006806135178,0.9829303026199341,0.8112375736236572
YIL160C,YGR186W,0,-2.4974687,0.10805317014455795,0.9829303026199341,0.8113797903060913
YML106W,YDL042C,0,-2.498776,0.10803627222776413,0.9829303026199341,0.8115220665931702
YPL194W,YGR235C,0,-2.500969,0.1080193817615509,0.9829303026199341,0.8116642832756042
YLR222C,YMR307W,0,-2.5047462,0.10800249874591827,0.9829303026199341,0.8118065595626831
YIR031C,YGL011C,0,-2.5052185,0.10798562318086624,0.9829303026199341,0.8119487762451172
YNR053C,YPR161C,0,-2.5087142,0.10796874761581421,0.9829303026199341,0.812091052532196
YOR061W,YMR281W,0,-2.5088677,0.10795187950134277,0.9829303026199341,0.8122332692146301
YAL062W,YPR071W,0,-2.5099168,0.10793501883745193,0.9829303026199341,0.812375545501709
YCR091W,YPL058C,0,-2.5120337,0.1079181656241417,0.9829303026199341,0.8125177621841431
YJR027W,YFR055W,0,-2.512379,0.10790131241083145,0.9829303026199341,0.8126600384712219
YPL006W,YBR123C,0,-2.5139563,0.1078844666481018,0.9829303026199341,0.812802255153656
YIL017C,YNL063W,0,-2.51539,0.10786762088537216,0.9829303026199341,0.8129445314407349
YLR343W,YMR110C,0,-2.5179908,0.10785079002380371,0.9829303026199341,0.813086748123169
YJL145W,YOL052C-A,0,-2.5187716,0.10783395916223526,0.9829303026199341,0.8132290244102478
YML011C,YJL167W,0,-2.5195756,0.1078171357512474,0.9829303026199341,0.8133712410926819
YHR020W,YBL076C,1,-2.5223036,0.10795632004737854,0.9843527674674988,0.8133712410926819
YDR221W,YEL065W,0,-2.5236444,0.10793948173522949,0.9843527674674988,0.8135135173797607
YPR140W,YOR241W,0,-2.5253978,0.10792264342308044,0.9843527674674988,0.8136557340621948
YNL164C,YDL004W,0,-2.5258584,0.10790582001209259,0.9843527674674988,0.8137980103492737
YLL050C,YIL118W,0,-2.5276852,0.10788898915052414,0.9843527674674988,0.8139402270317078
YPL100W,YLR215C,0,-2.5278122,0.10787217319011688,0.9843527674674988,0.8140825033187866
YJL020C,YJR089W,0,-2.5279179,0.10785536468029022,0.9843527674674988,0.8142247796058655
YCL027C-A,YNL243W,0,-2.5291328,0.10783855617046356,0.9843527674674988,0.8143669962882996
YGL161C,YHR044C,0,-2.5304897,0.1078217476606369,0.9843527674674988,0.8145092725753784
YDR143C,YFR049W,0,-2.5314472,0.10780495405197144,0.9843527674674988,0.8146514892578125
YDL095W,YBR132C,0,-2.53195,0.10778816044330597,0.9843527674674988,0.8147937655448914
YLR341W,YER122C,0,-2.5329943,0.1077713742852211,0.9843527674674988,0.8149359822273254
YDR253C,YDL030W,0,-2.533063,0.10775459557771683,0.9843527674674988,0.8150782585144043
YOR014W,YKR052C,0,-2.5361722,0.10773781687021255,0.9843527674674988,0.8152204751968384
YOL128C,YOL152W,0,-2.5409074,0.10772104561328888,0.9843527674674988,0.8153627514839172
YOR175C,YDR034C-D,0,-2.5420902,0.1077042818069458,0.9843527674674988,0.8155049681663513
YHR207C,YBR215W,0,-2.5430918,0.10768751800060272,0.9843527674674988,0.8156472444534302
YKR058W,YNL133C,0,-2.543646,0.10767076164484024,0.9843527674674988,0.8157894611358643
YLL036C,YKL101W,0,-2.5447154,0.10765401273965836,0.9843527674674988,0.8159317374229431
YMR314W,YCR020W-B,0,-2.5472765,0.10763727128505707,0.9843527674674988,0.8160739541053772
YMR119W,YKL213C,0,-2.5502477,0.10762052983045578,0.9843527674674988,0.816216230392456
YPL146C,YNL002C,0,-2.5537996,0.10760379582643509,0.9843527674674988,0.8163584470748901
YDL231C,YCR105W,0,-2.5553584,0.1075870618224144,0.9843527674674988,0.816500723361969
YDR292C,YEL024W,0,-2.5557926,0.1075703427195549,0.9843527674674988,0.8166429400444031
YOR153W,YBR166C,0,-2.5563455,0.1075536236166954,0.9843527674674988,0.8167852163314819
YBL009W,YLL006W,0,-2.5572374,0.10753690451383591,0.9843527674674988,0.816927433013916
YGL153W,YDL161W,0,-2.558499,0.1075202003121376,0.9843527674674988,0.8170697093009949
YNL191W,YMR015C,0,-2.5592272,0.1075034961104393,0.9843527674674988,0.817211925983429
YAL055W,YKL114C,0,-2.5593054,0.1074867993593216,0.9843527674674988,0.8173542022705078
YKL209C,YNL245C,0,-2.5622046,0.10747010260820389,0.9843527674674988,0.8174964189529419
YKL132C,YML043C,0,-2.5645857,0.10745341330766678,0.9843527674674988,0.8176386952400208
YOR293W,YBR070C,0,-2.5660849,0.10743673145771027,0.9843527674674988,0.8177809119224548
YGR271C-A,YDR375C,0,-2.568311,0.10742005705833435,0.9843527674674988,0.8179231882095337
YDR352W,YOL120C,0,-2.5710547,0.10740338265895844,0.9843527674674988,0.8180654048919678
YNL339C,YHR117W,0,-2.5722082,0.10738671571016312,0.9843527674674988,0.8182076811790466
YML038C,YGL213C,0,-2.5733495,0.1073700562119484,0.9843527674674988,0.8183499574661255
YOR101W,YOL117W,0,-2.5741336,0.10735339671373367,0.9843527674674988,0.8184921741485596
YGL022W,YBR132C,0,-2.5747051,0.10733674466609955,0.9843527674674988,0.8186344504356384
YER139C,YPR079W,0,-2.575335,0.10732010006904602,0.9843527674674988,0.8187766671180725
YPL128C,YFR038W,0,-2.5755794,0.10730345547199249,0.9843527674674988,0.8189189434051514
YLR181C,YOL016C,0,-2.5768359,0.10728681832551956,0.9843527674674988,0.8190611600875854
YLL014W,YPR041W,0,-2.5777464,0.10727018862962723,0.9843527674674988,0.8192034363746643
YPR055W,YNR051C,0,-2.5786588,0.10725356638431549,0.9843527674674988,0.8193456530570984
YLR222C,YGL250W,0,-2.578673,0.10723694413900375,0.9843527674674988,0.8194879293441772
YEL047C,YJR060W,0,-2.579001,0.10722032934427261,0.9843527674674988,0.8196301460266113
YHR009C,YLR200W,0,-2.58144,0.10720371454954147,0.9843527674674988,0.8197724223136902
YLR414C,YNL244C,0,-2.5819082,0.10718711465597153,0.9843527674674988,0.8199146389961243
YDR237W,YLR390W-A,0,-2.5828543,0.10717051476240158,0.9843527674674988,0.8200569152832031
YOL096C,YDL205C,0,-2.5837073,0.10715391486883163,0.9843527674674988,0.8201991319656372
YNR008W,YJL121C,0,-2.5877898,0.10713732987642288,0.9843527674674988,0.8203414082527161
YNL329C,YJL093C,0,-2.5886729,0.10712074488401413,0.9843527674674988,0.8204836249351501
YLR258W,YNL289W,0,-2.5889819,0.10710415989160538,0.9843527674674988,0.820625901222229
YGR235C,YHR202W,0,-2.592402,0.10708758980035782,0.9843527674674988,0.8207681179046631
YDR165W,YBR162W-A,0,-2.592738,0.10707101970911026,0.9843527674674988,0.8209103941917419
YPL104W,YBL076C,1,-2.5947084,0.10720916092395782,0.9857752323150635,0.8209103941917419
YNL164C,YOR061W,0,-2.5951557,0.10719257593154907,0.9857752323150635,0.821052610874176
YLR259C,YGL210W-A,0,-2.5959592,0.10717599838972092,0.9857752323150635,0.8211948871612549
YDL144C,YBR218C,0,-2.596893,0.10715942829847336,0.9857752323150635,0.821337103843689
YJL045W,YEL050C,0,-2.5994365,0.1071428582072258,0.9857752323150635,0.8214793801307678
YDR225W,YLR364W,0,-2.599692,0.10712629556655884,0.9857752323150635,0.8216215968132019
YLR205C,YDR153C,0,-2.5996943,0.10710974037647247,0.9857752323150635,0.8217638731002808
YHR142W,YAL001C,0,-2.6009831,0.10709318518638611,0.9857752323150635,0.8219060897827148
YHL016C,YDR210W-B,0,-2.6012177,0.10707663744688034,0.9857752323150635,0.8220483660697937
YDR510W,YGR244C,0,-2.6022863,0.10706009715795517,0.9857752323150635,0.8221905827522278
YDL201W,YML057W,0,-2.6057575,0.10704355686903,0.9857752323150635,0.8223328590393066
YJR153W,YPL057C,0,-2.6063771,0.10702702403068542,0.9857752323150635,0.8224751353263855
YNL246W,YDR291W,0,-2.6098921,0.10701049864292145,0.9857752323150635,0.8226173520088196
YOL003C,YOL072W,0,-2.6103468,0.10699398070573807,0.9857752323150635,0.8227596282958984
YOL125W,YKL008C,0,-2.6130939,0.10697746276855469,0.9857752323150635,0.8229018449783325
YOR066W,YOR005C,0,-2.6150084,0.1069609522819519,0.9857752323150635,0.8230441212654114
YGL210W-A,YKR095W,0,-2.6196945,0.10694444179534912,0.9857752323150635,0.8231863379478455
YCR081W,YAL011W,0,-2.6200323,0.10692794620990753,0.9857752323150635,0.8233286142349243
YJR132W,YPL160W,0,-2.6210487,0.10691145062446594,0.9857752323150635,0.8234708309173584
YDR386W,YOR253W,0,-2.6225276,0.10689495503902435,0.9857752323150635,0.8236131072044373
YIL015W,YBR114W,0,-2.6229262,0.10687846690416336,0.9857752323150635,0.8237553238868713
YDR482C,YLR109W,0,-2.6230543,0.10686198621988297,0.9857752323150635,0.8238976001739502
YJR073C,YKR089C,0,-2.6263776,0.10684551298618317,0.9857752323150635,0.8240398168563843
YOL061W,YKL181W,0,-2.6264238,0.10682903975248337,0.9857752323150635,0.8241820931434631
YDR522C,YCL035C,0,-2.6273365,0.10681257396936417,0.9857752323150635,0.8243243098258972
YEL011W,YKR099W,0,-2.6274283,0.10679611563682556,0.9857752323150635,0.8244665861129761
YPR048W,YCR066W,0,-2.6278265,0.10677965730428696,0.9857752323150635,0.8246088027954102
YGR088W,YLR035C,0,-2.6285214,0.10676321387290955,0.9857752323150635,0.824751079082489
YER146W,YDR443C,0,-2.6288738,0.10674676299095154,0.9857752323150635,0.8248932957649231
YNL041C,YOL007C,0,-2.630012,0.10673032701015472,0.9857752323150635,0.825035572052002
YOL116W,YJL111W,0,-2.6333249,0.10671389102935791,0.9857752323150635,0.825177788734436
YMR285C,YNL336W,0,-2.6364348,0.1066974624991417,0.9857752323150635,0.8253200650215149
YDL129W,YDL033C,0,-2.6381915,0.10668103396892548,0.9857752323150635,0.825462281703949
YMR118C,YOR240W,0,-2.6384633,0.10666461288928986,0.9857752323150635,0.8256045579910278
YCR044C,YMR051C,0,-2.6388917,0.10664819926023483,0.9857752323150635,0.8257467746734619
YJL046W,YBR109C,0,-2.6390944,0.1066317930817604,0.9857752323150635,0.8258890509605408
YGL192W,YDR135C,0,-2.6397328,0.10661538690328598,0.9857752323150635,0.8260312676429749
YIL093C,YBL037W,0,-2.6416547,0.10659898817539215,0.9857752323150635,0.8261735439300537
YNL133C,YOR188W,0,-2.6418176,0.10658258944749832,0.9857752323150635,0.8263157606124878
YBR043C,YML043C,0,-2.6455429,0.10656619817018509,0.9857752323150635,0.8264580368995667
YOL100W,YLR406C,0,-2.6464124,0.10654981434345245,0.9857752323150635,0.8266003131866455
YER025W,YOR202W,0,-2.6470532,0.10653343796730042,0.9857752323150635,0.8267425298690796
YPL189C-A,YDL119C,0,-2.6477776,0.10651706159114838,0.9857752323150635,0.8268848061561584
YDR253C,YBR231C,0,-2.6479442,0.10650069266557693,0.9857752323150635,0.8270270228385925
YBL046W,YDR160W,0,-2.6495924,0.1064843237400055,0.9857752323150635,0.8271692991256714
YOL110W,YJL216C,0,-2.6526458,0.10646796971559525,0.9857752323150635,0.8273115158081055
YOR056C,YGR212W,0,-2.652796,0.106451615691185,0.9857752323150635,0.8274537920951843
YPL069C,YHR196W,0,-2.6531272,0.10643526166677475,0.9857752323150635,0.8275960087776184
YNL045W,YCR035C,0,-2.6532812,0.1064189225435257,0.9857752323150635,0.8277382850646973
YCL026C-A,YBR060C,0,-2.6559765,0.10640257596969604,0.9857752323150635,0.8278805017471313
YDR113C,YER086W,0,-2.656634,0.10638624429702759,0.9857752323150635,0.8280227780342102
YJL221C,YFR004W,0,-2.6588228,0.10636991262435913,0.9857752323150635,0.8281649947166443
YJR017C,YDR016C,0,-2.6655233,0.10635358840227127,0.9857752323150635,0.8283072710037231
YLR371W,YNR043W,0,-2.6677208,0.10633727163076401,0.9857752323150635,0.8284494876861572
YIL113W,YCL055W,0,-2.667758,0.10632095485925674,0.9857752323150635,0.8285917639732361
YDR538W,YBR060C,0,-2.6680956,0.10630464553833008,0.9857752323150635,0.8287339806556702
YGR200C,YPL212C,0,-2.668578,0.10628834366798401,0.9857752323150635,0.828876256942749
YIL138C,YJL181W,0,-2.6708047,0.10627204179763794,0.9857752323150635,0.8290184736251831
YLL062C,YDR314C,0,-2.671529,0.10625574737787247,0.9857752323150635,0.829160749912262
YLR229C,YAL055W,0,-2.6726744,0.10623946040868759,0.9857752323150635,0.829302966594696
YDR028C,YGR207C,0,-2.6748374,0.10622317343950272,0.9857752323150635,0.8294452428817749
YPR029C,YDR379W,0,-2.678431,0.10620689392089844,0.9857752323150635,0.829587459564209
YKR090W,YCR043C,0,-2.6790967,0.10619062185287476,0.9857752323150635,0.8297297358512878
YML011C,YKR052C,0,-2.6792545,0.10617434978485107,0.9857752323150635,0.8298719525337219
YGL022W,YPL024W,0,-2.6800175,0.10615808516740799,0.9857752323150635,0.8300142288208008
YPL032C,YKR095W,0,-2.6818333,0.1061418280005455,0.9857752323150635,0.8301564455032349
YDR243C,YDR425W,0,-2.682272,0.10612557083368301,0.9857752323150635,0.8302987217903137
YDR482C,YCR075C,0,-2.6823237,0.10610932111740112,0.9857752323150635,0.8304409384727478
YMR167W,YGL142C,0,-2.68262,0.10609307885169983,0.9857752323150635,0.8305832147598267
YKL138C-A,YOR247W,0,-2.682931,0.10607684403657913,0.9857752323150635,0.8307254910469055
YDR014W,YGL130W,0,-2.684151,0.10606060922145844,0.9857752323150635,0.8308677077293396
YML025C,YPR161C,0,-2.68553,0.10604437440633774,0.9857752323150635,0.8310099840164185
YEL003W,YMR221C,0,-2.690674,0.10602815449237823,0.9857752323150635,0.8311522006988525
YMR316W,YBR084W,0,-2.690916,0.10601193457841873,0.9857752323150635,0.8312944769859314
YKL218C,YPL124W,0,-2.691211,0.10599571466445923,0.9857752323150635,0.8314366936683655
YOR246C,YCR107W,0,-2.6921878,0.10597950965166092,0.9857752323150635,0.8315789699554443
YDL201W,YHR153C,0,-2.6929274,0.10596330463886261,0.9857752323150635,0.8317211866378784
YPL057C,YOR045W,0,-2.6936073,0.1059470996260643,0.9857752323150635,0.8318634629249573
YHL047C,YMR207C,0,-2.6972594,0.10593090951442719,0.9857752323150635,0.8320056796073914
YGL090W,YNR023W,0,-2.6975374,0.10591471940279007,0.9857752323150635,0.8321479558944702
YJR059W,YIL093C,0,-2.6982028,0.10589852929115295,0.9857752323150635,0.8322901725769043
YDR248C,YLR320W,0,-2.6996365,0.10588235408067703,0.9857752323150635,0.8324324488639832
YPR068C,YPL018W,0,-2.6997318,0.10586617887020111,0.9857752323150635,0.8325746655464172
YMR068W,YDR379W,0,-2.7022827,0.10585001111030579,0.9857752323150635,0.8327169418334961
YDR430C,YOR328W,0,-2.7031078,0.10583384335041046,0.9857752323150635,0.8328591585159302
YLR275W,YJL121C,0,-2.7034936,0.10581768304109573,0.9857752323150635,0.833001434803009
YIL157C,YPL059W,0,-2.7039049,0.1058015301823616,0.9857752323150635,0.8331436514854431
YBR106W,YOL020W,0,-2.7058902,0.10578537732362747,0.9857752323150635,0.833285927772522
YPR066W,YDL080C,0,-2.7069042,0.10576923191547394,0.9857752323150635,0.833428144454956
YER170W,YGL184C,0,-2.707114,0.1057530865073204,0.9857752323150635,0.8335704207420349
YOR068C,YDR287W,0,-2.7072463,0.10573695600032806,0.9857752323150635,0.833712637424469
YBL105C,YNL294C,0,-2.708539,0.10572082549333572,0.9857752323150635,0.8338549137115479
YLR277C,YDR170W-A,0,-2.7101767,0.10570469498634338,0.9857752323150635,0.8339971303939819
YBR083W,YLR066W,0,-2.71094,0.10568857938051224,0.9857752323150635,0.8341394066810608
YLR304C,YPR025C,0,-2.7122037,0.10567246377468109,0.9857752323150635,0.8342816233634949
YBR265W,YBR200W-A,0,-2.7124774,0.10565634816884995,0.9857752323150635,0.8344238996505737
YFL031W,YDL080C,0,-2.7125633,0.10564024746417999,0.9857752323150635,0.8345661163330078
YLR324W,YLR157C-B,0,-2.7181087,0.10562413930892944,0.9857752323150635,0.8347083926200867
YGR074W,YFL018C,0,-2.7187247,0.10560804605484009,0.9857752323150635,0.8348506689071655
YPL105C,YPR164W,0,-2.7210126,0.10559195280075073,0.9857752323150635,0.8349928855895996
YER062C,YDL138W,0,-2.7226093,0.10557586699724197,0.9857752323150635,0.8351351618766785
YHR092C,YGL053W,0,-2.7238421,0.10555978864431381,0.9857752323150635,0.8352773785591125
YDL067C,YMR139W,0,-2.7240143,0.10554371029138565,0.9857752323150635,0.8354196548461914
YNL101W,YDR421W,0,-2.7259426,0.10552763938903809,0.9857752323150635,0.8355618715286255
YER147C,YGR266W,0,-2.7259824,0.10551156848669052,0.9857752323150635,0.8357041478157043
YPR046W,YER021W,0,-2.726116,0.10549551248550415,0.9857752323150635,0.8358463644981384
YML102W,YER027C,0,-2.7262218,0.10547944903373718,0.9857752323150635,0.8359886407852173
YDR050C,YPL231W,0,-2.7273426,0.10546340048313141,0.9857752323150635,0.8361308574676514
YDL113C,YDR487C,0,-2.7282455,0.10544735193252563,0.9857752323150635,0.8362731337547302
YNL076W,YDR380W,0,-2.7284539,0.10543131083250046,0.9857752323150635,0.8364153504371643
YBL064C,YNL176C,0,-2.7289486,0.10541526973247528,0.9857752323150635,0.8365576267242432
YKL058W,YML054C,0,-2.7336245,0.1053992360830307,0.9857752323150635,0.8366998434066772
YGL045W,YLR185W,0,-2.7343984,0.10538320988416672,0.9857752323150635,0.8368421196937561
YDR100W,YML127W,0,-2.736744,0.10536719113588333,0.9857752323150635,0.8369843363761902
YGL106W,YGL053W,0,-2.7368279,0.10535117238759995,0.9857752323150635,0.837126612663269
YMR164C,YER041W,0,-2.7382798,0.10533515363931656,0.9857752323150635,0.8372688293457031
YKL100C,YDR158W,0,-2.7419953,0.10531914979219437,0.9857752323150635,0.837411105632782
YBR208C,YHR027C,0,-2.742988,0.10530314594507217,0.9857752323150635,0.8375533223152161
YOR007C,YEL059C-A,0,-2.7448192,0.10528714954853058,0.9857752323150635,0.8376955986022949
YGL205W,YIL038C,0,-2.7458444,0.10527115315198898,0.9857752323150635,0.837837815284729
YPR166C,YJL090C,0,-2.7486477,0.10525516420602798,0.9857752323150635,0.8379800915718079
YDR084C,YMR047C,0,-2.7503219,0.10523918271064758,0.9857752323150635,0.8381223082542419
YBR288C,YDR432W,0,-2.750824,0.10522320121526718,0.9857752323150635,0.8382645845413208
YER082C,YPR148C,0,-2.7527633,0.10520722717046738,0.9857752323150635,0.8384068012237549
YDR018C,YPL004C,0,-2.7527852,0.10519125312566757,0.9857752323150635,0.8385490775108337
YHR025W,YMR291W,0,-2.7532496,0.10517529398202896,0.9857752323150635,0.8386912941932678
YBR073W,YIR004W,0,-2.753636,0.10515933483839035,0.9857752323150635,0.8388335704803467
YEL006W,YNL325C,0,-2.7571588,0.10514337569475174,0.9857752323150635,0.8389758467674255
YLR275W,YDL153C,0,-2.7603607,0.10512742400169373,0.9857752323150635,0.8391180634498596
YHL032C,YNL312W,0,-2.76248,0.10511147975921631,0.9857752323150635,0.8392603397369385
YLR403W,YHR196W,0,-2.7633388,0.10509554296731949,0.9857752323150635,0.8394025564193726
YLR193C,YMR122W-A,0,-2.7651944,0.10507960617542267,0.9857752323150635,0.8395448327064514
YFL018W-A,YEL018W,0,-2.765994,0.10506367683410645,0.9857752323150635,0.8396870493888855
YKL199C,YLR361C,0,-2.7686162,0.10504774749279022,0.9857752323150635,0.8398293256759644
YOR249C,YML064C,0,-2.7692275,0.1050318256020546,0.9857752323150635,0.8399715423583984
YJR016C,YDL156W,0,-2.7693777,0.10501591116189957,0.9857752323150635,0.8401138186454773
YML086C,YLR109W,0,-2.7711515,0.10499999672174454,0.9857752323150635,0.8402560353279114
YKL056C,YOL152W,0,-2.771665,0.1049840897321701,0.9857752323150635,0.8403983116149902
YIL098C,YPL281C,0,-2.7729468,0.10496819019317627,0.9857752323150635,0.8405405282974243
YGL238W,YCR070W,0,-2.7735994,0.10495229810476303,0.9857752323150635,0.8406828045845032
YDR478W,YDR314C,0,-2.7751217,0.1049363985657692,0.9857752323150635,0.8408250212669373
YLR234W,YGR116W,0,-2.7767556,0.10492051392793655,0.9857752323150635,0.8409672975540161
YGR138C,YNL012W,0,-2.7793808,0.10490462929010391,0.9857752323150635,0.8411095142364502
YHR169W,YHR149C,0,-2.7813346,0.10488875210285187,0.9857752323150635,0.841251790523529
YNL194C,YLR433C,0,-2.7816346,0.10487288236618042,0.9857752323150635,0.8413940072059631
YMR287C,YLR035C-A,0,-2.783763,0.10485701262950897,0.9857752323150635,0.841536283493042
YML031W,YGR192C,0,-2.7839599,0.10484115034341812,0.9857752323150635,0.8416785001754761
YOL109W,YDR013W,0,-2.7861156,0.10482528805732727,0.9857752323150635,0.8418207764625549
YHR081W,YOR009W,0,-2.7890337,0.10480944067239761,0.9857752323150635,0.841962993144989
YDR430C,YLR337C,0,-2.7903519,0.10479358583688736,0.9857752323150635,0.8421052694320679
YPL212C,YOR034C,0,-2.7919707,0.1047777459025383,0.9857752323150635,0.842247486114502
YNR001C,YML058W,0,-2.7928138,0.10476190596818924,0.9857752323150635,0.8423897624015808
YGL258W-A,YGR099W,0,-2.7935274,0.10474607348442078,0.9857752323150635,0.8425319790840149
YAL032C,YNL093W,0,-2.7943237,0.10473024100065231,0.9857752323150635,0.8426742553710938
YDR501W,YEL021W,0,-2.79462,0.10471441596746445,0.9857752323150635,0.8428164720535278
YBL038W,YJL143W,0,-2.7968771,0.10469859838485718,0.9857752323150635,0.8429587483406067
YGR138C,YER174C,0,-2.7990298,0.10468278080224991,0.9857752323150635,0.8431010246276855
YOR100C,YFL041W,0,-2.7991505,0.10466697067022324,0.9857752323150635,0.8432432413101196
YBL046W,YBR019C,0,-2.8002205,0.10465116053819656,0.9857752323150635,0.8433855175971985
YGR253C,YMR076C,0,-2.8012886,0.10463536530733109,0.9857752323150635,0.8435277342796326
YBL063W,YGL033W,0,-2.802966,0.10461956262588501,0.9857752323150635,0.8436700105667114
YER108C,YNR027W,0,-2.8036325,0.10460377484560013,0.9857752323150635,0.8438122272491455
YPL153C,YDR317W,0,-2.8062572,0.10458798706531525,0.9857752323150635,0.8439545035362244
YEL016C,YFL034C-A,0,-2.8086855,0.10457220673561096,0.9857752323150635,0.8440967202186584
YGR223C,YOR094W,0,-2.8092937,0.10455642640590668,0.9857752323150635,0.8442389965057373
YDR356W,YPR169W,0,-2.8150156,0.10454065352678299,0.9857752323150635,0.8443812131881714
YNL251C,YLR327C,0,-2.8159723,0.1045248880982399,0.9857752323150635,0.8445234894752502
YML125C,YGR224W,0,-2.816595,0.10450912266969681,0.9857752323150635,0.8446657061576843
YOL116W,YER014W,0,-2.817997,0.10449336469173431,0.9857752323150635,0.8448079824447632
YNL039W,YOR205C,0,-2.8202033,0.10447761416435242,0.9857752323150635,0.8449501991271973
YPR025C,YOR022C,0,-2.8206162,0.10446186363697052,0.9857752323150635,0.8450924754142761
YDL104C,YNL210W,0,-2.8211272,0.10444612056016922,0.9857752323150635,0.8452346920967102
YCR010C,YHR160C,0,-2.823229,0.10443037748336792,0.9857752323150635,0.8453769683837891
YLR333C,YDR034C-D,0,-2.8260164,0.10441464185714722,0.9857752323150635,0.8455191850662231
YDR231C,YDR288W,0,-2.8305058,0.10439891368150711,0.9857752323150635,0.845661461353302
YGR006W,YJR033C,0,-2.8313417,0.1043831929564476,0.9857752323150635,0.8458036780357361
YGL121C,YJL062W,0,-2.831396,0.10436747223138809,0.9857752323150635,0.8459459543228149
YAL009W,YOR058C,0,-2.8336372,0.10435175150632858,0.9857752323150635,0.846088171005249
YDR545W,YNR051C,0,-2.8337898,0.10433604568243027,0.9857752323150635,0.8462304472923279
YER054C,YHL040C,0,-2.8344023,0.10432033985853195,0.9857752323150635,0.846372663974762
YER170W,YDL247W,0,-2.8380976,0.10430463403463364,0.9857752323150635,0.8465149402618408
YHL006C,YCR053W,0,-2.8383389,0.10428893566131592,0.9857752323150635,0.8466571569442749
YKL100C,YAL044C,0,-2.8384395,0.1042732447385788,0.9857752323150635,0.8467994332313538
YNL106C,YNL075W,0,-2.8390121,0.10425756126642227,0.9857752323150635,0.8469416499137878
YDR406W,YLR017W,0,-2.8396168,0.10424187779426575,0.9857752323150635,0.8470839262008667
YBR041W,YER075C,0,-2.8403337,0.10422620177268982,0.9857752323150635,0.8472262024879456
YDR130C,YNL291C,0,-2.843978,0.10421052575111389,0.9857752323150635,0.8473684191703796
YPR071W,YOR264W,0,-2.8449063,0.10419485718011856,0.9857752323150635,0.8475106954574585
YNR032W,YLR439W,0,-2.8452551,0.10417919605970383,0.9857752323150635,0.8476529121398926
YOR211C,YKL101W,0,-2.84575,0.10416353493928909,0.9857752323150635,0.8477951884269714
YHR186C,YNL051W,0,-2.84586,0.10414788126945496,0.9857752323150635,0.8479374051094055
YDL178W,YHR154W,0,-2.846865,0.10413223505020142,0.9857752323150635,0.8480796813964844
YIL067C,YEL027W,0,-2.8491073,0.10411658883094788,0.9857752323150635,0.8482218980789185
YIL112W,YIL073C,0,-2.856668,0.10410095006227493,0.9857752323150635,0.8483641743659973
YJL056C,YCR075C,0,-2.8574708,0.10408531129360199,0.9857752323150635,0.8485063910484314
YPR019W,YIL093C,0,-2.8576047,0.10406967997550964,0.9857752323150635,0.8486486673355103
YOR343W-A,YDR443C,0,-2.8582392,0.1040540561079979,0.9857752323150635,0.8487908840179443
YNL312W,YKL221W,0,-2.8623934,0.10403843224048615,0.9857752323150635,0.8489331603050232
YLR342W,YNL098C,0,-2.863044,0.10402281582355499,0.9857752323150635,0.8490753769874573
YJL092W,YDR421W,0,-2.8640447,0.10400720685720444,0.9857752323150635,0.8492176532745361
YDR235W,YPL176C,0,-2.86474,0.10399159789085388,0.9857752323150635,0.8493598699569702
YOL127W,YKL154W,0,-2.869215,0.10397599637508392,0.9857752323150635,0.8495021462440491
YGL073W,YBL072C,0,-2.8741689,0.10396039485931396,0.9857752323150635,0.8496443629264832
YEL015W,YLR014C,0,-2.875447,0.1039448007941246,0.9857752323150635,0.849786639213562
YIL113W,YJL125C,0,-2.8763573,0.10392921417951584,0.9857752323150635,0.8499288558959961
YHR121W,YCL055W,0,-2.8770015,0.10391362756490707,0.9857752323150635,0.850071132183075
YDL030W,YLR345W,0,-2.8784132,0.1038980484008789,0.9857752323150635,0.850213348865509
YPL170W,YMR237W,0,-2.8787916,0.10388247668743134,0.9857752323150635,0.8503556251525879
YHR067W,YDR038C,0,-2.879324,0.10386690497398376,0.9857752323150635,0.850497841835022
YBL078C,YLR061W,0,-2.881532,0.10385134071111679,0.9857752323150635,0.8506401181221008
YGL125W,YFR014C,0,-2.8852286,0.10383578389883041,0.9857752323150635,0.8507823348045349
YDR009W,YMR224C,0,-2.8894749,0.10382022708654404,0.9857752323150635,0.8509246110916138
YIL099W,YDR143C,0,-2.891587,0.10380467027425766,0.9857752323150635,0.8510668277740479
YHR124W,YHR203C,0,-2.8946326,0.10378912836313248,0.9857752323150635,0.8512091040611267
YBR089C-A,YDR359C,0,-2.896319,0.1037735864520073,0.9857752323150635,0.8513513803482056
YCR091W,YFR037C,0,-2.8973918,0.10375804454088211,0.9857752323150635,0.8514935970306396
YOR343W-A,YFR010W,0,-2.8975568,0.10374251753091812,0.9857752323150635,0.8516358733177185
YIL147C,YMR052W,0,-2.8993223,0.10372699052095413,0.9857752323150635,0.8517780900001526
YOR100C,YGR266W,0,-2.90048,0.10371146351099014,0.9857752323150635,0.8519203662872314
YBR244W,YKL084W,0,-2.9008193,0.10369594395160675,0.9857752323150635,0.8520625829696655
YFL025C,YDR302W,0,-2.9021473,0.10368043184280396,0.9857752323150635,0.8522048592567444
YPL033C,YLR238W,0,-2.90333,0.10366491973400116,0.9857752323150635,0.8523470759391785
YGR284C,YKL164C,0,-2.9034448,0.10364941507577896,0.9857752323150635,0.8524893522262573
YLR297W,YLR210W,0,-2.9052129,0.10363391786813736,0.9857752323150635,0.8526315689086914
YOL113W,YDR322C-A,0,-2.9063208,0.10361842066049576,0.9857752323150635,0.8527738451957703
YOR343C-B,YOL120C,0,-2.907905,0.10360293090343475,0.9857752323150635,0.8529160618782043
YBR078W,YAR014C,0,-2.9123554,0.10358744114637375,0.9857752323150635,0.8530583381652832
YDR210W-D,YPL017C,0,-2.9135628,0.10357195883989334,0.9857752323150635,0.8532005548477173
YOR151C,YAL020C,0,-2.913839,0.10355648398399353,0.9857752323150635,0.8533428311347961
YDL095W,YMR074C,0,-2.914043,0.10354101657867432,0.9857752323150635,0.8534850478172302
YBR191W,YNR023W,0,-2.9142685,0.1035255417227745,0.9857752323150635,0.8536273241043091
YHR157W,YGL001C,0,-2.9180849,0.10351008176803589,0.9857752323150635,0.8537695407867432
YOL042W,YCR008W,0,-2.9188917,0.10349462181329727,0.9857752323150635,0.853911817073822
YDL178W,YJL186W,0,-2.9199882,0.10347916930913925,0.9857752323150635,0.8540540337562561
YCR003W,YCL051W,0,-2.9207263,0.10346371680498123,0.9857752323150635,0.854196310043335
YJL198W,YAR003W,0,-2.9209967,0.1034482792019844,0.9857752323150635,0.854338526725769
YLR070C,YDL033C,0,-2.9223113,0.10343283414840698,0.9857752323150635,0.8544808030128479
YIL113W,YER053C,0,-2.9226882,0.10341740399599075,0.9857752323150635,0.854623019695282
YJL116C,YLR054C,0,-2.9237638,0.10340196639299393,0.9857752323150635,0.8547652959823608
YNL056W,YJR073C,0,-2.9239094,0.1033865436911583,0.9857752323150635,0.8549075126647949
YLR363C,YFL026W,0,-2.9255304,0.10337112098932266,0.9857752323150635,0.8550497889518738
YIL065C,YBR204C,0,-2.9281325,0.10335570573806763,0.9857752323150635,0.8551920056343079
YOR236W,YKR059W,0,-2.931885,0.10334029048681259,0.9857752323150635,0.8553342819213867
YDL012C,YMR122W-A,0,-2.93189,0.10332488268613815,0.9857752323150635,0.8554765582084656
YHR215W,YLR119W,0,-2.935995,0.10330948233604431,0.9857752323150635,0.8556187748908997
YJL159W,YNL152W,0,-2.9363933,0.10329408198595047,0.9857752323150635,0.8557610511779785
YOR253W,YDL117W,0,-2.9378157,0.10327868908643723,0.9857752323150635,0.8559032678604126
YPL008W,YPR201W,0,-2.9391603,0.10326329618692398,0.9857752323150635,0.8560455441474915
YDR200C,YGL055W,0,-2.9453514,0.10324791073799133,0.9857752323150635,0.8561877608299255
YBR008C,YJL076W,0,-2.9456737,0.10323253273963928,0.9857752323150635,0.8563300371170044
YKL100C,YNL321W,0,-2.9464316,0.10321715474128723,0.9857752323150635,0.8564722537994385
YHL021C,YDR103W,0,-2.947586,0.10320178419351578,0.9857752323150635,0.8566145300865173
YDR438W,YOL122C,0,-2.949701,0.10318642109632492,0.9857752323150635,0.8567567467689514
YGR220C,YOR343W-A,0,-2.9536998,0.10317105799913406,0.9857752323150635,0.8568990230560303
YBR069C,YBR106W,0,-2.9547653,0.1031557023525238,0.9857752323150635,0.8570412397384644
YOR208W,YDR117C,0,-2.9551163,0.10314034670591354,0.9857752323150635,0.8571835160255432
YMR017W,YNL048W,0,-2.9581265,0.10312499850988388,0.9857752323150635,0.8573257327079773
YOR149C,YGR037C,0,-2.9602637,0.10310965776443481,0.9857752323150635,0.8574680089950562
YDR348C,YDR503C,0,-2.9604888,0.10309431701898575,0.9857752323150635,0.8576102256774902
YOL126C,YGR096W,0,-2.9632025,0.10307898372411728,0.9857752323150635,0.8577525019645691
YGL038C,YEL006W,0,-2.963384,0.10306365042924881,0.9857752323150635,0.8578947186470032
YCR097W,YDL235C,0,-2.9635537,0.10304832458496094,0.9857752323150635,0.858036994934082
YGR245C,YMR063W,0,-2.965228,0.10303300619125366,0.9857752323150635,0.8581792116165161
YAL034W-A,YOL100W,0,-2.9669838,0.10301768779754639,0.9857752323150635,0.858321487903595
YIL065C,YGR106C,0,-2.9698744,0.10300237685441971,0.9857752323150635,0.858463704586029
YKR034W,YJL050W,0,-2.9727836,0.10298707336187363,0.9857752323150635,0.8586059808731079
YOR028C,YDR213W,0,-2.9740086,0.10297176986932755,0.9857752323150635,0.858748197555542
YLR381W,YDR356W,0,-2.9792655,0.10295646637678146,0.9857752323150635,0.8588904738426208
YKR094C,YBR201W,0,-2.9792924,0.10294117778539658,0.9857752323150635,0.8590326905250549
YKR060W,YOR298C-A,0,-2.9846003,0.10292588919401169,0.9857752323150635,0.8591749668121338
YML126C,YGL067W,0,-2.9861746,0.1029106006026268,0.9857752323150635,0.8593171834945679
YBR139W,YBR142W,0,-2.9871244,0.10289531946182251,0.9857752323150635,0.8594594597816467
YDR075W,YML110C,0,-2.9873748,0.10288004577159882,0.9857752323150635,0.8596017360687256
YAL034W-A,YLR405W,0,-2.987391,0.10286477953195572,0.9857752323150635,0.8597439527511597
YKL198C,YHR141C,0,-2.990781,0.10284951329231262,0.9857752323150635,0.8598862290382385
YHR073W,YOR193W,0,-2.9914763,0.10283424705266953,0.9857752323150635,0.8600284457206726
YNL308C,YDR228C,0,-2.9960554,0.10281898826360703,0.9857752323150635,0.8601707220077515
YCR029C-A,YDR210W-B,0,-2.996869,0.10280373692512512,0.9857752323150635,0.8603129386901855
YGL009C,YOR210W,0,-2.9970465,0.10278849303722382,0.9857752323150635,0.8604552149772644
YBR112C,YGL124C,0,-2.9978595,0.10277324914932251,0.9857752323150635,0.8605974316596985
YKL178C,YBR248C,0,-2.9984727,0.1027580052614212,0.9857752323150635,0.8607397079467773
YFR042W,YKR059W,0,-3.005643,0.1027427688241005,0.9857752323150635,0.8608819246292114
YNR032C-A,YJR095W,0,-3.0057726,0.10272753983736038,0.9857752323150635,0.8610242009162903
YLR277C,YMR023C,0,-3.0070198,0.10271231830120087,0.9857752323150635,0.8611664175987244
YPL049C,YGR161C-C,0,-3.0073736,0.10269709676504135,0.9857752323150635,0.8613086938858032
YBR295W,YOR240W,0,-3.0091386,0.10268187522888184,0.9857752323150635,0.8614509105682373
YLR411W,YMR307W,0,-3.0094917,0.10266666859388351,0.9857752323150635,0.8615931868553162
YDR248C,YGL157W,0,-3.0096085,0.10265146195888519,0.9857752323150635,0.8617354035377502
YBR068C,YBR065C,0,-3.0139818,0.10263625532388687,0.9857752323150635,0.8618776798248291
YER108C,YDR210W-B,0,-3.0169919,0.10262105613946915,0.9857752323150635,0.8620198965072632
YNL221C,YNL142W,0,-3.0176582,0.10260586440563202,0.9857752323150635,0.862162172794342
YJL018W,YBR077C,0,-3.0197783,0.10259067267179489,0.9857752323150635,0.8623043894767761
YKL160W,YPR054W,0,-3.020823,0.10257548838853836,0.9857752323150635,0.862446665763855
YJL042W,YPR079W,0,-3.0211382,0.10256030410528183,0.9857752323150635,0.8625888824462891
YCL062W,YJR007W,0,-3.0220532,0.10254513472318649,0.9857752323150635,0.8627311587333679
YML125C,YAL012W,0,-3.022592,0.10252995789051056,0.9857752323150635,0.862873375415802
YDL104C,YBR058C-A,0,-3.022712,0.10251479595899582,0.9857752323150635,0.8630156517028809
YNL191W,YPR107C,0,-3.0233283,0.10249962657690048,0.9857752323150635,0.8631578683853149
YCR066W,YGL254W,0,-3.0235958,0.10248447209596634,0.9857752323150635,0.8633001446723938
YLR307W,YDR435C,0,-3.0280414,0.1024693176150322,0.9857752323150635,0.8634423613548279
YBR171W,YPL181W,0,-3.0300736,0.10245417058467865,0.9857752323150635,0.8635846376419067
YHL017W,YML114C,0,-3.0311894,0.1024390235543251,0.9857752323150635,0.8637269139289856
YPL241C,YDL236W,0,-3.0349069,0.10242388397455215,0.9857752323150635,0.8638691306114197
YIL087C,YKR060W,0,-3.0362153,0.1024087518453598,0.9857752323150635,0.8640114068984985
YNR049C,YBR215W,0,-3.0371315,0.10239361971616745,0.9857752323150635,0.8641536235809326
YML055W,YNL292W,0,-3.0401168,0.1023784875869751,0.9857752323150635,0.8642958998680115
YNL272C,YKL069W,0,-3.0435052,0.10236337035894394,0.9857752323150635,0.8644381165504456
YJR120W,YJL106W,0,-3.0435076,0.10234825313091278,0.9857752323150635,0.8645803928375244
YJL098W,YAL059W,0,-3.0437717,0.10233313590288162,0.9857752323150635,0.8647226095199585
YPL018W,YMR237W,0,-3.044899,0.10231802612543106,0.9857752323150635,0.8648648858070374
YGL023C,YDL095W,0,-3.047525,0.1023029237985611,0.9857752323150635,0.8650071024894714
YOR018W,YLR332W,0,-3.048215,0.10228782147169113,0.9857752323150635,0.8651493787765503
YDL230W,YML076C,0,-3.0520806,0.10227272659540176,0.9857752323150635,0.8652915954589844
YLR084C,YOR240W,0,-3.0527782,0.102257639169693,0.9857752323150635,0.8654338717460632
YJL092W,YDR379W,0,-3.0565748,0.10224255174398422,0.9857752323150635,0.8655760884284973
YAR033W,YLR106C,0,-3.0579326,0.10222746431827545,0.9857752323150635,0.8657183647155762
YDR420W,YFR038W,0,-3.0609112,0.10221239179372787,0.9857752323150635,0.8658605813980103
YNL336W,YMR070W,0,-3.062785,0.1021973192691803,0.9857752323150635,0.8660028576850891
YGL121C,YOL084W,0,-3.0635223,0.10218224674463272,0.9857752323150635,0.8661450743675232
YER161C,YPL224C,0,-3.065863,0.10216718167066574,0.9857752323150635,0.866287350654602
YDR092W,YBR228W,0,-3.0669224,0.10215212404727936,0.9857752323150635,0.8664295673370361
YPR107C,YOR091W,0,-3.067521,0.10213706642389297,0.9857752323150635,0.866571843624115
YIR037W,YPL224C,0,-3.0705872,0.10212201625108719,0.9857752323150635,0.8667140603065491
YBR295W,YIL155C,0,-3.0708237,0.1021069660782814,0.9857752323150635,0.8668563365936279
YNL250W,YDR443C,0,-3.0728598,0.10209192335605621,0.9857752323150635,0.866998553276062
YLR059C,YMR215W,0,-3.0735736,0.10207688808441162,0.9857752323150635,0.8671408295631409
YGR292W,YLR399C,0,-3.0743933,0.10206185281276703,0.9857752323150635,0.867283046245575
YGR257C,YPR095C,0,-3.0757918,0.10204682499170303,0.9857752323150635,0.8674253225326538
YKL216W,YPL236C,0,-3.0790563,0.10203180462121964,0.9857752323150635,0.8675675392150879
YBR211C,YML067C,0,-3.079324,0.10201678425073624,0.9857752323150635,0.8677098155021667
YLR418C,YJL179W,0,-3.0871994,0.10200176388025284,0.9857752323150635,0.8678520917892456
YGL095C,YGL003C,0,-3.092291,0.10198675841093063,0.9857752323150635,0.8679943084716797
YDR177W,YEL077C,0,-3.0949807,0.10197174549102783,0.9857752323150635,0.8681365847587585
YKR038C,YPL106C,0,-3.0950758,0.10195674747228622,0.9857752323150635,0.8682788014411926
YFR006W,YLL009C,0,-3.0978808,0.10194174945354462,0.9857752323150635,0.8684210777282715
YGR023W,YER062C,0,-3.0978928,0.10192675143480301,0.9857752323150635,0.8685632944107056
YNL300W,YDL106C,0,-3.0998209,0.1019117683172226,0.9857752323150635,0.8687055706977844
YML115C,YJR131W,0,-3.101563,0.10189677774906158,0.9857752323150635,0.8688477873802185
YHR017W,YHR210C,0,-3.1070256,0.10188180208206177,0.9857752323150635,0.8689900636672974
YDR338C,YHR080C,0,-3.112951,0.10186682641506195,0.9857752323150635,0.8691322803497314
YOL088C,YPR095C,0,-3.1139817,0.10185185074806213,0.9857752323150635,0.8692745566368103
YOL001W,YGR060W,0,-3.1145906,0.10183688253164291,0.9857752323150635,0.8694167733192444
YMR236W,YNL222W,0,-3.1149287,0.10182192176580429,0.9857752323150635,0.8695590496063232
YLL042C,YPL283C,0,-3.1160316,0.10180696099996567,0.9857752323150635,0.8697012662887573
YER021W,YCR008W,0,-3.1185741,0.10179200768470764,0.9857752323150635,0.8698435425758362
YBR248C,YPL161C,0,-3.1188617,0.10177706182003021,0.9857752323150635,0.8699857592582703
YJL010C,YLR192C,0,-3.1194158,0.10176211595535278,0.9857752323150635,0.8701280355453491
YML107C,YML062C,0,-3.120513,0.10174717009067535,0.9857752323150635,0.8702702522277832
YLR115W,YHR172W,0,-3.1226583,0.10173223912715912,0.9857752323150635,0.8704125285148621
YNL214W,YOR322C,0,-3.1238537,0.10171730816364288,0.9857752323150635,0.8705547451972961
YGR076C,YBL045C,0,-3.1309218,0.10170237720012665,0.9857752323150635,0.870697021484375
YHR070W,YLR132C,0,-3.1312175,0.10168745368719101,0.9857752323150635,0.8708392381668091
YKR104W,YLR093C,0,-3.1390038,0.10167253762483597,0.9857752323150635,0.8709815144538879
YPR028W,YNR033W,0,-3.1400123,0.10165762156248093,0.9857752323150635,0.871123731136322
YOL097C,YER087W,1,-3.1430287,0.10178937762975693,0.9871976971626282,0.871123731136322
YDR393W,YIR008C,0,-3.1445198,0.10177445411682129,0.9871976971626282,0.8712660074234009
YDR501W,YJL035C,0,-3.145496,0.10175953060388565,0.9871976971626282,0.871408224105835
YBL074C,YJR060W,0,-3.1473825,0.10174461454153061,0.9871976971626282,0.8715505003929138
YKL058W,YPL105C,0,-3.1511474,0.10172969847917557,0.9871976971626282,0.8716927170753479
YGR172C,YJL102W,0,-3.1516886,0.10171478986740112,0.9871976971626282,0.8718349933624268
YIL030C,YBR122C,0,-3.1588173,0.10169988125562668,0.9871976971626282,0.8719772696495056
YBR211C,YPL130W,0,-3.1606097,0.10168498009443283,0.9871976971626282,0.8721194863319397
YER123W,YNL188W,0,-3.1630626,0.10167008638381958,0.9871976971626282,0.8722617626190186
YOR173W,YPL031C,0,-3.1659613,0.10165519267320633,0.9871976971626282,0.8724039793014526
YJL098W,YPR185W,0,-3.168027,0.10164030641317368,0.9871976971626282,0.8725462555885315
YJL065C,YMR119W,0,-3.1682556,0.10162542015314102,0.9871976971626282,0.8726884722709656
YDR520C,YMR183C,0,-3.1692977,0.10161054134368896,0.9871976971626282,0.8728307485580444
YKL024C,YJR096W,0,-3.1706223,0.1015956699848175,0.9871976971626282,0.8729729652404785
YPR094W,YGR208W,0,-3.1709352,0.10158079862594604,0.9871976971626282,0.8731152415275574
YOR380W,YKL005C,0,-3.1733904,0.10156592726707458,0.9871976971626282,0.8732574582099915
YPR048W,YMR009W,0,-3.173413,0.10155107080936432,0.9871976971626282,0.8733997344970703
YOR182C,YNL009W,0,-3.1757193,0.10153621435165405,0.9871976971626282,0.8735419511795044
YGR061C,YML093W,0,-3.175764,0.10152135789394379,0.9871976971626282,0.8736842274665833
YOL044W,YCR020W-B,0,-3.1765997,0.10150650888681412,0.9871976971626282,0.8738264441490173
YPR008W,YFL055W,0,-3.183477,0.10149166733026505,0.9871976971626282,0.8739687204360962
YMR105C,YHR036W,0,-3.186422,0.10147682577371597,0.9871976971626282,0.8741109371185303
YGR296W,YHR103W,0,-3.1915236,0.1014619916677475,0.9871976971626282,0.8742532134056091
YCR027C,YPR154W,0,-3.196539,0.10144715756177902,0.9871976971626282,0.8743954300880432
YDR028C,YAL002W,0,-3.200101,0.10143233090639114,0.9871976971626282,0.8745377063751221
YOR034C,YDR479C,0,-3.2015312,0.10141750425100327,0.9871976971626282,0.8746799230575562
YJL072C,YBR131W,0,-3.2097936,0.10140268504619598,0.9871976971626282,0.874822199344635
YMR247C,YCR089W,0,-3.2107491,0.1013878732919693,0.9871976971626282,0.8749644160270691
YAL032C,YPL161C,0,-3.2145905,0.10137306153774261,0.9871976971626282,0.875106692314148
YPR025C,YFL055W,0,-3.2163157,0.10135825723409653,0.9871976971626282,0.875248908996582
YDR160W,YKL042W,0,-3.2183084,0.10134346038103104,0.9871976971626282,0.8753911852836609
YHR017W,YOR155C,0,-3.2186341,0.10132866352796555,0.9871976971626282,0.875533401966095
YJR150C,YGL156W,0,-3.2198539,0.10131386667490005,0.9871976971626282,0.8756756782531738
YGR148C,YMR058W,0,-3.2205539,0.10129907727241516,0.9871976971626282,0.8758178949356079
YDL129W,YAL002W,0,-3.2217283,0.10128429532051086,0.9871976971626282,0.8759601712226868
YDR430C,YHR105W,0,-3.2269669,0.10126951336860657,0.9871976971626282,0.8761024475097656
YNL177C,YDR036C,0,-3.2286599,0.10125473886728287,0.9871976971626282,0.8762446641921997
YJR093C,YFR046C,0,-3.2293642,0.10123997181653976,0.9871976971626282,0.8763869404792786
YGR215W,YLR363C,0,-3.229528,0.10122520476579666,0.9871976971626282,0.8765291571617126
YMR274C,YGL028C,0,-3.2305079,0.10121044516563416,0.9871976971626282,0.8766714334487915
YOL055C,YER054C,0,-3.2314546,0.10119568556547165,0.9871976971626282,0.8768136501312256
YDL085W,YPR185W,0,-3.2327533,0.10118093341588974,0.9871976971626282,0.8769559264183044
YML072C,YLR313C,0,-3.2332876,0.10116618126630783,0.9871976971626282,0.8770981431007385
YGL141W,YOL096C,0,-3.2335534,0.10115143656730652,0.9871976971626282,0.8772404193878174
YNR032C-A,YIR021W,0,-3.2345712,0.1011366918683052,0.9871976971626282,0.8773826360702515
YIR036C,YKL049C,0,-3.2354622,0.10112195461988449,0.9871976971626282,0.8775249123573303
YDR100W,YHR037W,0,-3.2366126,0.10110722482204437,0.9871976971626282,0.8776671290397644
YGR083C,YHR023W,0,-3.2369096,0.10109249502420425,0.9871976971626282,0.8778094053268433
YGR178C,YER033C,0,-3.2376418,0.10107777267694473,0.9871976971626282,0.8779516220092773
YGR062C,YDR257C,0,-3.2383375,0.10106305778026581,0.9871976971626282,0.8780938982963562
YGL227W,YDL065C,0,-3.2391167,0.10104834288358688,0.9871976971626282,0.8782361149787903
YMR070W,YCR089W,0,-3.239262,0.10103362798690796,0.9871976971626282,0.8783783912658691
YBL025W,YDL161W,0,-3.2433143,0.10101892054080963,0.9871976971626282,0.8785206079483032
YPR018W,YBL056W,0,-3.2446346,0.1010042205452919,0.9871976971626282,0.8786628842353821
YPL060C-A,YOR372C,0,-3.2457683,0.10098952054977417,0.9871976971626282,0.8788051009178162
YCR027C,YHR138C,0,-3.246089,0.10097482800483704,0.9871976971626282,0.878947377204895
YDR028C,YNL188W,0,-3.2501028,0.1009601429104805,0.9871976971626282,0.8790895938873291
YDL220C,YGL011C,0,-3.2510445,0.10094545781612396,0.9871976971626282,0.879231870174408
YAL015C,YJL050W,0,-3.256938,0.10093077272176743,0.9871976971626282,0.879374086856842
YKR083C,YLR004C,0,-3.2606957,0.10091609507799149,0.9871976971626282,0.8795163631439209
YOL013C,YNL045W,0,-3.260785,0.10090142488479614,0.9871976971626282,0.879658579826355
YOR358W,YJL097W,0,-3.2624822,0.1008867546916008,0.9871976971626282,0.8798008561134338
YDR338C,YIL154C,0,-3.262546,0.10087209194898605,0.9871976971626282,0.8799430727958679
YNR023W,YJL123C,0,-3.2632163,0.1008574366569519,0.9871976971626282,0.8800853490829468
YGL012W,YPL281C,0,-3.2632635,0.10084278136491776,0.9871976971626282,0.8802276253700256
YMR268C,YGL001C,0,-3.2640114,0.1008281260728836,0.9871976971626282,0.8803698420524597
YBL076C,YPR081C,1,-3.2643704,0.10095874220132828,0.9886202216148376,0.8803698420524597
YOR004W,YCR020C,0,-3.2677898,0.10094407945871353,0.9886202216148376,0.8805121183395386
YDR188W,YNL049C,0,-3.2686088,0.10092942416667938,0.9886202216148376,0.8806543350219727
YOR022C,YGL119W,0,-3.2717333,0.10091476887464523,0.9886202216148376,0.8807966113090515
YGR208W,YLR260W,0,-3.274205,0.10090011358261108,0.9886202216148376,0.8809388279914856
YDR372C,YDL049C,0,-3.275118,0.10088547319173813,0.9886202216148376,0.8810811042785645
YPR052C,YFL004W,0,-3.2762494,0.10087082535028458,0.9886202216148376,0.8812233209609985
YDR280W,YMR023C,0,-3.2791202,0.10085619240999222,0.9886202216148376,0.8813655972480774
YKL058W,YHL018W,0,-3.2808104,0.10084155201911926,0.9886202216148376,0.8815078139305115
YML123C,YLR337C,0,-3.2815363,0.1008269265294075,0.9886202216148376,0.8816500902175903
YER129W,YPL004C,0,-3.2840216,0.10081230103969574,0.9886202216148376,0.8817923069000244
YNR036C,YLR045C,0,-3.2888744,0.10079768300056458,0.9886202216148376,0.8819345831871033
YPL028W,YLR424W,0,-3.2892952,0.10078306496143341,0.9886202216148376,0.8820767998695374
YDR050C,YPL241C,0,-3.2902207,0.10076844692230225,0.9886202216148376,0.8822190761566162
YER032W,YPL060W,0,-3.290516,0.10075384378433228,0.9886202216148376,0.8823612928390503
YMR306W,YLL001W,0,-3.2921233,0.1007392406463623,0.9886202216148376,0.8825035691261292
YOR369C,YLR210W,0,-3.2924006,0.10072463750839233,0.9886202216148376,0.8826457858085632
YDR016C,YOR009W,0,-3.2973008,0.10071004182100296,0.9886202216148376,0.8827880620956421
YLR121C,YBR056W,0,-3.298358,0.10069545358419418,0.9886202216148376,0.8829302787780762
YLL018C-A,YDL030W,0,-3.300186,0.1006808653473854,0.9886202216148376,0.883072555065155
YER111C,YOR253W,0,-3.300549,0.10066627711057663,0.9886202216148376,0.8832147717475891
YOL098C,YNL041C,0,-3.3023763,0.10065170377492905,0.9886202216148376,0.883357048034668
YLR337W,YLR265C,0,-3.3066897,0.10063713043928146,0.9886202216148376,0.883499264717102
YDL031W,YGL179C,0,-3.3068173,0.10062255710363388,0.9886202216148376,0.8836415410041809
YNL101W,YBR251W,0,-3.3094773,0.1006079912185669,0.9886202216148376,0.883783757686615
YDR104C,YFR008W,0,-3.3127666,0.10059342533349991,0.9886202216148376,0.8839260339736938
YPL153C,YOR010C,0,-3.3128393,0.10057887434959412,0.9886202216148376,0.8840682506561279
YER146W,YHR110W,0,-3.3143148,0.10056431591510773,0.9886202216148376,0.8842105269432068
YJL104W,YBL106C,0,-3.3144047,0.10054976493120193,0.9886202216148376,0.8843528032302856
YPR156C,YKL222C,0,-3.3173296,0.10053522139787674,0.9886202216148376,0.8844950199127197
YNR061C,YNL225C,0,-3.3189144,0.10052068531513214,0.9886202216148376,0.8846372961997986
YDR123C,YPL181W,0,-3.323987,0.10050614923238754,0.9886202216148376,0.8847795128822327
YNR063W,YOR086C,0,-3.3250673,0.10049161314964294,0.9886202216148376,0.8849217891693115
YER021W,YEL061C,0,-3.325423,0.10047708451747894,0.9886202216148376,0.8850640058517456
YGR253C,YMR263W,0,-3.325804,0.10046256333589554,0.9886202216148376,0.8852062821388245
YPR003C,YGL111W,0,-3.3313181,0.10044804215431213,0.9886202216148376,0.8853484988212585
YLR233C,YPL237W,0,-3.3360765,0.10043352842330933,0.9886202216148376,0.8854907751083374
YPR070W,YOL055C,0,-3.3393745,0.10041901469230652,0.9886202216148376,0.8856329917907715
YML046W,YMR323W,0,-3.3433332,0.10040450841188431,0.9886202216148376,0.8857752680778503
YDL020C,YGR292W,0,-3.344799,0.1003900021314621,0.9886202216148376,0.8859174847602844
YDR074W,YLR248W,0,-3.3451648,0.10037550330162048,0.9886202216148376,0.8860597610473633
YDR091C,YER110C,0,-3.345241,0.10036101192235947,0.9886202216148376,0.8862019777297974
YFL008W,YDR511W,0,-3.3476253,0.10034652054309845,0.9886202216148376,0.8863442540168762
YDL230W,YHR052W,0,-3.3507578,0.10033203661441803,0.9886202216148376,0.8864864706993103
YJL080C,YPR122W,0,-3.3542142,0.10031755268573761,0.9886202216148376,0.8866287469863892
YMR264W,YGL098W,0,-3.3554714,0.10030307620763779,0.9886202216148376,0.8867709636688232
YOR258W,YNL299W,0,-3.3599901,0.10028859972953796,0.9886202216148376,0.8869132399559021
YNL093W,YIL148W,0,-3.3600435,0.10027413070201874,0.9886202216148376,0.8870554566383362
YOL122C,YER141W,0,-3.360752,0.10025966167449951,0.9886202216148376,0.887197732925415
YOR059C,YJL138C,0,-3.3620543,0.10024520754814148,0.9886202216148376,0.8873399496078491
YKL054C,YOR172W,0,-3.3664017,0.10023074597120285,0.9886202216148376,0.887482225894928
YKL181W,YGL018C,0,-3.3668694,0.10021629184484482,0.9886202216148376,0.8876244425773621
YOL001W,YPL056C,0,-3.3684335,0.10020184516906738,0.9886202216148376,0.8877667188644409
YDR018C,YGR067C,0,-3.369256,0.10018739849328995,0.9886202216148376,0.887908935546875
YOL116W,YBR208C,0,-3.3735223,0.10017295926809311,0.9886202216148376,0.8880512118339539
YOR057W,YMR041C,0,-3.3736415,0.10015852749347687,0.9886202216148376,0.8881934285163879
YJR035W,YDR186C,0,-3.3737478,0.10014409571886063,0.9886202216148376,0.8883357048034668
YJL109C,YER100W,0,-3.3744898,0.10012966394424438,0.9886202216148376,0.8884779810905457
YMR022W,YOR103C,0,-3.3769817,0.10011523962020874,0.9886202216148376,0.8886201977729797
YOR140W,YEL009C,0,-3.3772068,0.10010082274675369,0.9886202216148376,0.8887624740600586
YOR057W,YBR132C,0,-3.3844736,0.10008640587329865,0.9886202216148376,0.8889046907424927
YLR342W,YLR069C,0,-3.3873186,0.1000719964504242,0.9886202216148376,0.8890469670295715
YER044C-A,YFR004W,0,-3.3895175,0.10005758702754974,0.9886202216148376,0.8891891837120056
YPL195W,YDL081C,0,-3.3902712,0.10004318505525589,0.9886202216148376,0.8893314599990845
YNL055C,YIL018W,0,-3.390503,0.10002878308296204,0.9886202216148376,0.8894736766815186
YMR161W,YDR213W,0,-3.3952854,0.10001438856124878,0.9886202216148376,0.8896159529685974
YIL117C,YKL218C,0,-3.4006643,0.10000000149011612,0.9886202216148376,0.8897581696510315
YCR072C,YPR201W,0,-3.402717,0.09998561441898346,0.9886202216148376,0.8899004459381104
YBR186W,YOL121C,0,-3.4049916,0.0999712347984314,0.9886202216148376,0.8900426626205444
YBR036C,YKR048C,0,-3.4072585,0.09995685517787933,0.9886202216148376,0.8901849389076233
YOL130W,YBR054W,0,-3.407826,0.09994247555732727,0.9886202216148376,0.8903271555900574
YER108C,YJL044C,0,-3.4110563,0.0999281108379364,0.9886202216148376,0.8904694318771362
YOR217W,YMR316W,0,-3.4118066,0.09991374611854553,0.9886202216148376,0.8906116485595703
YML034W,YGR024C,0,-3.4123764,0.09989938139915466,0.9886202216148376,0.8907539248466492
YDR034C-D,YMR017W,0,-3.4160671,0.09988502413034439,0.9886202216148376,0.8908961415290833
YMR149W,YDR032C,0,-3.4175134,0.09987067431211472,0.9886202216148376,0.8910384178161621
YPL028W,YGR038C-A,0,-3.4178863,0.09985632449388504,0.9886202216148376,0.8911806344985962
YGL151W,YBL072C,0,-3.419736,0.09984197467565536,0.9886202216148376,0.891322910785675
YCR005C,YNL167C,0,-3.4202669,0.09982763230800629,0.9886202216148376,0.8914651274681091
YKL188C,YNL286W,0,-3.424702,0.0998132973909378,0.9886202216148376,0.891607403755188
YOR210W,YIL008W,0,-3.4274292,0.09979896247386932,0.9886202216148376,0.8917496204376221
YBR237W,YMR098C,0,-3.4338098,0.09978463500738144,0.9886202216148376,0.8918918967247009
YDR420W,YOR396W,0,-3.4344578,0.09977031499147415,0.9886202216148376,0.892034113407135
YGR030C,YOR316C,0,-3.4345865,0.09975599497556686,0.9886202216148376,0.8921763896942139
YCL068C,YHR178W,0,-3.4349966,0.09974167495965958,0.9886202216148376,0.892318606376648
YOR143C,YOR063W,0,-3.4452083,0.09972736239433289,0.9886202216148376,0.8924608826637268
YDL240W,YLR210W,0,-3.4467604,0.09971305727958679,0.9886202216148376,0.8926031589508057
YMR044W,YDR361C,0,-3.447825,0.0996987521648407,0.9886202216148376,0.8927453756332397
YOR336W,YLR343W,0,-3.4484327,0.0996844545006752,0.9886202216148376,0.8928876519203186
YIL004C,YNL049C,0,-3.4500608,0.0996701568365097,0.9886202216148376,0.8930298686027527
YOR321W,YJR010C-A,0,-3.4504952,0.0996558666229248,0.9886202216148376,0.8931721448898315
YIR033W,YCL054W,0,-3.4519029,0.0996415764093399,0.9886202216148376,0.8933143615722656
YDR075W,YGL005C,0,-3.4520092,0.0996272936463356,0.9886202216148376,0.8934566378593445
YGL147C,YOL096C,0,-3.4526405,0.0996130108833313,0.9886202216148376,0.8935988545417786
YOL122C,YDL072C,0,-3.453147,0.09959873557090759,0.9886202216148376,0.8937411308288574
YKL048C,YMR217W,0,-3.4537363,0.09958446770906448,0.9886202216148376,0.8938833475112915
YHR121W,YMR116C,0,-3.4537957,0.09957019984722137,0.9886202216148376,0.8940256237983704
YOR308C,YNL323W,0,-3.4543192,0.09955593943595886,0.9886202216148376,0.8941678404808044
YMR166C,YDL149W,0,-3.4569888,0.09954167902469635,0.9886202216148376,0.8943101167678833
YGR142W,YDR134C,0,-3.4581485,0.09952742606401443,0.9886202216148376,0.8944523334503174
YLR272C,YMR170C,0,-3.4581876,0.09951317310333252,0.9886202216148376,0.8945946097373962
YNL134C,YLR423C,0,-3.4632564,0.0994989275932312,0.9886202216148376,0.8947368264198303
YOL154W,YER166W,0,-3.4706178,0.09948468208312988,0.9886202216148376,0.8948791027069092
YJR059W,YMR311C,0,-3.4714599,0.09947044402360916,0.9886202216148376,0.8950213193893433
YBR169C,YLR237W,0,-3.4716003,0.09945621341466904,0.9886202216148376,0.8951635956764221
YGR247W,YOL088C,0,-3.47599,0.09944198280572891,0.9886202216148376,0.8953058123588562
YHR006W,YLR248W,0,-3.4761405,0.09942775219678879,0.9886202216148376,0.8954480886459351
YOR157C,YKL114C,0,-3.4774725,0.09941352903842926,0.9886202216148376,0.8955903053283691
YMR275C,YER113C,0,-3.4862838,0.09939931333065033,0.9886202216148376,0.895732581615448
YOR284W,YDR316W,0,-3.4881938,0.0993850976228714,0.9886202216148376,0.8958747982978821
YKL034W,YBL075C,0,-3.4914837,0.09937088936567307,0.9886202216148376,0.8960170745849609
YGR014W,YJL216C,0,-3.4917302,0.09935668110847473,0.9886202216148376,0.896159291267395
YDR365C,YER153C,0,-3.4925404,0.099342480301857,0.9886202216148376,0.8963015675544739
YNL101W,YPR180W,0,-3.4930153,0.09932828694581985,0.9886202216148376,0.896443784236908
YOR016C,YBR135W,0,-3.4970975,0.09931408613920212,0.9886202216148376,0.8965860605239868
YOR124C,YER155C,0,-3.4982798,0.09929990023374557,0.9886202216148376,0.8967283368110657
YGR217W,YDR176W,0,-3.498944,0.09928571432828903,0.9886202216148376,0.8968705534934998
YOL039W,YOR026W,0,-3.5010972,0.09927153587341309,0.9886202216148376,0.8970128297805786
YBR112C,YBR198C,0,-3.5012994,0.09925735741853714,0.9886202216148376,0.8971550464630127
YPL029W,YKL208W,0,-3.5109591,0.0992431789636612,0.9886202216148376,0.8972973227500916
YBR034C,YOR328W,0,-3.512817,0.09922901540994644,0.9886202216148376,0.8974395394325256
YBR180W,YHR101C,0,-3.5130377,0.09921484440565109,0.9886202216148376,0.8975818157196045
YAL068C,YIL036W,0,-3.51365,0.09920068830251694,0.9886202216148376,0.8977240324020386
YBR248C,YFL029C,0,-3.5145,0.09918652474880219,0.9886202216148376,0.8978663086891174
YPR021C,YFR055W,0,-3.5154543,0.09917237609624863,0.9886202216148376,0.8980085253715515
YOR088W,YNL252C,0,-3.5179324,0.09915822744369507,0.9886202216148376,0.8981508016586304
YBR046C,YOR039W,0,-3.5201716,0.09914407879114151,0.9886202216148376,0.8982930183410645
YHR160C,YMR011W,0,-3.5216267,0.09912993758916855,0.9886202216148376,0.8984352946281433
YDL212W,YIR033W,0,-3.5239222,0.09911580383777618,0.9886202216148376,0.8985775113105774
YDR130C,YLR106C,0,-3.5264041,0.09910167008638382,0.9886202216148376,0.8987197875976562
YOR336W,YJR073C,0,-3.5279708,0.09908753633499146,0.9886202216148376,0.8988620042800903
YBL014C,YPR086W,0,-3.5287743,0.09907341748476028,0.9886202216148376,0.8990042805671692
YDL226C,YOR091W,0,-3.531683,0.09905929118394852,0.9886202216148376,0.8991464972496033
YMR116C,YAL055W,0,-3.5353098,0.09904517233371735,0.9886202216148376,0.8992887735366821
YNR030W,YKR064W,0,-3.5362437,0.09903106093406677,0.9886202216148376,0.8994309902191162
YER078C,YBR034C,0,-3.537081,0.0990169569849968,0.9886202216148376,0.8995732665061951
YPR046W,YJL133C-A,0,-3.5373354,0.09900284558534622,0.9886202216148376,0.8997154831886292
YGL147C,YOR131C,0,-3.5374072,0.09898874908685684,0.9886202216148376,0.899857759475708
YML016C,YLR190W,0,-3.5400958,0.09897465258836746,0.9886202216148376,0.8999999761581421
YDR320C,YER081W,0,-3.543354,0.09896055608987808,0.9886202216148376,0.900142252445221
YER095W,YLR343W,0,-3.5434427,0.0989464670419693,0.9886202216148376,0.900284469127655
YJR093C,YNL336W,0,-3.5498202,0.09893238544464111,0.9886202216148376,0.9004267454147339
YML107C,YDR479C,0,-3.5535913,0.09891830384731293,0.9886202216148376,0.900568962097168
YJL012C,YNL339C,0,-3.5562248,0.09890422970056534,0.9886202216148376,0.9007112383842468
YDR182W,YMR156C,0,-3.5577903,0.09889015555381775,0.9886202216148376,0.9008535146713257
YPR052C,YER003C,0,-3.5592618,0.09887608140707016,0.9886202216148376,0.9009957313537598
YCR081W,YPR178W,0,-3.5600767,0.09886202216148376,0.9886202216148376,0.9011380076408386
YGR275W,YOR288C,0,-3.5613794,0.09884795546531677,0.9886202216148376,0.9012802243232727
YLR079W,YER153C,0,-3.569258,0.09883390367031097,0.9886202216148376,0.9014225006103516
YIL171W,YGR037C,0,-3.570706,0.09881985187530518,0.9886202216148376,0.9015647172927856
YMR226C,YOR266W,0,-3.576693,0.09880580008029938,0.9886202216148376,0.9017069935798645
YML114C,YBL017C,0,-3.5791469,0.09879175573587418,0.9886202216148376,0.9018492102622986
YBR214W,YOL058W,0,-3.5804048,0.09877771139144897,0.9886202216148376,0.9019914865493774
YMR055C,YDR456W,0,-3.5818038,0.09876367449760437,0.9886202216148376,0.9021337032318115
YOR380W,YHR197W,0,-3.5841722,0.09874964505434036,0.9886202216148376,0.9022759795188904
YML062C,YDR197W,0,-3.58478,0.09873561561107635,0.9886202216148376,0.9024181962013245
YDL105W,YDL100C,0,-3.5859163,0.09872159361839294,0.9886202216148376,0.9025604724884033
YPL116W,YDL149W,0,-3.5869966,0.09870757162570953,0.9886202216148376,0.9027026891708374
YJL091C,YGR161C-C,0,-3.5895996,0.09869354963302612,0.9886202216148376,0.9028449654579163
YLL066C,YOR181W,0,-3.5898979,0.0986795425415039,0.9886202216148376,0.9029871821403503
YJL036W,YDR317W,0,-3.5960522,0.09866552799940109,0.9886202216148376,0.9031294584274292
YKR097W,YOR221C,0,-3.5987215,0.09865152835845947,0.9886202216148376,0.9032716751098633
YNR036C,YPL010W,0,-3.600349,0.09863752126693726,0.9886202216148376,0.9034139513969421
YOR262W,YDR448W,0,-3.6021438,0.09862352907657623,0.9886202216148376,0.9035561680793762
YOR037W,YHR166C,0,-3.6051748,0.09860953688621521,0.9886202216148376,0.9036984443664551
YJR010C-A,YJL203W,0,-3.6075954,0.09859554469585419,0.9886202216148376,0.9038406610488892
YLR372W,YPL152W,0,-3.6109576,0.09858155995607376,0.9886202216148376,0.903982937335968
YOR018W,YOR270C,0,-3.612464,0.09856758266687393,0.9886202216148376,0.9041251540184021
YOL008W,YLR069C,0,-3.613532,0.0985536053776741,0.9886202216148376,0.904267430305481
YDR085C,YJL059W,0,-3.6140115,0.09853962808847427,0.9886202216148376,0.904409646987915
YKL065C,YOR240W,0,-3.6140554,0.09852565824985504,0.9886202216148376,0.9045519232749939
YOR130C,YGR266W,0,-3.6154706,0.0985116958618164,0.9886202216148376,0.904694139957428
YGL104C,YDR201W,0,-3.617713,0.09849773347377777,0.9886202216148376,0.9048364162445068
YLR382C,YGR185C,1,-3.6204262,0.09862548112869263,0.9900426864624023,0.9048364162445068
YLR055C,YGL150C,0,-3.6224988,0.0986115038394928,0.9900426864624023,0.9049786925315857
YPL005W,YLR376C,0,-3.6237702,0.09859753400087357,0.9900426864624023,0.9051209092140198
YDR450W,YGL257C,0,-3.6238487,0.09858357161283493,0.9900426864624023,0.9052631855010986
YGL079W,YPL089C,0,-3.624551,0.0985696092247963,0.9900426864624023,0.9054054021835327
YDR367W,YKL220C,0,-3.629466,0.09855564683675766,0.9900426864624023,0.9055476784706116
YGR030C,YIL023C,0,-3.6323633,0.09854169934988022,0.9900426864624023,0.9056898951530457
YPR017C,YJR159W,0,-3.6326156,0.09852774441242218,0.9900426864624023,0.9058321714401245
YER056C-A,YJL183W,0,-3.6369505,0.09851379692554474,0.9900426864624023,0.9059743881225586
YGL231C,YML107C,0,-3.6386454,0.0984998568892479,0.9900426864624023,0.9061166644096375
YLR297W,YLR242C,0,-3.6416693,0.09848591685295105,0.9900426864624023,0.9062588810920715
YKL027W,YDR122W,0,-3.6430762,0.0984719842672348,0.9900426864624023,0.9064011573791504
YBL003C,YBR200W-A,0,-3.647266,0.09845805913209915,0.9900426864624023,0.9065433740615845
YER133W,YCR028C-A,0,-3.6484852,0.0984441265463829,0.9900426864624023,0.9066856503486633
YPL234C,YOR044W,0,-3.6529534,0.09843020886182785,0.9900426864624023,0.9068278670310974
YDL006W,YBL084C,0,-3.6612775,0.0984162911772728,0.9900426864624023,0.9069701433181763
YJL145W,YBR088C,0,-3.6640062,0.09840237349271774,0.9900426864624023,0.9071123600006104
YBR160W,YOR190W,0,-3.6641722,0.09838846325874329,0.9900426864624023,0.9072546362876892
YLR229C,YHR138C,0,-3.673036,0.09837456047534943,0.9900426864624023,0.9073968529701233
YPR016C,YEL047C,0,-3.676765,0.09836065769195557,0.9900426864624023,0.9075391292572021
YMR285C,YGR277C,0,-3.6772487,0.0983467549085617,0.9900426864624023,0.9076813459396362
YGL201C,YOR032C,0,-3.6773138,0.09833285957574844,0.9900426864624023,0.9078236222267151
YPL101W,YDL072C,0,-3.6784165,0.09831897169351578,0.9900426864624023,0.9079658389091492
YMR251W-A,YLL024C,0,-3.6853786,0.09830508381128311,0.9900426864624023,0.908108115196228
YLR131C,YNL076W,0,-3.6857271,0.09829120337963104,0.9900426864624023,0.9082503318786621
YOR034C,YGL043W,0,-3.686967,0.09827732294797897,0.9900426864624023,0.908392608165741
YCR027C,YDR221W,0,-3.6961389,0.0982634499669075,0.9900426864624023,0.908534824848175
YLR096W,YBR107C,0,-3.6984591,0.09824957698583603,0.9900426864624023,0.9086771011352539
YDR044W,YOR381W,0,-3.699284,0.09823571145534515,0.9900426864624023,0.908819317817688
YPL214C,YKR077W,0,-3.700028,0.09822184592485428,0.9900426864624023,0.9089615941047668
YCR070W,YKR065C,0,-3.708069,0.098207987844944,0.9900426864624023,0.9091038703918457
YOR384W,YMR059W,0,-3.7088985,0.09819412976503372,0.9900426864624023,0.9092460870742798
YNL112W,YER143W,0,-3.7141523,0.09818027913570404,0.9900426864624023,0.9093883633613586
YLR121C,YMR232W,0,-3.71489,0.09816642850637436,0.9900426864624023,0.9095305800437927
YCR021C,YKL188C,0,-3.7177498,0.09815258532762527,0.9900426864624023,0.9096728563308716
YDL010W,YAL010C,0,-3.7187183,0.09813874959945679,0.9900426864624023,0.9098150730133057
YKL008C,YOR391C,0,-3.7201686,0.0981249138712883,0.9900426864624023,0.9099573493003845
YOR168W,YBL076C,1,-3.7243793,0.09825204312801361,0.991465151309967,0.9099573493003845
YGR048W,YBR041W,0,-3.7271948,0.09823819249868393,0.991465151309967,0.9100995659828186
YEL024W,YGR241C,0,-3.7338889,0.09822434931993484,0.991465151309967,0.9102418422698975
YFR053C,YGR024C,0,-3.7339106,0.09821051359176636,0.991465151309967,0.9103840589523315
YOL156W,YDR153C,0,-3.7389705,0.09819667786359787,0.991465151309967,0.9105263352394104
YMR104C,YCL001W,0,-3.7402375,0.09818284213542938,0.991465151309967,0.9106685519218445
YOL064C,YDR430C,0,-3.7443252,0.09816901385784149,0.991465151309967,0.9108108282089233
YGL115W,YER088C,0,-3.755559,0.0981551930308342,0.991465151309967,0.9109530448913574
YDL095W,YFR024C,0,-3.7576973,0.0981413722038269,0.991465151309967,0.9110953211784363
YOR384W,YLR085C,0,-3.7578678,0.09812755137681961,0.991465151309967,0.9112375378608704
YLR426W,YPL120W,0,-3.7579267,0.09811373800039291,0.991465151309967,0.9113798141479492
YML034W,YHR197W,0,-3.7585182,0.09809993207454681,0.991465151309967,0.9115220308303833
YOR061W,YKR089C,0,-3.761201,0.09808612614870071,0.991465151309967,0.9116643071174622
YGR103W,YBL056W,0,-3.7681723,0.09807232022285461,0.991465151309967,0.9118065237998962
YKL002W,YOL034W,0,-3.7689772,0.09805852919816971,0.991465151309967,0.9119488000869751
YHR088W,YBR160W,0,-3.7701702,0.0980447307229042,0.991465151309967,0.9120910167694092
YDR365C,YOL154W,0,-3.7710388,0.0980309396982193,0.991465151309967,0.912233293056488
YER141W,YDL138W,0,-3.7718434,0.09801715612411499,0.991465151309967,0.9123755097389221
YPR151C,YLR364W,0,-3.7720103,0.09800337255001068,0.991465151309967,0.912517786026001
YGL201C,YJL057C,0,-3.7758605,0.09798959642648697,0.991465151309967,0.9126600027084351
YML125C,YFR042W,0,-3.7776587,0.09797582030296326,0.991465151309967,0.9128022789955139
YHR052W,YLR265C,0,-3.789528,0.09796205163002014,0.991465151309967,0.912944495677948
YAL034W-A,YKR089C,0,-3.7904816,0.09794828295707703,0.991465151309967,0.9130867719650269
YAL051W,YNL294C,0,-3.7905157,0.09793452173471451,0.991465151309967,0.9132290482521057
YOL072W,YKL011C,0,-3.793002,0.09792076796293259,0.991465151309967,0.9133712649345398
YML011C,YCR067C,0,-3.7951787,0.09790700674057007,0.991465151309967,0.9135135412216187
YEL042W,YHR039C-B,0,-3.7977548,0.09789326041936874,0.991465151309967,0.9136557579040527
YML125C,YBL066C,0,-3.7986817,0.09787951409816742,0.991465151309967,0.9137980341911316
YOR088W,YPL224C,0,-3.8063612,0.0978657677769661,0.991465151309967,0.9139402508735657
YDR376W,YOL113W,0,-3.8176003,0.09785202890634537,0.991465151309967,0.9140825271606445
YMR079W,YLR039C,0,-3.822979,0.09783829003572464,0.991465151309967,0.9142247438430786
YGR183C,YJL018W,0,-3.824472,0.09782455861568451,0.991465151309967,0.9143670201301575
YDR297W,YFR049W,0,-3.8311298,0.09781083464622498,0.991465151309967,0.9145092368125916
YLR423C,YHL021C,0,-3.8314557,0.09779711067676544,0.991465151309967,0.9146515130996704
YJR160C,YGR098C,0,-3.8338866,0.09778338670730591,0.991465151309967,0.9147937297821045
YGL240W,YGR075C,0,-3.8349943,0.09776967018842697,0.991465151309967,0.9149360060691833
YDR028C,YDL129W,0,-3.8369539,0.09775596112012863,0.991465151309967,0.9150782227516174
YDR238C,YGR191W,0,-3.8372083,0.09774225205183029,0.991465151309967,0.9152204990386963
YDR328C,YOR034C,0,-3.8401377,0.09772855043411255,0.991465151309967,0.9153627157211304
YIL154C,YMR313C,0,-3.8413463,0.0977148488163948,0.991465151309967,0.9155049920082092
YNR073C,YDR385W,0,-3.8413706,0.09770114719867706,0.991465151309967,0.9156472086906433
YBR058C-A,YOL113W,0,-3.8436372,0.09768745303153992,0.991465151309967,0.9157894849777222
YML013W,YPL058C,0,-3.843772,0.09767376631498337,0.991465151309967,0.9159317016601562
YGR202C,YKL125W,0,-3.8447838,0.09766007959842682,0.991465151309967,0.9160739779472351
YIR004W,YDR435C,0,-3.846676,0.09764640033245087,0.991465151309967,0.9162161946296692
YLR128W,YNL037C,0,-3.8493814,0.09763272106647491,0.991465151309967,0.916358470916748
YBR106W,YHR005C,0,-3.8507318,0.09761904925107956,0.991465151309967,0.9165006875991821
YLR059C,YHL017W,0,-3.8511922,0.0976053774356842,0.991465151309967,0.916642963886261
YER074W-A,YLR007W,0,-3.8513365,0.09759171307086945,0.991465151309967,0.9167851805686951
YGR101W,YKL062W,0,-3.8545735,0.09757804870605469,0.991465151309967,0.9169274568557739
YBR221C,YDR322C-A,0,-3.8638372,0.09756439179182053,0.991465151309967,0.917069673538208
YGL039W,YOR153W,0,-3.8661945,0.09755073487758636,0.991465151309967,0.9172119498252869
YLR223C,YNR037C,0,-3.8756819,0.0975370854139328,0.991465151309967,0.917354166507721
YKR060W,YJR050W,0,-3.8757262,0.09752343595027924,0.991465151309967,0.9174964427947998
YMR004W,YLR292C,0,-3.878644,0.09750979393720627,0.991465151309967,0.9176387190818787
YHL033C,YOL072W,0,-3.8790045,0.0974961519241333,0.991465151309967,0.9177809357643127
YBR041W,YGL213C,0,-3.879378,0.09748251736164093,0.991465151309967,0.9179232120513916
YGR286C,YPR120C,0,-3.8798823,0.09746888279914856,0.991465151309967,0.9180654287338257
YDL160C,YBR164C,0,-3.8798904,0.09745525568723679,0.991465151309967,0.9182077050209045
YIL101C,YHR160C,0,-3.879932,0.09744163602590561,0.991465151309967,0.9183499217033386
YBR189W,YDR221W,0,-3.8858714,0.09742800891399384,0.991465151309967,0.9184921979904175
YBR030W,YDR017C,0,-3.8862584,0.09741439670324326,0.991465151309967,0.9186344146728516
YLR446W,YDR228C,0,-3.889596,0.09740078449249268,0.991465151309967,0.9187766909599304
YML054C,YIL009C-A,0,-3.893692,0.0973871722817421,0.991465151309967,0.9189189076423645
YER048W-A,YIL016W,0,-3.8953862,0.09737356752157211,0.991465151309967,0.9190611839294434
YJL099W,YOL069W,0,-3.895526,0.09735996276140213,0.991465151309967,0.9192034006118774
YGR279C,YJR077C,0,-3.8963199,0.09734636545181274,0.991465151309967,0.9193456768989563
YDR452W,YOL055C,0,-3.8981354,0.09733277559280396,0.991465151309967,0.9194878935813904
YDR100W,YBL091C,0,-3.9036388,0.09731918573379517,0.991465151309967,0.9196301698684692
YDL069C,YKL056C,0,-3.905991,0.09730559587478638,0.991465151309967,0.9197723865509033
YDR317W,YGR087C,0,-3.9085014,0.09729201346635818,0.991465151309967,0.9199146628379822
YBL009W,YGR023W,0,-3.9127443,0.09727843850851059,0.991465151309967,0.9200568795204163
YJL012C,YOR057W,0,-3.9141784,0.097264863550663,0.991465151309967,0.9201991558074951
YOR100C,YLR178C,0,-3.9263866,0.0972512885928154,0.991465151309967,0.9203413724899292
YMR211W,YBL004W,0,-3.926681,0.0972377210855484,0.991465151309967,0.9204836487770081
YKL051W,YJL208C,0,-3.9279568,0.097224161028862,0.991465151309967,0.9206258654594421
YNL111C,YBL100W-B,0,-3.930704,0.0972106009721756,0.991465151309967,0.920768141746521
YDR314C,YMR183C,0,-3.932355,0.0971970409154892,0.991465151309967,0.9209103584289551
YHL035C,YBR211C,0,-3.934616,0.09718348830938339,0.991465151309967,0.9210526347160339
YHL033C,YKL011C,0,-3.9385839,0.09716994315385818,0.991465151309967,0.921194851398468
YDR500C,YPL141C,0,-3.9506607,0.09715639799833298,0.991465151309967,0.9213371276855469
YCR071C,YGR194C,0,-3.9544735,0.09714286029338837,0.991465151309967,0.921479344367981
YNL056W,YLR052W,0,-3.9560802,0.09712932258844376,0.991465151309967,0.9216216206550598
YML123C,YFR041C,0,-3.9591198,0.09711578488349915,0.991465151309967,0.9217638969421387
YPR029C,YHR116W,0,-3.9606552,0.09710225462913513,0.991465151309967,0.9219061136245728
YJR118C,YJL036W,0,-3.9628754,0.09708873182535172,0.991465151309967,0.9220483899116516
YPL010W,YNL186W,0,-3.962966,0.0970752090215683,0.991465151309967,0.9221906065940857
YNR041C,YPL227C,0,-3.9665148,0.09706169366836548,0.991465151309967,0.9223328828811646
YNL212W,YBL057C,0,-3.967693,0.09704817831516266,0.991465151309967,0.9224750995635986
YNL161W,YJL094C,0,-3.9746037,0.09703466296195984,0.991465151309967,0.9226173758506775
YER016W,YDR251W,0,-3.9814668,0.09702115505933762,0.991465151309967,0.9227595925331116
YML064C,YPR034W,0,-3.9868653,0.09700765460729599,0.991465151309967,0.9229018688201904
YGL178W,YPR185W,0,-3.995215,0.09699415415525436,0.991465151309967,0.9230440855026245
YLR418C,YDL229W,0,-4.001553,0.09698066115379333,0.991465151309967,0.9231863617897034
YML012W,YCL044C,0,-4.0018916,0.0969671681523323,0.991465151309967,0.9233285784721375
YIR022W,YPL124W,0,-4.0056896,0.09695368260145187,0.991465151309967,0.9234708547592163
YNL293W,YJR108W,0,-4.0096264,0.09694019705057144,0.991465151309967,0.9236130714416504
YMR153W,YML078W,0,-4.0121183,0.09692671149969101,0.991465151309967,0.9237553477287292
YOL126C,YOL095C,0,-4.013054,0.09691323339939117,0.991465151309967,0.9238975644111633
YDR247W,YLR176C,0,-4.019579,0.09689976274967194,0.991465151309967,0.9240398406982422
YDR018C,YLR239C,0,-4.0239005,0.0968862920999527,0.991465151309967,0.9241820573806763
YLR239C,YML092C,0,-4.029793,0.09687282890081406,0.991465151309967,0.9243243336677551
YMR233W,YDL194W,0,-4.030993,0.09685936570167542,0.991465151309967,0.9244665503501892
YBR131W,YLR336C,0,-4.0317583,0.09684590995311737,0.991465151309967,0.9246088266372681
YPL262W,YNL294C,0,-4.035775,0.09683245420455933,0.991465151309967,0.9247510433197021
YOR157C,YBR056W,0,-4.0403895,0.09681900590658188,0.991465151309967,0.924893319606781
YOR016C,YDL030W,0,-4.0435824,0.09680555760860443,0.991465151309967,0.9250355362892151
YGR138C,YHL036W,0,-4.043921,0.09679210931062698,0.991465151309967,0.925177812576294
YDR022C,YGL139W,0,-4.046218,0.09677867591381073,0.991465151309967,0.925320029258728
YCR066W,YMR076C,0,-4.049409,0.09676523506641388,0.991465151309967,0.9254623055458069
YBL076C,YKL194C,1,-4.069932,0.09689061343669891,0.9928876161575317,0.9254623055458069
YMR163C,YML113W,0,-4.0702953,0.09687716513872147,0.9928876161575317,0.925604522228241
YIL068C,YDR483W,0,-4.073797,0.09686372429132462,0.9928876161575317,0.9257467985153198
YIL090W,YKL077W,0,-4.0744295,0.09685028344392776,0.9928876161575317,0.9258890748023987
YHR170W,YIL096C,0,-4.074602,0.09683685004711151,0.9928876161575317,0.9260312914848328
YEL011W,YDR468C,0,-4.075287,0.09682341665029526,0.9928876161575317,0.9261735677719116
YDR425W,YGL078C,0,-4.076042,0.096809983253479,0.9928876161575317,0.9263157844543457
YPR178W,YLR061W,0,-4.0790668,0.09679655730724335,0.9928876161575317,0.9264580607414246
YOR150W,YPR065W,0,-4.0815954,0.09678313881158829,0.9928876161575317,0.9266002774238586
YBR295W,YLR148W,0,-4.085289,0.09676972031593323,0.9928876161575317,0.9267425537109375
YDR381W,YPR017C,0,-4.0867066,0.09675630927085876,0.9928876161575317,0.9268847703933716
YOR343W-A,YKL196C,0,-4.0903077,0.0967428982257843,0.9928876161575317,0.9270270466804504
YML013W,YER096W,0,-4.095672,0.09672948718070984,0.9928876161575317,0.9271692633628845
YGL105W,YBL076C,1,-4.098896,0.09685464948415756,0.9943100810050964,0.9271692633628845
YPL215W,YKR099C-A,0,-4.098992,0.0968412309885025,0.9943100810050964,0.9273115396499634
YNL229C,YOL077C,0,-4.0991645,0.09682781249284744,0.9943100810050964,0.9274537563323975
YLR388W,YBR102C,0,-4.1010036,0.09681440144777298,0.9943100810050964,0.9275960326194763
YKR079C,YER018C,0,-4.105749,0.09680099785327911,0.9943100810050964,0.9277382493019104
YOR329C,YHR043C,0,-4.108642,0.09678759425878525,0.9943100810050964,0.9278805255889893
YER004W,YPL172C,0,-4.108937,0.09677419066429138,0.9943100810050964,0.9280227422714233
YOR069W,YGR013W,0,-4.1110034,0.09676079452037811,0.9943100810050964,0.9281650185585022
YML066C,YGR240C,0,-4.114434,0.09674740582704544,0.9943100810050964,0.9283072352409363
YBR215W,YLR150W,0,-4.114847,0.09673401713371277,0.9943100810050964,0.9284495115280151
YLR413W,YPL117C,0,-4.1189036,0.0967206284403801,0.9943100810050964,0.9285917282104492
YIL015W,YHR146W,0,-4.1255403,0.09670724719762802,0.9943100810050964,0.9287340044975281
YLR239C,YOL154W,0,-4.127009,0.09669387340545654,0.9943100810050964,0.9288762211799622
YPL069C,YIL154C,0,-4.128984,0.09668049961328506,0.9943100810050964,0.929018497467041
YER102W,YGL142C,0,-4.1308064,0.09666712582111359,0.9943100810050964,0.9291607141494751
YOR002W,YOR078W,0,-4.133414,0.0966537594795227,0.9943100810050964,0.929302990436554
YMR166C,YJL018W,0,-4.1339216,0.09664040058851242,0.9943100810050964,0.929445207118988
YML085C,YDR036C,0,-4.140472,0.09662704169750214,0.9943100810050964,0.9295874834060669
YLR178C,YNL164C,0,-4.1444016,0.09661368280649185,0.9943100810050964,0.929729700088501
YPR199C,YOR334W,0,-4.14544,0.09660033136606216,0.9943100810050964,0.9298719763755798
YBL071W-A,YPR019W,0,-4.149823,0.09658697992563248,0.9943100810050964,0.9300142526626587
YGR088W,YBL066C,0,-4.1509824,0.09657363593578339,0.9943100810050964,0.9301564693450928
YPL174C,YDL195W,0,-4.1510334,0.09656029939651489,0.9943100810050964,0.9302987456321716
YGL049C,YGL175C,0,-4.152961,0.0965469628572464,0.9943100810050964,0.9304409623146057
YKR029C,YMR311C,0,-4.156947,0.0965336263179779,0.9943100810050964,0.9305832386016846
YDL085W,YOR005C,0,-4.1624618,0.09652029722929001,0.9943100810050964,0.9307254552841187
YGL048C,YGL195W,0,-4.1628017,0.09650697559118271,0.9943100810050964,0.9308677315711975
YKL091C,YPR112C,0,-4.1648808,0.09649364650249481,0.9943100810050964,0.9310099482536316
YDR224C,YPR155C,0,-4.1717396,0.09648033231496811,0.9943100810050964,0.9311522245407104
YPL060C-A,YML126C,0,-4.1770334,0.0964670181274414,0.9943100810050964,0.9312944412231445
YDR294C,YDR276C,0,-4.1778374,0.0964537039399147,0.9943100810050964,0.9314367175102234
YML095C,YLR324W,0,-4.1894712,0.0964403972029686,0.9943100810050964,0.9315789341926575
YNL133C,YCL012W,0,-4.190294,0.09642709046602249,0.9943100810050964,0.9317212104797363
YKL212W,YGL222C,0,-4.190445,0.09641379117965698,0.9943100810050964,0.9318634271621704
YGL006W,YOR391C,0,-4.1915684,0.09640049934387207,0.9943100810050964,0.9320057034492493
YGL111W,YBL066C,0,-4.195665,0.09638720005750656,0.9943100810050964,0.9321479201316833
YDL012C,YDR487C,0,-4.196142,0.09637391567230225,0.9943100810050964,0.9322901964187622
YHR158C,YER094C,0,-4.199361,0.09636063128709793,0.9943100810050964,0.9324324131011963
YIL117C,YOR202W,0,-4.2003174,0.09634734690189362,0.9943100810050964,0.9325746893882751
YDR210W-A,YMR130W,0,-4.2030287,0.0963340699672699,0.9943100810050964,0.9327169060707092
YDR016C,YIR037W,0,-4.2046294,0.09632079303264618,0.9943100810050964,0.9328591823577881
YCL062W,YLR292C,0,-4.209259,0.09630752354860306,0.9943100810050964,0.9330013990402222
YAL047C,YDL058W,0,-4.2145433,0.09629425406455994,0.9943100810050964,0.933143675327301
YDL129W,YDL038C,0,-4.21513,0.09628099203109741,0.9943100810050964,0.9332858920097351
YBR298C,YLR014C,0,-4.2231193,0.09626772999763489,0.9943100810050964,0.933428168296814
YKL081W,YHR116W,0,-4.2242246,0.09625447541475296,0.9943100810050964,0.933570384979248
YDR439W,YIL034C,0,-4.2334313,0.09624122083187103,0.9943100810050964,0.9337126612663269
YLR142W,YEL009C,0,-4.2498193,0.0962279736995697,0.9943100810050964,0.933854877948761
YPL148C,YNL315C,0,-4.250461,0.09621472656726837,0.9943100810050964,0.9339971542358398
YGR191W,YIL075C,0,-4.2621756,0.09620148688554764,0.9943100810050964,0.9341394305229187
YHR016C,YHR111W,0,-4.2667465,0.0961882472038269,0.9943100810050964,0.9342816472053528
YDR529C,YOR035C,0,-4.2683134,0.09617501497268677,0.9943100810050964,0.9344239234924316
YIL145C,YNL185C,0,-4.2710834,0.09616178274154663,0.9943100810050964,0.9345661401748657
YJL210W,YDL117W,0,-4.2716675,0.09614855796098709,0.9943100810050964,0.9347084164619446
YGR044C,YKL179C,0,-4.275351,0.09613533318042755,0.9943100810050964,0.9348506331443787
YCR028C,YHR154W,0,-4.2774105,0.09612211585044861,0.9943100810050964,0.9349929094314575
YJR056C,YLR460C,0,-4.2863803,0.09610889852046967,0.9943100810050964,0.9351351261138916
YHR013C,YDL044C,0,-4.2954173,0.09609568119049072,0.9943100810050964,0.9352774024009705
YGL141W,YJR109C,0,-4.2985106,0.09608247131109238,0.9943100810050964,0.9354196190834045
YPR106W,YDL052C,0,-4.2989287,0.09606926888227463,0.9943100810050964,0.9355618953704834
YBR258C,YGL181W,0,-4.300274,0.09605606645345688,0.9943100810050964,0.9357041120529175
YOR367W,YCL062W,0,-4.3013287,0.09604287147521973,0.9943100810050964,0.9358463883399963
YBR003W,YMR288W,0,-4.3038573,0.09602967649698257,0.9943100810050964,0.9359886050224304
YNL031C,YKL156W,0,-4.3039064,0.09601648151874542,0.9943100810050964,0.9361308813095093
YBR130C,YOR081C,0,-4.306427,0.09600329399108887,0.9943100810050964,0.9362730979919434
YDL156W,YLR286C,0,-4.3105493,0.09599011391401291,0.9943100810050964,0.9364153742790222
YDR038C,YBR301W,0,-4.319233,0.09597693383693695,0.9943100810050964,0.9365575909614563
YDL168W,YDR330W,0,-4.326092,0.09596375375986099,0.9943100810050964,0.9366998672485352
YOL012C,YJL145W,0,-4.3300614,0.09595058113336563,0.9943100810050964,0.9368420839309692
YBR035C,YPL118W,0,-4.3316255,0.09593741595745087,0.9943100810050964,0.9369843602180481
YER056C-A,YPL145C,0,-4.342524,0.0959242507815361,0.9943100810050964,0.9371265769004822
YMR257C,YLR074C,0,-4.34517,0.09591108560562134,0.9943100810050964,0.937268853187561
YIL154C,YBR254C,0,-4.3510046,0.09589792788028717,0.9943100810050964,0.9374110698699951
YLR262C,YLR014C,0,-4.355984,0.095884770154953,0.9943100810050964,0.937553346157074
YOR065W,YKL027W,0,-4.3620777,0.09587161988019943,0.9943100810050964,0.9376955628395081
YKL150W,YGL257C,0,-4.375242,0.09585847705602646,0.9943100810050964,0.9378378391265869
YOL100W,YLR032W,0,-4.376311,0.09584533423185349,0.9943100810050964,0.937980055809021
YPL106C,YNR071C,0,-4.3805943,0.09583219140768051,0.9943100810050964,0.9381223320960999
YBR023C,YNL268W,0,-4.3821063,0.09581905603408813,0.9943100810050964,0.9382646083831787
YHR196W,YNL086W,0,-4.3849216,0.09580592066049576,0.9943100810050964,0.9384068250656128
YLR110C,YFR055W,0,-4.3887696,0.09579279273748398,0.9943100810050964,0.9385491013526917
YML075C,YLR431C,0,-4.390732,0.0957796648144722,0.9943100810050964,0.9386913180351257
YDR465C,YLR398C,0,-4.40024,0.09576654434204102,0.9943100810050964,0.9388335943222046
YGR207C,YNL321W,0,-4.402989,0.09575342386960983,0.9943100810050964,0.9389758110046387
YLR352W,YER007W,0,-4.4120073,0.09574031084775925,0.9943100810050964,0.9391180872917175
YPL138C,YLR357W,0,-4.415514,0.09572719782590866,0.9943100810050964,0.9392603039741516
YJR153W,YDL207W,0,-4.417345,0.09571409225463867,0.9943100810050964,0.9394025802612305
YOR026W,YDL093W,0,-4.4189115,0.09570098668336868,0.9943100810050964,0.9395447969436646
YER131W,YKR048C,0,-4.4273267,0.09568788856267929,0.9943100810050964,0.9396870732307434
YOR004W,YHR108W,0,-4.4324875,0.0956747904419899,0.9943100810050964,0.9398292899131775
YDL006W,YMR006C,0,-4.4331446,0.0956616923213005,0.9943100810050964,0.9399715662002563
YGR035C,YML096W,0,-4.4332056,0.09564860165119171,0.9943100810050964,0.9401137828826904
YIL067C,YML070W,0,-4.4353824,0.09563551843166351,0.9943100810050964,0.9402560591697693
YLR194C,YPL162C,0,-4.4436812,0.09562243521213531,0.9943100810050964,0.9403982758522034
YBR038W,YNL048W,0,-4.4475765,0.09560935944318771,0.9943100810050964,0.9405405521392822
YPL124W,YML120C,0,-4.4598045,0.09559628367424011,0.9943100810050964,0.9406827688217163
YEL034W,YNL097C,0,-4.46066,0.09558320790529251,0.9943100810050964,0.9408250451087952
YMR192W,YLR035C-A,0,-4.460702,0.0955701395869255,0.9943100810050964,0.9409672617912292
YFR053C,YJL159W,0,-4.4634295,0.0955570712685585,0.9943100810050964,0.9411095380783081
YAL042W,YML033W,0,-4.4637504,0.0955440104007721,0.9943100810050964,0.9412517547607422
YBL076C,YGR185C,1,-4.4805937,0.09566762298345566,0.9957325458526611,0.9412517547607422
YCR003W,YHL001W,0,-4.483194,0.09565454721450806,0.9957325458526611,0.941394031047821
YDR531W,YMR277W,0,-4.4873505,0.09564147889614105,0.9957325458526611,0.9415362477302551
YMR268C,YJL010C,0,-4.489255,0.09562841802835464,0.9957325458526611,0.941678524017334
YPL018W,YMR094W,0,-4.4916716,0.09561534970998764,0.9957325458526611,0.9418207406997681
YOR124C,YKL035W,0,-4.492358,0.09560229629278183,0.9957325458526611,0.9419630169868469
YKR059W,YDR322C-A,0,-4.497411,0.09558924287557602,0.9957325458526611,0.942105233669281
YDR538W,YBR041W,0,-4.5049167,0.09557618945837021,0.9957325458526611,0.9422475099563599
YBR055C,YDR294C,0,-4.5097837,0.095563143491745,0.9957325458526611,0.9423897862434387
YGR284C,YDR077W,0,-4.5147085,0.09555009752511978,0.9957325458526611,0.9425320029258728
YFR024C,YKR013W,0,-4.5180774,0.09553705155849457,0.9957325458526611,0.9426742792129517
YML116W,YER069W,0,-4.51958,0.09552402049303055,0.9957325458526611,0.9428164958953857
YPR073C,YNL220W,0,-4.5214148,0.09551098197698593,0.9957325458526611,0.9429587721824646
YCR016W,YBR236C,0,-4.5544896,0.09549795091152191,0.9957325458526611,0.9431009888648987
YLR371W,YGR191W,0,-4.5615435,0.09548492729663849,0.9957325458526611,0.9432432651519775
YML009C,YGL187C,0,-4.56299,0.09547190368175507,0.9957325458526611,0.9433854818344116
YLR154C,YLR178C,0,-4.5670652,0.09545888751745224,0.9957325458526611,0.9435277581214905
YDL014W,YPR178W,0,-4.5670652,0.09544587135314941,0.9957325458526611,0.9436699748039246
YDR264C,YOR092W,0,-4.5727143,0.09543285518884659,0.9957325458526611,0.9438122510910034
YDL110C,YPR022C,0,-4.574584,0.09541984647512436,0.9957325458526611,0.9439544677734375
YLR431C,YPL009C,0,-4.5795374,0.09540684521198273,0.9957325458526611,0.9440967440605164
YLR227W-A,YPL172C,0,-4.5851717,0.0953938439488411,0.9957325458526611,0.9442389607429504
YNL021W,YGL139W,0,-4.5862007,0.09538084268569946,0.9957325458526611,0.9443812370300293
YDL020C,YPL221W,0,-4.590389,0.09536784887313843,0.9957325458526611,0.9445234537124634
YLR223C,YNL218W,0,-4.5909176,0.09535485506057739,0.9957325458526611,0.9446657299995422
YML045W,YOL096C,0,-4.5939255,0.09534186869859695,0.9957325458526611,0.9448079466819763
YHR191C,YDL211C,0,-4.5986385,0.09532888233661652,0.9957325458526611,0.9449502229690552
YKR001C,YFR032C-A,0,-4.5993795,0.09531590342521667,0.9957325458526611,0.9450924396514893
YGL006W,YOR091W,0,-4.5994596,0.09530292451381683,0.9957325458526611,0.9452347159385681
YPL001W,YDL213C,0,-4.603188,0.09528995305299759,0.9957325458526611,0.9453769326210022
YLR060W,YBL076C,1,-4.604404,0.09541309624910355,0.9971550703048706,0.9453769326210022
YOR158W,YNL220W,0,-4.60875,0.09540010988712311,0.9971550703048706,0.945519208908081
YCL039W,YML120C,0,-4.6167345,0.09538713097572327,0.9971550703048706,0.9456614255905151
YNR048W,YHR197W,0,-4.6224203,0.09537415206432343,0.9971550703048706,0.945803701877594
YDL003W,YJL106W,0,-4.6236134,0.09536117315292358,0.9971550703048706,0.9459459185600281
YLR357W,YHR216W,0,-4.623871,0.09534820169210434,0.9971550703048706,0.9460881948471069
YOL126C,YNL224C,0,-4.624742,0.09533523768186569,0.9971550703048706,0.946230411529541
YBR104W,YGL115W,0,-4.633297,0.09532227367162704,0.9971550703048706,0.9463726878166199
YGR191W,YNL054W-A,0,-4.6338882,0.095309317111969,0.9971550703048706,0.9465149641036987
YDR540C,YER020W,0,-4.638835,0.09529635310173035,0.9971550703048706,0.9466571807861328
YER174C,YPL202C,0,-4.6587114,0.0952834039926529,0.9971550703048706,0.9467994570732117
YNL275W,YBR181C,0,-4.6653914,0.09527045488357544,0.9971550703048706,0.9469416737556458
YKR099C-A,YDR326C,0,-4.671977,0.09525750577449799,0.9971550703048706,0.9470839500427246
YPR105C,YJL216C,0,-4.676011,0.09524456411600113,0.9971550703048706,0.9472261667251587
YMR041C,YBR016W,0,-4.6789446,0.09523162245750427,0.9971550703048706,0.9473684430122375
YHR072W-A,YOL072W,0,-4.679392,0.09521868824958801,0.9971550703048706,0.9475106596946716
YLR410W,YNL244C,0,-4.688317,0.09520576149225235,0.9971550703048706,0.9476529359817505
YBL076C,YGR264C,1,-4.6899395,0.09532862901687622,0.9985775351524353,0.9476529359817505
YMR113W,YOR032C,0,-4.7003765,0.09531567990779877,0.9985775351524353,0.9477951526641846
YDL129W,YGR074W,0,-4.7112737,0.09530274569988251,0.9985775351524353,0.9479374289512634
YDR086C,YBL102W,0,-4.718923,0.09528980404138565,0.9985775351524353,0.9480796456336975
YOR347C,YKL173W,0,-4.7292023,0.09527686983346939,0.9985775351524353,0.9482219219207764
YIL147C,YHR104W,0,-4.7311473,0.09526394307613373,0.9985775351524353,0.9483641386032104
YGR076C,YDL146W,0,-4.7313185,0.09525101631879807,0.9985775351524353,0.9485064148902893
YPR008W,YDR358W,0,-4.7313495,0.095238097012043,0.9985775351524353,0.9486486315727234
YLR381W,YOR367W,0,-4.7365475,0.09522517770528793,0.9985775351524353,0.9487909078598022
YHR107C,YLR143W,0,-4.741392,0.09521225839853287,0.9985775351524353,0.9489331245422363
YAR007C,YNL054W,0,-4.7478848,0.0951993465423584,0.9985775351524353,0.9490754008293152
YDL165W,YNR019W,0,-4.7482014,0.09518644213676453,0.9985775351524353,0.9492176175117493
YLR259C,YOR173W,0,-4.7496853,0.09517353773117065,0.9985775351524353,0.9493598937988281
YNL035C,YGL043W,0,-4.75348,0.09516063332557678,0.9985775351524353,0.9495021104812622
YDL230W,YKL163W,0,-4.7572002,0.09514773637056351,0.9985775351524353,0.9496443867683411
YNL036W,YLR377C,0,-4.772537,0.09513483941555023,0.9985775351524353,0.9497866034507751
YPR201W,YFR015C,0,-4.7776756,0.09512194991111755,0.9985775351524353,0.949928879737854
YDR387C,YGL251C,0,-4.7783422,0.09510906040668488,0.9985775351524353,0.9500710964202881
YNL133C,YFR055W,0,-4.794017,0.0950961783528328,0.9985775351524353,0.9502133727073669
YGR138C,YDR156W,0,-4.795927,0.09508329629898071,0.9985775351524353,0.950355589389801
YFR053C,YDR354W,0,-4.8046427,0.09507042169570923,0.9985775351524353,0.9504978656768799
YPL101W,YHR072W,0,-4.806135,0.09505754709243774,0.9985775351524353,0.9506401419639587
YBR019C,YKL024C,0,-4.8107405,0.09504467993974686,0.9985775351524353,0.9507823586463928
YPL241C,YJL183W,0,-4.812,0.09503181278705597,0.9985775351524353,0.9509246349334717
YPR075C,YLR435W,0,-4.820777,0.09501895308494568,0.9985775351524353,0.9510668516159058
YPL249C,YMR055C,0,-4.8300757,0.09500609338283539,0.9985775351524353,0.9512091279029846
YGL232W,YDR239C,0,-4.8327446,0.0949932336807251,0.9985775351524353,0.9513513445854187
YIL033C,YFR040W,0,-4.835037,0.0949803814291954,0.9985775351524353,0.9514936208724976
YML094W,YHR080C,0,-4.847307,0.09496752917766571,0.9985775351524353,0.9516358375549316
YLR297W,YNL252C,0,-4.851658,0.09495468437671661,0.9985775351524353,0.9517781138420105
YGR133W,YJR060W,0,-4.8583803,0.09494184702634811,0.9985775351524353,0.9519203305244446
YJL136C,YPL030W,0,-4.859169,0.09492900967597961,0.9985775351524353,0.9520626068115234
YLR424W,YKL137W,0,-4.8603983,0.09491617232561111,0.9985775351524353,0.9522048234939575
YNL148C,YBR198C,0,-4.865683,0.09490334242582321,0.9985775351524353,0.9523470997810364
YBR008C,YCR020C,0,-4.8685803,0.09489051252603531,0.9985775351524353,0.9524893164634705
YOL119C,YML076C,0,-4.871932,0.0948776826262474,0.9985775351524353,0.9526315927505493
YBR208C,YGR062C,0,-4.8740625,0.0948648676276207,0.9985775351524353,0.9527738094329834
YKL156W,YOL055C,0,-4.875527,0.09485204517841339,0.9985775351524353,0.9529160857200623
YPR104C,YLR106C,0,-4.8794785,0.09483923017978668,0.9985775351524353,0.9530583024024963
YDR002W,YPL175W,0,-4.8826613,0.09482642263174057,0.9985775351524353,0.9532005786895752
YMR017W,YHR006W,0,-4.887796,0.09481361508369446,0.9985775351524353,0.9533427953720093
YKR085C,YBR030W,0,-4.8933663,0.09480080753564835,0.9985775351524353,0.9534850716590881
YBL005W-A,YDL195W,0,-4.8997927,0.09478800743818283,0.9985775351524353,0.9536272883415222
YAL021C,YNL312W,0,-4.9073954,0.09477521479129791,0.9985775351524353,0.9537695646286011
YBL080C,YNL220W,0,-4.925007,0.094762422144413,0.9985775351524353,0.9539117813110352
YFR006W,YNL161W,0,-4.926585,0.09474962949752808,0.9985775351524353,0.954054057598114
YIL082W-A,YML116W,0,-4.9301977,0.09473684430122375,0.9985775351524353,0.9541962742805481
YKR058W,YCR069W,0,-4.942115,0.09472405910491943,0.9985775351524353,0.954338550567627
YER129W,YJL157C,0,-4.9421167,0.09471128135919571,0.9985775351524353,0.954480767250061
YCR070W,YER149C,0,-4.9552455,0.09469850361347198,0.9985775351524353,0.9546230435371399
YOR367W,YOR060C,0,-4.957504,0.09468573331832886,0.9985775351524353,0.9547653198242188
YPR118W,YKL069W,0,-4.965462,0.09467296302318573,0.9985775351524353,0.9549075365066528
YOL042W,YOL018C,0,-4.965982,0.0946601927280426,0.9985775351524353,0.9550498127937317
YDR506C,YGL012W,0,-4.9698367,0.09464742988348007,0.9985775351524353,0.9551920294761658
YMR225C,YJR145C,0,-4.9710903,0.09463467448949814,0.9985775351524353,0.9553343057632446
YGR271C-A,YDR210W-D,0,-4.9743605,0.0946219190955162,0.9985775351524353,0.9554765224456787
YGL147C,YDL204W,0,-4.9796805,0.09460916370153427,0.9985775351524353,0.9556187987327576
YNL041C,YOR315W,0,-4.9806013,0.09459641575813293,0.9985775351524353,0.9557610154151917
YIL004C,YIL073C,0,-4.9840794,0.0945836678147316,0.9985775351524353,0.9559032917022705
YHR035W,YBR162C,0,-4.9889736,0.09457092732191086,0.9985775351524353,0.9560455083847046
YGR186W,YNL087W,0,-4.998369,0.09455818682909012,0.9985775351524353,0.9561877846717834
YBR028C,YBR106W,0,-5.0035095,0.09454545378684998,0.9985775351524353,0.9563300013542175
YDL207W,YDL003W,0,-5.0075574,0.09453272074460983,0.9985775351524353,0.9564722776412964
YML067C,YKL077W,0,-5.0096207,0.09451999515295029,0.9985775351524353,0.9566144943237305
YKL052C,YKL028W,0,-5.0152655,0.09450726956129074,0.9985775351524353,0.9567567706108093
YPL153C,YKL091C,0,-5.0153275,0.09449455142021179,0.9985775351524353,0.9568989872932434
YER161C,YHR160C,0,-5.018075,0.09448183327913284,0.9985775351524353,0.9570412635803223
YNL021W,YKL024C,0,-5.022815,0.0944691151380539,0.9985775351524353,0.9571834802627563
YMR036C,YPL232W,0,-5.024158,0.09445640444755554,0.9985775351524353,0.9573257565498352
YPL029W,YPL235W,0,-5.029353,0.09444369375705719,0.9985775351524353,0.9574679732322693
YIR004W,YPR063C,0,-5.0357428,0.09443099051713943,0.9985775351524353,0.9576102495193481
YAL014C,YBR070C,0,-5.0667977,0.09441829472780228,0.9985775351524353,0.9577524662017822
YPL024W,YKL120W,0,-5.0896683,0.09440559148788452,0.9985775351524353,0.9578947424888611
YLR126C,YOR339C,0,-5.0930414,0.09439290314912796,0.9985775351524353,0.9580369591712952
YLR337W,YOR046C,0,-5.1029415,0.0943802073597908,0.9985775351524353,0.958179235458374
YDL214C,YIL129C,0,-5.103992,0.09436751902103424,0.9985775351524353,0.9583214521408081
YOR210W,YMR142C,0,-5.1258574,0.09435483813285828,0.9985775351524353,0.958463728427887
YOR284W,YOR027W,0,-5.132578,0.09434215724468231,0.9985775351524353,0.958605945110321
YPR023C,YNL041C,0,-5.146081,0.09432948380708694,0.9985775351524353,0.9587482213973999
YEL011W,YKL157W,0,-5.163951,0.09431681036949158,0.9985775351524353,0.9588904976844788
YNL148C,YDR040C,0,-5.1669827,0.09430413693189621,0.9985775351524353,0.9590327143669128
YKR094C,YDL008W,0,-5.183707,0.09429147094488144,0.9985775351524353,0.9591749906539917
YNL167C,YFL008W,0,-5.196028,0.09427880495786667,0.9985775351524353,0.9593172073364258
YLR051C,YLR045C,0,-5.1977124,0.0942661464214325,0.9985775351524353,0.9594594836235046
YGL198W,YIL049W,0,-5.200629,0.09425348788499832,0.9985775351524353,0.9596017003059387
YNL069C,YDR017C,0,-5.202874,0.09424083679914474,0.9985775351524353,0.9597439765930176
YDR111C,YLR248W,0,-5.20563,0.09422818571329117,0.9985775351524353,0.9598861932754517
YBR244W,YOR132W,0,-5.2091784,0.09421554207801819,0.9985775351524353,0.9600284695625305
YBL051C,YJL164C,0,-5.211569,0.09420289844274521,0.9985775351524353,0.9601706862449646
YGL223C,YLR287C-A,0,-5.2133117,0.09419026225805283,0.9985775351524353,0.9603129625320435
YKL039W,YOR321W,0,-5.2158937,0.09417762607336044,0.9985775351524353,0.9604551792144775
YGL195W,YDL149W,0,-5.2167172,0.09416498988866806,0.9985775351524353,0.9605974555015564
YML130C,YLR003C,0,-5.21856,0.09415236115455627,0.9985775351524353,0.9607396721839905
YHR194W,YKL060C,0,-5.2351303,0.09413973242044449,0.9985775351524353,0.9608819484710693
YOR173W,YNL292W,0,-5.236992,0.0941271111369133,0.9985775351524353,0.9610241651535034
YPL126W,YOR118W,0,-5.2392745,0.09411448985338211,0.9985775351524353,0.9611664414405823
YCL033C,YJR160C,0,-5.2495117,0.09410187602043152,0.9985775351524353,0.9613086581230164
YKR014C,YDR316W,0,-5.25209,0.09408926218748093,0.9985775351524353,0.9614509344100952
YER166W,YLL001W,0,-5.256257,0.09407665580511093,0.9985775351524353,0.9615931510925293
YLR154C,YPL084W,0,-5.277576,0.09406404942274094,0.9985775351524353,0.9617354273796082
YKR099C-A,YDR258C,0,-5.2784634,0.09405145049095154,0.9985775351524353,0.9618776440620422
YDR372C,YJL174W,0,-5.286744,0.09403885155916214,0.9985775351524353,0.9620199203491211
YPR008W,YGL222C,0,-5.290105,0.09402625262737274,0.9985775351524353,0.9621621370315552
YER071C,YER166W,0,-5.295723,0.09401366114616394,0.9985775351524353,0.962304413318634
YOR130C,YGL258W-A,0,-5.2990828,0.09400106966495514,0.9985775351524353,0.9624466300010681
YBR158W,YLR121C,0,-5.306891,0.09398848563432693,0.9985775351524353,0.962588906288147
YOR371C,YML114C,0,-5.307027,0.09397590160369873,0.9985775351524353,0.962731122970581
YFR025C,YAR014C,0,-5.308639,0.09396332502365112,0.9985775351524353,0.9628733992576599
YGL087C,YFR024C,0,-5.318884,0.09395074844360352,0.9985775351524353,0.9630156755447388
YMR026C,YBL040C,0,-5.33062,0.0939381793141365,0.9985775351524353,0.9631578922271729
YHR027C,YLR200W,0,-5.3307276,0.0939256101846695,0.9985775351524353,0.9633001685142517
YIL160C,YCL062W,0,-5.3348,0.09391304105520248,0.9985775351524353,0.9634423851966858
YIL147C,YDR110W,0,-5.3348603,0.09390047937631607,0.9985775351524353,0.9635846614837646
YCR081W,YLR313C,0,-5.3355813,0.09388792514801025,0.9985775351524353,0.9637268781661987
YJL177W,YDR291W,0,-5.338772,0.09387537091970444,0.9985775351524353,0.9638691544532776
YER143W,YPL143W,0,-5.357072,0.09386281669139862,0.9985775351524353,0.9640113711357117
YDR165W,YPR065W,0,-5.403968,0.0938502699136734,0.9985775351524353,0.9641536474227905
YFL003C,YPL023C,0,-5.410227,0.09383772313594818,0.9985775351524353,0.9642958641052246
YGR101W,YPR071W,0,-5.418771,0.09382518380880356,0.9985775351524353,0.9644381403923035
YNL272C,YMR323W,0,-5.4223022,0.09381264448165894,0.9985775351524353,0.9645803570747375
YML133C,YMR150C,0,-5.438196,0.09380010515451431,0.9985775351524353,0.9647226333618164
YJL091C,YGL156W,0,-5.4407806,0.09378757327795029,0.9985775351524353,0.9648648500442505
YFL003C,YOL137W,0,-5.447207,0.09377504885196686,0.9985775351524353,0.9650071263313293
YDL156W,YER113C,0,-5.4499283,0.09376252442598343,0.9985775351524353,0.9651493430137634
YJR017C,YML010W,0,-5.459523,0.09375,0.9985775351524353,0.9652916193008423
YPL266W,YJL094C,0,-5.460524,0.09373748302459717,0.9985775351524353,0.9654338359832764
YNL132W,YLR320W,0,-5.4619093,0.09372496604919434,0.9985775351524353,0.9655761122703552
YCL047C,YGL116W,0,-5.4636264,0.0937124565243721,0.9985775351524353,0.9657183289527893
YDR099W,YER096W,0,-5.464463,0.09369994699954987,0.9985775351524353,0.9658606052398682
YLR212C,YMR026C,0,-5.474926,0.09368744492530823,0.9985775351524353,0.9660028219223022
YNL068C,YDR166C,0,-5.4787574,0.09367494285106659,0.9985775351524353,0.9661450982093811
YGL059W,YPR065W,0,-5.4849725,0.09366244077682495,0.9985775351524353,0.9662873148918152
YMR289W,YER102W,0,-5.4873,0.09364994615316391,0.9985775351524353,0.966429591178894
YML118W,YGR181W,0,-5.498244,0.09363745152950287,0.9985775351524353,0.9665718078613281
YBL076C,YPL097W,1,-5.5267086,0.09375833719968796,1.0,0.9665718078613281
YKR038C,YLR069C,0,-5.5486984,0.09374583512544632,1.0,0.966714084148407
YNL061W,YOR373W,0,-5.552911,0.09373333305120468,1.0,0.9668563008308411
YCL027C-A,YLR188W,0,-5.564212,0.09372083842754364,1.0,0.9669985771179199
YGR181W,YDR330W,0,-5.5661693,0.0937083438038826,1.0,0.9671408534049988
YOR092W,YKL069W,0,-5.5666566,0.09369585663080215,1.0,0.9672830700874329
YGL027C,YOR156C,0,-5.5673513,0.09368336945772171,1.0,0.9674253463745117
YHR036W,YJL174W,0,-5.571622,0.09367088973522186,1.0,0.9675675630569458
YDR481C,YMR274C,0,-5.5745735,0.09365841001272202,1.0,0.9677098393440247
YER016W,YML126C,0,-5.587414,0.09364593029022217,1.0,0.9678520560264587
YDL067C,YPR065W,0,-5.590368,0.09363345801830292,1.0,0.9679943323135376
YNL015W,YDR264C,0,-5.60019,0.09362098574638367,1.0,0.9681365489959717
YBR169C,YOR303W,0,-5.6024857,0.09360852092504501,1.0,0.9682788252830505
YLR262C,YOR262W,0,-5.6074934,0.09359605610370636,1.0,0.9684210419654846
YGL238W,YPL128C,0,-5.617339,0.0935835987329483,1.0,0.9685633182525635
YBL036C,YJL168C,0,-5.621401,0.09357114136219025,1.0,0.9687055349349976
YBR297W,YDR540C,0,-5.6447325,0.09355869144201279,1.0,0.9688478112220764
YOR295W,YGL210W-A,0,-5.6496162,0.09354624152183533,1.0,0.9689900279045105
YHR210C,YMR042W,0,-5.6508446,0.09353379160165787,1.0,0.9691323041915894
YLR061W,YOR078W,0,-5.6511946,0.093521349132061,1.0,0.9692745208740234
YNL167C,YOL069W,0,-5.6526585,0.09350891411304474,1.0,0.9694167971611023
YMR153W,YPL120W,0,-5.656726,0.09349647909402847,1.0,0.9695590138435364
YIL127C,YML110C,0,-5.6595993,0.09348404407501221,1.0,0.9697012901306152
YBL009W,YKL065C,0,-5.662183,0.09347161650657654,1.0,0.9698435068130493
YLR411W,YBR152W,0,-5.663786,0.09345918893814087,1.0,0.9699857831001282
YNR039C,YHR202W,0,-5.66416,0.0934467613697052,1.0,0.9701279997825623
YBL087C,YKL156W,0,-5.6761456,0.09343434125185013,1.0,0.9702702760696411
YEL015W,YEL054C,0,-5.684305,0.09342192858457565,1.0,0.9704124927520752
YML042W,YNL292W,0,-5.686105,0.09340951591730118,1.0,0.970554769039154
YBR214W,YPL256C,0,-5.68972,0.0933971032500267,1.0,0.9706969857215881
YLR275W,YMR277W,0,-5.690542,0.09338469803333282,1.0,0.970839262008667
YOL003C,YJL216C,0,-5.6987834,0.09337229281663895,1.0,0.9709814786911011
YGR129W,YDR425W,0,-5.703707,0.09335989505052567,1.0,0.9711237549781799
YBL101W-A,YBL040C,0,-5.728573,0.09334749728441238,1.0,0.9712660312652588
YOR039W,YBL082C,0,-5.7303247,0.0933351069688797,1.0,0.9714082479476929
YNL036W,YBR146W,0,-5.814698,0.09332271665334702,1.0,0.9715505242347717
YCR097W,YMR297W,0,-5.841649,0.09331032633781433,1.0,0.9716927409172058
YPL153C,YGR065C,0,-5.84402,0.09329794347286224,1.0,0.9718350172042847
YLR170C,YPR118W,0,-5.8444386,0.09328556060791016,1.0,0.9719772338867188
YDR078C,YCR091W,0,-5.849781,0.09327318519353867,1.0,0.9721195101737976
YAL003W,YPL105C,0,-5.8550034,0.09326080977916718,1.0,0.9722617268562317
YDR292C,YLR158C,0,-5.862798,0.09324844181537628,1.0,0.9724040031433105
YGL049C,YLR249W,0,-5.8709335,0.09323607385158539,1.0,0.9725462198257446
YJR022W,YGR075C,0,-5.87639,0.09322371333837509,1.0,0.9726884961128235
YAR070W-A,YGR132C,0,-5.87652,0.0932113528251648,1.0,0.9728307127952576
YML130C,YJR050W,0,-5.896744,0.0931989923119545,1.0,0.9729729890823364
YIL010W,YPR161C,0,-5.90258,0.0931866392493248,1.0,0.9731152057647705
YDR075W,YER146W,0,-5.934065,0.0931742861866951,1.0,0.9732574820518494
YDR529C,YNL149C,0,-5.9437914,0.093161940574646,1.0,0.9733996987342834
YPL158C,YKL129C,0,-5.9565005,0.0931495949625969,1.0,0.9735419750213623
YML046W,YKR072C,0,-5.972436,0.09313725680112839,1.0,0.9736841917037964
YDR202C,YER019W,0,-5.9756484,0.09312491863965988,1.0,0.9738264679908752
YIL016W,YGL194C,0,-5.990981,0.09311258047819138,1.0,0.9739686846733093
YDR326C,YLL039C,0,-5.992654,0.09310024976730347,1.0,0.9741109609603882
YNL133C,YML086C,0,-6.000345,0.09308792650699615,1.0,0.9742531776428223
YER029C,YLR242C,0,-6.0036144,0.09307559579610825,1.0,0.9743954539299011
YDR248C,YLR352W,0,-6.027844,0.09306327998638153,1.0,0.9745376706123352
YKL181W,YAL023C,0,-6.0426216,0.09305095672607422,1.0,0.9746799468994141
YDR379W,YPL169C,0,-6.071057,0.0930386483669281,1.0,0.9748221635818481
YKL150W,YBR171W,0,-6.085618,0.09302633255720139,1.0,0.974964439868927
YOR158W,YNR012W,0,-6.12027,0.09301402419805527,1.0,0.9751066565513611
YNL112W,YDL191W,0,-6.1217723,0.09300172328948975,1.0,0.9752489328384399
YEL015W,YGL226W,0,-6.133329,0.09298941493034363,1.0,0.9753912091255188
YOR068C,YDR039C,0,-6.137043,0.0929771214723587,1.0,0.9755334258079529
YOR272W,YDR293C,0,-6.1476393,0.09296482056379318,1.0,0.9756757020950317
YNL145W,YPR183W,0,-6.157421,0.09295253455638885,1.0,0.9758179187774658
YEL015W,YDL117W,0,-6.1811843,0.09294024109840393,1.0,0.9759601950645447
YGR007W,YOR081C,0,-6.1830945,0.0929279550909996,1.0,0.9761024117469788
YBR028C,YDR522C,0,-6.20029,0.09291567653417587,1.0,0.9762446880340576
YOL012C,YLR135W,0,-6.200636,0.09290339797735214,1.0,0.9763869047164917
YGR138C,YDR276C,0,-6.207595,0.09289111942052841,1.0,0.9765291810035706
YOR241W,YER036C,0,-6.2430286,0.09287884831428528,1.0,0.9766713976860046
YLL057C,YNR030W,0,-6.2439704,0.09286657720804214,1.0,0.9768136739730835
YPL120W,YHR136C,0,-6.2477717,0.09285431355237961,1.0,0.9769558906555176
YIL016W,YHR202W,0,-6.248348,0.09284204989671707,1.0,0.9770981669425964
YIL009C-A,YPL239W,0,-6.2535725,0.09282979369163513,1.0,0.9772403836250305
YDR004W,YDR118W,0,-6.2605653,0.0928175300359726,1.0,0.9773826599121094
YLR019W,YNL315C,0,-6.2701063,0.09280528128147125,1.0,0.9775248765945435
YLR045C,YPR021C,0,-6.285737,0.09279303252696991,1.0,0.9776671528816223
YLR158C,YFL002C,0,-6.2889433,0.09278078377246857,1.0,0.9778093695640564
YOR272W,YLR376C,0,-6.2990494,0.09276854246854782,1.0,0.9779516458511353
YBR288C,YNR070W,0,-6.33041,0.09275630116462708,1.0,0.9780938625335693
YBR022W,YLR328W,0,-6.338896,0.09274405986070633,1.0,0.9782361388206482
YPR128C,YML067C,0,-6.3490458,0.09273182600736618,1.0,0.9783783555030823
YNL317W,YDR087C,0,-6.354818,0.09271959960460663,1.0,0.9785206317901611
YOR153W,YPL003W,0,-6.3553305,0.09270737320184708,1.0,0.9786628484725952
YJR015W,YLL026W,0,-6.3608317,0.09269514679908752,1.0,0.9788051247596741
YGR186W,YLR448W,0,-6.362154,0.09268292784690857,1.0,0.9789473414421082
YMR251W-A,YOL023W,0,-6.366605,0.09267070889472961,1.0,0.979089617729187
YPL013C,YMR274C,0,-6.375018,0.09265849739313126,1.0,0.9792318344116211
YDR047W,YOR069W,0,-6.3848953,0.0926462858915329,1.0,0.9793741106987
YLL021W,YIL009C-A,0,-6.3937826,0.09263407438993454,1.0,0.9795163869857788
YKL221W,YIR003W,0,-6.4026527,0.09262187033891678,1.0,0.9796586036682129
YMR161W,YGL032C,0,-6.4129257,0.09260966628789902,1.0,0.9798008799552917
YGR284C,YIL039W,0,-6.428939,0.09259746968746185,1.0,0.9799430966377258
YKL109W,YKL155C,0,-6.4374413,0.09258527308702469,1.0,0.9800853729248047
YNL133C,YIR017C,0,-6.4468727,0.09257308393716812,1.0,0.9802275896072388
YOR153W,YDL085W,0,-6.459153,0.09256089478731155,1.0,0.9803698658943176
YGR048W,YKL222C,0,-6.460883,0.09254871308803558,1.0,0.9805120825767517
YPL130W,YKL069W,0,-6.4620633,0.09253652393817902,1.0,0.9806543588638306
YER078C,YPR151C,0,-6.4639835,0.09252434968948364,1.0,0.9807965755462646
YLR306W,YHR161C,0,-6.526206,0.09251217544078827,1.0,0.9809388518333435
YIR002C,YIR034C,0,-6.528062,0.0925000011920929,1.0,0.9810810685157776
YOR267C,YML034W,0,-6.530318,0.09248782694339752,1.0,0.9812233448028564
YOL055C,YKL035W,0,-6.5544996,0.09247566759586334,1.0,0.9813655614852905
YKR001C,YDR382W,0,-6.566473,0.09246350079774857,1.0,0.9815078377723694
YIL122W,YDR255C,0,-6.573105,0.09245134145021439,1.0,0.9816500544548035
YPL249C,YDR522C,0,-6.586565,0.0924391821026802,1.0,0.9817923307418823
YBR181C,YOR192C-B,0,-6.6044226,0.09242703020572662,1.0,0.9819345474243164
YNL278W,YOL116W,0,-6.611828,0.09241487830877304,1.0,0.9820768237113953
YIL113W,YBR001C,0,-6.6342263,0.09240273386240005,1.0,0.9822190403938293
YGR186W,YLR014C,0,-6.640461,0.09239058941602707,1.0,0.9823613166809082
YMR021C,YDR365W-A,0,-6.642309,0.09237845242023468,1.0,0.9825035333633423
YOR241W,YNR070W,0,-6.6423807,0.09236631542444229,1.0,0.9826458096504211
YDR533C,YBR130C,0,-6.6435537,0.0923541784286499,1.0,0.9827880263328552
YLR167W,YJL092W,0,-6.652219,0.09234204888343811,1.0,0.9829303026199341
YOR130C,YDR055W,0,-6.659141,0.09232991933822632,1.0,0.9830725193023682
YOL027C,YNL315C,0,-6.6897573,0.09231779724359512,1.0,0.983214795589447
YBL082C,YER102W,0,-6.692555,0.09230567514896393,1.0,0.9833570122718811
YDR044W,YPR120C,0,-6.7040744,0.09229355305433273,1.0,0.98349928855896
YDL235C,YJL072C,0,-6.7082086,0.09228143841028214,1.0,0.9836415648460388
YHR065C,YPL235W,0,-6.7169185,0.09226932376623154,1.0,0.9837837815284729
YPR003C,YCR010C,0,-6.7192025,0.09225721657276154,1.0,0.9839260578155518
YOR048C,YCR053W,0,-6.723527,0.09224510937929153,1.0,0.9840682744979858
YDL130W-A,YOR246C,0,-6.733404,0.09223300963640213,1.0,0.9842105507850647
YCL040W,YNR039C,0,-6.7408576,0.09222090989351273,1.0,0.9843527674674988
YPL033C,YOR381W,0,-6.7602043,0.09220881760120392,1.0,0.9844950437545776
YDR251W,YGR030C,0,-6.7631574,0.09219671785831451,1.0,0.9846372604370117
YGR162W,YGR181W,0,-6.768509,0.0921846330165863,1.0,0.9847795367240906
YDR202C,YER011W,0,-6.7741194,0.0921725481748581,1.0,0.9849217534065247
YOL021C,YCL038C,0,-6.777482,0.09216046333312988,1.0,0.9850640296936035
YBL025W,YBL017C,0,-6.7865543,0.09214837849140167,1.0,0.9852062463760376
YHR083W,YHR001W-A,0,-6.7994995,0.09213630110025406,1.0,0.9853485226631165
YKL109W,YDL236W,0,-6.8076787,0.09212423115968704,1.0,0.9854907393455505
YML094W,YBR019C,0,-6.8126984,0.09211216121912003,1.0,0.9856330156326294
YDR425W,YGR029W,0,-6.8543053,0.09210009127855301,1.0,0.9857752323150635
YOL115W,YML058W,0,-6.868926,0.09208802878856659,1.0,0.9859175086021423
YPL189C-A,YNL087W,0,-6.89253,0.09207596629858017,1.0,0.9860597252845764
YCR037C,YEL003W,0,-6.8951874,0.09206391125917435,1.0,0.9862020015716553
YDL025C,YPL236C,0,-6.951558,0.09205185621976852,1.0,0.9863442182540894
YBR001C,YBR161W,0,-6.952822,0.0920398011803627,1.0,0.9864864945411682
YLR045C,YKR060W,0,-6.9903874,0.09202775359153748,1.0,0.9866287112236023
YNL015W,YJL113W,0,-7.0108232,0.09201570600271225,1.0,0.9867709875106812
YAL007C,YMR106C,0,-7.0269113,0.09200366586446762,1.0,0.9869132041931152
YOR043W,YBL017C,0,-7.07191,0.09199162572622299,1.0,0.9870554804801941
YMR161W,YLL018C-A,0,-7.073864,0.09197958558797836,1.0,0.9871976971626282
YBR248C,YPL033C,0,-7.088805,0.09196755290031433,1.0,0.987339973449707
YER111C,YBR087W,0,-7.1865616,0.0919555276632309,1.0,0.9874821901321411
YOR027W,YML013W,0,-7.189583,0.09194350242614746,1.0,0.98762446641922
YAL041W,YML081W,0,-7.1908236,0.09193147718906403,1.0,0.9877667427062988
YDR519W,YCR043C,0,-7.22845,0.09191945940256119,1.0,0.9879089593887329
YGL161C,YLR190W,0,-7.248673,0.09190744161605835,1.0,0.9880512356758118
YKL208W,YDR352W,0,-7.2629004,0.09189542382955551,1.0,0.9881934523582458
YBL009W,YMR156C,0,-7.2768307,0.09188341349363327,1.0,0.9883357286453247
YKR049C,YGL111W,0,-7.2904687,0.09187140315771103,1.0,0.9884779453277588
YMR154C,YDR043C,0,-7.2985163,0.09185940027236938,1.0,0.9886202216148376
YOR155C,YBL054W,0,-7.336757,0.09184739738702774,1.0,0.9887624382972717
YDL178W,YPR097W,0,-7.34241,0.0918354019522667,1.0,0.9889047145843506
YML011C,YOL096C,0,-7.3450203,0.09182340651750565,1.0,0.9890469312667847
YDL155W,YPL120W,0,-7.372199,0.0918114110827446,1.0,0.9891892075538635
YDR309C,YCL068C,0,-7.3727217,0.09179942309856415,1.0,0.9893314242362976
YMR029C,YBR078W,0,-7.4086666,0.0917874425649643,1.0,0.9894737005233765
YKL109W,YDR021W,0,-7.457254,0.09177545458078384,1.0,0.9896159172058105
YKL054C,YJR109C,0,-7.4925528,0.09176347404718399,1.0,0.9897581934928894
YGR101W,YER174C,0,-7.5173225,0.09175150096416473,1.0,0.9899004101753235
YBR131W,YDR104C,0,-7.547082,0.09173952788114548,1.0,0.9900426864624023
YBR001C,YER096W,0,-7.570876,0.09172755479812622,1.0,0.9901849031448364
YKL160W,YLR158C,0,-7.6147146,0.09171558916568756,1.0,0.9903271794319153
YDR533C,YLR385C,0,-7.636359,0.0917036235332489,1.0,0.9904693961143494
YLR373C,YJL028W,0,-7.647543,0.09169166535139084,1.0,0.9906116724014282
YGR013W,YIL009C-A,0,-7.6784253,0.09167970716953278,1.0,0.9907538890838623
YLR360W,YKL080W,0,-7.6980047,0.09166775643825531,1.0,0.9908961653709412
YBR046C,YDR228C,0,-7.7237263,0.09165579825639725,1.0,0.9910383820533752
YJR129C,YCR040W,0,-7.796053,0.09164385497570038,1.0,0.9911806583404541
YEL001C,YKL092C,0,-7.842411,0.09163191169500351,1.0,0.9913228750228882
YDR084C,YBL060W,0,-7.866213,0.09161996841430664,1.0,0.991465151309967
YOL012C,YBR044C,0,-7.870673,0.09160802513360977,1.0,0.9916073679924011
YCR105W,YNL061W,0,-8.063961,0.0915960893034935,1.0,0.99174964427948
YLR376C,YPR148C,0,-8.080473,0.09158416092395782,1.0,0.9918919205665588
YDR430C,YPR008W,0,-8.089248,0.09157222509384155,1.0,0.9920341372489929
YDL044C,YOR391C,0,-8.126814,0.09156030416488647,1.0,0.9921764135360718
YOR153W,YBR001C,0,-8.139561,0.0915483757853508,1.0,0.9923186302185059
YDR258C,YDR513W,0,-8.157669,0.09153645485639572,1.0,0.9924609065055847
YHR104W,YEL027W,0,-8.212579,0.09152454137802124,1.0,0.9926031231880188
YLR014C,YPL155C,0,-8.276817,0.09151262789964676,1.0,0.9927453994750977
YGL077C,YDR104C,0,-8.284261,0.09150071442127228,1.0,0.9928876161575317
YKL073W,YJL059W,0,-8.4019,0.0914888083934784,1.0,0.9930298924446106
YPR103W,YGR027W-B,0,-8.413057,0.09147690236568451,1.0,0.9931721091270447
YJR108W,YOR202W,0,-8.504643,0.09146500378847122,1.0,0.9933143854141235
YOL088C,YGR027W-A,0,-8.513036,0.09145310521125793,1.0,0.9934566020965576
YKR029C,YDL205C,0,-8.554089,0.09144120663404465,1.0,0.9935988783836365
YLR423C,YMR094W,0,-8.586433,0.09142931550741196,1.0,0.9937410950660706
YGL205W,YBR122C,0,-8.661857,0.09141742438077927,1.0,0.9938833713531494
YPL178W,YLL006W,0,-8.750013,0.09140554070472717,1.0,0.9940255880355835
YGL161C,YKL087C,0,-8.759822,0.09139365702867508,1.0,0.9941678643226624
YDR016C,YMR288W,0,-8.776005,0.09138177335262299,1.0,0.9943100810050964
YFR024C,YPL060W,0,-8.785153,0.09136989712715149,1.0,0.9944523572921753
YML034W,YPL068C,0,-8.807597,0.09135802835226059,1.0,0.9945945739746094
YDR180W,YIL004C,0,-8.82079,0.09134615212678909,1.0,0.9947368502616882
YDR381W,YHR118C,0,-8.846483,0.0913342833518982,1.0,0.9948790669441223
YOR063W,YBL102W,0,-8.998623,0.09132242202758789,1.0,0.9950213432312012
YER073W,YDR397C,0,-9.185413,0.09131056070327759,1.0,0.9951635599136353
YNR049C,YOR069W,0,-9.349517,0.09129869937896729,1.0,0.9953058362007141
YHR121W,YOL072W,0,-9.392595,0.09128684550523758,1.0,0.9954480528831482
YNR071C,YKL087C,0,-9.456392,0.09127499163150787,1.0,0.995590329170227
YEL001C,YLR357W,0,-9.4586315,0.09126314520835876,1.0,0.9957325458526611
YER146W,YDR016C,0,-9.496664,0.09125129878520966,1.0,0.99587482213974
YEL003W,YEL044W,0,-9.565881,0.09123945236206055,1.0,0.9960170984268188
YOR018W,YDR255C,0,-9.569404,0.09122761338949203,1.0,0.9961593151092529
YHR067W,YIL153W,0,-9.798624,0.09121577441692352,1.0,0.9963015913963318
YGL207W,YFL004W,0,-9.829834,0.09120394289493561,1.0,0.9964438080787659
YKL109W,YJR010C-A,0,-9.983225,0.09119211137294769,1.0,0.9965860843658447
YGR007W,YML059C,0,-10.242431,0.09118028730154037,1.0,0.9967283010482788
YPR008W,YMR063W,0,-10.333645,0.09116846323013306,1.0,0.9968705773353577
YDR484W,YJR102C,0,-10.372711,0.09115663915872574,1.0,0.9970127940177917
YGR101W,YHR116W,0,-10.6068325,0.09114482253789902,1.0,0.9971550703048706
YJR002W,YJR108W,0,-10.662002,0.0911330059170723,1.0,0.9972972869873047
YGL226W,YJL051W,0,-10.689578,0.09112118929624557,1.0,0.9974395632743835
YPL174C,YCL068C,0,-10.7488785,0.09110938012599945,1.0,0.9975817799568176
YOR100C,YGR272C,0,-10.803419,0.09109757840633392,1.0,0.9977240562438965
YNL306W,YDR084C,0,-10.894423,0.0910857766866684,1.0,0.9978662729263306
YNL194C,YDR004W,0,-10.944445,0.09107397496700287,1.0,0.9980085492134094
YOL012C,YPR031W,0,-10.979914,0.09106217324733734,1.0,0.9981507658958435
YOL016C,YKL069W,0,-11.033482,0.09105037897825241,1.0,0.9982930421829224
YPR151C,YGL121C,0,-11.231576,0.09103859215974808,1.0,0.9984352588653564
YLR337C,YOL109W,0,-11.252836,0.09102680534124374,1.0,0.9985775351524353
YDL010W,YML047C,0,-11.277954,0.09101501852273941,1.0,0.9987197518348694
YLR357W,YLR308W,0,-11.452662,0.09100323915481567,1.0,0.9988620281219482
YOR002W,YGL156W,0,-11.536316,0.09099145978689194,1.0,0.9990042448043823
YFR042W,YPL086C,0,-11.785217,0.0909796804189682,1.0,0.9991465210914612
YEL005C,YGL053W,0,-11.915722,0.09096790850162506,1.0,0.9992887377738953
YDR120C,YDL010W,0,-12.904258,0.09095613658428192,1.0,0.9994310140609741
YMR058W,YJL209W,0,-13.225661,0.09094437211751938,1.0,0.9995732307434082
YNL148C,YKR105C,0,-14.649433,0.09093260765075684,1.0,0.9997155070304871
YNL128W,YGR030C,0,-15.291941,0.09092085063457489,1.0,0.9998577237129211
YDL100C,YBL008W-A,0,-15.70936,0.09090909361839294,1.0,1.0
