Gene A,Gene B,Label,Score,Precision,Recall,False Positive Rate
YDL100C,YOR316C,1,4.817325,1.0,0.0009970089886337519,0.0
YOR130C,YML131W,0,4.7008815,0.5,0.0009970089886337519,0.00010003001079894602
YOR316C,YBR036C,1,4.694993,0.6666666865348816,0.0019940179772675037,0.00010003001079894602
YOR316C,YDL168W,0,4.665505,0.5,0.0019940179772675037,0.00020006002159789205
YDR264C,YJL210W,0,4.482434,0.4000000059604645,0.0019940179772675037,0.00030009003239683807
YKL087C,YFL037W,0,4.3771043,0.3333333432674408,0.0019940179772675037,0.0004001200431957841
YGL001C,YER141W,0,4.336587,0.2857142984867096,0.0019940179772675037,0.0005001500248908997
YDL142C,YOL158C,1,4.164168,0.375,0.0029910269659012556,0.0005001500248908997
YJR040W,YJR104C,1,4.1591916,0.4444444477558136,0.0039880359545350075,0.0005001500248908997
YDL128W,YLR034C,1,4.1531463,0.5,0.004985044710338116,0.0005001500248908997
YBR221C,YJR064W,0,4.108271,0.4545454680919647,0.004985044710338116,0.0006001800647936761
YKL100C,YLL018C,0,4.064609,0.4166666567325592,0.004985044710338116,0.0007002100464887917
YDR098C,YER145C,1,4.0126824,0.4615384638309479,0.005982053931802511,0.0007002100464887917
YOR079C,YPR036W,1,4.010097,0.5,0.006979062687605619,0.0007002100464887917
YMR150C,YNL007C,0,3.9970725,0.46666666865348816,0.006979062687605619,0.0008002400863915682
YLR109W,YDL100C,0,3.9955008,0.4375,0.006979062687605619,0.0009002700680866838
YER174C,YBR036C,1,3.9920423,0.47058823704719543,0.007976071909070015,0.0009002700680866838
YDR483W,YBR199W,0,3.9260404,0.4444444477558136,0.007976071909070015,0.0010003000497817993
YDR099W,YDR381W,0,3.9119365,0.42105263471603394,0.007976071909070015,0.0011003301478922367
YDR328C,YML016C,1,3.8818598,0.44999998807907104,0.008973080664873123,0.0011003301478922367
YDR529C,YDR044W,0,3.8662431,0.4285714328289032,0.008973080664873123,0.0012003601295873523
YDL103C,YPR154W,0,3.8603735,0.40909090638160706,0.008973080664873123,0.0013003901112824678
YIR022W,YJR044C,0,3.853022,0.3913043439388275,0.008973080664873123,0.0014004200929775834
YOR267C,YER174C,1,3.8490992,0.4166666567325592,0.009970089420676231,0.0014004200929775834
YKL152C,YDR425W,0,3.8117847,0.4000000059604645,0.009970089420676231,0.0015004501910880208
YGL115W,YDR264C,0,3.779717,0.38461539149284363,0.009970089420676231,0.0016004801727831364
YOR079C,YLR220W,1,3.7685018,0.40740740299224854,0.010967099107801914,0.0016004801727831364
YDL100C,YHR026W,1,3.7602215,0.4285714328289032,0.011964107863605022,0.0016004801727831364
YNR061C,YFR049W,0,3.7571435,0.4137931168079376,0.011964107863605022,0.001700510154478252
YPR036W,YDR270W,1,3.7539833,0.4333333373069763,0.01296111661940813,0.001700510154478252
YMR105C,YDL185W,1,3.74038,0.4516128897666931,0.013958125375211239,0.001700510154478252
YDR065W,YMR058W,1,3.7164438,0.46875,0.014955134131014347,0.001700510154478252
YCR044C,YIL036W,0,3.71352,0.4545454680919647,0.014955134131014347,0.0018005401361733675
YLR034C,YGL020C,1,3.7057502,0.47058823704719543,0.01595214381814003,0.0018005401361733675
YKR065C,YOL109W,0,3.7047858,0.4571428596973419,0.01595214381814003,0.001900570117868483
YEL063C,YDL076C,0,3.7021186,0.4444444477558136,0.01595214381814003,0.0020006000995635986
YPR028W,YBR301W,0,3.7010353,0.4324324429035187,0.01595214381814003,0.002100630197674036
YDR178W,YOR039W,0,3.7009017,0.42105263471603394,0.01595214381814003,0.0022006602957844734
YBL099W,YBR268W,0,3.6779277,0.41025641560554504,0.01595214381814003,0.002300690161064267
YPR128C,YOR136W,0,3.6634371,0.4000000059604645,0.01595214381814003,0.0024007202591747046
YLR136C,YLR220W,1,3.6329308,0.4146341383457184,0.016949152573943138,0.0024007202591747046
YDR328C,YBR036C,1,3.6160645,0.4285714328289032,0.017946161329746246,0.0024007202591747046
YEL051W,YLR205C,1,3.597194,0.44186046719551086,0.018943170085549355,0.0024007202591747046
YOL027C,YPL234C,1,3.5886674,0.4545454680919647,0.019940178841352463,0.0024007202591747046
YDL180W,YKL213C,0,3.5801659,0.4444444477558136,0.019940178841352463,0.0025007501244544983
YIL023C,YLR023C,0,3.57895,0.43478259444236755,0.019940178841352463,0.0026007802225649357
YPL135W,YIL022W,0,3.5718915,0.42553192377090454,0.019940178841352463,0.002700810320675373
YDR205W,YDR270W,1,3.5647156,0.4375,0.02093718759715557,0.002700810320675373
YLR414C,YNL263C,0,3.5579164,0.4285714328289032,0.02093718759715557,0.002800840185955167
YLR027C,YDR313C,0,3.552722,0.41999998688697815,0.02093718759715557,0.002900870284065604
YLR193C,YML042W,0,3.5509832,0.4117647111415863,0.02093718759715557,0.0030009003821760416
YBR127C,YOR383C,0,3.5501907,0.4038461446762085,0.02093718759715557,0.0031009302474558353
YJR046W,YER003C,0,3.5296757,0.3962264060974121,0.02093718759715557,0.0032009603455662727
YJR084W,YDL180W,0,3.5251584,0.3888888955116272,0.02093718759715557,0.0033009902108460665
YDL147W,YDL168W,0,3.5137913,0.38181817531585693,0.02093718759715557,0.003401020308956504
YDL230W,YBR109C,0,3.5110912,0.375,0.02093718759715557,0.0035010504070669413
YOR076C,YOR155C,0,3.4992378,0.3684210479259491,0.02093718759715557,0.003601080272346735
YEL071W,YIR037W,0,3.49808,0.36206895112991333,0.02093718759715557,0.0037011103704571724
YPR073C,YGR279C,0,3.4927385,0.35593220591545105,0.02093718759715557,0.003801140235736966
YDL100C,YKL190W,1,3.4872973,0.36666667461395264,0.02193419821560383,0.003801140235736966
YJL026W,YLR421C,0,3.4866416,0.3606557250022888,0.02193419821560383,0.0039011703338474035
YMR311C,YCR009C,0,3.4848263,0.35483869910240173,0.02193419821560383,0.004001200199127197
YOL027C,YDR456W,1,3.4736886,0.3650793731212616,0.022931206971406937,0.004001200199127197
YDR205W,YLR136C,1,3.4694023,0.375,0.023928215727210045,0.004001200199127197
YNL162W,YKL218C,0,3.469217,0.3692307770252228,0.023928215727210045,0.004101230297237635
YNL241C,YDR033W,0,3.4578555,0.3636363744735718,0.023928215727210045,0.004201260395348072
YLR155C,YDR105C,0,3.451958,0.35820895433425903,0.023928215727210045,0.0043012904934585094
YOR270C,YDR270W,1,3.4439328,0.36764705181121826,0.024925224483013153,0.0043012904934585094
YER174C,YFL039C,0,3.4427636,0.36231884360313416,0.024925224483013153,0.004401320591568947
YKR030W,YDR037W,0,3.4261963,0.3571428656578064,0.024925224483013153,0.004501350224018097
YPR028W,YNL264C,0,3.4174345,0.35211268067359924,0.024925224483013153,0.004601380322128534
YDL142C,YMR058W,1,3.4152153,0.3611111044883728,0.02592223323881626,0.004601380322128534
YOR087W,YJR059W,1,3.3907688,0.36986300349235535,0.02691924199461937,0.004601380322128534
YJR040W,YMR058W,1,3.3843994,0.37837839126586914,0.027916250750422478,0.004601380322128534
YOR381W,YJR104C,1,3.3737767,0.3866666555404663,0.028913259506225586,0.004601380322128534
YJL159W,YOR117W,0,3.3679798,0.3815789520740509,0.028913259506225586,0.004701410420238972
YDR313C,YDL212W,0,3.351375,0.37662336230278015,0.028913259506225586,0.004801440518349409
YPL227C,YCR023C,0,3.343637,0.3717948794364929,0.028913259506225586,0.0049014706164598465
YDR284C,YOR157C,0,3.3395002,0.3670886158943176,0.028913259506225586,0.005001500248908997
YKR007W,YJL093C,1,3.3362515,0.375,0.029910268262028694,0.005001500248908997
YDL100C,YLR220W,1,3.3359096,0.3827160596847534,0.03090727888047695,0.005001500248908997
YGR028W,YOR357C,0,3.3346741,0.37804877758026123,0.03090727888047695,0.005101530347019434
YOR043W,YPL262W,0,3.3320224,0.3734939694404602,0.03090727888047695,0.005201560445129871
YNL059C,YOR136W,0,3.3251526,0.369047611951828,0.03090727888047695,0.005301590543240309
YOR087W,YFR055W,1,3.3216598,0.3764705955982208,0.03190428763628006,0.005301590543240309
YPR114W,YMR043W,0,3.317469,0.3720930218696594,0.03190428763628006,0.005401620641350746
YDL128W,YJL165C,1,3.3167655,0.37931033968925476,0.03290129452943802,0.005401620641350746
YPR008W,YOL088C,0,3.2905414,0.375,0.03290129452943802,0.005501650273799896
YER035W,YGL167C,0,3.2876756,0.37078651785850525,0.03290129452943802,0.005601680371910334
YHR115C,YCR005C,0,3.2793834,0.36666667461395264,0.03290129452943802,0.005701710470020771
YBR236C,YGL048C,0,3.2773364,0.36263737082481384,0.03290129452943802,0.005801740568131208
YLR023C,YDR221W,0,3.2745705,0.3586956560611725,0.03290129452943802,0.005901770666241646
YKL080W,YJR104C,1,3.2708747,0.3655914068222046,0.033898305147886276,0.005901770666241646
YPL234C,YCR008W,1,3.2706034,0.3723404109477997,0.034895315766334534,0.005901770666241646
YBL050W,YAL013W,0,3.2624314,0.3684210479259491,0.034895315766334534,0.006001800764352083
YDR328C,YDR456W,1,3.2553651,0.375,0.03589232265949249,0.006001800764352083
YLR293C,YJR104C,0,3.2535152,0.3711340129375458,0.03589232265949249,0.006101830396801233
YLR220W,YDR270W,1,3.2529562,0.37755101919174194,0.03688933327794075,0.006101830396801233
YJL042W,YPR058W,0,3.240802,0.3737373650074005,0.03688933327794075,0.006201860494911671
YLR034C,YAL014C,0,3.2362092,0.3700000047683716,0.03688933327794075,0.006301890593022108
YPL159C,YFR055W,0,3.2352386,0.3663366436958313,0.03688933327794075,0.0064019206911325455
YJL137C,YLR225C,0,3.2344315,0.36274510622024536,0.03688933327794075,0.006501950789242983
YGR106C,YKL087C,0,3.232168,0.35922330617904663,0.03688933327794075,0.006601980421692133
YGL255W,YJR117W,0,3.2274258,0.35576921701431274,0.03688933327794075,0.00670201051980257
YOR057W,YLR136C,0,3.2232432,0.3523809611797333,0.03688933327794075,0.006802040617913008
YDR313C,YDR143C,0,3.2140205,0.349056601524353,0.03688933327794075,0.006902070716023445
YDR151C,YJL093C,1,3.2118766,0.35514017939567566,0.03788634017109871,0.006902070716023445
YPL177C,YMR161W,0,3.2011611,0.35185185074806213,0.03788634017109871,0.0070021008141338825
YFR051C,YLR118C,0,3.1973124,0.3486238420009613,0.03788634017109871,0.007102130446583033
YPR020W,YAL053W,0,3.194156,0.34545454382896423,0.03788634017109871,0.00720216054469347
YML057W,YDR270W,1,3.190139,0.3513513505458832,0.03888335078954697,0.00720216054469347
YER041W,YGL104C,0,3.189194,0.3482142984867096,0.03888335078954697,0.007302190642803907
YKL096W,YMR043W,0,3.175894,0.3451327383518219,0.03888335078954697,0.007402220740914345
YKL080W,YLR220W,1,3.1741707,0.35087719559669495,0.039880357682704926,0.007402220740914345
YHR026W,YBR036C,1,3.1684256,0.35652172565460205,0.04087736830115318,0.007402220740914345
YPR114W,YDL006W,0,3.1675324,0.3534482717514038,0.04087736830115318,0.007502250839024782
YOR316C,YDL185W,1,3.1548016,0.3589743673801422,0.04187437519431114,0.007502250839024782
YLR259C,YBR121C,0,3.1500034,0.35593220591545105,0.04187437519431114,0.007602280471473932
YLR044C,YPR155C,0,3.1457503,0.3529411852359772,0.04187437519431114,0.00770231056958437
YLR034C,YBR024W,1,3.1410172,0.3583333194255829,0.0428713858127594,0.00770231056958437
YJR052W,YLR237W,0,3.140385,0.35537189245224,0.0428713858127594,0.007802340667694807
YOR136W,YJR015W,0,3.1368127,0.35245901346206665,0.0428713858127594,0.007902370765805244
YJR040W,YDR182W,1,3.136073,0.35772356390953064,0.04386839643120766,0.007902370765805244
YGL001C,YIL033C,0,3.134494,0.35483869910240173,0.04386839643120766,0.008002400398254395
YML016C,YPL215W,0,3.1263037,0.35199999809265137,0.04386839643120766,0.00810243096202612
YKL196C,YDR212W,0,3.1221697,0.3492063581943512,0.04386839643120766,0.00820246059447527
YOR067C,YLR304C,0,3.1217587,0.34645670652389526,0.04386839643120766,0.008302491158246994
YML016C,YJL165C,1,3.1168935,0.3515625,0.044865403324365616,0.008302491158246994
YDL142C,YBR036C,1,3.1143548,0.356589138507843,0.04586241394281387,0.008302491158246994
YJL196C,YKR052C,0,3.1073308,0.35384616255760193,0.04586241394281387,0.008402520790696144
YHR123W,YGR257C,0,3.1039174,0.35114502906799316,0.04586241394281387,0.008502550423145294
YJR104C,YER133W,1,3.1033673,0.35606059432029724,0.04685942083597183,0.008502550423145294
YDL119C,YBR068C,0,3.100694,0.35338345170021057,0.04685942083597183,0.008602580986917019
YGL006W,YOR270C,1,3.0979822,0.35820895433425903,0.04785643145442009,0.008602580986917019
YJR049C,YPL135W,1,3.0921514,0.3629629611968994,0.04885343834757805,0.008602580986917019
YML057W,YBR036C,1,3.0864263,0.36764705181121826,0.049850448966026306,0.008602580986917019
YJL165C,YGR092W,1,3.078729,0.37226277589797974,0.050847455859184265,0.008602580986917019
YDL185W,YDR202C,1,3.0753453,0.37681159377098083,0.05184446647763252,0.008602580986917019
YHR037W,YGR129W,0,3.0681841,0.3741007149219513,0.05184446647763252,0.008702610619366169
YOL030W,YLR414C,0,3.066847,0.37142857909202576,0.05184446647763252,0.008802641183137894
YGL020C,YMR054W,1,3.065954,0.3758865296840668,0.05284147709608078,0.008802641183137894
YKR009C,YBR105C,0,3.06482,0.3732394278049469,0.05284147709608078,0.008902670815587044
YOR270C,YJL165C,1,3.0647883,0.3776223659515381,0.05383848398923874,0.008902670815587044
YOL027C,YLR447C,1,3.0621202,0.3819444477558136,0.054835494607686996,0.008902670815587044
YJR104C,YPL224C,1,3.0607102,0.38620689511299133,0.055832501500844955,0.008902670815587044
YDR204W,YIL051C,0,3.0559685,0.3835616409778595,0.055832501500844955,0.009002700448036194
YDR328C,YOR061W,1,3.05278,0.3877550959587097,0.05682951211929321,0.009002700448036194
YDR328C,YML132W,1,3.0484068,0.3918918967247009,0.05782651901245117,0.009002700448036194
YKR007W,YEL065W,1,3.0373695,0.3959731459617615,0.05882352963089943,0.009002700448036194
YMR110C,YOR157C,0,3.0368412,0.3933333456516266,0.05882352963089943,0.009102731011807919
YJR059W,YOR079C,1,3.031698,0.3973509967327118,0.05982053652405739,0.009102731011807919
YOR226C,YDR182W,1,3.0292683,0.4013157784938812,0.060817547142505646,0.009102731011807919
YLR259C,YJL212C,0,3.0274532,0.3986928164958954,0.060817547142505646,0.009202760644257069
YDR019C,YPL154C,0,3.0199606,0.3961038887500763,0.060817547142505646,0.009302791208028793
YGL020C,YPR036W,1,3.014912,0.4000000059604645,0.0618145577609539,0.009302791208028793
YBR015C,YBR221C,0,3.00983,0.39743590354919434,0.0618145577609539,0.009402820840477943
YHL004W,YCR048W,0,3.0084598,0.3949044644832611,0.0618145577609539,0.009502850472927094
YGL006W,YDR495C,1,2.9990885,0.3987341821193695,0.06281156837940216,0.009502850472927094
YBR139W,YGR075C,0,2.9982133,0.3962264060974121,0.06281156837940216,0.009602881036698818
YNL038W,YLR138W,0,2.9962497,0.39375001192092896,0.06281156837940216,0.009702910669147968
YDR328C,YLR136C,1,2.9865167,0.39751553535461426,0.06380857527256012,0.009702910669147968
YPL224C,YPL177C,1,2.9831038,0.40123456716537476,0.06480558216571808,0.009702910669147968
YGL173C,YBR149W,0,2.9822717,0.3987730145454407,0.06480558216571808,0.009802941232919693
YDR456W,YDR202C,1,2.9811552,0.40243902802467346,0.06580258905887604,0.009802941232919693
YOR293W,YKR030W,0,2.980041,0.4000000059604645,0.06580258905887604,0.009902970865368843
YBL078C,YCR102C,0,2.9783154,0.39759036898612976,0.06580258905887604,0.010003000497817993
YFR047C,YDR276C,0,2.9771817,0.39520958065986633,0.06580258905887604,0.010103031061589718
YER026C,YPL215W,0,2.9739044,0.3928571343421936,0.06580258905887604,0.010203060694038868
YJR049C,YLR220W,1,2.9710877,0.3964497148990631,0.0667996034026146,0.010203060694038868
YDR151C,YDR270W,1,2.970182,0.4000000059604645,0.06779661029577255,0.010203060694038868
YDR127W,YOR259C,0,2.965037,0.3976608216762543,0.06779661029577255,0.010303091257810593
YDR177W,YLR136C,0,2.9647362,0.39534884691238403,0.06779661029577255,0.010403120890259743
YCL038C,YBR166C,0,2.9636977,0.39306357502937317,0.06779661029577255,0.010503150522708893
YBR036C,YLR136C,1,2.9586363,0.3965517282485962,0.06879361718893051,0.010503150522708893
YOR316C,YDR182W,1,2.9560392,0.4000000059604645,0.06979063153266907,0.010503150522708893
YCL017C,YER145C,1,2.951032,0.40340909361839294,0.07078763842582703,0.010503150522708893
YGL115W,YPL057C,0,2.946766,0.40112993121147156,0.07078763842582703,0.010603181086480618
YKL080W,YHL047C,1,2.9460258,0.40449437499046326,0.07178464531898499,0.010603181086480618
YDL195W,YOL044W,0,2.9440453,0.40223464369773865,0.07178464531898499,0.010703210718929768
YGR284C,YNL081C,0,2.9428966,0.4000000059604645,0.07178464531898499,0.010803241282701492
YDR372C,YEL065W,0,2.942361,0.3977900445461273,0.07178464531898499,0.010903270915150642
YEL027W,YKL190W,1,2.9420748,0.40109890699386597,0.07278165221214294,0.010903270915150642
YOR381W,YDR436W,1,2.9386477,0.40437158942222595,0.0737786665558815,0.010903270915150642
YOR316C,YML132W,1,2.9371254,0.40760868787765503,0.07477567344903946,0.010903270915150642
YML029W,YBR288C,0,2.9362376,0.4054054021835327,0.07477567344903946,0.011003300547599792
YPL001W,YPR037C,0,2.932841,0.4032258093357086,0.07477567344903946,0.011103331111371517
YDR248C,YGL198W,0,2.929526,0.4010695219039917,0.07477567344903946,0.011203360743820667
YIL051C,YPR107C,0,2.9292965,0.3989361822605133,0.07477567344903946,0.011303391307592392
YGL073W,YLR220W,0,2.9271812,0.3968254029750824,0.07477567344903946,0.011403420940041542
YPL069C,YHL044W,0,2.92295,0.3947368562221527,0.07477567344903946,0.011503450572490692
YML001W,YOR046C,0,2.9206648,0.3926701545715332,0.07477567344903946,0.011603481136262417
YKL112W,YGR208W,0,2.9204628,0.390625,0.07477567344903946,0.011703510768711567
YKR088C,YGL087C,0,2.9203088,0.38860103487968445,0.07477567344903946,0.011803541332483292
YOR241W,YDR513W,0,2.9142172,0.3865979313850403,0.07477567344903946,0.011903570964932442
YDR328C,YLR220W,1,2.9136856,0.3897435963153839,0.07577268034219742,0.011903570964932442
YNL048W,YDL181W,0,2.9100115,0.3877550959587097,0.07577268034219742,0.012003601528704166
YOR124C,YCR005C,0,2.900075,0.3857868015766144,0.07577268034219742,0.012103631161153316
YMR135C,YBR101C,0,2.8976083,0.38383838534355164,0.07577268034219742,0.012203660793602467
YOR267C,YJL093C,1,2.8951094,0.38693466782569885,0.07676968723535538,0.012203660793602467
YOR057W,YPL234C,0,2.8937318,0.38499999046325684,0.07676968723535538,0.012303691357374191
YOR061W,YKL190W,1,2.892926,0.38805970549583435,0.07776670157909393,0.012303691357374191
YLR138W,YPL135W,1,2.8913605,0.3910891115665436,0.07876370847225189,0.012303691357374191
YLR034C,YJR104C,1,2.8890603,0.39408865571022034,0.07976071536540985,0.012303691357374191
YPL207W,YDR210W,0,2.8818614,0.3921568691730499,0.07976071536540985,0.012403720989823341
YPL046C,YDR041W,0,2.8732104,0.39024388790130615,0.07976071536540985,0.012503751553595066
YMR058W,YCR008W,1,2.873198,0.39320388436317444,0.08075772970914841,0.012503751553595066
YKL119C,YER145C,1,2.8688476,0.39613527059555054,0.08175473660230637,0.012503751553595066
YOR270C,YMR058W,1,2.867234,0.3990384638309479,0.08275174349546432,0.012503751553595066
YOR087W,YGR096W,0,2.8643887,0.3971291780471802,0.08275174349546432,0.012603781186044216
YHR133C,YGR142W,0,2.861624,0.39523810148239136,0.08275174349546432,0.012703810818493366
YGR063C,YML131W,0,2.8596642,0.39336493611335754,0.08275174349546432,0.012803841382265091
YDL076C,YOR270C,0,2.8557172,0.39150944352149963,0.08275174349546432,0.012903871014714241
YLR109W,YNL162W,0,2.8495266,0.38967135548591614,0.08275174349546432,0.013003901578485966
YLR035C,YBR286W,0,2.8490324,0.38785046339035034,0.08275174349546432,0.013103931210935116
YMR105C,YEL065W,1,2.8489351,0.3906976878643036,0.08374875038862228,0.013103931210935116
YBR164C,YKL150W,0,2.8486967,0.3888888955116272,0.08374875038862228,0.013203960843384266
YOR226C,YPR036W,1,2.8468082,0.39170506596565247,0.08474576473236084,0.013203960843384266
YOR303W,YKL091C,0,2.8443081,0.3899082541465759,0.08474576473236084,0.01330399140715599
YLR126C,YLR023C,1,2.8418791,0.39269405603408813,0.0857427716255188,0.01330399140715599
YGR227W,YMR024W,0,2.8407056,0.3909091055393219,0.0857427716255188,0.01340402103960514
YHR064C,YBR036C,0,2.8352778,0.3891402781009674,0.0857427716255188,0.013504051603376865
YJR073C,YNL154C,0,2.8328528,0.38738739490509033,0.0857427716255188,0.013604081235826015
YKL080W,YCR044C,1,2.8241637,0.3901345431804657,0.08673977851867676,0.013604081235826015
YKR088C,YHR013C,0,2.8240168,0.3883928656578064,0.08673977851867676,0.013704110868275166
YDR387C,YNL130C,0,2.821924,0.3866666555404663,0.08673977851867676,0.01380414143204689
YLR459W,YBR241C,0,2.8209627,0.3849557638168335,0.08673977851867676,0.01390417106449604
YBR003W,YBL003C,0,2.81564,0.38325992226600647,0.08673977851867676,0.014004201628267765
YKL051W,YDR204W,0,2.8099017,0.3815789520740509,0.08673977851867676,0.014104231260716915
YPL176C,YGL104C,0,2.808779,0.37991267442703247,0.08673977851867676,0.014204260893166065
YOL158C,YDR202C,1,2.8067763,0.38260868191719055,0.08773679286241531,0.014204260893166065
YJR137C,YJL046W,0,2.8062706,0.380952388048172,0.08773679286241531,0.01430429145693779
YOR202W,YER161C,0,2.8032403,0.37931033968925476,0.08773679286241531,0.01440432108938694
YMR139W,YFL009W,0,2.802275,0.3776824176311493,0.08773679286241531,0.014504351653158665
YOR079C,YJR049C,1,2.8017292,0.38034188747406006,0.08873379975557327,0.014504351653158665
YBR273C,YDR143C,0,2.7997072,0.3787234127521515,0.08873379975557327,0.014604381285607815
YLR110C,YKR049C,0,2.7969835,0.37711864709854126,0.08873379975557327,0.014704410918056965
YGR209C,YDL159W,0,2.7952974,0.37552741169929504,0.08873379975557327,0.01480444148182869
YGR186W,YLR023C,0,2.7941995,0.3739495873451233,0.08873379975557327,0.01490447111427784
YBL105C,YPL224C,0,2.786482,0.3723849356174469,0.08873379975557327,0.015004501678049564
YJL035C,YPR100W,0,2.7848942,0.3708333373069763,0.08873379975557327,0.015104531310498714
YOR332W,YPL224C,1,2.7817948,0.37344399094581604,0.08973080664873123,0.015104531310498714
YOR054C,YEL027W,1,2.781631,0.37603306770324707,0.09072781354188919,0.015104531310498714
YOR332W,YKL190W,1,2.7777898,0.3786008358001709,0.09172482788562775,0.015104531310498714
YDL185W,YBR207W,0,2.777756,0.37704917788505554,0.09172482788562775,0.015204560942947865
YPR132W,YJR117W,0,2.7770407,0.37551021575927734,0.09172482788562775,0.01530459150671959
YBR036C,YHL047C,1,2.775012,0.37804877758026123,0.0927218347787857,0.01530459150671959
YNR061C,YDR394W,0,2.774748,0.37651821970939636,0.0927218347787857,0.01540462113916874
YLL051C,YPR036W,1,2.7738898,0.3790322542190552,0.09371884167194366,0.01540462113916874
YGL006W,YOR226C,1,2.7738254,0.3815261125564575,0.09471585601568222,0.01540462113916874
YOR307C,YGL198W,0,2.7726967,0.3799999952316284,0.09471585601568222,0.015504651702940464
YLR138W,YDR270W,1,2.7716367,0.38247013092041016,0.09571286290884018,0.015504651702940464
YNL287W,YOL065C,0,2.7683742,0.380952388048172,0.09571286290884018,0.015604681335389614
YML106W,YML058W,0,2.765082,0.3794466257095337,0.09571286290884018,0.01570471189916134
YOL060C,YFR055W,1,2.764931,0.3818897604942322,0.09670986980199814,0.01570471189916134
YKL134C,YGL020C,1,2.7640445,0.3843137323856354,0.0977068766951561,0.01570471189916134
YFR049W,YJL210W,0,2.7616856,0.3828125,0.0977068766951561,0.01580474153161049
YBL093C,YDR202C,0,2.7600272,0.3813229501247406,0.0977068766951561,0.01590477116405964
YBR245C,YGR207C,0,2.758209,0.3798449635505676,0.0977068766951561,0.01600480079650879
YJL151C,YPL075W,0,2.757684,0.37837839126586914,0.0977068766951561,0.01610483229160309
YDR265W,YGR121C,0,2.7576344,0.3769230842590332,0.0977068766951561,0.01620486192405224
YML016C,YDR511W,0,2.7515934,0.37547892332077026,0.0977068766951561,0.01630489155650139
YAR014C,YLR220W,0,2.7515876,0.37404578924179077,0.0977068766951561,0.01640492118895054
YHR188C,YNL209W,0,2.7510629,0.3726235628128052,0.0977068766951561,0.01650495082139969
YJR104C,YKL190W,1,2.7492106,0.375,0.09870389103889465,0.01650495082139969
YML057W,YLR023C,1,2.746153,0.37735849618911743,0.09970089793205261,0.01650495082139969
YNL305C,YKL028W,0,2.7454038,0.37593984603881836,0.09970089793205261,0.016604982316493988
YDL120W,YEL027W,1,2.744363,0.37827715277671814,0.10069790482521057,0.016604982316493988
YBR273C,YLR095C,0,2.7427852,0.3768656849861145,0.10069790482521057,0.016705011948943138
YER180C,YDR358W,0,2.7364197,0.37546467781066895,0.10069790482521057,0.016805041581392288
YOR249C,YDR270W,0,2.7353492,0.3740740716457367,0.10069790482521057,0.01690507121384144
YGL173C,YGL126W,0,2.7324426,0.3726937174797058,0.10069790482521057,0.01700510084629059
YDL128W,YML057W,1,2.731889,0.375,0.10169491171836853,0.01700510084629059
YLL050C,YCL038C,0,2.729987,0.37362638115882874,0.10169491171836853,0.017105132341384888
YDL192W,YDR425W,0,2.7293427,0.37226277589797974,0.10169491171836853,0.017205161973834038
YAL012W,YDL159W,0,2.724366,0.37090909481048584,0.10169491171836853,0.017305191606283188
YJL059W,YNL036W,0,2.722646,0.3695652186870575,0.10169491171836853,0.017405221238732338
YDL128W,YDR151C,1,2.722059,0.371841162443161,0.10269192606210709,0.017405221238732338
YMR256C,YDR303C,0,2.7212558,0.37050360441207886,0.10269192606210709,0.017505250871181488
YER026C,YGR092W,0,2.7207289,0.36917561292648315,0.10269192606210709,0.017605282366275787
YKR007W,YFR055W,1,2.7195444,0.37142857909202576,0.10368893295526505,0.017605282366275787
YDR117C,YER035W,0,2.7179065,0.3701067566871643,0.10368893295526505,0.017705311998724937
YNL287W,YJR076C,0,2.7177162,0.368794322013855,0.10368893295526505,0.017805341631174088
YOR061W,YGL006W,1,2.716125,0.3710247278213501,0.104685939848423,0.017805341631174088
YHR190W,YOR026W,0,2.7150412,0.3697183132171631,0.104685939848423,0.017905371263623238
YGL019W,YCL017C,1,2.7126012,0.3719298243522644,0.10568295419216156,0.017905371263623238
YOR173W,YBR057C,0,2.7120907,0.37062937021255493,0.10568295419216156,0.018005400896072388
YCR044C,YLL051C,1,2.7115123,0.3728223145008087,0.10667996108531952,0.018005400896072388
YHR046C,YGL181W,0,2.7115095,0.3715277910232544,0.10667996108531952,0.018105432391166687
YBR127C,YMR134W,1,2.7055547,0.37370243668556213,0.10767696797847748,0.018105432391166687
YMR004W,YCL033C,0,2.701862,0.3724137842655182,0.10767696797847748,0.018205462023615837
YML057W,YGR020C,1,2.6990535,0.37457045912742615,0.10867397487163544,0.018205462023615837
YJR040W,YNL259C,1,2.6961625,0.3767123222351074,0.10967098921537399,0.018205462023615837
YBR248C,YLR248W,0,2.693579,0.37542662024497986,0.10967098921537399,0.018305491656064987
YEL027W,YLR136C,1,2.6932795,0.37755101919174194,0.11066799610853195,0.018305491656064987
YPL135W,YDR372C,0,2.6924245,0.37627118825912476,0.11066799610853195,0.018405521288514137
YGL166W,YPR028W,0,2.6910472,0.375,0.11066799610853195,0.018505550920963287
YLR071C,YER161C,0,2.6894405,0.3737373650074005,0.11066799610853195,0.018605582416057587
YHR098C,YDR301W,0,2.6874049,0.3724832236766815,0.11066799610853195,0.018705612048506737
YDR284C,YLL026W,0,2.6873314,0.37123745679855347,0.11066799610853195,0.018805641680955887
YEL031W,YHL047C,1,2.6872451,0.3733333349227905,0.11166500300168991,0.018805641680955887
YBR293W,YLR136C,0,2.6835263,0.3720930218696594,0.11166500300168991,0.018905671313405037
YOR253W,YPL234C,0,2.682831,0.3708609342575073,0.11166500300168991,0.019005700945854187
YIL043C,YLR099C,0,2.6793926,0.3696369528770447,0.11166500300168991,0.019105732440948486
YDL100C,YDR456W,1,2.6789005,0.37171053886413574,0.11266201734542847,0.019105732440948486
YKL100C,YOR246C,0,2.6778011,0.37049180269241333,0.11266201734542847,0.019205762073397636
YDR077W,YDR119W,0,2.6772385,0.3692810535430908,0.11266201734542847,0.019305791705846786
YOR316C,YGL106W,0,2.6770666,0.36807817220687866,0.11266201734542847,0.019405821338295937
YDL128W,YMR243C,1,2.6749852,0.37012988328933716,0.11365902423858643,0.019405821338295937
YLR277C,YBR058C,0,2.6747835,0.3689320385456085,0.11365902423858643,0.019505850970745087
YKL134C,YML057W,1,2.6739552,0.3709677457809448,0.11465603113174438,0.019505850970745087
YDR151C,YDL142C,1,2.673944,0.37299033999443054,0.11565303802490234,0.019505850970745087
YOR381W,YKL119C,1,2.67342,0.375,0.1166500523686409,0.019505850970745087
YDR177W,YMR195W,0,2.6707594,0.37380191683769226,0.1166500523686409,0.019605882465839386
YGL181W,YOR122C,0,2.6707575,0.37261146306991577,0.1166500523686409,0.019705912098288536
YKR007W,YEL031W,1,2.6673646,0.37460318207740784,0.11764705926179886,0.019705912098288536
YBL106C,YLR064W,0,2.6672418,0.3734177350997925,0.11764705926179886,0.019805941730737686
YLR034C,YJL101C,0,2.6644845,0.37223973870277405,0.11764705926179886,0.019905971363186836
YIL013C,YER164W,0,2.6606352,0.37106919288635254,0.11764705926179886,0.020006000995635986
YJL180C,YER003C,0,2.660583,0.369905948638916,0.11764705926179886,0.020106032490730286
YDL081C,YOR256C,0,2.6596348,0.3687500059604645,0.11764705926179886,0.020206062123179436
YDR108W,YLR340W,0,2.6595926,0.3676012456417084,0.11764705926179886,0.020306091755628586
YDR342C,YNL207W,0,2.659547,0.3664596378803253,0.11764705926179886,0.020406121388077736
YEL051W,YMR054W,1,2.6580772,0.3684210479259491,0.11864406615495682,0.020406121388077736
YKL088W,YOL030W,0,2.6551845,0.3672839403152466,0.11864406615495682,0.020506151020526886
YMR291W,YHR200W,0,2.654903,0.3661538362503052,0.11864406615495682,0.020606182515621185
YPL149W,YNL045W,0,2.6529038,0.3650306761264801,0.11864406615495682,0.020706212148070335
YNL088W,YKL016C,0,2.652606,0.3639143705368042,0.11864406615495682,0.020806241780519485
YLR034C,YHR026W,1,2.6523006,0.3658536672592163,0.11964107304811478,0.020806241780519485
YIL041W,YPR004C,0,2.6487422,0.36474165320396423,0.11964107304811478,0.020906271412968636
YBR089C-A,YPL106C,0,2.6415722,0.3636363744735718,0.11964107304811478,0.021006301045417786
YPR155C,YNL244C,0,2.6407287,0.36253777146339417,0.11964107304811478,0.021106332540512085
YPL161C,YDL012C,0,2.6328125,0.3614457845687866,0.11964107304811478,0.021206362172961235
YIL068C,YDR047W,0,2.632132,0.36036035418510437,0.11964107304811478,0.021306391805410385
YLR277C,YBR023C,0,2.6286614,0.359281450510025,0.11964107304811478,0.021406421437859535
YGL115W,YBR055C,0,2.6260006,0.35820895433425903,0.11964107304811478,0.021506451070308685
YML061C,YKL087C,0,2.625538,0.3571428656578064,0.11964107304811478,0.021606482565402985
YDR354W,YOL031C,0,2.6231678,0.35608309507369995,0.11964107304811478,0.021706512197852135
YER095W,YOR002W,0,2.6176758,0.3550295829772949,0.11964107304811478,0.021806541830301285
YBL037W,YDR234W,0,2.615288,0.3539822995662689,0.11964107304811478,0.021906571462750435
YLL021W,YGR209C,0,2.6152346,0.3529411852359772,0.11964107304811478,0.022006601095199585
YML016C,YJR104C,1,2.615218,0.35483869910240173,0.12063808739185333,0.022006601095199585
YBR154C,YDR036C,0,2.612736,0.3538011610507965,0.12063808739185333,0.022106632590293884
YBR121C,YGL011C,0,2.6093116,0.352769672870636,0.12063808739185333,0.022206662222743034
YMR150C,YER088C,0,2.609306,0.3517441749572754,0.12063808739185333,0.022306691855192184
YML063W,YDR270W,0,2.605734,0.35072463750839233,0.12063808739185333,0.022406721487641335
YDR155C,YNL289W,0,2.6046584,0.34971097111701965,0.12063808739185333,0.022506751120090485
YIR003W,YLR037C,0,2.6036859,0.34870317578315735,0.12063808739185333,0.022606782615184784
YLR332W,YBR041W,0,2.603097,0.34770116209983826,0.12063808739185333,0.022706812247633934
YDR098C,YDR270W,1,2.6019845,0.34957021474838257,0.12163509428501129,0.022706812247633934
YMR177W,YOR316C,1,2.6017835,0.3514285683631897,0.12263210117816925,0.022706812247633934
YDL194W,YGR060W,0,2.6014812,0.3504273593425751,0.12263210117816925,0.022806841880083084
YBR036C,YDR270W,1,2.5929687,0.35227271914482117,0.1236291155219078,0.022806841880083084
YHR001W-A,YJR118C,0,2.5928721,0.3512747883796692,0.1236291155219078,0.022906871512532234
YGL039W,YGR135W,0,2.5916588,0.3502824902534485,0.1236291155219078,0.023006901144981384
YLL028W,YNR045W,0,2.5916383,0.3492957651615143,0.1236291155219078,0.023106932640075684
YDL046W,YER141W,0,2.5915537,0.3483146131038666,0.1236291155219078,0.023206962272524834
YDR328C,YEL065W,1,2.589766,0.3501400649547577,0.12462612241506577,0.023206962272524834
YGL019W,YGR092W,1,2.58937,0.3519552946090698,0.12562313675880432,0.023206962272524834
YER100W,YKR048C,0,2.5873492,0.3509749174118042,0.12562313675880432,0.023306991904973984
YDR080W,YGL038C,0,2.5868464,0.3499999940395355,0.12562313675880432,0.023407021537423134
YDR501W,YKR003W,0,2.585424,0.349030464887619,0.12562313675880432,0.023507053032517433
YCL050C,YGL133W,0,2.584443,0.3480663001537323,0.12562313675880432,0.023607082664966583
YEL051W,YOR054C,1,2.5809956,0.3498622477054596,0.12662014365196228,0.023607082664966583
YMR177W,YBR036C,1,2.577268,0.35164836049079895,0.12761715054512024,0.023607082664966583
YBR273C,YKL010C,0,2.573374,0.3506849408149719,0.12761715054512024,0.023707112297415733
YDL174C,YPL149W,0,2.572608,0.34972676634788513,0.12761715054512024,0.023807141929864883
YDL192W,YML057W,0,2.5725842,0.3487738370895386,0.12761715054512024,0.023907171562314034
YFL044C,YLR023C,0,2.5707169,0.3478260934352875,0.12761715054512024,0.024007203057408333
YLR345W,YGR106C,0,2.5689023,0.34688347578048706,0.12761715054512024,0.024107232689857483
YPL177C,YLR027C,0,2.5681717,0.34594595432281494,0.12761715054512024,0.024207262322306633
YOL056W,YMR291W,0,2.5675712,0.34501346945762634,0.12761715054512024,0.024307291954755783
YHR171W,YNL007C,0,2.5667212,0.34408602118492126,0.12761715054512024,0.024407321587204933
YJR059W,YDL185W,1,2.5618434,0.3458445072174072,0.1286141574382782,0.024407321587204933
YKL080W,YGL006W,1,2.5588815,0.3475935757160187,0.12961116433143616,0.024407321587204933
YGR122W,YDR003W,0,2.5563867,0.3466666638851166,0.12961116433143616,0.024507353082299232
YGR020C,YHL047C,1,2.552841,0.34840425848960876,0.13060817122459412,0.024507353082299232
YOR316C,YJR104C,1,2.5525744,0.35013261437416077,0.13160517811775208,0.024507353082299232
YDR264C,YKL016C,0,2.552428,0.3492063581943512,0.13160517811775208,0.024607382714748383
YMR105C,YOR226C,1,2.5521047,0.35092347860336304,0.13260219991207123,0.024607382714748383
YGL035C,YBL064C,0,2.5495627,0.3499999940395355,0.13260219991207123,0.024707412347197533
YOR110W,YMR058W,0,2.5464394,0.3490813672542572,0.13260219991207123,0.024807441979646683
YEL051W,YPR036W,1,2.5453792,0.35078534483909607,0.1335992068052292,0.024807441979646683
YGL155W,YJL045W,0,2.545173,0.3498694598674774,0.1335992068052292,0.024907471612095833
YMR177W,YKR050W,1,2.5437503,0.3515625,0.13459621369838715,0.024907471612095833
YGR038W,YER048W-A,0,2.5415223,0.350649356842041,0.13459621369838715,0.025007503107190132
YOR061W,YPL118W,0,2.5398495,0.3497409224510193,0.13459621369838715,0.025107532739639282
YGR262C,YLR417W,0,2.5334313,0.3488371968269348,0.13459621369838715,0.025207562372088432
YBR048W,YNL176C,0,2.5329945,0.3479381501674652,0.13459621369838715,0.025307592004537582
YBR279W,YGR161C,0,2.531904,0.3470436930656433,0.13459621369838715,0.025407621636986732
YGL022W,YKL054C,0,2.529137,0.3461538553237915,0.13459621369838715,0.025507653132081032
YOL060C,YPL224C,1,2.5285118,0.3478260934352875,0.1355932205915451,0.025507653132081032
YEL054C,YPL031C,0,2.527739,0.3469387888908386,0.1355932205915451,0.025607682764530182
YJR040W,YBR036C,1,2.5271256,0.34860050678253174,0.13659022748470306,0.025607682764530182
YLR034C,YLR136C,1,2.5265906,0.3502538204193115,0.13758723437786102,0.025607682764530182
YPR020W,YMR226C,0,2.524927,0.34936708211898804,0.13758723437786102,0.025707712396979332
YOL060C,YOR175C,0,2.52292,0.3484848439693451,0.13758723437786102,0.025807742029428482
YJR096W,YGR005C,0,2.516756,0.3476070463657379,0.13758723437786102,0.025907771661877632
YOR316C,YNR040W,0,2.5164905,0.3467336595058441,0.13758723437786102,0.02600780315697193
YEL027W,YJR144W,0,2.516116,0.3458646535873413,0.13758723437786102,0.02610783278942108
YOR173W,YDR027C,0,2.5158162,0.3449999988079071,0.13758723437786102,0.02620786242187023
YLR023C,YLR136C,1,2.514888,0.3466334044933319,0.13858424127101898,0.02620786242187023
YDR354W,YDR380W,0,2.5144298,0.3457711338996887,0.13858424127101898,0.02630789205431938
YOR054C,YML132W,1,2.5132916,0.34739455580711365,0.13958126306533813,0.02630789205431938
YDR427W,YPL211W,0,2.5109017,0.3465346395969391,0.13958126306533813,0.026407921686768532
YGL185C,YPL265W,0,2.5092754,0.34567901492118835,0.13958126306533813,0.02650795318186283
YPR025C,YDR264C,0,2.5090282,0.3448275923728943,0.13958126306533813,0.02660798281431198
YPL186C,YLL053C,0,2.506315,0.3439803421497345,0.13958126306533813,0.02670801244676113
YPR103W,YPR165W,0,2.5046675,0.343137264251709,0.13958126306533813,0.02680804207921028
YFR014C,YNL007C,0,2.499097,0.342298299074173,0.13958126306533813,0.02690807171165943
YIL056W,YOL032W,0,2.4985807,0.3414634168148041,0.13958126306533813,0.02700810320675373
YOR316C,YLR447C,1,2.4979048,0.34306567907333374,0.1405782699584961,0.02700810320675373
YOR150W,YJR009C,0,2.4975402,0.34223300218582153,0.1405782699584961,0.02710813283920288
YOL020W,YMR053C,0,2.4966798,0.34140434861183167,0.1405782699584961,0.02720816247165203
YBR234C,YGR227W,0,2.4916131,0.34057971835136414,0.1405782699584961,0.02730819210410118
YJR033C,YER174C,1,2.4911978,0.3421686887741089,0.14157527685165405,0.02730819210410118
YCL017C,YBR036C,1,2.4856048,0.34375,0.142572283744812,0.02730819210410118
YKR096W,YPR075C,0,2.48536,0.34292566776275635,0.142572283744812,0.02740822173655033
YML016C,YBR036C,1,2.4837005,0.3444976210594177,0.14356929063796997,0.02740822173655033
YDL007W,YNL125C,0,2.4828212,0.3436754047870636,0.14356929063796997,0.02750825323164463
YML016C,YLR220W,1,2.482687,0.3452380895614624,0.14456629753112793,0.02750825323164463
YOR039W,YHL047C,1,2.4823968,0.34679335355758667,0.1455633044242859,0.02750825323164463
YLL051C,YJR049C,1,2.4804637,0.3483412265777588,0.14656032621860504,0.02750825323164463
YGR220C,YFR050C,0,2.4803739,0.347517728805542,0.14656032621860504,0.02760828286409378
YIL063C,YAL061W,0,2.479209,0.3466981053352356,0.14656032621860504,0.02770831249654293
YMR054W,YER133W,1,2.478742,0.34823527932167053,0.147557333111763,0.02770831249654293
YDL100C,YKR007W,1,2.4779098,0.34976527094841003,0.14855434000492096,0.02770831249654293
YOR087W,YDR202C,1,2.4754026,0.3512880504131317,0.14955134689807892,0.02770831249654293
YNL037C,YBR158W,0,2.468893,0.3504672944545746,0.14955134689807892,0.02780834212899208
YDL128W,YLR220W,1,2.4670079,0.35198134183883667,0.15054835379123688,0.02780834212899208
YLR126C,YJL093C,1,2.4652884,0.35348838567733765,0.15154536068439484,0.02780834212899208
YER031C,YDL188C,0,2.4640234,0.35266822576522827,0.15154536068439484,0.02790837176144123
YMR105C,YGR020C,1,2.4599183,0.3541666567325592,0.1525423675775528,0.02790837176144123
YPL145C,YLR390W-A,0,2.4597824,0.3533487319946289,0.1525423675775528,0.02800840325653553
YJL165C,YDL212W,0,2.4595675,0.35253456234931946,0.1525423675775528,0.02810843288898468
YLR092W,YDL134C,0,2.45564,0.35172414779663086,0.1525423675775528,0.02820846252143383
YPL074W,YPL156C,0,2.4526675,0.35091742873191833,0.1525423675775528,0.02830849215388298
YGR223C,YNL125C,0,2.4513185,0.3501144051551819,0.1525423675775528,0.02840852178633213
YPR114W,YOR005C,0,2.4475615,0.3493150770664215,0.1525423675775528,0.02850855328142643
YGR065C,YHR113W,0,2.4459314,0.34851935505867004,0.1525423675775528,0.02860858291387558
YJR145C,YDR197W,0,2.4457514,0.3477272689342499,0.1525423675775528,0.02870861254632473
YOR136W,YML067C,0,2.4456885,0.3469387888908386,0.1525423675775528,0.02880864217877388
YBL007C,YNL316C,0,2.4454076,0.3461538553237915,0.1525423675775528,0.02890867181122303
YFL016C,YMR237W,0,2.445399,0.3453724682331085,0.1525423675775528,0.02900870330631733
YPR094W,YDR349C,0,2.4418032,0.3445945978164673,0.1525423675775528,0.02910873293876648
YEL027W,YLR447C,1,2.4412,0.3460674285888672,0.15353937447071075,0.02910873293876648
YKL080W,YBR024W,1,2.4409592,0.347533643245697,0.1545363962650299,0.02910873293876648
YNL029C,YAL015C,0,2.4408147,0.3467561602592468,0.1545363962650299,0.02920876257121563
YGL053W,YMR116C,0,2.439214,0.3459821343421936,0.1545363962650299,0.02930879220366478
YDL198C,YPL135W,1,2.4372385,0.3474387526512146,0.15553340315818787,0.02930879220366478
YBL030C,YOR253W,0,2.4362607,0.3466666638851166,0.15553340315818787,0.02940882183611393
YDR251W,YHL016C,0,2.4328578,0.34589800238609314,0.15553340315818787,0.02950885333120823
YJR073C,YJR015W,0,2.4323137,0.3451327383518219,0.15553340315818787,0.02960888296365738
YIL109C,YKL060C,0,2.4318566,0.34437087178230286,0.15553340315818787,0.02970891259610653
YLL050C,YKR007W,0,2.4297116,0.34361234307289124,0.15553340315818787,0.02980894222855568
YHR191C,YIL121W,0,2.428221,0.34285715222358704,0.15553340315818787,0.02990897186100483
YKL024C,YJR117W,0,2.4271855,0.34210526943206787,0.15553340315818787,0.03000900335609913
YOL060C,YOR270C,1,2.4238951,0.3435448706150055,0.15653041005134583,0.03000900335609913
YLL050C,YPL158C,0,2.423887,0.3427947461605072,0.15653041005134583,0.03010903298854828
YHR096C,YGL025C,0,2.4219804,0.34204792976379395,0.15653041005134583,0.03020906262099743
YDR427W,YPR181C,0,2.4215386,0.34130436182022095,0.15653041005134583,0.03030909225344658
YKL051W,YDL110C,0,2.4207866,0.34056398272514343,0.15653041005134583,0.03040912188589573
YDR513W,YHR110W,0,2.4201417,0.3398268520832062,0.15653041005134583,0.03050915338099003
YLR023C,YGR092W,1,2.4197476,0.34125271439552307,0.15752741694450378,0.03050915338099003
YLR090W,YPR067W,0,2.4192164,0.3405172526836395,0.15752741694450378,0.03060918301343918
YIL035C,YHR026W,1,2.4186237,0.34193548560142517,0.15852442383766174,0.03060918301343918
YOR267C,YOR316C,1,2.4157226,0.3433476388454437,0.1595214307308197,0.03060918301343918
YJR145C,YOL027C,0,2.4141734,0.3426124155521393,0.1595214307308197,0.03070921264588833
YCL038C,YKR095W,0,2.4128778,0.34188035130500793,0.1595214307308197,0.03080924227833748
YKL080W,YGR092W,1,2.412262,0.34328359365463257,0.16051843762397766,0.03080924227833748
YIL023C,YLR277C,0,2.409266,0.34255319833755493,0.16051843762397766,0.03090927191078663
YNL322C,YNL246W,0,2.407478,0.3418259024620056,0.16051843762397766,0.031009303405880928
YDR051C,YHR017W,0,2.4073446,0.3411017060279846,0.16051843762397766,0.031109333038330078
YDR098C,YDR202C,1,2.406834,0.3424947261810303,0.16151545941829681,0.031109333038330078
YDR342C,YGL246C,0,2.4068036,0.3417721390724182,0.16151545941829681,0.031209362670779228
YNL156C,YPL178W,0,2.4051263,0.3410526216030121,0.16151545941829681,0.03130939230322838
YGR192C,YLR120C,0,2.4032366,0.3403361439704895,0.16151545941829681,0.03140942379832268
YDL174C,YIL066C,0,2.4028711,0.3396226465702057,0.16151545941829681,0.03150945156812668
YGR132C,YBR088C,0,2.4025378,0.33891212940216064,0.16151545941829681,0.03160948306322098
YLR034C,YOL016C,0,2.401906,0.33820459246635437,0.16151545941829681,0.03170951455831528
YDR096W,YPR132W,0,2.398641,0.3375000059604645,0.16151545941829681,0.03180954232811928
YKL119C,YLR136C,1,2.3970315,0.3388773500919342,0.16251246631145477,0.03180954232811928
YDR013W,YHL047C,0,2.3961203,0.3381742835044861,0.16251246631145477,0.03190957382321358
YMR054W,YML132W,1,2.3944194,0.33954450488090515,0.16350947320461273,0.03190957382321358
YDR529C,YAR015W,0,2.3934743,0.3388429880142212,0.16350947320461273,0.03200960159301758
YMR266W,YBR077C,0,2.3929417,0.33814433217048645,0.16350947320461273,0.03210963308811188
YKL134C,YJR033C,1,2.390364,0.3395061790943146,0.1645064800977707,0.03210963308811188
YBR179C,YBR068C,0,2.3868902,0.3388090431690216,0.1645064800977707,0.03220966458320618
YKL073W,YOR348C,0,2.3853118,0.33811476826667786,0.1645064800977707,0.03230969235301018
YGL059W,YGL207W,0,2.3844984,0.33742332458496094,0.1645064800977707,0.03240972384810448
YOL056W,YHR080C,0,2.3844187,0.33673468232154846,0.1645064800977707,0.03250975161790848
YKL080W,YMR105C,1,2.3839715,0.3380855321884155,0.16550348699092865,0.03250975161790848
YBR036C,YJL059W,1,2.3832161,0.33943089842796326,0.1665004938840866,0.03250975161790848
YDR151C,YGL020C,1,2.3818002,0.34077078104019165,0.16749750077724457,0.03250975161790848
YEL065W,YDL185W,1,2.3812356,0.34210526943206787,0.16849452257156372,0.03250975161790848
YKR007W,YJL059W,1,2.3807828,0.34343433380126953,0.16949152946472168,0.03250975161790848
YBL045C,YPL169C,0,2.3788245,0.3427419364452362,0.16949152946472168,0.03260978311300278
YMR150C,YPL220W,0,2.3783367,0.34205231070518494,0.16949152946472168,0.032709814608097076
YAR003W,YJR019C,0,2.3758256,0.3413654565811157,0.16949152946472168,0.03280984237790108
YNL325C,YGL133W,0,2.375148,0.34068137407302856,0.16949152946472168,0.03290987387299538
YJR118C,YBR214W,0,2.3736534,0.3400000035762787,0.16949152946472168,0.03300990164279938
YDL126C,YER091C,0,2.3725383,0.3393213450908661,0.16949152946472168,0.03310993313789368
YLR172C,YDR105C,0,2.3723705,0.33864542841911316,0.16949152946472168,0.033209964632987976
YLR034C,YPL135W,1,2.3718717,0.3399602472782135,0.17048853635787964,0.033209964632987976
YKL080W,YCR066W,0,2.3712838,0.3392857015132904,0.17048853635787964,0.03330999240279198
YGR033C,YHR016C,0,2.3706906,0.3386138677597046,0.17048853635787964,0.033410023897886276
YML016C,YHR194W,1,2.3687153,0.33992093801498413,0.1714855432510376,0.033410023897886276
YOL051W,YKL208W,0,2.3682206,0.33925050497055054,0.1714855432510376,0.03351005166769028
YFR006W,YDR294C,0,2.3674254,0.3385826647281647,0.1714855432510376,0.033610083162784576
YMR105C,YMR177W,1,2.3665617,0.33988213539123535,0.17248255014419556,0.033610083162784576
YHR190W,YJL072C,0,2.3660133,0.3392156958580017,0.17248255014419556,0.033710114657878876
YDR318W,YGL245W,0,2.360338,0.3385518491268158,0.17248255014419556,0.03381014242768288
YLL050C,YER100W,0,2.3584461,0.337890625,0.17248255014419556,0.033910173922777176
YDR298C,YML026C,0,2.3554058,0.33723196387290955,0.17248255014419556,0.03401020169258118
YBR127C,YDR456W,1,2.3551695,0.33852139115333557,0.17347955703735352,0.03401020169258118
YKL052C,YOR155C,0,2.353163,0.33786407113075256,0.17347955703735352,0.034110233187675476
YNL091W,YDR001C,0,2.352629,0.3372093141078949,0.17347955703735352,0.034210264682769775
YKR046C,YNL081C,0,2.3525546,0.3365570604801178,0.17347955703735352,0.034310292452573776
YMR220W,YLR023C,0,2.351814,0.33590734004974365,0.17347955703735352,0.034410323947668076
YGL206C,YJR015W,0,2.3484972,0.3352601230144501,0.17347955703735352,0.034510351717472076
YML057W,YCR008W,1,2.34672,0.3365384638309479,0.17447656393051147,0.034510351717472076
YMR303C,YHR143W,0,2.3443937,0.33589252829551697,0.17447656393051147,0.034610383212566376
YGL019W,YKR050W,1,2.34066,0.3371647596359253,0.17547358572483063,0.034610383212566376
YOL056W,YBL064C,0,2.3390791,0.33652007579803467,0.17547358572483063,0.034710414707660675
YMR071C,YDR160W,0,2.338944,0.3358778655529022,0.17547358572483063,0.034810442477464676
YMR298W,YBL088C,0,2.3382707,0.33523809909820557,0.17547358572483063,0.034910473972558975
YOR136W,YML114C,0,2.3375447,0.3346007466316223,0.17547358572483063,0.035010501742362976
YOL032W,YIL114C,0,2.3369606,0.33396583795547485,0.17547358572483063,0.035110533237457275
YNR030W,YLR439W,0,2.3361132,0.3333333432674408,0.17547358572483063,0.035210564732551575
YML131W,YLR064W,0,2.3352115,0.33270320296287537,0.17547358572483063,0.035310592502355576
YBL016W,YBL021C,0,2.3337386,0.33207547664642334,0.17547358572483063,0.035410623997449875
YGR220C,YCL045C,0,2.332219,0.33145010471343994,0.17547358572483063,0.035510651767253876
YKL146W,YPL123C,0,2.3320782,0.3308270573616028,0.17547358572483063,0.035610683262348175
YBL051C,YPL220W,0,2.331465,0.33020636439323425,0.17547358572483063,0.035710714757442474
YBR127C,YJR104C,1,2.3314226,0.3314606845378876,0.1764705926179886,0.035710714757442474
YLR447C,YPR036W,1,2.330616,0.33271026611328125,0.17746759951114655,0.035710714757442474
YLR144C,YNL133C,0,2.3298156,0.33208954334259033,0.17746759951114655,0.035810742527246475
YCR044C,YLR431C,0,2.3294806,0.33147114515304565,0.17746759951114655,0.035910774022340775
YLR089C,YKL011C,0,2.3292556,0.33085501194000244,0.17746759951114655,0.036010801792144775
YDR456W,YOR054C,1,2.3288028,0.33209648728370667,0.1784646064043045,0.036010801792144775
YGL020C,YDL185W,1,2.3285422,0.3333333432674408,0.17946161329746246,0.036010801792144775
YGR097W,YAL051W,0,2.3281276,0.3327171802520752,0.17946161329746246,0.036110833287239075
YJL221C,YML102W,0,2.327551,0.33210331201553345,0.17946161329746246,0.036210864782333374
YGR174C,YFR050C,0,2.3247116,0.33149170875549316,0.17946161329746246,0.036310892552137375
YGL166W,YGL017W,0,2.3236759,0.33088234066963196,0.17946161329746246,0.036410924047231674
YOR035C,YPL059W,0,2.3230205,0.3302752375602722,0.17946161329746246,0.036510951817035675
YDR456W,YDL142C,1,2.3218968,0.331501841545105,0.18045862019062042,0.036510951817035675
YGL115W,YPL265W,0,2.3214972,0.3308957815170288,0.18045862019062042,0.036610983312129974
YGR284C,YNL189W,0,2.3150008,0.3302919566631317,0.18045862019062042,0.036711014807224274
YMR105C,YJL093C,1,2.3136978,0.33151182532310486,0.18145562708377838,0.036711014807224274
YPR036W,YGL234W,0,2.3133442,0.3309091031551361,0.18145562708377838,0.036811042577028275
YPR098C,YOL042W,0,2.3130496,0.3303085267543793,0.18145562708377838,0.036911074072122574
YNL055C,YFR006W,0,2.312101,0.3297101557254791,0.18145562708377838,0.037011101841926575
YKL134C,YBR295W,1,2.3116183,0.3309222459793091,0.18245264887809753,0.037011101841926575
YKL150W,YKL077W,0,2.3113039,0.3303249180316925,0.18245264887809753,0.037111133337020874
YDL100C,YKL119C,1,2.306554,0.3315315246582031,0.1834496557712555,0.037111133337020874
YHR083W,YDL044C,0,2.3064132,0.3309352397918701,0.1834496557712555,0.03721116483211517
YOR332W,YMR058W,1,2.3049257,0.33213645219802856,0.18444666266441345,0.03721116483211517
YJL139C,YJL091C,0,2.3046236,0.3315412104129791,0.18444666266441345,0.037311192601919174
YNL306W,YPL181W,0,2.3024292,0.3309481143951416,0.18444666266441345,0.037411224097013474
YCR044C,YDR202C,1,2.3017204,0.3321428596973419,0.1854436695575714,0.037411224097013474
YCR065W,YDR289C,0,2.3013241,0.33155080676078796,0.1854436695575714,0.037511251866817474
YPR028W,YBL016W,0,2.300905,0.33096083998680115,0.1854436695575714,0.037611283361911774
YNL268W,YJR058C,0,2.300876,0.33037298917770386,0.1854436695575714,0.03771131485700607
YEL017C-A,YKL079W,0,2.3006551,0.3297872245311737,0.1854436695575714,0.037811342626810074
YJR047C,YDR432W,0,2.3005128,0.3292035460472107,0.1854436695575714,0.03791137412190437
YHR039C,YCR024C,0,2.3002567,0.32862189412117004,0.1854436695575714,0.038011401891708374
YIL062C,YJL116C,0,2.2996647,0.32804232835769653,0.1854436695575714,0.03811143338680267
YDR456W,YMR054W,1,2.2992198,0.3292253613471985,0.18644067645072937,0.03811143338680267
YMR307W,YDR316W,0,2.295606,0.3286467492580414,0.18644067645072937,0.03821146488189697
YPR107C,YKL179C,0,2.2934248,0.32807016372680664,0.18644067645072937,0.038311492651700974
YOR175C,YPR154W,0,2.2926426,0.32749563455581665,0.18644067645072937,0.03841152414679527
YEL060C,YKL060C,0,2.2919629,0.32692307233810425,0.18644067645072937,0.038511551916599274
YBR105C,YFR055W,0,2.2900045,0.3263525366783142,0.18644067645072937,0.03861158341169357
YMR021C,YLR023C,1,2.288915,0.32752612233161926,0.18743768334388733,0.03861158341169357
YEL065W,YEL027W,1,2.2873833,0.3286956548690796,0.1884346902370453,0.03861158341169357
YGR186W,YDR270W,0,2.2860963,0.328125,0.1884346902370453,0.03871161490678787
YER056C-A,YLR188W,0,2.2850964,0.327556312084198,0.1884346902370453,0.03881164267659187
YBR127C,YJL093C,1,2.284509,0.32871973514556885,0.18943171203136444,0.03881164267659187
YER053C,YDR006C,0,2.2840693,0.32815200090408325,0.18943171203136444,0.03891167417168617
YJL041W,YDR347W,0,2.2827723,0.32758620381355286,0.18943171203136444,0.03901170194149017
YGL032C,YPR154W,0,2.2816184,0.32702237367630005,0.18943171203136444,0.03911173343658447
YER143W,YMR116C,0,2.281373,0.32646048069000244,0.18943171203136444,0.03921176493167877
YOR316C,YMR316W,0,2.2804368,0.32590052485466003,0.18943171203136444,0.03931179270148277
YML132W,YDR182W,1,2.280368,0.32705479860305786,0.1904287189245224,0.03931179270148277
YPR018W,YNL264C,0,2.2802525,0.3264957368373871,0.1904287189245224,0.03941182419657707
YLL042C,YER033C,0,2.2796085,0.32593855261802673,0.1904287189245224,0.03951185196638107
YHR001W,YOL119C,0,2.2781827,0.3253833055496216,0.1904287189245224,0.03961188346147537
YMR105C,YDR456W,1,2.2760684,0.3265306055545807,0.19142572581768036,0.03961188346147537
YLR044C,YDR046C,0,2.2717562,0.3259762227535248,0.19142572581768036,0.03971191495656967
YKL080W,YHR006W,0,2.270909,0.3254237174987793,0.19142572581768036,0.03981194272637367
YPL069C,YLR089C,0,2.270211,0.32487308979034424,0.19142572581768036,0.03991197422146797
YLR433C,YJR040W,1,2.2688916,0.3260135054588318,0.19242273271083832,0.03991197422146797
YDL124W,YKL084W,0,2.2684405,0.32546374201774597,0.19242273271083832,0.04001200199127197
YOL123W,YNL229C,0,2.2677462,0.3249158263206482,0.19242273271083832,0.04011203348636627
YIL063C,YEL060C,0,2.267537,0.32436975836753845,0.19242273271083832,0.04021206498146057
YBR126C,YDL098C,0,2.266442,0.32382550835609436,0.19242273271083832,0.04031209275126457
YLR345W,YDR346C,0,2.2663505,0.3232830762863159,0.19242273271083832,0.04041212424635887
YIR036C,YKL043W,0,2.266165,0.3227424621582031,0.19242273271083832,0.04051215201616287
YOR381W,YGR092W,1,2.265303,0.3238731324672699,0.19341973960399628,0.04051215201616287
YPL048W,YKL005C,0,2.2648451,0.3233333230018616,0.19341973960399628,0.04061218351125717
YML054C,YNL221C,0,2.2639668,0.3227953314781189,0.19341973960399628,0.04071221500635147
YKL079W,YAR042W,0,2.2605777,0.3222591280937195,0.19341973960399628,0.04081224277615547
YMR318C,YHR016C,0,2.260245,0.32172471284866333,0.19341973960399628,0.04091227427124977
YKR087C,YDR005C,0,2.260224,0.32119205594062805,0.19341973960399628,0.04101230204105377
YDR236C,YER004W,0,2.2598317,0.32066115736961365,0.19341973960399628,0.04111233353614807
YLR204W,YKL091C,0,2.2596061,0.3201320171356201,0.19341973960399628,0.04121236503124237
YDR247W,YDR311W,0,2.2594445,0.3196046054363251,0.19341973960399628,0.04131239280104637
YDR328C,YGL006W,1,2.2588494,0.32072368264198303,0.19441674649715424,0.04131239280104637
YOR079C,YOR054C,1,2.2583947,0.3218390941619873,0.1954137533903122,0.04131239280104637
YPL015C,YML115C,0,2.257924,0.32131147384643555,0.1954137533903122,0.04141242429614067
YER023W,YGL198W,0,2.2575264,0.32078561186790466,0.1954137533903122,0.04151245206594467
YAL013W,YLR059C,0,2.2545984,0.3202614486217499,0.1954137533903122,0.04161248356103897
YEL065W,YJL165C,1,2.2538822,0.32137030363082886,0.19641076028347015,0.04161248356103897
YAL023C,YOL147C,0,2.253709,0.32084691524505615,0.19641076028347015,0.04171251505613327
YER169W,YBL020W,0,2.2527876,0.32032519578933716,0.19641076028347015,0.04181254282593727
YHR045W,YBR056W,0,2.2525947,0.31980520486831665,0.19641076028347015,0.04191257432103157
YLR071C,YNR059W,0,2.2513118,0.31928688287734985,0.19641076028347015,0.04201260209083557
YGL008C,YIL087C,0,2.2510822,0.31877022981643677,0.19641076028347015,0.04211263358592987
YGL201C,YLR136C,0,2.2490768,0.3182552456855774,0.19641076028347015,0.04221266508102417
YBR119W,YDL137W,0,2.2489173,0.31774193048477173,0.19641076028347015,0.04231269285082817
YML078W,YLR023C,0,2.248757,0.3172302842140198,0.19641076028347015,0.04241272434592247
YMR256C,YCR073C,0,2.2482936,0.31672024726867676,0.19641076028347015,0.04251275211572647
YMR216C,YGL020C,1,2.2440245,0.31781700253486633,0.1974077820777893,0.04251275211572647
YKL195W,YDL012C,0,2.243715,0.3173076808452606,0.1974077820777893,0.04261278361082077
YLR109W,YPL133C,0,2.2436557,0.31679999828338623,0.1974077820777893,0.04271281510591507
YDR236C,YML067C,0,2.2432082,0.3162939250469208,0.1974077820777893,0.04281284287571907
YOR270C,YPR036W,1,2.2430265,0.31738436222076416,0.19840478897094727,0.04281284287571907
YML038C,YLR340W,0,2.242203,0.3168789744377136,0.19840478897094727,0.04291287437081337
YGR076C,YLR220W,0,2.2414522,0.316375195980072,0.19840478897094727,0.04301290214061737
YJL151C,YBR122C,0,2.24002,0.31587302684783936,0.19840478897094727,0.04311293363571167
YBR279W,YIL041W,0,2.2393854,0.31537243723869324,0.19840478897094727,0.04321296513080597
YDL007W,YLR417W,0,2.2391107,0.31487342715263367,0.19840478897094727,0.04331299290060997
YDR127W,YML014W,0,2.2388499,0.31437599658966064,0.19840478897094727,0.04341302439570427
YEL051W,YDL198C,1,2.2387903,0.31545740365982056,0.19940179586410522,0.04341302439570427
YDL128W,YLR447C,1,2.2383196,0.31653544306755066,0.20039880275726318,0.04341302439570427
YGR057C,YLR089C,0,2.237247,0.31603774428367615,0.20039880275726318,0.04351305216550827
YOR381W,YDR182W,1,2.2370627,0.31711146235466003,0.20139580965042114,0.04351305216550827
YGR024C,YCR069W,0,2.2367427,0.31661441922187805,0.20139580965042114,0.04361308366060257
YML054C,YNL014W,0,2.2366111,0.31611892580986023,0.20139580965042114,0.04371311515569687
YLR023C,YGL086W,0,2.2360463,0.31562501192092896,0.20139580965042114,0.04381314292550087
YDR501W,YER089C,0,2.2356787,0.31513261795043945,0.20139580965042114,0.04391317442059517
YBR086C,YDR244W,0,2.2354333,0.3146417438983917,0.20139580965042114,0.04401320219039917
YJL093C,YKL208W,0,2.2349749,0.31415241956710815,0.20139580965042114,0.04411323368549347
YPL089C,YPL117C,0,2.2349706,0.31366458535194397,0.20139580965042114,0.04421326518058777
YGR186W,YKL138C,0,2.234439,0.31317830085754395,0.20139580965042114,0.04431329295039177
YBL030C,YPL055C,0,2.234411,0.3126935064792633,0.20139580965042114,0.04441332444548607
YCR044C,YEL031W,1,2.234255,0.3137558102607727,0.2023928165435791,0.04441332444548607
YEL050C,YML013W,0,2.230135,0.3132716119289398,0.2023928165435791,0.04451335221529007
YOR147W,YOR079C,1,2.2294705,0.31432974338531494,0.20338982343673706,0.04451335221529007
YER094C,YIL110W,0,2.2285116,0.3138461410999298,0.20338982343673706,0.04461338371038437
YKL040C,YLR136C,1,2.2259176,0.31490015983581543,0.2043868452310562,0.04461338371038437
YDL093W,YIL117C,0,2.225726,0.31441718339920044,0.2043868452310562,0.04471341520547867
YNL055C,YNL180C,0,2.2248905,0.31393566727638245,0.2043868452310562,0.04481344297528267
YDL132W,YNR007C,0,2.2239487,0.3134556710720062,0.2043868452310562,0.04491347447037697
YNL054W,YOR003W,0,2.222655,0.3129771053791046,0.2043868452310562,0.04501350224018097
YHL021C,YPL281C,0,2.220654,0.3125,0.2043868452310562,0.04511353373527527
YJR067C,YDR377W,0,2.2195497,0.3120243549346924,0.2043868452310562,0.04521356523036957
YCR105W,YJL076W,0,2.2190545,0.3115501403808594,0.2043868452310562,0.04531359300017357
YER025W,YNL306W,0,2.2184746,0.31107738614082336,0.2043868452310562,0.04541362449526787
YKL080W,YJL093C,1,2.2178187,0.3121212124824524,0.20538385212421417,0.04541362449526787
YDR158W,YDR028C,0,2.2172475,0.31164902448654175,0.20538385212421417,0.04551365226507187
YNL305C,YJL091C,0,2.2169402,0.3111782371997833,0.20538385212421417,0.04561368376016617
YGL002W,YNL289W,0,2.2163906,0.3107089102268219,0.20538385212421417,0.04571371525526047
YER131W,YOR156C,0,2.2137268,0.3102409541606903,0.20538385212421417,0.04581374302506447
YDR031W,YIL053W,0,2.2132182,0.3097744286060333,0.20538385212421417,0.04591377452015877
YAL012W,YLR283W,0,2.2130194,0.30930930376052856,0.20538385212421417,0.04601380228996277
YGL054C,YGL157W,0,2.2120967,0.308845579624176,0.20538385212421417,0.04611383378505707
YJR059W,YDR376W,1,2.2098074,0.30988022685050964,0.20638085901737213,0.04611383378505707
YLR023C,YKL190W,1,2.2090597,0.31091180443763733,0.2073778659105301,0.04611383378505707
YOR132W,YDR536W,0,2.2086227,0.3104477524757385,0.2073778659105301,0.04621386528015137
YLR055C,YLR075W,0,2.2071457,0.30998510122299194,0.2073778659105301,0.04631389304995537
YAL021C,YGR279C,0,2.2064161,0.3095238208770752,0.2073778659105301,0.04641392454504967
YGR170W,YKL079W,0,2.2058823,0.3090638816356659,0.2073778659105301,0.04651395604014397
YKL211C,YML130C,0,2.205654,0.3086053431034088,0.2073778659105301,0.04661398380994797
YKR046C,YHR187W,0,2.2055542,0.3081481456756592,0.2073778659105301,0.04671401530504227
YNL288W,YBR176W,0,2.2052734,0.3076923191547394,0.2073778659105301,0.04681404307484627
YBR097W,YKR039W,0,2.2048457,0.30723780393600464,0.2073778659105301,0.04691407456994057
YHR167W,YOL100W,0,2.2045624,0.30678465962409973,0.2073778659105301,0.047014106065034866
YGL155W,YDR436W,1,2.2031074,0.307805597782135,0.20837487280368805,0.047014106065034866
YHR037W,YGR191W,0,2.201701,0.3073529303073883,0.20837487280368805,0.04711413383483887
YPR057W,YER015W,0,2.201488,0.30690160393714905,0.20837487280368805,0.047214165329933167
YHR026W,YDR202C,1,2.200514,0.30791789293289185,0.209371879696846,0.047214165329933167
YGL006W,YKL119C,1,2.2004654,0.3089311718940735,0.21036888659000397,0.047214165329933167
YDR376W,YDR492W,1,2.2004132,0.30994153022766113,0.21136590838432312,0.047214165329933167
YLR189C,YFR004W,0,2.199947,0.30948904156684875,0.21136590838432312,0.04731419309973717
YDR098C,YOR157C,0,2.1997602,0.3090378940105438,0.21136590838432312,0.04741422459483147
YOR039W,YDR202C,1,2.1993382,0.31004366278648376,0.21236291527748108,0.04741422459483147
YOR026W,YIL148W,0,2.1991096,0.3095930218696594,0.21236291527748108,0.047514256089925766
YGR208W,YLR023C,0,2.1981509,0.30914369225502014,0.21236291527748108,0.04761428385972977
YDL147W,YHR123W,0,2.1979887,0.30869564414024353,0.21236291527748108,0.047714315354824066
YGL134W,YLR275W,0,2.1974795,0.308248907327652,0.21236291527748108,0.04781434312462807
YGR086C,YIL043C,0,2.1972628,0.3078034818172455,0.21236291527748108,0.047914374619722366
YPR036W,YML009C,0,2.1961985,0.3073593080043793,0.21236291527748108,0.048014406114816666
YEL071W,YNL009W,0,2.194976,0.30691641569137573,0.21236291527748108,0.048114433884620667
YGR279C,YDR235W,0,2.1945379,0.30647483468055725,0.21236291527748108,0.048214465379714966
YLR418C,YGR209C,0,2.194085,0.30603447556495667,0.21236291527748108,0.04831449314951897
YLR083C,YPR155C,0,2.1939175,0.30559539794921875,0.21236291527748108,0.048414524644613266
YCL040W,YGL141W,0,2.192911,0.3051576018333435,0.21236291527748108,0.048514556139707565
YDR342C,YLR066W,0,2.1920054,0.30472102761268616,0.21236291527748108,0.048614583909511566
YGL059W,YPR128C,0,2.1909268,0.3042857050895691,0.21236291527748108,0.048714615404605865
YNL116W,YBR023C,0,2.1904356,0.3038516342639923,0.21236291527748108,0.048814643174409866
YHR106W,YGL207W,0,2.1900127,0.3034188151359558,0.21236291527748108,0.048914674669504166
YIR022W,YJL157C,0,2.1899517,0.3029871881008148,0.21236291527748108,0.049014706164598465
YOR303W,YKL195W,0,2.1878314,0.3025568127632141,0.21236291527748108,0.049114733934402466
YDL142C,YOR039W,1,2.1877189,0.30354610085487366,0.21335992217063904,0.049114733934402466
YDR256C,YCR009C,0,2.186185,0.3031161427497864,0.21335992217063904,0.049214765429496765
YGL019W,YJR033C,1,2.1861463,0.304101824760437,0.214356929063797,0.049214765429496765
YHL015W,YPL133C,0,2.1856983,0.30367231369018555,0.214356929063797,0.049314793199300766
YJL196C,YCL064C,0,2.1842568,0.3032439947128296,0.214356929063797,0.049414824694395065
YKL054C,YER133W,0,2.183484,0.30281689763069153,0.214356929063797,0.049514856189489365
YLR138W,YPL234C,1,2.1832106,0.3037974536418915,0.21535393595695496,0.049514856189489365
YPL047W,YDL146W,0,2.1830952,0.30337077379226685,0.21535393595695496,0.049614883959293365
YOR381W,YJL093C,1,2.182877,0.30434781312942505,0.21635094285011292,0.049614883959293365
YBR133C,YMR058W,0,2.18062,0.30392158031463623,0.21635094285011292,0.049714915454387665
YLR109W,YMR056C,0,2.1803777,0.30349650979042053,0.21635094285011292,0.049814943224191666
YGR154C,YPL221W,0,2.1788104,0.30307263135910034,0.21635094285011292,0.049914974719285965
YFL022C,YKL087C,0,2.1774662,0.30264994502067566,0.21635094285011292,0.050015006214380264
YDR487C,YKL086W,0,2.1759255,0.3022284209728241,0.21635094285011292,0.050115033984184265
YNL007C,YGR215W,0,2.174615,0.30180805921554565,0.21635094285011292,0.050215065479278564
YAL030W,YGL198W,0,2.1733286,0.3013888895511627,0.21635094285011292,0.050315093249082565
YGR254W,YML042W,0,2.1732936,0.3009708821773529,0.21635094285011292,0.050415124744176865
YKL134C,YPL234C,1,2.171426,0.30193907022476196,0.21734794974327087,0.050415124744176865
YPR065W,YDR273W,0,2.1709573,0.3015214502811432,0.21734794974327087,0.050515156239271164
YCL038C,YOR076C,0,2.1707938,0.30110496282577515,0.21734794974327087,0.050615184009075165
YLR007W,YBR122C,0,2.1706483,0.3006896674633026,0.21734794974327087,0.050715215504169464
YJR059W,YOR039W,1,2.1702542,0.3016528785228729,0.21834497153759003,0.050715215504169464
YNL220W,YKR093W,0,2.1694856,0.30123797059059143,0.21834497153759003,0.050815243273973465
YNL263C,YKL006W,0,2.1689174,0.3008241653442383,0.21834497153759003,0.050915274769067764
YIL035C,YMR058W,1,2.1687367,0.3017832636833191,0.21934197843074799,0.050915274769067764
YKL109W,YNL038W,0,2.1676881,0.30136987566947937,0.21934197843074799,0.051015306264162064
YPL202C,YKL190W,1,2.1675212,0.302325576543808,0.22033898532390594,0.051015306264162064
YNL229C,YPR181C,0,2.166055,0.3019125759601593,0.22033898532390594,0.051115334033966064
YNL005C,YLR396C,0,2.165611,0.30150067806243896,0.22033898532390594,0.051215365529060364
YBR234C,YBL003C,0,2.1654627,0.30108991265296936,0.22033898532390594,0.051315393298864365
YGL065C,YFL024C,0,2.1632252,0.3006802797317505,0.22033898532390594,0.051415424793958664
YKL146W,YLL053C,0,2.163027,0.30027174949645996,0.22033898532390594,0.05151545628905296
YDL210W,YLR093C,0,2.1627083,0.2998643219470978,0.22033898532390594,0.051615484058856964
YML001W,YCR079W,0,2.1604044,0.29945799708366394,0.22033898532390594,0.05171551555395126
YBR149W,YDR487C,0,2.1601765,0.29905277490615845,0.22033898532390594,0.051815543323755264
YLR138W,YGR020C,1,2.1600902,0.30000001192092896,0.2213359922170639,0.051815543323755264
YDR155C,YGR256W,0,2.1593559,0.2995951473712921,0.2213359922170639,0.051915574818849564
YML024W,YLR066W,0,2.1589148,0.2991913855075836,0.2213359922170639,0.05201560631394386
YOR167C,YBR221C,0,2.1583712,0.2987886965274811,0.2213359922170639,0.052115634083747864
YOR381W,YHR194W,1,2.1568363,0.29973119497299194,0.22233299911022186,0.052115634083747864
YPL001W,YAR015W,0,2.1559665,0.29932886362075806,0.22233299911022186,0.05221566557884216
YOR125C,YMR149W,0,2.1556103,0.2989276051521301,0.22233299911022186,0.052315693348646164
YPL152W,YLR427W,0,2.1551619,0.29852744936943054,0.22233299911022186,0.05241572484374046
YGR135W,YDL185W,0,2.1550615,0.2981283366680145,0.22233299911022186,0.05251575633883476
YNR011C,YJR025C,0,2.1550562,0.29773029685020447,0.22233299911022186,0.05261578410863876
YOR265W,YAL007C,0,2.1520495,0.29733332991600037,0.22233299911022186,0.05271581560373306
YLR120C,YLR032W,0,2.1519063,0.29693740606307983,0.22233299911022186,0.052815843373537064
YJL143W,YPR034W,0,2.1517274,0.29654255509376526,0.22233299911022186,0.05291587486863136
YPL177C,YOR174W,0,2.14969,0.29614874720573425,0.22233299911022186,0.05301590636372566
YHL015W,YCL017C,0,2.1490703,0.2957559823989868,0.22233299911022186,0.05311593413352966
YDR097C,YLR216C,0,2.148702,0.29536423087120056,0.22233299911022186,0.05321596562862396
YDR268W,YER167W,0,2.148549,0.29497355222702026,0.22233299911022186,0.05331599339842796
YOR332W,YDR270W,1,2.1484964,0.29590487480163574,0.22333000600337982,0.05331599339842796
YGL019W,YGL020C,1,2.1467822,0.2968337833881378,0.22432701289653778,0.05331599339842796
YDR456W,YFR055W,1,2.1464396,0.2977602183818817,0.22532403469085693,0.05331599339842796
YJR139C,YIL153W,0,2.1463904,0.2973684072494507,0.22532403469085693,0.05341602489352226
YBR160W,YFL041W,0,2.145945,0.2969776690006256,0.22532403469085693,0.05351605638861656
YOR201C,YMR036C,0,2.1459167,0.29658791422843933,0.22532403469085693,0.05361608415842056
YGL179C,YDL110C,0,2.1455524,0.2961992025375366,0.22532403469085693,0.05371611565351486
YER174C,YKR050W,1,2.1455038,0.29712042212486267,0.2263210415840149,0.05371611565351486
YDR328C,YLR447C,1,2.143531,0.2980392277240753,0.22731804847717285,0.05371611565351486
YOR087W,YMR301C,1,2.1434033,0.29895561933517456,0.2283150553703308,0.05371611565351486
YNL030W,YNL294C,0,2.1426759,0.2985658347606659,0.2283150553703308,0.05381614342331886
YMR054W,YJL165C,1,2.141806,0.2994791567325592,0.22931206226348877,0.05381614342331886
YHR019C,YKL167C,0,2.1409473,0.2990897297859192,0.22931206226348877,0.05391617491841316
YGL006W,YBR127C,1,2.1393325,0.30000001192092896,0.23030906915664673,0.05391617491841316
YMR266W,YBR083W,0,2.1391892,0.2996108829975128,0.23030906915664673,0.05401620641350746
YCL017C,YMR134W,1,2.134609,0.30051812529563904,0.2313060760498047,0.05401620641350746
YFR025C,YBR001C,0,2.1340702,0.30012935400009155,0.2313060760498047,0.05411623418331146
YJR086W,YFR003C,0,2.1336167,0.29974159598350525,0.2313060760498047,0.05421626567840576
YCL017C,YER174C,1,2.1333737,0.3006451725959778,0.23230309784412384,0.05421626567840576
YER044C,YML091C,0,2.1329422,0.30025774240493774,0.23230309784412384,0.05431629344820976
YDL178W,YDR358W,0,2.131645,0.2998712956905365,0.23230309784412384,0.05441632494330406
YML101C,YJR099W,0,2.1293488,0.29948586225509644,0.23230309784412384,0.05451635643839836
YPR025C,YLR147C,0,2.1281579,0.29910141229629517,0.23230309784412384,0.05461638420820236
YKR061W,YLR174W,0,2.1278932,0.2987179458141327,0.23230309784412384,0.05471641570329666
YPL001W,YBR268W,0,2.1269972,0.298335462808609,0.23230309784412384,0.05481644347310066
YGL196W,YGL255W,0,2.126969,0.2979539632797241,0.23230309784412384,0.05491647496819496
YOL058W,YBR216C,0,2.1252387,0.297573447227478,0.23230309784412384,0.05501650646328926
YOR010C,YKR010C,0,2.1250293,0.29719388484954834,0.23230309784412384,0.05511653423309326
YPL234C,YHR194W,1,2.1240988,0.2980891764163971,0.2333001047372818,0.05511653423309326
YFR008W,YNL209W,0,2.1230772,0.2977099120616913,0.2333001047372818,0.05521656572818756
YPL224C,YNL222W,0,2.1203058,0.29733163118362427,0.2333001047372818,0.05531659349799156
YOR061W,YDR202C,1,2.1202528,0.2982233464717865,0.23429711163043976,0.05531659349799156
YCR008W,YOR039W,1,2.1196375,0.29911279678344727,0.23529411852359772,0.05531659349799156
YHL028W,YDR534C,0,2.1183226,0.298734188079834,0.23529411852359772,0.05541662499308586
YJL167W,YPL132W,0,2.1175263,0.2983565032482147,0.23529411852359772,0.05551665648818016
YDL124W,YOR131C,0,2.1174977,0.29797980189323425,0.23529411852359772,0.05561668425798416
YJR139C,YDR338C,0,2.117274,0.2976040244102478,0.23529411852359772,0.05571671575307846
YMR242C,YER042W,0,2.1171262,0.29722923040390015,0.23529411852359772,0.05581674352288246
YOR389W,YER183C,0,2.115521,0.2968553602695465,0.23529411852359772,0.05591677501797676
YDR128W,YML063W,0,2.115351,0.2964824140071869,0.23529411852359772,0.05601680651307106
YLL053C,YOL126C,0,2.113999,0.2961104214191437,0.23529411852359772,0.05611683428287506
YOR175C,YLR414C,0,2.113629,0.2957393527030945,0.23529411852359772,0.05621686577796936
YML100W,YNL149C,0,2.112604,0.2953692078590393,0.23529411852359772,0.05631689354777336
YDL102W,YFR044C,0,2.1101224,0.29499998688697815,0.23529411852359772,0.05641692504286766
YBR054W,YLR324W,0,2.1098588,0.2946317195892334,0.23529411852359772,0.05651695653796196
YHR013C,YLR071C,0,2.1094549,0.2942643463611603,0.23529411852359772,0.05661698430776596
YCL047C,YIL155C,0,2.1088235,0.2938978970050812,0.23529411852359772,0.05671701580286026
YPR065W,YAL015C,0,2.1085584,0.2935323417186737,0.23529411852359772,0.05681704357266426
YKL039W,YLR414C,0,2.1059191,0.29316771030426025,0.23529411852359772,0.05691707506775856
YJR049C,YBR024W,1,2.1058936,0.2940446734428406,0.23629112541675568,0.05691707506775856
YDL134C,YPL010W,0,2.105619,0.2936803102493286,0.23629112541675568,0.05701710656285286
YNL051W,YDL132W,0,2.10518,0.2933168411254883,0.23629112541675568,0.05711713433265686
YKL039W,YJL002C,0,2.102867,0.2929542660713196,0.23629112541675568,0.05721716582775116
YLR403W,YAL008W,0,2.0997841,0.2925925850868225,0.23629112541675568,0.05731719359755516
YHR001W-A,YGR124W,0,2.0988104,0.29223179817199707,0.23629112541675568,0.05741722509264946
YNL287W,YDL161W,0,2.0970674,0.29187193512916565,0.23629112541675568,0.05751725658774376
YNR061C,YMR037C,0,2.096524,0.2915129065513611,0.23629112541675568,0.05761728435754776
YKL146W,YDR346C,0,2.0961583,0.29115480184555054,0.23629112541675568,0.05771731585264206
YER155C,YNL037C,0,2.093763,0.29079753160476685,0.23629112541675568,0.05781734362244606
YBR003W,YLR367W,0,2.0932682,0.2904411852359772,0.23629112541675568,0.05791737511754036
YGR231C,YBR105C,0,2.0928433,0.29008567333221436,0.23629112541675568,0.05801740661263466
YOR147W,YDR456W,1,2.0925517,0.29095354676246643,0.23728813230991364,0.05801740661263466
YHR194W,YLR136C,1,2.0921657,0.291819304227829,0.2382851392030716,0.05801740661263466
YOR079C,YDR065W,1,2.0920835,0.2926829159259796,0.23928214609622955,0.05801740661263466
YBL069W,YCL050C,0,2.0909574,0.292326420545578,0.23928214609622955,0.05811743438243866
YDR276C,YHR032W,0,2.0896842,0.29197078943252563,0.23928214609622955,0.05821746587753296
YNL336W,YEL063C,0,2.089421,0.2916160523891449,0.23928214609622955,0.05831749364733696
YOR075W,YKR058W,0,2.0881236,0.291262149810791,0.23928214609622955,0.05841752514243126
YBL060W,YMR149W,0,2.0870223,0.290909081697464,0.23928214609622955,0.05851755663752556
YPL177C,YLR447C,1,2.0863044,0.29176756739616394,0.2402791678905487,0.05851755663752556
YDR434W,YLR293C,0,2.0847929,0.291414737701416,0.2402791678905487,0.05861758440732956
YKR094C,YAL044C,0,2.0841458,0.2910628020763397,0.2402791678905487,0.05871761590242386
YPR165W,YDR001C,0,2.0827157,0.2907117009162903,0.2402791678905487,0.05881764367222786
YJL013C,YLR373C,0,2.0825973,0.2903614342212677,0.2402791678905487,0.05891767516732216
YMR041C,YJL133W,0,2.0821152,0.29001203179359436,0.2402791678905487,0.05901770666241646
YOL060C,YEL051W,1,2.0819185,0.29086539149284363,0.24127617478370667,0.05901770666241646
YDR301W,YDR270W,0,2.0814989,0.290516197681427,0.24127617478370667,0.05911773443222046
YIL065C,YDL108W,0,2.0806563,0.2901678681373596,0.24127617478370667,0.05921776592731476
YHR067W,YAL015C,0,2.080412,0.2898203730583191,0.24127617478370667,0.05931779369711876
YER161C,YAL015C,0,2.0788233,0.28947368264198303,0.24127617478370667,0.05941782519221306
YOR249C,YPR067W,0,2.0784247,0.28912782669067383,0.24127617478370667,0.05951785668730736
YLR034C,YMR021C,1,2.0778706,0.2899761199951172,0.24227318167686462,0.05951785668730736
YIL109C,YPR098C,0,2.076074,0.2896305024623871,0.24227318167686462,0.05961788445711136
YHR133C,YEL039C,0,2.0754285,0.28928571939468384,0.24227318167686462,0.05971791595220566
YDR342C,YIL138C,0,2.0741932,0.28894174098968506,0.24227318167686462,0.05981794372200966
YDR019C,YML061C,0,2.0717807,0.28859856724739075,0.24227318167686462,0.05991797521710396
YDR135C,YGR284C,0,2.071339,0.2882562279701233,0.24227318167686462,0.06001800671219826
YER026C,YJL168C,0,2.069677,0.2879146933555603,0.24227318167686462,0.06011803448200226
YKL152C,YBR258C,0,2.069667,0.2875739634037018,0.24227318167686462,0.06021806597709656
YDR372C,YGR121C,0,2.068314,0.28723403811454773,0.24227318167686462,0.06031809374690056
YER143W,YPR063C,0,2.0674942,0.28689491748809814,0.24227318167686462,0.06041812524199486
YML086C,YPL103C,0,2.0663648,0.286556601524353,0.24227318167686462,0.06051815673708916
YFR044C,YAL008W,0,2.0652645,0.2862190902233124,0.24227318167686462,0.06061818450689316
YDL141W,YDR074W,0,2.06303,0.2858823537826538,0.24227318167686462,0.06071821600198746
YCL035C,YPR131C,0,2.0629566,0.2855464220046997,0.24227318167686462,0.06081824377179146
YKL096W,YLR170C,0,2.062629,0.2852112650871277,0.24227318167686462,0.06091827526688576
YLR138W,YJR033C,1,2.0619042,0.2860492467880249,0.24327018857002258,0.06091827526688576
YHR165C,YGR244C,0,2.0590956,0.2857142984867096,0.24327018857002258,0.06101830676198006
YCR044C,YDR182W,1,2.057634,0.28654971718788147,0.24426719546318054,0.06101830676198006
YCR044C,YML011C,0,2.0557327,0.2862149477005005,0.24426719546318054,0.06111833453178406
YJL063C,YER184C,0,2.054962,0.285880982875824,0.24426719546318054,0.06121836602687836
YDL100C,YBR024W,1,2.0547676,0.28671327233314514,0.2452642023563385,0.06121836602687836
YMR029C,YOR044W,0,2.0546076,0.28637951612472534,0.2452642023563385,0.06131839379668236
YLR010C,YNR039C,0,2.0541074,0.28604650497436523,0.2452642023563385,0.06141842529177666
YDR055W,YJR075W,0,2.052417,0.2857142984867096,0.2452642023563385,0.061518456786870956
YML024W,YGR181W,0,2.0513048,0.28538283705711365,0.2452642023563385,0.06161848455667496
YDR477W,YJL165C,0,2.0504782,0.2850521504878998,0.2452642023563385,0.06171851605176926
YAL053W,YDL091C,0,2.0495856,0.2847222089767456,0.2452642023563385,0.06181854382157326
YOL027C,YCR044C,1,2.047743,0.285549134016037,0.24626120924949646,0.06181854382157326
YBR244W,YDR022C,0,2.0466921,0.2852194011211395,0.24626120924949646,0.06191857531666756
YPL088W,YBR191W,0,2.046261,0.28489041328430176,0.24626120924949646,0.062018606811761856
YDR123C,YNL134C,0,2.0456192,0.28456220030784607,0.24626120924949646,0.06211863458156586
YER127W,YGL184C,0,2.044984,0.28423476219177246,0.24626120924949646,0.062218666076660156
YER100W,YLR297W,0,2.0428493,0.28390803933143616,0.24626120924949646,0.06231869384646416
YAR008W,YDR105C,0,2.0425775,0.28358209133148193,0.24626120924949646,0.062418725341558456
YGR122W,YKL208W,0,2.0425198,0.2832568883895874,0.24626120924949646,0.06251875311136246
YBR135W,YNL046W,0,2.042159,0.28293243050575256,0.24626120924949646,0.06261878460645676
YER026C,YLR229C,0,2.0421226,0.28260868787765503,0.24626120924949646,0.06271881610155106
YGR038W,YPL133C,0,2.0420063,0.2822857201099396,0.24626120924949646,0.06281884759664536
YLR192C,YDR394W,0,2.0418143,0.2819634675979614,0.24626120924949646,0.06291887909173965
YPR134W,YKR089C,0,2.040888,0.28164196014404297,0.24626120924949646,0.06301890313625336
YOR147W,YBR295W,1,2.038334,0.28246012330055237,0.2472582310438156,0.06301890313625336
YDR315C,YKL016C,0,2.035127,0.28213879466056824,0.2472582310438156,0.06311893463134766
YGL020C,YDR376W,1,2.034962,0.28295454382896423,0.24825523793697357,0.06311893463134766
YML016C,YER133W,1,2.0342453,0.2837684452533722,0.24925224483013153,0.06311893463134766
YPR032W,YLR174W,0,2.0334167,0.28344669938087463,0.24925224483013153,0.06321896612644196
YCR042C,YOR381W,0,2.0329869,0.28312569856643677,0.24925224483013153,0.06331899762153625
YLR126C,YKL040C,1,2.0312638,0.28393664956092834,0.2502492666244507,0.06331899762153625
YHR064C,YDL132W,0,2.0308216,0.2836158275604248,0.2502492666244507,0.06341902911663055
YHR142W,YNL288W,0,2.0306108,0.28329572081565857,0.2502492666244507,0.06351905316114426
YJL174W,YLR034C,0,2.028779,0.28297632932662964,0.2502492666244507,0.06361908465623856
YJL094C,YHR181W,0,2.0277665,0.282657653093338,0.2502492666244507,0.06371911615133286
YLR176C,YNL069C,0,2.0271323,0.2823397219181061,0.2502492666244507,0.06381914764642715
YLR355C,YGL137W,0,2.0263388,0.28202247619628906,0.2502492666244507,0.06391917914152145
YGL155W,YLR136C,1,2.0253842,0.28282827138900757,0.25124627351760864,0.06391917914152145
YJL209W,YEL051W,0,2.0249026,0.2825112044811249,0.25124627351760864,0.06401920318603516
YPL228W,YAL041W,0,2.023614,0.2821948528289795,0.25124627351760864,0.06411923468112946
YMR067C,YML115C,0,2.0230095,0.281879186630249,0.25124627351760864,0.06421926617622375
YHR121W,YKL060C,0,2.0227864,0.28156423568725586,0.25124627351760864,0.06431929767131805
YHL015W,YKL063C,0,2.0227404,0.28125,0.25124627351760864,0.06441932916641235
YBL006C,YLR007W,0,2.0222795,0.28093644976615906,0.25124627351760864,0.06451935321092606
YLR138W,YNL259C,1,2.022069,0.28173720836639404,0.2522432804107666,0.06451935321092606
YOR250C,YMR091C,0,2.0218399,0.28142380714416504,0.2522432804107666,0.06461938470602036
YML110C,YMR021C,0,2.0210674,0.28111112117767334,0.2522432804107666,0.06471941620111465
YDR328C,YMR243C,1,2.0206735,0.2819089889526367,0.25324028730392456,0.06471941620111465
YOL060C,YLR136C,1,2.0196545,0.2827050983905792,0.2542372941970825,0.06471941620111465
YJR059W,YHR026W,1,2.019455,0.28349944949150085,0.2552343010902405,0.06471941620111465
YGL006W,YDR348C,0,2.0155437,0.28318583965301514,0.2552343010902405,0.06481944769620895
YOR303W,YJR073C,0,2.015519,0.28287291526794434,0.2552343010902405,0.06491947919130325
YKL141W,YLR138W,0,2.0138996,0.28256070613861084,0.2552343010902405,0.06501950323581696
YLR100W,YOR043W,0,2.0137691,0.28224918246269226,0.2552343010902405,0.06511953473091125
YNL029C,YDL137W,0,2.0126622,0.2819383144378662,0.2552343010902405,0.06521956622600555
YDR158W,YLR188W,0,2.011724,0.28162816166877747,0.2552343010902405,0.06531959772109985
YJL165C,YML132W,1,2.0115833,0.2824175953865051,0.25623130798339844,0.06531959772109985
YOL044W,YLL014W,0,2.010072,0.28210756182670593,0.25623130798339844,0.06541962921619415
YEL071W,YHR118C,0,2.0097277,0.28179824352264404,0.25623130798339844,0.06551965326070786
YKL157W,YHR147C,0,2.0096147,0.2814895808696747,0.25623130798339844,0.06561968475580215
YNR043W,YJL091C,0,2.0090883,0.2811816334724426,0.25623130798339844,0.06571971625089645
YEL017C-A,YCL017C,0,2.0070763,0.2808743119239807,0.25623130798339844,0.06581974774599075
YIR022W,YPL280W,0,2.0063646,0.2805676758289337,0.25623130798339844,0.06591977924108505
YDR534C,YDR328C,0,2.0037754,0.28026172518730164,0.25623130798339844,0.06601980328559875
YKL012W,YHR181W,0,2.0033457,0.2799564301967621,0.25623130798339844,0.06611983478069305
YDL185W,YMR221C,0,2.002855,0.27965179085731506,0.25623130798339844,0.06621986627578735
YDR359C,YEL050C,0,2.0018675,0.27934783697128296,0.25623130798339844,0.06631989777088165
YNL181W,YBR133C,0,2.0015247,0.279044508934021,0.25623130798339844,0.06641992926597595
YDR500C,YMR226C,0,2.0013087,0.27874186635017395,0.25623130798339844,0.06651995331048965
YCR008W,YBR036C,1,2.0002809,0.2795232832431793,0.2572283148765564,0.06651995331048965
YHR045W,YGL017W,0,2.0002778,0.2792207896709442,0.2572283148765564,0.06661998480558395
YKL119C,YLR447C,1,2.0000603,0.2800000011920929,0.25822532176971436,0.06661998480558395
YCL017C,YKL190W,1,1.9993443,0.28077754378318787,0.2592223286628723,0.06661998480558395
YER095W,YGR024C,0,1.9986699,0.2804746627807617,0.2592223286628723,0.06672001630067825
YDR013W,YOL027C,0,1.9971163,0.2801724076271057,0.2592223286628723,0.06682004779577255
YPL117C,YER083C,0,1.9969194,0.2798708379268646,0.2592223286628723,0.06692007929086685
YML057W,YDL185W,1,1.9967906,0.2806451618671417,0.2602193355560303,0.06692007929086685
YJR046W,YBL045C,0,1.9956753,0.2803437113761902,0.2602193355560303,0.06702010333538055
YPL135W,YML046W,0,1.9945333,0.2800429165363312,0.2602193355560303,0.06712013483047485
YIL117C,YER044C,0,1.993521,0.2797427773475647,0.2602193355560303,0.06722016632556915
YNL252C,YNL101W,0,1.9934709,0.27944326400756836,0.2602193355560303,0.06732019782066345
YMR150C,YDL066W,0,1.9920745,0.27914437651634216,0.2602193355560303,0.06742022931575775
YMR177W,YBL102W,0,1.9920092,0.2788461446762085,0.2602193355560303,0.06752025336027145
YDL185W,YKR050W,1,1.989414,0.2796157896518707,0.26121634244918823,0.06752025336027145
YOR316C,YDR436W,1,1.9889319,0.28038379549980164,0.2622133493423462,0.06752025336027145
YNR036C,YAR003W,0,1.9887435,0.2800852060317993,0.2622133493423462,0.06762028485536575
YOR103C,YDR050C,0,1.988204,0.27978724241256714,0.2622133493423462,0.06772031635046005
YDL128W,YDL142C,1,1.9878571,0.28055259585380554,0.26321035623550415,0.06772031635046005
YBR082C,YPR154W,0,1.9878442,0.2802547812461853,0.26321035623550415,0.06782034784555435
YDR382W,YEL004W,0,1.987659,0.2799575924873352,0.26321035623550415,0.06792037934064865
YIL063C,YLR421C,0,1.9873581,0.27966102957725525,0.26321035623550415,0.06802040338516235
YKR100C,YCR020C,0,1.9869177,0.27936509251594543,0.26321035623550415,0.06812043488025665
YDR177W,YMR208W,0,1.9845645,0.27906978130340576,0.26321035623550415,0.06822046637535095
YNL312W,YKL184W,0,1.9831216,0.27877506613731384,0.26321035623550415,0.06832049787044525
YGR217W,YNL263C,0,1.9827347,0.27848100662231445,0.26321035623550415,0.06842052936553955
YJL165C,YOR259C,0,1.9815729,0.2781875729560852,0.26321035623550415,0.06852055341005325
YKL134C,YHR026W,1,1.9812694,0.2789473831653595,0.2642073631286621,0.06852055341005325
YMR139W,YDL168W,0,1.9806957,0.2786540389060974,0.2642073631286621,0.06862058490514755
YIL035C,YLR034C,1,1.980674,0.27941176295280457,0.26520439982414246,0.06862058490514755
YOL075C,YLL026W,0,1.9804311,0.2791185677051544,0.26520439982414246,0.06872061640024185
YNL173C,YBR248C,0,1.9802754,0.2788259983062744,0.26520439982414246,0.06882064789533615
YNL094W,YGL065C,0,1.9802716,0.27853402495384216,0.26520439982414246,0.06892067939043045
YCR089W,YPR154W,0,1.979456,0.27824267745018005,0.26520439982414246,0.06902070343494415
YGL065C,YDR016C,0,1.9789252,0.2779519259929657,0.26520439982414246,0.06912073493003845
YLR090W,YAR071W,0,1.9787562,0.2776618003845215,0.26520439982414246,0.06922076642513275
YOR250C,YJL154C,0,1.9786637,0.277372270822525,0.26520439982414246,0.06932079792022705
YNR032W,YDR012W,0,1.9768648,0.2770833373069763,0.26520439982414246,0.06942082941532135
YGR080W,YDR239C,0,1.9765172,0.27679499983787537,0.26520439982414246,0.06952085345983505
YBR166C,YDL181W,0,1.9743783,0.27650728821754456,0.26520439982414246,0.06962088495492935
YOR087W,YOR270C,1,1.972321,0.27725857496261597,0.2662014067173004,0.06962088495492935
YOR208W,YML048W,0,1.972043,0.2769709527492523,0.2662014067173004,0.06972091645002365
YKL100C,YDL043C,0,1.9715519,0.2766839265823364,0.2662014067173004,0.06982094794511795
YCR102C,YBR109C,0,1.9710784,0.2763975262641907,0.2662014067173004,0.06992097944021225
YMR220W,YKR039W,0,1.9707679,0.2761116921901703,0.2662014067173004,0.07002100348472595
YPR067W,YMR166C,0,1.9705136,0.27582645416259766,0.2662014067173004,0.07012103497982025
YLR220W,YKL190W,1,1.9695908,0.2765737771987915,0.2671984136104584,0.07012103497982025
YGL231C,YBR077C,0,1.9690099,0.2762886583805084,0.2671984136104584,0.07022106647491455
YLR439W,YBR106W,0,1.9684584,0.2760041058063507,0.2671984136104584,0.07032109797000885
YPR081C,YNL222W,0,1.9684383,0.27572017908096313,0.2671984136104584,0.07042112946510315
YER007C-A,YOL031C,0,1.9682817,0.27543678879737854,0.2671984136104584,0.07052115350961685
YOR103C,YLR079W,0,1.968078,0.2751539945602417,0.2671984136104584,0.07062118500471115
YER044C,YLR059C,0,1.9677777,0.2748717963695526,0.2671984136104584,0.07072121649980545
YJL156C,YGL238W,0,1.9674315,0.2745901644229889,0.2671984136104584,0.07082124799489975
YLR194C,YPL227C,0,1.9671866,0.27430909872055054,0.2671984136104584,0.07092127948999405
YHR020W,YLR459W,0,1.9669657,0.27402862906455994,0.2671984136104584,0.07102130353450775
YPL055C,YIL027C,0,1.9641141,0.2737487256526947,0.2671984136104584,0.07112133502960205
YCR008W,YLR136C,1,1.9635843,0.27448979020118713,0.26819542050361633,0.07112133502960205
YJL097W,YOR033C,0,1.9615915,0.27420997619628906,0.26819542050361633,0.07122136652469635
YDR116C,YMR091C,0,1.9614512,0.27393075823783875,0.26819542050361633,0.07132139801979065
YMR052W,YAL009W,0,1.9612403,0.2736520767211914,0.26819542050361633,0.07142142951488495
YPR025C,YMR060C,0,1.9611715,0.2733739912509918,0.26819542050361633,0.07152145355939865
YDL204W,YNL222W,0,1.9611359,0.2730964422225952,0.26819542050361633,0.07162148505449295
YJR144W,YHR026W,0,1.9602108,0.272819459438324,0.26819542050361633,0.07172151654958725
YDR039C,YOR018W,0,1.9585625,0.2725430727005005,0.26819542050361633,0.07182154804468155
YGR026W,YDL033C,0,1.9584911,0.2722671926021576,0.26819542050361633,0.07192157953977585
YCR075C,YGR006W,0,1.9582028,0.27199190855026245,0.26819542050361633,0.07202160358428955
YKR029C,YER004W,0,1.9577299,0.2717171609401703,0.26819542050361633,0.07212163507938385
YLR304C,YCL051W,0,1.9565824,0.2714429795742035,0.26819542050361633,0.07222166657447815
YPL105C,YCR005C,0,1.9541006,0.27116936445236206,0.26819542050361633,0.07232169806957245
YGR029W,YDR456W,1,1.9523278,0.2719033360481262,0.2691924273967743,0.07232169806957245
YER027C,YKL063C,0,1.9515103,0.27162978053092957,0.2691924273967743,0.07242172956466675
YDR388W,YPR108W,0,1.9510581,0.2713567912578583,0.2691924273967743,0.07252175360918045
YER145C,YHL047C,1,1.950736,0.27208834886550903,0.27018943428993225,0.07252175360918045
YOR087W,YJL056C,1,1.9506465,0.2728184461593628,0.2711864411830902,0.07252175360918045
YDR436W,YOR332W,1,1.9502376,0.27354708313941956,0.27218344807624817,0.07252175360918045
YMR058W,YOR039W,1,1.949468,0.2742742598056793,0.27318045496940613,0.07252175360918045
YDR017C,YLL039C,0,1.9494121,0.27399998903274536,0.27318045496940613,0.07262178510427475
YML072C,YNL306W,0,1.9484117,0.27372628450393677,0.27318045496940613,0.07272181659936905
YNR040W,YBR057C,0,1.9466866,0.27345308661460876,0.27318045496940613,0.07282184809446335
YPR070W,YNL264C,0,1.9465401,0.27318045496940613,0.27318045496940613,0.07292187958955765
YEL051W,YDR202C,1,1.9460657,0.27390438318252563,0.2741774618625641,0.07292187958955765
YDL092W,YOR221C,0,1.9448144,0.27363184094429016,0.2741774618625641,0.07302190363407135
YOR087W,YNL259C,1,1.9443052,0.27435389161109924,0.27517446875572205,0.07302190363407135
YGL096W,YML016C,0,1.9436854,0.27408143877983093,0.27517446875572205,0.07312193512916565
YJL159W,YML070W,0,1.9435371,0.2738095223903656,0.27517446875572205,0.07322196662425995
YJL093C,YLR220W,1,1.9431353,0.27452924847602844,0.27617147564888,0.07322196662425995
YMR035W,YMR281W,0,1.9430051,0.2742574214935303,0.27617147564888,0.07332199811935425
YML092C,YML067C,0,1.9423354,0.27398616075515747,0.27617147564888,0.07342202961444855
YDR129C,YDR279W,0,1.9421175,0.27371540665626526,0.27617147564888,0.07352205365896225
YDR301W,YML114C,0,1.9417808,0.2734452188014984,0.27617147564888,0.07362208515405655
YOR167C,YMR068W,0,1.941761,0.27317553758621216,0.27617147564888,0.07372211664915085
YLR247C,YML085C,0,1.9391348,0.2729063928127289,0.27617147564888,0.07382214814424515
YGL207W,YNR023W,0,1.9378511,0.2726377844810486,0.27617147564888,0.07392217963933945
YLL014W,YOR391C,0,1.9372289,0.27236971259117126,0.27617147564888,0.07402220368385315
YOL089C,YMR291W,0,1.935405,0.27210214734077454,0.27617147564888,0.07412223517894745
YDR441C,YJL123C,0,1.9339358,0.2718351185321808,0.27617147564888,0.07422226667404175
YOR173W,YDR331W,0,1.9334439,0.27156862616539,0.27617147564888,0.07432229816913605
YNL051W,YPL204W,0,1.9318446,0.27130264043807983,0.27617147564888,0.07442232966423035
YER091C,YBR205W,0,1.9315543,0.27103719115257263,0.27617147564888,0.07452235370874405
YML061C,YOL009C,0,1.9295557,0.270772248506546,0.27617147564888,0.07462238520383835
YGR192C,YPR183W,0,1.9295518,0.2705078125,0.27617147564888,0.07472241669893265
YGL002W,YKL157W,0,1.9295038,0.27024391293525696,0.27617147564888,0.07482244819402695
YOL060C,YMR177W,1,1.929252,0.2709551751613617,0.27716848254203796,0.07482244819402695
YKL080W,YOR270C,1,1.928788,0.2716650366783142,0.2781654894351959,0.07482244819402695
YDL207W,YKL146W,0,1.9282113,0.2714007794857025,0.2781654894351959,0.07492247968912125
YAL012W,YDR342C,0,1.9281495,0.2711370289325714,0.2781654894351959,0.07502250373363495
YPL005W,YHR026W,0,1.927681,0.2708737850189209,0.2781654894351959,0.07512253522872925
YGR122W,YJL100W,0,1.9274735,0.270611047744751,0.2781654894351959,0.07522256672382355
YKL058W,YLR266C,0,1.9272734,0.27034884691238403,0.2781654894351959,0.07532259821891785
YLR071C,YNL330C,0,1.9264045,0.2700871229171753,0.2781654894351959,0.07542262971401215
YLR138W,YOR332W,1,1.92572,0.27079305052757263,0.27916252613067627,0.07542262971401215
YBL037W,YKL062W,0,1.9251066,0.27053138613700867,0.27916252613067627,0.07552265375852585
YOR267C,YDR376W,1,1.9249246,0.27123552560806274,0.28015953302383423,0.07552265375852585
YDL100C,YMR134W,1,1.9235158,0.271938294172287,0.2811565399169922,0.07552265375852585
YPL225W,YBL101C,0,1.9232675,0.27167630195617676,0.2811565399169922,0.07562268525362015
YHR194W,YLR277C,0,1.9229637,0.2714148163795471,0.2811565399169922,0.07572271674871445
YLR265C,YIR007W,0,1.9224534,0.27115383744239807,0.2811565399169922,0.07582274824380875
YBR005W,YDR533C,0,1.92237,0.2708933651447296,0.2811565399169922,0.07592277973890305
YOR079C,YMR022W,0,1.9222149,0.27063339948654175,0.2811565399169922,0.07602280378341675
YKL080W,YCL017C,1,1.9220783,0.27133268117904663,0.28215354681015015,0.07602280378341675
YGR275W,YOR321W,0,1.9215335,0.2710728049278259,0.28215354681015015,0.07612283527851105
YPR114W,YOR059C,0,1.9205327,0.2708134055137634,0.28215354681015015,0.07622286677360535
YJR049C,YOL002C,1,1.9195666,0.271510511636734,0.2831505537033081,0.07622286677360535
YOR226C,YGR092W,1,1.9194179,0.27220630645751953,0.28414756059646606,0.07622286677360535
YER095W,YER094C,0,1.9190364,0.27194657921791077,0.28414756059646606,0.07632289826869965
YGL055W,YIL015W,0,1.9177918,0.2716873288154602,0.28414756059646606,0.07642292976379395
YBR082C,YGL255W,0,1.9177213,0.27142858505249023,0.28414756059646606,0.07652295380830765
YPL225W,YDL168W,0,1.9168844,0.27117031812667847,0.28414756059646606,0.07662298530340195
YEL031W,YHR194W,1,1.9165215,0.2718631327152252,0.285144567489624,0.07662298530340195
YBR254C,YFL016C,0,1.9164937,0.2716049253940582,0.285144567489624,0.07672301679849625
YDR065W,YPR103W,0,1.9151106,0.2713472545146942,0.285144567489624,0.07682304829359055
YEL020C,YOL156W,0,1.9134226,0.2710900604724884,0.285144567489624,0.07692307978868484
YLR126C,YOL060C,1,1.9132547,0.2717803120613098,0.286141574382782,0.07692307978868484
YEL031W,YDR202C,1,1.912675,0.27246925234794617,0.28713858127593994,0.07692307978868484
YKL152C,YKL137W,0,1.9121332,0.2722117304801941,0.28713858127593994,0.07702310383319855
YJR121W,YLR298C,0,1.9112513,0.2719546854496002,0.28713858127593994,0.07712313532829285
YGR002C,YDR014W,0,1.9109526,0.27169811725616455,0.28713858127593994,0.07722316682338715
YPR184W,YBR301W,0,1.9098064,0.2714420258998871,0.28713858127593994,0.07732319831848145
YMR056C,YGR170W,0,1.9091612,0.2711864411830902,0.28713858127593994,0.07742322981357574
YHR020W,YIL051C,0,1.9086777,0.27093133330345154,0.28713858127593994,0.07752325385808945
YOL075C,YER031C,0,1.9083089,0.27067670226097107,0.28713858127593994,0.07762328535318375
YDL128W,YLR369W,1,1.9081731,0.27136150002479553,0.2881355881690979,0.07762328535318375
YDR158W,YDR387C,0,1.9080702,0.27110692858695984,0.2881355881690979,0.07772331684827805
YOR043W,YAL015C,0,1.9065511,0.27085286378860474,0.2881355881690979,0.07782334834337234
YCR008W,YLR447C,1,1.9058244,0.27153557538986206,0.28913259506225586,0.07782334834337234
YPL091W,YPL170W,0,1.9054687,0.27128157019615173,0.28913259506225586,0.07792337983846664
YML019W,YHR150W,0,1.9048918,0.2710280418395996,0.28913259506225586,0.07802340388298035
YMR052W,YGR101W,0,1.9048007,0.2707749903202057,0.28913259506225586,0.07812343537807465
YDR354W,YPR008W,0,1.9028678,0.2705223858356476,0.28913259506225586,0.07822346687316895
YOR054C,YLR136C,1,1.901903,0.2712022364139557,0.2901296019554138,0.07822346687316895
YBR251W,YMR318C,0,1.9005127,0.27094972133636475,0.2901296019554138,0.07832349836826324
YGR029W,YER133W,1,1.9003644,0.27162790298461914,0.2911266088485718,0.07832349836826324
YOR158W,YNL244C,0,1.8998046,0.27137547731399536,0.2911266088485718,0.07842352986335754
YIL023C,YJR121W,0,1.8995945,0.2711234986782074,0.2911266088485718,0.07852355390787125
YKR031C,YDR046C,0,1.8991051,0.27087199687957764,0.2911266088485718,0.07862358540296555
YGR262C,YDL124W,0,1.8988777,0.2706209421157837,0.2911266088485718,0.07872361689805984
YPL189W,YBR033W,0,1.8984092,0.27037036418914795,0.2911266088485718,0.07882364839315414
YGR005C,YBR041W,0,1.8980114,0.2701202630996704,0.2911266088485718,0.07892367988824844
YLR360W,YPR037C,0,1.8978539,0.2698706090450287,0.2911266088485718,0.07902370393276215
YMR021C,YOR054C,1,1.8967893,0.27054479718208313,0.29212361574172974,0.07902370393276215
YLR293C,YLR262C,0,1.896536,0.2702952027320862,0.29212361574172974,0.07912373542785645
YDL143W,YMR262W,0,1.8947572,0.27004608511924744,0.29212361574172974,0.07922376692295074
YGL020C,YDR456W,1,1.8943706,0.2707182466983795,0.2931206524372101,0.07922376692295074
YHL009C,YDL100C,0,1.8941714,0.27046918869018555,0.2931206524372101,0.07932379841804504
YGR037C,YNL065W,0,1.8931482,0.2702205777168274,0.2931206524372101,0.07942382991313934
YER174C,YDR182W,1,1.8930328,0.2708907127380371,0.29411765933036804,0.07942382991313934
YAL044C,YPL081W,0,1.8916943,0.2706421911716461,0.29411765933036804,0.07952385395765305
YNL336W,YOL042W,0,1.8916832,0.27039414644241333,0.29411765933036804,0.07962388545274734
YFL016C,YLR118C,0,1.8916581,0.27014651894569397,0.29411765933036804,0.07972391694784164
YJR044C,YLR399C,0,1.8916416,0.2698993682861328,0.29411765933036804,0.07982394844293594
YKR087C,YJL093C,0,1.8891807,0.26965266466140747,0.29411765933036804,0.07992397993803024
YMR021C,YBR036C,1,1.8863522,0.2703196406364441,0.295114666223526,0.07992397993803024
YGR181W,YLR131C,0,1.8855051,0.2700729966163635,0.295114666223526,0.08002400398254395
YKL150W,YNL316C,0,1.8847429,0.2698267996311188,0.295114666223526,0.08012403547763824
YGL006W,YKL190W,1,1.8841337,0.2704918086528778,0.29611167311668396,0.08012403547763824
YOR045W,YER048C,0,1.8832035,0.27024567127227783,0.29611167311668396,0.08022406697273254
YDR409W,YML063W,0,1.8826684,0.27000001072883606,0.29611167311668396,0.08032409846782684
YOR132W,YGR203W,0,1.8813021,0.2697547674179077,0.29611167311668396,0.08042412996292114
YDR515W,YOR226C,1,1.8811816,0.2704174220561981,0.2971086800098419,0.08042412996292114
YEL020C,YDL066W,0,1.8809577,0.27017226815223694,0.2971086800098419,0.08052415400743484
YOR265W,YDR323C,0,1.8796496,0.2699275314807892,0.2971086800098419,0.08062418550252914
YKL056C,YLR292C,0,1.8795099,0.26968327164649963,0.2971086800098419,0.08072421699762344
YBL067C,YMR058W,0,1.8791802,0.2694394290447235,0.2971086800098419,0.08082424849271774
YKL163W,YOR359W,0,1.8789858,0.2691960334777832,0.2971086800098419,0.08092427998781204
YJR049C,YGL124C,0,1.8786658,0.2689530551433563,0.2971086800098419,0.08102430403232574
YER177W,YMR071C,0,1.8774441,0.26871055364608765,0.2971086800098419,0.08112433552742004
YKL188C,YNL224C,0,1.8770629,0.2684684693813324,0.2971086800098419,0.08122436702251434
YPL046C,YBR001C,0,1.8755808,0.26822683215141296,0.2971086800098419,0.08132439851760864
YIL022W,YGL137W,0,1.8754407,0.26798561215400696,0.2971086800098419,0.08142443001270294
YHR106W,YKR096W,0,1.8753664,0.26774483919143677,0.2971086800098419,0.08152445405721664
YGR086C,YJL184W,0,1.8749504,0.26750448346138,0.2971086800098419,0.08162448555231094
YPL234C,YER133W,1,1.8723291,0.26816144585609436,0.2981056869029999,0.08162448555231094
YGL187C,YJR102C,0,1.8711033,0.2679211497306824,0.2981056869029999,0.08172451704740524
YLR045C,YEL046C,0,1.8700798,0.2676813006401062,0.2981056869029999,0.08182454854249954
YGL031C,YHR178W,0,1.8693278,0.26744186878204346,0.2981056869029999,0.08192458003759384
YGL085W,YNL176C,0,1.8690895,0.26720285415649414,0.2981056869029999,0.08202460408210754
YOR147W,YJR033C,1,1.8690879,0.2678571343421936,0.29910269379615784,0.08202460408210754
YGL019W,YDL185W,1,1.8687868,0.26851025223731995,0.3000997006893158,0.08202460408210754
YMR035W,YMR226C,0,1.8684275,0.26827093958854675,0.3000997006893158,0.08212463557720184
YDR045C,YDR313C,0,1.8678572,0.268032044172287,0.3000997006893158,0.08222466707229614
YLR116W,YLR439W,0,1.8672798,0.26779359579086304,0.3000997006893158,0.08232469856739044
YGL155W,YGL020C,1,1.8663008,0.2684444487094879,0.30109670758247375,0.08232469856739044
YDR065W,YDL142C,1,1.8659554,0.2690941393375397,0.3020937144756317,0.08232469856739044
YOL121C,YPL118W,0,1.8658577,0.26885536313056946,0.3020937144756317,0.08242473006248474
YKL134C,YLR220W,1,1.8656466,0.26950353384017944,0.3030907213687897,0.08242473006248474
YGL001C,YKR018C,0,1.8653347,0.2692648470401764,0.3030907213687897,0.08252475410699844
YOR087W,YOR079C,1,1.8650668,0.2699114978313446,0.30408772826194763,0.08252475410699844
YNL125C,YOL021C,0,1.8648536,0.26967287063598633,0.30408772826194763,0.08262478560209274
YGL012W,YBR204C,0,1.8636436,0.2694346308708191,0.30408772826194763,0.08272481709718704
YKR007W,YDR065W,1,1.8636196,0.27007943391799927,0.3050847351551056,0.08272481709718704
YCR020C,YBR068C,0,1.8633751,0.2698412835597992,0.3050847351551056,0.08282484859228134
YGR205W,YGL151W,0,1.8632584,0.26960352063179016,0.3050847351551056,0.08292488008737564
YGL093W,YJL072C,0,1.8631482,0.26936620473861694,0.3050847351551056,0.08302490413188934
YBR264C,YNL031C,0,1.861932,0.26912927627563477,0.3050847351551056,0.08312493562698364
YLR371W,YPL060W,0,1.8616805,0.2688927948474884,0.3050847351551056,0.08322496712207794
YOR270C,YMR134W,1,1.8614013,0.2695346772670746,0.30608174204826355,0.08322496712207794
YML016C,YMR054W,1,1.861008,0.27017542719841003,0.3070787489414215,0.08322496712207794
YDL113C,YOL088C,0,1.8606553,0.2699386477470398,0.3070787489414215,0.08332499861717224
YNL229C,YDR001C,0,1.86045,0.269702285528183,0.3070787489414215,0.08342503011226654
YER183C,YHR092C,0,1.8599951,0.2694663107395172,0.3070787489414215,0.08352505415678024
YOL032W,YPL092W,0,1.8598189,0.26923078298568726,0.3070787489414215,0.08362508565187454
YGR046W,YDL052C,0,1.8594584,0.26899564266204834,0.3070787489414215,0.08372511714696884
YIL121W,YLR263W,0,1.8591182,0.26876091957092285,0.3070787489414215,0.08382514864206314
YJR139C,YKL218C,0,1.858017,0.2685265839099884,0.3070787489414215,0.08392518013715744
YGR284C,YNL176C,0,1.8561728,0.26829269528388977,0.3070787489414215,0.08402520418167114
YNL190W,YDR168W,0,1.8557253,0.2680591940879822,0.3070787489414215,0.08412523567676544
YPL095C,YKL060C,0,1.855644,0.2678260803222656,0.3070787489414215,0.08422526717185974
YGL061C,YGL191W,0,1.8547516,0.2675933837890625,0.3070787489414215,0.08432529866695404
YEL071W,YJL183W,0,1.8537819,0.2673611044883728,0.3070787489414215,0.08442533016204834
YKR018C,YDR168W,0,1.852388,0.26712924242019653,0.3070787489414215,0.08452535420656204
YMR197C,YJL210W,0,1.8516829,0.2668977379798889,0.3070787489414215,0.08462538570165634
YDR065W,YML132W,1,1.8501059,0.26753246784210205,0.30807578563690186,0.08462538570165634
YBR204C,YLR121C,0,1.8490145,0.2673010528087616,0.30807578563690186,0.08472541719675064
YCL064C,YGL133W,0,1.8486278,0.2670699954032898,0.30807578563690186,0.08482544869184494
YOR173W,YLR238W,0,1.8485091,0.2668393850326538,0.30807578563690186,0.08492548018693924
YDR500C,YLR283W,0,1.8476168,0.2666091322898865,0.30807578563690186,0.08502550423145294
YJL063C,YOR026W,0,1.8464792,0.26637929677963257,0.30807578563690186,0.08512553572654724
YEL044W,YEL004W,0,1.8455594,0.2661498785018921,0.30807578563690186,0.08522556722164154
YNL051W,YPL265W,0,1.8445108,0.26592081785202026,0.30807578563690186,0.08532559871673584
YLL051C,YKR050W,1,1.8437972,0.26655203104019165,0.3090727925300598,0.08532559871673584
YPL089C,YML124C,0,1.842493,0.2663230299949646,0.3090727925300598,0.08542563021183014
YBR101C,YDR224C,0,1.8421488,0.2660944163799286,0.3090727925300598,0.08552565425634384
YKL196C,YPL003W,0,1.8408024,0.265866219997406,0.3090727925300598,0.08562568575143814
YDR104C,YDR432W,0,1.8402482,0.2656383812427521,0.3090727925300598,0.08572571724653244
YMR142C,YFL037W,0,1.8401977,0.2654109597206116,0.3090727925300598,0.08582574874162674
YEL020C,YOR381W,0,1.8389419,0.2651839256286621,0.3090727925300598,0.08592578023672104
YJR145C,YER096W,0,1.8382101,0.2649572789669037,0.3090727925300598,0.08602580428123474
YDR247W,YIL043C,0,1.8377938,0.2647309899330139,0.3090727925300598,0.08612583577632904
YLR433C,YBL046W,0,1.8373554,0.2645051181316376,0.3090727925300598,0.08622586727142334
YMR266W,YNL176C,0,1.8348196,0.26427963376045227,0.3090727925300598,0.08632589876651764
YML092C,YPR183W,0,1.8347402,0.2640545070171356,0.3090727925300598,0.08642593026161194
YMR161W,YGL206C,0,1.8341911,0.2638297975063324,0.3090727925300598,0.08652595430612564
YOL027C,YOL002C,1,1.8341315,0.26445579528808594,0.3100697994232178,0.08652595430612564
YIL053W,YGL098W,0,1.8341271,0.2642310857772827,0.3100697994232178,0.08662598580121994
YBR254C,YLR178C,0,1.8334223,0.2640067934989929,0.3100697994232178,0.08672601729631424
YOL060C,YDR069C,0,1.832838,0.2637828588485718,0.3100697994232178,0.08682604879140854
YKL179C,YOR247W,0,1.8325192,0.2635593116283417,0.3100697994232178,0.08692608028650284
YML092C,YGL022W,0,1.8322666,0.2633361518383026,0.3100697994232178,0.08702610433101654
YCL030C,YKR095W,0,1.8318502,0.2631133794784546,0.3100697994232178,0.08712613582611084
YGR087C,YLR431C,0,1.8315215,0.2628909647464752,0.3100697994232178,0.08722616732120514
YFL044C,YLR176C,0,1.8308055,0.2626689076423645,0.3100697994232178,0.08732619881629944
YDR352W,YER004W,0,1.8300378,0.2624472677707672,0.3100697994232178,0.08742623031139374
YOR267C,YKR050W,1,1.829463,0.26306915283203125,0.31106680631637573,0.08742623031139374
YDR436W,YLR205C,1,1.8286942,0.26368996500968933,0.3120638132095337,0.08742623031139374
YOR316C,YOL002C,1,1.8284845,0.26430976390838623,0.31306082010269165,0.08742623031139374
YDR541C,YLR220W,0,1.8281525,0.2640874683856964,0.31306082010269165,0.08752625435590744
YGR020C,YPR036W,1,1.8279864,0.2647058963775635,0.3140578269958496,0.08752625435590744
YDR158W,YDL020C,0,1.8275242,0.26448363065719604,0.3140578269958496,0.08762628585100174
YMR110C,YJL091C,0,1.825634,0.26426175236701965,0.3140578269958496,0.08772631734609604
YDR261C,YER038C,0,1.824641,0.2640402317047119,0.3140578269958496,0.08782634884119034
YGR029W,YPL224C,1,1.8237145,0.26465660333633423,0.31505483388900757,0.08782634884119034
YER099C,YGL048C,0,1.8227783,0.26443514227867126,0.31505483388900757,0.08792638033628464
YPL137C,YNL264C,0,1.8225534,0.26421403884887695,0.31505483388900757,0.08802640438079834
YLR100W,YPR118W,0,1.8210568,0.2639933228492737,0.31505483388900757,0.08812643587589264
YGR148C,YCR033W,0,1.8209324,0.26377296447753906,0.31505483388900757,0.08822646737098694
YLR426W,YGL227W,0,1.8200657,0.2635529637336731,0.31505483388900757,0.08832649886608124
YLR066W,YBL064C,0,1.8198984,0.2633333206176758,0.31505483388900757,0.08842653036117554
YBR136W,YOR254C,0,1.8192592,0.2631140649318695,0.31505483388900757,0.08852655440568924
YAR003W,YKL100C,0,1.8187208,0.2628951668739319,0.31505483388900757,0.08862658590078354
YDR040C,YOR155C,0,1.8183435,0.2626766562461853,0.31505483388900757,0.08872661739587784
YPR133C,YGL141W,0,1.8160415,0.262458473443985,0.31505483388900757,0.08882664889097214
YOR087W,YGL155W,1,1.81564,0.26307055354118347,0.3160518407821655,0.08882664889097214
YIR008C,YOR094W,0,1.8147771,0.26285240054130554,0.3160518407821655,0.08892668038606644
YLR259C,YLR074C,0,1.8142204,0.26263463497161865,0.3160518407821655,0.08902670443058014
YOR339C,YOR037W,0,1.8137219,0.2624172270298004,0.3160518407821655,0.08912673592567444
YJR118C,YGR124W,0,1.8132693,0.26220017671585083,0.3160518407821655,0.08922676742076874
YBR003W,YLR381W,0,1.8115051,0.2619834840297699,0.3160518407821655,0.08932679891586304
YPR023C,YMR316W,0,1.8110523,0.2617671489715576,0.3160518407821655,0.08942683041095734
YCR020C,YPL063W,0,1.8107467,0.2615511417388916,0.3160518407821655,0.08952685445547104
YDL174C,YDR039C,0,1.8105808,0.2613355219364166,0.3160518407821655,0.08962688595056534
YJR049C,YML132W,1,1.8092693,0.2619439959526062,0.3170488476753235,0.08962688595056534
YHR215W,YEL059C-A,0,1.8086634,0.2617284059524536,0.3170488476753235,0.08972691744565964
YNR061C,YER087C-A,0,1.8086007,0.2615131437778473,0.3170488476753235,0.08982694894075394
YLR034C,YOR226C,1,1.8080149,0.26211997866630554,0.31804585456848145,0.08982694894075394
YHR043C,YKR049C,0,1.8072904,0.261904776096344,0.31804585456848145,0.08992698043584824
YLR110C,YGR172C,0,1.806901,0.2616899013519287,0.31804585456848145,0.09002700448036194
YPL204W,YDL178W,0,1.8067942,0.26147541403770447,0.31804585456848145,0.09012703597545624
YOR264W,YER073W,0,1.8060102,0.2612612545490265,0.31804585456848145,0.09022706747055054
YDR452W,YJL100W,0,1.8053117,0.26104745268821716,0.31804585456848145,0.09032709896564484
YKL109W,YGL119W,0,1.8042123,0.2608340084552765,0.31804585456848145,0.09042713046073914
YBL056W,YJR098C,0,1.803972,0.26062092185020447,0.31804585456848145,0.09052715450525284
YDL052C,YJR117W,0,1.8027363,0.2604081630706787,0.31804585456848145,0.09062718600034714
YKL039W,YDR088C,0,1.8022192,0.2601957619190216,0.31804585456848145,0.09072721749544144
YNL305C,YBR211C,0,1.8009698,0.25998368859291077,0.31804585456848145,0.09082724899053574
YJL056C,YKL190W,1,1.8005018,0.26058632135391235,0.3190428614616394,0.09082724899053574
YHR046C,YPR155C,0,1.8004956,0.2603742778301239,0.3190428614616394,0.09092728048563004
YBL050W,YDR438W,0,1.7991667,0.2601625919342041,0.3190428614616394,0.09102730453014374
YPR128C,YGL141W,0,1.7978811,0.25995126366615295,0.3190428614616394,0.09112733602523804
YNL096C,YDL181W,0,1.7978262,0.25974026322364807,0.3190428614616394,0.09122736752033234
YLR433C,YJR104C,1,1.7971517,0.2603406310081482,0.32003986835479736,0.09122736752033234
YGL073W,YDL143W,0,1.7969131,0.2601296603679657,0.32003986835479736,0.09132739901542664
YPL271W,YLR119W,0,1.7958808,0.25991901755332947,0.32003986835479736,0.09142743051052094
YNL212W,YHR019C,0,1.7958424,0.2597087323665619,0.32003986835479736,0.09152745455503464
YOR202W,YJR001W,0,1.7955601,0.2594987750053406,0.32003986835479736,0.09162748605012894
YBR258C,YPL220W,0,1.7949998,0.2592891752719879,0.32003986835479736,0.09172751754522324
YBR218C,YMR029C,0,1.7945396,0.2590799033641815,0.32003986835479736,0.09182754904031754
YBR204C,YMR067C,0,1.7940477,0.2588709592819214,0.32003986835479736,0.09192758053541183
YNL123W,YBR241C,0,1.7932038,0.2586623728275299,0.32003986835479736,0.09202760457992554
YKL163W,YBR086C,0,1.7929482,0.2584541141986847,0.32003986835479736,0.09212763607501984
YMR322C,YER088C,0,1.7929349,0.25824618339538574,0.32003986835479736,0.09222766757011414
YIL087C,YNR039C,0,1.792913,0.25803858041763306,0.32003986835479736,0.09232769906520844
YJR161C,YNR023W,0,1.7925131,0.257831335067749,0.32003986835479736,0.09242773056030273
YOL154W,YCR069W,0,1.792407,0.25762438774108887,0.32003986835479736,0.09252775460481644
YDR074W,YMR288W,0,1.7914543,0.25741779804229736,0.32003986835479736,0.09262778609991074
YIL087C,YKL063C,0,1.7901694,0.2572115361690521,0.32003986835479736,0.09272781759500504
YGL059W,YMR044W,0,1.7896618,0.25700560212135315,0.32003986835479736,0.09282784909009933
YOL002C,YDR376W,1,1.7890087,0.25760000944137573,0.3210368752479553,0.09282784909009933
YGR065C,YOL071W,0,1.7869353,0.25739407539367676,0.3210368752479553,0.09292788058519363
YIL009C-A,YML130C,0,1.7869284,0.25718849897384644,0.3210368752479553,0.09302791208028793
YKR007W,YMR243C,1,1.7867794,0.25778132677078247,0.32203391194343567,0.09302791208028793
YGR076C,YPL124W,0,1.7863319,0.25757575035095215,0.32203391194343567,0.09312793612480164
YGL150C,YAL062W,0,1.7860652,0.2573705315589905,0.32203391194343567,0.09322796761989594
YBR004C,YOR259C,0,1.7858971,0.2571656107902527,0.32203391194343567,0.09332799911499023
YBR033W,YJL221C,0,1.7858834,0.25696101784706116,0.32203391194343567,0.09342803061008453
YIR006C,YNL317W,0,1.7827433,0.2567567527294159,0.32203391194343567,0.09352806210517883
YML092C,YOL017W,0,1.7816223,0.2565528154373169,0.32203391194343567,0.09362808614969254
YBR091C,YJR015W,0,1.780968,0.25634920597076416,0.32203391194343567,0.09372811764478683
YMR177W,YBR024W,1,1.7809532,0.2569389343261719,0.32303091883659363,0.09372811764478683
YHR020W,YGR055W,0,1.7807866,0.25673535466194153,0.32303091883659363,0.09382814913988113
YIL015W,YBL082C,0,1.7807848,0.25653207302093506,0.32303091883659363,0.09392818063497543
YOR356W,YDR234W,0,1.7807721,0.25632911920547485,0.32303091883659363,0.09402821213006973
YOL027C,YBR036C,1,1.7803982,0.25691699981689453,0.3240279257297516,0.09402821213006973
YPL059W,YDL072C,0,1.7803197,0.2567140460014343,0.3240279257297516,0.09412823617458344
YNL031C,YGR092W,0,1.7800512,0.2565114498138428,0.3240279257297516,0.09422826766967773
YDR247W,YJR135C,0,1.77959,0.2563091516494751,0.3240279257297516,0.09432829916477203
YJR059W,YEL027W,1,1.7790627,0.25689518451690674,0.32502493262290955,0.09432829916477203
YBR049C,YER166W,0,1.7790258,0.25669291615486145,0.32502493262290955,0.09442833065986633
YOR347C,YGL098W,0,1.778998,0.25649094581604004,0.32502493262290955,0.09452836215496063
YDL232W,YNL115C,0,1.7779186,0.2562893033027649,0.32502493262290955,0.09462838619947433
YBL009W,YAL062W,0,1.7771685,0.256087988615036,0.32502493262290955,0.09472841769456863
YLR207W,YHL047C,0,1.7770267,0.255886971950531,0.32502493262290955,0.09482844918966293
YLR121C,YOR094W,0,1.7756305,0.25568628311157227,0.32502493262290955,0.09492848068475723
YLR369W,YFR055W,1,1.7752707,0.2562696039676666,0.3260219395160675,0.09492848068475723
YLR447C,YLR023C,1,1.7743131,0.25685200095176697,0.32701894640922546,0.09492848068475723
YFR010W,YMR149W,0,1.7725722,0.25665101408958435,0.32701894640922546,0.09502851217985153
YGR220C,YEL032W,0,1.7723998,0.256450355052948,0.32701894640922546,0.09512853622436523
YPL256C,YMR016C,0,1.7722923,0.2562499940395355,0.32701894640922546,0.09522856771945953
YKL079W,YDR345C,0,1.7722039,0.2560499608516693,0.32701894640922546,0.09532859921455383
YLR144C,YJL209W,0,1.771868,0.255850225687027,0.32701894640922546,0.09542863070964813
YHL001W,YOL147C,0,1.768985,0.2556508183479309,0.32701894640922546,0.09552866220474243
YBL008W,YMR237W,0,1.7683845,0.2554517090320587,0.32701894640922546,0.09562868624925613
YHL003C,YDR004W,0,1.7683418,0.2552529275417328,0.32701894640922546,0.09572871774435043
YGR037C,YER054C,0,1.7663639,0.25505444407463074,0.32701894640922546,0.09582874923944473
YMR134W,YCR008W,1,1.7663289,0.25563326478004456,0.3280159533023834,0.09582874923944473
YJL080C,YGR121C,0,1.765342,0.2554347813129425,0.3280159533023834,0.09592878073453903
YDR328C,YEL051W,1,1.7645699,0.2560124099254608,0.3290129601955414,0.09592878073453903
YAR015W,YLR304C,0,1.7635235,0.25581395626068115,0.3290129601955414,0.09602881222963333
YHR076W,YLR297W,0,1.7628932,0.25561580061912537,0.3290129601955414,0.09612883627414703
YMR237W,YBR122C,0,1.7622916,0.25541794300079346,0.3290129601955414,0.09622886776924133
YNL265C,YBR101C,0,1.7621698,0.2552204132080078,0.3290129601955414,0.09632889926433563
YLR259C,YDR212W,0,1.7613893,0.25502318143844604,0.3290129601955414,0.09642893075942993
YDL243C,YLR127C,0,1.7610745,0.25482624769210815,0.3290129601955414,0.09652896225452423
YPR181C,YNL054W,0,1.7606704,0.25462964177131653,0.3290129601955414,0.09662898629903793
YDL127W,YGL219C,0,1.7589061,0.2544333040714264,0.3290129601955414,0.09672901779413223
YBR085W,YMR303C,0,1.7586551,0.2542372941970825,0.3290129601955414,0.09682904928922653
YNL288W,YPL232W,0,1.7583656,0.2540415823459625,0.3290129601955414,0.09692908078432083
YKR018C,YOR347C,0,1.7581412,0.2538461685180664,0.3290129601955414,0.09702911227941513
YKL216W,YGL040C,0,1.7581363,0.2536510229110718,0.3290129601955414,0.09712913632392883
YNR061C,YHR190W,0,1.7573156,0.2534562349319458,0.3290129601955414,0.09722916781902313
YMR318C,YPR154W,0,1.7564498,0.2532617151737213,0.3290129601955414,0.09732919931411743
YOR381W,YER133W,1,1.7556133,0.2538343667984009,0.33000996708869934,0.09732919931411743
YJR049C,YDR205W,1,1.7536497,0.2544061243534088,0.3310069739818573,0.09732919931411743
YFR004W,YGL133W,0,1.7534254,0.25421133637428284,0.3310069739818573,0.09742923080921173
YOL009C,YML123C,0,1.7528262,0.25401684641838074,0.3310069739818573,0.09752926230430603
YIL035C,YER145C,1,1.7528139,0.2545871436595917,0.33200398087501526,0.09752926230430603
YDR253C,YLL038C,0,1.7525374,0.2543926537036896,0.33200398087501526,0.09762928634881973
YML019W,YML110C,0,1.7509181,0.25419846177101135,0.33200398087501526,0.09772931784391403
YLR246W,YGL079W,0,1.7499673,0.254004567861557,0.33200398087501526,0.09782934933900833
YPR081C,YOR374W,0,1.7496169,0.25381097197532654,0.33200398087501526,0.09792938083410263
YDR307W,YLR327C,0,1.7493305,0.25361767411231995,0.33200398087501526,0.09802941232919693
YAL041W,YOR386W,0,1.7490501,0.25342464447021484,0.33200398087501526,0.09812943637371063
YGL104C,YNL263C,0,1.7489579,0.253231942653656,0.33200398087501526,0.09822946786880493
YPL004C,YJL165C,0,1.7485121,0.25303950905799866,0.33200398087501526,0.09832949936389923
YPL206C,YJL044C,0,1.7484094,0.2528473734855652,0.33200398087501526,0.09842953085899353
YMR153W,YAR071W,0,1.7481167,0.2526555359363556,0.33200398087501526,0.09852956235408783
YDR495C,YLR220W,1,1.7480805,0.25322213768959045,0.3330009877681732,0.09852956235408783
YBR171W,YJL104W,0,1.7479568,0.25303030014038086,0.3330009877681732,0.09862958639860153
YIL075C,YDL091C,0,1.7472351,0.25283876061439514,0.3330009877681732,0.09872961789369583
YBL105C,YLR421C,0,1.7472035,0.2526474893093109,0.3330009877681732,0.09882964938879013
YBR169C,YDR520C,0,1.7464471,0.25245654582977295,0.3330009877681732,0.09892968088388443
YDR244W,YIR006C,0,1.7458128,0.2522658705711365,0.3330009877681732,0.09902971237897873
YJL080C,YKL016C,0,1.7457364,0.2520754635334015,0.3330009877681732,0.09912973642349243
YLR205C,YML132W,1,1.7452801,0.2526395320892334,0.3339979946613312,0.09912973642349243
YBR024W,YPR036W,1,1.7441605,0.2532027065753937,0.33499500155448914,0.09912973642349243
YKR007W,YBR208C,0,1.7438617,0.2530120611190796,0.33499500155448914,0.09922976791858673
YDL120W,YGL020C,1,1.7436085,0.25357410311698914,0.3359920382499695,0.09922976791858673
YBL064C,YBR188C,0,1.7428312,0.25338345766067505,0.3359920382499695,0.09932979941368103
YDL100C,YOR267C,1,1.7427999,0.25394439697265625,0.33698904514312744,0.09932979941368103
YMR052W,YHL016C,0,1.7427248,0.25375375151634216,0.33698904514312744,0.09942983090877533
YDL006W,YJL072C,0,1.7427237,0.25356340408325195,0.33698904514312744,0.09952986240386963
YBR133C,YAL015C,0,1.7420089,0.25337332487106323,0.33698904514312744,0.09962988644838333
YEL034W,YPR118W,0,1.7419058,0.253183513879776,0.33698904514312744,0.09972991794347763
YLR460C,YMR207C,0,1.7418823,0.25299400091171265,0.33698904514312744,0.09982994943857193
YDR484W,YOR090C,0,1.7401614,0.25280478596687317,0.33698904514312744,0.09992998093366623
YOR110W,YIL011W,0,1.7399802,0.2526158392429352,0.33698904514312744,0.10003001242876053
YKL192C,YHR006W,0,1.7391567,0.25242719054222107,0.33698904514312744,0.10013003647327423
YDR166C,YIL093C,0,1.7384517,0.25223881006240845,0.33698904514312744,0.10023006796836853
YCL039W,YMR083W,0,1.7377472,0.2520506978034973,0.33698904514312744,0.10033009946346283
YKR094C,YJR159W,0,1.7370613,0.25186288356781006,0.33698904514312744,0.10043013095855713
YOL060C,YJL093C,1,1.7366295,0.25241994857788086,0.3379860520362854,0.10043013095855713
YPL135W,YOR226C,1,1.736099,0.2529761791229248,0.33898305892944336,0.10043013095855713
YJR046W,YKR089C,0,1.7355528,0.25278809666633606,0.33898305892944336,0.10053016245365143
YLR126C,YDR202C,1,1.7351515,0.25334322452545166,0.3399800658226013,0.10053016245365143
YNR059W,YGL133W,0,1.7343112,0.2531551718711853,0.3399800658226013,0.10063018649816513
YOR257W,YNL036W,0,1.7341229,0.25296735763549805,0.3399800658226013,0.10073021799325943
YNL129W,YKL043W,0,1.7336698,0.25277984142303467,0.3399800658226013,0.10083024948835373
YJL047C,YNL014W,0,1.7336695,0.2525925934314728,0.3399800658226013,0.10093028098344803
YDL120W,YHL047C,1,1.7336106,0.25314581394195557,0.3409770727157593,0.10093028098344803
YBR102C,YKL155C,0,1.733217,0.2529585659503937,0.3409770727157593,0.10103031247854233
YGR274C,YGL179C,0,1.7328573,0.25277161598205566,0.3409770727157593,0.10113033652305603
YDR202C,YJR139C,0,1.732675,0.25258493423461914,0.3409770727157593,0.10123036801815033
YIL011W,YML091C,0,1.7326206,0.2523985207080841,0.3409770727157593,0.10133039951324463
YER014W,YDL212W,0,1.7315133,0.25221237540245056,0.3409770727157593,0.10143043100833893
YNL293W,YER023W,0,1.7313815,0.2520265281200409,0.3409770727157593,0.10153046250343323
YKL051W,YPL181W,0,1.7290812,0.2518409490585327,0.3409770727157593,0.10163048654794693
YNR059W,YHR016C,0,1.7282043,0.251655638217926,0.3409770727157593,0.10173051804304123
YNR046W,YLR216C,0,1.728064,0.2514705955982208,0.3409770727157593,0.10183054953813553
YGL155W,YDR202C,1,1.7276605,0.25202056765556335,0.34197407960891724,0.10183054953813553
YML127W,YFL041W,0,1.7272971,0.25183552503585815,0.34197407960891724,0.10193058103322983
YDR151C,YPL177C,1,1.7264074,0.2523844540119171,0.3429710865020752,0.10193058103322983
YHR149C,YIL041W,0,1.7263801,0.2521994113922119,0.3429710865020752,0.10203061252832413
YBR180W,YHR216W,0,1.7259307,0.2520146667957306,0.3429710865020752,0.10213063657283783
YOL049W,YMR104C,0,1.7258114,0.25183016061782837,0.3429710865020752,0.10223066806793213
YOL030W,YOR075W,0,1.725743,0.25164595246315,0.3429710865020752,0.10233069956302643
YDL128W,YER174C,1,1.7252915,0.25219297409057617,0.34396809339523315,0.10233069956302643
YOR227W,YLR099C,0,1.725251,0.2520087659358978,0.34396809339523315,0.10243073105812073
YLR034C,YGR092W,1,1.7252367,0.2525547444820404,0.3449651002883911,0.10243073105812073
YDR456W,YLR048W,0,1.7243156,0.25237053632736206,0.3449651002883911,0.10253076255321503
YOR198C,YKL045W,0,1.7242246,0.2521865963935852,0.3449651002883911,0.10263078659772873
YOL120C,YAL008W,0,1.7241557,0.25200292468070984,0.3449651002883911,0.10273081809282303
YNL059C,YAL020C,0,1.7230628,0.2518194913864136,0.3449651002883911,0.10283084958791733
YIL075C,YCL045C,0,1.722055,0.2516363561153412,0.3449651002883911,0.10293088108301163
YHR201C,YHR187W,0,1.7214408,0.2514534890651703,0.3449651002883911,0.10303091257810593
YLR034C,YDR028C,0,1.7202265,0.2512708902359009,0.3449651002883911,0.10313093662261963
YKL134C,YEL027W,1,1.7198278,0.25181421637535095,0.3459621071815491,0.10313093662261963
YJL059W,YHL047C,1,1.7194567,0.25235676765441895,0.34695911407470703,0.10313093662261963
YJL156C,YLR363C,0,1.7187731,0.25217390060424805,0.34695911407470703,0.10323096811771393
YKL073W,YJL035C,0,1.7185216,0.25199130177497864,0.34695911407470703,0.10333099961280823
YDR377W,YBR188C,0,1.7184975,0.2518089711666107,0.34695911407470703,0.10343103110790253
YNL214W,YLR034C,0,1.7183422,0.2516269087791443,0.34695911407470703,0.10353106260299683
YMR177W,YBR127C,1,1.7178605,0.25216764211654663,0.347956120967865,0.10353106260299683
YBR037C,YLR136C,1,1.7173548,0.2527075707912445,0.34895312786102295,0.10353106260299683
YBR121C,YML069W,0,1.7166698,0.2525252401828766,0.34895312786102295,0.10363108664751053
YER100W,YMR037C,0,1.7164373,0.25234317779541016,0.34895312786102295,0.10373111814260483
YMR036C,YMR081C,0,1.7162404,0.2521613836288452,0.34895312786102295,0.10383114963769913
YDL185W,YPL234C,1,1.7152516,0.2526997923851013,0.3499501347541809,0.10383114963769913
YER007C-A,YFR051C,0,1.7152405,0.2525179982185364,0.3499501347541809,0.10393118113279343
YJR155W,YDR246W,0,1.7145228,0.25233644247055054,0.3499501347541809,0.10403121262788773
YNR052C,YJL165C,0,1.7144785,0.2521551847457886,0.3499501347541809,0.10413123667240143
YNL244C,YER048W-A,0,1.7138414,0.2519741654396057,0.3499501347541809,0.10423126816749573
YHR123W,YGR088W,0,1.7136953,0.25179341435432434,0.3499501347541809,0.10433129966259003
YMR015C,YGR287C,0,1.7135272,0.25161290168762207,0.3499501347541809,0.10443133115768433
YMR189W,YDR313C,0,1.7134922,0.2514326572418213,0.3499501347541809,0.10453136265277863
YOR381W,YMR021C,1,1.7131424,0.25196850299835205,0.35094717144966125,0.10453136265277863
YOL122C,YMR128W,0,1.7120695,0.25178825855255127,0.35094717144966125,0.10463138669729233
YFL026W,YBR126C,0,1.7120383,0.251608282327652,0.35094717144966125,0.10473141819238663
YLR242C,YBL021C,0,1.7111166,0.2514285743236542,0.35094717144966125,0.10483144968748093
YJR015W,YLR131C,0,1.7108345,0.2512491047382355,0.35094717144966125,0.10493148118257523
YGR140W,YGL229C,0,1.7095654,0.25106990337371826,0.35094717144966125,0.10503151267766953
YKR018C,YCL039W,0,1.7095048,0.25089094042778015,0.35094717144966125,0.10513153672218323
YKL096W,YJL183W,0,1.7094905,0.25071224570274353,0.35094717144966125,0.10523156821727753
YFR030W,YBR036C,0,1.7087898,0.2505338191986084,0.35094717144966125,0.10533159971237183
YDR078C,YJR126C,0,1.708744,0.25035563111305237,0.35094717144966125,0.10543163120746613
YKR007W,YOL027C,1,1.7079476,0.2508884072303772,0.3519441783428192,0.10543163120746613
YOR067C,YBR039W,0,1.7074194,0.25071021914482117,0.3519441783428192,0.10553166270256042
YGL155W,YKL190W,1,1.7072732,0.2512420117855072,0.3529411852359772,0.10553166270256042
YBR212W,YOR229W,0,1.7063762,0.25106382369995117,0.3529411852359772,0.10563168674707413
YBR211C,YPL155C,0,1.7062486,0.25088590383529663,0.3529411852359772,0.10573171824216843
YHR142W,YOL094C,0,1.7059993,0.2507082223892212,0.3529411852359772,0.10583174973726273
YPR009W,YPL186C,0,1.7057173,0.25053077936172485,0.3529411852359772,0.10593178123235703
YGR198W,YJR049C,0,1.702982,0.25035360455513,0.3529411852359772,0.10603181272745132
YBL045C,YPR061C,0,1.7023802,0.25017666816711426,0.3529411852359772,0.10613183677196503
YIR035C,YBR103W,0,1.7019075,0.25,0.3529411852359772,0.10623186826705933
YJL221C,YMR278W,0,1.7017448,0.24982357025146484,0.3529411852359772,0.10633189976215363
YKL087C,YNL106C,0,1.7011974,0.24964739382266998,0.3529411852359772,0.10643193125724792
YNL220W,YLR176C,0,1.7011545,0.24947145581245422,0.3529411852359772,0.10653196275234222
YOR298C-A,YJR035W,0,1.7011272,0.24929577112197876,0.3529411852359772,0.10663198679685593
YGR247W,YOL072W,0,1.7010075,0.2491203397512436,0.3529411852359772,0.10673201829195023
YGL238W,YML048W,0,1.7007205,0.24894514679908752,0.3529411852359772,0.10683204978704453
YKR018C,YMR314W,0,1.7006269,0.24877020716667175,0.3529411852359772,0.10693208128213882
YGL206C,YDR003W,0,1.6991087,0.24859550595283508,0.3529411852359772,0.10703211277723312
YLR328W,YOL003C,0,1.6981205,0.2484210580587387,0.3529411852359772,0.10713213682174683
YOR045W,YLR225C,0,1.6979119,0.24824684858322144,0.3529411852359772,0.10723216831684113
YOR158W,YBR087W,0,1.6974872,0.24807287752628326,0.3529411852359772,0.10733219981193542
YHR020W,YLR284C,0,1.6966487,0.2478991597890854,0.3529411852359772,0.10743223130702972
YPR181C,YIL098C,0,1.6961756,0.2477256804704666,0.3529411852359772,0.10753226280212402
YPL239W,YNL194C,0,1.6961116,0.24755245447158813,0.3529411852359772,0.10763228684663773
YDR529C,YNR055C,0,1.6956878,0.24737945199012756,0.3529411852359772,0.10773231834173203
YLR027C,YBR077C,0,1.6954526,0.2472067028284073,0.3529411852359772,0.10783234983682632
YGR163W,YDR338C,0,1.6943531,0.2470341920852661,0.3529411852359772,0.10793238133192062
YMR134W,YLR447C,1,1.6941745,0.24755927920341492,0.35393819212913513,0.10793238133192062
YDR189W,YML072C,0,1.6926894,0.24738675355911255,0.35393819212913513,0.10803241282701492
YOR079C,YDR515W,1,1.692614,0.24791085720062256,0.3549351990222931,0.10803241282701492
YAL028W,YDL236W,0,1.6925019,0.24773834645748138,0.3549351990222931,0.10813243687152863
YJL156C,YOL089C,0,1.6919125,0.24756605923175812,0.3549351990222931,0.10823246836662292
YOR179C,YJL063C,0,1.6918931,0.24739402532577515,0.3549351990222931,0.10833249986171722
YDR051C,YBR127C,0,1.691889,0.24722221493721008,0.3549351990222931,0.10843253135681152
YML078W,YBR043C,0,1.6918565,0.24705065786838531,0.3549351990222931,0.10853256285190582
YHR001W,YJL209W,0,1.6915606,0.24687933921813965,0.3549351990222931,0.10863258689641953
YLR450W,YML008C,0,1.6913542,0.2467082440853119,0.3549351990222931,0.10873261839151382
YDR270W,YDR380W,0,1.6913059,0.24653740227222443,0.3549351990222931,0.10883264988660812
YDR168W,YGL137W,0,1.6900736,0.24636678397655487,0.3549351990222931,0.10893268138170242
YNR032C-A,YLR090W,0,1.6897492,0.24619640409946442,0.3549351990222931,0.10903271287679672
YOR118W,YDR171W,0,1.6892269,0.24602626264095306,0.3549351990222931,0.10913273692131042
YHR181W,YHR010W,0,1.6892161,0.2458563596010208,0.3549351990222931,0.10923276841640472
YHR043C,YBR106W,0,1.6891322,0.24568668007850647,0.3549351990222931,0.10933279991149902
YBR012W-B,YJR126C,0,1.688759,0.24551723897457123,0.3549351990222931,0.10943283140659332
YGR029W,YML057W,1,1.6883087,0.24603721499443054,0.35593220591545105,0.10943283140659332
YIR022W,YLR178C,0,1.6878712,0.2458677738904953,0.35593220591545105,0.10953286290168762
YMR163C,YJL101C,0,1.6872523,0.24569855630397797,0.35593220591545105,0.10963288694620132
YML127W,YGL084C,0,1.6867108,0.24552957713603973,0.35593220591545105,0.10973291844129562
YBL017C,YBR049C,0,1.6855474,0.2453608214855194,0.35593220591545105,0.10983294993638992
YOR158W,YPL189W,0,1.6849008,0.24519230425357819,0.35593220591545105,0.10993298143148422
YNL072W,YDL174C,0,1.6837089,0.24502402544021606,0.35593220591545105,0.11003301292657852
YMR058W,YKL155C,0,1.6833091,0.24485597014427185,0.35593220591545105,0.11013303697109222
YDL185W,YCR083W,0,1.6832353,0.24468813836574554,0.35593220591545105,0.11023306846618652
YNL336W,YNL190W,0,1.6831074,0.24452054500579834,0.35593220591545105,0.11033309996128082
YPL280W,YBR149W,0,1.6829636,0.24435319006443024,0.35593220591545105,0.11043313145637512
YDL095W,YGR260W,0,1.6826329,0.24418604373931885,0.35593220591545105,0.11053316295146942
YGL073W,YHR190W,0,1.6811891,0.24401913583278656,0.35593220591545105,0.11063318699598312
YPL168W,YLR220W,0,1.6804535,0.24385246634483337,0.35593220591545105,0.11073321849107742
YFL062W,YDR100W,0,1.679522,0.2436860054731369,0.35593220591545105,0.11083324998617172
YGR275W,YER088C,0,1.6792645,0.24351978302001953,0.35593220591545105,0.11093328148126602
YCR044C,YDR515W,1,1.6790752,0.24403545260429382,0.356929212808609,0.11093328148126602
YHR215W,YML062C,0,1.6787528,0.24386921525001526,0.356929212808609,0.11103331297636032
YDL231C,YKL141W,0,1.6773436,0.2437032014131546,0.356929212808609,0.11113333702087402
YHR007C,YJL219W,0,1.6766973,0.24353741109371185,0.356929212808609,0.11123336851596832
YCR075C,YPL058C,0,1.6764255,0.2433718591928482,0.356929212808609,0.11133340001106262
YML063W,YER141W,0,1.6757529,0.24320651590824127,0.356929212808609,0.11143343150615692
YBR204C,YNL288W,0,1.6756524,0.24304141104221344,0.356929212808609,0.11153346300125122
YPL159C,YPR097W,0,1.6753869,0.24287652969360352,0.356929212808609,0.11163348704576492
YDR202C,YGR092W,1,1.674092,0.24338982999324799,0.35792621970176697,0.11163348704576492
YBR046C,YLR098C,0,1.673908,0.24322493374347687,0.35792621970176697,0.11173351854085922
YJR035W,YDR531W,0,1.6734451,0.24306026101112366,0.35792621970176697,0.11183355003595352
YOR201C,YAL041W,0,1.6730032,0.24289581179618835,0.35792621970176697,0.11193358153104782
YOR316C,YDR495C,1,1.6728914,0.2434077113866806,0.3589232265949249,0.11193358153104782
YNL293W,YGR062C,0,1.6723843,0.2432432472705841,0.3589232265949249,0.11203361302614212
YGL173C,YDR096W,0,1.6722467,0.24307900667190552,0.3589232265949249,0.11213363707065582
YPL022W,YLR297W,0,1.6712067,0.24291497468948364,0.3589232265949249,0.11223366856575012
YDR031W,YCL017C,0,1.6710647,0.24275118112564087,0.3589232265949249,0.11233370006084442
YCL051W,YKL034W,0,1.670708,0.2425875961780548,0.3589232265949249,0.11243373155593872
YBR264C,YPL060W,0,1.6706578,0.24242424964904785,0.3589232265949249,0.11253376305103302
YOR125C,YPL221W,0,1.6702598,0.2422610968351364,0.3589232265949249,0.11263378709554672
YLR419W,YBL046W,0,1.6695043,0.24209818243980408,0.3589232265949249,0.11273381859064102
YOR087W,YKL190W,1,1.6690257,0.24260753393173218,0.3599202334880829,0.11273381859064102
YNL326C,YDR265W,0,1.6684085,0.24244458973407745,0.3599202334880829,0.11283385008573532
YDR432W,YDL091C,0,1.6670063,0.24228188395500183,0.3599202334880829,0.11293388158082962
YNR047W,YDL095W,0,1.6665797,0.24211938679218292,0.3599202334880829,0.11303391307592392
YBR248C,YDR380W,0,1.6665224,0.24195709824562073,0.3599202334880829,0.11313393712043762
YPR028W,YDR350C,0,1.666386,0.24179504811763763,0.3599202334880829,0.11323396861553192
YKL109W,YPL237W,0,1.666127,0.24163320660591125,0.3599202334880829,0.11333400011062622
YPL202C,YLR136C,1,1.6659987,0.24214047193527222,0.36091724038124084,0.11333400011062622
YNL103W,YHR001W,0,1.6655098,0.24197861552238464,0.36091724038124084,0.11343403160572052
YFL047W,YLL009C,0,1.664887,0.24181696772575378,0.36091724038124084,0.11353406310081482
YHR076W,YGL184C,0,1.664885,0.24165554344654083,0.36091724038124084,0.11363408714532852
YBR003W,YHR201C,0,1.6647406,0.2414943277835846,0.36091724038124084,0.11373411864042282
YPR110C,YIL043C,0,1.6635189,0.24133333563804626,0.36091724038124084,0.11383415013551712
YLR448W,YKL006C-A,0,1.6630838,0.24117255210876465,0.36091724038124084,0.11393418163061142
YOR019W,YER095W,0,1.6627173,0.24101197719573975,0.36091724038124084,0.11403421312570572
YMR162C,YLR023C,0,1.661962,0.24085162580013275,0.36091724038124084,0.11413423717021942
YDR314C,YER060W,0,1.6615157,0.24069148302078247,0.36091724038124084,0.11423426866531372
YER073W,YLR212C,0,1.660624,0.2405315637588501,0.36091724038124084,0.11433430016040802
YPL234C,YLR136C,1,1.6603057,0.24103586375713348,0.3619142472743988,0.11433430016040802
YNL137C,YGL027C,0,1.6598371,0.24087591469287872,0.3619142472743988,0.11443433165550232
YGR235C,YLL018C,0,1.6593828,0.24071617424488068,0.3619142472743988,0.11453436315059662
YJR047C,YER021W,0,1.6592962,0.24055665731430054,0.3619142472743988,0.11463438719511032
YDL120W,YGL156W,0,1.6588272,0.2403973489999771,0.3619142472743988,0.11473441869020462
YDL120W,YJR104C,1,1.6582937,0.24090006947517395,0.36291125416755676,0.11473441869020462
YOR381W,YDL198C,1,1.6581726,0.24140211939811707,0.3639082610607147,0.11473441869020462
YNR036C,YOL089C,0,1.6574676,0.24124255776405334,0.3639082610607147,0.11483445018529892
YBR199W,YAL051W,0,1.6569713,0.24108321964740753,0.3639082610607147,0.11493448168039322
YDR135C,YML111W,0,1.6561859,0.24092409014701843,0.3639082610607147,0.11503451317548752
YDL120W,YDR270W,1,1.6558726,0.2414247989654541,0.36490529775619507,0.11503451317548752
YNR061C,YLR430W,0,1.6558669,0.2412656545639038,0.36490529775619507,0.11513453722000122
YBR130C,YBR293W,0,1.6557896,0.24110671877861023,0.36490529775619507,0.11523456871509552
YOR267C,YDR151C,1,1.6547911,0.24160632491111755,0.365902304649353,0.11523456871509552
YDR099W,YMR091C,0,1.6535122,0.24144737422466278,0.365902304649353,0.11533460021018982
YHR106W,YML087C,0,1.6534759,0.24128863215446472,0.365902304649353,0.11543463170528412
YGR104C,YBR105C,0,1.6533761,0.24113009870052338,0.365902304649353,0.11553466320037842
YOL158C,YGR020C,1,1.6529303,0.24162836372852325,0.366899311542511,0.11553466320037842
YDR265W,YAL042W,0,1.6525987,0.24146981537342072,0.366899311542511,0.11563468724489212
YDR434W,YJL111W,0,1.6521685,0.2413114756345749,0.366899311542511,0.11573471873998642
YGL128C,YOR149C,0,1.6515819,0.24115334451198578,0.366899311542511,0.11583475023508072
YLR274W,YDR298C,0,1.6512003,0.24099542200565338,0.366899311542511,0.11593478173017502
YNR041C,YHR147C,0,1.6494555,0.2408376932144165,0.366899311542511,0.11603481322526932
YGL126W,YML048W,0,1.649276,0.24068018794059753,0.366899311542511,0.11613483726978302
YGR125W,YLR071C,0,1.6488211,0.24052287638187408,0.366899311542511,0.11623486876487732
YFL016C,YMR289W,0,1.6476943,0.24036577343940735,0.366899311542511,0.11633490025997162
YGL115W,YER081W,0,1.6469401,0.24020887911319733,0.366899311542511,0.11643493175506592
YKL119C,YEL065W,1,1.6458865,0.2407045066356659,0.36789631843566895,0.11643493175506592
YOR014W,YBL061C,0,1.6457946,0.24054758250713348,0.36789631843566895,0.11653496325016022
YHR157W,YBR193C,0,1.644433,0.24039088189601898,0.36789631843566895,0.11663498729467392
YOR103C,YMR208W,0,1.6443197,0.240234375,0.36789631843566895,0.11673501878976822
YCL050C,YPL066W,0,1.644048,0.24007807672023773,0.36789631843566895,0.11683505028486252
YGL213C,YDR239C,0,1.6425966,0.23992197215557098,0.36789631843566895,0.11693508177995682
YOR270C,YDR376W,1,1.6421654,0.24041585624217987,0.3688933253288269,0.11693508177995682
YLR193C,YDL181W,0,1.6419244,0.24025973677635193,0.3688933253288269,0.11703511327505112
YKL196C,YNL264C,0,1.6392703,0.2401038259267807,0.3688933253288269,0.11713513731956482
YPL026C,YCR027C,0,1.6390963,0.2399481236934662,0.3688933253288269,0.11723516881465912
YJR045C,YJR058C,0,1.639048,0.2397926151752472,0.3688933253288269,0.11733520030975342
YHL002W,YOR319W,0,1.6389551,0.23963730037212372,0.3688933253288269,0.11743523180484772
YNL241C,YNR023W,0,1.6382788,0.23948219418525696,0.3688933253288269,0.11753526329994202
YOR307C,YBR235W,0,1.6375687,0.2393272966146469,0.3688933253288269,0.11763528734445572
YMR165C,YDL066W,0,1.637221,0.23917259275913239,0.3688933253288269,0.11773531883955002
YLR126C,YHR026W,1,1.6370597,0.23966407775878906,0.36989033222198486,0.11773531883955002
YMR274C,YPL158C,0,1.6366878,0.23950935900211334,0.36989033222198486,0.11783535033464432
YDL143W,YDL115C,0,1.6366427,0.23935483396053314,0.36989033222198486,0.11793538182973862
YBR299W,YAR042W,0,1.6366335,0.23920051753520966,0.36989033222198486,0.11803541332483292
YBR159W,YDR294C,0,1.636112,0.2390463948249817,0.36989033222198486,0.11813543736934662
YKL080W,YEL027W,1,1.6359897,0.2395363748073578,0.3708873391151428,0.11813543736934662
YJL094C,YLR368W,0,1.6358044,0.23938223719596863,0.3708873391151428,0.11823546886444092
YDR314C,YNL024C,0,1.6355135,0.239228293299675,0.3708873391151428,0.11833550035953522
YDR194C,YNL059C,0,1.634889,0.23907454311847687,0.3708873391151428,0.11843553185462952
YOR028C,YML061C,0,1.6341318,0.23892100155353546,0.3708873391151428,0.11853556334972382
YBR046C,YGR203W,0,1.6338606,0.23876765370368958,0.3708873391151428,0.11863558739423752
YNL250W,YDR293C,0,1.6334836,0.2386144995689392,0.3708873391151428,0.11873561888933182
YML040W,YML120C,0,1.6334648,0.23846153914928436,0.3708873391151428,0.11883565038442612
YBR079C,YLL001W,0,1.6333637,0.23830877244472504,0.3708873391151428,0.11893568187952042
YML078W,YHR101C,0,1.6331025,0.23815621435642242,0.3708873391151428,0.11903571337461472
YLR034C,YMR134W,1,1.6325886,0.23864363133907318,0.3718843460083008,0.11903571337461472
YKL134C,YMR216C,1,1.6291201,0.239130437374115,0.37288135290145874,0.11903571337461472
YPL224C,YNR048W,0,1.6290593,0.23897764086723328,0.37288135290145874,0.11913573741912842
YDR398W,YJR073C,0,1.6284828,0.23882503807544708,0.37288135290145874,0.11923576891422272
YIL056W,YCR092C,0,1.6280768,0.2386726289987564,0.37288135290145874,0.11933580040931702
YIL027C,YBR077C,0,1.627583,0.23852041363716125,0.37288135290145874,0.11943583190441132
YMR156C,YNL007C,0,1.6267995,0.23836839199066162,0.37288135290145874,0.11953586339950562
YML057W,YGR092W,1,1.6267672,0.23885349929332733,0.3738783597946167,0.11953586339950562
YJR137C,YDR488C,0,1.6266198,0.2387014627456665,0.3738783597946167,0.11963588744401932
YPR122W,YMR104C,0,1.6263883,0.2385496199131012,0.3738783597946167,0.11973591893911362
YBR189W,YML074C,0,1.626263,0.2383979707956314,0.3738783597946167,0.11983595043420792
YOR167C,YML081C-A,0,1.6256936,0.23824650049209595,0.3738783597946167,0.11993598192930222
YGR005C,YGR165W,0,1.6243455,0.2380952388048172,0.3738783597946167,0.12003601342439651
YBR069C,YOR136W,0,1.6241738,0.23794415593147278,0.3738783597946167,0.12013603746891022
YGR186W,YOR227W,0,1.6238573,0.23779328167438507,0.3738783597946167,0.12023606896400452
YMR058W,YEL031W,1,1.6238475,0.23827630281448364,0.37487536668777466,0.12023606896400452
YJL093C,YOR322C,0,1.6236157,0.23812539875507355,0.37487536668777466,0.12033610045909882
YPR017C,YJR017C,0,1.6234078,0.23797468841075897,0.37487536668777466,0.12043613195419312
YIR036C,YMR289W,0,1.6233826,0.23782415688037872,0.37487536668777466,0.12053616344928741
YNL158W,YJL106W,0,1.6231703,0.2376738339662552,0.37487536668777466,0.12063618749380112
YCR003W,YFR044C,0,1.6224805,0.23752368986606598,0.37487536668777466,0.12073621898889542
YJL092W,YER113C,0,1.6223346,0.2373737394809723,0.37487536668777466,0.12083625048398972
YGL006W,YMR054W,1,1.6220067,0.23785488307476044,0.3758723735809326,0.12083625048398972
YER027C,YER184C,0,1.6212609,0.23770491778850555,0.3758723735809326,0.12093628197908401
YGR038W,YDR100W,0,1.6212445,0.237555131316185,0.3758723735809326,0.12103631347417831
YDR363W-A,YGL245W,0,1.6202275,0.23740553855895996,0.3758723735809326,0.12113633751869202
YER183C,YDR237W,0,1.6199656,0.23725613951683044,0.3758723735809326,0.12123636901378632
YJL048C,YPR180W,0,1.6199324,0.23710691928863525,0.3758723735809326,0.12133640050888062
YBR179C,YER157W,0,1.6191843,0.23695789277553558,0.3758723735809326,0.12143643200397491
YPL177C,YJR150C,0,1.6187711,0.23680904507637024,0.3758723735809326,0.12153646349906921
YDR501W,YHL047C,0,1.6186008,0.23666039109230042,0.3758723735809326,0.12163648754358292
YER086W,YHL047C,0,1.6184455,0.23651191592216492,0.3758723735809326,0.12173651903867722
YDR372C,YPL095C,0,1.617794,0.23636363446712494,0.3758723735809326,0.12183655053377151
YNL041C,YGL156W,0,1.6174204,0.2362155318260193,0.3758723735809326,0.12193658202886581
YDR313C,YBR103W,0,1.6173642,0.23606762290000916,0.3758723735809326,0.12203661352396011
YMR237W,YER003C,0,1.6172006,0.23591989278793335,0.3758723735809326,0.12213663756847382
YJR059W,YKL119C,1,1.615681,0.23639774322509766,0.3768693804740906,0.12213663756847382
YDL108W,YPL215W,0,1.6146023,0.23624999821186066,0.3768693804740906,0.12223666906356812
YCR044C,YPL202C,1,1.6137486,0.2367270439863205,0.37786638736724854,0.12223666906356812
YKL073W,YLR220W,0,1.6134931,0.2365792691707611,0.37786638736724854,0.12233670055866241
YEL002C,YBR179C,0,1.6132183,0.23643168807029724,0.37786638736724854,0.12243673205375671
YLR448W,YDR145W,0,1.6120865,0.2362842857837677,0.37786638736724854,0.12253676354885101
YOR151C,YER027C,0,1.6110325,0.23613707721233368,0.37786638736724854,0.12263678759336472
YMR130W,YCR068W,0,1.6110256,0.2359900325536728,0.37786638736724854,0.12273681908845901
YDR057W,YAR019C,0,1.6109445,0.23584318161010742,0.37786638736724854,0.12283685058355331
YML038C,YOL049W,0,1.6104228,0.23569652438163757,0.37786638736724854,0.12293688207864761
YNL125C,YJL219W,0,1.6096728,0.23555003106594086,0.37786638736724854,0.12303691357374191
YDL124W,YDR242W,0,1.6094317,0.23540373146533966,0.37786638736724854,0.12313693761825562
YDL165W,YKL054C,0,1.6087403,0.2352576106786728,0.37786638736724854,0.12323696911334991
YDL198C,YLR136C,1,1.6077055,0.23573200404644012,0.3788634240627289,0.12323696911334991
YBL007C,YDR182W,0,1.6075037,0.23558586835861206,0.3788634240627289,0.12333700060844421
YAR033W,YJR139C,0,1.6069016,0.23543989658355713,0.3788634240627289,0.12343703210353851
YDL141W,YPL009C,0,1.6063378,0.23529411852359772,0.3788634240627289,0.12353706359863281
YEL017C-A,YGR009C,0,1.605824,0.23514851927757263,0.3788634240627289,0.12363708764314651
YPR103W,YNL123W,0,1.6054109,0.23500309884548187,0.3788634240627289,0.12373711913824081
YOR043W,YIL172C,0,1.6048737,0.23485784232616425,0.3788634240627289,0.12383715063333511
YKR064W,YBL075C,0,1.6045176,0.23471277952194214,0.3788634240627289,0.12393718212842941
YOR061W,YER133W,1,1.6041862,0.2351851910352707,0.37986043095588684,0.12393718212842941
YBR079C,YNL183C,0,1.6041751,0.2350400984287262,0.37986043095588684,0.12403721362352371
YKR050W,YLL026W,0,1.6029756,0.23489518463611603,0.37986043095588684,0.12413723766803741
YDL005C,YPR036W,0,1.6029015,0.23475046455860138,0.37986043095588684,0.12423726916313171
YGR004W,YBR078W,0,1.6025672,0.23460590839385986,0.37986043095588684,0.12433730065822601
YGL133W,YAL068C,0,1.6021144,0.23446153104305267,0.37986043095588684,0.12443733215332031
YNR052C,YPL111W,0,1.6019349,0.234317347407341,0.37986043095588684,0.12453736364841461
YCL039W,YDL046W,0,1.6014603,0.23417332768440247,0.37986043095588684,0.12463738769292831
YJL020C,YLR126C,0,1.6006596,0.23402948677539825,0.37986043095588684,0.12473741918802261
YCR075C,YGR186W,0,1.600431,0.23388582468032837,0.37986043095588684,0.12483745068311691
YLR142W,YER177W,0,1.6000922,0.23374232649803162,0.37986043095588684,0.12493748217821121
YJL056C,YLR136C,1,1.5998135,0.23421214520931244,0.3808574378490448,0.12493748217821121
YDR092W,YMR142C,0,1.5993307,0.2340686321258545,0.3808574378490448,0.12503750622272491
YDL135C,YPL075W,0,1.598903,0.23392529785633087,0.3808574378490448,0.1251375377178192
YGR020C,YML132W,1,1.5984416,0.2343941181898117,0.38185444474220276,0.1251375377178192
YOL027C,YML057W,1,1.5980194,0.23486238718032837,0.3828514516353607,0.1251375377178192
YAL021C,YLR287C-A,0,1.5978775,0.23471882939338684,0.3828514516353607,0.1252375692129135
YLR426W,YOR174W,0,1.5977527,0.23457543551921844,0.3828514516353607,0.1253376007080078
YDR163W,YNL015W,0,1.5975077,0.23443223536014557,0.3828514516353607,0.1254376322031021
YNL246W,YML057W,0,1.5970998,0.23428919911384583,0.3828514516353607,0.1255376636981964
YNL025C,YLR421C,0,1.5958188,0.2341463416814804,0.3828514516353607,0.1256376951932907
YPR058W,YIL125W,0,1.5951779,0.23400366306304932,0.3828514516353607,0.125737726688385
YDR464W,YBR054W,0,1.5949645,0.23386114835739136,0.3828514516353607,0.1258377581834793
YJL036W,YDL005C,0,1.5947273,0.23371881246566772,0.3828514516353607,0.12593777477741241
YDR091C,YJL078C,0,1.5940676,0.23357664048671722,0.3828514516353607,0.1260378062725067
YJL044C,YLR085C,0,1.5939673,0.23343464732170105,0.3828514516353607,0.126137837767601
YPL228W,YEL038W,0,1.5936775,0.2332928329706192,0.3828514516353607,0.1262378692626953
YPR131C,YLR048W,0,1.5929862,0.23315118253231049,0.3828514516353607,0.1263379007577896
YCR008W,YJL059W,1,1.5925276,0.23361650109291077,0.3838484585285187,0.1263379007577896
YKR048C,YIL148W,0,1.5921936,0.23347483575344086,0.3838484585285187,0.1264379322528839
YKR046C,YPR022C,0,1.5917926,0.23333333432674408,0.3838484585285187,0.1265379637479782
YJR098C,YPL010W,0,1.5915524,0.23319201171398163,0.3838484585285187,0.1266379952430725
YDR202C,YLL032C,0,1.5910578,0.2330508530139923,0.3838484585285187,0.1267380267381668
YDR005C,YPL164C,0,1.5900428,0.23290985822677612,0.3838484585285187,0.1268380582332611
YEL065W,YCL017C,1,1.5897655,0.23337364196777344,0.38484546542167664,0.1268380582332611
YGL231C,YKR003W,0,1.5890903,0.23323263227939606,0.38484546542167664,0.1269380748271942
YJL002C,YNL007C,0,1.5888631,0.2330917865037918,0.38484546542167664,0.1270381063222885
YDR293C,YLR410W,0,1.588526,0.2329511195421219,0.38484546542167664,0.1271381378173828
YMR035W,YLR421C,0,1.5878143,0.2328106164932251,0.38484546542167664,0.1272381693124771
YKL091C,YPL033C,0,1.5870073,0.23267027735710144,0.38484546542167664,0.1273382008075714
YDL190C,YOR227W,0,1.5864339,0.2325301170349121,0.38484546542167664,0.1274382323026657
YDR177W,YML127W,0,1.5863855,0.2323901206254959,0.38484546542167664,0.12753826379776
YBL047C,YKR095W,0,1.5856377,0.23225030303001404,0.38484546542167664,0.1276382952928543
YOR110W,YAR007C,0,1.5849843,0.2321106493473053,0.38484546542167664,0.1277383267879486
YGL020C,YNL256W,0,1.58464,0.2319711595773697,0.38484546542167664,0.1278383582830429
YAL019W,YHR035W,0,1.5841022,0.23183183372020721,0.38484546542167664,0.127938374876976
YFR008W,YNL264C,0,1.5832002,0.23169267177581787,0.38484546542167664,0.1280384063720703
YKL062W,YER014W,0,1.5829729,0.23155368864536285,0.38484546542167664,0.1281384378671646
YOR061W,YDR456W,1,1.582413,0.23201438784599304,0.3858424723148346,0.1281384378671646
YGR046W,YBR048W,0,1.5822383,0.23187537491321564,0.3858424723148346,0.1282384693622589
YDR247W,YOR136W,0,1.5817806,0.23173652589321136,0.3858424723148346,0.1283385008573532
YMR274C,YPR155C,0,1.5817525,0.23159784078598022,0.3858424723148346,0.1284385323524475
YHR108W,YJR121W,0,1.5814973,0.2314593344926834,0.3858424723148346,0.1285385638475418
YPR095C,YHR017W,0,1.581157,0.23132097721099854,0.3858424723148346,0.1286385953426361
YHR108W,YDR127W,0,1.5808759,0.23118279874324799,0.3858424723148346,0.1287386268377304
YKL198C,YMR260C,0,1.5798509,0.23104476928710938,0.3858424723148346,0.1288386583328247
YGL155W,YOL101C,1,1.579848,0.23150357604026794,0.38683947920799255,0.1288386583328247
YOR079C,YGR092W,1,1.5791816,0.23196183145046234,0.3878364861011505,0.1288386583328247
YHL017W,YDR307W,0,1.5789791,0.23182359337806702,0.3878364861011505,0.1289386749267578
YGL039W,YBR121C,0,1.5789647,0.23168553411960602,0.3878364861011505,0.1290387064218521
YPL001W,YGL119W,0,1.578423,0.23154762387275696,0.3878364861011505,0.1291387379169464
YBL060W,YDR246W,0,1.5782912,0.23140987753868103,0.3878364861011505,0.1292387694120407
YDR028C,YNL081C,0,1.5782146,0.23127229511737823,0.3878364861011505,0.129338800907135
YLR120C,YNR033W,0,1.5779388,0.23113487660884857,0.3878364861011505,0.1294388324022293
YLR176C,YGR174C,0,1.5776577,0.23099762201309204,0.3878364861011505,0.1295388638973236
YCR053W,YHR123W,0,1.5772636,0.23086053133010864,0.3878364861011505,0.1296388953924179
YDR208W,YOR039W,0,1.5770339,0.23072360455989838,0.3878364861011505,0.1297389268875122
YKR085C,YOR321W,0,1.576683,0.23058684170246124,0.3878364861011505,0.1298389583826065
YLR371W,YKR085C,0,1.5758247,0.23045024275779724,0.3878364861011505,0.1299389749765396
YOR125C,YCR033W,0,1.5750444,0.23031379282474518,0.3878364861011505,0.1300390064716339
YOR153W,YLL048C,0,1.5740521,0.23017752170562744,0.3878364861011505,0.1301390379667282
YPL017C,YPL225W,0,1.573376,0.23004139959812164,0.3878364861011505,0.1302390694618225
YMR274C,YCR053W,0,1.5708792,0.22990544140338898,0.3878364861011505,0.1303391009569168
YER035W,YBR240C,0,1.570737,0.22976964712142944,0.3878364861011505,0.1304391324520111
YKR097W,YOL011W,0,1.5701754,0.22963400185108185,0.3878364861011505,0.1305391639471054
YLR398C,YFL018C,0,1.570174,0.22949852049350739,0.3878364861011505,0.1306391954421997
YKL143W,YJR120W,0,1.566726,0.22936320304870605,0.3878364861011505,0.130739226937294
YOR228C,YLR015W,0,1.5664995,0.22922804951667786,0.3878364861011505,0.1308392584323883
YCR075C,YFR006W,0,1.5642995,0.2290930449962616,0.3878364861011505,0.1309392750263214
YNL244C,YER133W,0,1.5641849,0.22895820438861847,0.3878364861011505,0.1310393065214157
YBL047C,YJL190C,0,1.5634334,0.22882352769374847,0.3878364861011505,0.13113933801651
YLR210W,YOR383C,0,1.5633429,0.22868900001049042,0.3878364861011505,0.1312393695116043
YPR041W,YDR517W,0,1.5629251,0.2285546362400055,0.3878364861011505,0.1313394010066986
YDL119C,YMR060C,0,1.5626576,0.2284204363822937,0.3878364861011505,0.1314394325017929
YNL220W,YLR096W,0,1.5621914,0.22828638553619385,0.3878364861011505,0.1315394639968872
YMR054W,YGR020C,1,1.5621169,0.22873900830745697,0.38883349299430847,0.1315394639968872
YKL065C,YBR176W,0,1.5620371,0.22860492765903473,0.38883349299430847,0.1316394954919815
YLL050C,YNR059W,0,1.5619807,0.22847099602222443,0.38883349299430847,0.1317395269870758
YEL051W,YCR008W,1,1.561939,0.22892270982265472,0.38983049988746643,0.1317395269870758
YER021W,YKL058W,0,1.5615261,0.22878876328468323,0.38983049988746643,0.1318395584821701
YEL027W,YOR226C,1,1.5609233,0.22923976182937622,0.3908275067806244,0.1318395584821701
YMR134W,YHR026W,1,1.56078,0.22969023883342743,0.39182451367378235,0.1318395584821701
YLR034C,YDR205W,1,1.5599202,0.23014019429683685,0.3928215205669403,0.1318395584821701
YOR250C,YKL062W,0,1.5598541,0.23000583052635193,0.3928215205669403,0.1319395750761032
YDR177W,YHR001W,0,1.5597708,0.22987164556980133,0.3928215205669403,0.1320396065711975
YEL031W,YDR270W,1,1.55925,0.23032070696353912,0.39381855726242065,0.1320396065711975
YNL125C,YOR129C,0,1.5575808,0.23018647730350494,0.39381855726242065,0.1321396380662918
YEL064C,YGL179C,0,1.5574625,0.2300524115562439,0.39381855726242065,0.1322396695613861
YBR036C,YJL056C,1,1.5574275,0.23050057888031006,0.3948155641555786,0.1322396695613861
YEL058W,YDL019C,0,1.5564108,0.23036649823188782,0.3948155641555786,0.1323397010564804
YML012W,YMR071C,0,1.5549479,0.23023255169391632,0.3948155641555786,0.1324397325515747
YML094W,YPL088W,0,1.55375,0.23009878396987915,0.3948155641555786,0.132539764046669
YNL240C,YDR533C,0,1.5533442,0.22996515035629272,0.3948155641555786,0.1326397955417633
YGR178C,YGR284C,0,1.5532238,0.22983169555664062,0.3948155641555786,0.1327398270368576
YGR092W,YDL110C,0,1.5532193,0.22969837486743927,0.3948155641555786,0.1328398585319519
YIL101C,YKR095W,0,1.5526564,0.22956521809101105,0.3948155641555786,0.132939875125885
YPR094W,YDR307W,0,1.5525191,0.22943221032619476,0.3948155641555786,0.1330399066209793
YLR220W,YJL057C,0,1.5522559,0.2292993664741516,0.3948155641555786,0.1331399381160736
YCL017C,YLR447C,1,1.5521874,0.22974537312984467,0.3958125710487366,0.1331399381160736
YLR377C,YGR203W,0,1.5506785,0.22961249947547913,0.3958125710487366,0.1332399696111679
YDR084C,YKR072C,0,1.550484,0.22947977483272552,0.3958125710487366,0.1333400011062622
YPR133C,YLR229C,0,1.5499355,0.22934719920158386,0.3958125710487366,0.1334400326013565
YNL055C,YER160C,0,1.54849,0.22921478748321533,0.3958125710487366,0.1335400640964508
YPL177C,YGR020C,1,1.548303,0.2296595573425293,0.39680957794189453,0.1335400640964508
YBL007C,YML016C,0,1.5482807,0.22952710092067719,0.39680957794189453,0.1336400955915451
YKL011C,YOR058C,0,1.5474403,0.2293948084115982,0.39680957794189453,0.1337401270866394
YCR044C,YOR270C,1,1.5456821,0.22983871400356293,0.3978065848350525,0.1337401270866394
YDR100W,YKL197C,0,1.5454537,0.22970639169216156,0.3978065848350525,0.1338401585817337
YOR316C,YNL082W,0,1.5454491,0.22957421839237213,0.3978065848350525,0.1339401751756668
YLR144C,YIR036C,0,1.5454153,0.22944220900535583,0.3978065848350525,0.1340402066707611
YKL134C,YOR267C,1,1.5446571,0.2298850566148758,0.39880359172821045,0.1340402066707611
YNL048W,YML065W,0,1.5445418,0.2297530174255371,0.39880359172821045,0.1341402381658554
YML027W,YBL082C,0,1.5444793,0.22962112724781036,0.39880359172821045,0.1342402696609497
YPL168W,YHR033W,0,1.5442027,0.22948938608169556,0.39880359172821045,0.134340301156044
YJL008C,YPR154W,0,1.5436559,0.2293577939271927,0.39880359172821045,0.1344403326511383
YFL056C,YML042W,0,1.5435264,0.22922636568546295,0.39880359172821045,0.1345403641462326
YPL106C,YKR095W,0,1.5420704,0.22909507155418396,0.39880359172821045,0.1346403956413269
YAR015W,YDR100W,0,1.5419796,0.2289639413356781,0.39880359172821045,0.1347404271364212
YJR086W,YLR110C,0,1.541966,0.22883294522762299,0.39880359172821045,0.1348404586315155
YBR035C,YOR265W,0,1.541871,0.228702113032341,0.39880359172821045,0.1349404752254486
YEL024W,YPL066W,0,1.5413177,0.22857142984867096,0.39880359172821045,0.1350405067205429
YDL142C,YPL224C,1,1.5411536,0.22901199758052826,0.3998005986213684,0.1350405067205429
YML022W,YMR067C,0,1.5403275,0.22888128459453583,0.3998005986213684,0.1351405382156372
YLR138W,YHR194W,1,1.5402298,0.2293211668729782,0.40079760551452637,0.1351405382156372
YGR284C,YDR273W,0,1.539643,0.2291904240846634,0.40079760551452637,0.1352405697107315
YLR172C,YPR058W,0,1.538889,0.2290598303079605,0.40079760551452637,0.1353406012058258
YGR205W,YJL091C,0,1.5388834,0.22892938554286957,0.40079760551452637,0.1354406327009201
YMR237W,YDR495C,0,1.538334,0.22879908978939056,0.40079760551452637,0.1355406641960144
YOL006C,YGR163W,0,1.5377371,0.2286689430475235,0.40079760551452637,0.1356406956911087
YOL055C,YAL042W,0,1.5373499,0.22853894531726837,0.40079760551452637,0.135740727186203
YHR128W,YJR048W,0,1.5373461,0.22840909659862518,0.40079760551452637,0.1358407586812973
YMR184W,YML014W,0,1.5371592,0.22827938199043274,0.40079760551452637,0.1359407752752304
YOR202W,YKR061W,0,1.5366651,0.22814983129501343,0.40079760551452637,0.1360408067703247
YDR388W,YNL091W,0,1.5363545,0.22802041471004486,0.40079760551452637,0.136140838265419
YBR086C,YDR541C,0,1.5351561,0.22789116203784943,0.40079760551452637,0.1362408697605133
YDR023W,YKL195W,0,1.5331056,0.22776204347610474,0.40079760551452637,0.1363409012556076
YKL040C,YDL142C,1,1.5323594,0.2281993180513382,0.4017946124076843,0.1363409012556076
YDR536W,YML057W,0,1.5315523,0.22807016968727112,0.4017946124076843,0.1364409327507019
YLR126C,YJL165C,1,1.5314639,0.22850678861141205,0.4027916193008423,0.1364409327507019
YGL001C,YGR244C,0,1.5313408,0.22837761044502258,0.4027916193008423,0.1365409642457962
YDR002W,YDR486C,0,1.5309451,0.22824858129024506,0.4027916193008423,0.1366409957408905
YMR189W,YGL243W,0,1.5308688,0.22811970114707947,0.4027916193008423,0.1367410272359848
YDL235C,YPL123C,0,1.5302746,0.22799097001552582,0.4027916193008423,0.1368410587310791
YNL326C,YPR004C,0,1.5299897,0.2278623729944229,0.4027916193008423,0.1369410753250122
YKL146W,YER078C,0,1.528728,0.22773393988609314,0.4027916193008423,0.1370411068201065
YOL030W,YHR171W,0,1.5285227,0.2276056408882141,0.4027916193008423,0.1371411383152008
YIL129C,YIL121W,0,1.5283414,0.22747747600078583,0.4027916193008423,0.1372411698102951
YHR194W,YOR157C,0,1.5279747,0.22734946012496948,0.4027916193008423,0.1373412013053894
YGL229C,YML061C,0,1.5258924,0.22722159326076508,0.4027916193008423,0.1374412328004837
YOR202W,YGL092W,0,1.5254899,0.2270938754081726,0.4027916193008423,0.137541264295578
YGR189C,YNL116W,0,1.5244659,0.22696629166603088,0.4027916193008423,0.1376412957906723
YML110C,YLR403W,0,1.524256,0.2268388569355011,0.4027916193008423,0.1377413272857666
YKR080W,YLR119W,0,1.5241184,0.22671155631542206,0.4027916193008423,0.1378413587808609
YDR247W,YBR139W,0,1.5233495,0.22658440470695496,0.4027916193008423,0.137941375374794
YBL105C,YIL084C,0,1.521846,0.2264574021100998,0.4027916193008423,0.1380414068698883
YOL096C,YHR005C,0,1.5216098,0.22633053362369537,0.4027916193008423,0.1381414383649826
YGL006W,YKR050W,1,1.5215063,0.22676371037960052,0.40378862619400024,0.1381414383649826
YDR057W,YFL005W,0,1.5215063,0.2266368269920349,0.40378862619400024,0.1382414698600769
YDR289C,YLR414C,0,1.5213809,0.22651006281375885,0.40378862619400024,0.1383415013551712
YNL126W,YPR005C,0,1.5208557,0.22638344764709473,0.40378862619400024,0.1384415328502655
YLR364W,YML008C,0,1.5204272,0.22625698149204254,0.40378862619400024,0.1385415643453598
YPL230W,YJR135C,0,1.5199339,0.2261306494474411,0.40378862619400024,0.1386415958404541
YDR253C,YDR147W,0,1.5190686,0.2260044664144516,0.40378862619400024,0.1387416273355484
YJR117W,YDR382W,0,1.5188287,0.22587841749191284,0.40378862619400024,0.1388416588306427
YOR131C,YHL032C,0,1.518546,0.22575250267982483,0.40378862619400024,0.1389416754245758
YML031W,YML038C,0,1.5182838,0.22562673687934875,0.40378862619400024,0.1390417069196701
YGL019W,YLR136C,1,1.5182633,0.22605790197849274,0.4047856330871582,0.1390417069196701
YBL005W,YLR410W,0,1.5176558,0.22593210637569427,0.4047856330871582,0.1391417384147644
YOL029C,YDR380W,0,1.5174904,0.22580644488334656,0.4047856330871582,0.1392417699098587
YOR069W,YPL031C,0,1.5172975,0.22568093240261078,0.4047856330871582,0.139341801404953
YLR090W,YNL217W,0,1.5165162,0.22555555403232574,0.4047856330871582,0.1394418329000473
YGR028W,YGL003C,0,1.5161042,0.22543030977249146,0.4047856330871582,0.1395418643951416
YKL175W,YJL165C,1,1.5160432,0.22586014866828918,0.40578263998031616,0.1395418643951416
YPR114W,YOR246C,0,1.5154612,0.2257348895072937,0.40578263998031616,0.1396418958902359
YDL120W,YBR171W,0,1.515059,0.22560974955558777,0.40578263998031616,0.1397419273853302
YHR112C,YHR034C,0,1.5147136,0.22548475861549377,0.40578263998031616,0.1398419588804245
YHR010W,YCL011C,0,1.5141802,0.22535991668701172,0.40578263998031616,0.1399419754743576
YOR115C,YBL102W,0,1.5141771,0.2252351939678192,0.40578263998031616,0.1400420069694519
YJL143W,YGL009C,0,1.5137498,0.22511062026023865,0.40578263998031616,0.1401420384645462
YGR024C,YGL003C,0,1.5133883,0.22498618066310883,0.40578263998031616,0.1402420699596405
YJR019C,YDR105C,0,1.5126289,0.22486187517642975,0.40578263998031616,0.1403421014547348
YOR079C,YBR127C,1,1.5121714,0.22528989613056183,0.4067796468734741,0.1403421014547348
YDR387C,YMR177W,0,1.5120769,0.22516556084156036,0.4067796468734741,0.1404421329498291
YKL008C,YIL005W,0,1.510803,0.22504137456417084,0.4067796468734741,0.1405421644449234
YOL027C,YJL165C,1,1.5102212,0.22546857595443726,0.40777668356895447,0.1405421644449234
YNL322C,YCL001W,0,1.5093246,0.22534435987472534,0.40777668356895447,0.1406421959400177
YJL167W,YNL038W,0,1.5086576,0.22522026300430298,0.40777668356895447,0.140742227435112
YMR224C,YGL161C,0,1.5085074,0.22509631514549255,0.40777668356895447,0.1408422589302063
YHR023W,YBL031W,0,1.5084732,0.22497250139713287,0.40777668356895447,0.1409422755241394
YBL024W,YBR038W,0,1.5084099,0.22484882175922394,0.40777668356895447,0.1410423070192337
YGL011C,YCR020C,0,1.5083275,0.22472527623176575,0.40777668356895447,0.141142338514328
YMR118C,YPR070W,0,1.5080931,0.2246018648147583,0.40777668356895447,0.1412423700094223
YOR330C,YNL046W,0,1.506073,0.2244785875082016,0.40777668356895447,0.1413424015045166
YLR419W,YML091C,0,1.5058532,0.22435545921325684,0.40777668356895447,0.1414424329996109
YHR200W,YPR063C,0,1.5055656,0.22423245012760162,0.40777668356895447,0.1415424644947052
YDL025C,YHR111W,0,1.5043055,0.22410959005355835,0.40777668356895447,0.1416424959897995
YGL055W,YER124C,0,1.5036724,0.22398684918880463,0.40777668356895447,0.1417425274848938
YIR036C,YPL221W,0,1.5034881,0.22386425733566284,0.40777668356895447,0.1418425589799881
YLL018C,YGL254W,0,1.502997,0.2237417995929718,0.40777668356895447,0.1419425755739212
YPL202C,YJR033C,1,1.5026556,0.22416621446609497,0.4087736904621124,0.1419425755739212
YOR173W,YIL119C,0,1.5020134,0.22404371201992035,0.4087736904621124,0.1420426070690155
YLR051C,YLR131C,0,1.5019813,0.22392135858535767,0.4087736904621124,0.1421426385641098
YNL322C,YDR134C,0,1.4999554,0.22379912436008453,0.4087736904621124,0.1422426700592041
YLR259C,YDR390C,0,1.4997892,0.22367703914642334,0.4087736904621124,0.1423427015542984
YNL265C,YNL039W,0,1.4995295,0.2235550731420517,0.4087736904621124,0.1424427330493927
YOL098C,YJR015W,0,1.4993862,0.2234332412481308,0.4087736904621124,0.142542764544487
YBR057C,YFL036W,0,1.4989514,0.22331154346466064,0.4087736904621124,0.1426427960395813
YDL165W,YER011W,0,1.4988725,0.22318997979164124,0.4087736904621124,0.1427428275346756
YDR430C,YDR210W,0,1.4987385,0.22306855022907257,0.4087736904621124,0.1428428590297699
YLR247C,YDL212W,0,1.4986479,0.22294725477695465,0.4087736904621124,0.142942875623703
YDR065W,YFL044C,0,1.4983053,0.22282609343528748,0.4087736904621124,0.1430429071187973
YCR042C,YJL062W,0,1.4980762,0.22270505130290985,0.4087736904621124,0.1431429386138916
YBR237W,YKR058W,0,1.4974561,0.22258414328098297,0.4087736904621124,0.1432429701089859
YER007C-A,YDR482C,0,1.4967294,0.22246336936950684,0.4087736904621124,0.1433430016040802
YOR267C,YOL060C,1,1.4965806,0.22288502752780914,0.4097706973552704,0.1433430016040802
YMR092C,YER005W,0,1.4965072,0.22276422381401062,0.4097706973552704,0.1434430330991745
YNL055C,YMR184W,0,1.4965007,0.22264355421066284,0.4097706973552704,0.1435430645942688
YDR328C,YCR008W,1,1.4962333,0.22306442260742188,0.41076770424842834,0.1435430645942688
YHL036W,YNL275W,0,1.4961907,0.2229437232017517,0.41076770424842834,0.1436430960893631
YPL202C,YPL135W,1,1.4956181,0.2233639806509018,0.4117647111415863,0.1436430960893631
YNR051C,YDR238C,0,1.4953607,0.22324323654174805,0.4117647111415863,0.1437431275844574
YDR080W,YBL021C,0,1.494951,0.22312264144420624,0.4117647111415863,0.1438431590795517
YEL051W,YNL259C,1,1.4936976,0.22354212403297424,0.41276171803474426,0.1438431590795517
YNL116W,YHR104W,0,1.493256,0.22342148423194885,0.41276171803474426,0.1439431756734848
YMR134W,YHR194W,1,1.4915006,0.22384034097194672,0.4137587249279022,0.1439431756734848
YDR425W,YLR414C,0,1.4912744,0.22371967136859894,0.4137587249279022,0.1440432071685791
YDR348C,YML131W,0,1.491224,0.2235991358757019,0.4137587249279022,0.1441432386636734
YNL064C,YML059C,0,1.4908789,0.22347873449325562,0.4137587249279022,0.1442432701587677
YOR054C,YBR024W,1,1.490741,0.22389666736125946,0.4147557318210602,0.1442432701587677
YHR136C,YGR165W,0,1.4905872,0.2237762212753296,0.4147557318210602,0.144343301653862
YIL075C,YLL026W,0,1.4898139,0.22365590929985046,0.4147557318210602,0.1444433331489563
YDR418W,YDL099W,0,1.4895525,0.22353573143482208,0.4147557318210602,0.1445433646440506
YGL073W,YCR075C,0,1.4887484,0.22341568768024445,0.4147557318210602,0.1446433961391449
YML029W,YJR043C,0,1.4881512,0.22329576313495636,0.4147557318210602,0.1447434276342392
YKL054C,YGL044C,0,1.4881276,0.22317597270011902,0.4147557318210602,0.1448434591293335
YJL035C,YLR439W,0,1.4881024,0.22305630147457123,0.4147557318210602,0.1449434757232666
YDR276C,YCL033C,0,1.4876416,0.22293676435947418,0.4147557318210602,0.1450435072183609
YAL043C,YGR101W,0,1.4868428,0.22281736135482788,0.4147557318210602,0.1451435387134552
YIR033W,YJL091C,0,1.4865052,0.22269807755947113,0.4147557318210602,0.1452435702085495
YMR134W,YDR376W,1,1.4864286,0.22311396896839142,0.41575273871421814,0.1452435702085495
YBR168W,YJL170C,0,1.485432,0.22299465537071228,0.41575273871421814,0.1453436017036438
YPL202C,YEL027W,1,1.4840586,0.22340993583202362,0.4167497456073761,0.1453436017036438
YOR039W,YER133W,1,1.4835732,0.22382478415966034,0.41774675250053406,0.1453436017036438
YER027C,YDR221W,0,1.4832007,0.22370529174804688,0.41774675250053406,0.1454436331987381
YGR156W,YBR185C,0,1.4815991,0.22358591854572296,0.41774675250053406,0.1455436646938324
YBL016W,YLR362W,0,1.4805887,0.2234666645526886,0.41774675250053406,0.1456436961889267
YFR055W,YLR447C,1,1.4789585,0.2238806039094925,0.418743759393692,0.1456436961889267
YLR433C,YLR093C,0,1.4787054,0.22376132011413574,0.418743759393692,0.145743727684021
YBR054W,YPL005W,0,1.4784453,0.22364217042922974,0.418743759393692,0.1458437591791153
YNL059C,YNR055C,0,1.4780478,0.22352315485477448,0.418743759393692,0.1459437757730484
YKR007W,YLR047C,1,1.4775923,0.22393617033958435,0.41974076628685,0.1459437757730484
YIL013C,YLR098C,0,1.4771409,0.2238171249628067,0.41974076628685,0.1460438072681427
YDR127W,YMR086W,0,1.4764998,0.2236981987953186,0.41974076628685,0.146143838763237
YDL222C,YHR083W,0,1.476374,0.22357939183712006,0.41974076628685,0.1462438702583313
YIL030C,YLR054C,0,1.4762495,0.22346071898937225,0.41974076628685,0.1463439017534256
YLR100W,YDL147W,0,1.4758391,0.2233421802520752,0.41974076628685,0.1464439332485199
YDL189W,YPL215W,0,1.4743438,0.2232237607240677,0.41974076628685,0.1465439647436142
YNL180C,YLR340W,0,1.4738604,0.22310546040534973,0.41974076628685,0.1466439962387085
YDL195W,YDR532C,0,1.4728737,0.22298729419708252,0.41974076628685,0.1467440277338028
YGR292W,YOR347C,0,1.4712589,0.22286924719810486,0.41974076628685,0.1468440592288971
YMR217W,YNL031C,0,1.4699557,0.22275131940841675,0.41974076628685,0.1469440758228302
YDR019C,YPL246C,0,1.4696894,0.22263352572917938,0.41974076628685,0.1470441073179245
YDL142C,YOR054C,1,1.4693573,0.22304439544677734,0.42073777318000793,0.1470441073179245
YCL039W,YCL011C,0,1.4685175,0.2229265719652176,0.42073777318000793,0.1471441388130188
YPL177C,YJL165C,1,1.4681978,0.223336860537529,0.4217348098754883,0.1471441388130188
YCR086W,YFL047W,0,1.4680028,0.22321899235248566,0.4217348098754883,0.1472441703081131
YBR112C,YDL019C,0,1.4674404,0.22310127317905426,0.4217348098754883,0.1473442018032074
YHR112C,YDR349C,0,1.4671825,0.22298365831375122,0.4217348098754883,0.1474442332983017
YEL031W,YCR008W,1,1.4668089,0.2233930379152298,0.42273181676864624,0.1474442332983017
YGL213C,YKR089C,0,1.4658251,0.22327540814876556,0.42273181676864624,0.147544264793396
YPL058C,YCR069W,0,1.4656423,0.22315789759159088,0.42273181676864624,0.1476442962884903
YPR098C,YLR126C,0,1.4653323,0.22304050624370575,0.42273181676864624,0.1477443277835846
YEL059C-A,YDR127W,0,1.4644055,0.22292323410511017,0.42273181676864624,0.1478443592786789
YIL026C,YNL134C,0,1.4634702,0.22280609607696533,0.42273181676864624,0.147944375872612
YBR159W,YJL177W,0,1.4627969,0.22268907725811005,0.42273181676864624,0.1480444073677063
YLL051C,YDR492W,1,1.4618882,0.22309711575508118,0.4237288236618042,0.1480444073677063
YJL041W,YOR374W,0,1.4616715,0.2229800671339035,0.4237288236618042,0.1481444388628006
YPL084W,YER141W,0,1.461015,0.22286313772201538,0.4237288236618042,0.1482444703578949
YBR248C,YIL137C,0,1.4609022,0.2227463275194168,0.4237288236618042,0.1483445018529892
YDR247W,YNL115C,0,1.4587967,0.22262965142726898,0.4237288236618042,0.1484445333480835
YMR080C,YDR517W,0,1.4584248,0.2225130945444107,0.4237288236618042,0.1485445648431778
YCR004C,YGR263C,0,1.4583392,0.22239665687084198,0.4237288236618042,0.1486445963382721
YPR028W,YDR375C,0,1.4579687,0.2222803384065628,0.4237288236618042,0.1487446278333664
YLR355C,YGR174C,0,1.4575251,0.22216413915157318,0.4237288236618042,0.1488446593284607
YML100W,YDR320C,0,1.4566867,0.2220480740070343,0.4237288236618042,0.148944690823555
YDR227W,YGR207C,0,1.4559053,0.22193211317062378,0.4237288236618042,0.1490447074174881
YMR054W,YKR050W,1,1.4552611,0.22233819961547852,0.42472583055496216,0.1490447074174881
YOL122C,YGL043W,0,1.4547346,0.2222222238779068,0.42472583055496216,0.1491447389125824
YJR040W,YDL185W,1,1.454108,0.22262774407863617,0.4257228374481201,0.1491447389125824
YER072W,YDR020C,0,1.4538192,0.22251172363758087,0.4257228374481201,0.1492447704076767
YDL012C,YGL153W,0,1.4536159,0.22239583730697632,0.4257228374481201,0.149344801902771
YHL036W,YOL017W,0,1.4535141,0.22228005528450012,0.4257228374481201,0.1494448333978653
YMR237W,YOL094C,0,1.4534395,0.22216440737247467,0.4257228374481201,0.1495448648929596
YGL192W,YDR055W,0,1.4534379,0.22204887866973877,0.4257228374481201,0.1496448963880539
YJR040W,YHR194W,1,1.4528818,0.22245322167873383,0.4267198443412781,0.1496448963880539
YBR035C,YER144C,0,1.4522915,0.22233766317367554,0.4267198443412781,0.1497449278831482
YDR308C,YHL047C,0,1.4512572,0.2222222238779068,0.4267198443412781,0.1498449593782425
YBL099W,YLR007W,0,1.4512088,0.2221069037914276,0.4267198443412781,0.1499449908733368
YDL128W,YER133W,1,1.4508798,0.22251036763191223,0.42771685123443604,0.1499449908733368
YJL020C,YHR108W,0,1.4504371,0.22239501774311066,0.42771685123443604,0.1500450074672699
YBR127C,YOL092W,0,1.4501958,0.22227978706359863,0.42771685123443604,0.1501450389623642
YNR024W,YDR210W,0,1.4494383,0.22216467559337616,0.42771685123443604,0.1502450704574585
YGR189C,YGL173C,0,1.4492283,0.22204968333244324,0.42771685123443604,0.1503451019525528
YPR148C,YOR256C,0,1.4489108,0.22193481028079987,0.42771685123443604,0.1504451334476471
YEL064C,YOR131C,0,1.4486597,0.22182005643844604,0.42771685123443604,0.1505451649427414
YJL056C,YLR220W,1,1.4481981,0.2222222238779068,0.428713858127594,0.1505451649427414
YLR297W,YLR037C,0,1.4479173,0.2221074402332306,0.428713858127594,0.1506451964378357
YDR456W,YDR142C,0,1.4471333,0.22199277579784393,0.428713858127594,0.15074522793293
YHR037W,YOL144W,0,1.4470252,0.22187823057174683,0.428713858127594,0.1508452594280243
YPR122W,YDR005C,0,1.4466156,0.22176378965377808,0.428713858127594,0.1509452909231186
YDR065W,YBR036C,1,1.4465926,0.22216494381427765,0.42971086502075195,0.1509452909231186
YGL040C,YFL039C,0,1.4465271,0.2220504879951477,0.42971086502075195,0.1510453075170517
YGL232W,YCR068W,0,1.4464029,0.2219361513853073,0.42971086502075195,0.151145339012146
YDL134C,YCR069W,0,1.444978,0.22182191908359528,0.42971086502075195,0.1512453705072403
YLR098C,YOR018W,0,1.4448032,0.22170782089233398,0.42971086502075195,0.1513454020023346
YOR002W,YJR088C,0,1.4446683,0.22159382700920105,0.42971086502075195,0.1514454334974289
YNL169C,YGR183C,0,1.4443254,0.22147995233535767,0.42971086502075195,0.1515454649925232
YLR265C,YPR055W,0,1.4442402,0.22136621177196503,0.42971086502075195,0.1516454964876175
YBR127C,YDR536W,0,1.44414,0.22125256061553955,0.42971086502075195,0.1517455279827118
YML086C,YPR120C,0,1.4435754,0.22113904356956482,0.42971086502075195,0.1518455594778061
YBL005W,YPL187W,0,1.4434161,0.22102564573287964,0.42971086502075195,0.1519455909729004
YOR332W,YDR205W,1,1.4433838,0.2214249074459076,0.4307078719139099,0.1519455909729004
YOR087W,YOL002C,1,1.4431217,0.2218237668275833,0.43170487880706787,0.1519455909729004
YBR036C,YJR043C,0,1.4430541,0.2217101901769638,0.43170487880706787,0.1520456075668335
YPL137C,YJR017C,0,1.4422727,0.22159671783447266,0.43170487880706787,0.1521456390619278
YHR010W,YKL195W,0,1.4418669,0.22148337960243225,0.43170487880706787,0.1522456705570221
YGL251C,YBR028C,0,1.4416646,0.2213701456785202,0.43170487880706787,0.1523457020521164
YNL214W,YDL192W,0,1.4411715,0.2212570309638977,0.43170487880706787,0.1524457335472107
YDR153C,YAR007C,0,1.441061,0.22114402055740356,0.43170487880706787,0.152545765042305
YLR121C,YBR068C,0,1.4407248,0.22103114426136017,0.43170487880706787,0.1526457965373993
YJL083W,YPR124W,0,1.4395103,0.22091837227344513,0.43170487880706787,0.1527458280324936
YMR214W,YOL065C,0,1.4393711,0.22080570459365845,0.43170487880706787,0.1528458595275879
YLR038C,YJR109C,0,1.4380838,0.2206931710243225,0.43170487880706787,0.1529458910226822
YJR033C,YDR182W,1,1.4373807,0.221090167760849,0.43270188570022583,0.1529458910226822
YPR057W,YPL015C,0,1.4371694,0.22097758948802948,0.43270188570022583,0.1530459076166153
YBR149W,YGR295C,0,1.4370286,0.2208651453256607,0.43270188570022583,0.1531459391117096
YBR210W,YDR517W,0,1.4365826,0.2207527905702591,0.43270188570022583,0.1532459706068039
YMR012W,YBL007C,0,1.436488,0.22064056992530823,0.43270188570022583,0.1533460021018982
YFR014C,YIL043C,0,1.4364836,0.22052845358848572,0.43270188570022583,0.1534460335969925
YMR056C,YFL049W,0,1.4362743,0.22041645646095276,0.43270188570022583,0.1535460650920868
YDR495C,YEL027W,1,1.4329216,0.22081218659877777,0.4336988925933838,0.1535460650920868
YPR037C,YJR042W,0,1.4316435,0.22070014476776123,0.4336988925933838,0.1536460965871811
YKL196C,YPR067W,0,1.4311594,0.22058823704719543,0.4336988925933838,0.1537461280822754
YKL051W,YGR193C,0,1.4311311,0.220476433634758,0.4336988925933838,0.1538461595773697
YOR270C,YDR151C,1,1.4304549,0.22087132930755615,0.43469589948654175,0.1538461595773697
YGL005C,YHR181W,0,1.4301925,0.22075949609279633,0.43469589948654175,0.153946191072464
YML100W,YOR069W,0,1.4298471,0.22064776718616486,0.43469589948654175,0.1540462076663971
YDR158W,YDR143C,0,1.4298222,0.22053617238998413,0.43469589948654175,0.1541462391614914
YMR105C,YJL129C,1,1.4297934,0.22093023359775543,0.4356929063796997,0.1541462391614914
YNL087W,YBL090W,0,1.4286249,0.22081859409809113,0.4356929063796997,0.1542462706565857
YBR135W,YLR120C,0,1.4261173,0.22070707380771637,0.4356929063796997,0.15434630215168
YNR033W,YPL060W,0,1.4257996,0.22059565782546997,0.4356929063796997,0.1544463336467743
YDR328C,YKL040C,1,1.4257966,0.2209888994693756,0.43668994307518005,0.1544463336467743
YAL010C,YMR309C,0,1.4254359,0.22087745368480682,0.43668994307518005,0.1545463651418686
YOL033W,YHL019C,0,1.4254074,0.2207661271095276,0.43668994307518005,0.1546463966369629
YGL219C,YDR006C,0,1.4252996,0.2206549048423767,0.43668994307518005,0.1547464281320572
YDL180W,YOR246C,0,1.4251826,0.22054380178451538,0.43668994307518005,0.1548464596271515
YDR139C,YPL090C,0,1.4239669,0.2204328179359436,0.43668994307518005,0.1549464911222458
YMR100W,YDR143C,0,1.4236107,0.22032193839550018,0.43668994307518005,0.1550465077161789
YDR303C,YDR268W,0,1.4235693,0.22021116316318512,0.43668994307518005,0.1551465392112732
YAL013W,YPR034W,0,1.4232476,0.2201005071401596,0.43668994307518005,0.1552465707063675
YCR048W,YDL066W,0,1.4228046,0.21998995542526245,0.43668994307518005,0.1553466022014618
YBR130C,YDL223C,0,1.4228021,0.21987952291965485,0.43668994307518005,0.1554466336965561
YFL062W,YDR313C,0,1.4222566,0.2197691947221756,0.43668994307518005,0.1555466651916504
YOR335C,YER072W,0,1.4219155,0.2196589708328247,0.43668994307518005,0.1556466966867447
YAL055W,YGR063C,0,1.4217565,0.21954886615276337,0.43668994307518005,0.155746728181839
YKR031C,YPL225W,0,1.4214246,0.21943888068199158,0.43668994307518005,0.1558467596769333
YPR058W,YDR069C,0,1.4202453,0.21932899951934814,0.43668994307518005,0.1559467911720276
YOR332W,YDR456W,1,1.4201624,0.21971972286701202,0.437686949968338,0.1559467911720276
YLR115W,YEL050C,0,1.4201458,0.2196098119020462,0.437686949968338,0.1560468077659607
YJL157C,YPL118W,0,1.4198444,0.21950000524520874,0.437686949968338,0.156146839261055
YDR293C,YMR288W,0,1.4197932,0.21939030289649963,0.437686949968338,0.1562468707561493
YBL047C,YER004W,0,1.4192681,0.21928071975708008,0.437686949968338,0.1563469022512436
YHR149C,YPR103W,0,1.4190539,0.21917124092578888,0.437686949968338,0.1564469337463379
YDR065W,YEL027W,1,1.4189341,0.2195608764886856,0.43868395686149597,0.1564469337463379
YER166W,YBR078W,0,1.4188548,0.21945136785507202,0.43868395686149597,0.1565469652414322
YLR275W,YPR173C,0,1.4185951,0.21934197843074799,0.43868395686149597,0.1566469967365265
YPL047W,YKL140W,0,1.4177854,0.2192326784133911,0.43868395686149597,0.1567470282316208
YOL098C,YKL016C,0,1.417489,0.21912351250648499,0.43868395686149597,0.1568470597267151
YGL208W,YOR087W,0,1.4171098,0.21901443600654602,0.43868395686149597,0.1569470912218094
YBL022C,YPR108W,0,1.4162409,0.2189054787158966,0.43868395686149597,0.1570471078157425
YDR479C,YDL119C,0,1.4161477,0.21879662573337555,0.43868395686149597,0.1571471393108368
YER159C,YKL043W,0,1.4160522,0.21868787705898285,0.43868395686149597,0.1572471708059311
YHR043C,YNL145W,0,1.4160099,0.2185792326927185,0.43868395686149597,0.1573472023010254
YOR007C,YAL019W,0,1.4156116,0.2184707075357437,0.43868395686149597,0.1574472337961197
YGL023C,YDR516C,0,1.41534,0.21836228668689728,0.43868395686149597,0.157547265291214
YHL007C,YJR059W,0,1.4150242,0.2182539701461792,0.43868395686149597,0.1576472967863083
YDR139C,YOL095C,0,1.414894,0.21814575791358948,0.43868395686149597,0.1577473282814026
YGR029W,YEL065W,1,1.4142642,0.2185332030057907,0.43968096375465393,0.1577473282814026
YIL009C-A,YBR268W,0,1.4139757,0.2184249609708786,0.43968096375465393,0.1578473597764969
YEL065W,YDR515W,1,1.4136611,0.21881188452243805,0.4406779706478119,0.1578473597764969
YMR072W,YHR216W,0,1.4135175,0.21870361268520355,0.4406779706478119,0.1579473912715912
YLL062C,YBR288C,0,1.4115691,0.2185954451560974,0.4406779706478119,0.1580474078655243
YAL056W,YKR039W,0,1.4112628,0.21848739683628082,0.4406779706478119,0.1581474393606186
YMR058W,YLR447C,1,1.410581,0.2188735157251358,0.44167497754096985,0.1581474393606186
YOL027C,YOR226C,1,1.4097714,0.21925926208496094,0.4426719844341278,0.1581474393606186
YOR391C,YHR210C,0,1.4089016,0.21915103495121002,0.4426719844341278,0.1582474708557129
YHR007C,YPR199C,0,1.408698,0.21904292702674866,0.4426719844341278,0.1583475023508072
YOR293W,YBL102W,0,1.407735,0.21893490850925446,0.4426719844341278,0.1584475338459015
YGL053W,YLR040C,0,1.407109,0.2188270092010498,0.4426719844341278,0.1585475653409958
YGR188C,YPL159C,0,1.4068648,0.2187192142009735,0.4426719844341278,0.1586475968360901
YDL190C,YER048C,0,1.4067043,0.21861152350902557,0.4426719844341278,0.1587476283311844
YHL002W,YDL044C,0,1.4066823,0.218503937125206,0.4426719844341278,0.1588476598262787
YPR133C,YML026C,0,1.4064622,0.21839645504951477,0.4426719844341278,0.15894769132137299
YPL224C,YOL005C,0,1.4051602,0.2182890921831131,0.4426719844341278,0.1590477079153061
YML059C,YPL066W,0,1.4050959,0.2181818187236786,0.4426719844341278,0.1591477394104004
YBR171W,YLR099C,0,1.4043072,0.21807464957237244,0.4426719844341278,0.1592477709054947
YDL002C,YOR049C,0,1.4041429,0.21796759963035583,0.4426719844341278,0.159347802400589
YMR301C,YKL190W,1,1.4040647,0.2183513194322586,0.44366899132728577,0.159347802400589
YJR019C,YNL076W,0,1.4037412,0.21824423968791962,0.44366899132728577,0.1594478338956833
YOR002W,YBR290W,0,1.4036995,0.2181372493505478,0.44366899132728577,0.1595478653907776
YLL028W,YNR053C,0,1.4036882,0.21803037822246552,0.44366899132728577,0.1596478968858719
YPL177C,YML132W,1,1.4017837,0.2184133231639862,0.4446659982204437,0.1596478968858719
YOR090C,YDR153C,0,1.4010011,0.21830640733242035,0.4446659982204437,0.1597479283809662
YJR040W,YKL119C,1,1.4004681,0.21868884563446045,0.4456630051136017,0.1597479283809662
YPL075W,YGR076C,0,1.4001276,0.2185819000005722,0.4456630051136017,0.15984795987606049
YEL071W,YDL137W,0,1.3998886,0.2184750735759735,0.4456630051136017,0.15994799137115479
YBR139W,YLR138W,0,1.3996916,0.21836833655834198,0.4456630051136017,0.1600480079650879
YGR231C,YER031C,0,1.3995337,0.21826171875,0.4456630051136017,0.1601480394601822
YLL015W,YOL076W,0,1.3991618,0.21815519034862518,0.4456630051136017,0.1602480709552765
YGL150C,YDR055W,0,1.3989394,0.21804878115653992,0.4456630051136017,0.1603481024503708
YER015W,YKR089C,0,1.3983917,0.21794246137142181,0.4456630051136017,0.1604481339454651
YDL128W,YEL031W,1,1.3977523,0.21832358837127686,0.44666001200675964,0.1604481339454651
YBR302C,YBR107C,0,1.397329,0.21821723878383636,0.44666001200675964,0.1605481654405594
YMR216C,YER145C,1,1.3972291,0.21859785914421082,0.4476570188999176,0.1605481654405594
YGR132C,YDR247W,0,1.3971715,0.21849147975444794,0.4476570188999176,0.1606481969356537
YJL090C,YDR452W,0,1.397031,0.2183852195739746,0.4476570188999176,0.16074822843074799
YBR070C,YOR278W,0,1.3968914,0.21827904880046844,0.4476570188999176,0.16084825992584229
YLL051C,YHR060W,1,1.3968631,0.21865889430046082,0.44865402579307556,0.16084825992584229
YKL006C-A,YBR068C,0,1.3966125,0.21855269372463226,0.44865402579307556,0.16094829142093658
YOR147W,YDR205W,1,1.3963001,0.21893203258514404,0.4496510326862335,0.16094829142093658
YDR065W,YKR050W,1,1.3961254,0.21931101381778717,0.45064806938171387,0.16094829142093658
YIR037W,YGR076C,0,1.3956879,0.21920464932918549,0.45064806938171387,0.1610483080148697
YJL122W,YMR015C,0,1.3954322,0.21909840404987335,0.45064806938171387,0.161148339509964
YJR145C,YLR238W,0,1.3940566,0.21899224817752838,0.45064806938171387,0.1612483710050583
YCR044C,YLR369W,1,1.3933033,0.21937045454978943,0.4516450762748718,0.1612483710050583
YLR074C,YJR065C,0,1.3930477,0.21926428377628326,0.4516450762748718,0.1613484025001526
YNL336W,YKL048C,0,1.3924305,0.21915820240974426,0.4516450762748718,0.1614484339952469
YHR021C,YBR033W,0,1.3918842,0.21905222535133362,0.4516450762748718,0.1615484654903412
YJL074C,YDR363W-A,0,1.3904457,0.21894635260105133,0.4516450762748718,0.16164849698543549
YKL080W,YNL259C,1,1.3902185,0.21932366490364075,0.4526420831680298,0.16164849698543549
YPL186C,YDR485C,0,1.3901923,0.21921776235103607,0.4526420831680298,0.16174852848052979
YLL026W,YOR047C,0,1.3900715,0.21911196410655975,0.4526420831680298,0.16184855997562408
YLR098C,YDR325W,0,1.3891535,0.2190062701702118,0.4526420831680298,0.16194859147071838
YDR019C,YLR093C,0,1.3889589,0.2189006805419922,0.4526420831680298,0.1620486080646515
YDR098C,YAL002W,0,1.3886418,0.21879518032073975,0.4526420831680298,0.1621486395597458
YJL118W,YCL030C,0,1.3873136,0.21868978440761566,0.4526420831680298,0.1622486710548401
YJL056C,YML132W,1,1.3869146,0.21906596422195435,0.45363909006118774,0.1622486710548401
YJR143C,YLR115W,0,1.3867598,0.21896053850650787,0.45363909006118774,0.1623487025499344
YHL031C,YIL112W,0,1.3866822,0.21885521709918976,0.45363909006118774,0.1624487340450287
YDL198C,YMR021C,1,1.3866649,0.2192307710647583,0.4546360969543457,0.1624487340450287
YNL096C,YMR220W,0,1.3863196,0.2191254198551178,0.4546360969543457,0.16254876554012299
YDR054C,YNL176C,0,1.3860492,0.21902017295360565,0.4546360969543457,0.16264879703521729
YHR098C,YKL028W,0,1.3848453,0.21891503036022186,0.4546360969543457,0.16274882853031158
YDL100C,YDR065W,1,1.3845187,0.21928982436656952,0.45563310384750366,0.16274882853031158
YNL083W,YPR003C,0,1.38412,0.21918465197086334,0.45563310384750366,0.16284886002540588
YDR065W,YJL093C,1,1.3840841,0.2195589691400528,0.4566301107406616,0.16284886002540588
YGL076C,YDR517W,0,1.3838223,0.21945376694202423,0.4566301107406616,0.16294889152050018
YOL060C,YBR024W,1,1.38363,0.2198275923728943,0.4576271176338196,0.16294889152050018
YBR089C-A,YLR367W,0,1.3832183,0.21972236037254333,0.4576271176338196,0.1630489081144333
YDR178W,YML059C,0,1.3829459,0.21961721777915955,0.4576271176338196,0.1631489396095276
YDL204W,YKR038C,0,1.3827822,0.2195121943950653,0.4576271176338196,0.1632489711046219
YMR105C,YJL059W,1,1.3819313,0.21988527476787567,0.45862412452697754,0.1632489711046219
YMR242C,YOL110W,0,1.3810424,0.21978022158145905,0.45862412452697754,0.1633490025997162
YDL190C,YDR077W,0,1.380871,0.21967525780200958,0.45862412452697754,0.16344903409481049
YBR166C,YIL097W,0,1.3806,0.21957039833068848,0.45862412452697754,0.16354906558990479
YHR133C,YFR047C,0,1.3804998,0.21946564316749573,0.45862412452697754,0.16364909708499908
YOR019W,YKR067W,0,1.3802671,0.21936099231243134,0.45862412452697754,0.16374912858009338
YNR041C,YBR289W,0,1.3797617,0.2192564308643341,0.45862412452697754,0.16384916007518768
YDR141C,YDR377W,0,1.3785815,0.21915197372436523,0.45862412452697754,0.16394919157028198
YDR456W,YGR094W,0,1.3780234,0.21904762089252472,0.45862412452697754,0.1640492081642151
YNR011C,YMR053C,0,1.3779559,0.21894335746765137,0.45862412452697754,0.1641492396593094
YFL053W,YOL002C,0,1.3775587,0.21883919835090637,0.45862412452697754,0.1642492711544037
YPL038W,YLR136C,0,1.3775258,0.21873514354228973,0.45862412452697754,0.16434930264949799
YHR094C,YGR101W,0,1.376894,0.21863117814064026,0.45862412452697754,0.16444933414459229
YDR041W,YER141W,0,1.3766598,0.21852731704711914,0.45862412452697754,0.16454936563968658
YKL138C,YKL006W,0,1.3762783,0.21842354536056519,0.45862412452697754,0.16464939713478088
YML124C,YLR075W,0,1.3762147,0.21831989288330078,0.45862412452697754,0.16474942862987518
YKL137W,YBR086C,0,1.375578,0.21821631491184235,0.45862412452697754,0.16484946012496948
YDR292C,YHR026W,0,1.3750849,0.21811285614967346,0.45862412452697754,0.16494949162006378
YKR027W,YJL102W,0,1.3743551,0.21800947189331055,0.45862412452697754,0.1650495082139969
YOR100C,YER020W,0,1.3739669,0.21790620684623718,0.45862412452697754,0.1651495397090912
YDL010W,YGL198W,0,1.3732783,0.21780303120613098,0.45862412452697754,0.16524957120418549
YHR167W,YGL093W,0,1.3731267,0.21769995987415314,0.45862412452697754,0.16534960269927979
YOR332W,YKR050W,1,1.3730133,0.21807001531124115,0.4596211314201355,0.16534960269927979
YMR291W,YFL056C,0,1.3727273,0.21796689927577972,0.4596211314201355,0.16544963419437408
YBR003W,YHL021C,0,1.3727107,0.21786388754844666,0.4596211314201355,0.16554966568946838
YPL171C,YLR362W,0,1.3725932,0.21776098012924194,0.4596211314201355,0.16564969718456268
YCL038C,YOL095C,0,1.3715189,0.2176581621170044,0.4596211314201355,0.16574972867965698
YMR134W,YER124C,0,1.3713326,0.2175554484128952,0.4596211314201355,0.16584976017475128
YNR001C,YKL191W,0,1.3710476,0.21745282411575317,0.4596211314201355,0.16594979166984558
YDL095W,YJR059W,0,1.370796,0.2173503041267395,0.4596211314201355,0.1660498082637787
YLR360W,YDR086C,0,1.370595,0.217247873544693,0.4596211314201355,0.16614983975887299
YJL207C,YCR024C,0,1.3705578,0.21714554727077484,0.4596211314201355,0.16624987125396729
YNL039W,YKL181W,0,1.3703406,0.21704331040382385,0.4596211314201355,0.16634990274906158
YGL035C,YMR316W,0,1.3701663,0.21694117784500122,0.4596211314201355,0.16644993424415588
YOL006C,YLR174W,0,1.369909,0.21683913469314575,0.4596211314201355,0.16654996573925018
YGR003W,YDL069C,0,1.3697162,0.21673719584941864,0.4596211314201355,0.16664999723434448
YNR001C,YOR122C,0,1.3689696,0.2166353315114975,0.4596211314201355,0.16675002872943878
YDL025C,YDL160C,0,1.3689246,0.2165335863828659,0.4596211314201355,0.16685006022453308
YOR158W,YLR092W,0,1.3673022,0.21643193066120148,0.4596211314201355,0.16695009171962738
YLR258W,YKR018C,0,1.3671776,0.2163303643465042,0.4596211314201355,0.16705010831356049
YMR011W,YDL014W,0,1.3666115,0.2162288874387741,0.4596211314201355,0.16715013980865479
YDR151C,YJR033C,1,1.3657581,0.2165963500738144,0.46061813831329346,0.16715013980865479
YER133W,YPR036W,1,1.3655245,0.21696345508098602,0.4616151452064514,0.16715013980865479
YLR433C,YOR226C,1,1.365244,0.2173302173614502,0.4626121520996094,0.16715013980865479
YIL093C,YOR172W,0,1.3648912,0.2172284573316574,0.4626121520996094,0.16725017130374908
YBR205W,YOR290C,0,1.3645873,0.21712681651115417,0.4626121520996094,0.16735020279884338
YDR343C,YKL055C,0,1.364426,0.2170252501964569,0.4626121520996094,0.16745023429393768
YNR049C,YLR089C,0,1.3641058,0.2169238030910492,0.4626121520996094,0.16755026578903198
YPL230W,YJR025C,0,1.363805,0.21682243049144745,0.4626121520996094,0.16765029728412628
YBR248C,YLR193C,0,1.3630257,0.21672116219997406,0.4626121520996094,0.16775032877922058
YCR092C,YLR023C,0,1.3628153,0.21661998331546783,0.4626121520996094,0.16785036027431488
YIL109C,YPR073C,0,1.3625323,0.21651889383792877,0.4626121520996094,0.16795039176940918
YKR022C,YNL094W,0,1.3623488,0.21641790866851807,0.4626121520996094,0.16805040836334229
YBR054W,YNR045W,0,1.3622195,0.21631701290607452,0.4626121520996094,0.16815043985843658
YFR005C,YMR053C,0,1.3621464,0.21621622145175934,0.4626121520996094,0.16825047135353088
YDR014W,YBR056W,0,1.3617564,0.21611550450325012,0.4626121520996094,0.16835050284862518
YPR185W,YBL067C,0,1.3608279,0.21601489186286926,0.4626121520996094,0.16845053434371948
YDR322C-A,YAL019W,0,1.3603461,0.21591438353061676,0.4626121520996094,0.16855056583881378
YPR032W,YPL017C,0,1.3601863,0.21581394970417023,0.4626121520996094,0.16865059733390808
YOL049W,YBL038W,0,1.3589888,0.21571362018585205,0.4626121520996094,0.16875062882900238
YPL198W,YOR371C,0,1.3575327,0.21561338007450104,0.4626121520996094,0.16885066032409668
YKL032C,YGL257C,0,1.357484,0.21551324427127838,0.4626121520996094,0.16895069181919098
YJR049C,YGR278W,0,1.3570842,0.2154131829738617,0.4626121520996094,0.16905070841312408
YCR048W,YNL123W,0,1.3568115,0.21531322598457336,0.4626121520996094,0.16915073990821838
YDR284C,YGR208W,0,1.3559937,0.2152133584022522,0.4626121520996094,0.16925077140331268
YDR534C,YLR212C,0,1.3559005,0.2151135802268982,0.4626121520996094,0.16935080289840698
YDL232W,YDR243C,0,1.3558528,0.21501390635967255,0.4626121520996094,0.16945083439350128
YDR309C,YEL018W,0,1.3551669,0.21491430699825287,0.4626121520996094,0.16955086588859558
YKL192C,YGR101W,0,1.354676,0.21481481194496155,0.4626121520996094,0.16965089738368988
YAR019C,YJR060W,0,1.3545985,0.2147154062986374,0.4626121520996094,0.16975092887878418
YLR056W,YJL219W,0,1.3544852,0.2146160900592804,0.4626121520996094,0.16985096037387848
YOR227W,YGR284C,0,1.354382,0.21451687812805176,0.4626121520996094,0.16995099186897278
YBR069C,YDL132W,0,1.3541276,0.2144177407026291,0.4626121520996094,0.17005100846290588
YDL211C,YKL167C,0,1.3540275,0.21431870758533478,0.4626121520996094,0.17015103995800018
YLR453C,YOR005C,0,1.35377,0.21421976387500763,0.4626121520996094,0.17025107145309448
YHR098C,YOR359W,0,1.35239,0.21412090957164764,0.4626121520996094,0.17035110294818878
YBR089C-A,YNL221C,0,1.3519459,0.21402214467525482,0.4626121520996094,0.17045113444328308
YFR005C,YER087C-A,0,1.3508446,0.21392346918582916,0.4626121520996094,0.17055116593837738
YMR080C,YGL048C,0,1.3502263,0.21382488310337067,0.4626121520996094,0.17065119743347168
YOL084W,YNR023W,0,1.3497639,0.21372638642787933,0.4626121520996094,0.17075122892856598
YNR032W,YGL098W,0,1.3497096,0.21362799406051636,0.4626121520996094,0.17085126042366028
YLR304C,YGL086W,0,1.3495746,0.21352967619895935,0.4626121520996094,0.17095129191875458
YOR079C,YPR184W,0,1.3491733,0.2134314626455307,0.4626121520996094,0.17105130851268768
YGL253W,YGR162W,0,1.3491452,0.2133333384990692,0.4626121520996094,0.17115134000778198
YBL047C,YLR431C,0,1.3482689,0.2132352888584137,0.4626121520996094,0.17125137150287628
YPR020W,YLL042C,0,1.3482108,0.21313734352588654,0.4626121520996094,0.17135140299797058
YIR034C,YLL031C,0,1.3478469,0.21303948760032654,0.4626121520996094,0.17145143449306488
YDR483W,YLR328W,0,1.3476473,0.2129417210817337,0.4626121520996094,0.17155146598815918
YBR055C,YOR003W,0,1.346739,0.21284404397010803,0.4626121520996094,0.17165149748325348
YLR092W,YGR024C,0,1.3464892,0.21274644136428833,0.4626121520996094,0.17175152897834778
YJL020C,YPL210C,0,1.3461645,0.21264894306659698,0.4626121520996094,0.17185156047344208
YPR023C,YKL156W,0,1.3459744,0.2125515341758728,0.4626121520996094,0.17195159196853638
YOR002W,YDR096W,0,1.3459177,0.21245421469211578,0.4626121520996094,0.17205160856246948
YJL036W,YIL122W,0,1.3452287,0.21235698461532593,0.4626121520996094,0.17215164005756378
YHR110W,YJL101C,0,1.3444767,0.21225982904434204,0.4626121520996094,0.17225167155265808
YLR258W,YPL026C,0,1.3444061,0.2121627777814865,0.4626121520996094,0.17235170304775238
YMR105C,YDR182W,1,1.3440518,0.21252284944057465,0.46360915899276733,0.17235170304775238
YBR105C,YML023C,0,1.3433942,0.21242576837539673,0.46360915899276733,0.17245173454284668
YJR084W,YPR128C,0,1.3433146,0.21232876181602478,0.46360915899276733,0.17255176603794098
YNR012W,YJR120W,0,1.3430488,0.2122318595647812,0.46360915899276733,0.17265179753303528
YPL265W,YBL067C,0,1.3429894,0.21213503181934357,0.46360915899276733,0.17275182902812958
YBR015C,YPL171C,0,1.3418323,0.2120383083820343,0.46360915899276733,0.17285186052322388
YMR261C,YJR155W,0,1.3413883,0.211941659450531,0.46360915899276733,0.17295189201831818
YKR100C,YDL067C,0,1.3412884,0.21184509992599487,0.46360915899276733,0.17305190861225128
YPR007C,YDR430C,0,1.3412597,0.2117486298084259,0.46360915899276733,0.17315194010734558
YGR211W,YGL107C,0,1.3410455,0.2116522490978241,0.46360915899276733,0.17325197160243988
YHL011C,YBR109C,0,1.34104,0.21155595779418945,0.46360915899276733,0.17335200309753418
YHL036W,YDR069C,0,1.3406003,0.21145975589752197,0.46360915899276733,0.17345203459262848
YDR028C,YDR001C,0,1.3398484,0.21136364340782166,0.46360915899276733,0.17355206608772278
YOR066W,YMR110C,0,1.3393631,0.2112676054239273,0.46360915899276733,0.17365209758281708
YDL135C,YER014W,0,1.3391426,0.21117165684700012,0.46360915899276733,0.17375212907791138
YHR190W,YPR095C,0,1.3386009,0.2110758125782013,0.46360915899276733,0.17385216057300568
YPL036W,YJR110W,0,1.3385183,0.21098004281520844,0.46360915899276733,0.17395219206809998
YOR087W,YDL185W,1,1.3380749,0.2113378643989563,0.4646061956882477,0.17395219206809998
YLR381W,YNL229C,0,1.3368704,0.21124206483364105,0.4646061956882477,0.17405220866203308
YLR225C,YOL064C,0,1.3366946,0.21114635467529297,0.4646061956882477,0.17415224015712738
YLR433C,YKL175W,1,1.3364469,0.21150362491607666,0.46560320258140564,0.17415224015712738
YFR042W,YLR414C,0,1.3364272,0.211407870054245,0.46560320258140564,0.17425227165222168
YML086C,YMR312W,0,1.3363297,0.2113122195005417,0.46560320258140564,0.17435230314731598
YOR354C,YOR073W,0,1.3361382,0.21121664345264435,0.46560320258140564,0.17445233464241028
YNL225C,YDR001C,0,1.3354435,0.21112115681171417,0.46560320258140564,0.17455236613750458
YIL068C,YKL160W,0,1.3352058,0.21102575957775116,0.46560320258140564,0.17465239763259888
YHR089C,YPR100W,0,1.3350619,0.21093043684959412,0.46560320258140564,0.17475242912769318
YHR201C,YGL219C,0,1.3337021,0.21083521842956543,0.46560320258140564,0.17485246062278748
YER023W,YLR327C,0,1.3333182,0.2107400745153427,0.46560320258140564,0.17495249211788177
YBL064C,YBR043C,0,1.3332556,0.21064502000808716,0.46560320258140564,0.17505250871181488
YOR191W,YBR168W,0,1.3330262,0.21055004000663757,0.46560320258140564,0.17515254020690918
YML066C,YDR056C,0,1.3329241,0.21045516431331635,0.46560320258140564,0.17525257170200348
YDL198C,YHR026W,1,1.3323967,0.2108108103275299,0.4666002094745636,0.17525257170200348
YHR090C,YPL265W,0,1.3319948,0.2107158899307251,0.4666002094745636,0.17535260319709778
YGR188C,YLR095C,0,1.3316188,0.21062105894088745,0.4666002094745636,0.17545263469219208
YOR236W,YBR105C,0,1.331526,0.21052631735801697,0.4666002094745636,0.17555266618728638
YPL262W,YPL207W,0,1.331466,0.21043165028095245,0.4666002094745636,0.17565269768238068
YJR073C,YBL020W,0,1.3312739,0.2103370726108551,0.4666002094745636,0.17575272917747498
YCR017C,YJL062W,0,1.3312379,0.21024258434772491,0.4666002094745636,0.17585276067256927
YDR191W,YDR022C,0,1.3308823,0.2101481854915619,0.4666002094745636,0.17595279216766357
YDR354W,YDR016C,0,1.3304079,0.21005386114120483,0.4666002094745636,0.17605280876159668
YDL190C,YKL002W,0,1.3302008,0.20995962619781494,0.4666002094745636,0.17615284025669098
YIL087C,YDR517W,0,1.3301398,0.20986546576023102,0.4666002094745636,0.17625287175178528
YKL149C,YDR503C,0,1.3298364,0.20977140963077545,0.4666002094745636,0.17635290324687958
YKR080W,YOL012C,0,1.3294199,0.20967741310596466,0.4666002094745636,0.17645293474197388
YGR261C,YGL181W,0,1.3292978,0.20958352088928223,0.4666002094745636,0.17655296623706818
YFR032C-A,YMR293C,0,1.3289349,0.20948970317840576,0.4666002094745636,0.17665299773216248
YLL051C,YDL198C,1,1.3289299,0.20984339714050293,0.46759721636772156,0.17665299773216248
YNR040W,YJR131W,0,1.3287495,0.20974954962730408,0.46759721636772156,0.17675302922725677
YHR076W,YML127W,0,1.3280356,0.2096557915210724,0.46759721636772156,0.17685306072235107
YOR039W,YDR376W,1,1.3276236,0.21000893414020538,0.4685942232608795,0.17685306072235107
YDL065C,YER178W,0,1.3273302,0.2099151462316513,0.4685942232608795,0.17695309221744537
YJL028W,YFL024C,0,1.3272847,0.2098214328289032,0.4685942232608795,0.17705310881137848
YDR481C,YLR077W,0,1.3272147,0.20972779393196106,0.4685942232608795,0.17715314030647278
YGR059W,YBR188C,0,1.326824,0.20963425934314728,0.4685942232608795,0.17725317180156708
YNL037C,YAL002W,0,1.3266921,0.20954079926013947,0.4685942232608795,0.17735320329666138
YDR456W,YDR511W,0,1.3264256,0.20944741368293762,0.4685942232608795,0.17745323479175568
YLR450W,YBR121C,0,1.3263916,0.20935411751270294,0.4685942232608795,0.17755326628684998
YOR375C,YOR096W,0,1.3262864,0.20926091074943542,0.4685942232608795,0.17765329778194427
YBR035C,YLR110C,0,1.3258761,0.20916777849197388,0.4685942232608795,0.17775332927703857
YPL210C,YBR019C,0,1.3257657,0.2090747356414795,0.4685942232608795,0.17785336077213287
YIL056W,YER157W,0,1.3257394,0.20898176729679108,0.4685942232608795,0.17795339226722717
YCR044C,YBR037C,1,1.3251852,0.20933333039283752,0.4695912301540375,0.17795339226722717
YJR121W,YMR221C,0,1.3249538,0.20924033224582672,0.4695912301540375,0.17805340886116028
YLR259C,YER044C,0,1.324028,0.20914742350578308,0.4695912301540375,0.17815344035625458
YDR054C,YOR080W,0,1.3239379,0.2090545892715454,0.4695912301540375,0.17825347185134888
YDL211C,YHR101C,0,1.3237947,0.2089618444442749,0.4695912301540375,0.17835350334644318
YHR205W,YJL013C,0,1.3237886,0.20886917412281036,0.4695912301540375,0.17845353484153748
YJR040W,YLR136C,1,1.3234076,0.20921985805034637,0.47058823704719543,0.17845353484153748
YER140W,YLL048C,0,1.3225112,0.20912715792655945,0.47058823704719543,0.17855356633663177
YKL010C,YBR023C,0,1.3222535,0.20903454720973969,0.47058823704719543,0.17865359783172607
YDR515W,YER068W,0,1.3221729,0.2089420109987259,0.47058823704719543,0.17875362932682037
YLL014W,YNL268W,0,1.322061,0.20884956419467926,0.47058823704719543,0.17885366082191467
YCR023C,YNL306W,0,1.3220023,0.2087571918964386,0.47058823704719543,0.17895369231700897
YDR256C,YKL114C,0,1.3219874,0.2086648941040039,0.47058823704719543,0.17905370891094208
YDR231C,YNL020C,0,1.3219216,0.20857268571853638,0.47058823704719543,0.17915374040603638
YMR302C,YKR089C,0,1.3218066,0.208480566740036,0.47058823704719543,0.17925377190113068
YLR275W,YML012W,0,1.3214818,0.2083885222673416,0.47058823704719543,0.17935380339622498
YDL120W,YLR433C,1,1.3213657,0.20873786509037018,0.4715852439403534,0.17935380339622498
YGL096W,YOR358W,0,1.3210089,0.2086457908153534,0.4715852439403534,0.17945383489131927
YNL293W,YJR155W,0,1.320934,0.20855379104614258,0.4715852439403534,0.17955386638641357
YKL114C,YDR046C,0,1.3208344,0.20846188068389893,0.4715852439403534,0.17965389788150787
YBR299W,YLR011W,0,1.3192241,0.20837004482746124,0.4715852439403534,0.17975392937660217
YOR171C,YDR182W,0,1.3191607,0.20827829837799072,0.4715852439403534,0.17985396087169647
YBL060W,YHR039C,0,1.3191241,0.20818662643432617,0.4715852439403534,0.17995399236679077
YDR495C,YMR243C,1,1.3190433,0.20853497087955475,0.47258225083351135,0.17995399236679077
YGL043W,YDR235W,0,1.3188765,0.2084432691335678,0.47258225083351135,0.18005400896072388
YLR186W,YBL051C,0,1.3188322,0.20835164189338684,0.47258225083351135,0.18015404045581818
YIL117C,YER014W,0,1.3186023,0.20826010406017303,0.47258225083351135,0.18025407195091248
YGR007W,YDL159W,0,1.3174531,0.2081686407327652,0.47258225083351135,0.18035410344600677
YJL056C,YDR086C,0,1.3174196,0.20807726681232452,0.47258225083351135,0.18045413494110107
YDR023W,YMR015C,0,1.3160038,0.20798595249652863,0.47258225083351135,0.18055416643619537
YML019W,YGL003C,0,1.3159325,0.20789474248886108,0.47258225083351135,0.18065419793128967
YJR047C,YGR284C,0,1.315406,0.20780359208583832,0.47258225083351135,0.18075422942638397
YNL041C,YIL041W,0,1.3137555,0.20771253108978271,0.47258225083351135,0.18085426092147827
YNL012W,YJR048W,0,1.3129535,0.20762154459953308,0.47258225083351135,0.18095429241657257
YOL044W,YKR048C,0,1.3126171,0.2075306475162506,0.47258225083351135,0.18105430901050568
YJL035C,YPL235W,0,1.3124576,0.2074398249387741,0.47258225083351135,0.18115434050559998
YHL015W,YDR311W,0,1.3121846,0.20734907686710358,0.47258225083351135,0.18125437200069427
YML110C,YOR100C,0,1.3114898,0.2072584182024002,0.47258225083351135,0.18135440349578857
YKL049C,YCR079W,0,1.3110373,0.2071678340435028,0.47258225083351135,0.18145443499088287
YDR489W,YNL076W,0,1.3109505,0.20707732439041138,0.47258225083351135,0.18155446648597717
YIL078W,YBL040C,0,1.3108895,0.2069869041442871,0.47258225083351135,0.18165449798107147
YBR012W-B,YLR092W,0,1.3108032,0.2068965584039688,0.47258225083351135,0.18175452947616577
YPL040C,YJR132W,0,1.3106909,0.20680628716945648,0.47258225083351135,0.18185456097126007
YHR117W,YHR191C,0,1.3093241,0.20671609044075012,0.47258225083351135,0.18195459246635437
YGR029W,YCR044C,1,1.3092453,0.20706190168857574,0.4735792577266693,0.18195459246635437
YML063W,YBL061C,0,1.3085947,0.206971675157547,0.4735792577266693,0.18205460906028748
YLR144C,YLR382C,0,1.3084862,0.2068815380334854,0.4735792577266693,0.18215464055538177
YKR096W,YER170W,0,1.3084526,0.2067914605140686,0.4735792577266693,0.18225467205047607
YAL007C,YBR122C,0,1.3083956,0.20670147240161896,0.4735792577266693,0.18235470354557037
YOR067C,YGL005C,0,1.3072983,0.20661157369613647,0.4735792577266693,0.18245473504066467
YNL077W,YDR367W,0,1.3060527,0.20652173459529877,0.4735792577266693,0.18255476653575897
YPL217C,YIL041W,0,1.3058199,0.20643198490142822,0.4735792577266693,0.18265479803085327
YDR065W,YJL165C,1,1.3055232,0.2067767232656479,0.47457626461982727,0.18265479803085327
YLL015W,YDR212W,0,1.3041279,0.20668692886829376,0.47457626461982727,0.18275482952594757
YKR098C,YFL044C,0,1.3041039,0.2065972238779068,0.47457626461982727,0.18285486102104187
YMR098C,YPL270W,0,1.3021761,0.2065075933933258,0.47457626461982727,0.18295489251613617
YCR031C,YIL121W,0,1.301965,0.20641803741455078,0.47457626461982727,0.18305490911006927
YML070W,YOR335C,0,1.3016992,0.20632857084274292,0.47457626461982727,0.18315494060516357
YMR047C,YBR160W,0,1.3015893,0.20623916387557983,0.47457626461982727,0.18325497210025787
YGL250W,YLR286C,0,1.3012303,0.2061498463153839,0.47457626461982727,0.18335500359535217
YDL102W,YER003C,0,1.300967,0.20606060326099396,0.47457626461982727,0.18345503509044647
YJL159W,YGL047W,0,1.3009032,0.20597143471240997,0.47457626461982727,0.18355506658554077
YHL001W,YKR077W,0,1.3001201,0.20588235557079315,0.47457626461982727,0.18365509808063507
YOL060C,YGR020C,1,1.2998455,0.2062256783246994,0.47557327151298523,0.18365509808063507
YFL003C,YHL028W,0,1.2995508,0.206136554479599,0.47557327151298523,0.18375512957572937
YPL120W,YHR024C,0,1.2993195,0.20604752004146576,0.47557327151298523,0.18385516107082367
YNL045W,YCL061C,0,1.2990451,0.2059585452079773,0.47557327151298523,0.18395519256591797
YDR288W,YOR265W,0,1.2989688,0.205869659781456,0.47557327151298523,0.18405520915985107
YLL024C,YBR171W,0,1.2984358,0.20578084886074066,0.47557327151298523,0.18415524065494537
YML096W,YDL146W,0,1.2979693,0.2056921124458313,0.47557327151298523,0.18425527215003967
YNL251C,YMR041C,0,1.2977405,0.2056034505367279,0.47557327151298523,0.18435530364513397
YNL185C,YPL235W,0,1.297349,0.20551486313343048,0.47557327151298523,0.18445533514022827
YBR037C,YJL165C,1,1.2972509,0.2058570235967636,0.4765702784061432,0.18445533514022827
YNL279W,YJR126C,0,1.2969698,0.2057684063911438,0.4765702784061432,0.18455536663532257
YDR368W,YML008C,0,1.2968898,0.20567986369132996,0.4765702784061432,0.18465539813041687
YGL223C,YPR108W,0,1.2966778,0.20559139549732208,0.4765702784061432,0.18475542962551117
YOR332W,YBR127C,1,1.2965266,0.20593293011188507,0.47756728529930115,0.18475542962551117
YJL044C,YGR220C,0,1.2964795,0.2058444321155548,0.47756728529930115,0.18485546112060547
YOR036W,YHR027C,0,1.2964439,0.20575600862503052,0.47756728529930115,0.18495549261569977
YGL123W,YCL001W,0,1.2963707,0.2056676745414734,0.47756728529930115,0.18505550920963287
YDR055W,YMR288W,0,1.2958567,0.20557940006256104,0.47756728529930115,0.18515554070472717
YPR029C,YDR380W,0,1.2957492,0.20549120008945465,0.47756728529930115,0.18525557219982147
YIL068C,YBR241C,0,1.2955011,0.20540308952331543,0.47756728529930115,0.18535560369491577
YDR117C,YBR041W,0,1.295397,0.20531503856182098,0.47756728529930115,0.18545563519001007
YJR161C,YIL039W,0,1.2951119,0.2052270770072937,0.47756728529930115,0.18555566668510437
YKL080W,YLR023C,1,1.2944686,0.20556744933128357,0.4785642921924591,0.18555566668510437
YNL212W,YGR163W,0,1.2943356,0.2054794579744339,0.4785642921924591,0.18565569818019867
YGR154C,YPR199C,0,1.293279,0.205391526222229,0.4785642921924591,0.18575572967529297
YLR293C,YER054C,0,1.2931786,0.20530368387699127,0.4785642921924591,0.18585576117038727
YER071C,YER141W,0,1.2927744,0.20521590113639832,0.4785642921924591,0.18595579266548157
YDR050C,YGL227W,0,1.2919295,0.20512820780277252,0.4785642921924591,0.18605582416057587
YDR189W,YOR262W,0,1.2915411,0.2050405740737915,0.4785642921924591,0.18615584075450897
YMR011W,YKR018C,0,1.2914875,0.20495302975177765,0.4785642921924591,0.18625587224960327
YBR162W-A,YCR083W,0,1.2912414,0.20486555993556976,0.4785642921924591,0.18635590374469757
YBR094W,YER035W,0,1.2904373,0.20477814972400665,0.4785642921924591,0.18645593523979187
YGR104C,YBR169C,0,1.2898769,0.2046908289194107,0.4785642921924591,0.18655596673488617
YDL204W,YKR097W,0,1.2894897,0.20460358262062073,0.4785642921924591,0.18665599822998047
YHR106W,YDR432W,0,1.2893891,0.20451641082763672,0.4785642921924591,0.18675602972507477
YJL065C,YBR272C,0,1.288697,0.20442929863929749,0.4785642921924591,0.18685606122016907
YCR075C,YDL130W,0,1.2885817,0.20434227585792542,0.4785642921924591,0.18695609271526337
YER174C,YGR020C,1,1.2881074,0.20468084514141083,0.47956132888793945,0.18695609271526337
YNR037C,YJL154C,0,1.2880237,0.20459379255771637,0.47956132888793945,0.18705612421035767
YLR313C,YKL110C,0,1.2878389,0.2045067995786667,0.47956132888793945,0.18715614080429077
YCR065W,YGL147C,0,1.2877574,0.20441989600658417,0.47956132888793945,0.18725617229938507
YJL157C,YDR397C,0,1.2875543,0.20433305203914642,0.47956132888793945,0.18735620379447937
YOL012C,YDR237W,0,1.2871909,0.20424628257751465,0.47956132888793945,0.18745623528957367
YBR245C,YGR202C,0,1.2871282,0.20415958762168884,0.47956132888793945,0.18755626678466797
YLR144C,YKL080W,0,1.2865492,0.204072967171669,0.47956132888793945,0.18765629827976227
YDR151C,YEL031W,1,1.2853494,0.20441052317619324,0.4805583357810974,0.18765629827976227
YDR101C,YNL037C,0,1.285303,0.204323872923851,0.4805583357810974,0.18775632977485657
YKL179C,YJL165C,0,1.2850717,0.20423728227615356,0.4805583357810974,0.18785636126995087
YPR020W,YPL006W,0,1.2845931,0.20415078103542328,0.4805583357810974,0.18795639276504517
YJR104C,YDR376W,1,1.2844877,0.20448772609233856,0.48155534267425537,0.18795639276504517
YDR354W,YFR031C-A,0,1.2837236,0.2044011801481247,0.48155534267425537,0.18805642426013947
YLR138W,YDL142C,1,1.2837005,0.20473773777484894,0.48255234956741333,0.18805642426013947
YPL217C,YDL012C,0,1.2833282,0.20465116202831268,0.48255234956741333,0.18815644085407257
YNL128W,YAL058W,0,1.2832352,0.2045646607875824,0.48255234956741333,0.18825647234916687
YOR181W,YCR069W,0,1.2829502,0.20447824895381927,0.48255234956741333,0.18835650384426117
YKL212W,YJR017C,0,1.2828946,0.20439189672470093,0.48255234956741333,0.18845653533935547
YKR009C,YHR136C,0,1.2823977,0.20430561900138855,0.48255234956741333,0.18855656683444977
YJL180C,YDR394W,0,1.2823825,0.20421941578388214,0.48255234956741333,0.18865659832954407
YBR248C,YFR042W,0,1.2823026,0.2041332721710205,0.48255234956741333,0.18875662982463837
YCL045C,YDR345C,0,1.2815822,0.20404721796512604,0.48255234956741333,0.18885666131973267
YKL137W,YNL336W,0,1.281318,0.20396122336387634,0.48255234956741333,0.18895669281482697
YMR158W,YNL209W,0,1.2809721,0.2038753181695938,0.48255234956741333,0.18905672430992126
YPR148C,YJR052W,0,1.2808795,0.20378947257995605,0.48255234956741333,0.18915674090385437
YOR090C,YCL051W,0,1.2804497,0.20370370149612427,0.48255234956741333,0.18925677239894867
YNR051C,YLR167W,0,1.2799882,0.20361800491809845,0.48255234956741333,0.18935680389404297
YLR247C,YML098W,0,1.2794554,0.2035323828458786,0.48255234956741333,0.18945683538913727
YHR102W,YLR396C,0,1.2790745,0.20344682037830353,0.48255234956741333,0.18955686688423157
YGL085W,YLR134W,0,1.2789354,0.20336134731769562,0.48255234956741333,0.18965689837932587
YDR178W,YOR252W,0,1.278396,0.20327593386173248,0.48255234956741333,0.18975692987442017
YFL034C-B,YJR099W,0,1.2777977,0.20319059491157532,0.48255234956741333,0.18985696136951447
YAL019W,YNL046W,0,1.2772375,0.20310533046722412,0.48255234956741333,0.18995699286460876
YLR109W,YKL196C,0,1.2769203,0.2030201405286789,0.48255234956741333,0.19005702435970306
YBR127C,YPR016C,0,1.2768126,0.20293501019477844,0.48255234956741333,0.19015704095363617
YIR035C,YLR100W,0,1.2766501,0.20284995436668396,0.48255234956741333,0.19025707244873047
YJR104C,YMR243C,1,1.2761717,0.20318391919136047,0.4835493564605713,0.19025707244873047
YGL250W,YNL130C,0,1.2752695,0.2030988335609436,0.4835493564605713,0.19035710394382477
YGL018C,YOL122C,0,1.2750937,0.2030138075351715,0.4835493564605713,0.19045713543891907
YGR138C,YML094W,0,1.2741863,0.20292887091636658,0.4835493564605713,0.19055716693401337
YJL177W,YNL115C,0,1.2739003,0.20284399390220642,0.4835493564605713,0.19065719842910767
YDR051C,YMR188C,0,1.2737092,0.20275919139385223,0.4835493564605713,0.19075722992420197
YLR369W,YOL158C,1,1.2733023,0.20309235155582428,0.48454636335372925,0.19075722992420197
YGL250W,YMR017W,0,1.2730641,0.2030075192451477,0.48454636335372925,0.19085726141929626
YER065C,YOR198C,0,1.2725878,0.2029227614402771,0.48454636335372925,0.19095729291439056
YPL008W,YDR377W,0,1.2718543,0.20283806324005127,0.48454636335372925,0.19105732440948486
YEL063C,YDR480W,0,1.2717538,0.2027534395456314,0.48454636335372925,0.19115734100341797
YBR055C,YPL003W,0,1.2716243,0.20266889035701752,0.48454636335372925,0.19125737249851227
YDL175C,YLR262C,0,1.2713977,0.2025844156742096,0.48454636335372925,0.19135740399360657
YDL207W,YHR157W,0,1.2712104,0.20250000059604645,0.48454636335372925,0.19145743548870087
YIL015W,YOR359W,0,1.2710245,0.20241566002368927,0.48454636335372925,0.19155746698379517
YLL051C,YGR092W,1,1.270926,0.20274771749973297,0.4855433702468872,0.19155746698379517
YNL289W,YBR167C,0,1.2700295,0.2026633322238922,0.4855433702468872,0.19165749847888947
YBR033W,YGR279C,0,1.269548,0.20257903635501862,0.4855433702468872,0.19175752997398376
YHR050W,YPL009C,0,1.2688403,0.2024948000907898,0.4855433702468872,0.19185756146907806
YJL008C,YBR019C,0,1.2681884,0.20241063833236694,0.4855433702468872,0.19195759296417236
YOR278W,YFL039C,0,1.2680049,0.20232655107975006,0.4855433702468872,0.19205762445926666
YNL279W,YDL149W,0,1.267924,0.20224252343177795,0.4855433702468872,0.19215764105319977
YER089C,YBR028C,0,1.2676923,0.20215857028961182,0.4855433702468872,0.19225767254829407
YEL063C,YPR131C,0,1.2675174,0.20207469165325165,0.4855433702468872,0.19235770404338837
YML038C,YIL066C,0,1.2673175,0.20199087262153625,0.4855433702468872,0.19245773553848267
YBR265W,YDR380W,0,1.2668571,0.20190712809562683,0.4855433702468872,0.19255776703357697
YJR117W,YDR176W,0,1.2664254,0.20182345807552338,0.4855433702468872,0.19265779852867126
YLL062C,YHR176W,0,1.2664188,0.2017398476600647,0.4855433702468872,0.19275783002376556
YPR028W,YCR018C,0,1.2661859,0.201656311750412,0.4855433702468872,0.19285786151885986
YML031W,YHR183W,0,1.2659951,0.20157285034656525,0.4855433702468872,0.19295789301395416
YDR127W,YOR234C,0,1.2657677,0.20148944854736328,0.4855433702468872,0.19305792450904846
YPL154C,YBL051C,0,1.2656053,0.20140612125396729,0.4855433702468872,0.19315794110298157
YPL202C,YOR054C,1,1.2656004,0.20173625648021698,0.48654037714004517,0.19315794110298157
YJL212C,YGL151W,0,1.2653764,0.2016528993844986,0.48654037714004517,0.19325797259807587
YDR054C,YMR278W,0,1.2646688,0.201569601893425,0.48654037714004517,0.19335800409317017
YMR035W,YKL005C,0,1.264458,0.20148637890815735,0.48654037714004517,0.19345803558826447
YJR040W,YER145C,1,1.2642754,0.20181593298912048,0.4875373840332031,0.19345803558826447
YGR166W,YDL178W,0,1.2641016,0.20173268020153046,0.4875373840332031,0.19355806708335876
YDR204W,YML004C,0,1.2634432,0.2016494870185852,0.4875373840332031,0.19365809857845306
YPL143W,YDR202C,0,1.262389,0.20156636834144592,0.4875373840332031,0.19375813007354736
YJL096W,YPL090C,0,1.2615521,0.20148330926895142,0.4875373840332031,0.19385816156864166
YGR206W,YGL205W,0,1.2601784,0.20140032470226288,0.4875373840332031,0.19395819306373596
YNL294C,YOL072W,0,1.2595572,0.2013174146413803,0.4875373840332031,0.19405822455883026
YER122C,YJR161C,0,1.2591853,0.20123456418514252,0.4875373840332031,0.19415824115276337
YJL036W,YER183C,0,1.2591264,0.2011517882347107,0.4875373840332031,0.19425827264785767
YPL088W,YBL038W,0,1.2577007,0.20106907188892365,0.4875373840332031,0.19435830414295197
YLR109W,YJL159W,0,1.2566599,0.20098643004894257,0.4875373840332031,0.19445833563804626
YDR422C,YOR244W,0,1.2559047,0.20090386271476746,0.4875373840332031,0.19455836713314056
YDL007W,YKL209C,0,1.2554902,0.20082135498523712,0.4875373840332031,0.19465839862823486
YBR126C,YMR052W,0,1.2554052,0.20073892176151276,0.4875373840332031,0.19475843012332916
YHR001W-A,YHR090C,0,1.2553558,0.20065654814243317,0.4875373840332031,0.19485846161842346
YNL083W,YER038C,0,1.2553493,0.20057423412799835,0.4875373840332031,0.19495849311351776
YDR515W,YLR075W,0,1.2538885,0.2004920095205307,0.4875373840332031,0.19505852460861206
YIL011W,YDL046W,0,1.2521809,0.20040982961654663,0.4875373840332031,0.19515854120254517
YOR332W,YLR220W,1,1.2518818,0.20073740184307098,0.4885343909263611,0.19515854120254517
YDR264C,YGR082W,0,1.2512432,0.20065520703792572,0.4885343909263611,0.19525857269763947
YDL100C,YLL051C,1,1.2512016,0.20098239183425903,0.48953139781951904,0.19525857269763947
YDR071C,YMR225C,0,1.2508969,0.20090016722679138,0.48953139781951904,0.19535860419273376
YNR023W,YDR486C,0,1.2505677,0.2008180022239685,0.48953139781951904,0.19545863568782806
YJR098C,YMR024W,0,1.2503424,0.2007358968257904,0.48953139781951904,0.19555866718292236
YML088W,YOR217W,0,1.2487091,0.20065386593341827,0.48953139781951904,0.19565869867801666
YKL040C,YIL035C,1,1.2485516,0.20098039507865906,0.490528404712677,0.19565869867801666
YDR302W,YDR188W,0,1.2481709,0.20089831948280334,0.490528404712677,0.19575873017311096
YDR251W,YDR513W,0,1.2475365,0.2008163332939148,0.490528404712677,0.19585876166820526
YLR226W,YCL010C,0,1.2472098,0.20073439180850983,0.490528404712677,0.19595879316329956
YGL128C,YLR061W,0,1.2469893,0.20065252482891083,0.490528404712677,0.19605882465839386
YHR190W,YPR112C,0,1.2452719,0.2005707323551178,0.490528404712677,0.19615884125232697
YLL023C,YDR479C,0,1.2450879,0.20048899948596954,0.490528404712677,0.19625887274742126
YNL055C,YCR073C,0,1.244437,0.20040732622146606,0.490528404712677,0.19635890424251556
YKR078W,YGL161C,0,1.2443414,0.20032572746276855,0.490528404712677,0.19645893573760986
YKL012W,YGL104C,0,1.2443156,0.20024420320987701,0.490528404712677,0.19655896723270416
YJR089W,YAL002W,0,1.2418455,0.20016273856163025,0.490528404712677,0.19665899872779846
YDR019C,YBR153W,0,1.2417758,0.20008133351802826,0.490528404712677,0.19675903022289276
YOR069W,YKR065C,0,1.240324,0.20000000298023224,0.490528404712677,0.19685906171798706
YFR049W,YDR208W,0,1.2402877,0.199918732047081,0.490528404712677,0.19695909321308136
YOR320C,YER068W,0,1.2402792,0.19983753561973572,0.490528404712677,0.19705912470817566
YOL158C,YJL093C,1,1.2396472,0.20016241073608398,0.49152541160583496,0.19705912470817566
YCR086W,YGR013W,0,1.2395644,0.20008116960525513,0.49152541160583496,0.19715914130210876
YLR260W,YKR039W,0,1.2394736,0.20000000298023224,0.49152541160583496,0.19725917279720306
YKL040C,YJR040W,1,1.2391887,0.2003244161605835,0.4925224184989929,0.19725917279720306
YDR092W,YPL048W,0,1.23874,0.20024320483207703,0.4925224184989929,0.19735920429229736
YLR328W,YPL171C,0,1.2386085,0.20016206800937653,0.4925224184989929,0.19745923578739166
YJR155W,YHR201C,0,1.2381997,0.200081005692482,0.4925224184989929,0.19755926728248596
YOR120W,YNL278W,0,1.2378057,0.20000000298023224,0.4925224184989929,0.19765929877758026
YNL097C,YJL072C,0,1.2377081,0.19991905987262726,0.4925224184989929,0.19775933027267456
YGR247W,YJL210W,0,1.2375712,0.19983819127082825,0.4925224184989929,0.19785936176776886
YOR061W,YLR447C,1,1.237536,0.20016174018383026,0.49351945519447327,0.19785936176776886
YML045W,YBR126C,0,1.2372129,0.20008084177970886,0.49351945519447327,0.19795939326286316
YDR158W,YOL016C,0,1.237078,0.20000000298023224,0.49351945519447327,0.19805942475795746
YOR269W,YOL008W,0,1.236968,0.1999192237854004,0.49351945519447327,0.19815944135189056
YDR289C,YDR407C,0,1.2369212,0.1998385190963745,0.49351945519447327,0.19825947284698486
YMR002W,YFL008W,0,1.2368886,0.1997578740119934,0.49351945519447327,0.19835950434207916
YIL064W,YCR020C,0,1.2365563,0.19967728853225708,0.49351945519447327,0.19845953583717346
YJL097W,YIL039W,0,1.2364522,0.19959677755832672,0.49351945519447327,0.19855956733226776
YDR141C,YOL051W,0,1.2364256,0.19951632618904114,0.49351945519447327,0.19865959882736206
YKL052C,YBR286W,0,1.2361635,0.19943593442440033,0.49351945519447327,0.19875963032245636
YBR199W,YGR240C,0,1.2357509,0.1993556171655655,0.49351945519447327,0.19885966181755066
YIL090W,YJL207C,0,1.235347,0.19927535951137543,0.49351945519447327,0.19895969331264496
YDR190C,YJL091C,0,1.2352583,0.19919517636299133,0.49351945519447327,0.19905972480773926
YER099C,YFR041C,0,1.2351255,0.19911503791809082,0.49351945519447327,0.19915974140167236
YPR094W,YLR110C,0,1.2350464,0.19903498888015747,0.49351945519447327,0.19925977289676666
YPL008W,YMR067C,0,1.2350388,0.1989549845457077,0.49351945519447327,0.19935980439186096
YDR469W,YFR031C-A,0,1.2347172,0.1988750547170639,0.49351945519447327,0.19945983588695526
YCR044C,YMR134W,1,1.2345448,0.19919678568840027,0.4945164620876312,0.19945983588695526
YJR159W,YKL141W,0,1.233546,0.19911682605743408,0.4945164620876312,0.19955986738204956
YDR151C,YOR054C,1,1.2329335,0.1994381994009018,0.4955134689807892,0.19955986738204956
YLL014W,YOR115C,0,1.232684,0.19935820996761322,0.4955134689807892,0.19965989887714386
YNL005C,YLL013C,0,1.2316256,0.19927826523780823,0.4955134689807892,0.19975993037223816
YPL202C,YOL101C,1,1.23046,0.19959919154644012,0.49651047587394714,0.19975993037223816
YOL002C,YDL198C,1,1.2302377,0.19991986453533173,0.4975074827671051,0.19975993037223816
YBR121C,YCR021C,0,1.2299216,0.19983980059623718,0.4975074827671051,0.19985996186733246
YOR386W,YKL055C,0,1.2296133,0.1997598111629486,0.4975074827671051,0.19995999336242676
YFL062W,YMR045C,0,1.229477,0.19967986643314362,0.4975074827671051,0.20006002485752106
YNL023C,YML054C,0,1.2294612,0.1995999962091446,0.4975074827671051,0.20016004145145416
YDR394W,YIL118W,0,1.229187,0.19952018558979034,0.4975074827671051,0.20026007294654846
YBR179C,YMR220W,0,1.2290549,0.19944044947624207,0.4975074827671051,0.20036010444164276
YCL038C,YER166W,0,1.2289661,0.19936077296733856,0.4975074827671051,0.20046013593673706
YDR118W,YLR116W,0,1.2289429,0.19928115606307983,0.4975074827671051,0.20056016743183136
YNL288W,YKL080W,0,1.2287569,0.19920159876346588,0.4975074827671051,0.20066019892692566
YDL043C,YIL036W,0,1.2283691,0.1991221010684967,0.4975074827671051,0.20076023042201996
YBR290W,YER078C,0,1.2281189,0.1990426778793335,0.4975074827671051,0.20086026191711426
YOL060C,YOL002C,1,1.2277918,0.19936203956604004,0.49850448966026306,0.20086026191711426
YJR104C,YAR050W,0,1.2277019,0.19928258657455444,0.49850448966026306,0.20096029341220856
YDR051C,YKR095W,0,1.227458,0.19920319318771362,0.49850448966026306,0.20106032490730286
YBR234C,YOR044W,0,1.2273421,0.19912385940551758,0.49850448966026306,0.20116034150123596
YDL235C,YMR058W,0,1.2273269,0.1990445852279663,0.49850448966026306,0.20126037299633026
YDR039C,YCR003W,0,1.2271025,0.198965385556221,0.49850448966026306,0.20136040449142456
YAR003W,YLR332W,0,1.2264035,0.1988862305879593,0.49850448966026306,0.20146043598651886
YGL196W,YDL098C,0,1.2261541,0.19880715012550354,0.49850448966026306,0.20156046748161316
YGR062C,YPL159C,0,1.2256951,0.19872814416885376,0.49850448966026306,0.20166049897670746
YER118C,YER166W,0,1.2251782,0.19864918291568756,0.49850448966026306,0.20176053047180176
YJR049C,YDR376W,1,1.2243614,0.19896744191646576,0.499501496553421,0.20176053047180176
YMR220W,YMR318C,0,1.223892,0.19888845086097717,0.499501496553421,0.20186056196689606
YPR156C,YKR038C,0,1.2237437,0.19880951941013336,0.499501496553421,0.20196059346199036
YNL251C,YLR092W,0,1.2234552,0.19873066246509552,0.499501496553421,0.20206062495708466
YBR085W,YJL101C,0,1.2228897,0.19865186512470245,0.499501496553421,0.20216064155101776
YDR316W,YGL048C,0,1.2224836,0.19857312738895416,0.499501496553421,0.20226067304611206
YLR313C,YEL034W,0,1.2222278,0.19849444925785065,0.499501496553421,0.20236070454120636
YER094C,YGR163W,0,1.2213951,0.1984158456325531,0.499501496553421,0.20246073603630066
YBR130C,YGL257C,0,1.2209337,0.19833728671073914,0.499501496553421,0.20256076753139496
YDR257C,YLR369W,0,1.2207841,0.19825880229473114,0.499501496553421,0.20266079902648926
YPL195W,YLL028W,0,1.2207499,0.19818037748336792,0.499501496553421,0.20276083052158356
YAL011W,YBR035C,0,1.2206445,0.19810201227664948,0.499501496553421,0.20286086201667786
YBR264C,YDR315C,0,1.2205601,0.198023721575737,0.499501496553421,0.20296089351177216
YMR205C,YJR044C,0,1.2194055,0.1979454755783081,0.499501496553421,0.20306092500686646
YBR171W,YPL100W,0,1.2192297,0.19786730408668518,0.499501496553421,0.20316094160079956
YJL216C,YLR225C,0,1.2188177,0.19778917729854584,0.499501496553421,0.20326097309589386
YPR122W,YMR235C,0,1.2188115,0.19771112501621246,0.499501496553421,0.20336100459098816
YPR018W,YBR019C,0,1.2172656,0.19763313233852386,0.499501496553421,0.20346103608608246
YGL020C,YMR231W,0,1.2161993,0.19755519926548004,0.499501496553421,0.20356106758117676
YPL049C,YDR148C,0,1.2160349,0.1974773406982422,0.499501496553421,0.20366109907627106
YOR270C,YPL202C,1,1.2158105,0.19779354333877563,0.5004985332489014,0.20366109907627106
YAR066W,YJL164C,0,1.2152224,0.1977156400680542,0.5004985332489014,0.20376113057136536
YCR086W,YDL236W,0,1.2151842,0.19763779640197754,0.5004985332489014,0.20386116206645966
YPL159C,YBR186W,0,1.2151116,0.19756001234054565,0.5004985332489014,0.20396119356155396
YPL020C,YBR235W,0,1.2135425,0.19748230278491974,0.5004985332489014,0.20406122505664825
YGR261C,YOR245C,0,1.2129326,0.1974046379327774,0.5004985332489014,0.20416124165058136
YJR042W,YMR163C,0,1.2123045,0.19732704758644104,0.5004985332489014,0.20426127314567566
YOR193W,YJR075W,0,1.2122409,0.19724950194358826,0.5004985332489014,0.20436130464076996
YML070W,YLR143W,0,1.2120098,0.19717203080654144,0.5004985332489014,0.20446133613586426
YBR136W,YOR172W,0,1.2109549,0.1970946192741394,0.5004985332489014,0.20456136763095856
YJR049C,YDR462W,0,1.2105048,0.19701726734638214,0.5004985332489014,0.20466139912605286
YOR079C,YCL017C,1,1.2103302,0.19733229279518127,0.5014955401420593,0.20466139912605286
YGL167C,YDL122W,0,1.2093177,0.19725489616394043,0.5014955401420593,0.20476143062114716
YPL001W,YPL164C,0,1.2092264,0.19717757403850555,0.5014955401420593,0.20486146211624146
YOL016C,YFL009W,0,1.2089624,0.19710031151771545,0.5014955401420593,0.20496149361133575
YNL275W,YDL193W,0,1.2089034,0.19702310860157013,0.5014955401420593,0.20506152510643005
YIL038C,YAR019C,0,1.2087713,0.19694596529006958,0.5014955401420593,0.20516154170036316
YML086C,YNL056W,0,1.2087202,0.1968688815832138,0.5014955401420593,0.20526157319545746
YOR262W,YGL084C,0,1.2083892,0.1967918574810028,0.5014955401420593,0.20536160469055176
YBR012W-B,YDR329C,0,1.2083597,0.19671489298343658,0.5014955401420593,0.20546163618564606
YHR025W,YOR192C,0,1.2082663,0.19663800299167633,0.5014955401420593,0.20556166768074036
YBR082C,YNL098C,0,1.2073182,0.19656115770339966,0.5014955401420593,0.20566169917583466
YFR009W,YHR150W,0,1.2066561,0.19648437201976776,0.5014955401420593,0.20576173067092896
YDL098C,YLR370C,0,1.2066388,0.19640764594078064,0.5014955401420593,0.20586176216602325
YGR231C,YHR120W,0,1.2064586,0.1963309943675995,0.5014955401420593,0.20596179366111755
YHL015W,YDR056C,0,1.2061198,0.19625438749790192,0.5014955401420593,0.20606182515621185
YDR036C,YCR069W,0,1.2055837,0.19617784023284912,0.5014955401420593,0.20616184175014496
YOR103C,YBR216C,0,1.2055753,0.1961013674736023,0.5014955401420593,0.20626187324523926
YLR204W,YER169W,0,1.2049762,0.19602493941783905,0.5014955401420593,0.20636190474033356
YLR138W,YMR301C,1,1.2039313,0.19633813202381134,0.5024925470352173,0.20636190474033356
YCR008W,YKL190W,1,1.2039044,0.19665108621120453,0.5034895539283752,0.20636190474033356
YDR279W,YJL210W,0,1.2032508,0.19657453894615173,0.5034895539283752,0.20646193623542786
YLR421C,YOR247W,0,1.2032027,0.1964980512857437,0.5034895539283752,0.20656196773052216
YMR156C,YKR030W,0,1.2027292,0.19642162322998047,0.5034895539283752,0.20666199922561646
YLR121C,YGR030C,0,1.202415,0.196345254778862,0.5034895539283752,0.20676203072071075
YLL005C,YBR107C,0,1.2022715,0.1962689459323883,0.5034895539283752,0.20686206221580505
YPR029C,YOR026W,0,1.2020818,0.1961926966905594,0.5034895539283752,0.20696209371089935
YKL040C,YPL224C,1,1.201884,0.1965048611164093,0.5044865608215332,0.20696209371089935
YJL056C,YGR183C,0,1.2017616,0.1964285671710968,0.5044865608215332,0.20706212520599365
YGR227W,YLR405W,0,1.2014298,0.19635234773159027,0.5044865608215332,0.20716214179992676
YDL100C,YMR021C,1,1.200974,0.19666408002376556,0.5054835677146912,0.20716214179992676
YOR103C,YPL060W,0,1.200891,0.19658783078193665,0.5054835677146912,0.20726217329502106
YDL132W,YOR056C,0,1.2008882,0.1965116262435913,0.5054835677146912,0.20736220479011536
YGR024C,YCL057C-A,0,1.199336,0.19643549621105194,0.5054835677146912,0.20746223628520966
YDR050C,YBL040C,0,1.1991317,0.19635941088199615,0.5054835677146912,0.20756226778030396
YOR086C,YDR261C,0,1.199127,0.19628338515758514,0.5054835677146912,0.20766229927539825
YGR209C,YBR097W,0,1.1989864,0.1962074339389801,0.5054835677146912,0.20776233077049255
YDR523C,YPR034W,0,1.1988714,0.19613152742385864,0.5054835677146912,0.20786236226558685
YJR049C,YBR037C,1,1.1988293,0.1964423805475235,0.5064805746078491,0.20786236226558685
YNL275W,YGR044C,0,1.1987135,0.19636644423007965,0.5064805746078491,0.20796239376068115
YOL027C,YDL198C,1,1.1981068,0.19667696952819824,0.5074775815010071,0.20796239376068115
YPL009C,YJR007W,0,1.1979108,0.196601003408432,0.5074775815010071,0.20806242525577545
YJL062W,YAL015C,0,1.1975224,0.19652509689331055,0.5074775815010071,0.20816244184970856
YOR202W,YHR013C,0,1.196462,0.19644924998283386,0.5074775815010071,0.20826247334480286
YOR374W,YKL220C,0,1.196423,0.19637346267700195,0.5074775815010071,0.20836250483989716
YGR041W,YDR314C,0,1.1962752,0.19629772007465363,0.5074775815010071,0.20846253633499146
YBR299W,YPL192C,0,1.1955134,0.19622205197811127,0.5074775815010071,0.20856256783008575
YNL059C,YOL147C,0,1.1953021,0.1961464285850525,0.5074775815010071,0.20866259932518005
YCR020W-B,YDL230W,0,1.1950698,0.19607087969779968,0.5074775815010071,0.20876263082027435
YIL093C,YOL032W,0,1.1947954,0.19599537551403046,0.5074775815010071,0.20886266231536865
YKL080W,YDR202C,1,1.194681,0.19630484282970428,0.508474588394165,0.20886266231536865
YOR358W,YHR039C,0,1.1940693,0.19622932374477386,0.508474588394165,0.20896269381046295
YMR242C,YFL005W,0,1.1936427,0.19615384936332703,0.508474588394165,0.20906272530555725
YKL080W,YOL002C,1,1.1935247,0.19646289944648743,0.509471595287323,0.20906272530555725
YJR067C,YPL010W,0,1.1934807,0.1963873952627182,0.509471595287323,0.20916274189949036
YAL019W,YMR221C,0,1.1930314,0.19631195068359375,0.509471595287323,0.20926277339458466
YNL058C,YDR054C,0,1.1927279,0.19623656570911407,0.509471595287323,0.20936280488967896
YDR363W-A,YJL100W,0,1.1925061,0.19616122543811798,0.509471595287323,0.20946283638477325
YML131W,YJR043C,0,1.1921237,0.19608595967292786,0.509471595287323,0.20956286787986755
YLR332W,YMR260C,0,1.1921066,0.1960107386112213,0.509471595287323,0.20966289937496185
YLL015W,YER011W,0,1.1906587,0.19593557715415955,0.509471595287323,0.20976293087005615
YDR307W,YDL144C,0,1.1889758,0.19586049020290375,0.509471595287323,0.20986296236515045
YMR021C,YER133W,1,1.1885816,0.19616858661174774,0.510468602180481,0.20986296236515045
YML057W,YPL158C,0,1.188269,0.19609345495700836,0.510468602180481,0.20996299386024475
YLR265C,YJR007W,0,1.1881979,0.19601838290691376,0.510468602180481,0.21006302535533905
YGR183C,YPR034W,0,1.1881778,0.19594335556030273,0.510468602180481,0.21016304194927216
YNL116W,YDR259C,0,1.1878276,0.19586840271949768,0.510468602180481,0.21026307344436646
YMR189W,YIR014W,0,1.1874346,0.1957934945821762,0.510468602180481,0.21036310493946075
YBR164C,YPL275W,0,1.1865458,0.1957186609506607,0.510468602180481,0.21046313643455505
YML057W,YOR226C,1,1.1861681,0.19602598249912262,0.5114656090736389,0.21046313643455505
YGR188C,YNL294C,0,1.1859975,0.19595110416412354,0.5114656090736389,0.21056316792964935
YNR061C,YER127W,0,1.1856394,0.19587628543376923,0.5114656090736389,0.21066319942474365
YOR332W,YOR226C,1,1.1852474,0.1961832046508789,0.5124626159667969,0.21066319942474365
YER149C,YER063W,0,1.1851665,0.1961083561182022,0.5124626159667969,0.21076323091983795
YHR009C,YMR024W,0,1.1851664,0.1960335671901703,0.5124626159667969,0.21086326241493225
YER145C,YDR202C,1,1.1841024,0.19634006917476654,0.5134596228599548,0.21086326241493225
YDL126C,YOL009C,0,1.1834998,0.19626525044441223,0.5134596228599548,0.21096329391002655
YPL153C,YCR094W,0,1.1833771,0.1961904764175415,0.5134596228599548,0.21106332540512085
YLR089C,YDR127W,0,1.1829262,0.19611576199531555,0.5134596228599548,0.21116334199905396
YKL175W,YCR008W,1,1.1828637,0.1964217722415924,0.5144566297531128,0.21116334199905396
YPL143W,YDR484W,0,1.1824199,0.19634702801704407,0.5144566297531128,0.21126337349414825
YMR134W,YJL059W,1,1.1821871,0.19665272533893585,0.5154536366462708,0.21126337349414825
YPL202C,YDR150W,0,1.1817689,0.19657795131206512,0.5154536366462708,0.21136340498924255
YER133W,YKL025C,0,1.1816174,0.19650323688983917,0.5154536366462708,0.21146343648433685
YML016C,YJL093C,1,1.181071,0.19680851697921753,0.5164506435394287,0.21146343648433685
YDR307W,YOR118W,0,1.1809819,0.196733757853508,0.5164506435394287,0.21156346797943115
YDR122W,YJL121C,0,1.1799855,0.19665907323360443,0.5164506435394287,0.21166349947452545
YMR266W,YDR127W,0,1.1799808,0.19658443331718445,0.5164506435394287,0.21176353096961975
YJR110W,YNL336W,0,1.1792963,0.19650986790657043,0.5164506435394287,0.21186356246471405
YNL146W,YFL024C,0,1.1783588,0.19643534719944,0.5164506435394287,0.21196359395980835
YOR047C,YMR067C,0,1.178283,0.19636088609695435,0.5164506435394287,0.21206362545490265
YLR138W,YJR049C,1,1.1782279,0.19666540622711182,0.5174476504325867,0.21206362545490265
YBL037W,YDR382W,0,1.1777475,0.19659091532230377,0.5174476504325867,0.21216364204883575
YNR041C,YOR367W,0,1.1777396,0.1965164691209793,0.5174476504325867,0.21226367354393005
YNL099C,YOR043W,0,1.1771731,0.19644208252429962,0.5174476504325867,0.21236370503902435
YOL002C,YNL259C,1,1.1770278,0.1967461258172989,0.5184446573257446,0.21236370503902435
YJL133W,YEL005C,0,1.1767192,0.19667170941829681,0.5184446573257446,0.21246373653411865
YPR122W,YOR256C,0,1.1760883,0.19659735262393951,0.5184446573257446,0.21256376802921295
YOR054C,YDR205W,1,1.1759226,0.19690097868442535,0.5194416642189026,0.21256376802921295
YPL105C,YER035W,0,1.1755877,0.19682659208774567,0.5194416642189026,0.21266379952430725
YJR145C,YCL045C,0,1.1755648,0.19675226509571075,0.5194416642189026,0.21276383101940155
YLR274W,YIL112W,0,1.1755097,0.19667799770832062,0.5194416642189026,0.21286386251449585
YBL051C,YNL091W,0,1.175451,0.19660377502441406,0.5194416642189026,0.21296389400959015
YMR012W,YDR343C,0,1.1751604,0.19652961194515228,0.5194416642189026,0.21306392550468445
YBR136W,YOL098C,0,1.1749084,0.19645550847053528,0.5194416642189026,0.21316394209861755
YDR483W,YMR242C,0,1.1748528,0.19638144969940186,0.5194416642189026,0.21326397359371185
YGL208W,YPL095C,0,1.1748152,0.1963074654340744,0.5194416642189026,0.21336400508880615
YLR310C,YDL099W,0,1.1747019,0.19623352587223053,0.5194416642189026,0.21346403658390045
YNL326C,YJR161C,0,1.1744678,0.19615964591503143,0.5194416642189026,0.21356406807899475
YDR284C,YML013W,0,1.1737204,0.19608581066131592,0.5194416642189026,0.21366409957408905
YKL073W,YGL115W,0,1.1736159,0.19601203501224518,0.5194416642189026,0.21376413106918335
YPR086W,YER027C,0,1.1729126,0.1959383189678192,0.5194416642189026,0.21386416256427765
YPR112C,YGL254W,0,1.1728085,0.19586466252803802,0.5194416642189026,0.21396419405937195
YFL034C-B,YGR101W,0,1.1723174,0.19579105079174042,0.5194416642189026,0.21406422555446625
YCR017C,YIR033W,0,1.1722484,0.19571749866008759,0.5194416642189026,0.21416424214839935
YDR436W,YDL198C,1,1.1716354,0.19601953029632568,0.5204386711120605,0.21416424214839935
YPR122W,YHR080C,0,1.171529,0.19594594836235046,0.5204386711120605,0.21426427364349365
YER058W,YML104C,0,1.1707125,0.19587242603302002,0.5204386711120605,0.21436430513858795
YBR164C,YBR290W,0,1.1706914,0.19579894840717316,0.5204386711120605,0.21446433663368225
YBR003W,YKR060W,0,1.1703861,0.19572553038597107,0.5204386711120605,0.21456436812877655
YPL005W,YJR048W,0,1.170103,0.19565217196941376,0.5204386711120605,0.21466439962387085
YLL052C,YNR023W,0,1.169317,0.19557887315750122,0.5204386711120605,0.21476443111896515
YDL185W,YER133W,1,1.1691871,0.19588014483451843,0.5214356780052185,0.21476443111896515
YHL011C,YBR083W,0,1.1686494,0.1958068162202835,0.5214356780052185,0.21486446261405945
YEL031W,YDR376W,1,1.1685791,0.19610778987407684,0.5224326848983765,0.21486446261405945
YKR087C,YHL047C,0,1.1684029,0.19603441655635834,0.5224326848983765,0.21496449410915375
YBR023C,YKR089C,0,1.1681492,0.1959611028432846,0.5224326848983765,0.21506452560424805
YMR154C,YOR344C,0,1.1676971,0.19588784873485565,0.5224326848983765,0.21516454219818115
YDR464W,YLR356W,0,1.1675084,0.19581465423107147,0.5224326848983765,0.21526457369327545
YLR442C,YNL315C,0,1.1671925,0.19574150443077087,0.5224326848983765,0.21536460518836975
YMR208W,YOR210W,0,1.1667963,0.19566841423511505,0.5224326848983765,0.21546463668346405
YGR058W,YGL178W,0,1.166712,0.1955953687429428,0.5224326848983765,0.21556466817855835
YML107C,YNL162W,0,1.1665895,0.19552238285541534,0.5224326848983765,0.21566469967365265
YBR295W,YDR270W,1,1.1664999,0.19582244753837585,0.5234296917915344,0.21566469967365265
YLR226W,YKL185W,0,1.1664605,0.1957494467496872,0.5234296917915344,0.21576473116874695
YKR014C,YNL191W,0,1.1661348,0.19567647576332092,0.5234296917915344,0.21586476266384125
YDR436W,YJL208C,0,1.1658247,0.19560357928276062,0.5234296917915344,0.21596479415893555
YOR256C,YDR013W,0,1.1657847,0.1955307275056839,0.5234296917915344,0.21606482565402985
YKL114C,YPR165W,0,1.1656553,0.19545793533325195,0.5234296917915344,0.21616484224796295
YOR153W,YLR276C,0,1.1653922,0.1953851878643036,0.5234296917915344,0.21626487374305725
YHR216W,YDL049C,0,1.1651376,0.1953125,0.5234296917915344,0.21636490523815155
YDL129W,YJL046W,0,1.1650923,0.1952398717403412,0.5234296917915344,0.21646493673324585
YKR072C,YJL062W,0,1.1649309,0.19516728818416595,0.5234296917915344,0.21656496822834015
YOL027C,YDR376W,1,1.1641552,0.19546636939048767,0.5244266986846924,0.21656496822834015
YMR217W,YKL211C,0,1.1632926,0.19539375603199005,0.5244266986846924,0.21666499972343445
YDR092W,YDL102W,0,1.1629575,0.1953212022781372,0.5244266986846924,0.21676503121852875
YFL026W,YOR156C,0,1.1628754,0.19524870812892914,0.5244266986846924,0.21686506271362305
YOR175C,YJL170C,0,1.162627,0.19517625868320465,0.5244266986846924,0.21696509420871735
YBR205W,YML069W,0,1.1625773,0.19510385394096375,0.5244266986846924,0.21706512570381165
YML121W,YHR010W,0,1.1624737,0.1950315237045288,0.5244266986846924,0.21716514229774475
YPL049C,YDR294C,0,1.1623043,0.19495922327041626,0.5244266986846924,0.21726517379283905
YNL051W,YDR176W,0,1.1618152,0.19488699734210968,0.5244266986846924,0.21736520528793335
YJR050W,YKL010C,0,1.1603744,0.19481481611728668,0.5244266986846924,0.21746523678302765
YJL063C,YOR076C,0,1.160345,0.19474269449710846,0.5244266986846924,0.21756526827812195
YER109C,YDR283C,0,1.1602397,0.19467061758041382,0.5244266986846924,0.21766529977321625
YJR104C,YDR182W,1,1.1593568,0.1949685513973236,0.5254237055778503,0.21766529977321625
YDR014W,YPL236C,0,1.159209,0.19489644467830658,0.5254237055778503,0.21776533126831055
YCL017C,YJL056C,1,1.1592023,0.1951940804719925,0.5264207124710083,0.21776533126831055
YNL161W,YDR016C,0,1.158818,0.19512194395065308,0.5264207124710083,0.21786536276340485
YLR398C,YBR203W,0,1.1583716,0.19504986703395844,0.5264207124710083,0.21796539425849915
YGR159C,YDR354W,0,1.1575663,0.19497784972190857,0.5264207124710083,0.21806542575359344
YJR159W,YLL036C,0,1.1573294,0.1949058622121811,0.5264207124710083,0.21816544234752655
YOR064C,YBR101C,0,1.1569779,0.19483394920825958,0.5264207124710083,0.21826547384262085
YDR519W,YER056C,0,1.1564398,0.19476208090782166,0.5264207124710083,0.21836550533771515
YKL194C,YHR140W,0,1.1564243,0.1946902722120285,0.5264207124710083,0.21846553683280945
YMR060C,YGR204W,0,1.1559991,0.19461850821971893,0.5264207124710083,0.21856556832790375
YNL183C,YJR045C,0,1.1556084,0.19454678893089294,0.5264207124710083,0.21866559982299805
YDR197W,YIR014W,0,1.154675,0.19447514414787292,0.5264207124710083,0.21876563131809235
YLR006C,YEL038W,0,1.1539845,0.1944035291671753,0.5264207124710083,0.21886566281318665
YOL089C,YJL170C,0,1.1536946,0.19433198869228363,0.5264207124710083,0.21896569430828094
YML006C,YBR295W,1,1.1536357,0.19462840259075165,0.5274177193641663,0.21896569430828094
YLR006C,YKL034W,0,1.1534039,0.1945568174123764,0.5274177193641663,0.21906572580337524
YIL129C,YER029C,0,1.1533941,0.19448529183864594,0.5274177193641663,0.21916574239730835
YFL031W,YLR174W,0,1.1524173,0.19441382586956024,0.5274177193641663,0.21926577389240265
YDR279W,YOR332W,0,1.1521494,0.19434238970279694,0.5274177193641663,0.21936580538749695
YCR004C,YGL085W,0,1.1519785,0.1942710280418396,0.5274177193641663,0.21946583688259125
YHR081W,YMR149W,0,1.1514289,0.19419971108436584,0.5274177193641663,0.21956586837768555
YJL042W,YGR094W,0,1.1509322,0.19412843883037567,0.5274177193641663,0.21966589987277985
YML100W,YLR403W,0,1.1508197,0.19405722618103027,0.5274177193641663,0.21976593136787415
YDR023W,YHL003C,0,1.1503403,0.19398605823516846,0.5274177193641663,0.21986596286296844
YAR015W,YGR244C,0,1.1502931,0.19391494989395142,0.5274177193641663,0.21996599435806274
YOR002W,YHR072W,0,1.1499388,0.19384390115737915,0.5274177193641663,0.22006602585315704
YDL128W,YMR216C,1,1.1489147,0.19413919746875763,0.5284147262573242,0.22006602585315704
YKL152C,YBR298C,0,1.1487281,0.19406810402870178,0.5284147262573242,0.22016604244709015
YPL069C,YGR138C,0,1.1485648,0.1939970701932907,0.5284147262573242,0.22026607394218445
YML127W,YPR134W,0,1.148416,0.19392609596252441,0.5284147262573242,0.22036610543727875
YGR026W,YDR175C,0,1.148308,0.1938551515340805,0.5284147262573242,0.22046613693237305
YML058W,YDL150W,0,1.1479503,0.19378428161144257,0.5284147262573242,0.22056616842746735
YKL119C,YDR182W,1,1.1470319,0.1940789520740509,0.529411792755127,0.22056616842746735
YFR055W,YGR092W,1,1.1463825,0.19437339901924133,0.5304087996482849,0.22056616842746735
YIL065C,YDR018C,0,1.1460474,0.19430240988731384,0.5304087996482849,0.22066619992256165
YMR058W,YDR270W,1,1.145911,0.1945965737104416,0.5314058065414429,0.22066619992256165
YKL012W,YML087C,0,1.1457332,0.1945255547761917,0.5314058065414429,0.22076623141765594
YGL147C,YAL014C,0,1.1450334,0.19445458054542542,0.5314058065414429,0.22086626291275024
YJL051W,YDL049C,0,1.1449802,0.1943836659193039,0.5314058065414429,0.22096629440784454
YDR189W,YGL181W,0,1.1445674,0.19431279599666595,0.5314058065414429,0.22106632590293884
YGR247W,YBL084C,0,1.1443522,0.1942419856786728,0.5314058065414429,0.22116634249687195
YLR038C,YER167W,0,1.144183,0.1941712200641632,0.5314058065414429,0.22126637399196625
YKL079W,YDL159W,0,1.1438318,0.1941005140542984,0.5314058065414429,0.22136640548706055
YPL202C,YDL185W,1,1.1437835,0.19439388811588287,0.5324028134346008,0.22136640548706055
YGL124C,YMR055C,0,1.1436872,0.19432313740253448,0.5324028134346008,0.22146643698215485
YGL067W,YOR358W,0,1.1434536,0.19425246119499207,0.5324028134346008,0.22156646847724915
YBL091C,YOR354C,0,1.1433227,0.19418181478977203,0.5324028134346008,0.22166649997234344
YGL059W,YDR309C,0,1.1425854,0.19411122798919678,0.5324028134346008,0.22176653146743774
YBR164C,YER012W,0,1.1421814,0.1940407007932663,0.5324028134346008,0.22186656296253204
YOR316C,YHR194W,1,1.1421592,0.19433344900608063,0.5333998203277588,0.22186656296253204
YGL096W,YMR231W,0,1.1418774,0.19426289200782776,0.5333998203277588,0.22196659445762634
YNL136W,YML063W,0,1.1416515,0.19419237971305847,0.5333998203277588,0.22206662595272064
YBL063W,YHL032C,0,1.1415926,0.19412191212177277,0.5333998203277588,0.22216664254665375
YMR080C,YCL017C,0,1.1415522,0.19405150413513184,0.5333998203277588,0.22226667404174805
YDR363W-A,YPR184W,0,1.1406679,0.1939811408519745,0.5333998203277588,0.22236670553684235
YIL109C,YJR014W,0,1.1402807,0.19391083717346191,0.5333998203277588,0.22246673703193665
YOR336W,YIL126W,0,1.1401689,0.19384057819843292,0.5333998203277588,0.22256676852703094
YDR307W,YDL139C,0,1.1399164,0.1937703788280487,0.5333998203277588,0.22266680002212524
YIR037W,YDL153C,0,1.1388422,0.19370022416114807,0.5333998203277588,0.22276683151721954
YHR007C,YGR162W,0,1.1388211,0.19363011419773102,0.5333998203277588,0.22286686301231384
YGL111W,YER042W,0,1.1385862,0.19356006383895874,0.5333998203277588,0.22296689450740814
YKL112W,YPL010W,0,1.1382596,0.19349005818367004,0.5333998203277588,0.22306692600250244
YGR159C,YLL001W,0,1.1381347,0.19342009723186493,0.5333998203277588,0.22316695749759674
YGR181W,YMR260C,0,1.1380568,0.1933501958847046,0.5333998203277588,0.22326697409152985
YFR025C,YCR053W,0,1.1376195,0.19328035414218903,0.5333998203277588,0.22336700558662415
YGL238W,YNR045W,0,1.1374216,0.19321054220199585,0.5333998203277588,0.22346703708171844
YDR315C,YNL049C,0,1.1359015,0.19314078986644745,0.5333998203277588,0.22356706857681274
YPL037C,YGL129C,0,1.1356072,0.19307109713554382,0.5333998203277588,0.22366710007190704
YMR311C,YGL226W,0,1.1354508,0.19300144910812378,0.5333998203277588,0.22376713156700134
YNL037C,YOR211C,0,1.1351874,0.19293184578418732,0.5333998203277588,0.22386716306209564
YOR202W,YFR053C,0,1.134382,0.19286228716373444,0.5333998203277588,0.22396719455718994
YKL176C,YML041C,0,1.1343331,0.19279278814792633,0.5333998203277588,0.22406722605228424
YOR100C,YDR077W,0,1.1332023,0.192723348736763,0.5333998203277588,0.22416725754737854
YNL142W,YLR138W,0,1.13246,0.19265393912792206,0.5333998203277588,0.22426727414131165
YCR053W,YGL009C,0,1.132145,0.1925845891237259,0.5333998203277588,0.22436730563640594
YBR176W,YJL057C,0,1.1317041,0.1925152987241745,0.5333998203277588,0.22446733713150024
YCR045C,YOL078W,0,1.1315897,0.1924460381269455,0.5333998203277588,0.22456736862659454
YHR104W,YJL127C,0,1.1315289,0.19237683713436127,0.5333998203277588,0.22466740012168884
YBL091C,YPL016W,0,1.1314673,0.19230769574642181,0.5333998203277588,0.22476743161678314
YFL050C,YDR246W,0,1.1314043,0.19223858416080475,0.5333998203277588,0.22486746311187744
YGR098C,YOL065C,0,1.1311748,0.19216954708099365,0.5333998203277588,0.22496749460697174
YOL127W,YPR004C,0,1.1309313,0.19210053980350494,0.5333998203277588,0.22506752610206604
YNL096C,YML015C,0,1.1309229,0.192031592130661,0.5333998203277588,0.22516755759716034
YOL105C,YLR225C,0,1.1302996,0.19196268916130066,0.5333998203277588,0.22526757419109344
YER143W,YKL167C,0,1.1301864,0.1918938308954239,0.5333998203277588,0.22536760568618774
YOR189W,YMR225C,0,1.1298437,0.1918250322341919,0.5333998203277588,0.22546763718128204
YCR038C,YFL050C,0,1.1287582,0.19175627827644348,0.5333998203277588,0.22556766867637634
YGR108W,YER157W,0,1.1282289,0.19168756902217865,0.5333998203277588,0.22566770017147064
YML101C,YBR168W,0,1.1281649,0.1916189044713974,0.5333998203277588,0.22576773166656494
YML074C,YKL002W,0,1.1279901,0.19155029952526093,0.5333998203277588,0.22586776316165924
YPL283C,YPL234C,0,1.1273195,0.19148173928260803,0.5333998203277588,0.22596779465675354
YDR043C,YER048C,0,1.1269535,0.19141323864459991,0.5333998203277588,0.22606782615184784
YCL017C,YDR492W,1,1.1262211,0.19170242547988892,0.5343968272209167,0.22606782615184784
YPL177C,YMR301C,1,1.1256647,0.1919914186000824,0.5353938341140747,0.22606782615184784
YPL202C,YHR026W,1,1.1254838,0.19228020310401917,0.5363908410072327,0.22606782615184784
YGR159C,YDR330W,0,1.1252236,0.19221150875091553,0.5363908410072327,0.22616785764694214
YMR216C,YDR098C,1,1.124948,0.19249999523162842,0.5373878479003906,0.22616785764694214
YJR040W,YBR037C,1,1.1244737,0.1927882879972458,0.5383848547935486,0.22616785764694214
YGL059W,YPR054W,0,1.1241883,0.1927194893360138,0.5383848547935486,0.22626787424087524
YDL190C,YFR008W,0,1.123704,0.19265073537826538,0.5383848547935486,0.22636790573596954
YOR174W,YPL164C,0,1.1236635,0.19258202612400055,0.5383848547935486,0.22646793723106384
YBL050W,YCL057C-A,0,1.1235709,0.1925133615732193,0.5383848547935486,0.22656796872615814
YBL105C,YML081W,0,1.1230764,0.19244475662708282,0.5383848547935486,0.22666800022125244
YFL029C,YAL020C,0,1.1230078,0.19237619638442993,0.5383848547935486,0.22676803171634674
YGR231C,YEL024W,0,1.1229734,0.19230769574642181,0.5383848547935486,0.22686806321144104
YFR042W,YDR394W,0,1.1227441,0.19223922491073608,0.5383848547935486,0.22696809470653534
YAR014C,YBL101C,0,1.1223054,0.19217081367969513,0.5383848547935486,0.22706812620162964
YHR005C,YCL016C,0,1.1212256,0.19210246205329895,0.5383848547935486,0.22716815769672394
YOR131C,YBL040C,0,1.1209065,0.19203414022922516,0.5383848547935486,0.22726817429065704
YDR468C,YOR369C,0,1.1207786,0.19196587800979614,0.5383848547935486,0.22736820578575134
YGR065C,YML116W,0,1.1199985,0.1918976604938507,0.5383848547935486,0.22746823728084564
YPR128C,YDR421W,0,1.1192617,0.19182948768138885,0.5383848547935486,0.22756826877593994
YKR062W,YOR096W,0,1.1192238,0.19176135957241058,0.5383848547935486,0.22766830027103424
YER149C,YBL101C,0,1.1188,0.1916932910680771,0.5383848547935486,0.22776833176612854
YDR139C,YGL025C,0,1.1162114,0.19162526726722717,0.5383848547935486,0.22786836326122284
YDR121W,YKR001C,0,1.116052,0.19155728816986084,0.5383848547935486,0.22796839475631714
YBR211C,YDR033W,0,1.1159143,0.19148936867713928,0.5383848547935486,0.22806842625141144
YJR027W,YDL072C,0,1.1155717,0.1914214789867401,0.5383848547935486,0.22816845774650574
YNL051W,YMR221C,0,1.1153774,0.19135364890098572,0.5383848547935486,0.22826847434043884
YGL213C,YER060W,0,1.1152309,0.1912858635187149,0.5383848547935486,0.22836850583553314
YDR356W,YNL286W,0,1.1142519,0.19121813774108887,0.5383848547935486,0.22846853733062744
YMR323W,YOL009C,0,1.1141268,0.19115044176578522,0.5383848547935486,0.22856856882572174
YOR158W,YNL056W,0,1.1140797,0.19108280539512634,0.5383848547935486,0.22866860032081604
YER143W,YKL016C,0,1.1137981,0.19101521372795105,0.5383848547935486,0.22876863181591034
YOR144C,YKL062W,0,1.1136475,0.19094766676425934,0.5383848547935486,0.22886866331100464
YDL064W,YOR347C,0,1.1134667,0.1908801645040512,0.5383848547935486,0.22896869480609894
YML100W,YHR050W,0,1.1132592,0.19081272184848785,0.5383848547935486,0.22906872630119324
YOR348C,YDR464W,0,1.1131178,0.19074532389640808,0.5383848547935486,0.22916875779628754
YHR200W,YDR283C,0,1.113069,0.1906779706478119,0.5383848547935486,0.22926877439022064
YBL030C,YIL052C,0,1.1128123,0.19061066210269928,0.5383848547935486,0.22936880588531494
YMR177W,YOR181W,0,1.1118922,0.19054339826107025,0.5383848547935486,0.22946883738040924
YBR221C,YKR085C,0,1.1115258,0.190476194024086,0.5383848547935486,0.22956886887550354
YDL194W,YHR062C,0,1.1108434,0.19040901958942413,0.5383848547935486,0.22966890037059784
YDL087C,YNL069C,0,1.1099313,0.19034190475940704,0.5383848547935486,0.22976893186569214
YLR051C,YJR015W,0,1.1099123,0.19027483463287354,0.5383848547935486,0.22986896336078644
YLL015W,YGL137W,0,1.1097748,0.1902078241109848,0.5383848547935486,0.22996899485588074
YBR041W,YLR048W,0,1.1094573,0.19014084339141846,0.5383848547935486,0.23006902635097504
YOR332W,YDR515W,1,1.1090688,0.19042590260505676,0.5393818616867065,0.23006902635097504
YEL031W,YLR447C,1,1.1089199,0.19071076810359955,0.5403788685798645,0.23006902635097504
YGL119W,YHR110W,0,1.108566,0.19064368307590485,0.5403788685798645,0.23016905784606934
YKR037C,YDR176W,0,1.1085029,0.19057665765285492,0.5403788685798645,0.23026907444000244
YJL002C,YBR087W,0,1.1081104,0.19050966203212738,0.5403788685798645,0.23036910593509674
YOR117W,YBR160W,0,1.1080842,0.19044272601604462,0.5403788685798645,0.23046913743019104
YOL109W,YJR135W-A,0,1.1080675,0.19037583470344543,0.5403788685798645,0.23056916892528534
YKR022C,YBR105C,0,1.1076921,0.19030898809432983,0.5403788685798645,0.23066920042037964
YPL012W,YDR046C,0,1.1073322,0.19024218618869781,0.5403788685798645,0.23076923191547394
YGL167C,YJL158C,0,1.1073089,0.19017544388771057,0.5403788685798645,0.23086926341056824
YBR295W,YKR050W,1,1.1068034,0.1904594898223877,0.5413758754730225,0.23086926341056824
YNL037C,YPR019W,0,1.1066982,0.19039270281791687,0.5413758754730225,0.23096929490566254
YKL073W,YCL033C,0,1.1064727,0.19032597541809082,0.5413758754730225,0.23106932640075684
YGL191W,YOR210W,0,1.1060865,0.19025927782058716,0.5413758754730225,0.23116935789585114
YBR041W,YKR095W,0,1.1060517,0.19019263982772827,0.5413758754730225,0.23126937448978424
YLL051C,YPL234C,1,1.1060374,0.190476194024086,0.5423728823661804,0.23126937448978424
YMR202W,YBR068C,0,1.1057397,0.19040952622890472,0.5423728823661804,0.23136940598487854
YHR003C,YDR379W,0,1.105273,0.19034290313720703,0.5423728823661804,0.23146943747997284
YJL035C,YIL026C,0,1.10505,0.19027632474899292,0.5423728823661804,0.23156946897506714
YJR129C,YDR077W,0,1.1050026,0.1902097910642624,0.5423728823661804,0.23166950047016144
YJR117W,YLR327C,0,1.1049412,0.19014330208301544,0.5423728823661804,0.23176953196525574
YLR418C,YLR341W,0,1.1048385,0.19007687270641327,0.5423728823661804,0.23186956346035004
YGR054W,YBR149W,0,1.1044081,0.19001047313213348,0.5423728823661804,0.23196959495544434
YGR075C,YML013W,0,1.1041819,0.18994413316249847,0.5423728823661804,0.23206962645053864
YPR082C,YPL270W,0,1.1039394,0.18987783789634705,0.5423728823661804,0.23216965794563293
YFR041C,YCL051W,0,1.1037734,0.1898115873336792,0.5423728823661804,0.23226967453956604
YLL005C,YOR249C,0,1.1031535,0.18974538147449493,0.5423728823661804,0.23236970603466034
YBR003W,YOR144C,0,1.1027485,0.18967922031879425,0.5423728823661804,0.23246973752975464
YPL275W,YMR044W,0,1.1026998,0.18961310386657715,0.5423728823661804,0.23256976902484894
YLR205C,YML026C,0,1.1026571,0.18954703211784363,0.5423728823661804,0.23266980051994324
YOR207C,YLR237W,0,1.1026478,0.18948101997375488,0.5423728823661804,0.23276983201503754
YOR329C,YHR006W,0,1.1021708,0.18941503763198853,0.5423728823661804,0.23286986351013184
YFL047W,YBL038W,0,1.1021178,0.18934911489486694,0.5423728823661804,0.23296989500522614
YPL024W,YIL056W,0,1.101957,0.18928322196006775,0.5423728823661804,0.23306992650032043
YLL032C,YPL106C,0,1.1014578,0.18921738862991333,0.5423728823661804,0.23316995799541473
YOR054C,YDR376W,1,1.1012903,0.18949930369853973,0.5433698892593384,0.23316995799541473
YPR048W,YPL100W,0,1.1004283,0.18943344056606293,0.5433698892593384,0.23326997458934784
YLR466W,YBR158W,0,1.1001,0.1893676221370697,0.5433698892593384,0.23337000608444214
YEL065W,YDR205W,1,1.0996598,0.18964917957782745,0.5443668961524963,0.23337000608444214
YKL096W,YPL255W,0,1.0996487,0.18958333134651184,0.5443668961524963,0.23347003757953644
YGR249W,YER042W,0,1.0992513,0.1895175278186798,0.5443668961524963,0.23357006907463074
YHR102W,YLR328W,0,1.0992423,0.18945176899433136,0.5443668961524963,0.23367010056972504
YPL189W,YOR205C,0,1.0987267,0.1893860548734665,0.5443668961524963,0.23377013206481934
YDR116C,YLR019W,0,1.098634,0.1893203854560852,0.5443668961524963,0.23387016355991364
YGR247W,YLR307W,0,1.0985141,0.1892547607421875,0.5443668961524963,0.23397019505500793
YAL043C,YHL047C,0,1.0980198,0.18918919563293457,0.5443668961524963,0.23407022655010223
YCL040W,YDR545W,0,1.0970521,0.18912366032600403,0.5443668961524963,0.23417025804519653
YGL189C,YDR237W,0,1.0962453,0.18905816972255707,0.5443668961524963,0.23427027463912964
YBR265W,YMR092C,0,1.0962033,0.1889927238225937,0.5443668961524963,0.23437030613422394
YGR125W,YEL063C,0,1.0955884,0.18892733752727509,0.5443668961524963,0.23447033762931824
YMR041C,YDL168W,0,1.0943837,0.18886198103427887,0.5443668961524963,0.23457036912441254
YKR007W,YDR139C,0,1.0942295,0.18879668414592743,0.5443668961524963,0.23467040061950684
YER180C,YLR364W,0,1.0933787,0.18873141705989838,0.5443668961524963,0.23477043211460114
YDR213W,YOR367W,0,1.0925251,0.1886662095785141,0.5443668961524963,0.23487046360969543
YFL034C-B,YOR321W,0,1.0921082,0.1886010318994522,0.5443668961524963,0.23497049510478973
YOR151C,YHR031C,0,1.0916281,0.1885359138250351,0.5443668961524963,0.23507052659988403
YJL089W,YDL212W,0,1.0912464,0.18847082555294037,0.5443668961524963,0.23517055809497833
YLR459W,YLR451W,0,1.0909711,0.18840579688549042,0.5443668961524963,0.23527057468891144
YJR046W,YGR215W,0,1.0907869,0.18834081292152405,0.5443668961524963,0.23537060618400574
YML029W,YCL055W,0,1.0901933,0.18827585875988007,0.5443668961524963,0.23547063767910004
YPL177C,YLR369W,1,1.0897007,0.18855567276477814,0.5453639030456543,0.23547063767910004
YPL120W,YHR096C,0,1.0895376,0.18849068880081177,0.5453639030456543,0.23557066917419434
YDL201W,YML066C,0,1.0894686,0.18842576444149017,0.5453639030456543,0.23567070066928864
YHL050C,YER060W,0,1.0890703,0.18836088478565216,0.5453639030456543,0.23577073216438293
YJR145C,YPR058W,0,1.08903,0.18829603493213654,0.5453639030456543,0.23587076365947723
YBR218C,YGR198W,0,1.0890058,0.18823124468326569,0.5453639030456543,0.23597079515457153
YIL009C-A,YBR204C,0,1.088719,0.18816649913787842,0.5453639030456543,0.23607082664966583
YMR054W,YHR194W,1,1.0878325,0.18844567239284515,0.5463609099388123,0.23607082664966583
YOL033W,YNR039C,0,1.0875847,0.1883808821439743,0.5463609099388123,0.23617085814476013
YBR171W,YHR064C,0,1.0873749,0.18831615149974823,0.5463609099388123,0.23627087473869324
YLR438C-A,YMR311C,0,1.0872335,0.18825146555900574,0.5463609099388123,0.23637090623378754
YLR381W,YJL180C,0,1.0868119,0.18818680942058563,0.5463609099388123,0.23647093772888184
YOR298C-A,YDR516C,0,1.0867136,0.1881222128868103,0.5463609099388123,0.23657096922397614
YNL293W,YDL239C,0,1.0862911,0.18805764615535736,0.5463609099388123,0.23667100071907043
YBR119W,YML074C,0,1.0861892,0.1879931390285492,0.5463609099388123,0.23677103221416473
YMR201C,YLR201C,0,1.0857406,0.1879286766052246,0.5463609099388123,0.23687106370925903
YJL054W,YDR085C,0,1.0853254,0.1878642439842224,0.5463609099388123,0.23697109520435333
YER063W,YER003C,0,1.0851871,0.1877998560667038,0.5463609099388123,0.23707112669944763
YGL053W,YDL058W,0,1.0848653,0.18773552775382996,0.5463609099388123,0.23717115819454193
YDR147W,YBR272C,0,1.084732,0.1876712292432785,0.5463609099388123,0.23727117478847504
YFR014C,YPR178W,0,1.0838633,0.18760699033737183,0.5463609099388123,0.23737120628356934
YBR048W,YDR311W,0,1.0835726,0.18754278123378754,0.5463609099388123,0.23747123777866364
YKL134C,YOR039W,1,1.08299,0.18782073259353638,0.5473579168319702,0.23747123777866364
YOR019W,YCR068W,0,1.0825876,0.1877564936876297,0.5473579168319702,0.23757126927375793
YNL243W,YHL013C,0,1.082152,0.1876923143863678,0.5473579168319702,0.23767130076885223
YBR200W,YNL294C,0,1.0817677,0.18762816488742828,0.5473579168319702,0.23777133226394653
YDR292C,YBR291C,0,1.0816972,0.18756406009197235,0.5473579168319702,0.23787136375904083
YDL226C,YDL184C,0,1.0814841,0.1875,0.5473579168319702,0.23797139525413513
YDL178W,YDL145C,0,1.081421,0.18743598461151123,0.5473579168319702,0.23807142674922943
YOR066W,YKR095W,0,1.0813885,0.18737201392650604,0.5473579168319702,0.23817145824432373
YGL155W,YPL234C,1,1.0812767,0.18764926493167877,0.5483549237251282,0.23817145824432373
YDR231C,YLR438C-A,0,1.0812643,0.1875852644443512,0.5483549237251282,0.23827147483825684
YDR288W,YBR179C,0,1.0811718,0.1875213086605072,0.5483549237251282,0.23837150633335114
YPL135W,YDR492W,1,1.0808301,0.18779823184013367,0.5493519306182861,0.23837150633335114
YOR128C,YHL015W,0,1.0802455,0.18773424625396729,0.5493519306182861,0.23847153782844543
YDR532C,YCL064C,0,1.0801647,0.18767030537128448,0.5493519306182861,0.23857156932353973
YLR090W,YDR501W,0,1.0788159,0.18760639429092407,0.5493519306182861,0.23867160081863403
YKL181W,YGL107C,0,1.0786114,0.18754254281520844,0.5493519306182861,0.23877163231372833
YNL322C,YBL063W,0,1.078401,0.18747873604297638,0.5493519306182861,0.23887166380882263
YDL080C,YCR054C,0,1.0775309,0.1874149590730667,0.5493519306182861,0.23897169530391693
YBR175W,YMR109W,0,1.0775106,0.18735124170780182,0.5493519306182861,0.23907172679901123
YDR158W,YLR126C,0,1.0774733,0.18728755414485931,0.5493519306182861,0.23917175829410553
YOR375C,YDR086C,0,1.077449,0.18722392618656158,0.5493519306182861,0.23927177488803864
YKL125W,YOR120W,0,1.0769026,0.18716032803058624,0.5493519306182861,0.23937180638313293
YAR015W,YOL011W,0,1.0768423,0.18709677457809448,0.5493519306182861,0.23947183787822723
YBR069C,YLR139C,0,1.0758176,0.1870332658290863,0.5493519306182861,0.23957186937332153
YPL032C,YMR036C,0,1.0756023,0.1869698017835617,0.5493519306182861,0.23967190086841583
YLL051C,YHR194W,1,1.07529,0.18724559247493744,0.5503489375114441,0.23967190086841583
YHL025W,YOR244W,0,1.0752529,0.18718209862709045,0.5503489375114441,0.23977193236351013
YOR196C,YLR093C,0,1.0751345,0.18711864948272705,0.5503489375114441,0.23987196385860443
YKL065C,YNL216W,0,1.0750854,0.18705523014068604,0.5503489375114441,0.23997199535369873
YHR202W,YLR393W,0,1.0748329,0.1869918704032898,0.5503489375114441,0.24007202684879303
YLR424W,YAL044C,0,1.0746346,0.18692854046821594,0.5503489375114441,0.24017205834388733
YOR332W,YBR036C,1,1.0746062,0.1872037947177887,0.551345944404602,0.24017205834388733
YGL115W,YER176W,0,1.0745748,0.18714043498039246,0.551345944404602,0.24027207493782043
YDR121W,YKR049C,0,1.0745561,0.187077134847641,0.551345944404602,0.24037210643291473
YGL166W,YCL045C,0,1.0743796,0.18701386451721191,0.551345944404602,0.24047213792800903
YDR492W,YLR205C,1,1.0742879,0.18728870153427124,0.55234295129776,0.24047213792800903
YGR029W,YMR036C,0,1.0734184,0.18722541630268097,0.55234295129776,0.24057216942310333
YFL053W,YDL138W,0,1.0728753,0.18716216087341309,0.55234295129776,0.24067220091819763
YPL161C,YBL101C,0,1.0725628,0.18709895014762878,0.55234295129776,0.24077223241329193
YOL032W,YJL160C,0,1.0720949,0.18703578412532806,0.55234295129776,0.24087226390838623
YGR098C,YHR111W,0,1.0707245,0.18697266280651093,0.55234295129776,0.24097229540348053
YKL152C,YIL049W,0,1.0698287,0.18690958619117737,0.55234295129776,0.24107232689857483
YML104C,YPR063C,0,1.0693269,0.1868465393781662,0.55234295129776,0.24117235839366913
YKL135C,YDR338C,0,1.0691259,0.1867835521697998,0.55234295129776,0.24127237498760223
YDR259C,YNL180C,0,1.0689294,0.1867205947637558,0.55234295129776,0.24137240648269653
YGR224W,YDL223C,0,1.0682476,0.18665768206119537,0.55234295129776,0.24147243797779083
YDR253C,YHR033W,0,1.0673445,0.18659481406211853,0.55234295129776,0.24157246947288513
YPR023C,YPL060W,0,1.0672994,0.18653199076652527,0.55234295129776,0.24167250096797943
YGR262C,YIL027C,0,1.0671005,0.1864691972732544,0.55234295129776,0.24177253246307373
YPL226W,YNL294C,0,1.0670594,0.1864064633846283,0.55234295129776,0.24187256395816803
YER021W,YNR023W,0,1.0650314,0.18634375929832458,0.55234295129776,0.24197259545326233
YMR313C,YCR010C,0,1.0643507,0.18628109991550446,0.55234295129776,0.24207262694835663
YDR231C,YPL249C,0,1.0637467,0.1862184852361679,0.55234295129776,0.24217265844345093
YOR260W,YDL130W-A,0,1.0634022,0.18615591526031494,0.55234295129776,0.24227267503738403
YDR204W,YER110C,0,1.0633597,0.18609338998794556,0.55234295129776,0.24237270653247833
YGR284C,YOR096W,0,1.0629957,0.18603089451789856,0.55234295129776,0.24247273802757263
YER110C,YAL023C,0,1.0629786,0.18596844375133514,0.55234295129776,0.24257276952266693
YNL212W,YOR273C,0,1.0624635,0.1859060376882553,0.55234295129776,0.24267280101776123
YLR045C,YOR322C,0,1.0622611,0.18584367632865906,0.55234295129776,0.24277283251285553
YNL012W,YDR259C,0,1.0604784,0.1857813596725464,0.55234295129776,0.24287286400794983
YMR251W-A,YLR414C,0,1.0603169,0.1857190728187561,0.55234295129776,0.24297289550304413
YHR216W,YJL078C,0,1.060187,0.1856568306684494,0.55234295129776,0.24307292699813843
YEL065W,YEL031W,1,1.0600688,0.18592964112758636,0.553339958190918,0.24307292699813843
YDL127W,YJL054W,0,1.0593631,0.18586738407611847,0.553339958190918,0.24317295849323273
YER033C,YAL062W,0,1.0592353,0.18580515682697296,0.553339958190918,0.24327297508716583
YML009C,YOL120C,0,1.0591915,0.18574297428131104,0.553339958190918,0.24337300658226013
YBR248C,YNL199C,0,1.0588405,0.1856808364391327,0.553339958190918,0.24347303807735443
YCR031C,YMR316W,0,1.0587358,0.18561872839927673,0.553339958190918,0.24357306957244873
YMR262W,YDR283C,0,1.0584253,0.18555666506290436,0.553339958190918,0.24367310106754303
YKR018C,YER048C,0,1.058403,0.18549464643001556,0.553339958190918,0.24377313256263733
YAR014C,YOR328W,0,1.0582178,0.18543267250061035,0.553339958190918,0.24387316405773163
YIR021W,YNL047C,0,1.0577991,0.18537074327468872,0.553339958190918,0.24397319555282593
YJR049C,YHR039C-A,1,1.0575105,0.18564273416996002,0.5543369650840759,0.24397319555282593
YMR125W,YDR276C,0,1.0573719,0.185580775141716,0.5543369650840759,0.24407322704792023
YLR085C,YOR367W,0,1.0565324,0.18551884591579437,0.5543369650840759,0.24417325854301453
YLR126C,YLR220W,1,1.0557116,0.1857905238866806,0.5553339719772339,0.24417325854301453
YDL007W,YDL143W,0,1.0556066,0.18572857975959778,0.5553339719772339,0.24427327513694763
YIL043C,YML014W,0,1.0554833,0.18566666543483734,0.5553339719772339,0.24437330663204193
YDR236C,YKR001C,0,1.055311,0.18560479581356049,0.5553339719772339,0.24447333812713623
YDR481C,YNL024C,0,1.0546685,0.1855429708957672,0.5553339719772339,0.24457336962223053
YMR201C,YDR189W,0,1.0539172,0.18548119068145752,0.5553339719772339,0.24467340111732483
YML024W,YHR117W,0,1.0537289,0.18541944026947021,0.5553339719772339,0.24477343261241913
YOR295W,YMR195W,0,1.0534723,0.1853577345609665,0.5553339719772339,0.24487346410751343
YDR293C,YNR020C,0,1.0533895,0.18529607355594635,0.5553339719772339,0.24497349560260773
YEL002C,YJL045W,0,1.0531322,0.1852344572544098,0.5553339719772339,0.24507352709770203
YOR316C,YMR134W,1,1.0530901,0.18550531566143036,0.5563309788703918,0.24507352709770203
YKL196C,YMR104C,0,1.0526037,0.1854436695575714,0.5563309788703918,0.24517355859279633
YHR140W,YGR241C,0,1.0521711,0.18538205325603485,0.5563309788703918,0.24527357518672943
YNL146W,YGR203W,0,1.0517956,0.18532049655914307,0.5563309788703918,0.24537360668182373
YAL008W,YOL008W,0,1.0512325,0.18525896966457367,0.5563309788703918,0.24547363817691803
YMR133W,YDR320C,0,1.0511895,0.18519747257232666,0.5563309788703918,0.24557366967201233
YNL300W,YIL070C,0,1.0511384,0.18513603508472443,0.5563309788703918,0.24567370116710663
YHL003C,YDR320C,0,1.0510339,0.18507462739944458,0.5563309788703918,0.24577373266220093
YBR132C,YGL127C,0,1.0506089,0.18501326441764832,0.5563309788703918,0.24587376415729523
YOR316C,YKL139W,0,1.0505452,0.18495194613933563,0.5563309788703918,0.24597379565238953
YBR004C,YIL121W,0,1.0500753,0.18489065766334534,0.5563309788703918,0.24607382714748383
YCR023C,YML060W,0,1.0494587,0.18482941389083862,0.5563309788703918,0.24617385864257812
YJR014W,YBR043C,0,1.0491923,0.1847682148218155,0.5563309788703918,0.24627387523651123
YLR100W,YDR294C,0,1.048875,0.18470704555511475,0.5563309788703918,0.24637390673160553
YDR430C,YHR016C,0,1.0480475,0.18464593589305878,0.5563309788703918,0.24647393822669983
YPL212C,YML041C,0,1.0467552,0.1845848560333252,0.5563309788703918,0.24657396972179413
YNL308C,YOR009W,0,1.0466337,0.184523805975914,0.5563309788703918,0.24667400121688843
YBR169C,YDR441C,0,1.0456079,0.18446281552314758,0.5563309788703918,0.24677403271198273
YLR460C,YDL153C,0,1.0455773,0.18440185487270355,0.5563309788703918,0.24687406420707703
YGL232W,YHR104W,0,1.0445169,0.1843409389257431,0.5563309788703918,0.24697409570217133
YKR095W,YDR073W,0,1.0442846,0.18428005278110504,0.5563309788703918,0.24707412719726562
YDR359C,YPL140C,0,1.0441431,0.18421921133995056,0.5563309788703918,0.24717415869235992
YJR077C,YPL270W,0,1.0435824,0.18415841460227966,0.5563309788703918,0.24727417528629303
YCL035C,YLR399C,0,1.0435352,0.18409766256809235,0.5563309788703918,0.24737420678138733
YLR336C,YOR356W,0,1.043395,0.18403694033622742,0.5563309788703918,0.24747423827648163
YNR037C,YFL034C-B,0,1.0421101,0.18397626280784607,0.5563309788703918,0.24757426977157593
YIR004W,YIL120W,0,1.0416353,0.1839156299829483,0.5563309788703918,0.24767430126667023
YPL177C,YPL174C,0,1.0411775,0.18385502696037292,0.5563309788703918,0.24777433276176453
YGR157W,YHR123W,0,1.0407895,0.18379446864128113,0.5563309788703918,0.24787436425685883
YJR040W,YMR243C,1,1.040747,0.18406322598457336,0.5573280453681946,0.24787436425685883
YML124C,YHR090C,0,1.0404415,0.18400263786315918,0.5573280453681946,0.24797439575195312
YMR275C,YLL053C,0,1.0402755,0.18394207954406738,0.5573280453681946,0.24807442724704742
YGL027C,YCL011C,0,1.039933,0.18388158082962036,0.5573280453681946,0.24817445874214172
YDR363W-A,YOR195W,0,1.0392933,0.18382111191749573,0.5573280453681946,0.24827447533607483
YAL053W,YOR256C,0,1.0390472,0.18376068770885468,0.5573280453681946,0.24837450683116913
YLR333C,YOR174W,0,1.0389926,0.183700293302536,0.5573280453681946,0.24847453832626343
YBR245C,YKR009C,0,1.0386817,0.18363994359970093,0.5573280453681946,0.24857456982135773
YLR044C,YMR134W,0,1.0382216,0.18357963860034943,0.5573280453681946,0.24867460131645203
YDR334W,YMR060C,0,1.0382016,0.1835193634033203,0.5573280453681946,0.24877463281154633
YKL065C,YDR384C,0,1.037962,0.18345913290977478,0.5573280453681946,0.24887466430664062
YIL093C,YLR037C,0,1.037925,0.18339894711971283,0.5573280453681946,0.24897469580173492
YML124C,YJL115W,0,1.0377551,0.18333880603313446,0.5573280453681946,0.24907472729682922
YGR266W,YGR063C,0,1.0376234,0.18327869474887848,0.5573280453681946,0.24917475879192352
YNL037C,YIL070C,0,1.0368202,0.18321861326694489,0.5573280453681946,0.24927477538585663
YGR058W,YHR210C,0,1.0366311,0.18315859138965607,0.5573280453681946,0.24937480688095093
YPL049C,YDL080C,0,1.0364745,0.18309858441352844,0.5573280453681946,0.24947483837604523
YJR045C,YKL004W,0,1.0364349,0.1830386370420456,0.5573280453681946,0.24957486987113953
YJR015W,YGR184C,0,1.0361614,0.18297871947288513,0.5573280453681946,0.24967490136623383
YPL095C,YJL219W,0,1.0358738,0.18291884660720825,0.5573280453681946,0.24977493286132812
YHR111W,YGL107C,0,1.0357482,0.18285901844501495,0.5573280453681946,0.24987496435642242
YLR133W,YLR439W,0,1.0352807,0.18279922008514404,0.5573280453681946,0.24997499585151672
YNL137C,YMR170C,0,1.0345395,0.18273945152759552,0.5573280453681946,0.25007501244544983
YGL019W,YLR126C,1,1.0345124,0.18300653994083405,0.5583250522613525,0.25007501244544983
YGR125W,YBR160W,0,1.0343966,0.18294675648212433,0.5583250522613525,0.2501750588417053
YOR249C,YJL184W,0,1.0342938,0.182887002825737,0.5583250522613525,0.2502750754356384
YIL052C,YOL059W,0,1.0341856,0.18282729387283325,0.5583250522613525,0.2503751218318939
YKR022C,YGL133W,0,1.0340875,0.18276762962341309,0.5583250522613525,0.250475138425827
YDR253C,YER142C,0,1.0339904,0.1827079951763153,0.5583250522613525,0.2505751848220825
YNL270C,YER141W,0,1.0339466,0.1826484054327011,0.5583250522613525,0.2506752014160156
YJR155W,YGR058W,0,1.0333439,0.1825888454914093,0.5583250522613525,0.25077521800994873
YDL056W,YIL041W,0,1.0329047,0.18252933025360107,0.5583250522613525,0.2508752644062042
YBR221C,YDR320C,0,1.0326974,0.18246985971927643,0.5583250522613525,0.25097528100013733
YDL184C,YLR093C,0,1.0316188,0.18241041898727417,0.5583250522613525,0.2510753273963928
YHR141C,YOR156C,0,1.0312101,0.1823510229587555,0.5583250522613525,0.2511753439903259
YHR200W,YDR221W,0,1.0306745,0.1822916716337204,0.5583250522613525,0.2512753903865814
YMR054W,YDR205W,1,1.0301425,0.18255776166915894,0.5593220591545105,0.2512753903865814
YDR427W,YDR309C,0,1.0299808,0.18249838054180145,0.5593220591545105,0.2513754069805145
YDR513W,YDR033W,0,1.0298797,0.18243902921676636,0.5593220591545105,0.25147545337677
YML078W,YBL040C,0,1.0298141,0.18237970769405365,0.5593220591545105,0.2515754699707031
YKR061W,YGR183C,0,1.0292681,0.18232044577598572,0.5593220591545105,0.2516755163669586
YDL198C,YDR376W,1,1.0290948,0.18258608877658844,0.5603190660476685,0.2516755163669586
YOR079C,YML006C,1,1.0290812,0.18285156786441803,0.5613160729408264,0.2516755163669586
YGR038W,YLR121C,0,1.0289655,0.18279220163822174,0.5613160729408264,0.2517755329608917
YOL067C,YIL168W,0,1.0287359,0.18273288011550903,0.5613160729408264,0.25187554955482483
YKL157W,YPL057C,0,1.0281382,0.1826735883951187,0.5613160729408264,0.2519755959510803
YGL039W,YOR367W,0,1.0280814,0.18261434137821198,0.5613160729408264,0.2520756125450134
YOR201C,YDR216W,0,1.027702,0.18255512416362762,0.5613160729408264,0.2521756589412689
YPR005C,YBR018C,0,1.0275612,0.18249595165252686,0.5613160729408264,0.252275675535202
YLR256W,YJR076C,0,1.0275431,0.18243680894374847,0.5613160729408264,0.2523757219314575
YDL093W,YKL077W,0,1.0266515,0.18237771093845367,0.5613160729408264,0.2524757385253906
YKL216W,YJL062W,0,1.026624,0.18231865763664246,0.5613160729408264,0.2525757849216461
YDL207W,YCL051W,0,1.0265894,0.18225963413715363,0.5613160729408264,0.2526758015155792
YKR009C,YMR275C,0,1.0259433,0.18220064043998718,0.5613160729408264,0.25277581810951233
YKL056C,YCL064C,0,1.0258712,0.18214170634746552,0.5613160729408264,0.2528758645057678
YPR016C,YKR085C,0,1.0252751,0.18208278715610504,0.5613160729408264,0.2529758810997009
YJR033C,YJL129C,1,1.0250944,0.18234723806381226,0.5623130798339844,0.2529758810997009
YOR288C,YOR221C,0,1.0246418,0.1822883039712906,0.5623130798339844,0.2530759274959564
YPL016W,YDL212W,0,1.0242994,0.1822293996810913,0.5623130798339844,0.2531759440898895
YFL002C,YHR037W,0,1.0242119,0.1821705400943756,0.5623130798339844,0.253275990486145
YKR098C,YGR202C,0,1.0238708,0.1821117252111435,0.5623130798339844,0.2533760070800781
YJL013C,YOR156C,0,1.0237591,0.18205294013023376,0.5623130798339844,0.2534760534763336
YER155C,YDL168W,0,1.0231023,0.18199418485164642,0.5623130798339844,0.2535760700702667
YJR145C,YML120C,0,1.0230812,0.18193548917770386,0.5623130798339844,0.2536761164665222
YGL059W,YIL157C,0,1.0230386,0.18187680840492249,0.5623130798339844,0.2537761330604553
YGL059W,YER149C,0,1.0230098,0.1818181872367859,0.5623130798339844,0.2538761496543884
YMR004W,YKL164C,0,1.0227067,0.18175958096981049,0.5623130798339844,0.2539761960506439
YMR177W,YDR202C,1,1.0225167,0.18202319741249084,0.5633100867271423,0.2539761960506439
YKL091C,YMR260C,0,1.0224606,0.18196457624435425,0.5633100867271423,0.254076212644577
YBL056W,YBR167C,0,1.0223446,0.18190598487854004,0.5633100867271423,0.2541762590408325
YPR155C,YBR296C,0,1.0223082,0.1818474382162094,0.5633100867271423,0.2542762756347656
YIL034C,YOR172W,0,1.022255,0.18178893625736237,0.5633100867271423,0.2543763220310211
YBL057C,YGL178W,0,1.0219759,0.1817304641008377,0.5633100867271423,0.2544763386249542
YLR432W,YGL160W,0,1.0219502,0.18167202174663544,0.5633100867271423,0.2545763850212097
YER143W,YEL009C,0,1.0212975,0.18161362409591675,0.5633100867271423,0.2546764016151428
YLR367W,YBR068C,0,1.020938,0.18155527114868164,0.5633100867271423,0.2547764182090759
YLR347C,YOL154W,0,1.0209055,0.18149694800376892,0.5633100867271423,0.2548764646053314
YHR108W,YLR263W,0,1.0208569,0.18143866956233978,0.5633100867271423,0.2549764811992645
YJL036W,YLR120C,0,1.0204058,0.18138042092323303,0.5633100867271423,0.25507652759552
YER044C,YBR045C,0,1.0201607,0.18132220208644867,0.5633100867271423,0.2551765441894531
YDR329C,YDL155W,0,1.0197631,0.18126404285430908,0.5633100867271423,0.2552765905857086
YOL095C,YIL034C,0,1.0193956,0.1812058985233307,0.5633100867271423,0.2553766071796417
YNR046W,YDR135C,0,1.019269,0.18114779889583588,0.5633100867271423,0.2554766535758972
YHR185C,YHR210C,0,1.0190431,0.18108974397182465,0.5633100867271423,0.2555766701698303
YOR332W,YDL185W,1,1.0190321,0.18135212361812592,0.5643070936203003,0.2555766701698303
YDR342C,YLR001C,0,1.0187752,0.1812940388917923,0.5643070936203003,0.2556767165660858
YNL280C,YNL088W,0,1.0181923,0.18123598396778107,0.5643070936203003,0.2557767331600189
YLR361C,YGL156W,0,1.0181553,0.18117797374725342,0.5643070936203003,0.255876749753952
YNL259C,YBR037C,1,1.0173903,0.18143999576568604,0.5653041005134583,0.255876749753952
YDR513W,YDR469W,0,1.0173457,0.181381955742836,0.5653041005134583,0.2559767961502075
YHR091C,YPL010W,0,1.016283,0.18132394552230835,0.5653041005134583,0.2560768127441406
YGR106C,YOR197W,0,1.0161864,0.18126598000526428,0.5653041005134583,0.2561768591403961
YLR044C,YGL092W,0,1.0160818,0.1812080591917038,0.5653041005134583,0.2562768757343292
YIR012W,YOR266W,0,1.0157775,0.1811501532793045,0.5653041005134583,0.2563769221305847
YML061C,YAL020C,0,1.0156205,0.18109230697155,0.5653041005134583,0.2564769387245178
YPL123C,YBR283C,0,1.0156198,0.18103447556495667,0.5653041005134583,0.2565769851207733
YIR036C,YKR086W,0,1.0154836,0.18097670376300812,0.5653041005134583,0.2566770017147064
YGR138C,YDL213C,0,1.0153089,0.18091894686222076,0.5653041005134583,0.2567770183086395
YPL262W,YDR270W,0,1.0152364,0.18086124956607819,0.5653041005134583,0.256877064704895
YNL214W,YBR215W,0,1.0151367,0.1808035671710968,0.5653041005134583,0.2569770812988281
YLR109W,YKL195W,0,1.0146378,0.180745929479599,0.5653041005134583,0.2570771276950836
YDR427W,YER089C,0,1.0142118,0.18068833649158478,0.5653041005134583,0.2571771442890167
YPR028W,YMR127C,0,1.0141217,0.18063077330589294,0.5653041005134583,0.2572771906852722
YGL079W,YHR108W,0,1.0138073,0.1805732548236847,0.5653041005134583,0.2573772072792053
YAR066W,YBL067C,0,1.013775,0.18051576614379883,0.5653041005134583,0.2574772536754608
YER166W,YML023C,0,1.0132985,0.18045830726623535,0.5653041005134583,0.2575772702693939
YJR016C,YJL110C,0,1.0126368,0.18040089309215546,0.5653041005134583,0.2576773166656494
YDR368W,YCR054C,0,1.0125027,0.18034350872039795,0.5653041005134583,0.2577773332595825
YLR369W,YLR220W,1,1.0123162,0.18060413002967834,0.5663011074066162,0.2577773332595825
YBL102W,YOL065C,0,1.011825,0.18054673075675964,0.5663011074066162,0.2578773498535156
YLR035C,YJL012C,0,1.011761,0.18048936128616333,0.5663011074066162,0.2579773962497711
YDR247W,YLR134W,0,1.0115256,0.1804320216178894,0.5663011074066162,0.2580774128437042
YCR037C,YHL019C,0,1.0109613,0.18037472665309906,0.5663011074066162,0.2581774592399597
YDR031W,YHR032W,0,1.0109113,0.1803174614906311,0.5663011074066162,0.2582774758338928
YML015C,YBL020W,0,1.010858,0.18026024103164673,0.5663011074066162,0.2583775222301483
YLR192C,YPL095C,0,1.0107386,0.18020305037498474,0.5663011074066162,0.2584775388240814
YPL115C,YCL001W,0,1.0106678,0.18014588952064514,0.5663011074066162,0.2585775852203369
YGR188C,YOR028C,0,1.0105802,0.18008877336978912,0.5663011074066162,0.25867760181427
YBR210W,YKL084W,0,1.0103515,0.1800317019224167,0.5663011074066162,0.2587776184082031
YBL016W,YEL015W,0,1.0103127,0.17997464537620544,0.5663011074066162,0.2588776648044586
YLR426W,YPL033C,0,1.0102766,0.17991764843463898,0.5663011074066162,0.2589776813983917
YBR028C,YAL047C,0,1.010211,0.1798606663942337,0.5663011074066162,0.2590777277946472
YGL153W,YDL110C,0,1.0101569,0.179803729057312,0.5663011074066162,0.2591777443885803
YCR027C,YGR260W,0,1.0098004,0.1797468364238739,0.5663011074066162,0.2592777907848358
YHR005C,YOR321W,0,1.0096359,0.17968997359275818,0.5663011074066162,0.2593778073787689
YEL055C,YML025C,0,1.0089128,0.17963314056396484,0.5663011074066162,0.2594778537750244
YHL003C,YJR088C,0,1.0086923,0.1795763522386551,0.5663011074066162,0.2595778703689575
YBR089C-A,YBR122C,0,1.0083697,0.17951959371566772,0.5663011074066162,0.259677916765213
YBL016W,YLR117C,0,1.0070653,0.17946287989616394,0.5663011074066162,0.2597779333591461
YER118C,YML081C-A,0,1.006907,0.17940619587898254,0.5663011074066162,0.2598779499530792
YBL007C,YMR221C,0,1.0065225,0.17934954166412354,0.5663011074066162,0.2599779963493347
YMR167W,YLR138W,0,1.006347,0.1792929321527481,0.5663011074066162,0.2600780129432678
YOL049W,YLR075W,0,1.0062472,0.17923635244369507,0.5663011074066162,0.2601780593395233
YHR076W,YBR293W,0,1.0056723,0.1791798174381256,0.5663011074066162,0.2602780759334564
YDR289C,YGR181W,0,1.0054928,0.17912331223487854,0.5663011074066162,0.2603781223297119
YGR262C,YGL227W,0,1.0048445,0.17906683683395386,0.5663011074066162,0.260478138923645
YHR133C,YCR089W,0,1.0047374,0.17901040613651276,0.5663011074066162,0.2605781853199005
YNR033W,YBR109C,0,1.0045753,0.17895400524139404,0.5663011074066162,0.2606782019138336
YJL035C,YOR175C,0,1.0041802,0.17889763414859772,0.5663011074066162,0.2607782483100891
YLL031C,YCR054C,0,1.0041747,0.17884130775928497,0.5663011074066162,0.2608782649040222
YNL087W,YGR189C,0,1.0038528,0.17878501117229462,0.5663011074066162,0.2609782814979553
YFL003C,YAL059W,0,1.0037476,0.17872875928878784,0.5663011074066162,0.2610783278942108
YJL013C,YDL108W,0,1.0037053,0.17867253720760345,0.5663011074066162,0.2611783444881439
YHR026W,YER174C,1,1.0035985,0.17893081903457642,0.5672981142997742,0.2611783444881439
YOR267C,YDR202C,1,1.0026174,0.17918893694877625,0.5682951211929321,0.2611783444881439
YKL209C,YKL002W,0,1.001824,0.1791326254606247,0.5682951211929321,0.2612783908843994
YBR130C,YCL017C,0,1.0018013,0.17907634377479553,0.5682951211929321,0.2613784074783325
YBR034C,YDL076C,0,1.0017083,0.17902010679244995,0.5682951211929321,0.261478453874588
YLR126C,YFR055W,1,1.001576,0.17927786707878113,0.5692921280860901,0.261478453874588
YGR057C,YIL031W,0,1.0010114,0.17922160029411316,0.5692921280860901,0.2615784704685211
YJL090C,YNL252C,0,1.0009503,0.17916536331176758,0.5692921280860901,0.2616785168647766
YPL120W,YFL039C,0,1.0008876,0.17910915613174438,0.5692921280860901,0.2617785334587097
YER119C,YML126C,0,1.0006247,0.17905299365520477,0.5692921280860901,0.2618785500526428
YDR386W,YKL216W,0,1.000456,0.17899686098098755,0.5692921280860901,0.2619785964488983
YOL023W,YFL009W,0,1.0002313,0.1789407730102539,0.5692921280860901,0.2620786130428314
YOR172W,YML130C,0,0.9996307,0.17888471484184265,0.5692921280860901,0.2621786594390869
YHR045W,YBR033W,0,0.99961996,0.17882868647575378,0.5692921280860901,0.26227867603302
YGL031C,YGL153W,0,0.9992533,0.1787727028131485,0.5692921280860901,0.2623787224292755
YMR192W,YGR295C,0,0.99886,0.1787167489528656,0.5692921280860901,0.2624787390232086
YDL046W,YLR229C,0,0.9986644,0.1786608248949051,0.5692921280860901,0.2625787854194641
YGL053W,YPR098C,0,0.9986546,0.17860494554042816,0.5692921280860901,0.2626788020133972
YPL115C,YMR091C,0,0.9984611,0.17854909598827362,0.5692921280860901,0.2627788484096527
YKR088C,YOR037W,0,0.9979886,0.17849327623844147,0.5692921280860901,0.2628788650035858
YPR192W,YNL130C,0,0.9975047,0.1784375011920929,0.5692921280860901,0.2629788815975189
YDR443C,YDR488C,0,0.99726474,0.1783817559480667,0.5692921280860901,0.2630789279937744
YLR178C,YML023C,0,0.997074,0.17832604050636292,0.5692921280860901,0.2631789445877075
YLR333C,YGR142W,0,0.9966978,0.1782703697681427,0.5692921280860901,0.263278990983963
YHR167W,YER166W,0,0.99588645,0.17821472883224487,0.5692921280860901,0.2633790075778961
YGL243W,YJL165C,0,0.9958724,0.17815913259983063,0.5692921280860901,0.2634790539741516
YMR024W,YOR155C,0,0.9956299,0.17810355126857758,0.5692921280860901,0.2635790705680847
YMR134W,YDR182W,1,0.99539196,0.17835983633995056,0.570289134979248,0.2635790705680847
YBL072C,YCR028C-A,0,0.9951844,0.17830424010753632,0.570289134979248,0.2636791169643402
YOL056W,YDR115W,0,0.99443495,0.17824867367744446,0.570289134979248,0.2637791335582733
YJL097W,YDR069C,0,0.9936372,0.17819315195083618,0.570289134979248,0.2638791501522064
YGL245W,YDR322W,0,0.99342704,0.1781376451253891,0.570289134979248,0.2639791965484619
YNL310C,YPR021C,0,0.99282503,0.1780821979045868,0.570289134979248,0.264079213142395
YPL101W,YCL044C,0,0.9926598,0.17802676558494568,0.570289134979248,0.2641792595386505
YBR205W,YPL144W,0,0.99143827,0.17797137796878815,0.570289134979248,0.2642792761325836
YPR185W,YNL300W,0,0.9913269,0.177916020154953,0.570289134979248,0.2643793225288391
YLR347C,YNL315C,0,0.9911996,0.17786069214344025,0.570289134979248,0.2644793391227722
YDR198C,YBR268W,0,0.9908457,0.17780540883541107,0.570289134979248,0.2645793855190277
YER109C,YAL008W,0,0.9908416,0.17775015532970428,0.570289134979248,0.2646794021129608
YDR189W,YML026C,0,0.99067545,0.17769493162631989,0.570289134979248,0.2647794485092163
YOR211C,YDL104C,0,0.99066556,0.17763975262641907,0.570289134979248,0.2648794651031494
YDR113C,YMR017W,0,0.9902735,0.17758460342884064,0.570289134979248,0.2649794816970825
YOR069W,YBR149W,0,0.9901966,0.1775294840335846,0.570289134979248,0.265079528093338
YIR021W,YGL085W,0,0.9901209,0.17747440934181213,0.570289134979248,0.2651795446872711
YBR106W,YPL141C,0,0.98937607,0.17741934955120087,0.570289134979248,0.2652795910835266
YDL004W,YOL039W,0,0.9890852,0.17736433446407318,0.570289134979248,0.2653796076774597
YKL040C,YGR029W,1,0.98873854,0.1776193380355835,0.571286141872406,0.2653796076774597
YHR007C,YPL072W,0,0.9883392,0.17756430804729462,0.571286141872406,0.2654796540737152
YCL068C,YBL087C,0,0.98829055,0.17750929296016693,0.571286141872406,0.2655796706676483
YOR236W,YAL055W,0,0.9880903,0.17745432257652283,0.571286141872406,0.2656797170639038
YDR177W,YDR111C,0,0.98762834,0.1773993819952011,0.571286141872406,0.2657797336578369
YDR236C,YLR370C,0,0.9873297,0.17734447121620178,0.571286141872406,0.26587975025177
YMR214W,YAL009W,0,0.9868692,0.17728960514068604,0.571286141872406,0.2659797966480255
YPR185W,YER040W,0,0.9862728,0.17723476886749268,0.571286141872406,0.2660798132419586
YGR189C,YKR067W,0,0.9862366,0.1771799623966217,0.571286141872406,0.2661798596382141
YGR046W,YCL051W,0,0.9860196,0.17712520062923431,0.571286141872406,0.2662798762321472
YKL040C,YJR049C,1,0.98599637,0.17737947404384613,0.572283148765564,0.2662798762321472
YBR109C,YOL147C,0,0.9855653,0.17732468247413635,0.572283148765564,0.2663799226284027
YDR045C,YER183C,0,0.9855623,0.17726992070674896,0.572283148765564,0.2664799392223358
YFR030W,YOR357C,0,0.9855356,0.17721518874168396,0.572283148765564,0.2665799856185913
YDR408C,YBR272C,0,0.9854963,0.17716048657894135,0.572283148765564,0.2666800022125244
YIL124W,YPR005C,0,0.9854567,0.1771058291196823,0.572283148765564,0.2667800486087799
YLR138W,YDR205W,1,0.98533654,0.1773596554994583,0.5732801556587219,0.2667800486087799
YJR040W,YHR039C-A,1,0.98498344,0.17761331796646118,0.5742771625518799,0.2667800486087799
YBL103C,YOR182C,0,0.98491347,0.17755857110023499,0.5742771625518799,0.266880065202713
YBL050W,YHL018W,0,0.98450005,0.17750385403633118,0.5742771625518799,0.2669800817966461
YOL060C,YBR127C,1,0.98407304,0.17775723338127136,0.5752741694450378,0.2669800817966461
YLR315W,YJR060W,0,0.9839183,0.17770250141620636,0.5752741694450378,0.2670801281929016
YDR156W,YPL026C,0,0.98372376,0.17764778435230255,0.5752741694450378,0.2671801447868347
YOR374W,YPL058C,0,0.9834316,0.17759311199188232,0.5752741694450378,0.2672801911830902
YDL165W,YDR487C,0,0.9832635,0.1775384545326233,0.5752741694450378,0.2673802077770233
YLR438C-A,YKL025C,0,0.98301375,0.17748385667800903,0.5752741694450378,0.2674802541732788
YLR011W,YDL079C,0,0.9825852,0.17742927372455597,0.5752741694450378,0.2675802707672119
YGR065C,YPL055C,0,0.9822545,0.1773747354745865,0.5752741694450378,0.2676803171634674
YNL259C,YHR026W,1,0.9821011,0.1776275336742401,0.5762711763381958,0.2676803171634674
YDR204W,YJR042W,0,0.9820695,0.17757296562194824,0.5762711763381958,0.2677803337574005
YMR177W,YDR515W,1,0.9819397,0.17782555520534515,0.5772681832313538,0.2677803337574005
YHR152W,YLR340W,0,0.98183954,0.1777709573507309,0.5772681832313538,0.2678803503513336
YGR017W,YDR004W,0,0.9810593,0.17771638929843903,0.5772681832313538,0.2679803967475891
YPL202C,YCR008W,1,0.9805505,0.17796869575977325,0.5782651901245117,0.2679803967475891
YAL005C,YBR215W,0,0.9804268,0.1779141128063202,0.5782651901245117,0.2680804133415222
YBR298C,YAL023C,0,0.9791961,0.17785955965518951,0.5782651901245117,0.2681804597377777
YOR095C,YGL184C,0,0.97850156,0.17780502140522003,0.5782651901245117,0.2682804763317108
YLR038C,YBL006C,0,0.97827244,0.17775054275989532,0.5782651901245117,0.2683805227279663
YLR034C,YJL056C,1,0.978197,0.17800244688987732,0.5792621970176697,0.2683805227279663
YBR123C,YGR211W,0,0.9780681,0.17794793844223022,0.5792621970176697,0.2684805393218994
YAL053W,YIL041W,0,0.9779109,0.17789344489574432,0.5792621970176697,0.2685805857181549
YDR039C,YPL221W,0,0.97725415,0.177838996052742,0.5792621970176697,0.268680602312088
YBR121C,YBR241C,0,0.97625434,0.17778457701206207,0.5792621970176697,0.2687806487083435
YML057W,YLR369W,1,0.97572756,0.17803609371185303,0.5802592039108276,0.2687806487083435
YHL011C,YJR076C,0,0.97485554,0.1779816448688507,0.5802592039108276,0.2688806653022766
YPL059W,YDR058C,0,0.9747759,0.17792724072933197,0.5802592039108276,0.2689806818962097
YOR147W,YKL175W,1,0.9741976,0.17817848920822144,0.5812562108039856,0.2689806818962097
YLR242C,YOR037W,0,0.9739404,0.17812404036521912,0.5812562108039856,0.2690807282924652
YGL250W,YPL072W,0,0.97387743,0.17806963622570038,0.5812562108039856,0.2691807448863983
YGL121C,YJR066W,0,0.9736327,0.17801526188850403,0.5812562108039856,0.2692807912826538
YDR350C,YDR287W,0,0.97306275,0.17796093225479126,0.5812562108039856,0.2693808078765869
YGL208W,YDR253C,0,0.9729552,0.17790661752223969,0.5812562108039856,0.2694808542728424
YBR162C,YLR139C,0,0.9727707,0.1778523474931717,0.5812562108039856,0.2695808708667755
YEL065W,YOL116W,0,0.9724295,0.1777981072664261,0.5812562108039856,0.269680917263031
YLR258W,YCL020W,0,0.9724144,0.17774389684200287,0.5812562108039856,0.2697809338569641
YMR052W,YBR241C,0,0.97229654,0.17768973112106323,0.5812562108039856,0.2698809504508972
YMR004W,YOL060C,0,0.97219956,0.17763559520244598,0.5812562108039856,0.2699809968471527
YLR433C,YDR151C,1,0.97218597,0.17788608372211456,0.5822532176971436,0.2699809968471527
YOL030W,YDR466W,0,0.9721842,0.17783191800117493,0.5822532176971436,0.2700810134410858
YCR020W-B,YHR067W,0,0.97167796,0.17777778208255768,0.5822532176971436,0.2701810598373413
YEL024W,YMR098C,0,0.97163886,0.17772367596626282,0.5822532176971436,0.2702810764312744
YHR039C-A,YDR182W,1,0.9714406,0.17797383666038513,0.5832502245903015,0.2702810764312744
YML088W,YDR127W,0,0.97099876,0.17791970074176788,0.5832502245903015,0.2703811228275299
YLR166C,YOL029C,0,0.97037995,0.17786560952663422,0.5832502245903015,0.270481139421463
YER155C,YPL225W,0,0.9695673,0.17781154811382294,0.5832502245903015,0.2705811858177185
YDR468C,YMR002W,0,0.9688099,0.17775751650333405,0.5832502245903015,0.2706812024116516
YNL037C,YBL039C,0,0.968705,0.17770352959632874,0.5832502245903015,0.2707812488079071
YGL073W,YER167W,0,0.96865976,0.17764955759048462,0.5832502245903015,0.2708812654018402
YJL028W,YOR174W,0,0.9686406,0.17759563028812408,0.5832502245903015,0.2709812819957733
YDR534C,YMR318C,0,0.96777344,0.17754173278808594,0.5832502245903015,0.2710813283920288
YDL128W,YLR047C,1,0.96747506,0.1777912676334381,0.5842472314834595,0.2710813283920288
YML016C,YGR074W,0,0.9673795,0.17773734033107758,0.5842472314834595,0.2711813449859619
YBR248C,YMR158W,0,0.9670036,0.17768344283103943,0.5842472314834595,0.2712813913822174
YBR175W,YOR245C,0,0.9664403,0.17762959003448486,0.5842472314834595,0.2713814079761505
YOR153W,YCL057C-A,0,0.9659894,0.1775757521390915,0.5842472314834595,0.271481454372406
YDR005C,YKR061W,0,0.96532613,0.1775219589471817,0.5842472314834595,0.2715814709663391
YHR080C,YDR206W,0,0.9652641,0.1774681955575943,0.5842472314834595,0.2716815173625946
YOR293W,YMR281W,0,0.96393764,0.17741447687149048,0.5842472314834595,0.2717815339565277
YGR211W,YLR045C,0,0.96383536,0.17736077308654785,0.5842472314834595,0.2718815505504608
YOL097C,YOR174W,0,0.9636349,0.1773071140050888,0.5842472314834595,0.2719815969467163
YBR127C,YBR295W,1,0.9636142,0.17755596339702606,0.5852442383766174,0.2719815969467163
YER094C,YGR217W,0,0.96357447,0.17750227451324463,0.5852442383766174,0.2720816135406494
YBR244W,YKL060C,0,0.96340215,0.17744861543178558,0.5852442383766174,0.2721816599369049
YNL156C,YJL184W,0,0.96316636,0.17739498615264893,0.5852442383766174,0.272281676530838
YGL013C,YJL048C,0,0.96287113,0.17734138667583466,0.5852442383766174,0.2723817229270935
YIL067C,YDR347W,0,0.962293,0.17728783190250397,0.5852442383766174,0.2724817395210266
YBR164C,YDL189W,0,0.9622036,0.17723430693149567,0.5852442383766174,0.2725817859172821
YIL004C,YHR140W,0,0.9619174,0.17718079686164856,0.5852442383766174,0.2726818025112152
YKL069W,YDR533C,0,0.9613528,0.17712733149528503,0.5852442383766174,0.2727818489074707
YFR030W,YNL037C,0,0.9612665,0.1770739108324051,0.5852442383766174,0.2728818655014038
YER184C,YOR001W,0,0.96096444,0.17702050507068634,0.5852442383766174,0.2729818820953369
YPR131C,YIL070C,0,0.960876,0.17696714401245117,0.5852442383766174,0.2730819284915924
YIR021W,YLR266C,0,0.9608743,0.1769137978553772,0.5852442383766174,0.2731819450855255
YLR038C,YOR171C,0,0.96059084,0.1768604964017868,0.5852442383766174,0.273281991481781
YDR178W,YLR144C,0,0.960485,0.1768072247505188,0.5852442383766174,0.2733820080757141
YPL100W,YGL178W,0,0.96025085,0.17675398290157318,0.5852442383766174,0.2734820544719696
YAR003W,YMR030W,0,0.95980555,0.17670078575611115,0.5852442383766174,0.2735820710659027
YNL003C,YNL218W,0,0.9591168,0.1766476035118103,0.5852442383766174,0.2736821174621582
YOR044W,YLR324W,0,0.9589101,0.17659446597099304,0.5852442383766174,0.2737821340560913
YOR087W,YDR330W,0,0.9583566,0.17654135823249817,0.5852442383766174,0.2738821506500244
YBR244W,YMR260C,0,0.95776635,0.17648828029632568,0.5852442383766174,0.2739821970462799
YKR094C,YBR146W,0,0.95767725,0.17643523216247559,0.5852442383766174,0.274082213640213
YGR029W,YJR075W,0,0.9575899,0.17638221383094788,0.5852442383766174,0.2741822600364685
YDR334W,YJR150C,0,0.957428,0.17632922530174255,0.5852442383766174,0.2742822766304016
YHL040C,YGR279C,0,0.956591,0.1762762814760208,0.5852442383766174,0.2743823230266571
YDL010W,YLR070C,0,0.95644027,0.17622335255146027,0.5852442383766174,0.2744823396205902
YIL117C,YAR033W,0,0.956105,0.1761704683303833,0.5852442383766174,0.2745823860168457
YLR249W,YOR156C,0,0.95562506,0.17611761391162872,0.5852442383766174,0.2746824026107788
YGR132C,YJR104C,0,0.95562214,0.17606478929519653,0.5852442383766174,0.2747824490070343
YLR100W,YDR165W,0,0.9555534,0.17601199448108673,0.5852442383766174,0.2748824656009674
YJL035C,YGR140W,0,0.9553348,0.17595922946929932,0.5852442383766174,0.2749824821949005
YER095W,YCR054C,0,0.95508915,0.17590650916099548,0.5852442383766174,0.275082528591156
YEL047C,YLR298C,0,0.9548385,0.17585380375385284,0.5852442383766174,0.2751825451850891
YNL265C,YMR063W,0,0.95466316,0.1758011430501938,0.5852442383766174,0.2752825915813446
YIL009W,YJR015W,0,0.9544119,0.17574849724769592,0.5852442383766174,0.2753826081752777
YIL155C,YGR206W,0,0.9536307,0.17569589614868164,0.5852442383766174,0.2754826545715332
YDR151C,YCL017C,1,0.9526127,0.1759425550699234,0.5862413048744202,0.2754826545715332
YPR082C,YDL185W,0,0.9517747,0.17588992416858673,0.5862413048744202,0.2755826711654663
YLR154C,YNL036W,0,0.9498877,0.17583732306957245,0.5862413048744202,0.2756827175617218
YER095W,YER096W,0,0.9496473,0.17578475177288055,0.5862413048744202,0.2757827341556549
YOR167C,YGL047W,0,0.94949234,0.17573221027851105,0.5862413048744202,0.275882750749588
YOL071W,YIR006C,0,0.9491338,0.17567971348762512,0.5862413048744202,0.2759827971458435
YOR316C,YHL047C,1,0.9491264,0.17592592537403107,0.5872383117675781,0.2759827971458435
YDL128W,YJL129C,1,0.94865257,0.17617198824882507,0.5882353186607361,0.2759827971458435
YDR231C,YGR001C,0,0.948463,0.17611940205097198,0.5882353186607361,0.2760828137397766
YDR202C,YGR020C,1,0.948009,0.17636527121067047,0.589232325553894,0.2760828137397766
YKL056C,YKL163W,0,0.94788647,0.176312655210495,0.589232325553894,0.2761828601360321
YCL029C,YMR163C,0,0.94718695,0.1762600690126419,0.589232325553894,0.2762828767299652
YEL027W,YMR243C,1,0.94677687,0.1765056699514389,0.590229332447052,0.2762828767299652
YLR138W,YJR104C,1,0.9467196,0.17675112187862396,0.59122633934021,0.2762828767299652
YML118W,YPL046C,0,0.94659424,0.1766984462738037,0.59122633934021,0.2763829231262207
YLR220W,YDR182W,1,0.9465649,0.17694370448589325,0.5922233462333679,0.2763829231262207
YGR274C,YFR025C,0,0.9461154,0.1768910139799118,0.5922233462333679,0.2764829397201538
YDR265W,YLR229C,0,0.94570446,0.17683833837509155,0.5922233462333679,0.2765829861164093
YDL247W,YNL106C,0,0.9444901,0.17678570747375488,0.5922233462333679,0.2766830027103424
YMR205C,YDL060W,0,0.94403774,0.1767331212759018,0.5922233462333679,0.2767830491065979
YDR316W,YOR298C-A,0,0.94371724,0.1766805499792099,0.5922233462333679,0.276883065700531
YNR047W,YJL100W,0,0.943564,0.1766280084848404,0.5922233462333679,0.2769830822944641
YLR001C,YBR162W-A,0,0.94282675,0.17657551169395447,0.5922233462333679,0.2770831286907196
YOR307C,YMR071C,0,0.94259197,0.17652302980422974,0.5922233462333679,0.2771831452846527
YDR058C,YIL121W,0,0.942326,0.1764705926179886,0.5922233462333679,0.2772831916809082
YOR267C,YJL059W,1,0.94216037,0.1767151802778244,0.5932203531265259,0.2772831916809082
YJR045C,YPL015C,0,0.9415888,0.17666271328926086,0.5932203531265259,0.2773832082748413
YNR051C,YFL034C-B,0,0.9415623,0.17661027610301971,0.5932203531265259,0.2774832546710968
YBR200W,YGL100W,0,0.9410178,0.17655786871910095,0.5932203531265259,0.2775832712650299
YMR139W,YHR158C,0,0.9410118,0.17650549113750458,0.5932203531265259,0.2776833176612854
YJL143W,YPR181C,0,0.9406306,0.1764531433582306,0.5932203531265259,0.2777833342552185
YJL041W,YOR193W,0,0.9405687,0.176400825381279,0.5932203531265259,0.2778833508491516
YMR275C,YIL041W,0,0.9405603,0.17634855210781097,0.5932203531265259,0.2779833972454071
YGL097W,YNL245C,0,0.9405038,0.17629629373550415,0.5932203531265259,0.2780834138393402
YOR087W,YOL060C,1,0.94007325,0.1765402853488922,0.5942173600196838,0.2780834138393402
YER109C,YOR362C,0,0.9400407,0.1764880120754242,0.5942173600196838,0.2781834602355957
YDR036C,YNL024C,0,0.93903035,0.17643575370311737,0.5942173600196838,0.2782834768295288
YOL002C,YGR055W,0,0.9385358,0.17638354003429413,0.5942173600196838,0.2783835232257843
YNL094W,YHR161C,0,0.93798274,0.17633135616779327,0.5942173600196838,0.2784835398197174
YDR447C,YBR018C,0,0.9375278,0.1762792021036148,0.5942173600196838,0.2785835862159729
YGR235C,YHL009C,0,0.93751615,0.17622707784175873,0.5942173600196838,0.278683602809906
YNR037C,YPR110C,0,0.9369192,0.17617499828338623,0.5942173600196838,0.2787836492061615
YKL045W,YLL001W,0,0.93690896,0.17612293362617493,0.5942173600196838,0.2788836658000946
YKL060C,YMR278W,0,0.93658483,0.176070898771286,0.5942173600196838,0.2789836823940277
YBR164C,YOL103W,0,0.936354,0.17601890861988068,0.5942173600196838,0.2790837287902832
YOL157C,YOL117W,0,0.93625045,0.17596693336963654,0.5942173600196838,0.2791837453842163
YBR045C,YNL317W,0,0.9360937,0.17591498792171478,0.5942173600196838,0.2792837917804718
YPL048W,YOR253W,0,0.9356506,0.1758630871772766,0.5942173600196838,0.2793838083744049
YKL017C,YPR102C,0,0.93536735,0.17581121623516083,0.5942173600196838,0.2794838547706604
YHR020W,YKL193C,0,0.9350613,0.17575936019420624,0.5942173600196838,0.2795838713645935
YOR011W,YNL217W,0,0.9349103,0.17570754885673523,0.5942173600196838,0.279683917760849
YDR202C,YGR055W,0,0.93487954,0.1756557673215866,0.5942173600196838,0.2797839343547821
YIR003W,YDL046W,0,0.93371093,0.17560400068759918,0.5942173600196838,0.2798839509487152
YHR099W,YCR073C,0,0.93361956,0.17555227875709534,0.5942173600196838,0.2799839973449707
YHR042W,YAL009W,0,0.93360174,0.17550058662891388,0.5942173600196838,0.2800840139389038
YBR037C,YDR270W,1,0.9335598,0.17574329674243927,0.5952143669128418,0.2800840139389038
YOR125C,YDR058C,0,0.933321,0.17569158971309662,0.5952143669128418,0.2801840603351593
YDR485C,YGR203W,0,0.93252707,0.17563989758491516,0.5952143669128418,0.2802840769290924
YFR009W,YDR503C,0,0.9324478,0.1755882352590561,0.5952143669128418,0.2803841233253479
YPL241C,YNL245C,0,0.93225026,0.1755366027355194,0.5952143669128418,0.280484139919281
YNL322C,YHR141C,0,0.9319707,0.1754850149154663,0.5952143669128418,0.2805841863155365
YPL024W,YEL051W,0,0.9319323,0.1754334419965744,0.5952143669128418,0.2806842029094696
YMR134W,YLR220W,1,0.93164647,0.1756756752729416,0.5962113738059998,0.2806842029094696
YHR020W,YBR162C,0,0.93147635,0.1756240874528885,0.5962113738059998,0.2807842493057251
YPL024W,YDR244W,0,0.93139195,0.17557251453399658,0.5962113738059998,0.2808842658996582
YPL132W,YGL257C,0,0.93123937,0.17552098631858826,0.5962113738059998,0.2809842824935913
YKR046C,YOR389W,0,0.9308497,0.17546948790550232,0.5962113738059998,0.2810843288898468
YBR221C,YHR034C,0,0.9306487,0.17541800439357758,0.5962113738059998,0.2811843454837799
YPL103C,YGR013W,0,0.9299879,0.1753665655851364,0.5962113738059998,0.2812843918800354
YCL039W,YOR018W,0,0.92989683,0.17531515657901764,0.5962113738059998,0.2813844084739685
YHR103W,YGR094W,0,0.92951274,0.17526377737522125,0.5962113738059998,0.281484454870224
YKL129C,YML072C,0,0.9293102,0.17521242797374725,0.5962113738059998,0.2815844714641571
YLR299W,YOL006C,0,0.928228,0.17516110837459564,0.5962113738059998,0.2816845178604126
YLR010C,YDL137W,0,0.9281937,0.17510980367660522,0.5962113738059998,0.2817845344543457
YLR336C,YGL194C,0,0.92753875,0.1750585436820984,0.5962113738059998,0.2818845510482788
YGR057C,YGR174C,0,0.9275365,0.17500731348991394,0.5962113738059998,0.2819845974445343
YPL181W,YIR028W,0,0.9269012,0.17495611310005188,0.5962113738059998,0.2820846140384674
YOR207C,YPL156C,0,0.9268159,0.1749049425125122,0.5962113738059998,0.2821846604347229
YPL036W,YGL238W,0,0.9264358,0.17485380172729492,0.5962113738059998,0.282284677028656
YMR274C,YOR372C,0,0.9264195,0.17480269074440002,0.5962113738059998,0.2823847234249115
YIL069C,YML074C,0,0.92627454,0.17475160956382751,0.5962113738059998,0.2824847400188446
YPR166C,YNL038W,0,0.9260316,0.1747005581855774,0.5962113738059998,0.2825847864151001
YDR169C,YJL102W,0,0.9259145,0.17464953660964966,0.5962113738059998,0.2826848030090332
YJL035C,YOL052C-A,0,0.92543525,0.1745985448360443,0.5962113738059998,0.2827848494052887
YKR018C,YDL213C,0,0.92517865,0.17454758286476135,0.5962113738059998,0.2828848659992218
YML110C,YMR197C,0,0.92514956,0.17449665069580078,0.5962113738059998,0.2829848825931549
YIL009C-A,YJL083W,0,0.92419636,0.1744457483291626,0.5962113738059998,0.2830849289894104
YBR227C,YBR214W,0,0.92373264,0.1743948608636856,0.5962113738059998,0.2831849455833435
YKL096W,YHR147C,0,0.9233891,0.1743440181016922,0.5962113738059998,0.283284991979599
YNL158W,YGL020C,0,0.9227767,0.17429320514202118,0.5962113738059998,0.2833850085735321
YOR332W,YDR182W,1,0.9226961,0.17453379929065704,0.5972083806991577,0.2833850085735321
YDL210W,YJL177W,0,0.9221945,0.17448295652866364,0.5972083806991577,0.2834850549697876
YLR035C,YOL049W,0,0.92131066,0.17443214356899261,0.5972083806991577,0.2835850715637207
YEL020C,YFL034C-B,0,0.92125463,0.17438137531280518,0.5972083806991577,0.2836851179599762
YGR030C,YOR156C,0,0.92102283,0.17433062195777893,0.5972083806991577,0.2837851345539093
YGR075C,YKL046C,0,0.9206279,0.17427989840507507,0.5972083806991577,0.2838851511478424
YBL072C,YGR007W,0,0.9199719,0.1742292046546936,0.5972083806991577,0.2839851975440979
YKL195W,YDR108W,0,0.91968364,0.17417854070663452,0.5972083806991577,0.284085214138031
YBL027W,YHR083W,0,0.9195818,0.17412790656089783,0.5972083806991577,0.2841852605342865
YDR145W,YGR260W,0,0.91942155,0.17407730221748352,0.5972083806991577,0.2842852771282196
YHR028C,YDR377W,0,0.9190823,0.1740267276763916,0.5972083806991577,0.2843853235244751
YBR135W,YNL128W,0,0.9186786,0.17397618293762207,0.5972083806991577,0.2844853401184082
YGR063C,YGL090W,0,0.91803235,0.17392566800117493,0.5972083806991577,0.2845853865146637
YMR177W,YGR092W,1,0.91628975,0.17416545748710632,0.5982053875923157,0.2845853865146637
YOR147W,YMR301C,1,0.9161634,0.17440511286258698,0.5992023944854736,0.2845853865146637
YER044C,YPL060W,0,0.9159101,0.17435450851917267,0.5992023944854736,0.2846854031085968
YHR158C,YBR046C,0,0.9150271,0.17430394887924194,0.5992023944854736,0.2847854495048523
YJR120W,YLR175W,0,0.9149376,0.1742534041404724,0.5992023944854736,0.2848854660987854
YJL003W,YBR130C,0,0.91487676,0.17420290410518646,0.5992023944854736,0.2849854826927185
YPL241C,YER004W,0,0.91439646,0.1741524189710617,0.5992023944854736,0.285085529088974
YML016C,YGL226W,0,0.9141306,0.17410196363925934,0.5992023944854736,0.2851855456829071
YDR201W,YGL107C,0,0.9134985,0.17405155301094055,0.5992023944854736,0.2852855920791626
YBR295W,YPL135W,1,0.91312414,0.17429067194461823,0.6001994013786316,0.2852855920791626
YPL046C,YCR033W,0,0.9126675,0.17424023151397705,0.6001994013786316,0.2853856086730957
YMR307W,YGR038W,0,0.9116155,0.17418982088565826,0.6001994013786316,0.2854856550693512
YKR001C,YLR045C,0,0.9115178,0.17413942515850067,0.6001994013786316,0.2855856716632843
YPL001W,YPL049C,0,0.91136456,0.17408907413482666,0.6001994013786316,0.2856857180595398
YLR417W,YMR021C,0,0.91079634,0.17403873801231384,0.6001994013786316,0.2857857346534729
YLR138W,YBR036C,1,0.91070104,0.17427745461463928,0.6011964082717896,0.2857857346534729
YGL104C,YLR327C,0,0.91067237,0.17422710359096527,0.6011964082717896,0.285885751247406
YOL088C,YNL331C,0,0.9103053,0.17417678236961365,0.6011964082717896,0.2859857976436615
YLR150W,YJL012C,0,0.91023177,0.17412647604942322,0.6011964082717896,0.2860858142375946
YKR080W,YGL107C,0,0.90999675,0.17407621443271637,0.6011964082717896,0.2861858606338501
YDR432W,YDL178W,0,0.90925366,0.17402596771717072,0.6011964082717896,0.2862858772277832
YJL002C,YHR153C,0,0.90835047,0.17397576570510864,0.6011964082717896,0.2863859236240387
YKL086W,YOL078W,0,0.9068833,0.17392557859420776,0.6011964082717896,0.2864859402179718
YNL067W,YPR019W,0,0.9066212,0.17387543618679047,0.6011964082717896,0.2865859866142273
YOR328W,YDL100C,0,0.9064815,0.17382530868053436,0.6011964082717896,0.2866860032081604
YPR166C,YLR023C,0,0.905913,0.17377521097660065,0.6011964082717896,0.2867860496044159
YNL336W,YPR184W,0,0.9055909,0.1737251579761505,0.6011964082717896,0.286886066198349
YMR156C,YDR510W,0,0.905588,0.17367511987686157,0.6011964082717896,0.2869860827922821
YJL204C,YLR121C,0,0.9048741,0.17362511157989502,0.6011964082717896,0.2870861291885376
YMR293C,YKL010C,0,0.904647,0.17357513308525085,0.6011964082717896,0.2871861457824707
YDR311W,YDL101C,0,0.9043225,0.17352518439292908,0.6011964082717896,0.2872861921787262
YMR139W,YPL030W,0,0.9042692,0.1734752655029297,0.6011964082717896,0.2873862087726593
YBR162C,YGR028W,0,0.904085,0.1734253615140915,0.6011964082717896,0.2874862551689148
YLR447C,YHR194W,1,0.9033513,0.17366302013397217,0.6021934151649475,0.2874862551689148
YDR003W,YLR298C,0,0.90333325,0.17361310124397278,0.6021934151649475,0.2875862717628479
YNL173C,YLR239C,0,0.90326583,0.17356321215629578,0.6021934151649475,0.2876863181591034
YLR135W,YGR142W,0,0.9029237,0.17351335287094116,0.6021934151649475,0.2877863347530365
YGL206C,YDL184C,0,0.902784,0.17346352338790894,0.6021934151649475,0.2878863513469696
YPL022W,YEL044W,0,0.9026099,0.1734137237071991,0.6021934151649475,0.2879863977432251
YKL024C,YDR182W,0,0.9019595,0.17336395382881165,0.6021934151649475,0.2880864143371582
YOR265W,YDL099W,0,0.90157974,0.1733141988515854,0.6021934151649475,0.2881864607334137
YDR315C,YHL031C,0,0.9013972,0.1732644885778427,0.6021934151649475,0.2882864773273468
YBL030C,YLL001W,0,0.90064204,0.17321479320526123,0.6021934151649475,0.2883865237236023
YMR056C,YJR109C,0,0.90057015,0.17316514253616333,0.6021934151649475,0.2884865403175354
YMR100W,YOR049C,0,0.90049374,0.17311550676822662,0.6021934151649475,0.2885865867137909
YKL194C,YBR207W,0,0.90027595,0.1730659008026123,0.6021934151649475,0.288686603307724
YGR120C,YDR221W,0,0.89994067,0.17301632463932037,0.6021934151649475,0.2887866497039795
YDR122W,YDR377W,0,0.89944386,0.17296677827835083,0.6021934151649475,0.2888866662979126
YNL064C,YNR008W,0,0.89943624,0.17291726171970367,0.6021934151649475,0.2889866828918457
YBL080C,YER146W,0,0.8993118,0.1728677749633789,0.6021934151649475,0.2890867292881012
YJR047C,YGR067C,0,0.89924264,0.17281831800937653,0.6021934151649475,0.2891867458820343
YOR081C,YCL044C,0,0.89917314,0.17276887595653534,0.6021934151649475,0.2892867922782898
YGL067W,YGL171W,0,0.8991281,0.17271947860717773,0.6021934151649475,0.2893868088722229
YMR216C,YJR033C,1,0.8989035,0.1729559749364853,0.6031904220581055,0.2893868088722229
YPR019W,YDL103C,0,0.8986691,0.1729065477848053,0.6031904220581055,0.2894868552684784
YJR096W,YDR301W,0,0.8985752,0.1728571355342865,0.6031904220581055,0.2895868718624115
YOL060C,YOR054C,1,0.89853764,0.17309340834617615,0.6041874289512634,0.2895868718624115
YPL255W,YGL246C,0,0.8982949,0.17304398119449615,0.6041874289512634,0.289686918258667
YOR214C,YPR114W,0,0.8977523,0.17299456894397736,0.6041874289512634,0.2897869348526001
YBR109C,YGL086W,0,0.89762783,0.17294520139694214,0.6041874289512634,0.2898869514465332
YDR096W,YDR005C,0,0.8975118,0.1728958636522293,0.6041874289512634,0.2899869978427887
YJR145C,YOR267C,0,0.89702773,0.17284655570983887,0.6041874289512634,0.2900870144367218
YER058W,YGR178C,0,0.89693177,0.17279726266860962,0.6041874289512634,0.2901870608329773
YER011W,YJR150C,0,0.8967423,0.17274799942970276,0.6041874289512634,0.2902870774269104
YOR189W,YER114C,0,0.8962669,0.17269878089427948,0.6041874289512634,0.2903871238231659
YCR098C,YOL089C,0,0.89579606,0.1726495772600174,0.6041874289512634,0.290487140417099
YBR205W,YJR048W,0,0.8952622,0.1726004034280777,0.6041874289512634,0.2905871868133545
YOR087W,YKL080W,1,0.89513415,0.17283599078655243,0.6051844358444214,0.2905871868133545
YJL036W,YOR293W,0,0.8949993,0.17278678715229034,0.6051844358444214,0.2906872034072876
YHR193C,YFR041C,0,0.89439464,0.17273762822151184,0.6051844358444214,0.2907872498035431
YLR433C,YDL188C,0,0.89408726,0.17268848419189453,0.6051844358444214,0.2908872663974762
YKL194C,YDR331W,0,0.89373964,0.1726393699645996,0.6051844358444214,0.2909872829914093
YNL162W,YOR386W,0,0.89322186,0.17259027063846588,0.6051844358444214,0.2910873293876648
YGL155W,YBR295W,1,0.8931454,0.17282547056674957,0.6061814427375793,0.2910873293876648
YHL040C,YCL066W,0,0.89270854,0.17277635633945465,0.6061814427375793,0.2911873459815979
YHR133C,YER069W,0,0.8925883,0.17272727191448212,0.6061814427375793,0.2912873923778534
YOL091W,YPL123C,0,0.8924824,0.17267821729183197,0.6061814427375793,0.2913874089717865
YER174C,YLR023C,1,0.89242417,0.17291311919689178,0.6071784496307373,0.2913874089717865
YBR237W,YMR142C,0,0.8923224,0.17286403477191925,0.6071784496307373,0.291487455368042
YDR071C,YHR107C,0,0.8917724,0.1728149801492691,0.6071784496307373,0.2915874719619751
YOR079C,YKL190W,1,0.8917196,0.17304964363574982,0.6081754565238953,0.2915874719619751
YJR054W,YMR260C,0,0.8916234,0.17300057411193848,0.6081754565238953,0.2916875183582306
YLR192C,YHR111W,0,0.8915038,0.17295151948928833,0.6081754565238953,0.2917875349521637
YLR369W,YDR385W,0,0.8910832,0.17290249466896057,0.6081754565238953,0.2918875515460968
YLR361C,YNR030W,0,0.8901971,0.1728534996509552,0.6081754565238953,0.2919875979423523
YCR020W-B,YML054C,0,0.89010245,0.17280453443527222,0.6081754565238953,0.2920876145362854
YGR029W,YKR050W,1,0.8900989,0.1730387955904007,0.6091724634170532,0.2920876145362854
YBR179C,YCR068W,0,0.8897634,0.17298980057239532,0.6091724634170532,0.2921876609325409
YDR177W,YGR247W,0,0.88924754,0.17294085025787354,0.6091724634170532,0.292287677526474
YER122C,YLR292C,0,0.8889284,0.17289189994335175,0.6091724634170532,0.2923877239227295
YNR041C,YIL084C,0,0.88882935,0.17284299433231354,0.6091724634170532,0.2924877405166626
YNL265C,YBR240C,0,0.8882363,0.17279411852359772,0.6091724634170532,0.2925877869129181
YLR408C,YBR039W,0,0.88768053,0.1727452576160431,0.6091724634170532,0.2926878035068512
YJL153C,YAR042W,0,0.8874172,0.17269644141197205,0.6091724634170532,0.2927878499031067
YCR004C,YCR068W,0,0.8866657,0.1726476401090622,0.6091724634170532,0.2928878664970398
YOR330C,YGR241C,0,0.88656765,0.17259886860847473,0.6091724634170532,0.2929878830909729
YDL138W,YDR197W,0,0.88634676,0.17255012691020966,0.6091724634170532,0.2930879294872284
YBR048W,YMR119W,0,0.88588744,0.17250141501426697,0.6091724634170532,0.2931879460811615
YBR097W,YCL057C-A,0,0.8853668,0.17245271801948547,0.6091724634170532,0.293287992477417
YDR038C,YPR065W,0,0.8853208,0.17240406572818756,0.6091724634170532,0.2933880090713501
YPL234C,YEL031W,1,0.8848072,0.17263752222061157,0.6101694703102112,0.2933880090713501
YGL141W,YDL146W,0,0.8843916,0.17258882522583008,0.6101694703102112,0.2934880554676056
YFR047C,YML110C,0,0.8841928,0.17254017293453217,0.6101694703102112,0.2935880720615387
YDL002C,YER106W,0,0.88395846,0.17249155044555664,0.6101694703102112,0.2936881184577942
YKR014C,YGR108W,0,0.88358957,0.1724429428577423,0.6101694703102112,0.2937881350517273
YML118W,YPL241C,0,0.88314784,0.17239436507225037,0.6101694703102112,0.2938881516456604
YPL168W,YDL130W-A,0,0.88218415,0.1723458170890808,0.6101694703102112,0.2939881980419159
YOR174W,YDL069C,0,0.8821046,0.17229729890823364,0.6101694703102112,0.294088214635849
YHR099W,YBR272C,0,0.8820486,0.17224881052970886,0.6101694703102112,0.2941882610321045
YBR123C,YHR113W,0,0.88160235,0.17220033705234528,0.6101694703102112,0.2942882776260376
YJR121W,YMR183C,0,0.8799095,0.17215189337730408,0.6101694703102112,0.2943883240222931
YLR259C,YKL006C-A,0,0.8783454,0.17210349440574646,0.6101694703102112,0.2944883406162262
YJR120W,YLR320W,0,0.8780824,0.17205509543418884,0.6101694703102112,0.2945883870124817
YEL044W,YJL102W,0,0.8775766,0.1720067411661148,0.6101694703102112,0.2946884036064148
YDL195W,YLR323C,0,0.87698257,0.17195841670036316,0.6101694703102112,0.2947884500026703
YHR026W,YPR033C,0,0.87695783,0.1719101071357727,0.6101694703102112,0.2948884665966034
YMR171C,YEL047C,0,0.8769332,0.17186184227466583,0.6101694703102112,0.2949884831905365
YDR204W,YOR155C,0,0.87675476,0.17181359231472015,0.6101694703102112,0.295088529586792
YDR121W,YJR048W,0,0.87659913,0.17176537215709686,0.6101694703102112,0.2951885461807251
YGR096W,YLR067C,0,0.8761976,0.17171716690063477,0.6101694703102112,0.2952885925769806
YBR264C,YDR033W,0,0.87595725,0.17166900634765625,0.6101694703102112,0.2953886091709137
YIL085C,YGR014W,0,0.87550855,0.17162086069583893,0.6101694703102112,0.2954886555671692
YDL207W,YMR105C,0,0.8748851,0.171572744846344,0.6101694703102112,0.2955886721611023
YLR047C,YGR020C,1,0.8745096,0.17180493474006653,0.6111664772033691,0.2955886721611023
YGR227W,YDL060W,0,0.8738115,0.1717567890882492,0.6111664772033691,0.2956887185573578
YML086C,YMR004W,0,0.87343717,0.17170868813991547,0.6111664772033691,0.2957887351512909
YPR036W,YMR154C,0,0.87334216,0.17166060209274292,0.6111664772033691,0.295888751745224
YOR092W,YPL051W,0,0.87320435,0.17161254584789276,0.6111664772033691,0.2959887981414795
YLR032W,YDL046W,0,0.87308,0.1715645045042038,0.6111664772033691,0.2960888147354126
YLR096W,YMR184W,0,0.87249196,0.1715165078639984,0.6111664772033691,0.2961888611316681
YOL116W,YOR308C,0,0.8723108,0.17146852612495422,0.6111664772033691,0.2962888777256012
YLL051C,YML132W,1,0.8720064,0.17170022428035736,0.6121634840965271,0.2962888777256012
YDL175C,YHR019C,0,0.8719826,0.17165222764015198,0.6121634840965271,0.2963889241218567
YGR235C,YLR079W,0,0.8718951,0.1716042459011078,0.6121634840965271,0.2964889407157898
YMR205C,YGL126W,0,0.87166584,0.171556293964386,0.6121634840965271,0.2965889871120453
YIL035C,YOR061W,1,0.8714575,0.17178770899772644,0.6131604909896851,0.2965889871120453
YHR028C,YOL052C-A,0,0.8710387,0.17173974215984344,0.6131604909896851,0.2966890037059784
YPL019C,YGL078C,0,0.87045306,0.17169179022312164,0.6131604909896851,0.2967890501022339
YER179W,YJL046W,0,0.87007153,0.17164386808872223,0.6131604909896851,0.296889066696167
YMR047C,YDL147W,0,0.86925566,0.1715959757566452,0.6131604909896851,0.2969890832901001
YGL142C,YER071C,0,0.8684921,0.17154811322689056,0.6131604909896851,0.2970891296863556
YJR016C,YPL141C,0,0.8679544,0.1715002804994583,0.6131604909896851,0.2971891462802887
YOL097C,YOL020W,0,0.86787635,0.17145246267318726,0.6131604909896851,0.2972891926765442
YOR348C,YGL213C,0,0.8677457,0.17140468955039978,0.6131604909896851,0.2973892092704773
YDR393W,YOR065W,0,0.8672216,0.1713569313287735,0.6131604909896851,0.2974892556667328
YER096W,YLR175W,0,0.8671459,0.1713091880083084,0.6131604909896851,0.2975892722606659
YKL024C,YMR074C,0,0.866788,0.1712614893913269,0.6131604909896851,0.2976893186569214
YKL119C,YBR024W,1,0.86671877,0.17149220407009125,0.614157497882843,0.2976893186569214
YNR032C-A,YDR018C,0,0.8664043,0.17144447565078735,0.614157497882843,0.2977893352508545
YFR025C,YJL102W,0,0.866284,0.17139677703380585,0.614157497882843,0.29788938164711
YDR515W,YHR176W,0,0.86569023,0.17134909331798553,0.614157497882843,0.2979893982410431
YOL077W-A,YGR256W,0,0.86505437,0.1713014394044876,0.614157497882843,0.2980894148349762
YDR308C,YPR008W,0,0.864605,0.17125381529331207,0.614157497882843,0.2981894612312317
YNL142W,YPR102C,0,0.864185,0.17120622098445892,0.614157497882843,0.2982894778251648
YJR059W,YJL129C,1,0.86369103,0.17143650352954865,0.6151545643806458,0.2982894778251648
YHR194W,YLR220W,1,0.8635285,0.17166666686534882,0.6161515712738037,0.2982894778251648
YOR030W,YMR163C,0,0.86342216,0.1716189980506897,0.6161515712738037,0.2983895242214203
YOR303W,YOR231W,0,0.8626406,0.17157134413719177,0.6161515712738037,0.2984895408153534
YOR054C,YHR039C-A,1,0.86254895,0.17180128395557404,0.6171485781669617,0.2984895408153534
YDL025C,YLR086W,0,0.86204433,0.17175360023975372,0.6171485781669617,0.2985895872116089
YBR015C,YLR265C,0,0.8619658,0.171705961227417,0.6171485781669617,0.298689603805542
YOL133W,YOR363C,0,0.86186916,0.17165835201740265,0.6171485781669617,0.2987896502017975
YDR328C,YKL134C,1,0.86174786,0.17188799381256104,0.6181455850601196,0.2987896502017975
YOR198C,YGR142W,0,0.86167157,0.1718403548002243,0.6181455850601196,0.2988896667957306
YFR038W,YKL157W,0,0.8607533,0.17179274559020996,0.6181455850601196,0.2989896833896637
YHR117W,YPL026C,0,0.8604801,0.1717451512813568,0.6181455850601196,0.2990897297859192
YBR189W,YBR112C,0,0.86004287,0.17169758677482605,0.6181455850601196,0.2991897463798523
YDR463W,YPL072W,0,0.85954404,0.17165005207061768,0.6181455850601196,0.2992897927761078
YPR047W,YGR055W,0,0.8592638,0.1716025471687317,0.6181455850601196,0.2993898093700409
YDR051C,YHL032C,0,0.85823333,0.1715550571680069,0.6181455850601196,0.2994898557662964
YNL020C,YDR352W,0,0.8581208,0.17150761187076569,0.6181455850601196,0.2995898723602295
YKL132C,YMR204C,0,0.8571638,0.17146018147468567,0.6181455850601196,0.299689918756485
YPR057W,YPR155C,0,0.85672784,0.17141276597976685,0.6181455850601196,0.2997899353504181
YJR059W,YMR105C,1,0.85489637,0.17164179682731628,0.6191425919532776,0.2997899353504181
YHR019C,YBL031W,0,0.85410064,0.17159436643123627,0.6191425919532776,0.2998899817466736
YNL090W,YFR010W,0,0.85334516,0.17154696583747864,0.6191425919532776,0.2999899983406067
YER029C,YLL048C,0,0.85233045,0.1714995801448822,0.6191425919532776,0.3000900149345398
YDL185W,YPL155C,0,0.8521681,0.17145223915576935,0.6191425919532776,0.3001900613307953
YPL024W,YDL109C,0,0.8515066,0.1714049130678177,0.6191425919532776,0.3002900779247284
YMR305C,YHR006W,0,0.85144967,0.17135761678218842,0.6191425919532776,0.3003901243209839
YPR046W,YDL247W,0,0.85130346,0.17131035029888153,0.6191425919532776,0.300490140914917
YCR075C,YOR016C,0,0.85123444,0.17126309871673584,0.6191425919532776,0.3005901873111725
YGL006W,YMR021C,1,0.8509717,0.1714915931224823,0.6201395988464355,0.3005901873111725
YLR032W,YIR028W,0,0.8507073,0.17144432663917542,0.6201395988464355,0.3006902039051056
YDL002C,YGR198W,0,0.85065746,0.17139707505702972,0.6201395988464355,0.3007902503013611
YNL116W,YDR516C,0,0.8505862,0.17134986817836761,0.6201395988464355,0.3008902668952942
YLR371W,YDR253C,0,0.8504299,0.1713026762008667,0.6201395988464355,0.3009902834892273
YDR471W,YKL016C,0,0.8503864,0.17125551402568817,0.6201395988464355,0.3010903298854828
YDR511W,YIL036W,0,0.85002935,0.17120836675167084,0.6201395988464355,0.3011903464794159
YIL147C,YLR070C,0,0.8493897,0.1711612492799759,0.6201395988464355,0.3012903928756714
YPL053C,YCR106W,0,0.8488392,0.17111416161060333,0.6201395988464355,0.3013904094696045
YHR033W,YPL187W,0,0.8484925,0.17106710374355316,0.6201395988464355,0.30149045586586
YER053C,YNL305C,0,0.8484309,0.17102007567882538,0.6201395988464355,0.3015904724597931
YIR023W,YOR347C,0,0.8482115,0.1709730625152588,0.6201395988464355,0.3016905188560486
YNL055C,YML013W,0,0.8481853,0.1709260791540146,0.6201395988464355,0.3017905354499817
YMR017W,YDR210W,0,0.8479849,0.17087912559509277,0.6201395988464355,0.3018905818462372
YNL005C,YCL001W,0,0.8474295,0.17083218693733215,0.6201395988464355,0.3019905984401703
YML100W,YOR337W,0,0.84698987,0.17078527808189392,0.6201395988464355,0.3020906150341034
YJL207C,YER054C,0,0.8469407,0.17073839902877808,0.6201395988464355,0.3021906614303589
YKL060C,YER170W,0,0.84663254,0.17069154977798462,0.6201395988464355,0.302290678024292
YGR065C,YOR360C,0,0.84615827,0.17064471542835236,0.6201395988464355,0.3023907244205475
YEL065W,YDR270W,1,0.8457011,0.17087218165397644,0.6211366057395935,0.3023907244205475
YKL152C,YBR058C,0,0.84465134,0.17082533240318298,0.6211366057395935,0.3024907410144806
YLR377C,YBR097W,0,0.84442073,0.17077851295471191,0.6211366057395935,0.3025907874107361
YER053C,YCL001W,0,0.84422183,0.17073170840740204,0.6211366057395935,0.3026908040046692
YNL045W,YGL090W,0,0.84416527,0.17068493366241455,0.6211366057395935,0.3027908504009247
YBR299W,YDR302W,0,0.8440185,0.17063818871974945,0.6211366057395935,0.3028908669948578
YOR244W,YDR044W,0,0.8437817,0.17059145867824554,0.6211366057395935,0.3029908835887909
YDR270W,YOR182C,0,0.8436084,0.17054475843906403,0.6211366057395935,0.3030909299850464
YHR117W,YDR123C,0,0.8430761,0.1704980880022049,0.6211366057395935,0.3031909465789795
YGR040W,YPL016W,0,0.8428943,0.17045143246650696,0.6211366057395935,0.303290992975235
YIL035C,YLR047C,1,0.8424546,0.17067833244800568,0.6221336126327515,0.303290992975235
YDR372C,YKL212W,0,0.8413701,0.17063166201114655,0.6221336126327515,0.3033910095691681
YBR091C,YMR053C,0,0.84101623,0.1705850213766098,0.6221336126327515,0.3034910559654236
YBR082C,YNL097C,0,0.8408625,0.17053839564323425,0.6221336126327515,0.3035910725593567
YML006C,YJL093C,1,0.84082377,0.17076502740383148,0.6231306195259094,0.3035910725593567
YMR262W,YFR041C,0,0.84059966,0.17071838676929474,0.6231306195259094,0.3036911189556122
YIL062C,YIL041W,0,0.8404664,0.1706717610359192,0.6231306195259094,0.3037911355495453
YBR079C,YER119C,0,0.8402777,0.17062516510486603,0.6231306195259094,0.3038911819458008
YGR235C,YJR068W,0,0.8402499,0.17057859897613525,0.6231306195259094,0.3039911985397339
YPL120W,YER014W,0,0.84020615,0.17053206264972687,0.6231306195259094,0.304091215133667
YMR055C,YLR174W,0,0.84007597,0.17048554122447968,0.6231306195259094,0.3041912615299225
YLR229C,YJL072C,0,0.8398202,0.17043904960155487,0.6231306195259094,0.3042912781238556
YML126C,YHL007C,0,0.83950895,0.17039258778095245,0.6231306195259094,0.3043913245201111
YNL275W,YJL153C,0,0.83935905,0.17034614086151123,0.6231306195259094,0.3044913411140442
YMR289W,YLR237W,0,0.839319,0.1702997237443924,0.6231306195259094,0.3045913875102997
YPL204W,YDR028C,0,0.8390958,0.17025333642959595,0.6231306195259094,0.3046914041042328
YGL040C,YBR235W,0,0.83899426,0.1702069789171219,0.6231306195259094,0.3047914505004883
YKR039W,YOR272W,0,0.8382846,0.17016063630580902,0.6231306195259094,0.3048914670944214
YLR056W,YNL053W,0,0.8380522,0.17011432349681854,0.6231306195259094,0.3049914836883545
YJR155W,YPR175W,0,0.8374214,0.17006802558898926,0.6231306195259094,0.30509153008461
YMR165C,YGR209C,0,0.8373009,0.17002175748348236,0.6231306195259094,0.3051915466785431
YDR376W,YLR015W,0,0.83729374,0.16997551918029785,0.6231306195259094,0.3052915930747986
YGR163W,YGL219C,0,0.83720195,0.16992931067943573,0.6231306195259094,0.3053916096687317
YML025C,YMR076C,0,0.8371915,0.1698831170797348,0.6231306195259094,0.3054916560649872
YCL020W,YHR143W,0,0.8364271,0.16983695328235626,0.6231306195259094,0.3055916726589203
YGL019W,YDR151C,1,0.83578384,0.17006248235702515,0.6241276264190674,0.3055916726589203
YAL055W,YGL119W,0,0.83549273,0.17001628875732422,0.6241276264190674,0.3056917190551758
YHL002W,YHR124W,0,0.83547467,0.16997013986110687,0.6241276264190674,0.3057917356491089
YOR298C-A,YPL174C,0,0.83533394,0.16992399096488953,0.6241276264190674,0.3058917820453644
YOR087W,YJL059W,1,0.83482313,0.17014925181865692,0.6251246333122253,0.3058917820453644
YOR256C,YPL006W,0,0.83445144,0.17010308802127838,0.6251246333122253,0.3059917986392975
YOR011W,YPL214C,0,0.8338974,0.17005695402622223,0.6251246333122253,0.3060918152332306
YGL017W,YEL016C,0,0.8335529,0.17001084983348846,0.6251246333122253,0.3061918616294861
YEL065W,YJL129C,1,0.8333715,0.17023584246635437,0.6261216402053833,0.3061918616294861
YDR155C,YEL003W,0,0.83293694,0.17018970847129822,0.6261216402053833,0.3062918782234192
YJL044C,YKR086W,0,0.8326224,0.17014358937740326,0.6261216402053833,0.3063919246196747
YNR075W,YML102W,0,0.83220947,0.17009751498699188,0.6261216402053833,0.3064919412136078
YLR126C,YER145C,1,0.83207583,0.1703222244977951,0.6271186470985413,0.3064919412136078
YGR005C,YFR008W,0,0.83061075,0.17027612030506134,0.6271186470985413,0.3065919876098633
YBR295W,YHR039C-A,1,0.8303515,0.17050068080425262,0.6281156539916992,0.3065919876098633
YKL039W,YCR067C,0,0.83023894,0.17045454680919647,0.6281156539916992,0.3066920042037964
YOL077W-A,YNL097C,0,0.8302257,0.1704084426164627,0.6281156539916992,0.3067920506000519
YNL056W,YHR092C,0,0.83003885,0.17036235332489014,0.6281156539916992,0.306892067193985
YLR143W,YDR376W,0,0.8297076,0.17031630873680115,0.6281156539916992,0.3069920837879181
YMR076C,YNL135C,0,0.8295219,0.17027026414871216,0.6281156539916992,0.3070921301841736
YNL291C,YDR006C,0,0.8295177,0.17022426426410675,0.6281156539916992,0.3071921467781067
YJL196C,YML095C,0,0.8290409,0.17017827928066254,0.6281156539916992,0.3072921931743622
YBR280C,YBL002W,0,0.82828265,0.1701323240995407,0.6281156539916992,0.3073922097682953
YOR064C,YOR357C,0,0.82824403,0.17008639872074127,0.6281156539916992,0.3074922561645508
YDL180W,YPL198W,0,0.8278303,0.17004048824310303,0.6281156539916992,0.3075922727584839
YGL120C,YPL234C,0,0.8273983,0.16999460756778717,0.6281156539916992,0.3076923191547394
YJL108C,YER033C,0,0.8271479,0.1699487417936325,0.6281156539916992,0.3077923357486725
YPR105C,YPL234C,0,0.8270832,0.16990290582180023,0.6281156539916992,0.307892382144928
YHR013C,YER072W,0,0.82647073,0.16985709965229034,0.6281156539916992,0.3079923987388611
YLR121C,YLR362W,0,0.8257006,0.16981132328510284,0.6281156539916992,0.3080924153327942
YMR041C,YIL105C,0,0.8255595,0.16976556181907654,0.6281156539916992,0.3081924617290497
YGL173C,YLR393W,0,0.8255068,0.16971983015537262,0.6281156539916992,0.3082924783229828
YOR096W,YNL088W,0,0.8252499,0.1696741133928299,0.6281156539916992,0.3083925247192383
YKL046C,YHR072W,0,0.8241396,0.16962842643260956,0.6281156539916992,0.3084925413131714
YGR158C,YIL172C,0,0.82396233,0.1695827692747116,0.6281156539916992,0.3085925877094269
YOL096C,YGL133W,0,0.8231593,0.16953714191913605,0.6281156539916992,0.30869260430336
YBL016W,YFR030W,0,0.82260835,0.16949152946472168,0.6281156539916992,0.3087926506996155
YOR262W,YLR095C,0,0.8221037,0.1694459319114685,0.6281156539916992,0.3088926672935486
YIR019C,YJL057C,0,0.8220743,0.1694003790616989,0.6281156539916992,0.3089926838874817
YIL106W,YGL048C,0,0.8218429,0.16935484111309052,0.6281156539916992,0.3090927302837372
YMR152W,YOR383C,0,0.8216423,0.1693093180656433,0.6281156539916992,0.3091927468776703
YOR079C,YKR050W,1,0.82154775,0.16953250765800476,0.6291126608848572,0.3091927468776703
YGR029W,YPL270W,0,0.8212346,0.16948696970939636,0.6291126608848572,0.3092927932739258
YJL097W,YNL199C,0,0.82081544,0.16944146156311035,0.6291126608848572,0.3093928098678589
YJL210W,YOR373W,0,0.8207695,0.16939596831798553,0.6291126608848572,0.3094928562641144
YIL037C,YPL010W,0,0.8205097,0.1693505048751831,0.6291126608848572,0.3095928728580475
YOR270C,YJL129C,1,0.8202176,0.16957338154315948,0.6301096677780151,0.3095928728580475
YOR384W,YJL186W,0,0.819748,0.16952790319919586,0.6301096677780151,0.309692919254303
YLR297W,YBL020W,0,0.8197226,0.16948243975639343,0.6301096677780151,0.3097929358482361
YNR050C,YJL160C,0,0.81962764,0.1694369912147522,0.6301096677780151,0.3098929822444916
YCR102C,YDL164C,0,0.81887937,0.16939158737659454,0.6301096677780151,0.3099929988384247
YJL196C,YBL088C,0,0.8186008,0.16934619843959808,0.6301096677780151,0.3100930154323578
YPL088W,YDL150W,0,0.8178387,0.16930082440376282,0.6301096677780151,0.3101930618286133
YOL060C,YDL198C,1,0.8178281,0.16952329874038696,0.6311066746711731,0.3101930618286133
YDL007W,YMR177W,0,0.81753093,0.1694779098033905,0.6311066746711731,0.3102930784225464
YNL082W,YGR048W,0,0.8174706,0.16943255066871643,0.6311066746711731,0.3103931248188019
YDL100C,YLR447C,1,0.8173723,0.16965480148792267,0.632103681564331,0.3103931248188019
YMR105C,YOR054C,1,0.8172718,0.16987693309783936,0.633100688457489,0.3103931248188019
YGR289C,YPL123C,0,0.81599385,0.16983149945735931,0.633100688457489,0.310493141412735
YKR014C,YJL212C,0,0.8152567,0.16978609561920166,0.633100688457489,0.3105931878089905
YDL232W,YMR004W,0,0.8143693,0.1697407066822052,0.633100688457489,0.3106932044029236
YMR282C,YOR326W,0,0.8143579,0.16969534754753113,0.633100688457489,0.3107932507991791
YKR080W,YPL187W,0,0.81402373,0.16965001821517944,0.633100688457489,0.3108932673931122
YPL144W,YKR058W,0,0.813848,0.16960470378398895,0.633100688457489,0.3109932839870453
YNL265C,YHL024W,0,0.81337386,0.16955941915512085,0.633100688457489,0.3110933303833008
YLR240W,YPL020C,0,0.8132837,0.16951414942741394,0.633100688457489,0.3111933469772339
YNL148C,YER142C,0,0.8125328,0.16946890950202942,0.633100688457489,0.3112933933734894
YBL105C,YNL046W,0,0.81250775,0.16942369937896729,0.633100688457489,0.3113934099674225
YPL145C,YIL122W,0,0.81208414,0.16937850415706635,0.633100688457489,0.311493456363678
YAL021C,YGR261C,0,0.81202793,0.1693333387374878,0.633100688457489,0.3115934729576111
YOL060C,YDR515W,1,0.8118671,0.16955478489398956,0.634097695350647,0.3115934729576111
YNL025C,YHR186C,0,0.8116131,0.16950958967208862,0.634097695350647,0.3116935193538666
YLR432W,YGL253W,0,0.8113259,0.16946442425251007,0.634097695350647,0.3117935359477997
YBL027W,YLR079W,0,0.8107026,0.1694192886352539,0.634097695350647,0.3118935823440552
YBR164C,YPL237W,0,0.8104464,0.16937416791915894,0.634097695350647,0.3119935989379883
YCR008W,YBR024W,1,0.8100661,0.16959531605243683,0.6350947022438049,0.3119935989379883
YMR134W,YMR054W,1,0.8092449,0.16981634497642517,0.6360917091369629,0.3119935989379883
YMR165C,YFL009W,0,0.8092145,0.16977114975452423,0.6360917091369629,0.3120936155319214
YCR075C,YGL211W,0,0.8092142,0.16972598433494568,0.6360917091369629,0.3121936619281769
YLR074C,YML034W,0,0.8086681,0.16968084871768951,0.6360917091369629,0.31229367852211
YJR019C,YPL003W,0,0.80809975,0.16963572800159454,0.6360917091369629,0.3123937249183655
YDL010W,YDR227W,0,0.8078095,0.16959063708782196,0.6360917091369629,0.3124937415122986
YJR029W,YFR053C,0,0.80780596,0.16954557597637177,0.6360917091369629,0.3125937879085541
YDR393W,YJL123C,0,0.80658257,0.16950052976608276,0.6360917091369629,0.3126938045024872
YGL085W,YGR215W,0,0.8064506,0.16945551335811615,0.6360917091369629,0.3127938508987427
YDR255C,YDR323C,0,0.8060244,0.16941051185131073,0.6360917091369629,0.3128938674926758
YDR390C,YKL079W,0,0.805676,0.1693655401468277,0.6360917091369629,0.3129938840866089
YJR056C,YER032W,0,0.8054532,0.16932059824466705,0.6360917091369629,0.3130939304828644
YBR104W,YKL005C,0,0.8053653,0.1692756712436676,0.6360917091369629,0.3131939470767975
YKL080W,YDR065W,1,0.80528677,0.16949601471424103,0.6370887160301208,0.3131939470767975
YCL040W,YDR041W,0,0.80525637,0.16945107281208038,0.6370887160301208,0.313293993473053
YHR094C,YPL258C,0,0.8047243,0.16940614581108093,0.6370887160301208,0.3133940100669861
YBR012W-A,YKR089C,0,0.8042244,0.16936124861240387,0.6370887160301208,0.3134940564632416
YDR441C,YDL145C,0,0.80383813,0.1693163812160492,0.6370887160301208,0.3135940730571747
YLR451W,YJL101C,0,0.8037014,0.1692715287208557,0.6370887160301208,0.3136941194534302
YLR447C,YDR182W,1,0.80328095,0.16949152946472168,0.6380857229232788,0.3136941194534302
YOL157C,YJL116C,0,0.803157,0.1694466471672058,0.6380857229232788,0.3137941360473633
YIR031C,YOR125C,0,0.80308676,0.16940179467201233,0.6380857229232788,0.3138941824436188
YDL010W,YJL181W,0,0.80304456,0.16935697197914124,0.6380857229232788,0.3139941990375519
YHR200W,YBL055C,0,0.8029008,0.16931216418743134,0.6380857229232788,0.314094215631485
YDL130W,YJR068W,0,0.80227834,0.16926738619804382,0.6380857229232788,0.3141942620277405
YFR047C,YOR211C,0,0.8018163,0.1692226380109787,0.6380857229232788,0.3142942786216736
YIR021W,YAL048C,0,0.80159354,0.16917790472507477,0.6380857229232788,0.3143943250179291
YDR386W,YOL008W,0,0.7997185,0.16913318634033203,0.6380857229232788,0.3144943416118622
YCL050C,YOR065W,0,0.79968965,0.16908851265907288,0.6380857229232788,0.3145943880081177
YER033C,YLR298C,0,0.79954636,0.16904383897781372,0.6380857229232788,0.3146944046020508
YDL128W,YHR039C-A,1,0.7995326,0.16926327347755432,0.6390827298164368,0.3146944046020508
YLR369W,YDL185W,1,0.79918945,0.16948257386684418,0.6400797367095947,0.3146944046020508
YLR008C,YML072C,0,0.79917026,0.16943784058094025,0.6400797367095947,0.3147944509983063
YBL037W,YGR082W,0,0.79857266,0.1693931370973587,0.6400797367095947,0.3148944675922394
YDL030W,YPL157W,0,0.79826385,0.16934846341609955,0.6400797367095947,0.3149944841861725
YDR051C,YJL116C,0,0.79804057,0.1693038046360016,0.6400797367095947,0.315094530582428
YDR150W,YMR184W,0,0.79780227,0.16925916075706482,0.6400797367095947,0.3151945471763611
YDL185W,YHR039C-A,1,0.79779005,0.16947811841964722,0.6410767436027527,0.3151945471763611
YBR058C-A,YAL009W,0,0.7973322,0.16943345963954926,0.6410767436027527,0.3152945935726166
YPR007C,YMR230W,0,0.7969798,0.16938883066177368,0.6410767436027527,0.3153946101665497
YAL014C,YHR116W,0,0.7967069,0.1693442165851593,0.6410767436027527,0.3154946565628052
YGL219C,YBR045C,0,0.7963033,0.1692996323108673,0.6410767436027527,0.3155946731567383
YJR086W,YML009C,0,0.7961529,0.1692550629377365,0.6410767436027527,0.3156947195529938
YKL173W,YNL149C,0,0.7960685,0.1692105233669281,0.6410767436027527,0.3157947361469269
YNL103W,YIL145C,0,0.79604614,0.16916601359844208,0.6410767436027527,0.3158947825431824
YMR302C,YAR071W,0,0.7958591,0.16912151873111725,0.6410767436027527,0.3159947991371155
YLR089C,YEL064C,0,0.7958058,0.1690770387649536,0.6410767436027527,0.3160948157310486
YDR400W,YKR087C,0,0.7955773,0.16903260350227356,0.6410767436027527,0.3161948621273041
YGL093W,YBR022W,0,0.7945428,0.1689881682395935,0.6410767436027527,0.3162948787212372
YOR032C,YLR119W,0,0.79435813,0.16894377768039703,0.6410767436027527,0.3163949251174927
YNL037C,YOL075C,0,0.7930051,0.16889940202236176,0.6410767436027527,0.3164949417114258
YHL017W,YFL024C,0,0.79270816,0.16885504126548767,0.6410767436027527,0.3165949881076813
YGR156W,YBL063W,0,0.7925483,0.16881071031093597,0.6410767436027527,0.3166950047016144
YLR061W,YHL035C,0,0.79252434,0.16876640915870667,0.6410767436027527,0.3167950510978699
YKL145W,YGL044C,0,0.79249704,0.16872212290763855,0.6410767436027527,0.316895067691803
YML019W,YGR101W,0,0.7918247,0.16867786645889282,0.6410767436027527,0.3169950842857361
YPR028W,YGL006W,0,0.79177475,0.1686336249113083,0.6410767436027527,0.3170951306819916
YGR122W,YMR101C,0,0.79104257,0.16858941316604614,0.6410767436027527,0.3171951472759247
YDR139C,YGL009C,0,0.79090095,0.1685452163219452,0.6410767436027527,0.3172951936721802
YDL113C,YLR421C,0,0.79004085,0.16850104928016663,0.6410767436027527,0.3173952102661133
YMR286W,YHL031C,0,0.78997517,0.16845689713954926,0.6410767436027527,0.3174952566623688
YMR054W,YLR447C,1,0.7898475,0.16867469251155853,0.6420737504959106,0.3174952566623688
YKR061W,YIL172C,0,0.78981984,0.16863052546977997,0.6420737504959106,0.3175952732563019
YBR131W,YDL056W,0,0.7892612,0.1685863882303238,0.6420737504959106,0.3176953196525574
YDR507C,YBR244W,0,0.78901035,0.1685422658920288,0.6420737504959106,0.3177953362464905
YPL175W,YDL113C,0,0.78885484,0.1684981733560562,0.6420737504959106,0.31789538264274597
YGL160W,YNL130C,0,0.78862876,0.1684540957212448,0.6420737504959106,0.3179953992366791
YJR045C,YJL013C,0,0.7884121,0.1684100478887558,0.6420737504959106,0.3180954158306122
YGR235C,YDR027C,0,0.7882503,0.16836601495742798,0.6420737504959106,0.3181954622268677
YDL240W,YGL006W,0,0.78781354,0.16832201182842255,0.6420737504959106,0.3182954788208008
YHR098C,YIL013C,0,0.7878003,0.1682780236005783,0.6420737504959106,0.3183955252170563
YML006C,YJR040W,1,0.7872211,0.1684952974319458,0.6430708169937134,0.3183955252170563
YMR221C,YDR037W,0,0.78716314,0.16845129430294037,0.6430708169937134,0.3184955418109894
YJR159W,YJR076C,0,0.78712225,0.16840730607509613,0.6430708169937134,0.3185955882072449
YGR224W,YPR052C,0,0.78709084,0.16836334764957428,0.6430708169937134,0.318695604801178
YLR052W,YDL188C,0,0.78658974,0.16831941902637482,0.6430708169937134,0.31879565119743347
YER065C,YGR094W,0,0.78650326,0.16827550530433655,0.6430708169937134,0.3188956677913666
YGR202C,YAL056W,0,0.78642726,0.16823160648345947,0.6430708169937134,0.3189956843852997
YOL130W,YNR047W,0,0.78590494,0.16818773746490479,0.6430708169937134,0.3190957307815552
YML031W,YIR019C,0,0.78574175,0.16814389824867249,0.6430708169937134,0.3191957473754883
YPL202C,YDL142C,1,0.78552246,0.16836069524288177,0.6440678238868713,0.3191957473754883
YIL123W,YCR053W,0,0.78543687,0.1683168262243271,0.6440678238868713,0.3192957937717438
YHR050W,YMR104C,0,0.78505075,0.1682729870080948,0.6440678238868713,0.3193958103656769
YLR369W,YCL017C,1,0.7843837,0.16848959028720856,0.6450648307800293,0.3193958103656769
YNL094W,YAL020C,0,0.7839986,0.16844572126865387,0.6450648307800293,0.3194958567619324
YMR192W,YEL013W,0,0.7837383,0.16840186715126038,0.6450648307800293,0.3195958733558655
YML087C,YDR287W,0,0.7833819,0.16835805773735046,0.6450648307800293,0.31969591975212097
YLR419W,YDL139C,0,0.78318316,0.16831426322460175,0.6450648307800293,0.3197959363460541
YNL003C,YOR149C,0,0.78314507,0.16827048361301422,0.6450648307800293,0.31989598274230957
YBR085W,YDR028C,0,0.78302044,0.16822673380374908,0.6450648307800293,0.3199959993362427
YBR254C,YDL100C,0,0.7828469,0.16818299889564514,0.6450648307800293,0.3200960159301758
YPL177C,YMR243C,1,0.78282595,0.1683991700410843,0.6460618376731873,0.3200960159301758
YER095W,YLR143W,0,0.781869,0.16835542023181915,0.6460618376731873,0.3201960623264313
YDR219C,YHL035C,0,0.781725,0.1683116853237152,0.6460618376731873,0.3202960789203644
YPL202C,YBR097W,0,0.78157634,0.16826798021793365,0.6460618376731873,0.3203961253166199
YHR065C,YDL132W,0,0.78119636,0.1682243049144745,0.6460618376731873,0.320496141910553
YDR104C,YPR081C,0,0.7806468,0.1681806445121765,0.6460618376731873,0.32059618830680847
YIL008W,YMR198W,0,0.7804836,0.16813699901103973,0.6460618376731873,0.3206962049007416
YKL049C,YMR092C,0,0.7804104,0.16809338331222534,0.6460618376731873,0.32079625129699707
YDR376W,YAL044C,0,0.7803524,0.16804979741573334,0.6460618376731873,0.3208962678909302
YDR265W,YER042W,0,0.7802582,0.16800622642040253,0.6460618376731873,0.3209962844848633
YEL051W,YHR039C-A,1,0.77965635,0.1682218760251999,0.6470588445663452,0.3209962844848633
YGR029W,YDR436W,1,0.77936566,0.1684374213218689,0.6480558514595032,0.3209962844848633
YDR529C,YBR136W,0,0.77920336,0.16839377582073212,0.6480558514595032,0.3210963308811188
YOR361C,YDR206W,0,0.77915657,0.16835017502307892,0.6480558514595032,0.3211963474750519
YOR103C,YHR202W,0,0.77871513,0.16830657422542572,0.6480558514595032,0.3212963938713074
YLR419W,YLL018C-A,0,0.7786267,0.1682630032300949,0.6480558514595032,0.3213964104652405
YLR318W,YDR450W,0,0.7783051,0.1682194620370865,0.6480558514595032,0.32149645686149597
YGL090W,YNL245C,0,0.7778859,0.16817593574523926,0.6480558514595032,0.3215964734554291
YNL142W,YBR211C,0,0.77679694,0.16813243925571442,0.6480558514595032,0.32169651985168457
YDR162C,YHR143W-A,0,0.77635825,0.16808895766735077,0.6480558514595032,0.3217965364456177
YLR239C,YOL094C,0,0.7754677,0.1680455058813095,0.6480558514595032,0.32189658284187317
YNL190W,YOR231W,0,0.7751728,0.16800206899642944,0.6480558514595032,0.3219965994358063
YOR066W,YMR149W,0,0.7748947,0.16795866191387177,0.6480558514595032,0.3220966160297394
YLR239C,YIL074C,0,0.77454567,0.16791526973247528,0.6480558514595032,0.3221966624259949
YDL120W,YLR126C,1,0.77448857,0.16813015937805176,0.6490528583526611,0.3221966624259949
YLR333C,YBR268W,0,0.77396697,0.16808675229549408,0.6490528583526611,0.322296679019928
YDR524C,YDL103C,0,0.7738972,0.1680433601140976,0.6490528583526611,0.32239672541618347
YHR025W,YGL191W,0,0.7738219,0.1679999977350235,0.6490528583526611,0.3224967420101166
YLL050C,YHL013C,0,0.7724693,0.1679566502571106,0.6490528583526611,0.32259678840637207
YHR086W,YMR116C,0,0.7724333,0.16791333258152008,0.6490528583526611,0.3226968050003052
YGR292W,YER003C,0,0.77160525,0.16787002980709076,0.6490528583526611,0.32279685139656067
YPL029W,YIL119C,0,0.77130353,0.16782675683498383,0.6490528583526611,0.3228968679904938
YLR433C,YML006C,1,0.7701697,0.16804124414920807,0.6500498652458191,0.3228968679904938
YCR089W,YGR108W,0,0.77009964,0.16799794137477875,0.6500498652458191,0.3229968845844269
YCR028C-A,YDR224C,0,0.77009654,0.16795466840267181,0.6500498652458191,0.3230969309806824
YJL196C,YMR283C,0,0.7698833,0.16791141033172607,0.6500498652458191,0.3231969475746155
YBR102C,YGL009C,0,0.76971316,0.16786818206310272,0.6500498652458191,0.32329699397087097
YJR150C,YDR134C,0,0.76956373,0.16782496869564056,0.6500498652458191,0.3233970105648041
YDR092W,YJL174W,0,0.7694516,0.1677817851305008,0.6500498652458191,0.32349705696105957
YBL078C,YDR244W,0,0.76926655,0.16773861646652222,0.6500498652458191,0.3235970735549927
YER183C,YGL100W,0,0.7691782,0.16769547760486603,0.6500498652458191,0.32369711995124817
YMR220W,YGL100W,0,0.76893973,0.16765235364437103,0.6500498652458191,0.3237971365451813
YML013W,YER106W,0,0.7688521,0.16760925948619843,0.6500498652458191,0.32389718294143677
YNL183C,YMR274C,0,0.7686951,0.167566180229187,0.6500498652458191,0.3239971995353699
YPL179W,YEL064C,0,0.7686197,0.16752313077449799,0.6500498652458191,0.324097216129303
YNL242W,YGL032C,0,0.768468,0.16748009622097015,0.6500498652458191,0.32419726252555847
YLR438C-A,YDR528W,0,0.7683067,0.16743707656860352,0.6500498652458191,0.3242972791194916
YPR081C,YGR088W,0,0.7682071,0.16739410161972046,0.6500498652458191,0.32439732551574707
YDR182W,YCR088W,0,0.7680335,0.1673511266708374,0.6500498652458191,0.3244973421096802
YJR084W,YOL039W,0,0.7677041,0.16730818152427673,0.6500498652458191,0.32459738850593567
YML022W,YLR205C,0,0.76746964,0.16726526618003845,0.6500498652458191,0.3246974050998688
YJL044C,YLR284C,0,0.7670976,0.16722236573696136,0.6500498652458191,0.32479745149612427
YNL103W,YBR228W,0,0.7669008,0.16717948019504547,0.6500498652458191,0.3248974680900574
YDR257C,YER062C,0,0.7665745,0.16713662445545197,0.6500498652458191,0.3249974846839905
YOR217W,YGL009C,0,0.766448,0.16709379851818085,0.6500498652458191,0.32509753108024597
YDL207W,YLR167W,0,0.76619184,0.16705098748207092,0.6500498652458191,0.3251975476741791
YJL033W,YIR006C,0,0.76583457,0.1670081913471222,0.6500498652458191,0.32529759407043457
YKR046C,YNL213C,0,0.7658236,0.16696542501449585,0.6500498652458191,0.3253976106643677
YKL096W,YOR058C,0,0.7656485,0.1669226884841919,0.6500498652458191,0.32549765706062317
YBR048W,YDL069C,0,0.7654878,0.16687995195388794,0.6500498652458191,0.3255976736545563
YHL013C,YHR026W,0,0.7646383,0.16683726012706757,0.6500498652458191,0.32569772005081177
YMR094W,YNL251C,0,0.76461726,0.1667945832014084,0.6500498652458191,0.3257977366447449
YGR088W,YDL044C,0,0.7645878,0.1667519211769104,0.6500498652458191,0.32589778304100037
YKL069W,YDR395W,0,0.7645674,0.1667092889547348,0.6500498652458191,0.32599779963493347
YIR008C,YBR229C,0,0.7643701,0.1666666716337204,0.6500498652458191,0.3260978162288666
YIR021W,YDR100W,0,0.7639667,0.1666240692138672,0.6500498652458191,0.32619786262512207
YML058W,YBR065C,0,0.7638245,0.16658149659633636,0.6500498652458191,0.3262978792190552
YJL180C,YOR242C,0,0.76288503,0.16653895378112793,0.6500498652458191,0.32639792561531067
YNR012W,YGR026W,0,0.762668,0.1664964258670807,0.6500498652458191,0.3264979422092438
YHR202W,YEL027W,0,0.7621124,0.16645391285419464,0.6500498652458191,0.32659798860549927
YNR043W,YDR018C,0,0.7619666,0.16641142964363098,0.6500498652458191,0.3266980051994324
YDR180W,YKL035W,0,0.76146287,0.1663689762353897,0.6500498652458191,0.32679805159568787
YDL232W,YPR052C,0,0.7613991,0.16632653772830963,0.6500498652458191,0.32689806818962097
YNL062C,YKR039W,0,0.76110744,0.16628411412239075,0.6500498652458191,0.3269980847835541
YMR177W,YDR495C,1,0.76007485,0.16649667918682098,0.651046872138977,0.3269980847835541
YCR020C,YFL036W,0,0.7595409,0.1664542406797409,0.651046872138977,0.32709813117980957
YPL226W,YML085C,0,0.75918967,0.16641183197498322,0.651046872138977,0.3271981477737427
YGR125W,YBL016W,0,0.75895786,0.16636942327022552,0.651046872138977,0.32729819416999817
YEL051W,YMR301C,1,0.7582323,0.16658176481723785,0.652043879032135,0.32729819416999817
YLR200W,YJL136C,0,0.7575547,0.16653934121131897,0.652043879032135,0.3273982107639313
YNL185C,YFR003C,0,0.75755334,0.16649694740772247,0.652043879032135,0.32749825716018677
YPL095C,YPL157W,0,0.7571558,0.16645456850528717,0.652043879032135,0.3275982737541199
YGL156W,YNL149C,0,0.75712687,0.16641221940517426,0.652043879032135,0.32769832015037537
YJL080C,YLR393W,0,0.7564982,0.16636988520622253,0.652043879032135,0.32779833674430847
YKL188C,YGL156W,0,0.75614166,0.166327565908432,0.652043879032135,0.32789838314056396
YGR138C,YOL092W,0,0.7556437,0.16628527641296387,0.652043879032135,0.32799839973449707
YHL001W,YJL073W,0,0.7553974,0.16624301671981812,0.652043879032135,0.3280984163284302
YGL020C,YJL059W,1,0.7553689,0.16645489633083344,0.653040885925293,0.3280984163284302
YIL070C,YLR131C,0,0.7550841,0.1664126068353653,0.653040885925293,0.32819846272468567
YBR103W,YMR152W,0,0.7544162,0.16637033224105835,0.653040885925293,0.3282984793186188
YGR262C,YGR202C,0,0.7541378,0.1663280874490738,0.653040885925293,0.32839852571487427
YKL006C-A,YPL132W,0,0.75409245,0.16628585755825043,0.653040885925293,0.3284985423088074
YOR010C,YBR302C,0,0.75406134,0.16624365746974945,0.653040885925293,0.32859858870506287
YNL142W,YDL112W,0,0.7536118,0.16620147228240967,0.653040885925293,0.32869860529899597
YER026C,YHR070W,0,0.7533952,0.16615931689739227,0.653040885925293,0.32879865169525146
YER021W,YIR006C,0,0.75313437,0.16611717641353607,0.653040885925293,0.32889866828918457
YGR192C,YNL035C,0,0.7529596,0.16607505083084106,0.653040885925293,0.3289986848831177
YJR033C,YDR202C,1,0.7527119,0.166286438703537,0.6540378928184509,0.3289986848831177
YGL136C,YDR236C,0,0.7520887,0.1662442982196808,0.6540378928184509,0.32909873127937317
YLR447C,YLR136C,1,0.7513237,0.16645553708076477,0.6550348997116089,0.32909873127937317
YMR257C,YDL243C,0,0.7505628,0.16641336679458618,0.6550348997116089,0.3291987478733063
YLR432W,YPR124W,0,0.7502313,0.16637122631072998,0.6550348997116089,0.32929879426956177
YBR251W,YPL086C,0,0.7500634,0.16632911562919617,0.6550348997116089,0.3293988108634949
YNR032C-A,YDL033C,0,0.7500604,0.16628701984882355,0.6550348997116089,0.32949885725975037
YDR014W,YOL071W,0,0.74935037,0.16624493896961212,0.6550348997116089,0.32959887385368347
YOL042W,YDL139C,0,0.7492708,0.16620288789272308,0.6550348997116089,0.32969892024993896
YDR385W,YOR375C,0,0.74882734,0.16616085171699524,0.6550348997116089,0.32979893684387207
YJR049C,YOR226C,1,0.7482475,0.166371688246727,0.6560319066047668,0.32979893684387207
YJL165C,YOR346W,0,0.7477378,0.16632962226867676,0.6560319066047668,0.32989898324012756
YNL270C,YML009C,0,0.7476802,0.1662875860929489,0.6560319066047668,0.32999899983406067
YER133W,YDR182W,1,0.74743456,0.16649822890758514,0.6570289134979248,0.32999899983406067
YIL009C-A,YNL270C,0,0.74697375,0.1664561778306961,0.6570289134979248,0.3300990164279938
YOL060C,YGL020C,1,0.7468991,0.1666666716337204,0.6580259203910828,0.3300990164279938
YBR078W,YKL063C,0,0.7448915,0.16662459075450897,0.6580259203910828,0.33019906282424927
YDR276C,YBL061C,0,0.7448721,0.16658253967761993,0.6580259203910828,0.3302990794181824
YOR019W,YNL227C,0,0.744453,0.1665405035018921,0.6580259203910828,0.33039912581443787
YJL118W,YIL144W,0,0.7441418,0.16649848222732544,0.6580259203910828,0.33049914240837097
YLR035C,YDR127W,0,0.74333185,0.16645649075508118,0.6580259203910828,0.33059918880462646
YDR430C,YMR297W,0,0.7428515,0.1664145290851593,0.6580259203910828,0.33069920539855957
YDR096W,YIL039W,0,0.74269515,0.16637256741523743,0.6580259203910828,0.33079925179481506
YMR059W,YPR068C,0,0.742613,0.16633065044879913,0.6580259203910828,0.33089926838874817
YEL065W,YGR060W,0,0.74248195,0.16628873348236084,0.6580259203910828,0.3309992849826813
YPR148C,YAL032C,0,0.74200785,0.16624684631824493,0.6580259203910828,0.33109933137893677
YLL066C,YDR012W,0,0.74154043,0.16620498895645142,0.6580259203910828,0.3311993479728699
YBR015C,YDL220C,0,0.7414763,0.1661631464958191,0.6580259203910828,0.33129939436912537
YBR003W,YLL011W,0,0.74138486,0.16612131893634796,0.6580259203910828,0.33139941096305847
YNL087W,YDR004W,0,0.741183,0.16607952117919922,0.6580259203910828,0.33149945735931396
YDR376W,YKL190W,1,0.74115425,0.1662893146276474,0.6590229272842407,0.33149945735931396
YLR205C,YOR088W,1,0.7404697,0.16649898886680603,0.6600199341773987,0.33149945735931396
YCR070W,YJL002C,0,0.74044746,0.1664571315050125,0.6600199341773987,0.33159947395324707
YKR100C,YHR039C-B,0,0.740437,0.1664152890443802,0.6600199341773987,0.33169952034950256
YOR240W,YEL004W,0,0.7404038,0.16637346148490906,0.6600199341773987,0.33179953694343567
YCL062W,YJR105W,0,0.7403979,0.16633166372776031,0.6600199341773987,0.33189958333969116
YHR039C-B,YPL178W,0,0.74037665,0.16628988087177277,0.6600199341773987,0.33199959993362427
YCR070W,YIL150C,0,0.74030423,0.1662481129169464,0.6600199341773987,0.3320996165275574
YJL090C,YJL021C,0,0.7401478,0.16620637476444244,0.6600199341773987,0.33219966292381287
YIL030C,YOR195W,0,0.73992157,0.16616465151309967,0.6600199341773987,0.33229967951774597
YER074W-A,YPL100W,0,0.73990345,0.16612295806407928,0.6600199341773987,0.33239972591400146
YML033W,YJR123W,0,0.7397914,0.1660812795162201,0.6600199341773987,0.33249974250793457
YDR314C,YDL239C,0,0.7396893,0.1660396307706833,0.6600199341773987,0.33259978890419006
YHR039C-B,YMR243C,1,0.7395701,0.16624875366687775,0.6610169410705566,0.33259978890419006
YPR068C,YMR264W,0,0.7394974,0.16620707511901855,0.6610169410705566,0.33269980549812317
YHR039C-B,YDR270W,1,0.73888373,0.16641603410243988,0.6620139479637146,0.33269980549812317
YFR024C,YNL145W,0,0.7387824,0.1663743406534195,0.6620139479637146,0.33279985189437866
YER026C,YCL062W,0,0.7384709,0.1663326621055603,0.6620139479637146,0.33289986848831177
YOR181W,YPL097W,0,0.738456,0.1662910133600235,0.6620139479637146,0.3329998850822449
YDR465C,YOR229W,0,0.73842335,0.1662493795156479,0.6620139479637146,0.33309993147850037
YKL026C,YHR039C-B,0,0.7378838,0.16620776057243347,0.6620139479637146,0.33319994807243347
YMR015C,YLR119W,0,0.7378257,0.16616617143154144,0.6620139479637146,0.33329999446868896
YPR155C,YOL115W,0,0.73774946,0.1661245971918106,0.6620139479637146,0.33340001106262207
YJR144W,YER108C,0,0.7377348,0.16608303785324097,0.6620139479637146,0.33350005745887756
YBR094W,YPR185W,0,0.7374932,0.1660415083169937,0.6620139479637146,0.33360007405281067
YDR468C,YJL018W,0,0.7373641,0.16599999368190765,0.6620139479637146,0.33370012044906616
YKR050W,YJL072C,0,0.7372616,0.16595850884914398,0.6620139479637146,0.33380013704299927
YML033W,YHL018W,0,0.7370291,0.1659170389175415,0.6620139479637146,0.33390018343925476
YDR038C,YMR278W,0,0.73693264,0.1658755987882614,0.6620139479637146,0.33400020003318787
YNL126W,YCL012W,0,0.73672354,0.16583415865898132,0.6620139479637146,0.33410021662712097
YBR233W-A,YNL086W,0,0.73665535,0.16579276323318481,0.6620139479637146,0.33420026302337646
YDL185W,YHR079C-B,0,0.73641074,0.1657513678073883,0.6620139479637146,0.33430027961730957
YIL051C,YKL069W,0,0.73623514,0.16571000218391418,0.6620139479637146,0.33440032601356506
YHR024C,YNL181W,0,0.7351699,0.16566866636276245,0.6620139479637146,0.33450034260749817
YML088W,YCR058C,0,0.7350922,0.1656273454427719,0.6620139479637146,0.33460038900375366
YOR054C,YOR088W,1,0.7350569,0.1658354103565216,0.6630109548568726,0.33460038900375366
YBR014C,YMR291W,0,0.73498833,0.16579405963420868,0.6630109548568726,0.33470040559768677
YMR154C,YLR337W,0,0.7347478,0.16575273871421814,0.6630109548568726,0.33480045199394226
YDL025C,YCR058C,0,0.73474467,0.1657114326953888,0.6630109548568726,0.33490046858787537
YLL021W,YCL051W,0,0.73473686,0.16567015647888184,0.6630109548568726,0.33500051498413086
YOR240W,YJR088C,0,0.73466146,0.16562889516353607,0.6630109548568726,0.33510053157806396
YDR084C,YJR043C,0,0.73448765,0.1655876487493515,0.6630109548568726,0.33520054817199707
YHR039C-B,YOL101C,1,0.73422056,0.16579537093639374,0.6640079617500305,0.33520054817199707
YLR246W,YNL224C,0,0.7339882,0.16575410962104797,0.6640079617500305,0.33530059456825256
YHR039C-B,YDR098C,1,0.7338293,0.16596168279647827,0.6650049686431885,0.33530059456825256
YMR021C,YJL056C,1,0.733801,0.1661691516637802,0.6660019755363464,0.33530059456825256
YER021W,YJL047C,0,0.7336038,0.16612783074378967,0.6660019755363464,0.33540061116218567
YEL006W,YFL022C,0,0.7335931,0.16608652472496033,0.6660019755363464,0.33550065755844116
YGL077C,YPL057C,0,0.73357403,0.16604523360729218,0.6660019755363464,0.33560067415237427
YKL137W,YLR378C,0,0.73330384,0.1660039722919464,0.6660019755363464,0.33570072054862976
YPL153C,YOL092W,0,0.73307675,0.16596272587776184,0.6660019755363464,0.33580073714256287
YGL206C,YAL015C,0,0.7330193,0.16592150926589966,0.6660019755363464,0.33590078353881836
YGL125W,YMR289W,0,0.73300874,0.16588030755519867,0.6660019755363464,0.33600080013275146
YJL018W,YER177W,0,0.7328439,0.16583912074565887,0.6660019755363464,0.33610081672668457
YMR202W,YHR079C-B,0,0.73273873,0.16579796373844147,0.6660019755363464,0.33620086312294006
YHR079C-B,YOR234C,0,0.73230135,0.16575682163238525,0.6660019755363464,0.33630087971687317
YIR036C,YKL055C,0,0.732245,0.16571570932865143,0.6660019755363464,0.33640092611312866
YMR072W,YCL012W,0,0.7321444,0.1656745970249176,0.6660019755363464,0.33650094270706177
YOR143C,YCL051W,0,0.73197335,0.16563352942466736,0.6660019755363464,0.33660098910331726
YKL011C,YEL051W,0,0.7318994,0.16559246182441711,0.6660019755363464,0.33670100569725037
YIL138C,YML033W,0,0.7317412,0.16555142402648926,0.6660019755363464,0.33680105209350586
YHR165C,YAL068C,0,0.7316035,0.1655104011297226,0.6660019755363464,0.33690106868743896
YGL144C,YHR005C,0,0.731307,0.16546940803527832,0.6660019755363464,0.33700111508369446
YOR054C,YDR202C,1,0.7311071,0.1656760722398758,0.6669989824295044,0.33700111508369446
YHR107C,YDR079C-A,0,0.7309871,0.16563506424427032,0.6669989824295044,0.33710113167762756
YGL104C,YNL123W,0,0.7309324,0.16559405624866486,0.6669989824295044,0.33720114827156067
YGR272C,YGR047C,0,0.7307478,0.16555307805538177,0.6669989824295044,0.33730119466781616
YHR039C-B,YER133W,1,0.73070854,0.16575951874256134,0.6679959893226624,0.33730119466781616
YLL051C,YOR088W,1,0.7302481,0.16596587002277374,0.6689929962158203,0.33730119466781616
YOR240W,YJL181W,0,0.7299973,0.1659248322248459,0.6689929962158203,0.33740121126174927
YGL006W,YOR088W,1,0.72993934,0.16613101959228516,0.6699900031089783,0.33740121126174927
YCL012W,YNL088W,0,0.7299053,0.1660899668931961,0.6699900031089783,0.33750125765800476
YNL321W,YKL059C,0,0.7297642,0.16604892909526825,0.6699900031089783,0.33760127425193787
YOR035C,YNL045W,0,0.7295914,0.1660079061985016,0.6699900031089783,0.33770132064819336
YNL318C,YDR287W,0,0.72938967,0.16596689820289612,0.6699900031089783,0.33780133724212646
YFR010W,YIR006C,0,0.7292427,0.16592592000961304,0.6699900031089783,0.33790138363838196
YNR011C,YER074W-A,0,0.7289556,0.16588497161865234,0.6699900031089783,0.33800140023231506
YML033W,YOL032W,0,0.72883296,0.16584402322769165,0.6699900031089783,0.33810141682624817
YNL180C,YPL220W,0,0.72854275,0.16580310463905334,0.6699900031089783,0.33820146322250366
YOR011W,YCL012W,0,0.7284781,0.16576221585273743,0.6699900031089783,0.33830147981643677
YIL093C,YOR060C,0,0.72774756,0.1657213270664215,0.6699900031089783,0.33840152621269226
YBR101C,YHR079C-B,0,0.7275384,0.16568046808242798,0.6699900031089783,0.33850154280662537
YLR223C,YGL090W,0,0.7274369,0.16563963890075684,0.6699900031089783,0.33860158920288086
YDR490C,YJL062W-A,0,0.7272872,0.1655988097190857,0.6699900031089783,0.33870160579681396
YGL100W,YJR161C,0,0.7272052,0.16555802524089813,0.6699900031089783,0.33880165219306946
YDL156W,YCR058C,0,0.72667056,0.16551724076271057,0.6699900031089783,0.33890166878700256
YFL005W,YPL081W,0,0.7266653,0.1654764860868454,0.6699900031089783,0.33900171518325806
YPL026C,YHR039C-B,0,0.72661245,0.16543574631214142,0.6699900031089783,0.33910173177719116
YER026C,YBR077C,0,0.7265999,0.16539502143859863,0.6699900031089783,0.33920174837112427
YEL027W,YLR207W,0,0.726537,0.16535432636737823,0.6699900031089783,0.33930179476737976
YPL195W,YML033W,0,0.7259933,0.16531364619731903,0.6699900031089783,0.33940181136131287
YOL002C,YMR243C,1,0.7257903,0.16551893949508667,0.6709870100021362,0.33940181136131287
YBR123C,YBR038W,0,0.7254603,0.16547824442386627,0.6709870100021362,0.33950185775756836
YOR100C,YDR328C,0,0.724789,0.16543756425380707,0.6709870100021362,0.33960187435150146
YHL040C,YER131W,0,0.72450095,0.16539689898490906,0.6709870100021362,0.33970192074775696
YGR231C,YNL021W,0,0.72443914,0.16535626351833344,0.6709870100021362,0.33980193734169006
YER025W,YER108C,0,0.72427887,0.165315642952919,0.6709870100021362,0.33990198373794556
YGR191W,YDR105C,0,0.72421575,0.16527505218982697,0.6709870100021362,0.34000200033187866
YER072W,YOR156C,0,0.7241633,0.16523447632789612,0.6709870100021362,0.34010201692581177
YCL064C,YBL099W,0,0.7240412,0.16519391536712646,0.6709870100021362,0.34020206332206726
YGL232W,YHR108W,0,0.7238823,0.165153369307518,0.6709870100021362,0.34030207991600037
YGR170W,YCL033C,0,0.72361684,0.16511285305023193,0.6709870100021362,0.34040212631225586
YGR129W,YLR220W,0,0.72301996,0.16507235169410706,0.6709870100021362,0.34050214290618896
YPL162C,YGL070C,0,0.72288275,0.16503188014030457,0.6709870100021362,0.34060218930244446
YLR378C,YLR039C,0,0.7225764,0.16499142348766327,0.6709870100021362,0.34070220589637756
YPL186C,YJR153W,0,0.72209066,0.16495098173618317,0.6709870100021362,0.34080225229263306
YKR022C,YNL082W,0,0.72139317,0.16491055488586426,0.6709870100021362,0.34090226888656616
YDR045C,YBR212W,0,0.72126806,0.16487015783786774,0.6709870100021362,0.34100231528282166
YOL138C,YCL062W,0,0.72121847,0.1648297756910324,0.6709870100021362,0.34110233187675476
YDL106C,YGL127C,0,0.72107863,0.16478942334651947,0.6709870100021362,0.34120234847068787
YPR082C,YOL006C,0,0.720561,0.16474908590316772,0.6709870100021362,0.34130239486694336
YBR234C,YDR326C,0,0.7204232,0.16470876336097717,0.6709870100021362,0.34140241146087646
YGL135W,YDR084C,0,0.72037697,0.16466845571994781,0.6709870100021362,0.34150245785713196
YJR045C,YKL150W,0,0.72007465,0.16462817788124084,0.6709870100021362,0.34160247445106506
YLR433C,YNL259C,1,0.72006476,0.1648324728012085,0.671984076499939,0.34160247445106506
YOR189W,YBL071W-A,0,0.71946955,0.16479218006134033,0.671984076499939,0.34170252084732056
YGL119W,YPL160W,0,0.7191843,0.16475188732147217,0.671984076499939,0.34180253744125366
YJL115W,YOR182C,0,0.7189654,0.16471163928508759,0.671984076499939,0.34190258383750916
YJL204C,YNR054C,0,0.71876323,0.164671391248703,0.671984076499939,0.34200260043144226
YGL105W,YHL038C,0,0.718608,0.1646311730146408,0.671984076499939,0.34210261702537537
YMR121C,YKL208W,0,0.71834105,0.1645909696817398,0.671984076499939,0.34220266342163086
YBR205W,YDL030W,0,0.7182034,0.16455078125,0.671984076499939,0.34230268001556396
YKR095W,YML125C,0,0.7180706,0.16451062262058258,0.671984076499939,0.34240272641181946
YHR039C-B,YML023C,0,0.71708167,0.16447047889232635,0.671984076499939,0.34250274300575256
YOR339C,YBR272C,0,0.7170478,0.16443035006523132,0.671984076499939,0.34260278940200806
YMR139W,YGL086W,0,0.7167983,0.16439025104045868,0.671984076499939,0.34270280599594116
YDL051W,YCL039W,0,0.7167254,0.16435015201568604,0.671984076499939,0.34280285239219666
YHR090C,YER054C,0,0.71663207,0.16431009769439697,0.671984076499939,0.34290286898612976
YJL097W,YDR316W-B,0,0.7165289,0.1642700433731079,0.671984076499939,0.34300291538238525
YPL224C,YPL283C,0,0.71610487,0.16423001885414124,0.671984076499939,0.34310293197631836
YPL194W,YGR008C,0,0.7160276,0.16419000923633575,0.671984076499939,0.34320294857025146
YDR098C-A,YGR001C,0,0.7155349,0.16415002942085266,0.671984076499939,0.34330299496650696
YDR356W,YGL257C,0,0.7154887,0.16411004960536957,0.671984076499939,0.34340301156044006
YGR188C,YPR063C,0,0.7154169,0.16407011449337006,0.671984076499939,0.34350305795669556
YOR132W,YDR126W,0,0.7152907,0.16403017938137054,0.671984076499939,0.34360307455062866
YLR204W,YOR346W,0,0.7151704,0.16399027407169342,0.671984076499939,0.34370312094688416
YIL062C,YGR272C,0,0.71513605,0.1639503836631775,0.671984076499939,0.34380313754081726
YIL037C,YOR088W,0,0.71487045,0.16391050815582275,0.671984076499939,0.34390318393707275
YBR215W,YPR166C,0,0.7148606,0.1638706475496292,0.671984076499939,0.34400320053100586
YGL097W,YMR074C,0,0.7147312,0.16383081674575806,0.671984076499939,0.34410321712493896
YLL009C,YPL158C,0,0.714658,0.1637910157442093,0.671984076499939,0.34420326352119446
YLR265C,YGL155W,0,0.7144694,0.16375121474266052,0.671984076499939,0.34430328011512756
YMR017W,YLR227W-A,0,0.71420753,0.16371144354343414,0.671984076499939,0.34440332651138306
YJR017C,YCR009C,0,0.7134543,0.16367168724536896,0.671984076499939,0.34450334310531616
YPR019W,YMR204C,0,0.71342385,0.16363194584846497,0.671984076499939,0.34460338950157166
YPL177C,YGR109C,0,0.71336234,0.16359223425388336,0.671984076499939,0.34470340609550476
YHL028W,YDL020C,0,0.71327025,0.16355253756046295,0.671984076499939,0.34480345249176025
YGL208W,YIL129C,0,0.71321076,0.16351285576820374,0.671984076499939,0.34490346908569336
YDL120W,YOR381W,1,0.7130679,0.16371573507785797,0.6729810833930969,0.34490346908569336
YDR265W,YLR337W,0,0.7129053,0.16367603838443756,0.6729810833930969,0.34500351548194885
YBR156C,YNL265C,0,0.7128942,0.16363635659217834,0.6729810833930969,0.34510353207588196
YCR027C,YPL170W,0,0.7124901,0.16359670460224152,0.6729810833930969,0.34520354866981506
YGR212W,YDR268W,0,0.7123935,0.16355706751346588,0.6729810833930969,0.34530359506607056
YOR171C,YHR079C-B,0,0.7121519,0.16351744532585144,0.6729810833930969,0.34540361166000366
YJR075W,YIL110W,0,0.71207726,0.1634778380393982,0.6729810833930969,0.34550365805625916
YKL125W,YML057W,0,0.7120481,0.16343826055526733,0.6729810833930969,0.34560367465019226
YDR495C,YOR088W,1,0.71202564,0.16364076733589172,0.6739780902862549,0.34560367465019226
YER023W,YLR388W,0,0.71194416,0.16360116004943848,0.6739780902862549,0.34570372104644775
YKL209C,YJR088C,0,0.7117203,0.16356158256530762,0.6739780902862549,0.34580373764038086
YFL044C,YHR107C,0,0.71171284,0.16352201998233795,0.6739780902862549,0.34590378403663635
YDL190C,YIR036C,0,0.7116083,0.16348247230052948,0.6739780902862549,0.34600380063056946
YIR035C,YML074C,0,0.71153647,0.1634429395198822,0.6739780902862549,0.34610381722450256
YLR037C,YBR058C,0,0.71062016,0.1634034365415573,0.6739780902862549,0.34620386362075806
YDL175C,YKL218C,0,0.71053064,0.16336394846439362,0.6739780902862549,0.34630388021469116
YLR343W,YOR088W,0,0.7102177,0.1633244752883911,0.6739780902862549,0.34640392661094666
YER160C,YCR020C,0,0.70982516,0.1632850170135498,0.6739780902862549,0.34650394320487976
YDR313C,YGL246C,0,0.70974505,0.16324558854103088,0.6739780902862549,0.34660398960113525
YMR058W,YOR088W,1,0.70945305,0.16344760358333588,0.6749750971794128,0.34660398960113525
YAL051W,YKL155C,0,0.7088596,0.16340816020965576,0.6749750971794128,0.34670400619506836
YIL063C,YLR308W,0,0.7087406,0.16336873173713684,0.6749750971794128,0.34680405259132385
YFR024C,YMR211W,0,0.70871544,0.1633293181657791,0.6749750971794128,0.34690406918525696
YDR507C,YML086C,0,0.7085441,0.16328991949558258,0.6749750971794128,0.34700411558151245
YDR252W,YAR044W,0,0.708416,0.16325053572654724,0.6749750971794128,0.34710413217544556
YML126C,YLR014C,0,0.7079915,0.1632111817598343,0.6749750971794128,0.34720414876937866
YBL101W-A,YLR399C,0,0.7076586,0.16317184269428253,0.6749750971794128,0.34730419516563416
YMR261C,YMR298W,0,0.7076486,0.16313253343105316,0.6749750971794128,0.34740421175956726
YAL013W,YNL065W,0,0.7075301,0.1630932241678238,0.6749750971794128,0.34750425815582275
YOR334W,YDR160W,0,0.7072159,0.1630539447069168,0.6749750971794128,0.34760427474975586
YDR439W,YDL091C,0,0.70685035,0.16301469504833221,0.6749750971794128,0.34770432114601135
YEL031W,YOL101C,1,0.70656085,0.16321617364883423,0.6759721040725708,0.34770432114601135
YGR090W,YDR028C,0,0.7060313,0.16317689418792725,0.6759721040725708,0.34780433773994446
YGR038C-A,YNL059C,0,0.70555127,0.16313762962818146,0.6759721040725708,0.34790438413619995
YCL047C,YAL020C,0,0.7055431,0.16309839487075806,0.6759721040725708,0.34800440073013306
YJL021C,YJL170C,0,0.7049979,0.16305916011333466,0.6759721040725708,0.34810441732406616
YKL119C,YGR020C,1,0.7044243,0.16326040029525757,0.6769691109657288,0.34810441732406616
YJL018W,YJR135C,0,0.70430887,0.16322115063667297,0.6769691109657288,0.34820446372032166
YNL125C,YDR533C,0,0.7040076,0.16318193078041077,0.6769691109657288,0.34830448031425476
YBR058C-A,YMR081C,0,0.7038083,0.16314272582530975,0.6769691109657288,0.34840452671051025
YLL039C,YAR044W,0,0.7037208,0.16310353577136993,0.6769691109657288,0.34850454330444336
YOR022C,YDL239C,0,0.70362574,0.1630643606185913,0.6769691109657288,0.34860458970069885
YHR167W,YDL154W,0,0.7033823,0.16302521526813507,0.6769691109657288,0.34870460629463196
YBR090C-A,YLR118C,0,0.703222,0.16298608481884003,0.6769691109657288,0.34880465269088745
YNR051C,YLR360W,0,0.7031378,0.16294696927070618,0.6769691109657288,0.34890466928482056
YDR065W,YGL151W,0,0.7022053,0.16290786862373352,0.6769691109657288,0.34900471568107605
YPR112C,YKR039W,0,0.7018219,0.16286879777908325,0.6769691109657288,0.34910473227500916
YCL064C,YGR124W,0,0.70148396,0.16282974183559418,0.6769691109657288,0.34920474886894226
YLR097C,YOL115W,0,0.7012147,0.1627907007932663,0.6769691109657288,0.34930479526519775
YJL048C,YPL215W,0,0.70099163,0.1627516746520996,0.6769691109657288,0.34940481185913086
YLL066C,YLR435W,0,0.7009491,0.1627126783132553,0.6769691109657288,0.34950485825538635
YLR418C,YHR113W,0,0.7009144,0.1626736968755722,0.6769691109657288,0.34960487484931946
YPR120C,YCR067C,0,0.70057523,0.1626347303390503,0.6769691109657288,0.34970492124557495
YPR156C,YNL270C,0,0.7003871,0.16259577870368958,0.6769691109657288,0.34980493783950806
YGR108W,YJR049C,0,0.70003074,0.16255685687065125,0.6769691109657288,0.34990498423576355
YMR247C,YKL027W,0,0.6999587,0.1625179499387741,0.6769691109657288,0.35000500082969666
YCL040W,YJL018W,0,0.6999414,0.16247905790805817,0.6769691109657288,0.35010501742362976
YGL222C,YOR227W,0,0.6996719,0.1624401956796646,0.6769691109657288,0.35020506381988525
YGL073W,YLR098C,0,0.6996157,0.16240133345127106,0.6769691109657288,0.35030508041381836
YHR187W,YOR192C-A,0,0.69948506,0.1623625010251999,0.6769691109657288,0.35040512681007385
YHL040C,YPR155C,0,0.6994641,0.1623236984014511,0.6769691109657288,0.35050514340400696
YOR090C,YER173W,0,0.69924766,0.16228489577770233,0.6769691109657288,0.35060518980026245
YGR038C-A,YHR187W,0,0.6988361,0.16224612295627594,0.6769691109657288,0.35070520639419556
YHR001W-A,YGL029W,0,0.6986238,0.16220736503601074,0.6769691109657288,0.35080525279045105
YOR064C,YDL019C,0,0.69853026,0.16216862201690674,0.6769691109657288,0.35090526938438416
YKL157W,YBL071W-A,0,0.6979852,0.16212989389896393,0.6769691109657288,0.35100531578063965
YBL030C,YGR027W-A,0,0.69797945,0.1620911955833435,0.6769691109657288,0.35110533237457275
YJR104C,YNL259C,1,0.69778603,0.16229116916656494,0.6779661178588867,0.35110533237457275
YML121W,YDR385W,0,0.6976974,0.16225244104862213,0.6779661178588867,0.35120534896850586
YDR239C,YPR042C,0,0.6976448,0.1622137427330017,0.6779661178588867,0.35130539536476135
YNL054W-B,YDR022C,0,0.69721615,0.16217505931854248,0.6779661178588867,0.35140541195869446
YNL284C-B,YCR038C,0,0.69710684,0.16213639080524445,0.6779661178588867,0.35150545835494995
YPL175W,YMR122W-A,0,0.6968687,0.1620977371931076,0.6779661178588867,0.35160547494888306
YHR079C-B,YCL054W,0,0.69645983,0.16205909848213196,0.6779661178588867,0.35170552134513855
YJL159W,YDR356W,0,0.6962427,0.1620204895734787,0.6779661178588867,0.35180553793907166
YNL287W,YLL057C,0,0.69597846,0.16198189556598663,0.6779661178588867,0.35190558433532715
YKL132C,YPL026C,0,0.6957531,0.16194331645965576,0.6779661178588867,0.35200560092926025
YML086C,YPR094W,0,0.6956519,0.16190476715564728,0.6779661178588867,0.35210561752319336
YHR039C-B,YLR447C,1,0.69562745,0.1621042639017105,0.6789631247520447,0.35210561752319336
YJL097W,YDL018C,0,0.6956171,0.16206568479537964,0.6789631247520447,0.35220566391944885
YBR045C,YHR214C-C,0,0.695378,0.16202712059020996,0.6789631247520447,0.35230568051338196
YBR110W,YDR052C,0,0.6952375,0.16198858618736267,0.6789631247520447,0.35240572690963745
YPL091W,YOL039W,0,0.69502854,0.16195006668567657,0.6789631247520447,0.35250574350357056
YER018C,YDL006W,0,0.6948962,0.16191156208515167,0.6789631247520447,0.35260578989982605
YOR069W,YOR088W,0,0.6944226,0.16187307238578796,0.6789631247520447,0.35270580649375916
YGL059W,YHR183W,0,0.6941068,0.16183459758758545,0.6789631247520447,0.35280585289001465
YPR128C,YAR007C,0,0.6940715,0.16179615259170532,0.6789631247520447,0.35290586948394775
YNR055C,YJL014W,0,0.6940429,0.1617577224969864,0.6789631247520447,0.35300591588020325
YFR003C,YHR214C-C,0,0.69386876,0.16171930730342865,0.6789631247520447,0.35310593247413635
YML098W,YMR071C,0,0.69329286,0.1616809070110321,0.6789631247520447,0.35320594906806946
YBR100W,YKR013W,0,0.6932742,0.16164253652095795,0.6789631247520447,0.35330599546432495
YOL027C,YPL202C,1,0.69294906,0.161841481924057,0.6799601316452026,0.35330599546432495
YOR022C,YER167W,0,0.6928959,0.16180308163166046,0.6799601316452026,0.35340601205825806
YJL216C,YJL139C,0,0.69272375,0.1617647111415863,0.6799601316452026,0.35350605845451355
YFL009W,YPL106C,0,0.6927217,0.16172634065151215,0.6799601316452026,0.35360607504844666
YJR019C,YDR011W,0,0.69265383,0.16168799996376038,0.6799601316452026,0.35370612144470215
YER120W,YDL236W,0,0.6925974,0.1616496741771698,0.6799601316452026,0.35380613803863525
YPL059W,YGL125W,0,0.69246113,0.1616113781929016,0.6799601316452026,0.35390618443489075
YMR188C,YER074W-A,0,0.69182676,0.16157308220863342,0.6799601316452026,0.35400620102882385
YER086W,YGR223C,0,0.69180286,0.16153481602668762,0.6799601316452026,0.35410621762275696
YDR117C,YDR219C,0,0.6916188,0.16149656474590302,0.6799601316452026,0.35420626401901245
YGL076C,YIR002C,0,0.6912519,0.1614583283662796,0.6799601316452026,0.35430628061294556
YAL055W,YKR052C,0,0.69104743,0.16142012178897858,0.6799601316452026,0.35440632700920105
YER111C,YBR168W,0,0.691005,0.16138191521167755,0.6799601316452026,0.35450634360313416
YKL194C,YDR501W,0,0.6909626,0.1613437384366989,0.6799601316452026,0.35460638999938965
YDL142C,YHR194W,1,0.6908797,0.1615421026945114,0.6809571385383606,0.35460638999938965
YOR143C,YDL126C,0,0.6908398,0.1615038961172104,0.6809571385383606,0.35470640659332275
YDR228C,YIR015W,0,0.6899846,0.16146571934223175,0.6809571385383606,0.35480645298957825
YLR315W,YKL138C,0,0.6897599,0.1614275574684143,0.6809571385383606,0.35490646958351135
YDL240W,YOR369C,0,0.68963814,0.16138941049575806,0.6809571385383606,0.35500651597976685
YGL167C,YJL209W,0,0.6894902,0.1613512933254242,0.6809571385383606,0.35510653257369995
YPR104C,YHL031C,0,0.68919265,0.16131317615509033,0.6809571385383606,0.35520654916763306
YBR090C-A,YKR075C,0,0.68859637,0.16127508878707886,0.6809571385383606,0.35530659556388855
YIL131C,YBL008W-A,0,0.68857706,0.16123701632022858,0.6809571385383606,0.35540661215782166
YGL195W,YJL018W,0,0.68857706,0.1611989587545395,0.6809571385383606,0.35550665855407715
YOR110W,YCL027C-A,0,0.68857706,0.1611609309911728,0.6809571385383606,0.35560667514801025
YLR368W,YCL048W-A,0,0.68857706,0.1611229032278061,0.6809571385383606,0.35570672154426575
YER015W,YKL138C-A,0,0.68857706,0.16108490526676178,0.6809571385383606,0.35580673813819885
YLR312C-B,YIR013C,0,0.68857706,0.16104692220687866,0.6809571385383606,0.35590678453445435
YPL189C-A,YJL091C,0,0.68857706,0.16100895404815674,0.6809571385383606,0.35600680112838745
YGR262C,YER053C-A,0,0.68857706,0.1609710156917572,0.6809571385383606,0.35610681772232056
YJR059W,YCL005W-A,1,0.68857706,0.16116870939731598,0.6819541454315186,0.35610681772232056
YBR090C-A,YMR002W,0,0.68857706,0.16113074123859406,0.6819541454315186,0.35620686411857605
YMR257C,YOL086W-A,0,0.68857706,0.16109278798103333,0.6819541454315186,0.35630688071250916
YGL002W,YFL018W-A,0,0.68857706,0.16105486452579498,0.6819541454315186,0.35640692710876465
YPL096C-A,YNL146W,0,0.68857706,0.16101695597171783,0.6819541454315186,0.35650694370269775
YMR188C,YOR343C-A,0,0.68857706,0.16097904741764069,0.6819541454315186,0.35660699009895325
YER053C-A,YDL092W,0,0.68857706,0.16094118356704712,0.6819541454315186,0.35670700669288635
YNL054W-B,YCL012W,0,0.68857706,0.16090331971645355,0.6819541454315186,0.35680705308914185
YLR312C-B,YAL062W,0,0.68857706,0.16086547076702118,0.6819541454315186,0.35690706968307495
YCR029C-A,YMR081C,0,0.68857706,0.1608276516199112,0.6819541454315186,0.35700711607933044
YFL035C-A,YBL082C,0,0.68857706,0.1607898473739624,0.6819541454315186,0.35710713267326355
YPL189C-A,YER060W,0,0.68857706,0.1607520580291748,0.6819541454315186,0.35720714926719666
YHR039C-B,YML016C,1,0.68857706,0.160949245095253,0.6829511523246765,0.35720714926719666
YHR013C,YDR210W-D,0,0.68857706,0.1609114408493042,0.6829511523246765,0.35730719566345215
YPL096C-A,YNL247W,0,0.68857706,0.1608736515045166,0.6829511523246765,0.35740721225738525
YDR210W-C,YJL219W,0,0.68857706,0.1608358770608902,0.6829511523246765,0.35750725865364075
YKL138C-A,YDR294C,0,0.68857706,0.160798117518425,0.6829511523246765,0.35760727524757385
YGL210W-A,YNL126W,0,0.68857706,0.16076038777828217,0.6829511523246765,0.35770732164382935
YCL005W-A,YJR104C,1,0.68857706,0.16095729172229767,0.6839481592178345,0.35770732164382935
YGR158C,YAR070W-A,0,0.68857706,0.16091954708099365,0.6839481592178345,0.35780733823776245
YDL038C,YOR337W,0,0.68857706,0.16088180243968964,0.6839481592178345,0.35790738463401794
YBR251W,YCL005W-A,0,0.68857706,0.16084407269954681,0.6839481592178345,0.35800740122795105
YGR218W,YCR029C-A,0,0.68857706,0.16080637276172638,0.6839481592178345,0.35810741782188416
YPL233W,YHR214W-G,0,0.68857706,0.16076868772506714,0.6839481592178345,0.35820746421813965
YOR079C,YCL005W-A,1,0.68857706,0.16096532344818115,0.6849451661109924,0.35820746421813965
YGL258W-A,YGL240W,0,0.68857706,0.16092762351036072,0.6849451661109924,0.35830748081207275
YOR298C-A,YOL086W-A,0,0.68857706,0.16088992357254028,0.6849451661109924,0.35840752720832825
YOL086W-A,YLR225C,0,0.68857706,0.16085225343704224,0.6849451661109924,0.35850754380226135
YOR132W,YDL134C-A,0,0.68857706,0.16081461310386658,0.6849451661109924,0.35860759019851685
YER053C-A,YMR322C,0,0.68857706,0.16077697277069092,0.6849451661109924,0.35870760679244995
YMR291W,YOL086W-A,0,0.68857706,0.16073934733867645,0.6849451661109924,0.35880765318870544
YOL156W,YDR524C-B,0,0.68857706,0.16070175170898438,0.6849451661109924,0.35890766978263855
YOR396W,YKR058W,0,0.68857706,0.1606641709804535,0.6849451661109924,0.35900771617889404
YLR312C-B,YIR012W,0,0.68857706,0.1606266051530838,0.6849451661109924,0.35910773277282715
YNL325C,YCR029C-A,0,0.68857706,0.1605890542268753,0.6849451661109924,0.35920774936676025
YOR196C,YOR396W,0,0.68857706,0.1605515331029892,0.6849451661109924,0.35930779576301575
YFL035C-B,YNL088W,0,0.68857706,0.1605140119791031,0.6849451661109924,0.35940781235694885
YKR095W-A,YJR126C,0,0.68857706,0.16047652065753937,0.6849451661109924,0.35950785875320435
YML133C,YHR214W-G,0,0.68857706,0.16043904423713684,0.6849451661109924,0.35960787534713745
YDL038C,YJR029W,0,0.68857706,0.1604015827178955,0.6849451661109924,0.35970792174339294
YNL024C-A,YIL004C,0,0.68857706,0.16036415100097656,0.6849451661109924,0.35980793833732605
YKL138C-A,YGL065C,0,0.68857706,0.16032671928405762,0.6849451661109924,0.35990798473358154
YPL189C-A,YOR252W,0,0.68857706,0.16028931736946106,0.6849451661109924,0.36000800132751465
YKL141W,YJL133C-A,0,0.68857706,0.1602519303560257,0.6849451661109924,0.36010801792144775
YDR384C,YDR210W-D,0,0.68857706,0.16021455824375153,0.6849451661109924,0.36020806431770325
YCL005W-A,YLR369W,1,0.68857706,0.16041035950183868,0.6859421730041504,0.36020806431770325
YGR272C,YMR116C,0,0.68857706,0.16037295758724213,0.6859421730041504,0.36030808091163635
YNL251C,YCL048W-A,0,0.68857706,0.16033558547496796,0.6859421730041504,0.36040812730789185
YCL005W-A,YLR047C,1,0.68857706,0.16053122282028198,0.6869391798973083,0.36040812730789185
YCR070W,YOR343C-A,0,0.68857706,0.16049382090568542,0.6869391798973083,0.36050814390182495
YDL132W,YCL027C-A,0,0.68857706,0.16045644879341125,0.6869391798973083,0.36060819029808044
YGR289C,YBR233W-A,0,0.68857706,0.16041909158229828,0.6869391798973083,0.36070820689201355
YPL096C-A,YIL145C,0,0.68857706,0.1603817492723465,0.6869391798973083,0.36080825328826904
YKL025C,YJL133C-A,0,0.68857706,0.1603444218635559,0.6869391798973083,0.36090826988220215
YHR149C,YHR214W-G,0,0.68857706,0.1603071242570877,0.6869391798973083,0.36100831627845764
YGL039W,YCL048W-A,0,0.68857706,0.1602698266506195,0.6869391798973083,0.36110833287239075
YOR343C-A,YNL256W,0,0.68857706,0.1602325588464737,0.6869391798973083,0.36120834946632385
YFL018W-A,YOL008W,0,0.68857706,0.16019530594348907,0.6869391798973083,0.36130839586257935
YDR465C,YOL086W-A,0,0.68857706,0.16015806794166565,0.6869391798973083,0.36140841245651245
YDR210W-D,YHR070W,0,0.68857706,0.16012084484100342,0.6869391798973083,0.36150845885276794
YLR116W,YOR343C-A,0,0.68857706,0.16008363664150238,0.6869391798973083,0.36160847544670105
YBR236C,YDR524C-B,0,0.68857706,0.16004645824432373,0.6869391798973083,0.36170852184295654
YML055W,YCR029C-A,0,0.68857706,0.16000929474830627,0.6869391798973083,0.36180853843688965
YFL035C-B,YBR213W,0,0.68857706,0.15997213125228882,0.6869391798973083,0.36190858483314514
YDR056C,YDR210W-C,0,0.68857706,0.15993499755859375,0.6869391798973083,0.36200860142707825
YPL096C-A,YER124C,0,0.68857706,0.15989789366722107,0.6869391798973083,0.36210861802101135
YER071C,YFL018W-A,0,0.68857706,0.1598607897758484,0.6869391798973083,0.36220866441726685
YKL051W,YCR029C-A,0,0.68857706,0.1598237007856369,0.6869391798973083,0.36230868101119995
YER074W-A,YPR137C-B,0,0.68857706,0.1597866415977478,0.6869391798973083,0.36240872740745544
YKR099C-A,YCL010C,0,0.68857706,0.1597495973110199,0.6869391798973083,0.36250874400138855
YLR312C-B,YIL118W,0,0.68857706,0.15971256792545319,0.6869391798973083,0.36260879039764404
YNL024C-A,YGR128C,0,0.68857706,0.15967555344104767,0.6869391798973083,0.36270880699157715
YGL258W-A,YBR019C,0,0.68857706,0.15963855385780334,0.6869391798973083,0.36280885338783264
YOR343C-B,YLR381W,0,0.68857706,0.15960156917572021,0.6869391798973083,0.36290886998176575
YML015C,YCR029C-A,0,0.68857706,0.15956461429595947,0.6869391798973083,0.36300891637802124
YHR044C,YBL008W-A,0,0.68857706,0.15952767431735992,0.6869391798973083,0.36310893297195435
YFL035C-B,YHR019C,0,0.68857706,0.15949073433876038,0.6869391798973083,0.36320894956588745
YKR099C-A,YPR132W,0,0.68857706,0.15945382416248322,0.6869391798973083,0.36330899596214294
YOR396W,YGL201C,0,0.68857706,0.15941694378852844,0.6869391798973083,0.36340901255607605
YKR095W-A,YDR363W,0,0.68857706,0.15938006341457367,0.6869391798973083,0.36350905895233154
YLR312C-B,YKL049C,0,0.68857706,0.1593431979417801,0.6869391798973083,0.36360907554626465
YPR094W,YKR099C-A,0,0.68857706,0.1593063622713089,0.6869391798973083,0.36370912194252014
YFL035C-B,YGR071C,0,0.68857706,0.1592695266008377,0.6869391798973083,0.36380913853645325
YMR023C,YLR154W-C,0,0.68857706,0.1592327207326889,0.6869391798973083,0.36390918493270874
YJL109C,YDR079C-A,0,0.68857706,0.1591959297657013,0.6869391798973083,0.36400920152664185
YPL189C-A,YKL216W,0,0.68857706,0.15915915369987488,0.6869391798973083,0.36410921812057495
YLR419W,YGL258W-A,0,0.68857706,0.15912240743637085,0.6869391798973083,0.36420926451683044
YCL068C,YFL018W-A,0,0.68857706,0.15908566117286682,0.6869391798973083,0.36430928111076355
YCL005W-A,YER145C,1,0.68857706,0.15927977859973907,0.6879361867904663,0.36430928111076355
YCL005W-A,YEL027W,1,0.68857706,0.15947380661964417,0.6889331936836243,0.36430928111076355
YCR070W,YPL009C,0,0.68857706,0.15943701565265656,0.6889331936836243,0.36440932750701904
YNL024C-A,YJL025W,0,0.68857706,0.15940022468566895,0.6889331936836243,0.36450934410095215
YOR147W,YCL005W-A,1,0.68857706,0.1595940887928009,0.6899302005767822,0.36450934410095215
YDR524C-B,YPL153C,0,0.68857706,0.1595572978258133,0.6899302005767822,0.36460939049720764
YGL008C,YKL138C-A,0,0.68857706,0.15952052175998688,0.6899302005767822,0.36470940709114075
YCL005W-A,YGR092W,1,0.68857706,0.1597142219543457,0.6909272074699402,0.36470940709114075
YLR095C,YDR210W-C,0,0.68857706,0.1596774160861969,0.6909272074699402,0.36480945348739624
YNL024C-A,YGL249W,0,0.68857706,0.15964064002037048,0.6909272074699402,0.36490947008132935
YBL008W-A,YBR283C,0,0.68857706,0.15960386395454407,0.6909272074699402,0.36500951647758484
YPL096C-A,YER086W,0,0.68857706,0.15956711769104004,0.6909272074699402,0.36510953307151794
YCL005W-A,YEL031W,1,0.68857706,0.15976059436798096,0.6919242143630981,0.36510953307151794
YKR095W-A,YPL016W,0,0.68857706,0.15972381830215454,0.6919242143630981,0.36520954966545105
YER155C,YKR095W-A,0,0.68857706,0.1596870720386505,0.6919242143630981,0.36530959606170654
YCL005W-A,YDR456W,1,0.68857706,0.1598803699016571,0.6929212212562561,0.36530959606170654
YDL174C,YOR343C-B,0,0.68857706,0.15984360873699188,0.6929212212562561,0.36540961265563965
YCL005W-A,YOR122C,0,0.68857706,0.15980684757232666,0.6929212212562561,0.36550965905189514
YCL005W-A,YKL110C,0,0.68857706,0.15977011620998383,0.6929212212562561,0.36560967564582825
YBL101W-A,YCR054C,0,0.68857706,0.15973339974880219,0.6929212212562561,0.36570972204208374
YOR396W,YNL227C,0,0.68857706,0.15969669818878174,0.6929212212562561,0.36580973863601685
YNL024C-A,YER157W,0,0.68857706,0.15966001152992249,0.6929212212562561,0.36590978503227234
YDR210W-D,YGL092W,0,0.68857706,0.15962333977222443,0.6929212212562561,0.36600980162620544
YCR053W,YDR210W-C,0,0.68857706,0.15958668291568756,0.6929212212562561,0.36610981822013855
YCL005W-A,YKL190W,1,0.68857706,0.1597796082496643,0.6939182281494141,0.36610981822013855
YLL023C,YDL134C-A,0,0.68857706,0.15974293649196625,0.6939182281494141,0.36620986461639404
YHR111W,YER053C-A,0,0.68857706,0.15970629453659058,0.6939182281494141,0.36630988121032715
YOR343C-B,YLR052W,0,0.68857706,0.1596696525812149,0.6939182281494141,0.36640992760658264
YDL100C,YCL005W-A,1,0.68857706,0.15986238420009613,0.694915235042572,0.36640992760658264
YML100W,YDR524C-B,0,0.68857706,0.15982572734355927,0.694915235042572,0.36650994420051575
YNL251C,YKL138C-A,0,0.68857706,0.1597890853881836,0.694915235042572,0.36660999059677124
YJR084W,YAR070W-A,0,0.68857706,0.15975245833396912,0.694915235042572,0.36671000719070435
YML126C,YBR200W-A,0,0.68857706,0.15971586108207703,0.694915235042572,0.36681005358695984
YDL093W,YNL024C-A,0,0.68857706,0.15967926383018494,0.694915235042572,0.36691007018089294
YER131W,YBR200W-A,0,0.68857706,0.15964269638061523,0.694915235042572,0.36701011657714844
YMR190C,YKL199C,0,0.68857706,0.15960614383220673,0.694915235042572,0.36711013317108154
YAR070W-A,YKL212W,0,0.68857706,0.15956959128379822,0.694915235042572,0.36721014976501465
YAR070W-A,YOR359W,0,0.68857706,0.1595330685377121,0.694915235042572,0.36731019616127014
YML046W,YFL018W-A,0,0.68857706,0.15949656069278717,0.694915235042572,0.36741021275520325
YPL111W,YBR200W-A,0,0.68857706,0.15946008265018463,0.694915235042572,0.36751025915145874
YPL189C-A,YPL016W,0,0.68857706,0.1594236046075821,0.694915235042572,0.36761027574539185
YGR099W,YFL035C-A,0,0.68857706,0.15938714146614075,0.694915235042572,0.36771032214164734
YDR210W-C,YDR235W,0,0.68857706,0.1593507081270218,0.694915235042572,0.36781033873558044
YPR148C,YKL138C-A,0,0.68857706,0.15931428968906403,0.694915235042572,0.36791038513183594
YFL035C-B,YIL121W,0,0.68857706,0.15927788615226746,0.694915235042572,0.36801040172576904
YGL210W-A,YKL179C,0,0.68857706,0.1592414826154709,0.694915235042572,0.36811041831970215
YKR099C-A,YDL191W,0,0.68857706,0.1592051237821579,0.694915235042572,0.36821046471595764
YDR251W,YDR210W-C,0,0.68857706,0.1591687649488449,0.694915235042572,0.36831048130989075
YDR087C,YKL138C-A,0,0.68857706,0.15913242101669312,0.694915235042572,0.36841052770614624
YNL103W,YBL008W-A,0,0.68857706,0.15909609198570251,0.694915235042572,0.36851054430007935
YPL189C-A,YBL010C,0,0.68857706,0.1590597927570343,0.694915235042572,0.36861059069633484
YDL166C,YOR343C-B,0,0.68857706,0.1590234935283661,0.694915235042572,0.36871060729026794
YHR021C,YCL005W-A,0,0.68857706,0.15898722410202026,0.694915235042572,0.36881065368652344
YGL258W-A,YNL009W,0,0.68857706,0.15895096957683563,0.694915235042572,0.36891067028045654
YDR210W-D,YJL106W,0,0.68857706,0.1589147299528122,0.694915235042572,0.36901071667671204
YER173W,YOR343C-A,0,0.68857706,0.15887850522994995,0.694915235042572,0.36911073327064514
YDR342C,YBL008W-A,0,0.68857706,0.1588422954082489,0.694915235042572,0.36921074986457825
YGL258W-A,YGL254W,0,0.68857706,0.15880610048770905,0.694915235042572,0.36931079626083374
YJL052W,YOR396W,0,0.68857706,0.15876993536949158,0.694915235042572,0.36941081285476685
YGL258W-A,YLR100W,0,0.68857706,0.1587337702512741,0.694915235042572,0.36951085925102234
YPL009C,YLR154W-C,0,0.68857706,0.15869763493537903,0.694915235042572,0.36961087584495544
YJR084W,YCL005W-A,0,0.68857706,0.15866149961948395,0.694915235042572,0.36971092224121094
YMR235C,YKL138C-A,0,0.68857706,0.15862539410591125,0.694915235042572,0.36981093883514404
YCL005W-A,YPL202C,1,0.68857706,0.1588168442249298,0.69591224193573,0.36981093883514404
YCR070W,YCL045C,0,0.68857706,0.15878070890903473,0.69591224193573,0.36991098523139954
YPL189C-A,YEL048C,0,0.68857706,0.15874460339546204,0.69591224193573,0.37001100182533264
YBR221C,YBL008W-A,0,0.68857706,0.15870849788188934,0.69591224193573,0.37011101841926575
YKR095W-A,YNL020C,0,0.68857706,0.15867242217063904,0.69591224193573,0.37021106481552124
YKR095W-A,YCR003W,0,0.68857706,0.15863636136054993,0.69591224193573,0.37031108140945435
YCL005W-A,YDR492W,1,0.68857706,0.158827543258667,0.6969092488288879,0.37031108140945435
YNL227C,YOL086W-A,0,0.68857706,0.1587914526462555,0.6969092488288879,0.37041112780570984
YCR037C,YJL133C-A,0,0.68857706,0.15875539183616638,0.6969092488288879,0.37051114439964294
YEL054C,YBL008W-A,0,0.68857706,0.15871934592723846,0.6969092488288879,0.37061119079589844
YDR210W-D,YER004W,0,0.68857706,0.15868331491947174,0.6969092488288879,0.37071120738983154
YDR258C,YER108C,0,0.68857706,0.1586472988128662,0.6969092488288879,0.37081125378608704
YOR396W,YDR293C,0,0.68857706,0.15861129760742188,0.6969092488288879,0.37091127038002014
YFL035C-B,YNR070W,0,0.68857706,0.15857531130313873,0.6969092488288879,0.37101131677627563
YDL134C-A,YLR227W-A,0,0.68857706,0.15853935480117798,0.6969092488288879,0.37111133337020874
YOR240W,YGR027W-A,0,0.68857706,0.15850339829921722,0.6969092488288879,0.37121134996414185
YPL189C-A,YLL016W,0,0.68857706,0.15846747159957886,0.6969092488288879,0.37131139636039734
YJR049C,YCL005W-A,1,0.68857706,0.1586582064628601,0.6979062557220459,0.37131139636039734
YBL008W-A,YFL039C,0,0.68857706,0.15862224996089935,0.6979062557220459,0.37141141295433044
YCL005W-A,YOL101C,1,0.68857706,0.15881286561489105,0.6989032626152039,0.37141141295433044
YGR027W-B,YOR343C-A,0,0.68857706,0.1587768942117691,0.6989032626152039,0.37151145935058594
YAR070W-A,YLR176C,0,0.68857706,0.15874093770980835,0.6989032626152039,0.37161147594451904
YDL038C,YNL112W,0,0.68857706,0.1587049961090088,0.6989032626152039,0.37171152234077454
YBR186W,YCL048W-A,0,0.68857706,0.15866908431053162,0.6989032626152039,0.37181153893470764
YJL157C,YER053C-A,0,0.68857706,0.15863317251205444,0.6989032626152039,0.37191158533096313
YNR070W,YAR044W,0,0.68857706,0.15859729051589966,0.6989032626152039,0.37201160192489624
YLR459W,YHR214W-G,0,0.68857706,0.15856140851974487,0.6989032626152039,0.37211164832115173
YCL005W-A,YLR099C,0,0.68857706,0.15852555632591248,0.6989032626152039,0.37221166491508484
YCL075W,YDR210W-D,0,0.68857706,0.15848971903324127,0.6989032626152039,0.37231168150901794
YER028C,YCR029C-A,0,0.68857706,0.15845388174057007,0.6989032626152039,0.37241172790527344
YDR524C-B,YOR195W,0,0.68857706,0.15841807425022125,0.6989032626152039,0.37251174449920654
YBR200W-A,YML026C,0,0.68857706,0.15838228166103363,0.6989032626152039,0.37261179089546204
YDR390C,YFL035C-A,0,0.68857706,0.1583465039730072,0.6989032626152039,0.37271180748939514
YPL096C-A,YPL021W,0,0.68857706,0.15831075608730316,0.6989032626152039,0.37281185388565063
YPL096C-A,YGR104C,0,0.68857706,0.15827500820159912,0.6989032626152039,0.37291187047958374
YDR511W,YDR210W-C,0,0.68857706,0.15823927521705627,0.6989032626152039,0.37301191687583923
YKR099C-A,YOR192C,0,0.68857706,0.15820357203483582,0.6989032626152039,0.37311193346977234
YOR240W,YGL210W-A,0,0.68857706,0.15816786885261536,0.6989032626152039,0.37321195006370544
YCR070W,YDL243C,0,0.68857706,0.15813219547271729,0.6989032626152039,0.37331199645996094
YHR152W,YGL210W-A,0,0.68857706,0.1580965220928192,0.6989032626152039,0.37341201305389404
YCL005W-A,YOR088W,1,0.68857706,0.15828636288642883,0.6999002695083618,0.37341201305389404
YGL019W,YGL155W,1,0.68845403,0.1584760993719101,0.7008973360061646,0.37341201305389404
YGR159C,YNL243W,0,0.6883795,0.15844038128852844,0.7008973360061646,0.37351205945014954
YLR433C,YKL107W,0,0.6881256,0.15840469300746918,0.7008973360061646,0.37361207604408264
YOR208W,YMR283C,0,0.6881107,0.1583690047264099,0.7008973360061646,0.37371212244033813
YNL103W,YAL032C,0,0.688105,0.15833333134651184,0.7008973360061646,0.37381213903427124
YLR368W,YDR422C,0,0.6875851,0.15829768776893616,0.7008973360061646,0.37391218543052673
YHL003C,YDR128W,0,0.68739855,0.15826204419136047,0.7008973360061646,0.37401220202445984
YGL155W,YER133W,1,0.68735147,0.15845149755477905,0.7018943428993225,0.37401220202445984
YJL189W,YMR022W,0,0.687348,0.15841583907604218,0.7018943428993225,0.37411224842071533
YNL031C,YCR065W,0,0.6870698,0.1583801954984665,0.7018943428993225,0.37421226501464844
YLR315W,YGL133W,0,0.6869742,0.1583445817232132,0.7018943428993225,0.37431228160858154
YGR283C,YOL005C,0,0.686576,0.1583089679479599,0.7018943428993225,0.37441232800483704
YOR240W,YPL126W,0,0.68650526,0.158273383975029,0.7018943428993225,0.37451234459877014
YKL178C,YBR048W,0,0.68639153,0.15823780000209808,0.7018943428993225,0.37461239099502563
YCR053W,YER159C-A,0,0.6863097,0.15820224583148956,0.7018943428993225,0.37471240758895874
YPR095C,YKR098C,0,0.6859946,0.15816670656204224,0.7018943428993225,0.37481245398521423
YNR032W,YNL242W,0,0.6859931,0.1581311821937561,0.7018943428993225,0.37491247057914734
YPL253C,YML096W,0,0.68598735,0.15809567272663116,0.7018943428993225,0.37501251697540283
YBR090C-A,YGR080W,0,0.68550587,0.15806016325950623,0.7018943428993225,0.37511253356933594
YLR200W,YNL134C,0,0.68532044,0.15802469849586487,0.7018943428993225,0.37521255016326904
YGR261C,YDR206W,0,0.68524253,0.1579892337322235,0.7018943428993225,0.37531259655952454
YMR323W,YNL118C,0,0.6850248,0.15795378386974335,0.7018943428993225,0.37541261315345764
YGR063C,YBR065C,0,0.6849796,0.15791834890842438,0.7018943428993225,0.37551265954971313
YGR223C,YCL012W,0,0.68497896,0.1578829288482666,0.7018943428993225,0.37561267614364624
YJR040W,YLR447C,1,0.684768,0.15807174146175385,0.7028913497924805,0.37561267614364624
YPL176C,YOL096C,0,0.6842562,0.15803632140159607,0.7028913497924805,0.37571272253990173
YER069W,YFL036W,0,0.68423116,0.1580009013414383,0.7028913497924805,0.37581273913383484
YOR290C,YBR161W,0,0.68399763,0.1579654961824417,0.7028913497924805,0.37591278553009033
YPL069C,YBL007C,0,0.6839794,0.15793010592460632,0.7028913497924805,0.37601280212402344
YNL244C,YKR067W,0,0.6836207,0.15789473056793213,0.7028913497924805,0.37611284852027893
YGL181W,YOL003C,0,0.6830185,0.15785938501358032,0.7028913497924805,0.37621286511421204
YDR098C,YNL278W,0,0.6829485,0.15782403945922852,0.7028913497924805,0.37631288170814514
YGR023W,YOR179C,0,0.6823661,0.1577887237071991,0.7028913497924805,0.37641292810440063
YDR205W,YMR301C,1,0.6822551,0.1579771786928177,0.7038883566856384,0.37641292810440063
YNL299W,YCR071C,0,0.6819645,0.15794183313846588,0.7038883566856384,0.37651294469833374
YGL073W,YOR256C,0,0.68168867,0.15790650248527527,0.7038883566856384,0.37661299109458923
YDL232W,YMR083W,0,0.6815421,0.15787120163440704,0.7038883566856384,0.37671300768852234
YDR047W,YML011C,0,0.6812608,0.15783590078353882,0.7038883566856384,0.37681305408477783
YOR214C,YGR038C-A,0,0.68113744,0.15780062973499298,0.7038883566856384,0.37691307067871094
YAR010C,YGL205W,0,0.68096006,0.15776535868644714,0.7038883566856384,0.37701311707496643
YPL159C,YGR120C,0,0.6803504,0.1577301174402237,0.7038883566856384,0.37711313366889954
YLL050C,YIL091C,0,0.680273,0.15769489109516144,0.7038883566856384,0.37721315026283264
YER018C,YDR074W,0,0.67993,0.15765966475009918,0.7038883566856384,0.37731319665908813
YOR252W,YGL231C,0,0.6795355,0.15762446820735931,0.7038883566856384,0.37741321325302124
YPR183W,YDR346C,0,0.67929095,0.15758928656578064,0.7038883566856384,0.37751325964927673
YLR384C,YER087C-A,0,0.679227,0.15755411982536316,0.7038883566856384,0.37761327624320984
YDR456W,YDL188C,0,0.6791079,0.15751896798610687,0.7038883566856384,0.37771332263946533
YDR524C,YKR095W,0,0.6788466,0.15748383104801178,0.7038883566856384,0.37781333923339844
YNL021W,YAR044W,0,0.6784275,0.15744870901107788,0.7038883566856384,0.37791338562965393
YLR460C,YOL089C,0,0.6781862,0.15741360187530518,0.7038883566856384,0.37801340222358704
YLL018C-A,YLR106C,0,0.6777656,0.15737850964069366,0.7038883566856384,0.37811344861984253
YHR026W,YOR088W,1,0.67732716,0.15756630897521973,0.7048853635787964,0.37811344861984253
YJR086W,YER133W,0,0.67722297,0.15753118693828583,0.7048853635787964,0.37821346521377563
YEL059C-A,YML125C,0,0.6770699,0.15749609470367432,0.7048853635787964,0.37831348180770874
YOR026W,YLR157C-B,0,0.67703426,0.157461017370224,0.7048853635787964,0.37841352820396423
YDL004W,YER026C,0,0.6765216,0.15742596983909607,0.7048853635787964,0.37851354479789734
YDR098C-A,YGL205W,0,0.6762043,0.15739092230796814,0.7048853635787964,0.37861359119415283
YLL051C,YLR205C,1,0.67615354,0.1575784534215927,0.7058823704719543,0.37861359119415283
YML078W,YBR293W,0,0.67582583,0.1575433909893036,0.7058823704719543,0.37871360778808594
YAR018C,YGR076C,0,0.675771,0.15750834345817566,0.7058823704719543,0.37881365418434143
YJL062W-A,YOR061W,0,0.6757639,0.15747331082820892,0.7058823704719543,0.37891367077827454
YDR422C,YAR044W,0,0.6754972,0.15743829309940338,0.7058823704719543,0.37901371717453003
YBL078C,YDR189W,0,0.6753512,0.15740329027175903,0.7058823704719543,0.37911373376846313
YDR151C,YPL234C,1,0.6753293,0.1575905829668045,0.7068793773651123,0.37911373376846313
YBR090C-A,YHR207C,0,0.67522085,0.15755555033683777,0.7068793773651123,0.37921375036239624
YOR192C-B,YMR022W,0,0.67521995,0.15752054750919342,0.7068793773651123,0.37931379675865173
YDR098C-B,YKL134C,0,0.67440283,0.15748555958271027,0.7068793773651123,0.37941381335258484
YGR135W,YFR024C,0,0.67434525,0.1574505865573883,0.7068793773651123,0.37951385974884033
YFL018C,YDR214W,0,0.67396617,0.15741562843322754,0.7068793773651123,0.37961387634277344
YEL058W,YBR114W,0,0.6736211,0.15738068521022797,0.7068793773651123,0.37971392273902893
YOL127W,YLR127C,0,0.67271894,0.1573457568883896,0.7068793773651123,0.37981393933296204
YNL056W,YLR393W,0,0.6726486,0.1573108434677124,0.7068793773651123,0.37991398572921753
YOL071W,YOR229W,0,0.6725409,0.1572759598493576,0.7068793773651123,0.38001400232315063
YOR065W,YER005W,0,0.6725136,0.1572410762310028,0.7068793773651123,0.38011404871940613
YLR448W,YDL220C,0,0.6724918,0.1572062075138092,0.7068793773651123,0.38021406531333923
YNL132W,YNL005C,0,0.6722146,0.1571713536977768,0.7068793773651123,0.38031408190727234
YBL016W,YNL159C,0,0.67208767,0.15713652968406677,0.7068793773651123,0.38041412830352783
YPR188C,YML061C,0,0.6720419,0.15710170567035675,0.7068793773651123,0.38051414489746094
YBR016W,YGR161W-A,0,0.67170376,0.15706689655780792,0.7068793773651123,0.38061419129371643
YPR158W-A,YER001W,0,0.6716356,0.15703211724758148,0.7068793773651123,0.38071420788764954
YBR186W,YGR048W,0,0.67152786,0.15699733793735504,0.7068793773651123,0.38081425428390503
YNL284C-B,YOR175C,0,0.6714097,0.156962588429451,0.7068793773651123,0.38091427087783813
YBR009C,YAL026C,0,0.6713364,0.15692783892154694,0.7068793773651123,0.38101431727409363
YOR133W,YOR247W,0,0.67102146,0.15689311921596527,0.7068793773651123,0.38111433386802673
YDR166C,YAL028W,0,0.670774,0.1568584144115448,0.7068793773651123,0.38121435046195984
YNL242W,YML067C,0,0.6707345,0.15682370960712433,0.7068793773651123,0.38131439685821533
YCL001W,YLR048W,0,0.67061245,0.15678903460502625,0.7068793773651123,0.38141441345214844
YIL034C,YMR234W,0,0.6704671,0.15675435960292816,0.7068793773651123,0.38151445984840393
YLR034C,YGR071C,0,0.6702161,0.15671971440315247,0.7068793773651123,0.38161447644233704
YKR007W,YML066C,0,0.6700899,0.15668508410453796,0.7068793773651123,0.38171452283859253
YLR132C,YAL020C,0,0.6699784,0.15665046870708466,0.7068793773651123,0.38181453943252563
YKR104W,YCL012W,0,0.66977954,0.15661585330963135,0.7068793773651123,0.38191458582878113
YOL157C,YOR357C,0,0.6697099,0.15658126771450043,0.7068793773651123,0.38201460242271423
YBR171W,YPR158C-D,0,0.6694648,0.1565466970205307,0.7068793773651123,0.3821146488189697
YPL159C,YPR042C,0,0.6692265,0.15651214122772217,0.7068793773651123,0.38221466541290283
YIL015W,YPL118W,0,0.6689162,0.15647760033607483,0.7068793773651123,0.38231468200683594
YPR158C-D,YGL035C,0,0.6683941,0.15644307434558868,0.7068793773651123,0.38241472840309143
YKL056C,YMR207C,0,0.6683177,0.15640856325626373,0.7068793773651123,0.38251474499702454
YER023W,YOR391C,0,0.6670624,0.15637406706809998,0.7068793773651123,0.38261479139328003
YDR051C,YNL054W-B,0,0.6670542,0.1563395857810974,0.7068793773651123,0.38271480798721313
YGR087C,YDR314C,0,0.6661923,0.15630511939525604,0.7068793773651123,0.38281485438346863
YHR039C-B,YPL234C,1,0.6661614,0.15649107098579407,0.7078763842582703,0.38281485438346863
YBR005W,YHR194W,0,0.66602737,0.1564565896987915,0.7078763842582703,0.38291487097740173
YDL138W,YDR359C,0,0.66590065,0.15642212331295013,0.7078763842582703,0.3830149173736572
YNL134C,YOR119C,0,0.6658774,0.15638767182826996,0.7078763842582703,0.38311493396759033
YLL028W,YDR477W,0,0.6654833,0.15635322034358978,0.7078763842582703,0.38321495056152344
YGL121C,YEL015W,0,0.6652721,0.156318798661232,0.7078763842582703,0.38331499695777893
YOR047C,YEL038W,0,0.66521335,0.1562843918800354,0.7078763842582703,0.38341501355171204
YDR338C,YML007W,0,0.6649585,0.15625,0.7078763842582703,0.38351505994796753
YHR039C-B,YBL102W,0,0.66483235,0.1562156230211258,0.7078763842582703,0.38361507654190063
YKL163W,YCL010C,0,0.66457903,0.15618126094341278,0.7078763842582703,0.38371512293815613
YKL190W,YOR088W,1,0.6645721,0.15636684000492096,0.7088733911514282,0.38371512293815613
YHR188C,YLL053C,0,0.66439134,0.15633244812488556,0.7088733911514282,0.38381513953208923
YDR044W,YER167W,0,0.66426635,0.15629808604717255,0.7088733911514282,0.3839151859283447
YBR058C,YPL124W,0,0.66424495,0.15626373887062073,0.7088733911514282,0.38401520252227783
YOR266W,YNL001W,0,0.6639749,0.1562294065952301,0.7088733911514282,0.3841152489185333
YCR106W,YNR047W,0,0.66349345,0.15619507431983948,0.7088733911514282,0.38421526551246643
YPL046C,YPL249C,0,0.66342735,0.15616077184677124,0.7088733911514282,0.38431528210639954
YLR155C,YOL113W,0,0.66336864,0.1561264842748642,0.7088733911514282,0.38441532850265503
YOL006C,YMR153W,0,0.66258216,0.15609221160411835,0.7088733911514282,0.38451534509658813
YER045C,YBR185C,0,0.66233224,0.1560579389333725,0.7088733911514282,0.38461539149284363
YMR204C,YDL236W,0,0.66220737,0.15602369606494904,0.7088733911514282,0.38471540808677673
YML092C,YGR272C,0,0.66205764,0.15598946809768677,0.7088733911514282,0.3848154544830322
YGR158C,YGR163W,0,0.66204584,0.1559552550315857,0.7088733911514282,0.38491547107696533
YCR058C,YJL091C,0,0.66197073,0.1559210568666458,0.7088733911514282,0.3850155174732208
YLR336C,YHR039C-B,0,0.6618461,0.15588687360286713,0.7088733911514282,0.38511553406715393
YDL142C,YOR088W,1,0.6616315,0.15607190132141113,0.7098703980445862,0.38511553406715393
YJL041W,YER007C-A,0,0.6604152,0.15603768825531006,0.7098703980445862,0.38521555066108704
YGR027W-A,YDL145C,0,0.66035646,0.15600350499153137,0.7098703980445862,0.38531559705734253
YOR332W,YNL014W,0,0.65979755,0.15596933662891388,0.7098703980445862,0.38541561365127563
YMR216C,YOR054C,1,0.65956986,0.15615418553352356,0.7108674049377441,0.38541561365127563
YNL213C,YHR039C-B,0,0.65917283,0.15611998736858368,0.7108674049377441,0.38551566004753113
YHR133C,YOR247W,0,0.6573429,0.1560858190059662,0.7108674049377441,0.38561567664146423
YJR102C,YER014W,0,0.65714717,0.1560516506433487,0.7108674049377441,0.3857157230377197
YER074W-A,YCL054W,0,0.6569656,0.1560175120830536,0.7108674049377441,0.38581573963165283
YLR138W,YOR061W,1,0.6568805,0.15620213747024536,0.7118644118309021,0.38581573963165283
YHR178W,YKL158W,0,0.65684426,0.15616798400878906,0.7118644118309021,0.3859157860279083
YER012W,YBR201W,0,0.6565863,0.15613383054733276,0.7118644118309021,0.38601580262184143
YDL142C,YKL190W,1,0.65617615,0.1563183218240738,0.7128614187240601,0.38601580262184143
YDR464W,YMR232W,0,0.65616286,0.1562841534614563,0.7128614187240601,0.3861158490180969
YCR042C,YOR195W,0,0.6560429,0.15625,0.7128614187240601,0.38621586561203003
YEL058W,YPL170W,0,0.65586144,0.1562158614397049,0.7128614187240601,0.38631588220596313
YLL042C,YFR051C,0,0.6557576,0.15618173778057098,0.7128614187240601,0.38641592860221863
YJR086W,YDR365W-A,0,0.6555612,0.15614762902259827,0.7128614187240601,0.38651594519615173
YJL026W,YNL024C,0,0.655462,0.15611353516578674,0.7128614187240601,0.3866159915924072
YDR054C,YPL189W,0,0.6546242,0.1560794562101364,0.7128614187240601,0.38671600818634033
YJR123W,YPL270W,0,0.65432906,0.15604539215564728,0.7128614187240601,0.3868160545825958
YOR240W,YDR485C,0,0.65422654,0.15601134300231934,0.7128614187240601,0.38691607117652893
YOR087W,YHR039C-B,1,0.6538684,0.15619546175003052,0.713858425617218,0.38691607117652893
YGR227W,YJL014W,0,0.6538408,0.15616139769554138,0.713858425617218,0.3870161175727844
YPL124W,YDR517W,0,0.6536294,0.15612734854221344,0.713858425617218,0.38711613416671753
YEL046C,YBR233W-A,0,0.65288657,0.1560933142900467,0.713858425617218,0.38721615076065063
YNL118C,YBR153W,0,0.6527625,0.15605928003787994,0.713858425617218,0.38731619715690613
YJL058C,YBL101C,0,0.6526097,0.15602527558803558,0.713858425617218,0.38741621375083923
YGL079W,YNL031C,0,0.652441,0.15599128603935242,0.713858425617218,0.3875162601470947
YGL253W,YDR261W-B,0,0.65243775,0.15595731139183044,0.713858425617218,0.38761627674102783
YPR086W,YLR377C,0,0.65243083,0.15592335164546967,0.713858425617218,0.3877163231372833
YHR039C-B,YDR376W,1,0.6522932,0.1561071127653122,0.714855432510376,0.3877163231372833
YLR248W,YJL113W,0,0.65189135,0.15607313811779022,0.714855432510376,0.38781633973121643
YOR240W,YLR342W,0,0.65171623,0.15603917837142944,0.714855432510376,0.3879163861274719
YEL020C,YOR182C,0,0.6516609,0.15600521862506866,0.714855432510376,0.38801640272140503
YGR247W,YBR185C,0,0.65154016,0.15597128868103027,0.714855432510376,0.3881164491176605
YMR131C,YDR261C-C,0,0.65135276,0.15593735873699188,0.714855432510376,0.38821646571159363
YBR267W,YDR261C-C,0,0.6504164,0.15590345859527588,0.714855432510376,0.38831648230552673
YNR047W,YOR217W,0,0.6502003,0.15586955845355988,0.714855432510376,0.3884165287017822
YEL026W,YLR034C,0,0.64911246,0.15583568811416626,0.714855432510376,0.38851654529571533
YHR039C-B,YPL177C,1,0.6490122,0.15601912140846252,0.7158524394035339,0.38851654529571533
YML033W,YHL033C,0,0.648585,0.15598522126674652,0.7158524394035339,0.3886165916919708
YDL130W,YNL257C,0,0.648346,0.1559513509273529,0.7158524394035339,0.38871660828590393
YNL275W,YHL044W,0,0.64798343,0.1559174805879593,0.7158524394035339,0.3888166546821594
YKR007W,YGR029W,1,0.64794093,0.15610073506832123,0.7168494462966919,0.3888166546821594
YJL062W-A,YPR168W,0,0.64772016,0.15606684982776642,0.7168494462966919,0.38891667127609253
YGL187C,YLR234W,0,0.6477178,0.1560329794883728,0.7168494462966919,0.389016717672348
YOR079C,YLR433C,1,0.6471586,0.156216099858284,0.7178464531898499,0.389016717672348
YJR014W,YER159C-A,0,0.6469343,0.1561822146177292,0.7178464531898499,0.38911673426628113
YKL032C,YNL081C,0,0.64686054,0.15614834427833557,0.7178464531898499,0.38921675086021423
YGL161C,YCR094W,0,0.6465919,0.15611448884010315,0.7178464531898499,0.3893167972564697
YNL061W,YGL011C,0,0.6463608,0.15608064830303192,0.7178464531898499,0.38941681385040283
YDR121W,YLR298C,0,0.6460564,0.1560468077659607,0.7178464531898499,0.3895168602466583
YNL293W,YML019W,0,0.64603496,0.15601299703121185,0.7178464531898499,0.38961687684059143
YER042W,YLR176C,0,0.64597166,0.1559792011976242,0.7178464531898499,0.3897169232368469
YGR161C,YBL051C,0,0.6450712,0.15594542026519775,0.7178464531898499,0.38981693983078003
YCR102C,YCL027W,0,0.6450353,0.1559116542339325,0.7178464531898499,0.3899169862270355
YPL175W,YEL016C,0,0.64492726,0.15587788820266724,0.7178464531898499,0.39001700282096863
YML101C,YLR077W,0,0.64471996,0.15584415197372437,0.7178464531898499,0.3901170492172241
YOR259C,YAR044W,0,0.64424,0.1558104306459427,0.7178464531898499,0.3902170658111572
YKL010C,YMR002W,0,0.6434657,0.1557767242193222,0.7178464531898499,0.39031708240509033
YGR161W-A,YAL001C,0,0.6431274,0.15574301779270172,0.7178464531898499,0.3904171288013458
YER180C,YLR186W,0,0.64258564,0.15570934116840363,0.7178464531898499,0.39051714539527893
YNL270C,YER167W,0,0.6418996,0.15567567944526672,0.7178464531898499,0.3906171917915344
YJR049C,YOR343W-A,0,0.6418835,0.15564201772212982,0.7178464531898499,0.39071720838546753
YPL089C,YML014W,0,0.6415731,0.1556083858013153,0.7178464531898499,0.390817254781723
YDR318W,YDL046W,0,0.6415524,0.155574768781662,0.7178464531898499,0.39091727137565613
YPL179W,YGR063C,0,0.6414918,0.15554115176200867,0.7178464531898499,0.3910173177719116
YGR054W,YGR165W,0,0.6408441,0.15550756454467773,0.7178464531898499,0.3911173343658447
YER174C,YOL092W,0,0.64065766,0.1554739773273468,0.7178464531898499,0.39121735095977783
YJR089W,YBL038W,0,0.6403814,0.15544041991233826,0.7178464531898499,0.3913173973560333
YGL136C,YIL051C,0,0.6398854,0.1554068624973297,0.7178464531898499,0.39141741394996643
YNR069C,YDL030W,0,0.6395477,0.15537333488464355,0.7178464531898499,0.3915174603462219
YML096W,YMR116C,0,0.63940793,0.1553398072719574,0.7178464531898499,0.39161747694015503
YLR060W,YAL042W,0,0.6390052,0.15530629456043243,0.7178464531898499,0.3917175233364105
YDL178W,YER014W,0,0.63898814,0.15527281165122986,0.7178464531898499,0.39181753993034363
YKL088W,YDR237W,0,0.6388825,0.15523932874202728,0.7178464531898499,0.3919175863265991
YDR117C,YGR087C,0,0.6387062,0.1552058607339859,0.7178464531898499,0.3920176029205322
YMR271C,YDR268W,0,0.6385722,0.1551724076271057,0.7178464531898499,0.3921176493167877
YHR108W,YJL184W,0,0.6382787,0.1551389843225479,0.7178464531898499,0.3922176659107208
YOR367W,YDR488C,0,0.6381449,0.1551055610179901,0.7178464531898499,0.39231768250465393
YCR077C,YHR079C-B,0,0.6381279,0.1550721526145935,0.7178464531898499,0.3924177289009094
YNL132W,YAL062W,0,0.6381241,0.1550387591123581,0.7178464531898499,0.39251774549484253
YER145C,YMR243C,1,0.63788664,0.15522067248821259,0.7188434600830078,0.39251774549484253
YCL031C,YER020W,0,0.6378512,0.15518726408481598,0.7188434600830078,0.392617791891098
YGL020C,YJL056C,1,0.6377364,0.15536905825138092,0.7198404669761658,0.392617791891098
YMR091C,YKR072C,0,0.6374433,0.15533563494682312,0.7198404669761658,0.39271780848503113
YOR086C,YHR101C,0,0.6373165,0.15530221164226532,0.7198404669761658,0.3928178548812866
YNL275W,YGR097W,0,0.63729,0.1552688181400299,0.7198404669761658,0.3929178714752197
YDL065C,YLR157C-A,0,0.6372854,0.1552354395389557,0.7198404669761658,0.3930179178714752
YFL034C-B,YKL213C,0,0.63703746,0.15520206093788147,0.7198404669761658,0.3931179344654083
YDR322C-A,YIL120W,0,0.6370214,0.15516871213912964,0.7198404669761658,0.39321795105934143
YOL152W,YBR056W,0,0.63694495,0.1551353633403778,0.7198404669761658,0.3933179974555969
YOR153W,YIL033C,0,0.63627166,0.15510204434394836,0.7198404669761658,0.39341801404953003
YMR177W,YDL198C,1,0.6362331,0.15528351068496704,0.7208374738693237,0.39341801404953003
YGR263C,YOR306C,0,0.6361009,0.1552501618862152,0.7208374738693237,0.3935180604457855
YDR197W,YER040W,0,0.6357883,0.15521682798862457,0.7208374738693237,0.39361807703971863
YOR018W,YKR030W,0,0.63564557,0.15518350899219513,0.7208374738693237,0.3937181234359741
YAR008W,YPR124W,0,0.63537467,0.15515021979808807,0.7208374738693237,0.3938181400299072
YOR086C,YLR342W,0,0.63488245,0.15511693060398102,0.7208374738693237,0.3939181864261627
YKR009C,YGR220C,0,0.6343119,0.15508365631103516,0.7208374738693237,0.3940182030200958
YGR174C,YJL127C,0,0.6337346,0.1550503969192505,0.7208374738693237,0.3941182494163513
YKL002W,YJL170C,0,0.63353264,0.15501715242862701,0.7208374738693237,0.3942182660102844
YIL036W,YDR037W,0,0.6331883,0.15498392283916473,0.7208374738693237,0.39431828260421753
YMR149W,YGR061C,0,0.6331569,0.15495070815086365,0.7208374738693237,0.394418329000473
YGL184C,YEL013W,0,0.63314736,0.15491750836372375,0.7208374738693237,0.39451834559440613
YJR056C,YOR109W,0,0.6331123,0.15488432347774506,0.7208374738693237,0.3946183919906616
YJR076C,YDR273W,0,0.633051,0.15485113859176636,0.7208374738693237,0.3947184085845947
YNL186W,YFR024C,0,0.6329433,0.15481798350811005,0.7208374738693237,0.3948184549808502
YBR233W-A,YGR096W,0,0.6327546,0.15478484332561493,0.7208374738693237,0.3949184715747833
YLR176C,YPL138C,0,0.63248277,0.154751718044281,0.7208374738693237,0.3950185179710388
YMR030W,YNL169C,0,0.63248,0.15471859276294708,0.7208374738693237,0.3951185345649719
YGR099W,YGR038C-A,0,0.6321397,0.15468549728393555,0.7208374738693237,0.39521855115890503
YEL054C,YGL087C,0,0.63204634,0.154652401804924,0.7208374738693237,0.3953185975551605
YGL240W,YFR053C,0,0.6314784,0.15461933612823486,0.7208374738693237,0.39541861414909363
YOL027C,YBR037C,1,0.63126636,0.15480008721351624,0.7218344807624817,0.39541861414909363
YGR104C,YKL158W,0,0.6309979,0.1547669917345047,0.7218344807624817,0.3955186605453491
YGR038C-B,YKL157W,0,0.6308938,0.15473391115665436,0.7218344807624817,0.3956186771392822
YMR068W,YHR165C,0,0.63086456,0.1547008603811264,0.7218344807624817,0.3957187235355377
YDR379W,YOL135C,0,0.6308012,0.15466780960559845,0.7218344807624817,0.3958187401294708
YLR188W,YOR065W,0,0.6300651,0.1546347737312317,0.7218344807624817,0.3959187865257263
YOR079C,YBR295W,1,0.6297681,0.15481528639793396,0.7228314876556396,0.3959187865257263
YNL058C,YNL142W,0,0.62950826,0.154782235622406,0.7228314876556396,0.3960188031196594
YGR154C,YMR011W,0,0.6294333,0.15474919974803925,0.7228314876556396,0.3961188495159149
YGR005C,YIL145C,0,0.629313,0.15471617877483368,0.7228314876556396,0.396218866109848
YML016C,YDR205W,1,0.6292956,0.15489652752876282,0.7238284945487976,0.396218866109848
YLR210W,YBR109C,0,0.6289058,0.15486347675323486,0.7238284945487976,0.39631888270378113
YMR149W,YDR021W,0,0.62842673,0.1548304557800293,0.7238284945487976,0.3964189291000366
YFL009W,YOL052C-A,0,0.6283898,0.15479743480682373,0.7238284945487976,0.3965189456939697
YPL227C,YNL243W,0,0.627942,0.15476444363594055,0.7238284945487976,0.3966189920902252
YOR124C,YIL144W,0,0.6274128,0.15473145246505737,0.7238284945487976,0.3967190086841583
YDR365W-B,YJR013W,0,0.6273212,0.15469849109649658,0.7238284945487976,0.3968190550804138
YBR090C-A,YMR053C,0,0.62703353,0.1546655297279358,0.7238284945487976,0.3969190716743469
YER180C,YIR008C,0,0.62666774,0.1546325832605362,0.7238284945487976,0.3970191180706024
YLR277C,YHR214C-C,0,0.6266078,0.15459966659545898,0.7238284945487976,0.3971191346645355
YDR435C,YLR139C,0,0.62659025,0.15456674993038177,0.7238284945487976,0.39721915125846863
YJR088C,YGL250W,0,0.62637186,0.15453384816646576,0.7238284945487976,0.3973191976547241
YOL027C,YGL006W,1,0.62626874,0.15471376478672028,0.7248255014419556,0.3973191976547241
YCR018C,YJL177W,0,0.6261176,0.15468084812164307,0.7248255014419556,0.3974192142486572
YER120W,YHR161C,0,0.6258593,0.15464794635772705,0.7248255014419556,0.3975192606449127
YGR224W,YBR114W,0,0.6257778,0.15461505949497223,0.7248255014419556,0.3976192772388458
YJL062W-A,YER148W,0,0.62535274,0.1545821875333786,0.7248255014419556,0.3977193236351013
YMR297W,YPL214C,0,0.62506497,0.15454931557178497,0.7248255014419556,0.3978193402290344
YDR141C,YAR042W,0,0.62440854,0.15451647341251373,0.7248255014419556,0.3979193866252899
YDR009W,YDL069C,0,0.62425023,0.1544836312532425,0.7248255014419556,0.398019403219223
YOL103W-A,YDR176W,0,0.62423813,0.15445081889629364,0.7248255014419556,0.3981194496154785
YDR158W,YPL037C,0,0.6239656,0.1544180065393448,0.7248255014419556,0.3982194662094116
YGL168W,YHR091C,0,0.6233196,0.15438522398471832,0.7248255014419556,0.3983194828033447
YOR211C,YCR102C,0,0.62253475,0.15435244143009186,0.7248255014419556,0.3984195291996002
YLR133W,YCR028C-A,0,0.6221911,0.1543196737766266,0.7248255014419556,0.3985195457935333
YGR224W,YJR015W,0,0.621886,0.1542869210243225,0.7248255014419556,0.3986195921897888
YHR138C,YGL085W,0,0.6213535,0.15425418317317963,0.7248255014419556,0.3987196087837219
YMR015C,YML120C,0,0.62134933,0.15422147512435913,0.7248255014419556,0.3988196551799774
YML015C,YJL113W,0,0.62111115,0.15418875217437744,0.7248255014419556,0.3989196717739105
YNR032C-A,YDR021W,0,0.620986,0.15415605902671814,0.7248255014419556,0.399019718170166
YEL009C,YMR215W,0,0.6209095,0.15412338078022003,0.7248255014419556,0.3991197347640991
YHR019C,YKL150W,0,0.6207859,0.15409071743488312,0.7248255014419556,0.3992197513580322
YLR433C,YDR225W,0,0.6207714,0.1540580689907074,0.7248255014419556,0.3993197977542877
YDR511W,YFR034C,0,0.6205057,0.15402542054653168,0.7248255014419556,0.3994198143482208
YGL155W,YLR369W,1,0.6205046,0.1542046219110489,0.7258225083351135,0.3994198143482208
YNL188W,YLR396C,0,0.6202713,0.15417195856571198,0.7258225083351135,0.3995198607444763
YOR083W,YML120C,0,0.6202477,0.15413932502269745,0.7258225083351135,0.3996198773384094
YPR156C,YKL110C,0,0.6201724,0.15410669147968292,0.7258225083351135,0.3997199237346649
YDR407C,YDR331W,0,0.62013316,0.1540740728378296,0.7258225083351135,0.399819940328598
YLR056W,YDR247W,0,0.61998343,0.15404146909713745,0.7258225083351135,0.3999199867248535
YKL134C,YOR061W,1,0.6199472,0.15422043204307556,0.7268195152282715,0.3999199867248535
YDR231C,YDR252W,0,0.61984754,0.15418781340122223,0.7268195152282715,0.4000200033187866
YOR202W,YIL084C,0,0.6198098,0.1541552096605301,0.7268195152282715,0.4001200497150421
YKR037C,YNR007C,0,0.61937976,0.15412262082099915,0.7268195152282715,0.4002200663089752
YPL018W,YCL062W,0,0.619009,0.1540900468826294,0.7268195152282715,0.4003200829029083
YPL128C,YER074W-A,0,0.6189309,0.15405748784542084,0.7268195152282715,0.4004201292991638
YDR394W,YJR017C,0,0.61875695,0.15402492880821228,0.7268195152282715,0.4005201458930969
YOL094C,YMR081C,0,0.61874706,0.1539923995733261,0.7268195152282715,0.4006201922893524
YJL151C,YNL191W,0,0.61868715,0.15395987033843994,0.7268195152282715,0.4007202088832855
YJL212C,YCR016W,0,0.61840165,0.15392737090587616,0.7268195152282715,0.400820255279541
YBR149W,YGR161C-D,0,0.61769295,0.15389487147331238,0.7268195152282715,0.4009202718734741
YGL079W,YDL213C,0,0.6174686,0.1538623869419098,0.7268195152282715,0.4010203182697296
YPL022W,YFR024C,0,0.6174147,0.1538299173116684,0.7268195152282715,0.4011203348636627
YER007W,YLR234W,0,0.6172261,0.1537974625825882,0.7268195152282715,0.4012203514575958
YOR381W,YKL175W,1,0.61662734,0.1539759486913681,0.7278165221214294,0.4012203514575958
YBR299W,YPR137C-B,0,0.6165935,0.1539434790611267,0.7278165221214294,0.4013203978538513
YIR017C,YLR423C,0,0.616501,0.1539110243320465,0.7278165221214294,0.4014204144477844
YDR198C,YLR157C-B,0,0.6163802,0.1538785845041275,0.7278165221214294,0.4015204608440399
YJR046W,YDR479C,0,0.61630213,0.1538461595773697,0.7278165221214294,0.401620477437973
YDR302W,YBR058C,0,0.6163016,0.15381373465061188,0.7278165221214294,0.4017205238342285
YMR290C,YPL100W,0,0.6160753,0.15378133952617645,0.7278165221214294,0.4018205404281616
YJR047C,YDL010W,0,0.6159993,0.15374894440174103,0.7278165221214294,0.4019205868244171
YLR150W,YNL245C,0,0.6159836,0.153716579079628,0.7278165221214294,0.4020206034183502
YMR312W,YDR079C-A,0,0.61594915,0.15368421375751495,0.7278165221214294,0.4021206498146057
YLR293C,YDR261C-C,0,0.6157408,0.1536518633365631,0.7278165221214294,0.4022206664085388
YOR269W,YDR320C-A,0,0.6156439,0.15361952781677246,0.7278165221214294,0.4023206830024719
YBR102C,YBR008C,0,0.6152408,0.153587207198143,0.7278165221214294,0.4024207293987274
YBR251W,YNR055C,0,0.61511403,0.15355490148067474,0.7278165221214294,0.4025207459926605
YNL049C,YMR122W-A,0,0.6150302,0.15352261066436768,0.7278165221214294,0.402620792388916
YPL175W,YNL210W,0,0.61488426,0.1534903347492218,0.7278165221214294,0.4027208089828491
YPL241C,YDL080C,0,0.6147554,0.15345805883407593,0.7278165221214294,0.4028208553791046
YPL056C,YLR345W,0,0.6144228,0.15342581272125244,0.7278165221214294,0.4029208719730377
YPR156C,YGR286C,0,0.614366,0.15339356660842896,0.7278165221214294,0.4030209183692932
YGR068C,YBL071W-A,0,0.6142944,0.15336135029792786,0.7278165221214294,0.4031209349632263
YBR130C,YNL082W,0,0.61414933,0.15332913398742676,0.7278165221214294,0.4032209515571594
YBL061C,YGL127C,0,0.6139888,0.15329693257808685,0.7278165221214294,0.4033209979534149
YBR126C,YLR323C,0,0.6139522,0.15326474606990814,0.7278165221214294,0.403421014547348
YLR259C,YPR137C-B,0,0.61369836,0.15323257446289062,0.7278165221214294,0.4035210609436035
YDR098C-B,YHR112C,0,0.6134414,0.1532004177570343,0.7278165221214294,0.4036210775375366
YMR216C,YMR243C,1,0.6134124,0.15337809920310974,0.7288135886192322,0.4036210775375366
YPR094W,YDR058C,0,0.61330646,0.15334591269493103,0.7288135886192322,0.4037211239337921
YHR157W,YBL102W,0,0.61323833,0.1533137559890747,0.7288135886192322,0.4038211405277252
YGR116W,YLR393W,0,0.61275095,0.15328161418437958,0.7288135886192322,0.4039211869239807
YNL158W,YGR279C,0,0.61246383,0.15324947237968445,0.7288135886192322,0.4040212035179138
YPL020C,YFR041C,0,0.61218953,0.1532173603773117,0.7288135886192322,0.4041212499141693
YDL130W-A,YJL089W,0,0.61200154,0.15318524837493896,0.7288135886192322,0.4042212665081024
YGR206W,YLR093C,0,0.6117634,0.15315315127372742,0.7288135886192322,0.4043212831020355
YDL194W,YGR224W,0,0.61175483,0.15312106907367706,0.7288135886192322,0.404421329498291
YDR484W,YAL032C,0,0.611589,0.1530890017747879,0.7288135886192322,0.4045213460922241
YDR014W,YOR096W,0,0.6115462,0.15305694937705994,0.7288135886192322,0.4046213924884796
YER074W-A,YHR033W,0,0.6115277,0.15302491188049316,0.7288135886192322,0.4047214090824127
YEL009C,YCL020W,0,0.61151886,0.15299288928508759,0.7288135886192322,0.4048214554786682
YJR104C,YOR129C,0,0.6106059,0.152960866689682,0.7288135886192322,0.4049214720726013
YDR098C-A,YGL009C,0,0.61053777,0.15292887389659882,0.7288135886192322,0.4050215184688568
YMR072W,YBR283C,0,0.6101798,0.15289688110351562,0.7288135886192322,0.4051215350627899
YDR432W,YOR332W,0,0.6091757,0.15286490321159363,0.7288135886192322,0.405221551656723
YBR016W,YER048W-A,0,0.60906625,0.15283295512199402,0.7288135886192322,0.4053215980529785
YBL042C,YLR085C,0,0.6090458,0.1528010070323944,0.7288135886192322,0.4054216146469116
YML016C,YLR047C,1,0.60853124,0.1529780626296997,0.7298105955123901,0.4054216146469116
YBL066C,YFR008W,0,0.6076303,0.1529460996389389,0.7298105955123901,0.4055216610431671
YDR309C,YMR022W,0,0.60722876,0.1529141366481781,0.7298105955123901,0.4056216776371002
YKL046C,YJL168C,0,0.6070334,0.15288220345973969,0.7298105955123901,0.4057217240333557
YDL198C,YCL017C,1,0.60698366,0.15305909514427185,0.7308076024055481,0.4057217240333557
YJL165C,YNL217W,0,0.6068994,0.15302714705467224,0.7308076024055481,0.4058217406272888
YJR091C,YDR510W,0,0.6068055,0.15299519896507263,0.7308076024055481,0.4059217870235443
YHR039C-B,YMR301C,1,0.60668194,0.15317195653915405,0.731804609298706,0.4059217870235443
YBR048W,YGL003C,0,0.6066208,0.15313999354839325,0.731804609298706,0.4060218036174774
YML072C,YCR058C,0,0.60652304,0.15310804545879364,0.731804609298706,0.4061218500137329
YNL094W,YLR315W,0,0.60585093,0.15307612717151642,0.731804609298706,0.406221866607666
YIR017C,YHR079C-B,0,0.60564,0.1530442088842392,0.731804609298706,0.4063218832015991
YHL020C,YGR047C,0,0.60536873,0.15301230549812317,0.731804609298706,0.4064219295978546
YOR103C,YPL063W,0,0.6053531,0.15298040211200714,0.731804609298706,0.4065219461917877
YJL154C,YML012W,0,0.60529673,0.1529485285282135,0.731804609298706,0.4066219925880432
YPL085W,YHL009W-B,0,0.60477626,0.15291666984558105,0.731804609298706,0.4067220091819763
YLR369W,YGL219C,0,0.6045753,0.1528848111629486,0.731804609298706,0.4068220555782318
YAR033W,YLR237W,0,0.60439783,0.15285298228263855,0.731804609298706,0.4069220721721649
YDR478W,YGR058W,0,0.6041654,0.1528211534023285,0.731804609298706,0.4070221185684204
YIL008W,YPL118W,0,0.6041585,0.15278933942317963,0.731804609298706,0.4071221351623535
YCR028C,YJR017C,0,0.6041541,0.15275754034519196,0.731804609298706,0.4072221517562866
YKL167C,YNL145W,0,0.60398316,0.15272575616836548,0.731804609298706,0.4073221981525421
YMR092C,YBR028C,0,0.60313356,0.1526939868927002,0.731804609298706,0.4074222147464752
YOR214C,YNR007C,0,0.6030758,0.1526622325181961,0.731804609298706,0.4075222611427307
YPL108W,YGL047W,0,0.6027626,0.15263047814369202,0.731804609298706,0.4076222777366638
YML086C,YGR286C,0,0.60269165,0.15259875357151031,0.731804609298706,0.4077223241329193
YBR054W,YDR326C,0,0.60258365,0.1525670289993286,0.731804609298706,0.4078223407268524
YEL050C,YIR010W,0,0.60247165,0.1525353342294693,0.731804609298706,0.4079223871231079
YAL035W,YHL015W,0,0.6022774,0.15250363945960999,0.731804609298706,0.408022403717041
YNL284C-B,YLR327C,0,0.60205984,0.15247195959091187,0.731804609298706,0.4081224501132965
YIL109C,YHR187W,0,0.60205674,0.15244029462337494,0.731804609298706,0.4082224667072296
YOR228C,YJR137C,0,0.6018708,0.1524086445569992,0.731804609298706,0.4083224833011627
YPL060C-A,YKL040C,0,0.6015758,0.15237699449062347,0.731804609298706,0.4084225296974182
YNL053W,YLR139C,0,0.60087204,0.15234537422657013,0.731804609298706,0.4085225462913513
YDR098C-A,YNL068C,0,0.6005724,0.15231375396251678,0.731804609298706,0.4086225926876068
YGL023C,YNL289W,0,0.6003995,0.15228216350078583,0.731804609298706,0.4087226092815399
YGL002W,YOR088W,0,0.6002265,0.15225057303905487,0.731804609298706,0.4088226556777954
YKL148C,YBL003C,0,0.6000596,0.1522189974784851,0.731804609298706,0.4089226722717285
YOR332W,YDL178W,0,0.59976035,0.15218743681907654,0.731804609298706,0.409022718667984
YNL312W,YPR017C,0,0.5997176,0.15215589106082916,0.731804609298706,0.4091227352619171
YER032W,YDR311W,0,0.5996939,0.1521243453025818,0.731804609298706,0.4092227816581726
YMR070W,YAL042W,0,0.59944105,0.1520928293466568,0.731804609298706,0.4093227982521057
YKL099C,YPL092W,0,0.5990248,0.152061328291893,0.731804609298706,0.4094228148460388
YGR212W,YBR058C-A,0,0.59900206,0.1520298272371292,0.731804609298706,0.4095228612422943
YDR466W,YDR320C-A,0,0.599002,0.1519983410835266,0.731804609298706,0.4096228778362274
YKR007W,YNL159C,0,0.5989642,0.1519668698310852,0.731804609298706,0.4097229242324829
YBR161W,YBR216C,0,0.59825885,0.151935413479805,0.731804609298706,0.409822940826416
YML018C,YNL015W,0,0.59804076,0.15190397202968597,0.731804609298706,0.4099229872226715
YBL064C,YOR017W,0,0.5970974,0.15187254548072815,0.731804609298706,0.4100230038166046
YDL185W,YPL177C,1,0.5969945,0.1520479917526245,0.732801616191864,0.4100230038166046
YJR049C,YKL033W,0,0.59696066,0.1520165503025055,0.732801616191864,0.4101230502128601
YKL109W,YHR072W-A,0,0.59675527,0.15198510885238647,0.732801616191864,0.4102230668067932
YKL129C,YNL270C,0,0.5966265,0.15195369720458984,0.732801616191864,0.4103230834007263
YOL095C,YBR253W,0,0.59584445,0.1519222855567932,0.732801616191864,0.4104231297969818
YOR207C,YOR027W,0,0.5958286,0.15189088881015778,0.732801616191864,0.4105231463909149
YPR081C,YPR121W,0,0.5953963,0.15185950696468353,0.732801616191864,0.4106231927871704
YOL123W,YER060W-A,0,0.5951774,0.15182814002037048,0.732801616191864,0.4107232093811035
YPL280W,YER159C-A,0,0.59514135,0.15179677307605743,0.732801616191864,0.410823255777359
YIR008C,YER071C,0,0.5950177,0.15176543593406677,0.732801616191864,0.4109232723712921
YHR079C-A,YER062C,0,0.5938519,0.1517340987920761,0.732801616191864,0.4110233187675476
YLL006W,YIL156W,0,0.5936365,0.15170279145240784,0.732801616191864,0.4111233353614807
YER108C,YGL133W,0,0.59359163,0.15167148411273956,0.732801616191864,0.4112233817577362
YML041C,YCR010C,0,0.5934846,0.15164019167423248,0.732801616191864,0.4113233983516693
YLR138W,YHR039C-A,1,0.5932512,0.15181517601013184,0.733798623085022,0.4113233983516693
YHR046C,YHR031C,0,0.5929894,0.15178386867046356,0.733798623085022,0.4114234149456024
YML095C,YML120C,0,0.59282595,0.15175257623195648,0.733798623085022,0.4115234613418579
YJL094C,YER110C,0,0.5927441,0.1517212986946106,0.733798623085022,0.411623477935791
YJL143W,YOR339C,0,0.5927271,0.1516900211572647,0.733798623085022,0.4117235243320465
YDL185W,YHL047C,1,0.5926708,0.15186482667922974,0.7347956299781799,0.4117235243320465
YOR284W,YPR075C,0,0.5918722,0.15183353424072266,0.7347956299781799,0.4118235409259796
YKL008C,YLR306W,0,0.5917355,0.15180227160453796,0.7347956299781799,0.4119235873222351
YNR036C,YNR054C,0,0.5916981,0.15177100896835327,0.7347956299781799,0.4120236039161682
YOR048C,YHR039C-B,0,0.59167933,0.15173976123332977,0.7347956299781799,0.4121236503124237
YJL052W,YCR066W,0,0.5913686,0.15170852839946747,0.7347956299781799,0.4122236669063568
YPL060C-A,YDR294C,0,0.59117436,0.15167729556560516,0.7347956299781799,0.4123236835002899
YHL017W,YMR289W,0,0.5910922,0.15164609253406525,0.7347956299781799,0.4124237298965454
YER060W,YKL054C,0,0.59094226,0.15161488950252533,0.7347956299781799,0.4125237464904785
YPL234C,YDR492W,1,0.59015834,0.15178938210010529,0.7357926368713379,0.4125237464904785
YPR134W,YOR234C,0,0.5901226,0.15175817906856537,0.7357926368713379,0.412623792886734
YHR027C,YER005W,0,0.5897263,0.15172697603702545,0.7357926368713379,0.4127238094806671
YBL091C,YJL058C,0,0.5897224,0.15169578790664673,0.7357926368713379,0.4128238558769226
YDL033C,YNL244C,0,0.5891445,0.1516646146774292,0.7357926368713379,0.4129238724708557
YML092C,YDL223C,0,0.58906126,0.15163345634937286,0.7357926368713379,0.4130239188671112
YPR061C,YDL110C,0,0.5883249,0.15160229802131653,0.7357926368713379,0.4131239354610443
YGL210W,YPR114W,0,0.5880974,0.15157116949558258,0.7357926368713379,0.4132239818572998
YHR039C-B,YOR039W,1,0.58801043,0.15174537897109985,0.7367896437644958,0.4132239818572998
YBR050C,YFL047W,0,0.58766127,0.15171422064304352,0.7367896437644958,0.4133239984512329
YPL059W,YBR231C,0,0.5875902,0.15168309211730957,0.7367896437644958,0.413424015045166
YOR205C,YHR083W,0,0.5874486,0.15165196359157562,0.7367896437644958,0.4135240614414215
YDR168W,YKL218C,0,0.58732355,0.15162084996700287,0.7367896437644958,0.4136240780353546
YKL212W,YOL103W-A,0,0.58720857,0.15158973634243011,0.7367896437644958,0.4137241244316101
YLR158C,YGR254W,0,0.5868085,0.15155865252017975,0.7367896437644958,0.4138241410255432
YER106W,YPL281C,0,0.5866471,0.15152758359909058,0.7367896437644958,0.4139241874217987
YDR261C,YPR118W,0,0.5863851,0.1514965146780014,0.7367896437644958,0.4140242040157318
YNL096C,YDR375C,0,0.5862761,0.15146546065807343,0.7367896437644958,0.4141242504119873
YHR102W,YMR068W,0,0.5862018,0.15143442153930664,0.7367896437644958,0.4142242670059204
YOR196C,YHR072W,0,0.5856199,0.15140339732170105,0.7367896437644958,0.4143242835998535
YMR009W,YML009C,0,0.58546454,0.15137238800525665,0.7367896437644958,0.414424329996109
YJL041W,YJL177W,0,0.5853386,0.15134139358997345,0.7367896437644958,0.4145243465900421
YHR025W,YPL017C,0,0.58532107,0.15131039917469025,0.7367896437644958,0.4146243929862976
YNL284C-B,YBR082C,0,0.585283,0.15127941966056824,0.7367896437644958,0.4147244095802307
YPL103C,YGR194C,0,0.5852661,0.15124846994876862,0.7367896437644958,0.4148244559764862
YNL058C,YER041W,0,0.58521503,0.151217520236969,0.7367896437644958,0.4149244725704193
YFL026W,YOR254C,0,0.58493996,0.15118658542633057,0.7367896437644958,0.4150245189666748
YDL069C,YKL199C,0,0.5849308,0.15115565061569214,0.7367896437644958,0.4151245355606079
YDR202C,YLR205C,1,0.58469844,0.15132924914360046,0.7377866506576538,0.4151245355606079
YBR244W,YGL156W,0,0.5846369,0.15129829943180084,0.7377866506576538,0.4152245819568634
YBR166C,YMR024W,0,0.5846116,0.1512673795223236,0.7377866506576538,0.4153245985507965
YKL129C,YHR103W,0,0.5845898,0.15123645961284637,0.7377866506576538,0.4154246151447296
YJL203W,YIL144W,0,0.5841005,0.15120555460453033,0.7377866506576538,0.4155246615409851
YFR040W,YIL070C,0,0.5830544,0.1511746644973755,0.7377866506576538,0.4156246781349182
YHR124W,YIR006C,0,0.5827787,0.15114378929138184,0.7377866506576538,0.4157247245311737
YLR155C,YPL192C,0,0.58215994,0.15111292898654938,0.7377866506576538,0.4158247411251068
YLR240W,YDL130W-A,0,0.58198535,0.15108206868171692,0.7377866506576538,0.4159247875213623
YOL077W-A,YBR070C,0,0.58092415,0.15105123817920685,0.7377866506576538,0.4160248041152954
YDR170W-A,YNL139C,0,0.58085316,0.15102040767669678,0.7377866506576538,0.4161248505115509
YDR036C,YJL190C,0,0.5804095,0.1509895920753479,0.7377866506576538,0.416224867105484
YJL001W,YOR156C,0,0.58025277,0.15095879137516022,0.7377866506576538,0.4163248836994171
YBR037C,YKL190W,1,0.5796399,0.15113195776939392,0.7387836575508118,0.4163248836994171
YPL121C,YDL139C,0,0.57932734,0.15110114216804504,0.7387836575508118,0.4164249300956726
YHR021C,YGL027C,0,0.5789453,0.15107034146785736,0.7387836575508118,0.4165249466896057
YDR322C-A,YDR365W-B,0,0.5788289,0.15103954076766968,0.7387836575508118,0.4166249930858612
YML025C,YDR326C,0,0.5786567,0.15100876986980438,0.7387836575508118,0.4167250096797943
YNL125C,YKL155C,0,0.5784731,0.1509779989719391,0.7387836575508118,0.4168250560760498
YML081C-A,YBR065C,0,0.578055,0.15094724297523499,0.7387836575508118,0.4169250726699829
YOL077W-A,YDL002C,0,0.5778431,0.15091650187969208,0.7387836575508118,0.4170251190662384
YJL167W,YOR359W,0,0.57763004,0.15088576078414917,0.7387836575508118,0.4171251356601715
YGL013C,YDR346C,0,0.57758164,0.15085504949092865,0.7387836575508118,0.417225182056427
YGL223C,YHR010W,0,0.5773632,0.15082433819770813,0.7387836575508118,0.4173251986503601
YDL120W,YDR495C,1,0.57701707,0.15099714696407318,0.7397806644439697,0.4173251986503601
YDR210W-A,YJR099W,0,0.57686365,0.15096643567085266,0.7397806644439697,0.4174252152442932
YOR175C,YMR017W,0,0.5768181,0.15093572437763214,0.7397806644439697,0.4175252616405487
YGR013W,YHR146W,0,0.5765881,0.15090502798557281,0.7397806644439697,0.4176252782344818
YOL069W,YDL056W,0,0.57647425,0.15087434649467468,0.7397806644439697,0.4177253246307373
YPL017C,YHR072W,0,0.5764504,0.15084366500377655,0.7397806644439697,0.4178253412246704
YPL177C,YLR023C,1,0.5763646,0.1510162651538849,0.7407776713371277,0.4178253412246704
YAL011W,YOR011W,0,0.57545936,0.15098556876182556,0.7407776713371277,0.4179253876209259
YML085C,YOR192C-A,0,0.57478935,0.15095490217208862,0.7407776713371277,0.418025404214859
YJL100W,YLR212C,0,0.5746748,0.15092423558235168,0.7407776713371277,0.4181254506111145
YMR056C,YCR003W,0,0.5746688,0.15089358389377594,0.7407776713371277,0.4182254672050476
YLR384C,YLR439W,0,0.57418406,0.1508629471063614,0.7407776713371277,0.4183254837989807
YLR077W,YNL069C,0,0.5741837,0.15083232522010803,0.7407776713371277,0.4184255301952362
YIL130W,YPR158W-B,0,0.5739025,0.15080170333385468,0.7407776713371277,0.4185255467891693
YNL191W,YCR069W,0,0.5736651,0.1507711112499237,0.7407776713371277,0.4186255931854248
YBR236C,YNR023W,0,0.57350516,0.15074051916599274,0.7407776713371277,0.4187256097793579
YGL210W,YMR251W-A,0,0.57342994,0.15070994198322296,0.7407776713371277,0.4188256561756134
YNL330C,YAL035W,0,0.57339954,0.15067937970161438,0.7407776713371277,0.4189256727695465
YOR173W,YPL031C,0,0.5731636,0.1506488174200058,0.7407776713371277,0.419025719165802
YJL080C,YBL006C,0,0.5728451,0.1506182849407196,0.7407776713371277,0.4191257357597351
YIL130W,YNR001C,0,0.57278925,0.1505877524614334,0.7407776713371277,0.4192257821559906
YML106W,YDR441C,0,0.5711286,0.1505572497844696,0.7407776713371277,0.4193257987499237
YBR295W,YJR104C,1,0.5709416,0.15072932839393616,0.7417746782302856,0.4193257987499237
YLL050C,YMR235C,0,0.5709272,0.15069881081581116,0.7417746782302856,0.4194258153438568
YLR382C,YHR143W-A,0,0.57064754,0.15066829323768616,0.7417746782302856,0.4195258617401123
YDL126C,YDL081C,0,0.5703878,0.15063777565956116,0.7417746782302856,0.4196258783340454
YCR017C,YDR235W,0,0.570315,0.15060728788375854,0.7417746782302856,0.4197259247303009
YBL101W-A,YGR181W,0,0.5702176,0.15057680010795593,0.7417746782302856,0.419825941324234
YBR293W,YER003C,0,0.5692917,0.1505463421344757,0.7417746782302856,0.4199259877204895
YKL175W,YHR060W,1,0.5686607,0.15071818232536316,0.7427716851234436,0.4199259877204895
YOL077W-A,YGR138C,0,0.56848216,0.15068770945072174,0.7427716851234436,0.4200260043144226
YKL127W,YLR176C,0,0.5682337,0.15065723657608032,0.7427716851234436,0.4201260507106781
YKR034W,YJR135C,0,0.5679735,0.1506267637014389,0.7427716851234436,0.4202260673046112
YLR460C,YNL264C,0,0.5679045,0.15059632062911987,0.7427716851234436,0.4203260838985443
YGL166W,YCL012W,0,0.56755376,0.15056589245796204,0.7427716851234436,0.4204261302947998
YDR501W,YGR194C,0,0.56713784,0.1505354642868042,0.7427716851234436,0.4205261468887329
YOR007C,YOR131C,0,0.5670501,0.15050505101680756,0.7427716851234436,0.4206261932849884
YDR189W,YNL327W,0,0.5667339,0.1504746526479721,0.7427716851234436,0.4207262098789215
YGR261C,YDR098C-A,0,0.5664942,0.15044426918029785,0.7427716851234436,0.420826256275177
YGR163W,YLR421C,0,0.5663517,0.1504138857126236,0.7427716851234436,0.4209262728691101
YLR186W,YHR186C,0,0.56594527,0.15038353204727173,0.7427716851234436,0.4210263192653656
YIL009W,YJR135W-A,0,0.5657129,0.15035317838191986,0.7427716851234436,0.4211263358592987
YHR116W,YCR067C,0,0.56568617,0.1503228396177292,0.7427716851234436,0.4212263822555542
YKL099C,YER048W-A,0,0.565665,0.1502925157546997,0.7427716851234436,0.4213263988494873
YDR284C,YOR290C,0,0.56525207,0.15026220679283142,0.7427716851234436,0.4214264154434204
YKL096W,YCR066W,0,0.5652143,0.15023189783096313,0.7427716851234436,0.4215264618396759
YPL084W,YBR119W,0,0.56506085,0.15020161867141724,0.7427716851234436,0.421626478433609
YKL077W,YJR135W-A,0,0.56473476,0.15017133951187134,0.7427716851234436,0.4217265248298645
YOR061W,YNL259C,1,0.5646453,0.15034259855747223,0.7437686920166016,0.4217265248298645
YNR050C,YBR233W-A,0,0.5646403,0.15031230449676514,0.7437686920166016,0.4218265414237976
YJR076C,YKR095W,0,0.5644636,0.15028202533721924,0.7437686920166016,0.4219265878200531
YOR330C,YNL329C,0,0.5643916,0.15025176107883453,0.7437686920166016,0.4220266044139862
YHR178W,YGR078C,0,0.56431824,0.15022151172161102,0.7437686920166016,0.4221266508102417
YJL219W,YKL034W,0,0.5640892,0.1501912623643875,0.7437686920166016,0.4222266674041748
YER118C,YLR085C,0,0.563887,0.1501610279083252,0.7437686920166016,0.4223266839981079
YLR207W,YDR171W,0,0.56355596,0.15013080835342407,0.7437686920166016,0.4224267303943634
YGL234W,YML034W,0,0.5632292,0.15010060369968414,0.7437686920166016,0.4225267469882965
YGL243W,YDR350C,0,0.5631181,0.1500704139471054,0.7437686920166016,0.422626793384552
YJL025W,YHL016C,0,0.5629978,0.15004022419452667,0.7437686920166016,0.4227268099784851
YLR109W,YHR086W,0,0.5626588,0.15001004934310913,0.7437686920166016,0.4228268563747406
YCL038C,YMR165C,0,0.5626334,0.14997988939285278,0.7437686920166016,0.4229268729686737
YML087C,YDR320C-A,0,0.56249046,0.14994974434375763,0.7437686920166016,0.4230269193649292
YLR378C,YER006W,0,0.56219864,0.14991961419582367,0.7437686920166016,0.4231269359588623
YKL196C,YLR292C,0,0.56218314,0.1498894989490509,0.7437686920166016,0.4232269823551178
YPL061W,YLR092W,0,0.56205666,0.14985938370227814,0.7437686920166016,0.4233269989490509
YPL209C,YJL138C,0,0.5619596,0.14982928335666656,0.7437686920166016,0.423427015542984
YKL040C,YJL056C,1,0.5618249,0.15000000596046448,0.7447656989097595,0.423427015542984
YBL072C,YIL034C,0,0.5617805,0.1499698907136917,0.7447656989097595,0.4235270619392395
YNL207W,YBR211C,0,0.5612701,0.14993979036808014,0.7447656989097595,0.4236270785331726
YAL002W,YBR193C,0,0.56122124,0.14990969002246857,0.7447656989097595,0.4237271249294281
YMR109W,YMR101C,0,0.56057084,0.14987961947917938,0.7447656989097595,0.4238271415233612
YKR045C,YDR532C,0,0.5604235,0.1498495489358902,0.7447656989097595,0.4239271879196167
YDR057W,YJL189W,0,0.56015897,0.1498194932937622,0.7447656989097595,0.4240272045135498
YLR001C,YOR308C,0,0.55971885,0.1497894525527954,0.7447656989097595,0.4241272509098053
YBR008C,YDR501W,0,0.5596855,0.1497594267129898,0.7447656989097595,0.4242272675037384
YLR158C,YBR065C,0,0.55962527,0.1497294008731842,0.7447656989097595,0.4243272840976715
YMR056C,YJR158W,0,0.55959624,0.149699404835701,0.7447656989097595,0.424427330493927
YLR138W,YDR151C,1,0.55870366,0.14986976981163025,0.7457627058029175,0.424427330493927
YHL025W,YIL067C,0,0.55866206,0.14983974397182465,0.7457627058029175,0.4245273470878601
YDR009W,YPR158W-B,0,0.5584148,0.14980973303318024,0.7457627058029175,0.4246273934841156
YDL010W,YER061C,0,0.55841136,0.14977973699569702,0.7457627058029175,0.4247274100780487
YOL096C,YOR109W,0,0.55786085,0.149749755859375,0.7457627058029175,0.4248274564743042
YPL106C,YDR261W-B,0,0.55770934,0.14971977472305298,0.7457627058029175,0.4249274730682373
YHR124W,YML065W,0,0.55761516,0.14968980848789215,0.7457627058029175,0.4250275194644928
YER174C,YPR017C,0,0.55719686,0.14965985715389252,0.7457627058029175,0.4251275360584259
YGR188C,YJR017C,0,0.5567895,0.14962992072105408,0.7457627058029175,0.4252275824546814
YDL076C,YAR044W,0,0.5567086,0.14959999918937683,0.7457627058029175,0.4253275990486145
YML087C,YGR027W-A,0,0.5563277,0.14957009255886078,0.7457627058029175,0.4254276156425476
YHR099W,YGL227W,0,0.55603826,0.14954018592834473,0.7457627058029175,0.4255276620388031
YPL084W,YGL173C,0,0.5560185,0.14951029419898987,0.7457627058029175,0.4256276786327362
YNL248C,YKR105C,0,0.5558471,0.1494804173707962,0.7457627058029175,0.4257277250289917
YCL059C,YKL002W,0,0.5557288,0.14945055544376373,0.7457627058029175,0.4258277416229248
YFL025C,YGR161W-A,0,0.55562854,0.14942069351673126,0.7457627058029175,0.4259277880191803
YPL076W,YDR322W,0,0.55554235,0.14939084649085999,0.7457627058029175,0.4260278046131134
YGL257C,YDL223C,0,0.5554267,0.1493610292673111,0.7457627058029175,0.4261278510093689
YAL019W,YCR088W,0,0.5553818,0.149331197142601,0.7457627058029175,0.426227867603302
YLR061W,YDR198C,0,0.554889,0.14930139482021332,0.7457627058029175,0.4263278841972351
YDR050C,YPL246C,0,0.5547371,0.14927160739898682,0.7457627058029175,0.4264279305934906
YNL251C,YPL153C,0,0.5547049,0.14924181997776031,0.7457627058029175,0.4265279471874237
YLR189C,YLR390W-A,0,0.55449915,0.149212047457695,0.7457627058029175,0.4266279935836792
YCR031C,YHR005C,0,0.55406713,0.1491822898387909,0.7457627058029175,0.4267280101776123
YDL188C,YIL172C,0,0.5536448,0.14915254712104797,0.7457627058029175,0.4268280565738678
YNL077W,YDR079C-A,0,0.55364156,0.14912280440330505,0.7457627058029175,0.4269280731678009
YJR065C,YER015W,0,0.5533826,0.14909307658672333,0.7457627058029175,0.4270281195640564
YLR150W,YLR127C,0,0.5531903,0.149063378572464,0.7457627058029175,0.4271281361579895
YMR109W,YMR309C,0,0.55298257,0.14903366565704346,0.7457627058029175,0.427228182554245
YPL128C,YER178W,0,0.55271137,0.1490039825439453,0.7457627058029175,0.4273281991481781
YMR323W,YBR162C,0,0.55225646,0.14897431433200836,0.7457627058029175,0.4274282157421112
YBR103W,YDL030W,0,0.551806,0.1489446461200714,0.7457627058029175,0.4275282621383667
YKR064W,YHR178W,0,0.55170166,0.14891499280929565,0.7457627058029175,0.4276282787322998
YPR081C,YJL091C,0,0.55169034,0.1488853543996811,0.7457627058029175,0.4277283251285553
YPR158W-A,YGL142C,0,0.5516811,0.14885571599006653,0.7457627058029175,0.4278283417224884
YDL134C,YDR399W,0,0.55150926,0.14882610738277435,0.7457627058029175,0.4279283881187439
YOL059W,YCR021C,0,0.55125844,0.14879649877548218,0.7457627058029175,0.428028404712677
YJL002C,YDR320C-A,0,0.55109274,0.1487669050693512,0.7457627058029175,0.4281284511089325
YAR015W,YDR039C,0,0.5508345,0.1487373262643814,0.7457627058029175,0.4282284677028656
YDR529C,YKL164C,0,0.55080676,0.14870774745941162,0.7457627058029175,0.4283284842967987
YHL036W,YBR012W-B,0,0.5507777,0.14867819845676422,0.7457627058029175,0.4284285306930542
YGR263C,YKL139W,0,0.55027986,0.14864864945411682,0.7457627058029175,0.4285285472869873
YOR278W,YOR005C,0,0.54991734,0.14861911535263062,0.7457627058029175,0.4286285936832428
YMR021C,YBR037C,1,0.54963124,0.1487882435321808,0.7467597126960754,0.4286285936832428
YDL087C,YKL026C,0,0.5494913,0.1487586945295334,0.7467597126960754,0.4287286102771759
YNL064C,YDR511W,0,0.5494881,0.148729145526886,0.7467597126960754,0.4288286566734314
YDL075W,YLR093C,0,0.54930305,0.14869962632656097,0.7467597126960754,0.4289286732673645
YGR075C,YNL053W,0,0.54919446,0.14867010712623596,0.7467597126960754,0.42902871966362
YFL022C,YKR010C,0,0.5489786,0.14864060282707214,0.7467597126960754,0.4291287362575531
YOR241W,YNL213C,0,0.54895556,0.14861111342906952,0.7467597126960754,0.4292287826538086
YOR167C,YLR001C,0,0.5489068,0.1485816240310669,0.7467597126960754,0.4293287992477417
YOR127W,YPL100W,0,0.5487266,0.14855216443538666,0.7467597126960754,0.4294288158416748
YKL152C,YPL281C,0,0.5485778,0.14852270483970642,0.7467597126960754,0.4295288622379303
YOR271C,YOL075C,0,0.5485492,0.14849326014518738,0.7467597126960754,0.4296288788318634
YLR227W-A,YPR052C,0,0.54816866,0.14846383035182953,0.7467597126960754,0.4297289252281189
YGR027W-B,YGR161C,0,0.54815614,0.14843440055847168,0.7467597126960754,0.429828941822052
YKR022C,YHL047C,0,0.54790825,0.14840498566627502,0.7467597126960754,0.4299289882183075
YNR037C,YKL212W,0,0.5475888,0.14837560057640076,0.7467597126960754,0.4300290048122406
YOL077W-A,YER007W,0,0.54730356,0.1483462005853653,0.7467597126960754,0.4301290512084961
YOR267C,YMR134W,1,0.54671955,0.14851485192775726,0.7477567195892334,0.4301290512084961
YGR040W,YDR421W,0,0.54633,0.1484854519367218,0.7477567195892334,0.4302290678024292
YBR012W-B,YLR262C,0,0.54620564,0.14845605194568634,0.7477567195892334,0.4303290843963623
YKL220C,YPL023C,0,0.5460615,0.14842668175697327,0.7477567195892334,0.4304291307926178
YOR032C,YLR100W,0,0.54605675,0.1483973115682602,0.7477567195892334,0.4305291473865509
YOL002C,YER145C,1,0.54564863,0.14856576919555664,0.7487537264823914,0.4305291473865509
YHR039C-B,YDR205W,1,0.5454923,0.1487341821193695,0.7497507333755493,0.4305291473865509
YOL123W,YDR031W,0,0.5452775,0.14870476722717285,0.7497507333755493,0.4306291937828064
YBR273C,YKL173W,0,0.54514426,0.1486753672361374,0.7497507333755493,0.4307292103767395
YDR034C-D,YCL017C,0,0.5450139,0.14864598214626312,0.7497507333755493,0.430829256772995
YKL119C,YDL198C,1,0.54469454,0.14881423115730286,0.7507477402687073,0.430829256772995
YIL155C,YPL040C,0,0.54466397,0.1487848311662674,0.7507477402687073,0.4309292733669281
YLR342W,YAL023C,0,0.5445124,0.14875543117523193,0.7507477402687073,0.4310293197631836
YJR159W,YOR330C,0,0.5444375,0.14872604608535767,0.7507477402687073,0.4311293363571167
YKR087C,YHR210C,0,0.544386,0.1486966758966446,0.7507477402687073,0.4312293827533722
YOR019W,YDL072C,0,0.54369074,0.1486673206090927,0.7507477402687073,0.4313293993473053
YHL021C,YKL045W,0,0.5435046,0.14863798022270203,0.7507477402687073,0.4314294159412384
YAR003W,YGR296W,0,0.5434073,0.14860863983631134,0.7507477402687073,0.4315294623374939
YPR068C,YBR229C,0,0.5427655,0.14857931435108185,0.7507477402687073,0.431629478931427
YKL107W,YKL199C,0,0.5423666,0.14855000376701355,0.7507477402687073,0.4317295253276825
YKL220C,YHR161C,0,0.54169714,0.14852070808410645,0.7507477402687073,0.4318295419216156
YML057W,YGR244C,0,0.5414063,0.14849142730236053,0.7507477402687073,0.4319295883178711
YMR130W,YBR056W,0,0.54125476,0.14846214652061462,0.7507477402687073,0.4320296049118042
YER041W,YCL045C,0,0.54105014,0.1484328806400299,0.7507477402687073,0.4321296513080597
YCR075C,YDR261W-B,0,0.5410364,0.14840362966060638,0.7507477402687073,0.4322296679019928
YGR058W,YJL002C,0,0.5409842,0.14837437868118286,0.7507477402687073,0.4323296844959259
YPR158W-A,YJL062W,0,0.5406482,0.14834515750408173,0.7507477402687073,0.4324297308921814
YLR015W,YOR155C,0,0.5404474,0.1483159363269806,0.7507477402687073,0.4325297474861145
YMR197C,YER176W,0,0.54030776,0.14828673005104065,0.7507477402687073,0.43262979388237
YAL003W,YJL096W,0,0.54016715,0.1482575237751007,0.7507477402687073,0.4327298104763031
YML001W,YGR161W-A,0,0.5399512,0.14822834730148315,0.7507477402687073,0.4328298568725586
YNL054W-B,YGR172C,0,0.5395453,0.1481991708278656,0.7507477402687073,0.4329298734664917
YOL084W,YER110C,0,0.5395015,0.14817000925540924,0.7507477402687073,0.4330299198627472
YML012W,YOR192C-A,0,0.5389414,0.14814086258411407,0.7507477402687073,0.4331299364566803
YML066C,YLR446W,0,0.5388297,0.1481117159128189,0.7507477402687073,0.4332299828529358
YOR156C,YCL020W,0,0.53861475,0.14808259904384613,0.7507477402687073,0.4333299994468689
YOR267C,YHR003C,0,0.53847873,0.14805348217487335,0.7507477402687073,0.433430016040802
YMR177W,YDR151C,1,0.5382361,0.148220956325531,0.7517447471618652,0.433430016040802
YGL031C,YBR229C,0,0.5382165,0.14819182455539703,0.7517447471618652,0.4335300624370575
YKL021C,YPL010W,0,0.53769886,0.14816270768642426,0.7517447471618652,0.4336300790309906
YGR133W,YBL061C,0,0.53753245,0.14813359081745148,0.7517447471618652,0.4337301254272461
YBR037C,YER145C,1,0.53748214,0.1483009159564972,0.7527417540550232,0.4337301254272461
YML081C-A,YOR255W,0,0.5370098,0.14827179908752441,0.7527417540550232,0.4338301420211792
YGR212W,YGR063C,0,0.5369649,0.14824268221855164,0.7527417540550232,0.4339301884174347
YGL039W,YDR465C,0,0.5366052,0.14821358025074005,0.7527417540550232,0.4340302050113678
YKL043W,YMR233W,0,0.5365424,0.14818449318408966,0.7527417540550232,0.4341302514076233
YDL135C,YOR143C,0,0.5364428,0.14815542101860046,0.7527417540550232,0.4342302680015564
YNL181W,YKL137W,0,0.53626716,0.14812634885311127,0.7527417540550232,0.4343302845954895
YPR100W,YMR198W,0,0.5362319,0.14809729158878326,0.7527417540550232,0.434430330991745
YGL006W,YBL064C,0,0.5360358,0.14806824922561646,0.7527417540550232,0.4345303475856781
YKL014C,YDL105W,0,0.53599244,0.14803922176361084,0.7527417540550232,0.4346303939819336
YDR075W,YOR343W-A,0,0.5358921,0.14801019430160522,0.7527417540550232,0.4347304105758667
YDL010W,YKR105C,0,0.5357461,0.1479811817407608,0.7527417540550232,0.4348304569721222
YPR068C,YIL126W,0,0.53571075,0.14795218408107758,0.7527417540550232,0.4349304735660553
YHL028W,YMR165C,0,0.5353463,0.14792320132255554,0.7527417540550232,0.4350305199623108
YGL019W,YOR039W,1,0.5353276,0.14809010922908783,0.7537387609481812,0.4350305199623108
YGR122W,YGL009C,0,0.5340574,0.1480611115694046,0.7537387609481812,0.4351305365562439
YMR216C,YJL093C,1,0.53397274,0.14822791516780853,0.7547357678413391,0.4351305365562439
YNL128W,YGR218W,0,0.53365564,0.1481989026069641,0.7547357678413391,0.4352305829524994
YBR295W,YMR058W,1,0.5334393,0.14836563169956207,0.7557327747344971,0.4352305829524994
YEL065W,YHR039C-A,1,0.5332862,0.14853228628635406,0.756729781627655,0.4352305829524994
YHR216W,YDR348C,0,0.5330742,0.14850322902202606,0.756729781627655,0.4353305995464325
YGR287C,YOR136W,0,0.5323947,0.14847417175769806,0.756729781627655,0.4354306161403656
YDR069C,YOL115W,0,0.53236294,0.14844514429569244,0.756729781627655,0.4355306625366211
YDL142C,YDR205W,1,0.5319464,0.1486116498708725,0.7577268481254578,0.4355306625366211
YBR003W,YGL141W,0,0.5316253,0.1485826075077057,0.7577268481254578,0.4356306791305542
YOR192C-B,YJL173C,0,0.5315062,0.14855355024337769,0.7577268481254578,0.4357307255268097
YKR087C,YOR109W,0,0.5313099,0.14852452278137207,0.7577268481254578,0.4358307421207428
YML057W,YJL129C,1,0.5308271,0.14869089424610138,0.7587238550186157,0.4358307421207428
YDL117W,YGL206C,0,0.5306921,0.14866185188293457,0.7587238550186157,0.4359307885169983
YDL100C,YJL129C,1,0.53062993,0.14882811903953552,0.7597208619117737,0.4359307885169983
YER012W,YER086W,0,0.5306015,0.14879906177520752,0.7597208619117737,0.4360308051109314
YGL097W,YBR055C,0,0.53056127,0.14877000451087952,0.7597208619117737,0.4361308515071869
YJR145C,YCR069W,0,0.53050244,0.1487409770488739,0.7597208619117737,0.43623086810112
YNL126W,YGR204W,0,0.5304878,0.1487119495868683,0.7597208619117737,0.4363308846950531
YNL118C,YOL135C,0,0.5304519,0.14868292212486267,0.7597208619117737,0.4364309310913086
YLR027C,YOR129C,0,0.5302856,0.14865392446517944,0.7597208619117737,0.4365309476852417
YMR175W,YBL003C,0,0.5298663,0.14862492680549622,0.7597208619117737,0.4366309940814972
YGL195W,YPL283C,0,0.5297281,0.14859594404697418,0.7597208619117737,0.4367310106754303
YDL113C,YBR056W,0,0.52961373,0.14856697618961334,0.7597208619117737,0.4368310570716858
YPL248C,YBR018C,0,0.529557,0.1485380083322525,0.7597208619117737,0.4369310736656189
YDR248C,YOL154W,0,0.52945995,0.14850905537605286,0.7597208619117737,0.4370311200618744
YDR208W,YGR024C,0,0.52944195,0.1484801173210144,0.7597208619117737,0.4371311366558075
YDR210W-B,YPL101W,0,0.52898973,0.14845119416713715,0.7597208619117737,0.437231183052063
YDR242W,YBR161W,0,0.52827036,0.14842228591442108,0.7597208619117737,0.4373311996459961
YMR121C,YPR141C,0,0.52799314,0.14839337766170502,0.7597208619117737,0.4374312162399292
YJL097W,YBR065C,0,0.5279716,0.14836448431015015,0.7597208619117737,0.4375312626361847
YLL024C,YLL018C,0,0.5279672,0.14833560585975647,0.7597208619117737,0.4376312792301178
YLR070C,YLR119W,0,0.5279463,0.1483067274093628,0.7597208619117737,0.4377313256263733
YOR147W,YLR205C,1,0.5278516,0.14847245812416077,0.7607178688049316,0.4377313256263733
YBR234C,YER039C,0,0.52754503,0.1484435796737671,0.7607178688049316,0.4378313422203064
YLR135W,YHR143W,0,0.5274235,0.1484147012233734,0.7607178688049316,0.4379313886165619
YDR328C,YOR088W,1,0.52740043,0.14858031272888184,0.7617148756980896,0.4379313886165619
YGR062C,YDR280W,0,0.52729064,0.14855143427848816,0.7617148756980896,0.438031405210495
YHR003C,YEL064C,0,0.5271697,0.14852255582809448,0.7617148756980896,0.4381314516067505
YKL024C,YGR266W,0,0.52699935,0.1484936773777008,0.7617148756980896,0.4382314682006836
YDR387C,YAR015W,0,0.5269154,0.14846482872962952,0.7617148756980896,0.4383314847946167
YPR161C,YIL030C,0,0.52677196,0.14843598008155823,0.7617148756980896,0.4384315311908722
YDR432W,YPL055C,0,0.5266801,0.14840714633464813,0.7617148756980896,0.4385315477848053
YMR162C,YCR036W,0,0.5265863,0.14837832748889923,0.7617148756980896,0.4386315941810608
YMR216C,YER133W,1,0.5262241,0.14854368567466736,0.7627118825912476,0.4386315941810608
YMR106C,YOR383C,0,0.5261882,0.14851485192775726,0.7627118825912476,0.4387316107749939
YGL100W,YNL167C,0,0.52572143,0.14848601818084717,0.7627118825912476,0.4388316571712494
YBL010C,YOR144C,0,0.5254142,0.14845721423625946,0.7627118825912476,0.4389316737651825
YJL056C,YLR077W,0,0.5252372,0.14842841029167175,0.7627118825912476,0.439031720161438
YOR381W,YEL065W,1,0.5249171,0.14859360456466675,0.7637088894844055,0.439031720161438
YDL030W,YOR360C,0,0.52479506,0.14856478571891785,0.7637088894844055,0.4391317367553711
YIR015W,YBL027W,0,0.5247654,0.14853596687316895,0.7637088894844055,0.4392317831516266
YDR005C,YLR098C,0,0.52462935,0.14850717782974243,0.7637088894844055,0.4393317997455597
YKL071W,YER143W,0,0.5242134,0.14847838878631592,0.7637088894844055,0.4394318163394928
YIL111W,YKL158W,0,0.5241319,0.1484496146440506,0.7637088894844055,0.4395318627357483
YBR130C,YMR017W,0,0.5239047,0.14842085540294647,0.7637088894844055,0.4396318793296814
YML100W,YLR262C,0,0.52388453,0.14839209616184235,0.7637088894844055,0.4397319257259369
YBR199W,YDR443C,0,0.52385515,0.14836335182189941,0.7637088894844055,0.43983194231987
YBR015C,YER020W,0,0.52381265,0.14833462238311768,0.7637088894844055,0.4399319887161255
YGL045W,YNR045W,0,0.523447,0.14830590784549713,0.7637088894844055,0.4400320053100586
YDR121W,YDR261W-B,0,0.52342546,0.1482771933078766,0.7637088894844055,0.4401320517063141
YGL130W,YER129W,0,0.52308047,0.14824849367141724,0.7637088894844055,0.4402320683002472
YLL057C,YBR109C,0,0.52239037,0.14821980893611908,0.7637088894844055,0.4403320848941803
YHR067W,YIL112W,0,0.5221242,0.14819113910198212,0.7637088894844055,0.4404321312904358
YNL259C,YDR270W,1,0.5214615,0.1483559012413025,0.7647058963775635,0.4404321312904358
YER102W,YIL107C,0,0.52082044,0.14832721650600433,0.7647058963775635,0.4405321478843689
YKR022C,YOR188W,0,0.52033055,0.14829853177070618,0.7647058963775635,0.4406321942806244
YDL230W,YDR313C,0,0.5197535,0.1482698619365692,0.7647058963775635,0.4407322108745575
YAR042W,YCR036W,0,0.5197505,0.14824120700359344,0.7647058963775635,0.440832257270813
YIL073C,YER056C-A,0,0.5195919,0.14821256697177887,0.7647058963775635,0.4409322738647461
YOR214C,YMR275C,0,0.5192827,0.1481839269399643,0.7647058963775635,0.4410323202610016
YGR161C-D,YKL134C,0,0.51915693,0.1481553018093109,0.7647058963775635,0.4411323368549347
YGL063W,YNL129W,0,0.5187299,0.14812669157981873,0.7647058963775635,0.4412323832511902
YNL051W,YDL113C,0,0.5186813,0.14809808135032654,0.7647058963775635,0.4413323998451233
YGR170W,YMR079W,0,0.5186693,0.14806950092315674,0.7647058963775635,0.4414324164390564
YNR073C,YKL018W,0,0.5186452,0.14804092049598694,0.7647058963775635,0.4415324628353119
YLR398C,YJR088C,0,0.51851875,0.14801235496997833,0.7647058963775635,0.441632479429245
YDR243C,YML087C,0,0.5185173,0.14798378944396973,0.7647058963775635,0.4417325258255005
YHR096C,YMR081C,0,0.5184194,0.1479552537202835,0.7647058963775635,0.4418325424194336
YDL211C,YGL157W,0,0.5183812,0.1479267179965973,0.7647058963775635,0.4419325888156891
YCR027C,YFL047W,0,0.5183811,0.14789818227291107,0.7647058963775635,0.4420326054096222
YMR251W-A,YDR399W,0,0.5180942,0.14786967635154724,0.7647058963775635,0.4421326518058777
YIL009C-A,YGR172C,0,0.5179337,0.1478411704301834,0.7647058963775635,0.4422326683998108
YHR039C-B,YCR044C,1,0.517305,0.1480053961277008,0.7657029032707214,0.4422326683998108
YBR248C,YLR212C,0,0.51723915,0.14797687530517578,0.7657029032707214,0.4423326849937439
YDR210W-A,YJR117W,0,0.51574504,0.14794836938381195,0.7657029032707214,0.4424327313899994
YPR036W,YLR467W,0,0.51572716,0.14791987836360931,0.7657029032707214,0.4425327479839325
YDR202C,YER041W,0,0.51549864,0.14789138734340668,0.7657029032707214,0.442632794380188
YNL209W,YER088C,0,0.5148963,0.14786292612552643,0.7657029032707214,0.4427328109741211
YKR037C,YBL038W,0,0.5147769,0.14783445000648499,0.7657029032707214,0.4428328573703766
YNL023C,YHR165C,0,0.514776,0.14780600368976593,0.7657029032707214,0.4429328739643097
YHR028C,YPL079W,0,0.51474816,0.14777755737304688,0.7657029032707214,0.4430329203605652
YKL073W,YOR227W,0,0.5147029,0.1477491408586502,0.7657029032707214,0.4431329369544983
YER131W,YMR060C,0,0.51455027,0.14772070944309235,0.7657029032707214,0.4432329833507538
YBL017C,YDR110W,0,0.5145248,0.14769230782985687,0.7657029032707214,0.4433329999446869
YPL230W,YML088W,0,0.5142818,0.1476639062166214,0.7657029032707214,0.44343301653862
YLR369W,YDL198C,1,0.51378953,0.14782775938510895,0.7666999101638794,0.44343301653862
YDL185W,YOL101C,1,0.5136045,0.14799153804779053,0.7676969170570374,0.44343301653862
YPR105C,YMR199W,0,0.5135976,0.14796310663223267,0.7676969170570374,0.4435330629348755
YIL066C,YCR063W,0,0.51349574,0.1479346752166748,0.7676969170570374,0.4436330795288086
YCL050C,YKL028W,0,0.5129948,0.14790625870227814,0.7676969170570374,0.4437331259250641
YPL257W-A,YKL045W,0,0.51296484,0.14787785708904266,0.7676969170570374,0.4438331425189972
YJL118W,YGR038C-A,0,0.512951,0.1478494554758072,0.7676969170570374,0.4439331889152527
YDR466W,YOR027W,0,0.5129228,0.1478210836648941,0.7676969170570374,0.4440332055091858
YNL067W,YGR263C,0,0.51283467,0.14779271185398102,0.7676969170570374,0.4441332519054413
YOL052C-A,YGR094W,0,0.51236033,0.14776434004306793,0.7676969170570374,0.4442332684993744
YMR068W,YNL323W,0,0.5119441,0.14773599803447723,0.7676969170570374,0.4443332850933075
YDR135C,YMR232W,0,0.51156294,0.14770765602588654,0.7676969170570374,0.444433331489563
YDR329C,YPL003W,0,0.51145005,0.14767932891845703,0.7676969170570374,0.4445333480834961
YDL200C,YBR054W,0,0.51133895,0.14765100181102753,0.7676969170570374,0.4446333944797516
YBR078W,YOR009W,0,0.511002,0.1476227045059204,0.7676969170570374,0.4447334110736847
YOR271C,YLR034C,0,0.5109135,0.1475944072008133,0.7676969170570374,0.4448334574699402
YOL133W,YMR080C,0,0.5107932,0.14756610989570618,0.7676969170570374,0.4449334740638733
YML081W,YDR316W-B,0,0.5106925,0.14753784239292145,0.7676969170570374,0.4450335204601288
YGL054C,YKR089C,0,0.5105945,0.14750957489013672,0.7676969170570374,0.4451335370540619
YGL144C,YNL216W,0,0.510489,0.14748132228851318,0.7676969170570374,0.4452335834503174
YBL101W-A,YLR064W,0,0.5102965,0.14745308458805084,0.7676969170570374,0.4453336000442505
YDR034C-D,YNL176C,0,0.5100647,0.1474248468875885,0.7676969170570374,0.4454336166381836
YPL161C,YFR005C,0,0.50932556,0.14739662408828735,0.7676969170570374,0.4455336630344391
YGR161C-D,YER019W,0,0.5088494,0.1473684161901474,0.7676969170570374,0.4456336796283722
YJL058C,YGR082W,0,0.5088489,0.14734022319316864,0.7676969170570374,0.4457337260246277
YOR002W,YBL005W-A,0,0.5086609,0.14731203019618988,0.7676969170570374,0.4458337426185608
YOR384W,YML065W,0,0.5081114,0.14728385210037231,0.7676969170570374,0.4459337890148163
YJL093C,YDR376W,1,0.5077318,0.14744693040847778,0.7686939239501953,0.4459337890148163
YHL020C,YLR023C,0,0.506037,0.14741873741149902,0.7686939239501953,0.4460338056087494
YEL071W,YJR126C,0,0.50516135,0.14739055931568146,0.7686939239501953,0.4461338520050049
YDR427W,YER060W,0,0.5050305,0.1473623812198639,0.7686939239501953,0.446233868598938
YGR212W,YMR287C,0,0.5049148,0.14733421802520752,0.7686939239501953,0.4463339149951935
YMR161W,YER144C,0,0.5048277,0.14730606973171234,0.7686939239501953,0.4464339315891266
YER023W,YLR126C,0,0.50469124,0.14727793633937836,0.7686939239501953,0.4465339481830597
YGL049C,YDR320C-A,0,0.50420785,0.14724980294704437,0.7686939239501953,0.4466339945793152
YBR041W,YHR088W,0,0.50401556,0.14722168445587158,0.7686939239501953,0.4467340111732483
YMR044W,YER113C,0,0.5035503,0.14719358086585999,0.7686939239501953,0.4468340575695038
YOR267C,YJL002C,0,0.5034137,0.14716549217700958,0.7686939239501953,0.4469340741634369
YPL016W,YGR278W,0,0.50325674,0.14713740348815918,0.7686939239501953,0.4470341205596924
YKL134C,YDR151C,1,0.5031109,0.1473001390695572,0.7696909308433533,0.4470341205596924
YMR029C,YCR009C,0,0.5030583,0.1472720354795456,0.7696909308433533,0.4471341371536255
YDR384C,YDL178W,0,0.50296974,0.1472439467906952,0.7696909308433533,0.447234183549881
YKL043W,YPL141C,0,0.50264406,0.14721587300300598,0.7696909308433533,0.4473342001438141
YLR345W,YBR217W,0,0.5023813,0.14718779921531677,0.7696909308433533,0.4474342167377472
YBL040C,YER040W,0,0.5022826,0.14715974032878876,0.7696909308433533,0.4475342631340027
YDR210W-B,YGR048W,0,0.5018109,0.14713169634342194,0.7696909308433533,0.4476342797279358
YDL231C,YER179W,0,0.5017565,0.14710365235805511,0.7696909308433533,0.4477343261241913
YLR008C,YNL317W,0,0.50175464,0.14707563817501068,0.7696909308433533,0.4478343427181244
YPL202C,YER174C,1,0.50117415,0.147238090634346,0.7706879377365112,0.4478343427181244
YBR100W,YKR001C,0,0.50097567,0.14721006155014038,0.7706879377365112,0.4479343891143799
YJL122W,YER177W,0,0.5007522,0.14718203246593475,0.7706879377365112,0.448034405708313
YPL168W,YIL148W,0,0.50073504,0.14715400338172913,0.7706879377365112,0.4481344521045685
YCR058C,YKL191W,0,0.5002905,0.1471260040998459,0.7706879377365112,0.4482344686985016
YDR538W,YHR117W,0,0.5002767,0.14709800481796265,0.7706879377365112,0.4483345150947571
YPL031C,YDR316W-B,0,0.50005364,0.1470700204372406,0.7706879377365112,0.4484345316886902
YDR098C-A,YBL035C,0,0.49983537,0.14704203605651855,0.7706879377365112,0.4485345482826233
YDR210C-D,YOL027C,0,0.4998049,0.1470140665769577,0.7706879377365112,0.4486345946788788
YNL166C,YJR086W,0,0.4997496,0.14698611199855804,0.7706879377365112,0.4487346112728119
YAR008W,YOL055C,0,0.49915677,0.14695817232131958,0.7706879377365112,0.4488346576690674
YBR028C,YGL245W,0,0.49876434,0.1469302475452423,0.7706879377365112,0.4489346742630005
YNL246W,YDR425W,0,0.49870884,0.14690232276916504,0.7706879377365112,0.449034720659256
YMR035W,YDR320C-A,0,0.49851143,0.14687441289424896,0.7706879377365112,0.4491347372531891
YLR363C,YDR379W,0,0.49820346,0.14684650301933289,0.7706879377365112,0.4492347836494446
YHR170W,YGL048C,0,0.4976591,0.146818608045578,0.7706879377365112,0.4493348002433777
YDR034C-D,YDR113C,0,0.49751842,0.14679072797298431,0.7706879377365112,0.4494348168373108
YDR150W,YOR320C,0,0.49745017,0.14676286280155182,0.7706879377365112,0.4495348632335663
YML059C,YJL054W,0,0.49741226,0.14673499763011932,0.7706879377365112,0.4496348798274994
YGL055W,YDR040C,0,0.4973116,0.14670716226100922,0.7706879377365112,0.4497349262237549
YDR315C,YCL010C,0,0.49705368,0.14667931199073792,0.7706879377365112,0.449834942817688
YDR406W,YNL088W,0,0.49703395,0.146651491522789,0.7706879377365112,0.4499349892139435
YMR318C,YJL098W,0,0.49665964,0.1466236710548401,0.7706879377365112,0.4500350058078766
YIR022W,YNL270C,0,0.49649054,0.14659586548805237,0.7706879377365112,0.4501350522041321
YNL185C,YBL071W-A,0,0.49626303,0.14656807482242584,0.7706879377365112,0.4502350687980652
YGR170W,YPL235W,0,0.49624336,0.14654028415679932,0.7706879377365112,0.4503351151943207
YLR368W,YOR259C,0,0.49592608,0.14651250839233398,0.7706879377365112,0.4504351317882538
YNR036C,YPR158W-B,0,0.49590898,0.14648474752902985,0.7706879377365112,0.4505351483821869
YGR044C,YKL032C,0,0.49560487,0.1464569866657257,0.7706879377365112,0.4506351947784424
YJL167W,YNL194C,0,0.4952107,0.14642924070358276,0.7706879377365112,0.4507352113723755
YKR080W,YMR199W,0,0.4949934,0.146401509642601,0.7706879377365112,0.450835257768631
YPL019C,YOR233W,0,0.49496055,0.14637379348278046,0.7706879377365112,0.4509352743625641
YOR005C,YPR102C,0,0.49495065,0.1463460773229599,0.7706879377365112,0.4510353207588196
YCR070W,YIL063C,0,0.4944467,0.14631837606430054,0.7706879377365112,0.4511353373527527
YGL222C,YNL310C,0,0.49420947,0.14629068970680237,0.7706879377365112,0.4512353837490082
YIL035C,YOL101C,1,0.49408507,0.14645221829414368,0.7716849446296692,0.4512353837490082
YLR121C,YBR084C-A,0,0.49404585,0.14642451703548431,0.7716849446296692,0.4513354003429413
YHR026W,YBR235W,0,0.49395114,0.14639681577682495,0.7716849446296692,0.4514354169368744
YGL121C,YDR510W,0,0.49309015,0.14636914432048798,0.7716849446296692,0.4515354633331299
YKL209C,YER160C,0,0.49297726,0.1463414579629898,0.7716849446296692,0.451635479927063
YBL009W,YGR120C,0,0.49286985,0.14631380140781403,0.7716849446296692,0.4517355263233185
YOR061W,YCL017C,1,0.4921407,0.146475151181221,0.7726819515228271,0.4517355263233185
YDR436W,YJR104C,1,0.49213362,0.14663642644882202,0.7736789584159851,0.4517355263233185
YIL017C,YNL301C,0,0.4920088,0.14660872519016266,0.7736789584159851,0.4518355429172516
YCR097W,YKL139W,0,0.49172145,0.1465810388326645,0.7736789584159851,0.4519355893135071
YKR022C,YDR244W,0,0.49114442,0.14655335247516632,0.7736789584159851,0.4520356059074402
YJR139C,YHR140W,0,0.49106848,0.14652568101882935,0.7736789584159851,0.4521356523036957
YBR030W,YBL038W,0,0.49097615,0.14649802446365356,0.7736789584159851,0.4522356688976288
YPR107C,YER048W-A,0,0.4905367,0.14647036790847778,0.7736789584159851,0.4523357152938843
YGR191W,YOL092W,0,0.49042988,0.1464427262544632,0.7736789584159851,0.4524357318878174
YCL061C,YDR176W,0,0.49026543,0.1464150995016098,0.7736789584159851,0.4525357484817505
YHR216W,YBR203W,0,0.48978662,0.1463874727487564,0.7736789584159851,0.452635794878006
YHR108W,YPL060W,0,0.48960793,0.1463598608970642,0.7736789584159851,0.4527358114719391
YDL239C,YEL016C,0,0.4895121,0.1463322639465332,0.7736789584159851,0.4528358578681946
YGL064C,YKR086W,0,0.48917425,0.1463046818971634,0.7736789584159851,0.4529358744621277
YDR515W,YDR376W,1,0.4887948,0.14646559953689575,0.7746759653091431,0.4529358744621277
YJL059W,YOR088W,1,0.48863947,0.14662645757198334,0.775672972202301,0.4529358744621277
YLL067C,YKL029C,0,0.48830605,0.14659883081912994,0.775672972202301,0.4530359208583832
YML006C,YKL175W,1,0.4882809,0.14675961434841156,0.776669979095459,0.4530359208583832
YGR186W,YDR524C,0,0.48783785,0.14673195779323578,0.776669979095459,0.4531359374523163
YOL012C,YJL062W-A,0,0.48779362,0.14670433104038239,0.776669979095459,0.4532359838485718
YJR152W,YDR261C-C,0,0.48763567,0.146676704287529,0.776669979095459,0.4533360004425049
YJL018W,YDR016C,0,0.4875117,0.1466490924358368,0.776669979095459,0.453436017036438
YMR301C,YHL047C,1,0.48736656,0.14680971205234528,0.7776669859886169,0.453436017036438
YLR433C,YCR008W,1,0.48715,0.14697027206420898,0.7786639928817749,0.453436017036438
YFR047C,YLR157C-A,0,0.4867369,0.1469426155090332,0.7786639928817749,0.4535360634326935
YOR208W,YHR028C,0,0.48645258,0.14691497385501862,0.7786639928817749,0.4536360800266266
YOR060C,YLR067C,0,0.48627746,0.14688734710216522,0.7786639928817749,0.4537361264228821
YLR135W,YBR048W,0,0.4862516,0.14685972034931183,0.7786639928817749,0.4538361430168152
YPL074W,YJR075W,0,0.4861251,0.14683210849761963,0.7786639928817749,0.4539361894130707
YHR005C,YML062C,0,0.4860906,0.14680451154708862,0.7786639928817749,0.4540362060070038
YBR234C,YDL223C,0,0.48543465,0.14677691459655762,0.7786639928817749,0.4541362524032593
YER072W,YNR023W,0,0.48507136,0.146749347448349,0.7786639928817749,0.4542362689971924
YER083C,YGR161C-C,0,0.4850105,0.14672178030014038,0.7786639928817749,0.4543363153934479
YDR047W,YGR161C-C,0,0.48470354,0.14669421315193176,0.7786639928817749,0.454436331987381
YDR322C-A,YBL006C,0,0.48417538,0.14666666090488434,0.7786639928817749,0.4545363485813141
YDR372C,YLR051C,0,0.48371172,0.1466391235589981,0.7786639928817749,0.4546363949775696
YOL013C,YGR240C,0,0.48357004,0.14661160111427307,0.7786639928817749,0.4547364115715027
YNL257C,YDR326C,0,0.48352373,0.14658407866954803,0.7786639928817749,0.4548364579677582
YJR010C-A,YPR033C,0,0.4828428,0.1465565711259842,0.7786639928817749,0.4549364745616913
YMR142C,YHR214C-C,0,0.48276073,0.14652907848358154,0.7786639928817749,0.4550365209579468
YOR010C,YNL162W,0,0.4827394,0.1465016007423401,0.7786639928817749,0.4551365375518799
YGR287C,YJR113C,0,0.48268747,0.14647412300109863,0.7786639928817749,0.4552365839481354
YDR354W,YCR105W,0,0.48264015,0.14644666016101837,0.7786639928817749,0.4553366005420685
YKL049C,YPL060W,0,0.48247528,0.1464191973209381,0.7786639928817749,0.4554366171360016
YBL013W,YJR160C,0,0.4824732,0.14639174938201904,0.7786639928817749,0.4555366635322571
YGR223C,YPL249C,0,0.48224503,0.14636431634426117,0.7786639928817749,0.4556366801261902
YDR365W-B,YBL020W,0,0.48212206,0.1463368982076645,0.7786639928817749,0.4557367265224457
YHR039C-B,YJL093C,1,0.48203683,0.14649681746959686,0.7796609997749329,0.4557367265224457
YGL019W,YMR243C,1,0.4819547,0.14665667712688446,0.7806580066680908,0.4557367265224457
YOL030W,YLR227W-A,0,0.48189795,0.1466292142868042,0.7806580066680908,0.4558367431163788
YHR111W,YJL018W,0,0.4818892,0.14660176634788513,0.7806580066680908,0.4559367895126343
YNL067W,YOR354C,0,0.48184353,0.14657431840896606,0.7806580066680908,0.4560368061065674
YBL060W,YDR013W,0,0.48095292,0.1465468853712082,0.7806580066680908,0.4561368525028229
YBR265W,YML065W,0,0.4801057,0.1465194672346115,0.7806580066680908,0.456236869096756
YBR054W,YKL086W,0,0.48003316,0.14649204909801483,0.7806580066680908,0.4563369154930115
YDR368W,YJL076W,0,0.4792657,0.14646464586257935,0.7806580066680908,0.4564369320869446
YML034W,YPR137C-B,0,0.47925913,0.14643725752830505,0.7806580066680908,0.4565369486808777
YGR044C,YKR100C,0,0.47887063,0.14640986919403076,0.7806580066680908,0.4566369950771332
YNL326C,YIL066C,0,0.47828174,0.14638249576091766,0.7806580066680908,0.4567370116710663
YOL027C,YHR194W,1,0.47809774,0.14654205739498138,0.7816550135612488,0.4567370116710663
YMR164C,YJR125C,0,0.47756654,0.1465146690607071,0.7816550135612488,0.4568370580673218
YOR087W,YOR054C,1,0.47748995,0.14667414128780365,0.7826520204544067,0.4568370580673218
YBL056W,YLR157C-B,0,0.4768526,0.14664673805236816,0.7826520204544067,0.4569370746612549
YMR214W,YIL005W,0,0.47680765,0.14661934971809387,0.7826520204544067,0.4570371210575104
YNR053C,YDR261W-B,0,0.47673136,0.14659197628498077,0.7826520204544067,0.4571371376514435
YDR141C,YDR041W,0,0.4764068,0.14656460285186768,0.7826520204544067,0.457237184047699
YLR047C,YKR050W,1,0.47636056,0.1467239111661911,0.7836490273475647,0.457237184047699
YGL166W,YBL046W,0,0.47623897,0.1466965228319168,0.7836490273475647,0.4573372006416321
YCR070W,YKL055C,0,0.4761852,0.1466691493988037,0.7836490273475647,0.4574372172355652
YPR188C,YDL082W,0,0.47605085,0.1466417908668518,0.7836490273475647,0.4575372636318207
YJL096W,YER063W,0,0.47591007,0.1466144323348999,0.7836490273475647,0.4576372802257538
YMR125W,YMR053C,0,0.4756602,0.1465870887041092,0.7836490273475647,0.4577373266220093
YBR012W-B,YML023C,0,0.4754936,0.14655975997447968,0.7836490273475647,0.4578373432159424
YBR264C,YIL112W,0,0.47509658,0.14653243124485016,0.7836490273475647,0.4579373896121979
YDR322C-A,YGR184C,0,0.4746678,0.14650513231754303,0.7836490273475647,0.458037406206131
YGR038C-B,YNL176C,0,0.474379,0.1464778184890747,0.7836490273475647,0.4581374526023865
YML110C,YDR210W,0,0.47427958,0.14645053446292877,0.7836490273475647,0.4582374691963196
YDR050C,YJR093C,0,0.47366744,0.14642325043678284,0.7836490273475647,0.4583375155925751
YNL272C,YNL049C,0,0.47332454,0.1463959813117981,0.7836490273475647,0.4584375321865082
YPR095C,YNL007C,0,0.4726007,0.14636871218681335,0.7836490273475647,0.4585375487804413
YHR196W,YNR073C,0,0.47254795,0.1463414579629898,0.7836490273475647,0.4586375951766968
YLR014C,YOL032W,0,0.47237206,0.14631421864032745,0.7836490273475647,0.4587376117706299
YKL091C,YLR167W,0,0.47207934,0.1462869942188263,0.7836490273475647,0.4588376581668854
YMR026C,YHR073W,0,0.4720043,0.14625976979732513,0.7836490273475647,0.4589376747608185
YKL014C,YOR343W-A,0,0.47181085,0.14623256027698517,0.7836490273475647,0.459037721157074
YEL055C,YFR007W,0,0.47158948,0.1462053507566452,0.7836490273475647,0.4591377377510071
YNL321W,YMR021C,0,0.4712905,0.14617817103862762,0.7836490273475647,0.4592377841472626
YFL026W,YFR006W,0,0.47080442,0.14615099132061005,0.7836490273475647,0.4593378007411957
YHR043C,YKL154W,0,0.47080287,0.14612381160259247,0.7836490273475647,0.4594378173351288
YER155C,YGR067C,0,0.47077286,0.14609666168689728,0.7836490273475647,0.4595378637313843
YKR014C,YOL117W,0,0.4702845,0.1460694968700409,0.7836490273475647,0.4596378803253174
YOR196C,YFR055W,0,0.47026485,0.1460423618555069,0.7836490273475647,0.4597379267215729
YOR250C,YCR054C,0,0.4699372,0.1460152268409729,0.7836490273475647,0.459837943315506
YOR236W,YPL004C,0,0.46990168,0.1459881067276001,0.7836490273475647,0.4599379897117615
YPR151C,YMR251W-A,0,0.46986812,0.1459610015153885,0.7836490273475647,0.4600380063056946
YER015W,YJR076C,0,0.46896842,0.14593389630317688,0.7836490273475647,0.4601380527019501
YOR036W,YMR091C,0,0.46865526,0.14590680599212646,0.7836490273475647,0.4602380692958832
YPR067W,YPR124W,0,0.46853662,0.14587973058223724,0.7836490273475647,0.46033811569213867
YMR266W,YBR193C,0,0.4684573,0.14585267007350922,0.7836490273475647,0.4604381322860718
YNR069C,YNR011C,0,0.46775264,0.1458256095647812,0.7836490273475647,0.4605381488800049
YDL098C,YNL128W,0,0.46757722,0.14579854905605316,0.7836490273475647,0.4606381952762604
YHL025W,YGR028W,0,0.46753952,0.14577151834964752,0.7836490273475647,0.4607382118701935
YLR144C,YJR109C,0,0.4674421,0.14574448764324188,0.7836490273475647,0.460838258266449
YNL190W,YOR192C-A,0,0.46730357,0.14571745693683624,0.7836490273475647,0.4609382748603821
YGR172C,YBL020W,0,0.46727878,0.145690456032753,0.7836490273475647,0.4610383212566376
YGL250W,YPR005C,0,0.4663334,0.14566345512866974,0.7836490273475647,0.4611383378505707
YLL005C,YBL071W-A,0,0.46602756,0.14563646912574768,0.7836490273475647,0.46123838424682617
YLR035C-A,YKL027W,0,0.46570584,0.14560948312282562,0.7836490273475647,0.4613384008407593
YGL121C,YIL136W,0,0.46568787,0.14558251202106476,0.7836490273475647,0.4614384174346924
YLR078C,YKR100C,0,0.46553737,0.1455555558204651,0.7836490273475647,0.4615384638309479
YBR248C,YDR259C,0,0.4655133,0.14552859961986542,0.7836490273475647,0.461638480424881
YIL018W,YJL021C,0,0.46543577,0.14550167322158813,0.7836490273475647,0.4617385268211365
YJR152W,YHR206W,0,0.4652977,0.14547473192214966,0.7836490273475647,0.4618385434150696
YGL100W,YFR050C,0,0.4650405,0.14544782042503357,0.7836490273475647,0.4619385898113251
YER145C,YJL059W,1,0.46486706,0.1456059217453003,0.7846460342407227,0.4619385898113251
YIL072W,YMR312W,0,0.4646983,0.14557898044586182,0.7846460342407227,0.4620386064052582
YGR046W,YOR322C,0,0.46412823,0.14555206894874573,0.7846460342407227,0.46213865280151367
YLR126C,YDR182W,1,0.46406227,0.1457100659608841,0.7856430411338806,0.46213865280151367
YBR208C,YOR208W,0,0.463966,0.14568312466144562,0.7856430411338806,0.4622386693954468
YPL152W,YER111C,0,0.46358153,0.14565619826316833,0.7856430411338806,0.46233871579170227
YKR009C,YOR081C,0,0.463368,0.14562927186489105,0.7856430411338806,0.4624387323856354
YHR039C-A,YLR023C,1,0.46330193,0.14578713476657867,0.7866401076316833,0.4624387323856354
YGL064C,YJR044C,0,0.46298325,0.1457602083683014,0.7866401076316833,0.4625387489795685
YDR436W,YGR020C,1,0.46273434,0.14591799676418304,0.7876371145248413,0.4625387489795685
YHL021C,YCR079W,0,0.46256065,0.14589104056358337,0.7876371145248413,0.462638795375824
YER071C,YFR003C,0,0.46192306,0.1458640992641449,0.7876371145248413,0.4627388119697571
YFL002W-A,YDL003W,0,0.46174365,0.14583717286586761,0.7876371145248413,0.4628388583660126
YCL051W,YAR050W,0,0.4613757,0.14581026136875153,0.7876371145248413,0.4629388749599457
YHR141C,YKL158W,0,0.46130726,0.14578334987163544,0.7876371145248413,0.46303892135620117
YDR225W,YFL031W,0,0.46120203,0.14575645327568054,0.7876371145248413,0.4631389379501343
YJR041C,YCR021C,0,0.46089274,0.14572957158088684,0.7876371145248413,0.46323898434638977
YOR002W,YLR040C,0,0.46081147,0.14570268988609314,0.7876371145248413,0.4633390009403229
YLR283W,YBR122C,0,0.46070632,0.14567582309246063,0.7876371145248413,0.463439017534256
YBR231C,YDL122W,0,0.46036723,0.14564897119998932,0.7876371145248413,0.4635390639305115
YNL247W,YDR261W-B,0,0.45949507,0.145622119307518,0.7876371145248413,0.4636390805244446
YOL027C,YCR008W,1,0.4592694,0.1457795798778534,0.7886341214179993,0.4636390805244446
YKL040C,YKL185W,0,0.45910674,0.1457527130842209,0.7886341214179993,0.4637391269207001
YJL047C,YKR067W,0,0.45900556,0.14572586119174957,0.7886341214179993,0.4638391435146332
YGR256W,YJL127C,0,0.4589435,0.14569902420043945,0.7886341214179993,0.46393918991088867
YDR261C-C,YPR173C,0,0.4587469,0.14567218720912933,0.7886341214179993,0.4640392065048218
YHR215W,YGL240W,0,0.45838547,0.1456453651189804,0.7886341214179993,0.46413925290107727
YOR315W,YJL078C,0,0.45793757,0.14561855792999268,0.7886341214179993,0.4642392694950104
YOR054C,YDR270W,1,0.4578669,0.14577580988407135,0.7896311283111572,0.4642392694950104
YHR010W,YBL071W-A,0,0.45784506,0.14574898779392242,0.7896311283111572,0.46433931589126587
YML019W,YGL076C,0,0.4572999,0.1457221657037735,0.7896311283111572,0.464439332485199
YGR106C,YGR104C,0,0.45716715,0.14569535851478577,0.7896311283111572,0.4645393490791321
YBR127C,YJL129C,1,0.45667577,0.1458524912595749,0.7906281352043152,0.4645393490791321
YBR022W,YDR297W,0,0.45620814,0.14582566916942596,0.7906281352043152,0.4646393954753876
YOR315W,YOL051W,0,0.456055,0.14579886198043823,0.7906281352043152,0.4647394120693207
YDR034C-D,YER146W,0,0.45557693,0.1457720547914505,0.7906281352043152,0.46483945846557617
YKR022C,YML055W,0,0.45533475,0.14574526250362396,0.7906281352043152,0.4649394750595093
YIL084C,YCR066W,0,0.4552937,0.14571848511695862,0.7906281352043152,0.46503952145576477
YKR007W,YDL159W,0,0.45526022,0.14569170773029327,0.7906281352043152,0.4651395380496979
YLR293C,YPL176C,0,0.4552372,0.14566494524478912,0.7906281352043152,0.46523958444595337
YBR008C,YAR019C,0,0.4551552,0.14563819766044617,0.7906281352043152,0.4653396010398865
YLR376C,YOR192C-B,0,0.4550073,0.1456114649772644,0.7906281352043152,0.4654396176338196
YJR045C,YNR023W,0,0.45437407,0.14558473229408264,0.7906281352043152,0.4655396640300751
YGR161C-D,YJL104W,0,0.45410147,0.14555799961090088,0.7906281352043152,0.4656396806240082
YEL002C,YOR224C,0,0.4537409,0.1455312967300415,0.7906281352043152,0.46573972702026367
YIL015W,YAR019C,0,0.45366994,0.14550459384918213,0.7906281352043152,0.4658397436141968
YOR278W,YDL012C,0,0.45352894,0.14547789096832275,0.7906281352043152,0.46593979001045227
YER021W,YBL084C,0,0.45346808,0.14545121788978577,0.7906281352043152,0.4660398066043854
YML006C,YGR092W,1,0.45336387,0.14560791850090027,0.7916251420974731,0.4660398066043854
YDR466W,YGR026W,0,0.45295435,0.1455812305212021,0.7916251420974731,0.46613985300064087
YFR016C,YOR250C,0,0.45284814,0.1455545425415039,0.7916251420974731,0.466239869594574
YPL168W,YFL022C,0,0.45243448,0.14552785456180573,0.7916251420974731,0.46633991599082947
YHL009W-A,YHR172W,0,0.45225704,0.14550119638442993,0.7916251420974731,0.4664399325847626
YGR224W,YOL072W,0,0.45215014,0.14547453820705414,0.7916251420974731,0.4665399491786957
YAL051W,YAR007C,0,0.45189774,0.14544788002967834,0.7916251420974731,0.46663999557495117
YHR110W,YDR323C,0,0.45169193,0.14542125165462494,0.7916251420974731,0.4667400121688843
YHR039C-B,YLR433C,1,0.45139313,0.14557772874832153,0.7926221489906311,0.4667400121688843
YDR258C,YJR152W,0,0.451281,0.14555108547210693,0.7926221489906311,0.46684005856513977
YHR106W,YHR091C,0,0.45080736,0.14552444219589233,0.7926221489906311,0.4669400751590729
YOR293W,YGL084C,0,0.45079446,0.14549779891967773,0.7926221489906311,0.46704012155532837
YML015C,YDR345C,0,0.45076805,0.14547118544578552,0.7926221489906311,0.4671401381492615
YIR034C,YHR006W,0,0.45074484,0.1454445719718933,0.7926221489906311,0.46724018454551697
YDR096W,YNL116W,0,0.45067036,0.1454179584980011,0.7926221489906311,0.4673402011394501
YNL159C,YGR063C,0,0.45028037,0.14539137482643127,0.7926221489906311,0.4674402177333832
YKL107W,YHL035C,0,0.44981754,0.14536477625370026,0.7926221489906311,0.46754026412963867
YOR088W,YML132W,1,0.44955438,0.14552102982997894,0.7936191558837891,0.46754026412963867
YGR097W,YLR143W,0,0.44916663,0.14549443125724792,0.7936191558837891,0.4676402807235718
YPL254W,YBL071W-A,0,0.4490918,0.1454678326845169,0.7936191558837891,0.46774032711982727
YMR054W,YDR492W,1,0.4490847,0.14562396705150604,0.794616162776947,0.46774032711982727
YPR096C,YDR316W-A,0,0.44884196,0.14559736847877502,0.794616162776947,0.4678403437137604
YLR369W,YJR033C,1,0.4487681,0.1457534283399582,0.795613169670105,0.4678403437137604
YMR177W,YLR205C,1,0.44860038,0.14590942859649658,0.7966101765632629,0.4678403437137604
YBR248C,YGR202C,0,0.44858596,0.14588278532028198,0.7966101765632629,0.46794039011001587
YPL217C,YBR233W-A,0,0.4483111,0.14585615694522858,0.7966101765632629,0.468040406703949
YCR105W,YPL155C,0,0.44814137,0.14582952857017517,0.7966101765632629,0.46814045310020447
YHR194W,YBL005W-A,0,0.44791746,0.14580291509628296,0.7966101765632629,0.4682404696941376
YPL060C-A,YJR088C,0,0.44754735,0.14577631652355194,0.7966101765632629,0.46834051609039307
YOR075W,YKL155C,0,0.44754332,0.14574973285198212,0.7966101765632629,0.46844053268432617
YKL146W,YER129W,0,0.44690862,0.1457231491804123,0.7966101765632629,0.4685405492782593
YCR088W,YIL033C,0,0.44684452,0.14569656550884247,0.7966101765632629,0.46864059567451477
YIL111W,YHR116W,0,0.44666326,0.14567001163959503,0.7966101765632629,0.4687406122684479
YKR038C,YDR320C,0,0.44608545,0.1456434577703476,0.7966101765632629,0.46884065866470337
YER001W,YJL072C,0,0.44598424,0.14561691880226135,0.7966101765632629,0.4689406752586365
YOR330C,YNL252C,0,0.44568664,0.1455903798341751,0.7966101765632629,0.46904072165489197
YML001W,YLR418C,0,0.44565666,0.14556385576725006,0.7966101765632629,0.4691407382488251
YDR126W,YKL063C,0,0.4454917,0.1455373466014862,0.7966101765632629,0.46924078464508057
YER127W,YKL069W,0,0.44537687,0.14551083743572235,0.7966101765632629,0.46934080123901367
YPL105C,YPL204W,0,0.4453388,0.1454843431711197,0.7966101765632629,0.4694408178329468
YDR191W,YAL048C,0,0.44504246,0.14545784890651703,0.7966101765632629,0.46954086422920227
YIL111W,YOL148C,0,0.4447549,0.14543138444423676,0.7966101765632629,0.4696408808231354
YBR171W,YOR360C,0,0.4447244,0.14540491998195648,0.7966101765632629,0.46974092721939087
YHR039C-B,YFL039C,0,0.44469804,0.1453784555196762,0.7966101765632629,0.469840943813324
YBR036C,YML081C-A,0,0.44427517,0.14535200595855713,0.7966101765632629,0.46994099020957947
YJR088C,YDL122W,0,0.44402355,0.14532557129859924,0.7966101765632629,0.4700410068035126
YJR096W,YLR288C,0,0.44382274,0.14529915153980255,0.7966101765632629,0.47014105319976807
YDR210W-A,YNL288W,0,0.4438092,0.14527273178100586,0.7966101765632629,0.47024106979370117
YOR236W,YPL179W,0,0.4437972,0.14524631202220917,0.7966101765632629,0.47034111618995667
YFL024C,YOR192C-A,0,0.44357973,0.14521992206573486,0.7966101765632629,0.47044113278388977
YLL015W,YCR033W,0,0.44351363,0.14519353210926056,0.7966101765632629,0.4705411493778229
YPR104C,YMR092C,0,0.4430676,0.14516715705394745,0.7966101765632629,0.47064119577407837
YKR034W,YBR267W,0,0.44227034,0.14514078199863434,0.7966101765632629,0.4707412123680115
YFR032C-A,YBR088C,0,0.44212502,0.14511442184448242,0.7966101765632629,0.47084125876426697
YOR202W,YLL013C,0,0.4419476,0.1450880765914917,0.7966101765632629,0.4709412753582001
YPL137C,YOL157C,0,0.44193047,0.14506173133850098,0.7966101765632629,0.47104132175445557
YGL115W,YER045C,0,0.44177788,0.14503540098667145,0.7966101765632629,0.47114133834838867
YLR239C,YKL016C,0,0.44168735,0.14500907063484192,0.7966101765632629,0.47124138474464417
YOR007C,YBR233W-A,0,0.44167182,0.14498275518417358,0.7966101765632629,0.47134140133857727
YCL047C,YER048W-A,0,0.44139558,0.14495645463466644,0.7966101765632629,0.4714414179325104
YEL071W,YOR030W,0,0.44137686,0.1449301689863205,0.7966101765632629,0.47154146432876587
YLR410W,YGR253C,0,0.44134727,0.14490388333797455,0.7966101765632629,0.471641480922699
YKL157W,YPL101W,0,0.4412056,0.1448776125907898,0.7966101765632629,0.47174152731895447
YGR004W,YPL158C,0,0.4403525,0.14485134184360504,0.7966101765632629,0.4718415439128876
YNL118C,YGR289C,0,0.44016835,0.14482508599758148,0.7966101765632629,0.47194159030914307
YBR123C,YDL075W,0,0.44016746,0.14479884505271912,0.7966101765632629,0.47204160690307617
YBR054W,YPR158C-D,0,0.43997627,0.14477260410785675,0.7966101765632629,0.47214165329933167
YER069W,YDR116C,0,0.4398408,0.14474637806415558,0.7966101765632629,0.47224166989326477
YDR227W,YLR098C,0,0.43969697,0.1447201520204544,0.7966101765632629,0.47234171628952026
YNL123W,YNL217W,0,0.43964288,0.14469395577907562,0.7966101765632629,0.47244173288345337
YBR168W,YER032W,0,0.4394506,0.14466775953769684,0.7966101765632629,0.4725417494773865
YAL055W,YDR346C,0,0.4393097,0.14464156329631805,0.7966101765632629,0.47264179587364197
YML019W,YKL179C,0,0.4392222,0.14461538195610046,0.7966101765632629,0.4727418124675751
YNR059W,YER124C,0,0.43895584,0.14458921551704407,0.7966101765632629,0.47284185886383057
YML086C,YGL106W,0,0.43893987,0.14456304907798767,0.7966101765632629,0.47294187545776367
YDR019C,YGR038C-A,0,0.4388779,0.14453689754009247,0.7966101765632629,0.47304192185401917
YBL021C,YER159C-A,0,0.43883094,0.14451076090335846,0.7966101765632629,0.47314193844795227
YMR105C,YOL101C,1,0.4386206,0.14466546475887299,0.7976071834564209,0.47314193844795227
YOR267C,YMR301C,1,0.43861687,0.14482010900974274,0.7986041903495789,0.47314193844795227
YLR035C,YBR233W-A,0,0.4384973,0.14479392766952515,0.7986041903495789,0.47324198484420776
YDR135C,YOL138C,0,0.43841833,0.14476776123046875,0.7986041903495789,0.47334200143814087
YMR201C,YGR163W,0,0.43787634,0.14474159479141235,0.7986041903495789,0.473442018032074
YMR100W,YDR098C-A,0,0.4378094,0.14471544325351715,0.7986041903495789,0.47354206442832947
YBR164C,YPL060C-A,0,0.43773204,0.14468930661678314,0.7986041903495789,0.4736420810222626
YDR078C,YOL008W,0,0.4376948,0.14466316998004913,0.7986041903495789,0.47374212741851807
YEL003W,YBR253W,0,0.4375372,0.14463704824447632,0.7986041903495789,0.47384214401245117
YHR142W,YOR158W,0,0.43663055,0.1446109414100647,0.7986041903495789,0.47394219040870667
YDR180W,YGR082W,0,0.436594,0.14458483457565308,0.7986041903495789,0.47404220700263977
YNR032C-A,YPL069C,0,0.43630245,0.14455874264240265,0.7986041903495789,0.47414225339889526
YLR040C,YLR315W,0,0.43582916,0.14453266561031342,0.7986041903495789,0.47424226999282837
YDL247W,YGL219C,0,0.4346563,0.14450658857822418,0.7986041903495789,0.47434231638908386
YGL058W,YBR089C-A,0,0.4345714,0.14448052644729614,0.7986041903495789,0.47444233298301697
YDR118W,YEL001C,0,0.43426228,0.1444544643163681,0.7986041903495789,0.4745423495769501
YAL053W,YJL106W,0,0.43322462,0.14442841708660126,0.7986041903495789,0.47464239597320557
YLR369W,YDL142C,1,0.43319726,0.14458265900611877,0.7996011972427368,0.47464239597320557
YGL195W,YOL103W-A,0,0.43304998,0.14455659687519073,0.7996011972427368,0.47474241256713867
YBR146W,YDR091C,0,0.4329325,0.1445305496454239,0.7996011972427368,0.47484245896339417
YOR201C,YDR003W,0,0.43272975,0.14450450241565704,0.7996011972427368,0.47494247555732727
YNR043W,YDR022C,0,0.43244463,0.1444784700870514,0.7996011972427368,0.47504252195358276
YGL023C,YDR065W,0,0.43243808,0.14445245265960693,0.7996011972427368,0.47514253854751587
YGR212W,YFR032C-A,0,0.43203983,0.14442643523216248,0.7996011972427368,0.47524258494377136
YIL009C-A,YGL086W,0,0.43191642,0.1444004327058792,0.7996011972427368,0.47534260153770447
YER183C,YDL188C,0,0.43185684,0.14437443017959595,0.7996011972427368,0.4754426181316376
YKL129C,YDL231C,0,0.43183902,0.14434845745563507,0.7996011972427368,0.47554266452789307
YJL189W,YJR060W,0,0.43168676,0.144322469830513,0.7996011972427368,0.47564268112182617
YHL013C,YDL212W,0,0.43157184,0.14429651200771332,0.7996011972427368,0.47574272751808167
YML038C,YKR003W,0,0.43054396,0.14427055418491364,0.7996011972427368,0.47584274411201477
YHR099W,YPL170W,0,0.4304703,0.14424461126327515,0.7996011972427368,0.47594279050827026
YPL217C,YOL122C,0,0.43037194,0.14421866834163666,0.7996011972427368,0.47604280710220337
YEL077C,YPL057C,0,0.43015563,0.14419274032115936,0.7996011972427368,0.47614285349845886
YOR153W,YPL164C,0,0.43015093,0.14416681230068207,0.7996011972427368,0.47624287009239197
YDL210W,YHR200W,0,0.4299581,0.14414089918136597,0.7996011972427368,0.47634291648864746
YIL065C,YJR139C,0,0.42983544,0.14411500096321106,0.7996011972427368,0.47644293308258057
YIL090W,YMR163C,0,0.42967796,0.14408911764621735,0.7996011972427368,0.47654294967651367
YOR256C,YGL009C,0,0.4292916,0.14406323432922363,0.7996011972427368,0.47664299607276917
YPR020W,YNL191W,0,0.42903444,0.14403735101222992,0.7996011972427368,0.47674301266670227
YLR066W,YHR039C-B,0,0.4287441,0.1440114974975586,0.7996011972427368,0.47684305906295776
YOR381W,YLR047C,1,0.4287239,0.14416517317295074,0.8005982041358948,0.47684305906295776
YDL033C,YHR044C,0,0.42844218,0.14413928985595703,0.8005982041358948,0.47694307565689087
YPL089C,YIL078W,0,0.4280971,0.1441134214401245,0.8005982041358948,0.47704312205314636
YPL144W,YFL041W,0,0.42791203,0.14408756792545319,0.8005982041358948,0.47714313864707947
YGL243W,YGR014W,0,0.42730775,0.14406171441078186,0.8005982041358948,0.47724318504333496
YKL222C,YIL010W,0,0.42718208,0.14403587579727173,0.8005982041358948,0.47734320163726807
YGR097W,YJL050W,0,0.42685634,0.1440100371837616,0.8005982041358948,0.47744321823120117
YGL251C,YJL078C,0,0.4255189,0.14398421347141266,0.8005982041358948,0.47754326462745667
YKL040C,YOR054C,1,0.42514864,0.1441376805305481,0.8015952110290527,0.47754326462745667
YDL120W,YJL056C,1,0.42510253,0.14429108798503876,0.8025922179222107,0.47754326462745667
YER172C,YCR028C-A,0,0.42507106,0.14426523447036743,0.8025922179222107,0.47764328122138977
YDR121W,YEL017C-A,0,0.42497525,0.1442393809556961,0.8025922179222107,0.47774332761764526
YMR313C,YDL066W,0,0.42432314,0.14421354234218597,0.8025922179222107,0.47784334421157837
YER056C-A,YKL199C,0,0.4241453,0.14418771862983704,0.8025922179222107,0.47794339060783386
YIL121W,YIR009W,0,0.42407495,0.1441618949174881,0.8025922179222107,0.47804340720176697
YLR002C,YGR240C,0,0.42394975,0.14413608610630035,0.8025922179222107,0.47814345359802246
YDL103C,YKR048C,0,0.42355967,0.1441102772951126,0.8025922179222107,0.47824347019195557
YBL056W,YHL044W,0,0.42305058,0.14408448338508606,0.8025922179222107,0.47834351658821106
YBR058C-A,YHR067W,0,0.42290384,0.1440587043762207,0.8025922179222107,0.47844353318214417
YDR210C-D,YMR081C,0,0.4225219,0.14403292536735535,0.8025922179222107,0.47854354977607727
YDR047W,YLR157C-B,0,0.42231122,0.14400716125965118,0.8025922179222107,0.47864359617233276
YLR347C,YDR116C,0,0.4216898,0.14398139715194702,0.8025922179222107,0.47874361276626587
YIL109C,YDR139C,0,0.42161158,0.14395564794540405,0.8025922179222107,0.47884365916252136
YHR094C,YOR321W,0,0.42141402,0.14392991364002228,0.8025922179222107,0.47894367575645447
YAL032C,YJR029W,0,0.42137274,0.1439041793346405,0.8025922179222107,0.47904372215270996
YML129C,YPL281C,0,0.42135373,0.14387845993041992,0.8025922179222107,0.47914373874664307
YJR088C,YCL064C,0,0.41987938,0.14385275542736053,0.8025922179222107,0.47924378514289856
YOR330C,YHR079C-B,0,0.4198462,0.14382705092430115,0.8025922179222107,0.47934380173683167
YDR242W,YDR522C,0,0.41984555,0.14380136132240295,0.8025922179222107,0.47944381833076477
YHL008C,YGR166W,0,0.41975623,0.14377567172050476,0.8025922179222107,0.47954386472702026
YGR161W-A,YHR025W,0,0.41962475,0.14374999701976776,0.8025922179222107,0.47964388132095337
YKL221W,YLR116W,0,0.41958025,0.14372433722019196,0.8025922179222107,0.47974392771720886
YNL051W,YDR025W,0,0.41949025,0.14369867742061615,0.8025922179222107,0.47984394431114197
YGL136C,YPR017C,0,0.4185706,0.14367303252220154,0.8025922179222107,0.47994399070739746
YGR046W,YDR028C,0,0.4185178,0.14364738762378693,0.8025922179222107,0.48004400730133057
YDR359C,YCR035C,0,0.41835237,0.1436217725276947,0.8025922179222107,0.48014405369758606
YHR140W,YDR345C,0,0.4169456,0.14359614253044128,0.8025922179222107,0.48024407029151917
YMR281W,YDR034C-C,0,0.41686952,0.14357054233551025,0.8025922179222107,0.48034411668777466
YHR063C,YOR247W,0,0.4157813,0.14354494214057922,0.8025922179222107,0.48044413328170776
YDR205W,YOR088W,1,0.41566846,0.14369763433933258,0.8035892248153687,0.48044413328170776
YCR017C,YKL222C,0,0.41535568,0.14367201924324036,0.8035892248153687,0.48054414987564087
YHL013C,YBR109C,0,0.41515315,0.14364640414714813,0.8035892248153687,0.48064419627189636
YAL003W,YOR192C-A,0,0.41496044,0.1436208188533783,0.8035892248153687,0.48074421286582947
YKL163W,YNL227C,0,0.41485694,0.14359521865844727,0.8035892248153687,0.48084425926208496
YPL268W,YEL005C,0,0.41429096,0.14356964826583862,0.8035892248153687,0.48094427585601807
YML047C,YPR017C,0,0.41427338,0.14354407787322998,0.8035892248153687,0.48104432225227356
YGL187C,YHR005C,0,0.41378397,0.14351852238178253,0.8035892248153687,0.48114433884620667
YHR076W,YOL008W,0,0.41305238,0.14349296689033508,0.8035892248153687,0.48124438524246216
YKL176C,YMR287C,0,0.41295528,0.14346742630004883,0.8035892248153687,0.48134440183639526
YHL025W,YPR005C,0,0.41255352,0.14344190061092377,0.8035892248153687,0.48144441843032837
YHR084W,YBR169C,0,0.41237217,0.1434163749217987,0.8035892248153687,0.48154446482658386
YGR178C,YDR108W,0,0.41211677,0.14339084923267365,0.8035892248153687,0.48164448142051697
YLR256W,YCL045C,0,0.41190445,0.14336535334587097,0.8035892248153687,0.48174452781677246
YML045W,YNL054W-B,0,0.41179374,0.1433398574590683,0.8035892248153687,0.48184454441070557
YOR270C,YEL027W,1,0.41173172,0.1434921771287918,0.8045862317085266,0.48184454441070557
YKR027W,YPR066W,0,0.4114284,0.14346666634082794,0.8045862317085266,0.48194459080696106
YJR059W,YJR033C,1,0.41108698,0.14361891150474548,0.8055832386016846,0.48194459080696106
YPR086W,YMR305C,0,0.41108018,0.14359338581562042,0.8055832386016846,0.48204460740089417
YOL095C,YOR192C,0,0.41057286,0.14356787502765656,0.8055832386016846,0.48214465379714966
YIR013C,YER030W,0,0.41034204,0.1435423642396927,0.8055832386016846,0.48224467039108276
YER032W,YKL086W,0,0.41033185,0.14351686835289001,0.8055832386016846,0.48234471678733826
YAR019C,YBL088C,0,0.4099682,0.14349138736724854,0.8055832386016846,0.48244473338127136
YDR043C,YDR190C,0,0.40992874,0.14346590638160706,0.8055832386016846,0.48254474997520447
YBR101C,YHR184W,0,0.40970963,0.14344044029712677,0.8055832386016846,0.48264479637145996
YOR181W,YPR063C,0,0.40960068,0.14341497421264648,0.8055832386016846,0.48274481296539307
YDR483W,YOR043W,0,0.4095275,0.1433895230293274,0.8055832386016846,0.48284485936164856
YPL095C,YDR385W,0,0.40939856,0.1433640867471695,0.8055832386016846,0.48294487595558167
YPL132W,YHR028C,0,0.40919933,0.1433386504650116,0.8055832386016846,0.48304492235183716
YOR271C,YPL215W,0,0.40918,0.1433132290840149,0.8055832386016846,0.48314493894577026
YOR087W,YKL119C,1,0.40906247,0.14346514642238617,0.8065802454948425,0.48314493894577026
YKL222C,YDR329C,0,0.40878272,0.14343971014022827,0.8065802454948425,0.48324498534202576
YER041W,YNL306W,0,0.40854686,0.14341428875923157,0.8065802454948425,0.48334500193595886
YGL058W,YOR334W,0,0.40833035,0.14338886737823486,0.8065802454948425,0.48344504833221436
YPL210C,YDL122W,0,0.40808645,0.14336346089839935,0.8065802454948425,0.48354506492614746
YBR088C,YJL047C,0,0.4078592,0.14333805441856384,0.8065802454948425,0.48364508152008057
YLR216C,YML040W,0,0.4069401,0.14331266283988953,0.8065802454948425,0.48374512791633606
YPL036W,YLR410W,0,0.40589073,0.1432872861623764,0.8065802454948425,0.48384514451026917
YHR023W,YOL027C,0,0.4058862,0.14326190948486328,0.8065802454948425,0.48394519090652466
YGL049C,YLR059C,0,0.40586084,0.14323654770851135,0.8065802454948425,0.48404520750045776
YDR163W,YPR175W,0,0.40585232,0.14321118593215942,0.8065802454948425,0.48414525389671326
YDR007W,YNL014W,0,0.40576124,0.1431858390569687,0.8065802454948425,0.48424527049064636
YOL013C,YDR316W-A,0,0.405719,0.14316050708293915,0.8065802454948425,0.48434531688690186
YJR001W,YIL004C,0,0.40559182,0.1431351751089096,0.8065802454948425,0.48444533348083496
YPL231W,YOR192C-A,0,0.40529728,0.14310985803604126,0.8065802454948425,0.48454535007476807
YNL030W,YHR194W,0,0.40525293,0.1430845409631729,0.8065802454948425,0.48464539647102356
YOR188W,YER026C,0,0.40490013,0.14305923879146576,0.8065802454948425,0.48474541306495667
YDR178W,YPL153C,0,0.40453556,0.1430339515209198,0.8065802454948425,0.48484545946121216
YBR015C,YMR133W,0,0.4043815,0.14300866425037384,0.8065802454948425,0.48494547605514526
YKL152C,YMR076C,0,0.40413493,0.14298339188098907,0.8065802454948425,0.48504552245140076
YNR011C,YDL160C,0,0.40409052,0.1429581195116043,0.8065802454948425,0.48514553904533386
YIL037C,YOR375C,0,0.40379137,0.14293286204338074,0.8065802454948425,0.48524558544158936
YMR079W,YPL156C,0,0.4037228,0.14290761947631836,0.8065802454948425,0.48534560203552246
YPL174C,YHR079C-B,0,0.40370548,0.14288237690925598,0.8065802454948425,0.48544564843177795
YOR211C,YPL066W,0,0.40346694,0.1428571492433548,0.8065802454948425,0.48554566502571106
YBL075C,YOR205C,0,0.4030615,0.1428319215774536,0.8065802454948425,0.48564568161964417
YOR334W,YHR016C,0,0.40300655,0.14280670881271362,0.8065802454948425,0.48574572801589966
YBR112C,YDR011W,0,0.4029019,0.14278151094913483,0.8065802454948425,0.48584574460983276
YBL084C,YJL121C,0,0.40274432,0.14275631308555603,0.8065802454948425,0.48594579100608826
YJL129C,YBR030W,0,0.40232813,0.14273111522197723,0.8065802454948425,0.48604580760002136
YDR438W,YBR301W,0,0.40212137,0.14270594716072083,0.8065802454948425,0.48614585399627686
YLR089C,YBR188C,0,0.40196335,0.14268077909946442,0.8065802454948425,0.48624587059020996
YPL036W,YJR047C,0,0.40172338,0.142655611038208,0.8065802454948425,0.48634591698646545
YAR003W,YOR033C,0,0.40169555,0.142630472779274,0.8065802454948425,0.48644593358039856
YDR443C,YJL102W,0,0.40163866,0.14260531961917877,0.8065802454948425,0.48654595017433167
YLR433C,YPL224C,1,0.40161237,0.14275643229484558,0.8075772523880005,0.48654595017433167
YMR106C,YJR077C,0,0.40156478,0.14273127913475037,0.8075772523880005,0.48664599657058716
YOR332W,YML014W,0,0.40068543,0.14270612597465515,0.8075772523880005,0.48674601316452026
YBL055C,YGR215W,0,0.4006559,0.14268098771572113,0.8075772523880005,0.48684605956077576
YPL056C,YGR161C-C,0,0.40019262,0.1426558643579483,0.8075772523880005,0.48694607615470886
YJR044C,YBL082C,0,0.39938778,0.14263074100017548,0.8075772523880005,0.48704612255096436
YLR047C,YHR194W,1,0.39930722,0.14278168976306915,0.8085742592811584,0.48704612255096436
YDR098C-B,YGL243W,0,0.39897296,0.14275655150413513,0.8085742592811584,0.48714613914489746
YKR093W,YDR261C-C,0,0.39860892,0.1427314281463623,0.8085742592811584,0.48724618554115295
YAL043C,YCR089W,0,0.39821118,0.14270631968975067,0.8085742592811584,0.48734620213508606
YML024W,YOL069W,0,0.39818096,0.14268121123313904,0.8085742592811584,0.48744624853134155
YDL189W,YJR025C,0,0.39809513,0.1426561176776886,0.8085742592811584,0.48754626512527466
YDR329C,YLR307W,0,0.3978654,0.14263102412223816,0.8085742592811584,0.48764628171920776
YKL137W,YLR083C,0,0.39746127,0.1426059454679489,0.8085742592811584,0.48774632811546326
YDR189W,YPR105C,0,0.3972335,0.14258086681365967,0.8085742592811584,0.48784634470939636
YDL072C,YNL247W,0,0.3966701,0.14255580306053162,0.8085742592811584,0.48794639110565186
YBL091C,YDR007W,0,0.3965627,0.14253075420856476,0.8085742592811584,0.48804640769958496
YBL090W,YKL035W,0,0.39640838,0.1425057053565979,0.8085742592811584,0.48814645409584045
YJR096W,YER172C,0,0.3958725,0.14248067140579224,0.8085742592811584,0.48824647068977356
YER091C,YPL123C,0,0.39582896,0.14245565235614777,0.8085742592811584,0.48834651708602905
YDR466W,YJR113C,0,0.3956994,0.1424306333065033,0.8085742592811584,0.48844653367996216
YNL007C,YHR070W,0,0.3956458,0.14240561425685883,0.8085742592811584,0.48854655027389526
YER053C,YPL128C,0,0.39541727,0.14238062500953674,0.8085742592811584,0.48864659667015076
YGL128C,YMR223W,0,0.3953784,0.14235562086105347,0.8085742592811584,0.48874661326408386
YMR264W,YPL038W,0,0.39509782,0.14233064651489258,0.8085742592811584,0.48884665966033936
YBR121C,YOR197W,0,0.39397848,0.1423056721687317,0.8085742592811584,0.48894667625427246
YER160C,YJR009C,0,0.39363432,0.1422806978225708,0.8085742592811584,0.48904672265052795
YJL033W,YLL031C,0,0.39351934,0.1422557383775711,0.8085742592811584,0.48914673924446106
YKR061W,YGR260W,0,0.3929171,0.1422307938337326,0.8085742592811584,0.48924678564071655
YDR170W-A,YKL143W,0,0.3928814,0.1422058492898941,0.8085742592811584,0.48934680223464966
YBR212W,YER048W-A,0,0.39249945,0.1421809196472168,0.8085742592811584,0.48944684863090515
YDL098C,YBL101W-A,0,0.39194697,0.14215600490570068,0.8085742592811584,0.48954686522483826
YDR437W,YKL158W,0,0.39164186,0.14213109016418457,0.8085742592811584,0.48964688181877136
YKR031C,YGR106C,0,0.3911466,0.14210619032382965,0.8085742592811584,0.48974692821502686
YGR211W,YBL100W-B,0,0.39071554,0.14208129048347473,0.8085742592811584,0.48984694480895996
YDR170W-A,YGR058W,0,0.3902639,0.142056405544281,0.8085742592811584,0.48994699120521545
YEL051W,YER145C,1,0.3902379,0.14220665395259857,0.8095712661743164,0.48994699120521545
YBR168W,YHL015W,0,0.38998967,0.14218175411224365,0.8095712661743164,0.49004700779914856
YGL119W,YPR018W,0,0.3899571,0.14215686917304993,0.8095712661743164,0.49014705419540405
YGR098C,YHR033W,0,0.38994044,0.1421319842338562,0.8095712661743164,0.49024707078933716
YNL113W,YAR071W,0,0.38985068,0.14210709929466248,0.8095712661743164,0.49034711718559265
YOR354C,YBR024W,0,0.3898477,0.14208224415779114,0.8095712661743164,0.49044713377952576
YPR120C,YJL111W,0,0.38951242,0.1420573890209198,0.8095712661743164,0.49054715037345886
YEL044W,YOR367W,0,0.389362,0.14203253388404846,0.8095712661743164,0.49064719676971436
YOR329C,YML062C,0,0.38930422,0.14200769364833832,0.8095712661743164,0.49074721336364746
YDR343C,YDR120C,0,0.38901746,0.14198286831378937,0.8095712661743164,0.49084725975990295
YJR155W,YIR019C,0,0.38884136,0.14195804297924042,0.8095712661743164,0.49094727635383606
YMR314W,YPL033C,0,0.388727,0.14193323254585266,0.8095712661743164,0.49104732275009155
YLR333C,YDR462W,0,0.3886795,0.1419084221124649,0.8095712661743164,0.49114733934402466
YLR126C,YNL259C,1,0.3882725,0.1420583575963974,0.8105682730674744,0.49114733934402466
YPL060C-A,YMR192W,0,0.3881784,0.14203354716300964,0.8105682730674744,0.49124738574028015
YPL258C,YGR096W,0,0.3881445,0.1420087367296219,0.8105682730674744,0.49134740233421326
YDR506C,YJR126C,0,0.38784054,0.14198392629623413,0.8105682730674744,0.49144744873046875
YDR302W,YGR161C-C,0,0.38761473,0.14195914566516876,0.8105682730674744,0.49154746532440186
YMR313C,YHL032C,0,0.38723177,0.1419343501329422,0.8105682730674744,0.49164748191833496
YPL020C,YNL123W,0,0.38721377,0.14190958440303802,0.8105682730674744,0.49174752831459045
YIL050W,YOR329C,0,0.38706824,0.14188481867313385,0.8105682730674744,0.49184754490852356
YLR433C,YOR039W,1,0.38700756,0.14203454554080963,0.8115652799606323,0.49184754490852356
YNL069C,YMR231W,0,0.38686955,0.14200976490974426,0.8115652799606323,0.49194759130477905
YLR417W,YBR028C,0,0.38679183,0.1419849991798401,0.8115652799606323,0.49204760789871216
YIL126W,YER088C,0,0.3863296,0.1419602334499359,0.8115652799606323,0.49214765429496765
YIR023W,YGR087C,0,0.3860557,0.14193548262119293,0.8115652799606323,0.49224767088890076
YHR046C,YDR107C,0,0.3859755,0.14191073179244995,0.8115652799606323,0.49234771728515625
YIL067C,YNL181W,0,0.38522488,0.14188599586486816,0.8115652799606323,0.49244773387908936
YJL003W,YMR035W,0,0.38486832,0.14186127483844757,0.8115652799606323,0.49254775047302246
YDR352W,YNL135C,0,0.38464534,0.14183655381202698,0.8115652799606323,0.49264779686927795
YGL006W,YKL108W,0,0.38442948,0.14181184768676758,0.8115652799606323,0.49274781346321106
YCL047C,YOR361C,0,0.38424614,0.14178714156150818,0.8115652799606323,0.49284785985946655
YNL136W,YJR084W,0,0.38405937,0.14176245033740997,0.8115652799606323,0.49294787645339966
YCR038C,YMR029C,0,0.38401648,0.14173777401447296,0.8115652799606323,0.49304792284965515
YBR132C,YLR417W,0,0.38345784,0.14171309769153595,0.8115652799606323,0.49314793944358826
YNL183C,YHR167W,0,0.38333187,0.14168842136859894,0.8115652799606323,0.49324798583984375
YLR256W,YOR065W,0,0.3832767,0.14166375994682312,0.8115652799606323,0.49334800243377686
YOL084W,YJL054W,0,0.38270712,0.1416391134262085,0.8115652799606323,0.49344804883003235
YOR061W,YDR065W,1,0.38236797,0.14178845286369324,0.8125622868537903,0.49344804883003235
YOR034C,YMR243C,0,0.382316,0.14176379144191742,0.8125622868537903,0.49354806542396545
YDR261C-C,YGR254W,0,0.38221854,0.1417391300201416,0.8125622868537903,0.49364808201789856
YEL059C-A,YGL227W,0,0.3820889,0.14171448349952698,0.8125622868537903,0.49374812841415405
YCR044C,YDR217C,0,0.38196403,0.14168985188007355,0.8125622868537903,0.49384814500808716
YGR217W,YPR041W,0,0.38148245,0.14166522026062012,0.8125622868537903,0.49394819140434265
YCR086W,YIL099W,0,0.3812867,0.14164060354232788,0.8125622868537903,0.49404820799827576
YOR391C,YGR287C,0,0.3811707,0.14161598682403564,0.8125622868537903,0.49414825439453125
YGR192C,YOR081C,0,0.38073272,0.1415913850069046,0.8125622868537903,0.49424827098846436
YPL224C,YMR301C,1,0.38031286,0.14174048602581024,0.8135592937469482,0.49424827098846436
YDL232W,YDR253C,0,0.38029212,0.141715869307518,0.8135592937469482,0.49434831738471985
YPR065W,YML095C,0,0.3802467,0.14169126749038696,0.8135592937469482,0.49444833397865295
YCR004C,YKL002W,0,0.37976372,0.14166666567325592,0.8135592937469482,0.49454835057258606
YBR268W,YKL199C,0,0.37968943,0.14164207875728607,0.8135592937469482,0.49464839696884155
YOR316C,YNL318C,0,0.37924564,0.14161749184131622,0.8135592937469482,0.49474841356277466
YGL089C,YGR049W,0,0.37889656,0.14159291982650757,0.8135592937469482,0.49484845995903015
YGR029W,YOL027C,1,0.37874693,0.14174184203147888,0.814556360244751,0.49484845995903015
YLR372W,YGL198W,0,0.37858438,0.14171725511550903,0.814556360244751,0.49494847655296326
YDR201W,YOL122C,0,0.3783115,0.14169268310070038,0.814556360244751,0.49504852294921875
YKL125W,YDR150W,0,0.37796956,0.14166811108589172,0.814556360244751,0.49514853954315186
YMR094W,YCR063W,0,0.37795627,0.14164355397224426,0.814556360244751,0.49524858593940735
YGR062C,YNL323W,0,0.37775767,0.1416189968585968,0.814556360244751,0.49534860253334045
YGL029W,YGL137W,0,0.3773299,0.14159445464611053,0.814556360244751,0.49544864892959595
YOL051W,YPR033C,0,0.37654006,0.14156991243362427,0.814556360244751,0.49554866552352905
YNR032C-A,YBL021C,0,0.3765144,0.1415453851222992,0.814556360244751,0.49564868211746216
YBR251W,YNL046W,0,0.37647378,0.14152087271213531,0.814556360244751,0.49574872851371765
YBR035C,YOR091W,0,0.37637442,0.14149636030197144,0.814556360244751,0.49584874510765076
YER060W-A,YHL009W-B,0,0.376124,0.14147186279296875,0.814556360244751,0.49594879150390625
YIL064W,YBR087W,0,0.37478286,0.14144736528396606,0.814556360244751,0.49604880809783936
YPL060W,YDR424C,0,0.37477016,0.14142288267612457,0.814556360244751,0.49614885449409485
YER120W,YNL129W,0,0.37473717,0.14139841496944427,0.814556360244751,0.49624887108802795
YPL153C,YLR023C,0,0.37467623,0.14137394726276398,0.814556360244751,0.49634891748428345
YOR226C,YOR088W,1,0.3744489,0.14152249693870544,0.8155533671379089,0.49634891748428345
YDL189W,YNL077W,0,0.37380385,0.14149801433086395,0.8155533671379089,0.49644893407821655
YBL084C,YIL118W,0,0.37380332,0.14147353172302246,0.8155533671379089,0.49654895067214966
YDR210W-B,YEL051W,0,0.37361968,0.14144907891750336,0.8155533671379089,0.49664899706840515
YML087C,YEL017C-A,0,0.37358427,0.14142462611198425,0.8155533671379089,0.49674901366233826
YDR348C,YJL021C,0,0.3731784,0.14140017330646515,0.8155533671379089,0.49684906005859375
YBR082C,YKL116C,0,0.37310725,0.14137573540210724,0.8155533671379089,0.49694907665252686
YGR027W-A,YOL149W,0,0.37280393,0.14135129749774933,0.8155533671379089,0.49704912304878235
YLR119W,YGL246C,0,0.37277368,0.1413268893957138,0.8155533671379089,0.49714913964271545
YLR066W,YNL217W,0,0.3717923,0.1413024663925171,0.8155533671379089,0.49724918603897095
YMR288W,YMR264W,0,0.37096465,0.14127805829048157,0.8155533671379089,0.49734920263290405
YGR156W,YCR071C,0,0.3709126,0.14125366508960724,0.8155533671379089,0.49744924902915955
YGR098C,YBR110W,0,0.37088057,0.1412292867898941,0.8155533671379089,0.49754926562309265
YGL031C,YML114C,0,0.37044445,0.14120490849018097,0.8155533671379089,0.49764928221702576
YPR145W,YBR045C,0,0.37037188,0.14118053019046783,0.8155533671379089,0.49774932861328125
YML047C,YDR299W,0,0.36892012,0.1411561667919159,0.8155533671379089,0.49784934520721436
YOL049W,YDR266C,0,0.36850876,0.14113181829452515,0.8155533671379089,0.49794939160346985
YJL212C,YGL099W,0,0.36834848,0.1411074697971344,0.8155533671379089,0.49804940819740295
YJR153W,YMR175W,0,0.36833093,0.14108313620090485,0.8155533671379089,0.49814945459365845
YMR105C,YER145C,1,0.36822337,0.1412312537431717,0.8165503740310669,0.49814945459365845
YMR070W,YMR278W,0,0.36795074,0.14120689034461975,0.8165503740310669,0.49824947118759155
YBR009C,YKL080W,0,0.36766857,0.1411825567483902,0.8165503740310669,0.49834951758384705
YOL139C,YGR161C-C,0,0.3674884,0.14115822315216064,0.8165503740310669,0.49844953417778015
YML031W,YNL180C,0,0.3673826,0.1411338895559311,0.8165503740310669,0.49854955077171326
YPL236C,YKL055C,0,0.36724818,0.14110958576202393,0.8165503740310669,0.49864959716796875
YKL216W,YIL129C,0,0.3670289,0.14108526706695557,0.8165503740310669,0.49874961376190186
YJL062W,YML111W,0,0.36692286,0.1410609781742096,0.8165503740310669,0.49884966015815735
YNL012W,YGR218W,0,0.36643025,0.14103667438030243,0.8165503740310669,0.49894967675209045
YBR012W-B,YDR533C,0,0.3663681,0.14101240038871765,0.8165503740310669,0.49904972314834595
YOR061W,YOL158C,1,0.36566272,0.1411602646112442,0.8175473809242249,0.49904972314834595
YML114C,YML113W,0,0.36549845,0.14113597571849823,0.8175473809242249,0.49914973974227905
YBR179C,YOR359W,0,0.36537793,0.14111168682575226,0.8175473809242249,0.49924978613853455
YBR004C,YDR135C,0,0.3648195,0.1410873979330063,0.8175473809242249,0.49934980273246765
YOR319W,YMR288W,0,0.36450168,0.1410631388425827,0.8175473809242249,0.49944984912872314
YLR167W,YPR003C,0,0.36446917,0.14103886485099792,0.8175473809242249,0.49954986572265625
YBR101C,YJR060W,0,0.36406225,0.14101462066173553,0.8175473809242249,0.49964988231658936
YOR079C,YLR205C,1,0.36357147,0.14116230607032776,0.8185443878173828,0.49964988231658936
YHR067W,YLR421C,0,0.36350343,0.14113804697990417,0.8185443878173828,0.49974992871284485
YEL011W,YIL009W,0,0.3634588,0.1411137878894806,0.8185443878173828,0.49984994530677795
YCR054C,YML102W,0,0.36292702,0.141089528799057,0.8185443878173828,0.49994999170303345
YDR511W,YDR338C,0,0.3629027,0.1410652995109558,0.8185443878173828,0.5000500082969666
YDR316W-B,YGL065C,0,0.36264884,0.14104105532169342,0.8185443878173828,0.5001500248908997
YDL064W,YMR199W,0,0.36258805,0.14101682603359222,0.8185443878173828,0.5002501010894775
YHR101C,YAR044W,0,0.36185962,0.14099261164665222,0.8185443878173828,0.5003501176834106
YOR335C,YDR469W,0,0.36152095,0.1409684121608734,0.8185443878173828,0.5004501342773438
YCR105W,YGR162W,0,0.3615005,0.1409442126750946,0.8185443878173828,0.5005501508712769
YNL330C,YJL014W,0,0.36144096,0.1409200131893158,0.8185443878173828,0.50065016746521
YGR174C,YCR043C,0,0.36138982,0.14089582860469818,0.8185443878173828,0.5007502436637878
YPL060C-A,YGL043W,0,0.36131692,0.14087165892124176,0.8185443878173828,0.500850260257721
YBR286W,YNL053W,0,0.36113125,0.14084748923778534,0.8185443878173828,0.500950276851654
YOR227W,YER157W,0,0.36108425,0.1408233344554901,0.8185443878173828,0.5010502934455872
YJL145W,YOR211C,0,0.36099762,0.14079917967319489,0.8185443878173828,0.501150369644165
YDR151C,YMR243C,1,0.3600982,0.14094650745391846,0.8195413947105408,0.501150369644165
YGL224C,YPL174C,0,0.35981876,0.14092233777046204,0.8195413947105408,0.5012503862380981
YHR042W,YGL181W,0,0.35953197,0.1408981829881668,0.8195413947105408,0.5013504028320312
YGR192C,YIL004C,0,0.35949612,0.14087404310703278,0.8195413947105408,0.5014504194259644
YGR296W,YLR085C,0,0.35947496,0.14084990322589874,0.8195413947105408,0.5015504360198975
YLL053C,YHL009W-A,0,0.3594126,0.1408257633447647,0.8195413947105408,0.5016505122184753
YHL008C,YHL007C,0,0.35901973,0.14080163836479187,0.8195413947105408,0.5017505288124084
YOR141C,YLR067C,0,0.35852644,0.14077752828598022,0.8195413947105408,0.5018505454063416
YPL156C,YIL041W,0,0.35850728,0.14075341820716858,0.8195413947105408,0.5019505620002747
YNR041C,YDR339C,0,0.3581383,0.14072932302951813,0.8195413947105408,0.5020506381988525
YLR432W,YJL219W,0,0.35713205,0.14070524275302887,0.8195413947105408,0.5021506547927856
YDR097C,YAR033W,0,0.3571233,0.1406811624765396,0.8195413947105408,0.5022506713867188
YKR009C,YPR067W,0,0.35702682,0.14065708220005035,0.8195413947105408,0.5023506879806519
YCL001W,YPL072W,0,0.3567214,0.1406330168247223,0.8195413947105408,0.5024507641792297
YJL118W,YHR143W,0,0.35670897,0.14060896635055542,0.8195413947105408,0.5025507807731628
YFL053W,YLR176C,0,0.35656744,0.14058491587638855,0.8195413947105408,0.502650797367096
YNL129W,YER015W,0,0.356355,0.14056088030338287,0.8195413947105408,0.502750813961029
YML118W,YBL088C,0,0.35634443,0.1405368447303772,0.8195413947105408,0.5028508305549622
YMR220W,YMR036C,0,0.35627872,0.14051282405853271,0.8195413947105408,0.50295090675354
YNL183C,YHR007C,0,0.35597888,0.14048880338668823,0.8195413947105408,0.5030509233474731
YGR211W,YMR048W,0,0.35591647,0.14046479761600494,0.8195413947105408,0.5031509399414062
YGR235C,YPL141C,0,0.35576087,0.14044080674648285,0.8195413947105408,0.5032509565353394
YDR469W,YLR128W,0,0.35558847,0.14041681587696075,0.8195413947105408,0.5033510327339172
YOR339C,YNL176C,0,0.35555512,0.14039282500743866,0.8195413947105408,0.5034510493278503
YHR096C,YDL229W,0,0.3555049,0.14036884903907776,0.8195413947105408,0.5035510659217834
YLR299W,YKL137W,0,0.35514933,0.14034488797187805,0.8195413947105408,0.5036510825157166
YGR272C,YDL150W,0,0.35488546,0.14032092690467834,0.8195413947105408,0.5037510991096497
YHR027C,YDL012C,0,0.35442466,0.14029698073863983,0.8195413947105408,0.5038511753082275
YNL272C,YDR320C-A,0,0.35432678,0.14027303457260132,0.8195413947105408,0.5039511919021606
YIR019C,YDR224C,0,0.35409,0.140249103307724,0.8195413947105408,0.5040512084960938
YJL057C,YDL139C,0,0.35360044,0.14022517204284668,0.8195413947105408,0.5041512250900269
YMR316W,YHR214C-C,0,0.3535235,0.14020125567913055,0.8195413947105408,0.5042513012886047
YER100W,YOL157C,0,0.35350233,0.14017735421657562,0.8195413947105408,0.5043513178825378
YJR067C,YJL026W,0,0.35325158,0.1401534527540207,0.8195413947105408,0.504451334476471
YDR158W,YBR286W,0,0.35307515,0.14012956619262695,0.8195413947105408,0.504551351070404
YMR312W,YLR045C,0,0.3527406,0.14010567963123322,0.8195413947105408,0.5046513676643372
YLR194C,YGR109W-A,0,0.35228246,0.14008179306983948,0.8195413947105408,0.504751443862915
YDR495C,YDR270W,1,0.35228217,0.14022831618785858,0.8205384016036987,0.504751443862915
YLR324W,YDR210W,0,0.3521138,0.14020442962646484,0.8205384016036987,0.5048514604568481
YMR195W,YDR316W-A,0,0.3520087,0.1401805430650711,0.8205384016036987,0.5049514770507812
YGR140W,YDR105C,0,0.35188156,0.14015667140483856,0.8205384016036987,0.5050514936447144
YHR166C,YDL012C,0,0.35149634,0.1401328146457672,0.8205384016036987,0.5051515698432922
YKL193C,YOR096W,0,0.3512295,0.14010895788669586,0.8205384016036987,0.5052515864372253
YPR145W,YOR001W,0,0.35104218,0.1400851011276245,0.8205384016036987,0.5053516030311584
YKL006C-A,YOR116C,0,0.35097542,0.14006125926971436,0.8205384016036987,0.5054516196250916
YMR220W,YDR463W,0,0.3503231,0.1400374323129654,0.8205384016036987,0.5055516362190247
YNR061C,YIL172C,0,0.35026556,0.14001360535621643,0.8205384016036987,0.5056517124176025
YBL105C,YPL254W,0,0.34985444,0.13998979330062866,0.8205384016036987,0.5057517290115356
YPL137C,YDL213C,0,0.349756,0.1399659812450409,0.8205384016036987,0.5058517456054688
YJR137C,YDL117W,0,0.3496874,0.13994218409061432,0.8205384016036987,0.5059517621994019
YDR284C,YBR231C,0,0.34890994,0.13991840183734894,0.8205384016036987,0.5060518383979797
YBR297W,YLR388W,0,0.3486335,0.13989460468292236,0.8205384016036987,0.5061518549919128
YGR002C,YPR061C,0,0.3485497,0.13987083733081818,0.8205384016036987,0.506251871585846
YAL053W,YDR079C-A,0,0.34830344,0.139847069978714,0.8205384016036987,0.506351888179779
YLR034C,YMR301C,1,0.34828067,0.13999320566654205,0.8215354084968567,0.506351888179779
YOR092W,YOR125C,0,0.34823847,0.13996942341327667,0.8215354084968567,0.5064519643783569
YOR124C,YJL002C,0,0.34807765,0.13994565606117249,0.8215354084968567,0.50655198097229
YOR197W,YJL116C,0,0.34806088,0.1399218887090683,0.8215354084968567,0.5066519975662231
YBL078C,YIL148W,0,0.34797615,0.1398981362581253,0.8215354084968567,0.5067520141601562
YER086W,YOR221C,0,0.34717846,0.1398743838071823,0.8215354084968567,0.5068520307540894
YHR039C-B,YDL185W,1,0.34683326,0.14002037048339844,0.8225324153900146,0.5068520307540894
YPL005W,YNL097C,0,0.3468113,0.13999660313129425,0.8225324153900146,0.5069521069526672
YBR089C-A,YLR340W,0,0.34671462,0.13997285068035126,0.8225324153900146,0.5070521235466003
YHR042W,YNR030W,0,0.34656093,0.13994911313056946,0.8225324153900146,0.5071521401405334
YHR205W,YBL075C,0,0.3465181,0.13992537558078766,0.8225324153900146,0.5072521567344666
YMR289W,YHR172W,0,0.34644705,0.13990163803100586,0.8225324153900146,0.5073522329330444
YDR279W,YIL114C,0,0.34600753,0.13987793028354645,0.8225324153900146,0.5074522495269775
YNL229C,YLR138W,0,0.34557486,0.13985420763492584,0.8225324153900146,0.5075522661209106
YGR097W,YMR318C,0,0.34529215,0.13983051478862762,0.8225324153900146,0.5076522827148438
YGR029W,YLR023C,1,0.34486634,0.13997627794742584,0.8235294222831726,0.5076522827148438
YOR295W,YPR054W,0,0.34484443,0.13995255529880524,0.8235294222831726,0.5077522993087769
YOR087W,YBR295W,1,0.34456298,0.14009825885295868,0.8245264291763306,0.5077522993087769
YGR109W-A,YAL001C,0,0.3445153,0.14007452130317688,0.8245264291763306,0.5078523755073547
YGR067C,YDR111C,0,0.34446204,0.14005079865455627,0.8245264291763306,0.5079523921012878
YJR160C,YPL221W,0,0.34339142,0.14002709090709686,0.8245264291763306,0.508052408695221
YFR049W,YPR102C,0,0.3433463,0.14000338315963745,0.8245264291763306,0.508152425289154
YOL012C,YHR171W,0,0.34332475,0.13997969031333923,0.8245264291763306,0.5082525014877319
YDR408C,YGR235C,0,0.3432484,0.13995599746704102,0.8245264291763306,0.508352518081665
YDR522C,YGR058W,0,0.34301195,0.139932319521904,0.8245264291763306,0.5084525346755981
YFR051C,YLR276C,0,0.34290624,0.13990864157676697,0.8245264291763306,0.5085525512695312
YPL089C,YPR102C,0,0.34281838,0.13988497853279114,0.8245264291763306,0.5086525678634644
YLR090W,YMR016C,0,0.34279495,0.1398613154888153,0.8245264291763306,0.5087526440620422
YML009C,YOR369C,0,0.34249204,0.13983766734600067,0.8245264291763306,0.5088526606559753
YDL018C,YBR228W,0,0.34198657,0.13981403410434723,0.8245264291763306,0.5089526772499084
YOR149C,YGL184C,0,0.3419814,0.1397904008626938,0.8245264291763306,0.5090526938438416
YHR142W,YDL120W,0,0.34134197,0.13976676762104034,0.8245264291763306,0.5091527700424194
YAL003W,YGR284C,0,0.34133953,0.1397431492805481,0.8245264291763306,0.5092527866363525
YLR249W,YDR073W,0,0.3412416,0.13971954584121704,0.8245264291763306,0.5093528032302856
YOR193W,YHR108W,0,0.34070504,0.139695942401886,0.8245264291763306,0.5094528198242188
YCR044C,YFR028C,0,0.34006748,0.13967235386371613,0.8245264291763306,0.5095528364181519
YHR171W,YJR066W,0,0.3398123,0.13964876532554626,0.8245264291763306,0.5096529126167297
YMR026C,YDL153C,0,0.3395175,0.1396251916885376,0.8245264291763306,0.5097529292106628
YBR168W,YKL043W,0,0.33898768,0.13960161805152893,0.8245264291763306,0.509852945804596
YPL084W,YOR380W,0,0.33896083,0.13957805931568146,0.8245264291763306,0.509952962398529
YPL209C,YPR181C,0,0.33884174,0.13955450057983398,0.8245264291763306,0.5100530385971069
YGR280C,YNL116W,0,0.3388074,0.1395309567451477,0.8245264291763306,0.51015305519104
YLR240W,YNR011C,0,0.33867282,0.13950742781162262,0.8245264291763306,0.5102530717849731
YDR308C,YGR094W,0,0.33865952,0.13948389887809753,0.8245264291763306,0.5103530883789062
YIL009C-A,YGL002W,0,0.33800784,0.13946036994457245,0.8245264291763306,0.5104531645774841
YIL026C,YOL116W,0,0.33770886,0.13943685591220856,0.8245264291763306,0.5105531811714172
YBR218C,YLR403W,0,0.33741736,0.13941335678100586,0.8245264291763306,0.5106531977653503
YOR077W,YBR200W,0,0.33722305,0.13938985764980316,0.8245264291763306,0.5107532143592834
YMR149W,YPL187W,0,0.33704004,0.13936635851860046,0.8245264291763306,0.5108532309532166
YCL001W,YHL021C,0,0.33628693,0.13934287428855896,0.8245264291763306,0.5109533071517944
YJR056C,YOL069W,0,0.33612582,0.13931940495967865,0.8245264291763306,0.5110533237457275
YMR214W,YGR083C,0,0.33588395,0.13929593563079834,0.8245264291763306,0.5111533403396606
YIL101C,YBR023C,0,0.33553717,0.13927248120307922,0.8245264291763306,0.5112533569335938
YJR059W,YLR205C,1,0.33541912,0.13941740989685059,0.8255234360694885,0.5112533569335938
YOR173W,YGR161C-D,0,0.33506018,0.13939394056797028,0.8255234360694885,0.5113534331321716
YKR034W,YKL079W,0,0.33486617,0.13937047123908997,0.8255234360694885,0.5114534497261047
YFR015C,YPL270W,0,0.33481774,0.13934701681137085,0.8255234360694885,0.5115534663200378
YJL122W,YMR122W-A,0,0.33456612,0.13932357728481293,0.8255234360694885,0.511653482913971
YOL023W,YIL019W,0,0.33452058,0.139300137758255,0.8255234360694885,0.511753499507904
YFL055W,YGL104C,0,0.33436394,0.13927669823169708,0.8255234360694885,0.5118535757064819
YLR032W,YBL057C,0,0.3336855,0.13925327360630035,0.8255234360694885,0.511953592300415
YDR379W,YOR386W,0,0.33363107,0.13922986388206482,0.8255234360694885,0.5120536088943481
YLR051C,YML059C,0,0.33325133,0.13920645415782928,0.8255234360694885,0.5121536254882812
YDR236C,YDR318W,0,0.333104,0.13918305933475494,0.8255234360694885,0.5122537016868591
YDR205W,YLR205C,1,0.33292666,0.139327734708786,0.8265204429626465,0.5122537016868591
YGL135W,YGL207W,0,0.3327641,0.13930432498455048,0.8265204429626465,0.5123537182807922
YDL025C,YMR133W,0,0.3323517,0.13928091526031494,0.8265204429626465,0.5124537348747253
YHL020C,YPR022C,0,0.33220255,0.1392575204372406,0.8265204429626465,0.5125537514686584
YDR427W,YML096W,0,0.33155805,0.13923412561416626,0.8265204429626465,0.5126537680625916
YAR033W,YMR052W,0,0.33143273,0.1392107456922531,0.8265204429626465,0.5127538442611694
YNL214W,YJL165C,0,0.33133644,0.13918738067150116,0.8265204429626465,0.5128538608551025
YKL056C,YER173W,0,0.33122164,0.1391640156507492,0.8265204429626465,0.5129538774490356
YCL067C,YNL156C,0,0.33079028,0.13914065062999725,0.8265204429626465,0.5130538940429688
YKR049C,YML057W,0,0.3306846,0.1391173005104065,0.8265204429626465,0.5131539702415466
YNL035C,YER113C,0,0.33049873,0.13909396529197693,0.8265204429626465,0.5132539868354797
YGR206W,YBL036C,0,0.33025146,0.13907063007354736,0.8265204429626465,0.5133540034294128
YOR087W,YER145C,1,0.33023852,0.13921502232551575,0.8275174498558044,0.5133540034294128
YBR112C,YJL208C,0,0.33001137,0.13919168710708618,0.8275174498558044,0.513454020023346
YDR210C-D,YDR237W,0,0.32945108,0.13916833698749542,0.8275174498558044,0.513554036617279
YEL054C,YDR057W,0,0.3292732,0.13914501667022705,0.8275174498558044,0.5136541128158569
YLL042C,YOR075W,0,0.32894558,0.13912169635295868,0.8275174498558044,0.51375412940979
YPL269W,YCR069W,0,0.32852015,0.1390983760356903,0.8275174498558044,0.5138541460037231
YDR034C-D,YDR213W,0,0.32813442,0.13907507061958313,0.8275174498558044,0.5139541625976562
YPL059W,YLR139C,0,0.327991,0.13905176520347595,0.8275174498558044,0.5140542387962341
YGR283C,YCL055W,0,0.32797706,0.13902847468852997,0.8275174498558044,0.5141542553901672
YOR391C,YHL021C,0,0.32748926,0.13900519907474518,0.8275174498558044,0.5142542719841003
YPL234C,YJL059W,1,0.32688373,0.13914936780929565,0.8285144567489624,0.5142542719841003
YDR110W,YJR135W-A,0,0.32675838,0.13912606239318848,0.8285144567489624,0.5143542885780334
YMR189W,YPR058W,0,0.32664493,0.1391027718782425,0.8285144567489624,0.5144543647766113
YMR226C,YDR358W,0,0.32657266,0.1390794962644577,0.8285144567489624,0.5145543813705444
YMR301C,YKR050W,1,0.32585993,0.13922356069087982,0.8295114636421204,0.5145543813705444
YLR133W,YKL157W,0,0.32574242,0.13920027017593384,0.8295114636421204,0.5146543979644775
YDR058C,YER014W,0,0.32553774,0.13917697966098785,0.8295114636421204,0.5147544145584106
YBL067C,YGR278W,0,0.32553315,0.13915370404720306,0.8295114636421204,0.5148544311523438
YCR039C,YDR039C,0,0.32492733,0.13913042843341827,0.8295114636421204,0.5149545073509216
YDR359C,YNL009W,0,0.3246315,0.13910716772079468,0.8295114636421204,0.5150545239448547
YDL143W,YOR143C,0,0.32448262,0.13908392190933228,0.8295114636421204,0.5151545405387878
YIL011W,YBR154C,0,0.32434514,0.13906067609786987,0.8295114636421204,0.515254557132721
YHR203C,YJL210W,0,0.32432652,0.13903743028640747,0.8295114636421204,0.5153546333312988
YFR051C,YAL042W,0,0.32378343,0.13901419937610626,0.8295114636421204,0.5154546499252319
YJR067C,YGL194C,0,0.32369184,0.13899098336696625,0.8295114636421204,0.515554666519165
YJR084W,YCL045C,0,0.32342198,0.13896776735782623,0.8295114636421204,0.5156546831130981
YMR164C,YPR158W-B,0,0.32279277,0.13894455134868622,0.8295114636421204,0.5157546997070312
YOR190W,YBR001C,0,0.32272595,0.1389213502407074,0.8295114636421204,0.5158547759056091
YNL166C,YDR495C,0,0.32271326,0.13889816403388977,0.8295114636421204,0.5159547924995422
YMR271C,YPL227C,0,0.3224308,0.13887497782707214,0.8295114636421204,0.5160548090934753
YNR022C,YOR335C,0,0.32236445,0.1388518065214157,0.8295114636421204,0.5161548256874084
YLR092W,YKR072C,0,0.32235974,0.13882863521575928,0.8295114636421204,0.5162549018859863
YBR044C,YOR059C,0,0.32233012,0.13880547881126404,0.8295114636421204,0.5163549184799194
YPR082C,YHR101C,0,0.32224542,0.1387823224067688,0.8295114636421204,0.5164549350738525
YDR247W,YDR201W,0,0.32205063,0.13875916600227356,0.8295114636421204,0.5165549516677856
YDR288W,YDR402C,0,0.32203677,0.1387360394001007,0.8295114636421204,0.5166549682617188
YOL158C,YHL047C,1,0.32164145,0.13887962698936462,0.8305084705352783,0.5166549682617188
YKL175W,YEL031W,1,0.32141867,0.13902316987514496,0.8315054774284363,0.5166549682617188
YHL022C,YJL076W,0,0.32114717,0.13899999856948853,0.8315054774284363,0.5167550444602966
YFR044C,YKL086W,0,0.32082868,0.1389768421649933,0.8315054774284363,0.5168550610542297
YJR067C,YGR253C,0,0.32041112,0.13895368576049805,0.8315054774284363,0.5169550776481628
YIL090W,YPR036W,0,0.32040375,0.1389305293560028,0.8315054774284363,0.517055094242096
YAL026C,YKL199C,0,0.31990528,0.13890738785266876,0.8315054774284363,0.5171551704406738
YIL154C,YDL112W,0,0.3198238,0.1388842612504959,0.8315054774284363,0.5172551870346069
YKL086W,YKR085C,0,0.31966758,0.13886113464832306,0.8315054774284363,0.51735520362854
YGL095C,YDR347W,0,0.3193749,0.1388380229473114,0.8315054774284363,0.5174552202224731
YDL020C,YOL152W,0,0.3191247,0.13881491124629974,0.8315054774284363,0.5175552368164062
YMR041C,YGL245W,0,0.31893837,0.13879181444644928,0.8315054774284363,0.5176553130149841
YPL246C,YNL062C,0,0.31854725,0.13876871764659882,0.8315054774284363,0.5177553296089172
YNL286W,YDR291W,0,0.31827968,0.13874563574790955,0.8315054774284363,0.5178553462028503
YNL148C,YBR068C,0,0.31784427,0.13872255384922028,0.8315054774284363,0.5179553627967834
YHR185C,YCR096C,0,0.31778586,0.1386994868516922,0.8315054774284363,0.5180554389953613
YNL212W,YML064C,0,0.31761155,0.13867641985416412,0.8315054774284363,0.5181554555892944
YLR192C,YNL325C,0,0.31744424,0.13865336775779724,0.8315054774284363,0.5182554721832275
YIL056W,YGR181W,0,0.3172012,0.13863031566143036,0.8315054774284363,0.5183554887771606
YIL030C,YKL213C,0,0.31710958,0.13860727846622467,0.8315054774284363,0.5184555649757385
YKR007W,YOR147W,1,0.31690583,0.13875041902065277,0.8325024843215942,0.5184555649757385
YOL027C,YER174C,1,0.3165242,0.1388934999704361,0.8334994912147522,0.5184555649757385
YBL075C,YNL270C,0,0.31618416,0.13887043297290802,0.8334994912147522,0.5185555815696716
YNL056W,YPL023C,0,0.31603009,0.13884736597537994,0.8334994912147522,0.5186555981636047
YGR083C,YIL109C,0,0.31540275,0.13882431387901306,0.8334994912147522,0.5187556147575378
YHR194W,YHL019C,0,0.3152748,0.13880126178264618,0.8334994912147522,0.518855631351471
YDL065C,YPR137C-B,0,0.3148328,0.1387782245874405,0.8334994912147522,0.5189557075500488
YBL003C,YDR287W,0,0.3147603,0.1387551873922348,0.8334994912147522,0.5190557241439819
YMR035W,YGR224W,0,0.31437534,0.1387321650981903,0.8334994912147522,0.519155740737915
YDR372C,YJR139C,0,0.31430674,0.1387091428041458,0.8334994912147522,0.5192557573318481
YOR357C,YOR306C,0,0.31376895,0.1386861354112625,0.8334994912147522,0.519355833530426
YML047C,YKL157W,0,0.3135555,0.1386631280183792,0.8334994912147522,0.5194558501243591
YLR052W,YIL043C,0,0.312846,0.1386401355266571,0.8334994912147522,0.5195558667182922
YKR009C,YKR064W,0,0.3123339,0.138617143034935,0.8334994912147522,0.5196558833122253
YDR216W,YJL021C,0,0.31216955,0.13859416544437408,0.8334994912147522,0.5197558999061584
YGL189C,YML067C,0,0.3121154,0.13857118785381317,0.8334994912147522,0.5198559761047363
YER108C,YJR131W,0,0.31140992,0.13854822516441345,0.8334994912147522,0.5199559926986694
YIR015W,YDR027C,0,0.31116217,0.13852526247501373,0.8334994912147522,0.5200560092926025
YKR075C,YJR125C,0,0.31068766,0.1385023146867752,0.8334994912147522,0.5201560258865356
YOR009W,YDR212W,0,0.310632,0.13847938179969788,0.8334994912147522,0.5202561020851135
YHR216W,YNL036W,0,0.31059396,0.13845644891262054,0.8334994912147522,0.5203561186790466
YKL216W,YAR042W,0,0.31031376,0.1384335160255432,0.8334994912147522,0.5204561352729797
YJL159W,YAL034W-A,0,0.3097203,0.13841059803962708,0.8334994912147522,0.5205561518669128
YJR102C,YGL077C,0,0.3096385,0.13838768005371094,0.8334994912147522,0.520656168460846
YLR061W,YML081W,0,0.30956814,0.138364776968956,0.8334994912147522,0.5207562446594238
YDL135C,YPL043W,0,0.30942723,0.13834188878536224,0.8334994912147522,0.5208562612533569
YHR081W,YOL110W,0,0.309098,0.1383190006017685,0.8334994912147522,0.52095627784729
YML066C,YPR063C,0,0.30904436,0.13829611241817474,0.8334994912147522,0.5210562944412231
YDL124W,YDR115W,0,0.30899775,0.1382732391357422,0.8334994912147522,0.521156370639801
YCR037C,YLR419W,0,0.30894235,0.13825036585330963,0.8334994912147522,0.5212563872337341
YDR400W,YJL062W-A,0,0.30769607,0.13822750747203827,0.8334994912147522,0.5213564038276672
YOR343W-A,YDR188W,0,0.30768543,0.1382046639919281,0.8334994912147522,0.5214564204216003
YKL137W,YPR019W,0,0.30740833,0.13818182051181793,0.8334994912147522,0.5215564966201782
YNL293W,YPL121C,0,0.3066881,0.13815897703170776,0.8334994912147522,0.5216565132141113
YJR046W,YGR061C,0,0.30644342,0.1381361484527588,0.8334994912147522,0.5217565298080444
YGR205W,YER001W,0,0.30636284,0.138113334774971,0.8334994912147522,0.5218565464019775
YKL062W,YBR065C,0,0.30602401,0.13809052109718323,0.8334994912147522,0.5219565629959106
YMR262W,YPR166C,0,0.30571517,0.13806770741939545,0.8334994912147522,0.5220566391944885
YMR152W,YCR021C,0,0.30485672,0.13804490864276886,0.8334994912147522,0.5221566557884216
YHR021C,YOR067C,0,0.30468142,0.13802212476730347,0.8334994912147522,0.5222566723823547
YKL092C,YIL114C,0,0.30448014,0.13799934089183807,0.8334994912147522,0.5223566889762878
YOR049C,YML007W,0,0.30372918,0.13797655701637268,0.8334994912147522,0.5224567651748657
YLL036C,YMR041C,0,0.30343252,0.13795378804206848,0.8334994912147522,0.5225567817687988
YJL115W,YDL100C,0,0.30326712,0.13793103396892548,0.8334994912147522,0.5226567983627319
YBR180W,YJR145C,0,0.30308446,0.13790827989578247,0.8334994912147522,0.522756814956665
YDR117C,YDL099W,0,0.3029408,0.13788554072380066,0.8334994912147522,0.5228568315505981
YHR011W,YFR030W,0,0.30269524,0.13786280155181885,0.8334994912147522,0.522956907749176
YOR077W,YMR184W,0,0.30222142,0.13784006237983704,0.8334994912147522,0.5230569243431091
YBR079C,YPL137C,0,0.30144778,0.13781733810901642,0.8334994912147522,0.5231569409370422
YDR034C-D,YBL054W,0,0.30085367,0.137794628739357,0.8334994912147522,0.5232569575309753
YKR088C,YPL047W,0,0.30038583,0.13777191936969757,0.8334994912147522,0.5233570337295532
YGR040W,YDR325W,0,0.30036014,0.13774921000003815,0.8334994912147522,0.5234570503234863
YNR052C,YPL123C,0,0.30001324,0.1377265304327011,0.8334994912147522,0.5235570669174194
YGR170W,YJL054W,0,0.29992628,0.13770383596420288,0.8334994912147522,0.5236570835113525
YLR181C,YGL127C,0,0.29971427,0.13768115639686584,0.8334994912147522,0.5237571001052856
YLR360W,YGL093W,0,0.2996332,0.13765849173069,0.8334994912147522,0.5238571763038635
YIR036C,YOR109W,0,0.29936588,0.13763582706451416,0.8334994912147522,0.5239571928977966
YNL136W,YNL210W,0,0.2987341,0.13761316239833832,0.8334994912147522,0.5240572094917297
YDR386W,YOR088W,0,0.29833868,0.13759051263332367,0.8334994912147522,0.5241572260856628
YLR215C,YBR210W,0,0.29832137,0.13756787776947021,0.8334994912147522,0.5242573022842407
YNL136W,YMR079W,0,0.29829282,0.13754524290561676,0.8334994912147522,0.5243573188781738
YMR223W,YGR092W,0,0.29808992,0.1375226229429245,0.8334994912147522,0.5244573354721069
YOR177C,YER061C,0,0.29796574,0.13750000298023224,0.8334994912147522,0.52455735206604
YIL011W,YHL009W-A,0,0.29795524,0.13747738301753998,0.8334994912147522,0.5246573686599731
YMR009W,YBR041W,0,0.29738516,0.1374547779560089,0.8334994912147522,0.524757444858551
YNL054W-B,YBR092C,0,0.29716814,0.13743218779563904,0.8334994912147522,0.5248574614524841
YHR134W,YER075C,0,0.29711714,0.13740959763526917,0.8334994912147522,0.5249574780464172
YKL221W,YGR030C,0,0.29666254,0.13738702237606049,0.8334994912147522,0.5250574946403503
YPL144W,YCR048W,0,0.2964493,0.1373644471168518,0.8334994912147522,0.5251575708389282
YIR035C,YOR253W,0,0.29608664,0.13734187185764313,0.8334994912147522,0.5252575874328613
YER155C,YBR142W,0,0.296035,0.13731931149959564,0.8334994912147522,0.5253576040267944
YOL158C,YJL129C,1,0.29576904,0.13746099174022675,0.8344964981079102,0.5253576040267944
YOL067C,YJL063C,0,0.29566234,0.13743841648101807,0.8344964981079102,0.5254576206207275
YGR235C,YNL020C,0,0.2955414,0.13741585612297058,0.8344964981079102,0.5255576968193054
YBR218C,YJR073C,0,0.2954123,0.1373932957649231,0.8344964981079102,0.5256577134132385
YDR393W,YIL070C,0,0.29527685,0.1373707503080368,0.8344964981079102,0.5257577300071716
YGR038C-B,YBR166C,0,0.2952674,0.1373482048511505,0.8344964981079102,0.5258577466011047
YPR032W,YBL084C,0,0.29514977,0.13732567429542542,0.8344964981079102,0.5259577631950378
YNL054W-B,YER112W,0,0.29488242,0.13730314373970032,0.8344964981079102,0.5260578393936157
YBR205W,YMR121C,0,0.2936459,0.1372806280851364,0.8344964981079102,0.5261578559875488
YJL041W,YLR239C,0,0.29340583,0.1372581124305725,0.8344964981079102,0.5262578725814819
YOR035C,YLR333C,0,0.2929389,0.1372356116771698,0.8344964981079102,0.526357889175415
YMR235C,YDL056W,0,0.29255778,0.1372131109237671,0.8344964981079102,0.5264579653739929
YKL109W,YOR140W,0,0.29236192,0.13719062507152557,0.8344964981079102,0.526557981967926
YMR125W,YBR133C,0,0.29170614,0.13716813921928406,0.8344964981079102,0.5266579985618591
YLL018C-A,YNL222W,0,0.29150105,0.13714566826820374,0.8344964981079102,0.5267580151557922
YDR267C,YHL015W,0,0.2911046,0.1371231973171234,0.8344964981079102,0.5268580317497253
YGR038C-B,YOR171C,0,0.29100016,0.13710074126720428,0.8344964981079102,0.5269581079483032
YPR032W,YCL029C,0,0.29099318,0.13707828521728516,0.8344964981079102,0.5270581245422363
YMR256C,YKL016C,0,0.2907253,0.13705584406852722,0.8344964981079102,0.5271581411361694
YIL096C,YOR027W,0,0.2904658,0.1370334029197693,0.8344964981079102,0.5272581577301025
YER054C,YLR039C,0,0.2899632,0.13701096177101135,0.8344964981079102,0.5273582339286804
YBR295W,YGL035C,0,0.2898268,0.1369885504245758,0.8344964981079102,0.5274582505226135
YLR333C,YML131W,0,0.2898153,0.13696612417697906,0.8344964981079102,0.5275582671165466
YOR250C,YBL071W-A,0,0.28975883,0.13694371283054352,0.8344964981079102,0.5276582837104797
YPL106C,YGL120C,0,0.2897561,0.13692131638526917,0.8344964981079102,0.5277583003044128
YDR139C,YIR014W,0,0.28956154,0.1368989199399948,0.8344964981079102,0.5278583765029907
YJL028W,YGR286C,0,0.2895414,0.13687653839588165,0.8344964981079102,0.5279583930969238
YBR106W,YOL120C,0,0.28933966,0.1368541568517685,0.8344964981079102,0.5280584096908569
YGR106C,YMR165C,0,0.28897876,0.13683177530765533,0.8344964981079102,0.52815842628479
YKL222C,YJR013W,0,0.28882,0.13680940866470337,0.8344964981079102,0.5282585024833679
YDL014W,YLR262C,0,0.28844705,0.1367870569229126,0.8344964981079102,0.528358519077301
YLR181C,YIL087C,0,0.2876146,0.13676470518112183,0.8344964981079102,0.5284585356712341
YJL180C,YBR268W,0,0.2875244,0.13674236834049225,0.8344964981079102,0.5285585522651672
YHR150W,YPR151C,0,0.28732222,0.13672003149986267,0.8344964981079102,0.5286585688591003
YNR040W,YBL051C,0,0.28729776,0.1366976946592331,0.8344964981079102,0.5287586450576782
YCR092C,YKL138C,0,0.28723207,0.1366753727197647,0.8344964981079102,0.5288586616516113
YDR529C,YLR283W,0,0.28715265,0.13665306568145752,0.8344964981079102,0.5289586782455444
YFL052W,YKR072C,0,0.28600866,0.13663075864315033,0.8344964981079102,0.5290586948394775
YOR197W,YMR223W,0,0.28598797,0.13660845160484314,0.8344964981079102,0.5291587710380554
YFL025C,YLR052W,0,0.2857139,0.13658615946769714,0.8344964981079102,0.5292587876319885
YDL189W,YDR252W,0,0.28495896,0.13656388223171234,0.8344964981079102,0.5293588042259216
YKR050W,YHR118C,0,0.28437537,0.13654160499572754,0.8344964981079102,0.5294588208198547
YIL158W,YGL187C,0,0.28436822,0.13651932775974274,0.8344964981079102,0.5295588970184326
YHL017W,YBR298C,0,0.28426552,0.13649706542491913,0.8344964981079102,0.5296589136123657
YBR127C,YDL198C,1,0.28422928,0.1366378664970398,0.8354935050010681,0.5296589136123657
YFL025C,YHR046C,0,0.28351426,0.136615589261055,0.8354935050010681,0.5297589302062988
YDR529C,YER109C,0,0.2833287,0.1365933120250702,0.8354935050010681,0.5298589468002319
YMR125W,YER140W,0,0.28249985,0.13657104969024658,0.8354935050010681,0.529958963394165
YGL100W,YLR286C,0,0.2821086,0.13654880225658417,0.8354935050010681,0.5300590395927429
YBR200W,YDL109C,0,0.28197426,0.13652655482292175,0.8354935050010681,0.530159056186676
YBL024W,YJL090C,0,0.28167105,0.13650432229042053,0.8354935050010681,0.5302590727806091
YLR247C,YDR500C,0,0.2811783,0.1364820897579193,0.8354935050010681,0.5303590893745422
YHR098C,YEL038W,0,0.28081322,0.1364598572254181,0.8354935050010681,0.5304591655731201
YDR147W,YAL001C,0,0.28057653,0.13643763959407806,0.8354935050010681,0.5305591821670532
YLR342W,YOR344C,0,0.28034288,0.13641543686389923,0.8354935050010681,0.5306591987609863
YHR134W,YHR210C,0,0.2798367,0.1363932341337204,0.8354935050010681,0.5307592153549194
YDR312W,YDR533C,0,0.27969486,0.13637103140354156,0.8354935050010681,0.5308592319488525
YKR088C,YER030W,0,0.2796604,0.13634884357452393,0.8354935050010681,0.5309593081474304
YGR262C,YGL098W,0,0.2796142,0.13632667064666748,0.8354935050010681,0.5310593247413635
YIL052C,YGL254W,0,0.27957585,0.13630448281764984,0.8354935050010681,0.5311593413352966
YPL144W,YKL208W,0,0.27951097,0.1362823247909546,0.8354935050010681,0.5312593579292297
YOR079C,YLR023C,1,0.27929133,0.1364227682352066,0.8364905118942261,0.5312593579292297
YDL235C,YML081C-A,0,0.27877766,0.13640058040618896,0.8364905118942261,0.5313594341278076
YPL053C,YLR121C,0,0.2787154,0.13637840747833252,0.8364905118942261,0.5314594507217407
YCL030C,YFR034C,0,0.27776036,0.13635624945163727,0.8364905118942261,0.5315594673156738
YMR274C,YLR332W,0,0.27760807,0.13633409142494202,0.8364905118942261,0.5316594839096069
YOR132W,YDR025W,0,0.27753824,0.13631194829940796,0.8364905118942261,0.53175950050354
YDR170W-A,YDR464W,0,0.27716243,0.1362898051738739,0.8364905118942261,0.5318595767021179
YBR265W,YDL129W,0,0.27713263,0.13626766204833984,0.8364905118942261,0.531959593296051
YOR066W,YDR503C,0,0.27685398,0.13624553382396698,0.8364905118942261,0.5320596098899841
YLR004C,YDR162C,0,0.27635634,0.13622340559959412,0.8364905118942261,0.5321596264839172
YOL068C,YIL036W,0,0.27630323,0.13620129227638245,0.8364905118942261,0.5322597026824951
YOR332W,YBR295W,1,0.27628952,0.13634149730205536,0.837487518787384,0.5322597026824951
YLR246W,YJL168C,0,0.27624086,0.1363193839788437,0.837487518787384,0.5323597192764282
YDR151C,YDR495C,1,0.27624026,0.13645951449871063,0.838484525680542,0.5323597192764282
YLR347C,YLR121C,0,0.27617416,0.13643737137317657,0.838484525680542,0.5324597358703613
YOR087W,YLR136C,1,0.2759908,0.13657745718955994,0.8394815325737,0.5324597358703613
YGL019W,YDR182W,1,0.27584118,0.13671748340129852,0.8404785394668579,0.5324597358703613
YHR036W,YJL139C,0,0.27576357,0.13669531047344208,0.8404785394668579,0.5325597524642944
YPR095C,YNL031C,0,0.27494025,0.13667315244674683,0.8404785394668579,0.5326597690582275
YOR356W,YOL068C,0,0.274695,0.13665099442005157,0.8404785394668579,0.5327598452568054
YGL136C,YIR034C,0,0.2744431,0.13662885129451752,0.8404785394668579,0.5328598618507385
YOR103C,YLR084C,0,0.27335942,0.13660670816898346,0.8404785394668579,0.5329598784446716
YPL236C,YOR030W,0,0.2731709,0.1365845799446106,0.8404785394668579,0.5330598950386047
YPR148C,YJR110W,0,0.2731579,0.13656245172023773,0.8404785394668579,0.5331599712371826
YHR196W,YLR288C,0,0.27311394,0.13654032349586487,0.8404785394668579,0.5332599878311157
YGR033C,YDR011W,0,0.2730567,0.1365182250738144,0.8404785394668579,0.5333600044250488
YIL066C,YPR096C,0,0.27272546,0.13649611175060272,0.8404785394668579,0.5334600210189819
YOL130W,YPR128C,0,0.2724064,0.13647401332855225,0.8404785394668579,0.5335600972175598
YHR099W,YOR010C,0,0.27220464,0.13645192980766296,0.8404785394668579,0.5336601138114929
YOL031C,YKL198C,0,0.27216518,0.13642984628677368,0.8404785394668579,0.533760130405426
YML047C,YML010W,0,0.2721052,0.1364077627658844,0.8404785394668579,0.5338601469993591
YPL173W,YLR098C,0,0.27208406,0.1363856941461563,0.8404785394668579,0.5339601635932922
YPL212C,YOL156W,0,0.2718792,0.13636364042758942,0.8404785394668579,0.5340602397918701
YLR347C,YNL317W,0,0.2709937,0.13634158670902252,0.8404785394668579,0.5341602563858032
YKR048C,YPL055C,0,0.27088988,0.13631953299045563,0.8404785394668579,0.5342602729797363
YBL024W,YOR328W,0,0.27067333,0.13629749417304993,0.8404785394668579,0.5343602895736694
YDR513W,YDR320C-A,0,0.2704532,0.13627545535564423,0.8404785394668579,0.5344603657722473
YBL045C,YOL115W,0,0.27012962,0.13625343143939972,0.8404785394668579,0.5345603823661804
YOR269W,YER183C,0,0.26959822,0.1362314224243164,0.8404785394668579,0.5346603989601135
YMR318C,YBL088C,0,0.26942647,0.1362093985080719,0.8404785394668579,0.5347604155540466
YJL041W,YDR261W-B,0,0.26915,0.13618740439414978,0.8404785394668579,0.5348604321479797
YKL209C,YER170W,0,0.26912138,0.13616539537906647,0.8404785394668579,0.5349605083465576
YKL008C,YMR288W,0,0.26886225,0.13614341616630554,0.8404785394668579,0.5350605249404907
YBR265W,YER148W,0,0.26787484,0.13612142205238342,0.8404785394668579,0.5351605415344238
YDL124W,YKL045W,0,0.26731902,0.1360994577407837,0.8404785394668579,0.5352605581283569
YKR090W,YGR279C,0,0.2673084,0.13607747852802277,0.8404785394668579,0.5353606343269348
YKL040C,YMR134W,1,0.26725748,0.1362169086933136,0.8414755463600159,0.5353606343269348
YDR348C,YJL170C,0,0.26667637,0.13619492948055267,0.8414755463600159,0.5354606509208679
YPL103C,YAL007C,0,0.26654765,0.13617296516895294,0.8414755463600159,0.535560667514801
YCR106W,YNL077W,0,0.26645315,0.13615098595619202,0.8414755463600159,0.5356606841087341
YNL300W,YAR050W,0,0.2664099,0.13612903654575348,0.8414755463600159,0.5357607007026672
YMR017W,YLR223C,0,0.26603186,0.13610707223415375,0.8414755463600159,0.5358607769012451
YOR022C,YGL250W,0,0.2657132,0.1360851377248764,0.8414755463600159,0.5359607934951782
YDR490C,YGR027W-A,0,0.2653549,0.13606318831443787,0.8414755463600159,0.5360608100891113
YPR025C,YDR397C,0,0.26524696,0.13604126870632172,0.8414755463600159,0.5361608266830444
YMR171C,YEL039C,0,0.26487988,0.13601933419704437,0.8414755463600159,0.5362609028816223
YPL018W,YIL010W,0,0.2647494,0.13599741458892822,0.8414755463600159,0.5363609194755554
YML046W,YDL104C,0,0.26462978,0.13597550988197327,0.8414755463600159,0.5364609360694885
YDR400W,YBR217W,0,0.2645272,0.1359536051750183,0.8414755463600159,0.5365609526634216
YGR098C,YLR207W,0,0.2641099,0.13593171536922455,0.8414755463600159,0.5366609692573547
YMR275C,YHR067W,0,0.26391214,0.1359098255634308,0.8414755463600159,0.5367610454559326
YMR014W,YOR371C,0,0.26336876,0.13588793575763702,0.8414755463600159,0.5368610620498657
YNL240C,YOR273C,0,0.2630281,0.13586606085300446,0.8414755463600159,0.5369610786437988
YKL058W,YJL059W,0,0.2629918,0.13584420084953308,0.8414755463600159,0.5370610952377319
YOR173W,YDR315C,0,0.2626282,0.1358223408460617,0.8414755463600159,0.5371611714363098
YLR306W,YPL228W,0,0.2625696,0.13580048084259033,0.8414755463600159,0.5372611880302429
YIL073C,YNL310C,0,0.26235178,0.13577863574028015,0.8414755463600159,0.537361204624176
YPL060C-A,YFR044C,0,0.26210135,0.13575679063796997,0.8414755463600159,0.5374612212181091
YMR314W,YDR437W,0,0.2614746,0.13573496043682098,0.8414755463600159,0.537561297416687
YOR079C,YKL185W,0,0.26087394,0.135713130235672,0.8414755463600159,0.5376613140106201
YDR267C,YNL206C,0,0.2605308,0.1356913149356842,0.8414755463600159,0.5377613306045532
YPL068C,YCR073C,0,0.26007733,0.1356694996356964,0.8414755463600159,0.5378613471984863
YER119C,YGL185C,0,0.25994527,0.1356476992368698,0.8414755463600159,0.5379613637924194
YKL024C,YKL191W,0,0.25983262,0.1356258988380432,0.8414755463600159,0.5380614399909973
YFR027W,YPL047W,0,0.25970888,0.1356041133403778,0.8414755463600159,0.5381614565849304
YOR298C-A,YPL075W,0,0.25923634,0.1355823278427124,0.8414755463600159,0.5382614731788635
YML031W,YJL207C,0,0.2591872,0.1355605572462082,0.8414755463600159,0.5383614897727966
YDR004W,YLR382C,0,0.25906447,0.13553878664970398,0.8414755463600159,0.5384615659713745
YPL005W,YPL033C,0,0.25887415,0.13551701605319977,0.8414755463600159,0.5385615825653076
YLR369W,YHR194W,1,0.25886238,0.13565580546855927,0.8424725532531738,0.5385615825653076
YJL159W,YJR131W,0,0.2585562,0.13563403487205505,0.8424725532531738,0.5386615991592407
YBR084C-A,YNL176C,0,0.2581279,0.13561226427555084,0.8424725532531738,0.5387616157531738
YNL039W,YPL256C,0,0.25803208,0.13559049367904663,0.8424725532531738,0.5388616323471069
YNL047C,YPL009C,0,0.2576916,0.1355687528848648,0.8424725532531738,0.5389617085456848
YKL125W,YIL124W,0,0.25716943,0.1355469971895218,0.8424725532531738,0.5390617251396179
YJL020C,YDL010W,0,0.2568027,0.13552525639533997,0.8424725532531738,0.539161741733551
YKR097W,YLR172C,0,0.2567135,0.13550353050231934,0.8424725532531738,0.5392617583274841
YJR086W,YMR017W,0,0.25660217,0.1354818046092987,0.8424725532531738,0.539361834526062
YPR151C,YOR189W,0,0.25576776,0.13546007871627808,0.8424725532531738,0.5394618511199951
YBR114W,YML011C,0,0.25572318,0.13543836772441864,0.8424725532531738,0.5395618677139282
YPR133C,YDL185W,0,0.25569886,0.1354166716337204,0.8424725532531738,0.5396618843078613
YIL155C,YDR380W,0,0.25560564,0.13539497554302216,0.8424725532531738,0.5397619009017944
YPL103C,YHL004W,0,0.25516734,0.1353732794523239,0.8424725532531738,0.5398619771003723
YBR132C,YOR197W,0,0.25483698,0.13535159826278687,0.8424725532531738,0.5399619936943054
YGL049C,YIL114C,0,0.25425953,0.13532991707324982,0.8424725532531738,0.5400620102882385
YJL097W,YLR423C,0,0.25419435,0.13530825078487396,0.8424725532531738,0.5401620268821716
YFL005W,YER157W,0,0.2535466,0.1352865844964981,0.8424725532531738,0.5402621030807495
YIL154C,YHL009W-B,0,0.25345474,0.13526493310928345,0.8424725532531738,0.5403621196746826
YDL231C,YEL021W,0,0.25337696,0.1352432817220688,0.8424725532531738,0.5404621362686157
YER082C,YKL002W,0,0.25333825,0.13522163033485413,0.8424725532531738,0.5405621528625488
YOL007C,YDR261W-B,0,0.25306857,0.13519999384880066,0.8424725532531738,0.5406621694564819
YOR316C,YDR363W,0,0.25254264,0.1351783722639084,0.8424725532531738,0.5407622456550598
YKL006C-A,YDR085C,0,0.25234658,0.1351567506790161,0.8424725532531738,0.5408622622489929
YIR034C,YJL010C,0,0.25204325,0.13513512909412384,0.8424725532531738,0.540962278842926
YDR483W,YLR427W,0,0.25192726,0.13511352241039276,0.8424725532531738,0.5410622954368591
YGR057C,YIL072W,0,0.251804,0.13509193062782288,0.8424725532531738,0.541162371635437
YDR135C,YML014W,0,0.25176185,0.135070338845253,0.8424725532531738,0.5412623882293701
YOL128C,YJL097W,0,0.25172925,0.1350487470626831,0.8424725532531738,0.5413624048233032
YIL147C,YOL147C,0,0.2515767,0.13502717018127441,0.8424725532531738,0.5414624214172363
YDR506C,YDR289C,0,0.25150317,0.13500559329986572,0.8424725532531738,0.5415624976158142
YBL017C,YDR420W,0,0.25123817,0.13498403131961823,0.8424725532531738,0.5416625142097473
YOL012C,YEL054C,0,0.25120133,0.13496246933937073,0.8424725532531738,0.5417625308036804
YNR070W,YNL001W,0,0.25080758,0.13494090735912323,0.8424725532531738,0.5418625473976135
YOR332W,YJL129C,1,0.2507417,0.1350790411233902,0.8434696197509766,0.5418625473976135
YHR003C,YGL243W,0,0.25041935,0.1350574642419815,0.8434696197509766,0.5419625639915466
YGL184C,YNL045W,0,0.25021443,0.1350359171628952,0.8434696197509766,0.5420626401901245
YPL075W,YGR013W,0,0.25010896,0.1350143700838089,0.8434696197509766,0.5421626567840576
YGR109W-A,YNL113W,0,0.25009495,0.1349928230047226,0.8434696197509766,0.5422626733779907
YLR336C,YML046W,0,0.24995577,0.1349712759256363,0.8434696197509766,0.5423626899719238
YGR247W,YDL100C,0,0.24990499,0.13494975864887238,0.8434696197509766,0.5424627661705017
YJR054W,YNR039C,0,0.24983162,0.13492822647094727,0.8434696197509766,0.5425627827644348
YML124C,YBL006C,0,0.24968308,0.13490670919418335,0.8434696197509766,0.5426627993583679
YKL154W,YFL037W,0,0.24960464,0.13488520681858063,0.8434696197509766,0.542762815952301
YKL040C,YML006C,1,0.2493127,0.1350231170654297,0.8444666266441345,0.542762815952301
YNR075W,YLR201C,0,0.2492171,0.13500159978866577,0.8444666266441345,0.5428628325462341
YNL119W,YDR495C,0,0.24914438,0.13498008251190186,0.8444666266441345,0.542962908744812
YPL016W,YDR002W,0,0.24910271,0.13495856523513794,0.8444666266441345,0.5430629253387451
YCL040W,YPL029W,0,0.24907517,0.1349370777606964,0.8444666266441345,0.5431629419326782
YLR126C,YOR061W,1,0.24868584,0.13507486879825592,0.8454636335372925,0.5431629419326782
YMR094W,YOR343W-A,0,0.24826068,0.135053351521492,0.8454636335372925,0.5432629585266113
YBL007C,YOL031C,0,0.24808627,0.13503184914588928,0.8454636335372925,0.5433630347251892
YDR495C,YNL317W,0,0.24802083,0.13501034677028656,0.8454636335372925,0.5434630513191223
YOL127W,YGL144C,0,0.24771863,0.13498885929584503,0.8454636335372925,0.5435630679130554
YNL259C,YJL059W,1,0.24759018,0.135126531124115,0.8464606404304504,0.5435630679130554
YFR025C,YHL009W-A,0,0.24705917,0.13510502874851227,0.8464606404304504,0.5436630845069885
YPR095C,YAL044C,0,0.2462275,0.13508352637290955,0.8464606404304504,0.5437631011009216
YFL044C,YER143W,0,0.24618796,0.13506203889846802,0.8464606404304504,0.5438631772994995
YNL136W,YPR042C,0,0.2460753,0.13504056632518768,0.8464606404304504,0.5439631938934326
YKL081W,YOR080W,0,0.245926,0.13501907885074615,0.8464606404304504,0.5440632104873657
YGR003W,YNL115C,0,0.2457068,0.13499762117862701,0.8464606404304504,0.5441632270812988
YGR057C,YBL007C,0,0.24564528,0.13497614860534668,0.8464606404304504,0.5442633032798767
YMR293C,YPR169W,0,0.24550271,0.13495469093322754,0.8464606404304504,0.5443633198738098
YHR161C,YOR058C,0,0.24531204,0.1349332481622696,0.8464606404304504,0.5444633364677429
YMR285C,YBR301W,0,0.24509227,0.13491180539131165,0.8464606404304504,0.544563353061676
YLR022C,YER094C,0,0.24468714,0.1348903775215149,0.8464606404304504,0.5446633696556091
YDR017C,YGR133W,0,0.24329108,0.13486894965171814,0.8464606404304504,0.544763445854187
YGL167C,YER114C,0,0.24328282,0.1348475217819214,0.8464606404304504,0.5448634624481201
YCL050C,YGL090W,0,0.24274763,0.13482610881328583,0.8464606404304504,0.5449634790420532
YKR010C,YHR147C,0,0.24245265,0.13480469584465027,0.8464606404304504,0.5450634956359863
YFL061W,YPL092W,0,0.24232185,0.1347832977771759,0.8464606404304504,0.5451635718345642
YNR070W,YNL003C,0,0.24214217,0.13476189970970154,0.8464606404304504,0.5452635884284973
YDR523C,YFL025C,0,0.24210027,0.13474051654338837,0.8464606404304504,0.5453636050224304
YIL144W,YBR058C,0,0.24188533,0.1347191333770752,0.8464606404304504,0.5454636216163635
YJR025C,YIL114C,0,0.24186671,0.13469776511192322,0.8464606404304504,0.5455636978149414
YOR328W,YGL155W,0,0.24163222,0.13467639684677124,0.8464606404304504,0.5456637144088745
YGR129W,YNL139C,0,0.24130052,0.13465502858161926,0.8464606404304504,0.5457637310028076
YDR515W,YJL165C,1,0.24125087,0.1347922682762146,0.8474576473236084,0.5457637310028076
YMR050C,YDR379W,0,0.24123138,0.13477088510990143,0.8474576473236084,0.5458637475967407
YIL072W,YDR477W,0,0.2405616,0.13474953174591064,0.8474576473236084,0.5459637641906738
YLR369W,YDR108W,0,0.24037233,0.13472816348075867,0.8474576473236084,0.5460638403892517
YDL004W,YML081W,0,0.24023,0.13470681011676788,0.8474576473236084,0.5461638569831848
YGL173C,YER139C,0,0.24001631,0.1346854716539383,0.8474576473236084,0.5462638735771179
YDL100C,YHR194W,1,0.23984742,0.1348225623369217,0.8484546542167664,0.5462638735771179
YHR158C,YGR058W,0,0.23978102,0.1348012089729309,0.8484546542167664,0.546363890171051
YDR166C,YDR421W,0,0.2392363,0.13477985560894012,0.8484546542167664,0.5464639663696289
YPL132W,YGR162W,0,0.23861694,0.13475851714611053,0.8484546542167664,0.546563982963562
YJR076C,YIR009W,0,0.23796001,0.13473717868328094,0.8484546542167664,0.5466639995574951
YDR393W,YMR322C,0,0.23783043,0.13471584022045135,0.8484546542167664,0.5467640161514282
YHR204W,YHL009W-B,0,0.23776352,0.13469451665878296,0.8484546542167664,0.5468640327453613
YJR065C,YIL103W,0,0.23726737,0.13467320799827576,0.8484546542167664,0.5469641089439392
YHR154W,YBR164C,0,0.23711777,0.13465189933776855,0.8484546542167664,0.5470641255378723
YHR129C,YDR501W,0,0.23702508,0.13463059067726135,0.8484546542167664,0.5471641421318054
YDR107C,YDR100W,0,0.23684621,0.13460929691791534,0.8484546542167664,0.5472641587257385
YOL077W-A,YNL139C,0,0.23681945,0.13458801805973053,0.8484546542167664,0.5473642349243164
YMR134W,YHR172W,0,0.23667318,0.13456672430038452,0.8484546542167664,0.5474642515182495
YDL025C,YMR040W,0,0.23652565,0.1345454603433609,0.8484546542167664,0.5475642681121826
YHR094C,YPL220W,0,0.23631757,0.1345241814851761,0.8484546542167664,0.5476642847061157
YIL144W,YDR316W-A,0,0.2360549,0.13450291752815247,0.8484546542167664,0.5477643013000488
YDR113C,YJR094W-A,0,0.23549175,0.13448166847229004,0.8484546542167664,0.5478643774986267
YPL143W,YBL020W,0,0.23537204,0.1344604194164276,0.8484546542167664,0.5479643940925598
YLR442C,YKL025C,0,0.23493806,0.13443918526172638,0.8484546542167664,0.5480644106864929
YOR221C,YJL078C,0,0.2349264,0.13441793620586395,0.8484546542167664,0.548164427280426
YKL040C,YJL059W,1,0.23473874,0.1345546394586563,0.8494516611099243,0.548164427280426
YKL132C,YGR004W,0,0.23462519,0.13453339040279388,0.8494516611099243,0.5482645034790039
YLR466W,YPR102C,0,0.23447794,0.13451215624809265,0.8494516611099243,0.548364520072937
YJL052W,YLR200W,0,0.23406494,0.13449092209339142,0.8494516611099243,0.5484645366668701
YDR093W,YGR048W,0,0.23397452,0.13446970283985138,0.8494516611099243,0.5485645532608032
YLR044C,YOR116C,0,0.23377067,0.13444848358631134,0.8494516611099243,0.5486645698547363
YIL052C,YPR180W,0,0.23370647,0.1344272643327713,0.8494516611099243,0.5487646460533142
YNL166C,YGR024C,0,0.2336205,0.13440605998039246,0.8494516611099243,0.5488646626472473
YKL141W,YLR233C,0,0.23349428,0.1343848556280136,0.8494516611099243,0.5489646792411804
YNL316C,YOR306C,0,0.23338932,0.13436366617679596,0.8494516611099243,0.5490646958351135
YDR468C,YDL082W,0,0.2332294,0.1343424767255783,0.8494516611099243,0.5491647720336914
YKL048C,YNL189W,0,0.23306707,0.13432130217552185,0.8494516611099243,0.5492647886276245
YJL020C,YCL061C,0,0.23289919,0.1343001276254654,0.8494516611099243,0.5493648052215576
YNL119W,YBR171W,0,0.2327117,0.13427895307540894,0.8494516611099243,0.5494648218154907
YDR170W-A,YCL059C,0,0.23247674,0.13425779342651367,0.8494516611099243,0.5495648980140686
YJL106W,YNL177C,0,0.23229605,0.1342366486787796,0.8494516611099243,0.5496649146080017
YER118C,YJL216C,0,0.2322709,0.13421550393104553,0.8494516611099243,0.5497649312019348
YLR372W,YBR018C,0,0.231969,0.13419435918331146,0.8494516611099243,0.5498649477958679
YDL085W,YCR107W,0,0.23167163,0.1341732293367386,0.8494516611099243,0.549964964389801
YGL205W,YOL007C,0,0.23144802,0.1341520994901657,0.8494516611099243,0.5500650405883789
YLR260W,YNL270C,0,0.23090339,0.13413098454475403,0.8494516611099243,0.550165057182312
YGR295C,YGL137W,0,0.23023245,0.13410986959934235,0.8494516611099243,0.5502650737762451
YLR192C,YGL100W,0,0.23013562,0.13408876955509186,0.8494516611099243,0.5503650903701782
YPL031C,YIL027C,0,0.2300793,0.13406766951084137,0.8494516611099243,0.5504651665687561
YNL099C,YMR234W,0,0.2300528,0.13404656946659088,0.8494516611099243,0.5505651831626892
YDR349C,YBR193C,0,0.23001117,0.1340254843235016,0.8494516611099243,0.5506651997566223
YKR080W,YPL029W,0,0.22970271,0.1340043991804123,0.8494516611099243,0.5507652163505554
YLR371W,YMR263W,0,0.22958228,0.1339833289384842,0.8494516611099243,0.5508652329444885
YHL040C,YGR249W,0,0.22911352,0.1339622586965561,0.8494516611099243,0.5509653091430664
YDL007W,YLR388W,0,0.22858202,0.13394120335578918,0.8494516611099243,0.5510653257369995
YLR376C,YAR066W,0,0.22845599,0.13392014801502228,0.8494516611099243,0.5511653423309326
YAL053W,YDR019C,0,0.22845092,0.13389910757541656,0.8494516611099243,0.5512653589248657
YPR009W,YDR219C,0,0.22829378,0.13387806713581085,0.8494516611099243,0.5513654351234436
YJL111W,YCL050C,0,0.22807267,0.13385702669620514,0.8494516611099243,0.5514654517173767
YPL031C,YMR153W,0,0.22799686,0.13383600115776062,0.8494516611099243,0.5515654683113098
YPL254W,YDR421W,0,0.2277509,0.1338149905204773,0.8494516611099243,0.5516654849052429
YDR169C,YOL001W,0,0.22714794,0.13379396498203278,0.8494516611099243,0.551765501499176
YBR101C,YDR280W,0,0.22702879,0.13377296924591064,0.8494516611099243,0.5518655776977539
YBL100W-B,YGR161C-C,0,0.22695106,0.13375195860862732,0.8494516611099243,0.551965594291687
YBR057C,YLR106C,0,0.22678697,0.1337309628725052,0.8494516611099243,0.5520656108856201
YPL212C,YML038C,0,0.22655147,0.13370998203754425,0.8494516611099243,0.5521656274795532
YBR058C-A,YDL129W,0,0.22648954,0.1336890012025833,0.8494516611099243,0.5522657036781311
YOL018C,YOR156C,0,0.2261261,0.13366802036762238,0.8494516611099243,0.5523657202720642
YER140W,YDL082W,0,0.22605622,0.13364705443382263,0.8494516611099243,0.5524657368659973
YDR217C,YDR320C,0,0.22563764,0.13362610340118408,0.8494516611099243,0.5525657534599304
YLR466W,YMR204C,0,0.22544813,0.13360513746738434,0.8494516611099243,0.5526657700538635
YKL178C,YDR471W,0,0.22500807,0.13358420133590698,0.8494516611099243,0.5527658462524414
YGR038C-B,YPR121W,0,0.22492814,0.13356325030326843,0.8494516611099243,0.5528658628463745
YER096W,YJR060W,0,0.22468114,0.13354231417179108,0.8494516611099243,0.5529658794403076
YMR275C,YLR052W,0,0.22440863,0.13352139294147491,0.8494516611099243,0.5530658960342407
YMR211W,YPL066W,0,0.22410667,0.13350047171115875,0.8494516611099243,0.5531659722328186
YGR038C-B,YDR052C,0,0.22401595,0.1334795504808426,0.8494516611099243,0.5532659888267517
YBR298C,YJL010C,0,0.2238127,0.13345864415168762,0.8494516611099243,0.5533660054206848
YER007C-A,YMR113W,0,0.2229503,0.13343773782253265,0.8494516611099243,0.5534660220146179
YMR094W,YPL060C-A,0,0.2229468,0.13341684639453888,0.8494516611099243,0.5535660982131958
YOR196C,YKL191W,0,0.22270592,0.1333959549665451,0.8494516611099243,0.5536661148071289
YBR039W,YMR262W,0,0.22180355,0.13337507843971252,0.8494516611099243,0.553766131401062
YGL150C,YER015W,0,0.22159226,0.13335420191287994,0.8494516611099243,0.5538661479949951
YLL015W,YKL084W,0,0.22145967,0.13333334028720856,0.8494516611099243,0.5539661645889282
YAL005C,YPR201W,0,0.22120377,0.13331246376037598,0.8494516611099243,0.5540662407875061
YJL110C,YJR017C,0,0.2210916,0.13329161703586578,0.8494516611099243,0.5541662573814392
YKL198C,YJL046W,0,0.22027388,0.1332707703113556,0.8494516611099243,0.5542662739753723
YPL059W,YIR033W,0,0.21939966,0.1332499235868454,0.8494516611099243,0.5543662905693054
YBR142W,YPL133C,0,0.21912013,0.1332290917634964,0.8494516611099243,0.5544663667678833
YOR256C,YFL056C,0,0.218678,0.1332082599401474,0.8494516611099243,0.5545663833618164
YBR085W,YLR382C,0,0.21861929,0.1331874281167984,0.8494516611099243,0.5546663999557495
YPR058W,YDL136W,0,0.21858387,0.1331666111946106,0.8494516611099243,0.5547664165496826
YHR193C,YML091C,0,0.21854039,0.13314580917358398,0.8494516611099243,0.5548664331436157
YLR052W,YGL116W,0,0.21843599,0.13312500715255737,0.8494516611099243,0.5549665093421936
YHR014W,YIL004C,0,0.21840726,0.13310420513153076,0.8494516611099243,0.5550665259361267
YGR075C,YBL071W-A,0,0.21821852,0.13308341801166534,0.8494516611099243,0.5551665425300598
YHR154W,YMR201C,0,0.21811444,0.13306263089179993,0.8494516611099243,0.5552665591239929
YDL193W,YOR371C,0,0.21783689,0.1330418437719345,0.8494516611099243,0.5553666353225708
YDR116C,YHR118C,0,0.21747555,0.13302107155323029,0.8494516611099243,0.5554666519165039
YLR127C,YNR071C,0,0.21740064,0.13300031423568726,0.8494516611099243,0.555566668510437
YMR204C,YJR135W-A,0,0.21721326,0.13297955691814423,0.8494516611099243,0.5556666851043701
YGR161W-A,YER126C,0,0.21710971,0.1329587996006012,0.8494516611099243,0.5557667016983032
YGR170W,YER020W,0,0.21710831,0.13293805718421936,0.8494516611099243,0.5558667778968811
YDL087C,YOR144C,0,0.21688811,0.13291731476783752,0.8494516611099243,0.5559667944908142
YDR348C,YML027W,0,0.21616463,0.13289658725261688,0.8494516611099243,0.5560668110847473
YAR003W,YKL110C,0,0.21615785,0.13287585973739624,0.8494516611099243,0.5561668276786804
YMR216C,YMR054W,1,0.21594322,0.1330110728740692,0.8504486680030823,0.5561668276786804
YPR166C,YAL015C,0,0.21587135,0.13299033045768738,0.8504486680030823,0.5562669038772583
YJL021C,YOR037W,0,0.21580705,0.13296960294246674,0.8504486680030823,0.5563669204711914
YDR242W,YGR244C,0,0.21565607,0.1329488754272461,0.8504486680030823,0.5564669370651245
YLR047C,YPL135W,1,0.21499011,0.1330839991569519,0.8514456748962402,0.5564669370651245
YLL023C,YPL029W,0,0.21493286,0.13306325674057007,0.8514456748962402,0.5565669536590576
YDR447C,YHR101C,0,0.21452993,0.13304252922534943,0.8514456748962402,0.5566670298576355
YLL014W,YLR360W,0,0.21450017,0.13302180171012878,0.8514456748962402,0.5567670464515686
YML001W,YGL012W,0,0.21439487,0.13300108909606934,0.8514456748962402,0.5568670630455017
YDL106C,YML009C,0,0.21433853,0.1329803764820099,0.8514456748962402,0.5569670796394348
YJL092W,YPR034W,0,0.21349142,0.13295967876911163,0.8514456748962402,0.5570670962333679
YCL040W,YBR030W,0,0.21342674,0.13293898105621338,0.8514456748962402,0.5571671724319458
YOR017W,YKR067W,0,0.21332344,0.13291828334331512,0.8514456748962402,0.5572671890258789
YPL009C,YKL173W,0,0.21330093,0.13289760053157806,0.8514456748962402,0.557367205619812
YMR282C,YDR060W,0,0.21294208,0.1328769326210022,0.8514456748962402,0.5574672222137451
YDR017C,YDR437W,0,0.2128494,0.13285624980926514,0.8514456748962402,0.557567298412323
YHL036W,YPR184W,0,0.21225445,0.13283558189868927,0.8514456748962402,0.5576673150062561
YDR031W,YBR045C,0,0.2122283,0.1328149288892746,0.8514456748962402,0.5577673316001892
YMR101C,YNR056C,0,0.21116328,0.13279427587985992,0.8514456748962402,0.5578673481941223
YNL059C,YJL173C,0,0.21112043,0.13277363777160645,0.8514456748962402,0.5579673647880554
YOR335C,YPL072W,0,0.21104926,0.13275299966335297,0.8514456748962402,0.5580674409866333
YDR210W-B,YBL005W-A,0,0.21079898,0.1327323615550995,0.8514456748962402,0.5581674575805664
YHR076W,YDL115C,0,0.21048917,0.1327117383480072,0.8514456748962402,0.5582674741744995
YBR091C,YCL026C-A,0,0.2099598,0.13269111514091492,0.8514456748962402,0.5583674907684326
YPL084W,YOR391C,0,0.20931587,0.13267049193382263,0.8514456748962402,0.5584675669670105
YLL052C,YGR109W-A,0,0.2091974,0.13264989852905273,0.8514456748962402,0.5585675835609436
YER069W,YHR117W,0,0.20907588,0.13262929022312164,0.8514456748962402,0.5586676001548767
YBR248C,YNL086W,0,0.20895296,0.13260869681835175,0.8514456748962402,0.5587676167488098
YHR172W,YDR200C,0,0.20870224,0.13258810341358185,0.8514456748962402,0.5588676333427429
YNL212W,YOL097C,0,0.20866992,0.13256752490997314,0.8514456748962402,0.5589677095413208
YNL053W,YHR214C-C,0,0.2084654,0.13254694640636444,0.8514456748962402,0.5590677261352539
YGL119W,YJL047C,0,0.20828676,0.13252638280391693,0.8514456748962402,0.559167742729187
YGL196W,YJR135C,0,0.20822616,0.13250581920146942,0.8514456748962402,0.5592677593231201
YKL193C,YPR131C,0,0.20806137,0.1324852555990219,0.8514456748962402,0.559367835521698
YPL179W,YJL026W,0,0.20798948,0.1324647068977356,0.8514456748962402,0.5594678521156311
YGL205W,YGR174C,0,0.20795165,0.13244417309761047,0.8514456748962402,0.5595678687095642
YMR162C,YOR335C,0,0.20779656,0.13242362439632416,0.8514456748962402,0.5596678853034973
YBR254C,YLR284C,0,0.2077313,0.13240310549736023,0.8514456748962402,0.5597679018974304
YPR066W,YNL310C,0,0.2076306,0.1323825716972351,0.8514456748962402,0.5598679780960083
YDR495C,YMR234W,0,0.20752643,0.13236205279827118,0.8514456748962402,0.5599679946899414
YKL089W,YLR052W,0,0.2072641,0.13234154880046844,0.8514456748962402,0.5600680112838745
YOR191W,YDR197W,0,0.20721474,0.1323210448026657,0.8514456748962402,0.5601680278778076
YKL069W,YDR265W,0,0.20700625,0.13230054080486298,0.8514456748962402,0.5602681040763855
YKL028W,YLL048C,0,0.20687112,0.13228005170822144,0.8514456748962402,0.5603681206703186
YNR032C-A,YHR197W,0,0.20673394,0.1322595626115799,0.8514456748962402,0.5604681372642517
YDR234W,YBL006C,0,0.20670176,0.13223908841609955,0.8514456748962402,0.5605681538581848
YKR060W,YBL056W,0,0.20655295,0.1322186142206192,0.8514456748962402,0.5606682300567627
YLR227W-A,YER167W,0,0.20626946,0.13219814002513885,0.8514456748962402,0.5607682466506958
YOR067C,YGL111W,0,0.2060118,0.1321776807308197,0.8514456748962402,0.5608682632446289
YOL016C,YKR077W,0,0.20526513,0.13215722143650055,0.8514456748962402,0.560968279838562
YDR034C-D,YNL152W,0,0.20513298,0.1321367770433426,0.8514456748962402,0.5610682964324951
YFL055W,YHR033W,0,0.20444407,0.13211633265018463,0.8514456748962402,0.561168372631073
YBR290W,YLR262C,0,0.2044025,0.13209590315818787,0.8514456748962402,0.5612683892250061
YPL004C,YBR018C,0,0.20438382,0.1320754736661911,0.8514456748962402,0.5613684058189392
YJL153C,YHR134W,0,0.20342326,0.13205504417419434,0.8514456748962402,0.5614684224128723
YGR054W,YJR001W,0,0.20339301,0.13203462958335876,0.8514456748962402,0.5615684986114502
YDL200C,YGR096W,0,0.20305932,0.1320142149925232,0.8514456748962402,0.5616685152053833
YCR068W,YKR089C,0,0.20296238,0.13199381530284882,0.8514456748962402,0.5617685317993164
YJL033W,YKL087C,0,0.20285422,0.13197341561317444,0.8514456748962402,0.5618685483932495
YOR077W,YDR022C,0,0.20275491,0.13195303082466125,0.8514456748962402,0.5619685649871826
YGL128C,YOR144C,0,0.20271862,0.13193264603614807,0.8514456748962402,0.5620686411857605
YBR003W,YLR356W,0,0.20252092,0.1319122612476349,0.8514456748962402,0.5621686577796936
YOR048C,YHR123W,0,0.2024142,0.1318918913602829,0.8514456748962402,0.5622686743736267
YGR096W,YMR199W,0,0.20199928,0.1318715214729309,0.8514456748962402,0.5623686909675598
YDR077W,YHR147C,0,0.2016285,0.1318511664867401,0.8514456748962402,0.5624687671661377
YER041W,YPL281C,0,0.20144674,0.13183081150054932,0.8514456748962402,0.5625687837600708
YDL100C,YBR188C,0,0.20142406,0.13181047141551971,0.8514456748962402,0.5626688003540039
YOL146W,YDR320C-A,0,0.20108387,0.13179011642932892,0.8514456748962402,0.562768816947937
YBR186W,YIL097W,0,0.20108226,0.1317697912454605,0.8514456748962402,0.5628688335418701
YLR393W,YDR052C,0,0.20093313,0.1317494660615921,0.8514456748962402,0.562968909740448
YGR129W,YBR012W-A,0,0.20093009,0.1317291408777237,0.8514456748962402,0.5630689263343811
YLR014C,YMR119W,0,0.20039585,0.13170881569385529,0.8514456748962402,0.5631689429283142
YDR490C,YGL038C,0,0.20018013,0.13168850541114807,0.8514456748962402,0.5632689595222473
YKR086W,YJL173C,0,0.2001599,0.13166821002960205,0.8514456748962402,0.5633690357208252
YMR302C,YMR237W,0,0.19970885,0.13164791464805603,0.8514456748962402,0.5634690523147583
YDR422C,YKL059C,0,0.19967641,0.13162761926651,0.8514456748962402,0.5635690689086914
YBR130C,YAR008W,0,0.19898097,0.13160733878612518,0.8514456748962402,0.5636690855026245
YGR116W,YIL056W,0,0.19886044,0.13158705830574036,0.8514456748962402,0.5637691020965576
YDL100C,YOR147W,1,0.19845387,0.13172084093093872,0.8524426817893982,0.5637691020965576
YHR072W-A,YGR284C,0,0.19841915,0.1317005604505539,0.8524426817893982,0.5638691782951355
YOL069W,YAL059W,0,0.19821393,0.13168026506900787,0.8524426817893982,0.5639691948890686
YGL059W,YKR081C,0,0.19816568,0.13165999948978424,0.8524426817893982,0.5640692114830017
YDL033C,YPL040C,0,0.19803125,0.13163971900939941,0.8524426817893982,0.5641692280769348
YBL078C,YPR175W,0,0.19789872,0.13161945343017578,0.8524426817893982,0.5642693042755127
YPR066W,YKL079W,0,0.19776118,0.13159920275211334,0.8524426817893982,0.5643693208694458
YGR263C,YNL146W,0,0.19728485,0.1315789520740509,0.8524426817893982,0.5644693374633789
YDR483W,YGR140W,0,0.19692695,0.13155870139598846,0.8524426817893982,0.564569354057312
YOL091W,YDR168W,0,0.19683237,0.13153846561908722,0.8524426817893982,0.5646694302558899
YDR436W,YPR112C,0,0.19648021,0.13151822984218597,0.8524426817893982,0.564769446849823
YMR030W,YBR022W,0,0.19633827,0.13149799406528473,0.8524426817893982,0.5648694634437561
YIL113W,YGL187C,0,0.19618092,0.13147777318954468,0.8524426817893982,0.5649694800376892
YPR095C,YLR414C,0,0.19557354,0.13145756721496582,0.8524426817893982,0.5650694966316223
YDL135C,YHR028C,0,0.19554,0.13143736124038696,0.8524426817893982,0.5651695728302002
YML029W,YML067C,0,0.1941411,0.1314171552658081,0.8524426817893982,0.5652695894241333
YMR166C,YPL055C,0,0.19409493,0.13139696419239044,0.8524426817893982,0.5653696060180664
YKL220C,YPL249C,0,0.19404319,0.13137677311897278,0.8524426817893982,0.5654696226119995
YER007W,YJL158C,0,0.19390956,0.13135658204555511,0.8524426817893982,0.5655696988105774
YML006C,YEL027W,1,0.19390284,0.13149002194404602,0.8534396886825562,0.5655696988105774
YGL093W,YNL093W,0,0.19328618,0.13146981596946716,0.8534396886825562,0.5656697154045105
YPL202C,YDR151C,1,0.19319183,0.1316031962633133,0.8544366955757141,0.5656697154045105
YOR236W,YBR131W,0,0.19264151,0.13158299028873444,0.8544366955757141,0.5657697319984436
YKR046C,YMR053C,0,0.19257475,0.13156278431415558,0.8544366955757141,0.5658697485923767
YGR027W-B,YPL143W,0,0.19240355,0.13154259324073792,0.8544366955757141,0.5659697651863098
YKL079W,YOR373W,0,0.19190796,0.13152240216732025,0.8544366955757141,0.5660698413848877
YBL037W,YDL129W,0,0.19175212,0.13150222599506378,0.8544366955757141,0.5661698579788208
YBL018C,YER072W,0,0.19147624,0.1314820498228073,0.8544366955757141,0.5662698745727539
YER006W,YBL038W,0,0.19141969,0.13146187365055084,0.8544366955757141,0.566369891166687
YKL216W,YHL024W,0,0.19106394,0.13144171237945557,0.8544366955757141,0.5664699673652649
YBR164C,YFL002C,0,0.19106232,0.13142156600952148,0.8544366955757141,0.566569983959198
YLR040C,YKL100C,0,0.19064172,0.1314014047384262,0.8544366955757141,0.5666700005531311
YOR255W,YBR122C,0,0.19052356,0.13138127326965332,0.8544366955757141,0.5667700171470642
YKL101W,YEL047C,0,0.1901187,0.13136112689971924,0.8544366955757141,0.5668700337409973
YKL091C,YOL122C,0,0.18941525,0.13134099543094635,0.8544366955757141,0.5669701099395752
YEL005C,YAL001C,0,0.18915778,0.13132086396217346,0.8544366955757141,0.5670701265335083
YGL130W,YLR323C,0,0.18892565,0.13130074739456177,0.8544366955757141,0.5671701431274414
YKL127W,YDR032C,0,0.18799706,0.13128063082695007,0.8544366955757141,0.5672701597213745
YPL022W,YKL141W,0,0.18785179,0.13126052916049957,0.8544366955757141,0.5673702359199524
YML018C,YNR052C,0,0.18778086,0.13124042749404907,0.8544366955757141,0.5674702525138855
YDR162C,YGR202C,0,0.18770447,0.13122034072875977,0.8544366955757141,0.5675702691078186
YJL216C,YBR198C,0,0.187698,0.13120023906230927,0.8544366955757141,0.5676702857017517
YIR014W,YER184C,0,0.1874254,0.13118016719818115,0.8544366955757141,0.5677703022956848
YKL221W,YMR150C,0,0.18719767,0.13116008043289185,0.8544366955757141,0.5678703784942627
YPR104C,YML015C,0,0.18668202,0.13114000856876373,0.8544366955757141,0.5679703950881958
YMR305C,YGR287C,0,0.18663767,0.13111995160579681,0.8544366955757141,0.5680704116821289
YOR193W,YDR028C,0,0.18650025,0.1310998946428299,0.8544366955757141,0.568170428276062
YGL210W,YLR011W,0,0.18645085,0.13107983767986298,0.8544366955757141,0.5682705044746399
YGL147C,YMR041C,0,0.18610853,0.13105979561805725,0.8544366955757141,0.568370521068573
YGR220C,YDR376W,0,0.1858768,0.13103975355625153,0.8544366955757141,0.5684705376625061
YHR214W,YPL235W,0,0.1856043,0.131019726395607,0.8544366955757141,0.5685705542564392
YLR067C,YIL118W,0,0.18528228,0.13099969923496246,0.8544366955757141,0.5686706304550171
YLR166C,YCR027C,0,0.18464626,0.13097967207431793,0.8544366955757141,0.5687706470489502
YBR049C,YJR017C,0,0.18448989,0.1309596598148346,0.8544366955757141,0.5688706636428833
YOL100W,YHR143W-A,0,0.18431151,0.13093964755535126,0.8544366955757141,0.5689706802368164
YIR008C,YDR480W,0,0.18418641,0.1309196501970291,0.8544366955757141,0.5690706968307495
YOL128C,YBR005W,0,0.18409623,0.13089965283870697,0.8544366955757141,0.5691707730293274
YLR369W,YHR091C,0,0.18364924,0.13087965548038483,0.8544366955757141,0.5692707896232605
YBL005W,YOR210W,0,0.18356258,0.13085967302322388,0.8544366955757141,0.5693708062171936
YPL189W,YJL045W,0,0.18350807,0.13083969056606293,0.8544366955757141,0.5694708228111267
YOR188W,YDR268W,0,0.18338573,0.13081972301006317,0.8544366955757141,0.5695708990097046
YJL139C,YGL116W,0,0.18321748,0.13079975545406342,0.8544366955757141,0.5696709156036377
YLR355C,YGR279C,0,0.182858,0.13077980279922485,0.8544366955757141,0.5697709321975708
YGL243W,YAL014C,0,0.18285237,0.1307598352432251,0.8544366955757141,0.5698709487915039
YHR089C,YJL121C,0,0.18273953,0.13073989748954773,0.8544366955757141,0.569970965385437
YOL095C,YMR197C,0,0.18272549,0.13071994483470917,0.8544366955757141,0.5700710415840149
YBR160W,YMR128W,0,0.1826424,0.130700021982193,0.8544366955757141,0.570171058177948
YGR099W,YIL119C,0,0.1825619,0.13068008422851562,0.8544366955757141,0.5702710747718811
YLR361C,YER159C-A,0,0.1813555,0.13066016137599945,0.8544366955757141,0.5703710913658142
YBR085W,YNL061W,0,0.18115787,0.13064023852348328,0.8544366955757141,0.5704711675643921
YHL009C,YNL305C,0,0.18076104,0.1306203305721283,0.8544366955757141,0.5705711841583252
YJL003W,YFL049W,0,0.1804639,0.13060042262077332,0.8544366955757141,0.5706712007522583
YMR139W,YKL181W,0,0.18039316,0.13058052957057953,0.8544366955757141,0.5707712173461914
YKR018C,YDR198C,0,0.17994545,0.13056063652038574,0.8544366955757141,0.5708712339401245
YKL175W,YER145C,1,0.17985107,0.13069306313991547,0.8554337024688721,0.5708712339401245
YLR368W,YML102W,0,0.17910418,0.13067317008972168,0.8554337024688721,0.5709713101387024
YCL039W,YOL139C,0,0.1789963,0.1306532621383667,0.8554337024688721,0.5710713267326355
YKL092C,YFL022C,0,0.17898878,0.1306333690881729,0.8554337024688721,0.5711713433265686
YOR061W,YEL065W,1,0.17872977,0.13076572120189667,0.85643070936203,0.5711713433265686
YNL245C,YIR010W,0,0.17869696,0.1307458132505417,0.85643070936203,0.5712713599205017
YKL209C,YGR271C-A,0,0.17867725,0.1307259202003479,0.85643070936203,0.5713714361190796
YJR084W,YGL213C,0,0.17862624,0.1307060271501541,0.85643070936203,0.5714714527130127
YHR092C,YOR037W,0,0.1785944,0.13068613409996033,0.85643070936203,0.5715714693069458
YIL009C-A,YNL031C,0,0.17832026,0.13066625595092773,0.85643070936203,0.5716714859008789
YGL185C,YNR023W,0,0.17785388,0.13064639270305634,0.85643070936203,0.571771502494812
YNL312W,YMR226C,0,0.17780748,0.13062651455402374,0.85643070936203,0.5718715786933899
YER114C,YKL005C,0,0.17597836,0.13060666620731354,0.85643070936203,0.571971595287323
YGR006W,YAL007C,0,0.17569798,0.13058680295944214,0.85643070936203,0.5720716118812561
YJL013C,YLR032W,0,0.17565331,0.13056695461273193,0.85643070936203,0.5721716284751892
YOR057W,YLR175W,0,0.17470549,0.13054710626602173,0.85643070936203,0.5722717046737671
YDL002C,YAL041W,0,0.17430772,0.13052727282047272,0.85643070936203,0.5723717212677002
YGL168W,YKL088W,0,0.1739597,0.1305074393749237,0.85643070936203,0.5724717378616333
YGL006W,YHR194W,1,0.17370953,0.13063952326774597,0.857427716255188,0.5724717378616333
YDL003W,YOR005C,0,0.17305283,0.13061968982219696,0.857427716255188,0.5725717544555664
YDL230W,YDL153C,0,0.1723184,0.13059984147548676,0.857427716255188,0.5726718306541443
YMR011W,YGL120C,0,0.1722205,0.13058002293109894,0.857427716255188,0.5727718472480774
YLR318W,YEL051W,0,0.17187408,0.13056018948554993,0.857427716255188,0.5728718638420105
YLR157C-A,YLR210W,0,0.17183544,0.1305403709411621,0.857427716255188,0.5729718804359436
YOR228C,YDL231C,0,0.17106898,0.13052056729793549,0.857427716255188,0.5730718970298767
YGL124C,YIL091C,0,0.17071174,0.13050076365470886,0.857427716255188,0.5731719732284546
YMR305C,YMR015C,0,0.17046201,0.13048096001148224,0.857427716255188,0.5732719898223877
YBL061C,YCR021C,0,0.17004643,0.1304611712694168,0.857427716255188,0.5733720064163208
YLR096W,YGR088W,0,0.16934076,0.13044138252735138,0.857427716255188,0.5734720230102539
YGL045W,YGR104C,0,0.16925125,0.13042159378528595,0.857427716255188,0.5735720992088318
YJR068W,YPL100W,0,0.1688116,0.1304018199443817,0.857427716255188,0.5736721158027649
YDR447C,YBR176W,0,0.1683677,0.13038204610347748,0.857427716255188,0.573772132396698
YLR035C,YBR231C,0,0.16824119,0.13036228716373444,0.857427716255188,0.5738721489906311
YDR395W,YOR065W,0,0.16798308,0.1303425282239914,0.857427716255188,0.5739721655845642
YGL087C,YKL173W,0,0.16787186,0.13032276928424835,0.857427716255188,0.5740722417831421
YLR109W,YLR006C,0,0.16774578,0.1303030252456665,0.857427716255188,0.5741722583770752
YNL007C,YGR161C-C,0,0.16773367,0.13028329610824585,0.857427716255188,0.5742722749710083
YJL059W,YPR102C,0,0.16722786,0.130263552069664,0.857427716255188,0.5743722915649414
YGR170W,YDR365W-B,0,0.16708365,0.13024382293224335,0.857427716255188,0.5744723677635193
YGL076C,YOR192C,0,0.16683659,0.1302241086959839,0.857427716255188,0.5745723843574524
YOR347C,YEL006W,0,0.16652519,0.13020439445972443,0.857427716255188,0.5746724009513855
YJR013W,YJL208C,0,0.16629305,0.13018468022346497,0.857427716255188,0.5747724175453186
YMR208W,YHR157W,0,0.16605668,0.1301649808883667,0.857427716255188,0.5748724341392517
YKR062W,YMR232W,0,0.16594616,0.13014528155326843,0.857427716255188,0.5749725103378296
YIL155C,YDL129W,0,0.16592531,0.13012558221817017,0.857427716255188,0.5750725269317627
YAL011W,YDR216W,0,0.16563424,0.1301058977842331,0.857427716255188,0.5751725435256958
YOL156W,YHR138C,0,0.16482387,0.13008621335029602,0.857427716255188,0.5752725601196289
YBL021C,YGR078C,0,0.16456074,0.13006654381752014,0.857427716255188,0.5753726363182068
YDR484W,YCL010C,0,0.16430134,0.13004687428474426,0.857427716255188,0.5754726529121399
YDL243C,YMR086W,0,0.16406053,0.13002721965312958,0.857427716255188,0.575572669506073
YHL040C,YER178W,0,0.16399252,0.1300075650215149,0.857427716255188,0.5756726861000061
YBR254C,YNL083W,0,0.16300276,0.1299879103899002,0.857427716255188,0.5757727026939392
YER021W,YPR070W,0,0.16281867,0.12996827065944672,0.857427716255188,0.5758727788925171
YER102W,YBR216C,0,0.16275501,0.12994863092899323,0.857427716255188,0.5759727954864502
YJL139C,YER061C,0,0.16267337,0.12992899119853973,0.857427716255188,0.5760728120803833
YGR286C,YCR033W,0,0.1624119,0.12990936636924744,0.857427716255188,0.5761728286743164
YDR210C-D,YGR024C,0,0.16221613,0.12988974153995514,0.857427716255188,0.5762729048728943
YPL088W,YDR533C,0,0.16220507,0.12987013161182404,0.857427716255188,0.5763729214668274
YBL005W,YPL121C,0,0.16210544,0.12985052168369293,0.857427716255188,0.5764729380607605
YDR098C-B,YGR047C,0,0.16202791,0.12983091175556183,0.857427716255188,0.5765729546546936
YGL213C,YBR034C,0,0.16153833,0.12981131672859192,0.857427716255188,0.5766730308532715
YCR077C,YPR047W,0,0.1612331,0.1297917366027832,0.857427716255188,0.5767730474472046
YOR069W,YDR135C,0,0.16121602,0.1297721415758133,0.857427716255188,0.5768730640411377
YDR484W,YIL085C,0,0.1611058,0.12975256145000458,0.857427716255188,0.5769730806350708
YPL230W,YJL170C,0,0.16110227,0.12973299622535706,0.857427716255188,0.5770730972290039
YGL045W,YIR007W,0,0.16099322,0.12971343100070953,0.857427716255188,0.5771731734275818
YDL002C,YDL018C,0,0.16095401,0.129693865776062,0.857427716255188,0.5772731900215149
YFL009W,YCR021C,0,0.16060346,0.1296743005514145,0.857427716255188,0.577373206615448
YLR265C,YJL170C,0,0.16020098,0.12965475022792816,0.857427716255188,0.5774732232093811
YOR201C,YCR107W,0,0.16000696,0.12963521480560303,0.857427716255188,0.577573299407959
YNL002C,YGR257C,0,0.15991506,0.1296156793832779,0.857427716255188,0.5776733160018921
YLR207W,YCR021C,0,0.15963887,0.12959614396095276,0.857427716255188,0.5777733325958252
YOR028C,YGR013W,0,0.15945753,0.12957660853862762,0.857427716255188,0.5778733491897583
YKL071W,YDR523C,0,0.15857059,0.12955710291862488,0.857427716255188,0.5779733657836914
YCL027W,YDR367W,0,0.15833893,0.12953758239746094,0.857427716255188,0.5780734419822693
YLR337C,YJL054W,0,0.15819588,0.1295180767774582,0.857427716255188,0.5781734585762024
YBR034C,YLR287C-A,0,0.15813947,0.12949857115745544,0.857427716255188,0.5782734751701355
YIL096C,YHR123W,0,0.15804026,0.1294790655374527,0.857427716255188,0.5783734917640686
YNL056W,YGR017W,0,0.1577296,0.12945957481861115,0.857427716255188,0.5784735679626465
YOR336W,YMR285C,0,0.15751004,0.1294400990009308,0.857427716255188,0.5785735845565796
YDL018C,YLR453C,0,0.15729713,0.12942062318325043,0.857427716255188,0.5786736011505127
YPR114W,YML093W,0,0.1569547,0.12940114736557007,0.857427716255188,0.5787736177444458
YER015W,YGL151W,0,0.15683155,0.1293816715478897,0.857427716255188,0.5788736343383789
YOR177C,YDR380W,0,0.15612505,0.12936221063137054,0.857427716255188,0.5789737105369568
YLR227W-A,YCR035C,0,0.15562612,0.12934276461601257,0.857427716255188,0.5790737271308899
YAL019W,YOR182C,0,0.15521699,0.1293233036994934,0.857427716255188,0.579173743724823
YOR361C,YNL066W,0,0.15519962,0.12930385768413544,0.857427716255188,0.5792737603187561
YJR001W,YGR227W,0,0.15505944,0.12928442656993866,0.857427716255188,0.579373836517334
YER070W,YEL027W,0,0.15460727,0.12926499545574188,0.857427716255188,0.5794738531112671
YJR064W,YKL029C,0,0.15415621,0.1292455643415451,0.857427716255188,0.5795738697052002
YPR008W,YGR123C,0,0.15414938,0.12922614812850952,0.857427716255188,0.5796738862991333
YHR154W,YGR008C,0,0.15382609,0.12920673191547394,0.857427716255188,0.5797739028930664
YLL050C,YNR056C,0,0.15363559,0.12918731570243835,0.857427716255188,0.5798739790916443
YOL068C,YDL056W,0,0.15351672,0.12916791439056396,0.857427716255188,0.5799739956855774
YHL009C,YAL051W,0,0.15327138,0.12914852797985077,0.857427716255188,0.5800740122795105
YJL139C,YGR013W,0,0.1532292,0.12912912666797638,0.857427716255188,0.5801740288734436
YER102W,YCR005C,0,0.15234134,0.12910974025726318,0.857427716255188,0.5802741050720215
YNR051C,YCR096C,0,0.15222701,0.12909036874771118,0.857427716255188,0.5803741216659546
YBL078C,YPR081C,0,0.15208189,0.12907098233699799,0.857427716255188,0.5804741382598877
YIL026C,YJR076C,0,0.15086916,0.12905162572860718,0.857427716255188,0.5805741548538208
YOR312C,YDR268W,0,0.15071604,0.12903225421905518,0.857427716255188,0.5806742310523987
YGL208W,YML065W,0,0.15049142,0.12901289761066437,0.857427716255188,0.5807742476463318
YFL018C,YPL190C,0,0.15029466,0.12899355590343475,0.857427716255188,0.5808742642402649
YML082W,YGR017W,0,0.14972797,0.12897419929504395,0.857427716255188,0.580974280834198
YML037C,YMR242C,0,0.1494762,0.12895487248897552,0.857427716255188,0.5810742974281311
YGR055W,YIL112W,0,0.14928368,0.1289355307817459,0.857427716255188,0.581174373626709
YBL014C,YIL049W,0,0.14926921,0.1289162039756775,0.857427716255188,0.5812743902206421
YOR191W,YNL096C,0,0.14895634,0.12889687716960907,0.857427716255188,0.5813744068145752
YLR432W,YHR214C-C,0,0.14871916,0.12887756526470184,0.857427716255188,0.5814744234085083
YDL142C,YHR060W,1,0.14863718,0.12900808453559875,0.858424723148346,0.5814744234085083
YNL185C,YOR389W,0,0.14850919,0.12898875772953033,0.858424723148346,0.5815744996070862
YOR004W,YOR122C,0,0.14828622,0.1289694458246231,0.858424723148346,0.5816745162010193
YLR172C,YFR040W,0,0.14809832,0.12895013391971588,0.858424723148346,0.5817745327949524
YOR061W,YJL165C,1,0.14786308,0.12908056378364563,0.8594217300415039,0.5817745327949524
YOR127W,YHR009C,0,0.14774007,0.1290612369775772,0.8594217300415039,0.5818745493888855
YKR088C,YLR222C,0,0.14766651,0.1290419101715088,0.8594217300415039,0.5819745659828186
YOR339C,YKL002W,0,0.14726783,0.12902259826660156,0.8594217300415039,0.5820746421813965
YGL121C,YLR319C,0,0.14720342,0.12900328636169434,0.8594217300415039,0.5821746587753296
YGL104C,YDR528W,0,0.14714535,0.1289839893579483,0.8594217300415039,0.5822746753692627
YGR109W-A,YIL049W,0,0.14710984,0.12896469235420227,0.8594217300415039,0.5823746919631958
YNL111C,YPL045W,0,0.14631476,0.12894539535045624,0.8594217300415039,0.5824747681617737
YBR218C,YGL038C,0,0.14606097,0.1289261132478714,0.8594217300415039,0.5825747847557068
YER074W-A,YJL101C,0,0.1453684,0.12890683114528656,0.8594217300415039,0.5826748013496399
YGR076C,YHL006C,0,0.14504686,0.12888756394386292,0.8594217300415039,0.582774817943573
YMR282C,YJR076C,0,0.14463104,0.12886829674243927,0.8594217300415039,0.5828748345375061
YER161C,YOR244W,0,0.14453238,0.12884902954101562,0.8594217300415039,0.582974910736084
YNL051W,YGL226W,0,0.14405409,0.12882977724075317,0.8594217300415039,0.5830749273300171
YOR035C,YDL092W,0,0.1438668,0.12881052494049072,0.8594217300415039,0.5831749439239502
YNL292W,YDL220C,0,0.1436809,0.12879127264022827,0.8594217300415039,0.5832749605178833
YOL089C,YOR039W,0,0.14275637,0.12877203524112701,0.8594217300415039,0.5833750367164612
YJR050W,YLL010C,0,0.14228378,0.12875279784202576,0.8594217300415039,0.5834750533103943
YOR171C,YDR349C,0,0.14225195,0.1287335753440857,0.8594217300415039,0.5835750699043274
YDR156W,YLL032C,0,0.1421886,0.12871435284614563,0.8594217300415039,0.5836750864982605
YHR013C,YKL024C,0,0.14215446,0.12869513034820557,0.8594217300415039,0.5837751030921936
YBR175W,YKL045W,0,0.14214966,0.1286759227514267,0.8594217300415039,0.5838751792907715
YPL246C,YHR187W,0,0.14175864,0.12865671515464783,0.8594217300415039,0.5839751958847046
YKL051W,YKR085C,0,0.14166994,0.12863752245903015,0.8594217300415039,0.5840752124786377
YBR245C,YKL114C,0,0.14142133,0.12861832976341248,0.8594217300415039,0.5841752290725708
YBL069W,YLR093C,0,0.14095673,0.1285991370677948,0.8594217300415039,0.5842753052711487
YJL058C,YJR090C,0,0.1408295,0.12857995927333832,0.8594217300415039,0.5843753218650818
YDR097C,YPL137C,0,0.14014313,0.12856078147888184,0.8594217300415039,0.5844753384590149
YNL212W,YPL228W,0,0.14002644,0.12854160368442535,0.8594217300415039,0.584575355052948
YNL292W,YLR150W,0,0.13967255,0.12852244079113007,0.8594217300415039,0.5846754312515259
YLR142W,YMR109W,0,0.13939059,0.12850327789783478,0.8594217300415039,0.584775447845459
YBR228W,YMR305C,0,0.13902745,0.12848412990570068,0.8594217300415039,0.5848754644393921
YLR090W,YKL086W,0,0.13888477,0.1284649819135666,0.8594217300415039,0.5849754810333252
YGR125W,YBR186W,0,0.13865404,0.1284458339214325,0.8594217300415039,0.5850754976272583
YOR110W,YDL012C,0,0.13839704,0.1284267008304596,0.8594217300415039,0.5851755738258362
YDR201W,YKL179C,0,0.13831419,0.1284075677394867,0.8594217300415039,0.5852755904197693
YJR137C,YAL048C,0,0.1378851,0.1283884346485138,0.8594217300415039,0.5853756070137024
YLR143W,YBR207W,0,0.13775103,0.1283693164587021,0.8594217300415039,0.5854756236076355
YMR271C,YIL154C,0,0.13733903,0.12835021317005157,0.8594217300415039,0.5855756998062134
YPL220W,YJL121C,0,0.13730481,0.12833109498023987,0.8594217300415039,0.5856757164001465
YCR020W-B,YNR054C,0,0.13729262,0.12831199169158936,0.8594217300415039,0.5857757329940796
YOL132W,YML130C,0,0.13707167,0.12829290330410004,0.8594217300415039,0.5858757495880127
YHL028W,YOR229W,0,0.13676181,0.12827381491661072,0.8594217300415039,0.5859757661819458
YHR073W,YIR021W,0,0.13671249,0.1282547265291214,0.8594217300415039,0.5860758423805237
YNL316C,YER073W,0,0.1366733,0.12823563814163208,0.8594217300415039,0.5861758589744568
YGL123W,YMR163C,0,0.13661379,0.12821656465530396,0.8594217300415039,0.5862758755683899
YKR038C,YHR161C,0,0.13646156,0.12819750607013702,0.8594217300415039,0.586375892162323
YMR274C,YER146W,0,0.1364086,0.1281784325838089,0.8594217300415039,0.5864759683609009
YJR137C,YIL049W,0,0.13577153,0.12815938889980316,0.8594217300415039,0.586575984954834
YIL017C,YJR104C,0,0.13538055,0.12814033031463623,0.8594217300415039,0.5866760015487671
YLR382C,YHL009W-B,0,0.1352993,0.1281212866306305,0.8594217300415039,0.5867760181427002
YDL033C,YPL207W,0,0.13529013,0.12810224294662476,0.8594217300415039,0.5868760347366333
YML065W,YGL065C,0,0.13521363,0.1280832141637802,0.8594217300415039,0.5869761109352112
YKR034W,YDR316W,0,0.13462473,0.12806418538093567,0.8594217300415039,0.5870761275291443
YJR104C,YOL101C,1,0.13461104,0.1281937062740326,0.8604187369346619,0.5870761275291443
YKL120W,YIL033C,0,0.1344546,0.12817466259002686,0.8604187369346619,0.5871761441230774
YOR332W,YJL059W,1,0.13441187,0.128304123878479,0.8614157438278198,0.5871761441230774
YDR534C,YMR297W,0,0.13376129,0.12828508019447327,0.8614157438278198,0.5872761607170105
YLR393W,YDL123W,0,0.1334887,0.12826603651046753,0.8614157438278198,0.5873762369155884
YHL003C,YDL031W,0,0.1331616,0.1282469928264618,0.8614157438278198,0.5874762535095215
YJL083W,YBR179C,0,0.13301018,0.12822796404361725,0.8614157438278198,0.5875762701034546
YEL055C,YLR406C,0,0.1329266,0.1282089352607727,0.8614157438278198,0.5876762866973877
YNR041C,YDL098C,0,0.13287997,0.12818990647792816,0.8614157438278198,0.5877763032913208
YDR380W,YJR135C,0,0.13278061,0.1281708925962448,0.8614157438278198,0.5878763794898987
YML111W,YIL033C,0,0.1322132,0.12815187871456146,0.8614157438278198,0.5879763960838318
YGL097W,YJL189W,0,0.13217226,0.1281328797340393,0.8614157438278198,0.5880764126777649
YJR159W,YPL227C,0,0.13200787,0.12811388075351715,0.8614157438278198,0.588176429271698
YBR169C,YOR221C,0,0.13186374,0.128094881772995,0.8614157438278198,0.5882765054702759
YHR013C,YJL110C,0,0.13146019,0.12807589769363403,0.8614157438278198,0.588376522064209
YBR265W,YGR035C,0,0.13130015,0.12805691361427307,0.8614157438278198,0.5884765386581421
YOR035C,YIL153W,0,0.1311922,0.1280379444360733,0.8614157438278198,0.5885765552520752
YDL189W,YMR154C,0,0.13084882,0.12801896035671234,0.8614157438278198,0.5886766314506531
YPL242C,YFL039C,0,0.13084316,0.12800000607967377,0.8614157438278198,0.5887766480445862
YIL137C,YDR326C,0,0.13082188,0.127981036901474,0.8614157438278198,0.5888766646385193
YDL211C,YER039C,0,0.13052376,0.12796208262443542,0.8614157438278198,0.5889766812324524
YBR135W,YBL055C,0,0.12996677,0.12794314324855804,0.8614157438278198,0.5890766978263855
YER025W,YPL124W,0,0.12993008,0.12792418897151947,0.8614157438278198,0.5891767740249634
YAR015W,YNL054W-A,0,0.12947527,0.1279052495956421,0.8614157438278198,0.5892767906188965
YGL128C,YNL015W,0,0.12947227,0.1278863251209259,0.8614157438278198,0.5893768072128296
YPL174C,YLR287C-A,0,0.1289866,0.12786740064620972,0.8614157438278198,0.5894768238067627
YGL135W,YDR224C,0,0.12811093,0.12784847617149353,0.8614157438278198,0.5895769000053406
YIL147C,YMR135C,0,0.12772088,0.12782956659793854,0.8614157438278198,0.5896769165992737
YGL210W,YIL007C,0,0.12754071,0.12781065702438354,0.8614157438278198,0.5897769331932068
YER174C,YMR243C,1,0.12747818,0.12793965637683868,0.8624127507209778,0.5897769331932068
YGR063C,YLR414C,0,0.12708543,0.1279207319021225,0.8624127507209778,0.5898769497871399
YMR274C,YGR224W,0,0.1269067,0.1279018223285675,0.8624127507209778,0.589976966381073
YOR081C,YLR467W,0,0.12651312,0.1278829127550125,0.8624127507209778,0.5900770425796509
YGR068C,YER081W,0,0.12618545,0.12786400318145752,0.8624127507209778,0.590177059173584
YPL256C,YOR001W,0,0.12616694,0.12784510850906372,0.8624127507209778,0.5902770757675171
YOR290C,YOL009C,0,0.12493403,0.12782621383666992,0.8624127507209778,0.5903770923614502
YPL156C,YPL262W,0,0.12476945,0.12780733406543732,0.8624127507209778,0.5904771685600281
YHR021C,YPL171C,0,0.123973444,0.1277884542942047,0.8624127507209778,0.5905771851539612
YMR011W,YJR009C,0,0.12385216,0.1277695745229721,0.8624127507209778,0.5906772017478943
YDL018C,YMR153W,0,0.123408794,0.1277506947517395,0.8624127507209778,0.5907772183418274
YOR288C,YFR041C,0,0.12339422,0.1277318298816681,0.8624127507209778,0.5908772349357605
YCR048W,YIL066C,0,0.12338941,0.12771297991275787,0.8624127507209778,0.5909773111343384
YER069W,YER074W-A,0,0.123150036,0.12769412994384766,0.8624127507209778,0.5910773277282715
YKL176C,YDR224C,0,0.12314214,0.12767527997493744,0.8624127507209778,0.5911773443222046
YHR009C,YMR053C,0,0.12216011,0.12765643000602722,0.8624127507209778,0.5912773609161377
YLL028W,YLR446W,0,0.12211126,0.1276375949382782,0.8624127507209778,0.5913774371147156
YOL060C,YGR092W,1,0.12188041,0.12776629626750946,0.8634097576141357,0.5913774371147156
YKL146W,YKL086W,0,0.12185024,0.12774746119976044,0.8634097576141357,0.5914774537086487
YML061C,YMR188C,0,0.12169096,0.12772861123085022,0.8634097576141357,0.5915774703025818
YDR248C,YJR144W,0,0.1214965,0.1277097761631012,0.8634097576141357,0.5916774868965149
YGR296W,YGR076C,0,0.120585114,0.12769094109535217,0.8634097576141357,0.591777503490448
YDR276C,YGL254W,0,0.12029715,0.12767212092876434,0.8634097576141357,0.5918775796890259
YBR034C,YER083C,0,0.119772315,0.1276533007621765,0.8634097576141357,0.591977596282959
YLL013C,YCR071C,0,0.11974873,0.12763448059558868,0.8634097576141357,0.5920776128768921
YMR230W,YMR260C,0,0.11947997,0.12761567533016205,0.8634097576141357,0.5921776294708252
YNL111C,YNL190W,0,0.11928603,0.1275968700647354,0.8634097576141357,0.5922777056694031
YBR037C,YLR220W,1,0.11874777,0.12772539258003235,0.8644067645072937,0.5922777056694031
YNL166C,YLL028W,0,0.11712487,0.1277065873146057,0.8644067645072937,0.5923777222633362
YML057W,YMR243C,1,0.117064804,0.12783505022525787,0.8654037714004517,0.5923777222633362
YML126C,YPL060W,0,0.11694315,0.12781623005867004,0.8654037714004517,0.5924777388572693
YGR029W,YPL234C,1,0.116344005,0.12794463336467743,0.8664007782936096,0.5924777388572693
YLR117C,YOR045W,0,0.116145164,0.1279258131980896,0.8664007782936096,0.5925777554512024
YKL032C,YDR115W,0,0.11589143,0.12790697813034058,0.8664007782936096,0.5926778316497803
YBR234C,YDR009W,0,0.11542684,0.12788815796375275,0.8664007782936096,0.5927778482437134
YHR099W,YOL013C,0,0.11518267,0.12786933779716492,0.8664007782936096,0.5928778648376465
YAR066W,YCR033W,0,0.115036696,0.1278505176305771,0.8664007782936096,0.5929778814315796
YLR194C,YOR354C,0,0.114757836,0.12783171236515045,0.8664007782936096,0.5930778980255127
YNL083W,YBL064C,0,0.11457363,0.12781290709972382,0.8664007782936096,0.5931779742240906
YLR214W,YGL003C,0,0.11409886,0.12779411673545837,0.8664007782936096,0.5932779908180237
YLR431C,YHR138C,0,0.11405584,0.12777532637119293,0.8664007782936096,0.5933780074119568
YNR041C,YKR025W,0,0.11377725,0.1277565360069275,0.8664007782936096,0.5934780240058899
YDR440W,YKL080W,0,0.1137096,0.12773776054382324,0.8664007782936096,0.5935781002044678
YJL045W,YGL107C,0,0.11363426,0.127718985080719,0.8664007782936096,0.5936781167984009
YBR227C,YOL005C,0,0.113469735,0.12770022451877594,0.8664007782936096,0.593778133392334
YER106W,YMR260C,0,0.11253004,0.12768146395683289,0.8664007782936096,0.5938781499862671
YDR065W,YBR028C,0,0.11146587,0.12766270339488983,0.8664007782936096,0.5939781665802002
YLR450W,YER042W,0,0.11099608,0.12764394283294678,0.8664007782936096,0.5940782427787781
YJL008C,YDL014W,0,0.11098495,0.12762519717216492,0.8664007782936096,0.5941782593727112
YDR034C-D,YIL118W,0,0.11090885,0.12760646641254425,0.8664007782936096,0.5942782759666443
YLR360W,YBR046C,0,0.11088055,0.1275877207517624,0.8664007782936096,0.5943782925605774
YAL003W,YDR147W,0,0.11062217,0.12756898999214172,0.8664007782936096,0.5944783687591553
YPR056W,YNL257C,0,0.11047836,0.12755027413368225,0.8664007782936096,0.5945783853530884
YLR246W,YOL072W,0,0.1103695,0.12753155827522278,0.8664007782936096,0.5946784019470215
YOR320C,YAR014C,0,0.11033128,0.1275128424167633,0.8664007782936096,0.5947784185409546
YPL037C,YFL025C,0,0.110128134,0.12749412655830383,0.8664007782936096,0.5948784351348877
YGL047W,YDR176W,0,0.10976127,0.12747542560100555,0.8664007782936096,0.5949785113334656
YKR078W,YLR201C,0,0.10958147,0.12745673954486847,0.8664007782936096,0.5950785279273987
YDR486C,YKL006W,0,0.10946208,0.1274380385875702,0.8664007782936096,0.5951785445213318
YMR072W,YDR208W,0,0.10895941,0.1274193525314331,0.8664007782936096,0.5952785611152649
YNL247W,YDL194W,0,0.10875645,0.12740068137645721,0.8664007782936096,0.5953786373138428
YNL311C,YPL013C,0,0.10795355,0.12738199532032013,0.8664007782936096,0.5954786539077759
YBR181C,YOR010C,0,0.10790694,0.12736332416534424,0.8664007782936096,0.595578670501709
YLR411W,YGR163W,0,0.10772321,0.12734466791152954,0.8664007782936096,0.5956786870956421
YKL049C,YOL157C,0,0.10767862,0.12732601165771484,0.8664007782936096,0.59577876329422
YKL089W,YDR098C-B,0,0.10703437,0.12730735540390015,0.8664007782936096,0.5958787798881531
YKL146W,YML043C,0,0.10680579,0.12728871405124664,0.8664007782936096,0.5959787964820862
YOR011W,YDL223C,0,0.1065754,0.12727005779743195,0.8664007782936096,0.5960788130760193
YER058W,YMR017W,0,0.10633907,0.12725143134593964,0.8664007782936096,0.5961788296699524
YNL067W,YOR357C,0,0.10629228,0.12723278999328613,0.8664007782936096,0.5962789058685303
YKL114C,YCR010C,0,0.1058473,0.12721416354179382,0.8664007782936096,0.5963789224624634
YHL007C,YDR148C,0,0.10550295,0.1271955519914627,0.8664007782936096,0.5964789390563965
YOR061W,YDR495C,1,0.105362326,0.12732328474521637,0.8673977851867676,0.5964789390563965
YJL143W,YPL079W,0,0.104730874,0.12730465829372406,0.8673977851867676,0.5965789556503296
YLR256W,YER179W,0,0.10438807,0.12728603184223175,0.8673977851867676,0.5966790318489075
YPL059W,YLR175W,0,0.10426772,0.12726740539073944,0.8673977851867676,0.5967790484428406
YHR153C,YIL156W,0,0.10422547,0.12724879384040833,0.8673977851867676,0.5968790650367737
YLL005C,YNL327W,0,0.10409136,0.1272301822900772,0.8673977851867676,0.5969790816307068
YGR208W,YLR373C,0,0.103432864,0.1272115856409073,0.8673977851867676,0.5970790982246399
YOR131C,YFL024C,0,0.10334259,0.12719298899173737,0.8673977851867676,0.5971791744232178
YOR207C,YOR328W,0,0.102933526,0.12717439234256744,0.8673977851867676,0.5972791910171509
YPL132W,YAL048C,0,0.10289234,0.12715579569339752,0.8673977851867676,0.597379207611084
YBR083W,YGR279C,0,0.10203549,0.1271372139453888,0.8673977851867676,0.5974792242050171
YKL195W,YCR054C,0,0.102014825,0.12711864709854126,0.8673977851867676,0.597579300403595
YGL089C,YLR157C-B,0,0.101767525,0.12710008025169373,0.8673977851867676,0.5976793169975281
YPL202C,YHL047C,1,0.10152671,0.1272275745868683,0.8683947920799255,0.5976793169975281
YDR489W,YJL091C,0,0.101081446,0.12720899283885956,0.8683947920799255,0.5977793335914612
YML107C,YNL101W,0,0.10024129,0.12719042599201202,0.8683947920799255,0.5978793501853943
YBR199W,YOR288C,0,0.1002315,0.1271718442440033,0.8683947920799255,0.5979793667793274
YIL137C,YCR107W,0,0.1001683,0.12715327739715576,0.8683947920799255,0.5980794429779053
YBR084W,YKL004W,0,0.09993601,0.12713472545146942,0.8683947920799255,0.5981794595718384
YOL018C,YMR050C,0,0.099918425,0.12711617350578308,0.8683947920799255,0.5982794761657715
YMR004W,YFR032C-A,0,0.09987378,0.12709762156009674,0.8683947920799255,0.5983794927597046
YLR372W,YKL079W,0,0.099779055,0.1270790845155716,0.8683947920799255,0.5984795689582825
YMR303C,YDR001C,0,0.0997594,0.12706053256988525,0.8683947920799255,0.5985795855522156
YOL095C,YLR035C-A,0,0.09921877,0.1270420104265213,0.8683947920799255,0.5986796021461487
YJL044C,YOR058C,0,0.09919807,0.12702347338199615,0.8683947920799255,0.5987796187400818
YER004W,YAL025C,0,0.09885669,0.1270049512386322,0.8683947920799255,0.5988796353340149
YHR194W,YCL010C,0,0.098669946,0.12698644399642944,0.8683947920799255,0.5989797115325928
YJL111W,YIL130W,0,0.09820776,0.12696793675422668,0.8683947920799255,0.5990797281265259
YDR117C,YJR088C,0,0.09804384,0.12694942951202393,0.8683947920799255,0.599179744720459
YER044C,YMR237W,0,0.09789888,0.12693092226982117,0.8683947920799255,0.5992797613143921
YKL183W,YIL111W,0,0.09761642,0.1269124299287796,0.8683947920799255,0.59937983751297
YOL075C,YDR018C,0,0.097420454,0.12689393758773804,0.8683947920799255,0.5994798541069031
YNL212W,YKR097W,0,0.097306356,0.12687546014785767,0.8683947920799255,0.5995798707008362
YGR121C,YGR059W,0,0.09709898,0.1268569827079773,0.8683947920799255,0.5996798872947693
YCL017C,YDR515W,1,0.09697367,0.1269841343164444,0.8693917989730835,0.5996798872947693
YBR098W,YPL085W,0,0.096567586,0.12696564197540283,0.8693917989730835,0.5997799634933472
YHR191C,YMR009W,0,0.09621948,0.12694714963436127,0.8693917989730835,0.5998799800872803
YLR242C,YMR243C,0,0.095871925,0.1269286721944809,0.8693917989730835,0.5999799966812134
YNL310C,YGL231C,0,0.09543787,0.12691020965576172,0.8693917989730835,0.6000800132751465
YBL106C,YDR017C,0,0.09502981,0.12689173221588135,0.8693917989730835,0.6001800298690796
YLL054C,YOR116C,0,0.0947281,0.12687326967716217,0.8693917989730835,0.6002801060676575
YOR103C,YNL093W,0,0.09449399,0.1268548220396042,0.8693917989730835,0.6003801226615906
YKL198C,YDR367W,0,0.0944816,0.126836359500885,0.8693917989730835,0.6004801392555237
YGL191W,YMR022W,0,0.09362752,0.12681791186332703,0.8693917989730835,0.6005801558494568
YJR159W,YPL207W,0,0.09356043,0.12679947912693024,0.8693917989730835,0.6006802320480347
YOR316C,YOR359W,0,0.093502216,0.12678104639053345,0.8693917989730835,0.6007802486419678
YHL009W-A,YLR023C,0,0.09339304,0.12676261365413666,0.8693917989730835,0.6008802652359009
YJR158W,YIL106W,0,0.09312425,0.12674418091773987,0.8693917989730835,0.600980281829834
YMR302C,YCL055W,0,0.09307453,0.12672576308250427,0.8693917989730835,0.6010802984237671
YPR028W,YDR450W,0,0.09250933,0.12670734524726868,0.8693917989730835,0.601180374622345
YML059C,YBR191W,0,0.09224709,0.12668894231319427,0.8693917989730835,0.6012803912162781
YOR391C,YMR060C,0,0.092134476,0.12667053937911987,0.8693917989730835,0.6013804078102112
YML118W,YOR197W,0,0.091973215,0.12665213644504547,0.8693917989730835,0.6014804244041443
YDR315C,YDR350C,0,0.09166902,0.12663374841213226,0.8693917989730835,0.6015805006027222
YLR438C-A,YBL100W-A,0,0.091429114,0.12661536037921906,0.8693917989730835,0.6016805171966553
YIR017C,YBR208C,0,0.0900334,0.12659698724746704,0.8693917989730835,0.6017805337905884
YGR161W-A,YDL105W,0,0.088726595,0.12657859921455383,0.8693917989730835,0.6018805503845215
YLR051C,YER005W,0,0.088590674,0.12656022608280182,0.8693917989730835,0.6019805669784546
YGR104C,YJR076C,0,0.08841957,0.126541867852211,0.8693917989730835,0.6020806431770325
YNR032W,YML045W,0,0.08823489,0.12652350962162018,0.8693917989730835,0.6021806597709656
YDR352W,YBR045C,0,0.08812317,0.12650515139102936,0.8693917989730835,0.6022806763648987
YMR223W,YLR075W,0,0.08798436,0.12648679316043854,0.8693917989730835,0.6023806929588318
YJL159W,YJR089W,0,0.087740645,0.1264684498310089,0.8693917989730835,0.6024807691574097
YDL149W,YER131W,0,0.08762911,0.12645012140274048,0.8693917989730835,0.6025807857513428
YHR114W,YKL107W,0,0.08759165,0.12643177807331085,0.8693917989730835,0.6026808023452759
YJL063C,YML081W,0,0.08755875,0.12641344964504242,0.8693917989730835,0.602780818939209
YML029W,YDR091C,0,0.08724046,0.12639513611793518,0.8693917989730835,0.6028808355331421
YNL216W,YBR213W,0,0.08666669,0.12637680768966675,0.8693917989730835,0.60298091173172
YPL168W,YDR289C,0,0.086256444,0.1263584941625595,0.8693917989730835,0.6030809283256531
YPL097W,YJL045W,0,0.08617322,0.12634019553661346,0.8693917989730835,0.6031809449195862
YLR010C,YDR326C,0,0.085975476,0.12632188200950623,0.8693917989730835,0.6032809615135193
YOR064C,YKR105C,0,0.08569544,0.12630359828472137,0.8693917989730835,0.6033810377120972
YLR410W,YGL025C,0,0.08550369,0.12628529965877533,0.8693917989730835,0.6034810543060303
YCR018C,YPL149W,0,0.08507371,0.12626701593399048,0.8693917989730835,0.6035810708999634
YLR058C,YDR261C,0,0.08492383,0.12624873220920563,0.8693917989730835,0.6036810874938965
YHR115C,YML125C,0,0.08486754,0.12623046338558197,0.8693917989730835,0.6037811636924744
YBR040W,YOR217W,0,0.08474021,0.12621217966079712,0.8693917989730835,0.6038811802864075
YBL091C,YPR145W,0,0.08470447,0.12619392573833466,0.8693917989730835,0.6039811968803406
YDR432W,YNR071C,0,0.084065005,0.126175656914711,0.8693917989730835,0.6040812134742737
YJR066W,YER054C,0,0.083921544,0.12615740299224854,0.8693917989730835,0.6041812300682068
YOR273C,YMR217W,0,0.08358356,0.12613916397094727,0.8693917989730835,0.6042813062667847
YJL020C,YPL141C,0,0.083499104,0.1261209100484848,0.8693917989730835,0.6043813228607178
YLL054C,YOR389W,0,0.08331382,0.12610267102718353,0.8693917989730835,0.6044813394546509
YHR020W,YJR016C,0,0.08291353,0.12608444690704346,0.8693917989730835,0.604581356048584
YOR079C,YNL259C,1,0.08256828,0.1262107789516449,0.8703888058662415,0.604581356048584
YER183C,YIR028W,0,0.08204895,0.12619253993034363,0.8703888058662415,0.6046814322471619
YJR043C,YDR347W,0,0.0819682,0.12617430090904236,0.8703888058662415,0.604781448841095
YLR178C,YNR019W,0,0.08185901,0.12615607678890228,0.8703888058662415,0.6048814654350281
YGR038C-B,YOL020W,0,0.08184034,0.126137837767601,0.8703888058662415,0.6049814820289612
YLR367W,YCR092C,0,0.08124581,0.12611961364746094,0.8703888058662415,0.6050814986228943
YOR319W,YDR283C,0,0.081054,0.12610140442848206,0.8703888058662415,0.6051815748214722
YJL212C,YIL156W,0,0.08066265,0.12608319520950317,0.8703888058662415,0.6052815914154053
YER111C,YKR013W,0,0.08064896,0.1260649859905243,0.8703888058662415,0.6053816080093384
YIL127C,YLR110C,0,0.08049846,0.1260467767715454,0.8703888058662415,0.6054816246032715
YPL126W,YOL058W,0,0.08045697,0.12602858245372772,0.8703888058662415,0.6055817008018494
YNR032W,YPR033C,0,0.08042087,0.12601038813591003,0.8703888058662415,0.6056817173957825
YER082C,YMR154C,0,0.08039153,0.12599220871925354,0.8703888058662415,0.6057817339897156
YGR038C-B,YJR102C,0,0.08034349,0.12597402930259705,0.8703888058662415,0.6058817505836487
YLR117C,YPR033C,0,0.0798344,0.12595584988594055,0.8703888058662415,0.6059817671775818
YLR384C,YOL117W,0,0.07969183,0.12593768537044525,0.8703888058662415,0.6060818433761597
YFL034C-B,YPL268W,0,0.079605244,0.12591952085494995,0.8703888058662415,0.6061818599700928
YJL108C,YOL113W,0,0.07928126,0.12590135633945465,0.8703888058662415,0.6062818765640259
YGL194C,YNL222W,0,0.078925066,0.12588320672512054,0.8703888058662415,0.606381893157959
YDR139C,YPL033C,0,0.07890062,0.12586505711078644,0.8703888058662415,0.6064819693565369
YDR117C,YMR127C,0,0.07889013,0.12584690749645233,0.8703888058662415,0.60658198595047
YHR031C,YBR288C,0,0.0788472,0.12582877278327942,0.8703888058662415,0.6066820025444031
YDR074W,YML111W,0,0.077818416,0.1258106380701065,0.8703888058662415,0.6067820191383362
YCR037C,YDR212W,0,0.077354886,0.1257925033569336,0.8703888058662415,0.6068820357322693
YJL110C,YOR133W,0,0.07731071,0.12577438354492188,0.8703888058662415,0.6069821119308472
YAL043C,YOL067C,0,0.077267826,0.12575626373291016,0.8703888058662415,0.6070821285247803
YJL058C,YER183C,0,0.07697907,0.12573815882205963,0.8703888058662415,0.6071821451187134
YIL009C-A,YKL125W,0,0.07689126,0.1257200390100479,0.8703888058662415,0.6072821617126465
YGR224W,YMR236W,0,0.0761904,0.12570194900035858,0.8703888058662415,0.6073822379112244
YFL049W,YPL230W,0,0.07615773,0.12568384408950806,0.8703888058662415,0.6074822545051575
YER060W-A,YDR486C,0,0.07518055,0.12566575407981873,0.8703888058662415,0.6075822710990906
YOR264W,YMR004W,0,0.07511942,0.1256476640701294,0.8703888058662415,0.6076822876930237
YPL029W,YEL061C,0,0.0748356,0.12562958896160126,0.8703888058662415,0.6077823638916016
YOR079C,YGL020C,1,0.074659705,0.1257553994655609,0.8713858127593994,0.6077823638916016
YMR021C,YHL047C,1,0.07448887,0.125881165266037,0.8723828792572021,0.6077823638916016
YLR371W,YLR188W,0,0.07448809,0.12586306035518646,0.8723828792572021,0.6078823804855347
YCR040W,YLR307W,0,0.07441789,0.12584495544433594,0.8723828792572021,0.6079823970794678
YOR054C,YJL129C,1,0.07441586,0.12597066164016724,0.8733798861503601,0.6079823970794678
YIL085C,YCR066W,0,0.0744068,0.1259525567293167,0.8733798861503601,0.6080824136734009
YOL005C,YPL008W,0,0.074050575,0.1259344518184662,0.8733798861503601,0.608182430267334
YGL168W,YPR118W,0,0.072986856,0.12591634690761566,0.8733798861503601,0.6082825064659119
YIL030C,YKL134C,0,0.07282375,0.12589824199676514,0.8733798861503601,0.608382523059845
YOL003C,YMR211W,0,0.072421625,0.1258801519870758,0.8733798861503601,0.6084825396537781
YGL039W,YCL020W,0,0.07235986,0.12586206197738647,0.8733798861503601,0.6085825562477112
YKL113C,YOR328W,0,0.07224372,0.12584398686885834,0.8733798861503601,0.6086826324462891
YBR171W,YCR089W,0,0.07180314,0.1258259117603302,0.8733798861503601,0.6087826490402222
YJR007W,YLR157C-B,0,0.07110081,0.12580783665180206,0.8733798861503601,0.6088826656341553
YNR032C-A,YNL139C,0,0.07068285,0.12578977644443512,0.8733798861503601,0.6089826822280884
YPR018W,YNL278W,0,0.07023473,0.12577171623706818,0.8733798861503601,0.6090826988220215
YCR008W,YMR301C,1,0.0699968,0.12589721381664276,0.8743768930435181,0.6090826988220215
YGR097W,YMR215W,0,0.069600046,0.12587913870811462,0.8743768930435181,0.6091827750205994
YCR054C,YDL212W,0,0.069345616,0.12586107850074768,0.8743768930435181,0.6092827916145325
YDR354W,YIL130W,0,0.06912709,0.12584301829338074,0.8743768930435181,0.6093828082084656
YNL186W,YHL038C,0,0.06906381,0.1258249580860138,0.8743768930435181,0.6094828248023987
YGR295C,YHR206W,0,0.06900251,0.12580691277980804,0.8743768930435181,0.6095829010009766
YPL013C,YOR070C,0,0.068818524,0.1257888674736023,0.8743768930435181,0.6096829175949097
YIL009C-A,YHR020W,0,0.068748824,0.12577083706855774,0.8743768930435181,0.6097829341888428
YMR142C,YGL226W,0,0.06868429,0.125752791762352,0.8743768930435181,0.6098829507827759
YER127W,YJR017C,0,0.06810508,0.12573476135730743,0.8743768930435181,0.609982967376709
YML019W,YOL139C,0,0.067687854,0.12571674585342407,0.8743768930435181,0.6100830435752869
YLR343W,YGL076C,0,0.06733555,0.1256987303495407,0.8743768930435181,0.61018306016922
YJL109C,YFL050C,0,0.06640195,0.12568071484565735,0.8743768930435181,0.6102830767631531
YGR087C,YER184C,0,0.06638365,0.125662699341774,0.8743768930435181,0.6103830933570862
YBR290W,YMR135C,0,0.06562555,0.12564469873905182,0.8743768930435181,0.6104831695556641
YJL042W,YDR479C,0,0.06530378,0.12562669813632965,0.8743768930435181,0.6105831861495972
YLR347C,YGR165W,0,0.06478446,0.12560871243476868,0.8743768930435181,0.6106832027435303
YCR018C,YPR056W,0,0.06453749,0.1255907267332077,0.8743768930435181,0.6107832193374634
YDR034C-D,YFL044C,0,0.06439547,0.12557274103164673,0.8743768930435181,0.6108832359313965
YNR036C,YKR085C,0,0.063859,0.12555475533008575,0.8743768930435181,0.6109833121299744
YJL106W,YIL148W,0,0.06341988,0.12553678452968597,0.8743768930435181,0.6110833287239075
YBL019W,YDL082W,0,0.06325576,0.1255188137292862,0.8743768930435181,0.6111833453178406
YJL156C,YDR020C,0,0.06297854,0.1255008578300476,0.8743768930435181,0.6112833619117737
YMR006C,YPR052C,0,0.062760025,0.12548290193080902,0.8743768930435181,0.6113834381103516
YKR086W,YGR152C,0,0.062656015,0.12546494603157043,0.8743768930435181,0.6114834547042847
YNL240C,YDR212W,0,0.06263676,0.12544700503349304,0.8743768930435181,0.6115834712982178
YER078C,YPL217C,0,0.061306402,0.12542906403541565,0.8743768930435181,0.6116834878921509
YER012W,YPR033C,0,0.061144873,0.12541112303733826,0.8743768930435181,0.6117835640907288
YDR406W,YPL017C,0,0.06087315,0.12539319694042206,0.8743768930435181,0.6118835806846619
YCR037C,YNL096C,0,0.06044051,0.12537527084350586,0.8743768930435181,0.611983597278595
YPL036W,YGL134W,0,0.060280144,0.12535734474658966,0.8743768930435181,0.6120836138725281
YIL101C,YOR172W,0,0.059979565,0.12533943355083466,0.8743768930435181,0.6121836304664612
YCL010C,YNL115C,0,0.059454277,0.12532152235507965,0.8743768930435181,0.6122837066650391
YLR378C,YDR002W,0,0.059138313,0.12530361115932465,0.8743768930435181,0.6123837232589722
YJR019C,YBR167C,0,0.058827445,0.12528571486473083,0.8743768930435181,0.6124837398529053
YPL190C,YBR065C,0,0.05861848,0.12526781857013702,0.8743768930435181,0.6125837564468384
YDL033C,YGL156W,0,0.058508612,0.1252499222755432,0.8743768930435181,0.6126838326454163
YMR192W,YGR094W,0,0.05841297,0.1252320408821106,0.8743768930435181,0.6127838492393494
YKL071W,YDR216W,0,0.058345735,0.12521415948867798,0.8743768930435181,0.6128838658332825
YDL007W,YNL132W,0,0.058249883,0.12519629299640656,0.8743768930435181,0.6129838824272156
YHR101C,YDR028C,0,0.05795844,0.12517841160297394,0.8743768930435181,0.6130838990211487
YLR448W,YGR063C,0,0.057414472,0.1251605600118637,0.8743768930435181,0.6131839752197266
YBR240C,YFL004W,0,0.056360126,0.12514269351959229,0.8743768930435181,0.6132839918136597
YCL047C,YML094W,0,0.056359693,0.12512484192848206,0.8743768930435181,0.6133840084075928
YPL024W,YDL226C,0,0.056246668,0.12510699033737183,0.8743768930435181,0.6134840250015259
YER053C,YLR061W,0,0.05569592,0.1250891387462616,0.8743768930435181,0.6135841012001038
YMR050C,YDL043C,0,0.055608094,0.12507130205631256,0.8743768930435181,0.6136841177940369
YKR007W,YLR205C,1,0.055230618,0.12519606947898865,0.875373899936676,0.6136841177940369
YNL098C,YBR112C,0,0.055206567,0.12517821788787842,0.875373899936676,0.61378413438797
YML131W,YOR383C,0,0.05515176,0.1251603662967682,0.875373899936676,0.6138841509819031
YNL083W,YKL222C,0,0.05513975,0.12514252960681915,0.875373899936676,0.6139841675758362
YBR083W,YOR091W,0,0.054884315,0.12512469291687012,0.875373899936676,0.6140842437744141
YOL049W,YJL183W,0,0.054830894,0.12510687112808228,0.875373899936676,0.6141842603683472
YBR215W,YNL021W,0,0.054774314,0.12508904933929443,0.875373899936676,0.6142842769622803
YPL248C,YOL009C,0,0.054561496,0.1250712275505066,0.875373899936676,0.6143842935562134
YPR158C-D,YPL164C,0,0.05447016,0.12505340576171875,0.875373899936676,0.6144843697547913
YHR149C,YGR017W,0,0.054322414,0.1250355988740921,0.875373899936676,0.6145843863487244
YDR221W,YKL208W,0,0.054007515,0.12501779198646545,0.875373899936676,0.6146844029426575
YPR114W,YDR098C-B,0,0.052817836,0.125,0.875373899936676,0.6147844195365906
YOR069W,YPL228W,0,0.052598953,0.12498220801353455,0.875373899936676,0.6148844361305237
YCL045C,YKL054C,0,0.0525449,0.12496441602706909,0.875373899936676,0.6149845123291016
YOL101C,YLR205C,1,0.052158415,0.12508894503116608,0.876370906829834,0.6149845123291016
YBR012W-A,YKR087C,0,0.052152246,0.12507113814353943,0.876370906829834,0.6150845289230347
YPR049C,YNL045W,0,0.05192709,0.12505334615707397,0.876370906829834,0.6151845455169678
YDR385W,YOL003C,0,0.0517243,0.12503556907176971,0.876370906829834,0.6152845621109009
YPL130W,YLR138W,0,0.051633082,0.12501777708530426,0.876370906829834,0.6153846383094788
YML087C,YDR488C,0,0.050507694,0.125,0.876370906829834,0.6154846549034119
YAL002W,YPL266W,0,0.05040759,0.12498223036527634,0.876370906829834,0.615584671497345
YBR035C,YDR107C,0,0.05010158,0.12496446073055267,0.876370906829834,0.6156846880912781
YDR100W,YDL082W,0,0.04992026,0.1249466985464096,0.876370906829834,0.615784764289856
YOR110W,YGL027C,0,0.04928775,0.12492893636226654,0.876370906829834,0.6158847808837891
YDR007W,YLL031C,0,0.049186915,0.12491118162870407,0.876370906829834,0.6159847974777222
YNL132W,YPR148C,0,0.048852414,0.1248934343457222,0.876370906829834,0.6160848140716553
YKL006C-A,YKR064W,0,0.048733234,0.12487569451332092,0.876370906829834,0.6161848306655884
YDR350C,YLR075W,0,0.048710704,0.12485795468091965,0.876370906829834,0.6162849068641663
YCL069W,YFL009W,0,0.0487018,0.12484022229909897,0.876370906829834,0.6163849234580994
YNL094W,YOR308C,0,0.048262924,0.12482248991727829,0.876370906829834,0.6164849400520325
YDR256C,YDR380W,0,0.047941417,0.1248047724366188,0.876370906829834,0.6165849566459656
YPL268W,YPL106C,0,0.04763688,0.12478705495595932,0.876370906829834,0.6166850328445435
YMR035W,YGL076C,0,0.0475019,0.12476933747529984,0.876370906829834,0.6167850494384766
YBR290W,YBL060W,0,0.047450304,0.12475163489580154,0.876370906829834,0.6168850660324097
YNL216W,YML009C,0,0.047343798,0.12473393231630325,0.876370906829834,0.6169850826263428
YER160C,YAL056W,0,0.047125086,0.12471622973680496,0.876370906829834,0.6170850992202759
YMR307W,YIL069C,0,0.047075845,0.12469854205846786,0.876370906829834,0.6171851754188538
YDL127W,YBL056W,0,0.046524122,0.12468085438013077,0.876370906829834,0.6172851920127869
YEL017C-A,YOL100W,0,0.046220556,0.12466316670179367,0.876370906829834,0.61738520860672
YNL242W,YIL016W,0,0.045591995,0.12464549392461777,0.876370906829834,0.6174852252006531
YJR056C,YEL003W,0,0.045422524,0.12462782114744186,0.876370906829834,0.617585301399231
YJR066W,YML081W,0,0.04460299,0.12461014837026596,0.876370906829834,0.6176853179931641
YNL327W,YDL150W,0,0.0445427,0.12459249049425125,0.876370906829834,0.6177853345870972
YOR389W,YNL106C,0,0.044327542,0.12457483261823654,0.876370906829834,0.6178853511810303
YML018C,YGL245W,0,0.04407288,0.12455717474222183,0.876370906829834,0.6179853677749634
YPR025C,YDR501W,0,0.04378444,0.12453953176736832,0.876370906829834,0.6180854439735413
YOR189W,YER030W,0,0.043577626,0.1245218887925148,0.876370906829834,0.6181854605674744
YLR356W,YFR042W,0,0.04301162,0.12450424581766129,0.876370906829834,0.6182854771614075
YIL064W,YKL045W,0,0.042742692,0.12448661774396896,0.876370906829834,0.6183854937553406
YJL196C,YDR450W,0,0.042681813,0.12446898967027664,0.876370906829834,0.6184855699539185
YGL253W,YOR369C,0,0.04238145,0.12445136904716492,0.876370906829834,0.6185855865478516
YJL096W,YPL157W,0,0.042156562,0.12443374842405319,0.876370906829834,0.6186856031417847
YMR282C,YLR190W,0,0.042138413,0.12441613525152206,0.876370906829834,0.6187856197357178
YPR143W,YEL064C,0,0.041846372,0.12439852952957153,0.876370906829834,0.6188856363296509
YPL194W,YGL049C,0,0.0418247,0.124380923807621,0.876370906829834,0.6189857125282288
YOR335C,YBL101C,0,0.04140488,0.12436332553625107,0.876370906829834,0.6190857291221619
YJL158C,YMR278W,0,0.041356668,0.12434573471546173,0.876370906829834,0.619185745716095
YMR131C,YMR166C,0,0.041295588,0.1243281438946724,0.876370906829834,0.6192857623100281
YMR164C,YKL010C,0,0.041143775,0.12431056797504425,0.876370906829834,0.619385838508606
YLR341W,YBR106W,0,0.04107608,0.12429298460483551,0.876370906829834,0.6194858551025391
YDR331W,YPL023C,0,0.04095681,0.12427541613578796,0.876370906829834,0.6195858716964722
YBR005W,YBL082C,0,0.040887073,0.12425784766674042,0.876370906829834,0.6196858882904053
YGR292W,YNR055C,0,0.0406582,0.12424027919769287,0.876370906829834,0.6197859644889832
YMR188C,YCR033W,0,0.040273875,0.12422272562980652,0.876370906829834,0.6198859810829163
YMR052W,YBR265W,0,0.039291248,0.12420517206192017,0.876370906829834,0.6199859976768494
YAL028W,YDR376W,0,0.0391621,0.12418762594461441,0.876370906829834,0.6200860142707825
YHL036W,YDR422C,0,0.039081424,0.12417007982730865,0.876370906829834,0.6201860308647156
YOR086C,YPR131C,0,0.03893915,0.1241525411605835,0.876370906829834,0.6202861070632935
YOL096C,YNL149C,0,0.03872487,0.12413500994443893,0.876370906829834,0.6203861236572266
YOR198C,YBL004W,0,0.038718767,0.12411747872829437,0.876370906829834,0.6204861402511597
YDR354W,YCR043C,0,0.0385466,0.12409995496273041,0.876370906829834,0.6205861568450928
YLR288C,YGR278W,0,0.038488686,0.12408243864774704,0.876370906829834,0.6206862330436707
YMR162C,YKR059W,0,0.038211145,0.12406492233276367,0.876370906829834,0.6207862496376038
YDR315C,YLR188W,0,0.037368998,0.1240474209189415,0.876370906829834,0.6208862662315369
YHR121W,YGR287C,0,0.036462203,0.12402991205453873,0.876370906829834,0.62098628282547
YNR040W,YJR126C,0,0.036061794,0.12401241809129715,0.876370906829834,0.6210862994194031
YER062C,YLR139C,0,0.036034316,0.12399492412805557,0.876370906829834,0.621186375617981
YDR363W-A,YAL059W,0,0.03594522,0.123977430164814,0.876370906829834,0.6212863922119141
YOR381W,YOL002C,1,0.035549402,0.12410097569227219,0.8773679137229919,0.6212863922119141
YIL171W,YJL078C,0,0.03542316,0.12408347427845001,0.8773679137229919,0.6213864088058472
YER127W,YBR273C,0,0.035393476,0.12406598031520844,0.8773679137229919,0.6214864253997803
YLR369W,YDR376W,1,0.035113484,0.12418945878744125,0.8783649206161499,0.6214864253997803
YKL112W,YLR192C,0,0.03492502,0.12417194992303848,0.8783649206161499,0.6215865015983582
YGR087C,YJL090C,0,0.034324408,0.1241544559597969,0.8783649206161499,0.6216865181922913
YPR008W,YLR116W,0,0.033592105,0.12413696199655533,0.8783649206161499,0.6217865347862244
YOR198C,YPL164C,0,0.0332904,0.12411946803331375,0.8783649206161499,0.6218865513801575
YJL115W,YPL060W,0,0.032984197,0.12410198897123337,0.8783649206161499,0.6219865679740906
YOL060C,YDL144C,0,0.03290291,0.12408450990915298,0.8783649206161499,0.6220866441726685
YOR369C,YDR244W,0,0.03278973,0.1240670308470726,0.8783649206161499,0.6221866607666016
YBR199W,YMR016C,0,0.032346264,0.12404956668615341,0.8783649206161499,0.6222866773605347
YKR088C,YLR086W,0,0.03202814,0.12403210252523422,0.8783649206161499,0.6223866939544678
YJL059W,YGR092W,1,0.031029018,0.12415540218353271,0.8793619275093079,0.6223866939544678
YPL168W,YMR092C,0,0.030737521,0.12413793057203293,0.8793619275093079,0.6224867701530457
YBL024W,YER028C,0,0.030388566,0.12412045896053314,0.8793619275093079,0.6225867867469788
YML010W,YFL041W,0,0.029695408,0.12410299479961395,0.8793619275093079,0.6226868033409119
YGR002C,YCR010C,0,0.02881314,0.12408553808927536,0.8793619275093079,0.622786819934845
YDL017W,YER086W,0,0.028633507,0.12406808137893677,0.8793619275093079,0.6228868365287781
YGR257C,YPL233W,0,0.028548809,0.12405063211917877,0.8793619275093079,0.622986912727356
YOL018C,YML034W,0,0.027922967,0.12403319031000137,0.8793619275093079,0.6230869293212891
YBL074C,YNL257C,0,0.027904967,0.12401574850082397,0.8793619275093079,0.6231869459152222
YDR096W,YOL157C,0,0.027510716,0.12399831414222717,0.8793619275093079,0.6232869625091553
YPL024W,YCR094W,0,0.027478429,0.12398087978363037,0.8793619275093079,0.6233870387077332
YOL017W,YNL317W,0,0.027131112,0.12396346032619476,0.8793619275093079,0.6234870553016663
YOR269W,YHR083W,0,0.026938008,0.12394603341817856,0.8793619275093079,0.6235870718955994
YAR010C,YCR088W,0,0.026554795,0.12392862141132355,0.8793619275093079,0.6236870884895325
YGR087C,YPL061W,0,0.026444333,0.12391120940446854,0.8793619275093079,0.6237871646881104
YIL015W,YPL157W,0,0.025394836,0.12389380484819412,0.8793619275093079,0.6238871812820435
YJR143C,YGR212W,0,0.024945902,0.1238764077425003,0.8793619275093079,0.6239871978759766
YOR273C,YOL033W,0,0.024919445,0.12385901063680649,0.8793619275093079,0.6240872144699097
YBR245C,YCR028C,0,0.024114186,0.12384162098169327,0.8793619275093079,0.6241872310638428
YHL009C,YER032W,0,0.023943337,0.12382423132658005,0.8793619275093079,0.6242873072624207
YJR160C,YKL157W,0,0.023822458,0.12380684912204742,0.8793619275093079,0.6243873238563538
YIL040W,YER167W,0,0.023523526,0.1237894743680954,0.8793619275093079,0.6244873404502869
YNR032C-A,YGR049W,0,0.023314046,0.12377209961414337,0.8793619275093079,0.62458735704422
YML118W,YDR077W,0,0.023099633,0.12375473231077194,0.8793619275093079,0.6246874332427979
YDR099W,YPL085W,0,0.02302483,0.12373737245798111,0.8793619275093079,0.624787449836731
YJR159W,YBR244W,0,0.023022698,0.12372002005577087,0.8793619275093079,0.6248874664306641
YIL109C,YMR280C,0,0.02268737,0.12370266765356064,0.8793619275093079,0.6249874830245972
YJL090C,YML102W,0,0.022595907,0.1236853152513504,0.8793619275093079,0.6250874996185303
YEL003W,YLL048C,0,0.022520991,0.12366797775030136,0.8793619275093079,0.6251875758171082
YOR019W,YGL021W,0,0.021768631,0.12365064024925232,0.8793619275093079,0.6252875924110413
YDR087C,YDR268W,0,0.021554591,0.12363330274820328,0.8793619275093079,0.6253876090049744
YDR247W,YGR030C,0,0.021169359,0.12361598014831543,0.8793619275093079,0.6254876255989075
YIL026C,YDL220C,0,0.020800473,0.12359865754842758,0.8793619275093079,0.6255877017974854
YJL080C,YOR371C,0,0.020764979,0.12358133494853973,0.8793619275093079,0.6256877183914185
YAL003W,YMR234W,0,0.019315524,0.12356402724981308,0.8793619275093079,0.6257877349853516
YGL063W,YLL014W,0,0.01883811,0.12354671210050583,0.8793619275093079,0.6258877515792847
YIL123W,YLR403W,0,0.018825391,0.12352941185235977,0.8793619275093079,0.6259877681732178
YDR397C,YNL315C,0,0.018705698,0.12351211160421371,0.8793619275093079,0.6260878443717957
YOR087W,YPL124W,0,0.01818263,0.12349481880664825,0.8793619275093079,0.6261878609657288
YOL116W,YCR071C,0,0.018070685,0.12347753345966339,0.8793619275093079,0.6262878775596619
YIL044C,YER167W,0,0.017755063,0.12346024811267853,0.8793619275093079,0.626387894153595
YGR088W,YDR180W,0,0.017390283,0.12344297021627426,0.8793619275093079,0.6264879703521729
YKL017C,YOR233W,0,0.017336303,0.12342569231987,0.8793619275093079,0.626587986946106
YPL023C,YDL104C,0,0.017103093,0.12340842187404633,0.8793619275093079,0.6266880035400391
YBL080C,YOL137W,0,0.016968807,0.12339115887880325,0.8793619275093079,0.6267880201339722
YOL068C,YDL136W,0,0.016878033,0.12337389588356018,0.8793619275093079,0.6268880367279053
YOR193W,YNR019W,0,0.016734807,0.1233566403388977,0.8793619275093079,0.6269881129264832
YBR149W,YNL328C,0,0.016464712,0.12333939224481583,0.8793619275093079,0.6270881295204163
YPR102C,YGL254W,0,0.016381206,0.12332214415073395,0.8793619275093079,0.6271881461143494
YIL121W,YDL092W,0,0.016265342,0.12330490350723267,0.8793619275093079,0.6272881627082825
YOR063W,YJL090C,0,0.01607308,0.12328767031431198,0.8793619275093079,0.6273882389068604
YOR188W,YEL018W,0,0.015299978,0.1232704371213913,0.8793619275093079,0.6274882555007935
YPL152W,YGL229C,0,0.014518628,0.12325321137905121,0.8793619275093079,0.6275882720947266
YMR311C,YBL080C,0,0.014242435,0.12323599308729172,0.8793619275093079,0.6276882886886597
YHR193C,YGR211W,0,0.0139315445,0.12321877479553223,0.8793619275093079,0.6277883648872375
YPR124W,YKL006W,0,0.01376796,0.12320156395435333,0.8793619275093079,0.6278883814811707
YOL125W,YLR131C,0,0.013571875,0.12318436056375504,0.8793619275093079,0.6279883980751038
YHL036W,YGR128C,0,0.013518931,0.12316715717315674,0.8793619275093079,0.6280884146690369
YKL222C,YCR016W,0,0.013517955,0.12314996123313904,0.8793619275093079,0.62818843126297
YGL025C,YGR014W,0,0.012897702,0.12313276529312134,0.8793619275093079,0.6282885074615479
YMR204C,YOR059C,0,0.012854556,0.12311557680368423,0.8793619275093079,0.628388524055481
YLR100W,YAL068C,0,0.012782978,0.12309839576482773,0.8793619275093079,0.6284885406494141
YER053C,YDR234W,0,0.012207897,0.12308121472597122,0.8793619275093079,0.6285885572433472
YGL045W,YDL229W,0,0.012155997,0.12306404113769531,0.8793619275093079,0.628688633441925
YOR066W,YLR398C,0,0.011418553,0.123046875,0.8793619275093079,0.6287886500358582
YFR007W,YPR108W,0,0.011352973,0.12302970886230469,0.8793619275093079,0.6288886666297913
YHR138C,YGR289C,0,0.010635043,0.12301255017518997,0.8793619275093079,0.6289886832237244
YJL045W,YPL270W,0,0.0102191735,0.12299539893865585,0.8793619275093079,0.6290886998176575
YBR009C,YOR075W,0,0.0101596285,0.12297824770212173,0.8793619275093079,0.6291887760162354
YKL011C,YCL011C,0,0.0097264405,0.12296110391616821,0.8793619275093079,0.6292887926101685
YJL003W,YCL033C,0,0.009724053,0.12294396758079529,0.8793619275093079,0.6293888092041016
YDR447C,YBL019W,0,0.00956467,0.12292683124542236,0.8793619275093079,0.6294888257980347
YLL005C,YDR084C,0,0.009030776,0.12290970236063004,0.8793619275093079,0.6295889019966125
YGL023C,YIL063C,0,0.008908661,0.12289257347583771,0.8793619275093079,0.6296889185905457
YOR143C,YOR362C,0,0.008862169,0.12287545204162598,0.8793619275093079,0.6297889351844788
YPL030W,YBL082C,0,0.00821613,0.12285833805799484,0.8793619275093079,0.6298889517784119
YDR236C,YFR028C,0,0.008020522,0.12284122407436371,0.8793619275093079,0.629988968372345
YBL037W,YEL060C,0,0.0072883684,0.12282411754131317,0.8793619275093079,0.6300890445709229
YOR267C,YLR447C,1,0.006873848,0.12294625490903854,0.8803589344024658,0.6300890445709229
YCL048W,YMR023C,0,0.0067940485,0.12292914092540741,0.8803589344024658,0.630189061164856
YHR114W,YEL017C-A,0,0.0062356014,0.12291202694177628,0.8803589344024658,0.6302890777587891
YLL039C,YDL069C,0,0.0059263874,0.12289492040872574,0.8803589344024658,0.6303890943527222
YDR151C,YMR301C,1,0.0058820974,0.12301697582006454,0.8813559412956238,0.6303890943527222
YAR042W,YOL138C,0,0.0057896096,0.12299986183643341,0.8813559412956238,0.6304891705513
YIL008W,YGL032C,0,0.0057749916,0.12298274785280228,0.8813559412956238,0.6305891871452332
YHL050C,YLL013C,0,0.0050213356,0.12296564131975174,0.8813559412956238,0.6306892037391663
YER119C,YMR048W,0,0.0048489887,0.1229485422372818,0.8813559412956238,0.6307892203330994
YPL193W,YMR266W,0,0.0046997014,0.12293144315481186,0.8813559412956238,0.6308892965316772
YPL069C,YNR027W,0,0.0046521444,0.12291435152292252,0.8813559412956238,0.6309893131256104
YLR186W,YOR177C,0,0.004478695,0.12289725989103317,0.8813559412956238,0.6310893297195435
YOL123W,YCR047C,0,0.0039566215,0.12288017570972443,0.8813559412956238,0.6311893463134766
YHR118C,YJL076W,0,0.003803121,0.12286309897899628,0.8813559412956238,0.6312893629074097
YJL012C,YIL027C,0,0.0035220701,0.12284602224826813,0.8813559412956238,0.6313894391059875
YEL054C,YLR121C,0,0.0033018235,0.12282895296812057,0.8813559412956238,0.6314894556999207
YBR208C,YGL029W,0,0.0028390605,0.12281189113855362,0.8813559412956238,0.6315894722938538
YIL109C,YDL229W,0,0.002593765,0.12279482930898666,0.8813559412956238,0.6316894888877869
YGR076C,YPL090C,0,0.002581695,0.1227777749300003,0.8813559412956238,0.6317895650863647
YMR067C,YHL044W,0,0.0025443304,0.12276072800159454,0.8813559412956238,0.6318895816802979
YIL093C,YAL056W,0,0.0023282561,0.12274368107318878,0.8813559412956238,0.631989598274231
YLR003C,YBR159W,0,0.0022055302,0.12272664159536362,0.8813559412956238,0.6320896148681641
YMR224C,YMR305C,0,0.0021606628,0.12270960211753845,0.8813559412956238,0.6321896314620972
YGR062C,YER164W,0,0.0017416719,0.12269257754087448,0.8813559412956238,0.632289707660675
YJR049C,YDR492W,1,0.0015665721,0.12281432002782822,0.8823529481887817,0.632289707660675
YHL026C,YGL044C,0,0.00075252913,0.12279728055000305,0.8823529481887817,0.6323897242546082
YBR033W,YIL126W,0,0.00071416236,0.12278024107217789,0.8823529481887817,0.6324897408485413
YKL032C,YER164W,0,0.0005172882,0.12276320904493332,0.8823529481887817,0.6325897574424744
YDR466W,YER088C,0,0.0003912542,0.12274618446826935,0.8823529481887817,0.6326898336410522
YKL134C,YMR301C,1,0.0002619326,0.12286783754825592,0.8833499550819397,0.6326898336410522
YDR515W,YDR348C,0,-0.0012616199,0.12285080552101135,0.8833499550819397,0.6327898502349854
YJR047C,YGR004W,0,-0.0014918204,0.12283377349376678,0.8833499550819397,0.6328898668289185
YNL328C,YKL218C,0,-0.0020372402,0.12281674891710281,0.8833499550819397,0.6329898834228516
YOR380W,YDR388W,0,-0.0022773128,0.12279972434043884,0.8833499550819397,0.6330899000167847
YOR254C,YPR061C,0,-0.0023629125,0.12278270721435547,0.8833499550819397,0.6331899762153625
YNL288W,YGL124C,0,-0.0027024057,0.1227656900882721,0.8833499550819397,0.6332899928092957
YJR035W,YML029W,0,-0.0027642231,0.12274868041276932,0.8833499550819397,0.6333900094032288
YLR061W,YKR001C,0,-0.0030453186,0.12273167818784714,0.8833499550819397,0.6334900259971619
YMR011W,YMR041C,0,-0.0030799638,0.12271468341350555,0.8833499550819397,0.6335901021957397
YGL226W,YFR037C,0,-0.0037868302,0.12269768863916397,0.8833499550819397,0.6336901187896729
YDL051W,YGR202C,0,-0.003947718,0.12268070131540298,0.8833499550819397,0.633790135383606
YPL089C,YAR009C,0,-0.004016651,0.122663713991642,0.8833499550819397,0.6338901519775391
YOR100C,YOR308C,0,-0.0040525477,0.12264673411846161,0.8833499550819397,0.6339901685714722
YDL190C,YNR020C,0,-0.0040720087,0.12262975424528122,0.8833499550819397,0.63409024477005
YGL211W,YPL158C,0,-0.0043628123,0.12261278927326202,0.8833499550819397,0.6341902613639832
YDL113C,YDR198C,0,-0.004622204,0.12259582430124283,0.8833499550819397,0.6342902779579163
YLR071C,YGL251C,0,-0.0046480503,0.12257885932922363,0.8833499550819397,0.6343902945518494
YLR460C,YLR341W,0,-0.004753677,0.12256190180778503,0.8833499550819397,0.6344903707504272
YDR394W,YLR307W,0,-0.0047598686,0.12254495173692703,0.8833499550819397,0.6345903873443604
YPL126W,YPL249C,0,-0.0049248617,0.12252800166606903,0.8833499550819397,0.6346904039382935
YNL047C,YER176W,0,-0.0050441977,0.12251105904579163,0.8833499550819397,0.6347904205322266
YPR037C,YJL014W,0,-0.005514277,0.12249412387609482,0.8833499550819397,0.6348904967308044
YGR159C,YPR032W,0,-0.0057057645,0.12247718870639801,0.8833499550819397,0.6349905133247375
YKL192C,YML054C,0,-0.0060801785,0.1224602609872818,0.8833499550819397,0.6350905299186707
YPL202C,YEL031W,1,-0.006305335,0.12258153408765793,0.8843469619750977,0.6350905299186707
YHR134W,YJR043C,0,-0.006403623,0.12256459891796112,0.8843469619750977,0.6351905465126038
YBL066C,YGR048W,0,-0.0064637046,0.12254766374826431,0.8843469619750977,0.6352905631065369
YFL029C,YJL153C,0,-0.006468175,0.1225307360291481,0.8843469619750977,0.6353906393051147
YJL001W,YBR193C,0,-0.007155588,0.12251381576061249,0.8843469619750977,0.6354906558990479
YOL101C,YMR243C,1,-0.007673582,0.12263499200344086,0.8853439688682556,0.6354906558990479
YDR034C-D,YLR313C,0,-0.008146031,0.12261806428432465,0.8853439688682556,0.635590672492981
YPR201W,YGL048C,0,-0.008506162,0.12260112911462784,0.8853439688682556,0.6356906890869141
YGL020C,YOR094W,0,-0.0085826665,0.12258420884609222,0.8853439688682556,0.6357907652854919
YOR193W,YCR003W,0,-0.009024529,0.12256728857755661,0.8853439688682556,0.635890781879425
YMR307W,YBL063W,0,-0.009787811,0.12255037575960159,0.8853439688682556,0.6359907984733582
YMR060C,YNL210W,0,-0.009790508,0.12253346294164658,0.8853439688682556,0.6360908150672913
YLR044C,YGR068C,0,-0.010295583,0.12251655757427216,0.8853439688682556,0.6361908316612244
YLR408C,YGL092W,0,-0.010518713,0.12249965220689774,0.8853439688682556,0.6362909078598022
YJL216C,YNR059W,0,-0.010518728,0.12248276174068451,0.8853439688682556,0.6363909244537354
YNL071W,YCR024C,0,-0.010550035,0.12246586382389069,0.8853439688682556,0.6364909410476685
YHR128W,YBR068C,0,-0.0107882,0.12244898080825806,0.8853439688682556,0.6365909576416016
YLR190W,YLL028W,0,-0.010790316,0.12243209779262543,0.8853439688682556,0.6366910338401794
YJR099W,YOR009W,0,-0.011227904,0.1224152222275734,0.8853439688682556,0.6367910504341125
YHL007C,YJL013C,0,-0.011281988,0.12239834666252136,0.8853439688682556,0.6368910670280457
YJR058C,YHL009W-B,0,-0.011639712,0.12238147854804993,0.8853439688682556,0.6369910836219788
YNR046W,YIL118W,0,-0.01197329,0.12236461043357849,0.8853439688682556,0.6370911002159119
YHR021C,YDR036C,0,-0.012879727,0.12234775722026825,0.8853439688682556,0.6371911764144897
YPL212C,YPL060W,0,-0.013162879,0.12233089655637741,0.8853439688682556,0.6372911930084229
YOR127W,YBR159W,0,-0.013196519,0.12231405079364777,0.8853439688682556,0.637391209602356
YIL075C,YOR118W,0,-0.013231678,0.12229720503091812,0.8853439688682556,0.6374912261962891
YDR326C,YBR122C,0,-0.013378991,0.12228036671876907,0.8853439688682556,0.6375913023948669
YER081W,YHR214W,0,-0.013670376,0.12226352840662003,0.8853439688682556,0.6376913189888
YDL113C,YBR265W,0,-0.013685001,0.12224669754505157,0.8853439688682556,0.6377913355827332
YML092C,YNL191W,0,-0.013770012,0.12222986668348312,0.8853439688682556,0.6378913521766663
YOR356W,YDR384C,0,-0.01389852,0.12221305072307587,0.8853439688682556,0.6379913687705994
YMR199W,YAR007C,0,-0.013960836,0.12219622731208801,0.8853439688682556,0.6380914449691772
YGL257C,YER031C,0,-0.013980104,0.12217941880226135,0.8853439688682556,0.6381914615631104
YJL054W,YMR167W,0,-0.014124274,0.12216261029243469,0.8853439688682556,0.6382914781570435
YHL026C,YEL047C,0,-0.014151005,0.12214580178260803,0.8853439688682556,0.6383914947509766
YPL056C,YLR340W,0,-0.014180077,0.12212900817394257,0.8853439688682556,0.6384915709495544
YOR095C,YDL115C,0,-0.014185635,0.1221122145652771,0.8853439688682556,0.6385915875434875
YHR062C,YPL155C,0,-0.0145096835,0.12209542095661163,0.8853439688682556,0.6386916041374207
YDR361C,YOR009W,0,-0.015125727,0.12207863479852676,0.8853439688682556,0.6387916207313538
YBR207W,YCL066W,0,-0.015650688,0.12206185609102249,0.8853439688682556,0.6388916969299316
YKR053C,YIL107C,0,-0.015952086,0.12204507738351822,0.8853439688682556,0.6389917135238647
YNL322C,YER159C-A,0,-0.0160863,0.12202830612659454,0.8853439688682556,0.6390917301177979
YMR113W,YCR088W,0,-0.016235327,0.12201154232025146,0.8853439688682556,0.639191746711731
YGR109C,YOL002C,0,-0.016349932,0.12199477851390839,0.8853439688682556,0.6392917633056641
YBR019C,YJL207C,0,-0.016360072,0.1219780221581459,0.8853439688682556,0.6393918395042419
YMR177W,YML063W,0,-0.016834984,0.12196126580238342,0.8853439688682556,0.639491856098175
YOR192C,YKL010C,0,-0.017348604,0.12194452434778214,0.8853439688682556,0.6395918726921082
YBR291C,YER087C-A,0,-0.018283552,0.12192777544260025,0.8853439688682556,0.6396918892860413
YDL108W,YHR178W,0,-0.018667733,0.12191104143857956,0.8853439688682556,0.6397919654846191
YHR037W,YER032W,0,-0.01883707,0.12189429998397827,0.8853439688682556,0.6398919820785522
YAL011W,YBL078C,0,-0.019024773,0.12187757343053818,0.8853439688682556,0.6399919986724854
YDL008W,YLR066W,0,-0.019173948,0.12186084687709808,0.8853439688682556,0.6400920152664185
YML046W,YOL121C,0,-0.019317864,0.12184412777423859,0.8853439688682556,0.6401920318603516
YLR172C,YDL092W,0,-0.019472891,0.12182740867137909,0.8853439688682556,0.6402921080589294
YLR242C,YOR061W,0,-0.019610962,0.12181069701910019,0.8853439688682556,0.6403921246528625
YPL168W,YMR161W,0,-0.019692654,0.12179399281740189,0.8853439688682556,0.6404921412467957
YOR198C,YDR438W,0,-0.019815793,0.12177728861570358,0.8853439688682556,0.6405921578407288
YGR078C,YML004C,0,-0.020481346,0.12176059186458588,0.8853439688682556,0.6406922340393066
YAR014C,YBR291C,0,-0.021013347,0.12174390256404877,0.8853439688682556,0.6407922506332397
YNR046W,YDR380W,0,-0.021521358,0.12172721326351166,0.8853439688682556,0.6408922672271729
YHR072W-A,YDL193W,0,-0.021695876,0.12171052396297455,0.8853439688682556,0.640992283821106
YGR274C,YDR057W,0,-0.021863258,0.12169384956359863,0.8853439688682556,0.6410923004150391
YEL021W,YAL068C,0,-0.022336034,0.12167717516422272,0.8853439688682556,0.6411923766136169
YDL138W,YMR043W,0,-0.022579616,0.1216605007648468,0.8853439688682556,0.64129239320755
YDR406W,YMR224C,0,-0.022705002,0.12164383381605148,0.8853439688682556,0.6413924098014832
YFL029C,YFR032C-A,0,-0.023230795,0.12162717431783676,0.8853439688682556,0.6414924263954163
YNL041C,YOL148C,0,-0.023999384,0.12161051481962204,0.8853439688682556,0.6415925025939941
YKR086W,YDR088C,0,-0.024022853,0.12159386277198792,0.8853439688682556,0.6416925191879272
YMR175W,YLR120C,0,-0.024283474,0.12157721817493439,0.8853439688682556,0.6417925357818604
YDR169C,YDR142C,0,-0.02435789,0.12156057357788086,0.8853439688682556,0.6418925523757935
YDL145C,YBR193C,0,-0.02441272,0.12154393643140793,0.8853439688682556,0.6419925689697266
YOL059W,YMR234W,0,-0.024462475,0.121527299284935,0.8853439688682556,0.6420926451683044
YLR369W,YDR151C,1,-0.024506351,0.12164750695228577,0.8863409757614136,0.6420926451683044
YNR024W,YML041C,0,-0.024534633,0.12163086235523224,0.8863409757614136,0.6421926617622375
YNR048W,YGL065C,0,-0.025414838,0.12161422520875931,0.8863409757614136,0.6422926783561707
YLL016W,YAL047C,0,-0.025848856,0.12159759551286697,0.8863409757614136,0.6423926949501038
YNL243W,YPL248C,0,-0.026414337,0.12158096581697464,0.8863409757614136,0.6424927711486816
YNL275W,YEL050C,0,-0.027106488,0.1215643361210823,0.8863409757614136,0.6425927877426147
YNL116W,YPL141C,0,-0.027219316,0.12154771387577057,0.8863409757614136,0.6426928043365479
YOR236W,YKR001C,0,-0.027279554,0.12153109908103943,0.8863409757614136,0.642792820930481
YDR071C,YLR341W,0,-0.027647628,0.12151449173688889,0.8863409757614136,0.6428928971290588
YLR045C,YML014W,0,-0.027740536,0.12149788439273834,0.8863409757614136,0.6429929137229919
YOR346W,YAL068C,0,-0.028110754,0.1214812770485878,0.8863409757614136,0.643092930316925
YNL098C,YLL018C-A,0,-0.028345564,0.12146468460559845,0.8863409757614136,0.6431929469108582
YGR161C-D,YDR264C,0,-0.028783908,0.1214480847120285,0.8863409757614136,0.6432929635047913
YPL085W,YJL073W,0,-0.028806834,0.12143149971961975,0.8863409757614136,0.6433930397033691
YMR166C,YGR283C,0,-0.029624684,0.121414914727211,0.8863409757614136,0.6434930562973022
YDL214C,YKL079W,0,-0.02964799,0.12139833718538284,0.8863409757614136,0.6435930728912354
YAR008W,YLR370C,0,-0.030588595,0.12138175964355469,0.8863409757614136,0.6436930894851685
YKR065C,YMR053C,0,-0.03059913,0.12136518955230713,0.8863409757614136,0.6437931656837463
YGR256W,YDR165W,0,-0.030628053,0.12134861946105957,0.8863409757614136,0.6438931822776794
YLR240W,YLR058C,0,-0.031816125,0.12133205682039261,0.8863409757614136,0.6439931988716125
YKR046C,YLR385C,0,-0.03200245,0.12131550163030624,0.8863409757614136,0.6440932154655457
YML104C,YNL312W,0,-0.03209269,0.12129894644021988,0.8863409757614136,0.6441932320594788
YBR168W,YMR184W,0,-0.03215286,0.12128239870071411,0.8863409757614136,0.6442933082580566
YKL088W,YAR007C,0,-0.032413684,0.12126585841178894,0.8863409757614136,0.6443933248519897
YDR189W,YBR097W,0,-0.03263332,0.12124931812286377,0.8863409757614136,0.6444933414459229
YLR333C,YKL197C,0,-0.032678068,0.1212327852845192,0.8863409757614136,0.644593358039856
YML110C,YMR135C,0,-0.03277898,0.12121625244617462,0.8863409757614136,0.6446934342384338
YDR201W,YMR303C,0,-0.032915905,0.12119972705841064,0.8863409757614136,0.6447934508323669
YPR156C,YHL006C,0,-0.03315337,0.12118320912122726,0.8863409757614136,0.6448934674263
YBL030C,YDL069C,0,-0.033175334,0.12116669118404388,0.8863409757614136,0.6449934840202332
YKL056C,YJL062W,0,-0.033517033,0.1211501806974411,0.8863409757614136,0.6450935006141663
YOR026W,YFR040W,0,-0.034104407,0.12113367021083832,0.8863409757614136,0.6451935768127441
YBR171W,YOR058C,0,-0.034206226,0.12111716717481613,0.8863409757614136,0.6452935934066772
YJR129C,YER018C,0,-0.03426048,0.12110066413879395,0.8863409757614136,0.6453936100006104
YER111C,YBR167C,0,-0.03429573,0.12108417600393295,0.8863409757614136,0.6454936265945435
YDR055W,YLR067C,0,-0.034633055,0.12106768041849136,0.8863409757614136,0.6455937027931213
YDR464W,YIR015W,0,-0.034654416,0.12105119973421097,0.8863409757614136,0.6456937193870544
YBR189W,YDL104C,0,-0.034969382,0.12103471904993057,0.8863409757614136,0.6457937359809875
YBR181C,YDR103W,0,-0.035016783,0.12101823836565018,0.8863409757614136,0.6458937525749207
YCL017C,YHR039C-A,1,-0.035689577,0.12113787978887558,0.8873379826545715,0.6458937525749207
YDR201W,YOR259C,0,-0.036109626,0.12112139165401459,0.8873379826545715,0.6459937691688538
YDR189W,YMR277W,0,-0.03699682,0.12110491096973419,0.8873379826545715,0.6460938453674316
YLR246W,YDR217C,0,-0.037021138,0.1210884377360344,0.8873379826545715,0.6461938619613647
YGR129W,YDR038C,0,-0.03717293,0.1210719645023346,0.8873379826545715,0.6462938785552979
YGL100W,YPL081W,0,-0.037205763,0.1210554987192154,0.8873379826545715,0.646393895149231
YGL126W,YBR160W,0,-0.038197488,0.12103903293609619,0.8873379826545715,0.6464939713478088
YNL278W,YLR287C-A,0,-0.038656235,0.12102257460355759,0.8873379826545715,0.6465939879417419
YJR065C,YCL054W,0,-0.038696826,0.12100611627101898,0.8873379826545715,0.646694004535675
YDR307W,YDR303C,0,-0.03887049,0.12098966538906097,0.8873379826545715,0.6467940211296082
YJL092W,YDR483W,0,-0.039968543,0.12097322195768356,0.8873379826545715,0.646894097328186
YOR181W,YGL231C,0,-0.04035434,0.12095677852630615,0.8873379826545715,0.6469941139221191
YOR079C,YMR301C,1,-0.040532067,0.12107623368501663,0.8883349895477295,0.6469941139221191
YIL147C,YPR067W,0,-0.041358903,0.12105978280305862,0.8883349895477295,0.6470941305160522
YLR274W,YHR094C,0,-0.041369528,0.12104333937168121,0.8883349895477295,0.6471941471099854
YKR090W,YMR313C,0,-0.04165773,0.1210268959403038,0.8883349895477295,0.6472941637039185
YLR147C,YIL173W,0,-0.04226931,0.12101045995950699,0.8883349895477295,0.6473942399024963
YDL017W,YMR017W,0,-0.042342477,0.12099402397871017,0.8883349895477295,0.6474942564964294
YKL113C,YOL078W,0,-0.04259646,0.12097759544849396,0.8883349895477295,0.6475942730903625
YBR181C,YAL008W,0,-0.043017775,0.12096117436885834,0.8883349895477295,0.6476942896842957
YOR264W,YPR070W,0,-0.04303743,0.12094475328922272,0.8883349895477295,0.6477943658828735
YIL106W,YBR136W,0,-0.04307951,0.1209283396601677,0.8883349895477295,0.6478943824768066
YJL115W,YBR089C-A,0,-0.043219417,0.12091192603111267,0.8883349895477295,0.6479943990707397
YDR208W,YPL033C,0,-0.043316454,0.12089551985263824,0.8883349895477295,0.6480944156646729
YIL037C,YJR049C,0,-0.04373747,0.12087912112474442,0.8883349895477295,0.648194432258606
YNL265C,YDR115W,0,-0.043915316,0.12086272239685059,0.8883349895477295,0.6482945084571838
YER045C,YOR368W,0,-0.044411965,0.12084633111953735,0.8883349895477295,0.6483945250511169
YHR193C,YBL090W,0,-0.044589147,0.12082993984222412,0.8883349895477295,0.64849454164505
YBR098W,YCR047C,0,-0.044900917,0.12081355601549149,0.8883349895477295,0.6485945582389832
YHL024W,YAR007C,0,-0.04510756,0.12079717963933945,0.8883349895477295,0.648694634437561
YGL019W,YDR205W,1,-0.04542681,0.12091635912656784,0.8893319964408875,0.648694634437561
YIL075C,YFL031W,0,-0.045725837,0.1208999752998352,0.8893319964408875,0.6487946510314941
YER127W,YLR286C,0,-0.04580453,0.12088359147310257,0.8893319964408875,0.6488946676254272
YJR002W,YOL103W,0,-0.04591819,0.12086720764636993,0.8893319964408875,0.6489946842193604
YPL088W,YDL099W,0,-0.04599209,0.1208508312702179,0.8893319964408875,0.6490947008132935
YDR202C,YDR492W,1,-0.04636465,0.12096992880105972,0.8903290033340454,0.6490947008132935
YLR310C,YHR186C,0,-0.046608537,0.12095354497432709,0.8903290033340454,0.6491947770118713
YOR227W,YMR116C,0,-0.046643637,0.12093716114759445,0.8903290033340454,0.6492947936058044
YER153C,YJL047C,0,-0.047058683,0.12092078477144241,0.8903290033340454,0.6493948101997375
YOL132W,YJL076W,0,-0.04716284,0.12090441584587097,0.8903290033340454,0.6494948267936707
YBR280C,YBL067C,0,-0.047307305,0.12088804692029953,0.8903290033340454,0.6495949029922485
YCR086W,YGR244C,0,-0.04769978,0.12087168544530869,0.8903290033340454,0.6496949195861816
YOR147W,YLR023C,1,-0.04777153,0.12099066376686096,0.8913260102272034,0.6496949195861816
YDR088C,YOR003W,0,-0.04780093,0.12097428739070892,0.8913260102272034,0.6497949361801147
YPL241C,YIL148W,0,-0.04788153,0.12095791846513748,0.8913260102272034,0.6498949527740479
YMR202W,YOR233W,0,-0.047892004,0.12094155699014664,0.8913260102272034,0.649994969367981
YDL142C,YJL129C,1,-0.04800491,0.12106046080589294,0.8923230171203613,0.649994969367981
YIL130W,YOL126C,0,-0.0487781,0.1210440918803215,0.8923230171203613,0.6500950455665588
YDR464W,YER177W,0,-0.048839323,0.12102772295475006,0.8923230171203613,0.6501950621604919
YKL092C,YPR102C,0,-0.04886861,0.12101135402917862,0.8923230171203613,0.650295078754425
YLR239C,YOR026W,0,-0.049114607,0.12099500000476837,0.8923230171203613,0.6503950953483582
YMR012W,YOR192C-B,0,-0.04937476,0.12097864598035812,0.8923230171203613,0.650495171546936
YJR015W,YLR057W,0,-0.049393885,0.12096229195594788,0.8923230171203613,0.6505951881408691
YPL183C,YAL008W,0,-0.049738884,0.12094594538211823,0.8923230171203613,0.6506952047348022
YDR228C,YBR039W,0,-0.049950317,0.12092960625886917,0.8923230171203613,0.6507952213287354
YMR322C,YPR134W,0,-0.05028274,0.12091326713562012,0.8923230171203613,0.6508952975273132
YKL039W,YOL156W,0,-0.05045943,0.12089693546295166,0.8923230171203613,0.6509953141212463
YPL215W,YPL153C,0,-0.050612837,0.1208806037902832,0.8923230171203613,0.6510953307151794
YML104C,YAL035W,0,-0.050925262,0.12086427956819534,0.8923230171203613,0.6511953473091125
YMR277W,YJR144W,0,-0.051008575,0.12084796279668808,0.8923230171203613,0.6512953639030457
YPL209C,YAL047C,0,-0.051185384,0.12083164602518082,0.8923230171203613,0.6513954401016235
YKR029C,YBR291C,0,-0.05133462,0.12081533670425415,0.8923230171203613,0.6514954566955566
YKL056C,YKL059C,0,-0.051419966,0.12079902738332748,0.8923230171203613,0.6515954732894897
YMR257C,YHR106W,0,-0.051539265,0.12078272551298141,0.8923230171203613,0.6516954898834229
YLR037C,YER028C,0,-0.051606223,0.12076643109321594,0.8923230171203613,0.6517955660820007
YHR111W,YMR083W,0,-0.051950723,0.12075013667345047,0.8923230171203613,0.6518955826759338
YJL033W,YLR148W,0,-0.05228316,0.120733842253685,0.8923230171203613,0.6519955992698669
YGL222C,YPL116W,0,-0.052593358,0.12071756273508072,0.8923230171203613,0.6520956158638
YNL067W,YKL092C,0,-0.052925818,0.12070128321647644,0.8923230171203613,0.6521956324577332
YDL042C,YHL003C,0,-0.054008335,0.12068500369787216,0.8923230171203613,0.652295708656311
YMR289W,YNL068C,0,-0.054472297,0.12066873162984848,0.8923230171203613,0.6523957252502441
YPL206C,YDR141C,0,-0.055371106,0.1206524670124054,0.8923230171203613,0.6524957418441772
YBR234C,YAR050W,0,-0.055784434,0.12063620239496231,0.8923230171203613,0.6525957584381104
YOR132W,YNL058C,0,-0.056148075,0.12061994522809982,0.8923230171203613,0.6526958346366882
YLR055C,YJR117W,0,-0.056222104,0.12060369551181793,0.8923230171203613,0.6527958512306213
YMR091C,YMR017W,0,-0.056907624,0.12058744579553604,0.8923230171203613,0.6528958678245544
YOR312C,YOR132W,0,-0.057124972,0.12057119607925415,0.8923230171203613,0.6529958844184875
YHR138C,YGL090W,0,-0.057412814,0.12055495381355286,0.8923230171203613,0.6530959010124207
YBL064C,YOL007C,0,-0.057538778,0.12053871899843216,0.8923230171203613,0.6531959772109985
YGL058W,YER113C,0,-0.057851978,0.12052249163389206,0.8923230171203613,0.6532959938049316
YHR171W,YDL066W,0,-0.058219954,0.12050626426935196,0.8923230171203613,0.6533960103988647
YLR275W,YNL148C,0,-0.05849716,0.12049003690481186,0.8923230171203613,0.6534960269927979
YML086C,YPR184W,0,-0.05906906,0.12047381699085236,0.8923230171203613,0.6535961031913757
YNR032W,YOR322C,0,-0.05937621,0.12045760452747345,0.8923230171203613,0.6536961197853088
YBL045C,YBL039C,0,-0.060530454,0.12044139206409454,0.8923230171203613,0.6537961363792419
YDR044W,YPL255W,0,-0.060598537,0.12042518705129623,0.8923230171203613,0.653896152973175
YEL026W,YFR049W,0,-0.06069392,0.12040898948907852,0.8923230171203613,0.6539961695671082
YNL072W,YOR255W,0,-0.061076626,0.12039279192686081,0.8923230171203613,0.654096245765686
YPR148C,YDL105W,0,-0.061627895,0.1203765943646431,0.8923230171203613,0.6541962623596191
YDL005C,YNL180C,0,-0.061798126,0.12036041170358658,0.8923230171203613,0.6542962789535522
YML065W,YGL245W,0,-0.061921723,0.12034422159194946,0.8923230171203613,0.6543962955474854
YGL001C,YAR018C,0,-0.06262911,0.12032804638147354,0.8923230171203613,0.6544963717460632
YGL238W,YGL211W,0,-0.06263165,0.12031187117099762,0.8923230171203613,0.6545963883399963
YDR485C,YJR060W,0,-0.06275563,0.1202956959605217,0.8923230171203613,0.6546964049339294
YBR083W,YIL044C,0,-0.06279226,0.12027953565120697,0.8923230171203613,0.6547964215278625
YGL213C,YLR017W,0,-0.06282025,0.12026336789131165,0.8923230171203613,0.6548964977264404
YBL091C,YER140W,0,-0.06285952,0.12024721503257751,0.8923230171203613,0.6549965143203735
YER060W,YJL073W,0,-0.06304708,0.12023106217384338,0.8923230171203613,0.6550965309143066
YDR487C,YBR022W,0,-0.063202545,0.12021490931510925,0.8923230171203613,0.6551965475082397
YML006C,YOL101C,1,-0.06351291,0.12033306807279587,0.8933200240135193,0.6551965475082397
YNL218W,YLR069C,0,-0.06388776,0.12031690776348114,0.8933200240135193,0.6552965641021729
YLR193C,YOL094C,0,-0.06393656,0.12030075490474701,0.8933200240135193,0.6553966403007507
YER145C,YMR301C,1,-0.06403254,0.12041884660720825,0.8943170309066772,0.6553966403007507
YPR082C,YJR118C,0,-0.06448081,0.12040268629789352,0.8943170309066772,0.6554966568946838
YJL106W,YPL157W,0,-0.06453464,0.1203865259885788,0.8943170309066772,0.6555966734886169
YDL018C,YJL184W,0,-0.06467894,0.12037037312984467,0.8943170309066772,0.65569669008255
YDR126W,YMR016C,0,-0.06503719,0.12035422027111053,0.8943170309066772,0.6557967662811279
YKR045C,YOR065W,0,-0.065616414,0.120338074862957,0.8943170309066772,0.655896782875061
YJR076C,YPL187W,0,-0.06566748,0.12032192945480347,0.8943170309066772,0.6559967994689941
YOL095C,YLR220W,0,-0.065696366,0.12030579149723053,0.8943170309066772,0.6560968160629272
YNR027W,YLR099C,0,-0.06661701,0.12028966099023819,0.8943170309066772,0.6561968326568604
YOL060C,YLR447C,1,-0.06667343,0.12040761858224869,0.8953140377998352,0.6561968326568604
YOR332W,YCR071C,0,-0.06743484,0.12039147317409515,0.8953140377998352,0.6562969088554382
YKL059C,YOR234C,0,-0.06755113,0.12037533521652222,0.8953140377998352,0.6563969254493713
YER036C,YDR110W,0,-0.06767845,0.12035920470952988,0.8953140377998352,0.6564969420433044
YDR257C,YMR072W,0,-0.06796396,0.12034307420253754,0.8953140377998352,0.6565969586372375
YIR021W,YER133W,0,-0.068506375,0.1203269436955452,0.8953140377998352,0.6566970348358154
YDR225W,YJL096W,0,-0.06863417,0.12031082808971405,0.8953140377998352,0.6567970514297485
YJL080C,YAL034W-A,0,-0.06924279,0.12029470503330231,0.8953140377998352,0.6568970680236816
YHR062C,YBL055C,0,-0.06987986,0.12027859687805176,0.8953140377998352,0.6569970846176147
YBL017C,YER045C,0,-0.070430204,0.12026248872280121,0.8953140377998352,0.6570971012115479
YNL162W,YKL140W,0,-0.07056078,0.12024638801813126,0.8953140377998352,0.6571971774101257
YOL032W,YHR186C,0,-0.07062054,0.1202302873134613,0.8953140377998352,0.6572971940040588
YDR503C,YPR054W,0,-0.07106191,0.12021418660879135,0.8953140377998352,0.6573972105979919
YML101C,YLL018C-A,0,-0.071302064,0.12019810080528259,0.8953140377998352,0.657497227191925
YJL093C,YOR001W,0,-0.07142994,0.12018201500177383,0.8953140377998352,0.6575973033905029
YGL192W,YLR023C,0,-0.07147385,0.12016592919826508,0.8953140377998352,0.657697319984436
YGL078C,YKL005C,0,-0.07171039,0.12014985084533691,0.8953140377998352,0.6577973365783691
YFR032C-A,YLR432W,0,-0.07176304,0.12013377994298935,0.8953140377998352,0.6578973531723022
YAL011W,YNL244C,0,-0.0717699,0.12011770904064178,0.8953140377998352,0.6579973697662354
YKL073W,YML116W,0,-0.071878076,0.12010164558887482,0.8953140377998352,0.6580974459648132
YPL280W,YBR050C,0,-0.07206455,0.12008558213710785,0.8953140377998352,0.6581974625587463
YMR177W,YHR060W,1,-0.072165705,0.12020323425531387,0.8963110446929932,0.6581974625587463
YMR220W,YDR052C,0,-0.0721846,0.12018716335296631,0.8963110446929932,0.6582974791526794
YKR031C,YIL156W,0,-0.07248625,0.12017109990119934,0.8963110446929932,0.6583974957466125
YNL194C,YDR349C,0,-0.07253611,0.12015503644943237,0.8963110446929932,0.6584975719451904
YOR298C-A,YNL053W,0,-0.072625086,0.120138980448246,0.8963110446929932,0.6585975885391235
YOL148C,YOR026W,0,-0.07305809,0.12012293189764023,0.8963110446929932,0.6586976051330566
YER007W,YDR040C,0,-0.074067354,0.12010688334703445,0.8963110446929932,0.6587976217269897
YBL050W,YER113C,0,-0.07417424,0.12009083479642868,0.8963110446929932,0.6588976979255676
YDL200C,YLL013C,0,-0.07507117,0.1200747936964035,0.8963110446929932,0.6589977145195007
YGL115W,YGL189C,0,-0.07582911,0.12005876004695892,0.8963110446929932,0.6590977311134338
YMR216C,YMR109W,0,-0.07596685,0.12004272639751434,0.8963110446929932,0.6591977477073669
YJL063C,YKL167C,0,-0.07621764,0.12002670019865036,0.8963110446929932,0.6592977643013
YKR090W,YFR008W,0,-0.07628563,0.12001068145036697,0.8963110446929932,0.6593978404998779
YMR167W,YBR077C,0,-0.07652202,0.11999466270208359,0.8963110446929932,0.659497857093811
YKL140W,YBL005W-A,0,-0.07655889,0.1199786439538002,0.8963110446929932,0.6595978736877441
YER180C,YBL008W,0,-0.07683567,0.11996264010667801,0.8963110446929932,0.6596978902816772
YIL027C,YMR023C,0,-0.07707431,0.11994662880897522,0.8963110446929932,0.6597979664802551
YJL116C,YLR423C,0,-0.07743702,0.11993063241243362,0.8963110446929932,0.6598979830741882
YDR227W,YDL205C,0,-0.07796031,0.11991463601589203,0.8963110446929932,0.6599979996681213
YLR377C,YMR045C,0,-0.07842559,0.11989863961935043,0.8963110446929932,0.6600980162620544
YKL222C,YBR162C,0,-0.078449406,0.11988265067338943,0.8963110446929932,0.6601980328559875
YJL111W,YHR143W-A,0,-0.078789435,0.11986666917800903,0.8963110446929932,0.6602981090545654
YDL175C,YOR362C,0,-0.07905312,0.11985068768262863,0.8963110446929932,0.6603981256484985
YOR391C,YBR160W,0,-0.079125404,0.11983471363782883,0.8963110446929932,0.6604981422424316
YFL024C,YGL086W,0,-0.07928663,0.11981873959302902,0.8963110446929932,0.6605981588363647
YIL074C,YGR286C,0,-0.08002281,0.11980277299880981,0.8963110446929932,0.6606982350349426
YLR038C,YML081C-A,0,-0.08013111,0.1197868064045906,0.8963110446929932,0.6607982516288757
YMR063W,YFL044C,0,-0.08023061,0.119770847260952,0.8963110446929932,0.6608982682228088
YLR242C,YHL006C,0,-0.08026806,0.11975489556789398,0.8963110446929932,0.6609982848167419
YDL240W,YJL069C,0,-0.08035332,0.11973894387483597,0.8963110446929932,0.661098301410675
YDR322C-A,YGL196W,0,-0.08037977,0.11972299963235855,0.8963110446929932,0.6611983776092529
YCR023C,YKR053C,0,-0.08126359,0.11970705538988113,0.8963110446929932,0.661298394203186
YMR052W,YMR043W,0,-0.08153101,0.11969111859798431,0.8963110446929932,0.6613984107971191
YKL017C,YHR081W,0,-0.081584,0.11967518925666809,0.8963110446929932,0.6614984273910522
YER026C,YNR019W,0,-0.0816961,0.11965925991535187,0.8963110446929932,0.6615985035896301
YKL008C,YLR292C,0,-0.08173724,0.11964333057403564,0.8963110446929932,0.6616985201835632
YPL236C,YIL022W,0,-0.0822327,0.11962740868330002,0.8963110446929932,0.6617985367774963
YPL230W,YGL245W,0,-0.08223784,0.11961149424314499,0.8963110446929932,0.6618985533714294
YHR129C,YBR132C,0,-0.08258554,0.11959557980298996,0.8963110446929932,0.6619985699653625
YOR226C,YJL056C,1,-0.08296177,0.11971268802881241,0.8973080515861511,0.6619985699653625
YBR065C,YAR050W,0,-0.08340593,0.11969676613807678,0.8973080515861511,0.6620986461639404
YMR080C,YOL100W,0,-0.08400555,0.11968085169792175,0.8973080515861511,0.6621986627578735
YKR001C,YMR076C,0,-0.08441877,0.11966493725776672,0.8973080515861511,0.6622986793518066
YLR047C,YDR492W,1,-0.08477698,0.1197819709777832,0.8983050584793091,0.6622986793518066
YOR014W,YER044C-A,0,-0.085181616,0.11976604908704758,0.8983050584793091,0.6623986959457397
YNL061W,YJR088C,0,-0.08532154,0.11975013464689255,0.8983050584793091,0.6624987721443176
YLL052C,YOR306C,0,-0.08544738,0.11973422020673752,0.8983050584793091,0.6625987887382507
YDR316W,YCR028C,0,-0.08554669,0.11971831321716309,0.8983050584793091,0.6626988053321838
YLR435W,YER093C,0,-0.086168945,0.11970240622758865,0.8983050584793091,0.6627988219261169
YIL018W,YGR028W,0,-0.086444676,0.11968650668859482,0.8983050584793091,0.6628988981246948
YOR227W,YFR028C,0,-0.08754346,0.11967060714960098,0.8983050584793091,0.6629989147186279
YOR171C,YPR178W,0,-0.08770863,0.11965471506118774,0.8983050584793091,0.663098931312561
YBL106C,YLR357W,0,-0.088134766,0.1196388229727745,0.8983050584793091,0.6631989479064941
YOR087W,YMR021C,1,-0.088168405,0.11975570768117905,0.899302065372467,0.6631989479064941
YOR208W,YGR013W,0,-0.08864655,0.11973980814218521,0.899302065372467,0.6632989645004272
YLR369W,YGR020C,1,-0.08871813,0.11985664814710617,0.9002991318702698,0.6632989645004272
YCL019W,YER026C,0,-0.089000255,0.11984074115753174,0.9002991318702698,0.6633990406990051
YML009C,YPL255W,0,-0.08931428,0.1198248416185379,0.9002991318702698,0.6634990572929382
YOR303W,YKL197C,0,-0.089354254,0.11980894207954407,0.9002991318702698,0.6635990738868713
YPR082C,YOR307C,0,-0.089678034,0.11979304999113083,0.9002991318702698,0.6636990904808044
YDL165W,YJL074C,0,-0.09011167,0.11977715790271759,0.9002991318702698,0.6637991666793823
YOL121C,YER027C,0,-0.09016599,0.11976127326488495,0.9002991318702698,0.6638991832733154
YLR247C,YDL153C,0,-0.09060109,0.11974538862705231,0.9002991318702698,0.6639991998672485
YBR164C,YGR049W,0,-0.09061415,0.11972951143980026,0.9002991318702698,0.6640992164611816
YJR155W,YJL096W,0,-0.09107059,0.11971364170312881,0.9002991318702698,0.6641992330551147
YIR035C,YML043C,0,-0.091169685,0.11969777196645737,0.9002991318702698,0.6642993092536926
YER032W,YER167W,0,-0.091262445,0.11968190968036652,0.9002991318702698,0.6643993258476257
YNL268W,YDL150W,0,-0.09137714,0.11966604739427567,0.9002991318702698,0.6644993424415588
YHR185C,YNL206C,0,-0.09150634,0.11965019255876541,0.9002991318702698,0.6645993590354919
YOL067C,YIL030C,0,-0.09155196,0.11963433772325516,0.9002991318702698,0.6646994352340698
YOR189W,YGL077C,0,-0.09182851,0.1196184903383255,0.9002991318702698,0.6647994518280029
YKR018C,YHR124W,0,-0.092180766,0.11960265040397644,0.9002991318702698,0.664899468421936
YLR215C,YCR068W,0,-0.09219215,0.11958681046962738,0.9002991318702698,0.6649994850158691
YLR044C,YCR086W,0,-0.09390212,0.11957097798585892,0.9002991318702698,0.6650995016098022
YGR231C,YGL120C,0,-0.09408483,0.11955514550209045,0.9002991318702698,0.6651995778083801
YMR285C,YOR140W,0,-0.09431186,0.11953932046890259,0.9002991318702698,0.6652995944023132
YKR049C,YIL172C,0,-0.0945836,0.11952349543571472,0.9002991318702698,0.6653996109962463
YBR152W,YDR381W,0,-0.095014915,0.11950767785310745,0.9002991318702698,0.6654996275901794
YGL012W,YLR002C,0,-0.09505965,0.11949186027050018,0.9002991318702698,0.6655997037887573
YDR536W,YPL063W,0,-0.09527208,0.11947605013847351,0.9002991318702698,0.6656997203826904
YPL242C,YOR373W,0,-0.09553082,0.11946024745702744,0.9002991318702698,0.6657997369766235
YFR042W,YML010W,0,-0.09561373,0.11944444477558136,0.9002991318702698,0.6658997535705566
YBR021W,YMR195W,0,-0.09583023,0.11942864954471588,0.9002991318702698,0.6659997701644897
YDL127W,YBL084C,0,-0.096399054,0.1194128543138504,0.9002991318702698,0.6660998463630676
YDR334W,YNL002C,0,-0.096473604,0.11939706653356552,0.9002991318702698,0.6661998629570007
YOR330C,YDR186C,0,-0.09669517,0.11938127875328064,0.9002991318702698,0.6662998795509338
YIL084C,YDL223C,0,-0.09685061,0.11936549842357635,0.9002991318702698,0.6663998961448669
YFL055W,YBR152W,0,-0.09714898,0.11934972554445267,0.9002991318702698,0.6664999723434448
YBR290W,YGR278W,0,-0.097500764,0.11933395266532898,0.9002991318702698,0.6665999889373779
YCR003W,YPL006W,0,-0.09792267,0.11931817978620529,0.9002991318702698,0.666700005531311
YMR106C,YML095C,0,-0.09822223,0.1193024143576622,0.9002991318702698,0.6668000221252441
YHR086W,YLL057C,0,-0.09833662,0.11928665637969971,0.9002991318702698,0.666900098323822
YNR048W,YDL092W,0,-0.09844291,0.11927089840173721,0.9002991318702698,0.6670001149177551
YBL006C,YDR362C,0,-0.09869218,0.11925514787435532,0.9002991318702698,0.6671001315116882
YDR228C,YOL113W,0,-0.09874596,0.11923940479755402,0.9002991318702698,0.6672001481056213
YGL205W,YKR095W,0,-0.09909627,0.11922366172075272,0.9002991318702698,0.6673001646995544
YLR085C,YPL148C,0,-0.09968145,0.11920791864395142,0.9002991318702698,0.6674002408981323
YCR018C,YHR032W,0,-0.09974359,0.11919218301773071,0.9002991318702698,0.6675002574920654
YDR343C,YDL046W,0,-0.09984414,0.1191764548420906,0.9002991318702698,0.6676002740859985
YMR058W,YHR060W,1,-0.10066989,0.11929269134998322,0.9012961387634277,0.6676002740859985
YDL127W,YOL130W,0,-0.10096602,0.11927694827318192,0.9012961387634277,0.6677002906799316
YCR004C,YOR315W,0,-0.101119876,0.11926121264696121,0.9012961387634277,0.6678003668785095
YJL094C,YPR141C,0,-0.10115405,0.1192454844713211,0.9012961387634277,0.6679003834724426
YMR045C,YBL084C,0,-0.101504944,0.119229756295681,0.9012961387634277,0.6680004000663757
YNL224C,YAR008W,0,-0.10203211,0.1192140281200409,0.9012961387634277,0.6681004166603088
YLR355C,YJL209W,0,-0.10300124,0.11919831484556198,0.9012961387634277,0.6682004332542419
YGL144C,YOL157C,0,-0.10358861,0.11918259412050247,0.9012961387634277,0.6683005094528198
YIR014W,YJL014W,0,-0.10384253,0.11916688829660416,0.9012961387634277,0.6684005260467529
YDR036C,YGR091W,0,-0.10405256,0.11915118247270584,0.9012961387634277,0.668500542640686
YJL094C,YEL021W,0,-0.10406238,0.11913547664880753,0.9012961387634277,0.6686005592346191
YPL235W,YPR173C,0,-0.10453728,0.11911977827548981,0.9012961387634277,0.668700635433197
YLL006W,YLR201C,0,-0.104986526,0.11910408735275269,0.9012961387634277,0.6688006520271301
YLR010C,YOR076C,0,-0.105204605,0.11908839643001556,0.9012961387634277,0.6689006686210632
YJL020C,YDL229W,0,-0.105749905,0.11907270550727844,0.9012961387634277,0.6690006852149963
YDR101C,YPL058C,0,-0.105999686,0.11905702948570251,0.9012961387634277,0.6691007018089294
YCR102C,YAL059W,0,-0.10659778,0.11904134601354599,0.9012961387634277,0.6692007780075073
YKR104W,YLR138W,0,-0.1066598,0.11902567744255066,0.9012961387634277,0.6693007946014404
YKL073W,YLL067C,0,-0.10677638,0.11901000887155533,0.9012961387634277,0.6694008111953735
YMR037C,YLR298C,0,-0.1068857,0.11899434030056,0.9012961387634277,0.6695008277893066
YHR150W,YCL066W,0,-0.10701724,0.11897867918014526,0.9012961387634277,0.6696009039878845
YAL032C,YDR407C,0,-0.10726438,0.11896301805973053,0.9012961387634277,0.6697009205818176
YGR156W,YLR388W,0,-0.10730505,0.11894737184047699,0.9012961387634277,0.6698009371757507
YHR203C,YDR320C,0,-0.10735753,0.11893171817064285,0.9012961387634277,0.6699009537696838
YHR027C,YPL171C,0,-0.107740745,0.11891607195138931,0.9012961387634277,0.6700010299682617
YNR075W,YKL185W,0,-0.107753925,0.11890043318271637,0.9012961387634277,0.6701010465621948
YLR010C,YHL013C,0,-0.107937604,0.11888479441404343,0.9012961387634277,0.6702010631561279
YDR358W,YNL245C,0,-0.1082211,0.11886916309595108,0.9012961387634277,0.670301079750061
YDR184C,YPL149W,0,-0.108282186,0.11885353922843933,0.9012961387634277,0.6704010963439941
YDR052C,YLR139C,0,-0.10898337,0.11883791536092758,0.9012961387634277,0.670501172542572
YOL119C,YDL058W,0,-0.10905413,0.11882229149341583,0.9012961387634277,0.6706011891365051
YIR002C,YLR384C,0,-0.10928513,0.11880667507648468,0.9012961387634277,0.6707012057304382
YOL117W,YLR048W,0,-0.10933375,0.11879106611013412,0.9012961387634277,0.6708012223243713
YMR162C,YLR102C,0,-0.11023268,0.11877545714378357,0.9012961387634277,0.6709012985229492
YNL330C,YCL059C,0,-0.1103306,0.11875985562801361,0.9012961387634277,0.6710013151168823
YER072W,YDR052C,0,-0.11096671,0.11874425411224365,0.9012961387634277,0.6711013317108154
YOR127W,YGL238W,0,-0.111015916,0.11872866004705429,0.9012961387634277,0.6712013483047485
YAR003W,YHR214W,0,-0.11180488,0.11871306598186493,0.9012961387634277,0.6713013648986816
YPL202C,YHR201C,0,-0.11181702,0.11869747936725616,0.9012961387634277,0.6714014410972595
YMR262W,YNL009W,0,-0.112312034,0.1186818927526474,0.9012961387634277,0.6715014576911926
YOR211C,YGR008C,0,-0.11241026,0.11866631358861923,0.9012961387634277,0.6716014742851257
YDR309C,YHL025W,0,-0.11248121,0.11865074187517166,0.9012961387634277,0.6717014908790588
YER174C,YGL090W,0,-0.112568796,0.11863517016172409,0.9012961387634277,0.6718015670776367
YJL167W,YIL065C,0,-0.11263582,0.11861960589885712,0.9012961387634277,0.6719015836715698
YGL175C,YJL104W,0,-0.112663105,0.11860404163599014,0.9012961387634277,0.6720016002655029
YPL230W,YKL014C,0,-0.112901226,0.11858848482370377,0.9012961387634277,0.672101616859436
YOR386W,YHL033C,0,-0.11307809,0.11857292801141739,0.9012961387634277,0.6722016334533691
YDR540C,YMR322C,0,-0.113278575,0.11855737864971161,0.9012961387634277,0.672301709651947
YHR142W,YML016C,0,-0.11355574,0.11854182928800583,0.9012961387634277,0.6724017262458801
YIL035C,YLR369W,1,-0.11360112,0.11865740269422531,0.9022931456565857,0.6724017262458801
YMR158W,YNR049C,0,-0.11391684,0.11864184588193893,0.9022931456565857,0.6725017428398132
YOR328W,YJL045W,0,-0.11425084,0.11862629652023315,0.9022931456565857,0.6726017594337463
YPL143W,YIR007W,0,-0.11453441,0.11861074715852737,0.9022931456565857,0.6727018356323242
YGL175C,YJL154C,0,-0.114696294,0.11859520524740219,0.9022931456565857,0.6728018522262573
YKL021C,YBR068C,0,-0.11500299,0.11857966333627701,0.9022931456565857,0.6729018688201904
YDR108W,YMR023C,0,-0.11551306,0.11856412887573242,0.9022931456565857,0.6730018854141235
YBR107C,YLR382C,0,-0.1155265,0.11854860186576843,0.9022931456565857,0.6731019020080566
YJR159W,YJR022W,0,-0.11562392,0.11853307485580444,0.9022931456565857,0.6732019782066345
YDR007W,YHL032C,0,-0.11567968,0.11851754784584045,0.9022931456565857,0.6733019948005676
YCR042C,YPL231W,0,-0.1158821,0.11850202828645706,0.9022931456565857,0.6734020113945007
YGL192W,YLR095C,0,-0.116110966,0.11848651617765427,0.9022931456565857,0.6735020279884338
YHL026C,YOR371C,0,-0.11628115,0.11847100406885147,0.9022931456565857,0.6736021041870117
YLR142W,YLR178C,0,-0.11656587,0.11845549941062927,0.9022931456565857,0.6737021207809448
YPL135W,YNL259C,1,-0.116681434,0.11857086420059204,0.9032901525497437,0.6737021207809448
YDR418W,YBR214W,0,-0.11679357,0.11855535209178925,0.9032901525497437,0.6738021373748779
YBL075C,YGL090W,0,-0.11680399,0.11853983998298645,0.9032901525497437,0.673902153968811
YPL174C,YIL091C,0,-0.11704847,0.11852433532476425,0.9032901525497437,0.6740022301673889
YMR156C,YER111C,0,-0.11744758,0.11850883066654205,0.9032901525497437,0.674102246761322
YML066C,YGL107C,0,-0.11753024,0.11849333345890045,0.9032901525497437,0.6742022633552551
YNL128W,YDR488C,0,-0.11822701,0.11847783625125885,0.9032901525497437,0.6743022799491882
YDR506C,YNL053W,0,-0.11898182,0.11846234649419785,0.9032901525497437,0.6744022965431213
YKL012W,YLL048C,0,-0.11905575,0.11844685673713684,0.9032901525497437,0.6745023727416992
YGR078C,YIR006C,0,-0.11913253,0.11843137443065643,0.9032901525497437,0.6746023893356323
YBL004W,YDR056C,0,-0.119193144,0.11841589212417603,0.9032901525497437,0.6747024059295654
YCR018C,YJL057C,0,-0.11927596,0.11840041726827621,0.9032901525497437,0.6748024225234985
YNL054W-A,YKL212W,0,-0.1199424,0.118384949862957,0.9032901525497437,0.6749024987220764
YNL075W,YKR100C,0,-0.11994293,0.11836948245763779,0.9032901525497437,0.6750025153160095
YJL118W,YJR098C,0,-0.1202169,0.11835401505231857,0.9032901525497437,0.6751025319099426
YOL044W,YML046W,0,-0.120249055,0.11833855509757996,0.9032901525497437,0.6752025485038757
YHR215W,YER164W,0,-0.120406955,0.11832310259342194,0.9032901525497437,0.6753025650978088
YMR288W,YHR183W,0,-0.12046687,0.11830765008926392,0.9032901525497437,0.6754026412963867
YLR222C,YLR136C,0,-0.12129338,0.11829220503568649,0.9032901525497437,0.6755026578903198
YHR084W,YKR001C,0,-0.12148541,0.11827675998210907,0.9032901525497437,0.6756026744842529
YLR147C,YGL226W,0,-0.12222743,0.11826132237911224,0.9032901525497437,0.675702691078186
YOR312C,YOR244W,0,-0.12234077,0.11824589222669601,0.9032901525497437,0.6758027672767639
YCL075W,YBL087C,0,-0.12234487,0.11823045462369919,0.9032901525497437,0.675902783870697
YIL018W,YCR010C,0,-0.12238103,0.11821503192186356,0.9032901525497437,0.6760028004646301
YNL246W,YCR021C,0,-0.12245762,0.11819960922002792,0.9032901525497437,0.6761028170585632
YLR265C,YIL016W,0,-0.122488886,0.11818418651819229,0.9032901525497437,0.6762028336524963
YPL004C,YDR524C,0,-0.122935146,0.11816877871751785,0.9032901525497437,0.6763029098510742
YKR081C,YER106W,0,-0.12353703,0.11815336346626282,0.9032901525497437,0.6764029264450073
YOR258W,YPL234C,0,-0.123876005,0.11813795566558838,0.9032901525497437,0.6765029430389404
YNL206C,YLR019W,0,-0.12391189,0.11812255531549454,0.9032901525497437,0.6766029596328735
YBR012W-B,YDR247W,0,-0.12456949,0.1181071549654007,0.9032901525497437,0.6767030358314514
YDL008W,YLR225C,0,-0.124929816,0.11809176206588745,0.9032901525497437,0.6768030524253845
YHL019C,YHR146W,0,-0.12513423,0.1180763691663742,0.9032901525497437,0.6769030690193176
YNR063W,YDR438W,0,-0.12519935,0.11806098371744156,0.9032901525497437,0.6770030856132507
YOR380W,YHR014W,0,-0.12552857,0.11804560571908951,0.9032901525497437,0.6771031022071838
YLR364W,YGL219C,0,-0.12583359,0.11803022772073746,0.9032901525497437,0.6772031784057617
YIR036C,YKR003W,0,-0.12614863,0.1180148497223854,0.9032901525497437,0.6773031949996948
YKL185W,YJR060W,0,-0.12711647,0.11799947917461395,0.9032901525497437,0.6774032115936279
YHR205W,YMR165C,0,-0.12744603,0.1179841160774231,0.9032901525497437,0.677503228187561
YDR540C,YMR106C,0,-0.12776652,0.11796875298023224,0.9032901525497437,0.6776033043861389
YIL119C,YAR071W,0,-0.12788403,0.11795338988304138,0.9032901525497437,0.677703320980072
YLR098C,YDR399W,0,-0.12794732,0.11793803423643112,0.9032901525497437,0.6778033375740051
YOR081C,YHR187W,0,-0.12865753,0.11792268604040146,0.9032901525497437,0.6779033541679382
YCR089W,YBR207W,0,-0.1290485,0.1179073378443718,0.9032901525497437,0.6780034303665161
YBR264C,YDR088C,0,-0.12914385,0.11789199709892273,0.9032901525497437,0.6781034469604492
YPR032W,YDR422C,0,-0.12930053,0.11787665635347366,0.9032901525497437,0.6782034635543823
YHR185C,YCR083W,0,-0.12977816,0.1178613230586052,0.9032901525497437,0.6783034801483154
YGR002C,YDR312W,0,-0.13042101,0.11784599721431732,0.9032901525497437,0.6784034967422485
YDR484W,YOR229W,0,-0.13046776,0.11783066391944885,0.9032901525497437,0.6785035729408264
YHR019C,YMR198W,0,-0.13058065,0.11781534552574158,0.9032901525497437,0.6786035895347595
YDR169C,YAR033W,0,-0.13070373,0.1178000271320343,0.9032901525497437,0.6787036061286926
YDR420W,YGL196W,0,-0.13080996,0.11778470873832703,0.9032901525497437,0.6788036227226257
YFL044C,YJR054W,0,-0.13118677,0.11776939779520035,0.9032901525497437,0.6789036989212036
YNR046W,YKL220C,0,-0.13136855,0.11775409430265427,0.9032901525497437,0.6790037155151367
YCR105W,YHR113W,0,-0.13138533,0.11773879081010818,0.9032901525497437,0.6791037321090698
YDR052C,YBR045C,0,-0.13145253,0.1177234947681427,0.9032901525497437,0.6792037487030029
YLR332W,YOR047C,0,-0.13148218,0.11770819872617722,0.9032901525497437,0.679303765296936
YOR336W,YHL016C,0,-0.13181819,0.11769291013479233,0.9032901525497437,0.6794038414955139
YGR116W,YDR538W,0,-0.13187611,0.11767762154340744,0.9032901525497437,0.679503858089447
YGL032C,YPL269W,0,-0.13221043,0.11766234040260315,0.9032901525497437,0.6796038746833801
YHR072W,YLR048W,0,-0.13272306,0.11764705926179886,0.9032901525497437,0.6797038912773132
YNL126W,YBL057C,0,-0.13303648,0.11763178557157516,0.9032901525497437,0.6798039674758911
YOR359W,YBL061C,0,-0.13313225,0.11761651188135147,0.9032901525497437,0.6799039840698242
YJL138C,YPL033C,0,-0.13328063,0.11760124564170837,0.9032901525497437,0.6800040006637573
YLL016W,YLR234W,0,-0.13343202,0.11758598685264587,0.9032901525497437,0.6801040172576904
YEL016C,YLL048C,0,-0.13378876,0.11757072061300278,0.9032901525497437,0.6802040338516235
YDR506C,YJL096W,0,-0.1342778,0.11755546927452087,0.9032901525497437,0.6803041100502014
YDR135C,YOL144W,0,-0.13506326,0.11754021793603897,0.9032901525497437,0.6804041266441345
YBR094W,YGL047W,0,-0.13511574,0.11752497404813766,0.9032901525497437,0.6805041432380676
YGR284C,YDR052C,0,-0.13550791,0.11750973016023636,0.9032901525497437,0.6806041598320007
YHL050C,YFR034C,0,-0.1357814,0.11749448627233505,0.9032901525497437,0.6807042360305786
YLR438C-A,YNL086W,0,-0.13598494,0.11747924983501434,0.9032901525497437,0.6808042526245117
YMR162C,YPL177C,0,-0.13601184,0.11746402084827423,0.9032901525497437,0.6809042692184448
YEL027W,YML027W,0,-0.13689956,0.11744879186153412,0.9032901525497437,0.6810042858123779
YMR217W,YGR071C,0,-0.13737187,0.1174335703253746,0.9032901525497437,0.681104302406311
YDR365C,YPL156C,0,-0.13757843,0.11741834878921509,0.9032901525497437,0.6812043786048889
YOR270C,YHR039C-A,1,-0.13827273,0.11753272265195847,0.9042871594429016,0.6812043786048889
YMR190C,YBR188C,0,-0.13874356,0.11751749366521835,0.9042871594429016,0.681304395198822
YOL034W,YDR437W,0,-0.13912416,0.11750226467847824,0.9042871594429016,0.6814044117927551
YGL049C,YER124C,0,-0.13986607,0.11748704314231873,0.9042871594429016,0.6815044283866882
YBR248C,YER160C,0,-0.14033084,0.11747182905673981,0.9042871594429016,0.6816045045852661
YDR522C,YJL133W,0,-0.14040007,0.11745661497116089,0.9042871594429016,0.6817045211791992
YGL139W,YNL268W,0,-0.14063147,0.11744140833616257,0.9042871594429016,0.6818045377731323
YKL137W,YDL005C,0,-0.14079888,0.11742620170116425,0.9042871594429016,0.6819045543670654
YJL028W,YDL103C,0,-0.14094007,0.11741100251674652,0.9042871594429016,0.6820046305656433
YLR126C,YER005W,0,-0.14115196,0.1173958033323288,0.9042871594429016,0.6821046471595764
YJR068W,YFR055W,0,-0.14125231,0.11738061159849167,0.9042871594429016,0.6822046637535095
YOR083W,YJL076W,0,-0.14199749,0.11736542731523514,0.9042871594429016,0.6823046803474426
YPL074W,YPR016C,0,-0.14201862,0.11735024303197861,0.9042871594429016,0.6824046969413757
YLR384C,YCR010C,0,-0.1422943,0.11733505874872208,0.9042871594429016,0.6825047731399536
YDR202C,YMR301C,1,-0.14256579,0.11744923144578934,0.9052841663360596,0.6825047731399536
YER095W,YPL254W,0,-0.14449294,0.11743403971195221,0.9052841663360596,0.6826047897338867
YDR427W,YDR101C,0,-0.14460768,0.11741885542869568,0.9052841663360596,0.6827048063278198
YFL011W,YCL010C,0,-0.14541306,0.11740367114543915,0.9052841663360596,0.6828048229217529
YHL036W,YOR119C,0,-0.14582664,0.11738849431276321,0.9052841663360596,0.6829048991203308
YDR150W,YER091C,0,-0.14597386,0.11737331748008728,0.9052841663360596,0.6830049157142639
YHR136C,YKL110C,0,-0.14651325,0.11735814809799194,0.9052841663360596,0.683104932308197
YFL052W,YOR197W,0,-0.14654186,0.1173429861664772,0.9052841663360596,0.6832049489021301
YKL006C-A,YPL100W,0,-0.146582,0.11732781678438187,0.9052841663360596,0.6833049654960632
YEL061C,YBR193C,0,-0.14665322,0.11731266230344772,0.9052841663360596,0.6834050416946411
YHR142W,YLR352W,0,-0.14679703,0.11729750782251358,0.9052841663360596,0.6835050582885742
YBL024W,YGL087C,0,-0.14768174,0.11728235334157944,0.9052841663360596,0.6836050748825073
YHL050C,YMR264W,0,-0.1477816,0.11726720631122589,0.9052841663360596,0.6837050914764404
YOR244W,YIL120W,0,-0.14795034,0.11725206673145294,0.9052841663360596,0.6838051676750183
YDR303C,YIL043C,0,-0.14811192,0.11723692715167999,0.9052841663360596,0.6839051842689514
YJL129C,YEL027W,1,-0.14820492,0.11735089123249054,0.9062811732292175,0.6839051842689514
YHR158C,YLR390W-A,0,-0.14828432,0.117335744202137,0.9062811732292175,0.6840052008628845
YMR286W,YOR075W,0,-0.1492173,0.11732059717178345,0.9062811732292175,0.6841052174568176
YER086W,YGR001C,0,-0.14952725,0.1173054575920105,0.9062811732292175,0.6842052340507507
YOR079C,YHR039C-A,1,-0.15053223,0.11741935461759567,0.9072781801223755,0.6842052340507507
YER147C,YPR141C,0,-0.15098518,0.11740420758724213,0.9072781801223755,0.6843053102493286
YBR211C,YNR030W,0,-0.15110399,0.11738906055688858,0.9072781801223755,0.6844053268432617
YDR099W,YLR310C,0,-0.15138039,0.11737392097711563,0.9072781801223755,0.6845053434371948
YFR016C,YFR041C,0,-0.15167084,0.11735878139734268,0.9072781801223755,0.6846053600311279
YDR436W,YDL142C,1,-0.15173547,0.11747259646654129,0.9082751870155334,0.6846053600311279
YDR155C,YOR255W,0,-0.15179704,0.11745744943618774,0.9082751870155334,0.6847054362297058
YLR056W,YNL245C,0,-0.15197843,0.1174423098564148,0.9082751870155334,0.6848054528236389
YDR408C,YNL081C,0,-0.15230891,0.11742717027664185,0.9082751870155334,0.684905469417572
YBR035C,YHR152W,0,-0.1523253,0.1174120381474495,0.9082751870155334,0.6850054860115051
YCL001W,YDR208W,0,-0.1523717,0.11739690601825714,0.9082751870155334,0.6851055026054382
YDR239C,YCR063W,0,-0.15251006,0.11738178133964539,0.9082751870155334,0.6852055788040161
YFR016C,YGL147C,0,-0.15267554,0.11736665666103363,0.9082751870155334,0.6853055953979492
YNL012W,YLR414C,0,-0.1528673,0.11735153943300247,0.9082751870155334,0.6854056119918823
YBL105C,YCL045C,0,-0.15339226,0.11733642220497131,0.9082751870155334,0.6855056285858154
YLR430W,YKR083C,0,-0.15368252,0.11732131242752075,0.9082751870155334,0.6856057047843933
YDR331W,YDR488C,0,-0.15382408,0.11730621010065079,0.9082751870155334,0.6857057213783264
YHR019C,YHR035W,0,-0.15387757,0.11729110032320023,0.9082751870155334,0.6858057379722595
YCR042C,YLR008C,0,-0.1540665,0.11727600544691086,0.9082751870155334,0.6859057545661926
YBL010C,YGR004W,0,-0.15438937,0.11726091057062149,0.9082751870155334,0.6860058307647705
YHR190W,YOR018W,0,-0.15461221,0.11724581569433212,0.9082751870155334,0.6861058473587036
YOR202W,YOL077C,0,-0.15481922,0.11723072826862335,0.9082751870155334,0.6862058639526367
YJR045C,YMR283C,0,-0.15536512,0.11721564829349518,0.9082751870155334,0.6863058805465698
YNL292W,YBR048W,0,-0.15588748,0.117200568318367,0.9082751870155334,0.6864058971405029
YNL075W,YMR048W,0,-0.15589468,0.11718548834323883,0.9082751870155334,0.6865059733390808
YHR033W,YLR106C,0,-0.15605646,0.11717041581869125,0.9082751870155334,0.6866059899330139
YKL010C,YDR501W,0,-0.15605699,0.11715535074472427,0.9082751870155334,0.686706006526947
YDR273W,YAL001C,0,-0.15607107,0.1171402856707573,0.9082751870155334,0.6868060231208801
YJL122W,YHR201C,0,-0.15638489,0.11712522804737091,0.9082751870155334,0.686906099319458
YCL048W,YDL194W,0,-0.15702984,0.11711017042398453,0.9082751870155334,0.6870061159133911
YOL125W,YJL209W,0,-0.15754195,0.11709511280059814,0.9082751870155334,0.6871061325073242
YJR016C,YOR133W,0,-0.15755826,0.11708007007837296,0.9082751870155334,0.6872061491012573
YOL121C,YHR104W,0,-0.15840295,0.11706501990556717,0.9082751870155334,0.6873061656951904
YJR002W,YDR439W,0,-0.15851513,0.11704997718334198,0.9082751870155334,0.6874062418937683
YML094W,YLR439W,0,-0.15899149,0.11703494191169739,0.9082751870155334,0.6875062584877014
YBL019W,YJL116C,0,-0.15907946,0.1170199066400528,0.9082751870155334,0.6876062750816345
YDL020C,YJL118W,0,-0.15945396,0.1170048788189888,0.9082751870155334,0.6877062916755676
YOR028C,YOL002C,0,-0.15953472,0.1169898584485054,0.9082751870155334,0.6878063678741455
YAR008W,YGR094W,0,-0.15958396,0.1169748306274414,0.9082751870155334,0.6879063844680786
YOR347C,YGR191W,0,-0.15972547,0.1169598177075386,0.9082751870155334,0.6880064010620117
YDR316W,YLR003C,0,-0.1599095,0.1169447973370552,0.9082751870155334,0.6881064176559448
YJL216C,YDR365C,0,-0.16001193,0.116929791867733,0.9082751870155334,0.6882064342498779
YPL120W,YGR220C,0,-0.16014141,0.1169147863984108,0.9082751870155334,0.6883065104484558
YHL016C,YIL087C,0,-0.16052458,0.11689978092908859,0.9082751870155334,0.6884065270423889
YDL075W,YER062C,0,-0.16131642,0.11688478291034698,0.9082751870155334,0.688506543636322
YLR310C,YLR131C,0,-0.16166633,0.11686978489160538,0.9082751870155334,0.6886065602302551
YFL002C,YNL229C,0,-0.16202489,0.11685479432344437,0.9082751870155334,0.688706636428833
YDR228C,YMR037C,0,-0.1625742,0.11683981120586395,0.9082751870155334,0.6888066530227661
YBR171W,YDR367W,0,-0.16313016,0.11682482808828354,0.9082751870155334,0.6889066696166992
YMR156C,YDR238C,0,-0.1636304,0.11680984497070312,0.9082751870155334,0.6890066862106323
YGL105W,YJR049C,0,-0.1636441,0.11679486930370331,0.9082751870155334,0.6891067028045654
YIL084C,YBR221C,0,-0.16387284,0.11677990108728409,0.9082751870155334,0.6892067790031433
YKR050W,YLR223C,0,-0.16387825,0.11676493287086487,0.9082751870155334,0.6893067955970764
YOR117W,YKL048C,0,-0.16457239,0.11674996465444565,0.9082751870155334,0.6894068121910095
YEL048C,YPL019C,0,-0.16498794,0.11673501133918762,0.9082751870155334,0.6895068287849426
YMR190C,YPL075W,0,-0.1650358,0.116720050573349,0.9082751870155334,0.6896069049835205
YDL209C,YIL173W,0,-0.1651407,0.11670509725809097,0.9082751870155334,0.6897069215774536
YPR037C,YPL023C,0,-0.16518727,0.11669015139341354,0.9082751870155334,0.6898069381713867
YKL056C,YKL220C,0,-0.1664852,0.11667520552873611,0.9082751870155334,0.6899069547653198
YDL002C,YDL049C,0,-0.16797915,0.11666026711463928,0.9082751870155334,0.6900070309638977
YMR072W,YDR227W,0,-0.16817582,0.11664532870054245,0.9082751870155334,0.6901070475578308
YGR123C,YIL097W,0,-0.16820271,0.11663039028644562,0.9082751870155334,0.6902070641517639
YPR175W,YFL024C,0,-0.16891883,0.11661546677350998,0.9082751870155334,0.690307080745697
YDL010W,YOL067C,0,-0.16894045,0.11660053580999374,0.9082751870155334,0.6904070973396301
YJR118C,YDR120C,0,-0.16948621,0.1165856122970581,0.9082751870155334,0.690507173538208
YPL158C,YPL203W,0,-0.17005137,0.11657069623470306,0.9082751870155334,0.6906071901321411
YLR155C,YER018C,0,-0.1712743,0.11655578017234802,0.9082751870155334,0.6907072067260742
YDR121W,YBR268W,0,-0.1713429,0.11654087156057358,0.9082751870155334,0.6908072233200073
YOR037W,YHR165C,0,-0.17171982,0.11652596294879913,0.9082751870155334,0.6909072995185852
YKL028W,YOL009C,0,-0.17219917,0.11651106178760529,0.9082751870155334,0.6910073161125183
YGR263C,YLR276C,0,-0.1723358,0.11649616062641144,0.9082751870155334,0.6911073327064514
YMR306W,YLR413W,0,-0.17319068,0.11648126691579819,0.9082751870155334,0.6912073493003845
YKL143W,YMR303C,0,-0.17326182,0.11646637320518494,0.9082751870155334,0.6913073658943176
YAR003W,YKL042W,0,-0.17356068,0.11645148694515228,0.9082751870155334,0.6914074420928955
YOR260W,YER060W,0,-0.17369394,0.11643660813570023,0.9082751870155334,0.6915074586868286
YDR523C,YOL044W,0,-0.17403212,0.11642172187566757,0.9082751870155334,0.6916074752807617
YPL095C,YIL091C,0,-0.17404073,0.11640685051679611,0.9082751870155334,0.6917074918746948
YPL226W,YLR410W,0,-0.17424807,0.11639197915792465,0.9082751870155334,0.6918075680732727
YDR069C,YER176W,0,-0.17460261,0.11637710779905319,0.9082751870155334,0.6919075846672058
YNL191W,YOR254C,0,-0.17609242,0.11636224389076233,0.9082751870155334,0.6920076012611389
YLR459W,YPR145W,0,-0.1773523,0.11634737998247147,0.9082751870155334,0.692107617855072
YGR006W,YDL079C,0,-0.17760673,0.1163325235247612,0.9082751870155334,0.6922076344490051
YLR249W,YIL051C,0,-0.17780314,0.11631767451763153,0.9082751870155334,0.692307710647583
YNL327W,YNL076W,0,-0.17817938,0.11630281805992126,0.9082751870155334,0.6924077272415161
YOR389W,YNR001C,0,-0.18018153,0.11628797650337219,0.9082751870155334,0.6925077438354492
YPL049C,YJL019W,0,-0.18018955,0.11627313494682312,0.9082751870155334,0.6926077604293823
YPR145W,YKL222C,0,-0.18060607,0.11625829339027405,0.9082751870155334,0.6927078366279602
YNL137C,YNR033W,0,-0.18087554,0.11624345928430557,0.9082751870155334,0.6928078532218933
YNL293W,YPL162C,0,-0.18102321,0.1162286326289177,0.9082751870155334,0.6929078698158264
YER082C,YGR260W,0,-0.18179484,0.11621380597352982,0.9082751870155334,0.6930078864097595
YHR073W,YGR220C,0,-0.18184718,0.11619897931814194,0.9082751870155334,0.6931079030036926
YDL014W,YOL005C,0,-0.18193984,0.11618416011333466,0.9082751870155334,0.6932079792022705
YLR341W,YML014W,0,-0.18194625,0.11616934090852737,0.9082751870155334,0.6933079957962036
YGL134W,YPL045W,0,-0.1831527,0.11615452915430069,0.9082751870155334,0.6934080123901367
YBR012W-B,YKR097W,0,-0.1832263,0.1161397248506546,0.9082751870155334,0.6935080289840698
YOR061W,YMR177W,1,-0.18325642,0.11625239253044128,0.9092721939086914,0.6935080289840698
YGL206C,YDR086C,0,-0.18330538,0.116237573325634,0.9092721939086914,0.6936081051826477
YPR158W-A,YNL166C,0,-0.18373297,0.11622276157140732,0.9092721939086914,0.6937081217765808
YOR019W,YPL068C,0,-0.1839107,0.11620794981718063,0.9092721939086914,0.6938081383705139
YBR028C,YDL019C,0,-0.18503718,0.11619314551353455,0.9092721939086914,0.693908154964447
YGL038C,YOR205C,0,-0.18511978,0.11617834120988846,0.9092721939086914,0.6940082311630249
YDR071C,YJL069C,0,-0.18578851,0.11616354435682297,0.9092721939086914,0.694108247756958
YPR158W-A,YJL157C,0,-0.18593867,0.11614875495433807,0.9092721939086914,0.6942082643508911
YOR278W,YNR048W,0,-0.18597575,0.11613395810127258,0.9092721939086914,0.6943082809448242
YBR240C,YLL013C,0,-0.18631256,0.11611917614936829,0.9092721939086914,0.6944082975387573
YNL247W,YBR215W,0,-0.18645981,0.11610439419746399,0.9092721939086914,0.6945083737373352
YOR117W,YDL138W,0,-0.18654794,0.11608961224555969,0.9092721939086914,0.6946083903312683
YLR340W,YOL072W,0,-0.18671042,0.11607483774423599,0.9092721939086914,0.6947084069252014
YDR422C,YGR203W,0,-0.18683833,0.11606006324291229,0.9092721939086914,0.6948084235191345
YOR328W,YIL125W,0,-0.18694365,0.11604529619216919,0.9092721939086914,0.6949084997177124
YOR171C,YKL054C,0,-0.18753116,0.11603053659200668,0.9092721939086914,0.6950085163116455
YBL047C,YLR175W,0,-0.18851364,0.11601577699184418,0.9092721939086914,0.6951085329055786
YBL008W,YGR206W,0,-0.18897441,0.11600101739168167,0.9092721939086914,0.6952085494995117
YJR010C-A,YLR127C,0,-0.18900123,0.11598626524209976,0.9092721939086914,0.6953085660934448
YGL018C,YPL159C,0,-0.18920657,0.11597151309251785,0.9092721939086914,0.6954086422920227
YPR086W,YPL040C,0,-0.18946292,0.11595676839351654,0.9092721939086914,0.6955086588859558
YDL087C,YNL101W,0,-0.18947345,0.11594203114509583,0.9092721939086914,0.6956086754798889
YDR169C,YML088W,0,-0.18969965,0.11592729389667511,0.9092721939086914,0.695708692073822
YIL009W,YER063W,0,-0.19009563,0.1159125566482544,0.9092721939086914,0.6958087682723999
YLL016W,YPL214C,0,-0.19015494,0.11589782685041428,0.9092721939086914,0.695908784866333
YDL004W,YKR075C,0,-0.19022958,0.11588309705257416,0.9092721939086914,0.6960088014602661
YDL222C,YPR151C,0,-0.19116051,0.11586837470531464,0.9092721939086914,0.6961088180541992
YOR004W,YDR329C,0,-0.19157434,0.11585365980863571,0.9092721939086914,0.6962088346481323
YDR398W,YBR021W,0,-0.19170544,0.11583894491195679,0.9092721939086914,0.6963089108467102
YFL002C,YKL184W,0,-0.19177292,0.11582423001527786,0.9092721939086914,0.6964089274406433
YCL069W,YBR176W,0,-0.1918703,0.11580952256917953,0.9092721939086914,0.6965089440345764
YHR204W,YJL160C,0,-0.19202866,0.1157948225736618,0.9092721939086914,0.6966089606285095
YOR335C,YER068W,0,-0.19205539,0.11578012257814407,0.9092721939086914,0.6967090368270874
YJL137C,YFR049W,0,-0.19227655,0.11576542258262634,0.9092721939086914,0.6968090534210205
YML111W,YJL014W,0,-0.192428,0.11575073003768921,0.9092721939086914,0.6969090700149536
YOR096W,YJR132W,0,-0.19319779,0.11573603749275208,0.9092721939086914,0.6970090866088867
YML040W,YAL013W,0,-0.19350785,0.11572135239839554,0.9092721939086914,0.6971091032028198
YER021W,YKL143W,0,-0.19355424,0.1157066747546196,0.9092721939086914,0.6972091794013977
YFL008W,YLL048C,0,-0.19408083,0.11569199711084366,0.9092721939086914,0.6973091959953308
YJL045W,YLR212C,0,-0.19458571,0.11567731946706772,0.9092721939086914,0.6974092125892639
YPL161C,YNL124W,0,-0.19521719,0.11566264927387238,0.9092721939086914,0.697509229183197
YOR255W,YOL059W,0,-0.19531548,0.11564798653125763,0.9092721939086914,0.6976093053817749
YGL189C,YER019W,0,-0.19576478,0.11563332378864288,0.9092721939086914,0.697709321975708
YGR156W,YOR032C,0,-0.19578677,0.11561866104602814,0.9092721939086914,0.6978093385696411
YGL013C,YJL033W,0,-0.19623215,0.11560400575399399,0.9092721939086914,0.6979093551635742
YKR009C,YER093C,0,-0.19623925,0.11558935046195984,0.9092721939086914,0.6980094313621521
YML118W,YDL010W,0,-0.19628355,0.11557470262050629,0.9092721939086914,0.6981094479560852
YBR119W,YLR002C,0,-0.19688584,0.11556006222963333,0.9092721939086914,0.6982094645500183
YKL006C-A,YGL087C,0,-0.19697963,0.11554542183876038,0.9092721939086914,0.6983094811439514
YNL031C,YAR010C,0,-0.19708264,0.11553078144788742,0.9092721939086914,0.6984094977378845
YOR113W,YGR076C,0,-0.19772561,0.11551614850759506,0.9092721939086914,0.6985095739364624
YDR495C,YOL101C,1,-0.19803967,0.11562816798686981,0.9102692008018494,0.6985095739364624
YGR109C,YJR058C,0,-0.1980516,0.11561352759599686,0.9102692008018494,0.6986095905303955
YPL117C,YIL115C,0,-0.1981347,0.1155988872051239,0.9102692008018494,0.6987096071243286
YDR256C,YLL052C,0,-0.19814259,0.11558425426483154,0.9102692008018494,0.6988096237182617
YDR190C,YKR089C,0,-0.19832405,0.11556962132453918,0.9102692008018494,0.6989096999168396
YAL021C,YDR013W,0,-0.19847031,0.11555499583482742,0.9102692008018494,0.6990097165107727
YHR191C,YDL154W,0,-0.19854304,0.11554037034511566,0.9102692008018494,0.6991097331047058
YFR004W,YOR380W,0,-0.19872893,0.1155257523059845,0.9102692008018494,0.6992097496986389
YNL183C,YMR312W,0,-0.19902997,0.11551113426685333,0.9102692008018494,0.699309766292572
YHR079C-A,YBL100W-B,0,-0.19922103,0.11549652367830276,0.9102692008018494,0.6994098424911499
YJR016C,YNL096C,0,-0.1995383,0.1154819130897522,0.9102692008018494,0.699509859085083
YGR054W,YML004C,0,-0.19979411,0.11546730995178223,0.9102692008018494,0.6996098756790161
YMR104C,YML098W,0,-0.20005226,0.11545270681381226,0.9102692008018494,0.6997098922729492
YKL071W,YNL186W,0,-0.20010139,0.11543811112642288,0.9102692008018494,0.6998099684715271
YGL255W,YNL233W,0,-0.20086542,0.11542351543903351,0.9102692008018494,0.6999099850654602
YEL019C,YNL194C,0,-0.20099592,0.11540892720222473,0.9102692008018494,0.7000100016593933
YMR164C,YGR202C,0,-0.20116588,0.11539433896541595,0.9102692008018494,0.7001100182533264
YER159C,YDL095W,0,-0.20118763,0.11537975817918777,0.9102692008018494,0.7002100348472595
YBL013W,YJL177W,0,-0.20211282,0.1153651773929596,0.9102692008018494,0.7003101110458374
YCR096C,YGL120C,0,-0.20211644,0.11535059660673141,0.9102692008018494,0.7004101276397705
YBL042C,YMR175W,0,-0.20234734,0.11533603072166443,0.9102692008018494,0.7005101442337036
YNL316C,YJR017C,0,-0.20257482,0.11532145738601685,0.9102692008018494,0.7006101608276367
YMR134W,YCR043C,0,-0.2027347,0.11530689895153046,0.9102692008018494,0.7007102370262146
YDR113C,YDR490C,0,-0.20384699,0.11529233306646347,0.9102692008018494,0.7008102536201477
YBR060C,YJL045W,0,-0.20384872,0.11527777463197708,0.9102692008018494,0.7009102702140808
YDR198C,YNL024C,0,-0.20397004,0.11526322364807129,0.9102692008018494,0.7010102868080139
YHR169W,YIL144W,0,-0.204229,0.1152486726641655,0.9102692008018494,0.701110303401947
YOR035C,YGR162W,0,-0.20437284,0.1152341291308403,0.9102692008018494,0.7012103796005249
YDR180W,YKL027W,0,-0.20451689,0.1152195855975151,0.9102692008018494,0.701310396194458
YNR022C,YJR001W,0,-0.20470047,0.11520504951477051,0.9102692008018494,0.7014104127883911
YOR124C,YDR217C,0,-0.20522162,0.11519051343202591,0.9102692008018494,0.7015104293823242
YPL121C,YEL005C,0,-0.20538925,0.11517597734928131,0.9102692008018494,0.7016105055809021
YKL080W,YJL129C,1,-0.20615932,0.11528758704662323,0.9112662076950073,0.7016105055809021
YCL063W,YFL047W,0,-0.20617841,0.11527305096387863,0.9112662076950073,0.7017105221748352
YLR176C,YPR096C,0,-0.20624867,0.11525851488113403,0.9112662076950073,0.7018105387687683
YER179W,YML059C,0,-0.20636496,0.11524397879838943,0.9112662076950073,0.7019105553627014
YDR409W,YML116W,0,-0.20660609,0.11522945016622543,0.9112662076950073,0.7020106315612793
YIR013C,YNL177C,0,-0.2067368,0.11521492153406143,0.9112662076950073,0.7021106481552124
YLR102C,YGR152C,0,-0.2069193,0.11520040035247803,0.9112662076950073,0.7022106647491455
YCR037C,YJR041C,0,-0.20715739,0.11518588662147522,0.9112662076950073,0.7023106813430786
YBR234C,YGR009C,0,-0.20728377,0.11517137289047241,0.9112662076950073,0.7024106979370117
YBL097W,YAL001C,0,-0.20738426,0.1151568591594696,0.9112662076950073,0.7025107741355896
YDL240W,YNL225C,0,-0.20827085,0.1151423528790474,0.9112662076950073,0.7026107907295227
YPL160W,YEL046C,0,-0.20859548,0.11512784659862518,0.9112662076950073,0.7027108073234558
YPL253C,YGR128C,0,-0.20862079,0.11511334776878357,0.9112662076950073,0.7028108239173889
YLR234W,YIL112W,0,-0.20912522,0.11509885638952255,0.9112662076950073,0.7029109001159668
YEL027W,YKL043W,0,-0.2093196,0.11508436501026154,0.9112662076950073,0.7030109167098999
YBR153W,YDR438W,0,-0.20933925,0.11506987363100052,0.9112662076950073,0.703110933303833
YBR237W,YGL254W,0,-0.20966685,0.1150553897023201,0.9112662076950073,0.7032109498977661
YGL095C,YIL027C,0,-0.21077307,0.11504090577363968,0.9112662076950073,0.7033109664916992
YCR018C,YDR424C,0,-0.2108266,0.11502642929553986,0.9112662076950073,0.7034110426902771
YJR153W,YIR009W,0,-0.2109778,0.11501195281744003,0.9112662076950073,0.7035110592842102
YEL061C,YPL183C,0,-0.21126759,0.1149974837899208,0.9112662076950073,0.7036110758781433
YGR154C,YPR169W,0,-0.21142812,0.11498301476240158,0.9112662076950073,0.7037110924720764
YIL129C,YLR127C,0,-0.2121827,0.11496855318546295,0.9112662076950073,0.7038111686706543
YOR241W,YML123C,0,-0.21254656,0.11495409160852432,0.9112662076950073,0.7039111852645874
YLR409C,YPL026C,0,-0.21316217,0.11493963748216629,0.9112662076950073,0.7040112018585205
YDR190C,YPR178W,0,-0.21322358,0.11492518335580826,0.9112662076950073,0.7041112184524536
YNL023C,YHR009C,0,-0.21371365,0.11491073668003082,0.9112662076950073,0.7042112350463867
YBR110W,YLR081W,0,-0.21410358,0.11489629000425339,0.9112662076950073,0.7043113112449646
YOL018C,YIL085C,0,-0.21414477,0.11488185077905655,0.9112662076950073,0.7044113278388977
YDR039C,YOR061W,0,-0.2143544,0.11486741155385971,0.9112662076950073,0.7045113444328308
YDR284C,YDR022C,0,-0.21471997,0.11485297977924347,0.9112662076950073,0.7046113610267639
YBR239C,YER005W,0,-0.21509765,0.11483854800462723,0.9112662076950073,0.7047114372253418
YOR380W,YLR439W,0,-0.21523947,0.11482412368059158,0.9112662076950073,0.7048114538192749
YDL200C,YLR333C,0,-0.2154253,0.11480969935655594,0.9112662076950073,0.704911470413208
YMR100W,YPL101W,0,-0.21552029,0.1147952750325203,0.9112662076950073,0.7050114870071411
YJR089W,YDR377W,0,-0.2156136,0.11478085815906525,0.9112662076950073,0.705111563205719
YLR433C,YPL202C,1,-0.2157283,0.11489201337099075,0.9122632145881653,0.705111563205719
YDL198C,YMR243C,1,-0.21576874,0.11500313878059387,0.9132602214813232,0.705111563205719
YGL232W,YPR161C,0,-0.21608043,0.11498869955539703,0.9132602214813232,0.7052115797996521
YOR079C,YJL056C,1,-0.21611701,0.11509978771209717,0.9142572283744812,0.7052115797996521
YBR295W,YOL158C,1,-0.216766,0.11521084606647491,0.9152542352676392,0.7052115797996521
YLR186W,YIR033W,0,-0.2168124,0.11519638448953629,0.9152542352676392,0.7053115963935852
YMR230W,YJR131W,0,-0.21686094,0.11518193036317825,0.9152542352676392,0.7054116129875183
YNL161W,YOR003W,0,-0.21693438,0.11516748368740082,0.9152542352676392,0.7055116295814514
YNL294C,YDR361C,0,-0.21712732,0.11515303701162338,0.9152542352676392,0.7056117057800293
YDR258C,YOR158W,0,-0.2174868,0.11513859033584595,0.9152542352676392,0.7057117223739624
YMR001C,YDR422C,0,-0.21761486,0.11512415111064911,0.9152542352676392,0.7058117389678955
YDL093W,YDR536W,0,-0.2180106,0.11510971933603287,0.9152542352676392,0.7059117555618286
YBR084W,YIR036C,0,-0.21813294,0.11509528756141663,0.9152542352676392,0.7060118317604065
YOR264W,YOL027C,0,-0.21819395,0.11508085578680038,0.9152542352676392,0.7061118483543396
YMR030W,YPL170W,0,-0.21830538,0.11506643146276474,0.9152542352676392,0.7062118649482727
YDR255C,YLR367W,0,-0.21866396,0.11505201458930969,0.9152542352676392,0.7063118815422058
YGL098W,YOL078W,0,-0.21892053,0.11503759026527405,0.9152542352676392,0.7064118981361389
YDR045C,YJR054W,0,-0.21934909,0.1150231808423996,0.9152542352676392,0.7065119743347168
YBR158W,YER027C,0,-0.2203387,0.11500877141952515,0.9152542352676392,0.7066119909286499
YLR345W,YDL181W,0,-0.22043598,0.1149943619966507,0.9152542352676392,0.706712007522583
YBR212W,YNL101W,0,-0.22076708,0.11497996002435684,0.9152542352676392,0.7068120241165161
YOR339C,YER030W,0,-0.22098835,0.11496555805206299,0.9152542352676392,0.706912100315094
YIL008W,YPL016W,0,-0.22235513,0.11495116353034973,0.9152542352676392,0.7070121169090271
YDR099W,YNL279W,0,-0.22386767,0.11493676900863647,0.9152542352676392,0.7071121335029602
YLR172C,YOL060C,0,-0.22427778,0.11492238193750381,0.9152542352676392,0.7072121500968933
YDR194C,YDR052C,0,-0.22466348,0.11490799486637115,0.9152542352676392,0.7073121666908264
YCL075W,YDR376W,0,-0.22472754,0.11489361524581909,0.9152542352676392,0.7074122428894043
YDR376W,YGR020C,1,-0.22477135,0.11500438302755356,0.9162512421607971,0.7074122428894043
YHR024C,YOR070C,0,-0.22499982,0.1149899885058403,0.9162512421607971,0.7075122594833374
YML006C,YDL142C,1,-0.22522014,0.11510071158409119,0.9172482490539551,0.7075122594833374
YLR448W,YHR186C,0,-0.22573848,0.11508631706237793,0.9172482490539551,0.7076122760772705
YBL018C,YLR340W,0,-0.2266714,0.11507192254066467,0.9172482490539551,0.7077122926712036
YHR019C,YDR148C,0,-0.22674584,0.11505752801895142,0.9172482490539551,0.7078123688697815
YOR067C,YMR101C,0,-0.22715938,0.11504314094781876,0.9172482490539551,0.7079123854637146
YKL116C,YER164W,0,-0.22773302,0.1150287538766861,0.9172482490539551,0.7080124020576477
YLR090W,YPR166C,0,-0.22779736,0.11501437425613403,0.9172482490539551,0.7081124186515808
YDR129C,YBR203W,0,-0.22889316,0.11500000208616257,0.9172482490539551,0.7082124352455139
YBL105C,YGL079W,0,-0.22889513,0.1149856299161911,0.9172482490539551,0.7083125114440918
YIL085C,YJL019W,0,-0.2288972,0.11497125774621964,0.9172482490539551,0.7084125280380249
YKL012W,YNL111C,0,-0.2291593,0.11495689302682877,0.9172482490539551,0.708512544631958
YCR065W,YJR017C,0,-0.22916898,0.1149425283074379,0.9172482490539551,0.7086125612258911
YBR153W,YLR083C,0,-0.2295955,0.11492817103862762,0.9172482490539551,0.708712637424469
YDR388W,YEL005C,0,-0.22973101,0.11491381376981735,0.9172482490539551,0.7088126540184021
YMR261C,YPR055W,0,-0.23034823,0.11489946395158768,0.9172482490539551,0.7089126706123352
YJL042W,YIL127C,0,-0.23047617,0.114885114133358,0.9172482490539551,0.7090126872062683
YMR113W,YPR175W,0,-0.23058505,0.11487077176570892,0.9172482490539551,0.7091127634048462
YER110C,YGL124C,0,-0.23093861,0.11485642939805984,0.9172482490539551,0.7092127799987793
YGR170W,YOR131C,0,-0.23103778,0.11484209448099136,0.9172482490539551,0.7093127965927124
YIL124W,YAL026C,0,-0.23186034,0.11482775956392288,0.9172482490539551,0.7094128131866455
YKL134C,YML009C,0,-0.23204756,0.1148134246468544,0.9172482490539551,0.7095128297805786
YMR100W,YLL035W,0,-0.2323414,0.11479910463094711,0.9172482490539551,0.7096129059791565
YIL013C,YFR053C,0,-0.2324454,0.11478477716445923,0.9172482490539551,0.7097129225730896
YER056C-A,YMR236W,0,-0.232757,0.11477045714855194,0.9172482490539551,0.7098129391670227
YHR105W,YPR052C,0,-0.23323148,0.11475614458322525,0.9172482490539551,0.7099129557609558
YDR256C,YLR178C,0,-0.23438951,0.11474183201789856,0.9172482490539551,0.7100130319595337
YJL137C,YBR009C,0,-0.23503405,0.11472751945257187,0.9172482490539551,0.7101130485534668
YCL039W,YGR049W,0,-0.23516375,0.11471321433782578,0.9172482490539551,0.7102130651473999
YBL018C,YPL013C,0,-0.23588474,0.11469891667366028,0.9172482490539551,0.710313081741333
YJL109C,YOL064C,0,-0.23657048,0.11468461900949478,0.9172482490539551,0.7104130983352661
YHR081W,YGR277C,0,-0.23678829,0.11467032134532928,0.9172482490539551,0.710513174533844
YDR490C,YER056C-A,0,-0.23747538,0.11465603113174438,0.9172482490539551,0.7106131911277771
YNL213C,YLR070C,0,-0.23770162,0.11464174091815948,0.9172482490539551,0.7107132077217102
YDL020C,YLR410W,0,-0.23774187,0.11462745815515518,0.9172482490539551,0.7108132243156433
YGL255W,YJL098W,0,-0.23841637,0.11461318284273148,0.9172482490539551,0.7109133005142212
YPL081W,YDL044C,0,-0.23882896,0.11459890753030777,0.9172482490539551,0.7110133171081543
YDR397C,YLR201C,0,-0.23904121,0.11458463221788406,0.9172482490539551,0.7111133337020874
YOR048C,YPR145W,0,-0.239335,0.11457036435604095,0.9172482490539551,0.7112133502960205
YHR188C,YOL096C,0,-0.2396855,0.11455609649419785,0.9172482490539551,0.7113133668899536
YNR055C,YGL027C,0,-0.2397465,0.11454183608293533,0.9172482490539551,0.7114134430885315
YHL003C,YJL050W,0,-0.23980133,0.11452757567167282,0.9172482490539551,0.7115134596824646
YBR162C,YGR245C,0,-0.24013327,0.11451331526041031,0.9172482490539551,0.7116134762763977
YKR007W,YMR134W,1,-0.24048783,0.1146235242486,0.918245255947113,0.7116134762763977
YLR060W,YER016W,0,-0.2408266,0.1146092563867569,0.918245255947113,0.7117134928703308
YLR369W,YMR101C,0,-0.24085763,0.11459499597549438,0.918245255947113,0.7118135690689087
YMR014W,YDR466W,0,-0.24100168,0.11458074301481247,0.918245255947113,0.7119135856628418
YHR098C,YDR356W,0,-0.24149658,0.11456649005413055,0.918245255947113,0.7120136022567749
YGR104C,YCR066W,0,-0.24218196,0.11455223709344864,0.918245255947113,0.712113618850708
YLR408C,YLR417W,0,-0.24220645,0.11453799158334732,0.918245255947113,0.7122136354446411
YMR188C,YOL135C,0,-0.24230042,0.1145237535238266,0.918245255947113,0.712313711643219
YDR055W,YCL057C-A,0,-0.24276769,0.11450950801372528,0.918245255947113,0.7124137282371521
YGR132C,YDR450W,0,-0.24286276,0.11449527740478516,0.918245255947113,0.7125137448310852
YBL009W,YMR312W,0,-0.24324128,0.11448104679584503,0.918245255947113,0.7126137614250183
YOR295W,YDR316W-A,0,-0.24457815,0.11446681618690491,0.918245255947113,0.7127138376235962
YJR153W,YMR135C,0,-0.24463409,0.11445259302854538,0.918245255947113,0.7128138542175293
YHR150W,YNL054W,0,-0.24501847,0.11443836987018585,0.918245255947113,0.7129138708114624
YLR381W,YPR105C,0,-0.24532235,0.11442415416240692,0.918245255947113,0.7130138874053955
YPR008W,YDR266C,0,-0.2453742,0.11440993845462799,0.918245255947113,0.7131139636039734
YGR244C,YGR013W,0,-0.2454111,0.11439573019742966,0.918245255947113,0.7132139801979065
YBR251W,YDR485C,0,-0.24562648,0.11438152194023132,0.918245255947113,0.7133139967918396
YBR279W,YER142C,0,-0.24572797,0.11436731368303299,0.918245255947113,0.7134140133857727
YNL083W,YMR233W,0,-0.24666023,0.11435311287641525,0.918245255947113,0.7135140299797058
YOR284W,YGR253C,0,-0.24677444,0.11433891952037811,0.918245255947113,0.7136141061782837
YOR335C,YGL028C,0,-0.2468991,0.11432472616434097,0.918245255947113,0.7137141227722168
YIL017C,YBL021C,0,-0.24735829,0.11431054025888443,0.918245255947113,0.7138141393661499
YPL043W,YHR191C,0,-0.2474877,0.11429635435342789,0.918245255947113,0.713914155960083
YMR037C,YOL139C,0,-0.24767219,0.11428216844797134,0.918245255947113,0.7140142321586609
YER161C,YIL082W-A,0,-0.24774343,0.1142679899930954,0.918245255947113,0.714114248752594
YLR361C,YNL300W,0,-0.24778225,0.11425381153821945,0.918245255947113,0.7142142653465271
YBL024W,YPL231W,0,-0.24780375,0.1142396405339241,0.918245255947113,0.7143142819404602
YHR188C,YIL112W,0,-0.24891819,0.11422547698020935,0.918245255947113,0.7144142985343933
YBR299W,YGL224C,0,-0.24911194,0.114211305975914,0.918245255947113,0.7145143747329712
YML133C,YLR212C,0,-0.24946283,0.11419714987277985,0.918245255947113,0.7146143913269043
YDR145W,YDR071C,0,-0.25014693,0.11418299376964569,0.918245255947113,0.7147144079208374
YGL150C,YBR142W,0,-0.25058994,0.11416883766651154,0.918245255947113,0.7148144245147705
YDL113C,YDR399W,0,-0.25089425,0.11415468156337738,0.918245255947113,0.7149145007133484
YDR065W,YPL202C,1,-0.25122738,0.11426446586847305,0.919242262840271,0.7149145007133484
YML027W,YDR239C,0,-0.25145724,0.1142503097653389,0.919242262840271,0.7150145173072815
YDR390C,YDR212W,0,-0.25181738,0.11423615366220474,0.919242262840271,0.7151145339012146
YOL055C,YNL233W,0,-0.25181982,0.11422200500965118,0.919242262840271,0.7152145504951477
YLL016W,YBL010C,0,-0.25244904,0.11420785635709763,0.919242262840271,0.7153145670890808
YDR532C,YPR121W,0,-0.25283566,0.11419370770454407,0.919242262840271,0.7154146432876587
YOL029C,YCR054C,0,-0.25350714,0.1141795665025711,0.919242262840271,0.7155146598815918
YLL015W,YKL091C,0,-0.2537486,0.11416542530059814,0.919242262840271,0.7156146764755249
YOR036W,YLR413W,0,-0.25408286,0.11415129154920578,0.919242262840271,0.715714693069458
YNL328C,YJL098W,0,-0.25459436,0.11413716524839401,0.919242262840271,0.7158147692680359
YDL120W,YML006C,1,-0.25490987,0.11424681544303894,0.920239269733429,0.7158147692680359
YMR293C,YOR250C,0,-0.2550405,0.11423267424106598,0.920239269733429,0.715914785861969
YGL079W,YDR264C,0,-0.2551694,0.11421854048967361,0.920239269733429,0.7160148024559021
YLR238W,YML113W,0,-0.25587705,0.11420440673828125,0.920239269733429,0.7161148190498352
YLR074C,YHR091C,0,-0.2560067,0.11419027298688889,0.920239269733429,0.7162148356437683
YLL062C,YIR006C,0,-0.2564958,0.11417615413665771,0.920239269733429,0.7163149118423462
YPL116W,YDL236W,0,-0.25705054,0.11416202783584595,0.920239269733429,0.7164149284362793
YBL050W,YLR178C,0,-0.25734863,0.11414790898561478,0.920239269733429,0.7165149450302124
YBR005W,YMR230W,0,-0.2578953,0.1141337975859642,0.920239269733429,0.7166149616241455
YIR008C,YGR286C,0,-0.25801364,0.11411968618631363,0.920239269733429,0.7167150378227234
YMR130W,YNL251C,0,-0.25819767,0.11410557478666306,0.920239269733429,0.7168150544166565
YIR003W,YOR065W,0,-0.25905004,0.11409147083759308,0.920239269733429,0.7169150710105896
YMR307W,YLR142W,0,-0.2591632,0.1140773668885231,0.920239269733429,0.7170150876045227
YDR300C,YHR176W,0,-0.25931054,0.11406327039003372,0.920239269733429,0.7171151638031006
YJL090C,YHR191C,0,-0.25974125,0.11404918134212494,0.920239269733429,0.7172151803970337
YDR515W,YGR020C,1,-0.26025215,0.11415863782167435,0.9212362766265869,0.7172151803970337
YNL083W,YJL173C,0,-0.26030186,0.11414453387260437,0.9212362766265869,0.7173151969909668
YJL097W,YGL092W,0,-0.2610525,0.11413043737411499,0.9212362766265869,0.7174152135848999
YOR110W,YIL066C,0,-0.26136976,0.11411634087562561,0.9212362766265869,0.717515230178833
YOR177C,YLR327C,0,-0.2619422,0.11410224437713623,0.9212362766265869,0.7176153063774109
YER153C,YDL214C,0,-0.2623598,0.11408815532922745,0.9212362766265869,0.717715322971344
YMR190C,YPL258C,0,-0.26239133,0.11407407373189926,0.9212362766265869,0.7178153395652771
YJR027W,YDR375C,0,-0.26239407,0.11405999213457108,0.9212362766265869,0.7179153561592102
YPR199C,YBR087W,0,-0.26283154,0.11404591798782349,0.9212362766265869,0.7180154323577881
YOL067C,YBL067C,0,-0.26294094,0.1140318363904953,0.9212362766265869,0.7181154489517212
YLR363C,YDR013W,0,-0.26341206,0.11401776969432831,0.9212362766265869,0.7182154655456543
YGL016W,YBL025W,0,-0.26354668,0.11400370299816132,0.9212362766265869,0.7183154821395874
YNR051C,YKL006W,0,-0.26362377,0.11398963630199432,0.9212362766265869,0.7184154987335205
YPL254W,YHR072W,0,-0.2638423,0.11397557705640793,0.9212362766265869,0.7185155749320984
YDR377W,YGL025C,0,-0.26423964,0.11396151781082153,0.9212362766265869,0.7186155915260315
YGL224C,YJL208C,0,-0.2643522,0.11394746601581573,0.9212362766265869,0.7187156081199646
YHR138C,YER164W,0,-0.26471385,0.11393341422080994,0.9212362766265869,0.7188156247138977
YHR154W,YDL106C,0,-0.26590034,0.11391936987638474,0.9212362766265869,0.7189157009124756
YMR162C,YPR068C,0,-0.26599464,0.11390532553195953,0.9212362766265869,0.7190157175064087
YMR247C,YDR252W,0,-0.26607493,0.11389128863811493,0.9212362766265869,0.7191157341003418
YDL222C,YJL063C,0,-0.26608384,0.11387725174427032,0.9212362766265869,0.7192157506942749
YHR150W,YHR157W,0,-0.26619056,0.11386321485042572,0.9212362766265869,0.719315767288208
YGL135W,YDR381W,0,-0.26633638,0.11384918540716171,0.9212362766265869,0.7194158434867859
YFL053W,YMR167W,0,-0.26696208,0.1138351634144783,0.9212362766265869,0.719515860080719
YKR007W,YNL213C,0,-0.26698706,0.11382114142179489,0.9212362766265869,0.7196158766746521
YGL022W,YOR080W,0,-0.26857165,0.11380711942911148,0.9212362766265869,0.7197158932685852
YBR021W,YDR052C,0,-0.26952487,0.11379310488700867,0.9212362766265869,0.7198159694671631
YKL014C,YPR108W,0,-0.2699338,0.11377909034490585,0.9212362766265869,0.7199159860610962
YJL156C,YAR014C,0,-0.27003753,0.11376508325338364,0.9212362766265869,0.7200160026550293
YLR390W-A,YPL076W,0,-0.27044943,0.11375107616186142,0.9212362766265869,0.7201160192489624
YER122C,YBR030W,0,-0.27058116,0.1137370765209198,0.9212362766265869,0.7202160358428955
YNL284C-B,YDR500C,0,-0.2707821,0.11372307687997818,0.9212362766265869,0.7203161120414734
YPL086C,YJR113C,0,-0.27121657,0.11370908468961716,0.9212362766265869,0.7204161286354065
YJR144W,YPL003W,0,-0.27154747,0.11369509249925613,0.9212362766265869,0.7205161452293396
YBR251W,YDL108W,0,-0.27169618,0.11368110030889511,0.9212362766265869,0.7206161618232727
YMR029C,YCR043C,0,-0.27206257,0.11366711556911469,0.9212362766265869,0.7207162380218506
YFR032C-A,YDL149W,0,-0.27217555,0.11365313827991486,0.9212362766265869,0.7208162546157837
YLR435W,YJR150C,0,-0.27251017,0.11363916099071503,0.9212362766265869,0.7209162712097168
YPL174C,YLR263W,0,-0.2730993,0.1136251837015152,0.9212362766265869,0.7210162878036499
YPL162C,YGR091W,0,-0.27313322,0.11361121386289597,0.9212362766265869,0.7211163640022278
YJL115W,YOL089C,0,-0.27504018,0.11359724402427673,0.9212362766265869,0.7212163805961609
YDR468C,YLR032W,0,-0.27510163,0.1135832816362381,0.9212362766265869,0.721316397190094
YCR098C,YJR129C,0,-0.2751717,0.11356931924819946,0.9212362766265869,0.7214164137840271
YHR154W,YLR308W,0,-0.2753825,0.11355536431074142,0.9212362766265869,0.7215164303779602
YOR079C,YDR520C,0,-0.27566817,0.11354140937328339,0.9212362766265869,0.7216165065765381
YPL121C,YDL044C,0,-0.2756969,0.11352746188640594,0.9212362766265869,0.7217165231704712
YDL122W,YNL113W,0,-0.27575254,0.1135135143995285,0.9212362766265869,0.7218165397644043
YER122C,YPR168W,0,-0.27647737,0.11349956691265106,0.9212362766265869,0.7219165563583374
YOL031C,YGR195W,0,-0.27684212,0.11348562687635422,0.9212362766265869,0.7220166325569153
YBR012W-B,YLR060W,0,-0.27727416,0.11347169429063797,0.9212362766265869,0.7221166491508484
YPR096C,YIL120W,0,-0.2781793,0.11345776170492172,0.9212362766265869,0.7222166657447815
YDR041W,YOL144W,0,-0.2782626,0.11344382911920547,0.9212362766265869,0.7223166823387146
YKL150W,YMR297W,0,-0.27856344,0.11342990398406982,0.9212362766265869,0.7224166989326477
YGR170W,YER012W,0,-0.27902362,0.11341597884893417,0.9212362766265869,0.7225167751312256
YOL069W,YNL063W,0,-0.2798835,0.11340206116437912,0.9212362766265869,0.7226167917251587
YOR288C,YHR206W,0,-0.28006944,0.11338814347982407,0.9212362766265869,0.7227168083190918
YDR213W,YLR263W,0,-0.28072274,0.11337423324584961,0.9212362766265869,0.7228168249130249
YJR143C,YAR015W,0,-0.2807625,0.11336032301187515,0.9212362766265869,0.7229169011116028
YJR120W,YMR311C,0,-0.28107187,0.11334642022848129,0.9212362766265869,0.7230169177055359
YJL047C,YGR184C,0,-0.28114283,0.11333251744508743,0.9212362766265869,0.723116934299469
YLL026W,YOR065W,0,-0.281488,0.11331861466169357,0.9212362766265869,0.7232169508934021
YKR018C,YNL015W,0,-0.28153735,0.11330471932888031,0.9212362766265869,0.7233169674873352
YGR275W,YOR326W,0,-0.2815457,0.11329083144664764,0.9212362766265869,0.7234170436859131
YHR076W,YJL058C,0,-0.28163788,0.11327694356441498,0.9212362766265869,0.7235170602798462
YFR005C,YCR054C,0,-0.2821177,0.11326305568218231,0.9212362766265869,0.7236170768737793
YJL074C,YHR010W,0,-0.28241098,0.11324917525053024,0.9212362766265869,0.7237170934677124
YGR086C,YGR174C,0,-0.28300563,0.11323529481887817,0.9212362766265869,0.7238171696662903
YDR101C,YKL079W,0,-0.2830956,0.1132214218378067,0.9212362766265869,0.7239171862602234
YHR207C,YOR001W,0,-0.28318,0.11320754885673523,0.9212362766265869,0.7240172028541565
YDR189W,YMR055C,0,-0.28318164,0.11319367587566376,0.9212362766265869,0.7241172194480896
YDR507C,YMR091C,0,-0.28323668,0.11317981034517288,0.9212362766265869,0.7242172360420227
YHR134W,YPL203W,0,-0.28335413,0.1131659522652626,0.9212362766265869,0.7243173122406006
YDL141W,YBL078C,0,-0.2834056,0.11315209418535233,0.9212362766265869,0.7244173288345337
YDR292C,YBR216C,0,-0.28341883,0.11313823610544205,0.9212362766265869,0.7245173454284668
YIL099W,YCR097W,0,-0.28351414,0.11312438547611237,0.9212362766265869,0.7246173620223999
YDR299W,YBL046W,0,-0.2836845,0.11311054229736328,0.9212362766265869,0.7247174382209778
YER001W,YHR107C,0,-0.28379568,0.1130966916680336,0.9212362766265869,0.7248174548149109
YDR141C,YDR349C,0,-0.28572452,0.11308285593986511,0.9212362766265869,0.724917471408844
YBR040W,YDL213C,0,-0.28644192,0.11306901276111603,0.9212362766265869,0.7250174880027771
YDR478W,YGR253C,0,-0.28653735,0.11305518448352814,0.9212362766265869,0.725117564201355
YKR099W,YMR081C,0,-0.28654248,0.11304134875535965,0.9212362766265869,0.7252175807952881
YER161C,YER146W,0,-0.28657624,0.11302752047777176,0.9212362766265869,0.7253175973892212
YDL122W,YPL030W,0,-0.28758708,0.11301369965076447,0.9212362766265869,0.7254176139831543
YGL039W,YBL016W,0,-0.28771394,0.11299987882375717,0.9212362766265869,0.7255176305770874
YMR301C,YDR182W,1,-0.28880468,0.11310833692550659,0.9222332835197449,0.7255176305770874
YOL072W,YCL055W,0,-0.2891903,0.1130945086479187,0.9222332835197449,0.7256177067756653
YHR149C,YGL089C,0,-0.28921574,0.11308068782091141,0.9222332835197449,0.7257177233695984
YDR515W,YLR205C,1,-0.29001632,0.11318909376859665,0.9232302904129028,0.7257177233695984
YDR538W,YHL001W,0,-0.29025006,0.11317526549100876,0.9232302904129028,0.7258177399635315
YCR092C,YNR071C,0,-0.29025152,0.11316142976284027,0.9232302904129028,0.7259177565574646
YBR175W,YFR046C,0,-0.29157966,0.11314760148525238,0.9232302904129028,0.7260178327560425
YBL013W,YPL047W,0,-0.29176804,0.11313378065824509,0.9232302904129028,0.7261178493499756
YDR312W,YCL044C,0,-0.29230595,0.11311995983123779,0.9232302904129028,0.7262178659439087
YBR288C,YIL118W,0,-0.29297036,0.1131061464548111,0.9232302904129028,0.7263178825378418
YOR348C,YJR108W,0,-0.29300565,0.1130923330783844,0.9232302904129028,0.7264178991317749
YGL067W,YOR067C,0,-0.2934952,0.1130785197019577,0.9232302904129028,0.7265179753303528
YOR265W,YBR221C,0,-0.29363915,0.1130647137761116,0.9232302904129028,0.7266179919242859
YLR142W,YCL064C,0,-0.2936938,0.1130509078502655,0.9232302904129028,0.726718008518219
YBR037C,YDR492W,1,-0.29391876,0.1131591796875,0.9242272973060608,0.726718008518219
YJL065C,YMR009W,0,-0.29411426,0.1131453663110733,0.9242272973060608,0.7268180251121521
YBR012W-A,YBR198C,0,-0.2942027,0.1131315603852272,0.9242272973060608,0.72691810131073
YLR015W,YML011C,0,-0.29478794,0.1131177544593811,0.9242272973060608,0.7270181179046631
YDR484W,YNL222W,0,-0.29492465,0.1131039559841156,0.9242272973060608,0.7271181344985962
YNL190W,YPL043W,0,-0.2952456,0.1130901575088501,0.9242272973060608,0.7272181510925293
YOR068C,YBR229C,0,-0.2953161,0.1130763590335846,0.9242272973060608,0.7273181676864624
YDR156W,YOR140W,0,-0.29548937,0.11306256800889969,0.9242272973060608,0.7274182438850403
YNR052C,YMR233W,0,-0.29684636,0.11304877698421478,0.9242272973060608,0.7275182604789734
YLR249W,YNL224C,0,-0.29691246,0.11303499341011047,0.9242272973060608,0.7276182770729065
YOR010C,YHR210C,0,-0.29723117,0.11302121728658676,0.9242272973060608,0.7277182936668396
YER058W,YIL070C,0,-0.29727384,0.11300743371248245,0.9242272973060608,0.7278183698654175
YBL024W,YLR192C,0,-0.2974749,0.11299366503953934,0.9242272973060608,0.7279183864593506
YNL090W,YER003C,0,-0.2979296,0.11297988891601562,0.9242272973060608,0.7280184030532837
YOR190W,YOR039W,0,-0.2981307,0.11296612024307251,0.9242272973060608,0.7281184196472168
YAL002W,YBR133C,0,-0.2985053,0.11295235902070999,0.9242272973060608,0.7282184362411499
YDR098C,YFR055W,1,-0.298548,0.11306042969226837,0.9252243041992188,0.7282184362411499
YGL130W,YOL135C,0,-0.29855555,0.11304665356874466,0.9252243041992188,0.7283185124397278
YHR142W,YBR158W,0,-0.2989195,0.11303288489580154,0.9252243041992188,0.7284185290336609
YJR054W,YML009C,0,-0.29989982,0.11301912367343903,0.9252243041992188,0.728518545627594
YDR434W,YBL014C,0,-0.30038035,0.11300535500049591,0.9252243041992188,0.7286185622215271
YAL010C,YPL275W,0,-0.30049834,0.11299160122871399,0.9252243041992188,0.728718638420105
YBR004C,YOL154W,0,-0.30117857,0.11297784000635147,0.9252243041992188,0.7288186550140381
YLR355C,YEL009C,0,-0.30186653,0.11296409368515015,0.9252243041992188,0.7289186716079712
YLR376C,YNL176C,0,-0.30209106,0.11295033991336823,0.9252243041992188,0.7290186882019043
YML018C,YDR130C,0,-0.30211136,0.1129365935921669,0.9252243041992188,0.7291187644004822
YBR105C,YNL161W,0,-0.3022065,0.11292285472154617,0.9252243041992188,0.7292187809944153
YMR285C,YHR122W,0,-0.302816,0.11290911585092545,0.9252243041992188,0.7293187975883484
YML131W,YGL251C,0,-0.3028987,0.11289537698030472,0.9252243041992188,0.7294188141822815
YKL175W,YOL101C,1,-0.3032158,0.11300328373908997,0.9262213110923767,0.7294188141822815
YDR268W,YOL033W,0,-0.30346185,0.11298953741788864,0.9262213110923767,0.7295188307762146
YPR010C,YJL101C,0,-0.30378395,0.11297579854726791,0.9262213110923767,0.7296189069747925
YHL003C,YIL126W,0,-0.30383486,0.11296205967664719,0.9262213110923767,0.7297189235687256
YBR094W,YPL090C,0,-0.30442494,0.11294832825660706,0.9262213110923767,0.7298189401626587
YNL316C,YER140W,0,-0.30484438,0.11293459683656693,0.9262213110923767,0.7299189567565918
YHR214W,YOR211C,0,-0.30637854,0.11292087286710739,0.9262213110923767,0.7300190329551697
YGL040C,YER075C,0,-0.30720717,0.11290714889764786,0.9262213110923767,0.7301190495491028
YKR027W,YDR153C,0,-0.30774507,0.11289342492818832,0.9262213110923767,0.7302190661430359
YLR409C,YMR188C,0,-0.307816,0.11287970840930939,0.9262213110923767,0.730319082736969
YGR207C,YGL070C,0,-0.30825526,0.11286599189043045,0.9262213110923767,0.7304190993309021
YCR105W,YNL305C,0,-0.30867994,0.11285228282213211,0.9262213110923767,0.73051917552948
YAL030W,YPL170W,0,-0.3091887,0.11283857375383377,0.9262213110923767,0.7306191921234131
YGL018C,YNL045W,0,-0.31017792,0.11282487213611603,0.9262213110923767,0.7307192087173462
YMR256C,YGR099W,0,-0.31030303,0.11281117051839828,0.9262213110923767,0.7308192253112793
YER053C,YOL132W,0,-0.3103613,0.11279747635126114,0.9262213110923767,0.7309193015098572
YBR103W,YML025C,0,-0.310497,0.11278378218412399,0.9262213110923767,0.7310193181037903
YOR303W,YHR064C,0,-0.31132454,0.11277008801698685,0.9262213110923767,0.7311193346977234
YMR070W,YKR090W,0,-0.31174886,0.1127564013004303,0.9262213110923767,0.7312193512916565
YOL116W,YCR020C,0,-0.312092,0.11274272203445435,0.9262213110923767,0.7313193678855896
YBR158W,YEL004W,0,-0.3121635,0.1127290353178978,0.9262213110923767,0.7314194440841675
YER007C-A,YER054C,0,-0.31282926,0.11271536350250244,0.9262213110923767,0.7315194606781006
YAR009C,YGR202C,0,-0.31287116,0.11270168423652649,0.9262213110923767,0.7316194772720337
YHR033W,YDR424C,0,-0.31293052,0.11268801242113113,0.9262213110923767,0.7317194938659668
YCR054C,YLR233C,0,-0.31313854,0.11267434805631638,0.9262213110923767,0.7318195700645447
YHR102W,YJL058C,0,-0.3132293,0.11266068369150162,0.9262213110923767,0.7319195866584778
YGL018C,YER031C,0,-0.31353503,0.11264702677726746,0.9262213110923767,0.7320196032524109
YGL129C,YKL167C,0,-0.31395054,0.1126333624124527,0.9262213110923767,0.732119619846344
YHR148W,YDL030W,0,-0.31422895,0.11261971294879913,0.9262213110923767,0.7322196364402771
YGR041W,YOR119C,0,-0.31454784,0.11260606348514557,0.9262213110923767,0.732319712638855
YGL187C,YLR423C,0,-0.31461096,0.112592414021492,0.9262213110923767,0.7324197292327881
YKL069W,YHR014W,0,-0.31461227,0.11257877200841904,0.9262213110923767,0.7325197458267212
YJR105W,YDR520C,0,-0.31468612,0.11256512999534607,0.9262213110923767,0.7326197624206543
YOR116C,YDR002W,0,-0.31480852,0.1125514879822731,0.9262213110923767,0.7327198386192322
YDR334W,YOR095C,0,-0.3148468,0.11253785341978073,0.9262213110923767,0.7328198552131653
YPL233W,YNL076W,0,-0.31547838,0.11252422630786896,0.9262213110923767,0.7329198718070984
YEL065W,YER145C,1,-0.3155168,0.11263170838356018,0.9272183179855347,0.7329198718070984
YNL071W,YKL211C,0,-0.31556734,0.11261806637048721,0.9272183179855347,0.7330198884010315
YKL045W,YAL059W,0,-0.31581384,0.11260443180799484,0.9272183179855347,0.7331199645996094
YDR468C,YGR140W,0,-0.3158284,0.11259079724550247,0.9272183179855347,0.7332199811935425
YOL067C,YDR390C,0,-0.3158691,0.1125771701335907,0.9272183179855347,0.7333199977874756
YDL193W,YLR221C,0,-0.316068,0.11256354302167892,0.9272183179855347,0.7334200143814087
YIR010W,YDR486C,0,-0.31651804,0.11254992336034775,0.9272183179855347,0.7335200309753418
YKL014C,YDR022C,0,-0.31720576,0.11253630369901657,0.9272183179855347,0.7336201071739197
YBR103W,YLR207W,0,-0.31730974,0.1125226840376854,0.9272183179855347,0.7337201237678528
YPL174C,YOR362C,0,-0.31806293,0.11250907182693481,0.9272183179855347,0.7338201403617859
YMR074C,YCR054C,0,-0.31833926,0.11249546706676483,0.9272183179855347,0.733920156955719
YOR257W,YMR164C,0,-0.3190148,0.11248185485601425,0.9272183179855347,0.7340202331542969
YHR214W,YLR059C,0,-0.31957707,0.11246825754642487,0.9272183179855347,0.73412024974823
YPL212C,YBR214W,0,-0.32011652,0.11245465278625488,0.9272183179855347,0.7342202663421631
YER111C,YFL044C,0,-0.32016942,0.1124410554766655,0.9272183179855347,0.7343202829360962
YKL086W,YJR058C,0,-0.3207438,0.11242746561765671,0.9272183179855347,0.7344202995300293
YLR363C,YMR235C,0,-0.32116166,0.11241387575864792,0.9272183179855347,0.7345203757286072
YHR116W,YDR437W,0,-0.3218081,0.11240029335021973,0.9272183179855347,0.7346203923225403
YDR120C,YPL187W,0,-0.32198164,0.11238670349121094,0.9272183179855347,0.7347204089164734
YCL075W,YBR189W,0,-0.32244217,0.11237312853336334,0.9272183179855347,0.7348204255104065
YEL048C,YMR205C,0,-0.32274753,0.11235955357551575,0.9272183179855347,0.7349205017089844
YGL168W,YOL078W,0,-0.3227936,0.11234597861766815,0.9272183179855347,0.7350205183029175
YJL033W,YBL036C,0,-0.32281926,0.11233240365982056,0.9272183179855347,0.7351205348968506
YDL064W,YDR087C,0,-0.32287988,0.11231884360313416,0.9272183179855347,0.7352205514907837
YER060W-A,YFL056C,0,-0.32303685,0.11230527609586716,0.9272183179855347,0.7353205680847168
YDR126W,YNL076W,0,-0.32305685,0.11229171603918076,0.9272183179855347,0.7354206442832947
YPL068C,YOR003W,0,-0.32387087,0.11227816343307495,0.9272183179855347,0.7355206608772278
YGL089C,YBR193C,0,-0.32393417,0.11226460337638855,0.9272183179855347,0.7356206774711609
YLR435W,YBR279W,0,-0.324014,0.11225105822086334,0.9272183179855347,0.735720694065094
YOR026W,YDR300C,0,-0.32426098,0.11223750561475754,0.9272183179855347,0.7358207702636719
YLR147C,YML029W,0,-0.32430193,0.11222396790981293,0.9272183179855347,0.735920786857605
YAL025C,YFR053C,0,-0.32435223,0.11221042275428772,0.9272183179855347,0.7360208034515381
YDR315C,YMR207C,0,-0.32441318,0.11219688504934311,0.9272183179855347,0.7361208200454712
YJL083W,YDR028C,0,-0.32515627,0.1121833547949791,0.9272183179855347,0.7362208366394043
YKL080W,YOR061W,1,-0.32573348,0.11229043453931808,0.9282153248786926,0.7362208366394043
YNR045W,YML010W,0,-0.32625213,0.11227689683437347,0.9282153248786926,0.7363209128379822
YNR063W,YKR058W,0,-0.3262612,0.11226335167884827,0.9282153248786926,0.7364209294319153
YPL091W,YLR067C,0,-0.32654047,0.11224982142448425,0.9282153248786926,0.7365209460258484
YOL096C,YNL056W,0,-0.32713878,0.11223628371953964,0.9282153248786926,0.7366209626197815
YDR408C,YKL099C,0,-0.3280778,0.11222276091575623,0.9282153248786926,0.7367210388183594
YFR015C,YDR032C,0,-0.32830745,0.11220923066139221,0.9282153248786926,0.7368210554122925
YLR409C,YNL326C,0,-0.32848227,0.1121957078576088,0.9282153248786926,0.7369210720062256
YNL067W,YJR109C,0,-0.32864502,0.11218219250440598,0.9282153248786926,0.7370210886001587
YKL006C-A,YPL032C,0,-0.32904553,0.11216867715120316,0.9282153248786926,0.7371211647987366
YMR079W,YHL035C,0,-0.32917678,0.11215516179800034,0.9282153248786926,0.7372211813926697
YMR322C,YGL070C,0,-0.32932127,0.11214165389537811,0.9282153248786926,0.7373211979866028
YPR186C,YMR105C,0,-0.33001623,0.11212814599275589,0.9282153248786926,0.7374212145805359
YGL191W,YIL115C,0,-0.33052635,0.11211464554071426,0.9282153248786926,0.737521231174469
YHR102W,YOR329C,0,-0.33074737,0.11210114508867264,0.9282153248786926,0.7376213073730469
YGR274C,YBR050C,0,-0.33078548,0.11208764463663101,0.9282153248786926,0.73772132396698
YDR314C,YGR183C,0,-0.33099768,0.11207415163516998,0.9282153248786926,0.7378213405609131
YER044C,YHL021C,0,-0.33111528,0.11206066608428955,0.9282153248786926,0.7379213571548462
YGR029W,YDR098C,1,-0.33164632,0.11216752976179123,0.9292123913764954,0.7379213571548462
YHL038C,YPL281C,0,-0.33202934,0.1121540293097496,0.9292123913764954,0.7380214333534241
YEL059C-A,YCR040W,0,-0.33258715,0.11214053630828857,0.9292123913764954,0.7381214499473572
YPL175W,YMR260C,0,-0.3326069,0.11212704330682755,0.9292123913764954,0.7382214665412903
YCR018C,YFL005W,0,-0.33401304,0.11211355775594711,0.9292123913764954,0.7383214831352234
YLL031C,YML098W,0,-0.3340543,0.11210007220506668,0.9292123913764954,0.7384214997291565
YHL013C,YNL194C,0,-0.33491042,0.11208659410476685,0.9292123913764954,0.7385215759277344
YBR251W,YPR020W,0,-0.33491132,0.11207310855388641,0.9292123913764954,0.7386215925216675
YJL074C,YBL064C,0,-0.3351187,0.11205963790416718,0.9292123913764954,0.7387216091156006
YDL010W,YJR132W,0,-0.3354046,0.11204616725444794,0.9292123913764954,0.7388216257095337
YHR169W,YBR168W,0,-0.33559713,0.1120326966047287,0.9292123913764954,0.7389217019081116
YDR507C,YJL090C,0,-0.33587164,0.11201923340559006,0.9292123913764954,0.7390217185020447
YDR041W,YBL035C,0,-0.33658803,0.11200577020645142,0.9292123913764954,0.7391217350959778
YLR299W,YGL096W,0,-0.3373558,0.11199230700731277,0.9292123913764954,0.7392217516899109
YOR113W,YAR071W,0,-0.33822405,0.11197885125875473,0.9292123913764954,0.739321768283844
YOR039W,YHR186C,0,-0.33855367,0.11196540296077728,0.9292123913764954,0.7394218444824219
YFR024C-A,YLR413W,0,-0.33876306,0.11195195466279984,0.9292123913764954,0.739521861076355
YDL085W,YIL119C,0,-0.3388561,0.11193850636482239,0.9292123913764954,0.7396218776702881
YDR307W,YGL106W,0,-0.3392216,0.11192506551742554,0.9292123913764954,0.7397218942642212
YOR064C,YOR014W,0,-0.3393467,0.11191162467002869,0.9292123913764954,0.7398219704627991
YPL068C,YER038C,0,-0.3395541,0.11189818382263184,0.9292123913764954,0.7399219870567322
YMR113W,YER129W,0,-0.34137544,0.11188475042581558,0.9292123913764954,0.7400220036506653
YER106W,YOR326W,0,-0.3414917,0.11187132447957993,0.9292123913764954,0.7401220202445984
YGR271C-A,YHR014W,0,-0.341663,0.11185789853334427,0.9292123913764954,0.7402220368385315
YKL008C,YOR359W,0,-0.34190172,0.11184447258710861,0.9292123913764954,0.7403221130371094
YMR026C,YMR242C,0,-0.3424908,0.11183105409145355,0.9292123913764954,0.7404221296310425
YEL077C,YIR028W,0,-0.34349796,0.11181763559579849,0.9292123913764954,0.7405221462249756
YAL062W,YPR184W,0,-0.34398657,0.11180422455072403,0.9292123913764954,0.7406221628189087
YMR044W,YBL061C,0,-0.34440473,0.11179081350564957,0.9292123913764954,0.7407222390174866
YBR239C,YJL096W,0,-0.34464318,0.1117774024605751,0.9292123913764954,0.7408222556114197
YLR196W,YPL088W,0,-0.34469926,0.11176399886608124,0.9292123913764954,0.7409222722053528
YKL216W,YGR166W,0,-0.34521222,0.11175060272216797,0.9292123913764954,0.7410222887992859
YCR003W,YNL164C,0,-0.34552017,0.1117371991276741,0.9292123913764954,0.7411223649978638
YBR258C,YLR117C,0,-0.3458763,0.11172381043434143,0.9292123913764954,0.7412223815917969
YLL006W,YAL002W,0,-0.34601292,0.11171041429042816,0.9292123913764954,0.74132239818573
YJL019W,YNL077W,0,-0.34647748,0.11169702559709549,0.9292123913764954,0.7414224147796631
YIL017C,YER015W,0,-0.3465306,0.11168364435434341,0.9292123913764954,0.7415224313735962
YBR213W,YGL084C,0,-0.34678,0.11167026311159134,0.9292123913764954,0.7416225075721741
YGL035C,YPR166C,0,-0.34681332,0.11165688186883926,0.9292123913764954,0.7417225241661072
YIL049W,YDL092W,0,-0.34697887,0.11164350807666779,0.9292123913764954,0.7418225407600403
YPL009C,YDR399W,0,-0.34725964,0.11163013428449631,0.9292123913764954,0.7419225573539734
YMR106C,YLR308W,0,-0.3473806,0.11161676794290543,0.9292123913764954,0.7420226335525513
YLR083C,YLR154C,0,-0.34777004,0.11160340160131454,0.9292123913764954,0.7421226501464844
YPL021W,YBL100W-B,0,-0.34836224,0.11159003525972366,0.9292123913764954,0.7422226667404175
YKR081C,YML111W,0,-0.34945032,0.11157667636871338,0.9292123913764954,0.7423226833343506
YER159C,YOR359W,0,-0.34979546,0.11156332492828369,0.9292123913764954,0.7424226999282837
YMR268C,YLR007W,0,-0.3500235,0.111549973487854,0.9292123913764954,0.7425227761268616
YOL055C,YOR308C,0,-0.35080948,0.11153662204742432,0.9292123913764954,0.7426227927207947
YIR021W,YAR015W,0,-0.35087934,0.11152327060699463,0.9292123913764954,0.7427228093147278
YOL127W,YER144C,0,-0.3510058,0.11150993406772614,0.9292123913764954,0.7428228259086609
YML034W,YOL001W,0,-0.3510219,0.11149659007787704,0.9292123913764954,0.7429229021072388
YDL014W,YAL001C,0,-0.35108608,0.11148325353860855,0.9292123913764954,0.7430229187011719
YER153C,YML094W,0,-0.35121256,0.11146991699934006,0.9292123913764954,0.743122935295105
YPR151C,YJR090C,0,-0.3512531,0.11145658791065216,0.9292123913764954,0.7432229518890381
YKL116C,YNR039C,0,-0.35128754,0.11144325882196426,0.9292123913764954,0.7433229684829712
YCR040W,YAL044C,0,-0.35154888,0.11142993718385696,0.9292123913764954,0.7434230446815491
YER033C,YPL101W,0,-0.35272253,0.11141661554574966,0.9292123913764954,0.7435230612754822
YGR192C,YFL004W,0,-0.3527466,0.11140330135822296,0.9292123913764954,0.7436230778694153
YNL049C,YBR121C,0,-0.35317633,0.11138998717069626,0.9292123913764954,0.7437230944633484
YJL179W,YPL009C,0,-0.35338604,0.11137667298316956,0.9292123913764954,0.7438231706619263
YLR133W,YOR173W,0,-0.35355955,0.11136336624622345,0.9292123913764954,0.7439231872558594
YPL233W,YDL110C,0,-0.35369694,0.11135005950927734,0.9292123913764954,0.7440232038497925
YLR060W,YLR201C,0,-0.35428357,0.11133676022291183,0.9292123913764954,0.7441232204437256
YNL270C,YHR088W,0,-0.3544339,0.11132346093654633,0.9292123913764954,0.7442232966423035
YDL141W,YKR053C,0,-0.3546154,0.11131016165018082,0.9292123913764954,0.7443233132362366
YIL168W,YCR065W,0,-0.35464802,0.1112968698143959,0.9292123913764954,0.7444233298301697
YFL016C,YHR032W,0,-0.3555241,0.11128358542919159,0.9292123913764954,0.7445233464241028
YKR099W,YNL139C,0,-0.35726488,0.11127029359340668,0.9292123913764954,0.7446233630180359
YGR263C,YML066C,0,-0.35800236,0.11125701665878296,0.9292123913764954,0.7447234392166138
YCL026C-A,YDL043C,0,-0.3582815,0.11124373227357864,0.9292123913764954,0.7448234558105469
YDR365C,YCR048W,0,-0.3583972,0.11123045533895493,0.9292123913764954,0.74492347240448
YDR043C,YDR217C,0,-0.3585395,0.1112171858549118,0.9292123913764954,0.7450234889984131
YCL059C,YER061C,0,-0.35854024,0.11120391637086868,0.9292123913764954,0.745123565196991
YGR211W,YML013W,0,-0.3589322,0.11119064688682556,0.9292123913764954,0.7452235817909241
YOL130W,YOL039W,0,-0.35898376,0.11117738485336304,0.9292123913764954,0.7453235983848572
YKL017C,YDR279W,0,-0.3590594,0.11116412281990051,0.9292123913764954,0.7454236149787903
YEL051W,YGR020C,1,-0.35959882,0.11127012223005295,0.9302093982696533,0.7454236149787903
YNL094W,YLR272C,0,-0.35996568,0.11125686019659042,0.9302093982696533,0.7455236315727234
YPL177C,YDR492W,1,-0.36008504,0.11136282235383987,0.9312064051628113,0.7455236315727234
YHR039C-A,YDR376W,1,-0.36010623,0.11146876215934753,0.9322034120559692,0.7455236315727234
YKL071W,YFR030W,0,-0.360183,0.11145547777414322,0.9322034120559692,0.7456237077713013
YIL115C,YOR362C,0,-0.3610889,0.1114421933889389,0.9322034120559692,0.7457237243652344
YLR142W,YGR245C,0,-0.36212304,0.11142890900373459,0.9322034120559692,0.7458237409591675
YDR017C,YNL046W,0,-0.36239576,0.11141563206911087,0.9322034120559692,0.7459237575531006
YGR138C,YFL050C,0,-0.36270487,0.11140236258506775,0.9322034120559692,0.7460238337516785
YBL106C,YMR167W,0,-0.3628661,0.11138908565044403,0.9322034120559692,0.7461238503456116
YDR228C,YHR147C,0,-0.36310136,0.11137581616640091,0.9322034120559692,0.7462238669395447
YJR073C,YLR095C,0,-0.36327654,0.11136255413293839,0.9322034120559692,0.7463238835334778
YDR141C,YMR242C,0,-0.36329955,0.11134929209947586,0.9322034120559692,0.7464239001274109
YGL222C,YDR528W,0,-0.36331058,0.11133603006601334,0.9322034120559692,0.7465239763259888
YFL009W,YCR097W,0,-0.36395538,0.11132277548313141,0.9322034120559692,0.7466239929199219
YBR035C,YPR155C,0,-0.36402237,0.11130952090024948,0.9322034120559692,0.746724009513855
YIL144W,YMR215W,0,-0.36409742,0.11129627376794815,0.9322034120559692,0.7468240261077881
YKR045C,YAR007C,0,-0.36413056,0.11128302663564682,0.9322034120559692,0.746924102306366
YGR186W,YJL216C,0,-0.3642922,0.11126978695392609,0.9322034120559692,0.7470241189002991
YEL046C,YBL046W,0,-0.3643925,0.11125654727220535,0.9322034120559692,0.7471241354942322
YLR466W,YHR031C,0,-0.36497968,0.11124330759048462,0.9322034120559692,0.7472241520881653
YPL075W,YOR368W,0,-0.36519116,0.11123007535934448,0.9322034120559692,0.7473241686820984
YKR014C,YGR128C,0,-0.36567628,0.11121684312820435,0.9322034120559692,0.7474242448806763
YOR061W,YGR092W,1,-0.3663668,0.1113225519657135,0.9332004189491272,0.7474242448806763
YJR089W,YML107C,0,-0.36653206,0.11130931228399277,0.9332004189491272,0.7475242614746094
YBL064C,YBR028C,0,-0.3672564,0.11129607260227203,0.9332004189491272,0.7476242780685425
YNL159C,YJL116C,0,-0.36750612,0.1112828403711319,0.9332004189491272,0.7477242946624756
YER095W,YMR283C,0,-0.36871094,0.11126961559057236,0.9332004189491272,0.7478243708610535
YKL140W,YGL084C,0,-0.3689425,0.11125639081001282,0.9332004189491272,0.7479243874549866
YBR208C,YER144C,0,-0.36920494,0.11124316602945328,0.9332004189491272,0.7480244040489197
YBR254C,YBR092C,0,-0.36994156,0.11122994869947433,0.9332004189491272,0.7481244206428528
YNL191W,YDR252W,0,-0.3703023,0.11121673136949539,0.9332004189491272,0.7482244968414307
YJL020C,YKR086W,0,-0.37174428,0.11120351403951645,0.9332004189491272,0.7483245134353638
YNL054W,YCR043C,0,-0.37314808,0.1111903041601181,0.9332004189491272,0.7484245300292969
YGR068C,YFL016C,0,-0.37355304,0.11117710173130035,0.9332004189491272,0.74852454662323
YKL101W,YOL121C,0,-0.37412757,0.11116389185190201,0.9332004189491272,0.7486245632171631
YDR324C,YFR044C,0,-0.37421665,0.11115069687366486,0.9332004189491272,0.748724639415741
YNL336W,YGL029W,0,-0.3747318,0.1111374944448471,0.9332004189491272,0.7488246560096741
YLR047C,YOL158C,1,-0.37486207,0.11124302446842194,0.9341974258422852,0.7488246560096741
YDR201W,YPL045W,0,-0.37504935,0.11122982203960419,0.9341974258422852,0.7489246726036072
YMR042W,YJL090C,0,-0.37517965,0.11121661961078644,0.9341974258422852,0.7490246891975403
YPR028W,YHR070W,0,-0.37521863,0.11120341718196869,0.9341974258422852,0.7491247653961182
YFR004W,YIL122W,0,-0.37536198,0.11119022220373154,0.9341974258422852,0.7492247819900513
YJL212C,YOR360C,0,-0.375629,0.11117702722549438,0.9341974258422852,0.7493247985839844
YMR154C,YGR218W,0,-0.37587047,0.11116383969783783,0.9341974258422852,0.7494248151779175
YFL002C,YDL178W,0,-0.3760774,0.11115065217018127,0.9341974258422852,0.7495248317718506
YFL034C-B,YMR045C,0,-0.37646264,0.11113747209310532,0.9341974258422852,0.7496249079704285
YGL059W,YKR049C,0,-0.37648463,0.11112429201602936,0.9341974258422852,0.7497249245643616
YDR013W,YOR030W,0,-0.37680423,0.1111111119389534,0.9341974258422852,0.7498249411582947
YLR347C,YHR110W,0,-0.37684053,0.11109793931245804,0.9341974258422852,0.7499249577522278
YDL200C,YPR133C,0,-0.37747973,0.11108476668596268,0.9341974258422852,0.7500250339508057
YEL011W,YCR021C,0,-0.3777234,0.11107160151004791,0.9341974258422852,0.7501250505447388
YLR466W,YOR339C,0,-0.37776572,0.11105843633413315,0.9341974258422852,0.7502250671386719
YDR322C-A,YCR072C,0,-0.3778108,0.11104527115821838,0.9341974258422852,0.750325083732605
YCR089W,YPL249C-A,0,-0.37820908,0.11103211343288422,0.9341974258422852,0.7504251003265381
YOR196C,YPL192C,0,-0.3784144,0.11101895570755005,0.9341974258422852,0.750525176525116
YJR137C,YLR057W,0,-0.37864706,0.11100580543279648,0.9341974258422852,0.7506251931190491
YBR153W,YOR322C,0,-0.37868068,0.11099265515804291,0.9341974258422852,0.7507252097129822
YDR468C,YER114C,0,-0.37870067,0.11097951233386993,0.9341974258422852,0.7508252263069153
YDR309C,YDL214C,0,-0.37870237,0.11096636950969696,0.9341974258422852,0.7509253025054932
YDR425W,YML029W,0,-0.37984708,0.11095322668552399,0.9341974258422852,0.7510253190994263
YEL003W,YPR021C,0,-0.3804271,0.11094009131193161,0.9341974258422852,0.7511253356933594
YCL048W,YOR210W,0,-0.38227046,0.11092695593833923,0.9341974258422852,0.7512253522872925
YPR188C,YLR393W,0,-0.38257125,0.11091382801532745,0.9341974258422852,0.7513253688812256
YER058W,YNL254C,0,-0.3834756,0.11090070009231567,0.9341974258422852,0.7514254450798035
YMR045C,YDL049C,0,-0.38376752,0.1108875721693039,0.9341974258422852,0.7515254616737366
YDL014W,YER141W,0,-0.3841044,0.11087445169687271,0.9341974258422852,0.7516254782676697
YIL129C,YLR446W,0,-0.3845166,0.11086133122444153,0.9341974258422852,0.7517254948616028
YGL027C,YOL064C,0,-0.3845986,0.11084821820259094,0.9341974258422852,0.7518255710601807
YHR117W,YDR022C,0,-0.38478312,0.11083510518074036,0.9341974258422852,0.7519255876541138
YNL328C,YNL254C,0,-0.38536462,0.11082199960947037,0.9341974258422852,0.7520256042480469
YGL126W,YER006W,0,-0.38536924,0.11080889403820038,0.9341974258422852,0.75212562084198
YLR399C,YOR359W,0,-0.38561764,0.11079578846693039,0.9341974258422852,0.7522256970405579
YMR054W,YHR060W,1,-0.38567656,0.11090092360973358,0.9351944327354431,0.7522256970405579
YDL223C,YJR090C,0,-0.38590991,0.110887810587883,0.9351944327354431,0.752325713634491
YDR466W,YOR205C,0,-0.38597977,0.110874705016613,0.9351944327354431,0.7524257302284241
YMR009W,YLR357W,0,-0.38615334,0.11086159944534302,0.9351944327354431,0.7525257468223572
YGR188C,YGL251C,0,-0.3863269,0.11084850132465363,0.9351944327354431,0.7526257634162903
YKL042W,YOL149W,0,-0.38665965,0.11083540320396423,0.9351944327354431,0.7527258396148682
YJR075W,YBR235W,0,-0.387744,0.11082230508327484,0.9351944327354431,0.7528258562088013
YBL051C,YFL024C,0,-0.38887903,0.11080921441316605,0.9351944327354431,0.7529258728027344
YGR047C,YER006W,0,-0.3894341,0.11079612374305725,0.9351944327354431,0.7530258893966675
YLR409C,YPL187W,0,-0.38980618,0.11078304052352905,0.9351944327354431,0.7531259655952454
YIR008C,YPL108W,0,-0.39009744,0.11076995730400085,0.9351944327354431,0.7532259821891785
YML104C,YDL106C,0,-0.3901381,0.11075688153505325,0.9351944327354431,0.7533259987831116
YOL027C,YJL056C,1,-0.3901838,0.1108618676662445,0.9361914396286011,0.7533259987831116
YOR131C,YDR341C,0,-0.39028746,0.11084877699613571,0.9361914396286011,0.7534260153770447
YMR029C,YIL136W,0,-0.3903446,0.11083569377660751,0.9361914396286011,0.7535260319709778
YHR103W,YML065W,0,-0.3904561,0.11082261055707932,0.9361914396286011,0.7536261081695557
YML006C,YER174C,1,-0.3904833,0.11092754453420639,0.937188446521759,0.7536261081695557
YDL136W,YPL049C,0,-0.39164424,0.1109144538640976,0.937188446521759,0.7537261247634888
YBL093C,YHR014W,0,-0.39211172,0.1109013706445694,0.937188446521759,0.7538261413574219
YDR175C,YFR041C,0,-0.39240426,0.1108882874250412,0.937188446521759,0.753926157951355
YLR247C,YML129C,0,-0.39273316,0.110875204205513,0.937188446521759,0.7540262341499329
YBR181C,YEL071W,0,-0.39293948,0.1108621284365654,0.937188446521759,0.754126250743866
YLR118C,YPR096C,0,-0.39333993,0.1108490601181984,0.937188446521759,0.7542262673377991
YGR256W,YOR190W,0,-0.39344132,0.1108359843492508,0.937188446521759,0.7543262839317322
YGL211W,YML015C,0,-0.39358568,0.11082291603088379,0.937188446521759,0.7544263005256653
YOR381W,YDL114W,0,-0.39407682,0.11080985516309738,0.937188446521759,0.7545263767242432
YBR077C,YBR018C,0,-0.39424592,0.11079679429531097,0.937188446521759,0.7546263933181763
YCL075W,YPL075W,0,-0.39471418,0.11078373342752457,0.937188446521759,0.7547264099121094
YIL005W,YDL044C,0,-0.39502326,0.11077068001031876,0.937188446521759,0.7548264265060425
YLR132C,YIL010W,0,-0.39568567,0.11075762659311295,0.937188446521759,0.7549265027046204
YBR291C,YAL047C,0,-0.3957029,0.11074458062648773,0.937188446521759,0.7550265192985535
YKL042W,YDR488C,0,-0.39624846,0.11073153465986252,0.937188446521759,0.7551265358924866
YIL168W,YDR033W,0,-0.39678335,0.1107184886932373,0.937188446521759,0.7552265524864197
YHR076W,YDR437W,0,-0.39680424,0.11070545017719269,0.937188446521759,0.7553265690803528
YBR205W,YCR036W,0,-0.3970503,0.11069241911172867,0.937188446521759,0.7554266452789307
YDR228C,YMR201C,0,-0.3971047,0.11067938059568405,0.937188446521759,0.7555266618728638
YOR374W,YER167W,0,-0.39774475,0.11066634953022003,0.937188446521759,0.7556266784667969
YLR466W,YJR099W,0,-0.39774543,0.11065332591533661,0.937188446521759,0.75572669506073
YOR371C,YKL005C,0,-0.39836586,0.11064030230045319,0.937188446521759,0.7558267712593079
YLR058C,YEL044W,0,-0.3985463,0.11062727868556976,0.937188446521759,0.755926787853241
YCR105W,YDL103C,0,-0.39871016,0.11061426252126694,0.937188446521759,0.7560268044471741
YBR091C,YLL036C,0,-0.39896595,0.11060124635696411,0.937188446521759,0.7561268210411072
YKL080W,YBL100W-B,0,-0.39912367,0.11058823764324188,0.937188446521759,0.7562268972396851
YKR045C,YPL194W,0,-0.39985472,0.11057522892951965,0.937188446521759,0.7563269138336182
YOL130W,YOR255W,0,-0.40047705,0.11056222021579742,0.937188446521759,0.7564269304275513
YBR253W,YCR073C,0,-0.40130222,0.11054921895265579,0.937188446521759,0.7565269470214844
YGL058W,YMR128W,0,-0.4016034,0.11053621768951416,0.937188446521759,0.7566269636154175
YGR188C,YML048W,0,-0.40219736,0.11052322387695312,0.937188446521759,0.7567270398139954
YOR064C,YKL014C,0,-0.40219977,0.11051023006439209,0.937188446521759,0.7568270564079285
YGR186W,YMR198W,0,-0.40223348,0.11049723625183105,0.937188446521759,0.7569270730018616
YKL132C,YDR038C,0,-0.40322885,0.11048424988985062,0.937188446521759,0.7570270895957947
YGR014W,YNL101W,0,-0.40404448,0.11047126352787018,0.937188446521759,0.7571271657943726
YPL008W,YMR009W,0,-0.40415686,0.11045828461647034,0.937188446521759,0.7572271823883057
YBR153W,YDR384C,0,-0.40418956,0.1104453057050705,0.937188446521759,0.7573271989822388
YJR049C,YOL101C,1,-0.4044744,0.11054981499910355,0.938185453414917,0.7573271989822388
YGL194C,YER032W,0,-0.4051084,0.11053682863712311,0.938185453414917,0.7574272155761719
YBR070C,YGL006W,0,-0.40516773,0.11052384227514267,0.938185453414917,0.757527232170105
YIL066C,YGL145W,0,-0.4058981,0.11051086336374283,0.938185453414917,0.7576273083686829
YGL144C,YDL082W,0,-0.4075211,0.11049788445234299,0.938185453414917,0.757727324962616
YNL099C,YKL185W,0,-0.40844238,0.11048491299152374,0.938185453414917,0.7578273415565491
YDL085W,YNL209W,0,-0.40875462,0.1104719415307045,0.938185453414917,0.7579273581504822
YOL128C,YMR318C,0,-0.40893498,0.11045897752046585,0.938185453414917,0.7580274343490601
YPL221W,YMR199W,0,-0.4099024,0.1104460060596466,0.938185453414917,0.7581274509429932
YOR151C,YLR363C,0,-0.41014117,0.11043304949998856,0.938185453414917,0.7582274675369263
YOL157C,YNL148C,0,-0.41062933,0.11042008548974991,0.938185453414917,0.7583274841308594
YHL024W,YJR113C,0,-0.41090542,0.11040713638067245,0.938185453414917,0.7584275007247925
YBR109C,YPL040C,0,-0.41098198,0.1103941798210144,0.938185453414917,0.7585275769233704
YDL209C,YOL109W,0,-0.4112933,0.11038123071193695,0.938185453414917,0.7586275935173035
YMR094W,YOR295W,0,-0.41143662,0.1103682816028595,0.938185453414917,0.7587276101112366
YGR099W,YDL137W,0,-0.4115088,0.11035533994436264,0.938185453414917,0.7588276267051697
YDR117C,YGL195W,0,-0.41154718,0.11034239828586578,0.938185453414917,0.7589277029037476
YDR515W,YHR060W,1,-0.41191632,0.11044671386480331,0.939182460308075,0.7589277029037476
YJR052W,YGL156W,0,-0.41211155,0.11043376475572586,0.939182460308075,0.7590277194976807
YOR253W,YIL110W,0,-0.41279808,0.11042081564664841,0.939182460308075,0.7591277360916138
YHR183W,YPL079W,0,-0.41326255,0.11040787398815155,0.939182460308075,0.7592277526855469
YPL186C,YKL141W,0,-0.41388828,0.11039493978023529,0.939182460308075,0.75932776927948
YPL217C,YCR036W,0,-0.41419446,0.11038199812173843,0.939182460308075,0.7594278454780579
YMR170C,YOL144W,0,-0.41455752,0.11036907136440277,0.939182460308075,0.759527862071991
YJL208C,YOR362C,0,-0.4146936,0.11035613715648651,0.939182460308075,0.7596278786659241
YNL268W,YDR025W,0,-0.41482198,0.11034321039915085,0.939182460308075,0.7597278952598572
YBR258C,YBR236C,0,-0.41520634,0.11033029109239578,0.939182460308075,0.7598279714584351
YPL226W,YIL105C,0,-0.41542387,0.11031736433506012,0.939182460308075,0.7599279880523682
YGR122W,YPL237W,0,-0.41569895,0.11030445247888565,0.939182460308075,0.7600280046463013
YGR235C,YBL019W,0,-0.41573223,0.11029153317213058,0.939182460308075,0.7601280212402344
YPL022W,YMR293C,0,-0.41586065,0.11027862131595612,0.939182460308075,0.7602280974388123
YBR012W-A,YPR081C,0,-0.41644418,0.11026571691036224,0.939182460308075,0.7603281140327454
YOL002C,YOL101C,1,-0.4165724,0.11036985367536545,0.9401794672012329,0.7603281140327454
YDL207W,YPR007C,0,-0.41664493,0.11035693436861038,0.9401794672012329,0.7604281306266785
YPL241C,YDR197W,0,-0.41692138,0.11034402251243591,0.9401794672012329,0.7605281472206116
YJR050W,YFL011W,0,-0.41709214,0.11033111065626144,0.9401794672012329,0.7606281638145447
YDR520C,YCR033W,0,-0.41738403,0.11031820625066757,0.9401794672012329,0.7607282400131226
YJR086W,YKL069W,0,-0.41743594,0.1103053018450737,0.9401794672012329,0.7608282566070557
YPL076W,YML093W,0,-0.4179444,0.11029239743947983,0.9401794672012329,0.7609282732009888
YNR016C,YDR490C,0,-0.41821858,0.11027950048446655,0.9401794672012329,0.7610282897949219
YHR138C,YJL100W,0,-0.41823328,0.11026660352945328,0.9401794672012329,0.7611283659934998
YGR120C,YOL149W,0,-0.41860247,0.1102537140250206,0.9401794672012329,0.7612283825874329
YDR522C,YGL009C,0,-0.41869414,0.11024082452058792,0.9401794672012329,0.761328399181366
YDR267C,YDR128W,0,-0.41879287,0.11022793501615524,0.9401794672012329,0.7614284157752991
YLR186W,YMR211W,0,-0.41884243,0.11021505296230316,0.9401794672012329,0.7615284323692322
YCR020W-B,YDR266C,0,-0.41920316,0.11020217090845108,0.9401794672012329,0.7616285085678101
YNL225C,YDR273W,0,-0.42075402,0.1101892963051796,0.9401794672012329,0.7617285251617432
YLR274W,YHR141C,0,-0.4212916,0.11017642170190811,0.9401794672012329,0.7618285417556763
YNL325C,YBL039C,0,-0.4213676,0.11016355454921722,0.9401794672012329,0.7619285583496094
YLR196W,YDR517W,0,-0.42139122,0.11015067994594574,0.9401794672012329,0.7620286345481873
YGL059W,YHR035W,0,-0.4214024,0.11013782024383545,0.9401794672012329,0.7621286511421204
YBL014C,YGR028W,0,-0.42177683,0.11012495309114456,0.9401794672012329,0.7622286677360535
YPR141C,YGL254W,0,-0.42188692,0.11011210083961487,0.9401794672012329,0.7623286843299866
YHR128W,YGR203W,0,-0.42233494,0.11009924113750458,0.9401794672012329,0.7624287009239197
YMR127C,YOR179C,0,-0.42248595,0.11008638888597488,0.9401794672012329,0.7625287771224976
YBR091C,YGL245W,0,-0.42277634,0.11007353663444519,0.9401794672012329,0.7626287937164307
YFR004W,YKL156W,0,-0.42342547,0.1100606918334961,0.9401794672012329,0.7627288103103638
YDR179C,YNL288W,0,-0.42374283,0.110047847032547,0.9401794672012329,0.7628288269042969
YOL128C,YDL008W,0,-0.42422014,0.1100350022315979,0.9401794672012329,0.7629289031028748
YLL015W,YHR113W,0,-0.42437756,0.1100221648812294,0.9401794672012329,0.7630289196968079
YEL031W,YHR060W,1,-0.42503142,0.11012598872184753,0.9411764740943909,0.7630289196968079
YLR246W,YGL134W,0,-0.42503273,0.11011314392089844,0.9411764740943909,0.763128936290741
YPL189W,YOR211C,0,-0.4252189,0.11010030657052994,0.9411764740943909,0.7632289528846741
YNL206C,YIL145C,0,-0.42525625,0.11008746176958084,0.9411764740943909,0.7633289694786072
YPR120C,YJR108W,0,-0.4253189,0.11007462441921234,0.9411764740943909,0.7634290456771851
YDR071C,YML062C,0,-0.4254495,0.11006179451942444,0.9411764740943909,0.7635290622711182
YIL026C,YPR132W,0,-0.4257184,0.11004896461963654,0.9411764740943909,0.7636290788650513
YCR048W,YNR071C,0,-0.42581987,0.11003613471984863,0.9411764740943909,0.7637290954589844
YDR447C,YDR134C,0,-0.4258945,0.11002331227064133,0.9411764740943909,0.7638291716575623
YHR090C,YGL243W,0,-0.42599314,0.11001048982143402,0.9411764740943909,0.7639291882514954
YGL019W,YHR039C-A,1,-0.42604572,0.1101141944527626,0.9421734809875488,0.7639291882514954
YBR003W,YPL015C,0,-0.42644626,0.1101013645529747,0.9421734809875488,0.7640292048454285
YOR032C,YLR390W-A,0,-0.42652857,0.1100885346531868,0.9421734809875488,0.7641292214393616
YER099C,YPL248C,0,-0.4265769,0.11007571220397949,0.9421734809875488,0.7642292976379395
YMR105C,YJR033C,1,-0.42695677,0.1101793646812439,0.9431704878807068,0.7642292976379395
YIL147C,YOR101W,0,-0.42730242,0.1101665273308754,0.9431704878807068,0.7643293142318726
YIL064W,YGR028W,0,-0.4274686,0.11015370488166809,0.9431704878807068,0.7644293308258057
YOL012C,YDR317W,0,-0.4274935,0.11014087498188019,0.9431704878807068,0.7645293474197388
YOL061W,YHL001W,0,-0.42751566,0.11012805253267288,0.9431704878807068,0.7646293640136719
YBR241C,YNL133C,0,-0.4280252,0.11011523753404617,0.9431704878807068,0.7647294402122498
YHR014W,YER056C,0,-0.4293409,0.11010242253541946,0.9431704878807068,0.7648294568061829
YJL020C,YIL084C,0,-0.42953157,0.11008960753679276,0.9431704878807068,0.764929473400116
YML010W,YML096W,0,-0.4299211,0.11007679998874664,0.9431704878807068,0.7650294899940491
YMR280C,YDL150W,0,-0.4318373,0.11006399244070053,0.9431704878807068,0.765129566192627
YOR214C,YOL042W,0,-0.43231046,0.11005118489265442,0.9431704878807068,0.7652295827865601
YOR361C,YDR363W,0,-0.43302244,0.1100383847951889,0.9431704878807068,0.7653295993804932
YJR033C,YJL059W,1,-0.43334287,0.11014189571142197,0.9441674947738647,0.7653295993804932
YCL026C-A,YBL045C,0,-0.434003,0.11012908816337585,0.9441674947738647,0.7654296159744263
YHR204W,YIL067C,0,-0.43417,0.11011628061532974,0.9441674947738647,0.7655296325683594
YMR165C,YLR388W,0,-0.43441305,0.11010347306728363,0.9441674947738647,0.7656297087669373
YOR229W,YKL029C,0,-0.4344237,0.11009067296981812,0.9441674947738647,0.7657297253608704
YGL229C,YGR007W,0,-0.4345624,0.1100778803229332,0.9441674947738647,0.7658297419548035
YPR161C,YGR206W,0,-0.43480355,0.11006508767604828,0.9441674947738647,0.7659297585487366
YMR243C,YCL066W,0,-0.43650454,0.11005229502916336,0.9441674947738647,0.7660298347473145
YCL044C,YKL120W,0,-0.4369905,0.11003950983285904,0.9441674947738647,0.7661298513412476
YMR243C,YDR323C,0,-0.43715876,0.11002672463655472,0.9441674947738647,0.7662298679351807
YKL084W,YER148W,0,-0.43719745,0.1100139394402504,0.9441674947738647,0.7663298845291138
YHR134W,YGR163W,0,-0.43782392,0.11000116169452667,0.9441674947738647,0.7664299011230469
YOR007C,YPR186C,0,-0.43873805,0.10998838394880295,0.9441674947738647,0.7665299773216248
YOR066W,YKR081C,0,-0.43874246,0.10997561365365982,0.9441674947738647,0.7666299939155579
YOR120W,YIL154C,0,-0.43914825,0.1099628433585167,0.9441674947738647,0.766730010509491
YNL311C,YDR257C,0,-0.43925947,0.10995007306337357,0.9441674947738647,0.7668300271034241
YOR290C,YNL002C,0,-0.4393912,0.10993731021881104,0.9441674947738647,0.766930103302002
YER042W,YGL085W,0,-0.4396053,0.1099245473742485,0.9441674947738647,0.7670301198959351
YMR247C,YLR131C,0,-0.4407204,0.10991179198026657,0.9441674947738647,0.7671301364898682
YIL037C,YDR123C,0,-0.44182914,0.10989903658628464,0.9441674947738647,0.7672301530838013
YLR450W,YLR372W,0,-0.44244483,0.1098862811923027,0.9441674947738647,0.7673301696777344
YOR255W,YPL051W,0,-0.44253948,0.10987353324890137,0.9441674947738647,0.7674302458763123
YJL099W,YJL093C,0,-0.44285637,0.10986078530550003,0.9441674947738647,0.7675302624702454
YPL168W,YGR278W,0,-0.44331336,0.10984804481267929,0.9441674947738647,0.7676302790641785
YBL066C,YIL019W,0,-0.44340357,0.10983530431985855,0.9441674947738647,0.7677302956581116
YLR256W,YLR131C,0,-0.443695,0.10982256382703781,0.9441674947738647,0.7678303718566895
YIL123W,YDR439W,0,-0.4443575,0.10980983078479767,0.9441674947738647,0.7679303884506226
YDR452W,YPR164W,0,-0.44463432,0.10979709774255753,0.9441674947738647,0.7680304050445557
YJR120W,YDR134C,0,-0.44507703,0.10978437215089798,0.9441674947738647,0.7681304216384888
YNL118C,YML066C,0,-0.44556648,0.10977164655923843,0.9441674947738647,0.7682304978370667
YML019W,YDR402C,0,-0.4456482,0.10975892096757889,0.9441674947738647,0.7683305144309998
YOR175C,YDR519W,0,-0.4456563,0.10974620282649994,0.9441674947738647,0.7684305310249329
YBR092C,YIR007W,0,-0.4461999,0.10973348468542099,0.9441674947738647,0.768530547618866
YPL160W,YOR067C,0,-0.4467987,0.10972077399492264,0.9441674947738647,0.7686305642127991
YIL084C,YIL115C,0,-0.447096,0.10970806330442429,0.9441674947738647,0.768730640411377
YML046W,YJR135C,0,-0.44737908,0.10969535261392593,0.9441674947738647,0.7688306570053101
YMR042W,YCR066W,0,-0.44765526,0.10968264937400818,0.9441674947738647,0.7689306735992432
YEL077C,YBR019C,0,-0.44838738,0.10966994613409042,0.9441674947738647,0.7690306901931763
YGL097W,YIL114C,0,-0.44867298,0.10965725034475327,0.9441674947738647,0.7691307663917542
YPL202C,YJL129C,1,-0.44886512,0.1097603365778923,0.9451645016670227,0.7691307663917542
YBR136W,YOR059C,0,-0.44909304,0.10974762588739395,0.9451645016670227,0.7692307829856873
YPL012W,YBL102W,0,-0.44947264,0.1097349226474762,0.9451645016670227,0.7693307995796204
YNL181W,YLR210W,0,-0.44965082,0.10972221940755844,0.9451645016670227,0.7694308161735535
YGL243W,YOR070C,0,-0.45006508,0.10970952361822128,0.9451645016670227,0.7695308327674866
YNL126W,YNR019W,0,-0.45026296,0.10969682782888412,0.9451645016670227,0.7696309089660645
YPL049C,YGR257C,0,-0.4504272,0.10968413949012756,0.9451645016670227,0.7697309255599976
YJL092W,YJL008C,0,-0.45112947,0.109671451151371,0.9451645016670227,0.7698309421539307
YIL090W,YOR381W,0,-0.45118695,0.10965876281261444,0.9451645016670227,0.7699309587478638
YPR110C,YHR017W,0,-0.45121107,0.10964608192443848,0.9451645016670227,0.7700310349464417
YBL074C,YPL085W,0,-0.4518663,0.10963340103626251,0.9451645016670227,0.7701310515403748
YOR389W,YMR192W,0,-0.4518688,0.10962072014808655,0.9451645016670227,0.7702310681343079
YDR253C,YPL217C,0,-0.45188904,0.10960804671049118,0.9451645016670227,0.770331084728241
YDL143W,YDL030W,0,-0.4521118,0.10959537327289581,0.9451645016670227,0.7704311013221741
YLR214W,YMR116C,0,-0.45234427,0.10958270728588104,0.9451645016670227,0.770531177520752
YBL024W,YMR195W,0,-0.45329446,0.10957004129886627,0.9451645016670227,0.7706311941146851
YOR171C,YJR095W,0,-0.45334882,0.1095573753118515,0.9451645016670227,0.7707312107086182
YML038C,YOL041C,0,-0.45348975,0.10954471677541733,0.9451645016670227,0.7708312273025513
YLR178C,YGR215W,0,-0.45364094,0.10953206568956375,0.9451645016670227,0.7709313035011292
YNL112W,YOR171C,0,-0.45370227,0.10951940715312958,0.9451645016670227,0.7710313200950623
YEL021W,YBR229C,0,-0.4538266,0.109506756067276,0.9451645016670227,0.7711313366889954
YEL011W,YOL071W,0,-0.45463872,0.10949411243200302,0.9451645016670227,0.7712313532829285
YJL074C,YNL111C,0,-0.4547109,0.10948146134614944,0.9451645016670227,0.7713313698768616
YDR205W,YJL059W,1,-0.4549573,0.10958429425954819,0.9461615085601807,0.7713313698768616
YCR096C,YGR244C,0,-0.45572713,0.10957164317369461,0.9461615085601807,0.7714314460754395
YBR159W,YNL021W,0,-0.45616084,0.10955899208784103,0.9461615085601807,0.7715314626693726
YLR432W,YJR064W,0,-0.45638272,0.10954634845256805,0.9461615085601807,0.7716314792633057
YGR103W,YEL064C,0,-0.45764574,0.10953370481729507,0.9461615085601807,0.7717314958572388
YHR116W,YDL091C,0,-0.45769992,0.1095210611820221,0.9461615085601807,0.7718315720558167
YDR213W,YLR100W,0,-0.45783627,0.10950842499732971,0.9461615085601807,0.7719315886497498
YML066C,YLR057W,0,-0.45789668,0.10949578881263733,0.9461615085601807,0.7720316052436829
YHR154W,YDR213W,0,-0.4581799,0.10948316007852554,0.9461615085601807,0.772131621837616
YOR079C,YGL155W,1,-0.45869297,0.10958588123321533,0.9471585154533386,0.772131621837616
YBR234C,YOL149W,0,-0.45955533,0.10957323759794235,0.9471585154533386,0.7722316980361938
YLR333C,YIL093C,0,-0.45977336,0.10956060141324997,0.9471585154533386,0.772331714630127
YNL071W,YDR210W,0,-0.4600669,0.10954797267913818,0.9471585154533386,0.7724317312240601
YLR343W,YHR176W,0,-0.460134,0.1095353364944458,0.9471585154533386,0.7725317478179932
YBR248C,YNL327W,0,-0.46034464,0.10952271521091461,0.9471585154533386,0.7726317644119263
YKR077W,YAL061W,0,-0.46041983,0.10951008647680283,0.9471585154533386,0.7727318406105042
YHR046C,YDR130C,0,-0.4609511,0.10949746519327164,0.9471585154533386,0.7728318572044373
YLL016W,YHR016C,0,-0.46112236,0.10948484390974045,0.9471585154533386,0.7729318737983704
YEL077C,YPL192C,0,-0.46167737,0.10947223007678986,0.9471585154533386,0.7730318903923035
YHR148W,YNL116W,0,-0.46199605,0.10945961624383926,0.9471585154533386,0.7731319665908813
YHR073W,YPL081W,0,-0.46223378,0.10944700241088867,0.9471585154533386,0.7732319831848145
YBR084C-A,YDR086C,0,-0.46231216,0.10943439602851868,0.9471585154533386,0.7733319997787476
YPL230W,YOR095C,0,-0.46246886,0.10942178964614868,0.9471585154533386,0.7734320163726807
YDL144C,YLR233C,0,-0.46320784,0.10940919071435928,0.9471585154533386,0.7735320329666138
YGR054W,YHR171W,0,-0.46320838,0.10939659178256989,0.9471585154533386,0.7736321091651917
YOR147W,YDL198C,1,-0.4637538,0.10949913412332535,0.9481555223464966,0.7736321091651917
YDL230W,YOL017W,0,-0.46383613,0.10948652774095535,0.9481555223464966,0.7737321257591248
YPL211W,YPL232W,0,-0.46391553,0.10947392880916595,0.9481555223464966,0.7738321423530579
YGR208W,YOR001W,0,-0.464349,0.10946132242679596,0.9481555223464966,0.773932158946991
YOR147W,YER174C,1,-0.46473956,0.10956381261348724,0.9491525292396545,0.773932158946991
YLL067C,YML062C,0,-0.4647982,0.10955120623111725,0.9491525292396545,0.7740322351455688
YKR083C,YLR176C,0,-0.46526474,0.10953859984874725,0.9491525292396545,0.774132251739502
YNL291C,YDR025W,0,-0.4660502,0.10952600091695786,0.9491525292396545,0.7742322683334351
YGL064C,YBL055C,0,-0.46653616,0.10951340198516846,0.9491525292396545,0.7743322849273682
YLR306W,YPL190C,0,-0.46656907,0.10950080305337906,0.9491525292396545,0.7744323015213013
YLR259C,YNR073C,0,-0.46662086,0.10948821157217026,0.9491525292396545,0.7745323777198792
YER099C,YOR322C,0,-0.46664482,0.10947562009096146,0.9491525292396545,0.7746323943138123
YBR009C,YPR068C,0,-0.4669395,0.10946303606033325,0.9491525292396545,0.7747324109077454
YDL093W,YDR165W,0,-0.46707016,0.10945045202970505,0.9491525292396545,0.7748324275016785
YPR007C,YGR086C,0,-0.4670876,0.10943786799907684,0.9491525292396545,0.7749325037002563
YMR042W,YDL223C,0,-0.4673957,0.10942528396844864,0.9491525292396545,0.7750325202941895
YDR297W,YGR286C,0,-0.4674107,0.10941271483898163,0.9491525292396545,0.7751325368881226
YPL117C,YOR295W,0,-0.46807808,0.10940013825893402,0.9491525292396545,0.7752325534820557
YDR213W,YNL123W,0,-0.46830627,0.10938756912946701,0.9491525292396545,0.7753325700759888
YLL066C,YDR078C,0,-0.46875387,0.109375,0.9491525292396545,0.7754326462745667
YML110C,YML009C,0,-0.46881437,0.10936243832111359,0.9491525292396545,0.7755326628684998
YLR355C,YIL004C,0,-0.46904266,0.10934987664222717,0.9491525292396545,0.7756326794624329
YOL067C,YLL014W,0,-0.46910313,0.10933731496334076,0.9491525292396545,0.775732696056366
YBR203W,YMR184W,0,-0.46911365,0.10932476073503494,0.9491525292396545,0.7758327722549438
YFL055W,YOR027W,0,-0.46924728,0.10931220650672913,0.9491525292396545,0.775932788848877
YIL150C,YHR171W,0,-0.46986514,0.10929965227842331,0.9491525292396545,0.7760328054428101
YLR068W,YDR536W,0,-0.4698909,0.10928710550069809,0.9491525292396545,0.7761328220367432
YOR140W,YGR296W,0,-0.47024453,0.10927456617355347,0.9491525292396545,0.776232898235321
YGL125W,YMR277W,0,-0.47028518,0.10926201939582825,0.9491525292396545,0.7763329148292542
YKL125W,YLR265C,0,-0.4707116,0.10924948006868362,0.9491525292396545,0.7764329314231873
YNL093W,YGL156W,0,-0.47084665,0.1092369481921196,0.9491525292396545,0.7765329480171204
YOR179C,YAL058W,0,-0.47092354,0.10922441631555557,0.9491525292396545,0.7766329646110535
YIL063C,YOR389W,0,-0.4713828,0.10921188443899155,0.9491525292396545,0.7767330408096313
YMR125W,YGR017W,0,-0.47157156,0.10919936001300812,0.9491525292396545,0.7768330574035645
YML031W,YLR167W,0,-0.47159308,0.10918683558702469,0.9491525292396545,0.7769330739974976
YNR012W,YER088C,0,-0.47214633,0.10917431116104126,0.9491525292396545,0.7770330905914307
YLR299W,YDL115C,0,-0.4722702,0.10916179418563843,0.9491525292396545,0.7771331667900085
YNL188W,YDR255C,0,-0.47287416,0.1091492772102356,0.9491525292396545,0.7772331833839417
YNL029C,YER029C,0,-0.4733931,0.10913676768541336,0.9491525292396545,0.7773331999778748
YPL239W,YKL197C,0,-0.47400486,0.10912425816059113,0.9491525292396545,0.7774332165718079
YFR005C,YNL164C,0,-0.47400808,0.10911174863576889,0.9491525292396545,0.777533233165741
YLR328W,YPR174C,0,-0.47429925,0.10909924656152725,0.9491525292396545,0.7776333093643188
YJR120W,YOR252W,0,-0.47490925,0.10908674448728561,0.9491525292396545,0.777733325958252
YLR274W,YDL223C,0,-0.475527,0.10907424241304398,0.9491525292396545,0.7778333425521851
YNR043W,YMR225C,0,-0.47558224,0.10906174778938293,0.9491525292396545,0.7779333591461182
YMR130W,YMR024W,0,-0.47566772,0.1090492531657219,0.9491525292396545,0.778033435344696
YKR007W,YKL049C,0,-0.47581744,0.10903676599264145,0.9491525292396545,0.7781334519386292
YNL055C,YOR315W,0,-0.47720873,0.109024278819561,0.9491525292396545,0.7782334685325623
YBR210W,YNL135C,0,-0.4787444,0.10901179164648056,0.9491525292396545,0.7783334851264954
YLR299W,YDR182W,0,-0.47932103,0.10899931192398071,0.9491525292396545,0.7784335017204285
YLL057C,YDR420W,0,-0.48010203,0.10898683220148087,0.9491525292396545,0.7785335779190063
YDL127W,YDL214C,0,-0.48042387,0.10897435992956161,0.9491525292396545,0.7786335945129395
YEL019C,YGR204W,0,-0.48114118,0.10896188765764236,0.9491525292396545,0.7787336111068726
YOR307C,YAR050W,0,-0.4822992,0.10894941538572311,0.9491525292396545,0.7788336277008057
YDR267C,YPL266W,0,-0.48237404,0.10893695056438446,0.9491525292396545,0.7789337038993835
YOR054C,YMR301C,1,-0.48242557,0.10903890430927277,0.9501495361328125,0.7789337038993835
YDR027C,YFL034C-A,0,-0.4831657,0.10902642458677292,0.9501495361328125,0.7790337204933167
YDL149W,YKL198C,0,-0.4832471,0.10901395231485367,0.9501495361328125,0.7791337370872498
YMR118C,YJL062W,0,-0.48359185,0.10900148749351501,0.9501495361328125,0.7792337536811829
YMR292W,YKR081C,0,-0.48378563,0.10898902267217636,0.9501495361328125,0.7793338298797607
YOR211C,YER170W,0,-0.48410565,0.10897655785083771,0.9501495361328125,0.7794338464736938
YLR176C,YDR073W,0,-0.48486304,0.10896410048007965,0.9501495361328125,0.779533863067627
YDR194C,YIL008W,0,-0.48490283,0.1089516431093216,0.9501495361328125,0.7796338796615601
YKL212W,YKL173W,0,-0.4854743,0.10893918573856354,0.9501495361328125,0.7797338962554932
YGL090W,YJR059W,0,-0.48577207,0.10892673581838608,0.9501495361328125,0.779833972454071
YML074C,YLR102C,0,-0.48580095,0.10891428589820862,0.9501495361328125,0.7799339890480042
YPL032C,YOR211C,0,-0.48584735,0.10890184342861176,0.9501495361328125,0.7800340056419373
YLL039C,YNL300W,0,-0.4864679,0.1088893935084343,0.9501495361328125,0.7801340222358704
YER015W,YIL074C,0,-0.48711526,0.10887695848941803,0.9501495361328125,0.7802340984344482
YOL146W,YOR273C,0,-0.48724687,0.10886451601982117,0.9501495361328125,0.7803341150283813
YDR520C,YOR373W,0,-0.48839346,0.1088520810008049,0.9501495361328125,0.7804341316223145
YKL194C,YMR133W,0,-0.48884383,0.10883965343236923,0.9501495361328125,0.7805341482162476
YCL075W,YKL054C,0,-0.4896354,0.10882722586393356,0.9501495361328125,0.7806341648101807
YMR283C,YPL248C,0,-0.48975196,0.1088147982954979,0.9501495361328125,0.7807342410087585
YOL088C,YHR072W,0,-0.48979032,0.10880237817764282,0.9501495361328125,0.7808342576026917
YIR013C,YLR083C,0,-0.4902284,0.10878995805978775,0.9501495361328125,0.7809342741966248
YDR297W,YNR056C,0,-0.49137366,0.10877753794193268,0.9501495361328125,0.7810342907905579
YML082W,YIL136W,0,-0.4915414,0.1087651252746582,0.9501495361328125,0.7811343669891357
YMR165C,YER032W,0,-0.49179348,0.10875271260738373,0.9501495361328125,0.7812343835830688
YKR052C,YNR012W,0,-0.4918293,0.10874029994010925,0.9501495361328125,0.781334400177002
YJL118W,YER014W,0,-0.49222663,0.10872789472341537,0.9501495361328125,0.7814344167709351
YHR079C-A,YBL082C,0,-0.49248925,0.1087154895067215,0.9501495361328125,0.7815344333648682
YBR021W,YLR307W,0,-0.49264273,0.10870309174060822,0.9501495361328125,0.781634509563446
YML075C,YCR069W,0,-0.49378985,0.10869069397449493,0.9501495361328125,0.7817345261573792
YGL173C,YDL075W,0,-0.493813,0.10867829620838165,0.9501495361328125,0.7818345427513123
YNR041C,YDR523C,0,-0.49427754,0.10866590589284897,0.9501495361328125,0.7819345593452454
YLR274W,YLR307W,0,-0.4942929,0.10865351557731628,0.9501495361328125,0.7820346355438232
YOR386W,YOR373W,0,-0.49432904,0.1086411327123642,0.9501495361328125,0.7821346521377563
YDR009W,YOR371C,0,-0.49442136,0.10862874984741211,0.9501495361328125,0.7822346687316895
YCR077C,YJR129C,0,-0.49497885,0.10861636698246002,0.9501495361328125,0.7823346853256226
YIL126W,YJL197W,0,-0.49533585,0.10860399156808853,0.9501495361328125,0.7824347019195557
YFL002C,YML129C,0,-0.49539733,0.10859161615371704,0.9501495361328125,0.7825347781181335
YOL061W,YLR135W,0,-0.49567777,0.10857924073934555,0.9501495361328125,0.7826347947120667
YJL125C,YFL052W,0,-0.49574727,0.10856687277555466,0.9501495361328125,0.7827348113059998
YNL066W,YDL136W,0,-0.49659938,0.10855450481176376,0.9501495361328125,0.7828348278999329
YFL025C,YOR306C,0,-0.49661005,0.10854214429855347,0.9501495361328125,0.7829349040985107
YCL067C,YNL229C,0,-0.49703458,0.10852978378534317,0.9501495361328125,0.7830349206924438
YER146W,YJR090C,0,-0.49711978,0.10851742327213287,0.9501495361328125,0.783134937286377
YLR204W,YBL031W,0,-0.4972872,0.10850507020950317,0.9501495361328125,0.7832349538803101
YMR242C,YPR021C,0,-0.49814168,0.10849271714687347,0.9501495361328125,0.7833350300788879
YJR143C,YNR007C,0,-0.49824303,0.10848036408424377,0.9501495361328125,0.783435046672821
YDR347W,YHR210C,0,-0.49834287,0.10846801847219467,0.9501495361328125,0.7835350632667542
YOR064C,YOL072W,0,-0.49834406,0.10845567286014557,0.9501495361328125,0.7836350798606873
YML047C,YLR360W,0,-0.498364,0.10844333469867706,0.9501495361328125,0.7837350964546204
YHR158C,YLR222C,0,-0.49855667,0.10843099653720856,0.9501495361328125,0.7838351726531982
YIL150C,YMR305C,0,-0.49882615,0.10841865837574005,0.9501495361328125,0.7839351892471313
YDL240W,YGR055W,0,-0.49884242,0.10840632766485214,0.9501495361328125,0.7840352058410645
YBR164C,YNL124W,0,-0.4989211,0.10839399695396423,0.9501495361328125,0.7841352224349976
YJR033C,YLR205C,1,-0.4995935,0.10849539190530777,0.9511465430259705,0.7841352224349976
YHL017W,YBR235W,0,-0.49983495,0.10848305374383926,0.9511465430259705,0.7842352986335754
YGR065C,YDR437W,0,-0.5000343,0.10847072303295135,0.9511465430259705,0.7843353152275085
YGR292W,YGL167C,0,-0.500157,0.10845839232206345,0.9511465430259705,0.7844353318214417
YOL076W,YPL121C,0,-0.50070363,0.10844606161117554,0.9511465430259705,0.7845353484153748
YOL092W,YGR240C,0,-0.501498,0.10843373835086823,0.9511465430259705,0.7846353650093079
YDR515W,YIL125W,0,-0.5025673,0.10842141509056091,0.9511465430259705,0.7847354412078857
YPR008W,YAL059W,0,-0.5026389,0.1084090918302536,0.9511465430259705,0.7848354578018188
YIL148W,YGL028C,0,-0.502828,0.10839677602052689,0.9511465430259705,0.784935474395752
YPR018W,YNL218W,0,-0.50336,0.10838446021080017,0.9511465430259705,0.7850354909896851
YOL041C,YLR210W,0,-0.5046409,0.10837214440107346,0.9511465430259705,0.7851355671882629
YOL069W,YOL157C,0,-0.505506,0.10835983604192734,0.9511465430259705,0.785235583782196
YNL064C,YBL004W,0,-0.5061875,0.10834752768278122,0.9511465430259705,0.7853356003761292
YDL126C,YNL289W,0,-0.50640374,0.1083352267742157,0.9511465430259705,0.7854356169700623
YOR065W,YER124C,0,-0.5065283,0.10832292586565018,0.9511465430259705,0.7855356335639954
YCR098C,YER111C,0,-0.5074117,0.10831062495708466,0.9511465430259705,0.7856357097625732
YCR097W,YLR467W,0,-0.50800025,0.10829833149909973,0.9511465430259705,0.7857357263565063
YKR031C,YOR363C,0,-0.50852907,0.10828603804111481,0.9511465430259705,0.7858357429504395
YDL207W,YKR025W,0,-0.50902694,0.10827375203371048,0.9511465430259705,0.7859357595443726
YNL292W,YPL040C,0,-0.50917923,0.10826145857572556,0.9511465430259705,0.7860358357429504
YOL089C,YMR243C,0,-0.5099827,0.10824918001890182,0.9511465430259705,0.7861358523368835
YGL006W,YJR033C,1,-0.5101163,0.10835035145282745,0.9521435499191284,0.7861358523368835
YOL019W,YBR103W,0,-0.51085097,0.10833805799484253,0.9521435499191284,0.7862358689308167
YDR151C,YJL129C,1,-0.5114372,0.10843919962644577,0.9531405568122864,0.7862358689308167
YNL162W,YCR045C,0,-0.5117712,0.10842690616846085,0.9531405568122864,0.7863358855247498
YHR136C,YHR035W,0,-0.511826,0.10841460525989532,0.9531405568122864,0.7864359021186829
YNL252C,YOL051W,0,-0.5119577,0.1084023118019104,0.9531405568122864,0.7865359783172607
YKL071W,YBR180W,0,-0.51239026,0.10839002579450607,0.9531405568122864,0.7866359949111938
YBR289W,YDR004W,0,-0.51309335,0.10837773233652115,0.9531405568122864,0.786736011505127
YMR041C,YLR234W,0,-0.513592,0.10836544632911682,0.9531405568122864,0.7868360280990601
YPL253C,YGR224W,0,-0.51414114,0.10835316777229309,0.9531405568122864,0.7869361042976379
YKL125W,YOR140W,0,-0.51415825,0.10834088921546936,0.9531405568122864,0.787036120891571
YBR198C,YOR195W,0,-0.51436263,0.10832861065864563,0.9531405568122864,0.7871361374855042
YOR348C,YPL164C,0,-0.5145655,0.1083163395524025,0.9531405568122864,0.7872361540794373
YIL008W,YIL154C,0,-0.5146881,0.10830406844615936,0.9531405568122864,0.7873362302780151
YMR045C,YDR517W,0,-0.515014,0.10829179733991623,0.9531405568122864,0.7874362468719482
YPR192W,YAL044C,0,-0.51514435,0.10827953368425369,0.9531405568122864,0.7875362634658813
YMR278W,YOR233W,0,-0.5155316,0.10826727002859116,0.9531405568122864,0.7876362800598145
YGR235C,YDR022C,0,-0.51636934,0.10825501382350922,0.9531405568122864,0.7877362966537476
YBR203W,YPR141C,0,-0.5170558,0.10824275016784668,0.9531405568122864,0.7878363728523254
YDR267C,YPR042C,0,-0.5172195,0.10823050141334534,0.9531405568122864,0.7879363894462585
YKR075C,YNL308C,0,-0.5175263,0.1082182452082634,0.9531405568122864,0.7880364060401917
YBR191W,YJL076W,0,-0.5179098,0.10820599645376205,0.9531405568122864,0.7881364226341248
YKL134C,YER145C,1,-0.51877946,0.10830692946910858,0.9541375637054443,0.7881364226341248
YOL027C,YPL177C,1,-0.5188132,0.10840783268213272,0.9551345705986023,0.7881364226341248
YHR204W,YMR202W,0,-0.51926696,0.10839556157588959,0.9551345705986023,0.7882364988327026
YCL047C,YNL256W,0,-0.5197118,0.10838329792022705,0.9551345705986023,0.7883365154266357
YMR225C,YML005W,0,-0.5206384,0.10837104171514511,0.9551345705986023,0.7884365320205688
YOL060C,YLR369W,1,-0.5206874,0.10847189277410507,0.9561315774917603,0.7884365320205688
YAL010C,YML102W,0,-0.5208437,0.10845962166786194,0.9561315774917603,0.788536548614502
YDR065W,YMR301C,1,-0.5209555,0.10856044292449951,0.9571285843849182,0.788536548614502
YLR097C,YGL184C,0,-0.520987,0.10854817181825638,0.9571285843849182,0.7886365652084351
YEL064C,YCR034W,0,-0.5211242,0.10853589326143265,0.9571285843849182,0.7887366414070129
YKL132C,YNL088W,0,-0.52198535,0.10852362960577011,0.9571285843849182,0.788836658000946
YNR016C,YIL016W,0,-0.5222922,0.10851135849952698,0.9571285843849182,0.7889366745948792
YGR206W,YOR155C,0,-0.52399206,0.10849909484386444,0.9571285843849182,0.7890366911888123
YDR071C,YKR053C,0,-0.5240849,0.1084868311882019,0.9571285843849182,0.7891367673873901
YJR047C,YDR165W,0,-0.52426624,0.10847457498311996,0.9571285843849182,0.7892367839813232
YOR175C,YML027W,0,-0.52462393,0.10846231877803802,0.9571285843849182,0.7893368005752563
YJL093C,YJL089W,0,-0.5247532,0.10845007002353668,0.9571285843849182,0.7894368171691895
YKL043W,YOL152W,0,-0.525371,0.10843782126903534,0.9571285843849182,0.7895368337631226
YNR036C,YDL209C,0,-0.52612996,0.108425572514534,0.9571285843849182,0.7896369099617004
YER179W,YCL051W,0,-0.5266478,0.10841332376003265,0.9571285843849182,0.7897369265556335
YJR043C,YNR055C,0,-0.52687645,0.10840108245611191,0.9571285843849182,0.7898369431495667
YMR216C,YDR376W,1,-0.5269907,0.10850174725055695,0.958125650882721,0.7898369431495667
YJR160C,YOL096C,0,-0.52706623,0.1084894984960556,0.958125650882721,0.7899369597434998
YGL229C,YER149C,0,-0.5292036,0.10847725719213486,0.958125650882721,0.7900370359420776
YMR152W,YPL164C,0,-0.5299844,0.10846500843763351,0.958125650882721,0.7901370525360107
YHR011W,YIL085C,0,-0.53033805,0.10845276713371277,0.958125650882721,0.7902370691299438
YEL031W,YMR301C,1,-0.5304752,0.10855337232351303,0.9591226577758789,0.7902370691299438
YHR043C,YEL039C,0,-0.5311865,0.10854112356901169,0.9591226577758789,0.790337085723877
YGL246C,YJL123C,0,-0.5317377,0.10852888226509094,0.9591226577758789,0.7904371023178101
YHR086W,YOR192C,0,-0.53195274,0.1085166409611702,0.9591226577758789,0.7905371785163879
YOR336W,YNL300W,0,-0.5326814,0.10850439965724945,0.9591226577758789,0.790637195110321
YJL058C,YNL128W,0,-0.53302276,0.1084921583533287,0.9591226577758789,0.7907372117042542
YHR042W,YEL027W,0,-0.53321993,0.10847992449998856,0.9591226577758789,0.7908372282981873
YGL111W,YOR270C,0,-0.53348887,0.108467698097229,0.9591226577758789,0.7909373044967651
YMR216C,YBL106C,0,-0.5336764,0.10845546424388885,0.9591226577758789,0.7910373210906982
YDR443C,YER072W,0,-0.5339373,0.1084432452917099,0.9591226577758789,0.7911373376846313
YLR297W,YMR015C,0,-0.5346804,0.10843101888895035,0.9591226577758789,0.7912373542785645
YIL144W,YPR173C,0,-0.53498566,0.10841879993677139,0.9591226577758789,0.7913374304771423
YPL021W,YJL221C,0,-0.5351864,0.10840658098459244,0.9591226577758789,0.7914374470710754
YBL061C,YPL023C,0,-0.5353447,0.10839436948299408,0.9591226577758789,0.7915374636650085
YOR157C,YER056C,0,-0.535457,0.10838215053081512,0.9591226577758789,0.7916374802589417
YDR163W,YDR013W,0,-0.5356026,0.10836994647979736,0.9591226577758789,0.7917374968528748
YLR410W,YOR321W,0,-0.53647786,0.108357734978199,0.9591226577758789,0.7918375730514526
YHR128W,YLR414C,0,-0.5369693,0.10834553092718124,0.9591226577758789,0.7919375896453857
YER173W,YNL327W,0,-0.5382214,0.10833333432674408,0.9591226577758789,0.7920376062393188
YER106W,YDL229W,0,-0.53871274,0.10832113772630692,0.9591226577758789,0.792137622833252
YLR158C,YOR334W,0,-0.53872263,0.10830894112586975,0.9591226577758789,0.7922376990318298
YLL051C,YML006C,1,-0.538875,0.1084093227982521,0.9601196646690369,0.7922376990318298
YNR040W,YBR217W,0,-0.5389706,0.10839711874723434,0.9601196646690369,0.7923377156257629
YJR029W,YDR501W,0,-0.5390113,0.10838491469621658,0.9601196646690369,0.792437732219696
YLR347C,YDR156W,0,-0.53923905,0.10837271809577942,0.9601196646690369,0.7925377488136292
YOR127W,YJL036W,0,-0.53945553,0.10836052894592285,0.9601196646690369,0.7926377654075623
YBR248C,YLR223C,0,-0.54039377,0.10834833234548569,0.9601196646690369,0.7927378416061401
YKR060W,YDR242W,0,-0.54061174,0.10833614319562912,0.9601196646690369,0.7928378582000732
YBR175W,YPL231W,0,-0.5416116,0.10832396149635315,0.9601196646690369,0.7929378747940063
YFL050C,YOL033W,0,-0.5418567,0.10831177234649658,0.9601196646690369,0.7930378913879395
YBR021W,YDR479C,0,-0.5421444,0.10829959809780121,0.9601196646690369,0.7931379675865173
YJL083W,YER040W,0,-0.5422533,0.10828741639852524,0.9601196646690369,0.7932379841804504
YLR306W,YML125C,0,-0.5423806,0.10827524214982986,0.9601196646690369,0.7933380007743835
YHL025W,YHR194W,0,-0.54246104,0.10826306790113449,0.9601196646690369,0.7934380173683167
YOR087W,YOL101C,1,-0.5427531,0.1083633080124855,0.9611166715621948,0.7934380173683167
YGR212W,YFL056C,0,-0.54312253,0.10835112631320953,0.9611166715621948,0.7935380339622498
YDL138W,YGR184C,0,-0.5431824,0.10833895206451416,0.9611166715621948,0.7936381101608276
YPL116W,YML093W,0,-0.54336685,0.10832677781581879,0.9611166715621948,0.7937381267547607
YOR092W,YER113C,0,-0.5438529,0.10831460356712341,0.9611166715621948,0.7938381433486938
YPL239W,YLR319C,0,-0.54397273,0.10830243676900864,0.9611166715621948,0.793938159942627
YMR242C,YJL154C,0,-0.5447378,0.10829026997089386,0.9611166715621948,0.7940382361412048
YKR083C,YCR016W,0,-0.5452016,0.10827811062335968,0.9611166715621948,0.7941382527351379
YDR126W,YJL069C,0,-0.5453412,0.1082659512758255,0.9611166715621948,0.794238269329071
YGR283C,YGL027C,0,-0.5454433,0.10825379192829132,0.9611166715621948,0.7943382859230042
YKR029C,YPR075C,0,-0.54548067,0.10824163258075714,0.9611166715621948,0.7944383025169373
YFR015C,YGL191W,0,-0.5457086,0.10822948068380356,0.9611166715621948,0.7945383787155151
YMR230W,YGL116W,0,-0.54570866,0.10821733623743057,0.9611166715621948,0.7946383953094482
YIL008W,YJL078C,0,-0.54611534,0.10820518434047699,0.9611166715621948,0.7947384119033813
YBL003C,YDL136W,0,-0.54614264,0.108193039894104,0.9611166715621948,0.7948384284973145
YGR266W,YNR024W,0,-0.5470161,0.10818090289831161,0.9611166715621948,0.7949385046958923
YKR029C,YEL021W,0,-0.5485233,0.10816875845193863,0.9611166715621948,0.7950385212898254
YNL289W,YER124C,0,-0.5490092,0.10815662145614624,0.9611166715621948,0.7951385378837585
YML045W,YIL036W,0,-0.5500261,0.10814449191093445,0.9611166715621948,0.7952385544776917
YDR471W,YML130C,0,-0.5500593,0.10813236236572266,0.9611166715621948,0.7953386306762695
YLR466W,YLR221C,0,-0.5503114,0.10812023282051086,0.9611166715621948,0.7954386472702026
YJL069C,YIL145C,0,-0.5511246,0.10810811072587967,0.9611166715621948,0.7955386638641357
YMR165C,YMR023C,0,-0.5511726,0.10809598863124847,0.9611166715621948,0.7956386804580688
YJR129C,YOL152W,0,-0.5511924,0.10808386653661728,0.9611166715621948,0.795738697052002
YBR060C,YOL127W,0,-0.5514316,0.10807175189256668,0.9611166715621948,0.7958387732505798
YDR356W,YMR230W,0,-0.5516733,0.10805963724851608,0.9611166715621948,0.7959387898445129
YPL057C,YHR105W,0,-0.55182165,0.10804752260446548,0.9611166715621948,0.796038806438446
YJR123W,YPL038W,0,-0.55266345,0.10803541541099548,0.9611166715621948,0.7961388230323792
YLL015W,YER083C,0,-0.5529083,0.10802330821752548,0.9611166715621948,0.796238899230957
YHR079C-A,YJL102W,0,-0.553259,0.10801120102405548,0.9611166715621948,0.7963389158248901
YHR121W,YLL035W,0,-0.5534218,0.10799910128116608,0.9611166715621948,0.7964389324188232
YOR113W,YER133W,0,-0.55489737,0.10798700898885727,0.9611166715621948,0.7965389490127563
YGR120C,YOR373W,0,-0.5551349,0.10797490924596786,0.9611166715621948,0.7966389656066895
YLR263W,YBR241C,0,-0.5552258,0.10796281695365906,0.9611166715621948,0.7967390418052673
YML081W,YPL029W,0,-0.5552963,0.10795072466135025,0.9611166715621948,0.7968390583992004
YPL162C,YGR122W,0,-0.5553509,0.10793863981962204,0.9611166715621948,0.7969390749931335
YGR033C,YJL026W,0,-0.5560646,0.10792655497789383,0.9611166715621948,0.7970390915870667
YBR045C,YDR134C,0,-0.5560964,0.10791447758674622,0.9611166715621948,0.7971391677856445
YIL050W,YER111C,0,-0.55707705,0.107902392745018,0.9611166715621948,0.7972391843795776
YOL152W,YDL049C,0,-0.5575086,0.10789031535387039,0.9611166715621948,0.7973392009735107
YOR321W,YLL038C,0,-0.55792564,0.10787824541330338,0.9611166715621948,0.7974392175674438
YJR108W,YJR009C,0,-0.55863804,0.10786617547273636,0.9611166715621948,0.797539234161377
YDL200C,YOL091W,0,-0.55895054,0.10785410553216934,0.9611166715621948,0.7976393103599548
YJL102W,YDL213C,0,-0.5591757,0.10784204304218292,0.9611166715621948,0.7977393269538879
YDL076C,YLL067C,0,-0.55932266,0.1078299805521965,0.9611166715621948,0.797839343547821
YOL119C,YGR082W,0,-0.559782,0.10781791806221008,0.9611166715621948,0.7979393601417542
YOR262W,YBL046W,0,-0.55988806,0.10780586302280426,0.9611166715621948,0.798039436340332
YNL041C,YKL101W,0,-0.5600521,0.10779380798339844,0.9611166715621948,0.7981394529342651
YIR015W,YKL091C,0,-0.560223,0.10778175294399261,0.9611166715621948,0.7982394695281982
YML087C,YKL173W,0,-0.56047904,0.10776970535516739,0.9611166715621948,0.7983394861221313
YCR023C,YOR078W,0,-0.5605245,0.10775765776634216,0.9611166715621948,0.7984395027160645
YNL312W,YDR022C,0,-0.5607209,0.10774561017751694,0.9611166715621948,0.7985395789146423
YLR234W,YBR106W,0,-0.56072736,0.10773357003927231,0.9611166715621948,0.7986395955085754
YML107C,YAL034W-A,0,-0.56075525,0.10772152990102768,0.9611166715621948,0.7987396121025085
YDR420W,YBL020W,0,-0.5609572,0.10770949721336365,0.9611166715621948,0.7988396286964417
YKR001C,YDR465C,0,-0.56137115,0.10769746452569962,0.9611166715621948,0.7989397048950195
YBR035C,YMR070W,0,-0.5616925,0.10768543183803558,0.9611166715621948,0.7990397214889526
YCR048W,YNL047C,0,-0.56239915,0.10767340660095215,0.9611166715621948,0.7991397380828857
YML100W,YGR088W,0,-0.56243926,0.10766138136386871,0.9611166715621948,0.7992397546768188
YNR022C,YGR200C,0,-0.5635931,0.10764935612678528,0.9611166715621948,0.7993398308753967
YDR139C,YDR165W,0,-0.564127,0.10763733834028244,0.9611166715621948,0.7994398474693298
YIL172C,YOR373W,0,-0.5641737,0.1076253205537796,0.9611166715621948,0.7995398640632629
YMR271C,YLL001W,0,-0.5644808,0.10761331021785736,0.9611166715621948,0.799639880657196
YER018C,YPL017C,0,-0.56553197,0.10760129243135452,0.9611166715621948,0.7997398972511292
YML045W,YDR052C,0,-0.56627095,0.10758928209543228,0.9611166715621948,0.799839973449707
YPL254W,YDL178W,0,-0.5666896,0.10757727921009064,0.9611166715621948,0.7999399900436401
YDR202C,YGR162W,0,-0.56694484,0.10756527632474899,0.9611166715621948,0.8000400066375732
YHR111W,YLR100W,0,-0.5669621,0.10755327343940735,0.9611166715621948,0.8001400232315063
YDR147W,YGL245W,0,-0.56713426,0.1075412780046463,0.9611166715621948,0.8002400994300842
YCR004C,YNL053W,0,-0.56728303,0.10752928256988525,0.9611166715621948,0.8003401160240173
YBR253W,YNL233W,0,-0.56779087,0.1075172871351242,0.9611166715621948,0.8004401326179504
YNL012W,YIL023C,0,-0.5691442,0.10750529915094376,0.9611166715621948,0.8005401492118835
YMR127C,YJR048W,0,-0.5692623,0.1074933111667633,0.9611166715621948,0.8006401658058167
YMR216C,YNL259C,1,-0.5702344,0.10759282112121582,0.9621136784553528,0.8006401658058167
YJR120W,YDL103C,0,-0.5706189,0.10758082568645477,0.9621136784553528,0.8007402420043945
YOL029C,YMR045C,0,-0.5708043,0.10756883025169373,0.9621136784553528,0.8008402585983276
YPL271W,YJL045W,0,-0.5715003,0.10755684226751328,0.9621136784553528,0.8009402751922607
YDR532C,YDR283C,0,-0.57200134,0.10754485428333282,0.9621136784553528,0.8010402917861938
YOR079C,YML005W,0,-0.5723218,0.10753287374973297,0.9621136784553528,0.8011403679847717
YLR328W,YHR206W,0,-0.57275736,0.10752089321613312,0.9621136784553528,0.8012403845787048
YKL145W,YLR014C,0,-0.57302445,0.10750891268253326,0.9621136784553528,0.8013404011726379
YKL125W,YJL056C,0,-0.5735383,0.10749693959951401,0.9621136784553528,0.801440417766571
YLR056W,YLR423C,0,-0.57367665,0.10748496651649475,0.9621136784553528,0.8015404343605042
YMR035W,YCR068W,0,-0.57432353,0.1074729934334755,0.9621136784553528,0.801640510559082
YJL190C,YJL160C,0,-0.5745296,0.10746102780103683,0.9621136784553528,0.8017405271530151
YDR228C,YIL072W,0,-0.5750058,0.10744906216859818,0.9621136784553528,0.8018405437469482
YFL003C,YDR522C,0,-0.57564497,0.10743709653615952,0.9621136784553528,0.8019405603408813
YEL065W,YPL141C,0,-0.57673776,0.10742513835430145,0.9621136784553528,0.8020406365394592
YEL006W,YGL254W,0,-0.5769628,0.10741318017244339,0.9621136784553528,0.8021406531333923
YPL175W,YCR069W,0,-0.5770785,0.10740122199058533,0.9621136784553528,0.8022406697273254
YPL105C,YIL066C,0,-0.5771219,0.10738927125930786,0.9621136784553528,0.8023406863212585
YBR084W,YKL157W,0,-0.57725596,0.1073773205280304,0.9621136784553528,0.8024407029151917
YHR154W,YGL018C,0,-0.578314,0.10736537724733353,0.9621136784553528,0.8025407791137695
YPL004C,YGR128C,0,-0.57846737,0.10735343396663666,0.9621136784553528,0.8026407957077026
YOL132W,YOR259C,0,-0.5790973,0.10734149068593979,0.9621136784553528,0.8027408123016357
YMR192W,YDR037W,0,-0.57975316,0.10732955485582352,0.9621136784553528,0.8028408288955688
YGL201C,YER042W,0,-0.5799551,0.10731761902570724,0.9621136784553528,0.8029409050941467
YLR011W,YER140W,0,-0.5799811,0.10730568319559097,0.9621136784553528,0.8030409216880798
YNL278W,YOR046C,0,-0.5802393,0.1072937548160553,0.9621136784553528,0.8031409382820129
YIL009W,YPL100W,0,-0.581023,0.10728182643651962,0.9621136784553528,0.803240954875946
YBR132C,YDR171W,0,-0.5811345,0.10726989805698395,0.9621136784553528,0.8033410310745239
YJL058C,YER091C,0,-0.58147633,0.10725797712802887,0.9621136784553528,0.803441047668457
YKL221W,YDR268W,0,-0.58170134,0.10724605619907379,0.9621136784553528,0.8035410642623901
YPR156C,YGL078C,0,-0.58180034,0.10723413527011871,0.9621136784553528,0.8036410808563232
YNL064C,YHR103W,0,-0.5819744,0.10722222179174423,0.9621136784553528,0.8037410974502563
YCR039C,YJL074C,0,-0.5822205,0.10721030831336975,0.9621136784553528,0.8038411736488342
YIL113W,YKL139W,0,-0.58230937,0.10719840228557587,0.9621136784553528,0.8039411902427673
YKL143W,YOR037W,0,-0.5827804,0.10718649625778198,0.9621136784553528,0.8040412068367004
YIL171W,YPL063W,0,-0.5829448,0.1071745902299881,0.9621136784553528,0.8041412234306335
YDL190C,YGL145W,0,-0.58311236,0.10716268420219421,0.9621136784553528,0.8042412996292114
YNL058C,YJL109C,0,-0.5836562,0.10715078562498093,0.9621136784553528,0.8043413162231445
YMR063W,YHR196W,0,-0.5852792,0.10713889449834824,0.9621136784553528,0.8044413328170776
YLR133W,YKR022C,0,-0.58552486,0.10712699592113495,0.9621136784553528,0.8045413494110107
YLR135W,YNL156C,0,-0.5860253,0.10711510479450226,0.9621136784553528,0.8046413660049438
YDR043C,YJR077C,0,-0.58627075,0.10710322111845016,0.9621136784553528,0.8047414422035217
YER020W,YOL139C,0,-0.5865695,0.10709132999181747,0.9621136784553528,0.8048414587974548
YDR523C,YAL034W-A,0,-0.5883111,0.10707944631576538,0.9621136784553528,0.8049414753913879
YLR032W,YLR075W,0,-0.588545,0.10706757009029388,0.9621136784553528,0.805041491985321
YBR091C,YGL097W,0,-0.5889563,0.10705569386482239,0.9621136784553528,0.8051415681838989
YMR109W,YBR021W,0,-0.5892552,0.10704381763935089,0.9621136784553528,0.805241584777832
YDR307W,YNL254C,0,-0.58982027,0.1070319414138794,0.9621136784553528,0.8053416013717651
YPR128C,YOL147C,0,-0.5898993,0.1070200726389885,0.9621136784553528,0.8054416179656982
YPL003W,YKL004W,0,-0.5901112,0.1070082038640976,0.9621136784553528,0.8055416345596313
YMR263W,YOR262W,0,-0.59041905,0.10699634253978729,0.9621136784553528,0.8056417107582092
YML075C,YBR057C,0,-0.59215987,0.10698448121547699,0.9621136784553528,0.8057417273521423
YLL062C,YEL021W,0,-0.5922903,0.10697261989116669,0.9621136784553528,0.8058417439460754
YDL064W,YKR072C,0,-0.59255195,0.10696076601743698,0.9621136784553528,0.8059417605400085
YCL075W,YNL035C,0,-0.59284556,0.10694890469312668,0.9621136784553528,0.8060418367385864
YNL096C,YIL082W-A,0,-0.5930503,0.10693705826997757,0.9621136784553528,0.8061418533325195
YHR143W-A,YOR182C,0,-0.5935962,0.10692520439624786,0.9621136784553528,0.8062418699264526
YBR060C,YGR060W,0,-0.59363747,0.10691335797309875,0.9621136784553528,0.8063418865203857
YPL128C,YHR039C,0,-0.59379196,0.10690151900053024,0.9621136784553528,0.8064419031143188
YDR408C,YLR019W,0,-0.594345,0.10688968002796173,0.9621136784553528,0.8065419793128967
YJL165C,YJL056C,1,-0.5945123,0.10698859393596649,0.9631106853485107,0.8065419793128967
YER086W,YOR295W,0,-0.5950147,0.10697674751281738,0.9631106853485107,0.8066419959068298
YGL018C,YOL042W,0,-0.5953451,0.10696490108966827,0.9631106853485107,0.8067420125007629
YBR019C,YER109C,0,-0.59547687,0.10695305466651917,0.9631106853485107,0.806842029094696
YGL120C,YBR022W,0,-0.59597546,0.10694121569395065,0.9631106853485107,0.8069421052932739
YJL028W,YGL171W,0,-0.59608465,0.10692937672138214,0.9631106853485107,0.807042121887207
YGL136C,YMR023C,0,-0.5966366,0.10691754519939423,0.9631106853485107,0.8071421384811401
YGL234W,YJL133W,0,-0.5969518,0.10690571367740631,0.9631106853485107,0.8072421550750732
YKR078W,YJL138C,0,-0.5972767,0.1068938821554184,0.9631106853485107,0.8073422312736511
YAL011W,YHR147C,0,-0.59742427,0.10688205063343048,0.9631106853485107,0.8074422478675842
YDR292C,YDR088C,0,-0.5976757,0.10687022656202316,0.9631106853485107,0.8075422644615173
YLR059C,YNR023W,0,-0.5979588,0.10685840994119644,0.9631106853485107,0.8076422810554504
YHR079C-A,YOL064C,0,-0.59874606,0.10684658586978912,0.9631106853485107,0.8077422976493835
YJL019W,YLR340W,0,-0.5987661,0.1068347692489624,0.9631106853485107,0.8078423738479614
YOR177C,YBR237W,0,-0.5988257,0.10682296007871628,0.9631106853485107,0.8079423904418945
YGL257C,YLL011W,0,-0.5996393,0.10681114345788956,0.9631106853485107,0.8080424070358276
YFR024C-A,YOR306C,0,-0.60015815,0.10679933428764343,0.9631106853485107,0.8081424236297607
YPL209C,YOL031C,0,-0.6004246,0.1067875325679779,0.9631106853485107,0.8082424998283386
YBR236C,YNR069C,0,-0.6010442,0.10677572339773178,0.9631106853485107,0.8083425164222717
YNL152W,YPR128C,0,-0.60173166,0.10676392912864685,0.9631106853485107,0.8084425330162048
YKL143W,YNL156C,0,-0.60181737,0.10675212740898132,0.9631106853485107,0.8085425496101379
YNL225C,YGR289C,0,-0.6019982,0.10674033313989639,0.9631106853485107,0.808642566204071
YOL011W,YPL030W,0,-0.6021806,0.10672853887081146,0.9631106853485107,0.8087426424026489
YDR522C,YNL014W,0,-0.6029321,0.10671674460172653,0.9631106853485107,0.808842658996582
YDR291W,YLR287C-A,0,-0.6031253,0.1067049577832222,0.9631106853485107,0.8089426755905151
YBR181C,YOL006C,0,-0.60387015,0.10669317096471786,0.9631106853485107,0.8090426921844482
YOR360C,YAL048C,0,-0.60403234,0.10668139159679413,0.9631106853485107,0.8091427683830261
YMR309C,YOR229W,0,-0.6056885,0.10666961222887039,0.9631106853485107,0.8092427849769592
YNL227C,YDL056W,0,-0.60588765,0.10665783286094666,0.9631106853485107,0.8093428015708923
YPL172C,YBR043C,0,-0.60602987,0.10664606094360352,0.9631106853485107,0.8094428181648254
YPL176C,YPL130W,0,-0.60626113,0.10663428902626038,0.9631106853485107,0.8095428347587585
YER019W,YER075C,0,-0.6062962,0.10662251710891724,0.9631106853485107,0.8096429109573364
YBL060W,YML054C,0,-0.60797477,0.1066107526421547,0.9631106853485107,0.8097429275512695
YOR118W,YDL129W,0,-0.60845757,0.10659898817539215,0.9631106853485107,0.8098429441452026
YJL167W,YMR063W,0,-0.6085259,0.10658722370862961,0.9631106853485107,0.8099429607391357
YHR028C,YDR465C,0,-0.6089238,0.10657546669244766,0.9631106853485107,0.8100430369377136
YEL065W,YHL022C,0,-0.60907817,0.10656370967626572,0.9631106853485107,0.8101430535316467
YBR034C,YJL186W,0,-0.6092132,0.10655195266008377,0.9631106853485107,0.8102430701255798
YBR029C,YER006W,0,-0.6096232,0.10654020309448242,0.9631106853485107,0.8103430867195129
YJR088C,YLR200W,0,-0.6101598,0.10652845352888107,0.9631106853485107,0.810443103313446
YIL109C,YJL160C,0,-0.6109204,0.10651670396327972,0.9631106853485107,0.8105431795120239
YHR045W,YGL201C,0,-0.61104894,0.10650496184825897,0.9631106853485107,0.810643196105957
YGR071C,YKL139W,0,-0.61113685,0.10649321973323822,0.9631106853485107,0.8107432126998901
YBR033W,YDR107C,0,-0.6116208,0.10648148506879807,0.9631106853485107,0.8108432292938232
YEL001C,YPL157W,0,-0.6116464,0.10646974295377731,0.9631106853485107,0.8109433054924011
YLR318W,YHL033C,0,-0.6124189,0.10645800828933716,0.9631106853485107,0.8110433220863342
YDL239C,YNL308C,0,-0.6137899,0.1064462810754776,0.9631106853485107,0.8111433386802673
YNL227C,YMR199W,0,-0.6143218,0.10643455386161804,0.9631106853485107,0.8112433552742004
YLL032C,YOR094W,0,-0.61455286,0.10642282664775848,0.9631106853485107,0.8113434314727783
YDR466W,YDR182W,0,-0.61481875,0.10641110688447952,0.9631106853485107,0.8114434480667114
YBL039C,YOR190W,0,-0.61504066,0.10639937967061996,0.9631106853485107,0.8115434646606445
YPL053C,YJR093C,0,-0.61521286,0.1063876673579216,0.9631106853485107,0.8116434812545776
YDR507C,YBR289W,0,-0.6161382,0.10637594759464264,0.9631106853485107,0.8117434978485107
YJL050W,YCL017C,0,-0.6166876,0.10636423528194427,0.9631106853485107,0.8118435740470886
YDL058W,YDR038C,0,-0.61732244,0.10635253041982651,0.9631106853485107,0.8119435906410217
YER173W,YPR100W,0,-0.6181792,0.10634081810712814,0.9631106853485107,0.8120436072349548
YKL077W,YDL205C,0,-0.61834586,0.10632911324501038,0.9631106853485107,0.8121436238288879
YDR513W,YNL197C,0,-0.61869836,0.10631740838289261,0.9631106853485107,0.8122437000274658
YLR413W,YKL086W,0,-0.6189151,0.10630571097135544,0.9631106853485107,0.8123437166213989
YIL019W,YOR087W,0,-0.6191995,0.10629401355981827,0.9631106853485107,0.812443733215332
YJR158W,YBR044C,0,-0.61937237,0.1062823161482811,0.9631106853485107,0.8125437498092651
YHR031C,YJL138C,0,-0.619585,0.10627062618732452,0.9631106853485107,0.8126437664031982
YGL123W,YHR025W,0,-0.6199012,0.10625893622636795,0.9631106853485107,0.8127438426017761
YDR045C,YCL010C,0,-0.62078094,0.10624725371599197,0.9631106853485107,0.8128438591957092
YLR006C,YGR061C,0,-0.6212497,0.1062355637550354,0.9631106853485107,0.8129438757896423
YBL017C,YMR190C,0,-0.6212584,0.10622388124465942,0.9631106853485107,0.8130438923835754
YOR078W,YPR071W,0,-0.6213069,0.10621220618486404,0.9631106853485107,0.8131439685821533
YOL034W,YMR262W,0,-0.6213681,0.10620053112506866,0.9631106853485107,0.8132439851760864
YHR111W,YPL090C,0,-0.6215786,0.10618885606527328,0.9631106853485107,0.8133440017700195
YBR077C,YJR097W,0,-0.6216289,0.1061771810054779,0.9631106853485107,0.8134440183639526
YKR072C,YCR097W,0,-0.621879,0.10616551339626312,0.9631106853485107,0.8135440349578857
YML065W,YIL039W,0,-0.62217116,0.10615384578704834,0.9631106853485107,0.8136441111564636
YDR145W,YJR091C,0,-0.6221987,0.10614218562841415,0.9631106853485107,0.8137441277503967
YMR050C,YGL153W,0,-0.62265265,0.10613051801919937,0.9631106853485107,0.8138441443443298
YDR128W,YPL283C,0,-0.6227607,0.10611886531114578,0.9631106853485107,0.8139441609382629
YPL168W,YLR178C,0,-0.6229342,0.1061072051525116,0.9631106853485107,0.8140442371368408
YLL010C,YNL135C,0,-0.6229857,0.10609555244445801,0.9631106853485107,0.8141442537307739
YAL005C,YNR038W,0,-0.62412965,0.10608389973640442,0.9631106853485107,0.814244270324707
YJR045C,YDR179C,0,-0.6243169,0.10607225447893143,0.9631106853485107,0.8143442869186401
YIR013C,YMR043W,0,-0.62469316,0.10606060922145844,0.9631106853485107,0.8144443035125732
YKR014C,YGL078C,0,-0.62495995,0.10604896396398544,0.9631106853485107,0.8145443797111511
YIL171W,YIL044C,0,-0.62505436,0.10603731870651245,0.9631106853485107,0.8146443963050842
YLR150W,YCR021C,0,-0.6259845,0.10602568089962006,0.9631106853485107,0.8147444128990173
YKL101W,YFL034C-A,0,-0.6260006,0.10601405054330826,0.9631106853485107,0.8148444294929504
YOR201C,YJL050W,0,-0.62665355,0.10600241273641586,0.9631106853485107,0.8149445056915283
YJL056C,YKL028W,0,-0.6267527,0.10599078238010406,0.9631106853485107,0.8150445222854614
YLR013W,YDR217C,0,-0.6270398,0.10597915202379227,0.9631106853485107,0.8151445388793945
YGL119W,YBL025W,0,-0.62715435,0.10596752911806107,0.9631106853485107,0.8152445554733276
YDL042C,YLL062C,0,-0.62795925,0.10595590621232986,0.9631106853485107,0.8153446316719055
YGL145W,YPL081W,0,-0.6281185,0.10594428330659866,0.9631106853485107,0.8154446482658386
YKR079C,YOR037W,0,-0.62844086,0.10593266785144806,0.9631106853485107,0.8155446648597717
YEL019C,YPL058C,0,-0.62855446,0.10592105239629745,0.9631106853485107,0.8156446814537048
YBR204C,YMR260C,0,-0.62863433,0.10590943694114685,0.9631106853485107,0.8157446980476379
YHR003C,YNL164C,0,-0.6291714,0.10589782893657684,0.9631106853485107,0.8158447742462158
YHL017W,YDL153C,0,-0.62943333,0.10588622093200684,0.9631106853485107,0.8159447908401489
YPR046W,YOR254C,0,-0.63010854,0.10587461292743683,0.9631106853485107,0.816044807434082
YCL048W,YDR027C,0,-0.6340645,0.10586301237344742,0.9631106853485107,0.8161448240280151
YER124C,YHR143W-A,0,-0.6341093,0.10585141181945801,0.9631106853485107,0.816244900226593
YER035W,YLR210W,0,-0.63473594,0.1058398187160492,0.9631106853485107,0.8163449168205261
YBR218C,YDR522C,0,-0.6348931,0.10582821816205978,0.9631106853485107,0.8164449334144592
YMR189W,YER144C,0,-0.63532907,0.10581662505865097,0.9631106853485107,0.8165449500083923
YKR049C,YDR424C,0,-0.6358733,0.10580503940582275,0.9631106853485107,0.8166449666023254
YMR042W,YPR065W,0,-0.63591087,0.10579345375299454,0.9631106853485107,0.8167450428009033
YOR329C,YLR324W,0,-0.63742244,0.10578186810016632,0.9631106853485107,0.8168450593948364
YHL013C,YIL119C,0,-0.6375921,0.1057702824473381,0.9631106853485107,0.8169450759887695
YJR027W,YAL007C,0,-0.6381334,0.10575870424509048,0.9631106853485107,0.8170450925827026
YBR012W-B,YGR109C,0,-0.6383537,0.10574712604284286,0.9631106853485107,0.8171451687812805
YPL037C,YOR144C,0,-0.63850945,0.10573555529117584,0.9631106853485107,0.8172451853752136
YLR260W,YMR287C,0,-0.6388488,0.10572397708892822,0.9631106853485107,0.8173452019691467
YOR060C,YPR192W,0,-0.6389132,0.1057124063372612,0.9631106853485107,0.8174452185630798
YDR446W,YGR253C,0,-0.63907456,0.10570084303617477,0.9631106853485107,0.8175452351570129
YLR368W,YOR295W,0,-0.6391135,0.10568927973508835,0.9631106853485107,0.8176453113555908
YGR116W,YJL108C,0,-0.639181,0.10567771643400192,0.9631106853485107,0.8177453279495239
YER131W,YBR162W-A,0,-0.63979095,0.1056661531329155,0.9631106853485107,0.817845344543457
YGR271C-A,YNL199C,0,-0.6400794,0.10565459728240967,0.9631106853485107,0.8179453611373901
YBR084W,YER144C,0,-0.64078534,0.10564304143190384,0.9631106853485107,0.818045437335968
YLR006C,YBR189W,0,-0.64119524,0.10563149303197861,0.9631106853485107,0.8181454539299011
YIL038C,YDR407C,0,-0.64129007,0.10561994463205338,0.9631106853485107,0.8182454705238342
YJR029W,YMR233W,0,-0.64150107,0.10560839623212814,0.9631106853485107,0.8183454871177673
YML118W,YHR121W,0,-0.6415073,0.10559685528278351,0.9631106853485107,0.8184455633163452
YIL168W,YMR121C,0,-0.64210165,0.10558530688285828,0.9631106853485107,0.8185455799102783
YMR158W,YNL066W,0,-0.6422832,0.10557377338409424,0.9631106853485107,0.8186455965042114
YDR145W,YGL098W,0,-0.6423691,0.1055622324347496,0.9631106853485107,0.8187456130981445
YGL023C,YER127W,0,-0.6443944,0.10555069893598557,0.9631106853485107,0.8188456296920776
YGR087C,YLR098C,0,-0.6444137,0.10553916543722153,0.9631106853485107,0.8189457058906555
YPL275W,YKL033W,0,-0.646009,0.10552763938903809,0.9631106853485107,0.8190457224845886
YDR409W,YER144C,0,-0.64629567,0.10551611334085464,0.9631106853485107,0.8191457390785217
YDL005C,YML062C,0,-0.64674366,0.1055045872926712,0.9631106853485107,0.8192457556724548
YKR038C,YDR439W,0,-0.64679885,0.10549306869506836,0.9631106853485107,0.8193458318710327
YPR070W,YDR450W,0,-0.6472037,0.10548154264688492,0.9631106853485107,0.8194458484649658
YGR078C,YIL041W,0,-0.6475828,0.10547003149986267,0.9631106853485107,0.8195458650588989
YIL154C,YOR315W,0,-0.6481582,0.10545851290225983,0.9631106853485107,0.819645881652832
YDR446W,YLR200W,0,-0.64850986,0.10544700175523758,0.9631106853485107,0.8197458982467651
YMR177W,YOL002C,1,-0.6489019,0.10554464161396027,0.9641076922416687,0.8197458982467651
YDR315C,YDR180W,0,-0.64896244,0.10553312301635742,0.9641076922416687,0.819845974445343
YNR048W,YOR266W,0,-0.6494222,0.10552160441875458,0.9641076922416687,0.8199459910392761
YGL129C,YKL150W,0,-0.6500984,0.10551009327173233,0.9641076922416687,0.8200460076332092
YJL167W,YGL021W,0,-0.6512996,0.10549858212471008,0.9641076922416687,0.8201460242271423
YJL143W,YKR105C,0,-0.6518336,0.10548707097768784,0.9641076922416687,0.8202461004257202
YJL025W,YDR036C,0,-0.65240896,0.10547556728124619,0.9641076922416687,0.8203461170196533
YKL113C,YDR056C,0,-0.6528962,0.10546406358480453,0.9641076922416687,0.8204461336135864
YOR224C,YOR080W,0,-0.6529623,0.10545255988836288,0.9641076922416687,0.8205461502075195
YMR164C,YOR211C,0,-0.6531522,0.10544106364250183,0.9641076922416687,0.8206461668014526
YGR274C,YFL061W,0,-0.6534089,0.10542956739664078,0.9641076922416687,0.8207462430000305
YLR081W,YGR198W,0,-0.6536677,0.10541807115077972,0.9641076922416687,0.8208462595939636
YMR199W,YOL021C,0,-0.65441793,0.10540658235549927,0.9641076922416687,0.8209462761878967
YLL015W,YJL047C,0,-0.6546905,0.10539509356021881,0.9641076922416687,0.8210462927818298
YHR141C,YOR081C,0,-0.6549344,0.10538361221551895,0.9641076922416687,0.8211463689804077
YDR115W,YDR021W,0,-0.6551926,0.1053721234202385,0.9641076922416687,0.8212463855743408
YKL134C,YIL035C,1,-0.6562965,0.10546959936618805,0.9651046991348267,0.8212463855743408
YDL190C,YKR053C,0,-0.6564528,0.10545811057090759,0.9651046991348267,0.8213464021682739
YDL058W,YNL206C,0,-0.6571699,0.10544662177562714,0.9651046991348267,0.821446418762207
YDR208W,YHR044C,0,-0.6576158,0.10543514043092728,0.9651046991348267,0.8215464353561401
YLR083C,YKL028W,0,-0.6579149,0.10542365163564682,0.9651046991348267,0.821646511554718
YGR040W,YDR464W,0,-0.65890723,0.10541217774152756,0.9651046991348267,0.8217465281486511
YIL015W,YGR017W,0,-0.6590576,0.1054006963968277,0.9651046991348267,0.8218465447425842
YBL014C,YBR001C,0,-0.6594605,0.10538922250270844,0.9651046991348267,0.8219465613365173
YHR111W,YLR262C,0,-0.66006905,0.10537774860858917,0.9651046991348267,0.8220466375350952
YJR129C,YPL075W,0,-0.66158247,0.10536627471446991,0.9651046991348267,0.8221466541290283
YPL058C,YLR320W,0,-0.66189694,0.10535480827093124,0.9651046991348267,0.8222466707229614
YGL035C,YGR200C,0,-0.6619661,0.10534334182739258,0.9651046991348267,0.8223466873168945
YNR075W,YML045W,0,-0.66264355,0.10533188283443451,0.9651046991348267,0.8224467635154724
YMR282C,YHR035W,0,-0.6627514,0.10532042384147644,0.9651046991348267,0.8225467801094055
YHL003C,YHR034C,0,-0.66277564,0.10530896484851837,0.9651046991348267,0.8226467967033386
YLR363C,YDL117W,0,-0.66405684,0.1052975058555603,0.9651046991348267,0.8227468132972717
YLR096W,YGR047C,0,-0.6644247,0.10528605431318283,0.9651046991348267,0.8228468298912048
YDR522C,YNL225C,0,-0.66456836,0.10527460277080536,0.9651046991348267,0.8229469060897827
YAR009C,YOR129C,0,-0.6652776,0.10526315867900848,0.9651046991348267,0.8230469226837158
YHL018W,YCR054C,0,-0.66543627,0.10525171458721161,0.9651046991348267,0.8231469392776489
YOR242C,YBL100W-A,0,-0.66575515,0.10524027049541473,0.9651046991348267,0.823246955871582
YDR292C,YHR099W,0,-0.66622555,0.10522882640361786,0.9651046991348267,0.8233470320701599
YBR012W-A,YJL183W,0,-0.6662977,0.10521738976240158,0.9651046991348267,0.823447048664093
YJR089W,YLR143W,0,-0.6665472,0.1052059531211853,0.9651046991348267,0.8235470652580261
YKL088W,YMR134W,0,-0.6670559,0.10519452393054962,0.9651046991348267,0.8236470818519592
YOL089C,YOR372C,0,-0.66738623,0.10518309473991394,0.9651046991348267,0.8237470984458923
YJL108C,YOL130W,0,-0.66911745,0.10517166554927826,0.9651046991348267,0.8238471746444702
YJR049C,YBR021W,0,-0.6693061,0.10516023635864258,0.9651046991348267,0.8239471912384033
YLR054C,YOL007C,0,-0.6694059,0.1051488146185875,0.9651046991348267,0.8240472078323364
YIL124W,YDR096W,0,-0.6696863,0.10513739287853241,0.9651046991348267,0.8241472244262695
YKL026C,YER126C,0,-0.6699829,0.10512597858905792,0.9651046991348267,0.8242473006248474
YLR368W,YDR227W,0,-0.6703286,0.10511456429958344,0.9651046991348267,0.8243473172187805
YLR102C,YLR128W,0,-0.6703696,0.10510315001010895,0.9651046991348267,0.8244473338127136
YGL167C,YBR021W,0,-0.6703773,0.10509173572063446,0.9651046991348267,0.8245473504066467
YNL053W,YPL255W,0,-0.6705117,0.10508032888174057,0.9651046991348267,0.8246473670005798
YKL125W,YPR031W,0,-0.67088175,0.10506892204284668,0.9651046991348267,0.8247474431991577
YKR038C,YIL082W-A,0,-0.6714076,0.10505752265453339,0.9651046991348267,0.8248474597930908
YDR231C,YML026C,0,-0.67262536,0.10504612326622009,0.9651046991348267,0.8249474763870239
YOL019W,YCL061C,0,-0.67335165,0.1050347238779068,0.9651046991348267,0.825047492980957
YOR214C,YPR175W,0,-0.6736849,0.1050233244895935,0.9651046991348267,0.8251475691795349
YDR506C,YIL085C,0,-0.67395496,0.10501193255186081,0.9651046991348267,0.825247585773468
YNR024W,YDR531W,0,-0.67486453,0.10500054061412811,0.9651046991348267,0.8253476023674011
YNL164C,YPR021C,0,-0.6750302,0.10498915612697601,0.9651046991348267,0.8254476189613342
YIL015W,YLR266C,0,-0.67617416,0.10497777163982391,0.9651046991348267,0.8255476355552673
YNL054W,YAR050W,0,-0.67715734,0.10496638715267181,0.9651046991348267,0.8256477117538452
YOR075W,YER142C,0,-0.67726034,0.10495500266551971,0.9651046991348267,0.8257477283477783
YKR075C,YDR244W,0,-0.67736006,0.10494362562894821,0.9651046991348267,0.8258477449417114
YHR129C,YPL029W,0,-0.677523,0.10493224859237671,0.9651046991348267,0.8259477615356445
YGR086C,YGR128C,0,-0.6776235,0.1049208790063858,0.9651046991348267,0.8260478377342224
YNL180C,YHR183W,0,-0.67788255,0.1049095019698143,0.9651046991348267,0.8261478543281555
YKR034W,YPL016W,0,-0.67812824,0.1048981323838234,0.9651046991348267,0.8262478709220886
YBR175W,YNL166C,0,-0.67918664,0.10488677024841309,0.9651046991348267,0.8263478875160217
YJL216C,YGR263C,0,-0.6795703,0.10487540811300278,0.9651046991348267,0.8264479637145996
YKR099W,YDR134C,0,-0.679893,0.10486404597759247,0.9651046991348267,0.8265479803085327
YGL210W,YKL116C,0,-0.68161595,0.10485268384218216,0.9651046991348267,0.8266479969024658
YBL017C,YKR003W,0,-0.6818002,0.10484132915735245,0.9651046991348267,0.8267480134963989
YNL328C,YGL054C,0,-0.6819376,0.10482997447252274,0.9651046991348267,0.826848030090332
YDL189W,YLR178C,0,-0.6827155,0.10481862723827362,0.9651046991348267,0.8269481062889099
YGR257C,YNL308C,0,-0.68351924,0.10480727255344391,0.9651046991348267,0.827048122882843
YJL181W,YKL208W,0,-0.68401223,0.10479593276977539,0.9651046991348267,0.8271481394767761
YGL210W,YNL306W,0,-0.6844809,0.10478458553552628,0.9651046991348267,0.8272481560707092
YLR188W,YLR307W,0,-0.6851829,0.10477324575185776,0.9651046991348267,0.8273482322692871
YLR204W,YGR215W,0,-0.6853093,0.10476190596818924,0.9651046991348267,0.8274482488632202
YLR328W,YPL283C,0,-0.6853321,0.10475056618452072,0.9651046991348267,0.8275482654571533
YNR022C,YDL010W,0,-0.68588775,0.1047392338514328,0.9651046991348267,0.8276482820510864
YPR161C,YKR087C,0,-0.6859026,0.10472790151834488,0.9651046991348267,0.8277482986450195
YJR033C,YJL145W,0,-0.6864185,0.10471657663583755,0.9651046991348267,0.8278483748435974
YJL197W,YBR021W,0,-0.68661666,0.10470524430274963,0.9651046991348267,0.8279483914375305
YIL096C,YIL155C,0,-0.6873974,0.10469391942024231,0.9651046991348267,0.8280484080314636
YHR138C,YNL021W,0,-0.6874082,0.10468260198831558,0.9651046991348267,0.8281484246253967
YJL051W,YER161C,0,-0.6874586,0.10467127710580826,0.9651046991348267,0.8282485008239746
YMR216C,YLL039C,0,-0.6879106,0.10465995967388153,0.9651046991348267,0.8283485174179077
YHL011C,YOL157C,0,-0.6879889,0.1046486496925354,0.9651046991348267,0.8284485340118408
YOL029C,YPR058W,0,-0.6882983,0.10463733971118927,0.9651046991348267,0.8285485506057739
YLR074C,YLR138W,0,-0.68898594,0.10462602972984314,0.9651046991348267,0.828648567199707
YLR260W,YIL084C,0,-0.68924403,0.10461471974849701,0.9651046991348267,0.8287486433982849
YFL049W,YML041C,0,-0.6893939,0.10460341721773148,0.9651046991348267,0.828848659992218
YML006C,YOR039W,1,-0.68970835,0.10470016300678253,0.9661017060279846,0.828848659992218
YOR312C,YPR071W,0,-0.6898513,0.1046888530254364,0.9661017060279846,0.8289486765861511
YDR436W,YJL129C,1,-0.6898781,0.10478556901216507,0.9670987129211426,0.8289486765861511
YOR130C,YPL256C,0,-0.6899693,0.10477425158023834,0.9670987129211426,0.8290486931800842
YOL005C,YHR197W,0,-0.69000685,0.10476293414831161,0.9670987129211426,0.8291487693786621
YKL108W,YNL068C,0,-0.69069195,0.10475161671638489,0.9670987129211426,0.8292487859725952
YLR133W,YAR009C,0,-0.69117284,0.10474030673503876,0.9670987129211426,0.8293488025665283
YPL193W,YNL066W,0,-0.69323325,0.10472899675369263,0.9670987129211426,0.8294488191604614
YLL015W,YMR109W,0,-0.69336635,0.1047176942229271,0.9670987129211426,0.8295488357543945
YHR067W,YJL181W,0,-0.69349635,0.10470639169216156,0.9670987129211426,0.8296489119529724
YER111C,YOR067C,0,-0.69435227,0.10469508916139603,0.9670987129211426,0.8297489285469055
YLR205C,YHL047C,1,-0.6952627,0.10479170829057693,0.9680957198143005,0.8297489285469055
YER106W,YJL121C,0,-0.69558805,0.1047804057598114,0.9680957198143005,0.8298489451408386
YHL008C,YIL157C,0,-0.6961384,0.10476909577846527,0.9680957198143005,0.8299489617347717
YDR023W,YDR486C,0,-0.69616127,0.10475779324769974,0.9680957198143005,0.8300490379333496
YNR012W,YJR118C,0,-0.6963291,0.1047464907169342,0.9680957198143005,0.8301490545272827
YCR106W,YOL116W,0,-0.69675326,0.10473519563674927,0.9680957198143005,0.8302490711212158
YIL038C,YML018C,0,-0.698035,0.10472390055656433,0.9680957198143005,0.8303490877151489
YLR413W,YLR093C,0,-0.6984975,0.1047126054763794,0.9680957198143005,0.8304491639137268
YML047C,YOR321W,0,-0.6987292,0.10470131784677505,0.9680957198143005,0.8305491805076599
YDR384C,YPL190C,0,-0.6989768,0.10469003021717072,0.9680957198143005,0.830649197101593
YBR211C,YOL139C,0,-0.6990166,0.10467874258756638,0.9680957198143005,0.8307492136955261
YIR023W,YJR029W,0,-0.7001077,0.10466745495796204,0.9680957198143005,0.8308492302894592
YAL055W,YOR060C,0,-0.7002833,0.1046561747789383,0.9680957198143005,0.8309493064880371
YPL047W,YJR041C,0,-0.70105755,0.10464489459991455,0.9680957198143005,0.8310493230819702
YEL019C,YML029W,0,-0.7010948,0.1046336218714714,0.9680957198143005,0.8311493396759033
YDR228C,YDL060W,0,-0.7017795,0.10462234914302826,0.9680957198143005,0.8312493562698364
YDL189W,YIL056W,0,-0.7018117,0.10461107641458511,0.9680957198143005,0.8313494324684143
YDR534C,YPL217C,0,-0.70200706,0.10459980368614197,0.9680957198143005,0.8314494490623474
YMR021C,YJR033C,1,-0.7024251,0.10469625145196915,0.9690927267074585,0.8314494490623474
YML040W,YLR364W,0,-0.70294297,0.104684978723526,0.9690927267074585,0.8315494656562805
YBR012W-B,YML066C,0,-0.7039582,0.10467370599508286,0.9690927267074585,0.8316494822502136
YOR391C,YML066C,0,-0.7040361,0.10466243326663971,0.9690927267074585,0.8317494988441467
YCL067C,YMR204C,0,-0.7050131,0.10465116053819656,0.9690927267074585,0.8318495750427246
YDL153C,YDR168W,0,-0.7055753,0.10463989526033401,0.9690927267074585,0.8319495916366577
YHL036W,YPR161C,0,-0.7056194,0.10462862998247147,0.9690927267074585,0.8320496082305908
YBR160W,YDR345C,0,-0.70588684,0.10461737215518951,0.9690927267074585,0.8321496248245239
YAL028W,YIL008W,0,-0.70656973,0.10460611432790756,0.9690927267074585,0.8322497010231018
YER039C,YJL184W,0,-0.7070743,0.10459485650062561,0.9690927267074585,0.8323497176170349
YLR234W,YBR193C,0,-0.70734656,0.10458359867334366,0.9690927267074585,0.832449734210968
YCL075W,YPR047W,0,-0.70772576,0.1045723482966423,0.9690927267074585,0.8325497508049011
YER119C,YLL057C,0,-0.70871055,0.10456109791994095,0.9690927267074585,0.8326497673988342
YIL069C,YHR032W,0,-0.7088909,0.10454985499382019,0.9690927267074585,0.8327498435974121
YOR332W,YDR492W,1,-0.7089421,0.10464616119861603,0.9700897336006165,0.8327498435974121
YOL133W,YGL145W,0,-0.70923865,0.10463490337133408,0.9700897336006165,0.8328498601913452
YDR054C,YPR192W,0,-0.7097189,0.10462365299463272,0.9700897336006165,0.8329498767852783
YPL115C,YCR027C,0,-0.70976996,0.10461241006851196,0.9700897336006165,0.8330498933792114
YNL021W,YNL264C,0,-0.7110709,0.10460115969181061,0.9700897336006165,0.8331499695777893
YDR168W,YLR233C,0,-0.71125793,0.10458991676568985,0.9700897336006165,0.8332499861717224
YPR010C,YOR017W,0,-0.71165335,0.10457867383956909,0.9700897336006165,0.8333500027656555
YNL162W,YCR092C,0,-0.7121067,0.10456743836402893,0.9700897336006165,0.8334500193595886
YMR171C,YPL198W,0,-0.7121167,0.10455620288848877,0.9700897336006165,0.8335500359535217
YML046W,YGR028W,0,-0.71419716,0.10454496741294861,0.9700897336006165,0.8336501121520996
YKR024C,YDL095W,0,-0.71460044,0.10453373193740845,0.9700897336006165,0.8337501287460327
YMR192W,YDR259C,0,-0.7155409,0.10452250391244888,0.9700897336006165,0.8338501453399658
YDL042C,YDL092W,0,-0.71565247,0.10451127588748932,0.9700897336006165,0.8339501619338989
YOR081C,YOL051W,0,-0.71593904,0.10450005531311035,0.9700897336006165,0.8340502381324768
YLR363C,YCR027C,0,-0.7161144,0.10448883473873138,0.9700897336006165,0.8341502547264099
YML126C,YDR452W,0,-0.7162997,0.10447761416435242,0.9700897336006165,0.834250271320343
YMR192W,YMR153W,0,-0.71718186,0.10446639358997345,0.9700897336006165,0.8343502879142761
YPR156C,YDL108W,0,-0.71794504,0.10445518046617508,0.9700897336006165,0.834450364112854
YOR044W,YPR175W,0,-0.71824116,0.10444396734237671,0.9700897336006165,0.8345503807067871
YDR288W,YOR373W,0,-0.7194326,0.10443275421857834,0.9700897336006165,0.8346503973007202
YHR153C,YOR065W,0,-0.71961665,0.10442154854536057,0.9700897336006165,0.8347504138946533
YLR411W,YDR352W,0,-0.7197566,0.10441034287214279,0.9700897336006165,0.8348504304885864
YBR079C,YNL251C,0,-0.7203147,0.10439914464950562,0.9700897336006165,0.8349505066871643
YHR080C,YLR341W,0,-0.7211147,0.10438793897628784,0.9700897336006165,0.8350505232810974
YBL055C,YKL033W,0,-0.7214023,0.10437674075365067,0.9700897336006165,0.8351505398750305
YOL075C,YOR346W,0,-0.72207713,0.10436554998159409,0.9700897336006165,0.8352505564689636
YMR165C,YNL116W,0,-0.7221991,0.10435435175895691,0.9700897336006165,0.8353506326675415
YOR079C,YER145C,1,-0.7223159,0.10445040464401245,0.9710867404937744,0.8353506326675415
YLR055C,YHR150W,0,-0.72318125,0.10443919897079468,0.9710867404937744,0.8354506492614746
YER086W,YGR060W,0,-0.72395754,0.1044280081987381,0.9710867404937744,0.8355506658554077
YDL075W,YFL056C,0,-0.72498727,0.10441680997610092,0.9710867404937744,0.8356506824493408
YER111C,YBR123C,0,-0.725677,0.10440561920404434,0.9710867404937744,0.8357506990432739
YDL180W,YGL205W,0,-0.7262186,0.10439442843198776,0.9710867404937744,0.8358507752418518
YOR045W,YMR051C,0,-0.7268195,0.10438323765993118,0.9710867404937744,0.8359507918357849
YBR110W,YGR152C,0,-0.7269162,0.1043720543384552,0.9710867404937744,0.836050808429718
YKL008C,YOR339C,0,-0.7271503,0.10436087101697922,0.9710867404937744,0.8361508250236511
YIL030C,YDL109C,0,-0.72765577,0.10434968769550323,0.9710867404937744,0.836250901222229
YOR242C,YAR050W,0,-0.72847867,0.10433851182460785,0.9710867404937744,0.8363509178161621
YDR191W,YEL005C,0,-0.7286744,0.10432733595371246,0.9710867404937744,0.8364509344100952
YDR225W,YPL155C,0,-0.7287297,0.10431616008281708,0.9710867404937744,0.8365509510040283
YKL042W,YML016C,0,-0.72896326,0.10430499166250229,0.9710867404937744,0.8366509675979614
YDR165W,YIL114C,0,-0.72914803,0.1042938232421875,0.9710867404937744,0.8367510437965393
YPL202C,YJL056C,1,-0.73046994,0.1043897196650505,0.9720837473869324,0.8367510437965393
YBL090W,YML054C,0,-0.73091036,0.10437854379415512,0.9720837473869324,0.8368510603904724
YNR016C,YDL220C,0,-0.7309126,0.10436737537384033,0.9720837473869324,0.8369510769844055
YML087C,YGR156W,0,-0.73132175,0.10435619950294495,0.9720837473869324,0.8370510935783386
YBR022W,YMR055C,0,-0.73215175,0.10434503108263016,0.9720837473869324,0.8371511697769165
YMR139W,YDR330W,0,-0.73220676,0.10433387011289597,0.9720837473869324,0.8372511863708496
YNR046W,YBR121C,0,-0.73233634,0.10432270169258118,0.9720837473869324,0.8373512029647827
YNL177C,YPL101W,0,-0.73283386,0.10431154072284698,0.9720837473869324,0.8374512195587158
YER123W,YDR279W,0,-0.73327196,0.10430038720369339,0.9720837473869324,0.8375512361526489
YOR372C,YOL039W,0,-0.7348881,0.1042892262339592,0.9720837473869324,0.8376513123512268
YOR173W,YKL191W,0,-0.7350984,0.1042780727148056,0.9720837473869324,0.8377513289451599
YDR184C,YLR369W,0,-0.7355709,0.1042669266462326,0.9720837473869324,0.837851345539093
YOR226C,YDR205W,1,-0.7356721,0.10436270385980606,0.9730807542800903,0.837851345539093
YJR160C,YDR450W,0,-0.7362964,0.10435154289007187,0.9730807542800903,0.8379513621330261
YNL278W,YFL041W,0,-0.73630154,0.10434038937091827,0.9730807542800903,0.838051438331604
YGR274C,YKL221W,0,-0.73638093,0.10432923585176468,0.9730807542800903,0.8381514549255371
YPR007C,YHR113W,0,-0.7365148,0.10431808233261108,0.9730807542800903,0.8382514715194702
YLR052W,YGR148C,0,-0.7366695,0.10430693626403809,0.9730807542800903,0.8383514881134033
YML102W,YEL016C,0,-0.73786104,0.10429579019546509,0.9730807542800903,0.8384515643119812
YKR086W,YGR241C,0,-0.73792493,0.10428464412689209,0.9730807542800903,0.8385515809059143
YOL032W,YER044C-A,0,-0.73893905,0.10427350550889969,0.9730807542800903,0.8386515974998474
YML121W,YML014W,0,-0.7390092,0.10426236689090729,0.9730807542800903,0.8387516140937805
YLR022C,YMR080C,0,-0.73921156,0.10425122827291489,0.9730807542800903,0.8388516306877136
YCR091W,YPL155C,0,-0.7406738,0.10424009710550308,0.9730807542800903,0.8389517068862915
YFR027W,YCR072C,0,-0.74071884,0.10422895848751068,0.9730807542800903,0.8390517234802246
YML040W,YPL172C,0,-0.7412839,0.10421783477067947,0.9730807542800903,0.8391517400741577
YNL311C,YGL245W,0,-0.74148655,0.10420670360326767,0.9730807542800903,0.8392517566680908
YEL009C,YNR019W,0,-0.7421756,0.10419557988643646,0.9730807542800903,0.8393518328666687
YGL234W,YOL117W,0,-0.74261713,0.10418445616960526,0.9730807542800903,0.8394518494606018
YGR212W,YGL090W,0,-0.7426406,0.10417333990335464,0.9730807542800903,0.8395518660545349
YKR045C,YPR097W,0,-0.7446823,0.10416221618652344,0.9730807542800903,0.839651882648468
YLR315W,YGR128C,0,-0.74507517,0.10415110737085342,0.9730807542800903,0.8397518992424011
YDR408C,YGL160W,0,-0.74596167,0.10413999110460281,0.9730807542800903,0.839851975440979
YNL066W,YCL044C,0,-0.7463117,0.1041288822889328,0.9730807542800903,0.8399519920349121
YML088W,YPL233W,0,-0.7470282,0.10411777347326279,0.9730807542800903,0.8400520086288452
YML047C,YJR009C,0,-0.74745965,0.10410666465759277,0.9730807542800903,0.8401520252227783
YGR188C,YNL083W,0,-0.74773496,0.10409556329250336,0.9730807542800903,0.8402521014213562
YPL226W,YOR043W,0,-0.74801785,0.10408446192741394,0.9730807542800903,0.8403521180152893
YER015W,YDR244W,0,-0.7487228,0.10407336056232452,0.9730807542800903,0.8404521346092224
YPL130W,YPR184W,0,-0.74932146,0.1040622666478157,0.9730807542800903,0.8405521512031555
YLR284C,YIL172C,0,-0.7495463,0.10405117273330688,0.9730807542800903,0.8406521677970886
YIL138C,YER160C,0,-0.7505887,0.10404007881879807,0.9730807542800903,0.8407522439956665
YBR245C,YPL248C,0,-0.751067,0.10402899235486984,0.9730807542800903,0.8408522605895996
YKL012W,YMR154C,0,-0.75150377,0.10401790589094162,0.9730807542800903,0.8409522771835327
YJL092W,YNL087W,0,-0.7515745,0.1040068194270134,0.9730807542800903,0.8410522937774658
YHR141C,YHL035C,0,-0.7519627,0.10399574041366577,0.9730807542800903,0.8411523699760437
YDL064W,YHL008C,0,-0.7525676,0.10398466140031815,0.9730807542800903,0.8412523865699768
YCR003W,YPR005C,0,-0.75334454,0.10397358238697052,0.9730807542800903,0.8413524031639099
YGR183C,YLR284C,0,-0.75354755,0.1039625033736229,0.9730807542800903,0.841452419757843
YGL160W,YKR081C,0,-0.753664,0.10395143181085587,0.9730807542800903,0.8415524363517761
YCR065W,YDR425W,0,-0.7538252,0.10394036024808884,0.9730807542800903,0.841652512550354
YJL125C,YBL064C,0,-0.75437057,0.1039292961359024,0.9730807542800903,0.8417525291442871
YMR286W,YNR071C,0,-0.75448513,0.10391822457313538,0.9730807542800903,0.8418525457382202
YOL158C,YDR492W,1,-0.75536996,0.10401362925767899,0.9740777611732483,0.8418525457382202
YOR143C,YHR150W,0,-0.75564635,0.10400255769491196,0.9740777611732483,0.8419525623321533
YGL115W,YIL115C,0,-0.75623274,0.10399148613214493,0.9740777611732483,0.8420526385307312
YJR098C,YEL021W,0,-0.75631785,0.1039804145693779,0.9740777611732483,0.8421526551246643
YGL087C,YNL327W,0,-0.75687236,0.10396935045719147,0.9740777611732483,0.8422526717185974
YGR205W,YER102W,0,-0.7572396,0.10395828634500504,0.9740777611732483,0.8423526883125305
YPR188C,YER159C,0,-0.75738955,0.1039472296833992,0.9740777611732483,0.8424527645111084
YNL064C,YHR150W,0,-0.7573936,0.10393617302179337,0.9740777611732483,0.8425527811050415
YDL122W,YLR222C,0,-0.7575389,0.10392511636018753,0.9740777611732483,0.8426527976989746
YCR037C,YJL057C,0,-0.7580217,0.1039140596985817,0.9740777611732483,0.8427528142929077
YBL014C,YGR078C,0,-0.75816184,0.10390301048755646,0.9740777611732483,0.8428528308868408
YGR068C,YGR271C-A,0,-0.75849843,0.10389196127653122,0.9740777611732483,0.8429529070854187
YNL156C,YKL107W,0,-0.75957286,0.10388091206550598,0.9740777611732483,0.8430529236793518
YLR215C,YKL197C,0,-0.7596499,0.10386987030506134,0.9740777611732483,0.8431529402732849
YLR246W,YPL090C,0,-0.7600564,0.1038588285446167,0.9740777611732483,0.843252956867218
YLR194C,YDL153C,0,-0.7606598,0.10384778678417206,0.9740777611732483,0.8433530330657959
YDR236C,YDR009W,0,-0.76079446,0.10383675247430801,0.9740777611732483,0.843453049659729
YIL026C,YNL101W,0,-0.7608894,0.10382571816444397,0.9740777611732483,0.8435530662536621
YOL105C,YEL061C,0,-0.7625514,0.10381468385457993,0.9740777611732483,0.8436530828475952
YBL014C,YER014W,0,-0.7629473,0.10380365699529648,0.9740777611732483,0.8437530994415283
YIL074C,YNR048W,0,-0.76323473,0.10379263013601303,0.9740777611732483,0.8438531756401062
YNL316C,YCL054W,0,-0.76386845,0.10378160327672958,0.9740777611732483,0.8439531922340393
YJL025W,YNL091W,0,-0.7643413,0.10377057641744614,0.9740777611732483,0.8440532088279724
YGL222C,YBR152W,0,-0.76471055,0.10375955700874329,0.9740777611732483,0.8441532254219055
YMR125W,YPR168W,0,-0.7652466,0.10374853760004044,0.9740777611732483,0.8442533016204834
YIL037C,YDR084C,0,-0.76554364,0.10373752564191818,0.9740777611732483,0.8443533182144165
YOL149W,YEL016C,0,-0.76556045,0.10372651368379593,0.9740777611732483,0.8444533348083496
YOR143C,YGR152C,0,-0.76598144,0.10371550172567368,0.9740777611732483,0.8445533514022827
YHL008C,YGR004W,0,-0.76616645,0.10370448976755142,0.9740777611732483,0.8446533679962158
YER045C,YJR095W,0,-0.76638234,0.10369348526000977,0.9740777611732483,0.8447534441947937
YBR215W,YMR260C,0,-0.7672106,0.10368248075246811,0.9740777611732483,0.8448534607887268
YPR018W,YIL016W,0,-0.76778483,0.10367147624492645,0.9740777611732483,0.8449534773826599
YBR254C,YJL133W,0,-0.76804507,0.1036604791879654,0.9740777611732483,0.845053493976593
YAL021C,YGL065C,0,-0.76926315,0.10364948213100433,0.9740777611732483,0.8451535701751709
YML037C,YIL038C,0,-0.7693684,0.10363848507404327,0.9740777611732483,0.845253586769104
YGR109C,YPL187W,0,-0.76957136,0.10362749546766281,0.9740777611732483,0.8453536033630371
YJL035C,YMR207C,0,-0.76984763,0.10361650586128235,0.9740777611732483,0.8454536199569702
YOR191W,YLR337C,0,-0.76986146,0.10360551625490189,0.9740777611732483,0.8455536365509033
YCL075W,YDL178W,0,-0.7716588,0.10359452664852142,0.9740777611732483,0.8456537127494812
YGR189C,YDR246W,0,-0.7732527,0.10358354449272156,0.9740777611732483,0.8457537293434143
YHR169W,YMR063W,0,-0.7750332,0.10357256233692169,0.9740777611732483,0.8458537459373474
YOR224C,YHR158C,0,-0.77546686,0.10356158763170242,0.9740777611732483,0.8459537625312805
YBR213W,YHR183W,0,-0.77599436,0.10355061292648315,0.9740777611732483,0.8460538387298584
YMR042W,YJR060W,0,-0.7767992,0.10353963822126389,0.9740777611732483,0.8461538553237915
YER007C-A,YNR073C,0,-0.7775222,0.10352866351604462,0.9740777611732483,0.8462538719177246
YGR109C,YGR194C,0,-0.7778283,0.10351769626140594,0.9740777611732483,0.8463538885116577
YBR200W,YDR402C,0,-0.77929175,0.10350672900676727,0.9740777611732483,0.8464539647102356
YML106W,YDR134C,0,-0.77957535,0.1034957617521286,0.9740777611732483,0.8465539813041687
YNL186W,YDR385W,0,-0.77975017,0.10348480194807053,0.9740777611732483,0.8466539978981018
YBR239C,YGL047W,0,-0.78000283,0.10347384214401245,0.9740777611732483,0.8467540144920349
YNL278W,YPL249C,0,-0.78147566,0.10346288233995438,0.9740777611732483,0.846854031085968
YMR307W,YBR012W-A,0,-0.78153515,0.1034519299864769,0.9740777611732483,0.8469541072845459
YDR312W,YKR003W,0,-0.7820394,0.10344097763299942,0.9740777611732483,0.847054123878479
YDR184C,YOR087W,0,-0.7824743,0.10343002527952194,0.9740777611732483,0.8471541404724121
YPR009W,YPR096C,0,-0.78258395,0.10341907292604446,0.9740777611732483,0.8472541570663452
YPR101W,YMR053C,0,-0.7825964,0.10340812802314758,0.9740777611732483,0.8473542332649231
YLR004C,YMR023C,0,-0.7827076,0.1033971831202507,0.9740777611732483,0.8474542498588562
YJR027W,YPL162C,0,-0.7827199,0.10338624566793442,0.9740777611732483,0.8475542664527893
YMR235C,YHR158C,0,-0.78312224,0.10337530076503754,0.9740777611732483,0.8476542830467224
YMR291W,YJL189W,0,-0.7834877,0.10336437076330185,0.9740777611732483,0.8477542996406555
YOL034W,YNR063W,0,-0.78397197,0.10335343331098557,0.9740777611732483,0.8478543758392334
YDR418W,YDL105W,0,-0.7856157,0.10334250330924988,0.9740777611732483,0.8479543924331665
YMR290C,YIL049W,0,-0.7861791,0.10333157330751419,0.9740777611732483,0.8480544090270996
YHL003C,YPR121W,0,-0.78693116,0.1033206433057785,0.9740777611732483,0.8481544256210327
YPR057W,YJR097W,0,-0.7873186,0.10330972075462341,0.9740777611732483,0.8482545018196106
YOR252W,YDR139C,0,-0.7874996,0.10329879820346832,0.9740777611732483,0.8483545184135437
YCL019W,YOL012C,0,-0.788011,0.10328787565231323,0.9740777611732483,0.8484545350074768
YLL016W,YPR097W,0,-0.78918475,0.10327695310115814,0.9740777611732483,0.8485545516014099
YLR147C,YOR372C,0,-0.7895032,0.10326603800058365,0.9740777611732483,0.848654568195343
YPL145C,YOL121C,0,-0.7896352,0.10325512290000916,0.9740777611732483,0.8487546443939209
YLR318W,YPR086W,0,-0.7901318,0.10324421525001526,0.9740777611732483,0.848854660987854
YMR217W,YGL226W,0,-0.790346,0.10323330760002136,0.9740777611732483,0.8489546775817871
YPL003W,YKL198C,0,-0.7907459,0.10322239995002747,0.9740777611732483,0.8490546941757202
YLL057C,YDR120C,0,-0.7925117,0.10321149230003357,0.9740777611732483,0.8491547703742981
YMR262W,YDR221W,0,-0.7926593,0.10320059210062027,0.9740777611732483,0.8492547869682312
YJR134C,YPL076W,0,-0.7930497,0.10318969190120697,0.9740777611732483,0.8493548035621643
YCR039C,YLR081W,0,-0.7931315,0.10317879170179367,0.9740777611732483,0.8494548201560974
YMR158W,YLR210W,0,-0.79392123,0.10316789895296097,0.9740777611732483,0.8495548367500305
YOR284W,YKL134C,0,-0.7940389,0.10315700620412827,0.9740777611732483,0.8496549129486084
YML133C,YCL035C,0,-0.79411083,0.10314611345529556,0.9740777611732483,0.8497549295425415
YBL093C,YAR066W,0,-0.7943382,0.10313522815704346,0.9740777611732483,0.8498549461364746
YMR092C,YHR143W-A,0,-0.7947484,0.10312434285879135,0.9740777611732483,0.8499549627304077
YPL061W,YJR095W,0,-0.7958282,0.10311345756053925,0.9740777611732483,0.8500550389289856
YGL136C,YJL168C,0,-0.7961811,0.10310257226228714,0.9740777611732483,0.8501550555229187
YML066C,YKL208W,0,-0.79678273,0.10309169441461563,0.9740777611732483,0.8502550721168518
YIL096C,YPL195W,0,-0.7976625,0.10308081656694412,0.9740777611732483,0.8503550887107849
YHR148W,YLR234W,0,-0.79771847,0.10306994616985321,0.9740777611732483,0.8504551649093628
YHR019C,YOL115W,0,-0.7978164,0.1030590683221817,0.9740777611732483,0.8505551815032959
YLR058C,YNL029C,0,-0.79783654,0.10304820537567139,0.9740777611732483,0.850655198097229
YPL176C,YJL069C,0,-0.7984087,0.10303733497858047,0.9740777611732483,0.8507552146911621
YMR216C,YOR226C,1,-0.8002794,0.10313192009925842,0.9750747680664062,0.8507552146911621
YGL135W,YHR044C,0,-0.8003205,0.10312104225158691,0.9750747680664062,0.8508552312850952
YHR021C,YHL021C,0,-0.80042064,0.103110171854496,0.9750747680664062,0.8509553074836731
YIL101C,YBR001C,0,-0.80057836,0.10309930145740509,0.9750747680664062,0.8510553240776062
YGL201C,YDR439W,0,-0.8010442,0.10308843851089478,0.9750747680664062,0.8511553406715393
YPL135W,YAR018C,0,-0.8015437,0.10307756811380386,0.9750747680664062,0.8512553572654724
YMR042W,YHL047C,0,-0.8016656,0.10306670516729355,0.9750747680664062,0.8513554334640503
YLL005C,YER016W,0,-0.80187345,0.10305584967136383,0.9750747680664062,0.8514554500579834
YKR067W,YNL002C,0,-0.8021009,0.10304498672485352,0.9750747680664062,0.8515554666519165
YLR442C,YGL249W,0,-0.8029578,0.1030341312289238,0.9750747680664062,0.8516554832458496
YER172C,YCL045C,0,-0.80352753,0.10302328318357468,0.9750747680664062,0.8517554998397827
YGL126W,YPL055C,0,-0.80363595,0.10301242768764496,0.9750747680664062,0.8518555760383606
YNL151C,YGL090W,0,-0.80373144,0.10300157964229584,0.9750747680664062,0.8519555926322937
YDL042C,YKR083C,0,-0.8047081,0.10299073159694672,0.9750747680664062,0.8520556092262268
YFL044C,YOR083W,0,-0.8062083,0.10297989100217819,0.9750747680664062,0.8521556258201599
YDR440W,YDL147W,0,-0.80731016,0.10296904295682907,0.9750747680664062,0.8522557020187378
YNL072W,YER114C,0,-0.8073784,0.10295820981264114,0.9750747680664062,0.8523557186126709
YML088W,YPL269W,0,-0.8076904,0.10294736921787262,0.9750747680664062,0.852455735206604
YKR027W,YJR160C,0,-0.8086598,0.10293653607368469,0.9750747680664062,0.8525557518005371
YPR148C,YOR284W,0,-0.808763,0.10292570292949677,0.9750747680664062,0.8526557683944702
YDR313C,YMR023C,0,-0.80911416,0.10291486978530884,0.9750747680664062,0.8527558445930481
YIL131C,YLR288C,0,-0.80926573,0.10290404409170151,0.9750747680664062,0.8528558611869812
YHR001W,YCL066W,0,-0.80990064,0.10289321094751358,0.9750747680664062,0.8529558777809143
YML092C,YJR120W,0,-0.80999714,0.10288239270448685,0.9750747680664062,0.8530558943748474
YMR214W,YNL318C,0,-0.810184,0.10287156701087952,0.9750747680664062,0.8531559705734253
YIL043C,YDR020C,0,-0.8102312,0.10286074876785278,0.9750747680664062,0.8532559871673584
YJL074C,YIL018W,0,-0.81024224,0.10284993052482605,0.9750747680664062,0.8533560037612915
YMR091C,YOR319W,0,-0.81237876,0.10283911973237991,0.9750747680664062,0.8534560203552246
YBR015C,YKL154W,0,-0.81267416,0.10282830148935318,0.9750747680664062,0.8535560965538025
YLR276C,YKL005C,0,-0.8130134,0.10281749069690704,0.9750747680664062,0.8536561131477356
YIL138C,YCL064C,0,-0.81343776,0.1028066873550415,0.9750747680664062,0.8537561297416687
YHR152W,YBL002W,0,-0.8136876,0.10279587656259537,0.9750747680664062,0.8538561463356018
YBR154C,YNL270C,0,-0.81372297,0.10278507322072983,0.9750747680664062,0.8539561629295349
YER109C,YGR184C,0,-0.8139942,0.10277427732944489,0.9750747680664062,0.8540562391281128
YPR107C,YLR135W,0,-0.81429034,0.10276347398757935,0.9750747680664062,0.8541562557220459
YGL223C,YDR184C,0,-0.81470597,0.1027526780962944,0.9750747680664062,0.854256272315979
YLR453C,YDL213C,0,-0.8147255,0.10274188220500946,0.9750747680664062,0.8543562889099121
YKR081C,YDR002W,0,-0.81549764,0.10273109376430511,0.9750747680664062,0.85445636510849
YJL174W,YGL065C,0,-0.8164294,0.10272030532360077,0.9750747680664062,0.8545563817024231
YMR204C,YOL147C,0,-0.8164747,0.10270951688289642,0.9750747680664062,0.8546563982963562
YDR117C,YEL077C,0,-0.81690425,0.10269872844219208,0.9750747680664062,0.8547564148902893
YPL063W,YGR152C,0,-0.81740296,0.10268794745206833,0.9750747680664062,0.8548564314842224
YLR084C,YLL067C,0,-0.8174545,0.10267716646194458,0.9750747680664062,0.8549565076828003
YDL166C,YPL124W,0,-0.8181194,0.10266638547182083,0.9750747680664062,0.8550565242767334
YGR129W,YGR289C,0,-0.81858444,0.10265561193227768,0.9750747680664062,0.8551565408706665
YBR039W,YBL019W,0,-0.8186525,0.10264483839273453,0.9750747680664062,0.8552565574645996
YLR308W,YLR324W,0,-0.81873024,0.10263406485319138,0.9750747680664062,0.8553566336631775
YJR143C,YOR271C,0,-0.81898,0.10262329131364822,0.9750747680664062,0.8554566502571106
YMR131C,YHR017W,0,-0.81925166,0.10261252522468567,0.9750747680664062,0.8555566668510437
YLR240W,YBL055C,0,-0.8193059,0.10260175913572311,0.9750747680664062,0.8556566834449768
YPR168W,YOL027C,0,-0.8196721,0.10259100049734116,0.9750747680664062,0.8557567000389099
YDR186C,YJL014W,0,-0.8204825,0.1025802418589592,0.9750747680664062,0.8558567762374878
YOR036W,YDR437W,0,-0.8208586,0.10256948322057724,0.9750747680664062,0.8559567928314209
YNL056W,YNL038W,0,-0.8209762,0.10255872458219528,0.9750747680664062,0.856056809425354
YJL145W,YDR040C,0,-0.8229664,0.10254797339439392,0.9750747680664062,0.8561568260192871
YLR083C,YJR035W,0,-0.8230958,0.10253722220659256,0.9750747680664062,0.856256902217865
YLR035C,YPR023C,0,-0.8231808,0.1025264710187912,0.9750747680664062,0.8563569188117981
YPR188C,YPL176C,0,-0.82368803,0.10251571983098984,0.9750747680664062,0.8564569354057312
YDL052C,YPL121C,0,-0.82396436,0.10250497609376907,0.9750747680664062,0.8565569519996643
YGR104C,YLR357W,0,-0.8244731,0.10249423235654831,0.9750747680664062,0.8566569685935974
YNL164C,YKL185W,0,-0.82466364,0.10248349606990814,0.9750747680664062,0.8567570447921753
YPL280W,YPL146C,0,-0.8252758,0.10247275978326797,0.9750747680664062,0.8568570613861084
YMR277W,YMR243C,0,-0.8254951,0.10246202349662781,0.9750747680664062,0.8569570779800415
YJL083W,YFL016C,0,-0.8257575,0.10245128720998764,0.9750747680664062,0.8570570945739746
YLR135W,YIR004W,0,-0.8263762,0.10244055837392807,0.9750747680664062,0.8571571707725525
YFR037C,YOR059C,0,-0.8264825,0.1024298295378685,0.9750747680664062,0.8572571873664856
YKR045C,YGR006W,0,-0.82666194,0.10241910070180893,0.9750747680664062,0.8573572039604187
YNL257C,YDR448W,0,-0.82733905,0.10240837931632996,0.9750747680664062,0.8574572205543518
YLR345W,YIL131C,0,-0.82834536,0.10239765793085098,0.9750747680664062,0.8575572967529297
YLL035W,YHR107C,0,-0.82847965,0.10238693654537201,0.9750747680664062,0.8576573133468628
YBL022C,YBL088C,0,-0.83026075,0.10237621515989304,0.9750747680664062,0.8577573299407959
YOL080C,YEL038W,0,-0.83032805,0.10236550122499466,0.9750747680664062,0.857857346534729
YPL056C,YNL197C,0,-0.83039784,0.10235478729009628,0.9750747680664062,0.8579573631286621
YHR139C,YPL123C,0,-0.8312281,0.1023440733551979,0.9750747680664062,0.85805743932724
YER032W,YDR180W,0,-0.8313814,0.10233336687088013,0.9750747680664062,0.8581574559211731
YJL035C,YHR042W,0,-0.8317262,0.10232266038656235,0.9750747680664062,0.8582574725151062
YDR145W,YPR066W,0,-0.8318574,0.10231195390224457,0.9750747680664062,0.8583574891090393
YOR346W,YPL155C,0,-0.83195317,0.10230125486850739,0.9750747680664062,0.8584575653076172
YDR522C,YIL044C,0,-0.832304,0.1022905558347702,0.9750747680664062,0.8585575819015503
YDR406W,YML019W,0,-0.83240056,0.10227985680103302,0.9750747680664062,0.8586575984954834
YLR249W,YKL191W,0,-0.8348714,0.10226916521787643,0.9750747680664062,0.8587576150894165
YGL195W,YGR061C,0,-0.8352096,0.10225846618413925,0.9750747680664062,0.8588576316833496
YFL052W,YOR001W,0,-0.8354324,0.10224778205156326,0.9750747680664062,0.8589577078819275
YEL061C,YML064C,0,-0.83551204,0.10223709046840668,0.9750747680664062,0.8590577244758606
YFL050C,YJL184W,0,-0.8355418,0.10222640633583069,0.9750747680664062,0.8591577410697937
YOR179C,YNL229C,0,-0.83594716,0.1022157222032547,0.9750747680664062,0.8592577576637268
YJR129C,YLR438C-A,0,-0.83598834,0.10220503807067871,0.9750747680664062,0.8593578338623047
YIL084C,YJL026W,0,-0.8388593,0.10219435393810272,0.9750747680664062,0.8594578504562378
YGL253W,YNL024C,0,-0.83892626,0.10218367725610733,0.9750747680664062,0.8595578670501709
YER096W,YGR088W,0,-0.83981293,0.10217300802469254,0.9750747680664062,0.859657883644104
YER118C,YFL009W,0,-0.8398285,0.10216233134269714,0.9750747680664062,0.8597579002380371
YML092C,YHL022C,0,-0.8406464,0.10215166211128235,0.9750747680664062,0.859857976436615
YGL257C,YGL145W,0,-0.8424019,0.10214099287986755,0.9750747680664062,0.8599579930305481
YDR398W,YIL013C,0,-0.84362984,0.10213032364845276,0.9750747680664062,0.8600580096244812
YHL040C,YLR234W,0,-0.84364796,0.10211966186761856,0.9750747680664062,0.8601580262184143
YOL031C,YPR065W,0,-0.84501755,0.10210900008678436,0.9750747680664062,0.8602581024169922
YMR216C,YJR134C,0,-0.8458482,0.10209833830595016,0.9750747680664062,0.8603581190109253
YOR069W,YDR301W,0,-0.8462806,0.10208768397569656,0.9750747680664062,0.8604581356048584
YMR094W,YGL087C,0,-0.84649193,0.10207702964544296,0.9750747680664062,0.8605581521987915
YLR308W,YOL003C,0,-0.84670305,0.10206637531518936,0.9750747680664062,0.8606581687927246
YGR128C,YDR287W,0,-0.8479345,0.10205572098493576,0.9750747680664062,0.8607582449913025
YBR231C,YHR065C,0,-0.8494352,0.10204507410526276,0.9750747680664062,0.8608582615852356
YGL033W,YNL091W,0,-0.8501518,0.10203442722558975,0.9750747680664062,0.8609582781791687
YDR040C,YDL154W,0,-0.8503158,0.10202378779649734,0.9750747680664062,0.8610582947731018
YER028C,YAR008W,0,-0.8506363,0.10201314091682434,0.9750747680664062,0.8611583709716797
YKL188C,YBL004W,0,-0.8509003,0.10200250148773193,0.9750747680664062,0.8612583875656128
YPR036W,YPR186C,0,-0.85143954,0.10199186205863953,0.9750747680664062,0.8613584041595459
YLR318W,YLL067C,0,-0.8519009,0.10198123008012772,0.9750747680664062,0.861458420753479
YDR399W,YCR066W,0,-0.8522612,0.1019705981016159,0.9750747680664062,0.8615584969520569
YNL075W,YLR007W,0,-0.85319483,0.1019599661231041,0.9750747680664062,0.86165851354599
YGR030C,YDR110W,0,-0.8537226,0.10194934159517288,0.9750747680664062,0.8617585301399231
YGR277C,YER028C,0,-0.8538291,0.10193870961666107,0.9750747680664062,0.8618585467338562
YGR098C,YBR009C,0,-0.8541658,0.10192808508872986,0.9750747680664062,0.8619585633277893
YDL076C,YPL123C,0,-0.85418993,0.10191746801137924,0.9750747680664062,0.8620586395263672
YIR036C,YJR048W,0,-0.8542491,0.10190684348344803,0.9750747680664062,0.8621586561203003
YBR094W,YDR367W,0,-0.8542905,0.10189622640609741,0.9750747680664062,0.8622586727142334
YPR081C,YDR363W,0,-0.8543172,0.10188561677932739,0.9750747680664062,0.8623586893081665
YFR037C,YFL036W,0,-0.8543195,0.10187499970197678,0.9750747680664062,0.8624587655067444
YDR348C,YEL038W,0,-0.8546958,0.10186439007520676,0.9750747680664062,0.8625587821006775
YGR103W,YDR439W,0,-0.8548549,0.10185378044843674,0.9750747680664062,0.8626587986946106
YDR298C,YNR071C,0,-0.85488826,0.10184317082166672,0.9750747680664062,0.8627588152885437
YDR522C,YER014W,0,-0.8549435,0.1018325686454773,0.9750747680664062,0.8628588318824768
YDL213C,YDR235W,0,-0.85503316,0.10182196646928787,0.9750747680664062,0.8629589080810547
YOR100C,YLR234W,0,-0.85514224,0.10181136429309845,0.9750747680664062,0.8630589246749878
YJL001W,YBL023C,0,-0.8556161,0.10180076956748962,0.9750747680664062,0.8631589412689209
YIL131C,YML072C,0,-0.85605013,0.1017901748418808,0.9750747680664062,0.863258957862854
YCR042C,YHR105W,0,-0.8561625,0.10177958011627197,0.9750747680664062,0.8633590340614319
YGR054W,YMR263W,0,-0.85621005,0.10176899284124374,0.9750747680664062,0.863459050655365
YDL230W,YNL164C,0,-0.8563542,0.10175839811563492,0.9750747680664062,0.8635590672492981
YHR073W,YDL211C,0,-0.8564251,0.10174781829118729,0.9750747680664062,0.8636590838432312
YPR086W,YER018C,0,-0.8571189,0.10173723101615906,0.9750747680664062,0.8637591004371643
YPR082C,YNL166C,0,-0.85728234,0.10172665119171143,0.9750747680664062,0.8638591766357422
YPR066W,YOR341W,0,-0.8574605,0.1017160713672638,0.9750747680664062,0.8639591932296753
YLR315W,YKL110C,0,-0.8574633,0.10170549154281616,0.9750747680664062,0.8640592098236084
YOR226C,YDR492W,1,-0.8574656,0.1017988994717598,0.9760717749595642,0.8640592098236084
YBR175W,YHR032W,0,-0.857507,0.10178831219673157,0.9760717749595642,0.8641592264175415
YER099C,YBR267W,0,-0.85771537,0.10177773237228394,0.9760717749595642,0.8642593026161194
YDR478W,YLR441C,0,-0.8578928,0.1017671525478363,0.9760717749595642,0.8643593192100525
YOR267C,YDR492W,1,-0.8588806,0.10186051577329636,0.9770687818527222,0.8643593192100525
YGR116W,YHR081W,0,-0.859051,0.10184992849826813,0.9770687818527222,0.8644593358039856
YMR127C,YKL048C,0,-0.8597342,0.1018393412232399,0.9770687818527222,0.8645593523979187
YIL009W,YJR126C,0,-0.859807,0.10182876139879227,0.9770687818527222,0.8646593689918518
YDR038C,YDL105W,0,-0.86014247,0.10181818157434464,0.9770687818527222,0.8647594451904297
YCL027W,YPR017C,0,-0.8604349,0.101807601749897,0.9770687818527222,0.8648594617843628
YMR106C,YJR073C,0,-0.8624246,0.10179702937602997,0.9770687818527222,0.8649594783782959
YDL166C,YKR048C,0,-0.8631327,0.10178645700216293,0.9770687818527222,0.865059494972229
YLR256W,YDR439W,0,-0.8634924,0.1017758846282959,0.9770687818527222,0.8651595711708069
YNL328C,YJL065C,0,-0.8657143,0.10176531970500946,0.9770687818527222,0.86525958776474
YIL031W,YHR027C,0,-0.8658463,0.10175474733114243,0.9770687818527222,0.8653596043586731
YJL157C,YLR007W,0,-0.8659879,0.10174418240785599,0.9770687818527222,0.8654596209526062
YMR242C,YOR290C,0,-0.86760235,0.10173362493515015,0.9770687818527222,0.8655596971511841
YBR088C,YPL038W,0,-0.86830366,0.1017230674624443,0.9770687818527222,0.8656597137451172
YJR158W,YOR368W,0,-0.86911154,0.10171250998973846,0.9770687818527222,0.8657597303390503
YMR029C,YPL030W,0,-0.8691127,0.10170195251703262,0.9770687818527222,0.8658597469329834
YOR181W,YJL010C,0,-0.87094086,0.10169139504432678,0.9770687818527222,0.8659597635269165
YAL032C,YDR165W,0,-0.8709859,0.10168084502220154,0.9770687818527222,0.8660598397254944
YNL148C,YDR341C,0,-0.8710389,0.1016702950000763,0.9770687818527222,0.8661598563194275
YER143W,YDL114W,0,-0.8715128,0.10165975242853165,0.9770687818527222,0.8662598729133606
YOR229W,YMR055C,0,-0.8717451,0.101649209856987,0.9770687818527222,0.8663598895072937
YNL072W,YLR364W,0,-0.87327135,0.10163866728544235,0.9770687818527222,0.8664599657058716
YGL168W,YHR089C,0,-0.8733226,0.1016281247138977,0.9770687818527222,0.8665599822998047
YDR365C,YDL049C,0,-0.8735428,0.10161758959293365,0.9770687818527222,0.8666599988937378
YHR039C-A,YDR205W,1,-0.87363636,0.1017107293009758,0.9780657887458801,0.8666599988937378
YCL063W,YFR003C,0,-0.8745965,0.10170018672943115,0.9780657887458801,0.8667600154876709
YOR174W,YPL141C,0,-0.87482625,0.1016896441578865,0.9780657887458801,0.866860032081604
YDR468C,YOR259C,0,-0.87530047,0.10167910158634186,0.9780657887458801,0.8669601082801819
YKL048C,YMR221C,0,-0.8763726,0.10166856646537781,0.9780657887458801,0.867060124874115
YKL175W,YMR301C,1,-0.8766311,0.10176166146993637,0.9790627956390381,0.867060124874115
YDL166C,YHR141C,0,-0.8767706,0.10175111144781113,0.9790627956390381,0.8671601414680481
YML085C,YNL021W,0,-0.87706405,0.10174056887626648,0.9790627956390381,0.8672601580619812
YCR034W,YDR134C,0,-0.8778372,0.10173003375530243,0.9790627956390381,0.8673602342605591
YPL097W,YCR092C,0,-0.8781508,0.10171949118375778,0.9790627956390381,0.8674602508544922
YIL070C,YER126C,0,-0.87843597,0.10170895606279373,0.9790627956390381,0.8675602674484253
YOL128C,YGL093W,0,-0.8784505,0.10169842839241028,0.9790627956390381,0.8676602840423584
YBR169C,YDR506C,0,-0.87845623,0.10168789327144623,0.9790627956390381,0.8677603006362915
YOL089C,YHR143W-A,0,-0.87847763,0.10167736560106277,0.9790627956390381,0.8678603768348694
YPL210C,YGL205W,0,-0.87859607,0.10166683793067932,0.9790627956390381,0.8679603934288025
YOL101C,YLR023C,1,-0.87906563,0.10175983607769012,0.980059802532196,0.8679603934288025
YBR009C,YHR105W,0,-0.8798047,0.10174930095672607,0.980059802532196,0.8680604100227356
YIL150C,YPL026C,0,-0.8807395,0.10173877328634262,0.980059802532196,0.8681604266166687
YLR249W,YKR010C,0,-0.8808893,0.10172823816537857,0.980059802532196,0.8682605028152466
YOR077W,YIR022W,0,-0.8809593,0.10171771794557571,0.980059802532196,0.8683605194091797
YLL005C,YJL111W,0,-0.88172716,0.10170719027519226,0.980059802532196,0.8684605360031128
YGR271C-A,YDR463W,0,-0.8824717,0.1016966700553894,0.980059802532196,0.8685605525970459
YJL125C,YPL174C,0,-0.88279545,0.10168614983558655,0.980059802532196,0.868660569190979
YHR185C,YNR012W,0,-0.88287675,0.10167562961578369,0.980059802532196,0.8687606453895569
YHR149C,YGR262C,0,-0.8831012,0.10166511684656143,0.980059802532196,0.86886066198349
YLR004C,YMR080C,0,-0.883477,0.10165460407733917,0.980059802532196,0.8689606785774231
YNR056C,YLL011W,0,-0.88354075,0.10164409130811691,0.980059802532196,0.8690606951713562
YLR277C,YBL100W-B,0,-0.8835605,0.10163357853889465,0.980059802532196,0.8691607713699341
YOL069W,YJR084W,0,-0.88360626,0.10162307322025299,0.980059802532196,0.8692607879638672
YHR094C,YOR016C,0,-0.88361454,0.10161256790161133,0.980059802532196,0.8693608045578003
YKL101W,YNL210W,0,-0.8836849,0.10160207003355026,0.980059802532196,0.8694608211517334
YPL168W,YER140W,0,-0.8840722,0.1015915647149086,0.980059802532196,0.8695608973503113
YNL188W,YDR073W,0,-0.88575995,0.10158106684684753,0.980059802532196,0.8696609139442444
YJR029W,YOR061W,0,-0.88633835,0.10157056897878647,0.980059802532196,0.8697609305381775
YLR342W,YOR339C,0,-0.8865956,0.101560078561306,0.980059802532196,0.8698609471321106
YPL189W,YGR191W,0,-0.8886895,0.10154958814382553,0.980059802532196,0.8699609637260437
YGL232W,YPL046C,0,-0.88964605,0.10153909772634506,0.980059802532196,0.8700610399246216
YNR038W,YJL012C,0,-0.89050007,0.1015286073088646,0.980059802532196,0.8701610565185547
YLR448W,YOR233W,0,-0.89084494,0.10151812434196472,0.980059802532196,0.8702610731124878
YNR032W,YBR193C,0,-0.8912029,0.10150764137506485,0.980059802532196,0.8703610897064209
YJR041C,YBR028C,0,-0.8919425,0.10149715840816498,0.980059802532196,0.8704611659049988
YPL162C,YOR258W,0,-0.8928837,0.1014866828918457,0.980059802532196,0.8705611824989319
YHR152W,YLL022C,0,-0.8955132,0.10147620737552643,0.980059802532196,0.870661199092865
YBR302C,YLR340W,0,-0.89559114,0.10146573185920715,0.980059802532196,0.8707612156867981
YIL138C,YLR079W,0,-0.8957745,0.10145525634288788,0.980059802532196,0.8708612322807312
YKR099W,YML054C,0,-0.8960336,0.1014447882771492,0.980059802532196,0.8709613084793091
YMR164C,YJL051W,0,-0.8976028,0.10143432021141052,0.980059802532196,0.8710613250732422
YDL156W,YML115C,0,-0.8991996,0.10142385214567184,0.980059802532196,0.8711613416671753
YCL026C-A,YJL208C,0,-0.8993894,0.10141339153051376,0.980059802532196,0.8712613582611084
YER060W-A,YOL140W,0,-0.89977944,0.10140293091535568,0.980059802532196,0.8713614344596863
YML092C,YGR120C,0,-0.89982575,0.1013924703001976,0.980059802532196,0.8714614510536194
YDL075W,YGR001C,0,-0.8999027,0.10138200968503952,0.980059802532196,0.8715614676475525
YDR464W,YLR424W,0,-0.9001148,0.10137155652046204,0.980059802532196,0.8716614842414856
YER071C,YCR043C,0,-0.90080273,0.10136110335588455,0.980059802532196,0.8717615008354187
YGR159C,YPL170W,0,-0.900851,0.10135065764188766,0.980059802532196,0.8718615770339966
YHR039C,YPR175W,0,-0.9028553,0.10134020447731018,0.980059802532196,0.8719615936279297
YCL068C,YJR131W,0,-0.90521044,0.1013297587633133,0.980059802532196,0.8720616102218628
YJL014W,YHR034C,0,-0.90572023,0.1013193130493164,0.980059802532196,0.8721616268157959
YER061C,YJL189W,0,-0.9057871,0.10130887478590012,0.980059802532196,0.8722617030143738
YOR127W,YIR033W,0,-0.9058043,0.10129843652248383,0.980059802532196,0.8723617196083069
YHR203C,YKL197C,0,-0.9061763,0.10128799825906754,0.980059802532196,0.87246173620224
YLR178C,YIL070C,0,-0.90693235,0.10127755999565125,0.980059802532196,0.8725617527961731
YHL019C,YNR056C,0,-0.90699655,0.10126712918281555,0.980059802532196,0.8726617693901062
YOL032W,YCR034W,0,-0.90832764,0.10125669836997986,0.980059802532196,0.8727618455886841
YMR058W,YMR301C,1,-0.9087504,0.10134926438331604,0.981056809425354,0.8727618455886841
YGL029W,YJL170C,0,-0.9096825,0.10133882611989975,0.981056809425354,0.8728618621826172
YPR101W,YJL047C,0,-0.90975004,0.10132838785648346,0.981056809425354,0.8729618787765503
YJL014W,YHR088W,0,-0.9097753,0.10131795704364777,0.981056809425354,0.8730618953704834
YOL146W,YDR377W,0,-0.9102555,0.10130752623081207,0.981056809425354,0.8731619715690613
YOL034W,YOR027W,0,-0.9106318,0.10129709541797638,0.981056809425354,0.8732619881629944
YBL063W,YER114C,0,-0.9113487,0.10128667205572128,0.981056809425354,0.8733620047569275
YKR024C,YMR152W,0,-0.91169345,0.10127624869346619,0.981056809425354,0.8734620213508606
YNL256W,YMR198W,0,-0.9122455,0.10126582533121109,0.981056809425354,0.8735620975494385
YBR298C,YML014W,0,-0.9124517,0.101255401968956,0.981056809425354,0.8736621141433716
YJR002W,YDR409W,0,-0.91377395,0.1012449860572815,0.981056809425354,0.8737621307373047
YIL130W,YKL127W,0,-0.9141477,0.101234570145607,0.981056809425354,0.8738621473312378
YDL014W,YDR073W,0,-0.915173,0.1012241542339325,0.981056809425354,0.8739621639251709
YLR175W,YGR076C,0,-0.91536325,0.101213738322258,0.981056809425354,0.8740622401237488
YMR199W,YLR272C,0,-0.91552335,0.10120332986116409,0.981056809425354,0.8741622567176819
YPR023C,YPR010C,0,-0.91564965,0.10119292140007019,0.981056809425354,0.874262273311615
YMR286W,YOR091W,0,-0.9163994,0.10118252038955688,0.981056809425354,0.8743622899055481
YBR131W,YOL097C,0,-0.9187205,0.10117211937904358,0.981056809425354,0.874462366104126
YJL180C,YOL152W,0,-0.92020446,0.10116171836853027,0.981056809425354,0.8745623826980591
YDL065C,YIL110W,0,-0.92060417,0.10115131735801697,0.981056809425354,0.8746623992919922
YOR267C,YIL035C,1,-0.92074305,0.10124370455741882,0.982053816318512,0.8746623992919922
YIR003W,YER051W,0,-0.9223435,0.10123329609632492,0.982053816318512,0.8747624158859253
YNL339C,YPR118W,0,-0.9237036,0.10122289508581161,0.982053816318512,0.8748624324798584
YKR092C,YDR303C,0,-0.9242859,0.10121249407529831,0.982053816318512,0.8749625086784363
YKR079C,YDR017C,0,-0.9251917,0.101202093064785,0.982053816318512,0.8750625252723694
YPL268W,YJR125C,0,-0.9252071,0.1011916995048523,0.982053816318512,0.8751625418663025
YLR467W,YGL171W,0,-0.92580986,0.10118130594491959,0.982053816318512,0.8752625584602356
YDL115C,YGR008C,0,-0.9281517,0.10117091238498688,0.982053816318512,0.8753626346588135
YER120W,YMR217W,0,-0.9284781,0.10116051882505417,0.982053816318512,0.8754626512527466
YBR188C,YMR163C,0,-0.92867386,0.10115013271570206,0.982053816318512,0.8755626678466797
YLR276C,YGR047C,0,-0.9289133,0.10113974660634995,0.982053816318512,0.8756626844406128
YNL207W,YER164W,0,-0.9294325,0.10112936049699783,0.982053816318512,0.8757627010345459
YJL069C,YOR315W,0,-0.93026173,0.10111898183822632,0.982053816318512,0.8758627772331238
YMR001C,YPL280W,0,-0.93216133,0.1011086031794548,0.982053816318512,0.8759627938270569
YCR077C,YDR522C,0,-0.9322293,0.10109822452068329,0.982053816318512,0.87606281042099
YER056C-A,YMR291W,0,-0.93242705,0.10108784586191177,0.982053816318512,0.8761628270149231
YNL229C,YJL050W,0,-0.93342596,0.10107747465372086,0.982053816318512,0.876262903213501
YHR154W,YKL184W,0,-0.9334341,0.10106710344552994,0.982053816318512,0.8763629198074341
YBL091C,YBR164C,0,-0.93361783,0.10105673223733902,0.982053816318512,0.8764629364013672
YKL028W,YFR037C,0,-0.9345236,0.1010463684797287,0.982053816318512,0.8765629529953003
YNL254C,YLR223C,0,-0.9355038,0.10103600472211838,0.982053816318512,0.8766629695892334
YHR205W,YDR479C,0,-0.93601286,0.10102564096450806,0.982053816318512,0.8767630457878113
YGL018C,YGR096W,0,-0.93667114,0.10101527720689774,0.982053816318512,0.8768630623817444
YHR099W,YKR039W,0,-0.9368726,0.10100492089986801,0.982053816318512,0.8769630789756775
YOL027C,YOL101C,1,-0.9378641,0.10109709948301315,0.9830508232116699,0.8769630789756775
YDR116C,YGL171W,0,-0.9392542,0.10108673572540283,0.9830508232116699,0.8770630955696106
YOL125W,YCR004C,0,-0.9393462,0.10107637196779251,0.9830508232116699,0.8771631717681885
YDR227W,YOR190W,0,-0.9394708,0.10106600821018219,0.9830508232116699,0.8772631883621216
YPL246C,YER166W,0,-0.9394889,0.10105565190315247,0.9830508232116699,0.8773632049560547
YPL117C,YOR119C,0,-0.9397633,0.10104529559612274,0.9830508232116699,0.8774632215499878
YLL015W,YDR479C,0,-0.9407846,0.10103493928909302,0.9830508232116699,0.8775632977485657
YGR212W,YGR224W,0,-0.9413439,0.10102459043264389,0.9830508232116699,0.8776633143424988
YDL128W,YHR060W,1,-0.9421023,0.10111668705940247,0.9840478301048279,0.8776633143424988
YPL086C,YFL031W,0,-0.94223505,0.10110633075237274,0.9840478301048279,0.8777633309364319
YOL077C,YML010W,0,-0.94242334,0.10109597444534302,0.9840478301048279,0.877863347530365
YLL036C,YML064C,0,-0.9428059,0.1010856181383133,0.9840478301048279,0.8779633641242981
YLR061W,YNR027W,0,-0.9428778,0.10107526928186417,0.9840478301048279,0.878063440322876
YDR060W,YML094W,0,-0.9436637,0.10106492042541504,0.9840478301048279,0.8781634569168091
YGR198W,YJR095W,0,-0.94420326,0.10105457156896591,0.9840478301048279,0.8782634735107422
YMR282C,YCL067C,0,-0.94447744,0.10104422271251678,0.9840478301048279,0.8783634901046753
YPL175W,YHR206W,0,-0.94454825,0.10103388130664825,0.9840478301048279,0.8784635663032532
YHL011C,YPR178W,0,-0.9448242,0.10102353990077972,0.9840478301048279,0.8785635828971863
YBL055C,YDR168W,0,-0.9449411,0.10101320594549179,0.9840478301048279,0.8786635994911194
YCL048W,YJR015W,0,-0.9450267,0.10100286453962326,0.9840478301048279,0.8787636160850525
YLR147C,YDL153C,0,-0.9452743,0.10099253058433533,0.9840478301048279,0.8788636326789856
YHR142W,YOL156W,0,-0.9468261,0.1009821966290474,0.9840478301048279,0.8789637088775635
YGR103W,YIL138C,0,-0.94693756,0.10097187012434006,0.9840478301048279,0.8790637254714966
YOR061W,YLR369W,1,-0.9470041,0.10106383264064789,0.9850448369979858,0.8790637254714966
YGL064C,YLR170C,0,-0.9474497,0.10105349123477936,0.9850448369979858,0.8791637420654297
YHR099W,YNL268W,0,-0.9482273,0.10104315727949142,0.9850448369979858,0.8792637586593628
YKL173W,YBL023C,0,-0.95013195,0.10103282332420349,0.9850448369979858,0.8793638348579407
YGR165W,YPL214C,0,-0.9502185,0.10102249681949615,0.9850448369979858,0.8794638514518738
YKL110C,YCR066W,0,-0.9504388,0.10101216286420822,0.9850448369979858,0.8795638680458069
YKR049C,YIR037W,0,-0.9507829,0.10100184381008148,0.9850448369979858,0.87966388463974
YDL240W,YGR289C,0,-0.9534924,0.10099151730537415,0.9850448369979858,0.8797639012336731
YMR162C,YMR051C,0,-0.9537616,0.10098119080066681,0.9850448369979858,0.879863977432251
YEL021W,YGL141W,0,-0.9538342,0.10097087174654007,0.9850448369979858,0.8799639940261841
YJL108C,YKL140W,0,-0.95408374,0.10096055269241333,0.9850448369979858,0.8800640106201172
YER127W,YMR060C,0,-0.9542538,0.10095024108886719,0.9850448369979858,0.8801640272140503
YLR210W,YDR510W,0,-0.95462984,0.10093992948532104,0.9850448369979858,0.8802641034126282
YHR147C,YIL033C,0,-0.95561594,0.1009296178817749,0.9850448369979858,0.8803641200065613
YBR009C,YDL112W,0,-0.9561405,0.10091930627822876,0.9850448369979858,0.8804641366004944
YOR224C,YHR187W,0,-0.95662445,0.10090899467468262,0.9850448369979858,0.8805641531944275
YLR352W,YPL212C,0,-0.95698667,0.10089869052171707,0.9850448369979858,0.8806641697883606
YOR118W,YLR405W,0,-0.9572839,0.10088838636875153,0.9850448369979858,0.8807642459869385
YER147C,YLL038C,0,-0.95738965,0.10087808966636658,0.9850448369979858,0.8808642625808716
YOL149W,YMR231W,0,-0.95876294,0.10086779296398163,0.9850448369979858,0.8809642791748047
YDL149W,YPR112C,0,-0.9589699,0.10085749626159668,0.9850448369979858,0.8810642957687378
YFL011W,YDR264C,0,-0.95927286,0.10084719955921173,0.9850448369979858,0.8811643719673157
YPL120W,YCL061C,0,-0.95932496,0.10083690285682678,0.9850448369979858,0.8812643885612488
YLR194C,YNL139C,0,-0.95966583,0.10082661360502243,0.9850448369979858,0.8813644051551819
YOR022C,YDL211C,0,-0.96058136,0.10081632435321808,0.9850448369979858,0.881464421749115
YGR030C,YEL061C,0,-0.961396,0.10080604255199432,0.9850448369979858,0.8815644979476929
YAL021C,YHR090C,0,-0.9617937,0.10079575330018997,0.9850448369979858,0.881664514541626
YMR052W,YML059C,0,-0.96212614,0.10078547149896622,0.9850448369979858,0.8817645311355591
YBR012W-A,YNL218W,0,-0.9627407,0.10077519714832306,0.9850448369979858,0.8818645477294922
YLR347C,YCR097W,0,-0.963016,0.1007649153470993,0.9850448369979858,0.8819645643234253
YIL096C,YKR086W,0,-0.96316195,0.10075464099645615,0.9850448369979858,0.8820646405220032
YPL097W,YPL101W,0,-0.96410334,0.10074436664581299,0.9850448369979858,0.8821646571159363
YEL017C-A,YGR068C,0,-0.9647633,0.10073409229516983,0.9850448369979858,0.8822646737098694
YPR007C,YJL145W,0,-0.9651087,0.10072382539510727,0.9850448369979858,0.8823646903038025
YHR081W,YOR094W,0,-0.9653519,0.10071355849504471,0.9850448369979858,0.8824647665023804
YJL209W,YDL092W,0,-0.96642256,0.10070329159498215,0.9850448369979858,0.8825647830963135
YOR198C,YGR006W,0,-0.9672212,0.10069303214550018,0.9850448369979858,0.8826647996902466
YPR098C,YLR093C,0,-0.9675432,0.10068276524543762,0.9850448369979858,0.8827648162841797
YMR282C,YDR178W,0,-0.9678794,0.10067250579595566,0.9850448369979858,0.8828648328781128
YGL002W,YOL139C,0,-0.96790177,0.10066225379705429,0.9850448369979858,0.8829649090766907
YCL048W,YBR022W,0,-0.9680996,0.10065199434757233,0.9850448369979858,0.8830649256706238
YEL006W,YPL118W,0,-0.96852607,0.10064174234867096,0.9850448369979858,0.8831649422645569
YGR154C,YCL016C,0,-0.9702014,0.10063149034976959,0.9850448369979858,0.88326495885849
YPL016W,YLL067C,0,-0.9706995,0.10062124580144882,0.9850448369979858,0.8833650350570679
YOL006C,YMR313C,0,-0.97110903,0.10061100125312805,0.9850448369979858,0.883465051651001
YCL026C-A,YGR148C,0,-0.9715477,0.10060075670480728,0.9850448369979858,0.8835650682449341
YHR141C,YPL051W,0,-0.9722265,0.10059051215648651,0.9850448369979858,0.8836650848388672
YNL299W,YPL158C,0,-0.9725347,0.10058026760816574,0.9850448369979858,0.8837651014328003
YIL158W,YJR099W,0,-0.973583,0.10057003051042557,0.9850448369979858,0.8838651776313782
YHL040C,YKL197C,0,-0.97373176,0.1005597934126854,0.9850448369979858,0.8839651942253113
YLR362W,YKL029C,0,-0.9758088,0.10054956376552582,0.9850448369979858,0.8840652108192444
YOR124C,YDR358W,0,-0.97626567,0.10053933411836624,0.9850448369979858,0.8841652274131775
YEL026W,YBR214W,0,-0.97672236,0.10052909702062607,0.9850448369979858,0.8842653036117554
YOR257W,YER030W,0,-0.97689843,0.10051887482404709,0.9850448369979858,0.8843653202056885
YGL136C,YOL110W,0,-0.97699237,0.10050864517688751,0.9850448369979858,0.8844653367996216
YBR231C,YNL097C,0,-0.9772228,0.10049842298030853,0.9850448369979858,0.8845653533935547
YJL108C,YDR438W,0,-0.9774107,0.10048820078372955,0.9850448369979858,0.8846653699874878
YLR061W,YGL017W,0,-0.97753847,0.10047797858715057,0.9850448369979858,0.8847654461860657
YHR079C-A,YIL027C,0,-0.9779319,0.10046776384115219,0.9850448369979858,0.8848654627799988
YHR076W,YOR083W,0,-0.9802706,0.10045754909515381,0.9850448369979858,0.8849654793739319
YPL058C,YDL160C,0,-0.980572,0.10044733434915543,0.9850448369979858,0.885065495967865
YKL042W,YPL228W,0,-0.9811522,0.10043712705373764,0.9850448369979858,0.8851655721664429
YMR156C,YOR260W,0,-0.9814226,0.10042691975831985,0.9850448369979858,0.885265588760376
YBR215W,YOL077C,0,-0.9822087,0.10041671246290207,0.9850448369979858,0.8853656053543091
YLR368W,YHR203C,0,-0.98230755,0.10040650516748428,0.9850448369979858,0.8854656219482422
YDR468C,YAL048C,0,-0.98324823,0.1003962978720665,0.9850448369979858,0.8855656981468201
YNR048W,YKL055C,0,-0.98657405,0.10038609802722931,0.9850448369979858,0.8856657147407532
YJL059W,YHR140W,0,-0.9870415,0.10037589818239212,0.9850448369979858,0.8857657313346863
YLR222C,YKR042W,0,-0.98711866,0.10036570578813553,0.9850448369979858,0.8858657479286194
YOR048C,YFL005W,0,-0.9871418,0.10035551339387894,0.9850448369979858,0.8859657645225525
YLR051C,YLR057W,0,-0.98715734,0.10034532099962234,0.9850448369979858,0.8860658407211304
YDR471W,YJR102C,0,-0.9881005,0.10033512860536575,0.9850448369979858,0.8861658573150635
YOL077C,YLR373C,0,-0.98887503,0.10032493621110916,0.9850448369979858,0.8862658739089966
YHR032W,YKR105C,0,-0.98895466,0.10031475126743317,0.9850448369979858,0.8863658905029297
YOR252W,YDR486C,0,-0.9890484,0.10030456632375717,0.9850448369979858,0.8864659667015076
YKR079C,YMR165C,0,-0.98954093,0.10029438883066177,0.9850448369979858,0.8865659832954407
YMR094W,YPL058C,0,-0.9903352,0.10028420388698578,0.9850448369979858,0.8866659998893738
YER038C,YJL208C,0,-0.9910803,0.10027402639389038,0.9850448369979858,0.8867660164833069
YPL143W,YNL206C,0,-0.9933164,0.10026384890079498,0.9850448369979858,0.88686603307724
YNL023C,YNL189W,0,-0.99387646,0.10025367885828018,0.9850448369979858,0.8869661092758179
YGR292W,YNL024C,0,-0.993936,0.10024350881576538,0.9850448369979858,0.887066125869751
YDR365C,YOR017W,0,-0.9956002,0.10023333877325058,0.9850448369979858,0.8871661424636841
YML037C,YDR377W,0,-0.99699855,0.10022316873073578,0.9850448369979858,0.8872661590576172
YGR103W,YDR201W,0,-0.9970357,0.10021300613880157,0.9850448369979858,0.8873662352561951
YKL100C,YIL008W,0,-0.9970479,0.10020283609628677,0.9850448369979858,0.8874662518501282
YKL101W,YJL184W,0,-0.997201,0.10019268095493317,0.9850448369979858,0.8875662684440613
YBL009W,YGR172C,0,-0.99790055,0.10018251836299896,0.9850448369979858,0.8876662850379944
YIL101C,YOL122C,0,-0.99816835,0.10017236322164536,0.9850448369979858,0.8877663016319275
YNL218W,YNL145W,0,-0.9986024,0.10016220808029175,0.9850448369979858,0.8878663778305054
YHR129C,YDR202C,0,-0.99884725,0.10015205293893814,0.9850448369979858,0.8879663944244385
YJL198W,YCR063W,0,-0.999032,0.10014189779758453,0.9850448369979858,0.8880664110183716
YPR042C,YKL004W,0,-1.0003015,0.10013175010681152,0.9850448369979858,0.8881664276123047
YHR079C-A,YGL207W,0,-1.0010616,0.10012160241603851,0.9850448369979858,0.8882665038108826
YML013W,YPL192C,0,-1.0015055,0.1001114621758461,0.9850448369979858,0.8883665204048157
YDR018C,YER126C,0,-1.001835,0.10010131448507309,0.9850448369979858,0.8884665369987488
YNL119W,YNR012W,0,-1.0019176,0.10009117424488068,0.9850448369979858,0.8885665535926819
YHR157W,YBL084C,0,-1.0022601,0.10008103400468826,0.9850448369979858,0.888666570186615
YMR192W,YKL181W,0,-1.0024058,0.10007090121507645,0.9850448369979858,0.8887666463851929
YHR013C,YLR432W,0,-1.0027466,0.10006076842546463,0.9850448369979858,0.888866662979126
YIR023W,YDR424C,0,-1.0044446,0.10005063563585281,0.9850448369979858,0.8889666795730591
YNL103W,YHR011W,0,-1.0045273,0.100040502846241,0.9850448369979858,0.8890666961669922
YGR212W,YBR123C,0,-1.0048028,0.10003037005662918,0.9850448369979858,0.8891667723655701
YCR071C,YKL155C,0,-1.0048746,0.10002024471759796,0.9850448369979858,0.8892667889595032
YOL088C,YML098W,0,-1.0053161,0.10001011937856674,0.9850448369979858,0.8893668055534363
YML034W,YBL100W-B,0,-1.0058373,0.10000000149011612,0.9850448369979858,0.8894668221473694
YPR007C,YKL028W,0,-1.0060065,0.0999898761510849,0.9850448369979858,0.8895668983459473
YOL132W,YDR238C,0,-1.0064114,0.09997975826263428,0.9850448369979858,0.8896669149398804
YPR133C,YOR308C,0,-1.0069777,0.09996964782476425,0.9850448369979858,0.8897669315338135
YGL201C,YOR272W,0,-1.0076442,0.09995952993631363,0.9850448369979858,0.8898669481277466
YLL021W,YDR447C,0,-1.0084169,0.0999494194984436,0.9850448369979858,0.8899669647216797
YKL024C,YKL081W,0,-1.0089227,0.09993930906057358,0.9850448369979858,0.8900670409202576
YDR101C,YMR098C,0,-1.0119058,0.09992919862270355,0.9850448369979858,0.8901670575141907
YER021W,YKR105C,0,-1.012138,0.09991909563541412,0.9850448369979858,0.8902670741081238
YGR041W,YDL008W,0,-1.0130255,0.0999089926481247,0.9850448369979858,0.8903670907020569
YKL088W,YDR312W,0,-1.0135212,0.09989888966083527,0.9850448369979858,0.8904671669006348
YDR354W,YER044C-A,0,-1.0142761,0.09988878667354584,0.9850448369979858,0.8905671834945679
YPL175W,YDL239C,0,-1.0146353,0.099878691136837,0.9850448369979858,0.890667200088501
YMR009W,YML042W,0,-1.015444,0.09986859560012817,0.9850448369979858,0.8907672166824341
YKL191W,YAL001C,0,-1.0157177,0.09985850006341934,0.9850448369979858,0.8908672332763672
YHR172W,YBR087W,0,-1.0171084,0.09984841197729111,0.9850448369979858,0.8909673094749451
YOR384W,YJL104W,0,-1.0179099,0.09983831644058228,0.9850448369979858,0.8910673260688782
YPL226W,YMR060C,0,-1.0182552,0.09982822835445404,0.9850448369979858,0.8911673426628113
YDL060W,YHR116W,0,-1.0183522,0.0998181477189064,0.9850448369979858,0.8912673592567444
YLR242C,YDL064W,0,-1.0185174,0.09980805963277817,0.9850448369979858,0.8913674354553223
YGR217W,YDR014W,0,-1.0189149,0.09979797899723053,0.9850448369979858,0.8914674520492554
YMR230W,YKL208W,0,-1.0190296,0.09978789836168289,0.9850448369979858,0.8915674686431885
YMR130W,YDR365C,0,-1.0197381,0.09977782517671585,0.9850448369979858,0.8916674852371216
YMR060C,YNL194C,0,-1.0201412,0.09976774454116821,0.9850448369979858,0.8917675018310547
YML029W,YML041C,0,-1.0201509,0.09975767135620117,0.9850448369979858,0.8918675780296326
YIL099W,YBR045C,0,-1.020364,0.09974760562181473,0.9850448369979858,0.8919675946235657
YDL143W,YPL032C,0,-1.0205936,0.09973753243684769,0.9850448369979858,0.8920676112174988
YBR299W,YDR448W,0,-1.0211972,0.09972746670246124,0.9850448369979858,0.8921676278114319
YDR113C,YHR117W,0,-1.0214126,0.0997174009680748,0.9850448369979858,0.8922677040100098
YGR063C,YDR480W,0,-1.0215282,0.09970733523368835,0.9850448369979858,0.8923677206039429
YNL111C,YLR148W,0,-1.0215771,0.09969727694988251,0.9850448369979858,0.892467737197876
YMR050C,YGL141W,0,-1.0222205,0.09968721866607666,0.9850448369979858,0.8925677537918091
YBR110W,YHR070W,0,-1.0222608,0.09967716038227081,0.9850448369979858,0.892667829990387
YGR087C,YER056C-A,0,-1.0225915,0.09966710209846497,0.9850448369979858,0.8927678465843201
YBR050C,YJR094W-A,0,-1.0226849,0.09965705126523972,0.9850448369979858,0.8928678631782532
YHR166C,YBR050C,0,-1.0237414,0.09964700043201447,0.9850448369979858,0.8929678797721863
YDR121W,YKR050W,0,-1.0238851,0.09963694959878922,0.9850448369979858,0.8930678963661194
YOL157C,YAL026C,0,-1.023912,0.09962690621614456,0.9850448369979858,0.8931679725646973
YOL067C,YDR361C,0,-1.0244317,0.09961685538291931,0.9850448369979858,0.8932679891586304
YGL018C,YJL065C,0,-1.0249615,0.09960681200027466,0.9850448369979858,0.8933680057525635
YLR011W,YEL077C,0,-1.0251405,0.0995967760682106,0.9850448369979858,0.8934680223464966
YDR126W,YDL049C,0,-1.0281898,0.09958673268556595,0.9850448369979858,0.8935680985450745
YDL204W,YMR081C,0,-1.0282401,0.09957669675350189,0.9850448369979858,0.8936681151390076
YKR025W,YPL268W,0,-1.0289769,0.09956666082143784,0.9850448369979858,0.8937681317329407
YNL275W,YPL086C,0,-1.029003,0.09955663233995438,0.9850448369979858,0.8938681483268738
YDL165W,YER111C,0,-1.0317364,0.09954659640789032,0.9850448369979858,0.8939681649208069
YPR032W,YBR121C,0,-1.031795,0.09953656792640686,0.9850448369979858,0.8940682411193848
YPL162C,YDR352W,0,-1.0320076,0.099526546895504,0.9850448369979858,0.8941682577133179
YEL020C,YBL009W,0,-1.032469,0.09951651841402054,0.9850448369979858,0.894268274307251
YBR240C,YML040W,0,-1.0340414,0.09950649738311768,0.9850448369979858,0.8943682909011841
YGL055W,YCL066W,0,-1.0341977,0.09949647635221481,0.9850448369979858,0.894468367099762
YJR135C,YGL070C,0,-1.0346959,0.09948645532131195,0.9850448369979858,0.8945683836936951
YDR267C,YEL060C,0,-1.0347509,0.09947644174098969,0.9850448369979858,0.8946684002876282
YMR266W,YKR024C,0,-1.0352542,0.09946642816066742,0.9850448369979858,0.8947684168815613
YNL005C,YKL113C,0,-1.0354154,0.09945641458034515,0.9850448369979858,0.8948684334754944
YIL096C,YNL047C,0,-1.035595,0.09944640100002289,0.9850448369979858,0.8949685096740723
YKL006C-A,YML124C,0,-1.0357624,0.09943639487028122,0.9850448369979858,0.8950685262680054
YOR129C,YGL044C,0,-1.0363512,0.09942638874053955,0.9850448369979858,0.8951685428619385
YJL203W,YDL100C,0,-1.0372167,0.09941638261079788,0.9850448369979858,0.8952685594558716
YNR023W,YGR048W,0,-1.0373743,0.09940637648105621,0.9850448369979858,0.8953686356544495
YER088C,YKL164C,0,-1.0381539,0.09939637780189514,0.9850448369979858,0.8954686522483826
YGL076C,YDR224C,0,-1.0382552,0.09938637912273407,0.9850448369979858,0.8955686688423157
YGL168W,YMR243C,0,-1.0384603,0.099376380443573,0.9850448369979858,0.8956686854362488
YBR009C,YDL129W,0,-1.0385023,0.09936638921499252,0.9850448369979858,0.8957687020301819
YNL029C,YOL149W,0,-1.0389314,0.09935639798641205,0.9850448369979858,0.8958687782287598
YNL183C,YGR158C,0,-1.039718,0.09934640675783157,0.9850448369979858,0.8959687948226929
YGR103W,YLR357W,0,-1.0400376,0.0993364155292511,0.9850448369979858,0.896068811416626
YDR228C,YPL209C,0,-1.0403777,0.09932643175125122,0.9850448369979858,0.8961688280105591
YAL056W,YDR168W,0,-1.0424821,0.09931644797325134,0.9850448369979858,0.896268904209137
YER176W,YNL164C,0,-1.0425303,0.09930646419525146,0.9850448369979858,0.8963689208030701
YJL109C,YDR482C,0,-1.04272,0.09929648041725159,0.9850448369979858,0.8964689373970032
YJR135C,YPL192C,0,-1.043308,0.0992865040898323,0.9850448369979858,0.8965689539909363
YBR012W-A,YBL060W,0,-1.0442071,0.09927652776241302,0.9850448369979858,0.8966690301895142
YPL253C,YPR041W,0,-1.0453618,0.09926655143499374,0.9850448369979858,0.8967690467834473
YIL130W,YOL092W,0,-1.0460489,0.09925658255815506,0.9850448369979858,0.8968690633773804
YMR306W,YPR164W,0,-1.0472347,0.09924660623073578,0.9850448369979858,0.8969690799713135
YPR009W,YBR049C,0,-1.0478206,0.09923664480447769,0.9850448369979858,0.8970690965652466
YDR441C,YER147C,0,-1.0483108,0.09922667592763901,0.9850448369979858,0.8971691727638245
YDR436W,YHR194W,1,-1.0491216,0.09931713342666626,0.9860419034957886,0.8971691727638245
YHR091C,YPL253C,0,-1.0496724,0.09930715709924698,0.9860419034957886,0.8972691893577576
YPL018W,YDR311W,0,-1.0508286,0.0992971882224083,0.9860419034957886,0.8973692059516907
YIR021W,YMR235C,0,-1.0511655,0.09928721934556961,0.9860419034957886,0.8974692225456238
YDR128W,YIL022W,0,-1.0527275,0.09927725046873093,0.9860419034957886,0.8975692987442017
YER072W,YDR477W,0,-1.0544469,0.09926728904247284,0.9860419034957886,0.8976693153381348
YOR113W,YLR172C,0,-1.0545468,0.09925732761621475,0.9860419034957886,0.8977693319320679
YGL201C,YDR013W,0,-1.0547221,0.09924736618995667,0.9860419034957886,0.897869348526001
YGL016W,YBR088C,0,-1.0572845,0.09923740476369858,0.9860419034957886,0.8979693651199341
YDR324C,YKR105C,0,-1.0574825,0.09922745078802109,0.9860419034957886,0.898069441318512
YFL061W,YDR180W,0,-1.0581625,0.0992174968123436,0.9860419034957886,0.8981694579124451
YDL240W,YPL207W,0,-1.0603272,0.09920754283666611,0.9860419034957886,0.8982694745063782
YDR478W,YOR018W,0,-1.0606428,0.09919759631156921,0.9860419034957886,0.8983694911003113
YMR050C,YER114C,0,-1.0613537,0.09918764233589172,0.9860419034957886,0.8984695672988892
YDL017W,YOR205C,0,-1.0617862,0.09917769581079483,0.9860419034957886,0.8985695838928223
YGR033C,YDR235W,0,-1.061856,0.09916774928569794,0.9860419034957886,0.8986696004867554
YDR184C,YPL173W,0,-1.0625615,0.09915781021118164,0.9860419034957886,0.8987696170806885
YOL132W,YJR058C,0,-1.0626237,0.09914787113666534,0.9860419034957886,0.8988696336746216
YAR010C,YBL055C,0,-1.0626281,0.09913793206214905,0.9860419034957886,0.8989697098731995
YCL067C,YHR006W,0,-1.0629923,0.09912799298763275,0.9860419034957886,0.8990697264671326
YBR084C-A,YPR022C,0,-1.0630993,0.09911806136369705,0.9860419034957886,0.8991697430610657
YBR136W,YDR175C,0,-1.0637374,0.09910812973976135,0.9860419034957886,0.8992697596549988
YLR083C,YDR130C,0,-1.0644755,0.09909819811582565,0.9860419034957886,0.8993698358535767
YDR540C,YLR068W,0,-1.0652827,0.09908826649188995,0.9860419034957886,0.8994698524475098
YIR008C,YGR283C,0,-1.0664763,0.09907834231853485,0.9860419034957886,0.8995698690414429
YNL311C,YHR042W,0,-1.066529,0.09906841814517975,0.9860419034957886,0.899669885635376
YLR411W,YCL044C,0,-1.0667186,0.09905849397182465,0.9860419034957886,0.8997699022293091
YDR117C,YER030W,0,-1.0673487,0.09904856979846954,0.9860419034957886,0.899869978427887
YLR406C,YPL224C,0,-1.0675296,0.09903865307569504,0.9860419034957886,0.8999699950218201
YJR046W,YJL050W,0,-1.0678618,0.09902873635292053,0.9860419034957886,0.9000700116157532
YMR323W,YBR133C,0,-1.0685134,0.09901881963014603,0.9860419034957886,0.9001700282096863
YKL091C,YGL156W,0,-1.0685441,0.09900891035795212,0.9860419034957886,0.9002701044082642
YBR004C,YJR041C,0,-1.0705059,0.09899900108575821,0.9860419034957886,0.9003701210021973
YDL106C,YDR036C,0,-1.0706947,0.0989890918135643,0.9860419034957886,0.9004701375961304
YER063W,YNL086W,0,-1.0712105,0.09897918254137039,0.9860419034957886,0.9005701541900635
YOR127W,YLR238W,0,-1.0712738,0.09896928071975708,0.9860419034957886,0.9006702303886414
YPR102C,YNL145W,0,-1.071667,0.09895937889814377,0.9860419034957886,0.9007702469825745
YDL209C,YDR052C,0,-1.072123,0.09894947707653046,0.9860419034957886,0.9008702635765076
YJR108W,YML023C,0,-1.072364,0.09893957525491714,0.9860419034957886,0.9009702801704407
YLL036C,YBL027W,0,-1.072868,0.09892968088388443,0.9860419034957886,0.9010702967643738
YLR249W,YHL033C,0,-1.0735891,0.09891978651285172,0.9860419034957886,0.9011703729629517
YKL018W,YLR396C,0,-1.0736165,0.098909892141819,0.9860419034957886,0.9012703895568848
YDR506C,YDR287W,0,-1.0736283,0.09889999777078629,0.9860419034957886,0.9013704061508179
YDL003W,YNL294C,0,-1.0736542,0.09889011085033417,0.9860419034957886,0.901470422744751
YBR199W,YCL054W,0,-1.0743154,0.09888022392988205,0.9860419034957886,0.9015704989433289
YML010W,YPR061C,0,-1.0751481,0.09887033700942993,0.9860419034957886,0.901670515537262
YER081W,YPL076W,0,-1.0752335,0.09886045753955841,0.9860419034957886,0.9017705321311951
YLR292C,YBR058C,0,-1.0763805,0.09885057806968689,0.9860419034957886,0.9018705487251282
YDR098C,YJL056C,1,-1.0766805,0.09894063323736191,0.9870389103889465,0.9018705487251282
YGR266W,YPL038W,0,-1.0769544,0.09893074631690979,0.9870389103889465,0.9019705653190613
YKR025W,YCR094W,0,-1.0772619,0.09892086684703827,0.9870389103889465,0.9020706415176392
YIL148W,YDR339C,0,-1.0775067,0.09891097992658615,0.9870389103889465,0.9021706581115723
YOR334W,YAR071W,0,-1.0800885,0.09890110045671463,0.9870389103889465,0.9022706747055054
YOR007C,YJR095W,0,-1.0800905,0.09889122098684311,0.9870389103889465,0.9023706912994385
YDR532C,YKL220C,0,-1.0802151,0.09888134151697159,0.9870389103889465,0.9024707674980164
YDR256C,YJL008C,0,-1.0812619,0.09887146949768066,0.9870389103889465,0.9025707840919495
YOR030W,YML067C,0,-1.0839787,0.09886159747838974,0.9870389103889465,0.9026708006858826
YBL042C,YPL051W,0,-1.085181,0.09885172545909882,0.9870389103889465,0.9027708172798157
YCR039C,YLL011W,0,-1.0853038,0.09884185343980789,0.9870389103889465,0.9028708338737488
YGR046W,YKL191W,0,-1.0853313,0.09883198887109756,0.9870389103889465,0.9029709100723267
YMR015C,YPL181W,0,-1.0870059,0.09882211685180664,0.9870389103889465,0.9030709266662598
YEL054C,YMR197C,0,-1.0870769,0.09881225973367691,0.9870389103889465,0.9031709432601929
YMR048W,YDR352W,0,-1.087286,0.09880239516496658,0.9870389103889465,0.903270959854126
YKR090W,YMR223W,0,-1.0881536,0.09879253804683685,0.9870389103889465,0.9033710360527039
YPL162C,YJL102W,0,-1.088985,0.09878268092870712,0.9870389103889465,0.903471052646637
YKR099W,YDR071C,0,-1.0889945,0.09877282381057739,0.9870389103889465,0.9035710692405701
YGL016W,YMR281W,0,-1.0913852,0.09876296669244766,0.9870389103889465,0.9036710858345032
YDL017W,YNL086W,0,-1.091744,0.09875311702489853,0.9870389103889465,0.9037711024284363
YGR209C,YLR086W,0,-1.0919263,0.0987432673573494,0.9870389103889465,0.9038711786270142
YLR409C,YJL110C,0,-1.0926738,0.09873341768980026,0.9870389103889465,0.9039711952209473
YKR029C,YPL266W,0,-1.0927801,0.09872357547283173,0.9870389103889465,0.9040712118148804
YDL087C,YDR219C,0,-1.0927871,0.09871373325586319,0.9870389103889465,0.9041712284088135
YHR024C,YKR104W,0,-1.0938401,0.09870389103889465,0.9870389103889465,0.9042713046073914
YOL115W,YLL009C,0,-1.0943955,0.09869404882192612,0.9870389103889465,0.9043713212013245
YNR051C,YBL054W,0,-1.095215,0.09868421405553818,0.9870389103889465,0.9044713377952576
YOR312C,YGL104C,0,-1.0967945,0.09867437183856964,0.9870389103889465,0.9045713543891907
YMR283C,YLR210W,0,-1.0980796,0.0986645370721817,0.9870389103889465,0.9046714305877686
YKL221W,YLR075W,0,-1.0985705,0.09865470975637436,0.9870389103889465,0.9047714471817017
YLR263W,YGL151W,0,-1.098988,0.09864487498998642,0.9870389103889465,0.9048714637756348
YEL018W,YLR451W,0,-1.1004776,0.09863504767417908,0.9870389103889465,0.9049714803695679
YGR116W,YDR488C,0,-1.1010082,0.09862522780895233,0.9870389103889465,0.905071496963501
YEL019C,YMR119W,0,-1.1011181,0.09861540049314499,0.9870389103889465,0.9051715731620789
YDL143W,YMR167W,0,-1.1015277,0.09860558062791824,0.9870389103889465,0.905271589756012
YDR489W,YJR118C,0,-1.1017773,0.0985957607626915,0.9870389103889465,0.9053716063499451
YDR385W,YOL002C,0,-1.1030535,0.09858594089746475,0.9870389103889465,0.9054716229438782
YBL046W,YOL065C,0,-1.1035557,0.098576121032238,0.9870389103889465,0.905571699142456
YML061C,YGR004W,0,-1.1042944,0.09856630861759186,0.9870389103889465,0.9056717157363892
YLR411W,YPR174C,0,-1.1044594,0.09855649620294571,0.9870389103889465,0.9057717323303223
YKL042W,YDL223C,0,-1.1048516,0.09854668378829956,0.9870389103889465,0.9058717489242554
YOR381W,YDR492W,1,-1.1058123,0.09863641113042831,0.9880359172821045,0.9058717489242554
YGR152C,YNL176C,0,-1.1064882,0.09862659126520157,0.9880359172821045,0.9059717655181885
YPL117C,YBR186W,0,-1.1076094,0.09861677885055542,0.9880359172821045,0.9060718417167664
YGL063W,YDL168W,0,-1.1104946,0.09860696643590927,0.9880359172821045,0.9061718583106995
YOR269W,YCR027C,0,-1.1107209,0.09859715402126312,0.9880359172821045,0.9062718749046326
YDR420W,YPR165W,0,-1.1107649,0.09858734905719757,0.9880359172821045,0.9063718914985657
YPL038W,YPR140W,0,-1.11109,0.09857753664255142,0.9880359172821045,0.9064719676971436
YDR466W,YLR013W,0,-1.1112235,0.09856773167848587,0.9880359172821045,0.9065719842910767
YBL078C,YPL203W,0,-1.1121216,0.09855793416500092,0.9880359172821045,0.9066720008850098
YML024W,YHL026C,0,-1.1126665,0.09854812920093536,0.9880359172821045,0.9067720174789429
YDR440W,YIL168W,0,-1.1133053,0.09853833168745041,0.9880359172821045,0.906872034072876
YJL115W,YKL179C,0,-1.1144371,0.09852853417396545,0.9880359172821045,0.9069721102714539
YJL151C,YHR139C,0,-1.1152444,0.0985187366604805,0.9880359172821045,0.907072126865387
YLL042C,YDR522C,0,-1.1156607,0.09850894659757614,0.9880359172821045,0.9071721434593201
YDL166C,YDR425W,0,-1.1177869,0.09849915653467178,0.9880359172821045,0.9072721600532532
YML094W,YOL049W,0,-1.1180673,0.09848936647176743,0.9880359172821045,0.907372236251831
YFR031C-A,YMR116C,0,-1.1183436,0.09847957640886307,0.9880359172821045,0.9074722528457642
YNL066W,YER112W,0,-1.1199486,0.0984697937965393,0.9880359172821045,0.9075722694396973
YER018C,YGL201C,0,-1.1208354,0.09846001118421555,0.9880359172821045,0.9076722860336304
YLR098C,YER042W,0,-1.1216642,0.09845022857189178,0.9880359172821045,0.9077723026275635
YGR135W,YNR024W,0,-1.1223702,0.09844044595956802,0.9880359172821045,0.9078723788261414
YPL242C,YDL042C,0,-1.1228261,0.09843067079782486,0.9880359172821045,0.9079723954200745
YNL186W,YDR381W,0,-1.1231201,0.0984208956360817,0.9880359172821045,0.9080724120140076
YER065C,YOR271C,0,-1.1232483,0.09841112047433853,0.9880359172821045,0.9081724286079407
YDR447C,YMR262W,0,-1.1255914,0.09840135276317596,0.9880359172821045,0.9082725048065186
YGR198W,YER148W,0,-1.1256194,0.0983915776014328,0.9880359172821045,0.9083725214004517
YGL125W,YDR384C,0,-1.1268051,0.09838180989027023,0.9880359172821045,0.9084725379943848
YKL221W,YHR025W,0,-1.1268966,0.09837204962968826,0.9880359172821045,0.9085725545883179
YIL065C,YOL080C,0,-1.1269993,0.0983622819185257,0.9880359172821045,0.9086726307868958
YGR274C,YNR054C,0,-1.1270638,0.09835252165794373,0.9880359172821045,0.9087726473808289
YLR385C,YML067C,0,-1.1274352,0.09834276139736176,0.9880359172821045,0.908872663974762
YKL149C,YLR008C,0,-1.1301994,0.09833300113677979,0.9880359172821045,0.9089726805686951
YHR103W,YNL148C,0,-1.1304052,0.09832324832677841,0.9880359172821045,0.9090726971626282
YDR201W,YER030W,0,-1.1310954,0.09831349551677704,0.9880359172821045,0.909172773361206
YIL004C,YDR279W,0,-1.1315409,0.09830374270677567,0.9880359172821045,0.9092727899551392
YHL028W,YDL127W,0,-1.1317792,0.09829398989677429,0.9880359172821045,0.9093728065490723
YJR033C,YHR194W,1,-1.1334313,0.09838341921567917,0.9890329241752625,0.9093728065490723
YFR027W,YOR368W,0,-1.1344705,0.0983736589550972,0.9890329241752625,0.9094728231430054
YJL168C,YDR147W,0,-1.1348329,0.09836390614509583,0.9890329241752625,0.9095728993415833
YGL055W,YIL168W,0,-1.1362902,0.09835415333509445,0.9890329241752625,0.9096729159355164
YNR063W,YJR025C,0,-1.1382117,0.09834440052509308,0.9890329241752625,0.9097729325294495
YJL129C,YDR182W,1,-1.1389916,0.09843378514051437,0.9900299310684204,0.9097729325294495
YMR226C,YOR073W,0,-1.1397324,0.0984240248799324,0.9900299310684204,0.9098729491233826
YHR142W,YFL003C,0,-1.1424611,0.09841427206993103,0.9900299310684204,0.9099729657173157
YNL038W,YPL146C,0,-1.1430706,0.09840451925992966,0.9900299310684204,0.9100730419158936
YNL067W,YJL073W,0,-1.1432049,0.09839476644992828,0.9900299310684204,0.9101730585098267
YDR111C,YPR041W,0,-1.1432531,0.09838502109050751,0.9900299310684204,0.9102730751037598
YNL087W,YML022W,0,-1.1435597,0.09837527573108673,0.9900299310684204,0.9103730916976929
YJL212C,YOR295W,0,-1.1437756,0.09836553037166595,0.9900299310684204,0.9104731678962708
YKL149C,YLR449W,0,-1.1448328,0.09835578501224518,0.9900299310684204,0.9105731844902039
YDR045C,YKL222C,0,-1.1448545,0.098346047103405,0.9900299310684204,0.910673201084137
YMR190C,YPR097W,0,-1.1455209,0.09833630174398422,0.9900299310684204,0.9107732176780701
YLR399C,YJR097W,0,-1.1455609,0.09832656383514404,0.9900299310684204,0.9108732342720032
YNL103W,YDR507C,0,-1.1468465,0.09831683337688446,0.9900299310684204,0.910973310470581
YKL059C,YNL113W,0,-1.1493678,0.09830709546804428,0.9900299310684204,0.9110733270645142
YNL254C,YGR279C,0,-1.1494799,0.0982973650097847,0.9900299310684204,0.9111733436584473
YKL192C,YOR004W,0,-1.1495689,0.09828763455152512,0.9900299310684204,0.9112733602523804
YLR336C,YJL020C,0,-1.1504585,0.09827791154384613,0.9900299310684204,0.9113734364509583
YGR283C,YKL054C,0,-1.150654,0.09826818108558655,0.9900299310684204,0.9114734530448914
YLR360W,YGR003W,0,-1.1521841,0.09825845807790756,0.9900299310684204,0.9115734696388245
YLR083C,YMR278W,0,-1.1542461,0.09824873507022858,0.9900299310684204,0.9116734862327576
YDR343C,YIL162W,0,-1.1561301,0.09823901951313019,0.9900299310684204,0.9117735028266907
YBR019C,YBL019W,0,-1.156837,0.0982293039560318,0.9900299310684204,0.9118735790252686
YGR106C,YOL098C,0,-1.1569221,0.09821958094835281,0.9900299310684204,0.9119735956192017
YDR412W,YBR193C,0,-1.1576912,0.09820987284183502,0.9900299310684204,0.9120736122131348
YMR268C,YNL091W,0,-1.1579406,0.09820015728473663,0.9900299310684204,0.9121736288070679
YML025C,YMR023C,0,-1.1586363,0.09819044917821884,0.9900299310684204,0.9122737050056458
YNL119W,YBR121C,0,-1.1589067,0.09818074107170105,0.9900299310684204,0.9123737215995789
YIR012W,YDL139C,0,-1.1589184,0.09817103296518326,0.9900299310684204,0.912473738193512
YER093C,YLR200W,0,-1.1589253,0.09816133230924606,0.9900299310684204,0.9125737547874451
YGR192C,YEL048C,0,-1.1597282,0.09815162420272827,0.9900299310684204,0.912673830986023
YKL154W,YML062C,0,-1.160068,0.09814192354679108,0.9900299310684204,0.912773847579956
YGL035C,YDL031W,0,-1.1615365,0.09813222289085388,0.9900299310684204,0.9128738641738892
YDL099W,YLR298C,0,-1.1619649,0.09812252968549728,0.9900299310684204,0.9129738807678223
YNL137C,YDR361C,0,-1.163959,0.09811283648014069,0.9900299310684204,0.9130738973617554
YDR292C,YGR035C,0,-1.1645758,0.09810314327478409,0.9900299310684204,0.9131739735603333
YOR346W,YHL033C,0,-1.1651051,0.09809345006942749,0.9900299310684204,0.9132739901542664
YOR246C,YJL019W,0,-1.16601,0.09808376431465149,0.9900299310684204,0.9133740067481995
YOL052C-A,YER167W,0,-1.1661985,0.09807407110929489,0.9900299310684204,0.9134740233421326
YGL089C,YPL013C,0,-1.1662657,0.09806438535451889,0.9900299310684204,0.9135740995407104
YDR513W,YJL083W,0,-1.1673682,0.09805470705032349,0.9900299310684204,0.9136741161346436
YDL100C,YDR492W,1,-1.1687918,0.09814375638961792,0.9910269379615784,0.9136741161346436
YEL063C,YBL039C,0,-1.1699659,0.09813407063484192,0.9910269379615784,0.9137741327285767
YGL067W,YDR420W,0,-1.1700237,0.09812438488006592,0.9910269379615784,0.9138741493225098
YKL081W,YOR047C,0,-1.1700239,0.09811469912528992,0.9910269379615784,0.9139741659164429
YPL128C,YGL033W,0,-1.17014,0.09810501337051392,0.9910269379615784,0.9140742421150208
YGL029W,YDR326C,0,-1.1707296,0.09809533506631851,0.9910269379615784,0.9141742587089539
YLR210W,YAL008W,0,-1.1711667,0.09808564931154251,0.9910269379615784,0.914274275302887
YPR049C,YJR066W,0,-1.1716919,0.0980759710073471,0.9910269379615784,0.9143742918968201
YDR184C,YOL091W,0,-1.1721296,0.0980663001537323,0.9910269379615784,0.914474368095398
YKL183W,YER176W,0,-1.1726232,0.0980566218495369,0.9910269379615784,0.914574384689331
YIL067C,YOL146W,0,-1.1731074,0.09804695099592209,0.9910269379615784,0.9146744012832642
YNR012W,YAL015C,0,-1.1732026,0.09803728014230728,0.9910269379615784,0.9147744178771973
YNR024W,YDR293C,0,-1.1748527,0.09802761673927307,0.9910269379615784,0.9148744344711304
YGL249W,YDR046C,0,-1.177556,0.09801794588565826,0.9910269379615784,0.9149745106697083
YGL210W,YLR466W,0,-1.1777452,0.09800828248262405,0.9910269379615784,0.9150745272636414
YIL107C,YIL082W-A,0,-1.1779418,0.09799861907958984,0.9910269379615784,0.9151745438575745
YDR043C,YLR001C,0,-1.178926,0.09798895567655563,0.9910269379615784,0.9152745604515076
YGL029W,YOR371C,0,-1.1798509,0.09797929972410202,0.9910269379615784,0.9153746366500854
YCL029C,YCR063W,0,-1.1813062,0.09796964377164841,0.9910269379615784,0.9154746532440186
YKR072C,YDR462W,0,-1.182579,0.0979599878191948,0.9910269379615784,0.9155746698379517
YPL032C,YBR169C,0,-1.1828282,0.09795033186674118,0.9910269379615784,0.9156746864318848
YFL049W,YDR522C,0,-1.1831102,0.09794068336486816,0.9910269379615784,0.9157747030258179
YOL067C,YKL156W,0,-1.1831386,0.09793103486299515,0.9910269379615784,0.9158747792243958
YOR061W,YML006C,1,-1.1843488,0.09801989793777466,0.9920239448547363,0.9158747792243958
YPR058W,YDR025W,0,-1.1846176,0.09801024198532104,0.9920239448547363,0.9159747958183289
YOR150W,YPR096C,0,-1.1849455,0.09800059348344803,0.9920239448547363,0.916074812412262
YIL167W,YPR098C,0,-1.185381,0.09799093753099442,0.9920239448547363,0.9161748290061951
YMR216C,YGR096W,0,-1.1871514,0.0979812890291214,0.9920239448547363,0.916274905204773
YDR443C,YPL189W,0,-1.1872876,0.09797164052724838,0.9920239448547363,0.916374921798706
YDR104C,YOL017W,0,-1.1875029,0.09796199947595596,0.9920239448547363,0.9164749383926392
YHR013C,YMR242C,0,-1.1889926,0.09795235097408295,0.9920239448547363,0.9165749549865723
YIR021W,YNL188W,0,-1.1904225,0.09794270992279053,0.9920239448547363,0.9166750311851501
YOR288C,YLR308W,0,-1.1912391,0.09793306887149811,0.9920239448547363,0.9167750477790833
YMR014W,YGL155W,0,-1.1920235,0.09792343527078629,0.9920239448547363,0.9168750643730164
YOL146W,YKL218C,0,-1.1920457,0.09791379421949387,0.9920239448547363,0.9169750809669495
YER147C,YBL004W,0,-1.1931387,0.09790416061878204,0.9920239448547363,0.9170750975608826
YJR047C,YGR122W,0,-1.1949911,0.09789452701807022,0.9920239448547363,0.9171751737594604
YLR385C,YLR221C,0,-1.1953578,0.097884900867939,0.9920239448547363,0.9172751903533936
YBR060C,YOR389W,0,-1.1958952,0.09787526726722717,0.9920239448547363,0.9173752069473267
YDR288W,YGR159C,0,-1.1963253,0.09786564111709595,0.9920239448547363,0.9174752235412598
YPL117C,YGL063W,0,-1.1963967,0.09785602241754532,0.9920239448547363,0.9175752997398376
YDR116C,YNL124W,0,-1.1967018,0.09784639626741409,0.9920239448547363,0.9176753163337708
YDR050C,YNL233W,0,-1.1972555,0.09783677756786346,0.9920239448547363,0.9177753329277039
YHL026C,YHR083W,0,-1.197308,0.09782715886831284,0.9920239448547363,0.917875349521637
YNL156C,YMR009W,0,-1.1973116,0.09781754016876221,0.9920239448547363,0.9179753661155701
YGR033C,YGL160W,0,-1.1976591,0.09780792146921158,0.9920239448547363,0.918075442314148
YDR400W,YGL116W,0,-1.1978016,0.09779831022024155,0.9920239448547363,0.918175458908081
YLL022C,YHR103W,0,-1.1999714,0.09778869897127151,0.9920239448547363,0.9182754755020142
YAL008W,YDR022C,0,-1.2010565,0.09777908772230148,0.9920239448547363,0.9183754920959473
YGR133W,YGL156W,0,-1.2015951,0.09776948392391205,0.9920239448547363,0.9184755682945251
YLR115W,YML111W,0,-1.2027167,0.09775987267494202,0.9920239448547363,0.9185755848884583
YMR216C,YLR369W,1,-1.2032368,0.09784851223230362,0.9930209517478943,0.9185755848884583
YMR050C,YIR009W,0,-1.2042863,0.09783890098333359,0.9930209517478943,0.9186756014823914
YCR107W,YGR128C,0,-1.2045444,0.09782928973436356,0.9930209517478943,0.9187756180763245
YKR045C,YJL156C,0,-1.2049389,0.09781967848539352,0.9930209517478943,0.9188756346702576
YPL141C,YOL001W,0,-1.206642,0.09781007468700409,0.9930209517478943,0.9189757108688354
YOL018C,YLR222C,0,-1.2073344,0.09780047088861465,0.9930209517478943,0.9190757274627686
YBL014C,YNL009W,0,-1.2075721,0.09779086709022522,0.9930209517478943,0.9191757440567017
YAL061W,YNL066W,0,-1.2082986,0.09778127074241638,0.9930209517478943,0.9192757606506348
YBR240C,YBR049C,0,-1.2083478,0.09777166694402695,0.9930209517478943,0.9193758368492126
YNL112W,YPL203W,0,-1.2084658,0.09776207059621811,0.9930209517478943,0.9194758534431458
YNL054W,YPL141C,0,-1.2085965,0.09775248169898987,0.9930209517478943,0.9195758700370789
YLR433C,YOL137W,0,-1.2095208,0.09774288535118103,0.9930209517478943,0.919675886631012
YKL084W,YNL233W,0,-1.2106776,0.09773329645395279,0.9930209517478943,0.9197759032249451
YBL105C,YBR296C,0,-1.2107228,0.09772370755672455,0.9930209517478943,0.919875979423523
YDR228C,YPL141C,0,-1.211141,0.09771411865949631,0.9930209517478943,0.919975996017456
YOR190W,YJR113C,0,-1.2117653,0.09770452976226807,0.9930209517478943,0.9200760126113892
YHR169W,YER060W-A,0,-1.2128597,0.09769494831562042,0.9930209517478943,0.9201760292053223
YOL030W,YJR054W,0,-1.2142353,0.09768536686897278,0.9930209517478943,0.9202761054039001
YGL089C,YOL094C,0,-1.2144952,0.09767578542232513,0.9930209517478943,0.9203761219978333
YDL101C,YAR050W,0,-1.2155204,0.09766621142625809,0.9930209517478943,0.9204761385917664
YLL042C,YKL149C,0,-1.2179304,0.09765662997961044,0.9930209517478943,0.9205761551856995
YJL010C,YNL014W,0,-1.2190785,0.0976470559835434,0.9930209517478943,0.9206762313842773
YGL097W,YOL017W,0,-1.2222171,0.09763748943805695,0.9930209517478943,0.9207762479782104
YLR451W,YGR074W,0,-1.2228837,0.0976279154419899,0.9930209517478943,0.9208762645721436
YGR033C,YOR026W,0,-1.2229966,0.09761834889650345,0.9930209517478943,0.9209762811660767
YMR285C,YIL044C,0,-1.2236929,0.097608782351017,0.9930209517478943,0.9210762977600098
YLR064W,YDL223C,0,-1.224366,0.09759921580553055,0.9930209517478943,0.9211763739585876
YOR264W,YNL299W,0,-1.2256813,0.0975896567106247,0.9930209517478943,0.9212763905525208
YNR026C,YOR253W,0,-1.2283306,0.09758009016513824,0.9930209517478943,0.9213764071464539
YDL191W,YGL234W,0,-1.2289836,0.09757053107023239,0.9930209517478943,0.921476423740387
YBR106W,YDR025W,0,-1.2304958,0.09756097197532654,0.9930209517478943,0.9215764999389648
YOR214C,YKR079C,0,-1.231178,0.09755142033100128,0.9930209517478943,0.921676516532898
YOR312C,YOR048C,0,-1.2325805,0.09754186868667603,0.9930209517478943,0.921776533126831
YLL016W,YML082W,0,-1.2341512,0.09753231704235077,0.9930209517478943,0.9218765497207642
YGL029W,YMR231W,0,-1.2345352,0.09752276539802551,0.9930209517478943,0.9219765663146973
YGR172C,YFL034C-A,0,-1.2348641,0.09751321375370026,0.9930209517478943,0.9220766425132751
YER069W,YLR066W,0,-1.2383986,0.0975036695599556,0.9930209517478943,0.9221766591072083
YNL096C,YPL076W,0,-1.238592,0.09749412536621094,0.9930209517478943,0.9222766757011414
YPL086C,YOR144C,0,-1.2393978,0.09748458117246628,0.9930209517478943,0.9223766922950745
YMR063W,YOR234C,0,-1.240427,0.09747504442930222,0.9930209517478943,0.9224767684936523
YFL055W,YDR425W,0,-1.2410692,0.09746550768613815,0.9930209517478943,0.9225767850875854
YGR103W,YBR050C,0,-1.2411869,0.09745597094297409,0.9930209517478943,0.9226768016815186
YKL221W,YLR369W,0,-1.2413582,0.09744643419981003,0.9930209517478943,0.9227768182754517
YER051W,YKL045W,0,-1.243392,0.09743689745664597,0.9930209517478943,0.9228768348693848
YHR042W,YDR324C,0,-1.2436901,0.0974273681640625,0.9930209517478943,0.9229769110679626
YHR139C,YJL189W,0,-1.2442358,0.09741783887147903,0.9930209517478943,0.9230769276618958
YKR038C,YNL308C,0,-1.244728,0.09740830957889557,0.9930209517478943,0.9231769442558289
YGR029W,YOR079C,1,-1.2449579,0.09749657660722733,0.9940179586410522,0.9231769442558289
YPL269W,YPR042C,0,-1.2453432,0.09748704731464386,0.9940179586410522,0.923276960849762
YNL186W,YBR279W,0,-1.2455411,0.0974775105714798,0.9940179586410522,0.9233770370483398
YOR127W,YDR485C,0,-1.245571,0.09746798127889633,0.9940179586410522,0.923477053642273
YOR039W,YIL156W,0,-1.2457572,0.09745845198631287,0.9940179586410522,0.923577070236206
YGL131C,YNL294C,0,-1.2465972,0.09744893014431,0.9940179586410522,0.9236770868301392
YMR211W,YHR206W,0,-1.2472,0.09743940830230713,0.9940179586410522,0.9237771034240723
YNR063W,YLR066W,0,-1.2502897,0.09742988646030426,0.9940179586410522,0.9238771796226501
YPR132W,YDR033W,0,-1.2504599,0.09742036461830139,0.9940179586410522,0.9239771962165833
YER155C,YDR147W,0,-1.251003,0.09741084277629852,0.9940179586410522,0.9240772128105164
YPL209C,YDR545W,0,-1.2517207,0.09740132838487625,0.9940179586410522,0.9241772294044495
YPL029W,YNL002C,0,-1.2522768,0.09739181399345398,0.9940179586410522,0.9242773056030273
YOL051W,YOR308C,0,-1.254616,0.09738229960203171,0.9940179586410522,0.9243773221969604
YLR068W,YJL100W,0,-1.2549081,0.09737279266119003,0.9940179586410522,0.9244773387908936
YIL038C,YOL144W,0,-1.2557318,0.09736327826976776,0.9940179586410522,0.9245773553848267
YNL251C,YGL092W,0,-1.2572553,0.09735377132892609,0.9940179586410522,0.9246774315834045
YOR091W,YPR134W,0,-1.2588465,0.09734427183866501,0.9940179586410522,0.9247774481773376
YPR185W,YIL091C,0,-1.2594427,0.09733476489782333,0.9940179586410522,0.9248774647712708
YNL071W,YOR081C,0,-1.2620938,0.09732526540756226,0.9940179586410522,0.9249774813652039
YGR054W,YLR446W,0,-1.2625889,0.09731576591730118,0.9940179586410522,0.925077497959137
YBR205W,YER179W,0,-1.2643812,0.0973062664270401,0.9940179586410522,0.9251775741577148
YBL018C,YNL167C,0,-1.2690738,0.09729676693677902,0.9940179586410522,0.925277590751648
YOR319W,YOR049C,0,-1.2699611,0.09728727489709854,0.9940179586410522,0.925377607345581
YJR022W,YBR058C,0,-1.2704242,0.09727778285741806,0.9940179586410522,0.9254776239395142
YMR293C,YOR258W,0,-1.2707598,0.09726829081773758,0.9940179586410522,0.925577700138092
YOR347C,YLL011W,0,-1.272852,0.0972588062286377,0.9940179586410522,0.9256777167320251
YPL217C,YPL181W,0,-1.273944,0.09724931418895721,0.9940179586410522,0.9257777333259583
YML131W,YPL217C,0,-1.2745032,0.09723982959985733,0.9940179586410522,0.9258777499198914
YNL015W,YGL227W,0,-1.2753465,0.09723035246133804,0.9940179586410522,0.9259777665138245
YKL017C,YJL208C,0,-1.2770107,0.09722086787223816,0.9940179586410522,0.9260778427124023
YLR408C,YKL181W,0,-1.2779207,0.09721139073371887,0.9940179586410522,0.9261778593063354
YPL152W,YKL108W,0,-1.278641,0.09720191359519958,0.9940179586410522,0.9262778759002686
YDL209C,YDR088C,0,-1.2791905,0.0971924364566803,0.9940179586410522,0.9263778924942017
YMR256C,YJL025W,0,-1.280389,0.09718295931816101,0.9940179586410522,0.9264779686927795
YHR138C,YKL157W,0,-1.2839047,0.09717348963022232,0.9940179586410522,0.9265779852867126
YLR369W,YMR301C,1,-1.2841325,0.0972614735364914,0.9950149655342102,0.9265779852867126
YDL098C,YBR210W,0,-1.2845553,0.0972519963979721,0.9950149655342102,0.9266780018806458
YOR284W,YOR266W,0,-1.2868401,0.09724251925945282,0.9950149655342102,0.9267780184745789
YPL010W,YPR141C,0,-1.2887253,0.09723304957151413,0.9950149655342102,0.926878035068512
YCR075C,YBR098W,0,-1.2891334,0.09722357243299484,0.9950149655342102,0.9269781112670898
YER139C,YDR021W,0,-1.2895873,0.09721410274505615,0.9950149655342102,0.927078127861023
YDR228C,YML011C,0,-1.290603,0.09720463305711746,0.9950149655342102,0.927178144454956
YOR063W,YCL016C,0,-1.2913549,0.09719517081975937,0.9950149655342102,0.9272781610488892
YMR072W,YDR420W,0,-1.2914543,0.09718570113182068,0.9950149655342102,0.927378237247467
YDR464W,YOR337W,0,-1.2916193,0.09717623889446259,0.9950149655342102,0.9274782538414001
YMR011W,YDL160C,0,-1.2929568,0.09716677665710449,0.9950149655342102,0.9275782704353333
YGL119W,YOR068C,0,-1.2930002,0.097157321870327,0.9950149655342102,0.9276782870292664
YIL103W,YLR154C,0,-1.2977161,0.0971478596329689,0.9950149655342102,0.9277783632278442
YKL049C,YDR163W,0,-1.2979593,0.0971384048461914,0.9950149655342102,0.9278783798217773
YGL150C,YDR534C,0,-1.2985389,0.09712895005941391,0.9950149655342102,0.9279783964157104
YCL019W,YOL095C,0,-1.2985632,0.09711950272321701,0.9950149655342102,0.9280784130096436
YHR089C,YJR145C,0,-1.298984,0.09711004793643951,0.9950149655342102,0.9281784296035767
YLR181C,YHR118C,0,-1.2996624,0.09710060060024261,0.9950149655342102,0.9282785058021545
YNL339C,YGL145W,0,-1.3010144,0.09709115326404572,0.9950149655342102,0.9283785223960876
YAL019W,YER089C,0,-1.3020284,0.09708171337842941,0.9950149655342102,0.9284785389900208
YOL094C,YGL246C,0,-1.303493,0.09707226604223251,0.9950149655342102,0.9285785555839539
YFL002C,YPR102C,0,-1.3050969,0.09706282615661621,0.9950149655342102,0.9286786317825317
YNL132W,YHR006W,0,-1.3052653,0.09705338627099991,0.9950149655342102,0.9287786483764648
YGR280C,YDR108W,0,-1.3053868,0.0970439538359642,0.9950149655342102,0.928878664970398
YCR065W,YDR412W,0,-1.3097056,0.0970345139503479,0.9950149655342102,0.928978681564331
YBL097W,YGL003C,0,-1.3119624,0.0970250815153122,0.9950149655342102,0.9290786981582642
YJR132W,YHR105W,0,-1.3138855,0.09701564908027649,0.9950149655342102,0.929178774356842
YML040W,YER032W,0,-1.3142582,0.09700622409582138,0.9950149655342102,0.9292787909507751
YBL074C,YDL051W,0,-1.3154178,0.09699679166078568,0.9950149655342102,0.9293788075447083
YEL026W,YGR061C,0,-1.3160841,0.09698736667633057,0.9950149655342102,0.9294788241386414
YER142C,YPR180W,0,-1.3174238,0.09697794169187546,0.9950149655342102,0.9295789003372192
YML021C,YDL115C,0,-1.3193221,0.09696851670742035,0.9950149655342102,0.9296789169311523
YNL185C,YJL129C,0,-1.3205376,0.09695909917354584,0.9950149655342102,0.9297789335250854
YOR329C,YDR439W,0,-1.3219742,0.09694968163967133,0.9950149655342102,0.9298789501190186
YGR278W,YHL033C,0,-1.322351,0.09694026410579681,0.9950149655342102,0.9299789667129517
YIL127C,YPR031W,0,-1.3223847,0.0969308465719223,0.9950149655342102,0.9300790429115295
YDR096W,YLL009C,0,-1.3227491,0.09692143648862839,0.9950149655342102,0.9301790595054626
YKR094C,YNR069C,0,-1.3270614,0.09691201895475388,0.9950149655342102,0.9302790760993958
YGR188C,YNL199C,0,-1.3272626,0.09690260887145996,0.9950149655342102,0.9303790926933289
YPL012W,YLL039C,0,-1.3274038,0.09689320623874664,0.9950149655342102,0.9304791688919067
YGL116W,YDR545W,0,-1.3285495,0.09688379615545273,0.9950149655342102,0.9305791854858398
YOR386W,YOL052C-A,0,-1.3292538,0.09687439352273941,0.9950149655342102,0.930679202079773
YKL029C,YNL086W,0,-1.3297572,0.09686499089002609,0.9950149655342102,0.930779218673706
YER118C,YPL033C,0,-1.331062,0.09685558825731277,0.9950149655342102,0.9308792352676392
YDR418W,YFL047W,0,-1.3310645,0.09684619307518005,0.9950149655342102,0.930979311466217
YMR125W,YNL227C,0,-1.3313644,0.09683679044246674,0.9950149655342102,0.9310793280601501
YJL122W,YDL223C,0,-1.3322139,0.09682739526033401,0.9950149655342102,0.9311793446540833
YOR312C,YNL164C,0,-1.3326828,0.09681800752878189,0.9950149655342102,0.9312793612480164
YCL048W,YKL010C,0,-1.3337951,0.09680861234664917,0.9950149655342102,0.9313794374465942
YOR141C,YNL151C,0,-1.3342075,0.09679922461509705,0.9950149655342102,0.9314794540405273
YLR336C,YKR095W,0,-1.3352122,0.09678983688354492,0.9950149655342102,0.9315794706344604
YHR014W,YDR087C,0,-1.3365171,0.0967804491519928,0.9950149655342102,0.9316794872283936
YBR268W,YLR128W,0,-1.3367912,0.09677106887102127,0.9950149655342102,0.9317795634269714
YLR347C,YNR011C,0,-1.3386323,0.09676168113946915,0.9950149655342102,0.9318795800209045
YMR301C,YDR492W,1,-1.3387191,0.09684924781322479,0.9960119724273682,0.9318795800209045
YPL174C,YLR102C,0,-1.3392663,0.09683986008167267,0.9960119724273682,0.9319795966148376
YNL162W,YPL068C,0,-1.340872,0.09683047235012054,0.9960119724273682,0.9320796132087708
YDL098C,YLR320W,0,-1.3409039,0.09682109206914902,0.9960119724273682,0.9321796298027039
YMR275C,YDL213C,0,-1.3419435,0.0968117043375969,0.9960119724273682,0.9322797060012817
YGL031C,YNL146W,0,-1.3424734,0.09680232405662537,0.9960119724273682,0.9323797225952148
YMR130W,YBR142W,0,-1.3436258,0.09679294377565384,0.9960119724273682,0.932479739189148
YLL014W,YMR309C,0,-1.344767,0.09678357094526291,0.9960119724273682,0.932579755783081
YPR110C,YPR042C,0,-1.346679,0.09677419066429138,0.9960119724273682,0.9326798319816589
YDR040C,YLR222C,0,-1.3496177,0.09676481783390045,0.9960119724273682,0.932779848575592
YOR250C,YDR120C,0,-1.3496649,0.09675544500350952,0.9960119724273682,0.9328798651695251
YER155C,YHR103W,0,-1.3505355,0.09674607962369919,0.9960119724273682,0.9329798817634583
YOL012C,YPL162C,0,-1.3513676,0.09673670679330826,0.9960119724273682,0.9330798983573914
YPR046W,YJR048W,0,-1.3514684,0.09672734141349792,0.9960119724273682,0.9331799745559692
YLR133W,YHR134W,0,-1.3516614,0.09671797603368759,0.9960119724273682,0.9332799911499023
YMR074C,YHR161C,0,-1.3524464,0.09670861810445786,0.9960119724273682,0.9333800077438354
YGR047C,YER124C,0,-1.3534946,0.09669925272464752,0.9960119724273682,0.9334800243377686
YMR134W,YOL101C,1,-1.3558078,0.09678668528795242,0.9970089793205261,0.9334800243377686
YNL015W,YDR511W,0,-1.3576492,0.09677731245756149,0.9970089793205261,0.9335801005363464
YOR044W,YMR289W,0,-1.3576832,0.09676794707775116,0.9970089793205261,0.9336801171302795
YJR089W,YIL008W,0,-1.3599483,0.09675858914852142,0.9970089793205261,0.9337801337242126
YKR045C,YOR269W,0,-1.3599787,0.09674922376871109,0.9970089793205261,0.9338801503181458
YPL154C,YDR516C,0,-1.3602542,0.09673986583948135,0.9970089793205261,0.9339801669120789
YGR178C,YDR180W,0,-1.3604269,0.09673050791025162,0.9970089793205261,0.9340802431106567
YLR355C,YLL011W,0,-1.3621701,0.09672114998102188,0.9970089793205261,0.9341802597045898
YPL232W,YML096W,0,-1.3643439,0.09671179950237274,0.9970089793205261,0.934280276298523
YCR045C,YOR129C,0,-1.3665421,0.0967024490237236,0.9970089793205261,0.934380292892456
YHR157W,YPL183C,0,-1.3666099,0.09669309854507446,0.9970089793205261,0.9344803690910339
YMR285C,YPL210C,0,-1.3667891,0.09668374806642532,0.9970089793205261,0.934580385684967
YBR248C,YCR081W,0,-1.3668792,0.09667439758777618,0.9970089793205261,0.9346804022789001
YGL078C,YDR273W,0,-1.3695899,0.09666505455970764,0.9970089793205261,0.9347804188728333
YMR285C,YJR150C,0,-1.3702971,0.0966557115316391,0.9970089793205261,0.9348804354667664
YNL278W,YNL065W,0,-1.370499,0.09664636850357056,0.9970089793205261,0.9349805116653442
YLR448W,YML065W,0,-1.3719409,0.09663703292608261,0.9970089793205261,0.9350805282592773
YDR308C,YNL326C,0,-1.3722973,0.09662768989801407,0.9970089793205261,0.9351805448532104
YBR121C,YMR081C,0,-1.3733381,0.09661835432052612,0.9970089793205261,0.9352805614471436
YHR086W,YLR258W,0,-1.3737249,0.09660902619361877,0.9970089793205261,0.9353806376457214
YOR125C,YBL106C,0,-1.3746722,0.09659969061613083,0.9970089793205261,0.9354806542396545
YBR114W,YPL269W,0,-1.3786571,0.09659036248922348,0.9970089793205261,0.9355806708335876
YDL113C,YNL009W,0,-1.3799716,0.09658103436231613,0.9970089793205261,0.9356806874275208
YKL149C,YHR134W,0,-1.3813959,0.09657170623540878,0.9970089793205261,0.9357807636260986
YBR057C,YCR081W,0,-1.3823978,0.09656237810850143,0.9970089793205261,0.9358807802200317
YJL083W,YJL096W,0,-1.3833491,0.09655305743217468,0.9970089793205261,0.9359807968139648
YCR106W,YNL300W,0,-1.3838103,0.09654373675584793,0.9970089793205261,0.936080813407898
YOL115W,YGL098W,0,-1.3846049,0.09653441607952118,0.9970089793205261,0.936180830001831
YOR335C,YMR268C,0,-1.3855073,0.09652509540319443,0.9970089793205261,0.9362809062004089
YBR240C,YOR188W,0,-1.386069,0.09651578217744827,0.9970089793205261,0.936380922794342
YPL211W,YJL074C,0,-1.3865832,0.09650646895170212,0.9970089793205261,0.9364809393882751
YLR014C,YDR297W,0,-1.3870277,0.09649715572595596,0.9970089793205261,0.9365809559822083
YEL003W,YNL071W,0,-1.3900499,0.09648784250020981,0.9970089793205261,0.9366810321807861
YJL106W,YMR083W,0,-1.3901755,0.09647853672504425,0.9970089793205261,0.9367810487747192
YJL057C,YBR078W,0,-1.3902885,0.0964692234992981,0.9970089793205261,0.9368810653686523
YER094C,YGL205W,0,-1.3905201,0.09645991772413254,0.9970089793205261,0.9369810819625854
YBL091C,YNR020C,0,-1.3909335,0.09645061939954758,0.9970089793205261,0.9370810985565186
YDR408C,YPL018W,0,-1.3909795,0.09644131362438202,0.9970089793205261,0.9371811747550964
YMR204C,YBL020W,0,-1.3934264,0.09643201529979706,0.9970089793205261,0.9372811913490295
YIR012W,YPL281C,0,-1.3949488,0.0964227169752121,0.9970089793205261,0.9373812079429626
YOL012C,YJR129C,0,-1.3960766,0.09641341865062714,0.9970089793205261,0.9374812245368958
YLR442C,YLR002C,0,-1.3960804,0.09640412777662277,0.9970089793205261,0.9375813007354736
YDL018C,YGL077C,0,-1.3961058,0.09639483690261841,0.9970089793205261,0.9376813173294067
YGR109C,YGL106W,0,-1.3974887,0.09638553857803345,0.9970089793205261,0.9377813339233398
YDR075W,YGR241C,0,-1.3991957,0.09637625515460968,0.9970089793205261,0.937881350517273
YDR009W,YDR221W,0,-1.4009237,0.09636696428060532,0.9970089793205261,0.937981367111206
YOL109W,YDR412W,0,-1.400928,0.09635768085718155,0.9970089793205261,0.9380814433097839
YIL090W,YLR002C,0,-1.4019604,0.09634839743375778,0.9970089793205261,0.938181459903717
YLR133W,YDR121W,0,-1.4027735,0.09633911401033401,0.9970089793205261,0.9382814764976501
YGL064C,YGR279C,0,-1.4045029,0.09632983058691025,0.9970089793205261,0.9383814930915833
YGR083C,YDR477W,0,-1.4073029,0.09632055461406708,0.9970089793205261,0.9384815692901611
YGR104C,YIL004C,0,-1.4080884,0.09631127864122391,0.9970089793205261,0.9385815858840942
YLR190W,YIL016W,0,-1.409058,0.09630200266838074,0.9970089793205261,0.9386816024780273
YLR083C,YOR049C,0,-1.409311,0.09629272669553757,0.9970089793205261,0.9387816190719604
YOL002C,YDR492W,1,-1.409443,0.09637974202632904,0.9980059862136841,0.9387816190719604
YGL173C,YNL002C,0,-1.4140325,0.09637046605348587,0.9980059862136841,0.9388816356658936
YDL223C,YDR238C,0,-1.4152997,0.0963611826300621,0.9980059862136841,0.9389817118644714
YML054C,YML113W,0,-1.415751,0.09635191410779953,0.9980059862136841,0.9390817284584045
YKL008C,YMR121C,0,-1.416525,0.09634263813495636,0.9980059862136841,0.9391817450523376
YGL120C,YML120C,0,-1.4176176,0.09633336216211319,0.9980059862136841,0.9392817616462708
YNL049C,YOR095C,0,-1.4201068,0.09632409363985062,0.9980059862136841,0.9393818378448486
YBR094W,YMR131C,0,-1.4227672,0.09631482511758804,0.9980059862136841,0.9394818544387817
YPL026C,YPL265W,0,-1.4232932,0.09630556404590607,0.9980059862136841,0.9395818710327148
YBR060C,YOL135C,0,-1.4245996,0.0962962955236435,0.9980059862136841,0.939681887626648
YFL053W,YDR487C,0,-1.427171,0.09628703445196152,0.9980059862136841,0.9397819638252258
YBR181C,YGR057C,0,-1.4291956,0.09627777338027954,0.9980059862136841,0.9398819804191589
YKR081C,YKR100C,0,-1.4301112,0.09626851230859756,0.9980059862136841,0.939981997013092
YHR080C,YIL019W,0,-1.4305032,0.09625925868749619,0.9980059862136841,0.9400820136070251
YKR094C,YBR012W-A,0,-1.4305377,0.09624999761581421,0.9980059862136841,0.9401820302009583
YFL002C,YMR048W,0,-1.4353803,0.09624074399471283,0.9980059862136841,0.9402821063995361
YGL064C,YNL002C,0,-1.4356132,0.09623149037361145,0.9980059862136841,0.9403821229934692
YDL087C,YOR063W,0,-1.4369506,0.09622224420309067,0.9980059862136841,0.9404821395874023
YGL175C,YER021W,0,-1.4385383,0.09621299803256989,0.9980059862136841,0.9405821561813354
YLR409C,YNR026C,0,-1.4387491,0.0962037518620491,0.9980059862136841,0.9406822323799133
YHR118C,YBR265W,0,-1.4395545,0.09619450569152832,0.9980059862136841,0.9407822489738464
YLR081W,YPR067W,0,-1.4409616,0.09618525952100754,0.9980059862136841,0.9408822655677795
YML043C,YLR356W,0,-1.441079,0.09617602080106735,0.9980059862136841,0.9409822821617126
YDR343C,YDR511W,0,-1.442369,0.09616678208112717,0.9980059862136841,0.9410822987556458
YHR171W,YGL171W,0,-1.4426026,0.09615754336118698,0.9980059862136841,0.9411823749542236
YEL019C,YDR044W,0,-1.4426193,0.0961483046412468,0.9980059862136841,0.9412823915481567
YMR216C,YPL033C,0,-1.4426236,0.09613907337188721,0.9980059862136841,0.9413824081420898
YCL048W,YGR094W,0,-1.4429948,0.09612983465194702,0.9980059862136841,0.941482424736023
YMR323W,YJL184W,0,-1.4443649,0.09612060338258743,0.9980059862136841,0.9415825009346008
YNL316C,YOR091W,0,-1.4450414,0.09611137956380844,0.9980059862136841,0.9416825175285339
YNL082W,YOL077C,0,-1.4510605,0.09610214829444885,0.9980059862136841,0.941782534122467
YOR290C,YLR214W,0,-1.4531198,0.09609292447566986,0.9980059862136841,0.9418825507164001
YBL072C,YFL052W,0,-1.4534904,0.09608370065689087,0.9980059862136841,0.9419825673103333
YCR045C,YDR430C,0,-1.4540534,0.09607447683811188,0.9980059862136841,0.9420826435089111
YPL152W,YNL002C,0,-1.4554912,0.09606526046991348,0.9980059862136841,0.9421826601028442
YJL148W,YPL283C,0,-1.456645,0.09605604410171509,0.9980059862136841,0.9422826766967773
YGR122W,YOR295W,0,-1.4569042,0.0960468277335167,0.9980059862136841,0.9423826932907104
YNL012W,YDR398W,0,-1.4569542,0.0960376113653183,0.9980059862136841,0.9424827694892883
YEL048C,YPL032C,0,-1.4570541,0.0960283949971199,0.9980059862136841,0.9425827860832214
YGR047C,YGL077C,0,-1.4584306,0.0960191860795021,0.9980059862136841,0.9426828026771545
YBR146W,YDR420W,0,-1.4589107,0.09600997716188431,0.9980059862136841,0.9427828192710876
YEL042W,YBL100W-A,0,-1.4593364,0.09600076824426651,0.9980059862136841,0.9428828358650208
YBR154C,YOL042W,0,-1.4608614,0.09599155932664871,0.9980059862136841,0.9429829120635986
YML086C,YML019W,0,-1.4618855,0.09598235785961151,0.9980059862136841,0.9430829286575317
YHR044C,YOL007C,0,-1.4644482,0.09597315639257431,0.9980059862136841,0.9431829452514648
YDR538W,YDR390C,0,-1.4653223,0.09596395492553711,0.9980059862136841,0.943282961845398
YDL109C,YGL127C,0,-1.466912,0.09595475345849991,0.9980059862136841,0.9433830380439758
YOR207C,YOL137W,0,-1.4684615,0.0959455594420433,0.9980059862136841,0.9434830546379089
YDL064W,YPL192C,0,-1.4686277,0.0959363654255867,0.9980059862136841,0.943583071231842
YGL136C,YIR012W,0,-1.4688597,0.0959271714091301,0.9980059862136841,0.9436830878257751
YGL175C,YMR030W,0,-1.4703025,0.09591797739267349,0.9980059862136841,0.943783164024353
YKR062W,YKR060W,0,-1.4720036,0.09590878337621689,0.9980059862136841,0.9438831806182861
YNL244C,YPL021W,0,-1.4729719,0.09589959681034088,0.9980059862136841,0.9439831972122192
YBL018C,YFR008W,0,-1.4770806,0.09589041024446487,0.9980059862136841,0.9440832138061523
YNL103W,YGR123C,0,-1.4796102,0.09588122367858887,0.9980059862136841,0.9441832304000854
YIL038C,YDR324C,0,-1.4839375,0.09587204456329346,0.9980059862136841,0.9442833065986633
YDL154W,YKL016C,0,-1.4871609,0.09586285799741745,0.9980059862136841,0.9443833231925964
YDR045C,YBR023C,0,-1.4876028,0.09585367888212204,0.9980059862136841,0.9444833397865295
YNL286W,YNL035C,0,-1.4890411,0.09584450721740723,0.9980059862136841,0.9445833563804626
YER082C,YMR224C,0,-1.4899073,0.09583532810211182,0.9980059862136841,0.9446834325790405
YLR068W,YIL168W,0,-1.4905831,0.095826156437397,0.9980059862136841,0.9447834491729736
YAL011W,YIL150C,0,-1.4908171,0.09581697732210159,0.9980059862136841,0.9448834657669067
YML043C,YER032W,0,-1.4909098,0.09580781310796738,0.9980059862136841,0.9449834823608398
YDR128W,YGR049W,0,-1.4917718,0.09579864144325256,0.9980059862136841,0.945083498954773
YNL061W,YGL196W,0,-1.4926167,0.09578947722911835,0.9980059862136841,0.9451835751533508
YGL031C,YDR005C,0,-1.4934855,0.09578030556440353,0.9980059862136841,0.9452835917472839
YHR204W,YLR128W,0,-1.4937785,0.09577114135026932,0.9980059862136841,0.945383608341217
YPL192C,YDL154W,0,-1.4939735,0.0957619845867157,0.9980059862136841,0.9454836249351501
YDR406W,YMR287C,0,-1.4953436,0.09575282037258148,0.9980059862136841,0.945583701133728
YML043C,YGL061C,0,-1.4958994,0.09574366360902786,0.9980059862136841,0.9456837177276611
YNL188W,YLR451W,0,-1.4963368,0.09573450684547424,0.9980059862136841,0.9457837343215942
YMR001C,YDR165W,0,-1.4965633,0.09572535008192062,0.9980059862136841,0.9458837509155273
YPL193W,YGR058W,0,-1.4970497,0.0957162007689476,0.9980059862136841,0.9459837675094604
YPL053C,YPL254W,0,-1.4979146,0.09570704400539398,0.9980059862136841,0.9460838437080383
YIR026C,YKL155C,0,-1.4992911,0.09569789469242096,0.9980059862136841,0.9461838603019714
YLR186W,YBR162W-A,0,-1.5011134,0.09568874537944794,0.9980059862136841,0.9462838768959045
YER129W,YGL245W,0,-1.5016596,0.09567960351705551,0.9980059862136841,0.9463838934898376
YGR068C,YNL148C,0,-1.5017341,0.09567045420408249,0.9980059862136841,0.9464839696884155
YBR050C,YLL011W,0,-1.5018837,0.09566131234169006,0.9980059862136841,0.9465839862823486
YDR545W,YNL176C,0,-1.5060182,0.09565217047929764,0.9980059862136841,0.9466840028762817
YMR128W,YDR495C,0,-1.5064906,0.09564303606748581,0.9980059862136841,0.9467840194702148
YDR097C,YLR376C,0,-1.5071363,0.09563389420509338,0.9980059862136841,0.946884036064148
YKL143W,YDL110C,0,-1.5077949,0.09562475979328156,0.9980059862136841,0.9469841122627258
YGL063W,YNR024W,0,-1.5078547,0.09561562538146973,0.9980059862136841,0.9470841288566589
YLR435W,YAL048C,0,-1.5081601,0.0956064984202385,0.9980059862136841,0.947184145450592
YBR069C,YGL033W,0,-1.5082655,0.09559736400842667,0.9980059862136841,0.9472841620445251
YNL328C,YGR200C,0,-1.5090225,0.09558823704719543,0.9980059862136841,0.947384238243103
YNL002C,YGR001C,0,-1.5099007,0.0955791100859642,0.9980059862136841,0.9474842548370361
YNR038W,YLR190W,0,-1.5103589,0.09556998312473297,0.9980059862136841,0.9475842714309692
YOL096C,YIL087C,0,-1.5107868,0.09556085616350174,0.9980059862136841,0.9476842880249023
YER038C,YCR035C,0,-1.5114642,0.0955517366528511,0.9980059862136841,0.9477843642234802
YBR290W,YOR068C,0,-1.5124426,0.09554261714220047,0.9980059862136841,0.9478843808174133
YMR014W,YOR359W,0,-1.5124619,0.09553349763154984,0.9980059862136841,0.9479843974113464
YKL125W,YMR242C,0,-1.5150223,0.0955243855714798,0.9980059862136841,0.9480844140052795
YJL036W,YNL216W,0,-1.5155792,0.09551526606082916,0.9980059862136841,0.9481844305992126
YMR012W,YFL008W,0,-1.5177717,0.09550615400075912,0.9980059862136841,0.9482845067977905
YGL067W,YIL090W,0,-1.5182757,0.09549704194068909,0.9980059862136841,0.9483845233917236
YOR339C,YPL133C,0,-1.5193764,0.09548792988061905,0.9980059862136841,0.9484845399856567
YJR016C,YDL014W,0,-1.5193845,0.09547882527112961,0.9980059862136841,0.9485845565795898
YDR406W,YJR093C,0,-1.5198107,0.09546972066164017,0.9980059862136841,0.9486846327781677
YDL093W,YGL131C,0,-1.5200192,0.09546061605215073,0.9980059862136841,0.9487846493721008
YBL010C,YOR179C,0,-1.5202646,0.09545151144266129,0.9980059862136841,0.9488846659660339
YLR215C,YDR331W,0,-1.5209829,0.09544240683317184,0.9980059862136841,0.948984682559967
YPL018W,YIL136W,0,-1.5213747,0.095433309674263,0.9980059862136841,0.9490846991539001
YDR386W,YNL199C,0,-1.522289,0.09542421251535416,0.9980059862136841,0.949184775352478
YJR088C,YCR045C,0,-1.5243045,0.09541511535644531,0.9980059862136841,0.9492847919464111
YLR347C,YOR129C,0,-1.5274966,0.09540602564811707,0.9980059862136841,0.9493848085403442
YML133C,YCR044C,0,-1.5277202,0.09539692848920822,0.9980059862136841,0.9494848251342773
YJL168C,YDR381W,0,-1.5290358,0.09538783878087997,0.9980059862136841,0.9495849013328552
YNL064C,YHR080C,0,-1.5307645,0.09537874907255173,0.9980059862136841,0.9496849179267883
YKR027W,YPR104C,0,-1.5333906,0.09536966681480408,0.9980059862136841,0.9497849345207214
YKL129C,YKL193C,0,-1.5341012,0.09536057710647583,0.9980059862136841,0.9498849511146545
YPL255W,YDL114W,0,-1.5344417,0.09535149484872818,0.9980059862136841,0.9499849677085876
YBR079C,YLR367W,0,-1.5377908,0.09534241259098053,0.9980059862136841,0.9500850439071655
YNR063W,YHL024W,0,-1.5389615,0.09533333033323288,0.9980059862136841,0.9501850605010986
YLR318W,YOR245C,0,-1.5406852,0.09532425552606583,0.9980059862136841,0.9502850770950317
YEL061C,YMR215W,0,-1.5414641,0.09531518071889877,0.9980059862136841,0.9503850936889648
YOL133W,YDL211C,0,-1.5452498,0.09530610591173172,0.9980059862136841,0.9504851698875427
YHR046C,YNL278W,0,-1.5470493,0.09529703110456467,0.9980059862136841,0.9505851864814758
YPL209C,YNL294C,0,-1.5500044,0.09528795629739761,0.9980059862136841,0.9506852030754089
YNR075W,YBR135W,0,-1.5503621,0.09527888894081116,0.9980059862136841,0.950785219669342
YOR110W,YOR284W,0,-1.5558397,0.0952698215842247,0.9980059862136841,0.9508852362632751
YLL022C,YJL069C,0,-1.5573632,0.09526075422763824,0.9980059862136841,0.950985312461853
YDL008W,YDL247W,0,-1.5578637,0.09525168687105179,0.9980059862136841,0.9510853290557861
YPL207W,YKR010C,0,-1.5590739,0.09524262696504593,0.9980059862136841,0.9511853456497192
YCR063W,YJR093C,0,-1.5599546,0.09523356705904007,0.9980059862136841,0.9512853622436523
YDL051W,YIL084C,0,-1.5607278,0.09522450715303421,0.9980059862136841,0.9513854384422302
YOR019W,YER029C,0,-1.563267,0.09521544724702835,0.9980059862136841,0.9514854550361633
YNL149C,YJL162C,0,-1.5645901,0.09520639479160309,0.9980059862136841,0.9515854716300964
YMR060C,YML093W,0,-1.5657187,0.09519733488559723,0.9980059862136841,0.9516854882240295
YHR013C,YOR341W,0,-1.5687047,0.09518828243017197,0.9980059862136841,0.9517855644226074
YNL186W,YDR513W,0,-1.5690035,0.0951792299747467,0.9980059862136841,0.9518855810165405
YGR038W,YPL021W,0,-1.5712366,0.09517018496990204,0.9980059862136841,0.9519855976104736
YHR122W,YMR128W,0,-1.5718917,0.09516113996505737,0.9980059862136841,0.9520856142044067
YPL128C,YMR262W,0,-1.5721917,0.09515209496021271,0.9980059862136841,0.9521856307983398
YHL006C,YDR037W,0,-1.5748228,0.09514304995536804,0.9980059862136841,0.9522857069969177
YER127W,YOR028C,0,-1.5750216,0.09513400495052338,0.9980059862136841,0.9523857235908508
YGL100W,YDR545W,0,-1.5755244,0.09512496739625931,0.9980059862136841,0.9524857401847839
YBL009W,YNL023C,0,-1.5766141,0.09511592239141464,0.9980059862136841,0.952585756778717
YEL055C,YBR014C,0,-1.5770025,0.09510688483715057,0.9980059862136841,0.9526858329772949
YJR007W,YDR437W,0,-1.5791187,0.0950978547334671,0.9980059862136841,0.952785849571228
YER120W,YIL009W,0,-1.5808328,0.09508881717920303,0.9980059862136841,0.9528858661651611
YMR014W,YKL114C,0,-1.5813849,0.09507978707551956,0.9980059862136841,0.9529858827590942
YKR077W,YPR168W,0,-1.5836874,0.09507075697183609,0.9980059862136841,0.9530858993530273
YLR405W,YBR041W,0,-1.5856882,0.09506172686815262,0.9980059862136841,0.9531859755516052
YJL033W,YJL054W,0,-1.5874888,0.09505270421504974,0.9980059862136841,0.9532859921455383
YDR309C,YGR001C,0,-1.5880182,0.09504367411136627,0.9980059862136841,0.9533860087394714
YDR343C,YGL191W,0,-1.5883925,0.0950346514582634,0.9980059862136841,0.9534860253334045
YOR120W,YPR151C,0,-1.5901358,0.09502562880516052,0.9980059862136841,0.9535861015319824
YDR315C,YPR110C,0,-1.5914838,0.09501661360263824,0.9980059862136841,0.9536861181259155
YGR158C,YHL001W,0,-1.5918498,0.09500759094953537,0.9980059862136841,0.9537861347198486
YNL292W,YGR278W,0,-1.591886,0.09499857574701309,0.9980059862136841,0.9538861513137817
YGL077C,YDR352W,0,-1.5951853,0.09498956054449081,0.9980059862136841,0.9539861679077148
YBR084W,YOR339C,0,-1.5963812,0.09498054534196854,0.9980059862136841,0.9540862441062927
YLR419W,YGL018C,0,-1.5971513,0.09497153759002686,0.9980059862136841,0.9541862607002258
YLR343W,YGR059W,0,-1.5980868,0.09496252983808517,0.9980059862136841,0.9542862772941589
YLR011W,YGL086W,0,-1.6011939,0.0949535220861435,0.9980059862136841,0.954386293888092
YNL071W,YNL024C,0,-1.6014749,0.09494451433420181,0.9980059862136841,0.9544863700866699
YPL179W,YOR009W,0,-1.6015494,0.09493550658226013,0.9980059862136841,0.954586386680603
YFL002C,YLR032W,0,-1.6031139,0.09492650628089905,0.9980059862136841,0.9546864032745361
YIL065C,YML113W,0,-1.6050031,0.09491750597953796,0.9980059862136841,0.9547864198684692
YGR277C,YDR361C,0,-1.605568,0.09490850567817688,0.9980059862136841,0.9548864364624023
YML104C,YMR068W,0,-1.6056447,0.0948995053768158,0.9980059862136841,0.9549865126609802
YPL105C,YMR233W,0,-1.606716,0.09489051252603531,0.9980059862136841,0.9550865292549133
YNR038W,YEL018W,0,-1.6072426,0.09488151967525482,0.9980059862136841,0.9551865458488464
YCL067C,YOR026W,0,-1.6105008,0.09487252682447433,0.9980059862136841,0.9552865624427795
YER167W,YNL068C,0,-1.6125681,0.09486353397369385,0.9980059862136841,0.9553866386413574
YCR045C,YMR091C,0,-1.6128227,0.09485454112291336,0.9980059862136841,0.9554866552352905
YBR239C,YBR015C,0,-1.613209,0.09484555572271347,0.9980059862136841,0.9555866718292236
YOL122C,YHR172W,0,-1.6143286,0.09483657032251358,0.9980059862136841,0.9556866884231567
YOR066W,YER102W,0,-1.6152508,0.09482758492231369,0.9980059862136841,0.9557867646217346
YOL121C,YNL065W,0,-1.6164873,0.0948186069726944,0.9980059862136841,0.9558867812156677
YDR485C,YOL067C,0,-1.6165164,0.0948096215724945,0.9980059862136841,0.9559867978096008
YLR333C,YDR040C,0,-1.6197698,0.09480064362287521,0.9980059862136841,0.9560868144035339
YLR393W,YLR210W,0,-1.6206028,0.09479166567325592,0.9980059862136841,0.956186830997467
YGL136C,YBR084C-A,0,-1.6208334,0.09478268772363663,0.9980059862136841,0.9562869071960449
YHL008C,YDR120C,0,-1.6232466,0.09477371722459793,0.9980059862136841,0.956386923789978
YGR271C-A,YLR418C,0,-1.624713,0.09476474672555923,0.9980059862136841,0.9564869403839111
YKL071W,YER030W,0,-1.6247145,0.09475577622652054,0.9980059862136841,0.9565869569778442
YMR306W,YGR106C,0,-1.6260965,0.09474680572748184,0.9980059862136841,0.9566870331764221
YBR289W,YBR019C,0,-1.6264153,0.09473783522844315,0.9980059862136841,0.9567870497703552
YBR084W,YDR037W,0,-1.626522,0.09472887217998505,0.9980059862136841,0.9568870663642883
YER060W-A,YJR095W,0,-1.6293566,0.09471990913152695,0.9980059862136841,0.9569870829582214
YHR067W,YGL099W,0,-1.629575,0.09471094608306885,0.9980059862136841,0.9570870995521545
YLR405W,YDR005C,0,-1.6296153,0.09470198303461075,0.9980059862136841,0.9571871757507324
YNR012W,YJR160C,0,-1.6302329,0.09469302743673325,0.9980059862136841,0.9572871923446655
YKL056C,YNL002C,0,-1.6303782,0.09468407183885574,0.9980059862136841,0.9573872089385986
YPL217C,YDR153C,0,-1.6322803,0.09467511624097824,0.9980059862136841,0.9574872255325317
YLR363C,YIR026C,0,-1.6331022,0.09466616064310074,0.9980059862136841,0.9575873017311096
YLR352W,YJR108W,0,-1.6339998,0.09465721249580383,0.9980059862136841,0.9576873183250427
YKR024C,YLL023C,0,-1.63467,0.09464825689792633,0.9980059862136841,0.9577873349189758
YCL040W,YJL096W,0,-1.6351528,0.09463930875062943,0.9980059862136841,0.9578873515129089
YJL179W,YKL099C,0,-1.6368403,0.09463036805391312,0.9980059862136841,0.957987368106842
YHR134W,YFR016C,0,-1.6401469,0.09462141990661621,0.9980059862136841,0.9580874443054199
YGL131C,YDR242W,0,-1.6412854,0.0946124792098999,0.9980059862136841,0.958187460899353
YJR014W,YPL183C,0,-1.6415765,0.094603531062603,0.9980059862136841,0.9582874774932861
YDL042C,YGL133W,0,-1.6422334,0.09459459781646729,0.9980059862136841,0.9583874940872192
YDR243C,YMR290C,0,-1.6428676,0.09458565711975098,0.9980059862136841,0.9584875702857971
YLR333C,YLR357W,0,-1.6441122,0.09457671642303467,0.9980059862136841,0.9585875868797302
YPL018W,YMR009W,0,-1.6445708,0.09456778317689896,0.9980059862136841,0.9586876034736633
YKR022C,YKL011C,0,-1.6453203,0.09455884993076324,0.9980059862136841,0.9587876200675964
YJL183W,YHR197W,0,-1.6511865,0.09454991668462753,0.9980059862136841,0.9588876366615295
YOL089C,YDR037W,0,-1.6522589,0.09454099088907242,0.9980059862136841,0.9589877128601074
YOR064C,YDR398W,0,-1.6529441,0.0945320650935173,0.9980059862136841,0.9590877294540405
YER018C,YMR045C,0,-1.6574379,0.09452313184738159,0.9980059862136841,0.9591877460479736
YBR060C,YJL162C,0,-1.6621555,0.09451421350240707,0.9980059862136841,0.9592877626419067
YIL122W,YOL139C,0,-1.6631647,0.09450528770685196,0.9980059862136841,0.9593878388404846
YLR189C,YGL099W,0,-1.6635299,0.09449636191129684,0.9980059862136841,0.9594878554344177
YIR012W,YLR019W,0,-1.6636972,0.09448744356632233,0.9980059862136841,0.9595878720283508
YHL004W,YDR424C,0,-1.6653044,0.09447852522134781,0.9980059862136841,0.9596878886222839
YLR215C,YOR210W,0,-1.666337,0.09446961432695389,0.9980059862136841,0.9597879648208618
YEL019C,YNL291C,0,-1.6683793,0.09446069598197937,0.9980059862136841,0.9598879814147949
YJR091C,YKL021C,0,-1.6689091,0.09445178508758545,0.9980059862136841,0.959987998008728
YPL193W,YAR010C,0,-1.6701705,0.09444287419319153,0.9980059862136841,0.9600880146026611
YLR081W,YMR198W,0,-1.6722282,0.09443396329879761,0.9980059862136841,0.9601880311965942
YLR260W,YLR238W,0,-1.6752666,0.09442505240440369,0.9980059862136841,0.9602881073951721
YGL173C,YCR072C,0,-1.6756227,0.09441614896059036,0.9980059862136841,0.9603881239891052
YNR022C,YBR103W,0,-1.6756518,0.09440724551677704,0.9980059862136841,0.9604881405830383
YLR274W,YDR191W,0,-1.6770222,0.09439834207296371,0.9980059862136841,0.9605881571769714
YBR153W,YDL247W,0,-1.6777585,0.09438943862915039,0.9980059862136841,0.9606882333755493
YJR027W,YBR171W,0,-1.6783005,0.09438054263591766,0.9980059862136841,0.9607882499694824
YIR021W,YFR028C,0,-1.6824095,0.09437163919210434,0.9980059862136841,0.9608882665634155
YPR110C,YNL069C,0,-1.6829401,0.09436274319887161,0.9980059862136841,0.9609882831573486
YDR190C,YBL054W,0,-1.6854262,0.09435384720563889,0.9980059862136841,0.9610882997512817
YOR288C,YGL171W,0,-1.6867065,0.09434495866298676,0.9980059862136841,0.9611883759498596
YGL043W,YGL033W,0,-1.6868659,0.09433606266975403,0.9980059862136841,0.9612883925437927
YKR100C,YKL029C,0,-1.6876086,0.0943271741271019,0.9980059862136841,0.9613884091377258
YIL056W,YML060W,0,-1.6918578,0.09431828558444977,0.9980059862136841,0.9614884257316589
YML133C,YPR105C,0,-1.6922598,0.09430940449237823,0.9980059862136841,0.9615885019302368
YER127W,YBR126C,0,-1.6924858,0.0943005159497261,0.9980059862136841,0.9616885185241699
YDR225W,YGR060W,0,-1.6933633,0.09429163485765457,0.9980059862136841,0.961788535118103
YEL032W,YER129W,0,-1.6948023,0.09428275376558304,0.9980059862136841,0.9618885517120361
YPL160W,YNL148C,0,-1.6961854,0.0942738726735115,0.9980059862136841,0.9619885683059692
YJR129C,YER147C,0,-1.6969268,0.09426499903202057,0.9980059862136841,0.9620886445045471
YLL018C,YDR545W,0,-1.7000992,0.09425611793994904,0.9980059862136841,0.9621886610984802
YDR228C,YHR152W,0,-1.7009559,0.0942472442984581,0.9980059862136841,0.9622886776924133
YOL012C,YLR320W,0,-1.7026126,0.09423837065696716,0.9980059862136841,0.9623886942863464
YGR080W,YMR006C,0,-1.7030846,0.09422950446605682,0.9980059862136841,0.9624887704849243
YML031W,YDR075W,0,-1.7042143,0.09422063082456589,0.9980059862136841,0.9625887870788574
YCR092C,YKR042W,0,-1.7048672,0.09421176463365555,0.9980059862136841,0.9626888036727905
YOR207C,YNR011C,0,-1.7052481,0.09420289844274521,0.9980059862136841,0.9627888202667236
YKL194C,YGL160W,0,-1.7056773,0.09419403225183487,0.9980059862136841,0.9628888368606567
YKR003W,YHR170W,0,-1.7093624,0.09418517351150513,0.9980059862136841,0.9629889130592346
YBR142W,YJL170C,0,-1.7098806,0.09417630732059479,0.9980059862136841,0.9630889296531677
YHR116W,YHR088W,0,-1.7114353,0.09416744858026505,0.9980059862136841,0.9631889462471008
YBR060C,YLR032W,0,-1.7118633,0.0941585898399353,0.9980059862136841,0.9632889628410339
YGL189C,YNR012W,0,-1.7123525,0.09414973855018616,0.9980059862136841,0.9633890390396118
YMR266W,YLR068W,0,-1.7124108,0.09414087980985641,0.9980059862136841,0.9634890556335449
YOR151C,YLR357W,0,-1.7178152,0.09413202852010727,0.9980059862136841,0.963589072227478
YDL213C,YJL177W,0,-1.7222177,0.09412317723035812,0.9980059862136841,0.9636890888214111
YKR025W,YPR141C,0,-1.7229929,0.09411432594060898,0.9980059862136841,0.963789165019989
YLR074C,YHR149C,0,-1.7230879,0.09410548210144043,0.9980059862136841,0.9638891816139221
YGR159C,YFR016C,0,-1.7242312,0.09409663826227188,0.9980059862136841,0.9639891982078552
YFR055W,YDR492W,1,-1.7244451,0.09418178349733353,0.999002993106842,0.9639891982078552
YJR108W,YKL139W,0,-1.7247957,0.09417293220758438,0.999002993106842,0.9640892148017883
YHR169W,YNL323W,0,-1.7258704,0.09416408091783524,0.999002993106842,0.9641892313957214
YDR099W,YCR054C,0,-1.7271647,0.09415523707866669,0.999002993106842,0.9642893075942993
YIL004C,YOR363C,0,-1.7278156,0.09414638578891754,0.999002993106842,0.9643893241882324
YJL104W,YIL172C,0,-1.7304775,0.09413754194974899,0.999002993106842,0.9644893407821655
YPL053C,YHR169W,0,-1.7310879,0.09412869811058044,0.999002993106842,0.9645893573760986
YHL004W,YCR072C,0,-1.731751,0.0941198542714119,0.999002993106842,0.9646894335746765
YDR122W,YLR210W,0,-1.7348665,0.09411101788282394,0.999002993106842,0.9647894501686096
YLR051C,YJL170C,0,-1.7351438,0.09410218149423599,0.999002993106842,0.9648894667625427
YDL247W,YOR372C,0,-1.7353947,0.09409334510564804,0.999002993106842,0.9649894833564758
YNL212W,YNL002C,0,-1.7358696,0.09408450871706009,0.999002993106842,0.9650894999504089
YJL058C,YOL147C,0,-1.7376645,0.09407567232847214,0.999002993106842,0.9651895761489868
YGR068C,YHR216W,0,-1.7403908,0.09406684339046478,0.999002993106842,0.9652895927429199
YIL103W,YHR016C,0,-1.7455082,0.09405801445245743,0.999002993106842,0.965389609336853
YMR290C,YGL077C,0,-1.7491829,0.09404918551445007,0.999002993106842,0.9654896259307861
YDR440W,YOL146W,0,-1.7502482,0.09404035657644272,0.999002993106842,0.965589702129364
YOR057W,YDR021W,0,-1.7546465,0.09403153508901596,0.999002993106842,0.9656897187232971
YGR120C,YNL001W,0,-1.7559695,0.0940227061510086,0.999002993106842,0.9657897353172302
YKL110C,YML065W,0,-1.7563226,0.09401388466358185,0.999002993106842,0.9658897519111633
YJR126C,YLR017W,0,-1.7567425,0.09400506317615509,0.999002993106842,0.9659897685050964
YBR239C,YOR224C,0,-1.7585139,0.09399624913930893,0.999002993106842,0.9660898447036743
YOR032C,YKL191W,0,-1.7587786,0.09398742765188217,0.999002993106842,0.9661898612976074
YEL048C,YIL157C,0,-1.7602478,0.09397861361503601,0.999002993106842,0.9662898778915405
YOR060C,YDR188W,0,-1.7610149,0.09396979957818985,0.999002993106842,0.9663898944854736
YJL036W,YOR077W,0,-1.7616223,0.09396099299192429,0.999002993106842,0.9664899706840515
YHR143W-A,YPL187W,0,-1.7619201,0.09395217895507812,0.999002993106842,0.9665899872779846
YDR005C,YCR072C,0,-1.7624485,0.09394337236881256,0.999002993106842,0.9666900038719177
YNL221C,YHL033C,0,-1.7628176,0.093934565782547,0.999002993106842,0.9667900204658508
YHR120W,YDR198C,0,-1.7643099,0.09392575919628143,0.999002993106842,0.9668900966644287
YER127W,YGL077C,0,-1.7653794,0.09391695261001587,0.999002993106842,0.9669901132583618
YHR081W,YLR249W,0,-1.7662935,0.0939081534743309,0.999002993106842,0.9670901298522949
YOL076W,YOR119C,0,-1.7662964,0.09389935433864594,0.999002993106842,0.967190146446228
YJL096W,YMR017W,0,-1.7712488,0.09389055520296097,0.999002993106842,0.9672901630401611
YLR451W,YOL144W,0,-1.7726705,0.093881756067276,0.999002993106842,0.967390239238739
YGR104C,YLR051C,0,-1.7744917,0.09387296438217163,0.999002993106842,0.9674902558326721
YEL055C,YBL087C,0,-1.779202,0.09386416524648666,0.999002993106842,0.9675902724266052
YHR203C,YPL237W,0,-1.781632,0.0938553735613823,0.999002993106842,0.9676902890205383
YOR151C,YNL186W,0,-1.7818334,0.09384658932685852,0.999002993106842,0.9677903652191162
YKR060W,YLR413W,0,-1.7832755,0.09383779764175415,0.999002993106842,0.9678903818130493
YDL082W,YHR197W,0,-1.7852435,0.09382901340723038,0.999002993106842,0.9679903984069824
YDL042C,YER006W,0,-1.788671,0.09382022172212601,0.999002993106842,0.9680904150009155
YGR083C,YLR057W,0,-1.7946001,0.09381143748760223,0.999002993106842,0.9681904315948486
YOR129C,YOR372C,0,-1.8053873,0.09380266070365906,0.999002993106842,0.9682905077934265
YHR170W,YOL120C,0,-1.8088509,0.09379387646913528,0.999002993106842,0.9683905243873596
YNL023C,YKR024C,0,-1.8095049,0.09378509968519211,0.999002993106842,0.9684905409812927
YLR204W,YLR068W,0,-1.8099635,0.09377632290124893,0.999002993106842,0.9685905575752258
YGR071C,YML098W,0,-1.8101554,0.09376754611730576,0.999002993106842,0.9686906337738037
YCL045C,YHR197W,0,-1.8105054,0.09375876933336258,0.999002993106842,0.9687906503677368
YGL208W,YJL050W,0,-1.8159741,0.09375,0.999002993106842,0.9688906669616699
YOR190W,YDR317W,0,-1.8180296,0.09374123066663742,0.999002993106842,0.968990683555603
YDL051W,YBR024W,0,-1.8181242,0.09373246133327484,0.999002993106842,0.9690907001495361
YCR091W,YDR347W,0,-1.8189888,0.09372369199991226,0.999002993106842,0.969190776348114
YBR119W,YNL188W,0,-1.821075,0.09371493011713028,0.999002993106842,0.9692907929420471
YIL009W,YDR339C,0,-1.824745,0.0937061607837677,0.999002993106842,0.9693908095359802
YKL077W,YLR467W,0,-1.8249335,0.09369739890098572,0.999002993106842,0.9694908261299133
YPL038W,YKL034W,0,-1.8318326,0.09368863701820374,0.999002993106842,0.9695909023284912
YIL124W,YDR358W,0,-1.8321879,0.09367988258600235,0.999002993106842,0.9696909189224243
YGL205W,YBR268W,0,-1.8345947,0.09367112070322037,0.999002993106842,0.9697909355163574
YHL001W,YGL249W,0,-1.8359731,0.09366236627101898,0.999002993106842,0.9698909521102905
YML087C,YNR048W,0,-1.8364371,0.0936536118388176,0.999002993106842,0.9699909687042236
YJR075W,YOL135C,0,-1.8377914,0.09364485740661621,0.999002993106842,0.9700910449028015
YGL249W,YCR043C,0,-1.8399742,0.09363611042499542,0.999002993106842,0.9701910614967346
YDL235C,YKR081C,0,-1.8455544,0.09362735599279404,0.999002993106842,0.9702910780906677
YMR094W,YJR049C,0,-1.8470483,0.09361860901117325,0.999002993106842,0.9703910946846008
YML087C,YJL197W,0,-1.85239,0.09360986202955246,0.999002993106842,0.9704911708831787
YIL127C,YGR129W,0,-1.8524698,0.09360112249851227,0.999002993106842,0.9705911874771118
YBR084W,YLR320W,0,-1.8538551,0.09359237551689148,0.999002993106842,0.9706912040710449
YLR013W,YDR148C,0,-1.8543382,0.09358363598585129,0.999002993106842,0.970791220664978
YOR252W,YIL136W,0,-1.8554736,0.0935748964548111,0.999002993106842,0.9708912968635559
YFR007W,YMR098C,0,-1.8574233,0.0935661569237709,0.999002993106842,0.970991313457489
YDR418W,YDR040C,0,-1.8594892,0.09355742484331131,0.999002993106842,0.9710913300514221
YBR295W,YHL050C,0,-1.8629742,0.09354868531227112,0.999002993106842,0.9711913466453552
YGR159C,YJR093C,0,-1.8664529,0.09353995323181152,0.999002993106842,0.9712913632392883
YER044C-A,YGL107C,0,-1.8673286,0.09353122115135193,0.999002993106842,0.9713914394378662
YKR049C,YGL156W,0,-1.8706927,0.09352249652147293,0.999002993106842,0.9714914560317993
YNL186W,YGL089C,0,-1.8724338,0.09351376444101334,0.999002993106842,0.9715914726257324
YLR175W,YMR223W,0,-1.877172,0.09350503981113434,0.999002993106842,0.9716914892196655
YNL248C,YMR121C,0,-1.8774905,0.09349631518125534,0.999002993106842,0.9717915654182434
YDR179C,YOR073W,0,-1.8775322,0.09348759055137634,0.999002993106842,0.9718915820121765
YLR200W,YDL153C,0,-1.8798289,0.09347886592149734,0.999002993106842,0.9719915986061096
YNL087W,YOR034C,0,-1.8820039,0.09347014874219894,0.999002993106842,0.9720916152000427
YNR046W,YKL034W,0,-1.88344,0.09346143156290054,0.999002993106842,0.9721916317939758
YER155C,YER159C,0,-1.8836697,0.09345271438360214,0.999002993106842,0.9722917079925537
YMR116C,YCR072C,0,-1.8837807,0.09344399720430374,0.999002993106842,0.9723917245864868
YDL106C,YIL103W,0,-1.8840175,0.09343528747558594,0.999002993106842,0.9724917411804199
YLR210W,YLR196W,0,-1.884285,0.09342657029628754,0.999002993106842,0.972591757774353
YDR368W,YHR197W,0,-1.8928043,0.09341786056756973,0.999002993106842,0.9726918339729309
YPL193W,YOR196C,0,-1.8930519,0.09340915083885193,0.999002993106842,0.972791850566864
YHR153C,YPR031W,0,-1.8942192,0.09340044856071472,0.999002993106842,0.9728918671607971
YKR079C,YML063W,0,-1.8956945,0.09339173883199692,0.999002993106842,0.9729918837547302
YJR108W,YIL098C,0,-1.8959,0.09338303655385971,0.999002993106842,0.9730919003486633
YJR027W,YOR272W,0,-1.9068754,0.0933743342757225,0.999002993106842,0.9731919765472412
YDR356W,YOR073W,0,-1.9072174,0.0933656319975853,0.999002993106842,0.9732919931411743
YDR119W,YDR480W,0,-1.9095182,0.09335693717002869,0.999002993106842,0.9733920097351074
YLR221C,YMR051C,0,-1.9096966,0.09334824234247208,0.999002993106842,0.9734920263290405
YKL081W,YER073W,0,-1.9103663,0.09333954006433487,0.999002993106842,0.9735921025276184
YER127W,YLR172C,0,-1.9117223,0.09333085268735886,0.999002993106842,0.9736921191215515
YLR204W,YKR075C,0,-1.9123566,0.09332215785980225,0.999002993106842,0.9737921357154846
YPR133C,YLR015W,0,-1.913566,0.09331346303224564,0.999002993106842,0.9738921523094177
YNL188W,YNL199C,0,-1.9152693,0.09330477565526962,0.999002993106842,0.9739921689033508
YCR091W,YLR449W,0,-1.922687,0.09329608827829361,0.999002993106842,0.9740922451019287
YNL166C,YJL162C,0,-1.9239109,0.0932874009013176,0.999002993106842,0.9741922616958618
YOR044W,YDR299W,0,-1.9282607,0.09327872097492218,0.999002993106842,0.9742922782897949
YIR026C,YNR007C,0,-1.9294434,0.09327003359794617,0.999002993106842,0.974392294883728
YDL200C,YBL004W,0,-1.9327841,0.09326135367155075,0.999002993106842,0.9744923710823059
YGR099W,YJL198W,0,-1.945688,0.09325267374515533,0.999002993106842,0.974592387676239
YKR092C,YBR014C,0,-1.9479737,0.09324400126934052,0.999002993106842,0.9746924042701721
YFR028C,YIL044C,0,-1.9517027,0.0932353213429451,0.999002993106842,0.9747924208641052
YJL057C,YNL115C,0,-1.954828,0.09322664886713028,0.999002993106842,0.9748924970626831
YPR009W,YDL213C,0,-1.957974,0.09321797639131546,0.999002993106842,0.9749925136566162
YIL167W,YIL014W,0,-1.9608561,0.09320930391550064,0.999002993106842,0.9750925302505493
YJR002W,YKL208W,0,-1.9644177,0.09320063143968582,0.999002993106842,0.9751925468444824
YNL292W,YGL070C,0,-1.9682653,0.0931919664144516,0.999002993106842,0.9752925634384155
YNL151C,YMR215W,0,-1.9734204,0.09318330138921738,0.999002993106842,0.9753926396369934
YCR098C,YDR316W,0,-1.974516,0.09317463636398315,0.999002993106842,0.9754926562309265
YKL108W,YJR054W,0,-1.9753126,0.09316597133874893,0.999002993106842,0.9755926728248596
YLR306W,YJL110C,0,-1.976116,0.09315730631351471,0.999002993106842,0.9756926894187927
YOR341W,YLR017W,0,-1.9784849,0.09314864873886108,0.999002993106842,0.9757927656173706
YHR011W,YBL035C,0,-1.9842894,0.09313999116420746,0.999002993106842,0.9758927822113037
YEL019C,YJL047C,0,-1.9878572,0.09313133358955383,0.999002993106842,0.9759927988052368
YIR034C,YOR190W,0,-1.9902455,0.09312267601490021,0.999002993106842,0.9760928153991699
YNL251C,YHR070W,0,-1.9932134,0.09311402589082718,0.999002993106842,0.976192831993103
YLR194C,YLR175W,0,-1.9951532,0.09310536831617355,0.999002993106842,0.9762929081916809
YHR111W,YLR364W,0,-1.9975083,0.09309671819210052,0.999002993106842,0.976392924785614
YHR138C,YJL208C,0,-1.9988213,0.0930880680680275,0.999002993106842,0.9764929413795471
YGL028C,YDR224C,0,-1.9988441,0.09307942539453506,0.999002993106842,0.9765929579734802
YER069W,YOL088C,0,-2.004787,0.09307077527046204,0.999002993106842,0.9766930341720581
YNL218W,YDR110W,0,-2.0056086,0.0930621325969696,0.999002993106842,0.9767930507659912
YKL081W,YGR195W,0,-2.006289,0.09305348992347717,0.999002993106842,0.9768930673599243
YGR083C,YPR017C,0,-2.0067682,0.09304484724998474,0.999002993106842,0.9769930839538574
YKL149C,YML005W,0,-2.0091977,0.0930362120270729,0.999002993106842,0.9770931005477905
YOL123W,YJR002W,0,-2.0099332,0.09302757680416107,0.999002993106842,0.9771931767463684
YDR184C,YPL220W,0,-2.0104806,0.09301894158124924,0.999002993106842,0.9772931933403015
YBL072C,YLR221C,0,-2.013796,0.0930103063583374,0.999002993106842,0.9773932099342346
YGL207W,YPR096C,0,-2.0166848,0.09300167113542557,0.999002993106842,0.9774932265281677
YBL014C,YMR288W,0,-2.0179806,0.09299303591251373,0.999002993106842,0.9775933027267456
YHR021C,YLR406C,0,-2.018368,0.0929844081401825,0.999002993106842,0.9776933193206787
YDL030W,YGL095C,0,-2.0197866,0.09297578036785126,0.999002993106842,0.9777933359146118
YMR162C,YNL254C,0,-2.0204198,0.09296715259552002,0.999002993106842,0.9778933525085449
YPL108W,YPL090C,0,-2.0229163,0.09295853227376938,0.999002993106842,0.977993369102478
YFL049W,YGR275W,0,-2.0285523,0.09294990450143814,0.999002993106842,0.9780934453010559
YNL030W,YOL135C,0,-2.0302196,0.0929412841796875,0.999002993106842,0.978193461894989
YOR374W,YDR165W,0,-2.0305629,0.09293266385793686,0.999002993106842,0.9782934784889221
YFL029C,YJL069C,0,-2.0320938,0.09292404353618622,0.999002993106842,0.9783934950828552
YDR099W,YCR081W,0,-2.0325222,0.09291543066501617,0.999002993106842,0.9784935712814331
YCL063W,YHR062C,0,-2.0328176,0.09290681779384613,0.999002993106842,0.9785935878753662
YNL292W,YMR323W,0,-2.041531,0.09289820492267609,0.999002993106842,0.9786936044692993
YML095C,YHR186C,0,-2.0421407,0.09288959205150604,0.999002993106842,0.9787936210632324
YHR115C,YJL148W,0,-2.050336,0.092880979180336,0.999002993106842,0.9788936972618103
YJR096W,YKR049C,0,-2.053768,0.09287236630916595,0.999002993106842,0.9789937138557434
YDR020C,YDL119C,0,-2.05926,0.09286376088857651,0.999002993106842,0.9790937304496765
YGR158C,YNR063W,0,-2.0628703,0.09285515546798706,0.999002993106842,0.9791937470436096
YCL059C,YOR003W,0,-2.0633156,0.09284655004739761,0.999002993106842,0.9792937636375427
YPL068C,YJL164C,0,-2.0644116,0.09283795207738876,0.999002993106842,0.9793938398361206
YPR102C,YLR449W,0,-2.0706177,0.09282934665679932,0.999002993106842,0.9794938564300537
YKR090W,YOR119C,0,-2.071686,0.09282074868679047,0.999002993106842,0.9795938730239868
YML069W,YER126C,0,-2.0779147,0.09281215071678162,0.999002993106842,0.9796938896179199
YDR324C,YFR031C-A,0,-2.0786083,0.09280356019735336,0.999002993106842,0.9797939658164978
YDR485C,YNL151C,0,-2.0839865,0.09279496222734451,0.999002993106842,0.9798939824104309
YER118C,YOL154W,0,-2.0861902,0.09278637170791626,0.999002993106842,0.979993999004364
YLR413W,YNL233W,0,-2.0910234,0.092777781188488,0.999002993106842,0.9800940155982971
YPL120W,YOR272W,0,-2.0944195,0.09276919066905975,0.999002993106842,0.9801940321922302
YOL002C,YMR301C,1,-2.097272,0.09285317361354828,1.0,0.9801940321922302
YPL206C,YGR200C,0,-2.0976362,0.09284458309412003,1.0,0.9802941083908081
YIL118W,YNL299W,0,-2.101171,0.09283598512411118,1.0,0.9803941249847412
YNL166C,YHR090C,0,-2.1059783,0.09282739460468292,1.0,0.9804941415786743
YOL061W,YOR341W,0,-2.1085668,0.09281880408525467,1.0,0.9805941581726074
YER179W,YDR300C,0,-2.111077,0.09281021356582642,1.0,0.9806942343711853
YDR425W,YLR233C,0,-2.1148384,0.09280163049697876,1.0,0.9807942509651184
YBR154C,YBR057C,0,-2.1162364,0.0927930399775505,1.0,0.9808942675590515
YPR143W,YOR337W,0,-2.1173046,0.09278445690870285,1.0,0.9809942841529846
YKL143W,YOR381W,0,-2.1174202,0.0927758738398552,1.0,0.9810943007469177
YHR118C,YNL256W,0,-2.119615,0.09276729822158813,1.0,0.9811943769454956
YDL043C,YMR313C,0,-2.122134,0.09275871515274048,1.0,0.9812943935394287
YMR291W,YDL031W,0,-2.1233451,0.09275013953447342,1.0,0.9813944101333618
YDR080W,YBL004W,0,-2.1242368,0.09274156391620636,1.0,0.9814944267272949
YPL175W,YLR277C,0,-2.129721,0.0927329882979393,1.0,0.9815945029258728
YDR045C,YNL292W,0,-2.133124,0.09272441267967224,1.0,0.9816945195198059
YJR093C,YJR090C,0,-2.1371486,0.09271584451198578,1.0,0.981794536113739
YBR084W,YCL054W,0,-2.147538,0.09270727634429932,1.0,0.9818945527076721
YLR060W,YHR062C,0,-2.1538846,0.09269870817661285,1.0,0.9819945693016052
YDL003W,YJR097W,0,-2.1542149,0.09269014000892639,1.0,0.9820946455001831
YNR053C,YCR034W,0,-2.1547246,0.09268157184123993,1.0,0.9821946620941162
YBR055C,YJL098W,0,-2.1587698,0.09267301112413406,1.0,0.9822946786880493
YJL074C,YKL045W,0,-2.158829,0.0926644504070282,1.0,0.9823946952819824
YBR034C,YAL048C,0,-2.1687284,0.09265588968992233,1.0,0.9824947714805603
YDL060W,YKL006W,0,-2.1692622,0.09264732897281647,1.0,0.9825947880744934
YOL130W,YDR110W,0,-2.1750405,0.0926387757062912,1.0,0.9826948046684265
YJL203W,YJR088C,0,-2.178757,0.09263021498918533,1.0,0.9827948212623596
YMR094W,YAR015W,0,-2.1952066,0.09262166172266006,1.0,0.9828948974609375
YBR084W,YPR110C,0,-2.1976902,0.0926131084561348,1.0,0.9829949140548706
YIL034C,YDR361C,0,-2.2017484,0.09260456264019012,1.0,0.9830949306488037
YOL115W,YOL094C,0,-2.2018836,0.09259600937366486,1.0,0.9831949472427368
YPR048W,YNL186W,0,-2.207998,0.09258746355772018,1.0,0.9832949638366699
YLR051C,YHR070W,0,-2.209943,0.09257891774177551,1.0,0.9833950400352478
YBR154C,YOR083W,0,-2.210413,0.09257037192583084,1.0,0.9834950566291809
YGR296W,YGL171W,0,-2.2256052,0.09256183356046677,1.0,0.983595073223114
YFL052W,YKL120W,0,-2.227351,0.0925532877445221,1.0,0.9836950898170471
YJR002W,YDL092W,0,-2.2292502,0.09254474937915802,1.0,0.983795166015625
YOR064C,YAL059W,0,-2.2296956,0.09253621101379395,1.0,0.9838951826095581
YNL188W,YLR431C,0,-2.229768,0.09252767264842987,1.0,0.9839951992034912
YBR299W,YDR338C,0,-2.2301292,0.09251914173364639,1.0,0.9840952157974243
YOL125W,YOR295W,0,-2.234783,0.09251060336828232,1.0,0.9841952323913574
YDR418W,YDL060W,0,-2.2364442,0.09250207245349884,1.0,0.9842953085899353
YPL030W,YJL076W,0,-2.2406025,0.09249354153871536,1.0,0.9843953251838684
YOR380W,YDL031W,0,-2.2480695,0.09248501807451248,1.0,0.9844953417778015
YHR148W,YOL154W,0,-2.2483904,0.092476487159729,1.0,0.9845953583717346
YMR312W,YPR096C,0,-2.25315,0.09246796369552612,1.0,0.9846954345703125
YBL042C,YPL021W,0,-2.2608898,0.09245944023132324,1.0,0.9847954511642456
YLR210W,YOR367W,0,-2.2620616,0.09245091676712036,1.0,0.9848954677581787
YMR242C,YOR078W,0,-2.2631328,0.09244239330291748,1.0,0.9849954843521118
YEL032W,YNL001W,0,-2.2669766,0.0924338772892952,1.0,0.9850955009460449
YOR217W,YPL237W,0,-2.2753384,0.09242536127567291,1.0,0.9851955771446228
YDR166C,YBL004W,0,-2.277439,0.09241684526205063,1.0,0.9852955937385559
YNL038W,YBR104W,0,-2.2795672,0.09240832924842834,1.0,0.985395610332489
YEL055C,YOL051W,0,-2.2813828,0.09239981323480606,1.0,0.9854956269264221
YJL025W,YJL184W,0,-2.285795,0.09239130467176437,1.0,0.985595703125
YMR118C,YLR221C,0,-2.2868297,0.09238279610872269,1.0,0.9856957197189331
YGL211W,YKL027W,0,-2.2918932,0.092374287545681,1.0,0.9857957363128662
YKR081C,YBR193C,0,-2.2965574,0.09236577898263931,1.0,0.9858957529067993
YJL125C,YNL329C,0,-2.3137243,0.09235727787017822,1.0,0.9859957695007324
YPL081W,YCR035C,0,-2.3234375,0.09234876930713654,1.0,0.9860958456993103
YGL078C,YDL003W,0,-2.3246834,0.09234026819467545,1.0,0.9861958622932434
YDL007W,YKR092C,0,-2.3385978,0.09233176708221436,1.0,0.9862958788871765
YPL211W,YJL138C,0,-2.3410647,0.09232326596975327,1.0,0.9863958954811096
YBR302C,YDR528W,0,-2.3416188,0.09231477230787277,1.0,0.9864959716796875
YIL127C,YOR155C,0,-2.3429184,0.09230627864599228,1.0,0.9865959882736206
YGL201C,YDL150W,0,-2.352207,0.09229778498411179,1.0,0.9866960048675537
YDL043C,YPL283C,0,-2.3531568,0.09228929132223129,1.0,0.9867960214614868
YGL018C,YAL025C,0,-2.374191,0.0922807976603508,1.0,0.9868960976600647
YCR037C,YLL036C,0,-2.380379,0.0922723114490509,1.0,0.9869961142539978
YMR283C,YOR337W,0,-2.3928397,0.09226381778717041,1.0,0.9870961308479309
YMR217W,YPR132W,0,-2.3961585,0.09225533157587051,1.0,0.987196147441864
YBL013W,YOR057W,0,-2.396868,0.09224685281515121,1.0,0.9872961640357971
YGL120C,YOR070C,0,-2.4039366,0.09223836660385132,1.0,0.987396240234375
YOR360C,YDR091C,0,-2.40805,0.09222988784313202,1.0,0.9874962568283081
YEL055C,YDL209C,0,-2.409114,0.09222140163183212,1.0,0.9875962734222412
YHR136C,YER019W,0,-2.411122,0.09221292287111282,1.0,0.9876962900161743
YPL209C,YEL016C,0,-2.4133718,0.09220445156097412,1.0,0.9877963662147522
YOL121C,YGL076C,0,-2.4218261,0.09219597280025482,1.0,0.9878963828086853
YIL150C,YOR253W,0,-2.4282615,0.09218750149011612,1.0,0.9879963994026184
YNL254C,YGR245C,0,-2.4338062,0.09217903017997742,1.0,0.9880964159965515
YPL239W,YNL299W,0,-2.4457223,0.09217055886983871,1.0,0.9881964325904846
YGL095C,YHR197W,0,-2.45044,0.09216208755970001,1.0,0.9882965087890625
YML021C,YNL328C,0,-2.4545197,0.0921536237001419,1.0,0.9883965253829956
YJL198W,YLR196W,0,-2.457884,0.0921451523900032,1.0,0.9884965419769287
YGL135W,YDR021W,0,-2.4755673,0.0921366885304451,1.0,0.9885965585708618
YPL266W,YLR272C,0,-2.48369,0.092128224670887,1.0,0.9886966347694397
YDR440W,YDR545W,0,-2.499464,0.09211976826190948,1.0,0.9887966513633728
YDR507C,YOR095C,0,-2.5092285,0.09211130440235138,1.0,0.9888966679573059
YKL081W,YOL139C,0,-2.509238,0.09210284799337387,1.0,0.988996684551239
YIL078W,YDL213C,0,-2.512481,0.09209439158439636,1.0,0.9890967011451721
YKL143W,YOL117W,0,-2.5140126,0.09208593517541885,1.0,0.98919677734375
YBL023C,YIL120W,0,-2.5204122,0.09207747876644135,1.0,0.9892967939376831
YBR142W,YLR070C,0,-2.5397313,0.09206902980804443,1.0,0.9893968105316162
YPR046W,YKL191W,0,-2.5536625,0.09206058084964752,1.0,0.9894968271255493
YML018C,YAL059W,0,-2.5625932,0.09205213189125061,1.0,0.9895969033241272
YOL128C,YLR055C,0,-2.570536,0.0920436829328537,1.0,0.9896969199180603
YKR045C,YOL088C,0,-2.57085,0.09203523397445679,1.0,0.9897969365119934
YNL164C,YDR339C,0,-2.5728424,0.09202679246664047,1.0,0.9898969531059265
YHR020W,YHR120W,0,-2.5888402,0.09201835095882416,1.0,0.9899969696998596
YBR084W,YPL079W,0,-2.5993137,0.09200990945100784,1.0,0.9900970458984375
YNL247W,YPL237W,0,-2.6078262,0.09200146794319153,1.0,0.9901970624923706
YPR110C,YDR450W,0,-2.610358,0.09199302643537521,1.0,0.9902970790863037
YEL061C,YGR071C,0,-2.6152472,0.0919845923781395,1.0,0.9903970956802368
YKL112W,YDL114W,0,-2.6300986,0.09197615832090378,1.0,0.9904971718788147
YGL234W,YPL146C,0,-2.6337802,0.09196772426366806,1.0,0.9905971884727478
YER118C,YER127W,0,-2.645778,0.09195929020643234,1.0,0.9906972050666809
YDR003W,YML093W,0,-2.6503146,0.09195086359977722,1.0,0.990797221660614
YLR051C,YIL110W,0,-2.6645286,0.0919424295425415,1.0,0.9908972978591919
YDR398W,YHR118C,0,-2.6704943,0.09193400293588638,1.0,0.990997314453125
YGR234W,YDR465C,0,-2.6725857,0.09192557632923126,1.0,0.9910973310470581
YMR164C,YDR361C,0,-2.70073,0.09191715717315674,1.0,0.9911973476409912
YNL047C,YDR075W,0,-2.7074478,0.09190873056650162,1.0,0.9912973642349243
YDR464W,YHR065C,0,-2.7151983,0.0919003114104271,1.0,0.9913974404335022
YDR324C,YER131W,0,-2.7505887,0.09189189225435257,1.0,0.9914974570274353
YML133C,YML059C,0,-2.7608683,0.09188347309827805,1.0,0.9915974736213684
YGR283C,YOR056C,0,-2.775312,0.09187505394220352,1.0,0.9916974902153015
YOL097C,YDL003W,0,-2.7912085,0.0918666422367096,1.0,0.9917975664138794
YLR240W,YDR087C,0,-2.7959907,0.09185823053121567,1.0,0.9918975830078125
YNL113W,YIR026C,0,-2.8052773,0.09184981882572174,1.0,0.9919975996017456
YNL132W,YJR129C,0,-2.8148942,0.09184140712022781,1.0,0.9920976161956787
YCR053W,YDR465C,0,-2.8167698,0.09183299541473389,1.0,0.9921976327896118
YNL111C,YJL106W,0,-2.8241093,0.09182459115982056,1.0,0.9922977089881897
YBR085W,YMR040W,0,-2.8248005,0.09181618690490723,1.0,0.9923977255821228
YIL103W,YDL112W,0,-2.8381248,0.0918077826499939,1.0,0.9924977421760559
YJL033W,YBR154C,0,-2.8434556,0.09179937839508057,1.0,0.992597758769989
YGL018C,YLR276C,0,-2.851208,0.09179097414016724,1.0,0.9926978349685669
YDR101C,YOR188W,0,-2.8610137,0.0917825773358345,1.0,0.9927978515625
YGR271C-A,YPL220W,0,-2.866804,0.09177418053150177,1.0,0.9928978681564331
YOL152W,YCR072C,0,-2.9222972,0.09176578372716904,1.0,0.9929978847503662
YDR101C,YHR036W,0,-2.923581,0.0917573869228363,1.0,0.9930979013442993
YOR368W,YMR198W,0,-2.9613817,0.09174899011850357,1.0,0.9931979775428772
YLR384C,YCR035C,0,-2.9630885,0.09174060076475143,1.0,0.9932979941368103
YOR188W,YDR450W,0,-2.990243,0.0917322114109993,1.0,0.9933980107307434
YHR120W,YJR041C,0,-2.9918046,0.09172382205724716,1.0,0.9934980273246765
YGR283C,YDR266C,0,-2.9943392,0.09171543270349503,1.0,0.9935981035232544
YGR280C,YJL036W,0,-3.0017848,0.09170705080032349,1.0,0.9936981201171875
YDR300C,YDR025W,0,-3.0207493,0.09169866889715195,1.0,0.9937981367111206
YNL093W,YKL021C,0,-3.0301816,0.09169027954339981,1.0,0.9938981533050537
YLR150W,YLR003C,0,-3.1108997,0.09168189764022827,1.0,0.9939981698989868
YNL256W,YDL153C,0,-3.1244404,0.09167352318763733,1.0,0.9940982460975647
YDR365C,YPR110C,0,-3.125129,0.09166514128446579,1.0,0.9941982626914978
YPR079W,YDR087C,0,-3.1378183,0.09165676683187485,1.0,0.9942982792854309
YFR038W,YJL069C,0,-3.1566927,0.0916483923792839,1.0,0.994398295879364
YGL173C,YIL126W,0,-3.1590488,0.09164001792669296,1.0,0.9944983720779419
YIL127C,YDR085C,0,-3.1704795,0.09163164347410202,1.0,0.994598388671875
YER025W,YGR245C,0,-3.1780894,0.09162327647209167,1.0,0.9946984052658081
YDR427W,YCR045C,0,-3.1932566,0.09161490947008133,1.0,0.9947984218597412
YBR091C,YOR091W,0,-3.210858,0.09160654246807098,1.0,0.9948984980583191
YNL096C,YLR015W,0,-3.2238448,0.09159817546606064,1.0,0.9949985146522522
YLL021W,YDR165W,0,-3.240791,0.09158980846405029,1.0,0.9950985312461853
YCR047C,YDR339C,0,-3.2428794,0.09158144891262054,1.0,0.9951985478401184
YHR169W,YDL119C,0,-3.2531943,0.0915730819106102,1.0,0.9952985644340515
YKR094C,YKL181W,0,-3.2827852,0.09156472235918045,1.0,0.9953986406326294
YLR215C,YPL101W,0,-3.2867644,0.0915563702583313,1.0,0.9954986572265625
YNR046W,YOL125W,0,-3.2930405,0.09154801070690155,1.0,0.9955986738204956
YJL122W,YJL208C,0,-3.3224235,0.0915396586060524,1.0,0.9956986904144287
YJR007W,YNL151C,0,-3.353075,0.09153129905462265,1.0,0.9957987666130066
YDR365C,YGL120C,0,-3.3569534,0.0915229469537735,1.0,0.9958987832069397
YOR188W,YOR337W,0,-3.365646,0.09151459485292435,1.0,0.9959987998008728
YJL010C,YMR309C,0,-3.365655,0.09150625020265579,1.0,0.9960988163948059
YGR103W,YMR260C,0,-3.3677163,0.09149790555238724,1.0,0.996198832988739
YLR432W,YEL054C,0,-3.3751557,0.09148955345153809,1.0,0.9962989091873169
YNR054C,YLR003C,0,-3.3954654,0.09148120880126953,1.0,0.99639892578125
YGL099W,YBR214W,0,-3.4405704,0.09147287160158157,1.0,0.9964989423751831
YCL059C,YOR188W,0,-3.4530694,0.09146452695131302,1.0,0.9965989589691162
YOL125W,YGL111W,0,-3.4571128,0.09145618975162506,1.0,0.9966990351676941
YDR120C,YDR361C,0,-3.4833496,0.0914478451013565,1.0,0.9967990517616272
YML043C,YNR024W,0,-3.5072215,0.09143950790166855,1.0,0.9968990683555603
YLR419W,YLR068W,0,-3.5127733,0.09143117815256119,1.0,0.9969990849494934
YDR312W,YPL217C,0,-3.5294437,0.09142284095287323,1.0,0.9970991015434265
YJL025W,YHL013C,0,-3.5584798,0.09141451120376587,1.0,0.9971991777420044
YOR004W,YGR030C,0,-3.5907044,0.09140618145465851,1.0,0.9972991943359375
YGL111W,YML060W,0,-3.6565874,0.09139785170555115,1.0,0.9973992109298706
YPL211W,YHR070W,0,-3.6867645,0.09138952195644379,1.0,0.9974992275238037
YMR030W,YJL148W,0,-3.7766285,0.09138119220733643,1.0,0.9975993037223816
YNL301C,YER126C,0,-3.7828176,0.09137286990880966,1.0,0.9976993203163147
YNL151C,YHR034C,0,-3.7845573,0.0913645476102829,1.0,0.9977993369102478
YHL011C,YER126C,0,-3.7862751,0.09135622531175613,1.0,0.9978993535041809
YDR365C,YGL111W,0,-3.866553,0.09134790301322937,1.0,0.997999370098114
YGL135W,YPR132W,0,-3.88122,0.0913395881652832,1.0,0.9980994462966919
YJR041C,YLR175W,0,-3.8893635,0.09133126586675644,1.0,0.998199462890625
YOL077C,YNL151C,0,-3.901058,0.09132295101881027,1.0,0.9982994794845581
YPR143W,YNL256W,0,-3.906347,0.0913146361708641,1.0,0.9983994960784912
YHR169W,YGL120C,0,-3.9408574,0.09130632877349854,1.0,0.9984995722770691
YDR447C,YOR096W,0,-3.9640796,0.09129801392555237,1.0,0.9985995888710022
YDR060W,YML014W,0,-4.0027266,0.0912897065281868,1.0,0.9986996054649353
YBR142W,YPR061C,0,-4.0247316,0.09128139913082123,1.0,0.9987996220588684
YOR004W,YOR001W,0,-4.0322213,0.09127309173345566,1.0,0.9988996982574463
YHR062C,YDL031W,0,-4.072704,0.09126478433609009,1.0,0.9989997148513794
YJL033W,YPL126W,0,-4.250271,0.09125648438930511,1.0,0.9990997314453125
YKL143W,YLR333C,0,-4.3113427,0.09124817699193954,1.0,0.9991997480392456
YJR014W,YJL050W,0,-4.3922043,0.09123987704515457,1.0,0.9992997646331787
YBL039C,YIL064W,0,-4.408344,0.0912315845489502,1.0,0.9993998408317566
YFL002C,YLL035W,0,-4.4349017,0.09122328460216522,1.0,0.9994998574256897
YDL213C,YGR245C,0,-4.496834,0.09121498465538025,1.0,0.9995998740196228
YBR079C,YGL099W,0,-4.662108,0.09120669215917587,1.0,0.9996998906135559
YNL075W,YDR120C,0,-4.6919837,0.0911983996629715,1.0,0.9997999668121338
YGL120C,YOL144W,0,-4.91674,0.09119010716676712,1.0,0.9998999834060669
YNR016C,YBR208C,0,-6.7300487,0.09118181467056274,1.0,1.0
