Gene A,Gene B,Label,Score,Precision,Recall,False Positive Rate
YML102W,YDR303C,1,9.801585,1.0,0.0010000000474974513,0.0
YGL037C,YMR091C,1,9.7250395,1.0,0.0020000000949949026,0.0
YPR162C,YBL052C,1,9.056053,1.0,0.003000000026077032,0.0
YJR092W,YDR146C,0,8.824839,0.75,0.003000000026077032,9.999999747378752e-05
YML102W,YMR033W,1,8.799766,0.800000011920929,0.004000000189989805,9.999999747378752e-05
YDR110W,YML102W,1,8.742769,0.8333333134651184,0.004999999888241291,9.999999747378752e-05
YFL021W,YJL189W,0,8.722022,0.7142857313156128,0.004999999888241291,0.00019999999494757503
YLR103C,YNL206C,1,8.528571,0.75,0.006000000052154064,0.00019999999494757503
YML102W,YNL206C,1,8.518293,0.7777777910232544,0.007000000216066837,0.00019999999494757503
YOR123C,YJL153C,0,8.51176,0.699999988079071,0.007000000216066837,0.0003000000142492354
YOR250C,YIL053W,0,8.351091,0.6363636255264282,0.007000000216066837,0.00039999998989515007
YPR162C,YNL206C,1,8.204776,0.6666666865348816,0.00800000037997961,0.00039999998989515007
YHR118C,YGL163C,1,8.185962,0.692307710647583,0.008999999612569809,0.00039999998989515007
YBR112C,YML102W,1,8.175457,0.7142857313156128,0.009999999776482582,0.00039999998989515007
YBL087C,YGL259W,0,8.159061,0.6666666865348816,0.009999999776482582,0.0005000000237487257
YBR010W,YLR321C,1,8.121346,0.6875,0.010999999940395355,0.0005000000237487257
YBR195C,YDR145W,1,8.116928,0.7058823704719543,0.012000000104308128,0.0005000000237487257
YDR190C,YDL105W,1,7.952638,0.7222222089767456,0.013000000268220901,0.0005000000237487257
YBR060C,YDR145W,1,7.8984957,0.7368420958518982,0.014000000432133675,0.0005000000237487257
YJL190C,YIL143C,0,7.8491745,0.699999988079071,0.014000000432133675,0.0006000000284984708
YML102W,YDL105W,1,7.8035293,0.7142857313156128,0.014999999664723873,0.0006000000284984708
YCL044C,YGR286C,0,7.7348075,0.6818181872367859,0.014999999664723873,0.000699999975040555
YOR127W,YNL273W,0,7.733799,0.6521739363670349,0.014999999664723873,0.0007999999797903001
YOR038C,YNL135C,1,7.665409,0.6666666865348816,0.01600000075995922,0.0007999999797903001
YBR010W,YML109W,1,7.6597543,0.6800000071525574,0.017000000923871994,0.0007999999797903001
YGR258C,YHR156C,0,7.629531,0.6538461446762085,0.017000000923871994,0.0008999999845400453
YLR288C,YGL103W,0,7.564336,0.6296296119689941,0.017000000923871994,0.0010000000474974513
YLL004W,YOL090W,1,7.492056,0.6428571343421936,0.017999999225139618,0.0010000000474974513
YML109W,YLR052W,1,7.4553685,0.6551724076271057,0.01899999938905239,0.0010000000474974513
YPL011C,YDR334W,1,7.3978815,0.6666666865348816,0.019999999552965164,0.0010000000474974513
YGL144C,YFR053C,0,7.35265,0.6451612710952759,0.019999999552965164,0.0010999999940395355
YDL137W,YIL101C,0,7.3382263,0.625,0.019999999552965164,0.0012000000569969416
YNL216W,YNL123W,0,7.2518287,0.6060606241226196,0.019999999552965164,0.0013000000035390258
YGL163C,YNL206C,1,7.2186317,0.6176470518112183,0.020999999716877937,0.0013000000035390258
YNR006W,YJL189W,0,7.205051,0.6000000238418579,0.020999999716877937,0.00139999995008111
YMR091C,YPR034W,1,7.1928797,0.6111111044883728,0.02199999988079071,0.00139999995008111
YDR500C,YKL089W,0,7.1497955,0.5945945978164673,0.02199999988079071,0.001500000013038516
YBR112C,YPR034W,1,7.097028,0.6052631735801697,0.023000000044703484,0.001500000013038516
YML102W,YGL037C,1,7.0263596,0.6153846383094788,0.024000000208616257,0.001500000013038516
YOR243C,YNL273W,0,7.0218487,0.6000000238418579,0.024000000208616257,0.0015999999595806003
YJL194W,YDR145W,1,7.0148115,0.6097561120986938,0.02500000037252903,0.0015999999595806003
YDR190C,YOR038C,1,6.9432435,0.6190476417541504,0.026000000536441803,0.0015999999595806003
YBL008W,YOR304W,1,6.9377565,0.6279069781303406,0.027000000700354576,0.0015999999595806003
YGL103W,YKL089W,0,6.9275675,0.6136363744735718,0.027000000700354576,0.0017000000225380063
YOR038C,YDR224C,1,6.8763494,0.6222222447395325,0.02800000086426735,0.0017000000225380063
YOL072W,YDR471W,0,6.8653097,0.6086956262588501,0.02800000086426735,0.0017999999690800905
YNL107W,YNL206C,1,6.8634405,0.6170212626457214,0.028999999165534973,0.0017999999690800905
YML102W,YBL052C,1,6.8618937,0.625,0.029999999329447746,0.0017999999690800905
YLR293C,YJL153C,0,6.8328953,0.6122449040412903,0.029999999329447746,0.0019000000320374966
YEL016C,YLR304C,0,6.8134546,0.6000000238418579,0.029999999329447746,0.0020000000949949026
YJR033C,YDR418W,0,6.808525,0.5882353186607361,0.029999999329447746,0.002099999925121665
YJR094W-A,YLR115W,0,6.792627,0.5769230723381042,0.029999999329447746,0.002199999988079071
YNL261W,YJL080C,1,6.7661667,0.5849056839942932,0.03099999949336052,0.002199999988079071
YHR010W,YNL273W,0,6.715212,0.5740740895271301,0.03099999949336052,0.002300000051036477
YJR145C,YML112W,0,6.7123384,0.5636363625526428,0.03099999949336052,0.002400000113993883
YKR094C,YLR270W,0,6.6938524,0.5535714030265808,0.03099999949336052,0.0024999999441206455
YFR037C,YDR224C,1,6.68469,0.5614035129547119,0.03200000151991844,0.0024999999441206455
YGR274C,YBR231C,1,6.6797566,0.568965494632721,0.032999999821186066,0.0024999999441206455
YML109W,YDR303C,1,6.6758513,0.5762711763381958,0.03400000184774399,0.0024999999441206455
YJR145C,YBR095C,0,6.6414313,0.5666666626930237,0.03400000184774399,0.0026000000070780516
YNL301C,YLR147C,0,6.62756,0.5573770403862,0.03400000184774399,0.0027000000700354576
YNL007C,YHR079C,0,6.624918,0.5483871102333069,0.03400000184774399,0.00279999990016222
YCR052W,YPR034W,1,6.6123204,0.5555555820465088,0.03500000014901161,0.00279999990016222
YJR006W,YDR280W,0,6.6081195,0.546875,0.03500000014901161,0.002899999963119626
YKR008W,YCL061C,1,6.5853434,0.5538461804389954,0.035999998450279236,0.002899999963119626
YCL029C,YLR150W,0,6.5687647,0.5454545617103577,0.035999998450279236,0.003000000026077032
YDR287W,YPL017C,0,6.5647826,0.5373134613037109,0.035999998450279236,0.003100000089034438
YPR034W,YLR285W,1,6.53124,0.5441176295280457,0.03700000047683716,0.003100000089034438
YMR227C,YGL037C,1,6.5250096,0.5507246255874634,0.03799999877810478,0.003100000089034438
YOR349W,YER165W,0,6.4914875,0.5428571701049805,0.03799999877810478,0.0031999999191612005
YPR162C,YDR310C,1,6.4728785,0.5492957830429077,0.039000000804662704,0.0031999999191612005
YGL238W,YOL149W,0,6.465499,0.5416666865348816,0.039000000804662704,0.0032999999821186066
YIL126W,YPL235W,1,6.443054,0.5479452013969421,0.03999999910593033,0.0032999999821186066
YFL049W,YBR195C,1,6.437343,0.5540540814399719,0.04100000113248825,0.0032999999821186066
YOR076C,YPL105C,0,6.4372044,0.54666668176651,0.04100000113248825,0.0034000000450760126
YFL049W,YNL206C,1,6.425164,0.5526315569877625,0.041999999433755875,0.0034000000450760126
YDL024C,YGL103W,0,6.4031916,0.5454545617103577,0.041999999433755875,0.0035000001080334187
YDR145W,YDR310C,1,6.3928294,0.5512820482254028,0.0430000014603138,0.0035000001080334187
YAL025C,YDR069C,0,6.3922853,0.5443037748336792,0.0430000014603138,0.003599999938160181
YOR347C,YNL232W,0,6.388085,0.5375000238418579,0.0430000014603138,0.003700000001117587
YLR260W,YEL054C,0,6.3820686,0.5308641791343689,0.0430000014603138,0.003800000064074993
YLR441C,YER045C,0,6.3490224,0.5243902206420898,0.0430000014603138,0.0038999998942017555
YLL019C,YGR200C,0,6.310797,0.5180723071098328,0.0430000014603138,0.004000000189989805
YDR407C,YER113C,0,6.3070946,0.511904776096344,0.0430000014603138,0.004100000020116568
YBR085W,YNL317W,0,6.303708,0.5058823823928833,0.0430000014603138,0.00419999985024333
YCR052W,YDR145W,1,6.244563,0.5116279125213623,0.04399999976158142,0.00419999985024333
YHR119W,YML102W,1,6.2210455,0.517241358757019,0.04500000178813934,0.00419999985024333
YOL012C,YPR162C,1,6.2151327,0.5227272510528564,0.04600000008940697,0.00419999985024333
YLR061W,YDL240W,0,6.2109904,0.516853928565979,0.04600000008940697,0.00430000014603138
YHR119W,YPR162C,1,6.1939135,0.5222222208976746,0.04699999839067459,0.00430000014603138
YMR041C,YLR234W,0,6.1785054,0.5164835453033447,0.04699999839067459,0.004399999976158142
YMR041C,YNL308C,0,6.166931,0.510869562625885,0.04699999839067459,0.0044999998062849045
YBL035C,YNL290W,0,6.1521063,0.5053763389587402,0.04699999839067459,0.004600000102072954
YML052W,YBL074C,0,6.1423454,0.5,0.04699999839067459,0.004699999932199717
YPL153C,YPR034W,1,6.1168203,0.5052631497383118,0.04800000041723251,0.004699999932199717
YHL025W,YDR310C,1,6.1057005,0.5104166865348816,0.04899999871850014,0.004699999932199717
YOL090W,YLR285W,1,6.092989,0.5154638886451721,0.05000000074505806,0.004699999932199717
YBR198C,YDR334W,1,6.0928226,0.5204081535339355,0.050999999046325684,0.004699999932199717
YDR342C,YBL025W,0,6.0881157,0.5151515007019043,0.050999999046325684,0.004800000227987766
YGL259W,YJR004C,0,6.082854,0.5099999904632568,0.050999999046325684,0.004900000058114529
YGR057C,YOL154W,0,6.058548,0.5049505233764648,0.050999999046325684,0.004999999888241291
YDL110C,YCR053W,0,6.0549355,0.5,0.050999999046325684,0.005100000184029341
YHR165C,YHR111W,0,6.040822,0.49514561891555786,0.050999999046325684,0.005200000014156103
YGR221C,YNL059C,1,6.036592,0.5,0.052000001072883606,0.005200000014156103
YJL048C,YNL029C,0,6.0350146,0.4952380955219269,0.052000001072883606,0.0052999998442828655
YKR019C,YBR198C,1,6.019832,0.5,0.05299999937415123,0.0052999998442828655
YDR110W,YPR175W,1,6.0098743,0.5046728849411011,0.05400000140070915,0.0052999998442828655
YGR061C,YNL172W,0,6.003204,0.5,0.05400000140070915,0.005400000140070915
YGL112C,YLR285W,1,6.001946,0.5045871734619141,0.054999999701976776,0.005400000140070915
YFR031C-A,YLR015W,0,5.995689,0.5,0.054999999701976776,0.005499999970197678
YBR245C,YNL206C,1,5.995037,0.5045045018196106,0.0560000017285347,0.005499999970197678
YGR118W,YPL151C,0,5.9950275,0.5,0.0560000017285347,0.00559999980032444
YPR180W,YHR149C,0,5.966137,0.4955752193927765,0.0560000017285347,0.00570000009611249
YDR229W,YPR132W,0,5.956436,0.4912280738353729,0.0560000017285347,0.005799999926239252
YGR221C,YDR145W,1,5.93631,0.4956521689891815,0.05700000002980232,0.005799999926239252
YML063W,YKL130C,0,5.928134,0.4913793206214905,0.05700000002980232,0.005900000222027302
YNL135C,YGL163C,1,5.9203825,0.49572649598121643,0.057999998331069946,0.005900000222027302
YGL037C,YNL059C,1,5.9194584,0.5,0.05900000035762787,0.005900000222027302
YBR170C,YMR242C,0,5.903387,0.4957983195781708,0.05900000035762787,0.006000000052154064
YDR359C,YMR142C,0,5.8967943,0.49166667461395264,0.05900000035762787,0.006099999882280827
YLR260W,YKL056C,0,5.8929825,0.4876033067703247,0.05900000035762787,0.006200000178068876
YGR221C,YML109W,1,5.888155,0.49180328845977783,0.05999999865889549,0.006200000178068876
YMR033W,YPR034W,1,5.8870926,0.49593496322631836,0.061000000685453415,0.006200000178068876
YJL080C,YGL194C,1,5.8863006,0.5,0.06199999898672104,0.006200000178068876
YJR092W,YNL085W,0,5.8821692,0.4959999918937683,0.06199999898672104,0.006300000008195639
YCL054W,YNL290W,0,5.874311,0.4920634925365448,0.06199999898672104,0.006399999838322401
YGR221C,YNL246W,1,5.867702,0.4960629940032959,0.06300000101327896,0.006399999838322401
YBR245C,YGR274C,1,5.8401656,0.5,0.06400000303983688,0.006399999838322401
YKR066C,YHR120W,0,5.8267136,0.4961240291595459,0.06400000303983688,0.006500000134110451
YDR190C,YKR019C,1,5.8148413,0.5,0.06499999761581421,0.006500000134110451
YGR221C,YBR198C,1,5.8114414,0.5038167834281921,0.06599999964237213,0.006500000134110451
YGR063C,YDL105W,1,5.803005,0.5075757503509521,0.06700000166893005,0.006500000134110451
YJL124C,YOR167C,0,5.8008456,0.5037593841552734,0.06700000166893005,0.006599999964237213
YML102W,YMR284W,1,5.8003697,0.5074626803398132,0.06800000369548798,0.006599999964237213
YGR027C,YNL025C,0,5.7964973,0.5037037134170532,0.06800000369548798,0.0066999997943639755
YOR182C,YMR257C,0,5.7938066,0.5,0.06800000369548798,0.006800000090152025
YEL061C,YAL062W,0,5.7925344,0.49635037779808044,0.06800000369548798,0.006899999920278788
YKL129C,YHR077C,0,5.784601,0.49275362491607666,0.06800000369548798,0.007000000216066837
YBR010W,YDR303C,1,5.781578,0.49640288949012756,0.0689999982714653,0.007000000216066837
YLR247C,YBL035C,0,5.779621,0.4928571283817291,0.0689999982714653,0.0071000000461936
YML109W,YLR033W,1,5.777278,0.4964539110660553,0.07000000029802322,0.0071000000461936
YHR119W,YGR274C,1,5.7752476,0.5,0.07100000232458115,0.0071000000461936
YMR275C,YKL154W,0,5.7695,0.4965035021305084,0.07100000232458115,0.007199999876320362
YMR239C,YLR085C,1,5.7554626,0.5,0.07199999690055847,0.007199999876320362
YOR216C,YJR132W,0,5.7538586,0.4965517222881317,0.07199999690055847,0.007300000172108412
YMR177W,YDR356W,0,5.751609,0.4931506812572479,0.07199999690055847,0.007400000002235174
YGL037C,YLR285W,1,5.7483053,0.49659863114356995,0.0729999989271164,0.007400000002235174
YPL155C,YOR045W,0,5.7355494,0.4932432472705841,0.0729999989271164,0.007499999832361937
YBR245C,YGL112C,1,5.72517,0.4966442883014679,0.07400000095367432,0.007499999832361937
YNL304W,YDR013W,0,5.722848,0.4933333396911621,0.07400000095367432,0.007600000128149986
YDR110W,YDR145W,1,5.7210207,0.49668875336647034,0.07500000298023224,0.007600000128149986
YJL059W,YIL053W,0,5.7178617,0.4934210479259491,0.07500000298023224,0.007699999958276749
YPR162C,YPL127C,1,5.702095,0.49673202633857727,0.07599999755620956,0.007699999958276749
YKL028W,YMR256C,0,5.695035,0.4935064911842346,0.07599999755620956,0.007799999788403511
YML099C,YMR115W,0,5.684947,0.4903225898742676,0.07599999755620956,0.007899999618530273
YMR033W,YBL052C,1,5.6776676,0.49358972907066345,0.07699999958276749,0.007899999618530273
YLL004W,YHL025W,1,5.675181,0.4968152940273285,0.07800000160932541,0.007899999618530273
YGR258C,YDL195W,0,5.6733794,0.49367088079452515,0.07800000160932541,0.00800000037997961
YDR378C,YML028W,0,5.6677084,0.49056604504585266,0.07800000160932541,0.008100000210106373
YFL013C,YDL140C,1,5.6618137,0.4937500059604645,0.07900000363588333,0.008100000210106373
YMR033W,YGL194C,1,5.658375,0.4968944191932678,0.07999999821186066,0.008100000210106373
YNL212W,YOR250C,0,5.651075,0.4938271641731262,0.07999999821186066,0.008200000040233135
YNR033W,YGR179C,0,5.6392994,0.4907975494861603,0.07999999821186066,0.008299999870359898
YDL197C,YCL061C,1,5.63097,0.49390244483947754,0.08100000023841858,0.008299999870359898
YMR173W,YOL109W,0,5.629904,0.4909090995788574,0.08100000023841858,0.00839999970048666
YKL150W,YOL056W,0,5.6227093,0.4879518151283264,0.08100000023841858,0.008500000461935997
YML109W,YKR019C,1,5.6178417,0.4910179674625397,0.0820000022649765,0.008500000461935997
YGL030W,YPL210C,0,5.610508,0.488095223903656,0.0820000022649765,0.00860000029206276
YIL018W,YCL063W,0,5.6040406,0.48520711064338684,0.0820000022649765,0.008700000122189522
YPL269W,YJR084W,0,5.600064,0.48235294222831726,0.0820000022649765,0.008799999952316284
YPL171C,YMR006C,0,5.5999546,0.4795321524143219,0.0820000022649765,0.008899999782443047
YNL261W,YJL081C,1,5.583098,0.48255813121795654,0.08299999684095383,0.008899999782443047
YJL035C,YNR035C,0,5.579062,0.4797687828540802,0.08299999684095383,0.008999999612569809
YPR162C,YDL105W,1,5.5752773,0.48275861144065857,0.08399999886751175,0.008999999612569809
YGL163C,YPL235W,1,5.550852,0.48571428656578064,0.08500000089406967,0.008999999612569809
YCL035C,YLR266C,0,5.5455875,0.4829545319080353,0.08500000089406967,0.009100000374019146
YER029C,YFR053C,0,5.5413475,0.48022598028182983,0.08500000089406967,0.009200000204145908
YGR063C,YCR052W,1,5.539097,0.483146071434021,0.0860000029206276,0.009200000204145908
YLR430W,YGR088W,0,5.5357933,0.4804469347000122,0.0860000029206276,0.00930000003427267
YML109W,YLR357W,1,5.535426,0.4833333194255829,0.08699999749660492,0.00930000003427267
YKL016C,YJR004C,0,5.526923,0.4806629717350006,0.08699999749660492,0.009399999864399433
YDL197C,YJL080C,1,5.526498,0.48351648449897766,0.08799999952316284,0.009399999864399433
YKR101W,YLR103C,1,5.524345,0.4863387942314148,0.08900000154972076,0.009399999864399433
YIL026C,YDL171C,0,5.5230746,0.4836956560611725,0.08900000154972076,0.009499999694526196
YLR103C,YLR357W,1,5.52139,0.4864864945411682,0.09000000357627869,0.009499999694526196
YMR080C,YPR175W,1,5.5146585,0.48924732208251953,0.09099999815225601,0.009499999694526196
YKL201C,YER031C,0,5.507884,0.48663100600242615,0.09099999815225601,0.009600000455975533
YKR019C,YNL059C,1,5.505686,0.4893617033958435,0.09200000017881393,0.009600000455975533
YGL116W,YLR028C,0,5.504982,0.48677247762680054,0.09200000017881393,0.009700000286102295
YPL153C,YDR145W,1,5.5044327,0.4894736707210541,0.09300000220537186,0.009700000286102295
YBR009C,YDL105W,1,5.4931707,0.4921466112136841,0.09399999678134918,0.009700000286102295
YJR118C,YDR359C,0,5.4888306,0.4895833432674408,0.09399999678134918,0.009800000116229057
YNL111C,YMR201C,0,5.483138,0.48704662919044495,0.09399999678134918,0.00989999994635582
YBR009C,YPR175W,1,5.482915,0.48969072103500366,0.0949999988079071,0.00989999994635582
YPL171C,YNL145W,0,5.481838,0.4871794879436493,0.0949999988079071,0.009999999776482582
YER164W,YDR145W,1,5.4812007,0.4897959232330322,0.09600000083446503,0.009999999776482582
YDR167W,YFR037C,1,5.478587,0.49238577485084534,0.09700000286102295,0.009999999776482582
YLL004W,YER088C,1,5.4767537,0.49494948983192444,0.09799999743700027,0.009999999776482582
YDR145W,YDR224C,1,5.4719625,0.4974874258041382,0.0989999994635582,0.009999999776482582
YDR334W,YLR321C,1,5.463688,0.5,0.10000000149011612,0.009999999776482582
YGR063C,YPR175W,1,5.4542255,0.5024875402450562,0.10100000351667404,0.009999999776482582
YMR088C,YBR278W,0,5.4501143,0.5,0.10100000351667404,0.010099999606609344
YPR017C,YDR478W,0,5.4447203,0.49753695726394653,0.10100000351667404,0.010200000368058681
YKR008W,YLL004W,1,5.4394727,0.5,0.10199999809265137,0.010200000368058681
YJL024C,YJL078C,0,5.437811,0.497560977935791,0.10199999809265137,0.010300000198185444
YDL111C,YKR069W,0,5.433584,0.49514561891555786,0.10199999809265137,0.010400000028312206
YDR310C,YLR085C,1,5.433212,0.4975845515727997,0.10300000011920929,0.010400000028312206
YER109C,YML034W,0,5.424697,0.4951923191547394,0.10300000011920929,0.010499999858438969
YGR274C,YOR279C,1,5.4134693,0.49760764837265015,0.10400000214576721,0.010499999858438969
YGL104C,YOR096W,0,5.4129677,0.4952380955219269,0.10400000214576721,0.010599999688565731
YPR162C,YAL011W,1,5.410114,0.4976303279399872,0.10499999672174454,0.010599999688565731
YLR045C,YKL080W,0,5.4021363,0.49528300762176514,0.10499999672174454,0.010700000450015068
YDR110W,YNL206C,1,5.3992734,0.4976525902748108,0.10599999874830246,0.010700000450015068
YFR003C,YBR048W,0,5.388395,0.4953271150588989,0.10599999874830246,0.01080000028014183
YBR009C,YDR310C,1,5.3828936,0.4976744055747986,0.10700000077486038,0.01080000028014183
YPL208W,YOR310C,0,5.3800917,0.49537035822868347,0.10700000077486038,0.010900000110268593
YNL031C,YNL059C,1,5.379456,0.4976958632469177,0.1080000028014183,0.010900000110268593
YPL153C,YBR198C,1,5.379313,0.5,0.10899999737739563,0.010900000110268593
YKR101W,YPL127C,1,5.3595786,0.5022830963134766,0.10999999940395355,0.010900000110268593
YOL012C,YGR116W,1,5.359148,0.5045454502105713,0.11100000143051147,0.010900000110268593
YNL041C,YLL045C,0,5.3551087,0.5022624731063843,0.11100000143051147,0.010999999940395355
YER168C,YIL022W,0,5.354778,0.5,0.11100000143051147,0.011099999770522118
YCL061C,YPR068C,1,5.3543386,0.5022421479225159,0.1120000034570694,0.011099999770522118
YMR091C,YOL090W,1,5.354313,0.5044642686843872,0.11299999803304672,0.011099999770522118
YOR217W,YLR314C,0,5.351779,0.5022222399711609,0.11299999803304672,0.01119999960064888
YOL012C,YML109W,1,5.351019,0.5044247508049011,0.11400000005960464,0.01119999960064888
YEL038W,YNL317W,0,5.346171,0.5022026300430298,0.11400000005960464,0.011300000362098217
YJR033C,YHR061C,0,5.34492,0.5,0.11400000005960464,0.01140000019222498
YGL053W,YBR191W,0,5.3398147,0.4978165924549103,0.11400000005960464,0.011500000022351742
YJL176C,YDL039C,0,5.3350525,0.4956521689891815,0.11400000005960464,0.011599999852478504
YDR224C,YGL194C,1,5.331336,0.4978354871273041,0.11500000208616257,0.011599999852478504
YDL140C,YPL129W,1,5.3271656,0.5,0.11599999666213989,0.011599999852478504
YLL029W,YOR260W,0,5.325422,0.497854083776474,0.11599999666213989,0.011699999682605267
YML041C,YLR033W,1,5.322579,0.5,0.11699999868869781,0.011699999682605267
YOR038C,YLR321C,1,5.309841,0.5021276473999023,0.11800000071525574,0.011699999682605267
YPL235W,YDR334W,1,5.309017,0.5042372941970825,0.11900000274181366,0.011699999682605267
YPL131W,YJR134C,0,5.302435,0.502109706401825,0.11900000274181366,0.011800000444054604
YLR103C,YER164W,1,5.2968726,0.5042017102241516,0.11999999731779099,0.011800000444054604
YGL237C,YIL128W,0,5.2967777,0.5020920634269714,0.11999999731779099,0.011900000274181366
YGR274C,YIL150C,1,5.2891884,0.5041666626930237,0.12099999934434891,0.011900000274181366
YMR182C,YKL039W,0,5.2877316,0.5020747184753418,0.12099999934434891,0.012000000104308128
YFL021W,YNL066W,0,5.2875447,0.5,0.12099999934434891,0.01209999993443489
YNL135C,YBR289W,1,5.286726,0.5020576119422913,0.12200000137090683,0.01209999993443489
YDR108W,YGL113W,0,5.284464,0.5,0.12200000137090683,0.012199999764561653
YDR190C,YLR055C,1,5.2838993,0.5020408034324646,0.12300000339746475,0.012199999764561653
YDL197C,YDR310C,1,5.265122,0.5040650367736816,0.12399999797344208,0.012199999764561653
YGL180W,YDL003W,0,5.262003,0.5020242929458618,0.12399999797344208,0.012299999594688416
YBR121C,YLR096W,0,5.2613926,0.5,0.12399999797344208,0.012400000356137753
YDR145W,YGL194C,1,5.259266,0.5020080208778381,0.125,0.012400000356137753
YDR516C,YIR009W,0,5.252948,0.5,0.125,0.012500000186264515
YHR139C,YNL273W,0,5.2527328,0.49800798296928406,0.125,0.012600000016391277
YER056C-A,YNL023C,0,5.2438335,0.4960317313671112,0.125,0.01269999984651804
YER030W,YGL194C,1,5.241748,0.49802371859550476,0.12600000202655792,0.01269999984651804
YJR052W,YJL189W,0,5.235593,0.4960629940032959,0.12600000202655792,0.012799999676644802
YLR258W,YKR056W,0,5.2326865,0.4941176474094391,0.12600000202655792,0.012900000438094139
YER142C,YLR367W,0,5.2312865,0.4921875,0.12600000202655792,0.013000000268220901
YDR343C,YJR083C,0,5.22859,0.4902723729610443,0.12600000202655792,0.013100000098347664
YDR242W,YKL096W-A,0,5.2259917,0.4883720874786377,0.12600000202655792,0.013199999928474426
YDR246W,YLR044C,0,5.2245445,0.4864864945411682,0.12600000202655792,0.013299999758601189
YLR052W,YIL150C,1,5.2227817,0.48846152424812317,0.12700000405311584,0.013299999758601189
YBR289W,YMR227C,1,5.2221503,0.49042144417762756,0.12800000607967377,0.013299999758601189
YER142C,YER165W,0,5.220619,0.4885496199131012,0.12800000607967377,0.013399999588727951
YLL004W,YDR145W,1,5.218697,0.4904943108558655,0.1289999932050705,0.013399999588727951
YMR137C,YMR055C,0,5.2120647,0.4886363744735718,0.1289999932050705,0.013500000350177288
YML102W,YLR085C,1,5.211524,0.49056604504585266,0.12999999523162842,0.013500000350177288
YMR076C,YHR036W,0,5.2089763,0.4887218177318573,0.12999999523162842,0.01360000018030405
YGR274C,YBR198C,1,5.2045736,0.4906367063522339,0.13099999725818634,0.01360000018030405
YDR021W,YHR149C,0,5.1999216,0.48880597949028015,0.13099999725818634,0.013700000010430813
YMR080C,YDL105W,1,5.191916,0.49070632457733154,0.13199999928474426,0.013700000010430813
YHR119W,YGR002C,1,5.1898346,0.49259260296821594,0.13300000131130219,0.013700000010430813
YML077W,YNR019W,0,5.1876507,0.49077489972114563,0.13300000131130219,0.013799999840557575
YNL162W,YER173W,0,5.1797423,0.4889705777168274,0.13300000131130219,0.013899999670684338
YDR144C,YER168C,0,5.1722946,0.4871794879436493,0.13300000131130219,0.014000000432133675
YHL025W,YOR244W,1,5.1694765,0.48905110359191895,0.1340000033378601,0.014000000432133675
YPR002W,YER165W,0,5.161302,0.4872727394104004,0.1340000033378601,0.014100000262260437
YPR005C,YER177W,0,5.158562,0.4855072498321533,0.1340000033378601,0.0142000000923872
YLL024C,YIL021W,0,5.157755,0.4837545156478882,0.1340000033378601,0.014299999922513962
YHR119W,YBR245C,1,5.157078,0.4856114983558655,0.13500000536441803,0.014299999922513962
YKL192C,YGR179C,0,5.155899,0.4838709533214569,0.13500000536441803,0.014399999752640724
YIL150C,YDR224C,1,5.155897,0.48571428656578064,0.13600000739097595,0.014399999752640724
YDL102W,YDR013W,0,5.1523395,0.4839857518672943,0.13600000739097595,0.014499999582767487
YHR165C,YML094W,0,5.152138,0.4822694957256317,0.13600000739097595,0.014600000344216824
YGR214W,YLR176C,0,5.14859,0.4805653691291809,0.13600000739097595,0.014700000174343586
YGR161C,YMR055C,0,5.148319,0.47887325286865234,0.13600000739097595,0.014800000004470348
YJL194W,YGR002C,1,5.1407404,0.480701744556427,0.13699999451637268,0.014800000004470348
YPR184W,YJL006C,0,5.135194,0.47902098298072815,0.13699999451637268,0.01489999983459711
YPR152C,YKL045W,0,5.1324315,0.4773519039154053,0.13699999451637268,0.014999999664723873
YIL126W,YPR034W,1,5.130471,0.4791666567325592,0.1379999965429306,0.014999999664723873
YPR034W,YLR357W,1,5.1247635,0.4809688627719879,0.13899999856948853,0.014999999664723873
YBR289W,YDR310C,1,5.1243553,0.48275861144065857,0.14000000059604645,0.014999999664723873
YNL261W,YGL194C,1,5.1133933,0.4845360815525055,0.14100000262260437,0.014999999664723873
YHR118C,YDR439W,1,5.112905,0.48630136251449585,0.1420000046491623,0.014999999664723873
YEL037C,YML088W,0,5.1128154,0.4846416413784027,0.1420000046491623,0.01510000042617321
YDR055W,YOR270C,0,5.1112003,0.4829931855201721,0.1420000046491623,0.015200000256299973
YPL129W,YGL194C,1,5.1094794,0.4847457706928253,0.14300000667572021,0.015200000256299973
YMR033W,YLR285W,1,5.104511,0.4864864945411682,0.14399999380111694,0.015200000256299973
YOL012C,YPR175W,1,5.1027274,0.48821547627449036,0.14499999582767487,0.015200000256299973
YMR239C,YDR439W,1,5.1001506,0.4899328947067261,0.1459999978542328,0.015200000256299973
YAL020C,YOR113W,0,5.098008,0.4882943034172058,0.1459999978542328,0.015300000086426735
YGL238W,YAL034W-A,0,5.0975113,0.4866666793823242,0.1459999978542328,0.015399999916553497
YDR071C,YMR033W,1,5.0968647,0.4883720874786377,0.1469999998807907,0.015399999916553497
YGR002C,YDR224C,1,5.094175,0.4900662302970886,0.14800000190734863,0.015399999916553497
YHR193C,YIL132C,0,5.088405,0.4884488582611084,0.14800000190734863,0.01549999974668026
YDR190C,YPL235W,1,5.0842795,0.49013158679008484,0.14900000393390656,0.01549999974668026
YGR075C,YDL192W,0,5.0829525,0.48852458596229553,0.14900000393390656,0.015599999576807022
YIL061C,YGL095C,0,5.082786,0.4869281053543091,0.14900000393390656,0.015699999406933784
YBL008W,YLR033W,1,5.0810184,0.48859935998916626,0.15000000596046448,0.015699999406933784
YGR063C,YLR321C,1,5.0788355,0.49025973677635193,0.1509999930858612,0.015699999406933784
YER164W,YBL052C,1,5.0754285,0.491909384727478,0.15199999511241913,0.015699999406933784
YKL114C,YER162C,0,5.07395,0.4903225898742676,0.15199999511241913,0.015799999237060547
YBR121C,YPR149W,0,5.0709486,0.4887459874153137,0.15199999511241913,0.01590000092983246
YOR038C,YLR052W,1,5.0588937,0.49038460850715637,0.15299999713897705,0.01590000092983246
YGR179C,YDR454C,0,5.0570874,0.48881790041923523,0.15299999713897705,0.01600000075995922
YOR355W,YER113C,0,5.0544357,0.4872611463069916,0.15299999713897705,0.016100000590085983
YKR101W,YLR321C,1,5.05365,0.4888888895511627,0.15399999916553497,0.016100000590085983
YNL325C,YPL210C,0,5.0465717,0.4873417615890503,0.15399999916553497,0.016200000420212746
YLR299W,YLL057C,0,5.0463634,0.48580440878868103,0.15399999916553497,0.016300000250339508
YHR118C,YBR010W,1,5.0445433,0.4874213933944702,0.1550000011920929,0.016300000250339508
YBR009C,YBL052C,1,5.044514,0.4890282154083252,0.15600000321865082,0.016300000250339508
YLL004W,YPL153C,1,5.040322,0.4906249940395355,0.15700000524520874,0.016300000250339508
YLR306W,YDL087C,0,5.0403214,0.48909658193588257,0.15700000524520874,0.01640000008046627
YDL099W,YDL204W,0,5.0402846,0.4875776469707489,0.15700000524520874,0.016499999910593033
YPL235W,YLR285W,1,5.039424,0.4891640841960907,0.15800000727176666,0.016499999910593033
YNL151C,YBR059C,0,5.0379047,0.48765432834625244,0.15800000727176666,0.016599999740719795
YML109W,YGR002C,1,5.037825,0.48923078179359436,0.1589999943971634,0.016599999740719795
YKR019C,YDL105W,1,5.036856,0.4907975494861603,0.1599999964237213,0.016599999740719795
YPL224C,YPL082C,0,5.0349174,0.48929664492607117,0.1599999964237213,0.016699999570846558
YKL089W,YGR212W,0,5.0346637,0.4878048896789551,0.1599999964237213,0.01679999940097332
YBL106C,YPR169W,0,5.033163,0.48632219433784485,0.1599999964237213,0.016899999231100082
YLR192C,YBR054W,0,5.025503,0.4848484992980957,0.1599999964237213,0.017000000923871994
YNL006W,YML006C,0,5.025074,0.4833836853504181,0.1599999964237213,0.017100000753998756
YHL025W,YFR037C,1,5.015822,0.4849397540092468,0.16099999845027924,0.017100000753998756
YHR103W,YAL015C,0,5.01432,0.4834834933280945,0.16099999845027924,0.01720000058412552
YLR103C,YLR055C,1,5.0114117,0.485029935836792,0.16200000047683716,0.01720000058412552
YIL153W,YNL238W,0,5.0113306,0.483582079410553,0.16200000047683716,0.01730000041425228
YDR110W,YBR195C,1,5.0095167,0.4851190447807312,0.16300000250339508,0.01730000041425228
YDL246C,YKL040C,0,5.0063457,0.48367953300476074,0.16300000250339508,0.017400000244379044
YOL055C,YKL093W,0,5.005109,0.4822485148906708,0.16300000250339508,0.017500000074505806
YGL137W,YMR240C,0,5.0019593,0.4808259606361389,0.16300000250339508,0.01759999990463257
YJR145C,YKL011C,0,4.999403,0.4794117510318756,0.16300000250339508,0.01769999973475933
YNL206C,YBR060C,1,4.9989424,0.4809384047985077,0.164000004529953,0.01769999973475933
YMR080C,YGR116W,1,4.996089,0.48245614767074585,0.16500000655651093,0.01769999973475933
YMR218C,YFL045C,0,4.9823475,0.4810495674610138,0.16500000655651093,0.017799999564886093
YPL064C,YAL062W,0,4.978382,0.47965115308761597,0.16500000655651093,0.017899999395012856
YLR103C,YLR052W,1,4.974091,0.48115941882133484,0.16599999368190765,0.017899999395012856
YNL107W,YGL163C,1,4.973159,0.4826589524745941,0.16699999570846558,0.017899999395012856
YNL240C,YDR404C,0,4.9727407,0.4812680184841156,0.16699999570846558,0.017999999225139618
YGR274C,YAL011W,1,4.9657254,0.48275861144065857,0.1679999977350235,0.017999999225139618
YER164W,YFR037C,1,4.9609528,0.48424068093299866,0.16899999976158142,0.017999999225139618
YDR453C,YFR001W,0,4.959975,0.4828571379184723,0.16899999976158142,0.01810000091791153
YDR013W,YDR060W,0,4.9519234,0.48148149251937866,0.16899999976158142,0.018200000748038292
YLL004W,YGL194C,1,4.9501305,0.4829545319080353,0.17000000178813934,0.018200000748038292
YBL035C,YGL174W,0,4.949191,0.48158639669418335,0.17000000178813934,0.018300000578165054
YHL019C,YGR180C,0,4.948144,0.48022598028182983,0.17000000178813934,0.018400000408291817
YJR133W,YER176W,0,4.9407697,0.47887325286865234,0.17000000178813934,0.01850000023841858
YDR121W,YBR281C,0,4.9352927,0.47752809524536133,0.17000000178813934,0.01860000006854534
YPR068C,YPR034W,1,4.9326215,0.4789915978908539,0.17100000381469727,0.01860000006854534
YHR013C,YGR208W,0,4.93167,0.4776536226272583,0.17100000381469727,0.018699999898672104
YOR038C,YPL235W,1,4.928508,0.47910863161087036,0.1720000058412552,0.018699999898672104
YNL107W,YIL150C,1,4.9273763,0.48055556416511536,0.17299999296665192,0.018699999898672104
YOL132W,YPL148C,0,4.926736,0.47922438383102417,0.17299999296665192,0.018799999728798866
YDR451C,YNL027W,0,4.92526,0.47790056467056274,0.17299999296665192,0.01889999955892563
YGL058W,YER022W,0,4.9252105,0.4765840172767639,0.17299999296665192,0.01899999938905239
YPL011C,YGR116W,1,4.919947,0.4780219793319702,0.17399999499320984,0.01899999938905239
YML061C,YPL157W,0,4.9179373,0.47671231627464294,0.17399999499320984,0.019099999219179153
YEL061C,YDR140W,0,4.912323,0.4754098355770111,0.17399999499320984,0.019200000911951065
YOR070C,YLR154C,0,4.9118514,0.47411444783210754,0.17399999499320984,0.019300000742077827
YOL086C,YIL115C,0,4.910514,0.4728260934352875,0.17399999499320984,0.01940000057220459
YOR049C,YLR380W,0,4.9095836,0.47154471278190613,0.17399999499320984,0.019500000402331352
YCR098C,YGL030W,0,4.9095254,0.4702702760696411,0.17399999499320984,0.019600000232458115
YDR169C,YMR078C,0,4.9082503,0.46900269389152527,0.17399999499320984,0.019700000062584877
YPR162C,YOR279C,1,4.9074264,0.4704301059246063,0.17499999701976776,0.019700000062584877
YOR209C,YCL061C,1,4.9012966,0.47184985876083374,0.17599999904632568,0.019700000062584877
YOL012C,YMR223W,1,4.89959,0.4732620418071747,0.1770000010728836,0.019700000062584877
YDR299W,YML061C,0,4.8973956,0.47200000286102295,0.1770000010728836,0.01979999989271164
YJL127C,YIL150C,1,4.8937993,0.47340425848960876,0.17800000309944153,0.01979999989271164
YPR162C,YNL246W,1,4.893193,0.47480106353759766,0.17900000512599945,0.01979999989271164
YBR231C,YAL011W,1,4.891198,0.4761904776096344,0.18000000715255737,0.01979999989271164
YBR160W,YPL234C,0,4.8817554,0.47493404150009155,0.18000000715255737,0.019899999722838402
YGR056W,YER164W,1,4.875534,0.47631579637527466,0.1809999942779541,0.019899999722838402
YML080W,YML076C,0,4.8741,0.4750656187534332,0.1809999942779541,0.019999999552965164
YPR122W,YKL205W,0,4.8732433,0.4738219976425171,0.1809999942779541,0.020099999383091927
YDL105W,YPR034W,1,4.871876,0.47519582509994507,0.18199999630451202,0.020099999383091927
YMR296C,YDR501W,0,4.87182,0.4739583432674408,0.18199999630451202,0.02019999921321869
YDR074W,YJR055W,0,4.869467,0.4727272689342499,0.18199999630451202,0.0203000009059906
YBR182C,YDR441C,0,4.869092,0.4715026021003723,0.18199999630451202,0.020400000736117363
YNR001C,YER013W,0,4.867382,0.47028422355651855,0.18199999630451202,0.020500000566244125
YHR118C,YBR009C,1,4.8634605,0.47164949774742126,0.18299999833106995,0.020500000566244125
YML041C,YIL150C,1,4.862483,0.4730077087879181,0.18400000035762787,0.020500000566244125
YMR264W,YDR127W,0,4.859397,0.47179487347602844,0.18400000035762787,0.020600000396370888
YGR113W,YJL208C,0,4.8531637,0.47058823704719543,0.18400000035762787,0.02070000022649765
YLL019C,YLR167W,0,4.8525634,0.4693877696990967,0.18400000035762787,0.020800000056624413
YDR287W,YOR267C,0,4.847878,0.468193382024765,0.18400000035762787,0.020899999886751175
YER148W,YOR080W,0,4.843461,0.46700507402420044,0.18400000035762787,0.020999999716877937
YER014W,YLL029W,0,4.8424006,0.4658227860927582,0.18400000035762787,0.0210999995470047
YDR013W,YBR281C,0,4.842324,0.46464645862579346,0.18400000035762787,0.021199999377131462
YOR076C,YGR072W,0,4.842043,0.4634760618209839,0.18400000035762787,0.021299999207258224
YJR016C,YJL057C,0,4.838182,0.4623115658760071,0.18400000035762787,0.021400000900030136
YDR310C,YDR224C,1,4.8377657,0.4636591374874115,0.1850000023841858,0.021400000900030136
YNR002C,YDR545W,0,4.836609,0.4625000059604645,0.1850000023841858,0.0215000007301569
YAR015W,YLL002W,0,4.831276,0.4613466262817383,0.1850000023841858,0.02160000056028366
YPR175W,YPL129W,1,4.82672,0.46268656849861145,0.1860000044107437,0.02160000056028366
YML031W,YNR015W,0,4.825646,0.4615384638309479,0.1860000044107437,0.021700000390410423
YAL011W,YOR244W,1,4.823142,0.4628712832927704,0.18700000643730164,0.021700000390410423
YDR369C,YPL133C,0,4.821464,0.46172839403152466,0.18700000643730164,0.021800000220537186
YMR101C,YPL048W,0,4.8211784,0.4605911374092102,0.18700000643730164,0.021900000050663948
YDR439W,YDR334W,1,4.8207498,0.4619164764881134,0.18799999356269836,0.021900000050663948
YKL135C,YER153C,0,4.8185925,0.46078431606292725,0.18799999356269836,0.02199999988079071
YBR010W,YMR284W,1,4.817829,0.4621026813983917,0.1889999955892563,0.02199999988079071
YBR182C,YHR081W,0,4.80822,0.46097561717033386,0.1889999955892563,0.022099999710917473
YGL136C,YOL104C,0,4.804336,0.45985400676727295,0.1889999955892563,0.022199999541044235
YPL208W,YJL148W,0,4.7977867,0.458737850189209,0.1889999955892563,0.022299999371170998
YMR040W,YEL029C,0,4.7973905,0.4576271176338196,0.1889999955892563,0.02239999920129776
YOR036W,YGR191W,0,4.797082,0.45652174949645996,0.1889999955892563,0.02250000089406967
YDR110W,YJL194W,1,4.793936,0.45783132314682007,0.1899999976158142,0.02250000089406967
YPR019W,YDL130W-A,0,4.792955,0.45673078298568726,0.1899999976158142,0.022600000724196434
YDR399W,YLR259C,0,4.7882667,0.4556354880332947,0.1899999976158142,0.022700000554323196
YGR004W,YGL162W,0,4.7826767,0.4545454680919647,0.1899999976158142,0.02280000038444996
YGL103W,YLR059C,0,4.7788615,0.4534606337547302,0.1899999976158142,0.02290000021457672
YHR118C,YBR231C,1,4.777261,0.45476189255714417,0.19099999964237213,0.02290000021457672
YLR442C,YNL135C,1,4.7770076,0.45605701208114624,0.19200000166893005,0.02290000021457672
YJL052W,YBR033W,0,4.776401,0.45497629046440125,0.19200000166893005,0.023000000044703484
YJL194W,YPL011C,1,4.775217,0.45626476407051086,0.19300000369548798,0.023000000044703484
YDR064W,YCR054C,0,4.773126,0.45518869161605835,0.19300000369548798,0.023099999874830246
YNL135C,YER164W,1,4.772676,0.4564705789089203,0.1940000057220459,0.023099999874830246
YOR150W,YDR478W,0,4.770839,0.4553990662097931,0.1940000057220459,0.02319999970495701
YGL112C,YMR033W,1,4.7699966,0.4566744863986969,0.19499999284744263,0.02319999970495701
YOL165C,YHR179W,0,4.7685575,0.45560747385025024,0.19499999284744263,0.02329999953508377
YCR052W,YDR224C,1,4.7673416,0.4568764567375183,0.19599999487400055,0.02329999953508377
YER088C,YNL246W,1,4.7641253,0.4581395387649536,0.19699999690055847,0.02329999953508377
YNL330C,YER164W,1,4.7617097,0.45939674973487854,0.1979999989271164,0.02329999953508377
YGR078C,YFR003C,0,4.7611895,0.4583333432674408,0.1979999989271164,0.023399999365210533
YJR052W,YPL048W,0,4.760619,0.45727482438087463,0.1979999989271164,0.023499999195337296
YDR059C,YER104W,0,4.7596893,0.45622119307518005,0.1979999989271164,0.023600000888109207
YGL135W,YKL197C,0,4.759503,0.45517241954803467,0.1979999989271164,0.02370000071823597
YBR128C,YHR179W,0,4.755701,0.4541284441947937,0.1979999989271164,0.023800000548362732
YCR098C,YJL162C,0,4.749795,0.45308923721313477,0.1979999989271164,0.023900000378489494
YDR402C,YAL059W,0,4.7465453,0.45205479860305786,0.1979999989271164,0.024000000208616257
YGR221C,YOL090W,1,4.7444654,0.45330294966697693,0.19900000095367432,0.024000000208616257
YBR245C,YDR334W,1,4.740739,0.4545454680919647,0.20000000298023224,0.024000000208616257
YPR162C,YJR140C,1,4.7395215,0.45578232407569885,0.20100000500679016,0.024000000208616257
YOL154W,YKR027W,0,4.73554,0.4547511339187622,0.20100000500679016,0.02410000003874302
YPL235W,YPL129W,1,4.735223,0.45598194003105164,0.20200000703334808,0.02410000003874302
YER164W,YCR052W,1,4.7334933,0.45720720291137695,0.2029999941587448,0.02410000003874302
YBR114W,YGL148W,0,4.7281456,0.45617976784706116,0.2029999941587448,0.02419999986886978
YGL092W,YPR133C,0,4.7259545,0.45515695214271545,0.2029999941587448,0.024299999698996544
YOR138C,YDR281C,0,4.72451,0.45413869619369507,0.2029999941587448,0.024399999529123306
YGL163C,YLR085C,1,4.722519,0.4553571343421936,0.20399999618530273,0.024399999529123306
YPL011C,YKR019C,1,4.7180943,0.4565701484680176,0.20499999821186066,0.024399999529123306
YOR071C,YLR059C,0,4.715991,0.4555555582046509,0.20499999821186066,0.02449999935925007
YBR294W,YJL134W,0,4.711434,0.4545454680919647,0.20499999821186066,0.02459999918937683
YNL066W,YML057W,0,4.711129,0.45353981852531433,0.20499999821186066,0.024700000882148743
YOR330C,YGR155W,0,4.710318,0.4525386393070221,0.20499999821186066,0.024800000712275505
YDL067C,YPR060C,0,4.710195,0.45154184103012085,0.20499999821186066,0.024900000542402267
YLR103C,YPL129W,1,4.7084403,0.45274725556373596,0.20600000023841858,0.024900000542402267
YHR164C,YKL040C,0,4.7081113,0.4517543911933899,0.20600000023841858,0.02500000037252903
YML127W,YPL235W,1,4.707171,0.4529540538787842,0.2070000022649765,0.02500000037252903
YER002W,YHR005C,0,4.705174,0.4519650638103485,0.2070000022649765,0.025100000202655792
YJR051W,YLR105C,0,4.701066,0.45098039507865906,0.2070000022649765,0.025200000032782555
YFR003C,YGR285C,0,4.6999693,0.44999998807907104,0.2070000022649765,0.025299999862909317
YBL106C,YBR158W,0,4.6925373,0.44902387261390686,0.2070000022649765,0.02539999969303608
YHR110W,YAL053W,0,4.6856623,0.44805195927619934,0.2070000022649765,0.025499999523162842
YNL159C,YLR367W,0,4.682446,0.4470842480659485,0.2070000022649765,0.025599999353289604
YER165W,YCL055W,0,4.6819797,0.4461206793785095,0.2070000022649765,0.025699999183416367
YCR105W,YEL040W,0,4.6817865,0.44516128301620483,0.2070000022649765,0.025800000876188278
YML041C,YDR334W,1,4.680597,0.44635194540023804,0.20800000429153442,0.025800000876188278
YDR011W,YGR262C,0,4.6672945,0.44539615511894226,0.20800000429153442,0.02590000070631504
YGL192W,YGL095C,0,4.6627574,0.4444444477558136,0.20800000429153442,0.026000000536441803
YLR452C,YJR004C,0,4.657901,0.44349679350852966,0.20800000429153442,0.026100000366568565
YNL183C,YDR127W,0,4.6547956,0.44255319237709045,0.20800000429153442,0.026200000196695328
YER022W,YDR233C,0,4.6540055,0.4416135847568512,0.20800000429153442,0.02630000002682209
YNL076W,YDL043C,0,4.65332,0.4406779706478119,0.20800000429153442,0.026399999856948853
YKL183W,YAL035W,0,4.6502104,0.43974629044532776,0.20800000429153442,0.026499999687075615
YDR399W,YPR008W,0,4.6471066,0.4388185739517212,0.20800000429153442,0.026599999517202377
YGL087C,YPL254W,0,4.6468806,0.437894731760025,0.20800000429153442,0.02669999934732914
YDR014W,YPL244C,0,4.6458187,0.43697479367256165,0.20800000429153442,0.026799999177455902
YOL100W,YGL092W,0,4.6455436,0.4360587000846863,0.20800000429153442,0.026900000870227814
YCL061C,YBL008W,1,4.6437707,0.437238484621048,0.20900000631809235,0.026900000870227814
YGR274C,YOR304W,1,4.6367283,0.4384133517742157,0.20999999344348907,0.026900000870227814
YER180C,YLR381W,0,4.6358,0.4375,0.20999999344348907,0.027000000700354576
YMR176W,YBR162C,0,4.632991,0.43659043312072754,0.20999999344348907,0.02710000053048134
YMR227C,YDR310C,1,4.6324034,0.4377593398094177,0.210999995470047,0.02710000053048134
YLR024C,YGR188C,0,4.6322303,0.43685299158096313,0.210999995470047,0.0272000003606081
YLR024C,YDR501W,0,4.6224027,0.4359503984451294,0.210999995470047,0.027300000190734863
YLR441C,YER012W,0,4.6222043,0.4350515604019165,0.210999995470047,0.027400000020861626
YDL031W,YFL044C,0,4.6206245,0.4341563880443573,0.210999995470047,0.027499999850988388
YFL029C,YHR010W,0,4.620244,0.4332648813724518,0.210999995470047,0.02759999968111515
YDR138W,YCR092C,0,4.6177697,0.43237704038619995,0.210999995470047,0.027699999511241913
YFL013C,YMR080C,1,4.617326,0.4335378408432007,0.21199999749660492,0.027699999511241913
YGL116W,YLR212C,0,4.6165113,0.4326530694961548,0.21199999749660492,0.027799999341368675
YKR008W,YOR038C,1,4.615775,0.4338085651397705,0.21299999952316284,0.027799999341368675
YMR270C,YAL003W,0,4.6132135,0.43292683362960815,0.21299999952316284,0.027899999171495438
YDR140W,YDR289C,0,4.608456,0.4320486783981323,0.21299999952316284,0.02800000086426735
YCL061C,YML102W,1,4.6058517,0.43319839239120483,0.21400000154972076,0.02800000086426735
YMR088C,YLR011W,0,4.6053953,0.43232324719429016,0.21400000154972076,0.02810000069439411
YMR019W,YCL055W,0,4.605113,0.43145161867141724,0.21400000154972076,0.028200000524520874
YOR308C,YJL129C,0,4.60389,0.43058350682258606,0.21400000154972076,0.028300000354647636
YKR048C,YGL112C,1,4.600791,0.4317269027233124,0.2150000035762787,0.028300000354647636
YKR008W,YCR052W,1,4.5956283,0.4328657388687134,0.2160000056028366,0.028300000354647636
YML127W,YJL080C,1,4.5947747,0.4339999854564667,0.21699999272823334,0.028300000354647636
YJL191W,YHR148W,0,4.5888567,0.43313372135162354,0.21699999272823334,0.0284000001847744
YBR164C,YER056C-A,0,4.5867076,0.43227091431617737,0.21699999272823334,0.02850000001490116
YLR427W,YER153C,0,4.581417,0.4314115345478058,0.21699999272823334,0.028599999845027924
YML099C,YDR528W,0,4.5806956,0.4305555522441864,0.21699999272823334,0.028699999675154686
YER088C,YMR223W,1,4.5792336,0.43168318271636963,0.21799999475479126,0.028699999675154686
YIL136W,YDR545W,0,4.578374,0.4308300316333771,0.21799999475479126,0.02879999950528145
YPR138C,YOR247W,0,4.5773506,0.4299802780151367,0.21799999475479126,0.02889999933540821
YML109W,YGR116W,1,4.575468,0.43110236525535583,0.21899999678134918,0.02889999933540821
YBR112C,YMR091C,1,4.573841,0.4322200417518616,0.2199999988079071,0.02889999933540821
YGR070W,YNR043W,0,4.572447,0.4313725531101227,0.2199999988079071,0.028999999165534973
YLR277C,YNL283C,0,4.5649486,0.4305283725261688,0.2199999988079071,0.029100000858306885
YKR019C,YLL022C,1,4.56343,0.431640625,0.22100000083446503,0.029100000858306885
YJR150C,YJR045C,0,4.561678,0.4307992160320282,0.22100000083446503,0.029200000688433647
YDR034C,YHR171W,0,4.561371,0.42996108531951904,0.22100000083446503,0.02930000051856041
YBR010W,YKR101W,1,4.557156,0.43106797337532043,0.22200000286102295,0.02930000051856041
YJL194W,YOR038C,1,4.5565667,0.4321705400943756,0.22300000488758087,0.02930000051856041
YDR190C,YOR279C,1,4.5557766,0.43326884508132935,0.2240000069141388,0.02930000051856041
YOR279C,YLR285W,1,4.5538354,0.4343629479408264,0.22499999403953552,0.02930000051856041
YNL135C,YGL112C,1,4.541271,0.43545278906822205,0.22599999606609344,0.02930000051856041
YHL025W,YJR140C,1,4.540742,0.4365384578704834,0.22699999809265137,0.02930000051856041
YDR190C,YER088C,1,4.539433,0.4376199543476105,0.2280000001192093,0.02930000051856041
YPL231W,YPR072W,0,4.534189,0.4367816150188446,0.2280000001192093,0.029400000348687172
YLR389C,YNL281W,0,4.5327106,0.4359464645385742,0.2280000001192093,0.029500000178813934
YDR395W,YOR320C,0,4.531451,0.4351145029067993,0.2280000001192093,0.029600000008940697
YKR077W,YDR238C,0,4.530366,0.4342857003211975,0.2280000001192093,0.02969999983906746
YJL026W,YBR282W,0,4.5297556,0.4334600865840912,0.2280000001192093,0.02979999966919422
YGR008C,YDR362C,0,4.5293117,0.4326375722885132,0.2280000001192093,0.029899999499320984
YNL219C,YPL269W,0,4.5290003,0.4318181872367859,0.2280000001192093,0.029999999329447746
YLL004W,YCL061C,1,4.5263214,0.4328922629356384,0.2290000021457672,0.029999999329447746
YFL013C,YDR310C,1,4.52474,0.43396225571632385,0.23000000417232513,0.029999999329447746
YPL163C,YOL124C,0,4.5243564,0.43314501643180847,0.23000000417232513,0.03009999915957451
YER113C,YIL068C,0,4.523605,0.43233081698417664,0.23000000417232513,0.03020000085234642
YNL107W,YNL135C,1,4.5201283,0.4333958625793457,0.23100000619888306,0.03020000085234642
YGR063C,YCL061C,1,4.5178947,0.4344569146633148,0.23199999332427979,0.03020000085234642
YJL190C,YHR036W,0,4.5152817,0.4336448609828949,0.23199999332427979,0.030300000682473183
YDR479C,YOL093W,0,4.513387,0.43283581733703613,0.23199999332427979,0.030400000512599945
YNL156C,YNR027W,0,4.511302,0.4320297837257385,0.23199999332427979,0.030500000342726707
YML127W,YBL052C,1,4.511282,0.43308550119400024,0.2329999953508377,0.030500000342726707
YDL197C,YAL011W,1,4.5108986,0.4341372847557068,0.23399999737739563,0.030500000342726707
YBR156C,YDR032C,0,4.5086346,0.4333333373069763,0.23399999737739563,0.03060000017285347
YNL206C,YLR085C,1,4.5082703,0.43438076972961426,0.23499999940395355,0.03060000017285347
YDL247W,YLR300W,0,4.5059023,0.43357932567596436,0.23499999940395355,0.030700000002980232
YPL135W,YBL017C,0,4.5036154,0.4327808618545532,0.23499999940395355,0.030799999833106995
YDL140C,YPL153C,1,4.5033274,0.43382352590560913,0.23600000143051147,0.030799999833106995
YML015C,YLL043W,0,4.5026426,0.4330275356769562,0.23600000143051147,0.030899999663233757
YJL190C,YCL050C,0,4.5020795,0.43223443627357483,0.23600000143051147,0.03099999949336052
YJL194W,YBR195C,1,4.497897,0.4332723915576935,0.2370000034570694,0.03099999949336052
YNL102W,YOR008C,0,4.4978433,0.4324817657470703,0.2370000034570694,0.031099999323487282
YKR101W,YDR303C,1,4.49744,0.4335154891014099,0.23800000548362732,0.031099999323487282
YDR145W,YDR439W,1,4.4953504,0.43454545736312866,0.23899999260902405,0.031099999323487282
YMR077C,YDR482C,0,4.4948745,0.4337567985057831,0.23899999260902405,0.031199999153614044
YGR037C,YJR052W,0,4.4939218,0.4329710006713867,0.23899999260902405,0.031300000846385956
YBR275C,YDR395W,0,4.493803,0.4321880638599396,0.23899999260902405,0.03139999881386757
YGL112C,YLR052W,1,4.493266,0.4332129955291748,0.23999999463558197,0.03139999881386757
YNL151C,YBL074C,0,4.4924,0.4324324429035187,0.23999999463558197,0.03150000050663948
YLR316C,YCL029C,0,4.4896894,0.4316546618938446,0.23999999463558197,0.031599998474121094
YDR071C,YML102W,1,4.4892993,0.4326750338077545,0.2409999966621399,0.031599998474121094
YJL080C,YCL061C,1,4.485828,0.43369176983833313,0.24199999868869781,0.031599998474121094
YDL007W,YEL070W,0,4.4821634,0.43291592597961426,0.24199999868869781,0.031700000166893005
YNL066W,YNL079C,0,4.4819846,0.43214285373687744,0.24199999868869781,0.03180000185966492
YNL330C,YML102W,1,4.479961,0.4331550896167755,0.24300000071525574,0.03180000185966492
YDR224C,YLR033W,1,4.4795794,0.4341636896133423,0.24400000274181366,0.03180000185966492
YDR071C,YCR052W,1,4.478642,0.4351687431335449,0.24500000476837158,0.03180000185966492
YOR038C,YPR162C,1,4.477565,0.43617022037506104,0.2460000067949295,0.03180000185966492
YDR395W,YHR006W,0,4.477199,0.4353982210159302,0.2460000067949295,0.03189999982714653
YLL061W,YLR190W,0,4.4736533,0.434628963470459,0.2460000067949295,0.03200000151991844
YER168C,YPL049C,0,4.473438,0.43386244773864746,0.2460000067949295,0.032099999487400055
YLR389C,YOR288C,0,4.4730906,0.43309858441352844,0.2460000067949295,0.03220000118017197
YPL011C,YGR274C,1,4.4717245,0.4340949058532715,0.24699999392032623,0.03220000118017197
YER088C,YDR145W,1,4.4672737,0.4350877106189728,0.24799999594688416,0.03220000118017197
YDR448W,YNL231C,0,4.4656873,0.4343257546424866,0.24799999594688416,0.03229999914765358
YIL139C,YNL309W,0,4.465329,0.4335664212703705,0.24799999594688416,0.03240000084042549
YKR101W,YJL080C,1,4.4627233,0.43455496430397034,0.24899999797344208,0.03240000084042549
YLR181C,YER120W,0,4.462243,0.4337978959083557,0.24899999797344208,0.032499998807907104
YDL069C,YMR308C,0,4.46124,0.4330434799194336,0.24899999797344208,0.032600000500679016
YHR106W,YER041W,0,4.4609075,0.4322916567325592,0.24899999797344208,0.03269999846816063
YPR120C,YJL134W,0,4.460306,0.43154245615005493,0.24899999797344208,0.03280000016093254
YLR060W,YPL163C,0,4.4594784,0.4307958483695984,0.24899999797344208,0.03290000185370445
YBR198C,YGR116W,1,4.4550643,0.4317789375782013,0.25,0.03290000185370445
YDR071C,YBR198C,1,4.4530106,0.432758629322052,0.25099998712539673,0.03290000185370445
YPL112C,YHR066W,0,4.450314,0.43201377987861633,0.25099998712539673,0.032999999821186066
YKL042W,YIR026C,0,4.4485893,0.4312714636325836,0.25099998712539673,0.03310000151395798
YLR384C,YPL151C,0,4.448499,0.43053174018859863,0.25099998712539673,0.03319999948143959
YOL139C,YIR036C,0,4.4482994,0.4297945201396942,0.25099998712539673,0.0333000011742115
YMR239C,YMR091C,1,4.4471655,0.4307692348957062,0.25200000405311584,0.0333000011742115
YLR371W,YPR030W,0,4.446306,0.4300341308116913,0.25200000405311584,0.033399999141693115
YBR078W,YJR013W,0,4.44618,0.42930153012275696,0.25200000405311584,0.03350000083446503
YDR453C,YGL094C,0,4.444884,0.4285714328289032,0.25200000405311584,0.03359999880194664
YPR106W,YGL005C,0,4.4444823,0.4278438091278076,0.25200000405311584,0.03370000049471855
YDR303C,YDL105W,1,4.4442286,0.42881354689598083,0.2529999911785126,0.03370000049471855
YGL070C,YNL233W,0,4.443478,0.42808797955513,0.2529999911785126,0.033799998462200165
YOR249C,YNL290W,0,4.4432545,0.42736485600471497,0.2529999911785126,0.033900000154972076
YPL235W,YGR002C,1,4.440011,0.42833051085472107,0.2540000081062317,0.033900000154972076
YIL084C,YHR116W,0,4.4355006,0.4276094138622284,0.2540000081062317,0.03400000184774399
YDR292C,YDR129C,0,4.4338636,0.4268907606601715,0.2540000081062317,0.0340999998152256
YLR370C,YPL090C,0,4.431537,0.42617449164390564,0.2540000081062317,0.03420000150799751
YOR279C,YPR175W,1,4.4315286,0.4271356761455536,0.2549999952316284,0.03420000150799751
YGL147C,YBR052C,0,4.431393,0.4264214038848877,0.2549999952316284,0.034299999475479126
YBR245C,YPL235W,1,4.4290423,0.42737895250320435,0.25600001215934753,0.034299999475479126
YBR112C,YNL330C,1,4.4268527,0.4283333420753479,0.25699999928474426,0.034299999475479126
YMR183C,YPR048W,0,4.4244695,0.42762061953544617,0.25699999928474426,0.03440000116825104
YER041W,YEL054C,0,4.423614,0.42691031098365784,0.25699999928474426,0.03449999913573265
YOL067C,YGL129C,0,4.419505,0.42620232701301575,0.25699999928474426,0.03460000082850456
YNL107W,YLR055C,1,4.4175687,0.4271523058414459,0.257999986410141,0.03460000082850456
YPL101W,YLL002W,0,4.4168377,0.4264462888240814,0.257999986410141,0.034699998795986176
YMR153W,YMR117C,0,4.4163737,0.42574256658554077,0.257999986410141,0.03480000048875809
YGR214W,YOL142W,0,4.4161625,0.42504119873046875,0.257999986410141,0.0348999984562397
YDR529C,YOR067C,0,4.4157615,0.4243420958518982,0.257999986410141,0.03500000014901161
YDR045C,YOL076W,0,4.4139934,0.4236453175544739,0.257999986410141,0.035100001841783524
YJR155W,YER114C,0,4.4129004,0.4229508340358734,0.257999986410141,0.03519999980926514
YGR258C,YEL038W,0,4.4128194,0.422258585691452,0.257999986410141,0.03530000150203705
YOR091W,YHR079C,0,4.4117146,0.4215686321258545,0.257999986410141,0.03539999946951866
YLR090W,YOL124C,0,4.410491,0.42088091373443604,0.257999986410141,0.03550000116229057
YBR198C,YAL011W,1,4.4098835,0.4218240976333618,0.2590000033378601,0.03550000116229057
YDR074W,YPR137W,0,4.409112,0.421138197183609,0.2590000033378601,0.035599999129772186
YOL067C,YBR230C,0,4.4085913,0.4204545319080353,0.2590000033378601,0.0357000008225441
YGL116W,YER083C,0,4.4061203,0.4197731018066406,0.2590000033378601,0.03579999879002571
YHL025W,YGR274C,1,4.405915,0.4207119643688202,0.25999999046325684,0.03579999879002571
YGL163C,YMR239C,1,4.4059005,0.4216478168964386,0.26100000739097595,0.03579999879002571
YDR303C,YMR033W,1,4.4029865,0.42258065938949585,0.2619999945163727,0.03579999879002571
YJL183W,YMR017W,0,4.401667,0.4219001531600952,0.2619999945163727,0.03590000048279762
YDL197C,YBR289W,1,4.3997746,0.4228295683860779,0.2630000114440918,0.03590000048279762
YGL027C,YJL168C,0,4.3986273,0.4221508800983429,0.2630000114440918,0.035999998450279236
YOR216C,YOR085W,0,4.3980927,0.4214743673801422,0.2630000114440918,0.03610000014305115
YER161C,YNL135C,1,4.396825,0.42239999771118164,0.2639999985694885,0.03610000014305115
YBR114W,YNL055C,0,4.3966517,0.42172524333000183,0.2639999985694885,0.03620000183582306
YGR116W,YPR175W,1,4.3945746,0.42264753580093384,0.26499998569488525,0.03620000183582306
YKR008W,YDR110W,1,4.392238,0.42356687784194946,0.26600000262260437,0.03620000183582306
YDR257C,YPL271W,0,4.3921638,0.4228934943675995,0.26600000262260437,0.03629999980330467
YDR288W,YCR054C,0,4.390994,0.42222222685813904,0.26600000262260437,0.036400001496076584
YDR265W,YDR050C,0,4.3904214,0.4215531051158905,0.26600000262260437,0.0364999994635582
YFL049W,YPR034W,1,4.387496,0.422468364238739,0.2669999897480011,0.0364999994635582
YNL027W,YGL092W,0,4.3872347,0.4218009412288666,0.2669999897480011,0.03660000115633011
YLL041C,YAL019W,0,4.386411,0.42113563418388367,0.2669999897480011,0.03669999912381172
YGR179C,YGR200C,0,4.386264,0.4204724431037903,0.2669999897480011,0.03680000081658363
YBR112C,YHL025W,1,4.385966,0.42138364911079407,0.2680000066757202,0.03680000081658363
YPL011C,YMR227C,1,4.385959,0.42229199409484863,0.26899999380111694,0.03680000081658363
YER030W,YKR101W,1,4.3841953,0.423197478055954,0.27000001072883606,0.03680000081658363
YIL126W,YGL194C,1,4.383521,0.4241001605987549,0.2709999978542328,0.03680000081658363
YNL271C,YLR038C,0,4.3806467,0.4234375059604645,0.2709999978542328,0.03689999878406525
YPR037C,YBL076C,0,4.3800993,0.4227769076824188,0.2709999978542328,0.03700000047683716
YOR076C,YNR001C,0,4.378964,0.4221183657646179,0.2709999978542328,0.03709999844431877
YBL008W,YLR285W,1,4.3771243,0.42301711440086365,0.2720000147819519,0.03709999844431877
YEL064C,YBR196C,0,4.3760605,0.42236024141311646,0.2720000147819519,0.03720000013709068
YLR238W,YLL045C,0,4.374294,0.421705424785614,0.2720000147819519,0.037300001829862595
YHR118C,YGR274C,1,4.3742104,0.4226006269454956,0.27300000190734863,0.037300001829862595
YMR287C,YPL078C,0,4.374131,0.4219474494457245,0.27300000190734863,0.03739999979734421
YBR112C,YPL235W,1,4.373669,0.422839492559433,0.27399998903274536,0.03739999979734421
YDR077W,YER180C,0,4.3729267,0.4221879839897156,0.27399998903274536,0.03750000149011612
YBR245C,YMR239C,1,4.3683243,0.42307692766189575,0.2750000059604645,0.03750000149011612
YIL154C,YDR440W,0,4.366541,0.4224270284175873,0.2750000059604645,0.03759999945759773
YML021C,YKR058W,0,4.364899,0.42177915573120117,0.2750000059604645,0.037700001150369644
YHR119W,YDR334W,1,4.364444,0.422664612531662,0.2759999930858612,0.037700001150369644
YBR112C,YLR285W,1,4.364143,0.4235473871231079,0.2770000100135803,0.037700001150369644
YOL062C,YOL061W,0,4.3622537,0.4229007661342621,0.2770000100135803,0.03779999911785126
YMR287C,YDR289C,0,4.359133,0.42225611209869385,0.2770000100135803,0.03790000081062317
YDR439W,YJL081C,1,4.357812,0.4231354594230652,0.27799999713897705,0.03790000081062317
YOL012C,YLR321C,1,4.357289,0.424012154340744,0.27900001406669617,0.03790000081062317
YJR078W,YAL043C,0,4.356489,0.42336875200271606,0.27900001406669617,0.03799999877810478
YGR274C,YDR224C,1,4.3512235,0.42424243688583374,0.2800000011920929,0.03799999877810478
YLL004W,YML109W,1,4.3471603,0.4251134693622589,0.2809999883174896,0.03799999877810478
YGR144W,YFR031C-A,0,4.3456745,0.42447128891944885,0.2809999883174896,0.038100000470876694
YDR167W,YMR239C,1,4.3453298,0.42533937096595764,0.28200000524520874,0.038100000470876694
YKR036C,YBR005W,0,4.345289,0.4246987998485565,0.28200000524520874,0.03819999843835831
YBL069W,YJR139C,0,4.344336,0.4240601360797882,0.28200000524520874,0.03830000013113022
YGL112C,YPR034W,1,4.343639,0.42492491006851196,0.28299999237060547,0.03830000013113022
YBR010W,YOL004W,1,4.343434,0.4257871210575104,0.2840000092983246,0.03830000013113022
YOR076C,YCR107W,0,4.341806,0.42514970898628235,0.2840000092983246,0.03840000182390213
YJL052W,YBR086C,0,4.341563,0.42451420426368713,0.2840000092983246,0.03849999979138374
YGR234W,YGL227W,0,4.3415275,0.42388060688972473,0.2840000092983246,0.038600001484155655
YFL013C,YER164W,1,4.3406925,0.42473918199539185,0.2849999964237213,0.038600001484155655
YKR048C,YML109W,1,4.338826,0.425595223903656,0.28600001335144043,0.038600001484155655
YDR167W,YGL037C,1,4.3387346,0.4264487326145172,0.28700000047683716,0.038600001484155655
YBR009C,YBR231C,1,4.3369317,0.42729970812797546,0.2879999876022339,0.038600001484155655
YPR068C,YKR019C,1,4.3344088,0.42814815044403076,0.289000004529953,0.038600001484155655
YCR098C,YAL003W,0,4.3315196,0.42751479148864746,0.289000004529953,0.03869999945163727
YOR182C,YOR129C,0,4.3290286,0.4268833100795746,0.289000004529953,0.03880000114440918
YLR448W,YLL043W,0,4.3278594,0.42625367641448975,0.289000004529953,0.03889999911189079
YKR101W,YMR223W,1,4.3272123,0.42709866166114807,0.28999999165534973,0.03889999911189079
YJL012C,YJL078C,0,4.3269577,0.4264705777168274,0.28999999165534973,0.039000000804662704
YDL074C,YML097C,0,4.3257775,0.42584434151649475,0.28999999165534973,0.03909999877214432
YBR006W,YML097C,0,4.3252983,0.42521995306015015,0.28999999165534973,0.03920000046491623
YML052W,YDL216C,0,4.3240933,0.4245973527431488,0.28999999165534973,0.03929999843239784
YDR172W,YGL216W,0,4.3235846,0.4239766001701355,0.28999999165534973,0.039400000125169754
YPL253C,YMR117C,0,4.3221154,0.42335766553878784,0.28999999165534973,0.039500001817941666
YMR091C,YLR285W,1,4.3213525,0.4241982400417328,0.29100000858306885,0.039500001817941666
YBR231C,YLR321C,1,4.3182693,0.42503640055656433,0.2919999957084656,0.039500001817941666
YER020W,YPR137W,0,4.3161006,0.4244185984134674,0.2919999957084656,0.03959999978542328
YDR427W,YML061C,0,4.3144836,0.42380261421203613,0.2919999957084656,0.03970000147819519
YJL072C,YER112W,0,4.312898,0.4231884181499481,0.2919999957084656,0.039799999445676804
YMR215W,YLR266C,0,4.3118663,0.422575980424881,0.2919999957084656,0.039900001138448715
YMR033W,YOR279C,1,4.311658,0.42341041564941406,0.2930000126361847,0.039900001138448715
YGR063C,YKR101W,1,4.3114386,0.42424243688583374,0.2939999997615814,0.039900001138448715
YKR053C,YNL111C,0,4.309844,0.42363113164901733,0.2939999997615814,0.03999999910593033
YKL217W,YIL036W,0,4.3097277,0.4230215847492218,0.2939999997615814,0.04010000079870224
YJR145C,YLL002W,0,4.3075576,0.42241379618644714,0.2939999997615814,0.04019999876618385
YCR106W,YDL139C,0,4.3047276,0.42180773615837097,0.2939999997615814,0.040300000458955765
YPR162C,YLR357W,1,4.300453,0.42263609170913696,0.29499998688697815,0.040300000458955765
YNL039W,YFL057C,0,4.2989655,0.4220314621925354,0.29499998688697815,0.04039999842643738
YLR045C,YIR026C,0,4.2979417,0.4214285612106323,0.29499998688697815,0.04050000011920929
YGR258C,YKR027W,0,4.2949705,0.42082738876342773,0.29499998688697815,0.0406000018119812
YCL034W,YBL013W,0,4.292143,0.42022791504859924,0.29499998688697815,0.040699999779462814
YDL140C,YDR334W,1,4.2909913,0.42105263471603394,0.29600000381469727,0.040699999779462814
YMR314W,YIL101C,0,4.290625,0.4204545319080353,0.29600000381469727,0.040800001472234726
YOR275C,YMR312W,0,4.2877626,0.4198581576347351,0.29600000381469727,0.04089999943971634
YPR017C,YGR027C,0,4.28681,0.41926345229148865,0.29600000381469727,0.04100000113248825
YOL012C,YMR033W,1,4.2853837,0.4200848639011383,0.296999990940094,0.04100000113248825
YLR448W,YNL223W,0,4.284563,0.4194915294647217,0.296999990940094,0.041099999099969864
YCR002C,YBR158W,0,4.2842984,0.41889986395835876,0.296999990940094,0.041200000792741776
YOR258W,YPL231W,0,4.2807455,0.41830986738204956,0.296999990940094,0.04129999876022339
YML102W,YER088C,1,4.279624,0.4191280007362366,0.2980000078678131,0.04129999876022339
YCR106W,YPL064C,0,4.2780933,0.4185393154621124,0.2980000078678131,0.0414000004529953
YGL016W,YJL001W,0,4.275371,0.4179523289203644,0.2980000078678131,0.04149999842047691
YGR279C,YNL328C,0,4.275337,0.41736695170402527,0.2980000078678131,0.041600000113248825
YOL067C,YBR003W,0,4.2744746,0.4167832136154175,0.2980000078678131,0.04170000180602074
YJR150C,YLR017W,0,4.2727304,0.416201114654541,0.2980000078678131,0.04179999977350235
YGL116W,YOR232W,0,4.272328,0.4156206548213959,0.2980000078678131,0.04190000146627426
YMR241W,YGL093W,0,4.272301,0.4150417745113373,0.2980000078678131,0.041999999433755875
YGR056W,YLR052W,1,4.2707148,0.415855348110199,0.29899999499320984,0.041999999433755875
YFR037C,YGL037C,1,4.269077,0.4166666567325592,0.30000001192092896,0.041999999433755875
YGR274C,YGL037C,1,4.268269,0.41747573018074036,0.3009999990463257,0.041999999433755875
YJL194W,YMR223W,1,4.268241,0.41828253865242004,0.3019999861717224,0.041999999433755875
YPL145C,YOL093W,0,4.2654524,0.4177040159702301,0.3019999861717224,0.042100001126527786
YIL123W,YML043C,0,4.2652617,0.4171270728111267,0.3019999861717224,0.0421999990940094
YOR383C,YLR330W,0,4.264713,0.41655173897743225,0.3019999861717224,0.04230000078678131
YKR019C,YMR227C,1,4.264361,0.41735535860061646,0.30300000309944153,0.04230000078678131
YLR442C,YDR224C,1,4.2637973,0.41815680265426636,0.30399999022483826,0.04230000078678131
YLR172C,YAL053W,0,4.2633862,0.4175824224948883,0.30399999022483826,0.042399998754262924
YDR054C,YER165W,0,4.2629666,0.4170095920562744,0.30399999022483826,0.042500000447034836
YBR035C,YHR085W,0,4.2628665,0.41643837094306946,0.30399999022483826,0.04259999841451645
YLL004W,YLR321C,1,4.260849,0.41723665595054626,0.3050000071525574,0.04259999841451645
YJR006W,YJL208C,0,4.258081,0.4166666567325592,0.3050000071525574,0.04270000010728836
YOL012C,YLR085C,1,4.2544775,0.41746246814727783,0.3059999942779541,0.04270000010728836
YDR386W,YKL040C,0,4.253487,0.41689372062683105,0.3059999942779541,0.04280000180006027
YDR144C,YPR189W,0,4.2514553,0.41632652282714844,0.3059999942779541,0.042899999767541885
YLR090W,YKL060C,0,4.250835,0.41576087474823,0.3059999942779541,0.0430000014603138
YKL096W-A,YPL138C,0,4.250583,0.4151967465877533,0.3059999942779541,0.04309999942779541
YGL212W,YGL105W,0,4.2499447,0.4146341383457184,0.3059999942779541,0.04320000112056732
YIL047C,YML027W,0,4.2486477,0.41407307982444763,0.3059999942779541,0.043299999088048935
YAL011W,YGR002C,1,4.248475,0.4148648679256439,0.3070000112056732,0.043299999088048935
YIL020C,YGL171W,0,4.247512,0.4143050014972687,0.3070000112056732,0.04340000078082085
YBR121C,YIR031C,0,4.2444715,0.4137466251850128,0.3070000112056732,0.04349999874830246
YGL172W,YML094W,0,4.243846,0.41318976879119873,0.3070000112056732,0.04360000044107437
YMR239C,YNL059C,1,4.2414236,0.4139784872531891,0.30799999833106995,0.04360000044107437
YJL194W,YLL004W,1,4.2401223,0.4147650897502899,0.3089999854564667,0.04360000044107437
YHR206W,YAL034W-A,0,4.2384515,0.41420912742614746,0.3089999854564667,0.043699998408555984
YAL048C,YOL123W,0,4.2383504,0.413654625415802,0.3089999854564667,0.043800000101327896
YKR008W,YNL261W,1,4.234511,0.41443851590156555,0.3100000023841858,0.043800000101327896
YDR447C,YLR176C,0,4.2318654,0.4138851761817932,0.3100000023841858,0.04390000179409981
YLR103C,YGL194C,1,4.2312713,0.41466665267944336,0.3109999895095825,0.04390000179409981
YAL024C,YJL030W,0,4.2310867,0.41411450505256653,0.3109999895095825,0.04399999976158142
YOL064C,YMR117C,0,4.2293286,0.4135638177394867,0.3109999895095825,0.04410000145435333
YHR056C,YGR274C,1,4.2292533,0.41434264183044434,0.31200000643730164,0.04410000145435333
YMR080C,YFR013W,1,4.228369,0.41511934995651245,0.31299999356269836,0.04410000145435333
YDR012W,YMR078C,0,4.222906,0.41456952691078186,0.31299999356269836,0.044199999421834946
YLR061W,YHR117W,0,4.2225986,0.41402116417884827,0.31299999356269836,0.04430000111460686
YNR010W,YIR006C,0,4.2221084,0.4134742319583893,0.31299999356269836,0.04439999908208847
YJR050W,YKL089W,0,4.2204113,0.4129287600517273,0.31299999356269836,0.04450000077486038
YOR355W,YGL172W,0,4.2199807,0.4123847186565399,0.31299999356269836,0.044599998742341995
YLL004W,YGR002C,1,4.2196894,0.4131578803062439,0.3140000104904175,0.044599998742341995
YLR005W,YMR006C,0,4.2189155,0.41261497139930725,0.3140000104904175,0.04470000043511391
YML102W,YNL246W,1,4.2186956,0.4133858382701874,0.3149999976158142,0.04470000043511391
YMR128W,YJR130C,0,4.218399,0.4128440320491791,0.3149999976158142,0.04479999840259552
YIL126W,YJL080C,1,4.2168975,0.41361257433891296,0.3160000145435333,0.04479999840259552
YPL209C,YGR268C,0,4.2166133,0.4130719006061554,0.3160000145435333,0.04490000009536743
YLR323C,YGL006W,0,4.211257,0.41253262758255005,0.3160000145435333,0.04500000178813934
YGR063C,YLR052W,1,4.20856,0.4132985770702362,0.31700000166893005,0.04500000178813934
YKR094C,YDR315C,0,4.2083673,0.4127604067325592,0.31700000166893005,0.045099999755620956
YDR110W,YLR055C,1,4.207252,0.4135240614414215,0.3179999887943268,0.045099999755620956
YIL126W,YBR198C,1,4.2059426,0.41428571939468384,0.3190000057220459,0.045099999755620956
YJL194W,YMR091C,1,4.204678,0.4150454103946686,0.3199999928474426,0.045099999755620956
YNL206C,YAL011W,1,4.2040763,0.41580310463905334,0.32100000977516174,0.045099999755620956
YLR055C,YMR091C,1,4.2036233,0.4165588617324829,0.32199999690055847,0.045099999755620956
YDR139C,YDR416W,0,4.20198,0.4160206615924835,0.32199999690055847,0.04520000144839287
YIL079C,YFR049W,0,4.197048,0.41548386216163635,0.32199999690055847,0.04529999941587448
YDR303C,YOR244W,1,4.195769,0.41623711585998535,0.3230000138282776,0.04529999941587448
YGR004W,YLR367W,0,4.193717,0.41570141911506653,0.3230000138282776,0.04540000110864639
YDR486C,YOL093W,0,4.1933937,0.41516709327697754,0.3230000138282776,0.045499999076128006
YOR299W,YGR208W,0,4.193222,0.4146341383457184,0.3230000138282776,0.04560000076889992
YNL059C,YLR085C,1,4.191506,0.4153846204280853,0.3240000009536743,0.04560000076889992
YIL113W,YOR233W,0,4.1904874,0.41485273838043213,0.3240000009536743,0.04569999873638153
YBR245C,YAL011W,1,4.188738,0.4156010150909424,0.32499998807907104,0.04569999873638153
YNL206C,YMR091C,1,4.1829977,0.4163473844528198,0.32600000500679016,0.04569999873638153
YBR195C,YOL090W,1,4.181743,0.41709184646606445,0.3269999921321869,0.04569999873638153
YDL229W,YBR078W,0,4.181225,0.41656050086021423,0.3269999921321869,0.04580000042915344
YLR442C,YLL022C,1,4.18086,0.41730278730392456,0.328000009059906,0.04580000042915344
YAL013W,YGL144C,0,4.1788263,0.4167725443840027,0.328000009059906,0.045899998396635056
YBR009C,YDR334W,1,4.1783547,0.4175126850605011,0.32899999618530273,0.045899998396635056
YNL292W,YMR311C,0,4.17702,0.4169835150241852,0.32899999618530273,0.04600000008940697
YHR119W,YCL061C,1,4.1770096,0.4177215099334717,0.33000001311302185,0.04600000008940697
YER040W,YPR154W,0,4.1768847,0.4171934127807617,0.33000001311302185,0.04610000178217888
YJR112W,YDR075W,0,4.1733093,0.4166666567325592,0.33000001311302185,0.04619999974966049
YGL189C,YNR060W,0,4.17273,0.41614124178886414,0.33000001311302185,0.046300001442432404
YDR364C,YHR146W,0,4.1714544,0.4156171381473541,0.33000001311302185,0.04639999940991402
YNL330C,YOL090W,1,4.1696496,0.41635221242904663,0.3310000002384186,0.04639999940991402
YMR080C,YKR019C,1,4.169635,0.4170854389667511,0.3319999873638153,0.04639999940991402
YPL050C,YPL004C,0,4.1684,0.41656211018562317,0.3319999873638153,0.04650000110268593
YOR242C,YHR174W,0,4.167461,0.4160400927066803,0.3319999873638153,0.04659999907016754
YMR218C,YOR066W,0,4.165307,0.4155193865299225,0.3319999873638153,0.04670000076293945
YER145C,YPR125W,0,4.164576,0.41499999165534973,0.3319999873638153,0.046799998730421066
YKR008W,YBR009C,1,4.163866,0.4157303273677826,0.3330000042915344,0.046799998730421066
YLR373C,YDR176W,0,4.161241,0.4152119755744934,0.3330000042915344,0.04690000042319298
YIL128W,YGL191W,0,4.1609254,0.4146949052810669,0.3330000042915344,0.04699999839067459
YMR137C,YDR207C,0,4.160675,0.41417911648750305,0.3330000042915344,0.0471000000834465
YDR495C,YMR137C,0,4.1600413,0.4136646091938019,0.3330000042915344,0.047200001776218414
YLL051C,YDR362C,0,4.158521,0.413151353597641,0.3330000042915344,0.04729999974370003
YNL156C,YML094W,0,4.1579347,0.41263940930366516,0.3330000042915344,0.04740000143647194
YPL153C,YMR080C,1,4.157455,0.4133663475513458,0.33399999141693115,0.04740000143647194
YJL080C,YLR285W,1,4.15745,0.41409146785736084,0.33500000834465027,0.04740000143647194
YFL056C,YKR088C,0,4.156827,0.4135802388191223,0.33500000834465027,0.04749999940395355
YMR080C,YMR227C,1,4.1547937,0.41430333256721497,0.335999995470047,0.04749999940395355
YCR038C,YCR054C,0,4.154771,0.4137931168079376,0.335999995470047,0.047600001096725464
YLR288C,YBL035C,0,4.154183,0.4132841229438782,0.335999995470047,0.04769999906420708
YLR103C,YBR060C,1,4.150521,0.414004921913147,0.3370000123977661,0.04769999906420708
YBR114W,YOR195W,0,4.1488285,0.4134969413280487,0.3370000123977661,0.04780000075697899
YDR304C,YEL029C,0,4.1488113,0.41299018263816833,0.3370000123977661,0.0478999987244606
YBR009C,YMR284W,1,4.1483135,0.4137086868286133,0.33799999952316284,0.0478999987244606
YBR009C,YPL129W,1,4.1480303,0.41442543268203735,0.33899998664855957,0.0478999987244606
YGR056W,YPR162C,1,4.1475234,0.41514042019844055,0.3400000035762787,0.0478999987244606
YOL054W,YLR015W,0,4.1462913,0.4146341383457184,0.3400000035762787,0.04800000041723251
YJL052W,YDR497C,0,4.1443563,0.4141291081905365,0.3400000035762787,0.04809999838471413
YGR063C,YMR227C,1,4.144054,0.4148418605327606,0.3409999907016754,0.04809999838471413
YMR239C,YBL008W,1,4.143565,0.41555285453796387,0.34200000762939453,0.04809999838471413
YBR072W,YOR320C,0,4.143388,0.4150485396385193,0.34200000762939453,0.04820000007748604
YML101C,YDR033W,0,4.1414576,0.4145454466342926,0.34200000762939453,0.04830000177025795
YDR158W,YCR054C,0,4.1403174,0.4140435755252838,0.34200000762939453,0.04839999973773956
YOR252W,YPL139C,0,4.1393538,0.4135429263114929,0.34200000762939453,0.048500001430511475
YJL127C,YCR052W,1,4.138913,0.4142512083053589,0.34299999475479126,0.048500001430511475
YDR495C,YHL031C,0,4.1339726,0.4137515127658844,0.34299999475479126,0.04859999939799309
YNL218W,YGR180C,0,4.1313157,0.4132530093193054,0.34299999475479126,0.048700001090765
YBR009C,YLR321C,1,4.1310277,0.4139590859413147,0.3440000116825104,0.048700001090765
YIL173W,YDR246W,0,4.1282578,0.4134615361690521,0.3440000116825104,0.04879999905824661
YBL072C,YGR144W,0,4.126321,0.41296517848968506,0.3440000116825104,0.048900000751018524
YML041C,YLR285W,1,4.124757,0.41366907954216003,0.3449999988079071,0.048900000751018524
YFL023W,YMR311C,0,4.124086,0.413173645734787,0.3449999988079071,0.04899999871850014
YML077W,YLL002W,0,4.1237683,0.41267943382263184,0.3449999988079071,0.04910000041127205
YMR105C,YMR016C,0,4.1221066,0.4121863842010498,0.3449999988079071,0.04919999837875366
YIL078W,YBR230C,0,4.1214304,0.4116944968700409,0.3449999988079071,0.049300000071525574
YNL162W,YKL017C,0,4.1202593,0.4112038016319275,0.3449999988079071,0.049400001764297485
YDR009W,YPR138C,0,4.1202164,0.4107142984867096,0.3449999988079071,0.0494999997317791
YDR167W,YNL059C,1,4.118141,0.4114149808883667,0.34599998593330383,0.0494999997317791
YDR473C,YDR356W,0,4.118098,0.41092637181282043,0.34599998593330383,0.04960000142455101
YDR473C,YGL148W,0,4.1172376,0.4104388952255249,0.34599998593330383,0.04969999939203262
YFL049W,YLR033W,1,4.116827,0.4111374318599701,0.34700000286102295,0.04969999939203262
YDR240C,YDR440W,0,4.1162586,0.4106508791446686,0.34700000286102295,0.049800001084804535
YER161C,YKR101W,1,4.115307,0.41134750843048096,0.3479999899864197,0.049800001084804535
YDL040C,YNL123W,0,4.114655,0.41086187958717346,0.3479999899864197,0.04989999905228615
YML127W,YMR091C,1,4.1132197,0.411556601524353,0.3490000069141388,0.04989999905228615
YDL061C,YNL049C,0,4.1105404,0.4110718369483948,0.3490000069141388,0.05000000074505806
YBR245C,YLR103C,1,4.109572,0.4117647111415863,0.3499999940395355,0.05000000074505806
YMR227C,YNL059C,1,4.105845,0.4124559462070465,0.35100001096725464,0.05000000074505806
YBR009C,YDR145W,1,4.105743,0.4131455421447754,0.35199999809265137,0.05000000074505806
YGR056W,YPR175W,1,4.1039534,0.41383352875709534,0.3529999852180481,0.05000000074505806
YDR190C,YMR033W,1,4.1035385,0.41451990604400635,0.3540000021457672,0.05000000074505806
YOR209C,YPL011C,1,4.1031327,0.4152046740055084,0.35499998927116394,0.05000000074505806
YBR299W,YHR103W,0,4.1024218,0.4147196114063263,0.35499998927116394,0.05009999871253967
YDR130C,YOL141W,0,4.0992436,0.4142357110977173,0.35499998927116394,0.050200000405311584
YLR442C,YLR285W,1,4.098291,0.4149184226989746,0.35600000619888306,0.050200000405311584
YJR057W,YDL170W,0,4.0941133,0.41443538665771484,0.35600000619888306,0.0502999983727932
YMR039C,YBL060W,0,4.0934224,0.4139534831047058,0.35600000619888306,0.05040000006556511
YLR024C,YDR527W,0,4.0934057,0.4134727120399475,0.35600000619888306,0.05050000175833702
YJR051W,YGL155W,0,4.093177,0.41299304366111755,0.35600000619888306,0.050599999725818634
YIL035C,YOR143C,0,4.092983,0.41251447796821594,0.35600000619888306,0.050700001418590546
YEL024W,YNL023C,0,4.0923414,0.41203704476356506,0.35600000619888306,0.05079999938607216
YFL013C,YDR224C,1,4.092196,0.4127167761325836,0.3569999933242798,0.05079999938607216
YNL156C,YDR217C,0,4.091623,0.4122401773929596,0.3569999933242798,0.05090000107884407
YPR106W,YPL161C,0,4.0907373,0.4117647111415863,0.3569999933242798,0.050999999046325684
YPL011C,YGL112C,1,4.0897017,0.4124423861503601,0.3580000102519989,0.050999999046325684
YPL146C,YKL109W,0,4.0883746,0.41196778416633606,0.3580000102519989,0.051100000739097595
YCR093W,YLR004C,0,4.0862107,0.41149425506591797,0.3580000102519989,0.05119999870657921
YLR085C,YBL052C,1,4.0857406,0.4121699333190918,0.35899999737739563,0.05119999870657921
YMR270C,YPL130W,0,4.084364,0.41169723868370056,0.35899999737739563,0.05130000039935112
YDL140C,YGR221C,1,4.0842633,0.41237112879753113,0.36000001430511475,0.05130000039935112
YNL290W,YGR254W,0,4.083716,0.4118993282318115,0.36000001430511475,0.05139999836683273
YJL052W,YGR055W,0,4.0786114,0.4114285707473755,0.36000001430511475,0.051500000059604645
YDR050C,YPR149W,0,4.076428,0.4109589159488678,0.36000001430511475,0.051600001752376556
YDR263C,YLR363C,0,4.0761056,0.4104903042316437,0.36000001430511475,0.05169999971985817
YLR207W,YCL018W,0,4.0716887,0.4100227653980255,0.36000001430511475,0.05180000141263008
YGL147C,YPL110C,0,4.0714364,0.4095562994480133,0.36000001430511475,0.051899999380111694
YDR411C,YIL159W,0,4.0713205,0.40909090638160706,0.36000001430511475,0.052000001072883606
YDL105W,YAL011W,1,4.070596,0.4097616374492645,0.3610000014305115,0.052000001072883606
YHL021C,YPL138C,0,4.069891,0.40929704904556274,0.3610000014305115,0.05209999904036522
YMR127C,YBR112C,1,4.069624,0.40996602177619934,0.3619999885559082,0.05209999904036522
YBL020W,YLL021W,0,4.067995,0.4095022678375244,0.3619999885559082,0.05220000073313713
YMR193W,YNL291C,0,4.0676866,0.40903955698013306,0.3619999885559082,0.052299998700618744
YKR066C,YDR242W,0,4.0675225,0.40857788920402527,0.3619999885559082,0.052400000393390656
YMR235C,YOR243C,0,4.066656,0.40811723470687866,0.3619999885559082,0.05249999836087227
YKR054C,YJL073W,0,4.0661397,0.407657653093338,0.3619999885559082,0.05260000005364418
YDL111C,YHR153C,0,4.0645437,0.40719911456108093,0.3619999885559082,0.05270000174641609
YDL074C,YOL061W,0,4.0637636,0.40674155950546265,0.3619999885559082,0.052799999713897705
YIL022W,YNL001W,0,4.0635,0.4062850773334503,0.3619999885559082,0.05290000140666962
YDR190C,YDR303C,1,4.062699,0.4069506824016571,0.3630000054836273,0.05290000140666962
YOL030W,YKL085W,0,4.0624948,0.40649497509002686,0.3630000054836273,0.05299999937415123
YMR223W,YGR116W,1,4.060262,0.40715882182121277,0.36399999260902405,0.05299999937415123
YPL204W,YDR012W,0,4.05974,0.406703919172287,0.36399999260902405,0.05310000106692314
YJL080C,YAL011W,1,4.059389,0.4073660671710968,0.36500000953674316,0.05310000106692314
YDR159W,YAL021C,0,4.0553617,0.4069119393825531,0.36500000953674316,0.053199999034404755
YLR442C,YMR127C,1,4.055283,0.4075723886489868,0.3659999966621399,0.053199999034404755
YLR131C,YBR170C,0,4.0523553,0.4071190357208252,0.3659999966621399,0.053300000727176666
YNL107W,YBR195C,1,4.0516734,0.4077777862548828,0.367000013589859,0.053300000727176666
YJL190C,YGL120C,0,4.051417,0.40732520818710327,0.367000013589859,0.05339999869465828
YBL092W,YNL025C,0,4.050816,0.4068736135959625,0.367000013589859,0.05350000038743019
YOL127W,YDR473C,0,4.0502105,0.40642303228378296,0.367000013589859,0.053599998354911804
YGR116W,YLR033W,1,4.0490193,0.40707963705062866,0.36800000071525574,0.053599998354911804
YGL009C,YNR007C,0,4.048125,0.4066298305988312,0.36800000071525574,0.053700000047683716
YIL154C,YNL258C,0,4.046901,0.4061810076236725,0.36800000071525574,0.05380000174045563
YHR119W,YJL081C,1,4.0435877,0.40683573484420776,0.36899998784065247,0.05380000174045563
YJL026W,YLR029C,0,4.0422,0.40638765692710876,0.36899998784065247,0.05389999970793724
YOL012C,YNL261W,1,4.0419626,0.40704071521759033,0.3700000047683716,0.05389999970793724
YEL015W,YPL178W,0,4.0415797,0.4065934121608734,0.3700000047683716,0.05400000140070915
YGR158C,YBR054W,0,4.0406146,0.4061470925807953,0.3700000047683716,0.054099999368190765
YGR056W,YDR439W,1,4.040302,0.40679824352264404,0.3709999918937683,0.054099999368190765
YHR119W,YPL153C,1,4.0396457,0.4074479639530182,0.3720000088214874,0.054099999368190765
YFL013C,YGR274C,1,4.039312,0.4080962836742401,0.37299999594688416,0.054099999368190765
YPR034W,YDR334W,1,4.0382843,0.4087431728839874,0.37400001287460327,0.054099999368190765
YGR123C,YKL212W,0,4.033511,0.40829694271087646,0.37400001287460327,0.05420000106096268
YDR145W,YOR279C,1,4.0317006,0.40894219279289246,0.375,0.05420000106096268
YLR304C,YKR027W,0,4.0297074,0.4084967374801636,0.375,0.05429999902844429
YGL189C,YKL034W,0,4.0289392,0.4080522358417511,0.375,0.0544000007212162
YJL080C,YNL206C,1,4.0286813,0.40869563817977905,0.37599998712539673,0.0544000007212162
YGL061C,YNL016W,0,4.0285735,0.40825191140174866,0.37599998712539673,0.054499998688697815
YNR015W,YER149C,0,4.028159,0.4078091084957123,0.37599998712539673,0.05460000038146973
YLL011W,YCL051W,0,4.025771,0.4073672890663147,0.37599998712539673,0.05469999834895134
YJR057W,YPR189W,0,4.0252976,0.40692639350891113,0.37599998712539673,0.05480000004172325
YNL314W,YMR273C,0,4.0195537,0.40648648142814636,0.37599998712539673,0.05490000173449516
YDR224C,YOR304W,1,4.0187116,0.4071274399757385,0.37700000405311584,0.05490000173449516
YGR262C,YBL078C,0,4.018249,0.40668824315071106,0.37700000405311584,0.054999999701976776
YMR233W,YBL025W,0,4.017386,0.40625,0.37700000405311584,0.05510000139474869
YPR095C,YOR250C,0,4.016033,0.40581271052360535,0.37700000405311584,0.0551999993622303
YCL035C,YEL053C,0,4.0158334,0.4053763449192047,0.37700000405311584,0.05530000105500221
YBL021C,YPL189W,0,4.0152826,0.4049409329891205,0.37700000405311584,0.055399999022483826
YJL194W,YNL059C,1,4.013057,0.4055793881416321,0.3779999911785126,0.055399999022483826
YEL062W,YLR383W,0,4.0128465,0.40514469146728516,0.3779999911785126,0.05550000071525574
YML041C,YDR224C,1,4.0086093,0.4057815968990326,0.3790000081062317,0.05550000071525574
YBR195C,YLR033W,1,4.0081058,0.4064171016216278,0.3799999952316284,0.05550000071525574
YPL112C,YHL015W,0,4.0065436,0.4059829115867615,0.3799999952316284,0.05559999868273735
YPL208W,YML032C,0,4.00633,0.4055496156215668,0.3799999952316284,0.05570000037550926
YDR140W,YBR272C,0,4.006159,0.4051172733306885,0.3799999952316284,0.055799998342990875
YMR239C,YDR334W,1,4.0048337,0.4057508111000061,0.38100001215934753,0.055799998342990875
YOL012C,YNL059C,1,4.004424,0.4063829779624939,0.38199999928474426,0.055799998342990875
YDR172W,YMR322C,0,4.0020423,0.4059511125087738,0.38199999928474426,0.05590000003576279
YLR442C,YDL105W,1,4.000873,0.40658172965049744,0.382999986410141,0.05590000003576279
YHR129C,YER031C,0,4.000056,0.40615057945251465,0.382999986410141,0.0560000017285347
YGL111W,YNL041C,0,3.9950666,0.4057203531265259,0.382999986410141,0.05609999969601631
YDR190C,YNL246W,1,3.993857,0.40634921193122864,0.3840000033378601,0.05609999969601631
YML056C,YDR098C,0,3.9935246,0.4059196710586548,0.3840000033378601,0.05620000138878822
YBL014C,YFL001W,0,3.9935007,0.40549102425575256,0.3840000033378601,0.056299999356269836
YDL216C,YCR092C,0,3.9932528,0.40506330132484436,0.3840000033378601,0.05640000104904175
YNL059C,YOL090W,1,3.9931936,0.40569019317626953,0.38499999046325684,0.05640000104904175
YCL050C,YHR149C,0,3.9929223,0.40526315569877625,0.38499999046325684,0.05649999901652336
YMR292W,YDR288W,0,3.9896984,0.4048370122909546,0.38499999046325684,0.05660000070929527
YLR321C,YLR033W,1,3.9876466,0.4054621756076813,0.38600000739097595,0.05660000070929527
YLL029W,YKL067W,0,3.9866266,0.40503671765327454,0.38600000739097595,0.056699998676776886
YJL187C,YGL045W,0,3.9830666,0.40461215376853943,0.38600000739097595,0.0568000003695488
YGL172W,YDR381W,0,3.9819527,0.40418848395347595,0.38600000739097595,0.05689999833703041
YDR067C,YKL172W,0,3.981708,0.4037656784057617,0.38600000739097595,0.05700000002980232
YMR071C,YGR014W,0,3.9802923,0.4033437967300415,0.38600000739097595,0.057100001722574234
YNR067C,YOL155C,0,3.978743,0.40292274951934814,0.38600000739097595,0.05719999969005585
YBR009C,YLR055C,1,3.977744,0.4035453498363495,0.3869999945163727,0.05719999969005585
YDL065C,YFL056C,0,3.9764824,0.40312498807907104,0.3869999945163727,0.05730000138282776
YKL140W,YAL034W-A,0,3.9736404,0.40270552039146423,0.3869999945163727,0.05739999935030937
YHR193C,YIL147C,0,3.973351,0.40228691697120667,0.3869999945163727,0.057500001043081284
YAL015C,YGL083W,0,3.972754,0.40186914801597595,0.3869999945163727,0.0575999990105629
YOR194C,YDR002W,0,3.9726443,0.40145227313041687,0.3869999945163727,0.05770000070333481
YNL135C,YMR080C,1,3.9722576,0.402072548866272,0.3880000114440918,0.05770000070333481
YDR398W,YOL053C-A,0,3.9715347,0.40165629982948303,0.3880000114440918,0.05779999867081642
YFR053C,YIL074C,0,3.9712167,0.4012409448623657,0.3880000114440918,0.05790000036358833
YKR008W,YNL031C,1,3.970776,0.40185949206352234,0.3889999985694885,0.05790000036358833
YBR245C,YPR034W,1,3.9705563,0.40247678756713867,0.38999998569488525,0.05790000036358833
YMR065W,YEL070W,0,3.9697642,0.4020618498325348,0.38999998569488525,0.057999998331069946
YJL072C,YER176W,0,3.968523,0.40164777636528015,0.38999998569488525,0.05810000002384186
YIL153W,YLR014C,0,3.9657788,0.40123456716537476,0.38999998569488525,0.05820000171661377
YKR102W,YGR094W,0,3.9644217,0.4008221924304962,0.38999998569488525,0.05829999968409538
YML127W,YGL037C,1,3.9643903,0.401437371969223,0.39100000262260437,0.05829999968409538
YMR275C,YHR120W,0,3.964178,0.401025652885437,0.39100000262260437,0.058400001376867294
YML127W,YGR116W,1,3.9621677,0.40163934230804443,0.3919999897480011,0.058400001376867294
YDL097C,YNL236W,0,3.9612837,0.40122824907302856,0.3919999897480011,0.05849999934434891
YNL271C,YOR167C,0,3.9610887,0.40081799030303955,0.3919999897480011,0.05860000103712082
YDR117C,YNL016W,0,3.9607782,0.4004085659980774,0.3919999897480011,0.05869999900460243
YDR439W,YLR285W,1,3.9601598,0.4010204076766968,0.3930000066757202,0.05869999900460243
YNL131W,YDL195W,0,3.9578214,0.40061160922050476,0.3930000066757202,0.058800000697374344
YDL102W,YPL004C,0,3.9571543,0.400203675031662,0.3930000066757202,0.05889999866485596
YDL189W,YHR058C,0,3.9557343,0.3997965455055237,0.3930000066757202,0.05900000035762787
YNL172W,YPR086W,0,3.9535522,0.39939025044441223,0.3930000066757202,0.05909999832510948
YBR195C,YDL105W,1,3.9531474,0.4000000059604645,0.39399999380111694,0.05909999832510948
YDR310C,YAL011W,1,3.953082,0.40060850977897644,0.39500001072883606,0.05909999832510948
YDR227W,YOR247W,0,3.95191,0.4002026319503784,0.39500001072883606,0.05920000001788139
YHL025W,YLR321C,1,3.9514437,0.40080970525741577,0.3959999978542328,0.05920000001788139
YNL027W,YOR269W,0,3.9511213,0.4004044532775879,0.3959999978542328,0.059300001710653305
YNL138W,YNL102W,0,3.9499803,0.4000000059604645,0.3959999978542328,0.05939999967813492
YNL206C,YLR033W,1,3.9493265,0.4006054401397705,0.3970000147819519,0.05939999967813492
YER114C,YIL007C,0,3.94875,0.40020161867141724,0.3970000147819519,0.05950000137090683
YPL153C,YAL011W,1,3.9480138,0.40080565214157104,0.39800000190734863,0.05950000137090683
YOL012C,YFR037C,1,3.9471045,0.40140846371650696,0.39899998903274536,0.05950000137090683
YBR245C,YLR357W,1,3.9462361,0.402010053396225,0.4000000059604645,0.05950000137090683
YHR186C,YGR264C,0,3.9440322,0.4016064405441284,0.4000000059604645,0.05959999933838844
YMR019W,YBR120C,0,3.9437099,0.40120360255241394,0.4000000059604645,0.059700001031160355
YGR007W,YHR149C,0,3.9427438,0.4008015990257263,0.4000000059604645,0.05979999899864197
YER179W,YOR332W,0,3.9425821,0.40040040016174316,0.4000000059604645,0.05990000069141388
YIL126W,YMR284W,1,3.9425325,0.4009999930858612,0.4009999930858612,0.05990000069141388
YPL153C,YOL090W,1,3.9423904,0.40159839391708374,0.4020000100135803,0.05990000069141388
YDR236C,YHR120W,0,3.9413133,0.401197612285614,0.4020000100135803,0.05999999865889549
YFL049W,YPR175W,1,3.9410424,0.4017946124076843,0.40299999713897705,0.05999999865889549
YGR116W,YLR285W,1,3.9385543,0.4023904502391815,0.40400001406669617,0.05999999865889549
YKL032C,YGR101W,0,3.938511,0.40199005603790283,0.40400001406669617,0.060100000351667404
YGL189C,YLR404W,0,3.9383354,0.4015904664993286,0.40400001406669617,0.06019999831914902
YGL195W,YMR169C,0,3.935409,0.4011916518211365,0.40400001406669617,0.06030000001192093
YDR167W,YLR321C,1,3.9336543,0.4017857015132904,0.4050000011920929,0.06030000001192093
YNL133C,YLR396C,0,3.9330473,0.4013875126838684,0.4050000011920929,0.06040000170469284
YML041C,YBR198C,1,3.9322457,0.4019801914691925,0.4059999883174896,0.06040000170469284
YDR362C,YKL033W,0,3.9321327,0.40158259868621826,0.4059999883174896,0.060499999672174454
YNL039W,YCR054C,0,3.9311867,0.4011857807636261,0.4059999883174896,0.060600001364946365
YNL261W,YBL008W,1,3.9307513,0.40177690982818604,0.40700000524520874,0.060600001364946365
YGL051W,YGL027C,0,3.9307108,0.40138065814971924,0.40700000524520874,0.06069999933242798
YLR333C,YKL017C,0,3.930138,0.4009852111339569,0.40700000524520874,0.06080000102519989
YDR034C,YML101C,0,3.9292498,0.40059053897857666,0.40700000524520874,0.0608999989926815
YHR056C,YDL105W,1,3.9248118,0.4011799395084381,0.40799999237060547,0.0608999989926815
YKL056C,YGR167W,0,3.9238162,0.4007858633995056,0.40799999237060547,0.061000000685453415
YGL112C,YCR052W,1,3.9205065,0.40137389302253723,0.4090000092983246,0.061000000685453415
YPL011C,YDR310C,1,3.9199128,0.4019607901573181,0.4099999964237213,0.061000000685453415
YCR005C,YNL268W,0,3.9190068,0.40156710147857666,0.4099999964237213,0.06109999865293503
YPR046W,YLR293C,0,3.9173903,0.4011741578578949,0.4099999964237213,0.06120000034570694
YAL048C,YLR260W,0,3.9169316,0.4007820188999176,0.4099999964237213,0.06129999831318855
YMR139W,YBL069W,0,3.9156265,0.400390625,0.4099999964237213,0.061400000005960464
YOR273C,YJL134W,0,3.9156256,0.4000000059604645,0.4099999964237213,0.061500001698732376
YHR041C,YDR499W,0,3.9140673,0.39961013197898865,0.4099999964237213,0.06159999966621399
YBR046C,YER031C,0,3.9135532,0.3992210328578949,0.4099999964237213,0.0617000013589859
YOL067C,YGR058W,0,3.9129033,0.39883267879486084,0.4099999964237213,0.061799999326467514
YOR116C,YDR228C,0,3.9127307,0.39844509959220886,0.4099999964237213,0.061900001019239426
YKL183W,YER176W,0,3.91195,0.3980582654476166,0.4099999964237213,0.06199999898672104
YMR180C,YMR042W,0,3.911634,0.397672176361084,0.4099999964237213,0.06210000067949295
YJR134C,YNL016W,0,3.9109645,0.3972868323326111,0.4099999964237213,0.062199998646974564
YNL102W,YAL053W,0,3.9085345,0.3969022333621979,0.4099999964237213,0.062300000339746475
YBR009C,YML109W,1,3.9084687,0.39748549461364746,0.41100001335144043,0.062300000339746475
YKR019C,YMR223W,1,3.9081182,0.3980676233768463,0.41200000047683716,0.062300000339746475
YBL008W,YOL090W,1,3.906383,0.3986486494541168,0.4129999876022339,0.062300000339746475
YDR224C,YOR244W,1,3.9063168,0.3992285430431366,0.414000004529953,0.062300000339746475
YNR022C,YGL094C,0,3.906269,0.3988439440727234,0.414000004529953,0.06239999830722809
YDR190C,YDR145W,1,3.905829,0.3994225263595581,0.41499999165534973,0.06239999830722809
YER179W,YOR341W,0,3.903389,0.3990384638309479,0.41499999165534973,0.0625
YJL080C,YLR085C,1,3.9029756,0.3996157646179199,0.41600000858306885,0.0625
YMR005W,YBR131W,0,3.902852,0.39923223853111267,0.41600000858306885,0.06260000169277191
YLR121C,YMR319C,0,3.9017,0.3988494873046875,0.41600000858306885,0.06270000338554382
YBR198C,YLR085C,1,3.8998833,0.39942529797554016,0.4169999957084656,0.06270000338554382
YDR050C,YAL053W,0,3.8987408,0.3990430533885956,0.4169999957084656,0.06279999762773514
YFR003C,YMR137C,0,3.8986645,0.3986615538597107,0.4169999957084656,0.06289999932050705
YPL160W,YNR008W,0,3.898254,0.3982807993888855,0.4169999957084656,0.06300000101327896
YML074C,YDR373W,0,3.8971233,0.3979007601737976,0.4169999957084656,0.06310000270605087
YPR154W,YDR300C,0,3.8968062,0.397521436214447,0.4169999957084656,0.06319999694824219
YDR021W,YDR416W,0,3.8957195,0.39714285731315613,0.4169999957084656,0.0632999986410141
YDR381W,YHL019C,0,3.894402,0.39676499366760254,0.4169999957084656,0.06340000033378601
YJL034W,YNR008W,0,3.8935175,0.39638784527778625,0.4169999957084656,0.06350000202655792
YDR487C,YLR313C,0,3.8928738,0.3960113823413849,0.4169999957084656,0.06360000371932983
YFR003C,YMR241W,0,3.892746,0.3956356644630432,0.4169999957084656,0.06369999796152115
YDL197C,YDR145W,1,3.8926473,0.3962085247039795,0.4180000126361847,0.06369999796152115
YJL125C,YIL021W,0,3.8908367,0.3958333432674408,0.4180000126361847,0.06379999965429306
YGL240W,YMR242C,0,3.8906102,0.395458847284317,0.4180000126361847,0.06390000134706497
YOR349W,YGL003C,0,3.8894076,0.39508506655693054,0.4180000126361847,0.06400000303983688
YLR264W,YDR263C,0,3.8887343,0.39471200108528137,0.4180000126361847,0.0640999972820282
YEL024W,YOL002C,0,3.8885627,0.3943396210670471,0.4180000126361847,0.06419999897480011
YEL015W,YGL014W,0,3.8885555,0.39396795630455017,0.4180000126361847,0.06430000066757202
YGR008C,YOR369C,0,3.888443,0.39359697699546814,0.4180000126361847,0.06440000236034393
YDR145W,YFR013W,1,3.8876886,0.3941674530506134,0.4189999997615814,0.06440000236034393
YGL061C,YGR254W,0,3.8874197,0.39379698038101196,0.4189999997615814,0.06449999660253525
YDR052C,YML049C,0,3.8863726,0.3934272229671478,0.4189999997615814,0.06459999829530716
YOL043C,YDR281C,0,3.8821979,0.3930581510066986,0.4189999997615814,0.06469999998807907
YOR038C,YGR221C,1,3.8808331,0.39362698793411255,0.41999998688697815,0.06469999998807907
YOR038C,YBR289W,1,3.8808002,0.39419475197792053,0.42100000381469727,0.06469999998807907
YMR128W,YPL002C,0,3.8792791,0.3938260078430176,0.42100000381469727,0.06480000168085098
YNL032W,YPL007C,0,3.878471,0.39345794916152954,0.42100000381469727,0.0649000033736229
YHR153C,YOL042W,0,3.877665,0.3930905759334564,0.42100000381469727,0.06499999761581421
YOL093W,YFR008W,0,3.8768187,0.3927238881587982,0.42100000381469727,0.06509999930858612
YMR169C,YOR393W,0,3.8763256,0.39235788583755493,0.42100000381469727,0.06520000100135803
YNL223W,YCR020C,0,3.8762612,0.3919925391674042,0.42100000381469727,0.06530000269412994
YFL049W,YDL105W,1,3.871663,0.39255812764167786,0.421999990940094,0.06530000269412994
YER100W,YNR027W,0,3.870592,0.3921933174133301,0.421999990940094,0.06539999693632126
YJR123W,YLR427W,0,3.8696408,0.39182916283607483,0.421999990940094,0.06549999862909317
YER013W,YKL109W,0,3.8690853,0.3914656639099121,0.421999990940094,0.06560000032186508
YJR130C,YDL084W,0,3.8690166,0.3911028802394867,0.421999990940094,0.065700002014637
YMR298W,YOL061W,0,3.8676472,0.3907407522201538,0.421999990940094,0.0658000037074089
YBR059C,YOR381W,0,3.8666406,0.39037927985191345,0.421999990940094,0.06589999794960022
YGR208W,YDL246C,0,3.8630996,0.390018492937088,0.421999990940094,0.06599999964237213
YFR032C-A,YPL110C,0,3.8627892,0.3896583616733551,0.421999990940094,0.06610000133514404
YGR057C,YGL060W,0,3.862515,0.3892988860607147,0.421999990940094,0.06620000302791595
YGL168W,YMR257C,0,3.8616042,0.38894009590148926,0.421999990940094,0.06629999727010727
YGR274C,YNL059C,1,3.858869,0.38950276374816895,0.4230000078678131,0.06629999727010727
YBR082C,YML073C,0,3.8554907,0.3891444206237793,0.4230000078678131,0.06639999896287918
YPL095C,YOR204W,0,3.8547096,0.38878676295280457,0.4230000078678131,0.06650000065565109
YMR076C,YIL144W,0,3.8536353,0.38842976093292236,0.4230000078678131,0.066600002348423
YBR112C,YMR033W,1,3.8513913,0.3889908194541931,0.42399999499320984,0.066600002348423
YNL059C,YPL129W,1,3.8498259,0.3895508646965027,0.42500001192092896,0.066600002348423
YPL153C,YPL129W,1,3.8492684,0.3901098966598511,0.4259999990463257,0.066600002348423
YDL140C,YCL061C,1,3.8473597,0.3906678855419159,0.4269999861717224,0.066600002348423
YDR303C,YLR033W,1,3.847249,0.39122486114501953,0.42800000309944153,0.066600002348423
YML098W,YKL096W-A,0,3.8471446,0.39086759090423584,0.42800000309944153,0.06669999659061432
YNL039W,YBR276C,0,3.8468218,0.3905109465122223,0.42800000309944153,0.06679999828338623
YJL164C,YDR356W,0,3.8457227,0.39015495777130127,0.42800000309944153,0.06689999997615814
YNR013C,YMR023C,0,3.8452559,0.3897996246814728,0.42800000309944153,0.06700000166893005
YFR050C,YKL089W,0,3.8452134,0.3894449472427368,0.42800000309944153,0.06710000336170197
YOR249C,YIL030C,0,3.844996,0.389090895652771,0.42800000309944153,0.06719999760389328
YDL130W-A,YLR329W,0,3.8439822,0.3887374997138977,0.42800000309944153,0.06729999929666519
YGL116W,YER028C,0,3.8409739,0.38838475942611694,0.42800000309944153,0.0674000009894371
YDR279W,YBR058C,0,3.840116,0.3880326449871063,0.42800000309944153,0.06750000268220901
YJL080C,YHR056C,1,3.8371024,0.38858696818351746,0.42899999022483826,0.06750000268220901
YLR107W,YNR030W,0,3.8369431,0.38823530077934265,0.42899999022483826,0.06759999692440033
YGL058W,YBR170C,0,3.8355699,0.387884259223938,0.42899999022483826,0.06769999861717224
YPL082C,YJR049C,0,3.835198,0.38753387331962585,0.42899999022483826,0.06780000030994415
YMR080C,YBR231C,1,3.8340845,0.3880866467952728,0.4300000071525574,0.06780000030994415
YJL194W,YBR289W,1,3.8337722,0.3886384069919586,0.4309999942779541,0.06780000030994415
YPL202C,YLL043W,0,3.8329139,0.388288289308548,0.4309999942779541,0.06790000200271606
YDR188W,YDL166C,0,3.8326159,0.38793879747390747,0.4309999942779541,0.06800000369548798
YER164W,YOL090W,1,3.8298402,0.3884892165660858,0.4320000112056732,0.06800000369548798
YOR162C,YDL243C,0,3.8269424,0.38814017176628113,0.4320000112056732,0.06809999793767929
YJL062W,YNL317W,0,3.8246021,0.3877917528152466,0.4320000112056732,0.0681999996304512
YDL197C,YMR223W,1,3.8233962,0.3883408010005951,0.43299999833106995,0.0681999996304512
YOL095C,YDL123W,0,3.823286,0.38799282908439636,0.43299999833106995,0.06830000132322311
YLR442C,YIL150C,1,3.8214192,0.38854074478149414,0.4339999854564667,0.06830000132322311
YFL049W,YHL025W,1,3.8205733,0.38908764719963074,0.4350000023841858,0.06830000132322311
YIR002C,YEL054C,0,3.8205209,0.3887399435043335,0.4350000023841858,0.06840000301599503
YGR056W,YML109W,1,3.8194094,0.38928571343421936,0.4359999895095825,0.06840000301599503
YER155C,YGR184C,0,3.817842,0.38893845677375793,0.4359999895095825,0.06849999725818634
YKR008W,YNL330C,1,3.8117657,0.3894830644130707,0.43700000643730164,0.06849999725818634
YGL049C,YDR404C,0,3.811294,0.38913625478744507,0.43700000643730164,0.06859999895095825
YGR063C,YDR145W,1,3.8109398,0.3896797299385071,0.43799999356269836,0.06859999895095825
YDL247W,YDR062W,0,3.8100533,0.3893333375453949,0.43799999356269836,0.06870000064373016
YMR065W,YPR132W,0,3.8072,0.38898757100105286,0.43799999356269836,0.06880000233650208
YNL059C,YLR033W,1,3.8065825,0.3895297348499298,0.4390000104904175,0.06880000233650208
YGL062W,YLR266C,0,3.8016815,0.3891843855381012,0.4390000104904175,0.06889999657869339
YDL140C,YDR224C,1,3.8011308,0.3897254168987274,0.4399999976158142,0.06889999657869339
YFL049W,YMR080C,1,3.8009086,0.39026549458503723,0.4410000145435333,0.06889999657869339
YMR080C,YBR198C,1,3.7997704,0.39080458879470825,0.44200000166893005,0.06889999657869339
YHR119W,YNL261W,1,3.7988744,0.39134275913238525,0.4429999887943268,0.06889999657869339
YIL094C,YFL061W,0,3.7966652,0.39099735021591187,0.4429999887943268,0.0689999982714653
YKR090W,YLR115W,0,3.7965755,0.3906525671482086,0.4429999887943268,0.06909999996423721
YGR204W,YDR096W,0,3.7954984,0.3903083801269531,0.4429999887943268,0.06920000165700912
YAR018C,YER023W,0,3.7942972,0.3899647891521454,0.4429999887943268,0.06930000334978104
YMR110C,YOR212W,0,3.79423,0.3896218240261078,0.4429999887943268,0.06939999759197235
YBR195C,YFR037C,1,3.7933688,0.39015817642211914,0.4440000057220459,0.06939999759197235
YGL062W,YER106W,0,3.7920666,0.38981562852859497,0.4440000057220459,0.06949999928474426
YML127W,YLR085C,1,3.7917705,0.390350878238678,0.4449999928474426,0.06949999928474426
YGL031C,YBL025W,0,3.7903914,0.3900087773799896,0.4449999928474426,0.06960000097751617
YKL132C,YGR076C,0,3.7888541,0.38966724276542664,0.4449999928474426,0.06970000267028809
YHR146W,YIL007C,0,3.7885876,0.3893263339996338,0.4449999928474426,0.0697999969124794
YJL179W,YNL156C,0,3.7878575,0.3889860212802887,0.4449999928474426,0.06989999860525131
YOR209C,YJR140C,1,3.7863088,0.38951966166496277,0.44600000977516174,0.06989999860525131
YAL011W,YOR304W,1,3.7829657,0.39005234837532043,0.44699999690055847,0.06989999860525131
YPL269W,YKR038C,0,3.7817926,0.38971230387687683,0.44699999690055847,0.07000000029802322
YLR113W,YBR042C,0,3.7811475,0.3893728256225586,0.44699999690055847,0.07010000199079514
YKR020W,YER089C,0,3.780477,0.3890339434146881,0.44699999690055847,0.07020000368356705
YMR101C,YLR056W,0,3.7784958,0.3886956572532654,0.44699999690055847,0.07029999792575836
YPL176C,YMR194W,0,3.7783895,0.388357937335968,0.44699999690055847,0.07039999961853027
YDL083C,YHR165C,0,3.7769508,0.3880208432674408,0.44699999690055847,0.07050000131130219
YPR137W,YIL062C,0,3.7760344,0.38768431544303894,0.44699999690055847,0.0706000030040741
YMR281W,YGR286C,0,3.774671,0.38734835386276245,0.44699999690055847,0.07069999724626541
YGR118W,YLR289W,0,3.7735248,0.3870129883289337,0.44699999690055847,0.07079999893903732
YER098W,YIL159W,0,3.7726774,0.38667818903923035,0.44699999690055847,0.07090000063180923
YAL031C,YBR030W,0,3.7722106,0.38634398579597473,0.44699999690055847,0.07100000232458115
YMR307W,YOR193W,0,3.771339,0.3860103487968445,0.44699999690055847,0.07109999656677246
YML106W,YNL317W,0,3.7703586,0.385677307844162,0.44699999690055847,0.07119999825954437
YIL043C,YGR142W,0,3.7680836,0.38534483313560486,0.44699999690055847,0.07129999995231628
YGL192W,YBL103C,0,3.7678733,0.3850129246711731,0.44699999690055847,0.0714000016450882
YBR109C,YOR310C,0,3.7674937,0.3846815824508667,0.44699999690055847,0.07150000333786011
YNR006W,YOR032C,0,3.7673402,0.38435080647468567,0.44699999690055847,0.07159999758005142
YEL015W,YPL151C,0,3.767107,0.3840206265449524,0.44699999690055847,0.07169999927282333
YJR150C,YOL056W,0,3.7656264,0.3836909830570221,0.44699999690055847,0.07180000096559525
YGL025C,YER014W,0,3.7653928,0.38336193561553955,0.44699999690055847,0.07190000265836716
YGR274C,YFR013W,1,3.7635775,0.3838903307914734,0.4480000138282776,0.07190000265836716
YLR385C,YPR034W,1,3.762209,0.3844178020954132,0.4490000009536743,0.07190000265836716
YDR513W,YNL163C,0,3.7618904,0.3840889632701874,0.4490000009536743,0.07199999690055847
YNL147W,YHR211W,0,3.7616358,0.3837606906890869,0.4490000009536743,0.07209999859333038
YMR223W,YLR055C,1,3.7616305,0.38428694009780884,0.44999998807907104,0.07209999859333038
YDR082W,YLR039C,0,3.7613912,0.3839590549468994,0.44999998807907104,0.0722000002861023
YDR534C,YPR132W,0,3.7591095,0.38363170623779297,0.44999998807907104,0.0723000019788742
YER161C,YBL052C,1,3.7584653,0.384156733751297,0.45100000500679016,0.0723000019788742
YER109C,YGL040C,0,3.7576704,0.3838297724723816,0.45100000500679016,0.07240000367164612
YMR019W,YJR134C,0,3.756733,0.38350340723991394,0.45100000500679016,0.07249999791383743
YJL141C,YCL018W,0,3.7564597,0.38317757844924927,0.45100000500679016,0.07259999960660934
YFL061W,YIL051C,0,3.7548566,0.3828522861003876,0.45100000500679016,0.07270000129938126
YHR103W,YBR087W,0,3.7512336,0.38252755999565125,0.45100000500679016,0.07280000299215317
YDR448W,YNL023C,0,3.7508645,0.3822034001350403,0.45100000500679016,0.07289999723434448
YOL004W,YGL194C,1,3.748969,0.3827264904975891,0.4519999921321869,0.07289999723434448
YMR101C,YBR191W,0,3.7482014,0.3824027180671692,0.4519999921321869,0.0729999989271164
YDL170W,YDL190C,0,3.7478466,0.38207945227622986,0.4519999921321869,0.0731000006198883
YEL064C,YJL156C,0,3.7476182,0.3817567527294159,0.4519999921321869,0.07320000231266022
YJR151C,YJR160C,0,3.7462945,0.3814345896244049,0.4519999921321869,0.07329999655485153
YGR225W,YHR073W,0,3.7459583,0.3811129927635193,0.4519999921321869,0.07339999824762344
YCL059C,YMR112C,0,3.7448125,0.38079190254211426,0.4519999921321869,0.07349999994039536
YGL027C,YOR081C,0,3.7430382,0.3804713785648346,0.4519999921321869,0.07360000163316727
YBR112C,YMR239C,1,3.742042,0.38099244236946106,0.453000009059906,0.07360000163316727
YAL024C,YGL137W,0,3.741778,0.38067227602005005,0.453000009059906,0.07370000332593918
YBR198C,YLR033W,1,3.7410583,0.38119226694107056,0.45399999618530273,0.07370000332593918
YDR190C,YBL008W,1,3.7392826,0.3817114233970642,0.45500001311302185,0.07370000332593918
YPL163C,YKR031C,0,3.7381806,0.3813914358615875,0.45500001311302185,0.0737999975681305
YMR180C,YPL269W,0,3.7376132,0.3810720145702362,0.45500001311302185,0.0738999992609024
YDR145W,YLR085C,1,3.7355804,0.38158994913101196,0.4560000002384186,0.0738999992609024
YLR244C,YPL218W,0,3.7337246,0.3812709152698517,0.4560000002384186,0.07400000095367432
YGR056W,YGR274C,1,3.7318506,0.38178780674934387,0.4569999873638153,0.07400000095367432
YIL061C,YNL055C,0,3.730188,0.38146910071372986,0.4569999873638153,0.07410000264644623
YBR207W,YJR083C,0,3.7297916,0.3811509609222412,0.4569999873638153,0.07419999688863754
YOL062C,YIL101C,0,3.7297916,0.38083332777023315,0.4569999873638153,0.07429999858140945
YFL049W,YML109W,1,3.7294912,0.3813488781452179,0.4580000042915344,0.07429999858140945
YIL125W,YKL041W,0,3.7281485,0.3810316026210785,0.4580000042915344,0.07440000027418137
YCR096C,YKR020W,0,3.7270517,0.38071489334106445,0.4580000042915344,0.07450000196695328
YAL035W,YMR048W,0,3.7266588,0.3803986608982086,0.4580000042915344,0.07460000365972519
YGR056W,YMR223W,1,3.7264886,0.3809128701686859,0.45899999141693115,0.07460000365972519
YNL280C,YPR002W,0,3.7261348,0.3805970251560211,0.45899999141693115,0.0746999979019165
YFL049W,YJL080C,1,3.725122,0.38111019134521484,0.46000000834465027,0.0746999979019165
YDR145W,YLR285W,1,3.7249079,0.3816225230693817,0.460999995470047,0.0746999979019165
YKL093W,YDR288W,0,3.7244792,0.38130685687065125,0.460999995470047,0.07479999959468842
YOR142W,YBR002C,0,3.7227936,0.38099172711372375,0.460999995470047,0.07490000128746033
YIL132C,YDR362C,0,3.7217798,0.38067713379859924,0.460999995470047,0.07500000298023224
YDR110W,YBL008W,1,3.7209153,0.38118812441825867,0.4620000123977661,0.07500000298023224
YOL012C,YGR063C,1,3.7201219,0.38169828057289124,0.46299999952316284,0.07500000298023224
YMR101C,YDL040C,0,3.7191277,0.38138386607170105,0.46299999952316284,0.07509999722242355
YNL263C,YDR499W,0,3.718604,0.38106995820999146,0.46299999952316284,0.07519999891519547
YOR347C,YJL041W,0,3.7182856,0.38075658679008484,0.46299999952316284,0.07530000060796738
YIL052C,YJR010W,0,3.716847,0.3804437220096588,0.46299999952316284,0.07540000230073929
YNL289W,YMR242C,0,3.71658,0.3801313638687134,0.46299999952316284,0.0754999965429306
YBR003W,YDR103W,0,3.7159553,0.37981951236724854,0.46299999952316284,0.07559999823570251
YDR292C,YPR163C,0,3.7157364,0.37950819730758667,0.46299999952316284,0.07569999992847443
YEL064C,YGR008C,0,3.714651,0.3791973888874054,0.46299999952316284,0.07580000162124634
YHR106W,YOL140W,0,3.7146173,0.3788870573043823,0.46299999952316284,0.07590000331401825
YNL206C,YLR385C,1,3.7134728,0.37939491868019104,0.46399998664855957,0.07590000331401825
YHR090C,YPL151C,0,3.713079,0.379084974527359,0.46399998664855957,0.07599999755620956
YHR146W,YPL126W,0,3.7124596,0.3787755072116852,0.46399998664855957,0.07609999924898148
YLR007W,YDR490C,0,3.7116232,0.37846654653549194,0.46399998664855957,0.07620000094175339
YOR071C,YDR532C,0,3.7114534,0.3781581223011017,0.46399998664855957,0.0763000026345253
YMR218C,YHR005C-A,0,3.710186,0.37785017490386963,0.46399998664855957,0.07639999687671661
YBL024W,YCR039C,0,3.7098231,0.3775427043437958,0.46399998664855957,0.07649999856948853
YPL231W,YBR175W,0,3.7098007,0.3772357702255249,0.46399998664855957,0.07660000026226044
YEL061C,YHR027C,0,3.7092233,0.37692931294441223,0.46399998664855957,0.07670000195503235
YHR156C,YBR128C,0,3.7077231,0.37662336230278015,0.46399998664855957,0.07680000364780426
YOL141W,YAL034W-A,0,3.7074785,0.37631791830062866,0.46399998664855957,0.07689999788999557
YLR127C,YBL023C,0,3.7069025,0.3760129511356354,0.46399998664855957,0.07699999958276749
YPR162C,YLR052W,1,3.705832,0.37651821970939636,0.4650000035762787,0.07699999958276749
YDR145W,YLR033W,1,3.7042308,0.3770226538181305,0.4659999907016754,0.07699999958276749
YOR288C,YNR044W,0,3.704029,0.37671786546707153,0.4659999907016754,0.0771000012755394
YER161C,YHR056C,1,3.7036648,0.37722131609916687,0.46700000762939453,0.0771000012755394
YER046W,YGR008C,0,3.702149,0.3769168555736542,0.46700000762939453,0.07720000296831131
YPR068C,YLR385C,1,3.7017994,0.3774193525314331,0.46799999475479126,0.07720000296831131
YBR202W,YIR017C,0,3.7011595,0.3771152198314667,0.46799999475479126,0.07729999721050262
YIL118W,YNL161W,0,3.700296,0.37681159377098083,0.46799999475479126,0.07739999890327454
YMR037C,YPL157W,0,3.7001414,0.3765084445476532,0.46799999475479126,0.07750000059604645
YPL011C,YOR279C,1,3.699521,0.37700966000556946,0.4690000116825104,0.07750000059604645
YNL070W,YER168C,0,3.697801,0.3767068386077881,0.4690000116825104,0.07760000228881836
YMR218C,YDL135C,0,3.6977825,0.3764044940471649,0.4690000116825104,0.07769999653100967
YKR069W,YER023W,0,3.6971126,0.37610265612602234,0.4690000116825104,0.07779999822378159
YKL149C,YDR478W,0,3.6952724,0.37580129504203796,0.4690000116825104,0.0778999999165535
YOR182C,YFL044C,0,3.6950245,0.3755004107952118,0.4690000116825104,0.07800000160932541
YLR055C,YPR175W,1,3.693102,0.37599998712539673,0.4699999988079071,0.07800000160932541
YDL140C,YBL008W,1,3.6924596,0.3764987885951996,0.47099998593330383,0.07800000160932541
YBR009C,YGL112C,1,3.691637,0.37699681520462036,0.47200000286102295,0.07800000160932541
YDL108W,YOR067C,0,3.6915698,0.3766959309577942,0.47200000286102295,0.07810000330209732
YHR211W,YNL121C,0,3.6906605,0.3763955235481262,0.47200000286102295,0.07819999754428864
YIL109C,YDR117C,0,3.6903992,0.37609562277793884,0.47200000286102295,0.07829999923706055
YGR070W,YDL075W,0,3.6892033,0.3757961690425873,0.47200000286102295,0.07840000092983246
YLR026C,YKL180W,0,3.6867604,0.3754972219467163,0.47200000286102295,0.07850000262260437
YNL031C,YIL150C,1,3.6863575,0.37599363923072815,0.4729999899864197,0.07850000262260437
YOL004W,YBL008W,1,3.6831002,0.3764892816543579,0.4740000069141388,0.07850000262260437
YBL013W,YBR168W,0,3.6829615,0.3761904835700989,0.4740000069141388,0.07859999686479568
YGR056W,YDR310C,1,3.6826177,0.37668517231941223,0.4749999940395355,0.07859999686479568
YGR104C,YER171W,0,3.6816444,0.37638670206069946,0.4749999940395355,0.0786999985575676
YEL024W,YOL133W,0,3.6813235,0.3760886788368225,0.4749999940395355,0.07880000025033951
YDR195W,YDR219C,0,3.6795812,0.37579113245010376,0.4749999940395355,0.07890000194311142
YHR143W,YPR119W,0,3.6794105,0.3754940629005432,0.4749999940395355,0.07900000363588333
YNL262W,YLR130C,0,3.679031,0.37519747018814087,0.4749999940395355,0.07909999787807465
YFR050C,YNL080C,0,3.6778016,0.37490135431289673,0.4749999940395355,0.07919999957084656
YOR270C,YLR313C,0,3.6773376,0.3746056854724884,0.4749999940395355,0.07930000126361847
YOR044W,YOL061W,0,3.6772132,0.3743104934692383,0.4749999940395355,0.07940000295639038
YML023C,YPL210C,0,3.6766114,0.374015748500824,0.4749999940395355,0.0794999971985817
YPL207W,YBR278W,0,3.6765656,0.37372148036956787,0.4749999940395355,0.07959999889135361
YER086W,YMR039C,0,3.6762242,0.3734276592731476,0.4749999940395355,0.07970000058412552
YOR334W,YGL126W,0,3.6750584,0.3731343150138855,0.4749999940395355,0.07980000227689743
YGL093W,YKR053C,0,3.6749964,0.3728414475917816,0.4749999940395355,0.07989999651908875
YPL106C,YDR441C,0,3.67241,0.37254902720451355,0.4749999940395355,0.07999999821186066
YKR096W,YLR325C,0,3.6680117,0.3722570538520813,0.4749999940395355,0.08009999990463257
YKL129C,YDL077C,0,3.6678267,0.37196555733680725,0.4749999940395355,0.08020000159740448
YKR066C,YNL199C,0,3.6677318,0.37167447805404663,0.4749999940395355,0.08030000329017639
YIL079C,YER008C,0,3.6677265,0.3713839054107666,0.4749999940395355,0.0803999975323677
YPL273W,YPL106C,0,3.664659,0.37109375,0.4749999940395355,0.08049999922513962
YEL037C,YJR160C,0,3.6642122,0.3708040714263916,0.4749999940395355,0.08060000091791153
YKL181W,YHR146W,0,3.6621308,0.37051481008529663,0.4749999940395355,0.08070000261068344
YGR063C,YBR198C,1,3.661902,0.37100544571876526,0.47600001096725464,0.08070000261068344
YJR158W,YOR191W,0,3.6616201,0.37071651220321655,0.47600001096725464,0.08079999685287476
YPR159W,YIL009W,0,3.659976,0.37042802572250366,0.47600001096725464,0.08089999854564667
YGL061C,YIL018W,0,3.6599135,0.3701399564743042,0.47600001096725464,0.08100000023841858
YPR049C,YLL043W,0,3.659071,0.36985236406326294,0.47600001096725464,0.08110000193119049
YAL023C,YFR049W,0,3.6583228,0.3695652186870575,0.47600001096725464,0.0812000036239624
YNL221C,YPL186C,0,3.6576967,0.36927852034568787,0.47600001096725464,0.08129999786615372
YLR259C,YKR083C,0,3.657062,0.36899223923683167,0.47600001096725464,0.08139999955892563
YJL127C,YDL197C,1,3.6533585,0.36948102712631226,0.47699999809265137,0.08139999955892563
YPR152C,YPR024W,0,3.649907,0.36919504404067993,0.47699999809265137,0.08150000125169754
YKR008W,YGL112C,1,3.649889,0.3696829080581665,0.4779999852180481,0.08150000125169754
YGR063C,YOR038C,1,3.6498632,0.3701700270175934,0.4790000021457672,0.08150000125169754
YOL012C,YLR103C,1,3.6483474,0.3706563711166382,0.47999998927116394,0.08150000125169754
YDL059C,YBR149W,0,3.646124,0.37037035822868347,0.47999998927116394,0.08160000294446945
YPL253C,YNR027W,0,3.6449513,0.37008482217788696,0.47999998927116394,0.08169999718666077
YGL173C,YKR020W,0,3.6442966,0.3697997033596039,0.47999998927116394,0.08179999887943268
YER161C,YGL194C,1,3.644218,0.3702848255634308,0.48100000619888306,0.08179999887943268
YLR075W,YLR181C,0,3.6436849,0.3700000047683716,0.48100000619888306,0.08190000057220459
YKL058W,YNL273W,0,3.6427898,0.3697156012058258,0.48100000619888306,0.0820000022649765
YMR227C,YDR439W,1,3.639473,0.37019968032836914,0.4819999933242798,0.0820000022649765
YFR033C,YDL085W,0,3.6394606,0.36991557478904724,0.4819999933242798,0.08209999650716782
YDL084W,YER176W,0,3.6377568,0.36963191628456116,0.4819999933242798,0.08219999819993973
YLR121C,YDR044W,0,3.6373134,0.3693486452102661,0.4819999933242798,0.08229999989271164
YPL133C,YNL189W,0,3.6371226,0.3690658509731293,0.4819999933242798,0.08240000158548355
YHR201C,YLL045C,0,3.6363955,0.36878347396850586,0.4819999933242798,0.08250000327825546
YGL037C,YPR175W,1,3.6330671,0.3692660629749298,0.4830000102519989,0.08250000327825546
YGL096W,YOR168W,0,3.6311297,0.3689839541912079,0.4830000102519989,0.08259999752044678
YEL027W,YCR092C,0,3.6302166,0.3687022924423218,0.4830000102519989,0.08269999921321869
YJL176C,YDL247W,0,3.6297412,0.3684210479259491,0.4830000102519989,0.0828000009059906
YOR279C,YJR140C,1,3.6290298,0.36890244483947754,0.48399999737739563,0.0828000009059906
YIL004C,YGR006W,0,3.6276207,0.36862146854400635,0.48399999737739563,0.08290000259876251
YLR221C,YPR028W,0,3.626039,0.36834093928337097,0.48399999737739563,0.08299999684095383
YDR055W,YER129W,0,3.6252646,0.368060827255249,0.48399999737739563,0.08309999853372574
YJR119C,YMR004W,0,3.6220446,0.3677811622619629,0.48399999737739563,0.08320000022649765
YHR119W,YIL150C,1,3.6212645,0.3682611882686615,0.48500001430511475,0.08320000022649765
YMR239C,YGR116W,1,3.620596,0.3687405288219452,0.4860000014305115,0.08320000022649765
YJR133W,YGR003W,0,3.619032,0.3684609532356262,0.4860000014305115,0.08330000191926956
YOL067C,YER036C,0,3.6178927,0.36818182468414307,0.4860000014305115,0.08340000361204147
YKR101W,YBR231C,1,3.6161437,0.3686600923538208,0.4869999885559082,0.08340000361204147
YML004C,YDR139C,0,3.6131997,0.36838123202323914,0.4869999885559082,0.08349999785423279
YIL026C,YPL202C,0,3.6124964,0.3681027889251709,0.4869999885559082,0.0835999995470047
YNL006W,YOL020W,0,3.6114125,0.3678247630596161,0.4869999885559082,0.08370000123977661
YGR274C,YJR140C,1,3.6105099,0.3683018982410431,0.4880000054836273,0.08370000123977661
YGL225W,YIR005W,0,3.6071353,0.36802414059638977,0.4880000054836273,0.08380000293254852
YJL085W,YPR178W,0,3.6070433,0.3677468001842499,0.4880000054836273,0.08389999717473984
YIR037W,YPL138C,0,3.6064162,0.3674698770046234,0.4880000054836273,0.08399999886751175
YDR120C,YPL111W,0,3.6055694,0.3671933710575104,0.4880000054836273,0.08410000056028366
YLR247C,YER100W,0,3.6043878,0.36691728234291077,0.4880000054836273,0.08420000225305557
YPL235W,YMR284W,1,3.604051,0.3673929274082184,0.48899999260902405,0.08420000225305557
YEL016C,YMR076C,0,3.6027498,0.36711710691452026,0.48899999260902405,0.08429999649524689
YGL212W,YMR040W,0,3.601071,0.36684170365333557,0.48899999260902405,0.0843999981880188
YOR355W,YHR149C,0,3.6002703,0.3665667176246643,0.48899999260902405,0.08449999988079071
YOR341W,YML061C,0,3.5999942,0.36629214882850647,0.48899999260902405,0.08460000157356262
YCL035C,YMR257C,0,3.5996656,0.3660179674625397,0.48899999260902405,0.08470000326633453
YNL107W,YMR033W,1,3.5996056,0.3664921522140503,0.49000000953674316,0.08470000326633453
YJR147W,YDL076C,0,3.599523,0.366218239068985,0.49000000953674316,0.08479999750852585
YDR419W,YOR067C,0,3.5988698,0.3659447431564331,0.49000000953674316,0.08489999920129776
YBL008W,YLR052W,1,3.597951,0.36641791462898254,0.4909999966621399,0.08489999920129776
YPR184W,YDR229W,0,3.5966535,0.36614465713500977,0.4909999966621399,0.08500000089406967
YNL039W,YOR232W,0,3.595705,0.3658718466758728,0.4909999966621399,0.08510000258684158
YMR127C,YPL129W,1,3.5946598,0.36634400486946106,0.492000013589859,0.08510000258684158
YGR056W,YMR127C,1,3.5936913,0.3668154776096344,0.49300000071525574,0.08510000258684158
YLL026W,YMR005W,0,3.5934439,0.3665427565574646,0.49300000071525574,0.0851999968290329
YPR162C,YDR439W,1,3.5933309,0.3670133650302887,0.49399998784065247,0.0851999968290329
YGR202C,YNR067C,0,3.5914865,0.3667409121990204,0.49399998784065247,0.08529999852180481
YPL017C,YBR080C,0,3.5907254,0.3664688467979431,0.49399998784065247,0.08540000021457672
YMR032W,YER083C,0,3.5893779,0.3661971688270569,0.49399998784065247,0.08550000190734863
YPR162C,YMR091C,1,3.5879474,0.36666667461395264,0.4950000047683716,0.08550000190734863
YPL157W,YOR301W,0,3.5871935,0.3663952648639679,0.4950000047683716,0.08560000360012054
YMR115W,YDR032C,0,3.5861921,0.3661242723464966,0.4950000047683716,0.08569999784231186
YGL222C,YER165W,0,3.5841599,0.3658536672592163,0.4950000047683716,0.08579999953508377
YOL064C,YNL304W,0,3.5830379,0.3655834496021271,0.4950000047683716,0.08590000122785568
YFL057C,YIL140W,0,3.582099,0.36531364917755127,0.4950000047683716,0.0860000029206276
YML095C,YMR137C,0,3.580408,0.3650442361831665,0.4950000047683716,0.08609999716281891
YGR185C,YGL155W,0,3.579928,0.36477524042129517,0.4950000047683716,0.08619999885559082
YJR050W,YCR053W,0,3.5799122,0.36450663208961487,0.4950000047683716,0.08630000054836273
YNL066W,YNL223W,0,3.5773726,0.3642384111881256,0.4950000047683716,0.08640000224113464
YHR110W,YLR176C,0,3.576458,0.3639705777168274,0.4950000047683716,0.08649999648332596
YJR016C,YDR332W,0,3.5753126,0.3637031614780426,0.4950000047683716,0.08659999817609787
YMR032W,YMR179W,0,3.575182,0.36343613266944885,0.4950000047683716,0.08669999986886978
YLL004W,YER164W,1,3.5738711,0.3639031648635864,0.4959999918937683,0.08669999986886978
YMR205C,YCL063W,0,3.5737782,0.3636363744735718,0.4959999918937683,0.0868000015616417
YKL099C,YJL134W,0,3.5731854,0.36336997151374817,0.4959999918937683,0.0869000032544136
YER109C,YJL108C,0,3.5725517,0.3631039559841156,0.4959999918937683,0.08699999749660492
YBR087W,YNL283C,0,3.5718727,0.3628383278846741,0.4959999918937683,0.08709999918937683
YLR043C,YLR329W,0,3.5716171,0.3625730872154236,0.4959999918937683,0.08720000088214874
YPR035W,YNR019W,0,3.5714054,0.3623082637786865,0.4959999918937683,0.08730000257492065
YDR219C,YBL020W,0,3.570744,0.3620437979698181,0.4959999918937683,0.08739999681711197
YDR227W,YHR099W,0,3.5706139,0.36177971959114075,0.4959999918937683,0.08749999850988388
YJR078W,YHR006W,0,3.5699978,0.3615160286426544,0.4959999918937683,0.08760000020265579
YNL127W,YER031C,0,3.5691876,0.36125272512435913,0.4959999918937683,0.0877000018954277
YHR096C,YLR300W,0,3.5687656,0.3609898090362549,0.4959999918937683,0.08780000358819962
YDL015C,YKR102W,0,3.5668182,0.3607272803783417,0.4959999918937683,0.08789999783039093
YOR092W,YBR024W,0,3.5665588,0.3604651093482971,0.4959999918937683,0.08799999952316284
YDL033C,YOL086C,0,3.5658789,0.3602033257484436,0.4959999918937683,0.08810000121593475
YAL011W,YNL059C,1,3.5647764,0.3606676459312439,0.4970000088214874,0.08810000121593475
YDR190C,YDR071C,1,3.5640793,0.3611312508583069,0.49799999594688416,0.08810000121593475
YBR251W,YOL149W,0,3.563552,0.36086955666542053,0.49799999594688416,0.08820000290870667
YKR101W,YOR304W,1,3.5622435,0.36133235692977905,0.49900001287460327,0.08820000290870667
YFL001W,YCL069W,0,3.5621953,0.3610709011554718,0.49900001287460327,0.08829999715089798
YJR155W,YPL262W,0,3.5613346,0.3608098328113556,0.49900001287460327,0.08839999884366989
YDR014W,YIR012W,0,3.5611787,0.36054912209510803,0.49900001287460327,0.0885000005364418
YMR275C,YJR004C,0,3.5609975,0.3602887988090515,0.49900001287460327,0.08860000222921371
YOL067C,YNR028W,0,3.559157,0.36002886295318604,0.49900001287460327,0.08869999647140503
YHR056C,YGL194C,1,3.5573382,0.36049026250839233,0.5,0.08869999647140503
YCL016C,YGR112W,0,3.554337,0.36023053526878357,0.5,0.08879999816417694
YDL197C,YBR060C,1,3.5519195,0.3606911301612854,0.5009999871253967,0.08879999816417694
YLR055C,YMR284W,1,3.5514164,0.3611510694026947,0.5019999742507935,0.08879999816417694
YNL261W,YAL011W,1,3.5507135,0.3616103529930115,0.503000020980835,0.08879999816417694
YGR113W,YJL192C,0,3.550218,0.36135056614875793,0.503000020980835,0.08889999985694885
YAR035W,YOR327C,0,3.5493422,0.36109116673469543,0.503000020980835,0.08900000154972076
YOR194C,YGL094C,0,3.5463066,0.3608321249485016,0.503000020980835,0.08910000324249268
YDL205C,YCR077C,0,3.5450773,0.3605734705924988,0.503000020980835,0.08919999748468399
YGL225W,YBR274W,0,3.5448275,0.3603151738643646,0.503000020980835,0.0892999991774559
YOL071W,YGL241W,0,3.544795,0.3600572645664215,0.503000020980835,0.08940000087022781
YOL105C,YLR277C,0,3.5443726,0.35979971289634705,0.503000020980835,0.08950000256299973
YPR135W,YBR173C,0,3.543446,0.35954251885414124,0.503000020980835,0.08959999680519104
YGR271W,YGL191W,0,3.5431657,0.35928571224212646,0.503000020980835,0.08969999849796295
YMR207C,YMR297W,0,3.54141,0.35902926325798035,0.503000020980835,0.08980000019073486
YKL054C,YGL090W,0,3.5402708,0.3587731719017029,0.503000020980835,0.08990000188350677
YGR155W,YDR166C,0,3.5401921,0.35851746797561646,0.503000020980835,0.09000000357627869
YMR026C,YLL048C,0,3.539837,0.3582621216773987,0.503000020980835,0.09009999781847
YOL018C,YBL022C,0,3.5396733,0.3580071032047272,0.503000020980835,0.09019999951124191
YLR039C,YGL186C,0,3.539649,0.3577525019645691,0.503000020980835,0.09030000120401382
YAL013W,YOR301W,0,3.5389519,0.3574982285499573,0.503000020980835,0.09040000289678574
YJL136C,YOL071W,0,3.5386057,0.3572443127632141,0.503000020980835,0.09049999713897705
YER171W,YNL283C,0,3.5381994,0.356990784406662,0.503000020980835,0.09059999883174896
YOR391C,YDL065C,0,3.5362372,0.35673758387565613,0.503000020980835,0.09070000052452087
YPR019W,YKR090W,0,3.5337296,0.3564847707748413,0.503000020980835,0.09080000221729279
YJL158C,YOR126C,0,3.533266,0.35623228549957275,0.503000020980835,0.0908999964594841
YDR190C,YKR008W,1,3.5325603,0.35668790340423584,0.5040000081062317,0.0908999964594841
YDL197C,YBR198C,1,3.5323195,0.3571428656578064,0.5049999952316284,0.0908999964594841
YOR244W,YJL081C,1,3.5322876,0.3575971722602844,0.5059999823570251,0.0908999964594841
YNL261W,YMR239C,1,3.5305738,0.3580508530139923,0.5070000290870667,0.0908999964594841
YGL093W,YAL044C,0,3.530096,0.35779815912246704,0.5070000290870667,0.09099999815225601
YNL029C,YNL309W,0,3.5282416,0.3575458526611328,0.5070000290870667,0.09109999984502792
YBR101C,YDL115C,0,3.5260959,0.35729387402534485,0.5070000290870667,0.09120000153779984
YMR316W,YDR403W,0,3.5259075,0.35704225301742554,0.5070000290870667,0.09130000323057175
YLR380W,YBR082C,0,3.5243173,0.3567909896373749,0.5070000290870667,0.09139999747276306
YPL147W,YOR189W,0,3.524095,0.35654008388519287,0.5070000290870667,0.09149999916553497
YOR266W,YPL233W,0,3.521862,0.3562895357608795,0.5070000290870667,0.09160000085830688
YGR083C,YDL043C,0,3.520144,0.3560393154621124,0.5070000290870667,0.0917000025510788
YIL153W,YOL043C,0,3.5201097,0.3557894825935364,0.5070000290870667,0.09179999679327011
YCR093W,YLL045C,0,3.5200458,0.3555399775505066,0.5070000290870667,0.09189999848604202
YGR279C,YDR014W,0,3.519319,0.35529083013534546,0.5070000290870667,0.09200000017881393
YMR054W,YOL104C,0,3.518519,0.3550420105457306,0.5070000290870667,0.09210000187158585
YOR270C,YNL298W,0,3.51728,0.3547935485839844,0.5070000290870667,0.09220000356435776
YOL104C,YJR021C,0,3.5170588,0.3545454442501068,0.5070000290870667,0.09229999780654907
YDR240C,YDR529C,0,3.5162435,0.3542976975440979,0.5070000290870667,0.09239999949932098
YHR013C,YEL005C,0,3.5160842,0.35405027866363525,0.5070000290870667,0.0925000011920929
YDR190C,YNL107W,1,3.5160027,0.35450103878974915,0.5080000162124634,0.0925000011920929
YBR180W,YPL174C,0,3.5151262,0.3542538285255432,0.5080000162124634,0.09260000288486481
YHR119W,YNL246W,1,3.51504,0.3547038435935974,0.5090000033378601,0.09260000288486481
YHR119W,YOR209C,1,3.5147576,0.3551532030105591,0.5099999904632568,0.09260000288486481
YMR284W,YLR321C,1,3.5145435,0.3556019365787506,0.5109999775886536,0.09260000288486481
YNL330C,YKR019C,1,3.5130124,0.3560500741004944,0.5120000243186951,0.09260000288486481
YPL224C,YDR397C,0,3.512113,0.35580265522003174,0.5120000243186951,0.09269999712705612
YDR301W,YPL092W,0,3.5115929,0.35555556416511536,0.5120000243186951,0.09279999881982803
YGR221C,YIL150C,1,3.5111527,0.3560027778148651,0.5130000114440918,0.09279999881982803
YML127W,YGR002C,1,3.5104036,0.3564493656158447,0.5139999985694885,0.09279999881982803
YNL103W,YAL034W-A,0,3.509778,0.3562023639678955,0.5139999985694885,0.09290000051259995
YBR060C,YLR055C,1,3.5095491,0.35664820671081543,0.5149999856948853,0.09290000051259995
YOR254C,YKL218C,0,3.507773,0.35640138387680054,0.5149999856948853,0.09300000220537186
YDR110W,YLR052W,1,3.5073,0.35684648156166077,0.515999972820282,0.09300000220537186
YDR389W,YBR067C,0,3.50599,0.3565998673439026,0.515999972820282,0.09309999644756317
YGR271W,YLR183C,0,3.5043917,0.3563535809516907,0.515999972820282,0.09319999814033508
YER022W,YDR528W,0,3.502098,0.3561076521873474,0.515999972820282,0.093299999833107
YPL253C,YKR027W,0,3.5010037,0.3558620810508728,0.515999972820282,0.0934000015258789
YGL092W,YDL215C,0,3.5000553,0.35561680793762207,0.515999972820282,0.09350000321865082
YJL127C,YBR198C,1,3.4996753,0.35606059432029724,0.5170000195503235,0.09350000321865082
YBR195C,YOR279C,1,3.4992285,0.35650378465652466,0.5180000066757202,0.09350000321865082
YDR190C,YJL080C,1,3.496935,0.35694634914398193,0.5189999938011169,0.09350000321865082
YKR048C,YPR162C,1,3.495232,0.35738831758499146,0.5199999809265137,0.09350000321865082
YJL127C,YNL206C,1,3.4937553,0.35782966017723083,0.5210000276565552,0.09350000321865082
YNL103W,YLR417W,0,3.4920187,0.3575840890407562,0.5210000276565552,0.09359999746084213
YJR097W,YGL227W,0,3.4912605,0.3573388159275055,0.5210000276565552,0.09369999915361404
YOL052C,YLR039C,0,3.49056,0.3570939004421234,0.5210000276565552,0.09380000084638596
YPL244C,YOR247W,0,3.48985,0.3568493127822876,0.5210000276565552,0.09390000253915787
YIL038C,YDR047W,0,3.4895644,0.35660505294799805,0.5210000276565552,0.09399999678134918
YDR055W,YNL032W,0,3.4876657,0.35636115074157715,0.5210000276565552,0.0940999984741211
YOR254C,YPR008W,0,3.4870043,0.3561175763607025,0.5210000276565552,0.094200000166893
YDR188W,YDR150W,0,3.486908,0.35587432980537415,0.5210000276565552,0.09430000185966492
YGL111W,YHR146W,0,3.4857163,0.35563141107559204,0.5210000276565552,0.09440000355243683
YKL052C,YMR143W,0,3.4851532,0.3553888201713562,0.5210000276565552,0.09449999779462814
YML127W,YKR019C,1,3.4847803,0.3558282256126404,0.5220000147819519,0.09449999779462814
YHR039C-A,YBR274W,0,3.4846683,0.35558584332466125,0.5220000147819519,0.09459999948740005
YER102W,YJL006C,0,3.4842916,0.355343759059906,0.5220000147819519,0.09470000118017197
YDR257C,YMR006C,0,3.483367,0.3551020324230194,0.5220000147819519,0.09480000287294388
YER095W,YBR153W,0,3.4830036,0.3548606336116791,0.5220000147819519,0.09489999711513519
YIL153W,YGL006W,0,3.4813695,0.354619562625885,0.5220000147819519,0.0949999988079071
YLL035W,YGL232W,0,3.4810266,0.3543788194656372,0.5220000147819519,0.09510000050067902
YDL003W,YOR048C,0,3.4808826,0.35413840413093567,0.5220000147819519,0.09520000219345093
YPL106C,YLR263W,0,3.480607,0.3538983166217804,0.5220000147819519,0.09529999643564224
YDR252W,YDR405W,0,3.4803085,0.353658527135849,0.5220000147819519,0.09539999812841415
YNR048W,YIL046W,0,3.479401,0.35341909527778625,0.5220000147819519,0.09549999982118607
YLR099C,YPR073C,0,3.478797,0.3531799614429474,0.5220000147819519,0.09560000151395798
YGR155W,YGR003W,0,3.4771214,0.3529411852359772,0.5220000147819519,0.09570000320672989
YBR045C,YHR205W,0,3.4769692,0.35270270705223083,0.5220000147819519,0.0957999974489212
YLR131C,YLR363C,0,3.4764295,0.35246455669403076,0.5220000147819519,0.09589999914169312
YOR254C,YKL007W,0,3.4756799,0.35222673416137695,0.5220000147819519,0.09600000083446503
YPL101W,YBL011W,0,3.4750586,0.351989209651947,0.5220000147819519,0.09610000252723694
YGL178W,YFL005W,0,3.4742484,0.35175201296806335,0.5220000147819519,0.09619999676942825
YOR119C,YKR061W,0,3.4716496,0.35151514410972595,0.5220000147819519,0.09629999846220016
YCL061C,YLR085C,1,3.4704113,0.351951539516449,0.5230000019073486,0.09629999846220016
YNL031C,YLR052W,1,3.469026,0.35238736867904663,0.5239999890327454,0.09629999846220016
YIL034C,YOR098C,0,3.4686742,0.3521505296230316,0.5239999890327454,0.09640000015497208
YJR068W,YDL149W,0,3.4684782,0.35191404819488525,0.5239999890327454,0.09650000184774399
YPR106W,YMR285C,0,3.467586,0.35167786478996277,0.5239999890327454,0.0966000035405159
YDR110W,YLL004W,1,3.4671235,0.35211268067359924,0.5249999761581421,0.0966000035405159
YIL144W,YDL141W,0,3.4647312,0.3518766760826111,0.5249999761581421,0.09669999778270721
YJL127C,YDR224C,1,3.4637365,0.35231077671051025,0.5260000228881836,0.09669999778270721
YDR482C,YPL271W,0,3.463614,0.3520749807357788,0.5260000228881836,0.09679999947547913
YGR104C,YHR052W,0,3.4618711,0.35183945298194885,0.5260000228881836,0.09690000116825104
YOR036W,YBL020W,0,3.4606576,0.35160428285598755,0.5260000228881836,0.09700000286102295
YML085C,YJR130C,0,3.4606466,0.3513694107532501,0.5260000228881836,0.09709999710321426
YLL004W,YBL008W,1,3.4605803,0.35180240869522095,0.5270000100135803,0.09709999710321426
YGL180W,YKL041W,0,3.460092,0.35156771540641785,0.5270000100135803,0.09719999879598618
YMR127C,YDR303C,1,3.4600468,0.35199999809265137,0.527999997138977,0.09719999879598618
YOR159C,YDR453C,0,3.4594526,0.3517654836177826,0.527999997138977,0.09730000048875809
YMR270C,YDR411C,0,3.4578514,0.3515312969684601,0.527999997138977,0.09740000218153
YPL011C,YMR080C,1,3.457715,0.35196274518966675,0.5289999842643738,0.09740000218153
YKL089W,YPR171W,0,3.4543133,0.35172873735427856,0.5289999842643738,0.09749999642372131
YMR076C,YMR156C,0,3.4542646,0.35149502754211426,0.5289999842643738,0.09759999811649323
YDL197C,YLR052W,1,3.453926,0.35192564129829407,0.5299999713897705,0.09759999811649323
YOL071W,YDR403W,0,3.4536972,0.3516921103000641,0.5299999713897705,0.09769999980926514
YIL173W,YDR386W,0,3.453011,0.351458877325058,0.5299999713897705,0.09780000150203705
YNL041C,YOR301W,0,3.4528866,0.35122597217559814,0.5299999713897705,0.09790000319480896
YHR119W,YPL127C,1,3.4527044,0.35165563225746155,0.531000018119812,0.09790000319480896
YDR059C,YPL094C,0,3.4511266,0.35142290592193604,0.531000018119812,0.09799999743700027
YMR296C,YDL245C,0,3.4494839,0.3511904776096344,0.531000018119812,0.09809999912977219
YOR334W,YJR057W,0,3.448965,0.35095834732055664,0.531000018119812,0.0982000008225441
YPR046W,YOR129C,0,3.4477072,0.35072654485702515,0.531000018119812,0.09830000251531601
YDR356W,YEL053C,0,3.4470797,0.35049504041671753,0.531000018119812,0.09839999675750732
YDR524C,YGL045W,0,3.444972,0.3502638638019562,0.531000018119812,0.09849999845027924
YOL096C,YCR106W,0,3.4448519,0.3500329554080963,0.531000018119812,0.09860000014305115
YML061C,YIR026C,0,3.4445958,0.3498023748397827,0.531000018119812,0.09870000183582306
YDR213W,YOL095C,0,3.443296,0.349572092294693,0.531000018119812,0.09880000352859497
YKL032C,YOR265W,0,3.4412565,0.34934210777282715,0.531000018119812,0.09889999777078629
YOL139C,YOR260W,0,3.440567,0.3491124212741852,0.531000018119812,0.0989999994635582
YMR133W,YFR019W,0,3.440443,0.3488830626010895,0.531000018119812,0.09910000115633011
YLR427W,YMR142C,0,3.4400353,0.34865397214889526,0.531000018119812,0.09920000284910202
YDR110W,YHL025W,1,3.4395752,0.3490813672542572,0.5320000052452087,0.09920000284910202
YOR068C,YDR233C,0,3.439136,0.3488524556159973,0.5320000052452087,0.09929999709129333
YOL132W,YPR159W,0,3.4388757,0.3486238420009613,0.5320000052452087,0.09939999878406525
YPL018W,YCR026C,0,3.4356956,0.34839555621147156,0.5320000052452087,0.09950000047683716
YGL163C,YOL090W,1,3.4346046,0.3488219976425171,0.5329999923706055,0.09950000047683716
YGR118W,YPR030W,0,3.4344115,0.3485938608646393,0.5329999923706055,0.09960000216960907
YLR139C,YMR020W,0,3.433869,0.34836602210998535,0.5329999923706055,0.09969999641180038
YJR025C,YIL005W,0,3.4306412,0.3481384813785553,0.5329999923706055,0.0997999981045723
YAL020C,YDR440W,0,3.4288201,0.3479112386703491,0.5329999923706055,0.09989999979734421
YDR457W,YDR362C,0,3.4288054,0.3476842939853668,0.5329999923706055,0.10000000149011612
YPR156C,YDL070W,0,3.4281635,0.347457617521286,0.5329999923706055,0.10010000318288803
YGR036C,YKL002W,0,3.4275684,0.34723126888275146,0.5329999923706055,0.10019999742507935
YLR131C,YMR215W,0,3.426507,0.3470052182674408,0.5329999923706055,0.10029999911785126
YOR253W,YDR251W,0,3.426352,0.3467794358730316,0.5329999923706055,0.10040000081062317
YGR177C,YCR094W,0,3.4262238,0.3465539515018463,0.5329999923706055,0.10050000250339508
YPR068C,YDR145W,1,3.4254146,0.3469785451889038,0.5339999794960022,0.10050000250339508
YPL127C,YGL037C,1,3.4232473,0.3474026024341583,0.5350000262260437,0.10050000250339508
YDR424C,YOR151C,0,3.4227648,0.3471771478652954,0.5350000262260437,0.1005999967455864
YML085C,YBL069W,0,3.4212823,0.34695202112197876,0.5350000262260437,0.1006999984383583
YBL031W,YMR308C,0,3.4202642,0.3467271625995636,0.5350000262260437,0.10080000013113022
YNL107W,YMR239C,1,3.4200916,0.3471502661705017,0.5360000133514404,0.10080000013113022
YEL050C,YIL013C,0,3.4192834,0.3469255566596985,0.5360000133514404,0.10090000182390213
YMR239C,YCR052W,1,3.4185867,0.34734800457954407,0.5370000004768372,0.10090000182390213
YLL022C,YLR033W,1,3.41855,0.3477698862552643,0.5379999876022339,0.10090000182390213
YBR059C,YBL035C,0,3.416103,0.34754520654678345,0.5379999876022339,0.10100000351667404
YPL153C,YGL037C,1,3.4158998,0.34796643257141113,0.5389999747276306,0.10100000351667404
YGR122W,YGL106W,0,3.415718,0.3477419316768646,0.5389999747276306,0.10109999775886536
YNL031C,YOR304W,1,3.415628,0.3481624722480774,0.5400000214576721,0.10109999775886536
YIL038C,YPR168W,0,3.4153247,0.3479381501674652,0.5400000214576721,0.10119999945163727
YMR223W,YMR091C,1,3.4152389,0.34835800528526306,0.5410000085830688,0.10119999945163727
YOL104C,YPR168W,0,3.4151788,0.3481338620185852,0.5410000085830688,0.10130000114440918
YLR329W,YOR026W,0,3.4137197,0.34790995717048645,0.5410000085830688,0.10140000283718109
YBL008W,YDR334W,1,3.4136043,0.3483290374279022,0.5419999957084656,0.10140000283718109
YFL029C,YNL136W,0,3.4114823,0.3481053411960602,0.5419999957084656,0.1014999970793724
YMR246W,YLR401C,0,3.4112558,0.34788191318511963,0.5419999957084656,0.10159999877214432
YDR300C,YJR035W,0,3.4108567,0.34765875339508057,0.5419999957084656,0.10170000046491623
YBR006W,YHR120W,0,3.4105291,0.3474358916282654,0.5419999957084656,0.10180000215768814
YPL258C,YER053C,0,3.40948,0.3472133278846741,0.5419999957084656,0.10189999639987946
YMR142C,YOR363C,0,3.4089007,0.34699103236198425,0.5419999957084656,0.10199999809265137
YHR117W,YJR058C,0,3.407309,0.3467690348625183,0.5419999957084656,0.10209999978542328
YER087C-B,YDR081C,0,3.4068217,0.34654730558395386,0.5419999957084656,0.10220000147819519
YJL130C,YPL121C,0,3.4064379,0.3463258743286133,0.5419999957084656,0.1023000031709671
YIL135C,YML091C,0,3.4053197,0.3461047112941742,0.5419999957084656,0.10239999741315842
YPL161C,YDR377W,0,3.4036403,0.345883846282959,0.5419999957084656,0.10249999910593033
YKR079C,YPR070W,0,3.4028254,0.34566327929496765,0.5419999957084656,0.10260000079870224
YGL112C,YDR145W,1,3.4023662,0.34608030319213867,0.5429999828338623,0.10260000079870224
YKR008W,YFR013W,1,3.4009976,0.3464968204498291,0.5440000295639038,0.10260000079870224
YER030W,YBR195C,1,3.4006824,0.34691280126571655,0.5450000166893005,0.10260000079870224
YGR285C,YPL178W,0,3.4000468,0.34669211506843567,0.5450000166893005,0.10270000249147415
YGL096W,YNL189W,0,3.3998146,0.3464716970920563,0.5450000166893005,0.10279999673366547
YOR244W,YLR321C,1,3.399684,0.34688690304756165,0.5460000038146973,0.10279999673366547
YHL025W,YNL031C,1,3.3994517,0.34730157256126404,0.546999990940094,0.10279999673366547
YJL194W,YDR310C,1,3.3991776,0.34771573543548584,0.5479999780654907,0.10279999673366547
YER164W,YBR231C,1,3.3985152,0.34812936186790466,0.5490000247955322,0.10279999673366547
YLR285W,YPL129W,1,3.3984952,0.3485424518585205,0.550000011920929,0.10279999673366547
YIL020C,YLR292C,0,3.3974352,0.34832173585891724,0.550000011920929,0.10289999842643738
YPL235W,YLR033W,1,3.3964367,0.34873417019844055,0.5509999990463257,0.10289999842643738
YLR442C,YMR239C,1,3.3963552,0.3491460978984833,0.5519999861717224,0.10289999842643738
YIL139C,YPL049C,0,3.3961644,0.3489254117012024,0.5519999861717224,0.10300000011920929
YOL011W,YOL045W,0,3.3953314,0.348704993724823,0.5519999861717224,0.1031000018119812
YBL013W,YDR532C,0,3.39505,0.3484848439693451,0.5519999861717224,0.10320000350475311
YJR089W,YLR145W,0,3.3942103,0.34826499223709106,0.5519999861717224,0.10329999774694443
YGR056W,YOR209C,1,3.391594,0.3486759066581726,0.5529999732971191,0.10329999774694443
YJL194W,YOL004W,1,3.3913288,0.34908631443977356,0.5540000200271606,0.10329999774694443
YFL001W,YAL015C,0,3.3911772,0.3488664925098419,0.5540000200271606,0.10339999943971634
YHR108W,YMR117C,0,3.3910222,0.34864693880081177,0.5540000200271606,0.10350000113248825
YGL240W,YJR032W,0,3.3901186,0.3484276831150055,0.5540000200271606,0.10360000282526016
YMR257C,YBR254C,0,3.3897738,0.3482086658477783,0.5540000200271606,0.10369999706745148
YDR240C,YPL134C,0,3.3893652,0.347989946603775,0.5540000200271606,0.10379999876022339
YDR292C,YJL221C,0,3.3889956,0.3477714955806732,0.5540000200271606,0.1039000004529953
YIL037C,YFR027W,0,3.3879638,0.3475533127784729,0.5540000200271606,0.10400000214576721
YHR156C,YBR125C,0,3.3874636,0.34733542799949646,0.5540000200271606,0.10409999638795853
YGR047C,YMR240C,0,3.385911,0.3471177816390991,0.5540000200271606,0.10419999808073044
YOR257W,YGL060W,0,3.3826494,0.34690043330192566,0.5540000200271606,0.10429999977350235
YCR065W,YBR295W,0,3.3807268,0.3466833531856537,0.5540000200271606,0.10440000146627426
YOL100W,YJL191W,0,3.3790812,0.3464665412902832,0.5540000200271606,0.10450000315904617
YBR245C,YOR279C,1,3.3756242,0.34687501192092896,0.5550000071525574,0.10450000315904617
YLR448W,YPL135W,0,3.37472,0.3466583490371704,0.5550000071525574,0.10459999740123749
YMR274C,YDR127W,0,3.3730426,0.34644195437431335,0.5550000071525574,0.1046999990940094
YNL328C,YKL038W,0,3.3708963,0.3462258279323578,0.5550000071525574,0.10480000078678131
YIL130W,YJR051W,0,3.370738,0.3460099697113037,0.5550000071525574,0.10490000247955322
YOL004W,YFR013W,1,3.3699703,0.34641745686531067,0.5559999942779541,0.10490000247955322
YDR135C,YPR049C,0,3.3683376,0.34620174765586853,0.5559999942779541,0.10499999672174454
YFL013C,YKR101W,1,3.3677626,0.34660857915878296,0.5569999814033508,0.10499999672174454
YJR060W,YDL136W,0,3.367353,0.34639304876327515,0.5569999814033508,0.10509999841451645
YER168C,YLR088W,0,3.3635764,0.34617775678634644,0.5569999814033508,0.10520000010728836
YPL273W,YEL038W,0,3.363182,0.3459627330303192,0.5569999814033508,0.10530000180006027
YLR141W,YGR143W,0,3.362965,0.3457479774951935,0.5569999814033508,0.10540000349283218
YPR152C,YOR369C,0,3.3610215,0.34553349018096924,0.5569999814033508,0.1054999977350235
YGR063C,YMR284W,1,3.3591013,0.3459392488002777,0.5580000281333923,0.1054999977350235
YBR273C,YAL021C,0,3.357553,0.3457249104976654,0.5580000281333923,0.10559999942779541
YLR430W,YJL148W,0,3.3568788,0.3455108404159546,0.5580000281333923,0.10570000112056732
YBR289W,YPL129W,1,3.356667,0.34591585397720337,0.5590000152587891,0.10570000112056732
YOR279C,YLR033W,1,3.3553991,0.34632036089897156,0.5600000023841858,0.10570000112056732
YJL127C,YPR162C,1,3.3548393,0.34672436118125916,0.5609999895095825,0.10570000112056732
YKL201C,YJL112W,0,3.354754,0.3465102016925812,0.5609999895095825,0.10580000281333923
YGL073W,YOR242C,0,3.3543854,0.3462963104248047,0.5609999895095825,0.10589999705553055
YPL106C,YDR503C,0,3.3535423,0.3460826575756073,0.5609999895095825,0.10599999874830246
YER113C,YMR318C,0,3.3530169,0.3458693027496338,0.5609999895095825,0.10610000044107437
YFL039C,YKR020W,0,3.351934,0.3456561863422394,0.5609999895095825,0.10620000213384628
YDL140C,YAL011W,1,3.35175,0.346059113740921,0.5619999766349792,0.10620000213384628
YNL282W,YJR009C,0,3.3504019,0.34584614634513855,0.5619999766349792,0.1062999963760376
YGL045W,YPR169W,0,3.3493533,0.34563344717025757,0.5619999766349792,0.10639999806880951
YCL035C,YJR068W,0,3.349256,0.3454210162162781,0.5619999766349792,0.10649999976158142
YPL143W,YIL142W,0,3.347918,0.3452088534832001,0.5619999766349792,0.10660000145435333
YGR024C,YNL025C,0,3.3479037,0.34499692916870117,0.5619999766349792,0.10670000314712524
YPL091W,YJR052W,0,3.347323,0.34478527307510376,0.5619999766349792,0.10679999738931656
YOR176W,YOL070C,0,3.3470402,0.34457388520240784,0.5619999766349792,0.10689999908208847
YBR276C,YML116W,0,3.346571,0.344362735748291,0.5619999766349792,0.10700000077486038
YJR123W,YJL155C,0,3.3455353,0.3441518545150757,0.5619999766349792,0.1071000024676323
YJL080C,YDR071C,1,3.344047,0.34455323219299316,0.5630000233650208,0.1071000024676323
YDR045C,YFL041W,0,3.342451,0.34434249997138977,0.5630000233650208,0.10719999670982361
YDR279W,YKR077W,0,3.342002,0.34413203597068787,0.5630000233650208,0.10729999840259552
YBL098W,YNR038W,0,3.3411775,0.34392181038856506,0.5630000233650208,0.10740000009536743
YBL052C,YPL129W,1,3.33885,0.3443223536014557,0.5640000104904175,0.10740000009536743
YOR204W,YJL189W,0,3.3385615,0.3441122770309448,0.5640000104904175,0.10750000178813934
YNR010W,YNL317W,0,3.3381095,0.34390243887901306,0.5640000104904175,0.10760000348091125
YDR359C,YIL094C,0,3.3376346,0.3436928689479828,0.5640000104904175,0.10769999772310257
YMR282C,YJR057W,0,3.337606,0.343483567237854,0.5640000104904175,0.10779999941587448
YDR343C,YMR020W,0,3.3361588,0.3432745039463043,0.5640000104904175,0.10790000110864639
YPL001W,YDR473C,0,3.335867,0.34306567907333374,0.5640000104904175,0.1080000028014183
YJL097W,YLR249W,0,3.3353786,0.34285715222358704,0.5640000104904175,0.10809999704360962
YOR069W,YCR077C,0,3.3319588,0.34264883399009705,0.5640000104904175,0.10819999873638153
YOR204W,YCL044C,0,3.3315606,0.34244081377983093,0.5640000104904175,0.10830000042915344
YOL069W,YOR250C,0,3.330667,0.34223300218582153,0.5640000104904175,0.10840000212192535
YPR186C,YBR049C,0,3.3306603,0.3420254588127136,0.5640000104904175,0.10849999636411667
YFL013C,YLR357W,1,3.3292575,0.3424242436885834,0.5649999976158142,0.10849999636411667
YLR442C,YBL008W,1,3.3283672,0.34282252192497253,0.5659999847412109,0.10849999636411667
YML127W,YOL004W,1,3.3277879,0.3432203531265259,0.5669999718666077,0.10849999636411667
YDL015C,YKR036C,0,3.3263965,0.3430126905441284,0.5669999718666077,0.10859999805688858
YPL098C,YML086C,0,3.3253102,0.34280532598495483,0.5669999718666077,0.10869999974966049
YAL028W,YDR140W,0,3.3250766,0.34259819984436035,0.5669999718666077,0.1088000014424324
YBL080C,YNL214W,0,3.3249621,0.34239131212234497,0.5669999718666077,0.10890000313520432
YPL271W,YNL110C,0,3.3249235,0.3421846628189087,0.5669999718666077,0.10899999737739563
YDL098C,YOR243C,0,3.3239655,0.3419782817363739,0.5669999718666077,0.10909999907016754
YHR194W,YLR025W,0,3.3236399,0.3417721390724182,0.5669999718666077,0.10920000076293945
YKL032C,YIL011W,0,3.3234358,0.341566264629364,0.5669999718666077,0.10930000245571136
YJL155C,YER056C,0,3.322743,0.3413606286048889,0.5669999718666077,0.10939999669790268
YNL163C,YBR129C,0,3.3227062,0.3411552309989929,0.5669999718666077,0.10949999839067459
YGL062W,YPL137C,0,3.320962,0.3409501016139984,0.5669999718666077,0.1096000000834465
YKR094C,YGL227W,0,3.320599,0.3407451808452606,0.5669999718666077,0.10970000177621841
YMR230W,YML095C,0,3.3200545,0.3405405282974243,0.5669999718666077,0.10980000346899033
YDL102W,YGL155W,0,3.319744,0.3403361439704895,0.5669999718666077,0.10989999771118164
YAL024C,YHR154W,0,3.3176827,0.3401319682598114,0.5669999718666077,0.10999999940395355
YFR032C-A,YBR272C,0,3.3151474,0.3399280607700348,0.5669999718666077,0.11010000109672546
YGL244W,YOR359W,0,3.3150997,0.3397243916988373,0.5669999718666077,0.11020000278949738
YOR349W,YML048W,0,3.31427,0.33952096104621887,0.5669999718666077,0.11029999703168869
YPR131C,YOR162C,0,3.3135176,0.33931776881217957,0.5669999718666077,0.1103999987244606
YML057W,YDR217C,0,3.313233,0.33911484479904175,0.5669999718666077,0.11050000041723251
YNL328C,YGL083W,0,3.3127837,0.33891212940216064,0.5669999718666077,0.11060000211000443
YGR104C,YLR017W,0,3.3126464,0.33870968222618103,0.5669999718666077,0.11069999635219574
YJL127C,YGR002C,1,3.3119602,0.33910447359085083,0.5680000185966492,0.11069999635219574
YPR048W,YNL054W,0,3.311666,0.33890214562416077,0.5680000185966492,0.11079999804496765
YML021C,YBR240C,0,3.3114524,0.3387000560760498,0.5680000185966492,0.11089999973773956
YDL175C,YNL317W,0,3.3112693,0.33849820494651794,0.5680000185966492,0.11100000143051147
YHR056C,YBR195C,1,3.3108716,0.3388921916484833,0.5690000057220459,0.11100000143051147
YOR216C,YBL025W,0,3.31041,0.33869048953056335,0.5690000057220459,0.11110000312328339
YDR292C,YHR001W-A,0,3.3093176,0.33848899602890015,0.5690000057220459,0.1111999973654747
YLR141W,YIL036W,0,3.3073506,0.33828774094581604,0.5690000057220459,0.11129999905824661
YLL022C,YDR310C,1,3.3059897,0.3386809229850769,0.5699999928474426,0.11129999905824661
YDR177W,YGL094C,0,3.30515,0.33847981691360474,0.5699999928474426,0.11140000075101852
YML015C,YGR120C,0,3.305139,0.3382789194583893,0.5699999928474426,0.11150000244379044
YCR063W,YNL096C,0,3.3037643,0.3380782902240753,0.5699999928474426,0.11159999668598175
YGL142C,YBR264C,0,3.3027177,0.33787789940834045,0.5699999928474426,0.11169999837875366
YNR010W,YDR359C,0,3.301908,0.3376777172088623,0.5699999928474426,0.11180000007152557
YGL163C,YMR284W,1,3.3011618,0.3380698561668396,0.5709999799728394,0.11180000007152557
YBR010W,YGR002C,1,3.300188,0.3384615480899811,0.5720000267028809,0.11180000007152557
YNL246W,YOR304W,1,3.3000884,0.33885276317596436,0.5730000138282776,0.11180000007152557
YIR011C,YPL105C,0,3.2995644,0.33865249156951904,0.5730000138282776,0.11190000176429749
YCL029C,YOR347C,0,3.299241,0.33845245838165283,0.5730000138282776,0.1120000034570694
YLR172C,YNL026W,0,3.2992086,0.3382526636123657,0.5730000138282776,0.11209999769926071
YLR182W,YDR238C,0,3.2960868,0.3380531072616577,0.5730000138282776,0.11219999939203262
YLL053C,YMR246W,0,3.2952886,0.3378537595272064,0.5730000138282776,0.11230000108480453
YOR388C,YHR108W,0,3.2952452,0.3376546800136566,0.5730000138282776,0.11240000277757645
YGL009C,YJR082C,0,3.2940245,0.3374558389186859,0.5730000138282776,0.11249999701976776
YDR524C,YBR213W,0,3.291103,0.3372572064399719,0.5730000138282776,0.11259999871253967
YDR288W,YNL056W,0,3.2890186,0.33705881237983704,0.5730000138282776,0.11270000040531158
YGR056W,YLR055C,1,3.2886567,0.3374485671520233,0.5740000009536743,0.11270000040531158
YNL107W,YBR009C,1,3.2876658,0.3378378450870514,0.574999988079071,0.11270000040531158
YDR422C,YIL101C,0,3.287354,0.3376394510269165,0.574999988079071,0.1128000020980835
YML127W,YDR334W,1,3.2856436,0.3380281627178192,0.5759999752044678,0.1128000020980835
YMR127C,YLL022C,1,3.2849078,0.3384164273738861,0.5770000219345093,0.1128000020980835
YFL044C,YOR201C,0,3.2846599,0.3382180631160736,0.5770000219345093,0.11289999634027481
YKL085W,YPL176C,0,3.2839975,0.3380199074745178,0.5770000219345093,0.11299999803304672
YNL243W,YKL093W,0,3.283681,0.3378220200538635,0.5770000219345093,0.11309999972581863
YML059C,YOR187W,0,3.2835097,0.33762434124946594,0.5770000219345093,0.11320000141859055
YEL032W,YHR008C,0,3.2828116,0.33742690086364746,0.5770000219345093,0.11330000311136246
YPR131C,YFL004W,0,3.2799225,0.3372296988964081,0.5770000219345093,0.11339999735355377
YLR219W,YER100W,0,3.279686,0.3370327055454254,0.5770000219345093,0.11349999904632568
YOL004W,YLR085C,1,3.279636,0.337419718503952,0.578000009059906,0.11349999904632568
YHR013C,YFL056C,0,3.2793684,0.3372228741645813,0.578000009059906,0.1136000007390976
YFR021W,YJL148W,0,3.2791462,0.3370262384414673,0.578000009059906,0.1137000024318695
YGL142C,YGL031C,0,3.2785783,0.3368298411369324,0.578000009059906,0.11379999667406082
YGL151W,YDL085W,0,3.2784715,0.3366336524486542,0.578000009059906,0.11389999836683273
YDL056W,YOR032C,0,3.2780523,0.33643773198127747,0.578000009059906,0.11400000005960464
YIL061C,YKL144C,0,3.2779531,0.3362419903278351,0.578000009059906,0.11410000175237656
YER173W,YGL241W,0,3.2760482,0.3360465168952942,0.578000009059906,0.11420000344514847
YPL233W,YDR288W,0,3.2746844,0.33585125207901,0.578000009059906,0.11429999768733978
YBR010W,YNL330C,1,3.2733989,0.3362369239330292,0.5789999961853027,0.11429999768733978
YKL166C,YDL154W,0,3.2733955,0.33604177832603455,0.5789999961853027,0.1143999993801117
YGR223C,YPR173C,0,3.2729568,0.335846871137619,0.5789999961853027,0.1145000010728836
YDR438W,YNL136W,0,3.2724757,0.3356521725654602,0.5789999961853027,0.11460000276565552
YBL021C,YJR109C,0,3.2722516,0.3354577124118805,0.5789999961853027,0.11469999700784683
YHR067W,YIL056W,0,3.2715855,0.3352634608745575,0.5789999961853027,0.11479999870061874
YNL314W,YKR035W-A,0,3.2714648,0.3350694477558136,0.5789999961853027,0.11490000039339066
YOR363C,YDL084W,0,3.2705407,0.3348756432533264,0.5789999961853027,0.11500000208616257
YDR110W,YNL059C,1,3.2702842,0.3352601230144501,0.5799999833106995,0.11500000208616257
YGR063C,YPL011C,1,3.2693,0.3356441259384155,0.5809999704360962,0.11500000208616257
YOR162C,YCR060W,0,3.2671227,0.33545035123825073,0.5809999704360962,0.11509999632835388
YBR131W,YNL149C,0,3.2661695,0.33525678515434265,0.5809999704360962,0.1151999980211258
YNL292W,YOL139C,0,3.264172,0.3350634276866913,0.5809999704360962,0.1152999997138977
YIL138C,YJL085W,0,3.263689,0.334870308637619,0.5809999704360962,0.11540000140666962
YBL064C,YLR192C,0,3.2632403,0.33467742800712585,0.5809999704360962,0.11550000309944153
YMR127C,YPR175W,1,3.2632384,0.3350604474544525,0.5820000171661377,0.11550000309944153
YLR248W,YNR067C,0,3.2623258,0.3348676562309265,0.5820000171661377,0.11559999734163284
YER088C,YBR198C,1,3.2613468,0.3352501392364502,0.5830000042915344,0.11559999734163284
YDR007W,YPL161C,0,3.2605023,0.33505746722221375,0.5830000042915344,0.11569999903440475
YHR169W,YMR194W,0,3.2604246,0.3348650336265564,0.5830000042915344,0.11580000072717667
YNR074C,YDL082W,0,3.2594676,0.3346727788448334,0.5830000042915344,0.11590000241994858
YCL029C,YEL024W,0,3.2591686,0.33448079228401184,0.5830000042915344,0.11599999666213989
YPR182W,YLR014C,0,3.2584915,0.33428898453712463,0.5830000042915344,0.1160999983549118
YMR243C,YGL227W,0,3.2583594,0.33409741520881653,0.5830000042915344,0.11620000004768372
YOR222W,YPR189W,0,3.2577167,0.3339060842990875,0.5830000042915344,0.11630000174045563
YJL059W,YDR002W,0,3.2572932,0.33371493220329285,0.5830000042915344,0.11640000343322754
YIR015W,YML092C,0,3.2566328,0.33352401852607727,0.5830000042915344,0.11649999767541885
YNL261W,YOL004W,1,3.256384,0.33390510082244873,0.5839999914169312,0.11649999767541885
YPL058C,YDR449C,0,3.2549891,0.3337142765522003,0.5839999914169312,0.11659999936819077
YMR139W,YBR142W,0,3.2546382,0.333523690700531,0.5839999914169312,0.11670000106096268
YML041C,YJL081C,1,3.2545996,0.33390411734580994,0.5849999785423279,0.11670000106096268
YLR190W,YNL236W,0,3.2545767,0.3337136209011078,0.5849999785423279,0.11680000275373459
YBR001C,YDR091C,0,3.2542148,0.33352336287498474,0.5849999785423279,0.1168999969959259
YOR357C,YOR048C,0,3.253922,0.3333333432674408,0.5849999785423279,0.11699999868869781
YNL163C,YDR436W,0,3.253312,0.3331435024738312,0.5849999785423279,0.11710000038146973
YBR101C,YOR249C,0,3.2526207,0.33295390009880066,0.5849999785423279,0.11720000207424164
YMR285C,YBR223C,0,3.2518063,0.33276450634002686,0.5849999785423279,0.11729999631643295
YER190W,YJL200C,0,3.250936,0.33257532119750977,0.5849999785423279,0.11739999800920486
YKR008W,YLR055C,1,3.2507758,0.3329545557498932,0.5860000252723694,0.11739999800920486
YHR044C,YDL136W,0,3.2499228,0.33276546001434326,0.5860000252723694,0.11749999970197678
YFL013C,YLR385C,1,3.2467198,0.3331441581249237,0.5870000123977661,0.11749999970197678
YDR253C,YMR137C,0,3.2461882,0.33295518159866333,0.5870000123977661,0.11760000139474869
YDR330W,YER106W,0,3.2459583,0.33276644349098206,0.5870000123977661,0.1177000030875206
YDR167W,YNL031C,1,3.245397,0.33314448595046997,0.5879999995231628,0.1177000030875206
YBR095C,YPR080W,0,3.244711,0.33295583724975586,0.5879999995231628,0.11779999732971191
YPR017C,YOL078W,0,3.2435546,0.33276739716529846,0.5879999995231628,0.11789999902248383
YGR263C,YML071C,0,3.2435346,0.33257919549942017,0.5879999995231628,0.11800000071525574
YMR314W,YPR054W,0,3.2431889,0.3323911726474762,0.5879999995231628,0.11810000240802765
YGL203C,YOR084W,0,3.2419682,0.33220338821411133,0.5879999995231628,0.11819999665021896
YOR252W,YGL094C,0,3.241458,0.3320158123970032,0.5879999995231628,0.11829999834299088
YBR123C,YJR025C,0,3.240707,0.33182844519615173,0.5879999995231628,0.11840000003576279
YOR236W,YDR520C,0,3.2359037,0.331641286611557,0.5879999995231628,0.1185000017285347
YAL016W,YOL103W,0,3.2350612,0.331454336643219,0.5879999995231628,0.11860000342130661
YPL131W,YDL107W,0,3.2348428,0.3312675952911377,0.5879999995231628,0.11869999766349792
YJL011C,YJR010C-A,0,3.2344909,0.3310810923576355,0.5879999995231628,0.11879999935626984
YOL005C,YER123W,0,3.2339168,0.3308947682380676,0.5879999995231628,0.11890000104904175
YPL153C,YBL008W,1,3.2335753,0.33127108216285706,0.5889999866485596,0.11890000104904175
YMR208W,YNR072W,0,3.2328615,0.33108487725257874,0.5889999866485596,0.11900000274181366
YOR089C,YLR425W,0,3.2304454,0.33089888095855713,0.5889999866485596,0.11909999698400497
YCL025C,YKL033W,0,3.2300763,0.33071309328079224,0.5889999866485596,0.11919999867677689
YCR030C,YNL227C,0,3.2277908,0.33052748441696167,0.5889999866485596,0.1193000003695488
YPL171C,YJL030W,0,3.227375,0.3303421139717102,0.5889999866485596,0.11940000206232071
YIL013C,YGR246C,0,3.226739,0.33015695214271545,0.5889999866485596,0.11949999630451202
YPL103C,YOR227W,0,3.2261195,0.3299719989299774,0.5889999866485596,0.11959999799728394
YCR105W,YNR020C,0,3.224969,0.3297872245311737,0.5889999866485596,0.11969999969005585
YGL259W,YOR179C,0,3.224691,0.3296026885509491,0.5889999866485596,0.11980000138282776
YIL035C,YOR294W,0,3.2240014,0.3294183313846588,0.5889999866485596,0.11990000307559967
YPL051W,YML071C,0,3.2237735,0.32923421263694763,0.5889999866485596,0.11999999731779099
YCL032W,YBL060W,0,3.2223296,0.3290502727031708,0.5889999866485596,0.1200999990105629
YIL101C,YBR120C,0,3.222094,0.32886654138565063,0.5889999866485596,0.12020000070333481
YKL166C,YDR460W,0,3.2218857,0.3286830484867096,0.5889999866485596,0.12030000239610672
YGR004W,YKL087C,0,3.219883,0.3284997344017029,0.5889999866485596,0.12039999663829803
YIL021W,YER165W,0,3.2198734,0.3283165991306305,0.5889999866485596,0.12049999833106995
YKL010C,YDL142C,0,3.2183914,0.3281337022781372,0.5889999866485596,0.12060000002384186
YPL213W,YKR072C,0,3.2174878,0.32795101404190063,0.5889999866485596,0.12070000171661377
YGL238W,YLR287C-A,0,3.2172284,0.3277685046195984,0.5889999866485596,0.12080000340938568
YJL006C,YDR292C,0,3.216618,0.32758620381355286,0.5889999866485596,0.120899997651577
YHR146W,YLR011W,0,3.2160435,0.32740411162376404,0.5889999866485596,0.12099999934434891
YOL012C,YBR231C,1,3.2152,0.32777777314186096,0.5899999737739563,0.12099999934434891
YNL314W,YOL066C,0,3.2146664,0.3275957703590393,0.5899999737739563,0.12110000103712082
YBR101C,YKL183W,0,3.2139578,0.32741397619247437,0.5899999737739563,0.12120000272989273
YBR260C,YHR060W,0,3.2132335,0.32723239064216614,0.5899999737739563,0.12129999697208405
YER083C,YMR235C,0,3.2125678,0.32705098390579224,0.5899999737739563,0.12139999866485596
YLR289W,YDL095W,0,3.2116656,0.32686981558799744,0.5899999737739563,0.12150000035762787
YDR287W,YJL052W,0,3.2113328,0.32668882608413696,0.5899999737739563,0.12160000205039978
YJL162C,YKR058W,0,3.211213,0.3265080153942108,0.5899999737739563,0.1216999962925911
YOR145C,YNL318C,0,3.2111402,0.32632744312286377,0.5899999737739563,0.121799997985363
YFL013C,YNL206C,1,3.2107062,0.326699823141098,0.5910000205039978,0.121799997985363
YDR423C,YEL022W,0,3.2103376,0.32651934027671814,0.5910000205039978,0.12189999967813492
YOR044W,YHL034C,0,3.2098813,0.3263390362262726,0.5910000205039978,0.12200000137090683
YER161C,YOL004W,1,3.2091408,0.3267108201980591,0.5920000076293945,0.12200000137090683
YGR123C,YGR217W,0,3.2089949,0.3265306055545807,0.5920000076293945,0.12210000306367874
YGR007W,YMR065W,0,3.208899,0.326350599527359,0.5920000076293945,0.12219999730587006
YDL140C,YBR089C-A,1,3.2077837,0.32672175765037537,0.5929999947547913,0.12219999730587006
YHL036W,YJR117W,0,3.2071757,0.32654184103012085,0.5929999947547913,0.12229999899864197
YDR034C,YCR054C,0,3.206911,0.32636213302612305,0.5929999947547913,0.12240000069141388
YHR119W,YBR112C,1,3.206894,0.32673266530036926,0.593999981880188,0.12240000069141388
YCR106W,YAL053W,0,3.20654,0.3265530467033386,0.593999981880188,0.12250000238418579
YOR075W,YLL021W,0,3.2063665,0.3263736367225647,0.593999981880188,0.1225999966263771
YDR359C,YHR092C,0,3.2058654,0.3261944055557251,0.593999981880188,0.12269999831914902
YGR099W,YMR292W,0,3.2056642,0.3260153532028198,0.593999981880188,0.12280000001192093
YPL138C,YER165W,0,3.205007,0.32583653926849365,0.593999981880188,0.12290000170469284
YIL126W,YCR052W,1,3.2049327,0.32620614767074585,0.5950000286102295,0.12290000170469284
YOR026W,YPL087W,0,3.2046862,0.32602739334106445,0.5950000286102295,0.12300000339746475
YER173W,YDR421W,0,3.204083,0.32584884762763977,0.5950000286102295,0.12309999763965607
YOR288C,YDR482C,0,3.203014,0.3256705105304718,0.5950000286102295,0.12319999933242798
YIR025W,YKL172W,0,3.2030015,0.32549235224723816,0.5950000286102295,0.12330000102519989
YMR125W,YKR083C,0,3.2023516,0.32531437277793884,0.5950000286102295,0.1234000027179718
YEL069C,YBR283C,0,3.200508,0.32513660192489624,0.5950000286102295,0.12349999696016312
YBR069C,YJL128C,0,3.1991534,0.32495903968811035,0.5950000286102295,0.12359999865293503
YBR089C-A,YLR321C,1,3.1990647,0.3253275156021118,0.5960000157356262,0.12359999865293503
YGL226C-A,YHL019C,0,3.1984043,0.3251500129699707,0.5960000157356262,0.12370000034570694
YPL113C,YPR132W,0,3.1969266,0.3249727487564087,0.5960000157356262,0.12380000203847885
YCL029C,YDR436W,0,3.1964617,0.3247956335544586,0.5960000157356262,0.12389999628067017
YKR069W,YPR186C,0,3.1952596,0.32461872696876526,0.5960000157356262,0.12399999797344208
YPL203W,YDR365C,0,3.1950617,0.3244420289993286,0.5960000157356262,0.12409999966621399
YMR080C,YMR033W,1,3.194522,0.32480958104133606,0.597000002861023,0.12409999966621399
YGL240W,YCR093W,0,3.194281,0.3246329426765442,0.597000002861023,0.1242000013589859
YDR287W,YJL057C,0,3.1936164,0.32445651292800903,0.597000002861023,0.12430000305175781
YBR182C,YLR098C,0,3.1924515,0.3242802917957306,0.597000002861023,0.12439999729394913
YJR036C,YPL134C,0,3.1911688,0.3241042196750641,0.597000002861023,0.12449999898672104
YLR182W,YOR046C,0,3.1896286,0.3239283859729767,0.597000002861023,0.12460000067949295
YJL056C,YIR009W,0,3.1888256,0.3237527012825012,0.597000002861023,0.12470000237226486
YER061C,YOR048C,0,3.1880188,0.32357722520828247,0.597000002861023,0.12479999661445618
YEL001C,YGR180C,0,3.1876264,0.32340195775032043,0.597000002861023,0.12489999830722809
YOL145C,YHR165C,0,3.1844015,0.3232268691062927,0.597000002861023,0.125
YLR113W,YMR256C,0,3.1831508,0.32305195927619934,0.597000002861023,0.1251000016927719
YHR061C,YML057W,0,3.1815834,0.3228772282600403,0.597000002861023,0.12520000338554382
YFR029W,YJR001W,0,3.181046,0.32270270586013794,0.597000002861023,0.12530000507831573
YGR158C,YDR144C,0,3.1801376,0.3225283622741699,0.597000002861023,0.12540000677108765
YJL158C,YGR075C,0,3.1786175,0.32235419750213623,0.597000002861023,0.12549999356269836
YDL093W,YOR086C,0,3.1776495,0.32218024134635925,0.597000002861023,0.12559999525547028
YDR201W,YHR082C,0,3.1773834,0.3220064640045166,0.597000002861023,0.1256999969482422
YDL245C,YPL061W,0,3.175736,0.32183289527893066,0.597000002861023,0.1257999986410141
YHR165C,YPR070W,0,3.1746478,0.32165947556495667,0.597000002861023,0.125900000333786
YPL101W,YJL089W,0,3.1738968,0.3214862644672394,0.597000002861023,0.12600000202655792
YPR173C,YOR048C,0,3.1738768,0.3213132321834564,0.597000002861023,0.12610000371932983
YOR080W,YKL166C,0,3.1730556,0.3211404085159302,0.597000002861023,0.12620000541210175
YLR309C,YPL074W,0,3.1722298,0.32096773386001587,0.597000002861023,0.12630000710487366
YPR180W,YKL042W,0,3.1716456,0.3207952678203583,0.597000002861023,0.12639999389648438
YLR113W,YER020W,0,3.1709275,0.320622980594635,0.597000002861023,0.1264999955892563
YDL140C,YNL107W,1,3.17072,0.32098764181137085,0.5979999899864197,0.1264999955892563
YLR304C,YPR072W,0,3.170197,0.32081544399261475,0.5979999899864197,0.1265999972820282
YKR008W,YBR112C,1,3.1695166,0.3211796283721924,0.5989999771118164,0.1265999972820282
YKR066C,YGL144C,0,3.1695051,0.32100749015808105,0.5989999771118164,0.1266999989748001
YNR043W,YOR098C,0,3.1679654,0.32083556056022644,0.5989999771118164,0.12680000066757202
YFL013C,YOR279C,1,3.167605,0.3211991488933563,0.6000000238418579,0.12680000066757202
YHR025W,YBL056W,0,3.1670337,0.3210272789001465,0.6000000238418579,0.12690000236034393
YLR259C,YPR032W,0,3.1669126,0.32085561752319336,0.6000000238418579,0.12700000405311584
YCR086W,YBR187W,0,3.1665616,0.32068413496017456,0.6000000238418579,0.12710000574588776
YGL092W,YMR016C,0,3.1655169,0.3205128312110901,0.6000000238418579,0.12720000743865967
YER180C,YNL102W,0,3.163241,0.32034170627593994,0.6000000238418579,0.12729999423027039
YBR155W,YDR434W,0,3.1628208,0.3201707601547241,0.6000000238418579,0.1273999959230423
YPL120W,YDR390C,0,3.1621485,0.3199999928474426,0.6000000238418579,0.1274999976158142
YKR103W,YOR241W,0,3.1620202,0.31982943415641785,0.6000000238418579,0.12759999930858612
YHR056C,YHL025W,1,3.1613946,0.32019180059432983,0.6010000109672546,0.12759999930858612
YGR217W,YNR067C,0,3.1608624,0.32002130150794983,0.6010000109672546,0.12770000100135803
YBL021C,YKL040C,0,3.1598082,0.31985098123550415,0.6010000109672546,0.12780000269412994
YJL130C,YOR155C,0,3.1575499,0.3196808397769928,0.6010000109672546,0.12790000438690186
YIL021W,YOL028C,0,3.1574278,0.31951090693473816,0.6010000109672546,0.12800000607967377
YPR141C,YIL046W,0,3.1574173,0.31934112310409546,0.6010000109672546,0.12809999287128448
YOR138C,YPR032W,0,3.1571865,0.3191715478897095,0.6010000109672546,0.1281999945640564
YJL194W,YKR101W,1,3.1569676,0.3195329010486603,0.6019999980926514,0.1281999945640564
YDR117C,YOL133W,0,3.156777,0.31936338543891907,0.6019999980926514,0.1282999962568283
YDL074C,YHR085W,0,3.1561837,0.3191940486431122,0.6019999980926514,0.12839999794960022
YPL076W,YER155C,0,3.1554189,0.319024920463562,0.6019999980926514,0.12849999964237213
YGR002C,YOR244W,1,3.1548686,0.3193855881690979,0.6029999852180481,0.12849999964237213
YER131W,YIL115C,0,3.154714,0.3192165195941925,0.6029999852180481,0.12860000133514404
YJR119C,YOL003C,0,3.1545072,0.31904762983322144,0.6029999852180481,0.12870000302791595
YIL126W,YMR080C,1,3.1544862,0.31940773129463196,0.6039999723434448,0.12870000302791595
YPR184W,YPL254W,0,3.1539826,0.31923890113830566,0.6039999723434448,0.12880000472068787
YKL114C,YNL015W,0,3.1539664,0.3190702497959137,0.6039999723434448,0.12890000641345978
YDR343C,YKL185W,0,3.1536736,0.31890180706977844,0.6039999723434448,0.1289999932050705
YGL111W,YPL180W,0,3.1528368,0.3187335133552551,0.6039999723434448,0.1290999948978424
YOL138C,YLL033W,0,3.151278,0.31856539845466614,0.6039999723434448,0.12919999659061432
YDR410C,YBR130C,0,3.151173,0.3183974623680115,0.6039999723434448,0.12929999828338623
YNL032W,YOL135C,0,3.1509662,0.31822970509529114,0.6039999723434448,0.12939999997615814
YPR068C,YLR055C,1,3.1505551,0.3185887336730957,0.6050000190734863,0.12939999997615814
YML127W,YBR245C,1,3.1500392,0.31894737482070923,0.6060000061988831,0.12939999997615814
YOR323C,YMR307W,0,3.149804,0.3187795877456665,0.6060000061988831,0.12950000166893005
YLR385C,YLR033W,1,3.1496825,0.3191377520561218,0.6069999933242798,0.12950000166893005
YMR127C,YLR055C,1,3.148234,0.3194955289363861,0.6079999804496765,0.12950000166893005
YDR389W,YDR372C,0,3.1480582,0.3193277418613434,0.6079999804496765,0.12960000336170197
YNR048W,YOR319W,0,3.1469784,0.3191601037979126,0.6079999804496765,0.12970000505447388
YBR101C,YDR441C,0,3.1457858,0.31899264454841614,0.6079999804496765,0.1298000067472458
YOR341W,YLL043W,0,3.1452007,0.3188253939151764,0.6079999804496765,0.1298999935388565
YLR258W,YJL148W,0,3.144374,0.3186582922935486,0.6079999804496765,0.12999999523162842
YLR214W,YDL087C,0,3.1427064,0.3184913694858551,0.6079999804496765,0.13009999692440033
YIL148W,YNL012W,0,3.1423512,0.31832459568977356,0.6079999804496765,0.13019999861717224
YHR013C,YGL127C,0,3.1418777,0.31815803050994873,0.6079999804496765,0.13030000030994415
YGR296W,YNL094W,0,3.140304,0.3179916441440582,0.6079999804496765,0.13040000200271606
YJL176C,YDR464W,0,3.1395092,0.31782540678977966,0.6079999804496765,0.13050000369548798
YMR233W,YML120C,0,3.1393838,0.3176593482494354,0.6079999804496765,0.1306000053882599
YPL231W,YHR136C,0,3.1392,0.3174934685230255,0.6079999804496765,0.1307000070810318
YML041C,YDR303C,1,3.137395,0.31784969568252563,0.609000027179718,0.1307000070810318
YDR353W,YJL153C,0,3.1372004,0.3176838755607605,0.609000027179718,0.13079999387264252
YPL235W,YBR198C,1,3.1369019,0.3180396258831024,0.6100000143051147,0.13079999387264252
YOR299W,YGL137W,0,3.1361942,0.31787389516830444,0.6100000143051147,0.13089999556541443
YGR104C,YDR527W,0,3.135367,0.3177083432674408,0.6100000143051147,0.13099999725818634
YBR240C,YKL080W,0,3.1338835,0.3175429403781891,0.6100000143051147,0.13109999895095825
YHR164C,YJL110C,0,3.1334777,0.3173777461051941,0.6100000143051147,0.13120000064373016
YFL049W,YKR101W,1,3.1332088,0.31773272156715393,0.6110000014305115,0.13120000064373016
YJL194W,YMR033W,1,3.1324248,0.31808730959892273,0.6119999885559082,0.13120000064373016
YDR453C,YHR154W,0,3.1286259,0.31792208552360535,0.6119999885559082,0.13130000233650208
YJL194W,YJL081C,1,3.1270947,0.31827622652053833,0.6129999756813049,0.13130000233650208
YNL261W,YCR052W,1,3.1258454,0.3186299800872803,0.6140000224113464,0.13130000233650208
YLR059C,YGL200C,0,3.124885,0.3184647262096405,0.6140000224113464,0.131400004029274
YLR045C,YNL012W,0,3.1230555,0.31829965114593506,0.6140000224113464,0.1315000057220459
YDL060W,YDL076C,0,3.123034,0.31813472509384155,0.6140000224113464,0.1316000074148178
YER060W,YLR145W,0,3.1215882,0.3179699778556824,0.6140000224113464,0.13169999420642853
YGL195W,YJL065C,0,3.1212397,0.31780537962913513,0.6140000224113464,0.13179999589920044
YMR230W,YOR299W,0,3.1202927,0.3176409602165222,0.6140000224113464,0.13189999759197235
YPR196W,YKL063C,0,3.11941,0.31747671961784363,0.6140000224113464,0.13199999928474426
YMR145C,YBL017C,0,3.118495,0.31731265783309937,0.6140000224113464,0.13210000097751617
YPL074W,YPR072W,0,3.1168866,0.31714877486228943,0.6140000224113464,0.13220000267028809
YOL100W,YMR201C,0,3.116343,0.31698504090309143,0.6140000224113464,0.13230000436306
YLR103C,YPR068C,1,3.1142168,0.3173374533653259,0.6150000095367432,0.13230000436306
YGL073W,YLR113W,0,3.1137414,0.3171738088130951,0.6150000095367432,0.1324000060558319
YDR034C,YJL089W,0,3.1106684,0.3170103132724762,0.6150000095367432,0.13249999284744263
YPL206C,YML081C-A,0,3.110503,0.3168469965457916,0.6150000095367432,0.13259999454021454
YOR388C,YNL263C,0,3.1104784,0.316683828830719,0.6150000095367432,0.13269999623298645
YDL215C,YHR211W,0,3.1103556,0.3165208399295807,0.6150000095367432,0.13279999792575836
YPL235W,YPL127C,1,3.1103525,0.31687241792678833,0.6159999966621399,0.13279999792575836
YCL035C,YMR117C,0,3.1100664,0.3167095184326172,0.6159999966621399,0.13289999961853027
YDR067C,YLR315W,0,3.1097016,0.316546767950058,0.6159999966621399,0.13300000131130219
YPR128C,YPR080W,0,3.1093452,0.3163841664791107,0.6159999966621399,0.1331000030040741
YCR063W,YGL031C,0,3.1092181,0.31622177362442017,0.6159999966621399,0.133200004696846
YEL069C,YER110C,0,3.1091805,0.31605952978134155,0.6159999966621399,0.13330000638961792
YOR349W,YDL160C,0,3.1090164,0.3158974349498749,0.6159999966621399,0.13339999318122864
YKL173W,YBR015C,0,3.1086469,0.31573551893234253,0.6159999966621399,0.13349999487400055
YGR078C,YKL165C,0,3.1082175,0.3155737817287445,0.6159999966621399,0.13359999656677246
YJL194W,YGL112C,1,3.1077757,0.3159242272377014,0.6169999837875366,0.13359999656677246
YOR226C,YCL032W,0,3.1075287,0.31576254963874817,0.6169999837875366,0.13369999825954437
YDL197C,YJR140C,1,3.1068854,0.3161125183105469,0.6179999709129333,0.13369999825954437
YBR207W,YMR275C,0,3.106462,0.3159509301185608,0.6179999709129333,0.13379999995231628
YNL218W,YNL073W,0,3.1054993,0.31578946113586426,0.6179999709129333,0.1339000016450882
YJL065C,YGR058W,0,3.1048694,0.31562820076942444,0.6179999709129333,0.1340000033378601
YOR348C,YDL070W,0,3.1046047,0.31546708941459656,0.6179999709129333,0.13410000503063202
YKL056C,YLL003W,0,3.1030352,0.3153061270713806,0.6179999709129333,0.13420000672340393
YDR014W,YFR047C,0,3.1026883,0.315145343542099,0.6179999709129333,0.13429999351501465
YDR229W,YGL093W,0,3.1024108,0.3149847090244293,0.6179999709129333,0.13439999520778656
YPL094C,YGL087C,0,3.1021512,0.31482425332069397,0.6179999709129333,0.13449999690055847
YGR095C,YJR110W,0,3.1016037,0.31466394662857056,0.6179999709129333,0.13459999859333038
YDR025W,YNL036W,0,3.101523,0.31450381875038147,0.6179999709129333,0.1347000002861023
YKL164C,YOR330C,0,3.1002898,0.3143438398838043,0.6179999709129333,0.1348000019788742
YKL203C,YIR036C,0,3.1000905,0.3141840398311615,0.6179999709129333,0.13490000367164612
YNR033W,YKR064W,0,3.1000538,0.3140243887901306,0.6179999709129333,0.13500000536441803
YNR048W,YNL291C,0,3.0999398,0.31386491656303406,0.6179999709129333,0.13510000705718994
YER177W,YLR234W,0,3.099431,0.31370559334754944,0.6179999709129333,0.13519999384880066
YOR127W,YER104W,0,3.0992644,0.31354641914367676,0.6179999709129333,0.13529999554157257
YGR007W,YLR288C,0,3.0984683,0.3133874237537384,0.6179999709129333,0.13539999723434448
YMR101C,YGL060W,0,3.0975251,0.313228577375412,0.6179999709129333,0.1354999989271164
YDL205C,YHR024C,0,3.0974975,0.3130699098110199,0.6179999709129333,0.1356000006198883
YBL013W,YPR054W,0,3.0966272,0.31291139125823975,0.6179999709129333,0.13570000231266022
YGR056W,YDL105W,1,3.0963917,0.313259094953537,0.6190000176429749,0.13570000231266022
YGL168W,YKL108W,0,3.0962348,0.313100665807724,0.6190000176429749,0.13580000400543213
YER096W,YLL048C,0,3.095953,0.31294235587120056,0.6190000176429749,0.13590000569820404
YBL008W,YGR116W,1,3.092046,0.3132895529270172,0.6200000047683716,0.13590000569820404
YPR048W,YLR249W,0,3.092011,0.31313130259513855,0.6200000047683716,0.13600000739097595
YGL232W,YER045C,0,3.0917273,0.3129732310771942,0.6200000047683716,0.13609999418258667
YGR279C,YCR038C,0,3.0915437,0.3128153383731842,0.6200000047683716,0.13619999587535858
YMR241W,YOL070C,0,3.0910585,0.31265759468078613,0.6200000047683716,0.1362999975681305
YGR006W,YPL089C,0,3.090819,0.3125,0.6200000047683716,0.1363999992609024
YOR226C,YLR088W,0,3.0903583,0.3123425841331482,0.6200000047683716,0.13650000095367432
YNL049C,YBL068W,0,3.0901375,0.31218528747558594,0.6200000047683716,0.13660000264644623
YNL246W,YLR033W,1,3.0890846,0.312531441450119,0.6209999918937683,0.13660000264644623
YOR204W,YPL169C,0,3.0887666,0.3123742341995239,0.6209999918937683,0.13670000433921814
YPR122W,YLR318W,0,3.0880914,0.31221720576286316,0.6209999918937683,0.13680000603199005
YPL042C,YLR286C,0,3.0877848,0.31206029653549194,0.6209999918937683,0.13689999282360077
YBL082C,YBR166C,0,3.0869288,0.31190356612205505,0.6209999918937683,0.13699999451637268
YLR127C,YNL085W,0,3.0864854,0.3117469847202301,0.6209999918937683,0.1370999962091446
YIR036C,YEL054C,0,3.085062,0.3115905523300171,0.6209999918937683,0.1371999979019165
YNR008W,YGL253W,0,3.0849996,0.3114342987537384,0.6209999918937683,0.13729999959468842
YNR010W,YPL176C,0,3.084659,0.31127819418907166,0.6209999918937683,0.13740000128746033
YIL167W,YDR023W,0,3.0843258,0.31112223863601685,0.6209999918937683,0.13750000298023224
YGL122C,YJR010C-A,0,3.0842166,0.31096646189689636,0.6209999918937683,0.13760000467300415
YDR167W,YMR227C,1,3.0841095,0.3113113045692444,0.621999979019165,0.13760000467300415
YPL167C,YCR107W,0,3.0838888,0.3111555874347687,0.621999979019165,0.13770000636577606
YMR270C,YOL005C,0,3.0832162,0.3109999895095825,0.621999979019165,0.13779999315738678
YER030W,YDR071C,1,3.0816612,0.31134432554244995,0.6230000257492065,0.13779999315738678
YMR287C,YER017C,0,3.0816288,0.31118881702423096,0.6230000257492065,0.1378999948501587
YOR089C,YKL172W,0,3.0811262,0.3110334575176239,0.6230000257492065,0.1379999965429306
YML092C,YMR285C,0,3.0805664,0.3108782470226288,0.6230000257492065,0.13809999823570251
YPR049C,YDR515W,0,3.080524,0.3107231855392456,0.6230000257492065,0.13819999992847443
YML011C,YNL233W,0,3.0789433,0.31056830286979675,0.6230000257492065,0.13830000162124634
YNL191W,YNL258C,0,3.0788517,0.31041353940963745,0.6230000257492065,0.13840000331401825
YOL004W,YER164W,1,3.078816,0.31075698137283325,0.6240000128746033,0.13840000331401825
YBR089C-A,YMR033W,1,3.078571,0.311100035905838,0.625,0.13840000331401825
YLR385C,YAL011W,1,3.0766563,0.3114427924156189,0.6259999871253967,0.13840000331401825
YPL049C,YER155C,0,3.0755138,0.31128790974617004,0.6259999871253967,0.13850000500679016
YNL051W,YDL130W-A,0,3.0741937,0.3111332058906555,0.6259999871253967,0.13860000669956207
YIL069C,YHR031C,0,3.0731602,0.31097865104675293,0.6259999871253967,0.1386999934911728
YPL103C,YJL208C,0,3.0723972,0.3108242452144623,0.6259999871253967,0.1387999951839447
YDR168W,YNL102W,0,3.0722523,0.31066998839378357,0.6259999871253967,0.1388999968767166
YDR534C,YCR014C,0,3.0718198,0.3105158805847168,0.6259999871253967,0.13899999856948853
YMR169C,YGL049C,0,3.0706067,0.31036192178726196,0.6259999871253967,0.13910000026226044
YPR132W,YBR254C,0,3.0697103,0.31020811200141907,0.6259999871253967,0.13920000195503235
YDR190C,YBR089C-A,1,3.0682445,0.3105497658252716,0.6269999742507935,0.13920000195503235
YDR103W,YLR304C,0,3.067418,0.3103960454463959,0.6269999742507935,0.13930000364780426
YLR223C,YGR113W,0,3.0673394,0.3102424442768097,0.6269999742507935,0.13940000534057617
YBL087C,YML023C,0,3.0665317,0.31008902192115784,0.6269999742507935,0.13950000703334808
YGL089C,YGL128C,0,3.0663328,0.3099357485771179,0.6269999742507935,0.1395999938249588
YDR501W,YOR018W,0,3.0655327,0.30978259444236755,0.6269999742507935,0.1396999955177307
YDR416W,YPR024W,0,3.0651464,0.3096296191215515,0.6269999742507935,0.13979999721050262
YOR059C,YBL054W,0,3.0648694,0.3094767928123474,0.6269999742507935,0.13989999890327454
YLR103C,YHL025W,1,3.0648584,0.30981746315956116,0.628000020980835,0.13989999890327454
YOR176W,YML080W,0,3.064489,0.30966469645500183,0.628000020980835,0.14000000059604645
YER007C-A,YGL128C,0,3.0642715,0.30951207876205444,0.628000020980835,0.14010000228881836
YJL127C,YLR103C,1,3.0639677,0.3098522126674652,0.6290000081062317,0.14010000228881836
YOR279C,YLR321C,1,3.0623713,0.3101920187473297,0.6299999952316284,0.14010000228881836
YDR310C,YJR140C,1,3.061836,0.31053149700164795,0.6309999823570251,0.14010000228881836
YCR020C,YIL021W,0,3.0615644,0.310378760099411,0.6309999823570251,0.14020000398159027
YNL310C,YNL026W,0,3.059249,0.3102261424064636,0.6309999823570251,0.14030000567436218
YDR365C,YER147C,0,3.0583696,0.31007370352745056,0.6309999823570251,0.1404000073671341
YKL130C,YML055W,0,3.0580018,0.30992141366004944,0.6309999823570251,0.1404999941587448
YKL079W,YMR056C,0,3.0579848,0.30976927280426025,0.6309999823570251,0.14059999585151672
YHL038C,YLR153C,0,3.0574265,0.309617280960083,0.6309999823570251,0.14069999754428864
YIL038C,YOR327C,0,3.0572743,0.3094654381275177,0.6309999823570251,0.14079999923706055
YLL004W,YJR140C,1,3.0560946,0.30980393290519714,0.6320000290870667,0.14079999923706055
YML011C,YOR016C,0,3.0547605,0.3096521198749542,0.6320000290870667,0.14090000092983246
YNL325C,YHR077C,0,3.0540023,0.30950048565864563,0.6320000290870667,0.14100000262260437
YBL085W,YEL059C-A,0,3.0526495,0.309349000453949,0.6320000290870667,0.14110000431537628
YDR227W,YPR030W,0,3.0515924,0.30919766426086426,0.6320000290870667,0.1412000060081482
YBR046C,YOL010W,0,3.0498762,0.3090464472770691,0.6320000290870667,0.1412999927997589
YML109W,YMR223W,1,3.0498297,0.30938416719436646,0.6330000162124634,0.1412999927997589
YLR316C,YGR075C,0,3.0495062,0.30923300981521606,0.6330000162124634,0.14139999449253082
YDL140C,YMR127C,1,3.0493345,0.3095703125,0.6340000033378601,0.14139999449253082
YMR232W,YLL011W,0,3.0481513,0.3094192147254944,0.6340000033378601,0.14149999618530273
YFL049W,YHR056C,1,3.0458837,0.3097561001777649,0.6349999904632568,0.14149999618530273
YHR132C,YNL244C,0,3.045862,0.30960506200790405,0.6349999904632568,0.14159999787807465
YAR018C,YBR030W,0,3.0456164,0.30945420265197754,0.6349999904632568,0.14169999957084656
YBR045C,YKL032C,0,3.045095,0.3093034625053406,0.6349999904632568,0.14180000126361847
YJR109C,YJL156C,0,3.043087,0.30915287137031555,0.6349999904632568,0.14190000295639038
YOR209C,YGL194C,1,3.042706,0.30948904156684875,0.6359999775886536,0.14190000295639038
YCL059C,YPR031W,0,3.0422814,0.3093385100364685,0.6359999775886536,0.1420000046491623
YJR151C,YLR080W,0,3.0416565,0.3091881275177002,0.6359999775886536,0.1421000063419342
YDR110W,YDR167W,1,3.041471,0.3095238208770752,0.6370000243186951,0.1421000063419342
YPL223C,YPR032W,0,3.041068,0.3093734681606293,0.6370000243186951,0.14219999313354492
YJR089W,YNR024W,0,3.0408454,0.3092232942581177,0.6370000243186951,0.14229999482631683
YGR088W,YPL281C,0,3.0405297,0.309073269367218,0.6370000243186951,0.14239999651908875
YLR337C,YAR042W,0,3.0405097,0.3089233636856079,0.6370000243186951,0.14249999821186066
YMR239C,YNL206C,1,3.0397573,0.309258371591568,0.6380000114440918,0.14249999821186066
YMR038C,YGR167W,0,3.0396323,0.30910852551460266,0.6380000114440918,0.14259999990463257
YLR197W,YLR176C,0,3.0392995,0.30895882844924927,0.6380000114440918,0.14270000159740448
YAL020C,YBL069W,0,3.0391803,0.3088092803955078,0.6380000114440918,0.1428000032901764
YLR451W,YOL136C,0,3.0380282,0.3086598813533783,0.6380000114440918,0.1429000049829483
YMR139W,YLR221C,0,3.0374591,0.3085106313228607,0.6380000114440918,0.14300000667572021
YMR314W,YMR204C,0,3.0369942,0.3083615303039551,0.6380000114440918,0.14309999346733093
YGL183C,YOL104C,0,3.0356793,0.308212548494339,0.6380000114440918,0.14319999516010284
YPR108W,YOR063W,0,3.035551,0.3080637454986572,0.6380000114440918,0.14329999685287476
YLR147C,YCL024W,0,3.0348487,0.307915061712265,0.6380000114440918,0.14339999854564667
YOL145C,YDL087C,0,3.032889,0.30776652693748474,0.6380000114440918,0.14350000023841858
YIL094C,YGL226W,0,3.0325475,0.3076181411743164,0.6380000114440918,0.1436000019311905
YPL100W,YKR064W,0,3.031434,0.3074698746204376,0.6380000114440918,0.1437000036239624
YLR385C,YOR279C,1,3.0314064,0.3078034818172455,0.6389999985694885,0.1437000036239624
YGR075C,YBR002C,0,3.0308795,0.3076552748680115,0.6389999985694885,0.14380000531673431
YKL085W,YGR113W,0,3.029831,0.3075072169303894,0.6389999985694885,0.14390000700950623
YIL118W,YBL047C,0,3.0286355,0.3073593080043793,0.6389999985694885,0.14399999380111694
YGR056W,YBR009C,1,3.0276842,0.3076923191547394,0.6399999856948853,0.14399999380111694
YOL004W,YLR055C,1,3.027566,0.3080250024795532,0.640999972820282,0.14399999380111694
YBL005W,YKR071C,0,3.0270033,0.3078770339488983,0.640999972820282,0.14409999549388885
YPL175W,YLL031C,0,3.0261161,0.30772924423217773,0.640999972820282,0.14419999718666077
YDL140C,YMR033W,1,3.0259938,0.308061420917511,0.6420000195503235,0.14419999718666077
YDR110W,YGR274C,1,3.0256743,0.30839329957962036,0.6430000066757202,0.14419999718666077
YNL261W,YDR224C,1,3.025579,0.3087248206138611,0.6439999938011169,0.14419999718666077
YOL038W,YLR327C,0,3.0246825,0.30857691168785095,0.6439999938011169,0.14429999887943268
YOR046C,YDL018C,0,3.0233316,0.30842912197113037,0.6439999938011169,0.1444000005722046
YGR208W,YIR036C,0,3.022826,0.30828148126602173,0.6439999938011169,0.1445000022649765
YLR316C,YDR289C,0,3.0221548,0.30813395977020264,0.6439999938011169,0.1446000039577484
YKL014C,YHR215W,0,3.021306,0.30798661708831787,0.6439999938011169,0.14470000565052032
YDL164C,YNL029C,0,3.020352,0.30783939361572266,0.6439999938011169,0.14480000734329224
YPL153C,YNL059C,1,3.020319,0.3081700801849365,0.6449999809265137,0.14480000734329224
YJR147W,YKL058W,0,3.0199227,0.3080229163169861,0.6449999809265137,0.14489999413490295
YOR340C,YGL174W,0,3.018622,0.3078759014606476,0.6449999809265137,0.14499999582767487
YPR043W,YDR317W,0,3.0176585,0.30772900581359863,0.6449999809265137,0.14509999752044678
YBR172C,YPR168W,0,3.0173416,0.3075822591781616,0.6449999809265137,0.1451999992132187
YNL133C,YIL156W,0,3.0171509,0.30743566155433655,0.6449999809265137,0.1453000009059906
YMR270C,YHR017W,0,3.0162344,0.307289183139801,0.6449999809265137,0.1454000025987625
YDL200C,YGL045W,0,3.0140042,0.30714285373687744,0.6449999809265137,0.14550000429153442
YMR005W,YDL069C,0,3.0133367,0.3069966733455658,0.6449999809265137,0.14560000598430634
YFL048C,YPR083W,0,3.0117984,0.3068506121635437,0.6449999809265137,0.14569999277591705
YDR406W,YLR023C,0,3.0117044,0.30670469999313354,0.6449999809265137,0.14579999446868896
YJL072C,YLR044C,0,3.011568,0.3065589368343353,0.6449999809265137,0.14589999616146088
YJL194W,YNL246W,1,3.0110006,0.3068883717060089,0.6460000276565552,0.14589999616146088
YMR070W,YJL197W,0,3.010436,0.3067426383495331,0.6460000276565552,0.1459999978542328
YOL105C,YNL015W,0,3.01017,0.3065970540046692,0.6460000276565552,0.1460999995470047
YJR083C,YIL022W,0,3.009852,0.30645161867141724,0.6460000276565552,0.1462000012397766
YPL096W,YLR291C,0,3.0093431,0.30630630254745483,0.6460000276565552,0.14630000293254852
YIL136W,YNL149C,0,3.0080051,0.30616113543510437,0.6460000276565552,0.14640000462532043
YJL167W,YBL022C,0,3.0079846,0.30601611733436584,0.6460000276565552,0.14650000631809235
YJR092W,YHR041C,0,3.0079143,0.30587121844291687,0.6460000276565552,0.14659999310970306
YLR106C,YIL140W,0,3.0077982,0.30572646856307983,0.6460000276565552,0.14669999480247498
YPR041W,YJL191W,0,3.0065894,0.30558183789253235,0.6460000276565552,0.1467999964952469
YCR030C,YJR055W,0,3.0064454,0.3054373562335968,0.6460000276565552,0.1468999981880188
YLR098C,YDR353W,0,3.0062175,0.3052929937839508,0.6460000276565552,0.1469999998807907
YGL229C,YPR188C,0,3.0048623,0.30514881014823914,0.6460000276565552,0.14710000157356262
YJR160C,YPR081C,0,3.0047626,0.30500471591949463,0.6460000276565552,0.14720000326633453
YDL140C,YLR321C,1,3.00455,0.3053326904773712,0.6470000147819519,0.14720000326633453
YBR114W,YBR015C,0,3.0029635,0.30518868565559387,0.6470000147819519,0.14730000495910645
YOR351C,YLR433C,0,3.0016894,0.3050448000431061,0.6470000147819519,0.14740000665187836
YOR290C,YBL061C,0,3.0013995,0.30490103363990784,0.6470000147819519,0.14749999344348907
YBR275C,YKL096W-A,0,3.0008812,0.30475741624832153,0.6470000147819519,0.147599995136261
YDR003W,YML036W,0,3.0008745,0.30461394786834717,0.6470000147819519,0.1476999968290329
YBR112C,YLR357W,1,3.0004911,0.30494117736816406,0.6480000019073486,0.1476999968290329
YLR221C,YKL144C,0,3.0001762,0.3047977387905121,0.6480000019073486,0.1477999985218048
YPL248C,YER171W,0,2.999412,0.30465444922447205,0.6480000019073486,0.14790000021457672
YCR086W,YKR077W,0,2.9972959,0.30451127886772156,0.6480000019073486,0.14800000190734863
YDR301W,YDL142C,0,2.996797,0.304368257522583,0.6480000019073486,0.14810000360012054
YDL099W,YOL009C,0,2.9957716,0.304225355386734,0.6480000019073486,0.14820000529289246
YGL196W,YNL049C,0,2.9957714,0.30408260226249695,0.6480000019073486,0.14830000698566437
YDR528W,YDR447C,0,2.9955378,0.30393996834754944,0.6480000019073486,0.14839999377727509
YCR058C,YPL154C,0,2.9949617,0.3037974536418915,0.6480000019073486,0.148499995470047
YLR086W,YJR048W,0,2.9948876,0.30365511775016785,0.6480000019073486,0.1485999971628189
YDR369C,YOR156C,0,2.9937122,0.3035128712654114,0.6480000019073486,0.14869999885559082
YGL071W,YIL128W,0,2.9933472,0.30337077379226685,0.6480000019073486,0.14880000054836273
YPR132W,YNL015W,0,2.9932494,0.30322882533073425,0.6480000019073486,0.14890000224113464
YLR055C,YFR037C,1,2.9926858,0.3035547137260437,0.6489999890327454,0.14890000224113464
YOR237W,YKL134C,0,2.992618,0.3034127950668335,0.6489999890327454,0.14900000393390656
YLL051C,YKL045W,0,2.9923086,0.30327102541923523,0.6489999890327454,0.14910000562667847
YKL174C,YCL066W,0,2.990221,0.3031293749809265,0.6489999890327454,0.14920000731945038
YIR011C,YPL038W,0,2.989024,0.30298787355422974,0.6489999890327454,0.1492999941110611
YGL095C,YJR055W,0,2.9888024,0.3028464913368225,0.6489999890327454,0.149399995803833
YOR259C,YLL034C,0,2.9885983,0.30270522832870483,0.6489999890327454,0.14949999749660492
YGR274C,YLR085C,1,2.9862487,0.3030303120613098,0.6499999761581421,0.14949999749660492
YNR010W,YER041W,0,2.9862216,0.3028891086578369,0.6499999761581421,0.14959999918937683
YIL047C,YOL052C-A,0,2.9861193,0.30274802446365356,0.6499999761581421,0.14970000088214874
YDR013W,YLR361C,0,2.9860473,0.30260708928108215,0.6499999761581421,0.14980000257492065
YOL109W,YDR533C,0,2.9855816,0.3024662733078003,0.6499999761581421,0.14990000426769257
YKL179C,YIL008W,0,2.984449,0.302325576543808,0.6499999761581421,0.15000000596046448
YJL127C,YKR019C,1,2.984448,0.30264994502067566,0.6510000228881836,0.15000000596046448
YGL225W,YKL108W,0,2.9840386,0.3025093078613281,0.6510000228881836,0.1500999927520752
YOR272W,YKL040C,0,2.9838877,0.30236878991127014,0.6510000228881836,0.1501999944448471
YLR385C,YNL059C,1,2.9837108,0.3026926517486572,0.6520000100135803,0.1501999944448471
YDR224C,YDR334W,1,2.9825194,0.3030162453651428,0.652999997138977,0.1501999944448471
YLR450W,YCL004W,0,2.9818652,0.30287569761276245,0.652999997138977,0.15029999613761902
YHL025W,YGL194C,1,2.9807363,0.3031988739967346,0.6539999842643738,0.15029999613761902
YBL079W,YLR467W,0,2.9805033,0.303058385848999,0.6539999842643738,0.15039999783039093
YEL056W,YPL083C,0,2.9798985,0.302918016910553,0.6539999842643738,0.15049999952316284
YHR081W,YMR256C,0,2.979461,0.3027777671813965,0.6539999842643738,0.15060000121593475
YBL013W,YDR414C,0,2.9787118,0.30263766646385193,0.6539999842643738,0.15070000290870667
YNL107W,YGL112C,1,2.9781842,0.30296021699905396,0.6549999713897705,0.15070000290870667
YOR079C,YKL038W,0,2.9780307,0.3028201460838318,0.6549999713897705,0.15080000460147858
YCR029C-A,YDR300C,0,2.973691,0.30268022418022156,0.6549999713897705,0.1509000062942505
YOR074C,YMR198W,0,2.972623,0.3025404214859009,0.6549999713897705,0.1509999930858612
YOL138C,YGR037C,0,2.972468,0.30240073800086975,0.6549999713897705,0.15109999477863312
YKL079W,YHR110W,0,2.9722934,0.30226120352745056,0.6549999713897705,0.15119999647140503
YLR056W,YLR318W,0,2.9709344,0.30212175846099854,0.6549999713897705,0.15129999816417694
YKL166C,YPL121C,0,2.9708357,0.30198249220848083,0.6549999713897705,0.15139999985694885
YBR282W,YDL017W,0,2.9701357,0.3018433153629303,0.6549999713897705,0.15150000154972076
YKL085W,YAL002W,0,2.969727,0.3017042875289917,0.6549999713897705,0.15160000324249268
YLR212C,YOR195W,0,2.9695673,0.30156537890434265,0.6549999713897705,0.1517000049352646
YLR377C,YDR046C,0,2.9693508,0.30142658948898315,0.6549999713897705,0.1518000066280365
YGR211W,YJL128C,0,2.9677584,0.3012879490852356,0.6549999713897705,0.15189999341964722
YLR435W,YML107C,0,2.9676776,0.3011494278907776,0.6549999713897705,0.15199999511241913
YCR063W,YAL044C,0,2.9668531,0.30101102590560913,0.6549999713897705,0.15209999680519104
YOR075W,YOL059W,0,2.9659376,0.3008727729320526,0.6549999713897705,0.15219999849796295
YEL001C,YDR170C,0,2.9657993,0.30073460936546326,0.6549999713897705,0.15230000019073486
YNL091W,YDL192W,0,2.9654162,0.30059659481048584,0.6549999713897705,0.15240000188350677
YDR034C,YMR097C,0,2.9638257,0.30045872926712036,0.6549999713897705,0.1525000035762787
YGR104C,YBR142W,0,2.9628778,0.30032095313072205,0.6549999713897705,0.1526000052690506
YJR138W,YNL290W,0,2.9626026,0.30018332600593567,0.6549999713897705,0.1527000069618225
YLR005W,YKL180W,0,2.9621708,0.30004581809043884,0.6549999713897705,0.15279999375343323
YER032W,YDL055C,0,2.9614258,0.29990842938423157,0.6549999713897705,0.15289999544620514
YBR289W,YNL059C,1,2.9607825,0.3002288341522217,0.656000018119812,0.15289999544620514
YJR078W,YGR175C,0,2.9599981,0.3000915050506592,0.656000018119812,0.15299999713897705
YGL094C,YPR192W,0,2.95889,0.29995426535606384,0.656000018119812,0.15309999883174896
YHR118C,YGR063C,1,2.957038,0.30027422308921814,0.6570000052452087,0.15309999883174896
YML016C,YIL036W,0,2.9567895,0.3001370429992676,0.6570000052452087,0.15320000052452087
YDL083C,YGL094C,0,2.9566174,0.30000001192092896,0.6570000052452087,0.15330000221729279
YIL136W,YDR478W,0,2.956088,0.2998630702495575,0.6570000052452087,0.1534000039100647
YJL011C,YBR254C,0,2.955133,0.299726277589798,0.6570000052452087,0.1535000056028366
YPL274W,YIL101C,0,2.9542038,0.299589604139328,0.6570000052452087,0.15360000729560852
YOR075W,YDR244W,0,2.9532976,0.2994530498981476,0.6570000052452087,0.15369999408721924
YAL013W,YPL082C,0,2.9531693,0.2993166148662567,0.6570000052452087,0.15379999577999115
YLR121C,YJR102C,0,2.9525328,0.2991803288459778,0.6570000052452087,0.15389999747276306
YLR277C,YJR045C,0,2.9520879,0.2990441620349884,0.6570000052452087,0.15399999916553497
YLR130C,YOR264W,0,2.950958,0.2989080846309662,0.6570000052452087,0.15410000085830688
YOR373W,YDR137W,0,2.9505053,0.2987721562385559,0.6570000052452087,0.1542000025510788
YDR429C,YLR207W,0,2.9501514,0.29863637685775757,0.6570000052452087,0.1543000042438507
YOL072W,YMR257C,0,2.950132,0.2985006868839264,0.6570000052452087,0.15440000593662262
YJR150C,YPR108W,0,2.9497058,0.29836511611938477,0.6570000052452087,0.15449999272823334
YLR389C,YJL156C,0,2.9495234,0.2982296943664551,0.6570000052452087,0.15459999442100525
YLR381W,YPR186C,0,2.9484415,0.29809436202049255,0.6570000052452087,0.15469999611377716
YMR275C,YPL210C,0,2.94809,0.29795917868614197,0.6570000052452087,0.15479999780654907
YPR191W,YML088W,0,2.9471858,0.29782411456108093,0.6570000052452087,0.15489999949932098
YDR067C,YPL143W,0,2.9458156,0.29768916964530945,0.6570000052452087,0.1550000011920929
YML009C,YDR080W,0,2.9448576,0.2975543439388275,0.6570000052452087,0.1551000028848648
YJL124C,YDL164C,0,2.9434285,0.29741963744163513,0.6570000052452087,0.15520000457763672
YER162C,YOR168W,0,2.9425368,0.2972850799560547,0.6570000052452087,0.15530000627040863
YDR259C,YDL084W,0,2.9399977,0.2971506118774414,0.6570000052452087,0.15539999306201935
YFR031C-A,YEL018W,0,2.9398909,0.2970162630081177,0.6570000052452087,0.15549999475479126
YPR046W,YPL209C,0,2.939598,0.2968820631504059,0.6570000052452087,0.15559999644756317
YMR012W,YLR147C,0,2.9384336,0.29674795269966125,0.6570000052452087,0.15569999814033508
YDR326C,YKL132C,0,2.9382,0.29661399126052856,0.6570000052452087,0.155799999833107
YLR220W,YDR503C,0,2.9376512,0.2964801490306854,0.6570000052452087,0.1559000015258789
YIL118W,YMR224C,0,2.9370131,0.29634642601013184,0.6570000052452087,0.15600000321865082
YCR086W,YGL227W,0,2.935298,0.2962127923965454,0.6570000052452087,0.15610000491142273
YGR154C,YHR156C,0,2.935287,0.2960793077945709,0.6570000052452087,0.15620000660419464
YKR054C,YBL026W,0,2.935216,0.295945942401886,0.6570000052452087,0.15629999339580536
YGL087C,YDR093W,0,2.9346852,0.2958126962184906,0.6570000052452087,0.15639999508857727
YPL103C,YFR014C,0,2.9344668,0.29567956924438477,0.6570000052452087,0.15649999678134918
YGR124W,YKL145W,0,2.9341602,0.2955465614795685,0.6570000052452087,0.1565999984741211
YML098W,YHR001W-A,0,2.9341269,0.29541367292404175,0.6570000052452087,0.156700000166893
YHR044C,YDL123W,0,2.9339736,0.29528090357780457,0.6570000052452087,0.15680000185966492
YBR238C,YML081C-A,0,2.9326255,0.29514825344085693,0.6570000052452087,0.15690000355243683
YNL330C,YOR304W,1,2.9324896,0.29546475410461426,0.6579999923706055,0.15690000355243683
YGR063C,YAL011W,1,2.931149,0.2957809567451477,0.6589999794960022,0.15690000355243683
YFL023W,YPL161C,0,2.930562,0.2956482768058777,0.6589999794960022,0.15700000524520874
YIL026C,YBR180W,0,2.929782,0.29551568627357483,0.6589999794960022,0.15710000693798065
YML041C,YOL004W,1,2.9294066,0.29583147168159485,0.6600000262260437,0.15710000693798065
YAL020C,YGR046W,0,2.9291024,0.2956989109516144,0.6600000262260437,0.15719999372959137
YIL135C,YGL137W,0,2.9273942,0.29556649923324585,0.6600000262260437,0.15729999542236328
YHR214W,YMR250W,0,2.9271421,0.29543420672416687,0.6600000262260437,0.1573999971151352
YGR056W,YML127W,1,2.927134,0.2957494258880615,0.6610000133514404,0.1573999971151352
YNL330C,YBR231C,1,2.9268153,0.2960644066333771,0.6620000004768372,0.1573999971151352
YDR229W,YBR129C,0,2.9266255,0.2959320545196533,0.6620000004768372,0.1574999988079071
YER030W,YJL080C,1,2.9264295,0.29624664783477783,0.6629999876022339,0.1574999988079071
YPL209C,YLL029W,0,2.9251833,0.29611432552337646,0.6629999876022339,0.15760000050067902
YNL298W,YKL179C,0,2.9250722,0.29598215222358704,0.6629999876022339,0.15770000219345093
YIL020C,YGL096W,0,2.923015,0.29585006833076477,0.6629999876022339,0.15780000388622284
YHR056C,YCR052W,1,2.921616,0.2961641252040863,0.6639999747276306,0.15780000388622284
YJR068W,YLR038C,0,2.9213128,0.2960321009159088,0.6639999747276306,0.15790000557899475
YDR190C,YDR439W,1,2.9194305,0.2963458001613617,0.6650000214576721,0.15790000557899475
YNL207W,YDL082W,0,2.9185696,0.2962138056755066,0.6650000214576721,0.15800000727176666
YKR008W,YNL059C,1,2.9178658,0.2965271472930908,0.6660000085830688,0.15800000727176666
YDR423C,YAL054C,0,2.917676,0.2963951826095581,0.6660000085830688,0.15809999406337738
YPR187W,YMR016C,0,2.9174075,0.29626333713531494,0.6660000085830688,0.1581999957561493
YFR013W,YGL194C,1,2.916945,0.29657626152038574,0.6669999957084656,0.1581999957561493
YLR238W,YML095C,0,2.9165502,0.29644444584846497,0.6669999957084656,0.1582999974489212
YOR067C,YML115C,0,2.9164634,0.29631274938583374,0.6669999957084656,0.15839999914169312
YBR109C,YLR151C,0,2.9160502,0.29618117213249207,0.6669999957084656,0.15850000083446503
YGR171C,YNL304W,0,2.9158444,0.29604971408843994,0.6669999957084656,0.15860000252723694
YHR010W,YDR270W,0,2.9148135,0.29591837525367737,0.6669999957084656,0.15870000422000885
YML031W,YLR032W,0,2.9142966,0.29578712582588196,0.6669999957084656,0.15880000591278076
YMR173W,YNL066W,0,2.9126568,0.2956560254096985,0.6669999957084656,0.15889999270439148
YGL070C,YPR119W,0,2.9115443,0.29552504420280457,0.6669999957084656,0.1589999943971634
YGR241C,YHR174W,0,2.9097815,0.2953941524028778,0.6669999957084656,0.1590999960899353
YKL206C,YOR326W,0,2.909706,0.2952633798122406,0.6669999957084656,0.15919999778270721
YOL165C,YNL314W,0,2.9096224,0.29513275623321533,0.6669999957084656,0.15929999947547913
YNL051W,YNR057C,0,2.9094977,0.2950022220611572,0.6669999957084656,0.15940000116825104
YKL040C,YJL098W,0,2.9087574,0.29487180709838867,0.6669999957084656,0.15950000286102295
YBR291C,YJL044C,0,2.90756,0.2947414815425873,0.6669999957084656,0.15960000455379486
YDR383C,YCR044C,0,2.9061694,0.2946113049983978,0.6669999957084656,0.15970000624656677
YDR439W,YOR304W,1,2.9058151,0.29492273926734924,0.6679999828338623,0.15970000624656677
YGR211W,YGL243W,0,2.905753,0.2947925925254822,0.6679999828338623,0.1597999930381775
YAR015W,YPL148C,0,2.9056368,0.2946625351905823,0.6679999828338623,0.1598999947309494
YGL244W,YDR072C,0,2.9050226,0.2945326268672943,0.6679999828338623,0.1599999964237213
YKR008W,YOR209C,1,2.903991,0.29484355449676514,0.6690000295639038,0.1599999964237213
YDR083W,YOR113W,0,2.9026313,0.2947136461734772,0.6690000295639038,0.16009999811649323
YDL210W,YGL005C,0,2.902038,0.29458388686180115,0.6690000295639038,0.16019999980926514
YHR201C,YLR417W,0,2.9020224,0.2944542169570923,0.6690000295639038,0.16030000150203705
YNL107W,YMR080C,1,2.9017618,0.2947646379470825,0.6700000166893005,0.16030000150203705
YDR438W,YGL213C,0,2.9013023,0.29463499784469604,0.6700000166893005,0.16040000319480896
YGR241C,YEL054C,0,2.9010963,0.2945055067539215,0.6700000166893005,0.16050000488758087
YDR308C,YLR384C,0,2.8997602,0.29437610507011414,0.6700000166893005,0.16060000658035278
YOL067C,YLL027W,0,2.899147,0.2942468225955963,0.6700000166893005,0.1606999933719635
YMR264W,YKL058W,0,2.8991132,0.29411765933036804,0.6700000166893005,0.1607999950647354
YLR048W,YER013W,0,2.8986044,0.29398858547210693,0.6700000166893005,0.16089999675750732
YJL024C,YDL215C,0,2.8982356,0.29385966062545776,0.6700000166893005,0.16099999845027924
YDL008W,YMR269W,0,2.8968782,0.29373082518577576,0.6700000166893005,0.16110000014305115
YKL043W,YIR012W,0,2.8963976,0.2936021089553833,0.6700000166893005,0.16120000183582306
YDR144C,YOR159C,0,2.8961024,0.2934735119342804,0.6700000166893005,0.16130000352859497
YER177W,YJL196C,0,2.8949862,0.29334500432014465,0.6700000166893005,0.16140000522136688
YCL034W,YGL025C,0,2.8943162,0.29321661591529846,0.6700000166893005,0.1615000069141388
YDL069C,YER015W,0,2.893499,0.2930883765220642,0.6700000166893005,0.1615999937057495
YDL046W,YKL080W,0,2.8926835,0.29296019673347473,0.6700000166893005,0.16169999539852142
YKL093W,YGR020C,0,2.8921344,0.2928321659564972,0.6700000166893005,0.16179999709129333
YDR226W,YLR417W,0,2.8921041,0.2927042245864868,0.6700000166893005,0.16189999878406525
YOR174W,YGR129W,0,2.891594,0.2925764322280884,0.6700000166893005,0.16200000047683716
YKL052C,YOR271C,0,2.8914375,0.2924486994743347,0.6700000166893005,0.16210000216960907
YPL171C,YLR237W,0,2.8908472,0.292321115732193,0.6700000166893005,0.16220000386238098
YML041C,YMR080C,1,2.8898873,0.29262974858283997,0.6710000038146973,0.16220000386238098
YDR064W,YPR118W,0,2.889697,0.29250216484069824,0.6710000038146973,0.1623000055551529
YFR013W,YLR033W,1,2.8890944,0.29281046986579895,0.671999990940094,0.1623000055551529
YOL093W,YNL066W,0,2.887702,0.2926829159259796,0.671999990940094,0.1624000072479248
YGR036C,YLR190W,0,2.88733,0.2925555109977722,0.671999990940094,0.16249999403953552
YKL015W,YOR236W,0,2.8869483,0.292428195476532,0.671999990940094,0.16259999573230743
YBL030C,YOL149W,0,2.8861356,0.2923009991645813,0.671999990940094,0.16269999742507935
YBL025W,YIL014W,0,2.8860493,0.29217392206192017,0.671999990940094,0.16279999911785126
YMR139W,YBR049C,0,2.88537,0.2920469343662262,0.671999990940094,0.16290000081062317
YMR094W,YNL073W,0,2.8853273,0.2919200658798218,0.671999990940094,0.16300000250339508
YAL048C,YOR106W,0,2.8851104,0.2917933166027069,0.671999990940094,0.163100004196167
YBR278W,YKL080W,0,2.8847885,0.2916666567325592,0.671999990940094,0.1632000058889389
YBR245C,YMR284W,1,2.8832698,0.2919739782810211,0.6729999780654907,0.1632000058889389
YJR112W,YMR273C,0,2.8829105,0.2918473482131958,0.6729999780654907,0.16329999268054962
YAL038W,YKR035W-A,0,2.8824246,0.29172083735466003,0.6729999780654907,0.16339999437332153
YNL292W,YER007C-A,0,2.8818913,0.2915944457054138,0.6729999780654907,0.16349999606609344
YGR012W,YLR413W,0,2.8818576,0.29146817326545715,0.6729999780654907,0.16359999775886536
YPR019W,YKL016C,0,2.8816123,0.29134199023246765,0.6729999780654907,0.16369999945163727
YBR094W,YJL208C,0,2.8810434,0.2912159264087677,0.6729999780654907,0.16380000114440918
YIL084C,YPR081C,0,2.8808699,0.2910899519920349,0.6729999780654907,0.1639000028371811
YMR175W,YNL271C,0,2.880054,0.29096412658691406,0.6729999780654907,0.164000004529953
YMR070W,YER093C,0,2.880025,0.290838360786438,0.6729999780654907,0.16410000622272491
YEL027W,YNL231C,0,2.878809,0.29071274399757385,0.6729999780654907,0.16419999301433563
YER022W,YOL065C,0,2.878341,0.2905872166156769,0.6729999780654907,0.16429999470710754
YMR232W,YML028W,0,2.877078,0.29046180844306946,0.6729999780654907,0.16439999639987946
YLR396C,YPL078C,0,2.8769786,0.2903364896774292,0.6729999780654907,0.16449999809265137
YKL090W,YDR122W,0,2.8751788,0.2902112901210785,0.6729999780654907,0.16459999978542328
YER104W,YBR129C,0,2.8750746,0.29008620977401733,0.6729999780654907,0.1647000014781952
YCL063W,YKR055W,0,2.8738031,0.28996121883392334,0.6729999780654907,0.1648000031709671
YDR479C,YDR362C,0,2.8733866,0.2898363471031189,0.6729999780654907,0.164900004863739
YHL004W,YLR364W,0,2.8730545,0.289711594581604,0.6729999780654907,0.16500000655651093
YDR343C,YIL155C,0,2.8728967,0.2895869314670563,0.6729999780654907,0.16509999334812164
YGL059W,YBL055C,0,2.8724303,0.2894623577594757,0.6729999780654907,0.16519999504089355
YOR167C,YBR002C,0,2.8723614,0.2893379330635071,0.6729999780654907,0.16529999673366547
YDR389W,YJL214W,0,2.8720288,0.2892135679721832,0.6729999780654907,0.16539999842643738
YJL133W,YKL218C,0,2.871852,0.2890893518924713,0.6729999780654907,0.1655000001192093
YGL062W,YDL205C,0,2.871604,0.28896522521972656,0.6729999780654907,0.1656000018119812
YIL147C,YHR077C,0,2.8703246,0.288841187953949,0.6729999780654907,0.1657000035047531
YJR143C,YIR015W,0,2.8701143,0.2887172996997833,0.6729999780654907,0.16580000519752502
YKL016C,YMR300C,0,2.8700886,0.28859347105026245,0.6729999780654907,0.16590000689029694
YOL004W,YBR198C,1,2.8693407,0.28889840841293335,0.6740000247955322,0.16590000689029694
YML127W,YNL206C,1,2.8686,0.28920307755470276,0.675000011920929,0.16590000689029694
YIR017C,YDL195W,0,2.8675714,0.2890792191028595,0.675000011920929,0.16599999368190765
YBL020W,YBR055C,0,2.8675456,0.2889554798603058,0.675000011920929,0.16609999537467957
YGL216W,YHR096C,0,2.867321,0.28883183002471924,0.675000011920929,0.16619999706745148
YKL155C,YLR011W,0,2.865641,0.28870829939842224,0.675000011920929,0.1662999987602234
YGL018C,YBL103C,0,2.8650842,0.2885848581790924,0.675000011920929,0.1664000004529953
YKL028W,YJR016C,0,2.864315,0.2884615361690521,0.675000011920929,0.1665000021457672
YER101C,YPL139C,0,2.864182,0.288338303565979,0.675000011920929,0.16660000383853912
YLR248W,YLR383W,0,2.863965,0.28821519017219543,0.675000011920929,0.16670000553131104
YNL054W,YDR135C,0,2.8632562,0.2880921959877014,0.675000011920929,0.16680000722408295
YFL014W,YKR028W,0,2.8630502,0.28796929121017456,0.675000011920929,0.16689999401569366
YOR049C,YBL078C,0,2.8629346,0.28784647583961487,0.675000011920929,0.16699999570846558
YER056C,YJL053W,0,2.8621016,0.2877237796783447,0.675000011920929,0.1670999974012375
YDR419W,YDR166C,0,2.8610072,0.28760120272636414,0.675000011920929,0.1671999990940094
YMR232W,YDR423C,0,2.8605194,0.2874787151813507,0.675000011920929,0.1673000007867813
YNL251C,YGR037C,0,2.8593483,0.28735631704330444,0.675000011920929,0.16740000247955322
YOR359W,YDR056C,0,2.8583612,0.28723403811454773,0.675000011920929,0.16750000417232513
YLR417W,YMR055C,0,2.8569837,0.28711187839508057,0.675000011920929,0.16760000586509705
YFR013W,YLR321C,1,2.8555036,0.2874149680137634,0.6759999990463257,0.16760000586509705
YML031W,YER100W,0,2.8553548,0.28729280829429626,0.6759999990463257,0.16769999265670776
YNL212W,YBR092C,0,2.855278,0.28717076778411865,0.6759999990463257,0.16779999434947968
YMR013C,YBR222C,0,2.8552456,0.2870488464832306,0.6759999990463257,0.1678999960422516
YCR055C,YNL289W,0,2.8540356,0.2869269847869873,0.6759999990463257,0.1679999977350235
YKL197C,YOR175C,0,2.8531651,0.28680527210235596,0.6759999990463257,0.1680999994277954
YML106W,YER070W,0,2.8531594,0.2866836190223694,0.6759999990463257,0.16820000112056732
YLR154C,YPL138C,0,2.8529491,0.28656211495399475,0.6759999990463257,0.16830000281333923
YGR221C,YLL022C,1,2.8520038,0.28686439990997314,0.6769999861717224,0.16830000281333923
YHR024C,YKL033W,0,2.8515806,0.2867428958415985,0.6769999861717224,0.16840000450611115
YMR127C,YCR052W,1,2.8507853,0.287044882774353,0.6779999732971191,0.16840000450611115
YER162C,YNL001W,0,2.8505707,0.2869234085083008,0.6779999732971191,0.16850000619888306
YJL176C,YBR173C,0,2.8492017,0.2868020236492157,0.6779999732971191,0.16859999299049377
YDL105W,YDR439W,1,2.8478403,0.2871035933494568,0.6790000200271606,0.16859999299049377
YLR357W,YOR244W,1,2.847199,0.2874048948287964,0.6800000071525574,0.16859999299049377
YEL001C,YJR049C,0,2.8470676,0.2872834801673889,0.6800000071525574,0.16869999468326569
YMR282C,YOR071C,0,2.8468325,0.2871621549129486,0.6800000071525574,0.1687999963760376
YMR077C,YDR092W,0,2.8459141,0.28704094886779785,0.6800000071525574,0.1688999980688095
YER074W,YNR060W,0,2.8458638,0.28691983222961426,0.6800000071525574,0.16899999976158142
YMR043W,YIL074C,0,2.8456566,0.2867988049983978,0.6800000071525574,0.16910000145435333
YNR011C,YCR010C,0,2.8454528,0.28667789697647095,0.6800000071525574,0.16920000314712524
YER102W,YLR200W,0,2.8449376,0.2865571081638336,0.6800000071525574,0.16930000483989716
YGR046W,YBR257W,0,2.8449244,0.28643640875816345,0.6800000071525574,0.16940000653266907
YIL150C,YNL059C,1,2.8433275,0.2867368459701538,0.6809999942779541,0.16940000653266907
YBR160W,YPR161C,0,2.8430023,0.28661617636680603,0.6809999942779541,0.16949999332427979
YHR168W,YKL126W,0,2.8429754,0.2864955961704254,0.6809999942779541,0.1695999950170517
YBL061C,YER036C,0,2.8428705,0.28637510538101196,0.6809999942779541,0.1696999967098236
YOR353C,YMR142C,0,2.8418913,0.28625473380088806,0.6809999942779541,0.16979999840259552
YKL013C,YPR021C,0,2.8413072,0.2861344516277313,0.6809999942779541,0.16990000009536743
YOL124C,YJL008C,0,2.8403745,0.28601428866386414,0.6809999942779541,0.17000000178813934
YLL006W,YHR061C,0,2.8397374,0.2858942151069641,0.6809999942779541,0.17010000348091125
YDR188W,YKL064W,0,2.836543,0.28577423095703125,0.6809999942779541,0.17020000517368317
YNR010W,YKL093W,0,2.8365011,0.28565436601638794,0.6809999942779541,0.17030000686645508
YNR019W,YLR188W,0,2.8360243,0.2855345904827118,0.6809999942779541,0.1703999936580658
YDR378C,YIL119C,0,2.8352997,0.2854149341583252,0.6809999942779541,0.1704999953508377
YMR015C,YJR158W,0,2.8349,0.2852953374385834,0.6809999942779541,0.17059999704360962
YML041C,YOR244W,1,2.8344927,0.285594642162323,0.6819999814033508,0.17059999704360962
YOR232W,YDL003W,0,2.834287,0.28547510504722595,0.6819999814033508,0.17069999873638153
YGR174C,YGR282C,0,2.8342059,0.28535565733909607,0.6819999814033508,0.17080000042915344
YMR218C,YBR207W,0,2.8338833,0.28523629903793335,0.6819999814033508,0.17090000212192535
YJR155W,YML129C,0,2.8329444,0.2851170599460602,0.6819999814033508,0.17100000381469727
YLR020C,YNL091W,0,2.832525,0.2849979102611542,0.6819999814033508,0.17110000550746918
YJR140C,YLR321C,1,2.832416,0.28529658913612366,0.6830000281333923,0.17110000550746918
YMR228W,YJR058C,0,2.8301044,0.28517743945121765,0.6830000281333923,0.1712000072002411
YMR163C,YDL192W,0,2.8300674,0.2850584387779236,0.6830000281333923,0.1712999939918518
YIR006C,YNL094W,0,2.8291807,0.2849394977092743,0.6830000281333923,0.17139999568462372
YGR056W,YOR244W,1,2.8290484,0.28523769974708557,0.6840000152587891,0.17139999568462372
YDR279W,YER068W,0,2.8283672,0.28511878848075867,0.6840000152587891,0.17149999737739563
YMR016C,YOR048C,0,2.8279562,0.2849999964237213,0.6840000152587891,0.17159999907016754
YPL233W,YML073C,0,2.8278222,0.2848812937736511,0.6840000152587891,0.17170000076293945
YPL157W,YNL015W,0,2.827805,0.2847627103328705,0.6840000152587891,0.17180000245571136
YOL067C,YGR004W,0,2.827619,0.2846441864967346,0.6840000152587891,0.17190000414848328
YHR118C,YMR223W,1,2.8261523,0.28494176268577576,0.6850000023841858,0.17190000414848328
YKL087C,YDR472W,0,2.8258867,0.28482329845428467,0.6850000023841858,0.1720000058412552
YJR109C,YGL205W,0,2.8257422,0.28470489382743835,0.6850000023841858,0.1720999926328659
YPR113W,YDR260C,0,2.8255444,0.2845866084098816,0.6850000023841858,0.17219999432563782
YDL067C,YCR072C,0,2.8253655,0.2844684422016144,0.6850000023841858,0.17229999601840973
YOL004W,YFR037C,1,2.8250852,0.28476545214653015,0.6859999895095825,0.17229999601840973
YMR125W,YBR036C,0,2.8250694,0.2846473157405853,0.6859999895095825,0.17239999771118164
YKL130C,YPR135W,0,2.8246772,0.2845292389392853,0.6859999895095825,0.17249999940395355
YJL085W,YFR052W,0,2.8246245,0.2844112813472748,0.6859999895095825,0.17260000109672546
YNR047W,YCR072C,0,2.8242695,0.28429341316223145,0.6859999895095825,0.17270000278949738
YOR239W,YDR140W,0,2.8240495,0.2841756343841553,0.6859999895095825,0.1728000044822693
YJL178C,YBR294W,0,2.8235822,0.28405797481536865,0.6859999895095825,0.1729000061750412
YML071C,YMR243C,0,2.8226447,0.2839404046535492,0.6859999895095825,0.17299999296665192
YPR001W,YDR211W,0,2.8206315,0.2838229238986969,0.6859999895095825,0.17309999465942383
YGR052W,YLR020C,0,2.8203645,0.28370553255081177,0.6859999895095825,0.17319999635219574
YLR258W,YMR131C,0,2.8201113,0.2835882604122162,0.6859999895095825,0.17329999804496765
YKL028W,YGL238W,0,2.819869,0.28347107768058777,0.6859999895095825,0.17339999973773956
YDR486C,YIL043C,0,2.8197849,0.2833539843559265,0.6859999895095825,0.17350000143051147
YDR190C,YJL127C,1,2.8188357,0.28364986181259155,0.6869999766349792,0.17350000143051147
YCR106W,YKL090W,0,2.8181791,0.2835327982902527,0.6869999766349792,0.1736000031232834
YIL069C,YCL001W,0,2.8177361,0.28341585397720337,0.6869999766349792,0.1737000048160553
YMR026C,YER046W,0,2.8175178,0.28329896926879883,0.6869999766349792,0.1738000065088272
YIL027C,YPR048W,0,2.8173504,0.28318220376968384,0.6869999766349792,0.17389999330043793
YMR208W,YCR065W,0,2.8163738,0.283065527677536,0.6869999766349792,0.17399999499320984
YDL243C,YKL135C,0,2.8155453,0.28294894099235535,0.6869999766349792,0.17409999668598175
YMR218C,YJL187C,0,2.815107,0.28283244371414185,0.6869999766349792,0.17419999837875366
YDL197C,YDR439W,1,2.8146672,0.2831275761127472,0.6880000233650208,0.17419999837875366
YGR179C,YDR238C,0,2.8134947,0.2830111086368561,0.6880000233650208,0.17430000007152557
YAR007C,YGL222C,0,2.813489,0.28289473056793213,0.6880000233650208,0.17440000176429749
YPL143W,YDR406W,0,2.813158,0.28277847170829773,0.6880000233650208,0.1745000034570694
YML067C,YPL064C,0,2.812973,0.2826622724533081,0.6880000233650208,0.1746000051498413
YBL085W,YDR150W,0,2.8128324,0.28254619240760803,0.6880000233650208,0.17470000684261322
YNL261W,YKR101W,1,2.8123603,0.2828407287597656,0.6890000104904175,0.17470000684261322
YOL135C,YKL143W,0,2.8119345,0.28272464871406555,0.6890000104904175,0.17479999363422394
YOR080W,YLR208W,0,2.8110256,0.28260868787765503,0.6890000104904175,0.17489999532699585
YKL052C,YDR235W,0,2.8097408,0.28249281644821167,0.6890000104904175,0.17499999701976776
YJR032W,YPL021W,0,2.809588,0.2823770344257355,0.6890000104904175,0.17509999871253967
YGR124W,YHR116W,0,2.8094907,0.28226137161254883,0.6890000104904175,0.17520000040531158
YMR049C,YPL004C,0,2.8082528,0.28214576840400696,0.6890000104904175,0.1753000020980835
YDR303C,YGL194C,1,2.8077407,0.28243961930274963,0.6899999976158142,0.1753000020980835
YJR092W,YIR025W,0,2.8076737,0.28232404589653015,0.6899999976158142,0.1754000037908554
YPL040C,YBR301W,0,2.8057728,0.2822085916996002,0.6899999976158142,0.17550000548362732
YDL197C,YGL112C,1,2.8048642,0.28250205516815186,0.6909999847412109,0.17550000548362732
YMR054W,YDL220C,0,2.8040404,0.2823866009712219,0.6909999847412109,0.17560000717639923
YIL069C,YBR257W,0,2.803484,0.28227123618125916,0.6909999847412109,0.17569999396800995
YDR372C,YER081W,0,2.8031793,0.28215599060058594,0.6909999847412109,0.17579999566078186
YDR265W,YJL071W,0,2.8021016,0.2820408046245575,0.6909999847412109,0.17589999735355377
YDR087C,YDR520C,0,2.801137,0.2819257378578186,0.6909999847412109,0.17599999904632568
YAL060W,YDL192W,0,2.800621,0.2818107604980469,0.6909999847412109,0.1761000007390976
YDR479C,YKL020C,0,2.8004122,0.2816958725452423,0.6909999847412109,0.1762000024318695
YKR057W,YJR076C,0,2.799549,0.2815811038017273,0.6909999847412109,0.17630000412464142
YDR389W,YOL064C,0,2.7994967,0.28146639466285706,0.6909999847412109,0.17640000581741333
YDR246W,YKL020C,0,2.798277,0.28135180473327637,0.6909999847412109,0.17649999260902405
YLR251W,YLR304C,0,2.7968466,0.28123727440834045,0.6909999847412109,0.17659999430179596
YKL005C,YDR082W,0,2.796156,0.2811228632926941,0.6909999847412109,0.17669999599456787
YJL048C,YNL085W,0,2.7958522,0.2810085415840149,0.6909999847412109,0.17679999768733978
YAL011W,YPR175W,1,2.7956493,0.281300812959671,0.6919999718666077,0.17679999768733978
YLL022C,YLR285W,1,2.79559,0.28159284591674805,0.6930000185966492,0.17679999768733978
YNL263C,YMR289W,0,2.7952902,0.2814784646034241,0.6930000185966492,0.1768999993801117
YDR373W,YNL268W,0,2.7940278,0.28136420249938965,0.6930000185966492,0.1770000010728836
YDR270W,YHR085W,0,2.7939548,0.28125,0.6930000185966492,0.17710000276565552
YNL065W,YGL063W,0,2.792945,0.2811359167098999,0.6930000185966492,0.17720000445842743
YFR010W,YNL318C,0,2.792749,0.2810218930244446,0.6930000185966492,0.17730000615119934
YOR357C,YHR109W,0,2.7917032,0.2809079885482788,0.6930000185966492,0.17739999294281006
YGL061C,YJL082W,0,2.789872,0.2807941734790802,0.6930000185966492,0.17749999463558197
YNL188W,YGL151W,0,2.7896113,0.28068044781684875,0.6930000185966492,0.17759999632835388
YMR290C,YCL024W,0,2.7893314,0.2805668115615845,0.6930000185966492,0.1776999980211258
YDR395W,YER013W,0,2.7885537,0.28045326471328735,0.6930000185966492,0.1777999997138977
YDL069C,YIR012W,0,2.788291,0.2803398072719574,0.6930000185966492,0.17790000140666962
YBR260C,YNR015W,0,2.7873652,0.2802264392375946,0.6930000185966492,0.17800000309944153
YDR234W,YBR260C,0,2.7870011,0.28011319041252136,0.6930000185966492,0.17810000479221344
YOR126C,YJL057C,0,2.7840466,0.2800000011920929,0.6930000185966492,0.17820000648498535
YFL037W,YOR167C,0,2.783607,0.2798869013786316,0.6930000185966492,0.17829999327659607
YBR155W,YDR226W,0,2.783316,0.27977392077445984,0.6930000185966492,0.17839999496936798
YKR008W,YOR279C,1,2.782919,0.28006458282470703,0.6940000057220459,0.17839999496936798
YGR009C,YKL196C,0,2.7819264,0.2799516022205353,0.6940000057220459,0.1784999966621399
YPR131C,YCR065W,0,2.7815456,0.2798387110233307,0.6940000057220459,0.1785999983549118
YGL210W,YBR183W,0,2.7811437,0.27972590923309326,0.6940000057220459,0.17870000004768372
YJL073W,YDL051W,0,2.7801647,0.2796132266521454,0.6940000057220459,0.17880000174045563
YKL069W,YJL079C,0,2.780067,0.2795006036758423,0.6940000057220459,0.17890000343322754
YER030W,YOR279C,1,2.779585,0.2797906696796417,0.6949999928474426,0.17890000343322754
YHR120W,YOR363C,0,2.779274,0.279678076505661,0.6949999928474426,0.17900000512599945
YNL044W,YLL057C,0,2.7790318,0.27956557273864746,0.6949999928474426,0.17910000681877136
YHR135C,YDR472W,0,2.77876,0.2794531583786011,0.6949999928474426,0.17919999361038208
YKL117W,YBR097W,0,2.77851,0.27934083342552185,0.6949999928474426,0.179299995303154
YOR046C,YOL151W,0,2.7781153,0.2792285978794098,0.6949999928474426,0.1793999969959259
YDR369C,YDL095W,0,2.7778726,0.2791164517402649,0.6949999928474426,0.17949999868869781
YIL135C,YDR481C,0,2.7777004,0.27900442481040955,0.6949999928474426,0.17960000038146973
YDR212W,YLR185W,0,2.7775455,0.278892457485199,0.6949999928474426,0.17970000207424164
YMR080C,YJR140C,1,2.7774868,0.27918171882629395,0.6959999799728394,0.17970000207424164
YDL093W,YER012W,0,2.7768946,0.27906978130340576,0.6959999799728394,0.17980000376701355
YIL113W,YOR092W,0,2.776712,0.27895790338516235,0.6959999799728394,0.17990000545978546
YIL135C,YJL200C,0,2.7766829,0.2788461446762085,0.6959999799728394,0.18000000715255737
YNR015W,YBL023C,0,2.7755241,0.2787344753742218,0.6959999799728394,0.1800999939441681
YMR061W,YKL010C,0,2.775191,0.27862289547920227,0.6959999799728394,0.18019999563694
YIR005W,YNL258C,0,2.7746148,0.2785114049911499,0.6959999799728394,0.18029999732971191
YJL024C,YOR020C,0,2.7739449,0.2784000039100647,0.6959999799728394,0.18039999902248383
YJL194W,YAL011W,1,2.7735696,0.2786885201931,0.6970000267028809,0.18039999902248383
YFL049W,YDR145W,1,2.7735338,0.27897682785987854,0.6980000138282776,0.18039999902248383
YDR300C,YDR410C,0,2.7732055,0.27886536717414856,0.6980000138282776,0.18050000071525574
YGL203C,YMR311C,0,2.7721148,0.27875399589538574,0.6980000138282776,0.18060000240802765
YJL080C,YPL235W,1,2.7717552,0.27904191613197327,0.6990000009536743,0.18060000240802765
YDR071C,YJR140C,1,2.7715206,0.2793295979499817,0.699999988079071,0.18060000240802765
YGL071W,YJL117W,0,2.7704673,0.2792181968688965,0.699999988079071,0.18070000410079956
YDL017W,YNR031C,0,2.770156,0.27910685539245605,0.699999988079071,0.18080000579357147
YMR205C,YHR030C,0,2.7696738,0.2789956033229828,0.699999988079071,0.1808999925851822
YOL086W-A,YMR229C,0,2.7693744,0.2788844704627991,0.699999988079071,0.1809999942779541
YCR018C,YJR131W,0,2.7675493,0.27877339720726013,0.699999988079071,0.181099995970726
YNR028W,YEL018W,0,2.7674978,0.27866241335868835,0.699999988079071,0.18119999766349792
YML063W,YDR218C,0,2.7673373,0.27855151891708374,0.699999988079071,0.18129999935626984
YCR093W,YDR041W,0,2.7670794,0.2784407436847687,0.699999988079071,0.18140000104904175
YER174C,YPL172C,0,2.766181,0.2783300280570984,0.699999988079071,0.18150000274181366
YOL004W,YPR162C,1,2.766007,0.27861684560775757,0.7009999752044678,0.18150000274181366
YKL164C,YOR123C,0,2.7651496,0.27850615978240967,0.7009999752044678,0.18160000443458557
YOR249C,YJL083W,0,2.7643757,0.27839556336402893,0.7009999752044678,0.18170000612735748
YPR162C,YHL025W,1,2.764168,0.27868202328681946,0.7020000219345093,0.18170000612735748
YDR205W,YGL144C,0,2.7639117,0.2785714268684387,0.7020000219345093,0.1817999929189682
YKL043W,YNL073W,0,2.7635727,0.27846091985702515,0.7020000219345093,0.1818999946117401
YNL065W,YLR295C,0,2.7630515,0.27835050225257874,0.7020000219345093,0.18199999630451202
YLL004W,YLR385C,1,2.7627516,0.27863654494285583,0.703000009059906,0.18199999630451202
YKL145W,YGR034W,0,2.7626686,0.2785261571407318,0.703000009059906,0.18209999799728394
YBL085W,YHR156C,0,2.762185,0.27841582894325256,0.703000009059906,0.18219999969005585
YER173W,YCR054C,0,2.7621667,0.27830561995506287,0.703000009059906,0.18230000138282776
YOL004W,YGL112C,1,2.7615075,0.27859121561050415,0.7039999961853027,0.18230000138282776
YBR245C,YMR223W,1,2.7613196,0.27887657284736633,0.7049999833106995,0.18230000138282776
YOR308C,YGR009C,0,2.7612329,0.27876630425453186,0.7049999833106995,0.18240000307559967
YBR297W,YDR146C,0,2.7608793,0.27865612506866455,0.7049999833106995,0.18250000476837158
YOL064C,YER109C,0,2.7594829,0.2785460352897644,0.7049999833106995,0.1826000064611435
YPL064C,YDR312W,0,2.75894,0.27843600511550903,0.7049999833106995,0.1826999932527542
YDR076W,YOL028C,0,2.758779,0.2783260941505432,0.7049999833106995,0.18279999494552612
YBR005W,YCR020C,0,2.7583776,0.27821627259254456,0.7049999833106995,0.18289999663829803
YBR001C,YNL230C,0,2.7567687,0.2781065106391907,0.7049999833106995,0.18299999833106995
YER032W,YGR014W,0,2.7565718,0.27799683809280396,0.7049999833106995,0.18310000002384186
YDL112W,YOL045W,0,2.7561278,0.2778872549533844,0.7049999833106995,0.18320000171661377
YEL029C,YDR107C,0,2.7555652,0.2777777910232544,0.7049999833106995,0.18330000340938568
YGL163C,YPR068C,1,2.7551374,0.27806222438812256,0.7059999704360962,0.18330000340938568
YNL238W,YPR073C,0,2.7550602,0.27795276045799255,0.7059999704360962,0.1834000051021576
YCR036W,YNL056W,0,2.7530837,0.2778433561325073,0.7059999704360962,0.1835000067949295
YDR527W,YDR313C,0,2.752111,0.27773407101631165,0.7059999704360962,0.18359999358654022
YLR337C,YOR018W,0,2.7518997,0.27762484550476074,0.7059999704360962,0.18369999527931213
YER008C,YFL011W,0,2.7515154,0.277515709400177,0.7059999704360962,0.18379999697208405
YGL240W,YAL029C,0,2.7514925,0.2774066925048828,0.7059999704360962,0.18389999866485596
YHR201C,YCR053W,0,2.7505379,0.2772977352142334,0.7059999704360962,0.18400000035762787
YNL199C,YNL291C,0,2.7505255,0.27718883752822876,0.7059999704360962,0.18410000205039978
YMR270C,YDR139C,0,2.7500978,0.27708005905151367,0.7059999704360962,0.1842000037431717
YDL105W,YPL129W,1,2.7494156,0.277363657951355,0.7070000171661377,0.1842000037431717
YPR068C,YGR116W,1,2.7493699,0.2776470482349396,0.7080000042915344,0.1842000037431717
YGR063C,YJL081C,1,2.7491536,0.27793022990226746,0.7089999914169312,0.1842000037431717
YMR061W,YNL025C,0,2.748067,0.27782130241394043,0.7089999914169312,0.1843000054359436
YOR332W,YHR099W,0,2.7469888,0.27771249413490295,0.7089999914169312,0.18440000712871552
YDL056W,YOL002C,0,2.7453732,0.27760374546051025,0.7089999914169312,0.18449999392032623
YJL140W,YMR204C,0,2.744121,0.2774951159954071,0.7089999914169312,0.18459999561309814
YJL085W,YER014C-A,0,2.7433777,0.27738654613494873,0.7089999914169312,0.18469999730587006
YOR127W,YPR132W,0,2.7429771,0.2772780656814575,0.7089999914169312,0.18479999899864197
YLR292C,YPL156C,0,2.7428956,0.27716967463493347,0.7089999914169312,0.18490000069141388
YBR222C,YER031C,0,2.7424092,0.2770613431930542,0.7089999914169312,0.1850000023841858
YKL028W,YBR043C,0,2.7415652,0.2769531309604645,0.7089999914169312,0.1851000040769577
YOL111C,YKR036C,0,2.7415457,0.27684497833251953,0.7089999914169312,0.18520000576972961
YBR006W,YDL143W,0,2.74083,0.27673691511154175,0.7089999914169312,0.18529999256134033
YPR005C,YJR010C-A,0,2.7396052,0.27662894129753113,0.7089999914169312,0.18539999425411224
YLR435W,YBR081C,0,2.7390146,0.27652105689048767,0.7089999914169312,0.18549999594688416
YIL138C,YOR224C,0,2.7382965,0.2764132618904114,0.7089999914169312,0.18559999763965607
YIL035C,YOR138C,0,2.7370918,0.27630552649497986,0.7089999914169312,0.18569999933242798
YOR233W,YNL302C,0,2.736884,0.2761979103088379,0.7089999914169312,0.1858000010251999
YDR218C,YOL065C,0,2.7365074,0.2760903537273407,0.7089999914169312,0.1859000027179718
YJL133W,YDR205W,0,2.7353444,0.27598288655281067,0.7089999914169312,0.1860000044107437
YOR290C,YLR059C,0,2.7347507,0.2758754789829254,0.7089999914169312,0.18610000610351562
YML058W-A,YCL057W,0,2.734244,0.2757681906223297,0.7089999914169312,0.18619999289512634
YMR070W,YOL109W,0,2.7339098,0.2756609618663788,0.7089999914169312,0.18629999458789825
YBR020W,YGR024C,0,2.7337594,0.275553822517395,0.7089999914169312,0.18639999628067017
YER033C,YGL158W,0,2.7331452,0.2754467725753784,0.7089999914169312,0.18649999797344208
YKL201C,YJL073W,0,2.7330933,0.275339812040329,0.7089999914169312,0.186599999666214
YBR176W,YHR076W,0,2.7329946,0.2752329111099243,0.7089999914169312,0.1867000013589859
YGR004W,YLR004C,0,2.732254,0.2751261293888092,0.7089999914169312,0.1868000030517578
YMR232W,YML034W,0,2.7294705,0.27501940727233887,0.7089999914169312,0.18690000474452972
YBR208C,YPL254W,0,2.728557,0.2749127447605133,0.7089999914169312,0.18700000643730164
YNL267W,YHR211W,0,2.7280521,0.2748062014579773,0.7089999914169312,0.18709999322891235
YCR038C,YGR162W,0,2.7271829,0.27469971776008606,0.7089999914169312,0.18719999492168427
YPR043W,YBR052C,0,2.726961,0.2745933532714844,0.7089999914169312,0.18729999661445618
YDR404C,YDR449C,0,2.7268362,0.2744870185852051,0.7089999914169312,0.1873999983072281
YGR193C,YIL120W,0,2.7267127,0.27438080310821533,0.7089999914169312,0.1875
YJR109C,YLR215C,0,2.7251391,0.27427464723587036,0.7089999914169312,0.1876000016927719
YFL048C,YGL213C,0,2.7251134,0.27416861057281494,0.7089999914169312,0.18770000338554382
YDR190C,YPL127C,1,2.724906,0.2744491696357727,0.7099999785423279,0.18770000338554382
YPL137C,YER020W,0,2.7241814,0.2743431329727173,0.7099999785423279,0.18780000507831573
YAL021C,YOL020W,0,2.72298,0.27423715591430664,0.7099999785423279,0.18790000677108765
YBL011W,YDL142C,0,2.7214766,0.27413126826286316,0.7099999785423279,0.18799999356269836
YJR155W,YDR289C,0,2.7214112,0.27402547001838684,0.7099999785423279,0.18809999525547028
YLL022C,YPL129W,1,2.7210608,0.2743055522441864,0.7110000252723694,0.18809999525547028
YNL330C,YNL059C,1,2.72044,0.27458542585372925,0.7120000123977661,0.18809999525547028
YML067C,YFL047W,0,2.716259,0.27447956800460815,0.7120000123977661,0.1881999969482422
YGR056W,YLR385C,1,2.714867,0.2747591435909271,0.7129999995231628,0.1881999969482422
YKL081W,YCR029C-A,0,2.7138333,0.2746533155441284,0.7129999995231628,0.1882999986410141
YPL094C,YGR135W,0,2.7117033,0.2745475471019745,0.7129999995231628,0.188400000333786
YER180C,YMR078C,0,2.7110176,0.2744418680667877,0.7129999995231628,0.18850000202655792
YLR102C,YPL174C,0,2.7107687,0.2743362784385681,0.7129999995231628,0.18860000371932983
YIR038C,YHR184W,0,2.7101536,0.2742307782173157,0.7129999995231628,0.18870000541210175
YLR197W,YPL213W,0,2.7101407,0.274125337600708,0.7129999995231628,0.18880000710487366
YJR153W,YOR136W,0,2.709647,0.2740199863910675,0.7129999995231628,0.18889999389648438
YGR083C,YDR244W,0,2.7094016,0.27391472458839417,0.7129999995231628,0.1889999955892563
YKR052C,YDR289C,0,2.7085838,0.2738095223903656,0.7129999995231628,0.1890999972820282
YGR188C,YBR168W,0,2.7083025,0.2737044095993042,0.7129999995231628,0.1891999989748001
YLR384C,YPR086W,0,2.7079086,0.27359938621520996,0.7129999995231628,0.18930000066757202
YOR323C,YAL034W-A,0,2.7072709,0.2734944522380829,0.7129999995231628,0.18940000236034393
YPL133C,YMR285C,0,2.7056623,0.2733895778656006,0.7129999995231628,0.18950000405311584
YNL199C,YOR219C,0,2.7050905,0.27328479290008545,0.7129999995231628,0.18960000574588776
YOR273C,YLR390W,0,2.704558,0.2731800675392151,0.7129999995231628,0.18970000743865967
YJR127C,YER081W,0,2.7022576,0.2730754613876343,0.7129999995231628,0.18979999423027039
YPL233W,YJR058C,0,2.7018826,0.27297091484069824,0.7129999995231628,0.1898999959230423
YCL008C,YJR065C,0,2.7000642,0.272866427898407,0.7129999995231628,0.1899999976158142
YFR038W,YGR246C,0,2.6986825,0.2727620601654053,0.7129999995231628,0.19009999930858612
YLR183C,YBR294W,0,2.6984153,0.27265775203704834,0.7129999995231628,0.19020000100135803
YER148W,YOR334W,0,2.6974468,0.2725535035133362,0.7129999995231628,0.19030000269412994
YMR019W,YOL123W,0,2.6961653,0.2724493741989136,0.7129999995231628,0.19040000438690186
YLR131C,YDR304C,0,2.6958675,0.27234530448913574,0.7129999995231628,0.19050000607967377
YBR286W,YER159C,0,2.694841,0.2722413241863251,0.7129999995231628,0.19059999287128448
YGL244W,YPL213W,0,2.694829,0.2721374034881592,0.7129999995231628,0.1906999945640564
YDR047W,YOR262W,0,2.6943636,0.27203357219696045,0.7129999995231628,0.1907999962568283
YDR419W,YLR344W,0,2.6935244,0.2719298303127289,0.7129999995231628,0.19089999794960022
YDR435C,YLR098C,0,2.6932619,0.2718261480331421,0.7129999995231628,0.19099999964237213
YER139C,YIL014W,0,2.692996,0.27172255516052246,0.7129999995231628,0.19110000133514404
YJL127C,YNL330C,1,2.6929212,0.2720000147819519,0.7139999866485596,0.19110000133514404
YKL051W,YPL188W,0,2.6923816,0.2718964219093323,0.7139999866485596,0.19120000302791595
YLR099C,YOL116W,0,2.6920667,0.2717929184436798,0.7139999866485596,0.19130000472068787
YFL013C,YKR008W,1,2.6919205,0.2720700204372406,0.7149999737739563,0.19130000472068787
YER019C-A,YGL147C,0,2.6904712,0.27196651697158813,0.7149999737739563,0.19140000641345978
YIL087C,YNL065W,0,2.6902566,0.2718631327152252,0.7149999737739563,0.1914999932050705
YMR270C,YBR084W,0,2.690185,0.2717597782611847,0.7149999737739563,0.1915999948978424
YJL072C,YKR009C,0,2.6899505,0.2716565430164337,0.7149999737739563,0.19169999659061432
YGR202C,YIL143C,0,2.6889086,0.2715533673763275,0.7149999737739563,0.19179999828338623
YLR305C,YMR125W,0,2.6886578,0.2714502513408661,0.7149999737739563,0.19189999997615814
YDL140C,YDL197C,1,2.688528,0.2717267572879791,0.7160000205039978,0.19189999997615814
YCL025C,YHR122W,0,2.687818,0.2716236710548401,0.7160000205039978,0.19200000166893005
YFL049W,YPL129W,1,2.687632,0.27189987897872925,0.7170000076293945,0.19200000166893005
YML098W,YLR115W,0,2.6873884,0.2717968225479126,0.7170000076293945,0.19210000336170197
YDR212W,YGL220W,0,2.6871753,0.2716938257217407,0.7170000076293945,0.19220000505447388
YER164W,YFR013W,1,2.6870584,0.2719697058200836,0.7179999947547913,0.19220000505447388
YLR260W,YBL089W,0,2.6866353,0.27186670899391174,0.7179999947547913,0.1923000067472458
YPL048W,YOL101C,0,2.6865766,0.27176380157470703,0.7179999947547913,0.1923999935388565
YGR040W,YPR086W,0,2.6853278,0.2716609835624695,0.7179999947547913,0.19249999523162842
YDR226W,YLR203C,0,2.684774,0.2715582549571991,0.7179999947547913,0.19259999692440033
YOL147C,YBL035C,0,2.6844878,0.2714555859565735,0.7179999947547913,0.19269999861717224
YDR039C,YMR075W,0,2.6833587,0.27135297656059265,0.7179999947547913,0.19280000030994415
YER046W,YDR062W,0,2.6829214,0.27125048637390137,0.7179999947547913,0.19290000200271606
YJR050W,YMR059W,0,2.6825492,0.27114802598953247,0.7179999947547913,0.19300000369548798
YNL339C,YHR129C,0,2.6824906,0.2710456848144531,0.7179999947547913,0.1931000053882599
YCR039C,YMR117C,0,2.6824589,0.27094340324401855,0.7179999947547913,0.1932000070810318
YER148W,YBR006W,0,2.6822877,0.27084118127822876,0.7179999947547913,0.19329999387264252
YGR199W,YLR467W,0,2.6807146,0.2707390785217285,0.7179999947547913,0.19339999556541443
YOR136W,YMR053C,0,2.680648,0.27063700556755066,0.7179999947547913,0.19349999725818634
YDR098C,YOR159C,0,2.679995,0.27053505182266235,0.7179999947547913,0.19359999895095825
YJR130C,YML094W,0,2.679008,0.2704331576824188,0.7179999947547913,0.19370000064373016
YBR260C,YDL210W,0,2.6788054,0.27033132314682007,0.7179999947547913,0.19380000233650208
YLR315W,YDR129C,0,2.678129,0.2702295780181885,0.7179999947547913,0.193900004029274
YCR060W,YLR127C,0,2.6763234,0.27012792229652405,0.7179999947547913,0.1940000057220459
YDR030C,YGR089W,0,2.6759477,0.2700263261795044,0.7179999947547913,0.1941000074148178
YNL227C,YOR207C,0,2.6755373,0.2699248194694519,0.7179999947547913,0.19419999420642853
YLR213C,YGR162W,0,2.6747732,0.2698233723640442,0.7179999947547913,0.19429999589920044
YIR005W,YOL045W,0,2.6747298,0.26972201466560364,0.7179999947547913,0.19439999759197235
YDR524C,YMR165C,0,2.6746178,0.26962071657180786,0.7179999947547913,0.19449999928474426
YMR264W,YIL090W,0,2.674273,0.26951950788497925,0.7179999947547913,0.19460000097751617
YAL039C,YOR241W,0,2.6734877,0.2694183886051178,0.7179999947547913,0.19470000267028809
YGR199W,YDR520C,0,2.6734157,0.2693173289299011,0.7179999947547913,0.19480000436306
YNL233W,YDR243C,0,2.6732187,0.2692163586616516,0.7179999947547913,0.1949000060558319
YPR036W,YNL314W,0,2.6721687,0.2691154479980469,0.7179999947547913,0.19499999284744263
YOR143C,YMR183C,0,2.6718054,0.2690146267414093,0.7179999947547913,0.19509999454021454
YLR234W,YJL005W,0,2.6701658,0.2689138650894165,0.7179999947547913,0.19519999623298645
YBR261C,YBR162C,0,2.6671338,0.26881319284439087,0.7179999947547913,0.19529999792575836
YPR031W,YDR080W,0,2.6667433,0.26871258020401,0.7179999947547913,0.19539999961853027
YMR127C,YMR223W,1,2.6667354,0.26898616552352905,0.718999981880188,0.19539999961853027
YER087C-B,YPL135W,0,2.6666703,0.2688855528831482,0.718999981880188,0.19550000131130219
YGR077C,YBL022C,0,2.6662107,0.2687850594520569,0.718999981880188,0.1956000030040741
YMR053C,YFL044C,0,2.665828,0.26868459582328796,0.718999981880188,0.195700004696846
YMR175W,YJL168C,0,2.6654987,0.2685842216014862,0.718999981880188,0.19580000638961792
YPL258C,YCL031C,0,2.6651106,0.2684839367866516,0.718999981880188,0.19589999318122864
YDR219C,YJL019W,0,2.6646733,0.2683837115764618,0.718999981880188,0.19599999487400055
YER072W,YDR368W,0,2.664463,0.26828357577323914,0.718999981880188,0.19609999656677246
YDR301W,YLR249W,0,2.6641116,0.26818349957466125,0.718999981880188,0.19619999825954437
YDR268W,YGR099W,0,2.6632223,0.26808351278305054,0.718999981880188,0.19629999995231628
YMR176W,YIL128W,0,2.6631298,0.2679835855960846,0.718999981880188,0.1964000016450882
YOR278W,YDR447C,0,2.6623864,0.2678837478160858,0.718999981880188,0.1965000033378601
YDL208W,YDR304C,0,2.6623158,0.2677839994430542,0.718999981880188,0.19660000503063202
YGL190C,YOR212W,0,2.661878,0.26768428087234497,0.718999981880188,0.19670000672340393
YBL013W,YBR274W,0,2.6611276,0.2675846815109253,0.718999981880188,0.19679999351501465
YMR159C,YHR082C,0,2.660977,0.267485111951828,0.718999981880188,0.19689999520778656
YDR472W,YBL093C,0,2.6607118,0.2673856317996979,0.718999981880188,0.19699999690055847
YAL012W,YPR043W,0,2.6598141,0.2672862410545349,0.718999981880188,0.19709999859333038
YDR448W,YHR179W,0,2.659182,0.2671869099140167,0.718999981880188,0.1972000002861023
YAL019W,YLL027W,0,2.658226,0.2670876681804657,0.718999981880188,0.1973000019788742
YPL131W,YER112W,0,2.65737,0.26698848605155945,0.718999981880188,0.19740000367164612
YNL026W,YCL067C,0,2.6573312,0.26688939332962036,0.718999981880188,0.19750000536441803
YMR276W,YFR030W,0,2.6572475,0.26679036021232605,0.718999981880188,0.19760000705718994
YGR118W,YLR353W,0,2.657123,0.2666913866996765,0.718999981880188,0.19769999384880066
YJL090C,YOR162C,0,2.6561382,0.26659250259399414,0.718999981880188,0.19779999554157257
YIL061C,YEL040W,0,2.6556504,0.26649370789527893,0.718999981880188,0.19789999723434448
YML042W,YDR281C,0,2.654766,0.2663949728012085,0.718999981880188,0.1979999989271164
YHR129C,YLR390W-A,0,2.6541388,0.26629629731178284,0.718999981880188,0.1981000006198883
YFR005C,YKL180W,0,2.6539512,0.26619771122932434,0.718999981880188,0.19820000231266022
YML041C,YBR289W,1,2.6538591,0.266469269990921,0.7200000286102295,0.19820000231266022
YLR442C,YNL107W,1,2.653699,0.2667406499385834,0.7210000157356262,0.19820000231266022
YDL099W,YGL031C,0,2.6532521,0.2666420042514801,0.7210000157356262,0.19830000400543213
YPL095C,YOR014W,0,2.6528935,0.266543447971344,0.7210000157356262,0.19840000569820404
YPL147W,YGL119W,0,2.6528118,0.26644495129585266,0.7210000157356262,0.19850000739097595
YJR084W,YGL233W,0,2.6523745,0.2663465142250061,0.7210000157356262,0.19859999418258667
YFL004W,YML032C,0,2.6504664,0.2662481665611267,0.7210000157356262,0.19869999587535858
YER159C,YDR128W,0,2.64996,0.2661498785018921,0.7210000157356262,0.1987999975681305
YOR363C,YKL189W,0,2.6497648,0.26605165004730225,0.7210000157356262,0.1988999992609024
YGR175C,YNL290W,0,2.649349,0.26595351099967957,0.7210000157356262,0.19900000095367432
YOL002C,YIL053W,0,2.6488729,0.26585546135902405,0.7210000157356262,0.19910000264644623
YGL092W,YOL042W,0,2.6481981,0.2657574713230133,0.7210000157356262,0.19920000433921814
YIL148W,YJL046W,0,2.647858,0.26565954089164734,0.7210000157356262,0.19930000603199005
YIL144W,YJL045W,0,2.6474795,0.26556169986724854,0.7210000157356262,0.19939999282360077
YDR315C,YJL079C,0,2.6469278,0.2654639184474945,0.7210000157356262,0.19949999451637268
YFR050C,YHR207C,0,2.646925,0.26536622643470764,0.7210000157356262,0.1995999962091446
YPL091W,YGR191W,0,2.6468923,0.26526859402656555,0.7210000157356262,0.1996999979019165
YMR005W,YKL212W,0,2.6461344,0.26517102122306824,0.7210000157356262,0.19979999959468842
YDR486C,YGL174W,0,2.645853,0.2650735378265381,0.7210000157356262,0.19990000128746033
YOR127W,YIL011W,0,2.6442592,0.2649761140346527,0.7210000157356262,0.20000000298023224
YNL282W,YOR045W,0,2.6441774,0.2648787796497345,0.7210000157356262,0.20010000467300415
YDL197C,YBR195C,1,2.6433167,0.26514872908592224,0.722000002861023,0.20010000467300415
YHR056C,YDR334W,1,2.6423922,0.26541849970817566,0.7229999899864197,0.20010000467300415
YMR149W,YML088W,0,2.6420686,0.26532110571861267,0.7229999899864197,0.20020000636577606
YPL154C,YPR194C,0,2.6417432,0.26522377133369446,0.7229999899864197,0.20029999315738678
YNL129W,YKL042W,0,2.6413598,0.2651265263557434,0.7229999899864197,0.2003999948501587
YBR043C,YOL078W,0,2.6407647,0.26502931118011475,0.7229999899864197,0.2004999965429306
YMR192W,YPL221W,0,2.6395855,0.26493221521377563,0.7229999899864197,0.20059999823570251
YHL036W,YKL052C,0,2.6390772,0.2648351788520813,0.7229999899864197,0.20069999992847443
YIL078W,YDR441C,0,2.6389995,0.26473820209503174,0.7229999899864197,0.20080000162124634
YDR265W,YML112W,0,2.637919,0.26464128494262695,0.7229999899864197,0.20090000331401825
YPL221W,YPL195W,0,2.637755,0.26454445719718933,0.7229999899864197,0.20100000500679016
YGR134W,YIL093C,0,2.6355796,0.2644476890563965,0.7229999899864197,0.20110000669956207
YPL018W,YKR094C,0,2.6353817,0.2643510103225708,0.7229999899864197,0.2011999934911728
YFR015C,YPR048W,0,2.6351407,0.2642543911933899,0.7229999899864197,0.2012999951839447
YBR268W,YLR360W,0,2.6336122,0.26415783166885376,0.7229999899864197,0.2013999968767166
YDL184C,YJL124C,0,2.6334224,0.2640613615512848,0.7229999899864197,0.20149999856948853
YMR070W,YOR320C,0,2.6332674,0.2639649510383606,0.7229999899864197,0.20160000026226044
YER050C,YLR286C,0,2.6322155,0.2638686001300812,0.7229999899864197,0.20170000195503235
YOR301W,YKR059W,0,2.6318755,0.2637723386287689,0.7229999899864197,0.20180000364780426
YPR006C,YJR006W,0,2.6317825,0.26367613673210144,0.7229999899864197,0.20190000534057617
YFL047W,YLR439W,0,2.6308737,0.2635800242424011,0.7229999899864197,0.20200000703334808
YGL083W,YKR055W,0,2.6302867,0.2634839713573456,0.7229999899864197,0.2020999938249588
YLR026C,YDR288W,0,2.6296995,0.2633879780769348,0.7229999899864197,0.2021999955177307
YJR010C-A,YPR189W,0,2.6296234,0.2632920742034912,0.7229999899864197,0.20229999721050262
YGR288W,YGR135W,0,2.629156,0.26319620013237,0.7229999899864197,0.20239999890327454
YMR302C,YER002W,0,2.6289535,0.26310044527053833,0.7229999899864197,0.20250000059604645
YDL225W,YHR079C,0,2.6288009,0.26300472021102905,0.7229999899864197,0.20260000228881836
YLR192C,YKR055W,0,2.6285288,0.26290908455848694,0.7229999899864197,0.20270000398159027
YER029C,YPL135W,0,2.6277072,0.2628135085105896,0.7229999899864197,0.20280000567436218
YHR066W,YJR031C,0,2.6273232,0.2627180218696594,0.7229999899864197,0.2029000073671341
YOL120C,YPR169W,0,2.626776,0.262622594833374,0.7229999899864197,0.2029999941587448
YDR512C,YLR286C,0,2.6259804,0.2625272274017334,0.7229999899864197,0.20309999585151672
YBL079W,YDL130W,0,2.6251142,0.26243194937705994,0.7229999899864197,0.20319999754428864
YER185W,YGL158W,0,2.6245923,0.26233673095703125,0.7229999899864197,0.20329999923706055
YNL066W,YIL135C,0,2.6244996,0.26224157214164734,0.7229999899864197,0.20340000092983246
YNL007C,YOL092W,0,2.6224146,0.2621464729309082,0.7229999899864197,0.20350000262260437
YNL261W,YGR002C,1,2.6222296,0.2624139189720154,0.7239999771118164,0.20350000262260437
YMR307W,YGR120C,0,2.6220489,0.26231884956359863,0.7239999771118164,0.20360000431537628
YBR089C-A,YNL059C,1,2.62191,0.2625860273838043,0.7250000238418579,0.20360000431537628
YEL059C-A,YLR314C,0,2.6211867,0.2624909579753876,0.7250000238418579,0.2037000060081482
YDR440W,YDR410C,0,2.6206908,0.2623959481716156,0.7250000238418579,0.2037999927997589
YDR287W,YKL138C-A,0,2.6206188,0.2623010277748108,0.7250000238418579,0.20389999449253082
YNL261W,YMR091C,1,2.6203675,0.26256781816482544,0.7260000109672546,0.20389999449253082
YPL252C,YML032C,0,2.6202254,0.26247289776802063,0.7260000109672546,0.20399999618530273
YJL179W,YDR002W,0,2.6201797,0.2623780369758606,0.7260000109672546,0.20409999787807465
YNL310C,YLR363C,0,2.6186888,0.26228323578834534,0.7260000109672546,0.20419999957084656
YOR119C,YLR201C,0,2.6183972,0.26218852400779724,0.7260000109672546,0.20430000126361847
YOL072W,YLR204W,0,2.6179466,0.2620938718318939,0.7260000109672546,0.20440000295639038
YJL011C,YOL011W,0,2.6175044,0.2619992792606354,0.7260000109672546,0.2045000046491623
YHR041C,YLL013C,0,2.6174989,0.261904776096344,0.7260000109672546,0.2046000063419342
YDR071C,YMR080C,1,2.617054,0.2621709406375885,0.7269999980926514,0.2046000063419342
YML036W,YER017C,0,2.6169543,0.2620764374732971,0.7269999980926514,0.20469999313354492
YGL168W,YMR301C,0,2.616455,0.2619819939136505,0.7269999980926514,0.20479999482631683
YGL028C,YJR052W,0,2.6154108,0.2618876099586487,0.7269999980926514,0.20489999651908875
YHL004W,YBL035C,0,2.615108,0.261793315410614,0.7269999980926514,0.20499999821186066
YBL079W,YIR015W,0,2.6148388,0.26169905066490173,0.7269999980926514,0.20509999990463257
YCL063W,YER167W,0,2.6146557,0.261604905128479,0.7269999980926514,0.20520000159740448
YFL013C,YOR244W,1,2.6144605,0.26187050342559814,0.7279999852180481,0.20520000159740448
YPR046W,YJR089W,0,2.6140995,0.261776328086853,0.7279999852180481,0.2053000032901764
YDR246W,YIL171W,0,2.6130552,0.2616822421550751,0.7279999852180481,0.2054000049829483
YMR282C,YPR057W,0,2.6126027,0.2615882158279419,0.7279999852180481,0.20550000667572021
YJL162C,YDR254W,0,2.612082,0.2614942491054535,0.7279999852180481,0.20559999346733093
YOR346W,YMR261C,0,2.6118298,0.26140037178993225,0.7279999852180481,0.20569999516010284
YHR061C,YMR125W,0,2.6115103,0.2613065242767334,0.7279999852180481,0.20579999685287476
YJR158W,YDR217C,0,2.6100328,0.2612127661705017,0.7279999852180481,0.20589999854564667
YMR316W,YPR186C,0,2.6091108,0.2611190676689148,0.7279999852180481,0.20600000023841858
YKL183W,YPR002W,0,2.6085632,0.26102545857429504,0.7279999852180481,0.2061000019311905
YGL003C,YLR120C,0,2.6084766,0.26093190908432007,0.7279999852180481,0.2062000036239624
YMR036C,YNL268W,0,2.6079779,0.26083841919898987,0.7279999852180481,0.20630000531673431
YOL129W,YDR383C,0,2.6079092,0.26074498891830444,0.7279999852180481,0.20640000700950623
YFL010W-A,YKL004W,0,2.6076908,0.2606516182422638,0.7279999852180481,0.20649999380111694
YER060W-A,YKL201C,0,2.6064987,0.2605583369731903,0.7279999852180481,0.20659999549388885
YDR469W,YBL035C,0,2.6059923,0.2604651153087616,0.7279999852180481,0.20669999718666077
YPR106W,YNL044W,0,2.6059499,0.26037195324897766,0.7279999852180481,0.20679999887943268
YAL033W,YDR107C,0,2.6046429,0.2602788805961609,0.7279999852180481,0.2069000005722046
YIL051C,YOL136C,0,2.60447,0.2601858377456665,0.7279999852180481,0.2070000022649765
YMR109W,YLR192C,0,2.6039765,0.2600928843021393,0.7279999852180481,0.2071000039577484
YOL111C,YLR268W,0,2.6023536,0.25999999046325684,0.7279999852180481,0.20720000565052032
YOR177C,YFR005C,0,2.6020997,0.25990718603134155,0.7279999852180481,0.20730000734329224
YGR124W,YDR047W,0,2.6015744,0.25981441140174866,0.7279999852180481,0.20739999413490295
YER033C,YPL178W,0,2.6005416,0.2597217261791229,0.7279999852180481,0.20749999582767487
YML077W,YBL055C,0,2.600027,0.25962910056114197,0.7279999852180481,0.20759999752044678
YKL041W,YDR380W,0,2.5998049,0.2595365345478058,0.7279999852180481,0.2076999992132187
YLR206W,YBR180W,0,2.599212,0.25944405794143677,0.7279999852180481,0.2078000009059906
YOR242C,YOR037W,0,2.5990639,0.25935161113739014,0.7279999852180481,0.2079000025987625
YHR118C,YBR245C,1,2.599008,0.25961539149284363,0.7289999723434448,0.2079000025987625
YML127W,YMR227C,1,2.598588,0.2598789632320404,0.7300000190734863,0.2079000025987625
YBR050C,YOR298W,0,2.597923,0.2597864866256714,0.7300000190734863,0.20800000429153442
YOR244W,YPR175W,1,2.5971317,0.2600497901439667,0.7310000061988831,0.20800000429153442
YDL170W,YHL006C,0,2.5962715,0.25995731353759766,0.7310000061988831,0.20810000598430634
YDR227W,YGR178C,0,2.59544,0.2598649263381958,0.7310000061988831,0.20819999277591705
YOR242C,YIL042C,0,2.5954032,0.25977256894111633,0.7310000061988831,0.20829999446868896
YBL091C,YHR164C,0,2.5953975,0.25968027114868164,0.7310000061988831,0.20839999616146088
YGL173C,YDR217C,0,2.594523,0.2595880627632141,0.7310000061988831,0.2084999978542328
YOR332W,YML112W,0,2.594253,0.25949591398239136,0.7310000061988831,0.2085999995470047
YOR127W,YHR105W,0,2.590702,0.2594038248062134,0.7310000061988831,0.2087000012397766
YDR453C,YKL196C,0,2.5905576,0.25931182503700256,0.7310000061988831,0.20880000293254852
YCR029C-A,YGR184C,0,2.590063,0.25921985507011414,0.7310000061988831,0.20890000462532043
YDL197C,YPL153C,1,2.5899463,0.2594824433326721,0.7319999933242798,0.20890000462532043
YHR117W,YAL034W-A,0,2.5888643,0.2593905031681061,0.7319999933242798,0.20900000631809235
YNL038W,YDR212W,0,2.588798,0.2592986226081848,0.7319999933242798,0.20909999310970306
YER030W,YCL061C,1,2.587469,0.2595609128475189,0.7329999804496765,0.20909999310970306
YMR292W,YDR165W,0,2.5869942,0.25946903228759766,0.7329999804496765,0.20919999480247498
YDR080W,YNL145W,0,2.5859437,0.25937721133232117,0.7329999804496765,0.2092999964952469
YML034W,YBR180W,0,2.5857267,0.25928544998168945,0.7329999804496765,0.2093999981880188
YMR153W,YDR175C,0,2.5851555,0.2591937780380249,0.7329999804496765,0.2094999998807907
YMR061W,YKL052C,0,2.5851326,0.2591021656990051,0.7329999804496765,0.20960000157356262
YDR384C,YMR078C,0,2.5843341,0.2590106129646301,0.7329999804496765,0.20970000326633453
YCR077C,YGR238C,0,2.5842547,0.2589191198348999,0.7329999804496765,0.20980000495910645
YIL126W,YMR223W,1,2.5832467,0.25918078422546387,0.734000027179718,0.20980000495910645
YDL216C,YMR109W,0,2.5831845,0.25908929109573364,0.734000027179718,0.20990000665187836
YDL102W,YDR011W,0,2.581483,0.2589978873729706,0.734000027179718,0.20999999344348907
YER088C,YPL129W,1,2.5810237,0.25925925374031067,0.7350000143051147,0.20999999344348907
YML059C,YBL074C,0,2.5808997,0.2591678500175476,0.7350000143051147,0.210099995136261
YBL060W,YKL067W,0,2.580566,0.25907647609710693,0.7350000143051147,0.2101999968290329
YBR180W,YOR048C,0,2.5802531,0.2589851915836334,0.7350000143051147,0.2102999985218048
YIL119C,YIL053W,0,2.5799708,0.2588939666748047,0.7350000143051147,0.21040000021457672
YJL056C,YHR129C,0,2.5798695,0.2588028311729431,0.7350000143051147,0.21050000190734863
YDR361C,YOR054C,0,2.5797644,0.25871172547340393,0.7350000143051147,0.21060000360012054
YLR106C,YOL070C,0,2.5789728,0.2586206793785095,0.7350000143051147,0.21070000529289246
YGL240W,YPL021W,0,2.5780025,0.2585297226905823,0.7350000143051147,0.21080000698566437
YPL100W,YBR055C,0,2.577442,0.2584388256072998,0.7350000143051147,0.21089999377727509
YOR036W,YBL055C,0,2.5771806,0.2583479881286621,0.7350000143051147,0.210999995470047
YER007W,YBL092W,0,2.5763195,0.2582572102546692,0.7350000143051147,0.2110999971628189
YDR041W,YER036C,0,2.5762477,0.25816649198532104,0.7350000143051147,0.21119999885559082
YHL025W,YKR019C,1,2.576025,0.2584269642829895,0.7360000014305115,0.21119999885559082
YDR279W,YOR126C,0,2.5759993,0.25833624601364136,0.7360000014305115,0.21130000054836273
YEL061C,YLR078C,0,2.575004,0.2582456171512604,0.7360000014305115,0.21140000224113464
YKL198C,YDR350C,0,2.5749435,0.25815504789352417,0.7360000014305115,0.21150000393390656
YPL060W,YMR039C,0,2.574871,0.25806450843811035,0.7360000014305115,0.21160000562667847
YIL154C,YLR200W,0,2.572196,0.2579740583896637,0.7360000014305115,0.21170000731945038
YKL041W,YOL076W,0,2.5718765,0.2578836679458618,0.7360000014305115,0.2117999941110611
YGL174W,YLL013C,0,2.5713892,0.2577933371067047,0.7360000014305115,0.211899995803833
YBL031W,YBL011W,0,2.5707686,0.25770309567451477,0.7360000014305115,0.21199999749660492
YKL166C,YNR024W,0,2.5694199,0.2576128840446472,0.7360000014305115,0.21209999918937683
YEL069C,YMR075W,0,2.569376,0.25752273201942444,0.7360000014305115,0.21220000088214874
YLR394W,YPR054W,0,2.5693498,0.2574326694011688,0.7360000014305115,0.21230000257492065
YDR055W,YIL036W,0,2.5693483,0.257342666387558,0.7360000014305115,0.21240000426769257
YPL171C,YML049C,0,2.5688453,0.2572527229785919,0.7360000014305115,0.21250000596046448
YLL003W,YHR031C,0,2.5685863,0.25716280937194824,0.7360000014305115,0.2125999927520752
YAL048C,YBR066C,0,2.5684328,0.2570730149745941,0.7360000014305115,0.2126999944448471
YGR199W,YDL082W,0,2.5682874,0.2569832503795624,0.7360000014305115,0.21279999613761902
YCL027W,YJR150C,0,2.567498,0.2568935453891754,0.7360000014305115,0.21289999783039093
YPR149W,YOL020W,0,2.5671098,0.2568039000034332,0.7360000014305115,0.21299999952316284
YGL003C,YHR148W,0,2.5664444,0.2567143440246582,0.7360000014305115,0.21310000121593475
YMR061W,YDR412W,0,2.566258,0.25662481784820557,0.7360000014305115,0.21320000290870667
YGL092W,YOR264W,0,2.566021,0.2565353810787201,0.7360000014305115,0.21330000460147858
YLR190W,YOL019W,0,2.5659618,0.2564460039138794,0.7360000014305115,0.2134000062942505
YGL037C,YGL194C,1,2.5654097,0.25670498609542847,0.7369999885559082,0.2134000062942505
YNL133C,YNL273W,0,2.5648322,0.25661560893058777,0.7369999885559082,0.2134999930858612
YCL029C,YLR080W,0,2.5644841,0.25652629137039185,0.7369999885559082,0.21359999477863312
YNL039W,YNL048W,0,2.563755,0.2564370334148407,0.7369999885559082,0.21369999647140503
YOL040C,YNL283C,0,2.5630424,0.2563478350639343,0.7369999885559082,0.21379999816417694
YPR180W,YJL103C,0,2.5622482,0.25625869631767273,0.7369999885559082,0.21389999985694885
YNL216W,YBR125C,0,2.5620136,0.2561696171760559,0.7369999885559082,0.21400000154972076
YOR386W,YGR156W,0,2.5618367,0.25608059763908386,0.7369999885559082,0.21410000324249268
YDR469W,YDL043C,0,2.5617993,0.255991667509079,0.7369999885559082,0.2142000049352646
YDR533C,YPR008W,0,2.5609329,0.2559027671813965,0.7369999885559082,0.2143000066280365
YER104W,YPR016C,0,2.5606284,0.25581395626068115,0.7369999885559082,0.21439999341964722
YOL062C,YKL212W,0,2.5605445,0.2557252049446106,0.7369999885559082,0.21449999511241913
YDL243C,YKR090W,0,2.5604038,0.2556364834308624,0.7369999885559082,0.21459999680519104
YKL173W,YHR148W,0,2.5602007,0.2555478513240814,0.7369999885559082,0.21469999849796295
YGL198W,YPR194C,0,2.5599208,0.2554592788219452,0.7369999885559082,0.21480000019073486
YDR021W,YDL107W,0,2.559801,0.25537076592445374,0.7369999885559082,0.21490000188350677
YDL210W,YIL128W,0,2.5596828,0.25528231263160706,0.7369999885559082,0.2150000035762787
YER171W,YMR194W,0,2.5591226,0.25519391894340515,0.7369999885559082,0.2151000052690506
YHL021C,YPL028W,0,2.5587296,0.255105584859848,0.7369999885559082,0.2152000069618225
YBR207W,YBR213W,0,2.5585494,0.25501731038093567,0.7369999885559082,0.21529999375343323
YMR065W,YBR296C,0,2.5576656,0.2549290955066681,0.7369999885559082,0.21539999544620514
YJL089W,YHR215W,0,2.5569918,0.2548409402370453,0.7369999885559082,0.21549999713897705
YPL252C,YER063W,0,2.555889,0.25475284457206726,0.7369999885559082,0.21559999883174896
YMR193W,YJL078C,0,2.5554152,0.2546648383140564,0.7369999885559082,0.21570000052452087
YER023W,YMR025W,0,2.5546355,0.2545768618583679,0.7369999885559082,0.21580000221729279
YOL040C,YCR037C,0,2.5543866,0.2544889450073242,0.7369999885559082,0.2159000039100647
YOR259C,YGR145W,0,2.5535827,0.2544011175632477,0.7369999885559082,0.2160000056028366
YLR312W-A,YPL085W,0,2.5525613,0.25431331992149353,0.7369999885559082,0.21610000729560852
YAR018C,YOR239W,0,2.551587,0.25422558188438416,0.7369999885559082,0.21619999408721924
YOR032C,YDR281C,0,2.5507603,0.25413793325424194,0.7369999885559082,0.21629999577999115
YLL008W,YHR165C,0,2.5501003,0.2540503144264221,0.7369999885559082,0.21639999747276306
YPL143W,YKR095W,0,2.548603,0.25396278500556946,0.7369999885559082,0.21649999916553497
YGR159C,YPR081C,0,2.547821,0.2538753151893616,0.7369999885559082,0.21660000085830688
YNL044W,YIL109C,0,2.5477495,0.2537878751754761,0.7369999885559082,0.2167000025510788
YER088C,YGL194C,1,2.547668,0.2540447413921356,0.7379999756813049,0.2167000025510788
YLR206W,YOR048C,0,2.5475817,0.2539573311805725,0.7379999756813049,0.2168000042438507
YOR349W,YMR023C,0,2.5474453,0.2538699805736542,0.7379999756813049,0.21690000593662262
YJL090C,YLR395C,0,2.547223,0.2537826597690582,0.7379999756813049,0.21699999272823334
YML074C,YIL061C,0,2.5471869,0.25369542837142944,0.7379999756813049,0.21709999442100525
YGR056W,YBR089C-A,1,2.5463467,0.25395187735557556,0.7390000224113464,0.21709999442100525
YPL153C,YLR085C,1,2.5462544,0.25420817732810974,0.7400000095367432,0.21709999442100525
YMR296C,YGL210W,0,2.545268,0.2541208863258362,0.7400000095367432,0.21719999611377716
YOR209C,YPL127C,1,2.5449135,0.25437691807746887,0.7409999966621399,0.21719999611377716
YAL033W,YIR006C,0,2.5443325,0.2542896270751953,0.7409999966621399,0.21729999780654907
YIR018W,YOR249C,0,2.544016,0.25420239567756653,0.7409999966621399,0.21739999949932098
YDR103W,YPR032W,0,2.5432286,0.2541152238845825,0.7409999966621399,0.2175000011920929
YDR441C,YKL080W,0,2.5430562,0.2540281116962433,0.7409999966621399,0.2176000028848648
YLR442C,YPL129W,1,2.5424318,0.25428375601768494,0.7419999837875366,0.2176000028848648
YBL088C,YLR016C,0,2.5417418,0.2541966438293457,0.7419999837875366,0.21770000457763672
YLR316C,YBR052C,0,2.5406647,0.25410959124565125,0.7419999837875366,0.21780000627040863
YDL065C,YGL128C,0,2.5404086,0.25402259826660156,0.7419999837875366,0.21789999306201935
YIL011W,YPR007C,0,2.5404043,0.25393566489219666,0.7419999837875366,0.21799999475479126
YLR357W,YDR334W,1,2.540327,0.2541908919811249,0.7429999709129333,0.21799999475479126
YGR063C,YOR244W,1,2.5402899,0.25444597005844116,0.7440000176429749,0.21799999475479126
YKR036C,YKL182W,0,2.5402484,0.2543589770793915,0.7440000176429749,0.21809999644756317
YER025W,YIL134W,0,2.5400867,0.2542720437049866,0.7440000176429749,0.21819999814033508
YJL052W,YOL109W,0,2.5397263,0.25418516993522644,0.7440000176429749,0.218299999833107
YJL196C,YLR115W,0,2.537684,0.2540983557701111,0.7440000176429749,0.2184000015258789
YDR023W,YBR158W,0,2.5361574,0.2540116012096405,0.7440000176429749,0.21850000321865082
YPR125W,YPR141C,0,2.5359354,0.2539249062538147,0.7440000176429749,0.21860000491142273
YLR248W,YGR254W,0,2.5339565,0.25383827090263367,0.7440000176429749,0.21870000660419464
YML058W-A,YIL136W,0,2.5331695,0.2537516951560974,0.7440000176429749,0.21879999339580536
YGR274C,YBL052C,1,2.5326307,0.25400614738464355,0.7450000047683716,0.21879999339580536
YPL113C,YNL066W,0,2.5322962,0.2539195716381073,0.7450000047683716,0.21889999508857727
YGR123C,YNR015W,0,2.531218,0.2538330554962158,0.7450000047683716,0.21899999678134918
YCR035C,YKR055W,0,2.5307283,0.2537465989589691,0.7450000047683716,0.2190999984741211
YGR056W,YPL153C,1,2.5306005,0.2540006935596466,0.7459999918937683,0.2190999984741211
YOL031C,YCL055W,0,2.530199,0.2539142370223999,0.7459999918937683,0.219200000166893
YCR077C,YEL017C-A,0,2.530025,0.253827840089798,0.7459999918937683,0.21930000185966492
YGL098W,YOR219C,0,2.5299892,0.2537415027618408,0.7459999918937683,0.21940000355243683
YDR437W,YPL218W,0,2.5297012,0.25365522503852844,0.7459999918937683,0.21950000524520874
YOL055C,YHR079C,0,2.5292306,0.25356900691986084,0.7459999918937683,0.21960000693798065
YPR198W,YML055W,0,2.5288653,0.253482848405838,0.7459999918937683,0.21969999372959137
YHR186C,YDR041W,0,2.528676,0.25339674949645996,0.7459999918937683,0.21979999542236328
YDR337W,YOL125W,0,2.5280094,0.2533107101917267,0.7459999918937683,0.2198999971151352
YDL230W,YBL023C,0,2.5278764,0.2532247006893158,0.7459999918937683,0.2199999988079071
YMR054W,YOR191W,0,2.5273023,0.25313878059387207,0.7459999918937683,0.22010000050067902
YIL138C,YHR168W,0,2.526968,0.2530529201030731,0.7459999918937683,0.22020000219345093
YDL202W,YBR131W,0,2.5267103,0.25296711921691895,0.7459999918937683,0.22030000388622284
YHR214W,YDR513W,0,2.5257125,0.25288134813308716,0.7459999918937683,0.22040000557899475
YDR508C,YPR006C,0,2.5247893,0.25279566645622253,0.7459999918937683,0.22050000727176666
YOR211C,YJL008C,0,2.5244532,0.2527100145816803,0.7459999918937683,0.22059999406337738
YLR170C,YNL314W,0,2.5242186,0.2526244521141052,0.7459999918937683,0.2206999957561493
YKR048C,YCL061C,1,2.5241158,0.25287744402885437,0.746999979019165,0.2206999957561493
YIL039W,YDR425W,0,2.5238538,0.2527918815612793,0.746999979019165,0.2207999974489212
YPR133C,YDL215C,0,2.523799,0.2527063488960266,0.746999979019165,0.22089999914169312
YPR171W,YPL176C,0,2.5235882,0.2526209056377411,0.746999979019165,0.22100000083446503
YOR193W,YHR064C,0,2.5229392,0.25253549218177795,0.746999979019165,0.22110000252723694
YBR276C,YKR036C,0,2.522883,0.2524501383304596,0.746999979019165,0.22120000422000885
YDL230W,YBL080C,0,2.5223393,0.2523648738861084,0.746999979019165,0.22130000591278076
YGL137W,YMR256C,0,2.522293,0.2522796392440796,0.746999979019165,0.22139999270439148
YKL178C,YDR403W,0,2.522129,0.25219446420669556,0.746999979019165,0.2214999943971634
YDR530C,YBR272C,0,2.52185,0.2521093487739563,0.746999979019165,0.2215999960899353
YHR061C,YAR033W,0,2.5203655,0.2520242929458618,0.746999979019165,0.22169999778270721
YNR044W,YOL078W,0,2.520122,0.2519392967224121,0.746999979019165,0.22179999947547913
YFL049W,YMR227C,1,2.5191112,0.2521915137767792,0.7480000257492065,0.22179999947547913
YJL127C,YCL061C,1,2.519072,0.2524435520172119,0.7490000128746033,0.22179999947547913
YPL135W,YBR257W,0,2.519021,0.25235849618911743,0.7490000128746033,0.22190000116825104
YGL219C,YKL004W,0,2.5173926,0.2522734999656677,0.7490000128746033,0.22200000286102295
YHR088W,YER045C,0,2.5170598,0.2521885633468628,0.7490000128746033,0.22210000455379486
YOL019W,YOL070C,0,2.5164993,0.25210365653038025,0.7490000128746033,0.22220000624656677
YPL075W,YGL210W,0,2.5141487,0.25201883912086487,0.7490000128746033,0.2222999930381775
YJL062W,YOL070C,0,2.51402,0.25193408131599426,0.7490000128746033,0.2223999947309494
YJL081C,YGL194C,1,2.513667,0.2521856129169464,0.75,0.2223999947309494
YPR003C,YJL153C,0,2.513662,0.2521008551120758,0.75,0.2224999964237213
YGL237C,YDR038C,0,2.5131373,0.2520161271095276,0.75,0.22259999811649323
YNR010W,YDR422C,0,2.5125337,0.25193148851394653,0.75,0.22269999980926514
YLR097C,YLL011W,0,2.5124145,0.25184687972068787,0.75,0.22280000150203705
YLR466W,YOR195W,0,2.512233,0.251762330532074,0.75,0.22290000319480896
YDR292C,YOR299W,0,2.5121808,0.25167784094810486,0.75,0.22300000488758087
YER177W,YBR042C,0,2.5120807,0.2515934109687805,0.75,0.22310000658035278
YKL138C-A,YGL095C,0,2.5118399,0.25150904059410095,0.75,0.2231999933719635
YAR018C,YDR280W,0,2.5113616,0.25142472982406616,0.75,0.2232999950647354
YIL139C,YKL109W,0,2.5110846,0.25134047865867615,0.75,0.22339999675750732
YDR062W,YOR316C,0,2.5110807,0.2512562870979309,0.75,0.22349999845027924
YDR397C,YNR067C,0,2.511054,0.25117212533950806,0.75,0.22360000014305115
YCR036W,YKR103W,0,2.5106063,0.25108805298805237,0.75,0.22370000183582306
YMR241W,YKL010C,0,2.510563,0.25100401043891907,0.75,0.22380000352859497
YGR276C,YDR242W,0,2.510561,0.25092002749443054,0.75,0.22390000522136688
YNL188W,YOR253W,0,2.5101442,0.2508361339569092,0.75,0.2240000069141388
YPR204W,YOR110W,0,2.509592,0.2507522702217102,0.75,0.2240999937057495
YHR056C,YDR439W,1,2.5094666,0.2510026693344116,0.7509999871253967,0.2240999937057495
YAL022C,YKR049C,0,2.5090837,0.25091880559921265,0.7509999871253967,0.22419999539852142
YNL206C,YBR090C-A,1,2.5090184,0.25116899609565735,0.7519999742507935,0.22419999539852142
YGR281W,YHR086W,0,2.508304,0.2510851323604584,0.7519999742507935,0.22429999709129333
YIL126W,YPL153C,1,2.508009,0.25133511424064636,0.753000020980835,0.22429999709129333
YKL166C,YPR167C,0,2.5066905,0.2512512505054474,0.753000020980835,0.22439999878406525
YKR102W,YIL078W,0,2.5066843,0.2511674463748932,0.753000020980835,0.22450000047683716
YLR219W,YHR165C,0,2.506258,0.25108370184898376,0.753000020980835,0.22460000216960907
YNL240C,YGL155W,0,2.5060213,0.25099998712539673,0.753000020980835,0.22470000386238098
YLR105C,YML036W,0,2.5057602,0.25091636180877686,0.753000020980835,0.2248000055551529
YMR298W,YAL043C,0,2.505206,0.25083276629447937,0.753000020980835,0.2249000072479248
YAL039C,YOR346W,0,2.5045905,0.25074926018714905,0.753000020980835,0.22499999403953552
YBR003W,YGL256W,0,2.5031724,0.2506657838821411,0.753000020980835,0.22509999573230743
YGR181W,YHR073W,0,2.502109,0.25058236718177795,0.753000020980835,0.22519999742507935
YDL102W,YPL177C,0,2.5017405,0.25049901008605957,0.753000020980835,0.22529999911785126
YGL203C,YJR009C,0,2.5015736,0.2504156827926636,0.753000020980835,0.22540000081062317
YJL136C,YBR257W,0,2.5014777,0.25033244490623474,0.753000020980835,0.22550000250339508
YNL242W,YKL096W-A,0,2.5013556,0.2502492666244507,0.753000020980835,0.225600004196167
YDR052C,YOL040C,0,2.5010562,0.250166118144989,0.753000020980835,0.2257000058889389
YGL227W,YGR159C,0,2.5005975,0.2500830292701721,0.753000020980835,0.22579999268054962
YDR213W,YDR159W,0,2.5002162,0.25,0.753000020980835,0.22589999437332153
YKL052C,YJL165C,0,2.5001059,0.24991703033447266,0.753000020980835,0.22599999606609344
YER162C,YML028W,0,2.4999285,0.2498341053724289,0.753000020980835,0.22609999775886536
YJL013C,YGR075C,0,2.4996748,0.2497512400150299,0.753000020980835,0.22619999945163727
YJL012C,YLR309C,0,2.49923,0.2496684342622757,0.753000020980835,0.22630000114440918
YGL094C,YNL026W,0,2.4992197,0.24958568811416626,0.753000020980835,0.2264000028371811
YNR033W,YLR264W,0,2.499072,0.2495029866695404,0.753000020980835,0.226500004529953
YJR153W,YNL286W,0,2.4990044,0.24942034482955933,0.753000020980835,0.22660000622272491
YML058W-A,YBR181C,0,2.4989877,0.24933774769306183,0.753000020980835,0.22669999301433563
YJL066C,YLR130C,0,2.498773,0.2492552101612091,0.753000020980835,0.22679999470710754
YMR127C,YJR140C,1,2.498755,0.24950364232063293,0.7540000081062317,0.22679999470710754
YNL132W,YOR195W,0,2.4976335,0.2494211047887802,0.7540000081062317,0.22689999639987946
YHR110W,YHR117W,0,2.497573,0.24933862686157227,0.7540000081062317,0.22699999809265137
YOR156C,YCL044C,0,2.4975626,0.2492561936378479,0.7540000081062317,0.22709999978542328
YGL004C,YJL089W,0,2.4964075,0.2491738200187683,0.7540000081062317,0.2272000014781952
YLR390W-A,YBL023C,0,2.4951663,0.2490915060043335,0.7540000081062317,0.2273000031709671
YKL093W,YPR173C,0,2.4951425,0.24900925159454346,0.7540000081062317,0.227400004863739
YGL244W,YBR222C,0,2.4943442,0.248927041888237,0.7540000081062317,0.22750000655651093
YKR008W,YLL022C,1,2.4942532,0.24917492270469666,0.7549999952316284,0.22750000655651093
YGL005C,YDL076C,0,2.4941955,0.2490927129983902,0.7549999952316284,0.22759999334812164
YER007C-A,YOR261C,0,2.4934866,0.24901054799556732,0.7549999952316284,0.22769999504089355
YFR031C,YDR503C,0,2.493367,0.24892845749855042,0.7549999952316284,0.22779999673366547
YMR032W,YLR153C,0,2.4932003,0.2488464117050171,0.7549999952316284,0.22789999842643738
YMR256C,YBR049C,0,2.493166,0.24876441061496735,0.7549999952316284,0.2280000001192093
YLR150W,YBL013W,0,2.4931512,0.24868248403072357,0.7549999952316284,0.2281000018119812
YNL308C,YDR098C,0,2.4930282,0.24860058724880219,0.7549999952316284,0.2282000035047531
YJL153C,YNR074C,0,2.4928353,0.24851876497268677,0.7549999952316284,0.22830000519752502
YEL031W,YDR244W,0,2.4923568,0.24843698740005493,0.7549999952316284,0.22840000689029694
YDR168W,YOR018W,0,2.4915981,0.24835526943206787,0.7549999952316284,0.22849999368190765
YDR178W,YDR118W,0,2.4906948,0.2482735961675644,0.7549999952316284,0.22859999537467957
YGR292W,YKL021C,0,2.4901395,0.2481919825077057,0.7549999952316284,0.22869999706745148
YBR286W,YHR153C,0,2.489004,0.24811041355133057,0.7549999952316284,0.2287999987602234
YGR281W,YOR275C,0,2.4887025,0.24802890419960022,0.7549999952316284,0.2289000004529953
YJL174W,YPR057W,0,2.4886189,0.24794745445251465,0.7549999952316284,0.2290000021457672
YLR127C,YGR094W,0,2.4876456,0.24786604940891266,0.7549999952316284,0.22910000383853912
YIL137C,YLR266C,0,2.484748,0.24778470396995544,0.7549999952316284,0.22920000553131104
YPL048W,YLR209C,0,2.4846792,0.247703418135643,0.7549999952316284,0.22930000722408295
YML012W,YOR168W,0,2.4843392,0.24762217700481415,0.7549999952316284,0.22939999401569366
YDR110W,YBR060C,1,2.4838462,0.2478688508272171,0.7559999823570251,0.22939999401569366
YBR207W,YDR013W,0,2.4835434,0.24778760969638824,0.7559999823570251,0.22949999570846558
YHR010W,YHR117W,0,2.4829578,0.24770642817020416,0.7559999823570251,0.2295999974012375
YBR089C-A,YLR033W,1,2.4828038,0.24795283377170563,0.7570000290870667,0.2295999974012375
YMR163C,YNR072W,0,2.482758,0.24787163734436035,0.7570000290870667,0.2296999990940094
YKL021C,YNL085W,0,2.4826193,0.24779050052165985,0.7570000290870667,0.2298000007867813
YGL016W,YKR027W,0,2.4825788,0.24770942330360413,0.7570000290870667,0.22990000247955322
YGR204W,YJL025W,0,2.4815798,0.24762839078903198,0.7570000290870667,0.23000000417232513
YCR086W,YNL137C,0,2.4804525,0.24754741787910461,0.7570000290870667,0.23010000586509705
YIL130W,YLR188W,0,2.4803548,0.24746648967266083,0.7570000290870667,0.23019999265670776
YKR101W,YJR140C,1,2.478952,0.2477124184370041,0.7580000162124634,0.23019999265670776
YER091C,YHR138C,0,2.4786835,0.2476314902305603,0.7580000162124634,0.23029999434947968
YBR237W,YIL143C,0,2.4779587,0.2475506216287613,0.7580000162124634,0.2303999960422516
YOL032W,YHR149C,0,2.477602,0.24746979773044586,0.7580000162124634,0.2304999977350235
YJL187C,YNL189W,0,2.4773474,0.2473890334367752,0.7580000162124634,0.2305999994277954
YPL091W,YBR042C,0,2.476882,0.24730831384658813,0.7580000162124634,0.23070000112056732
YBR123C,YPL135W,0,2.4764786,0.24722765386104584,0.7580000162124634,0.23080000281333923
YPL075W,YPR100W,0,2.4761896,0.24714705348014832,0.7580000162124634,0.23090000450611115
YOR181W,YOR156C,0,2.4757416,0.24706649780273438,0.7580000162124634,0.23100000619888306
YCR004C,YMR179W,0,2.4736733,0.24698598682880402,0.7580000162124634,0.23109999299049377
YIL154C,YPR173C,0,2.4732778,0.24690553545951843,0.7580000162124634,0.23119999468326569
YHR056C,YJL081C,1,2.4732752,0.24715076386928558,0.7590000033378601,0.23119999468326569
YGL222C,YOR045W,0,2.4719353,0.2470703125,0.7590000033378601,0.2312999963760376
YJR108W,YDR091C,0,2.471908,0.246989905834198,0.7590000033378601,0.2313999980688095
YJL108C,YKL085W,0,2.4711623,0.24690955877304077,0.7590000033378601,0.23149999976158142
YPL254W,YEL041W,0,2.471146,0.24682927131652832,0.7590000033378601,0.23160000145435333
YLR214W,YPL104W,0,2.4707146,0.24674902856349945,0.7590000033378601,0.23170000314712524
YOL020W,YBR054W,0,2.4704623,0.24666883051395416,0.7590000033378601,0.23180000483989716
YGR030C,YLR019W,0,2.4701626,0.24658869206905365,0.7590000033378601,0.23190000653266907
YIL143C,YOL124C,0,2.4699764,0.2465086132287979,0.7590000033378601,0.23199999332427979
YLL024C,YDR211W,0,2.4695153,0.24642856419086456,0.7590000033378601,0.2320999950170517
YFR007W,YPR161C,0,2.4681542,0.24634858965873718,0.7590000033378601,0.2321999967098236
YOR060C,YNL290W,0,2.4677234,0.24626865983009338,0.7590000033378601,0.23229999840259552
YDR201W,YGR088W,0,2.4670835,0.24618877470493317,0.7590000033378601,0.23240000009536743
YJL069C,YCL001W,0,2.4666162,0.24610894918441772,0.7590000033378601,0.23250000178813934
YBR297W,YLR017W,0,2.4662633,0.24602916836738586,0.7590000033378601,0.23260000348091125
YMR173W,YOR216C,0,2.466186,0.24594944715499878,0.7590000033378601,0.23270000517368317
YBL014C,YHR156C,0,2.4654713,0.24586977064609528,0.7590000033378601,0.23280000686645508
YOL065C,YBR029C,0,2.4646392,0.24579015374183655,0.7590000033378601,0.2328999936580658
YBR089C-A,YHL025W,1,2.4641345,0.24603430926799774,0.7599999904632568,0.2328999936580658
YHR082C,YBR212W,0,2.4626865,0.245954692363739,0.7599999904632568,0.2329999953508377
YCR107W,YPL082C,0,2.4608924,0.24587512016296387,0.7599999904632568,0.23309999704360962
YPL096W,YGR224W,0,2.4606643,0.2457956075668335,0.7599999904632568,0.23319999873638153
YFL057C,YHR031C,0,2.4602203,0.2457161396741867,0.7599999904632568,0.23330000042915344
YOL012C,YDR071C,1,2.4599466,0.24595992267131805,0.7609999775886536,0.23330000042915344
YIL126W,YBR112C,1,2.4595256,0.24620355665683746,0.7620000243186951,0.23330000042915344
YGR171C,YGR113W,0,2.4592052,0.2461240291595459,0.7620000243186951,0.23340000212192535
YER159C,YMR261C,0,2.4586506,0.2460445612668991,0.7620000243186951,0.23350000381469727
YDR312W,YBR002C,0,2.4572656,0.2459651380777359,0.7620000243186951,0.23360000550746918
YJL053W,YOL020W,0,2.457025,0.24588577449321747,0.7620000243186951,0.2337000072002411
YDR240C,YGR194C,0,2.4556842,0.24580645561218262,0.7620000243186951,0.2337999939918518
YGL189C,YLL061W,0,2.4555523,0.24572718143463135,0.7620000243186951,0.23389999568462372
YHR184W,YPL115C,0,2.4555168,0.24564796686172485,0.7620000243186951,0.23399999737739563
YHR179W,YNL284C,0,2.4553065,0.24556879699230194,0.7620000243186951,0.23409999907016754
YKL119C,YHR129C,0,2.4552755,0.2454896867275238,0.7620000243186951,0.23420000076293945
YHR118C,YKR048C,1,2.453579,0.24573269486427307,0.7630000114440918,0.23420000076293945
YOL132W,YJL085W,0,2.4532938,0.24565356969833374,0.7630000114440918,0.23430000245571136
YGL192W,YMR300C,0,2.4527788,0.24557450413703918,0.7630000114440918,0.23440000414848328
YPR002W,YDL130W,0,2.452475,0.2454954981803894,0.7630000114440918,0.2345000058412552
YDR303C,YCR052W,1,2.4524693,0.2457381784915924,0.7639999985694885,0.2345000058412552
YDL024C,YLR440C,0,2.4524312,0.24565915763378143,0.7639999985694885,0.2345999926328659
YJL212C,YCR054C,0,2.4514644,0.24558019638061523,0.7639999985694885,0.23469999432563782
YBR181C,YBL057C,0,2.4507856,0.24550127983093262,0.7639999985694885,0.23479999601840973
YFL049W,YMR091C,1,2.4501696,0.24574366211891174,0.7649999856948853,0.23479999601840973
YLR440C,YKL034W,0,2.4501371,0.24566474556922913,0.7649999856948853,0.23489999771118164
YBR278W,YLR440C,0,2.450088,0.2455858737230301,0.7649999856948853,0.23499999940395355
YNL164C,YPL220W,0,2.450016,0.24550706148147583,0.7649999856948853,0.23510000109672546
YFR013W,YNL059C,1,2.4491725,0.2457491159439087,0.765999972820282,0.23510000109672546
YOL105C,YLL009C,0,2.4488056,0.24567030370235443,0.765999972820282,0.23520000278949738
YDR429C,YER046W,0,2.4484234,0.24559153616428375,0.765999972820282,0.2353000044822693
YJL071W,YLR176C,0,2.448162,0.24551281332969666,0.765999972820282,0.2354000061750412
YLR442C,YOL004W,1,2.44814,0.24575456976890564,0.7670000195503235,0.2354000061750412
YPR046W,YKR069W,0,2.446836,0.24567584693431854,0.7670000195503235,0.23549999296665192
YBR112C,YFR037C,1,2.4459162,0.24591737985610962,0.7680000066757202,0.23549999296665192
YGL095C,YER100W,0,2.445548,0.24583867192268372,0.7680000066757202,0.23559999465942383
YMR039C,YPR016C,0,2.44553,0.2457599937915802,0.7680000066757202,0.23569999635219574
YKL192C,YPR086W,0,2.4448738,0.24568137526512146,0.7680000066757202,0.23579999804496765
YDL061C,YHR036W,0,2.4448438,0.2456028163433075,0.7680000066757202,0.23589999973773956
YDR285W,YER044C,0,2.4443831,0.2455243021249771,0.7680000066757202,0.23600000143051147
YPL006W,YOR288C,0,2.4424448,0.2454458326101303,0.7680000066757202,0.2361000031232834
YIL126W,YOR244W,1,2.4417343,0.24568690359592438,0.7689999938011169,0.2361000031232834
YOL038W,YFL005W,0,2.441464,0.24560843408107758,0.7689999938011169,0.2362000048160553
YBR090C-A,YOR279C,1,2.4414053,0.24584929645061493,0.7699999809265137,0.2362000048160553
YHR193C,YOL064C,0,2.4413595,0.24577082693576813,0.7699999809265137,0.2363000065088272
YKL203C,YBR043C,0,2.441291,0.2456924021244049,0.7699999809265137,0.23639999330043793
YDR518W,YDL146W,0,2.4411516,0.24561403691768646,0.7699999809265137,0.23649999499320984
YIL069C,YGL185C,0,2.4398742,0.2455357164144516,0.7699999809265137,0.23659999668598175
YLR403W,YGL064C,0,2.439775,0.24545744061470032,0.7699999809265137,0.23669999837875366
YOL100W,YJR097W,0,2.4392033,0.2453792244195938,0.7699999809265137,0.23680000007152557
YDR379W,YKL205W,0,2.4391103,0.2453010529279709,0.7699999809265137,0.23690000176429749
YLR005W,YPR173C,0,2.43898,0.24522292613983154,0.7699999809265137,0.2370000034570694
YGR225W,YPR080W,0,2.4377918,0.24514485895633698,0.7699999809265137,0.2371000051498413
YDR195W,YGR144W,0,2.4377291,0.245066836476326,0.7699999809265137,0.23720000684261322
YER180C,YBL080C,0,2.4375296,0.24498885869979858,0.7699999809265137,0.23729999363422394
YIL030C,YOR357C,0,2.4373684,0.24491094052791595,0.7699999809265137,0.23739999532699585
YKR048C,YNL135C,1,2.4371042,0.24515102803707123,0.7710000276565552,0.23739999532699585
YCR028C,YCR012W,0,2.4370675,0.2450731098651886,0.7710000276565552,0.23749999701976776
YMR165C,YNR043W,0,2.4365835,0.24499523639678955,0.7710000276565552,0.23759999871253967
YLR190W,YDR247W,0,2.4360034,0.24491740763187408,0.7710000276565552,0.23770000040531158
YIL101C,YJR013W,0,2.4342842,0.2448396384716034,0.7710000276565552,0.2378000020980835
YMR239C,YLR357W,1,2.4340944,0.24507936835289001,0.7720000147819519,0.2378000020980835
YDR158W,YLR186W,0,2.4340935,0.24500158429145813,0.7720000147819519,0.2379000037908554
YAR027W,YPL210C,0,2.4313438,0.24492385983467102,0.7720000147819519,0.23800000548362732
YER060W-A,YMR201C,0,2.4309793,0.2448461800813675,0.7720000147819519,0.23810000717639923
YOR145C,YER015W,0,2.4308586,0.24476854503154755,0.7720000147819519,0.23819999396800995
YHL032C,YKL134C,0,2.429408,0.24469096958637238,0.7720000147819519,0.23829999566078186
YJL056C,YML023C,0,2.4292161,0.2446134388446808,0.7720000147819519,0.23839999735355377
YNL261W,YHR056C,1,2.428925,0.2448527067899704,0.7730000019073486,0.23839999735355377
YJR032W,YBL034C,0,2.4288068,0.2447751760482788,0.7730000019073486,0.23849999904632568
YNL173C,YPR086W,0,2.4287205,0.2446976900100708,0.7730000019073486,0.2386000007390976
YDL247W,YPR057W,0,2.4283257,0.24462024867534637,0.7730000019073486,0.2387000024318695
YPL153C,YHR056C,1,2.428266,0.2448592185974121,0.7739999890327454,0.2387000024318695
YNR033W,YOR192C,0,2.42745,0.24478177726268768,0.7739999890327454,0.23880000412464142
YIL139C,YKR097W,0,2.4272556,0.24470439553260803,0.7739999890327454,0.23890000581741333
YOR389W,YDR044W,0,2.426729,0.24462705850601196,0.7739999890327454,0.23899999260902405
YOL011W,YDR288W,0,2.4262671,0.24454976618289948,0.7739999890327454,0.23909999430179596
YOR301W,YEL053C,0,2.426034,0.24447251856327057,0.7739999890327454,0.23919999599456787
YKL043W,YDR039C,0,2.4259295,0.24439533054828644,0.7739999890327454,0.23929999768733978
YHL025W,YGR002C,1,2.4250565,0.24463383853435516,0.7749999761581421,0.23929999768733978
YBR033W,YOR201C,0,2.4248924,0.24455663561820984,0.7749999761581421,0.2393999993801117
YOL151W,YGR024C,0,2.4248483,0.2444794923067093,0.7749999761581421,0.2395000010728836
YBR278W,YOL062C,0,2.4245186,0.24440239369869232,0.7749999761581421,0.23960000276565552
YNR019W,YLR078C,0,2.4243627,0.24432533979415894,0.7749999761581421,0.23970000445842743
YGR223C,YDR443C,0,2.4235039,0.24424834549427032,0.7749999761581421,0.23980000615119934
YEL021W,YJL053W,0,2.4231286,0.2441713958978653,0.7749999761581421,0.23989999294281006
YDR303C,YGR116W,1,2.42307,0.244409441947937,0.7760000228881836,0.23989999294281006
YKR101W,YDR334W,1,2.422204,0.24464735388755798,0.7770000100135803,0.23989999294281006
YPL120W,YAL059W,0,2.4215336,0.24457034468650818,0.7770000100135803,0.23999999463558197
YEL051W,YIL144W,0,2.4213748,0.24449339509010315,0.7770000100135803,0.24009999632835388
YNL339C,YOR316C,0,2.4211369,0.2444164901971817,0.7770000100135803,0.2401999980211258
YMR128W,YOL052C-A,0,2.4207544,0.24433963000774384,0.7770000100135803,0.2402999997138977
YBL076C,YPL169C,0,2.4191701,0.24426281452178955,0.7770000100135803,0.24040000140666962
YLL021W,YDL204W,0,2.4187279,0.24418604373931885,0.7770000100135803,0.24050000309944153
YMR192W,YNL290W,0,2.4169471,0.24410933256149292,0.7770000100135803,0.24060000479221344
YCR106W,YLR187W,0,2.4161606,0.24403266608715057,0.7770000100135803,0.24070000648498535
YLR147C,YCR040W,0,2.415863,0.2439560443162918,0.7770000100135803,0.24079999327659607
YCL063W,YCR035C,0,2.4157553,0.24387946724891663,0.7770000100135803,0.24089999496936798
YEL001C,YER149C,0,2.4154167,0.24380294978618622,0.7770000100135803,0.2409999966621399
YMR056C,YLR228C,0,2.4142194,0.2437264770269394,0.7770000100135803,0.2410999983549118
YFR032C-A,YFR005C,0,2.4137394,0.24365004897117615,0.7770000100135803,0.24120000004768372
YAR042W,YOL018C,0,2.4136262,0.24357366561889648,0.7770000100135803,0.24130000174045563
YDL246C,YDR126W,0,2.4135275,0.2434973418712616,0.7770000100135803,0.24140000343322754
YBR089C-A,YMR080C,1,2.4135165,0.24373432993888855,0.777999997138977,0.24140000343322754
YKR104W,YER115C,0,2.413476,0.24365800619125366,0.777999997138977,0.24150000512599945
YGR155W,YMR267W,0,2.4133887,0.24358171224594116,0.777999997138977,0.24160000681877136
YOR274W,YDR033W,0,2.412539,0.24350547790527344,0.777999997138977,0.24169999361038208
YLR191W,YKR064W,0,2.4124427,0.2434292882680893,0.777999997138977,0.241799995303154
YMR218C,YPR189W,0,2.4122844,0.24335314333438873,0.777999997138977,0.2418999969959259
YIL113W,YPR189W,0,2.4122415,0.24327704310417175,0.777999997138977,0.24199999868869781
YLR237W,YMR188C,0,2.4120393,0.24320100247859955,0.777999997138977,0.24210000038146973
YGR286C,YDR328C,0,2.4107745,0.24312500655651093,0.777999997138977,0.24220000207424164
YBR170C,YMR159C,0,2.4104662,0.2430490404367447,0.777999997138977,0.24230000376701355
YJL173C,YDR390C,0,2.4093666,0.24297314882278442,0.777999997138977,0.24240000545978546
YPR187W,YNL117W,0,2.4077334,0.24289728701114655,0.777999997138977,0.24250000715255737
YOR039W,YLR432W,0,2.4073124,0.24282146990299225,0.777999997138977,0.2425999939441681
YHR118C,YDR071C,1,2.4062648,0.2430577278137207,0.7789999842643738,0.2425999939441681
YOR388C,YPR149W,0,2.4061613,0.2429819107055664,0.7789999842643738,0.24269999563694
YMR169C,YDL195W,0,2.4060037,0.2429061383008957,0.7789999842643738,0.24279999732971191
YDR457W,YJL112W,0,2.4059777,0.24283042550086975,0.7789999842643738,0.24289999902248383
YML100W,YFL005W,0,2.4059277,0.2427547574043274,0.7789999842643738,0.24300000071525574
YMR207C,YLR327C,0,2.4056206,0.24267913401126862,0.7789999842643738,0.24310000240802765
YDR438W,YHL019C,0,2.4047365,0.24260355532169342,0.7789999842643738,0.24320000410079956
YCR107W,YGL253W,0,2.403842,0.2425280213356018,0.7789999842643738,0.24330000579357147
YPL174C,YCR044C,0,2.4032702,0.24245253205299377,0.7789999842643738,0.2433999925851822
YHR002W,YER190W,0,2.4026885,0.24237710237503052,0.7789999842643738,0.2434999942779541
YJL012C,YLR151C,0,2.402535,0.24230171740055084,0.7789999842643738,0.243599995970726
YDL112W,YBR015C,0,2.4020157,0.24222636222839355,0.7789999842643738,0.24369999766349792
YOL031C,YDR139C,0,2.401033,0.24215106666088104,0.7789999842643738,0.24379999935626984
YBR291C,YLR088W,0,2.4009757,0.2420758306980133,0.7789999842643738,0.24390000104904175
YMR091C,YDR439W,1,2.3983893,0.2423112839460373,0.7799999713897705,0.24390000104904175
YOR059C,YOR193W,0,2.3983078,0.24223601818084717,0.7799999713897705,0.24400000274181366
YLR451W,YOL020W,0,2.3981647,0.242160826921463,0.7799999713897705,0.24410000443458557
YMR080C,YDR310C,1,2.397831,0.2423960268497467,0.781000018119812,0.24410000443458557
YPL214C,YFL011W,0,2.3976266,0.24232082068920135,0.781000018119812,0.24420000612735748
YLR371W,YHR184W,0,2.3973079,0.2422456592321396,0.781000018119812,0.2442999929189682
YPL116W,YER098W,0,2.3971653,0.2421705424785614,0.781000018119812,0.2443999946117401
YCL001W,YAL041W,0,2.3947597,0.2420954704284668,0.781000018119812,0.24449999630451202
YNL302C,YPL002C,0,2.3946898,0.24202045798301697,0.781000018119812,0.24459999799728394
YOR123C,YMR089C,0,2.3941526,0.24194547533988953,0.781000018119812,0.24469999969005585
YOR127W,YGL049C,0,2.394063,0.24187055230140686,0.781000018119812,0.24480000138282776
YGL087C,YMR312W,0,2.3939614,0.24179565906524658,0.781000018119812,0.24490000307559967
YOL165C,YIL154C,0,2.3938913,0.24172082543373108,0.781000018119812,0.24500000476837158
YGR161C,YNL049C,0,2.393865,0.24164603650569916,0.781000018119812,0.2451000064611435
YFL049W,YAL011W,1,2.3937144,0.2418806105852127,0.7820000052452087,0.2451000064611435
YBR245C,YLL022C,1,2.393496,0.24211502075195312,0.7829999923706055,0.2451000064611435
YOR261C,YMR176W,0,2.393293,0.24204018712043762,0.7829999923706055,0.2451999932527542
YER032W,YOR158W,0,2.3924034,0.2419653832912445,0.7829999923706055,0.24529999494552612
YGL178W,YEL036C,0,2.3907042,0.24189063906669617,0.7829999923706055,0.24539999663829803
YOR388C,YDR463W,0,2.390511,0.2418159395456314,0.7829999923706055,0.24549999833106995
YKL140W,YMR037C,0,2.3896632,0.24174128472805023,0.7829999923706055,0.24560000002384186
YPR190C,YBR274W,0,2.3894188,0.24166665971279144,0.7829999923706055,0.24570000171661377
YLR312W-A,YGR156W,0,2.3880506,0.24159209430217743,0.7829999923706055,0.24580000340938568
YOR330C,YHR059W,0,2.387795,0.2415175884962082,0.7829999923706055,0.2459000051021576
YLR172C,YDL211C,0,2.3876975,0.24144311249256134,0.7829999923706055,0.2460000067949295
YPL007C,YGL174W,0,2.386887,0.24136868119239807,0.7829999923706055,0.24609999358654022
YPL050C,YLL055W,0,2.3867893,0.24129429459571838,0.7829999923706055,0.24619999527931213
YDR200C,YKL180W,0,2.3866467,0.24121996760368347,0.7829999923706055,0.24629999697208405
YMR071C,YBR075W,0,2.3865385,0.24114567041397095,0.7829999923706055,0.24639999866485596
YCL059C,YCL052C,0,2.38607,0.2410714328289032,0.7829999923706055,0.24650000035762787
YDR103W,YJR103W,0,2.3860183,0.24099722504615784,0.7829999923706055,0.24660000205039978
YDR457W,YHR114W,0,2.3852935,0.24092307686805725,0.7829999923706055,0.2467000037431717
YAL008W,YNL054W,0,2.3848276,0.24084897339344025,0.7829999923706055,0.2468000054359436
YNR044W,YKR038C,0,2.3846736,0.24077491462230682,0.7829999923706055,0.24690000712871552
YMR247C,YBR187W,0,2.3842726,0.2407008856534958,0.7829999923706055,0.24699999392032623
YGR077C,YDR532C,0,2.3842726,0.24062691628932953,0.7829999923706055,0.24709999561309814
YDR256C,YGL223C,0,2.3841753,0.24055299162864685,0.7829999923706055,0.24719999730587006
YJL124C,YJL117W,0,2.3826098,0.24047911167144775,0.7829999923706055,0.24729999899864197
YBR095C,YEL065W,0,2.382226,0.24040527641773224,0.7829999923706055,0.24740000069141388
YHR197W,YEL006W,0,2.380704,0.2403314858675003,0.7829999923706055,0.2475000023841858
YGR034W,YNL288W,0,2.380478,0.24025775492191315,0.7829999923706055,0.2476000040769577
YML132W,YPR063C,0,2.3801734,0.24018405377864838,0.7829999923706055,0.24770000576972961
YHR143W,YBR286W,0,2.379796,0.2401103973388672,0.7829999923706055,0.24779999256134033
YER171W,YKR002W,0,2.3793151,0.24003678560256958,0.7829999923706055,0.24789999425411224
YJL121C,YGL035C,0,2.3792768,0.23996321856975555,0.7829999923706055,0.24799999594688416
YPL252C,YLR096W,0,2.379015,0.2398897111415863,0.7829999923706055,0.24809999763965607
YFR031C,YFL039C,0,2.3787642,0.23981623351573944,0.7829999923706055,0.24819999933242798
YFR038W,YCR018C,0,2.3786964,0.23974280059337616,0.7829999923706055,0.2483000010251999
YPR119W,YDL065C,0,2.376316,0.23966942727565765,0.7829999923706055,0.2484000027179718
YDR503C,YAL053W,0,2.3762183,0.23959608376026154,0.7829999923706055,0.2485000044107437
YIL126W,YML127W,1,2.3757925,0.2398286908864975,0.7839999794960022,0.2485000044107437
YKL034W,YHL006C,0,2.3756328,0.23975534737110138,0.7839999794960022,0.24860000610351562
YKL059C,YGL246C,0,2.3752341,0.23968204855918884,0.7839999794960022,0.24869999289512634
YOR079C,YJR132W,0,2.375228,0.23960880935192108,0.7839999794960022,0.24879999458789825
YMR143W,YPL163C,0,2.3745532,0.2395355999469757,0.7839999794960022,0.24889999628067017
YBL085W,YCL057W,0,2.374415,0.23946243524551392,0.7839999794960022,0.24899999797344208
YNL103W,YJR097W,0,2.3737926,0.2393893152475357,0.7839999794960022,0.249099999666214
YCL029C,YOL126C,0,2.3726382,0.23931623995304108,0.7839999794960022,0.2492000013589859
YLR055C,YOR279C,1,2.3718495,0.23954837024211884,0.7850000262260437,0.2492000013589859
YGR129W,YKL144C,0,2.3711424,0.2394752949476242,0.7850000262260437,0.2493000030517578
YMR146C,YDR004W,0,2.3702035,0.23940224945545197,0.7850000262260437,0.24940000474452972
YIL147C,YDR244W,0,2.3701096,0.2393292635679245,0.7850000262260437,0.24950000643730164
YDR004W,YFR047C,0,2.3699853,0.23925632238388062,0.7850000262260437,0.24959999322891235
YOR224C,YBR082C,0,2.369844,0.2391834259033203,0.7850000262260437,0.24969999492168427
YLR337C,YIL078W,0,2.3697016,0.2391105741262436,0.7850000262260437,0.24979999661445618
YDL028C,YLR324W,0,2.369594,0.23903775215148926,0.7850000262260437,0.2498999983072281
YNL199C,YPR108W,0,2.3694746,0.2389649897813797,0.7850000262260437,0.25
YJL095W,YNL218W,0,2.3693857,0.23889227211475372,0.7850000262260437,0.2500999867916107
YMR247C,YBR020W,0,2.3690214,0.23881959915161133,0.7850000262260437,0.2502000033855438
YGR104C,YKR072C,0,2.368886,0.23874695599079132,0.7850000262260437,0.25029999017715454
YOL165C,YIL137C,0,2.368806,0.2386743724346161,0.7850000262260437,0.25040000677108765
YCL035C,YDR403W,0,2.3684983,0.23860181868076324,0.7850000262260437,0.25049999356269836
YLR234W,YFL025C,0,2.36816,0.23852932453155518,0.7850000262260437,0.25060001015663147
YDR490C,YIL093C,0,2.3674865,0.2384568601846695,0.7850000262260437,0.2506999969482422
YKL150W,YDR312W,0,2.3673644,0.2383844554424286,0.7850000262260437,0.2508000135421753
YOR143C,YHR207C,0,2.3673553,0.23831208050251007,0.7850000262260437,0.250900000333786
YBL026W,YJR121W,0,2.3672433,0.23823975026607513,0.7850000262260437,0.25099998712539673
YDR240C,YOL061W,0,2.366743,0.23816747963428497,0.7850000262260437,0.25110000371932983
YIL126W,YLL022C,1,2.3667111,0.23839853703975677,0.7860000133514404,0.25110000371932983
YMR313C,YPR159W,0,2.364875,0.23832625150680542,0.7860000133514404,0.25119999051094055
YGR003W,YOL133W,0,2.3636336,0.23825401067733765,0.7860000133514404,0.25130000710487366
YER032W,YPL174C,0,2.3636296,0.23818181455135345,0.7860000133514404,0.2513999938964844
YKR034W,YAL043C,0,2.3635511,0.23810966312885284,0.7860000133514404,0.2515000104904175
YCR060W,YLL027W,0,2.3630426,0.23803755640983582,0.7860000133514404,0.2515999972820282
YOR260W,YIL062C,0,2.362635,0.23796547949314117,0.7860000133514404,0.2517000138759613
YJR138W,YCR060W,0,2.3620963,0.2378934621810913,0.7860000133514404,0.251800000667572
YOL109W,YML076C,0,2.3620114,0.23782148957252502,0.7860000133514404,0.25189998745918274
YOR174W,YGL021W,0,2.3607554,0.23774954676628113,0.7860000133514404,0.25200000405311584
YDL065C,YHR082C,0,2.3602657,0.2376776486635208,0.7860000133514404,0.25209999084472656
YIL046W,YLR039C,0,2.3599942,0.23760581016540527,0.7860000133514404,0.25220000743865967
YFL039C,YCR091W,0,2.3599744,0.23753400146961212,0.7860000133514404,0.2522999942302704
YLR427W,YPR159W,0,2.3589945,0.23746223747730255,0.7860000133514404,0.2524000108242035
YDR388W,YKL108W,0,2.358408,0.23739051818847656,0.7860000133514404,0.2524999976158142
YPL153C,YDR071C,1,2.356923,0.2376207709312439,0.7870000004768372,0.2524999976158142
YDR296W,YIL140W,0,2.356212,0.2375490516424179,0.7870000004768372,0.2526000142097473
YBR035C,YOR026W,0,2.3552227,0.2374773621559143,0.7870000004768372,0.25270000100135803
YMR139W,YPR019W,0,2.3547926,0.23740573227405548,0.7870000004768372,0.25279998779296875
YJR042W,YHR103W,0,2.3547645,0.23733413219451904,0.7870000004768372,0.25290000438690186
YER126C,YGR072W,0,2.3541794,0.23726259171962738,0.7870000004768372,0.2529999911785126
YDL043C,YNL110C,0,2.3535314,0.2371910810470581,0.7870000004768372,0.2531000077724457
YDL036C,YPL078C,0,2.3527496,0.2371196150779724,0.7870000004768372,0.2531999945640564
YBR279W,YGL220W,0,2.352304,0.2370481938123703,0.7870000004768372,0.2533000111579895
YAR015W,YKL197C,0,2.352293,0.23697681725025177,0.7870000004768372,0.2533999979496002
YER161C,YMR091C,1,2.3507824,0.23720650374889374,0.7879999876022339,0.2533999979496002
YGR047C,YMR308C,0,2.3505864,0.237135112285614,0.7879999876022339,0.2535000145435333
YGR030C,YML091C,0,2.3502808,0.23706378042697906,0.7879999876022339,0.25360000133514404
YLR183C,YGR217W,0,2.3500857,0.2369924783706665,0.7879999876022339,0.25369998812675476
YPR036W,YDL141W,0,2.3494148,0.23692122101783752,0.7879999876022339,0.25380000472068787
YOL145C,YBR180W,0,2.3491502,0.23685000836849213,0.7879999876022339,0.2538999915122986
YMR313C,YGR279C,0,2.3467565,0.2367788404226303,0.7879999876022339,0.2540000081062317
YHL019C,YCR018C,0,2.3467393,0.23670771718025208,0.7879999876022339,0.2540999948978424
YNL292W,YNL147W,0,2.346434,0.23663663864135742,0.7879999876022339,0.2542000114917755
YLR109W,YML107C,0,2.3452835,0.23656558990478516,0.7879999876022339,0.25429999828338623
YHR056C,YDR145W,1,2.3450384,0.23679472506046295,0.7889999747276306,0.25429999828338623
YLR127C,YJL108C,0,2.344952,0.23672367632389069,0.7889999747276306,0.25440001487731934
YDL197C,YGR221C,1,2.344334,0.23695260286331177,0.7900000214576721,0.25440001487731934
YDR353W,YCR072C,0,2.344033,0.2368815541267395,0.7900000214576721,0.25450000166893005
YPL113C,YHL003C,0,2.34326,0.23681055009365082,0.7900000214576721,0.25459998846054077
YPR068C,YBR195C,1,2.3431406,0.237039253115654,0.7910000085830688,0.25459998846054077
YIL004C,YGR040W,0,2.3429224,0.2369682490825653,0.7910000085830688,0.2547000050544739
YOR038C,YPL127C,1,2.3427477,0.23719675838947296,0.7919999957084656,0.2547000050544739
YBR276C,YNL227C,0,2.3426137,0.23712575435638428,0.7919999957084656,0.2547999918460846
YMR287C,YNR050C,0,2.3420672,0.23705478012561798,0.7919999957084656,0.2549000084400177
YMR257C,YDR481C,0,2.34165,0.23698383569717407,0.7919999957084656,0.2549999952316284
YMR017W,YLR214W,0,2.341465,0.23691295087337494,0.7919999957084656,0.2551000118255615
YDL008W,YHR086W,0,2.3412206,0.2368421107530594,0.7919999957084656,0.25519999861717224
YER167W,YDR406W,0,2.3409185,0.23677130043506622,0.7919999957084656,0.25529998540878296
YML127W,YLR052W,1,2.3408773,0.23699940741062164,0.7929999828338623,0.25529998540878296
YJR050W,YOR018W,0,2.3406234,0.23692859709262848,0.7929999828338623,0.25540000200271606
YJR133W,YLR300W,0,2.3404598,0.2368578314781189,0.7929999828338623,0.2554999887943268
YKR048C,YAL011W,1,2.3404284,0.23708570003509521,0.7940000295639038,0.2554999887943268
YER022W,YMR322C,0,2.3400512,0.23701491951942444,0.7940000295639038,0.2556000053882599
YPR118W,YDL045W-A,0,2.339038,0.23694419860839844,0.7940000295639038,0.2556999921798706
YJL214W,YLR247C,0,2.338729,0.23687350749969482,0.7940000295639038,0.2558000087738037
YLR163C,YPR048W,0,2.3374813,0.2368028610944748,0.7940000295639038,0.25589999556541443
YLR102C,YDR388W,0,2.336814,0.23673225939273834,0.7940000295639038,0.25600001215934753
YGL003C,YPR095C,0,2.335679,0.23666170239448547,0.7940000295639038,0.25609999895095825
YER161C,YML041C,1,2.3355248,0.23688915371894836,0.7950000166893005,0.25609999895095825
YDR534C,YDL145C,0,2.3346043,0.2368185818195343,0.7950000166893005,0.25619998574256897
YBR283C,YPR199C,0,2.3334978,0.23674806952476501,0.7950000166893005,0.2563000023365021
YBR128C,YCR044C,0,2.3334422,0.23667758703231812,0.7950000166893005,0.2563999891281128
YJL187C,YLR120C,0,2.3332665,0.2366071492433548,0.7950000166893005,0.2565000057220459
YMR321C,YDR466W,0,2.331993,0.23653674125671387,0.7950000166893005,0.2565999925136566
YMR041C,YMR198W,0,2.3317935,0.2364663928747177,0.7950000166893005,0.2567000091075897
YEL062W,YNL103W,0,2.33126,0.23639607429504395,0.7950000166893005,0.25679999589920044
YGR193C,YNR017W,0,2.3305707,0.23632580041885376,0.7950000166893005,0.25690001249313354
YNR071C,YLR186W,0,2.3305254,0.23625557124614716,0.7950000166893005,0.25699999928474426
YLL038C,YAL029C,0,2.328279,0.23618538677692413,0.7950000166893005,0.257099986076355
YKL179C,YIL078W,0,2.3282595,0.2361152321100235,0.7950000166893005,0.2572000026702881
YJL079C,YGL191W,0,2.3282547,0.23604513704776764,0.7950000166893005,0.2572999894618988
YLR059C,YCR107W,0,2.327746,0.23597507178783417,0.7950000166893005,0.2574000060558319
YGR007W,YPL038W,0,2.3277354,0.23590505123138428,0.7950000166893005,0.2574999928474426
YBR261C,YLR165C,0,2.327725,0.23583506047725677,0.7950000166893005,0.25760000944137573
YDR177W,YOL019W,0,2.3276176,0.23576512932777405,0.7950000166893005,0.25769999623298645
YFR003C,YMR264W,0,2.3272164,0.2356952279806137,0.7950000166893005,0.25780001282691956
YOR172W,YLR373C,0,2.3269813,0.23562537133693695,0.7950000166893005,0.2578999996185303
YLR442C,YMR227C,1,2.3269072,0.23585185408592224,0.7960000038146973,0.2578999996185303
YNL098C,YDR528W,0,2.3263454,0.23578199744224548,0.7960000038146973,0.257999986410141
YAL020C,YLR029C,0,2.3229308,0.2357121706008911,0.7960000038146973,0.2581000030040741
YKL108W,YER014C-A,0,2.3228061,0.23564238846302032,0.7960000038146973,0.2581999897956848
YGR129W,YEL036C,0,2.3226461,0.23557265102863312,0.7960000038146973,0.2583000063896179
YPR019W,YMR257C,0,2.3218174,0.2355029582977295,0.7960000038146973,0.25839999318122864
YAL033W,YNL258C,0,2.3217487,0.23543331027030945,0.7960000038146973,0.25850000977516174
YER060W-A,YGR167W,0,2.32049,0.2353636920452118,0.7960000038146973,0.25859999656677246
YNL199C,YJR130C,0,2.320344,0.23529411852359772,0.7960000038146973,0.25870001316070557
YPL161C,YGL222C,0,2.3200352,0.23522458970546722,0.7960000038146973,0.2587999999523163
YGR063C,YBR090C-A,1,2.319944,0.23545052111148834,0.796999990940094,0.2587999999523163
YDR438W,YBR093C,0,2.3192463,0.23538097739219666,0.796999990940094,0.258899986743927
YHR056C,YPL235W,1,2.3191826,0.23560672998428345,0.7979999780654907,0.258899986743927
YPR166C,YJL197W,0,2.3188295,0.23553718626499176,0.7979999780654907,0.2590000033378601
YER049W,YPL085W,0,2.3180764,0.23546768724918365,0.7979999780654907,0.2590999901294708
YNL135C,YMR284W,1,2.317677,0.23569321632385254,0.7990000247955322,0.2590999901294708
YBR115C,YIL140W,0,2.316904,0.23562370240688324,0.7990000247955322,0.25920000672340393
YDR014W,YKR028W,0,2.3167334,0.23555424809455872,0.7990000247955322,0.25929999351501465
YLR067C,YDL106C,0,2.3144917,0.23548482358455658,0.7990000247955322,0.25940001010894775
YLR364W,YOR109W,0,2.3144364,0.23541544377803802,0.7990000247955322,0.25949999690055847
YDR510W,YKL004W,0,2.3140574,0.23534609377384186,0.7990000247955322,0.2596000134944916
YJL052W,YGL238W,0,2.3130817,0.23527680337429047,0.7990000247955322,0.2597000002861023
YGL026C,YAR015W,0,2.3129158,0.23520754277706146,0.7990000247955322,0.259799987077713
YOR174W,YNL214W,0,2.3122015,0.23513831198215485,0.7990000247955322,0.2599000036716461
YKL029C,YDL107W,0,2.3121758,0.235069140791893,0.7990000247955322,0.25999999046325684
YDR219C,YGR058W,0,2.3120384,0.23499999940395355,0.7990000247955322,0.26010000705718994
YML092C,YJL165C,0,2.3118353,0.23493090271949768,0.7990000247955322,0.26019999384880066
YDR284C,YJR058C,0,2.3115106,0.2348618507385254,0.7990000247955322,0.26030001044273376
YPL137C,YDR520C,0,2.3113542,0.2347928285598755,0.7990000247955322,0.2603999972343445
YPL173W,YDR407C,0,2.3111155,0.23472385108470917,0.7990000247955322,0.2605000138282776
YKL201C,YPR141C,0,2.3099895,0.23465491831302643,0.7990000247955322,0.2606000006198883
YHL044W,YPR128C,0,2.3092613,0.23458603024482727,0.7990000247955322,0.260699987411499
YGL018C,YBR067C,0,2.3087444,0.2345171719789505,0.7990000247955322,0.26080000400543213
YML059C,YOR373W,0,2.3085122,0.2344483584165573,0.7990000247955322,0.26089999079704285
YOL095C,YKL093W,0,2.3084102,0.2343795895576477,0.7990000247955322,0.26100000739097595
YHR156C,YMR289W,0,2.3076465,0.23431085050106049,0.7990000247955322,0.26109999418258667
YJR127C,YIR037W,0,2.307365,0.23424215614795685,0.7990000247955322,0.2612000107765198
YER030W,YOL090W,1,2.3064735,0.2344665825366974,0.800000011920929,0.2612000107765198
YMR033W,YLR321C,1,2.306421,0.23469088971614838,0.8009999990463257,0.2612000107765198
YLR086W,YPL110C,0,2.3062177,0.23462215065956116,0.8009999990463257,0.2612999975681305
YDR188W,YBR192W,0,2.3056602,0.23455344140529633,0.8009999990463257,0.2614000141620636
YAR015W,YOR126C,0,2.3056474,0.23448477685451508,0.8009999990463257,0.2615000009536743
YDL108W,YDR460W,0,2.3055654,0.2344161570072174,0.8009999990463257,0.26159998774528503
YMR013C,YMR261C,0,2.3050897,0.23434756696224213,0.8009999990463257,0.26170000433921814
YOL012C,YDR224C,1,2.3046718,0.23457151651382446,0.8019999861717224,0.26170000433921814
YDR219C,YDL210W,0,2.3046665,0.23450292646884918,0.8019999861717224,0.26179999113082886
YGR199W,YCL029C,0,2.3039808,0.23443438112735748,0.8019999861717224,0.26190000772476196
YPL161C,YPR171W,0,2.3031402,0.23436586558818817,0.8019999861717224,0.2619999945163727
YNL068C,YDR296W,0,2.3030138,0.23429739475250244,0.8019999861717224,0.2621000111103058
YKL183W,YKR027W,0,2.3019724,0.2342289686203003,0.8019999861717224,0.2621999979019165
YML127W,YHL025W,1,2.3018532,0.23445256054401398,0.8029999732971191,0.2621999979019165
YNL287W,YIL056W,0,2.3016827,0.23438411951065063,0.8029999732971191,0.2623000144958496
YDL061C,YIL039W,0,2.300945,0.23431572318077087,0.8029999732971191,0.2624000012874603
YPL173W,YBR091C,0,2.299943,0.2342473715543747,0.8029999732971191,0.26249998807907104
YDR242W,YNL236W,0,2.2998211,0.2341790646314621,0.8029999732971191,0.26260000467300415
YDR148C,YDR425W,0,2.2989411,0.2341107875108719,0.8029999732971191,0.26269999146461487
YOR252W,YGR266W,0,2.298624,0.23404255509376526,0.8029999732971191,0.262800008058548
YBR003W,YGL223C,0,2.2971034,0.23397435247898102,0.8029999732971191,0.2628999948501587
YLR435W,YPR133C,0,2.2957728,0.23390620946884155,0.8029999732971191,0.2630000114440918
YNL051W,YGR220C,0,2.295494,0.23383809626102448,0.8029999732971191,0.2630999982357025
YBR150C,YDR371W,0,2.2952704,0.23377001285552979,0.8029999732971191,0.2632000148296356
YCR005C,YNR030W,0,2.29391,0.23370197415351868,0.8029999732971191,0.26330000162124634
YML009C,YJL083W,0,2.2929707,0.23363398015499115,0.8029999732971191,0.26339998841285706
YML106W,YBR264C,0,2.2925558,0.2335660308599472,0.8029999732971191,0.26350000500679016
YNL304W,YLR377C,0,2.292369,0.23349811136722565,0.8029999732971191,0.2635999917984009
YDR524C,YDL220C,0,2.2916408,0.23343023657798767,0.8029999732971191,0.263700008392334
YMR150C,YJR127C,0,2.2916026,0.23336239159107208,0.8029999732971191,0.2637999951839447
YOR119C,YGL018C,0,2.291184,0.23329459130764008,0.8029999732971191,0.2639000117778778
YPL226W,YHL015W,0,2.2910352,0.23322683572769165,0.8029999732971191,0.2639999985694885
YER117W,YJR149W,0,2.2908814,0.2331591099500656,0.8029999732971191,0.26409998536109924
YDR466W,YLR147C,0,2.2906861,0.23309144377708435,0.8029999732971191,0.26420000195503235
YPL143W,YCL068C,0,2.2903826,0.23302379250526428,0.8029999732971191,0.26429998874664307
YKL043W,YDR150W,0,2.2901406,0.232956200838089,0.8029999732971191,0.26440000534057617
YLL008W,YDL043C,0,2.289285,0.2328886240720749,0.8029999732971191,0.2644999921321869
YKR101W,YGR116W,1,2.2884715,0.23311105370521545,0.8040000200271606,0.2644999921321869
YPL121C,YDR281C,0,2.287994,0.23304347693920135,0.8040000200271606,0.26460000872612
YDR470C,YPL083C,0,2.2861142,0.23297594487667084,0.8040000200271606,0.2646999955177307
YMR281W,YNL102W,0,2.2851028,0.2329084575176239,0.8040000200271606,0.2648000121116638
YJL090C,YLR010C,0,2.284257,0.23284101486206055,0.8040000200271606,0.26489999890327454
YOR148C,YBR125C,0,2.2837825,0.23277360200881958,0.8040000200271606,0.26499998569488525
YER030W,YML102W,1,2.28337,0.2329956591129303,0.8050000071525574,0.26499998569488525
YBL047C,YCR065W,0,2.2832503,0.23292824625968933,0.8050000071525574,0.26510000228881836
YMR241W,YKL189W,0,2.2825747,0.23286086320877075,0.8050000071525574,0.2651999890804291
YLR086W,YDR389W,0,2.2821326,0.23279352486133575,0.8050000071525574,0.2653000056743622
YDR438W,YDL101C,0,2.2821321,0.23272621631622314,0.8050000071525574,0.2653999924659729
YNL230C,YJL143W,0,2.2820387,0.23265895247459412,0.8050000071525574,0.265500009059906
YGL061C,YEL019C,0,2.2819672,0.23259173333644867,0.8050000071525574,0.2655999958515167
YML071C,YBR049C,0,2.28177,0.2325245589017868,0.8050000071525574,0.26570001244544983
YOR380W,YPR189W,0,2.281137,0.23245741426944733,0.8050000071525574,0.26579999923706055
YKL212W,YLR370C,0,2.2811322,0.23239029943943024,0.8050000071525574,0.26589998602867126
YJR133W,YBL056W,0,2.2807236,0.23232322931289673,0.8050000071525574,0.26600000262260437
YER019C-A,YOR315W,0,2.2806695,0.2322562038898468,0.8050000071525574,0.2660999894142151
YKL150W,YBR180W,0,2.2801752,0.23218920826911926,0.8050000071525574,0.2662000060081482
YMR276W,YPL151C,0,2.280016,0.2321222573518753,0.8050000071525574,0.2662999927997589
YGR193C,YOR322C,0,2.2792943,0.23205535113811493,0.8050000071525574,0.266400009393692
YOL132W,YGR165W,0,2.27883,0.23198847472667694,0.8050000071525574,0.26649999618530273
YML041C,YBL008W,1,2.2786794,0.23220974206924438,0.8059999942779541,0.26649999618530273
YKL119C,YLR237W,0,2.2778919,0.2321428507566452,0.8059999942779541,0.26660001277923584
YNL232W,YOR168W,0,2.2773027,0.2320760190486908,0.8059999942779541,0.26669999957084656
YDR007W,YGL233W,0,2.277087,0.23200921714305878,0.8059999942779541,0.2667999863624573
YAL020C,YER013W,0,2.2764158,0.23194244503974915,0.8059999942779541,0.2669000029563904
YLR403W,YGL171W,0,2.2763295,0.2318757176399231,0.8059999942779541,0.2669999897480011
YMR117C,YDR416W,0,2.2759476,0.23180903494358063,0.8059999942779541,0.2671000063419342
YDR205W,YMR016C,0,2.2757776,0.23174238204956055,0.8059999942779541,0.2671999931335449
YMR282C,YFL041W,0,2.2749643,0.23167577385902405,0.8059999942779541,0.267300009727478
YNL330C,YBR289W,1,2.2730942,0.2318965494632721,0.8069999814033508,0.267300009727478
YOR174W,YGR244C,0,2.272818,0.2318299412727356,0.8069999814033508,0.26739999651908875
YKL013C,YBR267W,0,2.2717743,0.2317633479833603,0.8069999814033508,0.26750001311302185
YNR057C,YOL051W,0,2.2717519,0.23169681429862976,0.8069999814033508,0.26759999990463257
YOR061W,YBR086C,0,2.271635,0.23163031041622162,0.8069999814033508,0.2676999866962433
YGR032W,YML086C,0,2.2712216,0.23156385123729706,0.8069999814033508,0.2678000032901764
YDR072C,YNL026W,0,2.2708936,0.23149742186069489,0.8069999814033508,0.2678999900817871
YLR238W,YEL037C,0,2.2683816,0.2314310222864151,0.8069999814033508,0.2680000066757202
YMR080C,YLR357W,1,2.2676105,0.23165138065814972,0.8080000281333923,0.2680000066757202
YJR022W,YBR218C,0,2.266851,0.23158498108386993,0.8080000281333923,0.26809999346733093
YIL008W,YGR010W,0,2.2659807,0.23151862621307373,0.8080000281333923,0.26820001006126404
YLR403W,YHR046C,0,2.2655156,0.23145230114459991,0.8080000281333923,0.26829999685287476
YGL233W,YDL006W,0,2.2651582,0.23138602077960968,0.8080000281333923,0.26840001344680786
YOL072W,YGR191W,0,2.264797,0.23131978511810303,0.8080000281333923,0.2685000002384186
YGR061C,YMR023C,0,2.2647614,0.23125357925891876,0.8080000281333923,0.2685999870300293
YPL019C,YKR095W,0,2.2644715,0.23118740320205688,0.8080000281333923,0.2687000036239624
YDL164C,YCR020C,0,2.264163,0.23112128674983978,0.8080000281333923,0.2687999904155731
YDR364C,YML076C,0,2.2640905,0.23105518519878387,0.8080000281333923,0.2689000070095062
YGR223C,YKL010C,0,2.2639432,0.23098914325237274,0.8080000281333923,0.26899999380111694
YBR150C,YEL052W,0,2.2634916,0.2309231162071228,0.8080000281333923,0.26910001039505005
YHR201C,YDR047W,0,2.2634845,0.23085714876651764,0.8080000281333923,0.26919999718666077
YDL197C,YGL037C,1,2.2629962,0.23107683658599854,0.8090000152587891,0.26919999718666077
YGR081C,YOR217W,0,2.262494,0.23101085424423218,0.8090000152587891,0.26930001378059387
YPL206C,YAL021C,0,2.261815,0.2309449017047882,0.8090000152587891,0.2694000005722046
YOL004W,YLR052W,1,2.2615805,0.2311643809080124,0.8100000023841858,0.2694000005722046
YJL130C,YNR074C,0,2.2608204,0.23109842836856842,0.8100000023841858,0.2694999873638153
YGR271W,YNL287W,0,2.2605748,0.23103252053260803,0.8100000023841858,0.2696000039577484
YDL099W,YGR135W,0,2.2603638,0.23096664249897003,0.8100000023841858,0.26969999074935913
YDR093W,YNL232W,0,2.260253,0.23090079426765442,0.8100000023841858,0.26980000734329224
YKL108W,YJR139C,0,2.260071,0.2308349907398224,0.8100000023841858,0.26989999413490295
YJR101W,YPR152C,0,2.2595122,0.23076923191547394,0.8100000023841858,0.27000001072883606
YPL001W,YGL068W,0,2.2594929,0.23070350289344788,0.8100000023841858,0.2700999975204468
YNL206C,YJL081C,1,2.259417,0.23092254996299744,0.8109999895095825,0.2700999975204468
YLR244C,YPL082C,0,2.2589507,0.23085682094097137,0.8109999895095825,0.2702000141143799
YLR206W,YER171W,0,2.2583914,0.2307911217212677,0.8109999895095825,0.2703000009059906
YFR024C-A,YKL020C,0,2.2583637,0.2307254672050476,0.8109999895095825,0.2703999876976013
YDR100W,YDR172W,0,2.2576628,0.2306598424911499,0.8109999895095825,0.2705000042915344
YPR131C,YKL134C,0,2.2569587,0.23059426248073578,0.8109999895095825,0.27059999108314514
YBR213W,YOR179C,0,2.2568626,0.23052871227264404,0.8109999895095825,0.27070000767707825
YBR012W-B,YIL011W,0,2.2565885,0.2304632067680359,0.8109999895095825,0.27079999446868896
YER161C,YGL112C,1,2.2563682,0.23068182170391083,0.8119999766349792,0.27079999446868896
YGL192W,YDL055C,0,2.2561278,0.23061630129814148,0.8119999766349792,0.27090001106262207
YPL161C,YER082C,0,2.256096,0.2305508255958557,0.8119999766349792,0.2709999978542328
YER088C,YLL022C,1,2.255847,0.23076923191547394,0.8130000233650208,0.2709999978542328
YOL005C,YGR252W,0,2.2552152,0.23070374131202698,0.8130000233650208,0.2711000144481659
YGR071C,YLR327C,0,2.2544641,0.2306382954120636,0.8130000233650208,0.2712000012397766
YPR041W,YMR183C,0,2.254187,0.2305728942155838,0.8130000233650208,0.27129998803138733
YOR249C,YOR250C,0,2.254136,0.2305075079202652,0.8130000233650208,0.27140000462532043
YMR038C,YIR009W,0,2.2536488,0.23044218122959137,0.8130000233650208,0.27149999141693115
YKL168C,YKL010C,0,2.252833,0.23037688434123993,0.8130000233650208,0.27160000801086426
YBR264C,YBR254C,0,2.2527456,0.23031161725521088,0.8130000233650208,0.271699994802475
YDL105W,YMR284W,1,2.2518659,0.23052959144115448,0.8140000104904175,0.271699994802475
YLR170C,YEL062W,0,2.251863,0.23046432435512543,0.8140000104904175,0.2718000113964081
YAL020C,YDL029W,0,2.2510595,0.23039908707141876,0.8140000104904175,0.2718999981880188
YJR058C,YPL092W,0,2.2510538,0.23033389449119568,0.8140000104904175,0.2720000147819519
YCR046C,YPL214C,0,2.2509217,0.23026874661445618,0.8140000104904175,0.2721000015735626
YFR050C,YDR170C,0,2.2507205,0.23020361363887787,0.8140000104904175,0.27219998836517334
YPL038W,YPL110C,0,2.2504592,0.23013854026794434,0.8140000104904175,0.27230000495910645
YJL094C,YNL318C,0,2.249906,0.230073481798172,0.8140000104904175,0.27239999175071716
YGL049C,YPR163C,0,2.2496405,0.23000848293304443,0.8140000104904175,0.27250000834465027
YHR004C,YNL244C,0,2.249638,0.22994349896907806,0.8140000104904175,0.272599995136261
YLR370C,YNL309W,0,2.249125,0.22987855970859528,0.8140000104904175,0.2727000117301941
YPL145C,YKL203C,0,2.248774,0.22981366515159607,0.8140000104904175,0.2727999985218048
YNL289W,YPR133C,0,2.24805,0.22974880039691925,0.8140000104904175,0.2728999853134155
YDR166C,YHR109W,0,2.2479732,0.229683980345726,0.8140000104904175,0.27300000190734863
YJL186W,YGR076C,0,2.247695,0.22961917519569397,0.8140000104904175,0.27309998869895935
YMR150C,YPL104W,0,2.2476068,0.2295544296503067,0.8140000104904175,0.27320000529289246
YOL105C,YPL085W,0,2.2470026,0.22948971390724182,0.8140000104904175,0.2732999920845032
YPL140C,YDR105C,0,2.2469554,0.22942502796649933,0.8140000104904175,0.2734000086784363
YPL140C,YBR037C,0,2.2467828,0.22936038672924042,0.8140000104904175,0.273499995470047
YGL009C,YDL007W,0,2.2467613,0.2292957752943039,0.8140000104904175,0.2736000120639801
YDL197C,YNL330C,1,2.2466109,0.22951281070709229,0.8149999976158142,0.2736000120639801
YHL016C,YOL101C,0,2.2466078,0.22944819927215576,0.8149999976158142,0.2736999988555908
YJR143C,YJR013W,0,2.2461956,0.22938361763954163,0.8149999976158142,0.27379998564720154
YJL011C,YPL193W,0,2.2456622,0.22931908071041107,0.8149999976158142,0.27390000224113464
YAL010C,YFL036W,0,2.245523,0.2292545735836029,0.8149999976158142,0.27399998903274536
YMR314W,YJL057C,0,2.2454987,0.22919009625911713,0.8149999976158142,0.27410000562667847
YDL008W,YNL189W,0,2.2451148,0.22912566363811493,0.8149999976158142,0.2741999924182892
YBL088C,YKL185W,0,2.2449021,0.2290612757205963,0.8149999976158142,0.2743000090122223
YNR015W,YMR292W,0,2.244801,0.2289969027042389,0.8149999976158142,0.274399995803833
YDR326C,YDR189W,0,2.2435308,0.22893258929252625,0.8149999976158142,0.2745000123977661
YLR440C,YPR192W,0,2.2434015,0.2288682907819748,0.8149999976158142,0.27459999918937683
YDR406W,YDR238C,0,2.2430515,0.22880403697490692,0.8149999976158142,0.27469998598098755
YNR060W,YGL243W,0,2.2430444,0.22873982787132263,0.8149999976158142,0.27480000257492065
YDR405W,YFR008W,0,2.242889,0.22867564857006073,0.8149999976158142,0.27489998936653137
YDR279W,YOR071C,0,2.2422934,0.22861149907112122,0.8149999976158142,0.2750000059604645
YKL093W,YKL173W,0,2.2418084,0.22854739427566528,0.8149999976158142,0.2750999927520752
YDR379W,YOR349W,0,2.2414055,0.22848331928253174,0.8149999976158142,0.2752000093460083
YBR075W,YKL001C,0,2.241344,0.22841928899288177,0.8149999976158142,0.275299996137619
YPL060W,YOR145C,0,2.2408648,0.2283552885055542,0.8149999976158142,0.2754000127315521
YGR083C,YMR205C,0,2.2391443,0.228291317820549,0.8149999976158142,0.27549999952316284
YGL078C,YNR050C,0,2.238021,0.2282273918390274,0.8149999976158142,0.27559998631477356
YPR041W,YDL098C,0,2.2379856,0.22816349565982819,0.8149999976158142,0.27570000290870667
YGR135W,YAR031W,0,2.2377653,0.22809962928295135,0.8149999976158142,0.2757999897003174
YDR040C,YGR143W,0,2.2374182,0.2280358076095581,0.8149999976158142,0.2759000062942505
YDR062W,YHR047C,0,2.236144,0.22797203063964844,0.8149999976158142,0.2759999930858612
YPR043W,YBR059C,0,2.2359805,0.22790828347206116,0.8149999976158142,0.2761000096797943
YMR071C,YJL008C,0,2.2351222,0.22784456610679626,0.8149999976158142,0.27619999647140503
YMR090W,YJL225C,0,2.2345755,0.22778087854385376,0.8149999976158142,0.27630001306533813
YLR347C,YKR031C,0,2.2345717,0.22771723568439484,0.8149999976158142,0.27639999985694885
YOR038C,YPR068C,1,2.2344232,0.22793295979499817,0.8159999847412109,0.27639999985694885
YBL078C,YDR351W,0,2.234404,0.22786931693553925,0.8159999847412109,0.27649998664855957
YER133W,YBR091C,0,2.2343771,0.22780568897724152,0.8159999847412109,0.2766000032424927
YDR218C,YLL024C,0,2.233964,0.22774212062358856,0.8159999847412109,0.2766999900341034
YAL063C,YPR072W,0,2.233728,0.2276785671710968,0.8159999847412109,0.2768000066280365
YDR167W,YDR439W,1,2.2336864,0.22789400815963745,0.8169999718666077,0.2768000066280365
YKL145W,YBL080C,0,2.2329285,0.2278304547071457,0.8169999718666077,0.2768999934196472
YDL245C,YJL125C,0,2.232829,0.22776693105697632,0.8169999718666077,0.2770000100135803
YIL143C,YLR129W,0,2.2316523,0.22770345211029053,0.8169999718666077,0.27709999680519104
YCR047C,YOL076W,0,2.2311323,0.22764001786708832,0.8169999718666077,0.27720001339912415
YGR235C,YOL040C,0,2.2301474,0.2275765985250473,0.8169999718666077,0.27730000019073486
YER173W,YJL192C,0,2.2296984,0.22751322388648987,0.8169999718666077,0.2773999869823456
YGL063W,YLR430W,0,2.2294817,0.22744989395141602,0.8169999718666077,0.2775000035762787
YDL111C,YJL078C,0,2.229165,0.22738657891750336,0.8169999718666077,0.2775999903678894
YDL184C,YGL119W,0,2.2288167,0.22732332348823547,0.8169999718666077,0.2777000069618225
YMR233W,YBL013W,0,2.2276711,0.22726008296012878,0.8169999718666077,0.2777999937534332
YMR198W,YOR066W,0,2.2275105,0.22719688713550568,0.8169999718666077,0.27790001034736633
YER012W,YDR176W,0,2.2269752,0.22713372111320496,0.8169999718666077,0.27799999713897705
YDR224C,YJL081C,1,2.2254028,0.22734852135181427,0.8180000185966492,0.27799999713897705
YOL152W,YHR005C,0,2.2250152,0.22728535532951355,0.8180000185966492,0.27810001373291016
YHR118C,YOR209C,1,2.223649,0.22750000655651093,0.8190000057220459,0.27810001373291016
YGL105W,YDR050C,0,2.2232246,0.227436825633049,0.8190000057220459,0.2782000005245209
YBL087C,YLR007W,0,2.223224,0.22737367451190948,0.8190000057220459,0.2782999873161316
YPR118W,YER074W,0,2.221994,0.22731056809425354,0.8190000057220459,0.2784000039100647
YDR397C,YBL098W,0,2.2200413,0.22724750638008118,0.8190000057220459,0.2784999907016754
YER056C,YGR008C,0,2.2197669,0.22718445956707,0.8190000057220459,0.2786000072956085
YDR081C,YHR082C,0,2.2195392,0.22712145745754242,0.8190000057220459,0.27869999408721924
YNL096C,YBL068W,0,2.2189436,0.2270585000514984,0.8190000057220459,0.27880001068115234
YBR176W,YNR020C,0,2.2187352,0.2269955724477768,0.8190000057220459,0.27889999747276306
YOR278W,YDL017W,0,2.218521,0.22693267464637756,0.8190000057220459,0.27900001406669617
YDL012C,YNL091W,0,2.2183666,0.22686980664730072,0.8190000057220459,0.2791000008583069
YBR090C-A,YDR224C,1,2.2171135,0.22708390653133392,0.8199999928474426,0.2791000008583069
YPR024W,YKR083C,0,2.2169619,0.22702103853225708,0.8199999928474426,0.2791999876499176
YKL182W,YOL051W,0,2.216752,0.22695820033550262,0.8199999928474426,0.2793000042438507
YLR384C,YLR067C,0,2.2166877,0.22689540684223175,0.8199999928474426,0.2793999910354614
YMR077C,YMR213W,0,2.216404,0.22683264315128326,0.8199999928474426,0.27950000762939453
YBR289W,YMR091C,1,2.2161562,0.22704645991325378,0.8209999799728394,0.27950000762939453
YKR035W-A,YGL053W,0,2.2158694,0.2269836813211441,0.8209999799728394,0.27959999442100525
YER179W,YHL038C,0,2.2158003,0.226920947432518,0.8209999799728394,0.27970001101493835
YGR044C,YCR105W,0,2.215436,0.2268582433462143,0.8209999799728394,0.2797999978065491
YER051W,YOR260W,0,2.2152765,0.22679558396339417,0.8209999799728394,0.2799000144004822
YGL192W,YDR447C,0,2.215229,0.22673293948173523,0.8209999799728394,0.2800000011920929
YNL098C,YMR042W,0,2.2149386,0.22667035460472107,0.8209999799728394,0.2800999879837036
YOR209C,YLR385C,1,2.2148428,0.22688379883766174,0.8220000267028809,0.2800999879837036
YHL050C,YNL223W,0,2.2147899,0.2268211990594864,0.8220000267028809,0.2802000045776367
YER050C,YLR176C,0,2.2129955,0.22675861418247223,0.8220000267028809,0.28029999136924744
YDL197C,YCR052W,1,2.2127986,0.22697186470031738,0.8230000138282776,0.28029999136924744
YKL042W,YER120W,0,2.2127562,0.22690929472446442,0.8230000138282776,0.28040000796318054
YJR134C,YHR005C,0,2.2125082,0.22684675455093384,0.8230000138282776,0.28049999475479126
YHR164C,YKR050W,0,2.2124696,0.22678424417972565,0.8230000138282776,0.28060001134872437
YOR242C,YGR095C,0,2.2117229,0.22672176361083984,0.8230000138282776,0.2806999981403351
YHR056C,YLR321C,1,2.2114894,0.22693473100662231,0.8240000009536743,0.2806999981403351
YLR305C,YPR169W,0,2.2108312,0.2268722504377365,0.8240000009536743,0.2808000147342682
YBR065C,YDR287W,0,2.2103481,0.2268097996711731,0.8240000009536743,0.2809000015258789
YDR369C,YBL080C,0,2.2101746,0.22674737870693207,0.8240000009536743,0.2809999883174896
YJR089W,YNL307C,0,2.209955,0.22668500244617462,0.8240000009536743,0.28110000491142273
YML113W,YBR058C,0,2.209739,0.22662265598773956,0.8240000009536743,0.28119999170303345
YHR119W,YMR223W,1,2.2083182,0.22683531045913696,0.824999988079071,0.28119999170303345
YDR329C,YKR105C,0,2.2082167,0.2267729490995407,0.824999988079071,0.28130000829696655
YBR120C,YDR443C,0,2.2076623,0.22671063244342804,0.824999988079071,0.28139999508857727
YPR134W,YPR031W,0,2.206224,0.22664834558963776,0.824999988079071,0.2815000116825104
YLR060W,YJL214W,0,2.2054906,0.22658610343933105,0.824999988079071,0.2815999984741211
YIL173W,YGL158W,0,2.2051969,0.22652389109134674,0.824999988079071,0.2816999852657318
YBR245C,YHL025W,1,2.2048821,0.22673620283603668,0.8259999752044678,0.2816999852657318
YDR009W,YOR034C,0,2.204226,0.22667399048805237,0.8259999752044678,0.2818000018596649
YDR420W,YBR015C,0,2.2039073,0.22661179304122925,0.8259999752044678,0.28189998865127563
YDR190C,YOL004W,1,2.203796,0.22682391107082367,0.8270000219345093,0.28189998865127563
YCL027W,YOL100W,0,2.2031927,0.22676172852516174,0.8270000219345093,0.28200000524520874
YER133W,YBL034C,0,2.2028737,0.226699560880661,0.8270000219345093,0.28209999203681946
YDL140C,YBL052C,1,2.2028394,0.2269114851951599,0.828000009059906,0.28209999203681946
YGL226C-A,YGL227W,0,2.2026725,0.22684931755065918,0.828000009059906,0.28220000863075256
YGL021W,YER068W,0,2.2022054,0.22678717970848083,0.828000009059906,0.2822999954223633
YDR483W,YCR060W,0,2.2012222,0.22672508656978607,0.828000009059906,0.2824000120162964
YDR456W,YDL138W,0,2.2008839,0.2266630232334137,0.828000009059906,0.2824999988079071
YIL118W,YHR103W,0,2.200778,0.2266009896993637,0.828000009059906,0.2825999855995178
YOL012C,YLR357W,1,2.2006197,0.22681258618831635,0.8289999961853027,0.2825999855995178
YOR259C,YKR058W,0,2.2005987,0.22675055265426636,0.8289999961853027,0.2827000021934509
YDL007W,YDR534C,0,2.1998594,0.22668854892253876,0.8289999961853027,0.28279998898506165
YCL001W,YGL089C,0,2.1995792,0.22662657499313354,0.8289999961853027,0.28290000557899475
YKL161C,YDR078C,0,2.1994948,0.22656463086605072,0.8289999961853027,0.28299999237060547
YBL031W,YIL007C,0,2.1994386,0.22650273144245148,0.8289999961853027,0.2831000089645386
YBR095C,YNL049C,0,2.1993563,0.22644086182117462,0.8289999961853027,0.2831999957561493
YER133W,YKR090W,0,2.1992092,0.22637902200222015,0.8289999961853027,0.2833000123500824
YCL014W,YDR392W,0,2.1991324,0.22631722688674927,0.8289999961853027,0.2833999991416931
YEL050C,YGR212W,0,2.1989918,0.22625546157360077,0.8289999961853027,0.28349998593330383
YDR128W,YGR120C,0,2.1982741,0.22619372606277466,0.8289999961853027,0.28360000252723694
YBR095C,YML048W,0,2.1975398,0.22613202035427094,0.8289999961853027,0.28369998931884766
YJR016C,YMR311C,0,2.1971297,0.2260703593492508,0.8289999961853027,0.28380000591278076
YPL204W,YDR002W,0,2.1970677,0.22600872814655304,0.8289999961853027,0.2838999927043915
YPL064C,YPL198W,0,2.196825,0.22594712674617767,0.8289999961853027,0.2840000092983246
YOR079C,YJL082W,0,2.1967978,0.2258855551481247,0.8289999961853027,0.2840999960899353
YLL038C,YIL072W,0,2.196714,0.2258240282535553,0.8289999961853027,0.2842000126838684
YPR035W,YLR403W,0,2.1962566,0.2257625311613083,0.8289999961853027,0.2842999994754791
YHR186C,YIL004C,0,2.1957731,0.22570106387138367,0.8289999961853027,0.28439998626708984
YOR294W,YDR468C,0,2.1944404,0.22563962638378143,0.8289999961853027,0.28450000286102295
YDL135C,YDR067C,0,2.194128,0.22557823359966278,0.8289999961853027,0.28459998965263367
YDL164C,YKL143W,0,2.1936483,0.22551687061786652,0.8289999961853027,0.2847000062465668
YDR372C,YOR110W,0,2.1936061,0.22545553743839264,0.8289999961853027,0.2847999930381775
YPR005C,YBR050C,0,2.1925902,0.22539423406124115,0.8289999961853027,0.2849000096321106
YBL074C,YOR237W,0,2.1924005,0.22533297538757324,0.8289999961853027,0.2849999964237213
YGR029W,YLR265C,0,2.1914864,0.22527174651622772,0.8289999961853027,0.2851000130176544
YDR045C,YPR073C,0,2.1914303,0.2252105474472046,0.8289999961853027,0.28519999980926514
YHR113W,YPL204W,0,2.1910133,0.22514937818050385,0.8289999961853027,0.28529998660087585
YGL225W,YJR139C,0,2.1910055,0.2250882387161255,0.8289999961853027,0.28540000319480896
YOR351C,YCR002C,0,2.1908648,0.2250271439552307,0.8289999961853027,0.2854999899864197
YLR090W,YGR217W,0,2.1904674,0.22496607899665833,0.8289999961853027,0.2856000065803528
YKR037C,YDR126W,0,2.1898155,0.22490504384040833,0.8289999961853027,0.2856999933719635
YDL019C,YPR200C,0,2.1895337,0.2248440533876419,0.8289999961853027,0.2858000099658966
YHR186C,YKL161C,0,2.189289,0.22478307783603668,0.8289999961853027,0.2858999967575073
YKL005C,YPL161C,0,2.1889458,0.22472214698791504,0.8289999961853027,0.28600001335144043
YHR090C,YLR390W,0,2.1879203,0.22466124594211578,0.8289999961853027,0.28610000014305115
YNL178W,YDR371W,0,2.1871977,0.22460037469863892,0.8289999961853027,0.28619998693466187
YCR011C,YDL075W,0,2.1865134,0.22453954815864563,0.8289999961853027,0.28630000352859497
YBR089C-A,YDR334W,1,2.1854258,0.22474952042102814,0.8299999833106995,0.28630000352859497
YER007W,YNL306W,0,2.1852965,0.22468867897987366,0.8299999833106995,0.2863999903202057
YLR364W,YJL057C,0,2.1848116,0.22462788224220276,0.8299999833106995,0.2865000069141388
YGR296W,YDR200C,0,2.1848001,0.22456710040569305,0.8299999833106995,0.2865999937057495
YKL201C,YBR271W,0,2.1846485,0.22450636327266693,0.8299999833106995,0.2867000102996826
YGL195W,YIR015W,0,2.1843135,0.224445641040802,0.8299999833106995,0.28679999709129333
YMR180C,YJR001W,0,2.1843097,0.22438496351242065,0.8299999833106995,0.28690001368522644
YGL161C,YJL134W,0,2.183297,0.2243243306875229,0.8299999833106995,0.28700000047683716
YGL249W,YDR512C,0,2.1827097,0.22426371276378632,0.8299999833106995,0.2870999872684479
YJL056C,YAR042W,0,2.1824603,0.22420313954353333,0.8299999833106995,0.287200003862381
YMR009W,YPL115C,0,2.1821647,0.22414258122444153,0.8299999833106995,0.2872999906539917
YDR287W,YDR078C,0,2.1819654,0.2240820676088333,0.8299999833106995,0.2874000072479248
YEL050C,YDR378C,0,2.1802773,0.22402159869670868,0.8299999833106995,0.2874999940395355
YOL009C,YBR295W,0,2.180203,0.22396114468574524,0.8299999833106995,0.28760001063346863
YLR086W,YKL172W,0,2.179605,0.22390073537826538,0.8299999833106995,0.28769999742507935
YNR008W,YHL015W,0,2.178638,0.22384034097194672,0.8299999833106995,0.28780001401901245
YNL322C,YML091C,0,2.1785202,0.22377999126911163,0.8299999833106995,0.28790000081062317
YNL151C,YNL288W,0,2.1783142,0.22371967136859894,0.8299999833106995,0.2879999876022339
YLR214W,YDR332W,0,2.1777687,0.22365939617156982,0.8299999833106995,0.288100004196167
YOR101W,YJR110W,0,2.1776562,0.2235991358757019,0.8299999833106995,0.2881999909877777
YJR049C,YNL283C,0,2.1773052,0.22353892028331757,0.8299999833106995,0.2883000075817108
YPR083W,YHR074W,0,2.176632,0.22347873449325562,0.8299999833106995,0.28839999437332153
YOR341W,YAL002W,0,2.1753354,0.22341857850551605,0.8299999833106995,0.28850001096725464
YDR201W,YOL126C,0,2.1740127,0.22335845232009888,0.8299999833106995,0.28859999775886536
YPR002W,YML080W,0,2.1735773,0.2232983559370041,0.8299999833106995,0.28870001435279846
YBR289W,YFR013W,1,2.1732235,0.22350725531578064,0.8309999704360962,0.28870001435279846
YGR263C,YDR494W,0,2.172649,0.22344715893268585,0.8309999704360962,0.2888000011444092
YMR237W,YHR206W,0,2.1725588,0.22338709235191345,0.8309999704360962,0.2888999879360199
YPR080W,YDR211W,0,2.172523,0.22332705557346344,0.8309999704360962,0.289000004529953
YDR534C,YDR233C,0,2.17248,0.223267063498497,0.8309999704360962,0.2890999913215637
YOR383C,YOR324C,0,2.1724684,0.22320708632469177,0.8309999704360962,0.2892000079154968
YOL139C,YNR030W,0,2.1717339,0.22314715385437012,0.8309999704360962,0.28929999470710754
YPL036W,YAL060W,0,2.1715026,0.22308725118637085,0.8309999704360962,0.28940001130104065
YLR459W,YDR312W,0,2.1710043,0.22302737832069397,0.8309999704360962,0.28949999809265137
YDL140C,YOL090W,1,2.1704755,0.2232358455657959,0.8320000171661377,0.28949999809265137
YOR357C,YJL059W,0,2.1700997,0.22317597270011902,0.8320000171661377,0.2896000146865845
YBR089C-A,YAL011W,1,2.1699255,0.223384290933609,0.8330000042915344,0.2896000146865845
YER161C,YCR052W,1,2.169892,0.22359248995780945,0.8339999914169312,0.2896000146865845
YOR241W,YDL195W,0,2.1698205,0.223532572388649,0.8339999914169312,0.2897000014781952
YOL093W,YOR148C,0,2.1697254,0.22347266972064972,0.8339999914169312,0.2897999882698059
YBL103C,YMR215W,0,2.1692824,0.22341281175613403,0.8339999914169312,0.289900004863739
YDR071C,YOL090W,1,2.1689315,0.22362078726291656,0.8349999785423279,0.289900004863739
YPL143W,YOR048C,0,2.1688662,0.22356091439723969,0.8349999785423279,0.28999999165534973
YPL145C,YBL085W,0,2.1687737,0.2235010713338852,0.8349999785423279,0.29010000824928284
YDR145W,YGR116W,1,2.1685996,0.2237088531255722,0.8360000252723694,0.29010000824928284
YLR127C,YIL093C,0,2.1683736,0.2236490100622177,0.8360000252723694,0.29019999504089355
YEL056W,YNL049C,0,2.167327,0.2235891968011856,0.8360000252723694,0.29030001163482666
YMR032W,YER056C-A,0,2.167315,0.2235294133424759,0.8360000252723694,0.2903999984264374
YKL005C,YCR002C,0,2.166783,0.22346965968608856,0.8360000252723694,0.2904999852180481
YDL197C,YPR034W,1,2.1664324,0.22367717325687408,0.8370000123977661,0.2904999852180481
YJR101W,YHR029C,0,2.1659472,0.22361741960048676,0.8370000123977661,0.2906000018119812
YGR296W,YMR022W,0,2.1646004,0.22355769574642181,0.8370000123977661,0.2906999886035919
YKR100C,YDR252W,0,2.1643114,0.22349800169467926,0.8370000123977661,0.290800005197525
YJR140C,YPL129W,1,2.1626155,0.22370529174804688,0.8379999995231628,0.290800005197525
YJR041C,YKR068C,0,2.1623971,0.22364558279514313,0.8379999995231628,0.29089999198913574
YGL009C,YPL202C,0,2.1623232,0.22358591854572296,0.8379999995231628,0.29100000858306885
YMR112C,YBR254C,0,2.1623037,0.223526269197464,0.8379999995231628,0.29109999537467957
YMR097C,YOR206W,0,2.1622794,0.2234666645526886,0.8379999995231628,0.29120001196861267
YER033C,YKL189W,0,2.1622205,0.2234070897102356,0.8379999995231628,0.2912999987602234
YIL160C,YBR128C,0,2.1615734,0.22334754467010498,0.8379999995231628,0.2913999855518341
YDL179W,YLR300W,0,2.1614203,0.22328802943229675,0.8379999995231628,0.2915000021457672
YMR025W,YJR004C,0,2.1610327,0.2232285588979721,0.8379999995231628,0.29159998893737793
YNR008W,YLR391W,0,2.1606731,0.22316910326480865,0.8379999995231628,0.29170000553131104
YKL079W,YPR008W,0,2.160303,0.22310969233512878,0.8379999995231628,0.29179999232292175
YCR091W,YDR297W,0,2.159452,0.2230503112077713,0.8379999995231628,0.29190000891685486
YGR264C,YJL168C,0,2.1592598,0.2229909598827362,0.8379999995231628,0.2919999957084656
YMR281W,YML080W,0,2.15878,0.2229316234588623,0.8379999995231628,0.2921000123023987
YDL200C,YLR175W,0,2.1586547,0.22287234663963318,0.8379999995231628,0.2921999990940094
YCR098C,YLR115W,0,2.1584883,0.22281308472156525,0.8379999995231628,0.2922999858856201
YLR293C,YDL113C,0,2.1583683,0.2227538526058197,0.8379999995231628,0.2924000024795532
YLR213C,YPL105C,0,2.157772,0.22269466519355774,0.8379999995231628,0.29249998927116394
YOL133W,YNR050C,0,2.157597,0.22263549268245697,0.8379999995231628,0.29260000586509705
YHR037W,YDL087C,0,2.1574378,0.22257636487483978,0.8379999995231628,0.29269999265670776
YPL189W,YBR061C,0,2.1572897,0.22251726686954498,0.8379999995231628,0.29280000925064087
YGL050W,YHL038C,0,2.1569986,0.22245818376541138,0.8379999995231628,0.2928999960422516
YCL048W,YPR149W,0,2.1561403,0.22239914536476135,0.8379999995231628,0.2930000126361847
YMR176W,YNL230C,0,2.155643,0.22234013676643372,0.8379999995231628,0.2930999994277954
YDR260C,YIR026C,0,2.155539,0.22228117287158966,0.8379999995231628,0.29319998621940613
YLR381W,YMR045C,0,2.155079,0.2222222238779068,0.8379999995231628,0.29330000281333923
YCL048W,YMR319C,0,2.15504,0.22216330468654633,0.8379999995231628,0.29339998960494995
YDL247W,YDL164C,0,2.1531405,0.22210443019866943,0.8379999995231628,0.29350000619888306
YNL243W,YJL072C,0,2.1529217,0.22204557061195374,0.8379999995231628,0.2935999929904938
YPL042C,YBL063W,0,2.1528683,0.22198675572872162,0.8379999995231628,0.2937000095844269
YBL091C,YER049W,0,2.1523147,0.2219279706478119,0.8379999995231628,0.2937999963760376
YOR086C,YJL197W,0,2.152234,0.22186921536922455,0.8379999995231628,0.2939000129699707
YBR189W,YPL149W,0,2.152186,0.2218104749917984,0.8379999995231628,0.2939999997615814
YDR448W,YOR275C,0,2.1510737,0.22175177931785583,0.8379999995231628,0.29409998655319214
YOL103W,YNL121C,0,2.1510239,0.22169312834739685,0.8379999995231628,0.29420000314712524
YHL021C,YDR257C,0,2.150638,0.22163449227809906,0.8379999995231628,0.29429998993873596
YFL017W-A,YPL157W,0,2.1506026,0.22157588601112366,0.8379999995231628,0.29440000653266907
YLR145W,YML086C,0,2.1496692,0.22151730954647064,0.8379999995231628,0.2944999933242798
YML041C,YNL031C,1,2.149393,0.2217230498790741,0.8389999866485596,0.2944999933242798
YER161C,YER088C,1,2.148199,0.221928671002388,0.8399999737739563,0.2944999933242798
YPR125W,YDL101C,0,2.1481168,0.2218700498342514,0.8399999737739563,0.2946000099182129
YER159C,YOR264W,0,2.1477814,0.2218114584684372,0.8399999737739563,0.2946999967098236
YDR496C,YDR288W,0,2.1476953,0.22175289690494537,0.8399999737739563,0.2948000133037567
YML063W,YHL027W,0,2.147557,0.22169438004493713,0.8399999737739563,0.29490000009536743
YBR038W,YBR020W,0,2.1475391,0.2216358780860901,0.8399999737739563,0.29499998688697815
YMR038C,YOL010W,0,2.147408,0.22157742083072662,0.8399999737739563,0.29510000348091125
YMR208W,YDL033C,0,2.1470804,0.22151899337768555,0.8399999737739563,0.295199990272522
YMR080C,YOR304W,1,2.1470637,0.2217242270708084,0.8410000205039978,0.295199990272522
YLR314C,YNL026W,0,2.1465497,0.22166578471660614,0.8410000205039978,0.2953000068664551
YNR035C,YJR031C,0,2.1460814,0.22160737216472626,0.8410000205039978,0.2953999936580658
YER008C,YBR260C,0,2.144562,0.22154900431632996,0.8410000205039978,0.2955000102519989
YML077W,YIR009W,0,2.1443508,0.22149065136909485,0.8410000205039978,0.2955999970436096
YMR002W,YMR312W,0,2.1439588,0.22143232822418213,0.8410000205039978,0.2957000136375427
YHR209W,YLR383W,0,2.14356,0.221374049782753,0.8410000205039978,0.29580000042915344
YIR004W,YMR042W,0,2.1427126,0.22131578624248505,0.8410000205039978,0.29589998722076416
YDR098C,YBL057C,0,2.142421,0.22125756740570068,0.8410000205039978,0.29600000381469727
YER113C,YKL178C,0,2.1416433,0.22119936347007751,0.8410000205039978,0.296099990606308
YGR082W,YDR096W,0,2.1415858,0.22114120423793793,0.8410000205039978,0.2962000072002411
YJR112W,YNR055C,0,2.140973,0.22108307480812073,0.8410000205039978,0.2962999939918518
YHR041C,YBL055C,0,2.140433,0.22102496027946472,0.8410000205039978,0.2964000105857849
YPR169W,YOL028C,0,2.1402252,0.2209668904542923,0.8410000205039978,0.29649999737739563
YDR111C,YJL085W,0,2.1397994,0.22090885043144226,0.8410000205039978,0.29660001397132874
YMR026C,YMR098C,0,2.1390965,0.2208508402109146,0.8410000205039978,0.29670000076293945
YER093C,YHL015W,0,2.1389263,0.22079285979270935,0.8410000205039978,0.29679998755455017
YEL037C,YGL220W,0,2.1388197,0.22073490917682648,0.8410000205039978,0.2969000041484833
YBL020W,YBR097W,0,2.1388125,0.220676988363266,0.8410000205039978,0.296999990940094
YBL072C,YLR404W,0,2.138277,0.2206190973520279,0.8410000205039978,0.2971000075340271
YBR243C,YEL005C,0,2.1381998,0.22056123614311218,0.8410000205039978,0.2971999943256378
YHR057C,YBR022W,0,2.1381714,0.22050340473651886,0.8410000205039978,0.2973000109195709
YOR351C,YER074W,0,2.1380363,0.22044560313224792,0.8410000205039978,0.29739999771118164
YLR442C,YIL126W,1,2.1377919,0.22064989805221558,0.8420000076293945,0.29739999771118164
YOL127W,YOL010W,0,2.1371021,0.22059208154678345,0.8420000076293945,0.29750001430511475
YOR059C,YPL089C,0,2.1368966,0.2205343097448349,0.8420000076293945,0.29760000109672546
YIL136W,YDR204W,0,2.1363752,0.22047656774520874,0.8420000076293945,0.2976999878883362
YLR059C,YDL047W,0,2.1356766,0.22041885554790497,0.8420000076293945,0.2978000044822693
YBL013W,YDR534C,0,2.1350577,0.2203611582517624,0.8420000076293945,0.29789999127388
YHL024W,YMR020W,0,2.1349702,0.2203035056591034,0.8420000076293945,0.2980000078678131
YNL328C,YFR001W,0,2.134217,0.22024588286876678,0.8420000076293945,0.29809999465942383
YOR224C,YNL214W,0,2.1341467,0.22018828988075256,0.8420000076293945,0.29820001125335693
YAL054C,YMR213W,0,2.1341376,0.22013071179389954,0.8420000076293945,0.29829999804496765
YOL004W,YGR274C,1,2.1338568,0.22033455967903137,0.8429999947547913,0.29829999804496765
YDR530C,YMR211W,0,2.133684,0.22027698159217834,0.8429999947547913,0.29840001463890076
YIL133C,YGL220W,0,2.133619,0.2202194333076477,0.8429999947547913,0.2985000014305115
YGR056W,YOR279C,1,2.133161,0.22042308747768402,0.843999981880188,0.2985000014305115
YOR347C,YBR145W,0,2.13307,0.22036553919315338,0.843999981880188,0.2985999882221222
YMR142C,YLR092W,0,2.1328027,0.22030802071094513,0.843999981880188,0.2987000048160553
YJR109C,YMR037C,0,2.1327875,0.22025051712989807,0.843999981880188,0.298799991607666
YIL035C,YDR197W,0,2.1326075,0.2201930582523346,0.843999981880188,0.2989000082015991
YGL026C,YLL045C,0,2.1324227,0.2201356291770935,0.843999981880188,0.29899999499320984
YHR158C,YAL041W,0,2.1321588,0.2200782299041748,0.843999981880188,0.29910001158714294
YLR359W,YIL043C,0,2.1321197,0.2200208604335785,0.843999981880188,0.29919999837875366
YBR084W,YGR254W,0,2.13197,0.21996350586414337,0.843999981880188,0.2992999851703644
YKR008W,YIL126W,1,2.1318429,0.22016675770282745,0.8450000286102295,0.2992999851703644
YDL205C,YBR295W,0,2.1306963,0.22010940313339233,0.8450000286102295,0.2994000017642975
YGR046W,YBR055C,0,2.130659,0.2200520783662796,0.8450000286102295,0.2994999885559082
YGL162W,YOL028C,0,2.1304662,0.21999479830265045,0.8450000286102295,0.2996000051498413
YKR055W,YAL043C,0,2.1296444,0.2199375331401825,0.8450000286102295,0.299699991941452
YIL111W,YJL167W,0,2.1290064,0.21988029778003693,0.8450000286102295,0.29980000853538513
YPL098C,YOL155C,0,2.1269026,0.21982310712337494,0.8450000286102295,0.29989999532699585
YBR031W,YCL039W,0,2.1256797,0.21976593136787415,0.8450000286102295,0.30000001192092896
YJL069C,YDR472W,0,2.1256196,0.21970878541469574,0.8450000286102295,0.3000999987125397
YER162C,YDL127W,0,2.1252944,0.21965166926383972,0.8450000286102295,0.3001999855041504
YDL069C,YER167W,0,2.125102,0.21959459781646729,0.8450000286102295,0.3003000020980835
YOR162C,YLR318W,0,2.1249816,0.21953754127025604,0.8450000286102295,0.3003999888896942
YCR014C,YMR312W,0,2.1249573,0.2194805145263672,0.8450000286102295,0.3005000054836273
YGR251W,YBR038W,0,2.1221018,0.21942353248596191,0.8450000286102295,0.30059999227523804
YPL252C,YJR131W,0,2.1213539,0.21936656534671783,0.8450000286102295,0.30070000886917114
YDR259C,YPL094C,0,2.1211011,0.21930962800979614,0.8450000286102295,0.30079999566078186
YOL165C,YNR007C,0,2.1206388,0.21925272047519684,0.8450000286102295,0.30090001225471497
YGR063C,YNL261W,1,2.1205473,0.21945525705814362,0.8460000157356262,0.30090001225471497
YBR240C,YGL243W,0,2.1205297,0.21939833462238312,0.8460000157356262,0.3009999990463257
YCR011C,YDL134C-A,0,2.1203914,0.2193414568901062,0.8460000157356262,0.3010999858379364
YOL165C,YPL156C,0,2.1197217,0.21928460896015167,0.8460000157356262,0.3012000024318695
YLR438C-A,YLR413W,0,2.118841,0.21922777593135834,0.8460000157356262,0.3012999892234802
YNL236W,YBL054W,0,2.118464,0.21917098760604858,0.8460000157356262,0.30140000581741333
YJR102C,YPL175W,0,2.1180134,0.21911421418190002,0.8460000157356262,0.30149999260902405
YDL046W,YNL026W,0,2.1178393,0.21905748546123505,0.8460000157356262,0.30160000920295715
YDL136W,YER017C,0,2.117517,0.21900077164173126,0.8460000157356262,0.30169999599456787
YNR059W,YKL141W,0,2.1173563,0.21894410252571106,0.8460000157356262,0.301800012588501
YCR096C,YIL061C,0,2.113682,0.21888744831085205,0.8460000157356262,0.3018999993801117
YPR034W,YGL194C,1,2.112587,0.21908949315547943,0.847000002861023,0.3018999993801117
YBR090C-A,YPR175W,1,2.1125379,0.21929143369197845,0.8479999899864197,0.3018999993801117
YLR006C,YGL137W,0,2.111558,0.21923474967479706,0.8479999899864197,0.3019999861717224
YLR430W,YDR247W,0,2.1105032,0.21917808055877686,0.8479999899864197,0.3021000027656555
YGL168W,YHR099W,0,2.110252,0.21912144124507904,0.8479999899864197,0.30219998955726624
YPL143W,YOL053C-A,0,2.1092422,0.2190648466348648,0.8479999899864197,0.30230000615119934
YNL102W,YNL073W,0,2.109092,0.21900826692581177,0.8479999899864197,0.30239999294281006
YIL107C,YDR238C,0,2.1085734,0.21895171701908112,0.8479999899864197,0.30250000953674316
YDR284C,YDR281C,0,2.107602,0.21889519691467285,0.8479999899864197,0.3025999963283539
YOR004W,YDR148C,0,2.1069074,0.21883870661258698,0.8479999899864197,0.302700012922287
YFL005W,YER031C,0,2.10672,0.2187822461128235,0.8479999899864197,0.3027999997138977
YOR069W,YDR406W,0,2.1055694,0.21872581541538239,0.8479999899864197,0.3028999865055084
YOR060C,YPR008W,0,2.1046865,0.21866941452026367,0.8479999899864197,0.30300000309944153
YMR163C,YMR200W,0,2.1037827,0.21861304342746735,0.8479999899864197,0.30309998989105225
YFL044C,YNL271C,0,2.1033213,0.2185567021369934,0.8479999899864197,0.30320000648498535
YOL144W,YML055W,0,2.1031516,0.21850039064884186,0.8479999899864197,0.30329999327659607
YDL209C,YBR301W,0,2.1025772,0.2184440940618515,0.8479999899864197,0.3034000098705292
YGR077C,YNL026W,0,2.1024907,0.21838784217834473,0.8479999899864197,0.3034999966621399
YOR257W,YBL005W,0,2.102249,0.21833162009716034,0.8479999899864197,0.303600013256073
YNL123W,YER027C,0,2.101802,0.21827541291713715,0.8479999899864197,0.3037000000476837
YLR090W,YEL059C-A,0,2.1017194,0.21821925044059753,0.8479999899864197,0.30379998683929443
YOR373W,YNL079C,0,2.1014338,0.21816310286521912,0.8479999899864197,0.30390000343322754
YHR165C,YBR120C,0,2.1014202,0.21810699999332428,0.8479999899864197,0.30399999022483826
YEL038W,YLR192C,0,2.0995486,0.21805091202259064,0.8479999899864197,0.30410000681877136
YOR322C,YOR148C,0,2.0984774,0.21799485385417938,0.8479999899864197,0.3041999936103821
YFL057C,YML076C,0,2.0983586,0.2179388403892517,0.8479999899864197,0.3043000102043152
YGR063C,YLR357W,1,2.0982385,0.21813976764678955,0.8489999771118164,0.3043000102043152
YBR074W,YKR072C,0,2.0979838,0.21808373928070068,0.8489999771118164,0.3043999969959259
YNL282W,YDR054C,0,2.0972514,0.2180277407169342,0.8489999771118164,0.304500013589859
YBR038W,YOR180C,0,2.0963428,0.21797175705432892,0.8489999771118164,0.3046000003814697
YPL075W,YNL212W,0,2.0961654,0.21791581809520721,0.8489999771118164,0.30469998717308044
YCR096C,YNL309W,0,2.095579,0.2178598940372467,0.8489999771118164,0.30480000376701355
YML099C,YBR177C,0,2.0945983,0.21780399978160858,0.8489999771118164,0.30489999055862427
YLR048W,YKL041W,0,2.0941954,0.21774813532829285,0.8489999771118164,0.3050000071525574
YJR060W,YER023W,0,2.0938272,0.2176923006772995,0.8489999771118164,0.3050999939441681
YJR005W,YBR066C,0,2.093742,0.21763651072978973,0.8489999771118164,0.3052000105381012
YKL182W,YOR212W,0,2.0931845,0.21758072078227997,0.8489999771118164,0.3052999973297119
YMR056C,YIL160C,0,2.091969,0.21752497553825378,0.8489999771118164,0.305400013923645
YKL198C,YBR274W,0,2.0917916,0.21746926009655,0.8489999771118164,0.30550000071525574
YOR180C,YJR013W,0,2.0917137,0.21741357445716858,0.8489999771118164,0.30559998750686646
YGR276C,YHR169W,0,2.0916004,0.21735790371894836,0.8489999771118164,0.30570000410079956
YGL226W,YOR301W,0,2.0915349,0.21730227768421173,0.8489999771118164,0.3057999908924103
YDL015C,YAL021C,0,2.091361,0.2172466665506363,0.8489999771118164,0.3059000074863434
YGR124W,YPL130W,0,2.0908167,0.21719110012054443,0.8489999771118164,0.3059999942779541
YPR198W,YBL057C,0,2.0907855,0.21713554859161377,0.8489999771118164,0.3061000108718872
YEL016C,YGL045W,0,2.0903924,0.2170800268650055,0.8489999771118164,0.3061999976634979
YLR182W,YHR017W,0,2.090309,0.2170245349407196,0.8489999771118164,0.30630001425743103
YFL021W,YJR022W,0,2.0900838,0.2169690728187561,0.8489999771118164,0.30640000104904175
YGR252W,YPR169W,0,2.089932,0.216913640499115,0.8489999771118164,0.30649998784065247
YJR041C,YMR149W,0,2.0898428,0.21685823798179626,0.8489999771118164,0.30660000443458557
YPL116W,YDR197W,0,2.088641,0.21680286526679993,0.8489999771118164,0.3066999912261963
YLL004W,YPL127C,1,2.0885954,0.21700280904769897,0.8500000238418579,0.3066999912261963
YER033C,YKR068C,0,2.0885596,0.21694742143154144,0.8500000238418579,0.3068000078201294
YNL240C,YKR027W,0,2.08854,0.2168920636177063,0.8500000238418579,0.3068999946117401
YMR077C,YNL281W,0,2.0882058,0.21683673560619354,0.8500000238418579,0.3070000112056732
YER056C-A,YMR100W,0,2.0881162,0.21678143739700317,0.8500000238418579,0.30709999799728394
YDR265W,YDL018C,0,2.0878606,0.216726154088974,0.8500000238418579,0.30720001459121704
YKL198C,YJL053W,0,2.0877662,0.2166709154844284,0.8500000238418579,0.30730000138282776
YJR010C-A,YDR121W,0,2.087042,0.216615691781044,0.8500000238418579,0.3073999881744385
YGR057C,YLR058C,0,2.0867224,0.2165605127811432,0.8500000238418579,0.3075000047683716
YLR024C,YCL066W,0,2.0864034,0.21650534868240356,0.8500000238418579,0.3075999915599823
YDL017W,YDL051W,0,2.085868,0.21645021438598633,0.8500000238418579,0.3077000081539154
YCR030C,YDL082W,0,2.0852704,0.21639510989189148,0.8500000238418579,0.3077999949455261
YOR018W,YML043C,0,2.0851698,0.21634003520011902,0.8500000238418579,0.30790001153945923
YMR105C,YOR098C,0,2.0848107,0.21628499031066895,0.8500000238418579,0.30799999833106995
YDR424C,YJR021C,0,2.0844102,0.21622996032238007,0.8500000238418579,0.30809998512268066
YPL193W,YJL173C,0,2.084067,0.21617497503757477,0.8500000238418579,0.30820000171661377
YIR026C,YNL025C,0,2.0839581,0.21612000465393066,0.8500000238418579,0.3082999885082245
YDR383C,YER114C,0,2.0836797,0.21606507897377014,0.8500000238418579,0.3084000051021576
YDL130W-A,YNL189W,0,2.083513,0.2160101681947708,0.8500000238418579,0.3084999918937683
YGL096W,YLR314C,0,2.082822,0.21595528721809387,0.8500000238418579,0.3086000084877014
YGR056W,YMR227C,1,2.0825555,0.21615442633628845,0.8510000109672546,0.3086000084877014
YDR054C,YFR052W,0,2.0815482,0.2160995453596115,0.8510000109672546,0.30869999527931213
YGR276C,YDR283C,0,2.0809622,0.21604467928409576,0.8510000109672546,0.30880001187324524
YPL021W,YHR079C,0,2.0800679,0.2159898430109024,0.8510000109672546,0.30889999866485596
YLR337W,YDR228C,0,2.0799403,0.21593503654003143,0.8510000109672546,0.3089999854564667
YBR040W,YHR012W,0,2.0798373,0.21588025987148285,0.8510000109672546,0.3091000020503998
YOR151C,YOR338W,0,2.0793955,0.21582551300525665,0.8510000109672546,0.3091999888420105
YOL090W,YJL081C,1,2.079299,0.21602433919906616,0.8519999980926514,0.3091999888420105
YPR068C,YJR140C,1,2.0778222,0.21622306108474731,0.8529999852180481,0.3091999888420105
YER007W,YDR108W,0,2.077361,0.21616826951503754,0.8529999852180481,0.3093000054359436
YBR006W,YDL192W,0,2.0771067,0.21611350774765015,0.8529999852180481,0.3093999922275543
YNL301C,YJR059W,0,2.076742,0.21605876088142395,0.8529999852180481,0.3095000088214874
YDR468C,YLR092W,0,2.076271,0.21600405871868134,0.8529999852180481,0.30959999561309814
YPL060W,YOR081C,0,2.075961,0.21594937145709991,0.8529999852180481,0.30970001220703125
YNL038W,YNL262W,0,2.0758557,0.21589471399784088,0.8529999852180481,0.30979999899864197
YCR106W,YKL194C,0,2.075674,0.21584008634090424,0.8529999852180481,0.3098999857902527
YDR062W,YCR029C-A,0,2.0756674,0.21578547358512878,0.8529999852180481,0.3100000023841858
YMR012W,YOL108C,0,2.0755332,0.21573090553283691,0.8529999852180481,0.3100999891757965
YJL140W,YLR268W,0,2.075501,0.21567635238170624,0.8529999852180481,0.3102000057697296
YGR188C,YGL096W,0,2.0753007,0.21562184393405914,0.8529999852180481,0.31029999256134033
YFR014C,YPR042C,0,2.0748792,0.21556735038757324,0.8529999852180481,0.31040000915527344
YEL056W,YGR286C,0,2.0744452,0.21551288664340973,0.8529999852180481,0.31049999594688416
YDL240W,YCL057W,0,2.0742328,0.2154584527015686,0.8529999852180481,0.31060001254081726
YNR050C,YDR289C,0,2.0735836,0.21540403366088867,0.8529999852180481,0.310699999332428
YKL052C,YNL159C,0,2.0732727,0.21534965932369232,0.8529999852180481,0.3107999861240387
YOR249C,YIL170W,0,2.0727243,0.21529529988765717,0.8529999852180481,0.3109000027179718
YPL101W,YOR123C,0,2.0722194,0.2152409851551056,0.8529999852180481,0.3109999895095825
YPL194W,YKR056W,0,2.0703795,0.2151866853237152,0.8529999852180481,0.3111000061035156
YEL058W,YJR055W,0,2.0701387,0.21513241529464722,0.8529999852180481,0.31119999289512634
YLR441C,YJL072C,0,2.0689864,0.21507816016674042,0.8529999852180481,0.31130000948905945
YDL018C,YDL091C,0,2.0679047,0.2150239497423172,0.8529999852180481,0.31139999628067017
YJL186W,YDR251W,0,2.0679038,0.21496975421905518,0.8529999852180481,0.31150001287460327
YKR095W-A,YKL218C,0,2.0670514,0.21491558849811554,0.8529999852180481,0.311599999666214
YHR116W,YBL063W,0,2.0670428,0.21486146748065948,0.8529999852180481,0.3116999864578247
YBR003W,YDR170C,0,2.0662355,0.21480734646320343,0.8529999852180481,0.3118000030517578
YDR322W,YJL013C,0,2.0659928,0.21475327014923096,0.8529999852180481,0.31189998984336853
YPR131C,YOR074C,0,2.0647917,0.21469922363758087,0.8529999852180481,0.31200000643730164
YLR264W,YAL034W-A,0,2.0640368,0.21464519202709198,0.8529999852180481,0.31209999322891235
YOL042W,YIL014W,0,2.0634193,0.21459119021892548,0.8529999852180481,0.31220000982284546
YBR107C,YNL238W,0,2.063405,0.21453721821308136,0.8529999852180481,0.3122999966144562
YIL046W,YFR025C,0,2.063243,0.21448327600955963,0.8529999852180481,0.3124000132083893
YDR463W,YJL053W,0,2.0631235,0.2144293636083603,0.8529999852180481,0.3125
YGR271W,YNL032W,0,2.0628488,0.21437546610832214,0.8529999852180481,0.3125999867916107
YMR072W,YJL072C,0,2.062835,0.21432161331176758,0.8529999852180481,0.3127000033855438
YNL230C,YMR168C,0,2.0625603,0.2142677754163742,0.8529999852180481,0.31279999017715454
YKL116C,YLR100W,0,2.0622044,0.21421396732330322,0.8529999852180481,0.31290000677108765
YOR209C,YJL080C,1,2.0617983,0.21441124379634857,0.8539999723434448,0.31290000677108765
YJR151C,YGR076C,0,2.061707,0.2143574357032776,0.8539999723434448,0.31299999356269836
YCL061C,YLL022C,1,2.0611405,0.2145545780658722,0.8550000190734863,0.31299999356269836
YDR047W,YGL236C,0,2.0607333,0.21450075507164001,0.8550000190734863,0.31310001015663147
YJR005W,YDR092W,0,2.0598235,0.21444694697856903,0.8550000190734863,0.3131999969482422
YER007W,YHR205W,0,2.0592797,0.21439318358898163,0.8550000190734863,0.3133000135421753
YKL005C,YOR060C,0,2.0592127,0.21433943510055542,0.8550000190734863,0.313400000333786
YDR103W,YNL023C,0,2.0584545,0.2142857164144516,0.8550000190734863,0.31349998712539673
YCR098C,YPR161C,0,2.0580149,0.21423202753067017,0.8550000190734863,0.31360000371932983
YKL108W,YGR253C,0,2.0577638,0.21417835354804993,0.8550000190734863,0.31369999051094055
YOL012C,YLL004W,1,2.057445,0.21437515318393707,0.8560000061988831,0.31369999051094055
YOL062C,YGL167C,0,2.0562427,0.21432147920131683,0.8560000061988831,0.31380000710487366
YJL170C,YNL161W,0,2.056017,0.21426783502101898,0.8560000061988831,0.3138999938964844
YOR132W,YJR004C,0,2.05591,0.21421422064304352,0.8560000061988831,0.3140000104904175
YML127W,YER088C,1,2.055656,0.21441081166267395,0.8569999933242798,0.3140000104904175
YOR067C,YIR009W,0,2.0533957,0.2143571823835373,0.8569999933242798,0.3140999972820282
YFR014C,YAL019W,0,2.052632,0.21430358290672302,0.8569999933242798,0.3142000138759613
YDL202W,YDL209C,0,2.0519176,0.21424999833106995,0.8569999933242798,0.314300000667572
YGL092W,YOR237W,0,2.0518322,0.21419644355773926,0.8569999933242798,0.31439998745918274
YOR110W,YJL110C,0,2.0517457,0.21414293348789215,0.8569999933242798,0.31450000405311584
YLR170C,YJL083W,0,2.0509171,0.21408943831920624,0.8569999933242798,0.31459999084472656
YDR138W,YER005W,0,2.050362,0.21403595805168152,0.8569999933242798,0.31470000743865967
YNL038W,YNR006W,0,2.05029,0.21398252248764038,0.8569999933242798,0.3147999942302704
YMR215W,YJL192C,0,2.0501225,0.21392910182476044,0.8569999933242798,0.3149000108242035
YDR315C,YMR048W,0,2.049984,0.21387571096420288,0.8569999933242798,0.3149999976158142
YOR074C,YDR337W,0,2.0492864,0.2138223499059677,0.8569999933242798,0.3151000142097473
YJL029C,YPR133W-A,0,2.0492256,0.21376901865005493,0.8569999933242798,0.31520000100135803
YDR497C,YDL035C,0,2.049076,0.21371571719646454,0.8569999933242798,0.31529998779296875
YIL038C,YEL002C,0,2.0484576,0.21366243064403534,0.8569999933242798,0.31540000438690186
YHR017W,YDR436W,0,2.0471475,0.21360917389392853,0.8569999933242798,0.3154999911785126
YDR121W,YPR204W,0,2.0462008,0.2135559469461441,0.8569999933242798,0.3156000077724457
YDR500C,YJL197W,0,2.0454803,0.21350273489952087,0.8569999933242798,0.3156999945640564
YNR048W,YOR150W,0,2.0453897,0.21344956755638123,0.8569999933242798,0.3158000111579895
YDR260C,YPL117C,0,2.045269,0.21339641511440277,0.8569999933242798,0.3158999979496002
YDR389W,YML009C,0,2.043855,0.2133432924747467,0.8569999933242798,0.3160000145435333
YOL072W,YDR257C,0,2.042841,0.21329019963741302,0.8569999933242798,0.31610000133514404
YPR108W,YDR299W,0,2.0425506,0.21323712170124054,0.8569999933242798,0.31619998812675476
YDR257C,YKR036C,0,2.042029,0.21318407356739044,0.8569999933242798,0.31630000472068787
YLL006W,YPL134C,0,2.0418446,0.21313105523586273,0.8569999933242798,0.3163999915122986
YLR394W,YKL016C,0,2.0417325,0.2130780667066574,0.8569999933242798,0.3165000081062317
YER174C,YDR160W,0,2.0411158,0.21302510797977448,0.8569999933242798,0.3165999948978424
YJL052W,YIL061C,0,2.0400858,0.21297216415405273,0.8569999933242798,0.3167000114917755
YFL049W,YER161C,1,2.0400507,0.2131676971912384,0.8579999804496765,0.3167000114917755
YAR002C-A,YLR023C,0,2.0387223,0.21311475336551666,0.8579999804496765,0.31679999828338623
YDR451C,YPL239W,0,2.0385268,0.2130618393421173,0.8579999804496765,0.31690001487731934
YDL227C,YPL092W,0,2.0385008,0.21300894021987915,0.8579999804496765,0.31700000166893005
YPL169C,YNL183C,0,2.0366611,0.21295607089996338,0.8579999804496765,0.31709998846054077
YGL003C,YPR171W,0,2.0365558,0.21290323138237,0.8579999804496765,0.3172000050544739
YIL167W,YMR233W,0,2.0361965,0.2128504067659378,0.8579999804496765,0.3172999918460846
YOR254C,YHR024C,0,2.0353842,0.212797611951828,0.8579999804496765,0.3174000084400177
YLR213C,YML081C-A,0,2.0352483,0.21274486184120178,0.8579999804496765,0.3174999952316284
YHR110W,YMR179W,0,2.0351193,0.21269211173057556,0.8579999804496765,0.3176000118255615
YKL038W,YDR520C,0,2.0339117,0.21263940632343292,0.8579999804496765,0.31769999861717224
YNL098C,YBR082C,0,2.0332992,0.21258671581745148,0.8579999804496765,0.31779998540878296
YDR164C,YLR237W,0,2.0324204,0.21253405511379242,0.8579999804496765,0.31790000200271606
YNL190W,YPL188W,0,2.03157,0.21248142421245575,0.8579999804496765,0.3179999887943268
YBR231C,YJL081C,1,2.0314996,0.21267640590667725,0.859000027179718,0.3179999887943268
YBR090C-A,YCR052W,1,2.0309603,0.21287128329277039,0.8600000143051147,0.3179999887943268
YHR079C-B,YJL108C,0,2.0301538,0.21281860768795013,0.8600000143051147,0.3181000053882599
YKL087C,YLR360W,0,2.0296571,0.21276596188545227,0.8600000143051147,0.3181999921798706
YKR071C,YAL041W,0,2.0295954,0.2127133309841156,0.8600000143051147,0.3183000087738037
YJR108W,YFL036W,0,2.029549,0.21266072988510132,0.8600000143051147,0.31839999556541443
YOR254C,YGL203C,0,2.0293787,0.21260815858840942,0.8600000143051147,0.31850001215934753
YMR274C,YDR178W,0,2.0290067,0.21255561709403992,0.8600000143051147,0.31859999895095825
YJL157C,YDR057W,0,2.0287988,0.2125030905008316,0.8600000143051147,0.31869998574256897
YOL095C,YNL172W,0,2.0278683,0.21245059370994568,0.8600000143051147,0.3188000023365021
YDL220C,YMR292W,0,2.027638,0.21239812672138214,0.8600000143051147,0.3188999891281128
YOR306C,YJL170C,0,2.0276206,0.2123456746339798,0.8600000143051147,0.3190000057220459
YLR154W-C,YMR093W,0,2.0271845,0.21229326725006104,0.8600000143051147,0.3190999925136566
YNL231C,YFL035C-A,0,2.0262878,0.21224087476730347,0.8600000143051147,0.3192000091075897
YOR249C,YFR032C-A,0,2.0262036,0.2121884971857071,0.8600000143051147,0.31929999589920044
YGR009C,YHR074W,0,2.0254674,0.2121361643075943,0.8600000143051147,0.31940001249313354
YBR067C,YIR009W,0,2.0248852,0.2120838463306427,0.8600000143051147,0.31949999928474426
YOR069W,YGL241W,0,2.024315,0.2120315581560135,0.8600000143051147,0.319599986076355
YDR246W,YOL005C,0,2.0242467,0.21197929978370667,0.8600000143051147,0.3197000026702881
YMR153W,YDR378C,0,2.024146,0.21192705631256104,0.8600000143051147,0.3197999894618988
YJR060W,YDR350C,0,2.0240963,0.2118748426437378,0.8600000143051147,0.3199000060558319
YOL147C,YPL096W,0,2.0237696,0.21182265877723694,0.8600000143051147,0.3199999928474426
YMR076C,YGR129W,0,2.023544,0.21177050471305847,0.8600000143051147,0.32010000944137573
YDL216C,YOL156W,0,2.0225935,0.2117183655500412,0.8600000143051147,0.32019999623298645
YLR435W,YOL020W,0,2.0222292,0.2116662561893463,0.8600000143051147,0.32030001282691956
YML016C,YIL052C,0,2.0219984,0.21161417663097382,0.8600000143051147,0.3203999996185303
YGR245C,YOR096W,0,2.0212536,0.2115621119737625,0.8600000143051147,0.320499986410141
YIR031C,YPR186C,0,2.0204458,0.2115100771188736,0.8600000143051147,0.3206000030040741
YJL011C,YGR012W,0,2.0203793,0.21145807206630707,0.8600000143051147,0.3206999897956848
YJL173C,YNL273W,0,2.0201862,0.21140609681606293,0.8600000143051147,0.3208000063896179
YER109C,YDR288W,0,2.0190868,0.21135413646697998,0.8600000143051147,0.32089999318122864
YBR058C,YDR176W,0,2.018878,0.21130220592021942,0.8600000143051147,0.32100000977516174
YML124C,YPR095C,0,2.0179768,0.21125030517578125,0.8600000143051147,0.32109999656677246
YBR212W,YER149C,0,2.0179281,0.21119843423366547,0.8600000143051147,0.32120001316070557
YBL011W,YDL039C,0,2.01687,0.21114657819271088,0.8600000143051147,0.3212999999523163
YGR239C,YDR460W,0,2.016792,0.21109475195407867,0.8600000143051147,0.321399986743927
YOR317W,YDL095W,0,2.0156937,0.21104294061660767,0.8600000143051147,0.3215000033378601
YMR022W,YIL062C,0,2.0154417,0.21099117398262024,0.8600000143051147,0.3215999901294708
YCL029C,YMR025W,0,2.014679,0.210939422249794,0.8600000143051147,0.32170000672340393
YAR042W,YKL020C,0,2.0145206,0.21088768541812897,0.8600000143051147,0.32179999351501465
YDL046W,YNR072W,0,2.0138142,0.2108359932899475,0.8600000143051147,0.32190001010894775
YMR153W,YPL193W,0,2.0133655,0.21078431606292725,0.8600000143051147,0.32199999690055847
YAL002W,YPL159C,0,2.0133424,0.21073266863822937,0.8600000143051147,0.3221000134944916
YDR265W,YDR545W,0,2.0124073,0.2106810361146927,0.8600000143051147,0.3222000002861023
YDR219C,YLR107W,0,2.0123978,0.2106294333934784,0.8600000143051147,0.322299987077713
YNL107W,YBR090C-A,1,2.0117168,0.2108227163553238,0.8610000014305115,0.322299987077713
YIL084C,YMR158W,0,2.0117097,0.2107711136341095,0.8610000014305115,0.3224000036716461
YMR297W,YGR282C,0,2.0116372,0.2107195258140564,0.8610000014305115,0.32249999046325684
YLR292C,YLR017W,0,2.0104346,0.21066796779632568,0.8610000014305115,0.32260000705718994
YPL137C,YPL146C,0,2.010335,0.21061643958091736,0.8610000014305115,0.32269999384880066
YGR008C,YPL117C,0,2.0101655,0.21056492626667023,0.8610000014305115,0.32280001044273376
YLR403W,YML006C,0,2.010075,0.21051344275474548,0.8610000014305115,0.3228999972343445
YOL144W,YBR086C,0,2.0099733,0.21046198904514313,0.8610000014305115,0.3230000138282776
YDR126W,YBR251W,0,2.0098026,0.21041055023670197,0.8610000014305115,0.3231000006198883
YMR301C,YLR360W,0,2.009671,0.21035915613174438,0.8610000014305115,0.323199987411499
YNL298W,YAL019W,0,2.0095212,0.2103077620267868,0.8610000014305115,0.32330000400543213
YLR213C,YPL099C,0,2.008978,0.2102564126253128,0.8610000014305115,0.32339999079704285
YJR097W,YOR207C,0,2.008943,0.210205078125,0.8610000014305115,0.32350000739097595
YCR030C,YDR140W,0,2.0083451,0.21015377342700958,0.8610000014305115,0.32359999418258667
YPL200W,YJR049C,0,2.0079486,0.21010248363018036,0.8610000014305115,0.3237000107765198
YLR318W,YAR031W,0,2.0078301,0.21005123853683472,0.8610000014305115,0.3237999975681305
YCL027W,YLR248W,0,2.0078175,0.20999999344348907,0.8610000014305115,0.3239000141620636
YGR239C,YCL003W,0,2.0075276,0.20994879305362701,0.8610000014305115,0.3240000009536743
YKR068C,YOR037W,0,2.0073938,0.20989760756492615,0.8610000014305115,0.32409998774528503
YEL069C,YBR170C,0,2.0072722,0.20984645187854767,0.8610000014305115,0.32420000433921814
YKL093W,YDR243C,0,2.006825,0.20979532599449158,0.8610000014305115,0.32429999113082886
YHR079C,YNL214W,0,2.0059676,0.20974421501159668,0.8610000014305115,0.32440000772476196
YDR393W,YKR077W,0,2.0054996,0.20969313383102417,0.8610000014305115,0.3244999945163727
YDR423C,YPR168W,0,2.0049138,0.20964206755161285,0.8610000014305115,0.3246000111103058
YML006C,YOL158C,0,2.0040174,0.20959104597568512,0.8610000014305115,0.3246999979019165
YPL280W,YHR114W,0,2.0035393,0.20954003930091858,0.8610000014305115,0.3248000144958496
YBR243C,YEL054C,0,2.0034232,0.20948904752731323,0.8610000014305115,0.3249000012874603
YDR362C,YIL088C,0,2.002974,0.20943808555603027,0.8610000014305115,0.32499998807907104
YGR262C,YOR043W,0,2.0012965,0.2093871533870697,0.8610000014305115,0.32510000467300415
YOR089C,YPL064C,0,2.0012681,0.20933625102043152,0.8610000014305115,0.32519999146461487
YFL037W,YOR191W,0,2.0008693,0.20928536355495453,0.8610000014305115,0.325300008058548
YHR150W,YDR244W,0,2.0008678,0.20923450589179993,0.8610000014305115,0.3253999948501587
YAL028W,YJL003W,0,2.0008602,0.2091836780309677,0.8610000014305115,0.3255000114440918
YOR353C,YPR002W,0,2.0007174,0.2091328650712967,0.8610000014305115,0.3255999982357025
YLR107W,YKR089C,0,2.000113,0.20908208191394806,0.8610000014305115,0.3257000148296356
YGR171C,YFL039C,0,1.9985933,0.20903131365776062,0.8610000014305115,0.32580000162124634
YDL140C,YDR071C,1,1.9985765,0.20922330021858215,0.8619999885559082,0.32580000162124634
YLR467W,YLR004C,0,1.9982835,0.20917253196239471,0.8619999885559082,0.32589998841285706
YPL202C,YOR091W,0,1.9979101,0.20912177860736847,0.8619999885559082,0.32600000500679016
YBL047C,YMR065W,0,1.9978093,0.2090710699558258,0.8619999885559082,0.3260999917984009
YKR056W,YER143W,0,1.9974105,0.20902036130428314,0.8619999885559082,0.326200008392334
YKR102W,YDR300C,0,1.9969801,0.20896969735622406,0.8619999885559082,0.3262999951839447
YPL234C,YDL030W,0,1.9966581,0.20891904830932617,0.8619999885559082,0.3264000117778778
YPL204W,YER185W,0,1.9960572,0.20886842906475067,0.8619999885559082,0.3264999985694885
YGR035C,YDR129C,0,1.9959067,0.20881782472133636,0.8619999885559082,0.32659998536109924
YNL317W,YKL172W,0,1.9956698,0.20876725018024445,0.8619999885559082,0.32670000195503235
YBR257W,YBR211C,0,1.9953367,0.20871670544147491,0.8619999885559082,0.32679998874664307
YOR116C,YDL134C,0,1.9948008,0.20866617560386658,0.8619999885559082,0.32690000534057617
YAL030W,YLR306W,0,1.9946125,0.20861567556858063,0.8619999885559082,0.3269999921321869
YBR029C,YGR088W,0,1.9941328,0.20856520533561707,0.8619999885559082,0.32710000872612
YPL194W,YML005W,0,1.9936862,0.2085147500038147,0.8619999885559082,0.3271999955177307
YOL092W,YPR194C,0,1.9930736,0.20846432447433472,0.8619999885559082,0.3273000121116638
YKR057W,YFR016C,0,1.9930615,0.20841392874717712,0.8619999885559082,0.32739999890327454
YDR213W,YMR117C,0,1.992789,0.20836354792118073,0.8619999885559082,0.32749998569488525
YPL050C,YPL252C,0,1.992276,0.2083131968975067,0.8619999885559082,0.32760000228881836
YLR097C,YBR093C,0,1.992053,0.2082628607749939,0.8619999885559082,0.3276999890804291
YEL037C,YOR327C,0,1.990933,0.20821255445480347,0.8619999885559082,0.3278000056743622
YAL062W,YNL307C,0,1.9908643,0.20816227793693542,0.8619999885559082,0.3278999924659729
YJL006C,YKR088C,0,1.9907696,0.20811201632022858,0.8619999885559082,0.328000009059906
YOL005C,YPL099C,0,1.989872,0.20806178450584412,0.8619999885559082,0.3280999958515167
YGL216W,YNL101W,0,1.9888251,0.20801158249378204,0.8619999885559082,0.32820001244544983
YPL194W,YLR154C,0,1.9884781,0.20796139538288116,0.8619999885559082,0.32829999923706055
YOR057W,YBR097W,0,1.9884325,0.20791123807430267,0.8619999885559082,0.32839998602867126
YOR099W,YLR145W,0,1.9882545,0.20786111056804657,0.8619999885559082,0.32850000262260437
YJL127C,YML127W,1,1.9880801,0.20805206894874573,0.8629999756813049,0.32850000262260437
YGL067W,YDR211W,0,1.9875346,0.20800192654132843,0.8629999756813049,0.3285999894142151
YBL074C,YER068W,0,1.9874508,0.20795181393623352,0.8629999756813049,0.3287000060081482
YDR159W,YPL154C,0,1.9873772,0.2079017162322998,0.8629999756813049,0.3287999927997589
YPL175W,YGL115W,0,1.9856061,0.20785163342952728,0.8629999756813049,0.328900009393692
YOR159C,YKR050W,0,1.9855468,0.20780159533023834,0.8629999756813049,0.32899999618530273
YHR193C,YFR050C,0,1.9855279,0.2077515721321106,0.8629999756813049,0.32910001277923584
YML116W,YBR264C,0,1.9854468,0.20770156383514404,0.8629999756813049,0.32919999957084656
YMR005W,YOR347C,0,1.9851835,0.20765158534049988,0.8629999756813049,0.3292999863624573
YPL095C,YGL148W,0,1.9832484,0.2076016366481781,0.8629999756813049,0.3294000029563904
YPL171C,YJR117W,0,1.9829636,0.20755170285701752,0.8629999756813049,0.3294999897480011
YDR074W,YIL135C,0,1.982902,0.20750179886817932,0.8629999756813049,0.3296000063419342
YLR360W,YML080W,0,1.982591,0.2074519246816635,0.8629999756813049,0.3296999931335449
YER114C,YKR036C,0,1.9825432,0.2074020653963089,0.8629999756813049,0.329800009727478
YPR138C,YER154W,0,1.9820845,0.20735223591327667,0.8629999756813049,0.32989999651908875
YNR016C,YMR289W,0,1.9814528,0.20730242133140564,0.8629999756813049,0.33000001311302185
YDL120W,YDR170C,0,1.9814513,0.207252636551857,0.8629999756813049,0.33009999990463257
YBR296C,YOL156W,0,1.9814463,0.20720288157463074,0.8629999756813049,0.3301999866962433
YLR440C,YLR037C,0,1.9814036,0.20715314149856567,0.8629999756813049,0.3303000032901764
YBR003W,YBR166C,0,1.9811556,0.207103431224823,0.8629999756813049,0.3303999900817871
YGL203C,YKL009W,0,1.9808283,0.20705373585224152,0.8629999756813049,0.3305000066757202
YLR206W,YKL156W,0,1.9800762,0.20700407028198242,0.8629999756813049,0.33059999346733093
YPL274W,YJL073W,0,1.97998,0.20695443451404572,0.8629999756813049,0.33070001006126404
YEL058W,YGR120C,0,1.9797436,0.2069048136472702,0.8629999756813049,0.33079999685287476
YJL097W,YDL031W,0,1.9793646,0.20685522258281708,0.8629999756813049,0.33090001344680786
YLR158C,YDL180W,0,1.9792012,0.20680566132068634,0.8629999756813049,0.3310000002384186
YPR110C,YPR001W,0,1.9786515,0.2067561149597168,0.8629999756813049,0.3310999870300293
YDR188W,YLL050C,0,1.9779019,0.20670658349990845,0.8629999756813049,0.3312000036239624
YHR008C,YPR114W,0,1.9766316,0.20665708184242249,0.8629999756813049,0.3312999904155731
YHR052W,YOR216C,0,1.9765369,0.2066076099872589,0.8629999756813049,0.3314000070095062
YIL076W,YPR144C,0,1.9760685,0.20655816793441772,0.8629999756813049,0.33149999380111694
YPL038W,YBR024W,0,1.9759856,0.20650874078273773,0.8629999756813049,0.33160001039505005
YJR022W,YPL110C,0,1.9757454,0.20645932853221893,0.8629999756813049,0.33169999718666077
YDL225W,YPR189W,0,1.9751846,0.20640994608402252,0.8629999756813049,0.33180001378059387
YDR495C,YBR055C,0,1.9747422,0.2063605934381485,0.8629999756813049,0.3319000005722046
YJR005W,YMR137C,0,1.9743791,0.20631125569343567,0.8629999756813049,0.3319999873638153
YOR217W,YHR117W,0,1.9740306,0.20626194775104523,0.8629999756813049,0.3321000039577484
YLR105C,YKL195W,0,1.9739904,0.20621266961097717,0.8629999756813049,0.33219999074935913
YDR407C,YGR175C,0,1.9732344,0.2061634063720703,0.8629999756813049,0.33230000734329224
YBL091C,YOL086C,0,1.9729166,0.20611415803432465,0.8629999756813049,0.33239999413490295
YOL086W-A,YOL142W,0,1.9718506,0.20606495440006256,0.8629999756813049,0.33250001072883606
YMR237W,YNR015W,0,1.9706612,0.20601575076580048,0.8629999756813049,0.3325999975204468
YHL017W,YLR433C,0,1.9704754,0.20596659183502197,0.8629999756813049,0.3327000141143799
YGR223C,YLR223C,0,1.9700199,0.20591744780540466,0.8629999756813049,0.3328000009059906
YLR142W,YOL139C,0,1.9696048,0.20586831867694855,0.8629999756813049,0.3328999876976013
YGR044C,YDR523C,0,1.9691793,0.20581921935081482,0.8629999756813049,0.3330000042915344
YDL108W,YML092C,0,1.9687636,0.20577014982700348,0.8629999756813049,0.33309999108314514
YGL021W,YDR487C,0,1.9687195,0.20572109520435333,0.8629999756813049,0.33320000767707825
YIL004C,YJL109C,0,1.9681082,0.20567207038402557,0.8629999756813049,0.33329999446868896
YNR041C,YOL158C,0,1.9669306,0.205623060464859,0.8629999756813049,0.33340001106262207
YAL011W,YOL090W,1,1.966361,0.20581229031085968,0.8640000224113464,0.33340001106262207
YGR193C,YJL178C,0,1.966332,0.20576328039169312,0.8640000224113464,0.3334999978542328
YMR267W,YHR031C,0,1.9659522,0.20571428537368774,0.8640000224113464,0.3336000144481659
YHL050C,YGR037C,0,1.9657884,0.20566532015800476,0.8640000224113464,0.3337000012397766
YOR123C,YHR081W,0,1.9645861,0.20561636984348297,0.8640000224113464,0.33379998803138733
YMR008C,YJL013C,0,1.9639118,0.20556744933128357,0.8640000224113464,0.33390000462532043
YGR014W,YJL168C,0,1.9637493,0.20551855862140656,0.8640000224113464,0.33399999141693115
YER051W,YOL149W,0,1.963078,0.20546968281269073,0.8640000224113464,0.33410000801086426
YBR055C,YCL043C,0,1.9625983,0.2054208219051361,0.8640000224113464,0.334199994802475
YOL138C,YGL148W,0,1.9609337,0.20537200570106506,0.8640000224113464,0.3343000113964081
YDR308C,YGR189C,0,1.9608665,0.20532318949699402,0.8640000224113464,0.3343999981880188
YDR007W,YOR020C,0,1.9603999,0.20527441799640656,0.8640000224113464,0.3345000147819519
YHR080C,YMR194W,0,1.9592792,0.2052256464958191,0.8640000224113464,0.3346000015735626
YGR208W,YKL117W,0,1.9592574,0.2051769196987152,0.8640000224113464,0.33469998836517334
YJL174W,YIR036C,0,1.9586554,0.20512820780277252,0.8640000224113464,0.33480000495910645
YER052C,YDR056C,0,1.9584447,0.20507951080799103,0.8640000224113464,0.33489999175071716
YOR265W,YDR520C,0,1.9579998,0.20503084361553192,0.8640000224113464,0.33500000834465027
YDR507C,YMR235C,0,1.9579756,0.2049822062253952,0.8640000224113464,0.335099995136261
YDL140C,YBR112C,1,1.9575751,0.20517078042030334,0.8650000095367432,0.335099995136261
YML059C,YHR082C,0,1.9573693,0.20512212812900543,0.8650000095367432,0.3352000117301941
YIL126W,YER088C,1,1.9570501,0.20531056821346283,0.8659999966621399,0.3352000117301941
YGL107C,YNL073W,0,1.9559869,0.20526191592216492,0.8659999966621399,0.3352999985218048
YLL001W,YLR215C,0,1.9553928,0.205213263630867,0.8659999966621399,0.3353999853134155
YBR065C,YOR044W,0,1.9549109,0.20516465604305267,0.8659999966621399,0.33550000190734863
YLL051C,YGR282C,0,1.9548016,0.20511606335639954,0.8659999966621399,0.33559998869895935
YOR116C,YKL154W,0,1.9543726,0.2050674855709076,0.8659999966621399,0.33570000529289246
YJL080C,YOR304W,1,1.9539781,0.2052556872367859,0.8669999837875366,0.33570000529289246
YMR008C,YML047C,0,1.9533828,0.20520709455013275,0.8669999837875366,0.3357999920845032
YGL168W,YNL112W,0,1.9530809,0.2051585465669632,0.8669999837875366,0.3359000086784363
YBR085W,YGR180C,0,1.9530647,0.20511001348495483,0.8669999837875366,0.335999995470047
YIL043C,YJR055W,0,1.9528923,0.20506149530410767,0.8669999837875366,0.3361000120639801
YDR040C,YBR035C,0,1.9525354,0.20501300692558289,0.8669999837875366,0.3361999988555908
YML031W,YNR070W,0,1.9520812,0.2049645334482193,0.8669999837875366,0.33629998564720154
YCR038C,YKL007W,0,1.9515717,0.2049160897731781,0.8669999837875366,0.33640000224113464
YMR292W,YKL158W,0,1.9513115,0.2048676759004593,0.8669999837875366,0.33649998903274536
YER031C,YOL028C,0,1.9503539,0.20481927692890167,0.8669999837875366,0.33660000562667847
YMR008C,YOL156W,0,1.9499335,0.20477090775966644,0.8669999837875366,0.3366999924182892
YNL049C,YML013W,0,1.949493,0.2047225534915924,0.8669999837875366,0.3368000090122223
YGR086C,YNL149C,0,1.9491278,0.20467421412467957,0.8669999837875366,0.336899995803833
YBR207W,YPR072W,0,1.9489074,0.2046259194612503,0.8669999837875366,0.3370000123977661
YER030W,YBR089C-A,1,1.9479887,0.20481358468532562,0.8679999709129333,0.3370000123977661
YGR061C,YFR045W,0,1.9474976,0.20476527512073517,0.8679999709129333,0.33709999918937683
YJR010W,YGR105W,0,1.9474607,0.2047169804573059,0.8679999709129333,0.33719998598098755
YDL235C,YBL005W,0,1.9474363,0.20466871559619904,0.8679999709129333,0.33730000257492065
YMR220W,YBR181C,0,1.9473519,0.20462046563625336,0.8679999709129333,0.33739998936653137
YHR088W,YKL200C,0,1.9465554,0.20457223057746887,0.8679999709129333,0.3375000059604645
YJL178C,YAL021C,0,1.946153,0.20452404022216797,0.8679999709129333,0.3375999927520752
YGL070C,YDL111C,0,1.9460443,0.20447584986686707,0.8679999709129333,0.3377000093460083
YGR144W,YKR089C,0,1.9455581,0.20442768931388855,0.8679999709129333,0.337799996137619
YJL164C,YLL051C,0,1.9453976,0.20437955856323242,0.8679999709129333,0.3379000127315521
YGR054W,YML112W,0,1.9445498,0.2043314427137375,0.8679999709129333,0.33799999952316284
YOR346W,YDR233C,0,1.9443316,0.20428335666656494,0.8679999709129333,0.33809998631477356
YKL005C,YFR025C,0,1.9437628,0.20423530042171478,0.8679999709129333,0.33820000290870667
YAL068C,YDR257C,0,1.9433908,0.20418724417686462,0.8679999709129333,0.3382999897003174
YDR201W,YLR039C,0,1.9432147,0.20413923263549805,0.8679999709129333,0.3384000062942505
YDR126W,YDR117C,0,1.9431722,0.20409123599529266,0.8679999709129333,0.3384999930858612
YBR040W,YPL174C,0,1.9431031,0.20404325425624847,0.8679999709129333,0.3386000096797943
YNL286W,YKL026C,0,1.9430978,0.20399530231952667,0.8679999709129333,0.33869999647140503
YGL226C-A,YDR482C,0,1.9423412,0.20394736528396606,0.8679999709129333,0.33880001306533813
YDR287W,YPL082C,0,1.9421766,0.20389945805072784,0.8679999709129333,0.33889999985694885
YER072W,YOR320C,0,1.9413407,0.203851580619812,0.8679999709129333,0.33899998664855957
YML004C,YMR211W,0,1.9409275,0.20380370318889618,0.8679999709129333,0.3391000032424927
YLR264W,YML088W,0,1.9407684,0.20375587046146393,0.8679999709129333,0.3391999900341034
YOL100W,YNL147W,0,1.9406292,0.20370805263519287,0.8679999709129333,0.3393000066280365
YMR169C,YDR345C,0,1.93898,0.203660249710083,0.8679999709129333,0.3393999934196472
YPL097W,YDR468C,0,1.9382854,0.20361247658729553,0.8679999709129333,0.3395000100135803
YML060W,YMR183C,0,1.938039,0.20356473326683044,0.8679999709129333,0.33959999680519104
YOR380W,YBR002C,0,1.938001,0.20351700484752655,0.8679999709129333,0.33970001339912415
YMR115W,YDR378C,0,1.9379823,0.20346929132938385,0.8679999709129333,0.33980000019073486
YML092C,YOL149W,0,1.9378915,0.20342160761356354,0.8679999709129333,0.3398999869823456
YNL079C,YGR282C,0,1.9378443,0.20337393879890442,0.8679999709129333,0.3400000035762787
YGR057C,YDR410C,0,1.9375249,0.2033262997865677,0.8679999709129333,0.3400999903678894
YML101C,YHR067W,0,1.9370738,0.20327869057655334,0.8679999709129333,0.3402000069618225
YKL053C-A,YDR520C,0,1.9361086,0.2032310962677002,0.8679999709129333,0.3402999937534332
YDR284C,YBR196C,0,1.9360429,0.20318351686000824,0.8679999709129333,0.34040001034736633
YOR308C,YJR053W,0,1.935378,0.20313596725463867,0.8679999709129333,0.34049999713897705
YJL212C,YMR246W,0,1.9351755,0.2030884474515915,0.8679999709129333,0.34060001373291016
YNR032C-A,YFR025C,0,1.9348881,0.2030409425497055,0.8679999709129333,0.3407000005245209
YNL121C,YCR107W,0,1.9342806,0.2029934525489807,0.8679999709129333,0.3407999873161316
YOR358W,YMR256C,0,1.9338926,0.2029459923505783,0.8679999709129333,0.3409000039100647
YLR337W,YNL271C,0,1.9329869,0.2028985470533371,0.8679999709129333,0.3409999907016754
YDL170W,YOR316C,0,1.9326496,0.20285113155841827,0.8679999709129333,0.3411000072956085
YOR209C,YGR116W,1,1.9325278,0.20303738117218018,0.8690000176429749,0.3411000072956085
YBR182C,YPR204W,0,1.9320571,0.20298995077610016,0.8690000176429749,0.34119999408721924
YMR172W,YIR019C,0,1.9307065,0.20294255018234253,0.8690000176429749,0.34130001068115234
YKL079W,YKR072C,0,1.9303033,0.2028951644897461,0.8690000176429749,0.34139999747276306
YCR031C,YOR265W,0,1.9293305,0.20284780859947205,0.8690000176429749,0.34150001406669617
YDR054C,YNL110C,0,1.9287448,0.2028004676103592,0.8690000176429749,0.3416000008583069
YBL103C,YDR471W,0,1.9287293,0.20275315642356873,0.8690000176429749,0.3416999876499176
YJL019W,YPL233W,0,1.9280142,0.20270586013793945,0.8690000176429749,0.3418000042438507
YCR020C,YOR048C,0,1.9276377,0.20265857875347137,0.8690000176429749,0.3418999910354614
YDL019C,YLL013C,0,1.9262056,0.20261132717132568,0.8690000176429749,0.34200000762939453
YDR263C,YAL029C,0,1.9258852,0.20256410539150238,0.8690000176429749,0.34209999442100525
YOR195W,YPR081C,0,1.9252814,0.20251689851284027,0.8690000176429749,0.34220001101493835
YLR083C,YPL130W,0,1.9248115,0.20246970653533936,0.8690000176429749,0.3422999978065491
YLR288C,YKL182W,0,1.9243456,0.20242254436016083,0.8690000176429749,0.3424000144004822
YIR032C,YLR417W,0,1.9242231,0.2023754119873047,0.8690000176429749,0.3425000011920929
YKL054C,YDR101C,0,1.9242148,0.20232829451560974,0.8690000176429749,0.3425999879837036
YER159C,YOL133W,0,1.9239125,0.202281191945076,0.8690000176429749,0.3427000045776367
YMR306W,YKL089W,0,1.9235024,0.20223411917686462,0.8690000176429749,0.34279999136924744
YPL103C,YJR076C,0,1.9231973,0.20218706130981445,0.8690000176429749,0.34290000796318054
YDR422C,YLR026C,0,1.9221706,0.20214003324508667,0.8690000176429749,0.34299999475479126
YHR185C,YOR341W,0,1.9214758,0.20209302008152008,0.8690000176429749,0.34310001134872437
YAL038W,YGR180C,0,1.9212377,0.20204603672027588,0.8690000176429749,0.3431999981403351
YPL127C,YLR357W,1,1.92117,0.2022315263748169,0.8700000047683716,0.3431999981403351
YMR173W,YOR240W,0,1.9206632,0.2021845281124115,0.8700000047683716,0.3433000147342682
YML112W,YML081C-A,0,1.9189773,0.2021375447511673,0.8700000047683716,0.3434000015258789
YIL030C,YBR193C,0,1.9188355,0.20209059119224548,0.8700000047683716,0.3434999883174896
YMR015C,YNL294C,0,1.9182423,0.20204366743564606,0.8700000047683716,0.34360000491142273
YJL127C,YOL004W,1,1.9178323,0.20222893357276917,0.8709999918937683,0.34360000491142273
YLR015W,YNL214W,0,1.9171352,0.20218198001384735,0.8709999918937683,0.34369999170303345
YDR372C,YPR128C,0,1.916385,0.20213507115840912,0.8709999918937683,0.34380000829696655
YDL074C,YNL016W,0,1.916197,0.2020881623029709,0.8709999918937683,0.34389999508857727
YPL161C,YIL062C,0,1.9160924,0.20204128324985504,0.8709999918937683,0.3440000116825104
YML023C,YHR174W,0,1.9159075,0.20199443399906158,0.8709999918937683,0.3440999984741211
YKL129C,YJL109C,0,1.9155841,0.20194759964942932,0.8709999918937683,0.3441999852657318
YOR049C,YMR281W,0,1.9155486,0.20190079510211945,0.8709999918937683,0.3443000018596649
YHR110W,YMR268W-A,0,1.9154427,0.20185399055480957,0.8709999918937683,0.34439998865127563
YKL186C,YLR215C,0,1.9149153,0.20180723071098328,0.8709999918937683,0.34450000524520874
YMR101C,YMR025W,0,1.9141635,0.20176048576831818,0.8709999918937683,0.34459999203681946
YGR181W,YDR137W,0,1.9138005,0.20171375572681427,0.8709999918937683,0.34470000863075256
YKL009W,YMR063W,0,1.9136963,0.20166705548763275,0.8709999918937683,0.3447999954223633
YDL072C,YER190W,0,1.913687,0.20162037014961243,0.8709999918937683,0.3449000120162964
YPR106W,YJR147W,0,1.9127756,0.2015737146139145,0.8709999918937683,0.3449999988079071
YCR011C,YDR211W,0,1.9127679,0.20152707397937775,0.8709999918937683,0.3450999855995178
YJR078W,YNL273W,0,1.9127607,0.2014804482460022,0.8709999918937683,0.3452000021934509
YPL258C,YAR019C,0,1.9123428,0.20143385231494904,0.8709999918937683,0.34529998898506165
YPL137C,YDR093W,0,1.912266,0.20138728618621826,0.8709999918937683,0.34540000557899475
YGL142C,YDL076C,0,1.9122442,0.20134073495864868,0.8709999918937683,0.34549999237060547
YML048W,YBR191W,0,1.9120632,0.2012941986322403,0.8709999918937683,0.3456000089645386
YDL135C,YDR406W,0,1.9112889,0.2012476921081543,0.8709999918937683,0.3456999957561493
YPR141C,YPL262W,0,1.9112822,0.2012012004852295,0.8709999918937683,0.3458000123500824
YKL099C,YJR049C,0,1.910971,0.20115473866462708,0.8709999918937683,0.3458999991416931
YPL083C,YOR310C,0,1.9101658,0.20110829174518585,0.8709999918937683,0.34599998593330383
YHR029C,YKR035W-A,0,1.910157,0.20106185972690582,0.8709999918937683,0.34610000252723694
YKL051W,YNL052W,0,1.9095287,0.20101545751094818,0.8709999918937683,0.34619998931884766
YJL085W,YGR178C,0,1.9091064,0.20096908509731293,0.8709999918937683,0.34630000591278076
YBR299W,YNL293W,0,1.9082779,0.20092272758483887,0.8709999918937683,0.3463999927043915
YER019C-A,YIL134W,0,1.9080492,0.200876384973526,0.8709999918937683,0.3465000092983246
YGL210W,YBR301W,0,1.9078748,0.20083007216453552,0.8709999918937683,0.3465999960899353
YNL081C,YDR257C,0,1.9072278,0.20078377425670624,0.8709999918937683,0.3467000126838684
YLR427W,YGL259W,0,1.9072208,0.20073749125003815,0.8709999918937683,0.3467999994754791
YER110C,YDR516C,0,1.9066932,0.20069123804569244,0.8709999918937683,0.34689998626708984
YJR048W,YKL173W,0,1.9066279,0.20064501464366913,0.8709999918937683,0.34700000286102295
YDR503C,YLR115W,0,1.9065444,0.200598806142807,0.8709999918937683,0.34709998965263367
YHR205W,YJL005W,0,1.9065063,0.20055261254310608,0.8709999918937683,0.3472000062465668
YDR399W,YAR042W,0,1.9058034,0.20050644874572754,0.8709999918937683,0.3472999930381775
YOR172W,YDL205C,0,1.9056185,0.2004602998495102,0.8709999918937683,0.3474000096321106
YJL212C,YPL159C,0,1.9050518,0.20041418075561523,0.8709999918937683,0.3474999964237213
YBR251W,YOR195W,0,1.9044886,0.20036807656288147,0.8709999918937683,0.3476000130176544
YDR169C,YHR186C,0,1.9044597,0.2003219872713089,0.8709999918937683,0.34769999980926514
YGL113W,YDR400W,0,1.9041321,0.20027592778205872,0.8709999918937683,0.34779998660087585
YIL173W,YDR371W,0,1.9032786,0.20022988319396973,0.8709999918937683,0.34790000319480896
YDR197W,YKL185W,0,1.9028891,0.20018386840820312,0.8709999918937683,0.3479999899864197
YNL314W,YDL043C,0,1.9018784,0.20013786852359772,0.8709999918937683,0.3481000065803528
YDR287W,YDR300C,0,1.9014066,0.2000918835401535,0.8709999918937683,0.3481999933719635
YDR330W,YJL004C,0,1.9012955,0.20004592835903168,0.8709999918937683,0.3483000099658966
YMR270C,YDR260C,0,1.9011744,0.20000000298023224,0.8709999918937683,0.3483999967575073
YML095C,YER041W,0,1.9006597,0.199954092502594,0.8709999918937683,0.34850001335144043
YKL011C,YHR111W,0,1.9004589,0.19990819692611694,0.8709999918937683,0.34860000014305115
YMR282C,YPR086W,0,1.9002954,0.1998623162508011,0.8709999918937683,0.34869998693466187
YOL018C,YLR260W,0,1.9000239,0.19981646537780762,0.8709999918937683,0.34880000352859497
YDR359C,YOR351C,0,1.8990792,0.19977064430713654,0.8709999918937683,0.3488999903202057
YNL145W,YML005W,0,1.8990433,0.19972483813762665,0.8709999918937683,0.3490000069141388
YDR236C,YJL109C,0,1.8983102,0.19967904686927795,0.8709999918937683,0.3490999937057495
YLR221C,YLR306W,0,1.897161,0.19963328540325165,0.8709999918937683,0.3492000102996826
YPL194W,YBR276C,0,1.8954037,0.19958753883838654,0.8709999918937683,0.34929999709129333
YJL034W,YDR086C,0,1.8952525,0.19954180717468262,0.8709999918937683,0.34940001368522644
YBR170C,YGL232W,0,1.8951869,0.1994961053133011,0.8709999918937683,0.34950000047683716
YFR040W,YLR237W,0,1.8942013,0.19945041835308075,0.8709999918937683,0.3495999872684479
YCL069W,YOL136C,0,1.8938558,0.1994047611951828,0.8709999918937683,0.349700003862381
YIL084C,YLR404W,0,1.8933636,0.19935911893844604,0.8709999918937683,0.3497999906539917
YKL034W,YGL151W,0,1.8924943,0.19931350648403168,0.8709999918937683,0.3499000072479248
YBR160W,YDR308C,0,1.8921576,0.1992679089307785,0.8709999918937683,0.3499999940395355
YKL026C,YBL063W,0,1.8906873,0.19922232627868652,0.8709999918937683,0.35010001063346863
YLR238W,YPL133C,0,1.8893951,0.19917677342891693,0.8709999918937683,0.35019999742507935
YHR110W,YPL154C,0,1.8880042,0.19913123548030853,0.8709999918937683,0.35030001401901245
YJR057W,YHR031C,0,1.8879173,0.19908571243286133,0.8709999918937683,0.35040000081062317
YMR038C,YMR059W,0,1.887818,0.1990402191877365,0.8709999918937683,0.3504999876022339
YHR036W,YMR023C,0,1.8868415,0.1989947408437729,0.8709999918937683,0.350600004196167
YOR311C,YDR425W,0,1.8860524,0.19894929230213165,0.8709999918937683,0.3506999909877777
YPR021C,YGL025C,0,1.8855714,0.1989038586616516,0.8709999918937683,0.3508000075817108
YOL102C,YGL236C,0,1.8855269,0.19885845482349396,0.8709999918937683,0.35089999437332153
YGR063C,YMR239C,1,1.8836279,0.19904132187366486,0.871999979019165,0.35089999437332153
YJR052W,YGL229C,0,1.8832179,0.19899588823318481,0.871999979019165,0.35100001096725464
YMR314W,YCR060W,0,1.882164,0.19895048439502716,0.871999979019165,0.35109999775886536
YDR120C,YJR112W,0,1.8821607,0.1989051103591919,0.871999979019165,0.35120001435279846
YPR152C,YDR313C,0,1.8818706,0.19885975122451782,0.871999979019165,0.3513000011444092
YLR118C,YOR191W,0,1.8818305,0.19881440699100494,0.871999979019165,0.3513999879360199
YNL032W,YGR178C,0,1.8818285,0.19876909255981445,0.871999979019165,0.351500004529953
YCR026C,YKR072C,0,1.8816247,0.19872379302978516,0.871999979019165,0.3515999913215637
YNL206C,YGL194C,1,1.8810122,0.19890636205673218,0.8730000257492065,0.3515999913215637
YDR167W,YDR145W,1,1.8810031,0.19908884167671204,0.8740000128746033,0.3515999913215637
YDR330W,YPL240C,0,1.8804302,0.19904349744319916,0.8740000128746033,0.3517000079154968
YJL125C,YLR401C,0,1.8803612,0.19899818301200867,0.8740000128746033,0.35179999470710754
YER027C,YLR215C,0,1.8803176,0.19895288348197937,0.8740000128746033,0.35190001130104065
YCR058C,YNR018W,0,1.8802768,0.19890759885311127,0.8740000128746033,0.35199999809265137
YLR191W,YMR009W,0,1.8791276,0.19886234402656555,0.8740000128746033,0.3521000146865845
YNL330C,YPL129W,1,1.8783687,0.1990445852279663,0.875,0.3521000146865845
YLR312C-B,YKL001C,0,1.8782113,0.1989993155002594,0.875,0.3522000014781952
YBR105C,YML012W,0,1.8781428,0.19895407557487488,0.875,0.3522999882698059
YHR101C,YGR191W,0,1.8774742,0.19890883564949036,0.875,0.352400004863739
YGL051W,YKR044W,0,1.877208,0.19886364042758942,0.875,0.35249999165534973
YKR102W,YKL095W,0,1.8766418,0.19881844520568848,0.875,0.35260000824928284
YHR143W,YDR201W,0,1.8766017,0.19877327978610992,0.875,0.35269999504089355
YKL191W,YPR083W,0,1.876401,0.19872814416885376,0.875,0.35280001163482666
YOR192C,YLR115W,0,1.8760992,0.1986830085515976,0.875,0.3528999984264374
YIR006C,YPL096C-A,0,1.8757883,0.198637917637825,0.875,0.3529999852180481
YOL056W,YBR281C,0,1.8749516,0.19859282672405243,0.875,0.3531000018119812
YOL055C,YIL111W,0,1.8740915,0.19854776561260223,0.875,0.3531999886035919
YDR524C,YJL128C,0,1.8737047,0.19850271940231323,0.875,0.353300005197525
YKL170W,YNL073W,0,1.8724804,0.19845770299434662,0.875,0.35339999198913574
YMR053C,YKL040C,0,1.8713802,0.1984127014875412,0.875,0.35350000858306885
YDR138W,YMR168C,0,1.8710675,0.19836771488189697,0.875,0.35359999537467957
YGL244W,YGL129C,0,1.8694625,0.19832275807857513,0.875,0.35370001196861267
YDL046W,YGL120C,0,1.8693328,0.1982778161764145,0.875,0.3537999987602234
YDR350C,YPL093W,0,1.8689284,0.19823288917541504,0.875,0.3538999855518341
YMR008C,YLR044C,0,1.8685405,0.19818799197673798,0.875,0.3540000021457672
YPR032W,YIL156W,0,1.8678322,0.1981431096792221,0.875,0.35409998893737793
YLR224W,YPL218W,0,1.8675467,0.19809825718402863,0.875,0.35420000553131104
YMR039C,YKR103W,0,1.8662298,0.19805341958999634,0.875,0.35429999232292175
YPL144W,YKL205W,0,1.864798,0.19800859689712524,0.875,0.35440000891685486
YLL033W,YGL142C,0,1.8641634,0.19796380400657654,0.875,0.3544999957084656
YMR005W,YPL239W,0,1.8641164,0.19791902601718903,0.875,0.3546000123023987
YOR378W,YKR075C,0,1.8640069,0.1978742629289627,0.875,0.3546999990940094
YKL052C,YBL093C,0,1.8630466,0.19782952964305878,0.875,0.3547999858856201
YER098W,YDR072C,0,1.8615205,0.19778481125831604,0.875,0.3549000024795532
YNL158W,YLR361C,0,1.8610584,0.1977401077747345,0.875,0.35499998927116394
YPL149W,YFL038C,0,1.8599046,0.19769543409347534,0.875,0.35510000586509705
YJL071W,YEL005C,0,1.8597955,0.19765077531337738,0.875,0.35519999265670776
YER040W,YBL017C,0,1.8590643,0.1976061463356018,0.875,0.35530000925064087
YGL237C,YJR032W,0,1.8588158,0.19756153225898743,0.875,0.3553999960422516
YOL062C,YER093C,0,1.858783,0.19751693308353424,0.875,0.3555000126361847
YOR136W,YMR240C,0,1.8585689,0.19747234880924225,0.875,0.3555999994277954
YLR154W-C,YDR499W,0,1.8585205,0.19742779433727264,0.875,0.35569998621940613
YDL210W,YMR182C,0,1.8582116,0.19738325476646423,0.875,0.35580000281333923
YFR031C-A,YBL017C,0,1.8574238,0.1973387449979782,0.875,0.35589998960494995
YDL175C,YMR289W,0,1.8568745,0.19729425013065338,0.875,0.35600000619888306
YPL036W,YAL019W,0,1.8564464,0.19724977016448975,0.875,0.3560999929904938
YKR100C,YJR053W,0,1.8556687,0.1972053200006485,0.875,0.3562000095844269
YFR010W,YEL054C,0,1.8552163,0.19716088473796844,0.875,0.3562999963760376
YGR295C,YJL004C,0,1.8551333,0.19711646437644958,0.875,0.3564000129699707
YNL243W,YGL144C,0,1.854518,0.1970720738172531,0.875,0.3564999997615814
YIL167W,YDR323C,0,1.8541557,0.19702769815921783,0.875,0.35659998655319214
YHR101C,YMR100W,0,1.8529491,0.19698333740234375,0.875,0.35670000314712524
YDR072C,YKL058W,0,1.852855,0.19693900644779205,0.875,0.35679998993873596
YLR106C,YDL127W,0,1.8527086,0.19689469039440155,0.875,0.35690000653266907
YDR376W,YJL156C,0,1.8527019,0.19685038924217224,0.875,0.3569999933242798
YGR271W,YOR224C,0,1.8526878,0.19680611789226532,0.875,0.3571000099182129
YLR113W,YHR174W,0,1.8522153,0.1967618614435196,0.875,0.3571999967098236
YGR211W,YGR029W,0,1.8518411,0.19671761989593506,0.875,0.3573000133037567
YIL126W,YBR090C-A,1,1.851731,0.1968981772661209,0.8759999871253967,0.3573000133037567
YEL056W,YPR055W,0,1.8516521,0.19685393571853638,0.8759999871253967,0.35740000009536743
YBR274W,YOR157C,0,1.8514922,0.19680970907211304,0.8759999871253967,0.35749998688697815
YOR142W,YDR233C,0,1.8513509,0.1967654973268509,0.8759999871253967,0.35760000348091125
YOL111C,YPL116W,0,1.8511912,0.19672131538391113,0.8759999871253967,0.357699990272522
YCL029C,YKL039W,0,1.8511609,0.19667714834213257,0.8759999871253967,0.3578000068664551
YGR165W,YJL008C,0,1.8511409,0.1966329962015152,0.8759999871253967,0.3578999936580658
YGR085C,YOR195W,0,1.8489193,0.19658887386322021,0.8759999871253967,0.3580000102519989
YIR006C,YHR190W,0,1.8486446,0.19654476642608643,0.8759999871253967,0.3580999970436096
YDL208W,YAR033W,0,1.8484035,0.19650067389011383,0.8759999871253967,0.3582000136375427
YFL049W,YHR118C,1,1.8475647,0.19668087363243103,0.8769999742507935,0.3582000136375427
YJL192C,YOR179C,0,1.8473183,0.19663676619529724,0.8769999742507935,0.35830000042915344
YOL055C,YIR038C,0,1.8468735,0.19659268856048584,0.8769999742507935,0.35839998722076416
YAL012W,YDL202W,0,1.846251,0.19654862582683563,0.8769999742507935,0.35850000381469727
YDR372C,YIL167W,0,1.8460331,0.1965045928955078,0.8769999742507935,0.358599990606308
YIL095W,YLR292C,0,1.8457997,0.1964605748653412,0.8769999742507935,0.3587000072002411
YDL018C,YPR189W,0,1.8455994,0.19641657173633575,0.8769999742507935,0.3587999939918518
YPL050C,YBR254C,0,1.8455977,0.1963725984096527,0.8769999742507935,0.3589000105857849
YPL140C,YKL033W,0,1.8454717,0.19632862508296967,0.8769999742507935,0.35899999737739563
YPR007C,YNL318C,0,1.8452227,0.1962846964597702,0.8769999742507935,0.35910001397132874
YJR133W,YBL011W,0,1.8447518,0.19624076783657074,0.8769999742507935,0.35920000076293945
YMR268W-A,YIL007C,0,1.8445649,0.19619686901569366,0.8769999742507935,0.35929998755455017
YNR052C,YHR206W,0,1.8442159,0.19615298509597778,0.8769999742507935,0.3594000041484833
YDL098C,YOL020W,0,1.844115,0.1961091160774231,0.8769999742507935,0.359499990940094
YFL033C,YOR219C,0,1.8439838,0.1960652768611908,0.8769999742507935,0.3596000075340271
YGL123W,YLR127C,0,1.8439025,0.1960214525461197,0.8769999742507935,0.3596999943256378
YDR322W,YLR305C,0,1.8438318,0.19597765803337097,0.8769999742507935,0.3598000109195709
YMR303C,YOL072W,0,1.8434899,0.19593386352062225,0.8769999742507935,0.35989999771118164
YIL095W,YCR055C,0,1.8433557,0.19589009881019592,0.8769999742507935,0.36000001430511475
YDR028C,YHR086W,0,1.8432736,0.19584636390209198,0.8769999742507935,0.36010000109672546
YPR100W,YOR043W,0,1.8421509,0.19580262899398804,0.8769999742507935,0.3601999878883362
YGR286C,YCL066W,0,1.8418251,0.19575892388820648,0.8769999742507935,0.3603000044822693
YLL006W,YFL038C,0,1.8412826,0.19571524858474731,0.8769999742507935,0.36039999127388
YDR350C,YFR033C,0,1.8407356,0.19567157328128815,0.8769999742507935,0.3605000078678131
YEL059C-A,YOR091W,0,1.8404443,0.19562792778015137,0.8769999742507935,0.36059999465942383
YCL029C,YGR268C,0,1.8393512,0.19558429718017578,0.8769999742507935,0.36070001125335693
YDR454C,YHR184W,0,1.8388295,0.19554069638252258,0.8769999742507935,0.36079999804496765
YBR092C,YKR038C,0,1.8387227,0.19549709558486938,0.8769999742507935,0.36090001463890076
YCL014W,YDR420W,0,1.8386085,0.19545353949069977,0.8769999742507935,0.3610000014305115
YNL242W,YOL007C,0,1.8378165,0.19540998339653015,0.8769999742507935,0.3610999882221222
YJL012C-A,YPR100W,0,1.8376505,0.19536645710468292,0.8769999742507935,0.3612000048160553
YDL170W,YOR103C,0,1.8365877,0.1953229457139969,0.8769999742507935,0.361299991607666
YPR167C,YMR229C,0,1.8356615,0.19527944922447205,0.8769999742507935,0.3614000082015991
YJL130C,YHL047C,0,1.8347298,0.1952359676361084,0.8769999742507935,0.36149999499320984
YKL052C,YMR234W,0,1.8343823,0.19519251585006714,0.8769999742507935,0.36160001158714294
YKL198C,YBR058C,0,1.8341874,0.19514909386634827,0.8769999742507935,0.36169999837875366
YLR380W,YBR205W,0,1.8338912,0.1951056718826294,0.8769999742507935,0.3617999851703644
YIR004W,YLR391W,0,1.8320031,0.1950622797012329,0.8769999742507935,0.3619000017642975
YLR097C,YDL098C,0,1.8309379,0.19501890242099762,0.8769999742507935,0.3619999885559082
YGR060W,YKR052C,0,1.8308818,0.19497554004192352,0.8769999742507935,0.3621000051498413
YOR036W,YDR254W,0,1.8297639,0.19493220746517181,0.8769999742507935,0.362199991941452
YIR015W,YGR220C,0,1.8295063,0.1948888897895813,0.8769999742507935,0.36230000853538513
YIL026C,YCR080W,0,1.8283211,0.19484558701515198,0.8769999742507935,0.36239999532699585
YKL028W,YMR204C,0,1.8278674,0.19480231404304504,0.8769999742507935,0.36250001192092896
YER008C,YJR135C,0,1.8276033,0.1947590559720993,0.8769999742507935,0.3625999987125397
YAR035W,YML101C,0,1.8270696,0.19471581280231476,0.8769999742507935,0.3626999855041504
YDR005C,YOR232W,0,1.8260486,0.1946725845336914,0.8769999742507935,0.3628000020980835
YHR110W,YBR082C,0,1.8254832,0.19462938606739044,0.8769999742507935,0.3628999888896942
YHR109W,YMR295C,0,1.8253996,0.19458620250225067,0.8769999742507935,0.3630000054836273
YML021C,YIL113W,0,1.8253288,0.1945430338382721,0.8769999742507935,0.36309999227523804
YOL105C,YIL090W,0,1.8252501,0.1944998949766159,0.8769999742507935,0.36320000886917114
YLR459W,YPR070W,0,1.8248067,0.19445675611495972,0.8769999742507935,0.36329999566078186
YGL058W,YOL080C,0,1.8239598,0.1944136619567871,0.8769999742507935,0.36340001225471497
YLL033W,YDL095W,0,1.823845,0.1943705677986145,0.8769999742507935,0.3634999990463257
YHL036W,YDR301W,0,1.8237903,0.19432750344276428,0.8769999742507935,0.3635999858379364
YDR472W,YDR434W,0,1.8227227,0.19428445398807526,0.8769999742507935,0.3637000024318695
YLR088W,YPL002C,0,1.8224665,0.19424141943454742,0.8769999742507935,0.3637999892234802
YER125W,YDR423C,0,1.8220277,0.1941983997821808,0.8769999742507935,0.36390000581741333
YGL071W,YLR299W,0,1.8217933,0.19415540993213654,0.8769999742507935,0.36399999260902405
YPL096W,YPL178W,0,1.8209023,0.19411243498325348,0.8769999742507935,0.36410000920295715
YDR169C,YBR181C,0,1.820754,0.1940694898366928,0.8769999742507935,0.36419999599456787
YHR118C,YLL022C,1,1.8205961,0.1942477822303772,0.878000020980835,0.36419999599456787
YDR128W,YJR058C,0,1.8205731,0.19420482218265533,0.878000020980835,0.364300012588501
YDR429C,YGL246C,0,1.8197656,0.19416187703609467,0.878000020980835,0.3643999993801117
YLR315W,YMR097C,0,1.8189328,0.1941189467906952,0.878000020980835,0.3644999861717224
YMR264W,YOR098C,0,1.818818,0.1940760463476181,0.878000020980835,0.3646000027656555
YDL085W,YLR151C,0,1.8182259,0.19403314590454102,0.878000020980835,0.36469998955726624
YNL271C,YLL031C,0,1.8180891,0.19399027526378632,0.878000020980835,0.36480000615119934
YGR063C,YKR048C,1,1.8179686,0.1941683292388916,0.8790000081062317,0.36480000615119934
YHR010W,YOR113W,0,1.8143927,0.1941254436969757,0.8790000081062317,0.36489999294281006
YEL027W,YOR019W,0,1.8126953,0.194082573056221,0.8790000081062317,0.36500000953674316
YBL031W,YOR063W,0,1.8125597,0.1940397322177887,0.8790000081062317,0.3650999963283539
YHR001W-A,YGR286C,0,1.8119723,0.19399690628051758,0.8790000081062317,0.365200012922287
YOR278W,YKR009C,0,1.8114963,0.19395411014556885,0.8790000081062317,0.3652999997138977
YOR162C,YMR013C,0,1.8113701,0.19391131401062012,0.8790000081062317,0.3653999865055084
YML015C,YOR175C,0,1.811172,0.19386854767799377,0.8790000081062317,0.36550000309944153
YJR068W,YDR130C,0,1.8111562,0.19382579624652863,0.8790000081062317,0.36559998989105225
YNL167C,YDL051W,0,1.8109428,0.19378307461738586,0.8790000081062317,0.36570000648498535
YGR285C,YJR132W,0,1.8098862,0.1937403529882431,0.8790000081062317,0.36579999327659607
YGR223C,YGL040C,0,1.8094743,0.19369766116142273,0.8790000081062317,0.3659000098705292
YDL117W,YLR239C,0,1.8092049,0.19365498423576355,0.8790000081062317,0.3659999966621399
YOL011W,YDR279W,0,1.8085086,0.19361233711242676,0.8790000081062317,0.366100013256073
YDR236C,YLR391W-A,0,1.8082393,0.19356970489025116,0.8790000081062317,0.3662000000476837
YNL066W,YDR036C,0,1.8081551,0.19352708756923676,0.8790000081062317,0.36629998683929443
YOR311C,YDR438W,0,1.8080838,0.19348448514938354,0.8790000081062317,0.36640000343322754
YJL087C,YLR088W,0,1.8079864,0.19344189763069153,0.8790000081062317,0.36649999022483826
YNL325C,YHL016C,0,1.8076031,0.1933993399143219,0.8790000081062317,0.36660000681877136
YOR145C,YBR281C,0,1.8073587,0.19335679709911346,0.8790000081062317,0.3666999936103821
YIL022W,YNL016W,0,1.8071656,0.19331426918506622,0.8790000081062317,0.3668000102043152
YKR079C,YBR086C,0,1.8071353,0.19327177107334137,0.8790000081062317,0.3668999969959259
YGR222W,YPR111W,0,1.8071208,0.1932292878627777,0.8790000081062317,0.367000013589859
YOR373W,YNL085W,0,1.8062446,0.19318681955337524,0.8790000081062317,0.3671000003814697
YAR044W,YOL101C,0,1.8055102,0.19314436614513397,0.8790000081062317,0.36719998717308044
YOR363C,YFL011W-A,0,1.8054436,0.1931019276380539,0.8790000081062317,0.36730000376701355
YBR207W,YLR396C,0,1.805253,0.1930595189332962,0.8790000081062317,0.36739999055862427
YGL259W,YMR022W,0,1.8047891,0.1930171251296997,0.8790000081062317,0.3675000071525574
YCL027W,YLR175W,0,1.8032326,0.1929747462272644,0.8790000081062317,0.3675999939441681
YNR070W,YPL213W,0,1.8030456,0.1929323971271515,0.8790000081062317,0.3677000105381012
YOR373W,YPL121C,0,1.8024234,0.19289006292819977,0.8790000081062317,0.3677999973297119
YOR086C,YJL025W,0,1.8019679,0.19284774363040924,0.8790000081062317,0.367900013923645
YPR113W,YGL016W,0,1.8018887,0.1928054392337799,0.8790000081062317,0.36800000071525574
YDL117W,YLR360W,0,1.8017673,0.19276316463947296,0.8790000081062317,0.36809998750686646
YMR304W,YPL155C,0,1.8014567,0.19272089004516602,0.8790000081062317,0.36820000410079956
YKL051W,YHR008C,0,1.8011525,0.19267864525318146,0.8790000081062317,0.3682999908924103
YFL013C,YMR284W,1,1.8008752,0.1928555816411972,0.8799999952316284,0.3682999908924103
YER072W,YLR328W,0,1.8004797,0.19281332194805145,0.8799999952316284,0.3684000074863434
YPL010W,YGL174W,0,1.8003106,0.1927710771560669,0.8799999952316284,0.3684999942779541
YDR213W,YLL006W,0,1.7997959,0.19272886216640472,0.8799999952316284,0.3686000108718872
YER082C,YIL042C,0,1.7997755,0.19268666207790375,0.8799999952316284,0.3686999976634979
YGR199W,YDL136W,0,1.7996695,0.19264447689056396,0.8799999952316284,0.36880001425743103
YGR002C,YMR091C,1,1.7990925,0.1928211897611618,0.8809999823570251,0.36880001425743103
YBR120C,YJL143W,0,1.7980721,0.19277898967266083,0.8809999823570251,0.36890000104904175
YJL196C,YML013W,0,1.7980242,0.19273681938648224,0.8809999823570251,0.36899998784065247
YNR028W,YIL018W,0,1.7970614,0.19269466400146484,0.8809999823570251,0.36910000443458557
YGL003C,YOL070C,0,1.7967628,0.19265252351760864,0.8809999823570251,0.3691999912261963
YBL091C,YBR240C,0,1.7966889,0.19261041283607483,0.8809999823570251,0.3693000078201294
YDR207C,YDL136W,0,1.7964361,0.19256830215454102,0.8809999823570251,0.3693999946117401
YGR271W,YNR048W,0,1.7943952,0.1925262212753296,0.8809999823570251,0.3695000112056732
YAL053W,YLR153C,0,1.7943249,0.19248415529727936,0.8809999823570251,0.36959999799728394
YBR294W,YPR163C,0,1.7942276,0.1924421191215515,0.8809999823570251,0.36970001459121704
YBR193C,YJR063W,0,1.7940845,0.19240008294582367,0.8809999823570251,0.36980000138282776
YER168C,YGR184C,0,1.7939932,0.1923580765724182,0.8809999823570251,0.3698999881744385
YLR163C,YBR095C,0,1.7931565,0.19231608510017395,0.8809999823570251,0.3700000047683716
YNL322C,YGR072W,0,1.7930562,0.19227412343025208,0.8809999823570251,0.3700999915599823
YDR120C,YDL134C-A,0,1.7929448,0.1922321617603302,0.8809999823570251,0.3702000081539154
YGL070C,YOR167C,0,1.7919813,0.1921902298927307,0.8809999823570251,0.3702999949455261
YPR070W,YDR127W,0,1.791895,0.19214831292629242,0.8809999823570251,0.37040001153945923
YHR146W,YDL160C,0,1.7915802,0.19210641086101532,0.8809999823570251,0.37049999833106995
YBR170C,YIL064W,0,1.7914866,0.19206452369689941,0.8809999823570251,0.37059998512268066
YNL339C,YDL078C,0,1.7889965,0.1920226663351059,0.8809999823570251,0.37070000171661377
YGL246C,YKL010C,0,1.7886664,0.19198082387447357,0.8809999823570251,0.3707999885082245
YOR132W,YOR193W,0,1.7884101,0.19193899631500244,0.8809999823570251,0.3709000051021576
YOL045W,YJL191W,0,1.7878672,0.1918971836566925,0.8809999823570251,0.3709999918937683
YDL140C,YLR385C,1,1.7874544,0.19207316637039185,0.8820000290870667,0.3709999918937683
YOR046C,YCR044C,0,1.7872016,0.1920313537120819,0.8820000290870667,0.3711000084877014
YMR035W,YJR153W,0,1.7871375,0.19198955595493317,0.8820000290870667,0.37119999527931213
YLR203C,YPL082C,0,1.7863889,0.19194777309894562,0.8820000290870667,0.37130001187324524
YLR047C,YLR188W,0,1.7860308,0.19190600514411926,0.8820000290870667,0.37139999866485596
YDR329C,YJL073W,0,1.7860187,0.1918642520904541,0.8820000290870667,0.3714999854564667
YBL020W,YKL109W,0,1.7859044,0.19182252883911133,0.8820000290870667,0.3716000020503998
YMR224C,YNL180C,0,1.7857857,0.19178082048892975,0.8820000290870667,0.3716999888420105
YMR017W,YDR412W,0,1.7857707,0.19173912703990936,0.8820000290870667,0.3718000054359436
YHR106W,YPL207W,0,1.7857066,0.19169746339321136,0.8820000290870667,0.3718999922275543
YGR193C,YMR163C,0,1.7852644,0.19165579974651337,0.8820000290870667,0.3720000088214874
YNL166C,YFR052W,0,1.7841135,0.19161416590213776,0.8820000290870667,0.37209999561309814
YCL034W,YLR363C,0,1.7814218,0.19157254695892334,0.8820000290870667,0.37220001220703125
YLR228C,YHR039C-B,0,1.7808061,0.19153094291687012,0.8820000290870667,0.37229999899864197
YLR441C,YBR086C,0,1.779218,0.19148936867713928,0.8820000290870667,0.3723999857902527
YOR078W,YMR172W,0,1.7786472,0.19144779443740845,0.8820000290870667,0.3725000023841858
YLR442C,YCL060C,1,1.7778839,0.1916232705116272,0.8830000162124634,0.3725000023841858
YMR133W,YKL002W,0,1.7778444,0.19158168137073517,0.8830000162124634,0.3725999891757965
YIL160C,YLL003W,0,1.7775295,0.19154013693332672,0.8830000162124634,0.3727000057697296
YBR118W,YAL044C,0,1.7768042,0.19149859249591827,0.8830000162124634,0.37279999256134033
YBR082C,YER056C-A,0,1.7765558,0.19145706295967102,0.8830000162124634,0.37290000915527344
YBL098W,YDR036C,0,1.7764832,0.19141556322574615,0.8830000162124634,0.37299999594688416
YDR508C,YOL078W,0,1.7764783,0.19137407839298248,0.8830000162124634,0.37310001254081726
YNL289W,YPL218W,0,1.7752905,0.19133260846138,0.8830000162124634,0.373199999332428
YGR218W,YDR377W,0,1.7751185,0.19129116833209991,0.8830000162124634,0.3732999861240387
YMR179W,YPL186C,0,1.7738008,0.19124972820281982,0.8830000162124634,0.3734000027179718
YPL244C,YDL223C,0,1.7734891,0.19120831787586212,0.8830000162124634,0.3734999895095825
YDR021W,YCR081W,0,1.7727275,0.1911669224500656,0.8830000162124634,0.3736000061035156
YDL154W,YBR240C,0,1.7725792,0.1911255419254303,0.8830000162124634,0.37369999289512634
YNL068C,YDR473C,0,1.7725601,0.19108417630195618,0.8830000162124634,0.37380000948905945
YLR451W,YOR147W,0,1.7725594,0.19104284048080444,0.8830000162124634,0.37389999628067017
YGR063C,YMR033W,1,1.7722888,0.1912178248167038,0.8840000033378601,0.37389999628067017
YOR310C,YGR047C,0,1.7722716,0.19117647409439087,0.8840000033378601,0.37400001287460327
YKL138C-A,YDR434W,0,1.7707769,0.19113513827323914,0.8840000033378601,0.374099999666214
YAL023C,YMR226C,0,1.7707672,0.1910938173532486,0.8840000033378601,0.3741999864578247
YGL105W,YML016C,0,1.7706978,0.19105251133441925,0.8840000033378601,0.3743000030517578
YCR097WB,YMR257C,0,1.7703474,0.1910112351179123,0.8840000033378601,0.37439998984336853
YLR009W,YLR460C,0,1.7697688,0.19096997380256653,0.8840000033378601,0.37450000643730164
YBR072W,YDR134C,0,1.7692018,0.19092872738838196,0.8840000033378601,0.37459999322891235
YDR167W,YOR304W,1,1.7690191,0.19110342860221863,0.8849999904632568,0.37459999322891235
YDR164C,YJL082W,0,1.7687899,0.19106218218803406,0.8849999904632568,0.37470000982284546
YDR218C,YGR089W,0,1.7686448,0.1910209357738495,0.8849999904632568,0.3747999966144562
YBR181C,YHL003C,0,1.7683846,0.1909797191619873,0.8849999904632568,0.3749000132083893
YPL273W,YMR043W,0,1.7682264,0.19093851745128632,0.8849999904632568,0.375
YMR115W,YDR440W,0,1.767992,0.19089733064174652,0.8849999904632568,0.3750999867916107
YJL219W,YHR067W,0,1.7676458,0.19085615873336792,0.8849999904632568,0.3752000033855438
YJR060W,YMR059W,0,1.7674941,0.1908150017261505,0.8849999904632568,0.37529999017715454
YJR083C,YOR129C,0,1.7664249,0.1907738745212555,0.8849999904632568,0.37540000677108765
YDR126W,YML120C,0,1.7661786,0.19073276221752167,0.8849999904632568,0.37549999356269836
YDR379W,YLR206W,0,1.7653421,0.19069166481494904,0.8849999904632568,0.37560001015663147
YMR039C,YFR019W,0,1.7652863,0.1906505823135376,0.8849999904632568,0.3756999969482422
YOL090W,YOR244W,1,1.7650216,0.19082489609718323,0.8859999775886536,0.3756999969482422
YOR038C,YOL004W,1,1.764934,0.1909991353750229,0.8870000243186951,0.3756999969482422
YDR158W,YNL001W,0,1.7639267,0.19095802307128906,0.8870000243186951,0.3758000135421753
YOR332W,YLL061W,0,1.7638853,0.19091691076755524,0.8870000243186951,0.375900000333786
YHR044C,YIR004W,0,1.7635735,0.1908758282661438,0.8870000243186951,0.37599998712539673
YOR070C,YKL108W,0,1.7631521,0.19083476066589355,0.8870000243186951,0.37610000371932983
YBR279W,YGR212W,0,1.7630569,0.1907937228679657,0.8870000243186951,0.37619999051094055
YJL029C,YKR028W,0,1.7629638,0.19075268507003784,0.8870000243186951,0.37630000710487366
YKL138C-A,YGL045W,0,1.762768,0.19071167707443237,0.8870000243186951,0.3763999938964844
YHL011C,YGR122W,0,1.7625132,0.1906706839799881,0.8870000243186951,0.3765000104904175
YLR109W,YJL143W,0,1.762192,0.19062970578670502,0.8870000243186951,0.3765999972820282
YLR316C,YCR031C,0,1.761998,0.19058874249458313,0.8870000243186951,0.3767000138759613
YPR122W,YFR050C,0,1.7618508,0.19054779410362244,0.8870000243186951,0.376800000667572
YDL208W,YBR185C,0,1.7612255,0.19050687551498413,0.8870000243186951,0.37689998745918274
YOR215C,YOL040C,0,1.7612218,0.19046597182750702,0.8870000243186951,0.37700000405311584
YKL041W,YEL013W,0,1.7599684,0.1904250681400299,0.8870000243186951,0.37709999084472656
YOL120C,YJR066W,0,1.7597182,0.19038420915603638,0.8870000243186951,0.37720000743865967
YOR078W,YOR273C,0,1.7594432,0.19034335017204285,0.8870000243186951,0.3772999942302704
YJL212C,YBL055C,0,1.7589638,0.1903025060892105,0.8870000243186951,0.3774000108242035
YNL314W,YIL109C,0,1.7584018,0.19026169180870056,0.8870000243186951,0.3774999976158142
YEL016C,YER050C,0,1.758181,0.1902208924293518,0.8870000243186951,0.3776000142097473
YFL049W,YDR439W,1,1.7576158,0.19039450585842133,0.8880000114440918,0.3776000142097473
YMR175W,YKL096W-A,0,1.7575523,0.19035369157791138,0.8880000114440918,0.37770000100135803
YOR085W,YGL151W,0,1.7574768,0.19031290709972382,0.8880000114440918,0.37779998779296875
YOR297C,YDR511W,0,1.7571408,0.19027212262153625,0.8880000114440918,0.37790000438690186
YDL008W,YLR413W,0,1.7570944,0.19023136794567108,0.8880000114440918,0.3779999911785126
YPL173W,YER177W,0,1.7569135,0.1901906132698059,0.8880000114440918,0.3781000077724457
YHR069C,YDR238C,0,1.7561836,0.19014988839626312,0.8880000114440918,0.3781999945640564
YGR124W,YMR136W,0,1.7555664,0.19010917842388153,0.8880000114440918,0.3783000111579895
YIL046W,YKR097W,0,1.7549046,0.19006849825382233,0.8880000114440918,0.3783999979496002
YIL120W,YBR120C,0,1.7548294,0.19002781808376312,0.8880000114440918,0.3785000145435333
YLR323C,YDR337W,0,1.754817,0.1899871677160263,0.8880000114440918,0.37860000133514404
YCL048W,YCR009C,0,1.7544401,0.1899465173482895,0.8880000114440918,0.37869998812675476
YNL219C,YDR289C,0,1.7543846,0.18990589678287506,0.8880000114440918,0.37880000472068787
YGR175C,YKL017C,0,1.7543514,0.18986529111862183,0.8880000114440918,0.3788999915122986
YOL123W,YLR418C,0,1.7533088,0.18982471525669098,0.8880000114440918,0.3790000081062317
YNL251C,YBR075W,0,1.7532475,0.18978413939476013,0.8880000114440918,0.3790999948978424
YNR033W,YOR076C,0,1.7532163,0.18974359333515167,0.8880000114440918,0.3792000114917755
YPR036W,YBR208C,0,1.7532101,0.1897030621767044,0.8880000114440918,0.37929999828338623
YDR429C,YOR211C,0,1.7526737,0.18966253101825714,0.8880000114440918,0.37940001487731934
YER022W,YGL040C,0,1.7525584,0.18962204456329346,0.8880000114440918,0.37950000166893005
YCR097WB,YMR055C,0,1.7524921,0.18958155810832977,0.8880000114440918,0.37959998846054077
YCL052C,YER190W,0,1.7520044,0.18954108655452728,0.8880000114440918,0.3797000050544739
YBR193C,YDR080W,0,1.7520019,0.18950064480304718,0.8880000114440918,0.3797999918460846
YJL194W,YBR089C-A,1,1.7516451,0.1896735578775406,0.8889999985694885,0.3797999918460846
YLL055W,YEL002C,0,1.7507123,0.1896331012248993,0.8889999985694885,0.3799000084400177
YOL109W,YPL259C,0,1.7489691,0.1895926594734192,0.8889999985694885,0.3799999952316284
YPL234C,YDR418W,0,1.7489471,0.18955223262310028,0.8889999985694885,0.3801000118255615
YMR115W,YHR211W,0,1.748521,0.18951183557510376,0.8889999985694885,0.38019999861717224
YOR258W,YKL197C,0,1.7477722,0.18947143852710724,0.8889999985694885,0.38029998540878296
YOR049C,YBR129C,0,1.746261,0.1894310712814331,0.8889999985694885,0.38040000200271606
YNR032C-A,YPR030W,0,1.7457762,0.18939071893692017,0.8889999985694885,0.3804999887943268
YLR394W,YKL015W,0,1.7457249,0.18935036659240723,0.8889999985694885,0.3806000053882599
YPL042C,YMR225C,0,1.744422,0.18931004405021667,0.8889999985694885,0.3806999921798706
YMR257C,YCR020C,0,1.743955,0.1892697513103485,0.8889999985694885,0.3808000087738037
YBR101C,YIR011C,0,1.7425841,0.18922945857048035,0.8889999985694885,0.38089999556541443
YDL101C,YBR168W,0,1.7421598,0.18918919563293457,0.8889999985694885,0.38100001215934753
YER120W,YPL078C,0,1.7413185,0.1891489326953888,0.8889999985694885,0.38109999895095825
YPL200W,YBR294W,0,1.740519,0.1891086995601654,0.8889999985694885,0.38119998574256897
YDR329C,YIL137C,0,1.7403591,0.1890684813261032,0.8889999985694885,0.3813000023365021
YLR019W,YDR313C,0,1.7400525,0.1890282779932022,0.8889999985694885,0.3813999891281128
YGL174W,YPL159C,0,1.7398584,0.1889880895614624,0.8889999985694885,0.3815000057220459
YOR061W,YLR153C,0,1.7392738,0.18894793093204498,0.8889999985694885,0.3815999925136566
YLR006C,YOL071W,0,1.7389569,0.18890777230262756,0.8889999985694885,0.3817000091075897
YAL068C,YLR435W,0,1.738609,0.18886764347553253,0.8889999985694885,0.38179999589920044
YBR038W,YHR077C,0,1.7384758,0.1888275295495987,0.8889999985694885,0.38190001249313354
YLR386W,YPR041W,0,1.7376416,0.18878743052482605,0.8889999985694885,0.38199999928474426
YER030W,YOR244W,1,1.7374792,0.18895965814590454,0.8899999856948853,0.38199999928474426
YNL077W,YOR363C,0,1.7374341,0.1889195442199707,0.8899999856948853,0.382099986076355
YML070W,YGR024C,0,1.7365961,0.18887946009635925,0.8899999856948853,0.3822000026702881
YLR105C,YNL290W,0,1.7361748,0.1888393759727478,0.8899999856948853,0.3822999894618988
YOL004W,YDR303C,1,1.7360166,0.18901145458221436,0.890999972820282,0.3822999894618988
YJL097W,YKL089W,0,1.7356759,0.1889713704586029,0.890999972820282,0.3824000060558319
YER167W,YIL021W,0,1.7325666,0.18893130123615265,0.890999972820282,0.3824999928474426
YLR201C,YOR011W,0,1.7317519,0.1888912469148636,0.890999972820282,0.38260000944137573
YBR101C,YPR169W,0,1.7311615,0.18885120749473572,0.890999972820282,0.38269999623298645
YDR100W,YGL227W,0,1.7309864,0.18881118297576904,0.890999972820282,0.38280001282691956
YNL274C,YBL100W-B,0,1.7309544,0.18877118825912476,0.890999972820282,0.3828999996185303
YGR225W,YMR234W,0,1.7300806,0.18873120844364166,0.890999972820282,0.382999986410141
YFR005C,YLR350W,0,1.7291933,0.18869122862815857,0.890999972820282,0.3831000030040741
YHL021C,YIR019C,0,1.7280128,0.18865127861499786,0.890999972820282,0.3831999897956848
YLR127C,YPL038W,0,1.7276947,0.18861134350299835,0.890999972820282,0.3833000063896179
YGR046W,YML055W,0,1.7272269,0.18857142329216003,0.890999972820282,0.38339999318122864
YKL013C,YOR396W,0,1.7267864,0.1885315328836441,0.890999972820282,0.38350000977516174
YIL019W,YLR100W,0,1.7247952,0.18849164247512817,0.890999972820282,0.38359999656677246
YDR139C,YJR016C,0,1.724635,0.18845178186893463,0.890999972820282,0.38370001316070557
YGR185C,YPR173C,0,1.7246325,0.1884119212627411,0.890999972820282,0.3837999999523163
YHR186C,YMR312W,0,1.7245525,0.18837209045886993,0.890999972820282,0.383899986743927
YNR041C,YBR061C,0,1.7237037,0.18833227455615997,0.890999972820282,0.3840000033378601
YLR238W,YIL007C,0,1.7236737,0.1882924735546112,0.890999972820282,0.3840999901294708
YFL048C,YDL067C,0,1.72317,0.18825268745422363,0.890999972820282,0.38420000672340393
YJL012C-A,YLR032W,0,1.7226706,0.18821293115615845,0.890999972820282,0.38429999351501465
YFR041C,YOR275C,0,1.7220206,0.18817317485809326,0.890999972820282,0.38440001010894775
YGR009C,YDR057W,0,1.7217209,0.18813344836235046,0.890999972820282,0.38449999690055847
YDR226W,YDR093W,0,1.7214527,0.18809373676776886,0.890999972820282,0.3846000134944916
YLR409C,YFL011W,0,1.7214372,0.18805402517318726,0.890999972820282,0.3847000002861023
YER159C,YDR410C,0,1.7214359,0.18801434338092804,0.890999972820282,0.384799987077713
YGR241C,YGR180C,0,1.7214097,0.18797467648983002,0.890999972820282,0.3849000036716461
YML081W,YCR055C,0,1.721162,0.18793503940105438,0.890999972820282,0.38499999046325684
YJR055W,YFR047C,0,1.7211393,0.18789540231227875,0.890999972820282,0.38510000705718994
YER055C,YDL209C,0,1.7200751,0.1878557801246643,0.890999972820282,0.38519999384880066
YCL060C,YLL004W,1,1.7200477,0.18802697956562042,0.8920000195503235,0.38519999384880066
YGR072W,YGL035C,0,1.7198632,0.18798735737800598,0.8920000195503235,0.38530001044273376
YHR118C,YCR052W,1,1.7195064,0.18815845251083374,0.8930000066757202,0.38530001044273376
YLR467W,YDR087C,0,1.719178,0.1881188154220581,0.8930000066757202,0.3853999972343445
YDR486C,YKR028W,0,1.7188338,0.18807919323444366,0.8930000066757202,0.3855000138282776
YGL111W,YPR173C,0,1.7187214,0.18803958594799042,0.8930000066757202,0.3856000006198883
YGL107C,YCR107W,0,1.717818,0.18799999356269836,0.8930000066757202,0.385699987411499
YGL141W,YMR125W,0,1.7167342,0.1879604309797287,0.8930000066757202,0.38580000400543213
YBR041W,YLL027W,0,1.7161705,0.18792086839675903,0.8930000066757202,0.38589999079704285
YKL040C,YGR010W,0,1.7160122,0.18788133561611176,0.8930000066757202,0.38600000739097595
YOR324C,YHR039C-B,0,1.716012,0.18784181773662567,0.8930000066757202,0.38609999418258667
YJR155W,YCR077C,0,1.7159528,0.18780231475830078,0.8930000066757202,0.3862000107765198
YFR041C,YOR222W,0,1.7158707,0.18776282668113708,0.8930000066757202,0.3862999975681305
YAL048C,YKL039W,0,1.715644,0.18772335350513458,0.8930000066757202,0.3864000141620636
YCR093W,YNL293W,0,1.7154199,0.18768389523029327,0.8930000066757202,0.3865000009536743
YOR174W,YKR031C,0,1.7143949,0.18764446675777435,0.8930000066757202,0.38659998774528503
YGL103W,YNL136W,0,1.7142608,0.18760503828525543,0.8930000066757202,0.38670000433921814
YNL133C,YDL235C,0,1.7141664,0.1875656396150589,0.8930000066757202,0.38679999113082886
YPL153C,YOL004W,1,1.7136976,0.18773624300956726,0.8939999938011169,0.38679999113082886
YMR072W,YBR243C,0,1.7133129,0.18769682943820953,0.8939999938011169,0.38690000772476196
YMR165C,YER014C-A,0,1.7114019,0.187657430768013,0.8939999938011169,0.3869999945163727
YLL033W,YPR060C,0,1.7113752,0.18761804699897766,0.8939999938011169,0.3871000111103058
YLL001W,YBR030W,0,1.7110003,0.18757867813110352,0.8939999938011169,0.3871999979019165
YIL138C,YML049C,0,1.7109209,0.18753933906555176,0.8939999938011169,0.3873000144958496
YER114C,YPR149W,0,1.7108874,0.1875,0.8939999938011169,0.3874000012874603
YOR317W,YOR001W,0,1.710488,0.18746069073677063,0.8939999938011169,0.38749998807907104
YIR011C,YGR120C,0,1.7104781,0.18742138147354126,0.8939999938011169,0.38760000467300415
YNL007C,YDR173C,0,1.7102251,0.18738210201263428,0.8939999938011169,0.38769999146461487
YPR036W,YPL133C,0,1.7095424,0.1873428374528885,0.8939999938011169,0.387800008058548
YOR358W,YCR026C,0,1.7088959,0.1873035877943039,0.8939999938011169,0.3878999948501587
YGL180W,YLL031C,0,1.708473,0.1872643530368805,0.8939999938011169,0.3880000114440918
YPL094C,YKR026C,0,1.708431,0.1872251331806183,0.8939999938011169,0.3880999982357025
YOR129C,YJL071W,0,1.7074772,0.18718592822551727,0.8939999938011169,0.3882000148296356
YDR463W,YDR460W,0,1.7071247,0.18714673817157745,0.8939999938011169,0.38830000162124634
YML104C,YBR274W,0,1.7062764,0.18710757791996002,0.8939999938011169,0.38839998841285706
YMR133W,YLR032W,0,1.7060069,0.1870684176683426,0.8939999938011169,0.38850000500679016
YHL032C,YKL058W,0,1.705872,0.18702928721904755,0.8939999938011169,0.3885999917984009
YDL101C,YGR286C,0,1.7055062,0.1869901716709137,0.8939999938011169,0.388700008392334
YBR260C,YDR332W,0,1.7044165,0.18695107102394104,0.8939999938011169,0.3887999951839447
YDL101C,YOR057W,0,1.7042013,0.18691198527812958,0.8939999938011169,0.3889000117778778
YDR234W,YIL119C,0,1.7041754,0.1868729144334793,0.8939999938011169,0.3889999985694885
YOL144W,YMR037C,0,1.7040212,0.18683385848999023,0.8939999938011169,0.38909998536109924
YNL078W,YDR285W,0,1.7038224,0.18679481744766235,0.8939999938011169,0.38920000195503235
YKL161C,YIL052C,0,1.7035272,0.18675579130649567,0.8939999938011169,0.38929998874664307
YML098W,YBL028C,0,1.7033237,0.18671679496765137,0.8939999938011169,0.38940000534057617
YPL042C,YNL233W,0,1.7031107,0.18667779862880707,0.8939999938011169,0.3894999921321869
YNL322C,YDR513W,0,1.7029419,0.18663883209228516,0.8939999938011169,0.38960000872612
YNL164C,YKL028W,0,1.702899,0.18659988045692444,0.8939999938011169,0.3896999955177307
YOL117W,YGL192W,0,1.702566,0.18656092882156372,0.8939999938011169,0.3898000121116638
YCR052W,YNL059C,1,1.7023039,0.18673065304756165,0.8949999809265137,0.3898000121116638
YBL008W,YCR052W,1,1.7022619,0.1869002878665924,0.8960000276565552,0.3898000121116638
YKR099W,YMR264W,0,1.7018484,0.1868613064289093,0.8960000276565552,0.38989999890327454
YKL119C,YPR073C,0,1.7015913,0.18682235479354858,0.8960000276565552,0.38999998569488525
YOR292C,YGR189C,0,1.7015795,0.18678340315818787,0.8960000276565552,0.39010000228881836
YPL224C,YJL021C,0,1.7014648,0.18674448132514954,0.8960000276565552,0.3901999890804291
YNL221C,YBL038W,0,1.7004734,0.1867055594921112,0.8960000276565552,0.3903000056743622
YER030W,YLR033W,1,1.7002974,0.18687500059604645,0.8970000147819519,0.3903000056743622
YLR106C,YOR265W,0,1.7000287,0.18683607876300812,0.8970000147819519,0.3903999924659729
YOL004W,YMR239C,1,1.6999681,0.187005415558815,0.8980000019073486,0.3903999924659729
YOR002W,YDR332W,0,1.6999023,0.18696647882461548,0.8980000019073486,0.390500009059906
YLR120C,YPR190C,0,1.698819,0.18692755699157715,0.8980000019073486,0.3905999958515167
YKL014C,YNL044W,0,1.698745,0.1868886649608612,0.8980000019073486,0.39070001244544983
YER162C,YDR351W,0,1.6986715,0.18684977293014526,0.8980000019073486,0.39079999923706055
YEL062W,YGL095C,0,1.69842,0.18681089580059052,0.8980000019073486,0.39089998602867126
YDR513W,YER090W,0,1.6977777,0.18677204847335815,0.8980000019073486,0.39100000262260437
YHR205W,YCR038C,0,1.6975713,0.1867332011461258,0.8980000019073486,0.3910999894142151
YCL060C,YBR010W,1,1.6974014,0.18690228462219238,0.8989999890327454,0.3910999894142151
YNR020C,YER120W,0,1.6973267,0.18686343729496002,0.8989999890327454,0.3912000060081482
YPL022W,YBR023C,0,1.696862,0.18682460486888885,0.8989999890327454,0.3912999927997589
YDL220C,YOR381W,0,1.6962538,0.18678578734397888,0.8989999890327454,0.391400009393692
YHL015W,YDL098C,0,1.6958814,0.1867469847202301,0.8989999890327454,0.39149999618530273
YHR116W,YPL168W,0,1.6956813,0.18670819699764252,0.8989999890327454,0.39160001277923584
YHR051W,YOR044W,0,1.6956255,0.18666943907737732,0.8989999890327454,0.39169999957084656
YJR045C,YGL169W,0,1.6954442,0.18663068115711212,0.8989999890327454,0.3917999863624573
YOL061W,YNL153C,0,1.6954317,0.1865919530391693,0.8989999890327454,0.3919000029563904
YCL060C,YNL031C,1,1.6951432,0.18676073849201202,0.8999999761581421,0.3919000029563904
YBR181C,YFR032C-A,0,1.6950951,0.18672199547290802,0.8999999761581421,0.3919999897480011
YML127W,YDR310C,1,1.6950558,0.18689069151878357,0.9010000228881836,0.3919999897480011
YLR006C,YOR157C,0,1.6949584,0.18685193359851837,0.9010000228881836,0.3921000063419342
YOR294W,YDR205W,0,1.6949236,0.18681319057941437,0.9010000228881836,0.3921999931335449
YJL012C-A,YOR020C,0,1.6947789,0.18677446246147156,0.9010000228881836,0.392300009727478
YGL021W,YLR347C,0,1.694591,0.18673574924468994,0.9010000228881836,0.39239999651908875
YNL020C,YPL104W,0,1.6941819,0.18669705092906952,0.9010000228881836,0.39250001311302185
YJL186W,YGL106W,0,1.6936963,0.18665838241577148,0.9010000228881836,0.39259999990463257
YOL052C-A,YPL033C,0,1.6927017,0.18661971390247345,0.9010000228881836,0.3926999866962433
YBR034C,YMR156C,0,1.6921915,0.1865810751914978,0.9010000228881836,0.3928000032901764
YDR227W,YJL072C,0,1.6916808,0.18654243648052216,0.9010000228881836,0.3928999900817871
YMR287C,YER014C-A,0,1.6916316,0.1865038275718689,0.9010000228881836,0.3930000066757202
YIL048W,YKL172W,0,1.6915984,0.18646523356437683,0.9010000228881836,0.39309999346733093
YOR290C,YLR183C,0,1.6913556,0.18642665445804596,0.9010000228881836,0.39320001006126404
YOL105C,YDL179W,0,1.6912208,0.18638809025287628,0.9010000228881836,0.39329999685287476
YOL140W,YML005W,0,1.6908545,0.1863495409488678,0.9010000228881836,0.39340001344680786
YJR133W,YJR112W,0,1.6900654,0.1863110065460205,0.9010000228881836,0.3935000002384186
YFL038C,YDR091C,0,1.6891024,0.1862724870443344,0.9010000228881836,0.3935999870300293
YML009C,YBL063W,0,1.6887674,0.1862339824438095,0.9010000228881836,0.3937000036239624
YGL113W,YER100W,0,1.6882486,0.1861954927444458,0.9010000228881836,0.3937999904155731
YKL006C-A,YOR247W,0,1.6881871,0.1861570179462433,0.9010000228881836,0.3939000070095062
YMR301C,YLL002W,0,1.6873631,0.18611857295036316,0.9010000228881836,0.39399999380111694
YLR246W,YGR167W,0,1.6869192,0.18608012795448303,0.9010000228881836,0.39410001039505005
YHR135C,YPL051W,0,1.6868316,0.1860417127609253,0.9010000228881836,0.39419999718666077
YGL053W,YKR059W,0,1.6862532,0.18600329756736755,0.9010000228881836,0.39430001378059387
YKL028W,YMR286W,0,1.6861947,0.1859649121761322,0.9010000228881836,0.3944000005722046
YGL089C,YPR189W,0,1.6855477,0.18592654168605804,0.9010000228881836,0.3944999873638153
YHR165C,YPL186C,0,1.6853337,0.1858881711959839,0.9010000228881836,0.3946000039577484
YKL130C,YBR211C,0,1.6852045,0.18584983050823212,0.9010000228881836,0.39469999074935913
YDR347W,YKL045W,0,1.6849402,0.18581150472164154,0.9010000228881836,0.39480000734329224
YGR179C,YIL019W,0,1.6847924,0.18577319383621216,0.9010000228881836,0.39489999413490295
YOL108C,YML095C,0,1.6838094,0.18573489785194397,0.9010000228881836,0.39500001072883606
YMR276W,YDR003W,0,1.6837263,0.18569661676883698,0.9010000228881836,0.3950999975204468
YOL053C-A,YNL284C,0,1.6835378,0.18565835058689117,0.9010000228881836,0.3952000141143799
YGR193C,YCL035C,0,1.683486,0.18562011420726776,0.9010000228881836,0.3953000009059906
YMR093W,YJR135W-A,0,1.6829267,0.18558187782764435,0.9010000228881836,0.3953999876976013
YMR002W,YLR092W,0,1.6819708,0.18554365634918213,0.9010000228881836,0.3955000042915344
YIL113W,YOR246C,0,1.6818776,0.1855054497718811,0.9010000228881836,0.39559999108314514
YGR199W,YCR093W,0,1.6808939,0.18546727299690247,0.9010000228881836,0.39570000767707825
YPL167C,YPR070W,0,1.6798224,0.18542909622192383,0.9010000228881836,0.39579999446868896
YLR413W,YHR114W,0,1.6795471,0.18539094924926758,0.9010000228881836,0.39590001106262207
YGL098W,YLR448W,0,1.6788856,0.18535280227661133,0.9010000228881836,0.3959999978542328
YDR169C,YHR110W,0,1.6788135,0.18531468510627747,0.9010000228881836,0.3961000144481659
YBL026W,YHL006C,0,1.6785274,0.1852765828371048,0.9010000228881836,0.3962000012397766
YDR217C,YGR106C,0,1.6785072,0.18523848056793213,0.9010000228881836,0.39629998803138733
YCL060C,YMR080C,1,1.6784691,0.18540595471858978,0.9020000100135803,0.39629998803138733
YFL004W,YER108C,0,1.678448,0.18536785244941711,0.9020000100135803,0.39640000462532043
YDL127W,YCR018C,0,1.6783726,0.18532976508140564,0.9020000100135803,0.39649999141693115
YNL147W,YLR100W,0,1.6779859,0.18529170751571655,0.9020000100135803,0.39660000801086426
YJR006W,YBL063W,0,1.6777844,0.18525364995002747,0.9020000100135803,0.396699994802475
YER061C,YBR030W,0,1.6775738,0.18521560728549957,0.9020000100135803,0.3968000113964081
YDR025W,YLL018C,0,1.6775622,0.18517757952213287,0.9020000100135803,0.3968999981880188
YMR180C,YGL004C,0,1.6773655,0.18513956665992737,0.9020000100135803,0.3970000147819519
YDR179C,YJL112W,0,1.6772933,0.18510158360004425,0.9020000100135803,0.3971000015735626
YPR196W,YJL082W,0,1.6763494,0.18506360054016113,0.9020000100135803,0.39719998836517334
YGL119W,YLR304C,0,1.676265,0.1850256472826004,0.9020000100135803,0.39730000495910645
YMR301C,YER049W,0,1.6759983,0.18498769402503967,0.9020000100135803,0.39739999175071716
YDL197C,YHR056C,1,1.6756066,0.18515481054782867,0.902999997138977,0.39739999175071716
YPL130W,YJL045W,0,1.6748132,0.18511685729026794,0.902999997138977,0.39750000834465027
YIL095W,YDR386W,0,1.6742551,0.18507890403270721,0.902999997138977,0.397599995136261
YAR018C,YOR230W,0,1.674175,0.18504098057746887,0.902999997138977,0.3977000117301941
YDL061C,YBR086C,0,1.6726278,0.18500307202339172,0.902999997138977,0.3977999985218048
YDR228C,YOR043W,0,1.6716176,0.18496517837047577,0.902999997138977,0.3978999853134155
YML098W,YDR128W,0,1.6711662,0.184927299618721,0.902999997138977,0.39800000190734863
YPL213W,YEL043W,0,1.6694849,0.18488943576812744,0.902999997138977,0.39809998869895935
YDR350C,YJR076C,0,1.6692382,0.18485158681869507,0.902999997138977,0.39820000529289246
YPL248C,YOR287C,0,1.6689968,0.1848137527704239,0.902999997138977,0.3982999920845032
YDL055C,YHL034C,0,1.668741,0.1847759336233139,0.902999997138977,0.3984000086784363
YPL119C,YDR300C,0,1.6676999,0.1847381293773651,0.902999997138977,0.398499995470047
YHL004W,YOR271C,0,1.667243,0.1847003549337387,0.902999997138977,0.3986000120639801
YBR058C,YBR086C,0,1.667166,0.1846625804901123,0.902999997138977,0.3986999988555908
YDR213W,YDL072C,0,1.6665477,0.1846248209476471,0.902999997138977,0.39879998564720154
YLR154W-A,YLR073C,0,1.6664886,0.18458707630634308,0.902999997138977,0.39890000224113464
YNL206C,YLL022C,1,1.6662879,0.18475373089313507,0.9039999842643738,0.39890000224113464
YDR435C,YLL043W,0,1.6661224,0.18471597135066986,0.9039999842643738,0.39899998903274536
YCR105W,YKR104W,0,1.6661106,0.18467824161052704,0.9039999842643738,0.39910000562667847
YDL036C,YER090W,0,1.6659445,0.1846405267715454,0.9039999842643738,0.3991999924182892
YBR089C-A,YCR052W,1,1.6657584,0.18480701744556427,0.9049999713897705,0.3991999924182892
YLR237W,YJL041W,0,1.6657145,0.18476928770542145,0.9049999713897705,0.3993000090122223
YMR308C,YCR091W,0,1.6657047,0.18473157286643982,0.9049999713897705,0.399399995803833
YLR278C,YOR315W,0,1.6645358,0.18469387292861938,0.9049999713897705,0.3995000123977661
YGR071C,YOL077C,0,1.6637574,0.18465618789196014,0.9049999713897705,0.39959999918937683
YPL006W,YDL091C,0,1.6631067,0.1846185177564621,0.9049999713897705,0.39969998598098755
YFR041C,YJL065C,0,1.6622727,0.18458086252212524,0.9049999713897705,0.39980000257492065
YGL142C,YJL085W,0,1.6617568,0.18454323709011078,0.9049999713897705,0.39989998936653137
YJL130C,YKL175W,0,1.6615101,0.1845056116580963,0.9049999713897705,0.4000000059604645
YOR355W,YOR039W,0,1.6614993,0.18446800112724304,0.9049999713897705,0.4000999927520752
YNL322C,YOR270C,0,1.661292,0.18443040549755096,0.9049999713897705,0.4002000093460083
YPR137W,YDR065W,0,1.6612643,0.18439282476902008,0.9049999713897705,0.400299996137619
YCR096C,YLR023C,0,1.6610131,0.1843552589416504,0.9049999713897705,0.4004000127315521
YML070W,YML006C,0,1.6594598,0.1843177229166031,0.9049999713897705,0.40049999952316284
YDR429C,YEL064C,0,1.6591437,0.1842801868915558,0.9049999713897705,0.40059998631477356
YDL141W,YDR412W,0,1.6578262,0.18424266576766968,0.9049999713897705,0.40070000290870667
YDL245C,YGR235C,0,1.6576489,0.18420517444610596,0.9049999713897705,0.4007999897003174
YER088C,YJL081C,1,1.6576036,0.1843711882829666,0.906000018119812,0.4007999897003174
YPR001W,YDL109C,0,1.657511,0.1843336671590805,0.906000018119812,0.4009000062942505
YDL135C,YKR027W,0,1.6571814,0.18429617583751678,0.906000018119812,0.4009999930858612
YDR139C,YPL200W,0,1.6571577,0.18425869941711426,0.906000018119812,0.4011000096797943
YPL063W,YDL180W,0,1.657091,0.18422122299671173,0.906000018119812,0.40119999647140503
YOR145C,YDR531W,0,1.6570809,0.1841837763786316,0.906000018119812,0.40130001306533813
YPL206C,YLR059C,0,1.657002,0.18414634466171265,0.906000018119812,0.40139999985694885
YBR112C,YHR056C,1,1.6561377,0.1843121349811554,0.9070000052452087,0.40139999985694885
YHR119W,YBR090C-A,1,1.6559348,0.18447785079479218,0.9079999923706055,0.40139999985694885
YPL160W,YNL001W,0,1.6556189,0.18444038927555084,0.9079999923706055,0.40149998664855957
YER007C-A,YNL207W,0,1.6551195,0.1844029277563095,0.9079999923706055,0.4016000032424927
YDR052C,YBL090W,0,1.654902,0.18436548113822937,0.9079999923706055,0.4016999900341034
YER184C,YKL078W,0,1.6546944,0.18432804942131042,0.9079999923706055,0.4018000066280365
YGR171C,YNL286W,0,1.6544788,0.18429064750671387,0.9079999923706055,0.4018999934196472
YDR468C,YPL139C,0,1.6541634,0.1842532455921173,0.9079999923706055,0.4020000100135803
YNR057C,YIR025W,0,1.6541588,0.18421585857868195,0.9079999923706055,0.40209999680519104
YLR067C,YBR035C,0,1.6536684,0.18417850136756897,0.9079999923706055,0.40220001339912415
YMR005W,YER013W,0,1.6535635,0.184141144156456,0.9079999923706055,0.40230000019073486
YDR004W,YGR089W,0,1.6530504,0.1841038167476654,0.9079999923706055,0.4023999869823456
YNL151C,YOR335C,0,1.6515386,0.18406648933887482,0.9079999923706055,0.4025000035762787
YLR151C,YDL047W,0,1.6513437,0.18402919173240662,0.9079999923706055,0.4025999903678894
YBR160W,YPR128C,0,1.6507938,0.18399189412593842,0.9079999923706055,0.4027000069618225
YAR007C,YNL294C,0,1.6502156,0.1839546263217926,0.9079999923706055,0.4027999937534332
YOR054C,YOR369C,0,1.6499298,0.1839173585176468,0.9079999923706055,0.40290001034736633
YKR006C,YOR090C,0,1.6495866,0.18388012051582336,0.9079999923706055,0.40299999713897705
YIL064W,YDR351W,0,1.6489487,0.18384288251399994,0.9079999923706055,0.40310001373291016
YPR035W,YNL166C,0,1.6484885,0.1838056743144989,0.9079999923706055,0.4032000005245209
YPL273W,YKL004W,0,1.6484121,0.18376846611499786,0.9079999923706055,0.4032999873161316
YOR002W,YOR113W,0,1.6482155,0.1837312877178192,0.9079999923706055,0.4034000039100647
YPL113C,YOR247W,0,1.6477984,0.18369410932064056,0.9079999923706055,0.4034999907016754
YLR288C,YER159C,0,1.6473835,0.1836569607257843,0.9079999923706055,0.4036000072956085
YML013W,YPL068C,0,1.6435348,0.18361981213092804,0.9079999923706055,0.40369999408721924
YDR353W,YGL035C,0,1.6432093,0.18358269333839417,0.9079999923706055,0.40380001068115234
YDR530C,YDR242W,0,1.6430877,0.18354558944702148,0.9079999923706055,0.40389999747276306
YGR086C,YDR253C,0,1.6426766,0.1835084855556488,0.9079999923706055,0.40400001406669617
YKL192C,YJL041W,0,1.6426182,0.1834714114665985,0.9079999923706055,0.4041000008583069
YDR468C,YJL187C,0,1.64255,0.18343433737754822,0.9079999923706055,0.4041999876499176
YLR219W,YCL069W,0,1.6413381,0.1833972930908203,0.9079999923706055,0.4043000042438507
YIR006C,YGR142W,0,1.6410112,0.1833602637052536,0.9079999923706055,0.4043999910354614
YDR545W,YOR316C,0,1.6409888,0.1833232343196869,0.9079999923706055,0.40450000762939453
YLR371W,YIL090W,0,1.6409731,0.18328623473644257,0.9079999923706055,0.40459999442100525
YHR136C,YNL176C,0,1.6408844,0.18324925005435944,0.9079999923706055,0.40470001101493835
YBL079W,YPL221W,0,1.6408778,0.1832122653722763,0.9079999923706055,0.4047999978065491
YGR223C,YLR425W,0,1.6402775,0.18317531049251556,0.9079999923706055,0.4049000144004822
YOR080W,YOL011W,0,1.6398222,0.18313835561275482,0.9079999923706055,0.4050000011920929
YML127W,YPR068C,1,1.6398176,0.1833030879497528,0.9089999794960022,0.4050000011920929
YPL038W,YOR204W,0,1.6395025,0.18326613306999207,0.9089999794960022,0.4050999879837036
YCR004C,YDR251W,0,1.6394886,0.18322919309139252,0.9089999794960022,0.4052000045776367
YGL222C,YDR390C,0,1.6394815,0.18319226801395416,0.9089999794960022,0.40529999136924744
YKL005C,YFL038C,0,1.6393905,0.1831553429365158,0.9089999794960022,0.40540000796318054
YOL031C,YPL281C,0,1.6389463,0.18311844766139984,0.9089999794960022,0.40549999475479126
YDR427W,YAL053W,0,1.6388307,0.18308156728744507,0.9089999794960022,0.40560001134872437
YMR099C,YBR264C,0,1.63797,0.1830447018146515,0.9089999794960022,0.4056999981403351
YLR223C,YGL094C,0,1.637658,0.1830078512430191,0.9089999794960022,0.4058000147342682
YOL032W,YHR090C,0,1.6374631,0.1829710155725479,0.9089999794960022,0.4059000015258789
YPL178W,YGL126W,0,1.6370933,0.18293419480323792,0.9089999794960022,0.4059999883174896
YDR345C,YLR259C,0,1.6370205,0.1828973889350891,0.9089999794960022,0.40610000491142273
YMR056C,YJL069C,0,1.635927,0.1828605979681015,0.9089999794960022,0.40619999170303345
YDL231C,YEL031W,0,1.6357989,0.1828238070011139,0.9089999794960022,0.40630000829696655
YEL016C,YMR273C,0,1.6357497,0.18278704583644867,0.9089999794960022,0.40639999508857727
YNR070W,YGL186C,0,1.6352807,0.18275029957294464,0.9089999794960022,0.4065000116825104
YLR438C-A,YOR359W,0,1.6350696,0.1827135682106018,0.9089999794960022,0.4065999984741211
YGR235C,YKL200C,0,1.6349517,0.18267685174942017,0.9089999794960022,0.4066999852657318
YJL170C,YHR153C,0,1.6349468,0.18264015018939972,0.9089999794960022,0.4068000018596649
YPL096W,YMR213W,0,1.6339529,0.18260344862937927,0.9089999794960022,0.40689998865127563
YNL263C,YER120W,0,1.6338867,0.1825667768716812,0.9089999794960022,0.40700000524520874
YLL048C,YBR294W,0,1.6335154,0.18253012001514435,0.9089999794960022,0.40709999203681946
YLR417W,YMR059W,0,1.6331084,0.18249347805976868,0.9089999794960022,0.40720000863075256
YKL218C,YMR188C,0,1.6328247,0.1824568510055542,0.9089999794960022,0.4072999954223633
YFR053C,YCR021C,0,1.6325617,0.18242022395133972,0.9089999794960022,0.4074000120162964
YIL126W,YPL127C,1,1.6325502,0.1825842708349228,0.9100000262260437,0.4074000120162964
YMR039C,YMR090W,0,1.632308,0.1825476437807083,0.9100000262260437,0.4074999988079071
YHL050C,YLR356W,0,1.631943,0.18251103162765503,0.9100000262260437,0.4075999855995178
YIL095W,YPR155C,0,1.6318418,0.18247443437576294,0.9100000262260437,0.4077000021934509
YGR191W,YNR072W,0,1.6303138,0.18243785202503204,0.9100000262260437,0.40779998898506165
YOR356W,YDR356W,0,1.6303105,0.18240128457546234,0.9100000262260437,0.40790000557899475
YJL054W,YLR459W,0,1.6298106,0.18236473202705383,0.9100000262260437,0.40799999237060547
YGL195W,YLR054C,0,1.6265103,0.18232819437980652,0.9100000262260437,0.4081000089645386
YPR154W,YOR091W,0,1.6261117,0.1822916716337204,0.9100000262260437,0.4081999957561493
YHR108W,YLR105C,0,1.6258762,0.18225516378879547,0.9100000262260437,0.4083000123500824
YIL075C,YDR060W,0,1.6258491,0.18221865594387054,0.9100000262260437,0.4083999991416931
YNL052W,YHR011W,0,1.6258454,0.182182177901268,0.9100000262260437,0.40849998593330383
YPR016C,YGL151W,0,1.6250751,0.18214571475982666,0.9100000262260437,0.40860000252723694
YDR110W,YOR209C,1,1.6250737,0.18230938911437988,0.9110000133514404,0.40860000252723694
YNR010W,YNL056W,0,1.6236192,0.18227291107177734,0.9110000133514404,0.40869998931884766
YOL042W,YML043C,0,1.6232705,0.182236447930336,0.9110000133514404,0.40880000591278076
YNL227C,YFL056C,0,1.6232369,0.18219999969005585,0.9110000133514404,0.4088999927043915
YJL165C,YLR188W,0,1.6225674,0.1821635663509369,0.9110000133514404,0.4090000092983246
YDL061C,YKL129C,0,1.6209759,0.18212714791297913,0.9110000133514404,0.4090999960899353
YHL004W,YML027W,0,1.6207709,0.18209074437618256,0.9110000133514404,0.4092000126838684
YDR177W,YJL057C,0,1.6207308,0.18205435574054718,0.9110000133514404,0.4092999994754791
YKL161C,YJL109C,0,1.6200988,0.182017982006073,0.9110000133514404,0.40939998626708984
YPR198W,YCL066W,0,1.6196522,0.18198162317276,0.9110000133514404,0.40950000286102295
YLR029C,YDR405W,0,1.6191449,0.18194527924060822,0.9110000133514404,0.40959998965263367
YOR177C,YDR449C,0,1.6183697,0.18190895020961761,0.9110000133514404,0.4097000062465668
YGR086C,YPL202C,0,1.6179336,0.1818726360797882,0.9110000133514404,0.4097999930381775
YGR255C,YOR359W,0,1.6174113,0.1818363219499588,0.9110000133514404,0.4099000096321106
YKL054C,YBR093C,0,1.6170644,0.18180003762245178,0.9110000133514404,0.4099999964237213
YLR038C,YGL200C,0,1.6170434,0.18176376819610596,0.9110000133514404,0.4101000130176544
YPR048W,YMR250W,0,1.6166314,0.18172751367092133,0.9110000133514404,0.41019999980926514
YEL027W,YNL158W,0,1.6163471,0.1816912591457367,0.9110000133514404,0.41029998660087585
YDL154W,YLR014C,0,1.6163292,0.18165503442287445,0.9110000133514404,0.41040000319480896
YDL202W,YLR441C,0,1.6161638,0.1816188246011734,0.9110000133514404,0.4104999899864197
YPR169W,YDL192W,0,1.6154554,0.18158261477947235,0.9110000133514404,0.4106000065803528
YDR303C,YNL246W,1,1.6152774,0.181745707988739,0.9120000004768372,0.4106000065803528
YMR005W,YNL130C,0,1.6150048,0.18170949816703796,0.9120000004768372,0.4106999933719635
YPL098C,YCR055C,0,1.6148891,0.1816733032464981,0.9120000004768372,0.4108000099658966
YMR313C,YJL095W,0,1.6146312,0.18163712322711945,0.9120000004768372,0.4108999967575073
YMR054W,YDR041W,0,1.6145977,0.18160095810890198,0.9120000004768372,0.41100001335144043
YOL080C,YML057W,0,1.6143562,0.1815648078918457,0.9120000004768372,0.41110000014305115
YLR005W,YNL138W-A,0,1.6140074,0.18152865767478943,0.9120000004768372,0.41119998693466187
YHR037W,YPL213W,0,1.6139021,0.18149253726005554,0.9120000004768372,0.41130000352859497
YGR026W,YBL017C,0,1.6138906,0.18145643174648285,0.9120000004768372,0.4113999903202057
YJR050W,YLR238W,0,1.6137382,0.18142032623291016,0.9120000004768372,0.4115000069141388
YBR033W,YBR264C,0,1.612793,0.18138425052165985,0.9120000004768372,0.4115999937057495
YIL079C,YKL192C,0,1.6121116,0.18134817481040955,0.9120000004768372,0.4117000102996826
YOL149W,YOR155C,0,1.6109717,0.18131212890148163,0.9120000004768372,0.41179999709129333
YIL094C,YLR439W,0,1.610632,0.1812760829925537,0.9120000004768372,0.41190001368522644
YDR110W,YDR310C,1,1.6106207,0.18143878877162933,0.9129999876022339,0.41190001368522644
YDR501W,YNL293W,0,1.6104395,0.18140274286270142,0.9129999876022339,0.41200000047683716
YFL021W,YIL135C,0,1.6097366,0.1813667118549347,0.9129999876022339,0.4120999872684479
YJR133W,YDR158W,0,1.6095228,0.18133068084716797,0.9129999876022339,0.412200003862381
YPL233W,YHL034C,0,1.6092701,0.18129467964172363,0.9129999876022339,0.4122999906539917
YBR183W,YPL083C,0,1.6089879,0.1812586784362793,0.9129999876022339,0.4124000072479248
YHR004C,YCR038C,0,1.6079865,0.18122270703315735,0.9129999876022339,0.4124999940395355
YCL016C,YDR128W,0,1.6076941,0.1811867505311966,0.9129999876022339,0.41260001063346863
YGR118W,YOR201C,0,1.6074275,0.18115079402923584,0.9129999876022339,0.41269999742507935
YAR035W,YLR019W,0,1.606977,0.18111485242843628,0.9129999876022339,0.41280001401901245
YER161C,YCL060C,1,1.6068766,0.18127727508544922,0.9139999747276306,0.41280001401901245
YJL090C,YHR041C,0,1.6067092,0.18124131858348846,0.9139999747276306,0.41290000081062317
YLL003W,YCL057W,0,1.6066622,0.1812053918838501,0.9139999747276306,0.4129999876022339
YKL164C,YBR048W,0,1.6060538,0.18116948008537292,0.9139999747276306,0.413100004196167
YIL124W,YBR015C,0,1.6058476,0.18113356828689575,0.9139999747276306,0.4131999909877777
YBR060C,YMR223W,1,1.6056544,0.18129581212997437,0.9150000214576721,0.4131999909877777
YMR123W,YKL156W,0,1.6051323,0.1812599003314972,0.9150000214576721,0.4133000075817108
YPR131C,YMR075W,0,1.6047186,0.1812240034341812,0.9150000214576721,0.41339999437332153
YJL054W,YDR440W,0,1.6045473,0.18118812143802643,0.9150000214576721,0.41350001096725464
YDR139C,YJL125C,0,1.604342,0.18115225434303284,0.9150000214576721,0.41359999775886536
YHR186C,YGR244C,0,1.6041797,0.18111638724803925,0.9150000214576721,0.41370001435279846
YDR486C,YBR084W,0,1.6040664,0.18108054995536804,0.9150000214576721,0.4138000011444092
YPR006C,YIL172C,0,1.6036394,0.18104471266269684,0.9150000214576721,0.4138999879360199
YPL113C,YDL039C,0,1.6025194,0.18100890517234802,0.9150000214576721,0.414000004529953
YMR112C,YLL066C,0,1.6022375,0.1809730976819992,0.9150000214576721,0.4140999913215637
YMR040W,YBR142W,0,1.6020935,0.18093731999397278,0.9150000214576721,0.4142000079154968
YBR247C,YBR183W,0,1.6013676,0.18090154230594635,0.9150000214576721,0.41429999470710754
YCL031C,YIL134W,0,1.6006042,0.18086577951908112,0.9150000214576721,0.41440001130104065
YDL059C,YBR141C,0,1.5999781,0.18083004653453827,0.9150000214576721,0.41449999809265137
YNL330C,YML109W,1,1.5998206,0.18099190294742584,0.9160000085830688,0.41449999809265137
YIR014W,YER031C,0,1.5997292,0.1809561401605606,0.9160000085830688,0.4146000146865845
YMR152W,YHR039C-B,0,1.5978944,0.18092040717601776,0.9160000085830688,0.4147000014781952
YFR021W,YBR100W,0,1.5977325,0.18088467419147491,0.9160000085830688,0.4147999882698059
YGR008C,YMR046C,0,1.5974225,0.18084895610809326,0.9160000085830688,0.414900004863739
YOR148C,YJL129C,0,1.5970881,0.180813267827034,0.9160000085830688,0.41499999165534973
YAR015W,YDR078C,0,1.5962571,0.18077757954597473,0.9160000085830688,0.41510000824928284
YNL223W,YGR112W,0,1.5955805,0.18074190616607666,0.9160000085830688,0.41519999504089355
YFL037W,YNL298W,0,1.5950261,0.18070624768733978,0.9160000085830688,0.41530001163482666
YNL070W,YMR020W,0,1.5950004,0.1806706041097641,0.9160000085830688,0.4153999984264374
YDR468C,YGR165W,0,1.5946164,0.1806349903345108,0.9160000085830688,0.4154999852180481
YBR237W,YBR069C,0,1.5945914,0.1805993616580963,0.9160000085830688,0.4156000018119812
YJR027W,YBL017C,0,1.594085,0.1805637627840042,0.9160000085830688,0.4156999886035919
YDR379W,YHR081W,0,1.59406,0.1805281788110733,0.9160000085830688,0.415800005197525
YFR014C,YER129W,0,1.5940413,0.1804926097393036,0.9160000085830688,0.41589999198913574
YKR037C,YDR028C,0,1.5939347,0.18045705556869507,0.9160000085830688,0.41600000858306885
YOR332W,YDR032C,0,1.5939114,0.18042150139808655,0.9160000085830688,0.41609999537467957
YJL109C,YIL144W,0,1.592894,0.18038597702980042,0.9160000085830688,0.41620001196861267
YNR033W,YPL010W,0,1.591028,0.18035046756267548,0.9160000085830688,0.4162999987602234
YOR258W,YEL012W,0,1.5901091,0.18031495809555054,0.9160000085830688,0.4163999855518341
YLL008W,YJL073W,0,1.5900371,0.18027947843074799,0.9160000085830688,0.4165000021457672
YDL028C,YML132W,0,1.5899557,0.18024399876594543,0.9160000085830688,0.41659998893737793
YDR166C,YNL214W,0,1.5899332,0.18020853400230408,0.9160000085830688,0.41670000553131104
YCL060C,YPL011C,1,1.589913,0.1803697943687439,0.9169999957084656,0.41670000553131104
YAL003W,YEL006W,0,1.5891095,0.18033431470394135,0.9169999957084656,0.41679999232292175
YDR518W,YLR028C,0,1.5891075,0.18029886484146118,0.9169999957084656,0.41690000891685486
YNL016W,YLR370C,0,1.5885317,0.18026341497898102,0.9169999957084656,0.4169999957084656
YCL060C,YPR162C,1,1.5878525,0.1804245263338089,0.9179999828338623,0.4169999957084656
YLR440C,YHR031C,0,1.586852,0.18038907647132874,0.9179999828338623,0.4171000123023987
YNR013C,YHR013C,0,1.5865929,0.18035364151000977,0.9179999828338623,0.4171999990940094
YDR533C,YMR243C,0,1.5858167,0.1803182065486908,0.9179999828338623,0.4172999858856201
YMR139W,YJL062W-A,0,1.5853386,0.1802828013896942,0.9179999828338623,0.4174000024795532
YHR052W,YPR081C,0,1.584228,0.18024739623069763,0.9179999828338623,0.41749998927116394
YIL026C,YER130C,0,1.5839342,0.18021202087402344,0.9179999828338623,0.41760000586509705
YPL075W,YGR175C,0,1.5833322,0.18017664551734924,0.9179999828338623,0.41769999265670776
YBL112C,YBR030W,0,1.5828354,0.18014128506183624,0.9179999828338623,0.41780000925064087
YHR079C-B,YOL155C,0,1.5825151,0.18010593950748444,0.9179999828338623,0.4178999960422516
YPL179W,YOR008C,0,1.5818627,0.18007060885429382,0.9179999828338623,0.4180000126361847
YMR183C,YDL018C,0,1.581645,0.1800353080034256,0.9179999828338623,0.4180999994277954
YGR034W,YLR025W,0,1.5810447,0.18000000715255737,0.9179999828338623,0.41819998621940613
YPL010W,YOR363C,0,1.5808897,0.17996470630168915,0.9179999828338623,0.41830000281333923
YNL301C,YOR043W,0,1.5805396,0.1799294352531433,0.9179999828338623,0.41839998960494995
YLR158C,YCR057C,0,1.5805248,0.17989417910575867,0.9179999828338623,0.41850000619888306
YGR020C,YKL195W,0,1.5804365,0.17985893785953522,0.9179999828338623,0.4185999929904938
YGL151W,YCL039W,0,1.580424,0.17982369661331177,0.9179999828338623,0.4187000095844269
YNR047W,YJL083W,0,1.5781357,0.1797884851694107,0.9179999828338623,0.4187999963760376
YDR376W,YBL038W,0,1.5776337,0.17975327372550964,0.9179999828338623,0.4189000129699707
YAL012W,YMR112C,0,1.5771329,0.17971809208393097,0.9179999828338623,0.4189999997615814
YHR020W,YFR024C-A,0,1.5757211,0.1796829104423523,0.9179999828338623,0.41909998655319214
YCR030C,YOR063W,0,1.5756123,0.17964774370193481,0.9179999828338623,0.41920000314712524
YML112W,YIL039W,0,1.5754408,0.17961260676383972,0.9179999828338623,0.41929998993873596
YGL030W,YML051W,0,1.5752618,0.17957746982574463,0.9179999828338623,0.41940000653266907
YDR101C,YCR002C,0,1.575256,0.17954234778881073,0.9179999828338623,0.4194999933242798
YPR006C,YJR135C,0,1.5744262,0.17950724065303802,0.9179999828338623,0.4196000099182129
YKL041W,YJL101C,0,1.5740242,0.17947213351726532,0.9179999828338623,0.4196999967098236
YMR115W,YAL051W,0,1.5739719,0.179437056183815,0.9179999828338623,0.4198000133037567
YEL061C,YLR391W-A,0,1.5735004,0.17940199375152588,0.9179999828338623,0.41990000009536743
YMR267W,YIL143C,0,1.572484,0.17936694622039795,0.9179999828338623,0.41999998688697815
YGR245C,YDL099W,0,1.571255,0.17933189868927002,0.9179999828338623,0.42010000348091125
YNL119W,YHR036W,0,1.570636,0.17929688096046448,0.9179999828338623,0.420199990272522
YJR032W,YHR117W,0,1.5692465,0.17926186323165894,0.9179999828338623,0.4203000068664551
YDR441C,YLR228C,0,1.5692209,0.1792268604040146,0.9179999828338623,0.4203999936580658
YIL094C,YOR087W,0,1.5690098,0.17919187247753143,0.9179999828338623,0.4205000102519989
YOR351C,YER051W,0,1.5687153,0.17915691435337067,0.9179999828338623,0.4205999970436096
YNR021W,YHR209W,0,1.5678954,0.1791219562292099,0.9179999828338623,0.4207000136375427
YNL135C,YLR285W,1,1.566901,0.179282084107399,0.9190000295639038,0.4207000136375427
YMR109W,YER151C,0,1.5665358,0.17924712598323822,0.9190000295639038,0.42080000042915344
YFR040W,YBL054W,0,1.5662932,0.17921216785907745,0.9190000295639038,0.42089998722076416
YGL212W,YLR038C,0,1.5662631,0.17917722463607788,0.9190000295639038,0.42100000381469727
YPR187W,YKR014C,0,1.5660311,0.1791422963142395,0.9190000295639038,0.421099990606308
YIL006W,YLL051C,0,1.5654647,0.17910738289356232,0.9190000295639038,0.4212000072002411
YPR102C,YGR216C,0,1.5646968,0.17907248437404633,0.9190000295639038,0.4212999939918518
YER033C,YNL159C,0,1.5642996,0.17903760075569153,0.9190000295639038,0.4214000105857849
YDL225W,YKR072C,0,1.5638428,0.17900273203849792,0.9190000295639038,0.42149999737739563
YHR051W,YGL004C,0,1.5637846,0.17896786332130432,0.9190000295639038,0.42160001397132874
YDR284C,YPL082C,0,1.5635035,0.1789330244064331,0.9190000295639038,0.42170000076293945
YOL155C,YDR078C,0,1.5630987,0.1788981854915619,0.9190000295639038,0.42179998755455017
YDL197C,YER030W,1,1.5619962,0.1790580004453659,0.9200000166893005,0.42179998755455017
YJR089W,YCR044C,0,1.5612732,0.1790231615304947,0.9200000166893005,0.4219000041484833
YER101C,YLR266C,0,1.5611713,0.17898832261562347,0.9200000166893005,0.421999990940094
YNL038W,YMR094W,0,1.5598158,0.17895351350307465,0.9200000166893005,0.4221000075340271
YBR188C,YLR141W,0,1.5597776,0.17891870439052582,0.9200000166893005,0.4221999943256378
YNR032C-A,YDR532C,0,1.5597012,0.17888392508029938,0.9200000166893005,0.4223000109195709
YLR353W,YKL067W,0,1.5594388,0.17884914577007294,0.9200000166893005,0.42239999771118164
YNR041C,YDL139C,0,1.5585864,0.1788143813610077,0.9200000166893005,0.42250001430511475
YNL230C,YBR037C,0,1.5585016,0.17877963185310364,0.9200000166893005,0.42260000109672546
YGR188C,YML129C,0,1.5583723,0.17874489724636078,0.9200000166893005,0.4226999878883362
YOR016C,YHL032C,0,1.5582522,0.1787101775407791,0.9200000166893005,0.4228000044822693
YBR297W,YDR507C,0,1.5581357,0.17867547273635864,0.9200000166893005,0.42289999127388
YML058W-A,YMR264W,0,1.5579704,0.17864078283309937,0.9200000166893005,0.4230000078678131
YJL158C,YFR032C-A,0,1.5577965,0.1786060929298401,0.9200000166893005,0.42309999465942383
YLR182W,YMR165C,0,1.557753,0.1785714328289032,0.9200000166893005,0.42320001125335693
YPR186C,YDL130W,0,1.5573224,0.1785367727279663,0.9200000166893005,0.42329999804496765
YCL012W,YDR196C,0,1.5571816,0.1785021275281906,0.9200000166893005,0.42340001463890076
YLR181C,YBR243C,0,1.5570276,0.1784675121307373,0.9200000166893005,0.4235000014305115
YDL138W,YGL241W,0,1.5568027,0.178432896733284,0.9200000166893005,0.4235999882221222
YMR137C,YHR082C,0,1.5563519,0.17839829623699188,0.9200000166893005,0.4237000048160553
YGR239C,YOR384W,0,1.556332,0.17836371064186096,0.9200000166893005,0.423799991607666
YDR497C,YCR094W,0,1.5563115,0.17832913994789124,0.9200000166893005,0.4239000082015991
YKL069W,YDR520C,0,1.556086,0.1782945692539215,0.9200000166893005,0.42399999499320984
YDR138W,YLL043W,0,1.5559498,0.17826002836227417,0.9200000166893005,0.42410001158714294
YLR197W,YFL033C,0,1.5553458,0.17822548747062683,0.9200000166893005,0.42419999837875366
YBR075W,YDR398W,0,1.5552394,0.17819097638130188,0.9200000166893005,0.4242999851703644
YBL064C,YKL178C,0,1.5549401,0.17815646529197693,0.9200000166893005,0.4244000017642975
YMR238W,YBR023C,0,1.5548934,0.17812196910381317,0.9200000166893005,0.4244999885559082
YPR019W,YDR337W,0,1.5548558,0.1780874878168106,0.9200000166893005,0.4246000051498413
YBR090C-A,YNL059C,1,1.5546098,0.17824655771255493,0.9210000038146973,0.4246000051498413
YDR179C,YLR203C,0,1.5545049,0.17821207642555237,0.9210000038146973,0.424699991941452
YOL117W,YDR390C,0,1.5544242,0.1781775951385498,0.9210000038146973,0.42480000853538513
YNL246W,YBL052C,1,1.5540516,0.17833656072616577,0.921999990940094,0.42480000853538513
YKL059C,YLL048C,0,1.5538409,0.17830206453800201,0.921999990940094,0.42489999532699585
YBR185C,YCL055W,0,1.5532304,0.17826759815216064,0.921999990940094,0.42500001192092896
YML042W,YKR093W,0,1.5520533,0.17823313176631927,0.921999990940094,0.4250999987125397
YJL124C,YER126C,0,1.5520499,0.1781986802816391,0.921999990940094,0.4251999855041504
YDR110W,YMR127C,1,1.5518707,0.17835748195648193,0.9229999780654907,0.4251999855041504
YDR361C,YOR061W,0,1.5514811,0.17832303047180176,0.9229999780654907,0.4253000020980835
YMR127C,YLR385C,1,1.5512046,0.17848174273967743,0.9240000247955322,0.4253000020980835
YOL165C,YEL038W,0,1.5509957,0.17844727635383606,0.9240000247955322,0.4253999888896942
YML005W,YML006C,0,1.5503029,0.17841282486915588,0.9240000247955322,0.4255000054836273
YJL011C,YIL068C,0,1.5500437,0.1783783733844757,0.9240000247955322,0.42559999227523804
YML074C,YIR017C,0,1.5490205,0.17834395170211792,0.9240000247955322,0.42570000886917114
YCR054C,YNL268W,0,1.5485439,0.17830953001976013,0.9240000247955322,0.42579999566078186
YDR188W,YKL015W,0,1.5485041,0.17827512323856354,0.9240000247955322,0.42590001225471497
YPL258C,YPR199C,0,1.5482186,0.17824074625968933,0.9240000247955322,0.4259999990463257
YDR451C,YLR389C,0,1.5471857,0.17820636928081512,0.9240000247955322,0.4260999858379364
YOL010W,YLR214W,0,1.5471419,0.1781720072031021,0.9240000247955322,0.4262000024318695
YDL184C,YLR352W,0,1.5471222,0.1781376451253891,0.9240000247955322,0.4262999892234802
YDR245W,YDR236C,0,1.5466726,0.17810331284999847,0.9240000247955322,0.42640000581741333
YLR364W,YPL149W,0,1.5465065,0.17806899547576904,0.9240000247955322,0.42649999260902405
YHL016C,YPL276W,0,1.546458,0.1780346781015396,0.9240000247955322,0.42660000920295715
YNR044W,YLR220W,0,1.546183,0.17800039052963257,0.9240000247955322,0.42669999599456787
YJL179W,YDR403W,0,1.5457321,0.17796610295772552,0.9240000247955322,0.426800012588501
YDR158W,YLR352W,0,1.545507,0.17793183028697968,0.9240000247955322,0.4268999993801117
YNL078W,YML005W,0,1.545306,0.17789757251739502,0.9240000247955322,0.4269999861717224
YLR425W,YNL284C,0,1.5452535,0.17786332964897156,0.9240000247955322,0.4271000027656555
YJL071W,YHL006C,0,1.5444186,0.1778291016817093,0.9240000247955322,0.42719998955726624
YNR004W,YMR268W-A,0,1.5442259,0.17779488861560822,0.9240000247955322,0.42730000615119934
YKL081W,YOL009C,0,1.5420384,0.17776067554950714,0.9240000247955322,0.42739999294281006
YDL197C,YBR090C-A,1,1.5419438,0.17791883647441864,0.925000011920929,0.42739999294281006
YGR235C,YBL034C,0,1.5415753,0.17788460850715637,0.925000011920929,0.42750000953674316
YDL205C,YBR093C,0,1.5405042,0.1778504103422165,0.925000011920929,0.4275999963283539
YDR022C,YLR010C,0,1.5402619,0.1778162270784378,0.925000011920929,0.427700012922287
YDR405W,YPL096C-A,0,1.5395343,0.17778204381465912,0.925000011920929,0.4277999997138977
YOR372C,YGL106W,0,1.5388808,0.17774789035320282,0.925000011920929,0.4278999865055084
YGR252W,YLR383W,0,1.5385876,0.17771373689174652,0.925000011920929,0.42800000309944153
YIL094C,YLR353W,0,1.5383017,0.17767959833145142,0.925000011920929,0.42809998989105225
YIL147C,YBR118W,0,1.5378401,0.1776454746723175,0.925000011920929,0.42820000648498535
YMR065W,YEL006W,0,1.537111,0.1776113659143448,0.925000011920929,0.42829999327659607
YGR037C,YOR334W,0,1.5368764,0.17757727205753326,0.925000011920929,0.4284000098705292
YKL164C,YGL126W,0,1.5367955,0.17754319310188293,0.925000011920929,0.4284999966621399
YIL084C,YDR478W,0,1.5364552,0.1775091141462326,0.925000011920929,0.428600013256073
YEL059C-A,YMR125W,0,1.5363369,0.17747506499290466,0.925000011920929,0.4287000000476837
YJR101W,YOR278W,0,1.535438,0.17744101583957672,0.925000011920929,0.42879998683929443
YLR075W,YAR002C-A,0,1.5351884,0.17740698158740997,0.925000011920929,0.42890000343322754
YKL009W,YBL010C,0,1.5335021,0.17737296223640442,0.925000011920929,0.42899999022483826
YBR034C,YIL062C,0,1.5323348,0.17733895778656006,0.925000011920929,0.42910000681877136
YPL147W,YGR106C,0,1.5322896,0.1773049682378769,0.925000011920929,0.4291999936103821
YJL165C,YJR049C,0,1.5315171,0.17727097868919373,0.925000011920929,0.4293000102043152
YOL011W,YIL144W,0,1.5309571,0.17723701894283295,0.925000011920929,0.4293999969959259
YOR323C,YER165W,0,1.5306046,0.17720305919647217,0.925000011920929,0.429500013589859
YDR026C,YDR039C,0,1.5305616,0.17716912925243378,0.925000011920929,0.4296000003814697
YLR107W,YGR076C,0,1.530419,0.17713519930839539,0.925000011920929,0.42969998717308044
YDL061C,YCR105W,0,1.5298338,0.1771012842655182,0.925000011920929,0.42980000376701355
YER022W,YLR417W,0,1.529725,0.17706738412380219,0.925000011920929,0.42989999055862427
YPL042C,YPL095C,0,1.5293933,0.17703349888324738,0.925000011920929,0.4300000071525574
YGR056W,YJL194W,1,1.5282404,0.17719097435474396,0.9259999990463257,0.4300000071525574
YDR376W,YER129W,0,1.5280766,0.17715707421302795,0.9259999990463257,0.4300999939441681
YKL140W,YNL289W,0,1.5276314,0.17712318897247314,0.9259999990463257,0.4302000105381012
YJL141C,YOR195W,0,1.527301,0.17708930373191833,0.9259999990463257,0.4302999973297119
YNL167C,YDR398W,0,1.5269735,0.1770554482936859,0.9259999990463257,0.430400013923645
YDR501W,YMR020W,0,1.5267591,0.17702160775661469,0.9259999990463257,0.43050000071525574
YMR241W,YLR200W,0,1.526574,0.17698776721954346,0.9259999990463257,0.43059998750686646
YKL181W,YPR007C,0,1.526184,0.17695394158363342,0.9259999990463257,0.43070000410079956
YMR275C,YDR057W,0,1.525867,0.17692013084888458,0.9259999990463257,0.4307999908924103
YBR291C,YPL021W,0,1.5255586,0.17688633501529694,0.9259999990463257,0.4309000074863434
YDR246W,YAL039C,0,1.5250657,0.17685255408287048,0.9259999990463257,0.4309999942779541
YOL120C,YKL100C,0,1.5246449,0.17681878805160522,0.9259999990463257,0.4311000108718872
YOL071W,YDR392W,0,1.5243493,0.17678503692150116,0.9259999990463257,0.4311999976634979
YGL216W,YOR287C,0,1.5243027,0.1767512857913971,0.9259999990463257,0.43130001425743103
YOL057W,YIR019C,0,1.5239886,0.17671756446361542,0.9259999990463257,0.43140000104904175
YCL012W,YDR356W,0,1.5233157,0.17668384313583374,0.9259999990463257,0.43149998784065247
YDR469W,YDR300C,0,1.5232891,0.17665013670921326,0.9259999990463257,0.43160000443458557
YML013W,YBR233W-A,0,1.5232694,0.17661644518375397,0.9259999990463257,0.4316999912261963
YPL127C,YOR244W,1,1.5224895,0.17677345871925354,0.9269999861717224,0.4316999912261963
YAL031C,YDL055C,0,1.5224313,0.17673975229263306,0.9269999861717224,0.4318000078201294
YEL052W,YJL044C,0,1.5223365,0.17670606076717377,0.9269999861717224,0.4318999946117401
YOL004W,YLR103C,1,1.5218482,0.17686296999454498,0.9279999732971191,0.4318999946117401
YLR276C,YMR075W,0,1.5213193,0.1768292635679245,0.9279999732971191,0.4320000112056732
YMR112C,YDR148C,0,1.5208832,0.1767955869436264,0.9279999732971191,0.43209999799728394
YLR048W,YIL074C,0,1.5203644,0.1767619103193283,0.9279999732971191,0.43220001459121704
YIL083C,YCL026C-B,0,1.5201509,0.1767282485961914,0.9279999732971191,0.43230000138282776
YBR090C-A,YJR140C,1,1.5201294,0.1768849939107895,0.9290000200271606,0.43230000138282776
YDR436W,YDR390C,0,1.5189681,0.1768513172864914,0.9290000200271606,0.4323999881744385
YLR284C,YML112W,0,1.5189239,0.1768176555633545,0.9290000200271606,0.4325000047683716
YMR239C,YBR060C,1,1.5185217,0.1769743114709854,0.9300000071525574,0.4325000047683716
YGL046W,YJL173C,0,1.5181162,0.17694063484668732,0.9300000071525574,0.4325999915599823
YNL172W,YNL213C,0,1.5180235,0.1769069880247116,0.9300000071525574,0.4327000081539154
YOR045W,YOR168W,0,1.5179547,0.1768733412027359,0.9300000071525574,0.4327999949455261
YHL050C,YDL076C,0,1.5177889,0.1768397092819214,0.9300000071525574,0.43290001153945923
YDL097C,YJR059W,0,1.5173435,0.17680607736110687,0.9300000071525574,0.43299999833106995
YGR116W,YOR304W,1,1.5169314,0.17696255445480347,0.9309999942779541,0.43299999833106995
YHR165C,YMR098C,0,1.5163951,0.17692892253398895,0.9309999942779541,0.43309998512268066
YGR204W,YLR467W,0,1.5163741,0.17689530551433563,0.9309999942779541,0.43320000171661377
YHR036W,YCR080W,0,1.5158846,0.1768617033958435,0.9309999942779541,0.4332999885082245
YER091C,YLL013C,0,1.5148642,0.17682811617851257,0.9309999942779541,0.4334000051021576
YNR048W,YPL096C-A,0,1.514295,0.17679452896118164,0.9309999942779541,0.4334999918937683
YDL022W,YJR149W,0,1.5142274,0.1767609715461731,0.9309999942779541,0.4336000084877014
YML037C,YNL236W,0,1.5138631,0.17672741413116455,0.9309999942779541,0.43369999527931213
YNL166C,YPL183C,0,1.513406,0.1766938716173172,0.9309999942779541,0.43380001187324524
YBR182C,YNL258C,0,1.5133018,0.17666034400463104,0.9309999942779541,0.43389999866485596
YKL021C,YGL005C,0,1.5132912,0.17662683129310608,0.9309999942779541,0.4339999854564667
YMR282C,YML116W,0,1.5126216,0.17659331858158112,0.9309999942779541,0.4341000020503998
YOR099W,YFR005C,0,1.5107358,0.17655983567237854,0.9309999942779541,0.4341999888420105
YDR200C,YEL005C,0,1.5103002,0.17652635276317596,0.9309999942779541,0.4343000054359436
YPL253C,YER051W,0,1.5100871,0.17649288475513458,0.9309999942779541,0.4343999922275543
YOL117W,YMR075W,0,1.5099638,0.1764594316482544,0.9309999942779541,0.4345000088214874
YOR194C,YKL179C,0,1.5080403,0.1764259934425354,0.9309999942779541,0.43459999561309814
YMR205C,YPR128C,0,1.507889,0.1763925701379776,0.9309999942779541,0.43470001220703125
YGL122C,YEL013W,0,1.5078369,0.176359161734581,0.9309999942779541,0.43479999899864197
YJR153W,YFL018W-A,0,1.5071132,0.1763257533311844,0.9309999942779541,0.4348999857902527
YIR006C,YLR096W,0,1.5067892,0.17629237473011017,0.9309999942779541,0.4350000023841858
YMR193W,YDR243C,0,1.5065889,0.17625899612903595,0.9309999942779541,0.4350999891757965
YDR486C,YEL043W,0,1.5043576,0.17622563242912292,0.9309999942779541,0.4352000057697296
YJL008C,YJR104C,0,1.5043062,0.1761922836303711,0.9309999942779541,0.43529999256134033
YJR068W,YFR019W,0,1.5040292,0.17615893483161926,0.9309999942779541,0.43540000915527344
YEL051W,YBR066C,0,1.5021342,0.17612561583518982,0.9309999942779541,0.43549999594688416
YGL233W,YOR020C,0,1.5019895,0.17609229683876038,0.9309999942779541,0.43560001254081726
YGL211W,YDL036C,0,1.5016967,0.17605900764465332,0.9309999942779541,0.435699999332428
YNL212W,YOR150W,0,1.5014398,0.17602571845054626,0.9309999942779541,0.4357999861240387
YGR288W,YDR170C,0,1.5008285,0.1759924441576004,0.9309999942779541,0.4359000027179718
YML101C,YJL181W,0,1.50066,0.17595916986465454,0.9309999942779541,0.4359999895095825
YPL078C,YPR010C,0,1.5002767,0.17592592537403107,0.9309999942779541,0.4361000061035156
YOR297C,YDR383C,0,1.5001181,0.1758926957845688,0.9309999942779541,0.43619999289512634
YNL244C,YIL014W,0,1.500036,0.1758594661951065,0.9309999942779541,0.43630000948905945
YLL024C,YFR024C,0,1.4996134,0.17582625150680542,0.9309999942779541,0.43639999628067017
YHR114W,YMR322C,0,1.4993095,0.17579305171966553,0.9309999942779541,0.43650001287460327
YKL124W,YJL153C,0,1.4989231,0.17575986683368683,0.9309999942779541,0.436599999666214
YOR091W,YMR009W,0,1.4985936,0.17572668194770813,0.9309999942779541,0.4366999864578247
YER008C,YEL015W,0,1.4972497,0.17569352686405182,0.9309999942779541,0.4368000030517578
YGR221C,YBR090C-A,1,1.4970326,0.175849050283432,0.9319999814033508,0.4368000030517578
YIR002C,YDL130W-A,0,1.4967617,0.1758158802986145,0.9319999814033508,0.43689998984336853
YMR012W,YPR182W,0,1.4957305,0.1757827252149582,0.9319999814033508,0.43700000643730164
YNR031C,YER063W,0,1.4957165,0.17574957013130188,0.9319999814033508,0.43709999322891235
YAL058W,YLR167W,0,1.495711,0.17571644484996796,0.9319999814033508,0.43720000982284546
YNL027W,YDR476C,0,1.4952404,0.17568331956863403,0.9319999814033508,0.4372999966144562
YKL132C,YLL027W,0,1.4951969,0.1756502091884613,0.9319999814033508,0.4374000132083893
YGR003W,YMR272C,0,1.4947973,0.17561711370944977,0.9319999814033508,0.4375
YOR209C,YMR080C,1,1.4941864,0.17577241361141205,0.9330000281333923,0.4375
YMR296C,YPL026C,0,1.4939872,0.17573930323123932,0.9330000281333923,0.4375999867916107
YJL012C,YOL070C,0,1.4932904,0.17570620775222778,0.9330000281333923,0.4377000033855438
YLL040C,YLR448W,0,1.4930111,0.17567312717437744,0.9330000281333923,0.43779999017715454
YKL138C,YLR249W,0,1.492499,0.1756400614976883,0.9330000281333923,0.43790000677108765
YDR067C,YMR311C,0,1.4918579,0.17560699582099915,0.9330000281333923,0.43799999356269836
YKL048C,YDR056C,0,1.4918277,0.17557395994663239,0.9330000281333923,0.43810001015663147
YJR060W,YOR032C,0,1.4905723,0.17554092407226562,0.9330000281333923,0.4381999969482422
YER055C,YDL095W,0,1.489884,0.17550790309906006,0.9330000281333923,0.4383000135421753
YDR080W,YDR373W,0,1.488687,0.17547489702701569,0.9330000281333923,0.438400000333786
YDR326C,YGR177C,0,1.4881926,0.1754418909549713,0.9330000281333923,0.43849998712539673
YEL021W,YKL004W,0,1.4881096,0.17540891468524933,0.9330000281333923,0.43860000371932983
YCL048W,YDR533C,0,1.4878486,0.17537593841552734,0.9330000281333923,0.43869999051094055
YLR188W,YPL087W,0,1.487775,0.17534297704696655,0.9330000281333923,0.43880000710487366
YER053C,YLR268W,0,1.4870584,0.17531003057956696,0.9330000281333923,0.4388999938964844
YJR066W,YBL041W,0,1.4870011,0.17527709901332855,0.9330000281333923,0.4390000104904175
YPR135W,YLR391W-A,0,1.486697,0.17524418234825134,0.9330000281333923,0.4390999972820282
YOR151C,YMR256C,0,1.4854937,0.17521126568317413,0.9330000281333923,0.4392000138759613
YOR237W,YDR332W,0,1.4838651,0.17517836391925812,0.9330000281333923,0.439300000667572
YLR026C,YGR282C,0,1.4838237,0.1751454919576645,0.9330000281333923,0.43939998745918274
YDR372C,YBL089W,0,1.4834979,0.17511261999607086,0.9330000281333923,0.43950000405311584
YDL056W,YPR148C,0,1.4818774,0.17507974803447723,0.9330000281333923,0.43959999084472656
YBR170C,YBR240C,0,1.4818022,0.175046905875206,0.9330000281333923,0.43970000743865967
YCR045C,YIL155C,0,1.4817649,0.17501406371593475,0.9330000281333923,0.4397999942302704
YML115C,YDR425W,0,1.4816476,0.1749812513589859,0.9330000281333923,0.4399000108242035
YML095C,YDR434W,0,1.4816105,0.17494843900203705,0.9330000281333923,0.4399999976158142
YGR155W,YMR016C,0,1.481414,0.1749156415462494,0.9330000281333923,0.4401000142097473
YLR126C,YFL066C,0,1.4797055,0.17488284409046173,0.9330000281333923,0.44020000100135803
YBR075W,YNL230C,0,1.4793153,0.17485007643699646,0.9330000281333923,0.44029998779296875
YMR205C,YOL142W,0,1.4792961,0.1748173087835312,0.9330000281333923,0.44040000438690186
YNR059W,YFR031C-A,0,1.4785067,0.1747845709323883,0.9330000281333923,0.4404999911785126
YDL137W,YJL181W,0,1.4784192,0.17475183308124542,0.9330000281333923,0.4406000077724457
YJL167W,YCL067C,0,1.477946,0.17471909523010254,0.9330000281333923,0.4406999945640564
YIL033C,YDL095W,0,1.4776611,0.17468638718128204,0.9330000281333923,0.4408000111579895
YIL125W,YHR146W,0,1.4766412,0.17465369403362274,0.9330000281333923,0.4408999979496002
YER025W,YHR081W,0,1.4766407,0.17462100088596344,0.9330000281333923,0.4410000145435333
YBR286W,YMR101C,0,1.4762585,0.17458832263946533,0.9330000281333923,0.44110000133514404
YEL001C,YGR094W,0,1.4757048,0.17455565929412842,0.9330000281333923,0.44119998812675476
YPL130W,YDL033C,0,1.4755021,0.1745230108499527,0.9330000281333923,0.44130000472068787
YJL127C,YOR209C,1,1.4751569,0.17467738687992096,0.9340000152587891,0.44130000472068787
YOL053C-A,YDR390C,0,1.4736533,0.17464472353458405,0.9340000152587891,0.4413999915122986
YGR264C,YMR243C,0,1.4736195,0.17461207509040833,0.9340000152587891,0.4415000081062317
YLR425W,YOR384W,0,1.4726065,0.1745794415473938,0.9340000152587891,0.4415999948978424
YGL059W,YGL090W,0,1.4724557,0.17454680800437927,0.9340000152587891,0.4417000114917755
YMR012W,YOR070C,0,1.4717886,0.17451420426368713,0.9340000152587891,0.44179999828338623
YBL087C,YJL062W,0,1.4716223,0.174481600522995,0.9340000152587891,0.44190001487731934
YKR002W,YBR049C,0,1.4714857,0.17444901168346405,0.9340000152587891,0.44200000166893005
YNL164C,YHR061C,0,1.471279,0.1744164377450943,0.9340000152587891,0.44209998846054077
YLR265C,YOR264W,0,1.4710239,0.17438386380672455,0.9340000152587891,0.4422000050544739
YER031C,YGR089W,0,1.4705849,0.17435131967067719,0.9340000152587891,0.4422999918460846
YLR154W-A,YFR015C,0,1.47052,0.17431877553462982,0.9340000152587891,0.4424000084400177
YNR048W,YJL030W,0,1.4698539,0.17428624629974365,0.9340000152587891,0.4424999952316284
YBL088C,YMR145C,0,1.4696245,0.17425373196601868,0.9340000152587891,0.4426000118255615
YAR042W,YLR209C,0,1.4684314,0.1742212325334549,0.9340000152587891,0.44269999861717224
YKL198C,YJL110C,0,1.4679736,0.1741887331008911,0.9340000152587891,0.44279998540878296
YFL005W,YPL002C,0,1.4679699,0.17415624856948853,0.9340000152587891,0.44290000200271606
YCL003W,YKL154W,0,1.4674865,0.17412379384040833,0.9340000152587891,0.4429999887943268
YHL012W,YKL063C,0,1.4671297,0.17409133911132812,0.9340000152587891,0.4431000053882599
YDL171C,YDR033W,0,1.4662097,0.17405888438224792,0.9340000152587891,0.4431999921798706
YJL090C,YGR185C,0,1.4655163,0.1740264594554901,0.9340000152587891,0.4433000087738037
YER100W,YNR020C,0,1.4652072,0.1739940345287323,0.9340000152587891,0.44339999556541443
YOL086W-A,YFR052W,0,1.4640445,0.17396162450313568,0.9340000152587891,0.44350001215934753
YGR211W,YOR327C,0,1.4639568,0.17392922937870026,0.9340000152587891,0.44359999895095825
YBR172C,YNL185C,0,1.4636874,0.17389684915542603,0.9340000152587891,0.44369998574256897
YNL044W,YPL151C,0,1.4636254,0.173864483833313,0.9340000152587891,0.4438000023365021
YFL002W-A,YLR131C,0,1.4635199,0.17383211851119995,0.9340000152587891,0.4438999891281128
YMR186W,YDR276C,0,1.463167,0.1737997829914093,0.9340000152587891,0.4440000057220459
YDL069C,YLR301W,0,1.4630607,0.17376744747161865,0.9340000152587891,0.4440999925136566
YDR322W,YDL006W,0,1.4630235,0.173735111951828,0.9340000152587891,0.4442000091075897
YKR101W,YOL090W,1,1.4627202,0.17388878762722015,0.9350000023841858,0.4442000091075897
YDR071C,YBR090C-A,1,1.462709,0.17404238879680634,0.9359999895095825,0.4442000091075897
YKR007W,YNL051W,0,1.4625497,0.1740100383758545,0.9359999895095825,0.44429999589920044
YDR231C,YHR005C,0,1.4623013,0.17397768795490265,0.9359999895095825,0.44440001249313354
YHR132C,YLR450W,0,1.4609566,0.1739453673362732,0.9359999895095825,0.44449999928474426
YCL060C,YDR303C,1,1.4604492,0.17409884929656982,0.9369999766349792,0.44449999928474426
YGR218W,YHR114W,0,1.460328,0.17406649887561798,0.9369999766349792,0.444599986076355
YER175C,YDL128W,0,1.4602537,0.17403417825698853,0.9369999766349792,0.4447000026702881
YNL112W,YOR113W,0,1.4601896,0.17400185763835907,0.9369999766349792,0.4447999894618988
YDR518W,YGR170W,0,1.4595003,0.1739695519208908,0.9369999766349792,0.4449000060558319
YLR189C,YOL104C,0,1.4592862,0.17393726110458374,0.9369999766349792,0.4449999928474426
YBR033W,YJR040W,0,1.4590025,0.17390497028827667,0.9369999766349792,0.44510000944137573
YNR059W,YHR086W,0,1.4581805,0.173872709274292,0.9369999766349792,0.44519999623298645
YKL048C,YLR008C,0,1.4576223,0.1738404482603073,0.9369999766349792,0.44530001282691956
YER008C,YOL038W,0,1.4569283,0.17380820214748383,0.9369999766349792,0.4453999996185303
YNL212W,YBR129C,0,1.4567249,0.17377597093582153,0.9369999766349792,0.445499986410141
YBL074C,YLR098C,0,1.4566544,0.17374373972415924,0.9369999766349792,0.4456000030040741
YML041C,YFR037C,1,1.4548991,0.173896923661232,0.9380000233650208,0.4456000030040741
YGR058W,YDL076C,0,1.454737,0.1738646924495697,0.9380000233650208,0.4456999897956848
YHR039C-A,YCL066W,0,1.4542265,0.1738324612379074,0.9380000233650208,0.4458000063896179
YPL145C,YKL095W,0,1.4538631,0.1738002598285675,0.9380000233650208,0.44589999318122864
YGR144W,YNL016W,0,1.4538034,0.1737680584192276,0.9380000233650208,0.44600000977516174
YGR101W,YFR008W,0,1.4531,0.1737358719110489,0.9380000233650208,0.44609999656677246
YNL239W,YOR063W,0,1.4522625,0.17370370030403137,0.9380000233650208,0.44620001316070557
YLR113W,YJL106W,0,1.4518052,0.17367154359817505,0.9380000233650208,0.4462999999523163
YIL019W,YGR113W,0,1.4517107,0.17363938689231873,0.9380000233650208,0.446399986743927
YGR029W,YCR044C,0,1.4516671,0.1736072599887848,0.9380000233650208,0.4465000033378601
YIL033C,YNR007C,0,1.4515826,0.17357513308525085,0.9380000233650208,0.4465999901294708
YCL060C,YPR068C,1,1.4512959,0.17372803390026093,0.9390000104904175,0.4465999901294708
YDR320C-A,YML030W,0,1.4512583,0.1736958920955658,0.9390000104904175,0.44670000672340393
YDR369C,YOR261C,0,1.4509597,0.17366376519203186,0.9390000104904175,0.44679999351501465
YNR041C,YOR357C,0,1.4499471,0.17363165318965912,0.9390000104904175,0.44690001010894775
YKL124W,YFR030W,0,1.4497406,0.17359955608844757,0.9390000104904175,0.44699999690055847
YJL196C,YNL267W,0,1.4491615,0.17356747388839722,0.9390000104904175,0.4471000134944916
YFL029C,YCL067C,0,1.4487758,0.17353539168834686,0.9390000104904175,0.4472000002861023
YJL176C,YPL173W,0,1.4487495,0.1735033243894577,0.9390000104904175,0.447299987077713
YGR040W,YER049W,0,1.4487051,0.17347127199172974,0.9390000104904175,0.4474000036716461
YMR032W,YLL057C,0,1.4483423,0.17343923449516296,0.9390000104904175,0.44749999046325684
YDR038C,YNL063W,0,1.4483303,0.1734071969985962,0.9390000104904175,0.44760000705718994
YHR060W,YOL139C,0,1.447856,0.1733751893043518,0.9390000104904175,0.44769999384880066
YAL056W,YBR130C,0,1.4477888,0.17334318161010742,0.9390000104904175,0.44780001044273376
YBR295W,YCR018C,0,1.4474932,0.17331118881702423,0.9390000104904175,0.4478999972343445
YDR034C,YMR075W,0,1.4469949,0.17327919602394104,0.9390000104904175,0.4480000138282776
YBR109C,YDR414C,0,1.4464839,0.17324723303318024,0.9390000104904175,0.4481000006198883
YLR467W,YPL056C,0,1.4464424,0.17321527004241943,0.9390000104904175,0.448199987411499
YKL200C,YNL306W,0,1.4464275,0.17318332195281982,0.9390000104904175,0.44830000400543213
YGR007W,YDR503C,0,1.4463731,0.1731513887643814,0.9390000104904175,0.44839999079704285
YFL057C,YCR005C,0,1.446305,0.1731194704771042,0.9390000104904175,0.44850000739097595
YPR131C,YGL098W,0,1.4460673,0.17308755218982697,0.9390000104904175,0.44859999418258667
YIL094C,YER133W,0,1.4460546,0.17305566370487213,0.9390000104904175,0.4487000107765198
YGL173C,YLR115W,0,1.4458491,0.1730237752199173,0.9390000104904175,0.4487999975681305
YLR060W,YIL111W,0,1.445725,0.17299188673496246,0.9390000104904175,0.4489000141620636
YKL016C,YDR398W,0,1.445504,0.17296002805233002,0.9390000104904175,0.4490000009536743
YMR200W,YPL281C,0,1.4451737,0.17292816936969757,0.9390000104904175,0.44909998774528503
YCR105W,YDL018C,0,1.4444351,0.1728963404893875,0.9390000104904175,0.44920000433921814
YCL060C,YDR310C,1,1.4434732,0.17304860055446625,0.9399999976158142,0.44920000433921814
YOR373W,YDR139C,0,1.443393,0.173016756772995,0.9399999976158142,0.44929999113082886
YML055W,YPR174C,0,1.4427618,0.17298491299152374,0.9399999976158142,0.44940000772476196
YER139C,YOL066C,0,1.4423767,0.17295308411121368,0.9399999976158142,0.4494999945163727
YMR142C,YIL108W,0,1.4418203,0.17292127013206482,0.9399999976158142,0.4496000111103058
YLR451W,YOR288C,0,1.4405727,0.17288945615291595,0.9399999976158142,0.4496999979019165
YHR186C,YLR023C,0,1.4405179,0.17285767197608948,0.9399999976158142,0.4498000144958496
YDR460W,YJR135W-A,0,1.4403284,0.172825887799263,0.9399999976158142,0.4499000012874603
YDR524C,YOR150W,0,1.4401277,0.17279411852359772,0.9399999976158142,0.44999998807907104
YOL010W,YLR360W,0,1.4400599,0.17276236414909363,0.9399999976158142,0.45010000467300415
YML016C,YIL017W,0,1.4384923,0.17273060977458954,0.9399999976158142,0.45019999146461487
YHR185C,YDL185W,0,1.4381204,0.17269888520240784,0.9399999976158142,0.450300008058548
YMR038C,YJR040W,0,1.4374379,0.17266716063022614,0.9399999976158142,0.4503999948501587
YGR174C,YGL222C,0,1.4371548,0.17263545095920563,0.9399999976158142,0.4505000114440918
YNL091W,YLL029W,0,1.436483,0.17260374128818512,0.9399999976158142,0.4505999982357025
YCR058C,YBR196C,0,1.4358768,0.172572061419487,0.9399999976158142,0.4507000148296356
YJL011C,YKL004W,0,1.4358394,0.17254038155078888,0.9399999976158142,0.45080000162124634
YKL096W-A,YPL183W-A,0,1.435839,0.17250871658325195,0.9399999976158142,0.45089998841285706
YBL035C,YGL148W,0,1.4357004,0.17247706651687622,0.9399999976158142,0.45100000500679016
YPL167C,YOR285W,0,1.4354169,0.1724454164505005,0.9399999976158142,0.4510999917984009
YBL074C,YDR520C,0,1.4340892,0.17241379618644714,0.9399999976158142,0.451200008392334
YLL048C,YGL251C,0,1.4340496,0.1723821759223938,0.9399999976158142,0.4512999951839447
YLR126C,YGR097W,0,1.433598,0.17235057055950165,0.9399999976158142,0.4514000117778778
YER087C-B,YKL192C,0,1.4322153,0.1723189800977707,0.9399999976158142,0.4514999985694885
YER184C,YKL143W,0,1.4312235,0.17228738963603973,0.9399999976158142,0.45159998536109924
YLR075W,YPR128C,0,1.4310783,0.17225581407546997,0.9399999976158142,0.45170000195503235
YIL148W,YHR168W,0,1.4310133,0.1722242534160614,0.9399999976158142,0.45179998874664307
YDR159W,YJL148W,0,1.4309548,0.17219270765781403,0.9399999976158142,0.45190000534057617
YDR189W,YMR012W,0,1.4306774,0.17216117680072784,0.9399999976158142,0.4519999921321869
YGL116W,YDR129C,0,1.4303728,0.17212964594364166,0.9399999976158142,0.45210000872612
YDR530C,YLR023C,0,1.4298278,0.17209812998771667,0.9399999976158142,0.4521999955177307
YMR276W,YOL062C,0,1.4297541,0.17206662893295288,0.9399999976158142,0.4523000121116638
YDR389W,YNL173C,0,1.4291768,0.17203514277935028,0.9399999976158142,0.45239999890327454
YJR016C,YLR418C,0,1.4290566,0.17200365662574768,0.9399999976158142,0.45249998569488525
YMR076C,YBR022W,0,1.4288598,0.17197218537330627,0.9399999976158142,0.45260000228881836
YGR214W,YOR071C,0,1.4284863,0.17194072902202606,0.9399999976158142,0.4526999890804291
YER088C,YBR090C-A,1,1.4276135,0.17209216952323914,0.9409999847412109,0.4526999890804291
YDL061C,YLR429W,0,1.4275692,0.17206071317195892,0.9409999847412109,0.4528000056743622
YOR103C,YHR039C-B,0,1.427246,0.1720292568206787,0.9409999847412109,0.4528999924659729
YLR181C,YNL294C,0,1.4268875,0.1719978004693985,0.9409999847412109,0.453000009059906
YPR032W,YKL143W,0,1.4267409,0.17196637392044067,0.9409999847412109,0.4530999958515167
YCR077C,YGL027C,0,1.4266584,0.17193494737148285,0.9409999847412109,0.45320001244544983
YDR381W,YOR233W,0,1.426258,0.1719035506248474,0.9409999847412109,0.45329999923706055
YMR054W,YBL057C,0,1.4259347,0.17187213897705078,0.9409999847412109,0.45339998602867126
YHR002W,YDR002W,0,1.4258866,0.17184075713157654,0.9409999847412109,0.45350000262260437
YKL114C,YDL100C,0,1.4256902,0.1718093901872635,0.9409999847412109,0.4535999894142151
YNL307C,YBR295W,0,1.4251821,0.17177802324295044,0.9409999847412109,0.4537000060081482
YPL204W,YHR079C-B,0,1.4251547,0.17174667119979858,0.9409999847412109,0.4537999927997589
YDR139C,YDR276C,0,1.4249352,0.17171533405780792,0.9409999847412109,0.453900009393692
YMR318C,YLR224W,0,1.4248573,0.17168399691581726,0.9409999847412109,0.45399999618530273
YDR105C,YPL048W,0,1.4247836,0.1716526746749878,0.9409999847412109,0.45410001277923584
YHR033W,YJR029W,0,1.4235152,0.1716213822364807,0.9409999847412109,0.45419999957084656
YEL002C,YCL067C,0,1.4234035,0.17159007489681244,0.9409999847412109,0.4542999863624573
YDR481C,YLR028C,0,1.423236,0.17155879735946655,0.9409999847412109,0.4544000029563904
YMR077C,YDR435C,0,1.4228005,0.17152751982212067,0.9409999847412109,0.4544999897480011
YOL152W,YOL142W,0,1.4224195,0.17149625718593597,0.9409999847412109,0.4546000063419342
YDR248C,YBR055C,0,1.4220414,0.17146500945091248,0.9409999847412109,0.4546999931335449
YLR435W,YDR096W,0,1.4219182,0.17143377661705017,0.9409999847412109,0.454800009727478
YEL020W-A,YGL006W,0,1.4217472,0.17140254378318787,0.9409999847412109,0.45489999651908875
YPL183W-A,YNL281W,0,1.4214884,0.17137134075164795,0.9409999847412109,0.45500001311302185
YLR244C,YNL086W,0,1.4211735,0.17134013772010803,0.9409999847412109,0.45509999990463257
YJL125C,YDR390C,0,1.4196541,0.17130893468856812,0.9409999847412109,0.4551999866962433
YER029C,YDR398W,0,1.4193089,0.17127776145935059,0.9409999847412109,0.4553000032901764
YGR082W,YKL165C,0,1.419082,0.17124658823013306,0.9409999847412109,0.4553999900817871
YGL238W,YOR132W,0,1.418616,0.17121542990207672,0.9409999847412109,0.4555000066757202
YMR056C,YNL132W,0,1.418205,0.17118428647518158,0.9409999847412109,0.45559999346733093
YER159C,YHR070W,0,1.4174875,0.17115314304828644,0.9409999847412109,0.45570001006126404
YMR112C,YHR190W,0,1.4173441,0.17112202942371368,0.9409999847412109,0.45579999685287476
YKL053C-A,YBR202W,0,1.4169264,0.17109091579914093,0.9409999847412109,0.45590001344680786
YCL004W,YGL190C,0,1.4164522,0.17105980217456818,0.9409999847412109,0.4560000002384186
YLR337W,YPL207W,0,1.4164197,0.1710287183523178,0.9409999847412109,0.4560999870300293
YFL011W,YBR159W,0,1.4161994,0.17099763453006744,0.9409999847412109,0.4562000036239624
YPL156C,YLR058C,0,1.4161675,0.17096656560897827,0.9409999847412109,0.4562999904155731
YPL180W,YMR090W,0,1.4161,0.1709355115890503,0.9409999847412109,0.4564000070095062
YGR214W,YMR186W,0,1.4159153,0.1709044724702835,0.9409999847412109,0.45649999380111694
YDL198C,YPL149W,0,1.4146279,0.17087343335151672,0.9409999847412109,0.45660001039505005
YAL013W,YOR374W,0,1.4139003,0.17084240913391113,0.9409999847412109,0.45669999718666077
YGL064C,YLL002W,0,1.4134021,0.17081139981746674,0.9409999847412109,0.45680001378059387
YGR189C,YHR142W,0,1.4132714,0.17078040540218353,0.9409999847412109,0.4569000005722046
YHR133C,YML049C,0,1.4131947,0.17074941098690033,0.9409999847412109,0.4569999873638153
YJR082C,YGL113W,0,1.4126775,0.17071843147277832,0.9409999847412109,0.4571000039577484
YML004C,YNL103W,0,1.4121273,0.1706874668598175,0.9409999847412109,0.45719999074935913
YFL035C,YJL197W,0,1.4111246,0.17065651714801788,0.9409999847412109,0.45730000734329224
YCR087C-A,YMR301C,0,1.4104288,0.17062556743621826,0.9409999847412109,0.45739999413490295
YFR040W,YMR013C,0,1.4097571,0.17059463262557983,0.9409999847412109,0.45750001072883606
YEL069C,YDL225W,0,1.4096911,0.1705637127161026,0.9409999847412109,0.4575999975204468
YBR100W,YJR117W,0,1.4086144,0.17053280770778656,0.9409999847412109,0.4577000141143799
YLR107W,YHR211W,0,1.4081523,0.17050190269947052,0.9409999847412109,0.4578000009059906
YGR103W,YDL134C-A,0,1.4080641,0.17047101259231567,0.9409999847412109,0.4578999876976013
YIR037W,YKL020C,0,1.4075382,0.17044013738632202,0.9409999847412109,0.4580000042915344
YLR344W,YGL220W,0,1.4071565,0.17040927708148956,0.9409999847412109,0.45809999108314514
YDR030C,YCL001W,0,1.4063692,0.1703784167766571,0.9409999847412109,0.45820000767707825
YNL250W,YMR201C,0,1.4050758,0.17034757137298584,0.9409999847412109,0.45829999446868896
YLR460C,YIR012W,0,1.4049716,0.17031674087047577,0.9409999847412109,0.45840001106262207
YBR089C-A,YDL105W,1,1.4049265,0.17046688497066498,0.9419999718666077,0.45840001106262207
YGR099W,YEL037C,0,1.4044402,0.1704360395669937,0.9419999718666077,0.4584999978542328
YDL220C,YOR045W,0,1.4042782,0.17040520906448364,0.9419999718666077,0.4586000144481659
YJL121C,YGL158W,0,1.4038917,0.17037439346313477,0.9419999718666077,0.4587000012397766
YDL141W,YLR026C,0,1.4033687,0.1703435778617859,0.9419999718666077,0.45879998803138733
YKL132C,YER068W,0,1.4021268,0.1703127771615982,0.9419999718666077,0.45890000462532043
YKL041W,YGR189C,0,1.401783,0.17028199136257172,0.9419999718666077,0.45899999141693115
YJL095W,YJL094C,0,1.4008936,0.17025122046470642,0.9419999718666077,0.45910000801086426
YEL016C,YKL143W,0,1.4006876,0.17022044956684113,0.9419999718666077,0.459199994802475
YOR306C,YPL115C,0,1.4000274,0.17018970847129822,0.9419999718666077,0.4593000113964081
YKL116C,YGR191W,0,1.3993127,0.17015895247459412,0.9419999718666077,0.4593999981880188
YBL100W-B,YBR272C,0,1.3988359,0.1701282262802124,0.9419999718666077,0.4595000147819519
YGL070C,YFL018W-A,0,1.3981528,0.17009751498699188,0.9419999718666077,0.4596000015735626
YMR281W,YJR138W,0,1.3981023,0.17006680369377136,0.9419999718666077,0.45969998836517334
YOR204W,YMR143W,0,1.3973203,0.17003610730171204,0.9419999718666077,0.45980000495910645
YNR033W,YNL232W,0,1.396911,0.1700054109096527,0.9419999718666077,0.45989999175071716
YDR466W,YAL029C,0,1.3968987,0.16997474431991577,0.9419999718666077,0.46000000834465027
YGR181W,YBR075W,0,1.3968285,0.16994407773017883,0.9419999718666077,0.460099995136261
YBR090C-A,YDR145W,1,1.3968089,0.17009378969669342,0.9430000185966492,0.460099995136261
YJR109C,YML015C,0,1.3964455,0.17006312310695648,0.9430000185966492,0.4602000117301941
YCR060W,YKL058W,0,1.3958805,0.17003245651721954,0.9430000185966492,0.4602999985218048
YNL330C,YHR056C,1,1.394691,0.17018207907676697,0.9440000057220459,0.4602999985218048
YBL005W,YGL103W,0,1.3944014,0.17015141248703003,0.9440000057220459,0.4603999853134155
YPL154C,YBR233W-A,0,1.3943355,0.1701207458972931,0.9440000057220459,0.46050000190734863
YBR036C,YBR272C,0,1.394092,0.17009009420871735,0.9440000057220459,0.46059998869895935
YDR421W,YFR024C,0,1.3937933,0.1700594425201416,0.9440000057220459,0.46070000529289246
YPR189W,YLR401C,0,1.3935066,0.17002882063388824,0.9440000057220459,0.4607999920845032
YPR156C,YJL019W,0,1.3934453,0.1699981987476349,0.9440000057220459,0.4609000086784363
YIL143C,YDR060W,0,1.3931069,0.16996759176254272,0.9440000057220459,0.460999995470047
YGR271W,YJR110W,0,1.392714,0.16993699967861176,0.9440000057220459,0.4611000120639801
YLR330W,YJL109C,0,1.3926542,0.1699064075946808,0.9440000057220459,0.4611999988555908
YHR051W,YDL189W,0,1.3923862,0.169875830411911,0.9440000057220459,0.46129998564720154
YNR074C,YNL023C,0,1.3921264,0.16984526813030243,0.9440000057220459,0.46140000224113464
YML109W,YLL022C,1,1.3916584,0.16999460756778717,0.9449999928474426,0.46140000224113464
YGL126W,YBR129C,0,1.3915396,0.1699640303850174,0.9449999928474426,0.46149998903274536
YDR146C,YMR122W-A,0,1.391217,0.1699334681034088,0.9449999928474426,0.46160000562667847
YER173W,YHR101C,0,1.3909082,0.16990290582180023,0.9449999928474426,0.4616999924182892
YBL072C,YKR093W,0,1.3907372,0.16987237334251404,0.9449999928474426,0.4618000090122223
YOR380W,YAL025C,0,1.3899835,0.16984184086322784,0.9449999928474426,0.461899995803833
YPR019W,YDR041W,0,1.3897843,0.16981132328510284,0.9449999928474426,0.4620000123977661
YMR139W,YLR316C,0,1.3897545,0.16978080570697784,0.9449999928474426,0.46209999918937683
YJR050W,YIL005W,0,1.3885134,0.16975031793117523,0.9449999928474426,0.46219998598098755
YPL183W-A,YOR324C,0,1.3882293,0.16971983015537262,0.9449999928474426,0.46230000257492065
YOL055C,YKL081W,0,1.3881378,0.1696893572807312,0.9449999928474426,0.46239998936653137
YNR052C,YNL121C,0,1.3881239,0.16965888440608978,0.9449999928474426,0.4625000059604645
YAL028W,YML027W,0,1.3876354,0.16962842643260956,0.9449999928474426,0.4625999927520752
YMR056C,YKR077W,0,1.3875782,0.16959798336029053,0.9449999928474426,0.4627000093460083
YOR313C,YLR107W,0,1.3874836,0.1695675551891327,0.9449999928474426,0.462799996137619
YLR075W,YBL007C,0,1.3874462,0.16953714191913605,0.9449999928474426,0.4629000127315521
YLL018C-A,YFR024C,0,1.3870564,0.1695067286491394,0.9449999928474426,0.46299999952316284
YPR047W,YGL178W,0,1.3865614,0.16947633028030396,0.9449999928474426,0.46309998631477356
YDL059C,YOR126C,0,1.386509,0.1694459319114685,0.9449999928474426,0.46320000290870667
YLR035C-A,YPL240C,0,1.385927,0.16941556334495544,0.9449999928474426,0.4632999897003174
YDR260C,YBR059C,0,1.3855063,0.16938519477844238,0.9449999928474426,0.4634000062942505
YCR097WB,YNL293W,0,1.3851309,0.16935484111309052,0.9449999928474426,0.4634999930858612
YIL147C,YPR037C,0,1.3850981,0.16932448744773865,0.9449999928474426,0.4636000096797943
YBL089W,YNL180C,0,1.3850558,0.16929416358470917,0.9449999928474426,0.46369999647140503
YNL194C,YKL096W-A,0,1.3844913,0.1692638397216797,0.9449999928474426,0.46380001306533813
YPR007C,YPL126W,0,1.384167,0.1692335307598114,0.9449999928474426,0.46389999985694885
YJL219W,YNR035C,0,1.3841642,0.16920322179794312,0.9449999928474426,0.46399998664855957
YAL022C,YGL087C,0,1.3840051,0.16917292773723602,0.9449999928474426,0.4641000032424927
YJR045C,YNL123W,0,1.383928,0.16914264857769012,0.9449999928474426,0.4641999900341034
YNL156C,YOL053C-A,0,1.3838087,0.16911238431930542,0.9449999928474426,0.4643000066280365
YAL053W,YKL195W,0,1.3835891,0.16908212006092072,0.9449999928474426,0.4643999934196472
YLR197W,YML049C,0,1.3831804,0.1690518856048584,0.9449999928474426,0.4645000100135803
YCL012W,YMR289W,0,1.3831139,0.1690216362476349,0.9449999928474426,0.46459999680519104
YKL006C-A,YKL217W,0,1.3829465,0.16899141669273376,0.9449999928474426,0.46470001339912415
YDR126W,YJR040W,0,1.3823738,0.16896119713783264,0.9449999928474426,0.46480000019073486
YLR377C,YFR006W,0,1.3813322,0.1689309924840927,0.9449999928474426,0.4648999869823456
YNL167C,YMR281W,0,1.3808333,0.16890080273151398,0.9449999928474426,0.4650000035762787
YPL059W,YJL057C,0,1.3792282,0.16887062788009644,0.9449999928474426,0.4650999903678894
YEL019C,YPL139C,0,1.3788719,0.1688404530286789,0.9449999928474426,0.4652000069618225
YGL092W,YKL196C,0,1.3779969,0.16881029307842255,0.9449999928474426,0.4652999937534332
YIL026C,YBR075W,0,1.3772248,0.1687801331281662,0.9449999928474426,0.46540001034736633
YKL024C,YBR274W,0,1.3768665,0.16875000298023224,0.9449999928474426,0.46549999713897705
YKL006C-A,YMR022W,0,1.3763945,0.16871987283229828,0.9449999928474426,0.46560001373291016
YFR041C,YLR264W,0,1.376128,0.1686897575855255,0.9449999928474426,0.4657000005245209
YPR204W,YKR052C,0,1.3758335,0.16865964233875275,0.9449999928474426,0.4657999873161316
YER139C,YBR105C,0,1.3757341,0.16862955689430237,0.9449999928474426,0.4659000039100647
YBR094W,YCR080W,0,1.3743694,0.168599471449852,0.9449999928474426,0.4659999907016754
YER019C-A,YOL052C,0,1.3738599,0.1685693860054016,0.9449999928474426,0.4661000072956085
YCL032W,YHR059W,0,1.373455,0.16853933036327362,0.9449999928474426,0.46619999408721924
YGR086C,YPR114W,0,1.3730934,0.16850927472114563,0.9449999928474426,0.46630001068115234
YHL036W,YLR154W-C,0,1.3728178,0.16847923398017883,0.9449999928474426,0.46639999747276306
YBR169C,YPL188W,0,1.3726108,0.16844919323921204,0.9449999928474426,0.46650001406669617
YGL206C,YOR270C,0,1.3724124,0.16841918230056763,0.9449999928474426,0.4666000008583069
YLR312C-B,YNL136W,0,1.3719862,0.16838917136192322,0.9449999928474426,0.4666999876499176
YLR438C-A,YBR022W,0,1.371883,0.1683591604232788,0.9449999928474426,0.4668000042438507
YBR170C,YNL129W,0,1.3715739,0.1683291792869568,0.9449999928474426,0.4668999910354614
YJL172W,YKR064W,0,1.371494,0.16829919815063477,0.9449999928474426,0.46700000762939453
YPR186C,YDL047W,0,1.370534,0.16826923191547394,0.9449999928474426,0.46709999442100525
YEL020W-A,YDR457W,0,1.3700558,0.1682392805814743,0.9449999928474426,0.46720001101493835
YLR151C,YLR401C,0,1.3694088,0.16820932924747467,0.9449999928474426,0.4672999978065491
YOL117W,YER151C,0,1.3688884,0.16817939281463623,0.9449999928474426,0.4674000144004822
YOR039W,YDR007W,0,1.3685277,0.16814947128295898,0.9449999928474426,0.4675000011920929
YHR011W,YGL251C,0,1.3685035,0.16811954975128174,0.9449999928474426,0.4675999879837036
YMR239C,YLR321C,1,1.3684446,0.16826751828193665,0.9459999799728394,0.4675999879837036
YML100W,YGR060W,0,1.3668938,0.1682375967502594,0.9459999799728394,0.4677000045776367
YJL194W,YER030W,1,1.3666114,0.16838549077510834,0.9470000267028809,0.4677000045776367
YLR016C,YCR080W,0,1.3663983,0.1683555543422699,0.9470000267028809,0.46779999136924744
YNL318C,YDR328C,0,1.3661317,0.16832563281059265,0.9470000267028809,0.46790000796318054
YKL185W,YDR377W,0,1.3655627,0.1682957112789154,0.9470000267028809,0.46799999475479126
YGR124W,YJL062W-A,0,1.3653315,0.16826581954956055,0.9470000267028809,0.46810001134872437
YKL041W,YCL067C,0,1.3650184,0.1682359278202057,0.9470000267028809,0.4681999981403351
YMR012W,YPL059W,0,1.3645388,0.16820603609085083,0.9470000267028809,0.4683000147342682
YPL031C,YLR120C,0,1.3643095,0.16817617416381836,0.9470000267028809,0.4684000015258789
YBR045C,YLR459W,0,1.3637346,0.1681463122367859,0.9470000267028809,0.4684999883174896
YKR079C,YDL198C,0,1.362824,0.16811645030975342,0.9470000267028809,0.46860000491142273
YIL076W,YLR153C,0,1.36273,0.16808661818504333,0.9470000267028809,0.46869999170303345
YDR245W,YJL156C,0,1.3624982,0.16805678606033325,0.9470000267028809,0.46880000829696655
YOR393W,YCL057C-A,0,1.3620956,0.16802696883678436,0.9470000267028809,0.46889999508857727
YLR127C,YDR323C,0,1.361973,0.16799716651439667,0.9470000267028809,0.4690000116825104
YMR131C,YKR077W,0,1.3612303,0.16796736419200897,0.9470000267028809,0.4690999984741211
YDR245W,YLL031C,0,1.3604285,0.16793757677078247,0.9470000267028809,0.4691999852657318
YLR312C-B,YDR251W,0,1.3602165,0.16790780425071716,0.9470000267028809,0.4693000018596649
YJR046W,YML085C,0,1.3598961,0.16787803173065186,0.9470000267028809,0.46939998865127563
YCL027W,YIL173W,0,1.3597875,0.16784827411174774,0.9470000267028809,0.46950000524520874
YKL006W,YMR025W,0,1.3590254,0.16781853139400482,0.9470000267028809,0.46959999203681946
YBL031W,YPR007C,0,1.3586302,0.1677888035774231,0.9470000267028809,0.46970000863075256
YFL035C-A,YHR060W,0,1.3585058,0.16775907576084137,0.9470000267028809,0.4697999954223633
YBR020W,YNL029C,0,1.3581879,0.16772936284542084,0.9470000267028809,0.4699000120162964
YLR170C,YLR259C,0,1.3580654,0.1676996648311615,0.9470000267028809,0.4699999988079071
YMR301C,YGL120C,0,1.3555502,0.16766996681690216,0.9470000267028809,0.4700999855995178
YDR508C,YML086C,0,1.3550909,0.16764028370380402,0.9470000267028809,0.4702000021934509
YKL022C,YNL102W,0,1.3549353,0.16761061549186707,0.9470000267028809,0.47029998898506165
YNL046W,YAL039C,0,1.35488,0.1675809621810913,0.9470000267028809,0.47040000557899475
YOR123C,YOR043W,0,1.3544345,0.16755130887031555,0.9470000267028809,0.47049999237060547
YKL206C,YNL210W,0,1.3541206,0.167521670460701,0.9470000267028809,0.4706000089645386
YBR001C,YGL232W,0,1.3539208,0.16749204695224762,0.9470000267028809,0.4706999957561493
YHR133C,YML005W,0,1.3538182,0.16746242344379425,0.9470000267028809,0.4708000123500824
YLR451W,YLR088W,0,1.353502,0.16743281483650208,0.9470000267028809,0.4708999991416931
YHR052W,YDR088C,0,1.3532317,0.1674032211303711,0.9470000267028809,0.47099998593330383
YJL062W-A,YKL020C,0,1.352949,0.1673736274242401,0.9470000267028809,0.47110000252723694
YPL224C,YER072W,0,1.3525274,0.16734404861927032,0.9470000267028809,0.47119998931884766
YML125C,YDL018C,0,1.3521982,0.16731448471546173,0.9470000267028809,0.47130000591278076
YHR005C-A,YPR135W,0,1.351799,0.16728493571281433,0.9470000267028809,0.4713999927043915
YOR377W,YEL005C,0,1.351443,0.16725538671016693,0.9470000267028809,0.4715000092983246
YGR292W,YJL021C,0,1.3512378,0.16722585260868073,0.9470000267028809,0.4715999960899353
YBR026C,YPR041W,0,1.3509691,0.1671963334083557,0.9470000267028809,0.4717000126838684
YHR010W,YDR280W,0,1.3507357,0.1671668142080307,0.9470000267028809,0.4717999994754791
YHR135C,YCR097WB,0,1.3507072,0.16713730990886688,0.9470000267028809,0.47189998626708984
YGR158C,YIL062C,0,1.3505616,0.16710782051086426,0.9470000267028809,0.47200000286102295
YKR035W-A,YER106W,0,1.3498633,0.16707833111286163,0.9470000267028809,0.47209998965263367
YPL089C,YGR177C,0,1.349503,0.1670488566160202,0.9470000267028809,0.4722000062465668
YER101C,YNL025C,0,1.3491943,0.16701939702033997,0.9470000267028809,0.4722999930381775
YBR166C,YOL121C,0,1.349117,0.16698995232582092,0.9470000267028809,0.4724000096321106
YOL055C,YJL044C,0,1.3489934,0.16696050763130188,0.9470000267028809,0.4724999964237213
YGR036C,YCR094W,0,1.3486387,0.16693107783794403,0.9470000267028809,0.4726000130176544
YOR049C,YMR037C,0,1.3484403,0.16690166294574738,0.9470000267028809,0.47269999980926514
YDL059C,YKR030W,0,1.3484092,0.16687224805355072,0.9470000267028809,0.47279998660087585
YER138C,YER050C,0,1.3479651,0.16684284806251526,0.9470000267028809,0.47290000319480896
YCR080W,YLR300W,0,1.3478498,0.166813462972641,0.9470000267028809,0.4729999899864197
YOR332W,YJL172W,0,1.3465436,0.16678407788276672,0.9470000267028809,0.4731000065803528
YPR073C,YMR200W,0,1.3464247,0.16675470769405365,0.9470000267028809,0.4731999933719635
YJR119C,YAL035W,0,1.3457183,0.16672535240650177,0.9470000267028809,0.4733000099658966
YGL222C,YNL130C,0,1.3451906,0.1666959971189499,0.9470000267028809,0.4733999967575073
YPL036W,YJR040W,0,1.3450607,0.1666666716337204,0.9470000267028809,0.47350001335144043
YER055C,YDR047W,0,1.3444707,0.1666373461484909,0.9470000267028809,0.47360000014305115
YDR036C,YPR178W,0,1.3439636,0.1666080206632614,0.9470000267028809,0.47369998693466187
YDR077W,YGR262C,0,1.3438964,0.16657871007919312,0.9470000267028809,0.47380000352859497
YOL062C,YEL013W,0,1.34337,0.166549414396286,0.9470000267028809,0.4738999903202057
YJR118C,YNL262W,0,1.3432479,0.1665201336145401,0.9470000267028809,0.4740000069141388
YOR044W,YBL022C,0,1.343242,0.1664908528327942,0.9470000267028809,0.4740999937057495
YGL129C,YDR443C,0,1.3419514,0.16646158695220947,0.9470000267028809,0.4742000102996826
YDL098C,YDL095W,0,1.3417836,0.16643233597278595,0.9470000267028809,0.47429999709129333
YGL107C,YDR039C,0,1.3415899,0.16640309989452362,0.9470000267028809,0.47440001368522644
YLR058C,YPL146C,0,1.3414189,0.1663738638162613,0.9470000267028809,0.47450000047683716
YLR409C,YLL001W,0,1.3413305,0.16634462773799896,0.9470000267028809,0.4745999872684479
YDR406W,YPR008W,0,1.341321,0.16631542146205902,0.9470000267028809,0.474700003862381
YJR048W,YDR170C,0,1.3409541,0.16628621518611908,0.9470000267028809,0.4747999906539917
YFL004W,YLR035C-A,0,1.3394567,0.16625702381134033,0.9470000267028809,0.4749000072479248
YMR215W,YLR324W,0,1.338729,0.16622783243656158,0.9470000267028809,0.4749999940395355
YCL060C,YDR145W,1,1.3379483,0.16637416183948517,0.9480000138282776,0.4749999940395355
YCR031C,YNL145W,0,1.3378452,0.16634497046470642,0.9480000138282776,0.47510001063346863
YJL164C,YBL034C,0,1.3376741,0.16631579399108887,0.9480000138282776,0.47519999742507935
YER030W,YBR090C-A,1,1.3375655,0.1664620190858841,0.9490000009536743,0.47519999742507935
YGR055W,YOR098C,0,1.337019,0.16643282771110535,0.9490000009536743,0.47530001401901245
YMR220W,YNL159C,0,1.3364396,0.1664036512374878,0.9490000009536743,0.47540000081062317
YIL088C,YLR188W,0,1.3363922,0.16637447476387024,0.9490000009536743,0.4754999876022339
YLR284C,YER025W,0,1.3349724,0.16634531319141388,0.9490000009536743,0.475600004196167
YDL130W-A,YPL049C,0,1.3343396,0.16631615161895752,0.9490000009536743,0.4756999909877777
YPL010W,YCR012W,0,1.3343122,0.16628701984882355,0.9490000009536743,0.4758000075817108
YJR078W,YGR010W,0,1.3342631,0.16625788807868958,0.9490000009536743,0.47589999437332153
YGL211W,YDL189W,0,1.3342136,0.1662287563085556,0.9490000009536743,0.47600001096725464
YFR003C,YCR077C,0,1.3337014,0.16619965434074402,0.9490000009536743,0.47609999775886536
YGL028C,YNR070W,0,1.3331583,0.16617055237293243,0.9490000009536743,0.47620001435279846
YOR002W,YML028W,0,1.3328537,0.16614145040512085,0.9490000009536743,0.4763000011444092
YPL143W,YPL082C,0,1.332821,0.16611237823963165,0.9490000009536743,0.4763999879360199
YNL158W,YPL117C,0,1.3327539,0.16608330607414246,0.9490000009536743,0.476500004529953
YMR318C,YDL007W,0,1.3318647,0.16605424880981445,0.9490000009536743,0.4765999913215637
YCR055C,YFL004W,0,1.3317257,0.16602519154548645,0.9490000009536743,0.4767000079154968
YOR099W,YPR100W,0,1.3316342,0.16599614918231964,0.9490000009536743,0.47679999470710754
YDR361C,YER081W,0,1.3313158,0.16596712172031403,0.9490000009536743,0.47690001130104065
YHR101C,YIL072W,0,1.3307179,0.1659380942583084,0.9490000009536743,0.47699999809265137
YBR067C,YOR337W,0,1.3304807,0.16590909659862518,0.9490000009536743,0.4771000146865845
YGL211W,YKL006W,0,1.3300126,0.16588008403778076,0.9490000009536743,0.4772000014781952
YJL089W,YOR148C,0,1.3299003,0.16585110127925873,0.9490000009536743,0.4772999882698059
YMR165C,YIL177C,0,1.3298688,0.1658221185207367,0.9490000009536743,0.477400004863739
YER093C,YKL082C,0,1.3296733,0.16579315066337585,0.9490000009536743,0.47749999165534973
YMR285C,YGL186C,0,1.3288853,0.1657641977071762,0.9490000009536743,0.47760000824928284
YDR246W,YGR017W,0,1.3287493,0.16573524475097656,0.9490000009536743,0.47769999504089355
YMR232W,YDR285W,0,1.3286188,0.1657063066959381,0.9490000009536743,0.47780001163482666
YJL125C,YLR228C,0,1.3282421,0.16567736864089966,0.9490000009536743,0.4778999984264374
YER029C,YJR108W,0,1.327815,0.1656484603881836,0.9490000009536743,0.4779999852180481
YOR089C,YMR184W,0,1.3274665,0.16561955213546753,0.9490000009536743,0.4781000018119812
YNL038W,YFL018W-A,0,1.3271055,0.16559064388275146,0.9490000009536743,0.4781999886035919
YLR154W-C,YKL069W,0,1.3260305,0.1655617654323578,0.9490000009536743,0.478300005197525
YJR046W,YGR189C,0,1.3251977,0.1655328869819641,0.9490000009536743,0.47839999198913574
YPL145C,YLR088W,0,1.3250539,0.16550400853157043,0.9490000009536743,0.47850000858306885
YDR082W,YHL047C,0,1.3244693,0.16547515988349915,0.9490000009536743,0.47859999537467957
YJL011C,YJR001W,0,1.3243532,0.16544631123542786,0.9490000009536743,0.47870001196861267
YLR228C,YJL206C,0,1.3229294,0.16541746258735657,0.9490000009536743,0.4787999987602234
YPR048W,YGR010W,0,1.3228984,0.16538864374160767,0.9490000009536743,0.4788999855518341
YEL038W,YOL020W,0,1.3224454,0.16535982489585876,0.9490000009536743,0.4790000021457672
YNL078W,YPL104W,0,1.3217481,0.16533100605010986,0.9490000009536743,0.47909998893737793
YGL018C,YHR133C,0,1.3215408,0.16530221700668335,0.9490000009536743,0.47920000553131104
YGR029W,YOR179C,0,1.3213327,0.16527342796325684,0.9490000009536743,0.47929999232292175
YHL011C,YGR055W,0,1.3212209,0.16524463891983032,0.9490000009536743,0.47940000891685486
YKL168C,YOR250C,0,1.3205831,0.1652158796787262,0.9490000009536743,0.4794999957084656
YLR035C-A,YJL098W,0,1.3201184,0.16518712043762207,0.9490000009536743,0.4796000123023987
YGL103W,YCL043C,0,1.3200057,0.16515837609767914,0.9490000009536743,0.4796999990940094
YNL339C,YJL197W,0,1.3199533,0.1651296317577362,0.9490000009536743,0.4797999858856201
YBR058C-A,YMR226C,0,1.3191893,0.16510090231895447,0.9490000009536743,0.4799000024795532
YHR086W,YJL096W,0,1.3188224,0.16507218778133392,0.9490000009536743,0.47999998927116394
YBR085W,YDR472W,0,1.3188212,0.16504347324371338,0.9490000009536743,0.48010000586509705
YCL060C,YDL197C,1,1.3180346,0.16518867015838623,0.949999988079071,0.48010000586509705
YNR059W,YDR121W,0,1.3175509,0.1651599407196045,0.949999988079071,0.48019999265670776
YDR101C,YDL075W,0,1.316666,0.16513124108314514,0.949999988079071,0.48030000925064087
YPR196W,YGR113W,0,1.3166535,0.1651025414466858,0.949999988079071,0.4803999960422516
YCR038C,YHL035C,0,1.3162513,0.16507384181022644,0.949999988079071,0.4805000126361847
YDR261C,YLL043W,0,1.3161379,0.16504517197608948,0.949999988079071,0.4805999994277954
YBR272C,YBR173C,0,1.3161371,0.16501650214195251,0.949999988079071,0.48069998621940613
YKL130C,YCR047C,0,1.3149668,0.16498784720897675,0.949999988079071,0.48080000281333923
YBR150C,YMR240C,0,1.3148607,0.16495919227600098,0.949999988079071,0.48089998960494995
YNL073W,YIL156W,0,1.3146203,0.1649305522441864,0.949999988079071,0.48100000619888306
YLR181C,YLR450W,0,1.3139261,0.16490192711353302,0.949999988079071,0.4810999929904938
YGR014W,YER089C,0,1.3132555,0.16487330198287964,0.949999988079071,0.4812000095844269
YKL099C,YEL056W,0,1.3130358,0.16484469175338745,0.949999988079071,0.4812999963760376
YML063W,YGL085W,0,1.3126394,0.16481609642505646,0.949999988079071,0.4814000129699707
YDL205C,YOR384W,0,1.3125478,0.16478751599788666,0.949999988079071,0.4814999997615814
YLR020C,YLR301W,0,1.3124243,0.16475893557071686,0.949999988079071,0.48159998655319214
YMR017W,YML091C,0,1.312334,0.16473035514354706,0.949999988079071,0.48170000314712524
YER038C,YBR031W,0,1.3121685,0.16470180451869965,0.949999988079071,0.48179998993873596
YLR154W-A,YHR051W,0,1.3116087,0.16467325389385223,0.949999988079071,0.48190000653266907
YML132W,YPL138C,0,1.3109047,0.16464471817016602,0.949999988079071,0.4819999933242798
YEL037C,YGL076C,0,1.3106575,0.1646161824464798,0.949999988079071,0.4821000099182129
YIL173W,YPL252C,0,1.310284,0.16458766162395477,0.949999988079071,0.4821999967098236
YJL030W,YMR045C,0,1.3102337,0.16455915570259094,0.949999988079071,0.4823000133037567
YNL023C,YPL215W,0,1.3100414,0.1645306497812271,0.949999988079071,0.48240000009536743
YOL052C-A,YNL153C,0,1.3097284,0.16450215876102448,0.949999988079071,0.48249998688697815
YMR099C,YDL022W,0,1.3094107,0.16447368264198303,0.949999988079071,0.48260000348091125
YAR044W,YDR323C,0,1.3088293,0.1644452065229416,0.949999988079071,0.482699990272522
YBR296C,YML013W,0,1.3085971,0.16441676020622253,0.949999988079071,0.4828000068664551
YER109C,YLR098C,0,1.3084366,0.16438829898834229,0.949999988079071,0.4828999936580658
YDL166C,YDL204W,0,1.3083777,0.16435986757278442,0.949999988079071,0.4830000102519989
YEL044W,YMR045C,0,1.3078221,0.16433143615722656,0.949999988079071,0.4830999970436096
YOR278W,YJR054W,0,1.3070583,0.1643030047416687,0.949999988079071,0.4832000136375427
YMR034C,YMR287C,0,1.3067343,0.16427460312843323,0.949999988079071,0.48330000042915344
YDL080C,YGR263C,0,1.3066695,0.16424620151519775,0.949999988079071,0.48339998722076416
YGR031C-A,YMR235C,0,1.3066216,0.16421779990196228,0.949999988079071,0.48350000381469727
YGR031C-A,YHR156C,0,1.3066097,0.1641894280910492,0.949999988079071,0.483599990606308
YNL297C,YOL086W-A,0,1.3065894,0.1641610562801361,0.949999988079071,0.4837000072002411
YLR411W,YGR031C-A,0,1.3065244,0.16413268446922302,0.949999988079071,0.4837999939918518
YDL099W,YJL044C,0,1.3063624,0.16410434246063232,0.949999988079071,0.4839000105857849
YGR254W,YMR226C,0,1.3059561,0.16407600045204163,0.949999988079071,0.48399999737739563
YDR329C,YNL239W,0,1.3058531,0.16404765844345093,0.949999988079071,0.48410001397132874
YJR153W,YGR031C-A,0,1.3058289,0.16401933133602142,0.949999988079071,0.48420000076293945
YNL054W-A,YDR381W,0,1.3056868,0.1639910191297531,0.949999988079071,0.48429998755455017
YHR153C,YHR214C-C,0,1.305648,0.163962721824646,0.949999988079071,0.4844000041484833
YOL055C,YOR142W-B,0,1.305629,0.16393442451953888,0.949999988079071,0.484499990940094
YLR060W,YDR365W-A,0,1.3056126,0.16390614211559296,0.949999988079071,0.4846000075340271
YGR005C,YPR158W-B,0,1.3055999,0.16387787461280823,0.949999988079071,0.4846999943256378
YJR050W,YOR343W-B,0,1.3055427,0.1638496071100235,0.949999988079071,0.4848000109195709
YGR031C-A,YKL110C,0,1.3055301,0.16382135450839996,0.949999988079071,0.48489999771118164
YJL157C,YPL198W,0,1.30511,0.16379310190677643,0.949999988079071,0.48500001430511475
YNR013C,YPL257W-A,0,1.3047822,0.1637648642063141,0.949999988079071,0.48510000109672546
YJL170C,YPL042C,0,1.304725,0.16373664140701294,0.949999988079071,0.4851999878883362
YLR410W-A,YMR213W,0,1.304374,0.16370843350887299,0.949999988079071,0.4853000044822693
YGR077C,YPL257W-A,0,1.3037349,0.16368022561073303,0.949999988079071,0.48539999127388
YPR017C,YPL093W,0,1.3036538,0.16365201771259308,0.949999988079071,0.4855000078678131
YOR304C-A,YPR137C-A,0,1.3035449,0.1636238396167755,0.949999988079071,0.48559999465942383
YCL060C,YML127W,1,1.3035104,0.16376785933971405,0.9509999752044678,0.48559999465942383
YDR487C,YLR223C,0,1.3033574,0.1637396663427353,0.9509999752044678,0.48570001125335693
YFR021W,YOR106W,0,1.3028398,0.16371148824691772,0.9509999752044678,0.48579999804496765
YER137C-A,YNL127W,0,1.3028198,0.16368331015110016,0.9509999752044678,0.48590001463890076
YDR025W,YLR256W-A,0,1.3026639,0.1636551320552826,0.9509999752044678,0.4860000014305115
YJL155C,YLR019W,0,1.3024089,0.16362698376178741,0.9509999752044678,0.4860999882221222
YDR098C-B,YKL141W,0,1.3019215,0.16359883546829224,0.9509999752044678,0.4862000048160553
YJL062W-A,YOR327C,0,1.3018837,0.16357068717479706,0.9509999752044678,0.486299991607666
YDR210W-B,YPL076W,0,1.3013705,0.16354256868362427,0.9509999752044678,0.4864000082015991
YDR098C-B,YNL208W,0,1.3012468,0.16351445019245148,0.9509999752044678,0.48649999499320984
YIL108W,YBR233W-A,0,1.3001033,0.1634863317012787,0.9509999752044678,0.48660001158714294
YNL190W,YOR240W,0,1.3001033,0.1634582281112671,0.9509999752044678,0.48669999837875366
YFL054C,YJL062W-A,0,1.3001033,0.1634301394224167,0.9509999752044678,0.4867999851703644
YPR156C,YDR014W-A,0,1.3001033,0.16340206563472748,0.9509999752044678,0.4869000017642975
YAL021C,YDR381C-A,0,1.3001033,0.16337399184703827,0.9509999752044678,0.4869999885559082
YPL167C,YBL101W-A,0,1.3001033,0.16334593296051025,0.9509999752044678,0.4871000051498413
YDR210W-C,YER171W,0,1.3001033,0.16331787407398224,0.9509999752044678,0.487199991941452
YER159C-A,YPL096C-A,0,1.3001033,0.16328983008861542,0.9509999752044678,0.48730000853538513
YIL006W,YNL284C-A,0,1.3001033,0.1632618010044098,0.9509999752044678,0.48739999532699585
YLL038C,YDR210W-C,0,1.3001033,0.16323378682136536,0.9509999752044678,0.48750001192092896
YDR014W-A,YDR256C,0,1.3001033,0.16320577263832092,0.9509999752044678,0.4875999987125397
YDR381C-A,YGR205W,0,1.3001033,0.1631777584552765,0.9509999752044678,0.4876999855041504
YJR089W,YOR343W-B,0,1.3001033,0.16314977407455444,0.9509999752044678,0.4878000020980835
YDR014W-A,YLR037C,0,1.3001033,0.1631217896938324,0.9509999752044678,0.4878999888896942
YJR048W,YOR343C-A,0,1.3001033,0.16309380531311035,0.9509999752044678,0.4880000054836273
YBL029C-A,YHR052W,0,1.3001033,0.1630658507347107,0.9509999752044678,0.48809999227523804
YAR070W-A,YKL041W,0,1.3001033,0.16303788125514984,0.9509999752044678,0.48820000886917114
YDR316W-A,YCR080W,0,1.3001033,0.16300994157791138,0.9509999752044678,0.48829999566078186
YOR124C,YML045W-A,0,1.3001033,0.1629820019006729,0.9509999752044678,0.48840001225471497
YKL117W,YHR214W-G,0,1.3001033,0.16295407712459564,0.9509999752044678,0.4884999990463257
YNR001C,YBR200W-A,0,1.3001033,0.16292616724967957,0.9509999752044678,0.4885999858379364
YOR283W,YKL199C,0,1.3001033,0.1628982573747635,0.9509999752044678,0.4887000024318695
YDR210W-C,YBL005W,0,1.3001033,0.1628703474998474,0.9509999752044678,0.4887999892234802
YBR241C,YFL035C-B,0,1.3001033,0.16284246742725372,0.9509999752044678,0.48890000581741333
YLR312C-B,YPL150W,0,1.3001033,0.16281458735466003,0.9509999752044678,0.48899999260902405
YDL060W,YDR014W-A,0,1.3001033,0.16278672218322754,0.9509999752044678,0.48910000920295715
YDR381C-A,YJL112W,0,1.3001033,0.16275885701179504,0.9509999752044678,0.48919999599456787
YDR210W-C,YOR221C,0,1.3001033,0.16273100674152374,0.9509999752044678,0.489300012588501
YNL054W-B,YKL138C-A,0,1.3001033,0.16270317137241364,0.9509999752044678,0.4893999993801117
YMR262W,YDL038C,0,1.3001033,0.16267533600330353,0.9509999752044678,0.4894999861717224
YDR218C,YNL284C-A,0,1.3001033,0.16264751553535461,0.9509999752044678,0.4896000027656555
YGR254W,YBL101W-B,0,1.3001033,0.1626196950674057,0.9509999752044678,0.48969998955726624
YIL139C,YER053C-A,0,1.3001033,0.16259188950061798,0.9509999752044678,0.48980000615119934
YDR341C,YAR044W,0,1.3001033,0.16256409883499146,0.9509999752044678,0.48989999294281006
YDR381C-A,YOR228C,0,1.3001033,0.16253632307052612,0.9509999752044678,0.49000000953674316
YMR136W,YBL101W-B,0,1.3001033,0.1625085473060608,0.9509999752044678,0.4900999963283539
YGR031C-A,YDL144C,0,1.3001033,0.16248078644275665,0.9509999752044678,0.490200012922287
YCR026C,YBR200W-A,0,1.3001033,0.16245302557945251,0.9509999752044678,0.4902999997138977
YBL079W,YGL258W-A,0,1.3001033,0.16242527961730957,0.9509999752044678,0.4903999865055084
YGL136C,YGL258W-A,0,1.3001033,0.16239753365516663,0.9509999752044678,0.49050000309944153
YOR078W,YBL101W-B,0,1.3001033,0.16236981749534607,0.9509999752044678,0.49059998989105225
YLR283W,YNL138W-A,0,1.3001033,0.1623421013355255,0.9509999752044678,0.49070000648498535
YGR031C-A,YER053C-A,0,1.3001033,0.16231438517570496,0.9509999752044678,0.49079999327659607
YJR120W,YFL035C-B,0,1.3001033,0.1622866839170456,0.9509999752044678,0.4909000098705292
YNL284C-A,YHR058C,0,1.3001033,0.16225899755954742,0.9509999752044678,0.4909999966621399
YDR242W,YHR214W-G,0,1.3001033,0.16223132610321045,0.9509999752044678,0.491100013256073
YKL005C,YJL133C-A,0,1.3001033,0.16220365464687347,0.9509999752044678,0.4912000000476837
YPR158C-D,YER108C,0,1.3001033,0.1621759831905365,0.9509999752044678,0.49129998683929443
YJL065C,YDR381C-A,0,1.3001033,0.1621483415365219,0.9509999752044678,0.49140000343322754
YNL010W,YGR272C,0,1.3001033,0.16212069988250732,0.9509999752044678,0.49149999022483826
YJR158W,YNL284C-A,0,1.3001033,0.16209305822849274,0.9509999752044678,0.49160000681877136
YBL101W-A,YPR158W-B,0,1.3001033,0.16206544637680054,0.9509999752044678,0.4916999936103821
YDL033C,YJL133C-A,0,1.3001033,0.16203781962394714,0.9509999752044678,0.4918000102043152
YOR322C,YCL048W-A,0,1.3001033,0.16201022267341614,0.9509999752044678,0.4918999969959259
YKL033W,YBL101W-B,0,1.3001033,0.16198262572288513,0.9509999752044678,0.492000013589859
YML045W-A,YKL150W,0,1.3001033,0.16195504367351532,0.9509999752044678,0.4921000003814697
YMR130W,YFL035C-A,0,1.3001033,0.1619274616241455,0.9509999752044678,0.49219998717308044
YPR128C,YBR200W-A,0,1.3001033,0.1618998944759369,0.9509999752044678,0.49230000376701355
YAR070W-A,YPR128C,0,1.3001033,0.16187234222888947,0.9509999752044678,0.49239999055862427
YGR001C,YHR039C-B,0,1.3001033,0.16184478998184204,0.9509999752044678,0.4925000071525574
YBR200W-A,YDL115C,0,1.3001033,0.1618172526359558,0.9509999752044678,0.4925999939441681
YDR359C,YGL258W-A,0,1.3001033,0.16178973019123077,0.9509999752044678,0.4927000105381012
YER020W,YDR381C-A,0,1.3001033,0.16176220774650574,0.9509999752044678,0.4927999973297119
YBR297W,YDR210W-C,0,1.3001033,0.1617347002029419,0.9509999752044678,0.492900013923645
YGR123C,YBL029C-A,0,1.3001033,0.16170719265937805,0.9509999752044678,0.49300000071525574
YLR312C-B,YDR210W-B,0,1.3001033,0.1616797000169754,0.9509999752044678,0.49309998750686646
YML045W-A,YBL080C,0,1.3001033,0.16165222227573395,0.9509999752044678,0.49320000410079956
YAR070W-A,YPR070W,0,1.3001033,0.1616247445344925,0.9509999752044678,0.4932999908924103
YOR356W,YCL048W-A,0,1.3001033,0.16159728169441223,0.9509999752044678,0.4934000074863434
YDL006W,YCL048W-A,0,1.3001033,0.16156983375549316,0.9509999752044678,0.4934999942779541
YLL011W,YBL101W-B,0,1.3001033,0.1615423858165741,0.9509999752044678,0.4936000108718872
YAR009C,YBR058C-A,0,1.3001033,0.16151495277881622,0.9509999752044678,0.4936999976634979
YDL054C,YAR070W-A,0,1.3001033,0.16148751974105835,0.9509999752044678,0.49380001425743103
YDR316W-A,YJR089W,0,1.3001033,0.16146010160446167,0.9509999752044678,0.49390000104904175
YMR020W,YGL258W-A,0,1.3001033,0.16143269836902618,0.9509999752044678,0.49399998784065247
YFL002W-B,YBL029C-A,0,1.3001033,0.1614052951335907,0.9509999752044678,0.49410000443458557
YER053C-A,YML076C,0,1.3001033,0.1613779067993164,0.9509999752044678,0.4941999912261963
YLR154W-C,YPR096C,0,1.3001033,0.1613505333662033,0.9509999752044678,0.4943000078201294
YPR196W,YGL046W,0,1.3001033,0.1613231599330902,0.9509999752044678,0.4943999946117401
YFR032C-A,YBL101W-B,0,1.3001033,0.1612957864999771,0.9509999752044678,0.4945000112056732
YMR208W,YGL258W-A,0,1.3001033,0.1612684428691864,0.9509999752044678,0.49459999799728394
YJL133C-A,YMR100W,0,1.3001033,0.1612410992383957,0.9509999752044678,0.49470001459121704
YLL017W,YFL035C,0,1.3001033,0.16121377050876617,0.9509999752044678,0.49480000138282776
YJL133C-A,YLR120C,0,1.3001033,0.16118644177913666,0.9509999752044678,0.4948999881744385
YBL101W-A,YML073C,0,1.3001033,0.16115912795066833,0.9509999752044678,0.4950000047683716
YIR002C,YCL048W-A,0,1.3001033,0.1611318141222,0.9509999752044678,0.4950999915599823
YML045W-A,YBR084W,0,1.3001033,0.16110453009605408,0.9509999752044678,0.4952000081539154
YDL154W,YCL048W-A,0,1.3001033,0.16107723116874695,0.9509999752044678,0.4952999949455261
YBL101W-A,YOR250C,0,1.3001033,0.1610499620437622,0.9509999752044678,0.49540001153945923
YMR109W,YNL284C-A,0,1.3001033,0.16102269291877747,0.9509999752044678,0.49549999833106995
YGR026W,YNL138W-A,0,1.3001033,0.16099542379379272,0.9509999752044678,0.49559998512268066
YBR287W,YGR272C,0,1.3001033,0.16096818447113037,0.9509999752044678,0.49570000171661377
YBR241C,YDR381C-A,0,1.3001033,0.16094093024730682,0.9509999752044678,0.4957999885082245
YCR080W,YPR097W,0,1.3001033,0.16091370582580566,0.9509999752044678,0.4959000051021576
YKL116C,YCL048W-A,0,1.3001033,0.1608864814043045,0.9509999752044678,0.4959999918937683
YIL036W,YCL048W-A,0,1.3001033,0.16085927188396454,0.9509999752044678,0.4961000084877014
YDL111C,YNL284C-A,0,1.3001033,0.16083206236362457,0.9509999752044678,0.49619999527931213
YGR061C,YGR027W-B,0,1.3001033,0.1608048677444458,0.9509999752044678,0.49630001187324524
YNL054W-A,YNR071C,0,1.3001033,0.16077768802642822,0.9509999752044678,0.49639999866485596
YDR210W-C,YOR177C,0,1.3001033,0.16075050830841064,0.9509999752044678,0.4964999854564667
YDR524C,YDR210W-C,0,1.3001033,0.16072334349155426,0.9509999752044678,0.4966000020503998
YDL206W,YJL133C-A,0,1.3001033,0.16069617867469788,0.9509999752044678,0.4966999888420105
YBL029C-A,YJR036C,0,1.3001033,0.16066902875900269,0.9509999752044678,0.4968000054359436
YJL133C-A,YCR009C,0,1.3001033,0.1606418937444687,0.9509999752044678,0.4968999922275543
YAR070W-A,YDL035C,0,1.3001033,0.1606147587299347,0.9509999752044678,0.4970000088214874
YLR451W,YDR210W-C,0,1.3001033,0.1605876386165619,0.9509999752044678,0.49709999561309814
YMR298W,YDR014W-A,0,1.3001033,0.16056053340435028,0.9509999752044678,0.49720001220703125
YHR080C,YKL199C,0,1.3001033,0.16053342819213867,0.9509999752044678,0.49729999899864197
YGL147C,YBR200W-A,0,1.3001033,0.16050632297992706,0.9509999752044678,0.4973999857902527
YKL016C,YBL101W-B,0,1.3001033,0.16047924757003784,0.9509999752044678,0.4975000023841858
YDR014W-A,YDR337W,0,1.3001033,0.16045217216014862,0.9509999752044678,0.4975999891757965
YER053C-A,YDR323C,0,1.3001033,0.1604250967502594,0.9509999752044678,0.4977000057697296
YOR343C-A,YOR151C,0,1.3001033,0.16039803624153137,0.9509999752044678,0.49779999256134033
YML045W-A,YOL152W,0,1.3001033,0.16037099063396454,0.9509999752044678,0.49790000915527344
YPR198W,YML045W-A,0,1.3001033,0.1603439599275589,0.9509999752044678,0.49799999594688416
YJL181W,YKL199C,0,1.3001033,0.16031692922115326,0.9509999752044678,0.49810001254081726
YJL133C-A,YOL040C,0,1.3001033,0.16028989851474762,0.9509999752044678,0.498199999332428
YHL036W,YBR222C,0,1.2998118,0.16026289761066437,0.9509999752044678,0.4982999861240387
YKR088C,YMR184W,0,1.2995157,0.16023588180541992,0.9509999752044678,0.4984000027179718
YOR374W,YLL048C,0,1.2986566,0.16020889580249786,0.9509999752044678,0.4984999895095825
YMR169C,YDR365W-A,0,1.2985187,0.1601819097995758,0.9509999752044678,0.4986000061035156
YMR122W-A,YDR472W,0,1.298481,0.16015493869781494,0.9509999752044678,0.49869999289512634
YHL011C,YBR005W,0,1.2979989,0.16012796759605408,0.9509999752044678,0.49880000948905945
YOR090C,YHR114W,0,1.2978568,0.1601010113954544,0.9509999752044678,0.49889999628067017
YCR081W,YDR270W,0,1.2975835,0.16007405519485474,0.9509999752044678,0.49900001287460327
YBR048W,YDR026C,0,1.2974502,0.16004712879657745,0.9509999752044678,0.499099999666214
YOL165C,YNR048W,0,1.2973434,0.16002018749713898,0.9509999752044678,0.4991999864578247
YOL038W,YDL091C,0,1.2972262,0.1599932760000229,0.9509999752044678,0.4993000030517578
YHR214C-C,YDR069C,0,1.2972031,0.1599663645029068,0.9509999752044678,0.49939998984336853
YPL147W,YDR316W-B,0,1.2969105,0.1599394530057907,0.9509999752044678,0.49950000643730164
YGR118W,YGR222W,0,1.2966295,0.15991255640983582,0.9509999752044678,0.49959999322891235
YMR038C,YJL021C,0,1.2965422,0.15988567471504211,0.9509999752044678,0.49970000982284546
YOR391C,YJL103C,0,1.2965281,0.1598587930202484,0.9509999752044678,0.4997999966144562
YGL212W,YER137C-A,0,1.2961657,0.1598319262266159,0.9509999752044678,0.4999000132083893
YCR097WB,YDR040C,0,1.2959235,0.1598050743341446,0.9509999752044678,0.5
YLR121C,YBR058C,0,1.2955974,0.15977822244167328,0.9509999752044678,0.5001000165939331
YOR380W,YLL018C-A,0,1.29557,0.15975138545036316,0.9509999752044678,0.5001999735832214
YGR202C,YJL044C,0,1.295562,0.15972454845905304,0.9509999752044678,0.5002999901771545
YDR350C,YDR032C,0,1.2954274,0.1596977263689041,0.9509999752044678,0.5004000067710876
YBR060C,YOR304W,1,1.2950099,0.15983881056308746,0.9520000219345093,0.5004000067710876
YDR071C,YBR089C-A,1,1.2947458,0.15997985005378723,0.953000009059906,0.5004000067710876
YOR343W-B,YGR253C,0,1.2946916,0.15995299816131592,0.953000009059906,0.5005000233650208
YKL132C,YNR047W,0,1.2944843,0.1599261611700058,0.953000009059906,0.5005999803543091
YOR230W,YGL046W,0,1.2942854,0.15989932417869568,0.953000009059906,0.5006999969482422
YNL054W-A,YPL218W,0,1.2939407,0.15987250208854675,0.953000009059906,0.5008000135421753
YKL198C,YDR532C,0,1.2938304,0.15984569489955902,0.953000009059906,0.5008999705314636
YAL054C,YDR478W,0,1.293747,0.1598188877105713,0.953000009059906,0.5009999871253967
YHR120W,YNL145W,0,1.2934446,0.15979208052158356,0.953000009059906,0.5011000037193298
YHR210C,YER112W,0,1.2933227,0.1597653031349182,0.953000009059906,0.5012000203132629
YDR067C,YGR276C,0,1.2933118,0.15973851084709167,0.953000009059906,0.5012999773025513
YGL089C,YKL189W,0,1.2931799,0.15971174836158752,0.953000009059906,0.5013999938964844
YGR161W-B,YGL196W,0,1.2930537,0.15968498587608337,0.953000009059906,0.5015000104904175
YFL002W-B,YGL073W,0,1.2925925,0.15965823829174042,0.953000009059906,0.5016000270843506
YLR099C,YCL067C,0,1.2922945,0.15963149070739746,0.953000009059906,0.5016999840736389
YDR022C,YPL257W-A,0,1.2922894,0.1596047580242157,0.953000009059906,0.501800000667572
YOL109W,YKL200C,0,1.2918739,0.15957802534103394,0.953000009059906,0.5019000172615051
YGL010W,YNL020C,0,1.2917899,0.15955130755901337,0.953000009059906,0.5019999742507935
YJL183W,YNL307C,0,1.2916977,0.159524604678154,0.953000009059906,0.5020999908447266
YHL009W-B,YDR050C,0,1.291563,0.15949790179729462,0.953000009059906,0.5022000074386597
YPL127C,YPL129W,1,1.2913854,0.15963855385780334,0.9539999961853027,0.5022000074386597
YDR047W,YER112W,0,1.2913291,0.15961185097694397,0.9539999961853027,0.5023000240325928
YDR316W-A,YKL217W,0,1.2909167,0.1595851480960846,0.9539999961853027,0.5023999810218811
YDR373W,YBL051C,0,1.290884,0.1595584601163864,0.9539999961853027,0.5024999976158142
YPL202C,YDR252W,0,1.2907984,0.15953177213668823,0.9539999961853027,0.5026000142097473
YPR200C,YDR435C,0,1.2905712,0.15950509905815125,0.9539999961853027,0.5026999711990356
YJR147W,YJL125C,0,1.2900038,0.15947844088077545,0.9539999961853027,0.5027999877929688
YJL181W,YIR012W,0,1.2897434,0.15945178270339966,0.9539999961853027,0.5029000043869019
YHR017W,YJL106W,0,1.2892814,0.15942513942718506,0.9539999961853027,0.503000020980835
YNL259C,YKR055W,0,1.2892524,0.15939849615097046,0.9539999961853027,0.5030999779701233
YDR045C,YLR312W-A,0,1.2886087,0.15937186777591705,0.9539999961853027,0.5031999945640564
YIL153W,YOR067C,0,1.2883036,0.15934525430202484,0.9539999961853027,0.5033000111579895
YLR410W-B,YJL045W,0,1.2872665,0.15931864082813263,0.9539999961853027,0.5034000277519226
YHR210C,YNL258C,0,1.2871965,0.1592920422554016,0.9539999961853027,0.5034999847412109
YLR324W,YBR158W,0,1.2870646,0.1592654436826706,0.9539999961853027,0.503600001335144
YGL003C,YLR096W,0,1.2867041,0.15923886001110077,0.9539999961853027,0.5037000179290771
YGL049C,YKR014C,0,1.2863309,0.15921227633953094,0.9539999961853027,0.5037999749183655
YDL170W,YGR254W,0,1.2853262,0.1591857224702835,0.9539999961853027,0.5038999915122986
YAL033W,YGL064C,0,1.2851447,0.15915915369987488,0.9539999961853027,0.5040000081062317
YBR020W,YBR023C,0,1.2850983,0.15913261473178864,0.9539999961853027,0.5041000247001648
YBR287W,YGR109W-A,0,1.2847369,0.1591060757637024,0.9539999961853027,0.5041999816894531
YNL314W,YGR031C-A,0,1.284388,0.15907953679561615,0.9539999961853027,0.5042999982833862
YDR210C-D,YAL043C,0,1.2842274,0.1590530127286911,0.9539999961853027,0.5044000148773193
YGL249W,YGR084C,0,1.2839972,0.15902650356292725,0.9539999961853027,0.5044999718666077
YHR133C,YBR264C,0,1.2838738,0.1589999943971634,0.9539999961853027,0.5045999884605408
YOR047C,YDR306C,0,1.2837157,0.15897350013256073,0.9539999961853027,0.5047000050544739
YNL284C-B,YLL013C,0,1.283474,0.15894702076911926,0.9539999961853027,0.504800021648407
YER101C,YGR109W-A,0,1.2829741,0.1589205414056778,0.9539999961853027,0.5048999786376953
YPL095C,YDR472W,0,1.2828938,0.15889407694339752,0.9539999961853027,0.5049999952316284
YJL219W,YER060W-A,0,1.2827821,0.15886761248111725,0.9539999961853027,0.5051000118255615
YDR479C,YPR037C,0,1.2820497,0.15884116291999817,0.9539999961853027,0.5052000284194946
YFL011W,YOR168W,0,1.2814748,0.1588147133588791,0.9539999961853027,0.505299985408783
YOL071W,YNL145W,0,1.2814306,0.1587882786989212,0.9539999961853027,0.5054000020027161
YDR376W,YJR013W,0,1.2813957,0.1587618589401245,0.9539999961853027,0.5055000185966492
YGR161W-B,YNR044W,0,1.2813035,0.15873543918132782,0.9539999961853027,0.5055999755859375
YMR076C,YOR253W,0,1.2809924,0.15870903432369232,0.9539999961853027,0.5056999921798706
YNL231C,YDR261W-A,0,1.2803899,0.15868262946605682,0.9539999961853027,0.5058000087738037
YER176W,YPL013C,0,1.2801871,0.15865623950958252,0.9539999961853027,0.5059000253677368
YJL117W,YDR316W-B,0,1.2790018,0.1586298644542694,0.9539999961853027,0.5059999823570251
YNL307C,YKR058W,0,1.2788984,0.1586034893989563,0.9539999961853027,0.5060999989509583
YOL102C,YDR092W,0,1.2788545,0.15857712924480438,0.9539999961853027,0.5062000155448914
YER180C,YBR243C,0,1.2787479,0.15855076909065247,0.9539999961853027,0.5062999725341797
YOR063W,YML080W,0,1.2782993,0.15852442383766174,0.9539999961853027,0.5063999891281128
YDR210C-D,YFR008W,0,1.2782223,0.15849809348583221,0.9539999961853027,0.5065000057220459
YBL091C-A,YDL082W,0,1.2774234,0.15847176313400269,0.9539999961853027,0.506600022315979
YDL175C,YOR377W,0,1.2772717,0.15844544768333435,0.9539999961853027,0.5066999793052673
YBR006W,YDR034C-C,0,1.2772571,0.15841913223266602,0.9539999961853027,0.5067999958992004
YDL133C-A,YCL047C,0,1.2771763,0.15839283168315887,0.9539999961853027,0.5069000124931335
YNL054W-A,YEL002C,0,1.2769973,0.15836653113365173,0.9539999961853027,0.5070000290870667
YGR007W,YLR404W,0,1.2769792,0.1583402454853058,0.9539999961853027,0.507099986076355
YDR075W,YLR410W-A,0,1.2768626,0.15831397473812103,0.9539999961853027,0.5072000026702881
YDR422C,YKL161C,0,1.2767614,0.15828770399093628,0.9539999961853027,0.5073000192642212
YPL131W,YBR015C,0,1.2761261,0.15826144814491272,0.9539999961853027,0.5073999762535095
YIL098C,YER159C-A,0,1.2759392,0.15823519229888916,0.9539999961853027,0.5074999928474426
YHR076W,YDR178W,0,1.2757254,0.1582089513540268,0.9539999961853027,0.5076000094413757
YNL044W,YML013W,0,1.2752247,0.15818272531032562,0.9539999961853027,0.5077000260353088
YDL189W,YDR531W,0,1.2751019,0.15815649926662445,0.9539999961853027,0.5077999830245972
YOL072W,YPL183C,0,1.275045,0.15813028812408447,0.9539999961853027,0.5078999996185303
YGL098W,YER087C-A,0,1.274197,0.1581040769815445,0.9539999961853027,0.5080000162124634
YBR181C,YML077W,0,1.2736455,0.1580778807401657,0.9539999961853027,0.5080999732017517
YDR005C,YGL005C,0,1.2731651,0.15805168449878693,0.9539999961853027,0.5081999897956848
YLR425W,YJL098W,0,1.2731354,0.15802550315856934,0.9539999961853027,0.5083000063896179
YKL005C,YLR404W,0,1.2728215,0.15799933671951294,0.9539999961853027,0.508400022983551
YOR299W,YGR109W-A,0,1.2723379,0.15797317028045654,0.9539999961853027,0.5084999799728394
YGR032W,YJL053W,0,1.2722243,0.15794701874256134,0.9539999961853027,0.5085999965667725
YOR209C,YBR090C-A,1,1.2721273,0.1580864042043686,0.9549999833106995,0.5085999965667725
YKL087C,YDR146C,0,1.271707,0.1580602377653122,0.9549999833106995,0.5087000131607056
YKL043W,YGR060W,0,1.2712227,0.158034086227417,0.9549999833106995,0.5088000297546387
YOL030W,YDL060W,0,1.2710712,0.1580079346895218,0.9549999833106995,0.508899986743927
YLR256W-A,YBL028C,0,1.2709463,0.15798179805278778,0.9549999833106995,0.5090000033378601
YER091C,YOR343W-A,0,1.270916,0.15795567631721497,0.9549999833106995,0.5091000199317932
YOR319W,YDR158W,0,1.2704626,0.15792955458164215,0.9549999833106995,0.5091999769210815
YER137C-A,YIL002C,0,1.2696786,0.15790343284606934,0.9549999833106995,0.5092999935150146
YBL063W,YPL078C,0,1.2691725,0.1578773409128189,0.9549999833106995,0.5094000101089478
YNL298W,YDR434W,0,1.2688582,0.1578512340784073,0.9549999833106995,0.5095000267028809
YNL335W,YFL056C,0,1.2684392,0.15782515704631805,0.9549999833106995,0.5095999836921692
YJL162C,YHR039C-B,0,1.267587,0.15779908001422882,0.9549999833106995,0.5097000002861023
YGL183C,YDR098C-A,0,1.2671485,0.1577730029821396,0.9549999833106995,0.5098000168800354
YKL034W,YDR098C-A,0,1.2670112,0.15774694085121155,0.9549999833106995,0.5098999738693237
YJR022W,YGR031C-A,0,1.2668675,0.1577208936214447,0.9549999833106995,0.5099999904632568
YGR077C,YBR049C,0,1.2667488,0.15769484639167786,0.9549999833106995,0.5101000070571899
YDR342C,YOR142W-B,0,1.2666488,0.1576688140630722,0.9549999833106995,0.510200023651123
YDR345C,YBL080C,0,1.2663395,0.15764278173446655,0.9549999833106995,0.5102999806404114
YPL231W,YJL094C,0,1.2661879,0.1576167643070221,0.9549999833106995,0.5103999972343445
YGL173C,YOR270C,0,1.2657138,0.15759076178073883,0.9549999833106995,0.5105000138282776
YIL078W,YDR170W-A,0,1.2653928,0.15756475925445557,0.9549999833106995,0.5105999708175659
YGR124W,YPR096C,0,1.2652396,0.1575387716293335,0.9549999833106995,0.510699987411499
YPR137C-A,YLR270W,0,1.2650108,0.15751278400421143,0.9549999833106995,0.5108000040054321
YJL190C,YDR098C-A,0,1.264524,0.15748681128025055,0.9549999833106995,0.5109000205993652
YMR115W,YFR024C-A,0,1.2643954,0.15746083855628967,0.9549999833106995,0.5109999775886536
YDR098C,YNL138W,0,1.2643936,0.15743488073349,0.9549999833106995,0.5110999941825867
YBR086C,YLL002W,0,1.2642444,0.1574089378118515,0.9549999833106995,0.5112000107765198
YOR067C,YDR316W-B,0,1.2639836,0.157382994890213,0.9549999833106995,0.5113000273704529
YDR536W,YLL027W,0,1.2631888,0.15735706686973572,0.9549999833106995,0.5113999843597412
YJL056C,YGR109W-A,0,1.2631505,0.15733113884925842,0.9549999833106995,0.5115000009536743
YEL062W,YDL040C,0,1.2629828,0.15730522572994232,0.9549999833106995,0.5116000175476074
YDR189W,YEL052W,0,1.2626939,0.15727931261062622,0.9549999833106995,0.5116999745368958
YEL051W,YIL048W,0,1.2626511,0.1572534143924713,0.9549999833106995,0.5117999911308289
YDR210C-D,YCR091W,0,1.2624588,0.1572275310754776,0.9549999833106995,0.511900007724762
YPL099C,YIL134W,0,1.2623134,0.1572016477584839,0.9549999833106995,0.5120000243186951
YPL131W,YMR017W,0,1.262017,0.15717577934265137,0.9549999833106995,0.5120999813079834
YKL181W,YNL054W-B,0,1.261183,0.15714991092681885,0.9549999833106995,0.5121999979019165
YDL102W,YOR219C,0,1.2611076,0.15712405741214752,0.9549999833106995,0.5123000144958496
YJL094C,YOL124C,0,1.2610856,0.1570982038974762,0.9549999833106995,0.5123999714851379
YGR036C,YIL009W,0,1.2607588,0.15707236528396606,0.9549999833106995,0.512499988079071
YMR301C,YKL174C,0,1.2605441,0.15704654157161713,0.9549999833106995,0.5126000046730042
YJL095W,YOR142W-A,0,1.2603271,0.1570207178592682,0.9549999833106995,0.5127000212669373
YLR227W-B,YPR100W,0,1.259661,0.15699490904808044,0.9549999833106995,0.5127999782562256
YGR124W,YNL096C,0,1.2595143,0.1569691002368927,0.9549999833106995,0.5128999948501587
YPL257W-B,YJR126C,0,1.2594752,0.15694330632686615,0.9549999833106995,0.5130000114440918
YOR176W,YDR122W,0,1.2593044,0.1569175124168396,0.9549999833106995,0.5131000280380249
YML113W,YPL183W-A,0,1.25912,0.15689173340797424,0.9549999833106995,0.5131999850273132
YKL026C,YBL005W-B,0,1.2590729,0.15686596930027008,0.9549999833106995,0.5133000016212463
YDR129C,YBR041W,0,1.258897,0.15684020519256592,0.9549999833106995,0.5134000182151794
YBR166C,YDR261W-A,0,1.2588341,0.15681445598602295,0.9549999833106995,0.5134999752044678
YHR002W,YDR261W-B,0,1.2585411,0.15678870677947998,0.9549999833106995,0.5135999917984009
YLR055C,YOR244W,1,1.2577896,0.15692712366580963,0.9559999704360962,0.5135999917984009
YNR031C,YJL025W,0,1.2577851,0.15690135955810547,0.9559999704360962,0.513700008392334
YOL038W,YOR192C-B,0,1.2576696,0.1568756103515625,0.9559999704360962,0.5138000249862671
YKR079C,YLR227W-B,0,1.2576696,0.15684987604618073,0.9559999704360962,0.5138999819755554
YDR023W,YBR301W,0,1.257455,0.15682414174079895,0.9559999704360962,0.5139999985694885
YBR254C,YDR251W,0,1.2573975,0.15679842233657837,0.9559999704360962,0.5141000151634216
YHR060W,YER044C,0,1.25729,0.15677271783351898,0.9559999704360962,0.51419997215271
YLR256W-A,YDL142C,0,1.2563537,0.1567470133304596,0.9559999704360962,0.5142999887466431
YAL051W,YJL192C,0,1.2558029,0.1567213088274002,0.9559999704360962,0.5144000053405762
YFL056C,YGL200C,0,1.2552985,0.15669561922550201,0.9559999704360962,0.5145000219345093
YML070W,YPR158W-B,0,1.2552139,0.15666994452476501,0.9559999704360962,0.5145999789237976
YLL018C-A,YJL021C,0,1.2551116,0.15664426982402802,0.9559999704360962,0.5146999955177307
YHR110W,YKR102W,0,1.2550483,0.1566186100244522,0.9559999704360962,0.5148000121116638
YOL096C,YPR159W,0,1.2548923,0.1565929502248764,0.9559999704360962,0.5149000287055969
YDR494W,YDR211W,0,1.2538124,0.1565673053264618,0.9559999704360962,0.5149999856948853
YGL049C,YBR301W,0,1.2535725,0.15654167532920837,0.9559999704360962,0.5151000022888184
YER101C,YLR192C,0,1.2534211,0.15651604533195496,0.9559999704360962,0.5152000188827515
YGL122C,YPR017C,0,1.2530183,0.15649043023586273,0.9559999704360962,0.5152999758720398
YNL325C,YBL041W,0,1.2528251,0.1564648151397705,0.9559999704360962,0.5153999924659729
YKL059C,YJL065C,0,1.2520177,0.15643921494483948,0.9559999704360962,0.515500009059906
YLR214W,YHR047C,0,1.2516909,0.15641361474990845,0.9559999704360962,0.5156000256538391
YPR198W,YGL116W,0,1.2507104,0.1563880294561386,0.9559999704360962,0.5156999826431274
YFL013C,YMR127C,1,1.2504082,0.15652599930763245,0.9570000171661377,0.5156999826431274
YNL242W,YLR410W-B,0,1.2503833,0.1565004140138626,0.9570000171661377,0.5157999992370605
YJL124C,YDL084W,0,1.249657,0.15647481381893158,0.9570000171661377,0.5159000158309937
YBR264C,YBR069C,0,1.2495488,0.15644924342632294,0.9570000171661377,0.515999972820282
YNL007C,YPL177C,0,1.2482895,0.1564236730337143,0.9570000171661377,0.5160999894142151
YGR296W,YLR256W-A,0,1.2477779,0.15639810264110565,0.9570000171661377,0.5162000060081482
YNL302C,YLL050C,0,1.2475847,0.1563725471496582,0.9570000171661377,0.5163000226020813
YER012W,YHR030C,0,1.2475502,0.15634700655937195,0.9570000171661377,0.5163999795913696
YCL050C,YLL013C,0,1.2473868,0.1563214659690857,0.9570000171661377,0.5164999961853027
YPR137C-A,YDR461W,0,1.2473209,0.15629594027996063,0.9570000171661377,0.5166000127792358
YOR037W,YOR207C,0,1.2471893,0.15627041459083557,0.9570000171661377,0.516700029373169
YNL190W,YER112W,0,1.2470634,0.1562449038028717,0.9570000171661377,0.5167999863624573
YDR364C,YGL139W,0,1.2457347,0.15621939301490784,0.9570000171661377,0.5169000029563904
YDR451C,YER139C,0,1.2457159,0.15619389712810516,0.9570000171661377,0.5170000195503235
YHR092C,YOR142W-B,0,1.2456611,0.1561684012413025,0.9570000171661377,0.5170999765396118
YGL161C,YEL018W,0,1.2455356,0.156142920255661,0.9570000171661377,0.5171999931335449
YOR142W-A,YLR100W,0,1.2449555,0.15611745417118073,0.9570000171661377,0.517300009727478
YBL091C-A,YMR065W,0,1.2447393,0.15609198808670044,0.9570000171661377,0.5174000263214111
YDR298C,YGL035C,0,1.2447278,0.15606653690338135,0.9570000171661377,0.5174999833106995
YOL145C,YDR033W,0,1.2444377,0.15604108572006226,0.9570000171661377,0.5175999999046326
YOR079C,YDR210W-B,0,1.2444128,0.15601564943790436,0.9570000171661377,0.5177000164985657
YIL109C,YDL069C,0,1.2440808,0.15599021315574646,0.9570000171661377,0.517799973487854
YOR396W,YLR092W,0,1.2437952,0.15596479177474976,0.9570000171661377,0.5178999900817871
YKR101W,YLR357W,1,1.2427593,0.15610232949256897,0.9580000042915344,0.5178999900817871
YMR035W,YER125W,0,1.2424632,0.15607689321041107,0.9580000042915344,0.5180000066757202
YMR238W,YPL193W,0,1.2422638,0.15605147182941437,0.9580000042915344,0.5181000232696533
YHR135C,YDR427W,0,1.2420617,0.15602606534957886,0.9580000042915344,0.5181999802589417
YPR137C-A,YPL169C,0,1.241699,0.15600064396858215,0.9580000042915344,0.5182999968528748
YPL155C,YOR363C,0,1.2415462,0.15597525238990784,0.9580000042915344,0.5184000134468079
YFL035C,YMR123W,0,1.2415124,0.15594986081123352,0.9580000042915344,0.5184999704360962
YGR264C,YGR109W-A,0,1.2411562,0.1559244841337204,0.9580000042915344,0.5185999870300293
YER190W,YMR046C,0,1.240299,0.15589910745620728,0.9580000042915344,0.5187000036239624
YML037C,YDR317W,0,1.2401218,0.15587374567985535,0.9580000042915344,0.5188000202178955
YKL138C-A,YPL176C,0,1.239944,0.15584838390350342,0.9580000042915344,0.5188999772071838
YGL119W,YDR261W-B,0,1.2399077,0.15582303702831268,0.9580000042915344,0.5189999938011169
YOL112W,YIL022W,0,1.2398281,0.15579769015312195,0.9580000042915344,0.51910001039505
YJL174W,YPL220W,0,1.2397575,0.1557723581790924,0.9580000042915344,0.5192000269889832
YML112W,YLL017W,0,1.239585,0.15574702620506287,0.9580000042915344,0.5192999839782715
YNL054W-A,YLL067C,0,1.23945,0.15572170913219452,0.9580000042915344,0.5194000005722046
YFL037W,YLR127C,0,1.239386,0.15569640696048737,0.9580000042915344,0.5195000171661377
YBR202W,YKL196C,0,1.2389609,0.1556711047887802,0.9580000042915344,0.519599974155426
YJR057W,YJR075W,0,1.2387016,0.15564581751823425,0.9580000042915344,0.5196999907493591
YMR175W,YCR080W,0,1.2386649,0.1556205302476883,0.9580000042915344,0.5198000073432922
YGR276C,YPL179W,0,1.2384467,0.15559525787830353,0.9580000042915344,0.5199000239372253
YLL014W,YNR070W,0,1.2382908,0.15556998550891876,0.9580000042915344,0.5199999809265137
YML085C,YJR131W,0,1.2382815,0.1555447280406952,0.9580000042915344,0.5200999975204468
YPL171C,YGR161W-B,0,1.2381166,0.1555194854736328,0.9580000042915344,0.5202000141143799
YNL054W-B,YBR058C,0,1.2381102,0.15549424290657043,0.9580000042915344,0.5202999711036682
YDL135C,YDR373W,0,1.2379749,0.15546900033950806,0.9580000042915344,0.5203999876976013
YOR189W,YJL025W,0,1.2362258,0.15544377267360687,0.9580000042915344,0.5205000042915344
YPL036W,YML107C,0,1.235932,0.15541855990886688,0.9580000042915344,0.5206000208854675
YDR034C-C,YDR057W,0,1.2355982,0.1553933471441269,0.9580000042915344,0.5206999778747559
YDR021W,YDR093W,0,1.2352393,0.1553681492805481,0.9580000042915344,0.520799994468689
YNL259C,YPL031C,0,1.2350817,0.1553429514169693,0.9580000042915344,0.5209000110626221
YBR058C-A,YLR295C,0,1.2349532,0.1553177684545517,0.9580000042915344,0.5210000276565552
YDL033C,YPL002C,0,1.2347059,0.1552925854921341,0.9580000042915344,0.5210999846458435
YDR205W,YCL074W,0,1.2344409,0.15526741743087769,0.9580000042915344,0.5212000012397766
YNL322C,YKL085W,0,1.2343907,0.15524226427078247,0.9580000042915344,0.5213000178337097
YLR371W,YBL089W,0,1.2343667,0.15521711111068726,0.9580000042915344,0.521399974822998
YBR092C,YAL063C,0,1.2343621,0.15519195795059204,0.9580000042915344,0.5214999914169312
YGR252W,YOR369C,0,1.2342571,0.1551668345928192,0.9580000042915344,0.5216000080108643
YGL010W,YNL284C-B,0,1.2341747,0.1551416963338852,0.9580000042915344,0.5217000246047974
YOR087W,YBR251W,0,1.2338281,0.15511657297611237,0.9580000042915344,0.5217999815940857
YPR091C,YGL170C,0,1.2336698,0.15509146451950073,0.9580000042915344,0.5218999981880188
YPL171C,YDR261W-A,0,1.233666,0.1550663709640503,0.9580000042915344,0.5220000147819519
YNL208W,YNR070W,0,1.2336127,0.15504126250743866,0.9580000042915344,0.5220999717712402
YOL062C,YLR067C,0,1.2327383,0.15501618385314941,0.9580000042915344,0.5221999883651733
YBL088C,YKL199C,0,1.232553,0.15499110519886017,0.9580000042915344,0.5223000049591064
YGL053W,YPR100W,0,1.2324148,0.15496602654457092,0.9580000042915344,0.5224000215530396
YEL069C,YDR047W,0,1.2323607,0.15494096279144287,0.9580000042915344,0.5224999785423279
YLR154W-C,YIL155C,0,1.2319078,0.154915913939476,0.9580000042915344,0.522599995136261
YOR304C-A,YJR006W,0,1.2318113,0.15489086508750916,0.9580000042915344,0.5227000117301941
YHR014W,YNL156C,0,1.2317201,0.1548658311367035,0.9580000042915344,0.5228000283241272
YML063W,YJR076C,0,1.231631,0.15484079718589783,0.9580000042915344,0.5228999853134155
YOR060C,YNL056W,0,1.2311625,0.15481577813625336,0.9580000042915344,0.5230000019073486
YGR109W-A,YIL090W,0,1.2310244,0.1547907590866089,0.9580000042915344,0.5231000185012817
YLR410W-A,YHR179W,0,1.2305613,0.1547657549381256,0.9580000042915344,0.5231999754905701
YMR289W,YPL104W,0,1.2301227,0.15474075078964233,0.9580000042915344,0.5232999920845032
YDR486C,YLR361C,0,1.2300392,0.15471576154232025,0.9580000042915344,0.5234000086784363
YFR015C,YOR219C,0,1.229939,0.15469078719615936,0.9580000042915344,0.5235000252723694
YBR202W,YJR001W,0,1.2299349,0.15466581284999847,0.9580000042915344,0.5235999822616577
YCL060C,YNL246W,1,1.2296572,0.15480226278305054,0.9589999914169312,0.5235999822616577
YOR192C-B,YFR019W,0,1.2295506,0.15477727353572845,0.9589999914169312,0.5236999988555908
YPL130W,YLR314C,0,1.2293032,0.15475229918956757,0.9589999914169312,0.5238000154495239
YDR116C,YER044C-A,0,1.2289029,0.15472732484340668,0.9589999914169312,0.5238999724388123
YOR172W,YDR261W-B,0,1.2288995,0.15470236539840698,0.9589999914169312,0.5239999890327454
YMR211W,YDR375C,0,1.2286547,0.15467742085456848,0.9589999914169312,0.5241000056266785
YNL147W,YOR236W,0,1.2286143,0.15465247631072998,0.9589999914169312,0.5242000222206116
YDL134C,YKL175W,0,1.228614,0.15462754666805267,0.9589999914169312,0.5242999792098999
YPL204W,YDR536W,0,1.2285962,0.15460261702537537,0.9589999914169312,0.524399995803833
YGR040W,YGL185C,0,1.2281122,0.15457768738269806,0.9589999914169312,0.5245000123977661
YOR378W,YGR181W,0,1.2280735,0.15455277264118195,0.9589999914169312,0.5246000289916992
YLR228C,YLR361C,0,1.227897,0.15452787280082703,0.9589999914169312,0.5246999859809875
YPL257W-A,YER153C,0,1.2277819,0.1545029878616333,0.9589999914169312,0.5248000025749207
YNL314W,YMR312W,0,1.2275743,0.15447808802127838,0.9589999914169312,0.5249000191688538
YPR178W,YNL283C,0,1.2273985,0.15445321798324585,0.9589999914169312,0.5249999761581421
YLR410W-A,YDL018C,0,1.2270241,0.15442834794521332,0.9589999914169312,0.5250999927520752
YLR291C,YMR193W,0,1.2267673,0.1544034779071808,0.9589999914169312,0.5252000093460083
YPL257W-A,YJL083W,0,1.2266387,0.15437862277030945,0.9589999914169312,0.5253000259399414
YOR177C,YMR002W,0,1.2260891,0.1543537676334381,0.9589999914169312,0.5253999829292297
YDR301W,YGR109W-A,0,1.2254659,0.15432892739772797,0.9589999914169312,0.5254999995231628
YOR391C,YJR015W,0,1.2247725,0.15430410206317902,0.9589999914169312,0.525600016117096
YIL030C,YGR095C,0,1.2246792,0.15427927672863007,0.9589999914169312,0.5256999731063843
YDR138W,YBL025W,0,1.2246405,0.1542544662952423,0.9589999914169312,0.5257999897003174
YDR379W,YEL041W,0,1.2243757,0.15422965586185455,0.9589999914169312,0.5259000062942505
YMR257C,YPR128C,0,1.2241988,0.154204860329628,0.9589999914169312,0.5260000228881836
YBR040W,YHR158C,0,1.224086,0.15418006479740143,0.9589999914169312,0.5260999798774719
YIL026C,YFL037W,0,1.223904,0.15415528416633606,0.9589999914169312,0.526199996471405
YBR043C,YLR227W-A,0,1.2237394,0.1541305035352707,0.9589999914169312,0.5263000130653381
YGL183C,YIL139C,0,1.2233175,0.15410573780536652,0.9589999914169312,0.5264000296592712
YIL087C,YIL137C,0,1.2232747,0.15408097207546234,0.9589999914169312,0.5264999866485596
YDR438W,YIL119C,0,1.2231382,0.15405622124671936,0.9589999914169312,0.5266000032424927
YDR420W,YLR287C-A,0,1.222797,0.15403148531913757,0.9589999914169312,0.5267000198364258
YKL129C,YJR040W,0,1.222582,0.1540067493915558,0.9589999914169312,0.5267999768257141
YNL135C,YLR055C,1,1.2221562,0.1541425883769989,0.9599999785423279,0.5267999768257141
YLR154W-C,YJL102W,0,1.2221518,0.15411783754825592,0.9599999785423279,0.5268999934196472
YDR421W,YIL143C,0,1.2220044,0.15409310162067413,0.9599999785423279,0.5270000100135803
YAL024C,YBL005W-B,0,1.2220021,0.15406836569309235,0.9599999785423279,0.5271000266075134
YGR161W-A,YDL107W,0,1.2218444,0.15404364466667175,0.9599999785423279,0.5271999835968018
YJR027W,YLR419W,0,1.2217562,0.15401893854141235,0.9599999785423279,0.5273000001907349
YCR030C,YHR031C,0,1.2213743,0.15399423241615295,0.9599999785423279,0.527400016784668
YKL060C,YOR142W-B,0,1.2208337,0.15396952629089355,0.9599999785423279,0.5274999737739563
YPR118W,YBR094W,0,1.2200421,0.15394483506679535,0.9599999785423279,0.5275999903678894
YMR088C,YHL009W-B,0,1.2199914,0.15392015874385834,0.9599999785423279,0.5277000069618225
YDR283C,YPL257W-A,0,1.2199073,0.15389548242092133,0.9599999785423279,0.5278000235557556
YGR161W-A,YBL013W,0,1.2190268,0.15387080609798431,0.9599999785423279,0.527899980545044
YHL050C,YKL144C,0,1.2186475,0.1538461595773697,0.9599999785423279,0.527999997138977
YIL118W,YGR161W-B,0,1.2186018,0.15382149815559387,0.9599999785423279,0.5281000137329102
YPL180W,YOR148C,0,1.2185498,0.15379686653614044,0.9599999785423279,0.5281999707221985
YOL052C,YPR032W,0,1.2180651,0.15377222001552582,0.9599999785423279,0.5282999873161316
YAL044C,YHR169W,0,1.2177398,0.15374760329723358,0.9599999785423279,0.5284000039100647
YFL002W-B,YKR020W,0,1.2173799,0.15372297167778015,0.9599999785423279,0.5285000205039978
YBR160W,YOR008C,0,1.217212,0.1536983698606491,0.9599999785423279,0.5285999774932861
YDR105C,YOR156C,0,1.2171898,0.15367376804351807,0.9599999785423279,0.5286999940872192
YLR102C,YDL069C,0,1.2169292,0.15364916622638702,0.9599999785423279,0.5288000106811523
YDR438W,YOR343W-B,0,1.2161593,0.15362457931041718,0.9599999785423279,0.5289000272750854
YNL142W,YDR098C-A,0,1.2156541,0.15360000729560852,0.9599999785423279,0.5289999842643738
YJL095W,YMR133W,0,1.2156165,0.15357543528079987,0.9599999785423279,0.5291000008583069
YLR410W-B,YPL215W,0,1.2154436,0.1535508632659912,0.9599999785423279,0.52920001745224
YDR304C,YOR142W-A,0,1.2154436,0.15352630615234375,0.9599999785423279,0.5292999744415283
YKL059C,YDR174W,0,1.2153099,0.15350176393985748,0.9599999785423279,0.5293999910354614
YDR174W,YGR109W-A,0,1.215275,0.15347722172737122,0.9599999785423279,0.5295000076293945
YJR046W,YOR142W-B,0,1.214992,0.15345267951488495,0.9599999785423279,0.5296000242233276
YDL111C,YLR186W,0,1.2148869,0.15342816710472107,0.9599999785423279,0.529699981212616
YAL026C,YNL339C,0,1.2147323,0.153403639793396,0.9599999785423279,0.5297999978065491
YJL174W,YGR260W,0,1.2145604,0.15337912738323212,0.9599999785423279,0.5299000144004822
YOR044W,YLR227W-A,0,1.214138,0.15335462987422943,0.9599999785423279,0.5299999713897705
YAL008W,YOR043W,0,1.2140489,0.15333013236522675,0.9599999785423279,0.5300999879837036
YDL140C,YJL081C,1,1.2138562,0.15346534550189972,0.9610000252723694,0.5300999879837036
YDR026C,YDR471W,0,1.2138027,0.15344084799289703,0.9610000252723694,0.5302000045776367
YOR039W,YKL064W,0,1.2136531,0.15341635048389435,0.9610000252723694,0.5303000211715698
YBR296C,YOL122C,0,1.2134405,0.15339185297489166,0.9610000252723694,0.5303999781608582
YKL024C,YDL085W,0,1.2133726,0.15336738526821136,0.9610000252723694,0.5304999947547913
YDR345C,YMR043W,0,1.2133662,0.15334290266036987,0.9610000252723694,0.5306000113487244
YKR044W,YJL164C,0,1.2129794,0.15331844985485077,0.9610000252723694,0.5307000279426575
YBL007C,YKR058W,0,1.2128483,0.15329398214817047,0.9610000252723694,0.5307999849319458
YKL014C,YLR172C,0,1.2128289,0.15326954424381256,0.9610000252723694,0.5309000015258789
YHL003C,YJL109C,0,1.2119939,0.15324509143829346,0.9610000252723694,0.531000018119812
YHR057C,YLL021W,0,1.2110868,0.15322066843509674,0.9610000252723694,0.5310999751091003
YML113W,YJL196C,0,1.2109363,0.15319623053073883,0.9610000252723694,0.5311999917030334
YKL061W,YOR343W-A,0,1.2107925,0.1531718224287033,0.9610000252723694,0.5313000082969666
YOL165C,YER184C,0,1.2105961,0.15314741432666779,0.9610000252723694,0.5314000248908997
YMR008C,YDR256C,0,1.2103488,0.15312300622463226,0.9610000252723694,0.531499981880188
YDR210W-B,YLL012W,0,1.2102984,0.15309861302375793,0.9610000252723694,0.5315999984741211
YGR283C,YBR180W,0,1.2097943,0.1530742347240448,0.9610000252723694,0.5317000150680542
YDR247W,YPR186C,0,1.2095416,0.15304984152317047,0.9610000252723694,0.5317999720573425
YNL122C,YPR080W,0,1.209028,0.15302547812461853,0.9610000252723694,0.5318999886512756
YOR192C-B,YKL172W,0,1.2081584,0.1530011147260666,0.9610000252723694,0.5320000052452087
YDL059C,YNL081C,0,1.2078992,0.15297676622867584,0.9610000252723694,0.5321000218391418
YGR193C,YOR027W,0,1.2071226,0.1529524177312851,0.9610000252723694,0.5321999788284302
YPR125W,YMR100W,0,1.2068628,0.15292806923389435,0.9610000252723694,0.5322999954223633
YPL122C,YOL032W,0,1.2068033,0.1529037356376648,0.9610000252723694,0.5324000120162964
YHR116W,YMR042W,0,1.2062316,0.15287941694259644,0.9610000252723694,0.5325000286102295
YOR086C,YMR089C,0,1.2057263,0.15285509824752808,0.9610000252723694,0.5325999855995178
YDR296W,YGR017W,0,1.2056769,0.1528307944536209,0.9610000252723694,0.5327000021934509
YOL103W-A,YGR112W,0,1.2056675,0.15280649065971375,0.9610000252723694,0.532800018787384
YOR258W,YCL050C,0,1.2055722,0.15278218686580658,0.9610000252723694,0.5328999757766724
YNL308C,YLR410W-B,0,1.2053791,0.1527579128742218,0.9610000252723694,0.5329999923706055
YGR229C,YLR360W,0,1.205272,0.15273362398147583,0.9610000252723694,0.5331000089645386
YDR508C,YDR482C,0,1.2051859,0.15270936489105225,0.9610000252723694,0.5332000255584717
YMR130W,YLR299W,0,1.2051284,0.15268509089946747,0.9610000252723694,0.53329998254776
YMR149W,YDR261W-A,0,1.2047644,0.15266084671020508,0.9610000252723694,0.5333999991416931
YDR518W,YDL185W,0,1.2043412,0.1526365876197815,0.9610000252723694,0.5335000157356262
YIL126W,YOR209C,1,1.204226,0.15277116000652313,0.9620000123977661,0.5335000157356262
YER095W,YPR108W,0,1.2041068,0.15274690091609955,0.9620000123977661,0.5335999727249146
YNL271C,YCR077C,0,1.2040863,0.15272265672683716,0.9620000123977661,0.5336999893188477
YBL026W,YJL189W,0,1.2033992,0.15269841253757477,0.9620000123977661,0.5338000059127808
YGR142W,YER098W,0,1.2030357,0.15267418324947357,0.9620000123977661,0.5339000225067139
YER007W,YHR064C,0,1.2028445,0.15264995396137238,0.9620000123977661,0.5339999794960022
YCL032W,YCL057C-A,0,1.2022567,0.15262573957443237,0.9620000123977661,0.5340999960899353
YPL173W,YHR214C-C,0,1.2016734,0.15260152518749237,0.9620000123977661,0.5342000126838684
YNL054W-A,YGR113W,0,1.2013605,0.15257732570171356,0.9620000123977661,0.5343000292778015
YMR224C,YNR028W,0,1.201116,0.15255312621593475,0.9620000123977661,0.5343999862670898
YHR168W,YCL001W,0,1.2006881,0.15252894163131714,0.9620000123977661,0.534500002861023
YLR187W,YDL195W,0,1.2004848,0.15250475704669952,0.9620000123977661,0.534600019454956
YLR109W,YIL036W,0,1.2001635,0.1524805873632431,0.9620000123977661,0.5346999764442444
YER137C-A,YMR213W,0,1.2001101,0.15245641767978668,0.9620000123977661,0.5347999930381775
YPR196W,YDR532C,0,1.1996237,0.15243226289749146,0.9620000123977661,0.5349000096321106
YOL112W,YGL087C,0,1.199562,0.15240810811519623,0.9620000123977661,0.5350000262260437
YDL245C,YPL151C,0,1.1992948,0.1523839682340622,0.9620000123977661,0.535099983215332
YPR196W,YPL194W,0,1.1992552,0.15235982835292816,0.9620000123977661,0.5351999998092651
YOR187W,YJL140W,0,1.1990058,0.15233570337295532,0.9620000123977661,0.5353000164031982
YDL135C,YNL176C,0,1.1988075,0.15231159329414368,0.9620000123977661,0.5353999733924866
YIL013C,YBR005W,0,1.1986449,0.15228748321533203,0.9620000123977661,0.5354999899864197
YOL018C,YDR261W-A,0,1.1980519,0.15226337313652039,0.9620000123977661,0.5356000065803528
YPL036W,YML015C,0,1.1976886,0.15223927795886993,0.9620000123977661,0.5357000231742859
YHR185C,YJR104C,0,1.1968596,0.15221518278121948,0.9620000123977661,0.5357999801635742
YGL113W,YGR145W,0,1.196753,0.15219110250473022,0.9620000123977661,0.5358999967575073
YGL225W,YHR066W,0,1.1966977,0.15216703712940216,0.9620000123977661,0.5360000133514404
YCL059C,YFR014C,0,1.1963806,0.1521429717540741,0.9620000123977661,0.5360999703407288
YDR103W,YFL035C,0,1.1958014,0.15211890637874603,0.9620000123977661,0.5361999869346619
YMR077C,YGR244C,0,1.1956933,0.15209485590457916,0.9620000123977661,0.536300003528595
YDR170W-A,YHL006C,0,1.1954732,0.1520708203315735,0.9620000123977661,0.5364000201225281
YJL190C,YLL035W,0,1.1951212,0.1520467847585678,0.9620000123977661,0.5364999771118164
YAL010C,YER090W,0,1.1946685,0.15202274918556213,0.9620000123977661,0.5365999937057495
YDR283C,YPL183C,0,1.1944054,0.15199874341487885,0.9620000123977661,0.5367000102996826
YOR357C,YDR328C,0,1.1935648,0.15197472274303436,0.9620000123977661,0.5368000268936157
YML115C,YGL053W,0,1.1932517,0.15195071697235107,0.9620000123977661,0.536899983882904
YLR318W,YLR080W,0,1.1928169,0.15192672610282898,0.9620000123977661,0.5370000004768372
YKL045W,YOL003C,0,1.1927216,0.15190273523330688,0.9620000123977661,0.5371000170707703
YBL028C,YOR384W,0,1.1926025,0.1518787443637848,0.9620000123977661,0.5371999740600586
YGR161W-B,YDR062W,0,1.1921564,0.1518547683954239,0.9620000123977661,0.5372999906539917
YJL225C,YOR320C,0,1.1917508,0.15183080732822418,0.9620000123977661,0.5374000072479248
YBR160W,YGR292W,0,1.1911399,0.15180684626102448,0.9620000123977661,0.5375000238418579
YNR057C,YBL005W-B,0,1.1907821,0.15178290009498596,0.9620000123977661,0.5375999808311462
YLR039C,YHR215W,0,1.1901901,0.15175895392894745,0.9620000123977661,0.5376999974250793
YDR516C,YPL257W-A,0,1.1901765,0.15173502266407013,0.9620000123977661,0.5378000140190125
YPR131C,YOR045W,0,1.1897657,0.1517110913991928,0.9620000123977661,0.5378999710083008
YDR353W,YLL055W,0,1.1894065,0.1516871601343155,0.9620000123977661,0.5379999876022339
YDR524C,YPL220W,0,1.1892577,0.15166324377059937,0.9620000123977661,0.538100004196167
YKL090W,YIL171W,0,1.188689,0.15163934230804443,0.9620000123977661,0.5382000207901001
YOL165C,YIL042C,0,1.1883851,0.1516154408454895,0.9620000123977661,0.5382999777793884
YLR224W,YCL057W,0,1.1883323,0.15159155428409576,0.9620000123977661,0.5383999943733215
YIL051C,YKL095W,0,1.1873466,0.15156766772270203,0.9620000123977661,0.5385000109672546
YDR435C,YLL031C,0,1.1870737,0.15154379606246948,0.9620000123977661,0.5386000275611877
YMR008C,YGL067W,0,1.1869961,0.15151992440223694,0.9620000123977661,0.5386999845504761
YBL013W,YKL110C,0,1.1861567,0.1514960676431656,0.9620000123977661,0.5388000011444092
YNL054W-A,YGL190C,0,1.1860926,0.15147221088409424,0.9620000123977661,0.5389000177383423
YER138C,YGR027W-B,0,1.1860778,0.15144836902618408,0.9620000123977661,0.5389999747276306
YDR451C,YPL257W-A,0,1.1857557,0.15142452716827393,0.9620000123977661,0.5390999913215637
YOR351C,YDL038C,0,1.1857145,0.15140068531036377,0.9620000123977661,0.5392000079154968
YLR050C,YIR036C,0,1.1852536,0.151376873254776,0.9620000123977661,0.5393000245094299
YOL103W-B,YBL060W,0,1.184745,0.15135304629802704,0.9620000123977661,0.5393999814987183
YLR170C,YBR066C,0,1.184686,0.15132924914360046,0.9620000123977661,0.5394999980926514
YCR097WB,YBR208C,0,1.1835862,0.1513054370880127,0.9620000123977661,0.5396000146865845
YPR198W,YHR008C,0,1.1834104,0.15128165483474731,0.9620000123977661,0.5396999716758728
YML095C,YLR017W,0,1.1829796,0.15125785768032074,0.9620000123977661,0.5397999882698059
YAL003W,YOR315W,0,1.1825193,0.15123407542705536,0.9620000123977661,0.539900004863739
YNR038W,YBR240C,0,1.1822182,0.15121030807495117,0.9620000123977661,0.5400000214576721
YDR144C,YMR049C,0,1.1819947,0.15118654072284698,0.9620000123977661,0.5400999784469604
YGR223C,YML039W,0,1.1815722,0.151162788271904,0.9620000123977661,0.5401999950408936
YNL219C,YCR031C,0,1.1808517,0.151139035820961,0.9620000123977661,0.5403000116348267
YBR043C,YMR020W,0,1.1806233,0.1511152982711792,0.9620000123977661,0.5404000282287598
YML056C,YPL042C,0,1.1804684,0.1510915607213974,0.9620000123977661,0.5404999852180481
YDR419W,YER014C-A,0,1.1804574,0.1510678380727768,0.9620000123977661,0.5406000018119812
YML061C,YDR306C,0,1.1801741,0.1510441154241562,0.9620000123977661,0.5407000184059143
YFL061W,YDL170W,0,1.1801267,0.15102040767669678,0.9620000123977661,0.5407999753952026
YFR019W,YMR093W,0,1.1800828,0.15099669992923737,0.9620000123977661,0.5408999919891357
YNL156C,YPL257W-A,0,1.1799136,0.15097300708293915,0.9620000123977661,0.5410000085830688
YLR099C,YOR192C-A,0,1.1797849,0.15094931423664093,0.9620000123977661,0.541100025177002
YPR158C-D,YKL134C,0,1.1796217,0.1509256362915039,0.9620000123977661,0.5411999821662903
YAL017W,YDR501W,0,1.1794556,0.15090195834636688,0.9620000123977661,0.5412999987602234
YOL135C,YDR261W-A,0,1.1794162,0.15087829530239105,0.9620000123977661,0.5414000153541565
YDR115W,YMR046C,0,1.1794076,0.15085463225841522,0.9620000123977661,0.5414999723434448
YGL241W,YDL038C,0,1.1788769,0.15083098411560059,0.9620000123977661,0.5415999889373779
YDR164C,YDR003W,0,1.1787223,0.15080733597278595,0.9620000123977661,0.541700005531311
YLR086W,YOL076W,0,1.1782068,0.1507837027311325,0.9620000123977661,0.5418000221252441
YDR261C-D,YPL157W,0,1.1781529,0.15076006948947906,0.9620000123977661,0.5418999791145325
YDR067C,YDR261W-B,0,1.17813,0.15073645114898682,0.9620000123977661,0.5419999957084656
YLL009C,YPL257W-A,0,1.1776632,0.15071283280849457,0.9620000123977661,0.5421000123023987
YGL198W,YNL251C,0,1.1775324,0.1506892293691635,0.9620000123977661,0.5422000288963318
YOR396W,YOR048C,0,1.1773076,0.15066562592983246,0.9620000123977661,0.5422999858856201
YOR217W,YOR066W,0,1.1769052,0.1506420224905014,0.9620000123977661,0.5424000024795532
YGL049C,YDR261W-B,0,1.1767724,0.15061844885349274,0.9620000123977661,0.5425000190734863
YPL091W,YJL004C,0,1.1766728,0.15059486031532288,0.9620000123977661,0.5425999760627747
YER014W,YDR533C,0,1.1764274,0.1505713015794754,0.9620000123977661,0.5426999926567078
YJL166W,YDR377W,0,1.1761175,0.15054772794246674,0.9620000123977661,0.5428000092506409
YDR210C-C,YNR074C,0,1.1759149,0.15052416920661926,0.9620000123977661,0.542900025844574
YML133C,YPR137C-B,0,1.1757005,0.15050062537193298,0.9620000123977661,0.5429999828338623
YLR265C,YOR070C,0,1.175634,0.1504770815372467,0.9620000123977661,0.5430999994277954
YPL022W,YNL311C,0,1.1752117,0.15045355260372162,0.9620000123977661,0.5432000160217285
YAL008W,YIL140W,0,1.1749126,0.15043002367019653,0.9620000123977661,0.5432999730110168
YLR099C,YMR099C,0,1.1747693,0.15040650963783264,0.9620000123977661,0.54339998960495
YDR166C,YML012W,0,1.174377,0.15038299560546875,0.9620000123977661,0.5435000061988831
YHR194W,YLR141W,0,1.1740332,0.15035948157310486,0.9620000123977661,0.5436000227928162
YDR210C-D,YGR077C,0,1.1734139,0.15033599734306335,0.9620000123977661,0.5436999797821045
YNL304W,YGL249W,0,1.17322,0.15031249821186066,0.9620000123977661,0.5437999963760376
YOR047C,YBL037W,0,1.173024,0.15028901398181915,0.9620000123977661,0.5439000129699707
YAL003W,YHR214C-B,0,1.1714306,0.15026554465293884,0.9620000123977661,0.5440000295639038
YEL024W,YPL126W,0,1.1713843,0.15024207532405853,0.9620000123977661,0.5440999865531921
YKL048C,YDL055C,0,1.1705146,0.15021860599517822,0.9620000123977661,0.5442000031471252
YOL121C,YJR149W,0,1.1701362,0.1501951664686203,0.9620000123977661,0.5443000197410583
YPL146C,YLR212C,0,1.1700077,0.15017171204090118,0.9620000123977661,0.5443999767303467
YER137C-A,YGR260W,0,1.1694125,0.15014827251434326,0.9620000123977661,0.5444999933242798
YNL080C,YMR020W,0,1.1693841,0.15012484788894653,0.9620000123977661,0.5446000099182129
YHR214C-C,YOR175C,0,1.1692696,0.1501014232635498,0.9620000123977661,0.544700026512146
YLR227W-A,YIL009C-A,0,1.1690948,0.15007799863815308,0.9620000123977661,0.5447999835014343
YMR043W,YPL271W,0,1.1690392,0.15005458891391754,0.9620000123977661,0.5449000000953674
YMR171C,YKL158W,0,1.168555,0.1500311940908432,0.9620000123977661,0.5450000166893005
YDR229W,YJL106W,0,1.1669949,0.15000779926776886,0.9620000123977661,0.5450999736785889
YML042W,YIL017W,0,1.1665915,0.14998440444469452,0.9620000123977661,0.545199990272522
YFL039C,YOR103C,0,1.1662233,0.14996102452278137,0.9620000123977661,0.5453000068664551
YML048W,YPR102C,0,1.1659939,0.14993765950202942,0.9620000123977661,0.5454000234603882
YPR037C,YCL047C,0,1.1659477,0.14991429448127747,0.9620000123977661,0.5454999804496765
YDR369C,YLR213C,0,1.1657214,0.1498909294605255,0.9620000123977661,0.5455999970436096
YDR365W-A,YDR520C,0,1.1652595,0.14986757934093475,0.9620000123977661,0.5457000136375427
YDR261W-B,YLR328W,0,1.1647679,0.1498442441225052,0.9620000123977661,0.545799970626831
YLR096W,YPR111W,0,1.1645882,0.14982089400291443,0.9620000123977661,0.5458999872207642
YLR006C,YLR113W,0,1.1645014,0.14979757368564606,0.9620000123977661,0.5460000038146973
YOL076W,YDL098C,0,1.1641674,0.14977425336837769,0.9620000123977661,0.5461000204086304
YKL200C,YOR243C,0,1.1640209,0.14975093305110931,0.9620000123977661,0.5461999773979187
YLR005W,YDR032C,0,1.1639891,0.14972762763500214,0.9620000123977661,0.5462999939918518
YMR101C,YOR074C,0,1.1638094,0.14970432221889496,0.9620000123977661,0.5464000105857849
YDL029W,YML045W,0,1.1635127,0.14968103170394897,0.9620000123977661,0.546500027179718
YLL033W,YDR365C,0,1.1634583,0.149657741189003,0.9620000123977661,0.5465999841690063
YBR034C,YDL142C,0,1.1631548,0.1496344655752182,0.9620000123977661,0.5467000007629395
YIR006C,YGL225W,0,1.162699,0.1496112048625946,0.9620000123977661,0.5468000173568726
YPL257W-B,YHR086W,0,1.1626482,0.14958792924880981,0.9620000123977661,0.5468999743461609
YLR054C,YLL003W,0,1.1620464,0.1495646834373474,0.9620000123977661,0.546999990940094
YOR343W-B,YDL030W,0,1.1619097,0.14954142272472382,0.9620000123977661,0.5471000075340271
YDR527W,YLR227W-B,0,1.1619097,0.1495181918144226,0.9620000123977661,0.5472000241279602
YMR262W,YBR159W,0,1.1616046,0.1494949460029602,0.9620000123977661,0.5472999811172485
YOR343W-B,YKR072C,0,1.1615872,0.149471715092659,0.9620000123977661,0.5473999977111816
YEL016C,YKR056W,0,1.1609043,0.14944849908351898,0.9620000123977661,0.5475000143051147
YMR078C,YER108C,0,1.1606973,0.14942528307437897,0.9620000123977661,0.5475999712944031
YGR060W,YJR045C,0,1.1606025,0.14940208196640015,0.9620000123977661,0.5476999878883362
YJL156C,YJL053W,0,1.1595993,0.14937888085842133,0.9620000123977661,0.5478000044822693
YPL239W,YLR011W,0,1.1595747,0.1493556946516037,0.9620000123977661,0.5479000210762024
YOR373W,YJL053W,0,1.1594088,0.14933250844478607,0.9620000123977661,0.5479999780654907
YNL066W,YPL276W,0,1.1593857,0.14930932223796844,0.9620000123977661,0.5480999946594238
YGL232W,YDR210C-C,0,1.1584798,0.149286150932312,0.9620000123977661,0.5482000112533569
YPR122W,YDR494W,0,1.1582153,0.14926299452781677,0.9620000123977661,0.54830002784729
YDL097C,YGR159C,0,1.157377,0.14923983812332153,0.9620000123977661,0.5483999848365784
YDR179C,YJL164C,0,1.1570504,0.1492166966199875,0.9620000123977661,0.5485000014305115
YIL039W,YGL035C,0,1.1569762,0.14919355511665344,0.9620000123977661,0.5486000180244446
YKR054C,YKL110C,0,1.1568899,0.1491704136133194,0.9620000123977661,0.5486999750137329
YPR158W-B,YDR261W-A,0,1.1563647,0.14914728701114655,0.9620000123977661,0.548799991607666
YLR344W,YOR060C,0,1.1563382,0.1491241604089737,0.9620000123977661,0.5489000082015991
YOR192C-A,YBR295W,0,1.1561933,0.14910104870796204,0.9620000123977661,0.5490000247955322
YDL119C,YGL106W,0,1.1561472,0.14907795190811157,0.9620000123977661,0.5490999817848206
YKL069W,YDR098C-B,0,1.1557118,0.1490548551082611,0.9620000123977661,0.5491999983787537
YDL117W,YGL019W,0,1.1554859,0.14903175830841064,0.9620000123977661,0.5493000149726868
YDR179C,YCR036W,0,1.1547327,0.14900867640972137,0.9620000123977661,0.5493999719619751
YDR261W-A,YJR135W-A,0,1.1544877,0.1489855945110321,0.9620000123977661,0.5494999885559082
YLR099C,YOL104C,0,1.1544709,0.14896252751350403,0.9620000123977661,0.5496000051498413
YBR146W,YPR169W,0,1.1540323,0.14893946051597595,0.9620000123977661,0.5497000217437744
YIL145C,YDR165W,0,1.15295,0.14891640841960907,0.9620000123977661,0.5497999787330627
YER099C,YNL055C,0,1.1523986,0.1488933563232422,0.9620000123977661,0.5498999953269958
YAL016W,YDR261C-D,0,1.1523662,0.1488703191280365,0.9620000123977661,0.550000011920929
YPL189C-A,YMR117C,0,1.1521285,0.1488472819328308,0.9620000123977661,0.5501000285148621
YCR098C,YGR109W-B,0,1.1519059,0.14882425963878632,0.9620000123977661,0.5501999855041504
YDR407C,YPR010C,0,1.1517701,0.14880123734474182,0.9620000123977661,0.5503000020980835
YGR070W,YDR140W,0,1.1516534,0.14877822995185852,0.9620000123977661,0.5504000186920166
YDR510W,YIL167W,0,1.1513559,0.14875522255897522,0.9620000123977661,0.5504999756813049
YLR075W,YDL180W,0,1.1509645,0.14873221516609192,0.9620000123977661,0.550599992275238
YKR054C,YDR254W,0,1.150946,0.1487092226743698,0.9620000123977661,0.5507000088691711
YHR185C,YMR049C,0,1.1509329,0.1486862450838089,0.9620000123977661,0.5508000254631042
YBR111W-A,YDR533C,0,1.1508751,0.14866326749324799,0.9620000123977661,0.5508999824523926
YBR075W,YNL191W,0,1.1505953,0.14864028990268707,0.9620000123977661,0.5509999990463257
YDR308C,YJL073W,0,1.1503726,0.14861732721328735,0.9620000123977661,0.5511000156402588
YMR285C,YGL236C,0,1.1501315,0.14859437942504883,0.9620000123977661,0.5511999726295471
YNL118C,YOR084W,0,1.149791,0.1485714316368103,0.9620000123977661,0.5512999892234802
YLL006W,YPL188W,0,1.149668,0.14854848384857178,0.9620000123977661,0.5514000058174133
YPL103C,YJR108W,0,1.1495461,0.14852555096149445,0.9620000123977661,0.5515000224113464
YPL038W,YPL013C,0,1.1494164,0.14850261807441711,0.9620000123977661,0.5515999794006348
YGL168W,YBR096W,0,1.1494122,0.14847970008850098,0.9620000123977661,0.5516999959945679
YNL076W,YGR103W,0,1.1492476,0.14845679700374603,0.9620000123977661,0.551800012588501
YKL045W,YBR042C,0,1.1488245,0.1484338790178299,0.9620000123977661,0.5519000291824341
YNR011C,YFL035C,0,1.1483097,0.14841099083423615,0.9620000123977661,0.5519999861717224
YKL174C,YJR001W,0,1.14819,0.1483880877494812,0.9620000123977661,0.5521000027656555
YDR364C,YKR061W,0,1.1477499,0.14836519956588745,0.9620000123977661,0.5522000193595886
YGR026W,YOR069W,0,1.1467924,0.1483423262834549,0.9620000123977661,0.552299976348877
YJR066W,YOR076C,0,1.1467831,0.14831945300102234,0.9620000123977661,0.5523999929428101
YCR030C,YIL142W,0,1.1467626,0.14829659461975098,0.9620000123977661,0.5525000095367432
YKL119C,YER155C,0,1.1462873,0.14827373623847961,0.9620000123977661,0.5526000261306763
YDR524C,YDL115C,0,1.1461867,0.14825089275836945,0.9620000123977661,0.5526999831199646
YDR261W-B,YMR203W,0,1.1457562,0.14822804927825928,0.9620000123977661,0.5527999997138977
YMR268W-A,YIL172C,0,1.1452868,0.1482052057981491,0.9620000123977661,0.5529000163078308
YLR361C,YNL049C,0,1.1449727,0.14818237721920013,0.9620000123977661,0.5529999732971191
YLR350W,YLR390W,0,1.1446245,0.14815956354141235,0.9620000123977661,0.5530999898910522
YBR208C,YBR173C,0,1.1444784,0.14813673496246338,0.9620000123977661,0.5532000064849854
YNL123W,YDR098C-A,0,1.1443316,0.1481139361858368,0.9620000123977661,0.5533000230789185
YDR047W,YGR161C-D,0,1.143219,0.1480911374092102,0.9620000123977661,0.5533999800682068
YKL082C,YDR261W-A,0,1.1431882,0.14806833863258362,0.9620000123977661,0.5534999966621399
YLR260W,YML070W,0,1.1429535,0.14804555475711823,0.9620000123977661,0.553600013256073
YJL178C,YIL074C,0,1.1426015,0.14802277088165283,0.9620000123977661,0.5536999702453613
YJL087C,YER074W,0,1.1424814,0.14800000190734863,0.9620000123977661,0.5537999868392944
YKR054C,YGR283C,0,1.1422533,0.14797723293304443,0.9620000123977661,0.5539000034332275
YGR161W-B,YNL286W,0,1.1417593,0.14795447885990143,0.9620000123977661,0.5540000200271606
YGR161C-D,YKR077W,0,1.1417593,0.14793172478675842,0.9620000123977661,0.554099977016449
YMR168C,YMR312W,0,1.1413609,0.1479089856147766,0.9620000123977661,0.5541999936103821
YGR161W-A,YML116W,0,1.1409192,0.1478862464427948,0.9620000123977661,0.5543000102043152
YLR093C,YIL139C,0,1.1407741,0.147863507270813,0.9620000123977661,0.5544000267982483
YKR068C,YDR135C,0,1.1405131,0.14784078299999237,0.9620000123977661,0.5544999837875366
YMR211W,YLR129W,0,1.1400135,0.14781807363033295,0.9620000123977661,0.5546000003814697
YLR265C,YDR261C-D,0,1.1399336,0.14779536426067352,0.9620000123977661,0.5547000169754028
YIL113W,YHR028C,0,1.1397287,0.1477726548910141,0.9620000123977661,0.5547999739646912
YLR395C,YDR434W,0,1.1394289,0.14774996042251587,0.9620000123977661,0.5548999905586243
YGL103W,YLR390W-A,0,1.1390976,0.14772726595401764,0.9620000123977661,0.5550000071525574
YBR153W,YNR035C,0,1.1390256,0.1477045863866806,0.9620000123977661,0.5551000237464905
YLR333C,YHR156C,0,1.1386033,0.14768192172050476,0.9620000123977661,0.5551999807357788
YHR154W,YER137C-A,0,1.1379006,0.14765924215316772,0.9620000123977661,0.5552999973297119
YNL092W,YER159C-A,0,1.1376461,0.14763659238815308,0.9620000123977661,0.555400013923645
YER137C-A,YOR008C,0,1.1374109,0.14761392772197723,0.9620000123977661,0.5554999709129333
YER095W,YLL001W,0,1.1372539,0.14759129285812378,0.9620000123977661,0.5555999875068665
YMR053C,YMR228W,0,1.1369541,0.14756864309310913,0.9620000123977661,0.5557000041007996
YPL179W,YKL021C,0,1.1367495,0.14754600822925568,0.9620000123977661,0.5558000206947327
YPR032W,YJR049C,0,1.1367393,0.14752338826656342,0.9620000123977661,0.555899977684021
YCR097WB,YLR134W,0,1.136674,0.14750076830387115,0.9620000123977661,0.5559999942779541
YBR195C,YBR090C-A,1,1.1363323,0.1476314514875412,0.9629999995231628,0.5559999942779541
YOL057W,YHR154W,0,1.1358163,0.14760883152484894,0.9629999995231628,0.5561000108718872
YOR294W,YKL119C,0,1.1355875,0.14758621156215668,0.9629999995231628,0.5562000274658203
YDL012C,YDR150W,0,1.1355569,0.14756359159946442,0.9629999995231628,0.5562999844551086
YCL017C,YPL178W,0,1.1351061,0.14754098653793335,0.9629999995231628,0.5564000010490417
YPL116W,YDL144C,0,1.1350948,0.14751838147640228,0.9629999995231628,0.5565000176429749
YOR227W,YDR365W-A,0,1.1348995,0.1474957913160324,0.9629999995231628,0.5565999746322632
YGR188C,YPL198W,0,1.134692,0.14747320115566254,0.9629999995231628,0.5566999912261963
YIL017W,YLR360W,0,1.1335112,0.14745062589645386,0.9629999995231628,0.5568000078201294
YER117W,YLR410W-B,0,1.1330984,0.14742805063724518,0.9629999995231628,0.5569000244140625
YBL090W,YJR001W,0,1.1329836,0.1474054753780365,0.9629999995231628,0.5569999814033508
YLR357W,YLR285W,1,1.1329641,0.14753596484661102,0.9639999866485596,0.5569999814033508
YLR292C,YPL172C,0,1.13153,0.14751338958740234,0.9639999866485596,0.5570999979972839
YJR123W,YGR181W,0,1.1313738,0.14749081432819366,0.9639999866485596,0.557200014591217
YMR054W,YCL043C,0,1.131105,0.14746825397014618,0.9639999866485596,0.5572999715805054
YMR061W,YKR100C,0,1.1310072,0.1474457085132599,0.9639999866485596,0.5573999881744385
YBR061C,YDR434W,0,1.130342,0.1474231481552124,0.9639999866485596,0.5575000047683716
YOL103W-A,YPR194C,0,1.1294131,0.1474006175994873,0.9639999866485596,0.5576000213623047
YJL155C,YOL078W,0,1.128603,0.147378072142601,0.9639999866485596,0.557699978351593
YMR015C,YDR420W,0,1.1285148,0.14735554158687592,0.9639999866485596,0.5577999949455261
YNL039W,YDR298C,0,1.1281979,0.147333025932312,0.9639999866485596,0.5579000115394592
YIL087C,YMR272C,0,1.1281756,0.1473105102777481,0.9639999866485596,0.5580000281333923
YER041W,YEL032W,0,1.1278872,0.1472880095243454,0.9639999866485596,0.5580999851226807
YKL191W,YDR283C,0,1.1274017,0.1472655087709427,0.9639999866485596,0.5582000017166138
YDR034C-C,YJL083W,0,1.1270394,0.14724300801753998,0.9639999866485596,0.5583000183105469
YCR036W,YGR109W-B,0,1.126512,0.14722052216529846,0.9639999866485596,0.5583999752998352
YNR010W,YDL072C,0,1.1260775,0.14719805121421814,0.9639999866485596,0.5584999918937683
YDR511W,YGR109W-A,0,1.1258848,0.14717556536197662,0.9639999866485596,0.5586000084877014
YML011C,YDR402C,0,1.1258724,0.1471531093120575,0.9639999866485596,0.5587000250816345
YNL065W,YHR004C,0,1.1249788,0.14713065326213837,0.9639999866485596,0.5587999820709229
YER101C,YDR036C,0,1.1248412,0.14710819721221924,0.9639999866485596,0.558899998664856
YBL013W,YPL168W,0,1.1244718,0.1470857560634613,0.9639999866485596,0.5590000152587891
YMR008C,YIL101C,0,1.1242762,0.14706331491470337,0.9639999866485596,0.5590999722480774
YDR365C,YNL208W,0,1.1241235,0.14704087376594543,0.9639999866485596,0.5591999888420105
YGR029W,YGR235C,0,1.1238099,0.1470184475183487,0.9639999866485596,0.5593000054359436
YPL209C,YPR055W,0,1.123543,0.14699603617191315,0.9639999866485596,0.5594000220298767
YPR166C,YDR316W-B,0,1.1233757,0.1469736248254776,0.9639999866485596,0.559499979019165
YML132W,YOR304C-A,0,1.1228988,0.14695121347904205,0.9639999866485596,0.5595999956130981
YPR200C,YFR049W,0,1.1226774,0.1469288170337677,0.9639999866485596,0.5597000122070312
YNL190W,YDR098C-B,0,1.1226091,0.14690643548965454,0.9639999866485596,0.5598000288009644
YDR098C-B,YLR347C,0,1.1219642,0.14688405394554138,0.9639999866485596,0.5598999857902527
YLR391W,YCR021C,0,1.1218492,0.14686167240142822,0.9639999866485596,0.5600000023841858
YFR034C,YAL022C,0,1.1216335,0.14683930575847626,0.9639999866485596,0.5601000189781189
YLR035C-A,YDR231C,0,1.1214306,0.1468169391155243,0.9639999866485596,0.5601999759674072
YMR094W,YGR262C,0,1.1211147,0.14679457247257233,0.9639999866485596,0.5602999925613403
YGL211W,YGL161C,0,1.1211014,0.14677223563194275,0.9639999866485596,0.5604000091552734
YLR183C,YGL249W,0,1.1209004,0.14674988389015198,0.9639999866485596,0.5605000257492065
YDL022W,YOR264W,0,1.1204945,0.1467275470495224,0.9639999866485596,0.5605999827384949
YNL330C,YGL194C,1,1.1201465,0.14685741066932678,0.9649999737739563,0.5605999827384949
YDL111C,YLL034C,0,1.1201417,0.146835058927536,0.9649999737739563,0.560699999332428
YJR082C,YGL236C,0,1.1199201,0.14681272208690643,0.9649999737739563,0.5608000159263611
YOL138C,YOR081C,0,1.1198847,0.14679038524627686,0.9649999737739563,0.5608999729156494
YGL237C,YGL060W,0,1.1191933,0.14676806330680847,0.9649999737739563,0.5609999895095825
YOR085W,YBR095C,0,1.1187043,0.1467457413673401,0.9649999737739563,0.5611000061035156
YOL127W,YDL024C,0,1.118409,0.1467234343290329,0.9649999737739563,0.5612000226974487
YLL062C,YPR173C,0,1.1174641,0.1467011272907257,0.9649999737739563,0.5612999796867371
YIL096C,YOR363C,0,1.1173394,0.14667882025241852,0.9649999737739563,0.5613999962806702
YMR036C,YMR090W,0,1.1169103,0.14665652811527252,0.9649999737739563,0.5615000128746033
YDL134C,YCR080W,0,1.1167003,0.14663425087928772,0.9649999737739563,0.5616000294685364
YBL056W,YBR205W,0,1.1165687,0.14661197364330292,0.9649999737739563,0.5616999864578247
YDR210C-D,YOR168W,0,1.1161104,0.14658969640731812,0.9649999737739563,0.5618000030517578
YDR083W,YGR109W-B,0,1.1160352,0.1465674340724945,0.9649999737739563,0.5619000196456909
YBL091C-A,YGL231C,0,1.1154162,0.1465451717376709,0.9649999737739563,0.5619999766349792
YCR098C,YOL103W-B,0,1.115221,0.14652292430400848,0.9649999737739563,0.5620999932289124
YAL033W,YKL020C,0,1.1152071,0.14650067687034607,0.9649999737739563,0.5622000098228455
YMR275C,YKL200C,0,1.1151518,0.14647844433784485,0.9649999737739563,0.5623000264167786
YKL194C,YNL142W,0,1.1150246,0.14645621180534363,0.9649999737739563,0.5623999834060669
YKR034W,YJL187C,0,1.1142254,0.1464339941740036,0.9649999737739563,0.5625
YBR094W,YOR057W,0,1.1140352,0.14641177654266357,0.9649999737739563,0.5626000165939331
YKL087C,YPR158W-B,0,1.1139755,0.14638955891132355,0.9649999737739563,0.5626999735832214
YMR054W,YOR285W,0,1.1139736,0.14636735618114471,0.9649999737739563,0.5627999901771545
YGR103W,YDR261W-A,0,1.1137487,0.14634516835212708,0.9649999737739563,0.5629000067710876
YNL121C,YDR281C,0,1.1127374,0.14632296562194824,0.9649999737739563,0.5630000233650208
YJR119C,YHL009W-B,0,1.111605,0.1463007926940918,0.9649999737739563,0.5630999803543091
YGR161W-B,YOR237W,0,1.1110334,0.14627860486507416,0.9649999737739563,0.5631999969482422
YPL111W,YGR161C-D,0,1.1109512,0.1462564468383789,0.9649999737739563,0.5633000135421753
YLR429W,YDR403W,0,1.1107582,0.14623427391052246,0.9649999737739563,0.5633999705314636
YML027W,YGR260W,0,1.1104434,0.1462121158838272,0.9649999737739563,0.5634999871253967
YDL247W,YPR031W,0,1.1099604,0.14618997275829315,0.9649999737739563,0.5636000037193298
YER008C,YLR054C,0,1.1099375,0.1461678296327591,0.9649999737739563,0.5637000203132629
YDL021W,YHR148W,0,1.1097857,0.14614568650722504,0.9649999737739563,0.5637999773025513
YGR158C,YBL087C,0,1.1096618,0.14612355828285217,0.9649999737739563,0.5638999938964844
YHR105W,YGL030W,0,1.1096389,0.1461014449596405,0.9649999737739563,0.5640000104904175
YLR442C,YKR101W,1,1.1093023,0.14623069763183594,0.9660000205039978,0.5640000104904175
YDL015C,YOR310C,0,1.1086947,0.14620856940746307,0.9660000205039978,0.5641000270843506
YPL051W,YJL117W,0,1.1081138,0.1461864411830902,0.9660000205039978,0.5641999840736389
YCL005W-A,YER175C,0,1.1080089,0.14616432785987854,0.9660000205039978,0.564300000667572
YJR102C,YDR297W,0,1.107854,0.14614221453666687,0.9660000205039978,0.5644000172615051
YKL175W,YDR128W,0,1.1076168,0.1461201012134552,0.9660000205039978,0.5644999742507935
YNL054W-A,YOL129W,0,1.1066813,0.14609800279140472,0.9660000205039978,0.5645999908447266
YOL065C,YMR013C,0,1.1061054,0.14607590436935425,0.9660000205039978,0.5647000074386597
YML067C,YBR233W-A,0,1.105964,0.14605382084846497,0.9660000205039978,0.5648000240325928
YGR191W,YMR160W,0,1.105333,0.14603175222873688,0.9660000205039978,0.5648999810218811
YOL103W-B,YDL128W,0,1.105317,0.1460096687078476,0.9660000205039978,0.5649999976158142
YJL095W,YMR145C,0,1.1052186,0.1459876149892807,0.9660000205039978,0.5651000142097473
YPR035W,YIL072W,0,1.1051146,0.1459655463695526,0.9660000205039978,0.5651999711990356
YKL041W,YDR210W-B,0,1.1048882,0.14594349265098572,0.9660000205039978,0.5652999877929688
YPR137C-B,YER027C,0,1.1047243,0.14592145383358002,0.9660000205039978,0.5654000043869019
YFR007W,YDL154W,0,1.1046457,0.14589941501617432,0.9660000205039978,0.565500020980835
YHR044C,YHR214C-C,0,1.1044595,0.14587737619876862,0.9660000205039978,0.5655999779701233
YMR051C,YNL202W,0,1.1041385,0.1458553522825241,0.9660000205039978,0.5656999945640564
YML096W,YDR093W,0,1.1031858,0.1458333283662796,0.9660000205039978,0.5658000111579895
YER038C,YKL199C,0,1.1030122,0.1458113193511963,0.9660000205039978,0.5659000277519226
YKL168C,YGL019W,0,1.1026624,0.14578931033611298,0.9660000205039978,0.5659999847412109
YCL059C,YMR192W,0,1.1012254,0.14576731622219086,0.9660000205039978,0.566100001335144
YGL123W,YKR055W,0,1.1010214,0.14574532210826874,0.9660000205039978,0.5662000179290771
YGR241C,YDL128W,0,1.1006564,0.1457233428955078,0.9660000205039978,0.5662999749183655
YKL052C,YMR152W,0,1.0995281,0.1457013636827469,0.9660000205039978,0.5663999915122986
YMR168C,YLR418C,0,1.0995088,0.14567938446998596,0.9660000205039978,0.5665000081062317
YGL210W,YLR404W,0,1.098966,0.14565742015838623,0.9660000205039978,0.5666000247001648
YOR324C,YJL083W,0,1.0983555,0.1456354558467865,0.9660000205039978,0.5666999816894531
YFL002W-A,YPR192W,0,1.0982721,0.14561350643634796,0.9660000205039978,0.5667999982833862
YJL056C,YIL132C,0,1.0979346,0.14559155702590942,0.9660000205039978,0.5669000148773193
YPR119W,YNR040W,0,1.0974696,0.14556962251663208,0.9660000205039978,0.5669999718666077
YOR032C,YMR100W,0,1.0973485,0.14554768800735474,0.9660000205039978,0.5670999884605408
YPL155C,YPL210C,0,1.097317,0.1455257534980774,0.9660000205039978,0.5672000050544739
YLR227W-B,YOR193W,0,1.0968852,0.14550383388996124,0.9660000205039978,0.567300021648407
YPL004C,YLR410W-B,0,1.0967152,0.1454819291830063,0.9660000205039978,0.5673999786376953
YCL051W,YNL217W,0,1.0959561,0.14546002447605133,0.9660000205039978,0.5674999952316284
YNR031C,YMR213W,0,1.0954499,0.14543811976909637,0.9660000205039978,0.5676000118255615
YDR218C,YPL042C,0,1.0949541,0.1454162299633026,0.9660000205039978,0.5677000284194946
YBR192W,YML076C,0,1.094882,0.14539434015750885,0.9660000205039978,0.567799985408783
YDR120C,YDR091C,0,1.0947798,0.14537246525287628,0.9660000205039978,0.5679000020027161
YGR040W,YPL117C,0,1.0946157,0.1453505903482437,0.9660000205039978,0.5680000185966492
YBL024W,YCR011C,0,1.0944853,0.14532871544361115,0.9660000205039978,0.5680999755859375
YLR237W,YLL043W,0,1.0943656,0.14530685544013977,0.9660000205039978,0.5681999921798706
YBR267W,YOL139C,0,1.0936601,0.1452850103378296,0.9660000205039978,0.5683000087738037
YMR239C,YLR385C,1,1.0933119,0.14541353285312653,0.9670000076293945,0.5683000087738037
YBR297W,YKL198C,0,1.0932868,0.14539167284965515,0.9670000076293945,0.5684000253677368
YNL039W,YDR308C,0,1.0922666,0.14536981284618378,0.9670000076293945,0.5684999823570251
YPR049C,YNR053C,0,1.0921109,0.1453479677438736,0.9670000076293945,0.5685999989509583
YJL012C,YDR166C,0,1.0919757,0.14532612264156342,0.9670000076293945,0.5687000155448914
YER137C-A,YML120C,0,1.0915368,0.14530427753925323,0.9670000076293945,0.5687999725341797
YJL214W,YJR065C,0,1.0913182,0.14528244733810425,0.9670000076293945,0.5688999891281128
YDL231C,YLR263W,0,1.0908943,0.14526063203811646,0.9670000076293945,0.5690000057220459
YDR130C,YFL035C-B,0,1.0905313,0.14523881673812866,0.9670000076293945,0.569100022315979
YOR215C,YER014W,0,1.0904024,0.14521700143814087,0.9670000076293945,0.5691999793052673
YIL020C,YOR071C,0,1.0903978,0.14519520103931427,0.9670000076293945,0.5692999958992004
YGR281W,YER129W,0,1.0898548,0.14517340064048767,0.9670000076293945,0.5694000124931335
YGR212W,YMR194W,0,1.0891168,0.14515160024166107,0.9670000076293945,0.5695000290870667
YMR013C,YPR137W,0,1.0885049,0.14512981474399567,0.9670000076293945,0.569599986076355
YDR021W,YPL148C,0,1.08786,0.14510804414749146,0.9670000076293945,0.5697000026702881
YBR084W,YLR059C,0,1.0876608,0.14508627355098724,0.9670000076293945,0.5698000192642212
YGR124W,YDR261C-D,0,1.0876389,0.14506450295448303,0.9670000076293945,0.5698999762535095
YFL023W,YOR243C,0,1.0874345,0.14504274725914001,0.9670000076293945,0.5699999928474426
YPL106C,YLR035C-A,0,1.0873458,0.145020991563797,0.9670000076293945,0.5701000094413757
YDL108W,YNR027W,0,1.0869784,0.14499925076961517,0.9670000076293945,0.5702000260353088
YOL112W,YOR192C,0,1.0868286,0.14497750997543335,0.9670000076293945,0.5702999830245972
YLR219W,YLR079W,0,1.08677,0.14495578408241272,0.9670000076293945,0.5703999996185303
YOL059W,YKL200C,0,1.0865396,0.1449340581893921,0.9670000076293945,0.5705000162124634
YPL155C,YNR021W,0,1.0863236,0.14491233229637146,0.9670000076293945,0.5705999732017517
YBR078W,YDR109C,0,1.086013,0.14489062130451202,0.9670000076293945,0.5706999897956848
YDR510W,YLR337W,0,1.0858839,0.1448689103126526,0.9670000076293945,0.5708000063896179
YKR078W,YDL195W,0,1.0853558,0.14484721422195435,0.9670000076293945,0.570900022983551
YHR011W,YDR092W,0,1.0849521,0.1448255181312561,0.9670000076293945,0.5709999799728394
YIL017W,YOR002W,0,1.0843043,0.14480383694171906,0.9670000076293945,0.5710999965667725
YDR420W,YMR131C,0,1.0837935,0.144782155752182,0.9670000076293945,0.5712000131607056
YHL011C,YDR415C,0,1.0836899,0.14476047456264496,0.9670000076293945,0.5713000297546387
YOR126C,YGR109W-B,0,1.0836322,0.1447388082742691,0.9670000076293945,0.571399986743927
YDR210C-D,YDL204W,0,1.0831658,0.14471715688705444,0.9670000076293945,0.5715000033378601
YOR123C,YNL073W,0,1.0828779,0.1446954905986786,0.9670000076293945,0.5716000199317932
YMR267W,YKL138C-A,0,1.0826763,0.14467385411262512,0.9670000076293945,0.5716999769210815
YCL012W,YMR312W,0,1.0817361,0.14465220272541046,0.9670000076293945,0.5717999935150146
YAR010C,YDL137W,0,1.0813346,0.144630566239357,0.9670000076293945,0.5719000101089478
YDR303C,YNL059C,1,1.0812364,0.14475849270820618,0.9679999947547913,0.5719000101089478
YLR154W-C,YCL069W,0,1.0811777,0.14473684132099152,0.9679999947547913,0.5720000267028809
YNL328C,YMR112C,0,1.0811225,0.14471520483493805,0.9679999947547913,0.5720999836921692
YMR243C,YDR273W,0,1.081014,0.14469356834888458,0.9679999947547913,0.5722000002861023
YJL141C,YPL188W,0,1.0808268,0.1446719467639923,0.9679999947547913,0.5723000168800354
YGL161C,YPR057W,0,1.0791439,0.14465032517910004,0.9679999947547913,0.5723999738693237
YGR029W,YER063W,0,1.0790607,0.14462871849536896,0.9679999947547913,0.5724999904632568
YGR165W,YFR052W,0,1.07901,0.14460711181163788,0.9679999947547913,0.5726000070571899
YKL088W,YDR515W,0,1.0789592,0.1445855051279068,0.9679999947547913,0.572700023651123
YPR096C,YBR122C,0,1.0785462,0.14456391334533691,0.9679999947547913,0.5727999806404114
YPL143W,YLR043C,0,1.0779879,0.14454233646392822,0.9679999947547913,0.5728999972343445
YMR247C,YOR343W-A,0,1.0779275,0.14452075958251953,0.9679999947547913,0.5730000138282776
YNL219C,YLR061W,0,1.0771062,0.14449918270111084,0.9679999947547913,0.5730999708175659
YOL138C,YNR027W,0,1.077064,0.14447760581970215,0.9679999947547913,0.573199987411499
YPR134W,YDR261W-A,0,1.0766338,0.14445605874061584,0.9679999947547913,0.5733000040054321
YPL207W,YIL139C,0,1.0764599,0.14443449676036835,0.9679999947547913,0.5734000205993652
YLR206W,YJL141C,0,1.076283,0.14441294968128204,0.9679999947547913,0.5734999775886536
YER074W,YBR211C,0,1.0760399,0.14439140260219574,0.9679999947547913,0.5735999941825867
YNL297C,YER147C,0,1.0760239,0.14436987042427063,0.9679999947547913,0.5737000107765198
YER048W-A,YFR024C,0,1.0756406,0.14434833824634552,0.9679999947547913,0.5738000273704529
YKL097W-A,YGL227W,0,1.0753855,0.1443268209695816,0.9679999947547913,0.5738999843597412
YAL030W,YOR084W,0,1.0735732,0.1443053036928177,0.9679999947547913,0.5740000009536743
YDL211C,YML018C,0,1.0729991,0.14428380131721497,0.9679999947547913,0.5741000175476074
YDR126W,YDL145C,0,1.0726216,0.14426229894161224,0.9679999947547913,0.5741999745368958
YJR109C,YKL061W,0,1.0724984,0.14424079656600952,0.9679999947547913,0.5742999911308289
YMR268W-A,YCL057W,0,1.0724616,0.144219309091568,0.9679999947547913,0.574400007724762
YDL108W,YPR159W,0,1.0723413,0.14419782161712646,0.9679999947547913,0.5745000243186951
YNL138W,YDL115C,0,1.0722889,0.14417634904384613,0.9679999947547913,0.5745999813079834
YGL161C,YLL050C,0,1.0721741,0.1441548764705658,0.9679999947547913,0.5746999979019165
YOL004W,YML109W,1,1.0716336,0.14428231120109558,0.968999981880188,0.5746999979019165
YAR009C,YOR206W,0,1.0713809,0.14426082372665405,0.968999981880188,0.5748000144958496
YGR005C,YDR517W,0,1.0709598,0.14423935115337372,0.968999981880188,0.5748999714851379
YEL006W,YLL050C,0,1.0706255,0.14421789348125458,0.968999981880188,0.574999988079071
YBR040W,YOR269W,0,1.070413,0.14419643580913544,0.968999981880188,0.5751000046730042
YNL242W,YMR292W,0,1.0700722,0.1441749781370163,0.968999981880188,0.5752000212669373
YKL009W,YBR054W,0,1.0698805,0.14415352046489716,0.968999981880188,0.5752999782562256
YML037C,YOR142W-B,0,1.0695763,0.1441320776939392,0.968999981880188,0.5753999948501587
YKR007W,YCL067C,0,1.0694019,0.14411064982414246,0.968999981880188,0.5755000114440918
YMR034C,YDR440W,0,1.0693018,0.1440892219543457,0.968999981880188,0.5756000280380249
YER096W,YER149C,0,1.0688156,0.14406779408454895,0.968999981880188,0.5756999850273132
YBR040W,YGL139W,0,1.0686234,0.1440463811159134,0.968999981880188,0.5758000016212463
YOR131C,YIL080W,0,1.0685709,0.14402496814727783,0.968999981880188,0.5759000182151794
YKL032C,YML116W,0,1.0683649,0.14400357007980347,0.968999981880188,0.5759999752044678
YKL097W-A,YMR156C,0,1.0678747,0.1439821720123291,0.968999981880188,0.5760999917984009
YHL025W,YNL246W,1,1.0675031,0.1441093385219574,0.9700000286102295,0.5760999917984009
YJL056C,YMR048W,0,1.0672168,0.14408794045448303,0.9700000286102295,0.576200008392334
YGL162W,YPR171W,0,1.0658572,0.14406654238700867,0.9700000286102295,0.5763000249862671
YAL030W,YIL115C,0,1.065852,0.1440451443195343,0.9700000286102295,0.5763999819755554
YJL158C,YDR368W,0,1.065381,0.14402376115322113,0.9700000286102295,0.5764999985694885
YHR088W,YDR081C,0,1.0650798,0.14400237798690796,0.9700000286102295,0.5766000151634216
YDR400W,YJR130C,0,1.0648407,0.1439809948205948,0.9700000286102295,0.57669997215271
YBR020W,YDL072C,0,1.0647599,0.1439596265554428,0.9700000286102295,0.5767999887466431
YGR124W,YGR017W,0,1.0646924,0.14393827319145203,0.9700000286102295,0.5769000053405762
YDL216C,YGL226C-A,0,1.0639161,0.14391691982746124,0.9700000286102295,0.5770000219345093
YGL172W,YLL001W,0,1.0633941,0.14389556646347046,0.9700000286102295,0.5770999789237976
YHR114W,YBR168W,0,1.0629065,0.14387422800064087,0.9700000286102295,0.5771999955177307
YGR191W,YOR240W,0,1.0628059,0.14385288953781128,0.9700000286102295,0.5773000121116638
YMR071C,YOR224C,0,1.0618162,0.1438315510749817,0.9700000286102295,0.5774000287055969
YDL197C,YMR284W,1,1.0610603,0.14395849406719208,0.9710000157356262,0.5774000287055969
YHR210C,YDR545W,0,1.0610328,0.1439371407032013,0.9710000157356262,0.5774999856948853
YHR170W,YPR137C-B,0,1.0600506,0.1439158171415329,0.9710000157356262,0.5776000022888184
YHL009W-B,YPL064C,0,1.0600506,0.1438944935798645,0.9710000157356262,0.5777000188827515
YDR361C,YLR249W,0,1.0594938,0.1438731700181961,0.9710000157356262,0.5777999758720398
YHR160C,YJL192C,0,1.0593698,0.1438518464565277,0.9710000157356262,0.5778999924659729
YLR005W,YLR432W,0,1.0581543,0.1438305377960205,0.9710000157356262,0.578000009059906
YAL034W-A,YPR133W-A,0,1.0579829,0.1438092440366745,0.9710000157356262,0.5781000256538391
YHR184W,YLR092W,0,1.0576982,0.1437879502773285,0.9710000157356262,0.5781999826431274
YPL096W,YDR261W-A,0,1.0559459,0.14376665651798248,0.9710000157356262,0.5782999992370605
YER019C-A,YAR015W,0,1.0557625,0.14374537765979767,0.9710000157356262,0.5784000158309937
YDR361C,YLR220W,0,1.0555104,0.14372409880161285,0.9710000157356262,0.578499972820282
YGR208W,YPR158W-B,0,1.0550537,0.14370281994342804,0.9710000157356262,0.5785999894142151
YJR034W,YGL173C,0,1.0548981,0.14368155598640442,0.9710000157356262,0.5787000060081482
YMR070W,YMR312W,0,1.054381,0.143660306930542,0.9710000157356262,0.5788000226020813
YDR517W,YLR391W-A,0,1.0539498,0.14363905787467957,0.9710000157356262,0.5788999795913696
YKL093W,YDR172W,0,1.05393,0.14361780881881714,0.9710000157356262,0.5789999961853027
YML054C,YBR205W,0,1.0537694,0.1435965746641159,0.9710000157356262,0.5791000127792358
YFR018C,YMR165C,0,1.0532215,0.14357534050941467,0.9710000157356262,0.579200029373169
YEL056W,YGL139W,0,1.0526738,0.14355410635471344,0.9710000157356262,0.5792999863624573
YLL051C,YNL153C,0,1.0521245,0.1435328871011734,0.9710000157356262,0.5794000029563904
YMR234W,YMR020W,0,1.0521003,0.14351168274879456,0.9710000157356262,0.5795000195503235
YNL267W,YCR094W,0,1.0517226,0.14349046349525452,0.9710000157356262,0.5795999765396118
YMR036C,YLR460C,0,1.0517066,0.14346927404403687,0.9710000157356262,0.5796999931335449
YKL192C,YER068W,0,1.0514308,0.14344806969165802,0.9710000157356262,0.579800009727478
YJL052W,YDL204W,0,1.0506161,0.14342688024044037,0.9710000157356262,0.5799000263214111
YLR337W,YJL198W,0,1.0504912,0.1434057056903839,0.9710000157356262,0.5799999833106995
YMR308C,YKR072C,0,1.0503345,0.14338453114032745,0.9710000157356262,0.5800999999046326
YGR281W,YHR037W,0,1.0502971,0.143363356590271,0.9710000157356262,0.5802000164985657
YLR363C,YFR047C,0,1.0502546,0.14334219694137573,0.9710000157356262,0.580299973487854
YOL154W,YMR235C,0,1.0493572,0.14332103729248047,0.9710000157356262,0.5803999900817871
YOR290C,YPL082C,0,1.0489954,0.1432998776435852,0.9710000157356262,0.5805000066757202
YER029C,YIL008W,0,1.0489532,0.14327873289585114,0.9710000157356262,0.5806000232696533
YOR039W,YER093C,0,1.0482264,0.14325760304927826,0.9710000157356262,0.5806999802589417
YOR078W,YNL218W,0,1.0480576,0.1432364583015442,0.9710000157356262,0.5807999968528748
YDR164C,YMR002W,0,1.0472455,0.1432153433561325,0.9710000157356262,0.5809000134468079
YCR010C,YLL011W,0,1.0468622,0.14319421350955963,0.9710000157356262,0.5809999704360962
YOL111C,YCR021C,0,1.0467649,0.14317309856414795,0.9710000157356262,0.5810999870300293
YGR062C,YKL158W,0,1.0463818,0.14315199851989746,0.9710000157356262,0.5812000036239624
YDR235W,YGR024C,0,1.0462407,0.14313089847564697,0.9710000157356262,0.5813000202178955
YJL133W,YIL036W,0,1.0461948,0.14310979843139648,0.9710000157356262,0.5813999772071838
YFL035C-B,YDR545W,0,1.0460057,0.1430887132883072,0.9710000157356262,0.5814999938011169
YDR041W,YNL217W,0,1.0456128,0.1430676281452179,0.9710000157356262,0.58160001039505
YGR047C,YMR100W,0,1.0455325,0.1430465579032898,0.9710000157356262,0.5817000269889832
YDR012W,YDR328C,0,1.045137,0.1430254876613617,0.9710000157356262,0.5817999839782715
YIL139C,YLR299W,0,1.0445352,0.1430044174194336,0.9710000157356262,0.5819000005722046
YDR490C,YDR173C,0,1.0440285,0.1429833620786667,0.9710000157356262,0.5820000171661377
YDR254W,YLL012W,0,1.0425916,0.14296230673789978,0.9710000157356262,0.582099974155426
YKR102W,YDR040C,0,1.0425363,0.14294126629829407,0.9710000157356262,0.5821999907493591
YOR265W,YLR074C,0,1.0425253,0.14292022585868835,0.9710000157356262,0.5823000073432922
YLR192C,YHR210C,0,1.0425241,0.14289918541908264,0.9710000157356262,0.5824000239372253
YDR034C-C,YDR528W,0,1.0418475,0.14287815988063812,0.9710000157356262,0.5824999809265137
YLR314C,YPL117C,0,1.0409697,0.1428571492433548,0.9710000157356262,0.5825999975204468
YCL074W,YKL063C,0,1.0403938,0.14283612370491028,0.9710000157356262,0.5827000141143799
YNR044W,YKL062W,0,1.0402936,0.14281511306762695,0.9710000157356262,0.5827999711036682
YLR329W,YMR166C,0,1.0399675,0.14279411733150482,0.9710000157356262,0.5828999876976013
YER072W,YML120C,0,1.0399189,0.1427731215953827,0.9710000157356262,0.5830000042915344
YLL001W,YDL081C,0,1.0390145,0.14275212585926056,0.9710000157356262,0.5831000208854675
YER086W,YCR097WB,0,1.0388397,0.14273114502429962,0.9710000157356262,0.5831999778747559
YOR127W,YDR031W,0,1.0377439,0.14271016418933868,0.9710000157356262,0.583299994468689
YDR101C,YPL082C,0,1.0366423,0.14268919825553894,0.9710000157356262,0.5834000110626221
YHR039C-A,YDR292C,0,1.0366213,0.1426682323217392,0.9710000157356262,0.5835000276565552
YMR239C,YOR304W,1,1.0361924,0.1427941769361496,0.972000002861023,0.5835000276565552
YDR210C-D,YCL031C,0,1.0361367,0.14277321100234985,0.972000002861023,0.5835999846458435
YKL116C,YEL013W,0,1.036088,0.1427522450685501,0.972000002861023,0.5837000012397766
YGR124W,YPR071W,0,1.0356264,0.14273127913475037,0.972000002861023,0.5838000178337097
YKL088W,YPR190C,0,1.0353311,0.14271032810211182,0.972000002861023,0.583899974822998
YOR131C,YLR209C,0,1.034792,0.14268937706947327,0.972000002861023,0.5839999914169312
YFR031C-A,YOR020C,0,1.034152,0.14266842603683472,0.972000002861023,0.5841000080108643
YLR381W,YIL022W,0,1.0340918,0.14264748990535736,0.972000002861023,0.5842000246047974
YLR446W,YER153C,0,1.0333887,0.14262655377388,0.972000002861023,0.5842999815940857
YDR479C,YPL257W-B,0,1.032495,0.14260563254356384,0.972000002861023,0.5843999981880188
YJL219W,YGR234W,0,1.0323316,0.14258471131324768,0.972000002861023,0.5845000147819519
YOL082W,YML071C,0,1.0322721,0.1425638049840927,0.972000002861023,0.5845999717712402
YMR001C,YMR246W,0,1.0305749,0.14254289865493774,0.972000002861023,0.5846999883651733
YIL132C,YOL070C,0,1.030513,0.14252199232578278,0.972000002861023,0.5848000049591064
YDR363W-A,YDR482C,0,1.0303675,0.142501100897789,0.972000002861023,0.5849000215530396
YNR002C,YJR059W,0,1.0294951,0.14248020946979523,0.972000002861023,0.5849999785423279
YER029C,YNL045W,0,1.0293728,0.14245933294296265,0.972000002861023,0.585099995136261
YDR429C,YJL094C,0,1.0293458,0.14243845641613007,0.972000002861023,0.5852000117301941
YLR460C,YDR243C,0,1.0288892,0.14241757988929749,0.972000002861023,0.5853000283241272
YBL091C,YMR203W,0,1.0285883,0.1423967182636261,0.972000002861023,0.5853999853134155
YKL138C-A,YER155C,0,1.0283886,0.1423758566379547,0.972000002861023,0.5855000019073486
YLR385C,YFR037C,1,1.0283756,0.14250145852565765,0.9729999899864197,0.5855000019073486
YGL095C,YDR494W,0,1.0270109,0.14248059689998627,0.9729999899864197,0.5856000185012817
YDR530C,YHR081W,0,1.0267696,0.14245973527431488,0.9729999899864197,0.5856999754905701
YOL105C,YFR024C,0,1.0263643,0.1424388885498047,0.9729999899864197,0.5857999920845032
YJR153W,YJR010C-A,0,1.0261477,0.1424180269241333,0.9729999899864197,0.5859000086784363
YIL018W,YBL055C,0,1.026135,0.1423971951007843,0.9729999899864197,0.5860000252723694
YLR413W,YDR304C,0,1.025779,0.1423763483762741,0.9729999899864197,0.5860999822616577
YBL088C,YMR125W,0,1.0255163,0.1423555165529251,0.9729999899864197,0.5861999988555908
YJL127C,YBR090C-A,1,1.0240681,0.1424809843301773,0.9739999771118164,0.5861999988555908
YOR090C,YNL012W,0,1.0239094,0.14246013760566711,0.9739999771118164,0.5863000154495239
YGL060W,YMR089C,0,1.0235957,0.14243930578231812,0.9739999771118164,0.5863999724388123
YMR298W,YLR037C,0,1.0219426,0.1424184888601303,0.9739999771118164,0.5864999890327454
YHR070W,YJR126C,0,1.0218468,0.1423976570367813,0.9739999771118164,0.5866000056266785
YHL004W,YIL037C,0,1.0211208,0.1423768401145935,0.9739999771118164,0.5867000222206116
YOR304W,YLR285W,1,1.0211018,0.14250218868255615,0.9750000238418579,0.5867000222206116
YGL085W,YKR093W,0,1.0206516,0.14248137176036835,0.9750000238418579,0.5867999792098999
YEL022W,YDR252W,0,1.0204792,0.14246055483818054,0.9750000238418579,0.586899995803833
YBR003W,YLR010C,0,1.0203395,0.14243973791599274,0.9750000238418579,0.5870000123977661
YLR410W-A,YER070W,0,1.0201336,0.14241893589496613,0.9750000238418579,0.5871000289916992
YJL035C,YGR272C,0,1.0200338,0.14239813387393951,0.9750000238418579,0.5871999859809875
YGR156W,YJL054W,0,1.0190761,0.1423773318529129,0.9750000238418579,0.5873000025749207
YGR142W,YFR008W,0,1.0190295,0.14235654473304749,0.9750000238418579,0.5874000191688538
YGL183C,YBL030C,0,1.0183827,0.14233577251434326,0.9750000238418579,0.5874999761581421
YOL103W-A,YHR076W,0,1.0183625,0.14231498539447784,0.9750000238418579,0.5875999927520752
YOL057W,YDR529C,0,1.0181421,0.14229422807693481,0.9750000238418579,0.5877000093460083
YDR023W,YMR176W,0,1.0180734,0.1422734558582306,0.9750000238418579,0.5878000259399414
YCL025C,YHR207C,0,1.0176889,0.14225269854068756,0.9750000238418579,0.5878999829292297
YKL069W,YOR063W,0,1.0167807,0.14223194122314453,0.9750000238418579,0.5879999995231628
YOR069W,YDR098C-A,0,1.0166353,0.1422111988067627,0.9750000238418579,0.588100016117096
YOR373W,YPR108W,0,1.0164675,0.14219045639038086,0.9750000238418579,0.5881999731063843
YGR159C,YOR155C,0,1.0156289,0.14216972887516022,0.9750000238418579,0.5882999897003174
YEL020W-A,YDR460W,0,1.0156128,0.14214900135993958,0.9750000238418579,0.5884000062942505
YDR422C,YDR261C-D,0,1.0153517,0.14212827384471893,0.9750000238418579,0.5885000228881836
YAR042W,YGL203C,0,1.0152366,0.14210756123065948,0.9750000238418579,0.5885999798774719
YML092C,YPL099C,0,1.014922,0.14208684861660004,0.9750000238418579,0.588699996471405
YPL010W,YPR204W,0,1.0146658,0.14206615090370178,0.9750000238418579,0.5888000130653381
YPR137C-B,YCL001W,0,1.0142889,0.14204545319080353,0.9750000238418579,0.5889000296592712
YMR013C,YER002W,0,1.014282,0.14202477037906647,0.9750000238418579,0.5889999866485596
YJR098C,YHR085W,0,1.0139331,0.1420040726661682,0.9750000238418579,0.5891000032424927
YGR085C,YOR396W,0,1.0138612,0.14198340475559235,0.9750000238418579,0.5892000198364258
YMR036C,YHR006W,0,1.01384,0.14196272194385529,0.9750000238418579,0.5892999768257141
YKR104W,YDR393W,0,1.0138319,0.14194205403327942,0.9750000238418579,0.5893999934196472
YLL053C,YDR072C,0,1.0136766,0.14192140102386475,0.9750000238418579,0.5895000100135803
YDR110W,YKR048C,1,1.0136104,0.14204628765583038,0.9760000109672546,0.5895000100135803
YCR038C,YNL284C,0,1.0132658,0.14202560484409332,0.9760000109672546,0.5896000266075134
YGR224W,YHR207C,0,1.0127045,0.14200495183467865,0.9760000109672546,0.5896999835968018
YDR308C,YMR225C,0,1.0123135,0.14198428392410278,0.9760000109672546,0.5898000001907349
YDR316W-A,YOR167C,0,1.0116323,0.1419636309146881,0.9760000109672546,0.589900016784668
YDR067C,YPL119C,0,1.0114597,0.14194299280643463,0.9760000109672546,0.5899999737739563
YLR004C,YOR338W,0,1.0112345,0.14192235469818115,0.9760000109672546,0.5900999903678894
YMR090W,YNL217W,0,1.0112209,0.14190171658992767,0.9760000109672546,0.5902000069618225
YPR133W-A,YMR203W,0,1.0109743,0.1418810933828354,0.9760000109672546,0.5903000235557556
YIL017W,YIL006W,0,1.0098796,0.1418604701757431,0.9760000109672546,0.590399980545044
YBR035C,YJL134W,0,1.0094497,0.14183984696865082,0.9760000109672546,0.590499997138977
YIL017W,YBR050C,0,1.0093143,0.14181923866271973,0.9760000109672546,0.5906000137329102
YCR087C-A,YPL244C,0,1.00914,0.14179863035678864,0.9760000109672546,0.5906999707221985
YPL269W,YDL205C,0,1.0090599,0.14177803695201874,0.9760000109672546,0.5907999873161316
YML016C,YDR036C,0,1.0089681,0.14175744354724884,0.9760000109672546,0.5909000039100647
YPR031W,YBL054W,0,1.0084686,0.14173685014247894,0.9760000109672546,0.5910000205039978
YBR045C,YJL108C,0,1.0083408,0.14171627163887024,0.9760000109672546,0.5910999774932861
YIL052C,YOL142W,0,1.0080602,0.14169570803642273,0.9760000109672546,0.5911999940872192
YDR090C,YKL183W,0,1.0079226,0.14167512953281403,0.9760000109672546,0.5913000106811523
YPL194W,YJL134W,0,1.0075753,0.14165456593036652,0.9760000109672546,0.5914000272750854
YER168C,YNL244C,0,1.0072705,0.1416340172290802,0.9760000109672546,0.5914999842643738
YML051W,YNL036W,0,1.0070968,0.14161346852779388,0.9760000109672546,0.5916000008583069
YBR118W,YNL045W,0,1.0070819,0.14159291982650757,0.9760000109672546,0.59170001745224
YKL194C,YBR251W,0,1.0063547,0.14157238602638245,0.9760000109672546,0.5917999744415283
YER168C,YLR118C,0,1.0062623,0.14155185222625732,0.9760000109672546,0.5918999910354614
YDL080C,YML049C,0,1.0060416,0.1415313184261322,0.9760000109672546,0.5920000076293945
YML074C,YOL051W,0,1.0057955,0.14151079952716827,0.9760000109672546,0.5921000242233276
YDR164C,YDL040C,0,1.005266,0.14149028062820435,0.9760000109672546,0.592199981212616
YPL155C,YKL135C,0,1.0048227,0.1414697766304016,0.9760000109672546,0.5922999978065491
YDR246W,YAL013W,0,1.003807,0.14144927263259888,0.9760000109672546,0.5924000144004822
YMR183C,YHR103W,0,1.0036652,0.14142878353595734,0.9760000109672546,0.5924999713897705
YDR138W,YLR204W,0,1.003237,0.1414082944393158,0.9760000109672546,0.5925999879837036
YCL060C,YOR244W,1,1.0029473,0.14153265953063965,0.9769999980926514,0.5925999879837036
YDR298C,YOL019W,0,1.0028833,0.1415121704339981,0.9769999980926514,0.5927000045776367
YLR305C,YHR148W,0,1.0027746,0.14149166643619537,0.9769999980926514,0.5928000211715698
YMR298W,YJR028W,0,1.0015098,0.14147117733955383,0.9769999980926514,0.5928999781608582
YML087C,YFL004W,0,1.0012422,0.1414507031440735,0.9769999980926514,0.5929999947547913
YKL165C,YJR149W,0,1.0010976,0.14143022894859314,0.9769999980926514,0.5931000113487244
YGL144C,YOR363C,0,1.0005058,0.1414097547531128,0.9769999980926514,0.5932000279426575
YCL057W,YMR048W,0,1.0002673,0.14138929545879364,0.9769999980926514,0.5932999849319458
YDR376W,YLR314C,0,1.0000801,0.1413688361644745,0.9769999980926514,0.5934000015258789
YNR059W,YER125W,0,0.99952894,0.14134837687015533,0.9769999980926514,0.593500018119812
YOL059W,YOL151W,0,0.99924016,0.14132793247699738,0.9769999980926514,0.5935999751091003
YPR138C,YNL136W,0,0.99866056,0.14130748808383942,0.9769999980926514,0.5936999917030334
YOR045W,YDR238C,0,0.99816644,0.14128705859184265,0.9769999980926514,0.5938000082969666
YDR406W,YJR135W-A,0,0.99769646,0.1412666290998459,0.9769999980926514,0.5939000248908997
YFR005C,YLR017W,0,0.9975472,0.14124619960784912,0.9769999980926514,0.593999981880188
YBR141C,YLL055W,0,0.99732554,0.14122578501701355,0.9769999980926514,0.5940999984741211
YHR150W,YBR084W,0,0.9973084,0.14120537042617798,0.9769999980926514,0.5942000150680542
YDR414C,YJL003W,0,0.9970715,0.1411849707365036,0.9769999980926514,0.5942999720573425
YHR185C,YCR091W,0,0.9964818,0.14116457104682922,0.9769999980926514,0.5943999886512756
YOL102C,YDL107W,0,0.9964783,0.14114417135715485,0.9769999980926514,0.5945000052452087
YGL137W,YPL031C,0,0.9963925,0.14112378656864166,0.9769999980926514,0.5946000218391418
YGL135W,YKL024C,0,0.9962199,0.14110340178012848,0.9769999980926514,0.5946999788284302
YER127W,YNL079C,0,0.9959687,0.1410830318927765,0.9769999980926514,0.5947999954223633
YGR081C,YBL038W,0,0.9958707,0.1410626620054245,0.9769999980926514,0.5949000120162964
YLL048C,YDR160W,0,0.9958138,0.1410422921180725,0.9769999980926514,0.5950000286102295
YHR039C-A,YDR415C,0,0.9957427,0.1410219371318817,0.9769999980926514,0.5950999855995178
YGR071C,YPL154C,0,0.9955752,0.14100158214569092,0.9769999980926514,0.5952000021934509
YJR057W,YCL057W,0,0.9954051,0.14098124206066132,0.9769999980926514,0.595300018787384
YDR381W,YMR229C,0,0.99428666,0.1409609019756317,0.9769999980926514,0.5953999757766724
YPR143W,YDL047W,0,0.9932456,0.1409405618906021,0.9769999980926514,0.5954999923706055
YMR072W,YMR256C,0,0.99221385,0.1409202367067337,0.9769999980926514,0.5956000089645386
YIL087C,YDR507C,0,0.99149436,0.1408999115228653,0.9769999980926514,0.5957000255584717
YJR005W,YMR109W,0,0.9913235,0.14087960124015808,0.9769999980926514,0.59579998254776
YHL036W,YOR049C,0,0.9909822,0.14085929095745087,0.9769999980926514,0.5958999991416931
YBR272C,YAR019C,0,0.99088967,0.14083898067474365,0.9769999980926514,0.5960000157356262
YOL043C,YPR137C-A,0,0.99073315,0.14081868529319763,0.9769999980926514,0.5960999727249146
YOR142W-A,YHR082C,0,0.9899242,0.1407983899116516,0.9769999980926514,0.5961999893188477
YDR448W,YCR009C,0,0.98945105,0.1407780945301056,0.9769999980926514,0.5963000059127808
YER017C,YFL018W-A,0,0.9890346,0.14075781404972076,0.9769999980926514,0.5964000225067139
YMR035W,YBL082C,0,0.9884703,0.14073753356933594,0.9769999980926514,0.5964999794960022
YLR099C,YDR081C,0,0.98733777,0.1407172679901123,0.9769999980926514,0.5965999960899353
YLR154W-C,YBL038W,0,0.98675543,0.14069700241088867,0.9769999980926514,0.5967000126838684
YKR034W,YNL227C,0,0.98563474,0.14067675173282623,0.9769999980926514,0.5968000292778015
YNL236W,YCL066W,0,0.98554057,0.1406564861536026,0.9769999980926514,0.5968999862670898
YOR224C,YML094W,0,0.9855056,0.14063625037670135,0.9769999980926514,0.597000002861023
YLR043C,YKR053C,0,0.98526204,0.14061599969863892,0.9769999980926514,0.597100019454956
YKL138C,YGR272C,0,0.9849817,0.14059576392173767,0.9769999980926514,0.5971999764442444
YHR110W,YCL057C-A,0,0.9846543,0.14057554304599762,0.9769999980926514,0.5972999930381775
YNR002C,YOR396W,0,0.98427176,0.14055532217025757,0.9769999980926514,0.5974000096321106
YOR396W,YDL139C,0,0.98401576,0.14053510129451752,0.9769999980926514,0.5975000262260437
YER104W,YIL036W,0,0.98341185,0.14051488041877747,0.9769999980926514,0.597599983215332
YFR007W,YDR441C,0,0.9832407,0.1404946744441986,0.9769999980926514,0.5976999998092651
YJR060W,YOR393W,0,0.9826629,0.14047448337078094,0.9769999980926514,0.5978000164031982
YMR145C,YBR261C,0,0.9821331,0.1404542773962021,0.9769999980926514,0.5978999733924866
YBL021C,YBR173C,0,0.9816652,0.14043410122394562,0.9769999980926514,0.5979999899864197
YMR296C,YGL045W,0,0.9814804,0.14041391015052795,0.9769999980926514,0.5981000065803528
YCL003W,YML092C,0,0.98108554,0.14039373397827148,0.9769999980926514,0.5982000231742859
YDR074W,YCL008C,0,0.9802782,0.14037355780601501,0.9769999980926514,0.5982999801635742
YOR261C,YGR046W,0,0.9799916,0.14035339653491974,0.9769999980926514,0.5983999967575073
YML101C,YBL090W,0,0.97960997,0.14033323526382446,0.9769999980926514,0.5985000133514404
YOR027W,YKL001C,0,0.97903883,0.14031308889389038,0.9769999980926514,0.5985999703407288
YJL141C,YAL043C,0,0.97903293,0.1402929425239563,0.9769999980926514,0.5986999869346619
YPL019C,YLR259C,0,0.97861433,0.14027279615402222,0.9769999980926514,0.598800003528595
YNL162W,YPR173C,0,0.97806144,0.14025264978408813,0.9769999980926514,0.5989000201225281
YIL052C,YPR158W-B,0,0.9767596,0.14023251831531525,0.9769999980926514,0.5989999771118164
YKL001C,YBR233W-A,0,0.9763007,0.14021240174770355,0.9769999980926514,0.5990999937057495
YPL127C,YCR052W,1,0.9761447,0.14033576846122742,0.9779999852180481,0.5990999937057495
YLR083C,YDR316W-A,0,0.9760521,0.14031563699245453,0.9779999852180481,0.5992000102996826
YMR198W,YLR019W,0,0.9757371,0.14029550552368164,0.9779999852180481,0.5993000268936157
YPL040C,YML039W,0,0.97559804,0.14027538895606995,0.9779999852180481,0.599399983882904
YNR045W,YLL012W,0,0.975507,0.14025527238845825,0.9779999852180481,0.5995000004768372
YNR040W,YKR103W,0,0.9751104,0.14023515582084656,0.9779999852180481,0.5996000170707703
YER174C,YER090W,0,0.97506213,0.14021505415439606,0.9779999852180481,0.5996999740600586
YER060W-A,YGR047C,0,0.9748528,0.14019495248794556,0.9779999852180481,0.5997999906539917
YKL024C,YNR050C,0,0.9739959,0.14017486572265625,0.9779999852180481,0.5999000072479248
YKL155C,YFL035C-B,0,0.9732638,0.14015477895736694,0.9779999852180481,0.6000000238418579
YJR109C,YIL128W,0,0.9727427,0.14013469219207764,0.9779999852180481,0.6000999808311462
YDR195W,YGR170W,0,0.9724865,0.14011462032794952,0.9779999852180481,0.6001999974250793
YPL258C,YNL131W,0,0.9722907,0.1400945484638214,0.9779999852180481,0.6003000140190125
YDR422C,YNL217W,0,0.9718899,0.1400744765996933,0.9779999852180481,0.6003999710083008
YIL037C,YJR010C-A,0,0.9718491,0.14005441963672638,0.9779999852180481,0.6004999876022339
YKR079C,YDR039C,0,0.97018605,0.14003436267375946,0.9779999852180481,0.600600004196167
YPL019C,YKR079C,0,0.97007513,0.14001432061195374,0.9779999852180481,0.6007000207901001
YFR041C,YDR393W,0,0.96933186,0.139994278550148,0.9779999852180481,0.6007999777793884
YDR117C,YIL115C,0,0.968983,0.13997423648834229,0.9779999852180481,0.6008999943733215
YJL103C,YJR131W,0,0.9684186,0.13995420932769775,0.9779999852180481,0.6010000109672546
YBL090W,YNL121C,0,0.9683095,0.13993418216705322,0.9779999852180481,0.6011000275611877
YDL210W,YIL011W,0,0.9682746,0.13991416990756989,0.9779999852180481,0.6011999845504761
YBR046C,YDR463W,0,0.96800506,0.13989414274692535,0.9779999852180481,0.6013000011444092
YPL198W,YOR106W,0,0.96787393,0.1398741453886032,0.9779999852180481,0.6014000177383423
YEL022W,YJR138W,0,0.9676379,0.13985413312911987,0.9779999852180481,0.6014999747276306
YER044C,YDR281C,0,0.9674133,0.13983415067195892,0.9779999852180481,0.6015999913215637
YBL014C,YDR130C,0,0.9667717,0.13981415331363678,0.9779999852180481,0.6017000079154968
YJR060W,YPL220W,0,0.96613216,0.13979417085647583,0.9779999852180481,0.6018000245094299
YBR119W,YDL082W,0,0.96533376,0.13977418839931488,0.9779999852180481,0.6018999814987183
YPL096C-A,YJL005W,0,0.96519744,0.13975422084331512,0.9779999852180481,0.6019999980926514
YML013W,YJR001W,0,0.96489763,0.13973425328731537,0.9779999852180481,0.6021000146865845
YLR430W,YDR158W,0,0.96456283,0.1397142857313156,0.9779999852180481,0.6021999716758728
YCR058C,YOL003C,0,0.9644238,0.13969433307647705,0.9779999852180481,0.6022999882698059
YOL012C,YMR127C,1,0.9642775,0.13981719315052032,0.9789999723434448,0.6022999882698059
YOL011W,YDR423C,0,0.9641329,0.13979722559452057,0.9789999723434448,0.602400004863739
YDL069C,YLR391W-A,0,0.96410704,0.139777272939682,0.9789999723434448,0.6025000214576721
YBR159W,YMR166C,0,0.9632925,0.13975732028484344,0.9789999723434448,0.6025999784469604
YOL116W,YPL064C,0,0.9629041,0.13973736763000488,0.9789999723434448,0.6026999950408936
YIL020C,YNL149C,0,0.962515,0.13971742987632751,0.9789999723434448,0.6028000116348267
YIL112W,YOR396W,0,0.96250534,0.13969749212265015,0.9789999723434448,0.6029000282287598
YNR032C-A,YAR007C,0,0.9624133,0.13967755436897278,0.9789999723434448,0.6029999852180481
YJL133W,YER139C,0,0.96207964,0.1396576315164566,0.9789999723434448,0.6031000018119812
YDR495C,YLL055W,0,0.9618956,0.13963770866394043,0.9789999723434448,0.6032000184059143
YPR096C,YJL041W,0,0.9611673,0.13961780071258545,0.9789999723434448,0.6032999753952026
YDR530C,YOL043C,0,0.96098685,0.13959789276123047,0.9789999723434448,0.6033999919891357
YPL226W,YPR158C-C,0,0.9607088,0.1395779848098755,0.9789999723434448,0.6035000085830688
YDR534C,YCL026C-B,0,0.9603405,0.1395580917596817,0.9789999723434448,0.603600025177002
YBR100W,YOR087W,0,0.9599403,0.13953819870948792,0.9789999723434448,0.6036999821662903
YAL051W,YNR002C,0,0.9582535,0.13951830565929413,0.9789999723434448,0.6037999987602234
YDR301W,YEL048C,0,0.95819205,0.13949842751026154,0.9789999723434448,0.6039000153541565
YIL177C,YKL017C,0,0.9579401,0.13947856426239014,0.9789999723434448,0.6039999723434448
YKR075C,YKL183W,0,0.957393,0.13945868611335754,0.9789999723434448,0.6040999889373779
YOL011W,YKL172W,0,0.9556243,0.13943882286548615,0.9789999723434448,0.604200005531311
YIL109C,YPL123C,0,0.9555502,0.13941897451877594,0.9789999723434448,0.6043000221252441
YGR014W,YHR149C,0,0.95518136,0.13939911127090454,0.9789999723434448,0.6043999791145325
YER002W,YPL281C,0,0.9534774,0.13937927782535553,0.9789999723434448,0.6044999957084656
YOL031C,YGR135W,0,0.9532969,0.13935942947864532,0.9789999723434448,0.6046000123023987
YLR035C-A,YOR285W,0,0.95199025,0.1393395960330963,0.9789999723434448,0.6047000288963318
YLR139C,YGL019W,0,0.9517685,0.1393197625875473,0.9789999723434448,0.6047999858856201
YIL119C,YOR241W,0,0.95168006,0.13929994404315948,0.9789999723434448,0.6049000024795532
YNL055C,YDR238C,0,0.95162654,0.13928012549877167,0.9789999723434448,0.6050000190734863
YDL061C,YPR190C,0,0.9508372,0.13926030695438385,0.9789999723434448,0.6050999760627747
YDL099W,YGL104C,0,0.948743,0.13924050331115723,0.9789999723434448,0.6051999926567078
YER101C,YHR214C-C,0,0.9485134,0.1392206996679306,0.9789999723434448,0.6053000092506409
YIL124W,YNL183C,0,0.9481104,0.13920091092586517,0.9789999723434448,0.605400025844574
YMR038C,YMR005W,0,0.9472647,0.13918112218379974,0.9789999723434448,0.6054999828338623
YDL065C,YGR202C,0,0.9471848,0.13916133344173431,0.9789999723434448,0.6055999994277954
YLR343W,YEL018W,0,0.94591916,0.13914155960083008,0.9789999723434448,0.6057000160217285
YGL142C,YHR059W,0,0.94582415,0.13912178575992584,0.9789999723434448,0.6057999730110168
YEL020W-A,YNL050C,0,0.9457747,0.1391020119190216,0.9789999723434448,0.60589998960495
YKL126W,YFL011W,0,0.9457327,0.13908225297927856,0.9789999723434448,0.6060000061988831
YKR100C,YLR201C,0,0.9456878,0.13906249403953552,0.9789999723434448,0.6061000227928162
YDR316W-A,YOR182C,0,0.94562066,0.13904275000095367,0.9789999723434448,0.6061999797821045
YDR176W,YOR043W,0,0.94524854,0.13902300596237183,0.9789999723434448,0.6062999963760376
YLR224W,YER031C,0,0.94440824,0.13900326192378998,0.9789999723434448,0.6064000129699707
YOL012C,YLL022C,1,0.9438472,0.1391254961490631,0.9800000190734863,0.6064000129699707
YNL065W,YJL052W,0,0.9434073,0.13910575211048126,0.9800000190734863,0.6065000295639038
YNL070W,YGL232W,0,0.94314593,0.13908600807189941,0.9800000190734863,0.6065999865531921
YBR024W,YGR159C,0,0.942529,0.13906626403331757,0.9800000190734863,0.6067000031471252
YFR013W,YJR140C,1,0.94226855,0.13918842375278473,0.9810000061988831,0.6067000031471252
YOR351C,YPL059W,0,0.9420371,0.13916867971420288,0.9810000061988831,0.6068000197410583
YLR086W,YLR025W,0,0.9418318,0.13914893567562103,0.9810000061988831,0.6068999767303467
YDL069C,YDR065W,0,0.9416858,0.13912920653820038,0.9810000061988831,0.6069999933242798
YER008C,YPR171W,0,0.9416277,0.13910947740077972,0.9810000061988831,0.6071000099182129
YPR017C,YGR272C,0,0.94157994,0.13908974826335907,0.9810000061988831,0.607200026512146
YNL046W,YKL132C,0,0.94146544,0.1390700340270996,0.9810000061988831,0.6072999835014343
YGL092W,YHR181W,0,0.94110286,0.13905031979084015,0.9810000061988831,0.6074000000953674
YDL134C,YLL062C,0,0.9410191,0.1390306055545807,0.9810000061988831,0.6075000166893005
YKR044W,YBR120C,0,0.94031763,0.13901090621948242,0.9810000061988831,0.6075999736785889
YKL003C,YMR118C,0,0.9401581,0.13899122178554535,0.9810000061988831,0.607699990272522
YDL189W,YDL114W,0,0.9396912,0.13897152245044708,0.9810000061988831,0.6078000068664551
YOR018W,YDL115C,0,0.93962663,0.13895183801651,0.9810000061988831,0.6079000234603882
YLL051C,YCL018W,0,0.93955606,0.13893216848373413,0.9810000061988831,0.6079999804496765
YKL097W-A,YKR038C,0,0.93901014,0.13891248404979706,0.9810000061988831,0.6080999970436096
YPR096C,YDL130W-A,0,0.9388845,0.13889281451702118,0.9810000061988831,0.6082000136375427
YGR086C,YDR235W,0,0.93881565,0.1388731598854065,0.9810000061988831,0.608299970626831
YMR242C,YOL103W-B,0,0.93875045,0.1388535052537918,0.9810000061988831,0.6083999872207642
YKL013C,YOL043C,0,0.9372873,0.13883385062217712,0.9810000061988831,0.6085000038146973
YGL010W,YHL016C,0,0.93718386,0.13881421089172363,0.9810000061988831,0.6086000204086304
YBR001C,YCR097WB,0,0.93689907,0.13879457116127014,0.9810000061988831,0.6086999773979187
YLL041C,YDL067C,0,0.93657905,0.13877493143081665,0.9810000061988831,0.6087999939918518
YBL005W-B,YLR004C,0,0.93639815,0.13875530660152435,0.9810000061988831,0.6089000105857849
YDR175C,YDL146W,0,0.93618906,0.13873568177223206,0.9810000061988831,0.609000027179718
YGR234W,YCL066W,0,0.9357073,0.13871605694293976,0.9810000061988831,0.6090999841690063
YLR106C,YMR289W,0,0.9353857,0.13869644701480865,0.9810000061988831,0.6092000007629395
YOR249C,YOR068C,0,0.93533343,0.13867685198783875,0.9810000061988831,0.6093000173568726
YDL070W,YMR264W,0,0.9337481,0.13865724205970764,0.9810000061988831,0.6093999743461609
YKR099W,YJL062W,0,0.93361115,0.13863764703273773,0.9810000061988831,0.609499990940094
YDR158W,YML116W,0,0.9336008,0.13861805200576782,0.9810000061988831,0.6096000075340271
YBL013W,YHL032C,0,0.9327589,0.1385984718799591,0.9810000061988831,0.6097000241279602
YDL138W,YOR117W,0,0.9321025,0.1385788917541504,0.9810000061988831,0.6097999811172485
YPR035W,YGR027W-B,0,0.9318801,0.13855932652950287,0.9810000061988831,0.6098999977111816
YKL218C,YMR233W,0,0.9316832,0.13853976130485535,0.9810000061988831,0.6100000143051147
YNL317W,YML040W,0,0.93090034,0.13852019608020782,0.9810000061988831,0.6100999712944031
YGR075C,YDL223C,0,0.93086916,0.1385006308555603,0.9810000061988831,0.6101999878883362
YMR233W,YPR194C,0,0.930291,0.13848108053207397,0.9810000061988831,0.6103000044822693
YGL076C,YMR256C,0,0.92960805,0.13846154510974884,0.9810000061988831,0.6104000210762024
YDL113C,YNR018W,0,0.929496,0.1384419947862625,0.9810000061988831,0.6104999780654907
YDR173C,YCL055W,0,0.9292563,0.13842245936393738,0.9810000061988831,0.6105999946594238
YMR239C,YMR284W,1,0.92897284,0.1385440230369568,0.9819999933242798,0.6105999946594238
YOR037W,YOR326W,0,0.9287537,0.13852447271347046,0.9819999933242798,0.6107000112533569
YDR365W-A,YLR010C,0,0.92828286,0.13850493729114532,0.9819999933242798,0.61080002784729
YOL165C,YPL098C,0,0.92805207,0.1384854018688202,0.9819999933242798,0.6108999848365784
YHL017W,YNL191W,0,0.9279015,0.13846588134765625,0.9819999933242798,0.6110000014305115
YDR342C,YGL226W,0,0.927451,0.1384463608264923,0.9819999933242798,0.6111000180244446
YDR195W,YDR388W,0,0.9274332,0.13842684030532837,0.9819999933242798,0.6111999750137329
YDR212W,YNL008C,0,0.9270546,0.13840733468532562,0.9819999933242798,0.611299991607666
YNL131W,YJR075W,0,0.92651725,0.13838782906532288,0.9819999933242798,0.6114000082015991
YKL117W,YHR204W,0,0.9265102,0.13836832344532013,0.9819999933242798,0.6115000247955322
YGL180W,YOR081C,0,0.9253705,0.13834883272647858,0.9819999933242798,0.6115999817848206
YJL219W,YLR450W,0,0.9248362,0.13832934200763702,0.9819999933242798,0.6116999983787537
YDL015C,YOR285W,0,0.92439604,0.13830986618995667,0.9819999933242798,0.6118000149726868
YGL018C,YGL206C,0,0.9242969,0.1382903754711151,0.9819999933242798,0.6118999719619751
YKR008W,YCL060C,1,0.92418265,0.1384117156267166,0.9829999804496765,0.6118999719619751
YJL054W,YJL082W,0,0.92414397,0.13839222490787506,0.9829999804496765,0.6119999885559082
YGR007W,YFR050C,0,0.92406774,0.1383727490901947,0.9829999804496765,0.6121000051498413
YFL010W-A,YIL009C-A,0,0.92329985,0.13835327327251434,0.9829999804496765,0.6122000217437744
YBR111W-A,YGR216C,0,0.9227889,0.13833379745483398,0.9829999804496765,0.6122999787330627
YBL054W,YKL007W,0,0.92258286,0.13831433653831482,0.9829999804496765,0.6123999953269958
YLR404W,YKR020W,0,0.9217554,0.13829487562179565,0.9829999804496765,0.612500011920929
YKL074C,YDR300C,0,0.92170155,0.13827542960643768,0.9829999804496765,0.6126000285148621
YKL203C,YPL218W,0,0.9206682,0.1382559835910797,0.9829999804496765,0.6126999855041504
YKL186C,YKL041W,0,0.9206593,0.13823653757572174,0.9829999804496765,0.6128000020980835
YDR098C-B,YJR059W,0,0.9183582,0.13821709156036377,0.9829999804496765,0.6129000186920166
YGR279C,YDR128W,0,0.9171202,0.138197660446167,0.9829999804496765,0.6129999756813049
YPL056C,YLR058C,0,0.9162155,0.1381782442331314,0.9829999804496765,0.613099992275238
YJR084W,YDR129C,0,0.91597635,0.13815881311893463,0.9829999804496765,0.6132000088691711
YHR211W,YFL066C,0,0.9159436,0.13813939690589905,0.9829999804496765,0.6133000254631042
YDR086C,YDR424C,0,0.9153992,0.13811999559402466,0.9829999804496765,0.6133999824523926
YCR040W,YML039W,0,0.91529715,0.13810059428215027,0.9829999804496765,0.6134999990463257
YBR294W,YMR194W,0,0.91517735,0.13808119297027588,0.9829999804496765,0.6136000156402588
YOR211C,YGL005C,0,0.9150666,0.1380617916584015,0.9829999804496765,0.6136999726295471
YDR047W,YDR030C,0,0.91467106,0.1380424052476883,0.9829999804496765,0.6137999892234802
YPL026C,YKL063C,0,0.91440463,0.1380230337381363,0.9829999804496765,0.6139000058174133
YDL129W,YLL043W,0,0.914402,0.1380036473274231,0.9829999804496765,0.6140000224113464
YPL133C,YKL007W,0,0.91434145,0.1379842758178711,0.9829999804496765,0.6140999794006348
YBR030W,YJL058C,0,0.9131259,0.13796491920948029,0.9829999804496765,0.6141999959945679
YMR267W,YFR014C,0,0.9120574,0.13794554769992828,0.9829999804496765,0.614300012588501
YLR088W,YLR204W,0,0.91152024,0.13792619109153748,0.9829999804496765,0.6144000291824341
YJR016C,YOL052C,0,0.9114534,0.13790684938430786,0.9829999804496765,0.6144999861717224
YIL154C,YJR076C,0,0.9108453,0.13788750767707825,0.9829999804496765,0.6146000027656555
YML113W,YEL043W,0,0.91017574,0.13786816596984863,0.9829999804496765,0.6147000193595886
YMR169C,YDR283C,0,0.91005373,0.13784882426261902,0.9829999804496765,0.614799976348877
YNL068C,YGR086C,0,0.90997505,0.1378294974565506,0.9829999804496765,0.6148999929428101
YBR012W-A,YDR416W,0,0.90997106,0.13781017065048218,0.9829999804496765,0.6150000095367432
YCR087C-A,YIL172C,0,0.9095884,0.13779085874557495,0.9829999804496765,0.6151000261306763
YGR014W,YOL028C,0,0.90950686,0.13777154684066772,0.9829999804496765,0.6151999831199646
YGR026W,YDL123W,0,0.909343,0.1377522349357605,0.9829999804496765,0.6152999997138977
YGL070C,YPL150W,0,0.9091419,0.13773293793201447,0.9829999804496765,0.6154000163078308
YDR528W,YDR261C-D,0,0.90884113,0.13771364092826843,0.9829999804496765,0.6154999732971191
YDR159W,YDR393W,0,0.90863645,0.1376943588256836,0.9829999804496765,0.6155999898910522
YMR087W,YOL052C,0,0.90852726,0.13767507672309875,0.9829999804496765,0.6157000064849854
YJL176C,YGL226W,0,0.9082773,0.13765579462051392,0.9829999804496765,0.6158000230789185
YMR313C,YIL053W,0,0.9079314,0.13763651251792908,0.9829999804496765,0.6158999800682068
YBL098W,YJR053W,0,0.9077949,0.13761724531650543,0.9829999804496765,0.6159999966621399
YAL038W,YOL125W,0,0.9076925,0.1375979781150818,0.9829999804496765,0.616100013256073
YJR027W,YDR261C-D,0,0.9076002,0.13757872581481934,0.9829999804496765,0.6161999702453613
YBR059C,YGR180C,0,0.90735245,0.13755947351455688,0.9829999804496765,0.6162999868392944
YOR311C,YDR388W,0,0.90722346,0.13754022121429443,0.9829999804496765,0.6164000034332275
YDR205W,YAL063C,0,0.9072202,0.13752098381519318,0.9829999804496765,0.6165000200271606
YGR035C,YNL055C,0,0.90710217,0.13750174641609192,0.9829999804496765,0.616599977016449
YDR158W,YHR184W,0,0.90612686,0.13748252391815186,0.9829999804496765,0.6166999936103821
YPL183W-A,YNL049C,0,0.9060483,0.1374632865190506,0.9829999804496765,0.6168000102043152
YBR213W,YLR088W,0,0.90582156,0.13744407892227173,0.9829999804496765,0.6169000267982483
YIL061C,YDR072C,0,0.9058181,0.13742485642433167,0.9829999804496765,0.6169999837875366
YBR254C,YCR012W,0,0.9056379,0.1374056488275528,0.9829999804496765,0.6171000003814697
YKL080W,YLL027W,0,0.9054282,0.13738644123077393,0.9829999804496765,0.6172000169754028
YBR012W-A,YDR178W,0,0.9054192,0.13736724853515625,0.9829999804496765,0.6172999739646912
YLL006W,YGR234W,0,0.9052524,0.13734805583953857,0.9829999804496765,0.6173999905586243
YNR060W,YBR233W-A,0,0.9051844,0.1373288631439209,0.9829999804496765,0.6175000071525574
YPL007C,YLR394W,0,0.90516067,0.13730968534946442,0.9829999804496765,0.6176000237464905
YFL021W,YHR136C,0,0.90510786,0.13729050755500793,0.9829999804496765,0.6176999807357788
YHL017W,YHL006C,0,0.9030996,0.13727132976055145,0.9829999804496765,0.6177999973297119
YBR164C,YDR109C,0,0.90249616,0.13725216686725616,0.9829999804496765,0.617900013923645
YNL146W,YHR005C,0,0.90194535,0.13723300397396088,0.9829999804496765,0.6179999709129333
YFL013C,YOR304W,1,0.9017677,0.13735343515872955,0.984000027179718,0.6179999709129333
YCL003W,YIL002C,0,0.9013072,0.13733425736427307,0.984000027179718,0.6180999875068665
YPR125W,YDR178W,0,0.9011667,0.13731509447097778,0.984000027179718,0.6182000041007996
YDR083W,YCR045C,0,0.9007351,0.1372959464788437,0.984000027179718,0.6183000206947327
YHR004C,YEL053C,0,0.9003066,0.1372767835855484,0.984000027179718,0.618399977684021
YBR003W,YOR142W-A,0,0.899929,0.1372576355934143,0.984000027179718,0.6184999942779541
YGR161C,YOL098C,0,0.8997609,0.1372384876012802,0.984000027179718,0.6186000108718872
YDR146C,YOL066C,0,0.8985961,0.1372193545103073,0.984000027179718,0.6187000274658203
YLR127C,YDL067C,0,0.8981075,0.1372002214193344,0.984000027179718,0.6187999844551086
YPL231W,YMR160W,0,0.8980245,0.1371810883283615,0.984000027179718,0.6189000010490417
YAR044W,YFL036W,0,0.8979633,0.1371619701385498,0.984000027179718,0.6190000176429749
YBR213W,YBL034C,0,0.89736813,0.1371428519487381,0.984000027179718,0.6190999746322632
YGL168W,YAR007C,0,0.8973584,0.13712374866008759,0.984000027179718,0.6191999912261963
YNL210W,YMR063W,0,0.89685434,0.13710464537143707,0.984000027179718,0.6193000078201294
YKL186C,YOR212W,0,0.8965519,0.13708554208278656,0.984000027179718,0.6194000244140625
YIL111W,YDR472W,0,0.8962832,0.13706643879413605,0.984000027179718,0.6194999814033508
YPL206C,YEL043W,0,0.89626014,0.13704735040664673,0.984000027179718,0.6195999979972839
YOR027W,YOR189W,0,0.8962463,0.1370282620191574,0.984000027179718,0.619700014591217
YOR177C,YKL135C,0,0.89606684,0.13700918853282928,0.984000027179718,0.6197999715805054
YOR388C,YHR089C,0,0.8958324,0.13699011504650116,0.984000027179718,0.6198999881744385
YDR308C,YIL123W,0,0.89579344,0.13697104156017303,0.984000027179718,0.6200000047683716
YKL197C,YDR435C,0,0.8957134,0.1369519829750061,0.984000027179718,0.6201000213623047
YJL144W,YKR036C,0,0.89544535,0.13693292438983917,0.984000027179718,0.620199978351593
YDR236C,YER027C,0,0.8952194,0.13691386580467224,0.984000027179718,0.6202999949455261
YEL041W,YAR019C,0,0.89495134,0.1368948221206665,0.984000027179718,0.6204000115394592
YDL038C,YGL078C,0,0.89482385,0.13687577843666077,0.984000027179718,0.6205000281333923
YGL122C,YNL132W,0,0.8943623,0.13685674965381622,0.984000027179718,0.6205999851226807
YML092C,YLR268W,0,0.89404285,0.13683772087097168,0.984000027179718,0.6207000017166138
YBR107C,YFL048C,0,0.8933809,0.13681869208812714,0.984000027179718,0.6208000183105469
YIL098C,YOL101C,0,0.8929242,0.1367996633052826,0.984000027179718,0.6208999752998352
YDR497C,YKR014C,0,0.8928567,0.13678064942359924,0.984000027179718,0.6209999918937683
YKL124W,YLR058C,0,0.8917718,0.1367616355419159,0.984000027179718,0.6211000084877014
YDR400W,YDR378C,0,0.8915908,0.13674263656139374,0.984000027179718,0.6212000250816345
YHL015W,YCR045C,0,0.8912072,0.13672363758087158,0.984000027179718,0.6212999820709229
YFL002W-A,YBL037W,0,0.89067924,0.13670463860034943,0.984000027179718,0.621399998664856
YPL010W,YMR009W,0,0.89055896,0.13668565452098846,0.984000027179718,0.6215000152587891
YNL158W,YDL038C,0,0.8900084,0.1366666704416275,0.984000027179718,0.6215999722480774
YCR044C,YJL129C,0,0.88950104,0.13664768636226654,0.984000027179718,0.6216999888420105
YPL040C,YPL115C,0,0.8881896,0.13662871718406677,0.984000027179718,0.6218000054359436
YIL034C,YLR430W,0,0.8879027,0.136609748005867,0.984000027179718,0.6219000220298767
YNL161W,YGL170C,0,0.8870132,0.13659077882766724,0.984000027179718,0.621999979019165
YDR160W,YMR226C,0,0.8868464,0.13657182455062866,0.984000027179718,0.6220999956130981
YKL186C,YGR062C,0,0.8859799,0.1365528702735901,0.984000027179718,0.6222000122070312
YBR121C,YPL196W,0,0.88530374,0.1365339308977127,0.984000027179718,0.6223000288009644
YLR438C-A,YOL112W,0,0.8849989,0.13651497662067413,0.984000027179718,0.6223999857902527
YJR153W,YHL016C,0,0.8848857,0.13649605214595795,0.984000027179718,0.6225000023841858
YDR470C,YIR014W,0,0.88471377,0.13647711277008057,0.984000027179718,0.6226000189781189
YOR061W,YHL015W,0,0.8840233,0.13645818829536438,0.984000027179718,0.6226999759674072
YML067C,YDR253C,0,0.88376015,0.1364392638206482,0.984000027179718,0.6227999925613403
YPR180W,YDR337W,0,0.8836802,0.1364203542470932,0.984000027179718,0.6229000091552734
YLR337W,YPR016C,0,0.8831891,0.1364014446735382,0.984000027179718,0.6230000257492065
YJL114W,YOR338W,0,0.8831566,0.13638253509998322,0.984000027179718,0.6230999827384949
YOR252W,YLR360W,0,0.88256407,0.13636364042758942,0.984000027179718,0.623199999332428
YGL092W,YOL140W,0,0.88205314,0.13634474575519562,0.984000027179718,0.6233000159263611
YML127W,YHR056C,1,0.88188255,0.13646438717842102,0.9850000143051147,0.6233000159263611
YMR039C,YGR205W,0,0.88119316,0.13644549250602722,0.9850000143051147,0.6233999729156494
YNL044W,YJL214W,0,0.880925,0.13642659783363342,0.9850000143051147,0.6234999895095825
YPR049C,YPR128C,0,0.8803271,0.13640770316123962,0.9850000143051147,0.6236000061035156
YPL018W,YLR247C,0,0.87979513,0.13638880848884583,0.9850000143051147,0.6237000226974487
YBR119W,YPL183C,0,0.87960696,0.13636992871761322,0.9850000143051147,0.6237999796867371
YMR101C,YMR089C,0,0.87936366,0.13635104894638062,0.9850000143051147,0.6238999962806702
YER087W,YAL040C,0,0.87888396,0.1363321840763092,0.9850000143051147,0.6240000128746033
YGR104C,YMR281W,0,0.87863034,0.1363133192062378,0.9850000143051147,0.6241000294685364
YCR011C,YHL012W,0,0.878409,0.13629445433616638,0.9850000143051147,0.6241999864578247
YER013W,YIL014W,0,0.8778104,0.13627558946609497,0.9850000143051147,0.6243000030517578
YNL219C,YBR012W-B,0,0.87772465,0.13625673949718475,0.9850000143051147,0.6244000196456909
YLR223C,YKL017C,0,0.87729824,0.13623790442943573,0.9850000143051147,0.6244999766349792
YMR237W,YKR031C,0,0.8770665,0.1362190544605255,0.9850000143051147,0.6245999932289124
YNL221C,YPR166C,0,0.8763702,0.1362002193927765,0.9850000143051147,0.6247000098228455
YNL158W,YDR026C,0,0.8762441,0.13618138432502747,0.9850000143051147,0.6248000264167786
YBR166C,YBR111W-A,0,0.87614715,0.13616256415843964,0.9850000143051147,0.6248999834060669
YER142C,YKL040C,0,0.8758632,0.1361437439918518,0.9850000143051147,0.625
YGL139W,YKR036C,0,0.8758366,0.13612492382526398,0.9850000143051147,0.6251000165939331
YGR101W,YJL083W,0,0.8755144,0.13610611855983734,0.9850000143051147,0.6251999735832214
YER098W,YHL012W,0,0.8751453,0.1360873132944107,0.9850000143051147,0.6252999901771545
YKL161C,YFR019W,0,0.87485355,0.13606852293014526,0.9850000143051147,0.6254000067710876
YNR006W,YNL117W,0,0.87386155,0.13604971766471863,0.9850000143051147,0.6255000233650208
YPR191W,YOR369C,0,0.8735725,0.13603094220161438,0.9850000143051147,0.6255999803543091
YKL024C,YNL302C,0,0.8734796,0.13601215183734894,0.9850000143051147,0.6256999969482422
YKL045W,YPL013C,0,0.87332976,0.1359933763742447,0.9850000143051147,0.6258000135421753
YKL190W,YKL130C,0,0.87244517,0.13597460091114044,0.9850000143051147,0.6258999705314636
YKL149C,YOR219C,0,0.87221086,0.1359558254480362,0.9850000143051147,0.6259999871253967
YKL087C,YCL055W,0,0.87217855,0.13593706488609314,0.9850000143051147,0.6261000037193298
YIL148W,YBR268W,0,0.8718343,0.13591830432415009,0.9850000143051147,0.6262000203132629
YLL040C,YLR446W,0,0.87104994,0.13589955866336823,0.9850000143051147,0.6262999773025513
YJR109C,YPL214C,0,0.8709016,0.13588081300258636,0.9850000143051147,0.6263999938964844
YMR204C,YKL058W,0,0.8704721,0.1358620673418045,0.9850000143051147,0.6265000104904175
YJL089W,YBR149W,0,0.87030435,0.13584333658218384,0.9850000143051147,0.6266000270843506
YNR071C,YIL018W,0,0.87026834,0.13582460582256317,0.9850000143051147,0.6266999840736389
YIL035C,YFR047C,0,0.87023556,0.1358058750629425,0.9850000143051147,0.626800000667572
YML098W,YLR278C,0,0.86993784,0.13578715920448303,0.9850000143051147,0.6269000172615051
YBR012W-B,YKL061W,0,0.8697201,0.13576842844486237,0.9850000143051147,0.6269999742507935
YDL202W,YAL058W,0,0.8693157,0.1357497274875641,0.9850000143051147,0.6270999908447266
YNL230C,YPR158C-C,0,0.86876833,0.13573101162910461,0.9850000143051147,0.6272000074386597
YLR099C,YDL133C-A,0,0.8686545,0.13571231067180634,0.9850000143051147,0.6273000240325928
YGL161C,YHR117W,0,0.8679789,0.13569362461566925,0.9850000143051147,0.6273999810218811
YJR094W-A,YMR272C,0,0.8679507,0.13567493855953217,0.9850000143051147,0.6274999976158142
YDL217C,YKL218C,0,0.8664189,0.13565625250339508,0.9850000143051147,0.6276000142097473
YLR170C,YLR181C,0,0.86612135,0.135637566447258,0.9850000143051147,0.6276999711990356
YAL031C,YNL084C,0,0.8656945,0.1356188952922821,0.9850000143051147,0.6277999877929688
YIL076W,YLR120C,0,0.8655144,0.1356002241373062,0.9850000143051147,0.6279000043869019
YPR031W,YHR081W,0,0.86474514,0.13558155298233032,0.9850000143051147,0.628000020980835
YFR006W,YPR007C,0,0.8646588,0.13556289672851562,0.9850000143051147,0.6280999779701233
YLR409C,YDR093W,0,0.86448884,0.13554424047470093,0.9850000143051147,0.6281999945640564
YIL004C,YBL088C,0,0.8638944,0.13552558422088623,0.9850000143051147,0.6283000111579895
YBL098W,YOR320C,0,0.8638569,0.13550694286823273,0.9850000143051147,0.6284000277519226
YGR170W,YOL053C-A,0,0.8630348,0.13548830151557922,0.9850000143051147,0.6284999847412109
YFL017W-A,YNL048W,0,0.862818,0.13546967506408691,0.9850000143051147,0.628600001335144
YKR008W,YMR284W,1,0.8624497,0.13558855652809143,0.9860000014305115,0.628600001335144
YJR120W,YDR503C,0,0.8620876,0.13556991517543793,0.9860000014305115,0.6287000179290771
YFR018C,YHR060W,0,0.861434,0.13555127382278442,0.9860000014305115,0.6287999749183655
YHL009W-B,YPL271W,0,0.8612461,0.13553264737129211,0.9860000014305115,0.6288999915122986
YOR039W,YJR098C,0,0.86073345,0.1355140209197998,0.9860000014305115,0.6290000081062317
YCL025C,YLR266C,0,0.8600835,0.1354953944683075,0.9860000014305115,0.6291000247001648
YKR099W,YJL012C,0,0.8598316,0.13547678291797638,0.9860000014305115,0.6291999816894531
YGL237C,YIR005W,0,0.8593761,0.13545817136764526,0.9860000014305115,0.6292999982833862
YHR008C,YPL218W,0,0.85875976,0.13543955981731415,0.9860000014305115,0.6294000148773193
YDR150W,YNL073W,0,0.85799503,0.13542096316814423,0.9860000014305115,0.6294999718666077
YPL150W,YJL098W,0,0.85689807,0.1354023665189743,0.9860000014305115,0.6295999884605408
YMR292W,YPL193W,0,0.856871,0.13538376986980438,0.9860000014305115,0.6297000050544739
YMR247C,YDR285W,0,0.8566142,0.13536518812179565,0.9860000014305115,0.629800021648407
YJL221C,YCL031C,0,0.85547686,0.13534660637378693,0.9860000014305115,0.6298999786376953
YDL109C,YMR063W,0,0.8553169,0.1353280246257782,0.9860000014305115,0.6299999952316284
YGR251W,YDR516C,0,0.8545639,0.13530945777893066,0.9860000014305115,0.6301000118255615
YPL075W,YOL019W,0,0.85452294,0.13529089093208313,0.9860000014305115,0.6302000284194946
YNR033W,YDR393W,0,0.853369,0.1352723240852356,0.9860000014305115,0.630299985408783
YKL190W,YDR363W-A,0,0.8533177,0.13525377213954926,0.9860000014305115,0.6304000020027161
YLR090W,YOL100W,0,0.85330117,0.13523522019386292,0.9860000014305115,0.6305000185966492
YMR036C,YAR010C,0,0.8532455,0.13521668314933777,0.9860000014305115,0.6305999755859375
YMR163C,YOL020W,0,0.85314524,0.13519813120365143,0.9860000014305115,0.6306999921798706
YIR004W,YOR126C,0,0.85195184,0.13517959415912628,0.9860000014305115,0.6308000087738037
YDR316W-A,YMR043W,0,0.8513178,0.13516107201576233,0.9860000014305115,0.6309000253677368
YBR153W,YHR085W,0,0.8511508,0.13514254987239838,0.9860000014305115,0.6309999823570251
YDR159W,YPL095C,0,0.851109,0.13512402772903442,0.9860000014305115,0.6310999989509583
YLR207W,YER133W,0,0.8510598,0.13510550558567047,0.9860000014305115,0.6312000155448914
YDR098C-B,YOR343W-B,0,0.8502903,0.1350869983434677,0.9860000014305115,0.6312999725341797
YNL308C,YLR429W,0,0.8502784,0.13506849110126495,0.9860000014305115,0.6313999891281128
YDL055C,YJR015W,0,0.84997535,0.1350499987602234,0.9860000014305115,0.6315000057220459
YLR016C,YCR045C,0,0.84929144,0.13503149151802063,0.9860000014305115,0.631600022315979
YDL175C,YKL158W,0,0.84885186,0.13501301407814026,0.9860000014305115,0.6316999793052673
YBL088C,YGL067W,0,0.847783,0.1349945217370987,0.9860000014305115,0.6317999958992004
YPL145C,YKR028W,0,0.84766173,0.13497604429721832,0.9860000014305115,0.6319000124931335
YDR030C,YER005W,0,0.8476207,0.13495756685733795,0.9860000014305115,0.6320000290870667
YOR261C,YIR036C,0,0.8466153,0.13493910431861877,0.9860000014305115,0.632099986076355
YHR135C,YOR054C,0,0.84653455,0.1349206417798996,0.9860000014305115,0.6322000026702881
YFL002W-A,YPR144C,0,0.8447261,0.13490217924118042,0.9860000014305115,0.6323000192642212
YGR177C,YDL211C,0,0.84460604,0.13488371670246124,0.9860000014305115,0.6323999762535095
YKL052C,YBL064C,0,0.8445923,0.13486526906490326,0.9860000014305115,0.6324999928474426
YDR315C,YOR070C,0,0.84394467,0.13484682142734528,0.9860000014305115,0.6326000094413757
YLL067C,YMR240C,0,0.8435348,0.1348283886909485,0.9860000014305115,0.6327000260353088
YDR188W,YHR089C,0,0.843429,0.1348099559545517,0.9860000014305115,0.6327999830245972
YBR189W,YOR126C,0,0.8429672,0.1347915232181549,0.9860000014305115,0.6328999996185303
YJR135C,YMR275C,0,0.8428697,0.1347731053829193,0.9860000014305115,0.6330000162124634
YDL114W,YML039W,0,0.8426154,0.13475468754768372,0.9860000014305115,0.6330999732017517
YLR451W,YBR238C,0,0.84240985,0.13473626971244812,0.9860000014305115,0.6331999897956848
YML056C,YLR367W,0,0.8417657,0.13471785187721252,0.9860000014305115,0.6333000063896179
YMR086W,YHR214W,0,0.84105927,0.13469944894313812,0.9860000014305115,0.633400022983551
YDR453C,YDR170W-A,0,0.8406938,0.13468106091022491,0.9860000014305115,0.6334999799728394
YNL263C,YOR061W,0,0.84037834,0.1346626579761505,0.9860000014305115,0.6335999965667725
YMR273C,YLR032W,0,0.8400589,0.1346442699432373,0.9860000014305115,0.6337000131607056
YKL173W,YER044C,0,0.8397154,0.1346258819103241,0.9860000014305115,0.6338000297546387
YDL043C,YNL248C,0,0.83916855,0.13460750877857208,0.9860000014305115,0.633899986743927
YBR094W,YOR381W,0,0.83916175,0.13458913564682007,0.9860000014305115,0.6340000033378601
YDL124W,YOR048C,0,0.8391012,0.13457076251506805,0.9860000014305115,0.6341000199317932
YCR039C,YJL054W,0,0.8378563,0.13455240428447723,0.9860000014305115,0.6341999769210815
YOR131C,YMR287C,0,0.8370215,0.1345340460538864,0.9860000014305115,0.6342999935150146
YDL216C,YGR205W,0,0.8367841,0.1345156878232956,0.9860000014305115,0.6344000101089478
YPL103C,YMR290C,0,0.8363847,0.13449734449386597,0.9860000014305115,0.6345000267028809
YMR159C,YLR370C,0,0.83633363,0.13447900116443634,0.9860000014305115,0.6345999836921692
YGR181W,YBL030C,0,0.83610404,0.1344606578350067,0.9860000014305115,0.6347000002861023
YLR035C-A,YOR273C,0,0.8356616,0.13444232940673828,0.9860000014305115,0.6348000168800354
YLR467W,YNL318C,0,0.8346821,0.13442400097846985,0.9860000014305115,0.6348999738693237
YDR523C,YOL104C,0,0.83420736,0.13440567255020142,0.9860000014305115,0.6349999904632568
YBR160W,YLR299W,0,0.83254904,0.13438735902309418,0.9860000014305115,0.6351000070571899
YLR234W,YKL132C,0,0.83178806,0.13436903059482574,0.9860000014305115,0.635200023651123
YOR386W,YMR001C,0,0.83034533,0.1343507319688797,0.9860000014305115,0.6352999806404114
YDR120C,YGL095C,0,0.82995546,0.13433241844177246,0.9860000014305115,0.6353999972343445
YKL179C,YLL002W,0,0.82918596,0.13431411981582642,0.9860000014305115,0.6355000138282776
YCR097WB,YLR014C,0,0.8289923,0.13429583609104156,0.9860000014305115,0.6355999708175659
YGR029W,YDL083C,0,0.82857734,0.13427753746509552,0.9860000014305115,0.635699987411499
YER174C,YOL053C-A,0,0.82834685,0.13425925374031067,0.9860000014305115,0.6358000040054321
YKR028W,YOR103C,0,0.8278476,0.134240984916687,0.9860000014305115,0.6359000205993652
YGL237C,YDR150W,0,0.8277923,0.13422270119190216,0.9860000014305115,0.6359999775886536
YAL051W,YGL167C,0,0.8275917,0.1342044323682785,0.9860000014305115,0.6360999941825867
YBR042C,YPR010C,0,0.82646203,0.13418617844581604,0.9860000014305115,0.6362000107765198
YIL069C,YER014C-A,0,0.82617044,0.13416790962219238,0.9860000014305115,0.6363000273704529
YLR088W,YIL009C-A,0,0.8260094,0.13414965569972992,0.9860000014305115,0.6363999843597412
YJL124C,YBL076C,0,0.82497585,0.13413141667842865,0.9860000014305115,0.6365000009536743
YGL226C-A,YEL037C,0,0.82430005,0.1341131627559662,0.9860000014305115,0.6366000175476074
YJL003W,YJL173C,0,0.82299596,0.13409492373466492,0.9860000014305115,0.6366999745368958
YNR040W,YHR169W,0,0.8225271,0.13407669961452484,0.9860000014305115,0.6367999911308289
YBR188C,YIL130W,0,0.8225018,0.13405846059322357,0.9860000014305115,0.636900007724762
YDR511W,YKL087C,0,0.82234824,0.1340402364730835,0.9860000014305115,0.6370000243186951
YER117W,YGR161C-D,0,0.8222798,0.13402202725410461,0.9860000014305115,0.6370999813079834
YDL217C,YLR074C,0,0.82215446,0.13400380313396454,0.9860000014305115,0.6371999979019165
YOR297C,YLR312W-A,0,0.82132167,0.13398559391498566,0.9860000014305115,0.6373000144958496
YHR214W,YPL049C,0,0.8211769,0.13396738469600677,0.9860000014305115,0.6373999714851379
YIL153W,YDR028C,0,0.8193915,0.1339491903781891,0.9860000014305115,0.637499988079071
YKL164C,YJL096W,0,0.81931126,0.1339309960603714,0.9860000014305115,0.6376000046730042
YKL161C,YDL149W,0,0.81925106,0.1339128017425537,0.9860000014305115,0.6377000212669373
YOL023W,YHL006C,0,0.8188189,0.13389462232589722,0.9860000014305115,0.6377999782562256
YMR017W,YOL066C,0,0.81869733,0.13387644290924072,0.9860000014305115,0.6378999948501587
YBR193C,YER126C,0,0.8172041,0.13385826349258423,0.9860000014305115,0.6380000114440918
YLL022C,YNL246W,1,0.81609446,0.1339758336544037,0.9869999885559082,0.6380000114440918
YJL054W,YDR471W,0,0.8157563,0.1339576542377472,0.9869999885559082,0.6381000280380249
YPL208W,YKR096W,0,0.8153446,0.1339394748210907,0.9869999885559082,0.6381999850273132
YDL209C,YNR021W,0,0.81506807,0.1339212954044342,0.9869999885559082,0.6383000016212463
YMR074C,YNR045W,0,0.8148036,0.1339031308889389,0.9869999885559082,0.6384000182151794
YKL217W,YOR283W,0,0.8132725,0.1338849663734436,0.9869999885559082,0.6384999752044678
YBR196C,YBL005W-B,0,0.8131715,0.1338668167591095,0.9869999885559082,0.6385999917984009
YOL038W,YPL262W,0,0.8129575,0.1338486522436142,0.9869999885559082,0.638700008392334
YOL031C,YDL045W-A,0,0.8123054,0.1338305026292801,0.9869999885559082,0.6388000249862671
YBR241C,YBR254C,0,0.8112921,0.13381236791610718,0.9869999885559082,0.6388999819755554
YJR028W,YDR289C,0,0.8110246,0.13379421830177307,0.9869999885559082,0.6389999985694885
YBR156C,YPL099C,0,0.8101075,0.13377609848976135,0.9869999885559082,0.6391000151634216
YHR179W,YCR021C,0,0.80949044,0.13375796377658844,0.9869999885559082,0.63919997215271
YFL041W,YKL007W,0,0.8088505,0.13373984396457672,0.9869999885559082,0.6392999887466431
YLL067C,YDR118W,0,0.8083749,0.133721724152565,0.9869999885559082,0.6394000053405762
YGL180W,YBL100W-B,0,0.80799353,0.13370360434055328,0.9869999885559082,0.6395000219345093
YNL044W,YLR312W-A,0,0.8074708,0.13368549942970276,0.9869999885559082,0.6395999789237976
YER040W,YOR129C,0,0.80726594,0.13366739451885223,0.9869999885559082,0.6396999955177307
YJL133W,YGL198W,0,0.80708325,0.1336492896080017,0.9869999885559082,0.6398000121116638
YLL038C,YGL225W,0,0.8070017,0.13363119959831238,0.9869999885559082,0.6399000287055969
YOR167C,YJL165C,0,0.80678815,0.13361310958862305,0.9869999885559082,0.6399999856948853
YNL262W,YGL233W,0,0.80615014,0.13359501957893372,0.9869999885559082,0.6401000022888184
YHR082C,YCL057W,0,0.8059598,0.13357694447040558,0.9869999885559082,0.6402000188827515
YML077W,YLR270W,0,0.8055141,0.13355886936187744,0.9869999885559082,0.6402999758720398
YJL095W,YGL170C,0,0.8038478,0.1335407942533493,0.9869999885559082,0.6403999924659729
YNR002C,YDR040C,0,0.803827,0.13352273404598236,0.9869999885559082,0.640500009059906
YKL138C,YLR019W,0,0.8035811,0.13350467383861542,0.9869999885559082,0.6406000256538391
YKL034W,YNL161W,0,0.8018043,0.13348661363124847,0.9869999885559082,0.6406999826431274
YGL120C,YNR031C,0,0.80144095,0.13346855342388153,0.9869999885559082,0.6407999992370605
YGL070C,YFL035C-B,0,0.8012249,0.13345050811767578,0.9869999885559082,0.6409000158309937
YGR071C,YBR187W,0,0.8007222,0.13343247771263123,0.9869999885559082,0.640999972820282
YCR036W,YGR080W,0,0.7996758,0.13341443240642548,0.9869999885559082,0.6410999894142151
YBR118W,YJL114W,0,0.79950345,0.13339640200138092,0.9869999885559082,0.6412000060081482
YML070W,YDR317W,0,0.79811764,0.13337837159633636,0.9869999885559082,0.6413000226020813
YDL140C,YML127W,1,0.79797256,0.1334954798221588,0.9879999756813049,0.6413000226020813
YAL012W,YKL144C,0,0.7979711,0.13347743451595306,0.9879999756813049,0.6413999795913696
YGR185C,YAL015C,0,0.7973323,0.1334594041109085,0.9879999756813049,0.6414999961853027
YBR299W,YGR109W-B,0,0.79634786,0.13344138860702515,0.9879999756813049,0.6416000127792358
YIL070C,YPL157W,0,0.7961995,0.1334233582019806,0.9879999756813049,0.641700029373169
YGL064C,YJR031C,0,0.79574096,0.13340534269809723,0.9879999756813049,0.6417999863624573
YLR356W,YJR135W-A,0,0.7948836,0.13338734209537506,0.9879999756813049,0.6419000029563904
YIL022W,YBL068W,0,0.7948357,0.1333693265914917,0.9879999756813049,0.6420000195503235
YAL016W,YGL216W,0,0.79474425,0.13335132598876953,0.9879999756813049,0.6420999765396118
YDR498C,YGR105W,0,0.79440343,0.13333334028720856,0.9879999756813049,0.6421999931335449
YBR182C,YNL250W,0,0.7943152,0.1333153396844864,0.9879999756813049,0.642300009727478
YIL096C,YPL155C,0,0.79408634,0.13329735398292542,0.9879999756813049,0.6424000263214111
YLR075W,YDR316W-B,0,0.7937534,0.13327936828136444,0.9879999756813049,0.6424999833106995
YGL123W,YNL085W,0,0.79373085,0.13326139748096466,0.9879999756813049,0.6425999999046326
YOL123W,YHR148W,0,0.7927396,0.13324342668056488,0.9879999756813049,0.6427000164985657
YGL226C-A,YNR055C,0,0.7924117,0.1332254558801651,0.9879999756813049,0.642799973487854
YNL259C,YKL138C,0,0.79238784,0.1332074999809265,0.9879999756813049,0.6428999900817871
YGL040C,YHR215W,0,0.792288,0.13318954408168793,0.9879999756813049,0.6430000066757202
YPL068C,YJR110W,0,0.7918283,0.13317158818244934,0.9879999756813049,0.6431000232696533
YJL153C,YLL001W,0,0.79071975,0.13315363228321075,0.9879999756813049,0.6431999802589417
YJL212C,YBL038W,0,0.7896799,0.13313569128513336,0.9879999756813049,0.6432999968528748
YOL065C,YMR168C,0,0.7895188,0.13311776518821716,0.9879999756813049,0.6434000134468079
YJL174W,YDL022W,0,0.7891313,0.13309982419013977,0.9879999756813049,0.6434999704360962
YLR350W,YDR317W,0,0.78909457,0.13308189809322357,0.9879999756813049,0.6435999870300293
YGL123W,YMR017W,0,0.7884078,0.13306397199630737,0.9879999756813049,0.6437000036239624
YDL144C,YML039W,0,0.7882902,0.13304606080055237,0.9879999756813049,0.6438000202178955
YGL105W,YCL066W,0,0.7871838,0.13302813470363617,0.9879999756813049,0.6438999772071838
YAR035W,YOL152W,0,0.78679407,0.13301023840904236,0.9879999756813049,0.6439999938011169
YEL062W,YOR014W,0,0.7864246,0.13299232721328735,0.9879999756813049,0.64410001039505
YHR164C,YML043C,0,0.78594244,0.13297443091869354,0.9879999756813049,0.6442000269889832
YBR037C,YDR148C,0,0.7856132,0.13295653462409973,0.9879999756813049,0.6442999839782715
YLR061W,YBR093C,0,0.78516465,0.13293863832950592,0.9879999756813049,0.6444000005722046
YGL236C,YDL076C,0,0.78417075,0.1329207569360733,0.9879999756813049,0.6445000171661377
YMR301C,YDL120W,0,0.78389496,0.13290287554264069,0.9879999756813049,0.644599974155426
YOR288C,YLR260W,0,0.78371525,0.13288500905036926,0.9879999756813049,0.6446999907493591
YPL174C,YEL043W,0,0.7835481,0.13286712765693665,0.9879999756813049,0.6448000073432922
YLR427W,YLR207W,0,0.78329915,0.13284926116466522,0.9879999756813049,0.6449000239372253
YEL027W,YLR187W,0,0.7829561,0.132831409573555,0.9879999756813049,0.6449999809265137
YLR292C,YBR085W,0,0.78207326,0.13281354308128357,0.9879999756813049,0.6450999975204468
YOL141W,YCR045C,0,0.7820336,0.13279569149017334,0.9879999756813049,0.6452000141143799
YER029C,YJL143W,0,0.78192747,0.1327778548002243,0.9879999756813049,0.6452999711036682
YMR056C,YLR126C,0,0.781692,0.13276001811027527,0.9879999756813049,0.6453999876976013
YJL191W,YDR170W-A,0,0.7812476,0.13274216651916504,0.9879999756813049,0.6455000042915344
YGR245C,YLR204W,0,0.78054696,0.1327243447303772,0.9879999756813049,0.6456000208854675
YMR268W-A,YKL165C,0,0.7793566,0.13270650804042816,0.9879999756813049,0.6456999778747559
YPL257W-B,YIL068C,0,0.77895224,0.13268868625164032,0.9879999756813049,0.645799994468689
YDL229W,YLL034C,0,0.77847904,0.13267087936401367,0.9879999756813049,0.6459000110626221
YOR177C,YPL049C,0,0.77707803,0.13265305757522583,0.9879999756813049,0.6460000276565552
YGL163C,YBR090C-A,1,0.7768035,0.13276949524879456,0.9890000224113464,0.6460000276565552
YCR031C,YNL247W,0,0.77661014,0.1327516734600067,0.9890000224113464,0.6460999846458435
YDL205C,YJR160C,0,0.77657485,0.13273386657238007,0.9890000224113464,0.6462000012397766
YML039W,YKL195W,0,0.77641433,0.13271604478359222,0.9890000224113464,0.6463000178337097
YKL119C,YER005W,0,0.7756967,0.13269823789596558,0.9890000224113464,0.646399974822998
YAL038W,YAL003W,0,0.7751621,0.13268044590950012,0.9890000224113464,0.6464999914169312
YOL112W,YOR306C,0,0.774819,0.13266263902187347,0.9890000224113464,0.6466000080108643
YPL171C,YHR202W,0,0.7745296,0.13264484703540802,0.9890000224113464,0.6467000246047974
YJL065C,YML045W,0,0.77444506,0.13262705504894257,0.9890000224113464,0.6467999815940857
YMR054W,YGL200C,0,0.7742326,0.1326092779636383,0.9890000224113464,0.6468999981880188
YIL083C,YMR275C,0,0.7741364,0.13259150087833405,0.9890000224113464,0.6470000147819519
YDR121W,YDR532C,0,0.77412915,0.13257372379302979,0.9890000224113464,0.6470999717712402
YLR054C,YAL025C,0,0.77366555,0.13255596160888672,0.9890000224113464,0.6471999883651733
YGR258C,YGR252W,0,0.7736172,0.13253819942474365,0.9890000224113464,0.6473000049591064
YLR450W,YOR228C,0,0.77359444,0.13252043724060059,0.9890000224113464,0.6474000215530396
YBR084W,YFR045W,0,0.77348006,0.13250267505645752,0.9890000224113464,0.6474999785423279
YGR156W,YLR348C,0,0.77338696,0.13248492777347565,0.9890000224113464,0.647599995136261
YDR353W,YOL053C-A,0,0.77276313,0.13246718049049377,0.9890000224113464,0.6477000117301941
YFL033C,YOR207C,0,0.77266353,0.1324494481086731,0.9890000224113464,0.6478000283241272
YNL339C,YNR035C,0,0.77213293,0.13243171572685242,0.9890000224113464,0.6478999853134155
YKL200C,YBL089W,0,0.77054024,0.13241398334503174,0.9890000224113464,0.6480000019073486
YBR247C,YGL249W,0,0.770498,0.13239625096321106,0.9890000224113464,0.6481000185012817
YOR162C,YOR240W,0,0.76997805,0.13237853348255157,0.9890000224113464,0.6481999754905701
YNR061C,YGL045W,0,0.7693942,0.1323608160018921,0.9890000224113464,0.6482999920845032
YDL102W,YGL045W,0,0.769173,0.1323430985212326,0.9890000224113464,0.6484000086784363
YCL059C,YDL112W,0,0.76906073,0.13232539594173431,0.9890000224113464,0.6485000252723694
YOR008C,YPR010C,0,0.76735795,0.13230769336223602,0.9890000224113464,0.6485999822616577
YML021C,YMR152W,0,0.7671703,0.13228999078273773,0.9890000224113464,0.6486999988555908
YGL172W,YPL097W,0,0.7664085,0.13227230310440063,0.9890000224113464,0.6488000154495239
YDR483W,YNL062C,0,0.766257,0.13225461542606354,0.9890000224113464,0.6488999724388123
YJL035C,YBL025W,0,0.7660306,0.13223692774772644,0.9890000224113464,0.6489999890327454
YGR142W,YNL110C,0,0.7658192,0.13221925497055054,0.9890000224113464,0.6491000056266785
YJL071W,YCL044C,0,0.7647313,0.13220158219337463,0.9890000224113464,0.6492000222206116
YNL129W,YPR080W,0,0.7645719,0.13218390941619873,0.9890000224113464,0.6492999792098999
YML094W,YJR001W,0,0.76394933,0.13216623663902283,0.9890000224113464,0.649399995803833
YBL013W,YOR101W,0,0.7631579,0.13214857876300812,0.9890000224113464,0.6495000123977661
YDR189W,YPL178W,0,0.7630087,0.1321309357881546,0.9890000224113464,0.6496000289916992
YPL234C,YBR097W,0,0.76292515,0.1321132779121399,0.9890000224113464,0.6496999859809875
YJR084W,YKL174C,0,0.7629199,0.13209563493728638,0.9890000224113464,0.6498000025749207
YPL188W,YDR093W,0,0.76221013,0.13207799196243286,0.9890000224113464,0.6499000191688538
YER088C,YLR055C,1,0.76174545,0.13219387829303741,0.9900000095367432,0.6499000191688538
YBR207W,YML086C,0,0.7609949,0.1321762353181839,0.9900000095367432,0.6499999761581421
YML013W,YIL140W,0,0.7608921,0.13215859234333038,0.9900000095367432,0.6500999927520752
YOR131C,YLR147C,0,0.7605486,0.13214094936847687,0.9900000095367432,0.6502000093460083
YOL157C,YPL082C,0,0.7597624,0.13212332129478455,0.9900000095367432,0.6503000259399414
YBR260C,YOR340C,0,0.75911546,0.13210567831993103,0.9900000095367432,0.6503999829292297
YGR279C,YGR010W,0,0.758414,0.1320880651473999,0.9900000095367432,0.6504999995231628
YOL019W,YNL137C,0,0.7572362,0.13207043707370758,0.9900000095367432,0.650600016117096
YLR163C,YMR012W,0,0.7571858,0.13205282390117645,0.9900000095367432,0.6506999731063843
YDR168W,YJL073W,0,0.7556093,0.13203521072864532,0.9900000095367432,0.6507999897003174
YJR013W,YMR256C,0,0.75532687,0.1320175975561142,0.9900000095367432,0.6509000062942505
YPL026C,YIL007C,0,0.75481313,0.13199999928474426,0.9900000095367432,0.6510000228881836
YAL039C,YML040W,0,0.754455,0.13198240101337433,0.9900000095367432,0.6510999798774719
YNR002C,YJL114W,0,0.7544261,0.1319648027420044,0.9900000095367432,0.651199996471405
YOR143C,YML037C,0,0.7535627,0.13194721937179565,0.9900000095367432,0.6513000130653381
YDL205C,YLR043C,0,0.75298977,0.13192963600158691,0.9900000095367432,0.6514000296592712
YHR033W,YDR495C,0,0.7525889,0.13191205263137817,0.9900000095367432,0.6514999866485596
YPR204W,YDR261C-D,0,0.75258344,0.13189448416233063,0.9900000095367432,0.6516000032424927
YDR468C,YJL114W,0,0.7522127,0.13187691569328308,0.9900000095367432,0.6517000198364258
YBL026W,YGL039W,0,0.75134706,0.13185934722423553,0.9900000095367432,0.6517999768257141
YER126C,YJL082W,0,0.7513442,0.13184179365634918,0.9900000095367432,0.6518999934196472
YBL074C,YPR030W,0,0.7513019,0.13182424008846283,0.9900000095367432,0.6520000100135803
YKL197C,YOR347C,0,0.7506174,0.13180668652057648,0.9900000095367432,0.6521000266075134
YOR304C-A,YAL015C,0,0.75032264,0.13178913295269012,0.9900000095367432,0.6521999835968018
YPL257W-B,YBR085W,0,0.750013,0.13177159428596497,0.9900000095367432,0.6523000001907349
YOL147C,YNL317W,0,0.7498021,0.1317540556192398,0.9900000095367432,0.652400016784668
YNL048W,YMR200W,0,0.7494654,0.13173653185367584,0.9900000095367432,0.6524999737739563
YDR343C,YLR304C,0,0.7484952,0.13171899318695068,0.9900000095367432,0.6525999903678894
YLR054C,YDL051W,0,0.74833286,0.13170146942138672,0.9900000095367432,0.6527000069618225
YBR176W,YCR016W,0,0.7473222,0.13168396055698395,0.9900000095367432,0.6528000235557556
YLL009C,YGL155W,0,0.74610806,0.13166645169258118,0.9900000095367432,0.652899980545044
YMR314W,YER087W,0,0.7459403,0.1316489428281784,0.9900000095367432,0.652999997138977
YOR324C,YER044C-A,0,0.7458348,0.13163143396377563,0.9900000095367432,0.6531000137329102
YMR122W-A,YAL059W,0,0.7438492,0.13161392509937286,0.9900000095367432,0.6531999707221985
YFL017W-A,YPL099C,0,0.74381447,0.1315964311361313,0.9900000095367432,0.6532999873161316
YGL050W,YDR317W,0,0.74295986,0.1315789520740509,0.9900000095367432,0.6534000039100647
YDR164C,YPL145C,0,0.7415856,0.13156145811080933,0.9900000095367432,0.6535000205039978
YJR143C,YJL114W,0,0.7411164,0.13154397904872894,0.9900000095367432,0.6535999774932861
YMR163C,YKL039W,0,0.74072766,0.13152649998664856,0.9900000095367432,0.6536999940872192
YOR131C,YLR293C,0,0.74030685,0.13150903582572937,0.9900000095367432,0.6538000106811523
YHR143W,YIR014W,0,0.74011445,0.13149157166481018,0.9900000095367432,0.6539000272750854
YMR318C,YDR081C,0,0.7393717,0.131474107503891,0.9900000095367432,0.6539999842643738
YNR028W,YMR286W,0,0.7392733,0.1314566433429718,0.9900000095367432,0.6541000008583069
YFR006W,YLR015W,0,0.73864305,0.1314391940832138,0.9900000095367432,0.65420001745224
YHR158C,YML073C,0,0.7384615,0.1314217448234558,0.9900000095367432,0.6542999744415283
YGR040W,YPR030W,0,0.7372858,0.13140429556369781,0.9900000095367432,0.6543999910354614
YGL120C,YNR030W,0,0.73706305,0.131386861205101,0.9900000095367432,0.6545000076293945
YER184C,YMR307W,0,0.7368084,0.1313694268465042,0.9900000095367432,0.6546000242233276
YBL112C,YEL031W,0,0.7365456,0.1313519924879074,0.9900000095367432,0.654699981212616
YGR181W,YDL082W,0,0.7362051,0.1313345730304718,0.9900000095367432,0.6547999978065491
YOR380W,YBL022C,0,0.7351912,0.1313171535730362,0.9900000095367432,0.6549000144004822
YMR175W,YOL155C,0,0.73452,0.13129973411560059,0.9900000095367432,0.6549999713897705
YHR197W,YML116W,0,0.73388886,0.13128232955932617,0.9900000095367432,0.6550999879837036
YDR047W,YGL169W,0,0.73329175,0.13126491010189056,0.9900000095367432,0.6552000045776367
YDR021W,YLR181C,0,0.7331153,0.13124752044677734,0.9900000095367432,0.6553000211715698
YGR040W,YPL126W,0,0.7329178,0.13123011589050293,0.9900000095367432,0.6553999781608582
YLR345W,YNL085W,0,0.73258764,0.1312127262353897,0.9900000095367432,0.6554999947547913
YJR120W,YGL178W,0,0.73189783,0.1311953365802765,0.9900000095367432,0.6556000113487244
YGR036C,YNR061C,0,0.73107016,0.13117794692516327,0.9900000095367432,0.6557000279426575
YMR296C,YIL039W,0,0.73057044,0.13116057217121124,0.9900000095367432,0.6557999849319458
YOR180C,YLR037C,0,0.73036194,0.13114319741725922,0.9900000095367432,0.6559000015258789
YKL170W,YGR260W,0,0.72995657,0.1311258226633072,0.9900000095367432,0.656000018119812
YER083C,YEL005C,0,0.72985077,0.13110846281051636,0.9900000095367432,0.6560999751091003
YGR251W,YDR318W,0,0.72975004,0.13109110295772552,0.9900000095367432,0.6561999917030334
YER040W,YNL121C,0,0.7295666,0.1310737431049347,0.9900000095367432,0.6563000082969666
YOR039W,YDR328C,0,0.72828203,0.13105639815330505,0.9900000095367432,0.6564000248908997
YKL217W,YHR211W,0,0.7260542,0.13103905320167542,0.9900000095367432,0.656499981880188
YAR009C,YBR081C,0,0.72572654,0.13102170825004578,0.9900000095367432,0.6565999984741211
YIL084C,YGR191W,0,0.7256628,0.13100436329841614,0.9900000095367432,0.6567000150680542
YER007C-A,YNL103W,0,0.7256301,0.1309870332479477,0.9900000095367432,0.6567999720573425
YJR005W,YMR130W,0,0.72529614,0.13096970319747925,0.9900000095367432,0.6568999886512756
YOR181W,YBR052C,0,0.7249025,0.130952388048172,0.9900000095367432,0.6570000052452087
YPL234C,YNL131W,0,0.7248666,0.13093505799770355,0.9900000095367432,0.6571000218391418
YML104C,YEL065W,0,0.72420186,0.1309177428483963,0.9900000095367432,0.6571999788284302
YMR247C,YLL062C,0,0.72395307,0.13090044260025024,0.9900000095367432,0.6572999954223633
YBR065C,YMR200W,0,0.7238464,0.130883127450943,0.9900000095367432,0.6574000120162964
YAL068C,YML037C,0,0.7227215,0.13086582720279694,0.9900000095367432,0.6575000286102295
YHR051W,YDR273W,0,0.72271574,0.13084852695465088,0.9900000095367432,0.6575999855995178
YMR109W,YGR122W,0,0.7222463,0.13083124160766602,0.9900000095367432,0.6577000021934509
YCR096C,YBR111W-A,0,0.7222414,0.13081395626068115,0.9900000095367432,0.657800018787384
YGR001C,YLR214W,0,0.7220959,0.1307966709136963,0.9900000095367432,0.6578999757766724
YDR373W,YFL038C,0,0.72185946,0.13077938556671143,0.9900000095367432,0.6579999923706055
YML051W,YPR024W,0,0.720663,0.13076211512088776,0.9900000095367432,0.6581000089645386
YHL050C,YKR083C,0,0.72015953,0.1307448446750641,0.9900000095367432,0.6582000255584717
YLR446W,YPL121C,0,0.719918,0.1307275891304016,0.9900000095367432,0.65829998254776
YFR021W,YNL146W,0,0.71943974,0.13071031868457794,0.9900000095367432,0.6583999991416931
YLR440C,YDL204W,0,0.71819955,0.13069306313991547,0.9900000095367432,0.6585000157356262
YER174C,YEL002C,0,0.71808195,0.13067582249641418,0.9900000095367432,0.6585999727249146
YER179W,YJL108C,0,0.71770453,0.1306585669517517,0.9900000095367432,0.6586999893188477
YFL054C,YIL043C,0,0.71766967,0.13064132630825043,0.9900000095367432,0.6588000059127808
YER106W,YBR130C,0,0.7171396,0.13062408566474915,0.9900000095367432,0.6589000225067139
YMR211W,YMR149W,0,0.71546376,0.13060685992240906,0.9900000095367432,0.6589999794960022
YDR468C,YJR021C,0,0.71526206,0.13058963418006897,0.9900000095367432,0.6590999960899353
YNL219C,YJL143W,0,0.7152015,0.13057240843772888,0.9900000095367432,0.6592000126838684
YIL153W,YOR071C,0,0.71467924,0.1305551826953888,0.9900000095367432,0.6593000292778015
YLL033W,YHR117W,0,0.71437657,0.1305379718542099,0.9900000095367432,0.6593999862670898
YOR292C,YER017C,0,0.7137683,0.130520761013031,0.9900000095367432,0.659500002861023
YEL069C,YKL217W,0,0.71324825,0.1305035650730133,0.9900000095367432,0.659600019454956
YCL031C,YJR046W,0,0.71286786,0.1304863542318344,0.9900000095367432,0.6596999764442444
YHR122W,YBR022W,0,0.7128676,0.1304691582918167,0.9900000095367432,0.6597999930381775
YMR243C,YMR160W,0,0.71231806,0.1304519772529602,0.9900000095367432,0.6599000096321106
YKL088W,YJR094W-A,0,0.7120049,0.1304347813129425,0.9900000095367432,0.6600000262260437
YMR039C,YOR242C,0,0.71190166,0.130417600274086,0.9900000095367432,0.660099983215332
YLR395C,YFR031C-A,0,0.7118702,0.1304004192352295,0.9900000095367432,0.6601999998092651
YKL022C,YGR285C,0,0.710665,0.13038325309753418,0.9900000095367432,0.6603000164031982
YBR264C,YKR052C,0,0.70898116,0.13036607205867767,0.9900000095367432,0.6603999733924866
YAL012W,YML045W,0,0.7077873,0.13034892082214355,0.9900000095367432,0.6604999899864197
YGL180W,YOR180C,0,0.70694816,0.13033175468444824,0.9900000095367432,0.6606000065803528
YLR040C,YBL034C,0,0.7050885,0.13031460344791412,0.9900000095367432,0.6607000231742859
YMR318C,YML094W,0,0.7046988,0.13029745221138,0.9900000095367432,0.6607999801635742
YHR214C-C,YOR250C,0,0.7040535,0.1302803009748459,0.9900000095367432,0.6608999967575073
YKR058W,YGR010W,0,0.70399296,0.13026316463947296,0.9900000095367432,0.6610000133514404
YLL019C,YLR092W,0,0.7038383,0.13024601340293884,0.9900000095367432,0.6610999703407288
YHR106W,YAL048C,0,0.70377195,0.1302288919687271,0.9900000095367432,0.6611999869346619
YKR095W,YHR190W,0,0.7036759,0.1302117556333542,0.9900000095367432,0.661300003528595
YOR078W,YDR031W,0,0.7036579,0.13019463419914246,0.9900000095367432,0.6614000201225281
YER185W,YGR170W,0,0.7030277,0.13017751276493073,0.9900000095367432,0.6614999771118164
YHR029C,YGL196W,0,0.70226747,0.1301604062318802,0.9900000095367432,0.6615999937057495
YLR337C,YDR261W-A,0,0.7021625,0.13014328479766846,0.9900000095367432,0.6617000102996826
YHR193C,YJL165C,0,0.7019557,0.13012617826461792,0.9900000095367432,0.6618000268936157
YDR189W,YKR096W,0,0.70076245,0.13010908663272858,0.9900000095367432,0.661899983882904
YHR122W,YBL098W,0,0.7005236,0.13009198009967804,0.9900000095367432,0.6620000004768372
YDL117W,YPL017C,0,0.7003956,0.1300748884677887,0.9900000095367432,0.6621000170707703
YDR231C,YMR188C,0,0.69993895,0.13005779683589935,0.9900000095367432,0.6621999740600586
YKL051W,YPR110C,0,0.69918036,0.1300407201051712,0.9900000095367432,0.6622999906539917
YNR044W,YCL066W,0,0.6984875,0.13002364337444305,0.9900000095367432,0.6624000072479248
YDR012W,YOL156W,0,0.6984836,0.1300065666437149,0.9900000095367432,0.6625000238418579
YPR030W,YLL057C,0,0.6979174,0.12998948991298676,0.9900000095367432,0.6625999808311462
YHR171W,YOL069W,0,0.69754183,0.1299724280834198,0.9900000095367432,0.6626999974250793
YCR014C,YNL213C,0,0.69702685,0.12995536625385284,0.9900000095367432,0.6628000140190125
YER046W,YHR030C,0,0.69697195,0.12993831932544708,0.9900000095367432,0.6628999710083008
YER087C-A,YJL212C,0,0.6967631,0.12992125749588013,0.9900000095367432,0.6629999876022339
YCL004W,YKL195W,0,0.6960809,0.12990421056747437,0.9900000095367432,0.663100004196167
YAL044C,YLR327C,0,0.6956114,0.1298871636390686,0.9900000095367432,0.6632000207901001
YFR007W,YGL126W,0,0.6953269,0.12987013161182404,0.9900000095367432,0.6632999777793884
YBR283C,YHR074W,0,0.6952835,0.12985309958457947,0.9900000095367432,0.6633999943733215
YIL095W,YJL191W,0,0.694712,0.1298360675573349,0.9900000095367432,0.6635000109672546
YDL171C,YNL149C,0,0.69466406,0.12981903553009033,0.9900000095367432,0.6636000275611877
YJL087C,YML049C,0,0.69442916,0.12980201840400696,0.9900000095367432,0.6636999845504761
YOR233W,YOR211C,0,0.69428676,0.12978500127792358,0.9900000095367432,0.6638000011444092
YOL019W,YPL048W,0,0.69403636,0.1297679841518402,0.9900000095367432,0.6639000177383423
YKL129C,YAR044W,0,0.6939888,0.12975098192691803,0.9900000095367432,0.6639999747276306
YER013W,YJL058C,0,0.6937016,0.12973397970199585,0.9900000095367432,0.6640999913215637
YJL221C,YDR129C,0,0.692935,0.12971697747707367,0.9900000095367432,0.6642000079154968
YOR384W,YJL058C,0,0.6927041,0.12969999015331268,0.9900000095367432,0.6643000245094299
YPL105C,YDR046C,0,0.6921896,0.1296830028295517,0.9900000095367432,0.6643999814987183
YOR374W,YJL021C,0,0.6919607,0.1296660155057907,0.9900000095367432,0.6644999980926514
YOR070C,YJL114W,0,0.6919248,0.12964902818202972,0.9900000095367432,0.6646000146865845
YML042W,YKL132C,0,0.6914619,0.12963205575942993,0.9900000095367432,0.6646999716758728
YJL213W,YDR002W,0,0.69091475,0.12961508333683014,0.9900000095367432,0.6647999882698059
YGR112W,YDR478W,0,0.6907878,0.12959811091423035,0.9900000095367432,0.664900004863739
YBR214W,YNL077W,0,0.68880236,0.12958115339279175,0.9900000095367432,0.6650000214576721
YML021C,YPL274W,0,0.6877196,0.12956419587135315,0.9900000095367432,0.6650999784469604
YPL280W,YBL093C,0,0.68744284,0.12954723834991455,0.9900000095367432,0.6651999950408936
YDR304C,YDL084W,0,0.6872648,0.12953029572963715,0.9900000095367432,0.6653000116348267
YDR283C,YER013W,0,0.6871583,0.12951333820819855,0.9900000095367432,0.6654000282287598
YBR196C,YBR054W,0,0.68677366,0.12949639558792114,0.9900000095367432,0.6654999852180481
YNL061W,YLR266C,0,0.68645096,0.12947946786880493,0.9900000095367432,0.6656000018119812
YCR057C,YDR056C,0,0.6863384,0.12946254014968872,0.9900000095367432,0.6657000184059143
YLR300W,YMR059W,0,0.68601286,0.1294456124305725,0.9900000095367432,0.6657999753952026
YKR095W-A,YOR159C,0,0.68434876,0.1294286847114563,0.9900000095367432,0.6658999919891357
YGR235C,YNL055C,0,0.6834517,0.12941177189350128,0.9900000095367432,0.6660000085830688
YKL164C,YGR281W,0,0.68344116,0.12939484417438507,0.9900000095367432,0.666100025177002
YJL069C,YKR064W,0,0.6834189,0.12937794625759125,0.9900000095367432,0.6661999821662903
YAL058W,YOR271C,0,0.6833327,0.12936103343963623,0.9900000095367432,0.6662999987602234
YKL183W,YJR049C,0,0.6829135,0.1293441355228424,0.9900000095367432,0.6664000153541565
YGL158W,YML082W,0,0.68246335,0.12932723760604858,0.9900000095367432,0.6664999723434448
YJR133W,YDR130C,0,0.6822665,0.12931033968925476,0.9900000095367432,0.6665999889373779
YHR194W,YBL100W-B,0,0.6818234,0.12929345667362213,0.9900000095367432,0.666700005531311
YOL093W,YOR126C,0,0.68167317,0.1292765736579895,0.9900000095367432,0.6668000221252441
YHR079C-B,YCR021C,0,0.68087524,0.12925969064235687,0.9900000095367432,0.6668999791145325
YGR189C,YER123W,0,0.68008316,0.12924282252788544,0.9900000095367432,0.6669999957084656
YLR348C,YJL168C,0,0.6800741,0.129225954413414,0.9900000095367432,0.6671000123023987
YGL126W,YMR045C,0,0.67874026,0.12920908629894257,0.9900000095367432,0.6672000288963318
YER038C,YPL068C,0,0.6781566,0.12919221818447113,0.9900000095367432,0.6672999858856201
YMR013C,YHR047C,0,0.6770995,0.1291753649711609,0.9900000095367432,0.6674000024795532
YLR371W,YGL227W,0,0.67705715,0.12915851175785065,0.9900000095367432,0.6675000190734863
YPR003C,YKL080W,0,0.6769999,0.1291416585445404,0.9900000095367432,0.6675999760627747
YBR181C,YPL065W,0,0.67648846,0.12912482023239136,0.9900000095367432,0.6676999926567078
YML099C,YOL152W,0,0.6754749,0.1291079819202423,0.9900000095367432,0.6678000092506409
YBR119W,YIL022W,0,0.6746439,0.12909114360809326,0.9900000095367432,0.667900025844574
YMR168C,YOR195W,0,0.67436785,0.1290743201971054,0.9900000095367432,0.6679999828338623
YGR083C,YAL033W,0,0.67411923,0.12905748188495636,0.9900000095367432,0.6680999994277954
YDR490C,YJR029W,0,0.6739311,0.1290406733751297,0.9900000095367432,0.6682000160217285
YKL190W,YCL052C,0,0.67361456,0.12902384996414185,0.9900000095367432,0.6682999730110168
YOR195W,YCR009C,0,0.672605,0.12900704145431519,0.9900000095367432,0.66839998960495
YNL286W,YJL053W,0,0.6719783,0.12899023294448853,0.9900000095367432,0.6685000061988831
YOR388C,YKL041W,0,0.6715033,0.12897342443466187,0.9900000095367432,0.6686000227928162
YDR325W,YLR286C,0,0.6711778,0.1289566308259964,0.9900000095367432,0.6686999797821045
YER050C,YBR264C,0,0.6706475,0.12893982231616974,0.9900000095367432,0.6687999963760376
YKL175W,YOR221C,0,0.67058915,0.12892304360866547,0.9900000095367432,0.6689000129699707
YLR006C,YER115C,0,0.6702109,0.12890625,0.9900000095367432,0.6690000295639038
YFR014C,YGL158W,0,0.6694806,0.12888947129249573,0.9900000095367432,0.6690999865531921
YGL238W,YPL168W,0,0.6693653,0.12887269258499146,0.9900000095367432,0.6692000031471252
YGL104C,YAR019C,0,0.6691936,0.12885591387748718,0.9900000095367432,0.6693000197410583
YNL239W,YDL018C,0,0.6682981,0.1288391500711441,0.9900000095367432,0.6693999767303467
YJR060W,YBR276C,0,0.6682552,0.12882238626480103,0.9900000095367432,0.6694999933242798
YPL252C,YJL172W,0,0.668125,0.12880562245845795,0.9900000095367432,0.6696000099182129
YLR238W,YLR414C,0,0.6679893,0.12878885865211487,0.9900000095367432,0.669700026512146
YBR150C,YNL223W,0,0.667669,0.12877210974693298,0.9900000095367432,0.6697999835014343
YHR046C,YLR439W,0,0.6673615,0.1287553608417511,0.9900000095367432,0.6699000000953674
YDR392W,YIL009C-A,0,0.66679054,0.1287386268377304,0.9900000095367432,0.6700000166893005
YJL034W,YMR039C,0,0.6667055,0.12872187793254852,0.9900000095367432,0.6700999736785889
YJL190C,YFR025C,0,0.66658556,0.12870514392852783,0.9900000095367432,0.670199990272522
YDL179W,YBR145W,0,0.66657794,0.12868842482566833,0.9900000095367432,0.6703000068664551
YGR154C,YHR079C-B,0,0.6663686,0.12867169082164764,0.9900000095367432,0.6704000234603882
YER025W,YER005W,0,0.6663372,0.12865497171878815,0.9900000095367432,0.6704999804496765
YPL022W,YBR080C,0,0.6653389,0.12863825261592865,0.9900000095367432,0.6705999970436096
YDR296W,YNL131W,0,0.6644263,0.12862153351306915,0.9900000095367432,0.6707000136375427
YPL248C,YNL258C,0,0.664381,0.12860482931137085,0.9900000095367432,0.670799970626831
YOR270C,YPL117C,0,0.6639092,0.12858812510967255,0.9900000095367432,0.6708999872207642
YNR016C,YMR051C,0,0.6631603,0.12857143580913544,0.9900000095367432,0.6710000038146973
YKL182W,YGL190C,0,0.66239566,0.12855473160743713,0.9900000095367432,0.6711000204086304
YLR163C,YMR221C,0,0.6620357,0.12853804230690002,0.9900000095367432,0.6711999773979187
YKR006C,YDR532C,0,0.66143286,0.12852135300636292,0.9900000095367432,0.6712999939918518
YBR156C,YGL027C,0,0.65962887,0.128504678606987,0.9900000095367432,0.6714000105857849
YHL038C,YNL049C,0,0.6594498,0.1284879893064499,0.9900000095367432,0.671500027179718
YOL120C,YOR326W,0,0.6592341,0.12847131490707397,0.9900000095367432,0.6715999841690063
YEL020W-A,YPR171W,0,0.65907496,0.12845465540885925,0.9900000095367432,0.6717000007629395
YFL035C-B,YBR081C,0,0.6590384,0.12843798100948334,0.9900000095367432,0.6718000173568726
YAL026C,YDR400W,0,0.65839195,0.12842132151126862,0.9900000095367432,0.6718999743461609
YIL027C,YDR170W-A,0,0.6581697,0.1284046620130539,0.9900000095367432,0.671999990940094
YDR393W,YKR052C,0,0.6574344,0.12838801741600037,0.9900000095367432,0.6721000075340271
YNR043W,YHL040C,0,0.6572857,0.12837137281894684,0.9900000095367432,0.6722000241279602
YEL012W,YER175C,0,0.65726644,0.1283547282218933,0.9900000095367432,0.6722999811172485
YCL029C,YDL206W,0,0.6565194,0.12833808362483978,0.9900000095367432,0.6723999977111816
YOR047C,YBL020W,0,0.6563317,0.12832145392894745,0.9900000095367432,0.6725000143051147
YLR006C,YEL002C,0,0.65597475,0.12830482423305511,0.9900000095367432,0.6725999712944031
YGR234W,YOL066C,0,0.6555386,0.12828819453716278,0.9900000095367432,0.6726999878883362
YGL227W,YBR035C,0,0.6554698,0.12827157974243164,0.9900000095367432,0.6728000044822693
YDL202W,YEL016C,0,0.6550691,0.1282549500465393,0.9900000095367432,0.6729000210762024
YLR190W,YBR024W,0,0.6546972,0.12823833525180817,0.9900000095367432,0.6729999780654907
YOR080W,YLR163C,0,0.654143,0.12822173535823822,0.9900000095367432,0.6730999946594238
YGR007W,YNL156C,0,0.65407413,0.12820513546466827,0.9900000095367432,0.6732000112533569
YDR071C,YLR357W,1,0.6539471,0.12831801176071167,0.9909999966621399,0.6732000112533569
YMR237W,YHR103W,0,0.652527,0.12830139696598053,0.9909999966621399,0.67330002784729
YOL095C,YCL057C-A,0,0.65233237,0.12828479707241058,0.9909999966621399,0.6733999848365784
YDR071C,YLR055C,1,0.6513902,0.1283976137638092,0.9919999837875366,0.6733999848365784
YMR071C,YDR437W,0,0.6508607,0.12838099896907806,0.9919999837875366,0.6735000014305115
YGL073W,YGL053W,0,0.6499604,0.12836438417434692,0.9919999837875366,0.6736000180244446
YNL137C,YOR193W,0,0.6495647,0.12834778428077698,0.9919999837875366,0.6736999750137329
YPR108W,YGR122W,0,0.64939475,0.12833118438720703,0.9919999837875366,0.673799991607666
YPR100W,YOR337W,0,0.6491834,0.12831458449363708,0.9919999837875366,0.6739000082015991
YDR130C,YGL084C,0,0.6488627,0.12829798460006714,0.9919999837875366,0.6740000247955322
YOR092W,YNL293W,0,0.6485935,0.1282813847064972,0.9919999837875366,0.6740999817848206
YNL287W,YHR035W,0,0.6485815,0.12826479971408844,0.9919999837875366,0.6741999983787537
YDR077W,YMR150C,0,0.6484133,0.12824822962284088,0.9919999837875366,0.6743000149726868
YCL034W,YMR130W,0,0.64782476,0.12823164463043213,0.9919999837875366,0.6743999719619751
YMR086W,YMR194W,0,0.647804,0.12821507453918457,0.9919999837875366,0.6744999885559082
YAL026C,YGR061C,0,0.6476126,0.128198504447937,0.9919999837875366,0.6746000051498413
YMR232W,YHR122W,0,0.64747417,0.12818193435668945,0.9919999837875366,0.6747000217437744
YIL147C,YGR295C,0,0.64747036,0.1281653791666031,0.9919999837875366,0.6747999787330627
YJR013W,YOL101C,0,0.64610577,0.12814882397651672,0.9919999837875366,0.6748999953269958
YER131W,YDL087C,0,0.64595044,0.12813226878643036,0.9919999837875366,0.675000011920929
YDR511W,YOR159C,0,0.6455378,0.128115713596344,0.9919999837875366,0.6751000285148621
YPL116W,YGR094W,0,0.64474976,0.12809917330741882,0.9919999837875366,0.6751999855041504
YKL010C,YOL070C,0,0.64425296,0.12808263301849365,0.9919999837875366,0.6753000020980835
YGL139W,YLR129W,0,0.64410913,0.12806609272956848,0.9919999837875366,0.6754000186920166
YOR124C,YNL081C,0,0.64402467,0.1280495673418045,0.9919999837875366,0.6754999756813049
YLR118C,YER129W,0,0.6437903,0.12803304195404053,0.9919999837875366,0.675599992275238
YPR198W,YLL014W,0,0.6434154,0.12801651656627655,0.9919999837875366,0.6757000088691711
YGL212W,YMR122W-A,0,0.64289105,0.12800000607967377,0.9919999837875366,0.6758000254631042
YDR523C,YIL072W,0,0.642001,0.1279834806919098,0.9919999837875366,0.6758999824523926
YKL021C,YBR129C,0,0.64193904,0.127966970205307,0.9919999837875366,0.6759999990463257
YFL021W,YLR151C,0,0.6396699,0.12795047461986542,0.9919999837875366,0.6761000156402588
YGR070W,YLR360W,0,0.63849807,0.12793396413326263,0.9919999837875366,0.6761999726295471
YFR007W,YDL133C-A,0,0.6376867,0.12791746854782104,0.9919999837875366,0.6762999892234802
YDR090C,YBR084W,0,0.6373561,0.12790097296237946,0.9919999837875366,0.6764000058174133
YDL231C,YNR030W,0,0.63650954,0.12788449227809906,0.9919999837875366,0.6765000224113464
YIR002C,YBR213W,0,0.6361097,0.12786801159381866,0.9919999837875366,0.6765999794006348
YDR188W,YIL088C,0,0.6359348,0.12785153090953827,0.9919999837875366,0.6766999959945679
YLL040C,YGL096W,0,0.6341211,0.12783505022525787,0.9919999837875366,0.676800012588501
YBL091C-A,YBR251W,0,0.63387775,0.12781858444213867,0.9919999837875366,0.6769000291824341
YMR321C,YBR015C,0,0.6336562,0.12780211865901947,0.9919999837875366,0.6769999861717224
YAL010C,YMR051C,0,0.6333501,0.12778565287590027,0.9919999837875366,0.6771000027656555
YNL231C,YBL054W,0,0.63212204,0.12776918709278107,0.9919999837875366,0.6772000193595886
YPL226W,YMR306W,0,0.63195926,0.12775273621082306,0.9919999837875366,0.677299976348877
YOR267C,YKR103W,0,0.63149506,0.12773628532886505,0.9919999837875366,0.6773999929428101
YNL063W,YBR054W,0,0.6313964,0.12771983444690704,0.9919999837875366,0.6775000095367432
YDR399W,YNL092W,0,0.6309608,0.12770339846611023,0.9919999837875366,0.6776000261306763
YHR168W,YHL017W,0,0.63010573,0.12768696248531342,0.9919999837875366,0.6776999831199646
YLR088W,YGR286C,0,0.6299136,0.1276705265045166,0.9919999837875366,0.6777999997138977
YKL099C,YOR215C,0,0.629732,0.12765410542488098,0.9919999837875366,0.6779000163078308
YOR177C,YPL126W,0,0.6296704,0.12763766944408417,0.9919999837875366,0.6779999732971191
YMR142C,YHR041C,0,0.62966526,0.12762124836444855,0.9919999837875366,0.6780999898910522
YDL054C,YDR260C,0,0.62947613,0.12760484218597412,0.9919999837875366,0.6782000064849854
YLR451W,YMR166C,0,0.62925863,0.1275884211063385,0.9919999837875366,0.6783000230789185
YDR329C,YKL082C,0,0.6290798,0.12757201492786407,0.9919999837875366,0.6783999800682068
YLR413W,YJR052W,0,0.6283051,0.12755560874938965,0.9919999837875366,0.6784999966621399
YBL024W,YLR200W,0,0.62782776,0.12753921747207642,0.9919999837875366,0.678600013256073
YHR157W,YBR214W,0,0.62771076,0.127522811293602,0.9919999837875366,0.6786999702453613
YCL075W,YPL076W,0,0.6268607,0.12750642001628876,0.9919999837875366,0.6787999868392944
YFL039C,YLR432W,0,0.6267206,0.12749004364013672,0.9919999837875366,0.6789000034332275
YDR529C,YGR009C,0,0.6255944,0.1274736523628235,0.9919999837875366,0.6790000200271606
YKR094C,YBR037C,0,0.62494373,0.12745727598667145,0.9919999837875366,0.679099977016449
YNL046W,YMR152W,0,0.6249361,0.1274408996105194,0.9919999837875366,0.6791999936103821
YPR120C,YML096W,0,0.62415195,0.12742453813552856,0.9919999837875366,0.6793000102043152
YMR211W,YBR111W-A,0,0.6234152,0.12740816175937653,0.9919999837875366,0.6794000267982483
YJL180C,YPL115C,0,0.6231392,0.12739180028438568,0.9919999837875366,0.6794999837875366
YOR239W,YDL206W,0,0.62282586,0.12737545371055603,0.9919999837875366,0.6796000003814697
YNL006W,YDL109C,0,0.62226933,0.12735909223556519,0.9919999837875366,0.6797000169754028
YBR001C,YNR052C,0,0.6217141,0.12734274566173553,0.9919999837875366,0.6797999739646912
YDR284C,YDR121W,0,0.6210903,0.12732639908790588,0.9919999837875366,0.6798999905586243
YBR177C,YLR176C,0,0.6209943,0.12731006741523743,0.9919999837875366,0.6800000071525574
YPR180W,YML011C,0,0.6208909,0.12729372084140778,0.9919999837875366,0.6801000237464905
YKL171W,YOR232W,0,0.6206833,0.12727738916873932,0.9919999837875366,0.6801999807357788
YBR072W,YFL066C,0,0.6202074,0.12726105749607086,0.9919999837875366,0.6802999973297119
YDR423C,YOR044W,0,0.6197655,0.1272447407245636,0.9919999837875366,0.680400013923645
YPL056C,YMR142C,0,0.6193279,0.12722842395305634,0.9919999837875366,0.6804999709129333
YNL278W,YDL114W,0,0.61866397,0.12721210718154907,0.9919999837875366,0.6805999875068665
YML011C,YKL062W,0,0.61829007,0.1271957904100418,0.9919999837875366,0.6807000041007996
YDL113C,YLR196W,0,0.6172045,0.12717948853969574,0.9919999837875366,0.6808000206947327
YGR214W,YPR037C,0,0.616526,0.12716318666934967,0.9919999837875366,0.680899977684021
YPL234C,YKL119C,0,0.61575776,0.1271468847990036,0.9919999837875366,0.6809999942779541
YGL206C,YNR035C,0,0.6154791,0.12713059782981873,0.9919999837875366,0.6811000108718872
YGL046W,YDR380W,0,0.6145345,0.12711429595947266,0.9919999837875366,0.6812000274658203
YPL113C,YER032W,0,0.61374325,0.12709800899028778,0.9919999837875366,0.6812999844551086
YIL051C,YPR071W,0,0.6129725,0.1270817369222641,0.9919999837875366,0.6814000010490417
YMR050C,YGL238W,0,0.6128145,0.12706544995307922,0.9919999837875366,0.6815000176429749
YDL135C,YER155C,0,0.6127599,0.12704917788505554,0.9919999837875366,0.6815999746322632
YOL029C,YOR393W,0,0.6127118,0.12703290581703186,0.9919999837875366,0.6816999912261963
YPL171C,YBR181C,0,0.6122737,0.12701664865016937,0.9919999837875366,0.6818000078201294
YDR430C,YFR052W,0,0.6115914,0.12700039148330688,0.9919999837875366,0.6819000244140625
YGL136C,YHR169W,0,0.61118793,0.1269841343164444,0.9919999837875366,0.6819999814033508
YNL314W,YOR357C,0,0.6094554,0.1269678771495819,0.9919999837875366,0.6820999979972839
YAL007C,YPR097W,0,0.60923797,0.12695161998271942,0.9919999837875366,0.682200014591217
YNL046W,YBR072W,0,0.60902035,0.12693537771701813,0.9919999837875366,0.6822999715805054
YDR298C,YIL072W,0,0.6087608,0.12691913545131683,0.9919999837875366,0.6823999881744385
YPL204W,YHL027W,0,0.608627,0.12690290808677673,0.9919999837875366,0.6825000047683716
YDR071C,YJL081C,1,0.60862285,0.12701457738876343,0.9929999709129333,0.6825000047683716
YCR014C,YOR014W,0,0.60770273,0.12699833512306213,0.9929999709129333,0.6826000213623047
YCR031C,YOR168W,0,0.60758877,0.12698209285736084,0.9929999709129333,0.682699978351593
YDR304C,YLR037C,0,0.60747063,0.12696586549282074,0.9929999709129333,0.6827999949455261
YOR267C,YHL011C,0,0.6070701,0.12694962322711945,0.9929999709129333,0.6829000115394592
YBL074C,YPL104W,0,0.60630256,0.12693339586257935,0.9929999709129333,0.6830000281333923
YPR173C,YOR071C,0,0.6062014,0.12691718339920044,0.9929999709129333,0.6830999851226807
YGL010W,YJL029C,0,0.6058986,0.12690095603466034,0.9929999709129333,0.6832000017166138
YBR058C,YPR159W,0,0.6047386,0.12688474357128143,0.9929999709129333,0.6833000183105469
YER110C,YKR102W,0,0.6036385,0.12686853110790253,0.9929999709129333,0.6833999752998352
YGR252W,YPR128C,0,0.60354716,0.12685231864452362,0.9929999709129333,0.6834999918937683
YDL120W,YDR362C,0,0.602656,0.1268361210823059,0.9929999709129333,0.6836000084877014
YPL189C-A,YHR190W,0,0.60128117,0.1268199235200882,0.9929999709129333,0.6837000250816345
YDR177W,YJR054W,0,0.60080147,0.12680372595787048,0.9929999709129333,0.6837999820709229
YGL219C,YLR427W,0,0.60060674,0.12678754329681396,0.9929999709129333,0.683899998664856
YER020W,YER130C,0,0.6002726,0.12677134573459625,0.9929999709129333,0.6840000152587891
YNL190W,YJL168C,0,0.599829,0.12675516307353973,0.9929999709129333,0.6840999722480774
YJR143C,YMR307W,0,0.59867275,0.1267389953136444,0.9929999709129333,0.6841999888420105
YFL033C,YML055W,0,0.598517,0.1267228126525879,0.9929999709129333,0.6843000054359436
YOR159C,YJL003W,0,0.5982244,0.12670664489269257,0.9929999709129333,0.6844000220298767
YPR180W,YMR159C,0,0.5978786,0.12669047713279724,0.9929999709129333,0.684499979019165
YBL014C,YLL067C,0,0.59605366,0.1266743242740631,0.9929999709129333,0.6845999956130981
YBL058W,YFR024C,0,0.59572077,0.12665815651416779,0.9929999709129333,0.6847000122070312
YER056C,YJL030W,0,0.5956944,0.12664200365543365,0.9929999709129333,0.6848000288009644
YLR139C,YPL050C,0,0.59518385,0.12662586569786072,0.9929999709129333,0.6848999857902527
YMR088C,YNL130C,0,0.5949631,0.1266097128391266,0.9929999709129333,0.6850000023841858
YNL145W,YKL021C,0,0.5944946,0.12659357488155365,0.9929999709129333,0.6851000189781189
YML059C,YIL155C,0,0.5936631,0.1265774369239807,0.9929999709129333,0.6851999759674072
YCR053W,YJR029W,0,0.5936142,0.12656129896640778,0.9929999709129333,0.6852999925613403
YMR273C,YMR051C,0,0.59352577,0.12654517590999603,0.9929999709129333,0.6854000091552734
YBR193C,YNL127W,0,0.5932575,0.1265290528535843,0.9929999709129333,0.6855000257492065
YDL028C,YMR145C,0,0.59281343,0.12651292979717255,0.9929999709129333,0.6855999827384949
YDR025W,YBL038W,0,0.59268236,0.126496821641922,0.9929999709129333,0.685699999332428
YLR032W,YNR053C,0,0.5924285,0.12648069858551025,0.9929999709129333,0.6858000159263611
YGL105W,YGR264C,0,0.59226173,0.1264645904302597,0.9929999709129333,0.6858999729156494
YEL022W,YEL005C,0,0.5922316,0.12644849717617035,0.9929999709129333,0.6859999895095825
YGL120C,YLR079W,0,0.59208894,0.1264323890209198,0.9929999709129333,0.6861000061035156
YDR045C,YML040W,0,0.5916678,0.12641629576683044,0.9929999709129333,0.6862000226974487
YMR205C,YLR120C,0,0.5913997,0.1264002025127411,0.9929999709129333,0.6862999796867371
YKL048C,YLR061W,0,0.5906046,0.12638410925865173,0.9929999709129333,0.6863999962806702
YIL098C,YJR075W,0,0.5903788,0.12636803090572357,0.9929999709129333,0.6865000128746033
YPL007C,YDR494W,0,0.5902936,0.1263519525527954,0.9929999709129333,0.6866000294685364
YIL094C,YKR056W,0,0.5895747,0.12633587419986725,0.9929999709129333,0.6866999864578247
YPL017C,YKL199C,0,0.58940196,0.12631981074810028,0.9929999709129333,0.6868000030517578
YGL141W,YPR007C,0,0.5893212,0.12630373239517212,0.9929999709129333,0.6869000196456909
YJL062W,YNL306W,0,0.58894646,0.12628768384456635,0.9929999709129333,0.6869999766349792
YGR285C,YIL046W,0,0.5880979,0.12627162039279938,0.9929999709129333,0.6870999932289124
YLR190W,YKR055W,0,0.58708954,0.1262555569410324,0.9929999709129333,0.6872000098228455
YLR078C,YKL156W,0,0.5866504,0.12623950839042664,0.9929999709129333,0.6873000264167786
YHR002W,YNR052C,0,0.5861392,0.12622345983982086,0.9929999709129333,0.6873999834060669
YPL051W,YFL066C,0,0.5847356,0.12620742619037628,0.9929999709129333,0.6875
YJL157C,YOR081C,0,0.58411205,0.1261913776397705,0.9929999709129333,0.6876000165939331
YBR170C,YNL306W,0,0.5839088,0.12617534399032593,0.9929999709129333,0.6876999735832214
YLR377C,YIL006W,0,0.5837622,0.12615932524204254,0.9929999709129333,0.6877999901771545
YDR498C,YOL009C,0,0.58345115,0.12614329159259796,0.9929999709129333,0.6879000067710876
YMR087W,YHL012W,0,0.58331376,0.12612727284431458,0.9929999709129333,0.6880000233650208
YGL198W,YDR003W,0,0.5829623,0.1261112540960312,0.9929999709129333,0.6880999803543091
YML098W,YKL059C,0,0.58285916,0.1260952353477478,0.9929999709129333,0.6881999969482422
YIL138C,YPR199C,0,0.5828538,0.1260792315006256,0.9929999709129333,0.6883000135421753
YER162C,YER093C,0,0.58176816,0.12606322765350342,0.9929999709129333,0.6883999705314636
YLR389C,YLR223C,0,0.5813569,0.12604722380638123,0.9929999709129333,0.6884999871253967
YER061C,YOR147W,0,0.5812513,0.12603121995925903,0.9929999709129333,0.6886000037193298
YIL113W,YHR074W,0,0.5811668,0.12601523101329803,0.9929999709129333,0.6887000203132629
YJL149W,YLR390W-A,0,0.58033884,0.12599924206733704,0.9929999709129333,0.6887999773025513
YMR002W,YBR162W-A,0,0.58019984,0.12598325312137604,0.9929999709129333,0.6888999938964844
YJR094W-A,YLR283W,0,0.5793787,0.12596726417541504,0.9929999709129333,0.6890000104904175
YOL100W,YGR017W,0,0.57922673,0.12595129013061523,0.9929999709129333,0.6891000270843506
YCL075W,YPL188W,0,0.57882625,0.12593531608581543,0.9929999709129333,0.6891999840736389
YPL207W,YBL026W,0,0.578439,0.12591935694217682,0.9929999709129333,0.689300000667572
YOR127W,YDR170W-A,0,0.5781942,0.12590338289737701,0.9929999709129333,0.6894000172615051
YEL056W,YKR083C,0,0.57794297,0.1258874237537384,0.9929999709129333,0.6894999742507935
YBL005W-B,YER081W,0,0.5773869,0.1258714646100998,0.9929999709129333,0.6895999908447266
YBR189W,YPL068C,0,0.5755814,0.12585552036762238,0.9929999709129333,0.6897000074386597
YCR036W,YMR020W,0,0.57526207,0.12583956122398376,0.9929999709129333,0.6898000240325928
YPL171C,YKL088W,0,0.57479274,0.12582361698150635,0.9929999709129333,0.6898999810218811
YPR196W,YGL115W,0,0.5747333,0.12580767273902893,0.9929999709129333,0.6899999976158142
YLR050C,YPL186C,0,0.57428384,0.1257917433977127,0.9929999709129333,0.6901000142097473
YBR251W,YKL217W,0,0.57407606,0.12577581405639648,0.9929999709129333,0.6901999711990356
YIL027C,YNL268W,0,0.5734776,0.12575988471508026,0.9929999709129333,0.6902999877929688
YBR100W,YGR105W,0,0.5734262,0.12574395537376404,0.9929999709129333,0.6904000043869019
YOR351C,YLR126C,0,0.5732826,0.12572802603244781,0.9929999709129333,0.690500020980835
YNL132W,YIL056W,0,0.57296664,0.12571211159229279,0.9929999709129333,0.6905999779701233
YPL177C,YBL063W,0,0.57207245,0.12569619715213776,0.9929999709129333,0.6906999945640564
YDR483W,YKL174C,0,0.57191503,0.12568029761314392,0.9929999709129333,0.6908000111579895
YFL023W,YDL007W,0,0.5716732,0.1256643831729889,0.9929999709129333,0.6909000277519226
YCR105W,YLR361C,0,0.5715578,0.12564848363399506,0.9929999709129333,0.6909999847412109
YHR037W,YNL311C,0,0.57132924,0.12563258409500122,0.9929999709129333,0.691100001335144
YGR181W,YJL214W,0,0.57128894,0.12561669945716858,0.9929999709129333,0.6912000179290771
YER020W,YGR017W,0,0.57090044,0.12560081481933594,0.9929999709129333,0.6912999749183655
YDR034C,YML133C,0,0.57005334,0.1255849301815033,0.9929999709129333,0.6913999915122986
YDR486C,YNL182C,0,0.56995714,0.12556904554367065,0.9929999709129333,0.6915000081062317
YGR144W,YLR015W,0,0.56978816,0.125553160905838,0.9929999709129333,0.6916000247001648
YMR152W,YIR023W,0,0.5688528,0.12553729116916656,0.9929999709129333,0.6916999816894531
YEL016C,YOR396W,0,0.56849945,0.12552142143249512,0.9929999709129333,0.6917999982833862
YML113W,YHR138C,0,0.56758034,0.12550556659698486,0.9929999709129333,0.6919000148773193
YEL039C,YNL128W,0,0.5669671,0.12548969686031342,0.9929999709129333,0.6919999718666077
YGR185C,YMR114C,0,0.56595945,0.12547384202480316,0.9929999709129333,0.6920999884605408
YNL115C,YJL065C,0,0.56575406,0.1254579871892929,0.9929999709129333,0.6922000050544739
YDR457W,YKL033W,0,0.5646002,0.12544214725494385,0.9929999709129333,0.692300021648407
YGL142C,YGL062W,0,0.56431645,0.1254262924194336,0.9929999709129333,0.6923999786376953
YLR438C-A,YFL026W,0,0.56357837,0.12541045248508453,0.9929999709129333,0.6924999952316284
YGL039W,YDR134C,0,0.56320935,0.12539462745189667,0.9929999709129333,0.6926000118255615
YBR012W-B,YOR273C,0,0.5631321,0.1253787875175476,0.9929999709129333,0.6927000284194946
YHR005C-A,YDL134C,0,0.5623225,0.12536296248435974,0.9929999709129333,0.692799985408783
YDR498C,YHR011W,0,0.56198466,0.12534713745117188,0.9929999709129333,0.6929000020027161
YKL181W,YKR057W,0,0.56186604,0.125331312417984,0.9929999709129333,0.6930000185966492
YDL225W,YJL164C,0,0.5614738,0.12531550228595734,0.9929999709129333,0.6930999755859375
YNL092W,YPL274W,0,0.5604435,0.12529967725276947,0.9929999709129333,0.6931999921798706
YGL169W,YNL117W,0,0.5600204,0.125283882021904,0.9929999709129333,0.6933000087738037
YBL047C,YMR290C,0,0.5599077,0.12526807188987732,0.9929999709129333,0.6934000253677368
YJR096W,YER153C,0,0.55990267,0.12525227665901184,0.9929999709129333,0.6934999823570251
YFL036W,YDR170C,0,0.5596044,0.12523646652698517,0.9929999709129333,0.6935999989509583
YMR315W,YNR074C,0,0.55869913,0.12522068619728088,0.9929999709129333,0.6937000155448914
YER179W,YOR340C,0,0.5586298,0.1252048909664154,0.9929999709129333,0.6937999725341797
YGL203C,YFL035C-B,0,0.5583576,0.12518911063671112,0.9929999709129333,0.6938999891281128
YML098W,YNL243W,0,0.55805,0.12517333030700684,0.9929999709129333,0.6940000057220459
YLR058C,YKL062W,0,0.5580412,0.12515754997730255,0.9929999709129333,0.694100022315979
YKL119C,YMR093W,0,0.5578455,0.12514176964759827,0.9929999709129333,0.6941999793052673
YGR199W,YBR043C,0,0.5577384,0.12512600421905518,0.9929999709129333,0.6942999958992004
YHR140W,YBR069C,0,0.55630827,0.12511023879051208,0.9929999709129333,0.6944000124931335
YGL105W,YIR014W,0,0.5559147,0.1250944882631302,0.9929999709129333,0.6945000290870667
YLR441C,YLR291C,0,0.55497223,0.1250787228345871,0.9929999709129333,0.694599986076355
YDL060W,YDR469W,0,0.5536246,0.1250629723072052,0.9929999709129333,0.6947000026702881
YOR278W,YML043C,0,0.55358267,0.1250472217798233,0.9929999709129333,0.6948000192642212
YER096W,YER123W,0,0.55347466,0.1250314712524414,0.9929999709129333,0.6948999762535095
YGR185C,YKL205W,0,0.55298287,0.1250157356262207,0.9929999709129333,0.6949999928474426
YLL040C,YHR005C-A,0,0.5528062,0.125,0.9929999709129333,0.6951000094413757
YHR035W,YIR039C,0,0.5521124,0.1249842643737793,0.9929999709129333,0.6952000260353088
YOR126C,YBR257W,0,0.55173194,0.12496853619813919,0.9929999709129333,0.6952999830245972
YKL198C,YPR097W,0,0.5515244,0.12495281547307968,0.9929999709129333,0.6953999996185303
YML063W,YJR029W,0,0.5507157,0.12493709474802017,0.9929999709129333,0.6955000162124634
YJL034W,YGL173C,0,0.55045295,0.12492137402296066,0.9929999709129333,0.6955999732017517
YJR060W,YML009C,0,0.54926527,0.12490566074848175,0.9929999709129333,0.6956999897956848
YHR157W,YPL068C,0,0.54717153,0.12488994747400284,0.9929999709129333,0.6958000063896179
YPL189C-A,YLR181C,0,0.5465782,0.12487424910068512,0.9929999709129333,0.695900022983551
YOR380W,YBR061C,0,0.54583025,0.1248585432767868,0.9929999709129333,0.6959999799728394
YDL129W,YFR008W,0,0.5456506,0.12484284490346909,0.9929999709129333,0.6960999965667725
YOL086C,YLL057C,0,0.5455942,0.12482715398073196,0.9929999709129333,0.6962000131607056
YHR014W,YML101C,0,0.5451318,0.12481146305799484,0.9929999709129333,0.6963000297546387
YPL239W,YNR055C,0,0.54472315,0.12479577958583832,0.9929999709129333,0.696399986743927
YDR361C,YOR129C,0,0.5442666,0.1247800961136818,0.9929999709129333,0.6965000033378601
YHR197W,YOL102C,0,0.54410285,0.12476442009210587,0.9929999709129333,0.6966000199317932
YDR530C,YGL180W,0,0.5439464,0.12474874407052994,0.9929999709129333,0.6966999769210815
YNL092W,YBR158W,0,0.5433271,0.1247330754995346,0.9929999709129333,0.6967999935150146
YCL012W,YDR518W,0,0.5413654,0.12471740692853928,0.9929999709129333,0.6969000101089478
YKL087C,YGL083W,0,0.5412266,0.12470174580812454,0.9929999709129333,0.6970000267028809
YIL056W,YKL185W,0,0.54092383,0.12468608468770981,0.9929999709129333,0.6970999836921692
YLR246W,YJL180C,0,0.5402498,0.12467043101787567,0.9929999709129333,0.6972000002861023
YHR046C,YPR086W,0,0.54022944,0.12465478479862213,0.9929999709129333,0.6973000168800354
YBR272C,YHL040C,0,0.5399069,0.12463913857936859,0.9929999709129333,0.6973999738693237
YIL113W,YNL129W,0,0.53987885,0.12462349236011505,0.9929999709129333,0.6974999904632568
YPL203W,YOR396W,0,0.53934413,0.12460785359144211,0.9929999709129333,0.6976000070571899
YOR124C,YFL011W,0,0.53842217,0.12459222227334976,0.9929999709129333,0.697700023651123
YGL105W,YPR026W,0,0.53631425,0.12457659095525742,0.9929999709129333,0.6977999806404114
YPR148C,YNL008C,0,0.53601706,0.12456096708774567,0.9929999709129333,0.6978999972343445
YMR142C,YGR224W,0,0.53570926,0.12454534322023392,0.9929999709129333,0.6980000138282776
YHR108W,YLL017W,0,0.53554183,0.12452971935272217,0.9929999709129333,0.6980999708175659
YGR145W,YGL158W,0,0.5345645,0.12451410293579102,0.9929999709129333,0.698199987411499
YML049C,YNL117W,0,0.5336249,0.12449849396944046,0.9929999709129333,0.6983000040054321
YKR075C,YMR051C,0,0.53313196,0.1244828850030899,0.9929999709129333,0.6984000205993652
YGL226W,YIL062C,0,0.5328185,0.12446728348731995,0.9929999709129333,0.6984999775886536
YLL008W,YDR057W,0,0.5324626,0.12445168197154999,0.9929999709129333,0.6985999941825867
YGL157W,YOR068C,0,0.5317749,0.12443608790636063,0.9929999709129333,0.6987000107765198
YIL006W,YKL021C,0,0.5303093,0.12442050129175186,0.9929999709129333,0.6988000273704529
YCR097WB,YER014C-A,0,0.5301293,0.1244049146771431,0.9929999709129333,0.6988999843597412
YPL189W,YCL074W,0,0.5295912,0.12438932806253433,0.9929999709129333,0.6990000009536743
YDR098C,YPL221W,0,0.5291379,0.12437374889850616,0.9929999709129333,0.6991000175476074
YDR072C,YDR323C,0,0.5274342,0.124358169734478,0.9929999709129333,0.6991999745368958
YBR301W,YDR288W,0,0.52662724,0.12434259802103043,0.9929999709129333,0.6992999911308289
YER096W,YGR170W,0,0.5253491,0.12432703375816345,0.9929999709129333,0.699400007724762
YML058W-A,YJR155W,0,0.5252998,0.12431146949529648,0.9929999709129333,0.6995000243186951
YPL089C,YGL170C,0,0.52478325,0.1242959052324295,0.9929999709129333,0.6995999813079834
YPL202C,YBR142W,0,0.52450466,0.12428034842014313,0.9929999709129333,0.6996999979019165
YKL014C,YLR158C,0,0.52390224,0.12426479905843735,0.9929999709129333,0.6998000144958496
YFR007W,YDL117W,0,0.5237896,0.12424924969673157,0.9929999709129333,0.6998999714851379
YJL136C,YLR088W,0,0.523625,0.12423370778560638,0.9929999709129333,0.699999988079071
YOR142W,YNL258C,0,0.5232156,0.1242181658744812,0.9929999709129333,0.7001000046730042
YNL178W,YLR004C,0,0.52301717,0.12420262396335602,0.9929999709129333,0.7002000212669373
YHR136C,YDR045C,0,0.52280784,0.12418709695339203,0.9929999709129333,0.7002999782562256
YEL051W,YHR202W,0,0.52262294,0.12417156249284744,0.9929999709129333,0.7003999948501587
YGL178W,YHR204W,0,0.5221592,0.12415603548288345,0.9929999709129333,0.7005000114440918
YOR259C,YHR020W,0,0.5217576,0.12414051592350006,0.9929999709129333,0.7006000280380249
YJR048W,YDL078C,0,0.5211258,0.12412499636411667,0.9929999709129333,0.7006999850273132
YGL039W,YBR048W,0,0.5208435,0.12410948425531387,0.9929999709129333,0.7008000016212463
YIL004C,YNL173C,0,0.5199853,0.12409397959709167,0.9929999709129333,0.7009000182151794
YBL098W,YDR177W,0,0.5199706,0.12407846748828888,0.9929999709129333,0.7009999752044678
YML057W,YPL117C,0,0.51961565,0.12406297028064728,0.9929999709129333,0.7010999917984009
YGL168W,YML040W,0,0.51838183,0.12404747307300568,0.9929999709129333,0.701200008392334
YJR046W,YNL136W,0,0.5181992,0.12403197586536407,0.9929999709129333,0.7013000249862671
YPR122W,YGR143W,0,0.51819444,0.12401648610830307,0.9929999709129333,0.7013999819755554
YLR438C-A,YNR031C,0,0.5180361,0.12400099635124207,0.9929999709129333,0.7014999985694885
YDR536W,YPL017C,0,0.5176119,0.12398551404476166,0.9929999709129333,0.7016000151634216
YCR087C-A,YDL215C,0,0.5174751,0.12397003918886185,0.9929999709129333,0.70169997215271
YJR101W,YOR201C,0,0.51742095,0.12395456433296204,0.9929999709129333,0.7017999887466431
YDL134C,YGR034W,0,0.51701427,0.12393908947706223,0.9929999709129333,0.7019000053405762
YMR094W,YHL034C,0,0.51698005,0.12392362207174301,0.9929999709129333,0.7020000219345093
YCL064C,YJR054W,0,0.5164012,0.1239081621170044,0.9929999709129333,0.7020999789237976
YHR033W,YLR287C-A,0,0.51621616,0.12389270216226578,0.9929999709129333,0.7021999955177307
YOL105C,YNR047W,0,0.516202,0.12387724220752716,0.9929999709129333,0.7023000121116638
YBR089C-A,YDR224C,1,0.5158405,0.12398652732372284,0.9940000176429749,0.7023000121116638
YHR175W,YKL199C,0,0.51580274,0.12397106736898422,0.9940000176429749,0.7024000287055969
YMR314W,YDR444W,0,0.5157807,0.1239556074142456,0.9940000176429749,0.7024999856948853
YEL052W,YNR018W,0,0.515049,0.12394014745950699,0.9940000176429749,0.7026000022888184
YMR257C,YLR074C,0,0.5150218,0.12392469495534897,0.9940000176429749,0.7027000188827515
YPL276W,YNR020C,0,0.5148469,0.12390924990177155,0.9940000176429749,0.7027999758720398
YGL113W,YHR109W,0,0.5142652,0.12389380484819412,0.9940000176429749,0.7028999924659729
YKL171W,YBL017C,0,0.5119366,0.1238783672451973,0.9940000176429749,0.703000009059906
YOR251C,YER012W,0,0.511418,0.12386292964220047,0.9940000176429749,0.7031000256538391
YFL021W,YOR301W,0,0.51088715,0.12384749203920364,0.9940000176429749,0.7031999826431274
YDR298C,YML101C,0,0.5101205,0.12383206933736801,0.9940000176429749,0.7032999992370605
YER040W,YKL156W,0,0.50994134,0.12381663918495178,0.9940000176429749,0.7034000158309937
YOL157C,YOR249C,0,0.5095217,0.12380122393369675,0.9940000176429749,0.703499972820282
YDR367W,YMR152W,0,0.5084282,0.12378580123186111,0.9940000176429749,0.7035999894142151
YOL064C,YGL209W,0,0.5078802,0.12377039343118668,0.9940000176429749,0.7037000060081482
YGR122W,YDL190C,0,0.50700784,0.12375497817993164,0.9940000176429749,0.7038000226020813
YEL013W,YJR040W,0,0.50552076,0.1237395778298378,0.9940000176429749,0.7038999795913696
YER002W,YPL183C,0,0.50520957,0.12372417002916336,0.9940000176429749,0.7039999961853027
YJR082C,YGR295C,0,0.50475574,0.12370877712965012,0.9940000176429749,0.7041000127792358
YCR046C,YJL053W,0,0.5046153,0.12369337677955627,0.9940000176429749,0.704200029373169
YMR074C,YHR001W-A,0,0.5042325,0.12367799133062363,0.9940000176429749,0.7042999863624573
YIR014W,YLR092W,0,0.5035908,0.12366260588169098,0.9940000176429749,0.7044000029563904
YDR453C,YOR283W,0,0.5032256,0.12364722043275833,0.9940000176429749,0.7045000195503235
YDL084W,YLR092W,0,0.5027964,0.12363184243440628,0.9940000176429749,0.7045999765396118
YGL231C,YGR134W,0,0.502114,0.12361646443605423,0.9940000176429749,0.7046999931335449
YIL125W,YBR121C,0,0.5017117,0.12360109388828278,0.9940000176429749,0.704800009727478
YGR296W,YDL129W,0,0.5008388,0.12358572334051132,0.9940000176429749,0.7049000263214111
YLR090W,YHR099W,0,0.5004443,0.12357036024332047,0.9940000176429749,0.7049999833106995
YIL005W,YEL029C,0,0.50043666,0.1235550045967102,0.9940000176429749,0.7050999999046326
YMR166C,YMR059W,0,0.49983227,0.12353964895009995,0.9940000176429749,0.7052000164985657
YER040W,YGR084C,0,0.49972546,0.12352429330348969,0.9940000176429749,0.705299973487854
YJL041W,YOR221C,0,0.4995712,0.12350894510746002,0.9940000176429749,0.7053999900817871
YOR355W,YMR166C,0,0.4994663,0.12349360436201096,0.9940000176429749,0.7055000066757202
YJR045C,YER028C,0,0.49920237,0.12347826361656189,0.9940000176429749,0.7056000232696533
YJL168C,YDR065W,0,0.49881864,0.12346292287111282,0.9940000176429749,0.7056999802589417
YHL047C,YOR337W,0,0.49834186,0.12344758957624435,0.9940000176429749,0.7057999968528748
YLR265C,YDR078C,0,0.49757946,0.12343226373195648,0.9940000176429749,0.7059000134468079
YNR001C,YBR080C,0,0.4969433,0.12341693788766861,0.9940000176429749,0.7059999704360962
YOL140W,YBL090W,0,0.49626577,0.12340161204338074,0.9940000176429749,0.7060999870300293
YGR185C,YHR035W,0,0.4961716,0.12338629364967346,0.9940000176429749,0.7062000036239624
YDR234W,YKL110C,0,0.49613714,0.12337098270654678,0.9940000176429749,0.7063000202178955
YBL068W,YJL046W,0,0.49594873,0.1233556717634201,0.9940000176429749,0.7063999772071838
YLR359W,YGR077C,0,0.49580473,0.12334036827087402,0.9940000176429749,0.7064999938011169
YML077W,YNL331C,0,0.49409938,0.12332506477832794,0.9940000176429749,0.70660001039505
YGR006W,YLR413W,0,0.49360496,0.12330976128578186,0.9940000176429749,0.7067000269889832
YDL175C,YOR084W,0,0.49189496,0.12329446524381638,0.9940000176429749,0.7067999839782715
YOR233W,YOR099W,0,0.49070477,0.12327917665243149,0.9940000176429749,0.7069000005722046
YDR523C,YDR461W,0,0.49039662,0.1232638880610466,0.9940000176429749,0.7070000171661377
YMR218C,YJL172W,0,0.48984802,0.12324860692024231,0.9940000176429749,0.707099974155426
YFR018C,YLR293C,0,0.48850334,0.12323332577943802,0.9940000176429749,0.7071999907493591
YIR017C,YPR122W,0,0.48820472,0.12321805208921432,0.9940000176429749,0.7073000073432922
YLR209C,YNR037C,0,0.48605192,0.12320277839899063,0.9940000176429749,0.7074000239372253
YKR054C,YML125C,0,0.48585784,0.12318750470876694,0.9940000176429749,0.7074999809265137
YOL030W,YCR044C,0,0.48571372,0.12317224591970444,0.9940000176429749,0.7075999975204468
YER099C,YLR203C,0,0.48568475,0.12315697968006134,0.9940000176429749,0.7077000141143799
YDL142C,YDR134C,0,0.48547822,0.12314172089099884,0.9940000176429749,0.7077999711036682
YBR254C,YPR100W,0,0.48546243,0.12312646955251694,0.9940000176429749,0.7078999876976013
YLR451W,YOR084W,0,0.48527068,0.12311121821403503,0.9940000176429749,0.7080000042915344
YNR035C,YDR096W,0,0.48469448,0.12309597432613373,0.9940000176429749,0.7081000208854675
YER030W,YLL004W,1,0.4843585,0.1232045590877533,0.9950000047683716,0.7081000208854675
YDL018C,YNL248C,0,0.4839728,0.1231893002986908,0.9950000047683716,0.7081999778747559
YER184C,YKL116C,0,0.48355508,0.12317405641078949,0.9950000047683716,0.708299994468689
YLR438C-A,YNL048W,0,0.48168975,0.12315880507230759,0.9950000047683716,0.7084000110626221
YML013W,YDR515W,0,0.4799577,0.12314356118440628,0.9950000047683716,0.7085000276565552
YKR103W,YHR215W,0,0.47984147,0.12312832474708557,0.9950000047683716,0.7085999846458435
YLR467W,YDL033C,0,0.4798125,0.12311308830976486,0.9950000047683716,0.7087000012397766
YCL003W,YPL021W,0,0.47898948,0.12309785932302475,0.9950000047683716,0.7088000178337097
YOR267C,YER109C,0,0.4781828,0.12308263033628464,0.9950000047683716,0.708899974822998
YLR009W,YOL136C,0,0.4778219,0.12306740880012512,0.9950000047683716,0.7089999914169312
YPR122W,YMR122W-A,0,0.47748166,0.1230521872639656,0.9950000047683716,0.7091000080108643
YKR095W,YDR434W,0,0.47711205,0.12303697317838669,0.9950000047683716,0.7092000246047974
YGR142W,YKL196C,0,0.47677493,0.12302175909280777,0.9950000047683716,0.7092999815940857
YBR287W,YMR055C,0,0.47638673,0.12300655245780945,0.9950000047683716,0.7093999981880188
YJR034W,YNL202W,0,0.47560555,0.12299134582281113,0.9950000047683716,0.7095000147819519
YLR404W,YGR052W,0,0.47471988,0.1229761466383934,0.9950000047683716,0.7095999717712402
YOR254C,YPL056C,0,0.47444534,0.12296094745397568,0.9950000047683716,0.7096999883651733
YBR286W,YDR096W,0,0.47434855,0.12294575572013855,0.9950000047683716,0.7098000049591064
YNL077W,YIL172C,0,0.4739495,0.12293056398630142,0.9950000047683716,0.7099000215530396
YOR085W,YBR094W,0,0.47375917,0.12291537970304489,0.9950000047683716,0.7099999785423279
YIL064W,YPL089C,0,0.472556,0.12290019541978836,0.9950000047683716,0.710099995136261
YAL026C,YDR351W,0,0.4707722,0.12288501858711243,0.9950000047683716,0.7102000117301941
YMR061W,YDR398W,0,0.47071207,0.12286984175443649,0.9950000047683716,0.7103000283241272
YDR059C,YKR078W,0,0.4704734,0.12285467237234116,0.9950000047683716,0.7103999853134155
YNL247W,YKR050W,0,0.47000158,0.12283950299024582,0.9950000047683716,0.7105000019073486
YOR246C,YIR038C,0,0.46955782,0.12282434105873108,0.9950000047683716,0.7106000185012817
YML059C,YNL181W,0,0.4679976,0.12280918657779694,0.9950000047683716,0.7106999754905701
YNL191W,YDR170C,0,0.4657573,0.1227940246462822,0.9950000047683716,0.7107999920845032
YNL181W,YMR272C,0,0.46567214,0.12277887761592865,0.9950000047683716,0.7109000086784363
YJL125C,YMR292W,0,0.46522653,0.1227637231349945,0.9950000047683716,0.7110000252723694
YKR058W,YPR167C,0,0.46412313,0.12274858355522156,0.9950000047683716,0.7110999822616577
YMR201C,YHR085W,0,0.46345353,0.12273343652486801,0.9950000047683716,0.7111999988555908
YDL060W,YMR286W,0,0.4633277,0.12271830439567566,0.9950000047683716,0.7113000154495239
YMR152W,YLR188W,0,0.4632892,0.1227031722664833,0.9950000047683716,0.7113999724388123
YKL194C,YOL122C,0,0.4632889,0.12268804013729095,0.9950000047683716,0.7114999890327454
YJR078W,YMR203W,0,0.46291363,0.1226729154586792,0.9950000047683716,0.7116000056266785
YML011C,YHL008C,0,0.46215343,0.12265779078006744,0.9950000047683716,0.7117000222206116
YLR438C-A,YIL167W,0,0.46207178,0.12264267355203629,0.9950000047683716,0.7117999792098999
YOL152W,YPL218W,0,0.46183503,0.12262755632400513,0.9950000047683716,0.711899995803833
YGL237C,YJL178C,0,0.46139914,0.12261244654655457,0.9950000047683716,0.7120000123977661
YDL123W,YKL077W,0,0.45743418,0.122597336769104,0.9950000047683716,0.7121000289916992
YFL010W-A,YDL022W,0,0.4568615,0.12258223444223404,0.9950000047683716,0.7121999859809875
YOL120C,YHR101C,0,0.456635,0.12256713211536407,0.9950000047683716,0.7123000025749207
YMR262W,YBR061C,0,0.45638448,0.12255203723907471,0.9950000047683716,0.7124000191688538
YNR008W,YPL134C,0,0.4556529,0.12253694236278534,0.9950000047683716,0.7124999761581421
YLR141W,YOR337W,0,0.45463967,0.12252185493707657,0.9950000047683716,0.7125999927520752
YDR369C,YHR142W,0,0.4542837,0.1225067749619484,0.9950000047683716,0.7127000093460083
YBR016W,YNL111C,0,0.45393527,0.12249168753623962,0.9950000047683716,0.7128000259399414
YJL170C,YJL082W,0,0.45267177,0.12247661501169205,0.9950000047683716,0.7128999829292297
YMR218C,YPR011C,0,0.45161784,0.12246153503656387,0.9950000047683716,0.7129999995231628
YOR381W,YCL067C,0,0.4509226,0.1224464699625969,0.9950000047683716,0.713100016117096
YDR247W,YBR066C,0,0.45041275,0.12243140488862991,0.9950000047683716,0.7131999731063843
YLR292C,YIL034C,0,0.45040953,0.12241633981466293,0.9950000047683716,0.7132999897003174
YPL196W,YDR137W,0,0.45033944,0.12240128219127655,0.9950000047683716,0.7134000062942505
YLR429W,YOR070C,0,0.44957972,0.12238622456789017,0.9950000047683716,0.7135000228881836
YGL104C,YNL008C,0,0.44953918,0.12237117439508438,0.9950000047683716,0.7135999798774719
YDR479C,YFL044C,0,0.44934314,0.1223561242222786,0.9950000047683716,0.713699996471405
YNL176C,YLR367W,0,0.44864327,0.1223410815000534,0.9950000047683716,0.7138000130653381
YIL079C,YMR315W,0,0.4486388,0.12232603877782822,0.9950000047683716,0.7139000296592712
YBR101C,YML043C,0,0.4475236,0.12231100350618362,0.9950000047683716,0.7139999866485596
YJL097W,YDR476C,0,0.44722992,0.12229596823453903,0.9950000047683716,0.7141000032424927
YMR321C,YOR089C,0,0.44618165,0.12228094041347504,0.9950000047683716,0.7142000198364258
YOL124C,YDR306C,0,0.4461336,0.12226591259241104,0.9950000047683716,0.7142999768257141
YDR168W,YPL262W,0,0.44606477,0.12225089222192764,0.9950000047683716,0.7143999934196472
YKL130C,YNL190W,0,0.44559348,0.12223587185144424,0.9950000047683716,0.7145000100135803
YIL014W,YPL115C,0,0.4439934,0.12222085893154144,0.9950000047683716,0.7146000266075134
YOR378W,YGR216C,0,0.44383478,0.12220584601163864,0.9950000047683716,0.7146999835968018
YMR050C,YLR025W,0,0.4438243,0.12219084054231644,0.9950000047683716,0.7148000001907349
YKL069W,YJR076C,0,0.4437847,0.12217583507299423,0.9950000047683716,0.714900016784668
YKL116C,YMR045C,0,0.44227755,0.12216083705425262,0.9950000047683716,0.7149999737739563
YOL096C,YER095W,0,0.4422016,0.12214583903551102,0.9950000047683716,0.7150999903678894
YLR264W,YPL099C,0,0.4421456,0.12213084846735,0.9950000047683716,0.7152000069618225
YJL109C,YNL128W,0,0.4421391,0.122115857899189,0.9950000047683716,0.7153000235557556
YDR259C,YIL140W,0,0.44179708,0.12210087478160858,0.9950000047683716,0.715399980545044
YIL047C,YGL105W,0,0.4410023,0.12208589166402817,0.9950000047683716,0.715499997138977
YHR039C-A,YKR097W,0,0.43909407,0.12207090854644775,0.9950000047683716,0.7156000137329102
YLR315W,YER104W,0,0.4374529,0.12205594033002853,0.9950000047683716,0.7156999707221985
YDL189W,YGL229C,0,0.43663973,0.12204096466302872,0.9950000047683716,0.7157999873161316
YNL199C,YLL018C,0,0.43606538,0.1220259964466095,0.9950000047683716,0.7159000039100647
YHR194W,YOR191W,0,0.43564487,0.12201103568077087,0.9950000047683716,0.7160000205039978
YPL056C,YJR117W,0,0.43555266,0.12199607491493225,0.9950000047683716,0.7160999774932861
YDR376W,YML015C,0,0.43525022,0.12198112159967422,0.9950000047683716,0.7161999940872192
YKL009W,YDR075W,0,0.4347794,0.1219661682844162,0.9950000047683716,0.7163000106811523
YOR380W,YHR079C-B,0,0.43278027,0.12195122241973877,0.9950000047683716,0.7164000272750854
YGR122W,YNL331C,0,0.4327398,0.12193627655506134,0.9950000047683716,0.7164999842643738
YKL003C,YDL030W,0,0.43187237,0.12192133069038391,0.9950000047683716,0.7166000008583069
YIL075C,YDR018C,0,0.43179846,0.12190639227628708,0.9950000047683716,0.71670001745224
YDR497C,YML057W,0,0.43130612,0.12189146131277084,0.9950000047683716,0.7167999744415283
YNR013C,YPR002W,0,0.43086505,0.12187653034925461,0.9950000047683716,0.7168999910354614
YPL231W,YOR001W,0,0.42977715,0.12186160683631897,0.9950000047683716,0.7170000076293945
YOL029C,YBR036C,0,0.42944658,0.12184668332338333,0.9950000047683716,0.7171000242233276
YDR120C,YHL003C,0,0.42918617,0.12183175981044769,0.9950000047683716,0.717199981212616
YPL172C,YDL121C,0,0.42893624,0.12181684374809265,0.9950000047683716,0.7172999978065491
YHL017W,YJR110W,0,0.4287554,0.1218019351363182,0.9950000047683716,0.7174000144004822
YOR085W,YFR031C-A,0,0.42849064,0.12178702652454376,0.9950000047683716,0.7174999713897705
YLL055W,YIL048W,0,0.42819494,0.12177211791276932,0.9950000047683716,0.7175999879837036
YOL007C,YDR257C,0,0.4266283,0.12175721675157547,0.9950000047683716,0.7177000045776367
YJL170C,YHL028W,0,0.42620403,0.12174232304096222,0.9950000047683716,0.7178000211715698
YDR379W,YGL096W,0,0.42593598,0.12172742933034897,0.9950000047683716,0.7178999781608582
YLR088W,YCL052C,0,0.4258343,0.12171253561973572,0.9950000047683716,0.7179999947547913
YLR134W,YPL002C,0,0.42563063,0.12169764935970306,0.9950000047683716,0.7181000113487244
YCL059C,YKR095W-A,0,0.42561972,0.12168277055025101,0.9950000047683716,0.7182000279426575
YHR037W,YHR027C,0,0.4227556,0.12166789174079895,0.9950000047683716,0.7182999849319458
YHL036W,YDL129W,0,0.42265385,0.1216530129313469,0.9950000047683716,0.7184000015258789
YPL104W,YOL101C,0,0.4224429,0.12163814157247543,0.9950000047683716,0.718500018119812
YHR143W,YKL201C,0,0.42237067,0.12162327021360397,0.9950000047683716,0.7185999751091003
YBR207W,YHR174W,0,0.42204368,0.12160840630531311,0.9950000047683716,0.7186999917030334
YER102W,YER023W,0,0.42180896,0.12159354984760284,0.9950000047683716,0.7188000082969666
YNL084C,YDR078C,0,0.42062867,0.12157869338989258,0.9950000047683716,0.7189000248908997
YPL224C,YBL031W,0,0.419608,0.12156383693218231,0.9950000047683716,0.718999981880188
YKL043W,YHL026C,0,0.41840684,0.12154898792505264,0.9950000047683716,0.7190999984741211
YKL001C,YGR205W,0,0.41772664,0.12153413891792297,0.9950000047683716,0.7192000150680542
YOR310C,YGR058W,0,0.41735464,0.1215192973613739,0.9950000047683716,0.7192999720573425
YBR114W,YHR165C,0,0.41733897,0.12150445580482483,0.9950000047683716,0.7193999886512756
YGL139W,YGR106C,0,0.41656363,0.12148962169885635,0.9950000047683716,0.7195000052452087
YOR158W,YLL027W,0,0.41614568,0.12147478759288788,0.9950000047683716,0.7196000218391418
YKL051W,YLR074C,0,0.41614068,0.1214599609375,0.9950000047683716,0.7196999788284302
YJL033W,YDR306C,0,0.41592836,0.12144513428211212,0.9950000047683716,0.7197999954223633
YDR105C,YIL130W,0,0.4155059,0.12143031507730484,0.9950000047683716,0.7199000120162964
YDR328C,YDR087C,0,0.4154173,0.12141549587249756,0.9950000047683716,0.7200000286102295
YDR207C,YOR363C,0,0.41538763,0.12140068411827087,0.9950000047683716,0.7200999855995178
YMR050C,YKL006C-A,0,0.41507816,0.12138587236404419,0.9950000047683716,0.7202000021934509
YPR108W,YER071C,0,0.41483843,0.1213710680603981,0.9950000047683716,0.720300018787384
YIL138C,YDR122W,0,0.41474593,0.12135626375675201,0.9950000047683716,0.7203999757766724
YPR041W,YLR068W,0,0.41419291,0.12134146690368652,0.9950000047683716,0.7204999923706055
YDL120W,YKL011C,0,0.4130969,0.12132667005062103,0.9950000047683716,0.7206000089645386
YLR328W,YKL195W,0,0.4124837,0.12131187319755554,0.9950000047683716,0.7207000255584717
YBR205W,YKR072C,0,0.41245568,0.12129708379507065,0.9950000047683716,0.72079998254776
YHR070W,YKL058W,0,0.41239196,0.12128230184316635,0.9950000047683716,0.7208999991416931
YOL011W,YGR200C,0,0.41167086,0.12126751989126205,0.9950000047683716,0.7210000157356262
YJR026W,YDR435C,0,0.41116464,0.12125274538993835,0.9950000047683716,0.7210999727249146
YIL145C,YPL021W,0,0.41114056,0.12123797088861465,0.9950000047683716,0.7211999893188477
YLR107W,YJL124C,0,0.41081524,0.12122319638729095,0.9950000047683716,0.7213000059127808
YPR043W,YJR135W-A,0,0.41003573,0.12120842933654785,0.9950000047683716,0.7214000225067139
YBL112C,YGL019W,0,0.40956676,0.12119366973638535,0.9950000047683716,0.7214999794960022
YOR132W,YKL040C,0,0.40939903,0.12117890268564224,0.9950000047683716,0.7215999960899353
YLR100W,YNL036W,0,0.4086045,0.12116415053606033,0.9950000047683716,0.7217000126838684
YLR187W,YOR382W,0,0.40848458,0.12114939838647842,0.9950000047683716,0.7218000292778015
YOL029C,YML032C,0,0.40848053,0.12113464623689651,0.9950000047683716,0.7218999862670898
YIL153W,YOR261C,0,0.40678358,0.1211199015378952,0.9950000047683716,0.722000002861023
YCR060W,YOR240W,0,0.40646303,0.12110516428947449,0.9950000047683716,0.722100019454956
YOL096C,YPL257W-A,0,0.40342158,0.12109041959047318,0.9950000047683716,0.7221999764442444
YDL243C,YBR012W-B,0,0.4033721,0.12107568979263306,0.9950000047683716,0.7222999930381775
YLR409C,YOR150W,0,0.40301454,0.12106095999479294,0.9950000047683716,0.7224000096321106
YKR037C,YPR049C,0,0.4021911,0.12104623019695282,0.9950000047683716,0.7225000262260437
YDR531W,YMR295C,0,0.4018563,0.1210315078496933,0.9950000047683716,0.722599983215332
YIL083C,YHL044W,0,0.40088367,0.12101678550243378,0.9950000047683716,0.7226999998092651
YER055C,YBL074C,0,0.40082127,0.12100207060575485,0.9950000047683716,0.7228000164031982
YGL192W,YPR114W,0,0.40052986,0.12098735570907593,0.9950000047683716,0.7228999733924866
YLR150W,YLR042C,0,0.40038717,0.120972640812397,0.9950000047683716,0.7229999899864197
YDL093W,YHR148W,0,0.40026337,0.12095794081687927,0.9950000047683716,0.7231000065803528
YDR376W,YKL129C,0,0.40024638,0.12094323337078094,0.9950000047683716,0.7232000231742859
YNR041C,YLR249W,0,0.4000553,0.12092853337526321,0.9950000047683716,0.7232999801635742
YGL227W,YDR165W,0,0.39985764,0.12091384083032608,0.9950000047683716,0.7233999967575073
YML060W,YNR001C,0,0.39971668,0.12089914828538895,0.9950000047683716,0.7235000133514404
YDR397C,YOR047C,0,0.39959043,0.12088446319103241,0.9950000047683716,0.7235999703407288
YKR071C,YOR084W,0,0.3995521,0.12086977809667587,0.9950000047683716,0.7236999869346619
YDL208W,YOR193W,0,0.39852214,0.12085509300231934,0.9950000047683716,0.723800003528595
YGL071W,YMR273C,0,0.39845747,0.1208404153585434,0.9950000047683716,0.7239000201225281
YER030W,YPR175W,1,0.3984357,0.12094717472791672,0.9959999918937683,0.7239000201225281
YHR209W,YKL020C,0,0.39814043,0.12093248963356018,0.9959999918937683,0.7239999771118164
YPL119C,YPR042C,0,0.39742124,0.12091781198978424,0.9959999918937683,0.7240999937057495
YLR175W,YGR014W,0,0.3971389,0.1209031343460083,0.9959999918937683,0.7242000102996826
YBR012W-B,YDL124W,0,0.39606535,0.12088845670223236,0.9959999918937683,0.7243000268936157
YNL048W,YKR044W,0,0.39583242,0.12087378650903702,0.9959999918937683,0.724399983882904
YLR293C,YDL211C,0,0.39526856,0.12085911631584167,0.9959999918937683,0.7245000004768372
YDR315C,YDL149W,0,0.39460808,0.12084445357322693,0.9959999918937683,0.7246000170707703
YEL050C,YDR298C,0,0.39377648,0.12082979828119278,0.9959999918937683,0.7246999740600586
YML054C,YMR307W,0,0.39352298,0.12081513553857803,0.9959999918937683,0.7247999906539917
YAL029C,YEL041W,0,0.3931799,0.12080048769712448,0.9959999918937683,0.7249000072479248
YOL011W,YGR177C,0,0.39264464,0.12078583240509033,0.9959999918937683,0.7250000238418579
YJR119C,YEL031W,0,0.3918829,0.12077119201421738,0.9959999918937683,0.7250999808311462
YJL216C,YBR257W,0,0.39106417,0.12075654417276382,0.9959999918937683,0.7251999974250793
YDR527W,YBR020W,0,0.39071256,0.12074191123247147,0.9959999918937683,0.7253000140190125
YNL288W,YKL143W,0,0.39052582,0.12072727084159851,0.9959999918937683,0.7253999710083008
YJR096W,YBR022W,0,0.39017892,0.12071263790130615,0.9959999918937683,0.7254999876022339
YBR251W,YGL027C,0,0.38949472,0.12069801241159439,0.9959999918937683,0.725600004196167
YPL154C,YLR067C,0,0.389468,0.12068338692188263,0.9959999918937683,0.7257000207901001
YBR299W,YOR206W,0,0.38556123,0.12066876888275146,0.9959999918937683,0.7257999777793884
YOR341W,YMR128W,0,0.38518292,0.1206541508436203,0.9959999918937683,0.7258999943733215
YML037C,YPL117C,0,0.38440996,0.12063953280448914,0.9959999918937683,0.7260000109672546
YMR220W,YDR248C,0,0.38409555,0.12062492221593857,0.9959999918937683,0.7261000275611877
YBR247C,YLL026W,0,0.3840307,0.1206103190779686,0.9959999918937683,0.7261999845504761
YOL116W,YKL179C,0,0.38277894,0.12059571593999863,0.9959999918937683,0.7263000011444092
YOR098C,YLR157C,0,0.38199484,0.12058111280202866,0.9959999918937683,0.7264000177383423
YDL024C,YLR150W,0,0.381487,0.12056651711463928,0.9959999918937683,0.7264999747276306
YDL148C,YIL018W,0,0.38136983,0.12055192142724991,0.9959999918937683,0.7265999913215637
YPR119W,YGL084C,0,0.38066304,0.12053733319044113,0.9959999918937683,0.7267000079154968
YKL043W,YLR214W,0,0.38028312,0.12052275240421295,0.9959999918937683,0.7268000245094299
YMR051C,YBR264C,0,0.3800217,0.12050816416740417,0.9959999918937683,0.7268999814987183
YDL208W,YDR436W,0,0.3796388,0.12049359083175659,0.9959999918937683,0.7269999980926514
YDR041W,YHL038C,0,0.37883586,0.12047901004552841,0.9959999918937683,0.7271000146865845
YGR123C,YKR094C,0,0.37812293,0.12046444416046143,0.9959999918937683,0.7271999716758728
YDR179C,YDR175C,0,0.37683564,0.12044987082481384,0.9959999918937683,0.7272999882698059
YMR298W,YNL010W,0,0.37672824,0.12043530493974686,0.9959999918937683,0.727400004863739
YKL116C,YKL143W,0,0.3764676,0.12042074650526047,0.9959999918937683,0.7275000214576721
YPR122W,YNR019W,0,0.37646163,0.12040618807077408,0.9959999918937683,0.7275999784469604
YHR194W,YGL113W,0,0.37509066,0.12039163708686829,0.9959999918937683,0.7276999950408936
YOR096W,YER071C,0,0.3748253,0.1203770861029625,0.9959999918937683,0.7278000116348267
YOR131C,YPL065W,0,0.3730499,0.1203625351190567,0.9959999918937683,0.7279000282287598
YLR364W,YFR024C,0,0.37266207,0.1203479915857315,0.9959999918937683,0.7279999852180481
YGR239C,YPL104W,0,0.37264907,0.12033345550298691,0.9959999918937683,0.7281000018119812
YGL232W,YKL033W,0,0.37216341,0.12031891942024231,0.9959999918937683,0.7282000184059143
YPR113W,YIR004W,0,0.37202334,0.12030438333749771,0.9959999918937683,0.7282999753952026
YGR035C,YMR022W,0,0.37192768,0.12028985470533371,0.9959999918937683,0.7283999919891357
YNL243W,YPL019C,0,0.3717438,0.12027532607316971,0.9959999918937683,0.7285000085830688
YIL119C,YNL026W,0,0.37147272,0.1202608048915863,0.9959999918937683,0.728600025177002
YOR358W,YJR117W,0,0.37142372,0.1202462911605835,0.9959999918937683,0.7286999821662903
YIL170W,YLR301W,0,0.3713256,0.12023176997900009,0.9959999918937683,0.7287999987602234
YOR240W,YGL083W,0,0.37132186,0.12021726369857788,0.9959999918937683,0.7289000153541565
YAL058W,YLR044C,0,0.37117648,0.12020274996757507,0.9959999918937683,0.7289999723434448
YLR107W,YKL042W,0,0.3703192,0.12018824368715286,0.9959999918937683,0.7290999889373779
YJR027W,YKL183W,0,0.36977094,0.12017374485731125,0.9959999918937683,0.729200005531311
YER056C-A,YLR306W,0,0.36886466,0.12015924602746964,0.9959999918937683,0.7293000221252441
YNR022C,YLR309C,0,0.36881638,0.12014475464820862,0.9959999918937683,0.7293999791145325
YDR393W,YGL027C,0,0.36823297,0.1201302632689476,0.9959999918937683,0.7294999957084656
YMR292W,YJL098W,0,0.3678909,0.12011577188968658,0.9959999918937683,0.7296000123023987
YHR117W,YKL185W,0,0.36762774,0.12010128796100616,0.9959999918937683,0.7297000288963318
YPR063C,YNL111C,0,0.36682296,0.12008681148290634,0.9959999918937683,0.7297999858856201
YNR004W,YPL221W,0,0.36679286,0.12007233500480652,0.9959999918937683,0.7299000024795532
YHR181W,YER149C,0,0.36650264,0.1200578585267067,0.9959999918937683,0.7300000190734863
YMR117C,YGR070W,0,0.366309,0.12004338949918747,0.9959999918937683,0.7300999760627747
YNL130C,YCR094W,0,0.36630046,0.12002892047166824,0.9959999918937683,0.7301999926567078
YNL054W,YGL151W,0,0.36610138,0.12001445889472961,0.9959999918937683,0.7303000092506409
YOR383C,YNR020C,0,0.3651626,0.11999999731779099,0.9959999918937683,0.730400025844574
YBR006W,YLR394W,0,0.36509788,0.11998554319143295,0.9959999918937683,0.7304999828338623
YDR438W,YMR022W,0,0.3646546,0.11997108906507492,0.9959999918937683,0.7305999994277954
YIL043C,YPL193W,0,0.36456096,0.11995664238929749,0.9959999918937683,0.7307000160217285
YBR198C,YNL246W,1,0.36400807,0.12006261944770813,0.996999979019165,0.7307000160217285
YNL070W,YGL096W,0,0.36297405,0.1200481653213501,0.996999979019165,0.7307999730110168
YDR492W,YOR337W,0,0.36285365,0.12003371119499207,0.996999979019165,0.73089998960495
YLL066C,YNR030W,0,0.36284143,0.12001926451921463,0.996999979019165,0.7310000061988831
YBL068W,YLR176C,0,0.36268216,0.1200048178434372,0.996999979019165,0.7311000227928162
YMR276W,YOL092W,0,0.3621633,0.11999037116765976,0.996999979019165,0.7311999797821045
YOR127W,YNL160W,0,0.36185658,0.11997593194246292,0.996999979019165,0.7312999963760376
YNL314W,YIR017C,0,0.3614471,0.11996150016784668,0.996999979019165,0.7314000129699707
YPL200W,YOR181W,0,0.36141336,0.11994706094264984,0.996999979019165,0.7315000295639038
YGL206C,YJL128C,0,0.36125213,0.1199326366186142,0.996999979019165,0.7315999865531921
YLR113W,YIL172C,0,0.36098593,0.11991821229457855,0.996999979019165,0.7317000031471252
YPL160W,YOR291W,0,0.36058772,0.11990378797054291,0.996999979019165,0.7318000197410583
YBL098W,YKL173W,0,0.36056113,0.11988937109708786,0.996999979019165,0.7318999767303467
YMR049C,YOR070C,0,0.3602091,0.11987495422363281,0.996999979019165,0.7319999933242798
YHR117W,YNL073W,0,0.36012495,0.11986054480075836,0.996999979019165,0.7321000099182129
YJL186W,YBR218C,0,0.35936564,0.11984613537788391,0.996999979019165,0.732200026512146
YNL335W,YBL078C,0,0.35916364,0.11983173340559006,0.996999979019165,0.7322999835014343
YDL061C,YLR329W,0,0.3584053,0.1198173314332962,0.996999979019165,0.7324000000953674
YLR451W,YJR135W-A,0,0.35699445,0.11980292946100235,0.996999979019165,0.7325000166893005
YOR109W,YKL143W,0,0.3567726,0.11978853493928909,0.996999979019165,0.7325999736785889
YML004C,YEL031W,0,0.35646093,0.11977414786815643,0.996999979019165,0.732699990272522
YCR060W,YDR449C,0,0.3552156,0.11975976079702377,0.996999979019165,0.7328000068664551
YHR046C,YKR064W,0,0.3547622,0.11974537372589111,0.996999979019165,0.7329000234603882
YLR394W,YDL112W,0,0.35461795,0.11973099410533905,0.996999979019165,0.7329999804496765
YDR229W,YIL014W,0,0.35434157,0.11971662193536758,0.996999979019165,0.7330999970436096
YKL117W,YIL072W,0,0.35145473,0.11970224231481552,0.996999979019165,0.7332000136375427
YDR111C,YIL053W,0,0.35057437,0.11968787759542465,0.996999979019165,0.733299970626831
YPL141C,YGL014W,0,0.35053098,0.11967350542545319,0.996999979019165,0.7333999872207642
YPL188W,YLR460C,0,0.34952134,0.11965914815664291,0.996999979019165,0.7335000038146973
YLR172C,YML094W,0,0.34838635,0.11964478343725204,0.996999979019165,0.7336000204086304
YGL096W,YMR295C,0,0.34522367,0.11963042616844177,0.996999979019165,0.7336999773979187
YGL139W,YPR081C,0,0.34496534,0.1196160763502121,0.996999979019165,0.7337999939918518
YIL137C,YPL031C,0,0.34493947,0.11960172653198242,0.996999979019165,0.7339000105857849
YLR278C,YDR148C,0,0.34404564,0.11958738416433334,0.996999979019165,0.734000027179718
YKL059C,YMR022W,0,0.34388453,0.11957304179668427,0.996999979019165,0.7340999841690063
YHR044C,YFR024C,0,0.3436768,0.11955869942903519,0.996999979019165,0.7342000007629395
YMR315W,YDR127W,0,0.3435498,0.1195443645119667,0.996999979019165,0.7343000173568726
YBR176W,YGR145W,0,0.34311593,0.11953002959489822,0.996999979019165,0.7343999743461609
YGR101W,YKR055W,0,0.34144753,0.11951570212841034,0.996999979019165,0.734499990940094
YNL231C,YDR300C,0,0.34092844,0.11950138211250305,0.996999979019165,0.7346000075340271
YBR146W,YBR091C,0,0.3399818,0.11948705464601517,0.996999979019165,0.7347000241279602
YKR007W,YNR027W,0,0.33992803,0.11947273463010788,0.996999979019165,0.7347999811172485
YOR065W,YJR021C,0,0.337214,0.11945842206478119,0.996999979019165,0.7348999977111816
YGR251W,YJL162C,0,0.33662188,0.1194441094994545,0.996999979019165,0.7350000143051147
YLR426W,YMR105C,0,0.33563852,0.1194298043847084,0.996999979019165,0.7350999712944031
YKL218C,YOR260W,0,0.33521205,0.11941549926996231,0.996999979019165,0.7351999878883362
YBL068W,YBL023C,0,0.33468992,0.11940119415521622,0.996999979019165,0.7353000044822693
YJR027W,YLR364W,0,0.3345642,0.11938689649105072,0.996999979019165,0.7354000210762024
YNL192W,YNR031C,0,0.33419847,0.11937260627746582,0.996999979019165,0.7354999780654907
YIL083C,YHR027C,0,0.3338207,0.11935831606388092,0.996999979019165,0.7355999946594238
YJR066W,YJR096W,0,0.33376646,0.11934402585029602,0.996999979019165,0.7357000112533569
YMR158W,YPR167C,0,0.33347833,0.11932974308729172,0.996999979019165,0.73580002784729
YNR059W,YBR187W,0,0.3331082,0.11931546032428741,0.996999979019165,0.7358999848365784
YHR169W,YDR471W,0,0.33129203,0.11930118501186371,0.996999979019165,0.7360000014305115
YDR511W,YMR261C,0,0.33053058,0.11928690969944,0.996999979019165,0.7361000180244446
YHR060W,YGR238C,0,0.32972944,0.1192726418375969,0.996999979019165,0.7361999750137329
YDR139C,YDR239C,0,0.32867497,0.11925837397575378,0.996999979019165,0.736299991607666
YHR110W,YMR289W,0,0.3281631,0.11924410611391068,0.996999979019165,0.7364000082015991
YIL034C,YEL031W,0,0.32785845,0.11922984570264816,0.996999979019165,0.7365000247955322
YFR003C,YMR122W-A,0,0.3266794,0.11921559274196625,0.996999979019165,0.7365999817848206
YCR039C,YEL038W,0,0.32492614,0.11920133978128433,0.996999979019165,0.7366999983787537
YBL100W-B,YDL211C,0,0.3247376,0.11918708682060242,0.996999979019165,0.7368000149726868
YHR004C,YMR210W,0,0.32410884,0.1191728413105011,0.996999979019165,0.7368999719619751
YJL035C,YDL046W,0,0.3237064,0.11915859580039978,0.996999979019165,0.7369999885559082
YKL140W,YOR048C,0,0.32354593,0.11914435774087906,0.996999979019165,0.7371000051498413
YKL087C,YFL036W,0,0.32337666,0.11913011968135834,0.996999979019165,0.7372000217437744
YBR158W,YHR085W,0,0.32256484,0.11911588907241821,0.996999979019165,0.7372999787330627
YAL068C,YMR051C,0,0.32212615,0.11910165846347809,0.996999979019165,0.7373999953269958
YLR292C,YBR012W-A,0,0.32165825,0.11908743530511856,0.996999979019165,0.737500011920929
YFR024C-A,YDR137W,0,0.3210876,0.11907321214675903,0.996999979019165,0.7376000285148621
YPL189C-A,YBR002C,0,0.3200345,0.1190589889883995,0.996999979019165,0.7376999855041504
YKL003C,YDR078C,0,0.3198263,0.11904477328062057,0.996999979019165,0.7378000020980835
YGR193C,YDL061C,0,0.31965786,0.11903056502342224,0.996999979019165,0.7379000186920166
YGL222C,YOR228C,0,0.31962013,0.11901635676622391,0.996999979019165,0.7379999756813049
YLR466W,YJR158W,0,0.31932724,0.11900214850902557,0.996999979019165,0.738099992275238
YKL079W,YKL062W,0,0.31929493,0.11898794770240784,0.996999979019165,0.7382000088691711
YDL060W,YGR162W,0,0.3175162,0.1189737468957901,0.996999979019165,0.7383000254631042
YML081W,YBR238C,0,0.31617498,0.11895955353975296,0.996999979019165,0.7383999824523926
YAL033W,YGR262C,0,0.31609303,0.11894536018371582,0.996999979019165,0.7384999990463257
YNL007C,YER143W,0,0.3158151,0.11893116682767868,0.996999979019165,0.7386000156402588
YLR102C,YDR096W,0,0.31555593,0.11891698837280273,0.996999979019165,0.7386999726295471
YGL141W,YHR153C,0,0.3143692,0.11890280246734619,0.996999979019165,0.7387999892234802
YGR260W,YDL211C,0,0.31408298,0.11888862401247025,0.996999979019165,0.7389000058174133
YIL043C,YIL011W,0,0.3133216,0.1188744455575943,0.996999979019165,0.7390000224113464
YDR414C,YBR096W,0,0.31316626,0.11886027455329895,0.996999979019165,0.7390999794006348
YJL030W,YDR337W,0,0.31147385,0.1188461109995842,0.996999979019165,0.7391999959945679
YDR367W,YKL196C,0,0.31098342,0.11883193999528885,0.996999979019165,0.739300012588501
YPL226W,YNR027W,0,0.31064314,0.1188177838921547,0.996999979019165,0.7394000291824341
YMR238W,YGR234W,0,0.3104205,0.11880362033843994,0.996999979019165,0.7394999861717224
YJR098C,YGR120C,0,0.31021833,0.11878946423530579,0.996999979019165,0.7396000027656555
YPL038W,YJL004C,0,0.31014812,0.11877531558275223,0.996999979019165,0.7397000193595886
YLR353W,YLR029C,0,0.30980158,0.11876116693019867,0.996999979019165,0.739799976348877
YKL059C,YHR014W,0,0.30936694,0.11874702572822571,0.996999979019165,0.7398999929428101
YDR429C,YER025W,0,0.30908245,0.11873287707567215,0.996999979019165,0.7400000095367432
YNL092W,YGL016W,0,0.30892587,0.11871874332427979,0.996999979019165,0.7401000261306763
YLR208W,YML080W,0,0.30789125,0.11870460957288742,0.996999979019165,0.7401999831199646
YBR012W-A,YCR092C,0,0.30653477,0.11869047582149506,0.996999979019165,0.7402999997138977
YPL028W,YOR129C,0,0.3052826,0.11867634952068329,0.996999979019165,0.7404000163078308
YMR088C,YHR211W,0,0.3044573,0.11866222321987152,0.996999979019165,0.7404999732971191
YLR139C,YLR291C,0,0.30418152,0.11864810436964035,0.996999979019165,0.7405999898910522
YLR343W,YOL064C,0,0.30365622,0.11863398551940918,0.996999979019165,0.7407000064849854
YNL046W,YOR018W,0,0.30238807,0.11861986666917801,0.996999979019165,0.7408000230789185
YMR122W-A,YPL159C,0,0.30122042,0.11860575526952744,0.996999979019165,0.7408999800682068
YJL155C,YLR127C,0,0.30110174,0.11859165132045746,0.996999979019165,0.7409999966621399
YPL097W,YBR162C,0,0.3010869,0.11857754737138748,0.996999979019165,0.741100013256073
YDR490C,YCR024C,0,0.2998016,0.1185634434223175,0.996999979019165,0.7411999702453613
YER178W,YPR167C,0,0.29958737,0.11854934692382812,0.996999979019165,0.7412999868392944
YHR033W,YMR040W,0,0.29942048,0.11853525042533875,0.996999979019165,0.7414000034332275
YML113W,YIL061C,0,0.29904807,0.11852116137742996,0.996999979019165,0.7415000200271606
YKL171W,YBR054W,0,0.29837817,0.11850707232952118,0.996999979019165,0.741599977016449
YEL039C,YIL106W,0,0.29830986,0.118492990732193,0.996999979019165,0.7416999936103821
YDR056C,YMR235C,0,0.29776067,0.11847890913486481,0.996999979019165,0.7418000102043152
YJR042W,YAR042W,0,0.29726863,0.11846482753753662,0.996999979019165,0.7419000267982483
YHR122W,YDR429C,0,0.2969408,0.11845075339078903,0.996999979019165,0.7419999837875366
YMR088C,YLL055W,0,0.29640657,0.11843668669462204,0.996999979019165,0.7421000003814697
YJL121C,YGR272C,0,0.2959203,0.11842261254787445,0.996999979019165,0.7422000169754028
YCL032W,YKL004W,0,0.29350722,0.11840855330228806,0.996999979019165,0.7422999739646912
YNL046W,YMR122W-A,0,0.29319322,0.11839448660612106,0.996999979019165,0.7423999905586243
YPL207W,YDL204W,0,0.29228115,0.11838043481111526,0.996999979019165,0.7425000071525574
YJL003W,YPL017C,0,0.2915764,0.11836637556552887,0.996999979019165,0.7426000237464905
YDL061C,YHR185C,0,0.29154956,0.11835232377052307,0.996999979019165,0.7426999807357788
YPL144W,YCR091W,0,0.2913655,0.11833827942609787,0.996999979019165,0.7427999973297119
YML085C,YKL110C,0,0.2912699,0.11832423508167267,0.996999979019165,0.742900013923645
YCR018C,YJR135W-A,0,0.29036987,0.11831019073724747,0.996999979019165,0.7429999709129333
YPL096C-A,YDR297W,0,0.28981644,0.11829615384340286,0.996999979019165,0.7430999875068665
YCL029C,YOR228C,0,0.28877264,0.11828212440013885,0.996999979019165,0.7432000041007996
YCR046C,YGR076C,0,0.28738308,0.11826808750629425,0.996999979019165,0.7433000206947327
YGR268C,YHL006C,0,0.2870469,0.11825406551361084,0.996999979019165,0.743399977684021
YHL021C,YDR353W,0,0.286955,0.11824003607034683,0.996999979019165,0.7434999942779541
YIL108W,YPL168W,0,0.28544563,0.11822601407766342,0.996999979019165,0.7436000108718872
YER040W,YGR162W,0,0.28508925,0.11821199953556061,0.996999979019165,0.7437000274658203
YLR010C,YER013W,0,0.28499258,0.1181979849934578,0.996999979019165,0.7437999844551086
YOL032W,YMR112C,0,0.28473008,0.11818397045135498,0.996999979019165,0.7439000010490417
YGR189C,YOR260W,0,0.28444946,0.11816996335983276,0.996999979019165,0.7440000176429749
YFL023W,YFL038C,0,0.283473,0.11815596371889114,0.996999979019165,0.7440999746322632
YDR052C,YOR338W,0,0.28316414,0.11814195662736893,0.996999979019165,0.7441999912261963
YBR297W,YLR301W,0,0.28300852,0.1181279644370079,0.996999979019165,0.7443000078201294
YIL076W,YHR181W,0,0.28295386,0.11811396479606628,0.996999979019165,0.7444000244140625
YCL059C,YGL085W,0,0.2829517,0.11809997260570526,0.996999979019165,0.7444999814033508
YEL052W,YJL114W,0,0.28285372,0.11808598786592484,0.996999979019165,0.7445999979972839
YLR386W,YKR096W,0,0.28187346,0.11807200312614441,0.996999979019165,0.744700014591217
YPL186C,YAR044W,0,0.2814257,0.11805802583694458,0.996999979019165,0.7447999715805054
YKL149C,YBR028C,0,0.2801183,0.11804404109716415,0.996999979019165,0.7448999881744385
YDR379W,YMR112C,0,0.27969027,0.11803007125854492,0.996999979019165,0.7450000047683716
YMR225C,YBR042C,0,0.27968448,0.11801610141992569,0.996999979019165,0.7451000213623047
YAL054C,YMR045C,0,0.27954262,0.11800213158130646,0.996999979019165,0.745199978351593
YOR288C,YMR009W,0,0.27949578,0.11798816919326782,0.996999979019165,0.7452999949455261
YGR076C,YDR096W,0,0.27891982,0.11797420680522919,0.996999979019165,0.7454000115394592
YCR105W,YOL029C,0,0.2787962,0.11796024441719055,0.996999979019165,0.7455000281333923
YGL018C,YHL032C,0,0.27813244,0.11794628947973251,0.996999979019165,0.7455999851226807
YLR447C,YDR128W,0,0.27749062,0.11793234199285507,0.996999979019165,0.7457000017166138
YOR233W,YPL196W,0,0.27733552,0.11791839450597763,0.996999979019165,0.7458000183105469
YHL019C,YMR046C,0,0.27645504,0.11790444701910019,0.996999979019165,0.7458999752998352
YDL109C,YJL192C,0,0.27578115,0.11789050698280334,0.996999979019165,0.7459999918937683
YBR141C,YER153C,0,0.2755078,0.1178765669465065,0.996999979019165,0.7461000084877014
YPR057W,YMR114C,0,0.2753877,0.11786263436079025,0.996999979019165,0.7462000250816345
YBR182C,YDR012W,0,0.27470088,0.117848701775074,0.996999979019165,0.7462999820709229
YFR045W,YJL083W,0,0.27392066,0.11783476918935776,0.996999979019165,0.746399998664856
YPL189W,YMR025W,0,0.27218288,0.1178208440542221,0.996999979019165,0.7465000152587891
YNR003C,YHR214C-B,0,0.27190852,0.11780692636966705,0.996999979019165,0.7465999722480774
YJR026W,YDL075W,0,0.27178347,0.117793008685112,0.996999979019165,0.7466999888420105
YNL339C,YDL018C,0,0.27097183,0.11777909100055695,0.996999979019165,0.7468000054359436
YGR118W,YMR193W,0,0.27069163,0.11776518076658249,0.996999979019165,0.7469000220298767
YGR020C,YGL191W,0,0.27033502,0.11775127053260803,0.996999979019165,0.746999979019165
YPL018W,YJR046W,0,0.26927066,0.11773736774921417,0.996999979019165,0.7470999956130981
YBR006W,YMR297W,0,0.2687208,0.11772346496582031,0.996999979019165,0.7472000122070312
YLR451W,YNL181W,0,0.26870322,0.11770956218242645,0.996999979019165,0.7473000288009644
YDL243C,YML116W,0,0.26841754,0.11769566684961319,0.996999979019165,0.7473999857902527
YDR007W,YDL003W,0,0.2678517,0.11768177896738052,0.996999979019165,0.7475000023841858
YPL026C,YLR353W,0,0.2668621,0.11766788363456726,0.996999979019165,0.7476000189781189
YJL179W,YPL220W,0,0.26629233,0.11765400320291519,0.996999979019165,0.7476999759674072
YGR279C,YMR153W,0,0.26605415,0.11764011532068253,0.996999979019165,0.7477999925613403
YCL005W-A,YBR042C,0,0.26577568,0.11762624233961105,0.996999979019165,0.7479000091552734
YGL249W,YBR159W,0,0.2656318,0.11761236190795898,0.996999979019165,0.7480000257492065
YBR181C,YER140W,0,0.26509875,0.11759848892688751,0.996999979019165,0.7480999827384949
YLL061W,YOR148C,0,0.2641188,0.11758462339639664,0.996999979019165,0.748199999332428
YML099C,YGR001C,0,0.26281357,0.11757075786590576,0.996999979019165,0.7483000159263611
YPL177C,YOR250C,0,0.26194888,0.11755689233541489,0.996999979019165,0.7483999729156494
YPR043W,YPL160W,0,0.26079977,0.11754303425550461,0.996999979019165,0.7484999895095825
YBR043C,YGR282C,0,0.26070094,0.11752917617559433,0.996999979019165,0.7486000061035156
YDR454C,YNL232W,0,0.25963372,0.11751532554626465,0.996999979019165,0.7487000226974487
YEL020W-A,YOR351C,0,0.2593975,0.11750147491693497,0.996999979019165,0.7487999796867371
YBL100W-B,YMR217W,0,0.25779933,0.11748762428760529,0.996999979019165,0.7488999962806702
YHR132C,YKL200C,0,0.25758785,0.1174737811088562,0.996999979019165,0.7490000128746033
YGR296W,YKL062W,0,0.25725043,0.11745994538068771,0.996999979019165,0.7491000294685364
YPL091W,YJL096W,0,0.25696075,0.11744610965251923,0.996999979019165,0.7491999864578247
YBL028C,YHR190W,0,0.2561841,0.11743227392435074,0.996999979019165,0.7493000030517578
YHR036W,YDR403W,0,0.25592375,0.11741844564676285,0.996999979019165,0.7494000196456909
YLR214W,YNL055C,0,0.25563383,0.11740461736917496,0.996999979019165,0.7494999766349792
YGR058W,YOR377W,0,0.2541858,0.11739078909158707,0.996999979019165,0.7495999932289124
YGR161C,YGR288W,0,0.2538849,0.11737696826457977,0.996999979019165,0.7497000098228455
YOR373W,YMR307W,0,0.2532196,0.11736315488815308,0.996999979019165,0.7498000264167786
YHL021C,YJL172W,0,0.2526914,0.11734934151172638,0.996999979019165,0.7498999834060669
YKL048C,YPL094C,0,0.25227016,0.11733552813529968,0.996999979019165,0.75
YHR194W,YHR074W,0,0.25115752,0.11732172220945358,0.996999979019165,0.7501000165939331
YOR002W,YIL120W,0,0.25079018,0.11730791628360748,0.996999979019165,0.7501999735832214
YJR060W,YLR126C,0,0.25007403,0.11729411780834198,0.996999979019165,0.7502999901771545
YGR029W,YNR045W,0,0.24835551,0.11728031933307648,0.996999979019165,0.7504000067710876
YKR096W,YMR013C,0,0.24809647,0.11726652830839157,0.996999979019165,0.7505000233650208
YCL063W,YJR131W,0,0.24786198,0.11725273728370667,0.996999979019165,0.7505999803543091
YGL071W,YIL119C,0,0.24767232,0.11723894625902176,0.996999979019165,0.7506999969482422
YGR279C,YMR247C,0,0.24613333,0.11722516268491745,0.996999979019165,0.7508000135421753
YPL063W,YCR011C,0,0.24549615,0.11721137911081314,0.996999979019165,0.7508999705314636
YAL041W,YFL066C,0,0.24507093,0.11719760298728943,0.996999979019165,0.7509999871253967
YPR192W,YLL029W,0,0.24504292,0.11718382686376572,0.996999979019165,0.7511000037193298
YPL126W,YPL196W,0,0.24473822,0.1171700581908226,0.996999979019165,0.7512000203132629
YDR242W,YPL002C,0,0.24465686,0.11715628951787949,0.996999979019165,0.7512999773025513
YAL028W,YJR028W,0,0.24438441,0.11714252084493637,0.996999979019165,0.7513999938964844
YBL005W-B,YPL168W,0,0.2440663,0.11712875962257385,0.996999979019165,0.7515000104904175
YAL017W,YCL050C,0,0.24387378,0.11711499840021133,0.996999979019165,0.7516000270843506
YDR205W,YKL117W,0,0.24300158,0.11710124462842941,0.996999979019165,0.7516999840736389
YMR032W,YIL008W,0,0.24198216,0.11708749085664749,0.996999979019165,0.751800000667572
YNR032C-A,YIL022W,0,0.24070907,0.11707374453544617,0.996999979019165,0.7519000172615051
YCR002C,YJL172W,0,0.24064666,0.11705999821424484,0.996999979019165,0.7519999742507935
YMR049C,YJL144W,0,0.24063975,0.11704625189304352,0.996999979019165,0.7520999908447266
YGL233W,YLL003W,0,0.23997968,0.11703251302242279,0.996999979019165,0.7522000074386597
YBR213W,YER015W,0,0.23996031,0.11701878160238266,0.996999979019165,0.7523000240325928
YNL287W,YIL111W,0,0.23890567,0.11700504273176193,0.996999979019165,0.7523999810218811
YLR126C,YGL103W,0,0.23782355,0.1169913187623024,0.996999979019165,0.7524999976158142
YBR058C,YGR017W,0,0.23751986,0.11697758734226227,0.996999979019165,0.7526000142097473
YDR262W,YDR317W,0,0.23749375,0.11696386337280273,0.996999979019165,0.7526999711990356
YPL026C,YGL045W,0,0.23747587,0.1169501468539238,0.996999979019165,0.7527999877929688
YMR034C,YDL081C,0,0.2362315,0.11693643033504486,0.996999979019165,0.7529000043869019
YDR411C,YOL002C,0,0.23515213,0.11692271381616592,0.996999979019165,0.753000020980835
YDL093W,YBL010C,0,0.23380655,0.11690900474786758,0.996999979019165,0.7530999779701233
YJL216C,YDR090C,0,0.22983134,0.11689529567956924,0.996999979019165,0.7531999945640564
YGR245C,YNR015W,0,0.22893667,0.1168815940618515,0.996999979019165,0.7533000111579895
YBR042C,YFR036W,0,0.22891366,0.11686789244413376,0.996999979019165,0.7534000277519226
YDL247W,YHL044W,0,0.22774577,0.11685419827699661,0.996999979019165,0.7534999847412109
YDR189W,YAL017W,0,0.22752678,0.11684050410985947,0.996999979019165,0.753600001335144
YPL061W,YGL200C,0,0.22214603,0.11682680994272232,0.996999979019165,0.7537000179290771
YPR006C,YLR446W,0,0.22170007,0.11681312322616577,0.996999979019165,0.7537999749183655
YOL061W,YML094W,0,0.22083569,0.11679943650960922,0.996999979019165,0.7538999915122986
YPL203W,YGL059W,0,0.22000849,0.11678575724363327,0.996999979019165,0.7540000081062317
YJL033W,YPR080W,0,0.21948874,0.11677207797765732,0.996999979019165,0.7541000247001648
YOR027W,YCL054W,0,0.21914339,0.11675840616226196,0.996999979019165,0.7541999816894531
YLR090W,YML070W,0,0.2184689,0.11674473434686661,0.996999979019165,0.7542999982833862
YML081W,YHR207C,0,0.21762091,0.11673106253147125,0.996999979019165,0.7544000148773193
YLL038C,YBR016W,0,0.21698725,0.1167173981666565,0.996999979019165,0.7544999718666077
YBR181C,YKL051W,0,0.21605974,0.11670373380184174,0.996999979019165,0.7545999884605408
YMR152W,YDR378C,0,0.21532488,0.11669007688760757,0.996999979019165,0.7547000050544739
YGL196W,YJR075W,0,0.21392405,0.11667641997337341,0.996999979019165,0.754800021648407
YLR042C,YFR033C,0,0.21391511,0.11666276305913925,0.996999979019165,0.7548999786376953
YML048W,YGL213C,0,0.21347404,0.11664911359548569,0.996999979019165,0.7549999952316284
YHR005C-A,YIR037W,0,0.21196485,0.11663547158241272,0.996999979019165,0.7551000118255615
YOR358W,YJR078W,0,0.21175683,0.11662182956933975,0.996999979019165,0.7552000284194946
YMR267W,YDR494W,0,0.20870459,0.11660818755626678,0.996999979019165,0.755299985408783
YLR330W,YOR179C,0,0.20863414,0.11659455299377441,0.996999979019165,0.7554000020027161
YJR089W,YNL318C,0,0.20842522,0.11658091843128204,0.996999979019165,0.7555000185966492
YPR110C,YJR139C,0,0.20813298,0.11656728386878967,0.996999979019165,0.7555999755859375
YHR057C,YDR178W,0,0.2067095,0.1165536567568779,0.996999979019165,0.7556999921798706
YHR051W,YGR034W,0,0.20583028,0.11654003709554672,0.996999979019165,0.7558000087738037
YDR229W,YDL012C,0,0.20566964,0.11652641743421555,0.996999979019165,0.7559000253677368
YLR386W,YHL019C,0,0.20514947,0.11651279777288437,0.996999979019165,0.7559999823570251
YJL034W,YLR188W,0,0.20470512,0.11649918556213379,0.996999979019165,0.7560999989509583
YAL068C,YCL057W,0,0.20466125,0.11648557335138321,0.996999979019165,0.7562000155448914
YOR304C-A,YCR094W,0,0.20343107,0.11647196114063263,0.996999979019165,0.7562999725341797
YLR390W-A,YKL007W,0,0.20289117,0.11645835638046265,0.996999979019165,0.7563999891281128
YGR158C,YMR145C,0,0.20284152,0.11644475907087326,0.996999979019165,0.7565000057220459
YAR010C,YMR128W,0,0.20256221,0.11643115431070328,0.996999979019165,0.756600022315979
YLR414C,YNL036W,0,0.20243657,0.11641756445169449,0.996999979019165,0.7566999793052673
YNL278W,YNR071C,0,0.20128614,0.1164039671421051,0.996999979019165,0.7567999958992004
YML112W,YML104C,0,0.20109522,0.11639037728309631,0.996999979019165,0.7569000124931335
YGL231C,YCR026C,0,0.20030546,0.11637679487466812,0.996999979019165,0.7570000290870667
YER007W,YMR304W,0,0.2002185,0.11636321246623993,0.996999979019165,0.757099986076355
YNL219C,YLR203C,0,0.20019901,0.11634963005781174,0.996999979019165,0.7572000026702881
YFL041W,YFL011W,0,0.1978916,0.11633605509996414,0.996999979019165,0.7573000192642212
YKL196C,YOL155C,0,0.19742388,0.11632248014211655,0.996999979019165,0.7573999762535095
YNL236W,YNL248C,0,0.19708443,0.11630891263484955,0.996999979019165,0.7574999928474426
YGL185C,YOL078W,0,0.19541156,0.11629534512758255,0.996999979019165,0.7576000094413757
YCR077C,YOR265W,0,0.19538045,0.11628178507089615,0.996999979019165,0.7577000260353088
YPL167C,YML082W,0,0.19498765,0.11626822501420975,0.996999979019165,0.7577999830245972
YPL141C,YHR070W,0,0.1941207,0.11625466495752335,0.996999979019165,0.7578999996185303
YNL086W,YPR122W,0,0.19314146,0.11624111235141754,0.996999979019165,0.7580000162124634
YIL145C,YBL038W,0,0.19311821,0.11622755974531174,0.996999979019165,0.7580999732017517
YPL038W,YKL143W,0,0.19293302,0.11621401458978653,0.996999979019165,0.7581999897956848
YDR252W,YDR003W,0,0.19289434,0.11620046943426132,0.996999979019165,0.7583000063896179
YDR144C,YLR356W,0,0.19229895,0.11618692427873611,0.996999979019165,0.758400022983551
YHR108W,YPR063C,0,0.19115013,0.1161733865737915,0.996999979019165,0.7584999799728394
YBL017C,YOR337W,0,0.19082206,0.1161598488688469,0.996999979019165,0.7585999965667725
YDR131C,YOR045W,0,0.1896962,0.11614631861448288,0.996999979019165,0.7587000131607056
YJR053W,YKL199C,0,0.18944871,0.11613278836011887,0.996999979019165,0.7588000297546387
YHR028C,YOR151C,0,0.18855429,0.11611926555633545,0.996999979019165,0.758899986743927
YPR016C,YGL068W,0,0.18854463,0.11610574275255203,0.996999979019165,0.7590000033378601
YDR299W,YPR133W-A,0,0.1882686,0.11609221994876862,0.996999979019165,0.7591000199317932
YDL055C,YLR020C,0,0.18780446,0.1160787045955658,0.996999979019165,0.7591999769210815
YER173W,YBR043C,0,0.18619126,0.11606518924236298,0.996999979019165,0.7592999935150146
YER019C-A,YMR311C,0,0.18569374,0.11605168133974075,0.996999979019165,0.7594000101089478
YIL118W,YJL114W,0,0.18526185,0.11603817343711853,0.996999979019165,0.7595000267028809
YJL030W,YBR267W,0,0.18476325,0.1160246729850769,0.996999979019165,0.7595999836921692
YNR061C,YOR237W,0,0.18447548,0.11601117253303528,0.996999979019165,0.7597000002861023
YJR045C,YKL011C,0,0.18257439,0.11599767208099365,0.996999979019165,0.7598000168800354
YJR121W,YAL019W,0,0.18241882,0.11598417907953262,0.996999979019165,0.7598999738693237
YNR004W,YLR384C,0,0.18159103,0.1159706860780716,0.996999979019165,0.7599999904632568
YLR394W,YHR052W,0,0.18080187,0.11595720052719116,0.996999979019165,0.7601000070571899
YDR120C,YNL240C,0,0.18075597,0.11594371497631073,0.996999979019165,0.760200023651123
YPL179W,YJL212C,0,0.18042982,0.1159302294254303,0.996999979019165,0.7602999806404114
YNL219C,YAL060W,0,0.1803891,0.11591675132513046,0.996999979019165,0.7603999972343445
YMR105C,YGR122W,0,0.18007708,0.11590328067541122,0.996999979019165,0.7605000138282776
YDL019C,YPR169W,0,0.18007529,0.11588980257511139,0.996999979019165,0.7605999708175659
YLL067C,YDR495C,0,0.1792835,0.11587633937597275,0.996999979019165,0.760699987411499
YJR082C,YJL102W,0,0.17840612,0.11586286872625351,0.996999979019165,0.7608000040054321
YNR019W,YPL139C,0,0.17812401,0.11584940552711487,0.996999979019165,0.7609000205993652
YBR107C,YDR363W-A,0,0.17777944,0.11583594977855682,0.996999979019165,0.7609999775886536
YGL195W,YGR162W,0,0.17760146,0.11582249402999878,0.996999979019165,0.7610999941825867
YCL025C,YBR158W,0,0.17737085,0.11580903828144073,0.996999979019165,0.7612000107765198
YPL006W,YGR001C,0,0.17684174,0.11579558998346329,0.996999979019165,0.7613000273704529
YAR010C,YLR300W,0,0.17620492,0.11578214168548584,0.996999979019165,0.7613999843597412
YER138C,YLR238W,0,0.17556018,0.11576869338750839,0.996999979019165,0.7615000009536743
YGL010W,YMR213W,0,0.17507166,0.11575525254011154,0.996999979019165,0.7616000175476074
YCL054W,YEL012W,0,0.17505407,0.11574181914329529,0.996999979019165,0.7616999745368958
YMR050C,YPL013C,0,0.17486411,0.11572837829589844,0.996999979019165,0.7617999911308289
YNL301C,YFR040W,0,0.1733222,0.11571495234966278,0.996999979019165,0.761900007724762
YOR355W,YMR188C,0,0.17175746,0.11570151895284653,0.996999979019165,0.7620000243186951
YPL174C,YPL068C,0,0.17165244,0.11568809300661087,0.996999979019165,0.7620999813079834
YDL208W,YOR316C,0,0.17112976,0.11567467451095581,0.996999979019165,0.7621999979019165
YPR152C,YDR134C,0,0.1711266,0.11566125601530075,0.996999979019165,0.7623000144958496
YJL121C,YKL165C,0,0.17064631,0.11564783751964569,0.996999979019165,0.7623999714851379
YJR001W,YOL053C-A,0,0.1695832,0.11563442647457123,0.996999979019165,0.762499988079071
YDR536W,YJR131W,0,0.1695326,0.11562101542949677,0.996999979019165,0.7626000046730042
YIL173W,YBL112C,0,0.16942322,0.1156076043844223,0.996999979019165,0.7627000212669373
YGR044C,YBL047C,0,0.16936553,0.11559420078992844,0.996999979019165,0.7627999782562256
YNR028W,YHR081W,0,0.16866165,0.11558080464601517,0.996999979019165,0.7628999948501587
YGR017W,YDR403W,0,0.16839176,0.1155674010515213,0.996999979019165,0.7630000114440918
YLR113W,YJL191W,0,0.16837811,0.11555401235818863,0.996999979019165,0.7631000280380249
YPR016C,YOR001W,0,0.1681999,0.11554061621427536,0.996999979019165,0.7631999850273132
YLR102C,YFR047C,0,0.16708112,0.11552722752094269,0.996999979019165,0.7633000016212463
YPR143W,YNR045W,0,0.1659813,0.11551384627819061,0.996999979019165,0.7634000182151794
YDR501W,YMR034C,0,0.16575068,0.11550046503543854,0.996999979019165,0.7634999752044678
YPR161C,YMR268W-A,0,0.1653918,0.11548708379268646,0.996999979019165,0.7635999917984009
YMR237W,YIL172C,0,0.16505045,0.11547371000051498,0.996999979019165,0.763700008392334
YPL006W,YER143W,0,0.16498792,0.1154603362083435,0.996999979019165,0.7638000249862671
YLL017W,YDR472W,0,0.16491282,0.11544696986675262,0.996999979019165,0.7638999819755554
YOR294W,YBR287W,0,0.1645292,0.11543359607458115,0.996999979019165,0.7639999985694885
YMR311C,YMR194W,0,0.16413492,0.11542023718357086,0.996999979019165,0.7641000151634216
YMR038C,YML120C,0,0.16381776,0.11540687829256058,0.996999979019165,0.76419997215271
YNL243W,YOR207C,0,0.16303849,0.11539351940155029,0.996999979019165,0.7642999887466431
YER130C,YPR171W,0,0.16218871,0.1153801679611206,0.996999979019165,0.7644000053405762
YML037C,YKL179C,0,0.16152978,0.11536681652069092,0.996999979019165,0.7645000219345093
YDR494W,YDR441C,0,0.16095686,0.11535346508026123,0.996999979019165,0.7645999789237976
YGR061C,YAL003W,0,0.16071439,0.11534012109041214,0.996999979019165,0.7646999955177307
YMR183C,YNL111C,0,0.15944302,0.11532677710056305,0.996999979019165,0.7648000121116638
YKL060C,YOR101W,0,0.15919155,0.11531344056129456,0.996999979019165,0.7649000287055969
YER002W,YMR286W,0,0.1586867,0.11530010402202606,0.996999979019165,0.7649999856948853
YNR052C,YBL113C,0,0.15852427,0.11528677493333817,0.996999979019165,0.7651000022888184
YAL028W,YJL114W,0,0.15846688,0.11527343839406967,0.996999979019165,0.7652000188827515
YNL095C,YOR074C,0,0.15818739,0.11526011675596237,0.996999979019165,0.7652999758720398
YMR316W,YJR098C,0,0.15783924,0.11524679511785507,0.996999979019165,0.7653999924659729
YBR059C,YKL134C,0,0.1576674,0.11523347347974777,0.996999979019165,0.765500009059906
YNR059W,YOL052C,0,0.15732765,0.11522015184164047,0.996999979019165,0.7656000256538391
YGR029W,YKL063C,0,0.15688443,0.11520683765411377,0.996999979019165,0.7656999826431274
YJR107W,YNR018W,0,0.15675914,0.11519353091716766,0.996999979019165,0.7657999992370605
YIL167W,YGR295C,0,0.15661162,0.11518022418022156,0.996999979019165,0.7659000158309937
YGR200C,YER014C-A,0,0.15648389,0.11516691744327545,0.996999979019165,0.765999972820282
YMR071C,YDR364C,0,0.15612972,0.11515361815690994,0.996999979019165,0.7660999894142151
YJL219W,YKL059C,0,0.155518,0.11514031887054443,0.996999979019165,0.7662000060081482
YGL046W,YJL179W,0,0.15466416,0.11512701958417892,0.996999979019165,0.7663000226020813
YBR001C,YGL227W,0,0.15336025,0.11511372774839401,0.996999979019165,0.7663999795913696
YGL147C,YDL223C,0,0.15286791,0.1151004359126091,0.996999979019165,0.7664999961853027
YHR186C,YMR295C,0,0.15270638,0.11508715152740479,0.996999979019165,0.7666000127792358
YHR046C,YNR008W,0,0.15267533,0.11507386714220047,0.996999979019165,0.766700029373169
YLR293C,YOR389W,0,0.1521895,0.11506059020757675,0.996999979019165,0.7667999863624573
YMR051C,YDL143W,0,0.15126854,0.11504731327295303,0.996999979019165,0.7669000029563904
YLR427W,YDL123W,0,0.15066212,0.11503403633832932,0.996999979019165,0.7670000195503235
YOR323C,YDR041W,0,0.15033138,0.1150207668542862,0.996999979019165,0.7670999765396118
YPR187W,YNR020C,0,0.15004778,0.11500749737024307,0.996999979019165,0.7671999931335449
YKR078W,YHR074W,0,0.14998496,0.11499423533678055,0.996999979019165,0.767300009727478
YGL113W,YDR415C,0,0.14740026,0.11498097330331802,0.996999979019165,0.7674000263214111
YMR156C,YKR009C,0,0.14677393,0.1149677112698555,0.996999979019165,0.7674999833106995
YOR356W,YCL034W,0,0.14630401,0.11495445668697357,0.996999979019165,0.7675999999046326
YDR347W,YHR059W,0,0.14614189,0.11494120210409164,0.996999979019165,0.7677000164985657
YGL123W,YOR049C,0,0.14610338,0.11492795497179031,0.996999979019165,0.767799973487854
YPR028W,YNL284C,0,0.14549816,0.11491470783948898,0.996999979019165,0.7678999900817871
YHR175W,YMR272C,0,0.14539087,0.11490146070718765,0.996999979019165,0.7680000066757202
YKL032C,YHR214C-B,0,0.14414275,0.11488822102546692,0.996999979019165,0.7681000232696533
YHR035W,YFR019W,0,0.14344275,0.11487498879432678,0.996999979019165,0.7681999802589417
YKL183W,YGR292W,0,0.14301896,0.11486174911260605,0.996999979019165,0.7682999968528748
YJR120W,YOR211C,0,0.14242065,0.11484851688146591,0.996999979019165,0.7684000134468079
YPL225W,YOR113W,0,0.14233541,0.11483529210090637,0.996999979019165,0.7684999704360962
YGL169W,YDR092W,0,0.13987803,0.11482206732034683,0.996999979019165,0.7685999870300293
YGR214W,YCL054W,0,0.1394149,0.11480884253978729,0.996999979019165,0.7687000036239624
YLR164W,YDR032C,0,0.13926268,0.11479562520980835,0.996999979019165,0.7688000202178955
YIL026C,YPL028W,0,0.13917482,0.1147824078798294,0.996999979019165,0.7688999772071838
YML047C,YBR058C-A,0,0.13744223,0.11476919800043106,0.996999979019165,0.7689999938011169
YDR498C,YDR115W,0,0.13722503,0.11475598812103271,0.996999979019165,0.76910001039505
YLR164W,YER012W,0,0.13623166,0.11474277824163437,0.996999979019165,0.7692000269889832
YNL259C,YPR137W,0,0.13598216,0.11472957581281662,0.996999979019165,0.7692999839782715
YLR102C,YLR360W,0,0.13528907,0.11471637338399887,0.996999979019165,0.7694000005722046
YMR061W,YHL026C,0,0.1340543,0.11470317840576172,0.996999979019165,0.7695000171661377
YLR130C,YDR398W,0,0.1330328,0.11468998342752457,0.996999979019165,0.769599974155426
YLR219W,YBR024W,0,0.13252676,0.11467678844928741,0.996999979019165,0.7696999907493591
YDR296W,YGR072W,0,0.13229406,0.11466360092163086,0.996999979019165,0.7698000073432922
YNL142W,YDL124W,0,0.13224888,0.1146504133939743,0.996999979019165,0.7699000239372253
YHL017W,YIL139C,0,0.13115871,0.11463723331689835,0.996999979019165,0.7699999809265137
YLL055W,YJL148W,0,0.13095057,0.11462405323982239,0.996999979019165,0.7700999975204468
YHR108W,YER137C,0,0.13063431,0.11461087316274643,0.996999979019165,0.7702000141143799
YHR037W,YNL029C,0,0.12944615,0.11459770053625107,0.996999979019165,0.7702999711036682
YDR177W,YDL190C,0,0.12925386,0.1145845279097557,0.996999979019165,0.7703999876976013
YDR364C,YDR078C,0,0.12855256,0.11457136273384094,0.996999979019165,0.7705000042915344
YLR054C,YLL045C,0,0.12781823,0.11455819755792618,0.996999979019165,0.7706000208854675
YMR302C,YLR143W,0,0.12767053,0.11454503983259201,0.996999979019165,0.7706999778747559
YHR202W,YHL004W,0,0.1263051,0.11453187465667725,0.996999979019165,0.770799994468689
YJL069C,YOR054C,0,0.12616527,0.11451872438192368,0.996999979019165,0.7709000110626221
YHR140W,YOR060C,0,0.125934,0.11450556665658951,0.996999979019165,0.7710000276565552
YDR423C,YOR228C,0,0.12555468,0.11449242383241653,0.996999979019165,0.7710999846458435
YKL132C,YLR439W,0,0.12555158,0.11447927355766296,0.996999979019165,0.7712000012397766
YMR180C,YDL141W,0,0.12505174,0.11446613073348999,0.996999979019165,0.7713000178337097
YPL161C,YNR061C,0,0.12451482,0.11445298790931702,0.996999979019165,0.771399974822998
YDR100W,YJL225C,0,0.123868465,0.11443985253572464,0.996999979019165,0.7714999914169312
YKL181W,YDL128W,0,0.12269807,0.11442671716213226,0.996999979019165,0.7716000080108643
YLR086W,YKR034W,0,0.122089624,0.11441358923912048,0.996999979019165,0.7717000246047974
YMR049C,YDL190C,0,0.121989846,0.1144004613161087,0.996999979019165,0.7717999815940857
YML034W,YFL005W,0,0.12177622,0.11438733339309692,0.996999979019165,0.7718999981880188
YDR111C,YOL059W,0,0.12017155,0.11437421292066574,0.996999979019165,0.7720000147819519
YMR264W,YPL068C,0,0.11866534,0.11436109244823456,0.996999979019165,0.7720999717712402
YDR263C,YGL068W,0,0.11865258,0.11434797197580338,0.996999979019165,0.7721999883651733
YGR004W,YOR211C,0,0.11830127,0.11433485895395279,0.996999979019165,0.7723000049591064
YOR340C,YOR195W,0,0.11749494,0.1143217533826828,0.996999979019165,0.7724000215530396
YGR199W,YMR166C,0,0.11586976,0.11430864781141281,0.996999979019165,0.7724999785423279
YDR021W,YIL007C,0,0.1150136,0.11429554224014282,0.996999979019165,0.772599995136261
YHR157W,YKL196C,0,0.11476004,0.11428243666887283,0.996999979019165,0.7727000117301941
YIL167W,YDR411C,0,0.11406386,0.11426933854818344,0.996999979019165,0.7728000283241272
YFL048C,YKL085W,0,0.11363292,0.11425624787807465,0.996999979019165,0.7728999853134155
YLR029C,YBR129C,0,0.11219466,0.11424314975738525,0.996999979019165,0.7730000019073486
YJR127C,YJL071W,0,0.11214352,0.11423006653785706,0.996999979019165,0.7731000185012817
YKR061W,YER165W,0,0.11128771,0.11421697586774826,0.996999979019165,0.7731999754905701
YML091C,YAL035W,0,0.11110103,0.11420389264822006,0.996999979019165,0.7732999920845032
YKL171W,YNR008W,0,0.109969854,0.11419081687927246,0.996999979019165,0.7734000086784363
YDR299W,YDR309C,0,0.10990536,0.11417773365974426,0.996999979019165,0.7735000252723694
YNL181W,YCR044C,0,0.10936725,0.11416466534137726,0.996999979019165,0.7735999822616577
YNL183C,YKL078W,0,0.10915673,0.11415158957242966,0.996999979019165,0.7736999988555908
YLR223C,YHR066W,0,0.10905826,0.11413852125406265,0.996999979019165,0.7738000154495239
YLR181C,YDL198C,0,0.108850956,0.11412546038627625,0.996999979019165,0.7738999724388123
YLL014W,YDL130W,0,0.107438445,0.11411239206790924,0.996999979019165,0.7739999890327454
YNL243W,YDR248C,0,0.107167006,0.11409933865070343,0.996999979019165,0.7741000056266785
YLL017W,YOR393W,0,0.10713327,0.11408627778291702,0.996999979019165,0.7742000222206116
YFL004W,YDR007W,0,0.10592699,0.11407322436571121,0.996999979019165,0.7742999792098999
YOR049C,YDL139C,0,0.10560143,0.114060178399086,0.996999979019165,0.774399995803833
YDR174W,YOL071W,0,0.105172634,0.11404713243246078,0.996999979019165,0.7745000123977661
YBR059C,YOR157C,0,0.10461497,0.11403408646583557,0.996999979019165,0.7746000289916992
YMR049C,YPR001W,0,0.10428333,0.11402104049921036,0.996999979019165,0.7746999859809875
YHR114W,YJL005W,0,0.103262424,0.11400800198316574,0.996999979019165,0.7748000025749207
YPL189C-A,YKL175W,0,0.10316837,0.11399497091770172,0.996999979019165,0.7749000191688538
YLL018C,YML073C,0,0.103015065,0.1139819398522377,0.996999979019165,0.7749999761581421
YGL059W,YNL077W,0,0.101237416,0.11396890878677368,0.996999979019165,0.7750999927520752
YDR034C,YHL006C,0,0.100803375,0.11395587772130966,0.996999979019165,0.7752000093460083
YDL229W,YHR025W,0,0.10049379,0.11394285410642624,0.996999979019165,0.7753000259399414
YGL161C,YPL274W,0,0.09995866,0.11392983794212341,0.996999979019165,0.7753999829292297
YJL174W,YBR169C,0,0.0994575,0.11391682177782059,0.996999979019165,0.7754999995231628
YOR358W,YLR425W,0,0.09921825,0.11390380561351776,0.996999979019165,0.775600016117096
YLR382C,YLR450W,0,0.09655714,0.11389078944921494,0.996999979019165,0.7756999731063843
YPR125W,YNR053C,0,0.095502734,0.1138777807354927,0.996999979019165,0.7757999897003174
YNL048W,YOR103C,0,0.09309149,0.11386477947235107,0.996999979019165,0.7759000062942505
YNL095C,YCR086W,0,0.09304762,0.11385177820920944,0.996999979019165,0.7760000228881836
YDR365C,YCR060W,0,0.092642784,0.11383877694606781,0.996999979019165,0.7760999798774719
YMR225C,YPL198W,0,0.09250152,0.11382577568292618,0.996999979019165,0.776199996471405
YDR172W,YOR098C,0,0.09213865,0.11381278187036514,0.996999979019165,0.7763000130653381
YFL038C,YJR134C,0,0.091882825,0.1137997955083847,0.996999979019165,0.7764000296592712
YPL143W,YJR029W,0,0.09157848,0.11378680914640427,0.996999979019165,0.7764999866485596
YPL226W,YER074W,0,0.08949649,0.11377382278442383,0.996999979019165,0.7766000032424927
YGL180W,YLR143W,0,0.088961124,0.11376083642244339,0.996999979019165,0.7767000198364258
YNR022C,YDL111C,0,0.087269664,0.11374785751104355,0.996999979019165,0.7767999768257141
YMR099C,YDR003W,0,0.08651924,0.1137348860502243,0.996999979019165,0.7768999934196472
YDR378C,YER013W,0,0.08476317,0.11372191458940506,0.996999979019165,0.7770000100135803
YLR394W,YGL046W,0,0.08474553,0.11370894312858582,0.996999979019165,0.7771000266075134
YJL069C,YDL223C,0,0.08438647,0.11369597166776657,0.996999979019165,0.7771999835968018
YJR107W,YPR167C,0,0.083717585,0.11368300765752792,0.996999979019165,0.7773000001907349
YGL019W,YGR177C,0,0.08273399,0.11367005109786987,0.996999979019165,0.777400016784668
YOR228C,YGR024C,0,0.082420826,0.11365708708763123,0.996999979019165,0.7774999737739563
YPL131W,YOR326W,0,0.08198631,0.11364413797855377,0.996999979019165,0.7775999903678894
YML100W,YDR179C,0,0.07891548,0.11363118141889572,0.996999979019165,0.7777000069618225
YDR117C,YGL229C,0,0.07869673,0.11361823230981827,0.996999979019165,0.7778000235557556
YDR393W,YMR292W,0,0.07843697,0.11360529065132141,0.996999979019165,0.777899980545044
YMR204C,YMR156C,0,0.078433275,0.11359234154224396,0.996999979019165,0.777999997138977
YIL137C,YBL064C,0,0.078387976,0.1135793998837471,0.996999979019165,0.7781000137329102
YER139C,YNL138W,0,0.07829535,0.11356646567583084,0.996999979019165,0.7781999707221985
YDL135C,YCL052C,0,0.0778414,0.11355353146791458,0.996999979019165,0.7782999873161316
YGL233W,YMR264W,0,0.07761884,0.11354059725999832,0.996999979019165,0.7784000039100647
YIL160C,YBR121C,0,0.077617526,0.11352767050266266,0.996999979019165,0.7785000205039978
YDR101C,YBL068W,0,0.076746345,0.113514743745327,0.996999979019165,0.7785999774932861
YLR097C,YGL027C,0,0.076597095,0.11350182443857193,0.996999979019165,0.7786999940872192
YBR170C,YPL262W,0,0.076268554,0.11348890513181686,0.996999979019165,0.7788000106811523
YFR007W,YDR285W,0,0.07591236,0.1134759858250618,0.996999979019165,0.7789000272750854
YJL157C,YMR319C,0,0.07535207,0.11346307396888733,0.996999979019165,0.7789999842643738
YER060W-A,YHR035W,0,0.07520759,0.11345016211271286,0.996999979019165,0.7791000008583069
YER020W,YIR025W,0,0.07513273,0.11343725025653839,0.996999979019165,0.77920001745224
YAR009C,YLR115W,0,0.07442427,0.11342434585094452,0.996999979019165,0.7792999744415283
YML021C,YJR027W,0,0.074311376,0.11341144144535065,0.996999979019165,0.7793999910354614
YBR016W,YLR157C,0,0.07348204,0.11339854449033737,0.996999979019165,0.7795000076293945
YLL016W,YNL015W,0,0.073204875,0.1133856475353241,0.996999979019165,0.7796000242233276
YGR080W,YDR328C,0,0.07319629,0.11337275058031082,0.996999979019165,0.779699981212616
YGR171C,YDR531W,0,0.07292676,0.11335986107587814,0.996999979019165,0.7797999978065491
YLR026C,YCL047C,0,0.07278633,0.11334697902202606,0.996999979019165,0.7799000144004822
YBR208C,YKL195W,0,0.072752595,0.11333408951759338,0.996999979019165,0.7799999713897705
YDR287W,YMR192W,0,0.07259512,0.1133212074637413,0.996999979019165,0.7800999879837036
YOR156C,YPL176C,0,0.072386265,0.11330833286046982,0.996999979019165,0.7802000045776367
YOR036W,YML092C,0,0.07160616,0.11329545825719833,0.996999979019165,0.7803000211715698
YJL162C,YPL163C,0,0.07137847,0.11328258365392685,0.996999979019165,0.7803999781608582
YPR049C,YER140W,0,0.0713284,0.11326970905065536,0.996999979019165,0.7804999947547913
YHL050C,YDL121C,0,0.07103884,0.11325684189796448,0.996999979019165,0.7806000113487244
YLR441C,YDL030W,0,0.070304394,0.11324398219585419,0.996999979019165,0.7807000279426575
YBR119W,YEL013W,0,0.06995916,0.1132311150431633,0.996999979019165,0.7807999849319458
YPL103C,YLL053C,0,0.069434285,0.1132182627916336,0.996999979019165,0.7809000015258789
YPL095C,YDR270W,0,0.06873429,0.11320540308952332,0.996999979019165,0.781000018119812
YML043C,YPL117C,0,0.0676527,0.11319255083799362,0.996999979019165,0.7810999751091003
YML070W,YGR017W,0,0.067555785,0.11317970603704453,0.996999979019165,0.7811999917030334
YDL198C,YFR024C,0,0.0668565,0.11316685378551483,0.996999979019165,0.7813000082969666
YFR030W,YNL189W,0,0.06678903,0.11315400898456573,0.996999979019165,0.7814000248908997
YHR073W,YKR028W,0,0.06621921,0.11314117163419724,0.996999979019165,0.781499981880188
YAR002C-A,YDL211C,0,0.065449834,0.11312833428382874,0.996999979019165,0.7815999984741211
YBR115C,YER060W-A,0,0.0649358,0.11311549693346024,0.996999979019165,0.7817000150680542
YLR038C,YJL180C,0,0.06450486,0.11310266703367233,0.996999979019165,0.7817999720573425
YHR143W,YOR060C,0,0.0639267,0.11308983713388443,0.996999979019165,0.7818999886512756
YDR226W,YDR317W,0,0.062570095,0.11307700723409653,0.996999979019165,0.7820000052452087
YGL098W,YDL121C,0,0.061967373,0.11306418478488922,0.996999979019165,0.7821000218391418
YJR118C,YER015W,0,0.06180799,0.11305136978626251,0.996999979019165,0.7821999788284302
YLR440C,YDR444W,0,0.061591983,0.1130385473370552,0.996999979019165,0.7822999954223633
YGR174C,YDL091C,0,0.06140971,0.1130257323384285,0.996999979019165,0.7824000120162964
YDR261C,YGR143W,0,0.059713006,0.11301292479038239,0.996999979019165,0.7825000286102295
YMR240C,YOL109W,0,0.058962345,0.11300010979175568,0.996999979019165,0.7825999855995178
YKR030W,YGL151W,0,0.058115363,0.11298730969429016,0.996999979019165,0.7827000021934509
YDR367W,YDR137W,0,0.057851672,0.11297450214624405,0.996999979019165,0.782800018787384
YKR094C,YJL044C,0,0.05779624,0.11296170204877853,0.996999979019165,0.7828999757766724
YIL027C,YJR145C,0,0.05691576,0.11294890940189362,0.996999979019165,0.7829999923706055
YML034W,YBL022C,0,0.056852937,0.1129361093044281,0.996999979019165,0.7831000089645386
YDL012C,YDR289C,0,0.056531906,0.11292332410812378,0.996999979019165,0.7832000255584717
YPR048W,YNR050C,0,0.056514144,0.11291053146123886,0.996999979019165,0.78329998254776
YML009C,YKL045W,0,0.05621159,0.11289774626493454,0.996999979019165,0.7833999991416931
YMR081C,YDR405W,0,0.055407286,0.11288496106863022,0.996999979019165,0.7835000157356262
YDR080W,YHR214C-B,0,0.054988742,0.1128721833229065,0.996999979019165,0.7835999727249146
YEL016C,YNL247W,0,0.054700017,0.11285940557718277,0.996999979019165,0.7836999893188477
YIL108W,YFR052W,0,0.05352533,0.11284663528203964,0.996999979019165,0.7838000059127808
YPL056C,YLL018C-A,0,0.052826643,0.11283386498689651,0.996999979019165,0.7839000225067139
YHR122W,YBR261C,0,0.052651167,0.11282109469175339,0.996999979019165,0.7839999794960022
YHL035C,YGL045W,0,0.050616145,0.11280832439661026,0.996999979019165,0.7840999960899353
YDL149W,YCR045C,0,0.050533175,0.11279556155204773,0.996999979019165,0.7842000126838684
YNL092W,YCR012W,0,0.049938798,0.1127828061580658,0.996999979019165,0.7843000292778015
YLR288C,YML096W,0,0.04989302,0.11277005076408386,0.996999979019165,0.7843999862670898
YPL100W,YPL225W,0,0.04964006,0.11275729537010193,0.996999979019165,0.784500002861023
YGR142W,YPR030W,0,0.049354196,0.11274454742670059,0.996999979019165,0.784600019454956
YLR247C,YBL103C,0,0.049179316,0.11273179203271866,0.996999979019165,0.7846999764442444
YMR093W,YHR190W,0,0.04692197,0.11271905153989792,0.996999979019165,0.7847999930381775
YPL220W,YIL014W,0,0.04494202,0.11270631104707718,0.996999979019165,0.7849000096321106
YMR038C,YML045W,0,0.044702172,0.11269357055425644,0.996999979019165,0.7850000262260437
YMR304W,YPL076W,0,0.043794155,0.1126808300614357,0.996999979019165,0.785099983215332
YIL020C,YPL043W,0,0.043083668,0.11266809701919556,0.996999979019165,0.7851999998092651
YHL026C,YMR114C,0,0.04290116,0.11265536397695541,0.996999979019165,0.7853000164031982
YAL020C,YML045W,0,0.04236853,0.11264263838529587,0.996999979019165,0.7853999733924866
YDL229W,YHR046C,0,0.041887403,0.11262991279363632,0.996999979019165,0.7854999899864197
YPL092W,YDR478W,0,0.04144001,0.11261719465255737,0.996999979019165,0.7856000065803528
YOR356W,YOR159C,0,0.041291714,0.11260446906089783,0.996999979019165,0.7857000231742859
YKL020C,YMR059W,0,0.041277766,0.11259175837039948,0.996999979019165,0.7857999801635742
YML034W,YMR300C,0,0.041177392,0.11257904022932053,0.996999979019165,0.7858999967575073
YDR393W,YHL035C,0,0.04044962,0.11256632953882217,0.996999979019165,0.7860000133514404
YPR180W,YHR171W,0,0.039769292,0.11255362629890442,0.996999979019165,0.7860999703407288
YLR163C,YDR373W,0,0.03911066,0.11254091560840607,0.996999979019165,0.7861999869346619
YDR469W,YOR206W,0,0.038764358,0.11252821981906891,0.996999979019165,0.786300003528595
YJR027W,YPR081C,0,0.038164854,0.11251551657915115,0.996999979019165,0.7864000201225281
YNL216W,YOL098C,0,0.03802252,0.112502820789814,0.996999979019165,0.7864999771118164
YBR153W,YER082C,0,0.036590457,0.11249012500047684,0.996999979019165,0.7865999937057495
YGR218W,YBR159W,0,0.036389112,0.11247743666172028,0.996999979019165,0.7867000102996826
YHL016C,YBR271W,0,0.036087513,0.11246474832296371,0.996999979019165,0.7868000268936157
YCR010C,YJL181W,0,0.035782576,0.11245206743478775,0.996999979019165,0.786899983882904
YNL280C,YCL036W,0,0.035066366,0.11243937909603119,0.996999979019165,0.7870000004768372
YOR071C,YBL005W-B,0,0.03484142,0.11242670565843582,0.996999979019165,0.7871000170707703
YFR010W,YOR016C,0,0.034217715,0.11241402477025986,0.996999979019165,0.7871999740600586
YKR099W,YOR291W,0,0.033940673,0.11240135133266449,0.996999979019165,0.7872999906539917
YDR326C,YHR001W-A,0,0.033225894,0.11238868534564972,0.996999979019165,0.7874000072479248
YNR017W,YOR014W,0,0.032491803,0.11237601190805435,0.996999979019165,0.7875000238418579
YBR181C,YPR198W,0,0.03207302,0.11236334592103958,0.996999979019165,0.7875999808311462
YOL155C,YPL271W,0,0.031902194,0.11235068738460541,0.996999979019165,0.7876999974250793
YIL177C,YOR057W,0,0.030233145,0.11233802884817123,0.996999979019165,0.7878000140190125
YNR004W,YCR011C,0,0.029279828,0.11232537031173706,0.996999979019165,0.7878999710083008
YCL025C,YGL180W,0,0.0291394,0.11231271922588348,0.996999979019165,0.7879999876022339
YPR067W,YNL110C,0,0.028392196,0.11230006814002991,0.996999979019165,0.788100004196167
YGL039W,YEL006W,0,0.028246284,0.11228741705417633,0.996999979019165,0.7882000207901001
YDR047W,YLR074C,0,0.027770042,0.11227477341890335,0.996999979019165,0.7882999777793884
YHR114W,YER137C,0,0.02636969,0.11226212978363037,0.996999979019165,0.7883999943733215
YBR286W,YER027C,0,0.025715113,0.11224949359893799,0.996999979019165,0.7885000109672546
YDL040C,YDR444W,0,0.025409222,0.1122368574142456,0.996999979019165,0.7886000275611877
YNL181W,YNL207W,0,0.024843454,0.11222422122955322,0.996999979019165,0.7886999845504761
YML133C,YER100W,0,0.024603724,0.11221159249544144,0.996999979019165,0.7888000011444092
YJL172W,YNL138W-A,0,0.024090648,0.11219896376132965,0.996999979019165,0.7889000177383423
YAL016W,YER063W,0,0.024054766,0.11218634247779846,0.996999979019165,0.7889999747276306
YHR108W,YOR338W,0,0.023768187,0.11217371374368668,0.996999979019165,0.7890999913215637
YBL064C,YOR090C,0,0.02352631,0.11216109991073608,0.996999979019165,0.7892000079154968
YCR093W,YER175C,0,0.023462415,0.1121484786272049,0.996999979019165,0.7893000245094299
YOL111C,YIL008W,0,0.022915721,0.1121358647942543,0.996999979019165,0.7893999814987183
YBR182C,YPL013C,0,0.022557735,0.11212325841188431,0.996999979019165,0.7894999980926514
YGL064C,YGL229C,0,0.021228313,0.11211065202951431,0.996999979019165,0.7896000146865845
YNL287W,YGL135W,0,0.021169424,0.11209804564714432,0.996999979019165,0.7896999716758728
YHL050C,YJR103W,0,0.020297647,0.11208543926477432,0.996999979019165,0.7897999882698059
YGR063C,YHL025W,1,0.020222425,0.11218525469303131,0.9980000257492065,0.7897999882698059
YOR288C,YNL284C,0,0.018394113,0.11217264086008072,0.9980000257492065,0.789900004863739
YLR074C,YKL017C,0,0.01715231,0.11216003447771072,0.9980000257492065,0.7900000214576721
YLR078C,YMR188C,0,0.01657021,0.11214743554592133,0.9980000257492065,0.7900999784469604
YKR002W,YPL078C,0,0.015992165,0.11213482916355133,0.9980000257492065,0.7901999950408936
YPR005C,YDR257C,0,0.0151975155,0.11212223023176193,0.9980000257492065,0.7903000116348267
YDR045C,YKR104W,0,0.01352036,0.11210963875055313,0.9980000257492065,0.7904000282287598
YOR249C,YBL039C,0,0.012589216,0.11209704726934433,0.9980000257492065,0.7904999852180481
YJR138W,YMR237W,0,0.011779785,0.11208445578813553,0.9980000257492065,0.7906000018119812
YGL195W,YNL110C,0,0.009639263,0.11207187175750732,0.9980000257492065,0.7907000184059143
YGR142W,YDR207C,0,0.008692384,0.11205928772687912,0.9980000257492065,0.7907999753952026
YJL130C,YJR016C,0,0.008114219,0.11204670369625092,0.9980000257492065,0.7908999919891357
YJL066C,YIL006W,0,0.0078125,0.11203412711620331,0.9980000257492065,0.7910000085830688
YNL029C,YMR195W,0,0.0076943636,0.1120215505361557,0.9980000257492065,0.791100025177002
YOR230W,YGR254W,0,0.00688684,0.11200898140668869,0.9980000257492065,0.7911999821662903
YHR002W,YJL143W,0,0.006810546,0.11199641227722168,0.9980000257492065,0.7912999987602234
YBR094W,YHL008C,0,0.0064833164,0.11198384314775467,0.9980000257492065,0.7914000153541565
YMR210W,YJL212C,0,0.0058270693,0.11197128146886826,0.9980000257492065,0.7914999723434448
YDR067C,YKR100C,0,0.004792452,0.11195871978998184,0.9980000257492065,0.7915999889373779
YBR170C,YGL083W,0,0.0040658712,0.11194615811109543,0.9980000257492065,0.791700005531311
YDR361C,YGL107C,0,0.003141284,0.11193360388278961,0.9980000257492065,0.7918000221252441
YLR467W,YBR272C,0,0.001783967,0.1119210496544838,0.9980000257492065,0.7918999791145325
YLR154C,YLR433C,0,0.0011216402,0.11190850287675858,0.9980000257492065,0.7919999957084656
YMR241W,YLR370C,0,0.0010915995,0.11189595609903336,0.9980000257492065,0.7921000123023987
YJL186W,YNL283C,0,0.00089395046,0.11188340932130814,0.9980000257492065,0.7922000288963318
YDR046C,YLR268W,0,0.0002810955,0.11187086999416351,0.9980000257492065,0.7922999858856201
YPR098C,YER036C,0,-0.000192523,0.11185833066701889,0.9980000257492065,0.7924000024795532
YMR149W,YKL067W,0,-0.0004825592,0.11184579133987427,0.9980000257492065,0.7925000190734863
YOR297C,YOR285W,0,-0.0009715557,0.11183325946331024,0.9980000257492065,0.7925999760627747
YLR343W,YIL033C,0,-0.0013524294,0.11182072758674622,0.9980000257492065,0.7926999926567078
YPL207W,YLR299W,0,-0.001757741,0.11180820316076279,0.9980000257492065,0.7928000092506409
YDL059C,YHR069C,0,-0.0031160116,0.11179567873477936,0.9980000257492065,0.792900025844574
YGR288W,YBR128C,0,-0.0034035444,0.11178315430879593,0.9980000257492065,0.7929999828338623
YMR013C,YKR093W,0,-0.0037276745,0.1117706373333931,0.9980000257492065,0.7930999994277954
YOL108C,YPR096C,0,-0.003844738,0.11175812035799026,0.9980000257492065,0.7932000160217285
YJL172W,YER070W,0,-0.0040011406,0.11174560338258743,0.9980000257492065,0.7932999730110168
YMR282C,YER142C,0,-0.0045725107,0.1117330938577652,0.9980000257492065,0.79339998960495
YPR003C,YDR121W,0,-0.006185651,0.11172058433294296,0.9980000257492065,0.7935000061988831
YNR035C,YNR007C,0,-0.0064760447,0.11170808225870132,0.9980000257492065,0.7936000227928162
YNL095C,YKR057W,0,-0.007271886,0.11169558018445969,0.9980000257492065,0.7936999797821045
YDL021W,YNL250W,0,-0.0073531866,0.11168307811021805,0.9980000257492065,0.7937999963760376
YHR006W,YDR239C,0,-0.0075621605,0.111670583486557,0.9980000257492065,0.7939000129699707
YOR372C,YER045C,0,-0.008272171,0.11165808886289597,0.9980000257492065,0.7940000295639038
YDR347W,YJL096W,0,-0.008473635,0.11164559423923492,0.9980000257492065,0.7940999865531921
YDL148C,YBR015C,0,-0.008934855,0.11163310706615448,0.9980000257492065,0.7942000031471252
YOR215C,YLR390W-A,0,-0.00958693,0.11162062734365463,0.9980000257492065,0.7943000197410583
YOR044W,YLR026C,0,-0.010465741,0.11160814017057419,0.9980000257492065,0.7943999767303467
YNL055C,YHR147C,0,-0.011187077,0.11159566044807434,0.9980000257492065,0.7944999933242798
YKL194C,YKL056C,0,-0.01157558,0.1115831807255745,0.9980000257492065,0.7946000099182129
YPL223C,YPL135W,0,-0.012596965,0.11157070845365524,0.9980000257492065,0.794700026512146
YBL024W,YHR214W,0,-0.015694499,0.11155823618173599,0.9980000257492065,0.7947999835014343
YER052C,YDR262W,0,-0.015941381,0.11154577136039734,0.9980000257492065,0.7949000000953674
YKL095W,YKL143W,0,-0.016395688,0.11153330653905869,0.9980000257492065,0.7950000166893005
YGR241C,YKL033W,0,-0.016481757,0.11152084171772003,0.9980000257492065,0.7950999736785889
YPL096W,YJR054W,0,-0.017027378,0.11150837689638138,0.9980000257492065,0.795199990272522
YPL130W,YDR306C,0,-0.017145157,0.11149591952562332,0.9980000257492065,0.7953000068664551
YHR193C,YBR214W,0,-0.017400622,0.11148346960544586,0.9980000257492065,0.7954000234603882
YGL003C,YBR168W,0,-0.017462373,0.1114710122346878,0.9980000257492065,0.7954999804496765
YOL019W,YGL128C,0,-0.018145323,0.11145856231451035,0.9980000257492065,0.7955999970436096
YOR304C-A,YGR241C,0,-0.019338965,0.11144611984491348,0.9980000257492065,0.7957000136375427
YLL016W,YOR132W,0,-0.01941204,0.11143367737531662,0.9980000257492065,0.795799970626831
YER184C,YBR268W,0,-0.019425988,0.11142123490571976,0.9980000257492065,0.7958999872207642
YCL075W,YNR020C,0,-0.01994741,0.11140879988670349,0.9980000257492065,0.7960000038146973
YBR213W,YFL039C,0,-0.021082401,0.11139636486768723,0.9980000257492065,0.7961000204086304
YMR168C,YLL066C,0,-0.021746874,0.11138392984867096,0.9980000257492065,0.7961999773979187
YOL107W,YJR035W,0,-0.022393346,0.11137150228023529,0.9980000257492065,0.7962999939918518
YLR127C,YIL083C,0,-0.022498965,0.11135907471179962,0.9980000257492065,0.7964000105857849
YNL166C,YIR039C,0,-0.024199843,0.11134664714336395,0.9980000257492065,0.796500027179718
YOR261C,YMR217W,0,-0.02442813,0.11133422702550888,0.9980000257492065,0.7965999841690063
YPL056C,YMR078C,0,-0.02509582,0.11132180690765381,0.9980000257492065,0.7967000007629395
YNL216W,YLR214W,0,-0.025099993,0.11130939424037933,0.9980000257492065,0.7968000173568726
YER036C,YOL098C,0,-0.025382161,0.11129697412252426,0.9980000257492065,0.7968999743461609
YKR075C,YBL113C,0,-0.026068449,0.11128456890583038,0.9980000257492065,0.796999990940094
YJL109C,YJL129C,0,-0.026242733,0.11127215623855591,0.9980000257492065,0.7971000075340271
YAR010C,YOR060C,0,-0.026621222,0.11125975102186203,0.9980000257492065,0.7972000241279602
YKL087C,YMR118C,0,-0.027516484,0.11124735325574875,0.9980000257492065,0.7972999811172485
YCL034W,YLL012W,0,-0.027960658,0.11123495548963547,0.9980000257492065,0.7973999977111816
YLR389C,YBR095C,0,-0.028129935,0.11122255772352219,0.9980000257492065,0.7975000143051147
YPR105C,YAR031W,0,-0.030333638,0.1112101599574089,0.9980000257492065,0.7975999712944031
YDR169C,YBR282W,0,-0.030655503,0.11119776964187622,0.9980000257492065,0.7976999878883362
YJR053W,YMR286W,0,-0.030694842,0.11118538677692413,0.9980000257492065,0.7978000044822693
YJR063W,YAL054C,0,-0.03100264,0.11117299646139145,0.9980000257492065,0.7979000210762024
YOL147C,YAL023C,0,-0.031242967,0.11116061359643936,0.9980000257492065,0.7979999780654907
YJR034W,YOL061W,0,-0.033707976,0.11114823818206787,0.9980000257492065,0.7980999946594238
YHR157W,YHR020W,0,-0.034551024,0.11113585531711578,0.9980000257492065,0.7982000112533569
YNL062C,YDR139C,0,-0.03488016,0.1111234799027443,0.9980000257492065,0.79830002784729
YBL039C,YPL117C,0,-0.038841844,0.1111111119389534,0.9980000257492065,0.7983999848365784
YHR132C,YHL031C,0,-0.040073752,0.1110987439751625,0.9980000257492065,0.7985000014305115
YMR313C,YOL080C,0,-0.040373206,0.11108637601137161,0.9980000257492065,0.7986000180244446
YLR295C,YNL180C,0,-0.04055369,0.11107401549816132,0.9980000257492065,0.7986999750137329
YHR106W,YMR025W,0,-0.04144466,0.11106165498495102,0.9980000257492065,0.798799991607666
YAL068C,YDR146C,0,-0.04228556,0.11104929447174072,0.9980000257492065,0.7989000082015991
YLR356W,YNL185C,0,-0.042506337,0.11103694140911102,0.9980000257492065,0.7990000247955322
YKL145W,YBR024W,0,-0.042712808,0.11102458834648132,0.9980000257492065,0.7990999817848206
YOL147C,YFR045W,0,-0.04276049,0.11101223528385162,0.9980000257492065,0.7991999983787537
YNL297C,YFR007W,0,-0.043236136,0.11099988967180252,0.9980000257492065,0.7993000149726868
YBR149W,YDR096W,0,-0.044129014,0.11098754405975342,0.9980000257492065,0.7993999719619751
YOR123C,YNL122C,0,-0.044192195,0.11097520589828491,0.9980000257492065,0.7994999885559082
YLR097C,YKR044W,0,-0.044974685,0.1109628677368164,0.9980000257492065,0.7996000051498413
YPR127W,YNL288W,0,-0.04547584,0.1109505295753479,0.9980000257492065,0.7997000217437744
YMR171C,YJL053W,0,-0.0462178,0.1109381914138794,0.9980000257492065,0.7997999787330627
YNL115C,YJR076C,0,-0.047374845,0.11092586070299149,0.9980000257492065,0.7998999953269958
YDR038C,YNL175C,0,-0.04891002,0.11091353744268417,0.9980000257492065,0.800000011920929
YER168C,YGR017W,0,-0.0493896,0.11090121418237686,0.9980000257492065,0.8001000285148621
YPL006W,YKL134C,0,-0.04955876,0.11088889092206955,0.9980000257492065,0.8001999855041504
YOR297C,YNL161W,0,-0.050991774,0.11087656766176224,0.9980000257492065,0.8003000020980835
YDR430C,YNR061C,0,-0.052986026,0.11086425185203552,0.9980000257492065,0.8004000186920166
YBR141C,YBR175W,0,-0.05349934,0.11085193604230881,0.9980000257492065,0.8004999756813049
YOL154W,YLR370C,0,-0.053771853,0.11083962768316269,0.9980000257492065,0.800599992275238
YML125C,YLR414C,0,-0.05559635,0.11082731932401657,0.9980000257492065,0.8007000088691711
YPL028W,YOR243C,0,-0.05623758,0.11081501096487045,0.9980000257492065,0.8008000254631042
YDL040C,YPL215W,0,-0.05682516,0.11080271005630493,0.9980000257492065,0.8008999824523926
YGL030W,YEL031W,0,-0.05722952,0.11079040914773941,0.9980000257492065,0.8009999990463257
YDR465C,YDR297W,0,-0.058050394,0.11077810823917389,0.9980000257492065,0.8011000156402588
YKL081W,YPR167C,0,-0.058469653,0.11076581478118896,0.9980000257492065,0.8011999726295471
YMR232W,YLR126C,0,-0.059488058,0.11075352132320404,0.9980000257492065,0.8012999892234802
YPL139C,YGL035C,0,-0.060423493,0.11074123531579971,0.9980000257492065,0.8014000058174133
YOR027W,YLR172C,0,-0.06043625,0.11072894930839539,0.9980000257492065,0.8015000224113464
YGR174C,YJL225C,0,-0.060528755,0.11071666330099106,0.9980000257492065,0.8015999794006348
YGR266W,YBL020W,0,-0.061123252,0.11070438474416733,0.9980000257492065,0.8016999959945679
YPL206C,YPL176C,0,-0.061153293,0.1106921061873436,0.9980000257492065,0.801800012588501
YIL064W,YGR046W,0,-0.06156242,0.11067982763051987,0.9980000257492065,0.8019000291824341
YHR069C,YLR019W,0,-0.061772704,0.11066755652427673,0.9980000257492065,0.8019999861717224
YJL212C,YOR393W,0,-0.061818242,0.1106552854180336,0.9980000257492065,0.8021000027656555
YNL161W,YDL142C,0,-0.062458634,0.11064301431179047,0.9980000257492065,0.8022000193595886
YOR356W,YDL051W,0,-0.06252015,0.11063075065612793,0.9980000257492065,0.802299976348877
YDR189W,YLR220W,0,-0.06335163,0.1106184870004654,0.9980000257492065,0.8023999929428101
YKL048C,YCR030C,0,-0.06369436,0.11060623079538345,0.9980000257492065,0.8025000095367432
YPR072W,YKL067W,0,-0.06381142,0.11059397459030151,0.9980000257492065,0.8026000261306763
YGR211W,YOR311C,0,-0.06467283,0.11058171838521957,0.9980000257492065,0.8026999831199646
YBR078W,YJR029W,0,-0.065744996,0.11056946963071823,0.9980000257492065,0.8027999997138977
YNL219C,YPL119C,0,-0.06586659,0.11055722087621689,0.9980000257492065,0.8029000163078308
YDR256C,YLR289W,0,-0.066221714,0.11054497212171555,0.9980000257492065,0.8029999732971191
YKL205W,YJR054W,0,-0.0679903,0.1105327308177948,0.9980000257492065,0.8030999898910522
YDR040C,YNR019W,0,-0.06862223,0.11052048951387405,0.9980000257492065,0.8032000064849854
YBL112C,YKL074C,0,-0.06948173,0.11050824820995331,0.9980000257492065,0.8033000230789185
YJR119C,YMR226C,0,-0.07227957,0.11049601435661316,0.9980000257492065,0.8033999800682068
YGR181W,YLR333C,0,-0.07292783,0.11048378050327301,0.9980000257492065,0.8034999966621399
YIL124W,YFR001W,0,-0.07360864,0.11047155410051346,0.9980000257492065,0.803600013256073
YLR203C,YOR048C,0,-0.07367849,0.1104593276977539,0.9980000257492065,0.8036999702453613
YGL139W,YCL014W,0,-0.07404649,0.11044710129499435,0.9980000257492065,0.8037999868392944
YIL096C,YBR205W,0,-0.07529199,0.1104348823428154,0.9980000257492065,0.8039000034332275
YDR239C,YNL214W,0,-0.07531154,0.11042266339063644,0.9980000257492065,0.8040000200271606
YJR066W,YDL033C,0,-0.07612383,0.11041044443845749,0.9980000257492065,0.804099977016449
YOR356W,YFR031C,0,-0.07616651,0.11039823293685913,0.9980000257492065,0.8041999936103821
YIL020C,YBR093C,0,-0.0763458,0.11038602143526077,0.9980000257492065,0.8043000102043152
YBR267W,YJR139C,0,-0.076397896,0.11037380993366241,0.9980000257492065,0.8044000267982483
YNR061C,YJR139C,0,-0.076734066,0.11036160588264465,0.9980000257492065,0.8044999837875366
YDR229W,YNL156C,0,-0.077986956,0.11034940183162689,0.9980000257492065,0.8046000003814697
YKR020W,YCL063W,0,-0.07845986,0.11033720523118973,0.9980000257492065,0.8047000169754028
YMR128W,YDR178W,0,-0.07875383,0.11032500863075256,0.9980000257492065,0.8047999739646912
YBR297W,YIL125W,0,-0.078968525,0.1103128120303154,0.9980000257492065,0.8048999905586243
YNR071C,YLR350W,0,-0.08122325,0.11030061542987823,0.9980000257492065,0.8050000071525574
YHR116W,YBR091C,0,-0.081348896,0.11028842628002167,0.9980000257492065,0.8051000237464905
YIL138C,YBR183W,0,-0.081656456,0.1102762445807457,0.9980000257492065,0.8051999807357788
YDL019C,YPR008W,0,-0.08349848,0.11026406288146973,0.9980000257492065,0.8052999973297119
YER087C-B,YLR466W,0,-0.084774494,0.11025188118219376,0.9980000257492065,0.805400013923645
YPL186C,YPL093W,0,-0.085108995,0.11023969948291779,0.9980000257492065,0.8054999709129333
YDR330W,YMR276W,0,-0.08606577,0.11022752523422241,0.9980000257492065,0.8055999875068665
YMR306W,YBL068W,0,-0.08623397,0.11021535098552704,0.9980000257492065,0.8057000041007996
YML081W,YER180C,0,-0.08670175,0.11020317673683167,0.9980000257492065,0.8058000206947327
YDR218C,YMR301C,0,-0.08788812,0.11019100993871689,0.9980000257492065,0.805899977684021
YGR001C,YNL161W,0,-0.08927333,0.11017885059118271,0.9980000257492065,0.8059999942779541
YJR022W,YNL036W,0,-0.0900954,0.11016668379306793,0.9980000257492065,0.8061000108718872
YNL096C,YJL078C,0,-0.09121728,0.11015452444553375,0.9980000257492065,0.8062000274658203
YDR052C,YGL027C,0,-0.09212315,0.11014236509799957,0.9980000257492065,0.8062999844551086
YOR251C,YDR386W,0,-0.09322345,0.11013021320104599,0.9980000257492065,0.8064000010490417
YDR322W,YGL155W,0,-0.09329188,0.11011806130409241,0.9980000257492065,0.8065000176429749
YMR319C,YJR160C,0,-0.09366655,0.11010591685771942,0.9980000257492065,0.8065999746322632
YBR238C,YPL059W,0,-0.093682766,0.11009376496076584,0.9980000257492065,0.8066999912261963
YAR035W,YNL306W,0,-0.09503877,0.11008162051439285,0.9980000257492065,0.8068000078201294
YDR196C,YEL041W,0,-0.09515011,0.11006948351860046,0.9980000257492065,0.8069000244140625
YMR145C,YDL109C,0,-0.0959878,0.11005734652280807,0.9980000257492065,0.8069999814033508
YJR052W,YNR055C,0,-0.09658885,0.11004520952701569,0.9980000257492065,0.8070999979972839
YGR044C,YPL110C,0,-0.09700143,0.1100330725312233,0.9980000257492065,0.807200014591217
YPR063C,YLL043W,0,-0.09733987,0.1100209429860115,0.9980000257492065,0.8072999715805054
YFR050C,YEL005C,0,-0.09755492,0.11000882089138031,0.9980000257492065,0.8073999881744385
YDL033C,YPL215W,0,-0.09798443,0.10999669134616852,0.9980000257492065,0.8075000047683716
YGL049C,YJL005W,0,-0.0980804,0.10998456925153732,0.9980000257492065,0.8076000213623047
YPR194C,YMR166C,0,-0.09883869,0.10997245460748672,0.9980000257492065,0.807699978351593
YDR284C,YGR216C,0,-0.100673795,0.10996033251285553,0.9980000257492065,0.8077999949455261
YPL143W,YGR017W,0,-0.10074973,0.10994821786880493,0.9980000257492065,0.8079000115394592
YDL021W,YKL028W,0,-0.10255802,0.10993611067533493,0.9980000257492065,0.8080000281333923
YKR054C,YER185W,0,-0.103557944,0.10992400348186493,0.9980000257492065,0.8080999851226807
YPL056C,YHR175W,0,-0.1036042,0.10991189628839493,0.9980000257492065,0.8082000017166138
YBR065C,YCL050C,0,-0.103910565,0.10989978909492493,0.9980000257492065,0.8083000183105469
YER029C,YGR295C,0,-0.104026556,0.10988768935203552,0.9980000257492065,0.8083999752998352
YHL004W,YOR191W,0,-0.10427964,0.10987558960914612,0.9980000257492065,0.8084999918937683
YOR180C,YOR096W,0,-0.10499334,0.10986349731683731,0.9980000257492065,0.8086000084877014
YDR189W,YPL068C,0,-0.105112195,0.1098514050245285,0.9980000257492065,0.8087000250816345
YLR060W,YPR060C,0,-0.10598457,0.1098393127322197,0.9980000257492065,0.8087999820709229
YFL061W,YOR019W,0,-0.10616112,0.10982722789049149,0.9980000257492065,0.808899998664856
YGR037C,YOL066C,0,-0.108566046,0.10981514304876328,0.9980000257492065,0.8090000152587891
YGL085W,YDR513W,0,-0.10863435,0.10980305820703506,0.9980000257492065,0.8090999722480774
YPR102C,YPR060C,0,-0.108819604,0.10979098081588745,0.9980000257492065,0.8091999888420105
YKL053C-A,YHR088W,0,-0.1088475,0.10977890342473984,0.9980000257492065,0.8093000054359436
YMR139W,YMR207C,0,-0.10893655,0.10976682603359222,0.9980000257492065,0.8094000220298767
YGR030C,YNL281W,0,-0.10988772,0.10975475609302521,0.9980000257492065,0.809499979019165
YCR098C,YPL262W,0,-0.110780835,0.10974268615245819,0.9980000257492065,0.8095999956130981
YLR142W,YDR093W,0,-0.11105049,0.10973062366247177,0.9980000257492065,0.8097000122070312
YBR065C,YOR377W,0,-0.1114862,0.10971856117248535,0.9980000257492065,0.8098000288009644
YEL017C-A,YKL141W,0,-0.11338627,0.10970649868249893,0.9980000257492065,0.8098999857902527
YLR323C,YMR319C,0,-0.113876104,0.10969443619251251,0.9980000257492065,0.8100000023841858
YLR040C,YNL293W,0,-0.11634886,0.10968238115310669,0.9980000257492065,0.8101000189781189
YKL024C,YPR100W,0,-0.11911476,0.10967032611370087,0.9980000257492065,0.8101999759674072
YNL061W,YDR434W,0,-0.11968863,0.10965827852487564,0.9980000257492065,0.8102999925613403
YEL024W,YKL063C,0,-0.1205827,0.10964623093605042,0.9980000257492065,0.8104000091552734
YOL111C,YLR187W,0,-0.12176871,0.10963418334722519,0.9980000257492065,0.8105000257492065
YGR129W,YBR082C,0,-0.12533319,0.10962214320898056,0.9980000257492065,0.8105999827384949
YGL085W,YHR114W,0,-0.12627232,0.10961010307073593,0.9980000257492065,0.810699999332428
YDR367W,YJL089W,0,-0.12649155,0.1095980703830719,0.9980000257492065,0.8108000159263611
YGL068W,YLR350W,0,-0.12806654,0.10958603024482727,0.9980000257492065,0.8108999729156494
YLR115W,YLR134W,0,-0.1280917,0.10957399755716324,0.9980000257492065,0.8109999895095825
YKL039W,YDR351W,0,-0.12866294,0.1095619723200798,0.9980000257492065,0.8111000061035156
YER023W,YBL113C,0,-0.12896216,0.10954994708299637,0.9980000257492065,0.8112000226974487
YKL081W,YEL052W,0,-0.12999594,0.10953792184591293,0.9980000257492065,0.8112999796867371
YLR403W,YPL156C,0,-0.13051617,0.1095258966088295,0.9980000257492065,0.8113999962806702
YLL053C,YIR032C,0,-0.13089478,0.10951387882232666,0.9980000257492065,0.8115000128746033
YGR220C,YBL030C,0,-0.13260126,0.10950186848640442,0.9980000257492065,0.8116000294685364
YAR010C,YJL114W,0,-0.13262308,0.10948985069990158,0.9980000257492065,0.8116999864578247
YHR185C,YMR165C,0,-0.13327885,0.10947784036397934,0.9980000257492065,0.8118000030517578
YDL208W,YBR191W,0,-0.1337117,0.1094658300280571,0.9980000257492065,0.8119000196456909
YHR009C,YMR023C,0,-0.13453138,0.10945382714271545,0.9980000257492065,0.8119999766349792
YEL016C,YML018C,0,-0.13657248,0.10944182425737381,0.9980000257492065,0.8120999932289124
YCL068C,YOL052C,0,-0.13710809,0.10942982137203217,0.9980000257492065,0.8122000098228455
YML081W,YFR018C,0,-0.1372323,0.10941782593727112,0.9980000257492065,0.8123000264167786
YOR228C,YMR063W,0,-0.13805616,0.10940583050251007,0.9980000257492065,0.8123999834060669
YHL044W,YIL009C-A,0,-0.13825595,0.10939384251832962,0.9980000257492065,0.8125
YLR299W,YJL078C,0,-0.13864577,0.10938184708356857,0.9980000257492065,0.8126000165939331
YDL055C,YAL044C,0,-0.1394397,0.10936986654996872,0.9980000257492065,0.8126999735832214
YFR018C,YNR033W,0,-0.14082396,0.10935787856578827,0.9980000257492065,0.8127999901771545
YNL240C,YNL210W,0,-0.14155054,0.10934589803218842,0.9980000257492065,0.8129000067710876
YDR482C,YLR074C,0,-0.1437751,0.10933391749858856,0.9980000257492065,0.8130000233650208
YIL039W,YDL121C,0,-0.1438967,0.1093219444155693,0.9980000257492065,0.8130999803543091
YJL149W,YJL173C,0,-0.144382,0.10930996388196945,0.9980000257492065,0.8131999969482422
YMR304W,YLL014W,0,-0.1458894,0.10929799824953079,0.9980000257492065,0.8133000135421753
YGL026C,YKL158W,0,-0.14613962,0.10928602516651154,0.9980000257492065,0.8133999705314636
YOR027W,YPR108W,0,-0.1464845,0.10927405953407288,0.9980000257492065,0.8134999871253967
YNL190W,YPL193W,0,-0.14664388,0.10926210135221481,0.9980000257492065,0.8136000037193298
YKL150W,YJL128C,0,-0.14679563,0.10925013571977615,0.9980000257492065,0.8137000203132629
YMR180C,YPL099C,0,-0.14682627,0.10923817753791809,0.9980000257492065,0.8137999773025513
YDR246W,YAL016W,0,-0.14786422,0.10922621935606003,0.9980000257492065,0.8138999938964844
YFL041W,YPL004C,0,-0.1483705,0.10921426862478256,0.9980000257492065,0.8140000104904175
YKL053C-A,YIL056W,0,-0.14958441,0.1092023178935051,0.9980000257492065,0.8141000270843506
YDR359C,YLR238W,0,-0.15048873,0.10919037461280823,0.9980000257492065,0.8141999840736389
YFR045W,YOR285W,0,-0.1511594,0.10917842388153076,0.9980000257492065,0.814300000667572
YDR490C,YDR441C,0,-0.15207314,0.10916648805141449,0.9980000257492065,0.8144000172615051
YJR015W,YDL215C,0,-0.15307796,0.10915454477071762,0.9980000257492065,0.8144999742507935
YOR378W,YOL145C,0,-0.15382993,0.10914260894060135,0.9980000257492065,0.8145999908447266
YML096W,YHL038C,0,-0.15544498,0.10913067311048508,0.9980000257492065,0.8147000074386597
YGR104C,YMR250W,0,-0.15651524,0.1091187372803688,0.9980000257492065,0.8148000240325928
YDL021W,YML023C,0,-0.1580112,0.10910680890083313,0.9980000257492065,0.8148999810218811
YMR314W,YLR299W,0,-0.15925944,0.10909488052129745,0.9980000257492065,0.8149999976158142
YBL058W,YML005W,0,-0.15984261,0.10908295959234238,0.9980000257492065,0.8151000142097473
YMR074C,YKL110C,0,-0.15990627,0.1090710386633873,0.9980000257492065,0.8151999711990356
YNL239W,YDR018C,0,-0.16060197,0.10905911773443222,0.9980000257492065,0.8152999877929688
YGL142C,YKR061W,0,-0.16095567,0.10904720425605774,0.9980000257492065,0.8154000043869019
YOR070C,YHL026C,0,-0.16203058,0.10903529077768326,0.9980000257492065,0.815500020980835
YOR374W,YOR250C,0,-0.16212928,0.10902337729930878,0.9980000257492065,0.8155999779701233
YHR122W,YIL136W,0,-0.16256177,0.10901147127151489,0.9980000257492065,0.8156999945640564
YCR063W,YOR283W,0,-0.16399157,0.10899956524372101,0.9980000257492065,0.8158000111579895
YBR065C,YLR364W,0,-0.16504753,0.10898765921592712,0.9980000257492065,0.8159000277519226
YOL052C,YNL182C,0,-0.16621792,0.10897576063871384,0.9980000257492065,0.8159999847412109
YOR297C,YIL137C,0,-0.16662681,0.10896386206150055,0.9980000257492065,0.816100001335144
YDR012W,YGL027C,0,-0.16673052,0.10895196348428726,0.9980000257492065,0.8162000179290771
YHR132C,YGL094C,0,-0.16726232,0.10894007235765457,0.9980000257492065,0.8162999749183655
YCL074W,YKL089W,0,-0.16731822,0.10892818123102188,0.9980000257492065,0.8163999915122986
YDR369C,YGL115W,0,-0.16779327,0.10891629010438919,0.9980000257492065,0.8165000081062317
YBR153W,YDR087C,0,-0.16848004,0.1089044064283371,0.9980000257492065,0.8166000247001648
YMR262W,YNL137C,0,-0.17075837,0.108892522752285,0.9980000257492065,0.8166999816894531
YJR066W,YFL025C,0,-0.1715709,0.10888064652681351,0.9980000257492065,0.8167999982833862
YIL172C,YGR202C,0,-0.17228913,0.10886877030134201,0.9980000257492065,0.8169000148773193
YML081W,YFR006W,0,-0.17254448,0.10885689407587051,0.9980000257492065,0.8169999718666077
YFL026W,YGR142W,0,-0.17325604,0.10884501785039902,0.9980000257492065,0.8170999884605408
YMR220W,YEL050C,0,-0.17355764,0.10883314907550812,0.9980000257492065,0.8172000050544739
YML106W,YLR186W,0,-0.17436206,0.10882128775119781,0.9980000257492065,0.817300021648407
YER127W,YBR111W-A,0,-0.17439663,0.10880941897630692,0.9980000257492065,0.8173999786376953
YOL011W,YDR495C,0,-0.17483175,0.10879755765199661,0.9980000257492065,0.8174999952316284
YGL220W,YFL066C,0,-0.17537653,0.10878569632768631,0.9980000257492065,0.8176000118255615
YDL015C,YDR298C,0,-0.17554998,0.1087738424539566,0.9980000257492065,0.8177000284194946
YJR066W,YPR098C,0,-0.17597663,0.1087619885802269,0.9980000257492065,0.817799985408783
YOR096W,YLR221C,0,-0.1765064,0.10875013470649719,0.9980000257492065,0.8179000020027161
YPL248C,YKL218C,0,-0.17694843,0.10873828828334808,0.9980000257492065,0.8180000185966492
YGR078C,YJL181W,0,-0.17760456,0.10872644186019897,0.9980000257492065,0.8180999755859375
YBL089W,YDL142C,0,-0.17915761,0.10871459543704987,0.9980000257492065,0.8181999921798706
YHL016C,YER083C,0,-0.18079293,0.10870275646448135,0.9980000257492065,0.8183000087738037
YER148W,YER052C,0,-0.18182468,0.10869091749191284,0.9980000257492065,0.8184000253677368
YBR119W,YDL107W,0,-0.1819905,0.10867907851934433,0.9980000257492065,0.8184999823570251
YDL137W,YGR216C,0,-0.18252337,0.10866724699735641,0.9980000257492065,0.8185999989509583
YDR200C,YJL149W,0,-0.18323433,0.1086554154753685,0.9980000257492065,0.8187000155448914
YNL325C,YGR017W,0,-0.18392646,0.10864359140396118,0.9980000257492065,0.8187999725341797
YKL170W,YML081C-A,0,-0.18408287,0.10863175988197327,0.9980000257492065,0.8188999891281128
YPL134C,YKR072C,0,-0.18425286,0.10861993581056595,0.9980000257492065,0.8190000057220459
YDR283C,YMR118C,0,-0.18493831,0.10860811918973923,0.9980000257492065,0.819100022315979
YML054C,YIL144W,0,-0.18556416,0.1085963025689125,0.9980000257492065,0.8191999793052673
YDR419W,YBR281C,0,-0.18614745,0.10858448594808578,0.9980000257492065,0.8192999958992004
YDL035C,YGL089C,0,-0.18694866,0.10857266932725906,0.9980000257492065,0.8194000124931335
YPL248C,YJR133W,0,-0.18755925,0.10856086015701294,0.9980000257492065,0.8195000290870667
YLL021W,YPL168W,0,-0.18843257,0.10854905098676682,0.9980000257492065,0.819599986076355
YLR237W,YKR089C,0,-0.18851638,0.10853724926710129,0.9980000257492065,0.8197000026702881
YKL096W-A,YJL173C,0,-0.18883777,0.10852544754743576,0.9980000257492065,0.8198000192642212
YPR091C,YLR295C,0,-0.18887651,0.10851364582777023,0.9980000257492065,0.8198999762535095
YGL078C,YKR052C,0,-0.18948305,0.1085018515586853,0.9980000257492065,0.8199999928474426
YML087C,YBR002C,0,-0.18975973,0.10849004983901978,0.9980000257492065,0.8201000094413757
YPL103C,YIL007C,0,-0.19002485,0.10847826302051544,0.9980000257492065,0.8202000260353088
YBR260C,YJL030W,0,-0.19023728,0.10846646875143051,0.9980000257492065,0.8202999830245972
YER127W,YBR299W,0,-0.19196653,0.10845468193292618,0.9980000257492065,0.8203999996185303
YPL027W,YNL094W,0,-0.19230807,0.10844290256500244,0.9980000257492065,0.8205000162124634
YAL033W,YPL183C,0,-0.19234383,0.10843111574649811,0.9980000257492065,0.8205999732017517
YHR105W,YDR448W,0,-0.19260871,0.10841933637857437,0.9980000257492065,0.8206999897956848
YER103W,YNL293W,0,-0.1930188,0.10840755701065063,0.9980000257492065,0.8208000063896179
YMR195W,YLL013C,0,-0.19313943,0.1083957850933075,0.9980000257492065,0.820900022983551
YNL095C,YHR074W,0,-0.19373524,0.10838401317596436,0.9980000257492065,0.8209999799728394
YDR252W,YKL034W,0,-0.19420779,0.10837224125862122,0.9980000257492065,0.8210999965667725
YEL021W,YJR031C,0,-0.19439435,0.10836047679185867,0.9980000257492065,0.8212000131607056
YJL157C,YDR170W-A,0,-0.1955601,0.10834871232509613,0.9980000257492065,0.8213000297546387
YBR038W,YNR053C,0,-0.19564748,0.10833695530891418,0.9980000257492065,0.821399986743927
YPR067W,YKL024C,0,-0.19650543,0.10832519084215164,0.9980000257492065,0.8215000033378601
YML049C,YGL053W,0,-0.19729185,0.1083134338259697,0.9980000257492065,0.8216000199317932
YOR351C,YNL191W,0,-0.19769752,0.10830168426036835,0.9980000257492065,0.8216999769210815
YDR326C,YLR074C,0,-0.19812322,0.1082899272441864,0.9980000257492065,0.8217999935150146
YJL198W,YDR454C,0,-0.1995256,0.10827818512916565,0.9980000257492065,0.8219000101089478
YGR281W,YHR204W,0,-0.20030344,0.1082664355635643,0.9980000257492065,0.8220000267028809
YKL171W,YBR274W,0,-0.20046055,0.10825469344854355,0.9980000257492065,0.8220999836921692
YCR031C,YGR286C,0,-0.20388258,0.1082429513335228,0.9980000257492065,0.8222000002861023
YMR177W,YLL012W,0,-0.20488441,0.10823120921850204,0.9980000257492065,0.8223000168800354
YMR230W,YMR282C,0,-0.20515382,0.10821947455406189,0.9980000257492065,0.8223999738693237
YML031W,YDR533C,0,-0.20515466,0.10820773988962173,0.9980000257492065,0.8224999904632568
YER139C,YLR150W,0,-0.20601904,0.10819601267576218,0.9980000257492065,0.8226000070571899
YKL014C,YKR044W,0,-0.20646918,0.10818428546190262,0.9980000257492065,0.822700023651123
YLL016W,YJL216C,0,-0.20674908,0.10817255824804306,0.9980000257492065,0.8227999806404114
YNR032C-A,YPR187W,0,-0.20888388,0.1081608310341835,0.9980000257492065,0.8228999972343445
YOR356W,YOR076C,0,-0.20914674,0.10814911127090454,0.9980000257492065,0.8230000138282776
YJL212C,YER091C,0,-0.2095505,0.10813739150762558,0.9980000257492065,0.8230999708175659
YNR024W,YLR056W,0,-0.20986891,0.10812567919492722,0.9980000257492065,0.823199987411499
YLL018C-A,YBR243C,0,-0.2098862,0.10811396688222885,0.9980000257492065,0.8233000040054321
YDL209C,YER137C,0,-0.20999181,0.10810225456953049,0.9980000257492065,0.8234000205993652
YNL238W,YDL180W,0,-0.21049678,0.10809054225683212,0.9980000257492065,0.8234999775886536
YKL132C,YNR021W,0,-0.21058977,0.10807883739471436,0.9980000257492065,0.8235999941825867
YLL066C,YCR107W,0,-0.2108053,0.10806713253259659,0.9980000257492065,0.8237000107765198
YGL129C,YER036C,0,-0.21088374,0.10805543512105942,0.9980000257492065,0.8238000273704529
YDL114W,YJR059W,0,-0.21348655,0.10804373770952225,0.9980000257492065,0.8238999843597412
YJR051W,YJL189W,0,-0.21433365,0.10803204029798508,0.9980000257492065,0.8240000009536743
YDR018C,YPL133C,0,-0.21461022,0.1080203503370285,0.9980000257492065,0.8241000175476074
YML037C,YNR015W,0,-0.21496809,0.10800866037607193,0.9980000257492065,0.8241999745368958
YJL114W,YPR042C,0,-0.21500623,0.10799697041511536,0.9980000257492065,0.8242999911308289
YMR234W,YOR020C,0,-0.21535826,0.10798528790473938,0.9980000257492065,0.824400007724762
YOR270C,YJL157C,0,-0.21668577,0.1079735979437828,0.9980000257492065,0.8245000243186951
YFR014C,YGL256W,0,-0.21719849,0.10796192288398743,0.9980000257492065,0.8245999813079834
YPL150W,YIR023W,0,-0.2183919,0.10795024037361145,0.9980000257492065,0.8246999979019165
YNL101W,YEL041W,0,-0.21845019,0.10793856531381607,0.9980000257492065,0.8248000144958496
YIL096C,YOR037W,0,-0.21939933,0.10792689770460129,0.9980000257492065,0.8248999714851379
YDR074W,YBL010C,0,-0.21946502,0.10791522264480591,0.9980000257492065,0.824999988079071
YGR165W,YNR050C,0,-0.21951413,0.10790355503559113,0.9980000257492065,0.8251000046730042
YLR073C,YIL005W,0,-0.21973109,0.10789189487695694,0.9980000257492065,0.8252000212669373
YLL026W,YNL039W,0,-0.2207619,0.10788022726774216,0.9980000257492065,0.8252999782562256
YKL192C,YFR050C,0,-0.2208296,0.10786856710910797,0.9980000257492065,0.8253999948501587
YKL203C,YGL035C,0,-0.22098148,0.10785691440105438,0.9980000257492065,0.8255000114440918
YGR012W,YER123W,0,-0.2218895,0.1078452542424202,0.9980000257492065,0.8256000280380249
YLR118C,YMR051C,0,-0.22204304,0.10783360153436661,0.9980000257492065,0.8256999850273132
YHR108W,YIL005W,0,-0.22240293,0.10782195627689362,0.9980000257492065,0.8258000016212463
YER096W,YPL006W,0,-0.22244501,0.10781030356884003,0.9980000257492065,0.8259000182151794
YDR536W,YPL002C,0,-0.22352755,0.10779865831136703,0.9980000257492065,0.8259999752044678
YDL031W,YBR233W-A,0,-0.22504354,0.10778702050447464,0.9980000257492065,0.8260999917984009
YDL114W,YKL154W,0,-0.22572362,0.10777537524700165,0.9980000257492065,0.826200008392334
YER142C,YGR101W,0,-0.22589016,0.10776373744010925,0.9980000257492065,0.8263000249862671
YMR292W,YPR137W,0,-0.22615862,0.10775210708379745,0.9980000257492065,0.8263999819755554
YKR102W,YER033C,0,-0.22620761,0.10774046927690506,0.9980000257492065,0.8264999985694885
YIL132C,YOR253W,0,-0.2265234,0.10772884637117386,0.9980000257492065,0.8266000151634216
YMR099C,YAL063C,0,-0.22678053,0.10771721601486206,0.9980000257492065,0.82669997215271
YHR086W,YLR214W,0,-0.22707629,0.10770559310913086,0.9980000257492065,0.8267999887466431
YPL145C,YMR115W,0,-0.22713637,0.10769397020339966,0.9980000257492065,0.8269000053405762
YML096W,YOL003C,0,-0.22723734,0.10768234729766846,0.9980000257492065,0.8270000219345093
YLR213C,YJL082W,0,-0.22736144,0.10767073184251785,0.9980000257492065,0.8270999789237976
YGL026C,YBR016W,0,-0.22750008,0.10765911638736725,0.9980000257492065,0.8271999955177307
YEL020W-A,YNL311C,0,-0.22785652,0.10764750093221664,0.9980000257492065,0.8273000121116638
YLR251W,YNL023C,0,-0.22818172,0.10763589292764664,0.9980000257492065,0.8274000287055969
YDR069C,YKL217W,0,-0.22896671,0.10762428492307663,0.9980000257492065,0.8274999856948853
YLR054C,YHR041C,0,-0.22980416,0.10761267691850662,0.9980000257492065,0.8276000022888184
YOR086C,YLR439W,0,-0.2299459,0.10760107636451721,0.9980000257492065,0.8277000188827515
YAL012W,YIL096C,0,-0.23051035,0.1075894758105278,0.9980000257492065,0.8277999758720398
YBR287W,YNL318C,0,-0.23166752,0.10757788270711899,0.9980000257492065,0.8278999924659729
YDR427W,YNL024C,0,-0.23202288,0.10756628215312958,0.9980000257492065,0.828000009059906
YLL035W,YGR112W,0,-0.23251092,0.10755469650030136,0.9980000257492065,0.8281000256538391
YDL160C,YNL217W,0,-0.23266554,0.10754310339689255,0.9980000257492065,0.8281999826431274
YHR135C,YNL180C,0,-0.2328744,0.10753151774406433,0.9980000257492065,0.8282999992370605
YIL047C,YJR059W,0,-0.23305738,0.10751993209123611,0.9980000257492065,0.8284000158309937
YMR049C,YGR169C,0,-0.23325038,0.1075083464384079,0.9980000257492065,0.828499972820282
YER138C,YAL007C,0,-0.23393214,0.10749676823616028,0.9980000257492065,0.8285999894142151
YLR050C,YNL052W,0,-0.2347995,0.10748519003391266,0.9980000257492065,0.8287000060081482
YNL132W,YDL007W,0,-0.23517776,0.10747361928224564,0.9980000257492065,0.8288000226020813
YPL147W,YHR082C,0,-0.23553097,0.10746204107999802,0.9980000257492065,0.8288999795913696
YAR018C,YKL038W,0,-0.23563313,0.107450470328331,0.9980000257492065,0.8289999961853027
YOR087W,YAR007C,0,-0.23603117,0.10743890702724457,0.9980000257492065,0.8291000127792358
YCL003W,YKL039W,0,-0.23622155,0.10742734372615814,0.9980000257492065,0.829200029373169
YML077W,YHL008C,0,-0.23869848,0.10741578042507172,0.9980000257492065,0.8292999863624573
YDR265W,YDL128W,0,-0.24045718,0.10740421712398529,0.9980000257492065,0.8294000029563904
YMR221C,YOR191W,0,-0.24075973,0.10739266127347946,0.9980000257492065,0.8295000195503235
YCR029C-A,YGR143W,0,-0.2421869,0.10738110542297363,0.9980000257492065,0.8295999765396118
YER180C,YMR112C,0,-0.24470305,0.1073695570230484,0.9980000257492065,0.8296999931335449
YGR005C,YDL110C,0,-0.2454673,0.10735800117254257,0.9980000257492065,0.829800009727478
YML054C,YPR048W,0,-0.24559736,0.10734645277261734,0.9980000257492065,0.8299000263214111
YPR127W,YNL227C,0,-0.24695933,0.1073349118232727,0.9980000257492065,0.8299999833106995
YOR246C,YMR142C,0,-0.24711788,0.10732337087392807,0.9980000257492065,0.8300999999046326
YOR294W,YBR028C,0,-0.24737418,0.10731182992458344,0.9980000257492065,0.8302000164985657
YKL090W,YMR281W,0,-0.24864745,0.1073002889752388,0.9980000257492065,0.830299973487854
YLR259C,YPL013C,0,-0.2487185,0.10728875547647476,0.9980000257492065,0.8303999900817871
YMR050C,YKL144C,0,-0.24893177,0.10727722197771072,0.9980000257492065,0.8305000066757202
YGL004C,YMR026C,0,-0.24959123,0.10726568847894669,0.9980000257492065,0.8306000232696533
YKL029C,YLR347C,0,-0.25006235,0.10725416243076324,0.9980000257492065,0.8306999802589417
YPL172C,YMR022W,0,-0.25018477,0.1072426363825798,0.9980000257492065,0.8307999968528748
YHR037W,YHR005C,0,-0.250301,0.10723111778497696,0.9980000257492065,0.8309000134468079
YHL036W,YDR453C,0,-0.253003,0.10721959918737411,0.9980000257492065,0.8309999704360962
YDR392W,YGL157W,0,-0.25430357,0.10720808058977127,0.9980000257492065,0.8310999870300293
YMR110C,YKR050W,0,-0.25569296,0.10719656199216843,0.9980000257492065,0.8312000036239624
YOR389W,YJL165C,0,-0.25672495,0.10718505084514618,0.9980000257492065,0.8313000202178955
YDR411C,YMR256C,0,-0.2571752,0.10717353969812393,0.9980000257492065,0.8313999772071838
YER072W,YKL038W,0,-0.25742042,0.10716202855110168,0.9980000257492065,0.8314999938011169
YLL016W,YLR390W-A,0,-0.25755894,0.10715052485466003,0.9980000257492065,0.83160001039505
YJL114W,YHR079C,0,-0.25782764,0.10713902115821838,0.9980000257492065,0.8317000269889832
YPR021C,YLR314C,0,-0.25870955,0.10712752491235733,0.9980000257492065,0.8317999839782715
YOR297C,YLR194C,0,-0.25877988,0.10711602121591568,0.9980000257492065,0.8319000005722046
YNL063W,YPL068C,0,-0.25978553,0.10710453242063522,0.9980000257492065,0.8320000171661377
YAR002C-A,YIL124W,0,-0.26171434,0.10709303617477417,0.9980000257492065,0.832099974155426
YMR308C,YGL068W,0,-0.2623235,0.10708154737949371,0.9980000257492065,0.8321999907493591
YLL038C,YMR312W,0,-0.2626127,0.10707005858421326,0.9980000257492065,0.8323000073432922
YJR010W,YGL158W,0,-0.26289403,0.1070585697889328,0.9980000257492065,0.8324000239372253
YJR015W,YHR172W,0,-0.262918,0.10704708844423294,0.9980000257492065,0.8324999809265137
YJR119C,YNL248C,0,-0.26300943,0.10703560709953308,0.9980000257492065,0.8325999975204468
YNL020C,YPL090C,0,-0.26523662,0.10702412575483322,0.9980000257492065,0.8327000141143799
YBL060W,YDL223C,0,-0.26529503,0.10701265186071396,0.9980000257492065,0.8327999711036682
YHR116W,YOL042W,0,-0.2655431,0.1070011779665947,0.9980000257492065,0.8328999876976013
YMR088C,YNL010W,0,-0.2668444,0.10698971152305603,0.9980000257492065,0.8330000042915344
YER015W,YDR378C,0,-0.26689017,0.10697823762893677,0.9980000257492065,0.8331000208854675
YMR099C,YER159C,0,-0.2674924,0.1069667711853981,0.9980000257492065,0.8331999778747559
YDL060W,YML113W,0,-0.2677418,0.10695531219244003,0.9980000257492065,0.833299994468689
YBR146W,YOR009W,0,-0.26782763,0.10694384574890137,0.9980000257492065,0.8334000110626221
YJL136C,YIL156W,0,-0.2689004,0.1069323867559433,0.9980000257492065,0.8335000276565552
YJL214W,YLR295C,0,-0.2693938,0.10692093521356583,0.9980000257492065,0.8335999846458435
YDR283C,YDR177W,0,-0.26965582,0.10690948367118835,0.9980000257492065,0.8337000012397766
YPR110C,YLR151C,0,-0.27088642,0.10689803212881088,0.9980000257492065,0.8338000178337097
YJL054W,YMR152W,0,-0.27182448,0.10688658058643341,0.9980000257492065,0.833899974822998
YEL059C-A,YEL038W,0,-0.2724377,0.10687513649463654,0.9980000257492065,0.8339999914169312
YIL136W,YPL274W,0,-0.27311313,0.10686369240283966,0.9980000257492065,0.8341000080108643
YLR304C,YKL064W,0,-0.2747805,0.10685224831104279,0.9980000257492065,0.8342000246047974
YOR373W,YNL239W,0,-0.2753507,0.10684081166982651,0.9980000257492065,0.8342999815940857
YMR077C,YLL014W,0,-0.27617264,0.10682937502861023,0.9980000257492065,0.8343999981880188
YMR232W,YLR459W,0,-0.27821827,0.10681793838739395,0.9980000257492065,0.8345000147819519
YGR047C,YFL066C,0,-0.27875292,0.10680650919675827,0.9980000257492065,0.8345999717712402
YDR189W,YNR030W,0,-0.27935505,0.10679508000612259,0.9980000257492065,0.8346999883651733
YPL099C,YIL107C,0,-0.2794956,0.10678365081548691,0.9980000257492065,0.8348000049591064
YDR146C,YNL049C,0,-0.28091466,0.10677222907543182,0.9980000257492065,0.8349000215530396
YLR109W,YDL215C,0,-0.28184092,0.10676080733537674,0.9980000257492065,0.8349999785423279
YOR252W,YLL034C,0,-0.2831359,0.10674938559532166,0.9980000257492065,0.835099995136261
YIL064W,YOR098C,0,-0.2852496,0.10673797130584717,0.9980000257492065,0.8352000117301941
YNR024W,YER115C,0,-0.2863871,0.10672655701637268,0.9980000257492065,0.8353000283241272
YDL206W,YHL032C,0,-0.28651202,0.1067151427268982,0.9980000257492065,0.8353999853134155
YLR356W,YBR002C,0,-0.2886443,0.1067037284374237,0.9980000257492065,0.8355000019073486
YPL140C,YMR046C,0,-0.29016972,0.10669232159852982,0.9980000257492065,0.8356000185012817
YDR083W,YJL180C,0,-0.29162252,0.10668092221021652,0.9980000257492065,0.8356999754905701
YGL111W,YBR121C,0,-0.29285753,0.10666951537132263,0.9980000257492065,0.8357999920845032
YKR035W-A,YMR308C,0,-0.29338527,0.10665811598300934,0.9980000257492065,0.8359000086784363
YPL273W,YGL039W,0,-0.29581034,0.10664671659469604,0.9980000257492065,0.8360000252723694
YHL024W,YIR038C,0,-0.29687095,0.10663532465696335,0.9980000257492065,0.8360999822616577
YGR044C,YPR011C,0,-0.29713583,0.10662393271923065,0.9980000257492065,0.8361999988555908
YPL113C,YDR004W,0,-0.29716194,0.10661254078149796,0.9980000257492065,0.8363000154495239
YNR018W,YDR328C,0,-0.298043,0.10660115629434586,0.9980000257492065,0.8363999724388123
YER087W,YDL124W,0,-0.29808426,0.10658977180719376,0.9980000257492065,0.8364999890327454
YCR030C,YOR275C,0,-0.29869258,0.10657838732004166,0.9980000257492065,0.8366000056266785
YDR415C,YOR151C,0,-0.2995491,0.10656700283288956,0.9980000257492065,0.8367000222206116
YEL044W,YER028C,0,-0.30010378,0.10655562579631805,0.9980000257492065,0.8367999792098999
YOR194C,YKR050W,0,-0.30031955,0.10654424875974655,0.9980000257492065,0.836899995803833
YDR196C,YLR189C,0,-0.3017279,0.10653287917375565,0.9980000257492065,0.8370000123977661
YKL011C,YML094W,0,-0.3017478,0.10652150958776474,0.9980000257492065,0.8371000289916992
YDL112W,YLR327C,0,-0.30209088,0.10651014000177383,0.9980000257492065,0.8371999859809875
YLL040C,YPL027W,0,-0.30353177,0.10649877041578293,0.9980000257492065,0.8373000025749207
YNR048W,YHR035W,0,-0.30420005,0.10648740828037262,0.9980000257492065,0.8374000191688538
YBR045C,YMR117C,0,-0.30505764,0.10647604614496231,0.9980000257492065,0.8374999761581421
YJL114W,YLR313C,0,-0.30595565,0.1064646914601326,0.9980000257492065,0.8375999927520752
YML043C,YJL001W,0,-0.3063017,0.10645333677530289,0.9980000257492065,0.8377000093460083
YBR191W,YEL029C,0,-0.30641758,0.10644198209047318,0.9980000257492065,0.8378000259399414
YLR291C,YNL008C,0,-0.30661404,0.10643062740564346,0.9980000257492065,0.8378999829292297
YJR120W,YJR046W,0,-0.309175,0.10641928017139435,0.9980000257492065,0.8379999995231628
YFR050C,YPR149W,0,-0.30919087,0.10640793293714523,0.9980000257492065,0.838100016117096
YOR027W,YCL026C-B,0,-0.310449,0.10639658570289612,0.9980000257492065,0.8381999731063843
YOL026C,YML115C,0,-0.3105651,0.1063852459192276,0.9980000257492065,0.8382999897003174
YKL192C,YGR052W,0,-0.31056702,0.10637390613555908,0.9980000257492065,0.8384000062942505
YBR030W,YGR112W,0,-0.31305826,0.10636257380247116,0.9980000257492065,0.8385000228881836
YIL064W,YOL123W,0,-0.3133937,0.10635123401880264,0.9980000257492065,0.8385999798774719
YBR297W,YOR020C,0,-0.313411,0.10633990168571472,0.9980000257492065,0.838699996471405
YHR110W,YMR013C,0,-0.31362665,0.1063285768032074,0.9980000257492065,0.8388000130653381
YLR446W,YML097C,0,-0.31388867,0.10631724447011948,0.9980000257492065,0.8389000296592712
YDL137W,YFL010W-A,0,-0.31544578,0.10630591958761215,0.9980000257492065,0.8389999866485596
YPL019C,YGL256W,0,-0.31589425,0.10629460215568542,0.9980000257492065,0.8391000032424927
YLR054C,YDR371W,0,-0.31592488,0.1062832772731781,0.9980000257492065,0.8392000198364258
YML006C,YHR080C,0,-0.31634104,0.10627195984125137,0.9980000257492065,0.8392999768257141
YMR088C,YPL244C,0,-0.3167199,0.10626064985990524,0.9980000257492065,0.8393999934196472
YJL106W,YKL095W,0,-0.3169254,0.10624933242797852,0.9980000257492065,0.8395000100135803
YOL152W,YLL029W,0,-0.31706727,0.10623802244663239,0.9980000257492065,0.8396000266075134
YOR180C,YOL151W,0,-0.31857836,0.10622671991586685,0.9980000257492065,0.8396999835968018
YFL010W-A,YKL062W,0,-0.31917548,0.10621540993452072,0.9980000257492065,0.8398000001907349
YAR009C,YBR191W,0,-0.31919456,0.10620410740375519,0.9980000257492065,0.839900016784668
YGR083C,YOR066W,0,-0.32002807,0.10619280487298965,0.9980000257492065,0.8399999737739563
YKR078W,YOR120W,0,-0.3206036,0.10618150979280472,0.9980000257492065,0.8400999903678894
YBR146W,YOR334W,0,-0.3208257,0.10617021471261978,0.9980000257492065,0.8402000069618225
YNL048W,YPL220W,0,-0.32182992,0.10615891963243484,0.9980000257492065,0.8403000235557556
YCL044C,YGL005C,0,-0.32214475,0.10614762455224991,0.9980000257492065,0.840399980545044
YMR239C,YLL022C,1,-0.32233107,0.10624268651008606,0.9990000128746033,0.840399980545044
YIL037C,YLR276C,0,-0.32255745,0.10623139142990112,0.9990000128746033,0.840499997138977
YPL056C,YNL128W,0,-0.32274985,0.10622009634971619,0.9990000128746033,0.8406000137329102
YPL059W,YBR264C,0,-0.32279944,0.10620880126953125,0.9990000128746033,0.8406999707221985
YGR026W,YNR053C,0,-0.32417822,0.10619751363992691,0.9990000128746033,0.8407999873161316
YPR067W,YMR228W,0,-0.3250457,0.10618622601032257,0.9990000128746033,0.8409000039100647
YJR066W,YLR008C,0,-0.32535672,0.10617493838071823,0.9990000128746033,0.8410000205039978
YDR367W,YPR173C,0,-0.32713556,0.10616365820169449,0.9990000128746033,0.8410999774932861
YNR053C,YOR043W,0,-0.3278054,0.10615237802267075,0.9990000128746033,0.8411999940872192
YPL096W,YNL101W,0,-0.32832944,0.106141097843647,0.9990000128746033,0.8413000106811523
YOR386W,YOR273C,0,-0.32927358,0.10612981766462326,0.9990000128746033,0.8414000272750854
YHR012W,YHL034C,0,-0.32958102,0.10611854493618011,0.9990000128746033,0.8414999842643738
YNL046W,YBL005W-B,0,-0.32976544,0.10610727220773697,0.9990000128746033,0.8416000008583069
YFR041C,YAL068C,0,-0.3310424,0.10609600692987442,0.9990000128746033,0.84170001745224
YJL190C,YLR098C,0,-0.33153558,0.10608474165201187,0.9990000128746033,0.8417999744415283
YNL243W,YPR067W,0,-0.33248734,0.10607347637414932,0.9990000128746033,0.8418999910354614
YNR038W,YOR393W,0,-0.33603847,0.10606221109628677,0.9990000128746033,0.8420000076293945
YNR032C-A,YEL048C,0,-0.33616805,0.10605095326900482,0.9990000128746033,0.8421000242233276
YPL269W,YHL006C,0,-0.336982,0.10603969544172287,0.9990000128746033,0.842199981212616
YMR006C,YBR230C,0,-0.3373971,0.10602844506502151,0.9990000128746033,0.8422999978065491
YKL201C,YER103W,0,-0.337579,0.10601719468832016,0.9990000128746033,0.8424000144004822
YOR057W,YBR066C,0,-0.33764327,0.1060059443116188,0.9990000128746033,0.8424999713897705
YLR109W,YKL045W,0,-0.33802593,0.10599469393491745,0.9990000128746033,0.8425999879837036
YGR165W,YOR212W,0,-0.33803022,0.10598345100879669,0.9990000128746033,0.8427000045776367
YLR451W,YHR147C,0,-0.33856857,0.10597220808267593,0.9990000128746033,0.8428000211715698
YML132W,YHR120W,0,-0.33865488,0.10596096515655518,0.9990000128746033,0.8428999781608582
YIL083C,YKL077W,0,-0.3398739,0.10594972968101501,0.9990000128746033,0.8429999947547913
YBR177C,YGR212W,0,-0.340335,0.10593849420547485,0.9990000128746033,0.8431000113487244
YLL011W,YML073C,0,-0.3403417,0.10592725872993469,0.9990000128746033,0.8432000279426575
YKL114C,YLL062C,0,-0.34067476,0.10591603070497513,0.9990000128746033,0.8432999849319458
YMR247C,YEL043W,0,-0.3408122,0.10590480268001556,0.9990000128746033,0.8434000015258789
YDR189W,YIL036W,0,-0.34084105,0.105893574655056,0.9990000128746033,0.843500018119812
YGL180W,YGR017W,0,-0.341972,0.10588235408067703,0.9990000128746033,0.8435999751091003
YJL174W,YDR353W,0,-0.34261823,0.10587113350629807,0.9990000128746033,0.8436999917030334
YEL031W,YLR014C,0,-0.3432454,0.1058599129319191,0.9990000128746033,0.8438000082969666
YHR171W,YMR097C,0,-0.34331238,0.10584869980812073,0.9990000128746033,0.8439000248908997
YDR120C,YDR328C,0,-0.34346855,0.10583747923374176,0.9990000128746033,0.843999981880188
YMR008C,YNL101W,0,-0.344056,0.10582627356052399,0.9990000128746033,0.8440999984741211
YOR116C,YHR108W,0,-0.34431696,0.10581506043672562,0.9990000128746033,0.8442000150680542
YIL087C,YKR085C,0,-0.3443519,0.10580385476350784,0.9990000128746033,0.8442999720573425
YNR013C,YDR299W,0,-0.34461892,0.10579264909029007,0.9990000128746033,0.8443999886512756
YLR099C,YJR145C,0,-0.34468567,0.1057814508676529,0.9990000128746033,0.8445000052452087
YOL030W,YAL022C,0,-0.34562433,0.10577024519443512,0.9990000128746033,0.8446000218391418
YLR213C,YOR382W,0,-0.34575188,0.10575905442237854,0.9990000128746033,0.8446999788284302
YEL056W,YJR126C,0,-0.34683645,0.10574785619974136,0.9990000128746033,0.8447999954223633
YKR096W,YIL120W,0,-0.34757185,0.10573666542768478,0.9990000128746033,0.8449000120162964
YML074C,YAL039C,0,-0.3483683,0.1057254746556282,0.9990000128746033,0.8450000286102295
YHR002W,YJR094W-A,0,-0.34950626,0.10571428388357162,0.9990000128746033,0.8450999855995178
YOR273C,YPL002C,0,-0.34983218,0.10570310056209564,0.9990000128746033,0.8452000021934509
YJL056C,YCL017C,0,-0.35015118,0.10569191724061966,0.9990000128746033,0.845300018787384
YGL122C,YMR063W,0,-0.35051918,0.10568073391914368,0.9990000128746033,0.8453999757766724
YDR395W,YER153C,0,-0.35140002,0.10566955804824829,0.9990000128746033,0.8454999923706055
YNL247W,YJL003W,0,-0.35320055,0.1056583821773529,0.9990000128746033,0.8456000089645386
YDR399W,YDR159W,0,-0.35345137,0.10564720630645752,0.9990000128746033,0.8457000255584717
YPR102C,YDR337W,0,-0.35399258,0.10563603788614273,0.9990000128746033,0.84579998254776
YKR096W,YOR338W,0,-0.3544085,0.10562486946582794,0.9990000128746033,0.8458999991416931
YDL133C-A,YGR162W,0,-0.35483515,0.10561370104551315,0.9990000128746033,0.8460000157356262
YOR378W,YER104W,0,-0.3548833,0.10560254007577896,0.9990000128746033,0.8460999727249146
YJR033C,YBR291C,0,-0.35574138,0.10559137165546417,0.9990000128746033,0.8461999893188477
YOL096C,YCR087C-A,0,-0.35652113,0.10558021813631058,0.9990000128746033,0.8463000059127808
YJL006C,YPR037C,0,-0.35661376,0.10556905716657639,0.9990000128746033,0.8464000225067139
YDL189W,YPL090C,0,-0.359946,0.10555790364742279,0.9990000128746033,0.8464999794960022
YHR067W,YPL163C,0,-0.3607968,0.1055467501282692,0.9990000128746033,0.8465999960899353
YPL147W,YER071C,0,-0.36136234,0.1055356040596962,0.9990000128746033,0.8467000126838684
YIL011W,YGL053W,0,-0.36742866,0.1055244505405426,0.9990000128746033,0.8468000292778015
YNL027W,YFL018W-A,0,-0.36753476,0.1055133044719696,0.9990000128746033,0.8468999862670898
YPL121C,YKL141W,0,-0.3683784,0.1055021658539772,0.9990000128746033,0.847000002861023
YAL020C,YIL108W,0,-0.37282264,0.1054910272359848,0.9990000128746033,0.847100019454956
YLL041C,YPL195W,0,-0.37341487,0.1054798886179924,0.9990000128746033,0.8471999764442444
YDR056C,YDR289C,0,-0.37419403,0.10546875,0.9990000128746033,0.8472999930381775
YKL099C,YKL028W,0,-0.37473047,0.1054576188325882,0.9990000128746033,0.8474000096321106
YCL059C,YPL101W,0,-0.37533128,0.10544648766517639,0.9990000128746033,0.8475000262260437
YLR418C,YNL073W,0,-0.37549412,0.10543535649776459,0.9990000128746033,0.847599983215332
YBR146W,YHR215W,0,-0.3775853,0.10542423278093338,0.9990000128746033,0.8476999998092651
YLR441C,YBR169C,0,-0.37898028,0.10541310906410217,0.9990000128746033,0.8478000164031982
YMR257C,YNL117W,0,-0.3790127,0.10540198534727097,0.9990000128746033,0.8478999733924866
YIL123W,YGR286C,0,-0.37979162,0.10539086163043976,0.9990000128746033,0.8479999899864197
YJL174W,YPL239W,0,-0.3807819,0.10537974536418915,0.9990000128746033,0.8481000065803528
YBR177C,YLL013C,0,-0.3811525,0.10536862909793854,0.9990000128746033,0.8482000231742859
YBR247C,YDR532C,0,-0.3837036,0.10535752028226852,0.9990000128746033,0.8482999801635742
YJL114W,YMR156C,0,-0.38443267,0.10534641146659851,0.9990000128746033,0.8483999967575073
YLR187W,YLR263W,0,-0.3850398,0.1053353026509285,0.9990000128746033,0.8485000133514404
YHR057C,YDR468C,0,-0.38892806,0.10532419383525848,0.9990000128746033,0.8485999703407288
YBR286W,YOR201C,0,-0.39053512,0.10531309247016907,0.9990000128746033,0.8486999869346619
YDR299W,YLL024C,0,-0.39177334,0.10530199110507965,0.9990000128746033,0.848800003528595
YGR229C,YDR476C,0,-0.3918172,0.10529089719057083,0.9990000128746033,0.8489000201225281
YDR516C,YLR029C,0,-0.3925525,0.10527979582548141,0.9990000128746033,0.8489999771118164
YOR251C,YCL075W,0,-0.3930322,0.1052687019109726,0.9990000128746033,0.8490999937057495
YJR028W,YNL291C,0,-0.39379418,0.10525761544704437,0.9990000128746033,0.8492000102996826
YLR361C,YBR054W,0,-0.3943299,0.10524652153253555,0.9990000128746033,0.8493000268936157
YBL010C,YMR203W,0,-0.39477456,0.10523543506860733,0.9990000128746033,0.849399983882904
YLR356W,YJL072C,0,-0.39527047,0.10522434860467911,0.9990000128746033,0.8495000004768372
YCR010C,YKL085W,0,-0.39676952,0.10521326959133148,0.9990000128746033,0.8496000170707703
YJR022W,YNR015W,0,-0.3968054,0.10520219057798386,0.9990000128746033,0.8496999740600586
YBR156C,YDL200C,0,-0.39788687,0.10519111156463623,0.9990000128746033,0.8497999906539917
YIL167W,YPR191W,0,-0.39838398,0.1051800400018692,0.9990000128746033,0.8499000072479248
YFL010W-A,YIL170W,0,-0.39869285,0.10516896843910217,0.9990000128746033,0.8500000238418579
YER030W,YLL022C,1,-0.4007902,0.10526315867900848,1.0,0.8500000238418579
YNL294C,YJR058C,0,-0.4008571,0.10525207966566086,1.0,0.8500999808311462
YKL217W,YGR120C,0,-0.40191424,0.10524100065231323,1.0,0.8501999974250793
YKL178C,YDR096W,0,-0.40213168,0.1052299290895462,1.0,0.8503000140190125
YDR420W,YDR444W,0,-0.40346086,0.10521885752677917,1.0,0.8503999710083008
YIL094C,YLR167W,0,-0.40423572,0.10520778596401215,1.0,0.8504999876022339
YAL024C,YCL005W-A,0,-0.4049257,0.10519671440124512,1.0,0.850600004196167
YEL001C,YJR057W,0,-0.40581405,0.10518565028905869,1.0,0.8507000207901001
YHR143W,YBR158W,0,-0.41055858,0.10517458617687225,1.0,0.8507999777793884
YHL050C,YCR028C,0,-0.41180182,0.10516352951526642,1.0,0.8508999943733215
YPL258C,YHR142W,0,-0.41196,0.10515247285366058,1.0,0.8510000109672546
YGR193C,YHR047C,0,-0.41297388,0.10514141619205475,1.0,0.8511000275611877
YDL045C,YNL055C,0,-0.41458118,0.10513035953044891,1.0,0.8511999845504761
YOR089C,YJR103W,0,-0.41614318,0.10511931031942368,1.0,0.8513000011444092
YFL017W-A,YDR447C,0,-0.4180051,0.10510826110839844,1.0,0.8514000177383423
YOR246C,YLR058C,0,-0.41841817,0.1050972118973732,1.0,0.8514999747276306
YCR031C,YOR008C,0,-0.419142,0.10508617013692856,1.0,0.8515999913215637
YMR315W,YCR045C,0,-0.4212346,0.10507512837648392,1.0,0.8517000079154968
YGR263C,YLR186W,0,-0.42254817,0.10506408661603928,1.0,0.8518000245094299
YPR178W,YDR165W,0,-0.4225949,0.10505305230617523,1.0,0.8518999814987183
YGR029W,YLR011W,0,-0.42324364,0.10504201799631119,1.0,0.8519999980926514
YNR053C,YDR478W,0,-0.42465532,0.10503098368644714,1.0,0.8521000146865845
YLR413W,YDR002W,0,-0.42661095,0.1050199568271637,1.0,0.8521999716758728
YOR065W,YNL318C,0,-0.42680764,0.10500892251729965,1.0,0.8522999882698059
YDR456W,YHR117W,0,-0.42686808,0.1049979031085968,1.0,0.852400004863739
YML060W,YLR283W,0,-0.42737377,0.10498687624931335,1.0,0.8525000214576721
YER053C,YKR096W,0,-0.4297831,0.1049758568406105,1.0,0.8525999784469604
YGR080W,YCR018C,0,-0.4304154,0.10496483743190765,1.0,0.8526999950408936
YNR011C,YIL083C,0,-0.43122792,0.1049538180232048,1.0,0.8528000116348267
YLR237W,YIL009W,0,-0.4312929,0.10494280606508255,1.0,0.8529000282287598
YMR321C,YIL136W,0,-0.43234265,0.1049317941069603,1.0,0.8529999852180481
YPR171W,YNL138W-A,0,-0.43237674,0.10492078214883804,1.0,0.8531000018119812
YGL144C,YDR415C,0,-0.43265533,0.10490977764129639,1.0,0.8532000184059143
YLR220W,YFL011W,0,-0.4339471,0.10489877313375473,1.0,0.8532999753952026
YOL155C,YPL082C,0,-0.43423498,0.10488776862621307,1.0,0.8533999919891357
YMR110C,YGR170W,0,-0.43504977,0.10487677156925201,1.0,0.8535000085830688
YNL081C,YKL067W,0,-0.43516016,0.10486577451229095,1.0,0.853600025177002
YMR257C,YNL036W,0,-0.43618524,0.1048547774553299,1.0,0.8536999821662903
YDR287W,YGL226W,0,-0.43715787,0.10484378039836884,1.0,0.8537999987602234
YFL066C,YPL110C,0,-0.43876612,0.10483279079198837,1.0,0.8539000153541565
YLR466W,YBL055C,0,-0.43890607,0.10482180118560791,1.0,0.8539999723434448
YMR171C,YER137C,0,-0.4389361,0.10481081902980804,1.0,0.8540999889373779
YML023C,YMR086W,0,-0.43983114,0.10479982942342758,1.0,0.854200005531311
YPL010W,YFL044C,0,-0.44164097,0.10478884726762772,1.0,0.8543000221252441
YOL157C,YDR093W,0,-0.44200552,0.10477787256240845,1.0,0.8543999791145325
YDL180W,YLR314C,0,-0.4421444,0.10476689040660858,1.0,0.8544999957084656
YMR243C,YDR057W,0,-0.4421749,0.10475591570138931,1.0,0.8546000123023987
YNL172W,YEL041W,0,-0.44447517,0.10474494844675064,1.0,0.8547000288963318
YJR026W,YDL111C,0,-0.44723547,0.10473397374153137,1.0,0.8547999858856201
YOL096C,YIL075C,0,-0.44798112,0.1047230064868927,1.0,0.8549000024795532
YHL047C,YOR338W,0,-0.4480784,0.10471203923225403,1.0,0.8550000190734863
YKL170W,YLR011W,0,-0.44812357,0.10470107942819595,1.0,0.8550999760627747
YCL034W,YLR239C,0,-0.44825506,0.10469011962413788,1.0,0.8551999926567078
YDL166C,YMR131C,0,-0.45096314,0.1046791598200798,1.0,0.8553000092506409
YIR018W,YDR030C,0,-0.45103872,0.10466820001602173,1.0,0.855400025844574
YFR007W,YDR189W,0,-0.45180237,0.10465724766254425,1.0,0.8554999828338623
YER101C,YJL171C,0,-0.45224798,0.10464629530906677,1.0,0.8555999994277954
YML045W,YML013W,0,-0.45232356,0.1046353429555893,1.0,0.8557000160217285
YPL038W,YJR098C,0,-0.4531473,0.10462439805269241,1.0,0.8557999730110168
YFL023W,YPR097W,0,-0.4531865,0.10461345314979553,1.0,0.85589998960495
YOR176W,YER185W,0,-0.4533788,0.10460250824689865,1.0,0.8560000061988831
YGR095C,YPL126W,0,-0.4534304,0.10459157079458237,1.0,0.8561000227928162
YMR307W,YOR315W,0,-0.45426428,0.10458063334226608,1.0,0.8561999797821045
YGR245C,YKL178C,0,-0.4556955,0.1045696958899498,1.0,0.8562999963760376
YBR162C,YPL038W,0,-0.45569742,0.10455875843763351,1.0,0.8564000129699707
YHR194W,YDR109C,0,-0.4564669,0.10454782843589783,1.0,0.8565000295639038
YCL064C,YDR060W,0,-0.45789516,0.10453689843416214,1.0,0.8565999865531921
YOL010W,YOL084W,0,-0.45842636,0.10452597588300705,1.0,0.8567000031471252
YIL027C,YOR019W,0,-0.45848167,0.10451505333185196,1.0,0.8568000197410583
YPR063C,YPR049C,0,-0.45897686,0.10450413078069687,1.0,0.8568999767303467
YBL088C,YML091C,0,-0.45907676,0.10449320822954178,1.0,0.8569999933242798
YFR025C,YNL001W,0,-0.45964897,0.10448229312896729,1.0,0.8571000099182129
YDR343C,YOR382W,0,-0.46057487,0.10447137802839279,1.0,0.857200026512146
YOL096C,YIL093C,0,-0.4606396,0.1044604629278183,1.0,0.8572999835014343
YPR106W,YJR135W-A,0,-0.46114206,0.1044495478272438,1.0,0.8574000000953674
YGR046W,YOR224C,0,-0.4614221,0.10443864017724991,1.0,0.8575000166893005
YKL082C,YER090W,0,-0.46389282,0.10442773252725601,1.0,0.8575999736785889
YNL086W,YDL051W,0,-0.4659555,0.10441683232784271,1.0,0.857699990272522
YOR147W,YPL154C,0,-0.46669185,0.10440593212842941,1.0,0.8578000068664551
YOR340C,YCR028C,0,-0.4671303,0.10439503192901611,1.0,0.8579000234603882
YNL032W,YNL294C,0,-0.46913385,0.10438413172960281,1.0,0.8579999804496765
YOR386W,YKR058W,0,-0.4699911,0.10437323898077011,1.0,0.8580999970436096
YLR244C,YMR229C,0,-0.4710294,0.10436234623193741,1.0,0.8582000136375427
YNL194C,YGL251C,0,-0.4720801,0.1043514534831047,1.0,0.858299970626831
YKR075C,YNL232W,0,-0.4729601,0.1043405681848526,1.0,0.8583999872207642
YDL160C,YLR345W,0,-0.47712982,0.1043296828866005,1.0,0.8585000038146973
YDR367W,YDR040C,0,-0.4771315,0.10431879758834839,1.0,0.8586000204086304
YER022W,YDL114W,0,-0.47763562,0.10430791974067688,1.0,0.8586999773979187
YPL146C,YJL134W,0,-0.47964144,0.10429703444242477,1.0,0.8587999939918518
YML116W,YFR047C,0,-0.48104382,0.10428616404533386,1.0,0.8589000105857849
YLR204W,YBL041W,0,-0.48121107,0.10427528619766235,1.0,0.859000027179718
YGR101W,YLR295C,0,-0.4847976,0.10426441580057144,1.0,0.8590999841690063
YMR290C,YPR016C,0,-0.4864124,0.10425354540348053,1.0,0.8592000007629395
YFR021W,YPL224C,0,-0.48840916,0.10424267500638962,1.0,0.8593000173568726
YJR155W,YDR239C,0,-0.48958802,0.1042318120598793,1.0,0.8593999743461609
YAL033W,YGL170C,0,-0.4907416,0.10422094911336899,1.0,0.859499990940094
YOR036W,YML070W,0,-0.49091148,0.10421008616685867,1.0,0.8596000075340271
YGR251W,YOR338W,0,-0.4920689,0.10419923067092896,1.0,0.8597000241279602
YBL091C-A,YKL114C,0,-0.49249232,0.10418837517499924,1.0,0.8597999811172485
YKL038W,YMR225C,0,-0.49271107,0.10417751967906952,1.0,0.8598999977111816
YCR057C,YJR149W,0,-0.49423563,0.1041666641831398,1.0,0.8600000143051147
YPL173W,YBR035C,0,-0.49437928,0.10415581613779068,1.0,0.8600999712944031
YCR093W,YKR071C,0,-0.49460685,0.10414496809244156,1.0,0.8601999878883362
YML106W,YMR098C,0,-0.494617,0.10413412749767303,1.0,0.8603000044822693
YNL146W,YJR004C,0,-0.49548602,0.10412327945232391,1.0,0.8604000210762024
YLR447C,YOR101W,0,-0.4978299,0.10411243885755539,1.0,0.8604999780654907
YOR252W,YER087W,0,-0.5023464,0.10410160571336746,1.0,0.8605999946594238
YDR169C,YML040W,0,-0.50275147,0.10409076511859894,1.0,0.8607000112533569
YKL048C,YDL211C,0,-0.50303733,0.10407993197441101,1.0,0.86080002784729
YJR155W,YER120W,0,-0.5036274,0.10406909883022308,1.0,0.8608999848365784
YLR142W,YNL147W,0,-0.5041479,0.10405827313661575,1.0,0.8610000014305115
YGL095C,YDL076C,0,-0.5052153,0.10404744744300842,1.0,0.8611000180244446
YDR534C,YOR298W,0,-0.5062033,0.10403662174940109,1.0,0.8611999750137329
YNL247W,YKL033W,0,-0.50699997,0.10402579605579376,1.0,0.861299991607666
YJL219W,YJL103C,0,-0.5097643,0.10401497781276703,1.0,0.8614000082015991
YFL054C,YML030W,0,-0.513065,0.1040041595697403,1.0,0.8615000247955322
YGR095C,YMR160W,0,-0.51422465,0.10399334132671356,1.0,0.8615999817848206
YFR006W,YNL015W,0,-0.5160581,0.10398253053426743,1.0,0.8616999983787537
YGR026W,YNR024W,0,-0.5170138,0.10397171974182129,1.0,0.8618000149726868
YLR404W,YIL108W,0,-0.5174314,0.10396090894937515,1.0,0.8618999719619751
YOR180C,YLL053C,0,-0.517601,0.10395010560750961,1.0,0.8619999885559082
YJR048W,YFR006W,0,-0.51786005,0.10393930226564407,1.0,0.8621000051498413
YDR375C,YGR122W,0,-0.51818883,0.10392849892377853,1.0,0.8622000217437744
YGL070C,YKL141W,0,-0.5191659,0.103917695581913,1.0,0.8622999787330627
YPL036W,YDL179W,0,-0.5206711,0.10390689969062805,1.0,0.8623999953269958
YMR061W,YKL082C,0,-0.52128243,0.10389610379934311,1.0,0.862500011920929
YJL213W,YFL041W,0,-0.52161753,0.10388530790805817,1.0,0.8626000285148621
YHR106W,YDL022W,0,-0.5253452,0.10387451946735382,1.0,0.8626999855041504
YGR082W,YHR142W,0,-0.52577174,0.10386373102664948,1.0,0.8628000020980835
YLR382C,YGL092W,0,-0.52628374,0.10385294258594513,1.0,0.8629000186920166
YER020W,YDR011W,0,-0.5318608,0.10384216159582138,1.0,0.8629999756813049
YER086W,YBR072W,0,-0.53188646,0.10383138060569763,1.0,0.863099992275238
YJR070C,YJR009C,0,-0.53297794,0.10382059961557388,1.0,0.8632000088691711
YJL025W,YGR205W,0,-0.5331117,0.10380981862545013,1.0,0.8633000254631042
YMR049C,YBR081C,0,-0.53383124,0.10379904508590698,1.0,0.8633999824523926
YOR340C,YKR105C,0,-0.5340979,0.10378827154636383,1.0,0.8634999990463257
YLR028C,YNL248C,0,-0.53513765,0.10377749800682068,1.0,0.8636000156402588
YPL203W,YHR025W,0,-0.5356374,0.10376673191785812,1.0,0.8636999726295471
YEL001C,YNL111C,0,-0.5369531,0.10375596582889557,1.0,0.8637999892234802
YKL170W,YDL144C,0,-0.5376643,0.10374519973993301,1.0,0.8639000058174133
YJR050W,YDR086C,0,-0.5394124,0.10373444110155106,1.0,0.8640000224113464
YKL191W,YNL010W,0,-0.5402334,0.1037236824631691,1.0,0.8640999794006348
YMR210W,YOL124C,0,-0.5409521,0.10371292382478714,1.0,0.8641999959945679
YNR004W,YLR371W,0,-0.54119766,0.10370216518640518,1.0,0.864300012588501
YDL216C,YOL029C,0,-0.5416337,0.10369141399860382,1.0,0.8644000291824341
YDL166C,YPR002W,0,-0.5419878,0.10368066281080246,1.0,0.8644999861717224
YPR169W,YLR239C,0,-0.54238164,0.1036699116230011,1.0,0.8646000027656555
YKR068C,YDR434W,0,-0.54311085,0.10365916788578033,1.0,0.8647000193595886
YER087C-A,YBR042C,0,-0.5442029,0.10364842414855957,1.0,0.864799976348877
YIL033C,YHR207C,0,-0.54449487,0.1036376804113388,1.0,0.8648999929428101
YKL088W,YLR025W,0,-0.54467547,0.10362694412469864,1.0,0.8650000095367432
YKL191W,YIL043C,0,-0.5457486,0.10361620783805847,1.0,0.8651000261306763
YGL004C,YOL065C,0,-0.54575765,0.1036054715514183,1.0,0.8651999831199646
YJR133W,YJL005W,0,-0.5462984,0.10359473526477814,1.0,0.8652999997138977
YJL106W,YLR228C,0,-0.5467025,0.10358400642871857,1.0,0.8654000163078308
YGR071C,YHL012W,0,-0.54681563,0.103573277592659,1.0,0.8654999732971191
YDR129C,YDL045C,0,-0.5480741,0.10356254875659943,1.0,0.8655999898910522
YBL112C,YER014W,0,-0.5484172,0.10355182737112045,1.0,0.8657000064849854
YER061C,YDR436W,0,-0.5485531,0.10354110598564148,1.0,0.8658000230789185
YBR046C,YPL130W,0,-0.5488461,0.1035303846001625,1.0,0.8658999800682068
YER025W,YHL008C,0,-0.54908025,0.10351967066526413,1.0,0.8659999966621399
YGR235C,YKL021C,0,-0.55013406,0.10350895673036575,1.0,0.866100013256073
YDR079W,YGL087C,0,-0.5503088,0.10349824279546738,1.0,0.8661999702453613
YMR166C,YJL045W,0,-0.55040205,0.103487528860569,1.0,0.8662999868392944
YHR139C,YBR162W-A,0,-0.55134714,0.10347682237625122,1.0,0.8664000034332275
YDR090C,YLR350W,0,-0.55150497,0.10346611589193344,1.0,0.8665000200271606
YJL170C,YOR298W,0,-0.55174935,0.10345540940761566,1.0,0.866599977016449
YIL108W,YOR236W,0,-0.5526953,0.10344471037387848,1.0,0.8666999936103821
YHR035W,YJL066C,0,-0.5528945,0.1034340113401413,1.0,0.8668000102043152
YKL171W,YDR227W,0,-0.55325115,0.10342331230640411,1.0,0.8669000267982483
YNL297C,YBR260C,0,-0.5546318,0.10341261327266693,1.0,0.8669999837875366
YLR068W,YBR223C,0,-0.5558219,0.10340192168951035,1.0,0.8671000003814697
YDR120C,YKL175W,0,-0.55693567,0.10339123010635376,1.0,0.8672000169754028
YNL247W,YDR041W,0,-0.5578562,0.10338054597377777,1.0,0.8672999739646912
YOL107W,YNL250W,0,-0.5591564,0.10336985439062119,1.0,0.8673999905586243
YKL194C,YGR138C,0,-0.5595783,0.1033591702580452,1.0,0.8675000071525574
YCL048W,YDR399W,0,-0.5596868,0.1033484935760498,1.0,0.8676000237464905
YDR115W,YDL117W,0,-0.5606047,0.10333780944347382,1.0,0.8676999807357788
YDR122W,YDR341C,0,-0.5616058,0.10332713276147842,1.0,0.8677999973297119
YDL217C,YDR178W,0,-0.5631224,0.10331645607948303,1.0,0.867900013923645
YAL060W,YEL043W,0,-0.5675007,0.10330578684806824,1.0,0.8679999709129333
YOL032W,YJL165C,0,-0.5694897,0.10329511761665344,1.0,0.8680999875068665
YER055C,YEL048C,0,-0.56949735,0.10328444838523865,1.0,0.8682000041007996
YML081W,YDR312W,0,-0.5707121,0.10327377915382385,1.0,0.8683000206947327
YIL143C,YOR019W,0,-0.5736865,0.10326311737298965,1.0,0.868399977684021
YHR037W,YBL017C,0,-0.5741756,0.10325245559215546,1.0,0.8684999942779541
YHR161C,YGR241C,0,-0.5749153,0.10324179381132126,1.0,0.8686000108718872
YGL246C,YLR347C,0,-0.57690036,0.10323113203048706,1.0,0.8687000274658203
YMR049C,YFR008W,0,-0.57851076,0.10322047770023346,1.0,0.8687999844551086
YOL120C,YDR055W,0,-0.5793879,0.10320982336997986,1.0,0.8689000010490417
YDR372C,YHR052W,0,-0.5804839,0.10319917649030685,1.0,0.8690000176429749
YBR283C,YHR175W,0,-0.5810524,0.10318852216005325,1.0,0.8690999746322632
YDR261C,YBR096W,0,-0.58123434,0.10317787528038025,1.0,0.8691999912261963
YOL062C,YDL046W,0,-0.5822302,0.10316723585128784,1.0,0.8693000078201294
YBR029C,YJR029W,0,-0.5830114,0.10315658897161484,1.0,0.8694000244140625
YBR091C,YHL035C,0,-0.5866132,0.10314594954252243,1.0,0.8694999814033508
YMR087W,YML094W,0,-0.58855927,0.10313531011343002,1.0,0.8695999979972839
YNL190W,YOR359W,0,-0.5906657,0.10312467813491821,1.0,0.869700014591217
YKL150W,YKL063C,0,-0.59126306,0.1031140461564064,1.0,0.8697999715805054
YNL145W,YLR165C,0,-0.5917536,0.10310341417789459,1.0,0.8698999881744385
YDR060W,YPL093W,0,-0.59334385,0.10309278219938278,1.0,0.8700000047683716
YMR282C,YDR086C,0,-0.59342146,0.10308215767145157,1.0,0.8701000213623047
YJR119C,YGL003C,0,-0.59354055,0.10307153314352036,1.0,0.870199978351593
YJL109C,YER153C,0,-0.5939405,0.10306090861558914,1.0,0.8702999949455261
YHR035W,YPL096W,0,-0.5943862,0.10305029153823853,1.0,0.8704000115394592
YKL149C,YBR078W,0,-0.5960065,0.10303966701030731,1.0,0.8705000281333923
YBL038W,YER044C,0,-0.5978315,0.10302905738353729,1.0,0.8705999851226807
YDL184C,YJR053W,0,-0.5984448,0.10301844030618668,1.0,0.8707000017166138
YLL009C,YMR217W,0,-0.59885705,0.10300783067941666,1.0,0.8708000183105469
YPR003C,YIL042C,0,-0.5998546,0.10299722105264664,1.0,0.8708999752998352
YLR050C,YML071C,0,-0.60204506,0.10298661142587662,1.0,0.8709999918937683
YNL052W,YOL122C,0,-0.60391223,0.1029760092496872,1.0,0.8711000084877014
YDL148C,YOR187W,0,-0.60429394,0.10296540707349777,1.0,0.8712000250816345
YHR035W,YER115C,0,-0.60468566,0.10295480489730835,1.0,0.8712999820709229
YCR105W,YHL040C,0,-0.6048056,0.10294420272111893,1.0,0.871399998664856
YDR276C,YLR239C,0,-0.605216,0.1029336079955101,1.0,0.8715000152587891
YBR158W,YHL044W,0,-0.6059135,0.10292301326990128,1.0,0.8715999722480774
YOL102C,YAL038W,0,-0.60638475,0.10291241854429245,1.0,0.8716999888420105
YNR022C,YMR009W,0,-0.6098567,0.10290183126926422,1.0,0.8718000054359436
YAR018C,YLL041C,0,-0.6127306,0.10289124399423599,1.0,0.8719000220298767
YMR186W,YOR382W,0,-0.61305416,0.10288065671920776,1.0,0.871999979019165
YDL031W,YLR293C,0,-0.6137825,0.10287007689476013,1.0,0.8720999956130981
YMR049C,YLR208W,0,-0.61582935,0.1028594970703125,1.0,0.8722000122070312
YNR040W,YKL109W,0,-0.6161039,0.10284891724586487,1.0,0.8723000288009644
YDR172W,YDL121C,0,-0.61767757,0.10283833742141724,1.0,0.8723999857902527
YJR041C,YGR180C,0,-0.61915815,0.1028277650475502,1.0,0.8725000023841858
YDR322W,YAL007C,0,-0.61971676,0.10281719267368317,1.0,0.8726000189781189
YOL092W,YLL029W,0,-0.6250322,0.10280662029981613,1.0,0.8726999759674072
YKL038W,YLR015W,0,-0.6250421,0.1027960553765297,1.0,0.8727999925613403
YCL017C,YBR023C,0,-0.62528265,0.10278548300266266,1.0,0.8729000091552734
YJR051W,YHR009C,0,-0.6259837,0.10277492552995682,1.0,0.8730000257492065
YDR268W,YPL271W,0,-0.626642,0.10276436060667038,1.0,0.8730999827384949
YIL113W,YOR351C,0,-0.62748206,0.10275380313396454,1.0,0.873199999332428
YNL218W,YDR018C,0,-0.6276187,0.1027432456612587,1.0,0.8733000159263611
YGR188C,YMR090W,0,-0.62991357,0.10273268818855286,1.0,0.8733999729156494
YGL259W,YCR024C,0,-0.62996006,0.10272213816642761,1.0,0.8734999895095825
YMR318C,YJR131W,0,-0.63040614,0.10271158814430237,1.0,0.8736000061035156
YLR060W,YIL096C,0,-0.63149476,0.10270103812217712,1.0,0.8737000226974487
YIL098C,YER017C,0,-0.63210857,0.10269048810005188,1.0,0.8737999796867371
YHL016C,YNL094W,0,-0.6352166,0.10267994552850723,1.0,0.8738999962806702
YLR050C,YLR223C,0,-0.6360625,0.10266940295696259,1.0,0.8740000128746033
YJL057C,YKR055W,0,-0.6361135,0.10265886783599854,1.0,0.8741000294685364
YJL011C,YKR104W,0,-0.6366484,0.10264832526445389,1.0,0.8741999864578247
YNL240C,YGR088W,0,-0.63805234,0.10263779014348984,1.0,0.8743000030517578
YPL028W,YDR033W,0,-0.6387732,0.10262725502252579,1.0,0.8744000196456909
YHR035W,YPL215W,0,-0.6399683,0.10261672735214233,1.0,0.8744999766349792
YPL207W,YGL226W,0,-0.64012754,0.10260619968175888,1.0,0.8745999932289124
YMR303C,YNL101W,0,-0.6405946,0.10259567201137543,1.0,0.8747000098228455
YMR311C,YCL068C,0,-0.64156306,0.10258514434099197,1.0,0.8748000264167786
YDR299W,YKR049C,0,-0.64215624,0.10257462412118912,1.0,0.8748999834060669
YER068W,YIL108W,0,-0.6422998,0.10256410390138626,1.0,0.875
YDR511W,YJL149W,0,-0.6437329,0.1025535836815834,1.0,0.8751000165939331
YDR252W,YNL268W,0,-0.64449763,0.10254307091236115,1.0,0.8751999735832214
YJR107W,YMR168C,0,-0.6455121,0.10253255069255829,1.0,0.8752999901771545
YGR001C,YDR377W,0,-0.64570105,0.10252204537391663,1.0,0.8754000067710876
YPL120W,YOL003C,0,-0.6464374,0.10251153260469437,1.0,0.8755000233650208
YMR160W,YBL041W,0,-0.64659965,0.1025010272860527,1.0,0.8755999803543091
YNL132W,YGR082W,0,-0.64944017,0.10249052196741104,1.0,0.8756999969482422
YGL190C,YKL062W,0,-0.6495117,0.10248001664876938,1.0,0.8758000135421753
YDR065W,YLL050C,0,-0.6497723,0.10246951878070831,1.0,0.8758999705314636
YBR218C,YHR067W,0,-0.65074575,0.10245901346206665,1.0,0.8759999871253967
YDR115W,YEL052W,0,-0.6512613,0.10244852304458618,1.0,0.8761000037193298
YPL042C,YJL059W,0,-0.65149105,0.10243802517652512,1.0,0.8762000203132629
YPL040C,YLR432W,0,-0.6517868,0.10242753475904465,1.0,0.8762999773025513
YLR467W,YHR080C,0,-0.6520349,0.10241704434156418,1.0,0.8763999938964844
YNL039W,YDR222W,0,-0.6548501,0.10240655392408371,1.0,0.8765000104904175
YOR217W,YDL171C,0,-0.6571034,0.10239607095718384,1.0,0.8766000270843506
YBL079W,YAR015W,0,-0.659037,0.10238558053970337,1.0,0.8766999840736389
YPR138C,YJL172W,0,-0.6602348,0.1023751050233841,1.0,0.876800000667572
YOR150W,YMR158W,0,-0.6602899,0.10236462205648422,1.0,0.8769000172615051
YHR197W,YGR037C,0,-0.6616235,0.10235414654016495,1.0,0.8769999742507935
YOR239W,YNR045W,0,-0.66209066,0.10234367102384567,1.0,0.8770999908447266
YMR307W,YOR236W,0,-0.6656275,0.1023331955075264,1.0,0.8772000074386597
YKR085C,YHR009C,0,-0.66604173,0.10232272744178772,1.0,0.8773000240325928
YMR224C,YJL114W,0,-0.6693363,0.10231225937604904,1.0,0.8773999810218811
YGR143W,YLL066C,0,-0.6701045,0.10230179131031036,1.0,0.8774999976158142
YGR185C,YFL036W,0,-0.67086613,0.10229132324457169,1.0,0.8776000142097473
YER139C,YDL082W,0,-0.67131615,0.1022808626294136,1.0,0.8776999711990356
YLR278C,YMR319C,0,-0.6713598,0.10227040201425552,1.0,0.8777999877929688
YBR182C,YGR241C,0,-0.6719948,0.10225994139909744,1.0,0.8779000043869019
YKL161C,YNL176C,0,-0.67281914,0.10224948823451996,1.0,0.878000020980835
YGL141W,YDR476C,0,-0.6730622,0.10223903506994247,1.0,0.8780999779701233
YCL075W,YOL010W,0,-0.6746602,0.10222858190536499,1.0,0.8781999945640564
YKL164C,YHR190W,0,-0.67671263,0.1022181361913681,1.0,0.8783000111579895
YOR059C,YAR027W,0,-0.67681456,0.10220768302679062,1.0,0.8784000277519226
YNL153C,YNL045W,0,-0.67686975,0.10219723731279373,1.0,0.8784999847412109
YIL143C,YDL124W,0,-0.67753506,0.10218679904937744,1.0,0.878600001335144
YGL060W,YMR114C,0,-0.6781372,0.10217635333538055,1.0,0.8787000179290771
YMR133W,YOL052C,0,-0.6785859,0.10216591507196426,1.0,0.8787999749183655
YBR046C,YGR253C,0,-0.67938006,0.10215548425912857,1.0,0.8788999915122986
YKL094W,YOL052C-A,0,-0.6800493,0.10214504599571228,1.0,0.8790000081062317
YMR243C,YFL011W,0,-0.6805949,0.10213461518287659,1.0,0.8791000247001648
YPR071W,YOL125W,0,-0.6809157,0.1021241843700409,1.0,0.8791999816894531
YOR078W,YPL269W,0,-0.6811297,0.1021137535572052,1.0,0.8792999982833862
YFR049W,YGR178C,0,-0.6813642,0.1021033301949501,1.0,0.8794000148773193
YMR012W,YDR252W,0,-0.6815407,0.10209290683269501,1.0,0.8794999718666077
YGL078C,YGR105W,0,-0.68252146,0.10208248347043991,1.0,0.8795999884605408
YNR035C,YDR175C,0,-0.68280125,0.10207206010818481,1.0,0.8797000050544739
YOR136W,YGL229C,0,-0.68309104,0.10206164419651031,1.0,0.879800021648407
YML021C,YBR016W,0,-0.6831225,0.10205122828483582,1.0,0.8798999786376953
YPL144W,YMR022W,0,-0.683431,0.10204081982374191,1.0,0.8799999952316284
YGL009C,YHR201C,0,-0.6839968,0.10203040391206741,1.0,0.8801000118255615
YBL090W,YNL045W,0,-0.68808234,0.10201999545097351,1.0,0.8802000284194946
YPL113C,YGR295C,0,-0.6896179,0.10200958698987961,1.0,0.880299985408783
YDR365C,YGL147C,0,-0.6909369,0.1019991859793663,1.0,0.8804000020027161
YAL023C,YGL170C,0,-0.6925529,0.1019887775182724,1.0,0.8805000185966492
YJR041C,YKL197C,0,-0.6944231,0.10197838395833969,1.0,0.8805999755859375
YGL233W,YBR159W,0,-0.69522583,0.10196798294782639,1.0,0.8806999921798706
YCL032W,YDR496C,0,-0.69565356,0.10195758193731308,1.0,0.8808000087738037
YML132W,YMR226C,0,-0.6957631,0.10194718837738037,1.0,0.8809000253677368
YGR085C,YJL157C,0,-0.6959013,0.10193680226802826,1.0,0.8809999823570251
YBR048W,YLR367W,0,-0.696478,0.10192640870809555,1.0,0.8810999989509583
YIL070C,YJL164C,0,-0.69864905,0.10191602259874344,1.0,0.8812000155448914
YLR139C,YNL217W,0,-0.6987313,0.10190563648939133,1.0,0.8812999725341797
YLR025W,YER063W,0,-0.699584,0.10189525038003922,1.0,0.8813999891281128
YPL189W,YGL231C,0,-0.6999407,0.1018848717212677,1.0,0.8815000057220459
YDL046W,YLR194C,0,-0.7001462,0.10187449306249619,1.0,0.881600022315979
YGL010W,YJR082C,0,-0.7032187,0.10186411440372467,1.0,0.8816999793052673
YGL113W,YGR122W,0,-0.7058362,0.10185373574495316,1.0,0.8817999958992004
YOR297C,YOR075W,0,-0.7090039,0.10184336453676224,1.0,0.8819000124931335
YKR093W,YLL045C,0,-0.70964575,0.10183299332857132,1.0,0.8820000290870667
YEL062W,YPL093W,0,-0.71105504,0.1018226221203804,1.0,0.882099986076355
YNL176C,YIL072W,0,-0.7129288,0.10181225836277008,1.0,0.8822000026702881
YOR207C,YPL043W,0,-0.71294785,0.10180189460515976,1.0,0.8823000192642212
YGL030W,YFL044C,0,-0.71401787,0.10179153084754944,1.0,0.8823999762535095
YHR059W,YKL078W,0,-0.714085,0.10178116708993912,1.0,0.8824999928474426
YNL218W,YLR345W,0,-0.71425736,0.1017708107829094,1.0,0.8826000094413757
YMR262W,YEL024W,0,-0.71427155,0.10176045447587967,1.0,0.8827000260353088
YGR037C,YGR244C,0,-0.7149259,0.10175009816884995,1.0,0.8827999830245972
YDR375C,YFR049W,0,-0.7165934,0.10173974931240082,1.0,0.8828999996185303
YOL057W,YPL269W,0,-0.71775746,0.10172940045595169,1.0,0.8830000162124634
YCL018W,YLR352W,0,-0.7178221,0.10171905159950256,1.0,0.8830999732017517
YLR359W,YKL110C,0,-0.71785784,0.10170870274305344,1.0,0.8831999897956848
YNL259C,YNL293W,0,-0.7179949,0.1016983613371849,1.0,0.8833000063896179
YNR019W,YJL106W,0,-0.71810246,0.10168801993131638,1.0,0.883400022983551
YHR101C,YML051W,0,-0.71854246,0.10167767852544785,1.0,0.8834999799728394
YGR222W,YDR165W,0,-0.7190107,0.10166734457015991,1.0,0.8835999965667725
YHR089C,YNR045W,0,-0.72027683,0.10165701061487198,1.0,0.8837000131607056
YHR193C,YGR264C,0,-0.72075737,0.10164667665958405,1.0,0.8838000297546387
YPL027W,YDR358W,0,-0.7215208,0.10163634270429611,1.0,0.883899986743927
YJL155C,YBL028C,0,-0.7229005,0.10162601619958878,1.0,0.8840000033378601
YHR214W,YOR129C,0,-0.72560203,0.10161568969488144,1.0,0.8841000199317932
YKR030W,YBR031W,0,-0.72627866,0.1016053631901741,1.0,0.8841999769210815
YOL086C,YBR054W,0,-0.7300459,0.10159504413604736,1.0,0.8842999935150146
YDR090C,YDR411C,0,-0.7319832,0.10158472508192062,1.0,0.8844000101089478
YDR138W,YLR284C,0,-0.732136,0.10157440602779388,1.0,0.8845000267028809
YNL065W,YJL071W,0,-0.73516774,0.10156408697366714,1.0,0.8845999836921692
YER174C,YPL183W-A,0,-0.73564875,0.101553775370121,1.0,0.8847000002861023
YGL139W,YDR090C,0,-0.7369689,0.10154346376657486,1.0,0.8848000168800354
YDR259C,YJL024C,0,-0.73889124,0.10153315216302872,1.0,0.8848999738693237
YNL061W,YDR341C,0,-0.7391826,0.10152284055948257,1.0,0.8849999904632568
YGL027C,YML018C,0,-0.74073446,0.10151253640651703,1.0,0.8851000070571899
YKL026C,YMR081C,0,-0.7412206,0.10150223225355148,1.0,0.885200023651123
YPR134W,YGL157W,0,-0.74274087,0.10149192810058594,1.0,0.8852999806404114
YAL038W,YGL014W,0,-0.7433455,0.10148163139820099,1.0,0.8853999972343445
YML042W,YOR098C,0,-0.7442349,0.10147133469581604,1.0,0.8855000138282776
YHR122W,YPR060C,0,-0.7444974,0.10146103799343109,1.0,0.8855999708175659
YER096W,YKR038C,0,-0.74586606,0.10145074874162674,1.0,0.885699987411499
YBR115C,YLR301W,0,-0.7489089,0.10144045203924179,1.0,0.8858000040054321
YGL123W,YJL200C,0,-0.75016606,0.10143016278743744,1.0,0.8859000205993652
YAL003W,YDL081C,0,-0.7502495,0.10141988098621368,1.0,0.8859999775886536
YDL143W,YLR194C,0,-0.75159764,0.10140959173440933,1.0,0.8860999941825867
YKL028W,YHR073W,0,-0.75282073,0.10139930993318558,1.0,0.8862000107765198
YDR533C,YDR403W,0,-0.75359917,0.10138902813196182,1.0,0.8863000273704529
YJL103C,YDR471W,0,-0.7556733,0.10137875378131866,1.0,0.8863999843597412
YMR262W,YPR095C,0,-0.755862,0.10136847198009491,1.0,0.8865000009536743
YMR074C,YJL060W,0,-0.7601651,0.10135819762945175,1.0,0.8866000175476074
YLR206W,YLR426W,0,-0.7603202,0.10134793072938919,1.0,0.8866999745368958
YDR019C,YPR041W,0,-0.76119924,0.10133765637874603,1.0,0.8867999911308289
YMR026C,YFR050C,0,-0.7621349,0.10132738947868347,1.0,0.886900007724762
YKL145W,YBR158W,0,-0.7627593,0.10131712257862091,1.0,0.8870000243186951
YOL126C,YHL034C,0,-0.7637553,0.10130685567855835,1.0,0.8870999813079834
YBR107C,YJR121W,0,-0.7641059,0.10129659622907639,1.0,0.8871999979019165
YDR510W,YLL055W,0,-0.7659967,0.10128633677959442,1.0,0.8873000144958496
YJL144W,YDR131C,0,-0.7667886,0.10127607733011246,1.0,0.8873999714851379
YNL046W,YBR168W,0,-0.76815975,0.10126582533121109,1.0,0.887499988079071
YNL008C,YOL124C,0,-0.7708317,0.10125556588172913,1.0,0.8876000046730042
YMR165C,YNL128W,0,-0.7709602,0.10124531388282776,1.0,0.8877000212669373
YBL074C,YDR178W,0,-0.7709662,0.10123506933450699,1.0,0.8877999782562256
YML100W,YLL016W,0,-0.7728131,0.10122481733560562,1.0,0.8878999948501587
YOR004W,YDR004W,0,-0.7757269,0.10121457278728485,1.0,0.8880000114440918
YNL079C,YMR130W,0,-0.77625287,0.10120432823896408,1.0,0.8881000280380249
YLL026W,YGR135W,0,-0.77669466,0.10119409114122391,1.0,0.8881999850273132
YMR050C,YLL031C,0,-0.77757394,0.10118385404348373,1.0,0.8883000016212463
YLR126C,YDL223C,0,-0.77795434,0.10117361694574356,1.0,0.8884000182151794
YLR075W,YBR043C,0,-0.778283,0.10116337984800339,1.0,0.8884999752044678
YNL095C,YKL179C,0,-0.77885616,0.10115314275026321,1.0,0.8885999917984009
YOR288C,YCR047C,0,-0.7799976,0.10114291310310364,1.0,0.888700008392334
YLR189C,YJL129C,0,-0.78019154,0.10113268345594406,1.0,0.8888000249862671
YNL282W,YIR014W,0,-0.7814778,0.10112246125936508,1.0,0.8888999819755554
YKL081W,YOR207C,0,-0.78275454,0.1011122316122055,1.0,0.8889999985694885
YDL099W,YGR020C,0,-0.78338516,0.10110200941562653,1.0,0.8891000151634216
YER180C,YOL002C,0,-0.78339744,0.10109179466962814,1.0,0.88919997215271
YPL239W,YPL087W,0,-0.7837068,0.10108157247304916,1.0,0.8892999887466431
YGR235C,YHR082C,0,-0.78379285,0.10107135772705078,1.0,0.8894000053405762
YNL247W,YMR143W,0,-0.78677833,0.1010611429810524,1.0,0.8895000219345093
YBR207W,YML028W,0,-0.7883924,0.10105092823505402,1.0,0.8895999789237976
YGL010W,YNL130C,0,-0.7894715,0.10104072093963623,1.0,0.8896999955177307
YBR034C,YOR099W,0,-0.7915162,0.10103051364421844,1.0,0.8898000121116638
YMR150C,YLR352W,0,-0.79255354,0.10102030634880066,1.0,0.8899000287055969
YHR140W,YDR083W,0,-0.7931253,0.10101009905338287,1.0,0.8899999856948853
YJR051W,YCL026C-B,0,-0.79485774,0.10099989920854568,1.0,0.8901000022888184
YBL074C,YDR109C,0,-0.79636514,0.1009896993637085,1.0,0.8902000188827515
YKL145W,YLL009C,0,-0.7965447,0.10097949951887131,1.0,0.8902999758720398
YDR402C,YBR301W,0,-0.7968955,0.10096930712461472,1.0,0.8903999924659729
YER138C,YDR461W,0,-0.7998477,0.10095911473035812,1.0,0.890500009059906
YOR267C,YFL035C-B,0,-0.80031097,0.10094892233610153,1.0,0.8906000256538391
YDL129W,YHR090C,0,-0.80116904,0.10093872994184494,1.0,0.8906999826431274
YDR372C,YML087C,0,-0.80138457,0.10092854499816895,1.0,0.8907999992370605
YDR033W,YKL172W,0,-0.8023912,0.10091836005449295,1.0,0.8909000158309937
YPL203W,YDL024C,0,-0.8026923,0.10090817511081696,1.0,0.890999972820282
YNL175C,YAR019C,0,-0.807104,0.10089799016714096,1.0,0.8910999894142151
YCR063W,YMR315W,0,-0.8071724,0.10088781267404556,1.0,0.8912000060081482
YJL144W,YGL089C,0,-0.8095654,0.10087763518095016,1.0,0.8913000226020813
YJL158C,YNL024C,0,-0.8099332,0.10086745768785477,1.0,0.8913999795913696
YOL009C,YOR206W,0,-0.812183,0.10085728764533997,1.0,0.8914999961853027
YDL223C,YDL149W,0,-0.8132988,0.10084711760282516,1.0,0.8916000127792358
YBL007C,YOR230W,0,-0.81369317,0.10083694756031036,1.0,0.891700029373169
YBR156C,YIL005W,0,-0.8137449,0.10082677751779556,1.0,0.8917999863624573
YGR012W,YNR037C,0,-0.8156816,0.10081661492586136,1.0,0.8919000029563904
YER142C,YCR031C,0,-0.817191,0.10080645233392715,1.0,0.8920000195503235
YDR261C,YJL053W,0,-0.817392,0.10079628974199295,1.0,0.8920999765396118
YNL159C,YDL114W,0,-0.8179518,0.10078613460063934,1.0,0.8921999931335449
YML016C,YGL115W,0,-0.8198345,0.10077597200870514,1.0,0.892300009727478
YGL246C,YPR137W,0,-0.82005525,0.10076581686735153,1.0,0.8924000263214111
YKR075C,YJL134W,0,-0.82208586,0.10075566917657852,1.0,0.8924999833106995
YPR046W,YDR248C,0,-0.8245567,0.10074551403522491,1.0,0.8925999999046326
YJL156C,YDL223C,0,-0.82476556,0.1007353663444519,1.0,0.8927000164985657
YDL202W,YPL134C,0,-0.8254963,0.1007252186536789,1.0,0.892799973487854
YLR001C,YGL210W,0,-0.8258189,0.10071507841348648,1.0,0.8928999900817871
YNL065W,YDR262W,0,-0.8258232,0.10070493817329407,1.0,0.8930000066757202
YJL219W,YNL185C,0,-0.82660615,0.10069479048252106,1.0,0.8931000232696533
YFR018C,YMR017W,0,-0.8269646,0.10068465769290924,1.0,0.8931999802589417
YFR041C,YNR047W,0,-0.8308903,0.10067451745271683,1.0,0.8932999968528748
YMR128W,YKR078W,0,-0.8313291,0.10066438466310501,1.0,0.8934000134468079
YOL057W,YHR047C,0,-0.8324102,0.1006542518734932,1.0,0.8934999704360962
YOL165C,YIL009W,0,-0.83487034,0.10064411908388138,1.0,0.8935999870300293
YJR070C,YDR148C,0,-0.83525336,0.10063399374485016,1.0,0.8937000036239624
YDR285W,YHR214W,0,-0.83623767,0.10062386840581894,1.0,0.8938000202178955
YBL058W,YLL043W,0,-0.83946383,0.10061374306678772,1.0,0.8938999772071838
YFR018C,YIR015W,0,-0.8400098,0.1006036251783371,1.0,0.8939999938011169
YJL124C,YLR356W,0,-0.84184444,0.10059349983930588,1.0,0.89410001039505
YLR438C-A,YEL012W,0,-0.84268975,0.10058338195085526,1.0,0.8942000269889832
YBL051C,YHR066W,0,-0.8461977,0.10057326406240463,1.0,0.8942999839782715
YPR133C,YER103W,0,-0.85194576,0.1005631536245346,1.0,0.8944000005722046
YDL185W,YGL089C,0,-0.85457456,0.10055304318666458,1.0,0.8945000171661377
YIL096C,YEL021W,0,-0.85496676,0.10054293274879456,1.0,0.894599974155426
YLR164W,YDL087C,0,-0.8549882,0.10053282231092453,1.0,0.8946999907493591
YGR085C,YHL044W,0,-0.8558086,0.1005227193236351,1.0,0.8948000073432922
YOR078W,YOR143C,0,-0.85611737,0.10051261633634567,1.0,0.8949000239372253
YLR158C,YGR120C,0,-0.85616314,0.10050251334905624,1.0,0.8949999809265137
YDR367W,YHR122W,0,-0.8563522,0.10049241036176682,1.0,0.8950999975204468
YER142C,YER143W,0,-0.8584932,0.10048231482505798,1.0,0.8952000141143799
YBR074W,YDL211C,0,-0.8628701,0.10047221928834915,1.0,0.8952999711036682
YDR518W,YIL108W,0,-0.8639227,0.10046212375164032,1.0,0.8953999876976013
YDR326C,YGR103W,0,-0.8647748,0.10045203566551208,1.0,0.8955000042915344
YJL059W,YMR210W,0,-0.8667716,0.10044194757938385,1.0,0.8956000208854675
YDL148C,YMR059W,0,-0.86720645,0.10043185949325562,1.0,0.8956999778747559
YNL121C,YKL067W,0,-0.8676084,0.10042177140712738,1.0,0.895799994468689
YJR097W,YNL045W,0,-0.8690535,0.10041169077157974,1.0,0.8959000110626221
YBR107C,YLR107W,0,-0.8719076,0.1004016101360321,1.0,0.8960000276565552
YDR529C,YPL150W,0,-0.8723277,0.10039152950048447,1.0,0.8960999846458435
YDR050C,YKL180W,0,-0.8729054,0.10038144886493683,1.0,0.8962000012397766
YLR086W,YER091C,0,-0.8733777,0.10037137567996979,1.0,0.8963000178337097
YGR071C,YLR360W,0,-0.8752476,0.10036130249500275,1.0,0.896399974822998
YPL074W,YLL053C,0,-0.8809346,0.1003512293100357,1.0,0.8964999914169312
YLR224W,YPL085W,0,-0.8852922,0.10034116357564926,1.0,0.8966000080108643
YFL021W,YHL035C,0,-0.8861278,0.10033109039068222,1.0,0.8967000246047974
YKR026C,YMR081C,0,-0.8862771,0.10032102465629578,1.0,0.8967999815940857
YML037C,YOR063W,0,-0.8882235,0.10031096637248993,1.0,0.8968999981880188
YEL024W,YNL208W,0,-0.88879025,0.10030090063810349,1.0,0.8970000147819519
YEL048C,YDR358W,0,-0.8896302,0.10029084235429764,1.0,0.8970999717712402
YOR228C,YPL225W,0,-0.8935994,0.10028078407049179,1.0,0.8971999883651733
YGL107C,YJR021C,0,-0.89505446,0.10027073323726654,1.0,0.8973000049591064
YKR096W,YBL089W,0,-0.89641273,0.1002606749534607,1.0,0.8974000215530396
YJL087C,YDR347W,0,-0.89642775,0.10025062412023544,1.0,0.8974999785423279
YKR006C,YBL057C,0,-0.8971201,0.10024058073759079,1.0,0.897599995136261
YPL103C,YMR156C,0,-0.89860046,0.10023052990436554,1.0,0.8977000117301941
YJL112W,YHL035C,0,-0.8986224,0.10022048652172089,1.0,0.8978000283241272
YDL070W,YER130C,0,-0.8993939,0.10021044313907623,1.0,0.8978999853134155
YPL226W,YGR075C,0,-0.89956105,0.10020039975643158,1.0,0.8980000019073486
YMR150C,YOL028C,0,-0.900524,0.10019036382436752,1.0,0.8981000185012817
YIL064W,YLR390W,0,-0.9016496,0.10018032789230347,1.0,0.8981999754905701
YDR025W,YGL076C,0,-0.90257823,0.10017029196023941,1.0,0.8982999920845032
YER060W,YER131W,0,-0.9045769,0.10016025602817535,1.0,0.8984000086784363
YEL062W,YDR261C,0,-0.90494,0.1001502275466919,1.0,0.8985000252723694
YLR364W,YGL171W,0,-0.90612257,0.10014019906520844,1.0,0.8985999822616577
YGR080W,YNR045W,0,-0.9070214,0.10013017058372498,1.0,0.8986999988555908
YIL034C,YNL180C,0,-0.9070419,0.10012014210224152,1.0,0.8988000154495239
YML063W,YBR061C,0,-0.9075197,0.10011012107133865,1.0,0.8988999724388123
YOL057W,YNL199C,0,-0.9090687,0.10010010004043579,1.0,0.8989999890327454
YER125W,YBR128C,0,-0.90921175,0.10009007900953293,1.0,0.8991000056266785
YPL163C,YBR177C,0,-0.9104439,0.10008006542921066,1.0,0.8992000222206116
YLR160C,YMR025W,0,-0.91179216,0.1000700518488884,1.0,0.8992999792098999
YAL003W,YDR496C,0,-0.9141334,0.10006003826856613,1.0,0.899399995803833
YOR297C,YDR060W,0,-0.9153186,0.10005002468824387,1.0,0.8995000123977661
YPL168W,YPR060C,0,-0.9168116,0.1000400185585022,1.0,0.8996000289916992
YJL219W,YER154W,0,-0.9191083,0.10003001242876053,1.0,0.8996999859809875
YGL093W,YIL014W,0,-0.91938174,0.10002000629901886,1.0,0.8998000025749207
YPR160W,YDR410C,0,-0.9205116,0.10001000016927719,1.0,0.8999000191688538
YLR126C,YDL030W,0,-0.9210268,0.10000000149011612,1.0,0.8999999761581421
YDL031W,YKR059W,0,-0.92244565,0.09999000281095505,1.0,0.9000999927520752
YHR029C,YMR217W,0,-0.9224776,0.09998000413179398,1.0,0.9002000093460083
YAL023C,YML116W,0,-0.92389953,0.0999700054526329,1.0,0.9003000259399414
YBR118W,YOL029C,0,-0.9247898,0.09996001422405243,1.0,0.9003999829292297
YGL183C,YER082C,0,-0.92622507,0.09995002299547195,1.0,0.9004999995231628
YKL099C,YDR465C,0,-0.92635405,0.09994003921747208,1.0,0.900600016117096
YMR318C,YPL134C,0,-0.92747605,0.0999300479888916,1.0,0.9006999731063843
YBR141C,YML031W,0,-0.9279121,0.09992006421089172,1.0,0.9007999897003174
YBL041W,YPL002C,0,-0.92906415,0.09991008043289185,1.0,0.9009000062942505
YJL095W,YNR003C,0,-0.92990196,0.09990009665489197,1.0,0.9010000228881836
YGR077C,YOL077C,0,-0.9323622,0.09989012032747269,1.0,0.9010999798774719
YNL010W,YHR101C,0,-0.9324044,0.0998801440000534,1.0,0.901199996471405
YGR008C,YAL039C,0,-0.9347614,0.09987016767263412,1.0,0.9013000130653381
YBR034C,YPR057W,0,-0.9356185,0.09986019879579544,1.0,0.9014000296592712
YDR365C,YBR054W,0,-0.93600214,0.09985022246837616,1.0,0.9014999866485596
YHL047C,YGR216C,0,-0.9406179,0.09984025359153748,1.0,0.9016000032424927
YKR095W,YDR273W,0,-0.94401586,0.09983029216527939,1.0,0.9017000198364258
YGR158C,YLR097C,0,-0.9467038,0.0998203232884407,1.0,0.9017999768257141
YLR353W,YPL196W,0,-0.9469851,0.09981036186218262,1.0,0.9018999934196472
YAL054C,YNL183C,0,-0.94814837,0.09980040043592453,1.0,0.9020000100135803
YBR084W,YBL076C,0,-0.94835794,0.09979043900966644,1.0,0.9021000266075134
YER168C,YML047C,0,-0.9484724,0.09978048503398895,1.0,0.9021999835968018
YLR158C,YBL054W,0,-0.94961846,0.09977053105831146,1.0,0.9023000001907349
YOR322C,YMR210W,0,-0.95212996,0.09976057708263397,1.0,0.902400016784668
YHR080C,YBL054W,0,-0.95260274,0.09975062310695648,1.0,0.9024999737739563
YPL179W,YGR288W,0,-0.9543065,0.09974067658185959,1.0,0.9025999903678894
YLR014C,YFR047C,0,-0.954316,0.0997307300567627,1.0,0.9027000069618225
YLR131C,YCL068C,0,-0.9543389,0.0997207835316658,1.0,0.9028000235557556
YJL103C,YGR076C,0,-0.9547714,0.09971083700656891,1.0,0.902899980545044
YIL133C,YJR015W,0,-0.9563266,0.09970089793205261,1.0,0.902999997138977
YLR001C,YMR055C,0,-0.9563607,0.09969095885753632,1.0,0.9031000137329102
YJL124C,YDR444W,0,-0.9579543,0.09968101978302002,1.0,0.9031999707221985
YJR133W,YOL059W,0,-0.95869577,0.09967108815908432,1.0,0.9032999873161316
YER020W,YJL060W,0,-0.96003234,0.09966114908456802,1.0,0.9034000039100647
YBR241C,YLR312W-A,0,-0.9635755,0.09965121746063232,1.0,0.9035000205039978
YDL100C,YBR097W,0,-0.9661256,0.09964129328727722,1.0,0.9035999774932861
YER056C-A,YJR031C,0,-0.96900976,0.09963136166334152,1.0,0.9036999940872192
YLR247C,YLR189C,0,-0.9694003,0.09962143748998642,1.0,0.9038000106811523
YLR093C,YDR239C,0,-0.96948135,0.09961151331663132,1.0,0.9039000272750854
YJR033C,YIL064W,0,-0.9698471,0.09960159659385681,1.0,0.9039999842643738
YDR003W,YGL148W,0,-0.97271717,0.09959167242050171,1.0,0.9041000008583069
YFL036W,YKL063C,0,-0.97461045,0.0995817556977272,1.0,0.90420001745224
YPL038W,YPR163C,0,-0.97507656,0.0995718389749527,1.0,0.9042999744415283
YBR141C,YMR130W,0,-0.9756185,0.09956192970275879,1.0,0.9043999910354614
YHR025W,YEL052W,0,-0.9776288,0.09955201297998428,1.0,0.9045000076293945
YLL009C,YLR324W,0,-0.9789568,0.09954210370779037,1.0,0.9046000242233276
YHR156C,YMR166C,0,-0.97918594,0.09953220188617706,1.0,0.904699981212616
YGL183C,YNL127W,0,-0.97989213,0.09952229261398315,1.0,0.9047999978065491
YAL063C,YKR083C,0,-0.9815272,0.09951239079236984,1.0,0.9049000144004822
YGR026W,YBR243C,0,-0.9830047,0.09950248897075653,1.0,0.9049999713897705
YKL170W,YPL087W,0,-0.98348916,0.09949258714914322,1.0,0.9050999879837036
YKL171W,YOR273C,0,-0.9836451,0.0994826927781105,1.0,0.9052000045776367
YER184C,YLR327C,0,-0.9836985,0.09947279095649719,1.0,0.9053000211715698
YOL011W,YJR010W,0,-0.9841095,0.09946290403604507,1.0,0.9053999781608582
YLR395C,YKL217W,0,-0.9879447,0.09945300966501236,1.0,0.9054999947547913
YOR187W,YOR084W,0,-0.9883834,0.09944311529397964,1.0,0.9056000113487244
YJL144W,YKL041W,0,-0.99191487,0.09943322837352753,1.0,0.9057000279426575
YNL274C,YNL085W,0,-0.9928528,0.09942334145307541,1.0,0.9057999849319458
YOL062C,YGR008C,0,-0.9929179,0.09941346198320389,1.0,0.9059000015258789
YBR141C,YPL233W,0,-0.99327266,0.09940357506275177,1.0,0.906000018119812
YGR052W,YDR057W,0,-0.99670017,0.09939369559288025,1.0,0.9060999751091003
YLR251W,YLR324W,0,-0.99925005,0.09938382357358932,1.0,0.9061999917030334
YDR115W,YKL058W,0,-0.99960816,0.0993739441037178,1.0,0.9063000082969666
YIL173W,YPL220W,0,-1.000183,0.09936407208442688,1.0,0.9064000248908997
YLL018C-A,YHR020W,0,-1.0016698,0.09935420006513596,1.0,0.906499981880188
YGL229C,YGR159C,0,-1.0026642,0.09934432804584503,1.0,0.9065999984741211
YKL171W,YOL117W,0,-1.0032915,0.09933445602655411,1.0,0.9067000150680542
YER125W,YBR273C,0,-1.0036639,0.09932459145784378,1.0,0.9067999720573425
YKR096W,YNL214W,0,-1.0052172,0.09931472688913345,1.0,0.9068999886512756
YBR159W,YGR138C,0,-1.0104841,0.09930486232042313,1.0,0.9070000052452087
YJL085W,YKL077W,0,-1.012369,0.0992950052022934,1.0,0.9071000218391418
YBR016W,YBR162W-A,0,-1.0125583,0.09928514808416367,1.0,0.9071999788284302
YCL047C,YML061C,0,-1.013398,0.09927529096603394,1.0,0.9072999954223633
YDR393W,YDL085W,0,-1.0134043,0.0992654338479042,1.0,0.9074000120162964
YPL175W,YHR080C,0,-1.0137342,0.09925558418035507,1.0,0.9075000286102295
YPR127W,YDR425W,0,-1.0154237,0.09924573451280594,1.0,0.9075999855995178
YJR046W,YCR021C,0,-1.0155076,0.0992358848452568,1.0,0.9077000021934509
YOL107W,YOL133W,0,-1.0174595,0.09922603517770767,1.0,0.907800018787384
YKL003C,YDL024C,0,-1.0196372,0.09921619296073914,1.0,0.9078999757766724
YCL034W,YLR190W,0,-1.0197641,0.0992063507437706,1.0,0.9079999923706055
YGL226C-A,YFR015C,0,-1.0205177,0.09919650852680206,1.0,0.9081000089645386
YMR173W,YJL033W,0,-1.0231293,0.09918666630983353,1.0,0.9082000255584717
YDR012W,YLR209C,0,-1.0238217,0.09917683154344559,1.0,0.90829998254776
YLR201C,YHR020W,0,-1.0264798,0.09916699677705765,1.0,0.9083999991416931
YGR181W,YIL007C,0,-1.0282212,0.09915716201066971,1.0,0.9085000157356262
YJL221C,YPR041W,0,-1.0294393,0.09914733469486237,1.0,0.9085999727249146
YCR098C,YNL208W,0,-1.0297936,0.09913750737905502,1.0,0.9086999893188477
YPL043W,YNL288W,0,-1.031552,0.09912768006324768,1.0,0.9088000059127808
YMR054W,YLR126C,0,-1.0376157,0.09911785274744034,1.0,0.9089000225067139
YGR029W,YLL041C,0,-1.0380746,0.099108025431633,1.0,0.9089999794960022
YOR004W,YJL112W,0,-1.0400571,0.09909820556640625,1.0,0.9090999960899353
YPL143W,YIL171W,0,-1.0412382,0.0990883857011795,1.0,0.9092000126838684
YLR017W,YER014C-A,0,-1.0445868,0.09907856583595276,1.0,0.9093000292778015
YMR071C,YKL206C,0,-1.0455235,0.09906875342130661,1.0,0.9093999862670898
YGR185C,YKL178C,0,-1.046944,0.09905894100666046,1.0,0.909500002861023
YMR306W,YDL208W,0,-1.0492877,0.09904912859201431,1.0,0.909600019454956
YHR105W,YML054C,0,-1.0502733,0.09903931617736816,1.0,0.9096999764442444
YGR035C,YOL084W,0,-1.0505322,0.09902951121330261,1.0,0.9097999930381775
YKR095W,YDR109C,0,-1.0530428,0.09901970624923706,1.0,0.9099000096321106
YLL038C,YDR131C,0,-1.0534059,0.09900990128517151,1.0,0.9100000262260437
YDR418W,YDR449C,0,-1.0535566,0.09900009632110596,1.0,0.910099983215332
YNL048W,YGR094W,0,-1.0535587,0.098990298807621,1.0,0.9101999998092651
YIL047C,YAL026C,0,-1.0590194,0.09898050129413605,1.0,0.9103000164031982
YNR032C-A,YDR500C,0,-1.0597199,0.09897070378065109,1.0,0.9103999733924866
YDL069C,YDR173C,0,-1.0613486,0.09896091371774673,1.0,0.9104999899864197
YJR022W,YDR465C,0,-1.0622846,0.09895111620426178,1.0,0.9106000065803528
YMR001C,YBL054W,0,-1.0638939,0.09894132614135742,1.0,0.9107000231742859
YDR508C,YOR099W,0,-1.0659112,0.09893153607845306,1.0,0.9107999801635742
YPR106W,YGL151W,0,-1.0661234,0.0989217534661293,1.0,0.9108999967575073
YDR103W,YHL035C,0,-1.0665976,0.09891197085380554,1.0,0.9110000133514404
YBR294W,YGR184C,0,-1.0678715,0.09890218824148178,1.0,0.9110999703407288
YHR002W,YJL096W,0,-1.0691828,0.09889240562915802,1.0,0.9111999869346619
YNL262W,YDR283C,0,-1.0738963,0.09888262301683426,1.0,0.911300003528595
YDL124W,YGR076C,0,-1.0745963,0.0988728478550911,1.0,0.9114000201225281
YFL039C,YDL018C,0,-1.0746115,0.09886307269334793,1.0,0.9114999771118164
YLL014W,YPL095C,0,-1.0784913,0.09885330498218536,1.0,0.9115999937057495
YMR112C,YJR073C,0,-1.0801207,0.0988435298204422,1.0,0.9117000102996826
YOL057W,YIR004W,0,-1.08221,0.09883376210927963,1.0,0.9118000268936157
YLL016W,YDR246W,0,-1.082353,0.09882399439811707,1.0,0.911899983882904
YOR192C,YLR196W,0,-1.0833062,0.0988142266869545,1.0,0.9120000004768372
YJR107W,YMR261C,0,-1.085884,0.09880446642637253,1.0,0.9121000170707703
YDR036C,YLR299W,0,-1.0864583,0.09879470616579056,1.0,0.9121999740600586
YDL231C,YOR043W,0,-1.0898484,0.09878494590520859,1.0,0.9122999906539917
YMR304W,YDR373W,0,-1.0903724,0.09877518564462662,1.0,0.9124000072479248
YDL112W,YLR010C,0,-1.0923718,0.09876543283462524,1.0,0.9125000238418579
YOR226C,YOR148C,0,-1.0934666,0.09875568002462387,1.0,0.9125999808311462
YNL190W,YHR064C,0,-1.0937303,0.0987459272146225,1.0,0.9126999974250793
YBL112C,YOR151C,0,-1.0951828,0.09873617440462112,1.0,0.9128000140190125
YIL036W,YBL028C,0,-1.0966259,0.09872642904520035,1.0,0.9128999710083008
YML081C-A,YFR001W,0,-1.0982121,0.09871668368577957,1.0,0.9129999876022339
YOR297C,YKR102W,0,-1.0999509,0.0987069383263588,1.0,0.913100004196167
YNL191W,YNR045W,0,-1.0999583,0.09869720041751862,1.0,0.9132000207901001
YPR110C,YDR038C,0,-1.1011556,0.09868745505809784,1.0,0.9132999777793884
YPL172C,YGR138C,0,-1.1016496,0.09867771714925766,1.0,0.9133999943733215
YGR078C,YBR268W,0,-1.1050736,0.09866797924041748,1.0,0.9135000109672546
YNL335W,YLL041C,0,-1.1089162,0.0986582487821579,1.0,0.9136000275611877
YOR251C,YOR261C,0,-1.1090044,0.09864851832389832,1.0,0.9136999845504761
YDR399W,YER041W,0,-1.1091064,0.09863878786563873,1.0,0.9138000011444092
YLR435W,YER103W,0,-1.1103452,0.09862905740737915,1.0,0.9139000177383423
YDL206W,YDR003W,0,-1.1112772,0.09861932694911957,1.0,0.9139999747276306
YIR018W,YOL125W,0,-1.112234,0.09860960394144058,1.0,0.9140999913215637
YDR254W,YDR173C,0,-1.1140941,0.0985998809337616,1.0,0.9142000079154968
YER056C,YIL053W,0,-1.1147109,0.09859015792608261,1.0,0.9143000245094299
YHL021C,YFR010W,0,-1.1174551,0.09858044236898422,1.0,0.9143999814987183
YMR262W,YOR106W,0,-1.1178745,0.09857072681188583,1.0,0.9144999980926514
YLR151C,YJR104C,0,-1.1182162,0.09856101125478745,1.0,0.9146000146865845
YBR189W,YGR292W,0,-1.1188673,0.09855129569768906,1.0,0.9146999716758728
YEL001C,YLR348C,0,-1.1200713,0.09854158759117126,1.0,0.9147999882698059
YDL231C,YBR145W,0,-1.1212043,0.09853187203407288,1.0,0.914900004863739
YJL186W,YCR031C,0,-1.123634,0.09852216392755508,1.0,0.9150000214576721
YFL033C,YOR262W,0,-1.1245741,0.09851246327161789,1.0,0.9150999784469604
YGL173C,YIR026C,0,-1.1271895,0.0985027551651001,1.0,0.9151999950408936
YJR041C,YJR015W,0,-1.1282889,0.0984930545091629,1.0,0.9153000116348267
YER137C,YAR019C,0,-1.1284059,0.09848335385322571,1.0,0.9154000282287598
YCR016W,YPR155C,0,-1.1292454,0.09847366064786911,1.0,0.9154999852180481
YDR330W,YKL126W,0,-1.1304399,0.09846395999193192,1.0,0.9156000018119812
YML061C,YGR286C,0,-1.1315418,0.09845426678657532,1.0,0.9157000184059143
YNR043W,YMR118C,0,-1.1320175,0.09844457358121872,1.0,0.9157999753952026
YKL009W,YJL143W,0,-1.1379603,0.09843488782644272,1.0,0.9158999919891357
YML047C,YDL215C,0,-1.1400298,0.09842519462108612,1.0,0.9160000085830688
YLR160C,YOR224C,0,-1.141774,0.09841550886631012,1.0,0.916100025177002
YAL024C,YPR096C,0,-1.1474656,0.09840582311153412,1.0,0.9161999821662903
YJR097W,YIR026C,0,-1.1518458,0.09839614480733871,1.0,0.9162999987602234
YFR007W,YPL188W,0,-1.1548079,0.09838645905256271,1.0,0.9164000153541565
YOL029C,YML013W,0,-1.1578974,0.09837678074836731,1.0,0.9164999723434448
YGR208W,YER091C,0,-1.1579636,0.0983671024441719,1.0,0.9165999889373779
YML043C,YJR149W,0,-1.1584123,0.0983574315905571,1.0,0.916700005531311
YCR065W,YKL077W,0,-1.1595792,0.09834776073694229,1.0,0.9168000221252441
YKL039W,YNL008C,0,-1.162759,0.09833808988332748,1.0,0.9168999791145325
YOL052C-A,YIL022W,0,-1.1637634,0.09832841902971268,1.0,0.9169999957084656
YAR015W,YKL029C,0,-1.1643778,0.09831874817609787,1.0,0.9171000123023987
YML042W,YPL095C,0,-1.1659764,0.09830908477306366,1.0,0.9172000288963318
YIL087C,YKL175W,0,-1.1701089,0.09829942137002945,1.0,0.9172999858856201
YHR140W,YKL197C,0,-1.1703268,0.09828975796699524,1.0,0.9174000024795532
YBL021C,YOR304C-A,0,-1.1736366,0.09828009456396103,1.0,0.9175000190734863
YIL111W,YER020W,0,-1.1747171,0.09827043861150742,1.0,0.9175999760627747
YLL061W,YNL025C,0,-1.1765593,0.0982607826590538,1.0,0.9176999926567078
YOR142W,YOL152W,0,-1.1774069,0.09825112670660019,1.0,0.9178000092506409
YOR131C,YFR050C,0,-1.178243,0.09824147820472717,1.0,0.917900025844574
YMR015C,YLR284C,0,-1.1805469,0.09823182970285416,1.0,0.9179999828338623
YJL087C,YOR246C,0,-1.1806504,0.09822218120098114,1.0,0.9180999994277954
YGL161C,YPL134C,0,-1.1820773,0.09821253269910812,1.0,0.9182000160217285
YDR245W,YMR074C,0,-1.1822752,0.09820288419723511,1.0,0.9182999730110168
YNL008C,YDL039C,0,-1.184174,0.09819324314594269,1.0,0.91839998960495
YDR026C,YOR192C,0,-1.1843756,0.09818360209465027,1.0,0.9185000061988831
YDR330W,YDR353W,0,-1.1845394,0.09817396104335785,1.0,0.9186000227928162
YCR075C,YJL044C,0,-1.1870307,0.09816432744264603,1.0,0.9186999797821045
YNL176C,YBL080C,0,-1.1886505,0.0981546938419342,1.0,0.9187999963760376
YPL240C,YHR175W,0,-1.189051,0.09814506024122238,1.0,0.9189000129699707
YDR399W,YKL210W,0,-1.1921843,0.09813542664051056,1.0,0.9190000295639038
YOL157C,YHL044W,0,-1.1926526,0.09812580049037933,1.0,0.9190999865531921
YDR436W,YBR192W,0,-1.1927272,0.09811616688966751,1.0,0.9192000031471252
YHR069C,YMR109W,0,-1.1963345,0.09810654073953629,1.0,0.9193000197410583
YLR075W,YGR118W,0,-1.1987342,0.09809692203998566,1.0,0.9193999767303467
YOR142W,YPL092W,0,-1.2039963,0.09808729588985443,1.0,0.9194999933242798
YJL198W,YDR398W,0,-1.2047528,0.0980776771903038,1.0,0.9196000099182129
YAL040C,YGR178C,0,-1.2048501,0.09806805849075317,1.0,0.919700026512146
YOR252W,YKL165C,0,-1.2058583,0.09805843979120255,1.0,0.9197999835014343
YHR135C,YJL149W,0,-1.2091166,0.09804882854223251,1.0,0.9199000000953674
YNL250W,YEL012W,0,-1.2100652,0.09803921729326248,1.0,0.9200000166893005
YPR002W,YLR348C,0,-1.2118839,0.09802960604429245,1.0,0.9200999736785889
YDR019C,YBR058C-A,0,-1.2131759,0.09801999479532242,1.0,0.920199990272522
YOR283W,YGL005C,0,-1.2144083,0.09801039099693298,1.0,0.9203000068664551
YHR197W,YHR169W,0,-1.2146398,0.09800078719854355,1.0,0.9204000234603882
YHR113W,YNL310C,0,-1.2153181,0.09799118340015411,1.0,0.9204999804496765
YKL011C,YNL267W,0,-1.2192656,0.09798157960176468,1.0,0.9205999970436096
YNL070W,YLR283W,0,-1.2198287,0.09797198325395584,1.0,0.9207000136375427
YGR118W,YMR290C,0,-1.2198702,0.0979623794555664,1.0,0.920799970626831
YNL081C,YFR050C,0,-1.2202104,0.09795278310775757,1.0,0.9208999872207642
YBR046C,YJR048W,0,-1.2219347,0.09794319421052933,1.0,0.9210000038146973
YPR184W,YKL156W,0,-1.2220372,0.09793359786272049,1.0,0.9211000204086304
YGR158C,YLR151C,0,-1.224327,0.09792400896549225,1.0,0.9211999773979187
YDL108W,YJR096W,0,-1.2281107,0.09791442006826401,1.0,0.9212999939918518
YHR106W,YIL009C-A,0,-1.2281274,0.09790483862161636,1.0,0.9214000105857849
YBR189W,YHR179W,0,-1.229282,0.09789524972438812,1.0,0.921500027179718
YBR122C,YLR074C,0,-1.2310416,0.09788566827774048,1.0,0.9215999841690063
YDL100C,YIL108W,0,-1.2326642,0.09787608683109283,1.0,0.9217000007629395
YLR164W,YKR036C,0,-1.2353305,0.09786651283502579,1.0,0.9218000173568726
YJR112W,YCR011C,0,-1.2355675,0.09785693138837814,1.0,0.9218999743461609
YML016C,YMR087W,0,-1.2359053,0.0978473573923111,1.0,0.921999990940094
YGR030C,YLR237W,0,-1.2376505,0.09783778339624405,1.0,0.9221000075340271
YLR010C,YMR093W,0,-1.2378792,0.0978282168507576,1.0,0.9222000241279602
YBL106C,YOL108C,0,-1.2382027,0.09781864285469055,1.0,0.9222999811172485
YIL080W,YBR061C,0,-1.2392656,0.0978090763092041,1.0,0.9223999977111816
YPL059W,YDL107W,0,-1.2401918,0.09779950976371765,1.0,0.9225000143051147
YLR248W,YBL078C,0,-1.2404376,0.0977899506688118,1.0,0.9225999712944031
YMR149W,YLR352W,0,-1.2410105,0.09778038412332535,1.0,0.9226999878883362
YDR280W,YOR243C,0,-1.2419404,0.0977708250284195,1.0,0.9228000044822693
YMR139W,YBR192W,0,-1.2439455,0.09776126593351364,1.0,0.9229000210762024
YHR028C,YLL017W,0,-1.2439593,0.09775171428918839,1.0,0.9229999780654907
YGL210W,YLR160C,0,-1.2455829,0.09774215519428253,1.0,0.9230999946594238
YOR004W,YML095C,0,-1.2484425,0.09773260354995728,1.0,0.9232000112533569
YBR034C,YGR193C,0,-1.2486147,0.09772305190563202,1.0,0.92330002784729
YLL066C,YFR008W,0,-1.2494501,0.09771350771188736,1.0,0.9233999848365784
YLR201C,YPL104W,0,-1.2529713,0.0977039560675621,1.0,0.9235000014305115
YPL280W,YKL007W,0,-1.2556237,0.09769441187381744,1.0,0.9236000180244446
YOR175C,YLR432W,0,-1.2605652,0.09768486768007278,1.0,0.9236999750137329
YPL226W,YPL068C,0,-1.26241,0.09767533093690872,1.0,0.923799991607666
YOL032W,YCR005C,0,-1.2625917,0.09766578674316406,1.0,0.9239000082015991
YPR180W,YNR060W,0,-1.2632259,0.09765625,1.0,0.9240000247955322
YGR012W,YDR306C,0,-1.2632884,0.09764671325683594,1.0,0.9240999817848206
YLR160C,YNL023C,0,-1.2686454,0.09763717651367188,1.0,0.9241999983787537
YJL003W,YJR149W,0,-1.2697161,0.09762764722108841,1.0,0.9243000149726868
YEL044W,YIL064W,0,-1.2706012,0.09761811792850494,1.0,0.9243999719619751
YNL008C,YER014C-A,0,-1.2715203,0.09760858863592148,1.0,0.9244999885559082
YOR347C,YHR067W,0,-1.2729303,0.09759905934333801,1.0,0.9246000051498413
YDR146C,YGR095C,0,-1.2763389,0.09758953750133514,1.0,0.9247000217437744
YDR213W,YPL196W,0,-1.2778708,0.09758001565933228,1.0,0.9247999787330627
YOR142W,YOR265W,0,-1.2783428,0.0975704938173294,1.0,0.9248999953269958
YKL145W,YER012W,0,-1.278638,0.09756097197532654,1.0,0.925000011920929
YOL120C,YDR245W,0,-1.2811679,0.09755145758390427,1.0,0.9251000285148621
YLL008W,YML051W,0,-1.2819773,0.097541943192482,1.0,0.9251999855041504
YPL203W,YOL155C,0,-1.282215,0.09753242880105972,1.0,0.9253000020980835
YLL018C-A,YDL100C,0,-1.2828511,0.09752291440963745,1.0,0.9254000186920166
YNL095C,YML077W,0,-1.2831658,0.09751340746879578,1.0,0.9254999756813049
YIR004W,YMR074C,0,-1.2836803,0.0975039005279541,1.0,0.925599992275238
YNL138W,YBR159W,0,-1.2866105,0.09749439358711243,1.0,0.9257000088691711
YDR212W,YJR131W,0,-1.2882184,0.09748488664627075,1.0,0.9258000254631042
YKL150W,YBL041W,0,-1.2885145,0.09747538715600967,1.0,0.9258999824523926
YBR296C,YCR005C,0,-1.2887324,0.0974658876657486,1.0,0.9259999990463257
YEL020W-A,YDL142C,0,-1.2926279,0.09745638817548752,1.0,0.9261000156402588
YJL112W,YER071C,0,-1.2970461,0.09744688868522644,1.0,0.9261999726295471
YNL061W,YLR079W,0,-1.2984372,0.09743739664554596,1.0,0.9262999892234802
YGR199W,YPL186C,0,-1.2987169,0.09742790460586548,1.0,0.9264000058174133
YLR459W,YDR444W,0,-1.3107389,0.097418412566185,1.0,0.9265000224113464
YDR229W,YML030W,0,-1.3119553,0.09740892052650452,1.0,0.9265999794006348
YOR304C-A,YLR413W,0,-1.3144134,0.09739943593740463,1.0,0.9266999959945679
YHL011C,YLR361C,0,-1.3144957,0.09738995134830475,1.0,0.926800012588501
YPR125W,YNL122C,0,-1.3187515,0.09738046675920486,1.0,0.9269000291824341
YHR037W,YDR116C,0,-1.3195466,0.09737098217010498,1.0,0.9269999861717224
YKR075C,YBL064C,0,-1.3202304,0.0973615050315857,1.0,0.9271000027656555
YNL137C,YKL174C,0,-1.3212701,0.0973520278930664,1.0,0.9272000193595886
YLL026W,YKL197C,0,-1.322044,0.09734255075454712,1.0,0.927299976348877
YER040W,YIL076W,0,-1.3249105,0.09733307361602783,1.0,0.9273999929428101
YER126C,YPL177C,0,-1.3258601,0.09732360392808914,1.0,0.9275000095367432
YKL004W,YDL078C,0,-1.3285507,0.09731412678956985,1.0,0.9276000261306763
YML081W,YLR207W,0,-1.3288685,0.09730466455221176,1.0,0.9276999831199646
YLR142W,YOL142W,0,-1.330017,0.09729519486427307,1.0,0.9277999997138977
YHR101C,YBR066C,0,-1.3310722,0.09728572517633438,1.0,0.9279000163078308
YJL149W,YFR036W,0,-1.3322324,0.09727626293897629,1.0,0.9279999732971191
YHR157W,YMR078C,0,-1.3326668,0.0972668007016182,1.0,0.9280999898910522
YOR247W,YGR286C,0,-1.333681,0.0972573459148407,1.0,0.9282000064849854
YIL137C,YPL198W,0,-1.3350538,0.0972478836774826,1.0,0.9283000230789185
YPR047W,YCR024C,0,-1.3355702,0.09723842889070511,1.0,0.9283999800682068
YJL133W,YOR027W,0,-1.3371567,0.09722897410392761,1.0,0.9284999966621399
YDL107W,YDR036C,0,-1.3380615,0.09721951931715012,1.0,0.928600013256073
YNR040W,YKR097W,0,-1.3394314,0.09721007198095322,1.0,0.9286999702453613
YHR052W,YPL254W,0,-1.3394631,0.09720062464475632,1.0,0.9287999868392944
YOR145C,YEL002C,0,-1.3394645,0.09719117730855942,1.0,0.9289000034332275
YPL145C,YOR175C,0,-1.3396815,0.09718172997236252,1.0,0.9290000200271606
YOR297C,YOR383C,0,-1.3405181,0.09717229008674622,1.0,0.929099977016449
YOL007C,YFR025C,0,-1.340727,0.09716284275054932,1.0,0.9291999936103821
YDR399W,YGR295C,0,-1.342178,0.09715340286493301,1.0,0.9293000102043152
YNR048W,YGR122W,0,-1.3430885,0.09714397042989731,1.0,0.9294000267982483
YJL155C,YPL223C,0,-1.3438753,0.097134530544281,1.0,0.9294999837875366
YGL115W,YGR001C,0,-1.3460311,0.0971250981092453,1.0,0.9296000003814697
YNL207W,YHL012W,0,-1.3524517,0.0971156656742096,1.0,0.9297000169754028
YLR386W,YPR097W,0,-1.3527151,0.09710623323917389,1.0,0.9297999739646912
YJL034W,YLR073C,0,-1.3545126,0.09709680825471878,1.0,0.9298999905586243
YOR147W,YPL123C,0,-1.3546842,0.09708737581968307,1.0,0.9300000071525574
YOR380W,YGR103W,0,-1.3553358,0.09707795083522797,1.0,0.9301000237464905
YNL095C,YJL166W,0,-1.3587569,0.09706853330135345,1.0,0.9301999807357788
YOR348C,YGL209W,0,-1.3587958,0.09705910831689835,1.0,0.9302999973297119
YCR046C,YHR089C,0,-1.3670162,0.09704969078302383,1.0,0.930400013923645
YOR027W,YMR194W,0,-1.3742942,0.09704027324914932,1.0,0.9304999709129333
YMR207C,YNR019W,0,-1.3801991,0.09703085571527481,1.0,0.9305999875068665
YER125W,YGR177C,0,-1.3812419,0.0970214381814003,1.0,0.9307000041007996
YER096W,YHR012W,0,-1.3822316,0.09701202809810638,1.0,0.9308000206947327
YLR106C,YLR143W,0,-1.3826779,0.09700261801481247,1.0,0.930899977684021
YOR275C,YMR166C,0,-1.384293,0.09699320793151855,1.0,0.9309999942779541
YKL191W,YLR435W,0,-1.3862177,0.09698380529880524,1.0,0.9311000108718872
YML087C,YJR132W,0,-1.3864034,0.09697439521551132,1.0,0.9312000274658203
YMR158W,YKL100C,0,-1.38927,0.096964992582798,1.0,0.9312999844551086
YBR045C,YJR130C,0,-1.3904847,0.09695559740066528,1.0,0.9314000010490417
YDR513W,YOR316C,0,-1.3904985,0.09694619476795197,1.0,0.9315000176429749
YOR194C,YPR097W,0,-1.3930882,0.09693679958581924,1.0,0.9315999746322632
YBR029C,YDR406W,0,-1.398069,0.09692740440368652,1.0,0.9316999912261963
YHR170W,YDR226W,0,-1.4015554,0.0969180092215538,1.0,0.9318000078201294
YBR247C,YFL056C,0,-1.4024042,0.09690861403942108,1.0,0.9319000244140625
YDR146C,YIL018W,0,-1.405567,0.09689922630786896,1.0,0.9319999814033508
YGR158C,YPR156C,0,-1.4057654,0.09688983857631683,1.0,0.9320999979972839
YLR098C,YPR091C,0,-1.4058799,0.09688045084476471,1.0,0.932200014591217
YDR019C,YPL155C,0,-1.4070851,0.09687106311321259,1.0,0.9322999715805054
YML081W,YER051W,0,-1.4076251,0.09686168283224106,1.0,0.9323999881744385
YLR289W,YDR239C,0,-1.4082738,0.09685230255126953,1.0,0.9325000047683716
YOL052C-A,YOR120W,0,-1.4091753,0.096842922270298,1.0,0.9326000213623047
YMR264W,YOR101W,0,-1.4101471,0.09683354198932648,1.0,0.932699978351593
YLR309C,YER091C,0,-1.4134177,0.09682416915893555,1.0,0.9327999949455261
YNL066W,YOR011W,0,-1.4135264,0.09681479632854462,1.0,0.9329000115394592
YOL005C,YDR044W,0,-1.4187132,0.09680542349815369,1.0,0.9330000281333923
YBL055C,YHR174W,0,-1.4221162,0.09679605066776276,1.0,0.9330999851226807
YGR288W,YJL089W,0,-1.4223398,0.09678668528795242,1.0,0.9332000017166138
YDR046C,YPL163C,0,-1.4224242,0.09677731245756149,1.0,0.9333000183105469
YBL075C,YDL127W,0,-1.42982,0.09676794707775116,1.0,0.9333999752998352
YCL025C,YIL056W,0,-1.4332522,0.09675858914852142,1.0,0.9334999918937683
YKL088W,YHR165C,0,-1.4334131,0.09674922376871109,1.0,0.9336000084877014
YBR296C,YOR389W,0,-1.4338869,0.09673986583948135,1.0,0.9337000250816345
YFR015C,YOR262W,0,-1.4418887,0.09673050791025162,1.0,0.9337999820709229
YNL274C,YOR090C,0,-1.4425277,0.09672114998102188,1.0,0.933899998664856
YPL189C-A,YDR520C,0,-1.4430431,0.09671179950237274,1.0,0.9340000152587891
YDL031W,YJR015W,0,-1.4433097,0.0967024490237236,1.0,0.9340999722480774
YDR090C,YHR074W,0,-1.4440178,0.09669309854507446,1.0,0.9341999888420105
YOL126C,YMR156C,0,-1.4490634,0.09668374806642532,1.0,0.9343000054359436
YPL018W,YPR154W,0,-1.4491407,0.09667439758777618,1.0,0.9344000220298767
YKL181W,YBR043C,0,-1.4491748,0.09666505455970764,1.0,0.934499979019165
YLR345W,YIL074C,0,-1.4524869,0.0966557115316391,1.0,0.9345999956130981
YFL044C,YMR114C,0,-1.4551152,0.09664636850357056,1.0,0.9347000122070312
YMR175W,YNL282W,0,-1.4582158,0.09663703292608261,1.0,0.9348000288009644
YEL052W,YOL092W,0,-1.4589142,0.09662768989801407,1.0,0.9348999857902527
YML060W,YDR151C,0,-1.4611777,0.09661835432052612,1.0,0.9350000023841858
YIL002C,YNL236W,0,-1.4619974,0.09660902619361877,1.0,0.9351000189781189
YBR230C,YOR287C,0,-1.4622148,0.09659969061613083,1.0,0.9351999759674072
YJL066C,YMR037C,0,-1.4645041,0.09659036248922348,1.0,0.9352999925613403
YOR297C,YPL126W,0,-1.4690574,0.09658103436231613,1.0,0.9354000091552734
YDR476C,YPL013C,0,-1.4693152,0.09657170623540878,1.0,0.9355000257492065
YHR002W,YLR106C,0,-1.4704145,0.09656237810850143,1.0,0.9355999827384949
YPR154W,YPL043W,0,-1.4707783,0.09655305743217468,1.0,0.935699999332428
YKL180W,YEL054C,0,-1.4740366,0.09654373675584793,1.0,0.9358000159263611
YGL014W,YIL107C,0,-1.478659,0.09653441607952118,1.0,0.9358999729156494
YHR140W,YDL235C,0,-1.4790455,0.09652509540319443,1.0,0.9359999895095825
YLR263W,YHR030C,0,-1.4809922,0.09651578217744827,1.0,0.9361000061035156
YGL018C,YLR054C,0,-1.4814383,0.09650646895170212,1.0,0.9362000226974487
YJL158C,YJL048C,0,-1.4817868,0.09649715572595596,1.0,0.9362999796867371
YLR157C,YPL013C,0,-1.4826335,0.09648784250020981,1.0,0.9363999962806702
YDR253C,YIR014W,0,-1.4846679,0.09647853672504425,1.0,0.9365000128746033
YJL101C,YDR178W,0,-1.4846724,0.0964692234992981,1.0,0.9366000294685364
YDR090C,YHL044W,0,-1.4858919,0.09645991772413254,1.0,0.9366999864578247
YDR003W,YKL011C,0,-1.487213,0.09645061939954758,1.0,0.9368000030517578
YLR404W,YEL012W,0,-1.4881123,0.09644131362438202,1.0,0.9369000196456909
YCR031C,YLR019W,0,-1.489885,0.09643201529979706,1.0,0.9369999766349792
YDR384C,YER153C,0,-1.4918047,0.0964227169752121,1.0,0.9370999932289124
YGR245C,YPL213W,0,-1.4946278,0.09641341865062714,1.0,0.9372000098228455
YBR160W,YDR529C,0,-1.4948527,0.09640412777662277,1.0,0.9373000264167786
YER150W,YLR109W,0,-1.495716,0.09639483690261841,1.0,0.9373999834060669
YOL147C,YDR056C,0,-1.4968747,0.09638553857803345,1.0,0.9375
YMR314W,YDR072C,0,-1.497748,0.09637625515460968,1.0,0.9376000165939331
YCR054C,YNL153C,0,-1.5010494,0.09636696428060532,1.0,0.9376999735832214
YMR139W,YOL065C,0,-1.5013641,0.09635768085718155,1.0,0.9377999901771545
YOR085W,YHR214C-B,0,-1.5048975,0.09634839743375778,1.0,0.9379000067710876
YIR017C,YHR156C,0,-1.5064172,0.09633911401033401,1.0,0.9380000233650208
YHR076W,YJL200C,0,-1.5067614,0.09632983058691025,1.0,0.9380999803543091
YNL308C,YBR022W,0,-1.5085758,0.09632055461406708,1.0,0.9381999969482422
YER008C,YNL008C,0,-1.5089544,0.09631127864122391,1.0,0.9383000135421753
YBR006W,YNL212W,0,-1.510239,0.09630200266838074,1.0,0.9383999705314636
YPR091C,YDR371W,0,-1.5122224,0.09629272669553757,1.0,0.9384999871253967
YKL138C-A,YOL084W,0,-1.5132633,0.096283458173275,1.0,0.9386000037193298
YHR020W,YGR238C,0,-1.5146207,0.09627418965101242,1.0,0.9387000203132629
YLR151C,YOL084W,0,-1.5155793,0.09626492112874985,1.0,0.9387999773025513
YHR036W,YGR055W,0,-1.515639,0.09625565260648727,1.0,0.9388999938964844
YML128C,YBR240C,0,-1.5172914,0.0962463915348053,1.0,0.9390000104904175
YOR317W,YDL018C,0,-1.5175675,0.09623713046312332,1.0,0.9391000270843506
YCR014C,YKL061W,0,-1.5190896,0.09622786939144135,1.0,0.9391999840736389
YNL194C,YPL160W,0,-1.5192503,0.09621860831975937,1.0,0.939300000667572
YNL325C,YDL223C,0,-1.5231608,0.09620935469865799,1.0,0.9394000172615051
YCR031C,YGL226C-A,0,-1.5237399,0.09620009362697601,1.0,0.9394999742507935
YGL189C,YJL148W,0,-1.5243756,0.09619084000587463,1.0,0.9395999908447266
YPL273W,YNL081C,0,-1.5244259,0.09618159383535385,1.0,0.9397000074386597
YHR088W,YJR053W,0,-1.5249506,0.09617234021425247,1.0,0.9398000240325928
YOR085W,YMR046C,0,-1.5264045,0.09616309404373169,1.0,0.9398999810218811
YDR395W,YNR031C,0,-1.5271238,0.09615384787321091,1.0,0.9399999976158142
YPR110C,YLR221C,0,-1.5281004,0.09614460170269012,1.0,0.9401000142097473
YMR270C,YIL096C,0,-1.5283774,0.09613535553216934,1.0,0.9401999711990356
YFR016C,YNL166C,0,-1.5298249,0.09612611681222916,1.0,0.9402999877929688
YDL185W,YHL026C,0,-1.5301365,0.09611687809228897,1.0,0.9404000043869019
YBR038W,YIL167W,0,-1.5352486,0.09610763937234879,1.0,0.940500020980835
YER055C,YDL133C-A,0,-1.5355505,0.0960984081029892,1.0,0.9405999779701233
YPL209C,YKL038W,0,-1.5374895,0.09608916938304901,1.0,0.9406999945640564
YBL047C,YLR143W,0,-1.538458,0.09607993811368942,1.0,0.9408000111579895
YML100W,YMR055C,0,-1.5406762,0.09607070684432983,1.0,0.9409000277519226
YPR091C,YLR276C,0,-1.543527,0.09606148302555084,1.0,0.9409999847412109
YLR270W,YLR011W,0,-1.5453185,0.09605225175619125,1.0,0.941100001335144
YDL231C,YLR401C,0,-1.5504128,0.09604302793741226,1.0,0.9412000179290771
YOL080C,YNL328C,0,-1.5522665,0.09603380411863327,1.0,0.9412999749183655
YKL171W,YKL150W,0,-1.5553244,0.09602458029985428,1.0,0.9413999915122986
YNL010W,YGR105W,0,-1.5556186,0.09601536393165588,1.0,0.9415000081062317
YOL111C,YOL125W,0,-1.5601214,0.09600614756345749,1.0,0.9416000247001648
YBR287W,YBR052C,0,-1.5608162,0.0959969311952591,1.0,0.9416999816894531
YLR345W,YLR396C,0,-1.5641047,0.0959877148270607,1.0,0.9417999982833862
YDL231C,YLL066C,0,-1.5682453,0.0959784984588623,1.0,0.9419000148773193
YKL029C,YGR138C,0,-1.5684227,0.0959692895412445,1.0,0.9419999718666077
YKL011C,YCR044C,0,-1.5688249,0.09596008062362671,1.0,0.9420999884605408
YNR028W,YLR228C,0,-1.5694331,0.09595087170600891,1.0,0.9422000050544739
YDL247W,YBR122C,0,-1.5695473,0.09594167023897171,1.0,0.942300021648407
YNL335W,YPL059W,0,-1.5701648,0.09593246132135391,1.0,0.9423999786376953
YAR002C-A,YPR031W,0,-1.5707301,0.09592325985431671,1.0,0.9424999952316284
YML094W,YBR129C,0,-1.5712379,0.09591405838727951,1.0,0.9426000118255615
YOR167C,YDR492W,0,-1.5712909,0.0959048643708229,1.0,0.9427000284194946
YNR040W,YHR009C,0,-1.581189,0.0958956629037857,1.0,0.942799985408783
YDR169C,YGL253W,0,-1.5835365,0.0958864688873291,1.0,0.9429000020027161
YOR292C,YNR061C,0,-1.5837425,0.0958772748708725,1.0,0.9430000185966492
YPR120C,YPL223C,0,-1.5852631,0.09586808830499649,1.0,0.9430999755859375
YDR086C,YMR256C,0,-1.5862535,0.09585889428853989,1.0,0.9431999921798706
YJL212C,YBR162C,0,-1.5865272,0.09584970772266388,1.0,0.9433000087738037
YER179W,YLR360W,0,-1.5868853,0.09584052115678787,1.0,0.9434000253677368
YKL190W,YPR063C,0,-1.5882791,0.09583133459091187,1.0,0.9434999823570251
YDR375C,YDR492W,0,-1.5886551,0.09582215547561646,1.0,0.9435999989509583
YCR016W,YPR086W,0,-1.5914224,0.09581297636032104,1.0,0.9437000155448914
YGL053W,YEL065W,0,-1.5954689,0.09580379724502563,1.0,0.9437999725341797
YGL227W,YDR057W,0,-1.5955797,0.09579461812973022,1.0,0.9438999891281128
YPR110C,YOR180C,0,-1.597238,0.09578543901443481,1.0,0.9440000057220459
YML092C,YDL146W,0,-1.5981265,0.09577626734972,1.0,0.944100022315979
YLR343W,YGL151W,0,-1.6010107,0.09576709568500519,1.0,0.9441999793052673
YFR003C,YNL208W,0,-1.6015128,0.09575792402029037,1.0,0.9442999958992004
YDR372C,YPL027W,0,-1.6053125,0.09574875235557556,1.0,0.9444000124931335
YJR050W,YJL213W,0,-1.6068963,0.09573958814144135,1.0,0.9445000290870667
YGL009C,YMR125W,0,-1.6146554,0.09573042392730713,1.0,0.944599986076355
YDR423C,YJL171C,0,-1.6187395,0.09572125971317291,1.0,0.9447000026702881
YMR139W,YDR369C,0,-1.6207598,0.0957120954990387,1.0,0.9448000192642212
YHR106W,YIL006W,0,-1.6226648,0.09570293873548508,1.0,0.9448999762535095
YJL183W,YDR134C,0,-1.6230081,0.09569378197193146,1.0,0.9449999928474426
YHR202W,YNL219C,0,-1.6257695,0.09568462520837784,1.0,0.9451000094413757
YPR036W,YIL093C,0,-1.6266202,0.09567546844482422,1.0,0.9452000260353088
YKL014C,YFL001W,0,-1.6266512,0.0956663191318512,1.0,0.9452999830245972
YJL190C,YNL190W,0,-1.6316069,0.09565716236829758,1.0,0.9453999996185303
YFR050C,YDR031W,0,-1.6367444,0.09564801305532455,1.0,0.9455000162124634
YBR045C,YDR337W,0,-1.6445605,0.09563887119293213,1.0,0.9455999732017517
YHR033W,YHL032C,0,-1.6460665,0.0956297218799591,1.0,0.9456999897956848
YDR168W,YGL078C,0,-1.646186,0.09562058001756668,1.0,0.9458000063896179
YEL027W,YMR142C,0,-1.6480862,0.09561143815517426,1.0,0.945900022983551
YGR239C,YJR107W,0,-1.6512245,0.09560229629278183,1.0,0.9459999799728394
YNR044W,YOL154W,0,-1.6526531,0.0955931544303894,1.0,0.9460999965667725
YHL016C,YBR214W,0,-1.6541609,0.09558402001857758,1.0,0.9462000131607056
YER109C,YDR131C,0,-1.6575631,0.09557488560676575,1.0,0.9463000297546387
YJL136C,YHR021C,0,-1.6631211,0.09556575119495392,1.0,0.946399986743927
YFL017W-A,YMR025W,0,-1.6664189,0.09555661678314209,1.0,0.9465000033378601
YNL050C,YEL029C,0,-1.666783,0.09554748982191086,1.0,0.9466000199317932
YHL047C,YOR014W,0,-1.6678699,0.09553835541009903,1.0,0.9466999769210815
YGL169W,YPR192W,0,-1.6725582,0.0955292284488678,1.0,0.9467999935150146
YDL160C,YMR229C,0,-1.6751617,0.09552010893821716,1.0,0.9469000101089478
YER074W,YKL192C,0,-1.6754521,0.09551098197698593,1.0,0.9470000267028809
YMR019W,YNL339C,0,-1.6759597,0.0955018624663353,1.0,0.9470999836921692
YBR031W,YJL180C,0,-1.6840345,0.09549274295568466,1.0,0.9472000002861023
YOR356W,YMR302C,0,-1.6840924,0.09548362344503403,1.0,0.9473000168800354
YKR006C,YDR443C,0,-1.6858541,0.09547451138496399,1.0,0.9473999738693237
YDR490C,YKL143W,0,-1.7001725,0.09546539187431335,1.0,0.9474999904632568
YDR511W,YNR007C,0,-1.700822,0.09545627981424332,1.0,0.9476000070571899
YGL209W,YNR024W,0,-1.714028,0.09544716775417328,1.0,0.947700023651123
YER082C,YMR217W,0,-1.7154406,0.09543806314468384,1.0,0.9477999806404114
YGL010W,YNL012W,0,-1.7165636,0.0954289510846138,1.0,0.9478999972343445
YIL039W,YPL221W,0,-1.7174388,0.09541984647512436,1.0,0.9480000138282776
YPL019C,YEL031W,0,-1.7188424,0.09541074186563492,1.0,0.9480999708175659
YJL066C,YPL221W,0,-1.7191621,0.09540163725614548,1.0,0.948199987411499
YKR099W,YGL233W,0,-1.7196654,0.09539254009723663,1.0,0.9483000040054321
YER033C,YJL149W,0,-1.7226928,0.09538344293832779,1.0,0.9484000205993652
YPL148C,YNL146W,0,-1.7241062,0.09537434577941895,1.0,0.9484999775886536
YML081W,YKL203C,0,-1.7251972,0.0953652486205101,1.0,0.9485999941825867
YHR202W,YBL038W,0,-1.7277726,0.09535615891218185,1.0,0.9487000107765198
YCL035C,YPL087W,0,-1.7319914,0.09534706175327301,1.0,0.9488000273704529
YDR276C,YJL102W,0,-1.736292,0.09533797204494476,1.0,0.9488999843597412
YHR035W,YDR078C,0,-1.7364165,0.09532888233661652,1.0,0.9490000009536743
YKR079C,YJR016C,0,-1.7367254,0.09531980007886887,1.0,0.9491000175476074
YJL158C,YHR175W,0,-1.7368182,0.09531071037054062,1.0,0.9491999745368958
YJL221C,YNL318C,0,-1.738576,0.09530162811279297,1.0,0.9492999911308289
YKR006C,YJL170C,0,-1.7385968,0.09529254585504532,1.0,0.949400007724762
YJR034W,YER110C,0,-1.7387117,0.09528347104787827,1.0,0.9495000243186951
YLR197W,YBR192W,0,-1.7393597,0.09527438879013062,1.0,0.9495999813079834
YPL214C,YOL133W,0,-1.7450665,0.09526531398296356,1.0,0.9496999979019165
YIL155C,YBR093C,0,-1.7459973,0.09525623917579651,1.0,0.9498000144958496
YAL010C,YLL012W,0,-1.7505859,0.09524716436862946,1.0,0.9498999714851379
YEL031W,YGR177C,0,-1.7510215,0.095238097012043,1.0,0.949999988079071
YMR230W,YNR053C,0,-1.7560283,0.09522902220487595,1.0,0.9501000046730042
YBR268W,YMR201C,0,-1.7652458,0.09521995484828949,1.0,0.9502000212669373
YPR166C,YML094W,0,-1.7670463,0.09521089494228363,1.0,0.9502999782562256
YLR234W,YBR054W,0,-1.7681056,0.09520182758569717,1.0,0.9503999948501587
YOR065W,YIR039C,0,-1.7697946,0.09519276767969131,1.0,0.9505000114440918
YNL050C,YPR086W,0,-1.7738,0.09518370777368546,1.0,0.9506000280380249
YHR106W,YOR211C,0,-1.7791218,0.0951746478676796,1.0,0.9506999850273132
YNL301C,YLR019W,0,-1.7795981,0.09516558796167374,1.0,0.9508000016212463
YNR044W,YJR016C,0,-1.7796301,0.09515653550624847,1.0,0.9509000182151794
YOL059W,YGR138C,0,-1.7834271,0.09514747560024261,1.0,0.9509999752044678
YML091C,YKL182W,0,-1.7835966,0.09513842314481735,1.0,0.9510999917984009
YIL034C,YLR419W,0,-1.7874762,0.09512937813997269,1.0,0.951200008392334
YLR160C,YGL078C,0,-1.797845,0.09512032568454742,1.0,0.9513000249862671
YBL007C,YLL008W,0,-1.8011574,0.09511128067970276,1.0,0.9513999819755554
YGL009C,YDL082W,0,-1.8012007,0.0951022356748581,1.0,0.9514999985694885
YAR002C-A,YKR064W,0,-1.806091,0.09509319067001343,1.0,0.9516000151634216
YKL141W,YGR205W,0,-1.8073968,0.09508415311574936,1.0,0.95169997215271
YOR039W,YOR298W,0,-1.8079313,0.0950751081109047,1.0,0.9517999887466431
YLR363C,YIL155C,0,-1.8136739,0.09506607055664062,1.0,0.9519000053405762
YJR036C,YHR210C,0,-1.8161749,0.09505703300237656,1.0,0.9520000219345093
YML042W,YLR259C,0,-1.8167661,0.09504800289869308,1.0,0.9520999789237976
YOR292C,YBR120C,0,-1.8173841,0.09503896534442902,1.0,0.9521999955177307
YAR031W,YKL109W,0,-1.8179909,0.09502993524074554,1.0,0.9523000121116638
YGL185C,YML032C,0,-1.8193778,0.09502090513706207,1.0,0.9524000287055969
YDR115W,YCR004C,0,-1.8202637,0.0950118750333786,1.0,0.9524999856948853
YKR066C,YLR343W,0,-1.8219267,0.09500285238027573,1.0,0.9526000022888184
YPL111W,YDL046W,0,-1.8235041,0.09499382227659225,1.0,0.9527000188827515
YHR006W,YMR188C,0,-1.8304197,0.09498479962348938,1.0,0.9527999758720398
YGR060W,YGL259W,0,-1.8326331,0.0949757844209671,1.0,0.9528999924659729
YOL117W,YGR008C,0,-1.8373452,0.09496676176786423,1.0,0.953000009059906
YGR086C,YLR197W,0,-1.8424336,0.09495774656534195,1.0,0.9531000256538391
YNL086W,YPL117C,0,-1.8490177,0.09494873136281967,1.0,0.9531999826431274
YJR010W,YDL017W,0,-1.8526226,0.0949397161602974,1.0,0.9532999992370605
YPR063C,YOR272W,0,-1.8566183,0.09493070095777512,1.0,0.9534000158309937
YHR057C,YGR055W,0,-1.8603932,0.09492169320583344,1.0,0.953499972820282
YHR029C,YDL022W,0,-1.8676943,0.09491267800331116,1.0,0.9535999894142151
YLR409C,YNL112W,0,-1.8718408,0.09490367025136948,1.0,0.9537000060081482
YOL056W,YLR023C,0,-1.8754297,0.09489466995000839,1.0,0.9538000226020813
YOR348C,YOR252W,0,-1.8773004,0.09488566219806671,1.0,0.9538999795913696
YHR106W,YDR501W,0,-1.8783616,0.09487666189670563,1.0,0.9539999961853027
YKL103C,YDR231C,0,-1.8846372,0.09486766159534454,1.0,0.9541000127792358
YGR158C,YPL095C,0,-1.8874718,0.09485866129398346,1.0,0.954200029373169
YGR204W,YKL010C,0,-1.8904442,0.09484966099262238,1.0,0.9542999863624573
YGR083C,YOL029C,0,-1.8926662,0.09484066814184189,1.0,0.9544000029563904
YHR080C,YDR160W,0,-1.8970493,0.0948316752910614,1.0,0.9545000195503235
YER103W,YBL069W,0,-1.8978118,0.09482268244028091,1.0,0.9545999765396118
YML113W,YMR233W,0,-1.8997363,0.09481368958950043,1.0,0.9546999931335449
YLR411W,YOR363C,0,-1.903951,0.09480470418930054,1.0,0.954800009727478
YOL126C,YLR223C,0,-1.9061717,0.09479571878910065,1.0,0.9549000263214111
YOL067C,YDR259C,0,-1.9071091,0.09478673338890076,1.0,0.9549999833106995
YJL171C,YPL115C,0,-1.9081358,0.09477774798870087,1.0,0.9550999999046326
YER074W,YBR187W,0,-1.9104258,0.09476876258850098,1.0,0.9552000164985657
YJL219W,YDR248C,0,-1.9142045,0.09475978463888168,1.0,0.955299973487854
YOR380W,YHR215W,0,-1.9165994,0.09475080668926239,1.0,0.9553999900817871
YDL119C,YNL054W,0,-1.9214698,0.0947418287396431,1.0,0.9555000066757202
YDR168W,YOR369C,0,-1.9260591,0.0947328507900238,1.0,0.9556000232696533
YEL039C,YPR191W,0,-1.9290341,0.09472388029098511,1.0,0.9556999802589417
YLR441C,YPL173W,0,-1.9318236,0.09471490979194641,1.0,0.9557999968528748
YHR157W,YGR262C,0,-1.9428517,0.09470593929290771,1.0,0.9559000134468079
YJL181W,YJL045W,0,-1.9428798,0.09469696879386902,1.0,0.9559999704360962
YDR040C,YEL054C,0,-1.9445204,0.09468800574541092,1.0,0.9560999870300293
YJR097W,YMR046C,0,-1.9447669,0.09467903524637222,1.0,0.9562000036239624
YLR343W,YOR044W,0,-1.9465488,0.09467007219791412,1.0,0.9563000202178955
YMR267W,YGR010W,0,-1.9487957,0.09466111660003662,1.0,0.9563999772071838
YKL034W,YGL236C,0,-1.9489604,0.09465215355157852,1.0,0.9564999938011169
YNL208W,YDR441C,0,-1.9518448,0.09464319795370102,1.0,0.95660001039505
YDR469W,YGR017W,0,-1.9536737,0.09463424235582352,1.0,0.9567000269889832
YER052C,YDR299W,0,-1.957224,0.09462528675794601,1.0,0.9567999839782715
YLR409C,YHR067W,0,-1.9592856,0.09461633116006851,1.0,0.9569000005722046
YMR041C,YIR038C,0,-1.9600457,0.0946073830127716,1.0,0.9570000171661377
YOL080C,YLR165C,0,-1.9659926,0.0945984274148941,1.0,0.957099974155426
YJL219W,YJR089W,0,-1.9697298,0.0945894792675972,1.0,0.9571999907493591
YKL045W,YDR239C,0,-1.974775,0.09458053857088089,1.0,0.9573000073432922
YKR058W,YPL087W,0,-1.9751014,0.09457159042358398,1.0,0.9574000239372253
YLR264W,YNL055C,0,-1.975892,0.09456264972686768,1.0,0.9574999809265137
YOR257W,YDR262W,0,-1.9789399,0.09455370903015137,1.0,0.9575999975204468
YHR011W,YPL110C,0,-1.9795643,0.09454476833343506,1.0,0.9577000141143799
YDR466W,YGL068W,0,-1.982803,0.09453582763671875,1.0,0.9577999711036682
YOR353C,YJL225C,0,-1.9834164,0.09452689439058304,1.0,0.9578999876976013
YPR156C,YMR290C,0,-1.9873694,0.09451796114444733,1.0,0.9580000042915344
YOR131C,YIL134W,0,-1.9884256,0.09450902789831161,1.0,0.9581000208854675
YLR050C,YPR098C,0,-1.9888278,0.0945000946521759,1.0,0.9581999778747559
YPL280W,YPL233W,0,-1.9966558,0.09449116140604019,1.0,0.958299994468689
YML048W,YOR262W,0,-1.9972752,0.09448223561048508,1.0,0.9584000110626221
YER091C,YHR090C,0,-1.9985098,0.09447330981492996,1.0,0.9585000276565552
YCR010C,YGL136C,0,-2.0019627,0.09446438401937485,1.0,0.9585999846458435
YBR001C,YHL024W,0,-2.0072541,0.09445546567440033,1.0,0.9587000012397766
YPR067W,YHL044W,0,-2.0208616,0.09444653987884521,1.0,0.9588000178337097
YOR338W,YJR021C,0,-2.022758,0.0944376215338707,1.0,0.958899974822998
YJL056C,YLR129W,0,-2.0238557,0.09442870318889618,1.0,0.9589999914169312
YNL010W,YER002W,0,-2.0249562,0.09441979229450226,1.0,0.9591000080108643
YDL100C,YJL048C,0,-2.0259614,0.09441087394952774,1.0,0.9592000246047974
YCR011C,YOR315W,0,-2.0324802,0.09440196305513382,1.0,0.9592999815940857
YIL047C,YER154W,0,-2.0353937,0.0943930521607399,1.0,0.9593999981880188
YCR105W,YLR301W,0,-2.037219,0.09438414126634598,1.0,0.9595000147819519
YLR126C,YGR058W,0,-2.0378375,0.09437523782253265,1.0,0.9595999717712402
YGL009C,YOR127W,0,-2.043857,0.09436632692813873,1.0,0.9596999883651733
YJL213W,YDL110C,0,-2.044733,0.09435742348432541,1.0,0.9598000049591064
YOR287C,YHL012W,0,-2.0465903,0.09434852004051208,1.0,0.9599000215530396
YLR190W,YPR010C,0,-2.0467782,0.09433962404727936,1.0,0.9599999785423279
YNL065W,YEL022W,0,-2.0487328,0.09433072060346603,1.0,0.960099995136261
YEL027W,YDR083W,0,-2.0499196,0.0943218246102333,1.0,0.9602000117301941
YKL170W,YOR131C,0,-2.0537596,0.09431292861700058,1.0,0.9603000283241272
YJR118C,YML030W,0,-2.0543041,0.09430403262376785,1.0,0.9603999853134155
YIL087C,YDR486C,0,-2.0560503,0.09429514408111572,1.0,0.9605000019073486
YDR309C,YML040W,0,-2.0633235,0.09428625553846359,1.0,0.9606000185012817
YCR057C,YMR269W,0,-2.0640192,0.09427736699581146,1.0,0.9606999754905701
YGL141W,YHR114W,0,-2.0700808,0.09426847845315933,1.0,0.9607999920845032
YGL085W,YGR170W,0,-2.0704298,0.0942595899105072,1.0,0.9609000086784363
YBR026C,YDR065W,0,-2.0764751,0.09425070881843567,1.0,0.9610000252723694
YKL056C,YOL101C,0,-2.0773487,0.09424182772636414,1.0,0.9610999822616577
YJR153W,YPL134C,0,-2.0789504,0.0942329466342926,1.0,0.9611999988555908
YGR054W,YOR236W,0,-2.083517,0.09422406554222107,1.0,0.9613000154495239
YGL209W,YDR283C,0,-2.0848656,0.09421518445014954,1.0,0.9613999724388123
YLR343W,YML055W,0,-2.0850458,0.0942063108086586,1.0,0.9614999890327454
YML106W,YNR061C,0,-2.0912561,0.09419743716716766,1.0,0.9616000056266785
YCL054W,YDL055C,0,-2.096356,0.09418856352567673,1.0,0.9617000222206116
YJL191W,YKL156W,0,-2.0973182,0.09417969733476639,1.0,0.9617999792098999
YJL011C,YLR158C,0,-2.099666,0.09417082369327545,1.0,0.961899995803833
YDR301W,YPL043W,0,-2.1007004,0.09416195750236511,1.0,0.9620000123977661
YGR060W,YOR004W,0,-2.1031494,0.09415309131145477,1.0,0.9621000289916992
YOL140W,YNR061C,0,-2.1043105,0.09414423257112503,1.0,0.9621999859809875
YKL126W,YLR350W,0,-2.105723,0.09413536638021469,1.0,0.9623000025749207
YFL026W,YER155C,0,-2.1118002,0.09412650763988495,1.0,0.9624000191688538
YDR367W,YLR363C,0,-2.1130695,0.0941176488995552,1.0,0.9624999761581421
YLR088W,YKL082C,0,-2.1157422,0.09410879015922546,1.0,0.9625999927520752
YJR048W,YJR132W,0,-2.1171508,0.09409993141889572,1.0,0.9627000093460083
YJL144W,YLR118C,0,-2.125216,0.09409108012914658,1.0,0.9628000259399414
YDR469W,YBR271W,0,-2.1330285,0.09408222883939743,1.0,0.9628999829292297
YER130C,YGL243W,0,-2.1341772,0.09407337754964828,1.0,0.9629999995231628
YAL033W,YPL156C,0,-2.1462812,0.09406452625989914,1.0,0.963100016117096
YLR237W,YDR318W,0,-2.1478863,0.09405568242073059,1.0,0.9631999731063843
YOR377W,YOR359W,0,-2.1494684,0.09404683858156204,1.0,0.9632999897003174
YOL059W,YDR492W,0,-2.150207,0.0940379947423935,1.0,0.9634000062942505
YNL247W,YNL153C,0,-2.1514869,0.09402915090322495,1.0,0.9635000228881836
YGR085C,YGL076C,0,-2.1622682,0.0940203070640564,1.0,0.9635999798774719
YGL229C,YPR163C,0,-2.162269,0.09401147067546844,1.0,0.963699996471405
YML116W,YCR091W,0,-2.1677961,0.0940026342868805,1.0,0.9638000130653381
YHR051W,YOR316C,0,-2.168789,0.09399379789829254,1.0,0.9639000296592712
YGL180W,YJL221C,0,-2.1746821,0.09398496150970459,1.0,0.9639999866485596
YIR011C,YGR266W,0,-2.1767802,0.09397613257169724,1.0,0.9641000032424927
YDR079W,YMR176W,0,-2.1783476,0.09396729618310928,1.0,0.9642000198364258
YBL087C,YOR201C,0,-2.1796374,0.09395846724510193,1.0,0.9642999768257141
YDR260C,YOR317W,0,-2.1823978,0.09394964575767517,1.0,0.9643999934196472
YDR299W,YKL185W,0,-2.1914597,0.09394081681966782,1.0,0.9645000100135803
YDL206W,YBR274W,0,-2.2007775,0.09393199533224106,1.0,0.9646000266075134
YNL159C,YJR149W,0,-2.2028666,0.0939231738448143,1.0,0.9646999835968018
YNL098C,YHL040C,0,-2.2040043,0.09391435235738754,1.0,0.9648000001907349
YNR060W,YNL094W,0,-2.205011,0.09390553086996078,1.0,0.964900016784668
YDL120W,YNL145W,0,-2.2081165,0.09389671683311462,1.0,0.9649999737739563
YDR387C,YAL002W,0,-2.2131696,0.09388789534568787,1.0,0.9650999903678894
YDR342C,YIL022W,0,-2.214622,0.0938790813088417,1.0,0.9652000069618225
YDL231C,YEL056W,0,-2.2164235,0.09387027472257614,1.0,0.9653000235557556
YER061C,YDL204W,0,-2.2187262,0.09386146068572998,1.0,0.965399980545044
YDR115W,YMR009W,0,-2.22265,0.09385265409946442,1.0,0.965499997138977
YBR207W,YMR099C,0,-2.228931,0.09384384751319885,1.0,0.9656000137329102
YBR046C,YCR098C,0,-2.2355242,0.09383504092693329,1.0,0.9656999707221985
YPL090C,YDR471W,0,-2.2386622,0.09382623434066772,1.0,0.9657999873161316
YMR304W,YKL205W,0,-2.2468157,0.09381742775440216,1.0,0.9659000039100647
YDR330W,YLR348C,0,-2.2477064,0.0938086286187172,1.0,0.9660000205039978
YJR107W,YOR057W,0,-2.2539334,0.09379982948303223,1.0,0.9660999774932861
YOR359W,YHL026C,0,-2.2604775,0.09379103034734726,1.0,0.9661999940872192
YOR004W,YNL210W,0,-2.261332,0.09378223866224289,1.0,0.9663000106811523
YMR115W,YLR203C,0,-2.2633486,0.09377344697713852,1.0,0.9664000272750854
YJL170C,YLR106C,0,-2.269958,0.09376464784145355,1.0,0.9664999842643738
YDL124W,YNL056W,0,-2.273265,0.09375585615634918,1.0,0.9666000008583069
YDR120C,YLR221C,0,-2.2766476,0.09374707192182541,1.0,0.96670001745224
YJL191W,YDL185W,0,-2.2769284,0.09373828023672104,1.0,0.9667999744415283
YNL160W,YGR084C,0,-2.278623,0.09372949600219727,1.0,0.9668999910354614
YPL160W,YLR386W,0,-2.2794185,0.09372071176767349,1.0,0.9670000076293945
YIL145C,YOR237W,0,-2.2856812,0.09371192753314972,1.0,0.9671000242233276
YBL075C,YLR299W,0,-2.2886953,0.09370315074920654,1.0,0.967199981212616
YER072W,YOR192C,0,-2.2907686,0.09369436651468277,1.0,0.9672999978065491
YIL106W,YFL014W,0,-2.2907953,0.0936855897307396,1.0,0.9674000144004822
YIL083C,YJL173C,0,-2.2951937,0.09367681294679642,1.0,0.9674999713897705
YGL135W,YDL121C,0,-2.2966447,0.09366804361343384,1.0,0.9675999879837036
YHR110W,YCL054W,0,-2.30131,0.09365926682949066,1.0,0.9677000045776367
YGR171C,YFR014C,0,-2.3133116,0.09365049749612808,1.0,0.9678000211715698
YMR298W,YOR338W,0,-2.3157492,0.0936417281627655,1.0,0.9678999781608582
YDL130W-A,YOR338W,0,-2.317214,0.09363295882940292,1.0,0.9679999947547913
YLR197W,YLR020C,0,-2.321671,0.09362418949604034,1.0,0.9681000113487244
YJL167W,YOR377W,0,-2.3227353,0.09361542761325836,1.0,0.9682000279426575
YDL108W,YPL225W,0,-2.3266292,0.09360666573047638,1.0,0.9682999849319458
YKL168C,YNR019W,0,-2.3269854,0.0935979038476944,1.0,0.9684000015258789
YML132W,YDL029W,0,-2.327289,0.09358914196491241,1.0,0.968500018119812
YPR191W,YBR149W,0,-2.3312445,0.09358038753271103,1.0,0.9685999751091003
YCR046C,YHL032C,0,-2.3364253,0.09357162564992905,1.0,0.9686999917030334
YKL100C,YGL243W,0,-2.3389025,0.09356287121772766,1.0,0.9688000082969666
YER095W,YFR018C,0,-2.34238,0.09355412423610687,1.0,0.9689000248908997
YGR258C,YMR087W,0,-2.3513484,0.09354536980390549,1.0,0.968999981880188
YBR241C,YDR453C,0,-2.351563,0.0935366228222847,1.0,0.9690999984741211
YJR082C,YJL066C,0,-2.3517804,0.09352786839008331,1.0,0.9692000150680542
YLR160C,YGL126W,0,-2.3551998,0.09351912140846252,1.0,0.9692999720573425
YOR036W,YDL022W,0,-2.3557281,0.09351038187742233,1.0,0.9693999886512756
YNL119W,YGR080W,0,-2.3657398,0.09350163489580154,1.0,0.9695000052452087
YGL059W,YLR080W,0,-2.3791208,0.09349289536476135,1.0,0.9696000218391418
YAL008W,YML116W,0,-2.3816366,0.09348415583372116,1.0,0.9696999788284302
YNL167C,YMR087W,0,-2.389546,0.09347541630268097,1.0,0.9697999954223633
YOL117W,YPL223C,0,-2.3900065,0.09346667677164078,1.0,0.9699000120162964
YDR265W,YJL048C,0,-2.3912044,0.09345794469118118,1.0,0.9700000286102295
YGL203C,YDR087C,0,-2.395464,0.09344921261072159,1.0,0.9700999855995178
YML057W,YGL068W,0,-2.3973904,0.093440480530262,1.0,0.9702000021934509
YIL124W,YPR081C,0,-2.3992014,0.0934317484498024,1.0,0.970300018787384
YHR140W,YGL087C,0,-2.4063034,0.0934230163693428,1.0,0.9703999757766724
YJL095W,YDL223C,0,-2.4094539,0.0934142917394638,1.0,0.9704999923706055
YBL005W,YGR194C,0,-2.4101481,0.09340556710958481,1.0,0.9706000089645386
YLR395C,YML054C,0,-2.4160185,0.09339684247970581,1.0,0.9707000255584717
YGL111W,YDL127W,0,-2.4169993,0.09338811784982681,1.0,0.97079998254776
YJL103C,YNR037C,0,-2.41849,0.09337940067052841,1.0,0.9708999991416931
YMR272C,YER126C,0,-2.4244237,0.09337068349123001,1.0,0.9710000157356262
YDL184C,YNL286W,0,-2.424842,0.09336196631193161,1.0,0.9710999727249146
YDR492W,YIL009C-A,0,-2.4386568,0.09335324913263321,1.0,0.9711999893188477
YDL129W,YMR146C,0,-2.4404645,0.09334453195333481,1.0,0.9713000059127808
YKL168C,YOR291W,0,-2.4468036,0.093335822224617,1.0,0.9714000225067139
YJR034W,YLR343W,0,-2.4514666,0.0933271124958992,1.0,0.9714999794960022
YGR245C,YLR143W,0,-2.4588122,0.0933184027671814,1.0,0.9715999960899353
YOR131C,YPR073C,0,-2.4604902,0.09330969303846359,1.0,0.9717000126838684
YER055C,YDR464W,0,-2.4612088,0.09330099076032639,1.0,0.9718000292778015
YDR131C,YDR081C,0,-2.4715085,0.09329228103160858,1.0,0.9718999862670898
YCR011C,YLR239C,0,-2.4721012,0.09328357875347137,1.0,0.972000002861023
YJL214W,YDL160C,0,-2.4728694,0.09327488392591476,1.0,0.972100019454956
YOR239W,YBR043C,0,-2.4764385,0.09326618164777756,1.0,0.9721999764442444
YPL097W,YNL110C,0,-2.484521,0.09325748682022095,1.0,0.9722999930381775
YDR074W,YBR222C,0,-2.4955235,0.09324878454208374,1.0,0.9724000096321106
YER127W,YLR300W,0,-2.4969854,0.09324008971452713,1.0,0.9725000262260437
YMR088C,YMR250W,0,-2.502061,0.09323140233755112,1.0,0.972599983215332
YOL030W,YMR040W,0,-2.5032873,0.0932227075099945,1.0,0.9726999998092651
YPL145C,YOR382W,0,-2.5105896,0.0932140201330185,1.0,0.9728000164031982
YJL062W,YKL063C,0,-2.5141068,0.09320533275604248,1.0,0.9728999733924866
YOL084W,YOR207C,0,-2.514493,0.09319664537906647,1.0,0.9729999899864197
YDR088C,YHL044W,0,-2.524981,0.09318795800209045,1.0,0.9731000065803528
YPR006C,YBR214W,0,-2.533061,0.09317927807569504,1.0,0.9732000231742859
YHR157W,YLR214W,0,-2.5334826,0.09317059814929962,1.0,0.9732999801635742
YMR053C,YMR118C,0,-2.534326,0.0931619182229042,1.0,0.9733999967575073
YMR282C,YDL110C,0,-2.5345535,0.09315323829650879,1.0,0.9735000133514404
YIL113W,YOL011W,0,-2.5362644,0.09314455837011337,1.0,0.9735999703407288
YER052C,YPR114W,0,-2.5365562,0.09313588589429855,1.0,0.9736999869346619
YKL164C,YLR175W,0,-2.5441604,0.09312721341848373,1.0,0.973800003528595
YDL029W,YGL104C,0,-2.549736,0.09311854094266891,1.0,0.9739000201225281
YLR113W,YOR120W,0,-2.5568256,0.0931098684668541,1.0,0.9739999771118164
YIR039C,YDR377W,0,-2.5654268,0.09310120344161987,1.0,0.9740999937057495
YDL202W,YAL040C,0,-2.5692306,0.09309253096580505,1.0,0.9742000102996826
YGR155W,YCR072C,0,-2.5693889,0.09308386594057083,1.0,0.9743000268936157
YDR246W,YNL213C,0,-2.5702934,0.0930752083659172,1.0,0.974399983882904
YLR139C,YDR496C,0,-2.5765915,0.09306654334068298,1.0,0.9745000004768372
YGR194C,YMR098C,0,-2.5794625,0.09305787831544876,1.0,0.9746000170707703
YEL027W,YOR306C,0,-2.5804996,0.09304922074079514,1.0,0.9746999740600586
YLL035W,YMR093W,0,-2.580935,0.09304056316614151,1.0,0.9747999906539917
YBR024W,YKL085W,0,-2.5889463,0.09303191304206848,1.0,0.9749000072479248
YGL016W,YLR413W,0,-2.5930276,0.09302325546741486,1.0,0.9750000238418579
YFL023W,YIR039C,0,-2.5942435,0.09301460534334183,1.0,0.9750999808311462
YJR045C,YLR189C,0,-2.5946927,0.0930059552192688,1.0,0.9751999974250793
YPL220W,YJL200C,0,-2.6054487,0.09299730509519577,1.0,0.9753000140190125
YGL183C,YKL082C,0,-2.6281738,0.09298865497112274,1.0,0.9753999710083008
YOL038W,YGR266W,0,-2.6283002,0.09298001229763031,1.0,0.9754999876022339
YMR013C,YNL217W,0,-2.6324959,0.09297136217355728,1.0,0.975600004196167
YBL087C,YHR059W,0,-2.6442695,0.09296271950006485,1.0,0.9757000207901001
YDR009W,YDR131C,0,-2.647911,0.09295408427715302,1.0,0.9757999777793884
YOL120C,YGR191W,0,-2.6505346,0.09294544160366058,1.0,0.9758999943733215
YHR052W,YNL310C,0,-2.6537867,0.09293680638074875,1.0,0.9760000109672546
YOR340C,YDR487C,0,-2.6544962,0.09292816370725632,1.0,0.9761000275611877
YML056C,YIL043C,0,-2.6593547,0.09291952848434448,1.0,0.9761999845504761
YLR009W,YPL065W,0,-2.6692567,0.09291090071201324,1.0,0.9763000011444092
YHR025W,YER117W,0,-2.670168,0.09290226548910141,1.0,0.9764000177383423
YAL010C,YEL012W,0,-2.6719313,0.09289363771677017,1.0,0.9764999747276306
YBR268W,YBR301W,0,-2.6757026,0.09288500994443893,1.0,0.9765999913215637
YIL167W,YLR160C,0,-2.6760607,0.0928763821721077,1.0,0.9767000079154968
YPL240C,YKL134C,0,-2.6772394,0.09286775439977646,1.0,0.9768000245094299
YML054C,YNL094W,0,-2.6810317,0.09285913407802582,1.0,0.9768999814987183
YGL085W,YCL052C,0,-2.6857262,0.09285051375627518,1.0,0.9769999980926514
YOR089C,YLR251W,0,-2.6862445,0.09284189343452454,1.0,0.9771000146865845
YBR107C,YPR026W,0,-2.6872725,0.0928332731127739,1.0,0.9771999716758728
YKL014C,YBL080C,0,-2.6877046,0.09282465279102325,1.0,0.9772999882698059
YIL080W,YGR089W,0,-2.7009506,0.09281603991985321,1.0,0.977400004863739
YMR093W,YNL185C,0,-2.7044377,0.09280742704868317,1.0,0.9775000214576721
YOR157C,YMR226C,0,-2.710235,0.09279881417751312,1.0,0.9775999784469604
YPL150W,YIL036W,0,-2.7226477,0.09279020130634308,1.0,0.9776999950408936
YIL096C,YBR243C,0,-2.7248373,0.09278158843517303,1.0,0.9778000116348267
YOL132W,YLR411W,0,-2.7289,0.09277298301458359,1.0,0.9779000282287598
YFL026W,YDR358W,0,-2.7355337,0.09276437759399414,1.0,0.9779999852180481
YLR014C,YNL008C,0,-2.7365994,0.0927557721734047,1.0,0.9781000018119812
YOL154W,YJL003W,0,-2.7388277,0.09274717420339584,1.0,0.9782000184059143
YLR201C,YLL041C,0,-2.739274,0.0927385687828064,1.0,0.9782999753952026
YLR219W,YKL038W,0,-2.7419934,0.09272997081279755,1.0,0.9783999919891357
YER053C,YNL132W,0,-2.7469368,0.0927213728427887,1.0,0.9785000085830688
YGL185C,YBR096W,0,-2.7500396,0.09271277487277985,1.0,0.978600025177002
YMR303C,YGL127C,0,-2.7635412,0.09270418435335159,1.0,0.9786999821662903
YHR197W,YNL239W,0,-2.8060055,0.09269558638334274,1.0,0.9787999987602234
YGR010W,YBL078C,0,-2.8155732,0.09268699586391449,1.0,0.9789000153541565
YEL024W,YIL008W,0,-2.8204865,0.09267840534448624,1.0,0.9789999723434448
YGL141W,YGR138C,0,-2.8299818,0.09266981482505798,1.0,0.9790999889373779
YMR115W,YBR230C,0,-2.8325453,0.09266123175621033,1.0,0.979200005531311
YLR097C,YLR009W,0,-2.836257,0.09265264868736267,1.0,0.9793000221252441
YLR247C,YNR020C,0,-2.8516173,0.09264405816793442,1.0,0.9793999791145325
YPR191W,YPR149W,0,-2.8795018,0.09263548254966736,1.0,0.9794999957084656
YDL121C,YLR074C,0,-2.8848925,0.0926268994808197,1.0,0.9796000123023987
YGR181W,YOR340C,0,-2.8925486,0.09261831641197205,1.0,0.9797000288963318
YLR251W,YMR020W,0,-2.899212,0.09260974079370499,1.0,0.9797999858856201
YMR225C,YBR096W,0,-2.9397893,0.09260116517543793,1.0,0.9799000024795532
YDR059C,YER033C,0,-2.9432836,0.09259258955717087,1.0,0.9800000190734863
YMR032W,YPL177C,0,-2.9452572,0.0925840213894844,1.0,0.9800999760627747
YGR032W,YLR367W,0,-2.9586854,0.09257544577121735,1.0,0.9801999926567078
YOL107W,YLR404W,0,-2.9597745,0.09256687760353088,1.0,0.9803000092506409
YLR258W,YPR011C,0,-2.9625607,0.09255830943584442,1.0,0.980400025844574
YDR292C,YBL028C,0,-2.9646416,0.09254974871873856,1.0,0.9804999828338623
YCL025C,YPL220W,0,-2.970314,0.0925411805510521,1.0,0.9805999994277954
YKL006W,YER103W,0,-2.9777136,0.09253261983394623,1.0,0.9807000160217285
YLR160C,YDR534C,0,-2.9857354,0.09252405911684036,1.0,0.9807999730110168
YFL029C,YPR047W,0,-2.993812,0.0925154983997345,1.0,0.98089998960495
YKL077W,YNL001W,0,-2.9998937,0.09250693768262863,1.0,0.9810000061988831
YML016C,YOL082W,0,-3.011334,0.09249838441610336,1.0,0.9811000227928162
YHR157W,YLR176C,0,-3.012693,0.0924898236989975,1.0,0.9811999797821045
YLR343W,YDR376W,0,-3.023285,0.09248127043247223,1.0,0.9812999963760376
YLR160C,YNL284C,0,-3.035881,0.09247271716594696,1.0,0.9814000129699707
YOL127W,YDR148C,0,-3.0502133,0.09246417135000229,1.0,0.9815000295639038
YMR156C,YHR209W,0,-3.0576649,0.09245561808347702,1.0,0.9815999865531921
YDR481C,YPR102C,0,-3.061717,0.09244707226753235,1.0,0.9817000031471252
YLR251W,YJR110W,0,-3.0650053,0.09243852645158768,1.0,0.9818000197410583
YPR110C,YLL062C,0,-3.069893,0.092429980635643,1.0,0.9818999767303467
YBR183W,YMR301C,0,-3.0704756,0.09242144227027893,1.0,0.9819999933242798
YLR056W,YDL127W,0,-3.0712852,0.09241290390491486,1.0,0.9821000099182129
YHR140W,YPL022W,0,-3.0741477,0.09240435808897018,1.0,0.982200026512146
YBL087C,YPR102C,0,-3.0829482,0.0923958271741867,1.0,0.9822999835014343
YNL132W,YPR166C,0,-3.0853472,0.09238728880882263,1.0,0.9824000000953674
YGR171C,YDR247W,0,-3.0977993,0.09237875044345856,1.0,0.9825000166893005
YPR143W,YPL134C,0,-3.105495,0.09237021952867508,1.0,0.9825999736785889
YDL142C,YJL025W,0,-3.1071887,0.0923616886138916,1.0,0.982699990272522
YAR035W,YEL054C,0,-3.108179,0.09235315769910812,1.0,0.9828000068664551
YDR387C,YJL094C,0,-3.1142616,0.09234462678432465,1.0,0.9829000234603882
YDR079W,YOR317W,0,-3.116681,0.09233610332012177,1.0,0.9829999804496765
YBR066C,YBR129C,0,-3.1180592,0.09232757985591888,1.0,0.9830999970436096
YJR016C,YER171W,0,-3.1363893,0.092319056391716,1.0,0.9832000136375427
YGL096W,YJR130C,0,-3.136919,0.09231053292751312,1.0,0.983299970626831
YHL035C,YDL204W,0,-3.1441565,0.09230200946331024,1.0,0.9833999872207642
YER091C,YCL026C-B,0,-3.146667,0.09229349344968796,1.0,0.9835000038146973
YHR202W,YIL155C,0,-3.1500263,0.09228497743606567,1.0,0.9836000204086304
YDR309C,YPL163C,0,-3.1508522,0.09227646142244339,1.0,0.9836999773979187
YDR019C,YBR122C,0,-3.1527581,0.0922679454088211,1.0,0.9837999939918518
YCL064C,YLR165C,0,-3.1936088,0.09225943684577942,1.0,0.9839000105857849
YKR006C,YHR002W,0,-3.1966891,0.09225092083215714,1.0,0.984000027179718
YHR150W,YAR027W,0,-3.2244778,0.09224241226911545,1.0,0.9840999841690063
YGR255C,YJL206C,0,-3.2365851,0.09223390370607376,1.0,0.9842000007629395
YDR419W,YPR026W,0,-3.237915,0.09222540259361267,1.0,0.9843000173568726
YHR057C,YOR004W,0,-3.2462358,0.09221689403057098,1.0,0.9843999743461609
YOR261C,YDL144C,0,-3.2550087,0.0922083929181099,1.0,0.984499990940094
YMR163C,YDL223C,0,-3.2574615,0.0921998918056488,1.0,0.9846000075340271
YGR081C,YAL040C,0,-3.27943,0.09219139069318771,1.0,0.9847000241279602
YOR081C,YJR073C,0,-3.2879372,0.09218288958072662,1.0,0.9847999811172485
YOL092W,YGL076C,0,-3.2998047,0.09217439591884613,1.0,0.9848999977111816
YIL039W,YKL077W,0,-3.3004289,0.09216590225696564,1.0,0.9850000143051147
YGR101W,YLR270W,0,-3.3320408,0.09215740114450455,1.0,0.9850999712944031
YDR260C,YLR327C,0,-3.337998,0.09214891493320465,1.0,0.9851999878883362
YMR282C,YDL112W,0,-3.3449373,0.09214042127132416,1.0,0.9853000044822693
YFL026W,YBL037W,0,-3.3452215,0.09213193506002426,1.0,0.9854000210762024
YNL115C,YMR087W,0,-3.3483348,0.09212344884872437,1.0,0.9854999780654907
YLR348C,YML073C,0,-3.3726559,0.09211496263742447,1.0,0.9855999946594238
YIL113W,YDR284C,0,-3.395905,0.09210647642612457,1.0,0.9857000112533569
YPL082C,YAR019C,0,-3.3972073,0.09209799021482468,1.0,0.98580002784729
YPL186C,YOR324C,0,-3.4078808,0.09208951145410538,1.0,0.9858999848365784
YNL008C,YCL036W,0,-3.4098125,0.09208103269338608,1.0,0.9860000014305115
YDL059C,YDR248C,0,-3.4107943,0.09207255393266678,1.0,0.9861000180244446
YLR258W,YGR060W,0,-3.413787,0.09206407517194748,1.0,0.9861999750137329
YHR092C,YBR208C,0,-3.4502673,0.09205560386180878,1.0,0.986299991607666
YNL132W,YOR009W,0,-3.4576898,0.09204712510108948,1.0,0.9864000082015991
YLR194C,YOR285W,0,-3.4606676,0.09203865379095078,1.0,0.9865000247955322
YJR034W,YPL186C,0,-3.462091,0.09203018248081207,1.0,0.9865999817848206
YPR160W,YDR100W,0,-3.4757047,0.09202171862125397,1.0,0.9866999983787537
YCL059C,YOR246C,0,-3.4929657,0.09201324731111526,1.0,0.9868000149726868
YAL017W,YJL096W,0,-3.5124245,0.09200478345155716,1.0,0.9868999719619751
YPL006W,YBL038W,0,-3.5163221,0.09199631959199905,1.0,0.9869999885559082
YMR037C,YOR120W,0,-3.517858,0.09198785573244095,1.0,0.9871000051498413
YCL027W,YGL084C,0,-3.5278273,0.09197939932346344,1.0,0.9872000217437744
YPR160W,YGL116W,0,-3.5414524,0.09197093546390533,1.0,0.9872999787330627
YOL080C,YGR030C,0,-3.563652,0.09196247905492783,1.0,0.9873999953269958
YKL170W,YHR171W,0,-3.5663266,0.09195402264595032,1.0,0.987500011920929
YPL223C,YPR002W,0,-3.575839,0.09194556623697281,1.0,0.9876000285148621
YDR479C,YLR343W,0,-3.58288,0.0919371172785759,1.0,0.9876999855041504
YGL198W,YLL041C,0,-3.586276,0.09192866086959839,1.0,0.9878000020980835
YHR052W,YJR013W,0,-3.5959263,0.09192021191120148,1.0,0.9879000186920166
YLR158C,YIR011C,0,-3.603961,0.09191176295280457,1.0,0.9879999756813049
YGR084C,YCR011C,0,-3.6326752,0.09190331399440765,1.0,0.988099992275238
YHR161C,YOR120W,0,-3.6429462,0.09189487248659134,1.0,0.9882000088691711
YKL168C,YMR087W,0,-3.6435661,0.09188643097877502,1.0,0.9883000254631042
YER060W-A,YDR471W,0,-3.6471615,0.09187798947095871,1.0,0.9883999824523926
YOL057W,YPL195W,0,-3.6510267,0.0918695479631424,1.0,0.9884999990463257
YMR034C,YNL274C,0,-3.6533575,0.09186110645532608,1.0,0.9886000156402588
YEL024W,YOR369C,0,-3.6539936,0.09185266494750977,1.0,0.9886999726295471
YNL051W,YNL008C,0,-3.6617966,0.09184423089027405,1.0,0.9887999892234802
YJL011C,YOR287C,0,-3.6734009,0.09183579683303833,1.0,0.9889000058174133
YOL096C,YGL161C,0,-3.6801586,0.09182736277580261,1.0,0.9890000224113464
YPL022W,YPL123C,0,-3.7219877,0.09181893616914749,1.0,0.9890999794006348
YER050C,YOR019W,0,-3.7262406,0.09181050211191177,1.0,0.9891999959945679
YLR284C,YDL091C,0,-3.7348442,0.09180207550525665,1.0,0.989300012588501
YLR452C,YBR159W,0,-3.746502,0.09179364889860153,1.0,0.9894000291824341
YBR273C,YDR387C,0,-3.7606835,0.09178522229194641,1.0,0.9894999861717224
YKL009W,YDL198C,0,-3.762136,0.09177679568529129,1.0,0.9896000027656555
YNL010W,YGR027C,0,-3.7707105,0.09176837652921677,1.0,0.9897000193595886
YPL123C,YOL069W,0,-3.7730207,0.09175995737314224,1.0,0.989799976348877
YLL026W,YNR044W,0,-3.798583,0.09175153821706772,1.0,0.9898999929428101
YDR399W,YOR101W,0,-3.8047972,0.0917431190609932,1.0,0.9900000095367432
YER110C,YIL155C,0,-3.8064332,0.09173469990491867,1.0,0.9901000261306763
YNL044W,YPL036W,0,-3.8575492,0.09172628819942474,1.0,0.9901999831199646
YBR105C,YNR037C,0,-3.904232,0.09171787649393082,1.0,0.9902999997138977
YDR287W,YHR140W,0,-3.9089804,0.09170946478843689,1.0,0.9904000163078308
YHR150W,YLR348C,0,-3.9297242,0.09170105308294296,1.0,0.9904999732971191
YNL151C,YEL048C,0,-3.9349337,0.09169264882802963,1.0,0.9905999898910522
YER062C,YNL331C,0,-3.9428763,0.0916842371225357,1.0,0.9907000064849854
YBR072W,YBL054W,0,-3.9551435,0.09167583286762238,1.0,0.9908000230789185
YML132W,YAL059W,0,-3.9708004,0.09166742861270905,1.0,0.9908999800682068
YDR045C,YNL111C,0,-3.9765058,0.09165903180837631,1.0,0.9909999966621399
YDR256C,YAL062W,0,-3.9805083,0.09165062755346298,1.0,0.991100013256073
YHR046C,YHR066W,0,-3.9991236,0.09164223074913025,1.0,0.9911999702453613
YLR164W,YBR214W,0,-4.004242,0.09163383394479752,1.0,0.9912999868392944
YGR225W,YNR001C,0,-4.007682,0.09162543714046478,1.0,0.9914000034332275
YBR248C,YDR101C,0,-4.0271773,0.09161704033613205,1.0,0.9915000200271606
YPL148C,YNL045W,0,-4.0397444,0.09160865098237991,1.0,0.991599977016449
YAL054C,YDL091C,0,-4.074363,0.09160025417804718,1.0,0.9916999936103821
YML100W,YPR026W,0,-4.0956774,0.09159186482429504,1.0,0.9918000102043152
YBR026C,YPR028W,0,-4.115694,0.09158347547054291,1.0,0.9919000267982483
YNL010W,YBL076C,0,-4.1159105,0.09157509356737137,1.0,0.9919999837875366
YOR136W,YIL011W,0,-4.1182356,0.09156670421361923,1.0,0.9921000003814697
YHL035C,YER044C,0,-4.1321173,0.09155832231044769,1.0,0.9922000169754028
YHL035C,YDR211W,0,-4.1450543,0.09154994040727615,1.0,0.9922999739646912
YBR267W,YMR023C,0,-4.172881,0.09154155850410461,1.0,0.9923999905586243
YDL134C,YMR210W,0,-4.1794033,0.09153318405151367,1.0,0.9925000071525574
YDR034C,YPR102C,0,-4.1815023,0.09152480214834213,1.0,0.9926000237464905
YAL017W,YKL082C,0,-4.1922154,0.09151642769575119,1.0,0.9926999807357788
YGR161C,YOR071C,0,-4.192834,0.09150805324316025,1.0,0.9927999973297119
YOR348C,YDR471W,0,-4.2149897,0.0914996787905693,1.0,0.992900013923645
YJR155W,YLR158C,0,-4.2174687,0.09149131178855896,1.0,0.9929999709129333
YBR188C,YNL274C,0,-4.241764,0.09148293733596802,1.0,0.9930999875068665
YKL038W,YLR153C,0,-4.2574224,0.09147457033395767,1.0,0.9932000041007996
YBL064C,YIL155C,0,-4.261245,0.09146620333194733,1.0,0.9933000206947327
YHL021C,YKL143W,0,-4.323972,0.09145783632993698,1.0,0.993399977684021
YKL181W,YNL297C,0,-4.32996,0.09144947677850723,1.0,0.9934999942779541
YMR015C,YDL003W,0,-4.332368,0.09144110977649689,1.0,0.9936000108718872
YLL041C,YKL024C,0,-4.3419585,0.09143275022506714,1.0,0.9937000274658203
YJL102W,YLR193C,0,-4.349701,0.09142439067363739,1.0,0.9937999844551086
YLR356W,YNL055C,0,-4.3518486,0.09141603112220764,1.0,0.9939000010490417
YBR046C,YLR295C,0,-4.375519,0.09140767902135849,1.0,0.9940000176429749
YMR136W,YGL227W,0,-4.41998,0.09139932692050934,1.0,0.9940999746322632
YHL016C,YGR220C,0,-4.4788866,0.09139096736907959,1.0,0.9941999912261963
YIL113W,YMR160W,0,-4.5236654,0.09138262271881104,1.0,0.9943000078201294
YDL148C,YPR192W,0,-4.533583,0.09137427061796188,1.0,0.9944000244140625
YPR184W,YMR289W,0,-4.5760574,0.09136591851711273,1.0,0.9944999814033508
YNL167C,YBR183W,0,-4.622563,0.09135757386684418,1.0,0.9945999979972839
YDR115W,YPR098C,0,-4.6381855,0.09134922921657562,1.0,0.994700014591217
YBR170C,YER143W,0,-4.654959,0.09134088456630707,1.0,0.9947999715805054
YOR348C,YBR120C,0,-4.6572256,0.09133253991603851,1.0,0.9948999881744385
YLR099C,YPR026W,0,-4.660023,0.09132420271635056,1.0,0.9950000047683716
YML054C,YOL023W,0,-4.674387,0.091315858066082,1.0,0.9951000213623047
YLR172C,YJL212C,0,-4.684958,0.09130752086639404,1.0,0.995199978351593
YGR052W,YBR067C,0,-4.6957207,0.09129919111728668,1.0,0.9952999949455261
YLR343W,YDR107C,0,-4.7099338,0.09129085391759872,1.0,0.9954000115394592
YOL092W,YDR297W,0,-4.710244,0.09128251671791077,1.0,0.9955000281333923
YML128C,YJL167W,0,-4.740565,0.0912741869688034,1.0,0.9955999851226807
YOL065C,YDL072C,0,-4.8505745,0.09126585721969604,1.0,0.9957000017166138
YLR284C,YHR059W,0,-4.850791,0.09125752747058868,1.0,0.9958000183105469
YPR160W,YDR032C,0,-4.884778,0.09124920517206192,1.0,0.9958999752998352
YPR160W,YER125W,0,-4.899743,0.09124087542295456,1.0,0.9959999918937683
YDL110C,YML120C,0,-4.9339514,0.0912325531244278,1.0,0.9961000084877014
YOR346W,YOL084W,0,-4.961344,0.09122423082590103,1.0,0.9962000250816345
YDL117W,YHR209W,0,-4.9669876,0.09121590852737427,1.0,0.9962999820709229
YPL223C,YKL103C,0,-5.0010796,0.0912075862288475,1.0,0.996399998664856
YIL124W,YJR096W,0,-5.0759745,0.09119927138090134,1.0,0.9965000152587891
YMR136W,YDL100C,0,-5.076456,0.09119095653295517,1.0,0.9965999722480774
YPL147W,YDL130W-A,0,-5.1229286,0.091182641685009,1.0,0.9966999888420105
YOL129W,YML054C,0,-5.133994,0.09117432683706284,1.0,0.9968000054359436
YML128C,YAL053W,0,-5.1877975,0.09116601198911667,1.0,0.9969000220298767
YOR306C,YGR112W,0,-5.2088985,0.0911577045917511,1.0,0.996999979019165
YFL026W,YNL307C,0,-5.2604136,0.09114939719438553,1.0,0.9970999956130981
YGL180W,YIL155C,0,-5.277101,0.09114108979701996,1.0,0.9972000122070312
YKL034W,YNL008C,0,-5.3839183,0.09113278239965439,1.0,0.9973000288009644
YGL111W,YER062C,0,-5.441412,0.09112447500228882,1.0,0.9973999857902527
YEL039C,YBR175W,0,-5.4725313,0.09111617505550385,1.0,0.9975000023841858
YJL066C,YAL039C,0,-5.483842,0.09110787510871887,1.0,0.9976000189781189
YGL142C,YBL078C,0,-5.642034,0.0910995751619339,1.0,0.9976999759674072
YML128C,YGR268C,0,-5.669243,0.09109127521514893,1.0,0.9977999925613403
YOR348C,YBR176W,0,-5.6931415,0.09108297526836395,1.0,0.9979000091552734
YEL058W,YOL084W,0,-5.7325044,0.09107468277215958,1.0,0.9980000257492065
YBR241C,YBR169C,0,-5.812495,0.0910663902759552,1.0,0.9980999827384949
YKL093W,YGR138C,0,-5.843388,0.09105809777975082,1.0,0.998199999332428
YOR306C,YNL061W,0,-5.985533,0.09104980528354645,1.0,0.9983000159263611
YOR317W,YNL258C,0,-6.122725,0.09104151278734207,1.0,0.9983999729156494
YBR072W,YBL055C,0,-6.159583,0.09103322774171829,1.0,0.9984999895095825
YPR160W,YDR284C,0,-6.3033695,0.09102494269609451,1.0,0.9986000061035156
YPR026W,YPL262W,0,-6.4216995,0.09101665765047073,1.0,0.9987000226974487
YNL111C,YBL039C,0,-6.7214565,0.09100837260484695,1.0,0.9987999796867371
YDR481C,YEL054C,0,-6.7482452,0.09100008755922318,1.0,0.9988999962806702
YER096W,YAR027W,0,-6.750724,0.09099180996417999,1.0,0.9990000128746033
YGR225W,YOL126C,0,-6.779689,0.09098353236913681,1.0,0.9991000294685364
YHR106W,YHR037W,0,-6.8353753,0.09097525477409363,1.0,0.9991999864578247
YCR016W,YER002W,0,-6.910924,0.09096697717905045,1.0,0.9993000030517578
YFL026W,YGL049C,0,-6.960349,0.09095870703458786,1.0,0.9994000196456909
YLR359W,YBR066C,0,-6.9619226,0.09095042943954468,1.0,0.9994999766349792
YEL039C,YPL172C,0,-7.256954,0.09094215929508209,1.0,0.9995999932289124
YHR002W,YNL274C,0,-7.6771193,0.0909338891506195,1.0,0.9997000098228455
YML028W,YGR138C,0,-8.022316,0.09092562645673752,1.0,0.9998000264167786
YOR348C,YHR082C,0,-9.920222,0.09091735631227493,1.0,0.9998999834060669
YPR160W,YGL040C,0,-10.506552,0.09090909361839294,1.0,1.0
