Gene A,Gene B,Label,Score,Precision,Recall,False Positive Rate
YML080W,YOL124C,1,-3.880541,1.0,0.010989011265337467,0.0
YML080W,YNL292W,1,-4.1190057,1.0,0.021978022530674934,0.0
YML080W,YKR056W,1,-4.157681,1.0,0.032967034727334976,0.0
YML080W,YLL011W,1,-4.2736516,1.0,0.04395604506134987,0.0
YML080W,YDR120C,1,-4.3061376,1.0,0.05494505539536476,0.0
YLL011W,YDR120C,1,-4.3471136,1.0,0.06593406945466995,0.0
YNL292W,YLL011W,1,-4.3741536,1.0,0.07692307978868484,0.0
YOL124C,YKR056W,1,-4.3877764,1.0,0.08791209012269974,0.0
YNR053C,YER082C,0,-4.451962,0.8888888955116272,0.08791209012269974,0.001098901149816811
YBR288C,YMR212C,0,-4.4522676,0.800000011920929,0.08791209012269974,0.002197802299633622
YML080W,YPR137W,1,-4.459573,0.8181818127632141,0.09890110045671463,0.002197802299633622
YPR137W,YOL124C,1,-4.4808707,0.8333333134651184,0.10989011079072952,0.002197802299633622
YLR129W,YDR412W,0,-4.511647,0.7692307829856873,0.10989011079072952,0.0032967033330351114
YLL011W,YOL124C,1,-4.527344,0.7857142686843872,0.12087912112474442,0.0032967033330351114
YFL022C,YLR048W,0,-4.591678,0.7333333492279053,0.12087912112474442,0.004395604599267244
YLL011W,YKR056W,1,-4.6209793,0.75,0.1318681389093399,0.004395604599267244
YPR137W,YLL011W,1,-4.624168,0.7647058963775635,0.1428571492433548,0.004395604599267244
YDR120C,YOL124C,1,-4.6834145,0.7777777910232544,0.1538461595773697,0.004395604599267244
YPR137W,YKR056W,1,-4.7742963,0.7894737124443054,0.16483516991138458,0.004395604599267244
YDL014W,YOL124C,1,-4.8210945,0.800000011920929,0.17582418024539948,0.004395604599267244
YLR384C,YKR056W,1,-4.8259096,0.8095238208770752,0.18681319057941437,0.004395604599267244
YNL292W,YDR120C,1,-4.857263,0.8181818127632141,0.19780220091342926,0.004395604599267244
YIL026C,YLR272C,0,-4.862021,0.782608687877655,0.19780220091342926,0.005494505632668734
YDL014W,YDR120C,1,-4.871237,0.7916666865348816,0.20879121124744415,0.005494505632668734
YML080W,YLR384C,1,-4.880362,0.800000011920929,0.21978022158145905,0.005494505632668734
YLR384C,YNL292W,1,-4.8891196,0.807692289352417,0.23076923191547394,0.005494505632668734
YPL100W,YNL167C,0,-4.909124,0.7777777910232544,0.23076923191547394,0.006593406666070223
YLR316C,YDR120C,1,-4.9216223,0.7857142686843872,0.24175824224948883,0.006593406666070223
YNL292W,YKR056W,1,-4.946554,0.7931034564971924,0.2527472674846649,0.006593406666070223
YLR384C,YPR137W,1,-4.9652715,0.800000011920929,0.2637362778186798,0.006593406666070223
YNL292W,YOL124C,1,-4.9764433,0.8064516186714172,0.2747252881526947,0.006593406666070223
YOL033W,YDR393W,0,-4.976941,0.78125,0.2747252881526947,0.007692307699471712
YLR316C,YHR070W,1,-4.987391,0.7878788113594055,0.2857142984867096,0.007692307699471712
YNR027W,YNL023C,0,-4.989841,0.7647058963775635,0.2857142984867096,0.008791209198534489
YJL014W,YML031W,0,-5.053183,0.7428571581840515,0.2857142984867096,0.009890110231935978
YDR120C,YKR056W,1,-5.0555234,0.75,0.2967033088207245,0.009890110231935978
YLR078C,YGL174W,0,-5.0565214,0.7297297120094299,0.2967033088207245,0.010989011265337467
YBL080C,YNR048W,0,-5.068444,0.7105262875556946,0.2967033088207245,0.012087912298738956
YLR384C,YLL011W,1,-5.0684724,0.7179487347602844,0.3076923191547394,0.012087912298738956
YML065W,YGR099W,0,-5.077512,0.699999988079071,0.3076923191547394,0.013186813332140446
YKL108W,YOL006C,0,-5.0878587,0.6829268336296082,0.3076923191547394,0.014285714365541935
YML080W,YLR316C,1,-5.1005235,0.6904761791229248,0.3186813294887543,0.014285714365541935
YLR384C,YDL014W,1,-5.119185,0.6976743936538696,0.32967033982276917,0.014285714365541935
YGL174W,YER149C,0,-5.1323924,0.6818181872367859,0.32967033982276917,0.015384615398943424
YJL013C,YMR075W,0,-5.141585,0.6666666865348816,0.32967033982276917,0.016483517363667488
YNR053C,YML060W,0,-5.144615,0.6521739363670349,0.32967033982276917,0.017582418397068977
YBL008W,YER005W,0,-5.148937,0.6382978558540344,0.32967033982276917,0.018681319430470467
YPL227C,YER149C,0,-5.149504,0.625,0.32967033982276917,0.019780220463871956
YNL292W,YPR137W,1,-5.155508,0.6326530575752258,0.34065935015678406,0.019780220463871956
YKR056W,YHR070W,1,-5.169411,0.6399999856948853,0.35164836049079895,0.019780220463871956
YLR384C,YOL124C,1,-5.177066,0.6470588445663452,0.36263737082481384,0.019780220463871956
YDL014W,YNL292W,1,-5.177243,0.6538461446762085,0.37362638115882874,0.019780220463871956
YOR039W,YEL037C,0,-5.1800175,0.6415094137191772,0.37362638115882874,0.020879121497273445
YBL099W,YPL059W,0,-5.1822734,0.6296296119689941,0.37362638115882874,0.021978022530674934
YPR137W,YDR120C,1,-5.193914,0.6363636255264282,0.38461539149284363,0.021978022530674934
YPL096C-A,YNL009W,0,-5.2235856,0.625,0.38461539149284363,0.023076923564076424
YPL167C,YNL294C,0,-5.2295156,0.6140350699424744,0.38461539149284363,0.024175824597477913
YML080W,YHR070W,1,-5.236994,0.6206896305084229,0.3956044018268585,0.024175824597477913
YNL292W,YHR070W,1,-5.2378297,0.6271186470985413,0.4065934121608734,0.024175824597477913
YIL115C,YNL169C,0,-5.2473803,0.6166666746139526,0.4065934121608734,0.025274725630879402
YLR384C,YGL243W,1,-5.2576003,0.6229507923126221,0.4175824224948883,0.025274725630879402
YPL096C-A,YOL012C,0,-5.2682023,0.6129032373428345,0.4175824224948883,0.02637362666428089
YGR113W,YMR080C,0,-5.2694483,0.60317462682724,0.4175824224948883,0.02747252769768238
YDR164C,YDR057W,0,-5.2774453,0.59375,0.4175824224948883,0.02857142873108387
YLR316C,YOL124C,1,-5.3077254,0.6000000238418579,0.4285714328289032,0.02857142873108387
YNR032C-A,YLR386W,0,-5.327637,0.5909090638160706,0.4285714328289032,0.02967032976448536
YBR035C,YLR025W,0,-5.3492193,0.5820895433425903,0.4285714328289032,0.03076923079788685
YBR272C,YNL049C,0,-5.354858,0.5735294222831726,0.4285714328289032,0.03186813369393349
YMR012W,YMR186W,0,-5.3645554,0.5652173757553101,0.4285714328289032,0.032967034727334976
YJR068W,YLR424W,0,-5.3727574,0.5571428537368774,0.4285714328289032,0.034065935760736465
YIL065C,YPR108W,0,-5.3785195,0.5492957830429077,0.4285714328289032,0.035164836794137955
YDR312W,YKL075C,0,-5.38538,0.5416666865348816,0.4285714328289032,0.036263737827539444
YBR055C,YDR325W,0,-5.387578,0.534246563911438,0.4285714328289032,0.03736263886094093
YIL115C,YOL072W,0,-5.3906145,0.5270270109176636,0.4285714328289032,0.03846153989434242
YDL014W,YPR137W,1,-5.3914466,0.5333333611488342,0.4395604431629181,0.03846153989434242
YMR012W,YGL115W,0,-5.393542,0.5263158082962036,0.4395604431629181,0.03956044092774391
YDR099W,YNL167C,0,-5.3946767,0.5194805264472961,0.4395604431629181,0.0406593419611454
YBR272C,YDL058W,0,-5.4004874,0.5128205418586731,0.4395604431629181,0.04175824299454689
YLL011W,YGL243W,1,-5.4139037,0.5189873576164246,0.450549453496933,0.04175824299454689
YPR144C,YGR152C,0,-5.4175906,0.512499988079071,0.450549453496933,0.04285714402794838
YKR022C,YOR110W,0,-5.420553,0.5061728358268738,0.450549453496933,0.04395604506134987
YNL159C,YDL093W,0,-5.421926,0.5,0.450549453496933,0.04505494609475136
YDL014W,YKR056W,1,-5.4220986,0.5060241222381592,0.4615384638309479,0.04505494609475136
YPR185W,YKL188C,0,-5.4229627,0.5,0.4615384638309479,0.04615384712815285
YNL292W,YLR316C,1,-5.4236197,0.5058823823928833,0.47252747416496277,0.04615384712815285
YKL049C,YKL138C-A,0,-5.434978,0.5,0.47252747416496277,0.04725274816155434
YLR384C,YDR120C,1,-5.4367127,0.5057471394538879,0.48351648449897766,0.04725274816155434
YPL160W,YJR145C,0,-5.442367,0.5,0.48351648449897766,0.048351649194955826
YOL066C,YGL243W,1,-5.442614,0.5056179761886597,0.49450549483299255,0.048351649194955826
YOR224C,YGR152C,0,-5.4504676,0.5,0.49450549483299255,0.049450550228357315
YIR037W,YMR087W,0,-5.4538527,0.49450549483299255,0.49450549483299255,0.050549451261758804
YDR071C,YOR254C,0,-5.4678793,0.489130437374115,0.49450549483299255,0.051648352295160294
YNL339C,YML045W,0,-5.476604,0.4838709533214569,0.49450549483299255,0.05274725332856178
YPR185W,YPR189W,0,-5.481311,0.478723406791687,0.49450549483299255,0.05384615436196327
YDL014W,YLL011W,1,-5.4843783,0.4842105209827423,0.5054945349693298,0.05384615436196327
YML080W,YGL236C,1,-5.4849706,0.4895833432674408,0.5164835453033447,0.05384615436196327
YJL210W,YDR529C,0,-5.488231,0.4845360815525055,0.5164835453033447,0.05494505539536476
YER119C,YIL056W,0,-5.4965186,0.47959184646606445,0.5164835453033447,0.05604395642876625
YJL204C,YNL207W,0,-5.498785,0.4747474789619446,0.5164835453033447,0.05714285746216774
YML057W,YBR273C,0,-5.5087743,0.4699999988079071,0.5164835453033447,0.05824175849556923
YJL024C,YPR144C,0,-5.5117135,0.4653465449810028,0.5164835453033447,0.05934065952897072
YDL192W,YML031W,0,-5.5133204,0.46078431606292725,0.5164835453033447,0.06043956056237221
YCR037C,YMR218C,0,-5.515225,0.4563106894493103,0.5164835453033447,0.0615384615957737
YGR113W,YDL159W,0,-5.51581,0.45192307233810425,0.5164835453033447,0.06263736635446548
YLR170C,YPL233W,0,-5.516462,0.4476190507411957,0.5164835453033447,0.06373626738786697
YLR052W,YMR227C,0,-5.5177855,0.4433962404727936,0.5164835453033447,0.06483516842126846
YDR120C,YHR070W,1,-5.5227075,0.44859811663627625,0.5274725556373596,0.06483516842126846
YBR247C,YOR216C,0,-5.5260415,0.4444444477558136,0.5274725556373596,0.06593406945466995
YLR384C,YHR070W,1,-5.527846,0.44954127073287964,0.5384615659713745,0.06593406945466995
YGR188C,YMR218C,0,-5.5282416,0.44545453786849976,0.5384615659713745,0.06703297048807144
YOR057W,YCR083W,0,-5.5301995,0.44144144654273987,0.5384615659713745,0.06813187152147293
YJR013W,YMR186W,0,-5.534453,0.4375,0.5384615659713745,0.06923077255487442
YMR199W,YGL226C-A,0,-5.536391,0.4336283206939697,0.5384615659713745,0.07032967358827591
YDR404C,YOR083W,0,-5.539406,0.429824560880661,0.5384615659713745,0.0714285746216774
YLR391W,YFR053C,0,-5.5444217,0.426086962223053,0.5384615659713745,0.07252747565507889
YFR037C,YOR089C,0,-5.5469413,0.42241379618644714,0.5384615659713745,0.07362637668848038
YAL015C,YDR079C-A,0,-5.5540786,0.4188034236431122,0.5384615659713745,0.07472527772188187
YLR384C,YLR316C,1,-5.5643945,0.4237288236618042,0.5494505763053894,0.07472527772188187
YOL066C,YLR316C,1,-5.566506,0.4285714328289032,0.5604395866394043,0.07472527772188187
YCR086W,YLR337W,0,-5.5734205,0.42500001192092896,0.5604395866394043,0.07582417875528336
YOL135C,YDR160W,0,-5.5739737,0.42148759961128235,0.5604395866394043,0.07692307978868484
YML080W,YDL014W,1,-5.5757003,0.4262295067310333,0.5714285969734192,0.07692307978868484
YHR014W,YFL002W-A,0,-5.5780215,0.42276424169540405,0.5714285969734192,0.07802198082208633
YPL008W,YCR026C,0,-5.578107,0.4193548262119293,0.5714285969734192,0.07912088185548782
YGL243W,YOL124C,1,-5.5784383,0.42399999499320984,0.5824176073074341,0.07912088185548782
YFR037C,YMR016C,0,-5.578622,0.420634925365448,0.5824176073074341,0.08021978288888931
YAL010C,YPL016W,0,-5.585297,0.4173228442668915,0.5824176073074341,0.0813186839222908
YNL232W,YML045W,0,-5.588631,0.4140625,0.5824176073074341,0.08241758495569229
YML078W,YLL031C,0,-5.5900717,0.41085270047187805,0.5824176073074341,0.08351648598909378
YDR388W,YLR447C,0,-5.591286,0.4076923131942749,0.5824176073074341,0.08461538702249527
YPL096C-A,YBL079W,0,-5.5939865,0.40458014607429504,0.5824176073074341,0.08571428805589676
YER123W,YLR130C,0,-5.595895,0.4015151560306549,0.5824176073074341,0.08681318908929825
YLL061W,YHR050W,0,-5.5987363,0.39849624037742615,0.5824176073074341,0.08791209012269974
YLR330W,YMR022W,0,-5.601089,0.3955223858356476,0.5824176073074341,0.08901099115610123
YLR284C,YHR050W,0,-5.601935,0.39259257912635803,0.5824176073074341,0.09010989218950272
YBR210W,YPL096W,0,-5.603952,0.3897058963775635,0.5824176073074341,0.0912087932229042
YJR082C,YKL075C,0,-5.605232,0.38686132431030273,0.5824176073074341,0.0923076942563057
YPL055C,YLR262C,0,-5.6067896,0.3840579688549042,0.5824176073074341,0.09340659528970718
YLR418C,YDR529C,0,-5.6096196,0.38129496574401855,0.5824176073074341,0.09450549632310867
YDL058W,YHR214C-C,0,-5.6109743,0.37857142090797424,0.5824176073074341,0.09560439735651016
YOR112W,YCR014C,0,-5.6212306,0.3758865296840668,0.5824176073074341,0.09670329838991165
YIL114C,YBR118W,0,-5.622497,0.3732394278049469,0.5824176073074341,0.09780219942331314
YKL139W,YDL013W,0,-5.6272626,0.37062937021255493,0.5824176073074341,0.09890110045671463
YDR412W,YLR105C,0,-5.6351137,0.3680555522441864,0.5824176073074341,0.10000000149011612
YAL016W,YOR083W,0,-5.640137,0.3655172288417816,0.5824176073074341,0.10109890252351761
YBR288C,YKL149C,0,-5.6427283,0.36301368474960327,0.5824176073074341,0.1021978035569191
YAR002W,YER013W,0,-5.6465683,0.36054420471191406,0.5824176073074341,0.10329670459032059
YBR185C,YGL226C-A,0,-5.6469607,0.3581081032752991,0.5824176073074341,0.10439560562372208
YER126C,YHR214C-C,0,-5.650584,0.3557046949863434,0.5824176073074341,0.10549450665712357
YOL124C,YHR070W,1,-5.6507907,0.36000001430511475,0.593406617641449,0.10549450665712357
YLR316C,YKR056W,1,-5.6525636,0.3642384111881256,0.6043956279754639,0.10549450665712357
YDR284C,YDL085W,0,-5.6555996,0.3618420958518982,0.6043956279754639,0.10659340769052505
YCL003W,YIL017W,0,-5.656101,0.35947713255882263,0.6043956279754639,0.10769230872392654
YKL022C,YOL028C,0,-5.6563,0.3571428656578064,0.6043956279754639,0.10879120975732803
YCL024W,YPL011C,0,-5.658579,0.35483869910240173,0.6043956279754639,0.10989011079072952
YER107C,YKL009W,0,-5.6609845,0.35256409645080566,0.6043956279754639,0.11098901182413101
YPL096C-A,YKL055C,0,-5.661487,0.35031846165657043,0.6043956279754639,0.1120879128575325
YAL041W,YJR028W,0,-5.661816,0.34810125827789307,0.6043956279754639,0.11318681389093399
YDR069C,YJR028W,0,-5.664308,0.3459119498729706,0.6043956279754639,0.11428571492433548
YJL080C,YLR337W,0,-5.664644,0.34375,0.6043956279754639,0.11538461595773697
YDR284C,YOR270C,0,-5.671463,0.34161490201950073,0.6043956279754639,0.11648351699113846
YOR216C,YOR359W,0,-5.6731634,0.3395061790943146,0.6043956279754639,0.11758241802453995
YBR102C,YOR089C,0,-5.6754584,0.33742332458496094,0.6043956279754639,0.11868131905794144
YLR347C,YJL018W,0,-5.6834097,0.3353658616542816,0.6043956279754639,0.11978022009134293
YOL135C,YIL017W,0,-5.6845493,0.3333333432674408,0.6043956279754639,0.12087912112474442
YLR052W,YJL025W,0,-5.6849937,0.3313252925872803,0.6043956279754639,0.1219780221581459
YNL292W,YGL243W,1,-5.685036,0.3353293538093567,0.6153846383094788,0.1219780221581459
YPR137W,YGL243W,1,-5.689549,0.3392857015132904,0.6263736486434937,0.1219780221581459
YPL235W,YHR214C-C,0,-5.6916213,0.3372780978679657,0.6263736486434937,0.1230769231915474
YFR019W,YDL085W,0,-5.6945,0.33529412746429443,0.6263736486434937,0.12417582422494888
YGR129W,YKL075C,0,-5.699949,0.3333333432674408,0.6263736486434937,0.12527473270893097
YML055W,YHR214C-C,0,-5.7013106,0.33139535784721375,0.6263736486434937,0.12637363374233246
YLR330W,YGR098C,0,-5.7056518,0.32947975397109985,0.6263736486434937,0.12747253477573395
YNL246W,YPL060C-A,0,-5.706369,0.32758620381355286,0.6263736486434937,0.12857143580913544
YGR007W,YOR279C,0,-5.7074103,0.3257142901420593,0.6263736486434937,0.12967033684253693
YPR137W,YHR070W,1,-5.711495,0.3295454680919647,0.6373626589775085,0.12967033684253693
YBR272C,YLR337W,0,-5.7132373,0.32768362760543823,0.6373626589775085,0.13076923787593842
YAL010C,YPL268W,0,-5.7138963,0.3258427083492279,0.6373626589775085,0.1318681389093399
YMR035W,YPR158W-B,0,-5.7157307,0.3240223526954651,0.6373626589775085,0.1329670399427414
YER019W,YOR150W,0,-5.7177253,0.3222222328186035,0.6373626589775085,0.13406594097614288
YNL271C,YDR036C,0,-5.719191,0.32044199109077454,0.6373626589775085,0.13516484200954437
YDR434W,YML023C,0,-5.7198462,0.3186813294887543,0.6373626589775085,0.13626374304294586
YHR086W,YPL019C,0,-5.722525,0.3169398903846741,0.6373626589775085,0.13736264407634735
YLR394W,YBR089C-A,0,-5.7252836,0.31521740555763245,0.6373626589775085,0.13846154510974884
YLR170C,YKL179C,0,-5.7258444,0.31351351737976074,0.6373626589775085,0.13956044614315033
YPL096C-A,YCR084C,0,-5.726621,0.31182795763015747,0.6373626589775085,0.14065934717655182
YKL004W,YNL001W,0,-5.7278743,0.31016042828559875,0.6373626589775085,0.1417582482099533
YLR391W,YDL044C,0,-5.73753,0.3085106313228607,0.6373626589775085,0.1428571492433548
YJR042W,YNL257C,0,-5.7422886,0.30687829852104187,0.6373626589775085,0.1439560502767563
YOR061W,YLR337W,0,-5.7423644,0.3052631616592407,0.6373626589775085,0.14505495131015778
YNR058W,YJL018W,0,-5.7429805,0.3036649227142334,0.6373626589775085,0.14615385234355927
YDL226C,YCR062W,0,-5.744688,0.3020833432674408,0.6373626589775085,0.14725275337696075
YPL061W,YPL178W,0,-5.745686,0.30051812529563904,0.6373626589775085,0.14835165441036224
YML031W,YPL060C-A,0,-5.7478566,0.2989690601825714,0.6373626589775085,0.14945055544376373
YOL135C,YML127W,0,-5.7499723,0.2974359095096588,0.6373626589775085,0.15054945647716522
YEL012W,YIL017W,0,-5.7507415,0.29591837525367737,0.6373626589775085,0.1516483575105667
YGR261C,YJR004C,0,-5.7509027,0.29441624879837036,0.6373626589775085,0.1527472585439682
YHL002W,YPR158C-D,0,-5.751324,0.2929292917251587,0.6373626589775085,0.1538461595773697
YPL059W,YNL246W,0,-5.752187,0.29145729541778564,0.6373626589775085,0.15494506061077118
YGL236C,YNL292W,1,-5.7539477,0.29499998688697815,0.6483516693115234,0.15494506061077118
YBR127C,YLR455W,0,-5.7548575,0.2935323417186737,0.6483516693115234,0.15604396164417267
YPL059W,YBR272C,0,-5.7553854,0.29207921028137207,0.6483516693115234,0.15714286267757416
YOR119C,YER118C,0,-5.757037,0.29064038395881653,0.6483516693115234,0.15824176371097565
YDR079W,YFL002W-A,0,-5.761102,0.28921568393707275,0.6483516693115234,0.15934066474437714
YCR037C,YLR272C,0,-5.7619805,0.28780487179756165,0.6483516693115234,0.16043956577777863
YPL275W,YER116C,0,-5.7629194,0.2864077687263489,0.6483516693115234,0.16153846681118011
YKL054C,YGL181W,0,-5.766244,0.28502416610717773,0.6483516693115234,0.1626373678445816
YPR190C,YFL002W-A,0,-5.766765,0.2836538553237915,0.6483516693115234,0.1637362688779831
YPL233W,YIL115C,0,-5.7693763,0.28229665756225586,0.6483516693115234,0.16483516991138458
YDR210W-D,YNL313C,0,-5.7707176,0.2809523940086365,0.6483516693115234,0.16593407094478607
YIL063C,YPR036W-A,0,-5.7707176,0.27962085604667664,0.6483516693115234,0.16703297197818756
YCR062W,YKL075C,0,-5.7707176,0.2783018946647644,0.6483516693115234,0.16813187301158905
YML067C,YBL101W-A,0,-5.7707176,0.27699530124664307,0.6483516693115234,0.16923077404499054
YLR026C,YBL101W-A,0,-5.7707176,0.2757009267807007,0.6483516693115234,0.17032967507839203
YIL095W,YDR210W-D,0,-5.7707176,0.27441859245300293,0.6483516693115234,0.17142857611179352
YDR515W,YDR210W-D,0,-5.7707176,0.27314814925193787,0.6483516693115234,0.172527477145195
YNL097C,YBL101W-A,0,-5.7707176,0.2718893885612488,0.6483516693115234,0.1736263781785965
YGR220C,YPR036W-A,0,-5.7707176,0.2706421911716461,0.6483516693115234,0.17472527921199799
YHR031C,YBL101W-A,0,-5.7707176,0.26940637826919556,0.6483516693115234,0.17582418024539948
YDL031W,YPL060C-A,0,-5.7707257,0.26818183064460754,0.6483516693115234,0.17692308127880096
YBR159W,YER013W,0,-5.7708354,0.26696833968162537,0.6483516693115234,0.17802198231220245
YOR039W,YDL118W,0,-5.7717185,0.2657657563686371,0.6483516693115234,0.17912088334560394
YNL118C,YJR013W,0,-5.7739005,0.26457399129867554,0.6483516693115234,0.18021978437900543
YOL066C,YLL011W,1,-5.784229,0.2678571343421936,0.6593406796455383,0.18021978437900543
YNR053C,YDR198C,0,-5.7945876,0.2666666805744171,0.6593406796455383,0.18131868541240692
YKL135C,YPR155C,0,-5.7948937,0.2654867172241211,0.6593406796455383,0.1824175864458084
YNL201C,YGR186W,0,-5.7959447,0.26431718468666077,0.6593406796455383,0.1835164874792099
YGL243W,YDR120C,1,-5.7973485,0.26754385232925415,0.6703296899795532,0.1835164874792099
YLR032W,YLR425W,0,-5.798345,0.2663755416870117,0.6703296899795532,0.1846153885126114
YNL129W,YPL060C-A,0,-5.799474,0.2652173936367035,0.6703296899795532,0.18571428954601288
YDR071C,YJR026W,0,-5.802279,0.26406925916671753,0.6703296899795532,0.18681319057941437
YDR162C,YGR161W-A,0,-5.8038044,0.26293104887008667,0.6703296899795532,0.18791209161281586
YPL098C,YLR181C,0,-5.8106675,0.2618025839328766,0.6703296899795532,0.18901099264621735
YLL011W,YHR070W,1,-5.8138633,0.2649572789669037,0.6813187003135681,0.18901099264621735
YBR207W,YDR077W,0,-5.813906,0.2638297975063324,0.6813187003135681,0.19010989367961884
YKL154W,YPR036W,0,-5.8139443,0.26271185278892517,0.6813187003135681,0.19120879471302032
YNL279W,YPR158W-B,0,-5.817283,0.26160338521003723,0.6813187003135681,0.19230769574642181
YPL100W,YOR195W,0,-5.8199553,0.26050421595573425,0.6813187003135681,0.1934065967798233
YOR112W,YNL261W,0,-5.822866,0.2594142258167267,0.6813187003135681,0.1945054978132248
YPL210C,YJR026W,0,-5.822898,0.25833332538604736,0.6813187003135681,0.19560439884662628
YPL126W,YMR234W,0,-5.8233113,0.2572614252567291,0.6813187003135681,0.19670329988002777
YML080W,YGL243W,1,-5.8288894,0.26033058762550354,0.692307710647583,0.19670329988002777
YPL274W,YGR161W-A,0,-5.828994,0.25925925374031067,0.692307710647583,0.19780220091342926
YFR052W,YDR393W,0,-5.829497,0.25819671154022217,0.692307710647583,0.19890110194683075
YLR080W,YAL016W,0,-5.8305607,0.2571428716182709,0.692307710647583,0.20000000298023224
YKR097W,YJR028W,0,-5.8326955,0.25609755516052246,0.692307710647583,0.20109890401363373
YOR076C,YBL100W-B,0,-5.8336983,0.25506073236465454,0.692307710647583,0.20219780504703522
YKL138C-A,YNL167C,0,-5.8345504,0.2540322542190552,0.692307710647583,0.2032967060804367
YPR137W,YLR316C,1,-5.8348584,0.25702810287475586,0.7032967209815979,0.2032967060804367
YOR076C,YOL072W,0,-5.835301,0.25600001215934753,0.7032967209815979,0.2043956071138382
YBL080C,YNR023W,0,-5.836733,0.25498008728027344,0.7032967209815979,0.20549450814723969
YKL173W,YER082C,0,-5.8384113,0.2539682686328888,0.7032967209815979,0.20659340918064117
YNL257C,YHR006W,0,-5.8412066,0.25296443700790405,0.7032967209815979,0.20769231021404266
YER032W,YLR455W,0,-5.841972,0.25196850299835205,0.7032967209815979,0.20879121124744415
YKL138C-A,YPL243W,0,-5.8454065,0.250980406999588,0.7032967209815979,0.20989011228084564
YPL235W,YOR087W,0,-5.84652,0.25,0.7032967209815979,0.21098901331424713
YGL236C,YLR316C,1,-5.8476954,0.2529182732105255,0.7142857313156128,0.21098901331424713
YGL243W,YKR056W,1,-5.8483047,0.25581395626068115,0.7252747416496277,0.21098901331424713
YOL072W,YGR161W-A,0,-5.853006,0.25482624769210815,0.7252747416496277,0.21208791434764862
YBR278W,YER123W,0,-5.853648,0.2538461685180664,0.7252747416496277,0.2131868153810501
YAL054C,YGL045W,0,-5.854147,0.25287356972694397,0.7252747416496277,0.2142857164144516
YNL094W,YMR095C,0,-5.8552155,0.25190839171409607,0.7252747416496277,0.2153846174478531
YPR168W,YGR135W,0,-5.8574657,0.25095057487487793,0.7252747416496277,0.21648351848125458
YMR211W,YOR371C,0,-5.8585906,0.25,0.7252747416496277,0.21758241951465607
YNR032C-A,YGL253W,0,-5.8589296,0.2490566074848175,0.7252747416496277,0.21868132054805756
YJL024C,YAL068C,0,-5.8591437,0.24812030792236328,0.7252747416496277,0.21978022158145905
YAL054C,YLR189C,0,-5.8593774,0.24719101190567017,0.7252747416496277,0.22087912261486053
YMR208W,YDR194C,0,-5.862684,0.24626865983009338,0.7252747416496277,0.22197802364826202
YBR288C,YNL149C,0,-5.8652043,0.24535316228866577,0.7252747416496277,0.2230769246816635
YCR071C,YKL057C,0,-5.866516,0.24444444477558136,0.7252747416496277,0.224175825715065
YEL037C,YPR054W,0,-5.867844,0.24354243278503418,0.7252747416496277,0.2252747267484665
YMR128W,YPL235W,0,-5.868578,0.24264705181121826,0.7252747416496277,0.22637362778186798
YJL214W,YBL080C,0,-5.869897,0.24175824224948883,0.7252747416496277,0.22747252881526947
YNR035C,YPL235W,0,-5.869927,0.24087591469287872,0.7252747416496277,0.22857142984867096
YGR186W,YJR026W,0,-5.8717656,0.23999999463558197,0.7252747416496277,0.22967033088207245
YNL041C,YGL115W,0,-5.8729053,0.239130437374115,0.7252747416496277,0.23076923191547394
YGL236C,YOL124C,1,-5.87313,0.2418772578239441,0.7362637519836426,0.23076923191547394
YDL099W,YLR425W,0,-5.873362,0.24100719392299652,0.7362637519836426,0.23186813294887543
YAL058W,YPL232W,0,-5.873425,0.24014337360858917,0.7362637519836426,0.23296703398227692
YOL066C,YDR120C,1,-5.8751845,0.24285714328289032,0.7472527623176575,0.23296703398227692
YLL011W,YLR316C,1,-5.876757,0.24555160105228424,0.7582417726516724,0.23296703398227692
YNL004W,YPL096W,0,-5.8791595,0.24468085169792175,0.7582417726516724,0.2340659350156784
YDR138W,YOR057W,0,-5.8797636,0.24381625652313232,0.7582417726516724,0.2351648360490799
YAR014C,YKL041W,0,-5.881044,0.24295774102210999,0.7582417726516724,0.23626373708248138
YLR078C,YBR274W,0,-5.881429,0.24210526049137115,0.7582417726516724,0.23736263811588287
YLR026C,YDR515W,0,-5.881923,0.24125874042510986,0.7582417726516724,0.23846153914928436
YBR037C,YML045W,0,-5.8828216,0.24041812121868134,0.7582417726516724,0.23956044018268585
YDR416W,YPL045W,0,-5.8878717,0.2395833283662796,0.7582417726516724,0.24065934121608734
YBL080C,YJL012C,0,-5.8920927,0.23875433206558228,0.7582417726516724,0.24175824224948883
YNL041C,YOR371C,0,-5.8927946,0.237931028008461,0.7582417726516724,0.24285714328289032
YFR028C,YGR007W,0,-5.895516,0.23711340129375458,0.7582417726516724,0.2439560443162918
YBL008W,YOR083W,0,-5.8994937,0.23630136251449585,0.7582417726516724,0.2450549453496933
YDR412W,YLR272C,0,-5.9000974,0.23549488186836243,0.7582417726516724,0.2461538463830948
YPL275W,YBR165W,0,-5.9062257,0.23469388484954834,0.7582417726516724,0.24725274741649628
YGL191W,YPL015C,0,-5.9097114,0.2338983118534088,0.7582417726516724,0.24835164844989777
YPR067W,YBR127C,0,-5.9098525,0.23310810327529907,0.7582417726516724,0.24945054948329926
YPR025C,YER149C,0,-5.9167075,0.23232322931289673,0.7582417726516724,0.25054946541786194
YFL014W,YMR140W,0,-5.917765,0.231543630361557,0.7582417726516724,0.2516483664512634
YPL167C,YPL016W,0,-5.918759,0.23076923191547394,0.7582417726516724,0.2527472674846649
YMR305C,YMR087W,0,-5.9188433,0.23000000417232513,0.7582417726516724,0.2538461685180664
YFR028C,YCL075W,0,-5.922462,0.22923588752746582,0.7582417726516724,0.2549450695514679
YGR135W,YMR134W,0,-5.9239173,0.22847682237625122,0.7582417726516724,0.2560439705848694
YLR361C,YCL075W,0,-5.9262385,0.22772277891635895,0.7582417726516724,0.2571428716182709
YGR004W,YBL046W,0,-5.9318433,0.22697368264198303,0.7582417726516724,0.25824177265167236
YML098W,YLR262C,0,-5.9323354,0.2262295037508011,0.7582417726516724,0.25934067368507385
YNL159C,YNL055C,0,-5.932456,0.22549019753932953,0.7582417726516724,0.26043957471847534
YBL079W,YCR027C,0,-5.9325066,0.22475570440292358,0.7582417726516724,0.26153847575187683
YDR099W,YBR278W,0,-5.934856,0.22402597963809967,0.7582417726516724,0.2626373767852783
YML031W,YDR443C,0,-5.935941,0.223300963640213,0.7582417726516724,0.2637362778186798
YJL080C,YLR045C,0,-5.9373093,0.22258064150810242,0.7582417726516724,0.2648351788520813
YBR131W,YPR168W,0,-5.9427195,0.2218649536371231,0.7582417726516724,0.2659340798854828
YLR447C,YOR089C,0,-5.9439015,0.2211538404226303,0.7582417726516724,0.2670329809188843
YGR261C,YML067C,0,-5.944611,0.22044728696346283,0.7582417726516724,0.26813188195228577
YMR211W,YER028C,0,-5.9456534,0.2197452187538147,0.7582417726516724,0.26923078298568726
YJL024C,YIL048W,0,-5.9471726,0.21904762089252472,0.7582417726516724,0.27032968401908875
YHL002W,YPR155C,0,-5.948933,0.21835443377494812,0.7582417726516724,0.27142858505249023
YOR110W,YML045W,0,-5.9500265,0.21766561269760132,0.7582417726516724,0.2725274860858917
YBL008W,YOL011W,0,-5.950476,0.21698112785816193,0.7582417726516724,0.2736263871192932
YOL066C,YPR137W,1,-5.9505916,0.21943573653697968,0.7692307829856873,0.2736263871192932
YAL012W,YPR032W,0,-5.954776,0.21875,0.7692307829856873,0.2747252881526947
YCR072C,YIL016W,0,-5.95511,0.21806854009628296,0.7692307829856873,0.2758241891860962
YNL271C,YJL210W,0,-5.9561915,0.21739129722118378,0.7692307829856873,0.2769230902194977
YOR270C,YKL214C,0,-5.959143,0.21671827137470245,0.7692307829856873,0.27802199125289917
YBR177C,YEL034W,0,-5.959866,0.21604938805103302,0.7692307829856873,0.27912089228630066
YOR371C,YER116C,0,-5.9626846,0.2153846174478531,0.7692307829856873,0.28021979331970215
YDR174W,YML095C,0,-5.963207,0.21472392976284027,0.7692307829856873,0.28131869435310364
YCR026C,YHR099W,0,-5.965939,0.214067280292511,0.7692307829856873,0.2824175953865051
YJL072C,YGL169W,0,-5.9706388,0.21341463923454285,0.7692307829856873,0.2835164964199066
YJL179W,YIL082W-A,0,-5.973834,0.21276596188545227,0.7692307829856873,0.2846153974533081
YJR125C,YHR214C-C,0,-5.9746284,0.21212121844291687,0.7692307829856873,0.2857142984867096
YDR515W,YKL075C,0,-5.979563,0.21148036420345306,0.7692307829856873,0.2868131995201111
YMR065W,YOR373W,0,-5.981978,0.21084336936473846,0.7692307829856873,0.2879121005535126
YPL019C,YMR045C,0,-5.9830375,0.21021020412445068,0.7692307829856873,0.28901100158691406
YOR327C,YLR362W,0,-5.985007,0.20958083868026733,0.7692307829856873,0.29010990262031555
YDR054C,YKL149C,0,-5.9870477,0.20895522832870483,0.7692307829856873,0.29120880365371704
YPL167C,YNL247W,0,-5.9912324,0.2083333283662796,0.7692307829856873,0.29230770468711853
YML031W,YGL115W,0,-5.9974146,0.20771513879299164,0.7692307829856873,0.29340660572052
YDR036C,YGR013W,0,-5.9981894,0.20710058510303497,0.7692307829856873,0.2945055067539215
YLR129W,YNL230C,0,-6.0010266,0.2064896821975708,0.7692307829856873,0.295604407787323
YMR129W,YDR164C,0,-6.001925,0.20588235557079315,0.7692307829856873,0.2967033088207245
YGL236C,YHR070W,1,-6.003014,0.20821113884449005,0.7802197933197021,0.2967033088207245
YLR098C,YPL008W,0,-6.0034704,0.2076023370027542,0.7802197933197021,0.297802209854126
YDL188C,YPR054W,0,-6.003836,0.2069970816373825,0.7802197933197021,0.29890111088752747
YAL012W,YCL043C,0,-6.0072713,0.20639534294605255,0.7802197933197021,0.30000001192092896
YDR335W,YGL226C-A,0,-6.0073647,0.20579710602760315,0.7802197933197021,0.30109891295433044
YPL095C,YLR206W,0,-6.0095363,0.20520231127738953,0.7802197933197021,0.30219781398773193
YML012W,YNL281W,0,-6.0123854,0.2046109437942505,0.7802197933197021,0.3032967150211334
YAL058W,YMR067C,0,-6.0143065,0.20402298867702484,0.7802197933197021,0.3043956160545349
YOR279C,YDL235C,0,-6.016644,0.203438401222229,0.7802197933197021,0.3054945170879364
YPL117C,YAL016W,0,-6.0186453,0.2028571367263794,0.7802197933197021,0.3065934181213379
YDR011W,YMR087W,0,-6.019419,0.202279195189476,0.7802197933197021,0.3076923191547394
YPR179C,YOR254C,0,-6.0209475,0.20170454680919647,0.7802197933197021,0.30879122018814087
YNL041C,YNR023W,0,-6.026298,0.2011331468820572,0.7802197933197021,0.30989012122154236
YDL013W,YHR042W,0,-6.0298133,0.20056496560573578,0.7802197933197021,0.31098902225494385
YDR517W,YDR306C,0,-6.029989,0.20000000298023224,0.7802197933197021,0.31208792328834534
YAR014C,YOL123W,0,-6.032888,0.1994381994009018,0.7802197933197021,0.3131868243217468
YDR434W,YDR470C,0,-6.033645,0.19887955486774445,0.7802197933197021,0.3142857253551483
YDR362C,YHR012W,0,-6.0344567,0.1983240246772766,0.7802197933197021,0.3153846263885498
YGR007W,YKR003W,0,-6.0391636,0.1977715939283371,0.7802197933197021,0.3164835274219513
YDL044C,YOL072W,0,-6.042001,0.19722221791744232,0.7802197933197021,0.3175824284553528
YGL191W,YDR055W,0,-6.0422015,0.19667589664459229,0.7802197933197021,0.3186813294887543
YGL243W,YHR070W,1,-6.0426855,0.19889502227306366,0.791208803653717,0.3186813294887543
YNL201C,YIL016W,0,-6.044721,0.19834710657596588,0.791208803653717,0.31978023052215576
YPL275W,YJL191W,0,-6.047058,0.19780220091342926,0.791208803653717,0.32087913155555725
YGL236C,YLL011W,1,-6.05115,0.20000000298023224,0.8021978139877319,0.32087913155555725
YJR001W,YOR224C,0,-6.052877,0.19945354759693146,0.8021978139877319,0.32197803258895874
YOL082W,YPR037C,0,-6.0528936,0.19891008734703064,0.8021978139877319,0.32307693362236023
YGL201C,YDR362C,0,-6.0550847,0.198369562625885,0.8021978139877319,0.3241758346557617
YMR208W,YEL050C,0,-6.0569677,0.19783197343349457,0.8021978139877319,0.3252747356891632
YGR261C,YFR052W,0,-6.0578985,0.19729728996753693,0.8021978139877319,0.3263736367225647
YJR042W,YKL203C,0,-6.058746,0.1967654973268509,0.8021978139877319,0.3274725377559662
YCR038C,YOR061W,0,-6.061296,0.19623656570911407,0.8021978139877319,0.3285714387893677
YMR211W,YCR014C,0,-6.064354,0.1957104504108429,0.8021978139877319,0.32967033982276917
YIL062C,YGR099W,0,-6.067027,0.19518716633319855,0.8021978139877319,0.33076924085617065
YCL055W,YGR251W,0,-6.0694094,0.19466666877269745,0.8021978139877319,0.33186814188957214
YDR503C,YAL001C,0,-6.0736423,0.1941489428281784,0.8021978139877319,0.33296704292297363
YGR211W,YKL075C,0,-6.0740914,0.19363395869731903,0.8021978139877319,0.3340659439563751
YMR172W,YAR002W,0,-6.0761576,0.19312168657779694,0.8021978139877319,0.3351648449897766
YLR028C,YGR249W,0,-6.079101,0.19261214137077332,0.8021978139877319,0.3362637460231781
YBL050W,YCL019W,0,-6.0796866,0.1921052634716034,0.8021978139877319,0.3373626470565796
YMR067C,YHR060W,0,-6.087918,0.19160105288028717,0.8021978139877319,0.3384615480899811
YDR011W,YEL031W,0,-6.0880284,0.19109947979450226,0.8021978139877319,0.33956044912338257
YNL094W,YJR068W,0,-6.0899043,0.19060052931308746,0.8021978139877319,0.34065935015678406
YEL036C,YDR388W,0,-6.0905666,0.1901041716337204,0.8021978139877319,0.34175825119018555
YCR107W,YKL041W,0,-6.091414,0.18961039185523987,0.8021978139877319,0.34285715222358704
YDL200C,YPL022W,0,-6.094622,0.18911917507648468,0.8021978139877319,0.3439560532569885
YLR384C,YGL236C,1,-6.0953183,0.19121447205543518,0.8131868243217468,0.3439560532569885
YGL236C,YOL066C,1,-6.095591,0.19329896569252014,0.8241758346557617,0.3439560532569885
YGL181W,YNL004W,0,-6.0975475,0.1928020566701889,0.8241758346557617,0.34505495429039
YJL102W,YMR087W,0,-6.097975,0.19230769574642181,0.8241758346557617,0.3461538553237915
YOR110W,YNL339C,0,-6.100396,0.19181585311889648,0.8241758346557617,0.347252756357193
YGL236C,YDR120C,1,-6.10507,0.19387754797935486,0.8351648449897766,0.347252756357193
YPR190C,YIL008W,0,-6.105505,0.19338423013687134,0.8351648449897766,0.3483516573905945
YCL024W,YPL026C,0,-6.10555,0.1928934007883072,0.8351648449897766,0.34945055842399597
YGR041W,YGL183C,0,-6.1056714,0.19240505993366241,0.8351648449897766,0.35054945945739746
YML098W,YDR325W,0,-6.1084757,0.19191919267177582,0.8351648449897766,0.35164836049079895
YFL013C,YLR248W,0,-6.1087675,0.191435769200325,0.8351648449897766,0.35274726152420044
YDR071C,YNL253W,0,-6.1099553,0.1909547746181488,0.8351648449897766,0.35384616255760193
YGL243W,YLR316C,1,-6.1109138,0.19298245012760162,0.8461538553237915,0.35384616255760193
YGL181W,YJL128C,0,-6.112432,0.19249999523162842,0.8461538553237915,0.3549450635910034
YEL061C,YIL037C,0,-6.1134815,0.19201995432376862,0.8461538553237915,0.3560439646244049
YBR020W,YDL093W,0,-6.1148524,0.19154228270053864,0.8461538553237915,0.3571428656578064
YDL014W,YHR070W,1,-6.1177945,0.19354838132858276,0.8571428656578064,0.3571428656578064
YLR384C,YOL066C,1,-6.118831,0.1955445557832718,0.8681318759918213,0.3571428656578064
YKL179C,YOL045W,0,-6.123947,0.19506172835826874,0.8681318759918213,0.3582417666912079
YML094W,YNL281W,0,-6.126303,0.1945812851190567,0.8681318759918213,0.3593406677246094
YBL050W,YCL075W,0,-6.128078,0.1941031962633133,0.8681318759918213,0.36043956875801086
YPR144C,YDR362C,0,-6.1294456,0.19362744688987732,0.8681318759918213,0.36153846979141235
YML115C,YCL075W,0,-6.130943,0.19315403699874878,0.8681318759918213,0.36263737082481384
YOR119C,YGR042W,0,-6.13215,0.1926829218864441,0.8681318759918213,0.36373627185821533
YNL261W,YNL207W,0,-6.134679,0.19221411645412445,0.8681318759918213,0.3648351728916168
YAL015C,YOR036W,0,-6.142518,0.19174757599830627,0.8681318759918213,0.3659340739250183
YPL218W,YBL050W,0,-6.142851,0.19128328561782837,0.8681318759918213,0.3670329749584198
YMR208W,YDR362C,0,-6.147704,0.19082126021385193,0.8681318759918213,0.3681318759918213
YJL106W,YGR249W,0,-6.1492553,0.19036144018173218,0.8681318759918213,0.3692307770252228
YDR205W,YKL086W,0,-6.149632,0.1899038404226303,0.8681318759918213,0.37032967805862427
YOR244W,YLR105C,0,-6.1516805,0.18944844603538513,0.8681318759918213,0.37142857909202576
YEL031W,YOR087W,0,-6.153617,0.18899521231651306,0.8681318759918213,0.37252748012542725
YOL130W,YDR324C,0,-6.1572247,0.1885441541671753,0.8681318759918213,0.37362638115882874
YJL013C,YBL033C,0,-6.16048,0.18809524178504944,0.8681318759918213,0.3747252821922302
YJR001W,YPR032W,0,-6.161553,0.1876484602689743,0.8681318759918213,0.3758241832256317
YLR170C,YKL170W,0,-6.1634803,0.1872037947177887,0.8681318759918213,0.3769230842590332
YML080W,YOL066C,1,-6.163787,0.18912529945373535,0.8791208863258362,0.3769230842590332
YGL045W,YML115C,0,-6.168698,0.18867924809455872,0.8791208863258362,0.3780219852924347
YBL008W,YGR257C,0,-6.1707788,0.1882352977991104,0.8791208863258362,0.3791208863258362
YIL150C,YML034W,0,-6.1758313,0.18779343366622925,0.8791208863258362,0.38021978735923767
YPL100W,YFL009W,0,-6.1764317,0.18735362589359283,0.8791208863258362,0.38131868839263916
YBR278W,YAL055W,0,-6.177936,0.18691588938236237,0.8791208863258362,0.38241758942604065
YGL071W,YOR327C,0,-6.182669,0.18648017942905426,0.8791208863258362,0.38351649045944214
YKL049C,YCR037C,0,-6.184689,0.1860465109348297,0.8791208863258362,0.38461539149284363
YDL192W,YDR362C,0,-6.1899333,0.18561485409736633,0.8791208863258362,0.3857142925262451
YFL025C,YPR005C,0,-6.1904798,0.18518517911434174,0.8791208863258362,0.3868131935596466
YGL201C,YFL004W,0,-6.1928344,0.18475750088691711,0.8791208863258362,0.3879120945930481
YFR028C,YDR160W,0,-6.2001214,0.18433180451393127,0.8791208863258362,0.3890109956264496
YCR014C,YEL037C,0,-6.2009654,0.18390804529190063,0.8791208863258362,0.3901098966598511
YGR238C,YGR002C,0,-6.201319,0.1834862381219864,0.8791208863258362,0.39120879769325256
YPR201W,YGL210W,0,-6.21001,0.18306636810302734,0.8791208863258362,0.39230769872665405
YGL030W,YDL118W,0,-6.2113223,0.1826484054327011,0.8791208863258362,0.39340659976005554
YGL236C,YDL014W,1,-6.2134004,0.1845102459192276,0.8901098966598511,0.39340659976005554
YKL212W,YER116C,0,-6.214574,0.18409091234207153,0.8901098966598511,0.39450550079345703
YKR027W,YOR371C,0,-6.2169704,0.18367347121238708,0.8901098966598511,0.3956044018268585
YBL084C,YMR247C,0,-6.220137,0.18325792253017426,0.8901098966598511,0.39670330286026
YOL051W,YLL060C,0,-6.221661,0.18284423649311066,0.8901098966598511,0.3978022038936615
YGL236C,YKR056W,1,-6.222788,0.18468467891216278,0.901098906993866,0.3978022038936615
YNR030W,YHR039C,0,-6.223684,0.18426966667175293,0.901098906993866,0.398901104927063
YJL128C,YNR023W,0,-6.224225,0.18385650217533112,0.901098906993866,0.4000000059604645
YNL023C,YOL135C,0,-6.224287,0.18344518542289734,0.901098906993866,0.40109890699386597
YIL033C,YER018C,0,-6.229419,0.1830357164144516,0.901098906993866,0.40219780802726746
YPL244C,YPR083W,0,-6.233153,0.1826280653476715,0.901098906993866,0.40329670906066895
YOL066C,YOL124C,1,-6.2335415,0.18444444239139557,0.9120879173278809,0.40329670906066895
YOL094C,YGR009C,0,-6.235205,0.18403548002243042,0.9120879173278809,0.40439561009407043
YML104C,YPL243W,0,-6.235231,0.18362832069396973,0.9120879173278809,0.4054945111274719
YML127W,YLR139C,0,-6.236875,0.1832229644060135,0.9120879173278809,0.4065934121608734
YMR080C,YDL118W,0,-6.2382984,0.18281938135623932,0.9120879173278809,0.4076923131942749
YER028C,YDR160W,0,-6.2390385,0.1824175864458084,0.9120879173278809,0.4087912142276764
YBL079W,YGL226C-A,0,-6.2392516,0.18201754987239838,0.9120879173278809,0.4098901152610779
YNL101W,YGL084C,0,-6.241146,0.18161925673484802,0.9120879173278809,0.41098901629447937
YGR220C,YFR037C,0,-6.2420087,0.18122270703315735,0.9120879173278809,0.41208791732788086
YDL031W,YPR054W,0,-6.242103,0.18082788586616516,0.9120879173278809,0.41318681836128235
YBR161W,YKL212W,0,-6.2427673,0.18043477833271027,0.9120879173278809,0.41428571939468384
YDR236C,YPR182W,0,-6.2432375,0.18004338443279266,0.9120879173278809,0.4153846204280853
YLR129W,YIR009W,0,-6.2468886,0.17965367436408997,0.9120879173278809,0.4164835214614868
YML012W,YOR332W,0,-6.249506,0.17926566302776337,0.9120879173278809,0.4175824224948883
YDR182W,YNR023W,0,-6.250453,0.17887930572032928,0.9120879173278809,0.4186813235282898
YHR055C,YDR517W,0,-6.251352,0.1784946173429489,0.9120879173278809,0.4197802245616913
YOR081C,YGR042W,0,-6.2547693,0.17811158299446106,0.9120879173278809,0.4208791255950928
YMR016C,YNL247W,0,-6.2564836,0.17773018777370453,0.9120879173278809,0.42197802662849426
YKL149C,YGL183C,0,-6.256736,0.17735043168067932,0.9120879173278809,0.42307692766189575
YBL009W,YAL010C,0,-6.2571754,0.17697228491306305,0.9120879173278809,0.42417582869529724
YPL097W,YIL101C,0,-6.2613463,0.1765957474708557,0.9120879173278809,0.42527472972869873
YDR164C,YNL247W,0,-6.2657676,0.17622080445289612,0.9120879173278809,0.4263736307621002
YOL086C,YML131W,0,-6.266811,0.17584745585918427,0.9120879173278809,0.4274725317955017
YCL040W,YPL026C,0,-6.2699523,0.17547568678855896,0.9120879173278809,0.4285714328289032
YPL137C,YPR179C,0,-6.2714705,0.175105482339859,0.9120879173278809,0.4296703338623047
YML062C,YDR076W,0,-6.2722754,0.1747368425130844,0.9120879173278809,0.4307692348957062
YMR208W,YGL181W,0,-6.2733674,0.17436975240707397,0.9120879173278809,0.43186813592910767
YBR159W,YDR246W,0,-6.2734714,0.1740041971206665,0.9120879173278809,0.43296703696250916
YFL009W,YCR053W,0,-6.274986,0.1736401617527008,0.9120879173278809,0.43406593799591064
YPR185W,YBR231C,0,-6.275557,0.17327766120433807,0.9120879173278809,0.43516483902931213
YLL035W,YML127W,0,-6.2757154,0.17291666567325592,0.9120879173278809,0.4362637400627136
YJR105W,YLL016W,0,-6.2760057,0.17255717515945435,0.9120879173278809,0.4373626410961151
YPR037C,YBR117C,0,-6.280725,0.17219917476177216,0.9120879173278809,0.4384615421295166
YDR411C,YGR257C,0,-6.281948,0.17184264957904816,0.9120879173278809,0.4395604431629181
YJL194W,YIL173W,0,-6.2828755,0.17148759961128235,0.9120879173278809,0.4406593441963196
YML067C,YGL030W,0,-6.2864704,0.17113402485847473,0.9120879173278809,0.44175824522972107
YPL214C,YBR127C,0,-6.2890973,0.17078189551830292,0.9120879173278809,0.44285714626312256
YOR117W,YDR135C,0,-6.292064,0.1704312115907669,0.9120879173278809,0.44395604729652405
YBR082C,YHR012W,0,-6.2970667,0.1700819730758667,0.9120879173278809,0.44505494832992554
YGR098C,YDR037W,0,-6.2985625,0.1697341501712799,0.9120879173278809,0.446153849363327
YER173W,YDR362C,0,-6.3002906,0.16938775777816772,0.9120879173278809,0.4472527503967285
YLR361C,YPR041W,0,-6.3003774,0.16904276609420776,0.9120879173278809,0.44835165143013
YNL271C,YNL246W,0,-6.3015094,0.16869919002056122,0.9120879173278809,0.4494505524635315
YLL009C,YLL016W,0,-6.302712,0.1683569997549057,0.9120879173278809,0.450549453496933
YGR249W,YJR068W,0,-6.3047867,0.1680161952972412,0.9120879173278809,0.4516483545303345
YJL196C,YPR007C,0,-6.307717,0.16767676174640656,0.9120879173278809,0.45274725556373596
YNR032W,YBR118W,0,-6.3102927,0.16733871400356293,0.9120879173278809,0.45384615659713745
YBR207W,YIL095W,0,-6.3110995,0.16700200736522675,0.9120879173278809,0.45494505763053894
YDR378C,YDR416W,0,-6.314198,0.1666666716337204,0.9120879173278809,0.45604395866394043
YLR330W,YOR332W,0,-6.3155174,0.1663326621055603,0.9120879173278809,0.4571428596973419
YML031W,YBR162C,0,-6.3194766,0.16599999368190765,0.9120879173278809,0.4582417607307434
YGL211W,YER031C,0,-6.3211637,0.16566866636276245,0.9120879173278809,0.4593406617641449
YOR381W,YBR273C,0,-6.3222985,0.1653386503458023,0.9120879173278809,0.4604395627975464
YNL009W,YJL102W,0,-6.3272996,0.16500994563102722,0.9120879173278809,0.4615384638309479
YDR194C,YIL048W,0,-6.327335,0.164682537317276,0.9120879173278809,0.46263736486434937
YDR460W,YFL058W,0,-6.327501,0.16435644030570984,0.9120879173278809,0.46373626589775085
YBL099W,YGR082W,0,-6.32882,0.16403162479400635,0.9120879173278809,0.46483516693115234
YJR001W,YDR335W,0,-6.333336,0.16370809078216553,0.9120879173278809,0.46593406796455383
YPL233W,YOL129W,0,-6.3376784,0.16338582336902618,0.9120879173278809,0.4670329689979553
YNL059C,YML127W,0,-6.33771,0.1630648374557495,0.9120879173278809,0.4681318700313568
YGL226C-A,YPR018W,0,-6.338976,0.16274510324001312,0.9120879173278809,0.4692307710647583
YAL016W,YLR043C,0,-6.3420973,0.16242662072181702,0.9120879173278809,0.4703296720981598
YKL139W,YHR086W,0,-6.3461394,0.162109375,0.9120879173278809,0.4714285731315613
YCL055W,YAL015C,0,-6.3464327,0.16179336607456207,0.9120879173278809,0.47252747416496277
YOL082W,YGL095C,0,-6.347294,0.16147859394550323,0.9120879173278809,0.47362637519836426
YOR061W,YGR135W,0,-6.3500085,0.1611650437116623,0.9120879173278809,0.47472527623176575
YHR042W,YJR141W,0,-6.352383,0.16085271537303925,0.9120879173278809,0.47582417726516724
YPR167C,YOR137C,0,-6.3525534,0.1605415791273117,0.9120879173278809,0.4769230782985687
YDR254W,YDR416W,0,-6.3562174,0.16023166477680206,0.9120879173278809,0.4780219793319702
YKR097W,YJR103W,0,-6.357516,0.15992292761802673,0.9120879173278809,0.4791208803653717
YPR155C,YER123W,0,-6.3578115,0.1596153825521469,0.9120879173278809,0.4802197813987732
YAL068C,YNL241C,0,-6.3582964,0.1593090146780014,0.9120879173278809,0.4813186824321747
YJL157C,YNL177C,0,-6.3611608,0.1590038239955902,0.9120879173278809,0.48241758346557617
YIL114C,YKL086W,0,-6.362182,0.15869981050491333,0.9120879173278809,0.48351648449897766
YHL002W,YHL003C,0,-6.3626213,0.15839694440364838,0.9120879173278809,0.48461538553237915
YIL033C,YGR057C,0,-6.3655066,0.15809524059295654,0.9120879173278809,0.48571428656578064
YBR217W,YIL002C,0,-6.3655796,0.15779468417167664,0.9120879173278809,0.48681318759918213
YAR019C,YPL117C,0,-6.365669,0.15749526023864746,0.9120879173278809,0.4879120886325836
YDR254W,YLR026C,0,-6.3657436,0.15719696879386902,0.9120879173278809,0.4890109896659851
YPR168W,YGL205W,0,-6.367262,0.1568998098373413,0.9120879173278809,0.4901098906993866
YPR179C,YPR036W,0,-6.367336,0.15660376846790314,0.9120879173278809,0.4912087917327881
YDR434W,YOR089C,0,-6.3737607,0.1563088446855545,0.9120879173278809,0.4923076927661896
YPL061W,YNR001C,0,-6.37414,0.1560150384902954,0.9120879173278809,0.49340659379959106
YKL046C,YJL128C,0,-6.3741455,0.15572232007980347,0.9120879173278809,0.49450549483299255
YNL101W,YBR089C-A,0,-6.374184,0.15543070435523987,0.9120879173278809,0.49560439586639404
YJR001W,YDR194C,0,-6.3747745,0.15514019131660461,0.9120879173278809,0.49670329689979553
YDL014W,YGL243W,1,-6.375557,0.15671642124652863,0.9230769276618958,0.49670329689979553
YEL056W,YMR313C,0,-6.37669,0.15642458200454712,0.9230769276618958,0.497802197933197
YGL047W,YDL235C,0,-6.376965,0.15613383054733276,0.9230769276618958,0.4989010989665985
YNR010W,YCR028C,0,-6.37821,0.15584415197372437,0.9230769276618958,0.5
YDR508C,YOR373W,0,-6.3796353,0.15555556118488312,0.9230769276618958,0.5010989308357239
YLR376C,YCL008C,0,-6.3813233,0.15526802837848663,0.9230769276618958,0.502197802066803
YOL123W,YKL082C,0,-6.381364,0.1549815535545349,0.9230769276618958,0.5032967329025269
YPL100W,YPR025C,0,-6.384751,0.15469613671302795,0.9230769276618958,0.504395604133606
YKL182W,YLL035W,0,-6.385577,0.15441176295280457,0.9230769276618958,0.5054945349693298
YMR172W,YIR019C,0,-6.3855863,0.15412844717502594,0.9230769276618958,0.5065934062004089
YJL214W,YNL173C,0,-6.3866773,0.1538461595773697,0.9230769276618958,0.5076923370361328
YOL066C,YKR056W,1,-6.3870063,0.15539304912090302,0.9340659379959106,0.5076923370361328
YKL016C,YCL043C,0,-6.3883376,0.1551094949245453,0.9340659379959106,0.5087912082672119
YAL031C,YMR305C,0,-6.392326,0.15482695400714874,0.9340659379959106,0.5098901391029358
YMR208W,YLR136C,0,-6.3927383,0.15454545617103577,0.9340659379959106,0.5109890103340149
YPL008W,YOR150W,0,-6.3954544,0.15426497161388397,0.9340659379959106,0.5120879411697388
YGR249W,YNL202W,0,-6.3955407,0.15398550033569336,0.9340659379959106,0.5131868124008179
YJL006C,YJR052W,0,-6.397216,0.15370705723762512,0.9340659379959106,0.5142857432365417
YKL049C,YLR362W,0,-6.3987775,0.15342959761619568,0.9340659379959106,0.5153846144676208
YCL043C,YGL011C,0,-6.39907,0.15315315127372742,0.9340659379959106,0.5164835453033447
YIL065C,YNL261W,0,-6.401991,0.15287770330905914,0.9340659379959106,0.5175824165344238
YAL058W,YPL268W,0,-6.404044,0.15260323882102966,0.9340659379959106,0.5186813473701477
YCR107W,YBR288C,0,-6.4163165,0.15232974290847778,0.9340659379959106,0.5197802186012268
YPL078C,YPR032W,0,-6.416576,0.1520572453737259,0.9340659379959106,0.5208791494369507
YOR113W,YDR285W,0,-6.4179206,0.1517857164144516,0.9340659379959106,0.5219780206680298
YOR074C,YNL023C,0,-6.4184227,0.1515151560306549,0.9340659379959106,0.5230769515037537
YDR254W,YOL094C,0,-6.4186277,0.15124554932117462,0.9340659379959106,0.5241758227348328
YGL226C-A,YMR016C,0,-6.4193463,0.15097691118717194,0.9340659379959106,0.5252747535705566
YDR343C,YER154W,0,-6.419381,0.15070922672748566,0.9340659379959106,0.5263736248016357
YML023C,YMR075W,0,-6.420732,0.1504424810409546,0.9340659379959106,0.5274725556373596
YOR023C,YOR083W,0,-6.4318776,0.15017667412757874,0.9340659379959106,0.5285714268684387
YMR301C,YNL110C,0,-6.432037,0.1499118208885193,0.9340659379959106,0.5296703577041626
YPL265W,YDR437W,0,-6.432609,0.14964789152145386,0.9340659379959106,0.5307692289352417
YDR434W,YDL051W,0,-6.4327197,0.14938488602638245,0.9340659379959106,0.5318681597709656
YNL232W,YHR091C,0,-6.4337006,0.14912280440330505,0.9340659379959106,0.5329670310020447
YIL140W,YLR105C,0,-6.433773,0.14886164665222168,0.9340659379959106,0.5340659618377686
YDL081C,YBR162C,0,-6.435014,0.14860139787197113,0.9340659379959106,0.5351648330688477
YGL071W,YKL214C,0,-6.4379077,0.1483420580625534,0.9340659379959106,0.5362637639045715
YOR074C,YDR254W,0,-6.438655,0.1480836272239685,0.9340659379959106,0.5373626351356506
YJR031C,YGR118W,0,-6.438991,0.14782609045505524,0.9340659379959106,0.5384615659713745
YPL231W,YJR068W,0,-6.44616,0.1475694477558136,0.9340659379959106,0.5395604372024536
YNL292W,YOL066C,1,-6.4463525,0.14904679358005524,0.9450549483299255,0.5395604372024536
YPL265W,YLR303W,0,-6.448605,0.1487889289855957,0.9450549483299255,0.5406593680381775
YIR041W,YKL196C,0,-6.4496,0.1485319584608078,0.9450549483299255,0.5417582392692566
YDL085W,YOR027W,0,-6.4516153,0.14827586710453033,0.9450549483299255,0.5428571701049805
YPR094W,YDR393W,0,-6.4555087,0.1480206549167633,0.9450549483299255,0.5439560413360596
YPL061W,YDR473C,0,-6.4576526,0.1477663218975067,0.9450549483299255,0.5450549721717834
YDR283C,YJL112W,0,-6.4603205,0.14751286804676056,0.9450549483299255,0.5461538434028625
YKL182W,YPR182W,0,-6.46071,0.14726027846336365,0.9450549483299255,0.5472527742385864
YOR216C,YLR386W,0,-6.4639153,0.14700855314731598,0.9450549483299255,0.5483516454696655
YJR105W,YKL014C,0,-6.466869,0.14675767719745636,0.9450549483299255,0.5494505763053894
YKL043W,YDR030C,0,-6.4682393,0.14650766551494598,0.9450549483299255,0.5505494475364685
YPL096W,YGR211W,0,-6.469591,0.14625850319862366,0.9450549483299255,0.5516483783721924
YAL011W,YBR127C,0,-6.46985,0.14601019024848938,0.9450549483299255,0.5527472496032715
YBL093C,YPR107C,0,-6.4708915,0.14576271176338196,0.9450549483299255,0.5538461804389954
YGL236C,YPR137W,1,-6.472547,0.14720812439918518,0.9560439586639404,0.5538461804389954
YER154W,YMR075W,0,-6.475066,0.14695945382118225,0.9560439586639404,0.5549450516700745
YBR196C,YDR276C,0,-6.478725,0.14671163260936737,0.9560439586639404,0.5560439825057983
YBR274W,YNL221C,0,-6.4811325,0.14646464586257935,0.9560439586639404,0.5571428537368774
YAL041W,YFL058W,0,-6.4812036,0.14621849358081818,0.9560439586639404,0.5582417845726013
YNL163C,YLR034C,0,-6.4851527,0.14597316086292267,0.9560439586639404,0.5593406558036804
YDL013W,YOR110W,0,-6.4853616,0.14572864770889282,0.9560439586639404,0.5604395866394043
YFL004W,YOR008C-A,0,-6.485511,0.14548495411872864,0.9560439586639404,0.5615384578704834
YCR071C,YML031W,0,-6.4879656,0.14524206519126892,0.9560439586639404,0.5626373887062073
YKL002W,YFL022C,0,-6.488111,0.14499999582767487,0.9560439586639404,0.5637362599372864
YCL025C,YMR305C,0,-6.488958,0.14475873112678528,0.9560439586639404,0.5648351907730103
YPL055C,YPL098C,0,-6.4893394,0.14451827108860016,0.9560439586639404,0.5659340620040894
YOR046C,YBL093C,0,-6.4896154,0.1442786008119583,0.9560439586639404,0.5670329928398132
YNL099C,YAL016W,0,-6.4931183,0.14403973519802094,0.9560439586639404,0.5681318640708923
YPR067W,YPL187W,0,-6.4984612,0.14380165934562683,0.9560439586639404,0.5692307949066162
YBL009W,YJL112W,0,-6.4997516,0.1435643583536148,0.9560439586639404,0.5703296661376953
YLR246W,YMR218C,0,-6.5003204,0.14332784712314606,0.9560439586639404,0.5714285969734192
YIL076W,YGR129W,0,-6.500712,0.1430921107530594,0.9560439586639404,0.5725274682044983
YGR249W,YBR082C,0,-6.5008082,0.1428571492433548,0.9560439586639404,0.5736263990402222
YPL202C,YKL049C,0,-6.5020766,0.1426229476928711,0.9560439586639404,0.5747252702713013
YLR303W,YPR165W,0,-6.503329,0.14238952100276947,0.9560439586639404,0.5758242011070251
YFR028C,YBR023C,0,-6.503466,0.14215686917304993,0.9560439586639404,0.5769230723381042
YIR009W,YEL031W,0,-6.5070653,0.14192496240139008,0.9560439586639404,0.5780220031738281
YAL015C,YHR050W,0,-6.5087976,0.1416938155889511,0.9560439586639404,0.5791208744049072
YPR179C,YDR060W,0,-6.5093417,0.14146341383457184,0.9560439586639404,0.5802198052406311
YIL002C,YNL221C,0,-6.5099006,0.14123377203941345,0.9560439586639404,0.5813186764717102
YJL214W,YGR220C,0,-6.511309,0.14100486040115356,0.9560439586639404,0.5824176073074341
YJR125C,YDR369C,0,-6.5134034,0.14077669382095337,0.9560439586639404,0.5835164785385132
YHR026W,YPL214C,0,-6.5139375,0.14054927229881287,0.9560439586639404,0.5846154093742371
YPL008W,YDR470C,0,-6.5152,0.14032258093357086,0.9560439586639404,0.5857142806053162
YOR381W,YPL137C,0,-6.5157847,0.14009661972522736,0.9560439586639404,0.58681321144104
YLR354C,YKL214C,0,-6.517504,0.13987138867378235,0.9560439586639404,0.5879120826721191
YPL096W,YBR083W,0,-6.5181007,0.13964687287807465,0.9560439586639404,0.589011013507843
YKL208W,YDR016C,0,-6.5185885,0.13942307233810425,0.9560439586639404,0.5901098847389221
YBR278W,YPL055C,0,-6.5189223,0.13920000195503235,0.9560439586639404,0.591208815574646
YDR182W,YIR019C,0,-6.519591,0.13897763192653656,0.9560439586639404,0.5923076868057251
YAL031C,YDR296W,0,-6.5209737,0.13875597715377808,0.9560439586639404,0.593406617641449
YFR028C,YOR081C,0,-6.52422,0.1385350376367569,0.9560439586639404,0.5945054888725281
YER001W,YDR071C,0,-6.5290203,0.13831478357315063,0.9560439586639404,0.595604419708252
YFR028C,YNL129W,0,-6.5327783,0.13809524476528168,0.9560439586639404,0.596703290939331
YLR139C,YML028W,0,-6.535759,0.13787639141082764,0.9560439586639404,0.5978022217750549
YCR086W,YKR022C,0,-6.537074,0.1376582235097885,0.9560439586639404,0.598901093006134
YJL006C,YHR001W,0,-6.5381627,0.1374407559633255,0.9560439586639404,0.6000000238418579
YPL126W,YJL072C,0,-6.53974,0.1372239738702774,0.9560439586639404,0.601098895072937
YIL002C,YDL188C,0,-6.544258,0.13700787723064423,0.9560439586639404,0.6021978259086609
YDR054C,YGR003W,0,-6.548564,0.13679245114326477,0.9560439586639404,0.60329669713974
YDL014W,YLR316C,1,-6.5488243,0.13814756274223328,0.9670329689979553,0.60329669713974
YDR060W,YOR332W,0,-6.5491147,0.13793103396892548,0.9670329689979553,0.6043956279754639
YDR160W,YKR059W,0,-6.552693,0.1377151757478714,0.9670329689979553,0.605494499206543
YDL093W,YEL054C,0,-6.5543985,0.13750000298023224,0.9670329689979553,0.6065934300422668
YLR098C,YGL178W,0,-6.5571833,0.1372854858636856,0.9670329689979553,0.607692301273346
YOR119C,YDR495C,0,-6.557211,0.1370716542005539,0.9670329689979553,0.6087912321090698
YLR433C,YNL149C,0,-6.5590234,0.1368584781885147,0.9670329689979553,0.6098901033401489
YGR257C,YKL099C,0,-6.5621305,0.13664595782756805,0.9670329689979553,0.6109890341758728
YBR210W,YOR178C,0,-6.565474,0.13643410801887512,0.9670329689979553,0.6120879054069519
YBL099W,YHR031C,0,-6.565553,0.13622291386127472,0.9670329689979553,0.6131868362426758
YKL074C,YOL097C,0,-6.5660453,0.13601236045360565,0.9670329689979553,0.6142857074737549
YPL160W,YNL245C,0,-6.567106,0.1358024626970291,0.9670329689979553,0.6153846383094788
YNL041C,YKL009W,0,-6.5691495,0.1355932205915451,0.9670329689979553,0.6164835095405579
YMR301C,YBR083W,0,-6.570015,0.13538461923599243,0.9670329689979553,0.6175824403762817
YBR023C,YGR231C,0,-6.5709023,0.1351766586303711,0.9670329689979553,0.6186813116073608
YER154W,YGR186W,0,-6.5722923,0.1349693238735199,0.9670329689979553,0.6197802424430847
YGR188C,YPL235W,0,-6.575664,0.13476262986660004,0.9670329689979553,0.6208791136741638
YBR278W,YGR118W,0,-6.5773335,0.1345565766096115,0.9670329689979553,0.6219780445098877
YDR492W,YML034W,0,-6.58165,0.13435114920139313,0.9670329689979553,0.6230769157409668
YDL100C,YJL012C,0,-6.5846734,0.13414634764194489,0.9670329689979553,0.6241758465766907
YBR274W,YFR019W,0,-6.5847945,0.1339421570301056,0.9670329689979553,0.6252747178077698
YJL024C,YGL178W,0,-6.5893054,0.13373860716819763,0.9670329689979553,0.6263736486434937
YLR361C,YCL008C,0,-6.597135,0.13353565335273743,0.9670329689979553,0.6274725198745728
YDR411C,YIL026C,0,-6.605504,0.13333334028720856,0.9670329689979553,0.6285714507102966
YCR060W,YBR118W,0,-6.6113725,0.13313162326812744,0.9670329689979553,0.6296703219413757
YEL036C,YMR137C,0,-6.6121955,0.13293051719665527,0.9670329689979553,0.6307692527770996
YKL213C,YOL158C,0,-6.613112,0.13273002207279205,0.9670329689979553,0.6318681240081787
YIL033C,YDL226C,0,-6.614805,0.1325301229953766,0.9670329689979553,0.6329670548439026
YLR163C,YCR060W,0,-6.6159534,0.13233081996440887,0.9670329689979553,0.6340659260749817
YDL164C,YJL128C,0,-6.6206436,0.1321321278810501,0.9670329689979553,0.6351648569107056
YDR446W,YGR256W,0,-6.6249213,0.1319340318441391,0.9670329689979553,0.6362637281417847
YNL009W,YDR285W,0,-6.6272936,0.13173653185367584,0.9670329689979553,0.6373626589775085
YBL099W,YPL237W,0,-6.627964,0.13153961300849915,0.9670329689979553,0.6384615302085876
YKL203C,YNR039C,0,-6.628665,0.1313432902097702,0.9670329689979553,0.6395604610443115
YJL141C,YLR262C,0,-6.6306887,0.13114753365516663,0.9670329689979553,0.6406593322753906
YNL101W,YLR105C,0,-6.6327157,0.130952388048172,0.9670329689979553,0.6417582631111145
YBL093C,YKL126W,0,-6.635156,0.13075779378414154,0.9670329689979553,0.6428571343421936
YFR053C,YDL093W,0,-6.6362023,0.13056379556655884,0.9670329689979553,0.6439560651779175
YLR330W,YGR086C,0,-6.6410804,0.1303703635931015,0.9670329689979553,0.6450549364089966
YER119C,YLR105C,0,-6.6410804,0.13017751276493073,0.9670329689979553,0.6461538672447205
YDL198C,YOR216C,0,-6.646807,0.12998522818088531,0.9670329689979553,0.6472527384757996
YOR328W,YAL011W,0,-6.651138,0.12979350984096527,0.9670329689979553,0.6483516693115234
YKR066C,YNL313C,0,-6.6515617,0.1296023577451706,0.9670329689979553,0.6494505405426025
YHL002W,YOR373W,0,-6.6536484,0.12941177189350128,0.9670329689979553,0.6505494713783264
YER154W,YML131W,0,-6.6565776,0.12922173738479614,0.9670329689979553,0.6516483426094055
YOL033W,YJR042W,0,-6.661582,0.12903225421905518,0.9670329689979553,0.6527472734451294
YLR246W,YPL153C,0,-6.661793,0.12884333729743958,0.9670329689979553,0.6538461446762085
YMR305C,YER082C,0,-6.664294,0.12865497171878815,0.9670329689979553,0.6549450755119324
YEL015W,YDR503C,0,-6.6663733,0.1284671574831009,0.9670329689979553,0.6560439467430115
YDR384C,YHR050W,0,-6.6667533,0.1282798796892166,0.9670329689979553,0.6571428775787354
YER019C-A,YLR139C,0,-6.667851,0.1280931532382965,0.9670329689979553,0.6582417488098145
YDL197C,YBR082C,0,-6.673633,0.12790697813034058,0.9670329689979553,0.6593406796455383
YIL062C,YDR030C,0,-6.676971,0.12772133946418762,0.9670329689979553,0.6604395508766174
YKL043W,YDR013W,0,-6.6772423,0.12753623723983765,0.9670329689979553,0.6615384817123413
YOL135C,YGL030W,0,-6.6775556,0.12735167145729065,0.9670329689979553,0.6626373529434204
YMR042W,YDR378C,0,-6.6874924,0.12716762721538544,0.9670329689979553,0.6637362837791443
YBR131W,YJL157C,0,-6.687963,0.1269841343164444,0.9670329689979553,0.6648351550102234
YNL097C,YLR447C,0,-6.6916914,0.12680114805698395,0.9670329689979553,0.6659340858459473
YGR256W,YLR136C,0,-6.6918464,0.12661869823932648,0.9670329689979553,0.6670329570770264
YMR162C,YDR446W,0,-6.6927457,0.12643678486347198,0.9670329689979553,0.6681318879127502
YLL061W,YEL054C,0,-6.69301,0.12625537812709808,0.9670329689979553,0.6692307591438293
YGL211W,YFR033C,0,-6.694333,0.12607449293136597,0.9670329689979553,0.6703296899795532
YMR280C,YGR135W,0,-6.6993666,0.12589412927627563,0.9670329689979553,0.6714285612106323
YOR245C,YEL031W,0,-6.7013435,0.1257142871618271,0.9670329689979553,0.6725274920463562
YAR002W,YGL104C,0,-6.7064843,0.12553495168685913,0.9670329689979553,0.6736263632774353
YJR105W,YJR103W,0,-6.7071056,0.12535612285137177,0.9670329689979553,0.6747252941131592
YDR138W,YJR070C,0,-6.707216,0.12517781555652618,0.9670329689979553,0.6758241653442383
YNL073W,YDL085W,0,-6.712317,0.125,0.9670329689979553,0.6769230961799622
YDR236C,YDL044C,0,-6.7140446,0.124822698533535,0.9670329689979553,0.6780219674110413
YEL036C,YDR443C,0,-6.714176,0.1246458888053894,0.9670329689979553,0.6791208982467651
YDR198C,YEL050C,0,-6.7160683,0.12446959316730499,0.9670329689979553,0.6802197694778442
YOR023C,YGR004W,0,-6.717541,0.12429378181695938,0.9670329689979553,0.6813187003135681
YOR116C,YNL054W,0,-6.7202353,0.12411847710609436,0.9670329689979553,0.6824175715446472
YDR517W,YGR082W,0,-6.725677,0.12394366413354874,0.9670329689979553,0.6835165023803711
YBL097W,YGR249W,0,-6.728851,0.12376933544874191,0.9670329689979553,0.6846153736114502
YCL051W,YGL169W,0,-6.729982,0.12359550595283508,0.9670329689979553,0.6857143044471741
YGR244C,YBR231C,0,-6.730455,0.12342216074466705,0.9670329689979553,0.6868131756782532
YPR201W,YBL093C,0,-6.731668,0.12324929982423782,0.9670329689979553,0.687912106513977
YGL236C,YGL243W,1,-6.7327747,0.12447552382946014,0.9780219793319702,0.687912106513977
YJR150C,YML028W,0,-6.736034,0.12430167943239212,0.9780219793319702,0.6890109777450562
YOR112W,YFR033C,0,-6.740089,0.1241283118724823,0.9780219793319702,0.69010990858078
YJL115W,YNL049C,0,-6.741318,0.12395542860031128,0.9780219793319702,0.6912087798118591
YDR101C,YOL072W,0,-6.742205,0.12378302961587906,0.9780219793319702,0.692307710647583
YGL168W,YOL097C,0,-6.7449164,0.12361110746860504,0.9780219793319702,0.6934065818786621
YOL066C,YHR070W,1,-6.7457414,0.12482663244009018,0.9890109896659851,0.6934065818786621
YKR003W,YKL188C,0,-6.7474046,0.12465374171733856,0.9890109896659851,0.694505512714386
YBR272C,YPR182W,0,-6.751477,0.12448132783174515,0.9890109896659851,0.6956043839454651
YIL062C,YGR216C,0,-6.751932,0.12430939078330994,0.9890109896659851,0.696703314781189
YER061C,YCR083W,0,-6.7562237,0.12413793057203293,0.9890109896659851,0.6978021860122681
YJL005W,YLR459W,0,-6.756428,0.12396693974733353,0.9890109896659851,0.6989011168479919
YML067C,YPL055C,0,-6.756532,0.12379642575979233,0.9890109896659851,0.699999988079071
YNL177C,YNL201C,0,-6.7572007,0.12362637370824814,0.9890109896659851,0.7010989189147949
YDR037W,YNL055C,0,-6.760562,0.12345679104328156,0.9890109896659851,0.702197790145874
YDR343C,YBR162C,0,-6.7606206,0.12328767031431198,0.9890109896659851,0.7032967209815979
YJR145C,YPR189W,0,-6.7608266,0.12311901152133942,0.9890109896659851,0.704395592212677
YLR206W,YPR191W,0,-6.764255,0.12295082211494446,0.9890109896659851,0.7054945230484009
YMR080C,YPL234C,0,-6.765108,0.12278307974338531,0.9890109896659851,0.70659339427948
YLR425W,YLR262C,0,-6.7666717,0.12261580675840378,0.9890109896659851,0.7076923251152039
YNR001C,YKL212W,0,-6.7667737,0.12244898080825806,0.9890109896659851,0.708791196346283
YNL282W,YGL115W,0,-6.7675986,0.12228260934352875,0.9890109896659851,0.7098901271820068
YLR242C,YMR012W,0,-6.7678323,0.12211669236421585,0.9890109896659851,0.7109889984130859
YKL046C,YJR145C,0,-6.7688837,0.12195122241973877,0.9890109896659851,0.7120879292488098
YER019W,YGR239C,0,-6.772044,0.1217861995100975,0.9890109896659851,0.7131868004798889
YPL078C,YGR249W,0,-6.7783465,0.12162162363529205,0.9890109896659851,0.7142857313156128
YPL061W,YNL230C,0,-6.7794976,0.12145748734474182,0.9890109896659851,0.7153846025466919
YKL054C,YLR248W,0,-6.7798944,0.1212937980890274,0.9890109896659851,0.7164835333824158
YMR137C,YDR129C,0,-6.781501,0.1211305484175682,0.9890109896659851,0.7175824046134949
YJR105W,YBR237W,0,-6.78592,0.12096773833036423,0.9890109896659851,0.7186813354492188
YIL065C,YER001W,0,-6.788937,0.12080536782741547,0.9890109896659851,0.7197802066802979
YMR065W,YDR388W,0,-6.789086,0.12064342945814133,0.9890109896659851,0.7208791375160217
YBR243C,YMR075W,0,-6.7951374,0.1204819306731224,0.9890109896659851,0.7219780087471008
YDR481C,YCR053W,0,-6.7967625,0.12032085657119751,0.9890109896659851,0.7230769395828247
YHR092C,YIL150C,0,-6.8000007,0.12016021460294724,0.9890109896659851,0.7241758108139038
YEL015W,YLR043C,0,-6.8002462,0.11999999731779099,0.9890109896659851,0.7252747416496277
YOL038W,YER103W,0,-6.800382,0.11984021216630936,0.9890109896659851,0.7263736128807068
YDL197C,YLR032W,0,-6.8023534,0.11968085169792175,0.9890109896659851,0.7274725437164307
YKL149C,YMR305C,0,-6.804853,0.11952191591262817,0.9890109896659851,0.7285714149475098
YGR113W,YGL089C,0,-6.8051066,0.11936339735984802,0.9890109896659851,0.7296703457832336
YER123W,YOR003W,0,-6.811297,0.1192052960395813,0.9890109896659851,0.7307692170143127
YJL115W,YPL096W,0,-6.8124485,0.1190476194024086,0.9890109896659851,0.7318681478500366
YMR042W,YCL051W,0,-6.812769,0.11889035999774933,0.9890109896659851,0.7329670190811157
YDR036C,YER118C,0,-6.815294,0.11873351037502289,0.9890109896659851,0.7340659499168396
YER032W,YOL042W,0,-6.8170495,0.11857707798480988,0.9890109896659851,0.7351648211479187
YDR492W,YOL033W,0,-6.818737,0.1184210553765297,0.9890109896659851,0.7362637519836426
YGL209W,YGL112C,0,-6.822342,0.11826544255018234,0.9890109896659851,0.7373626232147217
YPR155C,YGL094C,0,-6.827503,0.11811023950576782,0.9890109896659851,0.7384615540504456
YOL040C,YDR246W,0,-6.829045,0.11795543879270554,0.9890109896659851,0.7395604252815247
YMR213W,YML085C,0,-6.830382,0.11780104786157608,0.9890109896659851,0.7406593561172485
YCL024W,YGL209W,0,-6.8308406,0.11764705926179886,0.9890109896659851,0.7417582273483276
YGR145W,YPR032W,0,-6.8341465,0.11749347299337387,0.9890109896659851,0.7428571581840515
YJR070C,YGL257C,0,-6.8380322,0.11734028905630112,0.9890109896659851,0.7439560294151306
YNL159C,YLR303W,0,-6.8408055,0.1171875,0.9890109896659851,0.7450549602508545
YCR020C-A,YER126C,0,-6.841718,0.11703511327505112,0.9890109896659851,0.7461538314819336
YML104C,YHR200W,0,-6.8532205,0.11688311398029327,0.9890109896659851,0.7472527623176575
YJL102W,YPL190C,0,-6.853412,0.11673151701688766,0.9890109896659851,0.7483516335487366
YBR020W,YOR036W,0,-6.854948,0.1165803074836731,0.9890109896659851,0.7494505643844604
YLR155C,YDR545W,0,-6.856028,0.11642949283123016,0.9890109896659851,0.7505494356155396
YER183C,YNR053C,0,-6.8576717,0.11627907305955887,0.9890109896659851,0.7516483664512634
YFR053C,YGL178W,0,-6.8584623,0.11612903326749802,0.9890109896659851,0.7527472376823425
YIL114C,YPR182W,0,-6.859832,0.1159793809056282,0.9890109896659851,0.7538461685180664
YDL197C,YDR069C,0,-6.861594,0.11583011597394943,0.9890109896659851,0.7549450397491455
YBR243C,YPL274W,0,-6.8617244,0.1156812310218811,0.9890109896659851,0.7560439705848694
YLR060W,YHR012W,0,-6.864708,0.11553273350000381,0.9890109896659851,0.7571428418159485
YGL209W,YGL178W,0,-6.879282,0.11538461595773697,0.9890109896659851,0.7582417726516724
YDR069C,YMR234W,0,-6.883893,0.11523687839508057,0.9890109896659851,0.7593406438827515
YMR211W,YPL031C,0,-6.8844666,0.11508951336145401,0.9890109896659851,0.7604395747184753
YDR515W,YLR222C,0,-6.8859487,0.1149425283074379,0.9890109896659851,0.7615384459495544
YHR055C,YBL093C,0,-6.89039,0.11479591578245163,0.9890109896659851,0.7626373767852783
YOR103C,YOR003W,0,-6.890879,0.1146496832370758,0.9890109896659851,0.7637362480163574
YPR183W,YEL015W,0,-6.897774,0.11450381577014923,0.9890109896659851,0.7648351788520813
YDR411C,YPL063W,0,-6.9001307,0.1143583208322525,0.9890109896659851,0.7659340500831604
YBR023C,YDR513W,0,-6.90935,0.11421319842338562,0.9890109896659851,0.7670329809188843
YHR014W,YLR043C,0,-6.9097657,0.11406844109296799,0.9890109896659851,0.7681318521499634
YPL061W,YML104C,0,-6.9119954,0.1139240488409996,0.9890109896659851,0.7692307829856873
YGR225W,YGL211W,0,-6.9143767,0.11378002166748047,0.9890109896659851,0.7703296542167664
YDL081C,YDR460W,0,-6.9245925,0.11363636702299118,0.9890109896659851,0.7714285850524902
YDR060W,YMR140W,0,-6.9280195,0.11349306255578995,0.9890109896659851,0.7725274562835693
YDR256C,YBR207W,0,-6.9288926,0.11335012316703796,0.9890109896659851,0.7736263871192932
YMR208W,YGR256W,0,-6.9328957,0.11320754885673523,0.9890109896659851,0.7747252583503723
YOR117W,YKL099C,0,-6.9332967,0.11306532472372055,0.9890109896659851,0.7758241891860962
YEL061C,YPR036W,0,-6.938888,0.11292346566915512,0.9890109896659851,0.7769230604171753
YDR256C,YDR343C,0,-6.943723,0.11278195679187775,0.9890109896659851,0.7780219912528992
YGL181W,YER005W,0,-6.9474306,0.11264079809188843,0.9890109896659851,0.7791208624839783
YHR039C,YPR190C,0,-6.95268,0.11249999701976776,0.9890109896659851,0.7802197933197021
YDR416W,YAL016W,0,-6.95626,0.11235955357551575,0.9890109896659851,0.7813186645507812
YKL208W,YPL055C,0,-6.959302,0.11221945285797119,0.9890109896659851,0.7824175953865051
YJL214W,YGL104C,0,-6.959838,0.11207970231771469,0.9890109896659851,0.7835164666175842
YBR278W,YGR195W,0,-6.9598455,0.11194030195474625,0.9890109896659851,0.7846153974533081
YGL094C,YNL282W,0,-6.961073,0.11180124431848526,0.9890109896659851,0.7857142686843872
YJL005W,YPL210C,0,-6.961628,0.11166252940893173,0.9890109896659851,0.7868131995201111
YPL146C,YKL212W,0,-6.966353,0.11152416467666626,0.9890109896659851,0.7879120707511902
YLR189C,YKL154W,0,-6.9706063,0.11138613522052765,0.9890109896659851,0.7890110015869141
YFR033C,YOR081C,0,-6.9733567,0.1112484559416771,0.9890109896659851,0.7901098728179932
YPL218W,YLR362W,0,-6.974668,0.1111111119389534,0.9890109896659851,0.791208803653717
YPR155C,YOR216C,0,-6.980396,0.11097410321235657,0.9890109896659851,0.7923076748847961
YNL135C,YDL058W,0,-6.9827514,0.1108374372124672,0.9890109896659851,0.79340660572052
YBR247C,YIL026C,0,-6.9900517,0.11070110648870468,0.9890109896659851,0.7945054769515991
YJL071W,YLR155C,0,-6.990989,0.11056511104106903,0.9890109896659851,0.795604407787323
YBL080C,YMR260C,0,-6.998959,0.11042945086956024,0.9890109896659851,0.7967032790184021
YMR212C,YFL058W,0,-7.0025945,0.11029411852359772,0.9890109896659851,0.797802209854126
YPR065W,YHR012W,0,-7.0027723,0.11015912145376205,0.9890109896659851,0.7989010810852051
YPR167C,YDR470C,0,-7.0094776,0.11002445220947266,0.9890109896659851,0.800000011920929
YJR052W,YBR083W,0,-7.0113654,0.10989011079072952,0.9890109896659851,0.8010988831520081
YPR025C,YLR136C,0,-7.011744,0.10975609719753265,0.9890109896659851,0.8021978139877319
YDR082W,YOL097C,0,-7.0150466,0.10962241142988205,0.9890109896659851,0.803296685218811
YJR074W,YHR031C,0,-7.0150647,0.10948905348777771,0.9890109896659851,0.8043956160545349
YPL268W,YDR011W,0,-7.0230865,0.10935601592063904,0.9890109896659851,0.805494487285614
YJL116C,YIR041W,0,-7.025254,0.10922329872846603,0.9890109896659851,0.8065934181213379
YKL182W,YBL103C,0,-7.043328,0.1090909093618393,0.9890109896659851,0.807692289352417
YIL140W,YFR052W,0,-7.0443826,0.10895884037017822,0.9890109896659851,0.8087912201881409
YPL218W,YIL173W,0,-7.047218,0.10882708430290222,0.9890109896659851,0.80989009141922
YOR267C,YLR045C,0,-7.0492325,0.10869564861059189,0.9890109896659851,0.8109890222549438
YMR260C,YML131W,0,-7.054135,0.10856453329324722,0.9890109896659851,0.812087893486023
YCR086W,YPR037C,0,-7.0555577,0.10843373835086823,0.9890109896659851,0.8131868243217468
YPL204W,YPL019C,0,-7.060292,0.1083032488822937,0.9890109896659851,0.8142856955528259
YOL059W,YGR013W,0,-7.063514,0.10817307978868484,0.9890109896659851,0.8153846263885498
YPL202C,YLR045C,0,-7.0636897,0.10804321616888046,0.9890109896659851,0.8164834976196289
YDL100C,YKL188C,0,-7.0647216,0.10791366547346115,0.9890109896659851,0.8175824284553528
YGR225W,YOR224C,0,-7.065724,0.10778442770242691,0.9890109896659851,0.8186812996864319
YCL044C,YDR460W,0,-7.067488,0.10765550285577774,0.9890109896659851,0.8197802305221558
YER028C,YPL152W,0,-7.0694833,0.10752688348293304,0.9890109896659851,0.8208791017532349
YGL045W,YOR224C,0,-7.0758653,0.10739856958389282,0.9890109896659851,0.8219780325889587
YNL004W,YAL015C,0,-7.081101,0.10727056115865707,0.9890109896659851,0.8230769038200378
YLR303W,YLR045C,0,-7.082121,0.1071428582072258,0.9890109896659851,0.8241758346557617
YHL003C,YJR004C,0,-7.0850325,0.107015460729599,0.9890109896659851,0.8252747058868408
YCL008C,YGR211W,0,-7.0873036,0.10688836127519608,0.9890109896659851,0.8263736367225647
YDR503C,YFR037C,0,-7.092856,0.10676156729459763,0.9890109896659851,0.8274725079536438
YEL036C,YHR060W,0,-7.093809,0.10663507133722305,0.9890109896659851,0.8285714387893677
YOR386W,YKR059W,0,-7.0970035,0.10650887340307236,0.9890109896659851,0.8296703100204468
YOL011W,YCR084C,0,-7.1026344,0.10638298094272614,0.9890109896659851,0.8307692408561707
YJL214W,YIR017C,0,-7.106175,0.1062573790550232,0.9890109896659851,0.8318681120872498
YDR343C,YNL241C,0,-7.107019,0.10613207519054413,0.9890109896659851,0.8329670429229736
YBL097W,YJL116C,0,-7.1081667,0.10600706934928894,0.9890109896659851,0.8340659141540527
YEL036C,YIL101C,0,-7.1099916,0.10588235408067703,0.9890109896659851,0.8351648449897766
YJL196C,YER142C,0,-7.123337,0.1057579293847084,0.9890109896659851,0.8362637162208557
YDR122W,YOR328W,0,-7.1257157,0.10563380271196365,0.9890109896659851,0.8373626470565796
YER052C,YGL183C,0,-7.131175,0.10550996661186218,0.9890109896659851,0.8384615182876587
YOR185C,YGL045W,0,-7.1321397,0.1053864136338234,0.9890109896659851,0.8395604491233826
YNR058W,YLL019C,0,-7.1428833,0.10526315867900848,0.9890109896659851,0.8406593203544617
YPR201W,YGL035C,0,-7.143686,0.10514018684625626,0.9890109896659851,0.8417582511901855
YDL024C,YDR116C,0,-7.1483417,0.10501750558614731,0.9890109896659851,0.8428571224212646
YBL080C,YHR060W,0,-7.1507483,0.10489510744810104,0.9890109896659851,0.8439560532569885
YLL060C,YER103W,0,-7.151197,0.10477299243211746,0.9890109896659851,0.8450549244880676
YLR189C,YER052C,0,-7.1557693,0.10465116053819656,0.9890109896659851,0.8461538553237915
YPR006C,YBL033C,0,-7.164657,0.10452961921691895,0.9890109896659851,0.8472527265548706
YEL037C,YJR004C,0,-7.170609,0.10440835356712341,0.9890109896659851,0.8483516573905945
YJL214W,YDR325W,0,-7.178654,0.10428737103939056,0.9890109896659851,0.8494505286216736
YDR256C,YLR424W,0,-7.1813064,0.1041666641831398,0.9890109896659851,0.8505494594573975
YKL208W,YMR234W,0,-7.183459,0.10404624044895172,0.9890109896659851,0.8516483306884766
YDL014W,YOL066C,1,-7.1846128,0.10508082807064056,1.0,0.8516483306884766
YDR101C,YGR253C,0,-7.185758,0.1049596294760704,1.0,0.8527472615242004
YML065W,YCR037C,0,-7.1872916,0.10483870655298233,1.0,0.8538461327552795
YMR004W,YHR042W,0,-7.190093,0.10471806675195694,1.0,0.8549450635910034
YDL099W,YBR037C,0,-7.196518,0.10459770262241364,1.0,0.8560439348220825
YJL006C,YIR037W,0,-7.197446,0.10447761416435242,1.0,0.8571428656578064
YGR256W,YKR097W,0,-7.1975684,0.10435780137777328,1.0,0.8582417368888855
YJL089W,YNR023W,0,-7.203751,0.10423825681209564,1.0,0.8593406677246094
YLL035W,YDR276C,0,-7.204035,0.10411899536848068,1.0,0.8604395389556885
YGL253W,YML095C,0,-7.2062416,0.10400000214576721,1.0,0.8615384697914124
YLR284C,YHL003C,0,-7.2079716,0.10388127714395523,1.0,0.8626373410224915
YJL080C,YBR117C,0,-7.2094235,0.10376282781362534,1.0,0.8637362718582153
YKR097W,YJL210W,0,-7.2148814,0.10364464670419693,1.0,0.8648351430892944
YFR053C,YOL127W,0,-7.2155747,0.10352673381567001,1.0,0.8659340739250183
YMR204C,YML060W,0,-7.2160187,0.10340908914804459,1.0,0.8670329451560974
YBR004C,YER018C,0,-7.2170386,0.10329171270132065,1.0,0.8681318759918213
YOR113W,YOR216C,0,-7.2258334,0.1031746044754982,1.0,0.8692307472229004
YFR028C,YMR140W,0,-7.240891,0.10305775701999664,1.0,0.8703296780586243
YPL174C,YDR246W,0,-7.2410197,0.10294117778539658,1.0,0.8714285492897034
YJL210W,YOL109W,0,-7.2574377,0.1028248593211174,1.0,0.8725274801254272
YKR066C,YLR025W,0,-7.264943,0.10270880162715912,1.0,0.8736263513565063
YDL230W,YHR099W,0,-7.268335,0.10259301215410233,1.0,0.8747252821922302
YKL134C,YLR196W,0,-7.284624,0.10247747600078583,1.0,0.8758241534233093
YLR060W,YLR163C,0,-7.2887764,0.10236220806837082,1.0,0.8769230842590332
YBL009W,YGL191W,0,-7.2892823,0.1022471934556961,1.0,0.8780219554901123
YPR025C,YPL097W,0,-7.292212,0.10213243216276169,1.0,0.8791208863258362
YER119C,YHR092C,0,-7.2965164,0.10201793909072876,1.0,0.8802197575569153
YDR216W,YMR298W,0,-7.300316,0.10190369188785553,1.0,0.8813186883926392
YIL033C,YDL031W,0,-7.3019767,0.10178970545530319,1.0,0.8824175596237183
YJR105W,YFL008W,0,-7.311164,0.10167597979307175,1.0,0.8835164904594421
YDL192W,YJL116C,0,-7.3112626,0.1015625,1.0,0.8846153616905212
YMR280C,YMR012W,0,-7.3179173,0.10144927352666855,1.0,0.8857142925262451
YFR050C,YPR190C,0,-7.321278,0.10133630037307739,1.0,0.8868131637573242
YMR022W,YNR039C,0,-7.329141,0.10122358053922653,1.0,0.8879120945930481
YLR048W,YDL058W,0,-7.330229,0.10111111402511597,1.0,0.8890109658241272
YOR034C,YBR296C,0,-7.331529,0.1009988933801651,1.0,0.8901098966598511
YCL025C,YKL170W,0,-7.332553,0.10088691860437393,1.0,0.8912087678909302
YDL100C,YJL089W,0,-7.344871,0.10077519714832306,1.0,0.892307698726654
YOL026C,YNL279W,0,-7.34998,0.10066371411085129,1.0,0.8934065699577332
YPL117C,YJL116C,0,-7.356884,0.10055248439311981,1.0,0.894505500793457
YER126C,YJL128C,0,-7.3578477,0.10044150054454803,1.0,0.8956043720245361
YBR247C,YGL209W,0,-7.3649416,0.10033076256513596,1.0,0.89670330286026
YGL070C,YKL126W,0,-7.3663287,0.10022026300430298,1.0,0.8978021740913391
YHR055C,YGR159C,0,-7.3838954,0.1001100093126297,1.0,0.898901104927063
YJL089W,YIL016W,0,-7.402305,0.10000000149011612,1.0,0.8999999761581421
YGL211W,YML028W,0,-7.4082003,0.09989023208618164,1.0,0.901098906993866
YKR097W,YNL169C,0,-7.4216275,0.09978070110082626,1.0,0.9021977782249451
YDR256C,YER018C,0,-7.4442363,0.09967141598463058,1.0,0.903296709060669
YLR080W,YER031C,0,-7.4465165,0.09956236183643341,1.0,0.904395580291748
YAL012W,YIL101C,0,-7.4504995,0.09945355355739594,1.0,0.9054945111274719
YOL086C,YHR006W,0,-7.453736,0.09934497624635696,1.0,0.906593382358551
YFL058W,YMR260C,0,-7.454233,0.09923664480447769,1.0,0.9076923131942749
YPR185W,YLR060W,0,-7.4632335,0.09912853688001633,1.0,0.908791184425354
YMR162C,YCR072C,0,-7.487225,0.09902067482471466,1.0,0.9098901152610779
YBL033C,YHR098C,0,-7.4873443,0.0989130437374115,1.0,0.910988986492157
YPR054W,YER103W,0,-7.5172334,0.09880564361810684,1.0,0.9120879173278809
YML104C,YFR050C,0,-7.5203156,0.09869848191738129,1.0,0.91318678855896
YBR207W,YJR145C,0,-7.521154,0.09859155118465424,1.0,0.9142857193946838
YDR481C,YGR118W,0,-7.5223527,0.09848485141992569,1.0,0.9153845906257629
YNL279W,YOR359W,0,-7.522443,0.09837837517261505,1.0,0.9164835214614868
YKL139W,YBR296C,0,-7.533693,0.09827213734388351,1.0,0.9175823926925659
YDL085W,YJL208C,0,-7.534773,0.09816613048315048,1.0,0.9186813235282898
YBR196C,YIL101C,0,-7.5494313,0.09806034713983536,1.0,0.9197801947593689
YOL008W,YJL116C,0,-7.551286,0.09795478731393814,1.0,0.9208791255950928
YDL024C,YGL115W,0,-7.5606675,0.09784946590662003,1.0,0.9219779968261719
YPL146C,YJR059W,0,-7.5613394,0.09774436056613922,1.0,0.9230769276618958
YDR077W,YDR362C,0,-7.569653,0.09763948619365692,1.0,0.9241757988929749
YKR038C,YNL173C,0,-7.5726514,0.09753483533859253,1.0,0.9252747297286987
YCL040W,YPL274W,0,-7.573093,0.09743040800094604,1.0,0.9263736009597778
YDR276C,YNL279W,0,-7.578103,0.09732620418071747,1.0,0.9274725317955017
YOR120W,YPR094W,0,-7.5949874,0.0972222238779068,1.0,0.9285714030265808
YMR128W,YGL094C,0,-7.597151,0.09711845964193344,1.0,0.9296703338623047
YPL015C,YER006W,0,-7.597191,0.09701492637395859,1.0,0.9307692050933838
YIL033C,YIL008W,0,-7.6278973,0.09691160917282104,1.0,0.9318681359291077
YDR216W,YLR060W,0,-7.6477666,0.09680850803852081,1.0,0.9329670071601868
YLR060W,YMR137C,0,-7.662042,0.09670563042163849,1.0,0.9340659379959106
YMR199W,YKL086W,0,-7.6769004,0.09660296887159348,1.0,0.9351648092269897
YJL071W,YMR260C,0,-7.6779613,0.09650053083896637,1.0,0.9362637400627136
YNL001W,YOR137C,0,-7.682277,0.09639830142259598,1.0,0.9373626112937927
YOR267C,YPL126W,0,-7.686505,0.0962962955236435,1.0,0.9384615421295166
YMR142C,YDR362C,0,-7.690299,0.09619450569152832,1.0,0.9395604133605957
YLR116W,YJL191W,0,-7.694485,0.09609292447566986,1.0,0.9406593441963196
YDL085W,YML060W,0,-7.731156,0.09599155932664871,1.0,0.9417582154273987
YLR048W,YNL126W,0,-7.741103,0.09589041024446487,1.0,0.9428571462631226
YDR503C,YKL009W,0,-7.7511473,0.09578947722911835,1.0,0.9439560174942017
YKL002W,YDR069C,0,-7.7516685,0.09568874537944794,1.0,0.9450549483299255
YLR052W,YJL116C,0,-7.767486,0.09558823704719543,1.0,0.9461538195610046
YDR254W,YBL079W,0,-7.7706246,0.09548792988061905,1.0,0.9472527503967285
YPL265W,YPR037C,0,-7.800389,0.09538783878087997,1.0,0.9483516216278076
YGR188C,YOL040C,0,-7.819614,0.09528795629739761,1.0,0.9494505524635315
YLR196W,YDR369C,0,-7.8480678,0.09518828243017197,1.0,0.9505494236946106
YOR185C,YKL014C,0,-7.8506904,0.09508881717920303,1.0,0.9516483545303345
YJR125C,YDR324C,0,-7.870524,0.09498956054449081,1.0,0.9527472257614136
YDL030W,YMR140W,0,-7.8739967,0.09489051252603531,1.0,0.9538461565971375
YJR125C,YHR092C,0,-7.880024,0.09479166567325592,1.0,0.9549450278282166
YIL007C,YHR098C,0,-7.89449,0.09469302743673325,1.0,0.9560439586639404
YOL127W,YIL101C,0,-7.900302,0.09459459781646729,1.0,0.9571428298950195
YLR210W,YJL141C,0,-7.900313,0.09449636191129684,1.0,0.9582417607307434
YGL112C,YEL012W,0,-7.945612,0.09439834207296371,1.0,0.9593406319618225
YDR055W,YGR186W,0,-7.980803,0.0943005159497261,1.0,0.9604395627975464
YAL054C,YLR435W,0,-8.000911,0.09420289844274521,1.0,0.9615384340286255
YPR167C,YOR328W,0,-8.009323,0.09410548210144043,1.0,0.9626373648643494
YNR010W,YFR053C,0,-8.010164,0.09400826692581177,1.0,0.9637362360954285
YAL054C,YGL094C,0,-8.020895,0.09391124546527863,1.0,0.9648351669311523
YPL265W,YDR312W,0,-8.0288,0.0938144326210022,1.0,0.9659340381622314
YER025W,YOR003W,0,-8.038112,0.09371781349182129,1.0,0.9670329689979553
YIL065C,YEL054C,0,-8.057956,0.0936213955283165,1.0,0.9681318402290344
YCL025C,YJL191W,0,-8.06612,0.09352517873048782,1.0,0.9692307710647583
YJL005W,YOR116C,0,-8.067239,0.09342915564775467,1.0,0.9703296422958374
YNR058W,YGR008C,0,-8.090582,0.09333333373069763,1.0,0.9714285731315613
YNL073W,YIL016W,0,-8.123845,0.09323770552873611,1.0,0.9725274443626404
YAL054C,YLR106C,0,-8.128706,0.09314227104187012,1.0,0.9736263751983643
YDR216W,YNL279W,0,-8.136308,0.09304703772068024,1.0,0.9747252464294434
YMR012W,YNL279W,0,-8.145406,0.09295199066400528,1.0,0.9758241772651672
YLR134W,YNL207W,0,-8.160108,0.09285714477300644,1.0,0.9769230484962463
YDL024C,YER165W,0,-8.168589,0.09276248514652252,1.0,0.9780219793319702
YPL202C,YPL061W,0,-8.1933975,0.09266802668571472,1.0,0.9791208505630493
YPL115C,YFL014W,0,-8.196547,0.09257375448942184,1.0,0.9802197813987732
YPR167C,YNL110C,0,-8.225588,0.09247967600822449,1.0,0.9813186526298523
YBR247C,YMR035W,0,-8.234822,0.09238578379154205,1.0,0.9824175834655762
YDR256C,YOL026C,0,-8.237576,0.09229209274053574,1.0,0.9835164546966553
YGL191W,YOR340C,0,-8.302598,0.09219858050346375,1.0,0.9846153855323792
YLR060W,YJL102W,0,-8.312742,0.09210526198148727,1.0,0.9857142567634583
YMR301C,YOR120W,0,-8.328481,0.09201213717460632,1.0,0.9868131875991821
YIR017C,YOL097C,0,-8.34898,0.0919191911816597,1.0,0.9879120588302612
YLR155C,YNL110C,0,-8.416824,0.0918264389038086,1.0,0.9890109896659851
YHR092C,YOR340C,0,-8.435823,0.09173387289047241,1.0,0.9901098608970642
YMR199W,YKL009W,0,-8.43654,0.09164149314165115,1.0,0.9912087917327881
YOR340C,YAL001C,0,-8.506851,0.09154929220676422,1.0,0.9923076629638672
YOR113W,YER006W,0,-8.584592,0.09145728498697281,1.0,0.9934065937995911
YFR028C,YFR053C,0,-8.603103,0.09136546403169632,1.0,0.9945054650306702
YDR481C,YDL083C,0,-8.65094,0.09127382189035416,1.0,0.995604395866394
YHR039C,YER103W,0,-8.654595,0.09118236601352692,1.0,0.9967032670974731
YJR070C,YJL042W,0,-8.698334,0.091091088950634,1.0,0.997802197933197
YDR411C,YER082C,0,-8.725565,0.09099999815225601,1.0,0.9989010691642761
YOR224C,YER103W,0,-8.80921,0.09090909361839294,1.0,1.0
