Gene A,Gene B,Label,Score,Precision,Recall,False Positive Rate
YER150W,YMR016C,0,-0.13143572,0.0,0.0,9.999999747378752e-05
YOR317W,YPL111W,0,-0.1510907,0.0,0.0,0.00019999999494757503
YJL153C,YJL157C,0,-0.16637452,0.0,0.0,0.0003000000142492354
YOR382W,YPL174C,0,-0.18842033,0.0,0.0,0.00039999998989515007
YDL223C,YIL148W,0,-0.21056601,0.0,0.0,0.0005000000237487257
YEL065W,YOL101C,1,-0.2624829,0.1666666716337204,0.0010000000474974513,0.0005000000237487257
YBR072W,YGL026C,0,-0.27101898,0.1428571492433548,0.0010000000474974513,0.0006000000284984708
YER091C,YHR118C,0,-0.34466103,0.125,0.0010000000474974513,0.000699999975040555
YOR063W,YLR142W,0,-0.3576433,0.1111111119389534,0.0010000000474974513,0.0007999999797903001
YLR134W,YDR213W,0,-0.3606747,0.10000000149011612,0.0010000000474974513,0.0008999999845400453
YGR292W,YOL120C,0,-0.37803146,0.09090909361839294,0.0010000000474974513,0.0010000000474974513
YHR174W,YGL096W,0,-0.40300643,0.0833333358168602,0.0010000000474974513,0.0010999999940395355
YPR043W,YLR327C,0,-0.40947384,0.07692307978868484,0.0010000000474974513,0.0012000000569969416
YGL170C,YER053C,0,-0.41004768,0.0714285746216774,0.0010000000474974513,0.0013000000035390258
YOR063W,YDR380W,0,-0.43560153,0.06666667014360428,0.0010000000474974513,0.00139999995008111
YIL107C,YML073C,0,-0.50187314,0.0625,0.0010000000474974513,0.001500000013038516
YIL170W,YOR369C,0,-0.5144932,0.05882352963089943,0.0010000000474974513,0.0015999999595806003
YFL014W,YEL036C,0,-0.5370262,0.0555555559694767,0.0010000000474974513,0.0017000000225380063
YIL107C,YOR204W,0,-0.5520781,0.05263157933950424,0.0010000000474974513,0.0017999999690800905
YKL103C,YJL136C,0,-0.55864924,0.05000000074505806,0.0010000000474974513,0.0019000000320374966
YGR088W,YGR279C,0,-0.6090304,0.0476190485060215,0.0010000000474974513,0.0020000000949949026
YJR010W,YBR066C,0,-0.614372,0.04545454680919647,0.0010000000474974513,0.002099999925121665
YNL132W,YLR348C,0,-0.6392041,0.043478261679410934,0.0010000000474974513,0.002199999988079071
YML056C,YJR119C,0,-0.6589543,0.0416666679084301,0.0010000000474974513,0.002300000051036477
YIL018W,YDL247W,0,-0.6612054,0.03999999910593033,0.0010000000474974513,0.002400000113993883
YJL157C,YMR175W,0,-0.6650316,0.03846153989434242,0.0010000000474974513,0.0024999999441206455
YLR318W,YML056C,0,-0.6685311,0.03703703731298447,0.0010000000474974513,0.0026000000070780516
YLR306W,YPL198W,0,-0.6704791,0.0357142873108387,0.0010000000474974513,0.0027000000700354576
YNL138W,YFL014W,0,-0.67684805,0.03448275849223137,0.0010000000474974513,0.00279999990016222
YGR056W,YGL096W,0,-0.68165183,0.03333333507180214,0.0010000000474974513,0.002899999963119626
YGR071C,YDR500C,0,-0.68748504,0.032258063554763794,0.0010000000474974513,0.003000000026077032
YMR246W,YNL335W,0,-0.6954586,0.03125,0.0010000000474974513,0.003100000089034438
YFR015C,YNL061W,0,-0.69746596,0.03030303120613098,0.0010000000474974513,0.0031999999191612005
YBR072W,YDR254W,0,-0.6983772,0.029411764815449715,0.0010000000474974513,0.0032999999821186066
YDL077C,YMR303C,0,-0.70577514,0.02857142873108387,0.0010000000474974513,0.0034000000450760126
YOR337W,YBR181C,0,-0.72408867,0.02777777798473835,0.0010000000474974513,0.0035000001080334187
YLR343W,YPR128C,0,-0.73116493,0.027027027681469917,0.0010000000474974513,0.003599999938160181
YFR053C,YBR105C,0,-0.73201025,0.02631578966975212,0.0010000000474974513,0.003700000001117587
YHR047C,YOR382W,0,-0.7329848,0.025641025975346565,0.0010000000474974513,0.003800000064074993
YMR055C,YDL081C,0,-0.74473184,0.02500000037252903,0.0010000000474974513,0.0038999998942017555
YDL083C,YOR297C,0,-0.7497724,0.024390242993831635,0.0010000000474974513,0.004000000189989805
YBL072C,YHR209W,0,-0.7588714,0.02380952425301075,0.0010000000474974513,0.004100000020116568
YPL253C,YJL158C,0,-0.76669407,0.023255813866853714,0.0010000000474974513,0.00419999985024333
YIR005W,YLR327C,0,-0.7738942,0.022727273404598236,0.0010000000474974513,0.00430000014603138
YGL171W,YOL154W,0,-0.77454185,0.02222222276031971,0.0010000000474974513,0.004399999976158142
YNL283C,YHR157W,0,-0.77592635,0.021739130839705467,0.0010000000474974513,0.0044999998062849045
YOL158C,YDR492W,1,-0.77964735,0.042553190141916275,0.0020000000949949026,0.0044999998062849045
YLL045C,YKR077W,0,-0.7809545,0.0416666679084301,0.0020000000949949026,0.004600000102072954
YMR175W,YDL195W,0,-0.7848264,0.040816325694322586,0.0020000000949949026,0.004699999932199717
YER091C,YDR013W,0,-0.78504515,0.03999999910593033,0.0020000000949949026,0.004800000227987766
YJR145C,YKL033W,0,-0.7881608,0.03921568766236305,0.0020000000949949026,0.004900000058114529
YPL134C,YLR258W,0,-0.794412,0.03846153989434242,0.0020000000949949026,0.004999999888241291
YGR161C,YKL166C,0,-0.80380654,0.03773584961891174,0.0020000000949949026,0.005100000184029341
YMR256C,YLR258W,0,-0.80663,0.03703703731298447,0.0020000000949949026,0.005200000014156103
YOR247W,YIR039C,0,-0.8136715,0.036363635212183,0.0020000000949949026,0.0052999998442828655
YHR157W,YJR094W-A,0,-0.81678665,0.0357142873108387,0.0020000000949949026,0.005400000140070915
YNL290W,YCR021C,0,-0.82218254,0.035087719559669495,0.0020000000949949026,0.005499999970197678
YLR092W,YML058W-A,0,-0.82251894,0.03448275849223137,0.0020000000949949026,0.00559999980032444
YFR001W,YGL096W,0,-0.82287496,0.033898305147886276,0.0020000000949949026,0.00570000009611249
YMR261C,YPL189W,0,-0.82481027,0.03333333507180214,0.0020000000949949026,0.005799999926239252
YGL222C,YDR380W,0,-0.8278809,0.032786883413791656,0.0020000000949949026,0.005900000222027302
YMR012W,YIL170W,0,-0.8282554,0.032258063554763794,0.0020000000949949026,0.006000000052154064
YLR343W,YGR120C,0,-0.8314934,0.0317460335791111,0.0020000000949949026,0.006099999882280827
YER056C-A,YBL078C,0,-0.8347106,0.03125,0.0020000000949949026,0.006200000178068876
YEL029C,YLR258W,0,-0.83615446,0.03076923079788685,0.0020000000949949026,0.006300000008195639
YAL034W-A,YNL162W,0,-0.84005153,0.03030303120613098,0.0020000000949949026,0.006399999838322401
YML100W,YDL136W,0,-0.8468785,0.02985074557363987,0.0020000000949949026,0.006500000134110451
YBR072W,YOR249C,0,-0.8573489,0.029411764815449715,0.0020000000949949026,0.006599999964237213
YMR169C,YBR145W,0,-0.8586962,0.028985507786273956,0.0020000000949949026,0.0066999997943639755
YKR104W,YCL026C-B,0,-0.86101925,0.02857142873108387,0.0020000000949949026,0.006800000090152025
YIL069C,YDR204W,0,-0.8624347,0.028169013559818268,0.0020000000949949026,0.006899999920278788
YHR036W,YBL075C,0,-0.87286496,0.02777777798473835,0.0020000000949949026,0.007000000216066837
YCR021C,YDR028C,0,-0.8731719,0.027397260069847107,0.0020000000949949026,0.0071000000461936
YOR026W,YHR089C,0,-0.87527806,0.027027027681469917,0.0020000000949949026,0.007199999876320362
YBR005W,YHR009C,0,-0.90592086,0.02666666731238365,0.0020000000949949026,0.007300000172108412
YMR169C,YNL162W,0,-0.9074573,0.02631578966975212,0.0020000000949949026,0.007400000002235174
YER056C,YLR045C,0,-0.90899,0.025974025949835777,0.0020000000949949026,0.007499999832361937
YER091C,YDR080W,0,-0.90908474,0.025641025975346565,0.0020000000949949026,0.007600000128149986
YOR384W,YNR018W,0,-0.91736937,0.025316456332802773,0.0020000000949949026,0.007699999958276749
YOR349W,YIL133C,0,-0.91761327,0.02500000037252903,0.0020000000949949026,0.007799999788403511
YGL104C,YDL055C,0,-0.9251885,0.02469135820865631,0.0020000000949949026,0.007899999618530273
YML102W,YPR102C,0,-0.92812335,0.024390242993831635,0.0020000000949949026,0.00800000037997961
YOL142W,YGL096W,0,-0.9349419,0.024096384644508362,0.0020000000949949026,0.008100000210106373
YPR167C,YOR182C,0,-0.9356189,0.02380952425301075,0.0020000000949949026,0.008200000040233135
YCR107W,YDL055C,0,-0.936679,0.0235294122248888,0.0020000000949949026,0.008299999870359898
YNL132W,YER045C,0,-0.9375771,0.023255813866853714,0.0020000000949949026,0.00839999970048666
YPL026C,YGL089C,0,-0.9391478,0.02298850566148758,0.0020000000949949026,0.008500000461935997
YBR180W,YGR138C,0,-0.94019127,0.022727273404598236,0.0020000000949949026,0.00860000029206276
YDR226W,YPR160W,0,-0.94062006,0.02247191034257412,0.0020000000949949026,0.008700000122189522
YDR273W,YNL006W,0,-0.9461011,0.02222222276031971,0.0020000000949949026,0.008799999952316284
YFR031C-A,YFL061W,0,-0.9475111,0.021978022530674934,0.0020000000949949026,0.008899999782443047
YGR251W,YLR325C,0,-0.94774735,0.021739130839705467,0.0020000000949949026,0.008999999612569809
YMR213W,YER150W,0,-0.9486331,0.02150537632405758,0.0020000000949949026,0.009100000374019146
YPR049C,YBR066C,0,-0.9499827,0.021276595070958138,0.0020000000949949026,0.009200000204145908
YEL021W,YBR054W,0,-0.9587593,0.021052632480859756,0.0020000000949949026,0.00930000003427267
YMR242C,YOL052C-A,0,-0.9590025,0.02083333395421505,0.0020000000949949026,0.009399999864399433
YDL179W,YPR035W,0,-0.96204436,0.020618556067347527,0.0020000000949949026,0.009499999694526196
YDL135C,YFL014W,0,-0.9734865,0.020408162847161293,0.0020000000949949026,0.009600000455975533
YKL056C,YPL056C,0,-0.9745992,0.020202020183205605,0.0020000000949949026,0.009700000286102295
YJR150C,YIR039C,0,-0.98244905,0.019999999552965164,0.0020000000949949026,0.009800000116229057
YGL183C,YMR300C,0,-0.9851527,0.019801979884505272,0.0020000000949949026,0.00989999994635582
YDR240C,YGR138C,0,-0.9909861,0.019607843831181526,0.0020000000949949026,0.009999999776482582
YJL148W,YPL186C,0,-0.994404,0.019417475908994675,0.0020000000949949026,0.010099999606609344
YKL001C,YLR386W,0,-1.0008075,0.01923076994717121,0.0020000000949949026,0.010200000368058681
YJR010W,YLR286C,0,-1.001332,0.01904761977493763,0.0020000000949949026,0.010300000198185444
YGL037C,YMR049C,0,-1.0045787,0.01886792480945587,0.0020000000949949026,0.010400000028312206
YDR273W,YOR167C,0,-1.0073923,0.018691588193178177,0.0020000000949949026,0.010499999858438969
YNL311C,YPR160W,0,-1.0130632,0.018518518656492233,0.0020000000949949026,0.010599999688565731
YPL090C,YOR351C,0,-1.0141685,0.01834862306714058,0.0020000000949949026,0.010700000450015068
YDR118W,YGR138C,0,-1.0142215,0.0181818176060915,0.0020000000949949026,0.01080000028014183
YPL202C,YOL101C,1,-1.0154707,0.027027027681469917,0.003000000026077032,0.01080000028014183
YFR015C,YGR003W,0,-1.0200728,0.02678571455180645,0.003000000026077032,0.010900000110268593
YLL040C,YCR054C,0,-1.0206745,0.02654867246747017,0.003000000026077032,0.010999999940395355
YMR105C,YER171W,0,-1.0224471,0.02631578966975212,0.003000000026077032,0.011099999770522118
YGL180W,YLR134W,0,-1.022792,0.0260869562625885,0.003000000026077032,0.01119999960064888
YCL044C,YLR058C,0,-1.0228686,0.0258620698004961,0.003000000026077032,0.011300000362098217
YDL204W,YMR117C,0,-1.0250666,0.025641025975346565,0.003000000026077032,0.01140000019222498
YCL026C-B,YBR150C,0,-1.0260618,0.025423727929592133,0.003000000026077032,0.011500000022351742
YLR029C,YLR270W,0,-1.0340122,0.02521008439362049,0.003000000026077032,0.011599999852478504
YMR105C,YLR054C,0,-1.0351603,0.02500000037252903,0.003000000026077032,0.011699999682605267
YDR437W,YBR054W,0,-1.0364678,0.024793388321995735,0.003000000026077032,0.011800000444054604
YLR327C,YJL225C,0,-1.0393907,0.02459016442298889,0.003000000026077032,0.011900000274181366
YLR313C,YOL120C,0,-1.0399964,0.024390242993831635,0.003000000026077032,0.012000000104308128
YPR143W,YGR138C,0,-1.0420697,0.024193547666072845,0.003000000026077032,0.01209999993443489
YGR027C,YPR026W,0,-1.0425811,0.024000000208616257,0.003000000026077032,0.012199999764561653
YKL103C,YPR168W,0,-1.0447552,0.02380952425301075,0.003000000026077032,0.012299999594688416
YGL123W,YLR345W,0,-1.0451503,0.023622047156095505,0.003000000026077032,0.012400000356137753
YOR247W,YGR080W,0,-1.0459192,0.0234375,0.003000000026077032,0.012500000186264515
YIL170W,YGR113W,0,-1.0467583,0.023255813866853714,0.003000000026077032,0.012600000016391277
YLR134W,YKR069W,0,-1.0486073,0.023076923564076424,0.003000000026077032,0.01269999984651804
YDR248C,YJR145C,0,-1.0506386,0.022900763899087906,0.003000000026077032,0.012799999676644802
YKL081W,YBR026C,0,-1.0523342,0.022727273404598236,0.003000000026077032,0.012900000438094139
YLR327C,YMR228W,0,-1.0534935,0.02255639061331749,0.003000000026077032,0.013000000268220901
YHL034C,YML054C,0,-1.0539259,0.02238805964589119,0.003000000026077032,0.013100000098347664
YIL084C,YLR189C,0,-1.0571203,0.02222222276031971,0.003000000026077032,0.013199999928474426
YNL248C,YBL106C,0,-1.0579164,0.022058824077248573,0.003000000026077032,0.013299999758601189
YER103W,YBR074W,0,-1.0584713,0.021897809579968452,0.003000000026077032,0.013399999588727951
YLR258W,YNL262W,0,-1.0592546,0.021739130839705467,0.003000000026077032,0.013500000350177288
YLR318W,YAL060W,0,-1.0594625,0.02158273383975029,0.003000000026077032,0.01360000018030405
YBR183W,YOR272W,0,-1.0597713,0.02142857201397419,0.003000000026077032,0.013700000010430813
YIR014W,YGL147C,0,-1.0602957,0.021276595070958138,0.003000000026077032,0.013799999840557575
YOR206W,YBR105C,0,-1.0627913,0.0211267601698637,0.003000000026077032,0.013899999670684338
YCL044C,YDL082W,0,-1.0638176,0.02097902074456215,0.003000000026077032,0.014000000432133675
YLR058C,YMR128W,0,-1.0650806,0.02083333395421505,0.003000000026077032,0.014100000262260437
YGL183C,YIL148W,0,-1.0669825,0.02068965509533882,0.003000000026077032,0.0142000000923872
YPL240C,YDR389W,0,-1.067918,0.02054794505238533,0.003000000026077032,0.014299999922513962
YJL194W,YLR258W,0,-1.075429,0.020408162847161293,0.003000000026077032,0.014399999752640724
YBR286W,YDR259C,0,-1.0763662,0.020270269364118576,0.003000000026077032,0.014499999582767487
YML128C,YER171W,0,-1.0771452,0.020134227350354195,0.003000000026077032,0.014600000344216824
YFL056C,YGR285C,0,-1.0772674,0.019999999552965164,0.003000000026077032,0.014700000174343586
YLR460C,YDR330W,0,-1.078309,0.01986755058169365,0.003000000026077032,0.014800000004470348
YPL253C,YIR038C,0,-1.0811241,0.019736841320991516,0.003000000026077032,0.01489999983459711
YPL091W,YPR026W,0,-1.0887022,0.019607843831181526,0.003000000026077032,0.014999999664723873
YGL225W,YFR053C,0,-1.0901569,0.019480518996715546,0.003000000026077032,0.01510000042617321
YHL016C,YMR142C,0,-1.091605,0.019354838877916336,0.003000000026077032,0.015200000256299973
YCL068C,YOL120C,0,-1.0920279,0.01923076994717121,0.003000000026077032,0.015300000086426735
YKL164C,YML058W-A,0,-1.0926588,0.019108280539512634,0.003000000026077032,0.015399999916553497
YDR411C,YHR089C,0,-1.092997,0.018987340852618217,0.003000000026077032,0.01549999974668026
YPL021W,YLL040C,0,-1.0932765,0.01886792480945587,0.003000000026077032,0.015599999576807022
YOR267C,YOR129C,1,-1.0937426,0.02500000037252903,0.004000000189989805,0.015599999576807022
YPR114W,YNL214W,0,-1.0938506,0.02484472095966339,0.004000000189989805,0.015699999406933784
YHR089C,YDR438W,0,-1.0978179,0.02469135820865631,0.004000000189989805,0.015799999237060547
YGR122W,YLR441C,0,-1.0997139,0.024539876729249954,0.004000000189989805,0.01590000092983246
YPR091C,YPR163C,0,-1.1026633,0.024390242993831635,0.004000000189989805,0.01600000075995922
YKL138C-A,YDL130W-A,0,-1.106232,0.024242423474788666,0.004000000189989805,0.016100000590085983
YNL178W,YER071C,0,-1.1070594,0.024096384644508362,0.004000000189989805,0.016200000420212746
YCL051W,YFL014W,0,-1.1120158,0.023952096700668335,0.004000000189989805,0.016300000250339508
YBR238C,YOL076W,0,-1.1140952,0.02380952425301075,0.004000000189989805,0.01640000008046627
YDR500C,YCR021C,0,-1.1148379,0.023668639361858368,0.004000000189989805,0.016499999910593033
YCR047C,YLR286C,0,-1.1162353,0.0235294122248888,0.004000000189989805,0.016599999740719795
YDR533C,YOR224C,0,-1.1190228,0.023391813039779663,0.004000000189989805,0.016699999570846558
YPR010C,YGR071C,0,-1.1192031,0.023255813866853714,0.004000000189989805,0.01679999940097332
YLR029C,YIR032C,0,-1.1200745,0.023121386766433716,0.004000000189989805,0.016899999231100082
YNL086W,YGR224W,0,-1.1204445,0.02298850566148758,0.004000000189989805,0.017000000923871994
YLR327C,YDR222W,0,-1.1211584,0.022857142612338066,0.004000000189989805,0.017100000753998756
YFL014W,YER014W,0,-1.1236492,0.022727273404598236,0.004000000189989805,0.01720000058412552
YKR075C,YMR250W,0,-1.124896,0.02259887009859085,0.004000000189989805,0.01730000041425228
YGL170C,YKL210W,0,-1.1259208,0.02247191034257412,0.004000000189989805,0.017400000244379044
YIR014W,YML063W,0,-1.1260486,0.022346368059515953,0.004000000189989805,0.017500000074505806
YDR406W,YMR194W,0,-1.1299646,0.02222222276031971,0.004000000189989805,0.01759999990463257
YPR091C,YBR283C,0,-1.1315131,0.0220994483679533,0.004000000189989805,0.01769999973475933
YGL211W,YML058W-A,0,-1.1318505,0.021978022530674934,0.004000000189989805,0.017799999564886093
YNL046W,YCR054C,0,-1.1340494,0.02185792289674282,0.004000000189989805,0.017899999395012856
YPL010W,YML058W-A,0,-1.1380302,0.021739130839705467,0.004000000189989805,0.017999999225139618
YBR267W,YBR169C,0,-1.1385434,0.021621622145175934,0.004000000189989805,0.01810000091791153
YDR227W,YMR051C,0,-1.1406295,0.02150537632405758,0.004000000189989805,0.018200000748038292
YLR142W,YDL029W,0,-1.1410117,0.02139037474989891,0.004000000189989805,0.018300000578165054
YBL075C,YLL013C,0,-1.1471548,0.021276595070958138,0.004000000189989805,0.018400000408291817
YMR210W,YAL003W,0,-1.1503778,0.021164020523428917,0.004000000189989805,0.01850000023841858
YOL084W,YBR289W,0,-1.1511743,0.021052632480859756,0.004000000189989805,0.01860000006854534
YKL081W,YML047C,0,-1.15769,0.020942408591508865,0.004000000189989805,0.018699999898672104
YLR327C,YGR030C,0,-1.1602932,0.02083333395421505,0.004000000189989805,0.018799999728798866
YOR045W,YOL141W,0,-1.1642666,0.020725388079881668,0.004000000189989805,0.01889999955892563
YGR266W,YLL045C,0,-1.1652033,0.020618556067347527,0.004000000189989805,0.01899999938905239
YKR093W,YDR533C,0,-1.1656181,0.020512821152806282,0.004000000189989805,0.019099999219179153
YGL128C,YBR169C,0,-1.1686664,0.020408162847161293,0.004000000189989805,0.019200000911951065
YFR007W,YKL081W,0,-1.1727017,0.020304568111896515,0.004000000189989805,0.019300000742077827
YBR189W,YCR021C,0,-1.1748456,0.020202020183205605,0.004000000189989805,0.01940000057220459
YML133C,YDL208W,0,-1.1767416,0.02010050229728222,0.004000000189989805,0.019500000402331352
YER140W,YDR471W,0,-1.1776693,0.019999999552965164,0.004000000189989805,0.019600000232458115
YPL248C,YER056C-A,0,-1.1802974,0.019900497049093246,0.004000000189989805,0.019700000062584877
YJL078C,YGR080W,0,-1.1805251,0.019801979884505272,0.004000000189989805,0.01979999989271164
YLL011W,YIL170W,0,-1.1807876,0.019704433158040047,0.004000000189989805,0.019899999722838402
YDR083W,YOL155C,0,-1.181482,0.019607843831181526,0.004000000189989805,0.019999999552965164
YGR161C,YMR267W,0,-1.1818933,0.019512195140123367,0.004000000189989805,0.020099999383091927
YJR112W,YBR067C,0,-1.1850188,0.019417475908994675,0.004000000189989805,0.02019999921321869
YJL191W,YKL189W,0,-1.1865609,0.019323671236634254,0.004000000189989805,0.0203000009059906
YMR270C,YOR338W,0,-1.1873233,0.01923076994717121,0.004000000189989805,0.020400000736117363
YKL150W,YLR315W,0,-1.1889626,0.019138755276799202,0.004000000189989805,0.020500000566244125
YDR050C,YAL054C,0,-1.1898036,0.01904761977493763,0.004000000189989805,0.020600000396370888
YNL240C,YOR167C,0,-1.1906257,0.01895734667778015,0.004000000189989805,0.02070000022649765
YBR183W,YGR281W,0,-1.1910062,0.01886792480945587,0.004000000189989805,0.020800000056624413
YIL076W,YLR414C,0,-1.1912622,0.018779342994093895,0.004000000189989805,0.020899999886751175
YDR270W,YOL101C,1,-1.1917773,0.023364486172795296,0.004999999888241291,0.020899999886751175
YHR020W,YGL251C,0,-1.1920176,0.023255813866853714,0.004999999888241291,0.020999999716877937
YER150W,YBR066C,0,-1.1931473,0.023148147389292717,0.004999999888241291,0.0210999995470047
YNL307C,YIL170W,0,-1.1938441,0.02304147556424141,0.004999999888241291,0.021199999377131462
YMR042W,YAL060W,0,-1.1941779,0.0229357797652483,0.004999999888241291,0.021299999207258224
YGL253W,YNL208W,0,-1.1957362,0.02283105067908764,0.004999999888241291,0.021400000900030136
YJR123W,YNL107W,0,-1.1957709,0.022727273404598236,0.004999999888241291,0.0215000007301569
YGL010W,YNL010W,0,-1.1959312,0.022624434903264046,0.004999999888241291,0.02160000056028366
YBL087C,YML087C,0,-1.1982152,0.022522522136569023,0.004999999888241291,0.021700000390410423
YOL101C,YDR515W,1,-1.1992712,0.026905829086899757,0.006000000052154064,0.021700000390410423
YMR184W,YHR170W,0,-1.2000804,0.02678571455180645,0.006000000052154064,0.021800000220537186
YGR118W,YPL068C,0,-1.2002285,0.02666666731238365,0.006000000052154064,0.021900000050663948
YJL085W,YDL082W,0,-1.200418,0.02654867246747017,0.006000000052154064,0.02199999988079071
YIL147C,YJL171C,0,-1.2006495,0.026431718841195107,0.006000000052154064,0.022099999710917473
YNL127W,YDR508C,0,-1.2021317,0.02631578966975212,0.006000000052154064,0.022199999541044235
YOR167C,YBR105C,0,-1.2033799,0.026200873777270317,0.006000000052154064,0.022299999371170998
YDR074W,YNR071C,0,-1.2060342,0.0260869562625885,0.006000000052154064,0.02239999920129776
YPR035W,YKR036C,0,-1.2067055,0.025974025949835777,0.006000000052154064,0.02250000089406967
YMR074C,YPL022W,0,-1.2088089,0.0258620698004961,0.006000000052154064,0.022600000724196434
YNL206C,YHL050C,0,-1.2106289,0.02575107291340828,0.006000000052154064,0.022700000554323196
YBL051C,YJR048W,0,-1.2109969,0.025641025975346565,0.006000000052154064,0.02280000038444996
YLR032W,YPR148C,0,-1.2111576,0.025531914085149765,0.006000000052154064,0.02290000021457672
YDR077W,YNL176C,0,-1.2115142,0.025423727929592133,0.006000000052154064,0.023000000044703484
YGR088W,YHR197W,0,-1.2122345,0.025316456332802773,0.006000000052154064,0.023099999874830246
YOR317W,YBL039C,0,-1.2123514,0.02521008439362049,0.006000000052154064,0.02319999970495701
YNL213C,YPL226W,0,-1.2152863,0.025104602798819542,0.006000000052154064,0.02329999953508377
YOR076C,YNL162W,0,-1.2156217,0.02500000037252903,0.006000000052154064,0.023399999365210533
YOR252W,YLR460C,0,-1.2167242,0.02489626593887806,0.006000000052154064,0.023499999195337296
YML004C,YER184C,0,-1.2167523,0.024793388321995735,0.006000000052154064,0.023600000888109207
YBR158W,YBL075C,0,-1.2177122,0.02469135820865631,0.006000000052154064,0.02370000071823597
YDR492W,YDR515W,1,-1.2186751,0.028688523918390274,0.007000000216066837,0.02370000071823597
YML081C-A,YPR160W,0,-1.2187157,0.02857142873108387,0.007000000216066837,0.023800000548362732
YER184C,YHR004C,0,-1.2202599,0.028455285355448723,0.007000000216066837,0.023900000378489494
YBR010W,YMR087W,0,-1.2206314,0.028340080752968788,0.007000000216066837,0.024000000208616257
YDR077W,YAR010C,0,-1.221072,0.02822580561041832,0.007000000216066837,0.02410000003874302
YHL035C,YDR108W,0,-1.22496,0.02811245061457157,0.007000000216066837,0.02419999986886978
YIL113W,YGL105W,0,-1.2252495,0.02800000086426735,0.007000000216066837,0.024299999698996544
YAL044C,YDR101C,0,-1.2267312,0.027888447046279907,0.007000000216066837,0.024399999529123306
YDL055C,YOL076W,0,-1.2267454,0.02777777798473835,0.007000000216066837,0.02449999935925007
YPL121C,YCL034W,0,-1.2271227,0.02766798436641693,0.007000000216066837,0.02459999918937683
YJR042W,YGR017W,0,-1.227781,0.027559055015444756,0.007000000216066837,0.024700000882148743
YGR027C,YKL011C,0,-1.2283006,0.027450980618596077,0.007000000216066837,0.024800000712275505
YCR010C,YLR258W,0,-1.2292454,0.02734375,0.007000000216066837,0.024900000542402267
YOR315W,YML116W,0,-1.229321,0.02723735384643078,0.007000000216066837,0.02500000037252903
YPL013C,YGR071C,0,-1.2324059,0.027131782844662666,0.007000000216066837,0.025100000202655792
YOL052C-A,YDR465C,0,-1.2339878,0.027027027681469917,0.007000000216066837,0.025200000032782555
YER174C,YOL101C,1,-1.2349489,0.03076923079788685,0.00800000037997961,0.025200000032782555
YHR202W,YLR154C,0,-1.2370131,0.030651340261101723,0.00800000037997961,0.025299999862909317
YJR083C,YOR369C,0,-1.2393231,0.030534351244568825,0.00800000037997961,0.02539999969303608
YDR476C,YOR145C,0,-1.2407839,0.03041825070977211,0.00800000037997961,0.025499999523162842
YOR363C,YPL131W,0,-1.2412553,0.03030303120613098,0.00800000037997961,0.025599999353289604
YDR492W,YOR381W,1,-1.2467655,0.03396226465702057,0.008999999612569809,0.025599999353289604
YIL074C,YIL160C,0,-1.2468567,0.033834587782621384,0.008999999612569809,0.025699999183416367
YBR033W,YGL062W,0,-1.2470778,0.033707864582538605,0.008999999612569809,0.025800000876188278
YCR063W,YPL198W,0,-1.2479427,0.033582091331481934,0.008999999612569809,0.02590000070631504
YBR028C,YDR134C,0,-1.2485332,0.03345724940299988,0.008999999612569809,0.026000000536441803
YIR019C,YER045C,0,-1.24963,0.03333333507180214,0.008999999612569809,0.026100000366568565
YNL086W,YNL194C,0,-1.2501705,0.033210333436727524,0.008999999612569809,0.026200000196695328
YBL113C,YOL052C-A,0,-1.2508094,0.033088237047195435,0.008999999612569809,0.02630000002682209
YJL148W,YNR060W,0,-1.2509702,0.032967034727334976,0.008999999612569809,0.026399999856948853
YKR104W,YHR088W,0,-1.2528232,0.03284671530127525,0.008999999612569809,0.026499999687075615
YDR263C,YGR189C,0,-1.2533699,0.03272727131843567,0.008999999612569809,0.026599999517202377
YPL090C,YMR182C,0,-1.25494,0.032608695328235626,0.008999999612569809,0.02669999934732914
YGR142W,YLR068W,0,-1.2553706,0.03249097615480423,0.008999999612569809,0.026799999177455902
YBR183W,YNL016W,0,-1.2572093,0.032374098896980286,0.008999999612569809,0.026900000870227814
YBR295W,YDR492W,1,-1.2574883,0.03584229573607445,0.009999999776482582,0.026900000870227814
YER140W,YLR050C,0,-1.2586823,0.0357142873108387,0.009999999776482582,0.027000000700354576
YDL149W,YER165W,0,-1.2611763,0.035587187856435776,0.009999999776482582,0.02710000053048134
YDL022W,YMR322C,0,-1.2623919,0.03546099364757538,0.009999999776482582,0.0272000003606081
YMR114C,YLL038C,0,-1.2630868,0.035335689783096313,0.009999999776482582,0.027300000190734863
YGL148W,YGL170C,0,-1.2632927,0.035211268812417984,0.009999999776482582,0.027400000020861626
YDR369C,YER190W,0,-1.2633002,0.035087719559669495,0.009999999776482582,0.027499999850988388
YKL198C,YMR321C,0,-1.2646358,0.03496503457427025,0.009999999776482582,0.02759999968111515
YOR116C,YER175C,0,-1.2663187,0.03484320640563965,0.009999999776482582,0.027699999511241913
YKR059W,YCL061C,0,-1.2663503,0.0347222238779068,0.009999999776482582,0.027799999341368675
YMR049C,YDR126W,0,-1.2664133,0.034602075815200806,0.009999999776482582,0.027899999171495438
YNR052C,YHR033W,0,-1.268172,0.03448275849223137,0.009999999776482582,0.02800000086426735
YMR023C,YLR134W,0,-1.2686093,0.034364260733127594,0.009999999776482582,0.02810000069439411
YBL113C,YDR438W,0,-1.2696674,0.034246575087308884,0.009999999776482582,0.028200000524520874
YKR097W,YER117W,0,-1.2701938,0.03412969410419464,0.009999999776482582,0.028300000354647636
YOR063W,YDR103W,0,-1.2705181,0.03401360660791397,0.009999999776482582,0.0284000001847744
YER177W,YPL276W,0,-1.2712129,0.033898305147886276,0.009999999776482582,0.02850000001490116
YLR189C,YGL123W,0,-1.2717965,0.03378378227353096,0.009999999776482582,0.028599999845027924
YKR096W,YIL004C,0,-1.2719715,0.033670034259557724,0.009999999776482582,0.028699999675154686
YML133C,YPL018W,0,-1.272189,0.033557046204805374,0.009999999776482582,0.02879999950528145
YCL067C,YFR018C,0,-1.2722051,0.03344481438398361,0.009999999776482582,0.02889999933540821
YDR240C,YNR021W,0,-1.2739697,0.03333333507180214,0.009999999776482582,0.028999999165534973
YGR208W,YJR127C,0,-1.2742968,0.033222589641809464,0.009999999776482582,0.029100000858306885
YOR124C,YDR476C,0,-1.2758625,0.03311258181929588,0.009999999776482582,0.029200000688433647
YMR242C,YOR211C,0,-1.2759758,0.0330033004283905,0.009999999776482582,0.02930000051856041
YDR130C,YBL039C,0,-1.2761815,0.032894738018512726,0.009999999776482582,0.029400000348687172
YDL204W,YMR049C,0,-1.2761843,0.032786883413791656,0.009999999776482582,0.029500000178813934
YKR104W,YER125W,0,-1.2772133,0.03267974033951759,0.009999999776482582,0.029600000008940697
YGR034W,YPR055W,0,-1.2789273,0.032573290169239044,0.009999999776482582,0.02969999983906746
YPR184W,YNL044W,0,-1.2802997,0.03246753290295601,0.009999999776482582,0.02979999966919422
YJR060W,YNL194C,0,-1.2819353,0.03236246109008789,0.009999999776482582,0.029899999499320984
YMR257C,YLR441C,0,-1.2842137,0.032258063554763794,0.009999999776482582,0.029999999329447746
YGR251W,YGR224W,0,-1.2865751,0.03215434029698372,0.009999999776482582,0.03009999915957451
YNL176C,YKL006W,0,-1.2870324,0.03205128386616707,0.009999999776482582,0.03020000085234642
YCR031C,YKR103W,0,-1.2875632,0.03194888308644295,0.009999999776482582,0.030300000682473183
YJR092W,YLR061W,0,-1.2891493,0.03184713423252106,0.009999999776482582,0.030400000512599945
YJL190C,YJR092W,0,-1.2896821,0.0317460335791111,0.009999999776482582,0.030500000342726707
YDR436W,YDR492W,1,-1.2902231,0.03481012582778931,0.010999999940395355,0.030500000342726707
YIL052C,YJL206C,0,-1.2908957,0.034700315445661545,0.010999999940395355,0.03060000017285347
YOR317W,YHR156C,0,-1.2913027,0.034591194242239,0.010999999940395355,0.030700000002980232
YPR043W,YOR292C,0,-1.2931337,0.03448275849223137,0.010999999940395355,0.030799999833106995
YGR165W,YER062C,0,-1.2948155,0.03437500074505806,0.010999999940395355,0.030899999663233757
YJR054W,YPL220W,0,-1.2962474,0.034267913550138474,0.010999999940395355,0.03099999949336052
YNL006W,YHL017W,0,-1.2968277,0.034161489456892014,0.010999999940395355,0.031099999323487282
YPR080W,YFL025C,0,-1.2968732,0.03405572846531868,0.010999999940395355,0.031199999153614044
YBR026C,YOL069W,0,-1.2973208,0.03395061567425728,0.010999999940395355,0.031300000846385956
YMR143W,YCR020C,0,-1.2980579,0.03384615480899811,0.010999999940395355,0.03139999881386757
YHR171W,YCL068C,0,-1.2981728,0.033742330968379974,0.010999999940395355,0.03150000050663948
YER040W,YKR094C,0,-1.298923,0.03363914415240288,0.010999999940395355,0.031599998474121094
YER174C,YLR126C,1,-1.2990619,0.03658536449074745,0.012000000104308128,0.031599998474121094
YKL201C,YFL014W,0,-1.2993147,0.036474164575338364,0.012000000104308128,0.031700000166893005
YBR149W,YIR014W,0,-1.3008518,0.036363635212183,0.012000000104308128,0.03180000185966492
YOR317W,YJL025W,0,-1.3018699,0.03625377640128136,0.012000000104308128,0.03189999982714653
YDR134C,YGL141W,0,-1.3028481,0.03614457696676254,0.012000000104308128,0.03200000151991844
YPL056C,YBR030W,0,-1.3047807,0.036036036908626556,0.012000000104308128,0.032099999487400055
YJR103W,YCR072C,0,-1.3057439,0.0359281450510025,0.012000000104308128,0.03220000118017197
YOR246C,YFR019W,0,-1.3060663,0.035820893943309784,0.012000000104308128,0.03229999914765358
YDL136W,YHR033W,0,-1.3065403,0.0357142873108387,0.012000000104308128,0.03240000084042549
YBR031W,YBR001C,0,-1.3069506,0.035608310252428055,0.012000000104308128,0.032499998807907104
YDL017W,YOL052C-A,0,-1.3103566,0.03550295904278755,0.012000000104308128,0.032600000500679016
YIL079C,YHR179W,0,-1.3113801,0.03539822995662689,0.012000000104308128,0.03269999846816063
YDR109C,YIL148W,0,-1.311404,0.03529411926865578,0.012000000104308128,0.03280000016093254
YDL136W,YGL018C,0,-1.3133576,0.03519061580300331,0.012000000104308128,0.03290000185370445
YER007C-A,YMR315W,0,-1.3139057,0.035087719559669495,0.012000000104308128,0.032999999821186066
YOL040C,YDL206W,0,-1.3150185,0.03498542308807373,0.012000000104308128,0.03310000151395798
YEL041W,YDR213W,0,-1.3158219,0.03488372266292572,0.012000000104308128,0.03319999948143959
YNL107W,YPL131W,0,-1.3160932,0.03478260710835457,0.012000000104308128,0.0333000011742115
YLR142W,YLR088W,0,-1.3184355,0.034682080149650574,0.012000000104308128,0.033399999141693115
YLR385C,YDR222W,0,-1.3187131,0.03458213433623314,0.012000000104308128,0.03350000083446503
YER151C,YOR131C,0,-1.3190498,0.03448275849223137,0.012000000104308128,0.03359999880194664
YEL032W,YNL194C,0,-1.3197738,0.034383952617645264,0.012000000104308128,0.03370000049471855
YKL171W,YFL039C,0,-1.3199035,0.034285712987184525,0.012000000104308128,0.033799998462200165
YOR156C,YLR460C,0,-1.3204844,0.03418803587555885,0.012000000104308128,0.033900000154972076
YHR157W,YGL122C,0,-1.3208275,0.034090910106897354,0.012000000104308128,0.03400000184774399
YMR201C,YBR090C-A,0,-1.3209276,0.03399433568120003,0.012000000104308128,0.0340999998152256
YCR005C,YIR039C,0,-1.3211477,0.033898305147886276,0.012000000104308128,0.03420000150799751
YKL183W,YDL110C,0,-1.3215176,0.0338028185069561,0.012000000104308128,0.034299999475479126
YGL064C,YER108C,0,-1.3226986,0.033707864582538605,0.012000000104308128,0.03440000116825104
YBR010W,YML037C,0,-1.3238664,0.03361344709992409,0.012000000104308128,0.03449999913573265
YKL194C,YLR009W,0,-1.3245642,0.03351955488324165,0.012000000104308128,0.03460000082850456
YGL096W,YJR025C,0,-1.3245866,0.033426184207201004,0.012000000104308128,0.034699998795986176
YMR175W,YMR218C,0,-1.324612,0.03333333507180214,0.012000000104308128,0.03480000048875809
YFR015C,YBR023C,0,-1.32467,0.033240996301174164,0.012000000104308128,0.0348999984562397
YCR091W,YKR094C,0,-1.3247039,0.033149171620607376,0.012000000104308128,0.03500000014901161
YHR138C,YDR418W,0,-1.3248522,0.03305784985423088,0.012000000104308128,0.035100001841783524
YHR146W,YMR210W,0,-1.3265381,0.032967034727334976,0.012000000104308128,0.03519999980926514
YML087C,YIL053W,0,-1.3273473,0.03287671133875847,0.012000000104308128,0.03530000150203705
YNL164C,YGL189C,0,-1.3279213,0.032786883413791656,0.012000000104308128,0.03539999946951866
YDL084W,YPL121C,0,-1.3304092,0.03269754722714424,0.012000000104308128,0.03550000116229057
YJL214W,YGR086C,0,-1.3312907,0.032608695328235626,0.012000000104308128,0.035599999129772186
YNL026W,YMR175W,0,-1.331297,0.03252032399177551,0.012000000104308128,0.0357000008225441
YPR204W,YER040W,0,-1.3321087,0.0324324332177639,0.012000000104308128,0.03579999879002571
YCR021C,YIL009W,0,-1.3330395,0.032345011830329895,0.012000000104308128,0.03590000048279762
YPR114W,YDR363W-A,0,-1.3336513,0.032258063554763794,0.012000000104308128,0.035999998450279236
YGR088W,YLL014W,0,-1.3338642,0.032171580940485,0.012000000104308128,0.03610000014305115
YKL006W,YKR044W,0,-1.3346362,0.03208556026220322,0.012000000104308128,0.03620000183582306
YPL113C,YPL106C,0,-1.334695,0.03200000151991844,0.012000000104308128,0.03629999980330467
YGL123W,YKL140W,0,-1.3352178,0.03191489353775978,0.012000000104308128,0.036400001496076584
YNL026W,YNL066W,0,-1.337922,0.03183024004101753,0.012000000104308128,0.0364999994635582
YPL058C,YOL124C,0,-1.3380262,0.0317460335791111,0.012000000104308128,0.03660000115633011
YCR094W,YFL011W-A,0,-1.3382243,0.03166227042675018,0.012000000104308128,0.03669999912381172
YDL160C,YLL055W,0,-1.338359,0.031578946858644485,0.012000000104308128,0.03680000081658363
YLR194C,YBR055C,0,-1.3384302,0.031496062874794006,0.012000000104308128,0.03689999878406525
YPR144C,YDR056C,0,-1.338805,0.03141361102461815,0.012000000104308128,0.03700000047683716
YER168C,YNL181W,0,-1.3397725,0.03133159130811691,0.012000000104308128,0.03709999844431877
YBR182C,YDR222W,0,-1.3397768,0.03125,0.012000000104308128,0.03720000013709068
YJR027W,YDR075W,0,-1.3401644,0.031168831512331963,0.012000000104308128,0.037300001829862595
YMR122W-A,YER040W,0,-1.3405417,0.031088082119822502,0.012000000104308128,0.03739999979734421
YCL036W,YGR055W,0,-1.3405558,0.03100775182247162,0.012000000104308128,0.03750000149011612
YNL086W,YMR314W,0,-1.3413526,0.030927835032343864,0.012000000104308128,0.03759999945759773
YMR300C,YGR292W,0,-1.3415412,0.03084832988679409,0.012000000104308128,0.037700001150369644
YMR198W,YDR019C,0,-1.3416749,0.03076923079788685,0.012000000104308128,0.03779999911785126
YHR012W,YKR096W,0,-1.3428566,0.03069053776562214,0.012000000104308128,0.03790000081062317
YGL147C,YCR045C,0,-1.3448992,0.030612245202064514,0.012000000104308128,0.03799999877810478
YGR055W,YDR318W,0,-1.3456831,0.030534351244568825,0.012000000104308128,0.038100000470876694
YGR001C,YJL012C,0,-1.3478711,0.030456852167844772,0.012000000104308128,0.03819999843835831
YER063W,YFL018W-A,0,-1.3482943,0.030379746109247208,0.012000000104308128,0.03830000013113022
YDR492W,YHL047C,1,-1.3487067,0.032828282564878464,0.013000000268220901,0.03830000013113022
YHR020W,YNL161W,0,-1.3503885,0.032745592296123505,0.013000000268220901,0.03840000182390213
YAR015W,YLR411W,0,-1.3507307,0.032663315534591675,0.013000000268220901,0.03849999979138374
YER071C,YHR133C,0,-1.351136,0.032581452280282974,0.013000000268220901,0.038600001484155655
YHR020W,YGR003W,0,-1.3512716,0.032499998807907104,0.013000000268220901,0.03869999945163727
YLR312C-B,YAL059W,0,-1.3513563,0.03241895139217377,0.013000000268220901,0.03880000114440918
YAL060W,YNL308C,0,-1.3515303,0.03233831003308296,0.013000000268220901,0.03889999911189079
YJL158C,YHR185C,0,-1.3516243,0.032258063554763794,0.013000000268220901,0.039000000804662704
YDR197W,YNL162W,0,-1.3523412,0.03217821940779686,0.013000000268220901,0.03909999877214432
YNL240C,YGR027C,0,-1.3542414,0.032098766416311264,0.013000000268220901,0.03920000046491623
YDR018C,YLR228C,0,-1.3547893,0.03201970458030701,0.013000000268220901,0.03929999843239784
YHR157W,YBR080C,0,-1.3551916,0.03194103017449379,0.013000000268220901,0.039400000125169754
YHR214C-B,YML082W,0,-1.3554306,0.03186274692416191,0.013000000268220901,0.039500001817941666
YIR005W,YKL172W,0,-1.3554902,0.03178483992815018,0.013000000268220901,0.03959999978542328
YPR063C,YIL036W,0,-1.3556405,0.031707316637039185,0.013000000268220901,0.03970000147819519
YDR492W,YDR495C,1,-1.3557572,0.03406326100230217,0.014000000432133675,0.03970000147819519
YMR086W,YEL036C,0,-1.3561218,0.033980581909418106,0.014000000432133675,0.039799999445676804
YBL075C,YMR232W,0,-1.3563533,0.033898305147886276,0.014000000432133675,0.039900001138448715
YOR338W,YLR188W,0,-1.3572361,0.03381642326712608,0.014000000432133675,0.03999999910593033
YGL210W,YMR303C,0,-1.357312,0.033734939992427826,0.014000000432133675,0.04010000079870224
YOR177C,YNL208W,0,-1.3589504,0.03365384787321091,0.014000000432133675,0.04019999876618385
YKR095W-A,YIL124W,0,-1.3593235,0.03357314318418503,0.014000000432133675,0.040300000458955765
YMR229C,YIR036C,0,-1.3601267,0.03349282220005989,0.014000000432133675,0.04039999842643738
YKR094C,YDR534C,0,-1.3601975,0.03341288864612579,0.014000000432133675,0.04050000011920929
YDR309C,YBR054W,0,-1.3615613,0.03333333507180214,0.014000000432133675,0.0406000018119812
YPL183W-A,YML082W,0,-1.3616025,0.03325415775179863,0.014000000432133675,0.040699999779462814
YML027W,YAL068C,0,-1.3618748,0.033175356686115265,0.014000000432133675,0.040800001472234726
YMR122W-A,YPL104W,0,-1.3623677,0.033096928149461746,0.014000000432133675,0.04089999943971634
YDR248C,YNL078W,0,-1.3625817,0.033018868416547775,0.014000000432133675,0.04100000113248825
YGR272C,YAL048C,0,-1.3631518,0.03294117748737335,0.014000000432133675,0.041099999099969864
YGR235C,YMR229C,0,-1.3633907,0.03286384791135788,0.014000000432133675,0.041200000792741776
YMR114C,YAL021C,0,-1.3639603,0.032786883413791656,0.014000000432133675,0.04129999876022339
YLL001W,YNL194C,0,-1.3650002,0.032710280269384384,0.014000000432133675,0.0414000004529953
YBL091C-A,YHR202W,0,-1.3653996,0.032634031027555466,0.014000000432133675,0.04149999842047691
YER127W,YPR184W,0,-1.3655485,0.0325581394135952,0.014000000432133675,0.041600000113248825
YLR426W,YLR350W,0,-1.3661431,0.03248259797692299,0.014000000432133675,0.04170000180602074
YJL181W,YOR317W,0,-1.3661839,0.032407406717538834,0.014000000432133675,0.04179999977350235
YOL165C,YML037C,0,-1.3662153,0.032332561910152435,0.014000000432133675,0.04190000146627426
YDR018C,YHR021C,0,-1.36776,0.032258063554763794,0.014000000432133675,0.041999999433755875
YBR142W,YBR090C-A,0,-1.3679445,0.03218390792608261,0.014000000432133675,0.042100001126527786
YLR263W,YJL026W,0,-1.3683639,0.03211009129881859,0.014000000432133675,0.0421999990940094
YIL120W,YLR154W-C,0,-1.3687677,0.032036613672971725,0.014000000432133675,0.04230000078678131
YER070W,YJL071W,0,-1.3690367,0.031963471323251724,0.014000000432133675,0.042399998754262924
YJL190C,YFR003C,0,-1.369356,0.031890660524368286,0.014000000432133675,0.042500000447034836
YOR143C,YIL177C,0,-1.3696427,0.03181818127632141,0.014000000432133675,0.04259999841451645
YDL136W,YML054C,0,-1.3698065,0.0317460335791111,0.014000000432133675,0.04270000010728836
YHR033W,YOR187W,0,-1.3722414,0.031674209982156754,0.014000000432133675,0.04280000180006027
YDR511W,YCL026C-B,0,-1.3726683,0.031602710485458374,0.014000000432133675,0.042899999767541885
YPR184W,YJL060W,0,-1.3727952,0.03153153136372566,0.014000000432133675,0.0430000014603138
YEL054C,YNR002C,0,-1.373843,0.03146067261695862,0.014000000432133675,0.04309999942779541
YKL009W,YBL100W-B,0,-1.3754003,0.03139013424515724,0.014000000432133675,0.04320000112056732
YHR210C,YAL023C,0,-1.3762369,0.031319908797740936,0.014000000432133675,0.043299999088048935
YDR403W,YPL056C,0,-1.3763459,0.03125,0.014000000432133675,0.04340000078082085
YMR290C,YDL215C,0,-1.3766823,0.031180400401353836,0.014000000432133675,0.04349999874830246
YOL157C,YFR019W,0,-1.3767585,0.031111111864447594,0.014000000432133675,0.04360000044107437
YLR414C,YDL051W,0,-1.3774511,0.031042128801345825,0.014000000432133675,0.043699998408555984
YOR027W,YBL100W-B,0,-1.3776054,0.03097345121204853,0.014000000432133675,0.043800000101327896
YEL012W,YPR096C,0,-1.378845,0.03090507723391056,0.014000000432133675,0.04390000179409981
YDR273W,YDR381W,0,-1.3790183,0.030837005004286766,0.014000000432133675,0.04399999976158142
YJL066C,YFL037W,0,-1.3795787,0.03076923079788685,0.014000000432133675,0.04410000145435333
YDR299W,YIL123W,0,-1.3811207,0.030701754614710808,0.014000000432133675,0.044199999421834946
YBL005W-B,YLR373C,0,-1.3813828,0.030634572729468346,0.014000000432133675,0.04430000111460686
YBR282W,YER138C,0,-1.3818185,0.030567685142159462,0.014000000432133675,0.04439999908208847
YHR153C,YOR369C,0,-1.3828915,0.030501089990139008,0.014000000432133675,0.04450000077486038
YLR073C,YER140W,0,-1.3832673,0.030434781685471535,0.014000000432133675,0.044599998742341995
YDR464W,YER108C,0,-1.3833057,0.030368763953447342,0.014000000432133675,0.04470000043511391
YDR146C,YPL123C,0,-1.3841376,0.03030303120613098,0.014000000432133675,0.04479999840259552
YNL010W,YPL122C,0,-1.3841728,0.030237581580877304,0.014000000432133675,0.04490000009536743
YOR207C,YGL010W,0,-1.3842442,0.03017241321504116,0.014000000432133675,0.04500000178813934
YAR035W,YDR087C,0,-1.3849308,0.03010752610862255,0.014000000432133675,0.045099999755620956
YDR415C,YOR391C,0,-1.3849378,0.030042918398976326,0.014000000432133675,0.04520000144839287
YBR066C,YPR028W,0,-1.3851261,0.029978586360812187,0.014000000432133675,0.04529999941587448
YMR087W,YBR058C-A,0,-1.3852136,0.029914529994130135,0.014000000432133675,0.04540000110864639
YNR060W,YLR157C,0,-1.3860824,0.02985074557363987,0.014000000432133675,0.045499999076128006
YJL112W,YCL068C,0,-1.3866864,0.029787234961986542,0.014000000432133675,0.04560000076889992
YER115C,YLR391W,0,-1.386876,0.029723990708589554,0.014000000432133675,0.04569999873638153
YGR246C,YPR160W,0,-1.3869553,0.029661016538739204,0.014000000432133675,0.04580000042915344
YGL010W,YOR327C,0,-1.3874797,0.029598308727145195,0.014000000432133675,0.045899998396635056
YNL190W,YNL107W,0,-1.3877363,0.029535865411162376,0.014000000432133675,0.04600000008940697
YOR096W,YPR081C,0,-1.388866,0.0294736847281456,0.014000000432133675,0.04610000178217888
YDL206W,YMR217W,0,-1.389235,0.029411764815449715,0.014000000432133675,0.04619999974966049
YGR076C,YLR154W-C,0,-1.3893769,0.029350105673074722,0.014000000432133675,0.046300001442432404
YDL216C,YKR075C,0,-1.3896606,0.029288703575730324,0.014000000432133675,0.04639999940991402
YKR006C,YPL068C,0,-1.3922232,0.02922755666077137,0.014000000432133675,0.04650000110268593
YLR312C-B,YML129C,0,-1.3929834,0.02916666679084301,0.014000000432133675,0.04659999907016754
YFL026W,YLR006C,0,-1.3935186,0.029106028378009796,0.014000000432133675,0.04670000076293945
YLR270W,YKR057W,0,-1.3936741,0.029045643284916878,0.014000000432133675,0.046799998730421066
YHR193C,YCR081W,0,-1.3944376,0.028985507786273956,0.014000000432133675,0.04690000042319298
YKL200C,YOR138C,0,-1.3950379,0.028925620019435883,0.014000000432133675,0.04699999839067459
YDR492W,YDR098C,1,-1.396111,0.030927835032343864,0.014999999664723873,0.04699999839067459
YCL044C,YNR021W,0,-1.3962334,0.03086419776082039,0.014999999664723873,0.0471000000834465
YJR120W,YPL157W,0,-1.3962522,0.030800821259617805,0.014999999664723873,0.047200001776218414
YGR225W,YLR333C,0,-1.3967359,0.030737705528736115,0.014999999664723873,0.04729999974370003
YOR228C,YDR481C,0,-1.3969718,0.030674846842885017,0.014999999664723873,0.04740000143647194
YOR250C,YIL017W,0,-1.3973765,0.030612245202064514,0.014999999664723873,0.04749999940395355
YIL155C,YOR099W,0,-1.3980514,0.030549898743629456,0.014999999664723873,0.047600001096725464
YOR174W,YFL035C-B,0,-1.3985908,0.030487805604934692,0.014999999664723873,0.04769999906420708
YDR273W,YDR325W,0,-1.3991249,0.030425963923335075,0.014999999664723873,0.04780000075697899
YPL011C,YLR460C,0,-1.3993301,0.030364371836185455,0.014999999664723873,0.0478999987244606
YMR268W-A,YPL083C,0,-1.3994697,0.03030303120613098,0.014999999664723873,0.04800000041723251
YMR303C,YDR196C,0,-1.3995485,0.030241934582591057,0.014999999664723873,0.04809999838471413
YKR059W,YDR478W,0,-1.3996375,0.03018108569085598,0.014999999664723873,0.04820000007748604
YER050C,YNR018W,0,-1.3996502,0.0301204826682806,0.014999999664723873,0.04830000177025795
YDR253C,YDR545W,0,-1.4011887,0.030060119926929474,0.014999999664723873,0.04839999973773956
YFL018W-A,YDR460W,0,-1.4015133,0.029999999329447746,0.014999999664723873,0.048500001430511475
YGL027C,YOR240W,0,-1.4015675,0.02994011901319027,0.014999999664723873,0.04859999939799309
YCL043C,YBR183W,0,-1.4019226,0.029880478978157043,0.014999999664723873,0.048700001090765
YOR226C,YLR126C,1,-1.4019309,0.03180914372205734,0.01600000075995922,0.048700001090765
YIL043C,YPR011C,0,-1.4020329,0.0317460335791111,0.01600000075995922,0.04879999905824661
YBL005W-B,YPR166C,0,-1.4022825,0.031683169305324554,0.01600000075995922,0.048900000751018524
YHR202W,YFL029C,0,-1.4024373,0.03162055462598801,0.01600000075995922,0.04899999871850014
YKL140W,YCR045C,0,-1.4025688,0.03155818581581116,0.01600000075995922,0.04910000041127205
YAR031W,YNL122C,0,-1.4038332,0.031496062874794006,0.01600000075995922,0.04919999837875366
YOR292C,YDR326C,0,-1.4039738,0.031434185802936554,0.01600000075995922,0.049300000071525574
YBL056W,YOR240W,0,-1.4043065,0.0313725508749485,0.01600000075995922,0.049400001764297485
YOR226C,YHR039C-B,1,-1.4045494,0.03326810151338577,0.017000000923871994,0.049400001764297485
YLR278C,YLR333C,0,-1.4055429,0.033203125,0.017000000923871994,0.0494999997317791
YHR033W,YBR065C,0,-1.4056036,0.03313840180635452,0.017000000923871994,0.04960000142455101
YMR194W,YFL002W-A,0,-1.4059255,0.03307392820715904,0.017000000923871994,0.04969999939203262
YAR009C,YGL205W,0,-1.4064584,0.03300970792770386,0.017000000923871994,0.049800001084804535
YDR437W,YCR058C,0,-1.4064871,0.03294573724269867,0.017000000923871994,0.04989999905228615
YDR018C,YBL058W,0,-1.4065726,0.03288201242685318,0.017000000923871994,0.05000000074505806
YGL027C,YBR214W,0,-1.4067276,0.03281853348016739,0.017000000923871994,0.05009999871253967
YLR244C,YBR128C,0,-1.4069102,0.032755300402641296,0.017000000923871994,0.050200000405311584
YCR012W,YGL196W,0,-1.4069238,0.032692309468984604,0.017000000923871994,0.0502999983727932
YKL013C,YLR154W-C,0,-1.4069833,0.03262955695390701,0.017000000923871994,0.05040000006556511
YDL130W-A,YKL011C,0,-1.4070518,0.03256705030798912,0.017000000923871994,0.05050000175833702
YHR039C-B,YOR079C,1,-1.4071991,0.03441682457923889,0.017999999225139618,0.05050000175833702
YHR119W,YOR285W,0,-1.407449,0.03435114398598671,0.017999999225139618,0.050599999725818634
YER130C,YLR441C,0,-1.4075253,0.034285712987184525,0.017999999225139618,0.050700001418590546
YDR393W,YER053C,0,-1.4078274,0.034220531582832336,0.017999999225139618,0.05079999938607216
YDR210W-B,YMR203W,0,-1.4079624,0.03415559604763985,0.017999999225139618,0.05090000107884407
YNL304W,YMR205C,0,-1.4083548,0.034090910106897354,0.017999999225139618,0.050999999046325684
YBL054W,YHL026C,0,-1.4087923,0.03402646631002426,0.017999999225139618,0.051100000739097595
YER007C-A,YPR026W,0,-1.4094572,0.03396226465702057,0.017999999225139618,0.05119999870657921
YFL023W,YKR069W,0,-1.4103577,0.033898305147886276,0.017999999225139618,0.05130000039935112
YER033C,YGL028C,0,-1.4110883,0.033834587782621384,0.017999999225139618,0.05139999836683273
YER137C,YJL026W,0,-1.4119871,0.033771105110645294,0.017999999225139618,0.051500000059604645
YMR221C,YIR002C,0,-1.4120723,0.033707864582538605,0.017999999225139618,0.051600001752376556
YMR242C,YDR316W-B,0,-1.4125202,0.03364485874772072,0.017999999225139618,0.05169999971985817
YCL057C-A,YMR184W,0,-1.4131339,0.033582091331481934,0.017999999225139618,0.05180000141263008
YHR039C-B,YDR065W,1,-1.4150536,0.0353817492723465,0.01899999938905239,0.05180000141263008
YDR231C,YGR272C,0,-1.4156486,0.03531598672270775,0.01899999938905239,0.051899999380111694
YOR206W,YNL063W,0,-1.416206,0.0352504625916481,0.01899999938905239,0.052000001072883606
YAR015W,YNR071C,0,-1.416321,0.035185184329748154,0.01899999938905239,0.05209999904036522
YIL173W,YBR054W,0,-1.4164855,0.035120148211717606,0.01899999938905239,0.05220000073313713
YDR196C,YPL193W,0,-1.4165862,0.03505535051226616,0.01899999938905239,0.052299998700618744
YOR338W,YHL031C,0,-1.4166937,0.034990791231393814,0.01899999938905239,0.052400000393390656
YLR176C,YGL253W,0,-1.4167368,0.03492647036910057,0.01899999938905239,0.05249999836087227
YKR096W,YDR296W,0,-1.417529,0.03486238420009613,0.01899999938905239,0.05260000005364418
YLR023C,YLR126C,1,-1.4178767,0.03663003817200661,0.019999999552965164,0.05260000005364418
YFL066C,YHR147C,0,-1.4186628,0.036563072353601456,0.019999999552965164,0.05270000174641609
YLR194C,YGL163C,0,-1.4187776,0.036496348679065704,0.019999999552965164,0.052799999713897705
YDR252W,YIL079C,0,-1.41905,0.03642987087368965,0.019999999552965164,0.05290000140666962
YNL086W,YPR167C,0,-1.419229,0.036363635212183,0.019999999552965164,0.05299999937415123
YOL002C,YDR065W,1,-1.4192485,0.038112521171569824,0.020999999716877937,0.05299999937415123
YDL229W,YIL080W,0,-1.4193995,0.03804347664117813,0.020999999716877937,0.05310000106692314
YLR194C,YFL044C,0,-1.4194713,0.037974681705236435,0.020999999716877937,0.053199999034404755
YDL006W,YKL077W,0,-1.4197557,0.037906136363744736,0.020999999716877937,0.053300000727176666
YOR192C-B,YPR133W-A,0,-1.4202332,0.037837836891412735,0.020999999716877937,0.05339999869465828
YMR074C,YGL186C,0,-1.4202659,0.03776978328824043,0.020999999716877937,0.05350000038743019
YKL171W,YPL075W,0,-1.4204156,0.03770197555422783,0.020999999716877937,0.053599998354911804
YFL041W,YLR227W-B,0,-1.4206423,0.037634409964084625,0.020999999716877937,0.053700000047683716
YPL018W,YNL284C-B,0,-1.4207591,0.03756708279252052,0.020999999716877937,0.05380000174045563
YPR158W-B,YLR239C,0,-1.4214604,0.03750000149011612,0.020999999716877937,0.05389999970793724
YHR154W,YCR058C,0,-1.4216269,0.03743315488100052,0.020999999716877937,0.05400000140070915
YIR017C,YOR045W,0,-1.4216303,0.03736654669046402,0.020999999716877937,0.054099999368190765
YBR048W,YNL284C-B,0,-1.4219862,0.03730017691850662,0.020999999716877937,0.05420000106096268
YGL105W,YBL074C,0,-1.4221005,0.03723404183983803,0.020999999716877937,0.05429999902844429
YKL032C,YGR012W,0,-1.4221467,0.03716814145445824,0.020999999716877937,0.0544000007212162
YGL078C,YPL123C,0,-1.4227889,0.03710247203707695,0.020999999716877937,0.054499998688697815
YBL075C,YKL097W-A,0,-1.4232094,0.03703703731298447,0.020999999716877937,0.05460000038146973
YER140W,YHR035W,0,-1.423322,0.03697182983160019,0.020999999716877937,0.05469999834895134
YJR083C,YBR162C,0,-1.4237196,0.036906853318214417,0.020999999716877937,0.05480000004172325
YKL108W,YPR114W,0,-1.4241722,0.03684210404753685,0.020999999716877937,0.05490000173449516
YBL068W,YLR227W-B,0,-1.4242066,0.03677758201956749,0.020999999716877937,0.054999999701976776
YOR285W,YJL024C,0,-1.4244535,0.036713287234306335,0.020999999716877937,0.05510000139474869
YCR040W,YOR338W,0,-1.4246749,0.03664921596646309,0.020999999716877937,0.0551999993622303
YPL220W,YOR343W-A,0,-1.4250832,0.03658536449074745,0.020999999716877937,0.05530000105500221
YCL059C,YFL002W-B,0,-1.4251416,0.03652174025774002,0.020999999716877937,0.055399999022483826
YDR420W,YNL208W,0,-1.4256173,0.0364583320915699,0.020999999716877937,0.05550000071525574
YLR460C,YHR073W,0,-1.4264551,0.03639514744281769,0.020999999716877937,0.05559999868273735
YGL227W,YCL068C,0,-1.4271336,0.036332178860902786,0.020999999716877937,0.05570000037550926
YPL271W,YOL103W-A,0,-1.4271867,0.036269430071115494,0.020999999716877937,0.055799998342990875
YOR262W,YFL002W-A,0,-1.4272836,0.03620689734816551,0.020999999716877937,0.05590000003576279
YDR533C,YDR439W,0,-1.4276793,0.03614457696676254,0.020999999716877937,0.0560000017285347
YLL002W,YGL010W,0,-1.4282908,0.036082472652196884,0.020999999716877937,0.05609999969601631
YPR156C,YDR018C,0,-1.4284718,0.036020584404468536,0.020999999716877937,0.05620000138878822
YMR122W-A,YDL059C,0,-1.4285399,0.0359589047729969,0.020999999716877937,0.056299999356269836
YMR122W-A,YMR005W,0,-1.4290909,0.03589743748307228,0.020999999716877937,0.05640000104904175
YHR035W,YFR053C,0,-1.4293122,0.03583617880940437,0.020999999716877937,0.05649999901652336
YKL001C,YML043C,0,-1.4299006,0.03577512875199318,0.020999999716877937,0.05660000070929527
YDR137W,YGR109W-B,0,-1.4301083,0.0357142873108387,0.020999999716877937,0.056699998676776886
YLR312C-B,YBR195C,0,-1.4306433,0.035653650760650635,0.020999999716877937,0.0568000003695488
YGL225W,YOR131C,0,-1.4313755,0.035593219101428986,0.020999999716877937,0.05689999833703041
YDL144C,YDR228C,0,-1.4313904,0.03553299605846405,0.020999999716877937,0.05700000002980232
YLR035C-A,YBL103C,0,-1.4314222,0.03547297418117523,0.020999999716877937,0.057100001722574234
YGR109W-B,YGL087C,0,-1.4315107,0.03541315346956253,0.020999999716877937,0.05719999969005585
YKL178C,YDR347W,0,-1.4316483,0.035353533923625946,0.020999999716877937,0.05730000138282776
YKL103C,YNR057C,0,-1.4316936,0.03529411926865578,0.020999999716877937,0.05739999935030937
YDR406W,YDR165W,0,-1.4319773,0.03523489832878113,0.020999999716877937,0.057500001043081284
YKL158W,YMR041C,0,-1.4326998,0.035175878554582596,0.020999999716877937,0.0575999990105629
YMR122W-A,YLR214W,0,-1.4329894,0.03511705622076988,0.020999999716877937,0.05770000070333481
YPR158C-D,YOR222W,0,-1.4333806,0.03505843132734299,0.020999999716877937,0.05779999867081642
YER041W,YIL119C,0,-1.434055,0.03500000014901161,0.020999999716877937,0.05790000036358833
YML132W,YHR039C-B,1,-1.4348238,0.036605656147003174,0.02199999988079071,0.05790000036358833
YDR034C-C,YIL018W,0,-1.4349873,0.03654485195875168,0.02199999988079071,0.057999998331069946
YOR228C,YFR006W,0,-1.4352119,0.036484245210886,0.02199999988079071,0.05810000002384186
YDR210W-B,YER041W,0,-1.4363898,0.03642383962869644,0.02199999988079071,0.05820000171661377
YNL259C,YOR267C,1,-1.4364219,0.03801652789115906,0.023000000044703484,0.05820000171661377
YIR014W,YBL075C,0,-1.4365469,0.03795379400253296,0.023000000044703484,0.05829999968409538
YIL136W,YFL017W-A,0,-1.4366045,0.037891268730163574,0.023000000044703484,0.058400001376867294
YOL103W-A,YNL156C,0,-1.4368572,0.037828948348760605,0.023000000044703484,0.05849999934434891
YER147C,YFL011W-A,0,-1.4368664,0.03776682913303375,0.023000000044703484,0.05860000103712082
YBL005W-B,YLR193C,0,-1.4370584,0.037704918533563614,0.023000000044703484,0.05869999900460243
YGL051W,YDL124W,0,-1.4375002,0.03764320909976959,0.023000000044703484,0.058800000697374344
YCR096C,YML045W,0,-1.4375689,0.03758170083165169,0.023000000044703484,0.05889999866485596
YNL248C,YNL325C,0,-1.437915,0.0375203900039196,0.023000000044703484,0.05900000035762787
YDL021W,YDL038C,0,-1.4381404,0.03745928406715393,0.023000000044703484,0.05909999832510948
YKR077W,YCL057C-A,0,-1.4383199,0.03739837557077408,0.023000000044703484,0.05920000001788139
YJL157C,YPL033C,0,-1.4383434,0.037337660789489746,0.023000000044703484,0.059300001710653305
YBR145W,YIL170W,0,-1.4383894,0.03727714717388153,0.023000000044703484,0.05939999967813492
YGR272C,YPL019C,0,-1.4388666,0.037216827273368835,0.023000000044703484,0.05950000137090683
YBL112C,YDL209C,0,-1.4392923,0.03715670481324196,0.023000000044703484,0.05959999933838844
YDR204W,YGL014W,0,-1.4396242,0.0370967723429203,0.023000000044703484,0.059700001031160355
YDR436W,YHR039C-B,1,-1.4402643,0.03864734247326851,0.024000000208616257,0.059700001031160355
YER167W,YLR391W,0,-1.4403377,0.03858520835638046,0.024000000208616257,0.05979999899864197
YBL022C,YER179W,0,-1.4405073,0.03852327540516853,0.024000000208616257,0.05990000069141388
YPR149W,YLR391W,0,-1.4406822,0.03846153989434242,0.024000000208616257,0.05999999865889549
YDR367W,YOR019W,0,-1.4406993,0.03840000182390213,0.024000000208616257,0.060100000351667404
YOR192C-B,YOR271C,0,-1.4407139,0.03833865746855736,0.024000000208616257,0.06019999831914902
YML133C,YPL002C,0,-1.4412649,0.038277510553598404,0.024000000208616257,0.06030000001192093
YGR109W-B,YDL101C,0,-1.4414734,0.03821656107902527,0.024000000208616257,0.06040000170469284
YBR031W,YDR217C,0,-1.4419885,0.038155801594257355,0.024000000208616257,0.060499999672174454
YNR053C,YPR182W,0,-1.4421322,0.03809523954987526,0.024000000208616257,0.060600001364946365
YDR492W,YOR226C,1,-1.4426085,0.039619650691747665,0.02500000037252903,0.060600001364946365
YLL017W,YMR297W,0,-1.442826,0.03955696150660515,0.02500000037252903,0.06069999933242798
YCL057C-A,YAR033W,0,-1.4429896,0.03949446976184845,0.02500000037252903,0.06080000102519989
YGR031C-A,YKR035W-A,0,-1.4430614,0.03943217545747757,0.02500000037252903,0.0608999989926815
YNL246W,YHL044W,0,-1.443405,0.03937007859349251,0.02500000037252903,0.061000000685453415
YAR031W,YPL056C,0,-1.443434,0.039308175444602966,0.02500000037252903,0.06109999865293503
YBR042C,YPR011C,0,-1.4438779,0.039246466010808945,0.02500000037252903,0.06120000034570694
YKL140W,YNL010W,0,-1.4439559,0.03918495401740074,0.02500000037252903,0.06129999831318855
YMR213W,YKL200C,0,-1.4440761,0.03912363201379776,0.02500000037252903,0.061400000005960464
YDR261C-D,YML056C,0,-1.4446871,0.0390625,0.02500000037252903,0.061500001698732376
YOR182C,YDR416W,0,-1.4447987,0.03900156170129776,0.02500000037252903,0.06159999966621399
YIL080W,YDR545W,0,-1.4448589,0.03894080966711044,0.02500000037252903,0.0617000013589859
YKR096W,YDR067C,0,-1.4453416,0.03888024762272835,0.02500000037252903,0.061799999326467514
YJL013C,YPL056C,0,-1.445372,0.038819875568151474,0.02500000037252903,0.061900001019239426
YKR096W,YCR105W,0,-1.4456496,0.03875968977808952,0.02500000037252903,0.06199999898672104
YLR278C,YMR122W-A,0,-1.4457202,0.038699690252542496,0.02500000037252903,0.06210000067949295
YIL128W,YNL208W,0,-1.4457455,0.03863987699151039,0.02500000037252903,0.062199998646974564
YDR464W,YGR235C,0,-1.4460661,0.03858024626970291,0.02500000037252903,0.062300000339746475
YBL064C,YPR168W,0,-1.4463904,0.038520801812410355,0.02500000037252903,0.06239999830722809
YMR230W,YPL257W-A,0,-1.4464401,0.03846153989434242,0.02500000037252903,0.0625
YBR112C,YOL103W-A,0,-1.4466447,0.038402456790208817,0.02500000037252903,0.06260000169277191
YJL190C,YER109C,0,-1.4469113,0.038343559950590134,0.02500000037252903,0.06270000338554382
YBR012W-B,YIL132C,0,-1.4470193,0.03828483819961548,0.02500000037252903,0.06279999762773514
YGL128C,YJL012C-A,0,-1.4470887,0.03822629898786545,0.02500000037252903,0.06289999932050705
YEL050C,YOR142W-A,0,-1.4475212,0.038167938590049744,0.02500000037252903,0.06300000101327896
YNL284C-B,YGR081C,0,-1.4478718,0.038109757006168365,0.02500000037252903,0.06310000270605087
YCL003W,YIR015W,0,-1.4479222,0.038051750510931015,0.02500000037252903,0.06319999694824219
YNL050C,YLL045C,0,-1.4479495,0.03799392282962799,0.02500000037252903,0.0632999986410141
YBR012W-B,YBR112C,0,-1.4480078,0.037936266511678696,0.02500000037252903,0.06340000033378601
YDR261W-A,YHL024W,0,-1.4483683,0.03787878900766373,0.02500000037252903,0.06350000202655792
YJL102W,YBL068W,0,-1.4484653,0.03782148286700249,0.02500000037252903,0.06360000371932983
YGR223C,YNL146W,0,-1.4484761,0.037764351814985275,0.02500000037252903,0.06369999796152115
YGR185C,YNL284C-B,0,-1.4486313,0.03770739212632179,0.02500000037252903,0.06379999965429306
YGR109W-B,YBR123C,0,-1.4486313,0.03765060380101204,0.02500000037252903,0.06390000134706497
YJL153C,YNR048W,0,-1.4488037,0.03759398311376572,0.02500000037252903,0.06400000303983688
YAL039C,YLR337W,0,-1.4488313,0.03753753751516342,0.02500000037252903,0.0640999972820282
YJR098C,YBR067C,0,-1.4488382,0.03748125955462456,0.02500000037252903,0.06419999897480011
YFL017W-A,YOR389W,0,-1.449017,0.037425149232149124,0.02500000037252903,0.06430000066757202
YDL146W,YOL103W-B,0,-1.4490696,0.03736920654773712,0.02500000037252903,0.06440000236034393
YPL021W,YBL087C,0,-1.4490874,0.03731343150138855,0.02500000037252903,0.06449999660253525
YOR018W,YJR027W,0,-1.4492874,0.03725782409310341,0.02500000037252903,0.06459999829530716
YLR227W-A,YMR273C,0,-1.4498,0.0372023805975914,0.02500000037252903,0.06469999998807907
YJR119C,YDR098C-A,0,-1.4501214,0.037147101014852524,0.02500000037252903,0.06480000168085098
YDR210C-C,YPR198W,0,-1.4502382,0.03709198907017708,0.02500000037252903,0.0649000033736229
YPL074W,YDR134C,0,-1.4507308,0.03703703731298447,0.02500000037252903,0.06499999761581421
YOR063W,YHR171W,0,-1.450876,0.03698224946856499,0.02500000037252903,0.06509999930858612
YDR121W,YPL257W-A,0,-1.4510856,0.03692762181162834,0.02500000037252903,0.06520000100135803
YLR348C,YOL103W-A,0,-1.4514946,0.03687315806746483,0.02500000037252903,0.06530000269412994
YER048W-A,YGR283C,0,-1.4517404,0.03681885078549385,0.02500000037252903,0.06539999693632126
YHR064C,YJL089W,0,-1.451778,0.036764707416296005,0.02500000037252903,0.06549999862909317
YFR021W,YML081W,0,-1.4527762,0.036710720509290695,0.02500000037252903,0.06560000032186508
YBL005W-B,YLR044C,0,-1.4528351,0.03665689006447792,0.02500000037252903,0.065700002014637
YAL025C,YGR161C-D,0,-1.4531307,0.03660321980714798,0.02500000037252903,0.0658000037074089
YPR096C,YOL112W,0,-1.4533691,0.036549706012010574,0.02500000037252903,0.06589999794960022
YFL035C-B,YDL247W,0,-1.4537501,0.036496348679065704,0.02500000037252903,0.06599999964237213
YNR047W,YJR150C,0,-1.4539254,0.03644314780831337,0.02500000037252903,0.06610000133514404
YNL278W,YHL015W,0,-1.4540524,0.03639010339975357,0.02500000037252903,0.06620000302791595
YNL136W,YHL026C,0,-1.454391,0.03633720800280571,0.02500000037252903,0.06629999727010727
YFL002W-A,YPL036W,0,-1.454535,0.036284469068050385,0.02500000037252903,0.06639999896287918
YNL015W,YCL047C,0,-1.4545853,0.036231882870197296,0.02500000037252903,0.06650000065565109
YDR404C,YGR161W-B,0,-1.4545915,0.036179449409246445,0.02500000037252903,0.066600002348423
YER174C,YDR492W,1,-1.4545925,0.03757225349545479,0.026000000536441803,0.066600002348423
YCL060C,YAR015W,0,-1.4546372,0.03751803934574127,0.026000000536441803,0.06669999659061432
YNL119W,YMR050C,0,-1.4557123,0.03746397793292999,0.026000000536441803,0.06679999828338623
YPL031C,YPL231W,0,-1.4558828,0.03741007298231125,0.026000000536441803,0.06689999997615814
YCR012W,YDR090C,0,-1.4559581,0.03735632076859474,0.026000000536441803,0.06700000166893005
YGR271W,YNL010W,0,-1.4559646,0.03730272501707077,0.026000000536441803,0.06710000336170197
YDR304C,YIL171W,0,-1.4561381,0.037249282002449036,0.026000000536441803,0.06719999760389328
YER137C-A,YKL218C,0,-1.4562569,0.037195995450019836,0.026000000536441803,0.06729999929666519
YOR142W,YER137C-A,0,-1.456286,0.037142857909202576,0.026000000536441803,0.0674000009894371
YGL243W,YLR227W-B,0,-1.4564321,0.03708987310528755,0.026000000536441803,0.06750000268220901
YPR158C-D,YIR002C,0,-1.4565783,0.03703703731298447,0.026000000536441803,0.06759999692440033
YIL098C,YOR192C-B,0,-1.4565783,0.03698435425758362,0.026000000536441803,0.06769999861717224
YER130C,YPR158C-C,0,-1.4566073,0.03693181648850441,0.026000000536441803,0.06780000030994415
YBR012W-A,YDR457W,0,-1.4566154,0.03687943145632744,0.026000000536441803,0.06790000200271606
YLL029W,YCR087C-A,0,-1.4572008,0.036827195435762405,0.026000000536441803,0.06800000369548798
YMR292W,YPL068C,0,-1.4577006,0.03677510470151901,0.026000000536441803,0.06809999793767929
YDR210C-C,YDR236C,0,-1.4577469,0.03672316297888756,0.026000000536441803,0.0681999996304512
YGR251W,YBR248C,0,-1.4577476,0.036671366542577744,0.026000000536441803,0.06830000132322311
YGR161W-A,YNL218W,0,-1.4578929,0.03661971911787987,0.026000000536441803,0.06840000301599503
YDL046W,YCL068C,0,-1.458034,0.03656821325421333,0.026000000536441803,0.06849999725818634
YPR120C,YOL053C-A,0,-1.4580722,0.03651685267686844,0.026000000536441803,0.06859999895095825
YCL029C,YFL002W-A,0,-1.4581481,0.036465637385845184,0.026000000536441803,0.06870000064373016
YIL135C,YCR058C,0,-1.4582316,0.03641456738114357,0.026000000536441803,0.06880000233650208
YML027W,YLR384C,0,-1.458442,0.036363635212183,0.026000000536441803,0.06889999657869339
YHR207C,YER184C,0,-1.4586332,0.03631284832954407,0.026000000536441803,0.0689999982714653
YGL061C,YCR097WB,0,-1.4588766,0.03626220300793648,0.026000000536441803,0.06909999996423721
YJL214W,YNL160W,0,-1.4588853,0.03621169924736023,0.026000000536441803,0.06920000165700912
YDR229W,YPL257W-B,0,-1.4590031,0.03616133704781532,0.026000000536441803,0.06930000334978104
YDR496C,YGR161W-B,0,-1.4593537,0.03611111268401146,0.026000000536441803,0.06939999759197235
YBR272C,YGR027W-B,0,-1.4594414,0.03606102615594864,0.026000000536441803,0.06949999928474426
YDR531W,YAL060W,0,-1.4594746,0.03601108118891716,0.026000000536441803,0.06960000097751617
YMR169C,YLR300W,0,-1.4598047,0.035961274057626724,0.026000000536441803,0.06970000267028809
YKL088W,YNL138W-A,0,-1.4598753,0.03591160103678703,0.026000000536441803,0.0697999969124794
YJR082C,YDL038C,0,-1.4600145,0.035862069576978683,0.026000000536441803,0.06989999860525131
YER159C-A,YOR080W,0,-1.4600257,0.03581267222762108,0.026000000536441803,0.07000000029802322
YOL084W,YDL030W,0,-1.4603673,0.03576341271400452,0.026000000536441803,0.07010000199079514
YJL181W,YGL127C,0,-1.4604254,0.0357142873108387,0.026000000536441803,0.07020000368356705
YNR074C,YHL017W,0,-1.4605907,0.03566529601812363,0.026000000536441803,0.07029999792575836
YOL126C,YML096W,0,-1.4606128,0.0356164388358593,0.026000000536441803,0.07039999961853027
YGL135W,YIL108W,0,-1.4606957,0.035567715764045715,0.026000000536441803,0.07050000131130219
YDR219C,YHR210C,0,-1.46071,0.03551912680268288,0.026000000536441803,0.0706000030040741
YDR034C-C,YGL063W,0,-1.4608438,0.035470668226480484,0.026000000536441803,0.07069999724626541
YHL038C,YFL002W-A,0,-1.4608538,0.035422343760728836,0.026000000536441803,0.07079999893903732
YCL060C,YDR046C,0,-1.460959,0.035374149680137634,0.026000000536441803,0.07090000063180923
YLR410W-A,YBL008W,0,-1.4609606,0.03532608598470688,0.026000000536441803,0.07100000232458115
YJR147W,YPR143W,0,-1.4610388,0.03527815639972687,0.026000000536441803,0.07109999656677246
YLR256W-A,YLL018C,0,-1.4614573,0.035230353474617004,0.026000000536441803,0.07119999825954437
YJL157C,YOR343W-A,0,-1.4614866,0.03518268093466759,0.026000000536441803,0.07129999995231628
YDR118W,YNL208W,0,-1.4619101,0.03513513505458832,0.026000000536441803,0.0714000016450882
YHR039C-B,YDR515W,1,-1.4620302,0.036437246948480606,0.027000000700354576,0.0714000016450882
YOL103W-A,YDR363W-A,0,-1.4621292,0.03638814017176628,0.027000000700354576,0.07150000333786011
YLR011W,YER137C-A,0,-1.4622462,0.0363391637802124,0.027000000700354576,0.07159999758005142
YNR027W,YPR137C-B,0,-1.4627427,0.03629032149910927,0.027000000700354576,0.07169999927282333
YKR095W,YPR137C-B,0,-1.462889,0.03624160960316658,0.027000000700354576,0.07180000096559525
YJR027W,YOR359W,0,-1.462966,0.03619302809238434,0.027000000700354576,0.07190000265836716
YBR034C,YGL053W,0,-1.4630005,0.03614457696676254,0.027000000700354576,0.07199999690055847
YAL003W,YFL002W-A,0,-1.4630586,0.03609625622630119,0.027000000700354576,0.07209999859333038
YPR174C,YOR057W,0,-1.4635195,0.03604806587100029,0.027000000700354576,0.0722000002861023
YKL181W,YPL257W-B,0,-1.4635463,0.035999998450279236,0.027000000700354576,0.0723000019788742
YPL234C,YHR039C-B,1,-1.463553,0.03728362172842026,0.02800000086426735,0.0723000019788742
YDR531W,YDR365W-A,0,-1.4636923,0.03723404183983803,0.02800000086426735,0.07240000367164612
YMR137C,YLR227W-A,0,-1.4637215,0.03718459606170654,0.02800000086426735,0.07249999791383743
YBR066C,YFR016C,0,-1.4638033,0.037135276943445206,0.02800000086426735,0.07259999960660934
YML036W,YPL257W-A,0,-1.4638822,0.03708609193563461,0.02800000086426735,0.07270000129938126
YPR137C-A,YER150W,0,-1.4646126,0.03703703731298447,0.02800000086426735,0.07280000299215317
YBR247C,YAR031W,0,-1.464883,0.03698810935020447,0.02800000086426735,0.07289999723434448
YOR340C,YOR142W-A,0,-1.4648902,0.036939315497875214,0.02800000086426735,0.0729999989271164
YNL054W-A,YOR201C,0,-1.4649487,0.03689064458012581,0.02800000086426735,0.0731000006198883
YER185W,YCL012W,0,-1.4650005,0.03684210404753685,0.02800000086426735,0.07320000231266022
YHR209W,YNL151C,0,-1.4651202,0.03679369390010834,0.02800000086426735,0.07329999655485153
YOL103W-A,YDR545W,0,-1.4654745,0.036745406687259674,0.02800000086426735,0.07339999824762344
YMR268W-A,YHR030C,0,-1.4655532,0.03669724613428116,0.02800000086426735,0.07349999994039536
YNR015W,YOR142W-B,0,-1.4656351,0.03664921596646309,0.02800000086426735,0.07360000163316727
YLR410W-A,YER082C,0,-1.4656498,0.03660130873322487,0.02800000086426735,0.07370000332593918
YPR158C-C,YNL181W,0,-1.465679,0.0365535244345665,0.02800000086426735,0.0737999975681305
YOR247W,YNL163C,0,-1.4657167,0.036505866795778275,0.02800000086426735,0.0738999992609024
YML049C,YIL011W,0,-1.4657788,0.0364583320915699,0.02800000086426735,0.07400000095367432
YDL144C,YOL165C,0,-1.4662986,0.036410924047231674,0.02800000086426735,0.07410000264644623
YGR071C,YHR101C,0,-1.4665158,0.036363635212183,0.02800000086426735,0.07419999688863754
YHR174W,YBR028C,0,-1.4667077,0.03631647303700447,0.02800000086426735,0.07429999858140945
YDL117W,YBR191W,0,-1.4667685,0.036269430071115494,0.02800000086426735,0.07440000027418137
YFR025C,YJR027W,0,-1.4668336,0.036222510039806366,0.02800000086426735,0.07450000196695328
YLR278C,YLR264W,0,-1.4668573,0.03617570921778679,0.02800000086426735,0.07460000365972519
YPR158C-D,YKL033W,0,-1.4669207,0.03612903133034706,0.02800000086426735,0.0746999979019165
YKL154W,YDL038C,0,-1.4672962,0.036082472652196884,0.02800000086426735,0.07479999959468842
YIL026C,YPL257W-B,0,-1.4673004,0.036036036908626556,0.02800000086426735,0.07490000128746033
YBR033W,YKL097W-A,0,-1.4673026,0.03598971664905548,0.02800000086426735,0.07500000298023224
YPR191W,YLL057C,0,-1.4676347,0.035943515598773956,0.02800000086426735,0.07509999722242355
YNR061C,YER063W,0,-1.4676652,0.03589743748307228,0.02800000086426735,0.07519999891519547
YOR124C,YOR192C-A,0,-1.467768,0.03585147112607956,0.02800000086426735,0.07530000060796738
YER014C-A,YDR513W,0,-1.4677935,0.03580562770366669,0.02800000086426735,0.07540000230073929
YDR261W-B,YGL226W,0,-1.4678994,0.03575989603996277,0.02800000086426735,0.0754999965429306
YCL060C,YDL065C,0,-1.4680989,0.0357142873108387,0.02800000086426735,0.07559999823570251
YNL054W-A,YER142C,0,-1.468323,0.035668790340423584,0.02800000086426735,0.07569999992847443
YGR199W,YCR016W,0,-1.4683856,0.03562340885400772,0.02800000086426735,0.07580000162124634
YGL046W,YNR022C,0,-1.4689233,0.03557814657688141,0.02800000086426735,0.07590000331401825
YDR240C,YER108C,0,-1.4689627,0.03553299605846405,0.02800000086426735,0.07599999755620956
YLR143W,YER095W,0,-1.4694004,0.035487961024045944,0.02800000086426735,0.07609999924898148
YNL044W,YNL194C,0,-1.4695992,0.03544303774833679,0.02800000086426735,0.07620000094175339
YGR161W-A,YMR207C,0,-1.4697547,0.03539822995662689,0.02800000086426735,0.0763000026345253
YDR365C,YCL012W,0,-1.469821,0.035353533923625946,0.02800000086426735,0.07639999687671661
YMR109W,YOL103W-A,0,-1.4698715,0.03530895337462425,0.02800000086426735,0.07649999856948853
YFR018C,YIR011C,0,-1.4700408,0.03526448458433151,0.02800000086426735,0.07660000026226044
YPR119W,YBL008W,0,-1.4700472,0.035220127552747726,0.02800000086426735,0.07670000195503235
YOL158C,YOR129C,1,-1.4700953,0.036432161927223206,0.028999999165534973,0.07670000195503235
YOL155C,YNL213C,0,-1.470218,0.03638644888997078,0.028999999165534973,0.07680000364780426
YPL068C,YIL140W,0,-1.4707558,0.036340851336717606,0.028999999165534973,0.07689999788999557
YNL086W,YOL053C-A,0,-1.4707617,0.036295369267463684,0.028999999165534973,0.07699999958276749
YFL011W-A,YGR116W,0,-1.4708438,0.036249998956918716,0.028999999165534973,0.0771000012755394
YPR158W-B,YLR411W,0,-1.470865,0.036204744130373,0.028999999165534973,0.07720000296831131
YKL180W,YLR467W,0,-1.4709697,0.03615960106253624,0.028999999165534973,0.07729999721050262
YOR270C,YDR515W,1,-1.4710548,0.037359900772571564,0.029999999329447746,0.07729999721050262
YKL010C,YHR169W,0,-1.4712988,0.03731343150138855,0.029999999329447746,0.07739999890327454
YFL035C-B,YIL139C,0,-1.4713249,0.03726708143949509,0.029999999329447746,0.07750000059604645
YOR239W,YOR237W,0,-1.4715419,0.03722084313631058,0.029999999329447746,0.07760000228881836
YPR114W,YOR343W-A,0,-1.471683,0.03717472031712532,0.029999999329447746,0.07769999653100967
YBR189W,YKL097W-A,0,-1.4717036,0.037128712981939316,0.029999999329447746,0.07779999822378159
YKL166C,YHL026C,0,-1.4719374,0.037082817405462265,0.029999999329447746,0.0778999999165535
YGR161C,YPR152C,0,-1.4720652,0.03703703731298447,0.029999999329447746,0.07800000160932541
YAL044C,YMR250W,0,-1.4721861,0.03699136897921562,0.029999999329447746,0.07810000330209732
YOR317W,YCR057C,0,-1.472271,0.03694581240415573,0.029999999329447746,0.07819999754428864
YOL103W,YOR382W,0,-1.4722908,0.036900367587804794,0.029999999329447746,0.07829999923706055
YLR256W-A,YKR056W,0,-1.4723257,0.03685503825545311,0.029999999329447746,0.07840000092983246
YOR396W,YKL178C,0,-1.4723959,0.03680981695652008,0.029999999329447746,0.07850000262260437
YGR109W-A,YOL077C,0,-1.4723988,0.036764707416296005,0.029999999329447746,0.07859999686479568
YJR070C,YCR029C-A,0,-1.4724114,0.036719705909490585,0.029999999329447746,0.0786999985575676
YML074C,YBR075W,0,-1.4724698,0.03667481616139412,0.029999999329447746,0.07880000025033951
YDR316W-A,YHL009W-B,0,-1.4726617,0.03663003817200661,0.029999999329447746,0.07890000194311142
YER137C-A,YDR532C,0,-1.4728224,0.03658536449074745,0.029999999329447746,0.07900000363588333
YNL291C,YMR295C,0,-1.473136,0.03654080256819725,0.029999999329447746,0.07909999787807465
YIL087C,YCR093W,0,-1.4731545,0.036496348679065704,0.029999999329447746,0.07919999957084656
YAL017W,YNR040W,0,-1.4732709,0.03645200654864311,0.029999999329447746,0.07930000126361847
YJL143W,YDL134C-A,0,-1.4732842,0.03640776872634888,0.029999999329447746,0.07940000295639038
YGR161C-D,YNL045W,0,-1.4736404,0.036363635212183,0.029999999329447746,0.0794999971985817
YJR028W,YMR118C,0,-1.4736876,0.036319613456726074,0.029999999329447746,0.07959999889135361
YLR410W-A,YBR052C,0,-1.4737574,0.03627569600939751,0.029999999329447746,0.07970000058412552
YCR072C,YJL141C,0,-1.4738902,0.036231882870197296,0.029999999329447746,0.07980000227689743
YMR204C,YCR080W,0,-1.4739068,0.03618817776441574,0.029999999329447746,0.07989999651908875
YDR210C-D,YLR118C,0,-1.4739618,0.03614457696676254,0.029999999329447746,0.07999999821186066
YGR258C,YFL035C,0,-1.4741185,0.036101084202528,0.029999999329447746,0.08009999990463257
YBR261C,YOL084W,0,-1.4743438,0.036057692021131516,0.029999999329447746,0.08020000159740448
YLR410W-A,YPL140C,0,-1.4743563,0.03601440414786339,0.029999999329447746,0.08030000329017639
YOR047C,YCL027W,0,-1.474452,0.035971224308013916,0.029999999329447746,0.0803999975323677
YNL130C,YDR316W-B,0,-1.4746338,0.0359281450510025,0.029999999329447746,0.08049999922513962
YDR210C-C,YHR140W,0,-1.4751303,0.03588516637682915,0.029999999329447746,0.08060000091791153
YKL174C,YPL141C,0,-1.4751477,0.03584229573607445,0.029999999329447746,0.08070000261068344
YOR034C,YOR142W-A,0,-1.4752035,0.03579952195286751,0.029999999329447746,0.08079999685287476
YMR166C,YLR350W,0,-1.4753093,0.035756852477788925,0.029999999329447746,0.08089999854564667
YAL021C,YCL057C-A,0,-1.4758085,0.0357142873108387,0.029999999329447746,0.08100000023841858
YER137C-A,YLR079W,0,-1.4758171,0.035671819001436234,0.029999999329447746,0.08110000193119049
YLR131C,YFR006W,0,-1.4758936,0.035629455000162125,0.029999999329447746,0.0812000036239624
YIL069C,YOR283W,0,-1.4759375,0.035587187856435776,0.029999999329447746,0.08129999786615372
YHR039C-B,YOR147W,1,-1.4767871,0.036729857325553894,0.03099999949336052,0.08129999786615372
YDL134C-A,YJR143C,0,-1.476893,0.03668639063835144,0.03099999949336052,0.08139999955892563
YOL002C,YHR039C-B,1,-1.4769088,0.03782505914568901,0.03200000151991844,0.08139999955892563
YLR194C,YNR045W,0,-1.4769787,0.03778040036559105,0.03200000151991844,0.08150000125169754
YOR304W,YGR031C-A,0,-1.477108,0.03773584961891174,0.03200000151991844,0.08160000294446945
YOR262W,YLL040C,0,-1.4771819,0.037691403180360794,0.03200000151991844,0.08169999718666077
YER007C-A,YDR365W-A,0,-1.4773655,0.0376470573246479,0.03200000151991844,0.08179999887943268
YNL065W,YDR534C,0,-1.4774015,0.03760281950235367,0.03200000151991844,0.08190000057220459
YBR296C,YKR079C,0,-1.4775064,0.03755868598818779,0.03200000151991844,0.0820000022649765
YNL032W,YOL103W-A,0,-1.4775116,0.03751465305685997,0.03200000151991844,0.08209999650716782
YLR391W-A,YDL170W,0,-1.477571,0.03747072443366051,0.03200000151991844,0.08219999819993973
YIL027C,YLR227W-A,0,-1.4775846,0.0374269001185894,0.03200000151991844,0.08229999989271164
YHR039C-B,YOR087W,1,-1.4776286,0.03855140134692192,0.032999999821186066,0.08229999989271164
YDR210C-C,YBR042C,0,-1.477716,0.03850641846656799,0.032999999821186066,0.08240000158548355
YGL010W,YDR513W,0,-1.4777486,0.03846153989434242,0.032999999821186066,0.08250000327825546
YMR306W,YOR343W-A,0,-1.4779936,0.03841676190495491,0.032999999821186066,0.08259999752044678
YDR217C,YAR044W,0,-1.4783654,0.03837209194898605,0.032999999821186066,0.08269999921321869
YGR031C-A,YDR165W,0,-1.4784164,0.038327526301145554,0.032999999821186066,0.0828000009059906
YMR091C,YFL002W-B,0,-1.4784975,0.03828306123614311,0.032999999821186066,0.08290000259876251
YDR210C-C,YLL022C,0,-1.4786875,0.03823870047926903,0.032999999821186066,0.08299999684095383
YIR031C,YOR343W-A,0,-1.4787167,0.0381944440305233,0.032999999821186066,0.08309999853372574
YLR337W,YGR081C,0,-1.478888,0.03815028816461563,0.032999999821186066,0.08320000022649765
YLR438C-A,YDR098C-B,0,-1.478987,0.03810623660683632,0.032999999821186066,0.08330000191926956
YPL189W,YGL030W,0,-1.4792589,0.03806228190660477,0.032999999821186066,0.08340000361204147
YHR079C-B,YMR235C,0,-1.4794126,0.03801843151450157,0.032999999821186066,0.08349999785423279
YKL150W,YDL038C,0,-1.4795597,0.037974681705236435,0.032999999821186066,0.0835999995470047
YIR004W,YNR040W,0,-1.4799653,0.037931036204099655,0.032999999821186066,0.08370000123977661
YER159C-A,YML125C,0,-1.4799803,0.03788748383522034,0.032999999821186066,0.08380000293254852
YGL107C,YDR365W-A,0,-1.479995,0.037844035774469376,0.032999999821186066,0.08389999717473984
YDR034C-C,YMR013C,0,-1.4801557,0.03780068829655647,0.032999999821186066,0.08399999886751175
YJL108C,YGR155W,0,-1.4802673,0.03775743767619133,0.032999999821186066,0.08410000056028366
YKR095W-A,YBR159W,0,-1.480515,0.03771428391337395,0.032999999821186066,0.08420000225305557
YGL046W,YKL145W,0,-1.4806364,0.03767123445868492,0.032999999821186066,0.08429999649524689
YBR090C-A,YDR315C,0,-1.4809324,0.03762827813625336,0.032999999821186066,0.0843999981880188
YNL054W-A,YGR234W,0,-1.4810029,0.03758542239665985,0.032999999821186066,0.08449999988079071
YGR007W,YNL054W-B,0,-1.4811563,0.037542663514614105,0.032999999821186066,0.08460000157356262
YDL105W,YLR185W,0,-1.4814819,0.03750000149011612,0.032999999821186066,0.08470000326633453
YGR212W,YER159C-A,0,-1.481748,0.037457436323165894,0.032999999821186066,0.08479999750852585
YDL189W,YGR109W-B,0,-1.4818648,0.03741496428847313,0.032999999821186066,0.08489999920129776
YHR051W,YBR075W,0,-1.4818678,0.03737259283661842,0.032999999821186066,0.08500000089406967
YCR005C,YDR170W-A,0,-1.4820092,0.03733031824231148,0.032999999821186066,0.08510000258684158
YDR298C,YDL038C,0,-1.4823546,0.03728813678026199,0.032999999821186066,0.0851999968290329
YLL001W,YDL134C-A,0,-1.4824839,0.03724604845046997,0.032999999821186066,0.08529999852180481
YIL017W,YJR118C,0,-1.482551,0.03720405697822571,0.032999999821186066,0.08540000021457672
YMR296C,YFL002W-A,0,-1.4826355,0.037162162363529205,0.032999999821186066,0.08550000190734863
YIL047C,YGR272C,0,-1.4826467,0.037120360881090164,0.032999999821186066,0.08560000360012054
YOR192C-A,YKL005C,0,-1.4828143,0.037078652530908585,0.032999999821186066,0.08569999784231186
YGL046W,YNL291C,0,-1.4829903,0.03703703731298447,0.032999999821186066,0.08579999953508377
YGR031C-A,YCR047C,0,-1.4831192,0.03699551522731781,0.032999999821186066,0.08590000122785568
YBR289W,YPR158W-B,0,-1.4833038,0.036954086273908615,0.032999999821186066,0.0860000029206276
YOR283W,YIL078W,0,-1.4833249,0.03691275045275688,0.032999999821186066,0.08609999716281891
YOL061W,YFL035C,0,-1.4835992,0.03687150776386261,0.032999999821186066,0.08619999885559082
YPL157W,YOR343W-A,0,-1.4836178,0.0368303582072258,0.032999999821186066,0.08630000054836273
YPR161C,YLR042C,0,-1.484041,0.03678929805755615,0.032999999821186066,0.08640000224113464
YOL004W,YNL190W,0,-1.4841839,0.03674833104014397,0.032999999821186066,0.08649999648332596
YHR012W,YFL035C-A,0,-1.484221,0.036707453429698944,0.032999999821186066,0.08659999817609787
YDR130C,YDR261C-D,0,-1.4843847,0.036666665226221085,0.032999999821186066,0.08669999986886978
YKL199C,YDL059C,0,-1.4846404,0.03662597015500069,0.032999999821186066,0.0868000015616417
YOR142W-B,YBR060C,0,-1.4846623,0.03658536449074745,0.032999999821186066,0.0869000032544136
YMR122W-A,YOL165C,0,-1.4847516,0.03654485195875168,0.032999999821186066,0.08699999749660492
YGR161W-A,YHR035W,0,-1.484801,0.03650442510843277,0.032999999821186066,0.08709999918937683
YLL067C,YBR207W,0,-1.4848566,0.036464087665081024,0.032999999821186066,0.08720000088214874
YNL054W-A,YLR090W,0,-1.4850492,0.03642383962869644,0.032999999821186066,0.08730000257492065
YAL023C,YJL062W-A,0,-1.4850891,0.03638368099927902,0.032999999821186066,0.08739999681711197
YDR105C,YFR045W,0,-1.4854505,0.036343611776828766,0.032999999821186066,0.08749999850988388
YFR024C,YLR386W,0,-1.485503,0.03630363196134567,0.032999999821186066,0.08760000020265579
YMR098C,YNL146W,0,-1.4856111,0.036263737827539444,0.032999999821186066,0.0877000018954277
YIL056W,YOR142W-A,0,-1.4857724,0.03622392937541008,0.032999999821186066,0.08780000358819962
YGR266W,YLR286C,0,-1.4858984,0.03618421033024788,0.032999999821186066,0.08789999783039093
YNL046W,YNL160W,0,-1.4860256,0.03614457696676254,0.032999999821186066,0.08799999952316284
YNL210W,YBR016W,0,-1.4861076,0.03610503301024437,0.032999999821186066,0.08810000121593475
YBR075W,YNR037C,0,-1.4862483,0.03606557473540306,0.032999999821186066,0.08820000290870667
YGL106W,YLR337W,0,-1.4863927,0.03602620214223862,0.032999999821186066,0.08829999715089798
YCR060W,YER087C-A,0,-1.4865465,0.03598691523075104,0.032999999821186066,0.08839999884366989
YGL046W,YPR178W,0,-1.4865558,0.03594771400094032,0.032999999821186066,0.0885000005364418
YGR159C,YJL062W-A,0,-1.4866056,0.035908594727516174,0.032999999821186066,0.08860000222921371
YGL113W,YLR050C,0,-1.4866445,0.03586956486105919,0.032999999821186066,0.08869999647140503
YOR063W,YPR073C,0,-1.486736,0.03583062067627907,0.032999999821186066,0.08879999816417694
YGL062W,YGR161W-B,0,-1.4868717,0.03579175844788551,0.032999999821186066,0.08889999985694885
YOR143C,YAR044W,0,-1.4868908,0.035752978175878525,0.032999999821186066,0.08900000154972076
YDL134C-A,YPR194C,0,-1.4870238,0.0357142873108387,0.032999999821186066,0.08910000324249268
YMR136W,YCL075W,0,-1.4870269,0.03567567467689514,0.032999999821186066,0.08919999748468399
YBR264C,YOR343W-A,0,-1.4871237,0.03563714772462845,0.032999999821186066,0.0892999991774559
YDL028C,YFL035C-A,0,-1.487185,0.03559870645403862,0.032999999821186066,0.08940000087022781
YBR187W,YOL086W-A,0,-1.4871951,0.03556034341454506,0.032999999821186066,0.08950000256299973
YMR055C,YOL103W-B,0,-1.487237,0.03552206605672836,0.032999999821186066,0.08959999680519104
YGL157W,YER087C-B,0,-1.4873574,0.03548387065529823,0.032999999821186066,0.08969999849796295
YKL149C,YOR343W-A,0,-1.4873976,0.03544575721025467,0.032999999821186066,0.08980000019073486
YKR095W,YGR027W-B,0,-1.4874451,0.03540772572159767,0.032999999821186066,0.08990000188350677
YLR410W-B,YCL047C,0,-1.4875071,0.03536977618932724,0.032999999821186066,0.09000000357627869
YLR410W-B,YEL012W,0,-1.4876642,0.035331904888153076,0.032999999821186066,0.09009999781847
YDR098C-B,YKL021C,0,-1.4877372,0.03529411926865578,0.032999999821186066,0.09019999951124191
YGR109W-A,YLR090W,0,-1.4878759,0.035256411880254745,0.032999999821186066,0.09030000120401382
YEL021W,YDR261C-D,0,-1.4880148,0.03521878272294998,0.032999999821186066,0.09040000289678574
YGR031C-A,YGR179C,0,-1.4880329,0.035181235522031784,0.032999999821186066,0.09049999713897705
YDR256C,YOL127W,0,-1.4880548,0.03514377027750015,0.032999999821186066,0.09059999883174896
YBL005W-B,YDR317W,0,-1.4881436,0.03510638326406479,0.032999999821186066,0.09070000052452087
YKL138C-A,YPL056C,0,-1.4881995,0.03506907448172569,0.032999999821186066,0.09080000221729279
YPR174C,YBL089W,0,-1.488279,0.03503184765577316,0.032999999821186066,0.0908999964594841
YOL101C,YOR316C,1,-1.4882791,0.03605514392256737,0.03400000184774399,0.0908999964594841
YDL223C,YGR004W,0,-1.4884044,0.03601694852113724,0.03400000184774399,0.09099999815225601
YGR031C-A,YHR139C,0,-1.4886107,0.035978835076093674,0.03400000184774399,0.09109999984502792
YHR214C-C,YAL033W,0,-1.4887233,0.035940803587436676,0.03400000184774399,0.09120000153779984
YML092C,YOL086W-A,0,-1.4888256,0.035902850329875946,0.03400000184774399,0.09130000323057175
YGL196W,YNL284C-B,0,-1.4888694,0.03586497902870178,0.03400000184774399,0.09139999747276306
YLR256W-A,YGR099W,0,-1.4892054,0.035827185958623886,0.03400000184774399,0.09149999916553497
YNL054W-A,YKL210W,0,-1.4893332,0.035789474844932556,0.03400000184774399,0.09160000085830688
YPR144C,YLR256W-A,0,-1.4893405,0.035751841962337494,0.03400000184774399,0.0917000025510788
YCR040W,YGL253W,0,-1.4893606,0.0357142873108387,0.03400000184774399,0.09179999679327011
YBR202W,YJL021C,0,-1.4895914,0.03567681089043617,0.03400000184774399,0.09189999848604202
YNR006W,YJL021C,0,-1.4898205,0.03563941270112991,0.03400000184774399,0.09200000017881393
YPL154C,YDR316W-B,0,-1.4898243,0.03560209274291992,0.03400000184774399,0.09210000187158585
YGR109W-B,YPL019C,0,-1.489861,0.0355648547410965,0.03400000184774399,0.09220000356435776
YLR227W-A,YAL028W,0,-1.4902699,0.03552769124507904,0.03400000184774399,0.09229999780654907
YCR080W,YDR039C,0,-1.4903209,0.03549060598015785,0.03400000184774399,0.09239999949932098
YIL172C,YLR430W,0,-1.4904966,0.03545359894633293,0.03400000184774399,0.0925000011920929
YFR040W,YJL012C-A,0,-1.4905362,0.03541666641831398,0.03400000184774399,0.09260000288486481
YOR343W-B,YJR015W,0,-1.490701,0.035379812121391296,0.03400000184774399,0.09269999712705612
YER138C,YMR091C,0,-1.4908249,0.03534303605556488,0.03400000184774399,0.09279999881982803
YGL194C,YDL130W-A,0,-1.4908653,0.035306334495544434,0.03400000184774399,0.09290000051259995
YJL157C,YDL215C,0,-1.4909294,0.035269711166620255,0.03400000184774399,0.09300000220537186
YGR109W-A,YOR373W,0,-1.4909894,0.035233162343502045,0.03400000184774399,0.09309999644756317
YEL048C,YER070W,0,-1.4909999,0.035196688026189804,0.03400000184774399,0.09319999814033508
YCL060C,YBR059C,0,-1.4914242,0.03516028821468353,0.03400000184774399,0.093299999833107
YOR060C,YFL011W-A,0,-1.4914945,0.03512396663427353,0.03400000184774399,0.0934000015258789
YDR098C-A,YMR312W,0,-1.49154,0.035087719559669495,0.03400000184774399,0.09350000321865082
YPL257W-B,YOR374W,0,-1.49154,0.03505154699087143,0.03400000184774399,0.09359999746084213
YKL200C,YNR017W,0,-1.4916012,0.035015448927879333,0.03400000184774399,0.09369999915361404
YHR079C-B,YNL137C,0,-1.4917946,0.03497942537069321,0.03400000184774399,0.09380000084638596
YHR214C-C,YER138C,0,-1.491813,0.03494347259402275,0.03400000184774399,0.09390000253915787
YGR112W,YBR241C,0,-1.4918989,0.03490759804844856,0.03400000184774399,0.09399999678134918
YGR031C-A,YCL044C,0,-1.4920425,0.034871794283390045,0.03400000184774399,0.0940999984741211
YEL054C,YCR005C,0,-1.4922023,0.0348360650241375,0.03400000184774399,0.094200000166893
YDR100W,YHL050C,0,-1.4922204,0.03480041027069092,0.03400000184774399,0.09430000185966492
YMR023C,YPR137C-B,0,-1.4927332,0.03476482629776001,0.03400000184774399,0.09440000355243683
YPL141C,YKL005C,0,-1.4929361,0.03472931683063507,0.03400000184774399,0.09449999779462814
YNR060W,YKL181W,0,-1.4929671,0.0346938781440258,0.03400000184774399,0.09459999948740005
YMR175W,YEL036C,0,-1.4931192,0.034658510237932205,0.03400000184774399,0.09470000118017197
YER053C-A,YLR040C,0,-1.4932737,0.03462321683764458,0.03400000184774399,0.09480000287294388
YJL133C-A,YDR176W,0,-1.4932737,0.03458799421787262,0.03400000184774399,0.09489999711513519
YBR129C,YOR343C-A,0,-1.4932737,0.03455284610390663,0.03400000184774399,0.0949999988079071
YHR140W,YER108C,0,-1.4932737,0.034517765045166016,0.03400000184774399,0.09510000050067902
YGR109W-A,YJR110W,0,-1.4932737,0.03448275849223137,0.03400000184774399,0.09520000219345093
YPL186C,YOR343C-A,0,-1.4932737,0.03444782271981239,0.03400000184774399,0.09529999643564224
YBR012W-A,YKL200C,0,-1.4932737,0.03441295400261879,0.03400000184774399,0.09539999812841415
YPR196W,YFL035C-B,0,-1.4932737,0.034378159791231155,0.03400000184774399,0.09549999982118607
YPL096C-A,YMR221C,0,-1.4932737,0.03434343263506889,0.03400000184774399,0.09560000151395798
YFR018C,YLR154W-C,0,-1.4932737,0.0343087799847126,0.03400000184774399,0.09570000320672989
YOR156C,YDR014W-A,0,-1.4932737,0.03427419438958168,0.03400000184774399,0.0957999974489212
YNL248C,YBR200W-A,0,-1.4932737,0.03423967957496643,0.03400000184774399,0.09589999914169312
YKL212W,YNL284C-A,0,-1.4932737,0.03420523181557655,0.03400000184774399,0.09600000083446503
YIL115C,YDR210W-C,0,-1.4932737,0.03417085483670235,0.03400000184774399,0.09610000252723694
YML045W-A,YLR024C,0,-1.4932737,0.03413654491305351,0.03400000184774399,0.09619999676942825
YDR423C,YBL101W-A,0,-1.4932737,0.03410230576992035,0.03400000184774399,0.09629999846220016
YBR200W-A,YNR038W,0,-1.4932737,0.034068137407302856,0.03400000184774399,0.09640000015497208
YBL113C,YKL138C-A,0,-1.4932737,0.03403403237462044,0.03400000184774399,0.09650000184774399
YCL036W,YAR070W-A,0,-1.4932737,0.03400000184774399,0.03400000184774399,0.0966000035405159
YJL186W,YBL101W-A,0,-1.4932737,0.03396603465080261,0.03400000184774399,0.09669999778270721
YGR109W-B,YOL086W-A,0,-1.4932737,0.03393213450908661,0.03400000184774399,0.09679999947547913
YDR014W-A,YGR031C-A,0,-1.4932737,0.033898305147886276,0.03400000184774399,0.09690000116825104
YER053C-A,YGL157W,0,-1.4932737,0.033864542841911316,0.03400000184774399,0.09700000286102295
YKR052C,YDR381C-A,0,-1.4932737,0.03383084759116173,0.03400000184774399,0.09709999710321426
YFR045W,YPL189C-A,0,-1.4932737,0.033797215670347214,0.03400000184774399,0.09719999879598618
YOL086W-A,YOR391C,0,-1.4932737,0.03376365453004837,0.03400000184774399,0.09730000048875809
YML045W-A,YLR190W,0,-1.4932737,0.0337301604449749,0.03400000184774399,0.09740000218153
YDR014W-A,YFR049W,0,-1.4932737,0.0336967296898365,0.03400000184774399,0.09749999642372131
YDR074W,YDR381C-A,0,-1.4932737,0.03366336598992348,0.03400000184774399,0.09759999811649323
YML045W-A,YPL113C,0,-1.4932737,0.033630069345235825,0.03400000184774399,0.09769999980926514
YAR002C-A,YNL284C-A,0,-1.4932737,0.033596839755773544,0.03400000184774399,0.09780000150203705
YCL048W-A,YIL047C,0,-1.4932737,0.03356367349624634,0.03400000184774399,0.09790000319480896
YDR227W,YAR070W-A,0,-1.4932737,0.033530570566654205,0.03400000184774399,0.09799999743700027
YCR055C,YNL208W,0,-1.4932737,0.033497538417577744,0.03400000184774399,0.09809999912977219
YGL194C,YGL258W-A,0,-1.4932737,0.03346456587314606,0.03400000184774399,0.0982000008225441
YGL258W-A,YDR481C,0,-1.4932737,0.03343166038393974,0.03400000184774399,0.09830000251531601
YER138C,YDL134C-A,0,-1.4932737,0.0333988219499588,0.03400000184774399,0.09839999675750732
YJL133C-A,YKL170W,0,-1.4932737,0.03336604684591293,0.03400000184774399,0.09849999845027924
YOR383C,YBR200W-A,0,-1.4932737,0.03333333507180214,0.03400000184774399,0.09860000014305115
YFR033C,YOR343C-A,0,-1.4932737,0.03330068662762642,0.03400000184774399,0.09870000183582306
YOL133W,YBL101W-A,0,-1.4932737,0.03326810151338577,0.03400000184774399,0.09880000352859497
YGL107C,YHR214W-G,0,-1.4932737,0.0332355834543705,0.03400000184774399,0.09889999777078629
YOR192C-A,YOR240W,0,-1.4932737,0.033203125,0.03400000184774399,0.0989999994635582
YLR284C,YGL258W-A,0,-1.4932737,0.033170729875564575,0.03400000184774399,0.09910000115633011
YHR214C-C,YAR044W,0,-1.4932737,0.03313840180635452,0.03400000184774399,0.09920000284910202
YHR214W-G,YDR411C,0,-1.4932737,0.033106133341789246,0.03400000184774399,0.09929999709129333
YER053C-A,YML045W,0,-1.4932737,0.03307392820715904,0.03400000184774399,0.09939999878406525
YCL048W-A,YPR102C,0,-1.4932737,0.03304178640246391,0.03400000184774399,0.09950000047683716
YER053C-A,YLR446W,0,-1.4932737,0.03300970792770386,0.03400000184774399,0.09960000216960907
YJR092W,YDR365W-A,0,-1.4932737,0.032977692782878876,0.03400000184774399,0.09969999641180038
YMR149W,YCL048W-A,0,-1.4932737,0.03294573724269867,0.03400000184774399,0.0997999981045723
YHR214W-G,YKL081W,0,-1.4932737,0.03291384503245354,0.03400000184774399,0.09989999979734421
YDR365W-A,YLR337W,0,-1.4932737,0.03288201242685318,0.03400000184774399,0.10000000149011612
YDL134C-A,YDL124W,0,-1.4932737,0.0328502431511879,0.03400000184774399,0.10010000318288803
YAL002W,YJL133C-A,0,-1.4932737,0.03281853348016739,0.03400000184774399,0.10019999742507935
YPL194W,YGL258W-A,0,-1.4932737,0.032786883413791656,0.03400000184774399,0.10029999911785126
YER137C,YJL062W-A,0,-1.4932737,0.032755300402641296,0.03400000184774399,0.10040000081062317
YML132W,YCL005W-A,1,-1.4932737,0.033686235547065735,0.03500000014901161,0.10040000081062317
YJL114W,YBR090C-A,0,-1.4932737,0.03365384787321091,0.03500000014901161,0.10050000250339508
YCL048W-A,YJL008C,0,-1.4932737,0.033621516078710556,0.03500000014901161,0.1005999967455864
YDR418W,YBL101W-B,0,-1.4932737,0.03358925133943558,0.03500000014901161,0.1006999984383583
YMR318C,YDR210W-C,0,-1.4932737,0.033557046204805374,0.03500000014901161,0.10080000013113022
YGR088W,YGL258W-A,0,-1.4932737,0.033524904400110245,0.03500000014901161,0.10090000182390213
YIL072W,YBR200W-A,0,-1.4932737,0.03349282220005989,0.03500000014901161,0.10100000351667404
YMR195W,YDR381C-A,0,-1.4932737,0.03346080332994461,0.03500000014901161,0.10109999775886536
YKL063C,YDR014W-A,0,-1.4932737,0.033428844064474106,0.03500000014901161,0.10119999945163727
YPL150W,YFL035C,0,-1.4932737,0.033396948128938675,0.03500000014901161,0.10130000114440918
YLR460C,YFL018W-A,0,-1.4932737,0.03336510807275772,0.03500000014901161,0.10140000283718109
YHR214W-G,YIR017C,0,-1.4932737,0.03333333507180214,0.03500000014901161,0.1014999970793724
YJL133C-A,YFR045W,0,-1.4932737,0.033301617950201035,0.03500000014901161,0.10159999877214432
YBL101W-A,YDR075W,0,-1.4932737,0.033269960433244705,0.03500000014901161,0.10170000046491623
YGR124W,YBL029C-A,0,-1.4932737,0.03323836624622345,0.03500000014901161,0.10180000215768814
YDR170W-A,YNL284C-A,0,-1.4932737,0.03320683166384697,0.03500000014901161,0.10189999639987946
YER053C-A,YML054C,0,-1.4932737,0.033175356686115265,0.03500000014901161,0.10199999809265137
YMR145C,YNL284C-A,0,-1.4932737,0.03314393758773804,0.03500000014901161,0.10209999978542328
YFL011W-A,YGR283C,0,-1.4932737,0.03311258181929588,0.03500000014901161,0.10220000147819519
YML077W,YAR070W-A,0,-1.4932737,0.033081285655498505,0.03500000014901161,0.1023000031709671
YML045W-A,YHR117W,0,-1.4932737,0.0330500453710556,0.03500000014901161,0.10239999741315842
YCL048W-A,YJL117W,0,-1.4932737,0.033018868416547775,0.03500000014901161,0.10249999910593033
YML045W-A,YKL191W,0,-1.4932737,0.032987747341394424,0.03500000014901161,0.10260000079870224
YNL101W,YGL258W-A,0,-1.4932737,0.03295668587088585,0.03500000014901161,0.10270000249147415
YJL133C-A,YOR338W,0,-1.4932737,0.03292568027973175,0.03500000014901161,0.10279999673366547
YJL045W,YFL035C-B,0,-1.4932737,0.032894738018512726,0.03500000014901161,0.10289999842643738
YKL200C,YPL276W,0,-1.4932737,0.03286384791135788,0.03500000014901161,0.10300000011920929
YLR278C,YGR272C,0,-1.4932737,0.03283302113413811,0.03500000014901161,0.1031000018119812
YDR014W-A,YNL167C,0,-1.4932737,0.03280225023627281,0.03500000014901161,0.10320000350475311
YGL046W,YAR070W-A,0,-1.4932737,0.03277153521776199,0.03500000014901161,0.10329999774694443
YML045W-A,YJR089W,0,-1.4932737,0.03274087980389595,0.03500000014901161,0.10339999943971634
YDR014W-A,YDR018C,0,-1.4932737,0.032710280269384384,0.03500000014901161,0.10350000113248825
YIL107C,YML045W-A,0,-1.4932737,0.03267974033951759,0.03500000014901161,0.10360000282526016
YHR214W-G,YJL021C,0,-1.4932737,0.03264925256371498,0.03500000014901161,0.10369999706745148
YKR095W-A,YCL075W,0,-1.4932737,0.032618824392557144,0.03500000014901161,0.10379999876022339
YMR087W,YJL062W-A,0,-1.4932737,0.03258845582604408,0.03500000014901161,0.1039000004529953
YML045W-A,YNL010W,0,-1.4932737,0.0325581394135952,0.03500000014901161,0.10400000214576721
YJL133C-A,YMR036C,0,-1.4932737,0.03252788260579109,0.03500000014901161,0.10409999638795853
YDR464W,YCL048W-A,0,-1.4932737,0.03249767795205116,0.03500000014901161,0.10419999808073044
YAR070W-A,YDL145C,0,-1.4932737,0.03246753290295601,0.03500000014901161,0.10429999977350235
YJR027W,YFL035C,0,-1.4932737,0.03243744373321533,0.03500000014901161,0.10440000146627426
YML045W-A,YOL142W,0,-1.4932737,0.032407406717538834,0.03500000014901161,0.10450000315904617
YLL009C,YBL029C-A,0,-1.4932737,0.03237742930650711,0.03500000014901161,0.10459999740123749
YHR214W-G,YBR257W,0,-1.4932737,0.032347504049539566,0.03500000014901161,0.1046999990940094
YMR114C,YGR031C-A,0,-1.4932737,0.0323176346719265,0.03500000014901161,0.10480000078678131
YLR312C-B,YFR045W,0,-1.4932737,0.03228782117366791,0.03500000014901161,0.10490000247955322
YCL048W-A,YPL186C,0,-1.4932737,0.032258063554763794,0.03500000014901161,0.10499999672174454
YAR070W-A,YDR283C,0,-1.4932737,0.03222836181521416,0.03500000014901161,0.10509999841451645
YPR091C,YGR031C-A,0,-1.4932737,0.0321987122297287,0.03500000014901161,0.10520000010728836
YCL048W-A,YGR239C,0,-1.4932737,0.03216911852359772,0.03500000014901161,0.10530000180006027
YCL048W-A,YJL057C,0,-1.4932737,0.032139576971530914,0.03500000014901161,0.10540000349283218
YPL209C,YBL101W-A,0,-1.4932737,0.03211009129881859,0.03500000014901161,0.1054999977350235
YMR090W,YBR200W-A,0,-1.4932737,0.03208066150546074,0.03500000014901161,0.10559999942779541
YFR021W,YDR210W-C,0,-1.4932737,0.03205128386616707,0.03500000014901161,0.10570000112056732
YCL048W-A,YEL022W,0,-1.4932737,0.032021958380937576,0.03500000014901161,0.10580000281333923
YGR031C-A,YLR352W,0,-1.4932737,0.03199268877506256,0.03500000014901161,0.10589999705553055
YPL189C-A,YNR004W,0,-1.4932737,0.031963471323251724,0.03500000014901161,0.10599999874830246
YBR200W-A,YOR261C,0,-1.4932737,0.031934306025505066,0.03500000014901161,0.10610000044107437
YHR214W-G,YDR479C,0,-1.4932737,0.031905196607112885,0.03500000014901161,0.10620000213384628
YDR014W-A,YER153C,0,-1.4932737,0.03187613934278488,0.03500000014901161,0.1062999963760376
YDR014W-A,YDR031W,0,-1.4932737,0.03184713423252106,0.03500000014901161,0.10639999806880951
YJL012C-A,YHR214C-B,0,-1.4932737,0.03181818127632141,0.03500000014901161,0.10649999976158142
YCR029C-A,YBR241C,0,-1.4932737,0.03178928419947624,0.03500000014901161,0.10660000145435333
YPL096C-A,YDR210W-C,0,-1.4932737,0.03176043555140495,0.03500000014901161,0.10670000314712524
YOR258W,YBR200W-A,0,-1.4932737,0.03173164278268814,0.03500000014901161,0.10679999738931656
YBL029C-A,YER108C,0,-1.4932737,0.03170289844274521,0.03500000014901161,0.10689999908208847
YHR214W-G,YNR017W,0,-1.4932737,0.031674209982156754,0.03500000014901161,0.10700000077486038
YOR045W,YHL009W-B,0,-1.493428,0.03164556995034218,0.03500000014901161,0.1071000024676323
YKR075C,YDL008W,0,-1.4936011,0.03161698207259178,0.03500000014901161,0.10719999670982361
YER012W,YGR027W-B,0,-1.4936299,0.03158844634890556,0.03500000014901161,0.10729999840259552
YGR088W,YPL083C,0,-1.4936676,0.031559962779283524,0.03500000014901161,0.10740000009536743
YHL003C,YIR014W,0,-1.4937501,0.03153153136372566,0.03500000014901161,0.10750000178813934
YJR076C,YOL103W-B,0,-1.4937625,0.03150315210223198,0.03500000014901161,0.10760000348091125
YOR175C,YJL062W-A,0,-1.4938201,0.031474821269512177,0.03500000014901161,0.10769999772310257
YDR210W-B,YIR023W,0,-1.4939656,0.03144654259085655,0.03500000014901161,0.10779999941587448
YAL013W,YPL257W-B,0,-1.4940027,0.03141831234097481,0.03500000014901161,0.10790000110864639
YOR287C,YDL045C,0,-1.4941036,0.03139013424515724,0.03500000014901161,0.1080000028014183
YNR052C,YDR098C-B,0,-1.4941716,0.031362008303403854,0.03500000014901161,0.10809999704360962
YJL085W,YHR214C-C,0,-1.4942689,0.03133393079042435,0.03500000014901161,0.10819999873638153
YLR035C-A,YDR056C,0,-1.494548,0.03130590170621872,0.03500000014901161,0.10830000042915344
YIL069C,YLR256W-A,0,-1.494719,0.03127792850136757,0.03500000014901161,0.10840000212192535
YGL174W,YPL068C,0,-1.4947554,0.03125,0.03500000014901161,0.10849999636411667
YBL090W,YPL276W,0,-1.4949989,0.03122212365269661,0.03500000014901161,0.10859999805688858
YER137C-A,YGL186C,0,-1.495076,0.0311942957341671,0.03500000014901161,0.10869999974966049
YER041W,YGR109W-A,0,-1.4951398,0.031166518107056618,0.03500000014901161,0.1088000014424324
YHR214C-C,YJL094C,0,-1.4953042,0.031138790771365166,0.03500000014901161,0.10890000313520432
YPR184W,YIL132C,0,-1.4954028,0.031111111864447594,0.03500000014901161,0.10899999737739563
YOR315W,YJL062W-A,0,-1.4954329,0.0310834813863039,0.03500000014901161,0.10909999907016754
YMR071C,YCL003W,0,-1.4955357,0.03105590119957924,0.03500000014901161,0.10920000076293945
YOL040C,YOR288C,0,-1.4956733,0.031028369441628456,0.03500000014901161,0.10930000245571136
YOR343W-B,YDR236C,0,-1.4956877,0.031000886112451553,0.03500000014901161,0.10939999669790268
YIL075C,YFL035C,0,-1.4957025,0.03097345121204853,0.03500000014901161,0.10949999839067459
YMR101C,YAR044W,0,-1.4958212,0.030946064740419388,0.03500000014901161,0.1096000000834465
YKL186C,YIR039C,0,-1.4960904,0.030918728560209274,0.03500000014901161,0.10970000177621841
YOR343W-B,YDR041W,0,-1.4961808,0.03089143894612789,0.03500000014901161,0.10980000346899033
YIL113W,YPR158C-C,0,-1.4963158,0.03086419776082039,0.03500000014901161,0.10989999771118164
YMR080C,YDR210C-D,0,-1.4964473,0.030837005004286766,0.03500000014901161,0.10999999940395355
YMR053C,YMR295C,0,-1.4965836,0.030809858813881874,0.03500000014901161,0.11010000109672546
YMR032W,YDR316W-A,0,-1.4966737,0.030782761052250862,0.03500000014901161,0.11020000278949738
YLR410W-B,YDR534C,0,-1.4968308,0.03075571171939373,0.03500000014901161,0.11029999703168869
YDR012W,YGR109W-A,0,-1.496902,0.03072870895266533,0.03500000014901161,0.1103999987244606
YBR009C,YPL257W-B,0,-1.4969294,0.030701754614710808,0.03500000014901161,0.11050000041723251
YHL016C,YNL054W-A,0,-1.4970938,0.030674846842885017,0.03500000014901161,0.11060000211000443
YER159C-A,YNL251C,0,-1.4971668,0.030647985637187958,0.03500000014901161,0.11069999635219574
YDR531W,YBR233W-A,0,-1.4972339,0.030621172860264778,0.03500000014901161,0.11079999804496765
YHR092C,YKL006C-A,0,-1.4973841,0.03059440478682518,0.03500000014901161,0.11089999973773956
YJL021C,YJL173C,0,-1.4974699,0.030567685142159462,0.03500000014901161,0.11100000143051147
YBR100W,YOR384W,0,-1.4976596,0.030541012063622475,0.03500000014901161,0.11110000312328339
YLR227W-A,YPL193W,0,-1.497678,0.030514385551214218,0.03500000014901161,0.1111999973654747
YJL062W-A,YML113W,0,-1.4977543,0.030487805604934692,0.03500000014901161,0.11129999905824661
YFR015C,YEL016C,0,-1.4979072,0.030461270362138748,0.03500000014901161,0.11140000075101852
YJR035W,YCR080W,0,-1.4981097,0.030434781685471535,0.03500000014901161,0.11150000244379044
YKR057W,YER060W-A,0,-1.4981809,0.0304083414375782,0.03500000014901161,0.11159999668598175
YHR035W,YIL074C,0,-1.4981945,0.0303819440305233,0.03500000014901161,0.11169999837875366
YNL054W-A,YIL093C,0,-1.4984084,0.03035559318959713,0.03500000014901161,0.11180000007152557
YDR210W-B,YDL033C,0,-1.4984413,0.03032928891479969,0.03500000014901161,0.11190000176429749
YHL016C,YLR131C,0,-1.4984865,0.03030303120613098,0.03500000014901161,0.1120000034570694
YDL220C,YFL035C-A,0,-1.4986769,0.030276816338300705,0.03500000014901161,0.11209999769926071
YLR384C,YGR060W,0,-1.4988275,0.03025064803659916,0.03500000014901161,0.11219999939203262
YDR134C,YNL223W,0,-1.4990302,0.030224524438381195,0.03500000014901161,0.11230000108480453
YGR060W,YHR214C-B,0,-1.4990404,0.03019844740629196,0.03500000014901161,0.11240000277757645
YOR018W,YPR158C-D,0,-1.4990768,0.03017241321504116,0.03500000014901161,0.11249999701976776
YER161C,YJR149W,0,-1.4991707,0.03014642558991909,0.03500000014901161,0.11259999871253967
YOR334W,YDR210C-C,0,-1.4992666,0.0301204826682806,0.03500000014901161,0.11270000040531158
YCL003W,YJL081C,0,-1.4993166,0.030094582587480545,0.03500000014901161,0.1128000020980835
YER131W,YNL025C,0,-1.4994481,0.03006872907280922,0.03500000014901161,0.11289999634027481
YJL194W,YLR154W-A,0,-1.4995637,0.030042918398976326,0.03500000014901161,0.11299999803304672
YJL208C,YLR227W-A,0,-1.4996793,0.030017152428627014,0.03500000014901161,0.11309999972581863
YDR270W,YHR039C-B,1,-1.4998378,0.03084832988679409,0.035999998450279236,0.11309999972581863
YLR258W,YPR187W,0,-1.4998751,0.030821917578577995,0.035999998450279236,0.11320000141859055
YFL035C-A,YDR461W,0,-1.500077,0.03079555183649063,0.035999998450279236,0.11330000311136246
YLL033W,YBR075W,0,-1.5001421,0.03076923079788685,0.035999998450279236,0.11339999735355377
YCL003W,YER179W,0,-1.5001817,0.030742954462766647,0.035999998450279236,0.11349999904632568
YCL029C,YCR097WB,0,-1.5003183,0.030716722831130028,0.035999998450279236,0.1136000007390976
YAL026C,YOR287C,0,-1.5003278,0.03069053776562214,0.035999998450279236,0.1137000024318695
YPL204W,YDR025W,0,-1.5005081,0.030664395540952682,0.035999998450279236,0.11379999667406082
YJL062W-A,YNL293W,0,-1.5006696,0.030638298019766808,0.035999998450279236,0.11389999836683273
YLL017W,YPL027W,0,-1.5008509,0.030612245202064514,0.035999998450279236,0.11400000005960464
YDR261W-B,YJL046W,0,-1.5010306,0.030586237087845802,0.035999998450279236,0.11410000175237656
YGL226C-A,YGR161W-A,0,-1.501352,0.030560271814465523,0.035999998450279236,0.11420000344514847
YHR039C-B,YCL017C,1,-1.5019007,0.03138252720236778,0.03700000047683716,0.11420000344514847
YHR067W,YLR256W-A,0,-1.5020239,0.03135593235492706,0.03700000047683716,0.11429999768733978
YKR096W,YGR279C,0,-1.5020854,0.031329382210969925,0.03700000047683716,0.1143999993801117
YJL109C,YCL057C-A,0,-1.5022225,0.03130287677049637,0.03700000047683716,0.1145000010728836
YPL252C,YBR016W,0,-1.5023077,0.03127641603350639,0.03700000047683716,0.11460000276565552
YLR417W,YOL086W-A,0,-1.5023489,0.03125,0.03700000047683716,0.11469999700784683
YKL158W,YOL052C-A,0,-1.5023614,0.031223628669977188,0.03700000047683716,0.11479999870061874
YLR256W-A,YNL172W,0,-1.5023673,0.031197302043437958,0.03700000047683716,0.11490000039339066
YBR164C,YMR087W,0,-1.5024076,0.03117102012038231,0.03700000047683716,0.11500000208616257
YJR040W,YHR039C-B,1,-1.5026155,0.031986530870199203,0.03799999877810478,0.11500000208616257
YER063W,YML039W,0,-1.5028402,0.03195963054895401,0.03799999877810478,0.11509999632835388
YLR391W-A,YHR204W,0,-1.5028647,0.0319327749311924,0.03799999877810478,0.1151999980211258
YOR142W,YDR098C-A,0,-1.5030684,0.03190596029162407,0.03799999877810478,0.1152999997138977
YPR137C-A,YHR011W,0,-1.5033606,0.03187919408082962,0.03799999877810478,0.11540000140666962
YCL060C,YOL078W,0,-1.50337,0.03185247257351875,0.03799999877810478,0.11550000309944153
YDR365W-A,YGR078C,0,-1.5034482,0.03182579576969147,0.03799999877810478,0.11559999734163284
YKL016C,YPR158C-C,0,-1.5034482,0.03179916366934776,0.03799999877810478,0.11569999903440475
YOL084W,YOR356W,0,-1.5035243,0.03177257627248764,0.03799999877810478,0.11580000072717667
YPR113W,YLR154W-A,0,-1.5036256,0.0317460335791111,0.03799999877810478,0.11590000241994858
YCR053W,YFR016C,0,-1.5038428,0.03171953186392784,0.03799999877810478,0.11599999666213989
YIR014W,YOR343W-A,0,-1.5038793,0.03169307857751846,0.03799999877810478,0.1160999983549118
YNL077W,YGR027W-B,0,-1.5039887,0.03166666626930237,0.03799999877810478,0.11620000004768372
YJR028W,YER159C-A,0,-1.5041567,0.031640298664569855,0.03799999877810478,0.11630000174045563
YCL060C,YPR008W,0,-1.504158,0.03161397576332092,0.03799999877810478,0.11640000343322754
YNL054W-B,YGL030W,0,-1.5043759,0.03158769756555557,0.03799999877810478,0.11649999767541885
YCR020C,YDR044W,0,-1.5045063,0.031561460345983505,0.03799999877810478,0.11659999936819077
YNL045W,YPR148C,0,-1.5048362,0.03153527155518532,0.03799999877810478,0.11670000106096268
YFL035C-B,YOL086W-A,0,-1.5049186,0.031509120017290115,0.03799999877810478,0.11680000275373459
YNL054W-A,YPL281C,0,-1.5049748,0.03148301690816879,0.03799999877810478,0.1168999969959259
YGR031C-A,YFL025C,0,-1.505369,0.03145695477724075,0.03799999877810478,0.11699999868869781
YPR008W,YDL038C,0,-1.5055001,0.031430933624506,0.03799999877810478,0.11710000038146973
YLR288C,YLR042C,0,-1.5055723,0.03140495717525482,0.03799999877810478,0.11720000207424164
YLR426W,YCL003W,0,-1.5057559,0.03137902542948723,0.03799999877810478,0.11729999631643295
YML032C,YOL086W-A,0,-1.5061058,0.03135313466191292,0.03799999877810478,0.11739999800920486
YLR460C,YPL092W,0,-1.5061903,0.03132728859782219,0.03799999877810478,0.11749999970197678
YOR032C,YLR227W-B,0,-1.5065305,0.031301483511924744,0.03799999877810478,0.11760000139474869
YEL031W,YHR039C-B,1,-1.5067837,0.032098766416311264,0.039000000804662704,0.11760000139474869
YER070W,YOL086W-A,0,-1.5069108,0.03207236900925636,0.039000000804662704,0.1177000030875206
YFR024C,YNL026W,0,-1.5073973,0.03204601630568504,0.039000000804662704,0.11779999732971191
YHL026C,YNL098C,0,-1.5075707,0.03201970458030701,0.039000000804662704,0.11789999902248383
YBL091C-A,YGR012W,0,-1.5077088,0.03199343755841255,0.039000000804662704,0.11800000071525574
YOL129W,YOR142W-B,0,-1.5078526,0.03196721151471138,0.039000000804662704,0.11810000240802765
YGR161C,YER155C,0,-1.507859,0.03194103017449379,0.039000000804662704,0.11819999665021896
YMR048W,YLR391W-A,0,-1.5082877,0.03191489353775978,0.039000000804662704,0.11829999834299088
YEL015W,YPL056C,0,-1.5084352,0.031888797879219055,0.039000000804662704,0.11840000003576279
YDR381W,YLR251W,0,-1.508605,0.03186274692416191,0.039000000804662704,0.1185000017285347
YDR299W,YIL017W,0,-1.5086248,0.03183673322200775,0.039000000804662704,0.11860000342130661
YCL068C,YKL053C-A,0,-1.5087067,0.03181076794862747,0.039000000804662704,0.11869999766349792
YDR074W,YLR391W-A,0,-1.5088737,0.03178483992815018,0.039000000804662704,0.11879999935626984
YNL127W,YGR017W,0,-1.5089378,0.031758956611156464,0.039000000804662704,0.11890000104904175
YOR292C,YML095C,0,-1.508975,0.03173311799764633,0.039000000804662704,0.11900000274181366
YFL018W-A,YCR081W,0,-1.5091407,0.031707316637039185,0.039000000804662704,0.11909999698400497
YOR192C-B,YIL119C,0,-1.5093133,0.03168155997991562,0.039000000804662704,0.11919999867677689
YGR109W-A,YDL189W,0,-1.5093427,0.031655844300985336,0.039000000804662704,0.1193000003695488
YBL061C,YDR316W-A,0,-1.5094011,0.03163016960024834,0.039000000804662704,0.11940000206232071
YLR410W-A,YNL160W,0,-1.509591,0.03160453960299492,0.039000000804662704,0.11949999630451202
YGR222W,YOR142W-B,0,-1.5096347,0.031578946858644485,0.039000000804662704,0.11959999799728394
YDL065C,YNL284C-B,0,-1.5099561,0.031553398817777634,0.039000000804662704,0.11969999969005585
YLR143W,YJR112W,0,-1.5102355,0.031527891755104065,0.039000000804662704,0.11980000138282776
YOL107W,YNL031C,0,-1.51039,0.03150242194533348,0.039000000804662704,0.11990000307559967
YER151C,YER137C-A,0,-1.5104382,0.03147699683904648,0.039000000804662704,0.11999999731779099
YDR077W,YBR075W,0,-1.5104728,0.03145161271095276,0.039000000804662704,0.1200999990105629
YER130C,YFL014W,0,-1.510555,0.03142626956105232,0.039000000804662704,0.12020000070333481
YMR114C,YCL014W,0,-1.5108637,0.03140096738934517,0.039000000804662704,0.12030000239610672
YGL046W,YMR218C,0,-1.5108922,0.031375702470541,0.039000000804662704,0.12039999663829803
YNL054W-B,YHR153C,0,-1.5110518,0.03135048225522041,0.039000000804662704,0.12049999833106995
YDL220C,YOR063W,0,-1.5113156,0.03132530301809311,0.039000000804662704,0.12060000002384186
YCR097WB,YOL070C,0,-1.5113165,0.03130016103386879,0.039000000804662704,0.12070000171661377
YPR158W-B,YDL099W,0,-1.5114462,0.03127506002783775,0.039000000804662704,0.12080000340938568
YLR103C,YLR040C,0,-1.511749,0.03125,0.039000000804662704,0.120899997651577
YAR002C-A,YML100W,0,-1.5122033,0.03122497908771038,0.039000000804662704,0.12099999934434891
YDR365W-A,YDR358W,0,-1.5122643,0.031199999153614044,0.039000000804662704,0.12110000103712082
YBR052C,YMR321C,0,-1.5124865,0.03117506019771099,0.039000000804662704,0.12120000272989273
YOR221C,YLR345W,0,-1.5125942,0.03115016035735607,0.039000000804662704,0.12129999697208405
YEL039C,YHR033W,0,-1.5126517,0.031125299632549286,0.039000000804662704,0.12139999866485596
YER007C-A,YFL035C,0,-1.5127286,0.031100478023290634,0.039000000804662704,0.12150000035762787
YLL014W,YOL100W,0,-1.5129766,0.031075697392225266,0.039000000804662704,0.12160000205039978
YOR240W,YPL145C,0,-1.5132527,0.03105095587670803,0.039000000804662704,0.1216999962925911
YBR188C,YML096W,0,-1.5133576,0.03102625347673893,0.039000000804662704,0.121799997985363
YCL012W,YGR180C,0,-1.5136472,0.031001590192317963,0.039000000804662704,0.12189999967813492
YPL031C,YOL141W,0,-1.513696,0.03097696602344513,0.039000000804662704,0.12200000137090683
YIL036W,YPL257W-A,0,-1.5137689,0.03095238097012043,0.039000000804662704,0.12210000306367874
YLR356W,YLR115W,0,-1.5139922,0.030927835032343864,0.039000000804662704,0.12219999730587006
YOR018W,YKL171W,0,-1.5143931,0.030903328210115433,0.039000000804662704,0.12229999899864197
YGR109W-A,YLR190W,0,-1.514543,0.030878860503435135,0.039000000804662704,0.12240000069141388
YPR158C-D,YNR044W,0,-1.5147184,0.03085443004965782,0.039000000804662704,0.12250000238418579
YOR215C,YPL220W,0,-1.5149813,0.030830038711428642,0.039000000804662704,0.1225999966263771
YDR170W-A,YKL182W,0,-1.5150378,0.030805686488747597,0.039000000804662704,0.12269999831914902
YKL119C,YOL101C,1,-1.5150976,0.031570639461278915,0.03999999910593033,0.12269999831914902
YOR191W,YAR044W,0,-1.5151651,0.031545739620923996,0.03999999910593033,0.12280000001192093
YEL052W,YLR227W-A,0,-1.5152005,0.03152088075876236,0.03999999910593033,0.12290000170469284
YGR109W-A,YOL054W,0,-1.515332,0.031496062874794006,0.03999999910593033,0.12300000339746475
YCR087C-A,YJL081C,0,-1.5156848,0.03147128224372864,0.03999999910593033,0.12309999763965607
YNL086W,YJL012C-A,0,-1.5159274,0.03144654259085655,0.03999999910593033,0.12319999933242798
YGR159C,YPR055W,0,-1.5160701,0.03142183646559715,0.03999999910593033,0.12330000102519989
YOR192C-A,YMR188C,0,-1.5160916,0.031397175043821335,0.03999999910593033,0.1234000027179718
YEL021W,YER159C-A,0,-1.5164859,0.0313725508749485,0.03999999910593033,0.12349999696016312
YMR091C,YML039W,0,-1.5166728,0.03134796395897865,0.03999999910593033,0.12359999865293503
YDR316W-A,YLL041C,0,-1.516895,0.03132341429591179,0.03999999910593033,0.12370000034570694
YKL200C,YKL054C,0,-1.5169374,0.03129890561103821,0.03999999910593033,0.12380000203847885
YNL176C,YOR320C,0,-1.5169591,0.03127443417906761,0.03999999910593033,0.12389999628067017
YFR034C,YDR261C-D,0,-1.517041,0.03125,0.03999999910593033,0.12399999797344208
YML040W,YNL012W,0,-1.5171268,0.031225604936480522,0.03999999910593033,0.12409999966621399
YDL031W,YOR343W-A,0,-1.5171287,0.03120124712586403,0.03999999910593033,0.1242000013589859
YFL045C,YOR393W,0,-1.5172281,0.03117692843079567,0.03999999910593033,0.12430000305175781
YHR039C-B,YML057W,1,-1.517658,0.03193146362900734,0.04100000113248825,0.12430000305175781
YBL034C,YKL200C,0,-1.5177186,0.0319066159427166,0.04100000113248825,0.12439999729394913
YDR261C-D,YDL142C,0,-1.517786,0.03188180550932884,0.04100000113248825,0.12449999898672104
YOL072W,YNR071C,0,-1.517857,0.03185703232884407,0.04100000113248825,0.12460000067949295
YPR049C,YAR044W,0,-1.5182282,0.03183229640126228,0.04100000113248825,0.12470000237226486
YDR365W-A,YOR099W,0,-1.5182536,0.03180760145187378,0.04100000113248825,0.12479999661445618
YPL090C,YDL046W,0,-1.5186293,0.03178294748067856,0.04100000113248825,0.12489999830722809
YER174C,YHR039C-B,1,-1.5187097,0.03253291919827461,0.041999999433755875,0.12489999830722809
YJR022W,YNL146W,0,-1.5187731,0.03250773996114731,0.041999999433755875,0.125
YJL012C-A,YPR041W,0,-1.519402,0.03248259797692299,0.041999999433755875,0.1251000016927719
YOR356W,YLR441C,0,-1.5194768,0.03245749697089195,0.041999999433755875,0.12520000338554382
YPR071W,YER048W-A,0,-1.5196325,0.0324324332177639,0.041999999433755875,0.12530000507831573
YNL188W,YKR075C,0,-1.5198194,0.032407406717538834,0.041999999433755875,0.12540000677108765
YCR080W,YBR042C,0,-1.5202113,0.03238242119550705,0.041999999433755875,0.12549999356269836
YHR207C,YCR097WB,0,-1.5202634,0.03235747292637825,0.041999999433755875,0.12559999525547028
YBL091C-A,YNL092W,0,-1.520294,0.032332561910152435,0.041999999433755875,0.1256999969482422
YPR158C-D,YNL307C,0,-1.5204155,0.032307691872119904,0.041999999433755875,0.1257999986410141
YCR014C,YGR272C,0,-1.5207006,0.032282859086990356,0.041999999433755875,0.125900000333786
YER108C,YIR004W,0,-1.520723,0.032258063554763794,0.041999999433755875,0.12600000202655792
YHR039C-B,YKL119C,1,-1.5210104,0.03300076723098755,0.0430000014603138,0.12600000202655792
YLR256W-A,YLR451W,0,-1.5210438,0.0329754613339901,0.0430000014603138,0.12610000371932983
YKR057W,YHL009W-B,0,-1.5210438,0.03295019268989563,0.0430000014603138,0.12620000541210175
YER174C,YDR065W,1,-1.5210967,0.03369065746665001,0.04399999976158142,0.12620000541210175
YNL284C-B,YOR011W,0,-1.5211313,0.03366488218307495,0.04399999976158142,0.12630000710487366
YPL257W-A,YDR256C,0,-1.5213504,0.03363914415240288,0.04399999976158142,0.12639999389648438
YHR039C-B,YJL056C,1,-1.5215235,0.034377388656139374,0.04500000178813934,0.12639999389648438
YLR040C,YOL026C,0,-1.5219742,0.03435114398598671,0.04500000178813934,0.1264999955892563
YPL163C,YJL171C,0,-1.5221629,0.03432494401931763,0.04500000178813934,0.1265999972820282
YOR018W,YJL191W,0,-1.522164,0.03429878130555153,0.04500000178813934,0.1266999989748001
YCL029C,YCR055C,0,-1.5222447,0.034272659569978714,0.04500000178813934,0.12680000066757202
YJL183W,YCR097WB,0,-1.522347,0.034246575087308884,0.04500000178813934,0.12690000236034393
YPR144C,YLR098C,0,-1.5228376,0.034220531582832336,0.04500000178813934,0.12700000405311584
YNR004W,YGL196W,0,-1.5228627,0.03419452905654907,0.04500000178813934,0.12710000574588776
YAR009C,YNR024W,0,-1.5230327,0.03416856378316879,0.04500000178813934,0.12720000743865967
YBL093C,YDR098C-A,0,-1.5231764,0.034142639487981796,0.04500000178813934,0.12729999423027039
YCL012W,YDR122W,0,-1.5231863,0.03411675617098808,0.04500000178813934,0.1273999959230423
YJR066W,YMR321C,0,-1.5232618,0.034090910106897354,0.04500000178813934,0.1274999976158142
YDR365W-A,YGR089W,0,-1.5232787,0.03406510129570961,0.04500000178813934,0.12759999930858612
YGR109W-B,YDR170C,0,-1.5234541,0.03403933346271515,0.04500000178813934,0.12770000100135803
YNR041C,YDR365W-A,0,-1.5237169,0.03401360660791397,0.04500000178813934,0.12780000269412994
YKL134C,YHR039C-B,1,-1.5238416,0.03474320098757744,0.04600000008940697,0.12780000269412994
YPR158C-D,YOR019W,0,-1.5238631,0.03471698239445686,0.04600000008940697,0.12790000438690186
YDL231C,YCR097WB,0,-1.5242289,0.03469080105423927,0.04600000008940697,0.12800000607967377
YMR213W,YMR315W,0,-1.5243802,0.03466465696692467,0.04600000008940697,0.12809999287128448
YBR031W,YBR141C,0,-1.5245814,0.034638553857803345,0.04600000008940697,0.1281999945640564
YGR161W-A,YKL009W,0,-1.5248272,0.034612491726875305,0.04600000008940697,0.1282999962568283
YGL010W,YHR079C,0,-1.5248653,0.03458646684885025,0.04600000008940697,0.12839999794960022
YBL072C,YPL104W,0,-1.5249009,0.03456047922372818,0.04600000008940697,0.12849999964237213
YDL206W,YPL033C,0,-1.5249926,0.03453453630208969,0.04600000008940697,0.12860000133514404
YDL134C-A,YOR269W,0,-1.5251969,0.03450862690806389,0.04600000008940697,0.12870000302791595
YDR172W,YDL247W,0,-1.5252929,0.03448275849223137,0.04600000008940697,0.12880000472068787
YGR272C,YDR448W,0,-1.5254452,0.034456927329301834,0.04600000008940697,0.12890000641345978
YOR292C,YOR320C,0,-1.525454,0.03443113714456558,0.04600000008940697,0.1289999932050705
YPL210C,YGL096W,0,-1.5261791,0.034405384212732315,0.04600000008940697,0.1290999948978424
YNL079C,YNR018W,0,-1.5261915,0.03437967225909233,0.04600000008940697,0.12919999659061432
YDR479C,YPL068C,0,-1.5262684,0.03435399383306503,0.04600000008940697,0.12929999828338623
YBR162W-A,YLR256W-A,0,-1.5263757,0.03432835638523102,0.04600000008940697,0.12939999997615814
YCR028C,YCR087C-A,0,-1.5263977,0.034302759915590286,0.04600000008940697,0.12950000166893005
YPL223C,YFL035C,0,-1.5265713,0.03427719697356224,0.04600000008940697,0.12960000336170197
YBR105C,YFR016C,0,-1.5266435,0.03425167500972748,0.04600000008940697,0.12970000505447388
YCL060C,YPL060W,0,-1.5267578,0.0342261902987957,0.04600000008940697,0.1298000067472458
YOL084W,YGL251C,0,-1.5268979,0.03420074284076691,0.04600000008940697,0.1298999935388565
YPL121C,YDR090C,0,-1.526984,0.0341753326356411,0.04600000008940697,0.12999999523162842
YER137C-A,YML047C,0,-1.527106,0.03414996340870857,0.04600000008940697,0.13009999692440033
YJR139C,YCL057C-A,0,-1.5271113,0.03412462770938873,0.04600000008940697,0.13019999861717224
YHL035C,YGL009C,0,-1.527187,0.034099332988262177,0.04600000008940697,0.13030000030994415
YJL059W,YCL005W-A,1,-1.527591,0.03481481596827507,0.04699999839067459,0.13030000030994415
YHR079C-B,YAR002C-A,0,-1.527607,0.03478904440999031,0.04699999839067459,0.13040000200271606
YOR382W,YFR053C,0,-1.527656,0.034763313829898834,0.04699999839067459,0.13050000369548798
YJL082W,YKL011C,0,-1.5280142,0.03473762050271034,0.04699999839067459,0.1306000053882599
YGL046W,YKR072C,0,-1.5282094,0.034711964428424835,0.04699999839067459,0.1307000070810318
YAL025C,YMR086W,0,-1.5284295,0.03468634560704231,0.04699999839067459,0.13079999387264252
YLR328W,YDR261W-A,0,-1.5285084,0.03466076776385307,0.04699999839067459,0.13089999556541443
YDR422C,YIL080W,0,-1.5287402,0.03463522344827652,0.04699999839067459,0.13099999725818634
YDL075W,YDL119C,0,-1.5288041,0.03460972011089325,0.04699999839067459,0.13109999895095825
YPR137C-A,YLR419W,0,-1.5292096,0.034584254026412964,0.04699999839067459,0.13120000064373016
YLR429W,YCR097WB,0,-1.5292931,0.03455882519483566,0.04699999839067459,0.13130000233650208
YDL099W,YCL003W,0,-1.5294082,0.03453342989087105,0.04699999839067459,0.131400004029274
YMR063W,YLR391W,0,-1.5294582,0.034508075565099716,0.04699999839067459,0.1315000057220459
YPR158W-B,YDR325W,0,-1.529531,0.03448275849223137,0.04699999839067459,0.1316000074148178
YNL240C,YER184C,0,-1.5295441,0.034457478672266006,0.04699999839067459,0.13169999420642853
YER023W,YLR001C,0,-1.5299058,0.03443223610520363,0.04699999839067459,0.13179999589920044
YJL153C,YPR070W,0,-1.5300559,0.03440702706575394,0.04699999839067459,0.13189999759197235
YOR343W-B,YGR268C,0,-1.5301446,0.03438185900449753,0.04699999839067459,0.13199999928474426
YMR015C,YOL096C,0,-1.5301589,0.034356724470853806,0.04699999839067459,0.13210000097751617
YDL211C,YHR154W,0,-1.530222,0.03433162719011307,0.04699999839067459,0.13220000267028809
YJL102W,YNL190W,0,-1.5302804,0.03430657088756561,0.04699999839067459,0.13230000436306
YPR175W,YLR419W,0,-1.5305579,0.034281548112630844,0.04699999839067459,0.1324000060558319
YOR156C,YDR210C-D,0,-1.530875,0.03425655886530876,0.04699999839067459,0.13249999284744263
YIL106W,YFL035C-B,0,-1.5311625,0.03423161059617996,0.04699999839067459,0.13259999454021454
YEL015W,YDR365W-A,0,-1.531167,0.03420669585466385,0.04699999839067459,0.13269999623298645
YDR534C,YOL120C,0,-1.5313872,0.03418181836605072,0.04699999839067459,0.13279999792575836
YMR023C,YLR312C-B,0,-1.5318472,0.034156978130340576,0.04699999839067459,0.13289999961853027
YDL022W,YGR283C,0,-1.5319393,0.03413217142224312,0.04699999839067459,0.13300000131130219
YLR312C-B,YGR211W,0,-1.531965,0.034107401967048645,0.04699999839067459,0.1331000030040741
YDL144C,YLR115W,0,-1.53211,0.034082669764757156,0.04699999839067459,0.133200004696846
YCL075W,YAL020C,0,-1.5328972,0.034057971090078354,0.04699999839067459,0.13330000638961792
YBL005W-B,YDR288W,0,-1.5333102,0.034033309668302536,0.04699999839067459,0.13339999318122864
YER185W,YDR316W-B,0,-1.533329,0.034008681774139404,0.04699999839067459,0.13349999487400055
YMR043W,YOR142W-B,0,-1.5334752,0.03398409113287926,0.04699999839067459,0.13359999656677246
YBL005W-B,YLR176C,0,-1.5335897,0.033959537744522095,0.04699999839067459,0.13369999825954437
YPR158W-B,YKR034W,0,-1.5340595,0.03393501788377762,0.04699999839067459,0.13379999995231628
YGR159C,YER014C-A,0,-1.534123,0.03391053527593613,0.04699999839067459,0.1339000016450882
YEL022W,YBL100W-B,0,-1.534184,0.03388608619570732,0.04699999839067459,0.1340000033378601
YJR097W,YIL018W,0,-1.5346303,0.0338616706430912,0.04699999839067459,0.13410000503063202
YPL063W,YDR098C-A,0,-1.534673,0.03383729234337807,0.04699999839067459,0.13420000672340393
YNL112W,YPL259C,0,-1.5347009,0.03381295129656792,0.04699999839067459,0.13429999351501465
YDR046C,YGR109W-B,0,-1.5347314,0.033788640052080154,0.04699999839067459,0.13439999520778656
YMR076C,YDR056C,0,-1.5349219,0.03376436606049538,0.04699999839067459,0.13449999690055847
YER108C,YGL167C,0,-1.5349996,0.03374012932181358,0.04699999839067459,0.13459999859333038
YJL114W,YGR070W,0,-1.5351434,0.033715926110744476,0.04699999839067459,0.1347000002861023
YFR015C,YOR246C,0,-1.5351856,0.033691756427288055,0.04699999839067459,0.1348000019788742
YGL186C,YML091C,0,-1.535321,0.03366762027144432,0.04699999839067459,0.13490000367164612
YGL103W,YLR227W-A,0,-1.5354327,0.03364352136850357,0.04699999839067459,0.13500000536441803
YMR217W,YOL103W-A,0,-1.5355203,0.03361945599317551,0.04699999839067459,0.13510000705718994
YDR449C,YAL003W,0,-1.5356271,0.03359542414546013,0.04699999839067459,0.13519999384880066
YLR284C,YCL003W,0,-1.5358686,0.033571429550647736,0.04699999839067459,0.13529999554157257
YBL028C,YDL138W,0,-1.5359364,0.03354746475815773,0.04699999839067459,0.13539999723434448
YKL212W,YPR200C,0,-1.536144,0.03352353721857071,0.04699999839067459,0.1354999989271164
YGR181W,YFL002W-B,0,-1.5363383,0.033499643206596375,0.04699999839067459,0.1356000006198883
YER117W,YOL103W-A,0,-1.5366013,0.033475782722234726,0.04699999839067459,0.13570000231266022
YHL009W-B,YDR498C,0,-1.5366013,0.033451955765485764,0.04699999839067459,0.13580000400543213
YOR151C,YCL003W,0,-1.5370893,0.033428166061639786,0.04699999839067459,0.13590000569820404
YHR079C-B,YML042W,0,-1.5376418,0.033404406160116196,0.04699999839067459,0.13600000739097595
YJL012C-A,YLR325C,0,-1.537885,0.03338068351149559,0.04699999839067459,0.13609999418258667
YDR218C,YDR516C,0,-1.5379437,0.03335699066519737,0.04699999839067459,0.13619999587535858
YDR144C,YOL157C,0,-1.5379676,0.03333333507180214,0.04699999839067459,0.1362999975681305
YPR192W,YCL075W,0,-1.5384684,0.033309709280729294,0.04699999839067459,0.1363999992609024
YER148W,YCL074W,0,-1.5385454,0.03328612074255943,0.04699999839067459,0.13650000095367432
YCR080W,YGR225W,0,-1.5386229,0.03326256200671196,0.04699999839067459,0.13660000264644623
YDR026C,YJR135W-A,0,-1.5386387,0.03323903679847717,0.04699999839067459,0.13670000433921814
YJL005W,YDR365W-A,0,-1.5387342,0.03321554884314537,0.04699999839067459,0.13680000603199005
YLL011W,YBL106C,0,-1.5391197,0.033192090690135956,0.04699999839067459,0.13689999282360077
YLR010C,YAR027W,0,-1.5394046,0.03316866606473923,0.04699999839067459,0.13699999451637268
YLR154W-C,YHR070W,0,-1.5394647,0.033145274966955185,0.04699999839067459,0.1370999962091446
YMR268W-A,YLL033W,0,-1.5399249,0.03312191739678383,0.04699999839067459,0.1371999979019165
YNL054W-B,YMR019W,0,-1.5401073,0.03309859335422516,0.04699999839067459,0.13729999959468842
YLR019W,YFL002W-B,0,-1.5402826,0.033075299113988876,0.04699999839067459,0.13740000128746033
YNL247W,YKR006C,0,-1.5403345,0.03305203840136528,0.04699999839067459,0.13750000298023224
YOR298W,YHR046C,0,-1.5407434,0.03302881121635437,0.04699999839067459,0.13760000467300415
YJR029W,YOL144W,0,-1.5408251,0.033005617558956146,0.04699999839067459,0.13770000636577606
YBR100W,YGR052W,0,-1.5409992,0.03298245742917061,0.04699999839067459,0.13779999315738678
YGR071C,YBR005W,0,-1.5410397,0.03295932710170746,0.04699999839067459,0.1378999948501587
YDR034C-C,YGL142C,0,-1.5412467,0.032936230301856995,0.04699999839067459,0.1379999965429306
YFR015C,YDL235C,0,-1.5415465,0.03291316702961922,0.04699999839067459,0.13809999823570251
YPR154W,YOL103W-B,0,-1.542094,0.03289013355970383,0.04699999839067459,0.13819999992847443
YDR188W,YNL176C,0,-1.5422401,0.03286713361740112,0.04699999839067459,0.13830000162124634
YFR027W,YLR337W,0,-1.5423865,0.03284416347742081,0.04699999839067459,0.13840000331401825
YHR076W,YDR365W-A,0,-1.5425615,0.032821230590343475,0.04699999839067459,0.13850000500679016
YDR145W,YDR316W-A,0,-1.5430288,0.03279832378029823,0.04699999839067459,0.13860000669956207
YCL068C,YER180C,0,-1.5430334,0.032775454223155975,0.04699999839067459,0.1386999934911728
YDR034C-C,YPR122W,0,-1.5430874,0.032752614468336105,0.04699999839067459,0.1387999951839447
YDR397C,YCL026C-B,0,-1.543623,0.03272980451583862,0.04699999839067459,0.1388999968767166
YLL067C,YPR198W,0,-1.5437317,0.03270702809095383,0.04699999839067459,0.13899999856948853
YAR019C,YPR137C-B,0,-1.5437884,0.03268428519368172,0.04699999839067459,0.13910000026226044
YJR054W,YDR358W,0,-1.5439153,0.032661572098731995,0.04699999839067459,0.13920000195503235
YNL029C,YMR118C,0,-1.5439812,0.03263888880610466,0.04699999839067459,0.13930000364780426
YIL136W,YOR343W-A,0,-1.5441974,0.03261623904109001,0.04699999839067459,0.13940000534057617
YMR050C,YJL011C,0,-1.5443337,0.03259361907839775,0.04699999839067459,0.13950000703334808
YPL163C,YBR016W,0,-1.544344,0.032571032643318176,0.04699999839067459,0.1395999938249588
YIL107C,YDR172W,0,-1.5443447,0.03254847601056099,0.04699999839067459,0.1396999955177307
YGR161W-A,YLR186W,0,-1.5444312,0.03252595290541649,0.04699999839067459,0.13979999721050262
YPR010C,YOR240W,0,-1.5445461,0.032503459602594376,0.04699999839067459,0.13989999890327454
YGR170W,YPR196W,0,-1.5446231,0.03248099610209465,0.04699999839067459,0.14000000059604645
YDR056C,YDR478W,0,-1.5449162,0.03245856240391731,0.04699999839067459,0.14010000228881836
YGR162W,YPL123C,0,-1.5450802,0.03243616223335266,0.04699999839067459,0.14020000398159027
YEL040W,YGR017W,0,-1.5456958,0.0324137918651104,0.04699999839067459,0.14030000567436218
YDR513W,YPL257W-B,0,-1.5457168,0.03239145502448082,0.04699999839067459,0.1404000073671341
YDL211C,YML112W,0,-1.5460532,0.03236914426088333,0.04699999839067459,0.1404999941587448
YBL028C,YPR008W,0,-1.5466766,0.03234686702489853,0.04699999839067459,0.14059999585151672
YBR100W,YLR404W,0,-1.5472808,0.03232462331652641,0.04699999839067459,0.14069999754428864
YGR161C-D,YMR130W,0,-1.5474112,0.032302405685186386,0.04699999839067459,0.14079999923706055
YDR369C,YNL054W-B,0,-1.5475574,0.032280221581459045,0.04699999839067459,0.14090000092983246
YDL211C,YDL007W,0,-1.5477247,0.032258063554763794,0.04699999839067459,0.14100000262260437
YIL125W,YJR022W,0,-1.5477611,0.03223593905568123,0.04699999839067459,0.14110000431537628
YEL027W,YDR495C,1,-1.5477667,0.032899245619773865,0.04800000041723251,0.14110000431537628
YDR261W-B,YMR285C,0,-1.5481417,0.03287671133875847,0.04800000041723251,0.1412000060081482
YJR073C,YDR009W,0,-1.5481832,0.03285421058535576,0.04800000041723251,0.1412999927997589
YKL171W,YGR208W,0,-1.5482025,0.03283173590898514,0.04800000041723251,0.14139999449253082
YIR015W,YBR141C,0,-1.5484388,0.0328092947602272,0.04800000041723251,0.14149999618530273
YOR244W,YGR272C,0,-1.5486984,0.032786883413791656,0.04800000041723251,0.14159999787807465
YMR143W,YGR012W,0,-1.5487685,0.032764505594968796,0.04800000041723251,0.14169999957084656
YMR006C,YBR111W-A,0,-1.5490184,0.032742153853178024,0.04800000041723251,0.14180000126361847
YDR261C-D,YDR393W,0,-1.5490767,0.03271983563899994,0.04800000041723251,0.14190000295639038
YMR166C,YDR329C,0,-1.549146,0.03269754722714424,0.04800000041723251,0.1420000046491623
YKR103W,YIL177C,0,-1.5491498,0.03267528861761093,0.04800000041723251,0.1421000063419342
YDR210W-B,YBL113C,0,-1.5492519,0.03265305981040001,0.04800000041723251,0.14219999313354492
YML107C,YLR154W-C,0,-1.5496918,0.03263086453080177,0.04800000041723251,0.14229999482631683
YIL123W,YPL068C,0,-1.5499918,0.032608695328235626,0.04800000041723251,0.14239999651908875
YNL054W-B,YHR136C,0,-1.55007,0.032586559653282166,0.04800000041723251,0.14249999821186066
YKL164C,YPL011C,0,-1.5502243,0.032564450055360794,0.04800000041723251,0.14259999990463257
YOR304C-A,YFL056C,0,-1.550729,0.03254237398505211,0.04800000041723251,0.14270000159740448
YML042W,YCR087C-A,0,-1.5512704,0.03252032399177551,0.04800000041723251,0.1428000032901764
YLR318W,YKL100C,0,-1.5514538,0.0324983075261116,0.04800000041723251,0.1429000049829483
YDR507C,YBL100W-B,0,-1.5518992,0.03247632086277008,0.04800000041723251,0.14300000667572021
YGR118W,YDR009W,0,-1.5530572,0.03245436027646065,0.04800000041723251,0.14309999346733093
YGL112C,YFL035C,0,-1.5531464,0.0324324332177639,0.04800000041723251,0.14319999516010284
YLR092W,YCR080W,0,-1.5536313,0.03241053223609924,0.04800000041723251,0.14329999685287476
YKR038C,YDL206W,0,-1.553729,0.03238866478204727,0.04800000041723251,0.14339999854564667
YCR092C,YPR011C,0,-1.5542986,0.03236682340502739,0.04800000041723251,0.14350000023841858
YDL160C,YNL191W,0,-1.5555074,0.032345011830329895,0.04800000041723251,0.1436000019311905
YOR246C,YBL063W,0,-1.5556237,0.03232323378324509,0.04800000041723251,0.1437000036239624
YMR270C,YFL057C,0,-1.555701,0.03230148181319237,0.04800000041723251,0.14380000531673431
YCL055W,YBR271W,0,-1.5558412,0.032279759645462036,0.04800000041723251,0.14390000700950623
YOR343W-B,YBL113C,0,-1.55603,0.032258063554763794,0.04800000041723251,0.14399999380111694
YJR029W,YHR021C,0,-1.5561785,0.03223640099167824,0.04800000041723251,0.14409999549388885
YPL258C,YNL284C-B,0,-1.5562638,0.03221476450562477,0.04800000041723251,0.14419999718666077
YHL015W,YFR025C,0,-1.5563831,0.03219315782189369,0.04800000041723251,0.14429999887943268
YCR080W,YLR093C,0,-1.5567062,0.032171580940485,0.04800000041723251,0.1444000005722046
YMR308C,YOR009W,0,-1.5570433,0.0321500338613987,0.04800000041723251,0.1445000022649765
YGR199W,YGR283C,0,-1.557056,0.03212851285934448,0.04800000041723251,0.1446000039577484
YJR054W,YMR273C,0,-1.5570672,0.032107021659612656,0.04800000041723251,0.14470000565052032
YMR046C,YPL138C,0,-1.5570756,0.03208556026220322,0.04800000041723251,0.14480000734329224
YKR095W-A,YHR046C,0,-1.557493,0.032064128667116165,0.04800000041723251,0.14489999413490295
YMR289W,YHR096C,0,-1.5576923,0.0320427231490612,0.04800000041723251,0.14499999582767487
YOR267C,YLR126C,1,-1.5582154,0.032688457518815994,0.04899999871850014,0.14499999582767487
YOR298W,YGL231C,0,-1.5586891,0.03266666829586029,0.04899999871850014,0.14509999752044678
YPL276W,YFL002W-B,0,-1.5588933,0.032644905149936676,0.04899999871850014,0.1451999992132187
YGR035C,YDR254W,0,-1.5590899,0.03262316808104515,0.04899999871850014,0.1453000009059906
YPL209C,YHR211W,0,-1.5591934,0.03260146453976631,0.04899999871850014,0.1454000025987625
YNL007C,YBR276C,0,-1.5592201,0.03257978707551956,0.04899999871850014,0.14550000429153442
YDR492W,YGL155W,1,-1.5593417,0.033222589641809464,0.05000000074505806,0.14550000429153442
YJR145C,YCL035C,0,-1.5594516,0.03320053219795227,0.05000000074505806,0.14560000598430634
YGR161W-B,YJL225C,0,-1.5595944,0.03317850083112717,0.05000000074505806,0.14569999277591705
YMR175W,YGR078C,0,-1.559597,0.03315649926662445,0.05000000074505806,0.14579999446868896
YKL165C,YDR262W,0,-1.5597231,0.03313452750444412,0.05000000074505806,0.14589999616146088
YJR028W,YAL041W,0,-1.5598091,0.03311258181929588,0.05000000074505806,0.1459999978542328
YDL030W,YML096W,0,-1.5601945,0.03309066966176033,0.05000000074505806,0.1460999995470047
YPL096C-A,YBR142W,0,-1.5608566,0.033068783581256866,0.05000000074505806,0.1462000012397766
YML045W,YLR377C,0,-1.5611007,0.03304692730307579,0.05000000074505806,0.14630000293254852
YCR058C,YBR065C,0,-1.5612065,0.0330251008272171,0.05000000074505806,0.14640000462532043
YMR160W,YNL160W,0,-1.5621539,0.0330033004283905,0.05000000074505806,0.14650000631809235
YDL006W,YGR026W,0,-1.5621569,0.03298152983188629,0.05000000074505806,0.14659999310970306
YDR323C,YLR466W,0,-1.5622145,0.03295978903770447,0.05000000074505806,0.14669999480247498
YJL001W,YIL119C,0,-1.5624317,0.03293807804584503,0.05000000074505806,0.1467999964952469
YKR078W,YLR283W,0,-1.5626771,0.032916393131017685,0.05000000074505806,0.1468999981880188
YBL010C,YMR275C,0,-1.5629026,0.032894738018512726,0.05000000074505806,0.1469999998807907
YER178W,YBL100W-B,0,-1.5631204,0.032873108983039856,0.05000000074505806,0.14710000157356262
YER044C-A,YNL092W,0,-1.5635009,0.032851509749889374,0.05000000074505806,0.14720000326633453
YMR045C,YJL187C,0,-1.5635986,0.03282994031906128,0.05000000074505806,0.14730000495910645
YDL129W,YGL014W,0,-1.5639052,0.03280840069055557,0.05000000074505806,0.14740000665187836
YKR049C,YFR001W,0,-1.564634,0.032786883413791656,0.05000000074505806,0.14749999344348907
YPL065W,YCR087C-A,0,-1.5646449,0.03276539966464043,0.05000000074505806,0.147599995136261
YDR234W,YLR446W,0,-1.5646724,0.032743941992521286,0.05000000074505806,0.1476999968290329
YPR001W,YGL039W,0,-1.5647779,0.03272251412272453,0.05000000074505806,0.1477999985218048
YMR130W,YKR090W,0,-1.565362,0.03270111232995987,0.05000000074505806,0.14790000021457672
YEL043W,YML073C,0,-1.5660815,0.03267974033951759,0.05000000074505806,0.14800000190734863
YOR356W,YER038C,0,-1.5662043,0.03265839442610741,0.05000000074505806,0.14810000360012054
YNR071C,YMR286W,0,-1.5662777,0.03263707458972931,0.05000000074505806,0.14820000529289246
YOR054C,YDR065W,1,-1.5663729,0.03326810151338577,0.050999999046325684,0.14820000529289246
YJL181W,YDL093W,0,-1.5665867,0.03324641287326813,0.050999999046325684,0.14830000698566437
YFR024C,YLR448W,0,-1.5667031,0.03322475403547287,0.050999999046325684,0.14839999377727509
YGR044C,YDR131C,0,-1.5667953,0.033203125,0.050999999046325684,0.148499995470047
YKL199C,YKR064W,0,-1.566946,0.03318152204155922,0.050999999046325684,0.1485999971628189
YHL006C,YBR054W,0,-1.5669892,0.033159948885440826,0.050999999046325684,0.14869999885559082
YKR104W,YIL094C,0,-1.5670629,0.03313840180635452,0.050999999046325684,0.14880000054836273
YGR217W,YNR071C,0,-1.5675342,0.03311688452959061,0.050999999046325684,0.14890000224113464
YKL088W,YPR155C,0,-1.5676582,0.03309539332985878,0.050999999046325684,0.14900000393390656
YPL027W,YDR513W,0,-1.5678712,0.03307392820715904,0.050999999046325684,0.14910000562667847
YIR014W,YKL024C,0,-1.5680175,0.03305249661207199,0.050999999046325684,0.14920000731945038
YPR204W,YNL292W,0,-1.5682952,0.03303108736872673,0.050999999046325684,0.1492999941110611
YBR182C,YMR099C,0,-1.5688708,0.03300970792770386,0.050999999046325684,0.149399995803833
YMR203W,YDR358W,0,-1.56908,0.03298835828900337,0.050999999046325684,0.14949999749660492
YNR030W,YLR154W-C,0,-1.5694458,0.032967034727334976,0.050999999046325684,0.14959999918937683
YGR285C,YGR109W-B,0,-1.5695863,0.03294573724269867,0.050999999046325684,0.14970000088214874
YBR033W,YKL218C,0,-1.5697553,0.03292446583509445,0.050999999046325684,0.14980000257492065
YHR138C,YNR028W,0,-1.5697782,0.03290322422981262,0.050999999046325684,0.14990000426769257
YER190W,YLR154W-C,0,-1.5700346,0.03288201242685318,0.050999999046325684,0.15000000596046448
YLR391W-A,YKR079C,0,-1.5705477,0.03286082297563553,0.050999999046325684,0.1500999927520752
YOR373W,YNL208W,0,-1.5709836,0.032839663326740265,0.050999999046325684,0.1501999944448471
YMR240C,YHL012W,0,-1.5712717,0.03281853348016739,0.050999999046325684,0.15029999613761902
YEL029C,YKL100C,0,-1.5716926,0.032797425985336304,0.050999999046325684,0.15039999783039093
YOR257W,YGR071C,0,-1.5717123,0.032776348292827606,0.050999999046325684,0.15049999952316284
YPR071W,YDR222W,0,-1.5720305,0.032755300402641296,0.050999999046325684,0.15060000121593475
YDL144C,YMR008C,0,-1.5722535,0.03273427486419678,0.050999999046325684,0.15070000290870667
YDR289C,YFL018W-A,0,-1.5724897,0.032713279128074646,0.050999999046325684,0.15080000460147858
YMR055C,YML096W,0,-1.5726573,0.032692309468984604,0.050999999046325684,0.1509000062942505
YLR370C,YAR044W,0,-1.572781,0.03267136588692665,0.050999999046325684,0.1509999930858612
YBR100W,YGL163C,0,-1.5729156,0.03265044838190079,0.050999999046325684,0.15109999477863312
YJL196C,YOR383C,0,-1.5730066,0.03262955695390701,0.050999999046325684,0.15119999647140503
YHR077C,YLR157C,0,-1.573518,0.032608695328235626,0.050999999046325684,0.15129999816417694
YPR133C,YIL170W,0,-1.5741029,0.03258785977959633,0.050999999046325684,0.15139999985694885
YMR306W,YDL021W,0,-1.5746036,0.03256705030798912,0.050999999046325684,0.15150000154972076
YHL008C,YDR486C,0,-1.5746365,0.032546266913414,0.050999999046325684,0.15160000324249268
YOR246C,YPR175W,0,-1.5748525,0.03252550959587097,0.050999999046325684,0.1517000049352646
YJL101C,YBL106C,0,-1.575318,0.03250477835536003,0.050999999046325684,0.1518000066280365
YCR054C,YFR006W,0,-1.5753789,0.03248407691717148,0.050999999046325684,0.15189999341964722
YOL065C,YOL053C-A,0,-1.575431,0.032463397830724716,0.050999999046325684,0.15199999511241913
YLR126C,YHL047C,1,-1.5754573,0.0330788791179657,0.052000001072883606,0.15199999511241913
YML109W,YLR042C,0,-1.5754979,0.03305784985423088,0.052000001072883606,0.15209999680519104
YDR118W,YML018C,0,-1.5755222,0.03303685039281845,0.052000001072883606,0.15219999849796295
YER032W,YDR131C,0,-1.5756512,0.03301587328314781,0.052000001072883606,0.15230000019073486
YMR175W,YMR276W,0,-1.5757611,0.03299492225050926,0.052000001072883606,0.15240000188350677
YDL134C-A,YBR223C,0,-1.5762038,0.0329740010201931,0.052000001072883606,0.1525000035762787
YOR341W,YLR301W,0,-1.5767813,0.03295310586690903,0.052000001072883606,0.1526000052690506
YJR151C,YKR075C,0,-1.5768352,0.03293223679065704,0.052000001072883606,0.1527000069618225
YPL155C,YLR017W,0,-1.5770226,0.03291139379143715,0.052000001072883606,0.15279999375343323
YML016C,YOL101C,1,-1.5771327,0.033523086458444595,0.05299999937415123,0.15279999375343323
YKL116C,YJL149W,0,-1.5771612,0.033501897007226944,0.05299999937415123,0.15289999544620514
YMR032W,YDR415C,0,-1.5773206,0.03348073363304138,0.05299999937415123,0.15299999713897705
YJL181W,YNL129W,0,-1.5778342,0.03345959633588791,0.05299999937415123,0.15309999883174896
YJR059W,YOL101C,1,-1.5778933,0.034069400280714035,0.05400000140070915,0.15309999883174896
YLR058C,YER173W,0,-1.5780089,0.034047920256853104,0.05400000140070915,0.15320000052452087
YGL062W,YMR210W,0,-1.5783129,0.03402646631002426,0.05400000140070915,0.15330000221729279
YDR449C,YLR411W,0,-1.5783823,0.03400503844022751,0.05400000140070915,0.1534000039100647
YEL030W,YHR035W,0,-1.5787537,0.033983636647462845,0.05400000140070915,0.1535000056028366
YDR298C,YLR460C,0,-1.5788739,0.03396226465702057,0.05400000140070915,0.15360000729560852
YJL144W,YKL089W,0,-1.5789244,0.03394091874361038,0.05400000140070915,0.15369999408721924
YJR140C,YDL129W,0,-1.5792296,0.033919598907232285,0.05400000140070915,0.15379999577999115
YKL217W,YKL063C,0,-1.579238,0.033898305147886276,0.05400000140070915,0.15389999747276306
YFL004W,YMR050C,0,-1.5796493,0.03387703746557236,0.05400000140070915,0.15399999916553497
YMR130W,YPR137W,0,-1.5798037,0.033855799585580826,0.05400000140070915,0.15410000085830688
YOR291W,YPR054W,0,-1.5798404,0.033834587782621384,0.05400000140070915,0.1542000025510788
YDL028C,YIL170W,0,-1.5801699,0.03381339833140373,0.05400000140070915,0.1543000042438507
YOL101C,YDR065W,1,-1.5803192,0.034418024122714996,0.054999999701976776,0.1543000042438507
YCL044C,YKL053C-A,0,-1.5806257,0.03439649939537048,0.054999999701976776,0.15440000593662262
YBL078C,YBR159W,0,-1.5808513,0.03437500074505806,0.054999999701976776,0.15449999272823334
YMR042W,YDR367W,0,-1.5809467,0.034353528171777725,0.054999999701976776,0.15459999442100525
YMR123W,YLR042C,0,-1.5812306,0.03433208540081978,0.054999999701976776,0.15469999611377716
YOR061W,YHR039C-B,1,-1.581248,0.034934498369693756,0.0560000017285347,0.15469999611377716
YAL002W,YLR029C,0,-1.5825691,0.03491271659731865,0.0560000017285347,0.15479999780654907
YGR118W,YNL236W,0,-1.5826308,0.03489096462726593,0.0560000017285347,0.15489999949932098
YKL033W,YMR194W,0,-1.5829163,0.0348692387342453,0.0560000017285347,0.1550000011920929
YIL048W,YDL206W,0,-1.583612,0.03484754264354706,0.0560000017285347,0.1551000028848648
YNR070W,YBR016W,0,-1.5836394,0.03482586890459061,0.0560000017285347,0.15520000457763672
YPR196W,YBR251W,0,-1.5836748,0.03480422496795654,0.0560000017285347,0.15530000627040863
YML030W,YOR204W,0,-1.5837412,0.03478260710835457,0.0560000017285347,0.15539999306201935
YLR074C,YDL109C,0,-1.5843686,0.03476101905107498,0.0560000017285347,0.15549999475479126
YML056C,YDL038C,0,-1.5848708,0.034739453345537186,0.0560000017285347,0.15559999644756317
YLR029C,YKL150W,0,-1.5849813,0.03471791744232178,0.0560000017285347,0.15569999814033508
YBR158W,YOR216C,0,-1.5849929,0.03469640761613846,0.0560000017285347,0.155799999833107
YGR161C,YCR028C,0,-1.5852695,0.03467492386698723,0.0560000017285347,0.1559000015258789
YOR283W,YGR234W,0,-1.5858848,0.03465346619486809,0.0560000017285347,0.15600000321865082
YDL206W,YPR196W,0,-1.5860591,0.034632034599781036,0.0560000017285347,0.15610000491142273
YLR026C,YKL103C,0,-1.5863037,0.034610629081726074,0.0560000017285347,0.15620000660419464
YAL023C,YOR240W,0,-1.5866655,0.0345892533659935,0.0560000017285347,0.15629999339580536
YGR282C,YDL114W,0,-1.5867387,0.034567900002002716,0.0560000017285347,0.15639999508857727
YLR452C,YHR179W,0,-1.5869784,0.03454657644033432,0.0560000017285347,0.15649999678134918
YBL092W,YLR158C,0,-1.5877761,0.03452527895569801,0.0560000017285347,0.1565999984741211
YPR063C,YPR180W,0,-1.5880418,0.0345040038228035,0.0560000017285347,0.156700000166893
YGL039W,YCR072C,0,-1.5890393,0.03448275849223137,0.0560000017285347,0.15680000185966492
YIR005W,YER049W,0,-1.5891318,0.03446153923869133,0.0560000017285347,0.15690000355243683
YLL017W,YFR053C,0,-1.5899277,0.03444034606218338,0.0560000017285347,0.15700000524520874
YDR328C,YOL101C,1,-1.590272,0.035033803433179855,0.05700000002980232,0.15700000524520874
YER056C-A,YPL026C,0,-1.5908179,0.03501228615641594,0.05700000002980232,0.15710000693798065
YJR015W,YJL026W,0,-1.5908968,0.034990791231393814,0.05700000002980232,0.15719999372959137
YLR452C,YBL064C,0,-1.5909299,0.03496932610869408,0.05700000002980232,0.15729999542236328
YJL096W,YGR272C,0,-1.5910738,0.03494788333773613,0.05700000002980232,0.1573999971151352
YDL012C,YKL061W,0,-1.5922207,0.03492647036910057,0.05700000002980232,0.1574999988079071
YER131W,YAL068C,0,-1.5924597,0.0349050834774971,0.05700000002980232,0.15760000050067902
YBR247C,YJR133W,0,-1.5925319,0.03488372266292572,0.05700000002980232,0.15770000219345093
YDL012C,YFR038W,0,-1.5927889,0.03486238420009613,0.05700000002980232,0.15780000388622284
YEL039C,YBR010W,0,-1.5932882,0.03484107553958893,0.05700000002980232,0.15790000557899475
YLR312C-B,YGL210W,0,-1.5935285,0.034819792956113815,0.05700000002980232,0.15800000727176666
YLR080W,YER184C,0,-1.5936555,0.03479853644967079,0.05700000002980232,0.15809999406337738
YOR294W,YER053C,0,-1.5938075,0.03477730229496956,0.05700000002980232,0.1581999957561493
YGL157W,YPL156C,0,-1.5939997,0.034756097942590714,0.05700000002980232,0.1582999974489212
YPR114W,YJR050W,0,-1.594398,0.03473491594195366,0.05700000002980232,0.15839999914169312
YNL101W,YKL172W,0,-1.5950586,0.03471376374363899,0.05700000002980232,0.15850000083446503
YKL063C,YJL219W,0,-1.5954542,0.034692633897066116,0.05700000002980232,0.15860000252723694
YKR038C,YIL170W,0,-1.5956311,0.03467153385281563,0.05700000002980232,0.15870000422000885
YOR297C,YBR048W,0,-1.5956622,0.03465045616030693,0.05700000002980232,0.15880000591278076
YDR316W-B,YHR207C,0,-1.5957056,0.03462940454483032,0.05700000002980232,0.15889999270439148
YFR015C,YBL005W-B,0,-1.5959775,0.0346083790063858,0.05700000002980232,0.1589999943971634
YJR057W,YCR045C,0,-1.596224,0.03458737954497337,0.05700000002980232,0.1590999960899353
YNL176C,YDR412W,0,-1.5964887,0.034566402435302734,0.05700000002980232,0.15919999778270721
YJR032W,YLR160C,0,-1.5965369,0.03454545512795448,0.05700000002980232,0.15929999947547913
YJL168C,YBR128C,0,-1.5966935,0.03452453017234802,0.05700000002980232,0.15940000116825104
YGR283C,YMR100W,0,-1.5969996,0.03450363129377365,0.05700000002980232,0.15950000286102295
YNL318C,YOR155C,0,-1.5970285,0.03448275849223137,0.05700000002980232,0.15960000455379486
YLR154W-C,YLR244C,0,-1.5971491,0.034461911767721176,0.05700000002980232,0.15970000624656677
YPR096C,YHR185C,0,-1.5972445,0.034441087394952774,0.05700000002980232,0.1597999930381775
YMR169C,YDR170W-A,0,-1.5975629,0.03442028909921646,0.05700000002980232,0.1598999947309494
YER087W,YOL126C,0,-1.5982493,0.03439951688051224,0.05700000002980232,0.1599999964237213
YDL060W,YNL015W,0,-1.5983543,0.0343787707388401,0.05700000002980232,0.16009999811649323
YNL212W,YOR285W,0,-1.5985097,0.03435804694890976,0.05700000002980232,0.16019999980926514
YDL081C,YAL013W,0,-1.5993459,0.034337349236011505,0.05700000002980232,0.16030000150203705
YPL111W,YDR044W,0,-1.5995526,0.03431667760014534,0.05700000002980232,0.16040000319480896
YCL003W,YDR031W,0,-1.6002247,0.034296028316020966,0.05700000002980232,0.16050000488758087
YML133C,YPL097W,0,-1.6003345,0.03427540510892868,0.05700000002980232,0.16060000658035278
YMR045C,YOL155C,0,-1.6003387,0.034254807978868484,0.05700000002980232,0.1606999933719635
YER091C,YDL129W,0,-1.6014551,0.03423423320055008,0.05700000002980232,0.1607999950647354
YDR380W,YNL232W,0,-1.6014577,0.03421368449926376,0.05700000002980232,0.16089999675750732
YDR109C,YLR291C,0,-1.6019948,0.03419316187500954,0.05700000002980232,0.16099999845027924
YDL144C,YDR523C,0,-1.6020308,0.0341726616024971,0.05700000002980232,0.16110000014305115
YIR037W,YMR050C,0,-1.6027482,0.034152187407016754,0.05700000002980232,0.16120000183582306
YKL056C,YGL093W,0,-1.602931,0.0341317355632782,0.05700000002980232,0.16130000352859497
YKL189W,YPL198W,0,-1.603071,0.03411130979657173,0.05700000002980232,0.16140000522136688
YDL012C,YLR263W,0,-1.6034153,0.034090910106897354,0.05700000002980232,0.1615000069141388
YGR071C,YOL140W,0,-1.6034937,0.03407053276896477,0.05700000002980232,0.1615999937057495
YIL017W,YMR081C,0,-1.6035725,0.03405017778277397,0.05700000002980232,0.16169999539852142
YGR145W,YGR180C,0,-1.6036234,0.03402985259890556,0.05700000002980232,0.16179999709129333
YDL017W,YLR056W,0,-1.6037049,0.03400954604148865,0.05700000002980232,0.16189999878406525
YBR012W-B,YGL120C,0,-1.6037633,0.03398926556110382,0.05700000002980232,0.16200000047683716
YCL044C,YKL144C,0,-1.6039294,0.03396901115775108,0.05700000002980232,0.16210000216960907
YOR383C,YKL006C-A,0,-1.6041288,0.03394877910614014,0.05700000002980232,0.16220000386238098
YGL046W,YPR046W,0,-1.6045876,0.03392857313156128,0.05700000002980232,0.1623000055551529
YLR224W,YPL209C,0,-1.6046495,0.03390838950872421,0.05700000002980232,0.1624000072479248
YMR177W,YLR126C,1,-1.6047664,0.03448275849223137,0.057999998331069946,0.1624000072479248
YBL024W,YML047C,0,-1.6051056,0.03446226939558983,0.057999998331069946,0.16249999403953552
YIL111W,YMR224C,0,-1.6056299,0.03444180637598038,0.057999998331069946,0.16259999573230743
YLL050C,YLR345W,0,-1.6057682,0.03442136570811272,0.057999998331069946,0.16269999742507935
YML042W,YOR253W,0,-1.605854,0.03440094739198685,0.057999998331069946,0.16279999911785126
YBR247C,YLR251W,0,-1.6058812,0.034380558878183365,0.057999998331069946,0.16290000081062317
YDR387C,YNR016C,0,-1.6058823,0.034360188990831375,0.057999998331069946,0.16300000250339508
YIL064W,YJR022W,0,-1.6059306,0.034339845180511475,0.057999998331069946,0.163100004196167
YBR010W,YHR138C,0,-1.6060964,0.03431952744722366,0.057999998331069946,0.1632000058889389
YEL051W,YDR065W,1,-1.6066909,0.03489059582352638,0.05900000035762787,0.1632000058889389
YKL096W-A,YDR240C,0,-1.6069808,0.034869976341724396,0.05900000035762787,0.16329999268054962
YDR115W,YKL179C,0,-1.607646,0.0348493792116642,0.05900000035762787,0.16339999437332153
YHR214W,YDL143W,0,-1.6076629,0.03482880815863609,0.05900000035762787,0.16349999606609344
YIL155C,YBR177C,0,-1.607743,0.03480825945734978,0.05900000035762787,0.16359999775886536
YBR006W,YPR148C,0,-1.6077964,0.03478773683309555,0.05900000035762787,0.16369999945163727
YHR079C-B,YGR288W,0,-1.6079001,0.034767236560583115,0.05900000035762787,0.16380000114440918
YHR214W,YAL056W,0,-1.6079899,0.03474676236510277,0.05900000035762787,0.1639000028371811
YGL126W,YBR141C,0,-1.6082561,0.03472631052136421,0.05900000035762787,0.164000004529953
YDR088C,YKL200C,0,-1.6085513,0.03470588102936745,0.05900000035762787,0.16410000622272491
YPL013C,YHL012W,0,-1.6087697,0.03468547761440277,0.05900000035762787,0.16419999301433563
YHR047C,YNR060W,0,-1.6089445,0.034665100276470184,0.05900000035762787,0.16429999470710754
YER130C,YKL143W,0,-1.6090996,0.03464474529027939,0.05900000035762787,0.16439999639987946
YGR171C,YPR204W,0,-1.609168,0.03462441265583038,0.05900000035762787,0.16449999809265137
YKL010C,YIL053W,0,-1.6094401,0.03460410609841347,0.05900000035762787,0.16459999978542328
YGR122W,YOR009W,0,-1.6095774,0.03458382189273834,0.05900000035762787,0.1647000014781952
YDL223C,YGL169W,0,-1.6097679,0.03456356003880501,0.05900000035762787,0.1648000031709671
YGL135W,YML120C,0,-1.6098536,0.03454332426190376,0.05900000035762787,0.164900004863739
YGR055W,YDR529C,0,-1.60994,0.03452311456203461,0.05900000035762787,0.16500000655651093
YNL115C,YER153C,0,-1.61036,0.03450292348861694,0.05900000035762787,0.16509999334812164
YEL048C,YCR037C,0,-1.6105022,0.03448275849223137,0.05900000035762787,0.16519999504089355
YDR039C,YOL120C,0,-1.6105114,0.034462615847587585,0.05900000035762787,0.16529999673366547
YHR193C,YGL141W,0,-1.6105862,0.03444249927997589,0.05900000035762787,0.16539999842643738
YBR111W-A,YOL144W,0,-1.6114328,0.03442240506410599,0.05900000035762787,0.1655000001192093
YAR009C,YPR080W,0,-1.6116993,0.034402333199977875,0.05900000035762787,0.1656000018119812
YMR269W,YMR295C,0,-1.6121104,0.03438228368759155,0.05900000035762787,0.1657000035047531
YMR040W,YLR075W,0,-1.6122761,0.03436226025223732,0.05900000035762787,0.16580000519752502
YNL020C,YKL200C,0,-1.6127328,0.03434225916862488,0.05900000035762787,0.16590000689029694
YIL167W,YML039W,0,-1.6130886,0.03432228043675423,0.05900000035762787,0.16599999368190765
YCR029C-A,YDR405W,0,-1.6133991,0.034302324056625366,0.05900000035762787,0.16609999537467957
YGR170W,YML039W,0,-1.6137855,0.034282393753528595,0.05900000035762787,0.16619999706745148
YKR061W,YPL141C,0,-1.6138625,0.034262485802173615,0.05900000035762787,0.1662999987602234
YBR012W-B,YBR274W,0,-1.6141484,0.034242600202560425,0.05900000035762787,0.1664000004529953
YKL180W,YBR170C,0,-1.6143042,0.034222736954689026,0.05900000035762787,0.1665000021457672
YHR074W,YDR170W-A,0,-1.614754,0.034202899783849716,0.05900000035762787,0.16660000383853912
YJR058C,YCL068C,0,-1.6148399,0.0341830812394619,0.05900000035762787,0.16670000553131104
YJL178C,YPR204W,0,-1.6152222,0.03416328877210617,0.05900000035762787,0.16680000722408295
YAL023C,YJL206C,0,-1.6154554,0.03414351865649223,0.05900000035762787,0.16689999401569366
YPR001W,YJL101C,0,-1.6158717,0.03412377089262009,0.05900000035762787,0.16699999570846558
YCR055C,YLR172C,0,-1.6161221,0.03410404548048973,0.05900000035762787,0.1670999974012375
YDR144C,YMR035W,0,-1.6168802,0.034084346145391464,0.05900000035762787,0.1671999990940094
YIR039C,YDR317W,0,-1.6169041,0.03406466543674469,0.05900000035762787,0.1673000007867813
YLL017W,YJL172W,0,-1.6170529,0.034045007079839706,0.05900000035762787,0.16740000247955322
YLR024C,YPL141C,0,-1.617146,0.03402537479996681,0.05900000035762787,0.16750000417232513
YAL044C,YEL069C,0,-1.6173115,0.03400576487183571,0.05900000035762787,0.16760000586509705
YLR448W,YLR467W,0,-1.6177301,0.0339861735701561,0.05900000035762787,0.16769999265670776
YDL180W,YER014W,0,-1.6177406,0.033966608345508575,0.05900000035762787,0.16779999434947968
YOR043W,YPL223C,0,-1.6179835,0.033947065472602844,0.05900000035762787,0.1678999960422516
YKL158W,YKL129C,0,-1.618123,0.033927544951438904,0.05900000035762787,0.1679999977350235
YGL183C,YGR024C,0,-1.6183693,0.033908046782016754,0.05900000035762787,0.1680999994277954
YOR242C,YAL063C,0,-1.6184441,0.033888570964336395,0.05900000035762787,0.16820000112056732
YFL056C,YDR527W,0,-1.6184778,0.03386911749839783,0.05900000035762787,0.16830000281333923
YLR189C,YMR142C,0,-1.6185304,0.03384968265891075,0.05900000035762787,0.16840000450611115
YHR143W,YOL126C,0,-1.6191313,0.033830273896455765,0.05900000035762787,0.16850000619888306
YOR085W,YCR058C,0,-1.6191345,0.03381088748574257,0.05900000035762787,0.16859999299049377
YBR092C,YMR211W,0,-1.6191719,0.033791523426771164,0.05900000035762787,0.16869999468326569
YGL168W,YJL144W,0,-1.6193042,0.03377218171954155,0.05900000035762787,0.1687999963760376
YOR065W,YJL171C,0,-1.6193395,0.03375285863876343,0.05900000035762787,0.1688999980688095
YGL046W,YGR288W,0,-1.6194534,0.033733561635017395,0.05900000035762787,0.16899999976158142
YDR009W,YPL068C,0,-1.6195073,0.03371428698301315,0.05900000035762787,0.16910000145435333
YMR221C,YGR142W,0,-1.6200069,0.0336950309574604,0.05900000035762787,0.16920000314712524
YGL046W,YBR223C,0,-1.6200545,0.033675797283649445,0.05900000035762787,0.16930000483989716
YDR148C,YER150W,0,-1.6201272,0.033656589686870575,0.05900000035762787,0.16940000653266907
YDR415C,YIR002C,0,-1.6201773,0.0336374007165432,0.05900000035762787,0.16949999332427979
YAL025C,YDR503C,0,-1.6202724,0.03361823409795761,0.05900000035762787,0.1695999950170517
YOR285W,YBR150C,0,-1.6204038,0.033599089831113815,0.05900000035762787,0.1696999967098236
YIL083C,YPR186C,0,-1.6205302,0.03357996419072151,0.05900000035762787,0.16979999840259552
YJL046W,YFL025C,0,-1.620672,0.0335608646273613,0.05900000035762787,0.16990000009536743
YKR050W,YLR126C,1,-1.6212789,0.03411028906702995,0.05999999865889549,0.16990000009536743
YDR011W,YPR002W,0,-1.6215138,0.034090910106897354,0.05999999865889549,0.17000000178813934
YGR161C,YAL040C,0,-1.6216103,0.03407154977321625,0.05999999865889549,0.17010000348091125
YER133W,YLR126C,1,-1.6216943,0.03461974859237671,0.061000000685453415,0.17010000348091125
YLR026C,YHR157W,0,-1.6219329,0.034600112587213516,0.061000000685453415,0.17020000517368317
YGR070W,YIL177C,0,-1.6219559,0.034580498933792114,0.061000000685453415,0.17030000686645508
YAR007C,YLR075W,0,-1.6221303,0.0345609076321125,0.061000000685453415,0.1703999936580658
YMR227C,YDL038C,0,-1.623093,0.034541334956884384,0.061000000685453415,0.1704999953508377
YDL211C,YDR007W,0,-1.6233557,0.034521788358688354,0.061000000685453415,0.17059999704360962
YLR014C,YDR365C,0,-1.6234257,0.034502264112234116,0.061000000685453415,0.17069999873638153
YGL139W,YHR210C,0,-1.6235198,0.03448275849223137,0.061000000685453415,0.17080000042915344
YOR267C,YOL101C,1,-1.6240271,0.03502824902534485,0.06199999898672104,0.17080000042915344
YGL107C,YGR272C,0,-1.6242409,0.035008471459150314,0.06199999898672104,0.17090000212192535
YBL047C,YLR345W,0,-1.6242929,0.03498871251940727,0.06199999898672104,0.17100000381469727
YBR012W-B,YGL129C,0,-1.62445,0.03496897965669632,0.06199999898672104,0.17110000550746918
YLR352W,YBR121C,0,-1.6246848,0.03494926542043686,0.06199999898672104,0.1712000072002411
YGR071C,YMR207C,0,-1.6249802,0.03492957726120949,0.06199999898672104,0.1712999939918518
YOR313C,YKL178C,0,-1.6253062,0.03490991145372391,0.06199999898672104,0.17139999568462372
YIL107C,YPL127C,0,-1.6253893,0.03489026427268982,0.06199999898672104,0.17149999737739563
YBR129C,YMR050C,0,-1.6257935,0.03487063944339752,0.06199999898672104,0.17159999907016754
YIL134W,YML018C,0,-1.6262478,0.034851040691137314,0.06199999898672104,0.17170000076293945
YGR272C,YGR072W,0,-1.6262977,0.0348314605653286,0.06199999898672104,0.17180000245571136
YDL080C,YOR317W,0,-1.6265968,0.03481190279126167,0.06199999898672104,0.17190000414848328
YHR157W,YLR098C,0,-1.6267334,0.03479236736893654,0.06199999898672104,0.1720000058412552
YBR005W,YPL048W,0,-1.6276469,0.034772854298353195,0.06199999898672104,0.1720999926328659
YOL090W,YDL082W,0,-1.62766,0.03475336357951164,0.06199999898672104,0.17219999432563782
YEL040W,YOR353C,0,-1.6277294,0.03473389521241188,0.06199999898672104,0.17229999601840973
YDR492W,YLR433C,1,-1.6282134,0.035274356603622437,0.06300000101327896,0.17229999601840973
YIL038C,YAR044W,0,-1.6289669,0.03525461629033089,0.06300000101327896,0.17239999771118164
YGL010W,YLR033W,0,-1.6292491,0.03523489832878113,0.06300000101327896,0.17249999940395355
YKR078W,YIR002C,0,-1.6294668,0.03521520271897316,0.06300000101327896,0.17260000109672546
YGR285C,YFR006W,0,-1.6299099,0.03519552946090698,0.06300000101327896,0.17270000278949738
YMR242C,YGR109W-B,0,-1.6301224,0.035175878554582596,0.06300000101327896,0.1728000044822693
YGR122W,YAR018C,0,-1.6301672,0.03515625,0.06300000101327896,0.1729000061750412
YHR139C,YDL121C,0,-1.630188,0.035136643797159195,0.06300000101327896,0.17299999296665192
YMR264W,YAR044W,0,-1.6302528,0.03511705622076988,0.06300000101327896,0.17309999465942383
YMR272C,YMR046C,0,-1.6305096,0.03509749472141266,0.06300000101327896,0.17319999635219574
YPL105C,YPL056C,0,-1.6307523,0.03507795184850693,0.06300000101327896,0.17329999804496765
YEL043W,YNL129W,0,-1.6317735,0.03505843132734299,0.06300000101327896,0.17339999973773956
YHR067W,YNR040W,0,-1.6320202,0.03503893315792084,0.06300000101327896,0.17350000143051147
YHL016C,YFR006W,0,-1.6322358,0.03501945361495018,0.06300000101327896,0.1736000031232834
YDR476C,YPL147W,0,-1.6326678,0.03500000014901161,0.06300000101327896,0.1737000048160553
YHR096C,YNL059C,0,-1.6330433,0.034980565309524536,0.06300000101327896,0.1738000065088272
YDL206W,YHR066W,0,-1.6335832,0.03496115282177925,0.06300000101327896,0.17389999330043793
YGL037C,YAR044W,0,-1.63411,0.03494176268577576,0.06300000101327896,0.17399999499320984
YGL060W,YMR295C,0,-1.6350123,0.03492239490151405,0.06300000101327896,0.17409999668598175
YLR074C,YDR516C,0,-1.6353503,0.03490304574370384,0.06300000101327896,0.17419999837875366
YJR026W,YHR150W,0,-1.6358249,0.03488372266292572,0.06300000101327896,0.17430000007152557
YPL169C,YAL068C,0,-1.6359789,0.03486441448330879,0.06300000101327896,0.17440000176429749
YER088C,YGL185C,0,-1.6362922,0.03484513238072395,0.06300000101327896,0.1745000034570694
YBL075C,YKL200C,0,-1.6366227,0.03482586890459061,0.06300000101327896,0.1746000051498413
YBR026C,YOL053C-A,0,-1.6368585,0.03480663150548935,0.06300000101327896,0.17470000684261322
YLR157C,YER060W-A,0,-1.6368845,0.034787409007549286,0.06300000101327896,0.17479999363422394
YMR046C,YBL063W,0,-1.6369255,0.03476821258664131,0.06300000101327896,0.17489999532699585
YGL170C,YFL039C,0,-1.6386681,0.03474903479218483,0.06300000101327896,0.17499999701976776
YGL039W,YDR052C,0,-1.6388116,0.03472987934947014,0.06300000101327896,0.17509999871253967
YIL069C,YJR028W,0,-1.6388818,0.03471074253320694,0.06300000101327896,0.17520000040531158
YMR210W,YKL085W,0,-1.6393045,0.03469163179397583,0.06300000101327896,0.1753000020980835
YGR251W,YIR032C,0,-1.6395857,0.034672535955905914,0.06300000101327896,0.1754000037908554
YHR041C,YCR045C,0,-1.6396219,0.03465346619486809,0.06300000101327896,0.17550000548362732
YPR148C,YOR180C,0,-1.6397848,0.034634415060281754,0.06300000101327896,0.17560000717639923
YHR210C,YNR047W,0,-1.6400123,0.03461538627743721,0.06300000101327896,0.17569999396800995
YOL100W,YMR315W,0,-1.6400539,0.03459637612104416,0.06300000101327896,0.17579999566078186
YIL096C,YNL156C,0,-1.6402359,0.0345773883163929,0.06300000101327896,0.17589999735355377
YOR338W,YJR010W,0,-1.6402729,0.03455841913819313,0.06300000101327896,0.17599999904632568
YOR338W,YER151C,0,-1.6404734,0.03453947231173515,0.06300000101327896,0.1761000007390976
YNL086W,YMR239C,0,-1.6406837,0.03452054783701897,0.06300000101327896,0.1762000024318695
YML045W,YBR037C,0,-1.6416376,0.03450164198875427,0.06300000101327896,0.17630000412464142
YMR290C,YPL276W,0,-1.6419832,0.03448275849223137,0.06300000101327896,0.17640000581741333
YIL083C,YNL146W,0,-1.6425855,0.03446389362215996,0.06300000101327896,0.17649999260902405
YGR008C,YDR403W,0,-1.6426647,0.03444505110383034,0.06300000101327896,0.17659999430179596
YBR092C,YKR068C,0,-1.6428385,0.03442623093724251,0.06300000101327896,0.17669999599456787
YHR169W,YMR232W,0,-1.6433141,0.03440742939710617,0.06300000101327896,0.17679999768733978
YDR062W,YBR040W,0,-1.6434219,0.034388646483421326,0.06300000101327896,0.1768999993801117
YIL037C,YDR046C,0,-1.643431,0.03436988592147827,0.06300000101327896,0.1770000010728836
YFR018C,YOR155C,0,-1.6434841,0.03435114398598671,0.06300000101327896,0.17710000276565552
YLR426W,YPR131C,0,-1.6438086,0.03433242440223694,0.06300000101327896,0.17720000445842743
YLR143W,YCR009C,0,-1.644155,0.03431372717022896,0.06300000101327896,0.17730000615119934
YGR054W,YHR008C,0,-1.6442962,0.03429504483938217,0.06300000101327896,0.17739999294281006
YPL060W,YMR321C,0,-1.6447235,0.034276388585567474,0.06300000101327896,0.17749999463558197
YML091C,YBR090C-A,0,-1.6449394,0.03425774723291397,0.06300000101327896,0.17759999632835388
YJR147W,YGL253W,0,-1.6450558,0.03423913195729256,0.06300000101327896,0.1776999980211258
YOR019W,YPR048W,0,-1.6451255,0.034220531582832336,0.06300000101327896,0.1777999997138977
YGR052W,YER176W,0,-1.6452019,0.03420195356011391,0.06300000101327896,0.17790000140666962
YAL007C,YHR009C,0,-1.6452802,0.03418339788913727,0.06300000101327896,0.17800000309944153
YPL011C,YJR123W,0,-1.6457906,0.03416486084461212,0.06300000101327896,0.17810000479221344
YBR054W,YGR072W,0,-1.6458576,0.03414634242653847,0.06300000101327896,0.17820000648498535
YLR113W,YBL100W-B,0,-1.6458594,0.034127842634916306,0.06300000101327896,0.17829999327659607
YML133C,YBR026C,0,-1.6459383,0.034109365195035934,0.06300000101327896,0.17839999496936798
YLR301W,YDR447C,0,-1.6462607,0.034090910106897354,0.06300000101327896,0.1784999966621399
YCR045C,YLL034C,0,-1.6464779,0.03407246991991997,0.06300000101327896,0.1785999983549118
YJR028W,YOL066C,0,-1.6464858,0.03405405580997467,0.06300000101327896,0.17870000004768372
YJL153C,YBR275C,0,-1.6466539,0.03403565660119057,0.06300000101327896,0.17880000174045563
YKL069W,YHR009C,0,-1.6467999,0.034017279744148254,0.06300000101327896,0.17890000343322754
YNL328C,YMR173W,0,-1.6476941,0.033998921513557434,0.06300000101327896,0.17900000512599945
YHR013C,YOR393W,0,-1.6479502,0.033980581909418106,0.06300000101327896,0.17910000681877136
YNL046W,YML039W,0,-1.648833,0.03396226465702057,0.06300000101327896,0.17919999361038208
YMR101C,YCR047C,0,-1.6489186,0.033943966031074524,0.06300000101327896,0.179299995303154
YBR172C,YGR071C,0,-1.6493468,0.03392568603157997,0.06300000101327896,0.1793999969959259
YBR081C,YFL026W,0,-1.6498286,0.03390742838382721,0.06300000101327896,0.17949999868869781
YHR047C,YIR032C,0,-1.6498302,0.03388918936252594,0.06300000101327896,0.17960000038146973
YOL067C,YHR170W,0,-1.65011,0.03387096896767616,0.06300000101327896,0.17970000207424164
YJL214W,YNR040W,0,-1.6504968,0.03385276719927788,0.06300000101327896,0.17980000376701355
YER140W,YPR162C,0,-1.6505303,0.033834587782621384,0.06300000101327896,0.17990000545978546
YHR096C,YAL063C,0,-1.6507325,0.03381642326712608,0.06300000101327896,0.18000000715255737
YJR138W,YCR029C-A,0,-1.6511996,0.03379828482866287,0.06300000101327896,0.1800999939441681
YDL216C,YMR186W,0,-1.6514361,0.033780161291360855,0.06300000101327896,0.18019999563694
YPL018W,YLR106C,0,-1.6514843,0.03376205638051033,0.06300000101327896,0.18029999732971191
YMR038C,YOR378W,0,-1.6515791,0.033743973821401596,0.06300000101327896,0.18039999902248383
YDR326C,YKL096W-A,0,-1.651682,0.033725909888744354,0.06300000101327896,0.18050000071525574
YPR037C,YNL181W,0,-1.6521671,0.033707864582538605,0.06300000101327896,0.18060000240802765
YHR210C,YDR233C,0,-1.6524436,0.03368983790278435,0.06300000101327896,0.18070000410079956
YOR306C,YDR545W,0,-1.6525623,0.03367183357477188,0.06300000101327896,0.18080000579357147
YCR075C,YLR058C,0,-1.6529267,0.03365384787321091,0.06300000101327896,0.1808999925851822
YPL188W,YML082W,0,-1.65301,0.03363587707281113,0.06300000101327896,0.1809999942779541
YOR297C,YGR026W,0,-1.6535293,0.03361792862415314,0.06300000101327896,0.181099995970726
YJR049C,YLR126C,1,-1.6535566,0.03413333371281624,0.06400000303983688,0.181099995970726
YDL206W,YDR479C,0,-1.6535575,0.03411513939499855,0.06400000303983688,0.18119999766349792
YMR303C,YKL054C,0,-1.6539098,0.034096963703632355,0.06400000303983688,0.18129999935626984
YPR097W,YFL041W,0,-1.6541054,0.03407880663871765,0.06400000303983688,0.18140000104904175
YKR059W,YLR258W,0,-1.6543826,0.03406067192554474,0.06400000303983688,0.18150000274181366
YJL221C,YLR073C,0,-1.6546004,0.03404255211353302,0.06400000303983688,0.18160000443458557
YFR001W,YBR214W,0,-1.6547749,0.03402445465326309,0.06400000303983688,0.18170000612735748
YJL083W,YML058W-A,0,-1.6562088,0.034006375819444656,0.06400000303983688,0.1817999929189682
YBR012W-B,YER098W,0,-1.6562707,0.03398831561207771,0.06400000303983688,0.1818999946117401
YDL040C,YDR387C,0,-1.6566459,0.03397027775645256,0.06400000303983688,0.18199999630451202
YLR389C,YCR016W,0,-1.656697,0.0339522548019886,0.06400000303983688,0.18209999799728394
YOL064C,YKL172W,0,-1.6568178,0.033934254199266434,0.06400000303983688,0.18219999969005585
YER089C,YHL017W,0,-1.6577702,0.03391626849770546,0.06400000303983688,0.18230000138282776
YMR050C,YPL042C,0,-1.658634,0.033898305147886276,0.06400000303983688,0.18240000307559967
YOR341W,YML018C,0,-1.6590185,0.033880360424518585,0.06400000303983688,0.18250000476837158
YOR355W,YER137C,0,-1.6591058,0.033862434327602386,0.06400000303983688,0.1826000064611435
YOR219C,YFL026W,0,-1.6592083,0.03384452685713768,0.06400000303983688,0.1826999932527542
YLR028C,YGR283C,0,-1.6596469,0.033826638013124466,0.06400000303983688,0.18279999494552612
YHR172W,YBR028C,0,-1.6598139,0.033808767795562744,0.06400000303983688,0.18289999663829803
YLR115W,YJR149W,0,-1.6599555,0.03379091992974281,0.06400000303983688,0.18299999833106995
YHR118C,YJL171C,0,-1.6600281,0.033773086965084076,0.06400000303983688,0.18310000002384186
YJL079C,YHR069C,0,-1.6602929,0.03375527262687683,0.06400000303983688,0.18320000171661377
YIL167W,YOR078W,0,-1.6609185,0.03373748064041138,0.06400000303983688,0.18330000340938568
YOR204W,YER143W,0,-1.6609557,0.03371970355510712,0.06400000303983688,0.1834000051021576
YKL096W-A,YNL172W,0,-1.6610074,0.03370194882154465,0.06400000303983688,0.1835000067949295
YPL026C,YGR180C,0,-1.6610518,0.03368420898914337,0.06400000303983688,0.18359999358654022
YHR114W,YNL190W,0,-1.6610688,0.03366649150848389,0.06400000303983688,0.18369999527931213
YER185W,YJR026W,0,-1.6616385,0.033648788928985596,0.06400000303983688,0.18379999697208405
YMR130W,YDR412W,0,-1.6620169,0.033631108701229095,0.06400000303983688,0.18389999866485596
YNL026W,YOR167C,0,-1.6620798,0.03361344709992409,0.06400000303983688,0.18400000035762787
YLR260W,YHL012W,0,-1.6625569,0.03359580039978027,0.06400000303983688,0.18410000205039978
YOR292C,YBL063W,0,-1.6630144,0.03357817232608795,0.06400000303983688,0.1842000037431717
YEL048C,YER147C,0,-1.6636292,0.03356056660413742,0.06400000303983688,0.1843000054359436
YJL059W,YEL051W,1,-1.6637124,0.03406708687543869,0.06499999761581421,0.1843000054359436
YNR007C,YHL012W,0,-1.663849,0.03404923900961876,0.06499999761581421,0.18440000712871552
YPL189W,YHR069C,0,-1.6638818,0.03403141349554062,0.06499999761581421,0.18449999392032623
YDL210W,YNL095C,0,-1.6642041,0.03401360660791397,0.06499999761581421,0.18459999561309814
YCR055C,YKR044W,0,-1.6644118,0.03399581462144852,0.06499999761581421,0.18469999730587006
YGL062W,YBL005W-B,0,-1.6647315,0.033978044986724854,0.06499999761581421,0.18479999899864197
YGR026W,YLL018C,0,-1.6655843,0.03396029397845268,0.06499999761581421,0.18490000069141388
YDL055C,YBR045C,0,-1.665719,0.033942557871341705,0.06499999761581421,0.1850000023841858
YBR028C,YBR125C,0,-1.6659348,0.03392484411597252,0.06499999761581421,0.1851000040769577
YKR066C,YKL063C,0,-1.6660497,0.033907145261764526,0.06499999761581421,0.18520000576972961
YBR238C,YLR037C,0,-1.6660542,0.033889468759298325,0.06499999761581421,0.18529999256134033
YIR012W,YIR005W,0,-1.6660779,0.03387180715799332,0.06499999761581421,0.18539999425411224
YJL130C,YPL240C,0,-1.6663219,0.0338541679084301,0.06499999761581421,0.18549999594688416
YOR306C,YMR050C,0,-1.666621,0.033836543560028076,0.06499999761581421,0.18559999763965607
YLR056W,YBR123C,0,-1.6667485,0.033818937838077545,0.06499999761581421,0.18569999933242798
YER014C-A,YKL020C,0,-1.666883,0.033801350742578506,0.06499999761581421,0.1858000010251999
YJR029W,YHR179W,0,-1.6670042,0.03378378227353096,0.06499999761581421,0.1859000027179718
YDL100C,YLR345W,0,-1.6670704,0.033766232430934906,0.06499999761581421,0.1860000044107437
YJR005W,YOR369C,0,-1.6671009,0.033748701214790344,0.06499999761581421,0.18610000610351562
YLR389C,YLR157C,0,-1.6672561,0.033731188625097275,0.06499999761581421,0.18619999289512634
YHR079C-B,YDR176W,0,-1.6675289,0.0337136946618557,0.06499999761581421,0.18629999458789825
YCL057W,YOR391C,0,-1.6676784,0.033696215599775314,0.06499999761581421,0.18639999628067017
YOR267C,YDR065W,1,-1.6689129,0.0341968908905983,0.06599999964237213,0.18639999628067017
YIL006W,YDL021W,0,-1.669067,0.03417918086051941,0.06599999964237213,0.18649999797344208
YGL157W,YDR395W,0,-1.6691949,0.034161489456892014,0.06599999964237213,0.186599999666214
YJL033W,YJR158W,0,-1.6692642,0.03414381667971611,0.06599999964237213,0.1867000013589859
YLL017W,YGL251C,0,-1.6692789,0.0341261625289917,0.06599999964237213,0.1868000030517578
YDL202W,YBR105C,0,-1.6693954,0.03410852700471878,0.06599999964237213,0.18690000474452972
YHR210C,YML088W,0,-1.6696144,0.034090910106897354,0.06599999964237213,0.18700000643730164
YOR247W,YOL029C,0,-1.6699529,0.03407330811023712,0.06599999964237213,0.18709999322891235
YLR352W,YBR207W,0,-1.669999,0.03405572846531868,0.06599999964237213,0.18719999492168427
YCL075W,YHR202W,0,-1.6702566,0.03403816372156143,0.06599999964237213,0.18729999661445618
YMR136W,YHR009C,0,-1.6702666,0.034020617604255676,0.06599999964237213,0.1873999983072281
YKL173W,YBR058C-A,0,-1.6703161,0.03400309011340141,0.06599999964237213,0.1875
YMR184W,YLR044C,0,-1.6704445,0.03398558124899864,0.06599999964237213,0.1876000016927719
YIL144W,YDR109C,0,-1.6705878,0.03396809101104736,0.06599999964237213,0.18770000338554382
YGL232W,YAR010C,0,-1.6706932,0.03395061567425728,0.06599999964237213,0.18780000507831573
YLR357W,YLR301W,0,-1.670868,0.033933162689208984,0.06599999964237213,0.18790000677108765
YBR012W-A,YDL102W,0,-1.6713288,0.033915724605321884,0.06599999964237213,0.18799999356269836
YFL066C,YDL216C,0,-1.6717057,0.033898305147886276,0.06599999964237213,0.18809999525547028
YER074W,YHR056C,0,-1.6720324,0.03388090431690216,0.06599999964237213,0.1881999969482422
YNL065W,YIR038C,0,-1.6722412,0.03386351838707924,0.06599999964237213,0.1882999986410141
YOR338W,YJR149W,0,-1.6725252,0.03384615480899811,0.06599999964237213,0.188400000333786
YDR238C,YBR183W,0,-1.6731608,0.03382880613207817,0.06599999964237213,0.18850000202655792
YHR143W,YCL034W,0,-1.6733745,0.033811476081609726,0.06599999964237213,0.18860000371932983
YML047C,YPL113C,0,-1.673448,0.03379416465759277,0.06599999964237213,0.18870000541210175
YDR444W,YHR092C,0,-1.673904,0.033776868134737015,0.06599999964237213,0.18880000710487366
YIL046W,YML082W,0,-1.6740227,0.03375959023833275,0.06599999964237213,0.18889999389648438
YJL162C,YDR115W,0,-1.6740568,0.033742330968379974,0.06599999964237213,0.1889999955892563
YLR384C,YHL017W,0,-1.6742575,0.03372509032487869,0.06599999964237213,0.1890999972820282
YBR299W,YPL137C,0,-1.6746936,0.033707864582538605,0.06599999964237213,0.1891999989748001
YNL020C,YFL018W-A,0,-1.6747274,0.03369065746665001,0.06599999964237213,0.18930000066757202
YHR064C,YAL015C,0,-1.6748333,0.033673468977212906,0.06599999964237213,0.18940000236034393
YDR343C,YGR129W,0,-1.675164,0.033656299114227295,0.06599999964237213,0.18950000405311584
YML099C,YJL206C,0,-1.6752758,0.03363914415240288,0.06599999964237213,0.18960000574588776
YDR131C,YKL185W,0,-1.6754584,0.03362200781702995,0.06599999964237213,0.18970000743865967
YLR248W,YLR345W,0,-1.6754893,0.03360488638281822,0.06599999964237213,0.18979999423027039
YAL026C,YHL026C,0,-1.6760703,0.03358778730034828,0.06599999964237213,0.1898999959230423
YDR523C,YER071C,0,-1.6765734,0.033570703119039536,0.06599999964237213,0.1899999976158142
YDR281C,YOL038W,0,-1.6766872,0.03355363383889198,0.06599999964237213,0.19009999930858612
YDL039C,YPL026C,0,-1.6767257,0.03353658691048622,0.06599999964237213,0.19020000100135803
YLR048W,YKL085W,0,-1.6769416,0.03351955488324165,0.06599999964237213,0.19030000269412994
YER190W,YLR014C,0,-1.677129,0.03350253775715828,0.06599999964237213,0.19040000438690186
YNL076W,YLR432W,0,-1.6772223,0.0334855392575264,0.06599999964237213,0.19050000607967377
YLR196W,YLR467W,0,-1.6775576,0.03346855938434601,0.06599999964237213,0.19059999287128448
YIR006C,YDR173C,0,-1.6779304,0.03345159813761711,0.06599999964237213,0.1906999945640564
YLR126C,YHR194W,1,-1.6781149,0.03394123539328575,0.06700000166893005,0.1906999945640564
YLR015W,YML054C,0,-1.6783434,0.03392405062913895,0.06700000166893005,0.1907999962568283
YEL041W,YDR014W,0,-1.6784413,0.033906880766153336,0.06700000166893005,0.19089999794960022
YOR291W,YOR259C,0,-1.679327,0.033889733254909515,0.06700000166893005,0.19099999964237213
YDL210W,YHR210C,0,-1.6793462,0.03387259691953659,0.06700000166893005,0.19110000133514404
YNL132W,YPR141C,0,-1.6797769,0.03385548293590546,0.06700000166893005,0.19120000302791595
YNL236W,YDR196C,0,-1.6798449,0.033838383853435516,0.06700000166893005,0.19130000472068787
YLR284C,YDL109C,0,-1.6801686,0.03382130339741707,0.06700000166893005,0.19140000641345978
YDR219C,YER138C,0,-1.6803548,0.033804237842559814,0.06700000166893005,0.1914999932050705
YDR101C,YKL132C,0,-1.6805794,0.03378719091415405,0.06700000166893005,0.1915999948978424
YOR168W,YLL016W,0,-1.6809661,0.03377016261219978,0.06700000166893005,0.19169999659061432
YOR019W,YGR134W,0,-1.6812434,0.03375314921140671,0.06700000166893005,0.19179999828338623
YJR118C,YDL109C,0,-1.6817292,0.033736154437065125,0.06700000166893005,0.19189999997615814
YOR119C,YKL077W,0,-1.681804,0.033719174563884735,0.06700000166893005,0.19200000166893005
YMR306W,YML037C,0,-1.6818497,0.03370221331715584,0.06700000166893005,0.19210000336170197
YOL007C,YHL021C,0,-1.6818883,0.03368527069687843,0.06700000166893005,0.19220000505447388
YDR444W,YAL016W,0,-1.6824284,0.03366834297776222,0.06700000166893005,0.1923000067472458
YNL086W,YER111C,0,-1.6825947,0.033651430159807205,0.06700000166893005,0.1923999935388565
YDR531W,YGR058W,0,-1.6827416,0.03363453969359398,0.06700000166893005,0.19249999523162842
YDR059C,YJR009C,0,-1.6832938,0.03361766040325165,0.06700000166893005,0.19259999692440033
YCR107W,YER137C,0,-1.6838712,0.03360080346465111,0.06700000166893005,0.19269999861717224
YPR127W,YMR239C,0,-1.6843058,0.03358396142721176,0.06700000166893005,0.19280000030994415
YOR204W,YIR017C,0,-1.6845545,0.03356713429093361,0.06700000166893005,0.19290000200271606
YJL006C,YOR120W,0,-1.6853299,0.03355032578110695,0.06700000166893005,0.19300000369548798
YHR210C,YJR109C,0,-1.6855776,0.03353353217244148,0.06700000166893005,0.1931000053882599
YOR237W,YMR165C,0,-1.6857532,0.03351675719022751,0.06700000166893005,0.1932000070810318
YJL033W,YJL108C,0,-1.685755,0.03350000083446503,0.06700000166893005,0.19329999387264252
YDR204W,YOR378W,0,-1.6858661,0.03348325937986374,0.06700000166893005,0.19339999556541443
YMR307W,YDR240C,0,-1.68591,0.033466532826423645,0.06700000166893005,0.19349999725818634
YDR050C,YFL021W,0,-1.6859522,0.03344982489943504,0.06700000166893005,0.19359999895095825
YML132W,YDR065W,1,-1.6860684,0.03393213450908661,0.06800000369548798,0.19359999895095825
YKR066C,YLR139C,0,-1.6861432,0.033915210515260696,0.06800000369548798,0.19370000064373016
YDR378C,YMR034C,0,-1.6866038,0.033898305147886276,0.06800000369548798,0.19380000233650208
YDR353W,YGR145W,0,-1.6868641,0.03388141468167305,0.06800000369548798,0.193900004029274
YDR131C,YJL225C,0,-1.6872756,0.033864542841911316,0.06800000369548798,0.1940000057220459
YMR015C,YMR063W,0,-1.687555,0.033847685903310776,0.06800000369548798,0.1941000074148178
YMR114C,YDR247W,0,-1.687575,0.03383084759116173,0.06800000369548798,0.19419999420642853
YDR531W,YDR308C,0,-1.6879103,0.033814024180173874,0.06800000369548798,0.19429999589920044
YER036C,YHR214C-B,0,-1.6881742,0.033797215670347214,0.06800000369548798,0.19439999759197235
YDL117W,YHL044W,0,-1.6882266,0.033780425786972046,0.06800000369548798,0.19449999928474426
YAL024C,YOR096W,0,-1.6882827,0.03376365453004837,0.06800000369548798,0.19460000097751617
YKL171W,YGL243W,0,-1.6883638,0.03374689817428589,0.06800000369548798,0.19470000267028809
YGL186C,YFL011W,0,-1.6884272,0.0337301604449749,0.06800000369548798,0.19480000436306
YJR096W,YJL046W,0,-1.6884768,0.033713437616825104,0.06800000369548798,0.1949000060558319
YFL035C-B,YHR165C,0,-1.6884888,0.0336967296898365,0.06800000369548798,0.19499999284744263
YNL046W,YER086W,0,-1.6886051,0.03368004038929939,0.06800000369548798,0.19509999454021454
YHR033W,YKL067W,0,-1.6888688,0.03366336598992348,0.06800000369548798,0.19519999623298645
YCR040W,YBR001C,0,-1.6888908,0.033646710216999054,0.06800000369548798,0.19529999792575836
YCL048W,YNL175C,0,-1.6893167,0.033630069345235825,0.06800000369548798,0.19539999961853027
YBR142W,YDL059C,0,-1.6901822,0.03361344709992409,0.06800000369548798,0.19550000131130219
YBR028C,YKR026C,0,-1.6902845,0.033596839755773544,0.06800000369548798,0.1956000030040741
YNR035C,YBL013W,0,-1.6906538,0.033580247312784195,0.06800000369548798,0.195700004696846
YGL231C,YGR134W,0,-1.6909559,0.03356367349624634,0.06800000369548798,0.19580000638961792
YIL107C,YDR279W,0,-1.6912552,0.033547114580869675,0.06800000369548798,0.19589999318122864
YPR190C,YGR234W,0,-1.6914208,0.033530570566654205,0.06800000369548798,0.19599999487400055
YBR191W,YKL218C,0,-1.6914246,0.03351404517889023,0.06800000369548798,0.19609999656677246
YMR055C,YOL123W,0,-1.6915157,0.033497538417577744,0.06800000369548798,0.19619999825954437
YOR174W,YER087C-A,0,-1.6921098,0.033481042832136154,0.06800000369548798,0.19629999995231628
YGR020C,YDR065W,1,-1.6929283,0.03395669162273407,0.0689999982714653,0.19629999995231628
YOR054C,YLR126C,1,-1.693361,0.03443187475204468,0.07000000029802322,0.19629999995231628
YMR160W,YNR037C,0,-1.6936177,0.03441494703292847,0.07000000029802322,0.1964000016450882
YBR156C,YHR082C,0,-1.6938436,0.03439803421497345,0.07000000029802322,0.1965000033378601
YLR364W,YGR245C,0,-1.6938964,0.034381140023469925,0.07000000029802322,0.19660000503063202
YBR156C,YLR185W,0,-1.6946647,0.034364260733127594,0.07000000029802322,0.19670000672340393
YDL114W,YJL095W,0,-1.6947966,0.034347400069236755,0.07000000029802322,0.19679999351501465
YOL052C-A,YJL121C,0,-1.6955658,0.03433055430650711,0.07000000029802322,0.19689999520778656
YGL212W,YAR044W,0,-1.6956334,0.03431372717022896,0.07000000029802322,0.19699999690055847
YEL043W,YOR356W,0,-1.6956668,0.034296914935112,0.07000000029802322,0.19709999859333038
YIL006W,YIL170W,0,-1.6957034,0.034280117601156235,0.07000000029802322,0.1972000002861023
YML013W,YOR378W,0,-1.6960888,0.03426333889365196,0.07000000029802322,0.1973000019788742
YOL140W,YGL189C,0,-1.6962261,0.034246575087308884,0.07000000029802322,0.19740000367164612
YDR026C,YOR011W,0,-1.6963724,0.0342298299074173,0.07000000029802322,0.19750000536441803
YNL117W,YPL068C,0,-1.696594,0.034213099628686905,0.07000000029802322,0.19760000705718994
YPL141C,YDR256C,0,-1.6966687,0.034196384251117706,0.07000000029802322,0.19769999384880066
YMR223W,YOR356W,0,-1.6968992,0.0341796875,0.07000000029802322,0.19779999554157257
YGR088W,YHR129C,0,-1.6972812,0.03416300565004349,0.07000000029802322,0.19789999723434448
YBL112C,YJR082C,0,-1.6975257,0.03414634242653847,0.07000000029802322,0.1979999989271164
YJL213W,YGR138C,0,-1.6977203,0.03412969410419464,0.07000000029802322,0.1981000006198883
YKR007W,YLR126C,1,-1.6978366,0.0346003882586956,0.07100000232458115,0.1981000006198883
YMR081C,YLR467W,0,-1.6979052,0.03458353504538536,0.07100000232458115,0.19820000231266022
YCL066W,YJR149W,0,-1.698325,0.03456670045852661,0.07100000232458115,0.19830000400543213
YBR012W-A,YGL244W,0,-1.6987147,0.03454987704753876,0.07100000232458115,0.19840000569820404
YJR147W,YKR049C,0,-1.6989818,0.034533072263002396,0.07100000232458115,0.19850000739097595
YML043C,YGR208W,0,-1.6990799,0.034516286104917526,0.07100000232458115,0.19859999418258667
YKR095W-A,YDR529C,0,-1.6991218,0.03449951484799385,0.07100000232458115,0.19869999587535858
YFL054C,YCR092C,0,-1.6992569,0.03448275849223137,0.07100000232458115,0.1987999975681305
YGL103W,YJL187C,0,-1.6993623,0.03446602076292038,0.07100000232458115,0.1988999992609024
YBR155W,YGR026W,0,-1.6995163,0.034449297934770584,0.07100000232458115,0.19900000095367432
YKR055W,YDR306C,0,-1.6995701,0.03443259000778198,0.07100000232458115,0.19910000264644623
YBR182C,YDR018C,0,-1.699781,0.03441590070724487,0.07100000232458115,0.19920000433921814
YHR214W,YFL039C,0,-1.6998262,0.03439922630786896,0.07100000232458115,0.19930000603199005
YJL114W,YMR227C,0,-1.7000316,0.034382566809654236,0.07100000232458115,0.19939999282360077
YKR104W,YOR191W,0,-1.7000756,0.034365925937891006,0.07100000232458115,0.19949999451637268
YGR040W,YDR239C,0,-1.7001069,0.03434929996728897,0.07100000232458115,0.1995999962091446
YLR103C,YBR241C,0,-1.7001476,0.03433268889784813,0.07100000232458115,0.1996999979019165
YNL086W,YDL197C,0,-1.7001572,0.03431609645485878,0.07100000232458115,0.19979999959468842
YBR034C,YGR251W,0,-1.7006,0.034299515187740326,0.07100000232458115,0.19990000128746033
YNL103W,YNL208W,0,-1.7006886,0.03428295627236366,0.07100000232458115,0.20000000298023224
YJR054W,YLR377C,0,-1.7008458,0.034266408532857895,0.07100000232458115,0.20010000467300415
YOR251C,YDL113C,0,-1.7009072,0.03424987941980362,0.07100000232458115,0.20020000636577606
YMR241W,YNL063W,0,-1.701066,0.03423336520791054,0.07100000232458115,0.20029999315738678
YBL031W,YMR136W,0,-1.7014405,0.03421686589717865,0.07100000232458115,0.2003999948501587
YKL014C,YPL276W,0,-1.7024957,0.034200385212898254,0.07100000232458115,0.2004999965429306
YER127W,YIL011W,0,-1.7025843,0.03418391942977905,0.07100000232458115,0.20059999823570251
YKR078W,YGL050W,0,-1.7026247,0.034167468547821045,0.07100000232458115,0.20069999992847443
YPR021C,YPR160W,0,-1.7030437,0.03415103256702423,0.07100000232458115,0.20080000162124634
YGR094W,YEL062W,0,-1.7034297,0.03413461521267891,0.07100000232458115,0.20090000331401825
YPR174C,YLR382C,0,-1.7037585,0.03411821275949478,0.07100000232458115,0.20100000500679016
YER095W,YNL217W,0,-1.7043719,0.03410182520747185,0.07100000232458115,0.20110000669956207
YJR123W,YNL041C,0,-1.7047778,0.03408545255661011,0.07100000232458115,0.2011999934911728
YCR005C,YFL005W,0,-1.7048061,0.03406909853219986,0.07100000232458115,0.2012999951839447
YBR191W,YGR134W,0,-1.705009,0.034052759408950806,0.07100000232458115,0.2013999968767166
YMR090W,YHR044C,0,-1.705018,0.034036435186862946,0.07100000232458115,0.20149999856948853
YHR020W,YGL236C,0,-1.7058797,0.03402012586593628,0.07100000232458115,0.20160000026226044
YLR426W,YDR150W,0,-1.7061322,0.03400383144617081,0.07100000232458115,0.20170000195503235
YLR278C,YLR401C,0,-1.7067047,0.03398755565285683,0.07100000232458115,0.20180000364780426
YJL176C,YIL177C,0,-1.7069688,0.03397129103541374,0.07100000232458115,0.20190000534057617
YMR230W,YJL213W,0,-1.706989,0.03395504504442215,0.07100000232458115,0.20200000703334808
YBR158W,YJR110W,0,-1.7070065,0.03393881395459175,0.07100000232458115,0.2020999938249588
YGR296W,YDL245C,0,-1.707458,0.033922597765922546,0.07100000232458115,0.2021999955177307
YPL183W-A,YBL106C,0,-1.7074597,0.033906400203704834,0.07100000232458115,0.20229999721050262
YLR073C,YOR346W,0,-1.7077632,0.03389021381735802,0.07100000232458115,0.20239999890327454
YLR381W,YOR378W,0,-1.7079309,0.03387404605746269,0.07100000232458115,0.20250000059604645
YBR158W,YGR099W,0,-1.708024,0.03385789319872856,0.07100000232458115,0.20260000228881836
YDR507C,YFR045W,0,-1.708097,0.033841755241155624,0.07100000232458115,0.20270000398159027
YKR104W,YKL179C,0,-1.7081281,0.03382563218474388,0.07100000232458115,0.20280000567436218
YOR247W,YIL064W,0,-1.7081604,0.03380952402949333,0.07100000232458115,0.2029000073671341
YMR130W,YNL079C,0,-1.7088779,0.033793430775403976,0.07100000232458115,0.2029999941587448
YIL064W,YLR121C,0,-1.7091639,0.03377735614776611,0.07100000232458115,0.20309999585151672
YMR114C,YER147C,0,-1.7093792,0.033761292695999146,0.07100000232458115,0.20319999754428864
YMR306W,YDR018C,0,-1.7096317,0.03374524787068367,0.07100000232458115,0.20329999923706055
YGR193C,YNR061C,0,-1.7098427,0.03372921794652939,0.07100000232458115,0.20340000092983246
YLR221C,YHL017W,0,-1.7099154,0.033713199198246,0.07100000232458115,0.20350000262260437
YMR204C,YKR075C,0,-1.7101877,0.03369719907641411,0.07100000232458115,0.20360000431537628
YJL208C,YML045W,0,-1.7103655,0.03368121385574341,0.07100000232458115,0.2037000060081482
YMR210W,YER142C,0,-1.7108042,0.0336652435362339,0.07100000232458115,0.2037999927997589
YBR205W,YNL122C,0,-1.711021,0.03364928811788559,0.07100000232458115,0.20389999449253082
YGR292W,YJR155W,0,-1.7116411,0.03363334760069847,0.07100000232458115,0.20399999618530273
YPL202C,YLR126C,1,-1.7117307,0.034090910106897354,0.07199999690055847,0.20399999618530273
YMR210W,YPL141C,0,-1.7118771,0.034074775874614716,0.07199999690055847,0.20409999787807465
YDR111C,YCR097WB,0,-1.7119887,0.03405865654349327,0.07199999690055847,0.20419999957084656
YPR175W,YPL036W,0,-1.7123506,0.03404255211353302,0.07199999690055847,0.20430000126361847
YER131W,YOR330C,0,-1.7125714,0.03402646631002426,0.07199999690055847,0.20440000295639038
YNR011C,YDL227C,0,-1.712749,0.0340103916823864,0.07199999690055847,0.2045000046491623
YPL178W,YCL047C,0,-1.7128488,0.03399433568120003,0.07199999690055847,0.2046000063419342
YER148W,YLR160C,0,-1.713113,0.03397829085588455,0.07199999690055847,0.20469999313354492
YDL077C,YER184C,0,-1.7131634,0.03396226465702057,0.07199999690055847,0.20479999482631683
YBR091C,YJR107W,0,-1.7132479,0.03394625335931778,0.07199999690055847,0.20489999651908875
YLR079W,YKL109W,0,-1.713429,0.033930253237485886,0.07199999690055847,0.20499999821186066
YER140W,YKR085C,0,-1.7135236,0.033914271742105484,0.07199999690055847,0.20509999990463257
YMR114C,YNR021W,0,-1.7136234,0.033898305147886276,0.07199999690055847,0.20520000159740448
YOR291W,YOR187W,0,-1.713876,0.03388235345482826,0.07199999690055847,0.2053000032901764
YKL088W,YOR294W,0,-1.713883,0.03386641666293144,0.07199999690055847,0.2054000049829483
YMR042W,YLR446W,0,-1.7140714,0.033850494772195816,0.07199999690055847,0.20550000667572021
YJR029W,YHR067W,0,-1.7142236,0.033834587782621384,0.07199999690055847,0.20559999346733093
YGL061C,YDR387C,0,-1.7144089,0.033818695694208145,0.07199999690055847,0.20569999516010284
YPR063C,YDR471W,0,-1.7145653,0.0338028185069561,0.07199999690055847,0.20579999685287476
YOL157C,YNL031C,0,-1.7149227,0.03378695622086525,0.07199999690055847,0.20589999854564667
YCR011C,YLR401C,0,-1.7151203,0.033771105110645294,0.07199999690055847,0.20600000023841858
YCR098C,YPR096C,0,-1.7151515,0.03375527262687683,0.07199999690055847,0.2061000019311905
YCL051W,YPL113C,0,-1.7156748,0.03373945504426956,0.07199999690055847,0.2062000036239624
YLR278C,YDR423C,0,-1.7157142,0.033723652362823486,0.07199999690055847,0.20630000531673431
YLR425W,YKL100C,0,-1.7160025,0.033707864582538605,0.07199999690055847,0.20640000700950623
YAL063C,YLR090W,0,-1.7165817,0.03369209170341492,0.07199999690055847,0.20649999380111694
YPL224C,YDR065W,1,-1.7170017,0.03414405882358551,0.0729999989271164,0.20649999380111694
YBL064C,YLR190W,0,-1.717045,0.0341280959546566,0.0729999989271164,0.20659999549388885
YCR040W,YOR066W,0,-1.7172797,0.034112147986888885,0.0729999989271164,0.20669999718666077
YLL008W,YDL115C,0,-1.7181187,0.034096214920282364,0.0729999989271164,0.20679999887943268
YBR238C,YPL137C,0,-1.7185197,0.034080300480127335,0.0729999989271164,0.2069000005722046
YJR046W,YIL011W,0,-1.7188941,0.0340643972158432,0.0729999989271164,0.2070000022649765
YNL210W,YDR397C,0,-1.7193298,0.03404850885272026,0.0729999989271164,0.2071000039577484
YPR174C,YDR361C,0,-1.7201377,0.034032635390758514,0.0729999989271164,0.20720000565052032
YPR034W,YPR098C,0,-1.7203245,0.03401677682995796,0.0729999989271164,0.20730000734329224
YBR097W,YCR020C,0,-1.7208977,0.034000933170318604,0.0729999989271164,0.20739999413490295
YPR114W,YLR073C,0,-1.7218152,0.03398510068655014,0.0729999989271164,0.20749999582767487
YJL114W,YLR088W,0,-1.7219657,0.03396928682923317,0.0729999989271164,0.20759999752044678
YJL109C,YNL190W,0,-1.7222147,0.03395348787307739,0.0729999989271164,0.2076999992132187
YMR226C,YMR127C,0,-1.7223139,0.03393770381808281,0.0729999989271164,0.2078000009059906
YNL190W,YPR110C,0,-1.7233081,0.03392193466424942,0.0729999989271164,0.2079000025987625
YOL158C,YMR301C,1,-1.7234108,0.03437064588069916,0.07400000095367432,0.2079000025987625
YGL027C,YDL124W,0,-1.7237949,0.034354690462350845,0.07400000095367432,0.20800000429153442
YAL025C,YLL040C,0,-1.7239801,0.03433874621987343,0.07400000095367432,0.20810000598430634
YLR048W,YPL148C,0,-1.7241124,0.034322820603847504,0.07400000095367432,0.20819999277591705
YAL068C,YDL003W,0,-1.7242613,0.034306906163692474,0.07400000095367432,0.20829999446868896
YOR045W,YIL046W,0,-1.7244065,0.03429101034998894,0.07400000095367432,0.20839999616146088
YKL026C,YDL033C,0,-1.7246915,0.034275125712156296,0.07400000095367432,0.2084999978542328
YDR492W,YDR151C,1,-1.7251092,0.0347222238779068,0.07500000298023224,0.2084999978542328
YIL087C,YBR131W,0,-1.7254295,0.034706152975559235,0.07500000298023224,0.2085999995470047
YDR012W,YJL003W,0,-1.7255175,0.03469010069966316,0.07500000298023224,0.2087000012397766
YIR038C,YMR171C,0,-1.7255344,0.034674063324928284,0.07500000298023224,0.20880000293254852
YDR386W,YAL060W,0,-1.7256207,0.0346580408513546,0.07500000298023224,0.20890000462532043
YMR130W,YDL036C,0,-1.72605,0.03464203327894211,0.07500000298023224,0.20900000631809235
YMR180C,YER137C,0,-1.726401,0.03462604060769081,0.07500000298023224,0.20909999310970306
YMR262W,YBR159W,0,-1.7267458,0.03461005911231041,0.07500000298023224,0.20919999480247498
YPL189W,YDL170W,0,-1.7270411,0.0345940962433815,0.07500000298023224,0.2092999964952469
YEL027W,YDR065W,1,-1.7271059,0.03503919020295143,0.07599999755620956,0.2092999964952469
YLR056W,YLL029W,0,-1.7273583,0.0350230410695076,0.07599999755620956,0.2093999981880188
YPR120C,YBL028C,0,-1.7273718,0.03500691056251526,0.07599999755620956,0.2094999998807907
YNL227C,YBL028C,0,-1.7277112,0.034990791231393814,0.07599999755620956,0.20960000157356262
YHR209W,YGL092W,0,-1.7280184,0.03497469052672386,0.07599999755620956,0.20970000326633453
YER099C,YBR214W,0,-1.7280272,0.034958600997924805,0.07599999755620956,0.20980000495910645
YGR264C,YJL219W,0,-1.728093,0.03494253009557724,0.07599999755620956,0.20990000665187836
YGR052W,YNL240C,0,-1.7281215,0.03492647036910057,0.07599999755620956,0.20999999344348907
YNL078W,YJL046W,0,-1.728541,0.034910425543785095,0.07599999755620956,0.210099995136261
YDL075W,YLR324W,0,-1.7286389,0.03489439934492111,0.07599999755620956,0.2101999968290329
YDL121C,YBR016W,0,-1.7287064,0.034878384321928024,0.07599999755620956,0.2102999985218048
YKL138C-A,YEL018W,0,-1.7289327,0.03486238420009613,0.07599999755620956,0.21040000021457672
YPL019C,YGR180C,0,-1.7289641,0.03484639897942543,0.07599999755620956,0.21050000190734863
YAR042W,YOR389W,0,-1.7293634,0.03483043238520622,0.07599999755620956,0.21060000360012054
YKL197C,YLR301W,0,-1.7294972,0.03481447696685791,0.07599999755620956,0.21070000529289246
YJL080C,YDR227W,0,-1.7296531,0.03479853644967079,0.07599999755620956,0.21080000698566437
YFL054C,YDR150W,0,-1.7298479,0.03478260710835457,0.07599999755620956,0.21089999377727509
YJR016C,YHR214C-B,0,-1.7300481,0.03476669639348984,0.07599999755620956,0.210999995470047
YDR012W,YPL111W,0,-1.7301657,0.0347508005797863,0.07599999755620956,0.2110999971628189
YKL171W,YLR239C,0,-1.7302263,0.03473491594195366,0.07599999755620956,0.21119999885559082
YJL171C,YMR286W,0,-1.7302715,0.03471904993057251,0.07599999755620956,0.21130000054836273
YPL031C,YNR060W,0,-1.7304394,0.034703195095062256,0.07599999755620956,0.21140000224113464
YML039W,YOL147C,0,-1.7305477,0.034687358886003494,0.07599999755620956,0.21150000393390656
YBL113C,YGL200C,0,-1.7305564,0.03467153385281563,0.07599999755620956,0.21160000562667847
YOR224C,YML039W,0,-1.7307608,0.034655723720788956,0.07599999755620956,0.21170000731945038
YDR047W,YIR017C,0,-1.7309892,0.03463992848992348,0.07599999755620956,0.2117999941110611
YCR020C,YPL174C,0,-1.7310057,0.034624144434928894,0.07599999755620956,0.211899995803833
YNR004W,YOL011W,0,-1.7311018,0.0346083790063858,0.07599999755620956,0.21199999749660492
YER165W,YBR241C,0,-1.73174,0.03459262475371361,0.07599999755620956,0.21209999918937683
YMR076C,YJR028W,0,-1.7318301,0.034576889127492905,0.07599999755620956,0.21220000088214874
YLR080W,YHL015W,0,-1.7318519,0.0345611646771431,0.07599999755620956,0.21230000257492065
YKL194C,YDL082W,0,-1.7319808,0.03454545512795448,0.07599999755620956,0.21240000426769257
YAL021C,YLL014W,0,-1.7321851,0.03452976047992706,0.07599999755620956,0.21250000596046448
YHR154W,YBR016W,0,-1.7338483,0.03451407700777054,0.07599999755620956,0.2125999927520752
YLR426W,YPR161C,0,-1.7340231,0.034498412162065506,0.07599999755620956,0.2126999944448471
YLR260W,YER165W,0,-1.7340664,0.03448275849223137,0.07599999755620956,0.21279999613761902
YFL066C,YNL262W,0,-1.7342666,0.034467119723558426,0.07599999755620956,0.21289999783039093
YJL221C,YOR206W,0,-1.7355807,0.03445149585604668,0.07599999755620956,0.21299999952316284
YDR441C,YBR141C,0,-1.7358121,0.03443588688969612,0.07599999755620956,0.21310000121593475
YGL185C,YLR363C,0,-1.7358837,0.03442028909921646,0.07599999755620956,0.21320000290870667
YPL273W,YPL276W,0,-1.7361305,0.034404706209897995,0.07599999755620956,0.21330000460147858
YKL138C-A,YBR092C,0,-1.7361584,0.03438914194703102,0.07599999755620956,0.2134000062942505
YMR034C,YOR389W,0,-1.7366529,0.034373585134744644,0.07599999755620956,0.2134999930858612
YEL001C,YPR096C,0,-1.7374933,0.03435804694890976,0.07599999755620956,0.21359999477863312
YHR201C,YBR016W,0,-1.7375424,0.03434251993894577,0.07599999755620956,0.21369999647140503
YIL136W,YLR403W,0,-1.737893,0.03432701155543327,0.07599999755620956,0.21379999816417694
YOL093W,YNL160W,0,-1.7379096,0.03431151062250137,0.07599999755620956,0.21389999985694885
YLL045C,YNL163C,0,-1.7380086,0.034296028316020966,0.07599999755620956,0.21400000154972076
YNR061C,YDL099W,0,-1.7382061,0.03428056091070175,0.07599999755620956,0.21410000324249268
YJL157C,YGL178W,0,-1.7384325,0.03426510468125343,0.07599999755620956,0.2142000049352646
YMR227C,YML063W,0,-1.7384665,0.03424966335296631,0.07599999755620956,0.2143000066280365
YMR043W,YGL089C,0,-1.7390196,0.03423423320055008,0.07599999755620956,0.21439999341964722
YIL123W,YGL229C,0,-1.7396253,0.03421882167458534,0.07599999755620956,0.21449999511241913
YAL053W,YJL172W,0,-1.7397206,0.0342034213244915,0.07599999755620956,0.21459999680519104
YER093C,YLR042C,0,-1.739908,0.03418803587555885,0.07599999755620956,0.21469999849796295
YBR214W,YIL019W,0,-1.7399796,0.0341726616024971,0.07599999755620956,0.21480000019073486
YGL147C,YIL009C-A,0,-1.7399967,0.03415730223059654,0.07599999755620956,0.21490000188350677
YDR276C,YKL171W,0,-1.7404497,0.03414195775985718,0.07599999755620956,0.2150000035762787
YBR286W,YFL010W-A,0,-1.7409987,0.03412662819027901,0.07599999755620956,0.2151000052690506
YDR358W,YHL011C,0,-1.7410116,0.03411130979657173,0.07599999755620956,0.2152000069618225
YCL047C,YNR015W,0,-1.7410355,0.03409600630402565,0.07599999755620956,0.21529999375343323
YCL075W,YOR150W,0,-1.7411776,0.03408071771264076,0.07599999755620956,0.21539999544620514
YAL063C,YPR162C,0,-1.7415042,0.03406544029712677,0.07599999755620956,0.21549999713897705
YMR301C,YLR126C,1,-1.7415926,0.03449820727109909,0.07699999958276749,0.21549999713897705
YHR122W,YOR386W,0,-1.7418759,0.03448275849223137,0.07699999958276749,0.21559999883174896
YLR196W,YPR133W-A,0,-1.7420113,0.03446732461452484,0.07699999958276749,0.21570000052452087
YML052W,YLR419W,0,-1.7432592,0.03445190191268921,0.07699999958276749,0.21580000221729279
YJR015W,YAR033W,0,-1.7432709,0.03443649411201477,0.07699999958276749,0.2159000039100647
YNR011C,YJR149W,0,-1.7432959,0.034421101212501526,0.07699999958276749,0.2160000056028366
YER110C,YKR068C,0,-1.7435558,0.03440571948885918,0.07699999958276749,0.21610000729560852
YPR127W,YJR149W,0,-1.744169,0.03439035266637802,0.07699999958276749,0.21619999408721924
YNL086W,YOR136W,0,-1.744309,0.03437500074505806,0.07699999958276749,0.21629999577999115
YDR110W,YKL077W,0,-1.7446945,0.034359659999608994,0.07699999958276749,0.21639999747276306
YJL213W,YER019C-A,0,-1.7449025,0.03434433415532112,0.07699999958276749,0.21649999916553497
YDR415C,YLL012W,0,-1.7449911,0.03432902321219444,0.07699999958276749,0.21660000085830688
YMR160W,YGL045W,0,-1.7450044,0.03431372717022896,0.07699999958276749,0.2167000025510788
YOR063W,YDR219C,0,-1.7450937,0.03429844230413437,0.07699999958276749,0.2168000042438507
YBR092C,YDR440W,0,-1.7452632,0.034283168613910675,0.07699999958276749,0.21690000593662262
YLR214W,YFL061W,0,-1.7453301,0.034267913550138474,0.07699999958276749,0.21699999272823334
YDL124W,YNL308C,0,-1.7453535,0.03425266966223717,0.07699999958276749,0.21709999442100525
YHR181W,YPR096C,0,-1.7454731,0.034237440675497055,0.07699999958276749,0.21719999611377716
YLR356W,YML051W,0,-1.7455193,0.03422222286462784,0.07699999958276749,0.21729999780654907
YDR078C,YAR010C,0,-1.7460312,0.034207019954919815,0.07699999958276749,0.21739999949932098
YDR077W,YGL090W,0,-1.7463739,0.03419182822108269,0.07699999958276749,0.2175000011920929
YOR264W,YJR009C,0,-1.7465861,0.03417665511369705,0.07699999958276749,0.2176000028848648
YLR277C,YHL017W,0,-1.7467308,0.034161489456892014,0.07699999958276749,0.21770000457763672
YBR301W,YMR099C,0,-1.7468152,0.03414634242653847,0.07699999958276749,0.21780000627040863
YML045W,YGL030W,0,-1.7470763,0.03413120657205582,0.07699999958276749,0.21789999306201935
YLR040C,YGR030C,0,-1.7476085,0.03411608189344406,0.07699999958276749,0.21799999475479126
YNL293W,YPL276W,0,-1.7476528,0.0341009758412838,0.07699999958276749,0.21809999644756317
YEL048C,YKL017C,0,-1.7477609,0.03408587723970413,0.07699999958276749,0.21819999814033508
YDR165W,YHR164C,0,-1.7480315,0.03407079726457596,0.07699999958276749,0.218299999833107
YAL040C,YOR027W,0,-1.7480757,0.03405572846531868,0.07699999958276749,0.2184000015258789
YNL175C,YOR378W,0,-1.7487402,0.0340406708419323,0.07699999958276749,0.21850000321865082
YNL210W,YDR137W,0,-1.7488391,0.03402562811970711,0.07699999958276749,0.21860000491142273
YLR426W,YOR288C,0,-1.7491586,0.03401060029864311,0.07699999958276749,0.21870000660419464
YCL067C,YLR044C,0,-1.7496359,0.03399558365345001,0.07699999958276749,0.21879999339580536
YDR325W,YHR179W,0,-1.7496495,0.033980581909418106,0.07699999958276749,0.21889999508857727
YBR105C,YNL063W,0,-1.7496836,0.033965595066547394,0.07699999958276749,0.21899999678134918
YDR464W,YMR046C,0,-1.7501335,0.03395061567425728,0.07699999958276749,0.2190999984741211
YHR214W,YDR217C,0,-1.7504964,0.033935654908418655,0.07699999958276749,0.219200000166893
YNR060W,YPR173C,0,-1.750835,0.03392070531845093,0.07699999958276749,0.21930000185966492
YPR114W,YGR143W,0,-1.7509401,0.033905766904354095,0.07699999958276749,0.21940000355243683
YKR052C,YBR141C,0,-1.7509565,0.03389084339141846,0.07699999958276749,0.21950000524520874
YFR029W,YLL066C,0,-1.751161,0.03387593477964401,0.07699999958276749,0.21960000693798065
YPR098C,YKL144C,0,-1.7514694,0.03386103734374046,0.07699999958276749,0.21969999372959137
YJL087C,YBR214W,0,-1.7515732,0.03384615480899811,0.07699999958276749,0.21979999542236328
YDR111C,YDR222W,0,-1.7518744,0.03383128345012665,0.07699999958276749,0.2198999971151352
YHL038C,YER140W,0,-1.7521374,0.03381642326712608,0.07699999958276749,0.2199999988079071
YPR036W,YDR065W,1,-1.7521799,0.034240562468767166,0.07800000160932541,0.2199999988079071
YPR086W,YJL149W,0,-1.7526121,0.03422553837299347,0.07800000160932541,0.22010000050067902
YLR383W,YNL112W,0,-1.7527213,0.03421052545309067,0.07800000160932541,0.22020000219345093
YER044C-A,YDL015C,0,-1.7531796,0.03419552743434906,0.07800000160932541,0.22030000388622284
YMR166C,YLR371W,0,-1.7532637,0.034180544316768646,0.07800000160932541,0.22040000557899475
YDR520C,YDR447C,0,-1.7540257,0.03416557237505913,0.07800000160932541,0.22050000727176666
YDR115W,YGR162W,0,-1.754406,0.034150611609220505,0.07800000160932541,0.22059999406337738
YPR037C,YLL017W,0,-1.754885,0.034135665744543076,0.07800000160932541,0.2206999957561493
YKL063C,YNL242W,0,-1.7553028,0.03412073478102684,0.07800000160932541,0.2207999974489212
YBR297W,YOR391C,0,-1.7553082,0.0341058149933815,0.07800000160932541,0.22089999914169312
YJR103W,YDL227C,0,-1.755655,0.034090910106897354,0.07800000160932541,0.22100000083446503
YCL035C,YPR011C,0,-1.7558734,0.0340760163962841,0.07800000160932541,0.22110000252723694
YBR111W-A,YJR119C,0,-1.755903,0.03406113386154175,0.07800000160932541,0.22120000422000885
YER111C,YGR118W,0,-1.756039,0.03404626622796059,0.07800000160932541,0.22130000591278076
YDR168W,YNL247W,0,-1.756237,0.03403141349554062,0.07800000160932541,0.22139999270439148
YBR043C,YHR193C,0,-1.7564561,0.03401657193899155,0.07800000160932541,0.2214999943971634
YDL031W,YPR003C,0,-1.7567798,0.03400174528360367,0.07800000160932541,0.2215999960899353
YDR273W,YJL121C,0,-1.7567883,0.033986929804086685,0.07800000160932541,0.22169999778270721
YKL062W,YBR066C,0,-1.7568552,0.0339721255004406,0.07800000160932541,0.22179999947547913
YOL040C,YGR268C,0,-1.7568711,0.033957336097955704,0.07800000160932541,0.22190000116825104
YMR237W,YFL026W,0,-1.7570671,0.033942557871341705,0.07800000160932541,0.22200000286102295
YPR021C,YKR078W,0,-1.7571542,0.0339277945458889,0.07800000160932541,0.22210000455379486
YDR361C,YNL138W-A,0,-1.7573978,0.03391304239630699,0.07800000160932541,0.22220000624656677
YDR239C,YBR069C,0,-1.757488,0.033898305147886276,0.07800000160932541,0.2222999930381775
YHR035W,YKR056W,0,-1.757506,0.033883579075336456,0.07800000160932541,0.2223999947309494
YMR242C,YMR077C,0,-1.7576666,0.03386886790394783,0.07800000160932541,0.2224999964237213
YOR251C,YJL024C,0,-1.7583742,0.0338541679084301,0.07800000160932541,0.22259999811649323
YEL051W,YOL101C,1,-1.7583759,0.03427331894636154,0.07900000363588333,0.22259999811649323
YMR114C,YNL049C,0,-1.7586818,0.03425845503807068,0.07900000363588333,0.22269999980926514
YEL051W,YLR126C,1,-1.7592815,0.03467706963419914,0.07999999821186066,0.22269999980926514
YER027C,YML096W,0,-1.759505,0.034662045538425446,0.07999999821186066,0.22280000150203705
YLR224W,YOR393W,0,-1.7595145,0.034647032618522644,0.07999999821186066,0.22290000319480896
YLR073C,YNL214W,0,-1.7612956,0.034632034599781036,0.07999999821186066,0.22300000488758087
YPR113W,YKL088W,0,-1.7617443,0.034617047756910324,0.07999999821186066,0.22310000658035278
YKL043W,YIR038C,0,-1.7618581,0.034602075815200806,0.07999999821186066,0.2231999933719635
YNL314W,YNL115C,0,-1.7618711,0.03458711504936218,0.07999999821186066,0.2232999950647354
YIL062C,YCL069W,0,-1.762052,0.03457216918468475,0.07999999821186066,0.22339999675750732
YIL087C,YHR070W,0,-1.7620687,0.03455723449587822,0.07999999821186066,0.22349999845027924
YBR020W,YJR048W,0,-1.7624477,0.03454231470823288,0.07999999821186066,0.22360000014305115
YDR007W,YKR096W,0,-1.7629286,0.034527406096458435,0.07999999821186066,0.22370000183582306
YNR060W,YDL230W,0,-1.7654011,0.034512512385845184,0.07999999821186066,0.22380000352859497
YGL246C,YGL253W,0,-1.7659571,0.03449762985110283,0.07999999821186066,0.22390000522136688
YDR090C,YLR301W,0,-1.766147,0.03448275849223137,0.07999999821186066,0.2240000069141388
YOL158C,YEL027W,1,-1.7661846,0.034898750483989716,0.08100000023841858,0.2240000069141388
YNL216W,YCL026C-B,0,-1.7664176,0.03488372266292572,0.08100000023841858,0.2240999937057495
YDR081C,YDR476C,0,-1.7665741,0.03486870601773262,0.08100000023841858,0.22419999539852142
YCL068C,YML081W,0,-1.7668508,0.034853700548410416,0.08100000023841858,0.22429999709129333
YMR233W,YNL213C,0,-1.7668533,0.034838709980249405,0.08100000023841858,0.22439999878406525
YDR437W,YPR135W,0,-1.7674553,0.03482373058795929,0.08100000023841858,0.22450000047683716
YER140W,YPR188C,0,-1.7676926,0.03480876609683037,0.08100000023841858,0.22460000216960907
YDR404C,YNL024C,0,-1.7677486,0.03479381278157234,0.08100000023841858,0.22470000386238098
YMR223W,YHR146W,0,-1.7677593,0.03477887436747551,0.08100000023841858,0.2248000055551529
YAR009C,YJL164C,0,-1.7682631,0.03476394712924957,0.08100000023841858,0.2249000072479248
YOR283W,YHR116W,0,-1.7686399,0.03474903479218483,0.08100000023841858,0.22499999403953552
YMR322C,YNR040W,0,-1.7688603,0.03473413363099098,0.08100000023841858,0.22509999573230743
YLL066C,YDR033W,0,-1.7689342,0.03471924737095833,0.08100000023841858,0.22519999742507935
YOR124C,YBR040W,0,-1.7694248,0.03470436856150627,0.08100000023841858,0.22529999911785126
YHL024W,YLL013C,0,-1.7697312,0.03468950837850571,0.08100000023841858,0.22540000081062317
YHL017W,YHL036W,0,-1.7698647,0.03467465937137604,0.08100000023841858,0.22550000250339508
YDL210W,YOR396W,0,-1.770077,0.034659821540117264,0.08100000023841858,0.225600004196167
YIL072W,YOR393W,0,-1.7702581,0.034644994884729385,0.08100000023841858,0.2257000058889389
YMR257C,YCR016W,0,-1.7704291,0.0346301831305027,0.08100000023841858,0.22579999268054962
YMR050C,YKL141W,0,-1.7706839,0.03461538627743721,0.08100000023841858,0.22589999437332153
YBL082C,YMR303C,0,-1.7708808,0.034600596874952316,0.08100000023841858,0.22599999606609344
YPL001W,YOR131C,0,-1.7712142,0.034585822373628616,0.08100000023841858,0.22609999775886536
YNL145W,YNR040W,0,-1.7712715,0.03457106277346611,0.08100000023841858,0.22619999945163727
YKL161C,YOL127W,0,-1.7713276,0.0345563143491745,0.08100000023841858,0.22630000114440918
YLR364W,YJL213W,0,-1.7713366,0.034541577100753784,0.08100000023841858,0.2264000028371811
YGR245C,YDR501W,0,-1.7715057,0.03452685475349426,0.08100000023841858,0.226500004529953
YLL055W,YPL068C,0,-1.7721683,0.03451214358210564,0.08100000023841858,0.22660000622272491
YNL212W,YLR419W,0,-1.7722416,0.034497443586587906,0.08100000023841858,0.22669999301433563
YKL103C,YBR045C,0,-1.7724003,0.03448275849223137,0.08100000023841858,0.22679999470710754
YBR131W,YHR009C,0,-1.7728364,0.03446808457374573,0.08100000023841858,0.22689999639987946
YCL029C,YJL225C,0,-1.7730218,0.03445342555642128,0.08100000023841858,0.22699999809265137
YFR001W,YPR148C,0,-1.7732617,0.03443877398967743,0.08100000023841858,0.22709999978542328
YNL146W,YJL057C,0,-1.7732852,0.03442414104938507,0.08100000023841858,0.2272000014781952
YMR282C,YMR051C,0,-1.7733085,0.03440951555967331,0.08100000023841858,0.2273000031709671
YPR178W,YKR057W,0,-1.7734518,0.03439490497112274,0.08100000023841858,0.227400004863739
YLR426W,YGR218W,0,-1.7735258,0.03438030555844307,0.08100000023841858,0.22750000655651093
YLR142W,YLR329W,0,-1.7735965,0.03436571732163429,0.08100000023841858,0.22759999334812164
YDR369C,YDR109C,0,-1.774157,0.03435114398598671,0.08100000023841858,0.22769999504089355
YGR103W,YOR393W,0,-1.7747185,0.03433658182621002,0.08100000023841858,0.22779999673366547
YOL078W,YBR271W,0,-1.7749349,0.03432203456759453,0.08100000023841858,0.22789999842643738
YMR015C,YOL123W,0,-1.7750897,0.03430749848484993,0.08100000023841858,0.2280000001192093
YJR070C,YMR053C,0,-1.7756822,0.03429297357797623,0.08100000023841858,0.2281000018119812
YLR385C,YHR170W,0,-1.7761934,0.03427845984697342,0.08100000023841858,0.2282000035047531
YHR129C,YKL185W,0,-1.7762532,0.034263961017131805,0.08100000023841858,0.22830000519752502
YGR235C,YPL138C,0,-1.7763493,0.03424946963787079,0.08100000023841858,0.22840000689029694
YJR022W,YDL247W,0,-1.7764037,0.034234996885061264,0.08100000023841858,0.22849999368190765
YGL039W,YHR153C,0,-1.7766037,0.034220531582832336,0.08100000023841858,0.22859999537467957
YER014W,YOR322C,0,-1.7766554,0.0342060811817646,0.08100000023841858,0.22869999706745148
YMR242C,YER171W,0,-1.7767847,0.034191641956567764,0.08100000023841858,0.2287999987602234
YKR049C,YML109W,0,-1.7769448,0.03417721390724182,0.08100000023841858,0.2289000004529953
YJL216C,YOL123W,0,-1.7775016,0.03416280075907707,0.08100000023841858,0.2290000021457672
YPR097W,YDR240C,0,-1.777621,0.03414839878678322,0.08100000023841858,0.22910000383853912
YML096W,YNR037C,0,-1.7776663,0.03413400799036026,0.08100000023841858,0.22920000553131104
YJL035C,YKL103C,0,-1.7779084,0.0341196283698082,0.08100000023841858,0.22930000722408295
YBR164C,YDL129W,0,-1.7786739,0.03410526365041733,0.08100000023841858,0.22939999401569366
YLR247C,YPR194C,0,-1.7787769,0.034090910106897354,0.08100000023841858,0.22949999570846558
YDR380W,YEL037C,0,-1.7793225,0.034076567739248276,0.08100000023841858,0.2295999974012375
YBR282W,YDR222W,0,-1.7796578,0.03406223654747009,0.08100000023841858,0.2296999990940094
YHR140W,YOR187W,0,-1.7799449,0.034047920256853104,0.08100000023841858,0.2298000007867813
YLR029C,YOL136C,0,-1.7800503,0.03403361514210701,0.08100000023841858,0.22990000247955322
YGL006W,YDR065W,1,-1.782023,0.03443931043148041,0.0820000022649765,0.22990000247955322
YGR052W,YDR131C,0,-1.7822663,0.03442485257983208,0.0820000022649765,0.23000000417232513
YNR001C,YJR143C,0,-1.7825085,0.03441040590405464,0.0820000022649765,0.23010000586509705
YGL010W,YPR048W,0,-1.7826843,0.0343959741294384,0.0820000022649765,0.23019999265670776
YPR098C,YDR465C,0,-1.783133,0.034381549805402756,0.0820000022649765,0.23029999434947968
YGR244C,YJR028W,0,-1.7832199,0.034367140382528305,0.0820000022649765,0.2303999960422516
YFR032C-A,YGR204W,0,-1.7834934,0.03435274586081505,0.0820000022649765,0.2304999977350235
YHR047C,YDR248C,0,-1.7835543,0.03433835878968239,0.0820000022649765,0.2305999994277954
YER041W,YBR084W,0,-1.7837043,0.03432398661971092,0.0820000022649765,0.23070000112056732
YLR352W,YML060W,0,-1.7837105,0.03430962190032005,0.0820000022649765,0.23080000281333923
YNL050C,YBL008W,0,-1.784447,0.03429527208209038,0.0820000022649765,0.23090000450611115
YOR026W,YDL075W,0,-1.785022,0.034280937165021896,0.0820000022649765,0.23100000619888306
YFR007W,YKL082C,0,-1.7851167,0.03426660969853401,0.0820000022649765,0.23109999299049377
YGR122W,YMR184W,0,-1.785383,0.03425229713320732,0.0820000022649765,0.23119999468326569
YNR004W,YIL130W,0,-1.7854288,0.034237995743751526,0.0820000022649765,0.2312999963760376
YNR061C,YMR311C,0,-1.7855954,0.034223705530166626,0.0820000022649765,0.2313999980688095
YIL123W,YJR138W,0,-1.7861785,0.03420943021774292,0.0820000022649765,0.23149999976158142
YLR194C,YGR142W,0,-1.7866994,0.03419516235589981,0.0820000022649765,0.23160000145435333
YJR149W,YOL023W,0,-1.7868406,0.034180909395217896,0.0820000022649765,0.23170000314712524
YKL087C,YJR149W,0,-1.787207,0.034166667610406876,0.0820000022649765,0.23180000483989716
YHR154W,YOR304C-A,0,-1.787226,0.03415243700146675,0.0820000022649765,0.23190000653266907
YMR210W,YJL071W,0,-1.7873054,0.03413821756839752,0.0820000022649765,0.23199999332427979
YHR210C,YDL076C,0,-1.787456,0.03412401303648949,0.0820000022649765,0.2320999950170517
YLR001C,YDR242W,0,-1.7874893,0.03410981595516205,0.0820000022649765,0.2321999967098236
YJR027W,YBR128C,0,-1.7877231,0.034095633774995804,0.0820000022649765,0.23229999840259552
YOL098C,YKL168C,0,-1.7879307,0.034081462770700455,0.0820000022649765,0.23240000009536743
YLR004C,YMR145C,0,-1.7883104,0.034067302942276,0.0820000022649765,0.23250000178813934
YOR317W,YCR028C,0,-1.788316,0.03405315428972244,0.0820000022649765,0.23260000348091125
YJL200C,YML039W,0,-1.788492,0.03403902053833008,0.0820000022649765,0.23270000517368317
YMR099C,YDL175C,0,-1.7887557,0.03402489796280861,0.0820000022649765,0.23280000686645508
YBR183W,YAL063C,0,-1.7887839,0.03401078283786774,0.0820000022649765,0.2328999936580658
YOR357C,YHL015W,0,-1.7887919,0.03399668261408806,0.0820000022649765,0.2329999953508377
YGL076C,YPR083W,0,-1.7895911,0.033982593566179276,0.0820000022649765,0.23309999704360962
YBR129C,YIL170W,0,-1.7896941,0.03396851569414139,0.0820000022649765,0.23319999873638153
YJL221C,YFR005C,0,-1.7897816,0.033954452723264694,0.0820000022649765,0.23330000042915344
YLR268W,YHR202W,0,-1.7900343,0.0339403972029686,0.0820000022649765,0.23340000212192535
YOR063W,YBR278W,0,-1.7901617,0.033926356583833694,0.0820000022649765,0.23350000381469727
YOR378W,YOR002W,0,-1.7912211,0.03391232341527939,0.0820000022649765,0.23360000550746918
YJR027W,YLR442C,0,-1.7915332,0.033898305147886276,0.0820000022649765,0.2337000072002411
YGR112W,YDL109C,0,-1.7917938,0.03388429805636406,0.0820000022649765,0.2337999939918518
YHL035C,YDR039C,0,-1.7919465,0.03387030214071274,0.0820000022649765,0.23389999568462372
YMR169C,YOR159C,0,-1.7921131,0.03385631740093231,0.0820000022649765,0.23399999737739563
YDR253C,YIL148W,0,-1.7922484,0.03384234383702278,0.0820000022649765,0.23409999907016754
YDR406W,YBR029C,0,-1.7922535,0.033828381448984146,0.0820000022649765,0.23420000076293945
YGL185C,YIL171W,0,-1.7923121,0.033814433962106705,0.0820000022649765,0.23430000245571136
YOR251C,YNL208W,0,-1.7923366,0.03380049392580986,0.0820000022649765,0.23440000414848328
YIL056W,YPL157W,0,-1.792388,0.03378656879067421,0.0820000022649765,0.2345000058412552
YER091C,YOL029C,0,-1.7929752,0.033772651106119156,0.0820000022649765,0.2345999926328659
YDR444W,YLR268W,0,-1.7930384,0.033758748322725296,0.0820000022649765,0.23469999432563782
YGL171W,YNL213C,0,-1.7934358,0.03374485671520233,0.0820000022649765,0.23479999601840973
YBL024W,YHR067W,0,-1.7934718,0.03373097628355026,0.0820000022649765,0.23489999771118164
YIL005W,YPL130W,0,-1.7935066,0.03371710702776909,0.0820000022649765,0.23499999940395355
YML133C,YBR296C,0,-1.7938247,0.03370324522256851,0.0820000022649765,0.23510000109672546
YMR242C,YER015W,0,-1.7938894,0.03368939831852913,0.0820000022649765,0.23520000278949738
YEL015W,YOR120W,0,-1.7938999,0.03367556631565094,0.0820000022649765,0.2353000044822693
YCL001W,YBR183W,0,-1.794054,0.03366174176335335,0.0820000022649765,0.2354000061750412
YGR020C,YLR126C,1,-1.7949127,0.03405826911330223,0.08299999684095383,0.2354000061750412
YLR356W,YLR033W,0,-1.7949657,0.034044299274683,0.08299999684095383,0.23549999296665192
YML040W,YML086C,0,-1.7959201,0.03403034061193466,0.08299999684095383,0.23559999465942383
YNL132W,YBR271W,0,-1.795924,0.03401639312505722,0.08299999684095383,0.23569999635219574
YKL096W-A,YJR155W,0,-1.7960267,0.034002456814050674,0.08299999684095383,0.23579999804496765
YOR044W,YGR189C,0,-1.796619,0.03398853540420532,0.08299999684095383,0.23589999973773956
YLR037C,YNL112W,0,-1.7968984,0.03397462144494057,0.08299999684095383,0.23600000143051147
YLR164W,YDR127W,0,-1.7969447,0.03396071866154671,0.08299999684095383,0.2361000031232834
YFL066C,YNL190W,0,-1.7971966,0.03394683077931404,0.08299999684095383,0.2362000048160553
YKL062W,YOR310C,0,-1.7972871,0.03393295034766197,0.08299999684095383,0.2363000065088272
YMR256C,YNL213C,0,-1.7977223,0.0339190848171711,0.08299999684095383,0.23639999330043793
YIL034C,YGL009C,0,-1.7978745,0.03390523046255112,0.08299999684095383,0.23649999499320984
YGR144W,YFR030W,0,-1.7979828,0.033891383558511734,0.08299999684095383,0.23659999668598175
YLR276C,YFL005W,0,-1.7982242,0.033877551555633545,0.08299999684095383,0.23669999837875366
YJL033W,YPR063C,0,-1.7984968,0.03386373072862625,0.08299999684095383,0.23680000007152557
YDR169C,YML037C,0,-1.7987746,0.033849917352199554,0.08299999684095383,0.23690000176429749
YBR159W,YCL075W,0,-1.7989123,0.03383611887693405,0.08299999684095383,0.2370000034570694
YEL065W,YML132W,1,-1.7989211,0.0342298299074173,0.08399999886751175,0.2370000034570694
YIL153W,YGR034W,0,-1.7990566,0.034215886145830154,0.08399999886751175,0.2371000051498413
YDR397C,YMR175W,0,-1.7999563,0.03420195356011391,0.08399999886751175,0.23720000684261322
YPL141C,YPL082C,0,-1.8003023,0.03418803587555885,0.08399999886751175,0.23729999363422394
YKL056C,YGL229C,0,-1.8005805,0.034174125641584396,0.08399999886751175,0.23739999532699585
YEL048C,YGL244W,0,-1.8006557,0.034160226583480835,0.08399999886751175,0.23749999701976776
YBR091C,YDL195W,0,-1.8008177,0.03414634242653847,0.08399999886751175,0.23759999871253967
YOR226C,YCL005W-A,1,-1.8010945,0.03453880548477173,0.08500000089406967,0.23759999871253967
YNR048W,YDL136W,0,-1.8017662,0.03452477604150772,0.08500000089406967,0.23770000040531158
YOL101C,YMR054W,1,-1.8020731,0.034916769713163376,0.0860000029206276,0.23770000040531158
YBR291C,YIL101C,0,-1.802486,0.03490259870886803,0.0860000029206276,0.2378000020980835
YBL022C,YLR301W,0,-1.8029617,0.03488843888044357,0.0860000029206276,0.2379000037908554
YBR085W,YLL029W,0,-1.8031744,0.034874290227890015,0.0860000029206276,0.23800000548362732
YMR114C,YGR199W,0,-1.8034527,0.03486015275120735,0.0860000029206276,0.23810000717639923
YHR020W,YBR096W,0,-1.8036052,0.03484603017568588,0.0860000029206276,0.23819999396800995
YHR009C,YLR259C,0,-1.8039815,0.03483191505074501,0.0860000029206276,0.23829999566078186
YJR158W,YHR009C,0,-1.8042881,0.03481781482696533,0.0860000029206276,0.23839999735355377
YIL042C,YOR287C,0,-1.804392,0.03480372205376625,0.0860000029206276,0.23849999904632568
YMR160W,YPR091C,0,-1.8045855,0.03478964418172836,0.0860000029206276,0.2386000007390976
YLR001C,YDR468C,0,-1.8046303,0.03477557748556137,0.0860000029206276,0.2387000024318695
YOL057W,YMR077C,0,-1.8048338,0.034761518239974976,0.0860000029206276,0.23880000412464142
YPL180W,YLR367W,0,-1.8051927,0.034747473895549774,0.0860000029206276,0.23890000581741333
YKL015W,YCL026C-B,0,-1.8055013,0.03473344072699547,0.0860000029206276,0.23899999260902405
YIL030C,YER175C,0,-1.8057966,0.03471941873431206,0.0860000029206276,0.23909999430179596
YBR160W,YNL335W,0,-1.8061304,0.03470540791749954,0.0860000029206276,0.23919999599456787
YHR201C,YLR446W,0,-1.8063014,0.03469140827655792,0.0860000029206276,0.23929999768733978
YIR038C,YPL220W,0,-1.8064033,0.0346774198114872,0.0860000029206276,0.2393999993801117
YKR036C,YNR040W,0,-1.8064157,0.03466344252228737,0.0860000029206276,0.2395000010728836
YMR099C,YJR126C,0,-1.8065931,0.034649476408958435,0.0860000029206276,0.23960000276565552
YOL156W,YKL024C,0,-1.8067983,0.0346355214715004,0.0860000029206276,0.23970000445842743
YIL150C,YJL026W,0,-1.8068756,0.034621577709913254,0.0860000029206276,0.23980000615119934
YBL113C,YMR026C,0,-1.8070699,0.034607645124197006,0.0860000029206276,0.23989999294281006
YNL133C,YCR005C,0,-1.8071806,0.034593723714351654,0.0860000029206276,0.23999999463558197
YMR130W,YPL042C,0,-1.8075552,0.0345798134803772,0.0860000029206276,0.24009999632835388
YOR316C,YDR065W,1,-1.8076465,0.03496784716844559,0.08699999749660492,0.24009999632835388
YPR097W,YOR315W,0,-1.808111,0.03495379537343979,0.08699999749660492,0.2401999980211258
YLL066C,YNR017W,0,-1.8089614,0.034939758479595184,0.08699999749660492,0.2402999997138977
YFR015C,YKL170W,0,-1.8091578,0.034925732761621475,0.08699999749660492,0.24040000140666962
YBR278W,YDL121C,0,-1.8094528,0.03491171821951866,0.08699999749660492,0.24050000309944153
YPR063C,YKL088W,0,-1.8098583,0.03489771485328674,0.08699999749660492,0.24060000479221344
YMR086W,YMR025W,0,-1.8101475,0.03488372266292572,0.08699999749660492,0.24070000648498535
YJR102C,YOR251C,0,-1.8102648,0.034869737923145294,0.08699999749660492,0.24079999327659607
YDL146W,YPR041W,0,-1.8103861,0.03485576808452606,0.08699999749660492,0.24089999496936798
YBR034C,YHR080C,0,-1.8106148,0.034841809421777725,0.08699999749660492,0.2409999966621399
YBL113C,YOR285W,0,-1.8114475,0.034827861934900284,0.08699999749660492,0.2410999983549118
YBR020W,YMR087W,0,-1.8119023,0.03481392562389374,0.08699999749660492,0.24120000004768372
YBR238C,YKL186C,0,-1.8122385,0.03480000048875809,0.08699999749660492,0.24130000174045563
YPR119W,YLR191W,0,-1.8123865,0.03478608652949333,0.08699999749660492,0.24140000343322754
YHR207C,YJR010W,0,-1.8124797,0.03477218374609947,0.08699999749660492,0.24150000512599945
YOL002C,YKR050W,1,-1.812773,0.035157810896635056,0.08799999952316284,0.24150000512599945
YJR096W,YJR078W,0,-1.8133914,0.03514377027750015,0.08799999952316284,0.24160000681877136
YMR314W,YLR348C,0,-1.8134662,0.035129740834236145,0.08799999952316284,0.24169999361038208
YJR150C,YGR292W,0,-1.8135185,0.03511572256684303,0.08799999952316284,0.241799995303154
YPL231W,YKL110C,0,-1.8135242,0.035101715475320816,0.08799999952316284,0.2418999969959259
YHR140W,YGR105W,0,-1.8135763,0.035087719559669495,0.08799999952316284,0.24199999868869781
YJR145C,YPL147W,0,-1.8135891,0.03507373481988907,0.08799999952316284,0.24210000038146973
YGL073W,YNR067C,0,-1.8140337,0.03505976125597954,0.08799999952316284,0.24220000207424164
YML030W,YJR097W,0,-1.814218,0.0350457988679409,0.08799999952316284,0.24230000376701355
YLR333C,YMR172W,0,-1.8142313,0.03503184765577316,0.08799999952316284,0.24240000545978546
YOL107W,YPR128C,0,-1.814303,0.03501790761947632,0.08799999952316284,0.24250000715255737
YOR246C,YGR222W,0,-1.8146088,0.03500397875905037,0.08799999952316284,0.2425999939441681
YGR171C,YMR050C,0,-1.8149502,0.034990061074495316,0.08799999952316284,0.24269999563694
YMR210W,YIL083C,0,-1.8152931,0.03497615084052086,0.08799999952316284,0.24279999732971191
YKL048C,YMR074C,0,-1.8153796,0.034962255507707596,0.08799999952316284,0.24289999902248383
YJL112W,YDR387C,0,-1.8157475,0.03494837135076523,0.08799999952316284,0.24300000071525574
YJL114W,YGR283C,0,-1.8157742,0.034934498369693756,0.08799999952316284,0.24310000240802765
YGR177C,YER096W,0,-1.8159345,0.03492063656449318,0.08799999952316284,0.24320000410079956
YMR192W,YNL274C,0,-1.8165588,0.0349067822098732,0.08799999952316284,0.24330000579357147
YJL056C,YHL047C,1,-1.8168936,0.035289451479911804,0.08900000154972076,0.24330000579357147
YBR183W,YOL111C,0,-1.81777,0.03527546674013138,0.08900000154972076,0.2433999925851822
YMR019W,YDR002W,0,-1.8184075,0.03526148945093155,0.08900000154972076,0.2434999942779541
YLR223C,YCR016W,0,-1.8184285,0.035247523337602615,0.08900000154972076,0.243599995970726
YOR124C,YGR225W,0,-1.8189476,0.035233572125434875,0.08900000154972076,0.24369999766349792
YDR248C,YER137C,0,-1.8191202,0.03521962836384773,0.08900000154972076,0.24379999935626984
YPL111W,YJR089W,0,-1.8203754,0.035205695778131485,0.08900000154972076,0.24390000104904175
YNL192W,YCL068C,0,-1.8203988,0.03519177436828613,0.08900000154972076,0.24400000274181366
YIL064W,YKL182W,0,-1.8205783,0.035177864134311676,0.08900000154972076,0.24410000443458557
YMR193W,YGR017W,0,-1.8208656,0.035163965076208115,0.08900000154972076,0.24420000612735748
YIL056W,YML058W-A,0,-1.8210115,0.03515007719397545,0.08900000154972076,0.2442999929189682
YER127W,YGR286C,0,-1.8210421,0.03513620048761368,0.08900000154972076,0.2443999946117401
YLR224W,YOR311C,0,-1.8214359,0.0351223349571228,0.08900000154972076,0.24449999630451202
YMR242C,YHR105W,0,-1.8214536,0.03510848060250282,0.08900000154972076,0.24459999799728394
YML099C,YLL053C,0,-1.8218223,0.03509463742375374,0.08900000154972076,0.24469999969005585
YLR364W,YMR176W,0,-1.8218297,0.03508080542087555,0.08900000154972076,0.24480000138282776
YER101C,YGL009C,0,-1.8220382,0.03506698086857796,0.08900000154972076,0.24490000307559967
YGL183C,YJL156C,0,-1.822711,0.03505317121744156,0.08900000154972076,0.24500000476837158
YOL093W,YIL123W,0,-1.8230462,0.03503936901688576,0.08900000154972076,0.2451000064611435
YGL147C,YPL064C,0,-1.823216,0.03502558171749115,0.08900000154972076,0.2451999932527542
YER106W,YOL123W,0,-1.8233318,0.03501180186867714,0.08900000154972076,0.24529999494552612
YEL040W,YDR315C,0,-1.8233967,0.034998033195734024,0.08900000154972076,0.24539999663829803
YML009C,YDR222W,0,-1.823417,0.034984275698661804,0.08900000154972076,0.24549999833106995
YLR080W,YNL050C,0,-1.823468,0.03497052937746048,0.08900000154972076,0.24560000002384186
YJL206C,YCR038C,0,-1.8236904,0.03495679423213005,0.08900000154972076,0.24570000171661377
YLR164W,YOL111C,0,-1.8238249,0.03494307026267052,0.08900000154972076,0.24580000340938568
YKL040C,YDR492W,1,-1.8239145,0.03532182052731514,0.09000000357627869,0.24580000340938568
YOR304C-A,YLR283W,0,-1.8242756,0.03530796244740486,0.09000000357627869,0.2459000051021576
YOR123C,YLR283W,0,-1.8242784,0.03529411926865578,0.09000000357627869,0.2460000067949295
YOR334W,YMR118C,0,-1.8249683,0.03528028354048729,0.09000000357627869,0.24609999358654022
YOR074C,YDL133C-A,0,-1.8252603,0.0352664589881897,0.09000000357627869,0.24619999527931213
YLR284C,YNL135C,0,-1.8253059,0.035252645611763,0.09000000357627869,0.24629999697208405
YDL012C,YOL105C,0,-1.825703,0.0352388396859169,0.09000000357627869,0.24639999866485596
YLR460C,YDR512C,0,-1.8258922,0.035225048661231995,0.09000000357627869,0.24650000035762787
YMR112C,YLR348C,0,-1.826277,0.035211268812417984,0.09000000357627869,0.24660000205039978
YOL098C,YJR108W,0,-1.82651,0.03519749641418457,0.09000000357627869,0.2467000037431717
YOR116C,YMR173W,0,-1.8266816,0.03518373891711235,0.09000000357627869,0.2468000054359436
YPR083W,YOL092W,0,-1.8272558,0.03516998887062073,0.09000000357627869,0.24690000712871552
YDR137W,YKR094C,0,-1.8272886,0.03515625,0.09000000357627869,0.24699999392032623
YNL050C,YKL062W,0,-1.8276178,0.03514252230525017,0.09000000357627869,0.24709999561309814
YMR221C,YLR045C,0,-1.8285189,0.03512880578637123,0.09000000357627869,0.24719999730587006
YLR040C,YBR283C,0,-1.8287482,0.03511510044336319,0.09000000357627869,0.24729999899864197
YGL128C,YDR204W,0,-1.8287854,0.035101402550935745,0.09000000357627869,0.24740000069141388
YBL076C,YHR164C,0,-1.8288045,0.035087719559669495,0.09000000357627869,0.2475000023841858
YCR072C,YFR006W,0,-1.8290769,0.03507404401898384,0.09000000357627869,0.2476000040769577
YDR019C,YIL177C,0,-1.82949,0.03506038337945938,0.09000000357627869,0.24770000576972961
YPL200W,YNR043W,0,-1.8296864,0.03504673019051552,0.09000000357627869,0.24779999256134033
YDL204W,YDL171C,0,-1.8298049,0.03503308817744255,0.09000000357627869,0.24789999425411224
YPL189W,YMR051C,0,-1.8302212,0.03501945361495018,0.09000000357627869,0.24799999594688416
YFR013W,YHR080C,0,-1.8304815,0.035005833953619,0.09000000357627869,0.24809999763965607
YBR112C,YDR516C,0,-1.8306258,0.03499222546815872,0.09000000357627869,0.24819999933242798
YPR144C,YBR026C,0,-1.8307595,0.03497862443327904,0.09000000357627869,0.2483000010251999
YPR144C,YMR035W,0,-1.8313825,0.03496503457427025,0.09000000357627869,0.2484000027179718
YBL113C,YNL287W,0,-1.831517,0.034951455891132355,0.09000000357627869,0.2485000044107437
YNR061C,YHR214C-B,0,-1.8316814,0.034937888383865356,0.09000000357627869,0.24860000610351562
YJR040W,YDR065W,1,-1.8319739,0.03531237691640854,0.09099999815225601,0.24860000610351562
YLR073C,YBL026W,0,-1.8323761,0.03529868274927139,0.09099999815225601,0.24869999289512634
YCL014W,YMR246W,0,-1.8324616,0.035284996032714844,0.09099999815225601,0.24879999458789825
YHR020W,YBR024W,0,-1.8334873,0.03527131676673889,0.09099999815225601,0.24889999628067017
YKL026C,YOL144W,0,-1.8340595,0.03525765240192413,0.09099999815225601,0.24899999797344208
YJL114W,YBL093C,0,-1.8341026,0.03524399548768997,0.09099999815225601,0.249099999666214
YPR167C,YGR086C,0,-1.8345522,0.035230353474617004,0.09099999815225601,0.2492000013589859
YBR012W-A,YLR204W,0,-1.835057,0.035216718912124634,0.09099999815225601,0.2493000030517578
YLL008W,YHR206W,0,-1.835182,0.03520309552550316,0.09099999815225601,0.24940000474452972
YDR137W,YBR183W,0,-1.8353157,0.03518948331475258,0.09099999815225601,0.24950000643730164
YIL136W,YNL080C,0,-1.8355966,0.035175878554582596,0.09099999815225601,0.24959999322891235
YOR124C,YLL016W,0,-1.8356829,0.03516228869557381,0.09099999815225601,0.24969999492168427
YNL163C,YIR032C,0,-1.8357313,0.035148706287145615,0.09099999815225601,0.24979999661445618
YDR367W,YOL057W,0,-1.8359098,0.03513513505458832,0.09099999815225601,0.2498999983072281
YML030W,YPR047W,0,-1.8359187,0.035121574997901917,0.09099999815225601,0.25
YNL131W,YBR016W,0,-1.8360925,0.03510802611708641,0.09099999815225601,0.2500999867916107
YFL066C,YIL047C,0,-1.8370085,0.0350944846868515,0.09099999815225601,0.2502000033855438
YPR073C,YPR080W,0,-1.8370287,0.03508095443248749,0.09099999815225601,0.25029999017715454
YEL032W,YML120C,0,-1.8370757,0.03506743907928467,0.09099999815225601,0.25040000677108765
YMR180C,YMR194W,0,-1.8376857,0.03505392745137215,0.09099999815225601,0.25049999356269836
YCR045C,YHR158C,0,-1.8378713,0.03504043072462082,0.09099999815225601,0.25060001015663147
YPR006C,YJL206C,0,-1.8379858,0.03502694517374039,0.09099999815225601,0.2506999969482422
YMR226C,YOR247W,0,-1.838158,0.03501346707344055,0.09099999815225601,0.2508000135421753
YBL010C,YNL084C,0,-1.8382862,0.03500000014901161,0.09099999815225601,0.250900000333786
YMR149W,YLR258W,0,-1.8385227,0.03498654440045357,0.09099999815225601,0.25099998712539673
YPL221W,YNL110C,0,-1.8391068,0.03497309610247612,0.09099999815225601,0.25110000371932983
YMR315W,YER109C,0,-1.8395029,0.034959662705659866,0.09099999815225601,0.25119999051094055
YNL111C,YPR152C,0,-1.8401613,0.03494623675942421,0.09099999815225601,0.25130000710487366
YNR035C,YHR035W,0,-1.841444,0.03493282198905945,0.09099999815225601,0.2513999938964844
YOR356W,YDR448W,0,-1.84195,0.03491941839456558,0.09099999815225601,0.2515000104904175
YDL205C,YKL061W,0,-1.8428822,0.03490602225065231,0.09099999815225601,0.2515999972820282
YDR387C,YGL171W,0,-1.8432837,0.03489263728260994,0.09099999815225601,0.2517000138759613
YGL073W,YNR044W,0,-1.8433061,0.03487926349043846,0.09099999815225601,0.251800000667572
YDL136W,YNL161W,0,-1.8435344,0.03486590087413788,0.09099999815225601,0.25189998745918274
YGR177C,YMR312W,0,-1.8435568,0.03485254570841789,0.09099999815225601,0.25200000405311584
YPL115C,YOR378W,0,-1.8438419,0.0348392054438591,0.09099999815225601,0.25209999084472656
YLR234W,YBL092W,0,-1.8444283,0.03482586890459061,0.09099999815225601,0.25220000743865967
YJR010W,YMR240C,0,-1.8444672,0.03481254726648331,0.09099999815225601,0.2522999942302704
YDR239C,YDL208W,0,-1.8448293,0.0347992368042469,0.09099999815225601,0.2524000108242035
YDL206W,YCL034W,0,-1.84497,0.034785933792591095,0.09099999815225601,0.2524999976158142
YMR110C,YDR126W,0,-1.845007,0.03477264195680618,0.09099999815225601,0.2526000142097473
YFL041W,YDL133C-A,0,-1.8454394,0.03475935757160187,0.09099999815225601,0.25270000100135803
YJL106W,YGR103W,0,-1.8457181,0.034746088087558746,0.09099999815225601,0.25279998779296875
YPR186C,YLR061W,0,-1.8460547,0.03473282605409622,0.09099999815225601,0.25290000438690186
YPL090C,YDR461W,0,-1.846227,0.034719571471214294,0.09099999815225601,0.2529999911785126
YKR037C,YHR122W,0,-1.847008,0.03470633178949356,0.09099999815225601,0.2531000077724457
YBR156C,YPL155C,0,-1.8471797,0.034693099558353424,0.09099999815225601,0.2531999945640564
YDL185W,YDR515W,1,-1.8471895,0.03506097570061684,0.09200000017881393,0.2531999945640564
YOR338W,YFL057C,0,-1.8473468,0.03504762053489685,0.09200000017881393,0.2533000111579895
YBL013W,YOL096C,0,-1.8483716,0.03503427281975746,0.09200000017881393,0.2533999979496002
YMR032W,YOL057W,0,-1.8484931,0.03502093628048897,0.09200000017881393,0.2535000145435333
YGR060W,YPR155C,0,-1.8486998,0.03500761091709137,0.09200000017881393,0.25360000133514404
YHR139C,YAL056W,0,-1.8493022,0.03499429300427437,0.09200000017881393,0.25369998812675476
YDL045W-A,YDL227C,0,-1.8498255,0.03498098999261856,0.09200000017881393,0.25380000472068787
YOL007C,YDR449C,0,-1.8499632,0.03496769443154335,0.09200000017881393,0.2538999915122986
YEL070W,YHR074W,0,-1.8500128,0.03495440632104874,0.09200000017881393,0.2540000081062317
YML063W,YPR081C,0,-1.8505601,0.03494113311171532,0.09200000017881393,0.2540999948978424
YJR033C,YCL005W-A,1,-1.8515322,0.035307515412569046,0.09300000220537186,0.2540999948978424
YHR067W,YHL011C,0,-1.8517387,0.03529411926865578,0.09300000220537186,0.2542000114917755
YJR029W,YDR078C,0,-1.8520925,0.035280726850032806,0.09300000220537186,0.25429999828338623
YBR297W,YMR307W,0,-1.8523059,0.03526734933257103,0.09300000220537186,0.25440001487731934
YNL112W,YHR168W,0,-1.8526165,0.03525397926568985,0.09300000220537186,0.25450000166893005
YMR050C,YDR254W,0,-1.8526294,0.035240620374679565,0.09300000220537186,0.25459998846054077
YJL181W,YER072W,0,-1.8527143,0.035227272659540176,0.09300000220537186,0.2547000050544739
YKL174C,YPL068C,0,-1.8528447,0.035213932394981384,0.09300000220537186,0.2547999918460846
YPL129W,YOR131C,0,-1.8529809,0.035200607031583786,0.09300000220537186,0.2549000084400177
YOR116C,YER070W,0,-1.8530388,0.035187285393476486,0.09300000220537186,0.2549999952316284
YHR209W,YJR089W,0,-1.8532648,0.03517397865653038,0.09300000220537186,0.2551000118255615
YJL059W,YOR226C,1,-1.8533306,0.035538751631975174,0.09399999678134918,0.2551000118255615
YNL325C,YKL021C,0,-1.8534079,0.03552532196044922,0.09399999678134918,0.25519999861717224
YML027W,YGL227W,0,-1.8535949,0.03551189973950386,0.09399999678134918,0.25529998540878296
YOR246C,YIL069C,0,-1.8540226,0.0354984886944294,0.09399999678134918,0.25540000200271606
YLR075W,YOR059C,0,-1.8540602,0.03548508882522583,0.09399999678134918,0.2554999887943268
YML063W,YGR032W,0,-1.8548374,0.03547169640660286,0.09399999678134918,0.2556000053882599
YPL133C,YIR014W,0,-1.8548756,0.03545831888914108,0.09399999678134918,0.2556999921798706
YHR020W,YOR372C,0,-1.8549364,0.0354449488222599,0.09399999678134918,0.2558000087738037
YHR140W,YJR060W,0,-1.8554716,0.03543158620595932,0.09399999678134918,0.25589999556541443
YOR330C,YML070W,0,-1.8562163,0.03541823476552963,0.09399999678134918,0.25600001215934753
YPL065W,YML128C,0,-1.8568971,0.03540489822626114,0.09399999678134918,0.25609999895095825
YPL091W,YIL160C,0,-1.8572206,0.035391565412282944,0.09399999678134918,0.25619998574256897
YGL123W,YDR135C,0,-1.8577993,0.03537824749946594,0.09399999678134918,0.2563000023365021
YML054C,YDR368W,0,-1.8578801,0.03536493703722954,0.09399999678134918,0.2563999891281128
YOR316C,YLR126C,1,-1.8582969,0.035727716982364655,0.0949999988079071,0.2563999891281128
YGR225W,YPR003C,0,-1.8583163,0.0357142873108387,0.0949999988079071,0.2565000057220459
YDL142C,YJL189W,0,-1.8584025,0.03570086508989334,0.0949999988079071,0.2565999925136566
YMR226C,YDL141W,0,-1.8587515,0.03568745404481888,0.0949999988079071,0.2567000091075897
YOR207C,YOL151W,0,-1.8590074,0.03567405045032501,0.0949999988079071,0.25679999589920044
YJR033C,YDR492W,1,-1.8594376,0.036036036908626556,0.09600000083446503,0.25679999589920044
YOR358W,YJL206C,0,-1.8594537,0.03602251410484314,0.09600000083446503,0.25690001249313354
YGR001C,YIL036W,0,-1.8596356,0.03600900247693062,0.09600000083446503,0.25699999928474426
YDR397C,YNL007C,0,-1.8596362,0.03599550202488899,0.09600000083446503,0.257099986076355
YAL025C,YML076C,0,-1.8596784,0.03598200902342796,0.09600000083446503,0.2572000026702881
YNR010W,YMR194W,0,-1.8603626,0.03596852719783783,0.09600000083446503,0.2572999894618988
YPL196W,YAL022C,0,-1.8604109,0.03595505654811859,0.09600000083446503,0.2574000060558319
YFR034C,YMR176W,0,-1.8605206,0.03594159334897995,0.09600000083446503,0.2574999928474426
YHR122W,YDL146W,0,-1.8614476,0.0359281450510025,0.09600000083446503,0.25760000944137573
YOR098C,YGL196W,0,-1.8616195,0.03591470420360565,0.09600000083446503,0.25769999623298645
YCL067C,YLR048W,0,-1.8617297,0.0359012708067894,0.09600000083446503,0.25780001282691956
YMR061W,YDL170W,0,-1.8618733,0.03588785231113434,0.09600000083446503,0.2578999996185303
YEL069C,YPL056C,0,-1.8618758,0.035874441266059875,0.09600000083446503,0.257999986410141
YLR278C,YMR026C,0,-1.862071,0.03586103767156601,0.09600000083446503,0.2581000030040741
YOR001W,YLR301W,0,-1.8620906,0.03584764897823334,0.09600000083446503,0.2581999897956848
YBL031W,YML042W,0,-1.8622067,0.03583426773548126,0.09600000083446503,0.2583000063896179
YOR081C,YML073C,0,-1.8622493,0.035820893943309784,0.09600000083446503,0.25839999318122864
YHL044W,YJR027W,0,-1.8622799,0.0358075350522995,0.09600000083446503,0.25850000977516174
YDR018C,YKL182W,0,-1.8623343,0.03579418361186981,0.09600000083446503,0.25859999656677246
YLR446W,YPL022W,0,-1.8624036,0.03578084334731102,0.09600000083446503,0.25870001316070557
YOL093W,YLR073C,0,-1.8626888,0.035767510533332825,0.09600000083446503,0.2587999999523163
YCL005W-A,YJL129C,1,-1.8629783,0.03612662851810455,0.09700000286102295,0.2587999999523163
YBL061C,YDL246C,0,-1.8630717,0.036113180220127106,0.09700000286102295,0.258899986743927
YNL054W,YGR103W,0,-1.8632821,0.036099739372730255,0.09700000286102295,0.2590000033378601
YDR306C,YLR299W,0,-1.8637298,0.0360863097012043,0.09700000286102295,0.2590999901294708
YNL045W,YDR284C,0,-1.8637764,0.03607289120554924,0.09700000286102295,0.25920000672340393
YPL200W,YBR005W,0,-1.8638422,0.03605948016047478,0.09700000286102295,0.25929999351501465
YDR069C,YPL150W,0,-1.8639352,0.03604608029127121,0.09700000286102295,0.25940001010894775
YOL105C,YKL150W,0,-1.8642881,0.03603268787264824,0.09700000286102295,0.25949999690055847
YKL001C,YNL314W,0,-1.8645753,0.03601931035518646,0.09700000286102295,0.2596000134944916
YDR367W,YLR370C,0,-1.8649564,0.03600594028830528,0.09700000286102295,0.2597000002861023
YBL112C,YLR192C,0,-1.865048,0.0359925776720047,0.09700000286102295,0.259799987077713
YDL189W,YDR259C,0,-1.8650604,0.03597922995686531,0.09700000286102295,0.2599000036716461
YLR109W,YBL051C,0,-1.8651137,0.03596588969230652,0.09700000286102295,0.25999999046325684
YPL143W,YKL010C,0,-1.8652312,0.03595255687832832,0.09700000286102295,0.26010000705718994
YNR008W,YLL053C,0,-1.8661535,0.035939235240221024,0.09700000286102295,0.26019999384880066
YJL172W,YFR006W,0,-1.8669671,0.03592592477798462,0.09700000286102295,0.26030001044273376
YGR235C,YNL107W,0,-1.8672843,0.03591262549161911,0.09700000286102295,0.2603999972343445
YMR175W,YCL039W,0,-1.867979,0.0358993336558342,0.09700000286102295,0.2605000138282776
YER190W,YMR314W,0,-1.8679934,0.03588605299592018,0.09700000286102295,0.2606000006198883
YER091C,YOR311C,0,-1.8688418,0.03587277978658676,0.09700000286102295,0.260699987411499
YIL172C,YAL051W,0,-1.8688691,0.03585951775312424,0.09700000286102295,0.26080000400543213
YIL154C,YNL181W,0,-1.8691857,0.03584626689553261,0.09700000286102295,0.26089999079704285
YOR326W,YBR026C,0,-1.8695414,0.035833027213811874,0.09700000286102295,0.26100000739097595
YDR444W,YJL156C,0,-1.8695893,0.03581979498267174,0.09700000286102295,0.26109999418258667
YHL035C,YOL043C,0,-1.8699253,0.0358065702021122,0.09700000286102295,0.2612000107765198
YJL149W,YFR037C,0,-1.8706913,0.03579335659742355,0.09700000286102295,0.2612999975681305
YDR416W,YPL017C,0,-1.8708335,0.035780154168605804,0.09700000286102295,0.2614000141620636
YDL130W-A,YHR070W,0,-1.8709369,0.03576696291565895,0.09700000286102295,0.2615000009536743
YNL111C,YMR159C,0,-1.8709564,0.035753779113292694,0.09700000286102295,0.26159998774528503
YJR028W,YCL059C,0,-1.8710053,0.035740602761507034,0.09700000286102295,0.26170000433921814
YGR199W,YDR365C,0,-1.8710611,0.03572744131088257,0.09700000286102295,0.26179999113082886
YLL062C,YGR281W,0,-1.8713785,0.0357142873108387,0.09700000286102295,0.26190000772476196
YMR210W,YPL087W,0,-1.8716633,0.03570114076137543,0.09700000286102295,0.2619999945163727
YLR435W,YFL026W,0,-1.8720398,0.03568800538778305,0.09700000286102295,0.2621000111103058
YJL069C,YMR074C,0,-1.8723981,0.03567488119006157,0.09700000286102295,0.2621999979019165
YMR177W,YDL198C,1,-1.8725615,0.03602941334247589,0.09799999743700027,0.2621999979019165
YDL197C,YIL148W,0,-1.87262,0.03601616993546486,0.09799999743700027,0.2623000144958496
YDL243C,YER153C,0,-1.8727281,0.03600293770432472,0.09799999743700027,0.2624000012874603
YLR352W,YHL044W,0,-1.8727738,0.03598971664905548,0.09799999743700027,0.26249998807907104
YLR404W,YJR048W,0,-1.8729182,0.035976506769657135,0.09799999743700027,0.26260000467300415
YOL098C,YGL060W,0,-1.8729763,0.035963304340839386,0.09799999743700027,0.26269999146461487
YFR053C,YCR036W,0,-1.8734664,0.035950109362602234,0.09799999743700027,0.262800008058548
YGR046W,YMR090W,0,-1.8736067,0.03593692556023598,0.09799999743700027,0.2628999948501587
YPL189C-A,YNL281W,0,-1.8742485,0.035923752933740616,0.09799999743700027,0.2630000114440918
YPL082C,YBR141C,0,-1.8744428,0.03591059148311615,0.09799999743700027,0.2630999982357025
YJL162C,YBR012W-A,0,-1.8745327,0.03589743748307228,0.09799999743700027,0.2632000148296356
YBR149W,YNL191W,0,-1.8745975,0.03588429093360901,0.09799999743700027,0.26330000162124634
YCR021C,YDR032C,0,-1.8746815,0.03587115556001663,0.09799999743700027,0.26339998841285706
YER093C,YDL121C,0,-1.8747205,0.03585803136229515,0.09799999743700027,0.26350000500679016
YAL022C,YDL119C,0,-1.8748341,0.035844914615154266,0.09799999743700027,0.2635999917984009
YGL089C,YDR014W,0,-1.8758037,0.03583180904388428,0.09799999743700027,0.263700008392334
YDR236C,YMR034C,0,-1.8759464,0.035818714648485184,0.09799999743700027,0.2637999951839447
YPL135W,YDR492W,1,-1.8762197,0.03617098927497864,0.0989999994635582,0.2637999951839447
YGL089C,YCR077C,0,-1.8767184,0.03615777939558029,0.0989999994635582,0.2639000117778778
YBR054W,YER123W,0,-1.8772466,0.03614457696676254,0.0989999994635582,0.2639999985694885
YKL088W,YJL029C,0,-1.8780916,0.03613138571381569,0.0989999994635582,0.26409998536109924
YOR096W,YBL089W,0,-1.8782713,0.03611820563673973,0.0989999994635582,0.26420000195503235
YOR313C,YDR120C,0,-1.8792753,0.03610503301024437,0.0989999994635582,0.26429998874664307
YOR388C,YBR145W,0,-1.8794467,0.036091871559619904,0.0989999994635582,0.26440000534057617
YDR262W,YHL032C,0,-1.8799663,0.036078717559576035,0.0989999994635582,0.2644999921321869
YLR264W,YDR315C,0,-1.8801489,0.03606557473540306,0.0989999994635582,0.26460000872612
YNR004W,YMR026C,0,-1.8808701,0.036052439361810684,0.0989999994635582,0.2646999955177307
YOR211C,YNL160W,0,-1.8811791,0.0360393151640892,0.0989999994635582,0.2648000121116638
YMR300C,YER060W-A,0,-1.8815753,0.03602620214223862,0.0989999994635582,0.26489999890327454
YLR010C,YBR093C,0,-1.882169,0.03601309657096863,0.0989999994635582,0.26499998569488525
YDR118W,YKL081W,0,-1.8825791,0.035999998450279236,0.0989999994635582,0.26510000228881836
YBL112C,YOR148C,0,-1.8831699,0.03598691523075104,0.0989999994635582,0.2651999890804291
YLR073C,YHR105W,0,-1.8833336,0.03597383573651314,0.0989999994635582,0.2653000056743622
YKR009C,YPL276W,0,-1.8837159,0.03596077114343643,0.0989999994635582,0.2653999924659729
YNL131W,YLL016W,0,-1.8837291,0.03594771400094032,0.0989999994635582,0.265500009059906
YJR153W,YBR159W,0,-1.8838673,0.03593466430902481,0.0989999994635582,0.2655999958515167
YOL032W,YOR091W,0,-1.8840476,0.035921625792980194,0.0989999994635582,0.26570001244544983
YHR132C,YLL053C,0,-1.8851734,0.035908594727516174,0.0989999994635582,0.26579999923706055
YDL114W,YNL119W,0,-1.8851852,0.03589557483792305,0.0989999994635582,0.26589998602867126
YDR231C,YLR050C,0,-1.8852633,0.03588256612420082,0.0989999994635582,0.26600000262260437
YER120W,YLR270W,0,-1.8854387,0.03586956486105919,0.0989999994635582,0.2660999894142151
YOR047C,YGR142W,0,-1.8859215,0.03585657477378845,0.0989999994635582,0.2662000060081482
YPL115C,YKL009W,0,-1.8860266,0.03584359213709831,0.0989999994635582,0.2662999927997589
YPR001W,YOR162C,0,-1.8860455,0.03583062067627907,0.0989999994635582,0.266400009393692
YER012W,YGR225W,0,-1.8863027,0.03581765666604042,0.0989999994635582,0.26649999618530273
YLR040C,YDR503C,0,-1.8865125,0.03580470010638237,0.0989999994635582,0.26660001277923584
YGR075C,YIL133C,0,-1.8868229,0.03579175844788551,0.0989999994635582,0.26669999957084656
YMR072W,YPR098C,0,-1.8870566,0.035778820514678955,0.0989999994635582,0.2667999863624573
YPL183C,YBR271W,0,-1.8874657,0.03576589748263359,0.0989999994635582,0.2669000029563904
YOR346W,YCR016W,0,-1.8876016,0.035752978175878525,0.0989999994635582,0.2669999897480011
YMR307W,YBL060W,0,-1.8877147,0.03574007377028465,0.0989999994635582,0.2671000063419342
YDL046W,YLL016W,0,-1.8885335,0.03572717308998108,0.0989999994635582,0.2671999931335449
YMR175W,YNL191W,0,-1.8886607,0.0357142873108387,0.0989999994635582,0.267300009727478
YPR049C,YGR094W,0,-1.8888452,0.03570140525698662,0.0989999994635582,0.26739999651908875
YDL144C,YDR003W,0,-1.889071,0.03568853810429573,0.0989999994635582,0.26750001311302185
YML042W,YBR238C,0,-1.8891375,0.03567567467689514,0.0989999994635582,0.26759999990463257
YJL098W,YDR009W,0,-1.8893852,0.03566282242536545,0.0989999994635582,0.2676999866962433
YJR053W,YKL038W,0,-1.8901355,0.03564998134970665,0.0989999994635582,0.2678000032901764
YHL038C,YDL195W,0,-1.8907158,0.03563714772462845,0.0989999994635582,0.2678999900817871
YDL141W,YHR113W,0,-1.891134,0.03562432527542114,0.0989999994635582,0.2680000066757202
YER087C-A,YHR057C,0,-1.8916543,0.035611510276794434,0.0989999994635582,0.26809999346733093
YIL144W,YNR060W,0,-1.8919486,0.03559870645403862,0.0989999994635582,0.26820001006126404
YBR020W,YOR215C,0,-1.8919556,0.0355859100818634,0.0989999994635582,0.26829999685287476
YJL181W,YGR295C,0,-1.8921242,0.035573121160268784,0.0989999994635582,0.26840001344680786
YDR273W,YPL140C,0,-1.892415,0.03556034341454506,0.0989999994635582,0.2685000002384186
YNL115C,YDL202W,0,-1.8926969,0.03554757684469223,0.0989999994635582,0.2685999870300293
YAL029C,YGL089C,0,-1.8928742,0.03553481772542,0.0989999994635582,0.2687000036239624
YIL046W,YDR086C,0,-1.8936785,0.03552206605672836,0.0989999994635582,0.2687999904155731
YOR162C,YPL036W,0,-1.8941604,0.03550932556390762,0.0989999994635582,0.2689000070095062
YGL027C,YOL078W,0,-1.8944788,0.03549659252166748,0.0989999994635582,0.26899999380111694
YLR050C,YPL004C,0,-1.8947706,0.03548387065529823,0.0989999994635582,0.26910001039505005
YDR270W,YCL005W-A,1,-1.8950113,0.03582945093512535,0.10000000149011612,0.26910001039505005
YKR104W,YFL013C,0,-1.8952103,0.03581661731004715,0.10000000149011612,0.26919999718666077
YMR194W,YAL013W,0,-1.8958814,0.035803794860839844,0.10000000149011612,0.26930001378059387
YOR297C,YFL045C,0,-1.8959928,0.035790979862213135,0.10000000149011612,0.2694000005722046
YLR009W,YJR052W,0,-1.8962111,0.03577817603945732,0.10000000149011612,0.2694999873638153
YJL103C,YDR213W,0,-1.896319,0.035765379667282104,0.10000000149011612,0.2696000039577484
YIL018W,YNL221C,0,-1.8965577,0.035752590745687485,0.10000000149011612,0.26969999074935913
YBL091C,YHR202W,0,-1.8965945,0.03573981299996376,0.10000000149011612,0.26980000734329224
YOL002C,YDR515W,1,-1.8968903,0.03608431667089462,0.10100000351667404,0.26980000734329224
YPR163C,YER081W,0,-1.8971581,0.036071427166461945,0.10100000351667404,0.26989999413490295
YFL033C,YLR050C,0,-1.8976295,0.03605854883790016,0.10100000351667404,0.27000001072883606
YOL002C,YHL047C,1,-1.897695,0.036402568221092224,0.10199999809265137,0.27000001072883606
YIL111W,YDR364C,0,-1.8981733,0.036389581859111786,0.10199999809265137,0.2700999975204468
YDL204W,YDL138W,0,-1.899145,0.03637660667300224,0.10199999809265137,0.2702000141143799
YOR262W,YOR150W,0,-1.8994094,0.036363635212183,0.10199999809265137,0.2703000009059906
YDL114W,YDR109C,0,-1.8995593,0.03635067865252495,0.10199999809265137,0.2703999876976013
YPR046W,YPL087W,0,-1.9000185,0.036337725818157196,0.10199999809265137,0.2705000042915344
YNL006W,YNL095C,0,-1.9000466,0.03632478788495064,0.10199999809265137,0.27059999108314514
YOR247W,YNL223W,0,-1.900332,0.03631185367703438,0.10199999809265137,0.27070000767707825
YIL111W,YJL011C,0,-1.9003668,0.036298930644989014,0.10199999809265137,0.27079999446868896
YGR296W,YDL143W,0,-1.9003778,0.036286018788814545,0.10199999809265137,0.27090001106262207
YIL064W,YBL075C,0,-1.9009246,0.03627311438322067,0.10199999809265137,0.2709999978542328
YLR073C,YGR145W,0,-1.900929,0.036260221153497696,0.10199999809265137,0.2711000144481659
YDR148C,YLR010C,0,-1.9011886,0.036247335374355316,0.10199999809265137,0.2712000012397766
YBR301W,YHR170W,0,-1.9012015,0.03623445704579353,0.10199999809265137,0.27129998803138733
YGL226C-A,YJR119C,0,-1.9014019,0.036221589893102646,0.10199999809265137,0.27140000462532043
YNL050C,YDR056C,0,-1.9014709,0.036208733916282654,0.10199999809265137,0.27149999141693115
YNL262W,YJL172W,0,-1.9016526,0.03619588539004326,0.10199999809265137,0.27160000801086426
YIL080W,YOR172W,0,-1.9016984,0.03618304431438446,0.10199999809265137,0.271699994802475
YJR004C,YMR136W,0,-1.9018874,0.03617021441459656,0.10199999809265137,0.2718000113964081
YER014C-A,YLL018C,0,-1.9019353,0.03615739196538925,0.10199999809265137,0.2718999981880188
YLR348C,YCR081W,0,-1.9026464,0.03614457696676254,0.10199999809265137,0.2720000147819519
YJL187C,YOL157C,0,-1.9030143,0.03613177314400673,0.10199999809265137,0.2721000015735626
YIL062C,YPR148C,0,-1.9030687,0.03611898049712181,0.10199999809265137,0.27219998836517334
YOR074C,YIL018W,0,-1.9030888,0.03610619530081749,0.10199999809265137,0.27230000495910645
YAL058W,YDR060W,0,-1.9033475,0.036093417555093765,0.10199999809265137,0.27239999175071716
YBL010C,YAL023C,0,-1.9039617,0.036080650985240936,0.10199999809265137,0.27250000834465027
YMR180C,YHR113W,0,-1.9039901,0.036067891865968704,0.10199999809265137,0.272599995136261
YLR247C,YGL115W,0,-1.9040766,0.03605514392256737,0.10199999809265137,0.2727000117301941
YGL092W,YOL151W,0,-1.9041994,0.03604240342974663,0.10199999809265137,0.2727999985218048
YDR056C,YNL046W,0,-1.9045498,0.036029670387506485,0.10199999809265137,0.2728999853134155
YDR369C,YNL307C,0,-1.9046813,0.03601694852113724,0.10199999809265137,0.27300000190734863
YML040W,YDL175C,0,-1.9046853,0.03600423410534859,0.10199999809265137,0.27309998869895935
YBR114W,YOL157C,0,-1.9047371,0.03599153086543083,0.10199999809265137,0.27320000529289246
YCL034W,YLL011W,0,-1.9048359,0.035978835076093674,0.10199999809265137,0.2732999920845032
YDR492W,YLR047C,1,-1.9050992,0.036318760365247726,0.10300000011920929,0.2732999920845032
YJR096W,YDR041W,0,-1.9056691,0.03630595654249191,0.10300000011920929,0.2734000086784363
YKL217W,YDR033W,0,-1.905672,0.036293163895606995,0.10300000011920929,0.273499995470047
YLR073C,YPL174C,0,-1.9059365,0.03628037869930267,0.10300000011920929,0.2736000120639801
YDR436W,YPR036W,1,-1.9059659,0.03661971911787987,0.10400000214576721,0.2736000120639801
YER023W,YIL167W,0,-1.9059693,0.03660682961344719,0.10400000214576721,0.2736999988555908
YER190W,YOR091W,0,-1.9065827,0.03659394755959511,0.10400000214576721,0.27379998564720154
YDR415C,YDR028C,0,-1.9066799,0.03658107668161392,0.10400000214576721,0.27390000224113464
YFR024C-A,YML039W,0,-1.9067006,0.03656821325421333,0.10400000214576721,0.27399998903274536
YPL058C,YGL144C,0,-1.9075427,0.03655536100268364,0.10400000214576721,0.27410000562667847
YDR246W,YJL149W,0,-1.9078063,0.03654251620173454,0.10400000214576721,0.2741999924182892
YPL099C,YOL120C,0,-1.908087,0.03652967885136604,0.10400000214576721,0.2743000090122223
YJR096W,YDL200C,0,-1.9081135,0.03651685267686844,0.10400000214576721,0.274399995803833
YKL174C,YHR215W,0,-1.9082532,0.03650403767824173,0.10400000214576721,0.2745000123977661
YPL253C,YCR016W,0,-1.9083121,0.03649122640490532,0.10400000214576721,0.27459999918937683
YDR436W,YOR332W,1,-1.9084787,0.036829181015491486,0.10499999672174454,0.27459999918937683
YPL224C,YDR492W,1,-1.9085952,0.03716690093278885,0.10599999874830246,0.27459999918937683
YDL211C,YLR403W,0,-1.9088869,0.03715387359261513,0.10599999874830246,0.27469998598098755
YOR306C,YKL054C,0,-1.9091507,0.037140853703022,0.10599999874830246,0.27480000257492065
YHR171W,YFR006W,0,-1.9093252,0.037127844989299774,0.10599999874830246,0.27489998936653137
YOL124C,YGR113W,0,-1.9105704,0.03711484745144844,0.10599999874830246,0.2750000059604645
YPL161C,YCR020C,0,-1.9107525,0.037101853638887405,0.10599999874830246,0.2750999927520752
YNL335W,YJL125C,0,-1.9108062,0.037088874727487564,0.10599999874830246,0.2752000093460083
YDR248C,YMR300C,0,-1.9108493,0.03707589954137802,0.10599999874830246,0.275299996137619
YCL029C,YAL063C,0,-1.9110823,0.037062935531139374,0.10599999874830246,0.2754000127315521
YKL138C-A,YOL023W,0,-1.91138,0.03704998269677162,0.10599999874830246,0.27549999952316284
YGL073W,YGR155W,0,-1.9113998,0.03703703731298447,0.10599999874830246,0.27559998631477356
YDR451C,YML040W,0,-1.9116008,0.03702409937977791,0.10599999874830246,0.27570000290870667
YGR094W,YNL282W,0,-1.9118434,0.037011172622442245,0.10599999874830246,0.2757999897003174
YGR246C,YIL133C,0,-1.9118751,0.03699825331568718,0.10599999874830246,0.2759000062942505
YML060W,YBL106C,0,-1.9123476,0.03698534518480301,0.10599999874830246,0.2759999930858612
YEL061C,YER175C,0,-1.9124274,0.036972444504499435,0.10599999874830246,0.2761000096797943
YCL048W,YMR302C,0,-1.9126854,0.03695955500006676,0.10599999874830246,0.27619999647140503
YHR111W,YER184C,0,-1.9130712,0.036946672946214676,0.10599999874830246,0.27630001306533813
YNL133C,YJR063W,0,-1.9131061,0.03693379834294319,0.10599999874830246,0.27639999985694885
YPL019C,YKL038W,0,-1.9137812,0.0369209349155426,0.10599999874830246,0.27649998664855957
YHL016C,YNR059W,0,-1.9139354,0.03690807893872261,0.10599999874830246,0.2766000032424927
YBR159W,YCR018C,0,-1.913962,0.036895230412483215,0.10599999874830246,0.2766999900341034
YMR205C,YNR072W,0,-1.9140668,0.036882393062114716,0.10599999874830246,0.2768000066280365
YER190W,YDR419W,0,-1.9143026,0.03686956688761711,0.10599999874830246,0.2768999934196472
YLL027W,YEL032W,0,-1.9153285,0.036856744438409805,0.10599999874830246,0.2770000100135803
YOR358W,YOR283W,0,-1.9153788,0.036843933165073395,0.10599999874830246,0.27709999680519104
YER190W,YJR041C,0,-1.9156979,0.03683113306760788,0.10599999874830246,0.27720001339912415
YHR080C,YER049W,0,-1.9160666,0.03681834042072296,0.10599999874830246,0.27730000019073486
YOR262W,YMR023C,0,-1.916508,0.03680555522441864,0.10599999874830246,0.2773999869823456
YPL159C,YGL189C,0,-1.9172505,0.036792781203985214,0.10599999874830246,0.2775000035762787
YHR110W,YMR143W,0,-1.9173529,0.036780014634132385,0.10599999874830246,0.2775999903678894
YIL079C,YGR017W,0,-1.9181566,0.03676725551486015,0.10599999874830246,0.2777000069618225
YJR110W,YBR054W,0,-1.9190395,0.036754507571458817,0.10599999874830246,0.2777999937534332
YOR116C,YFR025C,0,-1.9191971,0.03674176707863808,0.10599999874830246,0.27790001034736633
YMR051C,YLR175W,0,-1.9191986,0.03672903776168823,0.10599999874830246,0.27799999713897705
YMR008C,YER153C,0,-1.9196548,0.036716315895318985,0.10599999874830246,0.27810001373291016
YDL154W,YOR091W,0,-1.9198349,0.036703601479530334,0.10599999874830246,0.2782000005245209
YLR204W,YML128C,0,-1.9203026,0.03669089823961258,0.10599999874830246,0.2782999873161316
YML052W,YDR441C,0,-1.9206662,0.03667820245027542,0.10599999874830246,0.2784000039100647
YML018C,YDR473C,0,-1.921848,0.03666551411151886,0.10599999874830246,0.2784999907016754
YLR356W,YKL189W,0,-1.9222167,0.036652836948633194,0.10599999874830246,0.2786000072956085
YMR221C,YEL062W,0,-1.9223998,0.036640167236328125,0.10599999874830246,0.27869999408721924
YDL149W,YJR118C,0,-1.9233356,0.03662750497460365,0.10599999874830246,0.27880001068115234
YPL221W,YOR091W,0,-1.9234158,0.036614853888750076,0.10599999874830246,0.27889999747276306
YGR238C,YKL100C,0,-1.9237735,0.0366022102534771,0.10599999874830246,0.27900001406669617
YJL066C,YLR059C,0,-1.9240172,0.036589574068784714,0.10599999874830246,0.2791000008583069
YER176W,YCL027W,0,-1.9243593,0.036576949059963226,0.10599999874830246,0.2791999876499176
YDR229W,YMR087W,0,-1.9244341,0.036564331501722336,0.10599999874830246,0.2793000042438507
YJL059W,YOR332W,1,-1.9244909,0.03689655289053917,0.10700000077486038,0.2793000042438507
YMR169C,YML087C,0,-1.9249665,0.03688383474946022,0.10700000077486038,0.2793999910354614
YIL172C,YHL021C,0,-1.9251757,0.03687112405896187,0.10700000077486038,0.27950000762939453
YFR041C,YLL053C,0,-1.9255178,0.03685842081904411,0.10700000077486038,0.27959999442100525
YDR523C,YOL129W,0,-1.9255686,0.03684572875499725,0.10700000077486038,0.27970001101493835
YMR272C,YOL092W,0,-1.9258231,0.03683304786682129,0.10700000077486038,0.2797999978065491
YLR005W,YER137C,0,-1.9259117,0.03682037070393562,0.10700000077486038,0.2799000144004822
YLL009C,YLR098C,0,-1.9260103,0.03680770471692085,0.10700000077486038,0.2800000011920929
YNL050C,YGR169C,0,-1.9262711,0.03679504990577698,0.10700000077486038,0.2800999879837036
YDR416W,YBR069C,0,-1.9267831,0.0367823988199234,0.10700000077486038,0.2802000045776367
YOL101C,YJL056C,1,-1.9267914,0.03711340203881264,0.1080000028014183,0.2802000045776367
YER088C,YPR204W,0,-1.9268732,0.0371006540954113,0.1080000028014183,0.28029999136924744
YPL161C,YMR130W,0,-1.9269159,0.03708791360259056,0.1080000028014183,0.28040000796318054
YDL022W,YER151C,0,-1.9269882,0.03707518056035042,0.1080000028014183,0.28049999475479126
YNL112W,YNL287W,0,-1.927305,0.03706245869398117,0.1080000028014183,0.28060001134872437
YGR071C,YML013W,0,-1.9273938,0.03704974427819252,0.1080000028014183,0.2806999981403351
YNL054W,YOL127W,0,-1.9276749,0.03703703731298447,0.1080000028014183,0.2808000147342682
YDR533C,YPL130W,0,-1.9276903,0.03702434152364731,0.1080000028014183,0.2809000015258789
YMR074C,YDR510W,0,-1.9278764,0.03701165318489075,0.1080000028014183,0.2809999883174896
YKL026C,YML047C,0,-1.9280448,0.03699897229671478,0.1080000028014183,0.28110000491142273
YDR028C,YHL012W,0,-1.9281659,0.036986302584409714,0.1080000028014183,0.28119999170303345
YJL216C,YBR059C,0,-1.9283057,0.03697364032268524,0.1080000028014183,0.28130000829696655
YLR102C,YOR215C,0,-1.9284242,0.03696098551154137,0.1080000028014183,0.28139999508857727
YOL098C,YPR070W,0,-1.9284952,0.03694834187626839,0.1080000028014183,0.2815000116825104
YOR267C,YDR492W,1,-1.9285082,0.037277702242136,0.10899999737739563,0.2815000116825104
YBR085W,YIL056W,0,-1.9289004,0.03726495802402496,0.10899999737739563,0.2815999984741211
YOL101C,YHR194W,1,-1.9289076,0.03759398311376572,0.10999999940395355,0.2815999984741211
YPR091C,YOR179C,0,-1.9291267,0.03758114203810692,0.10999999940395355,0.2816999852657318
YKL175W,YCL005W-A,1,-1.9294877,0.03790983557701111,0.11100000143051147,0.2816999852657318
YPR108W,YLR411W,0,-1.9297686,0.03789689391851425,0.11100000143051147,0.2818000018596649
YMR086W,YKL020C,0,-1.9300803,0.03788395971059799,0.11100000143051147,0.28189998865127563
YDL110C,YCL043C,0,-1.9307885,0.03787103295326233,0.11100000143051147,0.28200000524520874
YBL112C,YDL143W,0,-1.9310157,0.03785811737179756,0.11100000143051147,0.28209999203681946
YNL045W,YLR164W,0,-1.9310844,0.03784520924091339,0.11100000143051147,0.28220000863075256
YLR356W,YNL102W,0,-1.9311085,0.037832312285900116,0.11100000143051147,0.2822999954223633
YNL199C,YAR010C,0,-1.9311973,0.03781941905617714,0.11100000143051147,0.2824000120162964
YLR126C,YHR060W,1,-1.9320359,0.03814714029431343,0.1120000034570694,0.2824000120162964
YDL021W,YDR356W,0,-1.9320707,0.038134150207042694,0.1120000034570694,0.2824999988079071
YHL044W,YOL151W,0,-1.932615,0.03812117129564285,0.1120000034570694,0.2825999855995178
YHR028C,YNL078W,0,-1.9329357,0.03810819983482361,0.1120000034570694,0.2827000021934509
YHR067W,YIL078W,0,-1.9330006,0.03809523954987526,0.1120000034570694,0.28279998898506165
YMR070W,YMR117C,0,-1.933085,0.03808228671550751,0.1120000034570694,0.28290000557899475
YOR262W,YNL063W,0,-1.9331796,0.03806934133172035,0.1120000034570694,0.28299999237060547
YPR091C,YML081W,0,-1.9335358,0.038056403398513794,0.1120000034570694,0.2831000089645386
YPR097W,YJL046W,0,-1.9337591,0.03804347664117813,0.1120000034570694,0.2831999957561493
YPL159C,YJL190C,0,-1.933982,0.038030561059713364,0.1120000034570694,0.2833000123500824
YLL029W,YDR449C,0,-1.9347575,0.038017649203538895,0.1120000034570694,0.2833999991416931
YPR156C,YDL077C,0,-1.9349235,0.03800475224852562,0.1120000034570694,0.28349998593330383
YNR019W,YOR179C,0,-1.9350057,0.03799185901880264,0.1120000034570694,0.28360000252723694
YOL122C,YLR414C,0,-1.9351373,0.03797897696495056,0.1120000034570694,0.28369998931884766
YGL135W,YER162C,0,-1.935173,0.03796610236167908,0.1120000034570694,0.28380000591278076
YOR168W,YJR078W,0,-1.935385,0.03795323520898819,0.1120000034570694,0.2838999927043915
YLR418C,YAL063C,0,-1.9356718,0.0379403792321682,0.1120000034570694,0.2840000092983246
YJL059W,YDL185W,1,-1.9357321,0.038266170769929886,0.11299999803304672,0.2840000092983246
YNL132W,YNL242W,0,-1.9372351,0.038253214210271835,0.11299999803304672,0.2840999960899353
YFL026W,YCR036W,0,-1.9382463,0.03824027255177498,0.11299999803304672,0.2842000126838684
YGL123W,YDR527W,0,-1.9385694,0.03822733461856842,0.11299999803304672,0.2842999994754791
YBL011W,YHL017W,0,-1.939039,0.03821440786123276,0.11299999803304672,0.28439998626708984
YOR060C,YDL133C-A,0,-1.9391707,0.03820148855447769,0.11299999803304672,0.28450000286102295
YNL094W,YOR096W,0,-1.9399698,0.03818857669830322,0.11299999803304672,0.28459998965263367
YBR191W,YJL053W,0,-1.9400848,0.03817567601799965,0.11299999803304672,0.2847000062465668
YOL057W,YKL191W,0,-1.9402795,0.03816278278827667,0.11299999803304672,0.2847999930381775
YNL136W,YLR109W,0,-1.9404838,0.03814989700913429,0.11299999803304672,0.2849000096321106
YLR102C,YER153C,0,-1.9406223,0.03813702240586281,0.11299999803304672,0.2849999964237213
YPL097W,YCL025C,0,-1.9412342,0.03812415525317192,0.11299999803304672,0.2851000130176544
YOL098C,YDR298C,0,-1.9413997,0.03811129927635193,0.11299999803304672,0.28519999980926514
YEL020W-A,YBL022C,0,-1.9417877,0.038098450750112534,0.11299999803304672,0.28529998660087585
YDR077W,YBL091C-A,0,-1.9423811,0.038085609674453735,0.11299999803304672,0.28540000319480896
YMR127C,YNL335W,0,-1.942662,0.038072776049375534,0.11299999803304672,0.2854999899864197
YIL038C,YPL189W,0,-1.9432008,0.03805995360016823,0.11299999803304672,0.2856000065803528
YNL339C,YOR322C,0,-1.9436274,0.03804713860154152,0.11299999803304672,0.2856999933719635
YLR356W,YBR142W,0,-1.9442906,0.03803433105349541,0.11299999803304672,0.2858000099658966
YPL234C,YDR515W,1,-1.9445248,0.03835800662636757,0.11400000005960464,0.2858000099658966
YKL201C,YLR244C,0,-1.944617,0.038345105946063995,0.11400000005960464,0.2858999967575073
YGR001C,YKL156W,0,-1.945127,0.03833221271634102,0.11400000005960464,0.28600001335144043
YHR027C,YER044C-A,0,-1.9453595,0.03831932693719864,0.11400000005960464,0.28610000014305115
YLR356W,YER045C,0,-1.945422,0.038306452333927155,0.11400000005960464,0.28619998693466187
YGL157W,YMR034C,0,-1.9458311,0.03829358518123627,0.11400000005960464,0.28630000352859497
YDR033W,YMR218C,0,-1.945915,0.03828072547912598,0.11400000005960464,0.2863999903202057
YKR096W,YGL016W,0,-1.9460325,0.03826787695288658,0.11400000005960464,0.2865000069141388
YGL083W,YDR239C,0,-1.9464374,0.038255032151937485,0.11400000005960464,0.2865999937057495
YDR523C,YPL076W,0,-1.9467084,0.03824220225214958,0.11400000005960464,0.2867000102996826
YPL189C-A,YOL138C,0,-1.946736,0.03822937607765198,0.11400000005960464,0.28679999709129333
YAL022C,YER179W,0,-1.9470028,0.03821656107902527,0.11400000005960464,0.28690001368522644
YJL144W,YNL239W,0,-1.9471776,0.038203753530979156,0.11400000005960464,0.28700000047683716
YGR288W,YDL031W,0,-1.9472115,0.03819095343351364,0.11400000005960464,0.2870999872684479
YER110C,YKL005C,0,-1.9473393,0.03817816451191902,0.11400000005960464,0.287200003862381
YOR349W,YCR057C,0,-1.9475298,0.038165383040905,0.11400000005960464,0.2872999906539917
YDR098C,YLR126C,1,-1.947563,0.038487281650304794,0.11500000208616257,0.2872999906539917
YLR305C,YHR215W,0,-1.9475651,0.03847440704703331,0.11500000208616257,0.2874000072479248
YDR378C,YLR352W,0,-1.9476182,0.03846153989434242,0.11500000208616257,0.2874999940395355
YOR340C,YGR070W,0,-1.9478984,0.03844868019223213,0.11500000208616257,0.28760001063346863
YNR074C,YGL111W,0,-1.9479244,0.03843582794070244,0.11500000208616257,0.28769999742507935
YJL108C,YNR044W,0,-1.9481275,0.03842298686504364,0.11500000208616257,0.28780001401901245
YJL179W,YPL096C-A,0,-1.9482406,0.03841015323996544,0.11500000208616257,0.28790000081062317
YHR005C-A,YMR175W,0,-1.9484303,0.038397327065467834,0.11500000208616257,0.2879999876022339
YLR278C,YER100W,0,-1.948514,0.038384512066841125,0.11500000208616257,0.288100004196167
YLR058C,YFL048C,0,-1.948579,0.03837170451879501,0.11500000208616257,0.2881999909877777
YIL111W,YHL011C,0,-1.9489686,0.0383589044213295,0.11500000208616257,0.2883000075817108
YPR097W,YBR046C,0,-1.9491453,0.03834611549973488,0.11500000208616257,0.28839999437332153
YOR025W,YDR109C,0,-1.9495425,0.038333334028720856,0.11500000208616257,0.28850001096725464
YJL143W,YKL109W,0,-1.9496764,0.03832056000828743,0.11500000208616257,0.28859999775886536
YPL143W,YDR406W,0,-1.9498048,0.0383077934384346,0.11500000208616257,0.28870001435279846
YOR224C,YGR255C,0,-1.9499454,0.03829503804445267,0.11500000208616257,0.2888000011444092
YBR245C,YGL162W,0,-1.9500945,0.03828229010105133,0.11500000208616257,0.2888999879360199
YJL157C,YBR131W,0,-1.9501942,0.03826954960823059,0.11500000208616257,0.289000004529953
YML132W,YOL101C,1,-1.9502337,0.038589488714933395,0.11599999666213989,0.289000004529953
YIL068C,YHR148W,0,-1.9505725,0.038576655089855194,0.11599999666213989,0.2890999913215637
YNR048W,YML037C,0,-1.9508553,0.03856382891535759,0.11599999666213989,0.2892000079154968
YPR037C,YMR049C,0,-1.9514267,0.03855101391673088,0.11599999666213989,0.28929999470710754
YBL112C,YCR081W,0,-1.9517567,0.03853820636868477,0.11599999666213989,0.28940001130104065
YEL048C,YNL085W,0,-1.9518499,0.038525406271219254,0.11599999666213989,0.28949999809265137
YOL010W,YDR254W,0,-1.9521761,0.038512617349624634,0.11599999666213989,0.2896000146865845
YLR329W,YDR039C,0,-1.952724,0.03849983587861061,0.11599999666213989,0.2897000014781952
YNL178W,YBR081C,0,-1.9527936,0.038487061858177185,0.11599999666213989,0.2897999882698059
YKR066C,YOL084W,0,-1.9528674,0.038474295288324356,0.11599999666213989,0.289900004863739
YLR160C,YMR046C,0,-1.9531024,0.03846153989434242,0.11599999666213989,0.28999999165534973
YCL005W-A,YOR381W,1,-1.9532894,0.038780245929956436,0.11699999868869781,0.28999999165534973
YKR104W,YOL122C,0,-1.9535911,0.03876739740371704,0.11699999868869781,0.29010000824928284
YBR247C,YDR111C,0,-1.9537268,0.03875455632805824,0.11699999868869781,0.29019999504089355
YKR059W,YLR440C,0,-1.9539175,0.03874172270298004,0.11699999868869781,0.29030001163482666
YNL335W,YDR364C,0,-1.9539418,0.03872889652848244,0.11699999868869781,0.2903999984264374
YDR402C,YFL033C,0,-1.9541383,0.03871608152985573,0.11699999868869781,0.2904999852180481
YER046W,YPL150W,0,-1.9542817,0.038703273981809616,0.11699999868869781,0.2906000018119812
YOL084W,YLR154C,0,-1.9542861,0.0386904776096344,0.11699999868869781,0.2906999886035919
YIL123W,YMR053C,0,-1.9547067,0.03867768496274948,0.11699999868869781,0.290800005197525
YDR046C,YER040W,0,-1.9554713,0.03866490349173546,0.11699999868869781,0.29089999198913574
YHR010W,YPR007C,0,-1.9560938,0.03865212947130203,0.11699999868869781,0.29100000858306885
YJR107W,YJR119C,0,-1.9561405,0.0386393666267395,0.11699999868869781,0.29109999537467957
YFL041W,YHR185C,0,-1.9563309,0.03862661123275757,0.11699999868869781,0.29120001196861267
YBR158W,YOR069W,0,-1.9566039,0.03861385956406593,0.11699999868869781,0.2912999987602234
YOR124C,YNL110C,0,-1.9568052,0.03860112279653549,0.11699999868869781,0.2913999855518341
YBR149W,YIL172C,0,-1.9569168,0.03858838975429535,0.11699999868869781,0.2915000021457672
YHR169W,YGR221C,0,-1.9569494,0.0385756678879261,0.11699999868869781,0.29159998893737793
YMR012W,YMR051C,0,-1.957238,0.03856295347213745,0.11699999868869781,0.29170000553131104
YER126C,YKL058W,0,-1.957612,0.0385502465069294,0.11699999868869781,0.29179999232292175
YOL116W,YJR015W,0,-1.9578989,0.03853755071759224,0.11699999868869781,0.29190000891685486
YEL020W-A,YMR076C,0,-1.9581838,0.03852485865354538,0.11699999868869781,0.2919999957084656
YCL066W,YOR080W,0,-1.9585693,0.038512177765369415,0.11699999868869781,0.2921000123023987
YBR130C,YNL190W,0,-1.9589034,0.038499508053064346,0.11699999868869781,0.2921999990940094
YIL155C,YPL146C,0,-1.9589926,0.038486842066049576,0.11699999868869781,0.2922999858856201
YOR004W,YGR292W,0,-1.9591851,0.0384741872549057,0.11699999868869781,0.2924000024795532
YML106W,YDR268W,0,-1.9592834,0.03846153989434242,0.11699999868869781,0.29249998927116394
YCR063W,YMR186W,0,-1.9593848,0.03844889998435974,0.11699999868869781,0.29260000586509705
YOR195W,YLR352W,0,-1.9596572,0.03843626752495766,0.11699999868869781,0.29269999265670776
YGL104C,YDR363W-A,0,-1.9597864,0.03842364624142647,0.11699999868869781,0.29280000925064087
YDR007W,YGR122W,0,-1.9601243,0.038411032408475876,0.11699999868869781,0.2928999960422516
YDL061C,YER161C,0,-1.9601489,0.03839842602610588,0.11699999868869781,0.2930000126361847
YLR383W,YKL053C-A,0,-1.9605012,0.03838582709431648,0.11699999868869781,0.2930999994277954
YDR492W,YDR205W,1,-1.9605334,0.03870121389627457,0.11800000071525574,0.2930999994277954
YNL118C,YNL213C,0,-1.9609876,0.038688525557518005,0.11800000071525574,0.29319998621940613
YJL192C,YAL054C,0,-1.9610982,0.03867584466934204,0.11800000071525574,0.29330000281333923
YOR215C,YDR460W,0,-1.961209,0.038663171231746674,0.11800000071525574,0.29339998960494995
YER093C,YOR228C,0,-1.9613702,0.0386505089700222,0.11800000071525574,0.29350000619888306
YBL010C,YLR088W,0,-1.9617227,0.03863785043358803,0.11800000071525574,0.2935999929904938
YMR070W,YHR052W,0,-1.9618452,0.03862520307302475,0.11800000071525574,0.2937000095844269
YJL221C,YGR258C,0,-1.9626836,0.03861256688833237,0.11800000071525574,0.2937999963760376
YKL178C,YDL230W,0,-1.9627093,0.03859993442893028,0.11800000071525574,0.2939000129699707
YHR036W,YER086W,0,-1.9629211,0.038587313145399094,0.11800000071525574,0.2939999997615814
YHR105W,YGL141W,0,-1.9629444,0.0385746993124485,0.11800000071525574,0.29409998655319214
YLR426W,YFL056C,0,-1.9630728,0.038562092930078506,0.11800000071525574,0.29420000314712524
YJL143W,YDL204W,0,-1.9635371,0.03854949399828911,0.11800000071525574,0.29429998993873596
YLR333C,YIL130W,0,-1.9635503,0.03853690251708031,0.11800000071525574,0.29440000653266907
YOR039W,YOL101C,1,-1.9639038,0.038850799202919006,0.11900000274181366,0.29440000653266907
YBR162C,YGL232W,0,-1.9642622,0.03883811831474304,0.11900000274181366,0.2944999933242798
YHR012W,YCL069W,0,-1.9642622,0.03882544860243797,0.11900000274181366,0.2946000099182129
YDL039C,YBR162C,0,-1.9642928,0.0388127863407135,0.11900000274181366,0.2946999967098236
YMR006C,YPR030W,0,-1.9643941,0.038800131529569626,0.11900000274181366,0.2948000133037567
YEL040W,YPL019C,0,-1.9650905,0.03878748416900635,0.11900000274181366,0.29490000009536743
YMR099C,YPL089C,0,-1.9656764,0.038774844259023666,0.11900000274181366,0.29499998688697815
YLR414C,YPL156C,0,-1.9662883,0.03876221552491188,0.11900000274181366,0.29510000348091125
YMR163C,YGR246C,0,-1.966612,0.03874959424138069,0.11900000274181366,0.295199990272522
YDL108W,YKL109W,0,-1.9670355,0.0387369804084301,0.11900000274181366,0.2953000068664551
YDR087C,YMR276W,0,-1.9672713,0.038724374026060104,0.11900000274181366,0.2953999936580658
YBL013W,YJL121C,0,-1.9673232,0.038711775094270706,0.11900000274181366,0.2955000102519989
YJR078W,YNL151C,0,-1.9673698,0.0386991873383522,0.11900000274181366,0.2955999970436096
YDL115C,YER036C,0,-1.9675813,0.0386866070330143,0.11900000274181366,0.2957000136375427
YKL082C,YER032W,0,-1.9675932,0.03867403417825699,0.11900000274181366,0.29580000042915344
YDR299W,YER106W,0,-1.9677937,0.038661468774080276,0.11900000274181366,0.29589998722076416
YOR177C,YPL056C,0,-1.9683425,0.03864891082048416,0.11900000274181366,0.29600000381469727
YBR111W-A,YOR320C,0,-1.9685,0.03863636404275894,0.11900000274181366,0.296099990606308
YDL198C,YLR126C,1,-1.9687495,0.03894839435815811,0.11999999731779099,0.296099990606308
YGR205W,YBL060W,0,-1.9691455,0.03893575444817543,0.11999999731779099,0.2962000072002411
YDR384C,YGL093W,0,-1.9692235,0.038923125714063644,0.11999999731779099,0.2962999939918518
YJL080C,YKL003C,0,-1.9700568,0.038910504430532455,0.11999999731779099,0.2964000105857849
YAL026C,YGR052W,0,-1.9701533,0.03889789432287216,0.11999999731779099,0.29649999737739563
YMR114C,YLR304C,0,-1.9705482,0.03888528794050217,0.11999999731779099,0.29660001397132874
YLR224W,YAL019W,0,-1.9706004,0.03887269273400307,0.11999999731779099,0.29670000076293945
YDL022W,YPL111W,0,-1.9707402,0.038860104978084564,0.11999999731779099,0.29679998755455017
YIL056W,YMR218C,0,-1.9710813,0.03884752467274666,0.11999999731779099,0.2969000041484833
YJR034W,YMR086W,0,-1.9712496,0.03883495181798935,0.11999999731779099,0.296999990940094
YNR041C,YCL026C-B,0,-1.9722492,0.03882238641381264,0.11999999731779099,0.2971000075340271
YNR070W,YDL113C,0,-1.972457,0.03880983218550682,0.11999999731779099,0.2971999943256378
YBL023C,YOL092W,0,-1.9725971,0.0387972854077816,0.11999999731779099,0.2973000109195709
YFR032C-A,YKR036C,0,-1.9729066,0.03878474608063698,0.11999999731779099,0.29739999771118164
YHR214W,YKL195W,0,-1.9730926,0.03877221420407295,0.11999999731779099,0.29750001430511475
YMR087W,YNL077W,0,-1.9731442,0.03875968977808952,0.11999999731779099,0.29760000109672546
YOR324C,YMR321C,0,-1.9733865,0.03874717652797699,0.11999999731779099,0.2976999878883362
YML045W,YMR037C,0,-1.9740319,0.038734667003154755,0.11999999731779099,0.2978000044822693
YOL092W,YHR074W,0,-1.9740874,0.038722168654203415,0.11999999731779099,0.29789999127388
YBR156C,YGR258C,0,-1.9741437,0.03870967775583267,0.11999999731779099,0.2980000078678131
YPL059W,YNL208W,0,-1.9745497,0.038697194308042526,0.11999999731779099,0.29809999465942383
YKR093W,YBR120C,0,-1.9745747,0.03868471831083298,0.11999999731779099,0.29820001125335693
YIL006W,YOR346W,0,-1.9748893,0.038672253489494324,0.11999999731779099,0.29829999804496765
YOR049C,YKR026C,0,-1.9750733,0.03865979239344597,0.11999999731779099,0.29840001463890076
YGR008C,YDL124W,0,-1.9753509,0.03864734247326851,0.11999999731779099,0.2985000014305115
YAR042W,YPL147W,0,-1.9754332,0.038634900003671646,0.11999999731779099,0.2985999882221222
YDR453C,YGR089W,0,-1.9761027,0.03862246498465538,0.11999999731779099,0.2987000048160553
YGL158W,YBL091C-A,0,-1.976403,0.03861003741621971,0.11999999731779099,0.298799991607666
YOR380W,YKL172W,0,-1.9765949,0.03859762102365494,0.11999999731779099,0.2989000082015991
YPL100W,YHR010W,0,-1.9767712,0.03858520835638046,0.11999999731779099,0.29899999499320984
YHR138C,YDR536W,0,-1.976898,0.03857280686497688,0.11999999731779099,0.29910001158714294
YKR093W,YDR359C,0,-1.9771247,0.0385604128241539,0.11999999731779099,0.29919999837875366
YCR040W,YOR326W,0,-1.9776795,0.038548026233911514,0.11999999731779099,0.2992999851703644
YGL120C,YLL053C,0,-1.9780496,0.038535647094249725,0.11999999731779099,0.2994000017642975
YCR057C,YCL064C,0,-1.978065,0.03852327540516853,0.11999999731779099,0.2994999885559082
YLR126C,YKL080W,1,-1.9781879,0.038831837475299835,0.12099999934434891,0.2994999885559082
YDR476C,YFR041C,0,-1.9787967,0.03881937637925148,0.12099999934434891,0.2996000051498413
YBL010C,YKL165C,0,-1.9795451,0.03880692645907402,0.12099999934434891,0.299699991941452
YKL095W,YDR430C,0,-1.9795785,0.03879448398947716,0.12099999934434891,0.29980000853538513
YOR250C,YDR046C,0,-1.9799423,0.03878205269575119,0.12099999934434891,0.29989999532699585
YLR429W,YHL008C,0,-1.9803824,0.03876962512731552,0.12099999934434891,0.30000001192092896
YBR085W,YDL055C,0,-1.9804578,0.03875720873475075,0.12099999934434891,0.3000999987125397
YPR133C,YLR158C,0,-1.9805467,0.03874479606747627,0.12099999934434891,0.3001999855041504
YCR014C,YGR279C,0,-1.9807537,0.03873239457607269,0.12099999934434891,0.3003000020980835
YBL007C,YER071C,0,-1.9812994,0.03872000053524971,0.12099999934434891,0.3003999888896942
YGL178W,YDR315C,0,-1.9824376,0.038707613945007324,0.12099999934434891,0.3005000054836273
YIL047C,YDL022W,0,-1.9824466,0.038695234805345535,0.12099999934434891,0.30059999227523804
YEL006W,YOR251C,0,-1.982452,0.03868286311626434,0.12099999934434891,0.30070000886917114
YGR222W,YLR158C,0,-1.9825814,0.03867050260305405,0.12099999934434891,0.30079999566078186
YKL061W,YLR386W,0,-1.9826427,0.03865814581513405,0.12099999934434891,0.30090001225471497
YEL043W,YDR165W,0,-1.9829588,0.038645800203084946,0.12099999934434891,0.3009999990463257
YPR163C,YGR089W,0,-1.9830657,0.03863346204161644,0.12099999934434891,0.3010999858379364
YCL004W,YPR041W,0,-1.9835807,0.03862113133072853,0.12099999934434891,0.3012000024318695
YJR107W,YNL092W,0,-1.9836566,0.03860880807042122,0.12099999934434891,0.3012999892234802
YKL100C,YOL031C,0,-1.9838734,0.038596492260694504,0.12099999934434891,0.30140000581741333
YEL058W,YML056C,0,-1.9838879,0.038584183901548386,0.12099999934434891,0.30149999260902405
YPL202C,YEL027W,1,-1.9847852,0.03889065980911255,0.12200000137090683,0.30149999260902405
YDR218C,YBR012W-A,0,-1.9851594,0.038878265768289566,0.12200000137090683,0.30160000920295715
YLR284C,YGR165W,0,-1.9852347,0.03886587917804718,0.12200000137090683,0.30169999599456787
YOR396W,YMR097C,0,-1.9857936,0.03885350376367569,0.12200000137090683,0.301800012588501
YNL119W,YDR115W,0,-1.9859908,0.0388411320745945,0.12200000137090683,0.3018999993801117
YBR111W-A,YHR207C,0,-1.9863911,0.0388287715613842,0.12200000137090683,0.3019999861717224
YPR049C,YPL068C,0,-1.9869539,0.0388164184987545,0.12200000137090683,0.3021000027656555
YOR291W,YPL127C,0,-1.9870634,0.0388040728867054,0.12200000137090683,0.30219998955726624
YIL101C,YER125W,0,-1.9872851,0.03879173472523689,0.12200000137090683,0.30230000615119934
YDR402C,YPR133W-A,0,-1.9875336,0.038779404014348984,0.12200000137090683,0.30239999294281006
YML034W,YHR080C,0,-1.9875617,0.03876708075404167,0.12200000137090683,0.30250000953674316
YLR321C,YNL274C,0,-1.987814,0.03875476494431496,0.12200000137090683,0.3025999963283539
YBR164C,YOR009W,0,-1.9878588,0.03874245658516884,0.12200000137090683,0.302700012922287
YOR206W,YPR188C,0,-1.9879599,0.038730159401893616,0.12200000137090683,0.3027999997138977
YKL103C,YIL014W,0,-1.9881687,0.03871786594390869,0.12200000137090683,0.3028999865055084
YLR037C,YML039W,0,-1.9884844,0.03870558366179466,0.12200000137090683,0.30300000309944153
YBR181C,YOR047C,0,-1.9886569,0.03869330883026123,0.12200000137090683,0.30309998989105225
YIL022W,YOR393W,0,-1.9887717,0.038681041449308395,0.12200000137090683,0.30320000648498535
YLR014C,YNL242W,0,-1.9888653,0.03866878151893616,0.12200000137090683,0.30329999327659607
YKR026C,YLR270W,0,-1.9889107,0.038656529039144516,0.12200000137090683,0.3034000098705292
YIL113W,YJL162C,0,-1.9891806,0.03864428400993347,0.12200000137090683,0.3034999966621399
YGR159C,YKL052C,0,-1.9895997,0.038632046431303024,0.12200000137090683,0.303600013256073
YHR108W,YNR002C,0,-1.9897699,0.038619816303253174,0.12200000137090683,0.3037000000476837
YAL020C,YOR378W,0,-1.9898977,0.03860759362578392,0.12200000137090683,0.30379998683929443
YDR233C,YDR453C,0,-1.9905797,0.03859538212418556,0.12200000137090683,0.30390000343322754
YML045W,YJL013C,0,-1.9906347,0.0385831743478775,0.12200000137090683,0.30399999022483826
YGR070W,YKR034W,0,-1.9911369,0.03857097774744034,0.12200000137090683,0.30410000681877136
YGL064C,YPL269W,0,-1.9918275,0.03855878487229347,0.12200000137090683,0.3041999936103821
YDL114W,YER007W,0,-1.992014,0.0385466031730175,0.12200000137090683,0.3043000102043152
YEL041W,YCR020C,0,-1.9922652,0.03853442892432213,0.12200000137090683,0.3043999969959259
YCR063W,YPL231W,0,-1.9923121,0.03852226212620735,0.12200000137090683,0.304500013589859
YER110C,YHR004C,0,-1.9930634,0.03851010277867317,0.12200000137090683,0.3046000003814697
YDR386W,YOR004W,0,-1.993122,0.03849794715642929,0.12200000137090683,0.30469998717308044
YOL101C,YKL080W,1,-1.9932697,0.03880126029253006,0.12300000339746475,0.30469998717308044
YMR234W,YMR210W,0,-1.9934046,0.03878902643918991,0.12300000339746475,0.30480000376701355
YGR026W,YDR079W,0,-1.9936638,0.03877679631114006,0.12300000339746475,0.30489999055862427
YBR081C,YHL036W,0,-1.9940224,0.038764577358961105,0.12300000339746475,0.3050000071525574
YJR075W,YKL077W,0,-1.9950519,0.03875236213207245,0.12300000339746475,0.3050999939441681
YKL171W,YKL010C,0,-1.9952506,0.03874015808105469,0.12300000339746475,0.3052000105381012
YBR036C,YCL005W-A,1,-1.9956999,0.039042823016643524,0.12399999797344208,0.3052000105381012
YGL135W,YAL058W,0,-1.9958832,0.0390305332839489,0.12399999797344208,0.3052999973297119
YAR007C,YER096W,0,-1.9958916,0.03901825100183487,0.12399999797344208,0.305400013923645
YBR028C,YNL001W,0,-1.9961225,0.03900597617030144,0.12399999797344208,0.30550000071525574
YCL005W-A,YDR515W,1,-1.9966564,0.039308175444602966,0.125,0.30550000071525574
YBR028C,YML087C,0,-1.9972175,0.03929581865668297,0.125,0.30559998750686646
YDR060W,YOL009C,0,-1.9972193,0.03928346931934357,0.125,0.30570000410079956
YPL206C,YPR003C,0,-1.9975247,0.03927112743258476,0.125,0.3057999908924103
YDR268W,YGR264C,0,-1.9983861,0.039258792996406555,0.125,0.3059000074863434
YKL026C,YER045C,0,-1.9991162,0.039246466010808945,0.125,0.3059999942779541
YER137C,YBL022C,0,-2.0011127,0.03923415020108223,0.125,0.3061000108718872
YDR367W,YFR041C,0,-2.001768,0.03922183811664581,0.125,0.3061999976634979
YCR011C,YBR060C,0,-2.0018432,0.03920953720808029,0.125,0.30630001425743103
YKL087C,YPR127W,0,-2.0018754,0.03919724002480507,0.125,0.30640000104904175
YAL031C,YDR447C,0,-2.001906,0.03918495401740074,0.125,0.30649998784065247
YEL039C,YDR137W,0,-2.00251,0.03917267173528671,0.125,0.30660000443458557
YHR047C,YKL109W,0,-2.0025213,0.03916040062904358,0.125,0.3066999912261963
YOL077C,YBR022W,0,-2.0025551,0.03914813697338104,0.125,0.3068000078201294
YJR070C,YOR258W,0,-2.0031815,0.0391358807682991,0.125,0.3068999946117401
YEL002C,YMR046C,0,-2.0032117,0.03912363201379776,0.125,0.3070000112056732
YDL184C,YDR438W,0,-2.0042152,0.039111390709877014,0.125,0.30709999799728394
YDL136W,YBR001C,0,-2.004364,0.039099156856536865,0.125,0.30720001459121704
YLR080W,YML113W,0,-2.0044808,0.03908693045377731,0.125,0.30730000138282776
YML030W,YPL203W,0,-2.0046248,0.03907471150159836,0.125,0.3073999881744385
YDL054C,YLR014C,0,-2.0047607,0.0390625,0.125,0.3075000047683716
YDR239C,YDL202W,0,-2.0054374,0.03905029594898224,0.125,0.3075999915599823
YJR010W,YDR306C,0,-2.0055702,0.039038099348545074,0.125,0.3077000081539154
YBL052C,YKL109W,0,-2.0057092,0.039025913923978806,0.125,0.3077999949455261
YPL224C,YLR126C,1,-2.0057511,0.03932584449648857,0.12600000202655792,0.3077999949455261
YML077W,YBL039C,0,-2.005868,0.03931357339024544,0.12600000202655792,0.30790001153945923
YGR056W,YNL092W,0,-2.006287,0.0393013097345829,0.12600000202655792,0.30799999833106995
YKL061W,YNL103W,0,-2.0063071,0.03928905352950096,0.12600000202655792,0.30809998512268066
YBR240C,YOR176W,0,-2.0063894,0.03927680850028992,0.12600000202655792,0.30820000171661377
YBR012W-A,YIL140W,0,-2.0064893,0.03926456719636917,0.12600000202655792,0.3082999885082245
YMR040W,YEL056W,0,-2.0072293,0.03925233706831932,0.12600000202655792,0.3084000051021576
YJL155C,YJR132W,0,-2.007346,0.03924011066555977,0.12600000202655792,0.3084999918937683
YIL053W,YDR103W,0,-2.0076628,0.03922789543867111,0.12600000202655792,0.3086000084877014
YOR099W,YOL152W,0,-2.0078766,0.03921568766236305,0.12600000202655792,0.30869999527931213
YGR204W,YDL051W,0,-2.00875,0.03920348361134529,0.12600000202655792,0.30880001187324524
YLR056W,YNL161W,0,-2.008835,0.039191290736198425,0.12600000202655792,0.30889999866485596
YLR390W,YMR143W,0,-2.0089443,0.039179105311632156,0.12600000202655792,0.3089999854564667
YER081W,YDR055W,0,-2.0092142,0.039166927337646484,0.12600000202655792,0.3091000020503998
YGR027C,YMR211W,0,-2.0094392,0.03915475308895111,0.12600000202655792,0.3091999888420105
YDL205C,YMR173W,0,-2.009606,0.03914259001612663,0.12600000202655792,0.3093000054359436
YGR266W,YNR002C,0,-2.0096557,0.03913043439388275,0.12600000202655792,0.3093999922275543
YMR307W,YDL138W,0,-2.0097644,0.03911828622221947,0.12600000202655792,0.3095000088214874
YJR145C,YHR161C,0,-2.009819,0.03910614550113678,0.12600000202655792,0.30959999561309814
YBR193C,YOR131C,0,-2.0098693,0.03909401223063469,0.12600000202655792,0.30970001220703125
YNL278W,YBR241C,0,-2.0102262,0.039081886410713196,0.12600000202655792,0.30979999899864197
YER165W,YHR211W,0,-2.0102904,0.0390697680413723,0.12600000202655792,0.3098999857902527
YPL038W,YGR194C,0,-2.0103326,0.039057657122612,0.12600000202655792,0.3100000023841858
YPR095C,YCL047C,0,-2.0108032,0.0390455536544323,0.12600000202655792,0.3100999891757965
YKL052C,YBR214W,0,-2.010812,0.03903345763683319,0.12600000202655792,0.3102000057697296
YNL084C,YBR214W,0,-2.0114443,0.03902136906981468,0.12600000202655792,0.31029999256134033
YJR053W,YER082C,0,-2.0114849,0.03900928795337677,0.12600000202655792,0.31040000915527344
YLR080W,YMR131C,0,-2.0121882,0.038997214287519455,0.12600000202655792,0.31049999594688416
YPR081C,YCL025C,0,-2.012224,0.03898514807224274,0.12600000202655792,0.31060001254081726
YOR246C,YOR167C,0,-2.0125318,0.038973089307546616,0.12600000202655792,0.310699999332428
YGL185C,YPL122C,0,-2.0128767,0.03896103799343109,0.12600000202655792,0.3107999861240387
YCL005W-A,YOL002C,1,-2.012925,0.039258114993572235,0.12700000405311584,0.3107999861240387
YHR088W,YGL051W,0,-2.0130026,0.039245981723070145,0.12700000405311584,0.3109000027179718
YHR014W,YDR379W,0,-2.0131168,0.03923385962843895,0.12700000405311584,0.3109999895095825
YFR013W,YLR160C,0,-2.0138428,0.03922174125909805,0.12700000405311584,0.3111000061035156
YHR142W,YNL217W,0,-2.0138578,0.03920963406562805,0.12700000405311584,0.31119999289512634
YPR095C,YNL181W,0,-2.0149539,0.03919753059744835,0.12700000405311584,0.31130000948905945
YOL122C,YDL124W,0,-2.0149696,0.03918543830513954,0.12700000405311584,0.31139999628067017
YEL070W,YKR104W,0,-2.0153482,0.03917334973812103,0.12700000405311584,0.31150001287460327
YDR252W,YBR267W,0,-2.015699,0.03916126862168312,0.12700000405311584,0.311599999666214
YER091C,YPL131W,0,-2.0161786,0.039149198681116104,0.12700000405311584,0.3116999864578247
YEL065W,YEL027W,1,-2.0166194,0.03944529965519905,0.12800000607967377,0.3116999864578247
YDR387C,YHR029C,0,-2.0166864,0.03943314775824547,0.12800000607967377,0.3118000030517578
YOR274W,YJR120W,0,-2.0167756,0.03942100331187248,0.12800000607967377,0.31189998984336853
YDR165W,YJR051W,0,-2.0170548,0.03940886631608009,0.12800000607967377,0.31200000643730164
YGL147C,YDR530C,0,-2.0172853,0.0393967367708683,0.12800000607967377,0.31209999322891235
YNL054W,YJL060W,0,-2.0173552,0.039384614676237106,0.12800000607967377,0.31220000982284546
YIL107C,YIL090W,0,-2.0179415,0.03937250003218651,0.12800000607967377,0.3122999966144562
YNL122C,YJL106W,0,-2.019244,0.03936039283871651,0.12800000607967377,0.3124000132083893
YNR013C,YHR185C,0,-2.019281,0.0393482930958271,0.12800000607967377,0.3125
YOL069W,YPL157W,0,-2.0206754,0.039336200803518295,0.12800000607967377,0.3125999867916107
YLR158C,YDR067C,0,-2.0210638,0.039324115961790085,0.12800000607967377,0.3127000033855438
YBR212W,YLL008W,0,-2.0213206,0.03931203857064247,0.12800000607967377,0.31279999017715454
YHR209W,YDR261C,0,-2.0220275,0.039299968630075455,0.12800000607967377,0.31290000677108765
YGR266W,YKR058W,0,-2.0220704,0.039287906140089035,0.12800000607967377,0.31299999356269836
YBR183W,YFR016C,0,-2.022231,0.03927585110068321,0.12800000607967377,0.31310001015663147
YOR298W,YHL027W,0,-2.022355,0.039263803511857986,0.12800000607967377,0.3131999969482422
YGR185C,YCR081W,0,-2.0225596,0.03925176337361336,0.12800000607967377,0.3133000135421753
YLL040C,YIL043C,0,-2.02284,0.039239730685949326,0.12800000607967377,0.313400000333786
YBL112C,YBR286W,0,-2.023312,0.03922770544886589,0.12800000607967377,0.31349998712539673
YJR073C,YDR470C,0,-2.0238903,0.03921568766236305,0.12800000607967377,0.31360000371932983
YHL035C,YHR033W,0,-2.024241,0.03920367360115051,0.12800000607967377,0.31369999051094055
YMR176W,YHL025W,0,-2.0250432,0.03919167071580887,0.12800000607967377,0.31380000710487366
YIL136W,YNL181W,0,-2.0256987,0.03917967528104782,0.12800000607967377,0.3138999938964844
YMR005W,YIL011W,0,-2.0265014,0.03916768729686737,0.12800000607967377,0.3140000104904175
YJR096W,YLR219W,0,-2.0268688,0.03915570676326752,0.12800000607967377,0.3140999972820282
YLR284C,YKL006C-A,0,-2.0268931,0.03914372995495796,0.12800000607967377,0.3142000138759613
YHR110W,YNL046W,0,-2.0269709,0.0391317643225193,0.12800000607967377,0.314300000667572
YAL058W,YFL026W,0,-2.0271668,0.03911980614066124,0.12800000607967377,0.31439998745918274
YML081W,YML036W,0,-2.0274081,0.039107851684093475,0.12800000607967377,0.31450000405311584
YKL164C,YPL259C,0,-2.027448,0.039095908403396606,0.12800000607967377,0.31459999084472656
YGR212W,YBR155W,0,-2.0275483,0.039083968847990036,0.12800000607967377,0.31470000743865967
YPR175W,YML043C,0,-2.0278292,0.03907204046845436,0.12800000607967377,0.3147999942302704
YNL050C,YNL038W,0,-2.0280232,0.039060115814208984,0.12800000607967377,0.3149000108242035
YGR142W,YKL058W,0,-2.0282266,0.039048198610544205,0.12800000607967377,0.3149999976158142
YDL114W,YDL123W,0,-2.0284464,0.03903629258275032,0.12800000607967377,0.3151000142097473
YLR167W,YNL138W-A,0,-2.0286129,0.039024390280246735,0.12800000607967377,0.31520000100135803
YGR220C,YDR367W,0,-2.0287547,0.039012495428323746,0.12800000607967377,0.31529998779296875
YOR054C,YOL002C,1,-2.0291312,0.03930530324578285,0.1289999932050705,0.31529998779296875
YOR260W,YDR019C,0,-2.0308506,0.039293330162763596,0.1289999932050705,0.31540000438690186
YER131W,YLR370C,0,-2.0309176,0.039281364530324936,0.1289999932050705,0.3154999911785126
YBR107C,YLL067C,0,-2.0310245,0.03926940634846687,0.1289999932050705,0.3156000077724457
YKR008W,YER096W,0,-2.031468,0.03925745561718941,0.1289999932050705,0.3156999945640564
YNL176C,YOR092W,0,-2.031595,0.03924551233649254,0.1289999932050705,0.3158000111579895
YMR137C,YOL029C,0,-2.0319297,0.039233576506376266,0.1289999932050705,0.3158999979496002
YFL066C,YGR032W,0,-2.0321047,0.03922164812684059,0.1289999932050705,0.3160000145435333
YGR216C,YKL100C,0,-2.0324874,0.03920972719788551,0.1289999932050705,0.31610000133514404
YLR073C,YIR006C,0,-2.032875,0.03919781371951103,0.1289999932050705,0.31619998812675476
YPR102C,YDR356W,0,-2.0330384,0.03918590396642685,0.1289999932050705,0.31630000472068787
YMR322C,YGL256W,0,-2.0333405,0.03917400538921356,0.1289999932050705,0.3163999915122986
YBL076C,YOL155C,0,-2.0333993,0.03916211426258087,0.1289999932050705,0.3165000081062317
YJL102W,YGR078C,0,-2.0340223,0.03915022686123848,0.1289999932050705,0.3165999948978424
YJR153W,YDR023W,0,-2.0346766,0.03913835063576698,0.1289999932050705,0.3167000114917755
YMR017W,YBL041W,0,-2.0347593,0.039126478135585785,0.1289999932050705,0.31679999828338623
YPR063C,YMR241W,0,-2.0351107,0.039114613085985184,0.1289999932050705,0.31690001487731934
YGL119W,YMR034C,0,-2.0351868,0.03910275921225548,0.1289999932050705,0.31700000166893005
YIL144W,YDR165W,0,-2.0352228,0.03909090906381607,0.1289999932050705,0.31709998846054077
YKL103C,YKR030W,0,-2.0352335,0.03907906636595726,0.1289999932050705,0.3172000050544739
YDR367W,YPR041W,0,-2.0355864,0.03906723111867905,0.1289999932050705,0.3172999918460846
YNL339C,YHR136C,0,-2.035954,0.03905540332198143,0.1289999932050705,0.3174000084400177
YNL243W,YGL141W,0,-2.036439,0.03904358297586441,0.1289999932050705,0.3174999952316284
YDR108W,YOR009W,0,-2.0369406,0.03903177008032799,0.1289999932050705,0.3176000118255615
YAL044C,YLR323C,0,-2.0372694,0.03901996463537216,0.1289999932050705,0.31769999861717224
YKR019C,YDR174W,0,-2.0374303,0.039008162915706635,0.1289999932050705,0.31779998540878296
YOL032W,YOR127W,0,-2.0377483,0.038996372371912,0.1289999932050705,0.31790000200271606
YGR012W,YPR155C,0,-2.0378458,0.03898458927869797,0.1289999932050705,0.3179999887943268
YDR078C,YDR297W,0,-2.0380268,0.03897280991077423,0.1289999932050705,0.3181000053882599
YKL093W,YNL024C,0,-2.0382686,0.03896103799343109,0.1289999932050705,0.3181999921798706
YNL317W,YLR467W,0,-2.0382838,0.03894927352666855,0.1289999932050705,0.3183000087738037
YKL063C,YBR158W,0,-2.0388956,0.0389375202357769,0.1289999932050705,0.31839999556541443
YCL047C,YJR155W,0,-2.0398262,0.03892577067017555,0.1289999932050705,0.31850001215934753
YLR092W,YKL150W,0,-2.0401099,0.0389140285551548,0.1289999932050705,0.31859999895095825
YCL026C-B,YPL022W,0,-2.0402212,0.03890229016542435,0.1289999932050705,0.31869998574256897
YOL158C,YKR050W,1,-2.0413218,0.039192039519548416,0.12999999523162842,0.31869998574256897
YMR269W,YFL057C,0,-2.041412,0.03918023034930229,0.12999999523162842,0.3188000023365021
YIL013C,YBR096W,0,-2.0416026,0.039168424904346466,0.12999999523162842,0.3188999891281128
YPL093W,YOL078W,0,-2.0418124,0.03915662690997124,0.12999999523162842,0.3190000057220459
YEL038W,YBR183W,0,-2.042663,0.039144836366176605,0.12999999523162842,0.3190999925136566
YHR011W,YHR215W,0,-2.042812,0.03913305327296257,0.12999999523162842,0.3192000091075897
YGL243W,YLR344W,0,-2.0448785,0.03912127763032913,0.12999999523162842,0.31929999589920044
YOR292C,YOR016C,0,-2.045189,0.03910950571298599,0.12999999523162842,0.31940001249313354
YPL221W,YLR312W-A,0,-2.0452337,0.03909774497151375,0.12999999523162842,0.31949999928474426
YLL038C,YER179W,0,-2.0456402,0.0390859879553318,0.12999999523162842,0.319599986076355
YNL236W,YBR058C-A,0,-2.0459332,0.03907424211502075,0.12999999523162842,0.3197000026702881
YNR044W,YNL092W,0,-2.0461767,0.0390625,0.12999999523162842,0.3197999894618988
YJL082W,YOR391C,0,-2.046194,0.039050765335559845,0.12999999523162842,0.3199000060558319
YER137C,YER153C,0,-2.046206,0.03903903812170029,0.12999999523162842,0.3199999928474426
YJL157C,YBL103C,0,-2.0465617,0.039027318358421326,0.12999999523162842,0.32010000944137573
YGL089C,YBR065C,0,-2.0468209,0.03901560604572296,0.12999999523162842,0.32019999623298645
YLR206W,YGL148W,0,-2.0470848,0.039003901183605194,0.12999999523162842,0.32030001282691956
YDR453C,YKL038W,0,-2.0471044,0.038992200046777725,0.12999999523162842,0.3203999996185303
YPL105C,YJR015W,0,-2.047112,0.03898051008582115,0.12999999523162842,0.320499986410141
YAL026C,YJR016C,0,-2.0475283,0.03896882385015488,0.12999999523162842,0.3206000030040741
YBL021C,YLR276C,0,-2.0475504,0.0389571487903595,0.12999999523162842,0.3206999897956848
YPL202C,YHL047C,1,-2.0475934,0.039245057851076126,0.13099999725818634,0.3206999897956848
YBL098W,YIL075C,0,-2.0480685,0.03923330456018448,0.13099999725818634,0.3208000063896179
YGR142W,YKL053C-A,0,-2.0484724,0.03922155871987343,0.13099999725818634,0.32089999318122864
YOL098C,YBR170C,0,-2.0488772,0.039209816604852676,0.13099999725818634,0.32100000977516174
YDR263C,YDL140C,0,-2.0489278,0.03919808566570282,0.13099999725818634,0.32109999656677246
YCR105W,YKL182W,0,-2.0490096,0.03918635845184326,0.13099999725818634,0.32120001316070557
YJR031C,YLL017W,0,-2.0491579,0.0391746424138546,0.13099999725818634,0.3212999999523163
YDL179W,YDR300C,0,-2.0492203,0.039162930101156235,0.13099999725818634,0.321399986743927
YEL019C,YML054C,0,-2.0495718,0.03915122523903847,0.13099999725818634,0.3215000033378601
YNL007C,YPR110C,0,-2.0496671,0.0391395278275013,0.13099999725818634,0.3215999901294708
YNL318C,YBR131W,0,-2.0499356,0.039127837866544724,0.13099999725818634,0.32170000672340393
YPR144C,YLR121C,0,-2.050138,0.03911615535616875,0.13099999725818634,0.32179999351501465
YDL124W,YDR460W,0,-2.050661,0.03910447657108307,0.13099999725818634,0.32190001010894775
YJR150C,YLR286C,0,-2.0508342,0.039092808961868286,0.13099999725818634,0.32199999690055847
YDL160C,YPL269W,0,-2.051106,0.0390811450779438,0.13099999725818634,0.3221000134944916
YJL106W,YLR348C,0,-2.051222,0.039069488644599915,0.13099999725818634,0.3222000002861023
YOR267C,YEL065W,1,-2.0512767,0.03935599327087402,0.13199999928474426,0.3222000002861023
YJR134C,YLR164W,0,-2.0523744,0.03934426233172417,0.13199999928474426,0.322299987077713
YLR038C,YLL053C,0,-2.0528686,0.03933253884315491,0.13199999928474426,0.3224000036716461
YKR037C,YJR009C,0,-2.0534983,0.039320822805166245,0.13199999928474426,0.32249999046325684
YCR044C,YLR126C,1,-2.0538816,0.039606910198926926,0.13300000131130219,0.32249999046325684
YDR398W,YPL167C,0,-2.05397,0.039595115929841995,0.13300000131130219,0.32260000705718994
YML060W,YDR072C,0,-2.054103,0.03958333283662796,0.13300000131130219,0.32269999384880066
YBR261C,YJL102W,0,-2.054411,0.03957155719399452,0.13300000131130219,0.32280001044273376
YOR346W,YDR285W,0,-2.054581,0.03955978527665138,0.13300000131130219,0.3228999972343445
YBR084W,YDR371W,0,-2.0552406,0.03954802080988884,0.13300000131130219,0.3230000138282776
YPR034W,YOL120C,0,-2.0554314,0.03953626751899719,0.13300000131130219,0.3231000006198883
YIR009W,YML054C,0,-2.0557334,0.039524517953395844,0.13300000131130219,0.323199987411499
YGR156W,YOR215C,0,-2.056047,0.03951277583837509,0.13300000131130219,0.32330000400543213
YNL166C,YNL138W-A,0,-2.0564282,0.039501041173934937,0.13300000131130219,0.32339999079704285
YAL062W,YDL148C,0,-2.0567374,0.03948931023478508,0.13300000131130219,0.32350000739097595
YDR069C,YLR185W,0,-2.0569122,0.03947759047150612,0.13300000131130219,0.32359999418258667
YBR058C-A,YDR545W,0,-2.0572238,0.039465874433517456,0.13300000131130219,0.3237000107765198
YLL017W,YBR074W,0,-2.0580342,0.03945416957139969,0.13300000131130219,0.3237999975681305
YOR341W,YLR193C,0,-2.0580344,0.03944246843457222,0.13300000131130219,0.3239000141620636
YMR233W,YOR374W,0,-2.058334,0.03943077474832535,0.13300000131130219,0.3240000009536743
YCR020C,YDR545W,0,-2.0592542,0.03941908851265907,0.13300000131130219,0.32409998774528503
YLR364W,YMR019W,0,-2.059423,0.039407406002283096,0.13300000131130219,0.32420000433921814
YDR387C,YDR412W,0,-2.0598502,0.039395734667778015,0.13300000131130219,0.32429999113082886
YPL207W,YNL117W,0,-2.0604165,0.03938406705856323,0.13300000131130219,0.32440000772476196
YHR056C,YOR167C,0,-2.0605083,0.039372410625219345,0.13300000131130219,0.3244999945163727
YCL005W-A,YKL190W,1,-2.0608034,0.03965670242905617,0.1340000033378601,0.3244999945163727
YNL259C,YLR126C,1,-2.0617104,0.03994082659482956,0.13500000536441803,0.3244999945163727
YGR202C,YGR138C,0,-2.061867,0.03992901369929314,0.13500000536441803,0.3246000111103058
YMR261C,YGR089W,0,-2.0620928,0.03991720825433731,0.13500000536441803,0.3246999979019165
YIR017C,YLR228C,0,-2.062307,0.03990541025996208,0.13500000536441803,0.3248000144958496
YMR301C,YHL047C,1,-2.0623918,0.04018912464380264,0.13600000739097595,0.3248000144958496
YJL098W,YLR183C,0,-2.0624645,0.040177252143621445,0.13600000739097595,0.3249000012874603
YAL034W-A,YPR187W,0,-2.0627036,0.040165387094020844,0.13600000739097595,0.32499998807907104
YGR246C,YLL051C,0,-2.0627222,0.04015352949500084,0.13600000739097595,0.32510000467300415
YER068W,YKR094C,0,-2.0627952,0.04014167562127113,0.13600000739097595,0.32519999146461487
YGR076C,YMR099C,0,-2.0628014,0.04012983292341232,0.13600000739097595,0.325300008058548
YPL189C-A,YDR334W,0,-2.06293,0.04011799395084381,0.13600000739097595,0.3253999948501587
YKL062W,YBR141C,0,-2.0639482,0.040106162428855896,0.13600000739097595,0.3255000114440918
YLR244C,YDL209C,0,-2.064043,0.04009433835744858,0.13600000739097595,0.3255999982357025
YLR150W,YPL082C,0,-2.0642138,0.04008252173662186,0.13600000739097595,0.3257000148296356
YLL061W,YDR384C,0,-2.0642905,0.04007071256637573,0.13600000739097595,0.32580000162124634
YPL006W,YHR197W,0,-2.0643651,0.040058910846710205,0.13600000739097595,0.32589998841285706
YOR068C,YCL074W,0,-2.0645509,0.040047112852334976,0.13600000739097595,0.32600000500679016
YPL234C,YOL101C,1,-2.064692,0.0403297021985054,0.13699999451637268,0.32600000500679016
YGR245C,YPL188W,0,-2.0647397,0.0403178334236145,0.13699999451637268,0.3260999917984009
YDR080W,YMR133W,0,-2.0654697,0.0403059720993042,0.13699999451637268,0.326200008392334
YLR207W,YDL208W,0,-2.0657682,0.04029411822557449,0.13699999451637268,0.3262999951839447
YDL185W,YDR270W,1,-2.066801,0.040576301515102386,0.1379999965429306,0.3262999951839447
YJL176C,YHR046C,0,-2.0668216,0.04056437313556671,0.1379999965429306,0.3264000117778778
YGR106C,YOR283W,0,-2.067535,0.04055245220661163,0.1379999965429306,0.3264999985694885
YJL155C,YGL063W,0,-2.0675378,0.04054053872823715,0.1379999965429306,0.32659998536109924
YMR313C,YDR365C,0,-2.0676227,0.04052863270044327,0.1379999965429306,0.32670000195503235
YGR145W,YNL063W,0,-2.0685196,0.04051673412322998,0.1379999965429306,0.32679998874664307
YDL083C,YBR091C,0,-2.068876,0.04050484299659729,0.1379999965429306,0.32690000534057617
YIL136W,YDR420W,0,-2.0694509,0.0404929593205452,0.1379999965429306,0.3269999921321869
YGR112W,YFR045W,0,-2.0698557,0.0404810793697834,0.1379999965429306,0.32710000872612
YER103W,YNL258C,0,-2.0701702,0.0404692068696022,0.1379999965429306,0.3271999955177307
YGL259W,YOL092W,0,-2.0701718,0.0404573455452919,0.1379999965429306,0.3273000121116638
YLR433C,YCL005W-A,1,-2.0702415,0.04073857143521309,0.13899999856948853,0.3273000121116638
YJR107W,YDR318W,0,-2.0705845,0.04072663187980652,0.13899999856948853,0.32739999890327454
YOR262W,YOR066W,0,-2.071879,0.040714703500270844,0.13899999856948853,0.32749998569488525
YDR464W,YBR033W,0,-2.0719335,0.040702782571315765,0.13899999856948853,0.32760000228881836
YMR040W,YBR054W,0,-2.072298,0.040690865367650986,0.13899999856948853,0.3276999890804291
YOR251C,YLR193C,0,-2.0730646,0.0406789593398571,0.13899999856948853,0.3278000056743622
YNL012W,YGR034W,0,-2.0731897,0.040667057037353516,0.13899999856948853,0.3278999924659729
YGL128C,YAR027W,0,-2.0737698,0.04065516218543053,0.13899999856948853,0.328000009059906
YLL027W,YKL172W,0,-2.0738053,0.040643274784088135,0.13899999856948853,0.3280999958515167
YMR160W,YPL159C,0,-2.074097,0.04063139483332634,0.13899999856948853,0.32820001244544983
YJL006C,YPL220W,0,-2.074441,0.04061952233314514,0.13899999856948853,0.32829999923706055
YOL019W,YNL046W,0,-2.0748668,0.04060765355825424,0.13899999856948853,0.32839998602867126
YMR131C,YHL006C,0,-2.0749888,0.04059579595923424,0.13899999856948853,0.32850000262260437
YDL133C-A,YDL102W,0,-2.0751474,0.04058394208550453,0.13899999856948853,0.3285999894142151
YNL052W,YDR030C,0,-2.0755787,0.04057209566235542,0.13899999856948853,0.3287000060081482
YOR306C,YHR175W,0,-2.0762541,0.04056025668978691,0.13899999856948853,0.3287999927997589
YOR226C,YDR270W,1,-2.0765529,0.04084014147520065,0.14000000059604645,0.3287999927997589
YHR172W,YPL223C,0,-2.0768623,0.04082822799682617,0.14000000059604645,0.328900009393692
YGL191W,YCR054C,0,-2.0768788,0.040816325694322586,0.14000000059604645,0.32899999618530273
YOR383C,YAL060W,0,-2.0771644,0.0408044308423996,0.14000000059604645,0.32910001277923584
YGL185C,YMR193W,0,-2.0782578,0.04079253971576691,0.14000000059604645,0.32919999957084656
YDL170W,YDR173C,0,-2.0789716,0.04078065976500511,0.14000000059604645,0.3292999863624573
YHR009C,YOR059C,0,-2.079583,0.040768783539533615,0.14000000059604645,0.3294000029563904
YOR315W,YOL071W,0,-2.0798666,0.040756914764642715,0.14000000059604645,0.3294999897480011
YCL026C-B,YIL138C,0,-2.0802288,0.04074505344033241,0.14000000059604645,0.3296000063419342
YGL128C,YKR058W,0,-2.080421,0.04073319584131241,0.14000000059604645,0.3296999931335449
YPL168W,YPL122C,0,-2.0810752,0.0407213494181633,0.14000000059604645,0.329800009727478
YGL205W,YGL206C,0,-2.0811007,0.04070950672030449,0.14000000059604645,0.32989999651908875
YOR151C,YCR105W,0,-2.0817792,0.040697675198316574,0.14000000059604645,0.33000001311302185
YLL066C,YNL239W,0,-2.081816,0.04068584740161896,0.14000000059604645,0.33009999990463257
YDR252W,YGR070W,0,-2.0822089,0.04067402705550194,0.14000000059604645,0.3301999866962433
YLR129W,YNL156C,0,-2.082286,0.040662214159965515,0.14000000059604645,0.3303000032901764
YLR288C,YML052W,0,-2.0830507,0.04065040498971939,0.14000000059604645,0.3303999900817871
YNL339C,YLR389C,0,-2.0835204,0.04063860699534416,0.14000000059604645,0.3305000066757202
YDR523C,YJR107W,0,-2.0842438,0.04062681272625923,0.14000000059604645,0.33059999346733093
YDL113C,YGL009C,0,-2.0844827,0.0406150259077549,0.14000000059604645,0.33070001006126404
YDL072C,YGL078C,0,-2.084548,0.04060324653983116,0.14000000059604645,0.33079999685287476
YJR063W,YGL018C,0,-2.0851393,0.04059147462248802,0.14000000059604645,0.33090001344680786
YCL005W-A,YKL080W,1,-2.0854797,0.040869563817977905,0.14100000262260437,0.33090001344680786
YPL099C,YDR534C,0,-2.0860305,0.040857721120119095,0.14100000262260437,0.3310000002384186
YDR018C,YKL197C,0,-2.0865898,0.04084588587284088,0.14100000262260437,0.3310999870300293
YPR002W,YMR153W,0,-2.0866122,0.040834058076143265,0.14100000262260437,0.3312000036239624
YLR121C,YLR467W,0,-2.087071,0.04082223400473595,0.14100000262260437,0.3312999904155731
YML077W,YGL063W,0,-2.0871618,0.040810421109199524,0.14100000262260437,0.3314000070095062
YLL013C,YLR129W,0,-2.0878592,0.0407986119389534,0.14100000262260437,0.33149999380111694
YPL200W,YPL068C,0,-2.088502,0.04078681021928787,0.14100000262260437,0.33160001039505005
YGL021W,YML080W,0,-2.0888329,0.04077501595020294,0.14100000262260437,0.33169999718666077
YBR111W-A,YHR158C,0,-2.0897508,0.04076322540640831,0.14100000262260437,0.33180001378059387
YDR508C,YPR031W,0,-2.0902395,0.04075144603848457,0.14100000262260437,0.3319000005722046
YGL037C,YPL010W,0,-2.090307,0.040739670395851135,0.14100000262260437,0.3319999873638153
YCR018C,YJL164C,0,-2.0903454,0.040727902203798294,0.14100000262260437,0.3321000039577484
YGL037C,YFR019W,0,-2.0903864,0.04071614146232605,0.14100000262260437,0.33219999074935913
YGR282C,YIL172C,0,-2.090422,0.0407043881714344,0.14100000262260437,0.33230000734329224
YBR078W,YGR158C,0,-2.0904408,0.04069264233112335,0.14100000262260437,0.33239999413490295
YJL148W,YOL140W,0,-2.0912218,0.0406809002161026,0.14100000262260437,0.33250001072883606
YPR178W,YGR155W,0,-2.0912812,0.040669165551662445,0.14100000262260437,0.3325999975204468
YOR126C,YGR034W,0,-2.0922358,0.04065743833780289,0.14100000262260437,0.3327000141143799
YMR059W,YLR106C,0,-2.0923781,0.040645718574523926,0.14100000262260437,0.3328000009059906
YLR196W,YKR083C,0,-2.0923796,0.04063400626182556,0.14100000262260437,0.3328999876976013
YPL139C,YHR096C,0,-2.092404,0.040622297674417496,0.14100000262260437,0.3330000042915344
YIL108W,YDL190C,0,-2.092664,0.040610600262880325,0.14100000262260437,0.33309999108314514
YOL156W,YHL011C,0,-2.093194,0.04059890657663345,0.14100000262260437,0.33320000767707825
YOL092W,YIL128W,0,-2.0932744,0.04058722034096718,0.14100000262260437,0.33329999446868896
YDR362C,YDR165W,0,-2.093401,0.0405755378305912,0.14100000262260437,0.33340001106262207
YPR192W,YNL031C,0,-2.0934534,0.04056386649608612,0.14100000262260437,0.3334999978542328
YIL043C,YIL160C,0,-2.093793,0.04055219888687134,0.14100000262260437,0.3336000144481659
YPL234C,YPL202C,1,-2.094275,0.04082806035876274,0.1420000046491623,0.3336000144481659
YOR306C,YDR285W,0,-2.0945747,0.040816325694322586,0.1420000046491623,0.3337000012397766
YGL163C,YGR158C,0,-2.0950537,0.04080459848046303,0.1420000046491623,0.33379998803138733
YFL026W,YKL143W,0,-2.095114,0.04079287499189377,0.1420000046491623,0.33390000462532043
YGR054W,YCR031C,0,-2.0960093,0.040781158953905106,0.1420000046491623,0.33399999141693115
YCL005W-A,YOR147W,1,-2.0963423,0.0410565622150898,0.14300000667572021,0.33399999141693115
YEL029C,YDL184C,0,-2.0963433,0.041044775396585464,0.14300000667572021,0.33410000801086426
YDL113C,YLR050C,0,-2.0966783,0.041032999753952026,0.14300000667572021,0.334199994802475
YPR098C,YMR025W,0,-2.0970478,0.04102122783660889,0.14300000667572021,0.3343000113964081
YEL021W,YNL217W,0,-2.097244,0.041009463369846344,0.14300000667572021,0.3343999981880188
YPL099C,YHR089C,0,-2.097303,0.0409977063536644,0.14300000667572021,0.3345000147819519
YEL043W,YLR283W,0,-2.0974326,0.04098595678806305,0.14300000667572021,0.3346000015735626
YHR154W,YNR038W,0,-2.097444,0.040974210947752,0.14300000667572021,0.33469998836517334
YNL189W,YMR099C,0,-2.09781,0.040962476283311844,0.14300000667572021,0.33480000495910645
YLR214W,YCR091W,0,-2.0984592,0.04095074534416199,0.14300000667572021,0.33489999175071716
YDR065W,YDR456W,1,-2.098512,0.04122530668973923,0.14399999380111694,0.33489999175071716
YPL096C-A,YKL195W,0,-2.098534,0.041213508695364,0.14399999380111694,0.33500000834465027
YDR021W,YIL171W,0,-2.099023,0.041201718151569366,0.14399999380111694,0.335099995136261
YML056C,YNL164C,0,-2.0996547,0.04118993133306503,0.14399999380111694,0.3352000117301941
YIR017C,YLR301W,0,-2.0999072,0.041178151965141296,0.14399999380111694,0.3352999985218048
YJR033C,YOL002C,1,-2.0999918,0.041452258825302124,0.14499999582767487,0.3352999985218048
YMR114C,YNL309W,0,-2.1001277,0.041440412402153015,0.14499999582767487,0.3353999853134155
YOR004W,YOR127W,0,-2.100429,0.041428569704294205,0.14499999582767487,0.33550000190734863
YLR435W,YLR284C,0,-2.1007175,0.04141673818230629,0.14499999582767487,0.33559998869895935
YOL157C,YNR007C,0,-2.101775,0.04140491038560867,0.14499999582767487,0.33570000529289246
YLR083C,YOR363C,0,-2.1022406,0.04139309003949165,0.14499999582767487,0.3357999920845032
YDL216C,YGL167C,0,-2.1023781,0.04138127714395523,0.14499999582767487,0.3359000086784363
YGR274C,YBR058C-A,0,-2.1027102,0.041369471698999405,0.14499999582767487,0.335999995470047
YJR059W,YGR020C,1,-2.1027555,0.041642896831035614,0.1459999978542328,0.335999995470047
YLR099C,YGL246C,0,-2.1031098,0.041631024330854416,0.1459999978542328,0.3361000120639801
YAR015W,YNL172W,0,-2.1034493,0.041619155555963516,0.1459999978542328,0.3361999988555908
YNL178W,YGR177C,0,-2.103798,0.041607294231653214,0.1459999978542328,0.33629998564720154
YKL119C,YJL056C,1,-2.1040797,0.04188034310936928,0.1469999998807907,0.33629998564720154
YPL119C,YAL060W,0,-2.1043065,0.0418684147298336,0.1469999998807907,0.33640000224113464
YNL007C,YCR077C,0,-2.1049728,0.041856493800878525,0.1469999998807907,0.33649998903274536
YPL224C,YCL005W-A,1,-2.1051552,0.04212923347949982,0.14800000190734863,0.33649998903274536
YGR054W,YLR224W,0,-2.1058702,0.042117245495319366,0.14800000190734863,0.33660000562667847
YKR049C,YER095W,0,-2.106511,0.04210526496171951,0.14800000190734863,0.3366999924182892
YJL155C,YPR016C,0,-2.106557,0.04209328815340996,0.14800000190734863,0.3368000090122223
YCR093W,YMR304W,0,-2.1067035,0.042081318795681,0.14800000190734863,0.336899995803833
YPR114W,YLR028C,0,-2.1071062,0.04206935688853264,0.14800000190734863,0.3370000123977661
YHR058C,YPL092W,0,-2.1078482,0.042057402431964874,0.14800000190734863,0.33709999918937683
YNL050C,YMR193W,0,-2.1080008,0.04204545542597771,0.14800000190734863,0.33719998598098755
YLR432W,YPL174C,0,-2.108285,0.04203351214528084,0.14800000190734863,0.33730000257492065
YER020W,YBL068W,0,-2.1089315,0.042021580040454865,0.14800000190734863,0.33739998936653137
YOR242C,YKL028W,0,-2.109758,0.04200965166091919,0.14800000190734863,0.3375000059604645
YBR170C,YLR293C,0,-2.1098616,0.04199773073196411,0.14800000190734863,0.3375999927520752
YDR270W,YHR194W,1,-2.1107173,0.0422695018351078,0.14900000393390656,0.3375999927520752
YKL164C,YOR191W,0,-2.1107392,0.04225751385092735,0.14900000393390656,0.3377000093460083
YCR044C,YHL047C,1,-2.1107707,0.04252906143665314,0.15000000596046448,0.3377000093460083
YOR334W,YMR238W,0,-2.1109462,0.042517006397247314,0.15000000596046448,0.337799996137619
YGL067W,YLL014W,0,-2.1114838,0.04250495880842209,0.15000000596046448,0.3379000127315521
YOR311C,YPR098C,0,-2.1115096,0.04249291867017746,0.15000000596046448,0.33799999952316284
YKL210W,YLR377C,0,-2.111702,0.04248088225722313,0.15000000596046448,0.33809998631477356
YNL015W,YKL191W,0,-2.1121683,0.042468857020139694,0.15000000596046448,0.33820000290870667
YOR396W,YJR118C,0,-2.1124587,0.04245683550834656,0.15000000596046448,0.3382999897003174
YKL026C,YIL084C,0,-2.1133227,0.04244482144713402,0.15000000596046448,0.3384000062942505
YNL078W,YDL102W,0,-2.1134055,0.042432814836502075,0.15000000596046448,0.3384999930858612
YGL021W,YNL036W,0,-2.1136453,0.04242081567645073,0.15000000596046448,0.3386000096797943
YBR192W,YNR002C,0,-2.113836,0.04240882024168968,0.15000000596046448,0.33869999647140503
YDL135C,YER096W,0,-2.1142113,0.04239683598279953,0.15000000596046448,0.33880001306533813
YKR053C,YNR032C-A,0,-2.1143308,0.042384855449199677,0.15000000596046448,0.33889999985694885
YHR011W,YJR119C,0,-2.1144,0.04237288236618042,0.15000000596046448,0.33899998664855957
YCL005W-A,YCL017C,1,-2.114611,0.04264331981539726,0.1509999930858612,0.33899998664855957
YPR106W,YOR078W,0,-2.1158803,0.04263128340244293,0.1509999930858612,0.3391000032424927
YDL204W,YDR407C,0,-2.1162624,0.0426192507147789,0.1509999930858612,0.3391999900341034
YOR044W,YLR079W,0,-2.1163359,0.04260722175240517,0.1509999930858612,0.3393000066280365
YBR185C,YER175C,0,-2.1164126,0.04259520396590233,0.1509999930858612,0.3393999934196472
YDR515W,YOR079C,1,-2.1164913,0.04286520183086395,0.15199999511241913,0.3393999934196472
YOR124C,YNL151C,0,-2.116518,0.04285311698913574,0.15199999511241913,0.3395000100135803
YPL281C,YPL097W,0,-2.1166513,0.04284103587269783,0.15199999511241913,0.33959999680519104
YDR527W,YLL024C,0,-2.116833,0.042828965932130814,0.15199999511241913,0.33970001339912415
YPR017C,YIL133C,0,-2.116875,0.042816899716854095,0.15199999511241913,0.33980000019073486
YIL154C,YMR269W,0,-2.1171944,0.04280484467744827,0.15199999511241913,0.3398999869823456
YMR226C,YDR313C,0,-2.117283,0.04279279336333275,0.15199999511241913,0.3400000035762787
YOR267C,YDR270W,1,-2.1174207,0.043062202632427216,0.15299999713897705,0.3400000035762787
YER175C,YIL171W,0,-2.11771,0.04305008426308632,0.15299999713897705,0.3400999903678894
YOL105C,YDR262W,0,-2.11801,0.04303797334432602,0.15299999713897705,0.3402000069618225
YGL222C,YDR204W,0,-2.1181533,0.043025873601436615,0.15299999713897705,0.3402999937534332
YDR536W,YLR467W,0,-2.1182456,0.04301377385854721,0.15299999713897705,0.34040001034736633
YMR303C,YGL219C,0,-2.1183298,0.0430016852915287,0.15299999713897705,0.34049999713897705
YOR306C,YER055C,0,-2.1191611,0.04298960417509079,0.15299999713897705,0.34060001373291016
YFL056C,YDR127W,0,-2.1192145,0.042977526783943176,0.15299999713897705,0.3407000005245209
YPR005C,YPR071W,0,-2.119231,0.04296546056866646,0.15299999713897705,0.3407999873161316
YJL078C,YKL077W,0,-2.1192446,0.04295339807868004,0.15299999713897705,0.3409000039100647
YDR515W,YMR243C,1,-2.1192517,0.04322200268507004,0.15399999916553497,0.3409000039100647
YMR282C,YDR025W,0,-2.1199465,0.043209876865148544,0.15399999916553497,0.3409999907016754
YLR086W,YPL196W,0,-2.1204162,0.04319775477051735,0.15399999916553497,0.3411000072956085
YPR063C,YHR088W,0,-2.1207466,0.04318564385175705,0.15399999916553497,0.34119999408721924
YNL153C,YDL179W,0,-2.1209354,0.04317353665828705,0.15399999916553497,0.34130001068115234
YKR104W,YMR211W,0,-2.1209443,0.043161433190107346,0.15399999916553497,0.34139999747276306
YOL098C,YJL110C,0,-2.121034,0.04314934089779854,0.15399999916553497,0.34150001406669617
YBL021C,YGR194C,0,-2.1217926,0.04313725605607033,0.15399999916553497,0.3416000008583069
YMR063W,YLR384C,0,-2.1220548,0.043125174939632416,0.15399999916553497,0.3416999876499176
YOL155C,YJL025W,0,-2.12221,0.0431131012737751,0.15399999916553497,0.3418000042438507
YJR045C,YAL024C,0,-2.1223464,0.04310103505849838,0.15399999916553497,0.3418999910354614
YOL122C,YHR080C,0,-2.122704,0.04308897629380226,0.15399999916553497,0.34200000762939453
YPL210C,YLR300W,0,-2.122885,0.04307692125439644,0.15399999916553497,0.34209999442100525
YLR293C,YOR211C,0,-2.123795,0.04306487739086151,0.15399999916553497,0.34220001101493835
YBR093C,YDR363W-A,0,-2.1238048,0.04305283725261688,0.15399999916553497,0.3422999978065491
YDR034C,YLR185W,0,-2.1238267,0.04304080456495285,0.15399999916553497,0.3424000144004822
YDR074W,YKL154W,0,-2.124112,0.043028779327869415,0.15399999916553497,0.3425000011920929
YDL240W,YPL226W,0,-2.1241882,0.04301676154136658,0.15399999916553497,0.3425999879837036
YKL006W,YNR021W,0,-2.1245046,0.04300474748015404,0.15399999916553497,0.3427000045776367
YDL197C,YMR131C,0,-2.1245337,0.042992740869522095,0.15399999916553497,0.34279999136924744
YMR125W,YPL092W,0,-2.1250246,0.04298074170947075,0.15399999916553497,0.34290000796318054
YBR050C,YOR212W,0,-2.1251137,0.04296875,0.15399999916553497,0.34299999475479126
YER174C,YDR495C,1,-2.1251745,0.04323570430278778,0.1550000011920929,0.34299999475479126
YKL094W,YPL163C,0,-2.1252775,0.04322364926338196,0.1550000011920929,0.34310001134872437
YNL045W,YJL186W,0,-2.125332,0.043211597949266434,0.1550000011920929,0.3431999981403351
YML027W,YKR097W,0,-2.1257071,0.043199554085731506,0.1550000011920929,0.3433000147342682
YDR372C,YHR080C,0,-2.1258035,0.043187517672777176,0.1550000011920929,0.3434000015258789
YBL054W,YJL001W,0,-2.1260395,0.04317548871040344,0.1550000011920929,0.3434999883174896
YJL221C,YOR066W,0,-2.1263208,0.04316346347332001,0.1550000011920929,0.34360000491142273
YKL096W-A,YNL167C,0,-2.1267989,0.04315144941210747,0.1550000011920929,0.34369999170303345
YLR201C,YMR046C,0,-2.1269097,0.043139439076185226,0.1550000011920929,0.34380000829696655
YPL218W,YNL163C,0,-2.1284554,0.04312743619084358,0.1550000011920929,0.34389999508857727
YMR284W,YOR306C,0,-2.1288502,0.043115437030792236,0.1550000011920929,0.3440000116825104
YHR143W,YPR152C,0,-2.1289172,0.043103449046611786,0.1550000011920929,0.3440999984741211
YNL283C,YMR176W,0,-2.1291192,0.043091464787721634,0.1550000011920929,0.3441999852657318
YHL016C,YOR117W,0,-2.12996,0.04307948797941208,0.1550000011920929,0.3443000018596649
YDR252W,YDL051W,0,-2.130864,0.04306751862168312,0.1550000011920929,0.34439998865127563
YER033C,YDL119C,0,-2.131334,0.04305555671453476,0.1550000011920929,0.34450000524520874
YDR320C,YLR068W,0,-2.1314042,0.0430435985326767,0.1550000011920929,0.34459999203681946
YEL024W,YOL069W,0,-2.131714,0.04303164780139923,0.1550000011920929,0.34470000863075256
YAL034W-A,YCL034W,0,-2.1319625,0.04301970452070236,0.1550000011920929,0.3447999954223633
YDL179W,YMR302C,0,-2.1320138,0.04300776869058609,0.1550000011920929,0.3449000120162964
YOL043C,YAL012W,0,-2.1321378,0.042995840311050415,0.1550000011920929,0.3449999988079071
YIL043C,YDL130W-A,0,-2.132437,0.04298391565680504,0.1550000011920929,0.3450999855995178
YNL210W,YML009C,0,-2.1325133,0.04297199845314026,0.1550000011920929,0.3452000021934509
YDR444W,YKL058W,0,-2.1330285,0.042960088700056076,0.1550000011920929,0.34529998898506165
YER162C,YFL011W,0,-2.1331224,0.04294818639755249,0.1550000011920929,0.34540000557899475
YNL111C,YDR127W,0,-2.133191,0.0429362878203392,0.1550000011920929,0.34549999237060547
YCR107W,YMR273C,0,-2.1332843,0.04292439669370651,0.1550000011920929,0.3456000089645386
YGL053W,YER114C,0,-2.1338537,0.04291251301765442,0.1550000011920929,0.3456999957561493
YGR052W,YBL026W,0,-2.1338913,0.04290063679218292,0.1550000011920929,0.3458000123500824
YBL021C,YGL167C,0,-2.134276,0.042888764292001724,0.1550000011920929,0.3458999991416931
YBR010W,YJL108C,0,-2.1344535,0.04287690296769142,0.1550000011920929,0.34599998593330383
YPR167C,YEL005C,0,-2.1351025,0.04286504536867142,0.1550000011920929,0.34610000252723694
YDL077C,YOR391C,0,-2.1353953,0.04285319149494171,0.1550000011920929,0.34619998931884766
YLR286C,YPR041W,0,-2.1358976,0.0428413487970829,0.1550000011920929,0.34630000591278076
YOR120W,YAR033W,0,-2.1360238,0.04282950982451439,0.1550000011920929,0.3463999927043915
YIL155C,YDR389W,0,-2.1365726,0.042817678302526474,0.1550000011920929,0.3465000092983246
YPL105C,YOR162C,0,-2.137265,0.042805854231119156,0.1550000011920929,0.3465999960899353
YIL064W,YHL021C,0,-2.1377234,0.042794037610292435,0.1550000011920929,0.3467000126838684
YJL173C,YKL038W,0,-2.1384408,0.04278222471475601,0.1550000011920929,0.3467999994754791
YGR076C,YDL223C,0,-2.138499,0.042770419269800186,0.1550000011920929,0.34689998626708984
YBR240C,YDR226W,0,-2.1386344,0.04275862127542496,0.1550000011920929,0.34700000286102295
YGL220W,YMR086W,0,-2.138751,0.04274682700634003,0.1550000011920929,0.34709998965263367
YCL008C,YGL238W,0,-2.1391385,0.04273504391312599,0.1550000011920929,0.3472000062465668
YLR056W,YDR315C,0,-2.13963,0.042723264545202255,0.1550000011920929,0.3472999930381775
YJL103C,YKL096W-A,0,-2.139745,0.042711492627859116,0.1550000011920929,0.3474000096321106
YKL093W,YMR194W,0,-2.1397636,0.042699724435806274,0.1550000011920929,0.3474999964237213
YHR118C,YGL105W,0,-2.1398277,0.04268796369433403,0.1550000011920929,0.3476000130176544
YDR127W,YEL062W,0,-2.1398723,0.04267621040344238,0.1550000011920929,0.34769999980926514
YOR182C,YEL052W,0,-2.1402318,0.04266446456313133,0.1550000011920929,0.34779998660087585
YIR019C,YDR083W,0,-2.1403906,0.04265272244811058,0.1550000011920929,0.34790000319480896
YNL178W,YOR219C,0,-2.140559,0.042640991508960724,0.1550000011920929,0.3479999899864197
YMR056C,YDR523C,0,-2.1406565,0.042629264295101166,0.1550000011920929,0.3481000065803528
YHL016C,YNR030W,0,-2.140949,0.042617540806531906,0.1550000011920929,0.3481999933719635
YBL010C,YKL173W,0,-2.141206,0.04260582849383354,0.1550000011920929,0.3483000099658966
YDL127W,YDR173C,0,-2.1412418,0.042594119906425476,0.1550000011920929,0.3483999967575073
YDR074W,YLR183C,0,-2.1413324,0.04258241876959801,0.1550000011920929,0.34850001335144043
YCR093W,YLR377C,0,-2.1422617,0.04257072135806084,0.1550000011920929,0.34860000014305115
YMR109W,YHR113W,0,-2.1422863,0.04255903512239456,0.1550000011920929,0.34869998693466187
YJR076C,YBR169C,0,-2.142735,0.042547352612018585,0.1550000011920929,0.34880000352859497
YLL062C,YJL156C,0,-2.1427507,0.04253567382693291,0.1550000011920929,0.3488999903202057
YOR054C,YGR020C,1,-2.142813,0.04279835522174835,0.15600000321865082,0.3488999903202057
YOR116C,YGL123W,0,-2.143102,0.0427866168320179,0.15600000321865082,0.3490000069141388
YOL064C,YPL174C,0,-2.1432674,0.042774882167577744,0.15600000321865082,0.3490999937057495
YGL019W,YDR065W,1,-2.1436749,0.043037280440330505,0.15700000524520874,0.3490999937057495
YGR262C,YLR160C,0,-2.1436787,0.043025486171245575,0.15700000524520874,0.3492000102996826
YHR190W,YFL023W,0,-2.1443636,0.04301369935274124,0.15700000524520874,0.34929999709129333
YPR042C,YKL150W,0,-2.1444263,0.043001916259527206,0.15700000524520874,0.34940001368522644
YJL006C,YBL028C,0,-2.144581,0.04299014061689377,0.15700000524520874,0.34950000047683716
YDL179W,YGR174C,0,-2.144636,0.04297837242484093,0.15700000524520874,0.3495999872684479
YPL183C,YPL019C,0,-2.1449115,0.04296661168336868,0.15700000524520874,0.349700003862381
YOR090C,YDR465C,0,-2.1450343,0.04295485466718674,0.15700000524520874,0.3497999906539917
YLR182W,YAR027W,0,-2.1453,0.04294310882687569,0.15700000524520874,0.3499000072479248
YDR168W,YKL077W,0,-2.145586,0.042931362986564636,0.15700000524520874,0.3499999940395355
YPL253C,YER175C,0,-2.1463401,0.04291962832212448,0.15700000524520874,0.35010001063346863
YCR026C,YKR059W,0,-2.1466496,0.042907897382974625,0.15700000524520874,0.35019999742507935
YOR216C,YHL036W,0,-2.1469734,0.042896173894405365,0.15700000524520874,0.35030001401901245
YBR146W,YGR060W,0,-2.147724,0.0428844578564167,0.15700000524520874,0.35040000081062317
YOR036W,YLR044C,0,-2.148624,0.04287274554371834,0.15700000524520874,0.3504999876022339
YDR025W,YGL050W,0,-2.1489856,0.04286104440689087,0.15700000524520874,0.350600004196167
YGR044C,YPL096C-A,0,-2.1496315,0.0428493432700634,0.15700000524520874,0.3506999909877777
YJR009C,YLL019C,0,-2.1497142,0.04283765330910683,0.15700000524520874,0.3508000075817108
YFL037W,YKL198C,0,-2.1502204,0.04282596707344055,0.15700000524520874,0.35089999437332153
YLR080W,YDL060W,0,-2.150252,0.042814288288354874,0.15700000524520874,0.35100001096725464
YHR160C,YFR032C-A,0,-2.150387,0.04280261695384979,0.15700000524520874,0.35109999775886536
YGR296W,YLR306W,0,-2.150409,0.04279095306992531,0.15700000524520874,0.35120001435279846
YLR329W,YML028W,0,-2.1510236,0.04277929291129112,0.15700000524520874,0.3513000011444092
YIL101C,YOR271C,0,-2.1519883,0.042767636477947235,0.15700000524520874,0.3513999879360199
YOL155C,YOR189W,0,-2.1520476,0.04275599122047424,0.15700000524520874,0.351500004529953
YLR009W,YOR065W,0,-2.1523776,0.04274434968829155,0.15700000524520874,0.3515999913215637
YDL123W,YDR262W,0,-2.1526153,0.04273271560668945,0.15700000524520874,0.3517000079154968
YDR383C,YMR165C,0,-2.1528428,0.042721088975667953,0.15700000524520874,0.35179999470710754
YDL185W,YDR065W,1,-2.1532943,0.042981501668691635,0.15800000727176666,0.35179999470710754
YLR234W,YDL171C,0,-2.1536212,0.04296981170773506,0.15800000727176666,0.35190001130104065
YCR105W,YML028W,0,-2.1538687,0.042958129197359085,0.15800000727176666,0.35199999809265137
YPR002W,YPL010W,0,-2.1538897,0.042946454137563705,0.15800000727176666,0.3521000146865845
YER091C,YIL005W,0,-2.1541746,0.042934782803058624,0.15800000727176666,0.3522000014781952
YER174C,YOR381W,1,-2.1547687,0.043194785714149475,0.1589999943971634,0.3522000014781952
YGL170C,YNL230C,0,-2.1547782,0.04318305104970932,0.1589999943971634,0.3522999882698059
YGL064C,YNL297C,0,-2.154805,0.04317132756114006,0.1589999943971634,0.352400004863739
YOR260W,YDR173C,0,-2.1548474,0.0431596077978611,0.1589999943971634,0.35249999165534973
YGL116W,YOR386W,0,-2.1555915,0.043147895485162735,0.1589999943971634,0.35260000824928284
YFR027W,YBL078C,0,-2.1557045,0.04313619062304497,0.1589999943971634,0.35269999504089355
YLR249W,YLR246W,0,-2.1557372,0.0431244932115078,0.1589999943971634,0.35280001163482666
YOL126C,YIL096C,0,-2.1557655,0.043112799525260925,0.1589999943971634,0.3528999984264374
YFR033C,YDL022W,0,-2.1559865,0.04310110956430435,0.1589999943971634,0.3529999852180481
YPL090C,YHR211W,0,-2.1560194,0.043089430779218674,0.1589999943971634,0.3531000018119812
YLR370C,YBR162C,0,-2.156144,0.043077755719423294,0.1589999943971634,0.3531999886035919
YJL144W,YDR226W,0,-2.1577902,0.04306608811020851,0.1589999943971634,0.353300005197525
YOR224C,YGR234W,0,-2.1579492,0.043054427951574326,0.1589999943971634,0.35339999198913574
YDR238C,YLR324W,0,-2.1581926,0.04304277151823044,0.1589999943971634,0.35350000858306885
YNL210W,YLL022C,0,-2.1600704,0.04303112253546715,0.1589999943971634,0.35359999537467957
YGR085C,YNL107W,0,-2.1605337,0.043019481003284454,0.1589999943971634,0.35370001196861267
YML106W,YDR039C,0,-2.1610324,0.04300784319639206,0.1589999943971634,0.3537999987602234
YLL053C,YHR002W,0,-2.1612608,0.04299621284008026,0.1589999943971634,0.3538999855518341
YJL035C,YJL158C,0,-2.1617362,0.04298458993434906,0.1589999943971634,0.3540000021457672
YCL036W,YGR274C,0,-2.1629293,0.042972974479198456,0.1589999943971634,0.35409998893737793
YCR047C,YDR013W,0,-2.1630082,0.04296136274933815,0.1589999943971634,0.35420000553131104
YGR282C,YBR020W,0,-2.1630604,0.04294975847005844,0.1589999943971634,0.35429999232292175
YCR012W,YCL063W,0,-2.1631134,0.04293815791606903,0.1589999943971634,0.35440000891685486
YBR129C,YCR040W,0,-2.163332,0.04292656481266022,0.1589999943971634,0.3544999957084656
YDL197C,YDR384C,0,-2.1640265,0.042914979159832,0.1589999943971634,0.3546000123023987
YML052W,YKL078W,0,-2.1643224,0.04290340095758438,0.1589999943971634,0.3546999990940094
YDL229W,YLR005W,0,-2.1649153,0.04289182648062706,0.1589999943971634,0.3547999858856201
YCL066W,YOR167C,0,-2.1650493,0.042880259454250336,0.1589999943971634,0.3549000024795532
YAL031C,YDR044W,0,-2.1655016,0.04286869615316391,0.1589999943971634,0.35499998927116394
YLR039C,YOR335C,0,-2.165713,0.04285714402794838,0.1589999943971634,0.35510000586509705
YIR012W,YGL178W,0,-2.166049,0.04284559562802315,0.1589999943971634,0.35519999265670776
YJL130C,YDR108W,0,-2.1661768,0.042834050953388214,0.1589999943971634,0.35530000925064087
YMR049C,YDR393W,0,-2.1663542,0.04282251372933388,0.1589999943971634,0.3553999960422516
YFL037W,YHR092C,0,-2.1671407,0.04281098395586014,0.1589999943971634,0.3555000126361847
YPR171W,YPL123C,0,-2.16764,0.042799461632966995,0.1589999943971634,0.3555999994277954
YER045C,YLR157C,0,-2.168718,0.04278794303536415,0.1589999943971634,0.35569998621940613
YFL011W,YBR037C,0,-2.1687875,0.042776431888341904,0.1589999943971634,0.35580000281333923
YOR348C,YGR101W,0,-2.1689043,0.04276492819190025,0.1589999943971634,0.35589998960494995
YJL026W,YGR080W,0,-2.1697662,0.0427534282207489,0.1589999943971634,0.35600000619888306
YEL070W,YHR056C,0,-2.1700666,0.042741935700178146,0.1589999943971634,0.3560999929904938
YOL126C,YMR303C,0,-2.1702082,0.04273045063018799,0.1589999943971634,0.3562000095844269
YOL155C,YMR307W,0,-2.170429,0.04271896928548813,0.1589999943971634,0.3562999963760376
YLL057C,YML028W,0,-2.1713846,0.042707495391368866,0.1589999943971634,0.3564000129699707
YPL096C-A,YHR150W,0,-2.1713908,0.0426960252225399,0.1589999943971634,0.3564999997615814
YOR317W,YBR037C,0,-2.171437,0.042684562504291534,0.1589999943971634,0.35659998655319214
YGL139W,YPL096C-A,0,-2.1717663,0.042673107236623764,0.1589999943971634,0.35670000314712524
YPL018W,YLL009C,0,-2.171882,0.04266165941953659,0.1589999943971634,0.35679998993873596
YER056C-A,YPL240C,0,-2.1725595,0.042650215327739716,0.1589999943971634,0.35690000653266907
YML063W,YOL123W,0,-2.1726067,0.04263877868652344,0.1589999943971634,0.3569999933242798
YOR016C,YGR283C,0,-2.1729093,0.04262734577059746,0.1589999943971634,0.3571000099182129
YAR019C,YBR101C,0,-2.1730092,0.042615920305252075,0.1589999943971634,0.3571999967098236
YJR073C,YKL062W,0,-2.1733232,0.04260450229048729,0.1589999943971634,0.3573000133037567
YKR031C,YLR061W,0,-2.1733282,0.0425930880010128,0.1589999943971634,0.35740000009536743
YKR097W,YDL189W,0,-2.1733472,0.04258168116211891,0.1589999943971634,0.35749998688697815
YML027W,YNL163C,0,-2.1734586,0.04257028177380562,0.1589999943971634,0.35760000348091125
YDR515W,YHR194W,1,-2.1741292,0.04282655194401741,0.1599999964237213,0.35760000348091125
YOR243C,YDL024C,0,-2.174253,0.04281509295105934,0.1599999964237213,0.357699990272522
YNL267W,YFL026W,0,-2.1749332,0.04280363768339157,0.1599999964237213,0.3578000068664551
YPR019W,YKR057W,0,-2.1757529,0.0427921898663044,0.1599999964237213,0.3578999936580658
YGL078C,YDR030C,0,-2.1758652,0.04278074949979782,0.1599999964237213,0.3580000102519989
YDR472W,YNL328C,0,-2.1769269,0.04276931285858154,0.1599999964237213,0.3580999970436096
YPL258C,YPR016C,0,-2.1771963,0.04275788366794586,0.1599999964237213,0.3582000136375427
YER161C,YIL018W,0,-2.1776814,0.04274645820260048,0.1599999964237213,0.35830000042915344
YNL210W,YGL064C,0,-2.1779199,0.04273504391312599,0.1599999964237213,0.35839998722076416
YMR110C,YJL149W,0,-2.1780574,0.0427236333489418,0.1599999964237213,0.35850000381469727
YMR304W,YKL205W,0,-2.1782143,0.04271222651004791,0.1599999964237213,0.358599990606308
YLR009W,YGR010W,0,-2.1782544,0.04270082712173462,0.1599999964237213,0.3587000072002411
YFR024C-A,YNR060W,0,-2.1786273,0.04268943518400192,0.1599999964237213,0.3587999939918518
YKR072C,YDR545W,0,-2.1788392,0.042678046971559525,0.1599999964237213,0.3589000105857849
YMR039C,YEL069C,0,-2.178981,0.04266666620969772,0.1599999964237213,0.35899999737739563
YMR226C,YPR037C,0,-2.1794765,0.04265529289841652,0.1599999964237213,0.35910001397132874
YBL076C,YCL057W,0,-2.179528,0.04264392331242561,0.1599999964237213,0.35920000076293945
YDR367W,YJR132W,0,-2.180379,0.042632561177015305,0.1599999964237213,0.35929998755455017
YKL166C,YKR094C,0,-2.181455,0.042621202766895294,0.1599999964237213,0.3594000041484833
YGR010W,YGL141W,0,-2.1815515,0.04260985180735588,0.1599999964237213,0.359499990940094
YBR041W,YEL040W,0,-2.181796,0.042598508298397064,0.1599999964237213,0.3596000075340271
YML048W,YNL063W,0,-2.1829631,0.042587172240018845,0.1599999964237213,0.3596999943256378
YMR143W,YPR143W,0,-2.182999,0.04257583990693092,0.1599999964237213,0.3598000109195709
YER087W,YPL210C,0,-2.1844828,0.0425645112991333,0.1599999964237213,0.35989999771118164
YIL033C,YKL138C-A,0,-2.1845143,0.042553190141916275,0.1599999964237213,0.36000001430511475
YLR061W,YPR008W,0,-2.1848392,0.042541876435279846,0.1599999964237213,0.36010000109672546
YPL048W,YMR172W,0,-2.1852667,0.042530570179224014,0.1599999964237213,0.3601999878883362
YBR240C,YDR443C,0,-2.1855748,0.04251926764845848,0.1599999964237213,0.3603000044822693
YLR214W,YKL020C,0,-2.185795,0.042507968842983246,0.1599999964237213,0.36039999127388
YDL229W,YDR524C,0,-2.1861167,0.042496681213378906,0.1599999964237213,0.3605000078678131
YOR391C,YDR318W,0,-2.1868382,0.042485397309064865,0.1599999964237213,0.36059999465942383
YPL172C,YGL120C,0,-2.1871312,0.04247411713004112,0.1599999964237213,0.36070001125335693
YGR161C,YCR030C,0,-2.187822,0.04246284440159798,0.1599999964237213,0.36079999804496765
YMR221C,YFL025C,0,-2.1878884,0.04245157912373543,0.1599999964237213,0.36090001463890076
YHL028W,YLR158C,0,-2.1878893,0.04244031757116318,0.1599999964237213,0.3610000014305115
YOL165C,YLR411W,0,-2.18837,0.042429063469171524,0.1599999964237213,0.3610999882221222
YOR246C,YDR341C,0,-2.1883807,0.04241781681776047,0.1599999964237213,0.3612000048160553
YDL240W,YLR300W,0,-2.1888194,0.04240657389163971,0.1599999964237213,0.361299991607666
YCL036W,YNL039W,0,-2.188884,0.04239533469080925,0.1599999964237213,0.3614000082015991
YER089C,YAR027W,0,-2.1895254,0.042384106665849686,0.1599999964237213,0.36149999499320984
YML034W,YKL164C,0,-2.1895294,0.04237288236618042,0.1599999964237213,0.36160001158714294
YKR061W,YPL194W,0,-2.1908572,0.04236166179180145,0.1599999964237213,0.36169999837875366
YIL124W,YER096W,0,-2.1912,0.04235044866800308,0.1599999964237213,0.3617999851703644
YBL078C,YCR092C,0,-2.1912878,0.04233924299478531,0.1599999964237213,0.3619000017642975
YPL189C-A,YJL044C,0,-2.1922863,0.042328041046857834,0.1599999964237213,0.3619999885559082
YPL110C,YGR155W,0,-2.1925986,0.042316846549510956,0.1599999964237213,0.3621000051498413
YCR011C,YDR045C,0,-2.1927469,0.042305659502744675,0.1599999964237213,0.362199991941452
YDL220C,YNL318C,0,-2.1927776,0.04229447618126869,0.1599999964237213,0.36230000853538513
YHR012W,YPL111W,0,-2.193138,0.04228329658508301,0.1599999964237213,0.36239999532699585
YER051W,YAL012W,0,-2.1934264,0.04227212816476822,0.1599999964237213,0.36250001192092896
YFL001W,YIL034C,0,-2.1935117,0.04226095974445343,0.1599999964237213,0.3625999987125397
YMR005W,YLL012W,0,-2.1938775,0.04224980250000954,0.1599999964237213,0.3626999855041504
YHR024C,YDR213W,0,-2.1940868,0.04223864898085594,0.1599999964237213,0.3628000020980835
YCL036W,YOL095C,0,-2.1946461,0.042227499186992645,0.1599999964237213,0.3628999888896942
YJL143W,YLL057C,0,-2.1946926,0.042216360569000244,0.1599999964237213,0.3630000054836273
YDR144C,YBL080C,0,-2.1947668,0.04220522195100784,0.1599999964237213,0.36309999227523804
YCL035C,YNL307C,0,-2.1952617,0.04219409450888634,0.1599999964237213,0.36320000886917114
YKL056C,YPR067W,0,-2.195463,0.04218296706676483,0.1599999964237213,0.36329999566078186
YKR056W,YOR092W,0,-2.1957946,0.04217185080051422,0.1599999964237213,0.36340001225471497
YMR257C,YMR136W,0,-2.1959941,0.04216073825955391,0.1599999964237213,0.3634999990463257
YHR142W,YGL251C,0,-2.1960638,0.042149629443883896,0.1599999964237213,0.3635999858379364
YDR137W,YHR169W,0,-2.196151,0.04213853180408478,0.1599999964237213,0.3637000024318695
YJL144W,YGR174C,0,-2.1964931,0.04212743416428566,0.1599999964237213,0.3637999892234802
YLR192C,YDR263C,0,-2.1966991,0.04211634770035744,0.1599999964237213,0.36390000581741333
YDL211C,YOR317W,0,-2.1968482,0.04210526496171951,0.1599999964237213,0.36399999260902405
YNL232W,YHL019C,0,-2.1976686,0.04209418594837189,0.1599999964237213,0.36410000920295715
YGL216W,YNL061W,0,-2.1982062,0.04208311438560486,0.1599999964237213,0.36419999599456787
YGL180W,YOR243C,0,-2.1987572,0.04207204654812813,0.1599999964237213,0.364300012588501
YNL050C,YGL178W,0,-2.1988642,0.04206098988652229,0.1599999964237213,0.3643999993801117
YKR061W,YIR025W,0,-2.1991785,0.04204993322491646,0.1599999964237213,0.3644999861717224
YML132W,YOR381W,1,-2.1992564,0.04230162873864174,0.16099999845027924,0.3644999861717224
YJR033C,YPL234C,1,-2.1992826,0.042553190141916275,0.16200000047683716,0.3644999861717224
YGR188C,YGR080W,0,-2.1995656,0.04254201799631119,0.16200000047683716,0.3646000027656555
YOR349W,YKL205W,0,-2.199619,0.0425308495759964,0.16200000047683716,0.36469998955726624
YKL010C,YHR117W,0,-2.199683,0.04251968488097191,0.16200000047683716,0.36480000615119934
YGL158W,YJR127C,0,-2.1997144,0.042508527636528015,0.16200000047683716,0.36489999294281006
YAL062W,YKL078W,0,-2.1998518,0.04249737784266472,0.16200000047683716,0.36500000953674316
YDR074W,YJR063W,0,-2.200446,0.04248623177409172,0.16200000047683716,0.3650999963283539
YBR181C,YMR036C,0,-2.2006085,0.04247509315609932,0.16200000047683716,0.365200012922287
YKR037C,YKL171W,0,-2.2007165,0.04246395826339722,0.16200000047683716,0.3652999997138977
YOL002C,YML006C,1,-2.2007968,0.042714886367321014,0.16300000250339508,0.3652999997138977
YLR086W,YDR411C,0,-2.2012424,0.042703695595264435,0.16300000250339508,0.3653999865055084
YAL038W,YCR075C,0,-2.2012532,0.042692508548498154,0.16300000250339508,0.36550000309944153
YPL203W,YOR369C,0,-2.201327,0.04268132895231247,0.16300000250339508,0.36559998989105225
YDR545W,YKL051W,0,-2.2015936,0.04267015680670738,0.16300000250339508,0.36570000648498535
YBR034C,YAR042W,0,-2.2017686,0.04265898838639259,0.16300000250339508,0.36579999327659607
YIL113W,YAL020C,0,-2.2018678,0.0426478274166584,0.16300000250339508,0.3659000098705292
YOR230W,YBL088C,0,-2.2025445,0.042636673897504807,0.16300000250339508,0.3659999966621399
YDR440W,YPR138C,0,-2.2031403,0.04262552410364151,0.16300000250339508,0.366100013256073
YLR305C,YGR008C,0,-2.2031848,0.04261437803506851,0.16300000250339508,0.3662000000476837
YJL008C,YFR019W,0,-2.2035396,0.04260323941707611,0.16300000250339508,0.36629998683929443
YMR198W,YGR211W,0,-2.2038894,0.04259210824966431,0.16300000250339508,0.36640000343322754
YHR080C,YJL164C,0,-2.204372,0.0425809808075428,0.16300000250339508,0.36649999022483826
YPL161C,YKL181W,0,-2.204668,0.04256986081600189,0.16300000250339508,0.36660000681877136
YPL087W,YGR034W,0,-2.2046916,0.04255874827504158,0.16300000250339508,0.3666999936103821
YLR120C,YPL138C,0,-2.2047424,0.04254763945937157,0.16300000250339508,0.3668000102043152
YCL005W-A,YGR029W,1,-2.2049277,0.04279749467968941,0.164000004529953,0.3668000102043152
YER012W,YPL183C,0,-2.205929,0.04278632998466492,0.164000004529953,0.3668999969959259
YGL170C,YNL219C,0,-2.2059722,0.042775169014930725,0.164000004529953,0.367000013589859
YGR008C,YDR150W,0,-2.206198,0.04276401549577713,0.164000004529953,0.3671000003814697
YJR046W,YDR342C,0,-2.206487,0.04275286942720413,0.164000004529953,0.36719998717308044
YNL339C,YPL239W,0,-2.206698,0.04274172708392143,0.164000004529953,0.36730000376701355
YLR386W,YGR234W,0,-2.2067573,0.04273058846592903,0.164000004529953,0.36739999055862427
YHR012W,YFL023W,0,-2.2067735,0.04271945729851723,0.164000004529953,0.3675000071525574
YLL009C,YER062C,0,-2.2072237,0.04270833358168602,0.164000004529953,0.3675999939441681
YOL092W,YPL137C,0,-2.207761,0.04269721359014511,0.164000004529953,0.3677000105381012
YGL128C,YDR207C,0,-2.2078688,0.0426861010491848,0.164000004529953,0.3677999973297119
YDL022W,YMR112C,0,-2.2082455,0.042674992233514786,0.164000004529953,0.367900013923645
YEL001C,YER179W,0,-2.2084568,0.04266389086842537,0.164000004529953,0.36800000071525574
YPL195W,YOL154W,0,-2.2085025,0.04265279695391655,0.164000004529953,0.36809998750686646
YHL008C,YOR294W,0,-2.2088304,0.04264170676469803,0.164000004529953,0.36820000410079956
YDL069C,YNR043W,0,-2.2089427,0.042630620300769806,0.164000004529953,0.3682999908924103
YMR274C,YBR150C,0,-2.2091482,0.04261954128742218,0.164000004529953,0.3684000074863434
YPL058C,YMR172W,0,-2.2094896,0.04260846972465515,0.164000004529953,0.3684999942779541
YOR168W,YOR036W,0,-2.209693,0.04259740188717842,0.164000004529953,0.3686000108718872
YDR031W,YLR185W,0,-2.209795,0.04258634150028229,0.164000004529953,0.3686999976634979
YOR192C,YIR031C,0,-2.209843,0.04257528483867645,0.164000004529953,0.36880001425743103
YAR031W,YAL023C,0,-2.2101295,0.042564235627651215,0.164000004529953,0.36890000104904175
YPL096C-A,YHR135C,0,-2.210506,0.042553190141916275,0.164000004529953,0.36899998784065247
YLR011W,YJR143C,0,-2.2105372,0.04254215210676193,0.164000004529953,0.36910000443458557
YDL215C,YOR187W,0,-2.2105944,0.04253112152218819,0.164000004529953,0.3691999912261963
YGL016W,YNL213C,0,-2.210868,0.04252009466290474,0.164000004529953,0.3693000078201294
YDR218C,YHR114W,0,-2.2114766,0.04250907152891159,0.164000004529953,0.3693999946117401
YJR057W,YPL274W,0,-2.2124825,0.04249805584549904,0.164000004529953,0.3695000112056732
YGL194C,YNL145W,0,-2.2126048,0.042487047612667084,0.164000004529953,0.36959999799728394
YFR007W,YFR045W,0,-2.21268,0.04247604310512543,0.164000004529953,0.36970001459121704
YDR137W,YDR545W,0,-2.2127752,0.04246504232287407,0.164000004529953,0.36980000138282776
YPL006W,YDR057W,0,-2.2128708,0.04245405271649361,0.164000004529953,0.3698999881744385
YKR020W,YLR442C,0,-2.2132115,0.042443063110113144,0.164000004529953,0.3700000047683716
YIL154C,YBR180W,0,-2.2135236,0.04243208095431328,0.164000004529953,0.3700999915599823
YNL246W,YLR098C,0,-2.2137363,0.04242110624909401,0.164000004529953,0.3702000081539154
YNL251C,YFL010W-A,0,-2.214351,0.04241013526916504,0.164000004529953,0.3702999949455261
YBR243C,YLR214W,0,-2.214393,0.042399171739816666,0.164000004529953,0.37040001153945923
YGL194C,YPR169W,0,-2.2145777,0.04238821566104889,0.164000004529953,0.37049999833106995
YFL004W,YOR369C,0,-2.2148125,0.04237725958228111,0.164000004529953,0.37059998512268066
YER012W,YHL044W,0,-2.2151778,0.04236631467938423,0.164000004529953,0.37070000171661377
YJL096W,YLR467W,0,-2.215659,0.04235537350177765,0.164000004529953,0.3707999885082245
YOR119C,YJR153W,0,-2.215678,0.042344436049461365,0.164000004529953,0.3709000051021576
YGR154C,YLR098C,0,-2.2163055,0.04233350604772568,0.164000004529953,0.3709999918937683
YBR162C,YOR145C,0,-2.21664,0.04232257977128029,0.164000004529953,0.3711000084877014
YEL054C,YMR319C,0,-2.2169755,0.0423116609454155,0.164000004529953,0.37119999527931213
YJR035W,YGR288W,0,-2.2170432,0.0423007495701313,0.164000004529953,0.37130001187324524
YOL156W,YIL078W,0,-2.2170584,0.042289841920137405,0.164000004529953,0.37139999866485596
YBR146W,YER106W,0,-2.2171576,0.04227893799543381,0.164000004529953,0.3714999854564667
YOL101C,YDR456W,1,-2.2181156,0.042525772005319595,0.16500000655651093,0.3714999854564667
YHR029C,YDR173C,0,-2.2181845,0.04251481592655182,0.16500000655651093,0.3716000020503998
YOR044W,YHL050C,0,-2.2182267,0.04250386357307434,0.16500000655651093,0.3716999888420105
YOR222W,YHR085W,0,-2.218578,0.04249291867017746,0.16500000655651093,0.3718000054359436
YJR045C,YLL018C-A,0,-2.2186837,0.04248197749257088,0.16500000655651093,0.3718999922275543
YPL209C,YJL125C,0,-2.2187874,0.04247104376554489,0.16500000655651093,0.3720000088214874
YEL005C,YOL030W,0,-2.2193134,0.042460113763809204,0.16500000655651093,0.37209999561309814
YBR169C,YGL251C,0,-2.2193384,0.042449191212654114,0.16500000655651093,0.37220001220703125
YAL017W,YOR239W,0,-2.2196076,0.04243827238678932,0.16500000655651093,0.37229999899864197
YDL166C,YBR078W,0,-2.2197888,0.04242736101150513,0.16500000655651093,0.3723999857902527
YMR037C,YJL046W,0,-2.2198493,0.04241645336151123,0.16500000655651093,0.3725000023841858
YOR250C,YDR263C,0,-2.220155,0.04240554943680763,0.16500000655651093,0.3725999891757965
YPR034W,YPL130W,0,-2.2205222,0.04239465668797493,0.16500000655651093,0.3727000057697296
YPL031C,YKL100C,0,-2.2205412,0.04238376393914223,0.16500000655651093,0.37279999256134033
YDL133C-A,YBR058C-A,0,-2.2207506,0.04237288236618042,0.16500000655651093,0.37290000915527344
YOR290C,YOL077C,0,-2.220871,0.04236200079321861,0.16500000655651093,0.37299999594688416
YKL069W,YEL022W,0,-2.2215998,0.0423511303961277,0.16500000655651093,0.37310001254081726
YDR320C-A,YLR157C,0,-2.2216759,0.04234025999903679,0.16500000655651093,0.373199999332428
YOR396W,YDL078C,0,-2.2217581,0.04232940077781677,0.16500000655651093,0.3732999861240387
YLR265C,YDL209C,0,-2.2221053,0.042318541556596756,0.16500000655651093,0.3734000027179718
YHR157W,YML054C,0,-2.2237308,0.042307693511247635,0.16500000655651093,0.3734999895095825
YNL202W,YER013W,0,-2.2239034,0.042296845465898514,0.16500000655651093,0.3736000061035156
YNR053C,YMR100W,0,-2.2241573,0.04228600859642029,0.16500000655651093,0.37369999289512634
YDR025W,YLR239C,0,-2.2241776,0.04227517172694206,0.16500000655651093,0.37380000948905945
YLR189C,YPL036W,0,-2.2242806,0.04226434603333473,0.16500000655651093,0.37389999628067017
YCR010C,YDL171C,0,-2.224632,0.0422535203397274,0.16500000655651093,0.37400001287460327
YPR002W,YML101C,0,-2.2250195,0.04224270209670067,0.16500000655651093,0.374099999666214
YJL167W,YPR007C,0,-2.225515,0.04223189130425453,0.16500000655651093,0.3741999864578247
YOL158C,YML016C,1,-2.2256544,0.042476970702409744,0.16599999368190765,0.3741999864578247
YDR300C,YDR009W,0,-2.2258928,0.04246610403060913,0.16599999368190765,0.3743000030517578
YDR080W,YPL220W,0,-2.2259758,0.042455244809389114,0.16599999368190765,0.37439998984336853
YMR314W,YGR145W,0,-2.2262661,0.042444389313459396,0.16599999368190765,0.37450000643730164
YOR182C,YKL154W,0,-2.2263057,0.04243353754281998,0.16599999368190765,0.37459999322891235
YNL302C,YML043C,0,-2.2266219,0.042422693222761154,0.16599999368190765,0.37470000982284546
YDR130C,YJL125C,0,-2.226754,0.04241185635328293,0.16599999368190765,0.3747999966144562
YER056C-A,YGR047C,0,-2.2269979,0.042401023209095,0.16599999368190765,0.3749000132083893
YDL198C,YJR059W,1,-2.2272267,0.04264555498957634,0.16699999570846558,0.3749000132083893
YOL154W,YBR060C,0,-2.227637,0.042634669691324234,0.16699999570846558,0.375
YEL065W,YJR059W,1,-2.2278438,0.04287901893258095,0.1679999977350235,0.375
YHR039C-A,YDR492W,1,-2.2281463,0.04312324523925781,0.16899999976158142,0.375
YPL059W,YDR033W,0,-2.2286093,0.043112244457006454,0.16899999976158142,0.3750999867916107
YIL107C,YOL062C,0,-2.2289722,0.04310125112533569,0.16899999976158142,0.3752000033855438
YGL231C,YLR043C,0,-2.2289946,0.04309026151895523,0.16899999976158142,0.37529999017715454
YIL120W,YOR004W,0,-2.2292726,0.043079275637865067,0.16899999976158142,0.37540000677108765
YJL033W,YIL124W,0,-2.2300484,0.0430682972073555,0.16899999976158142,0.37549999356269836
YPL183W-A,YMR217W,0,-2.2301931,0.04305732622742653,0.16899999976158142,0.37560001015663147
YJR147W,YDL043C,0,-2.231815,0.04304635897278786,0.16899999976158142,0.3756999969482422
YJL153C,YDR130C,0,-2.2320096,0.043035395443439484,0.16899999976158142,0.3758000135421753
YBR251W,YMR165C,0,-2.2320516,0.04302443936467171,0.16899999976158142,0.375900000333786
YOR267C,YJL056C,1,-2.2321608,0.043268006294965744,0.17000000178813934,0.375900000333786
YGL170C,YOR373W,0,-2.232805,0.04325699806213379,0.17000000178813934,0.37599998712539673
YHR197W,YDR179C,0,-2.2332103,0.04324599355459213,0.17000000178813934,0.37610000371932983
YBR182C,YJL057C,0,-2.2336295,0.04323499649763107,0.17000000178813934,0.37619999051094055
YDR078C,YGR103W,0,-2.234742,0.04322400316596031,0.17000000178813934,0.37630000710487366
YCR093W,YGR214W,0,-2.2348502,0.04321301355957985,0.17000000178813934,0.3763999938964844
YLL053C,YDR424C,0,-2.235296,0.043202031403779984,0.17000000178813934,0.3765000104904175
YGR159C,YER017C,0,-2.2353776,0.043191056698560715,0.17000000178813934,0.3765999972820282
YOR396W,YOR136W,0,-2.2354343,0.043180085718631744,0.17000000178813934,0.3767000138759613
YOL059W,YJR057W,0,-2.2360067,0.04316912218928337,0.17000000178813934,0.376800000667572
YLR435W,YOR162C,0,-2.2360194,0.043158162385225296,0.17000000178813934,0.37689998745918274
YDR436W,YLR447C,1,-2.2370474,0.04340101405978203,0.17100000381469727,0.37689998745918274
YHR005C,YIL056W,0,-2.2371547,0.043390002101659775,0.17100000381469727,0.37700000405311584
YGR241C,YIR017C,0,-2.237307,0.04337899386882782,0.17100000381469727,0.37709999084472656
YJR059W,YOR129C,1,-2.2374313,0.04362160712480545,0.1720000058412552,0.37709999084472656
YPL061W,YNL308C,0,-2.23758,0.04361054673790932,0.1720000058412552,0.37720000743865967
YOR226C,YOR129C,1,-2.2377274,0.04385297745466232,0.17299999296665192,0.37720000743865967
YER020W,YGL060W,0,-2.238807,0.04384186491370201,0.17299999296665192,0.3772999942302704
YJL059W,YPR036W,1,-2.2388918,0.04408411309123039,0.17399999499320984,0.3772999942302704
YFR032C-A,YMR159C,0,-2.2392242,0.0440729483962059,0.17399999499320984,0.3774000108242035
YHR193C,YPL175W,0,-2.239468,0.04406178742647171,0.17399999499320984,0.3774999976158142
YER091C,YOR002W,0,-2.2400675,0.044050633907318115,0.17399999499320984,0.3776000142097473
YOL112W,YDR447C,0,-2.240475,0.04403948411345482,0.17399999499320984,0.37770000100135803
YJL214W,YIL022W,0,-2.2414606,0.04402834177017212,0.17399999499320984,0.37779998779296875
YIL148W,YLR193C,0,-2.2415526,0.04401720315217972,0.17399999499320984,0.37790000438690186
YLR401C,YKR058W,0,-2.2416978,0.044006068259477615,0.17399999499320984,0.3779999911785126
YLR364W,YLL055W,0,-2.242331,0.04399494454264641,0.17399999499320984,0.3781000077724457
YLR209C,YMR316W,0,-2.2423487,0.0439838208258152,0.17399999499320984,0.3781999945640564
YJL069C,YDL024C,0,-2.2428718,0.04397270828485489,0.17399999499320984,0.3783000111579895
YOR250C,YOL030W,0,-2.2436192,0.04396159574389458,0.17399999499320984,0.3783999979496002
YOR018W,YGR245C,0,-2.2448306,0.04395049437880516,0.17399999499320984,0.3785000145435333
YMR048W,YCR035C,0,-2.2454631,0.043939393013715744,0.17399999499320984,0.37860000133514404
YDL035C,YPL160W,0,-2.246476,0.043928299099206924,0.17399999499320984,0.37869998812675476
YNL023C,YBR233W-A,0,-2.2465239,0.0439172126352787,0.17399999499320984,0.37880000472068787
YMR172W,YDL109C,0,-2.2466056,0.04390612989664078,0.17399999499320984,0.3788999915122986
YML132W,YGL155W,1,-2.2466562,0.04414732754230499,0.17499999701976776,0.3788999915122986
YHR154W,YBL013W,0,-2.2467139,0.04413619264960289,0.17499999701976776,0.3790000081062317
YJR138W,YOL126C,0,-2.2469432,0.044125061482191086,0.17499999701976776,0.3790999948978424
YMR002W,YGL016W,0,-2.2470412,0.04411394149065018,0.17499999701976776,0.3792000114917755
YDL189W,YNL301C,0,-2.24708,0.04410282149910927,0.17499999701976776,0.37929999828338623
YOL005C,YHR089C,0,-2.2472162,0.044091708958148956,0.17499999701976776,0.37940001487731934
YBR050C,YOL111C,0,-2.2472422,0.04408060386776924,0.17499999701976776,0.37950000166893005
YKL116C,YDR406W,0,-2.2478092,0.044069502502679825,0.17499999701976776,0.37959998846054077
YBR158W,YPR019W,0,-2.247988,0.044058408588171005,0.17499999701976776,0.3797000050544739
YDR270W,YGR020C,1,-2.2483945,0.04429901763796806,0.17599999904632568,0.3797000050544739
YER110C,YJL158C,0,-2.2489176,0.044287871569395065,0.17599999904632568,0.3797999918460846
YDR523C,YNL322C,0,-2.249152,0.044276729226112366,0.17599999904632568,0.3799000084400177
YLL019C,YLL057C,0,-2.249262,0.04426559433341026,0.17599999904632568,0.3799999952316284
YGL120C,YOL147C,0,-2.2500231,0.04425446316599846,0.17599999904632568,0.3801000118255615
YGL116W,YFL045C,0,-2.2500725,0.04424333944916725,0.17599999904632568,0.38019999861717224
YPL235W,YPL116W,0,-2.2510157,0.04423221945762634,0.17599999904632568,0.38029998540878296
YMR276W,YLR312W-A,0,-2.2510755,0.04422110691666603,0.17599999904632568,0.38040000200271606
YOR337W,YBR142W,0,-2.2511377,0.04420999810099602,0.17599999904632568,0.3804999887943268
YHR135C,YNL012W,0,-2.251521,0.0441988967359066,0.17599999904632568,0.3806000053882599
YAL068C,YDR045C,0,-2.2516677,0.04418779909610748,0.17599999904632568,0.3806999921798706
YMR136W,YOL062C,0,-2.251773,0.04417670518159866,0.17599999904632568,0.3808000087738037
YEL065W,YDR065W,1,-2.2518423,0.04441656172275543,0.1770000010728836,0.3808000087738037
YPL196W,YGR134W,0,-2.2520654,0.04440541937947273,0.1770000010728836,0.38089999556541443
YDL113C,YFL014W,0,-2.2521245,0.04439428076148033,0.1770000010728836,0.38100001215934753
YOL158C,YDR376W,1,-2.2524574,0.0446339026093483,0.17800000309944153,0.38100001215934753
YPR106W,YGL157W,0,-2.2526538,0.04462271183729172,0.17800000309944153,0.38109999895095825
YLR092W,YBR010W,0,-2.253026,0.044611528515815735,0.17800000309944153,0.38119998574256897
YDR080W,YOR167C,0,-2.2536633,0.04460035264492035,0.17800000309944153,0.3813000023365021
YDR496C,YJR009C,0,-2.2538443,0.04458917677402496,0.17800000309944153,0.3813999891281128
YLR426W,YPR019W,0,-2.253876,0.04457801207900047,0.17800000309944153,0.3815000057220459
YGR101W,YDL208W,0,-2.2545197,0.04456685110926628,0.17800000309944153,0.3815999925136566
YMR198W,YJL189W,0,-2.2545545,0.04455569386482239,0.17800000309944153,0.3817000091075897
YGR177C,YDR312W,0,-2.2546093,0.04454454407095909,0.17800000309944153,0.38179999589920044
YPR161C,YGR194C,0,-2.2550232,0.04453340172767639,0.17800000309944153,0.38190001249313354
YPL026C,YLR360W,0,-2.2553804,0.04452225938439369,0.17800000309944153,0.38199999928474426
YPR175W,YKR034W,0,-2.2557511,0.04451112821698189,0.17800000309944153,0.382099986076355
YOR306C,YGR274C,0,-2.2558606,0.04450000077486038,0.17800000309944153,0.3822000026702881
YMR230W,YER149C,0,-2.2559497,0.044488877058029175,0.17800000309944153,0.3822999894618988
YDR139C,YLR377C,0,-2.2561023,0.044477760791778564,0.17800000309944153,0.3824000060558319
YDR451C,YDL146W,0,-2.257015,0.04446664825081825,0.17800000309944153,0.3824999928474426
YOL061W,YDL070W,0,-2.257024,0.04445554316043854,0.17800000309944153,0.38260000944137573
YPL234C,YKL134C,1,-2.2574472,0.04469413310289383,0.17900000512599945,0.38260000944137573
YPL209C,YKL205W,0,-2.257603,0.044682975858449936,0.17900000512599945,0.38269999623298645
YIL124W,YOR096W,0,-2.2578628,0.04467182606458664,0.17900000512599945,0.38280001282691956
YPL099C,YDR500C,0,-2.2584777,0.04466067999601364,0.17900000512599945,0.3828999996185303
YOR004W,YNL230C,0,-2.2587636,0.04464953765273094,0.17900000512599945,0.382999986410141
YOR226C,YLR433C,1,-2.2588227,0.04488778114318848,0.18000000715255737,0.382999986410141
YJL035C,YDL195W,0,-2.2595627,0.0448765903711319,0.18000000715255737,0.3831000030040741
YNR008W,YKL099C,0,-2.2603805,0.044865403324365616,0.18000000715255737,0.3831999897956848
YNL240C,YBR050C,0,-2.2604125,0.04485422372817993,0.18000000715255737,0.3833000063896179
YNL151C,YBR069C,0,-2.2606378,0.044843047857284546,0.18000000715255737,0.38339999318122864
YEL056W,YLR175W,0,-2.2613435,0.04483187943696976,0.18000000715255737,0.38350000977516174
YIL038C,YPR006C,0,-2.2620032,0.044820718467235565,0.18000000715255737,0.38359999656677246
YOL101C,YCL017C,1,-2.2622638,0.04505850002169609,0.1809999942779541,0.38359999656677246
YOR009W,YDR242W,0,-2.2622783,0.04504728689789772,0.1809999942779541,0.38370001316070557
YGL226W,YBR067C,0,-2.2624784,0.04503607749938965,0.1809999942779541,0.3837999999523163
YDL056W,YLR367W,0,-2.2631598,0.04502487555146217,0.1809999942779541,0.383899986743927
YLR287C-A,YLR163C,0,-2.2636907,0.045013677328825,0.1809999942779541,0.3840000033378601
YDR449C,YDL230W,0,-2.2639759,0.04500248655676842,0.1809999942779541,0.3840999901294708
YDL149W,YOR016C,0,-2.2639942,0.044991299510002136,0.1809999942779541,0.38420000672340393
YJR073C,YLR304C,0,-2.264582,0.04498011991381645,0.1809999942779541,0.38429999351501465
YJL176C,YJL172W,0,-2.264748,0.044968944042921066,0.1809999942779541,0.38440001010894775
YFR032C-A,YOR319W,0,-2.2647727,0.04495777562260628,0.1809999942779541,0.38449999690055847
YFR036W,YGR061C,0,-2.2650049,0.04494661092758179,0.1809999942779541,0.3846000134944916
YNL127W,YMR008C,0,-2.265063,0.044935453683137894,0.1809999942779541,0.3847000002861023
YER046W,YJL174W,0,-2.265218,0.0449243001639843,0.1809999942779541,0.384799987077713
YDR080W,YDR353W,0,-2.265282,0.044913150370121,0.1809999942779541,0.3849000036716461
YNL076W,YOR009W,0,-2.265854,0.0449020080268383,0.1809999942779541,0.38499999046325684
YIL035C,YEL065W,1,-2.265924,0.0451388880610466,0.18199999630451202,0.38499999046325684
YBR089C-A,YDR285W,0,-2.2659905,0.04512769728899002,0.18199999630451202,0.38510000705718994
YDL124W,YDL018C,0,-2.2660046,0.04511651024222374,0.18199999630451202,0.38519999384880066
YBR125C,YDL060W,0,-2.2660558,0.04510532692074776,0.18199999630451202,0.38530001044273376
YER093C,YGR214W,0,-2.2663925,0.04509415104985237,0.18199999630451202,0.3853999972343445
YNL259C,YDR515W,1,-2.2664692,0.04533069208264351,0.18299999833106995,0.3853999972343445
YIL136W,YGL141W,0,-2.2669957,0.045319464057683945,0.18299999833106995,0.3855000138282776
YBR061C,YMR246W,0,-2.267037,0.04530824348330498,0.18299999833106995,0.3856000006198883
YOL084W,YIL090W,0,-2.2670486,0.04529703035950661,0.18299999833106995,0.385699987411499
YGL220W,YLL055W,0,-2.2671356,0.045285820960998535,0.18299999833106995,0.38580000400543213
YNR044W,YKR089C,0,-2.2672122,0.04527461528778076,0.18299999833106995,0.38589999079704285
YGR225W,YNL145W,0,-2.2675488,0.045263417065143585,0.18299999833106995,0.38600000739097595
YER088C,YKL099C,0,-2.2677479,0.045252226293087006,0.18299999833106995,0.38609999418258667
YKR071C,YGL104C,0,-2.2683842,0.045241039246320724,0.18299999833106995,0.3862000107765198
YLR214W,YKL197C,0,-2.2688699,0.04522985592484474,0.18299999833106995,0.3862999975681305
YJL059W,YLR447C,1,-2.2689433,0.045465778559446335,0.18400000035762787,0.3862999975681305
YHR005C,YMR117C,0,-2.2691803,0.04545454680919647,0.18400000035762787,0.3864000141620636
YDR145W,YJR160C,0,-2.2691839,0.04544331878423691,0.18400000035762787,0.3865000009536743
YHR005C-A,YPL095C,0,-2.269756,0.04543209820985794,0.18400000035762787,0.38659998774528503
YPL051W,YLR109W,0,-2.2699642,0.04542088508605957,0.18400000035762787,0.38670000433921814
YOR242C,YDR178W,0,-2.2706225,0.0454096756875515,0.18400000035762787,0.38679999113082886
YJL168C,YDR490C,0,-2.2709057,0.045398470014333725,0.18400000035762787,0.38690000772476196
YDR078C,YNR032C-A,0,-2.2709653,0.04538727179169655,0.18400000035762787,0.3869999945163727
YDR365C,YDL033C,0,-2.271027,0.04537607729434967,0.18400000035762787,0.3871000111103058
YPR113W,YCR014C,0,-2.271485,0.04536489024758339,0.18400000035762787,0.3871999979019165
YKL040C,YJL056C,1,-2.2718725,0.045600198209285736,0.1850000023841858,0.3871999979019165
YOR151C,YJR094W-A,0,-2.2724392,0.045588959008455276,0.1850000023841858,0.3873000144958496
YPL151C,YNL248C,0,-2.2727072,0.045577727258205414,0.1850000023841858,0.3874000012874603
YPR106W,YER126C,0,-2.272884,0.04556650295853615,0.1850000023841858,0.38749998807907104
YAR015W,YGL171W,0,-2.2736037,0.04555528238415718,0.1850000023841858,0.38760000467300415
YGL209W,YJR036C,0,-2.274314,0.04554406553506851,0.1850000023841858,0.38769999146461487
YOR301W,YPR137W,0,-2.2746809,0.04553285613656044,0.1850000023841858,0.387800008058548
YKL059C,YPL019C,0,-2.2757137,0.045521654188632965,0.1850000023841858,0.3878999948501587
YBR095C,YPR192W,0,-2.275787,0.04551045596599579,0.1850000023841858,0.3880000114440918
YMR215W,YJR005W,0,-2.2763772,0.04549926146864891,0.1850000023841858,0.3880999982357025
YJR004C,YBR096W,0,-2.2764282,0.04548807442188263,0.1850000023841858,0.3882000148296356
YLR092W,YJL083W,0,-2.2770896,0.04547689110040665,0.1850000023841858,0.38830000162124634
YDR021W,YNL026W,0,-2.277117,0.04546571522951126,0.1850000023841858,0.38839998841285706
YMR217W,YER139C,0,-2.2772503,0.04545454680919647,0.1850000023841858,0.38850000500679016
YER145C,YOR384W,0,-2.2775586,0.04544337838888168,0.1850000023841858,0.3885999917984009
YDL197C,YOL154W,0,-2.277828,0.04543222114443779,0.1850000023841858,0.388700008392334
YPR001W,YAR042W,0,-2.2785733,0.045421063899993896,0.1850000023841858,0.3887999951839447
YGL115W,YDL123W,0,-2.2790353,0.0454099178314209,0.1850000023841858,0.3889000117778778
YGR177C,YJL173C,0,-2.2790668,0.0453987717628479,0.1850000023841858,0.3889999985694885
YOR301W,YAL059W,0,-2.2794669,0.0453876331448555,0.1850000023841858,0.38909998536109924
YKR009C,YMR145C,0,-2.2797081,0.045376501977443695,0.1850000023841858,0.38920000195503235
YHR028C,YDR060W,0,-2.2797153,0.04536537453532219,0.1850000023841858,0.38929998874664307
YGR271W,YER074W,0,-2.2800515,0.04535425454378128,0.1850000023841858,0.38940000534057617
YMR101C,YJR031C,0,-2.2803156,0.04534313827753067,0.1850000023841858,0.3894999921321869
YGL027C,YJL194W,0,-2.280321,0.04533202573657036,0.1850000023841858,0.38960000872612
YIL019W,YML088W,0,-2.2804468,0.04532092064619064,0.1850000023841858,0.3896999955177307
YDL229W,YDL115C,0,-2.2805033,0.045309823006391525,0.1850000023841858,0.3898000121116638
YER008C,YPL198W,0,-2.2807786,0.04529872536659241,0.1850000023841858,0.38989999890327454
YDR429C,YKL089W,0,-2.2808492,0.045287638902664185,0.1850000023841858,0.38999998569488525
YEL065W,YKL134C,1,-2.2811718,0.045521292835474014,0.1860000044107437,0.38999998569488525
YPR144C,YER048W-A,0,-2.2814615,0.04551015421748161,0.1860000044107437,0.39010000228881836
YPR001W,YNL142W,0,-2.2818375,0.04549902305006981,0.1860000044107437,0.3901999890804291
YNL096C,YKL155C,0,-2.2819026,0.0454878956079483,0.1860000044107437,0.3903000056743622
YHR021C,YDR530C,0,-2.2830102,0.045476771891117096,0.1860000044107437,0.3903999924659729
YDR393W,YDL133C-A,0,-2.2833004,0.045465655624866486,0.1860000044107437,0.390500009059906
YPL149W,YML100W,0,-2.2836974,0.04545454680919647,0.1860000044107437,0.3905999958515167
YPL234C,YHL047C,1,-2.2839634,0.04568776115775108,0.18700000643730164,0.3905999958515167
YOR267C,YEL027W,1,-2.2842338,0.04592086002230644,0.18799999356269836,0.3905999958515167
YKL194C,YGR142W,0,-2.2843637,0.04590964689850807,0.18799999356269836,0.39070001244544983
YIL143C,YBR121C,0,-2.284776,0.0458984375,0.18799999356269836,0.39079999923706055
YGR124W,YDR103W,0,-2.2850983,0.045887235552072525,0.18799999356269836,0.39089998602867126
YMR091C,YGR279C,0,-2.2852643,0.04587603732943535,0.18799999356269836,0.39100000262260437
YGL073W,YGR260W,0,-2.285445,0.04586484655737877,0.18799999356269836,0.3910999894142151
YDL120W,YDR065W,1,-2.2860618,0.046097561717033386,0.1889999955892563,0.3910999894142151
YPR188C,YNL230C,0,-2.2861428,0.04608631879091263,0.1889999955892563,0.3912000060081482
YNL210W,YOR020C,0,-2.2870471,0.046075087040662766,0.1889999955892563,0.3912999927997589
YPL252C,YLR265C,0,-2.287223,0.0460638552904129,0.1889999955892563,0.391400009393692
YGR055W,YLR052W,0,-2.2873785,0.04605263099074364,0.1889999955892563,0.39149999618530273
YNL317W,YGL096W,0,-2.2877085,0.04604141414165497,0.1889999955892563,0.39160001277923584
YOR383C,YLR188W,0,-2.2884657,0.0460302010178566,0.1889999955892563,0.39169999957084656
YLR409C,YIL173W,0,-2.2891903,0.046018991619348526,0.1889999955892563,0.3917999863624573
YCR004C,YNL208W,0,-2.2895057,0.04600778967142105,0.1889999955892563,0.3919000029563904
YDR328C,YDR492W,1,-2.2898312,0.04623996093869209,0.1899999976158142,0.3919000029563904
YDR111C,YER028C,0,-2.2907796,0.04622871056199074,0.1899999976158142,0.3919999897480011
YPL196W,YLR315W,0,-2.291324,0.04621746391057968,0.1899999976158142,0.3921000063419342
YKL197C,YBR145W,0,-2.2913277,0.04620622470974922,0.1899999976158142,0.3921999931335449
YGR078C,YHR006W,0,-2.2919762,0.04619499295949936,0.1899999976158142,0.392300009727478
YKL129C,YOR084W,0,-2.2924142,0.046183761209249496,0.1899999976158142,0.39239999651908875
YHR014W,YML124C,0,-2.29258,0.04617254063487053,0.1899999976158142,0.39250001311302185
YOL158C,YMR177W,1,-2.2933009,0.04640427604317665,0.19099999964237213,0.39250001311302185
YMR101C,YML081C-A,0,-2.2937858,0.046393003314733505,0.19099999964237213,0.39259999990463257
YOL026C,YIL078W,0,-2.2938378,0.046381738036870956,0.19099999964237213,0.3926999866962433
YKL052C,YOL082W,0,-2.2939956,0.046370476484298706,0.19099999964237213,0.3928000032901764
YER056C-A,YLR127C,0,-2.294059,0.04635922238230705,0.19099999964237213,0.3928999900817871
YHR099W,YBR145W,0,-2.294634,0.0463479720056057,0.19099999964237213,0.3930000066757202
YDR239C,YNR044W,0,-2.2951002,0.04633672907948494,0.19099999964237213,0.39309999346733093
YDR492W,YOR079C,1,-2.2951562,0.04656803235411644,0.19200000166893005,0.39309999346733093
YPR198W,YGL104C,0,-2.295878,0.0465567409992218,0.19200000166893005,0.39320001006126404
YGL096W,YPL140C,0,-2.2961228,0.04654545336961746,0.19200000166893005,0.39329999685287476
YPL144W,YPR030W,0,-2.2964153,0.04653417319059372,0.19200000166893005,0.39340001344680786
YDR398W,YDR371W,0,-2.297049,0.046522896736860275,0.19200000166893005,0.3935000002384186
YJR010W,YMR241W,0,-2.297269,0.04651162773370743,0.19200000166893005,0.3935999870300293
YOR247W,YGR211W,0,-2.2973382,0.04650036245584488,0.19200000166893005,0.3937000036239624
YPR156C,YHR082C,0,-2.297448,0.04648910462856293,0.19200000166893005,0.3937999904155731
YER103W,YMR022W,0,-2.2974954,0.046477850526571274,0.19200000166893005,0.3939000070095062
YHR005C-A,YOR266W,0,-2.2976243,0.04646660387516022,0.19200000166893005,0.39399999380111694
YNL111C,YJR160C,0,-2.2982752,0.04645536094903946,0.19200000166893005,0.39410001039505005
YBL092W,YBR091C,0,-2.2983851,0.046444121748209,0.19200000166893005,0.39419999718666077
YKL174C,YDR126W,0,-2.299567,0.04643288999795914,0.19200000166893005,0.39430001378059387
YGL120C,YPR111W,0,-2.3000286,0.04642166197299957,0.19200000166893005,0.3944000005722046
YGR285C,YPL157W,0,-2.3006177,0.046410441398620605,0.19200000166893005,0.3944999873638153
YGR234W,YGR006W,0,-2.3009155,0.046399228274822235,0.19200000166893005,0.3946000039577484
YLR197W,YGR193C,0,-2.3013673,0.046388015151023865,0.19200000166893005,0.39469999074935913
YCR053W,YER053C,0,-2.3019774,0.04637681320309639,0.19200000166893005,0.39480000734329224
YGL027C,YLR016C,0,-2.3022857,0.046365611255168915,0.19200000166893005,0.39489999413490295
YML052W,YDL098C,0,-2.3024826,0.04635441675782204,0.19200000166893005,0.39500001072883606
YKL178C,YNL223W,0,-2.3024848,0.046343229711055756,0.19200000166893005,0.3950999975204468
YIR026C,YBR040W,0,-2.3029127,0.04633204638957977,0.19200000166893005,0.3952000141143799
YGR106C,YHR118C,0,-2.30341,0.04632086679339409,0.19200000166893005,0.3953000009059906
YDR501W,YOR065W,0,-2.3034413,0.046309694647789,0.19200000166893005,0.3953999876976013
YPL127C,YDR453C,0,-2.3038757,0.04629852995276451,0.19200000166893005,0.3955000042915344
YLR185W,YOL076W,0,-2.3039548,0.04628736898303032,0.19200000166893005,0.39559999108314514
YNL297C,YPL171C,0,-2.304102,0.046276211738586426,0.19200000166893005,0.39570000767707825
YDR500C,YGR281W,0,-2.304441,0.04626506194472313,0.19200000166893005,0.39579999446868896
YDR343C,YGR083C,0,-2.305049,0.04625391587615013,0.19200000166893005,0.39590001106262207
YLL026W,YKR103W,0,-2.3052127,0.04624277353286743,0.19200000166893005,0.3959999978542328
YDR516C,YOL011W,0,-2.3063867,0.04623163864016533,0.19200000166893005,0.3961000144481659
YOR142W,YLL057C,0,-2.3066404,0.04622051119804382,0.19200000166893005,0.3962000012397766
YMR175W,YLR078C,0,-2.3072603,0.046209387481212616,0.19200000166893005,0.39629998803138733
YBR212W,YDR523C,0,-2.307264,0.04619826748967171,0.19200000166893005,0.39640000462532043
YJL134W,YLR158C,0,-2.3074934,0.046187154948711395,0.19200000166893005,0.39649999141693115
YOR074C,YLR264W,0,-2.307861,0.04617604613304138,0.19200000166893005,0.39660000801086426
YNL189W,YEL041W,0,-2.3081758,0.046164944767951965,0.19200000166893005,0.396699994802475
YNL026W,YJL025W,0,-2.3084714,0.04615384712815285,0.19200000166893005,0.3968000113964081
YDR384C,YDR368W,0,-2.3088326,0.04614275321364403,0.19200000166893005,0.3968999981880188
YKL001C,YLR058C,0,-2.309087,0.046131666749715805,0.19200000166893005,0.3970000147819519
YJL094C,YFR006W,0,-2.3091738,0.04612058773636818,0.19200000166893005,0.3971000015735626
YNL162W,YBR268W,0,-2.3093228,0.046109508723020554,0.19200000166893005,0.39719998836517334
YCL005W-A,YDR098C,1,-2.3093245,0.046338535845279694,0.19300000369548798,0.39719998836517334
YGR200C,YLR467W,0,-2.3095772,0.046327412128448486,0.19300000369548798,0.39730000495910645
YNL158W,YOL152W,0,-2.309858,0.046316295862197876,0.19300000369548798,0.39739999175071716
YDR087C,YLL043W,0,-2.3100252,0.046305183321237564,0.19300000369548798,0.39750000834465027
YDR497C,YHR089C,0,-2.310097,0.04629407450556755,0.19300000369548798,0.397599995136261
YNL076W,YHR122W,0,-2.3101943,0.046282973140478134,0.19300000369548798,0.3977000117301941
YDR310C,YFL010W-A,0,-2.310206,0.046271875500679016,0.19300000369548798,0.3977999985218048
YFR010W,YKL172W,0,-2.310302,0.046260785311460495,0.19300000369548798,0.3978999853134155
YJR033C,YOL158C,1,-2.3105972,0.04648933559656143,0.1940000057220459,0.3978999853134155
YAL039C,YLR324W,0,-2.3109725,0.04647819697856903,0.1940000057220459,0.39800000190734863
YPR007C,YIL019W,0,-2.3111765,0.04646706581115723,0.1940000057220459,0.39809998869895935
YDR479C,YGR113W,0,-2.311231,0.04645593836903572,0.1940000057220459,0.39820000529289246
YDR379W,YGR285C,0,-2.3112938,0.04644481837749481,0.1940000057220459,0.3982999920845032
YJR150C,YDR434W,0,-2.3114293,0.0464337021112442,0.1940000057220459,0.3984000086784363
YDR197W,YJL141C,0,-2.3116274,0.04642258957028389,0.1940000057220459,0.398499995470047
YJR021C,YJL008C,0,-2.3116286,0.046411484479904175,0.1940000057220459,0.3986000120639801
YGR223C,YER106W,0,-2.311779,0.04640038311481476,0.1940000057220459,0.3986999988555908
YBR183W,YMR026C,0,-2.312219,0.04638928920030594,0.1940000057220459,0.39879998564720154
YCR063W,YAL008W,0,-2.3127031,0.04637819901108742,0.1940000057220459,0.39890000224113464
YDR402C,YKL132C,0,-2.312764,0.046367112547159195,0.1940000057220459,0.39899998903274536
YFR025C,YBR214W,0,-2.313523,0.04635603353381157,0.1940000057220459,0.39910000562667847
YBR084W,YHR207C,0,-2.3135805,0.04634495824575424,0.1940000057220459,0.3991999924182892
YMR301C,YOL002C,1,-2.3138978,0.0465727262198925,0.19499999284744263,0.3991999924182892
YGL246C,YOL067C,0,-2.314405,0.04656160622835159,0.19499999284744263,0.3993000090122223
YKR057W,YDR179C,0,-2.3146203,0.04655048996210098,0.19499999284744263,0.399399995803833
YIL167W,YOR377W,0,-2.3146322,0.04653938114643097,0.19499999284744263,0.3995000123977661
YOR340C,YDR304C,0,-2.3151855,0.046528276056051254,0.19499999284744263,0.39959999918937683
YHR174W,YGL107C,0,-2.3152528,0.04651717469096184,0.19499999284744263,0.39969998598098755
YPR200C,YER081W,0,-2.3155198,0.04650608077645302,0.19499999284744263,0.39980000257492065
YKL043W,YMR237W,0,-2.3165724,0.046494994312524796,0.19499999284744263,0.39989998936653137
YDR158W,YPL146C,0,-2.3165796,0.04648390784859657,0.19499999284744263,0.4000000059604645
YHR030C,YGR094W,0,-2.3171406,0.046472832560539246,0.19499999284744263,0.4000999927520752
YBR287W,YDL148C,0,-2.3172052,0.04646175727248192,0.19499999284744263,0.4002000093460083
YAL040C,YML055W,0,-2.3172333,0.04645068943500519,0.19499999284744263,0.400299996137619
YBR022W,YKL011C,0,-2.3174431,0.046439629048109055,0.19499999284744263,0.4004000127315521
YBL021C,YOR227W,0,-2.3183196,0.04642857238650322,0.19499999284744263,0.40049999952316284
YJL109C,YDR072C,0,-2.3188767,0.04641751945018768,0.19499999284744263,0.40059998631477356
YKL154W,YPL160W,0,-2.3191338,0.046406473964452744,0.19499999284744263,0.40070000290870667
YPR184W,YOR191W,0,-2.3191698,0.0463954322040081,0.19499999284744263,0.4007999897003174
YOL126C,YOR189W,0,-2.3194525,0.04638439416885376,0.19499999284744263,0.4009000062942505
YJL214W,YJR066W,0,-2.3194697,0.046373363584280014,0.19499999284744263,0.4009999930858612
YGR075C,YER114C,0,-2.3198164,0.046362340450286865,0.19499999284744263,0.4011000096797943
YGR070W,YKL089W,0,-2.320427,0.046351321041584015,0.19499999284744263,0.40119999647140503
YOR267C,YGR020C,1,-2.3210957,0.04657794535160065,0.19599999487400055,0.40119999647140503
YAR027W,YEL062W,0,-2.3219101,0.046566881239414215,0.19599999487400055,0.40130001306533813
YDR471W,YPL140C,0,-2.322075,0.04655582085251808,0.19599999487400055,0.40139999985694885
YPL096C-A,YKR037C,0,-2.3224432,0.04654476419091225,0.19599999487400055,0.40149998664855957
YPL159C,YLR009W,0,-2.3232787,0.04653371497988701,0.19599999487400055,0.4016000032424927
YPR119W,YKL069W,0,-2.3234112,0.04652266949415207,0.19599999487400055,0.4016999900341034
YPL186C,YDR289C,0,-2.3236763,0.04651162773370743,0.19599999487400055,0.4018000066280365
YNL025C,YLR109W,0,-2.3237321,0.046500593423843384,0.19599999487400055,0.4018999934196472
YKL174C,YNL146W,0,-2.3241239,0.04648956283926964,0.19599999487400055,0.4020000100135803
YMR110C,YHR059W,0,-2.324371,0.04647853970527649,0.19599999487400055,0.40209999680519104
YOR182C,YGR295C,0,-2.3247077,0.04646752029657364,0.19599999487400055,0.40220001339912415
YER062C,YBR001C,0,-2.3249505,0.04645650461316109,0.19599999487400055,0.40230000019073486
YGL196W,YKR053C,0,-2.3250048,0.04644549638032913,0.19599999487400055,0.4023999869823456
YBR182C,YLR203C,0,-2.3265312,0.046434495598077774,0.19599999487400055,0.4025000035762787
YMR061W,YGR103W,0,-2.326616,0.046423494815826416,0.19599999487400055,0.4025999903678894
YNL236W,YJR117W,0,-2.3266394,0.046412501484155655,0.19599999487400055,0.4027000069618225
YLR092W,YHR041C,0,-2.3270853,0.04640151560306549,0.19599999487400055,0.4027999937534332
YIL144W,YOR271C,0,-2.3271866,0.046390533447265625,0.19599999487400055,0.40290001034736633
YNL202W,YGR116W,0,-2.327504,0.04637955501675606,0.19599999487400055,0.40299999713897705
YER127W,YJL083W,0,-2.3282862,0.04636858403682709,0.19599999487400055,0.40310001373291016
YOR142W,YDL061C,0,-2.3283231,0.046357616782188416,0.19599999487400055,0.4032000005245209
YDR402C,YJL081C,0,-2.3284152,0.04634665325284004,0.19599999487400055,0.4032999873161316
YGL225W,YLR165C,0,-2.3284853,0.046335697174072266,0.19599999487400055,0.4034000039100647
YAL023C,YLR394W,0,-2.3287992,0.04632474482059479,0.19599999487400055,0.4034999907016754
YER111C,YNR043W,0,-2.329155,0.046313799917697906,0.19599999487400055,0.4036000072956085
YHL015W,YJL024C,0,-2.3292577,0.046302858740091324,0.19599999487400055,0.40369999408721924
YMR094W,YDR145W,0,-2.3293006,0.04629192128777504,0.19599999487400055,0.40380001068115234
YBL054W,YDR440W,0,-2.3301265,0.04628099128603935,0.19599999487400055,0.40389999747276306
YML109W,YIL009C-A,0,-2.3301322,0.046270065009593964,0.19599999487400055,0.40400001406669617
YGL113W,YKL006W,0,-2.3305595,0.04625914618372917,0.19599999487400055,0.4041000008583069
YDR390C,YML018C,0,-2.3306618,0.04624823108315468,0.19599999487400055,0.4041999876499176
YDL179W,YLL048C,0,-2.330744,0.04623731970787048,0.19599999487400055,0.4043000042438507
YDL110C,YKL013C,0,-2.3308966,0.046226415783166885,0.19599999487400055,0.4043999910354614
YDR064W,YBR107C,0,-2.3317776,0.046215515583753586,0.19599999487400055,0.40450000762939453
YPL233W,YDL084W,0,-2.3322651,0.046204619109630585,0.19599999487400055,0.40459999442100525
YAR035W,YDR369C,0,-2.3329892,0.04619373008608818,0.19599999487400055,0.40470001101493835
YGL009C,YDL175C,0,-2.3330715,0.046182844787836075,0.19599999487400055,0.4047999978065491
YLR103C,YDL029W,0,-2.3336008,0.046171966940164566,0.19599999487400055,0.4049000144004822
YAL025C,YMR215W,0,-2.3338559,0.046161092817783356,0.19599999487400055,0.4050000011920929
YIL133C,YMR285C,0,-2.334276,0.046150222420692444,0.19599999487400055,0.4050999879837036
YKR038C,YNL328C,0,-2.3343985,0.04613935947418213,0.19599999487400055,0.4052000045776367
YDL243C,YOR359W,0,-2.3344944,0.04612850025296211,0.19599999487400055,0.40529999136924744
YMR076C,YKL021C,0,-2.3345983,0.04611764848232269,0.19599999487400055,0.40540000796318054
YNL212W,YPR132W,0,-2.3348596,0.04610679671168327,0.19599999487400055,0.40549999475479126
YJL162C,YKL210W,0,-2.3353508,0.04609595611691475,0.19599999487400055,0.40560001134872437
YDR397C,YJL101C,0,-2.335942,0.046085115522146225,0.19599999487400055,0.4056999981403351
YOR315W,YLR098C,0,-2.3360078,0.0460742823779583,0.19599999487400055,0.4058000147342682
YMR322C,YLR028C,0,-2.3362534,0.04606345295906067,0.19599999487400055,0.4059000015258789
YER040W,YDL166C,0,-2.336549,0.04605263099074364,0.19599999487400055,0.4059999883174896
YPL172C,YBR069C,0,-2.3365695,0.046041812747716904,0.19599999487400055,0.40610000491142273
YMR227C,YDR283C,0,-2.3366745,0.04603100195527077,0.19599999487400055,0.40619999170303345
YJR031C,YHR069C,0,-2.3367765,0.04602019116282463,0.19599999487400055,0.40630000829696655
YOR008C,YDL081C,0,-2.3383229,0.04600938782095909,0.19599999487400055,0.40639999508857727
YNL180C,YHR096C,0,-2.338868,0.04599859192967415,0.19599999487400055,0.4065000116825104
YOL158C,YPR036W,1,-2.3389308,0.04622242972254753,0.19699999690055847,0.4065000116825104
YJL059W,YOR267C,1,-2.3389616,0.04644616320729256,0.1979999989271164,0.4065000116825104
YGL240W,YDR330W,0,-2.3393004,0.046435270458459854,0.1979999989271164,0.4065999984741211
YNL243W,YBR168W,0,-2.3393953,0.04642438516020775,0.1979999989271164,0.4066999852657318
YPR110C,YAL011W,0,-2.339534,0.04641350358724594,0.1979999989271164,0.4068000018596649
YJL034W,YLR154C,0,-2.3396442,0.04640262573957443,0.1979999989271164,0.40689998865127563
YJL001W,YDR528W,0,-2.3397043,0.04639175161719322,0.1979999989271164,0.40700000524520874
YGL073W,YHR069C,0,-2.339802,0.04638088494539261,0.1979999989271164,0.40709999203681946
YOR065W,YDR448W,0,-2.3401177,0.046370021998882294,0.1979999989271164,0.40720000863075256
YPR167C,YER045C,0,-2.3403378,0.046359166502952576,0.1979999989271164,0.4072999954223633
YDR168W,YHR080C,0,-2.3403606,0.046348314732313156,0.1979999989271164,0.4074000120162964
YPR154W,YPR005C,0,-2.341593,0.046337466686964035,0.1979999989271164,0.4074999988079071
YAL063C,YEL052W,0,-2.3416631,0.04632662609219551,0.1979999989271164,0.4075999855995178
YOL139C,YIR002C,0,-2.342221,0.046315789222717285,0.1979999989271164,0.4077000021934509
YML034W,YPL160W,0,-2.3426678,0.04630495607852936,0.1979999989271164,0.40779998898506165
YDR501W,YOL152W,0,-2.342704,0.04629413038492203,0.1979999989271164,0.40790000557899475
YER113C,YER074W,0,-2.342731,0.046283308416604996,0.1979999989271164,0.40799999237060547
YGL161C,YNL328C,0,-2.3434079,0.04627249389886856,0.1979999989271164,0.4081000089645386
YBR273C,YDR465C,0,-2.3436117,0.046261683106422424,0.1979999989271164,0.4081999957561493
YGR162W,YPL262W,0,-2.3449075,0.046250876039266586,0.1979999989271164,0.4083000123500824
YER070W,YOL127W,0,-2.3450184,0.046240076422691345,0.1979999989271164,0.4083999991416931
YOL045W,YOR273C,0,-2.345401,0.046229276806116104,0.1979999989271164,0.40849998593330383
YPL183C,YER100W,0,-2.3457193,0.04621848836541176,0.1979999989271164,0.40860000252723694
YGR274C,YMR001C,0,-2.34572,0.04620769992470741,0.1979999989271164,0.40869998931884766
YHR012W,YDR101C,0,-2.345833,0.046196918934583664,0.1979999989271164,0.40880000591278076
YNL304W,YDR211W,0,-2.3460155,0.04618614539504051,0.1979999989271164,0.4088999927043915
YML081W,YDR212W,0,-2.3460705,0.04617537185549736,0.1979999989271164,0.4090000092983246
YOL142W,YEL005C,0,-2.3464034,0.046164605766534805,0.1979999989271164,0.4090999960899353
YDR036C,YBR096W,0,-2.346528,0.04615384712815285,0.1979999989271164,0.4092000126838684
YML113W,YHR158C,0,-2.3467257,0.04614308848977089,0.1979999989271164,0.4092999994754791
YFR003C,YPL226W,0,-2.3470857,0.04613234102725983,0.1979999989271164,0.40939998626708984
YML104C,YJL058C,0,-2.3474553,0.046121593564748764,0.1979999989271164,0.40950000286102295
YLR353W,YPL198W,0,-2.3476188,0.0461108535528183,0.1979999989271164,0.40959998965263367
YNL128W,YPL094C,0,-2.3478875,0.04610011726617813,0.1979999989271164,0.4097000062465668
YOR016C,YIL018W,0,-2.3479226,0.04608938470482826,0.1979999989271164,0.4097999930381775
YDR247W,YGL148W,0,-2.3479762,0.04607865959405899,0.1979999989271164,0.4099000096321106
YDR007W,YMR172W,0,-2.3487241,0.04606793820858002,0.1979999989271164,0.4099999964237213
YOR204W,YNL098C,0,-2.3487384,0.04605722427368164,0.1979999989271164,0.4101000130176544
YKL040C,YHR194W,1,-2.349139,0.046279069036245346,0.19900000095367432,0.4101000130176544
YLR223C,YLR088W,0,-2.3498693,0.04626831039786339,0.19900000095367432,0.41019999980926514
YOL158C,YDR495C,1,-2.3500624,0.046490006148815155,0.20000000298023224,0.41019999980926514
YER036C,YDR461W,0,-2.3500645,0.04647919908165932,0.20000000298023224,0.41029998660087585
YLR417W,YFR040W,0,-2.351175,0.046468403190374374,0.20000000298023224,0.41040000319480896
YGL122C,YDR254W,0,-2.3515034,0.04645760729908943,0.20000000298023224,0.4104999899864197
YPR154W,YBR015C,0,-2.3517468,0.046446818858385086,0.20000000298023224,0.4106000065803528
YIR012W,YLR011W,0,-2.352277,0.04643603414297104,0.20000000298023224,0.4106999933719635
YML034W,YGR254W,0,-2.352367,0.04642525687813759,0.20000000298023224,0.4108000099658966
YJL191W,YNL119W,0,-2.352392,0.04641447961330414,0.20000000298023224,0.4108999967575073
YNL242W,YBL079W,0,-2.352832,0.04640371352434158,0.20000000298023224,0.41100001335144043
YDR487C,YPL171C,0,-2.3530207,0.04639294743537903,0.20000000298023224,0.41110000014305115
YOR038C,YJR127C,0,-2.353877,0.04638218879699707,0.20000000298023224,0.41119998693466187
YGR088W,YGR138C,0,-2.353904,0.04637143388390541,0.20000000298023224,0.41130000352859497
YOR337W,YFL033C,0,-2.3541353,0.04636068642139435,0.20000000298023224,0.4113999903202057
YIL061C,YOR167C,0,-2.3541768,0.046349942684173584,0.20000000298023224,0.4115000069141388
YJL178C,YPL095C,0,-2.354261,0.04633920267224312,0.20000000298023224,0.4115999937057495
YKR061W,YNL325C,0,-2.3543818,0.04632847011089325,0.20000000298023224,0.4117000102996826
YOL004W,YPR190C,0,-2.3549984,0.04631774127483368,0.20000000298023224,0.41179999709129333
YGR225W,YER017C,0,-2.3552117,0.04630701616406441,0.20000000298023224,0.41190001368522644
YJL059W,YML006C,1,-2.3555129,0.04652777686715126,0.20100000500679016,0.41190001368522644
YJL124C,YPL096C-A,0,-2.356028,0.046517010778188705,0.20100000500679016,0.41200000047683716
YML073C,YBR193C,0,-2.3560445,0.04650624841451645,0.20100000500679016,0.4120999872684479
YPL225W,YFL005W,0,-2.3562033,0.04649548977613449,0.20100000500679016,0.412200003862381
YOR009W,YDR039C,0,-2.3562384,0.04648473486304283,0.20100000500679016,0.4122999906539917
YBR034C,YGL136C,0,-2.3569627,0.04647398740053177,0.20100000500679016,0.4124000072479248
YGL210W,YMR246W,0,-2.356997,0.046463243663311005,0.20100000500679016,0.4124999940395355
YMR054W,YDR065W,1,-2.3572571,0.04668361321091652,0.20200000703334808,0.4124999940395355
YLR438C-A,YGR014W,0,-2.3575401,0.04667282849550247,0.20200000703334808,0.41260001063346863
YHR039C-A,YDR495C,1,-2.3580005,0.04689304530620575,0.2029999941587448,0.41260001063346863
YBL022C,YKL051W,0,-2.3581185,0.04688221588730812,0.2029999941587448,0.41269999742507935
YPR154W,YMR075W,0,-2.3581696,0.04687139391899109,0.2029999941587448,0.41280001401901245
YER051W,YGL063W,0,-2.358549,0.04686057195067406,0.2029999941587448,0.41290000081062317
YNR038W,YDR388W,0,-2.3589242,0.04684975743293762,0.2029999941587448,0.4129999876022339
YPL207W,YKL038W,0,-2.3592963,0.046838946640491486,0.2029999941587448,0.413100004196167
YOR074C,YDL142C,0,-2.359379,0.046828143298625946,0.2029999941587448,0.4131999909877777
YBL013W,YPR070W,0,-2.359563,0.046817343682050705,0.2029999941587448,0.4133000075817108
YLR056W,YML056C,0,-2.3600104,0.04680654779076576,0.2029999941587448,0.41339999437332153
YGL206C,YKL185W,0,-2.360103,0.04679575935006142,0.2029999941587448,0.41350001096725464
YIL154C,YPR048W,0,-2.3601453,0.04678497463464737,0.2029999941587448,0.41359999775886536
YPR036W,YLR126C,1,-2.3602884,0.04700460657477379,0.20399999618530273,0.41359999775886536
YBR191W,YNL207W,0,-2.3603046,0.04699378088116646,0.20399999618530273,0.41370001435279846
YPR034W,YMR322C,0,-2.3607829,0.046982958912849426,0.20399999618530273,0.4138000011444092
YGR057C,YOL155C,0,-2.3609376,0.04697214066982269,0.20399999618530273,0.4138999879360199
YGL191W,YNL302C,0,-2.3616269,0.04696132615208626,0.20399999618530273,0.414000004529953
YBR123C,YIL171W,0,-2.3616993,0.04695051908493042,0.20399999618530273,0.4140999913215637
YLR067C,YAL063C,0,-2.361808,0.04693971574306488,0.20399999618530273,0.4142000079154968
YDR004W,YIL139C,0,-2.36203,0.04692891612648964,0.20399999618530273,0.41429999470710754
YFR005C,YNL142W,0,-2.362038,0.046918123960494995,0.20399999618530273,0.41440001130104065
YDL082W,YGR060W,0,-2.3624592,0.04690733551979065,0.20399999618530273,0.41449999809265137
YOR355W,YLR154C,0,-2.36255,0.0468965508043766,0.20399999618530273,0.4146000146865845
YPL006W,YGL211W,0,-2.362553,0.04688577353954315,0.20399999618530273,0.4147000014781952
YKL217W,YNL164C,0,-2.3626294,0.046875,0.20399999618530273,0.4147999882698059
YJL059W,YPL202C,1,-2.3627994,0.0470939576625824,0.20499999821186066,0.4147999882698059
YDR021W,YLR390W-A,0,-2.3628495,0.04708314314484596,0.20499999821186066,0.414900004863739
YJR031C,YPL028W,0,-2.362861,0.047072332352399826,0.20499999821186066,0.41499999165534973
YKL004W,YPR133W-A,0,-2.3630152,0.04706152528524399,0.20499999821186066,0.41510000824928284
YNL259C,YMR177W,1,-2.3631063,0.04728023707866669,0.20600000023841858,0.41510000824928284
YLR167W,YPL179W,0,-2.3632395,0.047269389033317566,0.20600000023841858,0.41519999504089355
YJL130C,YDR419W,0,-2.363582,0.04725854471325874,0.20600000023841858,0.41530001163482666
YDR285W,YDR296W,0,-2.3637846,0.04724770784378052,0.20600000023841858,0.4153999984264374
YJR097W,YOL104C,0,-2.3639112,0.04723687097430229,0.20600000023841858,0.4154999852180481
YFR029W,YGR124W,0,-2.3642051,0.04722604155540466,0.20600000023841858,0.4156000018119812
YCR037C,YDL170W,0,-2.3643796,0.04721521958708763,0.20600000023841858,0.4156999886035919
YCL063W,YKL172W,0,-2.36477,0.0472044013440609,0.20600000023841858,0.415800005197525
YBL072C,YDR100W,0,-2.3649383,0.04719358682632446,0.20600000023841858,0.41589999198913574
YEL022W,YKL085W,0,-2.3651226,0.047182776033878326,0.20600000023841858,0.41600000858306885
YNL302C,YIL130W,0,-2.366257,0.04717197269201279,0.20600000023841858,0.41609999537467957
YPR132W,YER007W,0,-2.3666527,0.047161173075437546,0.20600000023841858,0.41620001196861267
YIL033C,YBR084W,0,-2.3670921,0.0471503771841526,0.20600000023841858,0.4162999987602234
YDR031W,YBR105C,0,-2.36716,0.04713958874344826,0.20600000023841858,0.4163999855518341
YPR100W,YHL036W,0,-2.367291,0.04712880402803421,0.20600000023841858,0.4165000021457672
YML054C,YGL004C,0,-2.367644,0.04711802303791046,0.20600000023841858,0.41659998893737793
YJL045W,YJL079C,0,-2.3680089,0.04710724949836731,0.20600000023841858,0.41670000553131104
YEL006W,YDR252W,0,-2.3683715,0.047096479684114456,0.20600000023841858,0.41679999232292175
YLR039C,YOL123W,0,-2.3692646,0.0470857135951519,0.20600000023841858,0.41690000891685486
YDR386W,YDR173C,0,-2.3697162,0.04707495495676994,0.20600000023841858,0.4169999957084656
YDR226W,YNL063W,0,-2.3705883,0.047064200043678284,0.20600000023841858,0.4171000123023987
YNL273W,YGR295C,0,-2.370754,0.04705344885587692,0.20600000023841858,0.4171999990940094
YHR171W,YIL108W,0,-2.371229,0.04704270511865616,0.20600000023841858,0.4172999858856201
YML132W,YOR147W,1,-2.372083,0.04726027324795723,0.2070000022649765,0.4172999858856201
YML036W,YGR089W,0,-2.3722699,0.047249484807252884,0.2070000022649765,0.4174000024795532
YOR346W,YGR208W,0,-2.3723059,0.047238703817129135,0.2070000022649765,0.41749998927116394
YJR045C,YLR033W,0,-2.3723364,0.047227926552295685,0.2070000022649765,0.41760000586509705
YDR390C,YGL009C,0,-2.3730257,0.04721715301275253,0.2070000022649765,0.41769999265670776
YMR094W,YPL010W,0,-2.3734653,0.04720638692378998,0.2070000022649765,0.41780000925064087
YMR127C,YDL208W,0,-2.373572,0.04719562083482742,0.2070000022649765,0.4178999960422516
YBL060W,YJR118C,0,-2.3736246,0.047184865921735764,0.2070000022649765,0.4180000126361847
YDR479C,YOR239W,0,-2.3736646,0.047174111008644104,0.2070000022649765,0.4180999994277954
YDR341C,YBR005W,0,-2.3736708,0.04716336354613304,0.2070000022649765,0.41819998621940613
YOR151C,YER053C,0,-2.374059,0.04715261980891228,0.2070000022649765,0.41830000281333923
YBR189W,YBR213W,0,-2.3746235,0.04714187979698181,0.2070000022649765,0.41839998960494995
YOR252W,YBR107C,0,-2.3746324,0.04713114723563194,0.2070000022649765,0.41850000619888306
YER033C,YKL079W,0,-2.3748887,0.04712041839957237,0.2070000022649765,0.4185999929904938
YOR226C,YJL129C,1,-2.3749487,0.047337278723716736,0.20800000429153442,0.4185999929904938
YOR346W,YGL009C,0,-2.375007,0.04732650890946388,0.20800000429153442,0.4187000095844269
YJL079C,YOR322C,0,-2.3755891,0.04731574282050133,0.20800000429153442,0.4187999963760376
YLR221C,YPR111W,0,-2.3756545,0.04730498045682907,0.20800000429153442,0.4189000129699707
YGR255C,YML088W,0,-2.3758814,0.04729422554373741,0.20800000429153442,0.4189999997615814
YMR076C,YDR524C,0,-2.3759143,0.04728347435593605,0.20800000429153442,0.41909998655319214
YMR233W,YKL081W,0,-2.3763232,0.04727272689342499,0.20800000429153442,0.41920000314712524
YPL172C,YER165W,0,-2.3769567,0.04726198688149452,0.20800000429153442,0.41929998993873596
YPL026C,YNL314W,0,-2.377083,0.047251250594854355,0.20800000429153442,0.41940000653266907
YOR264W,YGL126W,0,-2.3774817,0.047240518033504486,0.20800000429153442,0.4194999933242798
YLR270W,YOL125W,0,-2.3775983,0.047229792922735214,0.20800000429153442,0.4196000099182129
YFR034C,YHL024W,0,-2.3778834,0.04721906781196594,0.20800000429153442,0.4196999967098236
YGR185C,YPL001W,0,-2.3780396,0.047208353877067566,0.20800000429153442,0.4198000133037567
YGL223C,YNL138W-A,0,-2.3785741,0.04719763994216919,0.20800000429153442,0.41990000009536743
YBL087C,YHR119W,0,-2.3790495,0.04718693345785141,0.20800000429153442,0.41999998688697815
YDL061C,YDR532C,0,-2.379347,0.04717623069882393,0.20800000429153442,0.42010000348091125
YPR001W,YDR397C,0,-2.3795931,0.047165531665086746,0.20800000429153442,0.420199990272522
YJL110C,YHR170W,0,-2.3800588,0.04715484008193016,0.20800000429153442,0.4203000068664551
YDR243C,YOR288C,0,-2.380187,0.04714415222406387,0.20800000429153442,0.4203999936580658
YDL091C,YER036C,0,-2.3804653,0.047133468091487885,0.20800000429153442,0.4205000102519989
YJR053W,YER143W,0,-2.3807564,0.04712279140949249,0.20800000429153442,0.4205999970436096
YLR442C,YDR103W,0,-2.3810909,0.0471121184527874,0.20800000429153442,0.4207000136375427
YMR247C,YEL041W,0,-2.3811314,0.047101449221372604,0.20800000429153442,0.42080000042915344
YMR004W,YOR045W,0,-2.3812463,0.047090787440538406,0.20800000429153442,0.42089998722076416
YOR396W,YBL087C,0,-2.3813221,0.04708012565970421,0.20800000429153442,0.42100000381469727
YJR092W,YGR105W,0,-2.3813426,0.04706947132945061,0.20800000429153442,0.421099990606308
YPL154C,YHR080C,0,-2.3819222,0.0470588244497776,0.20800000429153442,0.4212000072002411
YHR149C,YDR403W,0,-2.3821366,0.0470481775701046,0.20800000429153442,0.4212999939918518
YGR052W,YNL294C,0,-2.3828137,0.04703753814101219,0.20800000429153442,0.4214000105857849
YGR037C,YMR307W,0,-2.382981,0.04702690616250038,0.20800000429153442,0.42149999737739563
YLR318W,YHL025W,0,-2.383183,0.04701627418398857,0.20800000429153442,0.42160001397132874
YMR175W,YJL156C,0,-2.383331,0.04700564965605736,0.20800000429153442,0.42170000076293945
YGR161C,YGR097W,0,-2.3844593,0.04699502885341644,0.20800000429153442,0.42179998755455017
YAR015W,YCL032W,0,-2.3847697,0.046984415501356125,0.20800000429153442,0.4219000041484833
YBR294W,YER177W,0,-2.3853471,0.04697380214929581,0.20800000429153442,0.421999990940094
YML047C,YGL063W,0,-2.3855438,0.046963196247816086,0.20800000429153442,0.4221000075340271
YNL238W,YBR160W,0,-2.3856528,0.04695259779691696,0.20800000429153442,0.4221999943256378
YAL019W,YDR069C,0,-2.385781,0.04694199934601784,0.20800000429153442,0.4223000109195709
YML132W,YDR151C,1,-2.3863275,0.04715703800320625,0.20900000631809235,0.4223000109195709
YGR044C,YDR263C,0,-2.3878953,0.047146402299404144,0.20900000631809235,0.42239999771118164
YLR316C,YPR118W,0,-2.3881528,0.047135770320892334,0.20900000631809235,0.42250001430511475
YDL045W-A,YPR163C,0,-2.3882563,0.04712514206767082,0.20900000631809235,0.42260000109672546
YJR065C,YMR290C,0,-2.3889306,0.04711451753973961,0.20900000631809235,0.4226999878883362
YCL061C,YMR195W,0,-2.389079,0.04710390046238899,0.20900000631809235,0.4228000044822693
YOL132W,YDL202W,0,-2.3895562,0.047093287110328674,0.20900000631809235,0.42289999127388
YJL080C,YDR532C,0,-2.390565,0.047082677483558655,0.20900000631809235,0.4230000078678131
YKL198C,YMR307W,0,-2.390732,0.047072071582078934,0.20900000631809235,0.42309999465942383
YKL078W,YGL104C,0,-2.3908744,0.04706147313117981,0.20900000631809235,0.42320001125335693
YPR175W,YDL087C,0,-2.3915823,0.047050878405570984,0.20900000631809235,0.42329999804496765
YDR234W,YLR131C,0,-2.3919365,0.04704028740525246,0.20900000631809235,0.42340001463890076
YBR085W,YKL114C,0,-2.3920076,0.047029703855514526,0.20900000631809235,0.4235000014305115
YDR545W,YAL010C,0,-2.392165,0.047019124031066895,0.20900000631809235,0.4235999882221222
YCL050C,YDL240W,0,-2.392367,0.04700854793190956,0.20900000631809235,0.4237000048160553
YPL210C,YPR186C,0,-2.3928623,0.046997975558042526,0.20900000631809235,0.423799991607666
YMR125W,YNL015W,0,-2.3933752,0.04698741063475609,0.20900000631809235,0.4239000082015991
YLR288C,YBL091C-A,0,-2.3935888,0.04697684943675995,0.20900000631809235,0.42399999499320984
YDL061C,YJR130C,0,-2.3936045,0.04696629196405411,0.20900000631809235,0.42410001158714294
YKL015W,YHR211W,0,-2.3938138,0.046955741941928864,0.20900000631809235,0.42419999837875366
YPL126W,YPL262W,0,-2.3939044,0.04694519191980362,0.20900000631809235,0.4242999851703644
YLR426W,YLR118C,0,-2.3939586,0.04693464934825897,0.20900000631809235,0.4244000017642975
YML101C,YHR148W,0,-2.3940141,0.04692411422729492,0.20900000631809235,0.4244999885559082
YPL134C,YBR112C,0,-2.3943357,0.04691357910633087,0.20900000631809235,0.4246000051498413
YNL070W,YBR248C,0,-2.3946517,0.04690305143594742,0.20900000631809235,0.424699991941452
YML011C,YOR347C,0,-2.3958595,0.04689252749085426,0.20900000631809235,0.42480000853538513
YJR112W,YMR183C,0,-2.3965917,0.046882010996341705,0.20900000631809235,0.42489999532699585
YDR087C,YKR088C,0,-2.396797,0.04687149450182915,0.20900000631809235,0.42500001192092896
YJL071W,YNL031C,0,-2.3975751,0.046860985457897186,0.20900000631809235,0.4250999987125397
YNL233W,YBL030C,0,-2.397781,0.046850480139255524,0.20900000631809235,0.4251999855041504
YLR260W,YOR326W,0,-2.399631,0.04683998227119446,0.20900000631809235,0.4253000020980835
YLR425W,YJR139C,0,-2.399684,0.04682948812842369,0.20900000631809235,0.4253999888896942
YDL030W,YGL161C,0,-2.399835,0.04681899771094322,0.20900000631809235,0.4255000054836273
YDR120C,YBR150C,0,-2.400318,0.04680851101875305,0.20900000631809235,0.42559999227523804
YEL065W,YPL177C,1,-2.400349,0.04702194407582283,0.20999999344348907,0.42559999227523804
YGL027C,YHR031C,0,-2.4011374,0.04701141640543938,0.20999999344348907,0.42570000886917114
YMR322C,YDR174W,0,-2.4012444,0.04700089618563652,0.20999999344348907,0.42579999566078186
YDL113C,YPL208W,0,-2.4012668,0.04699037969112396,0.20999999344348907,0.42590001225471497
YPR110C,YML098W,0,-2.4014962,0.0469798669219017,0.20999999344348907,0.4259999990463257
YML102W,YBR082C,0,-2.4016387,0.04696935787796974,0.20999999344348907,0.4260999858379364
YHR139C,YMR077C,0,-2.4016855,0.04695885628461838,0.20999999344348907,0.4262000024318695
YDR093W,YPL147W,0,-2.4022498,0.04694835841655731,0.20999999344348907,0.4262999892234802
YNL302C,YBR125C,0,-2.402355,0.046937864273786545,0.20999999344348907,0.42640000581741333
YGR005C,YCL027W,0,-2.402574,0.046927373856306076,0.20999999344348907,0.42649999260902405
YFR034C,YDR060W,0,-2.4026988,0.046916890889406204,0.20999999344348907,0.42660000920295715
YNL051W,YBL068W,0,-2.402991,0.04690641164779663,0.20999999344348907,0.42669999599456787
YMR307W,YLR382C,0,-2.4029949,0.046895936131477356,0.20999999344348907,0.426800012588501
YMR163C,YBR093C,0,-2.403014,0.04688546434044838,0.20999999344348907,0.4268999993801117
YPL253C,YAL053W,0,-2.403711,0.046875,0.20999999344348907,0.4269999861717224
YBR230C,YPL110C,0,-2.4043076,0.04686453938484192,0.20999999344348907,0.4271000027656555
YLR107W,YAL011W,0,-2.404998,0.046854082494974136,0.20999999344348907,0.42719998955726624
YIR004W,YBL106C,0,-2.4050264,0.04684363305568695,0.20999999344348907,0.42730000615119934
YDR263C,YOL108C,0,-2.4051793,0.046833183616399765,0.20999999344348907,0.42739999294281006
YJL187C,YPL087W,0,-2.4054193,0.046822741627693176,0.20999999344348907,0.42750000953674316
YOL155C,YBR101C,0,-2.4058201,0.046812303364276886,0.20999999344348907,0.4275999963283539
YNL248C,YBR119W,0,-2.4061072,0.04680187255144119,0.20999999344348907,0.427700012922287
YIL113W,YNL210W,0,-2.4063485,0.0467914454638958,0.20999999344348907,0.4277999997138977
YIR002C,YMR173W,0,-2.4064105,0.0467810221016407,0.20999999344348907,0.4278999865055084
YOR046C,YDR545W,0,-2.4067423,0.0467706024646759,0.20999999344348907,0.42800000309944153
YNL202W,YNR041C,0,-2.406743,0.046760186553001404,0.20999999344348907,0.42809998989105225
YPR144C,YOR009W,0,-2.407001,0.0467497780919075,0.20999999344348907,0.42820000648498535
YLR237W,YPR110C,0,-2.4070873,0.0467393733561039,0.20999999344348907,0.42829999327659607
YCR035C,YMR195W,0,-2.4073932,0.04672897234559059,0.20999999344348907,0.4284000098705292
YIL143C,YEL001C,0,-2.4077277,0.046718575060367584,0.20999999344348907,0.4284999966621399
YDR036C,YLR158C,0,-2.408253,0.046708185225725174,0.20999999344348907,0.428600013256073
YGR044C,YBR078W,0,-2.4082692,0.04669779911637306,0.20999999344348907,0.4287000000476837
YOL028C,YJR036C,0,-2.4082954,0.04668741673231125,0.20999999344348907,0.42879998683929443
YNL027W,YPL033C,0,-2.408305,0.046677038073539734,0.20999999344348907,0.42890000343322754
YGR040W,YGR027C,0,-2.4083052,0.046666666865348816,0.20999999344348907,0.42899999022483826
YJR073C,YLR019W,0,-2.4088137,0.046656299382448196,0.20999999344348907,0.42910000681877136
YKL043W,YHR064C,0,-2.408818,0.046645935624837875,0.20999999344348907,0.4291999936103821
YDR040C,YMR165C,0,-2.4088736,0.04663557559251785,0.20999999344348907,0.4293000102043152
YMR242C,YKR083C,0,-2.4094682,0.04662522301077843,0.20999999344348907,0.4293999969959259
YJL059W,YDR205W,1,-2.410466,0.04683684930205345,0.210999995470047,0.4293999969959259
YDL128W,YDR495C,1,-2.4111269,0.047048378735780716,0.21199999749660492,0.4293999969959259
YNR043W,YOL031C,0,-2.4117086,0.047037940472364426,0.21199999749660492,0.429500013589859
YLL055W,YDR166C,0,-2.4121976,0.047027505934238434,0.21199999749660492,0.4296000003814697
YEL021W,YDR350C,0,-2.412247,0.04701707512140274,0.21199999749660492,0.42969998717308044
YLR020C,YLR151C,0,-2.4127533,0.047006651759147644,0.21199999749660492,0.42980000376701355
YAL025C,YBR213W,0,-2.4128728,0.046996232122182846,0.21199999749660492,0.42989999055862427
YJR150C,YPL060W,0,-2.4128797,0.04698581621050835,0.21199999749660492,0.4300000071525574
YGR007W,YJR160C,0,-2.412975,0.046975404024124146,0.21199999749660492,0.4300999939441681
YNL339C,YFR041C,0,-2.4130363,0.04696499928832054,0.21199999749660492,0.4302000105381012
YPL031C,YOR162C,0,-2.4131706,0.04695459455251694,0.21199999749660492,0.4302999973297119
YPR200C,YJL176C,0,-2.4134488,0.04694419726729393,0.21199999749660492,0.430400013923645
YPR110C,YGL005C,0,-2.4135041,0.04693380743265152,0.21199999749660492,0.43050000071525574
YPR125W,YOL155C,0,-2.4136622,0.04692341759800911,0.21199999749660492,0.43059998750686646
YJR096W,YNR001C,0,-2.414308,0.046913035213947296,0.21199999749660492,0.43070000410079956
YGL062W,YOR127W,0,-2.4150014,0.04690265655517578,0.21199999749660492,0.4307999908924103
YDR436W,YNL259C,1,-2.4150488,0.04711347073316574,0.21299999952316284,0.4307999908924103
YPR072W,YMR173W,0,-2.415427,0.04710305109620094,0.21299999952316284,0.4309000074863434
YDL223C,YNL115C,0,-2.4166043,0.04709263890981674,0.21299999952316284,0.4309999942779541
YGL241W,YDR329C,0,-2.4171927,0.04708222672343254,0.21299999952316284,0.4311000108718872
YPL144W,YMR184W,0,-2.4178665,0.04707182198762894,0.21299999952316284,0.4311999976634979
YDR047W,YOL032W,0,-2.4183352,0.04706142470240593,0.21299999952316284,0.43130001425743103
YPR043W,YER104W,0,-2.4186876,0.04705102741718292,0.21299999952316284,0.43140000104904175
YDL061C,YLR286C,0,-2.4187236,0.04704063758254051,0.21299999952316284,0.43149998784065247
YHR030C,YML098W,0,-2.4191787,0.0470302477478981,0.21299999952316284,0.43160000443458557
YER177W,YKL218C,0,-2.4192507,0.04701986908912659,0.21299999952316284,0.4316999912261963
YOR054C,YDR205W,1,-2.419385,0.04723019152879715,0.21400000154972076,0.4316999912261963
YDR407C,YOL020W,0,-2.4194217,0.04721977189183235,0.21400000154972076,0.4318000078201294
YBL082C,YKL009W,0,-2.4207332,0.047209352254867554,0.21400000154972076,0.4318999946117401
YPL269W,YNL251C,0,-2.421197,0.04719894006848335,0.21400000154972076,0.4320000112056732
YNR020C,YPL092W,0,-2.4214094,0.04718853533267975,0.21400000154972076,0.43209999799728394
YJR070C,YDR486C,0,-2.4221637,0.047178130596876144,0.21400000154972076,0.43220001459121704
YDL229W,YMR025W,0,-2.4222698,0.04716773331165314,0.21400000154972076,0.43230000138282776
YPL239W,YLR109W,0,-2.4223533,0.04715733975172043,0.21400000154972076,0.4323999881744385
YPL202C,YOR381W,1,-2.4224517,0.04736725986003876,0.2150000035762787,0.4323999881744385
YPL049C,YLL057C,0,-2.4224544,0.047356829047203064,0.2150000035762787,0.4325000047683716
YMR272C,YER060W-A,0,-2.4228008,0.04734639823436737,0.2150000035762787,0.4325999915599823
YAR007C,YPR169W,0,-2.4233143,0.047335974872112274,0.2150000035762787,0.4327000081539154
YOR250C,YKR072C,0,-2.4235709,0.047325555235147476,0.2150000035762787,0.4327999949455261
YNL102W,YLR385C,0,-2.4241161,0.04731513932347298,0.2150000035762787,0.43290001153945923
YBR301W,YHR021C,0,-2.4243538,0.047304730862379074,0.2150000035762787,0.43299999833106995
YLR330W,YPL157W,0,-2.424903,0.04729432612657547,0.2150000035762787,0.43309998512268066
YOL059W,YNR048W,0,-2.4255383,0.047283925116062164,0.2150000035762787,0.43320000171661377
YGR244C,YPL140C,0,-2.4261458,0.04727352783083916,0.2150000035762787,0.4332999885082245
YGL227W,YML042W,0,-2.4262984,0.04726313427090645,0.2150000035762787,0.4334000051021576
YOL067C,YDR031W,0,-2.4268749,0.04725274816155434,0.2150000035762787,0.4334999918937683
YBR240C,YDL149W,0,-2.427292,0.04724236577749252,0.2150000035762787,0.4336000084877014
YPL127C,YHR142W,0,-2.4280226,0.04723198711872101,0.2150000035762787,0.43369999527931213
YGL170C,YDL028C,0,-2.428097,0.04722161218523979,0.2150000035762787,0.43380001187324524
YPL144W,YOL127W,0,-2.428116,0.04721124470233917,0.2150000035762787,0.43389999866485596
YDR004W,YGR174C,0,-2.4283388,0.04720087721943855,0.2150000035762787,0.4339999854564667
YCR092C,YDR347W,0,-2.4290874,0.04719051718711853,0.2150000035762787,0.4341000020503998
YDR236C,YDR399W,0,-2.4295425,0.047180160880088806,0.2150000035762787,0.4341999888420105
YDL240W,YNL063W,0,-2.429601,0.04716981202363968,0.2150000035762787,0.4343000054359436
YPL274W,YLR009W,0,-2.429983,0.04715946316719055,0.2150000035762787,0.4343999922275543
YEL065W,YHR060W,1,-2.431122,0.04736842215061188,0.2160000056028366,0.4343999922275543
YLR207W,YLR237W,0,-2.43113,0.047358036041259766,0.2160000056028366,0.4345000088214874
YKR035W-A,YKL172W,0,-2.431152,0.04734765365719795,0.2160000056028366,0.43459999561309814
YJL059W,YOR129C,1,-2.4311745,0.04755643382668495,0.21699999272823334,0.43459999561309814
YMR088C,YKR099W,0,-2.431564,0.047546010464429855,0.21699999272823334,0.43470001220703125
YOR267C,YGL019W,1,-2.4315739,0.04775465652346611,0.21799999475479126,0.43470001220703125
YDL127W,YDR122W,0,-2.4321094,0.04774419590830803,0.21799999475479126,0.43479999899864197
YBR267W,YDR038C,0,-2.4323595,0.047733742743730545,0.21799999475479126,0.4348999857902527
YPR156C,YER150W,0,-2.43246,0.04772329330444336,0.21799999475479126,0.4350000023841858
YEL065W,YDR151C,1,-2.4326403,0.04793171212077141,0.21899999678134918,0.4350000023841858
YFL017W-A,YDL246C,0,-2.4327877,0.04792122542858124,0.21899999678134918,0.4350999891757965
YDR297W,YDR242W,0,-2.4329867,0.047910742461681366,0.21899999678134918,0.4352000057697296
YML054C,YBR237W,0,-2.4335816,0.04790026322007179,0.21899999678134918,0.43529999256134033
YOR335C,YDL033C,0,-2.433882,0.04788978770375252,0.21899999678134918,0.43540000915527344
YMR159C,YPR143W,0,-2.4351745,0.04787931963801384,0.21899999678134918,0.43549999594688416
YGL195W,YBL013W,0,-2.435529,0.04786885157227516,0.21899999678134918,0.43560001254081726
YAL044C,YNL001W,0,-2.4355602,0.04785839095711708,0.21899999678134918,0.435699999332428
YDR064W,YBR168W,0,-2.4357703,0.0478479340672493,0.21899999678134918,0.4357999861240387
YDL039C,YCL066W,0,-2.4362667,0.04783748462796211,0.21899999678134918,0.4359000027179718
YJR104C,YDR270W,1,-2.4367723,0.04804542660713196,0.2199999988079071,0.4359000027179718
YPR001W,YJR097W,0,-2.4371057,0.04803493618965149,0.2199999988079071,0.4359999895095825
YBR085W,YJL156C,0,-2.4372957,0.04802444949746132,0.2199999988079071,0.4361000061035156
YML057W,YHL047C,1,-2.4374444,0.04823221266269684,0.22100000083446503,0.4361000061035156
YDR356W,YDR039C,0,-2.437969,0.048221688717603683,0.22100000083446503,0.43619999289512634
YML132W,YML006C,1,-2.4384964,0.04842931777238846,0.22200000286102295,0.43619999289512634
YNL314W,YBR121C,0,-2.438513,0.04841875657439232,0.22200000286102295,0.43630000948905945
YIL150C,YOR346W,0,-2.4392765,0.04840819910168648,0.22200000286102295,0.43639999628067017
YHR109W,YNL063W,0,-2.440009,0.048397645354270935,0.22200000286102295,0.43650001287460327
YGL016W,YCR072C,0,-2.4400542,0.04838709533214569,0.22200000286102295,0.436599999666214
YDL210W,YOL139C,0,-2.4418325,0.048376552760601044,0.22200000286102295,0.4366999864578247
YHR081W,YPL223C,0,-2.441864,0.048366013914346695,0.22200000286102295,0.4368000030517578
YNL278W,YER072W,0,-2.4420254,0.048355478793382645,0.22200000286102295,0.43689998984336853
YJL006C,YOR349W,0,-2.4422255,0.04834494739770889,0.22200000286102295,0.43700000643730164
YDR516C,YOR269W,0,-2.4424827,0.04833442345261574,0.22200000286102295,0.43709999322891235
YOL165C,YKL089W,0,-2.4425747,0.04832389950752258,0.22200000286102295,0.43720000982284546
YBR112C,YLR401C,0,-2.4428766,0.048313383013010025,0.22200000286102295,0.4372999966144562
YOL082W,YDL145C,0,-2.44329,0.048302870243787766,0.22200000286102295,0.4374000132083893
YOL086C,YDL018C,0,-2.4437008,0.0482923649251461,0.22200000286102295,0.4375
YDR021W,YCR098C,0,-2.4449759,0.04828186333179474,0.22200000286102295,0.4375999867916107
YJL078C,YDR235W,0,-2.4451592,0.048271361738443375,0.22200000286102295,0.4377000033855438
YJL155C,YHR179W,0,-2.4451668,0.048260871320962906,0.22200000286102295,0.43779999017715454
YDR320C-A,YDR242W,0,-2.4458196,0.04825038090348244,0.22200000286102295,0.43790000677108765
YNL298W,YJL212C,0,-2.448517,0.04823989421129227,0.22200000286102295,0.43799999356269836
YAR002C-A,YOR346W,0,-2.448663,0.048229414969682693,0.22200000286102295,0.43810001015663147
YOR311C,YDR465C,0,-2.4487083,0.04821893945336342,0.22200000286102295,0.4381999969482422
YNR033W,YKL099C,0,-2.4487486,0.04820846766233444,0.22200000286102295,0.4383000135421753
YPR199C,YLR106C,0,-2.4502108,0.04819800332188606,0.22200000286102295,0.438400000333786
YDL240W,YMR133W,0,-2.450754,0.04818753898143768,0.22200000286102295,0.43849998712539673
YPL273W,YBR093C,0,-2.4509175,0.0481770820915699,0.22200000286102295,0.43860000371932983
YDR105C,YLR061W,0,-2.4509654,0.048166628926992416,0.22200000286102295,0.43869999051094055
YEL038W,YBR046C,0,-2.4510906,0.04815618321299553,0.22200000286102295,0.43880000710487366
YOR044W,YPR007C,0,-2.4511263,0.04814573749899864,0.22200000286102295,0.4388999938964844
YGR292W,YDR315C,0,-2.4527614,0.04813529923558235,0.22200000286102295,0.4390000104904175
YER041W,YPR034W,0,-2.4537935,0.04812486469745636,0.22200000286102295,0.4390999972820282
YHR023W,YHL011C,0,-2.4537961,0.048114433884620667,0.22200000286102295,0.4392000138759613
YOR267C,YPL234C,1,-2.4540308,0.04832069203257561,0.22300000488758087,0.4392000138759613
YOR143C,YNL161W,0,-2.4552758,0.04831022396683693,0.22300000488758087,0.439300000667572
YPL271W,YBR067C,0,-2.4553397,0.04829976335167885,0.22300000488758087,0.43939998745918274
YML076C,YGR162W,0,-2.4561954,0.04828930273652077,0.22300000488758087,0.43950000405311584
YER127W,YCR081W,0,-2.4564667,0.04827884957194328,0.22300000488758087,0.43959999084472656
YER178W,YPR031W,0,-2.4565103,0.0482683964073658,0.22300000488758087,0.43970000743865967
YPL099C,YHR066W,0,-2.4566994,0.04825795441865921,0.22300000488758087,0.4397999942302704
YHR136C,YOR047C,0,-2.4571097,0.04824751242995262,0.22300000488758087,0.4399000108242035
YNL250W,YOR159C,0,-2.457171,0.04823707416653633,0.22300000488758087,0.4399999976158142
YIL123W,YDR375C,0,-2.4577582,0.04822664335370064,0.22300000488758087,0.4401000142097473
YHR064C,YNR007C,0,-2.458041,0.04821621626615524,0.22300000488758087,0.44020000100135803
YOR355W,YFL026W,0,-2.4581914,0.048205792903900146,0.22300000488758087,0.44029998779296875
YJL012C,YDL148C,0,-2.4582937,0.04819537326693535,0.22300000488758087,0.44040000438690186
YOR230W,YML080W,0,-2.4586725,0.04818496108055115,0.22300000488758087,0.4404999911785126
YEL027W,YJR059W,1,-2.4587018,0.04839058220386505,0.2240000069141388,0.4404999911785126
YLR238W,YKL198C,0,-2.4589145,0.04838012903928757,0.2240000069141388,0.4406000077724457
YBR023C,YJR135W-A,0,-2.45947,0.04836968332529068,0.2240000069141388,0.4406999945640564
YHR114W,YDR256C,0,-2.459606,0.04835924133658409,0.2240000069141388,0.4408000111579895
YER174C,YMR301C,1,-2.459834,0.048564646393060684,0.22499999403953552,0.4408000111579895
YER174C,YKL175W,1,-2.4600437,0.048769962042570114,0.22599999606609344,0.4408000111579895
YDR176W,YBR006W,0,-2.4610703,0.04875943809747696,0.22599999606609344,0.4408999979496002
YCR052W,YMR184W,0,-2.4612877,0.0487489216029644,0.22599999606609344,0.4410000145435333
YGR083C,YNR067C,0,-2.461594,0.04873840883374214,0.22599999606609344,0.44110000133514404
YDR219C,YNL036W,0,-2.4616635,0.04872789978981018,0.22599999606609344,0.44119998812675476
YMR226C,YOL147C,0,-2.4621117,0.04871739447116852,0.22599999606609344,0.44130000472068787
YNL135C,YDR527W,0,-2.4622376,0.04870689660310745,0.22599999606609344,0.4413999915122986
YOR357C,YFL010W-A,0,-2.462264,0.048696402460336685,0.22599999606609344,0.4415000081062317
YGR262C,YPL123C,0,-2.4626431,0.048685912042856216,0.22599999606609344,0.4415999948978424
YNL127W,YIL062C,0,-2.4631913,0.048675425350666046,0.22599999606609344,0.4417000114917755
YPL083C,YEL012W,0,-2.463261,0.048664942383766174,0.22599999606609344,0.44179999828338623
YDR083W,YBL037W,0,-2.4635918,0.0486544668674469,0.22599999606609344,0.44190001487731934
YFR015C,YOL111C,0,-2.4640582,0.04864399507641792,0.22599999606609344,0.44200000166893005
YOL002C,YGL155W,1,-2.464124,0.0488487184047699,0.22699999809265137,0.44200000166893005
YBR247C,YKR089C,0,-2.4643018,0.048838209360837936,0.22699999809265137,0.44209998846054077
YLR237W,YLR360W,0,-2.4643118,0.048827704042196274,0.22699999809265137,0.4422000050544739
YMR221C,YOR311C,0,-2.4646175,0.04881720244884491,0.22699999809265137,0.4422999918460846
YJR102C,YPR143W,0,-2.4647563,0.04880670830607414,0.22699999809265137,0.4424000084400177
YBR181C,YKL007W,0,-2.4651322,0.048796217888593674,0.22699999809265137,0.4424999952316284
YDL133C-A,YDR447C,0,-2.4652622,0.0487857311964035,0.22699999809265137,0.4426000118255615
YML042W,YKL058W,0,-2.4653113,0.04877524822950363,0.22699999809265137,0.44269999861717224
YKL006W,YDR296W,0,-2.4656475,0.04876476898789406,0.22699999809265137,0.44279998540878296
YDR126W,YNL318C,0,-2.4658442,0.04875429719686508,0.22699999809265137,0.44290000200271606
YMR042W,YDL031W,0,-2.466255,0.048743825405836105,0.22699999809265137,0.4429999887943268
YLR344W,YPL163C,0,-2.4662888,0.048733361065387726,0.22699999809265137,0.4431000053882599
YOR226C,YOR079C,1,-2.4663336,0.048937540501356125,0.2280000001192093,0.4431000053882599
YJL194W,YIL034C,0,-2.4670477,0.04892703890800476,0.2280000001192093,0.4431999921798706
YDR492W,YLR447C,1,-2.4671578,0.049131087958812714,0.2290000021457672,0.4431999921798706
YLL055W,YJR006W,0,-2.4672225,0.049120549112558365,0.2290000021457672,0.4433000087738037
YMR023C,YBL013W,0,-2.4675353,0.049110013991594315,0.2290000021457672,0.44339999556541443
YJL168C,YIL148W,0,-2.467703,0.04909948632121086,0.2290000021457672,0.44350001215934753
YJL117W,YLR004C,0,-2.4678993,0.04908895865082741,0.2290000021457672,0.44359999895095825
YER093C,YDR517W,0,-2.4681957,0.04907843843102455,0.2290000021457672,0.44369998574256897
YKL126W,YGR169C,0,-2.4684904,0.04906792193651199,0.2290000021457672,0.4438000023365021
YJL089W,YPL011C,0,-2.4685366,0.04905741289258003,0.2290000021457672,0.4438999891281128
YPL204W,YBR029C,0,-2.469981,0.04904690384864807,0.2290000021457672,0.4440000057220459
YJR010C-A,YML063W,0,-2.4701798,0.04903640225529671,0.2290000021457672,0.4440999925136566
YGR244C,YNL068C,0,-2.470285,0.04902590438723564,0.2290000021457672,0.4442000091075897
YMR176W,YDR447C,0,-2.4704354,0.049015410244464874,0.2290000021457672,0.44429999589920044
YDR140W,YOR065W,0,-2.470511,0.049004923552274704,0.2290000021457672,0.44440001249313354
YER081W,YER098W,0,-2.4707608,0.048994436860084534,0.2290000021457672,0.44449999928474426
YMR186W,YGR010W,0,-2.4708195,0.04898395761847496,0.2290000021457672,0.444599986076355
YMR125W,YIR012W,0,-2.4713004,0.048973482102155685,0.2290000021457672,0.4447000026702881
YMR006C,YNL267W,0,-2.4715586,0.04896301031112671,0.2290000021457672,0.4447999894618988
YBR261C,YNL278W,0,-2.4716086,0.04895254224538803,0.2290000021457672,0.4449000060558319
YCR026C,YHL036W,0,-2.4717386,0.04894208163022995,0.2290000021457672,0.4449999928474426
YLR047C,YGL019W,1,-2.471761,0.049145299941301346,0.23000000417232513,0.4449999928474426
YGL209W,YJR051W,0,-2.4724915,0.04913480207324028,0.23000000417232513,0.44510000944137573
YPL183W-A,YHR169W,0,-2.4725301,0.049124304205179214,0.23000000417232513,0.44519999623298645
YAL019W,YDR441C,0,-2.4726179,0.049113817512989044,0.23000000417232513,0.44530001282691956
YJL035C,YPR133W-A,0,-2.4730308,0.049103330820798874,0.23000000417232513,0.4453999996185303
YML030W,YJL112W,0,-2.473121,0.049092847853899,0.23000000417232513,0.445499986410141
YMR094W,YDL149W,0,-2.4732354,0.04908237233757973,0.23000000417232513,0.4456000030040741
YOR388C,YLR183C,0,-2.4734867,0.04907190054655075,0.23000000417232513,0.4456999897956848
YDR492W,YML006C,1,-2.4737852,0.049274742603302,0.23100000619888306,0.4456999897956848
YCL001W,YJR092W,0,-2.4739926,0.04926423728466034,0.23100000619888306,0.4458000063896179
YDR285W,YGR260W,0,-2.473994,0.04925373196601868,0.23100000619888306,0.44589999318122864
YKR095W,YPL094C,0,-2.47422,0.04924323037266731,0.23100000619888306,0.44600000977516174
YER109C,YHR133C,0,-2.474398,0.049232736229896545,0.23100000619888306,0.44609999656677246
YAL017W,YJL172W,0,-2.4745195,0.04922224581241608,0.23100000619888306,0.44620001316070557
YMR136W,YDR228C,0,-2.4746382,0.049211759120225906,0.23100000619888306,0.4462999999523163
YOR027W,YNL059C,0,-2.4746544,0.049201276153326035,0.23100000619888306,0.446399986743927
YHR086W,YLR214W,0,-2.474661,0.04919080063700676,0.23100000619888306,0.4465000033378601
YNL065W,YGR281W,0,-2.4755049,0.04918032884597778,0.23100000619888306,0.4465999901294708
YPR036W,YGL006W,1,-2.4765878,0.04938271641731262,0.23199999332427979,0.4465999901294708
YGR145W,YHR008C,0,-2.4765947,0.04937220737338066,0.23199999332427979,0.44670000672340393
YMR313C,YMR169C,0,-2.4769156,0.049361702054739,0.23199999332427979,0.44679999351501465
YDR309C,YNL054W,0,-2.4774072,0.049351200461387634,0.23199999332427979,0.44690001010894775
YHR088W,YML109W,0,-2.4774802,0.04934070631861687,0.23199999332427979,0.44699999690055847
YBR296C,YMR048W,0,-2.4775243,0.0493302159011364,0.23199999332427979,0.4471000134944916
YOR226C,YOL002C,1,-2.4778717,0.04953231289982796,0.2329999953508377,0.4471000134944916
YGL028C,YKR103W,0,-2.4782503,0.049521785229444504,0.2329999953508377,0.4472000002861023
YJL214W,YBR042C,0,-2.4787283,0.04951126128435135,0.2329999953508377,0.447299987077713
YHR154W,YFL061W,0,-2.478742,0.04950074478983879,0.2329999953508377,0.4474000036716461
YAL040C,YDL230W,0,-2.479087,0.04949022829532623,0.2329999953508377,0.44749999046325684
YDR074W,YGR138C,0,-2.4791653,0.04947971925139427,0.2329999953508377,0.44760000705718994
YDR007W,YNL188W,0,-2.4795177,0.04946921393275261,0.2329999953508377,0.44769999384880066
YDR449C,YHR073W,0,-2.4797652,0.049458712339401245,0.2329999953508377,0.44780001044273376
YPR001W,YOR335C,0,-2.4797814,0.04944821819663048,0.2329999953508377,0.4478999972343445
YIR005W,YOR264W,0,-2.4798434,0.04943772405385971,0.2329999953508377,0.4480000138282776
YPL090C,YIL090W,0,-2.48053,0.04942723736166954,0.2329999953508377,0.4481000006198883
YHL016C,YJL112W,0,-2.4810941,0.04941675439476967,0.2329999953508377,0.448199987411499
YHR169W,YKL042W,0,-2.4812436,0.049406275153160095,0.2329999953508377,0.44830000400543213
YDR188W,YJR031C,0,-2.481297,0.04939580336213112,0.2329999953508377,0.44839999079704285
YLR139C,YBR160W,0,-2.4813325,0.04938533157110214,0.2329999953508377,0.44850000739097595
YKL210W,YPR182W,0,-2.4817936,0.04937486723065376,0.2329999953508377,0.44859999418258667
YDR005C,YLR348C,0,-2.481887,0.04936440661549568,0.2329999953508377,0.4487000107765198
YDR534C,YER098W,0,-2.4819474,0.0493539497256279,0.2329999953508377,0.4487999975681305
YKR027W,YMR173W,0,-2.4819577,0.049343500286340714,0.2329999953508377,0.4489000141620636
YJL155C,YML021C,0,-2.4820611,0.04933305084705353,0.2329999953508377,0.4490000009536743
YNL318C,YIL093C,0,-2.4825618,0.04932260885834694,0.2329999953508377,0.44909998774528503
YJL148W,YMR200W,0,-2.4827847,0.04931217059493065,0.2329999953508377,0.44920000433921814
YCR107W,YPL218W,0,-2.4829435,0.04930173605680466,0.2329999953508377,0.44929999113082886
YCR031C,YGL206C,0,-2.4830146,0.049291305243968964,0.2329999953508377,0.44940000772476196
YLR447C,YJL056C,1,-2.4833677,0.04949238523840904,0.23399999737739563,0.44940000772476196
YPR156C,YDL217C,0,-2.483416,0.04948192089796066,0.23399999737739563,0.4494999945163727
YDL039C,YMR290C,0,-2.4835005,0.04947146028280258,0.23399999737739563,0.4496000111103058
YGR106C,YGL093W,0,-2.4835286,0.0494610033929348,0.23399999737739563,0.4496999979019165
YDL180W,YDR178W,0,-2.4845762,0.049450550228357315,0.23399999737739563,0.4498000144958496
YCR054C,YMR287C,0,-2.48464,0.04944010078907013,0.23399999737739563,0.4499000012874603
YMR110C,YOR346W,0,-2.4849904,0.04942965880036354,0.23399999737739563,0.44999998807907104
YER177W,YDR503C,0,-2.4860094,0.04941921681165695,0.23399999737739563,0.45010000467300415
YER117W,YAL043C,0,-2.486446,0.04940878227353096,0.23399999737739563,0.45019999146461487
YAL017W,YMR075W,0,-2.4871142,0.049398355185985565,0.23399999737739563,0.450300008058548
YDR407C,YGR008C,0,-2.4874372,0.04938792809844017,0.23399999737739563,0.4503999948501587
YLL061W,YOR176W,0,-2.4874775,0.049377504736185074,0.23399999737739563,0.4505000114440918
YLR061W,YMR145C,0,-2.4875124,0.049367088824510574,0.23399999737739563,0.4505999982357025
YLR432W,YLR330W,0,-2.487524,0.04935667663812637,0.23399999737739563,0.4507000148296356
YMR049C,YOR261C,0,-2.4878757,0.04934626817703247,0.23399999737739563,0.45080000162124634
YJR045C,YGL094C,0,-2.488208,0.04933586344122887,0.23399999737739563,0.45089998841285706
YLR134W,YBR042C,0,-2.4882095,0.04932546243071556,0.23399999737739563,0.45100000500679016
YNR001C,YDR038C,0,-2.4884706,0.04931506887078285,0.23399999737739563,0.4510999917984009
YOR308C,YHR044C,0,-2.488653,0.04930467903614044,0.23399999737739563,0.451200008392334
YGL192W,YEL001C,0,-2.4887998,0.04929429292678833,0.23399999737739563,0.4512999951839447
YPL200W,YDR005C,0,-2.4888499,0.04928391054272652,0.23399999737739563,0.4514000117778778
YOL104C,YJR112W,0,-2.4891648,0.049273531883955,0.23399999737739563,0.4514999985694885
YLR196W,YNL107W,0,-2.4896376,0.049263156950473785,0.23399999737739563,0.45159998536109924
YGL136C,YDR165W,0,-2.4896457,0.049252789467573166,0.23399999737739563,0.45170000195503235
YLR300W,YPL007C,0,-2.4904344,0.049242425709962845,0.23399999737739563,0.45179998874664307
YPL021W,YPL206C,0,-2.4905863,0.04923206567764282,0.23399999737739563,0.45190000534057617
YJL098W,YDR201W,0,-2.4909263,0.0492217093706131,0.23399999737739563,0.4519999921321869
YJL090C,YGR080W,0,-2.4910038,0.04921135678887367,0.23399999737739563,0.45210000872612
YPL234C,YLR047C,1,-2.4911346,0.04941127076745033,0.23499999940395355,0.45210000872612
YPR068C,YGL122C,0,-2.4919102,0.04940088465809822,0.23499999940395355,0.4521999955177307
YLR139C,YOL020W,0,-2.4920626,0.04939049854874611,0.23499999940395355,0.4523000121116638
YPR149W,YGR014W,0,-2.4920824,0.04938012361526489,0.23499999940395355,0.45239999890327454
YPR036W,YKL134C,1,-2.492263,0.04957983270287514,0.23600000143051147,0.45239999890327454
YLR109W,YDR440W,0,-2.4927478,0.04956941679120064,0.23600000143051147,0.45249998569488525
YOR267C,YHR194W,1,-2.492782,0.04976900294423103,0.2370000034570694,0.45249998569488525
YLR234W,YGL233W,0,-2.492922,0.049758557230234146,0.2370000034570694,0.45260000228881836
YDR279W,YHR184W,0,-2.4929478,0.04974811151623726,0.2370000034570694,0.4526999890804291
YPL058C,YNL288W,0,-2.493422,0.04973766952753067,0.2370000034570694,0.4528000056743622
YEL070W,YGL169W,0,-2.494235,0.04972723498940468,0.2370000034570694,0.4528999924659729
YLR005W,YPL220W,0,-2.4948647,0.049716804176568985,0.2370000034570694,0.453000009059906
YHR149C,YHR001W-A,0,-2.4951847,0.04970637708902359,0.2370000034570694,0.4530999958515167
YIR012W,YDR014W,0,-2.495286,0.049695953726768494,0.2370000034570694,0.45320001244544983
YGR179C,YBR291C,0,-2.4953272,0.049685534089803696,0.2370000034570694,0.45329999923706055
YOL067C,YPL215W,0,-2.4955547,0.049675121903419495,0.2370000034570694,0.45339998602867126
YGL162W,YHR051W,0,-2.49559,0.049664709717035294,0.2370000034570694,0.45350000262260437
YNL061W,YMR089C,0,-2.4961197,0.04965430498123169,0.2370000034570694,0.4535999894142151
YOR063W,YOL102C,0,-2.4962792,0.049643903970718384,0.2370000034570694,0.4537000060081482
YDR174W,YEL069C,0,-2.4963422,0.04963350668549538,0.2370000034570694,0.4537999927997589
YNR074C,YJL133W,0,-2.4964106,0.049623116850852966,0.2370000034570694,0.453900009393692
YBR158W,YGR260W,0,-2.4965072,0.049612727016210556,0.2370000034570694,0.45399999618530273
YOL065C,YBR297W,0,-2.4971879,0.04960234463214874,0.2370000034570694,0.45410001277923584
YDR130C,YOR047C,0,-2.4972184,0.04959196597337723,0.2370000034570694,0.45419999957084656
YOL090W,YDL137W,0,-2.498248,0.04958159103989601,0.2370000034570694,0.4542999863624573
YHR023W,YOL031C,0,-2.498348,0.04957121983170509,0.2370000034570694,0.4544000029563904
YKL062W,YJR101W,0,-2.499551,0.049560852348804474,0.2370000034570694,0.4544999897480011
YOL158C,YER133W,1,-2.4997685,0.04975956678390503,0.23800000548362732,0.4544999897480011
YOR226C,YOR147W,1,-2.4998581,0.04995819553732872,0.23899999260902405,0.4544999897480011
YOR267C,YDL198C,1,-2.5001967,0.050156738609075546,0.23999999463558197,0.4544999897480011
YNL012W,YMR297W,0,-2.5004857,0.05014625936746597,0.23999999463558197,0.4546000063419342
YGL115W,YPL126W,0,-2.500766,0.0501357838511467,0.23999999463558197,0.4546999931335449
YBR230C,YKL154W,0,-2.5016596,0.05012531206011772,0.23999999463558197,0.454800009727478
YGR144W,YLR055C,0,-2.5028148,0.05011484771966934,0.23999999463558197,0.45489999651908875
YDR392W,YIL173W,0,-2.5029085,0.05010438337922096,0.23999999463558197,0.45500001311302185
YOR174W,YJR135W-A,0,-2.503154,0.05009392648935318,0.23999999463558197,0.45509999990463257
YML132W,YGR020C,1,-2.503361,0.05029215291142464,0.2409999966621399,0.45509999990463257
YGR200C,YNL317W,0,-2.5035207,0.05028166249394417,0.2409999966621399,0.4551999866962433
YPL146C,YOR167C,0,-2.503524,0.0502711720764637,0.2409999966621399,0.4553000032901764
YGR171C,YEL012W,0,-2.5035765,0.05026068910956383,0.2409999966621399,0.4553999900817871
YPR049C,YLR246W,0,-2.5037446,0.050250209867954254,0.2409999966621399,0.4555000066757202
YJL003W,YLL024C,0,-2.5037754,0.05023973435163498,0.2409999966621399,0.45559999346733093
YNL001W,YDR109C,0,-2.5039337,0.050229262560606,0.2409999966621399,0.45570001006126404
YJR104C,YOR381W,1,-2.50394,0.05042717233300209,0.24199999868869781,0.45570001006126404
YOL158C,YKL190W,1,-2.5039804,0.05062500014901161,0.24300000071525574,0.45570001006126404
YOR313C,YEL001C,0,-2.5045543,0.050614453852176666,0.24300000071525574,0.45579999685287476
YGL053W,YDR528W,0,-2.5045564,0.05060391500592232,0.24300000071525574,0.45590001344680786
YIL034C,YFR019W,0,-2.5046737,0.05059337988495827,0.24300000071525574,0.4560000002384186
YDL185W,YMR177W,1,-2.504946,0.05079100653529167,0.24400000274181366,0.4560000002384186
YJR139C,YER123W,0,-2.5057995,0.050780437886714935,0.24400000274181366,0.4560999870300293
YEL056W,YBR092C,0,-2.5058837,0.0507698692381382,0.24400000274181366,0.4562000036239624
YER127W,YDL130W,0,-2.5062077,0.05075930804014206,0.24400000274181366,0.4562999904155731
YHL024W,YCR009C,0,-2.506317,0.05074875056743622,0.24400000274181366,0.4564000070095062
YER155C,YOR294W,0,-2.5067,0.050738200545310974,0.24400000274181366,0.45649999380111694
YGL019W,YOR381W,1,-2.506859,0.05093555152416229,0.24500000476837158,0.45649999380111694
YML124C,YDL106C,0,-2.5069215,0.050924964249134064,0.24500000476837158,0.45660001039505005
YMR023C,YBR233W-A,0,-2.5072758,0.05091438069939613,0.24500000476837158,0.45669999718666077
YPL002C,YGR103W,0,-2.507366,0.0509038008749485,0.24500000476837158,0.45680001378059387
YNR057C,YBR119W,0,-2.507992,0.05089322850108147,0.24500000476837158,0.4569000005722046
YLR268W,YOL117W,0,-2.508651,0.05088265985250473,0.24500000476837158,0.4569999873638153
YCL048W,YGR095C,0,-2.5088298,0.050872091203927994,0.24500000476837158,0.4571000039577484
YHR008C,YDL209C,0,-2.5091496,0.05086153373122215,0.24500000476837158,0.45719999074935913
YGR244C,YOR179C,0,-2.5094676,0.05085097625851631,0.24500000476837158,0.45730000734329224
YDR313C,YDR014W,0,-2.509672,0.05084042251110077,0.24500000476837158,0.45739999413490295
YIL056W,YOL096C,0,-2.5097294,0.05082987621426582,0.24500000476837158,0.45750001072883606
YDR495C,YOR381W,1,-2.5097578,0.051026757806539536,0.2460000067949295,0.45750001072883606
YBL087C,YPL002C,0,-2.509895,0.051016174256801605,0.2460000067949295,0.4575999975204468
YNL128W,YLR203C,0,-2.510062,0.05100559815764427,0.2460000067949295,0.4577000141143799
YKL093W,YPL220W,0,-2.5104697,0.05099502578377724,0.2460000067949295,0.4578000009059906
YER133W,YHL047C,1,-2.5105507,0.05119170993566513,0.24699999392032623,0.4578000009059906
YGL161C,YOR351C,0,-2.510687,0.05118110403418541,0.24699999392032623,0.4578999876976013
YDR087C,YDR054C,0,-2.5107217,0.05117049813270569,0.24699999392032623,0.4580000042915344
YFL045C,YJL073W,0,-2.5112948,0.051159899681806564,0.24699999392032623,0.45809999108314514
YAL003W,YDR028C,0,-2.511361,0.05114930495619774,0.24699999392032623,0.45820000767707825
YMR234W,YGL209W,0,-2.5117648,0.05113871768116951,0.24699999392032623,0.45829999446868896
YDR060W,YGL025C,0,-2.5123506,0.05112813040614128,0.24699999392032623,0.45840001106262207
YLR466W,YDL008W,0,-2.5125117,0.05111755058169365,0.24699999392032623,0.4584999978542328
YGL209W,YFR033C,0,-2.5126674,0.051106974482536316,0.24699999392032623,0.4586000144481659
YIL140W,YDR473C,0,-2.512761,0.05109640210866928,0.24699999392032623,0.4587000012397766
YMR150C,YPR054W,0,-2.5129201,0.051085833460092545,0.24699999392032623,0.45879998803138733
YDL179W,YHR057C,0,-2.5131896,0.05107526853680611,0.24699999392032623,0.45890000462532043
YJR036C,YLL034C,0,-2.5133364,0.051064711064100266,0.24699999392032623,0.45899999141693115
YDR087C,YIL075C,0,-2.5134015,0.051054153591394424,0.24699999392032623,0.45910000801086426
YJL173C,YIR011C,0,-2.5136018,0.05104360356926918,0.24699999392032623,0.459199994802475
YMR301C,YDR515W,1,-2.5136683,0.05123966932296753,0.24799999594688416,0.459199994802475
YBR245C,YDR046C,0,-2.513728,0.0512290857732296,0.24799999594688416,0.4593000113964081
YIL167W,YCR039C,0,-2.5137355,0.05121850594878197,0.24799999594688416,0.4593999981880188
YMR002W,YJR009C,0,-2.513994,0.051207929849624634,0.24799999594688416,0.4595000147819519
YJR013W,YGR027C,0,-2.5141742,0.0511973574757576,0.24799999594688416,0.4596000015735626
YGL127C,YLR329W,0,-2.5142915,0.05118678882718086,0.24799999594688416,0.45969998836517334
YGR262C,YOL069W,0,-2.5143492,0.05117622762918472,0.24799999594688416,0.45980000495910645
YNR024W,YER106W,0,-2.5143633,0.05116567015647888,0.24799999594688416,0.45989999175071716
YHR005C-A,YHR076W,0,-2.5144348,0.05115511640906334,0.24799999594688416,0.46000000834465027
YOL009C,YGR082W,0,-2.51462,0.051144566386938095,0.24799999594688416,0.460099995136261
YOL093W,YOR057W,0,-2.5146797,0.05113402009010315,0.24799999594688416,0.4602000117301941
YOR063W,YOR109W,0,-2.5148218,0.0511234812438488,0.24799999594688416,0.4602999985218048
YLR151C,YMR211W,0,-2.51502,0.05111294239759445,0.24799999594688416,0.4603999853134155
YBL091C-A,YOR145C,0,-2.5150206,0.0511024110019207,0.24799999594688416,0.46050000190734863
YIL035C,YBR295W,1,-2.5153182,0.05129789933562279,0.24899999797344208,0.46050000190734863
YOR267C,YHR039C-A,1,-2.5153565,0.05149330571293831,0.25,0.46050000190734863
YLR364W,YCL027W,0,-2.5154793,0.051482703536748886,0.25,0.46059998869895935
YER007C-A,YJL164C,0,-2.5155056,0.051472101360559464,0.25,0.46070000529289246
YDL205C,YHL025W,0,-2.5155103,0.05146150663495064,0.25,0.4607999920845032
YBL091C-A,YLR325C,0,-2.5159085,0.05145091563463211,0.25,0.4609000086784363
YKR031C,YDL204W,0,-2.5161655,0.05144032835960388,0.25,0.460999995470047
YPL135W,YGL155W,1,-2.5162032,0.051635466516017914,0.25099998712539673,0.460999995470047
YER142C,YBR030W,0,-2.5162861,0.051624845713377,0.25099998712539673,0.4611000120639801
YDR052C,YJR094W-A,0,-2.5165713,0.05161422863602638,0.25099998712539673,0.4611999988555908
YJL125C,YOL121C,0,-2.5173447,0.05160361900925636,0.25099998712539673,0.46129998564720154
YGR082W,YOR180C,0,-2.5177052,0.05159301310777664,0.25099998712539673,0.46140000224113464
YLR097C,YLR315W,0,-2.5179522,0.05158240720629692,0.25099998712539673,0.46149998903274536
YOR308C,YPL087W,0,-2.518056,0.0515718087553978,0.25099998712539673,0.46160000562667847
YHR103W,YFL061W,0,-2.518064,0.05156121775507927,0.25099998712539673,0.4616999924182892
YPR001W,YHL034C,0,-2.5180647,0.05155062675476074,0.25099998712539673,0.4618000090122223
YLR289W,YDR465C,0,-2.5184479,0.05154003947973251,0.25099998712539673,0.461899995803833
YBR061C,YDR263C,0,-2.5190773,0.05152945965528488,0.25099998712539673,0.4620000123977661
YNL278W,YLR172C,0,-2.5191672,0.05151888355612755,0.25099998712539673,0.46209999918937683
YJR059W,YDR098C,1,-2.5193865,0.051713522523641586,0.25200000405311584,0.46209999918937683
YLR098C,YJL140W,0,-2.51994,0.05170291289687157,0.25200000405311584,0.46219998598098755
YOR226C,YMR243C,1,-2.5200326,0.05189743638038635,0.2529999911785126,0.46219998598098755
YPR005C,YGR234W,0,-2.5200775,0.05188679322600365,0.2529999911785126,0.46230000257492065
YMR101C,YCL043C,0,-2.5201948,0.05187615379691124,0.2529999911785126,0.46239998936653137
YDR263C,YDR175C,0,-2.5202224,0.05186551809310913,0.2529999911785126,0.4625000059604645
YLR315W,YBL017C,0,-2.5202527,0.05185488983988762,0.2529999911785126,0.4625999927520752
YOR270C,YOL101C,1,-2.52088,0.0520491786301136,0.2540000081062317,0.4625999927520752
YER104W,YOR091W,0,-2.5210755,0.052038516849279404,0.2540000081062317,0.4627000093460083
YPL110C,YDR002W,0,-2.5212882,0.052027858793735504,0.2540000081062317,0.462799996137619
YHR205W,YLL061W,0,-2.521315,0.052017200738191605,0.2540000081062317,0.4629000127315521
YDR478W,YJR042W,0,-2.5214553,0.0520065538585186,0.2540000081062317,0.46299999952316284
YBR046C,YPL140C,0,-2.521683,0.051995906978845596,0.2540000081062317,0.46309998631477356
YFR032C-A,YFL049W,0,-2.5217552,0.05198526382446289,0.2540000081062317,0.46320000290870667
YPR122W,YDR545W,0,-2.5225441,0.05197462812066078,0.2540000081062317,0.4632999897003174
YDR361C,YDL106C,0,-2.5225914,0.05196399241685867,0.2540000081062317,0.4634000062942505
YDR328C,YDR270W,1,-2.522958,0.05215790495276451,0.2549999952316284,0.4634000062942505
YDR423C,YMR117C,0,-2.5230255,0.052147239446640015,0.2549999952316284,0.4634999930858612
YOR054C,YGL155W,1,-2.5240352,0.0523410327732563,0.25600001215934753,0.4634999930858612
YBL087C,YJL127C,0,-2.5240705,0.05233033373951912,0.25600001215934753,0.4636000096797943
YJR009C,YKL168C,0,-2.524316,0.052319642156362534,0.25600001215934753,0.46369999647140503
YOL005C,YLR186W,0,-2.5245373,0.05230895057320595,0.25600001215934753,0.46380001306533813
YJL108C,YFR031C,0,-2.5247328,0.05229826271533966,0.25600001215934753,0.46389999985694885
YDR245W,YAL017W,0,-2.52578,0.05228758230805397,0.25600001215934753,0.46399998664855957
YMR143W,YIL093C,0,-2.5264485,0.05227690562605858,0.25600001215934753,0.4641000032424927
YER185W,YIL140W,0,-2.526581,0.052266232669353485,0.25600001215934753,0.4641999900341034
YLR134W,YNL079C,0,-2.5267081,0.05225556343793869,0.25600001215934753,0.4643000066280365
YDR464W,YDR329C,0,-2.5267272,0.052244897931814194,0.25600001215934753,0.4643999934196472
YER087C-B,YFL025C,0,-2.526985,0.052234236150979996,0.25600001215934753,0.4645000100135803
YOR143C,YLR139C,0,-2.5270345,0.052223581820726395,0.25600001215934753,0.46459999680519104
YDL035C,YBR054W,0,-2.5271988,0.05221293121576309,0.25600001215934753,0.46470001339912415
YGR058W,YDL051W,0,-2.5277164,0.05220228433609009,0.25600001215934753,0.46480000019073486
YGL003C,YGR118W,0,-2.5277708,0.05219164118170738,0.25600001215934753,0.4648999869823456
YDR144C,YMR128W,0,-2.5278013,0.052181001752614975,0.25600001215934753,0.4650000035762787
YGL087C,YLR401C,0,-2.52785,0.052170369774103165,0.25600001215934753,0.4650999903678894
YER044C,YER008C,0,-2.5283475,0.052159737795591354,0.25600001215934753,0.4652000069618225
YDL179W,YCR092C,0,-2.529192,0.05214911326766014,0.25600001215934753,0.4652999937534332
YOR054C,YMR301C,1,-2.5293796,0.05234215781092644,0.25699999928474426,0.4652999937534332
YNL210W,YGL113W,0,-2.5299065,0.05233149975538254,0.25699999928474426,0.46540001034736633
YDR492W,YLR023C,1,-2.530236,0.05252442881464958,0.257999986410141,0.46540001034736633
YDL022W,YLR295C,0,-2.5305266,0.052513737231492996,0.257999986410141,0.46549999713897705
YMR232W,YPL085W,0,-2.530721,0.05250305309891701,0.257999986410141,0.46560001373291016
YJR001W,YNL311C,0,-2.5311992,0.05249236896634102,0.257999986410141,0.4657000005245209
YKL029C,YIL125W,0,-2.5312002,0.05248169228434563,0.257999986410141,0.4657999873161316
YPL204W,YPL095C,0,-2.531738,0.05247101932764053,0.257999986410141,0.4659000039100647
YLR396C,YKL185W,0,-2.5317595,0.05246035009622574,0.257999986410141,0.4659999907016754
YIL142W,YHR164C,0,-2.5320556,0.05244968459010124,0.257999986410141,0.4661000072956085
YNL102W,YPL188W,0,-2.5324347,0.052439022809267044,0.257999986410141,0.46619999408721924
YER055C,YMR100W,0,-2.5332003,0.05242836847901344,0.257999986410141,0.46630001068115234
YOL052C,YPL033C,0,-2.5335226,0.05241771787405014,0.257999986410141,0.46639999747276306
YER086W,YAL011W,0,-2.533631,0.05240706726908684,0.257999986410141,0.46650001406669617
YOR267C,YPR036W,1,-2.5347097,0.05259951204061508,0.2590000033378601,0.46650001406669617
YLL019C,YHR179W,0,-2.535818,0.05258883163332939,0.2590000033378601,0.4666000008583069
YBR010W,YBR193C,0,-2.5363543,0.052578154951334,0.2590000033378601,0.4666999876499176
YDL185W,YOR226C,1,-2.5364544,0.05277044698596001,0.25999999046325684,0.4666999876499176
YHR171W,YJR112W,0,-2.5373857,0.05275974050164223,0.25999999046325684,0.4668000042438507
YGL071W,YBR105C,0,-2.5373938,0.052749037742614746,0.25999999046325684,0.4668999910354614
YGL253W,YGL092W,0,-2.5376227,0.052738334983587265,0.25999999046325684,0.46700000762939453
YDR411C,YPR026W,0,-2.5380213,0.05272763967514038,0.25999999046325684,0.46709999442100525
YER131W,YER114C,0,-2.5385125,0.052716951817274094,0.25999999046325684,0.46720001101493835
YBR059C,YGL096W,0,-2.5387769,0.052706263959407806,0.25999999046325684,0.4672999978065491
YMR101C,YGL220W,0,-2.5391495,0.05269557982683182,0.25999999046325684,0.4674000144004822
YPR081C,YEL037C,0,-2.5394804,0.052684903144836426,0.25999999046325684,0.4675000011920929
YDR270W,YOR147W,1,-2.5396004,0.05287682265043259,0.26100000739097595,0.4675000011920929
YER185W,YLR386W,0,-2.5402477,0.05286611244082451,0.26100000739097595,0.4675999879837036
YDR087C,YDR383C,0,-2.5403688,0.05285540595650673,0.26100000739097595,0.4677000045776367
YDR496C,YDR093W,0,-2.5409055,0.052844706922769547,0.26100000739097595,0.46779999136924744
YIL037C,YJL196C,0,-2.5409577,0.052834007889032364,0.26100000739097595,0.46790000796318054
YPL050C,YNL012W,0,-2.5415518,0.05282331630587578,0.26100000739097595,0.46799999475479126
YGL004C,YLR106C,0,-2.5420766,0.05281262472271919,0.26100000739097595,0.46810001134872437
YGL062W,YHR179W,0,-2.5421576,0.052801940590143204,0.26100000739097595,0.4681999981403351
YHR116W,YML091C,0,-2.5422382,0.05279126390814781,0.26100000739097595,0.4683000147342682
YJL186W,YNR032C-A,0,-2.5429497,0.05278058722615242,0.26100000739097595,0.4684000015258789
YCR098C,YOR236W,0,-2.5431964,0.05276991426944733,0.26100000739097595,0.4684999883174896
YGL259W,YGL236C,0,-2.543333,0.05275924876332283,0.26100000739097595,0.46860000491142273
YFR021W,YIR012W,0,-2.5435913,0.05274858698248863,0.26100000739097595,0.46869999170303345
YIR011C,YPR016C,0,-2.5437229,0.052737925201654434,0.26100000739097595,0.46880000829696655
YGR225W,YDL235C,0,-2.5441067,0.05272727087140083,0.26100000739097595,0.46889999508857727
YJL108C,YLR005W,0,-2.5444353,0.05271662399172783,0.26100000739097595,0.4690000116825104
YGR202C,YJL170C,0,-2.5449505,0.052705977112054825,0.26100000739097595,0.4690999984741211
YKL134C,YGL006W,1,-2.544987,0.05289723351597786,0.2619999945163727,0.4690999984741211
YLR260W,YDL216C,0,-2.5456338,0.05288655683398247,0.2619999945163727,0.4691999852657318
YGL180W,YDL040C,0,-2.54568,0.052875883877277374,0.2619999945163727,0.4693000018596649
YDR451C,YHR156C,0,-2.5462105,0.05286521464586258,0.2619999945163727,0.46939998865127563
YJR073C,YBR214W,0,-2.5463054,0.05285454913973808,0.2619999945163727,0.46950000524520874
YOL126C,YGL163C,0,-2.5466442,0.052843887358903885,0.2619999945163727,0.46959999203681946
YER174C,YMR177W,1,-2.5468345,0.053034886717796326,0.2630000114440918,0.46959999203681946
YDR471W,YGL244W,0,-2.547392,0.05302419513463974,0.2630000114440918,0.46970000863075256
YDR083W,YOR070C,0,-2.5478656,0.053013503551483154,0.2630000114440918,0.4697999954223633
YHR010W,YDL036C,0,-2.5482557,0.053002823144197464,0.2630000114440918,0.4699000120162964
YDR270W,YJR049C,1,-2.548375,0.05319363251328468,0.2639999985694885,0.4699000120162964
YML012W,YCL054W,0,-2.548847,0.05318291857838631,0.2639999985694885,0.4699999988079071
YIL072W,YNL119W,0,-2.549301,0.05317220464348793,0.2639999985694885,0.4700999855995178
YJR010W,YJL052W,0,-2.5493395,0.05316149815917015,0.2639999985694885,0.4702000021934509
YGR082W,YBR301W,0,-2.5494335,0.05315079540014267,0.2639999985694885,0.47029998898506165
YHR101C,YKL143W,0,-2.5495496,0.05314009636640549,0.2639999985694885,0.47040000557899475
YOR047C,YHR106W,0,-2.5498092,0.0531294010579586,0.2639999985694885,0.47049999237060547
YIL062C,YLL034C,0,-2.5501175,0.053118713200092316,0.2639999985694885,0.4706000089645386
YBR214W,YDR470C,0,-2.550328,0.05310802534222603,0.2639999985694885,0.4706999957561493
YJR045C,YLR187W,0,-2.551251,0.05309734493494034,0.2639999985694885,0.4708000123500824
YDR146C,YLR090W,0,-2.5514305,0.053086668252944946,0.2639999985694885,0.4708999991416931
YGR075C,YGL120C,0,-2.551439,0.05307599529623985,0.2639999985694885,0.47099998593330383
YIL101C,YGL090W,0,-2.5515728,0.05306532606482506,0.2639999985694885,0.47110000252723694
YJR073C,YMR302C,0,-2.5515735,0.05305466055870056,0.2639999985694885,0.47119998931884766
YMR234W,YPR167C,0,-2.5519316,0.05304400250315666,0.2639999985694885,0.47130000591278076
YOR191W,YPL095C,0,-2.5520227,0.05303334817290306,0.2639999985694885,0.4713999927043915
YER117W,YFR013W,0,-2.5521586,0.05302269384264946,0.2639999985694885,0.4715000092983246
YGR175C,YPL213W,0,-2.552547,0.053012046962976456,0.2639999985694885,0.4715999960899353
YJL059W,YKR007W,1,-2.5528212,0.05320216715335846,0.26499998569488525,0.4715999960899353
YHR081W,YFR008W,0,-2.552961,0.05319149047136307,0.26499998569488525,0.4717000126838684
YPL209C,YJR158W,0,-2.5540605,0.053180813789367676,0.26499998569488525,0.4717999994754791
YER165W,YMR156C,0,-2.5552073,0.05317014455795288,0.26499998569488525,0.47189998626708984
YJR102C,YNR070W,0,-2.555481,0.053159479051828384,0.26499998569488525,0.47200000286102295
YMR177W,YOR332W,1,-2.55588,0.05334937945008278,0.26600000262260437,0.47200000286102295
YNR030W,YBR257W,0,-2.5560796,0.053338680416345596,0.26600000262260437,0.47209998965263367
YBL054W,YPL096W,0,-2.5563962,0.05332798883318901,0.26600000262260437,0.4722000062465668
YKL026C,YMR090W,0,-2.556491,0.053317297250032425,0.26600000262260437,0.4722999930381775
YPR048W,YDR363W-A,0,-2.5577638,0.053306613117456436,0.26600000262260437,0.4724000096321106
YLR304C,YBR093C,0,-2.5578997,0.053295932710170746,0.26600000262260437,0.4724999964237213
YDR197W,YEL024W,0,-2.5593073,0.053285256028175354,0.26600000262260437,0.4726000130176544
YLR006C,YNR015W,0,-2.5593646,0.05327458307147026,0.26600000262260437,0.47269999980926514
YNR006W,YGR165W,0,-2.5594227,0.053263917565345764,0.26600000262260437,0.47279998660087585
YDL130W-A,YML067C,0,-2.559849,0.05325325205922127,0.26600000262260437,0.47290000319480896
YNL283C,YOL009C,0,-2.559915,0.05324259400367737,0.26600000262260437,0.4729999899864197
YGR224W,YNL051W,0,-2.5599248,0.05323193967342377,0.26600000262260437,0.4731000065803528
YOR332W,YJL056C,1,-2.5600271,0.05342136695981026,0.2669999897480011,0.4731000065803528
YDR137W,YIL078W,0,-2.5600357,0.05341068282723427,0.2669999897480011,0.4731999933719635
YGL016W,YPL110C,0,-2.5601175,0.05339999869465828,0.2669999897480011,0.4733000099658966
YJL155C,YDR261C,0,-2.5606596,0.05338932201266289,0.2669999897480011,0.4733999967575073
YKL081W,YDR420W,0,-2.5609457,0.053378649055957794,0.2669999897480011,0.47350001335144043
YGR179C,YNR017W,0,-2.5615695,0.053367979824543,0.2669999897480011,0.47360000014305115
YML013W,YIL053W,0,-2.561756,0.0533573143184185,0.2669999897480011,0.47369998693466187
YHR136C,YHR156C,0,-2.5620065,0.053346652537584305,0.2669999897480011,0.47380000352859497
YHR136C,YDR325W,0,-2.5626822,0.053335998207330704,0.2669999897480011,0.4738999903202057
YPR083W,YER044C,0,-2.5634184,0.0533253438770771,0.2669999897480011,0.4740000069141388
YLR239C,YCL025C,0,-2.5635898,0.0533146969974041,0.2669999897480011,0.4740999937057495
YGR179C,YHR051W,0,-2.5641606,0.05330405384302139,0.2669999897480011,0.4742000102996826
YCR010C,YOR074C,0,-2.564487,0.053293414413928986,0.2669999897480011,0.47429999709129333
YJL056C,YPL177C,1,-2.5648503,0.05348233878612518,0.2680000066757202,0.47429999709129333
YAL008W,YIL094C,0,-2.5652022,0.05347166955471039,0.2680000066757202,0.47440001368522644
YNL199C,YJR127C,0,-2.5652409,0.05346100032329559,0.2680000066757202,0.47450000047683716
YLR293C,YIL134W,0,-2.5654085,0.053450338542461395,0.2680000066757202,0.4745999872684479
YMR257C,YDL143W,0,-2.5654185,0.053439680486917496,0.2680000066757202,0.474700003862381
YER117W,YOL031C,0,-2.5656617,0.053429026156663895,0.2680000066757202,0.4747999906539917
YLR247C,YPL138C,0,-2.5657647,0.05341837927699089,0.2680000066757202,0.4749000072479248
YLR023C,YGR029W,1,-2.5664866,0.05360701307654381,0.26899999380111694,0.4749000072479248
YMR201C,YGR234W,0,-2.5672781,0.05359633266925812,0.26899999380111694,0.4749999940395355
YHR129C,YLL034C,0,-2.5672877,0.053585655987262726,0.26899999380111694,0.47510001063346863
YOR297C,YGL251C,0,-2.567458,0.05357498675584793,0.26899999380111694,0.47519999742507935
YJL170C,YLR291C,0,-2.5675075,0.053564317524433136,0.26899999380111694,0.47530001401901245
YDR436W,YDL185W,1,-2.5681503,0.05375273898243904,0.27000001072883606,0.47530001401901245
YJL035C,YER013W,0,-2.5683696,0.05374203994870186,0.27000001072883606,0.47540000081062317
YPL176C,YDR078C,0,-2.5683792,0.053731344640254974,0.27000001072883606,0.4754999876022339
YBR196C,YLR401C,0,-2.5689313,0.05372065305709839,0.27000001072883606,0.475600004196167
YDR204W,YKL116C,0,-2.5691855,0.0537099651992321,0.27000001072883606,0.4756999909877777
YLR083C,YOL011W,0,-2.5692873,0.05369928479194641,0.27000001072883606,0.4758000075817108
YPL200W,YNL061W,0,-2.5699627,0.05368860438466072,0.27000001072883606,0.47589999437332153
YPL022W,YPR138C,0,-2.5704107,0.05367793142795563,0.27000001072883606,0.47600001096725464
YOR358W,YDR023W,0,-2.5704763,0.05366726219654083,0.27000001072883606,0.47609999775886536
YGL186C,YGR030C,0,-2.5706103,0.053656596690416336,0.27000001072883606,0.47620001435279846
YNR057C,YPL036W,0,-2.5707107,0.053645938634872437,0.27000001072883606,0.4763000011444092
YNL259C,YPL135W,1,-2.5712347,0.05383392795920372,0.2709999978542328,0.4763000011444092
YKL010C,YJL044C,0,-2.5714195,0.053823236376047134,0.2709999978542328,0.4763999879360199
YCR031C,YPL173W,0,-2.5715415,0.05381254851818085,0.2709999978542328,0.476500004529953
YOL065C,YCL054W,0,-2.5721369,0.05380186438560486,0.2709999978542328,0.4765999913215637
YDL061C,YOR372C,0,-2.5722988,0.05379118770360947,0.2709999978542328,0.4767000079154968
YGL259W,YML071C,0,-2.5724766,0.053780511021614075,0.2709999978542328,0.47679999470710754
YDR253C,YPL194W,0,-2.5725815,0.05376984179019928,0.2709999978542328,0.47690001130104065
YER072W,YKL052C,0,-2.5726736,0.05375917628407478,0.2709999978542328,0.47699999809265137
YBR275C,YML113W,0,-2.5728486,0.05374851077795029,0.2709999978542328,0.4771000146865845
YDR532C,YDL247W,0,-2.5730684,0.05373785272240639,0.2709999978542328,0.4772000014781952
YDR436W,YKL080W,1,-2.5732539,0.05392545461654663,0.2720000147819519,0.4772000014781952
YPL048W,YCL057W,0,-2.573583,0.053914766758680344,0.2720000147819519,0.4772999882698059
YDL045W-A,YBR118W,0,-2.573736,0.053904082626104355,0.2720000147819519,0.477400004863739
YOR067C,YER096W,0,-2.5738504,0.053893402218818665,0.2720000147819519,0.47749999165534973
YLR165C,YHR133C,0,-2.573876,0.05388272553682327,0.2720000147819519,0.47760000824928284
YIL043C,YNR067C,0,-2.5740483,0.05387205258011818,0.2720000147819519,0.47769999504089355
YMR125W,YLL061W,0,-2.5742466,0.05386138707399368,0.2720000147819519,0.47780001163482666
YPL176C,YOR136W,0,-2.5746012,0.053850721567869186,0.2720000147819519,0.4778999984264374
YOR098C,YDL130W,0,-2.5749414,0.05384006351232529,0.2720000147819519,0.4779999852180481
YPL038W,YOR068C,0,-2.5757654,0.053829409182071686,0.2720000147819519,0.4781000018119812
YPL049C,YOL125W,0,-2.5758278,0.05381875857710838,0.2720000147819519,0.4781999886035919
YGL192W,YDR263C,0,-2.5760448,0.05380811169743538,0.2720000147819519,0.478300005197525
YGR218W,YNR032C-A,0,-2.5763602,0.05379746854305267,0.2720000147819519,0.47839999198913574
YNL178W,YDR092W,0,-2.5764315,0.053786829113960266,0.2720000147819519,0.47850000858306885
YMR296C,YML116W,0,-2.5765214,0.053776197135448456,0.2720000147819519,0.47859999537467957
YIL173W,YGR188C,0,-2.576646,0.053765565156936646,0.2720000147819519,0.47870001196861267
YGL059W,YDR013W,0,-2.576667,0.05375494062900543,0.2720000147819519,0.4787999987602234
YOR168W,YDR416W,0,-2.5767481,0.05374431982636452,0.2720000147819519,0.4788999855518341
YMR017W,YFR047C,0,-2.5767496,0.0537337027490139,0.2720000147819519,0.4790000021457672
YGL236C,YDL112W,0,-2.5768313,0.05372308939695358,0.2720000147819519,0.47909998893737793
YBL076C,YDL164C,0,-2.5770493,0.05371247977018356,0.2720000147819519,0.47920000553131104
YMR195W,YLR361C,0,-2.5772648,0.05370187386870384,0.2720000147819519,0.47929999232292175
YKR059W,YNL055C,0,-2.5773,0.05369127541780472,0.2720000147819519,0.47940000891685486
YDR189W,YER053C,0,-2.578002,0.05368068069219589,0.2720000147819519,0.4794999957084656
YOR207C,YBR289W,0,-2.5782773,0.05367008596658707,0.2720000147819519,0.4796000123023987
YJR083C,YOR297C,0,-2.5784914,0.05365949869155884,0.2720000147819519,0.4796999990940094
YKR068C,YOR091W,0,-2.5785515,0.05364891514182091,0.2720000147819519,0.4797999858856201
YER031C,YLR130C,0,-2.5789464,0.053638335317373276,0.2720000147819519,0.4799000024795532
YDR303C,YGR254W,0,-2.5792842,0.05362775921821594,0.2720000147819519,0.47999998927116394
YGL170C,YJR092W,0,-2.5793648,0.053617190569639206,0.2720000147819519,0.48010000586509705
YMR040W,YER068W,0,-2.5797224,0.05360662192106247,0.2720000147819519,0.48019999265670776
YLR047C,YDL198C,1,-2.580156,0.053793102502822876,0.27300000190734863,0.48019999265670776
YJR104C,YML006C,1,-2.5801766,0.05397951230406761,0.27399998903274536,0.48019999265670776
YOR297C,YEL002C,0,-2.5805004,0.0539688803255558,0.27399998903274536,0.48030000925064087
YJR112W,YGL060W,0,-2.58052,0.05395825207233429,0.27399998903274536,0.4803999960422516
YFL013C,YGR281W,0,-2.5806148,0.053947627544403076,0.27399998903274536,0.4805000126361847
YDL119C,YHL044W,0,-2.5809147,0.05393700674176216,0.27399998903274536,0.4805999994277954
YNL084C,YDR297W,0,-2.5810063,0.05392639338970184,0.27399998903274536,0.48069998621940613
YIL052C,YKL034W,0,-2.5817082,0.053915780037641525,0.27399998903274536,0.48080000281333923
YFR032C-A,YPL235W,0,-2.5820715,0.053905174136161804,0.27399998903274536,0.48089998960494995
YDL130W-A,YMR312W,0,-2.5821545,0.05389457195997238,0.27399998903274536,0.48100000619888306
YER074W,YPL083C,0,-2.5822675,0.05388397350907326,0.27399998903274536,0.4810999929904938
YJR004C,YHR056C,0,-2.582339,0.05387337878346443,0.27399998903274536,0.4812000095844269
YOR018W,YDL179W,0,-2.5830247,0.053862787783145905,0.27399998903274536,0.4812999963760376
YAL039C,YCR057C,0,-2.583146,0.053852200508117676,0.27399998903274536,0.4814000129699707
YPL017C,YDR260C,0,-2.5833201,0.053841620683670044,0.27399998903274536,0.4814999997615814
YMR078C,YKL117W,0,-2.5833282,0.05383104085922241,0.27399998903274536,0.48159998655319214
YPR046W,YLR019W,0,-2.583408,0.05382046848535538,0.27399998903274536,0.48170000314712524
YDR064W,YBR207W,0,-2.5834107,0.05380989611148834,0.27399998903274536,0.48179998993873596
YOR092W,YIL034C,0,-2.5839612,0.053799331188201904,0.27399998903274536,0.48190000653266907
YNL029C,YLR411W,0,-2.584232,0.053788769990205765,0.27399998903274536,0.4819999933242798
YPL157W,YLR093C,0,-2.5843356,0.053778212517499924,0.27399998903274536,0.4821000099182129
YIL120W,YER096W,0,-2.5845513,0.05376766249537468,0.27399998903274536,0.4821999967098236
YKR094C,YMR319C,0,-2.584729,0.053757112473249435,0.27399998903274536,0.4823000133037567
YJL005W,YDR398W,0,-2.585561,0.05374656617641449,0.27399998903274536,0.48240000009536743
YKL060C,YDR165W,0,-2.5867608,0.05373602733016014,0.27399998903274536,0.48249998688697815
YLR097C,YMR215W,0,-2.586815,0.05372548848390579,0.27399998903274536,0.48260000348091125
YJR104C,YOR129C,1,-2.587345,0.0539109967648983,0.2750000059604645,0.48260000348091125
YPL194W,YNL062C,0,-2.5875156,0.05390043184161186,0.2750000059604645,0.482699990272522
YIL051C,YPR175W,0,-2.5888236,0.053889866918325424,0.2750000059604645,0.4828000068664551
YKL014C,YLR315W,0,-2.5890036,0.05387930944561958,0.2750000059604645,0.4828999936580658
YCL016C,YNL031C,0,-2.5895975,0.05386875569820404,0.2750000059604645,0.4830000102519989
YNL233W,YOR335C,0,-2.5897636,0.053858205676078796,0.2750000059604645,0.4830999970436096
YOL151W,YCL032W,0,-2.5897827,0.05384765937924385,0.2750000059604645,0.4832000136375427
YBL008W,YJL167W,0,-2.589866,0.053837116807699203,0.2750000059604645,0.48330000042915344
YJR135W-A,YPL244C,0,-2.5908785,0.05382658168673515,0.2750000059604645,0.48339998722076416
YDR418W,YER082C,0,-2.591199,0.0538160465657711,0.2750000059604645,0.48350000381469727
YMR238W,YHR116W,0,-2.591347,0.05380551889538765,0.2750000059604645,0.483599990606308
YDR501W,YPR028W,0,-2.591442,0.053794991225004196,0.2750000059604645,0.4837000072002411
YKL110C,YKR034W,0,-2.5918314,0.05378447100520134,0.2750000059604645,0.4837999939918518
YDL059C,YJL164C,0,-2.591843,0.05377395451068878,0.2750000059604645,0.4839000105857849
YLR102C,YDR004W,0,-2.591847,0.05376344174146652,0.2750000059604645,0.48399999737739563
YLR197W,YKL117W,0,-2.5926106,0.05375293269753456,0.2750000059604645,0.48410001397132874
YLR078C,YKL218C,0,-2.592705,0.0537424273788929,0.2750000059604645,0.48420000076293945
YGL009C,YKL021C,0,-2.5931616,0.053731925785541534,0.2750000059604645,0.48429998755455017
YOR273C,YBR074W,0,-2.5932176,0.05372143164277077,0.2750000059604645,0.4844000041484833
YOR233W,YPR122W,0,-2.5939631,0.0537109375,0.2750000059604645,0.484499990940094
YGL192W,YLR028C,0,-2.5942204,0.05370045080780983,0.2750000059604645,0.4846000075340271
YKR008W,YKR009C,0,-2.5947464,0.05368996411561966,0.2750000059604645,0.4846999943256378
YLR315W,YOR324C,0,-2.5950077,0.053679484874010086,0.2750000059604645,0.4848000109195709
YLR389C,YIL056W,0,-2.5956385,0.05366900935769081,0.2750000059604645,0.48489999771118164
YMR177W,YEL031W,1,-2.5957859,0.053853657096624374,0.2759999930858612,0.48489999771118164
YJR082C,YER044C,0,-2.5960033,0.05384315177798271,0.2759999930858612,0.48500001430511475
YER100W,YLR044C,0,-2.5965421,0.05383265018463135,0.2759999930858612,0.48510000109672546
YJL153C,YHR150W,0,-2.5967255,0.05382215231657028,0.2759999930858612,0.4851999878883362
YMR143W,YKL029C,0,-2.596914,0.053811658173799515,0.2759999930858612,0.4853000044822693
YOL032W,YKL197C,0,-2.597046,0.053801167756319046,0.2759999930858612,0.48539999127388
YDR402C,YBL013W,0,-2.5971334,0.053790684789419174,0.2759999930858612,0.4855000078678131
YOR340C,YGR135W,0,-2.5976746,0.0537802018225193,0.2759999930858612,0.48559999465942383
YDR376W,YJL056C,1,-2.5983548,0.05396454408764839,0.2770000100135803,0.48559999465942383
YML101C,YAL024C,0,-2.5983562,0.05395403131842613,0.2770000100135803,0.48570001125335693
YJR059W,YDR205W,1,-2.598426,0.054138265550136566,0.27799999713897705,0.48570001125335693
YPL200W,YHR076W,0,-2.5985754,0.05412772670388222,0.27799999713897705,0.48579999804496765
YNL094W,YKL205W,0,-2.5988367,0.05411718785762787,0.27799999713897705,0.48590001463890076
YBR295W,YHR039C-A,1,-2.5994728,0.05430128425359726,0.27900001406669617,0.48590001463890076
YPL063W,YER014W,0,-2.5998046,0.05429071933031082,0.27900001406669617,0.4860000014305115
YDR523C,YLR316C,0,-2.599908,0.054280154407024384,0.27900001406669617,0.4860999882221222
YBL030C,YLR404W,0,-2.6005347,0.05426959693431854,0.27900001406669617,0.4862000048160553
YMR264W,YGL141W,0,-2.601286,0.054259043186903,0.27900001406669617,0.486299991607666
YDR299W,YPR095C,0,-2.6014845,0.054248493164777756,0.27900001406669617,0.4864000082015991
YJL056C,YML057W,1,-2.601627,0.05443234741687775,0.2800000011920929,0.4864000082015991
YDR470C,YGR295C,0,-2.6016698,0.054421767592430115,0.2800000011920929,0.48649999499320984
YJR104C,YLR433C,1,-2.6024964,0.05460551753640175,0.2809999883174896,0.48649999499320984
YGL073W,YKL090W,0,-2.6025827,0.05459490790963173,0.2809999883174896,0.48660001158714294
YDL077C,YER101C,0,-2.6027591,0.054584305733442307,0.2809999883174896,0.48669999837875366
YCL024W,YKL093W,0,-2.6037357,0.054573703557252884,0.2809999883174896,0.4867999851703644
YDR285W,YDR224C,0,-2.6038308,0.05456310510635376,0.2809999883174896,0.4869000017642975
YBR261C,YLR313C,0,-2.6038554,0.05455251410603523,0.2809999883174896,0.4869999885559082
YNL151C,YPL042C,0,-2.6048791,0.054541926831007004,0.2809999883174896,0.4871000051498413
YOR046C,YBR001C,0,-2.6054394,0.054531339555978775,0.2809999883174896,0.487199991941452
YHR099W,YFL025C,0,-2.6056554,0.05452075973153114,0.2809999883174896,0.48730000853538513
YLL013C,YFL021W,0,-2.6058054,0.05451018363237381,0.2809999883174896,0.48739999532699585
YNL101W,YAL063C,0,-2.6059468,0.054499611258506775,0.2809999883174896,0.48750001192092896
YNL330C,YHL024W,0,-2.6061077,0.05448904260993004,0.2809999883174896,0.4875999987125397
YBR193C,YNL080C,0,-2.606766,0.0544784814119339,0.2809999883174896,0.4876999855041504
YBR297W,YIR032C,0,-2.606887,0.05446792021393776,0.2809999883174896,0.4878000020980835
YLR289W,YFL017W-A,0,-2.6070673,0.05445736274123192,0.2809999883174896,0.4878999888896942
YDR350C,YER032W,0,-2.607333,0.054446812719106674,0.2809999883174896,0.4880000054836273
YMR094W,YLR295C,0,-2.6073701,0.05443626642227173,0.2809999883174896,0.48809999227523804
YCL048W,YEL030W,0,-2.6076572,0.05442572012543678,0.2809999883174896,0.48820000886917114
YKL006W,YOR299W,0,-2.6079347,0.054415181279182434,0.2809999883174896,0.48829999566078186
YLR430W,YNL223W,0,-2.6079702,0.054404646158218384,0.2809999883174896,0.48840001225471497
YOR027W,YDR160W,0,-2.6079912,0.05439411476254463,0.2809999883174896,0.4884999990463257
YDL160C,YLR097C,0,-2.6084645,0.05438358709216118,0.2809999883174896,0.4885999858379364
YLR223C,YIL160C,0,-2.6088192,0.05437306687235832,0.2809999883174896,0.4887000024318695
YGR264C,YDR388W,0,-2.6088977,0.054362546652555466,0.2809999883174896,0.4887999892234802
YLR150W,YPL195W,0,-2.6091053,0.05435203015804291,0.2809999883174896,0.48890000581741333
YDR308C,YJL158C,0,-2.609162,0.05434152111411095,0.2809999883174896,0.48899999260902405
YGR144W,YGR234W,0,-2.6093507,0.054331012070178986,0.2809999883174896,0.48910000920295715
YDR032C,YGR239C,0,-2.6093915,0.05432051047682762,0.2809999883174896,0.48919999599456787
YJL096W,YLL018C-A,0,-2.610067,0.054310012608766556,0.2809999883174896,0.489300012588501
YPR046W,YGR097W,0,-2.6108308,0.05429951846599579,0.2809999883174896,0.4893999993801117
YDL039C,YJL090C,0,-2.610916,0.05428902804851532,0.2809999883174896,0.4894999861717224
YDL056W,YMR229C,0,-2.611356,0.05427854135632515,0.2809999883174896,0.4896000027656555
YDR345C,YNL161W,0,-2.611889,0.05426805838942528,0.2809999883174896,0.48969998955726624
YPL183W-A,YPR156C,0,-2.612067,0.054257579147815704,0.2809999883174896,0.48980000615119934
YNL077W,YDL107W,0,-2.612305,0.05424710363149643,0.2809999883174896,0.48989999294281006
YML100W,YNL239W,0,-2.6125922,0.05423663556575775,0.2809999883174896,0.49000000953674316
YNL322C,YPR137W,0,-2.6128867,0.054226167500019073,0.2809999883174896,0.4900999963283539
YOR026W,YDL069C,0,-2.6129682,0.05421570688486099,0.2809999883174896,0.490200012922287
YJL194W,YGL151W,0,-2.6130836,0.05420524626970291,0.2809999883174896,0.4902999997138977
YOR049C,YLR206W,0,-2.6132386,0.05419479310512543,0.2809999883174896,0.4903999865055084
YNL250W,YOL007C,0,-2.6134746,0.05418434366583824,0.2809999883174896,0.49050000309944153
YDL135C,YGL078C,0,-2.6139076,0.054173897951841354,0.2809999883174896,0.49059998989105225
YLR383W,YNL263C,0,-2.6140969,0.054163455963134766,0.2809999883174896,0.49070000648498535
YMR088C,YOL095C,0,-2.6148093,0.054153017699718475,0.2809999883174896,0.49079999327659607
YFR010W,YDL024C,0,-2.6148112,0.054142583161592484,0.2809999883174896,0.4909000098705292
YMR150C,YLR196W,0,-2.6151016,0.05413215234875679,0.2809999883174896,0.4909999966621399
YBR170C,YDL021W,0,-2.6153252,0.054121725261211395,0.2809999883174896,0.491100013256073
YCR010C,YDR420W,0,-2.6155498,0.0541113018989563,0.2809999883174896,0.4912000000476837
YPL006W,YHR181W,0,-2.615587,0.0541008859872818,0.2809999883174896,0.49129998683929443
YER089C,YDR004W,0,-2.6158922,0.0540904700756073,0.2809999883174896,0.49140000343322754
YMR213W,YGR094W,0,-2.6168954,0.0540800616145134,0.2809999883174896,0.49149999022483826
YDR059C,YHR070W,0,-2.6171222,0.05406965687870979,0.2809999883174896,0.49160000681877136
YLR383W,YBR274W,0,-2.6176107,0.05405925214290619,0.2809999883174896,0.4916999936103821
YIL068C,YOL007C,0,-2.6177704,0.05404885485768318,0.2809999883174896,0.4918000102043152
YDR436W,YHR039C-A,1,-2.618066,0.054230768233537674,0.28200000524520874,0.4918000102043152
YIL079C,YDR322W,0,-2.6181042,0.05422034114599228,0.28200000524520874,0.4918999969959259
YJR133W,YLR286C,0,-2.6185052,0.05420991778373718,0.28200000524520874,0.492000013589859
YDR297W,YKL099C,0,-2.61901,0.05419950187206268,0.28200000524520874,0.4921000003814697
YJL078C,YGL026C,0,-2.6190681,0.054189085960388184,0.28200000524520874,0.49219998717308044
YDR365C,YGL026C,0,-2.6192417,0.05417867377400398,0.28200000524520874,0.49230000376701355
YAL002W,YER175C,0,-2.6194148,0.05416826903820038,0.28200000524520874,0.49239999055862427
YIR026C,YKL045W,0,-2.619508,0.054157864302396774,0.28200000524520874,0.4925000071525574
YML047C,YOR127W,0,-2.6198933,0.05414746701717377,0.28200000524520874,0.4925999939441681
YDL245C,YLL051C,0,-2.619899,0.05413706973195076,0.28200000524520874,0.4927000105381012
YCL035C,YNL059C,0,-2.6199806,0.05412667989730835,0.28200000524520874,0.4927999973297119
YLR029C,YNL322C,0,-2.6203651,0.05411629378795624,0.28200000524520874,0.492900013923645
YKL034W,YFR019W,0,-2.620506,0.054105907678604126,0.28200000524520874,0.49300000071525574
YCR031C,YGR167W,0,-2.6205335,0.05409552901983261,0.28200000524520874,0.49309998750686646
YNL135C,YDR513W,0,-2.6211126,0.054085154086351395,0.28200000524520874,0.49320000410079956
YPL065W,YGR217W,0,-2.6212933,0.05407478287816048,0.28200000524520874,0.4932999908924103
YHR172W,YDR235W,0,-2.6227148,0.05406441539525986,0.28200000524520874,0.4934000074863434
YHR082C,YCR036W,0,-2.622886,0.054054055362939835,0.28200000524520874,0.4934999942779541
YDR495C,YGL006W,1,-2.622921,0.05423533916473389,0.28299999237060547,0.4934999942779541
YOL121C,YMR238W,0,-2.6231527,0.05422494560480118,0.28299999237060547,0.4936000108718872
YJR001W,YBL106C,0,-2.6231897,0.054214559495449066,0.28299999237060547,0.4936999976634979
YCR011C,YNL281W,0,-2.6231992,0.05420417711138725,0.28299999237060547,0.49380001425743103
YLL006W,YFL057C,0,-2.6233404,0.05419379472732544,0.28299999237060547,0.49390000104904175
YLR390W,YOL069W,0,-2.6235192,0.05418341979384422,0.28299999237060547,0.49399998784065247
YBR247C,YPL007C,0,-2.6236808,0.054173048585653305,0.28299999237060547,0.49410000443458557
YGL078C,YNL223W,0,-2.623729,0.054162681102752686,0.28299999237060547,0.4941999912261963
YPL159C,YOL086C,0,-2.6237354,0.054152313619852066,0.28299999237060547,0.4943000078201294
YMR048W,YOL124C,0,-2.623853,0.05414195358753204,0.28299999237060547,0.4943999946117401
YOR267C,YHL047C,1,-2.6241462,0.054322876036167145,0.2840000092983246,0.4943999946117401
YJR147W,YMR218C,0,-2.6241534,0.054312486201524734,0.2840000092983246,0.4945000112056732
YLR080W,YDR434W,0,-2.6241977,0.05430210381746292,0.2840000092983246,0.49459999799728394
YLL045C,YBR218C,0,-2.6244738,0.05429172143340111,0.2840000092983246,0.49470001459121704
YOL040C,YHR017W,0,-2.6254208,0.05428134649991989,0.2840000092983246,0.49480000138282776
YGR009C,YBR093C,0,-2.625625,0.054270971566438675,0.2840000092983246,0.4948999881744385
YLR430W,YPL163C,0,-2.6256518,0.054260604083538055,0.2840000092983246,0.4950000047683716
YPL183W-A,YDL141W,0,-2.6257143,0.054250240325927734,0.2840000092983246,0.4950999915599823
YOR230W,YLR048W,0,-2.6258762,0.05423987656831741,0.2840000092983246,0.4952000081539154
YLR277C,YGR204W,0,-2.626573,0.05422952026128769,0.2840000092983246,0.4952999949455261
YCR060W,YOR346W,0,-2.626643,0.054219167679548264,0.2840000092983246,0.49540001153945923
YGR077C,YDR399W,0,-2.6267707,0.054208818823099136,0.2840000092983246,0.49549999833106995
YIL137C,YPL167C,0,-2.6272295,0.05419847369194031,0.2840000092983246,0.49559998512268066
YIL036W,YHR184W,0,-2.627351,0.05418813228607178,0.2840000092983246,0.49570000171661377
YMR289W,YDR451C,0,-2.6273787,0.054177794605493546,0.2840000092983246,0.4957999885082245
YBR089C-A,YDR256C,0,-2.627548,0.05416746065020561,0.2840000092983246,0.4959000051021576
YEL016C,YDR111C,0,-2.628475,0.05415713042020798,0.2840000092983246,0.4959999918937683
YDL185W,YDR495C,1,-2.6288753,0.05433746427297592,0.2849999964237213,0.4959999918937683
YDL123W,YML028W,0,-2.6290767,0.0543271079659462,0.2849999964237213,0.4961000084877014
YJL066C,YBL056W,0,-2.6291687,0.05431675165891647,0.2849999964237213,0.49619999527931213
YER032W,YDL170W,0,-2.6294324,0.054306402802467346,0.2849999964237213,0.49630001187324524
YLR052W,YDR204W,0,-2.6304142,0.05429605767130852,0.2849999964237213,0.49639999866485596
YLR187W,YGR295C,0,-2.6306095,0.05428571254014969,0.2849999964237213,0.4964999854564667
YEL070W,YPL083C,0,-2.6306245,0.05427537485957146,0.2849999964237213,0.4966000020503998
YDR499W,YPL144W,0,-2.6306496,0.054265040904283524,0.2849999964237213,0.4966999888420105
YOR254C,YNR032C-A,0,-2.6310072,0.05425471067428589,0.2849999964237213,0.4968000054359436
YBR173C,YLR466W,0,-2.6311996,0.05424438416957855,0.2849999964237213,0.4968999922275543
YLR080W,YDR378C,0,-2.6315901,0.054234061390161514,0.2849999964237213,0.4970000088214874
YOL158C,YJR059W,1,-2.6316552,0.05441400408744812,0.28600001335144043,0.4970000088214874
YOR226C,YPL202C,1,-2.631858,0.054593876004219055,0.28700000047683716,0.4970000088214874
YJL176C,YOL125W,0,-2.6324978,0.05458349362015724,0.28700000047683716,0.49709999561309814
YLR158C,YKL053C-A,0,-2.6326303,0.05457311123609543,0.28700000047683716,0.49720001220703125
YJL072C,YFL045C,0,-2.6328723,0.05456273630261421,0.28700000047683716,0.49729999899864197
YPL031C,YOL140W,0,-2.6339438,0.054552365094423294,0.28700000047683716,0.4973999857902527
YDL171C,YER007W,0,-2.6341832,0.054541997611522675,0.28700000047683716,0.4975000023841858
YJR013W,YOR084W,0,-2.6344833,0.05453163757920265,0.28700000047683716,0.4975999891757965
YIL173W,YKL206C,0,-2.635143,0.05452127754688263,0.28700000047683716,0.4977000057697296
YGL226C-A,YMR033W,0,-2.6356292,0.054510921239852905,0.28700000047683716,0.49779999256134033
YIL084C,YLR295C,0,-2.6363428,0.05450056865811348,0.28700000047683716,0.49790000915527344
YBR202W,YOR288C,0,-2.6364384,0.05449022352695465,0.28700000047683716,0.49799999594688416
YDR517W,YDR173C,0,-2.636855,0.05447987839579582,0.28700000047683716,0.49810001254081726
YBL023C,YLL018C-A,0,-2.6375647,0.05446953698992729,0.28700000047683716,0.498199999332428
YDR337W,YCL064C,0,-2.6378055,0.05445920303463936,0.28700000047683716,0.4982999861240387
YKL103C,YBR024W,0,-2.6379435,0.054448872804641724,0.28700000047683716,0.4984000027179718
YKL022C,YMR159C,0,-2.6381853,0.05443854257464409,0.28700000047683716,0.4984999895095825
YPR049C,YOR119C,0,-2.6383736,0.05442821979522705,0.28700000047683716,0.4986000061035156
YJL155C,YLR295C,0,-2.6384323,0.05441790074110031,0.28700000047683716,0.49869999289512634
YJR010C-A,YIL056W,0,-2.6384597,0.05440758168697357,0.28700000047683716,0.49880000948905945
YKR102W,YIL137C,0,-2.6387122,0.05439727008342743,0.28700000047683716,0.49889999628067017
YBR129C,YHR051W,0,-2.6391275,0.054386962205171585,0.28700000047683716,0.49900001287460327
YOL093W,YML107C,0,-2.6392794,0.05437665805220604,0.28700000047683716,0.499099999666214
YDL046W,YGR085C,0,-2.640364,0.05436635762453079,0.28700000047683716,0.4991999864578247
YJL030W,YOL139C,0,-2.642052,0.054356060922145844,0.28700000047683716,0.4993000030517578
YNL007C,YMR071C,0,-2.6423488,0.05434576794505119,0.28700000047683716,0.49939998984336853
YPL099C,YPL087W,0,-2.642455,0.05433547869324684,0.28700000047683716,0.49950000643730164
YLR263W,YNL185C,0,-2.642897,0.05432519316673279,0.28700000047683716,0.49959999322891235
YCL017C,YHL047C,1,-2.64384,0.054504163563251495,0.2879999876022339,0.49959999322891235
YOR230W,YJL101C,0,-2.6439984,0.05449385195970535,0.2879999876022339,0.49970000982284546
YDR328C,YJL056C,1,-2.6443222,0.054672721773386,0.289000004529953,0.49970000982284546
YGR077C,YKL185W,0,-2.6444204,0.05466238036751747,0.289000004529953,0.4997999966144562
YGL115W,YIL130W,0,-2.6447155,0.05465204268693924,0.289000004529953,0.4999000132083893
YFR034C,YLR083C,0,-2.6449425,0.054641708731651306,0.289000004529953,0.5
YML132W,YKR007W,1,-2.6453297,0.05482041463255882,0.28999999165534973,0.5
YCR035C,YAL030W,0,-2.6455395,0.0548100546002388,0.28999999165534973,0.5001000165939331
YDR492W,YMR243C,1,-2.6457384,0.054988663643598557,0.29100000858306885,0.5001000165939331
YER032W,YIL002C,0,-2.6458073,0.054978273808956146,0.29100000858306885,0.5001999735832214
YLR316C,YPR016C,0,-2.645922,0.054967887699604034,0.29100000858306885,0.5002999901771545
YLR206W,YKL205W,0,-2.6459854,0.05495750531554222,0.29100000858306885,0.5004000067710876
YGR212W,YKL182W,0,-2.646086,0.054947130382061005,0.29100000858306885,0.5005000233650208
YLR234W,YIL039W,0,-2.646147,0.05493675544857979,0.29100000858306885,0.5005999803543091
YER033C,YMR173W,0,-2.6467655,0.05492638796567917,0.29100000858306885,0.5006999969482422
YOR155C,YDR076W,0,-2.647477,0.05491602048277855,0.29100000858306885,0.5008000135421753
YPL161C,YNL318C,0,-2.6476166,0.05490566045045853,0.29100000858306885,0.5008999705314636
YML041C,YPR169W,0,-2.6477356,0.0548953041434288,0.29100000858306885,0.5009999871253967
YNR016C,YKL172W,0,-2.6478307,0.05488494783639908,0.29100000858306885,0.5011000037193298
YNR070W,YJR060W,0,-2.648636,0.05487459897994995,0.29100000858306885,0.5012000203132629
YOL158C,YOR079C,1,-2.650729,0.05505279079079628,0.2919999957084656,0.5012000203132629
YJL059W,YBR036C,1,-2.650915,0.055230915546417236,0.2930000126361847,0.5012000203132629
YLR047C,YEL051W,1,-2.6511152,0.05540896952152252,0.2939999997615814,0.5012000203132629
YDR146C,YOR357C,0,-2.6512797,0.05539853125810623,0.2939999997615814,0.5012999773025513
YDL110C,YJL186W,0,-2.6516175,0.05538809299468994,0.2939999997615814,0.5013999938964844
YBL076C,YMR238W,0,-2.6520412,0.05537766218185425,0.2939999997615814,0.5015000104904175
YEL019C,YLL048C,0,-2.6523635,0.055367231369018555,0.2939999997615814,0.5016000270843506
YMR261C,YML031W,0,-2.6525576,0.05535680800676346,0.2939999997615814,0.5016999840736389
YMR314W,YMR257C,0,-2.6525776,0.05534638464450836,0.2939999997615814,0.501800000667572
YAL030W,YPL160W,0,-2.6526399,0.05533596873283386,0.2939999997615814,0.5019000172615051
YOR239W,YIL130W,0,-2.6527038,0.05532555654644966,0.2939999997615814,0.5019999742507935
YFR013W,YGR142W,0,-2.6528144,0.05531514436006546,0.2939999997615814,0.5020999908447266
YBR233W-A,YLR075W,0,-2.654054,0.055304739624261856,0.2939999997615814,0.5022000074386597
YLR389C,YLR139C,0,-2.6543052,0.05529433861374855,0.2939999997615814,0.5023000240325928
YOR267C,YJR040W,1,-2.654724,0.055471982806921005,0.29499998688697815,0.5023000240325928
YKR072C,YOL108C,0,-2.6550937,0.05546155199408531,0.29499998688697815,0.5023999810218811
YOL082W,YMR208W,0,-2.6551683,0.055451128631830215,0.29499998688697815,0.5024999976158142
YPL202C,YGL006W,1,-2.65527,0.055628642439842224,0.29600000381469727,0.5024999976158142
YOR119C,YPL198W,0,-2.655632,0.05561818927526474,0.29600000381469727,0.5026000142097473
YGR244C,YOR384W,0,-2.655882,0.055607739835977554,0.29600000381469727,0.5026999711990356
YMR036C,YER056C,0,-2.6559954,0.05559729412198067,0.29600000381469727,0.5027999877929688
YOL129W,YLR466W,0,-2.6569905,0.05558685585856438,0.29600000381469727,0.5029000043869019
YLR452C,YBR146W,0,-2.657571,0.05557641759514809,0.29600000381469727,0.503000020980835
YOR032C,YKR064W,0,-2.6575773,0.055565983057022095,0.29600000381469727,0.5030999779701233
YHL028W,YMR115W,0,-2.6576264,0.0555555559694767,0.29600000381469727,0.5031999945640564
YOR254C,YNL133C,0,-2.6576772,0.055545128881931305,0.29600000381469727,0.5033000111579895
YMR038C,YLL029W,0,-2.6577778,0.05553470924496651,0.29600000381469727,0.5034000277519226
YDR523C,YDR117C,0,-2.657998,0.05552429333329201,0.29600000381469727,0.5034999847412109
YGR175C,YHL006C,0,-2.6582067,0.05551387742161751,0.29600000381469727,0.503600001335144
YOR326W,YLR007W,0,-2.6582725,0.055503468960523605,0.29600000381469727,0.5037000179290771
YGL005C,YHR029C,0,-2.658467,0.05549306422472,0.29600000381469727,0.5037999749183655
YBR182C,YJR078W,0,-2.6592095,0.055482663214206696,0.29600000381469727,0.5038999915122986
YKL043W,YLR200W,0,-2.6594703,0.05547226220369339,0.29600000381469727,0.5040000081062317
YBL060W,YMR235C,0,-2.659804,0.05546186864376068,0.29600000381469727,0.5041000247001648
YEL031W,YDR515W,1,-2.6602824,0.055638816207647324,0.296999990940094,0.5041000247001648
YLR176C,YHL021C,0,-2.6605723,0.055628396570682526,0.296999990940094,0.5041999816894531
YJL089W,YCL027W,0,-2.6609476,0.05561797693371773,0.296999990940094,0.5042999982833862
YDR513W,YHR090C,0,-2.6609893,0.05560756474733353,0.296999990940094,0.5044000148773193
YOR057W,YMR274C,0,-2.6611602,0.055597156286239624,0.296999990940094,0.5044999718666077
YMR006C,YGR112W,0,-2.6615522,0.05558674782514572,0.296999990940094,0.5045999884605408
YFR030W,YKL013C,0,-2.6619434,0.055576346814632416,0.296999990940094,0.5047000050544739
YDR436W,YOR129C,1,-2.6619985,0.05575304105877876,0.2980000078678131,0.5047000050544739
YBR295W,YMR177W,1,-2.6623237,0.05592966824769974,0.29899999499320984,0.5047000050544739
YDR139C,YLR439W,0,-2.6624672,0.055919207632541656,0.29899999499320984,0.504800021648407
YDR395W,YGR089W,0,-2.66317,0.055908750742673874,0.29899999499320984,0.5048999786376953
YJR022W,YMR022W,0,-2.6636183,0.05589829757809639,0.29899999499320984,0.5049999952316284
YDL210W,YPL130W,0,-2.664418,0.0558878518640995,0.29899999499320984,0.5051000118255615
YJR158W,YHR006W,0,-2.664686,0.055877406150102615,0.29899999499320984,0.5052000284194946
YDR201W,YEL036C,0,-2.6648128,0.05586696416139603,0.29899999499320984,0.505299985408783
YBR023C,YNL286W,0,-2.6650095,0.055856529623270035,0.29899999499320984,0.5054000020027161
YMR004W,YDL209C,0,-2.6657963,0.05584609508514404,0.29899999499320984,0.5055000185966492
YDL137W,YGR056W,0,-2.6667216,0.05583566799759865,0.29899999499320984,0.5055999755859375
YGR007W,YOL120C,0,-2.6673262,0.05582524091005325,0.29899999499320984,0.5056999921798706
YPL083C,YLR367W,0,-2.6675155,0.055814821273088455,0.29899999499320984,0.5058000087738037
YHL003C,YOR047C,0,-2.6675751,0.055804405361413956,0.29899999499320984,0.5059000253677368
YJR068W,YOR310C,0,-2.6676028,0.055793993175029755,0.29899999499320984,0.5059999823570251
YGL225W,YPL101W,0,-2.6679084,0.055783580988645554,0.29899999499320984,0.5060999989509583
YOR217W,YDR030C,0,-2.6683018,0.05577317625284195,0.29899999499320984,0.5062000155448914
YIL143C,YKL069W,0,-2.66854,0.055762775242328644,0.29899999499320984,0.5062999725341797
YBR054W,YOL030W,0,-2.6686802,0.05575237795710564,0.29899999499320984,0.5063999891281128
YFL056C,YOL043C,0,-2.668997,0.05574198439717293,0.29899999499320984,0.5065000057220459
YER145C,YKL090W,0,-2.6691015,0.05573159456253052,0.29899999499320984,0.506600022315979
YFL004W,YPL144W,0,-2.6697042,0.055721208453178406,0.29899999499320984,0.5066999793052673
YLR109W,YMR019W,0,-2.6697462,0.05571082606911659,0.29899999499320984,0.5067999958992004
YML061C,YPL061W,0,-2.6697671,0.05570044741034508,0.29899999499320984,0.5069000124931335
YDR038C,YBR101C,0,-2.6699364,0.05569007247686386,0.29899999499320984,0.5070000290870667
YDL220C,YJR143C,0,-2.67007,0.05567970126867294,0.29899999499320984,0.507099986076355
YOR226C,YGL019W,1,-2.6701925,0.05585552006959915,0.30000001192092896,0.507099986076355
YBR049C,YKR044W,0,-2.6703422,0.055845122784376144,0.30000001192092896,0.5072000026702881
YBR272C,YMR146C,0,-2.6706402,0.055834729224443436,0.30000001192092896,0.5073000192642212
YPL021W,YOR301W,0,-2.6707234,0.055824339389801025,0.30000001192092896,0.5073999762535095
YBR156C,YOL145C,0,-2.670953,0.055813953280448914,0.30000001192092896,0.5074999928474426
YMR072W,YER153C,0,-2.6710744,0.0558035708963871,0.30000001192092896,0.5076000094413757
YKL026C,YCL044C,0,-2.671216,0.055793192237615585,0.30000001192092896,0.5077000260353088
YKL189W,YNL016W,0,-2.671509,0.05578281730413437,0.30000001192092896,0.5077999830245972
YJL153C,YMR156C,0,-2.6715336,0.05577244982123375,0.30000001192092896,0.5078999996185303
YNR030W,YNL191W,0,-2.67159,0.05576208233833313,0.30000001192092896,0.5080000162124634
YDL028C,YBR006W,0,-2.6717436,0.05575171858072281,0.30000001192092896,0.5080999732017517
YKL141W,YDR473C,0,-2.6718657,0.055741358548402786,0.30000001192092896,0.5081999897956848
YFR040W,YJL187C,0,-2.671891,0.05573100596666336,0.30000001192092896,0.5083000063896179
YMR039C,YML052W,0,-2.6722634,0.055720653384923935,0.30000001192092896,0.508400022983551
YPL155C,YMR008C,0,-2.672438,0.055710308253765106,0.30000001192092896,0.5084999799728394
YJL004C,YPR035W,0,-2.672444,0.05569996312260628,0.30000001192092896,0.5085999965667725
YML048W,YMR195W,0,-2.6729262,0.05568962171673775,0.30000001192092896,0.5087000131607056
YLR330W,YDL033C,0,-2.6731431,0.055679287761449814,0.30000001192092896,0.5088000297546387
YGR101W,YGL037C,0,-2.6731803,0.05566895380616188,0.30000001192092896,0.508899986743927
YML132W,YGL006W,1,-2.6735094,0.055844154208898544,0.3009999990463257,0.508899986743927
YIL051C,YNL311C,0,-2.6736906,0.05583379790186882,0.3009999990463257,0.5090000033378601
YJR078W,YPL101W,0,-2.673708,0.055823441594839096,0.3009999990463257,0.5091000199317932
YPR001W,YLL009C,0,-2.6738253,0.05581309273838997,0.3009999990463257,0.5091999769210815
YMR269W,YDR130C,0,-2.6739092,0.05580274388194084,0.3009999990463257,0.5092999935150146
YLR187W,YEL005C,0,-2.674445,0.05579239875078201,0.3009999990463257,0.5094000101089478
YDR252W,YEL001C,0,-2.6745384,0.05578206107020378,0.3009999990463257,0.5095000267028809
YNL020C,YLR329W,0,-2.6751285,0.05577172338962555,0.3009999990463257,0.5095999836921692
YMR042W,YPL140C,0,-2.6756516,0.055761393159627914,0.3009999990463257,0.5097000002861023
YNL085W,YGL063W,0,-2.6757464,0.05575106665492058,0.3009999990463257,0.5098000168800354
YMR163C,YDR395W,0,-2.6758783,0.05574074015021324,0.3009999990463257,0.5098999738693237
YPR032W,YLR106C,0,-2.6761906,0.0557304210960865,0.3009999990463257,0.5099999904632568
YNL202W,YLR213C,0,-2.6763952,0.05572010204195976,0.3009999990463257,0.5101000070571899
YGR217W,YNR033W,0,-2.6764107,0.05570979043841362,0.3009999990463257,0.510200023651123
YOR068C,YKL195W,0,-2.6765273,0.055699482560157776,0.3009999990463257,0.5102999806404114
YJR035W,YML115C,0,-2.6766326,0.05568917840719223,0.3009999990463257,0.5103999972343445
YBR164C,YDR453C,0,-2.6770995,0.055678874254226685,0.3009999990463257,0.5105000138282776
YMR071C,YML063W,0,-2.677482,0.055668577551841736,0.3009999990463257,0.5105999708175659
YER177W,YPR152C,0,-2.6778038,0.055658284574747086,0.3009999990463257,0.510699987411499
YCL063W,YML095C,0,-2.678171,0.055647995322942734,0.3009999990463257,0.5108000040054321
YMR177W,YML132W,1,-2.6782968,0.055822551250457764,0.3019999861717224,0.5108000040054321
YHL028W,YHR024C,0,-2.6787083,0.05581223592162132,0.3019999861717224,0.5109000205993652
YEL061C,YBR156C,0,-2.6788836,0.05580192059278488,0.3019999861717224,0.5109999775886536
YMR301C,YPL177C,1,-2.679127,0.05597635358572006,0.30300000309944153,0.5109999775886536
YBR295W,YOR381W,1,-2.679265,0.05615071952342987,0.30399999022483826,0.5109999775886536
YBL098W,YCR057C,0,-2.6793246,0.05614035204052925,0.30399999022483826,0.5110999941825867
YDL160C,YHL027W,0,-2.679412,0.05612998455762863,0.30399999022483826,0.5112000107765198
YKL048C,YPR144C,0,-2.6796358,0.05611962452530861,0.30399999022483826,0.5113000273704529
YMR117C,YOR363C,0,-2.6803315,0.056109264492988586,0.30399999022483826,0.5113999843597412
YNR059W,YIR023W,0,-2.680545,0.05609891191124916,0.30399999022483826,0.5115000009536743
YER072W,YDR285W,0,-2.6807966,0.056088559329509735,0.30399999022483826,0.5116000175476074
YHR059W,YPL160W,0,-2.6809566,0.056078214198350906,0.30399999022483826,0.5116999745368958
YGR175C,YJR155W,0,-2.6815152,0.056067872792482376,0.30399999022483826,0.5117999911308289
YDR138W,YDL217C,0,-2.6819003,0.056057531386613846,0.30399999022483826,0.511900007724762
YJL102W,YLR270W,0,-2.6821592,0.05604719743132591,0.30399999022483826,0.5120000243186951
YGL128C,YMR276W,0,-2.6822822,0.05603686720132828,0.30399999022483826,0.5120999813079834
YOL018C,YPR143W,0,-2.6825802,0.05602654069662094,0.30399999022483826,0.5121999979019165
YBL080C,YGR274C,0,-2.68282,0.056016214191913605,0.30399999022483826,0.5123000144958496
YIR006C,YBR048W,0,-2.6828501,0.056005895137786865,0.30399999022483826,0.5123999714851379
YBR055C,YLL012W,0,-2.6831038,0.055995579808950424,0.30399999022483826,0.512499988079071
YBR089C-A,YLR386W,0,-2.6835444,0.05598526820540428,0.30399999022483826,0.5126000046730042
YHR170W,YLR093C,0,-2.6839416,0.05597496032714844,0.30399999022483826,0.5127000212669373
YDL003W,YER164W,0,-2.684199,0.05596465244889259,0.30399999022483826,0.5127999782562256
YNL132W,YNL137C,0,-2.6844206,0.055954352021217346,0.30399999022483826,0.5128999948501587
YNL259C,YDR205W,1,-2.684432,0.05612808093428612,0.3050000071525574,0.5128999948501587
YDR205W,YJL056C,1,-2.6846724,0.056301746517419815,0.3059999942779541,0.5128999948501587
YPL234C,YPL135W,1,-2.6850858,0.05647534877061844,0.3070000112056732,0.5128999948501587
YLR147C,YJR127C,0,-2.6853983,0.05646496266126633,0.3070000112056732,0.5130000114440918
YEL020W-A,YBR264C,0,-2.685408,0.056454580277204514,0.3070000112056732,0.5131000280380249
YNL066W,YHR073W,0,-2.685827,0.0564441978931427,0.3070000112056732,0.5131999850273132
YNL317W,YBR276C,0,-2.686898,0.056433822959661484,0.3070000112056732,0.5133000016212463
YMR306W,YKR061W,0,-2.6870675,0.056423451751470566,0.3070000112056732,0.5134000182151794
YOR334W,YMR059W,0,-2.6871595,0.056413084268569946,0.3070000112056732,0.5134999752044678
YNL311C,YEL024W,0,-2.6872334,0.056402720510959625,0.3070000112056732,0.5135999917984009
YGR296W,YER072W,0,-2.6874893,0.056392356753349304,0.3070000112056732,0.513700008392334
YML104C,YML125C,0,-2.6875541,0.05638200044631958,0.3070000112056732,0.5138000249862671
YOR301W,YLR061W,0,-2.6876316,0.056371647864580154,0.3070000112056732,0.5138999819755554
YDR234W,YJL166W,0,-2.687771,0.05636129900813103,0.3070000112056732,0.5139999985694885
YIL048W,YGL078C,0,-2.6889322,0.0563509538769722,0.3070000112056732,0.5141000151634216
YDR059C,YMR016C,0,-2.6889555,0.05634061247110367,0.3070000112056732,0.51419997215271
YGR212W,YKL099C,0,-2.6893444,0.056330274790525436,0.3070000112056732,0.5142999887466431
YMR094W,YKL007W,0,-2.690027,0.0563199408352375,0.3070000112056732,0.5144000053405762
YDR276C,YDR038C,0,-2.690276,0.05630961060523987,0.3070000112056732,0.5145000219345093
YOR054C,YPL202C,1,-2.690489,0.056482668966054916,0.30799999833106995,0.5145000219345093
YOR116C,YLR228C,0,-2.6909435,0.05647231265902519,0.30799999833106995,0.5145999789237976
YHR109W,YDR002W,0,-2.6910536,0.05646196007728577,0.30799999833106995,0.5146999955177307
YEL065W,YGL155W,1,-2.691099,0.056634895503520966,0.3089999854564667,0.5146999955177307
YFR007W,YML085C,0,-2.691149,0.05662452057003975,0.3089999854564667,0.5148000121116638
YGL059W,YBR268W,0,-2.6912794,0.05661414563655853,0.3089999854564667,0.5149000287055969
YKR050W,YOR087W,1,-2.6916866,0.05678695812821388,0.3100000023841858,0.5149000287055969
YNL103W,YBR069C,0,-2.6924365,0.05677655711770058,0.3100000023841858,0.5149999856948853
YDL220C,YJR016C,0,-2.692705,0.05676615983247757,0.3100000023841858,0.5151000022888184
YGR005C,YOL127W,0,-2.6929104,0.05675576627254486,0.3100000023841858,0.5152000188827515
YJR004C,YNL242W,0,-2.6932313,0.05674537643790245,0.3100000023841858,0.5152999758720398
YOL005C,YBL060W,0,-2.6935766,0.05673499405384064,0.3100000023841858,0.5153999924659729
YDR317W,YKR014C,0,-2.69578,0.056724611669778824,0.3100000023841858,0.515500009059906
YDR492W,YEL031W,1,-2.6957839,0.056897182017564774,0.3109999895095825,0.515500009059906
YGL062W,YMR193W,0,-2.6959207,0.05688677355647087,0.3109999895095825,0.5156000256538391
YLR337C,YOR048C,0,-2.696357,0.056876372545957565,0.3109999895095825,0.5156999826431274
YOR129C,YML057W,1,-2.6966867,0.057048819959163666,0.31200000643730164,0.5156999826431274
YDR034C,YHR171W,0,-2.6967444,0.05703839287161827,0.31200000643730164,0.5157999992370605
YLR075W,YMR274C,0,-2.697133,0.057027965784072876,0.31200000643730164,0.5159000158309937
YJR147W,YMR312W,0,-2.697326,0.05701754242181778,0.31200000643730164,0.515999972820282
YIR023W,YMR211W,0,-2.6974385,0.05700712651014328,0.31200000643730164,0.5160999894142151
YHR119W,YPR046W,0,-2.697525,0.05699671059846878,0.31200000643730164,0.5162000060081482
YKR097W,YKL140W,0,-2.6975553,0.05698630213737488,0.31200000643730164,0.5163000226020813
YBR205W,YBR231C,0,-2.6975992,0.056975893676280975,0.31200000643730164,0.5163999795913696
YOR054C,YOR332W,1,-2.6979606,0.05714807286858559,0.31299999356269836,0.5163999795913696
YDR301W,YDR368W,0,-2.69808,0.05713764205574989,0.31299999356269836,0.5164999961853027
YLR304C,YIL173W,0,-2.6985052,0.0571272112429142,0.31299999356269836,0.5166000127792358
YOR227W,YML085C,0,-2.6985567,0.0571167878806591,0.31299999356269836,0.516700029373169
YKL132C,YOR266W,0,-2.698651,0.057106368243694305,0.31299999356269836,0.5167999863624573
YPL026C,YIL061C,0,-2.6991682,0.05709594860672951,0.31299999356269836,0.5169000029563904
YKL060C,YLL022C,0,-2.6991966,0.057085536420345306,0.31299999356269836,0.5170000195503235
YJR083C,YDR238C,0,-2.6993334,0.057075127959251404,0.31299999356269836,0.5170999765396118
YDR500C,YBR168W,0,-2.6994817,0.0570647232234478,0.31299999356269836,0.5171999931335449
YMR272C,YML034W,0,-2.6998026,0.057054318487644196,0.31299999356269836,0.517300009727478
YLR176C,YMR146C,0,-2.7001843,0.05704392120242119,0.31299999356269836,0.5174000263214111
YBR041W,YLR441C,0,-2.7001998,0.05703352764248848,0.31299999356269836,0.5174999833106995
YGL037C,YGL203C,0,-2.7009003,0.05702313780784607,0.31299999356269836,0.5175999999046326
YIL043C,YIR032C,0,-2.701029,0.05701275169849396,0.31299999356269836,0.5177000164985657
YGR225W,YER061C,0,-2.701134,0.057002369314432144,0.31299999356269836,0.517799973487854
YBR146W,YMR322C,0,-2.7012117,0.05699198693037033,0.31299999356269836,0.5178999900817871
YIR011C,YIL009W,0,-2.7016356,0.056981611996889114,0.31299999356269836,0.5180000066757202
YNR022C,YLR223C,0,-2.702187,0.056971240788698196,0.31299999356269836,0.5181000232696533
YML016C,YOR267C,1,-2.7023113,0.05714285746216774,0.3140000104904175,0.5181000232696533
YHR082C,YLR328W,0,-2.7028587,0.05713246017694473,0.3140000104904175,0.5181999802589417
YPR125W,YHR164C,0,-2.7034824,0.057122066617012024,0.3140000104904175,0.5182999968528748
YGR200C,YGR004W,0,-2.7044432,0.057111676782369614,0.3140000104904175,0.5184000134468079
YPL144W,YOR324C,0,-2.705047,0.0571012906730175,0.3140000104904175,0.5184999704360962
YBR033W,YBR155W,0,-2.7051616,0.05709090828895569,0.3140000104904175,0.5185999870300293
YER174C,YDR151C,1,-2.7051919,0.05726231634616852,0.3149999976158142,0.5185999870300293
YEL051W,YML057W,1,-2.7053607,0.057433661073446274,0.3160000145435333,0.5185999870300293
YML074C,YHR156C,0,-2.7054234,0.057423222810029984,0.3160000145435333,0.5187000036239624
YJL183W,YJR051W,0,-2.7054615,0.05741279199719429,0.3160000145435333,0.5188000202178955
YLR080W,YBR289W,0,-2.705464,0.0574023611843586,0.3160000145435333,0.5188999772071838
YOR071C,YJL080C,0,-2.706173,0.0573919378221035,0.3160000145435333,0.5189999938011169
YPR168W,YBL093C,0,-2.706381,0.057381514459848404,0.3160000145435333,0.51910001039505
YJL168C,YLR129W,0,-2.706416,0.057371094822883606,0.3160000145435333,0.5192000269889832
YDL140C,YDR393W,0,-2.706484,0.057360682636499405,0.3160000145435333,0.5192999839782715
YDR464W,YMR117C,0,-2.7066834,0.057350270450115204,0.3160000145435333,0.5194000005722046
YML076C,YBR015C,0,-2.7066996,0.0573398657143116,0.3160000145435333,0.5195000171661377
YPL207W,YIR025W,0,-2.7067258,0.057329464703798294,0.3160000145435333,0.519599974155426
YHL019C,YBR278W,0,-2.7067926,0.05731906369328499,0.3160000145435333,0.5196999907493591
YDR105C,YOR048C,0,-2.7071352,0.05730867013335228,0.3160000145435333,0.5198000073432922
YDL154W,YCR018C,0,-2.7071397,0.05729827657341957,0.3160000145435333,0.5199000239372253
YKL094W,YGR188C,0,-2.7073448,0.05728789046406746,0.3160000145435333,0.5199999809265137
YBR130C,YER044C-A,0,-2.7079337,0.05727750435471535,0.3160000145435333,0.5200999975204468
YMR159C,YHR206W,0,-2.7080557,0.05726712569594383,0.3160000145435333,0.5202000141143799
YOR260W,YFL017W-A,0,-2.708091,0.057256750762462616,0.3160000145435333,0.5202999711036682
YGL089C,YIR015W,0,-2.708696,0.0572463758289814,0.3160000145435333,0.5203999876976013
YOR172W,YHL011C,0,-2.7100189,0.05723600834608078,0.3160000145435333,0.5205000042915344
YDR436W,YOR061W,1,-2.7104757,0.05740673840045929,0.31700000166893005,0.5205000042915344
YDR404C,YDL171C,0,-2.7107806,0.05739634111523628,0.31700000166893005,0.5206000208854675
YBR295W,YOR129C,1,-2.7108724,0.05756698176264763,0.3179999887943268,0.5206000208854675
YNR001C,YDR263C,0,-2.7109005,0.05755656212568283,0.3179999887943268,0.5206999778747559
YBL063W,YDR075W,0,-2.7112343,0.05754614621400833,0.3179999887943268,0.520799994468689
YIL150C,YKR053C,0,-2.7113533,0.05753573402762413,0.3179999887943268,0.5209000110626221
YKL217W,YNL227C,0,-2.7113886,0.05752532556653023,0.3179999887943268,0.5210000276565552
YGR007W,YMR322C,0,-2.7116358,0.057514920830726624,0.3179999887943268,0.5210999846458435
YOR297C,YKR052C,0,-2.7118917,0.05750451982021332,0.3179999887943268,0.5212000012397766
YMR261C,YIL056W,0,-2.7120159,0.05749412253499031,0.3179999887943268,0.5213000178337097
YCL024W,YNL158W,0,-2.7121642,0.0574837327003479,0.3179999887943268,0.521399974822998
YGL151W,YDR091C,0,-2.7123203,0.05747334286570549,0.3179999887943268,0.5214999914169312
YMR110C,YNL059C,0,-2.7123773,0.05746295675635338,0.3179999887943268,0.5216000080108643
YDR195W,YOR175C,0,-2.7124493,0.057452574372291565,0.3179999887943268,0.5217000246047974
YPR200C,YGR193C,0,-2.7125394,0.05744219571352005,0.3179999887943268,0.5217999815940857
YBR033W,YDR312W,0,-2.7126276,0.057431820780038834,0.3179999887943268,0.5218999981880188
YMR296C,YLR058C,0,-2.7126663,0.057421453297138214,0.3179999887943268,0.5220000147819519
YMR269W,YDL195W,0,-2.7128663,0.057411085814237595,0.3179999887943268,0.5220999717712402
YPR163C,YOL030W,0,-2.7128756,0.057400722056627274,0.3179999887943268,0.5221999883651733
YOL126C,YMR013C,0,-2.7129107,0.05739036202430725,0.3179999887943268,0.5223000049591064
YER023W,YJR082C,0,-2.7130134,0.05738000571727753,0.3179999887943268,0.5224000215530396
YDR074W,YKR085C,0,-2.7132547,0.0573696568608284,0.3179999887943268,0.5224999785423279
YML047C,YLR219W,0,-2.7132866,0.05735930800437927,0.3179999887943268,0.522599995136261
YGL236C,YGR258C,0,-2.7139127,0.057348962873220444,0.3179999887943268,0.5227000117301941
YKR077W,YMR168C,0,-2.714093,0.05733862146735191,0.3179999887943268,0.5228000283241272
YOR070C,YCL039W,0,-2.714452,0.05732828378677368,0.3179999887943268,0.5228999853134155
YOR156C,YIL046W,0,-2.7145407,0.05731795355677605,0.3179999887943268,0.5230000019073486
YDR011W,YGL092W,0,-2.714854,0.05730762332677841,0.3179999887943268,0.5231000185012817
YHL027W,YBR160W,0,-2.7151024,0.057297296822071075,0.3179999887943268,0.5231999754905701
YMR242C,YIL014W,0,-2.7151544,0.05728697404265404,0.3179999887943268,0.5232999920845032
YDR270W,YDL198C,1,-2.7165694,0.05745677277445793,0.3190000057220459,0.5232999920845032
YPR001W,YNR022C,0,-2.716831,0.057446423918008804,0.3190000057220459,0.5234000086784363
YJR053W,YPR182W,0,-2.7168505,0.057436082512140274,0.3190000057220459,0.5235000252723694
YKR055W,YJL172W,0,-2.7173154,0.057425741106271744,0.3190000057220459,0.5235999822616577
YDR487C,YOL020W,0,-2.7175343,0.05741540715098381,0.3190000057220459,0.5236999988555908
YGR094W,YCR047C,0,-2.7177784,0.05740507319569588,0.3190000057220459,0.5238000154495239
YDR470C,YOL152W,0,-2.7178674,0.05739474669098854,0.3190000057220459,0.5238999724388123
YKL174C,YLR213C,0,-2.717921,0.057384420186281204,0.3190000057220459,0.5239999890327454
YIL148W,YMR188C,0,-2.7179966,0.057374101132154465,0.3190000057220459,0.5241000056266785
YPR108W,YDL107W,0,-2.718884,0.057363782078027725,0.3190000057220459,0.5242000222206116
YAR035W,YLR385C,0,-2.7192569,0.05735347047448158,0.3190000057220459,0.5242999792098999
YML127W,YLL062C,0,-2.7192662,0.05734315887093544,0.3190000057220459,0.524399995803833
YLR215C,YHR023W,0,-2.719341,0.057332854717969894,0.3190000057220459,0.5245000123977661
YMR112C,YPL082C,0,-2.7196424,0.05732255056500435,0.3190000057220459,0.5246000289916992
YOL080C,YAL053W,0,-2.7198994,0.0573122538626194,0.3190000057220459,0.5246999859809875
YOL142W,YGL104C,0,-2.7204278,0.05730195716023445,0.3190000057220459,0.5248000025749207
YBR196C,YOL100W,0,-2.7205296,0.0572916679084301,0.3190000057220459,0.5249000191688538
YGL227W,YMR211W,0,-2.7206159,0.05728137865662575,0.3190000057220459,0.5249999761581421
YEL069C,YBR001C,0,-2.7209089,0.05727109685540199,0.3190000057220459,0.5250999927520752
YAL044C,YOL138C,0,-2.7210972,0.05726081505417824,0.3190000057220459,0.5252000093460083
YDR536W,YLL048C,0,-2.721175,0.05725053697824478,0.3190000057220459,0.5253000259399414
YBR089C-A,YOR138C,0,-2.7212565,0.05724026635289192,0.3190000057220459,0.5253999829292297
YDR238C,YER162C,0,-2.7213614,0.05722999572753906,0.3190000057220459,0.5254999995231628
YKL201C,YIL002C,0,-2.7217634,0.0572197325527668,0.3190000057220459,0.525600016117096
YHR005C-A,YHR190W,0,-2.7221832,0.05720946937799454,0.3190000057220459,0.5256999731063843
YJL001W,YKR069W,0,-2.722276,0.05719920992851257,0.3190000057220459,0.5257999897003174
YNL130C,YKL197C,0,-2.722512,0.057188957929611206,0.3190000057220459,0.5259000062942505
YAL053W,YPL100W,0,-2.722528,0.05717870593070984,0.3190000057220459,0.5260000228881836
YOR315W,YDR320C,0,-2.7226574,0.05716845765709877,0.3190000057220459,0.5260999798774719
YOR313C,YHR158C,0,-2.7228734,0.0571582168340683,0.3190000057220459,0.526199996471405
YKL108W,YOR233W,0,-2.7232802,0.05714797601103783,0.3190000057220459,0.5263000130653381
YHR169W,YLR127C,0,-2.723937,0.05713773891329765,0.3190000057220459,0.5264000296592712
YLR043C,YLR371W,0,-2.7244112,0.05712750554084778,0.3190000057220459,0.5264999866485596
YDR039C,YGR081C,0,-2.7246423,0.0571172796189785,0.3190000057220459,0.5266000032424927
YOR267C,YCR044C,1,-2.7255456,0.05728607252240181,0.3199999928474426,0.5266000032424927
YML071C,YOR066W,0,-2.7256784,0.05727582052350044,0.3199999928474426,0.5267000198364258
YDL054C,YNL216W,0,-2.7256904,0.057265568524599075,0.3199999928474426,0.5267999768257141
YLR208W,YLL018C-A,0,-2.726079,0.057255323976278305,0.3199999928474426,0.5268999934196472
YLR237W,YER143W,0,-2.726468,0.057245079427957535,0.3199999928474426,0.5270000100135803
YJL153C,YDR096W,0,-2.7265847,0.05723484233021736,0.3199999928474426,0.5271000266075134
YDR285W,YGL094C,0,-2.726796,0.05722460523247719,0.3199999928474426,0.5271999835968018
YJL136C,YBL058W,0,-2.7271202,0.05721437558531761,0.3199999928474426,0.5273000001907349
YPL026C,YDL018C,0,-2.7274225,0.057204145938158035,0.3199999928474426,0.527400016784668
YMR101C,YBL085W,0,-2.7278461,0.057193923741579056,0.3199999928474426,0.5274999737739563
YDL039C,YOL105C,0,-2.7279022,0.057183701545000076,0.3199999928474426,0.5275999903678894
YKR020W,YPL148C,0,-2.728132,0.057173486799001694,0.3199999928474426,0.5277000069618225
YDR425W,YML043C,0,-2.7283638,0.05716327205300331,0.3199999928474426,0.5278000235557556
YGR106C,YKL132C,0,-2.7283766,0.057153064757585526,0.3199999928474426,0.527899980545044
YPR200C,YDL142C,0,-2.7285228,0.05714285746216774,0.3199999928474426,0.527999997138977
YHR059W,YPR026W,0,-2.7286153,0.05713265389204025,0.3199999928474426,0.5281000137329102
YCL029C,YML091C,0,-2.7293239,0.05712245777249336,0.3199999928474426,0.5281999707221985
YDR320C-A,YOL023W,0,-2.7294378,0.05711226165294647,0.3199999928474426,0.5282999873161316
YKL206C,YOR091W,0,-2.7295043,0.05710206925868988,0.3199999928474426,0.5284000039100647
YHR120W,YER020W,0,-2.729613,0.05709188058972359,0.3199999928474426,0.5285000205039978
YFL004W,YGR214W,0,-2.729787,0.05708169937133789,0.3199999928474426,0.5285999774932861
YGL027C,YMR152W,0,-2.7300532,0.057071518152952194,0.3199999928474426,0.5286999940872192
YPL202C,YDR376W,1,-2.730445,0.05723965913057327,0.32100000977516174,0.5286999940872192
YML070W,YLR382C,0,-2.730452,0.05722945183515549,0.32100000977516174,0.5288000106811523
YER127W,YDR332W,0,-2.7304564,0.0572192519903183,0.32100000977516174,0.5289000272750854
YJR104C,YOR147W,1,-2.730459,0.057387273758649826,0.32199999690055847,0.5289000272750854
YJR102C,YGR103W,0,-2.7311115,0.05737704783678055,0.32199999690055847,0.5289999842643738
YJL085W,YGR188C,0,-2.7314427,0.05736682564020157,0.32199999690055847,0.5291000008583069
YDL045W-A,YBR048W,0,-2.7320774,0.05735660716891289,0.32199999690055847,0.52920001745224
YBR091C,YLR079W,0,-2.7321596,0.057346392422914505,0.32199999690055847,0.5292999744415283
YHR181W,YBL074C,0,-2.7323854,0.05733618140220642,0.32199999690055847,0.5293999910354614
YDR172W,YLR385C,0,-2.7327836,0.057325974106788635,0.32199999690055847,0.5295000076293945
YDR443C,YLR075W,0,-2.7328835,0.05731577053666115,0.32199999690055847,0.5296000242233276
YML099C,YJR103W,0,-2.7330036,0.05730557069182396,0.32199999690055847,0.529699981212616
YMR230W,YBR260C,0,-2.7331173,0.05729537457227707,0.32199999690055847,0.5297999978065491
YER082C,YOR090C,0,-2.733217,0.05728518217802048,0.32199999690055847,0.5299000144004822
YGL227W,YNL044W,0,-2.7333672,0.057274989783763885,0.32199999690055847,0.5299999713897705
YKL198C,YLR213C,0,-2.7335024,0.05726480484008789,0.32199999690055847,0.5300999879837036
YCR092C,YBR150C,0,-2.7335174,0.057254623621702194,0.32199999690055847,0.5302000045776367
YMR036C,YGL162W,0,-2.7335522,0.057244446128606796,0.32199999690055847,0.5303000211715698
YOR335C,YKL051W,0,-2.7337086,0.0572342686355114,0.32199999690055847,0.5303999781608582
YDR482C,YDR481C,0,-2.7340157,0.0572240985929966,0.32199999690055847,0.5304999947547913
YKL039W,YNR044W,0,-2.7340784,0.057213928550481796,0.32199999690055847,0.5306000113487244
YGL192W,YDR047W,0,-2.7343647,0.05720376595854759,0.32199999690055847,0.5307000279426575
YJL110C,YMR292W,0,-2.734368,0.057193607091903687,0.32199999690055847,0.5307999849319458
YBR291C,YOL096C,0,-2.7343972,0.05718344822525978,0.32199999690055847,0.5309000015258789
YMR194W,YNL258C,0,-2.734632,0.05717329680919647,0.32199999690055847,0.531000018119812
YOR357C,YDL202W,0,-2.7346437,0.05716314539313316,0.32199999690055847,0.5310999751091003
YLR032W,YLR106C,0,-2.7349062,0.05715300142765045,0.32199999690055847,0.5311999917030334
YGL240W,YJL110C,0,-2.7349565,0.05714285746216774,0.32199999690055847,0.5313000082969666
YBR160W,YER048W-A,0,-2.7351043,0.05713271722197533,0.32199999690055847,0.5314000248908997
YDR204W,YBR129C,0,-2.7355416,0.05712258443236351,0.32199999690055847,0.531499981880188
YKR050W,YDR515W,1,-2.7357376,0.05728982016444206,0.3230000138282776,0.531499981880188
YAL026C,YGL014W,0,-2.7358205,0.05727966129779816,0.3230000138282776,0.5315999984741211
YDR246W,YHR154W,0,-2.7359622,0.05726950243115425,0.3230000138282776,0.5317000150680542
YDR379W,YNL135C,0,-2.7360108,0.05725935101509094,0.3230000138282776,0.5317999720573425
YLR409C,YDR434W,0,-2.7369628,0.05724920332431793,0.3230000138282776,0.5318999886512756
YOR175C,YBR150C,0,-2.7369716,0.05723905563354492,0.3230000138282776,0.5320000052452087
YAL039C,YDR325W,0,-2.7377465,0.05722891539335251,0.3230000138282776,0.5321000218391418
YPL224C,YOR129C,1,-2.7378666,0.057395923882722855,0.3240000009536743,0.5321000218391418
YKL164C,YMR276W,0,-2.738235,0.05738576129078865,0.3240000009536743,0.5321999788284302
YAL039C,YDL184C,0,-2.7383196,0.057375598698854446,0.3240000009536743,0.5322999954223633
YDR238C,YOR155C,0,-2.7384453,0.05736543983221054,0.3240000009536743,0.5324000120162964
YOR142W,YJL212C,0,-2.7393324,0.057355284690856934,0.3240000009536743,0.5325000286102295
YGL107C,YDR236C,0,-2.7393415,0.057345133274793625,0.3240000009536743,0.5325999855995178
YML060W,YER019C-A,0,-2.739446,0.057334985584020615,0.3240000009536743,0.5327000021934509
YIL154C,YNR013C,0,-2.7396057,0.0573248416185379,0.3240000009536743,0.532800018787384
YBR175W,YMR232W,0,-2.7401364,0.05731470137834549,0.3240000009536743,0.5328999757766724
YGL163C,YHR005C,0,-2.740183,0.057304564863443375,0.3240000009536743,0.5329999923706055
YDR289C,YPL095C,0,-2.7402213,0.05729442834854126,0.3240000009536743,0.5331000089645386
YHL028W,YHR118C,0,-2.7403347,0.05728429928421974,0.3240000009536743,0.5332000255584717
YBR061C,YOR221C,0,-2.740945,0.05727417394518852,0.3240000009536743,0.53329998254776
YER063W,YNL331C,0,-2.7409706,0.0572640523314476,0.3240000009536743,0.5333999991416931
YDL056W,YOR310C,0,-2.7415874,0.05725393071770668,0.3240000009536743,0.5335000157356262
YJL059W,YDR376W,1,-2.7417338,0.05742049589753151,0.32499998807907104,0.5335000157356262
YIL075C,YGR008C,0,-2.7418773,0.0574103519320488,0.32499998807907104,0.5335999727249146
YBR176W,YDR320C-A,0,-2.7419083,0.057400211691856384,0.32499998807907104,0.5336999893188477
YDR369C,YGR084C,0,-2.7421052,0.05739007517695427,0.32499998807907104,0.5338000059127808
YEL050C,YIL123W,0,-2.7425082,0.05737994238734245,0.32499998807907104,0.5339000225067139
YAL002W,YPL007C,0,-2.7431848,0.057369813323020935,0.32499998807907104,0.5339999794960022
YOL117W,YGR174C,0,-2.7437236,0.057359687983989716,0.32499998807907104,0.5340999960899353
YBR240C,YMR270C,0,-2.7439463,0.057349566370248795,0.32499998807907104,0.5342000126838684
YEL053C,YGL064C,0,-2.7448437,0.05733944848179817,0.32499998807907104,0.5343000292778015
YDR536W,YDR135C,0,-2.7450583,0.05732933431863785,0.32499998807907104,0.5343999862670898
YMR307W,YLL013C,0,-2.7451277,0.05731922388076782,0.32499998807907104,0.534500002861023
YOL082W,YPL064C,0,-2.7453973,0.057309117168188095,0.32499998807907104,0.534600019454956
YLR103C,YOR091W,0,-2.7456677,0.057299014180898666,0.32499998807907104,0.5346999764442444
YKR079C,YLR118C,0,-2.7457373,0.05728891119360924,0.32499998807907104,0.5347999930381775
YBR222C,YLR324W,0,-2.7457552,0.057278815656900406,0.32499998807907104,0.5349000096321106
YDR447C,YHR186C,0,-2.7459602,0.05726872384548187,0.32499998807907104,0.5350000262260437
YNR030W,YBR121C,0,-2.746183,0.05725863203406334,0.32499998807907104,0.535099983215332
YPL095C,YGR120C,0,-2.7461915,0.0572485476732254,0.32499998807907104,0.5351999998092651
YOL002C,YGR029W,1,-2.746917,0.05741458386182785,0.32600000500679016,0.5351999998092651
YMR125W,YDR353W,0,-2.747491,0.057404473423957825,0.32600000500679016,0.5353000164031982
YKL210W,YGR286C,0,-2.7477586,0.0573943667113781,0.32600000500679016,0.5353999733924866
YER041W,YMR188C,0,-2.747773,0.05738426372408867,0.32600000500679016,0.5354999899864197
YGL073W,YDR512C,0,-2.7481105,0.05737416446208954,0.32600000500679016,0.5356000065803528
YJR075W,YMR217W,0,-2.7481248,0.05736406892538071,0.32600000500679016,0.5357000231742859
YNL055C,YNR002C,0,-2.7482603,0.05735397711396217,0.32600000500679016,0.5357999801635742
YDR507C,YLR237W,0,-2.7485206,0.05734388902783394,0.32600000500679016,0.5358999967575073
YPL135W,YHR194W,1,-2.7490013,0.05750967189669609,0.3269999921321869,0.5358999967575073
YKL059C,YAL033W,0,-2.7490108,0.057499561458826065,0.3269999921321869,0.5360000133514404
YBR119W,YDL130W-A,0,-2.7490225,0.05748945102095604,0.3269999921321869,0.5360999703407288
YJR059W,YKL080W,1,-2.74905,0.05765512213110924,0.328000009059906,0.5360999703407288
YLR047C,YKL080W,1,-2.7492905,0.05782073736190796,0.32899999618530273,0.5360999703407288
YGR106C,YMR137C,0,-2.7494643,0.05781057849526405,0.32899999618530273,0.5361999869346619
YOR098C,YPR134W,0,-2.7504058,0.057800423353910446,0.32899999618530273,0.536300003528595
YBL072C,YLR418C,0,-2.750818,0.05779026821255684,0.32899999618530273,0.5364000201225281
YER123W,YMR128W,0,-2.7509906,0.05778012052178383,0.32899999618530273,0.5364999771118164
YNR013C,YML116W,0,-2.7511363,0.05776997283101082,0.32899999618530273,0.5365999937057495
YEL061C,YDR457W,0,-2.7514572,0.057759832590818405,0.32899999618530273,0.5367000102996826
YJR070C,YNR016C,0,-2.751512,0.05774969235062599,0.32899999618530273,0.5368000268936157
YPL078C,YJL109C,0,-2.7519011,0.057739559561014175,0.32899999618530273,0.536899983882904
YML052W,YOR016C,0,-2.7520316,0.05772942677140236,0.32899999618530273,0.5370000004768372
YDR435C,YGR086C,0,-2.752096,0.05771929770708084,0.32899999618530273,0.5371000170707703
YBR119W,YML116W,0,-2.752433,0.05770917236804962,0.32899999618530273,0.5371999740600586
YGL067W,YCR081W,0,-2.752541,0.057699054479599,0.32899999618530273,0.5372999906539917
YDR263C,YNL286W,0,-2.7531548,0.057688936591148376,0.32899999618530273,0.5374000072479248
YBR230C,YER103W,0,-2.753392,0.05767882242798805,0.32899999618530273,0.5375000238418579
YDR231C,YOR335C,0,-2.7539132,0.05766871199011803,0.32899999618530273,0.5375999808311462
YMR272C,YBL103C,0,-2.7539551,0.0576586052775383,0.32899999618530273,0.5376999974250793
YDR313C,YGL200C,0,-2.754166,0.05764850229024887,0.32899999618530273,0.5378000140190125
YDR003W,YDL033C,0,-2.7542922,0.05763840302824974,0.32899999618530273,0.5378999710083008
YJR109C,YML061C,0,-2.7545118,0.05762830749154091,0.32899999618530273,0.5379999876022339
YGR245C,YMR159C,0,-2.754635,0.05761821195483208,0.32899999618530273,0.538100004196167
YER174C,YDL120W,1,-2.754853,0.05778322368860245,0.33000001311302185,0.538100004196167
YGR181W,YIL150C,0,-2.7552245,0.05777310952544212,0.33000001311302185,0.5382000207901001
YKL093W,YDR461W,0,-2.7557135,0.0577629953622818,0.33000001311302185,0.5382999777793884
YLR080W,YER007C-A,0,-2.7562773,0.05775288864970207,0.33000001311302185,0.5383999943733215
YEL006W,YBR060C,0,-2.757293,0.057742781937122345,0.33000001311302185,0.5385000109672546
YHR028C,YGR006W,0,-2.757346,0.057732678949832916,0.33000001311302185,0.5386000275611877
YDR372C,YHR023W,0,-2.7574604,0.057722583413124084,0.33000001311302185,0.5386999845504761
YBR067C,YNL038W,0,-2.7577121,0.05771248787641525,0.33000001311302185,0.5388000011444092
YER088C,YNR059W,0,-2.7581422,0.05770239606499672,0.33000001311302185,0.5389000177383423
YBR245C,YML056C,0,-2.7590082,0.057692307978868484,0.33000001311302185,0.5389999747276306
YGL053W,YOR253W,0,-2.7601237,0.05768222361803055,0.33000001311302185,0.5390999913215637
YBR278W,YCL025C,0,-2.760383,0.05767214298248291,0.33000001311302185,0.5392000079154968
YDR328C,YMR177W,1,-2.760409,0.05783679708838463,0.3310000002384186,0.5392000079154968
YOR335C,YPR055W,0,-2.7607772,0.0578266941010952,0.3310000002384186,0.5393000245094299
YDL204W,YIL002C,0,-2.7611864,0.05781659483909607,0.3310000002384186,0.5393999814987183
YMR036C,YGL126W,0,-2.7613952,0.05780649557709694,0.3310000002384186,0.5394999980926514
YCR096C,YKR034W,0,-2.7615573,0.057796403765678406,0.3310000002384186,0.5396000146865845
YNL238W,YGL127C,0,-2.761939,0.05778631195425987,0.3310000002384186,0.5396999716758728
YDL184C,YDR190C,0,-2.7619493,0.057776227593421936,0.3310000002384186,0.5397999882698059
YJR108W,YOL076W,0,-2.762345,0.057766143232584,0.3310000002384186,0.539900004863739
YDL070W,YMR165C,0,-2.7626328,0.05775606259703636,0.3310000002384186,0.5400000214576721
YPL207W,YML088W,0,-2.7630131,0.05774598568677902,0.3310000002384186,0.5400999784469604
YDR436W,YML016C,1,-2.7631133,0.05791034176945686,0.3319999873638153,0.5400999784469604
YNL239W,YBR180W,0,-2.7631216,0.05790024250745773,0.3319999873638153,0.5401999950408936
YHR027C,YLR200W,0,-2.7633193,0.0578901469707489,0.3319999873638153,0.5403000116348267
YOR147W,YKL080W,1,-2.763337,0.05805439502000809,0.3330000042915344,0.5403000116348267
YCL034W,YPR189W,0,-2.7635663,0.058044273406267166,0.3330000042915344,0.5404000282287598
YDR438W,YGR178C,0,-2.7636688,0.05803415924310684,0.3330000042915344,0.5404999852180481
YDR062W,YKL042W,0,-2.7636986,0.05802404507994652,0.3330000042915344,0.5406000018119812
YGR077C,YPR133W-A,0,-2.7637117,0.05801393836736679,0.3330000042915344,0.5407000184059143
YMR290C,YBR042C,0,-2.7640545,0.058003831654787064,0.3330000042915344,0.5407999753952026
YBL024W,YDR490C,0,-2.7644842,0.057993728667497635,0.3330000042915344,0.5408999919891357
YER117W,YBR049C,0,-2.765082,0.0579836331307888,0.3330000042915344,0.5410000085830688
YDR120C,YHR105W,0,-2.7659974,0.05797353759407997,0.3330000042915344,0.541100025177002
YDR082W,YNL335W,0,-2.766107,0.05796344578266144,0.3330000042915344,0.5411999821662903
YDL035C,YIL053W,0,-2.7668836,0.0579533576965332,0.3330000042915344,0.5412999987602234
YDR425W,YLR312W-A,0,-2.7671726,0.05794327333569527,0.3330000042915344,0.5414000153541565
YGL068W,YNL282W,0,-2.7678397,0.05793319270014763,0.3330000042915344,0.5414999723434448
YBR177C,YKR099W,0,-2.7680762,0.05792311578989029,0.3330000042915344,0.5415999889373779
YOL067C,YMR298W,0,-2.7682214,0.05791304260492325,0.3330000042915344,0.541700005531311
YMR040W,YMR318C,0,-2.7682354,0.057902973145246506,0.3330000042915344,0.5418000221252441
YPL153C,YGL116W,0,-2.768339,0.05789290741086006,0.3330000042915344,0.5418999791145325
YOR101W,YPL061W,0,-2.7684534,0.057882845401763916,0.3330000042915344,0.5419999957084656
YMR314W,YDR361C,0,-2.7688367,0.05787278339266777,0.3330000042915344,0.5421000123023987
YDR217C,YNR050C,0,-2.7689748,0.05786272883415222,0.3330000042915344,0.5422000288963318
YMR308C,YLL018C-A,0,-2.7694108,0.05785267427563667,0.3330000042915344,0.5422999858856201
YOR156C,YOL142W,0,-2.769566,0.05784262716770172,0.3330000042915344,0.5424000024795532
YDL067C,YML088W,0,-2.7696133,0.05783258005976677,0.3330000042915344,0.5425000190734863
YER023W,YJR041C,0,-2.7696693,0.057822540402412415,0.3330000042915344,0.5425999760627747
YOR308C,YJR117W,0,-2.7699835,0.05781250074505806,0.3330000042915344,0.5426999926567078
YPR163C,YMR016C,0,-2.7701447,0.057802464812994,0.3330000042915344,0.5428000092506409
YAL002W,YOR308C,0,-2.7712097,0.057792432606220245,0.3330000042915344,0.542900025844574
YCR035C,YDR389W,0,-2.7713113,0.057782404124736786,0.3330000042915344,0.5429999828338623
YOL156W,YLR010C,0,-2.7713575,0.057772379368543625,0.3330000042915344,0.5430999994277954
YML080W,YHR001W-A,0,-2.772628,0.05776235833764076,0.3330000042915344,0.5432000160217285
YJR045C,YNL036W,0,-2.7729125,0.0577523410320282,0.3330000042915344,0.5432999730110168
YDR392W,YKL161C,0,-2.7734816,0.05774232745170593,0.3330000042915344,0.54339998960495
YLR395C,YBR105C,0,-2.7735527,0.057732317596673965,0.3330000042915344,0.5435000061988831
YPL210C,YPL043W,0,-2.7744334,0.057722307741642,0.3330000042915344,0.5436000227928162
YOR372C,YOR237W,0,-2.7744608,0.05771230533719063,0.3330000042915344,0.5436999797821045
YPL194W,YBR023C,0,-2.7745144,0.05770230293273926,0.3330000042915344,0.5437999963760376
YJR006W,YBR180W,0,-2.7745504,0.057692307978868484,0.3330000042915344,0.5439000129699707
YJL165C,YDR270W,1,-2.7746418,0.05785553529858589,0.33399999141693115,0.5439000129699707
YGL194C,YLR187W,0,-2.774793,0.05784551426768303,0.33399999141693115,0.5440000295639038
YDR118W,YMR308C,0,-2.775095,0.057835496962070465,0.33399999141693115,0.5440999865531921
YHR190W,YKR099W,0,-2.775122,0.0578254833817482,0.33399999141693115,0.5442000031471252
YJL102W,YMR070W,0,-2.7755878,0.05781547352671623,0.33399999141693115,0.5443000197410583
YLR200W,YNL318C,0,-2.77591,0.057805467396974564,0.33399999141693115,0.5443999767303467
YBL091C,YJR127C,0,-2.7759511,0.05779546499252319,0.33399999141693115,0.5444999933242798
YEL056W,YCR105W,0,-2.7765553,0.05778546631336212,0.33399999141693115,0.5446000099182129
YDR495C,YHL047C,1,-2.7768104,0.05794845148921013,0.33500000834465027,0.5446000099182129
YMR224C,YBL068W,0,-2.7769,0.057938430458307266,0.33500000834465027,0.544700026512146
YMR301C,YDR495C,1,-2.7769778,0.05810132995247841,0.335999995470047,0.544700026512146
YIL051C,YGR075C,0,-2.7770526,0.058091286569833755,0.335999995470047,0.5447999835014343
YLR086W,YJL133W,0,-2.7770612,0.0580812431871891,0.335999995470047,0.5449000000953674
YDR341C,YDR067C,0,-2.7771897,0.058071207255125046,0.335999995470047,0.5450000166893005
YPR043W,YJL083W,0,-2.7776392,0.05806117132306099,0.335999995470047,0.5450999736785889
YLR220W,YOR381W,1,-2.7778845,0.0582239106297493,0.3370000123977661,0.5450999736785889
YKL029C,YGR167W,0,-2.7780428,0.05821385234594345,0.3370000123977661,0.545199990272522
YGL232W,YPR041W,0,-2.7783253,0.0582038015127182,0.3370000123977661,0.5453000068664551
YDR483W,YMR227C,0,-2.778755,0.05819375067949295,0.3370000123977661,0.5454000234603882
YOR304W,YPR194C,0,-2.7788086,0.0581836998462677,0.3370000123977661,0.5454999804496765
YLR032W,YGL206C,0,-2.778845,0.05817365646362305,0.3370000123977661,0.5455999970436096
YOR346W,YOR155C,0,-2.779164,0.05816361680626869,0.3370000123977661,0.5457000136375427
YDR146C,YDR054C,0,-2.7793367,0.058153580874204636,0.3370000123977661,0.545799970626831
YBR173C,YBR115C,0,-2.7798164,0.05814354866743088,0.3370000123977661,0.5458999872207642
YDL091C,YEL069C,0,-2.7806127,0.05813351646065712,0.3370000123977661,0.5460000038146973
YMR009W,YGR086C,0,-2.7808106,0.05812349170446396,0.3370000123977661,0.5461000204086304
YNL061W,YLL004W,0,-2.7809432,0.0581134669482708,0.3370000123977661,0.5461999773979187
YBR176W,YPL121C,0,-2.7809732,0.058103449642658234,0.3370000123977661,0.5462999939918518
YLR263W,YOL003C,0,-2.7810152,0.05809343233704567,0.3370000123977661,0.5464000105857849
YCL016C,YKL054C,0,-2.7816887,0.058083418756723404,0.3370000123977661,0.546500027179718
YCR096C,YLR141W,0,-2.7821493,0.05807340890169144,0.3370000123977661,0.5465999841690063
YEL032W,YOL125W,0,-2.7822034,0.05806340277194977,0.3370000123977661,0.5467000007629395
YJR150C,YNL331C,0,-2.782523,0.058053404092788696,0.3370000123977661,0.5468000173568726
YBR261C,YEL069C,0,-2.782829,0.058043401688337326,0.3370000123977661,0.5468999743461609
YEL070W,YLR102C,0,-2.7839065,0.05803340673446655,0.3370000123977661,0.546999990940094
YLL050C,YML112W,0,-2.7839432,0.05802341550588608,0.3370000123977661,0.5471000075340271
YLR247C,YGR097W,0,-2.784003,0.0580134280025959,0.3370000123977661,0.5472000241279602
YHR160C,YJL162C,0,-2.7840686,0.058003440499305725,0.3370000123977661,0.5472999811172485
YDR345C,YOR084W,0,-2.7841027,0.057993460446596146,0.3370000123977661,0.5473999977111816
YOR236W,YNL331C,0,-2.78432,0.057983484119176865,0.3370000123977661,0.5475000143051147
YEL065W,YLR047C,1,-2.7845542,0.05814553424715996,0.33799999952316284,0.5475000143051147
YOR266W,YGL238W,0,-2.78501,0.058135535567998886,0.33799999952316284,0.5475999712944031
YPR080W,YPL273W,0,-2.7854226,0.058125536888837814,0.33799999952316284,0.5476999878883362
YBR081C,YMR237W,0,-2.785588,0.05811554193496704,0.33799999952316284,0.5478000044822693
YHR146W,YLR109W,0,-2.7857902,0.058105554431676865,0.33799999952316284,0.5479000210762024
YER120W,YMR176W,0,-2.78633,0.05809556692838669,0.33799999952316284,0.5479999780654907
YOR267C,YMR243C,1,-2.786342,0.05825743079185486,0.33899998664855957,0.5479999780654907
YJR110W,YOR288C,0,-2.7872114,0.05824742093682289,0.33899998664855957,0.5480999946594238
YOR357C,YPR169W,0,-2.7872121,0.05823741480708122,0.33899998664855957,0.5482000112533569
YLR151C,YCR092C,0,-2.7875044,0.05822741240262985,0.33899998664855957,0.54830002784729
YAL019W,YGR097W,0,-2.7875092,0.05821741372346878,0.33899998664855957,0.5483999848365784
YML023C,YHR172W,0,-2.7881458,0.05820741876959801,0.33899998664855957,0.5485000014305115
YLR390W-A,YPR155C,0,-2.7883327,0.058197423815727234,0.33899998664855957,0.5486000180244446
YIL147C,YGR089W,0,-2.788493,0.05818743631243706,0.33899998664855957,0.5486999750137329
YJR130C,YMR267W,0,-2.7886302,0.05817744880914688,0.33899998664855957,0.548799991607666
YOR242C,YPR152C,0,-2.7886462,0.0581674687564373,0.33899998664855957,0.5489000082015991
YLR238W,YMR276W,0,-2.78944,0.05815748870372772,0.33899998664855957,0.5490000247955322
YIR026C,YDR460W,0,-2.7896268,0.05814751237630844,0.33899998664855957,0.5490999817848206
YPR159W,YDR478W,0,-2.7903664,0.05813753977417946,0.33899998664855957,0.5491999983787537
YBL020W,YMR159C,0,-2.7905324,0.058127570897340775,0.33899998664855957,0.5493000149726868
YDL083C,YBR142W,0,-2.7909324,0.05811760574579239,0.33899998664855957,0.5493999719619751
YMR306W,YPL163C,0,-2.7910836,0.0581076443195343,0.33899998664855957,0.5494999885559082
YNL118C,YMR239C,0,-2.7912672,0.05809768661856651,0.33899998664855957,0.5496000051498413
YDR515W,YOR129C,1,-2.7914822,0.05825908109545708,0.3400000035762787,0.5496000051498413
YBR286W,YHR077C,0,-2.7916915,0.0582491010427475,0.3400000035762787,0.5497000217437744
YNR003C,YAL058W,0,-2.7927659,0.05823912471532822,0.3400000035762787,0.5497999787330627
YGR185C,YDR130C,0,-2.792989,0.058229148387908936,0.3400000035762787,0.5498999953269958
YHL038C,YHR154W,0,-2.7930067,0.05821917951107025,0.3400000035762787,0.550000011920929
YOR157C,YMR308C,0,-2.7932162,0.05820921063423157,0.3400000035762787,0.5501000285148621
YNL110C,YBR188C,0,-2.793361,0.05819924548268318,0.3400000035762787,0.5501999855041504
YDR353W,YOR155C,0,-2.7938948,0.05818928778171539,0.3400000035762787,0.5503000020980835
YOR273C,YGR135W,0,-2.7941663,0.058179330080747604,0.3400000035762787,0.5504000186920166
YMR094W,YKL116C,0,-2.794667,0.058169376105070114,0.3400000035762787,0.5504999756813049
YKL116C,YMR232W,0,-2.794787,0.05815942585468292,0.3400000035762787,0.550599992275238
YGR101W,YDL036C,0,-2.79484,0.05814947932958603,0.3400000035762787,0.5507000088691711
YJL062W,YKL067W,0,-2.794882,0.058139536529779434,0.3400000035762787,0.5508000254631042
YIL135C,YDR512C,0,-2.79489,0.05812959372997284,0.3400000035762787,0.5508999824523926
YCL018W,YLR348C,0,-2.7952552,0.05811965838074684,0.3400000035762787,0.5509999990463257
YJL129C,YHL047C,1,-2.7953863,0.05828063562512398,0.3409999907016754,0.5509999990463257
YLR383W,YHR119W,0,-2.7954142,0.05827067792415619,0.3409999907016754,0.5511000156402588
YKL175W,YEL051W,1,-2.796033,0.05843157321214676,0.34200000762939453,0.5511000156402588
YOR067C,YLR386W,0,-2.7960358,0.05842159315943718,0.34200000762939453,0.5511999726295471
YML132W,YJR049C,1,-2.7966354,0.058582406491041183,0.34299999475479126,0.5511999726295471
YBR065C,YPR131C,0,-2.79684,0.05857240408658981,0.34299999475479126,0.5512999892234802
YOR258W,YOL156W,0,-2.7970722,0.05856240540742874,0.34299999475479126,0.5514000058174133
YLR005W,YMR296C,0,-2.7971244,0.05855240672826767,0.34299999475479126,0.5515000224113464
YCL044C,YNR002C,0,-2.7976658,0.058542411774396896,0.34299999475479126,0.5515999794006348
YLR370C,YBL014C,0,-2.7978458,0.05853242427110672,0.34299999475479126,0.5516999959945679
YDR449C,YDR045C,0,-2.7983475,0.058522436767816544,0.34299999475479126,0.551800012588501
YNL182C,YCR036W,0,-2.798482,0.058512452989816666,0.34299999475479126,0.5519000291824341
YPL234C,YJL129C,1,-2.7986848,0.058673035353422165,0.3440000116825104,0.5519000291824341
YML005W,YGR189C,0,-2.7987864,0.058663029223680496,0.3440000116825104,0.5519999861717224
YNL107W,YAL054C,0,-2.7989187,0.058653026819229126,0.3440000116825104,0.5521000027656555
YJR083C,YDL031W,0,-2.7989464,0.058643028140068054,0.3440000116825104,0.5522000193595886
YMR035W,YBL052C,0,-2.7994597,0.05863303318619728,0.3440000116825104,0.552299976348877
YAR027W,YHR117W,0,-2.7997034,0.058623041957616806,0.3440000116825104,0.5523999929428101
YAL044C,YFL004W,0,-2.8001044,0.05861305072903633,0.3440000116825104,0.5525000095367432
YNL251C,YNR017W,0,-2.8002877,0.05860306695103645,0.3440000116825104,0.5526000261306763
YOR037W,YKL021C,0,-2.8005087,0.058593083173036575,0.3440000116825104,0.5526999831199646
YHR058C,YMR256C,0,-2.8005228,0.058583106845617294,0.3440000116825104,0.5527999997138977
YOL002C,YDR205W,1,-2.8007638,0.05874340236186981,0.3449999988079071,0.5527999997138977
YDL072C,YPL273W,0,-2.8009498,0.05873339995741844,0.3449999988079071,0.5529000163078308
YDR404C,YDR067C,0,-2.801276,0.05872340500354767,0.3449999988079071,0.5529999732971191
YGR199W,YEL053C,0,-2.8013737,0.058713410049676895,0.3449999988079071,0.5530999898910522
YGR159C,YKL024C,0,-2.801378,0.05870341882109642,0.3449999988079071,0.5532000064849854
YOL042W,YGR258C,0,-2.8014,0.058693431317806244,0.3449999988079071,0.5533000230789185
YDL170W,YPL179W,0,-2.8015463,0.058683451265096664,0.3449999988079071,0.5533999800682068
YDR038C,YJL001W,0,-2.8019269,0.058673471212387085,0.3449999988079071,0.5534999966621399
YDR527W,YCR030C,0,-2.8020089,0.058663491159677505,0.3449999988079071,0.553600013256073
YGR124W,YOL023W,0,-2.8021038,0.05865351855754852,0.3449999988079071,0.5536999702453613
YOL018C,YOR340C,0,-2.8024983,0.05864354968070984,0.3449999988079071,0.5537999868392944
YOL147C,YMR316W,0,-2.8025086,0.058633580803871155,0.3449999988079071,0.5539000034332275
YIL069C,YBL058W,0,-2.8026917,0.05862361937761307,0.3449999988079071,0.5540000200271606
YEL020W-A,YKL196C,0,-2.8027518,0.05861365795135498,0.3449999988079071,0.554099977016449
YDL107W,YNL331C,0,-2.8029287,0.05860370397567749,0.3449999988079071,0.5541999936103821
YJR059W,YMR243C,1,-2.8033986,0.05876358598470688,0.34599998593330383,0.5541999936103821
YML004C,YML080W,0,-2.8037899,0.0587536096572876,0.34599998593330383,0.5543000102043152
YMR081C,YLR292C,0,-2.8038812,0.05874363332986832,0.34599998593330383,0.5544000267982483
YKL069W,YGL093W,0,-2.8039515,0.058733660727739334,0.34599998593330383,0.5544999837875366
YBR020W,YJR004C,0,-2.8040879,0.05872369185090065,0.34599998593330383,0.5546000003814697
YGR253C,YOL019W,0,-2.8044522,0.058713726699352264,0.34599998593330383,0.5547000169754028
YOL009C,YBR005W,0,-2.804516,0.05870376527309418,0.34599998593330383,0.5547999739646912
YDR007W,YGR211W,0,-2.8047755,0.05869380757212639,0.34599998593330383,0.5548999905586243
YIL035C,YGL006W,1,-2.8051221,0.05885345861315727,0.34700000286102295,0.5548999905586243
YIL123W,YBL017C,0,-2.8052194,0.05884347856044769,0.34700000286102295,0.5550000071525574
YJL033W,YJR005W,0,-2.8053954,0.05883350223302841,0.34700000286102295,0.5551000237464905
YJL003W,YMR017W,0,-2.8063648,0.05882352963089943,0.34700000286102295,0.5551999807357788
YDR534C,YPL042C,0,-2.8067014,0.058813560754060745,0.34700000286102295,0.5552999973297119
YNL297C,YJL141C,0,-2.8070896,0.05880359187722206,0.34700000286102295,0.555400013923645
YJR022W,YFL049W,0,-2.8072202,0.058793630450963974,0.34700000286102295,0.5554999709129333
YGL127C,YGR177C,0,-2.807802,0.05878366902470589,0.34700000286102295,0.5555999875068665
YDR069C,YPL091W,0,-2.8078396,0.0587737113237381,0.34700000286102295,0.5557000041007996
YIR019C,YGR120C,0,-2.8078916,0.058763761073350906,0.34700000286102295,0.5558000206947327
YBR243C,YLR191W,0,-2.8080974,0.058753810822963715,0.34700000286102295,0.555899977684021
YPL167C,YNL231C,0,-2.808125,0.05874386429786682,0.34700000286102295,0.5559999942779541
YIL124W,YDR014W,0,-2.8081987,0.058733921498060226,0.34700000286102295,0.5561000108718872
YDR347W,YLR367W,0,-2.808684,0.05872397869825363,0.34700000286102295,0.5562000274658203
YBR295W,YGL155W,1,-2.80922,0.05888324975967407,0.3479999899864197,0.5562000274658203
YOR226C,YJR059W,1,-2.8097126,0.059042464941740036,0.3490000069141388,0.5562000274658203
YNR003C,YDR393W,0,-2.8097372,0.05903247743844986,0.3490000069141388,0.5562999844551086
YPL019C,YLL006W,0,-2.8103964,0.05902249366044998,0.3490000069141388,0.5564000010490417
YIL079C,YMR312W,0,-2.8107154,0.0590125136077404,0.3490000069141388,0.5565000176429749
YPL135W,YKL134C,1,-2.8109262,0.05917159840464592,0.3499999940395355,0.5565000176429749
YPL202C,YDR151C,1,-2.8110754,0.05933062732219696,0.35100001096725464,0.5565000176429749
YOR275C,YPL019C,0,-2.8110933,0.0593206025660038,0.35100001096725464,0.5565999746322632
YOL105C,YEL022W,0,-2.8112886,0.05931057780981064,0.35100001096725464,0.5566999912261963
YBL088C,YML047C,0,-2.8114893,0.059300556778907776,0.35100001096725464,0.5568000078201294
YLR381W,YDR363W-A,0,-2.811735,0.05929053947329521,0.35100001096725464,0.5569000244140625
YLR212C,YDR030C,0,-2.811776,0.059280525892972946,0.35100001096725464,0.5569999814033508
YDL205C,YER056C,0,-2.8119762,0.05927051603794098,0.35100001096725464,0.5570999979972839
YNL079C,YDR256C,0,-2.8119915,0.05926050990819931,0.35100001096725464,0.557200014591217
YPR047W,YMR220W,0,-2.8122337,0.05925050750374794,0.35100001096725464,0.5572999715805054
YDL128W,YOL158C,1,-2.8126209,0.059409283101558685,0.35199999809265137,0.5572999715805054
YPL097W,YLR265C,0,-2.812682,0.059399258345365524,0.35199999809265137,0.5573999881744385
YJR140C,YKL051W,0,-2.8127103,0.05938923731446266,0.35199999809265137,0.5575000047683716
YGR037C,YPL139C,0,-2.813212,0.0593792162835598,0.35199999809265137,0.5576000213623047
YPL127C,YER036C,0,-2.8138893,0.059369202703237534,0.35199999809265137,0.557699978351593
YOR301W,YOL023W,0,-2.8140628,0.05935918912291527,0.35199999809265137,0.5577999949455261
YGR282C,YDR470C,0,-2.814396,0.0593491829931736,0.35199999809265137,0.5579000115394592
YER177W,YJL127C,0,-2.8147275,0.05933917686343193,0.35199999809265137,0.5580000281333923
YOR274W,YDR145W,0,-2.8151453,0.05932917445898056,0.35199999809265137,0.5580999851226807
YOR180C,YPL004C,0,-2.8153505,0.05931917577981949,0.35199999809265137,0.5582000017166138
YOL158C,YEL031W,1,-2.8157835,0.05947767570614815,0.3529999852180481,0.5582000017166138
YJL008C,YPR138C,0,-2.8160145,0.059467654675245285,0.3529999852180481,0.5583000183105469
YDL210W,YLR265C,0,-2.8164608,0.05945763736963272,0.3529999852180481,0.5583999752998352
YGL229C,YBR107C,0,-2.8169048,0.059447623789310455,0.3529999852180481,0.5584999918937683
YGR077C,YCL069W,0,-2.8170254,0.05943761393427849,0.3529999852180481,0.5586000084877014
YML052W,YNR016C,0,-2.817108,0.05942760780453682,0.3529999852180481,0.5587000250816345
YOR063W,YNL098C,0,-2.817344,0.05941760540008545,0.3529999852180481,0.5587999820709229
YGL168W,YDR429C,0,-2.8173468,0.05940760672092438,0.3529999852180481,0.558899998664856
YJR057W,YCL008C,0,-2.817383,0.059397611767053604,0.3529999852180481,0.5590000152587891
YHR142W,YMR179W,0,-2.817511,0.05938761681318283,0.3529999852180481,0.5590999722480774
YKR050W,YLR023C,1,-2.817663,0.059545837342739105,0.3540000021457672,0.5590999722480774
YNL039W,YOR159C,0,-2.8178298,0.05953582376241684,0.3540000021457672,0.5591999888420105
YOR252W,YMR273C,0,-2.8179882,0.059525810182094574,0.3540000021457672,0.5593000054359436
YDR195W,YBR049C,0,-2.818329,0.059515804052352905,0.3540000021457672,0.5594000220298767
YLR107W,YFL056C,0,-2.8186703,0.05950579792261124,0.3540000021457672,0.559499979019165
YPL221W,YLR153C,0,-2.8192856,0.059495799243450165,0.3540000021457672,0.5595999956130981
YPR049C,YJL019W,0,-2.8199825,0.05948580056428909,0.3540000021457672,0.5597000122070312
YGR044C,YGR082W,0,-2.819988,0.05947580561041832,0.3540000021457672,0.5598000288009644
YKR097W,YGR104C,0,-2.820412,0.059465814381837845,0.3540000021457672,0.5598999857902527
YGL211W,YNL317W,0,-2.8206618,0.05945582687854767,0.3540000021457672,0.5600000023841858
YEL005C,YIL130W,0,-2.8208015,0.05944584310054779,0.3540000021457672,0.5601000189781189
YGL040C,YIL150C,0,-2.8208854,0.05943586304783821,0.3540000021457672,0.5601999759674072
YDL123W,YER045C,0,-2.8209856,0.05942588672041893,0.3540000021457672,0.5602999925613403
YGL191W,YJR036C,0,-2.82116,0.05941591039299965,0.3540000021457672,0.5604000091552734
YBR170C,YPL078C,0,-2.82209,0.059405941516160965,0.3540000021457672,0.5605000257492065
YLR193C,YPR187W,0,-2.8222737,0.05939597263932228,0.3540000021457672,0.5605999827384949
YDR130C,YKL117W,0,-2.8223383,0.059386007487773895,0.3540000021457672,0.560699999332428
YGL071W,YPL092W,0,-2.8224874,0.05937604978680611,0.3540000021457672,0.5608000159263611
YLR248W,YFL039C,0,-2.8225114,0.05936609208583832,0.3540000021457672,0.5608999729156494
YGL021W,YDR189W,0,-2.8227239,0.05935613811016083,0.3540000021457672,0.5609999895095825
YJL179W,YOR032C,0,-2.8229926,0.059346187859773636,0.3540000021457672,0.5611000061035156
YDR443C,YPL151C,0,-2.823017,0.059336237609386444,0.3540000021457672,0.5612000226974487
YJL041W,YLR011W,0,-2.8232214,0.05932629480957985,0.3540000021457672,0.5612999796867371
YJL194W,YPL137C,0,-2.8233163,0.05931635573506355,0.3540000021457672,0.5613999962806702
YJL176C,YJL011C,0,-2.8234708,0.059306416660547256,0.3540000021457672,0.5615000128746033
YBR160W,YIL021W,0,-2.8240087,0.05929648131132126,0.3540000021457672,0.5616000294685364
YDR120C,YMR065W,0,-2.8244045,0.05928655341267586,0.3540000021457672,0.5616999864578247
YCR031C,YMR098C,0,-2.8244274,0.05927662551403046,0.3540000021457672,0.5618000030517578
YLR249W,YMR208W,0,-2.8246896,0.059266701340675354,0.3540000021457672,0.5619000196456909
YBR294W,YNL123W,0,-2.8248005,0.05925678089261055,0.3540000021457672,0.5619999766349792
YNL061W,YGL098W,0,-2.8249426,0.059246860444545746,0.3540000021457672,0.5620999932289124
YMR261C,YNL133C,0,-2.8250048,0.05923694744706154,0.3540000021457672,0.5622000098228455
YNL129W,YOL142W,0,-2.8258684,0.05922703817486763,0.3540000021457672,0.5623000264167786
YLR153C,YJL133W,0,-2.8267121,0.05921712890267372,0.3540000021457672,0.5623999834060669
YJL208C,YER072W,0,-2.826979,0.05920722708106041,0.3540000021457672,0.5625
YNL236W,YNR015W,0,-2.8273022,0.0591973252594471,0.3540000021457672,0.5626000165939331
YPR162C,YOR319W,0,-2.8274615,0.059187427163124084,0.3540000021457672,0.5626999735832214
YGL163C,YMR218C,0,-2.827514,0.05917753279209137,0.3540000021457672,0.5627999901771545
YDL185W,YLR047C,1,-2.8275526,0.059334781020879745,0.35499998927116394,0.5627999901771545
YLR219W,YOL152W,0,-2.827657,0.05932486802339554,0.35499998927116394,0.5629000067710876
YML041C,YCR093W,0,-2.8286638,0.05931495502591133,0.35499998927116394,0.5630000233650208
YNL151C,YJR117W,0,-2.8290427,0.05930504575371742,0.35499998927116394,0.5630999803543091
YHR008C,YLR357W,0,-2.8290632,0.05929514020681381,0.35499998927116394,0.5631999969482422
YOR332W,YOR129C,1,-2.829421,0.05945223942399025,0.35600000619888306,0.5631999969482422
YGL136C,YFL021W,0,-2.8294265,0.05944231152534485,0.35600000619888306,0.5633000135421753
YHR081W,YHL006C,0,-2.8294628,0.059432387351989746,0.35600000619888306,0.5633999705314636
YLL011W,YDR347W,0,-2.8295815,0.05942246690392494,0.35600000619888306,0.5634999871253967
YGL259W,YPL076W,0,-2.829942,0.059412550181150436,0.35600000619888306,0.5636000037193298
YOR267C,YBR295W,1,-2.8303509,0.05956949666142464,0.3569999933242798,0.5636000037193298
YER185W,YML036W,0,-2.83062,0.05955956131219864,0.3569999933242798,0.5637000203132629
YDR495C,YMR054W,1,-2.8306959,0.05971642956137657,0.3580000102519989,0.5637000203132629
YNL261W,YNR002C,0,-2.8308513,0.05970647186040878,0.3580000102519989,0.5637999773025513
YOR384W,YDR175C,0,-2.8309526,0.059696514159440994,0.3580000102519989,0.5638999938964844
YLR364W,YPR048W,0,-2.831062,0.0596865639090538,0.3580000102519989,0.5640000104904175
YGR263C,YBR030W,0,-2.831123,0.05967661365866661,0.3580000102519989,0.5641000270843506
YOL158C,YJR104C,1,-2.8311431,0.059833332896232605,0.35899999737739563,0.5641000270843506
YPL146C,YGR034W,0,-2.831324,0.05982336401939392,0.35899999737739563,0.5641999840736389
YBL072C,YOR158W,0,-2.8314202,0.05981339514255524,0.35899999737739563,0.564300000667572
YOR060C,YGR246C,0,-2.831583,0.05980342999100685,0.35899999737739563,0.5644000172615051
YGL112C,YDR447C,0,-2.8317697,0.05979347229003906,0.35899999737739563,0.5644999742507935
YJL008C,YHR052W,0,-2.832711,0.059783514589071274,0.35899999737739563,0.5645999908447266
YHR073W,YKR058W,0,-2.8328793,0.059773560613393784,0.35899999737739563,0.5647000074386597
YKR102W,YOL051W,0,-2.8328986,0.05976361036300659,0.35899999737739563,0.5648000240325928
YGR262C,YLR106C,0,-2.833073,0.0597536601126194,0.35899999737739563,0.5648999810218811
YGR061C,YDR460W,0,-2.8340137,0.059743717312812805,0.35899999737739563,0.5649999976158142
YDR041W,YPL138C,0,-2.83428,0.05973377823829651,0.35899999737739563,0.5651000142097473
YNL268W,YIL056W,0,-2.8347797,0.05972383916378021,0.35899999737739563,0.5651999711990356
YLR450W,YNL006W,0,-2.8356984,0.059713903814554214,0.35899999737739563,0.5652999877929688
YAL016W,YDL051W,0,-2.8357174,0.059703975915908813,0.35899999737739563,0.5654000043869019
YLR268W,YOL010W,0,-2.835771,0.05969404801726341,0.35899999737739563,0.565500020980835
YMR192W,YDR498C,0,-2.8360007,0.05968412384390831,0.35899999737739563,0.5655999779701233
YDL189W,YKL041W,0,-2.8366299,0.059674203395843506,0.35899999737739563,0.5656999945640564
YHR171W,YJL173C,0,-2.8366907,0.0596642829477787,0.35899999737739563,0.5658000111579895
YAL039C,YFL061W,0,-2.8369477,0.059654369950294495,0.35899999737739563,0.5659000277519226
YNL065W,YNR013C,0,-2.8371952,0.059644460678100586,0.35899999737739563,0.5659999847412109
YJL174W,YDR371W,0,-2.8372014,0.05963455140590668,0.35899999737739563,0.566100001335144
YER142C,YOR123C,0,-2.8377206,0.05962464585900307,0.35899999737739563,0.5662000179290771
YPL209C,YKL198C,0,-2.83805,0.059614747762680054,0.35899999737739563,0.5662999749183655
YHR005C-A,YNL280C,0,-2.8402236,0.05960484966635704,0.35899999737739563,0.5663999915122986
YMR093W,YLR150W,0,-2.8403814,0.059594955295324326,0.35899999737739563,0.5665000081062317
YDR479C,YDL154W,0,-2.840596,0.05958506092429161,0.35899999737739563,0.5666000247001648
YKR054C,YCR105W,0,-2.8410747,0.05957517400383949,0.35899999737739563,0.5666999816894531
YER159C,YCR014C,0,-2.8412545,0.05956529080867767,0.35899999737739563,0.5667999982833862
YML034W,YOR222W,0,-2.8423617,0.059555407613515854,0.35899999737739563,0.5669000148773193
YOR381W,YPL177C,1,-2.8424766,0.05971139669418335,0.36000001430511475,0.5669000148773193
YOR252W,YDR468C,0,-2.8432705,0.05970149114727974,0.36000001430511475,0.5669999718666077
YKL078W,YKL051W,0,-2.8437052,0.059691593050956726,0.36000001430511475,0.5670999884605408
YPL127C,YOR127W,0,-2.843711,0.05968169867992401,0.36000001430511475,0.5672000050544739
YLR204W,YEL069C,0,-2.8437123,0.059671804308891296,0.36000001430511475,0.567300021648407
YDR158W,YLR154C,0,-2.843744,0.05966191738843918,0.36000001430511475,0.5673999786376953
YMR094W,YDR031W,0,-2.844022,0.05965203046798706,0.36000001430511475,0.5674999952316284
YNL110C,YPR105C,0,-2.8446596,0.05964214727282524,0.36000001430511475,0.5676000118255615
YKR050W,YGL019W,1,-2.8447263,0.05979791283607483,0.3610000014305115,0.5676000118255615
YIR026C,YKL069W,0,-2.8451958,0.05978801101446152,0.3610000014305115,0.5677000284194946
YBR153W,YKL197C,0,-2.8452556,0.059778109192848206,0.3610000014305115,0.567799985408783
YLR083C,YGL083W,0,-2.8455765,0.05976821109652519,0.3610000014305115,0.5679000020027161
YPR166C,YML088W,0,-2.845649,0.05975831672549248,0.3610000014305115,0.5680000185966492
YBR205W,YBL091C-A,0,-2.8457546,0.05974842607975006,0.3610000014305115,0.5680999755859375
YLR309C,YOL029C,0,-2.8459523,0.05973853915929794,0.3610000014305115,0.5681999921798706
YML016C,YOR087W,1,-2.8467805,0.05989411100745201,0.3619999885559082,0.5681999921798706
YDR328C,YOR129C,1,-2.8468382,0.0600496269762516,0.3630000054836273,0.5681999921798706
YDL102W,YPR055W,0,-2.8469565,0.0600396953523159,0.3630000054836273,0.5683000087738037
YLR330W,YOR212W,0,-2.847265,0.0600297674536705,0.3630000054836273,0.5684000253677368
YGL212W,YER090W,0,-2.8474731,0.0600198395550251,0.3630000054836273,0.5684999823570251
YBR192W,YKL161C,0,-2.8476455,0.0600099191069603,0.3630000054836273,0.5685999989509583
YDR005C,YER098W,0,-2.8482854,0.05999999865889549,0.3630000054836273,0.5687000155448914
YJL059W,YJR040W,1,-2.8485126,0.06015534698963165,0.36399999260902405,0.5687000155448914
YDR159W,YPR198W,0,-2.8487341,0.060145407915115356,0.36399999260902405,0.5687999725341797
YLR165C,YMR208W,0,-2.8488152,0.06013546884059906,0.36399999260902405,0.5688999891281128
YLR167W,YBR122C,0,-2.848887,0.06012553721666336,0.36399999260902405,0.5690000057220459
YEL065W,YML006C,1,-2.8490214,0.06028075888752937,0.36500000953674316,0.5690000057220459
YJL127C,YLR401C,0,-2.849213,0.06027080491185188,0.36500000953674316,0.569100022315979
YPR110C,YPR173C,0,-2.8494248,0.06026085466146469,0.36500000953674316,0.5691999793052673
YPR005C,YIL119C,0,-2.849583,0.0602509081363678,0.36500000953674316,0.5692999958992004
YBR202W,YPL022W,0,-2.8498137,0.0602409653365612,0.36500000953674316,0.5694000124931335
YLR109W,YBR046C,0,-2.8501265,0.06023102253675461,0.36500000953674316,0.5695000290870667
YJL194W,YBR192W,0,-2.8504512,0.06022108718752861,0.36500000953674316,0.569599986076355
YLR440C,YPL061W,0,-2.8505666,0.06021115183830261,0.36500000953674316,0.5697000026702881
YER090W,YBR029C,0,-2.850763,0.06020122021436691,0.36500000953674316,0.5698000192642212
YDR399W,YDL235C,0,-2.8509438,0.06019129231572151,0.36500000953674316,0.5698999762535095
YOR172W,YIL139C,0,-2.8510892,0.06018136814236641,0.36500000953674316,0.5699999928474426
YNL055C,YOL010W,0,-2.851143,0.060171447694301605,0.36500000953674316,0.5701000094413757
YMR033W,YLR061W,0,-2.8512,0.0601615309715271,0.36500000953674316,0.5702000260353088
YLL009C,YGR032W,0,-2.8512337,0.060151614248752594,0.36500000953674316,0.5702999830245972
YOL140W,YJL121C,0,-2.8515146,0.060141704976558685,0.36500000953674316,0.5703999996185303
YGL084C,YLR037C,0,-2.8518512,0.06013179570436478,0.36500000953674316,0.5705000162124634
YGL120C,YKR048C,0,-2.852226,0.060121890157461166,0.36500000953674316,0.5705999732017517
YDR328C,YDR495C,1,-2.8527362,0.06027667969465256,0.3659999966621399,0.5705999732017517
YML099C,YNL331C,0,-2.8527892,0.060266755521297455,0.3659999966621399,0.5706999897956848
YJL117W,YDR285W,0,-2.8533018,0.06025683134794235,0.3659999966621399,0.5708000063896179
YCR024C,YJL198W,0,-2.8533921,0.06024691462516785,0.3659999966621399,0.570900022983551
YHR017W,YGR286C,0,-2.8538716,0.06023699790239334,0.3659999966621399,0.5709999799728394
YDL231C,YMR296C,0,-2.854133,0.060227084904909134,0.3659999966621399,0.5710999965667725
YJL083W,YDR031W,0,-2.8541734,0.060217175632715225,0.3659999966621399,0.5712000131607056
YER070W,YDR510W,0,-2.8542254,0.060207270085811615,0.3659999966621399,0.5713000297546387
YHR058C,YOL141W,0,-2.8543823,0.0601973682641983,0.3659999966621399,0.571399986743927
YJR132W,YLR153C,0,-2.8547707,0.06018747016787529,0.3659999966621399,0.5715000033378601
YHR056C,YLL013C,0,-2.8556736,0.06017757207155228,0.3659999966621399,0.5716000199317932
YOR025W,YIL139C,0,-2.8557465,0.06016768142580986,0.3659999966621399,0.5716999769210815
YOL135C,YML028W,0,-2.8560646,0.060157790780067444,0.3659999966621399,0.5717999935150146
YPL210C,YDL069C,0,-2.8566716,0.060147903859615326,0.3659999966621399,0.5719000101089478
YER127W,YLR187W,0,-2.8574293,0.060138020664453506,0.3659999966621399,0.5720000267028809
YHR201C,YHR164C,0,-2.8574367,0.060128141194581985,0.3659999966621399,0.5720999836921692
YOR290C,YOR155C,0,-2.8580947,0.06011826545000076,0.3659999966621399,0.5722000002861023
YDR281C,YGR089W,0,-2.858828,0.06010839343070984,0.3659999966621399,0.5723000168800354
YMR009W,YMR267W,0,-2.8589077,0.060098521411418915,0.3659999966621399,0.5723999738693237
YGR112W,YLR315W,0,-2.8591225,0.06008865684270859,0.3659999966621399,0.5724999904632568
YIR037W,YCR052W,0,-2.8592703,0.06007879227399826,0.3659999966621399,0.5726000070571899
YKL029C,YPL094C,0,-2.860153,0.06006893143057823,0.3659999966621399,0.572700023651123
YNL151C,YDR337W,0,-2.8610337,0.0600590743124485,0.3659999966621399,0.5727999806404114
YKL134C,YEL051W,1,-2.8610451,0.06021329015493393,0.367000013589859,0.5727999806404114
YLR047C,YGR020C,1,-2.861527,0.06036745384335518,0.36800000071525574,0.5727999806404114
YLR099C,YNL291C,0,-2.8619153,0.06035755202174187,0.36800000071525574,0.5728999972343445
YBR149W,YGL009C,0,-2.861996,0.060347653925418854,0.36800000071525574,0.5730000138282776
YLR221C,YPR191W,0,-2.8620918,0.06033775955438614,0.36800000071525574,0.5730999708175659
YER133W,YDR515W,1,-2.862125,0.06049180403351784,0.36899998784065247,0.5730999708175659
YLR360W,YIR002C,0,-2.862664,0.06048188731074333,0.36899998784065247,0.573199987411499
YLR371W,YHR175W,0,-2.8629782,0.06047197803854942,0.36899998784065247,0.5733000040054321
YOL012C,YPR138C,0,-2.8630753,0.060462068766355515,0.36899998784065247,0.5734000205993652
YPL063W,YKL038W,0,-2.8637152,0.060452163219451904,0.36899998784065247,0.5734999775886536
YOR026W,YPL126W,0,-2.8638484,0.06044226139783859,0.36899998784065247,0.5735999941825867
YPR001W,YOL080C,0,-2.8640065,0.06043236330151558,0.36899998784065247,0.5737000107765198
YCR065W,YBR118W,0,-2.8646977,0.060422465205192566,0.36899998784065247,0.5738000273704529
YML005W,YLR380W,0,-2.864886,0.06041257455945015,0.36899998784065247,0.5738999843597412
YOR274W,YGL173C,0,-2.8654428,0.06040268391370773,0.36899998784065247,0.5740000009536743
YBL008W,YGR162W,0,-2.8655226,0.060392796993255615,0.36899998784065247,0.5741000175476074
YBR279W,YLL045C,0,-2.8656337,0.060382917523384094,0.36899998784065247,0.5741999745368958
YBR146W,YER090W,0,-2.8658388,0.06037303805351257,0.36899998784065247,0.5742999911308289
YDL185W,YJL056C,1,-2.8659718,0.06052674725651741,0.3700000047683716,0.5742999911308289
YOR388C,YPL010W,0,-2.8661194,0.0605168454349041,0.3700000047683716,0.574400007724762
YEL027W,YJL129C,1,-2.866279,0.060670483857393265,0.3709999918937683,0.574400007724762
YDR081C,YIL173W,0,-2.8663044,0.06066056340932846,0.3709999918937683,0.5745000243186951
YNR022C,YIL072W,0,-2.8667452,0.060650646686553955,0.3709999918937683,0.5745999813079834
YDR325W,YIL160C,0,-2.8668497,0.06064073368906975,0.3709999918937683,0.5746999979019165
YMR223W,YDR086C,0,-2.8675358,0.06063082069158554,0.3709999918937683,0.5748000144958496
YGL158W,YBL069W,0,-2.867559,0.06062091514468193,0.3709999918937683,0.5748999714851379
YLL038C,YPR135W,0,-2.8682797,0.06061100959777832,0.3709999918937683,0.574999988079071
YLL021W,YLR068W,0,-2.8684752,0.06060111150145531,0.3709999918937683,0.5751000046730042
YLR206W,YCR018C,0,-2.8685863,0.060591213405132294,0.3709999918937683,0.5752000212669373
YDL246C,YOR138C,0,-2.868775,0.06058131903409958,0.3709999918937683,0.5752999782562256
YLR248W,YOR249C,0,-2.868932,0.06057142838835716,0.3709999918937683,0.5753999948501587
YNL330C,YIL160C,0,-2.86921,0.060561541467905045,0.3709999918937683,0.5755000114440918
YER095W,YKL020C,0,-2.8695493,0.060551658272743225,0.3709999918937683,0.5756000280380249
YPL122C,YER060W,0,-2.869599,0.060541775077581406,0.3709999918937683,0.5756999850273132
YFR014C,YMR194W,0,-2.8696368,0.06053189933300018,0.3709999918937683,0.5758000016212463
YIL123W,YHR181W,0,-2.869959,0.06052202358841896,0.3709999918937683,0.5759000182151794
YMR125W,YHR025W,0,-2.8701334,0.060512151569128036,0.3709999918937683,0.5759999752044678
YPL167C,YPR175W,0,-2.870143,0.06050228327512741,0.3709999918937683,0.5760999917984009
YLR435W,YNL066W,0,-2.8702824,0.060492418706417084,0.3709999918937683,0.576200008392334
YJL059W,YML057W,1,-2.8709102,0.06064558029174805,0.3720000088214874,0.576200008392334
YIL070C,YBR128C,0,-2.8711188,0.06063569709658623,0.3720000088214874,0.5763000249862671
YCR036W,YER153C,0,-2.8715253,0.06062581390142441,0.3720000088214874,0.5763999819755554
YLR318W,YNL137C,0,-2.8717332,0.06061593443155289,0.3720000088214874,0.5764999985694885
YOR046C,YBL089W,0,-2.8720157,0.06060606241226196,0.3720000088214874,0.5766000151634216
YJR042W,YGR010W,0,-2.8720493,0.06059618666768074,0.3720000088214874,0.57669997215271
YOR226C,YOR087W,1,-2.8722088,0.06074918434023857,0.37299999594688416,0.57669997215271
YGR144W,YAL043C,0,-2.8722403,0.060739293694496155,0.37299999594688416,0.5767999887466431
YOR250C,YHR061C,0,-2.8723776,0.06072940304875374,0.37299999594688416,0.5769000053405762
YLR212C,YPR054W,0,-2.8725765,0.06071951985359192,0.37299999594688416,0.5770000219345093
YLR052W,YML011C,0,-2.873163,0.0607096366584301,0.37299999594688416,0.5770999789237976
YGL107C,YLR306W,0,-2.8736224,0.06069975718855858,0.37299999594688416,0.5771999955177307
YLR086W,YHL004W,0,-2.8736546,0.060689881443977356,0.37299999594688416,0.5773000121116638
YGL186C,YOR037W,0,-2.873892,0.06068000569939613,0.37299999594688416,0.5774000287055969
YPL226W,YNL191W,0,-2.87434,0.06067013740539551,0.37299999594688416,0.5774999856948853
YMR006C,YLR246W,0,-2.874655,0.06066026911139488,0.37299999594688416,0.5776000022888184
YLR304C,YGR058W,0,-2.8746793,0.060650408267974854,0.37299999594688416,0.5777000188827515
YDL075W,YBR069C,0,-2.8746982,0.060640547424554825,0.37299999594688416,0.5777999758720398
YKL108W,YAR019C,0,-2.8747423,0.060630690306425095,0.37299999594688416,0.5778999924659729
YLL035W,YLR004C,0,-2.8749378,0.06062083691358566,0.37299999594688416,0.578000009059906
YJR097W,YOR110W,0,-2.8753347,0.06061098352074623,0.37299999594688416,0.5781000256538391
YBR192W,YOR065W,0,-2.8755302,0.060601137578487396,0.37299999594688416,0.5781999826431274
YKL029C,YBR015C,0,-2.8758342,0.06059129163622856,0.37299999594688416,0.5782999992370605
YIL075C,YNL318C,0,-2.8766487,0.060581453144550323,0.37299999594688416,0.5784000158309937
YMR056C,YNL189W,0,-2.876858,0.060571614652872086,0.37299999594688416,0.578499972820282
YDL077C,YLL029W,0,-2.8771327,0.060561779886484146,0.37299999594688416,0.5785999894142151
YPR006C,YNL049C,0,-2.87717,0.060551948845386505,0.37299999594688416,0.5787000060081482
YJR057W,YPL089C,0,-2.8775604,0.06054212152957916,0.37299999594688416,0.5788000226020813
YBR191W,YJL198W,0,-2.8776186,0.06053229421377182,0.37299999594688416,0.5788999795913696
YDR117C,YHR169W,0,-2.8776205,0.060522474348545074,0.37299999594688416,0.5789999961853027
YGR159C,YOR212W,0,-2.8776793,0.06051265448331833,0.37299999594688416,0.5791000127792358
YOL003C,YGR162W,0,-2.8785458,0.06050283834338188,0.37299999594688416,0.579200029373169
YGR189C,YKL021C,0,-2.8789847,0.06049302592873573,0.37299999594688416,0.5792999863624573
YML116W,YMR211W,0,-2.8795028,0.06048321723937988,0.37299999594688416,0.5794000029563904
YOR129C,YKL080W,1,-2.879705,0.060635536909103394,0.37400001287460327,0.5794000029563904
YLR364W,YDR126W,0,-2.8798392,0.06062570959329605,0.37400001287460327,0.5795000195503235
YAL053W,YFL021W,0,-2.8804138,0.06061588227748871,0.37400001287460327,0.5795999765396118
YNL317W,YBR150C,0,-2.8822017,0.06060606241226196,0.37400001287460327,0.5796999931335449
YMR177W,YEL065W,1,-2.882257,0.06075826287269592,0.375,0.5796999931335449
YCL024W,YMR237W,0,-2.8825169,0.060748420655727386,0.375,0.579800009727478
YPL083C,YHR164C,0,-2.88261,0.06073858216404915,0.375,0.5799000263214111
YBL069W,YER008C,0,-2.8828104,0.06072874367237091,0.375,0.5799999833106995
YOL158C,YOR087W,1,-2.8839078,0.06088082864880562,0.37599998712539673,0.5799999833106995
YLR433C,YOR079C,1,-2.8841686,0.061032865196466446,0.37700000405311584,0.5799999833106995
YML016C,YGR029W,1,-2.8849146,0.061184849590063095,0.3779999911785126,0.5799999833106995
YBR067C,YDR368W,0,-2.8851514,0.06117494776844978,0.3779999911785126,0.5800999999046326
YKL173W,YGR058W,0,-2.8853147,0.06116504967212677,0.3779999911785126,0.5802000164985657
YLR435W,YPL004C,0,-2.8853672,0.06115515157580376,0.3779999911785126,0.580299973487854
YML092C,YGR178C,0,-2.88636,0.06114526093006134,0.3779999911785126,0.5803999900817871
YOR239W,YBR222C,0,-2.8866065,0.061135370284318924,0.3779999911785126,0.5805000066757202
YPR036W,YDR151C,1,-2.8866148,0.06128719449043274,0.3790000081062317,0.5805000066757202
YOL140W,YMR312W,0,-2.8866808,0.06127728521823883,0.3790000081062317,0.5806000232696533
YOR355W,YNL233W,0,-2.8868554,0.06126737967133522,0.3790000081062317,0.5806999802589417
YMR282C,YCL066W,0,-2.8869975,0.06125747412443161,0.3790000081062317,0.5807999968528748
YKL217W,YKR026C,0,-2.88713,0.0612475760281086,0.3790000081062317,0.5809000134468079
YJL045W,YBL011W,0,-2.8872209,0.061237677931785583,0.3790000081062317,0.5809999704360962
YMR318C,YBR001C,0,-2.8877118,0.06122778728604317,0.3790000081062317,0.5810999870300293
YOL065C,YML043C,0,-2.887734,0.06121789664030075,0.3790000081062317,0.5812000036239624
YDR122W,YNL160W,0,-2.8879695,0.06120800971984863,0.3790000081062317,0.5813000202178955
YLR197W,YGR254W,0,-2.888552,0.06119812652468681,0.3790000081062317,0.5813999772071838
YLR447C,YLR047C,1,-2.8885996,0.061349693685770035,0.3799999952316284,0.5813999772071838
YBL035C,YGR027C,0,-2.8888562,0.06133979186415672,0.3799999952316284,0.5814999938011169
YBR129C,YNL101W,0,-2.8889081,0.06132989004254341,0.3799999952316284,0.58160001039505
YPL209C,YOR212W,0,-2.8889291,0.0613199919462204,0.3799999952316284,0.5817000269889832
YJL013C,YDR454C,0,-2.88923,0.06131010130047798,0.3799999952316284,0.5817999839782715
YJR139C,YDR498C,0,-2.889241,0.061300210654735565,0.3799999952316284,0.5819000005722046
YLR047C,YGR029W,1,-2.8894246,0.061451613903045654,0.38100001215934753,0.5819000005722046
YER027C,YGR004W,0,-2.8895504,0.061441704630851746,0.38100001215934753,0.5820000171661377
YJL128C,YHR101C,0,-2.8895953,0.06143179535865784,0.38100001215934753,0.582099974155426
YDL127W,YHR001W-A,0,-2.8899357,0.061421893537044525,0.38100001215934753,0.5821999907493591
YDR500C,YNL032W,0,-2.8899386,0.06141199171543121,0.38100001215934753,0.5823000073432922
YFR033C,YNL080C,0,-2.8904655,0.0614020936191082,0.38100001215934753,0.5824000239372253
YLR074C,YKL029C,0,-2.8906064,0.061392199248075485,0.38100001215934753,0.5824999809265137
YPR005C,YER125W,0,-2.8908446,0.06138230860233307,0.38100001215934753,0.5825999975204468
YNL318C,YBR122C,0,-2.8908799,0.06137242168188095,0.38100001215934753,0.5827000141143799
YGR123C,YHR132C,0,-2.891083,0.06136253848671913,0.38100001215934753,0.5827999711036682
YGL220W,YPL033C,0,-2.891474,0.06135265529155731,0.38100001215934753,0.5828999876976013
YDL220C,YBR299W,0,-2.8915303,0.06134277954697609,0.38100001215934753,0.5830000042915344
YNR031C,YPL155C,0,-2.8915613,0.06133290380239487,0.38100001215934753,0.5831000208854675
YCR026C,YLR418C,0,-2.891706,0.06132303178310394,0.38100001215934753,0.5831999778747559
YGL087C,YPR081C,0,-2.8917587,0.06131316348910332,0.38100001215934753,0.583299994468689
YLR147C,YML124C,0,-2.8920019,0.06130329892039299,0.38100001215934753,0.5834000110626221
YER112W,YNR072W,0,-2.892018,0.06129343807697296,0.38100001215934753,0.5835000276565552
YDR419W,YDR002W,0,-2.8921316,0.06128357723355293,0.38100001215934753,0.5835999846458435
YKL062W,YJR109C,0,-2.8924856,0.0612737201154232,0.38100001215934753,0.5837000012397766
YDR009W,YOR158W,0,-2.8927343,0.06126387044787407,0.38100001215934753,0.5838000178337097
YDR082W,YGL232W,0,-2.8928444,0.061254020780324936,0.38100001215934753,0.583899974822998
YLR263W,YLR005W,0,-2.8931305,0.0612441711127758,0.38100001215934753,0.5839999914169312
YKL056C,YLR401C,0,-2.8934584,0.061234328895807266,0.38100001215934753,0.5841000080108643
YKR064W,YER019C-A,0,-2.893544,0.06122449040412903,0.38100001215934753,0.5842000246047974
YPR119W,YPR070W,0,-2.8937333,0.06121465191245079,0.38100001215934753,0.5842999815940857
YMR127C,YOR176W,0,-2.8937764,0.06120482087135315,0.38100001215934753,0.5843999981880188
YMR223W,YLR037C,0,-2.8940341,0.06119498983025551,0.38100001215934753,0.5845000147819519
YEL050C,YLL006W,0,-2.8944678,0.061185162514448166,0.38100001215934753,0.5845999717712402
YER007C-A,YKR101W,0,-2.894775,0.06117533892393112,0.38100001215934753,0.5846999883651733
YMR042W,YOR117W,0,-2.8948886,0.06116551533341408,0.38100001215934753,0.5848000049591064
YHR058C,YDR303C,0,-2.8950708,0.06115569919347763,0.38100001215934753,0.5849000215530396
YEL015W,YAL012W,0,-2.8950975,0.061145883053541183,0.38100001215934753,0.5849999785423279
YNL267W,YLL035W,0,-2.8953717,0.061136070638895035,0.38100001215934753,0.585099995136261
YJL059W,YHR194W,1,-2.895468,0.061286699026823044,0.38199999928474426,0.585099995136261
YML098W,YGL070C,0,-2.8958051,0.0612768679857254,0.38199999928474426,0.5852000117301941
YOR267C,YLR447C,1,-2.896295,0.06142742559313774,0.382999986410141,0.5852000117301941
YDL185W,YOR054C,1,-2.8964436,0.0615779347717762,0.3840000033378601,0.5852000117301941
YGR063C,YGR010W,0,-2.896631,0.061568062752485275,0.3840000033378601,0.5853000283241272
YPR068C,YLR121C,0,-2.8969052,0.06155819073319435,0.3840000033378601,0.5853999853134155
YMR150C,YJR048W,0,-2.8975198,0.061548326164484024,0.3840000033378601,0.5855000019073486
YPR133W-A,YPL214C,0,-2.8977349,0.0615384615957737,0.3840000033378601,0.5856000185012817
YIL074C,YKR090W,0,-2.8979104,0.06152860075235367,0.3840000033378601,0.5856999754905701
YDR435C,YLR185W,0,-2.897929,0.06151874363422394,0.3840000033378601,0.5857999920845032
YGR046W,YGL194C,0,-2.8979466,0.061508890241384506,0.3840000033378601,0.5859000086784363
YLR090W,YCL027W,0,-2.8981285,0.06149904057383537,0.3840000033378601,0.5860000252723694
YJR092W,YGR099W,0,-2.898402,0.06148919090628624,0.3840000033378601,0.5860999822616577
YLR277C,YGL238W,0,-2.8986576,0.061479344964027405,0.3840000033378601,0.5861999988555908
YDL137W,YML032C,0,-2.8990057,0.06146950647234917,0.3840000033378601,0.5863000154495239
YLR047C,YDR205W,1,-2.8992,0.06161971762776375,0.38499999046325684,0.5863000154495239
YML006C,YHL047C,1,-2.8993728,0.06176988407969475,0.38600000739097595,0.5863000154495239
YKR099W,YGL104C,0,-2.899844,0.06176000088453293,0.38600000739097595,0.5863999724388123
YHR154W,YDR228C,0,-2.899921,0.06175012141466141,0.38600000739097595,0.5864999890327454
YBL008W,YDL140C,0,-2.9002535,0.061740241944789886,0.38600000739097595,0.5866000056266785
YHR110W,YCR105W,0,-2.9003825,0.06173036992549896,0.38600000739097595,0.5867000222206116
YDR397C,YMR115W,0,-2.900534,0.06172049790620804,0.38600000739097595,0.5867999792098999
YGR081C,YER060W,0,-2.9009247,0.06171063333749771,0.38600000739097595,0.586899995803833
YGL178W,YBL014C,0,-2.901385,0.061700768768787384,0.38600000739097595,0.5870000123977661
YDL179W,YLR285W,0,-2.901573,0.061690907925367355,0.38600000739097595,0.5871000289916992
YJR151C,YDR259C,0,-2.9015734,0.06168104708194733,0.38600000739097595,0.5871999859809875
YIL123W,YJL097W,0,-2.9016979,0.061671193689107895,0.38600000739097595,0.5873000025749207
YPR149W,YPR141C,0,-2.9022663,0.06166134029626846,0.38600000739097595,0.5874000191688538
YFR021W,YDL171C,0,-2.9024172,0.06165149435400963,0.38600000739097595,0.5874999761581421
YOR337W,YIL061C,0,-2.9027715,0.06164164841175079,0.38600000739097595,0.5875999927520752
YBL017C,YGL232W,0,-2.9032166,0.06163180619478226,0.38600000739097595,0.5877000093460083
YNL325C,YPL171C,0,-2.9032948,0.06162196770310402,0.38600000739097595,0.5878000259399414
YBR162W-A,YBR162C,0,-2.903666,0.06161212921142578,0.38600000739097595,0.5878999829292297
YEL050C,YNL317W,0,-2.9037313,0.06160229817032814,0.38600000739097595,0.5879999995231628
YDL091C,YKR019C,0,-2.9041064,0.0615924671292305,0.38600000739097595,0.588100016117096
YML101C,YOR158W,0,-2.9041092,0.061582643538713455,0.38600000739097595,0.5881999731063843
YER174C,YDR456W,1,-2.9041994,0.06173233315348625,0.3869999945163727,0.5881999731063843
YBR156C,YMR311C,0,-2.9045765,0.06172248721122742,0.3869999945163727,0.5882999897003174
YOR275C,YDR429C,0,-2.9052365,0.06171264499425888,0.3869999945163727,0.5884000062942505
YDR270W,YDL120W,1,-2.9053545,0.061862245202064514,0.3880000114440918,0.5884000062942505
YDR231C,YLR068W,0,-2.9055378,0.061852384358644485,0.3880000114440918,0.5885000228881836
YDR011W,YMR152W,0,-2.905587,0.06184252351522446,0.3880000114440918,0.5885999798774719
YJR031C,YML129C,0,-2.9058309,0.061832670122385025,0.3880000114440918,0.588699996471405
YIL007C,YLR096W,0,-2.9058332,0.06182281672954559,0.3880000114440918,0.5888000130653381
YBR170C,YJL011C,0,-2.9060524,0.06181296706199646,0.3880000114440918,0.5889000296592712
YNL079C,YGL120C,0,-2.9062703,0.061803121119737625,0.3880000114440918,0.5889999866485596
YGR094W,YML081C-A,0,-2.9065099,0.06179327890276909,0.3880000114440918,0.5891000032424927
YPR037C,YPL252C,0,-2.9070888,0.06178344041109085,0.3880000114440918,0.5892000198364258
YDL229W,YDR384C,0,-2.9072785,0.06177360191941261,0.3880000114440918,0.5892999768257141
YDR031W,YGR004W,0,-2.9073012,0.06176377087831497,0.3880000114440918,0.5893999934196472
YPL239W,YBL011W,0,-2.9079998,0.06175393983721733,0.3880000114440918,0.5895000100135803
YOL002C,YDR456W,1,-2.9080026,0.061903245747089386,0.3889999985694885,0.5895000100135803
YKL206C,YER098W,0,-2.9081054,0.06189339607954025,0.3889999985694885,0.5896000266075134
YKL093W,YHR169W,0,-2.9081166,0.06188355013728142,0.3889999985694885,0.5896999835968018
YIL113W,YPL218W,0,-2.908206,0.06187370792031288,0.3889999985694885,0.5898000001907349
YIL035C,YPL202C,1,-2.9085302,0.06202290207147598,0.38999998569488525,0.5898000001907349
YOL062C,YGR295C,0,-2.9086583,0.062013037502765656,0.38999998569488525,0.589900016784668
YNR035C,YPL226W,0,-2.9088528,0.062003180384635925,0.38999998569488525,0.5899999737739563
YGL062W,YGR008C,0,-2.9090283,0.061993323266506195,0.38999998569488525,0.5900999903678894
YPR122W,YJL052W,0,-2.9091794,0.06198346987366676,0.38999998569488525,0.5902000069618225
YLR452C,YLR026C,0,-2.9105504,0.06197362020611763,0.38999998569488525,0.5903000235557556
YOR192C,YER044C,0,-2.9111125,0.061963774263858795,0.38999998569488525,0.590399980545044
YOR348C,YPL087W,0,-2.9112794,0.06195393204689026,0.38999998569488525,0.590499997138977
YPL063W,YPR189W,0,-2.9115703,0.06194408982992172,0.38999998569488525,0.5906000137329102
YHR039C-A,YLR047C,1,-2.9122827,0.062093060463666916,0.39100000262260437,0.5906000137329102
YEL020W-A,YPL050C,0,-2.912389,0.06208319962024689,0.39100000262260437,0.5906999707221985
YLL013C,YPL171C,0,-2.9125862,0.062073346227407455,0.39100000262260437,0.5907999873161316
YPL096W,YAL015C,0,-2.9128516,0.062063492834568024,0.39100000262260437,0.5909000039100647
YMR042W,YCL054W,0,-2.9131148,0.06205364316701889,0.39100000262260437,0.5910000205039978
YML016C,YOR129C,1,-2.9134207,0.06220247596502304,0.3919999897480011,0.5910000205039978
YOR195W,YJL174W,0,-2.9134238,0.062192607671022415,0.3919999897480011,0.5910999774932861
YKR064W,YDL015C,0,-2.9141047,0.06218273937702179,0.3919999897480011,0.5911999940872192
YBL091C,YCL044C,0,-2.9142032,0.06217287853360176,0.3919999897480011,0.5913000106811523
YDL101C,YPR138C,0,-2.914403,0.06216301769018173,0.3919999897480011,0.5914000272750854
YPR106W,YDR127W,0,-2.91492,0.0621531642973423,0.3919999897480011,0.5914999842643738
YOL004W,YKL014C,0,-2.9152439,0.06214331090450287,0.3919999897480011,0.5916000008583069
YLR221C,YLR325C,0,-2.9152453,0.062133461236953735,0.3919999897480011,0.59170001745224
YJR121W,YIL068C,0,-2.9152756,0.0621236115694046,0.3919999897480011,0.5917999744415283
YHR051W,YDR281C,0,-2.9157057,0.062113769352436066,0.3919999897480011,0.5918999910354614
YGR009C,YKL096W-A,0,-2.9162657,0.06210393086075783,0.3919999897480011,0.5920000076293945
YDL031W,YBR276C,0,-2.916542,0.06209409236907959,0.3919999897480011,0.5921000242233276
YDR107C,YGR239C,0,-2.9171202,0.06208425760269165,0.3919999897480011,0.592199981212616
YHL027W,YKL130C,0,-2.917361,0.06207442656159401,0.3919999897480011,0.5922999978065491
YML031W,YOR288C,0,-2.9177072,0.06206459924578667,0.3919999897480011,0.5924000144004822
YER111C,YNL280C,0,-2.9180694,0.062054771929979324,0.3919999897480011,0.5924999713897705
YPR144C,YPL218W,0,-2.9184706,0.06204495206475258,0.3919999897480011,0.5925999879837036
YBR213W,YDR259C,0,-2.9184873,0.06203513219952583,0.3919999897480011,0.5927000045776367
YPL175W,YJL058C,0,-2.9187832,0.062025316059589386,0.3919999897480011,0.5928000211715698
YDR499W,YLR411W,0,-2.9192545,0.06201550364494324,0.3919999897480011,0.5928999781608582
YBL060W,YMR218C,0,-2.919388,0.06200569495558739,0.3919999897480011,0.5929999947547913
YKL052C,YKR036C,0,-2.9197903,0.06199588626623154,0.3919999897480011,0.5931000113487244
YDR375C,YFR032C-A,0,-2.9198472,0.061986085027456284,0.3919999897480011,0.5932000279426575
YMR063W,YPR131C,0,-2.92003,0.06197628378868103,0.3919999897480011,0.5932999849319458
YGL076C,YLR300W,0,-2.9200675,0.061966486275196075,0.3919999897480011,0.5934000015258789
YHR207C,YML085C,0,-2.9200795,0.06195669248700142,0.3919999897480011,0.593500018119812
YKL154W,YER025W,0,-2.9206197,0.06194690242409706,0.3919999897480011,0.5935999751091003
YAL016W,YPL147W,0,-2.920699,0.061937116086483,0.3919999897480011,0.5936999917030334
YFR010W,YJL133W,0,-2.9207728,0.06192732974886894,0.3919999897480011,0.5938000082969666
YNR030W,YNL331C,0,-2.9207861,0.06191754713654518,0.3919999897480011,0.5939000248908997
YMR131C,YIL090W,0,-2.9208395,0.06190776824951172,0.3919999897480011,0.593999981880188
YDR240C,YBR035C,0,-2.9212718,0.061897993087768555,0.3919999897480011,0.5940999984741211
YGR177C,YBR069C,0,-2.9214795,0.06188822165131569,0.3919999897480011,0.5942000150680542
YLR292C,YLL041C,0,-2.9216998,0.06187845394015312,0.3919999897480011,0.5942999720573425
YAL002W,YJL079C,0,-2.9217813,0.061868686228990555,0.3919999897480011,0.5943999886512756
YJR132W,YNR033W,0,-2.9219484,0.061858922243118286,0.3919999897480011,0.5945000052452087
YKL042W,YPL130W,0,-2.922648,0.061849161982536316,0.3919999897480011,0.5946000218391418
YMR267W,YPL022W,0,-2.9229026,0.061839405447244644,0.3919999897480011,0.5946999788284302
YIL113W,YMR234W,0,-2.9229302,0.06182965263724327,0.3919999897480011,0.5947999954223633
YGR239C,YMR316W,0,-2.923631,0.061819903552532196,0.3919999897480011,0.5949000120162964
YDL087C,YLR265C,0,-2.9238238,0.06181015446782112,0.3919999897480011,0.5950000286102295
YEL012W,YDR235W,0,-2.924939,0.061800409108400345,0.3919999897480011,0.5950999855995178
YLR289W,YLR059C,0,-2.9251878,0.06179066747426987,0.3919999897480011,0.5952000021934509
YMR198W,YER171W,0,-2.9254072,0.06178092956542969,0.3919999897480011,0.595300018787384
YBR297W,YOR036W,0,-2.9254954,0.061771195381879807,0.3919999897480011,0.5953999757766724
YMR175W,YKR103W,0,-2.9256365,0.061761461198329926,0.3919999897480011,0.5954999923706055
YDL128W,YOR267C,1,-2.9257798,0.0619092620909214,0.3930000066757202,0.5954999923706055
YOR046C,YNR059W,0,-2.9258568,0.06189951300621033,0.3930000066757202,0.5956000089645386
YJL157C,YDR002W,0,-2.925894,0.06188976392149925,0.3930000066757202,0.5957000255584717
YNL202W,YIL026C,0,-2.9264467,0.061880018562078476,0.3930000066757202,0.59579998254776
YDR478W,YKL052C,0,-2.926494,0.061870276927948,0.3930000066757202,0.5958999991416931
YHR056C,YNR007C,0,-2.9274538,0.06186053901910782,0.3930000066757202,0.5960000157356262
YEL065W,YDL198C,1,-2.9281697,0.06200818344950676,0.39399999380111694,0.5960000157356262
YDL197C,YJR158W,0,-2.9282286,0.06199842691421509,0.39399999380111694,0.5960999727249146
YDR080W,YDR503C,0,-2.92851,0.061988670378923416,0.39399999380111694,0.5961999893188477
YJL198W,YCR004C,0,-2.928981,0.06197892129421234,0.39399999380111694,0.5963000059127808
YOR036W,YPR169W,0,-2.929272,0.061969172209501266,0.39399999380111694,0.5964000225067139
YLL029W,YJL045W,0,-2.9294696,0.06195942685008049,0.39399999380111694,0.5964999794960022
YHR147C,YKL110C,0,-2.9299805,0.06194968521595001,0.39399999380111694,0.5965999960899353
YDR197W,YBL074C,0,-2.9307878,0.06193994730710983,0.39399999380111694,0.5967000126838684
YDR007W,YGR295C,0,-2.930971,0.06193020939826965,0.39399999380111694,0.5968000292778015
YJR036C,YMR165C,0,-2.931023,0.06192047894001007,0.39399999380111694,0.5968999862670898
YNL236W,YNL038W,0,-2.9315102,0.06191074848175049,0.39399999380111694,0.597000002861023
YFR052W,YGL064C,0,-2.9317389,0.061901021748781204,0.39399999380111694,0.597100019454956
YDR437W,YER028C,0,-2.9321582,0.06189129874110222,0.39399999380111694,0.5971999764442444
YPL149W,YBR195C,0,-2.9321737,0.06188157573342323,0.39399999380111694,0.5972999930381775
YHR064C,YDR128W,0,-2.9328744,0.061871860176324844,0.39399999380111694,0.5974000096321106
YJR158W,YOR279C,0,-2.9329164,0.061862144619226456,0.39399999380111694,0.5975000262260437
YHR120W,YBR125C,0,-2.933139,0.061852432787418365,0.39399999380111694,0.597599983215332
YCR010C,YDR317W,0,-2.9331536,0.061842724680900574,0.39399999380111694,0.5976999998092651
YBR213W,YPL007C,0,-2.9335177,0.06183302029967308,0.39399999380111694,0.5978000164031982
YOL012C,YHR149C,0,-2.9337614,0.06182331591844559,0.39399999380111694,0.5978999733924866
YAL059W,YDR472W,0,-2.9339838,0.06181361898779869,0.39399999380111694,0.5979999899864197
YOR274W,YHR088W,0,-2.9340622,0.061803922057151794,0.39399999380111694,0.5981000065803528
YML132W,YEL051W,1,-2.9346375,0.06195106729865074,0.39500001072883606,0.5981000065803528
YOR081C,YCR035C,0,-2.934869,0.06194135174155235,0.39500001072883606,0.5982000231742859
YBR006W,YAL041W,0,-2.9348829,0.06193163990974426,0.39500001072883606,0.5982999801635742
YAR002C-A,YDR397C,0,-2.9352772,0.06192193180322647,0.39500001072883606,0.5983999967575073
YDR004W,YOR346W,0,-2.9352887,0.06191222742199898,0.39500001072883606,0.5985000133514404
YML009C,YMR168C,0,-2.9354744,0.061902523040771484,0.39500001072883606,0.5985999703407288
YHR058C,YLR139C,0,-2.935805,0.06189282238483429,0.39500001072883606,0.5986999869346619
YOR075W,YNL240C,0,-2.9358952,0.06188312545418739,0.39500001072883606,0.598800003528595
YBR087W,YIL148W,0,-2.9362895,0.061873432248830795,0.39500001072883606,0.5989000201225281
YNR043W,YOL030W,0,-2.9367354,0.061863742768764496,0.39500001072883606,0.5989999771118164
YKL217W,YNL206C,0,-2.9373147,0.061854057013988495,0.39500001072883606,0.5990999937057495
YML101C,YHR073W,0,-2.9376347,0.061844371259212494,0.39500001072883606,0.5992000102996826
YOR124C,YCR060W,0,-2.938105,0.06183468922972679,0.39500001072883606,0.5993000268936157
YDR310C,YDL105W,0,-2.9381616,0.06182501092553139,0.39500001072883606,0.599399983882904
YIL037C,YBL023C,0,-2.938217,0.06181533634662628,0.39500001072883606,0.5995000004768372
YJL173C,YLR386W,0,-2.938273,0.061805665493011475,0.39500001072883606,0.5996000170707703
YJR078W,YDR031W,0,-2.9383695,0.06179599463939667,0.39500001072883606,0.5996999740600586
YFR041C,YBR093C,0,-2.9385183,0.06178632751107216,0.39500001072883606,0.5997999906539917
YKL134C,YJL056C,1,-2.9388077,0.061933062970638275,0.3959999978542328,0.5997999906539917
YBR081C,YLR329W,0,-2.9389353,0.061923377215862274,0.3959999978542328,0.5999000072479248
YLR264W,YGL127C,0,-2.9389374,0.06191369518637657,0.3959999978542328,0.6000000238418579
YOL061W,YIL120W,0,-2.9392402,0.06190401688218117,0.3959999978542328,0.6000999808311462
YHR086W,YKR103W,0,-2.939595,0.06189434230327606,0.3959999978542328,0.6001999974250793
YJL106W,YMR312W,0,-2.9398735,0.061884667724370956,0.3959999978542328,0.6003000140190125
YMR110C,YDL093W,0,-2.9400663,0.06187500059604645,0.3959999978542328,0.6003999710083008
YGL062W,YJR134C,0,-2.940497,0.06186533346772194,0.3959999978542328,0.6004999876022339
YJL056C,YJL129C,1,-2.9406102,0.06201187148690224,0.3970000147819519,0.6004999876022339
YNL189W,YCL067C,0,-2.9408052,0.062002185732126236,0.3970000147819519,0.600600004196167
YER167W,YDL192W,0,-2.9409754,0.06199250370264053,0.3970000147819519,0.6007000207901001
YDR243C,YBL085W,0,-2.9416735,0.06198282539844513,0.3970000147819519,0.6007999777793884
YPL248C,YNL084C,0,-2.9417973,0.061973150819540024,0.3970000147819519,0.6008999943733215
YDR025W,YNL098C,0,-2.9421678,0.06196347624063492,0.3970000147819519,0.6010000109672546
YBR055C,YHR105W,0,-2.9424675,0.06195380911231041,0.3970000147819519,0.6011000275611877
YGR040W,YOR353C,0,-2.9427946,0.0619441419839859,0.3970000147819519,0.6011999845504761
YPR068C,YLR430W,0,-2.94331,0.06193447858095169,0.3970000147819519,0.6013000011444092
YOR195W,YPL033C,0,-2.9434073,0.06192481517791748,0.3970000147819519,0.6014000177383423
YOR226C,YJR049C,1,-2.944247,0.062071118503808975,0.39800000190734863,0.6014000177383423
YHR081W,YHR175W,0,-2.9443762,0.06206143647432327,0.39800000190734863,0.6014999747276306
YDR469W,YHR070W,0,-2.9445856,0.06205176189541817,0.39800000190734863,0.6015999913215637
YNR041C,YHR161C,0,-2.9446967,0.06204208731651306,0.39800000190734863,0.6017000079154968
YPR118W,YKL218C,0,-2.944736,0.06203242018818855,0.39800000190734863,0.6018000245094299
YPL221W,YFR036W,0,-2.9447377,0.062022753059864044,0.39800000190734863,0.6018999814987183
YPR036W,YOR129C,1,-2.9451613,0.062168899923563004,0.39899998903274536,0.6018999814987183
YGR191W,YDR513W,0,-2.9453104,0.062159214168787,0.39899998903274536,0.6019999980926514
YDR257C,YLR312W-A,0,-2.9459803,0.0621495321393013,0.39899998903274536,0.6021000146865845
YJL200C,YCL054W,0,-2.9465156,0.062139853835105896,0.39899998903274536,0.6021999716758728
YKL175W,YDR495C,1,-2.947234,0.0622858926653862,0.4000000059604645,0.6021999716758728
YBR164C,YHR119W,0,-2.9481487,0.062276195734739304,0.4000000059604645,0.6022999882698059
YKR095W,YNL293W,0,-2.948263,0.06226649880409241,0.4000000059604645,0.602400004863739
YFR052W,YBR169C,0,-2.948272,0.06225680932402611,0.4000000059604645,0.6025000214576721
YAL044C,YPL179W,0,-2.9487884,0.06224711984395981,0.4000000059604645,0.6025999784469604
YML004C,YDL217C,0,-2.9487915,0.06223743408918381,0.4000000059604645,0.6026999950408936
YMR094W,YJL219W,0,-2.9490788,0.062227752059698105,0.4000000059604645,0.6028000116348267
YBR297W,YJR133W,0,-2.9492748,0.0622180737555027,0.4000000059604645,0.6029000282287598
YDR012W,YPL013C,0,-2.9493687,0.062208399176597595,0.4000000059604645,0.6029999852180481
YER174C,YOR226C,1,-2.949721,0.06235422194004059,0.4009999930858612,0.6029999852180481
YCR052W,YKL067W,0,-2.9513485,0.06234452873468399,0.4009999930858612,0.6031000018119812
YDR246W,YML094W,0,-2.951424,0.06233483552932739,0.4009999930858612,0.6032000184059143
YOR049C,YDL171C,0,-2.9517891,0.06232514604926109,0.4009999930858612,0.6032999753952026
YOR044W,YER143W,0,-2.951833,0.06231546401977539,0.4009999930858612,0.6033999919891357
YBR192W,YDR067C,0,-2.9519985,0.06230577826499939,0.4009999930858612,0.6035000085830688
YKL129C,YDL105W,0,-2.9527788,0.062296099960803986,0.4009999930858612,0.603600025177002
YDR529C,YPL098C,0,-2.9527814,0.06228642538189888,0.4009999930858612,0.6036999821662903
YDR372C,YOR155C,0,-2.953588,0.062276750802993774,0.4009999930858612,0.6037999987602234
YFL036W,YGR094W,0,-2.9537742,0.06226707994937897,0.4009999930858612,0.6039000153541565
YDR285W,YDR013W,0,-2.9538488,0.06225741282105446,0.4009999930858612,0.6039999723434448
YGR288W,YDR281C,0,-2.9541914,0.06224774941802025,0.4009999930858612,0.6040999889373779
YJL006C,YNL318C,0,-2.9543197,0.06223808601498604,0.4009999930858612,0.604200005531311
YML063W,YGR229C,0,-2.9547338,0.062228430062532425,0.4009999930858612,0.6043000221252441
YGL168W,YPL157W,0,-2.9551044,0.06221877411007881,0.4009999930858612,0.6043999791145325
YDL197C,YKL205W,0,-2.9552162,0.0622091218829155,0.4009999930858612,0.6044999957084656
YLR020C,YGL162W,0,-2.9563076,0.06219947338104248,0.4009999930858612,0.6046000123023987
YDR004W,YGR268C,0,-2.956846,0.062189824879169464,0.4009999930858612,0.6047000288963318
YKL028W,YDR512C,0,-2.9568992,0.062180183827877045,0.4009999930858612,0.6047999858856201
YNL202W,YIL013C,0,-2.957917,0.062170542776584625,0.4009999930858612,0.6049000024795532
YJL025W,YHR037W,0,-2.9582455,0.062160905450582504,0.4009999930858612,0.6050000190734863
YMR177W,YDR495C,1,-2.9583356,0.06230626255273819,0.4020000100135803,0.6050000190734863
YDL046W,YPL226W,0,-2.9584768,0.062296606600284576,0.4020000100135803,0.6050999760627747
YER110C,YBR109C,0,-2.958772,0.06228695437312126,0.4020000100135803,0.6051999926567078
YLR099C,YDL235C,0,-2.9590085,0.062277305871248245,0.4020000100135803,0.6053000092506409
YOR227W,YDR041W,0,-2.9591892,0.06226765736937523,0.4020000100135803,0.605400025844574
YNL055C,YPR030W,0,-2.9593112,0.06225801631808281,0.4020000100135803,0.6054999828338623
YNL310C,YGL233W,0,-2.9593537,0.06224837526679039,0.4020000100135803,0.6055999994277954
YLR200W,YBR177C,0,-2.9596322,0.06223873794078827,0.4020000100135803,0.6057000160217285
YPR186C,YMR267W,0,-2.9597158,0.06222910061478615,0.4020000100135803,0.6057999730110168
YHL003C,YFR007W,0,-2.9597347,0.062219470739364624,0.4020000100135803,0.60589998960495
YCL048W,YJL103C,0,-2.9597976,0.0622098408639431,0.4020000100135803,0.6060000061988831
YER041W,YER029C,0,-2.9604046,0.06220021843910217,0.4020000100135803,0.6061000227928162
YMR177W,YPR036W,1,-2.9605014,0.062345296144485474,0.40299999713897705,0.6061000227928162
YML081C-A,YKL033W,0,-2.961199,0.062335655093193054,0.40299999713897705,0.6061999797821045
YLR025W,YOL076W,0,-2.961759,0.062326014041900635,0.40299999713897705,0.6062999963760376
YDL105W,YOR136W,0,-2.9618237,0.062316376715898514,0.40299999713897705,0.6064000129699707
YER174C,YOR147W,1,-2.962178,0.06246134638786316,0.40400001406669617,0.6064000129699707
YBR036C,YDR495C,1,-2.9621983,0.06260627508163452,0.4050000011920929,0.6064000129699707
YHR149C,YNL322C,0,-2.9622731,0.06259659677743912,0.4050000011920929,0.6065000295639038
YBR043C,YGR082W,0,-2.962423,0.06258692592382431,0.4050000011920929,0.6065999865531921
YGR075C,YBR082C,0,-2.962728,0.0625772550702095,0.4050000011920929,0.6067000031471252
YOL078W,YCR009C,0,-2.9630082,0.06256759166717529,0.4050000011920929,0.6068000197410583
YPR106W,YFR024C-A,0,-2.9631069,0.06255792081356049,0.4050000011920929,0.6068999767303467
YLR052W,YER032W,0,-2.9631674,0.06254826486110687,0.4050000011920929,0.6069999933242798
YMR272C,YPL115C,0,-2.9633331,0.06253860145807266,0.4050000011920929,0.6071000099182129
YOR092W,YDR086C,0,-2.963414,0.06252894550561905,0.4050000011920929,0.607200026512146
YOL100W,YDL051W,0,-2.9634416,0.06251929700374603,0.4050000011920929,0.6072999835014343
YPL063W,YNR041C,0,-2.9634712,0.06250964850187302,0.4050000011920929,0.6074000000953674
YDR423C,YOR351C,0,-2.9639452,0.0625,0.4050000011920929,0.6075000166893005
YBR240C,YCR035C,0,-2.9645536,0.06249035522341728,0.4050000011920929,0.6075999736785889
YLR293C,YOL055C,0,-2.965513,0.06248071417212486,0.4050000011920929,0.607699990272522
YBR130C,YNL012W,0,-2.9656227,0.06247107684612274,0.4050000011920929,0.6078000068664551
YOL158C,YLR447C,1,-2.9661007,0.06261567026376724,0.4059999883174896,0.6078000068664551
YJL103C,YBR180W,0,-2.9661572,0.06260601431131363,0.4059999883174896,0.6079000234603882
YER088C,YPL120W,0,-2.966529,0.06259635835886002,0.4059999883174896,0.6079999804496765
YOR025W,YOR020C,0,-2.966799,0.062586709856987,0.4059999883174896,0.6080999970436096
YKL007W,YGR058W,0,-2.9670243,0.06257706880569458,0.4059999883174896,0.6082000136375427
YML104C,YPR128C,0,-2.96713,0.06256742030382156,0.4059999883174896,0.608299970626831
YMR205C,YBR248C,0,-2.9674342,0.06255777925252914,0.4059999883174896,0.6083999872207642
YKR071C,YCL064C,0,-2.967455,0.06254814565181732,0.4059999883174896,0.6085000038146973
YGL021W,YJL167W,0,-2.9678621,0.0625385120511055,0.4059999883174896,0.6086000204086304
YLR153C,YBR251W,0,-2.9679844,0.06252887845039368,0.4059999883174896,0.6086999773979187
YDL091C,YIL019W,0,-2.9681094,0.06251924484968185,0.4059999883174896,0.6087999939918518
YER147C,YPL097W,0,-2.9683332,0.06250962615013123,0.4059999883174896,0.6089000105857849
YER052C,YOR265W,0,-2.9685452,0.0625,0.4059999883174896,0.609000027179718
YDR419W,YHR103W,0,-2.96892,0.06249038130044937,0.4059999883174896,0.6090999841690063
YLR409C,YMR097C,0,-2.9690506,0.06248076260089874,0.4059999883174896,0.6092000007629395
YOR101W,YDR332W,0,-2.9692578,0.06247114762663841,0.4059999883174896,0.6093000173568726
YOR054C,YCR044C,1,-2.969891,0.06261538714170456,0.40700000524520874,0.6093000173568726
YCL051W,YPL271W,0,-2.9701014,0.06260575354099274,0.40700000524520874,0.6093999743461609
YER180C,YNR072W,0,-2.9703448,0.06259612739086151,0.40700000524520874,0.609499990940094
YLR186W,YJR117W,0,-2.9703562,0.06258650124073029,0.40700000524520874,0.6096000075340271
YJL130C,YGR177C,0,-2.9703567,0.06257687509059906,0.40700000524520874,0.6097000241279602
YPL129W,YPR138C,0,-2.9705567,0.06256725639104843,0.40700000524520874,0.6097999811172485
YKL040C,YLR047C,1,-2.9707415,0.06271134316921234,0.40799999237060547,0.6097999811172485
YIL070C,YEL069C,0,-2.9708655,0.06270170956850052,0.40799999237060547,0.6098999977111816
YDR469W,YOR349W,0,-2.971135,0.0626920685172081,0.40799999237060547,0.6100000143051147
YHR012W,YER095W,0,-2.971594,0.06268244236707687,0.40799999237060547,0.6100999712944031
YDR362C,YER060W,0,-2.9717913,0.06267280876636505,0.40799999237060547,0.6101999878883362
YBR042C,YCL069W,0,-2.9722512,0.06266318261623383,0.40799999237060547,0.6103000044822693
YMR177W,YDR205W,1,-2.972419,0.0628071278333664,0.4090000092983246,0.6103000044822693
YJR068W,YAL034W-A,0,-2.9724376,0.06279747933149338,0.4090000092983246,0.6104000210762024
YDR464W,YMR272C,0,-2.9724734,0.06278783828020096,0.4090000092983246,0.6104999780654907
YLR370C,YLR098C,0,-2.9727545,0.06277820467948914,0.4090000092983246,0.6105999946594238
YDL185W,YPL135W,1,-2.9727852,0.06292203813791275,0.4099999964237213,0.6105999946594238
YNL036W,YDR138W,0,-2.9732492,0.06291238218545914,0.4099999964237213,0.6107000112533569
YCR012W,YLR373C,0,-2.9732606,0.06290273368358612,0.4099999964237213,0.61080002784729
YOR267C,YOR332W,1,-2.973265,0.06304647773504257,0.41100001335144043,0.61080002784729
YOL140W,YKL173W,0,-2.97344,0.06303680688142776,0.41100001335144043,0.6108999848365784
YPL148C,YGR084C,0,-2.9734995,0.06302714347839355,0.41100001335144043,0.6110000014305115
YER070W,YDR062W,0,-2.973893,0.06301748007535934,0.41100001335144043,0.6111000180244446
YLR364W,YGL087C,0,-2.9740653,0.06300781667232513,0.41100001335144043,0.6111999750137329
YFR040W,YDR389W,0,-2.9745653,0.06299816071987152,0.41100001335144043,0.611299991607666
YPL202C,YKR050W,1,-2.97493,0.06314176321029663,0.41200000047683716,0.611299991607666
YDL065C,YJR155W,0,-2.9751942,0.06313208490610123,0.41200000047683716,0.6114000082015991
YPR006C,YDL154W,0,-2.9765723,0.06312241405248642,0.41200000047683716,0.6115000247955322
YNL007C,YBR173C,0,-2.97664,0.06311274319887161,0.41200000047683716,0.6115999817848206
YDR350C,YKL033W,0,-2.9766629,0.0631030797958374,0.41200000047683716,0.6116999983787537
YPL154C,YER175C,0,-2.976731,0.06309341639280319,0.41200000047683716,0.6118000149726868
YDR129C,YKR064W,0,-2.9767501,0.06308375298976898,0.41200000047683716,0.6118999719619751
YBR295W,YKL119C,1,-2.9770372,0.06322719156742096,0.4129999876022339,0.6118999719619751
YKL048C,YPR081C,0,-2.9771652,0.06321751326322556,0.4129999876022339,0.6119999885559082
YMR026C,YHR070W,0,-2.9783156,0.06320783495903015,0.4129999876022339,0.6121000051498413
YLR238W,YPR081C,0,-2.978759,0.06319816410541534,0.4129999876022339,0.6122000217437744
YOR054C,YOR270C,1,-2.9792159,0.06334149092435837,0.414000004529953,0.6122000217437744
YPL121C,YPR030W,0,-2.9795344,0.06333180516958237,0.414000004529953,0.6122999787330627
YIL007C,YIL108W,0,-2.9801166,0.06332211941480637,0.414000004529953,0.6123999953269958
YDR328C,YHL047C,1,-2.9806504,0.06346536427736282,0.41499999165534973,0.6123999953269958
YJR004C,YMR019W,0,-2.98072,0.06345565617084503,0.41499999165534973,0.612500011920929
YCR039C,YKL042W,0,-2.9808834,0.06344595551490784,0.41499999165534973,0.6126000285148621
YKL135C,YOL144W,0,-2.98115,0.06343625485897064,0.41499999165534973,0.6126999855041504
YBL025W,YER095W,0,-2.9815614,0.06342656165361404,0.41499999165534973,0.6128000020980835
YDL007W,YBR168W,0,-2.9815676,0.06341686844825745,0.41499999165534973,0.6129000186920166
YPL177C,YMR243C,1,-2.9816763,0.06355997174978256,0.41600000858306885,0.6129000186920166
YGL236C,YGL126W,0,-2.9816854,0.06355025619268417,0.41600000858306885,0.6129999756813049
YMR301C,YLR023C,1,-2.9817157,0.06369329243898392,0.4169999957084656,0.6129999756813049
YDR436W,YJL129C,1,-2.982031,0.06383628398180008,0.4180000126361847,0.6129999756813049
YHR167W,YLR074C,0,-2.982052,0.0638265386223793,0.4180000126361847,0.613099992275238
YNR057C,YER081W,0,-2.9821389,0.06381679326295853,0.4180000126361847,0.6132000088691711
YDR487C,YML005W,0,-2.982487,0.06380705535411835,0.4180000126361847,0.6133000254631042
YNL192W,YDR173C,0,-2.9828322,0.06379731744527817,0.4180000126361847,0.6133999824523926
YJR108W,YDR251W,0,-2.9828742,0.06378757953643799,0.4180000126361847,0.6134999990463257
YNR048W,YFR049W,0,-2.9829514,0.0637778490781784,0.4180000126361847,0.6136000156402588
YMR040W,YCR046C,0,-2.9831922,0.06376811861991882,0.4180000126361847,0.6136999726295471
YHR172W,YER113C,0,-2.9833481,0.06375838816165924,0.4180000126361847,0.6137999892234802
YJL176C,YNR015W,0,-2.9833806,0.06374866515398026,0.4180000126361847,0.6139000058174133
YDR393W,YHR069C,0,-2.9835312,0.06373894214630127,0.4180000126361847,0.6140000224113464
YIL124W,YMR065W,0,-2.983647,0.06372922658920288,0.4180000126361847,0.6140999794006348
YNR001C,YNL240C,0,-2.9844058,0.06371951103210449,0.4180000126361847,0.6141999959945679
YMR319C,YDR067C,0,-2.984455,0.0637098029255867,0.4180000126361847,0.614300012588501
YLR047C,YML057W,1,-2.9846532,0.06385248154401779,0.4189999997615814,0.614300012588501
YML016C,YCL017C,1,-2.9849594,0.0639951229095459,0.41999998688697815,0.614300012588501
YML043C,YOR224C,0,-2.9850426,0.06398537755012512,0.41999998688697815,0.6144000291824341
YJL162C,YER005W,0,-2.985705,0.06397562474012375,0.41999998688697815,0.6144999861717224
YDL229W,YBR055C,0,-2.9859302,0.06396588683128357,0.41999998688697815,0.6146000027656555
YML013W,YCL025C,0,-2.985997,0.06395614147186279,0.41999998688697815,0.6147000193595886
YOR092W,YDR052C,0,-2.9863198,0.06394640356302261,0.41999998688697815,0.614799976348877
YKL095W,YHL019C,0,-2.9868171,0.06393667310476303,0.41999998688697815,0.6148999929428101
YPL099C,YDL099W,0,-2.9868348,0.06392694264650345,0.41999998688697815,0.6150000095367432
YPL177C,YGL006W,1,-2.9868987,0.06406939774751663,0.42100000381469727,0.6150000095367432
YML074C,YCL055W,0,-2.986948,0.06405964493751526,0.42100000381469727,0.6151000261306763
YER005W,YKL201C,0,-2.9871495,0.06404989957809448,0.42100000381469727,0.6151999831199646
YLR214W,YPR054W,0,-2.9875321,0.0640401616692543,0.42100000381469727,0.6152999997138977
YIL035C,YDR515W,1,-2.9882405,0.06418251246213913,0.421999990940094,0.6152999997138977
YDR120C,YKR077W,0,-2.988251,0.06417275220155716,0.421999990940094,0.6154000163078308
YGL067W,YNR032C-A,0,-2.988495,0.06416299194097519,0.421999990940094,0.6154999732971191
YER023W,YLR058C,0,-2.9885104,0.06415323913097382,0.421999990940094,0.6155999898910522
YLR300W,YLR237W,0,-2.9887054,0.06414348632097244,0.421999990940094,0.6157000064849854
YGR204W,YML028W,0,-2.989155,0.06413374096155167,0.421999990940094,0.6158000230789185
YIR023W,YMR165C,0,-2.989495,0.06412399560213089,0.421999990940094,0.6158999800682068
YPR068C,YGR165W,0,-2.990617,0.06411425024271011,0.421999990940094,0.6159999966621399
YDL139C,YKL054C,0,-2.9909003,0.06410451233386993,0.421999990940094,0.616100013256073
YML132W,YPL177C,1,-2.990982,0.06424666196107864,0.4230000078678131,0.616100013256073
YPL183W-A,YMR080C,0,-2.9911554,0.06423690170049667,0.4230000078678131,0.6161999702453613
YHR025W,YHR090C,0,-2.991741,0.0642271488904953,0.4230000078678131,0.6162999868392944
YOR209C,YGL226W,0,-2.9924264,0.06421739608049393,0.4230000078678131,0.6164000034332275
YCR094W,YLR223C,0,-2.9925709,0.06420765072107315,0.4230000078678131,0.6165000200271606
YKL170W,YOL123W,0,-2.9929297,0.06419790536165237,0.4230000078678131,0.616599977016449
YAR002C-A,YMR287C,0,-2.9930665,0.0641881674528122,0.4230000078678131,0.6166999936103821
YBR195C,YER061C,0,-2.9932196,0.06417842209339142,0.4230000078678131,0.6168000102043152
YMR043W,YFR008W,0,-2.9935808,0.06416869163513184,0.4230000078678131,0.6169000267982483
YPR199C,YDR261C,0,-2.993658,0.06415895372629166,0.4230000078678131,0.6169999837875366
YCR052W,YBR082C,0,-2.9940493,0.06414922326803207,0.4230000078678131,0.6171000003814697
YOL061W,YOR069W,0,-2.9940784,0.06413950026035309,0.4230000078678131,0.6172000169754028
YOL090W,YDL047W,0,-2.994526,0.0641297772526741,0.4230000078678131,0.6172999739646912
YAR007C,YGR229C,0,-2.9947007,0.06412005424499512,0.4230000078678131,0.6173999905586243
YIL113W,YOR358W,0,-2.9948099,0.06411033868789673,0.4230000078678131,0.6175000071525574
YBR087W,YAL015C,0,-2.9952843,0.06410062313079834,0.4230000078678131,0.6176000237464905
YHR110W,YAL015C,0,-2.9959702,0.06409090757369995,0.4230000078678131,0.6176999807357788
YER022W,YOL069W,0,-2.9964707,0.06408119946718216,0.4230000078678131,0.6177999973297119
YPL065W,YLR353W,0,-2.9974134,0.06407149136066437,0.4230000078678131,0.617900013923645
YER154W,YIL079C,0,-2.9976828,0.06406179070472717,0.4230000078678131,0.6179999709129333
YNL039W,YOL064C,0,-2.9987786,0.06405209004878998,0.4230000078678131,0.6180999875068665
YDR229W,YLR270W,0,-2.9995759,0.06404238939285278,0.4230000078678131,0.6182000041007996
YHR039C-A,YOR226C,1,-2.9996803,0.06418407708406448,0.42399999499320984,0.6182000041007996
YBR149W,YKR083C,0,-3.0000465,0.0641743615269661,0.42399999499320984,0.6183000206947327
YML034W,YML047C,0,-3.000116,0.0641646459698677,0.42399999499320984,0.618399977684021
YEL012W,YHR090C,0,-3.0002453,0.06415493786334991,0.42399999499320984,0.6184999942779541
YHR215W,YDR483W,0,-3.000789,0.06414523720741272,0.42399999499320984,0.6186000108718872
YKR008W,YDL170W,0,-3.0015752,0.06413552910089493,0.42399999499320984,0.6187000274658203
YDL054C,YBL082C,0,-3.0024018,0.06412582844495773,0.42399999499320984,0.6187999844551086
YPR167C,YPL110C,0,-3.0031292,0.06411613523960114,0.42399999499320984,0.6189000010490417
YLR067C,YEL005C,0,-3.0033848,0.06410644203424454,0.42399999499320984,0.6190000176429749
YCR024C,YPL149W,0,-3.0040095,0.06409674882888794,0.42399999499320984,0.6190999746322632
YMR177W,YDR515W,1,-3.0040455,0.06423821300268173,0.42500001192092896,0.6190999746322632
YDR197W,YDR351W,0,-3.0042374,0.06422850489616394,0.42500001192092896,0.6191999912261963
YPL001W,YPL082C,0,-3.0051687,0.06421879678964615,0.42500001192092896,0.6193000078201294
YMR055C,YLL031C,0,-3.0056581,0.06420909613370895,0.42500001192092896,0.6194000244140625
YEL030W,YPR049C,0,-3.005706,0.06419939547777176,0.42500001192092896,0.6194999814033508
YGL259W,YLR033W,0,-3.0060103,0.06418970227241516,0.42500001192092896,0.6195999979972839
YDR205W,YMR243C,1,-3.006042,0.06433101743459702,0.4259999990463257,0.6195999979972839
YPL209C,YJL133W,0,-3.0065076,0.06432130187749863,0.4259999990463257,0.619700014591217
YGR077C,YMR300C,0,-3.0066614,0.06431159377098083,0.4259999990463257,0.6197999715805054
YGR040W,YMR117C,0,-3.006889,0.06430188566446304,0.4259999990463257,0.6198999881744385
YEL027W,YDR376W,1,-3.0069182,0.06444310396909714,0.4269999861717224,0.6198999881744385
YPL001W,YMR093W,0,-3.007033,0.06443338096141815,0.4269999861717224,0.6200000047683716
YNL007C,YPR081C,0,-3.0072124,0.06442365795373917,0.4269999861717224,0.6201000213623047
YFL047W,YER052C,0,-3.0072324,0.06441394239664078,0.4269999861717224,0.620199978351593
YHL034C,YNL251C,0,-3.0074966,0.06440422683954239,0.4269999861717224,0.6202999949455261
YJR010C-A,YGL104C,0,-3.007737,0.064394511282444,0.4269999861717224,0.6204000115394592
YMR070W,YOL147C,0,-3.0077932,0.06438480317592621,0.4269999861717224,0.6205000281333923
YBR023C,YMR093W,0,-3.0093837,0.06437509506940842,0.4269999861717224,0.6205999851226807
YOR270C,YKR050W,1,-3.0094614,0.06451612710952759,0.42800000309944153,0.6205999851226807
YOR168W,YGR156W,0,-3.009607,0.0645064041018486,0.42800000309944153,0.6207000017166138
YER036C,YPR180W,0,-3.0096943,0.06449668109416962,0.42800000309944153,0.6208000183105469
YAL021C,YIL148W,0,-3.0100787,0.06448696553707123,0.42800000309944153,0.6208999752998352
YGL045W,YPL146C,0,-3.0100982,0.06447724997997284,0.42800000309944153,0.6209999918937683
YBL037W,YFL021W,0,-3.0102475,0.06446754187345505,0.42800000309944153,0.6211000084877014
YFR027W,YOR351C,0,-3.0106275,0.06445783376693726,0.42800000309944153,0.6212000250816345
YLR337C,YNL292W,0,-3.01068,0.06444812566041946,0.42800000309944153,0.6212999820709229
YJR031C,YDL139C,0,-3.0111122,0.06443842500448227,0.42800000309944153,0.621399998664856
YDR098C,YHR194W,1,-3.0115516,0.06457925587892532,0.42899999022483826,0.621399998664856
YML015C,YOR044W,0,-3.0117857,0.06456953287124634,0.42899999022483826,0.6215000152587891
YER129W,YIL061C,0,-3.0120995,0.06455981731414795,0.42899999022483826,0.6215999722480774
YLR330W,YAL013W,0,-3.0123844,0.06455010175704956,0.42899999022483826,0.6216999888420105
YIL030C,YBR038W,0,-3.0124733,0.06454039365053177,0.42899999022483826,0.6218000054359436
YNL182C,YGR155W,0,-3.0125237,0.06453068554401398,0.42899999022483826,0.6219000220298767
YHR114W,YBL091C-A,0,-3.0125933,0.06452097743749619,0.42899999022483826,0.621999979019165
YPR042C,YEL056W,0,-3.013542,0.06451127678155899,0.42899999022483826,0.6220999956130981
YJR153W,YGL050W,0,-3.0137553,0.0645015761256218,0.42899999022483826,0.6222000122070312
YPL099C,YDR047W,0,-3.0140483,0.0644918829202652,0.42899999022483826,0.6223000288009644
YOR039W,YOR381W,1,-3.0146816,0.06463249772787094,0.4300000071525574,0.6223000288009644
YGR271W,YBR193C,0,-3.0149386,0.06462278217077255,0.4300000071525574,0.6223999857902527
YPR178W,YDR052C,0,-3.0150936,0.06461307406425476,0.4300000071525574,0.6225000023841858
YDR253C,YNR048W,0,-3.015291,0.06460336595773697,0.4300000071525574,0.6226000189781189
YAR002C-A,YIL148W,0,-3.015322,0.06459365785121918,0.4300000071525574,0.6226999759674072
YDR341C,YJR108W,0,-3.015608,0.06458395719528198,0.4300000071525574,0.6227999925613403
YMR247C,YIL013C,0,-3.0157015,0.06457426398992538,0.4300000071525574,0.6229000091552734
YGR094W,YBL057C,0,-3.0159135,0.06456456333398819,0.4300000071525574,0.6230000257492065
YHR064C,YBL063W,0,-3.015959,0.06455487012863159,0.4300000071525574,0.6230999827384949
YDR377W,YKR079C,0,-3.016061,0.06454518437385559,0.4300000071525574,0.623199999332428
YKL062W,YDR487C,0,-3.016238,0.06453549116849899,0.4300000071525574,0.6233000159263611
YDR144C,YDR322W,0,-3.0162594,0.06452581286430359,0.4300000071525574,0.6233999729156494
YGL120C,YGL031C,0,-3.0164154,0.06451612710952759,0.4300000071525574,0.6234999895095825
YOR278W,YLR244C,0,-3.0164404,0.06450644880533218,0.4300000071525574,0.6236000061035156
YDR436W,YCL017C,1,-3.0166156,0.06464676558971405,0.4309999942779541,0.6236000061035156
YLR186W,YKL149C,0,-3.016853,0.06463707238435745,0.4309999942779541,0.6237000226974487
YPL202C,YDR456W,1,-3.0169184,0.06477732956409454,0.4320000112056732,0.6237000226974487
YDL072C,YJL062W,0,-3.0171301,0.06476761400699615,0.4320000112056732,0.6237999796867371
YLR215C,YML049C,0,-3.0171523,0.06475790590047836,0.4320000112056732,0.6238999962806702
YHR005C-A,YGL210W,0,-3.0177612,0.06474819779396057,0.4320000112056732,0.6240000128746033
YFR040W,YER101C,0,-3.0178273,0.06473849713802338,0.4320000112056732,0.6241000294685364
YJL196C,YBR005W,0,-3.017974,0.06472879648208618,0.4320000112056732,0.6241999864578247
YBR130C,YDR457W,0,-3.0180085,0.06471910327672958,0.4320000112056732,0.6243000030517578
YHR017W,YOR187W,0,-3.0184166,0.06470941007137299,0.4320000112056732,0.6244000196456909
YBR084W,YHR085W,0,-3.018647,0.06469971686601639,0.4320000112056732,0.6244999766349792
YNL261W,YDR083W,0,-3.0196145,0.06469002366065979,0.4320000112056732,0.6245999932289124
YLR190W,YLR200W,0,-3.0196521,0.06468033790588379,0.4320000112056732,0.6247000098228455
YJL174W,YIL022W,0,-3.0196536,0.06467065960168839,0.4320000112056732,0.6248000264167786
YNL129W,YHR013C,0,-3.019758,0.06466098129749298,0.4320000112056732,0.6248999834060669
YLR060W,YPR008W,0,-3.0198405,0.06465130299329758,0.4320000112056732,0.625
YAL044C,YPR162C,0,-3.0200212,0.06464162468910217,0.4320000112056732,0.6251000165939331
YDR120C,YPL138C,0,-3.0207798,0.06463195383548737,0.4320000112056732,0.6251999735832214
YGR060W,YER083C,0,-3.0213084,0.06462229043245316,0.4320000112056732,0.6252999901771545
YKL079W,YDL164C,0,-3.0214627,0.06461262702941895,0.4320000112056732,0.6254000067710876
YNL138W,YHR059W,0,-3.0217655,0.06460296362638474,0.4320000112056732,0.6255000233650208
YKL119C,YPL177C,1,-3.02187,0.06474282592535019,0.43299999833106995,0.6255000233650208
YJR053W,YLR078C,0,-3.0223463,0.06473314762115479,0.43299999833106995,0.6255999803543091
YPL135W,YEL051W,1,-3.0223472,0.06487294286489487,0.4339999854564667,0.6255999803543091
YCL001W,YFR030W,0,-3.0223792,0.06486324965953827,0.4339999854564667,0.6256999969482422
YGL151W,YGL200C,0,-3.0226126,0.06485355645418167,0.4339999854564667,0.6258000135421753
YML023C,YJR130C,0,-3.0232522,0.06484386324882507,0.4339999854564667,0.6258999705314636
YDR500C,YJR133W,0,-3.0233173,0.06483417749404907,0.4339999854564667,0.6259999871253967
YKL053C-A,YNL331C,0,-3.0238736,0.06482449918985367,0.4339999854564667,0.6261000037193298
YPR042C,YOR043W,0,-3.0240605,0.06481481343507767,0.4339999854564667,0.6262000203132629
YDR151C,YEL051W,1,-3.02432,0.06495445966720581,0.4350000023841858,0.6262000203132629
YDR508C,YHR030C,0,-3.024474,0.06494475901126862,0.4350000023841858,0.6262999773025513
YNR044W,YDL074C,0,-3.0252235,0.06493506580591202,0.4350000023841858,0.6263999938964844
YML107C,YHL011C,0,-3.0253706,0.06492537260055542,0.4350000023841858,0.6265000104904175
YER114C,YNL145W,0,-3.0257857,0.06491568684577942,0.4350000023841858,0.6266000270843506
YOR267C,YER133W,1,-3.0259655,0.06505520641803741,0.4359999895095825,0.6266000270843506
YLR016C,YNR032C-A,0,-3.0261347,0.06504549831151962,0.4359999895095825,0.6266999840736389
YLR130C,YBL026W,0,-3.026164,0.06503579765558243,0.4359999895095825,0.626800000667572
YPL213W,YHR056C,0,-3.026183,0.06502609699964523,0.4359999895095825,0.6269000172615051
YER174C,YDR205W,1,-3.0265927,0.06516551971435547,0.43700000643730164,0.6269000172615051
YJR104C,YEL065W,1,-3.0266564,0.06530490517616272,0.43799999356269836,0.6269000172615051
YDL164C,YGL162W,0,-3.0267003,0.06529516726732254,0.43799999356269836,0.6269999742507935
YDR038C,YPL042C,0,-3.0268323,0.06528543680906296,0.43799999356269836,0.6270999908447266
YLR389C,YNR007C,0,-3.026914,0.06527570635080338,0.43799999356269836,0.6272000074386597
YOR226C,YLR447C,1,-3.0269957,0.06541498750448227,0.4390000104904175,0.6272000074386597
YPL224C,YHL047C,1,-3.027209,0.06555423140525818,0.4399999976158142,0.6272000074386597
YPL038W,YBR213W,0,-3.0273201,0.06554446369409561,0.4399999976158142,0.6273000240325928
YDR419W,YHR008C,0,-3.0273483,0.06553470343351364,0.4399999976158142,0.6273999810218811
YMR322C,YGL194C,0,-3.0273602,0.06552494317293167,0.4399999976158142,0.6274999976158142
YDR376W,YDR515W,1,-3.0274186,0.06566408276557922,0.4410000145435333,0.6274999976158142
YCR002C,YEL059C-A,0,-3.027758,0.06565430760383606,0.4410000145435333,0.6276000142097473
YGR006W,YDL247W,0,-3.0279381,0.06564453989267349,0.4410000145435333,0.6276999711990356
YNL121C,YOR242C,0,-3.0281885,0.06563476473093033,0.4410000145435333,0.6277999877929688
YDR195W,YOL112W,0,-3.028302,0.06562499701976776,0.4410000145435333,0.6279000043869019
YNL023C,YGL241W,0,-3.0306656,0.06561523675918579,0.4410000145435333,0.628000020980835
YJR033C,YML006C,1,-3.0310476,0.0657542422413826,0.44200000166893005,0.628000020980835
YMR243C,YHR060W,1,-3.0314198,0.06589320302009583,0.4429999887943268,0.628000020980835
YOL129W,YOR374W,0,-3.0314925,0.06588340550661087,0.4429999887943268,0.6280999779701233
YDR287W,YGR258C,0,-3.0315201,0.06587360799312592,0.4429999887943268,0.6281999945640564
YLR327C,YKL067W,0,-3.0326235,0.06586381047964096,0.4429999887943268,0.6283000111579895
YEL029C,YKL116C,0,-3.0332146,0.0658540204167366,0.4429999887943268,0.6284000277519226
YDR032C,YFL057C,0,-3.033426,0.06584423035383224,0.4429999887943268,0.6284999847412109
YAR002C-A,YBL074C,0,-3.033836,0.06583444774150848,0.4429999887943268,0.628600001335144
YCL029C,YIL009W,0,-3.0339177,0.06582466512918472,0.4429999887943268,0.6287000179290771
YBR295W,YKR007W,1,-3.033965,0.06596345454454422,0.4440000057220459,0.6287000179290771
YPL018W,YPL028W,0,-3.0343943,0.06595365703105927,0.4440000057220459,0.6287999749183655
YPR175W,YGL050W,0,-3.0344946,0.06594385951757431,0.4440000057220459,0.6288999915122986
YJL035C,YOL061W,0,-3.0348628,0.06593406945466995,0.4440000057220459,0.6290000081062317
YIL126W,YML113W,0,-3.0351055,0.0659242793917656,0.4440000057220459,0.6291000247001648
YOR270C,YGL006W,1,-3.0352728,0.06606294214725494,0.4449999928474426,0.6291000247001648
YCL008C,YOR086C,0,-3.0353742,0.06605313718318939,0.4449999928474426,0.6291999816894531
YBL007C,YDL061C,0,-3.0355961,0.06604333966970444,0.4449999928474426,0.6292999982833862
YEL065W,YER133W,1,-3.0359411,0.06618192791938782,0.44600000977516174,0.6292999982833862
YLR047C,YHR060W,1,-3.0360863,0.06632047146558762,0.44699999690055847,0.6292999982833862
YAL056W,YAL013W,0,-3.036361,0.06631063669919968,0.44699999690055847,0.6294000148773193
YML102W,YBR119W,0,-3.0364835,0.06630080193281174,0.44699999690055847,0.6294999718666077
YNL020C,YDL171C,0,-3.0365999,0.0662909671664238,0.44699999690055847,0.6295999884605408
YJR092W,YOL096C,0,-3.0367656,0.06628113985061646,0.44699999690055847,0.6297000050544739
YBR281C,YBR202W,0,-3.0370965,0.06627131253480911,0.44699999690055847,0.629800021648407
YLR016C,YDR301W,0,-3.0371978,0.06626148521900177,0.44699999690055847,0.6298999786376953
YKR055W,YHL006C,0,-3.0375068,0.06625166535377502,0.44699999690055847,0.6299999952316284
YCL057W,YOR288C,0,-3.0376377,0.06624185293912888,0.44699999690055847,0.6301000118255615
YCR026C,YJL183W,0,-3.0378096,0.06623203307390213,0.44699999690055847,0.6302000284194946
YNL288W,YDL146W,0,-3.0380456,0.06622222065925598,0.44699999690055847,0.630299985408783
YNL280C,YDL166C,0,-3.038128,0.06621241569519043,0.44699999690055847,0.6304000020027161
YJR083C,YGR188C,0,-3.0382652,0.06620260328054428,0.44699999690055847,0.6305000185966492
YHR147C,YDR228C,0,-3.0384235,0.06619280576705933,0.44699999690055847,0.6305999755859375
YDL098C,YER028C,0,-3.0385163,0.06618300080299377,0.44699999690055847,0.6306999921798706
YLR404W,YJL106W,0,-3.0386703,0.06617320328950882,0.44699999690055847,0.6308000087738037
YHR061C,YBR180W,0,-3.0395546,0.06616341322660446,0.44699999690055847,0.6309000253677368
YLR321C,YMR168C,0,-3.0406344,0.0661536157131195,0.44699999690055847,0.6309999823570251
YBR097W,YBL022C,0,-3.041057,0.06614383310079575,0.44699999690055847,0.6310999989509583
YBR160W,YLR120C,0,-3.041199,0.06613404303789139,0.44699999690055847,0.6312000155448914
YKR094C,YKL191W,0,-3.041591,0.06612426042556763,0.44699999690055847,0.6312999725341797
YEL002C,YOR244W,0,-3.0420277,0.06611447781324387,0.44699999690055847,0.6313999891281128
YML021C,YGR169C,0,-3.0422275,0.0661047026515007,0.44699999690055847,0.6315000057220459
YBL025W,YOR123C,0,-3.042477,0.06609492748975754,0.44699999690055847,0.631600022315979
YHL034C,YDR072C,0,-3.042752,0.06608515977859497,0.44699999690055847,0.6316999793052673
YDL128W,YDR270W,1,-3.042869,0.06622320413589478,0.4480000138282776,0.6316999793052673
YLR181C,YGL158W,0,-3.0429938,0.06621342152357101,0.4480000138282776,0.6317999958992004
YPL274W,YOL043C,0,-3.0435443,0.06620363891124725,0.4480000138282776,0.6319000124931335
YGL003C,YCR093W,0,-3.0442803,0.06619385629892349,0.4480000138282776,0.6320000290870667
YFR032C-A,YMR241W,0,-3.0443137,0.06618407368659973,0.4480000138282776,0.632099986076355
YMR159C,YPR028W,0,-3.0444093,0.06617429852485657,0.4480000138282776,0.6322000026702881
YPL194W,YLR401C,0,-3.0449038,0.0661645233631134,0.4480000138282776,0.6323000192642212
YOR217W,YGR145W,0,-3.0449197,0.06615475565195084,0.4480000138282776,0.6323999762535095
YAL021C,YDR527W,0,-3.0450113,0.06614498794078827,0.4480000138282776,0.6324999928474426
YDR195W,YLR417W,0,-3.0451057,0.0661352202296257,0.4480000138282776,0.6326000094413757
YNL289W,YHR108W,0,-3.045153,0.06612545996904373,0.4480000138282776,0.6327000260353088
YOL040C,YER089C,0,-3.0453377,0.06611569970846176,0.4480000138282776,0.6327999830245972
YPR122W,YBR001C,0,-3.0454273,0.06610594689846039,0.4480000138282776,0.6328999996185303
YOR132W,YML128C,0,-3.0455816,0.06609619408845901,0.4480000138282776,0.6330000162124634
YLR145W,YPL262W,0,-3.0457532,0.06608644127845764,0.4480000138282776,0.6330999732017517
YJR130C,YLR430W,0,-3.0469458,0.06607669591903687,0.4480000138282776,0.6331999897956848
YIR018W,YDL170W,0,-3.047385,0.06606695055961609,0.4480000138282776,0.6333000063896179
YPL038W,YKL009W,0,-3.047775,0.06605721265077591,0.4480000138282776,0.633400022983551
YIL094C,YDR465C,0,-3.0480113,0.06604747474193573,0.4480000138282776,0.6334999799728394
YMR176W,YPR055W,0,-3.0480955,0.06603773683309555,0.4480000138282776,0.6335999965667725
YOL061W,YGR244C,0,-3.0481832,0.06602800637483597,0.4480000138282776,0.6337000131607056
YHR024C,YPL144W,0,-3.0482337,0.06601827591657639,0.4480000138282776,0.6338000297546387
YDR296W,YOL112W,0,-3.048444,0.0660085454583168,0.4480000138282776,0.633899986743927
YMR163C,YDR329C,0,-3.0484507,0.06599882245063782,0.4480000138282776,0.6340000033378601
YHR036W,YJL127C,0,-3.048539,0.06598909944295883,0.4480000138282776,0.6341000199317932
YJL026W,YLR118C,0,-3.0486126,0.06597938388586044,0.4480000138282776,0.6341999769210815
YPR108W,YOR253W,0,-3.0490339,0.06596966832876205,0.4480000138282776,0.6342999935150146
YNL206C,YML129C,0,-3.0490947,0.06595995277166367,0.4480000138282776,0.6344000101089478
YLR429W,YOR084W,0,-3.0491683,0.06595024466514587,0.4480000138282776,0.6345000267028809
YEL061C,YPL121C,0,-3.0492084,0.06594053655862808,0.4480000138282776,0.6345999836921692
YCL008C,YBR222C,0,-3.049313,0.06593082845211029,0.4480000138282776,0.6347000002861023
YDR040C,YOL042W,0,-3.0494516,0.0659211277961731,0.4480000138282776,0.6348000168800354
YPR133W-A,YDR288W,0,-3.0497677,0.0659114345908165,0.4480000138282776,0.6348999738693237
YGR120C,YMR239C,0,-3.049935,0.0659017339348793,0.4480000138282776,0.6349999904632568
YHR012W,YJR094W-A,0,-3.0500443,0.0658920407295227,0.4480000138282776,0.6351000070571899
YOR209C,YCL032W,0,-3.0517993,0.0658823549747467,0.4480000138282776,0.635200023651123
YLR265C,YDR461W,0,-3.052072,0.0658726692199707,0.4480000138282776,0.6352999806404114
YNR037C,YER049W,0,-3.0520833,0.0658629834651947,0.4480000138282776,0.6353999972343445
YBL055C,YJL108C,0,-3.052099,0.0658532977104187,0.4480000138282776,0.6355000138282776
YDL117W,YJR130C,0,-3.052553,0.0658436194062233,0.4480000138282776,0.6355999708175659
YDR082W,YER038C,0,-3.0527513,0.06583394855260849,0.4480000138282776,0.635699987411499
YCR106W,YBR193C,0,-3.053181,0.06582427024841309,0.4480000138282776,0.6358000040054321
YGL226W,YJL219W,0,-3.0541193,0.06581459939479828,0.4480000138282776,0.6359000205993652
YPL248C,YLR328W,0,-3.0544844,0.06580493599176407,0.4480000138282776,0.6359999775886536
YGR252W,YBL051C,0,-3.054622,0.06579527258872986,0.4480000138282776,0.6360999941825867
YCR065W,YPR016C,0,-3.054866,0.06578560918569565,0.4480000138282776,0.6362000107765198
YHR201C,YGR061C,0,-3.0551212,0.06577595323324203,0.4480000138282776,0.6363000273704529
YMR152W,YGL090W,0,-3.055184,0.06576629728078842,0.4480000138282776,0.6363999843597412
YNL094W,YDR279W,0,-3.0551956,0.06575664132833481,0.4480000138282776,0.6365000009536743
YLR383W,YDR435C,0,-3.0552418,0.06574699282646179,0.4480000138282776,0.6366000175476074
YDL154W,YNR033W,0,-3.0555084,0.06573734432458878,0.4480000138282776,0.6366999745368958
YGR085C,YBR188C,0,-3.0557168,0.06572769582271576,0.4480000138282776,0.6367999911308289
YOR047C,YER109C,0,-3.0559983,0.06571805477142334,0.4480000138282776,0.636900007724762
YMR200W,YHR031C,0,-3.0562754,0.06570842117071152,0.4480000138282776,0.6370000243186951
YPL194W,YPR133C,0,-3.0565798,0.0656987801194191,0.4480000138282776,0.6370999813079834
YLL040C,YLR382C,0,-3.0566833,0.06568914651870728,0.4480000138282776,0.6371999979019165
YAL002W,YLL018C,0,-3.0568044,0.06567952036857605,0.4480000138282776,0.6373000144958496
YPL038W,YAL019W,0,-3.0573864,0.06566989421844482,0.4480000138282776,0.6373999714851379
YKL150W,YDR251W,0,-3.0574813,0.0656602680683136,0.4480000138282776,0.637499988079071
YJL196C,YKL042W,0,-3.0577538,0.06565064191818237,0.4480000138282776,0.6376000046730042
YKR101W,YDR086C,0,-3.0578134,0.06564102321863174,0.4480000138282776,0.6377000212669373
YDR435C,YDR076W,0,-3.0579834,0.06563141196966171,0.4480000138282776,0.6377999782562256
YDR436W,YDR270W,1,-3.0579956,0.0657682716846466,0.4490000009536743,0.6377999782562256
YNL156C,YKL130C,0,-3.0580547,0.06575863808393478,0.4490000009536743,0.6378999948501587
YDR261C,YDR498C,0,-3.0584443,0.06574901193380356,0.4490000009536743,0.6380000114440918
YLR147C,YLR186W,0,-3.0585494,0.06573938578367233,0.4490000009536743,0.6381000280380249
YCL024W,YNL128W,0,-3.0588691,0.06572975963354111,0.4490000009536743,0.6381999850273132
YLR306W,YJR053W,0,-3.0591142,0.06572014093399048,0.4490000009536743,0.6383000016212463
YNL271C,YNL026W,0,-3.0593197,0.06571052223443985,0.4490000009536743,0.6384000182151794
YNL110C,YNL206C,0,-3.0593686,0.06570090353488922,0.4490000009536743,0.6384999752044678
YBR267W,YLR314C,0,-3.0594878,0.06569129228591919,0.4490000009536743,0.6385999917984009
YDR325W,YLR183C,0,-3.0595005,0.06568168848752975,0.4490000009536743,0.638700008392334
YML015C,YOR384W,0,-3.0596974,0.06567207723855972,0.4490000009536743,0.6388000249862671
YJR138W,YER060W-A,0,-3.0598097,0.06566247344017029,0.4490000009536743,0.6388999819755554
YML011C,YDL107W,0,-3.0601807,0.06565286964178085,0.4490000009536743,0.6389999985694885
YDR243C,YGL059W,0,-3.0602415,0.06564327329397202,0.4490000009536743,0.6391000151634216
YDR337W,YML097C,0,-3.0604277,0.06563367694616318,0.4490000009536743,0.63919997215271
YLR433C,YDR495C,1,-3.0613608,0.06577024608850479,0.44999998807907104,0.63919997215271
YKL015W,YHL019C,0,-3.0614345,0.06576063483953476,0.44999998807907104,0.6392999887466431
YLR103C,YBL085W,0,-3.0615728,0.06575102359056473,0.44999998807907104,0.6394000053405762
YER041W,YGL186C,0,-3.0619524,0.06574141979217529,0.44999998807907104,0.6395000219345093
YIL069C,YPR180W,0,-3.0622334,0.06573181599378586,0.44999998807907104,0.6395999789237976
YBR294W,YOR011W,0,-3.0624282,0.06572221219539642,0.44999998807907104,0.6396999955177307
YML092C,YDR371W,0,-3.0625927,0.06571261584758759,0.44999998807907104,0.6398000121116638
YPR134W,YOR374W,0,-3.0633934,0.06570301949977875,0.44999998807907104,0.6399000287055969
YEL030W,YLR383W,0,-3.0635574,0.0656934306025505,0.44999998807907104,0.6399999856948853
YLR015W,YKL054C,0,-3.0638182,0.06568384170532227,0.44999998807907104,0.6401000022888184
YMR149W,YMR023C,0,-3.0639374,0.06567425280809402,0.44999998807907104,0.6402000188827515
YDR238C,YPL156C,0,-3.0641997,0.06566467136144638,0.44999998807907104,0.6402999758720398
YML048W,YCR035C,0,-3.064214,0.06565508991479874,0.44999998807907104,0.6403999924659729
YHR193C,YNL102W,0,-3.064391,0.06564551591873169,0.44999998807907104,0.640500009059906
YDR247W,YCR011C,0,-3.0644658,0.06563594192266464,0.44999998807907104,0.6406000256538391
YBR010W,YDR375C,0,-3.0647845,0.0656263679265976,0.44999998807907104,0.6406999826431274
YOL005C,YIL115C,0,-3.0658934,0.06561680138111115,0.44999998807907104,0.6407999992370605
YDL205C,YCR063W,0,-3.0663195,0.0656072348356247,0.44999998807907104,0.6409000158309937
YCL066W,YBL011W,0,-3.0673418,0.06559766829013824,0.44999998807907104,0.640999972820282
YOL065C,YDR189W,0,-3.0677583,0.06558810919523239,0.44999998807907104,0.6410999894142151
YER091C,YGL009C,0,-3.06787,0.06557855010032654,0.44999998807907104,0.6412000060081482
YNL175C,YNR038W,0,-3.0683115,0.06556899100542068,0.44999998807907104,0.6413000226020813
YGR200C,YKL205W,0,-3.0686753,0.06555943936109543,0.44999998807907104,0.6413999795913696
YDR422C,YOL038W,0,-3.0687609,0.06554988771677017,0.44999998807907104,0.6414999961853027
YPL221W,YIR036C,0,-3.0687692,0.06554034352302551,0.44999998807907104,0.6416000127792358
YBR297W,YJL174W,0,-3.0688634,0.06553079932928085,0.44999998807907104,0.641700029373169
YBR023C,YJL136C,0,-3.0689778,0.0655212551355362,0.44999998807907104,0.6417999863624573
YNL026W,YML098W,0,-3.0690634,0.06551171839237213,0.44999998807907104,0.6419000029563904
YDR310C,YLR318W,0,-3.0693142,0.06550218164920807,0.44999998807907104,0.6420000195503235
YHR081W,YFL004W,0,-3.069772,0.0654926523566246,0.44999998807907104,0.6420999765396118
YJR101W,YGR208W,0,-3.069791,0.06548312306404114,0.44999998807907104,0.6421999931335449
YHR147C,YHL019C,0,-3.0698035,0.06547359377145767,0.44999998807907104,0.642300009727478
YPR188C,YKL149C,0,-3.0705802,0.0654640644788742,0.44999998807907104,0.6424000263214111
YBR294W,YNR020C,0,-3.0705922,0.06545454263687134,0.44999998807907104,0.6424999833106995
YGR246C,YEL018W,0,-3.070987,0.06544502824544907,0.44999998807907104,0.6425999999046326
YER036C,YDR301W,0,-3.0710022,0.0654355064034462,0.44999998807907104,0.6427000164985657
YJR016C,YDL031W,0,-3.0710626,0.06542599946260452,0.44999998807907104,0.642799973487854
YDL056W,YEL040W,0,-3.0714052,0.06541648507118225,0.44999998807907104,0.6428999900817871
YEL001C,YER014W,0,-3.0721276,0.06540697813034058,0.44999998807907104,0.6430000066757202
YPL026C,YGL210W,0,-3.0721943,0.0653974711894989,0.44999998807907104,0.6431000232696533
YNL052W,YLL043W,0,-3.0723531,0.06538797169923782,0.44999998807907104,0.6431999802589417
YGR143W,YDL051W,0,-3.0724456,0.06537847220897675,0.44999998807907104,0.6432999968528748
YNL259C,YCL017C,1,-3.073026,0.06551423668861389,0.45100000500679016,0.6432999968528748
YLR360W,YMR287C,0,-3.0730808,0.06550472229719162,0.45100000500679016,0.6434000134468079
YIL135C,YEL002C,0,-3.0733016,0.06549520790576935,0.45100000500679016,0.6434999704360962
YAL030W,YPR131C,0,-3.0738132,0.06548570096492767,0.45100000500679016,0.6435999870300293
YNL232W,YLR367W,0,-3.0740259,0.065476194024086,0.45100000500679016,0.6437000036239624
YLR364W,YDR057W,0,-3.0740955,0.06546668708324432,0.45100000500679016,0.6438000202178955
YPL161C,YOL052C,0,-3.0742238,0.06545718759298325,0.45100000500679016,0.6438999772071838
YOR206W,YBR282W,0,-3.0742521,0.06544768810272217,0.45100000500679016,0.6439999938011169
YER046W,YNL119W,0,-3.0751004,0.06543818861246109,0.45100000500679016,0.64410001039505
YKL093W,YPL075W,0,-3.0752633,0.06542869657278061,0.45100000500679016,0.6442000269889832
YOR267C,YPL177C,1,-3.0753868,0.06556425988674164,0.4519999921321869,0.6442000269889832
YLR005W,YDL060W,0,-3.075835,0.06555475294589996,0.4519999921321869,0.6442999839782715
YGL076C,YML009C,0,-3.0759482,0.06554524600505829,0.4519999921321869,0.6444000005722046
YGR274C,YPR135W,0,-3.0764987,0.06553573906421661,0.4519999921321869,0.6445000171661377
YLR024C,YAL043C,0,-3.076506,0.06552623957395554,0.4519999921321869,0.644599974155426
YLR047C,YLR023C,1,-3.0768058,0.06566169112920761,0.453000009059906,0.644599974155426
YDL083C,YNL292W,0,-3.0780652,0.06565217673778534,0.453000009059906,0.6446999907493591
YJR033C,YHL047C,1,-3.078193,0.06578756868839264,0.45399999618530273,0.6446999907493591
YHR146W,YOR212W,0,-3.0783026,0.06577803194522858,0.45399999618530273,0.6448000073432922
YJL197W,YMR168C,0,-3.0783293,0.06576851010322571,0.45399999618530273,0.6449000239372253
YKR009C,YDL008W,0,-3.0786388,0.06575898081064224,0.45399999618530273,0.6449999809265137
YJR010C-A,YGR004W,0,-3.079974,0.06574945896863937,0.45399999618530273,0.6450999975204468
YBR223C,YMR238W,0,-3.080302,0.0657399371266365,0.45399999618530273,0.6452000141143799
YLR389C,YLR090W,0,-3.0805786,0.06573041528463364,0.45399999618530273,0.6452999711036682
YPR133C,YOL078W,0,-3.0811167,0.06572090089321136,0.45399999618530273,0.6453999876976013
YJL155C,YOR103C,0,-3.0814772,0.06571139395236969,0.45399999618530273,0.6455000042915344
YDR046C,YLR370C,0,-3.0816875,0.06570187956094742,0.45399999618530273,0.6456000208854675
YBR294W,YHR168W,0,-3.0817125,0.06569237262010574,0.45399999618530273,0.6456999778747559
YLR452C,YDL171C,0,-3.0818794,0.06568287312984467,0.45399999618530273,0.645799994468689
YLR425W,YNL206C,0,-3.0822284,0.06567336618900299,0.45399999618530273,0.6459000110626221
YPL143W,YGL186C,0,-3.0822926,0.06566386669874191,0.45399999618530273,0.6460000276565552
YJR130C,YMR274C,0,-3.082485,0.06565437465906143,0.45399999618530273,0.6460999846458435
YDL097C,YLR176C,0,-3.0824978,0.06564488261938095,0.45399999618530273,0.6462000012397766
YDL056W,YBR114W,0,-3.082875,0.06563539057970047,0.45399999618530273,0.6463000178337097
YDR276C,YER074W,0,-3.0829854,0.06562590599060059,0.45399999618530273,0.646399974822998
YJR033C,YNL259C,1,-3.0832365,0.06576094776391983,0.45500001311302185,0.646399974822998
YEL062W,YDR160W,0,-3.0834467,0.06575144827365875,0.45500001311302185,0.6464999914169312
YLR189C,YGL005C,0,-3.0842538,0.06574194133281708,0.45500001311302185,0.6466000080108643
YHR039C-A,YGL155W,1,-3.084398,0.06587691605091095,0.4560000002384186,0.6466000080108643
YOR098C,YFR050C,0,-3.0844116,0.06586740165948868,0.4560000002384186,0.6467000246047974
YDR464W,YCL004W,0,-3.0845845,0.0658578872680664,0.4560000002384186,0.6467999815940857
YDR320C-A,YOL070C,0,-3.0847154,0.06584837287664413,0.4560000002384186,0.6468999981880188
YML094W,YPL174C,0,-3.0850043,0.06583886593580246,0.4560000002384186,0.6470000147819519
YLR309C,YPL240C,0,-3.0852132,0.06582936644554138,0.4560000002384186,0.6470999717712402
YMR127C,YDR529C,0,-3.0852754,0.06581985950469971,0.4560000002384186,0.6471999883651733
YJL083W,YOL125W,0,-3.0854378,0.06581036001443863,0.4560000002384186,0.6473000049591064
YMR275C,YCL035C,0,-3.0856583,0.06580086797475815,0.4560000002384186,0.6474000215530396
YER127W,YDR383C,0,-3.0857034,0.06579136848449707,0.4560000002384186,0.6474999785423279
YMR025W,YNL309W,0,-3.0859454,0.06578188389539719,0.4560000002384186,0.647599995136261
YGR095C,YNR028W,0,-3.0868304,0.0657723918557167,0.4560000002384186,0.6477000117301941
YDL083C,YHR181W,0,-3.0871398,0.06576290726661682,0.4560000002384186,0.6478000283241272
YGR134W,YMR208W,0,-3.0871623,0.06575342267751694,0.4560000002384186,0.6478999853134155
YOL102C,YJR084W,0,-3.0873644,0.06574394553899765,0.4560000002384186,0.6480000019073486
YOL002C,YDL120W,1,-3.0876048,0.06587862223386765,0.4569999873638153,0.6480000019073486
YPL224C,YDR515W,1,-3.087631,0.06601326167583466,0.4580000042915344,0.6480000019073486
YBL035C,YDR028C,0,-3.088027,0.06600374728441238,0.4580000042915344,0.6481000185012817
YHR167W,YMR247C,0,-3.0889204,0.06599423289299011,0.4580000042915344,0.6481999754905701
YLR059C,YEL053C,0,-3.0895488,0.06598472595214844,0.4580000042915344,0.6482999920845032
YBR172C,YDR217C,0,-3.0903418,0.06597522646188736,0.4580000042915344,0.6484000086784363
YEL062W,YHR029C,0,-3.0903547,0.06596571952104568,0.4580000042915344,0.6485000252723694
YPL172C,YBR180W,0,-3.0903845,0.0659562200307846,0.4580000042915344,0.6485999822616577
YJL073W,YBR231C,0,-3.0905428,0.06594672054052353,0.4580000042915344,0.6486999988555908
YNL259C,YKL175W,1,-3.0907142,0.06608119606971741,0.45899999141693115,0.6486999988555908
YNR015W,YKL054C,0,-3.091253,0.06607168912887573,0.45899999141693115,0.6488000154495239
YML016C,YPL177C,1,-3.0913036,0.06620610505342484,0.46000000834465027,0.6488000154495239
YBR142W,YBR273C,0,-3.0913968,0.06619657576084137,0.46000000834465027,0.6488999724388123
YMR177W,YHR060W,1,-3.0915534,0.0663309320807457,0.460999995470047,0.6488999724388123
YBL037W,YBR026C,0,-3.0916169,0.06632139533758163,0.460999995470047,0.6489999890327454
YLR285W,YBR069C,0,-3.091643,0.06631185114383698,0.460999995470047,0.6491000056266785
YOR267C,YKR007W,1,-3.0922132,0.06644614040851593,0.4620000123977661,0.6491000056266785
YDR364C,YER014W,0,-3.0926363,0.06643658131361008,0.4620000123977661,0.6492000222206116
YDL164C,YEL029C,0,-3.0928671,0.06642702966928482,0.4620000123977661,0.6492999792098999
YOL141W,YJR084W,0,-3.0932024,0.06641747802495956,0.4620000123977661,0.649399995803833
YLR015W,YDL099W,0,-3.0939274,0.0664079338312149,0.4620000123977661,0.6495000123977661
YJL178C,YIL173W,0,-3.093941,0.06639838963747025,0.4620000123977661,0.6496000289916992
YLR010C,YGR006W,0,-3.0940719,0.06638884544372559,0.4620000123977661,0.6496999859809875
YPL209C,YNR007C,0,-3.094074,0.06637930870056152,0.4620000123977661,0.6498000025749207
YMR076C,YLR244C,0,-3.0945506,0.06636977195739746,0.4620000123977661,0.6499000191688538
YHL028W,YJR001W,0,-3.0945756,0.066360242664814,0.4620000123977661,0.6499999761581421
YBR005W,YMR267W,0,-3.095384,0.06635071337223053,0.4620000123977661,0.6500999927520752
YJL012C,YCR031C,0,-3.0954876,0.06634118407964706,0.4620000123977661,0.6502000093460083
YDR128W,YDR460W,0,-3.0956972,0.0663316547870636,0.4620000123977661,0.6503000259399414
YML067C,YOL010W,0,-3.095706,0.06632213294506073,0.4620000123977661,0.6503999829292297
YDR451C,YLL022C,0,-3.0957649,0.06631261855363846,0.4620000123977661,0.6504999995231628
YEL030W,YGR086C,0,-3.0961611,0.06630309671163559,0.4620000123977661,0.650600016117096
YEL006W,YDR260C,0,-3.0967972,0.06629358232021332,0.4620000123977661,0.6506999731063843
YKL201C,YLR328W,0,-3.097499,0.06628407537937164,0.4620000123977661,0.6507999897003174
YBR188C,YKL210W,0,-3.0977767,0.06627456843852997,0.4620000123977661,0.6509000062942505
YPL146C,YER008C,0,-3.0980358,0.0662650614976883,0.4620000123977661,0.6510000228881836
YJR075W,YDL146W,0,-3.098045,0.06625555455684662,0.4620000123977661,0.6510999798774719
YMR017W,YFR003C,0,-3.098183,0.06624605506658554,0.4620000123977661,0.651199996471405
YDR268W,YMR269W,0,-3.0990212,0.06623655557632446,0.4620000123977661,0.6513000130653381
YGR216C,YCL035C,0,-3.0996323,0.06622706353664398,0.4620000123977661,0.6514000296592712
YJL208C,YLR141W,0,-3.0998,0.0662175714969635,0.4620000123977661,0.6514999866485596
YAL040C,YDR364C,0,-3.0999088,0.06620807945728302,0.4620000123977661,0.6516000032424927
YKL150W,YER155C,0,-3.0999117,0.06619859486818314,0.4620000123977661,0.6517000198364258
YNR024W,YCR024C,0,-3.0999513,0.06618911027908325,0.4620000123977661,0.6517999768257141
YOL004W,YIL006W,0,-3.1001747,0.06617963314056396,0.4620000123977661,0.6518999934196472
YOR047C,YPL036W,0,-3.1001854,0.06617014855146408,0.4620000123977661,0.6520000100135803
YGL030W,YDR028C,0,-3.1007326,0.06616067886352539,0.4620000123977661,0.6521000266075134
YDL210W,YGR170W,0,-3.1009097,0.0661512017250061,0.4620000123977661,0.6521999835968018
YKL103C,YDR251W,0,-3.101069,0.06614173203706741,0.4620000123977661,0.6523000001907349
YPL183C,YBR168W,0,-3.10123,0.06613226234912872,0.4620000123977661,0.652400016784668
YOR349W,YKL110C,0,-3.1013558,0.06612280011177063,0.4620000123977661,0.6524999737739563
YML125C,YLR363C,0,-3.1015384,0.06611333787441254,0.4620000123977661,0.6525999903678894
YBL103C,YBR040W,0,-3.1016662,0.06610387563705444,0.4620000123977661,0.6527000069618225
YOR332W,YLR433C,1,-3.101817,0.06623747944831848,0.46299999952316284,0.6527000069618225
YOR334W,YPL098C,0,-3.102388,0.06622800976037979,0.46299999952316284,0.6528000235557556
YDR495C,YGL155W,1,-3.102762,0.06636155396699905,0.46399998664855957,0.6528000235557556
YKR059W,YDR510W,0,-3.1029398,0.06635206937789917,0.46399998664855957,0.652899980545044
YPR199C,YGR221C,0,-3.1030111,0.06634257733821869,0.46399998664855957,0.652999997138977
YDR337W,YER126C,0,-3.1037433,0.0663330927491188,0.46399998664855957,0.6531000137329102
YDR188W,YOL124C,0,-3.104281,0.06632361561059952,0.46399998664855957,0.6531999707221985
YGR101W,YIL109C,0,-3.1047418,0.06631413102149963,0.46399998664855957,0.6532999873161316
YDR253C,YLR039C,0,-3.1052399,0.06630466133356094,0.46399998664855957,0.6534000039100647
YKL002W,YGL104C,0,-3.1054966,0.06629518419504166,0.46399998664855957,0.6535000205039978
YKL043W,YDL235C,0,-3.1056316,0.06628571450710297,0.46399998664855957,0.6535999774932861
YOR047C,YML070W,0,-3.1057084,0.06627624481916428,0.46399998664855957,0.6536999940872192
YGL211W,YMR217W,0,-3.1058278,0.06626678258180618,0.46399998664855957,0.6538000106811523
YGR156W,YDR076W,0,-3.1066582,0.06625732034444809,0.46399998664855957,0.6539000272750854
YFR030W,YDR166C,0,-3.1067402,0.06624785810709,0.46399998664855957,0.6539999842643738
YBR024W,YMR224C,0,-3.1067889,0.0662384033203125,0.46399998664855957,0.6541000008583069
YKL090W,YAL035W,0,-3.1069486,0.066228948533535,0.46399998664855957,0.65420001745224
YLR260W,YHR119W,0,-3.107025,0.06621949374675751,0.46399998664855957,0.6542999744415283
YGR246C,YOR110W,0,-3.1074677,0.06621004641056061,0.46399998664855957,0.6543999910354614
YOR377W,YPR016C,0,-3.1078763,0.06620059907436371,0.46399998664855957,0.6545000076293945
YML016C,YDR495C,1,-3.10792,0.06633380800485611,0.4650000035762787,0.6545000076293945
YDL081C,YOL038W,0,-3.1085913,0.06632434576749802,0.4650000035762787,0.6546000242233276
YML132W,YKL119C,1,-3.1086905,0.06645750254392624,0.4659999907016754,0.6546000242233276
YBR109C,YDR173C,0,-3.1087763,0.06644802540540695,0.4659999907016754,0.654699981212616
YLL029W,YLL018C,0,-3.1090524,0.06643854826688766,0.4659999907016754,0.6547999978065491
YMR150C,YOL120C,0,-3.109157,0.06642907857894897,0.4659999907016754,0.6549000144004822
YAL026C,YDL146W,0,-3.1091986,0.06641960889101028,0.4659999907016754,0.6549999713897705
YGL222C,YGR225W,0,-3.1094034,0.06641014665365219,0.4659999907016754,0.6550999879837036
YML011C,YDL154W,0,-3.1098623,0.0664006844162941,0.4659999907016754,0.6552000045776367
YER027C,YJR118C,0,-3.1102357,0.066391222178936,0.4659999907016754,0.6553000211715698
YDR126W,YER008C,0,-3.1103566,0.06638176739215851,0.4659999907016754,0.6553999781608582
YGL180W,YLR142W,0,-3.1103623,0.06637231260538101,0.4659999907016754,0.6554999947547913
YLL003W,YJR032W,0,-3.1105015,0.06636285781860352,0.4659999907016754,0.6556000113487244
YGR014W,YFL005W,0,-3.110574,0.06635341048240662,0.4659999907016754,0.6557000279426575
YHR117W,YBL014C,0,-3.1110358,0.06634396314620972,0.4659999907016754,0.6557999849319458
YKL179C,YBL074C,0,-3.1113074,0.06633452326059341,0.4659999907016754,0.6559000015258789
YEL015W,YGR234W,0,-3.1119702,0.06632507592439651,0.4659999907016754,0.656000018119812
YOR061W,YHR194W,1,-3.1121542,0.06645794957876205,0.46700000762939453,0.656000018119812
YBR212W,YKL069W,0,-3.11218,0.06644849479198456,0.46700000762939453,0.6560999751091003
YNL175C,YLR130C,0,-3.1124384,0.06643904000520706,0.46700000762939453,0.6561999917030334
YDR373W,YIL101C,0,-3.1124482,0.06642958521842957,0.46700000762939453,0.6563000082969666
YDL003W,YLL004W,0,-3.1130345,0.06642013788223267,0.46700000762939453,0.6564000248908997
YCL043C,YLL003W,0,-3.1130667,0.06641069054603577,0.46700000762939453,0.656499981880188
YKL009W,YML097C,0,-3.113086,0.06640125066041946,0.46700000762939453,0.6565999984741211
YBR036C,YHL047C,1,-3.1132247,0.06653397530317307,0.46799999475479126,0.6565999984741211
YLR357W,YPL004C,0,-3.1133335,0.06652452051639557,0.46799999475479126,0.6567000150680542
YER055C,YDR224C,0,-3.113418,0.06651506572961807,0.46799999475479126,0.6567999720573425
YMR159C,YBR231C,0,-3.1136196,0.06650561094284058,0.46799999475479126,0.6568999886512756
YAR002C-A,YOL122C,0,-3.1137388,0.06649616360664368,0.46799999475479126,0.6570000052452087
YLR447C,YGL006W,1,-3.1137474,0.06662878394126892,0.4690000116825104,0.6570000052452087
YOR172W,YDR120C,0,-3.113817,0.06661932170391083,0.4690000116825104,0.6571000218391418
YIL173W,YBR115C,0,-3.1139655,0.06660985946655273,0.4690000116825104,0.6571999788284302
YLR047C,YDR515W,1,-3.1139972,0.06674240529537201,0.4699999988079071,0.6571999788284302
YPR068C,YPL215W,0,-3.114134,0.06673292815685272,0.4699999988079071,0.6572999954223633
YLR043C,YMR026C,0,-3.1152132,0.06672345101833344,0.4699999988079071,0.6574000120162964
YEL027W,YOR087W,1,-3.11541,0.06685592979192734,0.47099998593330383,0.6574000120162964
YBR153W,YBR142W,0,-3.11639,0.06684643775224686,0.47099998593330383,0.6575000286102295
YHR012W,YHR136C,0,-3.116926,0.06683695316314697,0.47099998593330383,0.6575999855995178
YOR259C,YLL004W,0,-3.1170676,0.06682746857404709,0.47099998593330383,0.6577000021934509
YCL024W,YEL053C,0,-3.1172369,0.0668179914355278,0.47099998593330383,0.657800018787384
YLL062C,YNL137C,0,-3.1172466,0.06680851429700851,0.47099998593330383,0.6578999757766724
YJR138W,YLR206W,0,-3.1173112,0.06679903715848923,0.47099998593330383,0.6579999923706055
YOR250C,YOL009C,0,-3.1178985,0.06678956001996994,0.47099998593330383,0.6581000089645386
YNL238W,YPL138C,0,-3.1183975,0.06678009033203125,0.47099998593330383,0.6582000255584717
YHR129C,YML124C,0,-3.1186602,0.06677062809467316,0.47099998593330383,0.65829998254776
YIL020C,YIL132C,0,-3.1188257,0.06676116585731506,0.47099998593330383,0.6583999991416931
YDR121W,YCR018C,0,-3.11887,0.06675170361995697,0.47099998593330383,0.6585000157356262
YNR055C,YPL183W-A,0,-3.1190155,0.06674224138259888,0.47099998593330383,0.6585999727249146
YHR047C,YOR090C,0,-3.11928,0.06673278659582138,0.47099998593330383,0.6586999893188477
YJR092W,YCR060W,0,-3.1195679,0.06672333180904388,0.47099998593330383,0.6588000059127808
YDL097C,YGR034W,0,-3.119727,0.06671388447284698,0.47099998593330383,0.6589000225067139
YDL006W,YNL020C,0,-3.120227,0.06670442968606949,0.47099998593330383,0.6589999794960022
YMR150C,YOL100W,0,-3.1202626,0.06669498980045319,0.47099998593330383,0.6590999960899353
YOR076C,YNL006W,0,-3.121027,0.06668554246425629,0.47099998593330383,0.6592000126838684
YDR229W,YIL056W,0,-3.1212604,0.06667610257863998,0.47099998593330383,0.6593000292778015
YHR028C,YPR182W,0,-3.1212711,0.06666667014360428,0.47099998593330383,0.6593999862670898
YJL221C,YOL032W,0,-3.121502,0.06665723025798798,0.47099998593330383,0.659500002861023
YDR129C,YLR147C,0,-3.1219153,0.06664779782295227,0.47099998593330383,0.659600019454956
YHR136C,YLR292C,0,-3.1222286,0.06663837283849716,0.47099998593330383,0.6596999764442444
YIL154C,YFR034C,0,-3.1224825,0.06662894040346146,0.47099998593330383,0.6597999930381775
YMR150C,YDL075W,0,-3.122689,0.06661951541900635,0.47099998593330383,0.6599000096321106
YNL062C,YNR043W,0,-3.122749,0.06661009788513184,0.47099998593330383,0.6600000262260437
YDL007W,YOR034C,0,-3.1235185,0.06660068035125732,0.47099998593330383,0.660099983215332
YNL216W,YGR118W,0,-3.123696,0.06659126281738281,0.47099998593330383,0.6601999998092651
YER087C-B,YLR442C,0,-3.123906,0.0665818527340889,0.47099998593330383,0.6603000164031982
YOR074C,YDR466W,0,-3.1240294,0.06657243520021439,0.47099998593330383,0.6603999733924866
YHL028W,YML101C,0,-3.1243026,0.06656303256750107,0.47099998593330383,0.6604999899864197
YOR250C,YKL195W,0,-3.1249259,0.06655362248420715,0.47099998593330383,0.6606000065803528
YML059C,YBR118W,0,-3.1258504,0.06654421985149384,0.47099998593330383,0.6607000231742859
YJL059W,YML016C,1,-3.126084,0.06667608767747879,0.47200000286102295,0.6607000231742859
YJR010C-A,YPR149W,0,-3.1266692,0.06666667014360428,0.47200000286102295,0.6607999801635742
YBR146W,YBR112C,0,-3.1268256,0.06665725260972977,0.47200000286102295,0.6608999967575073
YBL034C,YDR076W,0,-3.1268747,0.06664784252643585,0.47200000286102295,0.6610000133514404
YHL025W,YIR036C,0,-3.1269,0.06663843244314194,0.47200000286102295,0.6610999703407288
YDR451C,YMR075W,0,-3.1271684,0.06662902235984802,0.47200000286102295,0.6611999869346619
YNR044W,YOR002W,0,-3.127177,0.0666196197271347,0.47200000286102295,0.661300003528595
YHR161C,YOR239W,0,-3.127225,0.06661021709442139,0.47200000286102295,0.6614000201225281
YOL028C,YML109W,0,-3.1272473,0.06660082191228867,0.47200000286102295,0.6614999771118164
YDR005C,YPR032W,0,-3.127758,0.06659141927957535,0.47200000286102295,0.6615999937057495
YMR002W,YDR197W,0,-3.1284363,0.06658203154802322,0.47200000286102295,0.6617000102996826
YDR270W,YLR047C,1,-3.128538,0.06671368330717087,0.4729999899864197,0.6617000102996826
YGL113W,YNL172W,0,-3.129562,0.06670427322387695,0.4729999899864197,0.6618000268936157
YHR079C,YBR038W,0,-3.1296623,0.06669487059116364,0.4729999899864197,0.661899983882904
YBR080C,YGR255C,0,-3.1298306,0.06668546795845032,0.4729999899864197,0.6620000004768372
YGL136C,YOR249C,0,-3.1299121,0.066676065325737,0.4729999899864197,0.6621000170707703
YDR234W,YLR304C,0,-3.1301346,0.06666667014360428,0.4729999899864197,0.6621999740600586
YDL054C,YOR037W,0,-3.1303065,0.06665727496147156,0.4729999899864197,0.6622999906539917
YKL129C,YNR041C,0,-3.1307652,0.06664787977933884,0.4729999899864197,0.6624000072479248
YOR038C,YIL109C,0,-3.130791,0.06663849204778671,0.4729999899864197,0.6625000238418579
YBR162W-A,YER164W,0,-3.130963,0.06662910431623459,0.4729999899864197,0.6625999808311462
YGR216C,YNR044W,0,-3.1312854,0.06661971658468246,0.4729999899864197,0.6626999974250793
YNL314W,YLR395C,0,-3.1321952,0.06661033630371094,0.4729999899864197,0.6628000140190125
YBR223C,YPL193W,0,-3.1323922,0.06660095602273941,0.4729999899864197,0.6628999710083008
YJR042W,YMR311C,0,-3.132766,0.06659158319234848,0.4729999899864197,0.6629999876022339
YGR024C,YNL173C,0,-3.1330407,0.06658221036195755,0.4729999899864197,0.663100004196167
YPL060W,YNL292W,0,-3.1330836,0.06657283753156662,0.4729999899864197,0.6632000207901001
YDR064W,YML009C,0,-3.1333058,0.06656346470117569,0.4729999899864197,0.6632999777793884
YDR359C,YDL202W,0,-3.133388,0.06655409932136536,0.4729999899864197,0.6633999943733215
YHL004W,YER036C,0,-3.133603,0.06654474139213562,0.4729999899864197,0.6635000109672546
YGL211W,YIL068C,0,-3.1337135,0.06653537601232529,0.4729999899864197,0.6636000275611877
YKL056C,YAL056W,0,-3.1349196,0.06652601808309555,0.4729999899864197,0.6636999845504761
YPR152C,YLR370C,0,-3.134939,0.06651666760444641,0.4729999899864197,0.6638000011444092
YNL259C,YJL165C,1,-3.1352625,0.06664791703224182,0.4740000069141388,0.6638000011444092
YAR002C-A,YLL009C,0,-3.1355464,0.06663855165243149,0.4740000069141388,0.6639000177383423
YPR152C,YPR031W,0,-3.135708,0.06662917882204056,0.4740000069141388,0.6639999747276306
YMR256C,YGR170W,0,-3.1357243,0.06661982089281082,0.4740000069141388,0.6640999913215637
YMR261C,YOR320C,0,-3.1357577,0.06661045551300049,0.4740000069141388,0.6642000079154968
YIL120W,YIL036W,0,-3.1365125,0.06660109758377075,0.4740000069141388,0.6643000245094299
YLR059C,YPL254W,0,-3.1372504,0.06659173965454102,0.4740000069141388,0.6643999814987183
YOL002C,YGL006W,1,-3.1380875,0.06672285497188568,0.4749999940395355,0.6643999814987183
YNL117W,YKR071C,0,-3.138204,0.06671348214149475,0.4749999940395355,0.6644999980926514
YJL143W,YHR117W,0,-3.138262,0.06670411676168442,0.4749999940395355,0.6646000146865845
YER093C,YOR349W,0,-3.1385567,0.06669475138187408,0.4749999940395355,0.6646999716758728
YML016C,YJL056C,1,-3.1387718,0.06682577729225159,0.47600001096725464,0.6646999716758728
YCR047C,YBL026W,0,-3.1392748,0.06681639701128006,0.47600001096725464,0.6647999882698059
YDR507C,YLR055C,0,-3.139334,0.06680701673030853,0.47600001096725464,0.664900004863739
YOR098C,YCR009C,0,-3.1393428,0.0667976438999176,0.47600001096725464,0.6650000214576721
YDR005C,YMR172W,0,-3.1397154,0.06678827106952667,0.47600001096725464,0.6650999784469604
YJL170C,YMR298W,0,-3.1397622,0.06677889823913574,0.47600001096725464,0.6651999950408936
YML098W,YAL010C,0,-3.13985,0.06676953285932541,0.47600001096725464,0.6653000116348267
YMR177W,YOR226C,1,-3.1398866,0.06690041720867157,0.47699999809265137,0.6653000116348267
YMR158W,YGR169C,0,-3.139916,0.06689103692770004,0.47699999809265137,0.6654000282287598
YHR160C,YPL083C,0,-3.1401584,0.06688165664672852,0.47699999809265137,0.6654999852180481
YDR021W,YDR389W,0,-3.1405041,0.06687228381633759,0.47699999809265137,0.6656000018119812
YFR021W,YER177W,0,-3.1405783,0.06686291098594666,0.47699999809265137,0.6657000184059143
YPR156C,YGR006W,0,-3.1406386,0.06685353815555573,0.47699999809265137,0.6657999753952026
YBR295W,YOR039W,1,-3.140721,0.06698430329561234,0.4779999852180481,0.6657999753952026
YLR321C,YJL062W,0,-3.1407304,0.06697492301464081,0.4779999852180481,0.6658999919891357
YBL024W,YJR132W,0,-3.1409323,0.06696553528308868,0.4779999852180481,0.6660000085830688
YEL040W,YLR059C,0,-3.1410313,0.06695615500211716,0.4779999852180481,0.666100025177002
YDR499W,YKL006C-A,0,-3.1410508,0.06694678217172623,0.4779999852180481,0.6661999821662903
YNL001W,YBR208C,0,-3.141412,0.0669374018907547,0.4779999852180481,0.6662999987602234
YIL053W,YPR032W,0,-3.1422713,0.06692802906036377,0.4779999852180481,0.6664000153541565
YGL168W,YDR520C,0,-3.1424768,0.06691866368055344,0.4779999852180481,0.6664999723434448
YLR052W,YLL061W,0,-3.1425636,0.0669092908501625,0.4779999852180481,0.6665999889373779
YDL033C,YGR135W,0,-3.14271,0.06689993292093277,0.4779999852180481,0.666700005531311
YJR130C,YNL286W,0,-3.1428092,0.06689056754112244,0.4779999852180481,0.6668000221252441
YOL158C,YMR054W,1,-3.1428802,0.06702112406492233,0.4790000021457672,0.6668000221252441
YHR061C,YKL074C,0,-3.143088,0.0670117512345314,0.4790000021457672,0.6668999791145325
YER175C,YLR361C,0,-3.1431625,0.06700237840414047,0.4790000021457672,0.6669999957084656
YBR198C,YKR002W,0,-3.1431768,0.06699300557374954,0.4790000021457672,0.6671000123023987
YOR061W,YLR047C,1,-3.1431923,0.06712348014116287,0.47999998927116394,0.6671000123023987
YER174C,YKL119C,1,-3.143356,0.06725391745567322,0.48100000619888306,0.6671000123023987
YBR260C,YGR086C,0,-3.1437342,0.0672445148229599,0.48100000619888306,0.6672000288963318
YFR001W,YOR002W,0,-3.1438193,0.06723511219024658,0.48100000619888306,0.6672999858856201
YJR059W,YGL155W,1,-3.144008,0.06736547499895096,0.4819999933242798,0.6672999858856201
YER007W,YHR106W,0,-3.1441824,0.06735606491565704,0.4819999933242798,0.6674000024795532
YML101C,YBL064C,0,-3.144209,0.06734665483236313,0.4819999933242798,0.6675000190734863
YDR009W,YJL127C,0,-3.1443505,0.06733724474906921,0.4819999933242798,0.6675999760627747
YML071C,YHL032C,0,-3.1447916,0.0673278421163559,0.4819999933242798,0.6676999926567078
YDR108W,YMR273C,0,-3.145284,0.06731843203306198,0.4819999933242798,0.6678000092506409
YPL117C,YGR006W,0,-3.1456254,0.06730903685092926,0.4819999933242798,0.667900025844574
YEL029C,YGR143W,0,-3.1459758,0.06729963421821594,0.4819999933242798,0.6679999828338623
YHR041C,YPL213W,0,-3.1463964,0.06729023903608322,0.4819999933242798,0.6680999994277954
YOL103W,YEL032W,0,-3.1464932,0.0672808513045311,0.4819999933242798,0.6682000160217285
YNL054W,YDR086C,0,-3.146512,0.06727145612239838,0.4819999933242798,0.6682999730110168
YJL117W,YPL100W,0,-3.1465814,0.06726206839084625,0.4819999933242798,0.66839998960495
YDL198C,YJR049C,1,-3.14733,0.06739221513271332,0.4830000102519989,0.66839998960495
YNL128W,YMR182C,0,-3.1473758,0.0673828125,0.4830000102519989,0.6685000061988831
YAR031W,YIR015W,0,-3.1475317,0.06737340986728668,0.4830000102519989,0.6686000227928162
YBR296C,YDL146W,0,-3.1476285,0.06736401468515396,0.4830000102519989,0.6686999797821045
YDR022C,YAL053W,0,-3.1477535,0.06735461950302124,0.4830000102519989,0.6687999963760376
YLR107W,YNR045W,0,-3.1478136,0.06734523177146912,0.4830000102519989,0.6689000129699707
YGL172W,YEL019C,0,-3.1478713,0.06733584403991699,0.4830000102519989,0.6690000295639038
YKL040C,YOR332W,1,-3.1479104,0.06746584922075272,0.48399999737739563,0.6690000295639038
YDR179C,YDL148C,0,-3.1480505,0.0674564465880394,0.48399999737739563,0.6690999865531921
YLL022C,YKR089C,0,-3.1483357,0.06744704395532608,0.48399999737739563,0.6692000031471252
YHL038C,YHR004C,0,-3.1490266,0.06743764877319336,0.48399999737739563,0.6693000197410583
YNL250W,YPR155C,0,-3.149606,0.06742825359106064,0.48399999737739563,0.6693999767303467
YKL156W,YHR079C,0,-3.1497242,0.06741885840892792,0.48399999737739563,0.6694999933242798
YFR040W,YGL067W,0,-3.150059,0.0674094706773758,0.48399999737739563,0.6696000099182129
YPL087W,YJL173C,0,-3.150204,0.06740008294582367,0.48399999737739563,0.669700026512146
YDR098C,YOR147W,1,-3.1504104,0.06752993911504745,0.48500001430511475,0.669700026512146
YNL250W,YNL293W,0,-3.1514194,0.06752053648233414,0.48500001430511475,0.6697999835014343
YER038C,YIL132C,0,-3.1516287,0.06751113384962082,0.48500001430511475,0.6699000000953674
YNR041C,YHR165C,0,-3.1517177,0.0675017386674881,0.48500001430511475,0.6700000166893005
YKL124W,YDL170W,0,-3.152995,0.06749234348535538,0.48500001430511475,0.6700999736785889
YJL019W,YLR014C,0,-3.153087,0.06748295575380325,0.48500001430511475,0.670199990272522
YBL035C,YPL127C,0,-3.1534207,0.06747356802225113,0.48500001430511475,0.6703000068664551
YLR215C,YOR070C,0,-3.1535716,0.067464180290699,0.48500001430511475,0.6704000234603882
YLR059C,YIL132C,0,-3.1536286,0.06745480000972748,0.48500001430511475,0.6704999804496765
YDR515W,YPL177C,1,-3.153951,0.06758447736501694,0.4860000014305115,0.6704999804496765
YOR330C,YOR016C,0,-3.1556633,0.06757508218288422,0.4860000014305115,0.6705999970436096
YDR390C,YPR106W,0,-3.1558979,0.0675656870007515,0.4860000014305115,0.6707000136375427
YAL044C,YDR530C,0,-3.156172,0.06755629926919937,0.4860000014305115,0.670799970626831
YLR459W,YGR188C,0,-3.156674,0.06754690408706665,0.4860000014305115,0.6708999872207642
YDR287W,YLR360W,0,-3.157211,0.06753752380609512,0.4860000014305115,0.6710000038146973
YGR189C,YJR118C,0,-3.1573708,0.067528136074543,0.4860000014305115,0.6711000204086304
YHR207C,YKL206C,0,-3.1577075,0.06751875579357147,0.4860000014305115,0.6711999773979187
YPL087W,YOR241W,0,-3.1577246,0.06750937551259995,0.4860000014305115,0.6712999939918518
YPR128C,YKL182W,0,-3.1580057,0.06750000268220901,0.4860000014305115,0.6714000105857849
YML057W,YHR060W,1,-3.1580942,0.06762949377298355,0.4869999885559082,0.6714000105857849
YOR311C,YEL024W,0,-3.1583061,0.06762010604143143,0.4869999885559082,0.671500027179718
YPR120C,YBL068W,0,-3.1583793,0.0676107183098793,0.4869999885559082,0.6715999841690063
YPR083W,YKL003C,0,-3.158405,0.06760133057832718,0.4869999885559082,0.6717000007629395
YLR395C,YLR357W,0,-3.1588843,0.06759195029735565,0.4869999885559082,0.6718000173568726
YHR039C-A,YHR039C-B,1,-3.1589224,0.06772134453058243,0.4880000054836273,0.6718000173568726
YLR432W,YPR128C,0,-3.159075,0.06771194934844971,0.4880000054836273,0.6718999743461609
YDR436W,YOR381W,1,-3.1595638,0.06784128397703171,0.48899999260902405,0.6718999743461609
YOL135C,YBR286W,0,-3.1597092,0.06783187389373779,0.48899999260902405,0.671999990940094
YBR295W,YML006C,1,-3.1598716,0.06796116381883621,0.49000000953674316,0.671999990940094
YMR042W,YJR005W,0,-3.1610105,0.0679517388343811,0.49000000953674316,0.6721000075340271
YNL251C,YLR259C,0,-3.1610317,0.06794232130050659,0.49000000953674316,0.6722000241279602
YLR008C,YIL145C,0,-3.1610682,0.06793289631605148,0.49000000953674316,0.6722999811172485
YFR014C,YHR021C,0,-3.1610951,0.06792347878217697,0.49000000953674316,0.6723999977111816
YPR154W,YDR140W,0,-3.1611044,0.06791406869888306,0.49000000953674316,0.6725000143051147
YJR046W,YGL127C,0,-3.1616638,0.06790465861558914,0.49000000953674316,0.6725999712944031
YLR120C,YDR176W,0,-3.1619723,0.06789524853229523,0.49000000953674316,0.6726999878883362
YJR075W,YIL148W,0,-3.1621308,0.06788583844900131,0.49000000953674316,0.6728000044822693
YDR404C,YHR169W,0,-3.1622193,0.067876435816288,0.49000000953674316,0.6729000210762024
YDR425W,YKL074C,0,-3.1622498,0.06786703318357468,0.49000000953674316,0.6729999780654907
YMR008C,YCL025C,0,-3.1635213,0.06785763800144196,0.49000000953674316,0.6730999946594238
YGR212W,YDL074C,0,-3.1636827,0.06784824281930923,0.49000000953674316,0.6732000112533569
YEL051W,YPL177C,1,-3.164386,0.06797729432582855,0.4909999966621399,0.6732000112533569
YOR054C,YLR447C,1,-3.1644516,0.06810630857944489,0.492000013589859,0.6732000112533569
YNL032W,YPR046W,0,-3.1647408,0.06809688359498978,0.492000013589859,0.67330002784729
YEL027W,YML006C,1,-3.1648805,0.06822585314512253,0.49300000071525574,0.67330002784729
YOR155C,YPR111W,0,-3.164984,0.06821641325950623,0.49300000071525574,0.6733999848365784
YDR108W,YMR184W,0,-3.16523,0.06820697337388992,0.49300000071525574,0.6735000014305115
YOR257W,YER041W,0,-3.1659365,0.06819754093885422,0.49300000071525574,0.6736000180244446
YDR032C,YKL181W,0,-3.1668904,0.06818810850381851,0.49300000071525574,0.6736999750137329
YMR292W,YOL030W,0,-3.166958,0.0681786760687828,0.49300000071525574,0.673799991607666
YIL142W,YDL101C,0,-3.167653,0.0681692510843277,0.49300000071525574,0.6739000082015991
YPL101W,YLR165C,0,-3.1683586,0.06815982609987259,0.49300000071525574,0.6740000247955322
YOR076C,YGL194C,0,-3.1687486,0.06815040111541748,0.49300000071525574,0.6740999817848206
YOL126C,YJL140W,0,-3.1687799,0.06814098358154297,0.49300000071525574,0.6741999983787537
YOR026W,YHR081W,0,-3.1697392,0.06813156604766846,0.49300000071525574,0.6743000149726868
YDR251W,YDL055C,0,-3.17006,0.06812214851379395,0.49300000071525574,0.6743999719619751
YKR052C,YGR063C,0,-3.1703472,0.06811273843050003,0.49300000071525574,0.6744999885559082
YGL213C,YIL133C,0,-3.1703656,0.06810332834720612,0.49300000071525574,0.6746000051498413
YBR170C,YJL186W,0,-3.1704338,0.0680939257144928,0.49300000071525574,0.6747000217437744
YNL081C,YHL011C,0,-3.1711593,0.06808451563119888,0.49300000071525574,0.6747999787330627
YGL018C,YNL098C,0,-3.1713712,0.06807512044906616,0.49300000071525574,0.6748999953269958
YMR041C,YDL171C,0,-3.1714501,0.06806571781635284,0.49300000071525574,0.675000011920929
YOR143C,YGL003C,0,-3.1717637,0.06805632263422012,0.49300000071525574,0.6751000285148621
YLL027W,YDR490C,0,-3.1720803,0.0680469274520874,0.49300000071525574,0.6751999855041504
YBL013W,YMR159C,0,-3.1726806,0.06803753972053528,0.49300000071525574,0.6753000020980835
YGL094C,YGL058W,0,-3.172736,0.06802815198898315,0.49300000071525574,0.6754000186920166
YPL013C,YKL060C,0,-3.1728032,0.06801876425743103,0.49300000071525574,0.6754999756813049
YGR154C,YDR045C,0,-3.1728165,0.0680093839764595,0.49300000071525574,0.675599992275238
YIR019C,YNL288W,0,-3.1734288,0.06800000369548798,0.49300000071525574,0.6757000088691711
YOR085W,YPL138C,0,-3.1737754,0.06799062341451645,0.49300000071525574,0.6758000254631042
YBR272C,YMR297W,0,-3.1742837,0.06798124313354492,0.49300000071525574,0.6758999824523926
YPL178W,YPL022W,0,-3.1749222,0.06797187030315399,0.49300000071525574,0.6759999990463257
YBR289W,YER101C,0,-3.1751854,0.06796250492334366,0.49300000071525574,0.6761000156402588
YGL148W,YJL012C,0,-3.1753066,0.06795313209295273,0.49300000071525574,0.6761999726295471
YNL216W,YOL105C,0,-3.1756184,0.06794377416372299,0.49300000071525574,0.6762999892234802
YGR175C,YGR295C,0,-3.1763804,0.06793440878391266,0.49300000071525574,0.6764000058174133
YOR254C,YPL193W,0,-3.1767776,0.06792505085468292,0.49300000071525574,0.6765000224113464
YNL202W,YAL028W,0,-3.1772292,0.06791569292545319,0.49300000071525574,0.6765999794006348
YPR144C,YGR165W,0,-3.177366,0.06790633499622345,0.49300000071525574,0.6766999959945679
YDR410C,YOR180C,0,-3.1775877,0.06789698451757431,0.49300000071525574,0.676800012588501
YHR184W,YER060W,0,-3.1775882,0.06788763403892517,0.49300000071525574,0.6769000291824341
YOR193W,YNL280C,0,-3.1776648,0.06787828356027603,0.49300000071525574,0.6769999861717224
YNL178W,YHR201C,0,-3.1783228,0.06786894053220749,0.49300000071525574,0.6771000027656555
YAL002W,YPL139C,0,-3.1785042,0.06785959750413895,0.49300000071525574,0.6772000193595886
YOR221C,YDL074C,0,-3.1785498,0.067850261926651,0.49300000071525574,0.677299976348877
YER178W,YMR168C,0,-3.1786764,0.06784092634916306,0.49300000071525574,0.6773999929428101
YBR041W,YDR393W,0,-3.1789968,0.06783159077167511,0.49300000071525574,0.6775000095367432
YCL051W,YLR324W,0,-3.1790767,0.06782225519418716,0.49300000071525574,0.6776000261306763
YOL040C,YNL137C,0,-3.17937,0.06781292706727982,0.49300000071525574,0.6776999831199646
YOR244W,YKL041W,0,-3.1795323,0.06780360639095306,0.49300000071525574,0.6777999997138977
YPL063W,YPL204W,0,-3.1795714,0.06779427826404572,0.49300000071525574,0.6779000163078308
YDR328C,YER174C,1,-3.1797273,0.0679224506020546,0.49399998784065247,0.6779000163078308
YMR043W,YOR090C,0,-3.179835,0.06791311502456665,0.49399998784065247,0.6779999732971191
YNL077W,YKL041W,0,-3.1804774,0.0679037794470787,0.49399998784065247,0.6780999898910522
YOR222W,YLL019C,0,-3.1805432,0.06789444386959076,0.49399998784065247,0.6782000064849854
YLL027W,YBR237W,0,-3.1805792,0.06788511574268341,0.49399998784065247,0.6783000230789185
YBR081C,YPL206C,0,-3.1807234,0.06787578761577606,0.49399998784065247,0.6783999800682068
YDR487C,YDR178W,0,-3.1810234,0.06786646693944931,0.49399998784065247,0.6784999966621399
YMR264W,YKL191W,0,-3.1815827,0.06785714626312256,0.49399998784065247,0.678600013256073
YIL051C,YDR334W,0,-3.1822987,0.0678478255867958,0.49399998784065247,0.6786999702453613
YOL116W,YPL110C,0,-3.1827576,0.06783850491046906,0.49399998784065247,0.6787999868392944
YDL030W,YHR201C,0,-3.183004,0.0678291916847229,0.49399998784065247,0.6789000034332275
YBR031W,YGR135W,0,-3.183396,0.06781987845897675,0.49399998784065247,0.6790000200271606
YIL113W,YDR490C,0,-3.1838143,0.06781057268381119,0.49399998784065247,0.679099977016449
YFL056C,YCR009C,0,-3.1839652,0.06780125945806503,0.49399998784065247,0.6791999936103821
YPL254W,YCR052W,0,-3.1840138,0.06779196113348007,0.49399998784065247,0.6793000102043152
YAL022C,YOL100W,0,-3.1849926,0.06778265535831451,0.49399998784065247,0.6794000267982483
YHR136C,YML049C,0,-3.185424,0.06777335703372955,0.49399998784065247,0.6794999837875366
YOL129W,YDR004W,0,-3.1857178,0.06776405870914459,0.49399998784065247,0.6796000003814697
YOR222W,YBL014C,0,-3.1858652,0.06775476783514023,0.49399998784065247,0.6797000169754028
YPL146C,YGL087C,0,-3.186055,0.06774547696113586,0.49399998784065247,0.6797999739646912
YKL048C,YBL051C,0,-3.1861088,0.0677361860871315,0.49399998784065247,0.6798999905586243
YJL094C,YPL097W,0,-3.1862438,0.06772689521312714,0.49399998784065247,0.6800000071525574
YOL122C,YPR060C,0,-3.1862729,0.06771761178970337,0.49399998784065247,0.6801000237464905
YKL043W,YBR218C,0,-3.186527,0.0677083358168602,0.49399998784065247,0.6801999807357788
YKL186C,YBR276C,0,-3.186927,0.06769905239343643,0.49399998784065247,0.6802999973297119
YDR224C,YDR166C,0,-3.1870935,0.06768977642059326,0.49399998784065247,0.680400013923645
YDR309C,YLR085C,0,-3.187235,0.06768050789833069,0.49399998784065247,0.6804999709129333
YNL212W,YJL174W,0,-3.1875587,0.06767123192548752,0.49399998784065247,0.6805999875068665
YER111C,YDR487C,0,-3.1881654,0.06766196340322495,0.49399998784065247,0.6807000041007996
YPL146C,YOR335C,0,-3.1887238,0.06765269488096237,0.49399998784065247,0.6808000206947327
YBR286W,YDR530C,0,-3.1887677,0.0676434338092804,0.49399998784065247,0.680899977684021
YHL038C,YKL052C,0,-3.1895425,0.06763417273759842,0.49399998784065247,0.6809999942779541
YKL048C,YJL030W,0,-3.18976,0.06762491166591644,0.49399998784065247,0.6811000108718872
YOL069W,YPL007C,0,-3.1902044,0.06761565804481506,0.49399998784065247,0.6812000274658203
YHR194W,YMR243C,1,-3.190375,0.06774325668811798,0.4950000047683716,0.6812000274658203
YDR377W,YPR048W,0,-3.190376,0.06773398816585541,0.4950000047683716,0.6812999844551086
YLR383W,YDR395W,0,-3.191074,0.06772471964359283,0.4950000047683716,0.6814000010490417
YHR025W,YDL065C,0,-3.1912878,0.06771545857191086,0.4950000047683716,0.6815000176429749
YIL124W,YNL044W,0,-3.19173,0.06770619750022888,0.4950000047683716,0.6815999746322632
YNL049C,YPL213W,0,-3.1919901,0.0676969364285469,0.4950000047683716,0.6816999912261963
YPL175W,YJL082W,0,-3.1921594,0.06768768280744553,0.4950000047683716,0.6818000078201294
YLR318W,YMR048W,0,-3.1924767,0.06767842173576355,0.4950000047683716,0.6819000244140625
YBR035C,YPR081C,0,-3.1926,0.06766917556524277,0.4950000047683716,0.6819999814033508
YNL207W,YOR117W,0,-3.1928878,0.06765992194414139,0.4950000047683716,0.6820999979972839
YDR226W,YLR409C,0,-3.1929464,0.0676506757736206,0.4950000047683716,0.682200014591217
YPR188C,YMR019W,0,-3.1930664,0.06764142960309982,0.4950000047683716,0.6822999715805054
YHR154W,YOL055C,0,-3.193658,0.06763219088315964,0.4950000047683716,0.6823999881744385
YPR141C,YKR027W,0,-3.193757,0.06762295216321945,0.4950000047683716,0.6825000047683716
YBR049C,YPR030W,0,-3.1940136,0.06761371344327927,0.4950000047683716,0.6826000213623047
YHR002W,YLR088W,0,-3.1944711,0.06760448217391968,0.4950000047683716,0.682699978351593
YLR074C,YER056C-A,0,-3.19637,0.06759525090456009,0.4950000047683716,0.6827999949455261
YJR033C,YCR044C,1,-3.1967404,0.06772255897521973,0.4959999918937683,0.6827999949455261
YJL056C,YOR129C,1,-3.19779,0.06784982979297638,0.4970000088214874,0.6827999949455261
YER002W,YAL031C,0,-3.1980014,0.0678405687212944,0.4970000088214874,0.6829000115394592
YPR049C,YOL062C,0,-3.1982405,0.06783130764961243,0.4970000088214874,0.6830000281333923
YNL192W,YEL016C,0,-3.1982412,0.06782205402851105,0.4970000088214874,0.6830999851226807
YFR027W,YNL015W,0,-3.1990387,0.06781280040740967,0.4970000088214874,0.6832000017166138
YNL298W,YHR057C,0,-3.1992621,0.06780354678630829,0.4970000088214874,0.6833000183105469
YPL175W,YHR024C,0,-3.1994202,0.0677943006157875,0.4970000088214874,0.6833999752998352
YBR282W,YAR033W,0,-3.199641,0.06778505444526672,0.4970000088214874,0.6834999918937683
YDL231C,YBR168W,0,-3.1998045,0.06777580827474594,0.4970000088214874,0.6836000084877014
YLR353W,YDR527W,0,-3.199833,0.06776656955480576,0.4970000088214874,0.6837000250816345
YLR052W,YPR159W,0,-3.1999168,0.06775733083486557,0.4970000088214874,0.6837999820709229
YEL027W,YJR049C,1,-3.2001708,0.0678844079375267,0.49799999594688416,0.6837999820709229
YBR131W,YKR027W,0,-3.2006617,0.06787515431642532,0.49799999594688416,0.683899998664856
YGR029W,YHR194W,1,-3.2008464,0.06800217926502228,0.49900001287460327,0.683899998664856
YDL240W,YER114C,0,-3.2010193,0.0679929181933403,0.49900001287460327,0.6840000152587891
YLR196W,YGR118W,0,-3.2011232,0.06798364967107773,0.49900001287460327,0.6840999722480774
YCR026C,YGR260W,0,-3.2015986,0.06797438859939575,0.49900001287460327,0.6841999888420105
YMR156C,YAL033W,0,-3.2020276,0.06796513497829437,0.49900001287460327,0.6843000054359436
YBR010W,YMR319C,0,-3.2022886,0.0679558739066124,0.49900001287460327,0.6844000220298767
YBR122C,YLR312W-A,0,-3.2024224,0.06794662028551102,0.49900001287460327,0.684499979019165
YBR010W,YLR359W,0,-3.2024364,0.06793737411499023,0.49900001287460327,0.6845999956130981
YPL224C,YOR226C,1,-3.202453,0.06806425005197525,0.5,0.6845999956130981
YGR223C,YBR164C,0,-3.2026522,0.06805498898029327,0.5,0.6847000122070312
YBL047C,YJL045W,0,-3.203111,0.0680457279086113,0.5,0.6848000288009644
YLR004C,YPL269W,0,-3.2034004,0.06803646683692932,0.5,0.6848999857902527
YDR337W,YLR385C,0,-3.2034733,0.06802721321582794,0.5,0.6850000023841858
YNL183C,YOR297C,0,-3.2034981,0.06801795959472656,0.5,0.6851000189781189
YER112W,YPR054W,0,-3.2036164,0.06800870597362518,0.5,0.6851999759674072
YIL035C,YJL056C,1,-3.2038977,0.06813545525074005,0.5009999871253967,0.6851999759674072
YGL063W,YDR254W,0,-3.2041714,0.06812618672847748,0.5009999871253967,0.6852999925613403
YEL031W,YOR129C,1,-3.2042491,0.06825289130210876,0.5019999742507935,0.6852999925613403
YOR156C,YLR176C,0,-3.2042754,0.068243607878685,0.5019999742507935,0.6854000091552734
YFR033C,YDR004W,0,-3.204445,0.06823433190584183,0.5019999742507935,0.6855000257492065
YGR076C,YDR122W,0,-3.2045312,0.06822506338357925,0.5019999742507935,0.6855999827384949
YDR077W,YNR047W,0,-3.204809,0.06821578741073608,0.5019999742507935,0.685699999332428
YMR017W,YOL003C,0,-3.2050436,0.06820651888847351,0.5019999742507935,0.6858000159263611
YDL240W,YLR380W,0,-3.2050514,0.06819725781679153,0.5019999742507935,0.6858999729156494
YJR040W,YOR079C,1,-3.2053294,0.06832382827997208,0.503000020980835,0.6858999729156494
YDR328C,YMR301C,1,-3.2053401,0.06845036149024963,0.5040000081062317,0.6858999729156494
YER167W,YDL137W,0,-3.2054913,0.06844106316566467,0.5040000081062317,0.6859999895095825
YJL168C,YNL164C,0,-3.2058425,0.06843177229166031,0.5040000081062317,0.6861000061035156
YPL112C,YBR119W,0,-3.2064757,0.06842248141765594,0.5040000081062317,0.6862000226974487
YPL043W,YDR045C,0,-3.207279,0.06841319054365158,0.5040000081062317,0.6862999796867371
YBL007C,YKR103W,0,-3.207279,0.06840390712022781,0.5040000081062317,0.6863999962806702
YLR080W,YDR482C,0,-3.2074811,0.06839462369680405,0.5040000081062317,0.6865000128746033
YDR437W,YOR066W,0,-3.2075355,0.06838534772396088,0.5040000081062317,0.6866000294685364
YGL103W,YLR113W,0,-3.2077303,0.0683760717511177,0.5040000081062317,0.6866999864578247
YOL121C,YKL141W,0,-3.2077851,0.06836679577827454,0.5040000081062317,0.6868000030517578
YGL227W,YHR147C,0,-3.208154,0.06835751980543137,0.5040000081062317,0.6869000196456909
YGL212W,YOL111C,0,-3.2083585,0.06834825128316879,0.5040000081062317,0.6869999766349792
YER174C,YKL080W,1,-3.2087748,0.06847457587718964,0.5049999952316284,0.6869999766349792
YML107C,YBL058W,0,-3.208993,0.06846529245376587,0.5049999952316284,0.6870999932289124
YHR146W,YGL113W,0,-3.2090197,0.0684560090303421,0.5049999952316284,0.6872000098228455
YJL062W,YDR482C,0,-3.2095788,0.06844673305749893,0.5049999952316284,0.6873000264167786
YMR298W,YKL005C,0,-3.209852,0.06843745708465576,0.5049999952316284,0.6873999834060669
YJL044C,YOL141W,0,-3.2098734,0.06842818111181259,0.5049999952316284,0.6875
YDR345C,YLR409C,0,-3.2099497,0.06841891258955002,0.5049999952316284,0.6876000165939331
YLR433C,YHR194W,1,-3.210058,0.06854511052370071,0.5059999823570251,0.6876000165939331
YJL128C,YMR257C,0,-3.2101014,0.06853582710027695,0.5059999823570251,0.6876999735832214
YBR078W,YLR333C,0,-3.2104044,0.06852654367685318,0.5059999823570251,0.6877999901771545
YBR295W,YJR059W,1,-3.210831,0.0686526745557785,0.5070000290870667,0.6877999901771545
YMR033W,YDR265W,0,-3.2109046,0.06864337623119354,0.5070000290870667,0.6879000067710876
YJR068W,YMR297W,0,-3.2109077,0.06863408535718918,0.5070000290870667,0.6880000233650208
YFR037C,YJR084W,0,-3.2113726,0.06862479448318481,0.5070000290870667,0.6880999803543091
YER068W,YAL007C,0,-3.2116554,0.06861551105976105,0.5070000290870667,0.6881999969482422
YHR039C-A,YDL198C,1,-3.211762,0.06874154508113861,0.5080000162124634,0.6881999969482422
YAR015W,YBL038W,0,-3.2126117,0.06873223930597305,0.5080000162124634,0.6883000135421753
YPL183W-A,YLR088W,0,-3.2126553,0.06872294098138809,0.5080000162124634,0.6883999705314636
YBL056W,YDL098C,0,-3.2127235,0.06871365010738373,0.5080000162124634,0.6884999871253967
YKL134C,YKL175W,1,-3.2130463,0.06883960217237473,0.5090000033378601,0.6884999871253967
YPR113W,YDR392W,0,-3.2131126,0.06883028894662857,0.5090000033378601,0.6886000037193298
YPR019W,YAL033W,0,-3.213281,0.06882098317146301,0.5090000033378601,0.6887000203132629
YDL105W,YLL038C,0,-3.2138999,0.06881167739629745,0.5090000033378601,0.6887999773025513
YJL165C,YEL027W,1,-3.214377,0.06893754750490189,0.5099999904632568,0.6887999773025513
YLL001W,YKL021C,0,-3.2145526,0.06892823427915573,0.5099999904632568,0.6888999938964844
YJR033C,YER174C,1,-3.2146966,0.06905405223369598,0.5109999775886536,0.6888999938964844
YBR033W,YDR177W,0,-3.2149382,0.06904472410678864,0.5109999775886536,0.6890000104904175
YPL135W,YMR243C,1,-3.2152731,0.0691704973578453,0.5120000243186951,0.6890000104904175
YOR174W,YDL045W-A,0,-3.2153704,0.06916115432977676,0.5120000243186951,0.6891000270843506
YMR076C,YAL043C,0,-3.2157838,0.06915181130170822,0.5120000243186951,0.6891999840736389
YPL091W,YMR205C,0,-3.2161462,0.06914246827363968,0.5120000243186951,0.689300000667572
YOL066C,YCR105W,0,-3.2163584,0.06913313269615173,0.5120000243186951,0.6894000172615051
YLL021W,YKL024C,0,-3.2163775,0.06912380456924438,0.5120000243186951,0.6894999742507935
YOL104C,YOL067C,0,-3.216412,0.06911446899175644,0.5120000243186951,0.6895999908447266
YOR157C,YDR217C,0,-3.2168055,0.06910514086484909,0.5120000243186951,0.6897000074386597
YOR132W,YMR232W,0,-3.216832,0.06909582018852234,0.5120000243186951,0.6898000240325928
YJL004C,YGL051W,0,-3.2169626,0.06908649206161499,0.5120000243186951,0.6898999810218811
YJL124C,YGR144W,0,-3.21715,0.06907717138528824,0.5120000243186951,0.6899999976158142
YDR427W,YDR479C,0,-3.2171793,0.06906785070896149,0.5120000243186951,0.6901000142097473
YPL203W,YLR024C,0,-3.2175217,0.06905853748321533,0.5120000243186951,0.6901999711990356
YKL173W,YNL006W,0,-3.2175503,0.06904922425746918,0.5120000243186951,0.6902999877929688
YPL186C,YLR304C,0,-3.2175803,0.06903991103172302,0.5120000243186951,0.6904000043869019
YJL030W,YFL013C,0,-3.219266,0.06903060525655746,0.5120000243186951,0.690500020980835
YDL095W,YDL115C,0,-3.2192924,0.0690212994813919,0.5120000243186951,0.6905999779701233
YGR271W,YDR393W,0,-3.2193148,0.06901199370622635,0.5120000243186951,0.6906999945640564
YCR107W,YMR234W,0,-3.2194145,0.06900269538164139,0.5120000243186951,0.6908000111579895
YPR095C,YMR228W,0,-3.219507,0.06899339705705643,0.5120000243186951,0.6909000277519226
YNL073W,YBR180W,0,-3.2196634,0.06898409873247147,0.5120000243186951,0.6909999847412109
YHL034C,YPL089C,0,-3.220787,0.0689748078584671,0.5120000243186951,0.691100001335144
YDR231C,YLR147C,0,-3.2211392,0.06896551698446274,0.5120000243186951,0.6912000179290771
YIL026C,YDR520C,0,-3.2214122,0.06895622611045837,0.5120000243186951,0.6912999749183655
YDR105C,YER041W,0,-3.2216432,0.0689469426870346,0.5120000243186951,0.6913999915122986
YER112W,YJL078C,0,-3.2221425,0.06893765926361084,0.5120000243186951,0.6915000081062317
YOR372C,YBR208C,0,-3.2230575,0.06892837584018707,0.5120000243186951,0.6916000247001648
YJR033C,YDR456W,1,-3.2233562,0.06905370950698853,0.5130000114440918,0.6916000247001648
YKR020W,YHR105W,0,-3.2234876,0.06904441118240356,0.5130000114440918,0.6916999816894531
YNL091W,YOL093W,0,-3.2237532,0.0690351203083992,0.5130000114440918,0.6917999982833862
YBR279W,YML124C,0,-3.2243893,0.06902583688497543,0.5130000114440918,0.6919000148773193
YDR247W,YJL034W,0,-3.22469,0.06901654601097107,0.5130000114440918,0.6919999718666077
YLR260W,YGL158W,0,-3.2261856,0.0690072625875473,0.5130000114440918,0.6920999884605408
YBR212W,YIL115C,0,-3.2263544,0.06899797916412354,0.5130000114440918,0.6922000050544739
YNL102W,YLR203C,0,-3.226991,0.06898870319128036,0.5130000114440918,0.692300021648407
YIL062C,YER048W-A,0,-3.2272308,0.0689794272184372,0.5130000114440918,0.6923999786376953
YJL196C,YGR006W,0,-3.2274919,0.06897015124559402,0.5130000114440918,0.6924999952316284
YDR238C,YKR055W,0,-3.227605,0.06896088272333145,0.5130000114440918,0.6926000118255615
YNL130C,YLR120C,0,-3.2282813,0.06895161420106888,0.5130000114440918,0.6927000284194946
YNL055C,YKL149C,0,-3.2285738,0.0689423456788063,0.5130000114440918,0.692799985408783
YLR103C,YGL028C,0,-3.228635,0.06893308460712433,0.5130000114440918,0.6929000020027161
YJL098W,YKL172W,0,-3.2289994,0.06892382353544235,0.5130000114440918,0.6930000185966492
YER023W,YOR172W,0,-3.2292085,0.06891456246376038,0.5130000114440918,0.6930999755859375
YDL123W,YGL093W,0,-3.2292502,0.068905308842659,0.5130000114440918,0.6931999921798706
YBR237W,YDR329C,0,-3.229324,0.06889605522155762,0.5130000114440918,0.6933000087738037
YLR047C,YDR151C,1,-3.2293456,0.0690210834145546,0.5139999985694885,0.6933000087738037
YDR159W,YOR150W,0,-3.229387,0.06901181489229202,0.5139999985694885,0.6934000253677368
YJR102C,YHR193C,0,-3.229409,0.06900255382061005,0.5139999985694885,0.6934999823570251
YHL038C,YML124C,0,-3.2300334,0.06899328529834747,0.5139999985694885,0.6935999989509583
YDR116C,YMR194W,0,-3.2300537,0.0689840316772461,0.5139999985694885,0.6937000155448914
YNL158W,YOL111C,0,-3.2303483,0.06897477060556412,0.5139999985694885,0.6937999725341797
YFR005C,YHL027W,0,-3.2306921,0.06896551698446274,0.5139999985694885,0.6938999891281128
YLR452C,YDR052C,0,-3.2308319,0.06895626336336136,0.5139999985694885,0.6940000057220459
YMR038C,YPR070W,0,-3.2311316,0.06894701719284058,0.5139999985694885,0.694100022315979
YNL160W,YBR082C,0,-3.2311618,0.0689377710223198,0.5139999985694885,0.6941999793052673
YCR046C,YLR183C,0,-3.23117,0.06892852485179901,0.5139999985694885,0.6942999958992004
YLR430W,YCL064C,0,-3.231259,0.06891927868127823,0.5139999985694885,0.6944000124931335
YML132W,YJL165C,1,-3.231273,0.06904410570859909,0.5149999856948853,0.6944000124931335
YPL224C,YJL056C,1,-3.2314942,0.06916890293359756,0.515999972820282,0.6944000124931335
YHR110W,YOR250C,0,-3.2315695,0.0691596269607544,0.515999972820282,0.6945000290870667
YGR101W,YDR318W,0,-3.2324297,0.06915035843849182,0.515999972820282,0.694599986076355
YPL208W,YHL019C,0,-3.232669,0.06914109736680984,0.515999972820282,0.6947000026702881
YLR214W,YMR091C,0,-3.2327573,0.06913183629512787,0.515999972820282,0.6948000192642212
YNL292W,YMR298W,0,-3.2328722,0.06912257522344589,0.515999972820282,0.6948999762535095
YPL161C,YBL008W,0,-3.2332244,0.06911331415176392,0.515999972820282,0.6949999928474426
YOR098C,YPL063W,0,-3.2334964,0.06910406053066254,0.515999972820282,0.6951000094413757
YOR192C,YNL029C,0,-3.2336204,0.06909480690956116,0.515999972820282,0.6952000260353088
YOR317W,YBR001C,0,-3.234471,0.06908555328845978,0.515999972820282,0.6952999830245972
YLR452C,YMR076C,0,-3.2353394,0.069076307117939,0.515999972820282,0.6953999996185303
YPR034W,YLR100W,0,-3.2355216,0.06906706094741821,0.515999972820282,0.6955000162124634
YML012W,YPL104W,0,-3.2356734,0.06905781477689743,0.515999972820282,0.6955999732017517
YPR149W,YJL083W,0,-3.2357056,0.06904857605695724,0.515999972820282,0.6956999897956848
YDL198C,YOR079C,1,-3.2357256,0.06917313486337662,0.5170000195503235,0.6956999897956848
YGR101W,YIL120W,0,-3.2357614,0.06916388124227524,0.5170000195503235,0.6958000063896179
YGL093W,YHL036W,0,-3.23585,0.06915462762117386,0.5170000195503235,0.695900022983551
YPR024W,YOR373W,0,-3.2361708,0.06914538145065308,0.5170000195503235,0.6959999799728394
YNL206C,YPL022W,0,-3.2363389,0.0691361352801323,0.5170000195503235,0.6960999965667725
YLR047C,YDR456W,1,-3.2368715,0.0692605972290039,0.5180000066757202,0.6960999965667725
YOR151C,YMR286W,0,-3.2369843,0.06925133615732193,0.5180000066757202,0.6962000131607056
YLR429W,YDR224C,0,-3.2373166,0.06924208253622055,0.5180000066757202,0.6963000297546387
YEL021W,YML077W,0,-3.2378418,0.06923282891511917,0.5180000066757202,0.696399986743927
YDR436W,YOR079C,1,-3.2379787,0.06935720890760422,0.5189999938011169,0.696399986743927
YKL119C,YDR205W,1,-3.2382424,0.06948155909776688,0.5199999809265137,0.696399986743927
YOL059W,YLR396C,0,-3.2384975,0.06947227567434311,0.5199999809265137,0.6965000033378601
YDL045W-A,YMR112C,0,-3.2385108,0.06946299970149994,0.5199999809265137,0.6966000199317932
YBL082C,YPL042C,0,-3.2385871,0.06945371627807617,0.5199999809265137,0.6966999769210815
YOR004W,YDR086C,0,-3.2387407,0.0694444477558136,0.5199999809265137,0.6967999935150146
YGR202C,YLR006C,0,-3.238994,0.06943517178297043,0.5199999809265137,0.6969000101089478
YGL212W,YJL030W,0,-3.2391546,0.06942590326070786,0.5199999809265137,0.6970000267028809
YDL198C,YMR243C,1,-3.2393,0.06955012679100037,0.5210000276565552,0.6970000267028809
YPL078C,YBR301W,0,-3.2395136,0.0695408433675766,0.5210000276565552,0.6970999836921692
YHR066W,YGR034W,0,-3.2395396,0.06953155994415283,0.5210000276565552,0.6972000002861023
YPL154C,YBL005W,0,-3.239543,0.06952228397130966,0.5210000276565552,0.6973000168800354
YPL196W,YJL030W,0,-3.2395456,0.06951300799846649,0.5210000276565552,0.6973999738693237
YDR358W,YKL085W,0,-3.2395704,0.06950373202562332,0.5210000276565552,0.6974999904632568
YOL051W,YGL200C,0,-3.2396057,0.06949446350336075,0.5210000276565552,0.6976000070571899
YJR108W,YBL080C,0,-3.2398026,0.06948519498109818,0.5210000276565552,0.697700023651123
YMR150C,YER161C,0,-3.2398546,0.0694759264588356,0.5210000276565552,0.6977999806404114
YDL117W,YGL092W,0,-3.240103,0.06946666538715363,0.5210000276565552,0.6978999972343445
YIR009W,YOL102C,0,-3.2402217,0.06945740431547165,0.5210000276565552,0.6980000138282776
YDR120C,YMR013C,0,-3.240475,0.06944815069437027,0.5210000276565552,0.6980999708175659
YGL049C,YGR003W,0,-3.2405362,0.0694388896226883,0.5210000276565552,0.698199987411499
YER023W,YPL064C,0,-3.2411036,0.06942963600158691,0.5210000276565552,0.6983000040054321
YOR242C,YKR083C,0,-3.2417347,0.06942038983106613,0.5210000276565552,0.6984000205993652
YLR190W,YPL137C,0,-3.2417777,0.06941113620996475,0.5210000276565552,0.6984999775886536
YOL080C,YDR054C,0,-3.2420907,0.06940189003944397,0.5210000276565552,0.6985999941825867
YOR054C,YGR029W,1,-3.2421844,0.0695258378982544,0.5220000147819519,0.6985999941825867
YEL027W,YHR060W,1,-3.2423303,0.06964975595474243,0.5230000019073486,0.6985999941825867
YLR038C,YDR265W,0,-3.2427614,0.06964047998189926,0.5230000019073486,0.6987000107765198
YOR182C,YDL137W,0,-3.242839,0.06963120400905609,0.5230000019073486,0.6988000273704529
YPR106W,YDR483W,0,-3.2428963,0.06962193548679352,0.5230000019073486,0.6988999843597412
YJL168C,YFL049W,0,-3.2431657,0.06961267441511154,0.5230000019073486,0.6990000009536743
YNL307C,YGL122C,0,-3.2432077,0.06960340589284897,0.5230000019073486,0.6991000175476074
YEL050C,YOR253W,0,-3.2433598,0.06959414482116699,0.5230000019073486,0.6991999745368958
YMR177W,YPL177C,1,-3.2435126,0.06971793621778488,0.5239999890327454,0.6991999745368958
YDL045W-A,YJL180C,0,-3.2443511,0.06970866024494171,0.5239999890327454,0.6992999911308289
YAL026C,YGL087C,0,-3.2444556,0.06969939172267914,0.5239999890327454,0.699400007724762
YKL180W,YFL038C,0,-3.2447488,0.06969011574983597,0.5239999890327454,0.6995000243186951
YEL001C,YDR057W,0,-3.2448094,0.06968085467815399,0.5239999890327454,0.6995999813079834
YLR383W,YDR362C,0,-3.2450693,0.06967158615589142,0.5239999890327454,0.6996999979019165
YNL251C,YOL026C,0,-3.2452404,0.06966232508420944,0.5239999890327454,0.6998000144958496
YMR037C,YPL076W,0,-3.2453084,0.06965306401252747,0.5239999890327454,0.6998999714851379
YDR320C-A,YNL149C,0,-3.2453887,0.06964380294084549,0.5239999890327454,0.699999988079071
YJR040W,YDR495C,1,-3.2454402,0.06976744532585144,0.5249999761581421,0.699999988079071
YEL020W-A,YNL110C,0,-3.2456787,0.06975816935300827,0.5249999761581421,0.7001000046730042
YFR025C,YDR039C,0,-3.2457368,0.0697489008307457,0.5249999761581421,0.7002000212669373
YGL067W,YNL031C,0,-3.2458065,0.06973963975906372,0.5249999761581421,0.7002999782562256
YIL037C,YMR257C,0,-3.2458518,0.06973037868738174,0.5249999761581421,0.7003999948501587
YGL106W,YOR288C,0,-3.2463562,0.06972111761569977,0.5249999761581421,0.7005000114440918
YEL051W,YHR194W,1,-3.2465422,0.06984464079141617,0.5260000228881836,0.7005000114440918
YOR026W,YGR178C,0,-3.2470348,0.0698353722691536,0.5260000228881836,0.7006000280380249
YHR160C,YDR437W,0,-3.2473686,0.06982609629631042,0.5260000228881836,0.7006999850273132
YAL017W,YGR081C,0,-3.2475939,0.06981682777404785,0.5260000228881836,0.7008000016212463
YMR203W,YHR136C,0,-3.248637,0.06980756670236588,0.5260000228881836,0.7009000182151794
YKL164C,YER019C-A,0,-3.2486744,0.0697982981801033,0.5260000228881836,0.7009999752044678
YDR165W,YJL183W,0,-3.2487166,0.06978903710842133,0.5260000228881836,0.7010999917984009
YGL163C,YJL071W,0,-3.2491019,0.06977978348731995,0.5260000228881836,0.701200008392334
YOR179C,YOL076W,0,-3.2491753,0.06977052986621857,0.5260000228881836,0.7013000249862671
YBR164C,YLR187W,0,-3.2494056,0.06976127624511719,0.5260000228881836,0.7013999819755554
YJL109C,YDL145C,0,-3.2495701,0.06975202262401581,0.5260000228881836,0.7014999985694885
YBR037C,YML091C,0,-3.2496843,0.06974277645349503,0.5260000228881836,0.7016000151634216
YJR135C,YLR086W,0,-3.2498405,0.06973353028297424,0.5260000228881836,0.70169997215271
YBR245C,YNL301C,0,-3.2504008,0.06972428411245346,0.5260000228881836,0.7017999887466431
YPR156C,YBR112C,0,-3.2505746,0.06971504539251328,0.5260000228881836,0.7019000053405762
YIL042C,YDR201W,0,-3.2508109,0.06970580667257309,0.5260000228881836,0.7020000219345093
YOR192C,YDR121W,0,-3.2509062,0.0696965679526329,0.5260000228881836,0.7020999789237976
YDR107C,YJL180C,0,-3.250934,0.06968733668327332,0.5260000228881836,0.7021999955177307
YDR140W,YER142C,0,-3.2514038,0.06967810541391373,0.5260000228881836,0.7023000121116638
YLR103C,YIR025W,0,-3.251483,0.06966887414455414,0.5260000228881836,0.7024000287055969
YDR138W,YGR058W,0,-3.2516646,0.06965965032577515,0.5260000228881836,0.7024999856948853
YGR282C,YPR108W,0,-3.2517076,0.06965042650699615,0.5260000228881836,0.7026000022888184
YBR268W,YKR103W,0,-3.251712,0.06964120268821716,0.5260000228881836,0.7027000188827515
YLR183C,YOR232W,0,-3.2519634,0.06963198632001877,0.5260000228881836,0.7027999758720398
YNL158W,YGL243W,0,-3.2522764,0.06962276995182037,0.5260000228881836,0.7028999924659729
YHR039C-A,YML132W,1,-3.2523787,0.06974589824676514,0.5270000100135803,0.7028999924659729
YLR430W,YEL016C,0,-3.2527926,0.06973666697740555,0.5270000100135803,0.703000009059906
YPL213W,YOR386W,0,-3.2530375,0.06972744315862656,0.5270000100135803,0.7031000256538391
YOL019W,YMR297W,0,-3.2547789,0.06971821933984756,0.5270000100135803,0.7031999826431274
YDR028C,YOL031C,0,-3.2552583,0.06970899552106857,0.5270000100135803,0.7032999992370605
YOL129W,YGL045W,0,-3.255791,0.06969977170228958,0.5270000100135803,0.7034000158309937
YPR133C,YHR037W,0,-3.2559326,0.06969055533409119,0.5270000100135803,0.703499972820282
YAL058W,YNL038W,0,-3.2570617,0.06968134641647339,0.5270000100135803,0.7035999894142151
YGL222C,YJR084W,0,-3.2570944,0.069672130048275,0.5270000100135803,0.7037000060081482
YOR026W,YLL004W,0,-3.257097,0.0696629211306572,0.5270000100135803,0.7038000226020813
YJR118C,YER149C,0,-3.2572453,0.0696537122130394,0.5270000100135803,0.7038999795913696
YAL002W,YKL013C,0,-3.2573004,0.0696445107460022,0.5270000100135803,0.7039999961853027
YDL136W,YPR028W,0,-3.2574868,0.069635309278965,0.5270000100135803,0.7041000127792358
YJR101W,YNL292W,0,-3.2575526,0.0696261078119278,0.5270000100135803,0.704200029373169
YDL035C,YHL025W,0,-3.2579856,0.0696169063448906,0.5270000100135803,0.7042999863624573
YPL017C,YKR069W,0,-3.2582428,0.06960771232843399,0.5270000100135803,0.7044000029563904
YIL120W,YOR217W,0,-3.2584336,0.06959851831197739,0.5270000100135803,0.7045000195503235
YLR228C,YGR221C,0,-3.2586887,0.06958933174610138,0.5270000100135803,0.7045999765396118
YEL015W,YPL155C,0,-3.2606435,0.06958014518022537,0.5270000100135803,0.7046999931335449
YDR046C,YKR038C,0,-3.2606912,0.06957095861434937,0.5270000100135803,0.704800009727478
YNL216W,YKL078W,0,-3.2612593,0.06956177204847336,0.5270000100135803,0.7049000263214111
YLR390W,YOR351C,0,-3.2613556,0.06955259293317795,0.5270000100135803,0.7049999833106995
YBR243C,YHR150W,0,-3.2615333,0.06954341381788254,0.5270000100135803,0.7050999999046326
YML052W,YIL009W,0,-3.2625477,0.06953424215316772,0.5270000100135803,0.7052000164985657
YGL016W,YML097C,0,-3.26269,0.06952506303787231,0.5270000100135803,0.705299973487854
YDR212W,YPL140C,0,-3.2628334,0.0695158913731575,0.5270000100135803,0.7053999900817871
YIL159W,YLR360W,0,-3.263554,0.06950672715902328,0.5270000100135803,0.7055000066757202
YBR295W,YJR104C,1,-3.2641516,0.06962943077087402,0.527999997138977,0.7055000066757202
YFR010W,YIL130W,0,-3.2643783,0.06962025165557861,0.527999997138977,0.7056000232696533
YMR042W,YJR119C,0,-3.2645414,0.0696110725402832,0.527999997138977,0.7056999802589417
YKL022C,YOL061W,0,-3.264615,0.06960190087556839,0.527999997138977,0.7057999968528748
YKR035W-A,YJR006W,0,-3.264828,0.06959272176027298,0.527999997138977,0.7059000134468079
YDL080C,YOR326W,0,-3.2649415,0.06958355009555817,0.527999997138977,0.7059999704360962
YFR025C,YML095C,0,-3.2652404,0.06957438588142395,0.527999997138977,0.7060999870300293
YNL278W,YDR499W,0,-3.2659762,0.06956521421670914,0.527999997138977,0.7062000036239624
YNR010W,YNL036W,0,-3.2660553,0.06955605000257492,0.527999997138977,0.7063000202178955
YDL108W,YDR009W,0,-3.2666297,0.0695468932390213,0.527999997138977,0.7063999772071838
YPL013C,YNR030W,0,-3.2669919,0.06953772902488708,0.527999997138977,0.7064999938011169
YHR047C,YKL045W,0,-3.2673512,0.06952857226133347,0.527999997138977,0.70660001039505
YMR223W,YOR320C,0,-3.2680957,0.06951942294836044,0.527999997138977,0.7067000269889832
YOL155C,YML067C,0,-3.2681882,0.06951026618480682,0.527999997138977,0.7067999839782715
YDR435C,YMR267W,0,-3.2684662,0.0695011168718338,0.527999997138977,0.7069000005722046
YJR036C,YJL141C,0,-3.268729,0.06949197500944138,0.527999997138977,0.7070000171661377
YPR118W,YDR371W,0,-3.2687933,0.06948282569646835,0.527999997138977,0.707099974155426
YKR085C,YGL253W,0,-3.2691739,0.06947368383407593,0.527999997138977,0.7071999907493591
YJL178C,YNL251C,0,-3.2694492,0.0694645419716835,0.527999997138977,0.7073000073432922
YPR048W,YCR092C,0,-3.2694666,0.06945540755987167,0.527999997138977,0.7074000239372253
YOR027W,YLR403W,0,-3.2698913,0.06944627314805984,0.527999997138977,0.7074999809265137
YPR034W,YGL004C,0,-3.2699108,0.06943713873624802,0.527999997138977,0.7075999975204468
YJL080C,YDL148C,0,-3.2705414,0.06942800432443619,0.527999997138977,0.7077000141143799
YBR251W,YPR128C,0,-3.2705538,0.06941887736320496,0.527999997138977,0.7077999711036682
YLR417W,YML074C,0,-3.270747,0.06940975785255432,0.527999997138977,0.7078999876976013
YNL322C,YFL039C,0,-3.2708561,0.06940063089132309,0.527999997138977,0.7080000042915344
YHR017W,YER095W,0,-3.271057,0.06939151138067245,0.527999997138977,0.7081000208854675
YDR087C,YLR145W,0,-3.2713597,0.06938239187002182,0.527999997138977,0.7081999778747559
YBL034C,YDR454C,0,-3.2714603,0.06937327235937119,0.527999997138977,0.708299994468689
YKR035W-A,YOR347C,0,-3.271669,0.06936416029930115,0.527999997138977,0.7084000110626221
YGR078C,YNR011C,0,-3.2722213,0.06935504823923111,0.527999997138977,0.7085000276565552
YGR221C,YKR058W,0,-3.2724414,0.06934594362974167,0.527999997138977,0.7085999846458435
YDR078C,YPL083C,0,-3.2733684,0.06933683156967163,0.527999997138977,0.7087000012397766
YDL128W,YNL259C,1,-3.2735932,0.06945903599262238,0.5289999842643738,0.7087000012397766
YDR414C,YDR284C,0,-3.2736604,0.06944991648197174,0.5289999842643738,0.7088000178337097
YDR087C,YML043C,0,-3.2736633,0.0694407969713211,0.5289999842643738,0.708899974822998
YJL112W,YPL115C,0,-3.2742379,0.06943168491125107,0.5289999842643738,0.7089999914169312
YJL001W,YMR065W,0,-3.2745044,0.06942257285118103,0.5289999842643738,0.7091000080108643
YFR032C-A,YPR163C,0,-3.2749093,0.06941346079111099,0.5289999842643738,0.7092000246047974
YDR499W,YJR117W,0,-3.2749727,0.06940435618162155,0.5289999842643738,0.7092999815940857
YLR172C,YLR085C,0,-3.2754447,0.06939525157213211,0.5289999842643738,0.7093999981880188
YLR228C,YHR133C,0,-3.2758515,0.06938614696264267,0.5289999842643738,0.7095000147819519
YIL095W,YBR125C,0,-3.275996,0.06937704980373383,0.5289999842643738,0.7095999717712402
YHR074W,YPL226W,0,-3.2760026,0.06936795264482498,0.5289999842643738,0.7096999883651733
YOR267C,YPL135W,1,-3.276223,0.0694899708032608,0.5299999713897705,0.7096999883651733
YNL192W,YOL096C,0,-3.2764943,0.06948085874319077,0.5299999713897705,0.7098000049591064
YJL110C,YMR078C,0,-3.2766833,0.06947175413370132,0.5299999713897705,0.7099000215530396
YHR167W,YDR437W,0,-3.2769606,0.06946264952421188,0.5299999713897705,0.7099999785423279
YLR176C,YDR363W-A,0,-3.277469,0.06945354491472244,0.5299999713897705,0.710099995136261
YIL123W,YOR046C,0,-3.2779639,0.0694444477558136,0.5299999713897705,0.7102000117301941
YBR281C,YER053C,0,-3.2783892,0.06943534314632416,0.5299999713897705,0.7103000283241272
YGL105W,YJL168C,0,-3.278468,0.06942625343799591,0.5299999713897705,0.7103999853134155
YDL084W,YGR178C,0,-3.2785094,0.06941715627908707,0.5299999713897705,0.7105000019073486
YJR032W,YOL007C,0,-3.27864,0.06940806657075882,0.5299999713897705,0.7106000185012817
YDR244W,YKL138C,0,-3.278806,0.06939897686243057,0.5299999713897705,0.7106999754905701
YPR008W,YGR208W,0,-3.2788718,0.06938989460468292,0.5299999713897705,0.7107999920845032
YHR149C,YMR302C,0,-3.2790668,0.06938081234693527,0.5299999713897705,0.7109000086784363
YPR036W,YHR194W,1,-3.2792156,0.06950261443853378,0.531000018119812,0.7109000086784363
YHR129C,YDR510W,0,-3.2796485,0.06949352473020554,0.531000018119812,0.7110000252723694
YIL143C,YDR398W,0,-3.2800667,0.06948442757129669,0.531000018119812,0.7110999822616577
YER093C,YMR300C,0,-3.2803102,0.06947533786296844,0.531000018119812,0.7111999988555908
YLR212C,YHL031C,0,-3.2804854,0.0694662481546402,0.531000018119812,0.7113000154495239
YDL006W,YBL068W,0,-3.280681,0.06945715844631195,0.531000018119812,0.7113999724388123
YGL090W,YDR251W,0,-3.2808392,0.0694480761885643,0.531000018119812,0.7114999890327454
YKL079W,YOR066W,0,-3.2813957,0.06943899393081665,0.531000018119812,0.7116000056266785
YGL115W,YAL008W,0,-3.2814927,0.0694299191236496,0.531000018119812,0.7117000222206116
YKL166C,YLR097C,0,-3.2817023,0.06942083686590195,0.531000018119812,0.7117999792098999
YHR147C,YDR471W,0,-3.2821362,0.0694117620587349,0.531000018119812,0.711899995803833
YDR419W,YIL046W,0,-3.2823384,0.06940269470214844,0.531000018119812,0.7120000123977661
YNL238W,YGL064C,0,-3.2824807,0.06939361989498138,0.531000018119812,0.7121000289916992
YDR365C,YDR003W,0,-3.2830272,0.06938455253839493,0.531000018119812,0.7121999859809875
YOR068C,YGR212W,0,-3.2832873,0.06937549263238907,0.531000018119812,0.7123000025749207
YDR516C,YOR176W,0,-3.2834384,0.06936642527580261,0.531000018119812,0.7124000191688538
YDL189W,YDR177W,0,-3.283507,0.06935736536979675,0.531000018119812,0.7124999761581421
YGL256W,YIL109C,0,-3.2836006,0.0693483054637909,0.531000018119812,0.7125999927520752
YLR383W,YKL052C,0,-3.2837553,0.06933925300836563,0.531000018119812,0.7127000093460083
YML034W,YHL024W,0,-3.2841382,0.06933020055294037,0.531000018119812,0.7128000259399414
YKL150W,YPL193W,0,-3.284866,0.0693211480975151,0.531000018119812,0.7128999829292297
YHL016C,YGL251C,0,-3.2851455,0.06931210309267044,0.531000018119812,0.7129999995231628
YBL025W,YBL085W,0,-3.285343,0.06930305063724518,0.531000018119812,0.713100016117096
YGL019W,YML057W,1,-3.2855945,0.06942451000213623,0.5320000052452087,0.713100016117096
YKL196C,YMR322C,0,-3.2856216,0.06941545009613037,0.5320000052452087,0.7131999731063843
YOR226C,YDR376W,1,-3.285623,0.06953685730695724,0.5329999923706055,0.7131999731063843
YCR093W,YIL115C,0,-3.2858362,0.06952778249979019,0.5329999923706055,0.7132999897003174
YJL162C,YLR353W,0,-3.285854,0.06951871514320374,0.5329999923706055,0.7134000062942505
YOR209C,YOR341W,0,-3.2858593,0.06950964778661728,0.5329999923706055,0.7135000228881836
YDR373W,YMR211W,0,-3.2862012,0.06950058788061142,0.5329999923706055,0.7135999798774719
YIL034C,YBL026W,0,-3.2868958,0.06949152797460556,0.5329999923706055,0.713699996471405
YMR139W,YDL195W,0,-3.287018,0.0694824680685997,0.5329999923706055,0.7138000130653381
YKL059C,YHR164C,0,-3.2873666,0.06947340816259384,0.5329999923706055,0.7139000296592712
YPL218W,YLR079W,0,-3.287567,0.06946435570716858,0.5329999923706055,0.7139999866485596
YER176W,YFL048C,0,-3.2876594,0.06945530325174332,0.5329999923706055,0.7141000032424927
YJL059W,YJL129C,1,-3.2877991,0.06957654654979706,0.5339999794960022,0.7141000032424927
YDR328C,YLR433C,1,-3.288032,0.06969776004552841,0.5350000262260437,0.7141000032424927
YPR152C,YPL208W,0,-3.2883384,0.06968867778778076,0.5350000262260437,0.7142000198364258
YMR089C,YDR032C,0,-3.288854,0.06967960298061371,0.5350000262260437,0.7142999768257141
YKL201C,YNL173C,0,-3.2895987,0.06967052817344666,0.5350000262260437,0.7143999934196472
YGR181W,YGL189C,0,-3.2897308,0.0696614608168602,0.5350000262260437,0.7145000100135803
YGR094W,YLR459W,0,-3.2901165,0.06965238600969315,0.5350000262260437,0.7146000266075134
YBR202W,YLL019C,0,-3.2903678,0.06964331865310669,0.5350000262260437,0.7146999835968018
YLL003W,YCR065W,0,-3.290696,0.06963425874710083,0.5350000262260437,0.7148000001907349
YIR023W,YPR138C,0,-3.2907262,0.06962519884109497,0.5350000262260437,0.714900016784668
YLR450W,YHR179W,0,-3.291236,0.06961613893508911,0.5350000262260437,0.7149999737739563
YIL035C,YOR079C,1,-3.2913382,0.06973718106746674,0.5360000133514404,0.7149999737739563
YPR028W,YJR060W,0,-3.2917073,0.06972811371088028,0.5360000133514404,0.7150999903678894
YGL173C,YNL172W,0,-3.2919934,0.06971904635429382,0.5360000133514404,0.7152000069618225
YER129W,YIL148W,0,-3.29203,0.06970997899770737,0.5360000133514404,0.7153000235557556
YKL164C,YMR318C,0,-3.2922556,0.06970091164112091,0.5360000133514404,0.715399980545044
YNL284C,YKL021C,0,-3.2925198,0.06969184428453445,0.5360000133514404,0.715499997138977
YDR443C,YGR220C,0,-3.2927806,0.0696827843785286,0.5360000133514404,0.7156000137329102
YOR113W,YKL179C,0,-3.2931805,0.06967373192310333,0.5360000133514404,0.7156999707221985
YLR452C,YPL204W,0,-3.2936819,0.06966467201709747,0.5360000133514404,0.7157999873161316
YGR134W,YHL006C,0,-3.2937071,0.06965561956167221,0.5360000133514404,0.7159000039100647
YFR033C,YBR001C,0,-3.293924,0.06964656710624695,0.5360000133514404,0.7160000205039978
YGL196W,YGR263C,0,-3.2940018,0.06963752210140228,0.5360000133514404,0.7160999774932861
YML070W,YOR320C,0,-3.2941024,0.06962847709655762,0.5360000133514404,0.7161999940872192
YDR069C,YGL196W,0,-3.2942145,0.06961943209171295,0.5360000133514404,0.7163000106811523
YKR050W,YOR381W,1,-3.2947147,0.06974025815725327,0.5370000004768372,0.7163000106811523
YKR050W,YDR456W,1,-3.2947807,0.06986105442047119,0.5379999876022339,0.7163000106811523
YOL116W,YCL067C,0,-3.2950406,0.06985198706388474,0.5379999876022339,0.7164000272750854
YOR191W,YAL041W,0,-3.2953436,0.06984291970729828,0.5379999876022339,0.7164999842643738
YPL031C,YPL061W,0,-3.295491,0.06983385235071182,0.5379999876022339,0.7166000008583069
YLR026C,YML060W,0,-3.2956326,0.06982479244470596,0.5379999876022339,0.71670001745224
YPL224C,YML006C,1,-3.295744,0.06994549930095673,0.5389999747276306,0.71670001745224
YGR010W,YJL133W,0,-3.2958438,0.06993642449378967,0.5389999747276306,0.7167999744415283
YDR107C,YER060W,0,-3.2960382,0.06992734968662262,0.5389999747276306,0.7168999910354614
YOR230W,YEL001C,0,-3.2961435,0.06991827487945557,0.5389999747276306,0.7170000076293945
YMR257C,YLR291C,0,-3.29635,0.06990920752286911,0.5389999747276306,0.7171000242233276
YPR152C,YAL034W-A,0,-3.2964494,0.06990014016628265,0.5389999747276306,0.717199981212616
YNL175C,YBL058W,0,-3.2964628,0.0698910802602768,0.5389999747276306,0.7172999978065491
YLR440C,YDL209C,0,-3.2965105,0.06988202035427094,0.5389999747276306,0.7174000144004822
YDR529C,YLR085C,0,-3.2965522,0.06987296044826508,0.5389999747276306,0.7174999713897705
YML006C,YHR194W,1,-3.2969167,0.0699935182929039,0.5400000214576721,0.7174999713897705
YDR168W,YPR118W,0,-3.2969942,0.06998445093631744,0.5400000214576721,0.7175999879837036
YOR257W,YKL210W,0,-3.2973173,0.06997537612915039,0.5400000214576721,0.7177000045776367
YMR256C,YEL015W,0,-3.2973225,0.06996631622314453,0.5400000214576721,0.7178000211715698
YDR083W,YNL032W,0,-3.2973487,0.06995724886655807,0.5400000214576721,0.7178999781608582
YGR217W,YPR055W,0,-3.2974389,0.06994818896055222,0.5400000214576721,0.7179999947547913
YJL082W,YLR105C,0,-3.2981055,0.06993912905454636,0.5400000214576721,0.7181000113487244
YMR033W,YKL164C,0,-3.298144,0.0699300691485405,0.5400000214576721,0.7182000279426575
YBR247C,YOR335C,0,-3.2981675,0.06992101669311523,0.5400000214576721,0.7182999849319458
YJR053W,YPR030W,0,-3.2986305,0.06991196423768997,0.5400000214576721,0.7184000015258789
YDL160C,YMR302C,0,-3.298648,0.06990291178226471,0.5400000214576721,0.718500018119812
YOR085W,YPL116W,0,-3.2987392,0.06989386677742004,0.5400000214576721,0.7185999751091003
YBL087C,YDR487C,0,-3.2991688,0.06988482177257538,0.5400000214576721,0.7186999917030334
YBL076C,YAL033W,0,-3.2995012,0.06987577676773071,0.5400000214576721,0.7188000082969666
YPL172C,YOR092W,0,-3.2997005,0.06986673921346664,0.5400000214576721,0.7189000248908997
YGL019W,YJL129C,1,-3.299823,0.06998706609010696,0.5410000085830688,0.7189000248908997
YPR036W,YPL177C,1,-3.300039,0.0701073631644249,0.5419999957084656,0.7189000248908997
YPL115C,YKL218C,0,-3.3001,0.07009829580783844,0.5419999957084656,0.718999981880188
YAL056W,YLR299W,0,-3.3001842,0.07008922845125198,0.5419999957084656,0.7190999984741211
YDR436W,YEL031W,1,-3.3003628,0.07020946592092514,0.5429999828338623,0.7190999984741211
YOR172W,YMR237W,0,-3.3006456,0.07020039111375809,0.5429999828338623,0.7192000150680542
YLR213C,YBR268W,0,-3.3007069,0.07019131630659103,0.5429999828338623,0.7192999720573425
YKR099W,YER155C,0,-3.3015823,0.07018224149942398,0.5429999828338623,0.7193999886512756
YER162C,YER164W,0,-3.3027093,0.07017317414283752,0.5429999828338623,0.7195000052452087
YKR008W,YLR102C,0,-3.3030303,0.07016410678625107,0.5429999828338623,0.7196000218391418
YGR244C,YLL048C,0,-3.3034575,0.07015503942966461,0.5429999828338623,0.7196999788284302
YNL314W,YER099C,0,-3.3035846,0.07014597952365875,0.5429999828338623,0.7197999954223633
YLL027W,YMR055C,0,-3.3036966,0.0701369121670723,0.5429999828338623,0.7199000120162964
YLR047C,YOR039W,1,-3.3039467,0.07025700807571411,0.5440000295639038,0.7199000120162964
YPR162C,YNR015W,0,-3.3057425,0.07024793326854706,0.5440000295639038,0.7200000286102295
YMR223W,YPR120C,0,-3.3062248,0.0702388659119606,0.5440000295639038,0.7200999855995178
YGR268C,YJL024C,0,-3.3064656,0.07022979855537415,0.5440000295639038,0.7202000021934509
YOR026W,YHR024C,0,-3.3064842,0.07022073119878769,0.5440000295639038,0.720300018787384
YDR021W,YJR134C,0,-3.3065345,0.07021166384220123,0.5440000295639038,0.7203999757766724
YMR319C,YBR118W,0,-3.30665,0.07020260393619537,0.5440000295639038,0.7204999923706055
YMR017W,YDR460W,0,-3.306691,0.07019355148077011,0.5440000295639038,0.7206000089645386
YFL033C,YOR080W,0,-3.3067102,0.07018449157476425,0.5440000295639038,0.7207000255584717
YKL212W,YDR101C,0,-3.3074772,0.07017543911933899,0.5440000295639038,0.72079998254776
YGL169W,YHR004C,0,-3.3076422,0.07016638666391373,0.5440000295639038,0.7208999991416931
YCR096C,YNL273W,0,-3.307813,0.07015734165906906,0.5440000295639038,0.7210000157356262
YLR212C,YGR010W,0,-3.3078902,0.0701482892036438,0.5440000295639038,0.7210999727249146
YIR023W,YLR299W,0,-3.3079145,0.07013924419879913,0.5440000295639038,0.7211999893188477
YIL124W,YDR023W,0,-3.3083074,0.07013020664453506,0.5440000295639038,0.7213000059127808
YDL225W,YMR296C,0,-3.3084462,0.0701211616396904,0.5440000295639038,0.7214000225067139
YNR030W,YDL085W,0,-3.3094451,0.07011213153600693,0.5440000295639038,0.7214999794960022
YGL062W,YDL145C,0,-3.309573,0.07010309398174286,0.5440000295639038,0.7215999960899353
YLR023C,YOR381W,1,-3.309622,0.07022290676832199,0.5450000166893005,0.7215999960899353
YJL165C,YLR433C,1,-3.310599,0.07034269720315933,0.5460000038146973,0.7215999960899353
YPL202C,YOR129C,1,-3.3106701,0.07046245038509369,0.546999990940094,0.7215999960899353
YHR148W,YHR031C,0,-3.310746,0.07045337557792664,0.546999990940094,0.7217000126838684
YLR120C,YBR248C,0,-3.3109272,0.07044430077075958,0.546999990940094,0.7218000292778015
YOR351C,YMR059W,0,-3.3110216,0.07043523341417313,0.546999990940094,0.7218999862670898
YDL202W,YDR438W,0,-3.31104,0.07042615860700607,0.546999990940094,0.722000002861023
YPL207W,YER068W,0,-3.3114657,0.07041709870100021,0.546999990940094,0.722100019454956
YFR024C-A,YNL135C,0,-3.3117423,0.07040803134441376,0.546999990940094,0.7221999764442444
YBL030C,YOR359W,0,-3.3120484,0.0703989714384079,0.546999990940094,0.7222999930381775
YML101C,YNL101W,0,-3.3121161,0.07038991153240204,0.546999990940094,0.7224000096321106
YDR172W,YPR102C,0,-3.312486,0.07038085162639618,0.546999990940094,0.7225000262260437
YIL167W,YOR299W,0,-3.3125784,0.07037179917097092,0.546999990940094,0.722599983215332
YGL155W,YOR316C,1,-3.313132,0.07049138098955154,0.5479999780654907,0.722599983215332
YKR009C,YMR035W,0,-3.3133466,0.07048231363296509,0.5479999780654907,0.7226999998092651
YNL259C,YEL051W,1,-3.313687,0.07060185074806213,0.5490000247955322,0.7226999998092651
YNL159C,YGL195W,0,-3.3137338,0.07059277594089508,0.5490000247955322,0.7228000164031982
YKL201C,YML120C,0,-3.3137643,0.07058370113372803,0.5490000247955322,0.7228999733924866
YNL166C,YIL130W,0,-3.314108,0.07057462632656097,0.5490000247955322,0.7229999899864197
YOR061W,YJR059W,1,-3.3141098,0.07069408893585205,0.550000011920929,0.7229999899864197
YLR350W,YOR322C,0,-3.314255,0.0706849992275238,0.550000011920929,0.7231000065803528
YPL161C,YEL044W,0,-3.3143919,0.07067591696977615,0.550000011920929,0.7232000231742859
YLR080W,YNR047W,0,-3.3144825,0.0706668347120285,0.550000011920929,0.7232999801635742
YML132W,YHR060W,1,-3.3149703,0.07078623026609421,0.5509999990463257,0.7232999801635742
YHR168W,YOL144W,0,-3.3155792,0.07077713310718536,0.5509999990463257,0.7233999967575073
YIL038C,YKL126W,0,-3.316274,0.07076804339885712,0.5509999990463257,0.7235000133514404
YMR301C,YKL190W,1,-3.3168879,0.07088737934827805,0.5519999861717224,0.7235000133514404
YML101C,YLL018C,0,-3.3175595,0.0708782747387886,0.5519999861717224,0.7235999703407288
YMR234W,YHR013C,0,-3.3186567,0.07086917757987976,0.5519999861717224,0.7236999869346619
YJL127C,YBL051C,0,-3.3187077,0.07086008042097092,0.5519999861717224,0.723800003528595
YPL175W,YKL010C,0,-3.3188825,0.07085098326206207,0.5519999861717224,0.7239000201225281
YKL002W,YLR183C,0,-3.3191957,0.07084188610315323,0.5519999861717224,0.7239999771118164
YGL129C,YHL025W,0,-3.3197224,0.07083279639482498,0.5519999861717224,0.7240999937057495
YER174C,YCL017C,1,-3.3207805,0.07095201313495636,0.5529999732971191,0.7240999937057495
YJL035C,YDR062W,0,-3.3210132,0.07094290852546692,0.5529999732971191,0.7242000102996826
YLR078C,YLR401C,0,-3.3217056,0.07093381136655807,0.5529999732971191,0.7243000268936157
YLR032W,YKL168C,0,-3.3218508,0.07092471420764923,0.5529999732971191,0.724399983882904
YDL028C,YKL006C-A,0,-3.3223224,0.07091561704874039,0.5529999732971191,0.7245000004768372
YNL138W,YJL140W,0,-3.3224273,0.07090652734041214,0.5529999732971191,0.7246000170707703
YIR004W,YIR036C,0,-3.3227577,0.07089743763208389,0.5529999732971191,0.7246999740600586
YBL011W,YDR312W,0,-3.3229833,0.07088834792375565,0.5529999732971191,0.7247999906539917
YKL024C,YER139C,0,-3.3230727,0.0708792582154274,0.5529999732971191,0.7249000072479248
YNL219C,YPR191W,0,-3.3230784,0.07087017595767975,0.5529999732971191,0.7250000238418579
YJR130C,YMR218C,0,-3.3236167,0.0708610936999321,0.5529999732971191,0.7250999808311462
YMR078C,YBR282W,0,-3.323692,0.07085201889276505,0.5529999732971191,0.7251999974250793
YNL304W,YOR127W,0,-3.3261924,0.07084294408559799,0.5529999732971191,0.7253000140190125
YIL047C,YDR399W,0,-3.3265269,0.07083386927843094,0.5529999732971191,0.7253999710083008
YMR110C,YPL274W,0,-3.3266034,0.07082479447126389,0.5529999732971191,0.7254999876022339
YOL105C,YOL096C,0,-3.3267167,0.07081572711467743,0.5529999732971191,0.725600004196167
YER046W,YBR222C,0,-3.3269508,0.07080665975809097,0.5529999732971191,0.7257000207901001
YAL048C,YMR218C,0,-3.3272831,0.07079759240150452,0.5529999732971191,0.7257999777793884
YGR024C,YHR154W,0,-3.3272965,0.07078853249549866,0.5529999732971191,0.7258999943733215
YIL074C,YDL107W,0,-3.3275473,0.0707794725894928,0.5529999732971191,0.7260000109672546
YEL012W,YHR004C,0,-3.3279464,0.07077041268348694,0.5529999732971191,0.7261000275611877
YDL097C,YNL298W,0,-3.328028,0.07076135277748108,0.5529999732971191,0.7261999845504761
YBR058C,YDR358W,0,-3.328461,0.07075230032205582,0.5529999732971191,0.7263000011444092
YER113C,YDR100W,0,-3.3289769,0.07074325531721115,0.5529999732971191,0.7264000177383423
YFR001W,YML031W,0,-3.329005,0.07073420286178589,0.5529999732971191,0.7264999747276306
YJL003W,YGL241W,0,-3.3292222,0.07072515785694122,0.5529999732971191,0.7265999913215637
YDL135C,YKR058W,0,-3.3292453,0.07071611285209656,0.5529999732971191,0.7267000079154968
YBL061C,YBR251W,0,-3.3296375,0.07070706784725189,0.5529999732971191,0.7268000245094299
YJL178C,YLR439W,0,-3.329738,0.07069803029298782,0.5529999732971191,0.7268999814987183
YOL093W,YDL039C,0,-3.3299067,0.07068899273872375,0.5529999732971191,0.7269999980926514
YNL131W,YFR027W,0,-3.33017,0.07067996263504028,0.5529999732971191,0.7271000146865845
YJR040W,YOL002C,1,-3.330374,0.07079872488975525,0.5540000200271606,0.7271000146865845
YKL166C,YCR063W,0,-3.3303978,0.07078967243432999,0.5540000200271606,0.7271999716758728
YLR371W,YDR281C,0,-3.3305306,0.07078062742948532,0.5540000200271606,0.7272999882698059
YNL289W,YER115C,0,-3.330728,0.07077158987522125,0.5540000200271606,0.727400004863739
YER168C,YOL020W,0,-3.3307288,0.07076255232095718,0.5540000200271606,0.7275000214576721
YHR058C,YNL289W,0,-3.3312218,0.07075351476669312,0.5540000200271606,0.7275999784469604
YNL212W,YPL252C,0,-3.331344,0.07074447721242905,0.5540000200271606,0.7276999950408936
YOR332W,YOR079C,1,-3.3317914,0.07086312770843506,0.5550000071525574,0.7276999950408936
YDR376W,YKR050W,1,-3.332113,0.07098174095153809,0.5559999942779541,0.7276999950408936
YGL220W,YGR158C,0,-3.332166,0.07097268104553223,0.5559999942779541,0.7278000116348267
YDR378C,YML092C,0,-3.3324945,0.07096362113952637,0.5559999942779541,0.7279000282287598
YLR011W,YIR032C,0,-3.3332615,0.0709545686841011,0.5559999942779541,0.7279999852180481
YDL185W,YGR029W,1,-3.3332796,0.07107311487197876,0.5569999814033508,0.7279999852180481
YGR199W,YNR015W,0,-3.3334563,0.0710640475153923,0.5569999814033508,0.7281000018119812
YML011C,YLR404W,0,-3.3336432,0.07105498015880585,0.5569999814033508,0.7282000184059143
YGR220C,YDR060W,0,-3.3337142,0.07104592025279999,0.5569999814033508,0.7282999753952026
YPL180W,YOL052C,0,-3.3341954,0.07103686034679413,0.5569999814033508,0.7283999919891357
YKL145W,YHR108W,0,-3.3342133,0.07102780044078827,0.5569999814033508,0.7285000085830688
YJR049C,YGL155W,1,-3.3344452,0.07114624232053757,0.5580000281333923,0.7285000085830688
YNL055C,YJR118C,0,-3.3346245,0.07113717496395111,0.5580000281333923,0.728600025177002
YHR143W,YGR061C,0,-3.3352695,0.07112810760736465,0.5580000281333923,0.7286999821662903
YCL008C,YIL090W,0,-3.3353183,0.0711190402507782,0.5580000281333923,0.7287999987602234
YDL198C,YGL006W,1,-3.3359187,0.07123741507530212,0.5590000152587891,0.7287999987602234
YNL244C,YDR364C,0,-3.3361804,0.07122834026813507,0.5590000152587891,0.7289000153541565
YMR004W,YGR003W,0,-3.336315,0.07121926546096802,0.5590000152587891,0.7289999723434448
YJL143W,YGR123C,0,-3.3363445,0.07121019065380096,0.5590000152587891,0.7290999889373779
YNL102W,YPL262W,0,-3.33658,0.07120112329721451,0.5590000152587891,0.729200005531311
YMR110C,YJR110W,0,-3.336664,0.07119205594062805,0.5590000152587891,0.7293000221252441
YPR175W,YPL244C,0,-3.3370302,0.0711829885840416,0.5590000152587891,0.7293999791145325
YOL055C,YGR188C,0,-3.3370419,0.07117392122745514,0.5590000152587891,0.7294999957084656
YKR072C,YDR332W,0,-3.3371093,0.07116486132144928,0.5590000152587891,0.7296000123023987
YOR355W,YNR030W,0,-3.337485,0.07115580141544342,0.5590000152587891,0.7297000288963318
YGR003W,YGL167C,0,-3.3379893,0.07114674896001816,0.5590000152587891,0.7297999858856201
YJR033C,YEL051W,1,-3.3380945,0.07126495242118835,0.5600000023841858,0.7297999858856201
YMR153W,YNR072W,0,-3.3381584,0.0712558850646019,0.5600000023841858,0.7299000024795532
YDR083W,YJR117W,0,-3.3381684,0.07124681770801544,0.5600000023841858,0.7300000190734863
YDR038C,YGL223C,0,-3.3386204,0.07123775780200958,0.5600000023841858,0.7300999760627747
YGL155W,YML006C,1,-3.3387377,0.07135588675737381,0.5609999895095825,0.7300999760627747
YCL016C,YHL031C,0,-3.3388097,0.07134681195020676,0.5609999895095825,0.7301999926567078
YOR054C,YMR054W,1,-3.338899,0.071464903652668,0.5619999766349792,0.7301999926567078
YIL126W,YHR001W-A,0,-3.3389897,0.07145581394433975,0.5619999766349792,0.7303000092506409
YKL028W,YBR218C,0,-3.3390062,0.0714467316865921,0.5619999766349792,0.730400025844574
YMR301C,YOR087W,1,-3.339113,0.07156476378440857,0.5630000233650208,0.730400025844574
YPR175W,YKL210W,0,-3.33935,0.07155566662549973,0.5630000233650208,0.7304999828338623
YCL024W,YGL251C,0,-3.3396137,0.07154657691717148,0.5630000233650208,0.7305999994277954
YAL019W,YNL151C,0,-3.339719,0.07153748720884323,0.5630000233650208,0.7307000160217285
YHR088W,YCR072C,0,-3.339852,0.07152839750051498,0.5630000233650208,0.7307999730110168
YHR135C,YPL156C,0,-3.3399541,0.07151930779218674,0.5630000233650208,0.73089998960495
YLR304C,YDR092W,0,-3.3401222,0.07151022553443909,0.5630000233650208,0.7310000061988831
YPR156C,YER022W,0,-3.3408992,0.07150114327669144,0.5630000233650208,0.7311000227928162
YIL062C,YNL298W,0,-3.3409035,0.07149206101894379,0.5630000233650208,0.7311999797821045
YCL017C,YMR243C,1,-3.3415928,0.07160995155572891,0.5640000104904175,0.7311999797821045
YOR308C,YKL002W,0,-3.3417752,0.07160086184740067,0.5640000104904175,0.7312999963760376
YPL173W,YGR089W,0,-3.3417997,0.07159177213907242,0.5640000104904175,0.7314000129699707
YNL158W,YJL141C,0,-3.341984,0.07158268988132477,0.5640000104904175,0.7315000295639038
YML106W,YJL179W,0,-3.3420737,0.07157360762357712,0.5640000104904175,0.7315999865531921
YLR353W,YKL138C,0,-3.3421214,0.07156452536582947,0.5640000104904175,0.7317000031471252
YKR050W,YCR044C,1,-3.34283,0.07168231159448624,0.5649999976158142,0.7317000031471252
YBR166C,YGR295C,0,-3.3432677,0.07167322188615799,0.5649999976158142,0.7318000197410583
YDR189W,YOL086C,0,-3.3440092,0.07166413217782974,0.5649999976158142,0.7318999767303467
YDR189W,YDR039C,0,-3.344135,0.0716550424695015,0.5649999976158142,0.7319999933242798
YOL078W,YIL026C,0,-3.3441427,0.07164595276117325,0.5649999976158142,0.7321000099182129
YBL047C,YDR159W,0,-3.344516,0.0716368705034256,0.5649999976158142,0.732200026512146
YHR059W,YNL180C,0,-3.344587,0.07162778824567795,0.5649999976158142,0.7322999835014343
YGL120C,YBL068W,0,-3.3454664,0.0716187059879303,0.5649999976158142,0.7324000000953674
YGR029W,YOR129C,1,-3.3455765,0.07173637300729752,0.5659999847412109,0.7324000000953674
YDR436W,YOR226C,1,-3.3458045,0.07185401022434235,0.5669999718666077,0.7324000000953674
YML041C,YGR239C,0,-3.3458476,0.0718449056148529,0.5669999718666077,0.7325000166893005
YPL129W,YOR294W,0,-3.3460667,0.07183580100536346,0.5669999718666077,0.7325999736785889
YPR034W,YJL187C,0,-3.3461697,0.07182670384645462,0.5669999718666077,0.732699990272522
YLR425W,YHR031C,0,-3.346286,0.07181760668754578,0.5669999718666077,0.7328000068664551
YDR376W,YOR381W,1,-3.346575,0.07193515449762344,0.5680000185966492,0.7328000068664551
YMR179W,YJL011C,0,-3.3468049,0.071926049888134,0.5680000185966492,0.7329000234603882
YOR168W,YLR440C,0,-3.3468802,0.07191693782806396,0.5680000185966492,0.7329999804496765
YDR466W,YJL071W,0,-3.346892,0.07190783321857452,0.5680000185966492,0.7330999970436096
YPL159C,YDR390C,0,-3.3471935,0.07189873605966568,0.5680000185966492,0.7332000136375427
YOR381W,YDL120W,1,-3.3472826,0.07201620191335678,0.5690000057220459,0.7332000136375427
YIL125W,YPL214C,0,-3.3474958,0.07200708985328674,0.5690000057220459,0.733299970626831
YLR005W,YNL080C,0,-3.347614,0.0719979777932167,0.5690000057220459,0.7333999872207642
YFL037W,YLR182W,0,-3.347802,0.07198886573314667,0.5690000057220459,0.7335000038146973
YNL147W,YLR409C,0,-3.3479183,0.07197976112365723,0.5690000057220459,0.7336000204086304
YJL183W,YLR127C,0,-3.3485086,0.07197065651416779,0.5690000057220459,0.7336999773979187
YDR140W,YLL061W,0,-3.3487475,0.07196155190467834,0.5690000057220459,0.7337999939918518
YJR010C-A,YLR026C,0,-3.3488944,0.0719524547457695,0.5690000057220459,0.7339000105857849
YDR471W,YPL043W,0,-3.3489904,0.07194335758686066,0.5690000057220459,0.734000027179718
YPR175W,YMR184W,0,-3.3490589,0.07193426042795181,0.5690000057220459,0.7340999841690063
YMR306W,YKL149C,0,-3.3496401,0.07192517071962357,0.5690000057220459,0.7342000007629395
YNL132W,YGR260W,0,-3.3498337,0.07191607356071472,0.5690000057220459,0.7343000173568726
YKL210W,YGL059W,0,-3.3503737,0.07190699130296707,0.5690000057220459,0.7343999743461609
YGR184C,YLL031C,0,-3.3508031,0.07189790159463882,0.5690000057220459,0.734499990940094
YER095W,YDL217C,0,-3.3509238,0.07188881933689117,0.5690000057220459,0.7346000075340271
YPR024W,YIR015W,0,-3.3513901,0.07187973707914352,0.5690000057220459,0.7347000241279602
YNL023C,YER008C,0,-3.3516176,0.07187065482139587,0.5690000057220459,0.7347999811172485
YML094W,YDR212W,0,-3.3516333,0.07186158001422882,0.5690000057220459,0.7348999977111816
YDR527W,YHR002W,0,-3.351691,0.07185250520706177,0.5690000057220459,0.7350000143051147
YGR189C,YML071C,0,-3.352104,0.07184343785047531,0.5690000057220459,0.7350999712944031
YLR433C,YEL051W,1,-3.3523242,0.07196061313152313,0.5699999928474426,0.7350999712944031
YGR095C,YGR255C,0,-3.3524659,0.07195153087377548,0.5699999928474426,0.7351999878883362
YNL232W,YOR335C,0,-3.3524835,0.07194244861602783,0.5699999928474426,0.7353000044822693
YMR049C,YBR074W,0,-3.3525321,0.07193336635828018,0.5699999928474426,0.7354000210762024
YJR033C,YPL177C,1,-3.3526766,0.07205047458410263,0.5709999799728394,0.7354000210762024
YDL205C,YJL110C,0,-3.3535101,0.07204138487577438,0.5709999799728394,0.7354999780654907
YLR052W,YKL058W,0,-3.3535273,0.07203229516744614,0.5709999799728394,0.7355999946594238
YLR100W,YLL019C,0,-3.353655,0.07202320545911789,0.5709999799728394,0.7357000112533569
YOR110W,YDR499W,0,-3.35377,0.07201412320137024,0.5709999799728394,0.73580002784729
YDR372C,YDR528W,0,-3.353884,0.07200504094362259,0.5709999799728394,0.7358999848365784
YJR140C,YBR091C,0,-3.3540585,0.07199596613645554,0.5709999799728394,0.7360000014305115
YNL147W,YER102W,0,-3.354309,0.07198689132928848,0.5709999799728394,0.7361000180244446
YDR481C,YOR069W,0,-3.3547187,0.07197781652212143,0.5709999799728394,0.7361999750137329
YLR010C,YDR288W,0,-3.3548844,0.07196874171495438,0.5709999799728394,0.736299991607666
YGR005C,YKR020W,0,-3.354902,0.07195967435836792,0.5709999799728394,0.7364000082015991
YLR099C,YOR109W,0,-3.354973,0.07195060700178146,0.5709999799728394,0.7365000247955322
YLL002W,YML102W,0,-3.355461,0.07194153964519501,0.5709999799728394,0.7365999817848206
YBR243C,YGL142C,0,-3.355745,0.07193247973918915,0.5709999799728394,0.7366999983787537
YNL328C,YHR184W,0,-3.356027,0.07192341238260269,0.5709999799728394,0.7368000149726868
YJL005W,YBL017C,0,-3.3560297,0.07191435992717743,0.5709999799728394,0.7368999719619751
YDR350C,YBR286W,0,-3.3569896,0.07190530002117157,0.5709999799728394,0.7369999885559082
YPL074W,YKL010C,0,-3.3574007,0.07189624756574631,0.5709999799728394,0.7371000051498413
YGL237C,YGR255C,0,-3.3580687,0.07188719511032104,0.5709999799728394,0.7372000217437744
YBR142W,YKL205W,0,-3.3585343,0.07187815010547638,0.5709999799728394,0.7372999787330627
YPR186C,YLR363C,0,-3.3587382,0.07186909765005112,0.5709999799728394,0.7373999953269958
YGR112W,YGR218W,0,-3.3591194,0.07186005264520645,0.5709999799728394,0.737500011920929
YLR321C,YER162C,0,-3.3599517,0.07185101509094238,0.5709999799728394,0.7376000285148621
YHR002W,YOR201C,0,-3.3600624,0.07184197008609772,0.5709999799728394,0.7376999855041504
YPL221W,YML088W,0,-3.3601878,0.07183293253183365,0.5709999799728394,0.7378000020980835
YKL186C,YHR207C,0,-3.3606746,0.07182390242815018,0.5709999799728394,0.7379000186920166
YCL067C,YOR359W,0,-3.360934,0.07181486487388611,0.5709999799728394,0.7379999756813049
YDR512C,YPL040C,0,-3.361067,0.07180583477020264,0.5709999799728394,0.738099992275238
YDR453C,YDL015C,0,-3.3610754,0.07179680466651917,0.5709999799728394,0.7382000088691711
YNL161W,YMR165C,0,-3.3615398,0.07178778201341629,0.5709999799728394,0.7383000254631042
YOL004W,YGL241W,0,-3.3625643,0.07177875190973282,0.5709999799728394,0.7383999824523926
YER015W,YDL230W,0,-3.362901,0.07176973670721054,0.5709999799728394,0.7384999990463257
YKL212W,YNL031C,0,-3.3630602,0.07176071405410767,0.5709999799728394,0.7386000156402588
YNL032W,YDR461W,0,-3.3632848,0.07175169885158539,0.5709999799728394,0.7386999726295471
YMR215W,YPL244C,0,-3.3636086,0.07174268364906311,0.5709999799728394,0.7387999892234802
YPR021C,YDR520C,0,-3.363952,0.07173366844654083,0.5709999799728394,0.7389000058174133
YOR070C,YLL034C,0,-3.3640993,0.07172466069459915,0.5709999799728394,0.7390000224113464
YMR306W,YPL129W,0,-3.3642514,0.07171565294265747,0.5709999799728394,0.7390999794006348
YGR212W,YJL108C,0,-3.3643954,0.07170664519071579,0.5709999799728394,0.7391999959945679
YGL168W,YDR440W,0,-3.364712,0.07169763743877411,0.5709999799728394,0.739300012588501
YDR497C,YOR126C,0,-3.3651597,0.07168863713741302,0.5709999799728394,0.7394000291824341
YOR109W,YPR135W,0,-3.3654027,0.07167963683605194,0.5709999799728394,0.7394999861717224
YFR029W,YMR314W,0,-3.3667457,0.07167064398527145,0.5709999799728394,0.7396000027656555
YDL133C-A,YNL031C,0,-3.366814,0.07166164368391037,0.5709999799728394,0.7397000193595886
YJL085W,YEL002C,0,-3.3678644,0.07165265083312988,0.5709999799728394,0.739799976348877
YDL080C,YHR013C,0,-3.3682253,0.07164366543292999,0.5709999799728394,0.7398999929428101
YPL172C,YER123W,0,-3.368451,0.0716346725821495,0.5709999799728394,0.7400000095367432
YLR026C,YNL238W,0,-3.3686767,0.07162568718194962,0.5709999799728394,0.7401000261306763
YPR008W,YHL036W,0,-3.3691857,0.07161670923233032,0.5709999799728394,0.7401999831199646
YGL168W,YKL181W,0,-3.369764,0.07160772383213043,0.5709999799728394,0.7402999997138977
YGR056W,YGR167W,0,-3.370306,0.07159874588251114,0.5709999799728394,0.7404000163078308
YNL284C,YBR118W,0,-3.371013,0.07158976793289185,0.5709999799728394,0.7404999732971191
YBR089C-A,YEL061C,0,-3.371017,0.07158079743385315,0.5709999799728394,0.7405999898910522
YDR353W,YKL002W,0,-3.371484,0.07157181948423386,0.5709999799728394,0.7407000064849854
YFL048C,YLL041C,0,-3.3719203,0.07156284898519516,0.5709999799728394,0.7408000230789185
YNL076W,YDR244W,0,-3.3728838,0.07155388593673706,0.5709999799728394,0.7408999800682068
YER174C,YBR036C,1,-3.3732035,0.07167021930217743,0.5720000267028809,0.7408999800682068
YDR495C,YKR007W,1,-3.3738117,0.07178652286529541,0.5730000138282776,0.7408999800682068
YDR515W,YHR060W,1,-3.374318,0.071902796626091,0.5740000009536743,0.7408999800682068
YGL129C,YDR434W,0,-3.374334,0.07189378887414932,0.5740000009536743,0.7409999966621399
YPL210C,YDR140W,0,-3.3744612,0.07188478112220764,0.5740000009536743,0.741100013256073
YPL133C,YLR330W,0,-3.3748882,0.07187578082084656,0.5740000009536743,0.7411999702453613
YPL218W,YBL020W,0,-3.3749473,0.07186678051948547,0.5740000009536743,0.7412999868392944
YOR353C,YHL011C,0,-3.3751094,0.07185778766870499,0.5740000009536743,0.7414000034332275
YHR036W,YLR032W,0,-3.3753312,0.0718487948179245,0.5740000009536743,0.7415000200271606
YGR007W,YBL005W,0,-3.3756387,0.07183980196714401,0.5740000009536743,0.741599977016449
YER131W,YBL090W,0,-3.3760107,0.07183080911636353,0.5740000009536743,0.7416999936103821
YGR200C,YIL128W,0,-3.3763463,0.07182182371616364,0.5740000009536743,0.7418000102043152
YDR419W,YCL054W,0,-3.376424,0.07181283831596375,0.5740000009536743,0.7419000267982483
YOR258W,YHR184W,0,-3.377636,0.07180385291576385,0.5740000009536743,0.7419999837875366
YJR075W,YFR003C,0,-3.377941,0.07179487496614456,0.5740000009536743,0.7421000003814697
YPR162C,YDR329C,0,-3.3780024,0.07178588956594467,0.5740000009536743,0.7422000169754028
YNR016C,YLR373C,0,-3.3788764,0.07177691906690598,0.5740000009536743,0.7422999739646912
YOL158C,YDR456W,1,-3.3789425,0.07189297676086426,0.574999988079071,0.7422999739646912
YML085C,YNL123W,0,-3.3795419,0.07188398391008377,0.574999988079071,0.7423999905586243
YPR017C,YOR253W,0,-3.3796523,0.07187499850988388,0.574999988079071,0.7425000071525574
YJL127C,YGL122C,0,-3.3799279,0.07186601310968399,0.574999988079071,0.7426000237464905
YML043C,YML031W,0,-3.3800447,0.0718570351600647,0.574999988079071,0.7426999807357788
YLR190W,YLR033W,0,-3.3802817,0.0718480572104454,0.574999988079071,0.7427999973297119
YLR181C,YER145C,0,-3.3804271,0.07183907926082611,0.574999988079071,0.742900013923645
YHR205W,YIL061C,0,-3.3804526,0.07183010876178741,0.574999988079071,0.7429999709129333
YBR038W,YFR037C,0,-3.3808093,0.07182113081216812,0.574999988079071,0.7430999875068665
YGR252W,YDR430C,0,-3.3808172,0.07181216776371002,0.574999988079071,0.7432000041007996
YJR118C,YKL074C,0,-3.3808637,0.07180319726467133,0.574999988079071,0.7433000206947327
YDR440W,YBL079W,0,-3.3808753,0.07179423421621323,0.574999988079071,0.743399977684021
YMR261C,YCR036W,0,-3.3810036,0.07178527116775513,0.574999988079071,0.7434999942779541
YMR005W,YDR356W,0,-3.3813488,0.07177630811929703,0.574999988079071,0.7436000108718872
YIL123W,YML086C,0,-3.3818226,0.07176735252141953,0.574999988079071,0.7437000274658203
YBR153W,YJL166W,0,-3.3818276,0.07175838947296143,0.574999988079071,0.7437999844551086
YKR006C,YJR021C,0,-3.381976,0.07174944132566452,0.574999988079071,0.7439000010490417
YMR158W,YDR076W,0,-3.3822277,0.07174048572778702,0.574999988079071,0.7440000176429749
YJL078C,YHR013C,0,-3.3822472,0.07173153758049011,0.574999988079071,0.7440999746322632
YJR132W,YOR034C,0,-3.383003,0.0717225894331932,0.574999988079071,0.7441999912261963
YPL074W,YJR032W,0,-3.3830125,0.0717136412858963,0.574999988079071,0.7443000078201294
YER044C,YJL097W,0,-3.3843617,0.07170470058917999,0.574999988079071,0.7444000244140625
YJL001W,YAL003W,0,-3.38439,0.07169575989246368,0.574999988079071,0.7444999814033508
YGR154C,YJR153W,0,-3.385183,0.07168681919574738,0.574999988079071,0.7445999979972839
YDR494W,YNL080C,0,-3.3852699,0.07167788594961166,0.574999988079071,0.744700014591217
YBL092W,YBR268W,0,-3.3853014,0.07166895270347595,0.574999988079071,0.7447999715805054
YHR006W,YOL023W,0,-3.3854012,0.07166001945734024,0.574999988079071,0.7448999881744385
YLR020C,YMR078C,0,-3.3854265,0.07165109366178513,0.574999988079071,0.7450000047683716
YLR086W,YKL186C,0,-3.3855171,0.07164216041564941,0.574999988079071,0.7451000213623047
YML006C,YKL080W,1,-3.385932,0.07175781577825546,0.5759999752044678,0.7451000213623047
YNL188W,YPL089C,0,-3.3861065,0.07174888253211975,0.5759999752044678,0.745199978351593
YIL150C,YBR049C,0,-3.3867764,0.07173994183540344,0.5759999752044678,0.7452999949455261
YBR162W-A,YOR069W,0,-3.3868601,0.07173100858926773,0.5759999752044678,0.7454000115394592
YDR247W,YAR031W,0,-3.3869033,0.07172207534313202,0.5759999752044678,0.7455000281333923
YDR062W,YEL022W,0,-3.3870127,0.0717131495475769,0.5759999752044678,0.7455999851226807
YOL065C,YOR258W,0,-3.3870544,0.07170422375202179,0.5759999752044678,0.7457000017166138
YDL229W,YMR300C,0,-3.387058,0.07169529795646667,0.5759999752044678,0.7458000183105469
YNL012W,YMR025W,0,-3.3871515,0.07168637216091156,0.5759999752044678,0.7458999752998352
YGR040W,YLR364W,0,-3.3879793,0.07167745381593704,0.5759999752044678,0.7459999918937683
YPL221W,YOR236W,0,-3.388787,0.07166853547096252,0.5759999752044678,0.7461000084877014
YNL306W,YKR058W,0,-3.3889537,0.071659617125988,0.5759999752044678,0.7462000250816345
YPR133W-A,YMR286W,0,-3.389435,0.07165070623159409,0.5759999752044678,0.7462999820709229
YLR234W,YLR309C,0,-3.389557,0.07164178788661957,0.5759999752044678,0.746399998664856
YJR131W,YDR341C,0,-3.3898532,0.07163288444280624,0.5759999752044678,0.7465000152587891
YOR018W,YNL079C,0,-3.3904376,0.07162397354841232,0.5759999752044678,0.7465999722480774
YAL013W,YDR135C,0,-3.390535,0.071615070104599,0.5759999752044678,0.7466999888420105
YLL002W,YMR123W,0,-3.3913045,0.07160616666078568,0.5759999752044678,0.7468000054359436
YGL084C,YOL133W,0,-3.391708,0.07159726321697235,0.5759999752044678,0.7469000220298767
YPR036W,YGL155W,1,-3.391745,0.07171265035867691,0.5770000219345093,0.7469000220298767
YPR161C,YNL020C,0,-3.3924468,0.07170373946428299,0.5770000219345093,0.746999979019165
YGR143W,YHR116W,0,-3.39257,0.07169482856988907,0.5770000219345093,0.7470999956130981
YIL062C,YGL083W,0,-3.3925972,0.07168592512607574,0.5770000219345093,0.7472000122070312
YDR392W,YBL064C,0,-3.3926146,0.07167702168226242,0.5770000219345093,0.7473000288009644
YLR103C,YHR036W,0,-3.3928926,0.0716681182384491,0.5770000219345093,0.7473999857902527
YNL273W,YBR274W,0,-3.3932526,0.07165921479463577,0.5770000219345093,0.7475000023841858
YDR105C,YFL039C,0,-3.3933837,0.07165031880140305,0.5770000219345093,0.7476000189781189
YLR277C,YJL008C,0,-3.3933887,0.07164142280817032,0.5770000219345093,0.7476999759674072
YHR207C,YPL083C,0,-3.393514,0.07163252681493759,0.5770000219345093,0.7477999925613403
YOR332W,YJL129C,1,-3.3935587,0.07174776494503021,0.578000009059906,0.7477999925613403
YDL128W,YOR226C,1,-3.3940728,0.07186297327280045,0.5789999961853027,0.7477999925613403
YML004C,YDR318W,0,-3.3943279,0.07185405492782593,0.5789999961853027,0.7479000091552734
YNL172W,YMR285C,0,-3.3952458,0.071845144033432,0.5789999961853027,0.7480000257492065
YNL214W,YPR030W,0,-3.3953705,0.07183622568845749,0.5789999961853027,0.7480999827384949
YHR039C-A,YPL177C,1,-3.3967903,0.07195137441158295,0.5799999833106995,0.7480999827384949
YBR024W,YKR026C,0,-3.3969815,0.07194244861602783,0.5799999833106995,0.748199999332428
YOR089C,YGR056W,0,-3.3970172,0.07193352282047272,0.5799999833106995,0.7483000159263611
YHL028W,YOL100W,0,-3.397274,0.0719246044754982,0.5799999833106995,0.7483999729156494
YDL107W,YMR220W,0,-3.3977664,0.07191568613052368,0.5799999833106995,0.7484999895095825
YNL084C,YPR122W,0,-3.3979037,0.07190676778554916,0.5799999833106995,0.7486000061035156
YNR027W,YBR213W,0,-3.3979208,0.07189785689115524,0.5799999833106995,0.7487000226974487
YLR025W,YCR077C,0,-3.398637,0.07188894599676132,0.5799999833106995,0.7487999796867371
YFR021W,YDR482C,0,-3.3988774,0.0718800351023674,0.5799999833106995,0.7488999962806702
YIL004C,YGR188C,0,-3.399145,0.07187112420797348,0.5799999833106995,0.7490000128746033
YBR281C,YLR314C,0,-3.399494,0.07186222076416016,0.5799999833106995,0.7491000294685364
YDL065C,YBR301W,0,-3.4000366,0.07185331732034683,0.5799999833106995,0.7491999864578247
YOR278W,YGL236C,0,-3.400102,0.0718444213271141,0.5799999833106995,0.7493000030517578
YJL190C,YOR207C,0,-3.400578,0.07183551788330078,0.5799999833106995,0.7494000196456909
YEL050C,YCR028C,0,-3.4027212,0.07182662189006805,0.5799999833106995,0.7494999766349792
YLR008C,YOR326W,0,-3.402922,0.07181773334741592,0.5799999833106995,0.7495999932289124
YEL031W,YGR020C,1,-3.4031105,0.07193265110254288,0.5809999704360962,0.7495999932289124
YOL117W,YDR403W,0,-3.4031231,0.07192374020814896,0.5809999704360962,0.7497000098228455
YNR020C,YCL032W,0,-3.4032297,0.07191484421491623,0.5809999704360962,0.7498000264167786
YPR086W,YKL090W,0,-3.4034257,0.0719059407711029,0.5809999704360962,0.7498999834060669
YGR009C,YDR438W,0,-3.4038212,0.07189704477787018,0.5809999704360962,0.75
YJR033C,YMR301C,1,-3.4038732,0.07201188057661057,0.5820000171661377,0.75
YPR006C,YJL081C,0,-3.403922,0.07200296968221664,0.5820000171661377,0.7501000165939331
YPR073C,YLR312W-A,0,-3.4039385,0.07199405878782272,0.5820000171661377,0.7501999735832214
YNL206C,YDR257C,0,-3.4041522,0.0719851553440094,0.5820000171661377,0.7502999901771545
YER012W,YGR070W,0,-3.4043152,0.07197625190019608,0.5820000171661377,0.7504000067710876
YDR205W,YOR147W,1,-3.404999,0.0720910131931305,0.5830000042915344,0.7504000067710876
YDR207C,YOR084W,0,-3.4050245,0.07208209484815598,0.5830000042915344,0.7505000233650208
YCR096C,YMR195W,0,-3.4050386,0.07207318395376205,0.5830000042915344,0.7505999803543091
YGL180W,YMR059W,0,-3.405463,0.07206428050994873,0.5830000042915344,0.7506999969482422
YPL122C,YGL094C,0,-3.4058385,0.07205536961555481,0.5830000042915344,0.7508000135421753
YDR436W,YMR054W,1,-3.405935,0.07217004150152206,0.5839999914169312,0.7508000135421753
YOL061W,YLL050C,0,-3.4059613,0.07216113060712814,0.5839999914169312,0.7508999705314636
YMR177W,YOR129C,1,-3.4062796,0.07227575778961182,0.5849999785423279,0.7508999705314636
YOR061W,YDR151C,1,-3.4063559,0.0723903626203537,0.5860000252723694,0.7508999705314636
YGL107C,YGL226W,0,-3.406899,0.07238142192363739,0.5860000252723694,0.7509999871253967
YOR061W,YEL065W,1,-3.4074667,0.07249598950147629,0.5870000123977661,0.7509999871253967
YNR010W,YDR377W,0,-3.4076428,0.07248703390359879,0.5870000123977661,0.7511000037193298
YAL059W,YDL036C,0,-3.4080858,0.07247808575630188,0.5870000123977661,0.7512000203132629
YNL136W,YNL036W,0,-3.408411,0.07246913760900497,0.5870000123977661,0.7512999773025513
YOR275C,YIL130W,0,-3.4086697,0.07246018946170807,0.5870000123977661,0.7513999938964844
YDL087C,YOR249C,0,-3.4087641,0.07245124876499176,0.5870000123977661,0.7515000104904175
YGR046W,YJL082W,0,-3.4087703,0.07244230806827545,0.5870000123977661,0.7516000270843506
YFL044C,YIL002C,0,-3.4093435,0.07243336737155914,0.5870000123977661,0.7516999840736389
YDR080W,YER022W,0,-3.409344,0.07242442667484283,0.5870000123977661,0.751800000667572
YDR298C,YNL325C,0,-3.4096065,0.07241549342870712,0.5870000123977661,0.7519000172615051
YKR101W,YLR145W,0,-3.4098077,0.07240656018257141,0.5870000123977661,0.7519999742507935
YKL168C,YOR187W,0,-3.4098141,0.0723976343870163,0.5870000123977661,0.7520999908447266
YHR150W,YLR386W,0,-3.4099534,0.07238870114088058,0.5870000123977661,0.7522000074386597
YDL054C,YGR113W,0,-3.409963,0.07237977534532547,0.5870000123977661,0.7523000240325928
YGR158C,YGL035C,0,-3.4102092,0.07237085700035095,0.5870000123977661,0.7523999810218811
YJL030W,YMR171C,0,-3.410567,0.07236193120479584,0.5870000123977661,0.7524999976158142
YJL053W,YDR438W,0,-3.4109666,0.07235301285982132,0.5870000123977661,0.7526000142097473
YOR147W,YOR381W,1,-3.4110472,0.07246734201908112,0.5879999995231628,0.7526000142097473
YAL020C,YAL056W,0,-3.4113297,0.0724584087729454,0.5879999995231628,0.7526999711990356
YPL224C,YGL019W,1,-3.4113529,0.07257269322872162,0.5889999866485596,0.7526999711990356
YGR040W,YNL292W,0,-3.411522,0.07256375253200531,0.5889999866485596,0.7527999877929688
YMR175W,YDR533C,0,-3.4118698,0.0725548192858696,0.5889999866485596,0.7529000043869019
YDL100C,YPR135W,0,-3.4124691,0.07254587858915329,0.5889999866485596,0.753000020980835
YNL026W,YEL001C,0,-3.4125855,0.07253694534301758,0.5889999866485596,0.7530999779701233
YJR104C,YOR226C,1,-3.4126704,0.07265114784240723,0.5899999737739563,0.7530999779701233
YFR021W,YOR249C,0,-3.4128764,0.07264220714569092,0.5899999737739563,0.7531999945640564
YJL208C,YKR052C,0,-3.4132178,0.07263326644897461,0.5899999737739563,0.7533000111579895
YAL020C,YOL112W,0,-3.4133236,0.0726243257522583,0.5899999737739563,0.7534000277519226
YIL043C,YDR251W,0,-3.4137266,0.07261538505554199,0.5899999737739563,0.7534999847412109
YPL221W,YGR263C,0,-3.4137273,0.07260645180940628,0.5899999737739563,0.753600001335144
YNL121C,YHR028C,0,-3.4142191,0.07259751111268997,0.5899999737739563,0.7537000179290771
YLL021W,YOL095C,0,-3.414615,0.07258858531713486,0.5899999737739563,0.7537999749183655
YEL031W,YJR059W,1,-3.4147108,0.07270266860723495,0.5910000205039978,0.7537999749183655
YBR175W,YBR119W,0,-3.4147174,0.07269372791051865,0.5910000205039978,0.7538999915122986
YGR199W,YNL206C,0,-3.414841,0.07268478721380234,0.5910000205039978,0.7540000081062317
YPR102C,YHL004W,0,-3.4155118,0.07267584651708603,0.5910000205039978,0.7541000247001648
YOR110W,YAL034W-A,0,-3.415537,0.07266691327095032,0.5910000205039978,0.7541999816894531
YBR254C,YPL028W,0,-3.4162116,0.0726579800248146,0.5910000205039978,0.7542999982833862
YMR125W,YPL083C,0,-3.4169705,0.0726490467786789,0.5910000205039978,0.7544000148773193
YIL112W,YML104C,0,-3.4170249,0.07264012098312378,0.5910000205039978,0.7544999718666077
YOR129C,YMR054W,1,-3.4172688,0.07275408506393433,0.5920000076293945,0.7544999718666077
YMR048W,YHR044C,0,-3.4173915,0.07274514436721802,0.5920000076293945,0.7545999884605408
YDR069C,YLR330W,0,-3.4177275,0.0727362111210823,0.5920000076293945,0.7547000050544739
YFR013W,YPL089C,0,-3.4180052,0.072727270424366,0.5920000076293945,0.754800021648407
YLR147C,YML043C,0,-3.4180338,0.07271833717823029,0.5920000076293945,0.7548999786376953
YPL013C,YJR013W,0,-3.4182765,0.07270941138267517,0.5920000076293945,0.7549999952316284
YHR027C,YJL095W,0,-3.4184885,0.07270047813653946,0.5920000076293945,0.7551000118255615
YNR008W,YJR143C,0,-3.4186525,0.07269155234098434,0.5920000076293945,0.7552000284194946
YJR117W,YDR388W,0,-3.4191034,0.07268262654542923,0.5920000076293945,0.755299985408783
YIR012W,YLR130C,0,-3.4198964,0.07267370820045471,0.5920000076293945,0.7554000020027161
YOR085W,YLR055C,0,-3.419962,0.0726647824048996,0.5920000076293945,0.7555000185966492
YPR175W,YDL035C,0,-3.4202468,0.07265586405992508,0.5920000076293945,0.7555999755859375
YDL087C,YBR122C,0,-3.4202778,0.07264695316553116,0.5920000076293945,0.7556999921798706
YLR192C,YBR155W,0,-3.4204566,0.07263803482055664,0.5920000076293945,0.7558000087738037
YGR009C,YMR165C,0,-3.4208927,0.07262912392616272,0.5920000076293945,0.7559000253677368
YNL091W,YCL044C,0,-3.4216688,0.0726202130317688,0.5920000076293945,0.7559999823570251
YLR102C,YBR074W,0,-3.4217103,0.07261130958795547,0.5920000076293945,0.7560999989509583
YCR009C,YDL171C,0,-3.4217741,0.07260240614414215,0.5920000076293945,0.7562000155448914
YGR086C,YOL111C,0,-3.4221904,0.07259350270032883,0.5920000076293945,0.7562999725341797
YJR033C,YBR295W,1,-3.422437,0.07270720601081848,0.5929999947547913,0.7562999725341797
YIL038C,YPR017C,0,-3.4230886,0.07269829511642456,0.5929999947547913,0.7563999891281128
YDR207C,YLR350W,0,-3.4236162,0.07268938422203064,0.5929999947547913,0.7565000057220459
YKL170W,YML071C,0,-3.4244728,0.07268047332763672,0.5929999947547913,0.756600022315979
YER020W,YER109C,0,-3.4244778,0.0726715698838234,0.5929999947547913,0.7566999793052673
YOL123W,YHL032C,0,-3.4247146,0.07266266644001007,0.5929999947547913,0.7567999958992004
YER070W,YOR247W,0,-3.4252346,0.07265376299619675,0.5929999947547913,0.7569000124931335
YKL090W,YER171W,0,-3.4253485,0.07264485955238342,0.5929999947547913,0.7570000290870667
YJR013W,YER143W,0,-3.4255722,0.0726359635591507,0.5929999947547913,0.757099986076355
YPL104W,YCL031C,0,-3.4255912,0.07262706756591797,0.5929999947547913,0.7572000026702881
YDL220C,YNR031C,0,-3.4256365,0.07261817157268524,0.5929999947547913,0.7573000192642212
YGL113W,YOR004W,0,-3.4256368,0.07260928303003311,0.5929999947547913,0.7573999762535095
YMR054W,YHR060W,1,-3.4257548,0.07272282242774963,0.593999981880188,0.7573999762535095
YLR047C,YOR087W,1,-3.4257677,0.07283633202314377,0.5950000286102295,0.7573999762535095
YNL310C,YBR281C,0,-3.4259298,0.07282741367816925,0.5950000286102295,0.7574999928474426
YHL004W,YPR189W,0,-3.4259784,0.07281850278377533,0.5950000286102295,0.7576000094413757
YMR146C,YFL023W,0,-3.4262996,0.07280959188938141,0.5950000286102295,0.7577000260353088
YHR056C,YDL145C,0,-3.4263256,0.07280068844556808,0.5950000286102295,0.7577999830245972
YLR417W,YGR105W,0,-3.4266186,0.07279177755117416,0.5950000286102295,0.7578999996185303
YJR049C,YGL019W,1,-3.4267454,0.07290519773960114,0.5960000157356262,0.7578999996185303
YMR270C,YLL018C,0,-3.4269514,0.07289627939462662,0.5960000157356262,0.7580000162124634
YNL026W,YFL038C,0,-3.4271958,0.0728873685002327,0.5960000157356262,0.7580999732017517
YHR012W,YDL166C,0,-3.4273732,0.07287845760583878,0.5960000157356262,0.7581999897956848
YKL134C,YJR059W,1,-3.4274294,0.07299181073904037,0.597000002861023,0.7581999897956848
YGR199W,YHR006W,0,-3.4276423,0.07298288494348526,0.597000002861023,0.7583000063896179
YJL128C,YGR279C,0,-3.4277525,0.07297396659851074,0.597000002861023,0.758400022983551
YNL314W,YPL097W,0,-3.427841,0.07296504825353622,0.597000002861023,0.7584999799728394
YJR046W,YJL073W,0,-3.4278898,0.0729561299085617,0.597000002861023,0.7585999965667725
YGL040C,YGR143W,0,-3.4279628,0.07294721156358719,0.597000002861023,0.7587000131607056
YDL128W,YDL198C,1,-3.428294,0.07306047528982162,0.5979999899864197,0.7587000131607056
YCL008C,YFL029C,0,-3.428342,0.07305154949426651,0.5979999899864197,0.7588000297546387
YKL124W,YLR385C,0,-3.4285448,0.07304263114929199,0.5979999899864197,0.758899986743927
YGL137W,YGR034W,0,-3.4286473,0.07303370535373688,0.5979999899864197,0.7590000033378601
YDR410C,YNL159C,0,-3.428795,0.07302478700876236,0.5979999899864197,0.7591000199317932
YOR335C,YJL054W,0,-3.4295425,0.07301587611436844,0.5979999899864197,0.7591999769210815
YOR278W,YJL125C,0,-3.4299798,0.07300695776939392,0.5979999899864197,0.7592999935150146
YBR294W,YOR313C,0,-3.4301093,0.072998046875,0.5979999899864197,0.7594000101089478
YKR028W,YDR418W,0,-3.430144,0.07298913598060608,0.5979999899864197,0.7595000267028809
YBL047C,YMR065W,0,-3.4305737,0.07298023253679276,0.5979999899864197,0.7595999836921692
YJL041W,YOR319W,0,-3.4306448,0.07297132164239883,0.5979999899864197,0.7597000002861023
YOR079C,YMR243C,1,-3.430882,0.07308442890644073,0.5989999771118164,0.7597000002861023
YER048W-A,YMR304W,0,-3.430962,0.07307551801204681,0.5989999771118164,0.7598000168800354
YNL138W,YNL185C,0,-3.4316068,0.0730665996670723,0.5989999771118164,0.7598999738693237
YDL123W,YDR075W,0,-3.4316413,0.07305768877267838,0.5989999771118164,0.7599999904632568
YGL030W,YER125W,0,-3.4317808,0.07304877787828445,0.5989999771118164,0.7601000070571899
YDL141W,YKL179C,0,-3.4322188,0.07303987443447113,0.5989999771118164,0.760200023651123
YIL094C,YCR077C,0,-3.4323957,0.0730309709906578,0.5989999771118164,0.7602999806404114
YGL227W,YGR056W,0,-3.4324918,0.07302206754684448,0.5989999771118164,0.7603999972343445
YER093C,YDL166C,0,-3.432678,0.07301316410303116,0.5989999771118164,0.7605000138282776
YPL091W,YJR133W,0,-3.4328399,0.07300426810979843,0.5989999771118164,0.7605999708175659
YNL207W,YDL076C,0,-3.4338472,0.0729953721165657,0.5989999771118164,0.760699987411499
YBL079W,YBR003W,0,-3.4347622,0.07298647612333298,0.5989999771118164,0.7608000040054321
YIL095W,YHR017W,0,-3.4352117,0.07297758013010025,0.5989999771118164,0.7609000205993652
YFL049W,YER086W,0,-3.4355083,0.07296869158744812,0.5989999771118164,0.7609999775886536
YDL045W-A,YHR056C,0,-3.4356391,0.07295980304479599,0.5989999771118164,0.7610999941825867
YGR181W,YDR261C,0,-3.4357283,0.07295092195272446,0.5989999771118164,0.7612000107765198
YDR375C,YMR297W,0,-3.435806,0.07294203341007233,0.5989999771118164,0.7613000273704529
YDR011W,YLR425W,0,-3.436888,0.0729331523180008,0.5989999771118164,0.7613999843597412
YJR033C,YLR047C,1,-3.4369948,0.07304602116346359,0.6000000238418579,0.7613999843597412
YBR037C,YNL044W,0,-3.4375942,0.07303712517023087,0.6000000238418579,0.7615000009536743
YKR037C,YNR057C,0,-3.4376924,0.07302823662757874,0.6000000238418579,0.7616000175476074
YKL045W,YMR139W,0,-3.438023,0.0730193480849266,0.6000000238418579,0.7616999745368958
YML127W,YPL160W,0,-3.4380376,0.07301046699285507,0.6000000238418579,0.7617999911308289
YPR057W,YLR139C,0,-3.4390924,0.07300157845020294,0.6000000238418579,0.761900007724762
YHR111W,YHR029C,0,-3.4391706,0.07299269735813141,0.6000000238418579,0.7620000243186951
YHR082C,YIR002C,0,-3.439317,0.07298382371664047,0.6000000238418579,0.7620999813079834
YPR156C,YBR177C,0,-3.4393456,0.07297494262456894,0.6000000238418579,0.7621999979019165
YLR201C,YLR172C,0,-3.4393518,0.072966068983078,0.6000000238418579,0.7623000144958496
YOR241W,YOR059C,0,-3.43946,0.07295719534158707,0.6000000238418579,0.7623999714851379
YLR086W,YDR351W,0,-3.4395168,0.07294832915067673,0.6000000238418579,0.762499988079071
YLL027W,YGR129W,0,-3.4395802,0.07293946295976639,0.6000000238418579,0.7626000046730042
YJL096W,YOR272W,0,-3.4397182,0.07293059676885605,0.6000000238418579,0.7627000212669373
YGR120C,YBR218C,0,-3.4401479,0.07292173057794571,0.6000000238418579,0.7627999782562256
YBR264C,YIL036W,0,-3.4406857,0.07291287183761597,0.6000000238418579,0.7628999948501587
YGL233W,YNR059W,0,-3.4407172,0.07290401309728622,0.6000000238418579,0.7630000114440918
YOL136C,YMR089C,0,-3.440729,0.07289515435695648,0.6000000238418579,0.7631000280380249
YPL096W,YMR211W,0,-3.4413388,0.07288629561662674,0.6000000238418579,0.7631999850273132
YDL093W,YPL154C,0,-3.441397,0.0728774443268776,0.6000000238418579,0.7633000016212463
YOL090W,YJR118C,0,-3.4419239,0.07286859303712845,0.6000000238418579,0.7634000182151794
YNL280C,YOL030W,0,-3.4421115,0.0728597417473793,0.6000000238418579,0.7634999752044678
YBR037C,YDR179C,0,-3.4425929,0.07285089790821075,0.6000000238418579,0.7635999917984009
YGR097W,YKL138C,0,-3.442703,0.0728420540690422,0.6000000238418579,0.763700008392334
YKR035W-A,YER149C,0,-3.4427366,0.07283321022987366,0.6000000238418579,0.7638000249862671
YNR028W,YKL155C,0,-3.4427955,0.0728243738412857,0.6000000238418579,0.7638999819755554
YLR024C,YEL044W,0,-3.4432783,0.07281553745269775,0.6000000238418579,0.7639999985694885
YHR168W,YDL033C,0,-3.443483,0.0728067010641098,0.6000000238418579,0.7641000151634216
YLR024C,YOL133W,0,-3.4436498,0.07279786467552185,0.6000000238418579,0.76419997215271
YOL095C,YHR184W,0,-3.4439228,0.0727890357375145,0.6000000238418579,0.7642999887466431
YHR036W,YPR086W,0,-3.4439514,0.07278020679950714,0.6000000238418579,0.7644000053405762
YBL080C,YJR053W,0,-3.4440138,0.07277137786149979,0.6000000238418579,0.7645000219345093
YDR151C,YGL155W,1,-3.4440777,0.07288382202386856,0.6010000109672546,0.7645000219345093
YNR010W,YAL016W,0,-3.444236,0.07287498563528061,0.6010000109672546,0.7645999789237976
YDR320C,YKL085W,0,-3.444621,0.07286614924669266,0.6010000109672546,0.7646999955177307
YCR063W,YKL090W,0,-3.444647,0.0728573128581047,0.6010000109672546,0.7648000121116638
YPL274W,YNL173C,0,-3.444978,0.07284848392009735,0.6010000109672546,0.7649000287055969
YNL273W,YDL036C,0,-3.4451334,0.07283965498209,0.6010000109672546,0.7649999856948853
YBR061C,YKL014C,0,-3.4453862,0.07283082604408264,0.6010000109672546,0.7651000022888184
YDR373W,YPL115C,0,-3.4454758,0.07282200455665588,0.6010000109672546,0.7652000188827515
YLR090W,YKL165C,0,-3.4455292,0.07281318306922913,0.6010000109672546,0.7652999758720398
YHR061C,YCR009C,0,-3.4458096,0.07280436158180237,0.6010000109672546,0.7653999924659729
YGR037C,YNR016C,0,-3.4462914,0.07279554009437561,0.6010000109672546,0.765500009059906
YJL165C,YKR050W,1,-3.4463031,0.07290783524513245,0.6019999980926514,0.765500009059906
YBR230C,YER061C,0,-3.4465003,0.07289900630712509,0.6019999980926514,0.7656000256538391
YOR054C,YOR087W,1,-3.4467423,0.07301125675439835,0.6029999852180481,0.7656000256538391
YCR002C,YLR315W,0,-3.446891,0.0730024203658104,0.6029999852180481,0.7656999826431274
YGR282C,YLR466W,0,-3.447036,0.07299358397722244,0.6029999852180481,0.7657999992370605
YDL198C,YKR007W,1,-3.4472406,0.07310578227043152,0.6039999723434448,0.7657999992370605
YAL048C,YNL142W,0,-3.4472466,0.07309693843126297,0.6039999723434448,0.7659000158309937
YBR211C,YIL142W,0,-3.4477377,0.07308809459209442,0.6039999723434448,0.765999972820282
YJL129C,YDL120W,1,-3.4481857,0.07320024073123932,0.6050000190734863,0.765999972820282
YBR089C-A,YOR034C,0,-3.4491282,0.07319138944149017,0.6050000190734863,0.7660999894142151
YKR049C,YDR516C,0,-3.4497635,0.07318253070116043,0.6050000190734863,0.7662000060081482
YIL051C,YGL203C,0,-3.4498394,0.07317367941141129,0.6050000190734863,0.7663000226020813
YJL186W,YMR218C,0,-3.4498606,0.07316483557224274,0.6050000190734863,0.7663999795913696
YAL022C,YGL014W,0,-3.4499114,0.07315598428249359,0.6050000190734863,0.7664999961853027
YJL221C,YDL197C,0,-3.4499419,0.07314714044332504,0.6050000190734863,0.7666000127792358
YEL017C-A,YPR054W,0,-3.4499469,0.0731382966041565,0.6050000190734863,0.766700029373169
YBL038W,YIL034C,0,-3.4511313,0.07312946021556854,0.6050000190734863,0.7667999863624573
YGL019W,YMR243C,1,-3.4512136,0.07324147969484329,0.6060000061988831,0.7667999863624573
YKL166C,YAL041W,0,-3.4515533,0.07323262840509415,0.6060000061988831,0.7669000029563904
YPR191W,YDR166C,0,-3.4518743,0.073223777115345,0.6060000061988831,0.7670000195503235
YNL118C,YGR010W,0,-3.4519508,0.07321493327617645,0.6060000061988831,0.7670999765396118
YGR112W,YLR228C,0,-3.4521706,0.0732060894370079,0.6060000061988831,0.7671999931335449
YDR510W,YKR027W,0,-3.45236,0.07319724559783936,0.6060000061988831,0.767300009727478
YDR067C,YHR004C,0,-3.452542,0.0731884092092514,0.6060000061988831,0.7674000263214111
YNL227C,YBL060W,0,-3.452675,0.07317956537008286,0.6060000061988831,0.7674999833106995
YPR156C,YHR044C,0,-3.4531174,0.0731707289814949,0.6060000061988831,0.7675999999046326
YKL175W,YDL198C,1,-3.4543278,0.0732826292514801,0.6069999933242798,0.7675999999046326
YGL019W,YOR079C,1,-3.4544375,0.07339449226856232,0.6079999804496765,0.7675999999046326
YML047C,YLR323C,0,-3.4545636,0.07338563352823257,0.6079999804496765,0.7677000164985657
YGR103W,YHR069C,0,-3.4549284,0.07337678223848343,0.6079999804496765,0.767799973487854
YKL186C,YJL189W,0,-3.4549818,0.07336792349815369,0.6079999804496765,0.7678999900817871
YJR110W,YLR004C,0,-3.4550111,0.07335907220840454,0.6079999804496765,0.7680000066757202
YHR076W,YOR322C,0,-3.4561088,0.0733502209186554,0.6079999804496765,0.7681000232696533
YPR021C,YLR193C,0,-3.4562151,0.07334137707948685,0.6079999804496765,0.7681999802589417
YDR443C,YDR395W,0,-3.4562998,0.0733325257897377,0.6079999804496765,0.7682999968528748
YER162C,YDR424C,0,-3.4567997,0.07332368195056915,0.6079999804496765,0.7684000134468079
YER123W,YKL038W,0,-3.4568098,0.0733148455619812,0.6079999804496765,0.7684999704360962
YMR198W,YER048W-A,0,-3.4568224,0.07330600172281265,0.6079999804496765,0.7685999870300293
YOR357C,YIL009C-A,0,-3.4570453,0.0732971653342247,0.6079999804496765,0.7687000036239624
YJR151C,YOR351C,0,-3.4576585,0.07328832894563675,0.6079999804496765,0.7688000202178955
YGL016W,YAL035W,0,-3.4576719,0.0732795000076294,0.6079999804496765,0.7688999772071838
YDL019C,YDL077C,0,-3.457716,0.07327067106962204,0.6079999804496765,0.7689999938011169
YER029C,YLR382C,0,-3.4579709,0.07326184213161469,0.6079999804496765,0.76910001039505
YBR146W,YPL083C,0,-3.4584992,0.07325301319360733,0.6079999804496765,0.7692000269889832
YCL043C,YDR207C,0,-3.4589498,0.07324418425559998,0.6079999804496765,0.7692999839782715
YKL206C,YPL085W,0,-3.459159,0.07323536276817322,0.6079999804496765,0.7694000005722046
YKR050W,YML057W,1,-3.4593186,0.07334697991609573,0.609000027179718,0.7694000005722046
YDR139C,YKL033W,0,-3.4594233,0.07333815097808838,0.609000027179718,0.7695000171661377
YDR406W,YLR203C,0,-3.459563,0.07332932204008102,0.609000027179718,0.769599974155426
YPL133C,YIL013C,0,-3.4596856,0.07332049310207367,0.609000027179718,0.7696999907493591
YMR204C,YIL006W,0,-3.4597046,0.07331166416406631,0.609000027179718,0.7698000073432922
YML048W,YCR018C,0,-3.4601457,0.07330284267663956,0.609000027179718,0.7699000239372253
YNL212W,YER087C-B,0,-3.4606974,0.0732940211892128,0.609000027179718,0.7699999809265137
YML129C,YGL094C,0,-3.4607115,0.07328519970178604,0.609000027179718,0.7700999975204468
YNL147W,YOL076W,0,-3.4614055,0.07327637821435928,0.609000027179718,0.7702000141143799
YPL239W,YDR384C,0,-3.4614508,0.07326756417751312,0.609000027179718,0.7702999711036682
YNL062C,YIL022W,0,-3.4617307,0.07325875014066696,0.609000027179718,0.7703999876976013
YMR101C,YKR068C,0,-3.4618185,0.0732499435544014,0.609000027179718,0.7705000042915344
YEL006W,YOL064C,0,-3.4627113,0.07324112951755524,0.609000027179718,0.7706000208854675
YIL035C,YDR376W,1,-3.462908,0.07335257530212402,0.6100000143051147,0.7706000208854675
YKL040C,YLR447C,1,-3.4630768,0.07346399128437042,0.6110000014305115,0.7706000208854675
YOL072W,YKL141W,0,-3.4636755,0.07345515489578247,0.6110000014305115,0.7706999778747559
YOR142W,YOR271C,0,-3.4639857,0.07344632595777512,0.6110000014305115,0.770799994468689
YDR512C,YLR259C,0,-3.464103,0.07343749701976776,0.6110000014305115,0.7709000110626221
YHL034C,YPL214C,0,-3.4644234,0.073428675532341,0.6110000014305115,0.7710000276565552
YPR036W,YML057W,1,-3.464805,0.07354001700878143,0.6119999885559082,0.7710000276565552
YKL143W,YDR075W,0,-3.4654016,0.07353118062019348,0.6119999885559082,0.7710999846458435
YBR131W,YGL244W,0,-3.465488,0.07352234423160553,0.6119999885559082,0.7712000012397766
YMR242C,YLR200W,0,-3.4656832,0.07351351529359818,0.6119999885559082,0.7713000178337097
YKL197C,YOL111C,0,-3.465955,0.07350468635559082,0.6119999885559082,0.771399974822998
YOR174W,YDR265W,0,-3.4663217,0.07349585741758347,0.6119999885559082,0.7714999914169312
YLL033W,YER095W,0,-3.4665077,0.07348702847957611,0.6119999885559082,0.7716000080108643
YGR129W,YGR174C,0,-3.466561,0.07347820699214935,0.6119999885559082,0.7717000246047974
YKL194C,YDR298C,0,-3.4666805,0.0734693855047226,0.6119999885559082,0.7717999815940857
YML132W,YOR332W,1,-3.467193,0.07358060032129288,0.6129999756813049,0.7717999815940857
YGL148W,YPL198W,0,-3.4684007,0.07357177138328552,0.6129999756813049,0.7718999981880188
YIL143C,YDR358W,0,-3.4685779,0.07356294244527817,0.6129999756813049,0.7720000147819519
YDR468C,YAL034W-A,0,-3.468777,0.07355411350727081,0.6129999756813049,0.7720999717712402
YBR223C,YDR528W,0,-3.4688237,0.07354529201984406,0.6129999756813049,0.7721999883651733
YKL210W,YFR008W,0,-3.4688308,0.0735364705324173,0.6129999756813049,0.7723000049591064
YDR420W,YGR081C,0,-3.4694417,0.07352764904499054,0.6129999756813049,0.7724000215530396
YBL060W,YOR067C,0,-3.4694889,0.07351882755756378,0.6129999756813049,0.7724999785423279
YBR086C,YDR469W,0,-3.4696643,0.07351001352071762,0.6129999756813049,0.772599995136261
YIL144W,YMR163C,0,-3.4700282,0.07350119948387146,0.6129999756813049,0.7727000117301941
YHR190W,YNL149C,0,-3.4707334,0.0734923854470253,0.6129999756813049,0.7728000283241272
YPL096W,YER032W,0,-3.4707632,0.07348357886075974,0.6129999756813049,0.7728999853134155
YOR156C,YKL195W,0,-3.4712675,0.07347477227449417,0.6129999756813049,0.7730000019073486
YKL003C,YHR161C,0,-3.471598,0.07346596568822861,0.6129999756813049,0.7731000185012817
YNL110C,YGR002C,0,-3.4720538,0.07345715910196304,0.6129999756813049,0.7731999754905701
YBL039C,YGL070C,0,-3.472288,0.07344835996627808,0.6129999756813049,0.7732999920845032
YBR120C,YMR184W,0,-3.4724445,0.07343956083059311,0.6129999756813049,0.7734000086784363
YDR009W,YLR165C,0,-3.4736013,0.07343076169490814,0.6129999756813049,0.7735000252723694
YLR102C,YNL258C,0,-3.4736042,0.07342197000980377,0.6129999756813049,0.7735999822616577
YBL063W,YJR089W,0,-3.473952,0.0734131708741188,0.6129999756813049,0.7736999988555908
YGL053W,YOR113W,0,-3.4744713,0.07340437918901443,0.6129999756813049,0.7738000154495239
YBR185C,YER013W,0,-3.4745457,0.07339559495449066,0.6129999756813049,0.7738999724388123
YMR289W,YNL023C,0,-3.4748175,0.07338681071996689,0.6129999756813049,0.7739999890327454
YBR273C,YPR143W,0,-3.4751315,0.07337801903486252,0.6129999756813049,0.7741000056266785
YDR265W,YOL026C,0,-3.475251,0.07336924225091934,0.6129999756813049,0.7742000222206116
YLR147C,YDR512C,0,-3.475277,0.07336045801639557,0.6129999756813049,0.7742999792098999
YCR014C,YDR407C,0,-3.4754496,0.07335168123245239,0.6129999756813049,0.774399995803833
YPL156C,YDR028C,0,-3.4758892,0.07334290444850922,0.6129999756813049,0.7745000123977661
YCR044C,YLR023C,1,-3.475937,0.07345376163721085,0.6140000224113464,0.7745000123977661
YER098W,YFR008W,0,-3.4761627,0.07344497740268707,0.6140000224113464,0.7746000289916992
YKL134C,YHR060W,1,-3.4767683,0.07355579733848572,0.6150000095367432,0.7746000289916992
YOR008C,YHL032C,0,-3.4772727,0.07354699820280075,0.6150000095367432,0.7746999859809875
YMR269W,YBR257W,0,-3.4773028,0.07353820651769638,0.6150000095367432,0.7748000025749207
YJL127C,YLR314C,0,-3.4776647,0.07352941483259201,0.6150000095367432,0.7749000191688538
YDL106C,YHR004C,0,-3.477761,0.07352062314748764,0.6150000095367432,0.7749999761581421
YOR060C,YDR350C,0,-3.4778812,0.07351183146238327,0.6150000095367432,0.7750999927520752
YAL022C,YDL036C,0,-3.4779794,0.0735030472278595,0.6150000095367432,0.7752000093460083
YDR436W,YCR044C,1,-3.4781559,0.07361377030611038,0.6159999966621399,0.7752000093460083
YKR066C,YMR156C,0,-3.479347,0.07360497117042542,0.6159999966621399,0.7753000259399414
YJL165C,YDR515W,1,-3.4799411,0.07371564954519272,0.6169999837875366,0.7753000259399414
YOL117W,YMR025W,0,-3.4799922,0.07370684295892715,0.6169999837875366,0.7753999829292297
YIL038C,YPR131C,0,-3.480097,0.07369804382324219,0.6169999837875366,0.7754999995231628
YKL175W,YDR515W,1,-3.4802892,0.07380867004394531,0.6179999709129333,0.7754999995231628
YLL013C,YLR323C,0,-3.4803116,0.07379985600709915,0.6179999709129333,0.775600016117096
YHR011W,YIL150C,0,-3.4810085,0.07379104197025299,0.6179999709129333,0.7756999731063843
YBR173C,YKL179C,0,-3.4824102,0.07378223538398743,0.6179999709129333,0.7757999897003174
YLR083C,YDR047W,0,-3.4837978,0.07377342879772186,0.6179999709129333,0.7759000062942505
YOR172W,YLR121C,0,-3.484399,0.0737646222114563,0.6179999709129333,0.7760000228881836
YBR195C,YOR324C,0,-3.484576,0.07375581562519073,0.6179999709129333,0.7760999798774719
YKL010C,YLR187W,0,-3.4849937,0.07374701648950577,0.6179999709129333,0.776199996471405
YGL128C,YLR096W,0,-3.4859245,0.0737382173538208,0.6179999709129333,0.7763000130653381
YNL250W,YNR037C,0,-3.4860492,0.07372941821813583,0.6179999709129333,0.7764000296592712
YPL207W,YOR341W,0,-3.48605,0.07372062653303146,0.6179999709129333,0.7764999866485596
YCL051W,YJL198W,0,-3.4861224,0.0737118348479271,0.6179999709129333,0.7766000032424927
YLR204W,YOL144W,0,-3.4864855,0.07370304316282272,0.6179999709129333,0.7767000198364258
YCL061C,YDL008W,0,-3.4869716,0.07369425147771835,0.6179999709129333,0.7767999768257141
YOR381W,YMR054W,1,-3.486985,0.07380469888448715,0.6190000176429749,0.7767999768257141
YMR301C,YOR079C,1,-3.4869912,0.07391511648893356,0.6200000047683716,0.7767999768257141
YMR275C,YJL166W,0,-3.4871762,0.0739063024520874,0.6200000047683716,0.7768999934196472
YDR320C-A,YBR122C,0,-3.487962,0.07389749586582184,0.6200000047683716,0.7770000100135803
YBR295W,YLR023C,1,-3.4883063,0.07400786876678467,0.6209999918937683,0.7770000100135803
YGR223C,YDL007W,0,-3.4883616,0.07399904727935791,0.6209999918937683,0.7771000266075134
YBR087W,YPL233W,0,-3.4885943,0.07399023324251175,0.6209999918937683,0.7771999835968018
YBR177C,YIL014W,0,-3.4887378,0.07398141175508499,0.6209999918937683,0.7773000001907349
YPL028W,YIL093C,0,-3.4896019,0.07397260516881943,0.6209999918937683,0.777400016784668
YER127W,YKL192C,0,-3.4897888,0.07396379113197327,0.6209999918937683,0.7774999737739563
YLR291C,YLR129W,0,-3.4898026,0.0739549845457077,0.6209999918937683,0.7775999903678894
YDR054C,YGR204W,0,-3.4913964,0.07394617795944214,0.6209999918937683,0.7777000069618225
YDR435C,YER022W,0,-3.4914966,0.07393737137317657,0.6209999918937683,0.7778000235557556
YPL234C,YOL002C,1,-3.49174,0.07404761761426926,0.621999979019165,0.7778000235557556
YNL119W,YER173W,0,-3.4917557,0.0740388035774231,0.621999979019165,0.777899980545044
YMR008C,YDL217C,0,-3.4919617,0.07402998954057693,0.621999979019165,0.777999997138977
YOR054C,YKL119C,1,-3.4919896,0.07414019107818604,0.6230000257492065,0.777999997138977
YML057W,YDL120W,1,-3.4920654,0.07425035536289215,0.6240000128746033,0.777999997138977
YOR181W,YLR324W,0,-3.4920914,0.0742415264248848,0.6240000128746033,0.7781000137329102
YLR234W,YPL105C,0,-3.4927132,0.07423269003629684,0.6240000128746033,0.7781999707221985
YML023C,YFL038C,0,-3.4927263,0.07422386109828949,0.6240000128746033,0.7782999873161316
YIL036W,YDL029W,0,-3.4928234,0.07421503216028214,0.6240000128746033,0.7784000039100647
YOR054C,YDR515W,1,-3.4928844,0.07432512938976288,0.625,0.7784000039100647
YDL135C,YOR258W,0,-3.4931145,0.07431629300117493,0.625,0.7785000205039978
YBR175W,YLR442C,0,-3.4939635,0.07430745661258698,0.625,0.7785999774932861
YLR223C,YGL005C,0,-3.4941149,0.07429862022399902,0.625,0.7786999940872192
YOR061W,YPL177C,1,-3.4941504,0.0744086503982544,0.6259999871253967,0.7786999940872192
YLR008C,YMR142C,0,-3.4942763,0.07439980655908585,0.6259999871253967,0.7788000106811523
YMR246W,YDL195W,0,-3.494322,0.0743909701704979,0.6259999871253967,0.7789000272750854
YDL128W,YER174C,1,-3.4944122,0.07450094819068909,0.6269999742507935,0.7789000272750854
YDR188W,YER168C,0,-3.4945254,0.07449209690093994,0.6269999742507935,0.7789999842643738
YBR036C,YHR060W,1,-3.4945283,0.07460204511880875,0.628000020980835,0.7789999842643738
YIL147C,YLR165C,0,-3.4948742,0.07459317892789841,0.628000020980835,0.7791000008583069
YKL048C,YBL089W,0,-3.4949045,0.07458432018756866,0.628000020980835,0.77920001745224
YIL035C,YML016C,1,-3.4950056,0.07469421625137329,0.6290000081062317,0.77920001745224
YPR178W,YLR187W,0,-3.4950998,0.07468535006046295,0.6290000081062317,0.7792999744415283
YML016C,YOR079C,1,-3.4955862,0.074795201420784,0.6299999952316284,0.7792999744415283
YMR177W,YDR151C,1,-3.4963515,0.07490503042936325,0.6309999823570251,0.7792999744415283
YDR025W,YGL070C,0,-3.496383,0.07489614188671112,0.6309999823570251,0.7793999910354614
YNL008C,YNL149C,0,-3.4964008,0.07488725334405899,0.6309999823570251,0.7795000076293945
YMR213W,YHR006W,0,-3.4964073,0.07487836480140686,0.6309999823570251,0.7796000242233276
YJR121W,YDR392W,0,-3.4964345,0.07486948370933533,0.6309999823570251,0.779699981212616
YDR378C,YDR298C,0,-3.4964705,0.0748606026172638,0.6309999823570251,0.7797999978065491
YOR275C,YFR019W,0,-3.4965053,0.07485172152519226,0.6309999823570251,0.7799000144004822
YLR432W,YER019C-A,0,-3.4967673,0.07484284043312073,0.6309999823570251,0.7799999713897705
YBR005W,YAL039C,0,-3.497192,0.07483396679162979,0.6309999823570251,0.7800999879837036
YOR087W,YJL129C,1,-3.4972563,0.0749436765909195,0.6320000290870667,0.7800999879837036
YPL239W,YDR288W,0,-3.497309,0.07493478804826736,0.6320000290870667,0.7802000045776367
YER088C,YPR113W,0,-3.4974282,0.07492590695619583,0.6320000290870667,0.7803000211715698
YOR124C,YMR281W,0,-3.4975164,0.0749170258641243,0.6320000290870667,0.7803999781608582
YJR117W,YML032C,0,-3.497557,0.07490814477205276,0.6320000290870667,0.7804999947547913
YDL128W,YBR295W,1,-3.4977367,0.0750177800655365,0.6330000162124634,0.7804999947547913
YLR214W,YDR072C,0,-3.497833,0.07500888407230377,0.6330000162124634,0.7806000113487244
YMR150C,YGR188C,0,-3.49808,0.07500000298023224,0.6330000162124634,0.7807000279426575
YLR440C,YOL038W,0,-3.4982278,0.07499111443758011,0.6330000162124634,0.7807999849319458
YMR301C,YEL051W,1,-3.4984806,0.07510069012641907,0.6340000033378601,0.7807999849319458
YDR461W,YDR368W,0,-3.4985838,0.07509179413318634,0.6340000033378601,0.7809000015258789
YMR204C,YKL042W,0,-3.5008576,0.07508289813995361,0.6340000033378601,0.781000018119812
YKL040C,YOR270C,1,-3.5011008,0.0751924216747284,0.6349999904632568,0.781000018119812
YOL064C,YER044C,0,-3.5011408,0.07518351823091507,0.6349999904632568,0.7810999751091003
YFR025C,YOR194C,0,-3.5018568,0.07517461478710175,0.6349999904632568,0.7811999917030334
YNL049C,YNL294C,0,-3.5018914,0.07516571879386902,0.6349999904632568,0.7813000082969666
YCL024W,YGR057C,0,-3.502239,0.07515682280063629,0.6349999904632568,0.7814000248908997
YKL161C,YGR263C,0,-3.5026147,0.07514792680740356,0.6349999904632568,0.781499981880188
YGR144W,YMR139W,0,-3.5029864,0.07513903826475143,0.6349999904632568,0.7815999984741211
YIL047C,YOL011W,0,-3.502989,0.0751301497220993,0.6349999904632568,0.7817000150680542
YGL025C,YKR035W-A,0,-3.5030181,0.07512126117944717,0.6349999904632568,0.7817999720573425
YDR139C,YGL147C,0,-3.5031326,0.07511237263679504,0.6349999904632568,0.7818999886512756
YER106W,YMR117C,0,-3.5032637,0.07510349154472351,0.6349999904632568,0.7820000052452087
YKL082C,YER099C,0,-3.5035863,0.07509461045265198,0.6349999904632568,0.7821000218391418
YLR433C,YGL019W,1,-3.5039828,0.07520397007465363,0.6359999775886536,0.7821000218391418
YLR357W,YMR128W,0,-3.5041888,0.0751950815320015,0.6359999775886536,0.7821999788284302
YHR074W,YNL149C,0,-3.5046098,0.07518619298934937,0.6359999775886536,0.7822999954223633
YJR033C,YKR007W,1,-3.5048583,0.07529550790786743,0.6370000243186951,0.7822999954223633
YBR095C,YER098W,0,-3.5049984,0.0752866119146347,0.6370000243186951,0.7824000120162964
YDR507C,YKL189W,0,-3.5071056,0.07527770847082138,0.6370000243186951,0.7825000286102295
YLR260W,YPL156C,0,-3.5072117,0.07526881992816925,0.6370000243186951,0.7825999855995178
YAL048C,YDR481C,0,-3.5086195,0.07525992393493652,0.6370000243186951,0.7827000021934509
YPL195W,YJL183W,0,-3.5089464,0.0752510353922844,0.6370000243186951,0.782800018787384
YNR038W,YLR033W,0,-3.5091193,0.07524214684963226,0.6370000243186951,0.7828999757766724
YBR198C,YER129W,0,-3.5092142,0.07523325830698013,0.6370000243186951,0.7829999923706055
YGR083C,YNL273W,0,-3.5092304,0.0752243772149086,0.6370000243186951,0.7831000089645386
YAL026C,YNL325C,0,-3.5093753,0.07521548867225647,0.6370000243186951,0.7832000255584717
YOL144W,YBR030W,0,-3.5098052,0.07520661503076553,0.6370000243186951,0.78329998254776
YDR473C,YLR312W-A,0,-3.510036,0.075197733938694,0.6370000243186951,0.7833999991416931
YNL076W,YIL008W,0,-3.5107067,0.07518886029720306,0.6370000243186951,0.7835000157356262
YGR005C,YJL011C,0,-3.5109074,0.07517998665571213,0.6370000243186951,0.7835999727249146
YHR070W,YGL026C,0,-3.5109806,0.07517111301422119,0.6370000243186951,0.7836999893188477
YBR166C,YPL104W,0,-3.5111842,0.07516223937273026,0.6370000243186951,0.7838000059127808
YIL047C,YLR248W,0,-3.5114543,0.07515337318181992,0.6370000243186951,0.7839000225067139
YPL208W,YDL134C,0,-3.5115123,0.07514450699090958,0.6370000243186951,0.7839999794960022
YKL042W,YDR170C,0,-3.511751,0.07513564825057983,0.6370000243186951,0.7840999960899353
YBR023C,YLR404W,0,-3.5117774,0.0751267820596695,0.6370000243186951,0.7842000126838684
YKR038C,YMR061W,0,-3.5122871,0.07511792331933975,0.6370000243186951,0.7843000292778015
YDR364C,YCL054W,0,-3.5127974,0.07510906457901001,0.6370000243186951,0.7843999862670898
YBL103C,YIR032C,0,-3.5142138,0.07510021328926086,0.6370000243186951,0.784500002861023
YKL003C,YMR304W,0,-3.5146322,0.07509136199951172,0.6370000243186951,0.784600019454956
YJL030W,YFL048C,0,-3.514657,0.07508251070976257,0.6370000243186951,0.7846999764442444
YDR388W,YLR033W,0,-3.5146677,0.07507365942001343,0.6370000243186951,0.7847999930381775
YNL302C,YOR004W,0,-3.5147514,0.07506481558084488,0.6370000243186951,0.7849000096321106
YLR100W,YKR002W,0,-3.514926,0.07505596429109573,0.6370000243186951,0.7850000262260437
YLR059C,YNL185C,0,-3.515408,0.07504712790250778,0.6370000243186951,0.785099983215332
YGL238W,YDL141W,0,-3.5154889,0.07503828406333923,0.6370000243186951,0.7851999998092651
YFR013W,YLR113W,0,-3.5157032,0.07502944767475128,0.6370000243186951,0.7853000164031982
YDR487C,YFL029C,0,-3.515841,0.07502061128616333,0.6370000243186951,0.7853999733924866
YML036W,YDR325W,0,-3.5158556,0.07501177489757538,0.6370000243186951,0.7854999899864197
YGL019W,YGL006W,1,-3.5158572,0.07512068748474121,0.6380000114440918,0.7854999899864197
YBR181C,YBL047C,0,-3.5166728,0.07511184364557266,0.6380000114440918,0.7856000065803528
YLL029W,YKL003C,0,-3.516868,0.07510299980640411,0.6380000114440918,0.7857000231742859
YGR253C,YGR077C,0,-3.5169928,0.07509416341781616,0.6380000114440918,0.7857999801635742
YOR278W,YDR045C,0,-3.5182474,0.07508532702922821,0.6380000114440918,0.7858999967575073
YDL220C,YEL002C,0,-3.5183942,0.07507649064064026,0.6380000114440918,0.7860000133514404
YNL180C,YJL180C,0,-3.518397,0.07506765425205231,0.6380000114440918,0.7860999703407288
YJL168C,YDR530C,0,-3.5184338,0.07505882531404495,0.6380000114440918,0.7861999869346619
YCR039C,YGL232W,0,-3.5185232,0.0750499963760376,0.6380000114440918,0.786300003528595
YAL013W,YGR169C,0,-3.5186877,0.07504116743803024,0.6380000114440918,0.7864000201225281
YOR101W,YDR075W,0,-3.5192916,0.07503233850002289,0.6380000114440918,0.7864999771118164
YOR054C,YPL177C,1,-3.5193188,0.07514110952615738,0.6389999985694885,0.7864999771118164
YPL135W,YJR059W,1,-3.5194986,0.07524985074996948,0.6399999856948853,0.7864999771118164
YGR159C,YNL119W,0,-3.5202057,0.07524100691080093,0.6399999856948853,0.7865999937057495
YPR159W,YDL028C,0,-3.5203059,0.07523216307163239,0.6399999856948853,0.7867000102996826
YDR036C,YKL129C,0,-3.520449,0.07522331923246384,0.6399999856948853,0.7868000268936157
YNL218W,YLR377C,0,-3.520866,0.07521447539329529,0.6399999856948853,0.786899983882904
YPL273W,YBR118W,0,-3.5214837,0.07520563900470734,0.6399999856948853,0.7870000004768372
YJR065C,YGR276C,0,-3.5218565,0.07519680261611938,0.6399999856948853,0.7871000170707703
YLL009C,YIL093C,0,-3.5234835,0.07518796622753143,0.6399999856948853,0.7871999740600586
YLR059C,YDR091C,0,-3.5240552,0.07517913728952408,0.6399999856948853,0.7872999906539917
YDR238C,YGL122C,0,-3.5243313,0.07517030835151672,0.6399999856948853,0.7874000072479248
YGR007W,YPL106C,0,-3.5244215,0.07516147941350937,0.6399999856948853,0.7875000238418579
YGL155W,YJL129C,1,-3.5250165,0.07527007907629013,0.640999972820282,0.7875000238418579
YOR358W,YOL141W,0,-3.5251656,0.07526124268770218,0.640999972820282,0.7875999808311462
YJR033C,YDR495C,1,-3.5258775,0.07536980509757996,0.6420000195503235,0.7875999808311462
YER055C,YNL098C,0,-3.52622,0.07536096125841141,0.6420000195503235,0.7876999974250793
YMR286W,YGR178C,0,-3.5271804,0.07535210996866226,0.6420000195503235,0.7878000140190125
YPR120C,YGR099W,0,-3.527734,0.07534326612949371,0.6420000195503235,0.7878999710083008
YPR031W,YLR188W,0,-3.5277774,0.07533442974090576,0.6420000195503235,0.7879999876022339
YJL165C,YHR194W,1,-3.5279942,0.07544291764497757,0.6430000066757202,0.7879999876022339
YJR034W,YIL132C,0,-3.5282695,0.07543406635522842,0.6430000066757202,0.788100004196167
YDL030W,YDR460W,0,-3.5282743,0.07542522251605988,0.6430000066757202,0.7882000207901001
YDR359C,YLR239C,0,-3.528309,0.07541637122631073,0.6430000066757202,0.7882999777793884
YOL052C,YER125W,0,-3.5287087,0.07540752738714218,0.6430000066757202,0.7883999943733215
YDL101C,YPL004C,0,-3.5294037,0.07539868354797363,0.6430000066757202,0.7885000109672546
YGR040W,YKL002W,0,-3.529518,0.07538984715938568,0.6430000066757202,0.7886000275611877
YCL061C,YGL198W,0,-3.5295403,0.07538101077079773,0.6430000066757202,0.7886999845504761
YKL032C,YER176W,0,-3.5297954,0.07537217438220978,0.6430000066757202,0.7888000011444092
YJR110W,YKL149C,0,-3.5299184,0.07536333799362183,0.6430000066757202,0.7889000177383423
YNR059W,YBR193C,0,-3.5302603,0.07535450905561447,0.6430000066757202,0.7889999747276306
YLR165C,YDR103W,0,-3.5302625,0.07534567266702652,0.6430000066757202,0.7890999913215637
YER154W,YMR025W,0,-3.5302784,0.07533685117959976,0.6430000066757202,0.7892000079154968
YBR081C,YMR065W,0,-3.5303643,0.07532802224159241,0.6430000066757202,0.7893000245094299
YIL052C,YOR294W,0,-3.5308998,0.07531920075416565,0.6430000066757202,0.7893999814987183
YJL143W,YLR015W,0,-3.5310574,0.07531037926673889,0.6430000066757202,0.7894999980926514
YDL006W,YBL058W,0,-3.5313,0.07530155777931213,0.6430000066757202,0.7896000146865845
YOR275C,YDR412W,0,-3.531595,0.07529274374246597,0.6430000066757202,0.7896999716758728
YLR190W,YGR099W,0,-3.531719,0.07528392225503922,0.6430000066757202,0.7897999882698059
YDR268W,YKL117W,0,-3.5319204,0.07527510821819305,0.6430000066757202,0.789900004863739
YMR149W,YMR035W,0,-3.5320127,0.07526630163192749,0.6430000066757202,0.7900000214576721
YCL050C,YDR033W,0,-3.5320823,0.07525748759508133,0.6430000066757202,0.7900999784469604
YPL159C,YDR303C,0,-3.5322912,0.07524868100881577,0.6430000066757202,0.7901999950408936
YJR068W,YEL038W,0,-3.5323284,0.0752398818731308,0.6430000066757202,0.7903000116348267
YEL006W,YBR274W,0,-3.532336,0.07523107528686523,0.6430000066757202,0.7904000282287598
YOR175C,YHR079C,0,-3.5324004,0.07522227615118027,0.6430000066757202,0.7904999852180481
YJL041W,YLR007W,0,-3.532478,0.0752134770154953,0.6430000066757202,0.7906000018119812
YPL206C,YAR033W,0,-3.5330615,0.07520467787981033,0.6430000066757202,0.7907000184059143
YDL040C,YPL206C,0,-3.533161,0.07519588619470596,0.6430000066757202,0.7907999753952026
YKR085C,YMR228W,0,-3.533422,0.075187087059021,0.6430000066757202,0.7908999919891357
YHR082C,YLR248W,0,-3.5334504,0.07517830282449722,0.6430000066757202,0.7910000085830688
YLR212C,YHR017W,0,-3.53352,0.07516951113939285,0.6430000066757202,0.791100025177002
YKL135C,YGR260W,0,-3.533593,0.07516072690486908,0.6430000066757202,0.7911999821662903
YJR140C,YNL188W,0,-3.5338278,0.0751519426703453,0.6430000066757202,0.7912999987602234
YNR047W,YIL150C,0,-3.5349329,0.07514315843582153,0.6430000066757202,0.7914000153541565
YER005W,YEL016C,0,-3.5350177,0.07513437420129776,0.6430000066757202,0.7914999723434448
YGR202C,YBR192W,0,-3.5363872,0.07512559741735458,0.6430000066757202,0.7915999889373779
YHR116W,YNL107W,0,-3.536481,0.07511682063341141,0.6430000066757202,0.791700005531311
YDR378C,YMR300C,0,-3.5372996,0.07510805130004883,0.6430000066757202,0.7918000221252441
YKR064W,YMR239C,0,-3.5380347,0.07509927451610565,0.6430000066757202,0.7918999791145325
YPR113W,YHR142W,0,-3.538094,0.07509050518274307,0.6430000066757202,0.7919999957084656
YPL011C,YPR131C,0,-3.5381677,0.0750817358493805,0.6430000066757202,0.7921000123023987
YNL233W,YJL019W,0,-3.5384457,0.07507297396659851,0.6430000066757202,0.7922000288963318
YOR275C,YGL196W,0,-3.538517,0.07506420463323593,0.6430000066757202,0.7922999858856201
YER031C,YJL054W,0,-3.538529,0.07505544275045395,0.6430000066757202,0.7924000024795532
YNL059C,YOL030W,0,-3.538555,0.07504668831825256,0.6430000066757202,0.7925000190734863
YJL179W,YMR076C,0,-3.539376,0.07503792643547058,0.6430000066757202,0.7925999760627747
YLR337C,YCR030C,0,-3.5397332,0.0750291720032692,0.6430000066757202,0.7926999926567078
YPL202C,YOR147W,1,-3.5397959,0.07513709366321564,0.6439999938011169,0.7926999926567078
YOR270C,YOR129C,1,-3.540222,0.07524498552083969,0.6449999809265137,0.7926999926567078
YPL224C,YEL051W,1,-3.5402236,0.07535285502672195,0.6460000276565552,0.7926999926567078
YKR099W,YMR273C,0,-3.5404203,0.07534406334161758,0.6460000276565552,0.7928000092506409
YDR492W,YOL101C,1,-3.5406694,0.07545189559459686,0.6470000147819519,0.7928000092506409
YMR223W,YGR081C,0,-3.5408962,0.0754430964589119,0.6470000147819519,0.792900025844574
YMR142C,YDR384C,0,-3.5410585,0.07543429732322693,0.6470000147819519,0.7929999828338623
YEL065W,YOR316C,1,-3.5414727,0.07554208487272263,0.6480000019073486,0.7929999828338623
YOR254C,YPL065W,0,-3.5416486,0.07553327828645706,0.6480000019073486,0.7930999994277954
YER088C,YER050C,0,-3.5417624,0.0755244791507721,0.6480000019073486,0.7932000160217285
YMR193W,YIL018W,0,-3.5421755,0.07551567256450653,0.6480000019073486,0.7932999730110168
YMR149W,YJL180C,0,-3.542318,0.07550687342882156,0.6480000019073486,0.79339998960495
YML061C,YOR319W,0,-3.5424144,0.0754980742931366,0.6480000019073486,0.7935000061988831
YER123W,YNL281W,0,-3.5424888,0.07548928260803223,0.6480000019073486,0.7936000227928162
YIL079C,YDL035C,0,-3.5425506,0.07548049092292786,0.6480000019073486,0.7936999797821045
YKL197C,YPL244C,0,-3.5425904,0.07547169923782349,0.6480000019073486,0.7937999963760376
YDR507C,YNL167C,0,-3.542794,0.07546290755271912,0.6480000019073486,0.7939000129699707
YML113W,YAL035W,0,-3.543436,0.07545412331819534,0.6480000019073486,0.7940000295639038
YGR086C,YGR254W,0,-3.5435636,0.07544533908367157,0.6480000019073486,0.7940999865531921
YIR006C,YGR255C,0,-3.5437176,0.0754365548491478,0.6480000019073486,0.7942000031471252
YNL233W,YOR069W,0,-3.543865,0.07542777061462402,0.6480000019073486,0.7943000197410583
YCL024W,YDL040C,0,-3.5445592,0.07541899383068085,0.6480000019073486,0.7943999767303467
YNL054W,YKL053C-A,0,-3.5445907,0.07541021704673767,0.6480000019073486,0.7944999933242798
YEL029C,YML077W,0,-3.5452201,0.0754014402627945,0.6480000019073486,0.7946000099182129
YDR247W,YNL167C,0,-3.5454361,0.07539267092943192,0.6480000019073486,0.794700026512146
YDR435C,YDR438W,0,-3.546107,0.07538390159606934,0.6480000019073486,0.7947999835014343
YFR014C,YLR380W,0,-3.5462844,0.07537513226270676,0.6480000019073486,0.7949000000953674
YPR190C,YOR269W,0,-3.5464838,0.07536636292934418,0.6480000019073486,0.7950000166893005
YMR289W,YDR032C,0,-3.547073,0.0753576010465622,0.6480000019073486,0.7950999736785889
YGL144C,YDL033C,0,-3.5470889,0.07534883916378021,0.6480000019073486,0.795199990272522
YHR024C,YLR367W,0,-3.5471265,0.07534007728099823,0.6480000019073486,0.7953000068664551
YOR217W,YBL093C,0,-3.5483165,0.07533131539821625,0.6480000019073486,0.7954000234603882
YML042W,YKR019C,0,-3.5489273,0.07532256096601486,0.6480000019073486,0.7954999804496765
YLR220W,YDR376W,1,-3.5495088,0.07543003559112549,0.6489999890327454,0.7954999804496765
YLR097C,YJR053W,0,-3.549951,0.07542126625776291,0.6489999890327454,0.7955999970436096
YFL045C,YGR014W,0,-3.5501652,0.07541250437498093,0.6489999890327454,0.7957000136375427
YCR060W,YCR038C,0,-3.5504296,0.07540374249219894,0.6489999890327454,0.795799970626831
YNL121C,YLR300W,0,-3.5504553,0.07539498060941696,0.6489999890327454,0.7958999872207642
YDR375C,YGR218W,0,-3.55076,0.07538622617721558,0.6489999890327454,0.7960000038146973
YMR304W,YML055W,0,-3.5508454,0.07537747174501419,0.6489999890327454,0.7961000204086304
YOR351C,YAL048C,0,-3.5513546,0.0753687173128128,0.6489999890327454,0.7961999773979187
YDR323C,YJR108W,0,-3.551432,0.07535996288061142,0.6489999890327454,0.7962999939918518
YDR098C,YDR205W,1,-3.5516074,0.0754673182964325,0.6499999761581421,0.7962999939918518
YLR102C,YMR065W,0,-3.551661,0.07545855641365051,0.6499999761581421,0.7964000105857849
YFR013W,YPR162C,0,-3.5518515,0.07544979453086853,0.6499999761581421,0.796500027179718
YIL062C,YOR239W,0,-3.5522997,0.07544104009866714,0.6499999761581421,0.7965999841690063
YDR404C,YOR261C,0,-3.5526845,0.07543228566646576,0.6499999761581421,0.7967000007629395
YHR167W,YNL166C,0,-3.5531538,0.07542353123426437,0.6499999761581421,0.7968000173568726
YBR295W,YDR456W,1,-3.5532248,0.07553080469369888,0.6510000228881836,0.7968000173568726
YGL112C,YJL080C,0,-3.5535033,0.0755220428109169,0.6510000228881836,0.7968999743461609
YDR404C,YHR067W,0,-3.5538526,0.07551328092813492,0.6510000228881836,0.796999990940094
YDR503C,YKR088C,0,-3.5539086,0.07550452649593353,0.6510000228881836,0.7971000075340271
YNL128W,YLL006W,0,-3.5540562,0.07549576461315155,0.6510000228881836,0.7972000241279602
YPL258C,YKL034W,0,-3.5548298,0.07548701018095016,0.6510000228881836,0.7972999811172485
YPL160W,YOR299W,0,-3.5565617,0.07547826319932938,0.6510000228881836,0.7973999977111816
YJR134C,YCL004W,0,-3.5570734,0.07546950876712799,0.6510000228881836,0.7975000143051147
YBR041W,YNL172W,0,-3.5575416,0.0754607617855072,0.6510000228881836,0.7975999712944031
YNL310C,YOR347C,0,-3.5575879,0.07545201480388641,0.6510000228881836,0.7976999878883362
YHR149C,YDR045C,0,-3.5578866,0.07544327527284622,0.6510000228881836,0.7978000044822693
YJR049C,YDR515W,1,-3.5585573,0.07555040717124939,0.6520000100135803,0.7978000044822693
YGR058W,YNL185C,0,-3.5586622,0.075541652739048,0.6520000100135803,0.7979000210762024
YOR068C,YMR207C,0,-3.5588028,0.07553289830684662,0.6520000100135803,0.7979999780654907
YER113C,YPR072W,0,-3.5588222,0.07552415132522583,0.6520000100135803,0.7980999946594238
YJR097W,YOR233W,0,-3.5589397,0.07551540434360504,0.6520000100135803,0.7982000112533569
YNR045W,YJL071W,0,-3.559243,0.07550665736198425,0.6520000100135803,0.79830002784729
YPL051W,YKR002W,0,-3.559355,0.07549791783094406,0.6520000100135803,0.7983999848365784
YDR508C,YMR142C,0,-3.5594664,0.07548917084932327,0.6520000100135803,0.7985000014305115
YDR007W,YBR055C,0,-3.559606,0.07548043876886368,0.6520000100135803,0.7986000180244446
YDL128W,YOR079C,1,-3.5597842,0.0755874514579773,0.652999997138977,0.7986000180244446
YPR188C,YKL138C,0,-3.5598097,0.0755787044763565,0.652999997138977,0.7986999750137329
YNR008W,YIL034C,0,-3.5610056,0.07556995749473572,0.652999997138977,0.798799991607666
YDL045W-A,YPR141C,0,-3.5610464,0.07556121051311493,0.652999997138977,0.7989000082015991
YOR306C,YGL144C,0,-3.5613182,0.07555247098207474,0.652999997138977,0.7990000247955322
YBR254C,YNL051W,0,-3.5617535,0.07554373145103455,0.652999997138977,0.7990999817848206
YDR088C,YDR178W,0,-3.5624893,0.07553499191999435,0.652999997138977,0.7991999983787537
YER090W,YCL031C,0,-3.5628016,0.07552625238895416,0.652999997138977,0.7993000149726868
YFR029W,YKL132C,0,-3.563049,0.07551752030849457,0.652999997138977,0.7993999719619751
YIL135C,YDR490C,0,-3.5632513,0.07550878822803497,0.652999997138977,0.7994999885559082
YMR301C,YDR456W,1,-3.5637822,0.07561568170785904,0.6539999842643738,0.7994999885559082
YKL218C,YIL005W,0,-3.5640786,0.07560693472623825,0.6539999842643738,0.7996000051498413
YBR243C,YKL114C,0,-3.564273,0.07559819519519806,0.6539999842643738,0.7997000217437744
YJL143W,YMR204C,0,-3.5644062,0.07558945566415787,0.6539999842643738,0.7997999787330627
YDR231C,YPR161C,0,-3.5645835,0.07558072358369827,0.6539999842643738,0.7998999953269958
YIL125W,YDL143W,0,-3.5650337,0.07557199150323868,0.6539999842643738,0.800000011920929
YDR507C,YHR132C,0,-3.5651748,0.07556325942277908,0.6539999842643738,0.8001000285148621
YDL043C,YDR498C,0,-3.5654674,0.07555452734231949,0.6539999842643738,0.8001999855041504
YOR068C,YNL185C,0,-3.565549,0.07554580271244049,0.6539999842643738,0.8003000020980835
YKL198C,YLR386W,0,-3.5663583,0.07553707808256149,0.6539999842643738,0.8004000186920166
YJL069C,YLR145W,0,-3.5669544,0.0755283534526825,0.6539999842643738,0.8004999756813049
YOR332W,YML006C,1,-3.5677307,0.07563510537147522,0.6549999713897705,0.8004999756813049
YIR025W,YBL052C,0,-3.5679886,0.07562637329101562,0.6549999713897705,0.800599992275238
YDR536W,YGL198W,0,-3.5679965,0.07561764121055603,0.6549999713897705,0.8007000088691711
YPL091W,YJL081C,0,-3.5690894,0.07560890913009644,0.6549999713897705,0.8008000254631042
YGL171W,YOL125W,0,-3.5694258,0.07560018450021744,0.6549999713897705,0.8008999824523926
YDR062W,YGL148W,0,-3.5694354,0.07559145987033844,0.6549999713897705,0.8009999990463257
YCL001W,YBR276C,0,-3.5695643,0.07558273524045944,0.6549999713897705,0.8011000156402588
YPL135W,YDR515W,1,-3.571032,0.075689397752285,0.656000018119812,0.8011000156402588
YBL055C,YER168C,0,-3.5720923,0.07568066567182541,0.656000018119812,0.8011999726295471
YLR047C,YKL175W,1,-3.5722144,0.07578729093074799,0.6570000052452087,0.8011999726295471
YGL220W,YDR356W,0,-3.5728202,0.0757785439491272,0.6570000052452087,0.8012999892234802
YJR140C,YKL194C,0,-3.573292,0.075769804418087,0.6570000052452087,0.8014000058174133
YHR110W,YCL014W,0,-3.5734637,0.07576107233762741,0.6570000052452087,0.8015000224113464
YJR040W,YDR205W,1,-3.5736694,0.07586763799190521,0.6579999923706055,0.8015000224113464
YPL143W,YLL048C,0,-3.5738914,0.07585889101028442,0.6579999923706055,0.8015999794006348
YNL263C,YJL078C,0,-3.575036,0.07585014402866364,0.6579999923706055,0.8016999959945679
YJL183W,YOR187W,0,-3.5752718,0.07584140449762344,0.6579999923706055,0.801800012588501
YPR046W,YOR211C,0,-3.5753295,0.07583265751600266,0.6579999923706055,0.8019000291824341
YER093C,YER109C,0,-3.5756285,0.07582392543554306,0.6579999923706055,0.8019999861717224
YMR264W,YHR013C,0,-3.5759256,0.07581518590450287,0.6579999923706055,0.8021000027656555
YGR156W,YBR274W,0,-3.5761564,0.07580645382404327,0.6579999923706055,0.8022000193595886
YJR033C,YOR039W,1,-3.5761745,0.07591291517019272,0.6589999794960022,0.8022000193595886
YJR104C,YOR316C,1,-3.576504,0.07601934671401978,0.6600000262260437,0.8022000193595886
YJL143W,YHR114W,0,-3.5766628,0.07601059228181839,0.6600000262260437,0.802299976348877
YOR020C,YPL131W,0,-3.5767686,0.0760018453001976,0.6600000262260437,0.8023999929428101
YGL148W,YOR182C,0,-3.5769804,0.07599309086799622,0.6600000262260437,0.8025000095367432
YML132W,YKL190W,1,-3.577319,0.0760994702577591,0.6610000133514404,0.8025000095367432
YPL063W,YPR133W-A,0,-3.5774353,0.07609070837497711,0.6610000133514404,0.8026000261306763
YEL027W,YCL017C,1,-3.577648,0.076197050511837,0.6620000004768372,0.8026000261306763
YGR162W,YHR013C,0,-3.5777984,0.07618828117847443,0.6620000004768372,0.8026999831199646
YKL040C,YOR079C,1,-3.578336,0.07629459351301193,0.6629999876022339,0.8026999831199646
YKR071C,YKR083C,0,-3.5786736,0.07628580927848816,0.6629999876022339,0.8027999997138977
YKL048C,YDL008W,0,-3.5787046,0.07627703994512558,0.6629999876022339,0.8029000163078308
YML015C,YHR181W,0,-3.5787385,0.0762682631611824,0.6629999876022339,0.8029999732971191
YJR104C,YPL135W,1,-3.5788503,0.07637450844049454,0.6639999747276306,0.8029999732971191
YPL026C,YFR014C,0,-3.5788772,0.07636572420597076,0.6639999747276306,0.8030999898910522
YCR039C,YBR112C,0,-3.5789006,0.07635694742202759,0.6639999747276306,0.8032000064849854
YGR193C,YGR134W,0,-3.5790555,0.07634816318750381,0.6639999747276306,0.8033000230789185
YJL056C,YOR147W,1,-3.57929,0.07645435631275177,0.6650000214576721,0.8033000230789185
YNL153C,YDR486C,0,-3.5795047,0.076445572078228,0.6650000214576721,0.8033999800682068
YNL318C,YGL249W,0,-3.5808208,0.07643678039312363,0.6650000214576721,0.8034999966621399
YKL134C,YOR087W,1,-3.5810306,0.076542928814888,0.6660000085830688,0.8034999966621399
YPL038W,YBL052C,0,-3.581137,0.07653412967920303,0.6660000085830688,0.803600013256073
YPL010W,YBL058W,0,-3.5813253,0.07652533799409866,0.6660000085830688,0.8036999702453613
YDR362C,YLR429W,0,-3.5819147,0.0765165463089943,0.6660000085830688,0.8037999868392944
YLR266C,YDL235C,0,-3.5822494,0.07650775462388992,0.6660000085830688,0.8039000034332275
YKL134C,YDR495C,1,-3.5824249,0.07661382853984833,0.6669999957084656,0.8039000034332275
YGL155W,YMR243C,1,-3.583748,0.07671988010406494,0.6679999828338623,0.8039000034332275
YGL259W,YNL012W,0,-3.5837767,0.07671107351779938,0.6679999828338623,0.8040000200271606
YAL008W,YPL059W,0,-3.583843,0.07670225948095322,0.6679999828338623,0.804099977016449
YDR298C,YOL144W,0,-3.5838826,0.07669345289468765,0.6679999828338623,0.8041999936103821
YKL183W,YEL029C,0,-3.5840652,0.07668465375900269,0.6679999828338623,0.8043000102043152
YMR207C,YLR361C,0,-3.5849144,0.07667584717273712,0.6679999828338623,0.8044000267982483
YOL018C,YMR042W,0,-3.5849984,0.07666704803705215,0.6679999828338623,0.8044999837875366
YNL311C,YDR312W,0,-3.5850348,0.07665824890136719,0.6679999828338623,0.8046000003814697
YHR207C,YGL173C,0,-3.5855331,0.07664945721626282,0.6679999828338623,0.8047000169754028
YJR104C,YML057W,1,-3.5859396,0.07675538957118988,0.6690000295639038,0.8047000169754028
YLR293C,YPL173W,0,-3.5863245,0.07674659043550491,0.6690000295639038,0.8047999739646912
YPL159C,YGL203C,0,-3.5864246,0.07673778384923935,0.6690000295639038,0.8048999905586243
YMR282C,YKR101W,0,-3.586571,0.07672898471355438,0.6690000295639038,0.8050000071525574
YMR233W,YER095W,0,-3.5866394,0.07672018557786942,0.6690000295639038,0.8051000237464905
YBL103C,YMR128W,0,-3.5871346,0.07671138644218445,0.6690000295639038,0.8051999807357788
YIL106W,YLR363C,0,-3.5871644,0.07670259475708008,0.6690000295639038,0.8052999973297119
YPL051W,YDR170C,0,-3.5872564,0.07669379562139511,0.6690000295639038,0.805400013923645
YDR219C,YOR076C,0,-3.5873878,0.07668500393629074,0.6690000295639038,0.8054999709129333
YNL102W,YGR104C,0,-3.5876517,0.07667621970176697,0.6690000295639038,0.8055999875068665
YNR055C,YOR127W,0,-3.587809,0.0766674280166626,0.6690000295639038,0.8057000041007996
YIL014W,YAL010C,0,-3.5883949,0.07665864378213882,0.6690000295639038,0.8058000206947327
YMR227C,YER114C,0,-3.588508,0.07664985954761505,0.6690000295639038,0.805899977684021
YDR207C,YPR198W,0,-3.5886166,0.07664108276367188,0.6690000295639038,0.8059999942779541
YCR039C,YPR073C,0,-3.5889957,0.0766323059797287,0.6690000295639038,0.8061000108718872
YKL042W,YML071C,0,-3.5891368,0.07662352174520493,0.6690000295639038,0.8062000274658203
YKL062W,YDR490C,0,-3.5891922,0.07661475241184235,0.6690000295639038,0.8062999844551086
YGL246C,YER007C-A,0,-3.5903127,0.07660597562789917,0.6690000295639038,0.8064000010490417
YLR182W,YLR120C,0,-3.5908508,0.07659720629453659,0.6690000295639038,0.8065000176429749
YDR511W,YHR190W,0,-3.590912,0.07658843696117401,0.6690000295639038,0.8065999746322632
YER177W,YKL154W,0,-3.5910814,0.07657966762781143,0.6690000295639038,0.8066999912261963
YNL091W,YHR119W,0,-3.5912147,0.07657090574502945,0.6690000295639038,0.8068000078201294
YNR059W,YLL038C,0,-3.591329,0.07656214386224747,0.6690000295639038,0.8069000244140625
YNL038W,YNL281W,0,-3.5914385,0.07655338197946548,0.6690000295639038,0.8069999814033508
YHR132C,YEL062W,0,-3.5915897,0.0765446200966835,0.6690000295639038,0.8070999979972839
YKL217W,YJL124C,0,-3.5921571,0.07653586566448212,0.6690000295639038,0.807200014591217
YIL009C-A,YDR363W-A,0,-3.5925474,0.07652711123228073,0.6690000295639038,0.8072999715805054
YPL153C,YDR034C,0,-3.5929945,0.07651835680007935,0.6690000295639038,0.8073999881744385
YOL051W,YGL051W,0,-3.59331,0.07650960981845856,0.6690000295639038,0.8075000047683716
YGL119W,YIL138C,0,-3.5934312,0.07650085538625717,0.6690000295639038,0.8076000213623047
YJR075W,YBL089W,0,-3.5935156,0.07649210840463638,0.6690000295639038,0.807699978351593
YBR295W,YOR087W,1,-3.5936408,0.07659769058227539,0.6700000166893005,0.807699978351593
YDR400W,YOR249C,0,-3.5940745,0.076588936150074,0.6700000166893005,0.8077999949455261
YMR233W,YPR019W,0,-3.59413,0.07658018171787262,0.6700000166893005,0.8079000115394592
YFL036W,YJR051W,0,-3.5944083,0.07657142728567123,0.6700000166893005,0.8080000281333923
YBR034C,YDR361C,0,-3.5947645,0.07656268030405045,0.6700000166893005,0.8080999851226807
YOL055C,YLR259C,0,-3.5952299,0.07655393332242966,0.6700000166893005,0.8082000017166138
YIL135C,YER030W,0,-3.5952468,0.07654518634080887,0.6700000166893005,0.8083000183105469
YDL198C,YER133W,1,-3.5952682,0.07665067166090012,0.6710000038146973,0.8083000183105469
YDR285W,YPL120W,0,-3.5954587,0.07664191722869873,0.6710000038146973,0.8083999752998352
YDL117W,YLR389C,0,-3.596244,0.07663316279649734,0.6710000038146973,0.8084999918937683
YJL087C,YGR169C,0,-3.596679,0.07662441581487656,0.6710000038146973,0.8086000084877014
YBL017C,YBL005W,0,-3.59668,0.07661566883325577,0.6710000038146973,0.8087000250816345
YOL059W,YNR031C,0,-3.5975473,0.07660692185163498,0.6710000038146973,0.8087999820709229
YAL022C,YDR424C,0,-3.5976102,0.07659817487001419,0.6710000038146973,0.808899998664856
YLR181C,YCL055W,0,-3.5977833,0.0765894278883934,0.6710000038146973,0.8090000152587891
YLR277C,YBR087W,0,-3.5980139,0.07658068835735321,0.6710000038146973,0.8090999722480774
YAR002C-A,YLR208W,0,-3.5989988,0.07657194882631302,0.6710000038146973,0.8091999888420105
YOL045W,YGL026C,0,-3.5998437,0.07656321674585342,0.6710000038146973,0.8093000054359436
YML016C,YPL202C,1,-3.600824,0.07666856795549393,0.671999990940094,0.8093000054359436
YHR088W,YDL015C,0,-3.601167,0.07665982097387314,0.671999990940094,0.8094000220298767
YAL022C,YOL055C,0,-3.6013227,0.07665108144283295,0.671999990940094,0.809499979019165
YER168C,YEL064C,0,-3.6014266,0.07664233446121216,0.671999990940094,0.8095999956130981
YOR330C,YER007W,0,-3.6017075,0.07663359493017197,0.671999990940094,0.8097000122070312
YNR048W,YNL238W,0,-3.6021488,0.07662485539913177,0.671999990940094,0.8098000288009644
YBL076C,YKR006C,0,-3.6025584,0.07661612331867218,0.671999990940094,0.8098999857902527
YER032W,YBR251W,0,-3.602721,0.07660738378763199,0.671999990940094,0.8100000023841858
YML015C,YER017C,0,-3.6027246,0.0765986517071724,0.671999990940094,0.8101000189781189
YKL144C,YBR030W,0,-3.6032698,0.0765899270772934,0.671999990940094,0.8101999759674072
YJR131W,YMR297W,0,-3.6034381,0.0765811949968338,0.671999990940094,0.8102999925613403
YGL127C,YDR086C,0,-3.6036258,0.0765724703669548,0.671999990940094,0.8104000091552734
YGL126W,YNL294C,0,-3.6037455,0.0765637457370758,0.671999990940094,0.8105000257492065
YLR389C,YPL042C,0,-3.6041946,0.07655502110719681,0.671999990940094,0.8105999827384949
YBR247C,YOR359W,0,-3.604267,0.07654630392789841,0.671999990940094,0.810699999332428
YNL189W,YDR265W,0,-3.6043544,0.0765375867486,0.671999990940094,0.8108000159263611
YBR036C,YGL155W,1,-3.6048691,0.07664275169372559,0.6729999780654907,0.8108000159263611
YJL019W,YPR041W,0,-3.6052692,0.07663402706384659,0.6729999780654907,0.8108999729156494
YLR209C,YNL084C,0,-3.6061153,0.07662530243396759,0.6729999780654907,0.8109999895095825
YOR260W,YDL029W,0,-3.60618,0.07661657780408859,0.6729999780654907,0.8111000061035156
YNL032W,YNL173C,0,-3.606617,0.0766078531742096,0.6729999780654907,0.8112000226974487
YPL091W,YHR186C,0,-3.6066248,0.0765991359949112,0.6729999780654907,0.8112999796867371
YDL128W,YKR050W,1,-3.6074164,0.07670421898365021,0.6740000247955322,0.8112999796867371
YAL023C,YKL059C,0,-3.608821,0.07669549435377121,0.6740000247955322,0.8113999962806702
YFL036W,YGR158C,0,-3.6090004,0.07668676972389221,0.6740000247955322,0.8115000128746033
YBL030C,YDL225W,0,-3.6091664,0.07667804509401321,0.6740000247955322,0.8116000294685364
YKL117W,YDR364C,0,-3.6095555,0.07666932046413422,0.6740000247955322,0.8116999864578247
YPL213W,YHL032C,0,-3.6102066,0.07666060328483582,0.6740000247955322,0.8118000030517578
YLR440C,YLR370C,0,-3.6103356,0.07665187865495682,0.6740000247955322,0.8119000196456909
YJL006C,YAL017W,0,-3.6103878,0.07664316892623901,0.6740000247955322,0.8119999766349792
YMR201C,YPL007C,0,-3.610408,0.07663445174694061,0.6740000247955322,0.8120999932289124
YKL043W,YKL110C,0,-3.610426,0.07662574201822281,0.6740000247955322,0.8122000098228455
YJR135C,YDR320C,0,-3.6105416,0.07661702483892441,0.6740000247955322,0.8123000264167786
YPL101W,YKR088C,0,-3.6110241,0.0766083225607872,0.6740000247955322,0.8123999834060669
YIL035C,YGR020C,1,-3.6111352,0.07671326398849487,0.675000011920929,0.8123999834060669
YNL133C,YPL040C,0,-3.611495,0.07670454680919647,0.675000011920929,0.8125
YDL240W,YLR373C,0,-3.6116946,0.07669582962989807,0.675000011920929,0.8126000165939331
YDR218C,YMR023C,0,-3.6118321,0.07668711990118027,0.675000011920929,0.8126999735832214
YOR372C,YDL154W,0,-3.6122434,0.07667840272188187,0.675000011920929,0.8127999901771545
YFR013W,YGR082W,0,-3.6123712,0.07666969299316406,0.675000011920929,0.8129000067710876
YOR243C,YKR030W,0,-3.6125467,0.07666099071502686,0.675000011920929,0.8130000233650208
YMR019W,YJL101C,0,-3.6130483,0.07665228098630905,0.675000011920929,0.8130999803543091
YCR063W,YLR127C,0,-3.6131313,0.07664357870817184,0.675000011920929,0.8131999969482422
YOR206W,YPL193W,0,-3.613733,0.07663487643003464,0.675000011920929,0.8133000135421753
YGR044C,YMR033W,0,-3.6139123,0.07662617415189743,0.675000011920929,0.8133999705314636
YGL148W,YOR167C,0,-3.6142235,0.07661747932434082,0.675000011920929,0.8134999871253967
YKL161C,YGR030C,0,-3.6147168,0.07660878449678421,0.675000011920929,0.8136000037193298
YBR182C,YGR104C,0,-3.6148465,0.0766000896692276,0.675000011920929,0.8137000203132629
YDR219C,YHR073W,0,-3.6150692,0.07659140229225159,0.675000011920929,0.8137999773025513
YKL040C,YMR301C,1,-3.6152375,0.07669616490602493,0.6759999990463257,0.8137999773025513
YPR043W,YGR143W,0,-3.6157267,0.07668746262788773,0.6759999990463257,0.8138999938964844
YER088C,YDL029W,0,-3.6158073,0.07667876780033112,0.6759999990463257,0.8140000104904175
YKL045W,YOR275C,0,-3.6158435,0.07667006552219391,0.6759999990463257,0.8141000270843506
YBL011W,YBR001C,0,-3.6165676,0.0766613781452179,0.6759999990463257,0.8141999840736389
YJR040W,YJR059W,1,-3.616803,0.07676607370376587,0.6769999861717224,0.8141999840736389
YDR466W,YDR412W,0,-3.6170018,0.07675737142562866,0.6769999861717224,0.814300000667572
YGR014W,YHR085W,0,-3.617006,0.07674866914749146,0.6769999861717224,0.8144000172615051
YBR120C,YGL092W,0,-3.6171763,0.07673996686935425,0.6769999861717224,0.8144999742507935
YNL192W,YHR132C,0,-3.6186216,0.07673127204179764,0.6769999861717224,0.8145999908447266
YIL039W,YDR532C,0,-3.6187885,0.07672257721424103,0.6769999861717224,0.8147000074386597
YPL183W-A,YIL098C,0,-3.6190686,0.07671388238668442,0.6769999861717224,0.8148000240325928
YPR105C,YOL109W,0,-3.6194334,0.07670518755912781,0.6769999861717224,0.8148999810218811
YDR243C,YOR103C,0,-3.6194713,0.0766965001821518,0.6769999861717224,0.8149999976158142
YKR050W,YKL190W,1,-3.6197517,0.07680108398199081,0.6779999732971191,0.8149999976158142
YIL143C,YML023C,0,-3.6202595,0.0767923891544342,0.6779999732971191,0.8151000142097473
YMR213W,YEL016C,0,-3.6235769,0.0767836943268776,0.6779999732971191,0.8151999711990356
YLR305C,YJL110C,0,-3.6240175,0.07677499949932098,0.6779999732971191,0.8152999877929688
YPL031C,YMR286W,0,-3.6241724,0.07676630467176437,0.6779999732971191,0.8154000043869019
YPL101W,YNL232W,0,-3.624285,0.07675760984420776,0.6779999732971191,0.815500020980835
YIL084C,YNL267W,0,-3.6243598,0.07674892246723175,0.6779999732971191,0.8155999779701233
YLR450W,YDR069C,0,-3.6245806,0.07674023509025574,0.6779999732971191,0.8156999945640564
YGR094W,YBR162C,0,-3.6247294,0.07673155516386032,0.6779999732971191,0.8158000111579895
YML067C,YDR301W,0,-3.6248505,0.07672286778688431,0.6779999732971191,0.8159000277519226
YOR018W,YNR035C,0,-3.6250393,0.07671418786048889,0.6779999732971191,0.8159999847412109
YNR059W,YBR123C,0,-3.6250448,0.07670550793409348,0.6779999732971191,0.816100001335144
YFL047W,YGR097W,0,-3.625324,0.07669683545827866,0.6779999732971191,0.8162000179290771
YDR373W,YOL082W,0,-3.625542,0.07668815553188324,0.6779999732971191,0.8162999749183655
YDL108W,YDL070W,0,-3.6257973,0.07667948305606842,0.6779999732971191,0.8163999915122986
YOR206W,YJL008C,0,-3.6271508,0.0766708105802536,0.6779999732971191,0.8165000081062317
YCL004W,YOL102C,0,-3.6274383,0.07666214555501938,0.6779999732971191,0.8166000247001648
YLR404W,YLR043C,0,-3.627858,0.07665347307920456,0.6779999732971191,0.8166999816894531
YDL128W,YDR376W,1,-3.628392,0.07675785571336746,0.6790000200271606,0.8166999816894531
YDR229W,YJL134W,0,-3.6287193,0.07674918323755264,0.6790000200271606,0.8167999982833862
YOR192C,YER028C,0,-3.6290011,0.07674050331115723,0.6790000200271606,0.8169000148773193
YMR033W,YDR078C,0,-3.6291308,0.07673183083534241,0.6790000200271606,0.8169999718666077
YDR376W,YOR129C,1,-3.630195,0.07683616131544113,0.6800000071525574,0.8169999718666077
YKL197C,YER060W,0,-3.630211,0.07682747393846512,0.6800000071525574,0.8170999884605408
YNR044W,YCL055W,0,-3.6304018,0.0768188014626503,0.6800000071525574,0.8172000050544739
YDL067C,YNL287W,0,-3.6305792,0.07681012153625488,0.6800000071525574,0.817300021648407
YBR086C,YNL273W,0,-3.6308603,0.07680144906044006,0.6800000071525574,0.8173999786376953
YDR189W,YGR118W,0,-3.6311066,0.07679276913404465,0.6800000071525574,0.8174999952316284
YGL084C,YIL093C,0,-3.6323874,0.07678410410881042,0.6800000071525574,0.8176000118255615
YGL003C,YLL048C,0,-3.632548,0.0767754316329956,0.6800000071525574,0.8177000284194946
YKL119C,YJL129C,1,-3.6327066,0.07687965780496597,0.6809999942779541,0.8177000284194946
YPL175W,YFL041W,0,-3.6337087,0.07687097787857056,0.6809999942779541,0.817799985408783
YMR112C,YPL145C,0,-3.633937,0.07686230540275574,0.6809999942779541,0.8179000020027161
YDL054C,YDR054C,0,-3.6339629,0.07685362547636032,0.6809999942779541,0.8180000185966492
YMR301C,YML057W,1,-3.6341393,0.07695779949426651,0.6819999814033508,0.8180000185966492
YEL058W,YGR082W,0,-3.6344888,0.0769491121172905,0.6819999814033508,0.8180999755859375
YOR110W,YNL292W,0,-3.6349,0.07694043219089508,0.6819999814033508,0.8181999921798706
YJL208C,YOL116W,0,-3.6349266,0.07693175226449966,0.6819999814033508,0.8183000087738037
YDR158W,YDL229W,0,-3.6351786,0.07692307978868484,0.6819999814033508,0.8184000253677368
YPR154W,YDL074C,0,-3.6353643,0.07691439986228943,0.6819999814033508,0.8184999823570251
YML116W,YCR028C,0,-3.6358774,0.07690572738647461,0.6819999814033508,0.8185999989509583
YGR238C,YKL210W,0,-3.6364205,0.07689705491065979,0.6819999814033508,0.8187000155448914
YOR332W,YMR301C,1,-3.6370163,0.07700112462043762,0.6830000281333923,0.8187000155448914
YDR122W,YMR250W,0,-3.6371129,0.0769924446940422,0.6830000281333923,0.8187999725341797
YDL113C,YDR197W,0,-3.6371613,0.07698377221822739,0.6830000281333923,0.8188999891281128
YJR065C,YPR032W,0,-3.6372902,0.07697509229183197,0.6830000281333923,0.8190000057220459
YHR012W,YDR211W,0,-3.6375377,0.07696641981601715,0.6830000281333923,0.819100022315979
YHR036W,YOR372C,0,-3.6375744,0.07695774734020233,0.6830000281333923,0.8191999793052673
YER178W,YNL218W,0,-3.637746,0.07694907486438751,0.6830000281333923,0.8192999958992004
YJL069C,YGR024C,0,-3.638271,0.07694040983915329,0.6830000281333923,0.8194000124931335
YML023C,YHR085W,0,-3.6383152,0.07693174481391907,0.6830000281333923,0.8195000290870667
YJL053W,YJL044C,0,-3.63954,0.07692307978868484,0.6830000281333923,0.819599986076355
YOR372C,YML091C,0,-3.6401002,0.07691441476345062,0.6830000281333923,0.8197000026702881
YAR002C-A,YDR368W,0,-3.6404684,0.076905757188797,0.6830000281333923,0.8198000192642212
YPL115C,YDR304C,0,-3.6405623,0.07689709216356277,0.6830000281333923,0.8198999762535095
YPR035W,YOR369C,0,-3.6407952,0.07688844203948975,0.6830000281333923,0.8199999928474426
YJR108W,YER153C,0,-3.6416352,0.07687978446483612,0.6830000281333923,0.8201000094413757
YPL139C,YJL164C,0,-3.6423237,0.07687113434076309,0.6830000281333923,0.8202000260353088
YGR083C,YGL120C,0,-3.6426497,0.07686247676610947,0.6830000281333923,0.8202999830245972
YOR109W,YML049C,0,-3.6428955,0.07685383409261703,0.6830000281333923,0.8203999996185303
YBR055C,YLR380W,0,-3.6432698,0.076845183968544,0.6830000281333923,0.8205000162124634
YDR244W,YMR275C,0,-3.6433606,0.07683654129505157,0.6830000281333923,0.8205999732017517
YOR363C,YFL061W,0,-3.6438463,0.07682789862155914,0.6830000281333923,0.8206999897956848
YOR226C,YOR332W,1,-3.6441355,0.07693172991275787,0.6840000152587891,0.8206999897956848
YIL074C,YNL330C,0,-3.6443496,0.07692307978868484,0.6840000152587891,0.8208000063896179
YOR129C,YJL129C,1,-3.644687,0.07702687382698059,0.6850000023841858,0.8208000063896179
YMR182C,YDR292C,0,-3.6449003,0.07701821625232697,0.6850000023841858,0.820900022983551
YMR301C,YDL120W,1,-3.6453116,0.07712198048830032,0.6859999895095825,0.820900022983551
YHR114W,YHR201C,0,-3.6459272,0.0771133080124855,0.6859999895095825,0.8209999799728394
YPL115C,YLR404W,0,-3.645936,0.07710464298725128,0.6859999895095825,0.8210999965667725
YCL043C,YNL258C,0,-3.6463299,0.07709597796201706,0.6859999895095825,0.8212000131607056
YJR138W,YOL009C,0,-3.6464324,0.07708731293678284,0.6859999895095825,0.8213000297546387
YOR192C,YMR198W,0,-3.6468675,0.07707865536212921,0.6859999895095825,0.821399986743927
YML023C,YOR250C,0,-3.6475296,0.07706999033689499,0.6859999895095825,0.8215000033378601
YEL051W,YCL017C,1,-3.647751,0.07717366516590118,0.6869999766349792,0.8215000033378601
YBR080C,YKL195W,0,-3.648389,0.07716500014066696,0.6869999766349792,0.8216000199317932
YOL103W,YPR095C,0,-3.648677,0.07715633511543274,0.6869999766349792,0.8216999769210815
YMR081C,YDL225W,0,-3.6488068,0.07714767009019852,0.6869999766349792,0.8217999935150146
YDR410C,YNR038W,0,-3.6488469,0.0771390050649643,0.6869999766349792,0.8219000101089478
YMR203W,YBR274W,0,-3.6491196,0.07713034749031067,0.6869999766349792,0.8220000267028809
YDR227W,YKL074C,0,-3.649636,0.07712168991565704,0.6869999766349792,0.8220999836921692
YDR243C,YNL306W,0,-3.6496415,0.07711303234100342,0.6869999766349792,0.8222000002861023
YGR124W,YGR143W,0,-3.649687,0.07710437476634979,0.6869999766349792,0.8223000168800354
YJR108W,YNL293W,0,-3.6498077,0.07709572464227676,0.6869999766349792,0.8223999738693237
YGL220W,YNR050C,0,-3.6499012,0.07708707451820374,0.6869999766349792,0.8224999904632568
YMR227C,YBR274W,0,-3.6508057,0.0770784243941307,0.6869999766349792,0.8226000070571899
YMR012W,YHR186C,0,-3.6516335,0.07706977427005768,0.6869999766349792,0.822700023651123
YDR373W,YBR208C,0,-3.6528144,0.07706113159656525,0.6869999766349792,0.8227999806404114
YOR308C,YOR016C,0,-3.6537879,0.07705248892307281,0.6869999766349792,0.8228999972343445
YIL095W,YFR037C,0,-3.65396,0.07704384624958038,0.6869999766349792,0.8230000138282776
YOR195W,YER008C,0,-3.6542003,0.07703521102666855,0.6869999766349792,0.8230999708175659
YPR108W,YMR137C,0,-3.6547856,0.07702657580375671,0.6869999766349792,0.823199987411499
YLR176C,YDL138W,0,-3.6548653,0.07701794058084488,0.6869999766349792,0.8233000040054321
YLR165C,YGR104C,0,-3.6550202,0.07700930535793304,0.6869999766349792,0.8234000205993652
YMR177W,YKL175W,1,-3.6554816,0.07711275666952133,0.6880000233650208,0.8234000205993652
YDR378C,YKL034W,0,-3.6558015,0.0771041139960289,0.6880000233650208,0.8234999775886536
YLR305C,YKR095W,0,-3.6559339,0.07709547132253647,0.6880000233650208,0.8235999941825867
YDR436W,YJL059W,1,-3.656081,0.07719887793064117,0.6890000104904175,0.8235999941825867
YER005W,YMR123W,0,-3.6562035,0.07719022780656815,0.6890000104904175,0.8237000107765198
YGR075C,YGL174W,0,-3.6567945,0.07718158513307571,0.6890000104904175,0.8238000273704529
YDR054C,YLR268W,0,-3.6568453,0.07717294245958328,0.6890000104904175,0.8238999843597412
YIL068C,YJL176C,0,-3.6568577,0.07716429978609085,0.6890000104904175,0.8240000009536743
YOR301W,YJL192C,0,-3.657352,0.07715565711259842,0.6890000104904175,0.8241000175476074
YOR092W,YNL029C,0,-3.6574712,0.07714701443910599,0.6890000104904175,0.8241999745368958
YML048W,YDR454C,0,-3.6576722,0.07713837921619415,0.6890000104904175,0.8242999911308289
YJR123W,YBR092C,0,-3.6581204,0.07712974399328232,0.6890000104904175,0.824400007724762
YDR527W,YML071C,0,-3.6595113,0.07712110877037048,0.6890000104904175,0.8245000243186951
YJL174W,YHR044C,0,-3.6597114,0.07711248099803925,0.6890000104904175,0.8245999813079834
YDR164C,YNR011C,0,-3.6602027,0.07710385322570801,0.6890000104904175,0.8246999979019165
YDR243C,YPR070W,0,-3.6613522,0.07709522545337677,0.6890000104904175,0.8248000144958496
YBR187W,YDL225W,0,-3.6615648,0.07708659768104553,0.6890000104904175,0.8248999714851379
YOR008C,YNL119W,0,-3.6620748,0.0770779699087143,0.6890000104904175,0.824999988079071
YDR169C,YGR234W,0,-3.6621797,0.07706934958696365,0.6890000104904175,0.8251000046730042
YPL154C,YDR320C,0,-3.662811,0.07706072926521301,0.6890000104904175,0.8252000212669373
YGR095C,YDR164C,0,-3.6628225,0.07705211639404297,0.6890000104904175,0.8252999782562256
YGL212W,YCR096C,0,-3.6630862,0.07704349607229233,0.6890000104904175,0.8253999948501587
YHR079C,YDL033C,0,-3.663167,0.07703488320112228,0.6890000104904175,0.8255000114440918
YER012W,YIL095W,0,-3.6632526,0.07702627032995224,0.6890000104904175,0.8256000280380249
YER154W,YLR147C,0,-3.6634228,0.07701766490936279,0.6890000104904175,0.8256999850273132
YGR185C,YBR286W,0,-3.663733,0.07700905203819275,0.6890000104904175,0.8258000016212463
YAL051W,YPL033C,0,-3.6645827,0.0770004466176033,0.6890000104904175,0.8259000182151794
YMR070W,YFR010W,0,-3.6650803,0.07699184119701385,0.6890000104904175,0.8259999752044678
YIL005W,YGR081C,0,-3.665542,0.076983243227005,0.6890000104904175,0.8260999917984009
YOR011W,YPL075W,0,-3.665746,0.07697463780641556,0.6890000104904175,0.826200008392334
YCR065W,YDR260C,0,-3.6658182,0.07696603983640671,0.6890000104904175,0.8263000249862671
YGR061C,YGL031C,0,-3.6661074,0.07695744186639786,0.6890000104904175,0.8263999819755554
YMR094W,YMR182C,0,-3.666404,0.0769488513469696,0.6890000104904175,0.8264999985694885
YDR400W,YOL076W,0,-3.6665251,0.07694025337696075,0.6890000104904175,0.8266000151634216
YDL108W,YDR420W,0,-3.6667583,0.0769316628575325,0.6890000104904175,0.82669997215271
YKL045W,YNL294C,0,-3.6676435,0.07692307978868484,0.6890000104904175,0.8267999887466431
YKL170W,YNL051W,0,-3.6677325,0.07691448926925659,0.6890000104904175,0.8269000053405762
YLL001W,YOR159C,0,-3.6677563,0.07690590620040894,0.6890000104904175,0.8270000219345093
YIL154C,YIL062C,0,-3.6677637,0.07689732313156128,0.6890000104904175,0.8270999789237976
YMR137C,YKL059C,0,-3.668499,0.07688874006271362,0.6890000104904175,0.8271999955177307
YKL095W,YNL273W,0,-3.668718,0.07688015699386597,0.6890000104904175,0.8273000121116638
YLR403W,YDR405W,0,-3.6694224,0.07687158137559891,0.6890000104904175,0.8274000287055969
YOR257W,YER126C,0,-3.670234,0.07686300575733185,0.6890000104904175,0.8274999856948853
YNL298W,YOL023W,0,-3.670343,0.07685443758964539,0.6890000104904175,0.8276000022888184
YPL149W,YBR037C,0,-3.6706321,0.07684586197137833,0.6890000104904175,0.8277000188827515
YPL127C,YPL214C,0,-3.6706822,0.07683729380369186,0.6890000104904175,0.8277999758720398
YOR026W,YMR075W,0,-3.6711926,0.0768287256360054,0.6890000104904175,0.8278999924659729
YPL148C,YMR077C,0,-3.6714442,0.07682015746831894,0.6890000104904175,0.828000009059906
YGR063C,YJL121C,0,-3.6715395,0.07681159675121307,0.6890000104904175,0.8281000256538391
YLR047C,YML006C,1,-3.6718597,0.07691450417041779,0.6899999976158142,0.8281000256538391
YBR187W,YJL097W,0,-3.672393,0.07690592855215073,0.6899999976158142,0.8281999826431274
YJR021C,YKL064W,0,-3.6724362,0.07689736038446426,0.6899999976158142,0.8282999992370605
YMR264W,YBR046C,0,-3.6749518,0.0768887922167778,0.6899999976158142,0.8284000158309937
YDR308C,YLL034C,0,-3.6752279,0.07688022404909134,0.6899999976158142,0.828499972820282
YMR125W,YMR192W,0,-3.6753561,0.07687165588140488,0.6899999976158142,0.8285999894142151
YDR507C,YGR058W,0,-3.676047,0.07686309516429901,0.6899999976158142,0.8287000060081482
YHR082C,YMR098C,0,-3.6763031,0.07685453444719315,0.6899999976158142,0.8288000226020813
YNL151C,YIL093C,0,-3.6763093,0.07684597373008728,0.6899999976158142,0.8288999795913696
YPL204W,YNR017W,0,-3.6768668,0.07683741301298141,0.6899999976158142,0.8289999961853027
YNL025C,YNL015W,0,-3.6769164,0.07682885974645615,0.6899999976158142,0.8291000127792358
YDR372C,YMR241W,0,-3.6769612,0.07682030647993088,0.6899999976158142,0.829200029373169
YDR404C,YHL025W,0,-3.6784446,0.07681175321340561,0.6899999976158142,0.8292999863624573
YNL091W,YJR036C,0,-3.6790032,0.07680320739746094,0.6899999976158142,0.8294000029563904
YOR119C,YPL273W,0,-3.6793392,0.07679465413093567,0.6899999976158142,0.8295000195503235
YGL061C,YDR501W,0,-3.6795423,0.076786108314991,0.6899999976158142,0.8295999765396118
YJR049C,YOR270C,1,-3.6798632,0.07688883692026138,0.6909999847412109,0.8295999765396118
YOL093W,YEL037C,0,-3.679901,0.07688028365373611,0.6909999847412109,0.8296999931335449
YJR010C-A,YMR240C,0,-3.6800072,0.07687173038721085,0.6909999847412109,0.829800009727478
YCL001W,YOL116W,0,-3.6801383,0.07686318457126617,0.6909999847412109,0.8299000263214111
YOR191W,YNL311C,0,-3.6804345,0.0768546313047409,0.6909999847412109,0.8299999833106995
YDR487C,YML085C,0,-3.6805542,0.07684608548879623,0.6909999847412109,0.8300999999046326
YJR133W,YLL051C,0,-3.6808054,0.07683753967285156,0.6909999847412109,0.8302000164985657
YDR479C,YMR100W,0,-3.6810317,0.07682899385690689,0.6909999847412109,0.830299973487854
YMR177W,YKL119C,1,-3.681401,0.07693162560462952,0.6919999718666077,0.830299973487854
YCR044C,YML057W,1,-3.6816156,0.07703423500061035,0.6930000185966492,0.830299973487854
YGL168W,YLR323C,0,-3.6822932,0.07702567428350449,0.6930000185966492,0.8303999900817871
YPL074W,YPL028W,0,-3.6831915,0.07701711356639862,0.6930000185966492,0.8305000066757202
YEL040W,YDL136W,0,-3.6836064,0.07700855284929276,0.6930000185966492,0.8306000232696533
YOR129C,YHR060W,1,-3.6837823,0.07711111009120941,0.6940000057220459,0.8306000232696533
YDL111C,YPR108W,0,-3.6840925,0.07710254192352295,0.6940000057220459,0.8306999802589417
YDR229W,YDL142C,0,-3.684953,0.07709398120641708,0.6940000057220459,0.8307999968528748
YDR379W,YNL123W,0,-3.6850517,0.07708541303873062,0.6940000057220459,0.8309000134468079
YBR036C,YPL202C,1,-3.6851704,0.0771879181265831,0.6949999928474426,0.8309000134468079
YJL080C,YHR027C,0,-3.6858096,0.07717934250831604,0.6949999928474426,0.8309999704360962
YDR501W,YGR154C,0,-3.685949,0.07717077434062958,0.6949999928474426,0.8310999870300293
YNL191W,YNL286W,0,-3.6861591,0.07716220617294312,0.6949999928474426,0.8312000036239624
YML099C,YDR507C,0,-3.6863062,0.07715363800525665,0.6949999928474426,0.8313000202178955
YBL025W,YDL046W,0,-3.6868503,0.07714507728815079,0.6949999928474426,0.8313999772071838
YGR082W,YEL052W,0,-3.6869855,0.07713651657104492,0.6949999928474426,0.8314999938011169
YGL003C,YHR002W,0,-3.6873858,0.07712795585393906,0.6949999928474426,0.83160001039505
YOR332W,YHR060W,1,-3.6883867,0.07723035663366318,0.6959999799728394,0.83160001039505
YKR097W,YJL019W,0,-3.6884212,0.07722178846597672,0.6959999799728394,0.8317000269889832
YDR425W,YPR198W,0,-3.6884284,0.07721322029829025,0.6959999799728394,0.8317999839782715
YER093C,YDR140W,0,-3.6885016,0.07720465958118439,0.6959999799728394,0.8319000005722046
YFL001W,YBR301W,0,-3.6889575,0.07719609886407852,0.6959999799728394,0.8320000171661377
YML034W,YHR099W,0,-3.689602,0.07718753814697266,0.6959999799728394,0.832099974155426
YCR106W,YLL031C,0,-3.6896174,0.07717897742986679,0.6959999799728394,0.8321999907493591
YML099C,YGL093W,0,-3.6896517,0.07717041671276093,0.6959999799728394,0.8323000073432922
YPL100W,YNL032W,0,-3.689726,0.07716186344623566,0.6959999799728394,0.8324000239372253
YGL084C,YGL147C,0,-3.689912,0.07715331017971039,0.6959999799728394,0.8324999809265137
YKL183W,YJL134W,0,-3.6905444,0.07714475691318512,0.6959999799728394,0.8325999975204468
YHR181W,YDR499W,0,-3.6905472,0.07713621109724045,0.6959999799728394,0.8327000141143799
YBR036C,YOR054C,1,-3.6914194,0.07723847776651382,0.6970000267028809,0.8327000141143799
YCL024W,YAL016W,0,-3.6914904,0.07722991704940796,0.6970000267028809,0.8327999711036682
YOL095C,YOR020C,0,-3.6915886,0.07722136378288269,0.6970000267028809,0.8328999876976013
YBL087C,YML086C,0,-3.6916707,0.07721280306577682,0.6970000267028809,0.8330000042915344
YKR009C,YDL076C,0,-3.6919372,0.07720424979925156,0.6970000267028809,0.8331000208854675
YOR181W,YNL081C,0,-3.6919897,0.07719570398330688,0.6970000267028809,0.8331999778747559
YFL037W,YDR005C,0,-3.6934717,0.07718715071678162,0.6970000267028809,0.833299994468689
YDL111C,YBR043C,0,-3.6942222,0.07717860490083694,0.6970000267028809,0.8334000110626221
YDR062W,YKR100C,0,-3.694248,0.07717005908489227,0.6970000267028809,0.8335000276565552
YMR177W,YOR381W,1,-3.6943595,0.07727222144603729,0.6980000138282776,0.8335000276565552
YAL022C,YDR150W,0,-3.6944568,0.07726366817951202,0.6980000138282776,0.8335999846458435
YMR313C,YKL085W,0,-3.6947095,0.07725512236356735,0.6980000138282776,0.8337000012397766
YKR062W,YNL020C,0,-3.695059,0.07724656909704208,0.6980000138282776,0.8338000178337097
YML016C,YER133W,1,-3.6953228,0.07734867930412292,0.6990000009536743,0.8338000178337097
YOR089C,YDL102W,0,-3.695555,0.07734011858701706,0.6990000009536743,0.833899974822998
YGR024C,YDR178W,0,-3.6961124,0.07733156532049179,0.6990000009536743,0.8339999914169312
YJR075W,YFR024C-A,0,-3.696324,0.07732301205396652,0.6990000009536743,0.8341000080108643
YHR186C,YML028W,0,-3.6973648,0.07731445878744125,0.6990000009536743,0.8342000246047974
YER174C,YCR044C,1,-3.6974952,0.07741650193929672,0.699999988079071,0.8342000246047974
YOR060C,YHR165C,0,-3.6977346,0.07740794122219086,0.699999988079071,0.8342999815940857
YBL088C,YMR065W,0,-3.6978576,0.07739938050508499,0.699999988079071,0.8343999981880188
YLR285W,YNL221C,0,-3.6979537,0.07739082723855972,0.699999988079071,0.8345000147819519
YGR199W,YAL030W,0,-3.698562,0.07738226652145386,0.699999988079071,0.8345999717712402
YOR181W,YOR249C,0,-3.6989632,0.07737371325492859,0.699999988079071,0.8346999883651733
YPL175W,YKL166C,0,-3.6989849,0.07736515998840332,0.699999988079071,0.8348000049591064
YJR139C,YIL118W,0,-3.6990616,0.07735661417245865,0.699999988079071,0.8349000215530396
YMR234W,YPL007C,0,-3.6994226,0.07734806835651398,0.699999988079071,0.8349999785423279
YBR272C,YGL141W,0,-3.6995184,0.0773395225405693,0.699999988079071,0.835099995136261
YDR529C,YPL004C,0,-3.6995394,0.07733097672462463,0.699999988079071,0.8352000117301941
YOL028C,YOR066W,0,-3.699837,0.07732243090867996,0.699999988079071,0.8353000283241272
YDL245C,YDR317W,0,-3.7002041,0.07731389254331589,0.699999988079071,0.8353999853134155
YKL197C,YOR066W,0,-3.7002304,0.07730535417795181,0.699999988079071,0.8355000019073486
YBR207W,YIL021W,0,-3.7003152,0.07729682326316833,0.699999988079071,0.8356000185012817
YKL175W,YEL027W,1,-3.7005305,0.07739869505167007,0.7009999752044678,0.8356000185012817
YMR177W,YJL129C,1,-3.7005324,0.07750055193901062,0.7020000219345093,0.8356000185012817
YFL004W,YLL022C,0,-3.7005932,0.07749199867248535,0.7020000219345093,0.8356999754905701
YOR061W,YJR104C,1,-3.7010608,0.07759381830692291,0.703000009059906,0.8356999754905701
YIL098C,YMR198W,0,-3.701326,0.07758525758981705,0.703000009059906,0.8357999920845032
YCR044C,YOR129C,1,-3.70198,0.07768704742193222,0.7039999961853027,0.8357999920845032
YIL124W,YHR106W,0,-3.7023633,0.07767847180366516,0.7039999961853027,0.8359000086784363
YDR378C,YER177W,0,-3.7029169,0.0776699036359787,0.7039999961853027,0.8360000252723694
YNR003C,YOL142W,0,-3.7030833,0.07766133546829224,0.7039999961853027,0.8360999822616577
YOR124C,YBR123C,0,-3.7035828,0.07765276730060577,0.7039999961853027,0.8361999988555908
YBR081C,YOR372C,0,-3.7037458,0.07764420658349991,0.7039999961853027,0.8363000154495239
YKR037C,YER013W,0,-3.7038894,0.07763563841581345,0.7039999961853027,0.8363999724388123
YBR112C,YBR060C,0,-3.7039897,0.07762707769870758,0.7039999961853027,0.8364999890327454
YER046W,YLL009C,0,-3.704139,0.07761852443218231,0.7039999961853027,0.8366000056266785
YER063W,YGR244C,0,-3.704197,0.07760996371507645,0.7039999961853027,0.8367000222206116
YDR497C,YML031W,0,-3.7042458,0.07760141044855118,0.7039999961853027,0.8367999792098999
YMR289W,YCL016C,0,-3.7045074,0.07759285718202591,0.7039999961853027,0.836899995803833
YBR261C,YPR133C,0,-3.7047527,0.07758430391550064,0.7039999961853027,0.8370000123977661
YER177W,YIL018W,0,-3.7049718,0.07757575809955597,0.7039999961853027,0.8371000289916992
YBR272C,YNR008W,0,-3.705476,0.0775672122836113,0.7039999961853027,0.8371999859809875
YMR002W,YIL153W,0,-3.7055414,0.07755866646766663,0.7039999961853027,0.8373000025749207
YGL098W,YNL156C,0,-3.705938,0.07755012065172195,0.7039999961853027,0.8374000191688538
YDR436W,YBR295W,1,-3.70599,0.0776517242193222,0.7049999833106995,0.8374000191688538
YCR063W,YPL262W,0,-3.7061446,0.07764317095279694,0.7049999833106995,0.8374999761581421
YKL040C,YCL017C,1,-3.7065282,0.0777447447180748,0.7059999704360962,0.8374999761581421
YFR034C,YPL204W,0,-3.7068415,0.07773618400096893,0.7059999704360962,0.8375999927520752
YIL088C,YMR319C,0,-3.7069786,0.07772762328386307,0.7059999704360962,0.8377000093460083
YAL029C,YLR259C,0,-3.70707,0.0777190700173378,0.7059999704360962,0.8378000259399414
YOR008C,YPR131C,0,-3.7072685,0.07771050930023193,0.7059999704360962,0.8378999829292297
YLR204W,YPR173C,0,-3.7073414,0.07770195603370667,0.7059999704360962,0.8379999995231628
YBR287W,YGL127C,0,-3.7074516,0.077693410217762,0.7059999704360962,0.838100016117096
YLR300W,YNL079C,0,-3.707577,0.07768485695123672,0.7059999704360962,0.8381999731063843
YDL019C,YIL111W,0,-3.707686,0.07767631113529205,0.7059999704360962,0.8382999897003174
YPL172C,YJR060W,0,-3.7076957,0.07766776531934738,0.7059999704360962,0.8384000062942505
YLR239C,YDR363W-A,0,-3.7085466,0.0776592269539833,0.7059999704360962,0.8385000228881836
YFR013W,YDR315C,0,-3.7085738,0.07765068113803864,0.7059999704360962,0.8385999798774719
YIL136W,YDR516C,0,-3.7085783,0.07764214277267456,0.7059999704360962,0.838699996471405
YPL194W,YLR314C,0,-3.7086976,0.07763360440731049,0.7059999704360962,0.8388000130653381
YBR033W,YOL038W,0,-3.708725,0.07762506604194641,0.7059999704360962,0.8389000296592712
YLR200W,YNL051W,0,-3.7088404,0.07761653512716293,0.7059999704360962,0.8389999866485596
YDR092W,YJR118C,0,-3.7091794,0.07760800421237946,0.7059999704360962,0.8391000032424927
YER175C,YBR006W,0,-3.7092292,0.07759947329759598,0.7059999704360962,0.8392000198364258
YNL259C,YOR270C,1,-3.7096674,0.07770084589719772,0.7070000171661377,0.8392000198364258
YGL112C,YPR120C,0,-3.7098033,0.07769230753183365,0.7070000171661377,0.8392999768257141
YOR156C,YEL053C,0,-3.7098691,0.07768376916646957,0.7070000171661377,0.8393999934196472
YCR106W,YDL235C,0,-3.711514,0.0776752382516861,0.7070000171661377,0.8395000100135803
YBL021C,YGL190C,0,-3.7115238,0.07766669988632202,0.7070000171661377,0.8396000266075134
YPL271W,YMR240C,0,-3.7117383,0.07765816897153854,0.7070000171661377,0.8396999835968018
YOR172W,YIR011C,0,-3.712464,0.07764964550733566,0.7070000171661377,0.8398000001907349
YGR007W,YCL025C,0,-3.71265,0.07764111459255219,0.7070000171661377,0.839900016784668
YLR347C,YCR030C,0,-3.7130377,0.0776325911283493,0.7070000171661377,0.8399999737739563
YDR436W,YOR039W,1,-3.71372,0.07773385941982269,0.7080000042915344,0.8399999737739563
YLR215C,YMR037C,0,-3.7138078,0.07772532850503922,0.7080000042915344,0.8400999903678894
YLR292C,YDR447C,0,-3.714008,0.07771679759025574,0.7080000042915344,0.8402000069618225
YDR372C,YMR319C,0,-3.7141268,0.07770826667547226,0.7080000042915344,0.8403000235557556
YPR034W,YDL143W,0,-3.7144058,0.07769973576068878,0.7080000042915344,0.840399980545044
YIL145C,YER027C,0,-3.7149613,0.0776912122964859,0.7080000042915344,0.840499997138977
YBR185C,YNL012W,0,-3.7151453,0.07768268883228302,0.7080000042915344,0.8406000137329102
YIL144W,YDL139C,0,-3.7156074,0.07767416536808014,0.7080000042915344,0.8406999707221985
YHR116W,YDR201W,0,-3.716017,0.07766564190387726,0.7080000042915344,0.8407999873161316
YJR046W,YNL185C,0,-3.7164595,0.07765712589025497,0.7080000042915344,0.8409000039100647
YGL191W,YBR289W,0,-3.716563,0.07764860987663269,0.7080000042915344,0.8410000205039978
YNL070W,YDR447C,0,-3.7166567,0.0776400938630104,0.7080000042915344,0.8410999774932861
YPR161C,YKL032C,0,-3.7169144,0.07763157784938812,0.7080000042915344,0.8411999940872192
YGL028C,YBR282W,0,-3.717003,0.07762306928634644,0.7080000042915344,0.8413000106811523
YDL108W,YGL122C,0,-3.7171447,0.07761456072330475,0.7080000042915344,0.8414000272750854
YMR049C,YLR325C,0,-3.7175243,0.07760605216026306,0.7080000042915344,0.8414999842643738
YPR149W,YIL046W,0,-3.7175272,0.07759754359722137,0.7080000042915344,0.8416000008583069
YOR157C,YDR503C,0,-3.7177727,0.07758904248476028,0.7080000042915344,0.84170001745224
YOR250C,YOL100W,0,-3.7179456,0.0775805413722992,0.7080000042915344,0.8417999744415283
YBR030W,YJL156C,0,-3.718111,0.0775720402598381,0.7080000042915344,0.8418999910354614
YDL054C,YBR275C,0,-3.7190418,0.07756353914737701,0.7080000042915344,0.8420000076293945
YBL057C,YNL041C,0,-3.7191212,0.07755504548549652,0.7080000042915344,0.8421000242233276
YJR082C,YLR120C,0,-3.7192013,0.07754655182361603,0.7080000042915344,0.842199981212616
YOR076C,YML098W,0,-3.7193274,0.07753805816173553,0.7080000042915344,0.8422999978065491
YML076C,YGL173C,0,-3.7193842,0.07752956449985504,0.7080000042915344,0.8424000144004822
YCR044C,YOR147W,1,-3.7196026,0.07763057202100754,0.7089999914169312,0.8424000144004822
YMR204C,YDR463W,0,-3.7197995,0.07762207090854645,0.7089999914169312,0.8424999713897705
YPL235W,YDR088C,0,-3.7200015,0.07761357724666595,0.7089999914169312,0.8425999879837036
YJL085W,YER123W,0,-3.7204995,0.07760507613420486,0.7089999914169312,0.8427000045776367
YOR071C,YOR070C,0,-3.7217586,0.07759658247232437,0.7089999914169312,0.8428000211715698
YDR400W,YCL032W,0,-3.7227137,0.07758809626102448,0.7089999914169312,0.8428999781608582
YPL218W,YMR080C,0,-3.7232869,0.07757960259914398,0.7089999914169312,0.8429999947547913
YMR180C,YMR037C,0,-3.7234304,0.07757111638784409,0.7089999914169312,0.8431000113487244
YDR129C,YBL030C,0,-3.7239358,0.07756263017654419,0.7089999914169312,0.8432000279426575
YPL100W,YMR218C,0,-3.724075,0.0775541439652443,0.7089999914169312,0.8432999849319458
YKL198C,YLR121C,0,-3.724572,0.077545665204525,0.7089999914169312,0.8434000015258789
YLR330W,YJL141C,0,-3.7249737,0.0775371864438057,0.7089999914169312,0.843500018119812
YPL226W,YPL244C,0,-3.7253578,0.0775287076830864,0.7089999914169312,0.8435999751091003
YCR044C,YML006C,1,-3.7260764,0.07762956619262695,0.7099999785423279,0.8435999751091003
YPL104W,YPR072W,0,-3.7262945,0.07762107998132706,0.7099999785423279,0.8436999917030334
YDR469W,YNL032W,0,-3.7263966,0.07761259377002716,0.7099999785423279,0.8438000082969666
YIL026C,YMR224C,0,-3.7267067,0.07760410755872726,0.7099999785423279,0.8439000248908997
YHR146W,YDR320C,0,-3.7273936,0.07759562879800797,0.7099999785423279,0.843999981880188
YNR045W,YGL092W,0,-3.7274065,0.07758715003728867,0.7099999785423279,0.8440999984741211
YDL229W,YOR323C,0,-3.7281754,0.07757867127656937,0.7099999785423279,0.8442000150680542
YJL004C,YDR301W,0,-3.7283537,0.07757019251585007,0.7099999785423279,0.8442999720573425
YLR293C,YKL143W,0,-3.728691,0.07756172120571136,0.7099999785423279,0.8443999886512756
YNR024W,YKL090W,0,-3.728799,0.07755324989557266,0.7099999785423279,0.8445000052452087
YGL068W,YGR112W,0,-3.7294104,0.07754477858543396,0.7099999785423279,0.8446000218391418
YOR043W,YDR170C,0,-3.7294433,0.07753631472587585,0.7099999785423279,0.8446999788284302
YGR084C,YBR283C,0,-3.7296567,0.07752784341573715,0.7099999785423279,0.8447999954223633
YJL033W,YOR224C,0,-3.730103,0.07751937955617905,0.7099999785423279,0.8449000120162964
YML132W,YLR447C,1,-3.7306943,0.07762008905410767,0.7110000252723694,0.8449000120162964
YDR101C,YDR449C,0,-3.7308784,0.07761161774396896,0.7110000252723694,0.8450000286102295
YNL216W,YMR001C,0,-3.7311256,0.07760314643383026,0.7110000252723694,0.8450999855995178
YLR130C,YDR318W,0,-3.731446,0.07759467512369156,0.7110000252723694,0.8452000021934509
YEL044W,YOR066W,0,-3.7314484,0.07758620381355286,0.7110000252723694,0.845300018787384
YFR050C,YFL039C,0,-3.7315023,0.07757773995399475,0.7110000252723694,0.8453999757766724
YOR250C,YJL094C,0,-3.7329571,0.07756927609443665,0.7110000252723694,0.8454999923706055
YBR273C,YDR093W,0,-3.7329886,0.07756081968545914,0.7110000252723694,0.8456000089645386
YMR179W,YKR036C,0,-3.7333953,0.07755235582590103,0.7110000252723694,0.8457000255584717
YOR142W,YDL217C,0,-3.7337396,0.07754389941692352,0.7110000252723694,0.84579998254776
YMR247C,YOR279C,0,-3.7339656,0.07753544300794601,0.7110000252723694,0.8458999991416931
YGR238C,YPR191W,0,-3.7341754,0.0775269865989685,0.7110000252723694,0.8460000157356262
YBL088C,YGL095C,0,-3.734183,0.0775185376405716,0.7110000252723694,0.8460999727249146
YBR031W,YKL172W,0,-3.734595,0.07751008123159409,0.7110000252723694,0.8461999893188477
YDR501W,YMR022W,0,-3.7346766,0.07750163227319717,0.7110000252723694,0.8463000059127808
YER027C,YML049C,0,-3.734739,0.07749319076538086,0.7110000252723694,0.8464000225067139
YLR097C,YLR380W,0,-3.734895,0.07748474180698395,0.7110000252723694,0.8464999794960022
YNL025C,YDR424C,0,-3.7354405,0.07747630029916763,0.7110000252723694,0.8465999960899353
YHR118C,YDR511W,0,-3.735681,0.07746785879135132,0.7110000252723694,0.8467000126838684
YCL051W,YJL025W,0,-3.7358627,0.077459417283535,0.7110000252723694,0.8468000292778015
YHL003C,YGR027C,0,-3.7358782,0.07745098322629929,0.7110000252723694,0.8468999862670898
YPL011C,YFL001W,0,-3.7360702,0.07744254171848297,0.7110000252723694,0.847000002861023
YDR436W,YHR194W,1,-3.7362385,0.07754302024841309,0.7120000123977661,0.847000002861023
YBR175W,YOR089C,0,-3.737199,0.07753457129001617,0.7120000123977661,0.847100019454956
YDR328C,YDR151C,1,-3.737547,0.0776350200176239,0.7129999995231628,0.847100019454956
YOR323C,YGL147C,0,-3.738454,0.07762656360864639,0.7129999995231628,0.8471999764442444
YNL212W,YML127W,0,-3.739002,0.07761811465024948,0.7129999995231628,0.8472999930381775
YLL038C,YJR084W,0,-3.739219,0.07760966569185257,0.7129999995231628,0.8474000096321106
YDR416W,YOL078W,0,-3.7392743,0.07760121673345566,0.7129999995231628,0.8475000262260437
YLR182W,YDR530C,0,-3.7394505,0.07759277522563934,0.7129999995231628,0.847599983215332
YGR112W,YGR167W,0,-3.739594,0.07758433371782303,0.7129999995231628,0.8476999998092651
YER161C,YCR091W,0,-3.7398818,0.07757589221000671,0.7129999995231628,0.8478000164031982
YLR215C,YIL014W,0,-3.740228,0.0775674507021904,0.7129999995231628,0.8478999733924866
YPR118W,YHR073W,0,-3.7412155,0.07755900919437408,0.7129999995231628,0.8479999899864197
YJR108W,YJR005W,0,-3.741258,0.07755057513713837,0.7129999995231628,0.8481000065803528
YCL017C,YHR194W,1,-3.7421842,0.07765089720487595,0.7139999866485596,0.8481000065803528
YGR222W,YHR158C,0,-3.7430837,0.07764245569705963,0.7139999866485596,0.8482000231742859
YDR034C,YBL055C,0,-3.7433865,0.07763401418924332,0.7139999866485596,0.8482999801635742
YCR028C,YMR008C,0,-3.7436006,0.077625572681427,0.7139999866485596,0.8483999967575073
YPR072W,YMR218C,0,-3.7442207,0.07761713117361069,0.7139999866485596,0.8485000133514404
YOR061W,YGL006W,1,-3.7444012,0.07771739363670349,0.7149999737739563,0.8485000133514404
YBR170C,YNL219C,0,-3.7445486,0.07770894467830658,0.7149999737739563,0.8485999703407288
YPR031W,YGL098W,0,-3.7451723,0.07770050317049026,0.7149999737739563,0.8486999869346619
YER099C,YGR222W,0,-3.7455156,0.07769205421209335,0.7149999737739563,0.848800003528595
YPL099C,YBL052C,0,-3.7455494,0.07768361270427704,0.7149999737739563,0.8489000201225281
YNL314W,YLL003W,0,-3.7458181,0.07767517864704132,0.7149999737739563,0.8489999771118164
YIL101C,YNL223W,0,-3.7466118,0.077666737139225,0.7149999737739563,0.8490999937057495
YDL112W,YML031W,0,-3.746956,0.07765830308198929,0.7149999737739563,0.8492000102996826
YPL254W,YGR169C,0,-3.747066,0.07764986902475357,0.7149999737739563,0.8493000268936157
YLR139C,YMR287C,0,-3.7473142,0.07764143496751785,0.7149999737739563,0.849399983882904
YLR037C,YDR530C,0,-3.7473192,0.07763300836086273,0.7149999737739563,0.8495000004768372
YOR014W,YIL118W,0,-3.747437,0.07762458175420761,0.7149999737739563,0.8496000170707703
YNL244C,YDL076C,0,-3.748628,0.07761615514755249,0.7149999737739563,0.8496999740600586
YLR220W,YML057W,1,-3.7493556,0.07771626859903336,0.7160000205039978,0.8496999740600586
YPR161C,YLR239C,0,-3.7493782,0.07770783454179764,0.7160000205039978,0.8497999906539917
YKL040C,YML057W,1,-3.7495508,0.07780791819095612,0.7170000076293945,0.8497999906539917
YLR220W,YPL202C,1,-3.7497103,0.0779079869389534,0.7179999947547913,0.8497999906539917
YIL120W,YKL155C,0,-3.749893,0.07789953052997589,0.7179999947547913,0.8499000072479248
YOR081C,YCR077C,0,-3.7501452,0.07789108157157898,0.7179999947547913,0.8500000238418579
YPR095C,YBR223C,0,-3.7502892,0.07788263261318207,0.7179999947547913,0.8500999808311462
YJR059W,YER133W,1,-3.7507153,0.07798264920711517,0.718999981880188,0.8500999808311462
YJL197W,YPL262W,0,-3.7507517,0.07797419279813766,0.718999981880188,0.8501999974250793
YBR149W,YDR190C,0,-3.7515547,0.07796573638916016,0.718999981880188,0.8503000140190125
YDR179C,YDR438W,0,-3.751747,0.07795727998018265,0.718999981880188,0.8503999710083008
YBR153W,YIL043C,0,-3.7518888,0.07794883102178574,0.718999981880188,0.8504999876022339
YJR151C,YDR150W,0,-3.7519124,0.07794038206338882,0.718999981880188,0.850600004196167
YDL210W,YGL203C,0,-3.7520864,0.07793193310499191,0.718999981880188,0.8507000207901001
YNL216W,YDR100W,0,-3.7529855,0.077923484146595,0.718999981880188,0.8507999777793884
YER045C,YLR007W,0,-3.7531366,0.07791504263877869,0.718999981880188,0.8508999943733215
YPL172C,YNL287W,0,-3.7538168,0.07790660113096237,0.718999981880188,0.8510000109672546
YJL173C,YMR220W,0,-3.7539015,0.07789815962314606,0.718999981880188,0.8511000275611877
YPL176C,YML129C,0,-3.7545133,0.07788971811532974,0.718999981880188,0.8511999845504761
YOR355W,YGR077C,0,-3.754686,0.07788128405809402,0.718999981880188,0.8513000011444092
YBR254C,YBR010W,0,-3.754906,0.0778728500008583,0.718999981880188,0.8514000177383423
YNL192W,YML127W,0,-3.7551765,0.07786441594362259,0.718999981880188,0.8514999747276306
YBL087C,YJR032W,0,-3.7558372,0.07785598188638687,0.718999981880188,0.8515999913215637
YDL210W,YBL093C,0,-3.7559516,0.07784755527973175,0.718999981880188,0.8517000079154968
YGR101W,YDL105W,0,-3.7566364,0.07783912867307663,0.718999981880188,0.8518000245094299
YGR002C,YGR188C,0,-3.7570965,0.07783070206642151,0.718999981880188,0.8518999814987183
YCR039C,YPR169W,0,-3.757602,0.07782227545976639,0.718999981880188,0.8519999980926514
YJR151C,YOL026C,0,-3.7587245,0.07781385630369186,0.718999981880188,0.8521000146865845
YGR221C,YOR320C,0,-3.75968,0.07780542969703674,0.718999981880188,0.8521999716758728
YJL004C,YPL239W,0,-3.7607915,0.07779701054096222,0.718999981880188,0.8522999882698059
YKL174C,YDR170C,0,-3.7608178,0.07778859883546829,0.718999981880188,0.852400004863739
YJL060W,YGL196W,0,-3.761227,0.07778017967939377,0.718999981880188,0.8525000214576721
YOR233W,YER051W,0,-3.7623494,0.07777176797389984,0.718999981880188,0.8525999784469604
YKL048C,YDR103W,0,-3.7631857,0.07776335626840591,0.718999981880188,0.8526999950408936
YKR050W,YJL129C,1,-3.7638054,0.07786308974027634,0.7200000286102295,0.8526999950408936
YOR279C,YER002W,0,-3.764094,0.07785467058420181,0.7200000286102295,0.8528000116348267
YOR079C,YDR456W,1,-3.7649329,0.07795437425374985,0.7210000157356262,0.8528000116348267
YGR202C,YDR233C,0,-3.7654636,0.07794594764709473,0.7210000157356262,0.8529000282287598
YDL054C,YDR372C,0,-3.7655423,0.0779375210404396,0.7210000157356262,0.8529999852180481
YLR396C,YDR169C,0,-3.765631,0.07792909443378448,0.7210000157356262,0.8531000018119812
YKL134C,YDR515W,1,-3.7661335,0.07802874594926834,0.722000002861023,0.8531000018119812
YMR020W,YDR137W,0,-3.7664564,0.07802031189203262,0.722000002861023,0.8532000184059143
YLR182W,YIL074C,0,-3.7670753,0.0780118852853775,0.722000002861023,0.8532999753952026
YPL119C,YML081C-A,0,-3.7680404,0.07800345867872238,0.722000002861023,0.8533999919891357
YMR037C,YOR090C,0,-3.768365,0.07799503207206726,0.722000002861023,0.8535000085830688
YNL023C,YJR005W,0,-3.7685893,0.07798660546541214,0.722000002861023,0.853600025177002
YPL115C,YBR129C,0,-3.7687001,0.07797818630933762,0.722000002861023,0.8536999821662903
YOL096C,YLR259C,0,-3.7693849,0.0779697597026825,0.722000002861023,0.8537999987602234
YOL012C,YOL116W,0,-3.7702553,0.07796134054660797,0.722000002861023,0.8539000153541565
YDR071C,YER104W,0,-3.7708313,0.07795292884111404,0.722000002861023,0.8539999723434448
YDR466W,YPR198W,0,-3.771056,0.07794450968503952,0.722000002861023,0.8540999889373779
YJL062W,YOL054W,0,-3.7713273,0.0779360979795456,0.722000002861023,0.854200005531311
YDR059C,YDR411C,0,-3.7713444,0.07792768627405167,0.722000002861023,0.8543000221252441
YDL243C,YOR265W,0,-3.7716815,0.07791927456855774,0.722000002861023,0.8543999791145325
YOR267C,YOR039W,1,-3.7717354,0.07801877707242966,0.7229999899864197,0.8543999791145325
YMR080C,YMR071C,0,-3.7722645,0.07801035791635513,0.7229999899864197,0.8544999957084656
YOR254C,YNL216W,0,-3.7730474,0.07800193876028061,0.7229999899864197,0.8546000123023987
YHL011C,YNL221C,0,-3.7743294,0.07799352705478668,0.7229999899864197,0.8547000288963318
YKR007W,YMR054W,1,-3.7746634,0.07809297740459442,0.7239999771118164,0.8547000288963318
YJL005W,YBL022C,0,-3.7746866,0.0780845582485199,0.7239999771118164,0.8547999858856201
YNL133C,YPL059W,0,-3.7747989,0.07807613164186478,0.7239999771118164,0.8549000024795532
YNL023C,YOL145C,0,-3.7748191,0.07806771248579025,0.7239999771118164,0.8550000190734863
YDR495C,YDR456W,1,-3.7748997,0.07816711813211441,0.7250000238418579,0.8550000190734863
YGR193C,YHR184W,0,-3.7755947,0.07815869152545929,0.7250000238418579,0.8550999760627747
YLR120C,YGR010W,0,-3.7756555,0.07815026491880417,0.7250000238418579,0.8551999926567078
YNR006W,YNR020C,0,-3.7757876,0.07814183831214905,0.7250000238418579,0.8553000092506409
YFR047C,YMR318C,0,-3.7767193,0.07813341915607452,0.7250000238418579,0.855400025844574
YKL174C,YJL166W,0,-3.7780297,0.078125,0.7250000238418579,0.8554999828338623
YLR039C,YMR172W,0,-3.7782278,0.07811658084392548,0.7250000238418579,0.8555999994277954
YPL213W,YLR361C,0,-3.7782967,0.07810816913843155,0.7250000238418579,0.8557000160217285
YIL090W,YLR395C,0,-3.779165,0.07809974998235703,0.7250000238418579,0.8557999730110168
YLR433C,YJL129C,1,-3.7797024,0.07819905132055283,0.7260000109672546,0.8557999730110168
YBR202W,YOR070C,0,-3.779763,0.0781906321644783,0.7260000109672546,0.85589998960495
YNR031C,YGR143W,0,-3.7801833,0.07818221300840378,0.7260000109672546,0.8560000061988831
YCL014W,YKL074C,0,-3.7825334,0.07817379385232925,0.7260000109672546,0.8561000227928162
YDR422C,YNL214W,0,-3.7832158,0.07816537469625473,0.7260000109672546,0.8561999797821045
YPL083C,YLL006W,0,-3.7834604,0.0781569629907608,0.7260000109672546,0.8562999963760376
YOR001W,YLR145W,0,-3.7835996,0.07814854383468628,0.7260000109672546,0.8564000129699707
YGR165W,YMR146C,0,-3.7838748,0.07814013212919235,0.7260000109672546,0.8565000295639038
YBR109C,YOR335C,0,-3.784585,0.07813172787427902,0.7260000109672546,0.8565999865531921
YCL001W,YLR312W-A,0,-3.7847617,0.0781233161687851,0.7260000109672546,0.8567000031471252
YGL226W,YOR319W,0,-3.7848544,0.07811491191387177,0.7260000109672546,0.8568000197410583
YLR285W,YOR066W,0,-3.7849262,0.07810650765895844,0.7260000109672546,0.8568999767303467
YKL095W,YGL244W,0,-3.7852628,0.0780981034040451,0.7260000109672546,0.8569999933242798
YDR231C,YOL122C,0,-3.7852995,0.07808970659971237,0.7260000109672546,0.8571000099182129
YLL033W,YGR129W,0,-3.7853997,0.07808130979537964,0.7260000109672546,0.857200026512146
YDL185W,YJR104C,1,-3.7862537,0.07818044722080231,0.7269999980926514,0.857200026512146
YLR220W,YML006C,1,-3.7864182,0.07827956974506378,0.7279999852180481,0.857200026512146
YNL199C,YML071C,0,-3.787001,0.07827115058898926,0.7279999852180481,0.8572999835014343
YDL080C,YBR129C,0,-3.7878397,0.07826273888349533,0.7279999852180481,0.8574000000953674
YOL158C,YOR316C,1,-3.7883015,0.07836181670427322,0.7289999723434448,0.8574000000953674
YDL245C,YLR239C,0,-3.788773,0.0783533975481987,0.7289999723434448,0.8575000166893005
YGR185C,YPR100W,0,-3.7888503,0.07834497839212418,0.7289999723434448,0.8575999736785889
YGR077C,YNL281W,0,-3.7889576,0.07833655923604965,0.7289999723434448,0.857699990272522
YBR188C,YGL173C,0,-3.7891395,0.07832814007997513,0.7289999723434448,0.8578000068664551
YMR076C,YCR037C,0,-3.789295,0.0783197283744812,0.7289999723434448,0.8579000234603882
YPL105C,YPL254W,0,-3.7897456,0.07831130921840668,0.7289999723434448,0.8579999804496765
YLR371W,YOL112W,0,-3.7900789,0.07830289751291275,0.7289999723434448,0.8580999970436096
YER005W,YHR005C,0,-3.7902498,0.07829449325799942,0.7289999723434448,0.8582000136375427
YDL128W,YOR087W,1,-3.7922657,0.07839347422122955,0.7300000190734863,0.8582000136375427
YBR015C,YHR119W,0,-3.7924478,0.07838505506515503,0.7300000190734863,0.858299970626831
YJR104C,YEL027W,1,-3.7925088,0.07848400622606277,0.7310000061988831,0.858299970626831
YNL020C,YLR105C,0,-3.7926795,0.07847557961940765,0.7310000061988831,0.8583999872207642
YPL148C,YDR318W,0,-3.79316,0.07846715301275253,0.7310000061988831,0.8585000038146973
YHR012W,YOL070C,0,-3.7935348,0.07845873385667801,0.7310000061988831,0.8586000204086304
YGR029W,YCL017C,1,-3.7935445,0.07855763286352158,0.7319999933242798,0.8586000204086304
YDR328C,YLR220W,1,-3.7947824,0.07865650951862335,0.7329999804496765,0.8586000204086304
YML041C,YBR030W,0,-3.7950037,0.07864806801080704,0.7329999804496765,0.8586999773979187
YBR002C,YGR134W,0,-3.7950237,0.07863963395357132,0.7329999804496765,0.8587999939918518
YNR007C,YOR347C,0,-3.79533,0.078631192445755,0.7329999804496765,0.8589000105857849
YIL150C,YGL049C,0,-3.7960482,0.07862275838851929,0.7329999804496765,0.859000027179718
YCL043C,YNR008W,0,-3.7970479,0.07861433178186417,0.7329999804496765,0.8590999841690063
YGL068W,YHR011W,0,-3.7973666,0.07860589772462845,0.7329999804496765,0.8592000007629395
YCL001W,YOL139C,0,-3.7978885,0.07859747111797333,0.7329999804496765,0.8593000173568726
YNL130C,YDR441C,0,-3.7980335,0.0785890445113182,0.7329999804496765,0.8593999743461609
YNL136W,YGL223C,0,-3.7981985,0.07858061790466309,0.7329999804496765,0.859499990940094
YDL137W,YDR127W,0,-3.7982593,0.07857219129800797,0.7329999804496765,0.8596000075340271
YBR257W,YGL198W,0,-3.7993944,0.07856377214193344,0.7329999804496765,0.8597000241279602
YGL210W,YPL163C,0,-3.8002136,0.07855535298585892,0.7329999804496765,0.8597999811172485
YLR032W,YGL092W,0,-3.8013866,0.0785469338297844,0.7329999804496765,0.8598999977111816
YPR036W,YDL198C,1,-3.8014734,0.07864566892385483,0.734000027179718,0.8598999977111816
YDR148C,YJR010C-A,0,-3.8022254,0.07863724231719971,0.734000027179718,0.8600000143051147
YEL031W,YEL051W,1,-3.802647,0.07873594015836716,0.7350000143051147,0.8600000143051147
YPL161C,YPR100W,0,-3.8030546,0.07872750610113144,0.7350000143051147,0.8600999712944031
YOR323C,YOL055C,0,-3.8036976,0.07871907204389572,0.7350000143051147,0.8601999878883362
YDL105W,YKL206C,0,-3.8037763,0.0787106454372406,0.7350000143051147,0.8603000044822693
YKR037C,YFR027W,0,-3.8038785,0.07870221883058548,0.7350000143051147,0.8604000210762024
YPL129W,YHR117W,0,-3.8054593,0.07869379222393036,0.7350000143051147,0.8604999780654907
YML080W,YAL029C,0,-3.807541,0.07868536561727524,0.7350000143051147,0.8605999946594238
YKL119C,YML057W,1,-3.8084774,0.07878398895263672,0.7360000014305115,0.8605999946594238
YEL027W,YOL002C,1,-3.8089209,0.07888258248567581,0.7369999885559082,0.8605999946594238
YOR207C,YBR049C,0,-3.8107128,0.0788741409778595,0.7369999885559082,0.8607000112533569
YLR206W,YLR193C,0,-3.8107522,0.07886570692062378,0.7369999885559082,0.86080002784729
YJL165C,YMR243C,1,-3.810974,0.07896426320075989,0.7379999756813049,0.86080002784729
YDL091C,YLR239C,0,-3.8110907,0.07895581424236298,0.7379999756813049,0.8608999848365784
YKL095W,YDR170C,0,-3.8111064,0.07894736528396606,0.7379999756813049,0.8610000014305115
YOL054W,YDR351W,0,-3.8111966,0.07893892377614975,0.7379999756813049,0.8611000180244446
YHR077C,YER025W,0,-3.8112283,0.07893048226833344,0.7379999756813049,0.8611999750137329
YHR109W,YPL262W,0,-3.811547,0.07892204076051712,0.7379999756813049,0.861299991607666
YPR154W,YLR427W,0,-3.8118944,0.0789135992527008,0.7379999756813049,0.8614000082015991
YML076C,YPR135W,0,-3.8123264,0.07890516519546509,0.7379999756813049,0.8615000247955322
YJL065C,YHR044C,0,-3.8126001,0.07889673113822937,0.7379999756813049,0.8615999817848206
YJR057W,YLR015W,0,-3.813059,0.07888829708099365,0.7379999756813049,0.8616999983787537
YOR109W,YBL023C,0,-3.8134053,0.07887986302375793,0.7379999756813049,0.8618000149726868
YLR052W,YDR303C,0,-3.81406,0.07887143641710281,0.7379999756813049,0.8618999719619751
YBR130C,YOL038W,0,-3.814936,0.0788630023598671,0.7379999756813049,0.8619999885559082
YOL100W,YDR103W,0,-3.815447,0.07885457575321198,0.7379999756813049,0.8621000051498413
YOR334W,YKR031C,0,-3.815834,0.07884615659713745,0.7379999756813049,0.8622000217437744
YLR291C,YLR228C,0,-3.8158352,0.07883772999048233,0.7379999756813049,0.8622999787330627
YHR017W,YKL041W,0,-3.8158817,0.0788293108344078,0.7379999756813049,0.8623999953269958
YJL127C,YKL064W,0,-3.816666,0.07882089167833328,0.7379999756813049,0.862500011920929
YJL196C,YBR196C,0,-3.8173656,0.07881247252225876,0.7379999756813049,0.8626000285148621
YMR153W,YBR003W,0,-3.8175504,0.07880406081676483,0.7379999756813049,0.8626999855041504
YKR007W,YOR381W,1,-3.8176427,0.07890241593122482,0.7390000224113464,0.8626999855041504
YBR272C,YBR264C,0,-3.8179617,0.0788939893245697,0.7390000224113464,0.8628000020980835
YGL213C,YOL123W,0,-3.819111,0.07888557016849518,0.7390000224113464,0.8629000186920166
YFR041C,YDR093W,0,-3.8197062,0.07887715101242065,0.7390000224113464,0.8629999756813049
YGR155W,YMR200W,0,-3.820083,0.07886873185634613,0.7390000224113464,0.863099992275238
YKL048C,YOR036W,0,-3.8201842,0.0788603127002716,0.7390000224113464,0.8632000088691711
YDR376W,YJL129C,1,-3.8203144,0.07895860075950623,0.7400000095367432,0.8632000088691711
YOR175C,YML021C,0,-3.8215215,0.0789501741528511,0.7400000095367432,0.8633000254631042
YDR158W,YJL124C,0,-3.8215392,0.07894175499677658,0.7400000095367432,0.8633999824523926
YMR098C,YNL251C,0,-3.821705,0.07893333584070206,0.7400000095367432,0.8634999990463257
YDR205W,YDL120W,1,-3.8218644,0.0790315717458725,0.7409999966621399,0.8634999990463257
YBR036C,YEL065W,1,-3.8235915,0.07912978529930115,0.7419999837875366,0.8634999990463257
YMR301C,YDR098C,1,-3.824107,0.0792279839515686,0.7429999709129333,0.8634999990463257
YER133W,YHR194W,1,-3.8245203,0.07932615280151367,0.7440000176429749,0.8634999990463257
YOR061W,YLR023C,1,-3.8248608,0.07942430675029755,0.7450000047683716,0.8634999990463257
YJL112W,YOR232W,0,-3.8251936,0.07941584289073944,0.7450000047683716,0.8636000156402588
YLR047C,YKR050W,1,-3.8253887,0.07951395958662033,0.7459999918937683,0.8636000156402588
YLR172C,YJL140W,0,-3.8255033,0.07950548827648163,0.7459999918937683,0.8636999726295471
YDL091C,YNR006W,0,-3.826139,0.07949701696634293,0.7459999918937683,0.8637999892234802
YER151C,YJL081C,0,-3.826605,0.07948854565620422,0.7459999918937683,0.8639000058174133
YLR074C,YCR035C,0,-3.8278565,0.07948007434606552,0.7459999918937683,0.8640000224113464
YDR328C,YPL224C,1,-3.8279622,0.07957813888788223,0.746999979019165,0.8640000224113464
YNR043W,YGR061C,0,-3.8283575,0.07956966012716293,0.746999979019165,0.8640999794006348
YLR170C,YHR002W,0,-3.828513,0.07956118881702423,0.746999979019165,0.8641999959945679
YKL189W,YBL090W,0,-3.8288255,0.07955271750688553,0.746999979019165,0.864300012588501
YMR264W,YJL183W,0,-3.8290784,0.07954424619674683,0.746999979019165,0.8644000291824341
YLR370C,YJL081C,0,-3.8293672,0.07953577488660812,0.746999979019165,0.8644999861717224
YPR186C,YML080W,0,-3.8293784,0.07952731102705002,0.746999979019165,0.8646000027656555
YBR273C,YJR089W,0,-3.8297632,0.07951883971691132,0.746999979019165,0.8647000193595886
YOR054C,YDR456W,1,-3.830528,0.07961681485176086,0.7480000257492065,0.8647000193595886
YDR419W,YNR006W,0,-3.8309405,0.07960834354162216,0.7480000257492065,0.864799976348877
YKR066C,YBL022C,0,-3.8317728,0.07959987223148346,0.7480000257492065,0.8648999929428101
YLL021W,YAL034W-A,0,-3.8319013,0.07959140092134476,0.7480000257492065,0.8650000095367432
YGR040W,YDR075W,0,-3.8321493,0.07958293706178665,0.7480000257492065,0.8651000261306763
YGL068W,YMR143W,0,-3.8325677,0.07957446575164795,0.7480000257492065,0.8651999831199646
YDR257C,YIL005W,0,-3.8327796,0.07956600189208984,0.7480000257492065,0.8652999997138977
YDR420W,YPL179W,0,-3.833058,0.07955753803253174,0.7480000257492065,0.8654000163078308
YER088C,YBR207W,0,-3.8331153,0.07954908162355423,0.7480000257492065,0.8654999732971191
YPR046W,YPL103C,0,-3.8338552,0.07954061776399612,0.7480000257492065,0.8655999898910522
YKR068C,YCL032W,0,-3.8339572,0.07953216135501862,0.7480000257492065,0.8657000064849854
YHR204W,YCR028C,0,-3.8341234,0.07952370494604111,0.7480000257492065,0.8658000230789185
YDL208W,YGR158C,0,-3.8341525,0.0795152559876442,0.7480000257492065,0.8658999800682068
YIL035C,YOR147W,1,-3.8343291,0.079613097012043,0.7490000128746033,0.8658999800682068
YDL078C,YOR110W,0,-3.8348477,0.0796046331524849,0.7490000128746033,0.8659999966621399
YNL121C,YMR192W,0,-3.834953,0.07959617674350739,0.7490000128746033,0.866100013256073
YLR060W,YGL190C,0,-3.8350549,0.07958771288394928,0.7490000128746033,0.8661999702453613
YPR036W,YLR220W,1,-3.835564,0.0796855092048645,0.75,0.8661999702453613
YPL065W,YOR106W,0,-3.8360236,0.0796770453453064,0.75,0.8662999868392944
YER120W,YML127W,0,-3.8360553,0.07966858148574829,0.75,0.8664000034332275
YCR060W,YNL219C,0,-3.836117,0.07966011762619019,0.75,0.8665000200271606
YOR110W,YKL094W,0,-3.837012,0.07965165376663208,0.75,0.866599977016449
YNL068C,YNL081C,0,-3.83719,0.07964319735765457,0.75,0.8666999936103821
YGL212W,YOL043C,0,-3.8373356,0.07963474094867706,0.75,0.8668000102043152
YOR117W,YBR145W,0,-3.8375256,0.07962628453969955,0.75,0.8669000267982483
YJL198W,YLR028C,0,-3.8378985,0.07961783558130264,0.75,0.8669999837875366
YJR016C,YLL048C,0,-3.8385415,0.07960938662290573,0.75,0.8671000003814697
YBL037W,YDR067C,0,-3.838921,0.07960093766450882,0.75,0.8672000169754028
YPL274W,YCR037C,0,-3.839039,0.07959248870611191,0.75,0.8672999739646912
YGL137W,YGL232W,0,-3.8390613,0.079584039747715,0.75,0.8673999905586243
YOR123C,YIL004C,0,-3.8390667,0.07957559823989868,0.75,0.8675000071525574
YPR086W,YOL096C,0,-3.8393147,0.07956715673208237,0.75,0.8676000237464905
YDR111C,YDR281C,0,-3.8395374,0.07955871522426605,0.75,0.8676999807357788
YHR193C,YHR070W,0,-3.8395731,0.07955027371644974,0.75,0.8677999973297119
YIR015W,YPR180W,0,-3.8396542,0.07954183965921402,0.75,0.867900013923645
YML077W,YML086C,0,-3.8398144,0.0795334056019783,0.75,0.8679999709129333
YPL112C,YDR071C,0,-3.841079,0.07952497154474258,0.75,0.8680999875068665
YDL111C,YNL048W,0,-3.8414626,0.07951653748750687,0.75,0.8682000041007996
YDR108W,YJL029C,0,-3.8426776,0.07950811088085175,0.75,0.8683000206947327
YHR027C,YPR070W,0,-3.8429098,0.07949968427419662,0.75,0.868399977684021
YML097C,YCL055W,0,-3.843254,0.0794912576675415,0.75,0.8684999942779541
YIL070C,YKL022C,0,-3.844568,0.07948283106088638,0.75,0.8686000108718872
YOL019W,YIL140W,0,-3.8447454,0.07947441190481186,0.75,0.8687000274658203
YNL250W,YLR165C,0,-3.8459656,0.07946598529815674,0.75,0.8687999844551086
YMR204C,YNL161W,0,-3.8460546,0.07945756614208221,0.75,0.8689000010490417
YJR130C,YDL190C,0,-3.8465967,0.07944915443658829,0.75,0.8690000176429749
YKL141W,YNL123W,0,-3.8468869,0.07944073528051376,0.75,0.8690999746322632
YDR328C,YOR147W,1,-3.8471277,0.07953823357820511,0.7509999871253967,0.8690999746322632
YDR079W,YHR044C,0,-3.847177,0.07952980697154999,0.7509999871253967,0.8691999912261963
YOR087W,YGL006W,1,-3.8475397,0.07962727546691895,0.7519999742507935,0.8691999912261963
YGL168W,YPL259C,0,-3.8480837,0.07961884886026382,0.7519999742507935,0.8693000078201294
YFL039C,YLR244C,0,-3.8481896,0.0796104148030281,0.7519999742507935,0.8694000244140625
YNL131W,YJL176C,0,-3.8483632,0.07960198819637299,0.7519999742507935,0.8694999814033508
YKR028W,YDR072C,0,-3.848479,0.07959356158971786,0.7519999742507935,0.8695999979972839
YGR245C,YOR320C,0,-3.8485627,0.07958514243364334,0.7519999742507935,0.869700014591217
YMR033W,YDR023W,0,-3.8491518,0.07957672327756882,0.7519999742507935,0.8697999715805054
YJR103W,YMR304W,0,-3.849928,0.0795682966709137,0.7519999742507935,0.8698999881744385
YJR075W,YDR233C,0,-3.85025,0.07955988496541977,0.7519999742507935,0.8700000047683716
YLR394W,YLR418C,0,-3.8510773,0.07955146580934525,0.7519999742507935,0.8701000213623047
YIL026C,YOR211C,0,-3.8517346,0.07954305410385132,0.7519999742507935,0.870199978351593
YMR177W,YPL224C,1,-3.8517458,0.07964040338993073,0.753000020980835,0.870199978351593
YOR230W,YER052C,0,-3.8523889,0.0796319767832756,0.753000020980835,0.8702999949455261
YJL165C,YKL080W,1,-3.8538868,0.07972930371761322,0.7540000081062317,0.8702999949455261
YKL134C,YOR147W,1,-3.8545287,0.07982660084962845,0.7549999952316284,0.8702999949455261
YOL064C,YFL048C,0,-3.855048,0.07981815934181213,0.7549999952316284,0.8704000115394592
YDL045W-A,YBL093C,0,-3.8552463,0.07980972528457642,0.7549999952316284,0.8705000281333923
YLR102C,YJL164C,0,-3.8553245,0.0798012912273407,0.7549999952316284,0.8705999851226807
YER111C,YOR189W,0,-3.8554037,0.07979285717010498,0.7549999952316284,0.8707000017166138
YDR167W,YFR038W,0,-3.8557386,0.07978442311286926,0.7549999952316284,0.8708000183105469
YOR026W,YDL154W,0,-3.8561304,0.07977599650621414,0.7549999952316284,0.8708999752998352
YNR022C,YGL173C,0,-3.8561497,0.07976756244897842,0.7549999952316284,0.8709999918937683
YOR311C,YGR010W,0,-3.8569624,0.0797591358423233,0.7549999952316284,0.8711000084877014
YIL033C,YNL258C,0,-3.8572743,0.07975071668624878,0.7549999952316284,0.8712000250816345
YPR141C,YDR439W,0,-3.8579972,0.07974229007959366,0.7549999952316284,0.8712999820709229
YOL026C,YPL147W,0,-3.8585591,0.07973387092351913,0.7549999952316284,0.871399998664856
YOR026W,YBR264C,0,-3.8587058,0.07972545176744461,0.7549999952316284,0.8715000152587891
YBR176W,YDR487C,0,-3.8589408,0.07971703261137009,0.7549999952316284,0.8715999722480774
YER082C,YOR253W,0,-3.8598464,0.07970861345529556,0.7549999952316284,0.8716999888420105
YPL139C,YFL017W-A,0,-3.8603303,0.07970020174980164,0.7549999952316284,0.8718000054359436
YPL135W,YML006C,1,-3.8614929,0.07979734241962433,0.7559999823570251,0.8718000054359436
YCL001W,YDR337W,0,-3.8622353,0.07978891581296921,0.7559999823570251,0.8719000220298767
YNL107W,YDL018C,0,-3.8643796,0.07978049665689468,0.7559999823570251,0.871999979019165
YIL014W,YMR297W,0,-3.8644526,0.07977207750082016,0.7559999823570251,0.8720999956130981
YNL219C,YHR085W,0,-3.8645635,0.07976366579532623,0.7559999823570251,0.8722000122070312
YOR233W,YDR251W,0,-3.8646157,0.07975524663925171,0.7559999823570251,0.8723000288009644
YJL180C,YIL021W,0,-3.8646765,0.07974683493375778,0.7559999823570251,0.8723999857902527
YBR055C,YOR086C,0,-3.8647468,0.07973842322826385,0.7559999823570251,0.8725000023841858
YPR036W,YPL224C,1,-3.8654354,0.07983547449111938,0.7570000290870667,0.8725000023841858
YJR049C,YOR147W,1,-3.8659575,0.07993251085281372,0.7580000162124634,0.8725000023841858
YKR026C,YPL129W,0,-3.8660138,0.0799240842461586,0.7580000162124634,0.8726000189781189
YLR220W,YMR301C,1,-3.866671,0.08002108335494995,0.7590000033378601,0.8726000189781189
YNL206C,YIL115C,0,-3.8674996,0.08001264929771423,0.7590000033378601,0.8726999759674072
YEL044W,YOR269W,0,-3.867551,0.08000421524047852,0.7590000033378601,0.8727999925613403
YLR200W,YNL325C,0,-3.8682704,0.0799957811832428,0.7590000033378601,0.8729000091552734
YDR288W,YJR119C,0,-3.8687139,0.07998735457658768,0.7590000033378601,0.8730000257492065
YNL261W,YDR301W,0,-3.8693826,0.07997892796993256,0.7590000033378601,0.8730999827384949
YDR117C,YOR299W,0,-3.8696632,0.07997050136327744,0.7590000033378601,0.873199999332428
YPL159C,YMR081C,0,-3.8700392,0.07996207475662231,0.7590000033378601,0.8733000159263611
YKR077W,YGL213C,0,-3.8700616,0.0799536481499672,0.7590000033378601,0.8733999729156494
YNL079C,YBR052C,0,-3.870667,0.07994522899389267,0.7590000033378601,0.8734999895095825
YDR151C,YER133W,1,-3.8709009,0.08004212379455566,0.7599999904632568,0.8734999895095825
YLR147C,YER017C,0,-3.8710976,0.08003369718790054,0.7599999904632568,0.8736000061035156
YDL028C,YER029C,0,-3.8712294,0.08002527058124542,0.7599999904632568,0.8737000226974487
YGR082W,YOR159C,0,-3.8713353,0.0800168439745903,0.7599999904632568,0.8737999796867371
YIL156W,YLR285W,0,-3.8731935,0.08000842481851578,0.7599999904632568,0.8738999962806702
YCL024W,YDL087C,0,-3.8732078,0.07999999821186066,0.7599999904632568,0.8740000128746033
YBR149W,YDL076C,0,-3.8734565,0.07999157905578613,0.7599999904632568,0.8741000294685364
YOR038C,YER171W,0,-3.873659,0.07998315989971161,0.7599999904632568,0.8741999864578247
YKR058W,YDR254W,0,-3.875725,0.07997474819421768,0.7599999904632568,0.8743000030517578
YER015W,YOR249C,0,-3.8758104,0.07996632903814316,0.7599999904632568,0.8744000196456909
YML077W,YPR166C,0,-3.876403,0.07995791733264923,0.7599999904632568,0.8744999766349792
YMR048W,YHR116W,0,-3.876546,0.0799495056271553,0.7599999904632568,0.8745999932289124
YAL029C,YML120C,0,-3.8768523,0.07994109392166138,0.7599999904632568,0.8747000098228455
YOR304W,YDR238C,0,-3.8774664,0.07993268966674805,0.7599999904632568,0.8748000264167786
YKL134C,YDR376W,1,-3.8778827,0.0800294429063797,0.7609999775886536,0.8748000264167786
YNL056W,YJL090C,0,-3.878328,0.08002103120088577,0.7609999775886536,0.8748999834060669
YGL135W,YKL096W-A,0,-3.8786037,0.08001261949539185,0.7609999775886536,0.875
YPR189W,YJL140W,0,-3.8788607,0.08000420778989792,0.7609999775886536,0.8751000165939331
YLR024C,YHR181W,0,-3.8796954,0.07999579608440399,0.7609999775886536,0.8751999735832214
YKL210W,YPL180W,0,-3.8797345,0.07998738437891006,0.7609999775886536,0.8752999901771545
YML077W,YPR171W,0,-3.880513,0.07997898012399673,0.7609999775886536,0.8754000067710876
YDR322W,YDR086C,0,-3.8819075,0.0799705758690834,0.7609999775886536,0.8755000233650208
YDR130C,YBR042C,0,-3.883106,0.07996217161417007,0.7609999775886536,0.8755999803543091
YBR275C,YDR416W,0,-3.8839092,0.07995377480983734,0.7609999775886536,0.8756999969482422
YGL155W,YOR129C,1,-3.8849838,0.08005042374134064,0.7620000243186951,0.8756999969482422
YHR207C,YML067C,0,-3.8855932,0.08004201948642731,0.7620000243186951,0.8758000135421753
YGR175C,YNL135C,0,-3.8857715,0.08003360778093338,0.7620000243186951,0.8758999705314636
YLL006W,YKL085W,0,-3.8859055,0.08002520352602005,0.7620000243186951,0.8759999871253967
YDL229W,YBR109C,0,-3.8869655,0.08001679927110672,0.7620000243186951,0.8761000037193298
YNL243W,YER050C,0,-3.8873336,0.08000840246677399,0.7620000243186951,0.8762000203132629
YIL159W,YMR171C,0,-3.8874342,0.07999999821186066,0.7620000243186951,0.8762999773025513
YCR028C,YOR127W,0,-3.8874485,0.07999160140752792,0.7620000243186951,0.8763999938964844
YGR218W,YDR257C,0,-3.8881009,0.07998320460319519,0.7620000243186951,0.8765000104904175
YOR270C,YOR316C,1,-3.8881762,0.08007976412773132,0.7630000114440918,0.8765000104904175
YBR282W,YIL021W,0,-3.8888052,0.080071359872818,0.7630000114440918,0.8766000270843506
YGR216C,YOR353C,0,-3.8892715,0.08006295561790466,0.7630000114440918,0.8766999840736389
YIL035C,YOR316C,1,-3.8892767,0.08015947788953781,0.7639999985694885,0.8766999840736389
YMR002W,YBR037C,0,-3.889761,0.08015107363462448,0.7639999985694885,0.876800000667572
YGR075C,YER051W,0,-3.890094,0.08014266192913055,0.7639999985694885,0.8769000172615051
YML099C,YKR077W,0,-3.8901498,0.08013425767421722,0.7639999985694885,0.8769999742507935
YLR212C,YDR041W,0,-3.8902695,0.0801258534193039,0.7639999985694885,0.8770999908447266
YGL139W,YDR144C,0,-3.8903635,0.08011744916439056,0.7639999985694885,0.8772000074386597
YNR047W,YGL203C,0,-3.8904178,0.08010905236005783,0.7639999985694885,0.8773000240325928
YOR270C,YKR007W,1,-3.8907092,0.08020549267530441,0.7649999856948853,0.8773000240325928
YDL100C,YNL310C,0,-3.8910642,0.08019708842039108,0.7649999856948853,0.8773999810218811
YKL042W,YDR322W,0,-3.89174,0.08018867671489716,0.7649999856948853,0.8774999976158142
YJL155C,YDL130W-A,0,-3.8922524,0.08018027245998383,0.7649999856948853,0.8776000142097473
YGR238C,YFL041W,0,-3.8929148,0.0801718682050705,0.7649999856948853,0.8776999711990356
YDL007W,YOL109W,0,-3.893154,0.08016347140073776,0.7649999856948853,0.8777999877929688
YOR217W,YNL185C,0,-3.8933616,0.08015507459640503,0.7649999856948853,0.8779000043869019
YPL206C,YKR053C,0,-3.8935397,0.0801466703414917,0.7649999856948853,0.878000020980835
YMR053C,YMR311C,0,-3.893625,0.08013828098773956,0.7649999856948853,0.8780999779701233
YJR046W,YPL149W,0,-3.8937156,0.08012988418340683,0.7649999856948853,0.8781999945640564
YLL038C,YDR460W,0,-3.8939188,0.0801214948296547,0.7649999856948853,0.8783000111579895
YAL007C,YIL109C,0,-3.8940318,0.08011309802532196,0.7649999856948853,0.8784000277519226
YNL166C,YKL141W,0,-3.8940637,0.08010470867156982,0.7649999856948853,0.8784999847412109
YLR438C-A,YDR088C,0,-3.894097,0.08009632676839828,0.7649999856948853,0.878600001335144
YLR277C,YPL175W,0,-3.8942623,0.08008793741464615,0.7649999856948853,0.8787000179290771
YCR053W,YDR322W,0,-3.8944314,0.08007955551147461,0.7649999856948853,0.8787999749183655
YJR055W,YIR011C,0,-3.895619,0.08007117360830307,0.7649999856948853,0.8788999915122986
YPL194W,YLR373C,0,-3.8969178,0.08006279170513153,0.7649999856948853,0.8790000081062317
YLR330W,YDR127W,0,-3.8969724,0.08005441725254059,0.7649999856948853,0.8791000247001648
YDL127W,YLR016C,0,-3.8973825,0.08004604279994965,0.7649999856948853,0.8791999816894531
YLR305C,YBR202W,0,-3.8980296,0.0800376683473587,0.7649999856948853,0.8792999982833862
YMR149W,YJL072C,0,-3.8981874,0.08002929389476776,0.7649999856948853,0.8794000148773193
YOR101W,YML071C,0,-3.8983188,0.08002091944217682,0.7649999856948853,0.8794999718666077
YMR048W,YDR532C,0,-3.8984365,0.08001255244016647,0.7649999856948853,0.8795999884605408
YAR042W,YDR395W,0,-3.8996668,0.08000418543815613,0.7649999856948853,0.8797000050544739
YHR074W,YLL006W,0,-3.9007347,0.07999581843614578,0.7649999856948853,0.879800021648407
YBR188C,YER068W,0,-3.9007614,0.07998745143413544,0.7649999856948853,0.8798999786376953
YIL128W,YLR442C,0,-3.9008663,0.07997909188270569,0.7649999856948853,0.8799999952316284
YMR200W,YHR037W,0,-3.9010174,0.07997073233127594,0.7649999856948853,0.8801000118255615
YCL052C,YLL051C,0,-3.9011803,0.07996237277984619,0.7649999856948853,0.8802000284194946
YLR105C,YOR045W,0,-3.9019654,0.07995401322841644,0.7649999856948853,0.880299985408783
YDR328C,YDL198C,1,-3.902184,0.08005016297101974,0.765999972820282,0.880299985408783
YCR063W,YNL137C,0,-3.902292,0.0800417959690094,0.765999972820282,0.8804000020027161
YER046W,YDR347W,0,-3.9026372,0.08003343641757965,0.765999972820282,0.8805000185966492
YNL163C,YBR060C,0,-3.9028065,0.0800250694155693,0.765999972820282,0.8805999755859375
YOR034C,YLL038C,0,-3.9028826,0.08001671731472015,0.765999972820282,0.8806999921798706
YNL049C,YGR072W,0,-3.903298,0.0800083577632904,0.765999972820282,0.8808000087738037
YAL012W,YJL121C,0,-3.9036334,0.07999999821186066,0.765999972820282,0.8809000253677368
YMR313C,YDR080W,0,-3.9039755,0.0799916461110115,0.765999972820282,0.8809999823570251
YHR194W,YKL080W,1,-3.904135,0.08008770644664764,0.7670000195503235,0.8809999823570251
YDR532C,YLR090W,0,-3.904275,0.0800793468952179,0.7670000195503235,0.8810999989509583
YJL128C,YER031C,0,-3.9042852,0.08007098734378815,0.7670000195503235,0.8812000155448914
YKL040C,YLR023C,1,-3.9049594,0.0801670178771019,0.7680000066757202,0.8812000155448914
YBL047C,YGL018C,0,-3.9054818,0.08015865087509155,0.7680000066757202,0.8812999725341797
YNL118C,YIL033C,0,-3.9055824,0.08015028387308121,0.7680000066757202,0.8813999891281128
YJL117W,YKL034W,0,-3.9058177,0.08014191687107086,0.7680000066757202,0.8815000057220459
YGR005C,YER145C,0,-3.9059396,0.08013355731964111,0.7680000066757202,0.881600022315979
YLR038C,YML107C,0,-3.9063141,0.08012519776821136,0.7680000066757202,0.8816999793052673
YLR293C,YBL057C,0,-3.9066987,0.08011683821678162,0.7680000066757202,0.8817999958992004
YBR049C,YNL007C,0,-3.9067063,0.08010847866535187,0.7680000066757202,0.8819000124931335
YDR390C,YOL066C,0,-3.906915,0.08010012656450272,0.7680000066757202,0.8820000290870667
YKR071C,YOL003C,0,-3.907647,0.08009177446365356,0.7680000066757202,0.882099986076355
YMR125W,YDR052C,0,-3.9090586,0.08008342236280441,0.7680000066757202,0.8822000026702881
YJR126C,YOR353C,0,-3.9094868,0.08007507026195526,0.7680000066757202,0.8823000192642212
YIR009W,YKL059C,0,-3.9097235,0.0800667256116867,0.7680000066757202,0.8823999762535095
YPL248C,YJL019W,0,-3.9105213,0.08005837351083755,0.7680000066757202,0.8824999928474426
YOL136C,YDR078C,0,-3.9106815,0.080050028860569,0.7680000066757202,0.8826000094413757
YNL180C,YMR109W,0,-3.9107132,0.08004169166088104,0.7680000066757202,0.8827000260353088
YNL291C,YER100W,0,-3.9110658,0.08003334701061249,0.7680000066757202,0.8827999830245972
YDR117C,YDR356W,0,-3.9113545,0.08002500981092453,0.7680000066757202,0.8828999996185303
YDL198C,YKL080W,1,-3.9116156,0.08012086153030396,0.7689999938011169,0.8828999996185303
YBR061C,YMR227C,0,-3.912525,0.0801125094294548,0.7689999938011169,0.8830000162124634
YJL008C,YMR188C,0,-3.912716,0.08010416477918625,0.7689999938011169,0.8830999732017517
YDL240W,YLR078C,0,-3.9128294,0.0800958201289177,0.7689999938011169,0.8831999897956848
YML016C,YLR447C,1,-3.9133995,0.08019162714481354,0.7699999809265137,0.8831999897956848
YMR023C,YOR319W,0,-3.9139829,0.08018327504396439,0.7699999809265137,0.8833000063896179
YOR147W,YCL017C,1,-3.9151223,0.08027905225753784,0.7710000276565552,0.8833000063896179
YJL117W,YBR251W,0,-3.9155755,0.0802706927061081,0.7710000276565552,0.883400022983551
YJR104C,YLR447C,1,-3.9159424,0.08036644011735916,0.7720000147819519,0.883400022983551
YDR350C,YPR134W,0,-3.9163046,0.08035807311534882,0.7720000147819519,0.8834999799728394
YLR433C,YDR205W,1,-3.9166543,0.0804537907242775,0.7730000019073486,0.8834999799728394
YDL080C,YEL002C,0,-3.9167635,0.08044541627168655,0.7730000019073486,0.8835999965667725
YKR085C,YOR086C,0,-3.917238,0.08043704181909561,0.7730000019073486,0.8837000131607056
YDR463W,YPR189W,0,-3.9181755,0.08042867481708527,0.7730000019073486,0.8838000297546387
YJL143W,YLR188W,0,-3.918178,0.08042030781507492,0.7730000019073486,0.883899986743927
YGL087C,YLR324W,0,-3.9188607,0.08041194081306458,0.7730000019073486,0.8840000033378601
YDR510W,YMR156C,0,-3.9190338,0.08040358126163483,0.7730000019073486,0.8841000199317932
YGR029W,YML006C,1,-3.9191196,0.08049921691417694,0.7739999890327454,0.8841000199317932
YJL183W,YLR044C,0,-3.9192703,0.0804908499121666,0.7739999890327454,0.8841999769210815
YMR078C,YIL140W,0,-3.9193332,0.08048247545957565,0.7739999890327454,0.8842999935150146
YLR266C,YHR165C,0,-3.9195216,0.08047410845756531,0.7739999890327454,0.8844000101089478
YOR085W,YLL022C,0,-3.9203403,0.08046574145555496,0.7739999890327454,0.8845000267028809
YLR011W,YKR006C,0,-3.920809,0.08045738190412521,0.7739999890327454,0.8845999836921692
YDR303C,YCR081W,0,-3.9211142,0.08044901490211487,0.7739999890327454,0.8847000002861023
YPR036W,YKL119C,1,-3.9215324,0.08054458349943161,0.7749999761581421,0.8847000002861023
YLR181C,YMR019W,0,-3.9217103,0.08053621649742126,0.7749999761581421,0.8848000168800354
YGL223C,YOL111C,0,-3.9221864,0.08052784949541092,0.7749999761581421,0.8848999738693237
YNL246W,YLL018C,0,-3.9227846,0.08051948249340057,0.7749999761581421,0.8849999904632568
YGL127C,YLR145W,0,-3.9228618,0.08051111549139023,0.7749999761581421,0.8851000070571899
YJR046W,YDR057W,0,-3.9228685,0.08050275593996048,0.7749999761581421,0.885200023651123
YMR012W,YOR217W,0,-3.9232376,0.08049438893795013,0.7749999761581421,0.8852999806404114
YAL053W,YNL307C,0,-3.9243793,0.08048602938652039,0.7749999761581421,0.8853999972343445
YJR059W,YOR087W,1,-3.924404,0.08058151602745056,0.7760000228881836,0.8853999972343445
YDR071C,YBL023C,0,-3.9251688,0.08057314902544022,0.7760000228881836,0.8855000138282776
YNL267W,YDL018C,0,-3.9252918,0.08056478202342987,0.7760000228881836,0.8855999708175659
YBR237W,YGR135W,0,-3.9252946,0.08055642247200012,0.7760000228881836,0.885699987411499
YPL210C,YKL015W,0,-3.9253123,0.08054805546998978,0.7760000228881836,0.8858000040054321
YDR481C,YGR295C,0,-3.9262962,0.08053969591856003,0.7760000228881836,0.8859000205993652
YDR376W,YGL155W,1,-3.9267087,0.08063511550426483,0.7770000100135803,0.8859000205993652
YGR020C,YDL120W,1,-3.927452,0.08073052018880844,0.777999997138977,0.8859000205993652
YLR390W,YGL190C,0,-3.9274755,0.0807221382856369,0.777999997138977,0.8859999775886536
YIL035C,YPL224C,1,-3.9279945,0.08081751316785812,0.7789999842643738,0.8859999775886536
YDR436W,YOR054C,1,-3.9290636,0.08091286569833755,0.7799999713897705,0.8859999775886536
YMR075W,YER171W,0,-3.9293582,0.08090446889400482,0.7799999713897705,0.8860999941825867
YDR510W,YNL301C,0,-3.9312618,0.08089607954025269,0.7799999713897705,0.8862000107765198
YLR330W,YNR020C,0,-3.9322739,0.08088769018650055,0.7799999713897705,0.8863000273704529
YGL045W,YMR075W,0,-3.9330175,0.08087930083274841,0.7799999713897705,0.8863999843597412
YOR195W,YLR289W,0,-3.933558,0.08087091892957687,0.7799999713897705,0.8865000009536743
YFR025C,YOR311C,0,-3.9335618,0.08086253702640533,0.7799999713897705,0.8866000175476074
YDR227W,YGL035C,0,-3.9343126,0.0808541551232338,0.7799999713897705,0.8866999745368958
YOR191W,YMR091C,0,-3.9356608,0.08084577322006226,0.7799999713897705,0.8867999911308289
YKL007W,YKL179C,0,-3.9358592,0.08083739131689072,0.7799999713897705,0.886900007724762
YKR052C,YDR072C,0,-3.9359329,0.08082901686429977,0.7799999713897705,0.8870000243186951
YFR029W,YIL036W,0,-3.936072,0.08082064241170883,0.7799999713897705,0.8870999813079834
YNL102W,YER030W,0,-3.937256,0.08081226795911789,0.7799999713897705,0.8871999979019165
YOR334W,YPL101W,0,-3.9373248,0.08080389350652695,0.7799999713897705,0.8873000144958496
YKR031C,YGL083W,0,-3.9377217,0.0807955265045166,0.7799999713897705,0.8873999714851379
YPL194W,YPL174C,0,-3.938325,0.08078715950250626,0.7799999713897705,0.887499988079071
YER007C-A,YJR076C,0,-3.9388292,0.08077879250049591,0.7799999713897705,0.8876000046730042
YDR289C,YFL061W,0,-3.938894,0.08077042549848557,0.7799999713897705,0.8877000212669373
YCL050C,YDR041W,0,-3.9389691,0.08076206594705582,0.7799999713897705,0.8877999782562256
YNL284C,YNL159C,0,-3.9390228,0.08075369894504547,0.7799999713897705,0.8878999948501587
YPL194W,YBR282W,0,-3.9393594,0.08074533939361572,0.7799999713897705,0.8880000114440918
YML127W,YDR304C,0,-3.9406123,0.08073698729276657,0.7799999713897705,0.8881000280380249
YDL128W,YGR020C,1,-3.9406226,0.08083212375640869,0.781000018119812,0.8881000280380249
YDL098C,YOL070C,0,-3.9406369,0.08082376420497894,0.781000018119812,0.8881999850273132
YDL017W,YMR171C,0,-3.940708,0.0808153972029686,0.781000018119812,0.8883000016212463
YLR288C,YIL144W,0,-3.9408906,0.08080703765153885,0.781000018119812,0.8884000182151794
YOL026C,YNL123W,0,-3.9410238,0.0807986781001091,0.781000018119812,0.8884999752044678
YNR041C,YOR244W,0,-3.9426148,0.08079031854867935,0.781000018119812,0.8885999917984009
YFL044C,YIL026C,0,-3.9434774,0.0807819589972496,0.781000018119812,0.888700008392334
YOR209C,YMR273C,0,-3.9434881,0.08077360689640045,0.781000018119812,0.8888000249862671
YNL180C,YHR024C,0,-3.9435904,0.0807652547955513,0.781000018119812,0.8888999819755554
YLR203C,YDR160W,0,-3.9436684,0.08075690269470215,0.781000018119812,0.8889999985694885
YOR008C,YPL151C,0,-3.943852,0.080748550593853,0.781000018119812,0.8891000151634216
YDR410C,YDR377W,0,-3.9443228,0.08074020594358444,0.781000018119812,0.88919997215271
YOR054C,YKL175W,1,-3.944366,0.08083523064851761,0.7820000052452087,0.88919997215271
YGL233W,YPL042C,0,-3.9443727,0.08082687109708786,0.7820000052452087,0.8892999887466431
YNL025C,YLR337C,0,-3.9445722,0.08081851899623871,0.7820000052452087,0.8894000053405762
YNL183C,YBR055C,0,-3.9450998,0.08081016689538956,0.7820000052452087,0.8895000219345093
YKL116C,YGR120C,0,-3.9452083,0.080801822245121,0.7820000052452087,0.8895999789237976
YLR220W,YHR060W,1,-3.946018,0.0808967873454094,0.7829999923706055,0.8895999789237976
YOL103W,YOL109W,0,-3.946624,0.08088842779397964,0.7829999923706055,0.8896999955177307
YDR169C,YGR252W,0,-3.9466588,0.0808800756931305,0.7829999923706055,0.8898000121116638
YPR083W,YDR175C,0,-3.947645,0.08087172359228134,0.7829999923706055,0.8899000287055969
YLR268W,YMR312W,0,-3.9476533,0.08086337149143219,0.7829999923706055,0.8899999856948853
YOR089C,YLL003W,0,-3.9479935,0.08085501939058304,0.7829999923706055,0.8901000022888184
YNR008W,YDR166C,0,-3.9483073,0.08084666728973389,0.7829999923706055,0.8902000188827515
YKL195W,YKR048C,0,-3.9485154,0.08083832263946533,0.7829999923706055,0.8902999758720398
YIL123W,YDR341C,0,-3.9491203,0.08082997798919678,0.7829999923706055,0.8903999924659729
YIL033C,YPL140C,0,-3.9493065,0.08082163333892822,0.7829999923706055,0.890500009059906
YNL055C,YNL137C,0,-3.9493375,0.08081329613924026,0.7829999923706055,0.8906000256538391
YHL004W,YMR158W,0,-3.9494488,0.08080495148897171,0.7829999923706055,0.8906999826431274
YML016C,YJR049C,1,-3.950133,0.08089980483055115,0.7839999794960022,0.8906999826431274
YOR355W,YMR043W,0,-3.9509094,0.08089146018028259,0.7839999794960022,0.8907999992370605
YLR323C,YNL221C,0,-3.9512188,0.08088310807943344,0.7839999794960022,0.8909000158309937
YKL134C,YKL190W,1,-3.9512587,0.0809779241681099,0.7850000262260437,0.8909000158309937
YMR314W,YBR125C,0,-3.9519675,0.08096957206726074,0.7850000262260437,0.890999972820282
YJR075W,YOL026C,0,-3.9523041,0.08096121996641159,0.7850000262260437,0.8910999894142151
YOR151C,YEL029C,0,-3.9523454,0.08095287531614304,0.7850000262260437,0.8912000060081482
YDR287W,YDR473C,0,-3.9526799,0.08094452321529388,0.7850000262260437,0.8913000226020813
YPR110C,YOR253W,0,-3.9529498,0.08093617856502533,0.7850000262260437,0.8913999795913696
YDL033C,YPL193W,0,-3.9533598,0.08092783391475677,0.7850000262260437,0.8914999961853027
YJL186W,YER019C-A,0,-3.954072,0.08091948926448822,0.7850000262260437,0.8916000127792358
YEL001C,YNL016W,0,-3.9546633,0.08091115206480026,0.7850000262260437,0.891700029373169
YBR089C-A,YPL059W,0,-3.9554038,0.0809028148651123,0.7850000262260437,0.8917999863624573
YGR057C,YGL003C,0,-3.9562616,0.08089447766542435,0.7850000262260437,0.8919000029563904
YKL007W,YFL005W,0,-3.9562862,0.08088614046573639,0.7850000262260437,0.8920000195503235
YBL025W,YNL214W,0,-3.956537,0.08087781071662903,0.7850000262260437,0.8920999765396118
YDR464W,YFL033C,0,-3.9565613,0.08086947351694107,0.7850000262260437,0.8921999931335449
YIL094C,YML055W,0,-3.956844,0.08086114376783371,0.7850000262260437,0.892300009727478
YOR388C,YDR281C,0,-3.9571462,0.08085281401872635,0.7850000262260437,0.8924000263214111
YGR020C,YDR456W,1,-3.9572322,0.08094747364521027,0.7860000133514404,0.8924000263214111
YDR276C,YNL056W,0,-3.9577053,0.0809391438961029,0.7860000133514404,0.8924999833106995
YCR009C,YOR353C,0,-3.9579976,0.08093080669641495,0.7860000133514404,0.8925999999046326
YJR040W,YGL006W,1,-3.9586484,0.08102542906999588,0.7870000004768372,0.8925999999046326
YJL165C,YEL031W,1,-3.9594188,0.08112003654241562,0.7879999876022339,0.8925999999046326
YML073C,YPL106C,0,-3.9609907,0.08111168444156647,0.7879999876022339,0.8927000164985657
YDR060W,YER164W,0,-3.9613812,0.08110333234071732,0.7879999876022339,0.892799973487854
YAL012W,YPL262W,0,-3.9616396,0.08109498769044876,0.7879999876022339,0.8928999900817871
YMR207C,YOL112W,0,-3.962035,0.0810866430401802,0.7879999876022339,0.8930000066757202
YLR080W,YDL200C,0,-3.9623582,0.08107829838991165,0.7879999876022339,0.8931000232696533
YOR273C,YMR109W,0,-3.9638937,0.0810699611902237,0.7879999876022339,0.8931999802589417
YDL128W,YJL129C,1,-3.9639452,0.08116448670625687,0.7889999747276306,0.8931999802589417
YIL048W,YOR157C,0,-3.964058,0.08115614205598831,0.7889999747276306,0.8932999968528748
YLR248W,YNL016W,0,-3.9651315,0.08114779740571976,0.7889999747276306,0.8934000134468079
YMR023C,YOR172W,0,-3.9660926,0.0811394453048706,0.7889999747276306,0.8934999704360962
YPL148C,YNL156C,0,-3.96614,0.08113110810518265,0.7889999747276306,0.8935999870300293
YBR005W,YLL019C,0,-3.9663882,0.08112276345491409,0.7889999747276306,0.8937000036239624
YMR192W,YPR105C,0,-3.966406,0.08111442625522614,0.7889999747276306,0.8938000202178955
YKL170W,YJR126C,0,-3.9664216,0.08110608905553818,0.7889999747276306,0.8938999772071838
YIR006C,YDR137W,0,-3.966644,0.08109775185585022,0.7889999747276306,0.8939999938011169
YJL117W,YJL166W,0,-3.9668574,0.08108941465616226,0.7889999747276306,0.89410001039505
YPL143W,YLR100W,0,-3.9674704,0.0810810774564743,0.7889999747276306,0.8942000269889832
YKL020C,YDR301W,0,-3.9674954,0.08107274770736694,0.7889999747276306,0.8942999839782715
YIL084C,YDR105C,0,-3.9693456,0.08106441795825958,0.7889999747276306,0.8944000005722046
YGR076C,YMR139W,0,-3.9695885,0.08105609565973282,0.7889999747276306,0.8945000171661377
YER022W,YDR004W,0,-3.970003,0.08104776591062546,0.7889999747276306,0.894599974155426
YJR134C,YKL054C,0,-3.9722724,0.0810394436120987,0.7889999747276306,0.8946999907493591
YBR043C,YIL167W,0,-3.9723966,0.08103112131357193,0.7889999747276306,0.8948000073432922
YNL219C,YMR241W,0,-3.9725826,0.08102279901504517,0.7889999747276306,0.8949000239372253
YLR105C,YNL027W,0,-3.9732022,0.0810144767165184,0.7889999747276306,0.8949999809265137
YIL030C,YAL031C,0,-3.973816,0.08100616186857224,0.7889999747276306,0.8950999975204468
YHR114W,YBR119W,0,-3.9747093,0.08099784702062607,0.7889999747276306,0.8952000141143799
YOR260W,YGL174W,0,-3.9751837,0.0809895321726799,0.7889999747276306,0.8952999711036682
YOR075W,YJR036C,0,-3.9753964,0.08098121732473373,0.7889999747276306,0.8953999876976013
YIL094C,YPR166C,0,-3.9756658,0.08097290992736816,0.7889999747276306,0.8955000042915344
YHR135C,YPL226W,0,-3.9759793,0.080964595079422,0.7889999747276306,0.8956000208854675
YAL022C,YDR280W,0,-3.9761305,0.08095628768205643,0.7889999747276306,0.8956999778747559
YPL083C,YAL041W,0,-3.977382,0.08094798028469086,0.7889999747276306,0.895799994468689
YBR095C,YJL134W,0,-3.9786384,0.08093968033790588,0.7889999747276306,0.8959000110626221
YNL079C,YOL003C,0,-3.979113,0.08093138039112091,0.7889999747276306,0.8960000276565552
YPL159C,YPL221W,0,-3.9792595,0.08092308044433594,0.7889999747276306,0.8960999846458435
YPR024W,YJL008C,0,-3.97952,0.08091478049755096,0.7889999747276306,0.8962000012397766
YNL318C,YPL027W,0,-3.9799218,0.08090648055076599,0.7889999747276306,0.8963000178337097
YEL015W,YAL013W,0,-3.9800253,0.08089818805456161,0.7889999747276306,0.896399974822998
YHL027W,YDR329C,0,-3.9805794,0.08088988810777664,0.7889999747276306,0.8964999914169312
YDR337W,YLR259C,0,-3.9816444,0.08088159561157227,0.7889999747276306,0.8966000080108643
YDR151C,YKL190W,1,-3.9822505,0.08097580820322037,0.7900000214576721,0.8966000080108643
YGR253C,YDR122W,0,-3.9824245,0.0809675082564354,0.7900000214576721,0.8967000246047974
YGR200C,YBR286W,0,-3.983146,0.08095921576023102,0.7900000214576721,0.8967999815940857
YLR052W,YER155C,0,-3.9840834,0.08095091581344604,0.7900000214576721,0.8968999981880188
YJL094C,YCL034W,0,-3.9844153,0.08094262331724167,0.7900000214576721,0.8970000147819519
YDR081C,YER164W,0,-3.984631,0.08093433082103729,0.7900000214576721,0.8970999717712402
YKL217W,YNL214W,0,-3.9871547,0.08092603832483292,0.7900000214576721,0.8971999883651733
YMR112C,YIL115C,0,-3.9873385,0.08091775327920914,0.7900000214576721,0.8973000049591064
YBR001C,YLR093C,0,-3.9874213,0.08090946078300476,0.7900000214576721,0.8974000215530396
YDR414C,YAL007C,0,-3.987696,0.08090117573738098,0.7900000214576721,0.8974999785423279
YPL206C,YLR259C,0,-3.9881063,0.0808928906917572,0.7900000214576721,0.897599995136261
YER154W,YJR123W,0,-3.9882548,0.08088461309671402,0.7900000214576721,0.8977000117301941
YDR350C,YER029C,0,-3.9893034,0.08087632805109024,0.7900000214576721,0.8978000283241272
YDR296W,YMR188C,0,-3.9905689,0.08086805045604706,0.7900000214576721,0.8978999853134155
YER086W,YOR123C,0,-3.9907763,0.08085977286100388,0.7900000214576721,0.8980000019073486
YKL132C,YKL095W,0,-3.9909716,0.08085150271654129,0.7900000214576721,0.8981000185012817
YOR372C,YBR037C,0,-3.991299,0.08084322512149811,0.7900000214576721,0.8981999754905701
YMR037C,YML116W,0,-3.9919817,0.08083495497703552,0.7900000214576721,0.8982999920845032
YLR396C,YGL167C,0,-3.9921296,0.08082668483257294,0.7900000214576721,0.8984000086784363
YMR036C,YGR075C,0,-3.992675,0.08081841468811035,0.7900000214576721,0.8985000252723694
YMR127C,YLR295C,0,-3.9927409,0.08081014454364777,0.7900000214576721,0.8985999822616577
YGR263C,YPL007C,0,-3.992852,0.08080188184976578,0.7900000214576721,0.8986999988555908
YLR265C,YKR088C,0,-3.9932392,0.08079361915588379,0.7900000214576721,0.8988000154495239
YNL280C,YJR076C,0,-3.993273,0.0807853564620018,0.7900000214576721,0.8988999724388123
YML107C,YER149C,0,-3.994218,0.08077709376811981,0.7900000214576721,0.8989999890327454
YLR200W,YML086C,0,-3.9945085,0.08076883852481842,0.7900000214576721,0.8991000056266785
YLL035W,YGL122C,0,-3.9945948,0.08076058328151703,0.7900000214576721,0.8992000222206116
YER104W,YGL142C,0,-3.995244,0.08075232803821564,0.7900000214576721,0.8992999792098999
YOR274W,YDR059C,0,-3.9953735,0.08074407279491425,0.7900000214576721,0.899399995803833
YCR094W,YEL038W,0,-3.9957755,0.08073581755161285,0.7900000214576721,0.8995000123977661
YJL065C,YNL051W,0,-3.996102,0.08072756975889206,0.7900000214576721,0.8996000289916992
YJL196C,YKR048C,0,-3.9961078,0.08071932196617126,0.7900000214576721,0.8996999859809875
YGL220W,YOR194C,0,-3.997302,0.08071107417345047,0.7900000214576721,0.8998000025749207
YER050C,YJR048W,0,-3.9973402,0.08070282638072968,0.7900000214576721,0.8999000191688538
YJL165C,YDL198C,1,-3.998052,0.0807967334985733,0.7910000085830688,0.8999000191688538
YOL045W,YNL012W,0,-3.998199,0.08078847825527191,0.7910000085830688,0.8999999761581421
YKL040C,YKL190W,1,-3.9982822,0.08088235557079315,0.7919999957084656,0.8999999761581421
YLR353W,YDR116C,0,-3.9983943,0.08087409287691116,0.7919999957084656,0.9000999927520752
YMR270C,YNL041C,0,-3.9988065,0.08086583763360977,0.7919999957084656,0.9002000093460083
YDR310C,YJL065C,0,-3.9992244,0.08085758239030838,0.7919999957084656,0.9003000259399414
YHR039C-A,YOR316C,1,-3.9995003,0.08095140755176544,0.7929999828338623,0.9003000259399414
YER020W,YDR032C,0,-3.9995062,0.08094314485788345,0.7929999828338623,0.9003999829292297
YMR290C,YDR025W,0,-3.999561,0.08093488216400146,0.7929999828338623,0.9004999995231628
YDR350C,YDR368W,0,-4.0007,0.08092662692070007,0.7929999828338623,0.900600016117096
YER005W,YGR077C,0,-4.001071,0.08091836422681808,0.7929999828338623,0.9006999731063843
YDL080C,YGL095C,0,-4.001459,0.0809101089835167,0.7929999828338623,0.9007999897003174
YBR055C,YOL125W,0,-4.0016136,0.0809018537402153,0.7929999828338623,0.9009000062942505
YGR175C,YDR174W,0,-4.0018864,0.0808936059474945,0.7929999828338623,0.9010000228881836
YKL015W,YLR305C,0,-4.0021076,0.08088535070419312,0.7929999828338623,0.9010999798774719
YLR015W,YKR071C,0,-4.002674,0.08087710291147232,0.7929999828338623,0.901199996471405
YBR192W,YAL039C,0,-4.0032434,0.08086885511875153,0.7929999828338623,0.9013000130653381
YNR003C,YNL016W,0,-4.003418,0.08086060732603073,0.7929999828338623,0.9014000296592712
YDL198C,YEL051W,1,-4.0034246,0.08095432072877884,0.7940000295639038,0.9014000296592712
YNR052C,YGL129C,0,-4.003606,0.08094607293605804,0.7940000295639038,0.9014999866485596
YPL105C,YBR264C,0,-4.003929,0.08093781769275665,0.7940000295639038,0.9016000032424927
YGR046W,YOL102C,0,-4.0041094,0.08092956990003586,0.7940000295639038,0.9017000198364258
YDL198C,YCR044C,1,-4.0043545,0.08102323859930038,0.7950000166893005,0.9017000198364258
YBR295W,YDR376W,1,-4.004633,0.08111688494682312,0.7960000038146973,0.9017000198364258
YHR118C,YMR224C,0,-4.0046835,0.08110862225294113,0.7960000038146973,0.9017999768257141
YOR275C,YDR403W,0,-4.005636,0.08110035955905914,0.7960000038146973,0.9018999934196472
YJR140C,YIL118W,0,-4.0061483,0.08109209686517715,0.7960000038146973,0.9020000100135803
YJL192C,YNL167C,0,-4.006917,0.08108383417129517,0.7960000038146973,0.9021000266075134
YOR355W,YPR161C,0,-4.0073347,0.08107557892799377,0.7960000038146973,0.9021999835968018
YMR301C,YKR050W,1,-4.0075016,0.08116915822029114,0.796999990940094,0.9021999835968018
YNL131W,YDR025W,0,-4.0084553,0.08116089552640915,0.796999990940094,0.9023000001907349
YNR031C,YCR037C,0,-4.0092897,0.08115263283252716,0.796999990940094,0.902400016784668
YLR090W,YLR127C,0,-4.0093236,0.08114437013864517,0.796999990940094,0.9024999737739563
YOR355W,YBL020W,0,-4.0093775,0.08113610744476318,0.796999990940094,0.9025999903678894
YJL143W,YDR388W,0,-4.00945,0.08112785220146179,0.796999990940094,0.9027000069618225
YML016C,YMR177W,1,-4.0098677,0.08122137188911438,0.7979999780654907,0.9027000069618225
YBR036C,YDR098C,1,-4.010108,0.08131487667560577,0.7990000247955322,0.9027000069618225
YDR371W,YMR022W,0,-4.0110683,0.08130660653114319,0.7990000247955322,0.9028000235557556
YKL186C,YBR074W,0,-4.0110683,0.0812983289361,0.7990000247955322,0.902899980545044
YKL140W,YOR194C,0,-4.011776,0.08129005879163742,0.7990000247955322,0.902999997138977
YMR213W,YDR201W,0,-4.0124655,0.08128178864717484,0.7990000247955322,0.9031000137329102
YJR040W,YOR147W,1,-4.012659,0.08137524127960205,0.800000011920929,0.9031000137329102
YLL003W,YML041C,0,-4.0142193,0.08136696368455887,0.800000011920929,0.9031999707221985
YPL176C,YLL003W,0,-4.014248,0.08135869354009628,0.800000011920929,0.9032999873161316
YPL224C,YCL017C,1,-4.0147095,0.08145210146903992,0.8009999990463257,0.9032999873161316
YPL091W,YML086C,0,-4.015114,0.08144382387399673,0.8009999990463257,0.9034000039100647
YDR353W,YOR150W,0,-4.0151415,0.08143554627895355,0.8009999990463257,0.9035000205039978
YBR295W,YGL006W,1,-4.01587,0.0815289244055748,0.8019999861717224,0.9035000205039978
YDR245W,YAL033W,0,-4.0172834,0.08152063190937042,0.8019999861717224,0.9035999774932861
YNL073W,YGL142C,0,-4.0178494,0.08151234686374664,0.8019999861717224,0.9036999940872192
YPR048W,YNL107W,0,-4.018241,0.08150406181812286,0.8019999861717224,0.9038000106811523
YKL052C,YNL218W,0,-4.019518,0.08149578422307968,0.8019999861717224,0.9039000272750854
YPL203W,YIL068C,0,-4.0197744,0.0814874991774559,0.8019999861717224,0.9039999842643738
YER081W,YNL293W,0,-4.020615,0.08147922158241272,0.8019999861717224,0.9041000008583069
YPL110C,YBR237W,0,-4.021123,0.08147094398736954,0.8019999861717224,0.90420001745224
YJR104C,YOR270C,1,-4.021476,0.08156424760818481,0.8029999732971191,0.90420001745224
YLR170C,YNL048W,0,-4.0215406,0.08155596256256104,0.8029999732971191,0.9042999744415283
YER162C,YLL006W,0,-4.021541,0.08154767751693726,0.8029999732971191,0.9043999910354614
YMR139W,YDR217C,0,-4.02168,0.08153939992189407,0.8029999732971191,0.9045000076293945
YFR021W,YDR137W,0,-4.0219483,0.08153112232685089,0.8029999732971191,0.9046000242233276
YOR337W,YIL112W,0,-4.0223074,0.08152284473180771,0.8029999732971191,0.904699981212616
YHR119W,YMR146C,0,-4.0226326,0.08151456713676453,0.8029999732971191,0.9047999978065491
YLL002W,YPL074W,0,-4.024076,0.08150628954172134,0.8029999732971191,0.9049000144004822
YGR174C,YKR014C,0,-4.0241423,0.08149801939725876,0.8029999732971191,0.9049999713897705
YNL239W,YER173W,0,-4.0245695,0.08148974925279617,0.8029999732971191,0.9050999879837036
YKL040C,YDR098C,1,-4.024875,0.08158295601606369,0.8040000200271606,0.9050999879837036
YNL121C,YOL003C,0,-4.0251875,0.08157467842102051,0.8040000200271606,0.9052000045776367
YML032C,YBR237W,0,-4.025566,0.08156640082597733,0.8040000200271606,0.9053000211715698
YEL031W,YGL155W,1,-4.0258036,0.08165956288576126,0.8050000071525574,0.9053000211715698
YFL017W-A,YMR225C,0,-4.0263386,0.08165128529071808,0.8050000071525574,0.9053999781608582
YOR174W,YNL119W,0,-4.027434,0.0816430002450943,0.8050000071525574,0.9054999947547913
YDL043C,YFL023W,0,-4.0274687,0.08163472265005112,0.8050000071525574,0.9056000113487244
YDL056W,YLR289W,0,-4.0276036,0.08162644505500793,0.8050000071525574,0.9057000279426575
YBL091C,YHR117W,0,-4.027646,0.08161816745996475,0.8050000071525574,0.9057999849319458
YJR131W,YDR201W,0,-4.027726,0.08160989731550217,0.8050000071525574,0.9059000015258789
YLR396C,YBL055C,0,-4.028884,0.08160161972045898,0.8050000071525574,0.906000018119812
YGL061C,YNL298W,0,-4.029017,0.0815933495759964,0.8050000071525574,0.9060999751091003
YBL039C,YOR078W,0,-4.029437,0.08158507943153381,0.8050000071525574,0.9061999917030334
YGR024C,YOR046C,0,-4.030342,0.08157681673765182,0.8050000071525574,0.9063000082969666
YKR007W,YML006C,1,-4.031457,0.0816698744893074,0.8059999942779541,0.9063000082969666
YLL002W,YJR101W,0,-4.0320024,0.08166160434484482,0.8059999942779541,0.9064000248908997
YCR030C,YDR330W,0,-4.0321484,0.08165332674980164,0.8059999942779541,0.906499981880188
YLR181C,YDR412W,0,-4.0324955,0.08164505660533905,0.8059999942779541,0.9065999984741211
YML006C,YDR456W,1,-4.032607,0.08173807710409164,0.8069999814033508,0.9065999984741211
YIL126W,YNL223W,0,-4.033139,0.08172979205846786,0.8069999814033508,0.9067000150680542
YHR118C,YJL156C,0,-4.0334444,0.08172152191400528,0.8069999814033508,0.9067999720573425
YGR095C,YKL189W,0,-4.0336018,0.0817132443189621,0.8069999814033508,0.9068999886512756
YIR026C,YLR291C,0,-4.033655,0.08170497417449951,0.8069999814033508,0.9070000052452087
YDR328C,YKL040C,1,-4.034543,0.08179793506860733,0.8080000281333923,0.9070000052452087
YIL034C,YMR286W,0,-4.03496,0.08178965747356415,0.8080000281333923,0.9071000218391418
YDR100W,YLR239C,0,-4.035219,0.08178137987852097,0.8080000281333923,0.9071999788284302
YCL050C,YBL017C,0,-4.037484,0.08177310228347778,0.8080000281333923,0.9072999954223633
YJR040W,YMR301C,1,-4.037839,0.08186601847410202,0.8090000152587891,0.9072999954223633
YOR172W,YLR019W,0,-4.038152,0.08185773342847824,0.8090000152587891,0.9074000120162964
YER133W,YHR060W,1,-4.0388546,0.08195062726736069,0.8100000023841858,0.9074000120162964
YGR241C,YIL021W,0,-4.03893,0.08194233477115631,0.8100000023841858,0.9075000286102295
YDR218C,YHR118C,0,-4.0389366,0.08193404972553253,0.8100000023841858,0.9075999855995178
YHL004W,YER125W,0,-4.038974,0.08192576467990875,0.8100000023841858,0.9077000021934509
YKR050W,YGL006W,1,-4.03977,0.08201860636472702,0.8109999895095825,0.9077000021934509
YDR328C,YOR316C,1,-4.040124,0.08211144059896469,0.8119999766349792,0.9077000021934509
YEL051W,YDR456W,1,-4.041314,0.08220424503087997,0.8130000233650208,0.9077000021934509
YMR180C,YLR151C,0,-4.0413866,0.0821959376335144,0.8130000233650208,0.907800018787384
YDL120W,YHL047C,1,-4.041856,0.0822887197136879,0.8140000104904175,0.907800018787384
YNL039W,YOR241W,0,-4.041986,0.08228039741516113,0.8140000104904175,0.9078999757766724
YER145C,YLR078C,0,-4.0419884,0.08227208256721497,0.8140000104904175,0.9079999923706055
YLR102C,YGR099W,0,-4.0422297,0.0822637677192688,0.8140000104904175,0.9081000089645386
YDR204W,YAL030W,0,-4.0422544,0.08225546032190323,0.8140000104904175,0.9082000255584717
YJR052W,YKL010C,0,-4.045022,0.08224714547395706,0.8140000104904175,0.90829998254776
YIL048W,YLR212C,0,-4.0455885,0.08223883807659149,0.8140000104904175,0.9083999991416931
YGR282C,YIL094C,0,-4.046258,0.08223053067922592,0.8140000104904175,0.9085000157356262
YLR288C,YNL199C,0,-4.047086,0.08222222328186035,0.8140000104904175,0.9085999727249146
YMR055C,YIL153W,0,-4.047269,0.08221391588449478,0.8140000104904175,0.9086999893188477
YMR289W,YNL258C,0,-4.047657,0.08220561593770981,0.8140000104904175,0.9088000059127808
YJR083C,YGR047C,0,-4.0492916,0.08219731599092484,0.8140000104904175,0.9089000225067139
YIR037W,YOR174W,0,-4.0500956,0.08218901604413986,0.8140000104904175,0.9089999794960022
YGR007W,YMR276W,0,-4.050124,0.08218071609735489,0.8140000104904175,0.9090999960899353
YIL008W,YDR075W,0,-4.050929,0.08217242360115051,0.8140000104904175,0.9092000126838684
YMR109W,YMR156C,0,-4.0511837,0.08216412365436554,0.8140000104904175,0.9093000292778015
YLR370C,YNR008W,0,-4.051281,0.08215583115816116,0.8140000104904175,0.9093999862670898
YNL238W,YOL030W,0,-4.051281,0.08214754611253738,0.8140000104904175,0.909500002861023
YLR039C,YKR068C,0,-4.051364,0.08213925361633301,0.8140000104904175,0.909600019454956
YOR061W,YDL198C,1,-4.0514727,0.08223186433315277,0.8149999976158142,0.909600019454956
YLL050C,YHR008C,0,-4.0519323,0.0822235643863678,0.8149999976158142,0.9096999764442444
YBR043C,YLR024C,0,-4.05262,0.08221527189016342,0.8149999976158142,0.9097999930381775
YLR067C,YGL003C,0,-4.0529237,0.08220697939395905,0.8149999976158142,0.9099000096321106
YFR014C,YGL151W,0,-4.0533233,0.08219868689775467,0.8149999976158142,0.9100000262260437
YNR003C,YPR017C,0,-4.053621,0.08219040185213089,0.8149999976158142,0.910099983215332
YGR191W,YPR048W,0,-4.053739,0.08218210935592651,0.8149999976158142,0.9101999998092651
YJR010C-A,YOR241W,0,-4.0538197,0.08217382431030273,0.8149999976158142,0.9103000164031982
YGL084C,YDR137W,0,-4.0549035,0.08216553926467896,0.8149999976158142,0.9103999733924866
YPL089C,YNL281W,0,-4.055266,0.08215726166963577,0.8149999976158142,0.9104999899864197
YPL078C,YML009C,0,-4.0562468,0.082148976624012,0.8149999976158142,0.9106000065803528
YML081C-A,YIL112W,0,-4.056835,0.08214069902896881,0.8149999976158142,0.9107000231742859
YKL062W,YMR264W,0,-4.0575733,0.08213242143392563,0.8149999976158142,0.9107999801635742
YDR276C,YPR169W,0,-4.057683,0.08212414383888245,0.8149999976158142,0.9108999967575073
YDR337W,YDR190C,0,-4.0582175,0.08211586624383926,0.8149999976158142,0.9110000133514404
YEL051W,YMR243C,1,-4.058709,0.08220834285020828,0.8159999847412109,0.9110000133514404
YER056C-A,YGL115W,0,-4.059067,0.0822000578045845,0.8159999847412109,0.9110999703407288
YPR024W,YKR088C,0,-4.05968,0.08219178020954132,0.8159999847412109,0.9111999869346619
YOL055C,YHR044C,0,-4.0599537,0.08218350261449814,0.8159999847412109,0.911300003528595
YML051W,YLR193C,0,-4.061343,0.08217522501945496,0.8159999847412109,0.9114000201225281
YJR033C,YKL119C,1,-4.062828,0.0822676494717598,0.8169999718666077,0.9114000201225281
YKL135C,YOL038W,0,-4.0630302,0.08225936442613602,0.8169999718666077,0.9114999771118164
YKL190W,YKL080W,1,-4.063733,0.08235175907611847,0.8180000185966492,0.9114999771118164
YLR079W,YJR006W,0,-4.063756,0.08234346657991409,0.8180000185966492,0.9115999937057495
YNR024W,YDR473C,0,-4.0638843,0.08233518153429031,0.8180000185966492,0.9117000102996826
YOR061W,YLR433C,1,-4.0644655,0.08242753893136978,0.8190000057220459,0.9117000102996826
YKL048C,YHR129C,0,-4.0653725,0.08241923898458481,0.8190000057220459,0.9118000268936157
YOR174W,YOR327C,0,-4.066146,0.08241094648838043,0.8190000057220459,0.911899983882904
YJL155C,YHR114W,0,-4.066308,0.08240265399217606,0.8190000057220459,0.9120000004768372
YLR181C,YHL027W,0,-4.066561,0.08239436894655228,0.8190000057220459,0.9121000170707703
YML099C,YJR110W,0,-4.0668774,0.0823860764503479,0.8190000057220459,0.9121999740600586
YJL186W,YPL083C,0,-4.067434,0.08237779140472412,0.8190000057220459,0.9122999906539917
YDR456W,YMR243C,1,-4.0676365,0.08247008174657822,0.8199999928474426,0.9122999906539917
YEL027W,YDR098C,1,-4.068009,0.08256234973669052,0.8209999799728394,0.9122999906539917
YJR040W,YDL198C,1,-4.0681653,0.08265460282564163,0.8220000267028809,0.9122999906539917
YDR036C,YIL074C,0,-4.068631,0.08264628797769547,0.8220000267028809,0.9124000072479248
YLR427W,YKL067W,0,-4.0704613,0.0826379805803299,0.8220000267028809,0.9125000238418579
YJL165C,YPL177C,1,-4.0709047,0.08273019641637802,0.8230000138282776,0.9125000238418579
YLR395C,YJL054W,0,-4.0714083,0.08272188156843185,0.8230000138282776,0.9125999808311462
YML036W,YOR299W,0,-4.07255,0.08271356672048569,0.8230000138282776,0.9126999974250793
YER115C,YGL105W,0,-4.072588,0.08270525932312012,0.8230000138282776,0.9128000140190125
YAL034W-A,YMR287C,0,-4.0730886,0.08269694447517395,0.8230000138282776,0.9128999710083008
YKL175W,YOR079C,1,-4.073533,0.0827891081571579,0.8240000009536743,0.9128999710083008
YPR169W,YLR357W,0,-4.0739727,0.08278079330921173,0.8240000009536743,0.9129999876022339
YLR321C,YDR137W,0,-4.074195,0.08277247846126556,0.8240000009536743,0.913100004196167
YGR245C,YGR095C,0,-4.074806,0.0827641636133194,0.8240000009536743,0.9132000207901001
YLR370C,YDR175C,0,-4.0751934,0.08275584876537323,0.8240000009536743,0.9132999777793884
YJR135C,YDL200C,0,-4.0753593,0.08274754136800766,0.8240000009536743,0.9133999943733215
YLL018C,YER008C,0,-4.0754156,0.08273923397064209,0.8240000009536743,0.9135000109672546
YNL025C,YGL113W,0,-4.075879,0.08273092657327652,0.8240000009536743,0.9136000275611877
YMR152W,YLR005W,0,-4.0760784,0.08272261917591095,0.8240000009536743,0.9136999845504761
YDR108W,YFR041C,0,-4.076173,0.08271431177854538,0.8240000009536743,0.9138000011444092
YGR193C,YPR113W,0,-4.076496,0.0827060118317604,0.8240000009536743,0.9139000177383423
YBR094W,YNL258C,0,-4.076908,0.08269771188497543,0.8240000009536743,0.9139999747276306
YDR231C,YGR241C,0,-4.077279,0.08268941193819046,0.8240000009536743,0.9140999913215637
YNL159C,YIL026C,0,-4.0774145,0.08268111944198608,0.8240000009536743,0.9142000079154968
YMR306W,YMR200W,0,-4.078267,0.08267281949520111,0.8240000009536743,0.9143000245094299
YLR204W,YMR025W,0,-4.078334,0.08266452699899673,0.8240000009536743,0.9143999814987183
YMR227C,YER139C,0,-4.078905,0.08265623450279236,0.8240000009536743,0.9144999980926514
YIL026C,YOR037W,0,-4.0790257,0.08264794200658798,0.8240000009536743,0.9146000146865845
YBR275C,YDL190C,0,-4.079979,0.0826396569609642,0.8240000009536743,0.9146999716758728
YER165W,YNL292W,0,-4.080063,0.08263136446475983,0.8240000009536743,0.9147999882698059
YBR036C,YKR050W,1,-4.080677,0.08272334933280945,0.824999988079071,0.9147999882698059
YPR032W,YOR016C,0,-4.080944,0.08271505683660507,0.824999988079071,0.914900004863739
YGL211W,YFR034C,0,-4.082143,0.0827067643404007,0.824999988079071,0.9150000214576721
YJL110C,YIL142W,0,-4.0826206,0.08269847929477692,0.824999988079071,0.9150999784469604
YLR396C,YPL233W,0,-4.0830574,0.08269018679857254,0.824999988079071,0.9151999950408936
YJL129C,YMR243C,1,-4.083452,0.08278211951255798,0.8259999752044678,0.9151999950408936
YHR181W,YER123W,0,-4.083724,0.08277382701635361,0.8259999752044678,0.9153000116348267
YFR049W,YDL097C,0,-4.0862617,0.08276553452014923,0.8259999752044678,0.9154000282287598
YBR058C,YDR217C,0,-4.0864773,0.08275724202394485,0.8259999752044678,0.9154999852180481
YCR096C,YGL173C,0,-4.0866594,0.08274894952774048,0.8259999752044678,0.9156000018119812
YER050C,YER060W,0,-4.087075,0.0827406570315361,0.8259999752044678,0.9157000184059143
YNL158W,YHL032C,0,-4.0878687,0.08273237198591232,0.8259999752044678,0.9157999753952026
YPL049C,YPR057W,0,-4.0890636,0.08272408694028854,0.8259999752044678,0.9158999919891357
YER164W,YHR103W,0,-4.089116,0.08271580189466476,0.8259999752044678,0.9160000085830688
YKL175W,YDR205W,1,-4.089405,0.08280765265226364,0.8270000219345093,0.9160000085830688
YHR067W,YGR225W,0,-4.0902376,0.08279936015605927,0.8270000219345093,0.916100025177002
YCL029C,YGL190C,0,-4.0905976,0.08279106765985489,0.8270000219345093,0.9161999821662903
YKL003C,YNL288W,0,-4.0912724,0.08278278261423111,0.8270000219345093,0.9162999987602234
YGL172W,YAL013W,0,-4.0924835,0.08277449756860733,0.8270000219345093,0.9164000153541565
YNL283C,YFL037W,0,-4.0927343,0.08276621252298355,0.8270000219345093,0.9164999723434448
YER007W,YAL048C,0,-4.093975,0.08275792747735977,0.8270000219345093,0.9165999889373779
YPR163C,YDL130W,0,-4.0953484,0.08274964988231659,0.8270000219345093,0.916700005531311
YDL056W,YGL195W,0,-4.0962744,0.08274137228727341,0.8270000219345093,0.9168000221252441
YDR301W,YDL076C,0,-4.097685,0.08273309469223022,0.8270000219345093,0.9168999791145325
YDL111C,YMR203W,0,-4.098055,0.08272481709718704,0.8270000219345093,0.9169999957084656
YGR171C,YDR337W,0,-4.0980797,0.08271654695272446,0.8270000219345093,0.9171000123023987
YKL095W,YLL043W,0,-4.0982494,0.08270826935768127,0.8270000219345093,0.9172000288963318
YJR040W,YKR050W,1,-4.0983095,0.0828000009059906,0.828000009059906,0.9172000288963318
YER031C,YDR177W,0,-4.098852,0.08279172331094742,0.828000009059906,0.9172999858856201
YMR110C,YDR173C,0,-4.0989704,0.08278344571590424,0.828000009059906,0.9174000024795532
YPL239W,YBL039C,0,-4.0990405,0.08277516812086105,0.828000009059906,0.9175000190734863
YNL032W,YPL010W,0,-4.0996313,0.08276689052581787,0.828000009059906,0.9175999760627747
YPL203W,YIL136W,0,-4.1001015,0.08275862038135529,0.828000009059906,0.9176999926567078
YAL003W,YNL038W,0,-4.100112,0.0827503502368927,0.828000009059906,0.9178000092506409
YOR087W,YOR147W,1,-4.100258,0.08284200727939606,0.8289999961853027,0.9178000092506409
YDL127W,YJL197W,0,-4.1007547,0.08283372968435287,0.8289999961853027,0.917900025844574
YDR108W,YOR249C,0,-4.1009145,0.08282545953989029,0.8289999961853027,0.9179999828338623
YCL051W,YNR052C,0,-4.101556,0.0828171819448471,0.8289999961853027,0.9180999994277954
YHL038C,YIL020C,0,-4.105234,0.08280891180038452,0.8289999961853027,0.9182000160217285
YER145C,YNL149C,0,-4.1082993,0.08280064165592194,0.8289999961853027,0.9182999730110168
YDL141W,YAL031C,0,-4.1085777,0.08279237151145935,0.8289999961853027,0.91839998960495
YHR081W,YMR311C,0,-4.108873,0.08278410136699677,0.8289999961853027,0.9185000061988831
YDL145C,YGR279C,0,-4.109365,0.08277583867311478,0.8289999961853027,0.9186000227928162
YER013W,YOR241W,0,-4.109922,0.08276756852865219,0.8289999961853027,0.9186999797821045
YGL172W,YER171W,0,-4.111269,0.0827593058347702,0.8289999961853027,0.9187999963760376
YJR049C,YGL006W,1,-4.111633,0.0828508660197258,0.8299999833106995,0.9187999963760376
YNL052W,YLR093C,0,-4.1118336,0.08284259587526321,0.8299999833106995,0.9189000129699707
YEL061C,YMR097C,0,-4.1121726,0.08283433318138123,0.8299999833106995,0.9190000295639038
YCR044C,YEL051W,1,-4.112998,0.08292585611343384,0.8309999704360962,0.9190000295639038
YLL043W,YKR090W,0,-4.1134467,0.08291757851839066,0.8309999704360962,0.9190999865531921
YIL156W,YPR186C,0,-4.113459,0.08290930837392807,0.8309999704360962,0.9192000031471252
YOR275C,YPR006C,0,-4.113924,0.08290103822946548,0.8309999704360962,0.9193000197410583
YPR198W,YJL140W,0,-4.1141443,0.0828927680850029,0.8309999704360962,0.9193999767303467
YEL029C,YGR083C,0,-4.1143227,0.08288449794054031,0.8309999704360962,0.9194999933242798
YGR030C,YGL198W,0,-4.1145077,0.08287623524665833,0.8309999704360962,0.9196000099182129
YPR190C,YDL148C,0,-4.114547,0.08286797255277634,0.8309999704360962,0.919700026512146
YNL054W,YDR315C,0,-4.1152306,0.08285970985889435,0.8309999704360962,0.9197999835014343
YOR290C,YMR171C,0,-4.1154814,0.08285144716501236,0.8309999704360962,0.9199000000953674
YDR244W,YDR386W,0,-4.1160088,0.08284318447113037,0.8309999704360962,0.9200000166893005
YOR252W,YFL023W,0,-4.116555,0.08283492922782898,0.8309999704360962,0.9200999736785889
YLR008C,YPR086W,0,-4.117256,0.08282667398452759,0.8309999704360962,0.920199990272522
YBL023C,YKR068C,0,-4.1175604,0.0828184187412262,0.8309999704360962,0.9203000068664551
YNL129W,YDL138W,0,-4.117634,0.0828101634979248,0.8309999704360962,0.9204000234603882
YLL019C,YER101C,0,-4.1180677,0.08280191570520401,0.8309999704360962,0.9204999804496765
YJL065C,YGR078C,0,-4.119775,0.08279366046190262,0.8309999704360962,0.9205999970436096
YIL038C,YNL221C,0,-4.120241,0.08278541266918182,0.8309999704360962,0.9207000136375427
YKL040C,YER133W,1,-4.121524,0.0828767791390419,0.8320000171661377,0.9207000136375427
YLR321C,YGL142C,0,-4.122216,0.08286852389574051,0.8320000171661377,0.920799970626831
YKL040C,YPL177C,1,-4.122635,0.0829598680138588,0.8330000042915344,0.920799970626831
YBL038W,YPR128C,0,-4.12269,0.0829516053199768,0.8330000042915344,0.9208999872207642
YGL087C,YMR115W,0,-4.123225,0.08294334262609482,0.8330000042915344,0.9210000038146973
YNL056W,YOR189W,0,-4.1236196,0.08293508738279343,0.8330000042915344,0.9211000204086304
YPL213W,YKL064W,0,-4.124345,0.08292683213949203,0.8330000042915344,0.9211999773979187
YLR209C,YML127W,0,-4.125188,0.08291857689619064,0.8330000042915344,0.9212999939918518
YOR117W,YFR037C,0,-4.125355,0.08291032165288925,0.8330000042915344,0.9214000105857849
YJR102C,YGR143W,0,-4.125596,0.08290206640958786,0.8330000042915344,0.921500027179718
YOR254C,YDL031W,0,-4.1259127,0.08289381861686707,0.8330000042915344,0.9215999841690063
YKR085C,YER074W,0,-4.1259565,0.08288557082414627,0.8330000042915344,0.9217000007629395
YOR304W,YBR002C,0,-4.126717,0.08287732303142548,0.8330000042915344,0.9218000173568726
YKL094W,YHR074W,0,-4.126772,0.08286908268928528,0.8330000042915344,0.9218999743461609
YOL004W,YPL105C,0,-4.127102,0.08286083489656448,0.8330000042915344,0.921999990940094
YCL055W,YBR109C,0,-4.1275015,0.08285259455442429,0.8330000042915344,0.9221000075340271
YER008C,YML055W,0,-4.128523,0.08284435421228409,0.8330000042915344,0.9222000241279602
YLR394W,YPR155C,0,-4.1288357,0.08283612132072449,0.8330000042915344,0.9222999811172485
YPL204W,YGR135W,0,-4.129199,0.08282788097858429,0.8330000042915344,0.9223999977111816
YHR013C,YBR009C,0,-4.1295004,0.08281964808702469,0.8330000042915344,0.9225000143051147
YOR372C,YIL036W,0,-4.1303377,0.08281141519546509,0.8330000042915344,0.9225999712944031
YNL073W,YBR218C,0,-4.13122,0.08280318230390549,0.8330000042915344,0.9226999878883362
YBR130C,YDR347W,0,-4.132388,0.08279494941234589,0.8330000042915344,0.9228000044822693
YDR362C,YDR168W,0,-4.1329985,0.08278672397136688,0.8330000042915344,0.9229000210762024
YMR072W,YPL064C,0,-4.1333513,0.08277849853038788,0.8330000042915344,0.9229999780654907
YKR031C,YBL037W,0,-4.1342745,0.08277027308940887,0.8330000042915344,0.9230999946594238
YBR153W,YLR314C,0,-4.1344748,0.08276204764842987,0.8330000042915344,0.9232000112533569
YDR167W,YKL126W,0,-4.1346893,0.08275382220745087,0.8330000042915344,0.92330002784729
YDR507C,YPL042C,0,-4.1356306,0.08274560421705246,0.8330000042915344,0.9233999848365784
YOR087W,YOR316C,1,-4.136343,0.08283670991659164,0.8339999914169312,0.9233999848365784
YCL055W,YGL142C,0,-4.136525,0.08282848447561264,0.8339999914169312,0.9235000014305115
YHR168W,YDR116C,0,-4.1367846,0.08282025903463364,0.8339999914169312,0.9236000180244446
YGL161C,YMR173W,0,-4.1381235,0.08281203359365463,0.8339999914169312,0.9236999750137329
YKR088C,YOL102C,0,-4.1401367,0.08280381560325623,0.8339999914169312,0.923799991607666
YFR040W,YAL056W,0,-4.14073,0.08279559016227722,0.8339999914169312,0.9239000082015991
YOR063W,YMR235C,0,-4.1417046,0.08278737217187881,0.8339999914169312,0.9240000247955322
YDR418W,YOL077C,0,-4.14235,0.08277915418148041,0.8339999914169312,0.9240999817848206
YJR089W,YMR115W,0,-4.1427,0.0827709436416626,0.8339999914169312,0.9241999983787537
YLR096W,YJL073W,0,-4.1437187,0.08276272565126419,0.8339999914169312,0.9243000149726868
YLL027W,YNL240C,0,-4.1452427,0.08275451511144638,0.8339999914169312,0.9243999719619751
YOR194C,YHR069C,0,-4.145817,0.08274630457162857,0.8339999914169312,0.9244999885559082
YOR156C,YJR089W,0,-4.1462555,0.08273809403181076,0.8339999914169312,0.9246000051498413
YDL106C,YLR203C,0,-4.1462564,0.08272989094257355,0.8339999914169312,0.9247000217437744
YGR202C,YLR127C,0,-4.1465406,0.08272168040275574,0.8339999914169312,0.9247999787330627
YNL297C,YOL026C,0,-4.1477757,0.08271347731351852,0.8339999914169312,0.9248999953269958
YER174C,YOR039W,1,-4.150711,0.08280444145202637,0.8349999785423279,0.9248999953269958
YER129W,YPL148C,0,-4.1509485,0.08279623091220856,0.8349999785423279,0.925000011920929
YDR246W,YOL072W,0,-4.151025,0.08278802037239075,0.8349999785423279,0.9251000285148621
YOR316C,YHL047C,1,-4.1512756,0.0828789547085762,0.8360000252723694,0.9251000285148621
YBL007C,YDR392W,0,-4.1517773,0.0828707367181778,0.8360000252723694,0.9251999855041504
YLR389C,YLR028C,0,-4.1519413,0.08286252617835999,0.8360000252723694,0.9253000020980835
YML032C,YIL142W,0,-4.1520042,0.08285430818796158,0.8360000252723694,0.9254000186920166
YKL135C,YLR020C,0,-4.152645,0.08284609764814377,0.8360000252723694,0.9254999756813049
YBL037W,YML129C,0,-4.1528597,0.08283789455890656,0.8360000252723694,0.925599992275238
YAL023C,YHR024C,0,-4.1540966,0.08282968401908875,0.8360000252723694,0.9257000088691711
YDR188W,YHR021C,0,-4.1551046,0.08282148092985153,0.8360000252723694,0.9258000254631042
YJL012C,YOR217W,0,-4.1560287,0.08281327039003372,0.8360000252723694,0.9258999824523926
YDR083W,YNL001W,0,-4.156333,0.0828050747513771,0.8360000252723694,0.9259999990463257
YPL087W,YHL031C,0,-4.1573544,0.08279687166213989,0.8360000252723694,0.9261000156402588
YDL019C,YOR324C,0,-4.157957,0.08278866857290268,0.8360000252723694,0.9261999726295471
YEL021W,YOR372C,0,-4.158942,0.08278047293424606,0.8360000252723694,0.9262999892234802
YER161C,YMR098C,0,-4.15938,0.08277227729558945,0.8360000252723694,0.9264000058174133
YDR392W,YDR150W,0,-4.159458,0.08276408165693283,0.8360000252723694,0.9265000224113464
YJL189W,YHR013C,0,-4.159869,0.08275589346885681,0.8360000252723694,0.9265999794006348
YHR024C,YKL210W,0,-4.15998,0.0827476978302002,0.8360000252723694,0.9266999959945679
YGR101W,YKR030W,0,-4.1613836,0.08273950964212418,0.8360000252723694,0.926800012588501
YHR024C,YBR120C,0,-4.1615477,0.08273132145404816,0.8360000252723694,0.9269000291824341
YNR027W,YDR103W,0,-4.1615963,0.08272313326597214,0.8360000252723694,0.9269999861717224
YOR372C,YKL126W,0,-4.1618547,0.08271495252847672,0.8360000252723694,0.9271000027656555
YLR360W,YKR083C,0,-4.1620293,0.0827067643404007,0.8360000252723694,0.9272000193595886
YMR270C,YML032C,0,-4.162305,0.08269858360290527,0.8360000252723694,0.927299976348877
YLR440C,YKL124W,0,-4.1625795,0.08269040286540985,0.8360000252723694,0.9273999929428101
YGR046W,YNL297C,0,-4.164109,0.08268222957849503,0.8360000252723694,0.9275000095367432
YPR036W,YJR040W,1,-4.164858,0.08277294039726257,0.8370000123977661,0.9275000095367432
YEL018W,YOR080W,0,-4.165489,0.08276475965976715,0.8370000123977661,0.9276000261306763
YNL032W,YBR022W,0,-4.166851,0.08275657147169113,0.8370000123977661,0.9276999831199646
YNL268W,YBR264C,0,-4.167121,0.08274839073419571,0.8370000123977661,0.9277999997138977
YDR188W,YLR219W,0,-4.1681213,0.08274020999670029,0.8370000123977661,0.9279000163078308
YDR347W,YLR007W,0,-4.169299,0.08273203670978546,0.8370000123977661,0.9279999732971191
YLR151C,YBR065C,0,-4.169425,0.08272385597229004,0.8370000123977661,0.9280999898910522
YLR427W,YIL093C,0,-4.169649,0.08271568268537521,0.8370000123977661,0.9282000064849854
YOR079C,YPL177C,1,-4.170314,0.08280632644891739,0.8379999995231628,0.9282000064849854
YKL134C,YDL120W,1,-4.1714144,0.08289694786071777,0.8389999866485596,0.9282000064849854
YBR213W,YGR002C,0,-4.1719675,0.08288875967264175,0.8389999866485596,0.9283000230789185
YER159C,YFL029C,0,-4.1721573,0.08288057148456573,0.8389999866485596,0.9283999800682068
YBR055C,YPR162C,0,-4.1740494,0.08287238329648972,0.8389999866485596,0.9284999966621399
YJL004C,YMR115W,0,-4.1741695,0.0828641951084137,0.8389999866485596,0.928600013256073
YPL042C,YMR285C,0,-4.176223,0.08285601437091827,0.8389999866485596,0.9286999702453613
YOR061W,YOL002C,1,-4.176757,0.08294657617807388,0.8399999737739563,0.9286999702453613
YPR036W,YJR104C,1,-4.1783752,0.0830371230840683,0.8410000205039978,0.9286999702453613
YJL066C,YAL008W,0,-4.1787205,0.08302892744541168,0.8410000205039978,0.9287999868392944
YHR013C,YIR004W,0,-4.1791773,0.08302073180675507,0.8410000205039978,0.9289000034332275
YAL020C,YPL040C,0,-4.179678,0.08301253616809845,0.8410000205039978,0.9290000200271606
YJL165C,YDR376W,1,-4.1797934,0.08310303837060928,0.8420000076293945,0.9290000200271606
YJL006C,YFR013W,0,-4.180668,0.08309483528137207,0.8420000076293945,0.929099977016449
YOR311C,YKL058W,0,-4.1816645,0.08308663964271545,0.8420000076293945,0.9291999936103821
YDR390C,YDL217C,0,-4.1826773,0.08307844400405884,0.8420000076293945,0.9293000102043152
YHR013C,YLR314C,0,-4.1827774,0.08307024836540222,0.8420000076293945,0.9294000267982483
YOR150W,YLR323C,0,-4.182905,0.0830620527267456,0.8420000076293945,0.9294999837875366
YDR243C,YMR077C,0,-4.183017,0.08305385708808899,0.8420000076293945,0.9296000003814697
YGR076C,YLR323C,0,-4.1843624,0.08304566890001297,0.8420000076293945,0.9297000169754028
YMR213W,YLR032W,0,-4.1845512,0.08303747326135635,0.8420000076293945,0.9297999739646912
YHR039C-A,YDR098C,1,-4.185137,0.08312789350748062,0.8429999947547913,0.9297999739646912
YDR243C,YOR016C,0,-4.186343,0.083119697868824,0.8429999947547913,0.9298999905586243
YGR003W,YML109W,0,-4.186537,0.08311150223016739,0.8429999947547913,0.9300000071525574
YDR246W,YFL017W-A,0,-4.1883183,0.08310331404209137,0.8429999947547913,0.9301000237464905
YNL041C,YDR389W,0,-4.1888695,0.08309511840343475,0.8429999947547913,0.9301999807357788
YDR145W,YLR090W,0,-4.1903067,0.08308693021535873,0.8429999947547913,0.9302999973297119
YLR026C,YNL085W,0,-4.1910057,0.08307874202728271,0.8429999947547913,0.930400013923645
YPR108W,YDR041W,0,-4.1912546,0.0830705538392067,0.8429999947547913,0.9304999709129333
YIL079C,YKR056W,0,-4.1924286,0.08306237310171127,0.8429999947547913,0.9305999875068665
YOL042W,YBR278W,0,-4.194027,0.08305418491363525,0.8429999947547913,0.9307000041007996
YLR292C,YDR176W,0,-4.194916,0.08304600417613983,0.8429999947547913,0.9308000206947327
YJR032W,YMR091C,0,-4.1967382,0.08303782343864441,0.8429999947547913,0.930899977684021
YIL133C,YLL018C,0,-4.197217,0.08302964270114899,0.8429999947547913,0.9309999942779541
YMR208W,YDR530C,0,-4.197588,0.08302146941423416,0.8429999947547913,0.9311000108718872
YNL167C,YLR093C,0,-4.197855,0.08301329612731934,0.8429999947547913,0.9312000274658203
YJR068W,YLR371W,0,-4.199793,0.08300512284040451,0.8429999947547913,0.9312999844551086
YHR067W,YDL225W,0,-4.200863,0.08299694955348969,0.8429999947547913,0.9314000010490417
YOR113W,YBR268W,0,-4.201022,0.08298877626657486,0.8429999947547913,0.9315000176429749
YLR295C,YDL217C,0,-4.201496,0.08298061043024063,0.8429999947547913,0.9315999746322632
YEL030W,YMR115W,0,-4.202548,0.0829724445939064,0.8429999947547913,0.9316999912261963
YDR390C,YGR046W,0,-4.2037725,0.08296427875757217,0.8429999947547913,0.9318000078201294
YNL098C,YCL031C,0,-4.2051897,0.08295611292123795,0.8429999947547913,0.9319000244140625
YMR019W,YDR257C,0,-4.2056837,0.08294794708490372,0.8429999947547913,0.9319999814033508
YNL330C,YKL155C,0,-4.2057095,0.08293978869915009,0.8429999947547913,0.9320999979972839
YPL180W,YJR051W,0,-4.205763,0.08293163031339645,0.8429999947547913,0.932200014591217
YNL085W,YGR191W,0,-4.206726,0.08292347192764282,0.8429999947547913,0.9322999715805054
YMR177W,YOR039W,1,-4.2069235,0.08301366865634918,0.843999981880188,0.9322999715805054
YPR043W,YJL052W,0,-4.2074795,0.08300551027059555,0.843999981880188,0.9323999881744385
YML034W,YOR158W,0,-4.212055,0.08299734443426132,0.843999981880188,0.9325000047683716
YBL082C,YAL022C,0,-4.212816,0.08298918604850769,0.843999981880188,0.9326000213623047
YJL174W,YOR150W,0,-4.212865,0.08298102766275406,0.843999981880188,0.932699978351593
YDR400W,YOL122C,0,-4.2133007,0.08297286927700043,0.843999981880188,0.9327999949455261
YDR486C,YDR498C,0,-4.214594,0.0829647108912468,0.843999981880188,0.9329000115394592
YKL048C,YOL043C,0,-4.2151976,0.08295655250549316,0.843999981880188,0.9330000281333923
YER115C,YGR167W,0,-4.2172775,0.08294840157032013,0.843999981880188,0.9330999851226807
YDL128W,YEL051W,1,-4.2173214,0.08303852379322052,0.8450000286102295,0.9330999851226807
YBL057C,YIL115C,0,-4.218688,0.08303036540746689,0.8450000286102295,0.9332000017166138
YOR038C,YDR440W,0,-4.219183,0.08302220702171326,0.8450000286102295,0.9333000183105469
YDR189W,YLR384C,0,-4.219304,0.08301404863595963,0.8450000286102295,0.9333999752998352
YKL175W,YLR023C,1,-4.2194157,0.08310412615537643,0.8460000157356262,0.9333999752998352
YDL175C,YIR015W,0,-4.220194,0.0830959603190422,0.8460000157356262,0.9334999918937683
YNL084C,YNL006W,0,-4.222783,0.08308780193328857,0.8460000157356262,0.9336000084877014
YGR193C,YMR123W,0,-4.2244263,0.08307964354753494,0.8460000157356262,0.9337000250816345
YBR043C,YGR181W,0,-4.2249613,0.08307148516178131,0.8460000157356262,0.9337999820709229
YDR299W,YML074C,0,-4.226632,0.08306332677602768,0.8460000157356262,0.933899998664856
YFL036W,YEL022W,0,-4.226721,0.08305517584085464,0.8460000157356262,0.9340000152587891
YPR105C,YML071C,0,-4.227309,0.08304701745510101,0.8460000157356262,0.9340999722480774
YGR220C,YDR075W,0,-4.2281227,0.08303886651992798,0.8460000157356262,0.9341999888420105
YGR047C,YOR067C,0,-4.2281733,0.08303072303533554,0.8460000157356262,0.9343000054359436
YMR163C,YML129C,0,-4.228223,0.0830225721001625,0.8460000157356262,0.9344000220298767
YKL015W,YAL010C,0,-4.230974,0.08301442116498947,0.8460000157356262,0.934499979019165
YKL175W,YML057W,1,-4.231983,0.08310439437627792,0.847000002861023,0.934499979019165
YIL052C,YJR143C,0,-4.2322893,0.08309624344110489,0.847000002861023,0.9345999956130981
YPR067W,YKL007W,0,-4.2326365,0.08308809250593185,0.847000002861023,0.9347000122070312
YDR031W,YGR104C,0,-4.232888,0.08307994157075882,0.847000002861023,0.9348000288009644
YCL029C,YIL004C,0,-4.232975,0.08307179063558578,0.847000002861023,0.9348999857902527
YGR029W,YDR456W,1,-4.233532,0.08316171169281006,0.8479999899864197,0.9348999857902527
YNL001W,YNL059C,0,-4.234025,0.08315356075763702,0.8479999899864197,0.9350000023841858
YER015W,YGL251C,0,-4.234762,0.08314540982246399,0.8479999899864197,0.9351000189781189
YBR030W,YER049W,0,-4.235978,0.08313725143671036,0.8479999899864197,0.9351999759674072
YIR012W,YGR229C,0,-4.2361155,0.08312910795211792,0.8479999899864197,0.9352999925613403
YHL027W,YDL217C,0,-4.2363415,0.08312095701694489,0.8479999899864197,0.9354000091552734
YGL137W,YIL138C,0,-4.236555,0.08311281353235245,0.8479999899864197,0.9355000257492065
YER159C,YDL175C,0,-4.237055,0.08310466259717941,0.8479999899864197,0.9355999827384949
YDL078C,YHR017W,0,-4.237463,0.08309651911258698,0.8479999899864197,0.935699999332428
YOR181W,YBR060C,0,-4.23763,0.08308838307857513,0.8479999899864197,0.9358000159263611
YKL189W,YCR081W,0,-4.2393293,0.0830802395939827,0.8479999899864197,0.9358999729156494
YIL088C,YDR122W,0,-4.2395277,0.08307210355997086,0.8479999899864197,0.9359999895095825
YNR047W,YOL111C,0,-4.2396193,0.08306396007537842,0.8479999899864197,0.9361000061035156
YEL061C,YBR282W,0,-4.23977,0.08305582404136658,0.8479999899864197,0.9362000226974487
YNL039W,YJR126C,0,-4.239805,0.08304769545793533,0.8479999899864197,0.9362999796867371
YGR253C,YKL155C,0,-4.2400627,0.08303955942392349,0.8479999899864197,0.9363999962806702
YML036W,YBR074W,0,-4.2422943,0.08303143084049225,0.8479999899864197,0.9365000128746033
YOL065C,YNL081C,0,-4.242404,0.083023302257061,0.8479999899864197,0.9366000294685364
YPL224C,YDR098C,1,-4.2433453,0.08311306685209274,0.8489999771118164,0.9366000294685364
YDR151C,YGR029W,1,-4.245167,0.08320281654596329,0.8500000238418579,0.9366000294685364
YHR181W,YGL098W,0,-4.24533,0.08319467306137085,0.8500000238418579,0.9366999864578247
YPL224C,YOR270C,1,-4.245983,0.0832844004034996,0.8510000109672546,0.9366999864578247
YNL227C,YGL018C,0,-4.246626,0.08327624946832657,0.8510000109672546,0.9368000030517578
YGR106C,YBR264C,0,-4.2483063,0.08326809853315353,0.8510000109672546,0.9369000196456909
YJR083C,YBR273C,0,-4.2484207,0.0832599550485611,0.8510000109672546,0.9369999766349792
YGR223C,YNL081C,0,-4.2505856,0.08325181156396866,0.8510000109672546,0.9370999932289124
YML051W,YJL029C,0,-4.250764,0.08324366807937622,0.8510000109672546,0.9372000098228455
YNL056W,YMR088C,0,-4.251333,0.08323552459478378,0.8510000109672546,0.9373000264167786
YOL116W,YOR269W,0,-4.251693,0.08322738111019135,0.8510000109672546,0.9373999834060669
YBR245C,YML067C,0,-4.2519045,0.0832192450761795,0.8510000109672546,0.9375
YOL042W,YMR123W,0,-4.252345,0.08321110904216766,0.8510000109672546,0.9376000165939331
YMR192W,YJL166W,0,-4.252488,0.08320297300815582,0.8510000109672546,0.9376999735832214
YKL015W,YHR165C,0,-4.2527304,0.08319483697414398,0.8510000109672546,0.9377999901771545
YKL190W,YGL006W,1,-4.2527885,0.08328446000814438,0.8519999980926514,0.9377999901771545
YKL175W,YGL006W,1,-4.2530813,0.08337406069040298,0.8529999852180481,0.9377999901771545
YGL212W,YGL192W,0,-4.2547703,0.08336590975522995,0.8529999852180481,0.9379000067710876
YMR237W,YDR284C,0,-4.254797,0.08335776627063751,0.8529999852180481,0.9380000233650208
YDR151C,YJR059W,1,-4.2549467,0.08344732969999313,0.8539999723434448,0.9380000233650208
YJR013W,YDR088C,0,-4.2549744,0.0834391787648201,0.8539999723434448,0.9380999803543091
YPR106W,YDL076C,0,-4.255087,0.08343102782964706,0.8539999723434448,0.9381999969482422
YER129W,YOR194C,0,-4.2552834,0.08342287689447403,0.8539999723434448,0.9383000135421753
YOR099W,YER036C,0,-4.2559004,0.083414725959301,0.8539999723434448,0.9383999705314636
YBR245C,YBL076C,0,-4.2569466,0.08340658247470856,0.8539999723434448,0.9384999871253967
YPL204W,YBL023C,0,-4.257102,0.08339843899011612,0.8539999723434448,0.9386000037193298
YNL232W,YOR272W,0,-4.2571297,0.08339029550552368,0.8539999723434448,0.9387000203132629
YBR146W,YNL330C,0,-4.2574415,0.08338215202093124,0.8539999723434448,0.9387999773025513
YPL115C,YDR532C,0,-4.2579403,0.0833740085363388,0.8539999723434448,0.9388999938964844
YBR109C,YPR182W,0,-4.2580137,0.08336587250232697,0.8539999723434448,0.9390000104904175
YBR260C,YHR161C,0,-4.25821,0.08335773646831512,0.8539999723434448,0.9391000270843506
YOR332W,YKR007W,1,-4.2582493,0.08344719558954239,0.8550000190734863,0.9391000270843506
YNL243W,YIL030C,0,-4.258258,0.08343905210494995,0.8550000190734863,0.9391999840736389
YGL198W,YDL235C,0,-4.259986,0.08343091607093811,0.8550000190734863,0.939300000667572
YDL128W,YGL019W,1,-4.2603865,0.08352034538984299,0.8560000061988831,0.939300000667572
YMR192W,YDR217C,0,-4.2605724,0.08351219445466995,0.8560000061988831,0.9394000172615051
YDL100C,YPR105C,0,-4.260749,0.08350405097007751,0.8560000061988831,0.9394999742507935
YOR087W,YGL155W,1,-4.261017,0.0835934430360794,0.8569999933242798,0.9394999742507935
YOR087W,YOR079C,1,-4.2611876,0.0836828276515007,0.8579999804496765,0.9394999742507935
YGL203C,YOR057W,0,-4.2615423,0.08367466181516647,0.8579999804496765,0.9395999908447266
YJL090C,YCR037C,0,-4.2621145,0.08366650342941284,0.8579999804496765,0.9397000074386597
YDL189W,YEL018W,0,-4.2621784,0.08365834504365921,0.8579999804496765,0.9398000240325928
YGR007W,YAR015W,0,-4.262313,0.08365018665790558,0.8579999804496765,0.9398999810218811
YMR004W,YMR286W,0,-4.2626076,0.08364203572273254,0.8579999804496765,0.9399999976158142
YNL307C,YML124C,0,-4.263154,0.08363388478755951,0.8579999804496765,0.9401000142097473
YKR008W,YKR036C,0,-4.26342,0.08362573385238647,0.8579999804496765,0.9401999711990356
YLR016C,YER149C,0,-4.263816,0.08361758291721344,0.8579999804496765,0.9402999877929688
YJL165C,YLR023C,1,-4.264579,0.08370687812566757,0.859000027179718,0.9402999877929688
YDL128W,YJR049C,1,-4.2648773,0.08379615843296051,0.8600000143051147,0.9402999877929688
YHR039C-A,YJL165C,1,-4.2652836,0.08388542383909225,0.8610000014305115,0.9402999877929688
YPL064C,YOL023W,0,-4.2660513,0.08387725055217743,0.8610000014305115,0.9404000043869019
YNL243W,YNL267W,0,-4.266425,0.0838690847158432,0.8610000014305115,0.940500020980835
YPR166C,YDR145W,0,-4.2670393,0.08386091142892838,0.8610000014305115,0.9405999779701233
YKL210W,YDL113C,0,-4.267255,0.08385274559259415,0.8610000014305115,0.9406999945640564
YDR328C,YGR020C,1,-4.267275,0.08394195884466171,0.8619999885559082,0.9406999945640564
YBR212W,YNR006W,0,-4.2676954,0.08393378555774689,0.8619999885559082,0.9408000111579895
YJR104C,YCL017C,1,-4.267768,0.08402297645807266,0.8629999756813049,0.9408000111579895
YHR047C,YOR002W,0,-4.26777,0.08401479572057724,0.8629999756813049,0.9409000277519226
YKL190W,YDR098C,1,-4.2683477,0.08410396426916122,0.8640000224113464,0.9409000277519226
YDR054C,YDL078C,0,-4.2690315,0.0840957760810852,0.8640000224113464,0.9409999847412109
YER154W,YLR203C,0,-4.2692137,0.08408758789300919,0.8640000224113464,0.941100001335144
YGL106W,YOL102C,0,-4.2698717,0.08407940715551376,0.8640000224113464,0.9412000179290771
YIL037C,YDR323C,0,-4.272443,0.08407122641801834,0.8640000224113464,0.9412999749183655
YDR166C,YKL206C,0,-4.272729,0.08406304568052292,0.8640000224113464,0.9413999915122986
YMR213W,YMR016C,0,-4.2727966,0.0840548723936081,0.8640000224113464,0.9415000081062317
YOR039W,YGL155W,1,-4.274047,0.08414396643638611,0.8650000095367432,0.9415000081062317
YOR075W,YNL288W,0,-4.2742558,0.08413578569889069,0.8650000095367432,0.9416000247001648
YDR376W,YHR194W,1,-4.274873,0.08422485738992691,0.8659999966621399,0.9416000247001648
YJR057W,YCR039C,0,-4.2767763,0.08421666920185089,0.8659999966621399,0.9416999816894531
YNR055C,YNL027W,0,-4.277631,0.08420848101377487,0.8659999966621399,0.9417999982833862
YGL213C,YDL098C,0,-4.2776623,0.08420029282569885,0.8659999966621399,0.9419000148773193
YPL063W,YPR067W,0,-4.2784243,0.08419210463762283,0.8659999966621399,0.9419999718666077
YDR121W,YMR112C,0,-4.281106,0.08418392390012741,0.8659999966621399,0.9420999884605408
YDR421W,YER040W,0,-4.2811613,0.08417573571205139,0.8659999966621399,0.9422000050544739
YFR007W,YDR470C,0,-4.281601,0.08416755497455597,0.8659999966621399,0.942300021648407
YNL023C,YHR111W,0,-4.282406,0.08415938168764114,0.8659999966621399,0.9423999786376953
YDR054C,YDR052C,0,-4.2825584,0.08415120095014572,0.8659999966621399,0.9424999952316284
YKL045W,YGR095C,0,-4.2832117,0.0841430202126503,0.8659999966621399,0.9426000118255615
YKR028W,YDL028C,0,-4.284004,0.08413484692573547,0.8659999966621399,0.9427000284194946
YIL035C,YGL019W,1,-4.284376,0.08422382175922394,0.8669999837875366,0.9427000284194946
YDR422C,YKR085C,0,-4.2846413,0.08421564102172852,0.8669999837875366,0.942799985408783
YDL072C,YCR009C,0,-4.2851286,0.0842074602842331,0.8669999837875366,0.9429000020027161
YNL096C,YDR086C,0,-4.2854757,0.08419927954673767,0.8669999837875366,0.9430000185966492
YDR088C,YDL018C,0,-4.286213,0.08419110625982285,0.8669999837875366,0.9430999755859375
YEL031W,YGL019W,1,-4.288104,0.08428002893924713,0.8679999709129333,0.9430999755859375
YDL070W,YBL058W,0,-4.2885504,0.08427184820175171,0.8679999709129333,0.9431999921798706
YMR289W,YNL263C,0,-4.289669,0.08426366001367569,0.8679999709129333,0.9433000087738037
YOR039W,YEL027W,1,-4.292139,0.08435255289077759,0.8690000176429749,0.9433000087738037
YLR305C,YOR150W,0,-4.292593,0.08434436470270157,0.8690000176429749,0.9434000253677368
YOR269W,YMR286W,0,-4.2979918,0.08433617651462555,0.8690000176429749,0.9434999823570251
YGR143W,YIR015W,0,-4.298215,0.08432799577713013,0.8690000176429749,0.9435999989509583
YKL194C,YDL107W,0,-4.2982645,0.0843198150396347,0.8690000176429749,0.9437000155448914
YBR043C,YIR002C,0,-4.299386,0.08431163430213928,0.8690000176429749,0.9437999725341797
YBR173C,YNR037C,0,-4.299423,0.08430345356464386,0.8690000176429749,0.9438999891281128
YLR220W,YJL165C,1,-4.299885,0.08439227938652039,0.8700000047683716,0.9438999891281128
YHR086W,YDR466W,0,-4.300619,0.08438409119844437,0.8700000047683716,0.9440000057220459
YOL018C,YBR223C,0,-4.3018694,0.08437591046094894,0.8700000047683716,0.944100022315979
YIL035C,YDL185W,1,-4.302355,0.08446469902992249,0.8709999918937683,0.944100022315979
YKL062W,YJL019W,0,-4.3024054,0.08445651084184647,0.8709999918937683,0.9441999793052673
YJR151C,YAL031C,0,-4.3029804,0.08444832265377045,0.8709999918937683,0.9442999958992004
YLR427W,YBL058W,0,-4.304119,0.08444013446569443,0.8709999918937683,0.9444000124931335
YOR359W,YAL029C,0,-4.304308,0.084431953728199,0.8709999918937683,0.9445000290870667
YLL038C,YLL048C,0,-4.3043604,0.08442376554012299,0.8709999918937683,0.944599986076355
YNL068C,YDR052C,0,-4.304531,0.08441558480262756,0.8709999918937683,0.9447000026702881
YJL192C,YDR023W,0,-4.304699,0.08440740406513214,0.8709999918937683,0.9448000192642212
YGR229C,YML031W,0,-4.3083706,0.08439922332763672,0.8709999918937683,0.9448999762535095
YNL101W,YKR030W,0,-4.310049,0.0843910500407219,0.8709999918937683,0.9449999928474426
YBR022W,YNL038W,0,-4.3119698,0.08438286930322647,0.8709999918937683,0.9451000094413757
YMR098C,YGL035C,0,-4.3121824,0.08437469601631165,0.8709999918937683,0.9452000260353088
YPL244C,YNL230C,0,-4.3125105,0.08436652272939682,0.8709999918937683,0.9452999830245972
YCR044C,YGL019W,1,-4.3126936,0.084455206990242,0.871999979019165,0.9452999830245972
YBR109C,YMR097C,0,-4.3137054,0.08444702625274658,0.871999979019165,0.9453999996185303
YBR212W,YGR077C,0,-4.3145323,0.08443885296583176,0.871999979019165,0.9455000162124634
YKL040C,YDR456W,1,-4.315049,0.08452749997377396,0.8730000257492065,0.9455000162124634
YDR373W,YLR005W,0,-4.3161507,0.08451931178569794,0.8730000257492065,0.9455999732017517
YMR149W,YLR044C,0,-4.3179445,0.08451113104820251,0.8730000257492065,0.9456999897956848
YDR310C,YIL014W,0,-4.318281,0.08450295031070709,0.8730000257492065,0.9458000063896179
YML086C,YDR127W,0,-4.3186846,0.08449477702379227,0.8730000257492065,0.945900022983551
YDL111C,YOR101W,0,-4.319935,0.08448659628629684,0.8730000257492065,0.9459999799728394
YOR061W,YGR029W,1,-4.323846,0.08457519114017487,0.8740000128746033,0.9459999799728394
YGL083W,YOL066C,0,-4.3238754,0.08456700295209885,0.8740000128746033,0.9460999965667725
YJL072C,YOR126C,0,-4.3241806,0.08455882221460342,0.8740000128746033,0.9462000131607056
YBR276C,YDR265W,0,-4.324793,0.084550641477108,0.8740000128746033,0.9463000297546387
YHR109W,YLR165C,0,-4.3250237,0.08454246819019318,0.8740000128746033,0.946399986743927
YBR059C,YOL102C,0,-4.3254023,0.08453428745269775,0.8740000128746033,0.9465000033378601
YDR436W,YDL120W,1,-4.3284435,0.084622822701931,0.875,0.9465000033378601
YGR135W,YMR208W,0,-4.3290186,0.08461464196443558,0.875,0.9466000199317932
YKR094C,YBR009C,0,-4.3293962,0.08460646122694016,0.875,0.9466999769210815
YLR321C,YNL153C,0,-4.329541,0.08459828048944473,0.875,0.9467999935150146
YBR275C,YDR217C,0,-4.329733,0.08459009975194931,0.875,0.9469000101089478
YLR429W,YER125W,0,-4.329851,0.08458192646503448,0.875,0.9470000267028809
YBR095C,YJL073W,0,-4.3300304,0.08457374572753906,0.875,0.9470999836921692
YMR036C,YNL293W,0,-4.3317556,0.08456557244062424,0.875,0.9472000002861023
YDR098C,YER133W,1,-4.332631,0.08465404063463211,0.8759999871253967,0.9472000002861023
YKL022C,YGR156W,0,-4.3336973,0.08464585989713669,0.8759999871253967,0.9473000168800354
YDR007W,YJL053W,0,-4.3341455,0.08463767915964127,0.8759999871253967,0.9473999738693237
YBR036C,YGL019W,1,-4.3346796,0.08472611010074615,0.8769999742507935,0.9473999738693237
YKL174C,YOR148C,0,-4.3349457,0.08471792936325073,0.8769999742507935,0.9474999904632568
YCL061C,YMR285C,0,-4.339485,0.08470974862575531,0.8769999742507935,0.9476000070571899
YJL214W,YGL051W,0,-4.339658,0.08470156788825989,0.8769999742507935,0.947700023651123
YOR143C,YLR215C,0,-4.340498,0.08469338715076447,0.8769999742507935,0.9477999806404114
YDL078C,YIL036W,0,-4.341526,0.08468520641326904,0.8769999742507935,0.9478999972343445
YOR039W,YOR147W,1,-4.341528,0.08477358520030975,0.878000020980835,0.9478999972343445
YOR054C,YKR007W,1,-4.341605,0.08486194163560867,0.8790000081062317,0.9478999972343445
YDL185W,YGL019W,1,-4.3418217,0.0849502831697464,0.8799999952316284,0.9478999972343445
YKL196C,YLR314C,0,-4.3421583,0.08494208753108978,0.8799999952316284,0.9480000138282776
YLR172C,YLR292C,0,-4.342826,0.08493388444185257,0.8799999952316284,0.9480999708175659
YDR129C,YHR135C,0,-4.3429604,0.08492568880319595,0.8799999952316284,0.948199987411499
YOL018C,YIL036W,0,-4.343025,0.08491749316453934,0.8799999952316284,0.9483000040054321
YKR055W,YGR116W,0,-4.344964,0.08490930497646332,0.8799999952316284,0.9484000205993652
YHR146W,YDR468C,0,-4.345152,0.0849011093378067,0.8799999952316284,0.9484999775886536
YPL234C,YHR039C-A,1,-4.3451624,0.08498939126729965,0.8809999823570251,0.9484999775886536
YHR073W,YPL106C,0,-4.3453636,0.08498118817806244,0.8809999823570251,0.9485999941825867
YGR005C,YML067C,0,-4.3456945,0.08497299253940582,0.8809999823570251,0.9487000107765198
YDR372C,YJL073W,0,-4.349454,0.0849647969007492,0.8809999823570251,0.9488000273704529
YOL116W,YDR069C,0,-4.350664,0.08495660871267319,0.8809999823570251,0.9488999843597412
YDR129C,YGR170W,0,-4.351035,0.08494841307401657,0.8809999823570251,0.9490000009536743
YEL031W,YKR007W,1,-4.351944,0.08503663539886475,0.8820000290870667,0.9490000009536743
YJR133W,YEL052W,0,-4.3524017,0.08502843976020813,0.8820000290870667,0.9491000175476074
YDR386W,YER030W,0,-4.3526697,0.08502024412155151,0.8820000290870667,0.9491999745368958
YHL034C,YJR117W,0,-4.3537827,0.0850120484828949,0.8820000290870667,0.9492999911308289
YPL254W,YGL144C,0,-4.3541565,0.08500385284423828,0.8820000290870667,0.949400007724762
YGR082W,YIL142W,0,-4.354641,0.08499566465616226,0.8820000290870667,0.9495000243186951
YOR254C,YLR389C,0,-4.354971,0.08498747646808624,0.8820000290870667,0.9495999813079834
YDR021W,YML043C,0,-4.3572636,0.08497928828001022,0.8820000290870667,0.9496999979019165
YGL067W,YML067C,0,-4.3572884,0.0849711000919342,0.8820000290870667,0.9498000144958496
YPL178W,YOR078W,0,-4.3576145,0.08496291190385818,0.8820000290870667,0.9498999714851379
YJR135C,YBR294W,0,-4.358738,0.08495473116636276,0.8820000290870667,0.949999988079071
YPR017C,YLR113W,0,-4.360862,0.08494655042886734,0.8820000290870667,0.9501000046730042
YIL039W,YOL061W,0,-4.361286,0.08493836969137192,0.8820000290870667,0.9502000212669373
YKR019C,YNL081C,0,-4.361375,0.0849301889538765,0.8820000290870667,0.9502999782562256
YPL137C,YMR091C,0,-4.362111,0.08492200821638107,0.8820000290870667,0.9503999948501587
YDR074W,YKL007W,0,-4.3630505,0.08491383492946625,0.8820000290870667,0.9505000114440918
YLL031C,YLR324W,0,-4.3633947,0.08490566164255142,0.8820000290870667,0.9506000280380249
YFR007W,YNL015W,0,-4.364068,0.0848974883556366,0.8820000290870667,0.9506999850273132
YDR328C,YKR007W,1,-4.365615,0.08498556166887283,0.8830000162124634,0.9506999850273132
YNL330C,YJL183W,0,-4.3660326,0.08497738093137741,0.8830000162124634,0.9508000016212463
YPL234C,YCR044C,1,-4.3672066,0.08506543189287186,0.8840000033378601,0.9508000016212463
YBL064C,YMR302C,0,-4.3675127,0.08505725115537643,0.8840000033378601,0.9509000182151794
YLL021W,YPL122C,0,-4.369622,0.08504907041788101,0.8840000033378601,0.9509999752044678
YOR334W,YPR067W,0,-4.373725,0.08504088222980499,0.8840000033378601,0.9510999917984009
YDR062W,YOR086C,0,-4.3745375,0.08503270149230957,0.8840000033378601,0.951200008392334
YBR275C,YIL008W,0,-4.374775,0.08502452820539474,0.8840000033378601,0.9513000249862671
YML092C,YNL239W,0,-4.3751297,0.08501634746789932,0.8840000033378601,0.9513999819755554
YDR483W,YPR032W,0,-4.3768005,0.0850081741809845,0.8840000033378601,0.9514999985694885
YDR243C,YBR074W,0,-4.3768225,0.08500000089406967,0.8840000033378601,0.9516000151634216
YGL172W,YBR260C,0,-4.377531,0.08499182760715485,0.8840000033378601,0.95169997215271
YGR238C,YDR031W,0,-4.378145,0.08498365432024002,0.8840000033378601,0.9517999887466431
YMR173W,YLR093C,0,-4.3816175,0.08497548848390579,0.8840000033378601,0.9519000053405762
YHL015W,YAL035W,0,-4.383114,0.08496732264757156,0.8840000033378601,0.9520000219345093
YDR421W,YBL103C,0,-4.3840923,0.08495915681123734,0.8840000033378601,0.9520999789237976
YMR039C,YNR024W,0,-4.3846197,0.0849509909749031,0.8840000033378601,0.9521999955177307
YIL008W,YAL035W,0,-4.3853073,0.08494282513856888,0.8840000033378601,0.9523000121116638
YBR036C,YMR301C,1,-4.388713,0.08503074198961258,0.8849999904632568,0.9523000121116638
YOR260W,YGR097W,0,-4.389086,0.08502257615327835,0.8849999904632568,0.9524000287055969
YBL092W,YMR205C,0,-4.3901377,0.08501441031694412,0.8849999904632568,0.9524999856948853
YDR064W,YMR131C,0,-4.3903456,0.0850062444806099,0.8849999904632568,0.9526000022888184
YKL015W,YGR095C,0,-4.3909025,0.08499807864427567,0.8849999904632568,0.9527000188827515
YKL062W,YOL030W,0,-4.391572,0.08498991280794144,0.8849999904632568,0.9527999758720398
YBR297W,YBR274W,0,-4.392973,0.0849817544221878,0.8849999904632568,0.9528999924659729
YGR191W,YLR033W,0,-4.3931684,0.08497359603643417,0.8849999904632568,0.953000009059906
YGR241C,YMR009W,0,-4.393816,0.08496543765068054,0.8849999904632568,0.9531000256538391
YER113C,YOR001W,0,-4.3949614,0.08495727926492691,0.8849999904632568,0.9531999826431274
YBR231C,YNR007C,0,-4.3950825,0.08494912832975388,0.8849999904632568,0.9532999992370605
YLR409C,YJR068W,0,-4.3959265,0.08494096994400024,0.8849999904632568,0.9534000158309937
YDL065C,YDR356W,0,-4.395955,0.08493281900882721,0.8849999904632568,0.953499972820282
YGL127C,YGL200C,0,-4.396387,0.08492466807365417,0.8849999904632568,0.9535999894142151
YOR270C,YKL190W,1,-4.3972273,0.08501247316598892,0.8859999775886536,0.9535999894142151
YDL070W,YFR010W,0,-4.3983593,0.08500431478023529,0.8859999775886536,0.9537000060081482
YNL238W,YPL262W,0,-4.398736,0.08499616384506226,0.8859999775886536,0.9538000226020813
YIL070C,YNL135C,0,-4.4000864,0.08498801290988922,0.8859999775886536,0.9538999795913696
YDR110W,YJR005W,0,-4.4001455,0.08497985452413559,0.8859999775886536,0.9539999961853027
YPR037C,YKR068C,0,-4.4002514,0.08497171103954315,0.8859999775886536,0.9541000127792358
YDR122W,YKR058W,0,-4.40038,0.08496356010437012,0.8859999775886536,0.954200029373169
YNL068C,YHR135C,0,-4.40106,0.08495540916919708,0.8859999775886536,0.9542999863624573
YIL035C,YKL175W,1,-4.4017735,0.08504314720630646,0.8870000243186951,0.9542999863624573
YDR098C,YOR087W,1,-4.4020224,0.08513086289167404,0.8880000114440918,0.9542999863624573
YGR155W,YGR162W,0,-4.4020452,0.08512269705533981,0.8880000114440918,0.9544000029563904
YDR229W,YMR188C,0,-4.403228,0.08511453866958618,0.8880000114440918,0.9545000195503235
YOR372C,YPR134W,0,-4.403324,0.08510638028383255,0.8880000114440918,0.9545999765396118
YLR016C,YBR060C,0,-4.4033613,0.08509822934865952,0.8880000114440918,0.9546999931335449
YLR239C,YGL005C,0,-4.404072,0.08509007096290588,0.8880000114440918,0.954800009727478
YKL119C,YGR029W,1,-4.40432,0.08517773449420929,0.8889999985694885,0.954800009727478
YKL198C,YDL195W,0,-4.4043427,0.08516957610845566,0.8889999985694885,0.9549000263214111
YOR358W,YKL087C,0,-4.4047575,0.08516141027212143,0.8889999985694885,0.9549999833106995
YLR067C,YOR123C,0,-4.405487,0.0851532593369484,0.8889999985694885,0.9550999999046326
YMR036C,YNL219C,0,-4.405863,0.08514510095119476,0.8889999985694885,0.9552000164985657
YBR211C,YKL005C,0,-4.4079285,0.08513695001602173,0.8889999985694885,0.955299973487854
YIL035C,YMR243C,1,-4.4086437,0.08522455394268036,0.8899999856948853,0.955299973487854
YDR108W,YLR427W,0,-4.40979,0.08521639555692673,0.8899999856948853,0.9553999900817871
YPR036W,YDR098C,1,-4.4110327,0.08530396968126297,0.890999972820282,0.9553999900817871
YNL054W,YOR034C,0,-4.411519,0.08529580384492874,0.890999972820282,0.9555000066757202
YJR110W,YJL140W,0,-4.4116163,0.08528764545917511,0.890999972820282,0.9556000232696533
YFR003C,YMR025W,0,-4.411701,0.08527947962284088,0.890999972820282,0.9556999802589417
YDR159W,YOR241W,0,-4.412179,0.08527132123708725,0.890999972820282,0.9557999968528748
YPL234C,YEL051W,1,-4.4126816,0.08535885065793991,0.8920000195503235,0.9557999968528748
YKL042W,YGL174W,0,-4.413087,0.08535068482160568,0.8920000195503235,0.9559000134468079
YBR112C,YGR167W,0,-4.4142933,0.08534251898527145,0.8920000195503235,0.9559999704360962
YHL032C,YHR186C,0,-4.414732,0.08533435314893723,0.8920000195503235,0.9560999870300293
YGL004C,YKL130C,0,-4.4148855,0.085326187312603,0.8920000195503235,0.9562000036239624
YBR041W,YOL030W,0,-4.415003,0.08531802892684937,0.8920000195503235,0.9563000202178955
YER112W,YIL038C,0,-4.419199,0.08530987054109573,0.8920000195503235,0.9563999772071838
YLR196W,YNR024W,0,-4.4193335,0.0853017121553421,0.8920000195503235,0.9564999938011169
YJL165C,YGR029W,1,-4.4197845,0.08538917452096939,0.8930000066757202,0.9564999938011169
YKR037C,YMR005W,0,-4.4217386,0.08538100868463516,0.8930000066757202,0.95660001039505
YDR320C-A,YMR193W,0,-4.4237804,0.08537285029888153,0.8930000066757202,0.9567000269889832
YDR137W,YOL138C,0,-4.424039,0.0853646844625473,0.8930000066757202,0.9567999839782715
YCL001W,YIL051C,0,-4.4245195,0.08535652607679367,0.8930000066757202,0.9569000005722046
YPL210C,YJR032W,0,-4.4246407,0.08534836769104004,0.8930000066757202,0.9570000171661377
YBR282W,YPR070W,0,-4.425658,0.085340216755867,0.8930000066757202,0.957099974155426
YPL135W,YDL120W,1,-4.4264736,0.08542761951684952,0.8939999938011169,0.957099974155426
YNR031C,YOR067C,0,-4.4273243,0.08541945368051529,0.8939999938011169,0.9571999907493591
YBR149W,YBR086C,0,-4.4275,0.08541129529476166,0.8939999938011169,0.9573000073432922
YKL170W,YDR086C,0,-4.427573,0.08540313690900803,0.8939999938011169,0.9574000239372253
YNR047W,YDR005C,0,-4.427951,0.0853949785232544,0.8939999938011169,0.9574999809265137
YBR254C,YJR006W,0,-4.4281464,0.08538682013750076,0.8939999938011169,0.9575999975204468
YDR188W,YGL071W,0,-4.431304,0.08537866175174713,0.8939999938011169,0.9577000141143799
YKR028W,YLR191W,0,-4.431651,0.0853705108165741,0.8939999938011169,0.9577999711036682
YDR118W,YOL042W,0,-4.431754,0.08536235988140106,0.8939999938011169,0.9578999876976013
YGR077C,YHR132C,0,-4.433175,0.08535420894622803,0.8939999938011169,0.9580000042915344
YDR212W,YLR088W,0,-4.4354935,0.08534606546163559,0.8939999938011169,0.9581000208854675
YML059C,YDR332W,0,-4.4365883,0.08533791452646255,0.8939999938011169,0.9581999778747559
YLR181C,YGL142C,0,-4.438118,0.08532977104187012,0.8939999938011169,0.958299994468689
YPR149W,YKR048C,0,-4.4389114,0.08532162755727768,0.8939999938011169,0.9584000110626221
YDR308C,YDL137W,0,-4.439337,0.08531348407268524,0.8939999938011169,0.9585000276565552
YBR187W,YPL131W,0,-4.4402504,0.0853053405880928,0.8939999938011169,0.9585999846458435
YLR459W,YPR073C,0,-4.440463,0.08529720455408096,0.8939999938011169,0.9587000012397766
YOR372C,YBR173C,0,-4.441579,0.08528906852006912,0.8939999938011169,0.9588000178337097
YKR066C,YDR189W,0,-4.4417305,0.08528093248605728,0.8939999938011169,0.958899974822998
YIL019W,YNR053C,0,-4.4423065,0.08527279645204544,0.8939999938011169,0.9589999914169312
YEL044W,YKL067W,0,-4.4446783,0.0852646604180336,0.8939999938011169,0.9591000080108643
YDL078C,YLL009C,0,-4.4450903,0.08525653183460236,0.8939999938011169,0.9592000246047974
YNL085W,YOL003C,0,-4.445339,0.08524840325117111,0.8939999938011169,0.9592999815940857
YGL210W,YCR075C,0,-4.448392,0.08524027466773987,0.8939999938011169,0.9593999981880188
YDL046W,YNL307C,0,-4.4491997,0.08523214608430862,0.8939999938011169,0.9595000147819519
YNL271C,YKR030W,0,-4.449295,0.08522402495145798,0.8939999938011169,0.9595999717712402
YOR316C,YML006C,1,-4.4501343,0.08531121909618378,0.8949999809265137,0.9595999717712402
YOR267C,YGL006W,1,-4.450287,0.08539839833974838,0.8960000276565552,0.9595999717712402
YJR123W,YPR187W,0,-4.451049,0.08539026230573654,0.8960000276565552,0.9596999883651733
YGR029W,YGL006W,1,-4.451708,0.08547741919755936,0.8970000147819519,0.9596999883651733
YLR208W,YJL121C,0,-4.45181,0.08546926826238632,0.8970000147819519,0.9598000049591064
YNL206C,YNL081C,0,-4.4562416,0.08546112477779388,0.8970000147819519,0.9599000215530396
YBL080C,YKL064W,0,-4.4572515,0.08545298874378204,0.8970000147819519,0.9599999785423279
YOR335C,YDR447C,0,-4.4583883,0.0854448452591896,0.8970000147819519,0.960099995136261
YHR150W,YJL164C,0,-4.4585257,0.08543670922517776,0.8970000147819519,0.9602000117301941
YER029C,YPL244C,0,-4.459116,0.08542857319116592,0.8970000147819519,0.9603000283241272
YEL052W,YDR088C,0,-4.4591894,0.08542043715715408,0.8970000147819519,0.9603999853134155
YDR108W,YDR166C,0,-4.462345,0.08541230112314224,0.8970000147819519,0.9605000019073486
YKR083C,YGL142C,0,-4.4628115,0.085404172539711,0.8970000147819519,0.9606000185012817
YML012W,YNL290W,0,-4.46327,0.08539603650569916,0.8970000147819519,0.9606999754905701
YLR038C,YOR241W,0,-4.4638796,0.08538790792226791,0.8970000147819519,0.9607999920845032
YML051W,YOL070C,0,-4.4647894,0.08537977933883667,0.8970000147819519,0.9609000086784363
YPR036W,YKL190W,1,-4.4653397,0.08546683192253113,0.8980000019073486,0.9609000086784363
YDR463W,YNL325C,0,-4.4657545,0.08545869588851929,0.8980000019073486,0.9610000252723694
YDR379W,YER083C,0,-4.466708,0.08545056730508804,0.8980000019073486,0.9610999822616577
YNL091W,YLR418C,0,-4.467532,0.0854424387216568,0.8980000019073486,0.9611999988555908
YFR033C,YBR074W,0,-4.467968,0.08543431013822556,0.8980000019073486,0.9613000154495239
YOL093W,YNL061W,0,-4.4684763,0.08542618155479431,0.8980000019073486,0.9613999724388123
YNL084C,YPL120W,0,-4.4685984,0.08541805297136307,0.8980000019073486,0.9614999890327454
YNL284C,YIL008W,0,-4.469492,0.08540993183851242,0.8980000019073486,0.9616000056266785
YPR083W,YJL019W,0,-4.471448,0.08540180325508118,0.8980000019073486,0.9617000222206116
YDR328C,YHR039C-A,1,-4.4714622,0.08548878133296967,0.8989999890327454,0.9617000222206116
YOR039W,YGR020C,1,-4.4718027,0.08557573705911636,0.8999999761581421,0.9617000222206116
YFR033C,YKL064W,0,-4.474962,0.08556760102510452,0.8999999761581421,0.9617999792098999
YMR313C,YHR175W,0,-4.475788,0.08555946499109268,0.8999999761581421,0.961899995803833
YBL089W,YDR135C,0,-4.47643,0.08555132895708084,0.8999999761581421,0.9620000123977661
YNL153C,YKL009W,0,-4.4779415,0.0855432003736496,0.8999999761581421,0.9621000289916992
YNL189W,YGL195W,0,-4.479622,0.08553507179021835,0.8999999761581421,0.9621999859809875
YNR035C,YEL058W,0,-4.480192,0.08552694320678711,0.8999999761581421,0.9623000025749207
YCR044C,YOR316C,1,-4.4818554,0.08561383187770844,0.9010000228881836,0.9623000025749207
YMR005W,YML080W,0,-4.483138,0.08560570329427719,0.9010000228881836,0.9624000191688538
YMR149W,YHR074W,0,-4.4836016,0.08559756726026535,0.9010000228881836,0.9624999761581421
YOR060C,YNL068C,0,-4.483638,0.0855894386768341,0.9010000228881836,0.9625999927520752
YFR025C,YPR198W,0,-4.4840803,0.08558131009340286,0.9010000228881836,0.9627000093460083
YPL112C,YDR257C,0,-4.485347,0.08557318150997162,0.9010000228881836,0.9628000259399414
YDR478W,YKR030W,0,-4.486677,0.08556505292654037,0.9010000228881836,0.9628999829292297
YMR091C,YML055W,0,-4.488864,0.08555692434310913,0.9010000228881836,0.9629999995231628
YHR109W,YLR385C,0,-4.490038,0.08554880321025848,0.9010000228881836,0.963100016117096
YKR006C,YKL074C,0,-4.4914103,0.08554068207740784,0.9010000228881836,0.9631999731063843
YBL007C,YNL238W,0,-4.491911,0.08553256094455719,0.9010000228881836,0.9632999897003174
YJL165C,YCR044C,1,-4.491951,0.08561936765909195,0.9020000100135803,0.9632999897003174
YDR337W,YOL056W,0,-4.4920063,0.0856112390756607,0.9020000100135803,0.9634000062942505
YDL043C,YGL220W,0,-4.492158,0.08560311049222946,0.9020000100135803,0.9635000228881836
YKR008W,YKL168C,0,-4.4955177,0.08559498935937881,0.9020000100135803,0.9635999798774719
YNL175C,YKL056C,0,-4.4960594,0.08558686822652817,0.9020000100135803,0.963699996471405
YPR137W,YLR186W,0,-4.498185,0.08557874709367752,0.9020000100135803,0.9638000130653381
YEL050C,YDL078C,0,-4.498331,0.08557062596082687,0.9020000100135803,0.9639000296592712
YBL011W,YER155C,0,-4.4991045,0.08556251227855682,0.9020000100135803,0.9639999866485596
YBR205W,YKR088C,0,-4.499192,0.08555439859628677,0.9020000100135803,0.9641000032424927
YIL069C,YDL084W,0,-4.499633,0.08554628491401672,0.9020000100135803,0.9642000198364258
YGL129C,YPR008W,0,-4.5022764,0.08553817123174667,0.9020000100135803,0.9642999768257141
YMR213W,YMR240C,0,-4.5043364,0.08553005754947662,0.9020000100135803,0.9643999934196472
YMR150C,YLR418C,0,-4.504364,0.08552195131778717,0.9020000100135803,0.9645000100135803
YKR062W,YNL206C,0,-4.505803,0.08551384508609772,0.9020000100135803,0.9646000266075134
YER117W,YPR187W,0,-4.506548,0.08550573885440826,0.9020000100135803,0.9646999835968018
YBL091C,YOR103C,0,-4.5068417,0.08549763262271881,0.9020000100135803,0.9648000001907349
YJL165C,YMR054W,1,-4.5069933,0.08558430522680283,0.902999997138977,0.9648000001907349
YDR328C,YMR243C,1,-4.5082808,0.08567096292972565,0.9039999842643738,0.9648000001907349
YJL080C,YGL123W,0,-4.5095377,0.085662841796875,0.9039999842643738,0.964900016784668
YMR005W,YDR057W,0,-4.509939,0.08565472811460495,0.9039999842643738,0.9649999737739563
YHR024C,YGL119W,0,-4.511429,0.0856466144323349,0.9039999842643738,0.9650999903678894
YER040W,YKL168C,0,-4.5116215,0.08563850075006485,0.9039999842643738,0.9652000069618225
YGR002C,YBL093C,0,-4.513648,0.0856303870677948,0.9039999842643738,0.9653000235557556
YIL145C,YBR205W,0,-4.513674,0.08562227338552475,0.9039999842643738,0.965399980545044
YJR083C,YPL075W,0,-4.5141354,0.0856141671538353,0.9039999842643738,0.965499997138977
YMR217W,YDR002W,0,-4.5155373,0.08560606092214584,0.9039999842643738,0.9656000137329102
YAL043C,YDR175C,0,-4.5158644,0.08559795469045639,0.9039999842643738,0.9656999707221985
YDL006W,YGL018C,0,-4.516981,0.08558984845876694,0.9039999842643738,0.9657999873161316
YOR081C,YLR188W,0,-4.517501,0.08558174967765808,0.9039999842643738,0.9659000039100647
YKL126W,YNL098C,0,-4.5196686,0.08557364344596863,0.9039999842643738,0.9660000205039978
YCR004C,YML070W,0,-4.5205965,0.08556554466485977,0.9039999842643738,0.9660999774932861
YJR082C,YHR004C,0,-4.5226564,0.08555744588375092,0.9039999842643738,0.9661999940872192
YCL017C,YML057W,1,-4.5226784,0.08564398437738419,0.9049999713897705,0.9661999940872192
YOR147W,YDR456W,1,-4.5245743,0.08573050796985626,0.906000018119812,0.9661999940872192
YDR031W,YLL006W,0,-4.5255938,0.08572239428758621,0.906000018119812,0.9663000106811523
YNL121C,YBL038W,0,-4.525769,0.08571428805589676,0.906000018119812,0.9664000272750854
YDR436W,YGL006W,1,-4.5259504,0.08580077439546585,0.9070000052452087,0.9664000272750854
YJL165C,YHR060W,1,-4.5263615,0.08588724583387375,0.9079999923706055,0.9664000272750854
YHR184W,YGR263C,0,-4.526787,0.0858791247010231,0.9079999923706055,0.9664999842643738
YOR039W,YML006C,1,-4.5273333,0.08596557378768921,0.9089999794960022,0.9664999842643738
YOL042W,YMR225C,0,-4.5276947,0.08595744520425797,0.9089999794960022,0.9666000008583069
YDL035C,YMR061W,0,-4.5288515,0.08594931662082672,0.9089999794960022,0.96670001745224
YEL051W,YHR060W,1,-4.5296097,0.08603573590517044,0.9100000262260437,0.96670001745224
YDR332W,YNL306W,0,-4.5309124,0.0860276073217392,0.9100000262260437,0.9667999744415283
YJL165C,YKL190W,1,-4.5323114,0.08611399680376053,0.9110000133514404,0.9667999744415283
YDR410C,YHR201C,0,-4.533621,0.08610586076974869,0.9110000133514404,0.9668999910354614
YOR061W,YOR079C,1,-4.5340033,0.08619222790002823,0.9120000004768372,0.9668999910354614
YBR095C,YGR099W,0,-4.5341635,0.08618408441543579,0.9120000004768372,0.9670000076293945
YOR217W,YJL197W,0,-4.5359793,0.08617594093084335,0.9120000004768372,0.9671000242233276
YMR033W,YMR227C,0,-4.537692,0.08616779744625092,0.9120000004768372,0.967199981212616
YKL045W,YGR116W,0,-4.5377502,0.08615966141223907,0.9120000004768372,0.9672999978065491
YMR039C,YCR060W,0,-4.537895,0.08615151792764664,0.9120000004768372,0.9674000144004822
YEL002C,YLR371W,0,-4.540246,0.0861433818936348,0.9120000004768372,0.9674999713897705
YMR256C,YCR096C,0,-4.5402575,0.08613524585962296,0.9120000004768372,0.9675999879837036
YKL140W,YBR080C,0,-4.5405617,0.08612710982561111,0.9120000004768372,0.9677000045776367
YPL093W,YLL008W,0,-4.54117,0.08611898124217987,0.9120000004768372,0.9678000211715698
YNL291C,YLR314C,0,-4.5454884,0.08611084520816803,0.9120000004768372,0.9678999781608582
YGL103W,YFR032C-A,0,-4.545992,0.08610271662473679,0.9120000004768372,0.9679999947547913
YBL085W,YDR175C,0,-4.5462275,0.08609458804130554,0.9120000004768372,0.9681000113487244
YAL016W,YAL062W,0,-4.5504665,0.0860864669084549,0.9120000004768372,0.9682000279426575
YNL038W,YPL262W,0,-4.5542936,0.08607833832502365,0.9120000004768372,0.9682999849319458
YJL096W,YGL087C,0,-4.5575256,0.086070217192173,0.9120000004768372,0.9684000015258789
YEL031W,YDR456W,1,-4.559431,0.0861564576625824,0.9129999876022339,0.9684000015258789
YJR139C,YKR048C,0,-4.560009,0.08614832907915115,0.9129999876022339,0.968500018119812
YKL082C,YBL068W,0,-4.560013,0.08614020049571991,0.9129999876022339,0.9685999751091003
YPL180W,YNL123W,0,-4.5612507,0.08613207191228867,0.9129999876022339,0.9686999917030334
YPL063W,YLR441C,0,-4.5629797,0.08612395077943802,0.9129999876022339,0.9688000082969666
YOL004W,YER031C,0,-4.563427,0.08611582964658737,0.9129999876022339,0.9689000248908997
YDR308C,YPR072W,0,-4.563904,0.08610770851373672,0.9129999876022339,0.968999981880188
YGR082W,YGR155W,0,-4.5640097,0.08609958738088608,0.9129999876022339,0.9690999984741211
YER099C,YER029C,0,-4.5646677,0.08609146624803543,0.9129999876022339,0.9692000150680542
YPR133C,YPL239W,0,-4.5679617,0.08608335256576538,0.9129999876022339,0.9692999720573425
YDR463W,YDR420W,0,-4.5684357,0.08607523143291473,0.9129999876022339,0.9693999886512756
YML015C,YKL033W,0,-4.568926,0.08606711775064468,0.9129999876022339,0.9695000052452087
YMR264W,YNL137C,0,-4.5705547,0.08605900406837463,0.9129999876022339,0.9696000218391418
YGR276C,YKR100C,0,-4.572549,0.08605089783668518,0.9129999876022339,0.9696999788284302
YDR520C,YOL138C,0,-4.5732994,0.08604278415441513,0.9129999876022339,0.9697999954223633
YNL271C,YJL168C,0,-4.5746613,0.08603467792272568,0.9129999876022339,0.9699000120162964
YJR049C,YOR316C,1,-4.5751705,0.08612079173326492,0.9139999747276306,0.9699000120162964
YOL018C,YDR439W,0,-4.5766373,0.08611267805099487,0.9139999747276306,0.9700000286102295
YMR033W,YLR380W,0,-4.577547,0.08610457181930542,0.9139999747276306,0.9700999855995178
YPL135W,YKR007W,1,-4.578624,0.08619065582752228,0.9150000214576721,0.9700999855995178
YNL182C,YMR229C,0,-4.580594,0.08618253469467163,0.9150000214576721,0.9702000021934509
YBR036C,YMR243C,1,-4.582858,0.0862686038017273,0.9160000085830688,0.9702000021934509
YKL198C,YER114C,0,-4.5853243,0.08626047521829605,0.9160000085830688,0.970300018787384
YMR026C,YDL143W,0,-4.58945,0.0862523540854454,0.9160000085830688,0.9703999757766724
YOR037W,YLR033W,0,-4.5894995,0.08624423295259476,0.9160000085830688,0.9704999923706055
YOR061W,YML006C,1,-4.5901394,0.08633025735616684,0.9169999957084656,0.9704999923706055
YOR087W,YKR007W,1,-4.590597,0.08641626685857773,0.9179999828338623,0.9704999923706055
YNL183C,YNL149C,0,-4.590701,0.08640813082456589,0.9179999828338623,0.9706000089645386
YBL057C,YPL098C,0,-4.5928564,0.08640000224113464,0.9179999828338623,0.9707000255584717
YGL219C,YCR011C,0,-4.592865,0.0863918662071228,0.9179999828338623,0.97079998254776
YDR359C,YJR060W,0,-4.59359,0.08638373762369156,0.9179999828338623,0.9708999991416931
YLR395C,YMR100W,0,-4.5948925,0.08637560904026031,0.9179999828338623,0.9710000157356262
YJR070C,YLR384C,0,-4.5990515,0.08636748790740967,0.9179999828338623,0.9710999727249146
YDR071C,YNL129W,0,-4.5998173,0.08635935932397842,0.9179999828338623,0.9711999893188477
YDL128W,YKL080W,1,-4.6002426,0.08644530177116394,0.9190000295639038,0.9711999893188477
YIL125W,YMR200W,0,-4.6009464,0.0864371731877327,0.9190000295639038,0.9713000059127808
YBR082C,YNL156C,0,-4.6019497,0.08642904460430145,0.9190000295639038,0.9714000225067139
YDR390C,YOL076W,0,-4.60215,0.08642091602087021,0.9190000295639038,0.9714999794960022
YDR386W,YIR002C,0,-4.6024723,0.08641278743743896,0.9190000295639038,0.9715999960899353
YOR181W,YHR135C,0,-4.6030645,0.08640466630458832,0.9190000295639038,0.9717000126838684
YOR076C,YOL043C,0,-4.604969,0.08639653772115707,0.9190000295639038,0.9718000292778015
YGR276C,YPR125W,0,-4.6068535,0.08638841658830643,0.9190000295639038,0.9718999862670898
YFR049W,YGR222W,0,-4.607458,0.08638029545545578,0.9190000295639038,0.972000002861023
YLL043W,YKL033W,0,-4.6081877,0.08637218177318573,0.9190000295639038,0.972100019454956
YLR220W,YOR316C,1,-4.609026,0.08645804226398468,0.9200000166893005,0.972100019454956
YBR095C,YPL001W,0,-4.6096992,0.08644991368055344,0.9200000166893005,0.9721999764442444
YDR422C,YJL083W,0,-4.6113663,0.08644179254770279,0.9200000166893005,0.9722999930381775
YLR005W,YNL330C,0,-4.6116085,0.08643367141485214,0.9200000166893005,0.9724000096321106
YHR205W,YNL023C,0,-4.6120176,0.0864255502820015,0.9200000166893005,0.9725000262260437
YKL179C,YMR100W,0,-4.612733,0.08641743659973145,0.9200000166893005,0.972599983215332
YDR377W,YDL078C,0,-4.6149187,0.0864093154668808,0.9200000166893005,0.9726999998092651
YER133W,YDL120W,1,-4.615693,0.08649511635303497,0.9210000038146973,0.9726999998092651
YGR002C,YAL029C,0,-4.6174803,0.08648699522018433,0.9210000038146973,0.9728000164031982
YPL271W,YDL015C,0,-4.6178102,0.08647887408733368,0.9210000038146973,0.9728999733924866
YOL018C,YAL053W,0,-4.6192245,0.08647075295448303,0.9210000038146973,0.9729999899864197
YHR024C,YGR135W,0,-4.6198244,0.08646263927221298,0.9210000038146973,0.9731000065803528
YPL151C,YOL054W,0,-4.620738,0.08645451813936234,0.9210000038146973,0.9732000231742859
YHR114W,YFL048C,0,-4.6208496,0.08644640445709229,0.9210000038146973,0.9732999801635742
YOR061W,YLR220W,1,-4.6220455,0.08653214573860168,0.921999990940094,0.9732999801635742
YIL112W,YLR007W,0,-4.6228704,0.08652402460575104,0.921999990940094,0.9733999967575073
YPL139C,YHR002W,0,-4.622917,0.08651590347290039,0.921999990940094,0.9735000133514404
YJL053W,YKR035W-A,0,-4.623929,0.08650778979063034,0.921999990940094,0.9735999703407288
YLR395C,YER125W,0,-4.6256914,0.0864996686577797,0.921999990940094,0.9736999869346619
YOL116W,YOR363C,0,-4.626027,0.08649155497550964,0.921999990940094,0.973800003528595
YIL035C,YDR328C,1,-4.6273603,0.08657724410295486,0.9229999780654907,0.973800003528595
YPL234C,YOR061W,1,-4.6294956,0.08666291832923889,0.9240000247955322,0.973800003528595
YOL051W,YDL076C,0,-4.629651,0.08665478974580765,0.9240000247955322,0.9739000201225281
YER030W,YKR071C,0,-4.6311474,0.0866466611623764,0.9240000247955322,0.9739999771118164
YIL014W,YDL134C,0,-4.6331663,0.08663854002952576,0.9240000247955322,0.9740999937057495
YDL065C,YGL018C,0,-4.6361427,0.08663041144609451,0.9240000247955322,0.9742000102996826
YOR061W,YEL027W,1,-4.639085,0.08671604096889496,0.925000011920929,0.9742000102996826
YBR237W,YJL197W,0,-4.639555,0.08670791238546371,0.925000011920929,0.9743000268936157
YMR264W,YHR051W,0,-4.640563,0.08669978380203247,0.925000011920929,0.974399983882904
YDR511W,YDL190C,0,-4.640836,0.08669165521860123,0.925000011920929,0.9745000004768372
YJR052W,YPR008W,0,-4.641016,0.08668353408575058,0.925000011920929,0.9746000170707703
YBR264C,YBR268W,0,-4.6425047,0.08667541295289993,0.925000011920929,0.9746999740600586
YOR067C,YHR206W,0,-4.6441917,0.08666729182004929,0.925000011920929,0.9747999906539917
YAL059W,YGR229C,0,-4.6445446,0.08665917068719864,0.925000011920929,0.9749000072479248
YOL051W,YMR091C,0,-4.6451483,0.08665105700492859,0.925000011920929,0.9750000238418579
YGL112C,YKL087C,0,-4.646284,0.08664293587207794,0.925000011920929,0.9750999808311462
YJR104C,YOR039W,1,-4.648425,0.08672848343849182,0.9259999990463257,0.9750999808311462
YMR150C,YER155C,0,-4.651329,0.08672036230564117,0.9259999990463257,0.9751999974250793
YNL052W,YDR377W,0,-4.651369,0.08671224117279053,0.9259999990463257,0.9753000140190125
YGL061C,YML011C,0,-4.6513777,0.08670412003993988,0.9259999990463257,0.9753999710083008
YDR376W,YKL119C,1,-4.6524963,0.08678962290287018,0.9269999861717224,0.9753999710083008
YLR079W,YJL044C,0,-4.6549683,0.08678150177001953,0.9269999861717224,0.9754999876022339
YHR039C-A,YEL051W,1,-4.655077,0.08686698228120804,0.9279999732971191,0.9754999876022339
YML077W,YIL138C,0,-4.6553183,0.0868588536977768,0.9279999732971191,0.975600004196167
YIL030C,YIL118W,0,-4.655491,0.08685072511434555,0.9279999732971191,0.9757000207901001
YDL128W,YDL120W,1,-4.655773,0.08693617582321167,0.9290000200271606,0.9757000207901001
YLR204W,YOL003C,0,-4.6568813,0.08692803978919983,0.9290000200271606,0.9757999777793884
YER167W,YDL065C,0,-4.657954,0.08691991120576859,0.9290000200271606,0.9758999943733215
YLR370C,YMR237W,0,-4.658478,0.08691177517175674,0.9290000200271606,0.9760000109672546
YOL147C,YKL051W,0,-4.659607,0.0869036465883255,0.9290000200271606,0.9761000275611877
YDR418W,YHR013C,0,-4.6609573,0.08689551800489426,0.9290000200271606,0.9761999845504761
YDR328C,YDL185W,1,-4.662141,0.0869809240102768,0.9300000071525574,0.9761999845504761
YDL074C,YBR059C,0,-4.6627464,0.08697278797626495,0.9300000071525574,0.9763000011444092
YJL121C,YGR279C,0,-4.663065,0.08696465194225311,0.9300000071525574,0.9764000177383423
YGL155W,YMR054W,1,-4.6692734,0.08705002069473267,0.9309999942779541,0.9764000177383423
YKL135C,YPR100W,0,-4.6709375,0.08704188466072083,0.9309999942779541,0.9764999747276306
YGR216C,YLR052W,0,-4.6713037,0.08703374862670898,0.9309999942779541,0.9765999913215637
YGL073W,YGL174W,0,-4.67241,0.08702561259269714,0.9309999942779541,0.9767000079154968
YLR425W,YDR166C,0,-4.6751833,0.0870174765586853,0.9309999942779541,0.9768000245094299
YOR304W,YMR257C,0,-4.6762066,0.08700934797525406,0.9309999942779541,0.9768999814987183
YLR181C,YJL024C,0,-4.676547,0.08700121194124222,0.9309999942779541,0.9769999980926514
YOR096W,YDL051W,0,-4.6787014,0.08699308335781097,0.9309999942779541,0.9771000146865845
YML106W,YLR172C,0,-4.67972,0.08698495477437973,0.9309999942779541,0.9771999716758728
YKL040C,YDL120W,1,-4.6867485,0.08707025647163391,0.9319999814033508,0.9771999716758728
YMR270C,YLR033W,0,-4.6895475,0.08706212043762207,0.9319999814033508,0.9772999882698059
YNL244C,YGR245C,0,-4.690298,0.08705399185419083,0.9319999814033508,0.977400004863739
YPR043W,YPL145C,0,-4.6916466,0.08704585582017899,0.9319999814033508,0.9775000214576721
YPR024W,YPL173W,0,-4.691948,0.08703772723674774,0.9319999814033508,0.9775999784469604
YBL023C,YPL244C,0,-4.6931562,0.0870295986533165,0.9319999814033508,0.9776999950408936
YER176W,YFR038W,0,-4.695425,0.08702147752046585,0.9319999814033508,0.9778000116348267
YBL047C,YLR328W,0,-4.6956663,0.0870133489370346,0.9319999814033508,0.9779000282287598
YPL074W,YPL083C,0,-4.6976547,0.08700522780418396,0.9319999814033508,0.9779999852180481
YBR122C,YOR159C,0,-4.697711,0.08699710667133331,0.9319999814033508,0.9781000018119812
YDR416W,YGL113W,0,-4.698701,0.08698898553848267,0.9319999814033508,0.9782000184059143
YOR358W,YPR155C,0,-4.7052727,0.08698086440563202,0.9319999814033508,0.9782999753952026
YOR172W,YLR105C,0,-4.7066593,0.08697275072336197,0.9319999814033508,0.9783999919891357
YNL012W,YPR155C,0,-4.7068195,0.08696463704109192,0.9319999814033508,0.9785000085830688
YBL041W,YPR032W,0,-4.7073708,0.08695652335882187,0.9319999814033508,0.978600025177002
YNR010W,YBR272C,0,-4.7110023,0.08694840967655182,0.9319999814033508,0.9786999821662903
YLR330W,YGL161C,0,-4.7119093,0.08694029599428177,0.9319999814033508,0.9787999987602234
YLR300W,YER056C,0,-4.7139196,0.08693218976259232,0.9319999814033508,0.9789000153541565
YKL130C,YDL235C,0,-4.719534,0.08692408353090286,0.9319999814033508,0.9789999723434448
YDR169C,YKL170W,0,-4.720234,0.08691597729921341,0.9319999814033508,0.9790999889373779
YPL119C,YOR219C,0,-4.7213974,0.08690787106752396,0.9319999814033508,0.979200005531311
YOR057W,YMR298W,0,-4.722702,0.0868997648358345,0.9319999814033508,0.9793000221252441
YFR049W,YGL018C,0,-4.722784,0.08689166605472565,0.9319999814033508,0.9793999791145325
YOR174W,YGR104C,0,-4.72453,0.08688356727361679,0.9319999814033508,0.9794999957084656
YBR024W,YFL038C,0,-4.730871,0.08687546849250793,0.9319999814033508,0.9796000123023987
YER139C,YNL156C,0,-4.741025,0.08686736971139908,0.9319999814033508,0.9797000288963318
YLL031C,YDR389W,0,-4.742548,0.08685927093029022,0.9319999814033508,0.9797999858856201
YOR039W,YOR316C,1,-4.7458954,0.08694436401128769,0.9330000281333923,0.9797999858856201
YDR507C,YMR100W,0,-4.746483,0.08693626523017883,0.9330000281333923,0.9799000024795532
YDL056W,YPL204W,0,-4.747814,0.08692816644906998,0.9330000281333923,0.9800000190734863
YEL052W,YER155C,0,-4.750063,0.08692006766796112,0.9330000281333923,0.9800999760627747
YKL156W,YDL047W,0,-4.751752,0.08691196888685226,0.9330000281333923,0.9801999926567078
YFL036W,YGR170W,0,-4.754551,0.086903877556324,0.9330000281333923,0.9803000092506409
YOR126C,YMR184W,0,-4.7556295,0.08689577877521515,0.9330000281333923,0.980400025844574
YOR099W,YGR135W,0,-4.7559757,0.08688768744468689,0.9330000281333923,0.9804999828338623
YGR264C,YLL018C,0,-4.756136,0.08687959611415863,0.9330000281333923,0.9805999994277954
YGL219C,YDR173C,0,-4.7590303,0.08687150478363037,0.9330000281333923,0.9807000160217285
YML048W,YIL075C,0,-4.7607794,0.08686342090368271,0.9330000281333923,0.9807999730110168
YMR033W,YNL216W,0,-4.7609854,0.08685533702373505,0.9330000281333923,0.98089998960495
YKL003C,YMR311C,0,-4.7618237,0.08684724569320679,0.9330000281333923,0.9810000061988831
YOR061W,YPR036W,1,-4.7623587,0.0869322419166565,0.9340000152587891,0.9810000061988831
YBR170C,YBR125C,0,-4.7633915,0.08692415058612823,0.9340000152587891,0.9811000227928162
YNL159C,YDR034C,0,-4.7658567,0.08691605925559998,0.9340000152587891,0.9811999797821045
YKR062W,YMR311C,0,-4.767149,0.08690797537565231,0.9340000152587891,0.9812999963760376
YGL058W,YAL031C,0,-4.7694244,0.08689989149570465,0.9340000152587891,0.9814000129699707
YLR452C,YJL087C,0,-4.770007,0.08689180016517639,0.9340000152587891,0.9815000295639038
YPL183C,YOL125W,0,-4.773444,0.08688372373580933,0.9340000152587891,0.9815999865531921
YOR192C,YOL055C,0,-4.776334,0.08687563985586166,0.9340000152587891,0.9817000031471252
YIL143C,YPR133C,0,-4.782524,0.086867555975914,0.9340000152587891,0.9818000197410583
YBR024W,YKL002W,0,-4.7827473,0.08685947954654694,0.9340000152587891,0.9818999767303467
YEL031W,YDL120W,1,-4.7833567,0.08694439381361008,0.9350000023841858,0.9818999767303467
YNL182C,YPR143W,0,-4.7856817,0.08693630993366241,0.9350000023841858,0.9819999933242798
YOR061W,YDR456W,1,-4.7859783,0.08702119439840317,0.9359999895095825,0.9819999933242798
YDL128W,YJR040W,1,-4.790325,0.08710607141256332,0.9369999766349792,0.9819999933242798
YPR067W,YMR188C,0,-4.7939615,0.08709797263145447,0.9369999766349792,0.9821000099182129
YGL172W,YML094W,0,-4.79609,0.08708988130092621,0.9369999766349792,0.982200026512146
YCR053W,YDR086C,0,-4.7988358,0.08708178251981735,0.9369999766349792,0.9822999835014343
YLR293C,YOR099W,0,-4.800067,0.08707369118928909,0.9369999766349792,0.9824000000953674
YML077W,YNL306W,0,-4.8019533,0.08706559985876083,0.9369999766349792,0.9825000166893005
YPR110C,YOR241W,0,-4.804002,0.08705750852823257,0.9369999766349792,0.9825999736785889
YCR044C,YKR007W,1,-4.8053045,0.08714232593774796,0.9380000233650208,0.9825999736785889
YBR260C,YOL066C,0,-4.810343,0.0871342346072197,0.9380000233650208,0.982699990272522
YER027C,YCR009C,0,-4.8118753,0.08712613582611084,0.9380000233650208,0.9828000068664551
YDR376W,YGR029W,1,-4.815387,0.08721092343330383,0.9390000104904175,0.9828000068664551
YHR088W,YPL043W,0,-4.815542,0.08720282465219498,0.9390000104904175,0.9829000234603882
YKL175W,YCR044C,1,-4.8173647,0.08728758245706558,0.9399999976158142,0.9829000234603882
YJL008C,YDR190C,0,-4.8185015,0.08727948367595673,0.9399999976158142,0.9829999804496765
YGL135W,YGL105W,0,-4.8204784,0.08727137744426727,0.9399999976158142,0.9830999970436096
YER149C,YPL193W,0,-4.821994,0.08726327866315842,0.9399999976158142,0.9832000136375427
YDR419W,YGL219C,0,-4.8245716,0.08725517243146896,0.9399999976158142,0.983299970626831
YDL128W,YLR023C,1,-4.824896,0.08733989298343658,0.9409999847412109,0.983299970626831
YOR316C,YDR456W,1,-4.8260355,0.08742459118366241,0.9419999718666077,0.983299970626831
YOR257W,YOR157C,0,-4.8284435,0.08741647750139236,0.9419999718666077,0.9833999872207642
YDR189W,YGL167C,0,-4.828889,0.08740837126970291,0.9419999718666077,0.9835000038146973
YMR033W,YML127W,0,-4.834919,0.08740025758743286,0.9419999718666077,0.9836000204086304
YJL165C,YJR049C,1,-4.8377104,0.0874849259853363,0.9430000185966492,0.9836000204086304
YNL227C,YPL193W,0,-4.838482,0.08747681230306625,0.9430000185966492,0.9836999773979187
YNL048W,YNL219C,0,-4.8439417,0.0874686986207962,0.9430000185966492,0.9837999939918518
YPL234C,YER133W,1,-4.8447523,0.08755332976579666,0.9440000057220459,0.9837999939918518
YOL066C,YIR023W,0,-4.84517,0.08754520863294601,0.9440000057220459,0.9839000105857849
YMR037C,YLL051C,0,-4.849018,0.08753709495067596,0.9440000057220459,0.984000027179718
YGR264C,YGL120C,0,-4.85133,0.08752897381782532,0.9440000057220459,0.9840999841690063
YPL001W,YGR056W,0,-4.853386,0.08752086013555527,0.9440000057220459,0.9842000007629395
YNL223W,YBR065C,0,-4.853469,0.08751274645328522,0.9440000057220459,0.9843000173568726
YML036W,YMR112C,0,-4.8543034,0.08750463277101517,0.9440000057220459,0.9843999743461609
YPL234C,YOR332W,1,-4.856757,0.08758921176195145,0.9449999928474426,0.9843999743461609
YDR464W,YML034W,0,-4.856883,0.0875810906291008,0.9449999928474426,0.984499990940094
YMR192W,YDR166C,0,-4.8572054,0.08757297694683075,0.9449999928474426,0.9846000075340271
YBR122C,YGL198W,0,-4.859128,0.0875648632645607,0.9449999928474426,0.9847000241279602
YPL119C,YKR062W,0,-4.8652096,0.08755674958229065,0.9449999928474426,0.9847999811172485
YBR036C,YLR023C,1,-4.8655787,0.08764128386974335,0.9459999799728394,0.9847999811172485
YNL216W,YOR034C,0,-4.866329,0.0876331627368927,0.9459999799728394,0.9848999977111816
YJL112W,YHR158C,0,-4.8703775,0.08762504905462265,0.9459999799728394,0.9850000143051147
YJL165C,YER133W,1,-4.872918,0.08770954608917236,0.9470000267028809,0.9850000143051147
YNL183C,YMR097C,0,-4.874694,0.08770142495632172,0.9470000267028809,0.9850999712944031
YJL006C,YDR139C,0,-4.881114,0.08769330382347107,0.9470000267028809,0.9851999878883362
YBR142W,YNL001W,0,-4.884897,0.08768518269062042,0.9470000267028809,0.9853000044822693
YPL224C,YCR044C,1,-4.8861704,0.08776964992284775,0.9480000138282776,0.9853000044822693
YOR257W,YNL183C,0,-4.8876276,0.0877615287899971,0.9480000138282776,0.9854000210762024
YDR251W,YGL092W,0,-4.887742,0.08775340020656586,0.9480000138282776,0.9854999780654907
YOR087W,YKL119C,1,-4.894451,0.0878378376364708,0.9490000009536743,0.9854999780654907
YPR036W,YER133W,1,-4.895074,0.08792226016521454,0.949999988079071,0.9854999780654907
YNL133C,YJL058C,0,-4.897193,0.0879141241312027,0.949999988079071,0.9855999946594238
YNL138W,YDR373W,0,-4.898176,0.08790598809719086,0.949999988079071,0.9857000112533569
YBL041W,YPL206C,0,-4.9046583,0.08789785206317902,0.949999988079071,0.98580002784729
YMR008C,YMR238W,0,-4.9050884,0.08788972347974777,0.949999988079071,0.9858999848365784
YBR279W,YKL034W,0,-4.906687,0.08788158744573593,0.949999988079071,0.9860000014305115
YML129C,YMR035W,0,-4.9086637,0.08787345886230469,0.949999988079071,0.9861000180244446
YMR149W,YFL037W,0,-4.9117365,0.08786533772945404,0.949999988079071,0.9861999750137329
YHR039C-A,YGR020C,1,-4.918872,0.08794969320297241,0.9509999752044678,0.9861999750137329
YJL128C,YDL195W,0,-4.921259,0.08794155716896057,0.9509999752044678,0.986299991607666
YLR208W,YKR088C,0,-4.9226885,0.08793342858552933,0.9509999752044678,0.9864000082015991
YEL013W,YOR150W,0,-4.9284887,0.08792529255151749,0.9509999752044678,0.9865000247955322
YLR220W,YJR049C,1,-4.933134,0.08800961077213287,0.9520000219345093,0.9865000247955322
YGL190C,YDR457W,0,-4.941147,0.08800148218870163,0.9520000219345093,0.9865999817848206
YLR270W,YHR161C,0,-4.9439993,0.08799334615468979,0.9520000219345093,0.9866999983787537
YOR061W,YCR044C,1,-4.946316,0.08807763457298279,0.953000009059906,0.9866999983787537
YOR061W,YGR020C,1,-4.9496717,0.0881619080901146,0.9539999961853027,0.9866999983787537
YGL040C,YMR208W,0,-4.9548225,0.08815375715494156,0.9539999961853027,0.9868000149726868
YDR140W,YDR217C,0,-4.956582,0.08814561367034912,0.9539999961853027,0.9868999719619751
YDR117C,YDR175C,0,-4.9577284,0.08813747018575668,0.9539999961853027,0.9869999885559082
YDR350C,YGR170W,0,-4.9609575,0.08812932670116425,0.9539999961853027,0.9871000051498413
YMR023C,YLR067C,0,-4.966303,0.0881211906671524,0.9539999961853027,0.9872000217437744
YGR241C,YMR005W,0,-4.9666595,0.08811304718255997,0.9539999961853027,0.9872999787330627
YOL062C,YMR022W,0,-4.9688005,0.08810491114854813,0.9539999961853027,0.9873999953269958
YGR095C,YDR280W,0,-4.9698277,0.08809677511453629,0.9539999961853027,0.987500011920929
YCR031C,YOL121C,0,-4.9742956,0.08808863908052444,0.9539999961853027,0.9876000285148621
YPL234C,YLR447C,1,-4.9747715,0.08817283809185028,0.9549999833106995,0.9876000285148621
YJR068W,YKL156W,0,-4.979828,0.08816469460725784,0.9549999833106995,0.9876999855041504
YDR483W,YLR193C,0,-4.9829397,0.088156558573246,0.9549999833106995,0.9878000020980835
YDR419W,YDR137W,0,-4.9846535,0.08814842253923416,0.9549999833106995,0.9879000186920166
YEL027W,YMR243C,1,-4.989933,0.08823257684707642,0.9559999704360962,0.9879000186920166
YHL034C,YOL038W,0,-5.0117455,0.08822443336248398,0.9559999704360962,0.9879999756813049
YDL067C,YPL203W,0,-5.014063,0.08821629732847214,0.9559999704360962,0.988099992275238
YEL002C,YKL126W,0,-5.0142355,0.0882081538438797,0.9559999704360962,0.9882000088691711
YDL095W,YJR001W,0,-5.0207863,0.08820001780986786,0.9559999704360962,0.9883000254631042
YLL004W,YGR129W,0,-5.021385,0.08819188177585602,0.9559999704360962,0.9883999824523926
YDL067C,YDR002W,0,-5.0231237,0.08818374574184418,0.9559999704360962,0.9884999990463257
YKR055W,YOL003C,0,-5.0268526,0.08817560970783234,0.9559999704360962,0.9886000156402588
YHR027C,YAL035W,0,-5.0284233,0.08816748112440109,0.9559999704360962,0.9886999726295471
YKL140W,YML120C,0,-5.0307207,0.08815935254096985,0.9559999704360962,0.9887999892234802
YDL128W,YLR447C,1,-5.0346766,0.08824343234300613,0.9570000171661377,0.9887999892234802
YEL012W,YER143W,0,-5.036969,0.0882352963089943,0.9570000171661377,0.9889000058174133
YMR091C,YDL175C,0,-5.038166,0.08822716027498245,0.9570000171661377,0.9890000224113464
YIL143C,YIR004W,0,-5.038557,0.08821902424097061,0.9570000171661377,0.9890999794006348
YJL156C,YMR285C,0,-5.0385723,0.08821089565753937,0.9570000171661377,0.9891999959945679
YIL036W,YIL034C,0,-5.0392904,0.08820276707410812,0.9570000171661377,0.989300012588501
YKR062W,YBR273C,0,-5.043001,0.08819463849067688,0.9570000171661377,0.9894000291824341
YOR327C,YKL067W,0,-5.0457277,0.08818650990724564,0.9570000171661377,0.9894999861717224
YPL193W,YKL005C,0,-5.0527906,0.08817838132381439,0.9570000171661377,0.9896000027656555
YBR205W,YML085C,0,-5.055435,0.08817026019096375,0.9570000171661377,0.9897000193595886
YBR036C,YML057W,1,-5.0566883,0.08825425803661346,0.9580000042915344,0.9897000193595886
YOR039W,YMR054W,1,-5.0604677,0.08833824843168259,0.9589999914169312,0.9897000193595886
YNL147W,YLR435W,0,-5.0606575,0.08833011239767075,0.9589999914169312,0.989799976348877
YKL003C,YDR532C,0,-5.0608044,0.0883219763636589,0.9589999914169312,0.9898999929428101
YPR166C,YDL045C,0,-5.061057,0.08831384032964706,0.9589999914169312,0.9900000095367432
YKL175W,YKR007W,1,-5.0614424,0.0883977934718132,0.9599999785423279,0.9900000095367432
YDL128W,YPL234C,1,-5.06277,0.08848172426223755,0.9610000252723694,0.9900000095367432
YDR328C,YKL119C,1,-5.064163,0.0885656401515007,0.9620000123977661,0.9900000095367432
YOR151C,YJL117W,0,-5.067115,0.08855748921632767,0.9620000123977661,0.9901000261306763
YOR075W,YOR265W,0,-5.067171,0.08854933828115463,0.9620000123977661,0.9901999831199646
YOR151C,YNL258C,0,-5.067707,0.0885411873459816,0.9620000123977661,0.9902999997138977
YFR003C,YLR219W,0,-5.0688276,0.08853303641080856,0.9620000123977661,0.9904000163078308
YKL015W,YKR052C,0,-5.071974,0.08852489292621613,0.9620000123977661,0.9904999732971191
YOR089C,YDR096W,0,-5.0728683,0.08851674944162369,0.9620000123977661,0.9905999898910522
YPL087W,YMR077C,0,-5.075632,0.08850860595703125,0.9620000123977661,0.9907000064849854
YNL159C,YIL112W,0,-5.076228,0.08850046247243881,0.9620000123977661,0.9908000230789185
YMR149W,YJL140W,0,-5.0778437,0.08849231898784637,0.9620000123977661,0.9908999800682068
YJL165C,YDR456W,1,-5.080065,0.08857616037130356,0.9629999995231628,0.9908999800682068
YDR069C,YOR057W,0,-5.089679,0.08856800943613052,0.9629999995231628,0.9909999966621399
YKL175W,YDL120W,1,-5.0973873,0.08865182846784592,0.9639999866485596,0.9909999966621399
YMR200W,YMR022W,0,-5.1003,0.08864367753267288,0.9639999866485596,0.991100013256073
YFR029W,YKL041W,0,-5.1017056,0.08863552659749985,0.9639999866485596,0.9911999702453613
YKL170W,YBR049C,0,-5.108674,0.08862737566232681,0.9639999866485596,0.9912999868392944
YDR284C,YHR175W,0,-5.1148186,0.08861923217773438,0.9639999866485596,0.9914000034332275
YKL175W,YDR151C,1,-5.1159153,0.08870300650596619,0.9649999737739563,0.9914000034332275
YGL210W,YGR135W,0,-5.1184864,0.08869485557079315,0.9649999737739563,0.9915000200271606
YLR403W,YDR175C,0,-5.1198473,0.08868670463562012,0.9649999737739563,0.991599977016449
YDR328C,YDR098C,1,-5.120657,0.08877044916152954,0.9660000205039978,0.991599977016449
YBR036C,YOR316C,1,-5.1236467,0.08885417878627777,0.9670000076293945,0.991599977016449
YGR106C,YLR038C,0,-5.1279488,0.08884601294994354,0.9670000076293945,0.9916999936103821
YOR270C,YDR456W,1,-5.1312304,0.08892972022294998,0.9679999947547913,0.9916999936103821
YGR002C,YMR026C,0,-5.137862,0.08892154693603516,0.9679999947547913,0.9918000102043152
YNL189W,YGL173C,0,-5.144989,0.08891338109970093,0.9679999947547913,0.9919000267982483
YKL040C,YHR060W,1,-5.148405,0.08899705857038498,0.968999981880188,0.9919000267982483
YKL059C,YNL038W,0,-5.150792,0.08898888528347015,0.968999981880188,0.9919999837875366
YBR170C,YOL100W,0,-5.1688833,0.08898071944713593,0.968999981880188,0.9921000003814697
YOR061W,YMR243C,1,-5.1772623,0.08906436711549759,0.9700000286102295,0.9921000003814697
YDR313C,YMR041C,0,-5.18766,0.08905618637800217,0.9700000286102295,0.9922000169754028
YOR061W,YER133W,1,-5.1905985,0.08913981169462204,0.9710000157356262,0.9922000169754028
YDR337W,YBR251W,0,-5.191696,0.08913163095712662,0.9710000157356262,0.9922999739646912
YER023W,YMR072W,0,-5.1917095,0.0891234502196312,0.9710000157356262,0.9923999905586243
YER027C,YKL034W,0,-5.2008495,0.08911526948213577,0.9710000157356262,0.9925000071525574
YIL038C,YNL068C,0,-5.2029295,0.08910709619522095,0.9710000157356262,0.9926000237464905
YHR024C,YFR050C,0,-5.2033215,0.08909891545772552,0.9710000157356262,0.9926999807357788
YDL145C,YOR187W,0,-5.2081413,0.0890907421708107,0.9710000157356262,0.9927999973297119
YDL019C,YDR175C,0,-5.209221,0.08908256888389587,0.9710000157356262,0.992900013923645
YLR432W,YOR369C,0,-5.209881,0.08907439559698105,0.9710000157356262,0.9929999709129333
YOR039W,YKL190W,1,-5.220866,0.08915795385837555,0.972000002861023,0.9929999709129333
YNL107W,YMR286W,0,-5.2259073,0.08914977312088013,0.972000002861023,0.9930999875068665
YBR036C,YKL190W,1,-5.233904,0.08923330903053284,0.9729999899864197,0.9930999875068665
YDR168W,YDR088C,0,-5.2457705,0.08922512829303741,0.9729999899864197,0.9932000041007996
YBR036C,YDL120W,1,-5.260538,0.08930863440036774,0.9739999771118164,0.9932000041007996
YDR328C,YOR039W,1,-5.2664614,0.08939213305711746,0.9750000238418579,0.9932000041007996
YKL002W,YGL005C,0,-5.2740555,0.08938393741846085,0.9750000238418579,0.9933000206947327
YDL185W,YER133W,1,-5.2787056,0.08946741372346878,0.9760000109672546,0.9933000206947327
YKR085C,YOR045W,0,-5.279249,0.08945921063423157,0.9760000109672546,0.993399977684021
YOR217W,YGL167C,0,-5.279462,0.08945101499557495,0.9760000109672546,0.9934999942779541
YHR039C-A,YOR332W,1,-5.2816734,0.0895344540476799,0.9769999980926514,0.9934999942779541
YGL213C,YMR026C,0,-5.282257,0.08952625095844269,0.9769999980926514,0.9936000108718872
YNL267W,YOL070C,0,-5.2962313,0.08951804786920547,0.9769999980926514,0.9937000274658203
YPR043W,YGR264C,0,-5.301734,0.08950985223054886,0.9769999980926514,0.9937999844551086
YOR311C,YML125C,0,-5.3084183,0.08950164914131165,0.9769999980926514,0.9939000010490417
YDL192W,YOR045W,0,-5.309882,0.08949345350265503,0.9769999980926514,0.9940000176429749
YDR078C,YDL035C,0,-5.314374,0.08948525041341782,0.9769999980926514,0.9940999746322632
YHR039C-A,YOR039W,1,-5.3173122,0.08956864476203918,0.9779999852180481,0.9940999746322632
YKR055W,YLR165C,0,-5.322029,0.08956044167280197,0.9779999852180481,0.9941999912261963
YPL169C,YNL288W,0,-5.3253,0.08955223858356476,0.9779999852180481,0.9943000078201294
YML057W,YDR456W,1,-5.3363686,0.08963559567928314,0.9789999723434448,0.9943000078201294
YHR039C-A,YLR447C,1,-5.3497515,0.08971894532442093,0.9800000190734863,0.9943000078201294
YJR058C,YKR100C,0,-5.3589506,0.08971072733402252,0.9800000190734863,0.9944000244140625
YJL053W,YMR097C,0,-5.3590364,0.08970251679420471,0.9800000190734863,0.9944999814033508
YKL192C,YIL043C,0,-5.363802,0.0896943062543869,0.9800000190734863,0.9945999979972839
YDR041W,YBL038W,0,-5.3638134,0.08968609571456909,0.9800000190734863,0.994700014591217
YDL031W,YLR175W,0,-5.363961,0.08967789262533188,0.9800000190734863,0.9947999715805054
YKL190W,YOR316C,1,-5.365369,0.08976118266582489,0.9810000061988831,0.9947999715805054
YGR143W,YJL094C,0,-5.3687754,0.08975297212600708,0.9810000061988831,0.9948999881744385
YLR074C,YKL082C,0,-5.3782043,0.08974476158618927,0.9810000061988831,0.9950000047683716
YNL138W,YGL167C,0,-5.388151,0.08973655104637146,0.9810000061988831,0.9951000213623047
YJL095W,YOR106W,0,-5.3944817,0.08972834795713425,0.9810000061988831,0.995199978351593
YLR097C,YDR069C,0,-5.4382944,0.08972013741731644,0.9810000061988831,0.9952999949455261
YLR220W,YPL177C,1,-5.448063,0.08980338275432587,0.9819999933242798,0.9952999949455261
YGR116W,YAL035W,0,-5.45172,0.08979517221450806,0.9819999933242798,0.9954000115394592
YKR008W,YIR004W,0,-5.4599075,0.08978696167469025,0.9819999933242798,0.9955000281333923
YIL144W,YMR213W,0,-5.473977,0.08977875113487244,0.9819999933242798,0.9955999851226807
YJR046W,YGR002C,0,-5.502594,0.08977054804563522,0.9819999933242798,0.9957000017166138
YPL234C,YGR020C,1,-5.510272,0.08985374867916107,0.9829999804496765,0.9957000017166138
YOR061W,YOR270C,1,-5.5201397,0.08993693441152573,0.984000027179718,0.9957000017166138
YBR191W,YAL003W,0,-5.522517,0.08992871642112732,0.984000027179718,0.9958000183105469
YBR036C,YMR054W,1,-5.5255394,0.09001187980175018,0.9850000143051147,0.9958000183105469
YLR220W,YKL175W,1,-5.5351925,0.09009502828121185,0.9860000014305115,0.9958000183105469
YFR050C,YGL161C,0,-5.5367575,0.09008679538965225,0.9860000014305115,0.9958999752998352
YJR126C,YLR188W,0,-5.538603,0.09007856994867325,0.9860000014305115,0.9959999918937683
YPR144C,YER002W,0,-5.5853634,0.09007033705711365,0.9860000014305115,0.9961000084877014
YCL052C,YER068W,0,-5.5920124,0.09006211161613464,0.9860000014305115,0.9962000250816345
YMR203W,YDR175C,0,-5.598193,0.09005388617515564,0.9860000014305115,0.9962999820709229
YNL199C,YDR175C,0,-5.5997257,0.09004566073417664,0.9860000014305115,0.996399998664856
YKL016C,YCL035C,0,-5.60069,0.09003744274377823,0.9860000014305115,0.9965000152587891
YDR328C,YKL190W,1,-5.619523,0.09012052416801453,0.9869999885559082,0.9965000152587891
YLR447C,YOR039W,1,-5.6201057,0.09020359814167023,0.9879999756813049,0.9965000152587891
YML034W,YMR098C,0,-5.6235933,0.09019536525011063,0.9879999756813049,0.9965999722480774
YML129C,YOR265W,0,-5.6478863,0.09018713235855103,0.9879999756813049,0.9966999888420105
YJR065C,YIL088C,0,-5.655548,0.09017889946699142,0.9879999756813049,0.9968000054359436
YKL087C,YNL306W,0,-5.67457,0.09017066657543182,0.9879999756813049,0.9969000220298767
YBR196C,YLR208W,0,-5.6865644,0.09016244113445282,0.9879999756813049,0.996999979019165
YDR071C,YLR170C,0,-5.6935587,0.09015420824289322,0.9879999756813049,0.9970999956130981
YBR036C,YCR044C,1,-5.7181807,0.09023722261190414,0.9890000224113464,0.9970999956130981
YER178W,YEL058W,0,-5.7208815,0.09022899717092514,0.9890000224113464,0.9972000122070312
YEL054C,YLR432W,0,-5.7226973,0.09022076427936554,0.9890000224113464,0.9973000288009644
YDL074C,YDR463W,0,-5.737529,0.09021253138780594,0.9890000224113464,0.9973999857902527
YKR008W,YBR049C,0,-5.7516184,0.09020430594682693,0.9890000224113464,0.9975000023841858
YDR328C,YOR332W,1,-5.771205,0.09028727561235428,0.9900000095367432,0.9975000023841858
YDL185W,YDR456W,1,-5.793645,0.09037023782730103,0.9909999966621399,0.9975000023841858
YDL078C,YDR092W,0,-5.80805,0.09036199748516083,0.9909999966621399,0.9976000189781189
YLR447C,YDR456W,1,-5.8140097,0.09044492989778519,0.9919999837875366,0.9976000189781189
YDL225W,YPR008W,0,-5.8283157,0.09043668210506439,0.9919999837875366,0.9976999759674072
YDR388W,YMR297W,0,-5.8394003,0.0904284417629242,0.9919999837875366,0.9977999925613403
YHR135C,YOR241W,0,-5.8400965,0.090420201420784,0.9919999837875366,0.9979000091552734
YCL017C,YDR456W,1,-5.858445,0.09050309658050537,0.9929999709129333,0.9979000091552734
YPL234C,YEL027W,1,-5.8768215,0.09058598428964615,0.9940000176429749,0.9979000091552734
YGR007W,YER083C,0,-5.900339,0.09057772904634476,0.9940000176429749,0.9980000257492065
YPL119C,YMR081C,0,-5.9255934,0.09056947380304337,0.9940000176429749,0.9980999827384949
YOR008C,YLR028C,0,-5.9368134,0.09056122601032257,0.9940000176429749,0.998199999332428
YNL081C,YNL185C,0,-5.9450207,0.09055297076702118,0.9940000176429749,0.9983000159263611
YDL128W,YDR456W,1,-5.963105,0.09063581377267838,0.9950000047683716,0.9983000159263611
YKL175W,YOR316C,1,-5.9760523,0.09071864187717438,0.9959999918937683,0.9983000159263611
YLR220W,YOR039W,1,-6.0094385,0.09080145508050919,0.996999979019165,0.9983000159263611
YCR096C,YDR088C,0,-6.0329475,0.0907931849360466,0.996999979019165,0.9983999729156494
YDL185W,YOR270C,1,-6.119858,0.09087597578763962,0.9980000257492065,0.9983999729156494
YDL185W,YBR036C,1,-6.1210117,0.09095875173807144,0.9990000128746033,0.9983999729156494
YPR149W,YGL037C,0,-6.232027,0.09095047414302826,0.9990000128746033,0.9984999895095825
YPR036W,YKL080W,1,-6.286498,0.09103322774171829,1.0,0.9984999895095825
YDR486C,YDL045C,0,-6.59144,0.09102494269609451,1.0,0.9986000061035156
YPR132W,YNL162W,0,-6.6086035,0.09101665765047073,1.0,0.9987000226974487
YDR064W,YBR189W,0,-6.6271544,0.09100837260484695,1.0,0.9987999796867371
YBR048W,YLR367W,0,-6.630949,0.09100008755922318,1.0,0.9988999962806702
YBR181C,YLR061W,0,-6.7617655,0.09099180996417999,1.0,0.9990000128746033
YHR021C,YNL162W,0,-6.791153,0.09098353236913681,1.0,0.9991000294685364
YBL092W,YPR102C,0,-6.9424477,0.09097525477409363,1.0,0.9991999864578247
YNL061W,YGL111W,0,-6.9627094,0.09096697717905045,1.0,0.9993000030517578
YDL061C,YML073C,0,-7.3313036,0.09095870703458786,1.0,0.9994000196456909
YML073C,YGR034W,0,-7.3842993,0.09095042943954468,1.0,0.9994999766349792
YJL190C,YGL076C,0,-7.5224237,0.09094215929508209,1.0,0.9995999932289124
YDL083C,YML063W,0,-7.577195,0.0909338891506195,1.0,0.9997000098228455
YIL069C,YLL045C,0,-7.649912,0.09092562645673752,1.0,0.9998000264167786
YIL052C,YHR010W,0,-8.364237,0.09091735631227493,1.0,0.9998999834060669
YPL090C,YJR145C,0,-8.417148,0.09090909361839294,1.0,1.0
