Gene A,Gene B,Label,Score,Precision,Recall,False Positive Rate
YBL047C,YEL027W,1,8.0447235,1.0,0.0009980039903894067,0.0
YHR114W,YEL027W,1,6.1144276,1.0,0.0019960079807788134,0.0
YDR540C,YFL003C,0,6.0707445,0.6666666865348816,0.0019960079807788134,0.00010002000635722652
YPL037C,YIL122W,0,5.98899,0.5,0.0019960079807788134,0.00020004001271445304
YJR056C,YJR099W,0,5.982048,0.4000000059604645,0.0019960079807788134,0.0003000600263476372
YDR394W,YPL158C,0,5.8800087,0.3333333432674408,0.0019960079807788134,0.0004000800254289061
YBR077C,YIL010W,0,5.872913,0.2857142984867096,0.0019960079807788134,0.000500100024510175
YER035W,YIL105C,0,5.5271297,0.25,0.0019960079807788134,0.0006001200526952744
YPL045W,YOL041C,0,5.486615,0.2222222238779068,0.0019960079807788134,0.0007001400226727128
YML093W,YIL017C,0,5.448765,0.20000000298023224,0.0019960079807788134,0.0008001600508578122
YPL005W,YMR083W,0,5.4354267,0.1818181872367859,0.0019960079807788134,0.0009001800208352506
YAR014C,YPL079W,0,5.3550196,0.1666666716337204,0.0019960079807788134,0.00100020004902035
YER166W,YEL027W,1,5.3337507,0.23076923191547394,0.002994012087583542,0.00100020004902035
YDL020C,YOR022C,0,5.3129606,0.2142857164144516,0.002994012087583542,0.0011002200189977884
YPR151C,YAL014C,0,5.2663784,0.20000000298023224,0.002994012087583542,0.0012002401053905487
YAL014C,YJL159W,0,5.1999784,0.1875,0.002994012087583542,0.0013002600753679872
YDL178W,YDL044C,0,5.185361,0.1764705926179886,0.002994012087583542,0.0014002800453454256
YNL227C,YMR109W,1,5.124369,0.2222222238779068,0.003992015961557627,0.0014002800453454256
YBR004C,YDR001C,0,5.109865,0.21052631735801697,0.003992015961557627,0.001500300015322864
YDL010W,YLL052C,0,5.043192,0.20000000298023224,0.003992015961557627,0.0016003201017156243
YER146W,YJR091C,0,5.02898,0.190476194024086,0.003992015961557627,0.0017003400716930628
YFR046C,YDR322C-A,0,4.96068,0.1818181872367859,0.003992015961557627,0.0018003600416705012
YDR069C,YMR109W,1,4.808218,0.21739129722118378,0.004990019835531712,0.0018003600416705012
YHR188C,YGR284C,0,4.722724,0.2083333283662796,0.004990019835531712,0.0019003801280632615
YML078W,YDR293C,0,4.682336,0.20000000298023224,0.004990019835531712,0.0020004000980407
YDR216W,YPL170W,0,4.6808333,0.19230769574642181,0.004990019835531712,0.0021004201844334602
YER011W,YHR001W,0,4.638646,0.18518517911434174,0.004990019835531712,0.002200440037995577
YIL162W,YCL020W,0,4.550029,0.1785714328289032,0.004990019835531712,0.002300460124388337
YHR188C,YJL159W,0,4.5023327,0.17241379618644714,0.004990019835531712,0.0024004802107810974
YDR522C,YML062C,0,4.466529,0.1666666716337204,0.004990019835531712,0.002500500064343214
YDR363W,YLR424W,0,4.456704,0.16129031777381897,0.004990019835531712,0.0026005201507359743
YJR099W,YGR128C,0,4.424994,0.15625,0.004990019835531712,0.002700540004298091
YHR019C,YPR140W,0,4.3068876,0.1515151560306549,0.004990019835531712,0.002800560090690851
YHR072W-A,YJL104W,0,4.2821608,0.14705882966518402,0.004990019835531712,0.0029005801770836115
YDR314C,YJL159W,0,4.2709656,0.1428571492433548,0.004990019835531712,0.003000600030645728
YEL027W,YNR075W,1,4.2591243,0.1666666716337204,0.005988024175167084,0.003000600030645728
YGR133W,YLR376C,0,4.2465434,0.1621621549129486,0.005988024175167084,0.0031006201170384884
YDR485C,YBR077C,0,4.223753,0.15789473056793213,0.005988024175167084,0.0032006402034312487
YDR522C,YGR027W-A,0,4.214163,0.1538461595773697,0.005988024175167084,0.0033006600569933653
YJR099W,YOR088W,0,4.1768346,0.15000000596046448,0.005988024175167084,0.0034006801433861256
YDR143C,YDL044C,0,4.1283875,0.1463414579629898,0.005988024175167084,0.003500700229778886
YOL094C,YDL156W,0,4.103879,0.1428571492433548,0.005988024175167084,0.0036007200833410025
YLR084C,YGL077C,0,4.0615854,0.13953489065170288,0.005988024175167084,0.0037007401697337627
YPL037C,YLL010C,0,4.0430584,0.13636364042758942,0.005988024175167084,0.003800760256126523
YER011W,YAR003W,0,4.0310335,0.13333334028720856,0.005988024175167084,0.0039007801096886396
YDR143C,YJL159W,0,4.023496,0.1304347813129425,0.005988024175167084,0.0040008001960814
YGR284C,YLR095C,0,3.940443,0.12765957415103912,0.005988024175167084,0.0041008200496435165
YPR103W,YAR014C,0,3.9199686,0.125,0.005988024175167084,0.0042008403688669205
YLL052C,YBR106W,0,3.8902736,0.12244898080825806,0.005988024175167084,0.004300860222429037
YPL030W,YDL161W,0,3.885117,0.11999999731779099,0.005988024175167084,0.004400880075991154
YGR148C,YJR099W,0,3.8490224,0.11764705926179886,0.005988024175167084,0.004500900395214558
YDR027C,YOR196C,0,3.7982917,0.11538461595773697,0.005988024175167084,0.004600920248776674
YJL210W,YMR052W,0,3.787368,0.11320754885673523,0.005988024175167084,0.004700940102338791
YDR293C,YIL017C,0,3.755481,0.1111111119389534,0.005988024175167084,0.004800960421562195
YDR322C-A,YER035W,0,3.7408667,0.1090909093618393,0.005988024175167084,0.0049009802751243114
YPR183W,YDR324C,0,3.7359383,0.1071428582072258,0.005988024175167084,0.005001000128686428
YJR099W,YJR007W,0,3.6191645,0.10526315867900848,0.005988024175167084,0.005101019982248545
YGR166W,YMR083W,0,3.6093645,0.1034482792019844,0.005988024175167084,0.005201040301471949
YBR290W,YLR424W,0,3.6081238,0.10169491171836853,0.005988024175167084,0.005301060155034065
YCL026C-A,YDL191W,0,3.581039,0.10000000149011612,0.005988024175167084,0.005401080008596182
YLR057W,YJL210W,0,3.5748234,0.09836065769195557,0.005988024175167084,0.005501100327819586
YBR059C,YMR109W,1,3.5679855,0.11290322244167328,0.006986028049141169,0.005501100327819586
YMR119W,YPR065W,0,3.5672088,0.1111111119389534,0.006986028049141169,0.005601120181381702
YHR114W,YIL095W,1,3.5617304,0.125,0.007984031923115253,0.005601120181381702
YDR540C,YPL003W,0,3.550246,0.1230769231915474,0.007984031923115253,0.005701140034943819
YKL208W,YJL104W,0,3.5062082,0.12121212482452393,0.007984031923115253,0.005801160354167223
YIL103W,YOR245C,0,3.4614727,0.11940298229455948,0.007984031923115253,0.00590118020772934
YGL184C,YER011W,0,3.3940768,0.11764705926179886,0.007984031923115253,0.006001200061291456
YOR178C,YML062C,0,3.3785489,0.11594203114509583,0.007984031923115253,0.00610122038051486
YBL047C,YMR109W,1,3.3714666,0.12857143580913544,0.008982036262750626,0.00610122038051486
YHL007C,YJR129C,0,3.3654313,0.1267605572938919,0.008982036262750626,0.006201240234076977
YLR242C,YMR083W,0,3.3538103,0.125,0.008982036262750626,0.006301260087639093
YJR159W,YMR244C-A,0,3.3393495,0.12328767031431198,0.008982036262750626,0.006401280406862497
YER018C,YOL041C,0,3.335784,0.12162162363529205,0.008982036262750626,0.006501300260424614
YKL091C,YAL014C,0,3.3255167,0.11999999731779099,0.008982036262750626,0.006601320113986731
YNR073C,YJL145W,0,3.320746,0.1184210553765297,0.008982036262750626,0.0067013404332101345
YDR142C,YLR319C,0,3.307027,0.11688311398029327,0.008982036262750626,0.006801360286772251
YDL207W,YER058W,0,3.3062673,0.11538461595773697,0.008982036262750626,0.006901380140334368
YOR100C,YIL017C,0,3.3010008,0.1139240488409996,0.008982036262750626,0.007001400459557772
YDR480W,YFL002C,0,3.2949235,0.11249999701976776,0.008982036262750626,0.007101420313119888
YGR166W,YHR083W,0,3.2841086,0.1111111119389534,0.008982036262750626,0.007201440166682005
YML014W,YMR083W,0,3.2797995,0.10975609719753265,0.008982036262750626,0.007301460485905409
YOL115W,YMR268C,0,3.2752066,0.10843373835086823,0.008982036262750626,0.0074014803394675255
YPL045W,YGR256W,0,3.2728226,0.1071428582072258,0.008982036262750626,0.007501500193029642
YKL213C,YDR480W,0,3.2408094,0.10588235408067703,0.008982036262750626,0.007601520512253046
YDR142C,YJL160C,0,3.2005348,0.10465116053819656,0.008982036262750626,0.007701540365815163
YOL089C,YGR098C,0,3.1999962,0.1034482792019844,0.008982036262750626,0.007801560219377279
YHL002W,YFL062W,0,3.196693,0.10227272659540176,0.008982036262750626,0.007901580072939396
YDR485C,YHR083W,0,3.1952963,0.10112359374761581,0.008982036262750626,0.0080016003921628
YIL103W,YOL021C,0,3.1922412,0.10000000149011612,0.008982036262750626,0.008101620711386204
YHR123W,YNL113W,0,3.168778,0.09890110045671463,0.008982036262750626,0.008201640099287033
YNL297C,YCR053W,1,3.1671834,0.10869564861059189,0.009980039671063423,0.008201640099287033
YDR123C,YIL103W,0,3.1553316,0.10752688348293304,0.009980039671063423,0.008301660418510437
YDR322C-A,YKL065C,0,3.1429944,0.10638298094272614,0.009980039671063423,0.008401680737733841
YIL049W,YPL170W,0,3.122926,0.10526315867900848,0.009980039671063423,0.00850170012563467
YLR116W,YIR033W,0,3.1220899,0.1041666641831398,0.009980039671063423,0.008601720444858074
YMR109W,YNL243W,1,3.1179595,0.11340206116437912,0.010978044010698795,0.008601720444858074
YGL184C,YMR029C,0,3.1114554,0.11224489659070969,0.010978044010698795,0.008701740764081478
YDL212W,YPL242C,0,3.0746236,0.1111111119389534,0.010978044010698795,0.008801760151982307
YLR393W,YMR083W,0,3.0729861,0.10999999940395355,0.010978044010698795,0.008901780471205711
YGR289C,YMR083W,0,3.0625436,0.10891088843345642,0.010978044010698795,0.009001800790429115
YIL162W,YNL035C,0,3.060764,0.10784313827753067,0.010978044010698795,0.009101820178329945
YDR307W,YLR117C,0,3.0399396,0.10679611563682556,0.010978044010698795,0.009201840497553349
YER048C,YKR025W,0,3.026576,0.10576923191547394,0.010978044010698795,0.009301860816776752
YGL224C,YDR186C,0,3.00844,0.10476190596818924,0.010978044010698795,0.009401880204677582
YBL040C,YPR033C,0,3.008256,0.1037735864520073,0.010978044010698795,0.009501900523900986
YHL007C,YDL044C,0,3.0063176,0.10280373692512512,0.010978044010698795,0.00960192084312439
YHL007C,YKR042W,0,3.0010452,0.10185185074806213,0.010978044010698795,0.009701940231025219
YJR099W,YFL053W,0,3.0007644,0.10091742873191833,0.010978044010698795,0.009801960550248623
YJL051W,YLR069C,0,2.9753623,0.10000000149011612,0.010978044010698795,0.009901979938149452
YKL203C,YEL027W,1,2.9681063,0.10810811072587967,0.011976048350334167,0.009901979938149452
YDL156W,YNL148C,0,2.9555993,0.1071428582072258,0.011976048350334167,0.010002000257372856
YGR215W,YOR360C,0,2.9478536,0.10619468986988068,0.011976048350334167,0.01010202057659626
YJR088C,YKL012W,0,2.946021,0.10526315867900848,0.011976048350334167,0.01020203996449709
YLR069C,YLR155C,0,2.944682,0.104347825050354,0.011976048350334167,0.010302060283720493
YLR069C,YDR001C,0,2.9218183,0.1034482792019844,0.011976048350334167,0.010402080602943897
YGR109C,YDR480W,0,2.9051929,0.10256410390138626,0.011976048350334167,0.010502099990844727
YLR116W,YOR284W,0,2.903931,0.10169491171836853,0.011976048350334167,0.01060212031006813
YBR152W,YIL103W,0,2.9035826,0.10084033757448196,0.011976048350334167,0.010702140629291534
YBL040C,YAL014C,0,2.9026217,0.10000000149011612,0.011976048350334167,0.010802160017192364
YIL121W,YER035W,0,2.8949146,0.09917355328798294,0.011976048350334167,0.010902180336415768
YOR140W,YKR029C,0,2.8923285,0.09836065769195557,0.011976048350334167,0.011002200655639172
YJR152W,YNL169C,0,2.8853889,0.09756097197532654,0.011976048350334167,0.011102220043540001
YDR322C-A,YDR198C,0,2.8733504,0.09677419066429138,0.011976048350334167,0.011202240362763405
YMR288W,YBL099W,0,2.8488286,0.09600000083446503,0.011976048350334167,0.011302260681986809
YPL072W,YLR424W,0,2.8421206,0.095238097012043,0.011976048350334167,0.011402280069887638
YDR519W,YKR086W,0,2.8386328,0.09448818862438202,0.011976048350334167,0.011502300389111042
YML123C,YAL061W,0,2.819066,0.09375,0.011976048350334167,0.011602320708334446
YPL004C,YMR109W,1,2.8113995,0.10077519714832306,0.012974051758646965,0.011602320708334446
YPL190C,YJL100W,0,2.8078976,0.10000000149011612,0.012974051758646965,0.011702340096235275
YIL016W,YJR129C,0,2.807763,0.09923664480447769,0.012974051758646965,0.01180236041545868
YEL011W,YJL050W,0,2.8030019,0.09848485141992569,0.012974051758646965,0.011902380734682083
YDR210W-D,YFR028C,0,2.796517,0.09774436056613922,0.012974051758646965,0.012002400122582912
YDR216W,YBR154C,0,2.7918952,0.09701492637395859,0.012974051758646965,0.012102420441806316
YBL099W,YGR098C,0,2.7895308,0.0962962955236435,0.012974051758646965,0.01220244076102972
YJR129C,YJR088C,0,2.7710962,0.09558823704719543,0.012974051758646965,0.01230246014893055
YER011W,YJL093C,0,2.7656026,0.09489051252603531,0.012974051758646965,0.012402480468153954
YDR214W,YLL052C,0,2.7603571,0.09420289844274521,0.012974051758646965,0.012502500787377357
YEL004W,YJR088C,0,2.7523856,0.09352517873048782,0.012974051758646965,0.012602520175278187
YMR288W,YKR042W,0,2.7493277,0.09285714477300644,0.012974051758646965,0.01270254049450159
YDR069C,YHR161C,1,2.730878,0.09929078072309494,0.013972056098282337,0.01270254049450159
YAL061W,YOR083W,0,2.7279642,0.09859155118465424,0.013972056098282337,0.012802560813724995
YLR424W,YIL044C,0,2.722838,0.0979020968079567,0.013972056098282337,0.012902580201625824
YGL022W,YIL017C,0,2.7165728,0.0972222238779068,0.013972056098282337,0.013002600520849228
YIL162W,YDR084C,0,2.704482,0.09655172377824783,0.013972056098282337,0.013102620840072632
YPR183W,YJL051W,0,2.6962953,0.09589041024446487,0.013972056098282337,0.013202640227973461
YLR275W,YBR139W,0,2.6952662,0.095238097012043,0.013972056098282337,0.013302660547196865
YOL016C,YJL104W,0,2.6889124,0.09459459781646729,0.013972056098282337,0.013402680866420269
YEL011W,YHR083W,0,2.6796286,0.0939597338438034,0.013972056098282337,0.013502700254321098
YJR099W,YBR199W,0,2.678516,0.09333333373069763,0.013972056098282337,0.013602720573544502
YBR207W,YBL047C,1,2.674524,0.09933774918317795,0.014970059506595135,0.013602720573544502
YDR294C,YDR477W,0,2.6740234,0.09868421405553818,0.014970059506595135,0.013702740892767906
YBL040C,YGR215W,0,2.655375,0.09803921729326248,0.014970059506595135,0.013802760280668736
YBR077C,YKR086W,0,2.650505,0.09740259498357773,0.014970059506595135,0.01390278059989214
YGR215W,YKL208W,0,2.648212,0.09677419066429138,0.014970059506595135,0.014002800919115543
YGR125W,YLR155C,0,2.6409914,0.09615384787321091,0.014970059506595135,0.014102820307016373
YMR021C,YJL051W,0,2.6255379,0.09554140269756317,0.014970059506595135,0.014202840626239777
YDR216W,YIL031W,0,2.6103392,0.09493670612573624,0.014970059506595135,0.01430286094546318
YEL027W,YER125W,1,2.605441,0.10062892735004425,0.015968063846230507,0.01430286094546318
YPL037C,YGL044C,0,2.6046948,0.10000000149011612,0.015968063846230507,0.01440288033336401
YHR063C,YIL162W,0,2.6019409,0.09937888383865356,0.015968063846230507,0.014502900652587414
YGR271C-A,YPL037C,0,2.598394,0.09876543283462524,0.015968063846230507,0.014602920971810818
YBL006C,YPL045W,0,2.5751503,0.09815950691699982,0.015968063846230507,0.014702940359711647
YLR368W,YML026C,0,2.5643067,0.09756097197532654,0.015968063846230507,0.014802960678935051
YDR163W,YDR208W,0,2.5541759,0.09696969389915466,0.015968063846230507,0.014902980998158455
YCL030C,YDR001C,0,2.5504622,0.09638553857803345,0.015968063846230507,0.015003000386059284
YGL224C,YLR319C,0,2.5469804,0.09580838680267334,0.015968063846230507,0.015103020705282688
YKL049C,YER058W,0,2.5462852,0.095238097012043,0.015968063846230507,0.015203041024506092
YDL188C,YOL058W,0,2.5438607,0.09467455744743347,0.015968063846230507,0.015303060412406921
YIL105C,YFL002C,0,2.5408473,0.0941176488995552,0.015968063846230507,0.015403080731630325
YPL249C-A,YAR014C,0,2.5354347,0.09356725215911865,0.015968063846230507,0.01550310105085373
YPL217C,YDR506C,0,2.529573,0.09302325546741486,0.015968063846230507,0.015603120438754559
YDR216W,YHR176W,0,2.5236259,0.09248554706573486,0.015968063846230507,0.015703139826655388
YIL091C,YDR394W,0,2.5216773,0.09195402264595032,0.015968063846230507,0.015803160145878792
YHL007C,YBR106W,0,2.520506,0.09142857044935226,0.015968063846230507,0.015903180465102196
YGR133W,YEL011W,0,2.5111887,0.09090909361839294,0.015968063846230507,0.0160032007843256
YNL297C,YDL019C,1,2.510104,0.09604519605636597,0.016966067254543304,0.0160032007843256
YLR034C,YBL027W,0,2.507928,0.09550561755895615,0.016966067254543304,0.016103221103549004
YPR183W,YKL146W,0,2.5069017,0.09497206658124924,0.016966067254543304,0.016203241422772408
YDR314C,YIR013C,0,2.5018826,0.09444444626569748,0.016966067254543304,0.016303259879350662
YOR327C,YJL204C,1,2.4918125,0.09944751113653183,0.01796407252550125,0.016303259879350662
YAL061W,YGR206W,0,2.4846666,0.09890110045671463,0.01796407252550125,0.016403280198574066
YJL210W,YPL270W,0,2.4781725,0.09836065769195557,0.01796407252550125,0.01650330051779747
YPR183W,YGL224C,0,2.4778485,0.09782608598470688,0.01796407252550125,0.016603320837020874
YML019W,YDR394W,0,2.476894,0.0972972959280014,0.01796407252550125,0.016703341156244278
YIL063C,YLR378C,0,2.4710183,0.09677419066429138,0.01796407252550125,0.016803361475467682
YML026C,YNL220W,0,2.4652262,0.09625668078660965,0.01796407252550125,0.016903379932045937
YOR173W,YFL031W,0,2.4599051,0.09574468433856964,0.01796407252550125,0.01700340025126934
YLR034C,YGR074W,0,2.4478793,0.095238097012043,0.01796407252550125,0.017103420570492744
YAR014C,YMR309C,0,2.4460738,0.09473684430122375,0.01796407252550125,0.01720344088971615
YNL148C,YNL220W,0,2.4424787,0.09424083679914474,0.01796407252550125,0.017303461208939552
YLR034C,YAL032C,0,2.4373999,0.09375,0.01796407252550125,0.017403481528162956
YAR014C,YMR060C,0,2.4060354,0.09326425194740295,0.01796407252550125,0.01750349998474121
YPR101W,YML026C,0,2.4052153,0.09278350323438644,0.01796407252550125,0.017603520303964615
YOR321W,YDR255C,0,2.4009142,0.0923076942563057,0.01796407252550125,0.01770354062318802
YNL124W,YAR066W,0,2.3971477,0.09183673560619354,0.01796407252550125,0.017803560942411423
YDR462W,YDR322C-A,0,2.3962111,0.09137056022882462,0.01796407252550125,0.017903581261634827
YNL229C,YMR083W,0,2.3642623,0.09090909361839294,0.01796407252550125,0.01800360158085823
YPL237W,YLR117C,0,2.3622713,0.09045226126909256,0.01796407252550125,0.018103620037436485
YMR263W,YJR099W,0,2.359336,0.09000000357627869,0.01796407252550125,0.01820364035665989
YLR405W,YPR065W,0,2.3547254,0.08955223858356476,0.01796407252550125,0.018303660675883293
YDR216W,YNL154C,0,2.3510795,0.0891089141368866,0.01796407252550125,0.018403680995106697
YLR262C,YLR431C,0,2.3494513,0.08866994827985764,0.01796407252550125,0.0185037013143301
YPL242C,YNL099C,0,2.34525,0.0882352963089943,0.01796407252550125,0.018603721633553505
YMR288W,YAL047C,0,2.344722,0.08780487626791,0.01796407252550125,0.01870374009013176
YML110C,YBL004W,0,2.3420243,0.08737864345312119,0.01796407252550125,0.018803760409355164
YER118C,YCL026C-A,0,2.3411217,0.08695652335882187,0.01796407252550125,0.018903780728578568
YEL011W,YOL058W,0,2.3360496,0.08653846383094788,0.01796407252550125,0.01900380104780197
YDR216W,YOL033W,0,2.3306656,0.08612440526485443,0.01796407252550125,0.019103821367025375
YNL125C,YGR132C,0,2.3303614,0.08571428805589676,0.01796407252550125,0.01920384168624878
YDR216W,YPL029W,0,2.3263798,0.08530806005001068,0.01796407252550125,0.019303860142827034
YMR113W,YGR163W,0,2.3209991,0.08490566164255142,0.01796407252550125,0.019403880462050438
YMR288W,YPR052C,0,2.3152342,0.0845070406794548,0.01796407252550125,0.019503900781273842
YJL209W,YDR316W,0,2.3063376,0.08411215245723724,0.01796407252550125,0.019603921100497246
YDL155W,YOR100C,0,2.3045626,0.08372092992067337,0.01796407252550125,0.01970394141972065
YHL002W,YJR137C,0,2.297461,0.0833333358168602,0.01796407252550125,0.019803959876298904
YDR349C,YHR043C,0,2.284988,0.08294931054115295,0.01796407252550125,0.01990398019552231
YDR294C,YKL112W,0,2.2790747,0.08256880939006805,0.01796407252550125,0.020004000514745712
YDR485C,YPL032C,0,2.2718973,0.08219178020954132,0.01796407252550125,0.020104020833969116
YNL075W,YGL156W,0,2.2703254,0.08181817829608917,0.01796407252550125,0.02020404115319252
YDL161W,YLR337W,1,2.2476783,0.0859728530049324,0.01896207593381405,0.02020404115319252
YOL068C,YLR089C,0,2.2419257,0.0855855867266655,0.01896207593381405,0.020304061472415924
YGR048W,YGR125W,0,2.238219,0.08520179241895676,0.01896207593381405,0.02040407992899418
YJR088C,YDR477W,0,2.227774,0.0848214253783226,0.01896207593381405,0.020504100248217583
YLR320W,YJL076W,0,2.2159004,0.08444444090127945,0.01896207593381405,0.020604120567440987
YER118C,YKR029C,0,2.2124362,0.08407079428434372,0.01896207593381405,0.02070414088666439
YGR133W,YDR216W,0,2.2080915,0.08370044082403183,0.01896207593381405,0.020804161205887794
YNR046W,YMR083W,0,2.2025714,0.0833333358168602,0.01896207593381405,0.0209041815251112
YPL045W,YBL099W,0,2.1978486,0.08296943455934525,0.01896207593381405,0.021004199981689453
YER021W,YLR155C,0,2.1815434,0.08260869234800339,0.01896207593381405,0.021104220300912857
YLR013W,YMR083W,0,2.174636,0.08225107938051224,0.01896207593381405,0.02120424062013626
YPR158W-A,YHR188C,0,2.1740313,0.08189655095338821,0.01896207593381405,0.021304260939359665
YER048C,YOL021C,0,2.1675582,0.08154506236314774,0.01896207593381405,0.02140428125858307
YDL079C,YGR027W-A,0,2.1656804,0.08119658380746841,0.01896207593381405,0.021504301577806473
YNR023W,YAL042W,0,2.163649,0.08085106313228607,0.01896207593381405,0.021604320034384727
YLR423C,YPL053C,0,2.1549506,0.08050847798585892,0.01896207593381405,0.02170434035360813
YML066C,YOL128C,0,2.1450696,0.08016877621412277,0.01896207593381405,0.021804360672831535
YHR114W,YNL154C,1,2.1428998,0.08403361588716507,0.019960079342126846,0.021804360672831535
YJR099W,YBL097W,0,2.141955,0.08368200808763504,0.019960079342126846,0.02190438099205494
YIL040W,YLR355C,0,2.1410224,0.0833333358168602,0.019960079342126846,0.022004401311278343
YOL094C,YMR293C,0,2.1347558,0.08298755437135696,0.019960079342126846,0.022104421630501747
YDR388W,YOR327C,1,2.1308565,0.08677686005830765,0.020958084613084793,0.022104421630501747
YHR114W,YGR241C,1,2.1301737,0.09053497761487961,0.02195608802139759,0.022104421630501747
YPL268W,YOR197W,0,2.1290011,0.0901639312505722,0.02195608802139759,0.022204440087080002
YBR207W,YHR001W,1,2.1284704,0.09387755393981934,0.022954091429710388,0.022204440087080002
YDL020C,YCR033W,0,2.1245978,0.0934959352016449,0.022954091429710388,0.022304460406303406
YER011W,YOR007C,0,2.1177986,0.09311740845441818,0.022954091429710388,0.02240448072552681
YKL008C,YDR522C,0,2.1165807,0.0927419364452362,0.022954091429710388,0.022504501044750214
YNL252C,YNL134C,0,2.1094368,0.09236947447061539,0.022954091429710388,0.022604521363973618
YGR108W,YPR065W,0,2.1070871,0.09200000017881393,0.022954091429710388,0.02270454168319702
YPL227C,YLR423C,0,2.1027226,0.09163346886634827,0.022954091429710388,0.022804560139775276
YFL003C,YLL015W,0,2.1006906,0.0912698432803154,0.022954091429710388,0.02290458045899868
YOR237W,YBL047C,1,2.0996516,0.09486165642738342,0.023952096700668335,0.02290458045899868
YDL231C,YLR337W,1,2.099287,0.09842519462108612,0.024950100108981133,0.02290458045899868
YPL037C,YLR119W,0,2.0987248,0.09803921729326248,0.024950100108981133,0.023004600778222084
YDR216W,YIL168W,0,2.096054,0.09765625,0.024950100108981133,0.023104621097445488
YMR109W,YDR129C,1,2.087634,0.10116731375455856,0.02594810351729393,0.023104621097445488
YBL047C,YGL206C,1,2.0859737,0.10465116053819656,0.026946106925606728,0.023104621097445488
YLR272C,YLR275W,0,2.0823889,0.10424710065126419,0.026946106925606728,0.023204641416668892
YHR121W,YER026C,0,2.0747628,0.10384615510702133,0.026946106925606728,0.023304661735892296
YCR068W,YDR540C,0,2.0731668,0.1034482792019844,0.026946106925606728,0.02340468019247055
YIL127C,YPR107C,0,2.0702705,0.10305343568325043,0.026946106925606728,0.023504700511693954
YFL016C,YPL088W,0,2.064941,0.10266159474849701,0.026946106925606728,0.02360472083091736
YPL084W,YOR360C,0,2.0615315,0.10227272659540176,0.026946106925606728,0.023704741150140762
YLR431C,YFL002C,0,2.0574963,0.1018867939710617,0.026946106925606728,0.023804761469364166
YHR016C,YLR337C,1,2.047618,0.10526315867900848,0.027944112196564674,0.023804761469364166
YNL075W,YDL052C,0,2.047176,0.10486891120672226,0.027944112196564674,0.02390478178858757
YBL008W-A,YGL130W,0,2.045165,0.10447761416435242,0.027944112196564674,0.024004800245165825
YLR069C,YCR023C,0,2.042642,0.10408922284841537,0.027944112196564674,0.02410482056438923
YNL014W,YIL017C,0,2.0425968,0.10370370000600815,0.027944112196564674,0.024204840883612633
YOR327C,YML052W,1,2.0413852,0.10701107233762741,0.028942115604877472,0.024204840883612633
YOR056C,YJR002W,0,2.03935,0.10661764442920685,0.028942115604877472,0.024304861202836037
YLR051C,YJL050W,0,2.030955,0.10622710734605789,0.028942115604877472,0.02440488152205944
YDL020C,YAR014C,0,2.0256493,0.10583941638469696,0.028942115604877472,0.024504901841282845
YBR234C,YCR066W,0,2.0255933,0.10545454174280167,0.028942115604877472,0.0246049202978611
YJR093C,YDL044C,0,2.0181863,0.10507246106863022,0.028942115604877472,0.024704940617084503
YPL088W,YPR004C,0,2.0176673,0.10469313710927963,0.028942115604877472,0.024804960936307907
YGR098C,YLR117C,0,2.0071037,0.10431654751300812,0.028942115604877472,0.02490498125553131
YBR135W,YMR083W,0,2.0063376,0.10394265502691269,0.028942115604877472,0.025005001574754715
YOL013C,YDR480W,0,2.0063348,0.10357142984867096,0.028942115604877472,0.02510502189397812
YPR145W,YDL222C,0,2.00511,0.10320284962654114,0.028942115604877472,0.025205040350556374
YGR121C,YLR362W,0,2.0038848,0.10283687710762024,0.028942115604877472,0.025305060669779778
YPL227C,YGR133W,0,2.00069,0.10247349739074707,0.028942115604877472,0.02540508098900318
YLR095C,YIL067C,0,1.9957104,0.10211267322301865,0.028942115604877472,0.025505101308226585
YMR283C,YJR152W,0,1.9927006,0.10175438225269318,0.028942115604877472,0.02560512162744999
YHL001W,YOR210W,0,1.9922726,0.10139860212802887,0.028942115604877472,0.025705141946673393
YJL018W,YER146W,0,1.9904438,0.10104529559612274,0.028942115604877472,0.025805160403251648
YKL203C,YNL297C,1,1.9904122,0.1041666641831398,0.02994011901319027,0.025805160403251648
YCL026C-A,YLR133W,0,1.9902692,0.10380622744560242,0.02994011901319027,0.025905180722475052
YIL103W,YER170W,0,1.9897705,0.1034482792019844,0.02994011901319027,0.026005201041698456
YKL112W,YOR022C,0,1.9891143,0.10309278219938278,0.02994011901319027,0.02610522136092186
YLR116W,YGL032C,0,1.9868746,0.10273972898721695,0.02994011901319027,0.026205241680145264
YPL004C,YCR028C,1,1.9814258,0.10580204427242279,0.030938124284148216,0.026205241680145264
YJL099W,YKL222C,0,1.9771626,0.10544217377901077,0.030938124284148216,0.02630526013672352
YOR354C,YBR044C,0,1.9744542,0.10508474707603455,0.030938124284148216,0.026405280455946922
YIL082W-A,YOL041C,0,1.9690222,0.10472972691059113,0.030938124284148216,0.026505300775170326
YBR302C,YKR045C,0,1.9666065,0.10437710583209991,0.030938124284148216,0.02660532109439373
YHR134W,YDR322C-A,0,1.9658849,0.10402684658765793,0.030938124284148216,0.026705341413617134
YHR102W,YDL161W,0,1.9626937,0.10367892682552338,0.030938124284148216,0.026805361732840538
YOR149C,YBR161W,0,1.9539036,0.10333333164453506,0.030938124284148216,0.026905380189418793
YHL007C,YHR001W,0,1.9520503,0.1029900312423706,0.030938124284148216,0.027005400508642197
YJL010C,YLR095C,0,1.9457905,0.10264900326728821,0.030938124284148216,0.0271054208278656
YBL100W-A,YLR089C,0,1.9452438,0.10231023281812668,0.030938124284148216,0.027205441147089005
YNR023W,YGL224C,0,1.9439416,0.10197368264198303,0.030938124284148216,0.02730546146631241
YGR033C,YMR014W,0,1.9434532,0.10163934528827667,0.030938124284148216,0.027405481785535812
YPL152W,YDR001C,0,1.9394569,0.10130719095468521,0.030938124284148216,0.027505500242114067
YGL020C,YDR237W,0,1.9392664,0.10097719728946686,0.030938124284148216,0.02760552056133747
YOR133W,YMR083W,0,1.9347098,0.10064934939146042,0.030938124284148216,0.027705540880560875
YBL006C,YGL145W,0,1.9346468,0.1003236249089241,0.030938124284148216,0.02780556119978428
YNL037C,YBR004C,0,1.9345698,0.10000000149011612,0.030938124284148216,0.027905581519007683
YHL007C,YPL170W,0,1.9228318,0.09967845678329468,0.030938124284148216,0.028005601838231087
YPL045W,YDL052C,0,1.9210641,0.09935897588729858,0.030938124284148216,0.02810562029480934
YDR354W,YFL002C,0,1.9182943,0.09904153645038605,0.030938124284148216,0.028205640614032745
YIL066C,YDR331W,0,1.9138968,0.09872611612081528,0.030938124284148216,0.02830566093325615
YBR059C,YEL027W,1,1.9088027,0.10158730298280716,0.031936127692461014,0.02830566093325615
YDR210W-D,YDL155W,0,1.9016881,0.10126582533121109,0.031936127692461014,0.028405681252479553
YBR200W,YLL015W,0,1.900506,0.10094637423753738,0.031936127692461014,0.028505701571702957
YPR151C,YLR089C,0,1.897998,0.10062892735004425,0.031936127692461014,0.02860572189092636
YDR462W,YOR028C,0,1.8941689,0.10031347721815109,0.031936127692461014,0.028705740347504616
YDR079C-A,YOR028C,0,1.8941689,0.10000000149011612,0.031936127692461014,0.02880576066672802
YOR056C,YJL104W,0,1.8925939,0.09968847036361694,0.031936127692461014,0.028905780985951424
YJR159W,YGL054C,0,1.8878238,0.09937888383865356,0.031936127692461014,0.029005801305174828
YKR080W,YAL055W,0,1.882618,0.099071204662323,0.031936127692461014,0.02910582162439823
YHL007C,YIL067C,0,1.8822889,0.09876543283462524,0.031936127692461014,0.029205841943621635
YDL153C,YPL242C,0,1.8808122,0.09846153855323792,0.031936127692461014,0.02930586040019989
YMR109W,YOR109W,1,1.8790636,0.10122699290513992,0.03293413296341896,0.02930586040019989
YBR077C,YBL097W,0,1.8765738,0.10091742873191833,0.03293413296341896,0.029405880719423294
YJL091C,YDL161W,0,1.8728578,0.10060975700616837,0.03293413296341896,0.029505901038646698
YCR066W,YDL207W,0,1.8672421,0.10030394792556763,0.03293413296341896,0.029605921357870102
YBL102W,YDR524C-B,0,1.8627623,0.10000000149011612,0.03293413296341896,0.029705941677093506
YGR121C,YDR266C,0,1.8593163,0.09969788789749146,0.03293413296341896,0.02980596199631691
YNL139C,YER166W,0,1.8570378,0.09939759224653244,0.03293413296341896,0.029905980452895164
YJL092W,YGR087C,0,1.8563582,0.09909909963607788,0.03293413296341896,0.03000600077211857
YKL211C,YML111W,0,1.8558735,0.09880239516496658,0.03293413296341896,0.030106021091341972
YIR013C,YBR161W,0,1.8472373,0.09850746393203735,0.03293413296341896,0.030206041410565376
YOL027C,YML019W,0,1.844388,0.0982142835855484,0.03293413296341896,0.03030606172978878
YGR284C,YER058W,0,1.8410921,0.09792284667491913,0.03293413296341896,0.030406082049012184
YHR114W,YLR337C,1,1.8389931,0.10059171915054321,0.03393213450908661,0.030406082049012184
YHR121W,YOR028C,0,1.8384328,0.10029498487710953,0.03393213450908661,0.03050610050559044
YDL159W,YAL032C,0,1.8355894,0.10000000149011612,0.03393213450908661,0.030606120824813843
YOL027C,YER124C,0,1.8343986,0.0997067466378212,0.03393213450908661,0.030706141144037247
YDR191W,YIR003W,0,1.8296189,0.09941520541906357,0.03393213450908661,0.03080616146326065
YGL100W,YGR140W,0,1.8258579,0.09912536293268204,0.03393213450908661,0.030906181782484055
YDR202C,YIL010W,0,1.8223424,0.09883721172809601,0.03393213450908661,0.03100620210170746
YKL160W,YGL077C,0,1.8172635,0.0985507220029831,0.03393213450908661,0.031106220558285713
YJR019C,YLR178C,0,1.8160009,0.09826589375734329,0.03393213450908661,0.031206240877509117
YHR124W,YPR140W,0,1.8046141,0.09798271209001541,0.03393213450908661,0.03130626305937767
YJL063C,YDL201W,0,1.803339,0.09770114719867706,0.03393213450908661,0.031406279653310776
YIL048W,YLR337W,1,1.7970557,0.10028653591871262,0.034930139780044556,0.031406279653310776
YPL088W,YGL166W,0,1.7873801,0.10000000149011612,0.034930139780044556,0.03150629997253418
YHR039C,YER183C,0,1.7863677,0.09971509873867035,0.034930139780044556,0.031606320291757584
YGL125W,YAL061W,0,1.784961,0.09943182021379471,0.034930139780044556,0.03170634061098099
YPL088W,YDR409W,0,1.783418,0.0991501435637474,0.034930139780044556,0.03180636093020439
YJL047C,YNL037C,0,1.7791791,0.09887005388736725,0.034930139780044556,0.031906381249427795
YBL004W,YDR084C,0,1.7773603,0.09859155118465424,0.034930139780044556,0.0320064015686512
YJR007W,YOL058W,0,1.776136,0.09831460565328598,0.034930139780044556,0.0321064218878746
YEL027W,YKR003W,1,1.7695196,0.10084033757448196,0.0359281450510025,0.0321064218878746
YMR030W,YMR029C,0,1.7688136,0.10055866092443466,0.0359281450510025,0.03220644220709801
YCR102C,YKL211C,0,1.7668812,0.10027854889631271,0.0359281450510025,0.03230646252632141
YHR102W,YPR140W,0,1.7666008,0.10000000149011612,0.0359281450510025,0.032406482845544815
YBL047C,YPL145C,1,1.765666,0.10249307751655579,0.03692614659667015,0.032406482845544815
YMR288W,YIL031W,0,1.7654586,0.10220994800329208,0.03692614659667015,0.03250649943947792
YMR109W,YBL007C,1,1.7652366,0.10468319803476334,0.0379241518676281,0.03250649943947792
YDR058C,YER011W,0,1.7650115,0.10439560562372208,0.0379241518676281,0.032606519758701324
YPL242C,YMR058W,0,1.7602069,0.10410959273576736,0.0379241518676281,0.03270654007792473
YNL256W,YMR029C,0,1.7595387,0.10382513701915741,0.0379241518676281,0.03280656039714813
YMR109W,YOR181W,1,1.7572129,0.10626702755689621,0.038922157138586044,0.03280656039714813
YOR327C,YLR206W,1,1.7551852,0.10869564861059189,0.03992015868425369,0.03280656039714813
YIR003W,YJL104W,0,1.7510269,0.10840108245611191,0.03992015868425369,0.032906580716371536
YOL088C,YER011W,0,1.7506915,0.10810811072587967,0.03992015868425369,0.03300660103559494
YKL146W,YMR305C,0,1.7472305,0.10781671106815338,0.03992015868425369,0.033106621354818344
YOR141C,YJL100W,0,1.7466447,0.10752688348293304,0.03992015868425369,0.03320664167404175
YDR331W,YOR171C,0,1.7444751,0.10723860561847687,0.03992015868425369,0.03330666199326515
YHR114W,YGL206C,1,1.7444735,0.1096256673336029,0.04091816395521164,0.03330666199326515
YDR385W,YJL210W,0,1.7443128,0.109333336353302,0.04091816395521164,0.033406682312488556
YIL017C,YFL002C,0,1.7442429,0.10904255509376526,0.04091816395521164,0.03350670263171196
YIL091C,YMR083W,0,1.7405827,0.10875331610441208,0.04091816395521164,0.033606722950935364
YIL121W,YPL158C,0,1.7358227,0.10846561193466187,0.04091816395521164,0.03370673954486847
YER019W,YIL016W,0,1.7300913,0.10817942023277283,0.04091816395521164,0.03380675986409187
YER118C,YDL201W,0,1.7246361,0.10789473354816437,0.04091816395521164,0.03390678018331528
YMR288W,YKL055C,0,1.7216203,0.10761155188083649,0.04091816395521164,0.03400680050253868
YGL134W,YPL088W,0,1.7191122,0.1073298454284668,0.04091816395521164,0.034106820821762085
YBL006C,YPL237W,0,1.7161677,0.1070496067404747,0.04091816395521164,0.03420684114098549
YHR083W,YLR421C,0,1.7156366,0.1067708358168602,0.04091816395521164,0.03430686146020889
YDR142C,YNL279W,0,1.7116191,0.1064935028553009,0.04091816395521164,0.0344068817794323
YLR084C,YCR088W,0,1.7089648,0.10621761530637741,0.04091816395521164,0.0345069020986557
YAL061W,YCL027C-A,0,1.7041177,0.10594315081834793,0.04091816395521164,0.034606922417879105
YGL181W,YMR109W,1,1.7034066,0.10824742168188095,0.041916169226169586,0.034606922417879105
YOL115W,YLR398C,0,1.7032644,0.10796914994716644,0.041916169226169586,0.03470694273710251
YNL088W,YDR084C,0,1.6981907,0.10769230872392654,0.041916169226169586,0.03480696305632591
YDR519W,YGR092W,0,1.6954279,0.10741688311100006,0.041916169226169586,0.03490697965025902
YBL084C,YIL063C,0,1.6934595,0.1071428582072258,0.041916169226169586,0.03500699996948242
YKL126W,YEL027W,1,1.6919928,0.10941475629806519,0.042914170771837234,0.03500699996948242
YLL052C,YPR066W,0,1.69157,0.10913705825805664,0.042914170771837234,0.035107020288705826
YLR002C,YER074W-A,0,1.6912612,0.10886076092720032,0.042914170771837234,0.03520704060792923
YHR072W,YJL100W,0,1.6887213,0.10858585685491562,0.042914170771837234,0.035307060927152634
YBR103W,YML026C,0,1.6886487,0.10831234604120255,0.042914170771837234,0.03540708124637604
YHR114W,YOR181W,1,1.6867421,0.11055276542901993,0.04391217604279518,0.03540708124637604
YMR119W,YPR066W,0,1.6844327,0.11027568578720093,0.04391217604279518,0.03550710156559944
YML014W,YDR001C,0,1.684412,0.10999999940395355,0.04391217604279518,0.035607121884822845
YKL096W,YDR540C,0,1.6840237,0.10972568392753601,0.04391217604279518,0.03570714220404625
YOR149C,YFL003C,0,1.6827414,0.1094527393579483,0.04391217604279518,0.03580716252326965
YDR506C,YFR028C,0,1.6800485,0.10918114334344864,0.04391217604279518,0.03590718284249306
YOR327C,YCL034W,1,1.6789706,0.11138613522052765,0.04491018131375313,0.03590718284249306
YMR109W,YCL034W,1,1.6773509,0.11358024924993515,0.045908182859420776,0.03590718284249306
YHR121W,YPL124W,0,1.6743695,0.11330049484968185,0.045908182859420776,0.03600720316171646
YLR148W,YDR208W,0,1.6714661,0.11302211135625839,0.045908182859420776,0.03610721975564957
YHR114W,YNL297C,1,1.67081,0.11519607901573181,0.04690618813037872,0.03610721975564957
YDR302W,YHR083W,0,1.6708057,0.1149144247174263,0.04690618813037872,0.03620724007487297
YDR210W-D,YJL104W,0,1.6703835,0.11463414877653122,0.04690618813037872,0.036307260394096375
YOL094C,YLR051C,0,1.6689951,0.11435522884130478,0.04690618813037872,0.03640728071331978
YMR288W,YCR003W,0,1.6685671,0.11407767236232758,0.04690618813037872,0.03650730103254318
YBR167C,YGL179C,0,1.6668991,0.11380144953727722,0.04690618813037872,0.036607321351766586
YDR294C,YOR361C,0,1.6666844,0.11352656781673431,0.04690618813037872,0.03670734167098999
YLR320W,YDL020C,0,1.6659938,0.11325301229953766,0.04690618813037872,0.036807361990213394
YDR322C-A,YNR049C,0,1.6593777,0.11298076808452606,0.04690618813037872,0.0369073823094368
YMR189W,YOR336W,0,1.6587584,0.11270983517169952,0.04690618813037872,0.0370074026286602
YLL015W,YDR484W,0,1.6545372,0.11244019120931625,0.04690618813037872,0.037107422947883606
YPL236C,YDR017C,0,1.6525939,0.11217183619737625,0.04690618813037872,0.03720744326710701
YKL091C,YLR081W,0,1.6491969,0.11190476268529892,0.04690618813037872,0.037307459861040115
YNL053W,YJR091C,0,1.6475116,0.11163895577192307,0.04690618813037872,0.03740748018026352
YNR073C,YPL187W,0,1.6473136,0.11137440800666809,0.04690618813037872,0.03750750049948692
YHR039C,YNL305C,0,1.6439948,0.1111111119389534,0.04690618813037872,0.03760752081871033
YPR151C,YOR130C,0,1.6364007,0.1108490601181984,0.04690618813037872,0.03770754113793373
YEL071W,YMR029C,0,1.6323655,0.11058823764324188,0.04690618813037872,0.037807561457157135
YKL220C,YKL221W,0,1.6322157,0.11032863706350327,0.04690618813037872,0.03790758177638054
YBL008W-A,YPL270W,0,1.62906,0.11007025837898254,0.04690618813037872,0.03800760209560394
YIL067C,YGL097W,0,1.6272193,0.10981308668851852,0.04690618813037872,0.03810762241482735
YJR019C,YGR280C,0,1.6249726,0.10955710709095001,0.04690618813037872,0.03820764273405075
YIL121W,YFR004W,0,1.6240573,0.1093023270368576,0.04690618813037872,0.038307663053274155
YNL113W,YIL168W,0,1.6213617,0.10904872417449951,0.04690618813037872,0.03840768337249756
YDR027C,YNL264C,0,1.6206639,0.10879629850387573,0.04690618813037872,0.038507699966430664
YKR013W,YCR020W-B,0,1.6189132,0.10854503512382507,0.04690618813037872,0.03860772028565407
YBR221C,YGL029W,0,1.6178848,0.10829493403434753,0.04690618813037872,0.03870774060487747
YOR144C,YER011W,0,1.6073763,0.10804598033428192,0.04690618813037872,0.038807760924100876
YIL158W,YKR045C,0,1.6045697,0.10779816657304764,0.04690618813037872,0.03890778124332428
YBL067C,YJL138C,0,1.6031984,0.10755148530006409,0.04690618813037872,0.039007801562547684
YER006W,YIL067C,0,1.6024141,0.10730593651533127,0.04690618813037872,0.03910782188177109
YGR090W,YJL113W,0,1.6000264,0.10706150531768799,0.04690618813037872,0.03920784220099449
YLR336C,YOL027C,0,1.5950125,0.10681818425655365,0.04690618813037872,0.039307862520217896
YHR188C,YHR042W,0,1.5905603,0.10657596588134766,0.04690618813037872,0.0394078828394413
YNR054C,YMR021C,0,1.5867758,0.10633484274148941,0.04690618813037872,0.0395079031586647
YJL210W,YHR152W,0,1.5846852,0.10609480738639832,0.04690618813037872,0.03960791975259781
YPR079W,YJL159W,0,1.5828853,0.10585585236549377,0.04690618813037872,0.03970794007182121
YJL137C,YOL049W,0,1.5817356,0.10561797767877579,0.04690618813037872,0.03980796039104462
YOR210W,YOL089C,0,1.5777745,0.10538116842508316,0.04690618813037872,0.03990798071026802
YBR132C,YPL236C,0,1.5755095,0.1051454171538353,0.04690618813037872,0.040008001029491425
YIL168W,YJL100W,0,1.5748866,0.1049107164144516,0.04690618813037872,0.04010802134871483
YJL010C,YER018C,0,1.5736018,0.10467705875635147,0.04690618813037872,0.04020804166793823
YGR038C-B,YMR024W,0,1.5708064,0.10444444417953491,0.04690618813037872,0.040308061987161636
YFR046C,YLR355C,0,1.5645972,0.10421285778284073,0.04690618813037872,0.04040808230638504
YIL049W,YNL125C,0,1.563889,0.10398229956626892,0.04690618813037872,0.040508102625608444
YDR129C,YBL007C,1,1.5627146,0.10596026480197906,0.04790419340133667,0.040508102625608444
YLR406C,YDR016C,0,1.5617294,0.10572687536478043,0.04790419340133667,0.04060812294483185
YPL084W,YNL220W,0,1.5608127,0.10549450665712357,0.04790419340133667,0.04070814326405525
YBL040C,YNL088W,0,1.5593853,0.10526315867900848,0.04790419340133667,0.04080815985798836
YEL063C,YLR034C,0,1.5588181,0.10503282397985458,0.04790419340133667,0.04090818017721176
YDL019C,YLR337W,1,1.5569824,0.10698690265417099,0.04890219494700432,0.04090818017721176
YBR139W,YEL047C,0,1.5560565,0.10675381124019623,0.04890219494700432,0.041008200496435165
YCL030C,YJR067C,0,1.5557476,0.10652174055576324,0.04890219494700432,0.04110822081565857
YLL052C,YLR119W,0,1.5524448,0.10629067569971085,0.04890219494700432,0.04120824113488197
YGL029W,YDR079C-A,0,1.5516143,0.10606060922145844,0.04890219494700432,0.04130826145410538
YER166W,YMR109W,1,1.5502894,0.10799136012792587,0.049900200217962265,0.04130826145410538
YOR144C,YMR236W,0,1.5480088,0.10775861889123917,0.049900200217962265,0.04140828177332878
YIL158W,YBL002W,0,1.5468559,0.10752688348293304,0.049900200217962265,0.041508302092552185
YKL008C,YBR106W,0,1.5462145,0.10729613900184631,0.049900200217962265,0.04160832241177559
YHR016C,YOR008C,1,1.5453378,0.10920771211385727,0.05089820176362991,0.04160832241177559
YBL084C,YDL079C,0,1.5424929,0.10897435992956161,0.05089820176362991,0.04170834273099899
YOL115W,YHR188C,0,1.5340302,0.10874200612306595,0.05089820176362991,0.0418083630502224
YAR003W,YMR083W,0,1.5335393,0.10851063579320908,0.05089820176362991,0.0419083833694458
YGR140W,YFR004W,0,1.533452,0.1082802563905716,0.05089820176362991,0.042008399963378906
YBR088C,YGL179C,0,1.5312153,0.10805084556341171,0.05089820176362991,0.04210842028260231
YNL126W,YER118C,0,1.5295181,0.10782241076231003,0.05089820176362991,0.042208440601825714
YOR017W,YAR066W,0,1.5222485,0.10759493708610535,0.05089820176362991,0.04230846092104912
YOR307C,YJL100W,0,1.5139586,0.10736842453479767,0.05089820176362991,0.04240848124027252
YER058W,YPR052C,0,1.5137912,0.1071428582072258,0.05089820176362991,0.042508501559495926
YBL047C,YLR337C,1,1.5124083,0.10901467502117157,0.05189620703458786,0.042508501559495926
YBL102W,YIL073C,0,1.5121963,0.10878661274909973,0.05189620703458786,0.04260852187871933
YMR109W,YIL041W,1,1.5116751,0.11064717918634415,0.05289421230554581,0.04260852187871933
YIR028W,YLR117C,0,1.5113435,0.11041666567325592,0.05289421230554581,0.042708542197942734
YPR181C,YOR005C,0,1.5108523,0.1101871132850647,0.05289421230554581,0.04280856251716614
YGR215W,YDR522C,0,1.5097537,0.10995850712060928,0.05289421230554581,0.04290858283638954
YJR129C,YBL071W-A,0,1.508347,0.10973084717988968,0.05289421230554581,0.043008603155612946
YER119C,YPR201W,0,1.5070269,0.10950413346290588,0.05289421230554581,0.04310862347483635
YKL027W,YGR048W,0,1.5011904,0.1092783510684967,0.05289421230554581,0.043208640068769455
YOL137W,YML014W,0,1.5002849,0.10905349999666214,0.05289421230554581,0.04330866038799286
YCL045C,YCR023C,0,1.4987284,0.108829565346241,0.05289421230554581,0.04340868070721626
YGL048C,YPL237W,0,1.4983058,0.10860655456781387,0.05289421230554581,0.04350870102643967
YIL127C,YDR354W,0,1.4971933,0.10838446021080017,0.05289421230554581,0.04360872134566307
YDR214W,YML014W,0,1.4969838,0.1081632673740387,0.05289421230554581,0.043708741664886475
YFR028C,YJR125C,0,1.4938762,0.10794297605752945,0.05289421230554581,0.04380876198410988
YOL130W,YDL147W,0,1.4916161,0.10772357881069183,0.05289421230554581,0.04390878230333328
YDR225W,YHR001W,0,1.4907734,0.10750506818294525,0.05289421230554581,0.044008802622556686
YGL224C,YNL245C,0,1.4899819,0.1072874516248703,0.05289421230554581,0.04410882294178009
YFL034C-B,YJR019C,0,1.4882421,0.10707070678472519,0.05289421230554581,0.044208843261003494
YPL037C,YGL254W,0,1.4854646,0.10685484111309052,0.05289421230554581,0.0443088635802269
YLR388W,YGL179C,0,1.4854443,0.10663983970880508,0.05289421230554581,0.044408880174160004
YMR109W,YNR075W,1,1.4829409,0.10843373835086823,0.053892213851213455,0.044408880174160004
YBR207W,YOR322C,1,1.4828504,0.11022043973207474,0.0548902191221714,0.044408880174160004
YNL300W,YKL046C,0,1.4814719,0.10999999940395355,0.0548902191221714,0.04450890049338341
YPL037C,YNL305C,0,1.4814208,0.1097804382443428,0.0548902191221714,0.04460892081260681
YPL152W,YGR183C,0,1.4801939,0.10956175625324249,0.0548902191221714,0.044708941131830215
YAL047C,YOR005C,0,1.4756145,0.10934393852949142,0.0548902191221714,0.04480896145105362
YER069W,YEL055C,0,1.4746491,0.1091269850730896,0.0548902191221714,0.04490898177027702
YGR227W,YCL030C,0,1.4731803,0.10891088843345642,0.0548902191221714,0.04500900208950043
YGL224C,YGR249W,0,1.472819,0.10869564861059189,0.0548902191221714,0.04510902240872383
YDL201W,YIL168W,0,1.4716599,0.108481265604496,0.0548902191221714,0.045209042727947235
YCR066W,YIL097W,0,1.4712117,0.10826771706342697,0.0548902191221714,0.04530906304717064
YPL055C,YGL179C,0,1.4668496,0.1080550104379654,0.0548902191221714,0.04540908336639404
YER166W,YLR337W,1,1.4659612,0.10980392247438431,0.05588822439312935,0.04540908336639404
YMR291W,YOR130C,0,1.4659196,0.10958904027938843,0.05588822439312935,0.04550909996032715
YLR084C,YHL009W-A,0,1.465214,0.109375,0.05588822439312935,0.04560912027955055
YDR016C,YKL065C,0,1.4644337,0.10916179418563843,0.05588822439312935,0.045709140598773956
YMR106C,YML014W,0,1.4622921,0.10894941538572311,0.05588822439312935,0.04580916091799736
YOR190W,YJL100W,0,1.4599283,0.10873786360025406,0.05588822439312935,0.045909181237220764
YKL046C,YPL029W,0,1.4594182,0.10852713137865067,0.05588822439312935,0.04600920155644417
YHR083W,YDR255C,0,1.4578695,0.10831721127033234,0.05588822439312935,0.04610922187566757
YKR067W,YOL049W,0,1.457056,0.10810811072587967,0.05588822439312935,0.046209242194890976
YDL066W,YOR083W,0,1.4561484,0.10789980739355087,0.05588822439312935,0.04630926251411438
YER019W,YLL039C,0,1.4552137,0.10769230872392654,0.05588822439312935,0.046409282833337784
YLR332W,YCR042C,0,1.4529061,0.10748560726642609,0.05588822439312935,0.04650930315256119
YKL126W,YHR161C,1,1.4527574,0.10919540375471115,0.056886225938797,0.04650930315256119
YDR142C,YOR336W,0,1.4516803,0.10898661613464355,0.056886225938797,0.04660932347178459
YGR215W,YML072C,0,1.4511797,0.10877862572669983,0.056886225938797,0.0467093400657177
YMR116C,YDR540C,0,1.4504452,0.10857142508029938,0.056886225938797,0.0468093603849411
YDR214W,YGR096W,0,1.450084,0.1083650216460228,0.056886225938797,0.046909380704164505
YER016W,YPR033C,0,1.448423,0.1081593930721283,0.056886225938797,0.04700940102338791
YBR139W,YPL187W,0,1.4478135,0.10795454680919647,0.056886225938797,0.04710942134261131
YDL159W,YKL012W,0,1.4450401,0.10775047540664673,0.056886225938797,0.04720944166183472
YNL126W,YDR182W,0,1.4442897,0.10754717141389847,0.056886225938797,0.04730946198105812
YCL010C,YDR394W,0,1.4422158,0.10734463483095169,0.056886225938797,0.047409482300281525
YHR135C,YHR001W,1,1.4418602,0.10902255773544312,0.057884231209754944,0.047409482300281525
YCR024C-A,YNL014W,0,1.4417571,0.10881800949573517,0.057884231209754944,0.04750950261950493
YEL027W,YOR089C,1,1.4414256,0.11048689484596252,0.05888223648071289,0.04750950261950493
YJR105W,YJR014W,0,1.4408656,0.11028037220239639,0.05888223648071289,0.04760952293872833
YPR151C,YCR071C,0,1.4360591,0.11007462441921234,0.05888223648071289,0.047709543257951736
YCL019W,YGR215W,0,1.4352525,0.10986964404582977,0.05888223648071289,0.04780956357717514
YPL045W,YDL174C,0,1.4335095,0.10966543108224869,0.05888223648071289,0.047909580171108246
YEL027W,YJR125C,1,1.4332495,0.11131725460290909,0.05988023802638054,0.047909580171108246
YJR159W,YIL050W,0,1.4329013,0.1111111119389534,0.05988023802638054,0.04800960049033165
YIL016W,YKR025W,0,1.4327189,0.1109057292342186,0.05988023802638054,0.048109620809555054
YNL002C,YDR394W,0,1.4321022,0.11070110648870468,0.05988023802638054,0.04820964112877846
YMR202W,YNL047C,0,1.4318433,0.11049723625183105,0.05988023802638054,0.04830966144800186
YGR215W,YPL108W,0,1.4317555,0.11029411852359772,0.05988023802638054,0.048409681767225266
YIL063C,YKR029C,0,1.4304376,0.11009174585342407,0.05988023802638054,0.04850970208644867
YML069W,YOR153W,0,1.4269764,0.10989011079072952,0.05988023802638054,0.04860972240567207
YLR369W,YCL026C-A,0,1.4260195,0.10968921333551407,0.05988023802638054,0.04870974272489548
YOR322C,YLR337C,1,1.4228685,0.11131387203931808,0.060878243297338486,0.04870974272489548
YIL066C,YPR065W,0,1.4217238,0.1111111119389534,0.060878243297338486,0.04880976304411888
YOR017W,YIL017C,0,1.4183488,0.11090908944606781,0.060878243297338486,0.048909783363342285
YPR025C,YGL077C,0,1.4162927,0.11070780456066132,0.060878243297338486,0.04900980368256569
YJL210W,YGR027W-A,0,1.4159493,0.11050724983215332,0.060878243297338486,0.049109820276498795
YBL047C,YOR181W,1,1.414757,0.11211573332548141,0.06187624856829643,0.049109820276498795
YDL174C,YIL017C,0,1.414751,0.11191336065530777,0.06187624856829643,0.0492098405957222
YNL300W,YER019W,0,1.4137344,0.11171171069145203,0.06187624856829643,0.0493098609149456
YDR034C-D,YLL015W,0,1.4096475,0.11151079088449478,0.06187624856829643,0.049409881234169006
YKL146W,YMR083W,0,1.4093833,0.11131059378385544,0.06187624856829643,0.04950990155339241
YIL127C,YDR001C,0,1.4088485,0.1111111119389534,0.06187624856829643,0.049609921872615814
YKL203C,YGL206C,1,1.405853,0.11270125210285187,0.06287425011396408,0.049609921872615814
YHL001W,YGR038C-B,0,1.3995295,0.11249999701976776,0.06287425011396408,0.04970994219183922
YNL297C,YCL034W,1,1.3961816,0.11408199369907379,0.06387225538492203,0.04970994219183922
YGR023W,YPR079W,0,1.3941951,0.1138790026307106,0.06387225538492203,0.04980996251106262
YOR210W,YIL129C,0,1.3940576,0.11367673426866531,0.06387225538492203,0.049909982830286026
YCL038C,YJR017C,0,1.3939053,0.11347517371177673,0.06387225538492203,0.05001000314950943
YPL084W,YEL009C,0,1.3933063,0.11327433586120605,0.06387225538492203,0.050110023468732834
YHL002W,YCR020W-B,0,1.3932352,0.11307420581579208,0.06387225538492203,0.05021004378795624
YJL184W,YPR140W,0,1.3919771,0.11287477612495422,0.06387225538492203,0.05031006038188934
YOR354C,YML025C,0,1.3902199,0.11267605423927307,0.06387225538492203,0.05041008070111275
YDR210W-D,YPR033C,0,1.3891968,0.11247803270816803,0.06387225538492203,0.05051010102033615
YJL210W,YBR019C,0,1.3884667,0.1122807040810585,0.06387225538492203,0.050610121339559555
YJL177W,YLR424W,0,1.3883818,0.11208406090736389,0.06387225538492203,0.05071014165878296
YIL162W,YLL039C,0,1.3882022,0.1118881106376648,0.06387225538492203,0.05081016197800636
YDR216W,YOR073W,0,1.3851898,0.11169284582138062,0.06387225538492203,0.05091018229722977
YHL002W,YLL023C,0,1.384864,0.11149825900793076,0.06387225538492203,0.05101020261645317
YCR027C,YER018C,0,1.384525,0.11130435019731522,0.06387225538492203,0.051110222935676575
YER011W,YER124C,0,1.3838714,0.1111111119389534,0.06387225538492203,0.05121024325489998
YOL013C,YDL239C,0,1.3819963,0.1109185442328453,0.06387225538492203,0.05131026357412338
YEL042W,YPR004C,0,1.3810798,0.11072664707899094,0.06387225538492203,0.051410283893346786
YPR107C,YPR065W,0,1.3801632,0.1105354055762291,0.06387225538492203,0.05151030048727989
YOR173W,YCR048W,0,1.3787293,0.11034482717514038,0.06387225538492203,0.051610320806503296
YDR142C,YER094C,0,1.3771918,0.1101549044251442,0.06387225538492203,0.0517103411257267
YBR077C,YKL157W,0,1.3758755,0.10996563732624054,0.06387225538492203,0.051810361444950104
YBL099W,YJR091C,0,1.3705497,0.10977701842784882,0.06387225538492203,0.05191038176417351
YDR432W,YHR203C,0,1.3692138,0.10958904027938843,0.06387225538492203,0.05201040208339691
YMR202W,YDL049C,0,1.3663833,0.10940171033143997,0.06387225538492203,0.052110422402620316
YDR143C,YNL009W,0,1.3621709,0.10921501368284225,0.06387225538492203,0.05221044272184372
YDR001C,YLR355C,0,1.3565413,0.10902895778417587,0.06387225538492203,0.05231046304106712
YBL036C,YPL086C,0,1.3555593,0.10884353518486023,0.06387225538492203,0.05241048336029053
YDR346C,YPL187W,0,1.3519382,0.10865874588489532,0.06387225538492203,0.05251050367951393
YLR310C,YJL099W,0,1.35174,0.10847457498311996,0.06387225538492203,0.05261052027344704
YBR207W,YBR059C,1,1.3513,0.10998307913541794,0.06487026065587997,0.05261052027344704
YBR152W,YPL037C,0,1.3512168,0.10979729890823364,0.06487026065587997,0.05271054059267044
YNL275W,YCR070W,0,1.3511592,0.10961214452981949,0.06487026065587997,0.052810560911893845
YJL092W,YMR113W,0,1.3504944,0.10942760854959488,0.06487026065587997,0.05291058123111725
YIL063C,YAL042W,0,1.3496413,0.10924369841814041,0.06487026065587997,0.05301060155034065
YPL030W,YOR005C,0,1.3471217,0.10906039923429489,0.06487026065587997,0.053110621869564056
YDR314C,YGR067C,0,1.3450196,0.10887771844863892,0.06487026065587997,0.05321064218878746
YDR294C,YKL101W,0,1.3449376,0.10869564861059189,0.06487026065587997,0.053310662508010864
YDR184C,YJR088C,0,1.3444396,0.10851418972015381,0.06487026065587997,0.05341068282723427
YHL002W,YFL008W,0,1.3400387,0.10833333432674408,0.06487026065587997,0.05351070314645767
YIL127C,YJR044C,0,1.3387296,0.1081530749797821,0.06487026065587997,0.053610723465681076
YNL148C,YLR319C,0,1.335388,0.10797341912984848,0.06487026065587997,0.05371074378490448
YER069W,YDR153C,0,1.3350145,0.10779435932636261,0.06487026065587997,0.053810760378837585
YPL088W,YPL072W,0,1.3348057,0.1076158955693245,0.06487026065587997,0.05391078069806099
YDR084C,YKR018C,0,1.3341491,0.10743801295757294,0.06487026065587997,0.05401080101728439
YLR069C,YNL099C,0,1.3322375,0.10726072639226913,0.06487026065587997,0.0541108213365078
YHR001W,YNL297C,1,1.3306267,0.1087314635515213,0.06586826592683792,0.0541108213365078
YGL131C,YGR140W,0,1.3285856,0.10855263471603394,0.06586826592683792,0.0542108416557312
YEL026W,YJR019C,0,1.3279846,0.10837438702583313,0.06586826592683792,0.054310861974954605
YPL212C,YHR043C,0,1.3278313,0.10819672048091888,0.06586826592683792,0.05441088229417801
YAR050W,YGR133W,0,1.3247367,0.1080196425318718,0.06586826592683792,0.05451090261340141
YGL181W,YDL161W,1,1.3239716,0.10947712510824203,0.06686626374721527,0.05451090261340141
YKL203C,YCR028C,1,1.3231077,0.11092985421419144,0.06786426901817322,0.05451090261340141
YCR024C-A,YGL150C,0,1.3230319,0.11074918508529663,0.06786426901817322,0.05461092293262482
YFL050C,YBR161W,0,1.3224728,0.11056910455226898,0.06786426901817322,0.05471094325184822
YGR133W,YNL197C,0,1.3204194,0.11038961261510849,0.06786426901817322,0.054810963571071625
YNL020C,YML052W,1,1.3202786,0.11183144152164459,0.06886227428913116,0.054810963571071625
YBR109C,YOR327C,1,1.3191355,0.11326860636472702,0.06986027956008911,0.054810963571071625
YGR140W,YMR305C,0,1.3183181,0.11308562010526657,0.06986027956008911,0.05491098389029503
YGL131C,YMR030W,0,1.3174342,0.11290322244167328,0.06986027956008911,0.055011000484228134
YLR084C,YLR136C,0,1.305327,0.11272141337394714,0.06986027956008911,0.05511102080345154
YHR007C,YOL049W,0,1.3021857,0.11254019290208817,0.06986027956008911,0.05521104112267494
YJL018W,YER042W,0,1.3018111,0.11235955357551575,0.06986027956008911,0.055311061441898346
YCL019W,YCL027C-A,0,1.3008926,0.11217948794364929,0.06986027956008911,0.05541108176112175
YDR097C,YKL221W,0,1.2989893,0.1120000034570694,0.06986027956008911,0.055511102080345154
YJL145W,YDR113C,0,1.2980254,0.11182108521461487,0.06986027956008911,0.05561112239956856
YBL102W,YJL042W,0,1.2954493,0.1116427406668663,0.06986027956008911,0.05571114271879196
YKL160W,YDR484W,0,1.2918371,0.1114649698138237,0.06986027956008911,0.055811163038015366
YGR284C,YDR037W,0,1.2908748,0.11128775775432587,0.06986027956008911,0.05591118335723877
YIL040W,YMR291W,0,1.2896253,0.1111111119389534,0.06986027956008911,0.05601120367646217
YDR216W,YNL097C,0,1.2878102,0.1109350249171257,0.06986027956008911,0.05611122399568558
YKL137W,YCL027C-A,0,1.2822292,0.11075949668884277,0.06986027956008911,0.05621124058961868
YBL004W,YER016W,0,1.282085,0.11058451980352402,0.06986027956008911,0.05631126090884209
YBL047C,YHR161C,1,1.2813153,0.11198738217353821,0.07085828483104706,0.05631126090884209
YHR072W,YGL201C,0,1.2801621,0.11181102693080902,0.07085828483104706,0.05641128122806549
YLR034C,YGL160W,0,1.2798944,0.111635223031044,0.07085828483104706,0.056511301547288895
YHL033C,YLL023C,0,1.2787563,0.11145997047424316,0.07085828483104706,0.0566113218665123
YDR294C,YGR186W,0,1.2770597,0.1112852692604065,0.07085828483104706,0.0567113421857357
YNL299W,YLL052C,0,1.2754934,0.1111111119389534,0.07085828483104706,0.056811362504959106
YMR197C,YHR019C,0,1.2737099,0.11093749850988388,0.07085828483104706,0.05691138282418251
YLR274W,YNL220W,0,1.2720225,0.11076442897319794,0.07085828483104706,0.057011403143405914
YCR066W,YDL222C,0,1.27091,0.11059190332889557,0.07085828483104706,0.05711142346262932
YOL027C,YJR017C,0,1.2708673,0.11041990667581558,0.07085828483104706,0.05721144378185272
YIL127C,YKR092C,0,1.2703402,0.11024844646453857,0.07085828483104706,0.057311464101076126
YOR196C,YPR004C,0,1.2702974,0.11007752269506454,0.07085828483104706,0.05741148069500923
YLR369W,YCR033W,0,1.26904,0.1099071204662323,0.07085828483104706,0.057511501014232635
YOL027C,YGR249W,0,1.2686545,0.10973724722862244,0.07085828483104706,0.05761152133345604
YJL177W,YHR188C,0,1.2662009,0.10956790298223495,0.07085828483104706,0.05771154165267944
YJR014W,YCR083W,0,1.2653959,0.10939907282590866,0.07085828483104706,0.05781156197190285
YDL079C,YPL032C,0,1.2616147,0.10923077166080475,0.07085828483104706,0.05791158229112625
YOR173W,YML025C,0,1.2597567,0.10906297713518143,0.07085828483104706,0.058011602610349655
YLR275W,YHR001W,0,1.259752,0.10889570415019989,0.07085828483104706,0.05811162292957306
YPL246C,YMR277W,0,1.2590413,0.10872894525527954,0.07085828483104706,0.05821164324879646
YLR071C,YOL027C,0,1.2563351,0.10856269299983978,0.07085828483104706,0.05831166356801987
YDR142C,YPL249C-A,0,1.2538263,0.10839694738388062,0.07085828483104706,0.05841168388724327
YKL160W,YLR155C,0,1.2495823,0.10823170840740204,0.07085828483104706,0.058511700481176376
YHR072W,YBR044C,0,1.2493587,0.10806696861982346,0.07085828483104706,0.05861172080039978
YLR155C,YHR032W,0,1.248568,0.10790273547172546,0.07085828483104706,0.058711741119623184
YMR189W,YPL008W,0,1.2427683,0.10773900151252747,0.07085828483104706,0.05881176143884659
YBL102W,YOR005C,0,1.2422135,0.10757575929164886,0.07085828483104706,0.05891178175806999
YHR043C,YCR003W,0,1.2398989,0.10741300880908966,0.07085828483104706,0.059011802077293396
YOR327C,YOR181W,1,1.2375013,0.10876133292913437,0.071856290102005,0.059011802077293396
YEL042W,YLR117C,0,1.2353066,0.1085972860455513,0.071856290102005,0.0591118223965168
YGR038W,YLR424W,0,1.2289302,0.10843373835086823,0.071856290102005,0.059211842715740204
YDL058W,YOR028C,0,1.2276549,0.10827067494392395,0.071856290102005,0.05931186303496361
YJR044C,YDR331W,0,1.2272477,0.10810811072587967,0.071856290102005,0.05941188335418701
YNL300W,YDL025C,0,1.2267663,0.10794602334499359,0.071856290102005,0.059511903673410416
YCL026C-A,YMR309C,0,1.2262903,0.10778442770242691,0.071856290102005,0.05961192399263382
YCL020W,YOR367W,0,1.2257456,0.10762331634759903,0.071856290102005,0.059711940586566925
YGL224C,YCR042C,0,1.2244391,0.10746268928050995,0.071856290102005,0.05981196090579033
YML008C,YAR014C,0,1.2228642,0.10730253159999847,0.071856290102005,0.05991198122501373
YMR263W,YPR140W,0,1.2226495,0.1071428582072258,0.071856290102005,0.06001200154423714
YOR178C,YDR316W,0,1.2220736,0.10698365420103073,0.071856290102005,0.06011202186346054
YNL227C,YBL047C,1,1.2218523,0.10830860584974289,0.07285428792238235,0.06011202186346054
YJR093C,YPL275W,0,1.2171059,0.10814815014600754,0.07285428792238235,0.060212042182683945
YMR164C,YGL131C,0,1.2169998,0.10798816382884979,0.07285428792238235,0.06031206250190735
YPR181C,YHR128W,0,1.2149494,0.10782865434885025,0.07285428792238235,0.06041208282113075
YLR144C,YER166W,0,1.2141073,0.10766961425542831,0.07285428792238235,0.060512103140354156
YKL129C,YDR177W,1,1.2130069,0.10898379981517792,0.0738522931933403,0.060512103140354156
YER119C,YPR022C,0,1.2096481,0.10882353037595749,0.0738522931933403,0.06061212345957756
YOR231W,YLR378C,0,1.208473,0.10866373032331467,0.0738522931933403,0.060712143778800964
YHR003C,YLR110C,0,1.2074773,0.10850439965724945,0.0738522931933403,0.06081216409802437
YKL203C,YOR327C,1,1.2069311,0.10980966687202454,0.07485029846429825,0.06081216409802437
YLR371W,YLR337W,1,1.2054173,0.1111111119389534,0.0758483037352562,0.06081216409802437
YJR077C,YLR256W,0,1.2032593,0.11094890534877777,0.0758483037352562,0.060912180691957474
YBL008W-A,YDR043C,0,1.2027012,0.11078717559576035,0.0758483037352562,0.06101220101118088
YBR203W,YDR307W,0,1.2020386,0.11062590777873993,0.0758483037352562,0.06111222133040428
YGR209C,YDR394W,0,1.2014093,0.11046511679887772,0.0758483037352562,0.061212241649627686
YBR227C,YLR117C,0,1.2002404,0.11030478775501251,0.0758483037352562,0.06131226196885109
YLR242C,YOL058W,0,1.1985266,0.11014492809772491,0.0758483037352562,0.06141228228807449
YHR062C,YBR068C,0,1.1982142,0.10998553037643433,0.0758483037352562,0.0615123026072979
YIR003W,YBR161W,0,1.1981353,0.10982658714056015,0.0758483037352562,0.0616123229265213
YOL094C,YOR231W,0,1.1973864,0.10966811329126358,0.0758483037352562,0.061712343245744705
YAR044W,YOR043W,1,1.1972748,0.1109510064125061,0.07684630900621414,0.061712343245744705
YIL066C,YBR083W,0,1.1971747,0.11079137027263641,0.07684630900621414,0.06181236356496811
YPR181C,YBL066C,0,1.1860313,0.11063218116760254,0.07684630900621414,0.06191238388419151
YML024W,YFL002C,0,1.1858066,0.11047345399856567,0.07684630900621414,0.06201240420341492
YIL162W,YDL064W,0,1.1838406,0.11031518876552582,0.07684630900621414,0.06211242079734802
YGR148C,YAL042W,0,1.1826805,0.11015737056732178,0.07684630900621414,0.062212441116571426
YJL051W,YDL052C,0,1.1826411,0.10999999940395355,0.07684630900621414,0.06231246143579483
YGR257C,YBL100W-A,0,1.1795259,0.10984308272600174,0.07684630900621414,0.062412481755018234
YCL062W,YML062C,0,1.1754806,0.10968661308288574,0.07684630900621414,0.06251250207424164
YBR234C,YMR216C,0,1.1748688,0.10953058302402496,0.07684630900621414,0.06261252611875534
YKR086W,YIL097W,0,1.1740389,0.109375,0.07684630900621414,0.06271254271268845
YFL016C,YJR019C,0,1.1740053,0.10921985656023026,0.07684630900621414,0.06281255930662155
YGR048W,YPL190C,0,1.1733611,0.10906515270471573,0.07684630900621414,0.06291258335113525
YPL045W,YKL157W,0,1.1724734,0.10891088843345642,0.07684630900621414,0.06301259994506836
YPL249C-A,YPL124W,0,1.1716969,0.10875706374645233,0.07684630900621414,0.06311262398958206
YPL060C-A,YHR083W,0,1.1703607,0.10860366374254227,0.07684630900621414,0.06321264058351517
YMR011W,YMR119W,0,1.1676226,0.10845070332288742,0.07684630900621414,0.06331266462802887
YIL049W,YPL045W,0,1.1674297,0.1082981750369072,0.07684630900621414,0.06341268122196198
YGL038C,YML072C,0,1.1674201,0.1081460639834404,0.07684630900621414,0.06351270526647568
YLR002C,YPL181W,0,1.1645283,0.10799439251422882,0.07684630900621414,0.06361272186040878
YLR070C,YGR027W-A,0,1.1625652,0.10784313827753067,0.07684630900621414,0.06371274590492249
YHR016C,YIL041W,1,1.1611204,0.1090909093618393,0.07784431427717209,0.06371274590492249
YOR095C,YJL145W,0,1.1609235,0.1089385449886322,0.07784431427717209,0.06381276249885559
YMR278W,YEL047C,0,1.1590815,0.10878661274909973,0.07784431427717209,0.0639127790927887
YKL091C,YHL009W-A,0,1.1576885,0.10863509774208069,0.07784431427717209,0.0640128031373024
YOL128C,YOR125C,0,1.1552877,0.10848400741815567,0.07784431427717209,0.0641128197312355
YDR069C,YLR371W,1,1.1541209,0.10972221940755844,0.07884231209754944,0.0641128197312355
YIL016W,YNL241C,0,1.1535239,0.10957004129886627,0.07884231209754944,0.0642128437757492
YDR294C,YLR064W,0,1.1533768,0.10941828042268753,0.07884231209754944,0.06431286036968231
YLR027C,YJR019C,0,1.1515251,0.10926694422960281,0.07884231209754944,0.06441288441419601
YMR280C,YBL101C,0,1.1504822,0.10911602526903152,0.07884231209754944,0.06451290100812912
YPL228W,YPR065W,0,1.149573,0.10896551609039307,0.07884231209754944,0.06461292505264282
YHL007C,YDR208W,0,1.1485375,0.10881542414426804,0.07884231209754944,0.06471294164657593
YJL115W,YOR245C,0,1.1479274,0.10866574943065643,0.07884231209754944,0.06481296569108963
YKL209C,YJR088C,0,1.1467721,0.10851648449897766,0.07884231209754944,0.06491298228502274
YJR002W,YOR245C,0,1.1455624,0.10836762934923172,0.07884231209754944,0.06501299887895584
YLR242C,YEL003W,0,1.1448855,0.10821917653083801,0.07884231209754944,0.06511302292346954
YOL027C,YML033W,0,1.1447393,0.10807113349437714,0.07884231209754944,0.06521303951740265
YCL011C,YIL017C,0,1.1427404,0.10792350023984909,0.07884231209754944,0.06531306356191635
YNL075W,YIL073C,0,1.1372708,0.10777626186609268,0.07884231209754944,0.06541308015584946
YML114C,YHL013C,0,1.1368935,0.10762942582368851,0.07884231209754944,0.06551310420036316
YFL050C,YLL015W,0,1.1359985,0.10748299211263657,0.07884231209754944,0.06561312079429626
YDR322C-A,YDR001C,0,1.1358523,0.10733695328235626,0.07884231209754944,0.06571314483880997
YPL241C,YAR066W,0,1.1349313,0.10719131678342819,0.07884231209754944,0.06581316143274307
YDR194C,YKL139W,0,1.1345179,0.10704606771469116,0.07884231209754944,0.06591318547725677
YDL126C,YPL088W,0,1.1332173,0.10690122097730637,0.07884231209754944,0.06601320207118988
YDR519W,YDR079C-A,0,1.1317345,0.10675675421953201,0.07884231209754944,0.06611322611570358
YKL112W,YMR189W,0,1.1315413,0.1066126823425293,0.07884231209754944,0.06621324270963669
YER078C,YER058W,0,1.1310506,0.10646900534629822,0.07884231209754944,0.0663132593035698
YLR372W,YAL047C,0,1.1294082,0.10632570832967758,0.07884231209754944,0.0664132833480835
YPL268W,YER048C,0,1.1293583,0.10618279874324799,0.07884231209754944,0.0665132999420166
YNL154C,YLR337C,1,1.1278727,0.10738255083560944,0.07984031736850739,0.0665132999420166
YLR242C,YCR070W,0,1.12633,0.10723860561847687,0.07984031736850739,0.0666133239865303
YHR188C,YOL068C,0,1.1259527,0.10709504783153534,0.07984031736850739,0.06671334058046341
YLR275W,YMR024W,0,1.1254195,0.10695187002420425,0.07984031736850739,0.06681336462497711
YOR149C,YGR256W,0,1.1228331,0.10680907964706421,0.07984031736850739,0.06691338121891022
YOR144C,YDL191W,0,1.1190691,0.1066666692495346,0.07984031736850739,0.06701340526342392
YBR021W,YPL072W,0,1.1182907,0.10652463138103485,0.07984031736850739,0.06711342185735703
YBR161W,YOR022C,0,1.116282,0.10638298094272614,0.07984031736850739,0.06721344590187073
YLR431C,YIL114C,0,1.1155299,0.10624170303344727,0.07984031736850739,0.06731346249580383
YLR233C,YKL222C,0,1.1101246,0.10610079765319824,0.07984031736850739,0.06741347908973694
YNL224C,YGL133W,0,1.1093078,0.10596026480197906,0.07984031736850739,0.06751350313425064
YOR245C,YML121W,0,1.1084146,0.10582010447978973,0.07984031736850739,0.06761351972818375
YHR065C,YPL086C,0,1.1073952,0.10568031668663025,0.07984031736850739,0.06771354377269745
YNL139C,YBR154C,0,1.1062735,0.10554089397192001,0.07984031736850739,0.06781356036663055
YBL102W,YPL055C,0,1.1062721,0.10540184378623962,0.07984031736850739,0.06791358441114426
YKL188C,YDL147W,0,1.1047196,0.10526315867900848,0.07984031736850739,0.06801360100507736
YOL091W,YNL224C,0,1.100184,0.10512483865022659,0.07984031736850739,0.06811362504959106
YEL027W,YDR177W,1,1.0998834,0.10629921406507492,0.08083832263946533,0.06811362504959106
YLL052C,YFL002C,0,1.0993652,0.10615989565849304,0.08083832263946533,0.06821364164352417
YIL121W,YHR001W,0,1.0933326,0.10602094233036041,0.08083832263946533,0.06831366568803787
YOR202W,YGL145W,0,1.0929854,0.10588235408067703,0.08083832263946533,0.06841368228197098
YPL055C,YDR142C,0,1.0929537,0.1057441234588623,0.08083832263946533,0.06851370632648468
YPR171W,YMR109W,1,1.0929534,0.10691004246473312,0.08183632791042328,0.06851370632648468
YBR228W,YER001W,0,1.0923891,0.1067708358168602,0.08183632791042328,0.06861372292041779
YJL210W,YGL029W,0,1.0923648,0.10663198679685593,0.08183632791042328,0.06871373951435089
YOL137W,YLR308W,0,1.0914749,0.1064935028553009,0.08183632791042328,0.0688137635588646
YLR297W,YBR221C,0,1.0883732,0.10635538399219513,0.08183632791042328,0.0689137801527977
YPR104C,YNL035C,0,1.0880127,0.10621761530637741,0.08183632791042328,0.0690138041973114
YKL091C,YML010W,0,1.0866404,0.10608020424842834,0.08183632791042328,0.0691138207912445
YGR033C,YMR244C-A,0,1.0852916,0.10594315081834793,0.08183632791042328,0.06921384483575821
YBR215W,YMR083W,0,1.0843374,0.10580645501613617,0.08183632791042328,0.06931386142969131
YBR234C,YDR143C,0,1.0819149,0.10567010194063187,0.08183632791042328,0.06941388547420502
YFR028C,YML019W,0,1.0812123,0.10553410649299622,0.08183632791042328,0.06951390206813812
YOR043W,YNL297C,1,1.0808221,0.10668380558490753,0.08283433318138123,0.06951390206813812
YHR187W,YIL103W,0,1.0804803,0.10654685646295547,0.08283433318138123,0.06961392611265182
YOR056C,YNL047C,0,1.0756407,0.10641025751829147,0.08283433318138123,0.06971394270658493
YHL002W,YNR069C,0,1.0748965,0.10627400875091553,0.08283433318138123,0.06981395930051804
YLR155C,YJR125C,0,1.0737282,0.10613811016082764,0.08283433318138123,0.06991398334503174
YOR234C,YJR077C,0,1.0684803,0.1060025542974472,0.08283433318138123,0.07001399993896484
YPL024W,YIR008C,0,1.0674967,0.10586734861135483,0.08283433318138123,0.07011402398347855
YKR081C,YGR048W,0,1.0647951,0.10573248565196991,0.08283433318138123,0.07021404057741165
YOR256C,YNL134C,0,1.0638933,0.10559796541929245,0.08283433318138123,0.07031406462192535
YFL055W,YOR202W,0,1.0638247,0.10546378791332245,0.08283433318138123,0.07041408121585846
YMR109W,YGR241C,1,1.0633099,0.10659898817539215,0.08383233845233917,0.07041408121585846
YLR423C,YHR032W,0,1.0632288,0.10646387934684753,0.08383233845233917,0.07051410526037216
YDR016C,YGR161C-C,0,1.0622164,0.10632911324501038,0.08383233845233917,0.07061412185430527
YLR155C,YLL052C,0,1.0621955,0.10619468986988068,0.08383233845233917,0.07071414589881897
YGL032C,YKR029C,0,1.0588548,0.10606060922145844,0.08383233845233917,0.07081416249275208
YKL137W,YKR042W,0,1.057331,0.10592685639858246,0.08383233845233917,0.07091418653726578
YOR210W,YBL101C,0,1.0552783,0.10579345375299454,0.08383233845233917,0.07101420313119888
YDR191W,YBL046W,0,1.0545249,0.10566037893295288,0.08383233845233917,0.07111421972513199
YBL099W,YLR431C,0,1.0541548,0.10552763938903809,0.08383233845233917,0.07121424376964569
YKL071W,YJL184W,0,1.0514507,0.10539523512125015,0.08383233845233917,0.0713142603635788
YDR462W,YPL032C,0,1.050198,0.10526315867900848,0.08383233845233917,0.0714142844080925
YCR023C,YGR067C,0,1.0499741,0.10513141751289368,0.08383233845233917,0.0715143010020256
YDR214W,YJL115W,0,1.0487311,0.10499999672174454,0.08383233845233917,0.0716143250465393
YIL121W,YMR216C,0,1.0485642,0.10486891120672226,0.08383233845233917,0.07171434164047241
YDR452W,YPR066W,0,1.0485556,0.10473815351724625,0.08383233845233917,0.07181436568498611
YER119C,YJL154C,0,1.0480007,0.1046077236533165,0.08383233845233917,0.07191438227891922
YLR174W,YKL216W,0,1.0472281,0.10447761416435242,0.08383233845233917,0.07201440632343292
YBR216C,YHR001W,0,1.0468364,0.104347825050354,0.08383233845233917,0.07211442291736603
YPR079W,YPL266W,0,1.0463212,0.10421836376190186,0.08383233845233917,0.07221443951129913
YDL002C,YOR361C,0,1.0461847,0.10408922284841537,0.08383233845233917,0.07231446355581284
YML114C,YGR289C,0,1.046032,0.10396039485931396,0.08383233845233917,0.07241448014974594
YMR216C,YGR231C,0,1.0448895,0.10383189469575882,0.08383233845233917,0.07251450419425964
YGR198W,YGR241C,1,1.0444615,0.10493826866149902,0.08483033627271652,0.07251450419425964
YGL160W,YBR004C,0,1.0416528,0.10480887442827225,0.08483033627271652,0.07261452078819275
YJL010C,YKL008C,0,1.0410178,0.10467980057001114,0.08483033627271652,0.07271454483270645
YCL040W,YGR041W,0,1.0388904,0.1045510470867157,0.08483033627271652,0.07281456142663956
YDL213C,YML072C,0,1.0386453,0.10442260652780533,0.08483033627271652,0.07291458547115326
YFL031W,YLR372W,0,1.0386295,0.10429447889328003,0.08483033627271652,0.07301460206508636
YOL039W,YIL168W,0,1.0369747,0.1041666641831398,0.08483033627271652,0.07311462610960007
YKL112W,YEL026W,0,1.0369074,0.10403916984796524,0.08483033627271652,0.07321464270353317
YIL105C,YMR268C,0,1.0365181,0.10391198098659515,0.08483033627271652,0.07331465929746628
YPL242C,YNL224C,0,1.0332183,0.10378510504961014,0.08483033627271652,0.07341468334197998
YLR051C,YHR102W,0,1.0332136,0.1036585345864296,0.08483033627271652,0.07351469993591309
YHL009C,YCL020W,0,1.0321769,0.10353227704763412,0.08483033627271652,0.07361472398042679
YMR278W,YOR202W,0,1.0305544,0.10340632498264313,0.08483033627271652,0.0737147405743599
YOR173W,YDR480W,0,1.0303161,0.1032806783914566,0.08483033627271652,0.0738147646188736
YNR073C,YLR057W,0,1.0294802,0.10315533727407455,0.08483033627271652,0.0739147812128067
YOR056C,YPL228W,0,1.0294132,0.10303030163049698,0.08483033627271652,0.0740148052573204
YGR133W,YDR258C,0,1.0293403,0.10290557146072388,0.08483033627271652,0.07411482185125351
YMR244C-A,YLR089C,0,1.0271139,0.10278113931417465,0.08483033627271652,0.07421484589576721
YDL153C,YJR007W,0,1.0261455,0.1026570051908493,0.08483033627271652,0.07431486248970032
YER035W,YHR203C,0,1.024965,0.10253316909074783,0.08483033627271652,0.07441488653421402
YCR066W,YJL076W,0,1.0246129,0.10240963846445084,0.08483033627271652,0.07451490312814713
YKL035W,YLR155C,0,1.0227749,0.10228639841079712,0.08483033627271652,0.07461491972208023
YML008C,YLR210W,0,1.0227356,0.10216346383094788,0.08483033627271652,0.07471494376659393
YBR215W,YML014W,0,1.0221977,0.10204081982374191,0.08483033627271652,0.07481496036052704
YLR226W,YIL015W,0,1.0209389,0.10191846638917923,0.08483033627271652,0.07491498440504074
YPL268W,YLR216C,0,1.0192558,0.10179640352725983,0.08483033627271652,0.07501500099897385
YPL217C,YNL113W,0,1.0189837,0.1016746386885643,0.08483033627271652,0.07511502504348755
YJL145W,YKL220C,0,1.0187896,0.10155316442251205,0.08483033627271652,0.07521504163742065
YFL009W,YBR265W,0,1.0179642,0.10143198072910309,0.08483033627271652,0.07531506568193436
YKL126W,YOR327C,1,1.0169094,0.1025029793381691,0.08582834154367447,0.07531506568193436
YOL039W,YAR066W,0,1.0138955,0.10238095372915268,0.08582834154367447,0.07541508227586746
YIL091C,YHR043C,0,1.0138106,0.10225921869277954,0.08582834154367447,0.07551510632038116
YCR069W,YAL061W,0,1.0134281,0.10213776677846909,0.08582834154367447,0.07561512291431427
YPL004C,YIL095W,1,1.0132502,0.10320284962654114,0.08682634681463242,0.07561512291431427
YMR277W,YOL001W,0,1.0111581,0.10308057069778442,0.08682634681463242,0.07571513950824738
YKL086W,YNL241C,0,1.007302,0.10295858234167099,0.08682634681463242,0.07581516355276108
YGR059W,YCL038C,0,1.0059202,0.10283687710762024,0.08682634681463242,0.07591518014669418
YGR132C,YDR255C,0,1.0055388,0.10271546989679337,0.08682634681463242,0.07601520419120789
YJL154C,YPR052C,0,1.0045257,0.10259433835744858,0.08682634681463242,0.07611522078514099
YBR161W,YGL054C,0,1.0025319,0.10247349739074707,0.08682634681463242,0.0762152448296547
YOL075C,YHL009W-A,0,1.0025179,0.10235293954610825,0.08682634681463242,0.0763152614235878
YLR337W,YDR177W,1,1.0021666,0.10340775549411774,0.08782435208559036,0.0763152614235878
YLR225C,YJR159W,0,0.99995685,0.10328638553619385,0.08782435208559036,0.0764152854681015
YNL021W,YOR140W,0,0.9993526,0.10316529870033264,0.08782435208559036,0.0765153020620346
YML064C,YJL145W,0,0.99506396,0.10304449498653412,0.08782435208559036,0.07661532610654831
YBR126C,YER119C,0,0.9948989,0.10292397439479828,0.08782435208559036,0.07671534270048141
YCR066W,YDR302W,0,0.9947062,0.10280373692512512,0.08782435208559036,0.07681536674499512
YLR069C,YER004W,0,0.99286944,0.10268378257751465,0.08782435208559036,0.07691538333892822
YJR043C,YJR019C,0,0.9879945,0.10256410390138626,0.08782435208559036,0.07701539993286133
YKL008C,YGR256W,0,0.9878363,0.10244470089673996,0.08782435208559036,0.07711542397737503
YCR028C,YLR337W,1,0.9860059,0.10348837077617645,0.08882235735654831,0.07711542397737503
YHR039C,YNL257C,0,0.98590624,0.10336817800998688,0.08882235735654831,0.07721544057130814
YOR007C,YNL005C,0,0.9834142,0.10324826091527939,0.08882235735654831,0.07731546461582184
YKL203C,YLR337W,1,0.9833508,0.10428737103939056,0.08982036262750626,0.07731546461582184
YLR388W,YIL017C,0,0.9824109,0.1041666641831398,0.08982036262750626,0.07741548120975494
YJL010C,YKR092C,0,0.9813825,0.10404624044895172,0.08982036262750626,0.07751550525426865
YGL201C,YLL015W,0,0.981041,0.10392609983682632,0.08982036262750626,0.07761552184820175
YEL077C,YKL055C,0,0.9787259,0.10380622744560242,0.08982036262750626,0.07771554589271545
YBR059C,YGR086C,1,0.97762334,0.10483870655298233,0.0908183604478836,0.07771554589271545
YDL207W,YGL013C,0,0.9768118,0.10471806675195694,0.0908183604478836,0.07781556248664856
YBL102W,YGL156W,0,0.97664106,0.10459770262241364,0.0908183604478836,0.07791558653116226
YOL044W,YPL158C,0,0.97651565,0.10447761416435242,0.0908183604478836,0.07801560312509537
YIL041W,YJR137C,0,0.9750769,0.10435780137777328,0.0908183604478836,0.07811561971902847
YBR217W,YOR022C,0,0.97408295,0.10423825681209564,0.0908183604478836,0.07821564376354218
YBR126C,YBR110W,0,0.9736391,0.10411899536848068,0.0908183604478836,0.07831566035747528
YBL067C,YCL030C,0,0.9716947,0.10400000214576721,0.0908183604478836,0.07841568440198898
YFL024C,YNR032W,0,0.97112405,0.10388127714395523,0.0908183604478836,0.07851570099592209
YER078C,YPR165W,0,0.96875286,0.10376282781362534,0.0908183604478836,0.07861572504043579
YLR275W,YDR163W,0,0.96760213,0.10364464670419693,0.0908183604478836,0.0787157416343689
YKL096W,YLR089C,0,0.96701443,0.10352673381567001,0.0908183604478836,0.0788157656788826
YGL130W,YMR092C,0,0.9663727,0.10340908914804459,0.0908183604478836,0.0789157822728157
YDL126C,YHR128W,0,0.96308696,0.10329171270132065,0.0908183604478836,0.0790158063173294
YHR188C,YGR128C,0,0.96200526,0.1031746044754982,0.0908183604478836,0.07911582291126251
YCR043C,YDL161W,0,0.96022105,0.10305775701999664,0.0908183604478836,0.07921583950519562
YOR022C,YGR256W,0,0.9599361,0.10294117778539658,0.0908183604478836,0.07931586354970932
YPL242C,YBR018C,0,0.959567,0.1028248593211174,0.0908183604478836,0.07941588014364243
YCR071C,YJL111W,0,0.9588605,0.10270880162715912,0.0908183604478836,0.07951590418815613
YEL027W,YKL129C,1,0.95789444,0.10372040420770645,0.09181636571884155,0.07951590418815613
YDL103C,YER058W,0,0.9568948,0.10360360145568848,0.09181636571884155,0.07961592078208923
YPL268W,YMR021C,0,0.9549502,0.10348706692457199,0.09181636571884155,0.07971594482660294
YNL083W,YNL134C,0,0.95467806,0.1033707857131958,0.09181636571884155,0.07981596142053604
YML064C,YDR480W,0,0.954657,0.1032547727227211,0.09181636571884155,0.07991598546504974
YKL046C,YMR068W,0,0.95308816,0.1031390130519867,0.09181636571884155,0.08001600205898285
YGL179C,YMR083W,0,0.9509828,0.10302351415157318,0.09181636571884155,0.08011602610349655
YKR092C,YPL069C,0,0.95052624,0.10290827602148056,0.09181636571884155,0.08021604269742966
YNR054C,YDR522C,0,0.94866264,0.10279329866170883,0.09181636571884155,0.08031606674194336
YDR294C,YLR095C,0,0.94844043,0.1026785746216774,0.09181636571884155,0.08041608333587646
YLR174W,YDL020C,0,0.947944,0.10256410390138626,0.09181636571884155,0.08051609992980957
YOR234C,YLR275W,0,0.9472753,0.10244988650083542,0.09181636571884155,0.08061612397432327
YBR216C,YKL049C,0,0.94720733,0.10233592987060547,0.09181636571884155,0.08071614056825638
YDL155W,YOR210W,0,0.94564354,0.10222221910953522,0.09181636571884155,0.08081616461277008
YFL062W,YHL022C,0,0.94514704,0.10210876911878586,0.09181636571884155,0.08091618120670319
YPL020C,YCL030C,0,0.94358253,0.1019955649971962,0.09181636571884155,0.08101620525121689
YPL045W,YBL005W-A,0,0.94145143,0.10188261419534683,0.09181636571884155,0.08111622184515
YML130C,YBR199W,0,0.9402656,0.10176990926265717,0.09181636571884155,0.0812162458896637
YLR116W,YMR216C,0,0.9375621,0.1016574576497078,0.09181636571884155,0.0813162624835968
YHR073W,YHR135C,1,0.93680155,0.10264900326728821,0.0928143709897995,0.0813162624835968
YCL020W,YML121W,0,0.9357828,0.10253582894802094,0.0928143709897995,0.0814162865281105
YMR021C,YNL087W,0,0.9334465,0.10242290794849396,0.0928143709897995,0.08151630312204361
YDR354W,YNR049C,0,0.9330002,0.10231023281812668,0.0928143709897995,0.08161631971597672
YKL096W,YMR113W,0,0.9326854,0.1021978035569191,0.0928143709897995,0.08171634376049042
YGL017W,YPL228W,0,0.93215966,0.10208562016487122,0.0928143709897995,0.08181636035442352
YBL046W,YBR293W,0,0.93200505,0.10197368264198303,0.0928143709897995,0.08191638439893723
YGR121C,YER011W,0,0.9306395,0.10186199098825455,0.0928143709897995,0.08201640099287033
YHR161C,YNR075W,1,0.9303004,0.10284464061260223,0.09381237626075745,0.08201640099287033
YCL038C,YCR043C,0,0.9281967,0.10273224115371704,0.09381237626075745,0.08211642503738403
YCL026C-A,YIL065C,0,0.9276723,0.10262008756399155,0.09381237626075745,0.08221644163131714
YJL028W,YJR064W,0,0.92694867,0.10250817984342575,0.09381237626075745,0.08231646567583084
YGR257C,YKL221W,0,0.92590207,0.10239651054143906,0.09381237626075745,0.08241648226976395
YGL001C,YOR255W,0,0.92469704,0.10228509455919266,0.09381237626075745,0.08251650631427765
YHR141C,YER183C,0,0.9241902,0.10217390954494476,0.09381237626075745,0.08261652290821075
YOR336W,YMR083W,0,0.9206893,0.10206297785043716,0.09381237626075745,0.08271654695272446
YER157W,YGR172C,0,0.91884935,0.10195227712392807,0.09381237626075745,0.08281656354665756
YAL061W,YDL191W,0,0.9177182,0.10184182226657867,0.09381237626075745,0.08291658014059067
YJR002W,YJR125C,0,0.91273487,0.10173159837722778,0.09381237626075745,0.08301660418510437
YOR328W,YOR178C,0,0.91267693,0.10162162035703659,0.09381237626075745,0.08311662077903748
YPL088W,YEL026W,0,0.9101352,0.1015118807554245,0.09381237626075745,0.08321664482355118
YDR113C,YPR065W,0,0.90900874,0.10140237212181091,0.09381237626075745,0.08331666141748428
YBR293W,YBR221C,0,0.9084117,0.10129310190677643,0.09381237626075745,0.08341668546199799
YBR088C,YGR261C,0,0.90840113,0.10118407011032104,0.09381237626075745,0.08351670205593109
YDL079C,YMR244C-A,0,0.9076084,0.10107526928186417,0.09381237626075745,0.0836167261004448
YER119C,YDR480W,0,0.9068557,0.10096669942140579,0.09381237626075745,0.0837167426943779
YLR166C,YDR142C,0,0.90683544,0.10085836797952652,0.09381237626075745,0.0838167667388916
YDL232W,YLR362W,0,0.90646905,0.10075026750564575,0.09381237626075745,0.08391678333282471
YBR004C,YIL044C,0,0.9064127,0.10064239799976349,0.09381237626075745,0.08401679992675781
YGL207W,YOL077W-A,0,0.90573376,0.10053475946187973,0.09381237626075745,0.08411682397127151
YBL102W,YMR113W,0,0.9039366,0.10042735189199448,0.09381237626075745,0.08421684056520462
YPR183W,YGR038W,0,0.9029742,0.10032016783952713,0.09381237626075745,0.08431686460971832
YDL212W,YGR027W-A,0,0.9026736,0.10021322220563889,0.09381237626075745,0.08441688120365143
YCR027C,YAL047C,0,0.90227175,0.10010649263858795,0.09381237626075745,0.08451690524816513
YHR161C,YIL048W,1,0.9010289,0.10106383264064789,0.0948103815317154,0.08451690524816513
YML066C,YDR180W,0,0.90056884,0.10095643252134323,0.0948103815317154,0.08461692184209824
YHR063C,YBR014C,0,0.89962035,0.10084925591945648,0.0948103815317154,0.08471694588661194
YLR051C,YKL160W,0,0.8992145,0.10074231028556824,0.0948103815317154,0.08481696248054504
YPR029C,YIL049W,0,0.89863443,0.1006355956196785,0.0948103815317154,0.08491698652505875
YGR028W,YPL072W,0,0.8984695,0.10052909702062607,0.0948103815317154,0.08501700311899185
YNL082W,YOL049W,0,0.8972844,0.10042282938957214,0.0948103815317154,0.08511701971292496
YPL236C,YNL148C,0,0.89700776,0.10031679272651672,0.0948103815317154,0.08521704375743866
YBR088C,YPL230W,0,0.89689326,0.10021097213029861,0.0948103815317154,0.08531706035137177
YDR237W,YGL133W,0,0.8965525,0.10010537505149841,0.0948103815317154,0.08541708439588547
YGR038C-A,YPL060C-A,0,0.891961,0.10000000149011612,0.0948103815317154,0.08551710098981857
YBR228W,YGL032C,0,0.8914842,0.09989484399557114,0.0948103815317154,0.08561712503433228
YJL091C,YOR073W,0,0.8906831,0.09978991746902466,0.0948103815317154,0.08571714162826538
YOR100C,YPL230W,0,0.88992786,0.09968520700931549,0.0948103815317154,0.08581716567277908
YDR237W,YKL084W,0,0.8894613,0.09958071261644363,0.0948103815317154,0.08591718226671219
YPL057C,YGL153W,0,0.8893161,0.09947644174098969,0.0948103815317154,0.08601720631122589
YER026C,YMR167W,0,0.887939,0.09937238693237305,0.0948103815317154,0.086117222905159
YLR307W,YOR033C,0,0.8870789,0.09926854819059372,0.0948103815317154,0.0862172469496727
YMR189W,YNL053W,0,0.8869778,0.0991649255156517,0.0948103815317154,0.0863172635436058
YBL102W,YJL177W,0,0.88489044,0.099061518907547,0.0948103815317154,0.08641728013753891
YGL150C,YOR375C,0,0.88466334,0.0989583358168602,0.0948103815317154,0.08651730418205261
YDR069C,YNL297C,1,0.8834215,0.09989593923091888,0.09580838680267334,0.08651730418205261
YGR108W,YDL020C,0,0.88196945,0.09979210048913956,0.09580838680267334,0.08661732077598572
YLR272C,YGR206W,0,0.8807241,0.09968847036361694,0.09580838680267334,0.08671734482049942
YMR092C,YDR540C,0,0.879843,0.09958506375551224,0.09580838680267334,0.08681736141443253
YDR104C,YGL054C,0,0.87968934,0.09948186576366425,0.09580838680267334,0.08691738545894623
YMR109W,YCR053W,1,0.87766826,0.10041407495737076,0.09680638462305069,0.08691738545894623
YGL124C,YER166W,0,0.87758493,0.10031023621559143,0.09680638462305069,0.08701740205287933
YFL053W,YJR019C,0,0.87724805,0.10020661354064941,0.09680638462305069,0.08711742609739304
YJR095W,YMR058W,0,0.8769175,0.10010319948196411,0.09680638462305069,0.08721744269132614
YBL102W,YGL166W,0,0.87670547,0.10000000149011612,0.09680638462305069,0.08731746673583984
YDR409W,YGL179C,0,0.87607956,0.09989701211452484,0.09680638462305069,0.08741748332977295
YCR033W,YDR210W-A,0,0.8750287,0.09979423880577087,0.09680638462305069,0.08751749992370605
YLL052C,YER004W,0,0.87453663,0.09969167411327362,0.09680638462305069,0.08761752396821976
YJR090C,YJR159W,0,0.8727801,0.09958932548761368,0.09680638462305069,0.08771754056215286
YDR142C,YOR188W,0,0.871124,0.09948717802762985,0.09680638462305069,0.08781756460666656
YPL236C,YBR084C-A,0,0.87054163,0.09938524663448334,0.09680638462305069,0.08791758120059967
YER146W,YNL134C,0,0.8694509,0.09928352385759354,0.09680638462305069,0.08801760524511337
YKR013W,YOL041C,0,0.86927956,0.09918200224637985,0.09680638462305069,0.08811762183904648
YNR073C,YGR023W,0,0.86915946,0.09908069670200348,0.09680638462305069,0.08821764588356018
YER035W,YPL069C,0,0.8690535,0.09897959232330322,0.09680638462305069,0.08831766247749329
YBR203W,YGR068C,0,0.8684614,0.09887869656085968,0.09680638462305069,0.08841768652200699
YCL011C,YDL201W,0,0.8678679,0.09877800196409225,0.09680638462305069,0.0885177031159401
YHL033C,YBR221C,0,0.86759496,0.09867751598358154,0.09680638462305069,0.0886177271604538
YGL023C,YCL020W,0,0.8672912,0.09857723861932755,0.09680638462305069,0.0887177437543869
YGR152C,YDL222C,0,0.8671068,0.09847715497016907,0.09680638462305069,0.08881776034832001
YCR066W,YCL010C,0,0.86604047,0.0983772799372673,0.09680638462305069,0.08891778439283371
YLR116W,YPL192C,0,0.86445004,0.09827760607004166,0.09680638462305069,0.08901780098676682
YER166W,YLR371W,1,0.8633454,0.09919027984142303,0.09780438989400864,0.08901780098676682
YER004W,YFL002C,0,0.86306363,0.09908998757600784,0.09780438989400864,0.08911782503128052
YOR210W,YOR058C,0,0.8624151,0.09898989647626877,0.09780438989400864,0.08921784162521362
YKR098C,YPR075C,0,0.862387,0.09889000654220581,0.09780438989400864,0.08931786566972733
YIL066C,YBR106W,0,0.8619914,0.09879032522439957,0.09780438989400864,0.08941788226366043
YIL095W,YLR337W,1,0.86168754,0.09969788789749146,0.09880239516496658,0.08941788226366043
YIL041W,YLL015W,0,0.8615936,0.09959758818149567,0.09880239516496658,0.08951790630817413
YIL044C,YLR355C,0,0.86156714,0.099497489631176,0.09880239516496658,0.08961792290210724
YJR067C,YBR167C,0,0.86108947,0.09939759224653244,0.09880239516496658,0.08971794694662094
YKR092C,YGR041W,0,0.8587115,0.099297896027565,0.09880239516496658,0.08981796354055405
YLR034C,YBR139W,0,0.8573347,0.09919839352369308,0.09880239516496658,0.08991798013448715
YER069W,YMR277W,0,0.855425,0.09909909963607788,0.09880239516496658,0.09001800417900085
YDL161W,YOR109W,1,0.85532594,0.10000000149011612,0.09980040043592453,0.09001800417900085
YML066C,YBL071W-A,0,0.8547558,0.09990009665489197,0.09980040043592453,0.09011802077293396
YPL246C,YER004W,0,0.8533243,0.09980040043592453,0.09980040043592453,0.09021804481744766
YPL227C,YJR159W,0,0.8529913,0.09970089793205261,0.09980040043592453,0.09031806141138077
YMR052W,YGL133W,0,0.85288703,0.09960159659385681,0.09980040043592453,0.09041808545589447
YLR095C,YPL057C,0,0.8521364,0.09950248897075653,0.09980040043592453,0.09051810204982758
YJR067C,YKL148C,0,0.85153234,0.09940357506275177,0.09980040043592453,0.09061812609434128
YDL004W,YDR314C,0,0.85136795,0.09930486232042313,0.09980040043592453,0.09071814268827438
YGL234W,YMR251W-A,0,0.8509612,0.0992063507437706,0.09980040043592453,0.09081816673278809
YEL027W,YPL004C,1,0.85033303,0.1000991091132164,0.10079840570688248,0.09081816673278809
YER118C,YGL207W,0,0.84890175,0.10000000149011612,0.10079840570688248,0.09091818332672119
YDR214W,YDR293C,0,0.84784293,0.09990108758211136,0.10079840570688248,0.0910181999206543
YBL036C,YIR022W,0,0.8476075,0.09980237483978271,0.10079840570688248,0.091118223965168
YNR032W,YPL128C,0,0.84735394,0.099703848361969,0.10079840570688248,0.0912182405591011
YEL026W,YER001W,0,0.84677184,0.09960552304983139,0.10079840570688248,0.09131826460361481
YIL162W,YDL159W,0,0.84599173,0.0995073914527893,0.10079840570688248,0.09141828119754791
YBL016W,YOR360C,0,0.8445265,0.09940944612026215,0.10079840570688248,0.09151830524206161
YBR207W,YDL161W,1,0.8421036,0.10029498487710953,0.10179640352725983,0.09151830524206161
YEL003W,YIL017C,0,0.84198916,0.1001964658498764,0.10179640352725983,0.09161832183599472
YHR084W,YKL157W,0,0.84015363,0.1000981330871582,0.10179640352725983,0.09171834588050842
YBL004W,YDL165W,0,0.839818,0.10000000149011612,0.10179640352725983,0.09181836247444153
YPR158W-A,YDR316W,0,0.8376223,0.09990205615758896,0.10179640352725983,0.09191838651895523
YGR257C,YOR339C,0,0.8361026,0.09980430454015732,0.10179640352725983,0.09201840311288834
YGR028W,YDR484W,0,0.8355304,0.0997067466378212,0.10179640352725983,0.09211842715740204
YJL051W,YGR256W,0,0.8350344,0.099609375,0.10179640352725983,0.09221844375133514
YNL072W,YIL063C,0,0.8343288,0.09951219707727432,0.10179640352725983,0.09231846034526825
YKL222C,YJL076W,0,0.833613,0.09941520541906357,0.10179640352725983,0.09241848438978195
YOL041C,YLR424W,0,0.83309376,0.09931840002536774,0.10179640352725983,0.09251850098371506
YHR039C,YOR094W,0,0.8329597,0.09922178834676743,0.10179640352725983,0.09261852502822876
YPL072W,YNL148C,0,0.83229977,0.09912536293268204,0.10179640352725983,0.09271854162216187
YGL130W,YPL024W,0,0.83092284,0.09902912378311157,0.10179640352725983,0.09281856566667557
YIR013C,YML046W,0,0.8308286,0.09893307834863663,0.10179640352725983,0.09291858226060867
YEL011W,YJL092W,0,0.8295875,0.09883721172809601,0.10179640352725983,0.09301860630512238
YOR210W,YOR367W,0,0.82906514,0.09874153137207031,0.10179640352725983,0.09311862289905548
YDL025C,YBR167C,0,0.828444,0.09864603728055954,0.10179640352725983,0.09321864694356918
YGR087C,YLR136C,0,0.82827735,0.0985507220029831,0.10179640352725983,0.09331866353750229
YAL061W,YDL236W,0,0.8261738,0.09845560044050217,0.10179640352725983,0.0934186801314354
YLR240W,YJL099W,0,0.82555723,0.09836065769195557,0.10179640352725983,0.0935187041759491
YKL071W,YMR162C,0,0.824985,0.09826589375734329,0.10179640352725983,0.0936187207698822
YOL017W,YML014W,0,0.8243588,0.09817131608724594,0.10179640352725983,0.0937187448143959
YPR151C,YGL029W,0,0.82429016,0.09807692468166351,0.10179640352725983,0.09381876140832901
YDL025C,YDR079C-A,0,0.82409686,0.09798271209001541,0.10179640352725983,0.09391878545284271
YIL066C,YOR210W,0,0.8215888,0.09788867831230164,0.10179640352725983,0.09401880204677582
YNL257C,YLR119W,0,0.82132673,0.09779482334852219,0.10179640352725983,0.09411882609128952
YJL177W,YJR159W,0,0.82126755,0.09770114719867706,0.10179640352725983,0.09421884268522263
YCR024C-A,YBL097W,0,0.8212005,0.09760765731334686,0.10179640352725983,0.09431886672973633
YCR034W,YIL010W,0,0.81697065,0.09751433879137039,0.10179640352725983,0.09441888332366943
YNL154C,YLL015W,0,0.81684613,0.09742120653390884,0.10179640352725983,0.09451890736818314
YNL020C,YHR001W,1,0.8160304,0.09828244149684906,0.10279440879821777,0.09451890736818314
YLR308W,YIL114C,0,0.8157941,0.09818875044584274,0.10279440879821777,0.09461892396211624
YDR142C,YNL254C,0,0.8144018,0.09809523820877075,0.10279440879821777,0.09471894055604935
YDR221W,YIL017C,0,0.8139645,0.09800190478563309,0.10279440879821777,0.09481896460056305
YJL145W,YBL004W,0,0.81382936,0.09790874272584915,0.10279440879821777,0.09491898119449615
YLR095C,YPR065W,0,0.8134548,0.09781576693058014,0.10279440879821777,0.09501900523900986
YJL207C,YBR244W,0,0.8126545,0.09772296249866486,0.10279440879821777,0.09511902183294296
YIR022W,YMR044W,0,0.8126319,0.0976303294301033,0.10279440879821777,0.09521904587745667
YOL041C,YHL009W-A,0,0.81257,0.09753787517547607,0.10279440879821777,0.09531906247138977
YKL125W,YOL077W-A,0,0.81256354,0.09744559973478317,0.10279440879821777,0.09541908651590347
YIL049W,YLR405W,0,0.8117644,0.097353495657444,0.10279440879821777,0.09551910310983658
YBL099W,YLR405W,0,0.81013405,0.09726157039403915,0.10279440879821777,0.09561912715435028
YPL032C,YPL108W,0,0.8101039,0.09716980904340744,0.10279440879821777,0.09571914374828339
YBL036C,YKL216W,0,0.8094883,0.09707822650671005,0.10279440879821777,0.09581916034221649
YJR113C,YDR354W,0,0.80936676,0.0969868153333664,0.10279440879821777,0.0959191843867302
YPL023C,YNR051C,0,0.80889595,0.09689557552337646,0.10279440879821777,0.0960192009806633
YOR056C,YHR188C,0,0.80862087,0.09680451452732086,0.10279440879821777,0.096119225025177
YDR264C,YHR135C,1,0.80793285,0.09765258431434631,0.10379241406917572,0.096119225025177
YPR165W,YCR094W,1,0.8074566,0.09849905967712402,0.10479041934013367,0.096119225025177
YCR027C,YDL150W,0,0.8066014,0.09840674698352814,0.10479041934013367,0.09621924161911011
YDL132W,YGR195W,0,0.8062711,0.09831460565328598,0.10479041934013367,0.09631926566362381
YLR222C,YOR375C,0,0.80561507,0.09822263568639755,0.10479041934013367,0.09641928225755692
YKL049C,YFL055W,0,0.805521,0.09813084453344345,0.10479041934013367,0.09651930630207062
YNL227C,YAL030W,1,0.8046613,0.09897292405366898,0.10578842461109161,0.09651930630207062
YBL084C,YNL124W,0,0.80396736,0.0988805964589119,0.10578842461109161,0.09661932289600372
YGL023C,YNL316C,0,0.802768,0.09878844022750854,0.10578842461109161,0.09671934694051743
YHR001W,YIL095W,1,0.8012794,0.09962756186723709,0.10678642988204956,0.09671934694051743
YFL055W,YJR129C,0,0.80097735,0.09953488409519196,0.10678642988204956,0.09681936353445053
YHR216W,YJL099W,0,0.80033326,0.09944237768650055,0.10678642988204956,0.09691938757896423
YOR234C,YGR207C,0,0.8001708,0.09935005009174347,0.10678642988204956,0.09701940417289734
YPL084W,YBR106W,0,0.800131,0.09925788640975952,0.10678642988204956,0.09711942076683044
YLR206W,YPL032C,1,0.7950337,0.10009267926216125,0.10778442770242691,0.09711942076683044
YOR327C,YOR329C,1,0.7949724,0.10092592239379883,0.10878243297338486,0.09711942076683044
YPR009W,YER073W,0,0.7921176,0.10083255916833878,0.10878243297338486,0.09721944481134415
YMR047C,YKL221W,0,0.79137874,0.10073937475681305,0.10878243297338486,0.09731946140527725
YOL115W,YBR104W,0,0.79137135,0.10064635425806046,0.10878243297338486,0.09741948544979095
YBL036C,YIL099W,0,0.7904912,0.10055350512266159,0.10878243297338486,0.09751950204372406
YMR283C,YBR244W,0,0.7903665,0.10046082735061646,0.10878243297338486,0.09761952608823776
YOL115W,YLR089C,0,0.78766704,0.10036832094192505,0.10878243297338486,0.09771954268217087
YGR157W,YBL008W-A,0,0.78635347,0.10027598589658737,0.10878243297338486,0.09781956672668457
YNL090W,YPL124W,0,0.7849134,0.10018382221460342,0.10878243297338486,0.09791958332061768
YLR144C,YDR099W,0,0.78443277,0.1000918298959732,0.10878243297338486,0.09801960736513138
YKR092C,YCR033W,0,0.7829435,0.10000000149011612,0.10878243297338486,0.09811962395906448
YOR344C,YLR449W,0,0.7827857,0.09990834444761276,0.10878243297338486,0.09821964055299759
YJR064W,YLL032C,0,0.7807894,0.09981685131788254,0.10878243297338486,0.09831966459751129
YIL049W,YCL038C,0,0.7772554,0.09972552955150604,0.10878243297338486,0.0984196811914444
YIL063C,YMR047C,0,0.7761411,0.09963437169790268,0.10878243297338486,0.0985197052359581
YDR490C,YNL297C,1,0.7746573,0.1004566177725792,0.1097804382443428,0.0985197052359581
YML064C,YKL112W,0,0.7745048,0.10036496073007584,0.1097804382443428,0.0986197218298912
YOL115W,YKL193C,0,0.7736079,0.10027347505092621,0.1097804382443428,0.09871974587440491
YJL204C,YJR088C,0,0.77328837,0.10018214583396912,0.1097804382443428,0.09881976246833801
YBR139W,YOR083W,0,0.771793,0.10009099543094635,0.1097804382443428,0.09891978651285172
YER065C,YHR083W,0,0.7715883,0.10000000149011612,0.1097804382443428,0.09901980310678482
YNL152W,YEL003W,0,0.77051425,0.09990917146205902,0.1097804382443428,0.09911982715129852
YER065C,YCL030C,0,0.7689561,0.09981851279735565,0.1097804382443428,0.09921984374523163
YGR183C,YNL299W,0,0.76757395,0.09972801804542542,0.1097804382443428,0.09931986033916473
YJL010C,YER042W,0,0.7675605,0.09963767975568771,0.1097804382443428,0.09941988438367844
YDR027C,YMR291W,0,0.7664784,0.09954751282930374,0.1097804382443428,0.09951990097761154
YIL085C,YGL077C,0,0.76610726,0.0994575023651123,0.1097804382443428,0.09961992502212524
YDR099W,YLR117C,0,0.76593924,0.0993676632642746,0.1097804382443428,0.09971994161605835
YMR161W,YOL049W,0,0.76590574,0.09927798062562943,0.1097804382443428,0.09981996566057205
YDL212W,YNL275W,0,0.7653533,0.09918845444917679,0.1097804382443428,0.09991998225450516
YAR044W,YOR237W,1,0.76182926,0.10000000149011612,0.11077844351530075,0.09991998225450516
YCL026C-A,YPL270W,0,0.75980735,0.09990999102592468,0.11077844351530075,0.10002000629901886
YJL151C,YJL099W,0,0.75899893,0.09982014447450638,0.11077844351530075,0.10012002289295197
YOR371C,YCL026C-A,0,0.75866777,0.0997304618358612,0.11077844351530075,0.10022004693746567
YDR432W,YEL047C,0,0.7582953,0.09964093565940857,0.11077844351530075,0.10032006353139877
YMR119W,YGL038C,0,0.7576369,0.09955156594514847,0.11077844351530075,0.10042008757591248
YLR135W,YGL077C,0,0.7574316,0.0994623675942421,0.11077844351530075,0.10052010416984558
YPR183W,YPL084W,0,0.7564186,0.09937331825494766,0.11077844351530075,0.10062012076377869
YNL257C,YGL054C,0,0.7562391,0.09928443282842636,0.11077844351530075,0.10072014480829239
YCL062W,YHR050W,0,0.75371975,0.09919571131467819,0.11077844351530075,0.1008201614022255
YLR423C,YPR025C,0,0.75358045,0.09910714626312256,0.11077844351530075,0.1009201854467392
YDL020C,YGR206W,0,0.75332904,0.09901873022317886,0.11077844351530075,0.1010202020406723
YJR007W,YGR280C,0,0.7532468,0.0989304780960083,0.11077844351530075,0.101120226085186
YDL049C,YOR214C,0,0.7531531,0.09884238988161087,0.11077844351530075,0.10122024267911911
YHR065C,YKL221W,0,0.75294876,0.09875445067882538,0.11077844351530075,0.10132026672363281
YDR202C,YDR147W,0,0.7522592,0.09866666793823242,0.11077844351530075,0.10142028331756592
YHR203C,YDR489W,0,0.75150603,0.098579041659832,0.11077844351530075,0.10152030736207962
YML052W,YOR008C,1,0.75071806,0.09937888383865356,0.1117764487862587,0.10152030736207962
YER016W,YDL161W,0,0.74951005,0.09929078072309494,0.1117764487862587,0.10162032395601273
YCR083W,YGL150C,0,0.74945045,0.09920283406972885,0.1117764487862587,0.10172034054994583
YGR028W,YDR208W,0,0.74888396,0.0991150438785553,0.1117764487862587,0.10182036459445953
YHR123W,YIL129C,0,0.74812216,0.09902741014957428,0.1117764487862587,0.10192038118839264
YER026C,YOR360C,0,0.7464285,0.0989399328827858,0.1117764487862587,0.10202040523290634
YHL018W,YDR001C,0,0.7459234,0.09885260462760925,0.1117764487862587,0.10212042182683945
YLR336C,YHR084W,0,0.74515426,0.09876543283462524,0.1117764487862587,0.10222044587135315
YER065C,YPL230W,0,0.74494547,0.09867841750383377,0.1117764487862587,0.10232046246528625
YDL232W,YIL050W,0,0.7447388,0.09859155118465424,0.1117764487862587,0.10242048650979996
YGR090W,YLR423C,0,0.74463344,0.09850483387708664,0.1117764487862587,0.10252050310373306
YGR038C-A,YOR284W,0,0.7431109,0.09841828048229218,0.1117764487862587,0.10262052714824677
YBR302C,YER001W,0,0.7419002,0.09833186864852905,0.1117764487862587,0.10272054374217987
YKL101W,YGR038W,0,0.74084204,0.09824561327695847,0.1117764487862587,0.10282056778669357
YLR372W,YLL015W,0,0.74068123,0.09815950691699982,0.1117764487862587,0.10292058438062668
YER035W,YGR172C,0,0.7404001,0.0980735570192337,0.1117764487862587,0.10302060097455978
YMR278W,YBL101C,0,0.7403521,0.09798774868249893,0.1117764487862587,0.10312062501907349
YAR003W,YJR088C,0,0.7393023,0.0979020968079567,0.1117764487862587,0.10322064161300659
YML114C,YJR056C,0,0.73904383,0.0978165939450264,0.1117764487862587,0.1033206656575203
YNL021W,YPR065W,0,0.73878986,0.09773124009370804,0.1117764487862587,0.1034206822514534
YJL074C,YML026C,0,0.7365297,0.09764603525400162,0.1117764487862587,0.1035207062959671
YDR182W,YGR038C-B,0,0.735699,0.09756097197532654,0.1117764487862587,0.10362072288990021
YBL008W-A,YKL008C,0,0.7341869,0.097476065158844,0.1117764487862587,0.10372074693441391
YEL042W,YGR098C,0,0.7339051,0.09739130735397339,0.1117764487862587,0.10382076352834702
YKR099C-A,YOR171C,0,0.7331941,0.09730669111013412,0.1117764487862587,0.10392078757286072
YJL210W,YKL084W,0,0.73314106,0.0972222238779068,0.1117764487862587,0.10402080416679382
YAL061W,YNL197C,0,0.73237467,0.09713789820671082,0.1117764487862587,0.10412082076072693
YDR490C,YGR086C,1,0.731594,0.09792027622461319,0.11277445405721664,0.10412082076072693
YNL224C,YDL092W,0,0.7305534,0.0978354960680008,0.11277445405721664,0.10422084480524063
YKL152C,YPR065W,0,0.73032963,0.09775086492300034,0.11277445405721664,0.10432086139917374
YPL255W,YKR024C,0,0.72999644,0.09766637533903122,0.11277445405721664,0.10442088544368744
YGR033C,YOR371C,0,0.7286786,0.09758203476667404,0.11277445405721664,0.10452090203762054
YPR020W,YOL077W-A,0,0.7279581,0.0974978432059288,0.11277445405721664,0.10462092608213425
YBR216C,YBL099W,0,0.72740036,0.0974137932062149,0.11277445405721664,0.10472094267606735
YDR084C,YHR019C,0,0.7269615,0.09732988476753235,0.11277445405721664,0.10482096672058105
YAL047C,YJL020C,0,0.72694933,0.09724612534046173,0.11277445405721664,0.10492098331451416
YKL049C,YKL137W,0,0.72631174,0.09716250747442245,0.11277445405721664,0.10502100735902786
YHL007C,YPL072W,0,0.72578764,0.09707903861999512,0.11277445405721664,0.10512102395296097
YNR023W,YGR013W,0,0.724859,0.09699571132659912,0.11277445405721664,0.10522104054689407
YCR023C,YBR104W,0,0.72419834,0.09691251814365387,0.11277445405721664,0.10532106459140778
YDR162C,YGL077C,0,0.72389877,0.09682947397232056,0.11277445405721664,0.10542108118534088
YNL139C,YML093W,0,0.72260606,0.09674657881259918,0.11277445405721664,0.10552110522985458
YBR084C-A,YPL023C,0,0.72131956,0.09666381776332855,0.11277445405721664,0.10562112182378769
YDL019C,YNL093W,1,0.7210548,0.09743589907884598,0.113772451877594,0.10562112182378769
YFL031W,YPR009W,0,0.7205342,0.09735269099473953,0.113772451877594,0.10572114586830139
YOR344C,YGR041W,0,0.72048545,0.09726962447166443,0.113772451877594,0.1058211624622345
YBR103W,YIL158W,0,0.720103,0.09718669950962067,0.113772451877594,0.1059211865067482
YBR302C,YMR162C,0,0.71961653,0.09710391610860825,0.113772451877594,0.1060212031006813
YBL006C,YKL211C,0,0.7196155,0.09702127426862717,0.113772451877594,0.10612122714519501
YOR153W,YPR056W,0,0.719166,0.09693877398967743,0.113772451877594,0.10622124373912811
YGR157W,YBR217W,0,0.7173921,0.09685641527175903,0.113772451877594,0.10632126778364182
YOR190W,YJL154C,0,0.7160311,0.09677419066429138,0.113772451877594,0.10642128437757492
YNL099C,YGR067C,0,0.71567595,0.09669211506843567,0.113772451877594,0.10652130097150803
YGR227W,YKR001C,0,0.71457654,0.0966101661324501,0.113772451877594,0.10662132501602173
YNL124W,YMR277W,0,0.71444106,0.09652836620807648,0.113772451877594,0.10672134160995483
YML019W,YDR354W,0,0.7142049,0.0964467003941536,0.113772451877594,0.10682136565446854
YGL100W,YOL130W,0,0.7141963,0.09636517614126205,0.113772451877594,0.10692138224840164
YPL053C,YDR198C,0,0.71352327,0.09628378599882126,0.113772451877594,0.10702140629291534
YDR388W,YDL161W,1,0.71327126,0.09704641252756119,0.11477045714855194,0.10702140629291534
YDL052C,YML062C,0,0.7129253,0.09696459025144577,0.11477045714855194,0.10712142288684845
YPL084W,YFR044C,0,0.71283376,0.0968828946352005,0.11477045714855194,0.10722144693136215
YML066C,YLR410W,0,0.71206254,0.09680134803056717,0.11477045714855194,0.10732146352529526
YPR165W,YCL027C-A,0,0.71190894,0.09671993553638458,0.11477045714855194,0.10742148756980896
YPL047W,YLR119W,0,0.7108541,0.09663865715265274,0.11477045714855194,0.10752150416374207
YFR046C,YGL133W,0,0.71055156,0.09655751287937164,0.11477045714855194,0.10762152075767517
YKL176C,YJL111W,0,0.7102248,0.09647651016712189,0.11477045714855194,0.10772154480218887
YNL264C,YDR163W,0,0.70857584,0.09639564156532288,0.11477045714855194,0.10782156139612198
YMR044W,YNL093W,0,0.7084578,0.09631490707397461,0.11477045714855194,0.10792158544063568
YML114C,YNL222W,0,0.70841724,0.09623430669307709,0.11477045714855194,0.10802160203456879
YIL049W,YPL255W,0,0.7081643,0.09615384787321091,0.11477045714855194,0.10812162607908249
YDR104C,YPL053C,0,0.70736253,0.09607351571321487,0.11477045714855194,0.1082216426730156
YNL021W,YML022W,0,0.70732033,0.09599332511425018,0.11477045714855194,0.1083216667175293
YLR298C,YPL162C,0,0.70553374,0.09591326117515564,0.11477045714855194,0.1084216833114624
YLR226W,YGR256W,0,0.7046529,0.09583333134651184,0.11477045714855194,0.1085217073559761
YNL305C,YOL044W,0,0.70234776,0.09575353562831879,0.11477045714855194,0.10862172394990921
YBL006C,YDL159W,0,0.701879,0.09567387402057648,0.11477045714855194,0.10872174799442291
YMR052W,YOR245C,0,0.7004772,0.09559434652328491,0.11477045714855194,0.10882176458835602
YDR156W,YOR022C,0,0.69981945,0.09551495313644409,0.11477045714855194,0.10892178118228912
YDL126C,YLL015W,0,0.6997567,0.09543568640947342,0.11477045714855194,0.10902180522680283
YGL181W,YOR181W,1,0.6989255,0.09618573635816574,0.11576846241950989,0.10902180522680283
YER073W,YGL077C,0,0.69814295,0.09610604494810104,0.11576846241950989,0.10912182182073593
YDL193W,YJL122W,0,0.6979939,0.09602648764848709,0.11576846241950989,0.10922184586524963
YBR293W,YOR035C,0,0.69766504,0.09594706445932388,0.11576846241950989,0.10932186245918274
YHR079C-A,YJL100W,0,0.69687897,0.09586776793003082,0.11576846241950989,0.10942188650369644
YHL033C,YOL075C,0,0.69675845,0.09578860551118851,0.11576846241950989,0.10952190309762955
YML066C,YJL051W,0,0.69639075,0.09570956975221634,0.11576846241950989,0.10962192714214325
YNL064C,YHL009W-A,0,0.69623566,0.09563066810369492,0.11576846241950989,0.10972194373607635
YHR187W,YGR038C-A,0,0.6961198,0.09555189311504364,0.11576846241950989,0.10982196778059006
YMR288W,YBR253W,0,0.6958797,0.09547325223684311,0.11576846241950989,0.10992198437452316
YDR348C,YDL161W,0,0.69466585,0.09539473801851273,0.11576846241950989,0.11002200096845627
YDR027C,YBR167C,0,0.69385946,0.09531635046005249,0.11576846241950989,0.11012202501296997
YOL128C,YKL211C,0,0.6935325,0.095238097012043,0.11576846241950989,0.11022204160690308
YGR059W,YHR018C,0,0.6930249,0.09515997022390366,0.11576846241950989,0.11032206565141678
YNL035C,YDL147W,0,0.69285727,0.09508197009563446,0.11576846241950989,0.11042208224534988
YGL038C,YLL015W,0,0.6895392,0.09500409662723541,0.11576846241950989,0.11052210628986359
YOR293W,YOR197W,0,0.6872049,0.09492634981870651,0.11576846241950989,0.11062212288379669
YGR041W,YLL023C,0,0.6871878,0.09484872967004776,0.11576846241950989,0.1107221469283104
YOR118W,YLR095C,0,0.6860422,0.09477124363183975,0.11576846241950989,0.1108221635222435
YIR028W,YAL055W,0,0.68360084,0.0946938768029213,0.11576846241950989,0.1109221875667572
YKR086W,YLR136C,0,0.6828609,0.09461663663387299,0.11576846241950989,0.11102220416069031
YCL011C,YBL002W,0,0.68270594,0.09453953057527542,0.11576846241950989,0.11112222075462341
YLR135W,YMR271C,0,0.6820545,0.09446254372596741,0.11576846241950989,0.11122224479913712
YCL030C,YKL092C,0,0.68159086,0.09438567608594894,0.11576846241950989,0.11132226139307022
YDL181W,YOR144C,0,0.6815071,0.09430894255638123,0.11576846241950989,0.11142228543758392
YHR062C,YPL046C,0,0.6813333,0.09423232823610306,0.11576846241950989,0.11152230203151703
YBR210W,YNL053W,0,0.68101895,0.09415584057569504,0.11576846241950989,0.11162232607603073
YIR022W,YGL210W-A,0,0.67990345,0.09407947957515717,0.11576846241950989,0.11172234266996384
YDL052C,YFL050C,0,0.67895705,0.09400323778390884,0.11576846241950989,0.11182236671447754
YOR234C,YOR202W,0,0.67872393,0.09392712265253067,0.11576846241950989,0.11192238330841064
YOR149C,YDR079C-A,0,0.6781117,0.09385113418102264,0.11576846241950989,0.11202240735292435
YER125W,YLR337W,1,0.67805666,0.0945836678147316,0.11676646769046783,0.11202240735292435
YPL020C,YHL018W,0,0.67765605,0.09450726956129074,0.11676646769046783,0.11212242394685745
YPL236C,YML019W,0,0.6762884,0.09443099051713943,0.11676646769046783,0.11222244799137115
YDR221W,YNL021W,0,0.6748878,0.09435483813285828,0.11676646769046783,0.11232246458530426
YDL025C,YPL241C,0,0.67273295,0.09427880495786667,0.11676646769046783,0.11242248117923737
YKR013W,YOR328W,0,0.67222244,0.09420289844274521,0.11676646769046783,0.11252250522375107
YDL049C,YLR368W,0,0.67098844,0.0941271111369133,0.11676646769046783,0.11262252181768417
YKL046C,YPL088W,0,0.669184,0.09405145049095154,0.11676646769046783,0.11272254586219788
YCL026C-A,YML111W,0,0.6690705,0.09397590160369873,0.11676646769046783,0.11282256245613098
YGR033C,YGL130W,0,0.6672701,0.09390047937631607,0.11676646769046783,0.11292258650064468
YJR019C,YLR095C,0,0.66722196,0.09382518380880356,0.11676646769046783,0.11302260309457779
YOR361C,YPL228W,0,0.66715086,0.09375,0.11676646769046783,0.11312262713909149
YOL094C,YOR214C,0,0.66705775,0.09367494285106659,0.11676646769046783,0.1132226437330246
YCR027C,YDR331W,0,0.66693383,0.09359999746084213,0.11676646769046783,0.1133226677775383
YDL178W,YGL201C,0,0.66647685,0.09352517873048782,0.11676646769046783,0.1134226843714714
YMR119W,YLR148W,0,0.6655749,0.09345047920942307,0.11676646769046783,0.11352270096540451
YDR182W,YDR522C,0,0.665196,0.09337589889764786,0.11676646769046783,0.11362272500991821
YLR135W,YNR075W,0,0.66472423,0.0933014377951622,0.11676646769046783,0.11372274160385132
YGR038W,YHL018W,0,0.66354537,0.0932270884513855,0.11676646769046783,0.11382276564836502
YKR013W,YMR058W,0,0.66275907,0.09315286576747894,0.11676646769046783,0.11392278224229813
YHR073W,YPL145C,1,0.6619942,0.09387430548667908,0.11776447296142578,0.11392278224229813
YBL047C,YIR006C,1,0.66184306,0.09459459781646729,0.11876247823238373,0.11392278224229813
YLR262C,YGR215W,0,0.661567,0.09451945871114731,0.11876247823238373,0.11402280628681183
YOL044W,YLR308W,0,0.66085315,0.09444444626569748,0.11876247823238373,0.11412282288074493
YHR098C,YER026C,0,0.6607817,0.0943695455789566,0.11876247823238373,0.11422284692525864
YHR191C,YGR121C,0,0.6598445,0.09429477155208588,0.11876247823238373,0.11432286351919174
YCR028C,YNL297C,1,0.65954626,0.0950118750333786,0.11976047605276108,0.11432286351919174
YGL038C,YKL222C,0,0.6589752,0.09493670612573624,0.11976047605276108,0.11442288756370544
YJL113W,YDL239C,0,0.65890896,0.09486165642738342,0.11976047605276108,0.11452290415763855
YML072C,YGR098C,0,0.6587224,0.09478673338890076,0.11976047605276108,0.11462292820215225
YGR038C-B,YLR110C,0,0.65859914,0.09471191465854645,0.11976047605276108,0.11472294479608536
YOL115W,YCR083W,0,0.6581965,0.09463722258806229,0.11976047605276108,0.11482296139001846
YNL090W,YLR275W,0,0.65808135,0.09456264972686768,0.11976047605276108,0.11492298543453217
YHR191C,YER122C,0,0.6566271,0.09448818862438202,0.11976047605276108,0.11502300202846527
YIL103W,YOL049W,0,0.656301,0.09441384673118591,0.11976047605276108,0.11512302607297897
YCR017C,YPR033C,0,0.65569204,0.09433962404727936,0.11976047605276108,0.11522304266691208
YHL001W,YDR210W-A,0,0.65548694,0.09426551312208176,0.11976047605276108,0.11532306671142578
YGL206C,YLL038C,1,0.6545027,0.09497645497322083,0.12075848132371902,0.11532306671142578
YGL022W,YNL058C,0,0.65422636,0.09490196406841278,0.12075848132371902,0.11542308330535889
YLR423C,YJL154C,0,0.65421337,0.09482758492231369,0.12075848132371902,0.11552310734987259
YER141W,YJR088C,0,0.6542003,0.09475332498550415,0.12075848132371902,0.1156231239438057
YBR235W,YCR042C,0,0.65396035,0.09467918425798416,0.12075848132371902,0.1157231479883194
YDL153C,YJL210W,0,0.65275836,0.09460516273975372,0.12075848132371902,0.1158231645822525
YHR083W,YPL230W,0,0.65194833,0.09453125298023224,0.12075848132371902,0.11592318117618561
YGR132C,YML111W,0,0.65136534,0.09445745497941971,0.12075848132371902,0.11602320522069931
YKR092C,YLR421C,0,0.6505508,0.09438377618789673,0.12075848132371902,0.11612322181463242
YLR116W,YDR043C,0,0.6492082,0.0943102091550827,0.12075848132371902,0.11622324585914612
YBL102W,YLR410W,0,0.6480622,0.09423676133155823,0.12075848132371902,0.11632326245307922
YHR016C,YKL148C,0,0.6479292,0.0941634252667427,0.12075848132371902,0.11642328649759293
YLR398C,YPL069C,0,0.64729214,0.09409020096063614,0.12075848132371902,0.11652330309152603
YDL126C,YOL027C,0,0.6468172,0.09401709586381912,0.12075848132371902,0.11662332713603973
YCR066W,YBR068C,0,0.6463439,0.09394410252571106,0.12075848132371902,0.11672334372997284
YDR191W,YJL118W,0,0.6456214,0.09387122094631195,0.12075848132371902,0.11682336777448654
YOL021C,YDL239C,0,0.645193,0.0937984511256218,0.12075848132371902,0.11692338436841965
YPR020W,YAR003W,0,0.6451553,0.0937257930636406,0.12075848132371902,0.11702340096235275
YKL096W,YPR165W,0,0.6449454,0.09365325421094894,0.12075848132371902,0.11712342500686646
YNL009W,YML010W,0,0.64330065,0.09358081966638565,0.12075848132371902,0.11722344160079956
YML052W,YDL019C,1,0.6429992,0.09428130090236664,0.12175648659467697,0.11722344160079956
YNR012W,YNL087W,0,0.6419481,0.0942084938287735,0.12175648659467697,0.11732346564531326
YGL145W,YPL079W,0,0.6411122,0.09413580596446991,0.12175648659467697,0.11742348223924637
YHR121W,YNL099C,0,0.64095736,0.09406322240829468,0.12175648659467697,0.11752350628376007
YBL050W,YLR341W,0,0.6404952,0.093990758061409,0.12175648659467697,0.11762352287769318
YNR054C,YAL014C,0,0.6385511,0.09391839802265167,0.12175648659467697,0.11772354692220688
YNL035C,YBR221C,0,0.63832885,0.0938461571931839,0.12175648659467697,0.11782356351613998
YHL002W,YIR007W,0,0.6372694,0.09377402067184448,0.12175648659467697,0.11792358756065369
YGR028W,YML069W,0,0.63687664,0.09370199590921402,0.12175648659467697,0.11802360415458679
YPL190C,YDR266C,0,0.63632846,0.09363008290529251,0.12175648659467697,0.1181236281991005
YGR086C,YLR337W,1,0.6361365,0.09432515501976013,0.12275449186563492,0.1181236281991005
YML078W,YBR215W,0,0.636066,0.09425287693738937,0.12275449186563492,0.1182236447930336
YPL024W,YGL038C,0,0.6357373,0.09418070316314697,0.12275449186563492,0.1183236613869667
YBR302C,YOL113W,0,0.6345656,0.09410864859819412,0.12275449186563492,0.11842368543148041
YIL063C,YGL160W,0,0.6342865,0.09403669834136963,0.12275449186563492,0.11852370202541351
YDR184C,YBL067C,0,0.6335738,0.09396485984325409,0.12275449186563492,0.11862372606992722
YNL227C,YDL161W,1,0.6335383,0.09465648978948593,0.12375249713659286,0.11862372606992722
YBR110W,YLR119W,0,0.6326014,0.09458428621292114,0.12375249713659286,0.11872374266386032
YML033W,YDL161W,0,0.6321463,0.09451219439506531,0.12375249713659286,0.11882376670837402
YKL096W,YBR228W,0,0.6319958,0.09444021433591843,0.12375249713659286,0.11892378330230713
YGL184C,YGR038C-A,0,0.63171935,0.0943683385848999,0.12375249713659286,0.11902380734682083
YOR231W,YDR001C,0,0.63140064,0.09429657459259033,0.12375249713659286,0.11912382394075394
YDL188C,YDR484W,0,0.6312443,0.09422492235898972,0.12375249713659286,0.11922384798526764
YPR101W,YLR022C,0,0.6296983,0.09415338188409805,0.12375249713659286,0.11932386457920074
YNL021W,YDR143C,0,0.6293214,0.09408194571733475,0.12375249713659286,0.11942388117313385
YPL246C,YGL257C,0,0.6288611,0.0940106138586998,0.12375249713659286,0.11952390521764755
YJR159W,YDR354W,0,0.62820435,0.0939393937587738,0.12375249713659286,0.11962392181158066
YJR043C,YER166W,0,0.6272756,0.09386827796697617,0.12375249713659286,0.11972394585609436
YIL044C,YIL114C,0,0.6271993,0.09379727393388748,0.12375249713659286,0.11982396245002747
YLR070C,YNL058C,0,0.6267965,0.09372638165950775,0.12375249713659286,0.11992398649454117
YDR339C,YBR014C,0,0.62631404,0.09365558624267578,0.12375249713659286,0.12002400308847427
YPR029C,YPR181C,0,0.6260848,0.09358490258455276,0.12375249713659286,0.12012402713298798
YER042W,YPR065W,0,0.6256866,0.0935143306851387,0.12375249713659286,0.12022404372692108
YDR182W,YCL026C-A,0,0.6246193,0.0934438556432724,0.12375249713659286,0.12032406777143478
YNL053W,YGL150C,0,0.62429136,0.09337349236011505,0.12375249713659286,0.12042408436536789
YMR277W,YDL214C,0,0.62423867,0.09330323338508606,0.12375249713659286,0.12052410840988159
YLR144C,YKR065C,0,0.62390614,0.09323308616876602,0.12375249713659286,0.1206241250038147
YDR191W,YDR477W,0,0.6237469,0.09316303580999374,0.12375249713659286,0.1207241415977478
YOL137W,YNL113W,0,0.6235919,0.09309308975934982,0.12375249713659286,0.1208241656422615
YML072C,YKR065C,0,0.6235456,0.09302325546741486,0.12375249713659286,0.12092418223619461
YOR327C,YBR059C,1,0.6231263,0.09370315074920654,0.12475050240755081,0.12092418223619461
YCL026C-A,YKL120W,0,0.62264323,0.09363295882940292,0.12475050240755081,0.12102420628070831
YDR097C,YDL079C,0,0.62181646,0.09356287121772766,0.12475050240755081,0.12112422287464142
YOR094W,YGR209C,0,0.62086546,0.09349289536476135,0.12475050240755081,0.12122424691915512
YBR136W,YLR256W,0,0.62041867,0.0934230163693428,0.12475050240755081,0.12132426351308823
YGR059W,YJR159W,0,0.619612,0.09335324913263321,0.12475050240755081,0.12142428755760193
YHR043C,YMR251W-A,0,0.6184439,0.09328357875347137,0.12475050240755081,0.12152430415153503
YML066C,YAL055W,0,0.616414,0.0932140201330185,0.12475050240755081,0.12162432819604874
YOR256C,YBR179C,0,0.6160277,0.09314455837011337,0.12475050240755081,0.12172434478998184
YMR119W,YGR280C,0,0.6130277,0.0930752083659172,0.12475050240755081,0.12182436138391495
YPL016W,YKL220C,0,0.61254764,0.0930059552192688,0.12475050240755081,0.12192438542842865
YLR166C,YMR236W,0,0.61062706,0.09293680638074875,0.12475050240755081,0.12202440202236176
YHR098C,YGL207W,0,0.61041033,0.09286775439977646,0.12475050240755081,0.12212442606687546
YOR196C,YJR152W,0,0.6101951,0.09279881417751312,0.12475050240755081,0.12222444266080856
YBL042C,YLR034C,0,0.6093451,0.09272997081279755,0.12475050240755081,0.12232446670532227
YGR195W,YOR231W,0,0.6085602,0.09266123175621033,0.12475050240755081,0.12242448329925537
YGR152C,YGR261C,0,0.60765964,0.09259258955717087,0.12475050240755081,0.12252450734376907
YLR057W,YOL049W,0,0.607049,0.09252405911684036,0.12475050240755081,0.12262452393770218
YHR083W,YAL055W,0,0.606846,0.09245561808347702,0.12475050240755081,0.12272454798221588
YDL232W,YNL224C,0,0.60650384,0.09238728880882263,0.12475050240755081,0.12282456457614899
YLL038C,YNL243W,1,0.60628724,0.09305761009454727,0.12574850022792816,0.12282456457614899
YOR043W,YLL038C,1,0.60620475,0.09372694045305252,0.1267465054988861,0.12282456457614899
YGL001C,YFL055W,0,0.60617745,0.09365781396627426,0.1267465054988861,0.12292458862066269
YOR089C,YLR337W,1,0.60548294,0.0943257212638855,0.12774451076984406,0.12292458862066269
YBL102W,YIR022W,0,0.6042491,0.09425625950098038,0.12774451076984406,0.1230246052145958
YMR189W,YER042W,0,0.603428,0.09418690204620361,0.12774451076984406,0.1231246218085289
YJL145W,YLR362W,0,0.6024714,0.0941176488995552,0.12774451076984406,0.1232246458530426
YMR216C,YGR128C,0,0.6024488,0.09404849261045456,0.12774451076984406,0.12332466244697571
YIR022W,YDR162C,0,0.6007047,0.09397944062948227,0.12774451076984406,0.12342468649148941
YCR028C-A,YGL097W,0,0.59978926,0.09391049295663834,0.12774451076984406,0.12352470308542252
YAR044W,YHR073W,1,0.59967077,0.09457477927207947,0.128742516040802,0.12352470308542252
YDR266C,YLR399C,0,0.599297,0.09450549632310867,0.128742516040802,0.12362472712993622
YCR028C,YCL034W,1,0.59921587,0.09516837447881699,0.12974052131175995,0.12362472712993622
YOR149C,YBR265W,0,0.5984249,0.09509875625371933,0.12974052131175995,0.12372474372386932
YDR540C,YOR141C,0,0.5982122,0.09502924233675003,0.12974052131175995,0.12382476776838303
YBR019C,YMR291W,0,0.59733033,0.09495982527732849,0.12974052131175995,0.12392478436231613
YLR069C,YPR025C,0,0.59728277,0.09489051252603531,0.12974052131175995,0.12402480840682983
YCL062W,YGR240C,0,0.5971024,0.09482129663228989,0.12974052131175995,0.12412482500076294
YDR264C,YNR035C,1,0.5955193,0.09548105299472809,0.1307385265827179,0.12412482500076294
YDR408C,YEL009C,0,0.59545636,0.0954115092754364,0.1307385265827179,0.12422484159469604
YER006W,YOR010C,0,0.5951307,0.09534206986427307,0.1307385265827179,0.12432486563920975
YNL177C,YMR029C,0,0.5945991,0.0952727273106575,0.1307385265827179,0.12442488223314285
YJL091C,YMR305C,0,0.59458494,0.09520348906517029,0.1307385265827179,0.12452490627765656
YHR019C,YKR001C,0,0.5945561,0.09513434767723083,0.1307385265827179,0.12462492287158966
YHR114W,YOR043W,1,0.5935408,0.09579100459814072,0.13173653185367584,0.12462492287158966
YDR142C,YDL126C,0,0.59320647,0.095721535384655,0.13173653185367584,0.12472494691610336
YBL101C,YER125W,1,0.5929527,0.09637681394815445,0.1327345371246338,0.12472494691610336
YIL162W,YLR399C,0,0.59246606,0.09630702435970306,0.1327345371246338,0.12482496351003647
YDR349C,YLR081W,0,0.5921413,0.09623733907938004,0.1327345371246338,0.12492498755455017
YOL097C,YOL034W,0,0.5916457,0.09616775065660477,0.1327345371246338,0.12502500414848328
YOL094C,YGL207W,0,0.58982813,0.09609826654195786,0.1327345371246338,0.12512502074241638
YBR098W,YEL026W,0,0.5894866,0.0960288792848587,0.1327345371246338,0.12522505223751068
YBL008W-A,YCR079W,0,0.5890696,0.09595959633588791,0.1327345371246338,0.1253250688314438
YOR229W,YPL057C,0,0.58883834,0.09589041024446487,0.1327345371246338,0.1254250854253769
YCR068W,YNR039C,0,0.58871746,0.0958213284611702,0.1327345371246338,0.12552510201931
YIL015W,YHR043C,0,0.58843374,0.09575234353542328,0.1327345371246338,0.1256251186132431
YER157W,YBL097W,0,0.5882994,0.09568345546722412,0.1327345371246338,0.1257251501083374
YBL047C,YDL019C,1,0.5878506,0.0963335707783699,0.13373252749443054,0.1257251501083374
YNR056C,YPR165W,0,0.58765316,0.09626436978578568,0.13373252749443054,0.1258251667022705
YDL226C,YBR179C,0,0.58763325,0.0961952656507492,0.13373252749443054,0.1259251832962036
YGR148C,YDR394W,0,0.5864574,0.0961262583732605,0.13373252749443054,0.12602519989013672
YOR178C,YNR069C,0,0.58606946,0.09605734795331955,0.13373252749443054,0.12612523138523102
YPL047W,YDR322C-A,0,0.5843996,0.09598854184150696,0.13373252749443054,0.12622524797916412
YPR145W,YBL042C,0,0.58413315,0.09591982513666153,0.13373252749443054,0.12632526457309723
YDL193W,YLR424W,0,0.58391124,0.09585121273994446,0.13373252749443054,0.12642528116703033
YPL249C-A,YKL073W,0,0.5821415,0.09578270465135574,0.13373252749443054,0.12652529776096344
YDR069C,YHR016C,1,0.58206266,0.09642857313156128,0.1347305327653885,0.12652529776096344
YGR133W,YJR144W,0,0.5815152,0.0963597446680069,0.1347305327653885,0.12662532925605774
YGR172C,YJL093C,0,0.5812597,0.09629101306200027,0.1347305327653885,0.12672534584999084
YGR121C,YPR140W,0,0.5810468,0.09622237831354141,0.1347305327653885,0.12682536244392395
YGL022W,YCR003W,0,0.5799771,0.09615384787321091,0.1347305327653885,0.12692537903785706
YFL009W,YML014W,0,0.5796356,0.09608540683984756,0.1347305327653885,0.12702541053295135
YBL050W,YBL002W,0,0.57861865,0.09601707011461258,0.1347305327653885,0.12712542712688446
YOR017W,YGR092W,0,0.5785346,0.09594883024692535,0.1347305327653885,0.12722544372081757
YLR119W,YDR208W,0,0.5783944,0.09588067978620529,0.1347305327653885,0.12732546031475067
YOL115W,YOR339C,0,0.578192,0.09581263363361359,0.1347305327653885,0.12742549180984497
YDR294C,YPR094W,0,0.57698363,0.09574468433856964,0.1347305327653885,0.12752550840377808
YMR268C,YGL077C,0,0.5765607,0.09567682445049286,0.1347305327653885,0.12762552499771118
YBR217W,YER157W,0,0.57638097,0.09560906887054443,0.1347305327653885,0.1277255415916443
YDL010W,YNL035C,0,0.5761736,0.09554140269756317,0.1347305327653885,0.1278255581855774
YNR046W,YLR449W,0,0.5744398,0.09547383338212967,0.1347305327653885,0.1279255896806717
YGR108W,YDL079C,0,0.57427335,0.09540636092424393,0.1347305327653885,0.1280256062746048
YAL030W,YPR165W,1,0.57377356,0.09604519605636597,0.13572853803634644,0.1280256062746048
YJR159W,YDR085C,0,0.57371074,0.09597741812467575,0.13572853803634644,0.1281256228685379
YMR109W,YKL129C,1,0.57334465,0.09661494940519333,0.13672654330730438,0.1281256228685379
YLR371W,YIL048W,1,0.5733154,0.09725158661603928,0.13772454857826233,0.1281256228685379
YOR173W,YBR201W,0,0.5726299,0.09718310087919235,0.13772454857826233,0.128225639462471
YGL100W,YGL187C,0,0.5725629,0.09711470454931259,0.13772454857826233,0.1283256709575653
YCR027C,YJL099W,0,0.5719228,0.09704641252756119,0.13772454857826233,0.1284256875514984
YDR261C-C,YGR125W,0,0.5696548,0.09697821736335754,0.13772454857826233,0.12852570414543152
YHR062C,YJL122W,0,0.5693512,0.09691011160612106,0.13772454857826233,0.12862572073936462
YGR183C,YOR255W,0,0.56923187,0.09684210270643234,0.13772454857826233,0.12872575223445892
YOR181W,YDR177W,1,0.56921536,0.09747545421123505,0.13872255384922028,0.12872575223445892
YBL018C,YJL159W,0,0.5691789,0.09740714728832245,0.13872255384922028,0.12882576882839203
YOL077W-A,YHR203C,0,0.56907994,0.09733893722295761,0.13872255384922028,0.12892578542232513
YKL176C,YNL148C,0,0.56905293,0.09727081656455994,0.13872255384922028,0.12902580201625824
YBR083W,YOL049W,0,0.5688163,0.09720280021429062,0.13872255384922028,0.12912581861019135
YHR098C,YDR194C,0,0.56759727,0.09713487327098846,0.13872255384922028,0.12922585010528564
YOR149C,YPR075C,0,0.567356,0.09706703573465347,0.13872255384922028,0.12932586669921875
YNL075W,YDL194W,0,0.56698436,0.09699930250644684,0.13872255384922028,0.12942588329315186
YCR069W,YDL191W,0,0.5669123,0.09693165868520737,0.13872255384922028,0.12952589988708496
YNL088W,YMR309C,0,0.5664854,0.09686411172151566,0.13872255384922028,0.12962593138217926
YIL117C,YOR375C,0,0.5664612,0.09679665416479111,0.13872255384922028,0.12972594797611237
YBL102W,YOR007C,0,0.56606746,0.09672929346561432,0.13872255384922028,0.12982596457004547
YMR280C,YLR089C,0,0.5653858,0.09666202962398529,0.13872255384922028,0.12992598116397858
YPR025C,YPR079W,0,0.56513727,0.09659485518932343,0.13872255384922028,0.13002599775791168
YNL058C,YIL168W,0,0.56471366,0.09652777761220932,0.13872255384922028,0.13012602925300598
YJL018W,YPL230W,0,0.5643751,0.09646078944206238,0.13872255384922028,0.1302260458469391
YER118C,YOR028C,0,0.56343085,0.0963938981294632,0.13872255384922028,0.1303260624408722
YNL071W,YDL010W,0,0.5629428,0.09632709622383118,0.13872255384922028,0.1304260790348053
YGR157W,YER074W-A,0,0.5628764,0.09626039117574692,0.13872255384922028,0.1305261105298996
YEL020C,YNR063W,0,0.5625631,0.09619376808404922,0.13872255384922028,0.1306261271238327
YOL013C,YPL162C,0,0.5623763,0.09612724930047989,0.13872255384922028,0.1307261437177658
YPL237W,YBR288C,0,0.5622563,0.09606081247329712,0.13872255384922028,0.1308261603116989
YDL132W,YKL211C,0,0.561867,0.09599447250366211,0.13872255384922028,0.1309261918067932
YDR261C-C,YJL154C,0,0.5611707,0.09592822939157486,0.13872255384922028,0.13102620840072632
YGL001C,YPR025C,0,0.56108356,0.09586206823587418,0.13872255384922028,0.13112622499465942
YGR227W,YPR158W-A,0,0.5610192,0.09579600393772125,0.13872255384922028,0.13122624158859253
YDR162C,YDL147W,0,0.56078947,0.09573002904653549,0.13872255384922028,0.13132625818252563
YGL124C,YDR307W,0,0.5599501,0.0956641435623169,0.13872255384922028,0.13142628967761993
YCR023C,YER169W,0,0.55960166,0.09559834748506546,0.13872255384922028,0.13152630627155304
YML130C,YKR099C-A,0,0.5584842,0.09553264826536179,0.13872255384922028,0.13162632286548615
YLR071C,YGR121C,0,0.5583199,0.09546703100204468,0.13872255384922028,0.13172633945941925
YAL032C,YBR127C,0,0.5580683,0.09540151059627533,0.13872255384922028,0.13182637095451355
YDL178W,YCR020W-B,0,0.5580447,0.09533607959747314,0.13872255384922028,0.13192638754844666
YOL021C,YKL216W,0,0.5576444,0.09527073055505753,0.13872255384922028,0.13202640414237976
YJR090C,YGR096W,0,0.5566293,0.09520547837018967,0.13872255384922028,0.13212642073631287
YNL315C,YFL008W,0,0.55630493,0.09514031559228897,0.13872255384922028,0.13222645223140717
YGL023C,YER160C,0,0.55613726,0.09507524222135544,0.13872255384922028,0.13232646882534027
YDR294C,YOL001W,0,0.5538311,0.09501025080680847,0.13872255384922028,0.13242648541927338
YJL184W,YBR110W,0,0.55357856,0.09494535624980927,0.13872255384922028,0.13252650201320648
YJL116C,YLR057W,0,0.5530251,0.09488054364919662,0.13872255384922028,0.1326265186071396
YOL008W,YJL209W,0,0.55246305,0.09481582790613174,0.13872255384922028,0.1327265501022339
YOL119C,YCL026C-A,0,0.55199814,0.09475119411945343,0.13872255384922028,0.132826566696167
YDR186C,YER074W-A,0,0.5505053,0.09468664973974228,0.13872255384922028,0.1329265832901001
YOR229W,YHL009W-A,0,0.55024546,0.09462219476699829,0.13872255384922028,0.1330265998840332
YPL190C,YJL154C,0,0.5494714,0.09455782175064087,0.13872255384922028,0.1331266313791275
YOR255W,YGR206W,0,0.54940736,0.09449353814125061,0.13872255384922028,0.1332266479730606
YNR023W,YHL009W-A,0,0.54933757,0.09442935138940811,0.13872255384922028,0.1333266645669937
YDR225W,YKL193C,0,0.549027,0.09436523914337158,0.13872255384922028,0.13342668116092682
YGR241C,YGR167W,1,0.5482665,0.09497964382171631,0.13972055912017822,0.13342668116092682
YGL184C,YNL312W,0,0.54800653,0.09491525590419769,0.13972055912017822,0.13352671265602112
YPL249C-A,YKR039W,0,0.5480025,0.09485094994306564,0.13972055912017822,0.13362672924995422
YKR045C,YPL228W,0,0.5476853,0.09478673338890076,0.13972055912017822,0.13372674584388733
YFR042W,YCL020W,0,0.5473085,0.09472259879112244,0.13972055912017822,0.13382676243782043
YKL203C,YNL084C,1,0.5464859,0.09533468633890152,0.14071856439113617,0.13382676243782043
YDR314C,YHR084W,0,0.5444894,0.09527026861906052,0.14071856439113617,0.13392677903175354
YGR096W,YKL092C,0,0.5411939,0.09520594030618668,0.14071856439113617,0.13402681052684784
YGR096W,YML046W,0,0.5411939,0.09514170140028,0.14071856439113617,0.13412682712078094
YDR216W,YLR275W,0,0.54087025,0.09507754445075989,0.14071856439113617,0.13422684371471405
YKL027W,YIR003W,0,0.53902996,0.09501347690820694,0.14071856439113617,0.13432686030864716
YLR423C,YOL091W,0,0.5389205,0.09494949132204056,0.14071856439113617,0.13442689180374146
YGR121C,YPL003W,0,0.5387289,0.09488560259342194,0.14071856439113617,0.13452690839767456
YGL156W,YBR167C,0,0.5378483,0.09482178837060928,0.14071856439113617,0.13462692499160767
YKL086W,YIL040W,0,0.53744555,0.0947580635547638,0.14071856439113617,0.13472694158554077
YBL084C,YLR135W,0,0.53613305,0.09469442814588547,0.14071856439113617,0.13482695817947388
YOR033C,YHL018W,0,0.5361061,0.09463087469339371,0.14071856439113617,0.13492698967456818
YGL255W,YHR084W,0,0.53605276,0.09456740319728851,0.14071856439113617,0.13502700626850128
YLR064W,YBR098W,0,0.5359645,0.09450402110815048,0.14071856439113617,0.1351270228624344
YDL168W,YEL020C,0,0.5358028,0.09444072097539902,0.14071856439113617,0.1352270394563675
YPR079W,YML010W,0,0.53559947,0.09437751024961472,0.14071856439113617,0.1353270709514618
YBR152W,YNL224C,0,0.5351525,0.09431438148021698,0.14071856439113617,0.1354270875453949
YGL022W,YNL197C,0,0.5343983,0.09425133466720581,0.14071856439113617,0.135527104139328
YFR028C,YJR017C,0,0.53408384,0.0941883772611618,0.14071856439113617,0.1356271207332611
YGL184C,YGR206W,0,0.5339292,0.09412550181150436,0.14071856439113617,0.1357271522283554
YML062C,YBR227C,0,0.533869,0.09406270831823349,0.14071856439113617,0.1358271688222885
YJL116C,YFR004W,0,0.5337641,0.09399999678134918,0.14071856439113617,0.13592718541622162
YPL088W,YBL097W,0,0.5336168,0.09393737465143204,0.14071856439113617,0.13602720201015472
YER018C,YER170W,0,0.53361285,0.09387483447790146,0.14071856439113617,0.13612721860408783
YNL058C,YML075C,0,0.53304446,0.09381237626075745,0.14071856439113617,0.13622725009918213
YGR241C,YAL026C,1,0.53287905,0.09441489726305008,0.14171656966209412,0.13622725009918213
YGL134W,YML014W,0,0.5327641,0.09435215592384338,0.14171656966209412,0.13632726669311523
YMR014W,YHR094C,0,0.5320604,0.09428951144218445,0.14171656966209412,0.13642728328704834
YNR023W,YGL044C,0,0.53180563,0.09422694146633148,0.14171656966209412,0.13652729988098145
YHL009W-A,YDL165W,0,0.5305476,0.09416445344686508,0.14171656966209412,0.13662733137607574
YNL139C,YNL047C,0,0.5298619,0.09410205483436584,0.14171656966209412,0.13672734797000885
YFL009W,YBR161W,0,0.5293602,0.09403973817825317,0.14171656966209412,0.13682736456394196
YBR200W,YMR029C,0,0.5269897,0.09397749602794647,0.14171656966209412,0.13692738115787506
YIL091C,YDR541C,0,0.5268771,0.09391534328460693,0.14171656966209412,0.13702741265296936
YDR016C,YOR094W,0,0.52670974,0.09385327249765396,0.14171656966209412,0.13712742924690247
YNL177C,YEL042W,0,0.5257765,0.09379128366708755,0.14171656966209412,0.13722744584083557
YGR038W,YER073W,0,0.5249834,0.09372936934232712,0.14171656966209412,0.13732746243476868
YBR302C,YOR056C,0,0.5242021,0.09366754442453384,0.14171656966209412,0.13742747902870178
YFL034C-B,YHR083W,0,0.5239519,0.09360580146312714,0.14171656966209412,0.13752751052379608
YNL106C,YNL197C,0,0.5235508,0.093544140458107,0.14171656966209412,0.1376275271177292
YDL052C,YJR064W,0,0.52344304,0.09348255395889282,0.14171656966209412,0.1377275437116623
YCL033C,YNL009W,0,0.5220352,0.09342104941606522,0.14171656966209412,0.1378275603055954
YDL126C,YDL188C,0,0.5200649,0.09335963428020477,0.14171656966209412,0.1379275918006897
YBR253W,YOL148C,0,0.52003574,0.0932982936501503,0.14171656966209412,0.1380276083946228
YKL027W,YDR191W,0,0.5198754,0.09323703497648239,0.14171656966209412,0.1381276249885559
YBR280C,YDR051C,0,0.5194803,0.09317585080862045,0.14171656966209412,0.138227641582489
YNL069C,YPL069C,0,0.5194488,0.09311475604772568,0.14171656966209412,0.13832765817642212
YGR033C,YPL228W,0,0.5191816,0.09305373579263687,0.14171656966209412,0.13842768967151642
YGR098C,YDR291W,0,0.5185142,0.09299279749393463,0.14171656966209412,0.13852770626544952
YER074W-A,YGL175C,0,0.5184106,0.09293193370103836,0.14171656966209412,0.13862772285938263
YPR104C,YNR036C,0,0.51768386,0.09287115931510925,0.14171656966209412,0.13872773945331573
YGR227W,YLR341W,0,0.5174439,0.09281045943498611,0.14171656966209412,0.13882777094841003
YFL053W,YGR041W,0,0.51715785,0.09274983406066895,0.14171656966209412,0.13892778754234314
YBR167C,YPL192C,0,0.5166858,0.09268929809331894,0.14171656966209412,0.13902780413627625
YNR073C,YDR156W,0,0.51563674,0.0926288291811943,0.14171656966209412,0.13912782073020935
YOL128C,YNL021W,0,0.5148725,0.09256844967603683,0.14171656966209412,0.13922785222530365
YPL217C,YLR229C,0,0.5144827,0.09250814467668533,0.14171656966209412,0.13932786881923676
YLR057W,YNL327W,0,0.51434404,0.0924479141831398,0.14171656966209412,0.13942788541316986
YOL115W,YEL009C,0,0.51334345,0.09238776564598083,0.14171656966209412,0.13952790200710297
YKR010C,YNL177C,0,0.51261604,0.09232769906520844,0.14171656966209412,0.13962791860103607
YDL232W,YGL002W,0,0.51248777,0.092267706990242,0.14171656966209412,0.13972795009613037
YPR107C,YBL099W,0,0.5104182,0.09220778942108154,0.14171656966209412,0.13982796669006348
YDR156W,YOR125C,0,0.5095985,0.09214795380830765,0.14171656966209412,0.13992798328399658
YLR424W,YNL093W,0,0.5095856,0.09208820015192032,0.14171656966209412,0.1400279998779297
YAR014C,YDR524C-B,0,0.5088249,0.09202851355075836,0.14171656966209412,0.140128031373024
YLR242C,YHR176W,0,0.5074612,0.09196890890598297,0.14171656966209412,0.1402280479669571
YLR225C,YKL096W,0,0.5070739,0.09190938621759415,0.14171656966209412,0.1403280645608902
YML026C,YIL129C,0,0.5069432,0.09184993803501129,0.14171656966209412,0.1404280811548233
YPL255W,YMR305C,0,0.5068382,0.0917905643582344,0.14171656966209412,0.1405281126499176
YGR157W,YCL026C-A,0,0.5054758,0.09173126518726349,0.14171656966209412,0.1406281292438507
YOR118W,YNL241C,0,0.50539815,0.09167204797267914,0.14171656966209412,0.1407281458377838
YDR194C,YOR202W,0,0.5052048,0.09161290526390076,0.14171656966209412,0.14082816243171692
YDR488C,YGR098C,0,0.5048556,0.09155383706092834,0.14171656966209412,0.14092817902565002
YBR103W,YLR431C,0,0.504828,0.0914948433637619,0.14171656966209412,0.14102821052074432
YGR023W,YGL121C,0,0.5040576,0.09143593162298203,0.14171656966209412,0.14112822711467743
YLR155C,YMR029C,0,0.5039284,0.09137709438800812,0.14171656966209412,0.14122824370861053
YGL201C,YMR068W,0,0.50291234,0.09131833165884018,0.14171656966209412,0.14132826030254364
YPR020W,YPL060C-A,0,0.50197494,0.09125964343547821,0.14171656966209412,0.14142829179763794
YDL239C,YLR453C,0,0.5018929,0.09120102971792221,0.14171656966209412,0.14152830839157104
YGR038C-A,YIR021W,0,0.50070626,0.09114249050617218,0.14171656966209412,0.14162832498550415
YMR052W,YPL072W,0,0.49996996,0.09108402580022812,0.14171656966209412,0.14172834157943726
YER119C,YGR108W,0,0.49966595,0.09102564305067062,0.14171656966209412,0.14182837307453156
YBR203W,YOR133W,0,0.49952477,0.0909673273563385,0.14171656966209412,0.14192838966846466
YJL137C,YPL162C,0,0.49945083,0.09090909361839294,0.14171656966209412,0.14202840626239777
YNL227C,YAR044W,1,0.4977599,0.0914907231926918,0.14271457493305206,0.14202840626239777
YER016W,YHL009W-A,0,0.4973658,0.09143222868442535,0.14271457493305206,0.14212842285633087
YOR327C,YNL093W,1,0.4972893,0.09201277792453766,0.14371258020401,0.14212842285633087
YMR288W,YOR336W,0,0.49725962,0.09195402264595032,0.14371258020401,0.14222843945026398
YDR194C,YPR025C,0,0.49702862,0.09189534187316895,0.14371258020401,0.14232847094535828
YER119C,YEL020C,0,0.4968974,0.09183673560619354,0.14371258020401,0.14242848753929138
YJL115W,YIL129C,0,0.4968878,0.09177820384502411,0.14371258020401,0.1425285041332245
YGR241C,YDR177W,1,0.4968586,0.09235668927431107,0.14471058547496796,0.1425285041332245
YPR183W,YGR195W,0,0.49679387,0.09229789674282074,0.14471058547496796,0.1426285207271576
YCL033C,YBR079C,0,0.49656346,0.09223918616771698,0.14471058547496796,0.1427285522222519
YHR152W,YCL027C-A,0,0.4965312,0.09218055009841919,0.14471058547496796,0.142828568816185
YGR183C,YGR038W,0,0.49647728,0.09212198108434677,0.14471058547496796,0.1429285854101181
YDL025C,YLR148W,0,0.49598062,0.09206349402666092,0.14471058547496796,0.1430286020040512
YGR023W,YDR237W,0,0.49569067,0.09200507402420044,0.14471058547496796,0.14312861859798431
YLR206W,YLL038C,1,0.4955553,0.09258084744215012,0.1457085758447647,0.14312861859798431
YBR186W,YPR165W,0,0.49554226,0.09252218157052994,0.1457085758447647,0.1432286500930786
YML064C,YKL055C,0,0.49519458,0.09246358275413513,0.1457085758447647,0.14332866668701172
YDR069C,YIL095W,1,0.49511266,0.09303797781467438,0.14670658111572266,0.14332866668701172
YHR188C,YBR171W,0,0.49497396,0.09297912567853928,0.14670658111572266,0.14342868328094482
YGL124C,YML010W,0,0.49486816,0.09292035549879074,0.14670658111572266,0.14352869987487793
YJR064W,YNL265C,0,0.49427247,0.09286165237426758,0.14670658111572266,0.14362873136997223
YLR157C-B,YLR216C,0,0.49410272,0.09280303120613098,0.14670658111572266,0.14372874796390533
YGR068C,YBL067C,0,0.49370897,0.09274447709321976,0.14670658111572266,0.14382876455783844
YLR320W,YER069W,0,0.4933595,0.0926860049366951,0.14670658111572266,0.14392878115177155
YNL186W,YDR488C,0,0.4932873,0.09262759983539581,0.14670658111572266,0.14402881264686584
YML008C,YOR205C,0,0.49323487,0.0925692692399025,0.14670658111572266,0.14412882924079895
YOL027C,YML010W,0,0.492795,0.09251101315021515,0.14670658111572266,0.14422884583473206
YBL018C,YHR084W,0,0.4905513,0.09245283156633377,0.14670658111572266,0.14432886242866516
YKL216W,YER160C,0,0.49037173,0.09239471703767776,0.14670658111572266,0.14442887902259827
YNL071W,YIL097W,0,0.49027786,0.09233668446540833,0.14670658111572266,0.14452891051769257
YHR135C,YMR109W,1,0.48962018,0.09290646761655807,0.1477045863866806,0.14452891051769257
YOR056C,YIL082W-A,0,0.48945662,0.09284818172454834,0.1477045863866806,0.14462892711162567
YJL151C,YPL020C,0,0.48924863,0.09278997033834457,0.1477045863866806,0.14472894370555878
YHR123W,YOR140W,0,0.48785114,0.09273182600736618,0.1477045863866806,0.14482896029949188
YDR084C,YGR041W,0,0.48754066,0.09267376363277435,0.1477045863866806,0.14492899179458618
YJL111W,YKL127W,0,0.4873134,0.0926157683134079,0.1477045863866806,0.1450290083885193
YPR061C,YLR222C,0,0.48669046,0.09255784749984741,0.1477045863866806,0.1451290249824524
YBR084C-A,YML126C,0,0.48574048,0.0925000011920929,0.1477045863866806,0.1452290415763855
YFL031W,YLR421C,0,0.48511046,0.09244222193956375,0.1477045863866806,0.1453290730714798
YNL069C,YMR011W,0,0.48452732,0.09238451719284058,0.1477045863866806,0.1454290896654129
YIL063C,YBR056W,0,0.48444134,0.09232688695192337,0.1477045863866806,0.145529106259346
YHL033C,YLL052C,0,0.4826889,0.09226932376623154,0.1477045863866806,0.1456291228532791
YKL209C,YNL099C,0,0.48216608,0.09221183508634567,0.1477045863866806,0.14572913944721222
YLR205C,YLR133W,0,0.48191464,0.09215442091226578,0.1477045863866806,0.14582917094230652
YLR233C,YMR244C-A,0,0.48164457,0.09209707379341125,0.1477045863866806,0.14592918753623962
YER019W,YFL053W,0,0.48124576,0.0920398011803627,0.1477045863866806,0.14602920413017273
YCL019W,YPR025C,0,0.4802572,0.09198259562253952,0.1477045863866806,0.14612922072410583
YGR048W,YPR112C,0,0.48024172,0.09192546457052231,0.1477045863866806,0.14622925221920013
YBR073W,YDL161W,0,0.4802227,0.09186840802431107,0.1477045863866806,0.14632926881313324
YNL071W,YGL234W,0,0.4795117,0.0918114110827446,0.1477045863866806,0.14642928540706635
YAR014C,YGL160W,0,0.47889805,0.0917544960975647,0.1477045863866806,0.14652930200099945
YGL133W,YJL122W,0,0.47835803,0.09169764816761017,0.1477045863866806,0.14662931859493256
YLR406C,YGR203W,0,0.47806877,0.09164086729288101,0.1477045863866806,0.14672935009002686
YPL152W,YKL113C,0,0.4779617,0.09158416092395782,0.1477045863866806,0.14682936668395996
YBL099W,YHR032W,0,0.47793955,0.09152752161026001,0.1477045863866806,0.14692938327789307
YLR341W,YOR295W,0,0.47780645,0.09147094935178757,0.1477045863866806,0.14702939987182617
YGR198W,YCL034W,1,0.47761595,0.09203211963176727,0.14870259165763855,0.14702939987182617
YIR022W,YDR085C,0,0.47706228,0.09197530895471573,0.14870259165763855,0.14712943136692047
YLR272C,YKL137W,0,0.47648934,0.09191856533288956,0.14870259165763855,0.14722944796085358
YFL055W,YLL036C,0,0.47637802,0.09186189621686935,0.14870259165763855,0.14732946455478668
YGR108W,YOR303W,0,0.4760801,0.09180530160665512,0.14870259165763855,0.1474294811487198
YBR073W,YPL055C,0,0.4760191,0.09174876660108566,0.14870259165763855,0.1475295126438141
YHR124W,YDL104C,0,0.47574216,0.09169230610132217,0.14870259165763855,0.1476295292377472
YPR079W,YGL156W,0,0.47540593,0.09163591265678406,0.14870259165763855,0.1477295458316803
YJR090C,YBR228W,0,0.47492415,0.09157959371805191,0.14870259165763855,0.1478295624256134
YOR144C,YPL108W,0,0.4732659,0.09152334183454514,0.14870259165763855,0.1479295790195465
YBR109C,YEL027W,1,0.47286913,0.09208103269338608,0.1497005969285965,0.1479295790195465
YHR134W,YGL020C,0,0.47215694,0.0920245423913002,0.1497005969285965,0.1480296105146408
YDL232W,YOR197W,0,0.47201595,0.0919681191444397,0.1497005969285965,0.1481296271085739
YER170W,YPL187W,0,0.47140396,0.09191176295280457,0.1497005969285965,0.14822964370250702
YDR264C,YPR165W,1,0.4704784,0.09246785193681717,0.15069860219955444,0.14822964370250702
YPR164W,YOL068C,0,0.4699458,0.09241125732660294,0.15069860219955444,0.14832966029644012
YMR283C,YNR046W,0,0.46990556,0.09235473722219467,0.15069860219955444,0.14842969179153442
YGR152C,YBR171W,0,0.46967304,0.09229829162359238,0.15069860219955444,0.14852970838546753
YIL158W,YMR068W,0,0.46915334,0.09224190562963486,0.15069860219955444,0.14862972497940063
YKL167C,YOR360C,0,0.46888253,0.0921855941414833,0.15069860219955444,0.14872974157333374
YLR423C,YJR129C,0,0.46882415,0.09212934970855713,0.15069860219955444,0.14882977306842804
YOR130C,YBL003C,0,0.46852323,0.09207317233085632,0.15069860219955444,0.14892978966236115
YMR109W,YGR086C,1,0.4680748,0.09262644499540329,0.1516966074705124,0.14892978966236115
YDR540C,YLR308W,0,0.4677984,0.09257003664970398,0.1516966074705124,0.14902980625629425
YMR058W,YPR004C,0,0.4669811,0.09251369535923004,0.1516966074705124,0.14912982285022736
YML029W,YNL021W,0,0.4669,0.09245742112398148,0.1516966074705124,0.14922983944416046
YER026C,YDL049C,0,0.46680075,0.09240121394395828,0.1516966074705124,0.14932987093925476
YEL063C,YDR541C,0,0.46645045,0.09234508126974106,0.1516966074705124,0.14942988753318787
YFL034C-B,YPL108W,0,0.4661321,0.09228900820016861,0.1516966074705124,0.14952990412712097
YEL046C,YPL037C,0,0.46594518,0.09223300963640213,0.1516966074705124,0.14962992072105408
YER035W,YKL137W,0,0.46585667,0.09217707812786102,0.1516966074705124,0.14972995221614838
YPL236C,YHR191C,0,0.46510518,0.09212121367454529,0.1516966074705124,0.14982996881008148
YBR290W,YKL092C,0,0.46442488,0.09206541627645493,0.1516966074705124,0.1499299854040146
YMR216C,YBL097W,0,0.46429116,0.09200968593358994,0.1516966074705124,0.1500300019979477
YJR113C,YJR002W,0,0.46377978,0.09195402264595032,0.1516966074705124,0.1501300185918808
YHL009C,YNL257C,0,0.46374694,0.09189842641353607,0.1516966074705124,0.1502300500869751
YBR019C,YAR071W,0,0.46320465,0.0918428972363472,0.1516966074705124,0.1503300666809082
YGR028W,YMR104C,0,0.46257865,0.0917874425649643,0.1516966074705124,0.1504300832748413
YPL128C,YGL257C,0,0.46252647,0.09173204749822617,0.1516966074705124,0.15053009986877441
YPR171W,YHR161C,1,0.46231535,0.09227985888719559,0.15269461274147034,0.15053009986877441
YFL022C,YGL097W,0,0.4618849,0.09222423285245895,0.15269461274147034,0.1506301313638687
YMR011W,YHR063C,0,0.46166256,0.09216867387294769,0.15269461274147034,0.15073014795780182
YOL060C,YKL092C,0,0.4609806,0.0921131819486618,0.15269461274147034,0.15083016455173492
YIL162W,YHR123W,0,0.46095175,0.09205776453018188,0.15269461274147034,0.15093018114566803
YNL082W,YNR032W,0,0.46070442,0.09200240671634674,0.15269461274147034,0.15103021264076233
YER019W,YDR363W,0,0.46060383,0.09194711595773697,0.15269461274147034,0.15113022923469543
YNR056C,YPL037C,0,0.4583161,0.09189189225435257,0.15269461274147034,0.15123024582862854
YDR034C-D,YPL084W,0,0.45813483,0.09183673560619354,0.15269461274147034,0.15133026242256165
YBR109C,YLR206W,1,0.45805857,0.09238152205944061,0.15369261801242828,0.15133026242256165
YLR155C,YGL179C,0,0.45742527,0.09232614189386368,0.15369261801242828,0.15143027901649475
YGR227W,YLR003C,0,0.45674527,0.09227082133293152,0.15369261801242828,0.15153031051158905
YKR010C,YDL010W,0,0.45655143,0.09221556782722473,0.15369261801242828,0.15163032710552216
YPL246C,YNL169C,0,0.45624584,0.09216038137674332,0.15369261801242828,0.15173034369945526
YOL013C,YPR056W,0,0.4562186,0.09210526198148727,0.15369261801242828,0.15183036029338837
YBL050W,YDL159W,0,0.4557138,0.0920502096414566,0.15369261801242828,0.15193039178848267
YER003C,YKL222C,0,0.4556773,0.0919952243566513,0.15369261801242828,0.15203040838241577
YDR349C,YLR372W,0,0.45557854,0.09194029867649078,0.15369261801242828,0.15213042497634888
YPR025C,YOR214C,0,0.45556515,0.09188544005155563,0.15369261801242828,0.15223044157028198
YGR059W,YPR094W,0,0.45448035,0.09183064848184586,0.15369261801242828,0.15233047306537628
YML078W,YMR199W,0,0.45377785,0.09177592396736145,0.15369261801242828,0.1524304896593094
YPL024W,YBR110W,0,0.4536086,0.09172125905752182,0.15369261801242828,0.1525305062532425
YML038C,YBR004C,0,0.45355117,0.09166666865348816,0.15369261801242828,0.1526305228471756
YCL010C,YDR001C,0,0.45338696,0.09161213785409927,0.15369261801242828,0.1527305394411087
YPR164W,YBR102C,0,0.45323828,0.09155766665935516,0.15369261801242828,0.152830570936203
YEL034W,YOL060C,0,0.45223495,0.09150326997041702,0.15369261801242828,0.1529305875301361
YGL022W,YIL110W,0,0.45029783,0.09144893288612366,0.15369261801242828,0.1530306041240692
YDL155W,YKL012W,0,0.44978726,0.09139465540647507,0.15369261801242828,0.15313062071800232
YBL036C,YBR210W,0,0.44965583,0.09134045243263245,0.15369261801242828,0.15323065221309662
YNL035C,YOR028C,0,0.44917548,0.0912863090634346,0.15369261801242828,0.15333066880702972
YPL170W,YIL103W,0,0.4491143,0.09123222529888153,0.15369261801242828,0.15343068540096283
YPL016W,YPR023C,0,0.44901395,0.09117820858955383,0.15369261801242828,0.15353070199489594
YBR103W,YFL016C,0,0.4487731,0.09112425893545151,0.15369261801242828,0.15363073348999023
YAL005C,YML026C,0,0.44857565,0.09107036888599396,0.15369261801242828,0.15373075008392334
YPR145W,YMR305C,0,0.44816256,0.09101654589176178,0.15369261801242828,0.15383076667785645
YNL082W,YLR117C,0,0.44793323,0.09096278995275497,0.15369261801242828,0.15393078327178955
YPL003W,YGL008C,0,0.44711003,0.09090909361839294,0.15369261801242828,0.15403079986572266
YOL039W,YHR143W-A,0,0.44669718,0.09085545688867569,0.15369261801242828,0.15413083136081696
YNL035C,YKR042W,0,0.44659603,0.09080188721418381,0.15369261801242828,0.15423084795475006
YDR162C,YBL005W-A,0,0.44653994,0.0907483771443367,0.15369261801242828,0.15433086454868317
YJL092W,YGR092W,0,0.4464585,0.09069493412971497,0.15369261801242828,0.15443088114261627
YPL152W,YGL201C,0,0.44639286,0.090641550719738,0.15369261801242828,0.15453091263771057
YBL046W,YGR240C,0,0.44608605,0.09058823436498642,0.15369261801242828,0.15463092923164368
YDL010W,YPL192C,0,0.4452573,0.09053497761487961,0.15369261801242828,0.15473094582557678
YNL264C,YLR226W,0,0.4449853,0.09048178791999817,0.15369261801242828,0.1548309624195099
YOR144C,YER075C,0,0.44472665,0.0904286578297615,0.15369261801242828,0.154930979013443
YER119C,YDR119W,0,0.44439077,0.09037558734416962,0.15369261801242828,0.1550310105085373
YDR264C,YDR490C,1,0.44435102,0.09090909361839294,0.15469062328338623,0.1550310105085373
YOR210W,YEL026W,0,0.44404826,0.09085579961538315,0.15469062328338623,0.1551310271024704
YOL006C,YCR070W,0,0.44372433,0.09080258011817932,0.15469062328338623,0.1552310436964035
YER157W,YLR117C,0,0.44264242,0.09074941277503967,0.15469062328338623,0.1553310602903366
YBR207W,YGR198W,1,0.44221932,0.0912814512848854,0.15568862855434418,0.1553310602903366
YPR145W,YKR029C,0,0.4417854,0.09122806787490845,0.15568862855434418,0.1554310917854309
YHR016C,YKL129C,1,0.43918753,0.09175920486450195,0.15668663382530212,0.1554310917854309
YNL075W,YHR128W,0,0.43905887,0.09170560538768768,0.15668663382530212,0.155531108379364
YDL193W,YER058W,0,0.439051,0.09165207296609879,0.15668663382530212,0.15563112497329712
YBR104W,YJL100W,0,0.438861,0.09159860014915466,0.15668663382530212,0.15573114156723022
YMR167W,YNL113W,0,0.43776375,0.09154518693685532,0.15668663382530212,0.15583117306232452
YOL091W,YGR186W,0,0.43757933,0.09149184077978134,0.15668663382530212,0.15593118965625763
YMR052W,YGL097W,0,0.4373241,0.09143855422735214,0.15668663382530212,0.15603120625019073
YNL002C,YDR294C,0,0.43719846,0.09138533473014832,0.15668663382530212,0.15613122284412384
YMR202W,YPL212C,0,0.43715182,0.09133216738700867,0.15668663382530212,0.15623123943805695
YPL032C,YMR116C,0,0.43638164,0.09127906709909439,0.15668663382530212,0.15633127093315125
YOR130C,YIL114C,0,0.43630484,0.09122603386640549,0.15668663382530212,0.15643128752708435
YGL001C,YLR225C,0,0.4356572,0.09117305278778076,0.15668663382530212,0.15653130412101746
YML072C,YHR128W,0,0.43559295,0.09112013876438141,0.15668663382530212,0.15663132071495056
YMR293C,YIL023C,0,0.43497705,0.09106728434562683,0.15668663382530212,0.15673135221004486
YDR006C,YBR161W,0,0.43460178,0.09101448953151703,0.15668663382530212,0.15683136880397797
YHR016C,YIL095W,1,0.43456522,0.09154113382101059,0.15768462419509888,0.15683136880397797
YNL316C,YLR157C-B,0,0.43375218,0.09148813039064407,0.15768462419509888,0.15693138539791107
YKR045C,YJR044C,0,0.43348223,0.09143518656492233,0.15768462419509888,0.15703140199184418
YLR423C,YLR368W,0,0.43342558,0.09138230234384537,0.15768462419509888,0.15713143348693848
YCR088W,YNL152W,0,0.4320191,0.09132947772741318,0.15768462419509888,0.15723145008087158
YPL047W,YJR161C,0,0.43140438,0.09127672016620636,0.15768462419509888,0.1573314666748047
YMR199W,YDL147W,0,0.43026757,0.09122401475906372,0.15768462419509888,0.1574314832687378
YDR266C,YER074W-A,0,0.4299681,0.09117137640714645,0.15768462419509888,0.1575314998626709
YDR394W,YPL015C,0,0.42989418,0.09111879765987396,0.15768462419509888,0.1576315313577652
YKL137W,YBR227C,0,0.42918706,0.09106628596782684,0.15768462419509888,0.1577315479516983
YIL099W,YJL207C,0,0.42881578,0.0910138264298439,0.15768462419509888,0.1578315645456314
YMR011W,YDR485C,0,0.42799026,0.09096142649650574,0.15768462419509888,0.15793158113956451
YLR166C,YKL112W,0,0.42795157,0.09090909361839294,0.15768462419509888,0.1580316126346588
YDR216W,YNL225C,0,0.42711022,0.09085681289434433,0.15768462419509888,0.15813162922859192
YHR083W,YOR153W,0,0.4269902,0.09080459922552109,0.15768462419509888,0.15823164582252502
YDR524C-B,YIL017C,0,0.42606223,0.09075243771076202,0.15768462419509888,0.15833166241645813
YER146W,YMR323W,0,0.42605928,0.09070034325122833,0.15768462419509888,0.15843167901039124
YER019W,YPL128C,0,0.42604846,0.09064830839633942,0.15768462419509888,0.15853171050548553
YGL250W,YOR255W,0,0.42520368,0.09059633314609528,0.15768462419509888,0.15863172709941864
YAR014C,YOR205C,0,0.42498294,0.09054441004991531,0.15768462419509888,0.15873174369335175
YCR028C-A,YBR201W,0,0.4249088,0.09049255400896072,0.15768462419509888,0.15883176028728485
YOR034C,YOR181W,1,0.42419893,0.09101316332817078,0.15868262946605682,0.15883176028728485
YPL237W,YDR264C,0,0.42388505,0.09096109867095947,0.15868262946605682,0.15893179178237915
YLR128W,YCL011C,0,0.42379406,0.09090909361839294,0.15868262946605682,0.15903180837631226
YLR398C,YCR023C,0,0.4237675,0.0908571407198906,0.15868262946605682,0.15913182497024536
YHR007C,YAL061W,0,0.42334703,0.09080525487661362,0.15868262946605682,0.15923184156417847
YGL099W,YMR121C,0,0.42314222,0.09075342118740082,0.15868262946605682,0.15933187305927277
YPL145C,YDL161W,1,0.42300165,0.09127210825681686,0.15968063473701477,0.15933187305927277
YDR034C-D,YKL146W,0,0.4217923,0.09122006595134735,0.15968063473701477,0.15943188965320587
YHR102W,YDR001C,0,0.42082745,0.09116809070110321,0.15968063473701477,0.15953190624713898
YPL004C,YHR161C,1,0.4201824,0.09168565273284912,0.16067864000797272,0.15953190624713898
YDR294C,YGR121C,0,0.41961563,0.09163346886634827,0.16067864000797272,0.15963192284107208
YMR109W,YDL019C,1,0.41956842,0.09215017408132553,0.16167664527893066,0.15963192284107208
YDR113C,YIL114C,0,0.41950145,0.09209778159856796,0.16167664527893066,0.1597319394350052
YDR302W,YGR209C,0,0.41919345,0.09204545617103577,0.16167664527893066,0.1598319709300995
YPR094W,YGR284C,0,0.41907007,0.09199318289756775,0.16167664527893066,0.1599319875240326
YLR332W,YMR092C,0,0.41904783,0.0919409766793251,0.16167664527893066,0.1600320041179657
YPL055C,YJL002C,0,0.41863644,0.09188882261514664,0.16167664527893066,0.1601320207118988
YJR095W,YIL158W,0,0.41819072,0.09183673560619354,0.16167664527893066,0.1602320522069931
YBR059C,YPR165W,1,0.418149,0.0923512727022171,0.1626746505498886,0.1602320522069931
YPR009W,YBR106W,0,0.41797715,0.0922989770770073,0.1626746505498886,0.1603320688009262
YIL049W,YNL323W,0,0.4178466,0.09224674850702286,0.1626746505498886,0.16043208539485931
YCL040W,YJL113W,0,0.4177321,0.0921945720911026,0.1626746505498886,0.16053210198879242
YIR022W,YOL039W,0,0.41725022,0.09214245527982712,0.1626746505498886,0.16063213348388672
YGL001C,YBR293W,0,0.41705984,0.09209039807319641,0.1626746505498886,0.16073215007781982
YDL212W,YKL157W,0,0.4168804,0.09203839302062988,0.1626746505498886,0.16083216667175293
YML114C,YKR018C,0,0.4167332,0.09198645502328873,0.1626746505498886,0.16093218326568604
YGR048W,YDL014W,0,0.41659743,0.09193457663059235,0.1626746505498886,0.16103219985961914
YMR119W,YPL020C,0,0.4152731,0.09188275039196014,0.1626746505498886,0.16113223135471344
YER119C,YPR151C,0,0.4148726,0.09183098375797272,0.1626746505498886,0.16123224794864655
YAL055W,YHR128W,0,0.4147836,0.09177927672863007,0.1626746505498886,0.16133226454257965
YDR006C,YNL299W,0,0.41447914,0.09172762930393219,0.1626746505498886,0.16143228113651276
YDL002C,YJL091C,0,0.41416562,0.09167604148387909,0.1626746505498886,0.16153231263160706
YNL297C,YGR167W,1,0.4139822,0.09218662232160568,0.16367265582084656,0.16153231263160706
YPL241C,YLR222C,0,0.41357452,0.09213483333587646,0.16367265582084656,0.16163232922554016
YGR038W,YBR215W,0,0.41347766,0.09208309650421143,0.16367265582084656,0.16173234581947327
YGR257C,YBR234C,0,0.41286215,0.09203142672777176,0.16367265582084656,0.16183236241340637
YLR132C,YPL128C,0,0.41187686,0.09197980910539627,0.16367265582084656,0.16193239390850067
YOL110W,YML126C,0,0.41172367,0.09192825108766556,0.16367265582084656,0.16203241050243378
YPL283C,YDR143C,0,0.41107145,0.09187675267457962,0.16367265582084656,0.16213242709636688
YGR028W,YGL012W,0,0.41056636,0.09182530641555786,0.16367265582084656,0.1622324436903
YPR121W,YGL133W,0,0.4104661,0.09177391976118088,0.16367265582084656,0.1623324602842331
YPR103W,YGL254W,0,0.40988204,0.09172259271144867,0.16367265582084656,0.1624324917793274
YDR214W,YER018C,0,0.40986592,0.09167132526636124,0.16367265582084656,0.1625325083732605
YOR058C,YLR136C,0,0.40930867,0.09162010997533798,0.16367265582084656,0.1626325249671936
YNL297C,YOR008C,1,0.40875167,0.09212730079889297,0.1646706610918045,0.1626325249671936
YPL003W,YER160C,0,0.40796033,0.0920758917927742,0.1646706610918045,0.1627325415611267
YFL062W,YCR033W,0,0.40743315,0.0920245423913002,0.1646706610918045,0.162832573056221
YDR214W,YDL025C,0,0.40738702,0.09197324514389038,0.1646706610918045,0.1629325896501541
YOR003W,YGR067C,0,0.40713865,0.09192200750112534,0.1646706610918045,0.16303260624408722
YPR020W,YHR196W,0,0.40700534,0.09187082201242447,0.1646706610918045,0.16313262283802032
YIR028W,YDR266C,0,0.40591636,0.09181969612836838,0.1646706610918045,0.16323263943195343
YEL026W,YNL014W,0,0.40533024,0.09176862984895706,0.1646706610918045,0.16333267092704773
YDR216W,YER004W,0,0.4052779,0.09171762317419052,0.1646706610918045,0.16343268752098083
YPL084W,YPL190C,0,0.40516883,0.09166666865348816,0.1646706610918045,0.16353270411491394
YBR244W,YNL279W,0,0.40503928,0.09161576628684998,0.1646706610918045,0.16363272070884705
YLR240W,YPL037C,0,0.40491942,0.09156493097543716,0.1646706610918045,0.16373275220394135
YLR132C,YDR293C,0,0.40448076,0.09151414036750793,0.1646706610918045,0.16383276879787445
YGL130W,YGR215W,0,0.40437895,0.09146341681480408,0.1646706610918045,0.16393278539180756
YGL002W,YPL046C,0,0.40376985,0.0914127454161644,0.1646706610918045,0.16403280198574066
YPL241C,YBR171W,0,0.4034234,0.0913621261715889,0.1646706610918045,0.16413283348083496
YBR215W,YMR058W,0,0.40246397,0.09131156653165817,0.1646706610918045,0.16423285007476807
YFL009W,YPR033C,0,0.402192,0.09126105904579163,0.1646706610918045,0.16433286666870117
YBL004W,YNR075W,0,0.401994,0.09121061116456985,0.1646706610918045,0.16443288326263428
YHR079C-A,YIL016W,0,0.40065384,0.09116022288799286,0.1646706610918045,0.16453289985656738
YKR099C-A,YGL257C,0,0.40022808,0.09110988676548004,0.1646706610918045,0.16463293135166168
YIL091C,YDL122W,0,0.399261,0.0910596027970314,0.1646706610918045,0.1647329479455948
YBR133C,YGR108W,0,0.39924914,0.09100937843322754,0.1646706610918045,0.1648329645395279
YGR240C,YGL047W,0,0.39853102,0.09095920622348785,0.1646706610918045,0.164932981133461
YLR424W,YDL156W,0,0.39805272,0.09090909361839294,0.1646706610918045,0.1650330126285553
YDR016C,YIL114C,0,0.39678723,0.09085903316736221,0.1646706610918045,0.1651330292224884
YBR139W,YMR251W-A,0,0.39591008,0.09080902487039566,0.1646706610918045,0.1652330458164215
YCR070W,YOR205C,0,0.3957629,0.09075907617807388,0.1646706610918045,0.16533306241035461
YHR187W,YCL019W,0,0.39574397,0.09070917963981628,0.1646706610918045,0.1654330939054489
YLR166C,YMR024W,0,0.39561343,0.09065934270620346,0.1646706610918045,0.16553311049938202
YKL126W,YDL161W,1,0.39463586,0.09115870296955109,0.16566866636276245,0.16553311049938202
YGL033W,YER074W-A,0,0.39452282,0.09110867232084274,0.16566866636276245,0.16563312709331512
YGR209C,YGR041W,0,0.393064,0.09105869382619858,0.16566866636276245,0.16573314368724823
YBL002W,YER170W,0,0.39301625,0.09100877493619919,0.16566866636276245,0.16583316028118134
YHR098C,YMR323W,0,0.39294502,0.09095890074968338,0.16566866636276245,0.16593319177627563
YML052W,YLR206W,1,0.39284968,0.09145673364400864,0.1666666716337204,0.16593319177627563
YPL217C,YIR010W,0,0.3927555,0.0914066806435585,0.1666666716337204,0.16603320837020874
YOR035C,YHR032W,0,0.39189065,0.09135667234659195,0.1666666716337204,0.16613322496414185
YCR066W,YMR024W,0,0.391663,0.09130672365427017,0.1666666716337204,0.16623324155807495
YAL032C,YFL053W,0,0.3911362,0.09125682711601257,0.1666666716337204,0.16633327305316925
YAL030W,YNL093W,1,0.39069068,0.09175314009189606,0.16766467690467834,0.16633327305316925
YOR196C,YNL087W,0,0.39028427,0.09170305728912354,0.16766467690467834,0.16643328964710236
YMR079W,YMR251W-A,0,0.38882196,0.09165302664041519,0.16766467690467834,0.16653330624103546
YIR021W,YLR157C-B,0,0.38795325,0.09160305559635162,0.16766467690467834,0.16663332283496857
YPR033C,YHR166C,0,0.3879283,0.09155313670635223,0.16766467690467834,0.16673333942890167
YBR228W,YNL299W,0,0.38786831,0.09150326997041702,0.16766467690467834,0.16683337092399597
YKL160W,YPL249C,0,0.38779083,0.09145345538854599,0.16766467690467834,0.16693338751792908
YER048C,YIL016W,0,0.38707525,0.09140370041131973,0.16766467690467834,0.16703340411186218
YNL069C,YJR099W,0,0.38646704,0.09135399758815765,0.16766467690467834,0.1671334207057953
YDL132W,YGL043W,0,0.38632905,0.09130434691905975,0.16766467690467834,0.1672334522008896
YLR034C,YNL225C,0,0.3863152,0.09125475585460663,0.16766467690467834,0.1673334687948227
YCR069W,YNL279W,0,0.3858584,0.09120520949363708,0.16766467690467834,0.1674334853887558
YNL002C,YMR060C,0,0.38578844,0.09115572273731232,0.16766467690467834,0.1675335019826889
YER157W,YNL229C,0,0.3856517,0.09110628813505173,0.16766467690467834,0.1676335334777832
YER026C,YBL071W-A,0,0.38482368,0.09105691313743591,0.16766467690467834,0.1677335500717163
YJL177W,YOR205C,0,0.38287377,0.09100758284330368,0.16766467690467834,0.16783356666564941
YNR063W,YCR003W,0,0.38245296,0.09095831215381622,0.16766467690467834,0.16793358325958252
YJL063C,YDL178W,0,0.38156652,0.09090909361839294,0.16766467690467834,0.16803359985351562
YCL026C-A,YER073W,0,0.38106406,0.09085992723703384,0.16766467690467834,0.16813363134860992
YDR294C,YGR271C-A,0,0.38091484,0.09081081300973892,0.16766467690467834,0.16823364794254303
YJR091C,YJL020C,0,0.38071457,0.09076175093650818,0.16766467690467834,0.16833366453647614
YGL166W,YDR480W,0,0.38008332,0.09071274101734161,0.16766467690467834,0.16843368113040924
YBR302C,YHR191C,0,0.37996793,0.09066379070281982,0.16766467690467834,0.16853371262550354
YHL022C,YDR540C,0,0.3794976,0.09061488509178162,0.16766467690467834,0.16863372921943665
YNL037C,YKL209C,0,0.37935546,0.09056603908538818,0.16766467690467834,0.16873374581336975
YPL237W,YCL026C-A,0,0.37838832,0.09051723778247833,0.16766467690467834,0.16883376240730286
YNL124W,YJR144W,0,0.37820908,0.09046849608421326,0.16766467690467834,0.16893379390239716
YHR091C,YBL066C,0,0.37819895,0.09041980654001236,0.16766467690467834,0.16903381049633026
YJL184W,YHR152W,0,0.3781066,0.09037116914987564,0.16766467690467834,0.16913382709026337
YDR119W,YER073W,0,0.37740263,0.0903225839138031,0.16766467690467834,0.16923384368419647
YKL035W,YKL084W,0,0.3771599,0.09027404338121414,0.16766467690467834,0.16933386027812958
YDR016C,YLR144C,0,0.37702358,0.09022556245326996,0.16766467690467834,0.16943389177322388
YKL129C,YCL034W,1,0.37688613,0.09071390330791473,0.1686626672744751,0.16943389177322388
YAR042W,YOR008C,1,0.37587312,0.09120171517133713,0.16966067254543304,0.16943389177322388
YBL102W,YKL208W,0,0.37501627,0.09115281701087952,0.16966067254543304,0.16953390836715698
YKL211C,YLR421C,0,0.37473977,0.09110396355390549,0.16966067254543304,0.1696339249610901
YDR388W,YOR237W,1,0.37473446,0.09159078449010849,0.170658677816391,0.1696339249610901
YER166W,YIR006C,1,0.37451178,0.0920770913362503,0.17165668308734894,0.1696339249610901
YNR075W,YIL095W,1,0.3731761,0.09256286919116974,0.17265468835830688,0.1696339249610901
YPL084W,YDR255C,0,0.37301055,0.09251336753368378,0.17265468835830688,0.1697339415550232
YHR196W,YPL066W,0,0.37287712,0.09246392548084259,0.17265468835830688,0.1698339730501175
YOR343C-B,YNL220W,0,0.37180376,0.09241452813148499,0.17265468835830688,0.1699339896440506
YDR182W,YIR007W,0,0.37145078,0.09236519038677216,0.17265468835830688,0.1700340062379837
YAR003W,YPL128C,0,0.37141877,0.0923159047961235,0.17265468835830688,0.1701340228319168
YOR030W,YML026C,0,0.3708171,0.09226666390895844,0.17265468835830688,0.17023403942584991
YHL007C,YDR354W,0,0.37036356,0.09221748262643814,0.17265468835830688,0.1703340709209442
YNL053W,YDL147W,0,0.37032458,0.09216835349798203,0.17265468835830688,0.17043408751487732
YBR210W,YKL222C,0,0.37018865,0.09211927652359009,0.17265468835830688,0.17053410410881042
YNL071W,YGL131C,0,0.37011608,0.09207025170326233,0.17265468835830688,0.17063412070274353
YLR332W,YFL055W,0,0.3697077,0.09202127903699875,0.17265468835830688,0.17073415219783783
YDR073W,YPL230W,0,0.36841863,0.09197235852479935,0.17265468835830688,0.17083416879177094
YHR091C,YLL042C,0,0.368134,0.09192348271608353,0.17265468835830688,0.17093418538570404
YMR266W,YLR341W,0,0.36776936,0.09187466651201248,0.17265468835830688,0.17103420197963715
YDL161W,YIL048W,1,0.36776656,0.09235668927431107,0.17365269362926483,0.17103420197963715
YBL067C,YGR163W,0,0.36769384,0.0923076942563057,0.17365269362926483,0.17113423347473145
YLR210W,YML026C,0,0.36764795,0.0922587513923645,0.17365269362926483,0.17123425006866455
YIR033W,YNL139C,0,0.367381,0.09220985323190689,0.17365269362926483,0.17133426666259766
YDR452W,YML118W,0,0.36726955,0.09216101467609406,0.17365269362926483,0.17143428325653076
YPL045W,YGL187C,0,0.36719784,0.0921122282743454,0.17365269362926483,0.17153429985046387
YFL016C,YIL016W,0,0.36700222,0.09206349402666092,0.17365269362926483,0.17163433134555817
YOR329C,YGL156W,0,0.36645713,0.09201480448246002,0.17365269362926483,0.17173434793949127
YCR066W,YDR225W,0,0.36579722,0.0919661745429039,0.17365269362926483,0.17183436453342438
YLR297W,YLR034C,0,0.36542192,0.09191758930683136,0.17365269362926483,0.17193438112735748
YBL004W,YOR360C,0,0.36534765,0.0918690636754036,0.17365269362926483,0.17203441262245178
YNL021W,YDL049C,0,0.36507195,0.09182058274745941,0.17365269362926483,0.1721344292163849
YGR198W,YOL021C,0,0.3646359,0.0917721539735794,0.17365269362926483,0.172234445810318
YOR328W,YJL137C,0,0.36424017,0.09172377735376358,0.17365269362926483,0.1723344624042511
YGL038C,YDL161W,0,0.36392814,0.09167544543743134,0.17365269362926483,0.1724344938993454
YKR065C,YLR089C,0,0.3636343,0.09162717312574387,0.17365269362926483,0.1725345104932785
YBR152W,YNR032W,0,0.3635754,0.09157894551753998,0.17365269362926483,0.1726345270872116
YGL133W,YGR098C,0,0.36271197,0.09153077006340027,0.17365269362926483,0.17273454368114471
YLR166C,YJL111W,0,0.3626772,0.09148264676332474,0.17365269362926483,0.17283456027507782
YKL139W,YPL270W,0,0.3623194,0.09143457561731339,0.17365269362926483,0.17293459177017212
YGL206C,YNR035C,1,0.3619788,0.09191176295280457,0.17465069890022278,0.17293459177017212
YDL178W,YAL009W,0,0.36121297,0.09186352044343948,0.17465069890022278,0.17303460836410522
YGL099W,YHR072W,0,0.36069536,0.09181532263755798,0.17465069890022278,0.17313462495803833
YLR225C,YBR084C-A,0,0.36061895,0.09176717698574066,0.17465069890022278,0.17323464155197144
YOR205C,YLR355C,0,0.35961896,0.09171907603740692,0.17465069890022278,0.17333467304706573
YDR182W,YER054C,0,0.35952473,0.09167103469371796,0.17465069890022278,0.17343468964099884
YMR263W,YGR133W,0,0.35942286,0.09162303805351257,0.17465069890022278,0.17353470623493195
YER169W,YNL113W,0,0.35935026,0.09157509356737137,0.17465069890022278,0.17363472282886505
YMR014W,YBR215W,0,0.35928673,0.09152719378471375,0.17465069890022278,0.17373475432395935
YBR280C,YGL100W,0,0.35913372,0.0914793536067009,0.17465069890022278,0.17383477091789246
YLR057W,YJL091C,0,0.35910445,0.09143155813217163,0.17465069890022278,0.17393478751182556
YGR096W,YGR092W,0,0.35832757,0.09138381481170654,0.17465069890022278,0.17403480410575867
YGL224C,YOR339C,0,0.35812992,0.09133611619472504,0.17465069890022278,0.17413482069969177
YJL116C,YDL165W,0,0.3577987,0.09128846973180771,0.17465069890022278,0.17423485219478607
YPL020C,YLR119W,0,0.35678396,0.09124087542295456,0.17465069890022278,0.17433486878871918
YOR095C,YLR222C,0,0.35649416,0.09119333326816559,0.17465069890022278,0.17443488538265228
YOR339C,YLR355C,0,0.35640633,0.0911458358168602,0.17465069890022278,0.1745349019765854
YDR214W,YDR261C-C,0,0.35607743,0.09109838306903839,0.17465069890022278,0.1746349334716797
YLL036C,YFR044C,0,0.35499898,0.09105098992586136,0.17465069890022278,0.1747349500656128
YOR089C,YFL039C,1,0.35486493,0.0915236622095108,0.17564870417118073,0.1747349500656128
YJR090C,YOR202W,0,0.35438114,0.09147609025239944,0.17564870417118073,0.1748349666595459
YBL036C,YLR066W,0,0.3543477,0.09142857044935226,0.17564870417118073,0.174934983253479
YOL017W,YDL156W,0,0.3541716,0.09138110280036926,0.17564870417118073,0.1750349998474121
YJR007W,YDR099W,0,0.35410735,0.09133367985486984,0.17564870417118073,0.1751350313425064
YDL079C,YLR319C,0,0.35403204,0.0912863090634346,0.17564870417118073,0.17523504793643951
YMR190C,YJR044C,0,0.35366675,0.09123898297548294,0.17564870417118073,0.17533506453037262
YGR167W,YCR094W,1,0.35343084,0.09170984476804733,0.17664670944213867,0.17533506453037262
YCR008W,YDR037W,0,0.35280153,0.09166235476732254,0.17664670944213867,0.17543508112430573
YNL139C,YGR140W,0,0.35197586,0.09161490947008133,0.17664670944213867,0.17553511261940002
YBL045C,YEL003W,0,0.35168272,0.0915675088763237,0.17664670944213867,0.17563512921333313
YIL162W,YCR020W-B,0,0.35155633,0.09152016788721085,0.17664670944213867,0.17573514580726624
YGL086W,YGL029W,0,0.35041744,0.09147287160158157,0.17664670944213867,0.17583516240119934
YMR323W,YPR079W,0,0.3501178,0.09142562001943588,0.17664670944213867,0.17593519389629364
YML024W,YIL017C,0,0.3500933,0.09137842059135437,0.17664670944213867,0.17603521049022675
YDR363W,YOL148C,0,0.34941468,0.09133126586675644,0.17664670944213867,0.17613522708415985
YOL027C,YOR028C,0,0.34908402,0.09128417074680328,0.17664670944213867,0.17623524367809296
YPR140W,YGL257C,0,0.3489291,0.09123711287975311,0.17664670944213867,0.17633526027202606
YLR128W,YDR322C-A,0,0.3489125,0.09119010716676712,0.17664670944213867,0.17643529176712036
YER039C,YMR113W,0,0.3488703,0.0911431536078453,0.17664670944213867,0.17653530836105347
YKL112W,YDR147W,0,0.34878564,0.09109624475240707,0.17664670944213867,0.17663532495498657
YDR216W,YDL239C,0,0.3485067,0.09104938060045242,0.17664670944213867,0.17673534154891968
YNR054C,YPR104C,0,0.3482563,0.09100256860256195,0.17664670944213867,0.17683537304401398
YDR385W,YDL212W,0,0.3481744,0.09095580875873566,0.17664670944213867,0.17693538963794708
YDR322C-A,YGR277C,0,0.34810862,0.09090909361839294,0.17664670944213867,0.1770354062318802
YJL159W,YPR165W,0,0.3480935,0.09086242318153381,0.17664670944213867,0.1771354228258133
YPR171W,YEL027W,1,0.347881,0.09132888913154602,0.17764471471309662,0.1771354228258133
YOL060C,YJL154C,0,0.3478719,0.09128205478191376,0.17764471471309662,0.1772354543209076
YOR234C,YKR029C,0,0.34726608,0.09123526513576508,0.17764471471309662,0.1773354709148407
YJL028W,YPL266W,0,0.3470756,0.09118852764368057,0.17764471471309662,0.1774354875087738
YDL226C,YER074W-A,0,0.346967,0.09114183485507965,0.17764471471309662,0.1775355041027069
YHR016C,YLR342W,1,0.34651494,0.09160695970058441,0.17864271998405457,0.1775355041027069
YPR022C,YJR019C,0,0.3459776,0.09156010299921036,0.17864271998405457,0.17763552069664001
YOR229W,YCR008W,0,0.3457278,0.09151329100131989,0.17864271998405457,0.17773555219173431
YNL154C,YBR244W,0,0.34503502,0.09146653115749359,0.17864271998405457,0.17783556878566742
YNR032W,YDR210W-A,0,0.34497917,0.09141981601715088,0.17864271998405457,0.17793558537960052
YDR182W,YPL037C,0,0.34494695,0.09137315303087234,0.17864271998405457,0.17803560197353363
YAR042W,YOR237W,1,0.34487844,0.09183673560619354,0.1796407252550125,0.17803560197353363
YBR132C,YHR039C,0,0.34454286,0.09178990125656128,0.1796407252550125,0.17813563346862793
YNL082W,YDR322C-A,0,0.34448886,0.0917431190609932,0.1796407252550125,0.17823565006256104
YDR522C,YJL115W,0,0.34425652,0.09169638156890869,0.1796407252550125,0.17833566665649414
YPL211W,YIL162W,0,0.34336478,0.09164969623088837,0.1796407252550125,0.17843568325042725
YGL029W,YHR176W,0,0.34323406,0.09160305559635162,0.1796407252550125,0.17853569984436035
YOR327C,YLL038C,1,0.34300563,0.09206510335206985,0.18063871562480927,0.17853569984436035
YOL094C,YDR191W,0,0.34260413,0.09201829880475998,0.18063871562480927,0.17863573133945465
YKR001C,YLR453C,0,0.3422468,0.09197154641151428,0.18063871562480927,0.17873574793338776
YHR079C-A,YHL009W-A,0,0.34160826,0.09192483127117157,0.18063871562480927,0.17883576452732086
YBR199W,YOR073W,0,0.34122792,0.09187817573547363,0.18063871562480927,0.17893578112125397
YFL052W,YLR178C,0,0.34058636,0.09183155745267868,0.18063871562480927,0.17903581261634827
YLR057W,YJR125C,0,0.3404218,0.0917849913239479,0.18063871562480927,0.17913582921028137
YIL103W,YIR008C,0,0.34011006,0.09173846989870071,0.18063871562480927,0.17923584580421448
YKL035W,YPR140W,0,0.33922485,0.0916919931769371,0.18063871562480927,0.17933586239814758
YJL051W,YNL154C,0,0.33899003,0.09164556860923767,0.18063871562480927,0.17943589389324188
YAR042W,YNL154C,1,0.3389768,0.09210526198148727,0.1816367208957672,0.17943589389324188
YIL095W,YCR094W,1,0.33885092,0.09256449341773987,0.18263472616672516,0.17943589389324188
YLL028W,YER074W-A,0,0.3384567,0.09251769632101059,0.18263472616672516,0.179535910487175
YLR376C,YMR044W,0,0.33841965,0.09247094392776489,0.18263472616672516,0.1796359270811081
YDR142C,YGL210W-A,0,0.33798915,0.09242424368858337,0.18263472616672516,0.1797359436750412
YLR216C,YLL015W,0,0.33750093,0.09237758815288544,0.18263472616672516,0.1798359602689743
YGL033W,YGR247W,0,0.3372956,0.09233097732067108,0.18263472616672516,0.1799359917640686
YAL030W,YGR241C,1,0.33684894,0.0927887037396431,0.1836327314376831,0.1799359917640686
YKL213C,YLR256W,0,0.33619285,0.0927419364452362,0.1836327314376831,0.1800360083580017
YIR003W,YGL097W,0,0.3360855,0.0926952138543129,0.1836327314376831,0.18013602495193481
YJL177W,YHR062C,0,0.33490783,0.09264854341745377,0.1836327314376831,0.18023604154586792
YJL116C,YGR183C,0,0.33465084,0.09260191023349762,0.1836327314376831,0.18033607304096222
YLR320W,YKL008C,0,0.334474,0.09255532920360565,0.1836327314376831,0.18043608963489532
YOR034C,YOR008C,1,0.33369118,0.09301156550645828,0.18463073670864105,0.18043608963489532
YGL181W,YDR264C,1,0.3333195,0.0934673398733139,0.185628741979599,0.18043608963489532
YGR013W,YPR052C,0,0.33324724,0.09342039376497269,0.185628741979599,0.18053610622882843
YDR225W,YML008C,0,0.33281374,0.09337349236011505,0.185628741979599,0.18063612282276154
YFL024C,YHR042W,0,0.3321528,0.0933266431093216,0.185628741979599,0.18073615431785583
YMR052W,YAR014C,0,0.331987,0.09327983856201172,0.185628741979599,0.18083617091178894
YDL231C,YNL093W,1,0.33174014,0.09373433887958527,0.18662674725055695,0.18083617091178894
YDR446W,YDR261C-C,0,0.3298412,0.09368737787008286,0.18662674725055695,0.18093618750572205
YPR066W,YLL015W,0,0.3294801,0.09364046156406403,0.18662674725055695,0.18103620409965515
YDR221W,YML069W,0,0.32879913,0.09359358996152878,0.18662674725055695,0.18113622069358826
YNL037C,YML072C,0,0.32777482,0.09354677051305771,0.18662674725055695,0.18123625218868256
YOL027C,YGL055W,0,0.32760447,0.09350000321865082,0.18662674725055695,0.18133626878261566
YHR161C,YCR053W,1,0.32708943,0.09395302087068558,0.1876247525215149,0.18133626878261566
YPL088W,YOR190W,0,0.32693467,0.09390609711408615,0.1876247525215149,0.18143628537654877
YJL209W,YGL121C,0,0.32683283,0.09385921061038971,0.1876247525215149,0.18153630197048187
YPL020C,YJL093C,0,0.32637006,0.09381237626075745,0.1876247525215149,0.18163633346557617
YKL211C,YNL097C,0,0.32613313,0.09376558661460876,0.1876247525215149,0.18173635005950928
YMR202W,YAR066W,0,0.32380015,0.09371884167194366,0.1876247525215149,0.18183636665344238
YAR003W,YBR293W,0,0.32334876,0.09367214888334274,0.1876247525215149,0.1819363832473755
YBR084C-A,YPL012W,0,0.32320005,0.0936255007982254,0.1876247525215149,0.1820363998413086
YML130C,YDL004W,0,0.32312876,0.09357889741659164,0.1876247525215149,0.1821364313364029
YMR190C,YLR431C,0,0.32226005,0.09353233873844147,0.1876247525215149,0.182236447930336
YEL027W,YMR109W,1,0.32097217,0.09398309141397476,0.18862275779247284,0.182236447930336
YDR214W,YCL026C-A,0,0.32061762,0.09393638372421265,0.18862275779247284,0.1823364645242691
YLR298C,YKL160W,0,0.31832597,0.09388971328735352,0.18862275779247284,0.1824364811182022
YHR161C,YER125W,1,0.31796706,0.09433962404727936,0.1896207630634308,0.1824364811182022
YBR019C,YJL111W,0,0.31793576,0.09429280459880829,0.1896207630634308,0.1825365126132965
YGR289C,YGL012W,0,0.31782815,0.0942460298538208,0.1896207630634308,0.18263652920722961
YER119C,YLR393W,0,0.3178264,0.09419930726289749,0.1896207630634308,0.18273654580116272
YIR022W,YPR094W,0,0.31677502,0.09415262937545776,0.1896207630634308,0.18283656239509583
YDR452W,YLR133W,0,0.31640664,0.09410599619150162,0.1896207630634308,0.18293659389019012
YAR003W,YNL087W,0,0.31586057,0.09405940771102905,0.1896207630634308,0.18303661048412323
YDR293C,YLR110C,0,0.3155336,0.09401286393404007,0.1896207630634308,0.18313662707805634
YKL008C,YFL050C,0,0.31540748,0.09396637231111526,0.1896207630634308,0.18323664367198944
YDR142C,YLR089C,0,0.31529295,0.09391991794109344,0.1896207630634308,0.18333666026592255
YCR042C,YBR293W,0,0.31501585,0.0938735157251358,0.1896207630634308,0.18343669176101685
YDR069C,YBR207W,1,0.31473,0.09432099014520645,0.19061876833438873,0.18343669176101685
YER018C,YDL165W,0,0.3144113,0.09427443146705627,0.19061876833438873,0.18353670835494995
YHR143W-A,YLR136C,0,0.3143472,0.09422792494297028,0.19061876833438873,0.18363672494888306
YDL005C,YGL077C,0,0.3139238,0.09418146312236786,0.19061876833438873,0.18373674154281616
YHR073W,YDR490C,1,0.31361127,0.09462789446115494,0.19161677360534668,0.18373674154281616
YER019W,YLR340W,0,0.31347656,0.09458128362894058,0.19161677360534668,0.18383677303791046
YNL224C,YKR025W,0,0.31345344,0.09453471004962921,0.19161677360534668,0.18393678963184357
YFL034C-B,YLL032C,0,0.3131578,0.09448818862438202,0.19161677360534668,0.18403680622577667
YDR084C,YGR038C-B,0,0.3125229,0.09444171190261841,0.19161677360534668,0.18413682281970978
YKR013W,YIR003W,0,0.31179005,0.09439527988433838,0.19161677360534668,0.18423685431480408
YBL046W,YAR066W,0,0.31088632,0.09434889256954193,0.19161677360534668,0.18433687090873718
YGR157W,YBR056W,0,0.31084818,0.09430255740880966,0.19161677360534668,0.1844368875026703
YDR141C,YLR178C,0,0.3106929,0.09425625950098038,0.19161677360534668,0.1845369040966034
YJR091C,YHL013C,0,0.3105421,0.09421000629663467,0.19161677360534668,0.1846369206905365
YBR077C,YBR079C,0,0.30985105,0.09416380524635315,0.19161677360534668,0.1847369521856308
YPR058W,YML008C,0,0.30956888,0.0941176488995552,0.19161677360534668,0.1848369687795639
YNR073C,YLR421C,0,0.30849668,0.09407153725624084,0.19161677360534668,0.184936985373497
YNL169C,YNL241C,0,0.3072927,0.09402546286582947,0.19161677360534668,0.18503700196743011
YBL102W,YOR088W,0,0.30724669,0.09397944062948227,0.19161677360534668,0.18513703346252441
YER119C,YLR256W,0,0.30698752,0.09393346309661865,0.19161677360534668,0.18523705005645752
YFL034C-B,YMR161W,0,0.3065917,0.09388753026723862,0.19161677360534668,0.18533706665039062
YPL055C,YDR162C,0,0.3061627,0.09384164214134216,0.19161677360534668,0.18543708324432373
YPL024W,YPL124W,0,0.30608696,0.09379579871892929,0.19161677360534668,0.18553711473941803
YBR207W,YCR028C,1,0.30573165,0.09423828125,0.19261476397514343,0.18553711473941803
YFR028C,YJR159W,0,0.30558792,0.09419228881597519,0.19261476397514343,0.18563713133335114
YPR121W,YNR032W,0,0.30520535,0.09414634108543396,0.19261476397514343,0.18573714792728424
YOL021C,YNL097C,0,0.30503786,0.09410043805837631,0.19261476397514343,0.18583716452121735
YBR207W,YOR034C,1,0.30383593,0.09454190731048584,0.19361276924610138,0.18583716452121735
YDL212W,YER016W,0,0.30380556,0.09449586272239685,0.19361276924610138,0.18593718111515045
YCL011C,YAL042W,0,0.30348358,0.09444985538721085,0.19361276924610138,0.18603721261024475
YMR052W,YJL093C,0,0.30283254,0.09440389275550842,0.19361276924610138,0.18613722920417786
YMR021C,YNL014W,0,0.30281213,0.09435797482728958,0.19361276924610138,0.18623724579811096
YNL224C,YER075C,0,0.30258283,0.09431210160255432,0.19361276924610138,0.18633726239204407
YKR014C,YCL034W,1,0.30149794,0.09475218504667282,0.19461077451705933,0.18633726239204407
YLR132C,YLL042C,0,0.30117917,0.09470617026090622,0.19461077451705933,0.18643729388713837
YNR023W,YFL050C,0,0.30088645,0.0946601927280426,0.19461077451705933,0.18653731048107147
YDR522C,YNL312W,0,0.30039507,0.09461426734924316,0.19461077451705933,0.18663732707500458
YLR388W,YHR102W,0,0.30039287,0.09456837922334671,0.19461077451705933,0.18673734366893768
YOL088C,YOL137W,0,0.30010623,0.09452254325151443,0.19461077451705933,0.1868373602628708
YHL009W-A,YBR008C,0,0.299184,0.09447674453258514,0.19461077451705933,0.1869373917579651
YKL101W,YBL003C,0,0.29913682,0.09443099051713943,0.19461077451705933,0.1870374083518982
YCL019W,YFL003C,0,0.29891306,0.0943852886557579,0.19461077451705933,0.1871374249458313
YFR028C,YLR117C,0,0.29816422,0.09433962404727936,0.19461077451705933,0.1872374415397644
YKR098C,YCR042C,0,0.29775485,0.0942940041422844,0.19461077451705933,0.1873374730348587
YDR202C,YNL099C,0,0.2973717,0.09424842894077301,0.19461077451705933,0.1874374896287918
YIL103W,YKL167C,0,0.2972528,0.09420289844274521,0.19461077451705933,0.18753750622272491
YLR342W,YNL177C,0,0.2960644,0.09415741264820099,0.19461077451705933,0.18763752281665802
YCR067C,YMR291W,0,0.29571477,0.09411197155714035,0.19461077451705933,0.18773755431175232
YOR202W,YPL270W,0,0.29542458,0.0940665677189827,0.19461077451705933,0.18783757090568542
YOR022C,YGR132C,0,0.29514524,0.09402121603488922,0.19461077451705933,0.18793758749961853
YDR191W,YBR167C,0,0.29484445,0.09397590160369873,0.19461077451705933,0.18803760409355164
YDR073W,YCR071C,0,0.2947379,0.09393063932657242,0.19461077451705933,0.18813762068748474
YJL204C,YGR161C-C,0,0.29473045,0.09388541430234909,0.19461077451705933,0.18823765218257904
YDR314C,YGR206W,0,0.29463887,0.09384023398160934,0.19461077451705933,0.18833766877651215
YGR013W,YGR289C,0,0.29451627,0.09379509091377258,0.19461077451705933,0.18843768537044525
YMR113W,YDR450W,0,0.29434192,0.09375,0.19461077451705933,0.18853770196437836
YIR035C,YLR089C,0,0.29356998,0.0937049463391304,0.19461077451705933,0.18863773345947266
YHL020C,YGR289C,0,0.29353124,0.09365994483232498,0.19461077451705933,0.18873775005340576
YIR022W,YNL113W,0,0.29349023,0.09361498057842255,0.19461077451705933,0.18883776664733887
YHR216W,YKR067W,0,0.29313844,0.09357006102800369,0.19461077451705933,0.18893778324127197
YKR014C,YLR206W,1,0.29278266,0.0940047949552536,0.19560877978801727,0.18893778324127197
YGR028W,YPL024W,0,0.29274836,0.0939597338438034,0.19560877978801727,0.18903781473636627
YGL131C,YOR022C,0,0.29271895,0.0939147099852562,0.19560877978801727,0.18913783133029938
YPL237W,YLR229C,0,0.29235584,0.09386973083019257,0.19560877978801727,0.18923784792423248
YFR046C,YEL011W,0,0.29080743,0.09382479637861252,0.19560877978801727,0.1893378645181656
YDR194C,YBR171W,0,0.29077435,0.09377990663051605,0.19560877978801727,0.1894378811120987
YLR070C,YGR206W,0,0.29066873,0.09373505413532257,0.19560877978801727,0.189537912607193
YHR073W,YER125W,1,0.2902726,0.09416826069355011,0.19660678505897522,0.189537912607193
YHR039C,YEL060C,0,0.29018098,0.09412326663732529,0.19660678505897522,0.1896379292011261
YIL049W,YDL049C,0,0.2899707,0.09407831728458405,0.19660678505897522,0.1897379457950592
YNL134C,YKL167C,0,0.2896697,0.09403341263532639,0.19660678505897522,0.1898379623889923
YML131W,YOL089C,0,0.28945747,0.09398855268955231,0.19660678505897522,0.1899379938840866
YIL041W,YBR098W,0,0.28944513,0.09394372999668121,0.19660678505897522,0.19003801047801971
YGL206C,YDR490C,1,0.28932068,0.0943755954504013,0.19760479032993317,0.19003801047801971
YJL063C,YOR361C,0,0.2890557,0.09433063119649887,0.19760479032993317,0.19013802707195282
YGL100W,YKR001C,0,0.28860936,0.09428571164608002,0.19760479032993317,0.19023804366588593
YOR344C,YCR070W,0,0.28788882,0.09424083679914474,0.19760479032993317,0.19033806025981903
YMR323W,YGL207W,0,0.28736126,0.09419600665569305,0.19760479032993317,0.19043809175491333
YMR236W,YMR134W,0,0.2871129,0.09415121376514435,0.19760479032993317,0.19053810834884644
YCR066W,YAL047C,0,0.28707838,0.09410646557807922,0.19760479032993317,0.19063812494277954
YBR234C,YKL112W,0,0.28655222,0.09406175464391708,0.19760479032993317,0.19073814153671265
YML123C,YCR043C,0,0.28587973,0.09401709586381912,0.19760479032993317,0.19083817303180695
YIR013C,YPL012W,0,0.28585148,0.09397247433662415,0.19760479032993317,0.19093818962574005
YNL075W,YPR158W-A,0,0.28544563,0.09392789006233215,0.19760479032993317,0.19103820621967316
YMR119W,YDR519W,0,0.2853797,0.09388335794210434,0.19760479032993317,0.19113822281360626
YDR264C,YOR322C,1,0.28534395,0.09431279450654984,0.1986027956008911,0.19113822281360626
YMR266W,YOR328W,0,0.28419498,0.09426812082529068,0.1986027956008911,0.19123825430870056
YCR028C,YDR490C,1,0.2832208,0.09469696879386902,0.19960080087184906,0.19123825430870056
YOR149C,YKL222C,0,0.282876,0.09465215355157852,0.19960080087184906,0.19133827090263367
YLR405W,YCR033W,0,0.28242326,0.0946073830127716,0.19960080087184906,0.19143828749656677
YNL090W,YLR393W,0,0.28216103,0.09456264972686768,0.19960080087184906,0.19153830409049988
YGL013C,YPL012W,0,0.28207928,0.09451796114444733,0.19960080087184906,0.19163832068443298
YNR073C,YAR071W,0,0.28144187,0.09447330981492996,0.19960080087184906,0.19173835217952728
YDR541C,YDR382W,0,0.28142577,0.09442870318889618,0.19960080087184906,0.1918383687734604
YIL049W,YNR051C,0,0.28111842,0.09438414126634598,0.19960080087184906,0.1919383853673935
YKR080W,YNL014W,0,0.28041846,0.09433962404727936,0.19960080087184906,0.1920384019613266
YDR097C,YDL174C,0,0.27973223,0.09429514408111572,0.19960080087184906,0.1921384334564209
YKR010C,YJR093C,0,0.27914318,0.09425070881843567,0.19960080087184906,0.192238450050354
YKL091C,YOL033W,0,0.2790949,0.0942063108086586,0.19960080087184906,0.1923384666442871
YLR064W,YML008C,0,0.2786534,0.09416195750236511,0.19960080087184906,0.19243848323822021
YLR410W,YCR079W,0,0.27837777,0.0941176488995552,0.19960080087184906,0.19253851473331451
YMR109W,YNL297C,1,0.27729994,0.09454374760389328,0.200598806142807,0.19253851473331451
YCL040W,YHR128W,0,0.2771734,0.09449929744005203,0.200598806142807,0.19263853132724762
YNL315C,YFR055W,0,0.27717125,0.09445488452911377,0.200598806142807,0.19273854792118073
YBR203W,YOL060C,0,0.27707312,0.09441052377223969,0.200598806142807,0.19283856451511383
YPL032C,YCR043C,0,0.27657723,0.09436620026826859,0.200598806142807,0.19293858110904694
YLR405W,YCR089W,0,0.27613416,0.09432191401720047,0.200598806142807,0.19303861260414124
YPR171W,YOR327C,1,0.27540985,0.09474671632051468,0.20159681141376495,0.19303861260414124
YNL154C,YER125W,1,0.27438727,0.09517112374305725,0.2025948166847229,0.19303861260414124
YIL099W,YEL004W,0,0.27382377,0.09512652456760406,0.2025948166847229,0.19313862919807434
YHR098C,YLL039C,0,0.27336648,0.09508197009563446,0.2025948166847229,0.19323864579200745
YLR070C,YOR007C,0,0.27296656,0.09503745287656784,0.2025948166847229,0.19333866238594055
YNL169C,YDR255C,0,0.27285337,0.0949929803609848,0.2025948166847229,0.19343869388103485
YGL184C,YKL160W,0,0.272568,0.09494855254888535,0.2025948166847229,0.19353871047496796
YFL009W,YLR424W,0,0.27213636,0.09490416198968887,0.2025948166847229,0.19363872706890106
YML008C,YMR029C,0,0.2719864,0.09485981613397598,0.2025948166847229,0.19373874366283417
YNL069C,YDR489W,0,0.2714034,0.09481550753116608,0.2025948166847229,0.19383877515792847
YLR262C,YGL121C,0,0.2710761,0.09477124363183975,0.2025948166847229,0.19393879175186157
YJL204C,YDR541C,0,0.27052587,0.09472701698541641,0.2025948166847229,0.19403880834579468
YDR194C,YDR522C,0,0.2703012,0.09468283504247665,0.2025948166847229,0.19413882493972778
YOR141C,YPL118W,0,0.27023152,0.09463869780302048,0.2025948166847229,0.1942388415336609
YGR203W,YOR339C,0,0.26953402,0.09459459781646729,0.2025948166847229,0.1943388730287552
YGL181W,YKR014C,1,0.2693837,0.09501630067825317,0.20359280705451965,0.1943388730287552
YPL004C,YHR135C,1,0.26901698,0.09543761610984802,0.2045908123254776,0.1943388730287552
YJL204C,YLR337W,1,0.26851964,0.09585853666067123,0.20558881759643555,0.1943388730287552
YOR149C,YMR190C,0,0.26819196,0.09581395238637924,0.20558881759643555,0.1944388896226883
YNL014W,YGR041W,0,0.26807326,0.09576941281557083,0.20558881759643555,0.1945389062166214
YBR154C,YNR046W,0,0.2679512,0.0957249104976654,0.20558881759643555,0.1946389228105545
YGL201C,YIR013C,0,0.26767614,0.09568044543266296,0.20558881759643555,0.1947389543056488
YOR141C,YIL065C,0,0.26762015,0.0956360250711441,0.20558881759643555,0.1948389708995819
YDL165W,YML010W,0,0.26707974,0.09559164941310883,0.20558881759643555,0.19493898749351501
YGL029W,YGR289C,0,0.2663786,0.09554731100797653,0.20558881759643555,0.19503900408744812
YNL300W,YGR098C,0,0.2657806,0.09550300985574722,0.20558881759643555,0.19513902068138123
YDR237W,YML010W,0,0.26514798,0.09545876085758209,0.20558881759643555,0.19523905217647552
YGL023C,YML046W,0,0.2650712,0.09541454166173935,0.20558881759643555,0.19533906877040863
YGR091W,YOR375C,0,0.26487973,0.09537036716938019,0.20558881759643555,0.19543908536434174
YMR263W,YGL187C,0,0.2642263,0.09532623738050461,0.20558881759643555,0.19553910195827484
YGL086W,YBL071W-A,0,0.26385376,0.09528214484453201,0.20558881759643555,0.19563913345336914
YMR044W,YMR167W,0,0.26379612,0.095238097012043,0.20558881759643555,0.19573915004730225
YPR165W,YER094C,0,0.26364964,0.09519408643245697,0.20558881759643555,0.19583916664123535
YPL004C,YGR086C,1,0.26327133,0.09561201184988022,0.2065868228673935,0.19583916664123535
YOL017W,YMR244C-A,0,0.2631324,0.09556786715984344,0.2065868228673935,0.19593918323516846
YGR183C,YJL002C,0,0.2629787,0.09552376717329025,0.2065868228673935,0.19603921473026276
YNL186W,YMR068W,0,0.26296324,0.09547970443964005,0.2065868228673935,0.19613923132419586
YPR121W,YGL055W,0,0.2626026,0.09543568640947342,0.2065868228673935,0.19623924791812897
YKL220C,YPL057C,0,0.26206526,0.09539170563220978,0.2065868228673935,0.19633926451206207
YKL220C,YPL228W,0,0.26162475,0.09534776955842972,0.2065868228673935,0.19643928110599518
YNL002C,YER035W,0,0.2615028,0.09530387073755264,0.2065868228673935,0.19653931260108948
YBL047C,YOR089C,1,0.26116192,0.09572020173072815,0.20758482813835144,0.19653931260108948
YKR080W,YPL060C-A,0,0.26097453,0.09567617624998093,0.20758482813835144,0.19663932919502258
YJL063C,YBR253W,0,0.2607435,0.09563218057155609,0.20758482813835144,0.1967393457889557
YDL025C,YIR035C,0,0.2605595,0.09558823704719543,0.20758482813835144,0.1968393623828888
YOL034W,YOL021C,0,0.25999618,0.09554433077573776,0.20758482813835144,0.1969393938779831
YPL164C,YFL018C,0,0.25986266,0.09550046175718307,0.20758482813835144,0.1970394104719162
YHL009C,YLL036C,0,0.25978684,0.09545662999153137,0.20758482813835144,0.1971394270658493
YBR201W,YJL036W,0,0.25968912,0.09541284292936325,0.20758482813835144,0.1972394436597824
YGL181W,YLR308W,0,0.25920945,0.09536909312009811,0.20758482813835144,0.1973394751548767
YBR204C,YBR110W,0,0.25911087,0.09532538801431656,0.20758482813835144,0.19743949174880981
YKR086W,YDL092W,0,0.25847363,0.09528172016143799,0.20758482813835144,0.19753950834274292
YIL010W,YCR083W,0,0.25843725,0.095238097012043,0.20758482813835144,0.19763952493667603
YLR262C,YCR024C-A,0,0.25838214,0.095194511115551,0.20758482813835144,0.19773954153060913
YDL002C,YML038C,0,0.25833845,0.09515096247196198,0.20758482813835144,0.19783957302570343
YDL004W,YGR121C,0,0.2582621,0.09510745108127594,0.20758482813835144,0.19793958961963654
YBL004W,YCR043C,0,0.2582422,0.09506398439407349,0.20758482813835144,0.19803960621356964
YBR234C,YHR043C,0,0.25804973,0.09502055495977402,0.20758482813835144,0.19813962280750275
YFL062W,YER073W,0,0.25796655,0.09497717022895813,0.20758482813835144,0.19823965430259705
YDR522C,YPR056W,0,0.2579601,0.09493382275104523,0.20758482813835144,0.19833967089653015
YIL117C,YMR116C,0,0.25724295,0.09489051252603531,0.20758482813835144,0.19843968749046326
YGL017W,YPL016W,0,0.25664815,0.09484723955392838,0.20758482813835144,0.19853970408439636
YLR369W,YJR044C,0,0.25597268,0.09480401128530502,0.20758482813835144,0.19863972067832947
YDR349C,YDR324C,0,0.25582147,0.09476082026958466,0.20758482813835144,0.19873975217342377
YDL232W,YLR135W,0,0.2554021,0.09471766650676727,0.20758482813835144,0.19883976876735687
YDR519W,YHR016C,0,0.2549921,0.09467455744743347,0.20758482813835144,0.19893978536128998
YGL131C,YDR001C,0,0.2549054,0.09463148564100266,0.20758482813835144,0.19903980195522308
YPL242C,YHR143W-A,0,0.25464448,0.09458845108747482,0.20758482813835144,0.19913983345031738
YDR093W,YOR008C,1,0.25407138,0.0949999988079071,0.2085828334093094,0.19913983345031738
YHR098C,YNR036C,0,0.25357735,0.09495683759450912,0.2085828334093094,0.1992398500442505
YPL164C,YER075C,0,0.25310934,0.09491371363401413,0.2085828334093094,0.1993398666381836
YPL242C,YPR022C,0,0.25304186,0.09487063437700272,0.2085828334093094,0.1994398832321167
YBR103W,YDR143C,0,0.25259003,0.09482758492231369,0.2085828334093094,0.199539914727211
YBR217W,YPL232W,0,0.25199372,0.09478458017110825,0.2085828334093094,0.1996399313211441
YBR139W,YHR045W,0,0.2519489,0.09474161267280579,0.2085828334093094,0.1997399479150772
YDR261C-C,YDR394W,0,0.25108677,0.09469868242740631,0.2085828334093094,0.19983996450901031
YLR398C,YML010W,0,0.25108647,0.09465579688549042,0.2085828334093094,0.19993998110294342
YNL299W,YKR046C,0,0.25105366,0.09461294859647751,0.2085828334093094,0.20004001259803772
YBL066C,YHR043C,0,0.2510201,0.09457013756036758,0.2085828334093094,0.20014002919197083
YGL011C,YMR083W,0,0.25086838,0.09452736377716064,0.2085828334093094,0.20024004578590393
YGR275W,YOR339C,0,0.25080642,0.09448462724685669,0.2085828334093094,0.20034006237983704
YCR028C-A,YDL239C,0,0.25051856,0.09444193542003632,0.2085828334093094,0.20044009387493134
YJR093C,YIL168W,0,0.25040904,0.09439928084611893,0.2085828334093094,0.20054011046886444
YEL020C,YJL099W,0,0.2502237,0.09435665607452393,0.2085828334093094,0.20064012706279755
YDL066W,YIR010W,0,0.25009206,0.0943140760064125,0.2085828334093094,0.20074014365673065
YDR307W,YHL009W-A,0,0.24991253,0.09427154064178467,0.2085828334093094,0.20084017515182495
YNR056C,YGL210W-A,0,0.24951497,0.09422903507947922,0.2085828334093094,0.20094019174575806
YNL139C,YDR153C,0,0.24932179,0.09418657422065735,0.2085828334093094,0.20104020833969116
YPR020W,YDR085C,0,0.24922182,0.09414414316415787,0.2085828334093094,0.20114022493362427
YJR095W,YKR001C,0,0.2490681,0.09410175681114197,0.2085828334093094,0.20124024152755737
YOR234C,YJL111W,0,0.24839595,0.09405940771102905,0.2085828334093094,0.20134027302265167
YBR068C,YNR075W,0,0.24830723,0.09401709586381912,0.2085828334093094,0.20144028961658478
YNR032W,YER018C,0,0.2480621,0.09397482126951218,0.2085828334093094,0.20154030621051788
YDR221W,YKR092C,0,0.24798477,0.09393258392810822,0.2085828334093094,0.201640322804451
YGL145W,YPL266W,0,0.2476498,0.09389038383960724,0.2085828334093094,0.2017403542995453
YDR339C,YMR251W-A,0,0.24712849,0.09384822845458984,0.2085828334093094,0.2018403708934784
YDR191W,YIL082W-A,0,0.24670702,0.09380610287189484,0.2085828334093094,0.2019403874874115
YCL040W,YBR167C,0,0.24661946,0.09376402199268341,0.2085828334093094,0.2020404040813446
YHR161C,YDR490C,1,0.24643186,0.09417040646076202,0.20958083868026733,0.2020404040813446
YLR371W,YIL095W,1,0.24577251,0.09457642585039139,0.21057884395122528,0.2020404040813446
YOR149C,YDL188C,0,0.24563791,0.09453404694795609,0.21057884395122528,0.2021404206752777
YLR013W,YCR042C,0,0.24544942,0.09449171274900436,0.21057884395122528,0.202240452170372
YDR016C,YNL021W,0,0.24511486,0.09444941580295563,0.21057884395122528,0.20234046876430511
YNR035C,YDR129C,1,0.24494499,0.09485458582639694,0.21157684922218323,0.20234046876430511
YBR126C,YNL037C,0,0.24482161,0.09481216222047806,0.21157684922218323,0.20244048535823822
YDR147W,YJR019C,0,0.24477975,0.09476978331804276,0.21157684922218323,0.20254050195217133
YPL020C,YLL010C,0,0.24440299,0.09472743421792984,0.21157684922218323,0.20264053344726562
YLR166C,YJL203W,0,0.24396259,0.0946851298213005,0.21157684922218323,0.20274055004119873
YJL051W,YDL165W,0,0.24337582,0.09464285522699356,0.21157684922218323,0.20284056663513184
YKR060W,YCR083W,0,0.243168,0.0946006253361702,0.21157684922218323,0.20294058322906494
YPL236C,YOL033W,0,0.24312261,0.09455843269824982,0.21157684922218323,0.20304061472415924
YHL007C,YLR399C,0,0.243012,0.09451626986265182,0.21157684922218323,0.20314063131809235
YLR423C,YFR028C,0,0.24266577,0.09447415173053741,0.21157684922218323,0.20324064791202545
YHR123W,YGL179C,0,0.2424865,0.09443207085132599,0.21157684922218323,0.20334066450595856
YGL121C,YBR154C,0,0.24220529,0.09439002722501755,0.21157684922218323,0.20344068109989166
YNL124W,YHR203C,0,0.24138328,0.09434802085161209,0.21157684922218323,0.20354071259498596
YDR153C,YNL087W,0,0.24101624,0.09430605173110962,0.21157684922218323,0.20364072918891907
YBR216C,YKR001C,0,0.24065249,0.09426411986351013,0.21157684922218323,0.20374074578285217
YLR013W,YNL256W,0,0.24053788,0.09422222524881363,0.21157684922218323,0.20384076237678528
YMR052W,YNL014W,0,0.24000847,0.09418036788702011,0.21157684922218323,0.20394079387187958
YMR236W,YPL003W,0,0.2399541,0.09413854032754898,0.21157684922218323,0.20404081046581268
YMR164C,YIL073C,0,0.23985577,0.09409675747156143,0.21157684922218323,0.2041408270597458
YFL009W,YLR013W,0,0.23826335,0.09405501186847687,0.21157684922218323,0.2042408436536789
YPL084W,YDR484W,0,0.23799112,0.09401330351829529,0.21157684922218323,0.2043408751487732
YDR462W,YNL169C,0,0.23768294,0.0939716324210167,0.21157684922218323,0.2044408917427063
YDR016C,YOR344C,0,0.23683164,0.09392999857664108,0.21157684922218323,0.2045409083366394
YNL264C,YBR167C,0,0.23653042,0.09388839453458786,0.21157684922218323,0.2046409249305725
YDR541C,YNL035C,0,0.23575556,0.09384683519601822,0.21157684922218323,0.20474094152450562
YAR071W,YPL012W,0,0.23506911,0.09380531311035156,0.21157684922218323,0.20484097301959991
YPL268W,YPR065W,0,0.23478127,0.0937638208270073,0.21157684922218323,0.20494098961353302
YCL062W,YDR450W,0,0.23475973,0.0937223732471466,0.21157684922218323,0.20504100620746613
YDR365W-B,YEL042W,0,0.23467955,0.0936809554696083,0.21157684922218323,0.20514102280139923
YJL184W,YLR424W,0,0.23434843,0.09363957494497299,0.21157684922218323,0.20524105429649353
YML114C,YLL036C,0,0.23428844,0.09359823167324066,0.21157684922218323,0.20534107089042664
YFL052W,YIL103W,0,0.23291065,0.09355692565441132,0.21157684922218323,0.20544108748435974
YER006W,YDL044C,0,0.23227441,0.09351565688848495,0.21157684922218323,0.20554110407829285
YOR298C-A,YJL122W,0,0.23210482,0.09347442537546158,0.21157684922218323,0.20564113557338715
YCR028C,YNL093W,1,0.23155501,0.09387395530939102,0.21257485449314117,0.20564113557338715
YKL222C,YML024W,0,0.23136435,0.0938325971364975,0.21257485449314117,0.20574115216732025
YMR079W,YGL002W,0,0.23118614,0.09379128366708755,0.21257485449314117,0.20584116876125336
YER026C,YDR331W,0,0.23085871,0.09375,0.21257485449314117,0.20594118535518646
YPL266W,YCR043C,0,0.22968647,0.09370875358581543,0.21257485449314117,0.20604120194911957
YIL121W,YIR013C,0,0.22967777,0.09366754442453384,0.21257485449314117,0.20614123344421387
YLR064W,YDL079C,0,0.22960833,0.09362637251615524,0.21257485449314117,0.20624125003814697
YJR113C,YBL071W-A,0,0.22933492,0.09358523786067963,0.21257485449314117,0.20634126663208008
YJL051W,YKR025W,0,0.22916117,0.093544140458107,0.21257485449314117,0.20644128322601318
YOR043W,YIL041W,1,0.22818294,0.0939420536160469,0.21357285976409912,0.20644128322601318
YEL034W,YNL125C,0,0.22795749,0.09390083700418472,0.21357285976409912,0.20654131472110748
YPR104C,YCR068W,0,0.227418,0.09385965019464493,0.21357285976409912,0.2066413313150406
YDR524C-B,YNR039C,0,0.22674453,0.09381850063800812,0.21357285976409912,0.2067413479089737
YDR302W,YPL072W,0,0.22671568,0.09377738833427429,0.21357285976409912,0.2068413645029068
YHR216W,YLR449W,0,0.22620891,0.09373631328344345,0.21357285976409912,0.2069413810968399
YHR073W,YOR109W,1,0.22606558,0.09413310140371323,0.21457086503505707,0.2069413810968399
YOR234C,YDR141C,0,0.22510329,0.09409190714359283,0.21457086503505707,0.2070414125919342
YIL073C,YBR014C,0,0.22453445,0.09405074268579483,0.21457086503505707,0.2071414291858673
YEL034W,YDL044C,0,0.2242985,0.09400962293148041,0.21457086503505707,0.20724144577980042
YGL038C,YCR097W,0,0.22404993,0.09396853297948837,0.21457086503505707,0.20734146237373352
YKL126W,YIL041W,1,0.22359204,0.09436435252428055,0.21556885540485382,0.20734146237373352
YER144C,YNL125C,0,0.22347715,0.09432314336299896,0.21556885540485382,0.20744149386882782
YNL169C,YDL066W,0,0.22329888,0.09428197145462036,0.21556885540485382,0.20754151046276093
YBR214W,YGR167W,1,0.22308111,0.09467713534832001,0.21656686067581177,0.20754151046276093
YER019W,YOR094W,0,0.22305062,0.09463585168123245,0.21656686067581177,0.20764152705669403
YOR144C,YDL222C,0,0.22286043,0.09459459781646729,0.21656686067581177,0.20774154365062714
YPL212C,YNL058C,0,0.22245051,0.0945533737540245,0.21656686067581177,0.20784157514572144
YAL032C,YOL119C,0,0.22229859,0.09451219439506531,0.21656686067581177,0.20794159173965454
YBR293W,YJR144W,0,0.22080618,0.0944710522890091,0.21656686067581177,0.20804160833358765
YBR019C,YLR368W,0,0.21999389,0.09442993998527527,0.21656686067581177,0.20814162492752075
YCR042C,YJR002W,0,0.21995282,0.09438886493444443,0.21656686067581177,0.20824164152145386
YPL016W,YCR066W,0,0.21981797,0.09434782713651657,0.21656686067581177,0.20834167301654816
YMR236W,YLL015W,0,0.2195256,0.0943068265914917,0.21656686067581177,0.20844168961048126
YML078W,YBR126C,0,0.21914908,0.09426585584878922,0.21656686067581177,0.20854170620441437
YGR038C-B,YKL065C,0,0.21893382,0.09422492235898972,0.21656686067581177,0.20864172279834747
YBR109C,YHR073W,1,0.21878034,0.0946180522441864,0.21756486594676971,0.20864172279834747
YOL115W,YCR023C,0,0.21873172,0.09457700699567795,0.21756486594676971,0.20874175429344177
YLR116W,YLL042C,0,0.21861486,0.09453599154949188,0.21756486594676971,0.20884177088737488
YPL152W,YLR205C,0,0.21819654,0.0944950133562088,0.21756486594676971,0.20894178748130798
YPL211W,YGL023C,0,0.2181622,0.0944540724158287,0.21756486594676971,0.2090418040752411
YPL029W,YDR409W,0,0.21747634,0.09441316872835159,0.21756486594676971,0.2091418355703354
YDR225W,YOR130C,0,0.21739936,0.09437229484319687,0.21756486594676971,0.2092418521642685
YAL032C,YBL100W-A,0,0.21731594,0.09433145821094513,0.21756486594676971,0.2093418687582016
YKL046C,YLR275W,0,0.2171087,0.09429065883159637,0.21756486594676971,0.2094418853521347
YHR039C,YDR221W,0,0.21698934,0.09424988925457001,0.21756486594676971,0.2095419019460678
YPR151C,YPR107C,0,0.2167617,0.09420916438102722,0.21756486594676971,0.2096419334411621
YDR059C,YNL297C,1,0.21606776,0.09460043162107468,0.21856287121772766,0.2096419334411621
YGR152C,YPL164C,0,0.21597664,0.09455958753824234,0.21856287121772766,0.20974195003509521
YLL032C,YJL104W,0,0.21547028,0.09451877325773239,0.21856287121772766,0.20984196662902832
YDR264C,YDR093W,1,0.21467373,0.09490940719842911,0.2195608764886856,0.20984196662902832
YKL221W,YJL014W,0,0.21458519,0.0948684811592102,0.2195608764886856,0.20994198322296143
YDR540C,YNR032W,0,0.21449977,0.09482758492231369,0.2195608764886856,0.21004201471805573
YGL022W,YPL108W,0,0.21292377,0.09478673338890076,0.2195608764886856,0.21014203131198883
YIL105C,YPL192C,0,0.21263355,0.09474591165781021,0.2195608764886856,0.21024204790592194
YHR123W,YNL097C,0,0.21245885,0.09470511972904205,0.2195608764886856,0.21034206449985504
YML111W,YDR291W,0,0.21208614,0.09466437250375748,0.2195608764886856,0.21044208109378815
YOL006C,YDR484W,0,0.21194212,0.09462365508079529,0.2195608764886856,0.21054211258888245
YLR272C,YGR172C,0,0.21186444,0.09458297491073608,0.2195608764886856,0.21064212918281555
YGL038C,YIL105C,0,0.21139404,0.09454233199357986,0.2195608764886856,0.21074214577674866
YLR371W,YOR008C,1,0.21104032,0.09493127465248108,0.22055888175964355,0.21074214577674866
YCR033W,YKR042W,0,0.2103073,0.09489051252603531,0.22055888175964355,0.21084216237068176
YDR490C,YLR337C,1,0.2092174,0.09527897089719772,0.2215568870306015,0.21084216237068176
YPL236C,YDL104C,0,0.20853305,0.095238097012043,0.2215568870306015,0.21094219386577606
YMR199W,YML026C,0,0.20832616,0.09519725292921066,0.2215568870306015,0.21104221045970917
YOR298C-A,YDR324C,0,0.20832273,0.09515645354986191,0.2215568870306015,0.21114222705364227
YDR408C,YCL011C,0,0.20806667,0.09511568397283554,0.2215568870306015,0.21124224364757538
YPL246C,YLR233C,0,0.20759223,0.09507494419813156,0.2215568870306015,0.21134227514266968
YNL315C,YFL022C,0,0.20723188,0.09503424912691116,0.2215568870306015,0.21144229173660278
YMR161W,YML069W,0,0.20694603,0.09499358385801315,0.2215568870306015,0.2115423083305359
YIL121W,YOR231W,0,0.20688647,0.09495294839143753,0.2215568870306015,0.211642324924469
YJL099W,YBR008C,0,0.20672786,0.09491235762834549,0.2215568870306015,0.2117423415184021
YJL111W,YOR205C,0,0.20596227,0.09487179666757584,0.2215568870306015,0.2118423730134964
YGR041W,YER004W,0,0.20586827,0.09483126550912857,0.2215568870306015,0.2119423896074295
YDR354W,YLR117C,0,0.20586246,0.09479077905416489,0.2215568870306015,0.2120424062013626
YLL038C,YPR165W,1,0.20570865,0.09517712146043777,0.22255489230155945,0.2120424062013626
YKL112W,YNL097C,0,0.20569499,0.09513651579618454,0.22255489230155945,0.21214242279529572
YJR159W,YEL042W,0,0.20552139,0.09509594738483429,0.22255489230155945,0.21224245429039001
YPL246C,YBR235W,0,0.20540775,0.09505541622638702,0.22255489230155945,0.21234247088432312
YIL157C,YIL031W,0,0.20515254,0.09501491487026215,0.22255489230155945,0.21244248747825623
YDR113C,YMR106C,0,0.20412086,0.09497444331645966,0.22255489230155945,0.21254250407218933
YGL181W,YDL019C,1,0.2039564,0.09535972774028778,0.2235528975725174,0.21254250407218933
YJR047C,YGR096W,0,0.20386663,0.09531915187835693,0.2235528975725174,0.21264253556728363
YDR084C,YLR362W,0,0.20320201,0.09527860581874847,0.2235528975725174,0.21274255216121674
YDR349C,YPR033C,0,0.20290338,0.095238097012043,0.2235528975725174,0.21284256875514984
YDR027C,YML072C,0,0.20260102,0.09519761800765991,0.2235528975725174,0.21294258534908295
YNL227C,YOR089C,1,0.20251957,0.09558198601007462,0.22455090284347534,0.21294258534908295
YOR327C,YOR109W,1,0.20251766,0.09596602618694305,0.2255489081144333,0.21294258534908295
YCL040W,YER035W,0,0.20248869,0.09592529386281967,0.2255489081144333,0.21304260194301605
YBR019C,YER004W,0,0.20246813,0.09588459879159927,0.2255489081144333,0.21314263343811035
YGR038C-A,YLR449W,0,0.20241612,0.09584393352270126,0.2255489081144333,0.21324265003204346
YDR293C,YNL152W,0,0.20127128,0.09580330550670624,0.2255489081144333,0.21334266662597656
YKL221W,YPR056W,0,0.20110741,0.0957627147436142,0.2255489081144333,0.21344268321990967
YNR036C,YGR065C,0,0.20107247,0.09572215378284454,0.2255489081144333,0.21354271471500397
YGR140W,YKL216W,0,0.2006316,0.09568162262439728,0.2255489081144333,0.21364273130893707
YML114C,YPL012W,0,0.20037338,0.0956411361694336,0.2255489081144333,0.21374274790287018
YOR256C,YBR135W,0,0.19981666,0.0956006795167923,0.2255489081144333,0.21384276449680328
YIL162W,YJL014W,0,0.19896856,0.09556025266647339,0.2255489081144333,0.21394279599189758
YAL055W,YOL077W-A,0,0.19861254,0.09551986306905746,0.2255489081144333,0.2140428125858307
YER144C,YHR188C,0,0.198572,0.09547951072454453,0.2255489081144333,0.2141428291797638
YKR022C,YER074W-A,0,0.19832605,0.09543918818235397,0.2255489081144333,0.2142428457736969
YGR132C,YBR014C,0,0.19720477,0.0953989028930664,0.2255489081144333,0.21434286236763
YFL018C,YOR153W,0,0.19700867,0.09535864740610123,0.2255489081144333,0.2144428938627243
YBR210W,YDL049C,0,0.19692343,0.09531842917203903,0.2255489081144333,0.2145429104566574
YFL031W,YJR064W,0,0.19673033,0.09527824819087982,0.2255489081144333,0.21464292705059052
YKR014C,YCR053W,1,0.19662553,0.09565950185060501,0.22654691338539124,0.21464292705059052
YOR329C,YLR206W,1,0.19656508,0.09604043513536453,0.227544903755188,0.21464292705059052
YIL127C,YPL108W,0,0.19593221,0.09600000083446503,0.227544903755188,0.21474294364452362
YGL124C,YMR104C,0,0.19566749,0.09595959633588791,0.227544903755188,0.21484297513961792
YNR051C,YML010W,0,0.19553185,0.09591922909021378,0.227544903755188,0.21494299173355103
YBL050W,YNR026C,0,0.1948681,0.09587889164686203,0.227544903755188,0.21504300832748413
YLR081W,YOL075C,0,0.19421855,0.09583858400583267,0.227544903755188,0.21514302492141724
YBR215W,YKL012W,0,0.19412704,0.0957983210682869,0.227544903755188,0.21524304151535034
YOR003W,YBR104W,0,0.19387056,0.09575808793306351,0.227544903755188,0.21534307301044464
YKL160W,YBL101C,0,0.19300656,0.0957178846001625,0.227544903755188,0.21544308960437775
YOR008C,YFL039C,1,0.19275011,0.09609735757112503,0.22854290902614594,0.21544308960437775
YNR026C,YKL163W,0,0.19169173,0.09605704993009567,0.22854290902614594,0.21554310619831085
YIL041W,YDR177W,1,0.19169064,0.09643606096506119,0.22954091429710388,0.21554310619831085
YKR013W,YDR522C,0,0.19138566,0.09639564156532288,0.22954091429710388,0.21564312279224396
YOR095C,YDR485C,0,0.19133615,0.09635525941848755,0.22954091429710388,0.21574315428733826
YOR329C,YAL032C,0,0.19123635,0.09631490707397461,0.22954091429710388,0.21584317088127136
YOR231W,YDL066W,0,0.18803874,0.09627459198236465,0.22954091429710388,0.21594318747520447
YDL025C,YNL083W,0,0.18783572,0.09623430669307709,0.22954091429710388,0.21604320406913757
YOL027C,YNL005C,0,0.18749395,0.0961940586566925,0.22954091429710388,0.21614323556423187
YMR119W,YML029W,0,0.186878,0.09615384787321091,0.22954091429710388,0.21624325215816498
YNR063W,YKL216W,0,0.18685088,0.0961136668920517,0.22954091429710388,0.21634326875209808
YGR087C,YGL125W,0,0.18682921,0.09607351571321487,0.22954091429710388,0.2164432853460312
YPL084W,YMR067C,0,0.1866796,0.09603340178728104,0.22954091429710388,0.2165433019399643
YJL042W,YER122C,0,0.18658629,0.09599332511425018,0.22954091429710388,0.2166433334350586
YGR241C,YLR337W,1,0.18648809,0.09637046605348587,0.23053891956806183,0.2166433334350586
YGL100W,YPL069C,0,0.18641043,0.09633027762174606,0.23053891956806183,0.2167433500289917
YPR020W,YGL077C,0,0.18630192,0.09629011899232864,0.23053891956806183,0.2168433666229248
YGR109C,YBR110W,0,0.18625884,0.09624999761581421,0.23053891956806183,0.2169433832168579
YHR216W,YDR346C,0,0.18578577,0.09620991349220276,0.23053891956806183,0.2170434147119522
YBR018C,YDL147W,0,0.18566395,0.0961698591709137,0.23053891956806183,0.21714343130588531
YGL250W,YPL084W,0,0.18552628,0.09612983465194702,0.23053891956806183,0.21724344789981842
YOR234C,YGL029W,0,0.18491651,0.09608984738588333,0.23053891956806183,0.21734346449375153
YOR007C,YOR298C-A,0,0.1848318,0.09604989737272263,0.23053891956806183,0.21744349598884583
YLR405W,YEL003W,0,0.18448128,0.09600997716188431,0.23053891956806183,0.21754351258277893
YOR043W,YCR053W,1,0.1843735,0.09638553857803345,0.23153692483901978,0.21754351258277893
YBL099W,YBL019W,0,0.18424013,0.09634551405906677,0.23153692483901978,0.21764352917671204
YNL300W,YGL130W,0,0.18400678,0.09630551934242249,0.23153692483901978,0.21774354577064514
YKR060W,YGL207W,0,0.18238132,0.09626556187868118,0.23153692483901978,0.21784356236457825
YGR227W,YBR302C,0,0.18088286,0.09622563421726227,0.23153692483901978,0.21794359385967255
YBL099W,YGL077C,0,0.18046266,0.09618573635816574,0.23153692483901978,0.21804361045360565
YBR136W,YDR163W,0,0.18018532,0.0961458757519722,0.23153692483901978,0.21814362704753876
YGR028W,YGL100W,0,0.17963657,0.09610604494810104,0.23153692483901978,0.21824364364147186
YHR124W,YBR229C,0,0.17961767,0.09606625139713287,0.23153692483901978,0.21834367513656616
YNL264C,YGR013W,0,0.17953655,0.09602648764848709,0.23153692483901978,0.21844369173049927
YLR337C,YDR177W,1,0.17908984,0.09640049934387207,0.23253493010997772,0.21844369173049927
YER119C,YKR087C,0,0.17882875,0.09636063128709793,0.23253493010997772,0.21854370832443237
YBR171W,YMR029C,0,0.17871273,0.09632079303264618,0.23253493010997772,0.21864372491836548
YKL120W,YNL152W,0,0.17831932,0.09628099203109741,0.23253493010997772,0.21874374151229858
YJL115W,YIL044C,0,0.17810464,0.09624122083187103,0.23253493010997772,0.21884377300739288
YKL071W,YJL020C,0,0.17809564,0.09620148688554764,0.23253493010997772,0.218943789601326
YPL024W,YLR119W,0,0.17808841,0.09616178274154663,0.23253493010997772,0.2190438061952591
YIL063C,YFL050C,0,0.17710176,0.09612211585044861,0.23253493010997772,0.2191438227891922
YDR182W,YBL002W,0,0.17709427,0.09608247131109238,0.23253493010997772,0.2192438542842865
YGR125W,YDR225W,0,0.17672712,0.09604287147521973,0.23253493010997772,0.2193438708782196
YJL050W,YPR022C,0,0.17623226,0.09600329399108887,0.23253493010997772,0.2194438874721527
YNL088W,YBR088C,0,0.17616093,0.09596375375986099,0.23253493010997772,0.21954390406608582
YOL128C,YKL027W,0,0.17566246,0.0959242507815361,0.23253493010997772,0.21964393556118011
YJR064W,YCR020W-B,0,0.17523284,0.095884770154953,0.23253493010997772,0.21974395215511322
YOR327C,YNL297C,1,0.17518198,0.09625668078660965,0.23353293538093567,0.21974395215511322
YHR143W-A,YDL156W,0,0.17462525,0.09621710330247879,0.23353293538093567,0.21984396874904633
YDR322C-A,YNL087W,0,0.17413704,0.09617755562067032,0.23353293538093567,0.21994398534297943
YPR183W,YJL047C,0,0.17335242,0.09613804519176483,0.23353293538093567,0.22004400193691254
YGR133W,YBR136W,0,0.17318158,0.09609856456518173,0.23353293538093567,0.22014403343200684
YEL027W,YLR342W,1,0.17281505,0.09646962583065033,0.23453094065189362,0.22014403343200684
YGL054C,YNL272C,0,0.17276295,0.09643003344535828,0.23453094065189362,0.22024405002593994
YOR361C,YER004W,0,0.17189634,0.0963904857635498,0.23453094065189362,0.22034406661987305
YDR184C,YIL040W,0,0.17138281,0.09635096043348312,0.23453094065189362,0.22044408321380615
YKR003W,YLR337C,1,0.17128253,0.09672131389379501,0.23552894592285156,0.22044408321380615
YBR216C,YNL220W,0,0.17125535,0.09668168425559998,0.23552894592285156,0.22054411470890045
YGR163W,YNL087W,0,0.1709807,0.09664209932088852,0.23552894592285156,0.22064413130283356
YNL116W,YDR264C,0,0.17058475,0.09660253673791885,0.23552894592285156,0.22074414789676666
YCL062W,YMR058W,0,0.1703788,0.09656301140785217,0.23552894592285156,0.22084416449069977
YGR186W,YJL210W,0,0.16997775,0.09652351588010788,0.23552894592285156,0.22094419598579407
YFR009W,YDR352W,0,0.16960801,0.09648405760526657,0.23552894592285156,0.22104421257972717
YDR171W,YHR045W,0,0.16915467,0.09644462913274765,0.23552894592285156,0.22114422917366028
YPR075C,YPL283C,0,0.16895229,0.09640523046255112,0.23552894592285156,0.22124424576759338
YIR013C,YDR198C,0,0.16855825,0.09636586159467697,0.23552894592285156,0.2213442623615265
YLR071C,YBR229C,0,0.1683329,0.09632652997970581,0.23552894592285156,0.2214442938566208
YDL231C,YIR006C,1,0.16793263,0.09669522941112518,0.2365269511938095,0.2214442938566208
YML118W,YPL024W,0,0.16775852,0.09665579348802567,0.2365269511938095,0.2215443104505539
YAR066W,YKL221W,0,0.16758859,0.09661638736724854,0.2365269511938095,0.221644327044487
YGR257C,YDR084C,0,0.16734871,0.09657701849937439,0.2365269511938095,0.2217443436384201
YNL300W,YBR203W,0,0.16702196,0.09653767943382263,0.2365269511938095,0.2218443751335144
YGL124C,YFL062W,0,0.16687483,0.09649837017059326,0.2365269511938095,0.2219443917274475
YFR004W,YDR354W,0,0.16657746,0.09645909816026688,0.2365269511938095,0.22204440832138062
YML078W,YNL245C,0,0.16653271,0.09641985595226288,0.2365269511938095,0.22214442491531372
YDL212W,YBL002W,0,0.16630717,0.09638064354658127,0.2365269511938095,0.22224444150924683
YNL088W,YOR298C-A,0,0.16594785,0.09634146094322205,0.2365269511938095,0.22234447300434113
YGR087C,YML072C,0,0.16512057,0.09630231559276581,0.2365269511938095,0.22244448959827423
YOR284W,YHL020C,0,0.16482073,0.09626320004463196,0.2365269511938095,0.22254450619220734
YDR073W,YPR061C,0,0.16463968,0.0962241142988205,0.2365269511938095,0.22264452278614044
YBR217W,YPR103W,0,0.16439891,0.09618506580591202,0.2365269511938095,0.22274455428123474
YOL033W,YNL035C,0,0.16406009,0.09614604711532593,0.2365269511938095,0.22284457087516785
YLR022C,YPL079W,0,0.16330723,0.09610705822706223,0.2365269511938095,0.22294458746910095
YNL084C,YLR337C,1,0.16310409,0.09647344797849655,0.23752495646476746,0.22294458746910095
YDL020C,YPL003W,0,0.16238448,0.09643436223268509,0.23752495646476746,0.22304460406303406
YJR017C,YLL042C,0,0.16213277,0.09639529883861542,0.23752495646476746,0.22314463555812836
YHL022C,YDL049C,0,0.16201958,0.09635627269744873,0.23752495646476746,0.22324465215206146
YGR038W,YEL071W,0,0.16200504,0.09631728380918503,0.23752495646476746,0.22334466874599457
YEL046C,YOR197W,0,0.16184813,0.09627831727266312,0.23752495646476746,0.22344468533992767
YOR336W,YDR480W,0,0.16129859,0.09623938798904419,0.23752495646476746,0.22354470193386078
YCL038C,YOL001W,0,0.16112438,0.09620048850774765,0.23752495646476746,0.22364473342895508
YBR084C-A,YOR321W,0,0.16088586,0.0961616188287735,0.23752495646476746,0.22374475002288818
YOL013C,YFL055W,0,0.16072412,0.09612277895212173,0.23752495646476746,0.2238447666168213
YDL181W,YKR092C,0,0.16049989,0.09608396887779236,0.23752495646476746,0.2239447832107544
YOL013C,YLR408C,0,0.16011395,0.09604519605636597,0.23752495646476746,0.2240448147058487
YBR073W,YBR014C,0,0.15988988,0.09600645303726196,0.23752495646476746,0.2241448312997818
YLR013W,YDR266C,0,0.15963592,0.09596773982048035,0.23752495646476746,0.2242448478937149
YJL051W,YDL020C,0,0.15948993,0.09592906385660172,0.23752495646476746,0.224344864487648
YGL206C,YNL084C,1,0.15929827,0.09629331529140472,0.2385229468345642,0.224344864487648
YPL132W,YOR153W,0,0.15929502,0.09625452756881714,0.2385229468345642,0.2244448959827423
YOL008W,YGR028W,0,0.15901545,0.09621578454971313,0.2385229468345642,0.22454491257667542
YDL212W,YDL188C,0,0.15849996,0.09617706388235092,0.2385229468345642,0.22464492917060852
YGR038W,YCR070W,0,0.15845329,0.0961383730173111,0.2385229468345642,0.22474494576454163
YJR067C,YNL030W,0,0.15829177,0.09609971940517426,0.2385229468345642,0.22484496235847473
YJR091C,YCR017C,0,0.15821189,0.0960610955953598,0.2385229468345642,0.22494499385356903
YBR073W,YER018C,0,0.15658684,0.09602250158786774,0.2385229468345642,0.22504501044750214
YGR183C,YPL181W,0,0.15596609,0.09598393738269806,0.2385229468345642,0.22514502704143524
YML052W,YNL297C,1,0.15575385,0.09634684771299362,0.23952095210552216,0.22514502704143524
YNL300W,YML069W,0,0.15547048,0.09630818665027618,0.23952095210552216,0.22524504363536835
YOR362C,YMR199W,0,0.15494043,0.09626955538988113,0.23952095210552216,0.22534507513046265
YGL224C,YCR083W,0,0.15488511,0.09623095393180847,0.23952095210552216,0.22544509172439575
YLL032C,YIL010W,0,0.15448925,0.0961923822760582,0.23952095210552216,0.22554510831832886
YJR095W,YJL091C,0,0.15432596,0.09615384787321091,0.23952095210552216,0.22564512491226196
YLR233C,YNL229C,0,0.15414079,0.09611533582210541,0.23952095210552216,0.22574515640735626
YDR307W,YMR305C,0,0.1539407,0.0960768610239029,0.23952095210552216,0.22584517300128937
YKR081C,YIL016W,0,0.1535642,0.09603841602802277,0.23952095210552216,0.22594518959522247
YPR145W,YDR186C,0,0.15320265,0.09600000083446503,0.23952095210552216,0.22604520618915558
YAR008W,YHL009W-A,0,0.15292932,0.09596161544322968,0.23952095210552216,0.22614522278308868
YIR034C,YLR135W,0,0.15287071,0.09592325985431671,0.23952095210552216,0.22624525427818298
YGL208W,YLL015W,0,0.1525934,0.09588494151830673,0.23952095210552216,0.2263452708721161
YOR329C,YDR097C,0,0.15153098,0.09584664553403854,0.23952095210552216,0.2264452874660492
YGR249W,YOR010C,0,0.15076509,0.09580838680267334,0.23952095210552216,0.2265453040599823
YGL224C,YPR094W,0,0.15062858,0.09577015042304993,0.23952095210552216,0.2266453355550766
YPR165W,YOR188W,0,0.15062621,0.0957319512963295,0.23952095210552216,0.2267453521490097
YKR045C,YIL168W,0,0.15025288,0.09569378197193146,0.23952095210552216,0.2268453687429428
YOR017W,YBR179C,0,0.15025187,0.0956556424498558,0.23952095210552216,0.22694538533687592
YDR349C,YNR069C,0,0.14970285,0.09561753273010254,0.23952095210552216,0.22704540193080902
YAL001C,YNL030W,0,0.14897189,0.09557945281267166,0.23952095210552216,0.22714543342590332
YDR490C,YDL019C,1,0.14884911,0.09593948721885681,0.2405189573764801,0.22714543342590332
YMR011W,YML130C,0,0.14828798,0.09590131044387817,0.2405189573764801,0.22724545001983643
YLR056W,YGR086C,1,0.14761671,0.0962609350681305,0.24151696264743805,0.22724545001983643
YGR152C,YBR039W,0,0.14724568,0.0962226614356041,0.24151696264743805,0.22734546661376953
YDL207W,YGR261C,0,0.14711285,0.09618441760540009,0.24151696264743805,0.22744548320770264
YLR205C,YMR244C-A,0,0.14709699,0.09614620357751846,0.24151696264743805,0.22754551470279694
YER119C,YML026C,0,0.14671835,0.09610801935195923,0.24151696264743805,0.22764553129673004
YPL086C,YKR046C,0,0.14638203,0.09606987237930298,0.24151696264743805,0.22774554789066315
YJL051W,YIR013C,0,0.14428146,0.09603174775838852,0.24151696264743805,0.22784556448459625
YBR280C,YGR048W,0,0.14397696,0.09599365293979645,0.24151696264743805,0.22794559597969055
YHR124W,YLR095C,0,0.14380851,0.09595558792352676,0.24151696264743805,0.22804561257362366
YOR035C,YPL192C,0,0.14315227,0.09591756016016006,0.24151696264743805,0.22814562916755676
YNL321W,YPL192C,0,0.14278641,0.09587955474853516,0.24151696264743805,0.22824564576148987
YDL156W,YPR004C,0,0.14255852,0.09584158658981323,0.24151696264743805,0.22834566235542297
YOR118W,YCR042C,0,0.14249653,0.0958036407828331,0.24151696264743805,0.22844569385051727
YBR070C,YKL193C,0,0.1424581,0.09576573222875595,0.24151696264743805,0.22854571044445038
YDL226C,YGR041W,0,0.14237186,0.0957278460264206,0.24151696264743805,0.22864572703838348
YGR183C,YJR019C,0,0.1420992,0.09568999707698822,0.24151696264743805,0.2287457436323166
YBL006C,YHR112C,0,0.1420169,0.09565217047929764,0.24151696264743805,0.2288457751274109
YAL001C,YPL005W,0,0.14147738,0.09561438113451004,0.24151696264743805,0.228945791721344
YCL026C-A,YGR098C,0,0.14089122,0.09557662159204483,0.24151696264743805,0.2290458083152771
YMR052W,YCR024C-A,0,0.14085098,0.09553888440132141,0.24151696264743805,0.2291458249092102
YML131W,YBR201W,0,0.14035508,0.09550118446350098,0.24151696264743805,0.2292458564043045
YDR408C,YKR099C-A,0,0.14019391,0.09546351432800293,0.24151696264743805,0.2293458729982376
YGR161C-C,YOR133W,0,0.14008379,0.09542586654424667,0.24151696264743805,0.22944588959217072
YPR145W,YAR071W,0,0.13966236,0.0953882560133934,0.24151696264743805,0.22954590618610382
YKL160W,YIL105C,0,0.13941026,0.09535066783428192,0.24151696264743805,0.22964592278003693
YBR290W,YDR294C,0,0.13892448,0.09531311690807343,0.24151696264743805,0.22974595427513123
YKL035W,YDR017C,0,0.1387037,0.09527558833360672,0.24151696264743805,0.22984597086906433
YHR050W,YBR167C,0,0.13840902,0.095238097012043,0.24151696264743805,0.22994598746299744
YJL122W,YOL089C,0,0.1374797,0.09520062804222107,0.24151696264743805,0.23004600405693054
YHR039C,YCL062W,0,0.13725793,0.09516319632530212,0.24151696264743805,0.23014603555202484
YLL042C,YDR352W,0,0.13717951,0.09512578696012497,0.24151696264743805,0.23024605214595795
YOR329C,YGL206C,1,0.13714913,0.09548133611679077,0.242514967918396,0.23024605214595795
YKR003W,YGR065C,0,0.13676077,0.09544382989406586,0.242514967918396,0.23034606873989105
YLR406C,YPR065W,0,0.13665691,0.09540636092424393,0.242514967918396,0.23044608533382416
YOR149C,YDL214C,0,0.13656102,0.09536891430616379,0.242514967918396,0.23054610192775726
YCR089W,YDR352W,0,0.13602714,0.09533150494098663,0.242514967918396,0.23064613342285156
YMR170C,YMR067C,0,0.1350653,0.09529411792755127,0.242514967918396,0.23074615001678467
YDL168W,YJL138C,0,0.13484868,0.0952567607164383,0.242514967918396,0.23084616661071777
YOL008W,YHR042W,0,0.13467556,0.0952194333076477,0.242514967918396,0.23094618320465088
YER144C,YFL062W,0,0.13459356,0.0951821357011795,0.242514967918396,0.23104621469974518
YGL131C,YER058W,0,0.1345419,0.09514486789703369,0.242514967918396,0.23114623129367828
YKR092C,YKL221W,0,0.13449574,0.09510762989521027,0.242514967918396,0.2312462478876114
YBL009W,YMR305C,0,0.13429897,0.09507042169570923,0.242514967918396,0.2313462644815445
YJL091C,YML046W,0,0.13403215,0.09503324329853058,0.242514967918396,0.2314462959766388
YBL102W,YKL163W,0,0.13364416,0.09499608725309372,0.242514967918396,0.2315463125705719
YGL210W-A,YGR261C,0,0.13328743,0.09495896846055984,0.242514967918396,0.231646329164505
YLR272C,YLR136C,0,0.13328654,0.09492187201976776,0.242514967918396,0.2317463457584381
YPR075C,YEL077C,0,0.13326535,0.09488481283187866,0.242514967918396,0.23184636235237122
YBR216C,YDL147W,0,0.13272847,0.09484777599573135,0.242514967918396,0.23194639384746552
YDR210W-D,YFL016C,0,0.13249847,0.09481076896190643,0.242514967918396,0.23204641044139862
YOR100C,YIL114C,0,0.13211289,0.0947737917304039,0.242514967918396,0.23214642703533173
YMR189W,YGL201C,0,0.1320284,0.09473684430122375,0.242514967918396,0.23224644362926483
YPL152W,YKL120W,0,0.13196221,0.0946999192237854,0.242514967918396,0.23234647512435913
YHR141C,YER065C,0,0.13129874,0.09466303139925003,0.242514967918396,0.23244649171829224
YHL007C,YFL024C,0,0.13111278,0.09462616592645645,0.242514967918396,0.23254650831222534
YBR302C,YGL131C,0,0.13069367,0.09458933770656586,0.242514967918396,0.23264652490615845
YBR298C,YLR424W,0,0.13062307,0.09455253183841705,0.242514967918396,0.23274655640125275
YJR125C,YNL084C,1,0.12937753,0.09490470588207245,0.24351297318935394,0.23274655640125275
YGR257C,YPL275W,0,0.12936479,0.09486781060695648,0.24351297318935394,0.23284657299518585
YML058W,YBR244W,0,0.1293325,0.0948309376835823,0.24351297318935394,0.23294658958911896
YML075C,YDR037W,0,0.12837104,0.09479409456253052,0.24351297318935394,0.23304660618305206
YDR322C-A,YLR013W,0,0.12819548,0.09475728124380112,0.24351297318935394,0.23314662277698517
YNL169C,YHR083W,0,0.12815079,0.0947204977273941,0.24351297318935394,0.23324665427207947
YIL041W,YIL095W,1,0.12780246,0.09507179260253906,0.2445109784603119,0.23324665427207947
YBR186W,YNL321W,0,0.12777957,0.09503491222858429,0.2445109784603119,0.23334667086601257
YDR104C,YJL042W,0,0.12762038,0.0949980616569519,0.2445109784603119,0.23344668745994568
YKR014C,YHR135C,1,0.12754157,0.09534883499145508,0.24550898373126984,0.23344668745994568
YJR091C,YER160C,0,0.1275405,0.09531189501285553,0.24550898373126984,0.23354670405387878
YKR081C,YKR029C,0,0.1271044,0.09527497738599777,0.24550898373126984,0.23364673554897308
YAL030W,YMR109W,1,0.12690847,0.09562524408102036,0.24650698900222778,0.23364673554897308
YDR069C,YHR135C,1,0.12685066,0.09597523510456085,0.24750499427318573,0.23364673554897308
YAL009W,YNL093W,0,0.12678361,0.09593810141086578,0.24750499427318573,0.2337467521429062
YDL019C,YCL034W,1,0.12674063,0.09628770500421524,0.24850299954414368,0.2337467521429062
YFL031W,YDR382W,0,0.12645534,0.09625048190355301,0.24850299954414368,0.2338467687368393
YER157W,YOR010C,0,0.12615302,0.09621328860521317,0.24850299954414368,0.2339467853307724
YKL084W,YGL097W,0,0.12555718,0.0961761325597763,0.24850299954414368,0.2340468019247055
YKL222C,YKL193C,0,0.12503695,0.09613899886608124,0.24850299954414368,0.2341468334197998
YHR079C-A,YPL187W,0,0.124900006,0.09610188752412796,0.24850299954414368,0.2342468500137329
YPL265W,YDR484W,0,0.1248991,0.09606481343507767,0.24850299954414368,0.23434686660766602
YDL066W,YNL197C,0,0.12453143,0.09602776914834976,0.24850299954414368,0.23444688320159912
YBR104W,YGL077C,0,0.12451145,0.09599074721336365,0.24850299954414368,0.23454691469669342
YBR290W,YGR090W,0,0.12427083,0.09595375508069992,0.24850299954414368,0.23464693129062653
YGL086W,YDR119W,0,0.12327456,0.09591679275035858,0.24850299954414368,0.23474694788455963
YPR185W,YPL030W,0,0.1226431,0.09587986022233963,0.24850299954414368,0.23484696447849274
YIL157C,YGL065C,0,0.12212095,0.09584295749664307,0.24850299954414368,0.23494699597358704
YHR016C,YOR181W,1,0.12159559,0.09619084000587463,0.24950100481510162,0.23494699597358704
YPL055C,YJR002W,0,0.12116511,0.09615384787321091,0.24950100481510162,0.23504701256752014
YDL002C,YER058W,0,0.12084776,0.09611687809228897,0.24950100481510162,0.23514702916145325
YBL050W,YML024W,0,0.12064259,0.09607993811368942,0.24950100481510162,0.23524704575538635
YGR028W,YPL086C,0,0.12052101,0.09604302793741226,0.24950100481510162,0.23534706234931946
YPR061C,YDR264C,0,0.120135516,0.09600614756345749,0.24950100481510162,0.23544709384441376
YCL038C,YPR103W,0,0.11817059,0.0959692895412445,0.24950100481510162,0.23554711043834686
YDR225W,YJL099W,0,0.11812113,0.09593246132135391,0.24950100481510162,0.23564712703227997
YMR079W,YER166W,0,0.11807301,0.0958956629037857,0.24950100481510162,0.23574714362621307
YLR081W,YML024W,0,0.11803953,0.09585889428853989,0.24950100481510162,0.23584717512130737
YML066C,YJL047C,0,0.11783624,0.09582215547561646,0.24950100481510162,0.23594719171524048
YDR446W,YNL254C,0,0.11771387,0.09578543901443481,0.24950100481510162,0.23604720830917358
YKL126W,YFL039C,1,0.11745453,0.09613174945116043,0.25049901008605957,0.23604720830917358
YGL134W,YJR014W,0,0.116847746,0.09609494358301163,0.25049901008605957,0.2361472249031067
YDR225W,YPL170W,0,0.11630793,0.09605816751718521,0.25049901008605957,0.236247256398201
YDR123C,YIL050W,0,0.11582515,0.09602142125368118,0.25049901008605957,0.2363472729921341
YNL126W,YIL168W,0,0.11560856,0.09598470479249954,0.25049901008605957,0.2364472895860672
YKL112W,YDL092W,0,0.11559697,0.09594801068305969,0.25049901008605957,0.2365473061800003
YLR071C,YNL241C,0,0.115507945,0.09591134637594223,0.25049901008605957,0.2366473227739334
YDL002C,YDR324C,0,0.11521961,0.09587471187114716,0.25049901008605957,0.2367473542690277
YIR007W,YMR283C,0,0.11519007,0.09583810716867447,0.25049901008605957,0.23684737086296082
YDR294C,YDR316W,0,0.114596315,0.09580152481794357,0.25049901008605957,0.23694738745689392
YBR290W,YNL148C,0,0.11401202,0.09576497226953506,0.25049901008605957,0.23704740405082703
YIL105C,YGR067C,0,0.11367375,0.09572844952344894,0.25049901008605957,0.23714743554592133
YBR234C,YOR361C,0,0.113422215,0.09569195657968521,0.25049901008605957,0.23724745213985443
YOR178C,YNL336W,0,0.11265928,0.09565548598766327,0.25049901008605957,0.23734746873378754
YBR258C,YCR008W,0,0.112396166,0.09561904519796371,0.25049901008605957,0.23744748532772064
YCR066W,YOL044W,0,0.112173535,0.09558263421058655,0.25049901008605957,0.23754751682281494
YPR094W,YBR239C,0,0.11206271,0.09554625302553177,0.25049901008605957,0.23764753341674805
YLR298C,YOR328W,0,0.11201186,0.09550989419221878,0.25049901008605957,0.23774755001068115
YPR061C,YDL222C,0,0.111983076,0.09547356516122818,0.25049901008605957,0.23784756660461426
YBR109C,YDR177W,1,0.11188187,0.09581749141216278,0.2514970004558563,0.23784756660461426
YDR202C,YOL027C,0,0.111858,0.09578107297420502,0.2514970004558563,0.23794758319854736
YLR226W,YPL158C,0,0.11156155,0.09574468433856964,0.2514970004558563,0.23804761469364166
YDR043C,YIR008C,0,0.111526094,0.09570831805467606,0.2514970004558563,0.23814763128757477
YNR039C,YIL168W,0,0.1114199,0.09567198157310486,0.2514970004558563,0.23824764788150787
YNL169C,YBR110W,0,0.111381575,0.09563567489385605,0.2514970004558563,0.23834766447544098
YGR068C,YOR133W,0,0.110801324,0.09559939056634903,0.2514970004558563,0.23844769597053528
YML062C,YNR039C,0,0.110757574,0.095563143491745,0.2514970004558563,0.23854771256446838
YDR034C-D,YFL003C,0,0.11042246,0.09552691131830215,0.2514970004558563,0.2386477291584015
YBR068C,YPR185W,0,0.11016158,0.0954907163977623,0.2514970004558563,0.2387477457523346
YGR068C,YCR083W,0,0.10996437,0.09545454382896423,0.2514970004558563,0.2388477623462677
YBR258C,YNL088W,0,0.109765455,0.09541840106248856,0.2514970004558563,0.238947793841362
YNL257C,YNL021W,0,0.1095923,0.09538228809833527,0.2514970004558563,0.2390478104352951
YDR221W,YCR023C,0,0.10923749,0.09534619748592377,0.2514970004558563,0.2391478270292282
YBR186W,YGR132C,0,0.108424395,0.09531013667583466,0.2514970004558563,0.23924784362316132
YGL124C,YNL106C,0,0.10780487,0.09527410566806793,0.2514970004558563,0.23934787511825562
YBL042C,YNL265C,0,0.10740913,0.095238097012043,0.2514970004558563,0.23944789171218872
YLR233C,YOR028C,0,0.10660958,0.09520211815834045,0.2514970004558563,0.23954790830612183
YLR056W,YOR181W,1,0.106555,0.09554380923509598,0.25249502062797546,0.23954790830612183
YBR234C,YGL201C,0,0.10649547,0.09550774097442627,0.25249502062797546,0.23964792490005493
YJL137C,YER172C,0,0.106217206,0.09547169506549835,0.25249502062797546,0.23974795639514923
YHR141C,YGL011C,0,0.10587319,0.09543568640947342,0.25249502062797546,0.23984797298908234
YGR166W,YOR028C,0,0.105336815,0.09539970010519028,0.25249502062797546,0.23994798958301544
YJL116C,YOL113W,0,0.10508887,0.09536373615264893,0.25249502062797546,0.24004800617694855
YOL128C,YER026C,0,0.10489033,0.09532780945301056,0.25249502062797546,0.24014802277088165
YBR098W,YNL106C,0,0.10468888,0.09529190510511398,0.25249502062797546,0.24024805426597595
YOR210W,YOR295W,0,0.10444786,0.0952560231089592,0.25249502062797546,0.24034807085990906
YOL013C,YJL184W,0,0.10419358,0.0952201709151268,0.25249502062797546,0.24044808745384216
YPR158W-A,YBL101C,0,0.10414954,0.09518434852361679,0.25249502062797546,0.24054810404777527
YCR066W,YDL122W,0,0.10399203,0.09514854848384857,0.25249502062797546,0.24064813554286957
YIL117C,YPR151C,0,0.10363164,0.09511277824640274,0.25249502062797546,0.24074815213680267
YFL024C,YBR171W,0,0.10351837,0.0950770378112793,0.25249502062797546,0.24084816873073578
YPL236C,YPR121W,0,0.10344155,0.09504131972789764,0.25249502062797546,0.24094818532466888
YNL099C,YIL129C,0,0.10193893,0.09500563144683838,0.25249502062797546,0.24104821681976318
YNL297C,YIL095W,1,0.1015694,0.09534534811973572,0.2534930109977722,0.24104821681976318
YBR229C,YLR089C,0,0.10114795,0.09530957043170929,0.2534930109977722,0.2411482334136963
YGR198W,YGR013W,0,0.10112901,0.09527381509542465,0.2534930109977722,0.2412482500076294
YGR038W,YMR268C,0,0.10107851,0.095238097012043,0.2534930109977722,0.2413482666015625
YER001W,YLR256W,0,0.100551695,0.09520240128040314,0.2534930109977722,0.2414482831954956
YNL227C,YHR161C,1,0.10051095,0.09554140269756317,0.25449103116989136,0.2414482831954956
YNL067W,YLR089C,0,0.10012719,0.09550561755895615,0.25449103116989136,0.2415483146905899
YGR086C,YNL297C,1,0.09954802,0.09584425389766693,0.2554890215396881,0.2415483146905899
YML024W,YGR092W,0,0.099491656,0.09580838680267334,0.2554890215396881,0.241648331284523
YOR298C-A,YCR070W,0,0.099394515,0.09577254205942154,0.2554890215396881,0.24174834787845612
YGR198W,YOL049W,0,0.09923449,0.09573672711849213,0.2554890215396881,0.24184836447238922
YER069W,YBR070C,0,0.09915325,0.0957009345293045,0.2554890215396881,0.24194839596748352
YNR023W,YER039C,0,0.098497406,0.09566517174243927,0.2554890215396881,0.24204841256141663
YIR007W,YFL062W,0,0.09789064,0.09562943875789642,0.2554890215396881,0.24214842915534973
YGL099W,YNL083W,0,0.097558916,0.09559372812509537,0.2554890215396881,0.24224844574928284
YGL043W,YHR026W,0,0.09742108,0.0955580472946167,0.2554890215396881,0.24234846234321594
YAL042W,YJL104W,0,0.09735124,0.09552238881587982,0.2554890215396881,0.24244849383831024
YMR266W,YER073W,0,0.096723735,0.09548676013946533,0.2554890215396881,0.24254851043224335
YJR043C,YMR044W,0,0.09657342,0.09545115381479263,0.2554890215396881,0.24264852702617645
YER118C,YEL009C,0,0.09622289,0.09541557729244232,0.2554890215396881,0.24274854362010956
YGL038C,YFL022C,0,0.09595269,0.0953800305724144,0.2554890215396881,0.24284857511520386
YMR119W,YJL118W,0,0.095483795,0.09534450620412827,0.2554890215396881,0.24294859170913696
YMR202W,YGR289C,0,0.09545782,0.09530901163816452,0.2554890215396881,0.24304860830307007
YDR143C,YFL022C,0,0.09513272,0.09527353942394257,0.2554890215396881,0.24314862489700317
YHR050W,YKL211C,0,0.094450615,0.095238097012043,0.2554890215396881,0.24324865639209747
YHR072W-A,YGR172C,0,0.09366354,0.09520267695188522,0.2554890215396881,0.24334867298603058
YOL094C,YKR098C,0,0.09342056,0.09516728669404984,0.2554890215396881,0.24344868957996368
YER157W,YFL008W,0,0.092982136,0.09513191878795624,0.2554890215396881,0.2435487061738968
YPL181W,YDL222C,0,0.09281556,0.09509658068418503,0.2554890215396881,0.2436487227678299
YBR207W,YPL004C,1,0.0927237,0.09543260186910629,0.25648701190948486,0.2436487227678299
YBL046W,YGR277C,0,0.09261146,0.09539718180894852,0.25648701190948486,0.2437487542629242
YGR038W,YOL137W,0,0.09250903,0.09536178410053253,0.25648701190948486,0.2438487708568573
YML064C,YHL009W-A,0,0.092360705,0.09532640874385834,0.25648701190948486,0.2439487874507904
YPL283C,YER016W,0,0.092268415,0.09529106318950653,0.25648701190948486,0.2440488040447235
YLR069C,YBR018C,0,0.09224438,0.09525574743747711,0.25648701190948486,0.2441488355398178
YKR013W,YIR035C,0,0.0921446,0.09522045403718948,0.25648701190948486,0.24424885213375092
YGL184C,YGL055W,0,0.092110395,0.09518518298864365,0.25648701190948486,0.24434886872768402
YCR017C,YDR354W,0,0.09202456,0.0951499417424202,0.25648701190948486,0.24444888532161713
YEL034W,YHL001W,0,0.09168771,0.09511473029851913,0.25648701190948486,0.24454891681671143
YBR132C,YGL175C,0,0.09147227,0.09507954120635986,0.25648701190948486,0.24464893341064453
YOL027C,YNR039C,0,0.09134073,0.09504438191652298,0.25648701190948486,0.24474895000457764
YFL034C-A,YGR067C,0,0.091152266,0.09500924497842789,0.25648701190948486,0.24484896659851074
YDL132W,YPL187W,0,0.090669334,0.09497413039207458,0.25648701190948486,0.24494898319244385
YHR007C,YOL021C,0,0.0905036,0.09493904560804367,0.25648701190948486,0.24504901468753815
YPL227C,YKL096W,0,0.09038204,0.09490399062633514,0.25648701190948486,0.24514903128147125
YHR073W,YLR342W,1,0.09026812,0.095238097012043,0.257485032081604,0.24514903128147125
YBL008W-A,YGL131C,0,0.090224326,0.09520295262336731,0.257485032081604,0.24524904787540436
YIL049W,YNL083W,0,0.09021321,0.09516783803701401,0.257485032081604,0.24534906446933746
YFL050C,YBR068C,0,0.08921005,0.0951327458024025,0.257485032081604,0.24544909596443176
YNR046W,YPL158C,0,0.0880226,0.09509767591953278,0.257485032081604,0.24554911255836487
YIR022W,YPL192C,0,0.08786976,0.09506263583898544,0.257485032081604,0.24564912915229797
YDL214C,YIL050W,0,0.08775819,0.0950276255607605,0.257485032081604,0.24574914574623108
YDR302W,YMR190C,0,0.0874857,0.09499263763427734,0.257485032081604,0.24584917724132538
YIR033W,YGL100W,0,0.087036684,0.09495767205953598,0.257485032081604,0.24594919383525848
YHR063C,YBL003C,0,0.08558291,0.094922736287117,0.257485032081604,0.2460492104291916
YOR095C,YOL049W,0,0.08506709,0.09488782286643982,0.257485032081604,0.2461492270231247
YPL032C,YGR256W,0,0.08501789,0.09485293924808502,0.257485032081604,0.2462492436170578
YCL019W,YMR116C,0,0.084505305,0.09481807798147202,0.257485032081604,0.2463492751121521
YLR424W,YIL110W,0,0.08434135,0.0947832465171814,0.257485032081604,0.2464492917060852
YPL004C,YML052W,1,0.08390793,0.09511568397283554,0.25848302245140076,0.2464492917060852
YMR119W,YOR133W,0,0.083445266,0.09508076310157776,0.25848302245140076,0.2465493083000183
YDL178W,YHR084W,0,0.0833822,0.09504587203264236,0.25848302245140076,0.24664932489395142
YEL020C,YEL077C,0,0.08256817,0.09501100331544876,0.25848302245140076,0.24674935638904572
YJL028W,YLR408C,0,0.082454346,0.09497616440057755,0.25848302245140076,0.24684937298297882
YNL316C,YGL097W,0,0.08215088,0.09494134783744812,0.25848302245140076,0.24694938957691193
YKR098C,YDR352W,0,0.08183485,0.09490656107664108,0.25848302245140076,0.24704940617084503
YDR221W,YLR081W,0,0.08159529,0.09487179666757584,0.25848302245140076,0.24714942276477814
YEL071W,YOL148C,0,0.08155278,0.09483705461025238,0.25848302245140076,0.24724945425987244
YGR132C,YJR019C,0,0.08153642,0.09480234235525131,0.25848302245140076,0.24734947085380554
YEL026W,YNL099C,0,0.08106449,0.09476765245199203,0.25848302245140076,0.24744948744773865
YCR027C,YMR030W,0,0.08102978,0.09473299235105515,0.25848302245140076,0.24754950404167175
YPL069C,YPL079W,0,0.08099511,0.09469835460186005,0.25848302245140076,0.24764953553676605
YLR027C,YEL071W,0,0.08064453,0.09466373920440674,0.25848302245140076,0.24774955213069916
YDR485C,YER124C,0,0.08063823,0.09462915360927582,0.25848302245140076,0.24784956872463226
YDR104C,YOR171C,0,0.08026123,0.09459459781646729,0.25848302245140076,0.24794958531856537
YML130C,YPL265W,0,0.08024043,0.09456005692481995,0.25848302245140076,0.24804961681365967
YNL257C,YIL097W,0,0.08017911,0.094525545835495,0.25848302245140076,0.24814963340759277
YER035W,YGR041W,0,0.080145285,0.09449106454849243,0.25848302245140076,0.24824965000152588
YML123C,YKL222C,0,0.079719245,0.09445659816265106,0.25848302245140076,0.24834966659545898
YKL071W,YBL071W-A,0,0.07969203,0.09442216902971268,0.25848302245140076,0.2484496831893921
YPL060C-A,YDR210W-A,0,0.079551905,0.09438775479793549,0.25848302245140076,0.2485497146844864
YCR069W,YGL097W,0,0.079191625,0.09435337036848068,0.25848302245140076,0.2486497312784195
YKL055C,YER094C,0,0.07916568,0.09431900829076767,0.25848302245140076,0.2487497478723526
YGL210W-A,YOR202W,0,0.07858211,0.09428467601537704,0.25848302245140076,0.2488497644662857
YBR070C,YAL055W,0,0.07830098,0.09425036609172821,0.25848302245140076,0.24894979596138
YGR109C,YGR209C,0,0.0778069,0.09421607851982117,0.25848302245140076,0.2490498125553131
YNL222W,YBR056W,0,0.077696614,0.09418182075023651,0.25848302245140076,0.24914982914924622
YNL069C,YKR060W,0,0.07752714,0.09414758533239365,0.25848302245140076,0.24924984574317932
YHR188C,YML025C,0,0.07695612,0.09411337226629257,0.25848302245140076,0.24934987723827362
YGL210W-A,YBR021W,0,0.076928504,0.09407918900251389,0.25848302245140076,0.24944989383220673
YLR051C,YGL121C,0,0.07673049,0.09404502809047699,0.25848302245140076,0.24954991042613983
YOL041C,YOR367W,0,0.076636165,0.09401088953018188,0.25848302245140076,0.24964992702007294
YNL126W,YGR132C,0,0.07635288,0.09397678077220917,0.25848302245140076,0.24974994361400604
YDL212W,YKL211C,0,0.07614939,0.09394269436597824,0.25848302245140076,0.24984997510910034
YOR083W,YOR073W,0,0.07612972,0.0939086303114891,0.25848302245140076,0.24994999170303345
YML126C,YKL092C,0,0.07608891,0.09387458860874176,0.25848302245140076,0.25005000829696655
YHR001W,YLR337C,1,0.07607412,0.09420289844274521,0.2594810426235199,0.25005000829696655
YPL020C,YER058W,0,0.07590488,0.0941687822341919,0.2594810426235199,0.25015002489089966
YOR214C,YIL110W,0,0.07529545,0.09413468837738037,0.2594810426235199,0.25025004148483276
YML069W,YKL065C,0,0.075199224,0.09410061687231064,0.2594810426235199,0.25035005807876587
YMR283C,YPL005W,0,0.075161956,0.0940665677189827,0.2594810426235199,0.25045010447502136
YGL250W,YLR431C,0,0.07475498,0.09403254836797714,0.2594810426235199,0.25055012106895447
YDR322C-A,YKL157W,0,0.07455774,0.09399855136871338,0.2594810426235199,0.2506501376628876
YAL014C,YML014W,0,0.074008316,0.093964584171772,0.2594810426235199,0.2507501542568207
YNL323W,YOL091W,0,0.073598996,0.09393063932657242,0.2594810426235199,0.2508501708507538
YLR057W,YDR143C,0,0.07357395,0.09389671683311462,0.2594810426235199,0.2509501874446869
YNR026C,YEL055C,0,0.0734988,0.09386281669139862,0.2594810426235199,0.25105020403862
YLR157C-A,YKL176C,0,0.0730063,0.09382893890142441,0.2594810426235199,0.2511502206325531
YOL097C,YMR058W,0,0.07283445,0.09379509091377258,0.2594810426235199,0.2512502372264862
YOL075C,YPL181W,0,0.072801515,0.09376127272844315,0.2594810426235199,0.2513502836227417
YHL007C,YPL192C,0,0.072764635,0.0937274694442749,0.2594810426235199,0.2514503002166748
YLR034C,YMR280C,0,0.07252794,0.09369369596242905,0.2594810426235199,0.2515503168106079
YGR121C,YDL156W,0,0.072468996,0.09365994483232498,0.2594810426235199,0.251650333404541
YJL210W,YKL065C,0,0.072392195,0.09362621605396271,0.2594810426235199,0.2517503499984741
YGR257C,YJL063C,0,0.07213013,0.09359250962734222,0.2594810426235199,0.2518503665924072
YPR029C,YEL047C,0,0.072006196,0.09355883300304413,0.2594810426235199,0.25195038318634033
YFL034C-B,YLR110C,0,0.07185716,0.09352517873048782,0.2594810426235199,0.25205039978027344
YCR079W,YJL036W,0,0.0708279,0.09349154680967331,0.2594810426235199,0.25215041637420654
YDR322C-A,YER074W-A,0,0.07077941,0.09345794469118118,0.2594810426235199,0.25225046277046204
YJR093C,YDL213C,0,0.07065156,0.09342436492443085,0.2594810426235199,0.25235047936439514
YKL055C,YOR367W,0,0.07033974,0.0933908075094223,0.2594810426235199,0.25245049595832825
YCR066W,YNL021W,0,0.06994167,0.09335727244615555,0.2594810426235199,0.25255051255226135
YPR061C,YPR023C,0,0.06984073,0.09332375973463058,0.2594810426235199,0.25265052914619446
YDR155C,YIR028W,0,0.069782965,0.09329027682542801,0.2594810426235199,0.25275054574012756
YEL063C,YFL008W,0,0.0693135,0.09325681626796722,0.2594810426235199,0.25285056233406067
YOR327C,YLR342W,1,0.06925917,0.09358192980289459,0.26047903299331665,0.25285056233406067
YDL064W,YMR044W,0,0.06916539,0.09354838728904724,0.26047903299331665,0.2529505789279938
YJR129C,YNR032W,0,0.06892179,0.09351486712694168,0.26047903299331665,0.2530505955219269
YBL066C,YPL057C,0,0.06881495,0.09348137676715851,0.26047903299331665,0.2531506419181824
YBR126C,YML019W,0,0.068608664,0.09344790875911713,0.26047903299331665,0.2532506585121155
YMR263W,YMR190C,0,0.06858767,0.09341446310281754,0.26047903299331665,0.2533506751060486
YJL042W,YGL044C,0,0.06858014,0.09338103979825974,0.26047903299331665,0.2534506916999817
YDR348C,YGR096W,0,0.068538025,0.09334763884544373,0.26047903299331665,0.2535507082939148
YNL020C,YIL048W,1,0.06799725,0.09367179125547409,0.2614770531654358,0.2535507082939148
YLR002C,YMR067C,0,0.06748079,0.09363831579685211,0.2614770531654358,0.2536507248878479
YER058W,YDL239C,0,0.0672324,0.09360485523939133,0.2614770531654358,0.253750741481781
YER146W,YDR198C,0,0.06705489,0.09357143193483353,0.2614770531654358,0.2538507580757141
YNL088W,YLR405W,0,0.067033485,0.09353802353143692,0.2614770531654358,0.2539508044719696
YLR410W,YCL026C-A,0,0.06686267,0.0935046374797821,0.2614770531654358,0.2540508210659027
YHL009C,YOL097C,0,0.06677763,0.09347128123044968,0.2614770531654358,0.2541508376598358
YHR018C,YNL099C,0,0.06672329,0.09343794733285904,0.2614770531654358,0.2542508542537689
YDL004W,YNL113W,0,0.06669205,0.09340463578701019,0.2614770531654358,0.254350870847702
YBR139W,YOL077W-A,0,0.0665067,0.09337134659290314,0.2614770531654358,0.25445088744163513
YBL097W,YJL203W,0,0.06644349,0.09333807975053787,0.2614770531654358,0.25455090403556824
YBR154C,YDR208W,0,0.06632087,0.093304842710495,0.2614770531654358,0.25465092062950134
YHR098C,YGR195W,0,0.06627071,0.09327162802219391,0.2614770531654358,0.25475093722343445
YGR108W,YGR256W,0,0.0652442,0.09323843568563461,0.2614770531654358,0.25485098361968994
YPR018W,YOR362C,0,0.06512779,0.09320526570081711,0.2614770531654358,0.25495100021362305
YDR291W,YER160C,0,0.06509243,0.0931721180677414,0.2614770531654358,0.25505101680755615
YCL019W,YDL066W,0,0.06495932,0.09313900023698807,0.2614770531654358,0.25515103340148926
YBR290W,YHL022C,0,0.06489453,0.09310589730739594,0.2614770531654358,0.25525104999542236
YML025C,YKL065C,0,0.06426115,0.09307282418012619,0.2614770531654358,0.25535106658935547
YML078W,YGR091W,0,0.06400221,0.09303977340459824,0.2614770531654358,0.2554510831832886
YJL042W,YER054C,0,0.06394017,0.09300674498081207,0.2614770531654358,0.2555510997772217
YLR240W,YLR222C,0,0.06328319,0.0929737389087677,0.2614770531654358,0.2556511163711548
YBL006C,YER160C,0,0.06327234,0.09294076263904572,0.2614770531654358,0.2557511627674103
YNL305C,YOR343C-B,0,0.06304976,0.09290780127048492,0.2614770531654358,0.2558511793613434
YBR084C-A,YPL066W,0,0.06294601,0.09287486970424652,0.2614770531654358,0.2559511959552765
YML066C,YNL003C,0,0.06286268,0.09284195303916931,0.2614770531654358,0.2560512125492096
YGL208W,YOR003W,0,0.062729284,0.09280906617641449,0.2614770531654358,0.2561512291431427
YBR200W,YPL057C,0,0.06256801,0.09277620166540146,0.2614770531654358,0.2562512457370758
YBR298C,YIL016W,0,0.0625283,0.09274335950613022,0.2614770531654358,0.2563512623310089
YOR229W,YGR271C-A,0,0.0625175,0.09271054714918137,0.2614770531654358,0.256451278924942
YKL027W,YOR144C,0,0.06251221,0.09267774969339371,0.2614770531654358,0.2565512955188751
YIL105C,YIL097W,0,0.062427178,0.09264498203992844,0.2614770531654358,0.2566513419151306
YHR112C,YFL055W,0,0.062382974,0.09261222928762436,0.2614770531654358,0.2567513585090637
YBR019C,YDR267C,0,0.06205605,0.09257950633764267,0.2614770531654358,0.2568513751029968
YER141W,YLR035C,0,0.062054444,0.09254680573940277,0.2614770531654358,0.25695139169692993
YLL039C,YOR344C,0,0.061775498,0.09251412749290466,0.2614770531654358,0.25705140829086304
YIL162W,YBR199W,0,0.06101978,0.09248147159814835,0.2614770531654358,0.25715142488479614
YHR098C,YIL105C,0,0.06063153,0.09244883805513382,0.2614770531654358,0.25725144147872925
YBR290W,YBR154C,0,0.06038907,0.09241622686386108,0.2614770531654358,0.25735145807266235
YNR023W,YEL026W,0,0.06025354,0.09238363802433014,0.2614770531654358,0.25745150446891785
YKL163W,YDR153C,0,0.060234576,0.09235107153654099,0.2614770531654358,0.25755152106285095
YOR064C,YPR004C,0,0.05996958,0.09231853485107422,0.2614770531654358,0.25765153765678406
YPR020W,YIR008C,0,0.059605394,0.09228601306676865,0.2614770531654358,0.25775155425071716
YAL032C,YDR540C,0,0.058863685,0.09225352108478546,0.2614770531654358,0.25785157084465027
YGR183C,YDR153C,0,0.058555767,0.09222105145454407,0.2614770531654358,0.2579515874385834
YJL010C,YNL186W,0,0.058542065,0.09218859672546387,0.2614770531654358,0.2580516040325165
YPL045W,YOR231W,0,0.05828012,0.09215617179870605,0.2614770531654358,0.2581516206264496
YPL256C,YMR277W,0,0.057620287,0.09212376922369003,0.2614770531654358,0.2582516372203827
YOL119C,YFL018C,0,0.057463832,0.0920913890004158,0.2614770531654358,0.2583516836166382
YHR003C,YNL021W,0,0.057427738,0.09205903112888336,0.2614770531654358,0.2584517002105713
YCL026C-A,YDL214C,0,0.05742106,0.09202669560909271,0.2614770531654358,0.2585517168045044
YBL101C,YGR241C,1,0.057385676,0.09234550595283508,0.26247504353523254,0.2585517168045044
YMR277W,YJL118W,0,0.057385042,0.09231309592723846,0.26247504353523254,0.2586517333984375
YHR039C,YIL158W,0,0.057154886,0.09228070080280304,0.26247504353523254,0.2587517499923706
YLR225C,YLR275W,0,0.05677873,0.09224833548069,0.26247504353523254,0.2588517665863037
YJL204C,YGL097W,0,0.056595217,0.09221598505973816,0.26247504353523254,0.2589517831802368
YDL025C,YNR069C,0,0.056398466,0.0921836644411087,0.26247504353523254,0.2590517997741699
YHR050W,YDL213C,0,0.05635097,0.09215136617422104,0.26247504353523254,0.259151816368103
YKL203C,YJR125C,1,0.05629102,0.09246934950351715,0.2634730637073517,0.259151816368103
YKL027W,YEL020C,0,0.05582474,0.09243697673082352,0.2634730637073517,0.2592518627643585
YOL091W,YAL009W,0,0.05545009,0.09240461885929108,0.2634730637073517,0.2593518793582916
YIL063C,YPL030W,0,0.05479631,0.09237229079008102,0.2634730637073517,0.25945189595222473
YNL327W,YNL005C,0,0.05458857,0.09233997762203217,0.2634730637073517,0.25955191254615784
YPL152W,YMR116C,0,0.054551963,0.0923076942563057,0.2634730637073517,0.25965192914009094
YDL020C,YHL020C,0,0.054176107,0.09227542579174042,0.2634730637073517,0.25975194573402405
YJR091C,YPL170W,0,0.053434994,0.09224318712949753,0.2634730637073517,0.25985196232795715
YIL040W,YJL100W,0,0.05290431,0.09221097081899643,0.2634730637073517,0.25995197892189026
YOR237W,YNL093W,1,0.052796632,0.09252793341875076,0.26447105407714844,0.25995197892189026
YLR064W,YPL086C,0,0.05279383,0.0924956351518631,0.26447105407714844,0.26005199551582336
YOL110W,YNL125C,0,0.052593492,0.09246336668729782,0.26447105407714844,0.26015204191207886
YKR013W,YDR352W,0,0.052317724,0.09243111312389374,0.26447105407714844,0.26025205850601196
YFR046C,YPR094W,0,0.052314248,0.09239888191223145,0.26447105407714844,0.26035207509994507
YBL036C,YPR151C,0,0.05169922,0.09236668050289154,0.26447105407714844,0.2604520916938782
YEL060C,YNL087W,0,0.05139874,0.09233449399471283,0.26447105407714844,0.2605521082878113
YER048C,YMR058W,0,0.051391996,0.0923023372888565,0.26447105407714844,0.2606521248817444
YLR408C,YJR086W,0,0.051274568,0.09227019548416138,0.26447105407714844,0.2607521414756775
YGR261C,YBL071W-A,0,0.050973147,0.09223807603120804,0.26447105407714844,0.2608521580696106
YDR210W-A,YHR166C,0,0.05090311,0.09220598638057709,0.26447105407714844,0.2609522044658661
YCR027C,YDR113C,0,0.050077587,0.09217391163110733,0.26447105407714844,0.2610522210597992
YKR014C,YNR075W,1,0.04995346,0.0924895703792572,0.2654690742492676,0.2610522210597992
YNL227C,YBR207W,1,0.049875632,0.09280500560998917,0.26646706461906433,0.2610522210597992
YLR388W,YDL156W,0,0.04954546,0.09277275949716568,0.26646706461906433,0.2611522376537323
YNR039C,YIL122W,0,0.049530543,0.09274053573608398,0.26646706461906433,0.2612522542476654
YOR371C,YKR086W,0,0.04941845,0.09270833432674408,0.26646706461906433,0.2613522708415985
YEL060C,YIL103W,0,0.049150046,0.09267615526914597,0.26646706461906433,0.2614522874355316
YPL242C,YHR203C,0,0.049082637,0.09264399856328964,0.26646706461906433,0.2615523040294647
YIL041W,YFL055W,0,0.04895415,0.09261186420917511,0.26646706461906433,0.2616523206233978
YBR200W,YLR332W,0,0.04873675,0.09257975220680237,0.26646706461906433,0.26175233721733093
YBL066C,YOR339C,0,0.04849136,0.09254766255617142,0.26646706461906433,0.2618523836135864
YIL121W,YHR050W,0,0.04839035,0.09251559525728226,0.26646706461906433,0.26195240020751953
YOR371C,YBR221C,0,0.047913864,0.09248355031013489,0.26646706461906433,0.26205241680145264
YAL030W,YPL145C,1,0.047359437,0.09279778599739075,0.2674650549888611,0.26205241680145264
YML052W,YNR035C,1,0.047215194,0.0931118056178093,0.2684630751609802,0.26205241680145264
YBR059C,YDL019C,1,0.047133267,0.09342560917139053,0.269461065530777,0.26205241680145264
YDR001C,YPL270W,0,0.0469414,0.09339328855276108,0.269461065530777,0.26215243339538574
YDR225W,YBR167C,0,0.046845227,0.09336099773645401,0.269461065530777,0.26225244998931885
YCR069W,YGR091W,0,0.04679511,0.09332872182130814,0.269461065530777,0.26235246658325195
YNL321W,YBR171W,0,0.046441197,0.09329647570848465,0.269461065530777,0.26245248317718506
YGL181W,YGR086C,1,0.046212725,0.09360966831445694,0.2704590857028961,0.26245248317718506
YDL232W,YKL027W,0,0.045673497,0.09357734769582748,0.2704590857028961,0.26255249977111816
YJL115W,YGL012W,0,0.044804793,0.09354504942893982,0.2704590857028961,0.26265251636505127
YPL069C,YPL270W,0,0.04469453,0.09351276606321335,0.2704590857028961,0.26275256276130676
YNR054C,YNL014W,0,0.044616133,0.09348051249980927,0.2704590857028961,0.26285257935523987
YNL124W,YDL239C,0,0.04443933,0.09344827383756638,0.2704590857028961,0.262952595949173
YBR126C,YER003C,0,0.044201896,0.09341606497764587,0.2704590857028961,0.2630526125431061
YMR135C,YMR202W,0,0.044157885,0.09338387101888657,0.2704590857028961,0.2631526291370392
YCR028C,YDR093W,1,0.043424934,0.09369617700576782,0.27145707607269287,0.2631526291370392
YML062C,YKL120W,0,0.043237656,0.09366390854120255,0.27145707607269287,0.2632526457309723
YER026C,YEL003W,0,0.042846203,0.09363166987895966,0.27145707607269287,0.2633526623249054
YLR157C-B,YPL024W,0,0.042823344,0.09359944611787796,0.27145707607269287,0.2634526789188385
YJL010C,YKL084W,0,0.042722218,0.09356725215911865,0.27145707607269287,0.263552725315094
YPL055C,YNL279W,0,0.042653978,0.09353507310152054,0.27145707607269287,0.2636527419090271
YAL030W,YCR094W,1,0.042591542,0.09384668618440628,0.272455096244812,0.2636527419090271
YGR192C,YLR308W,0,0.042213213,0.0938144326210022,0.272455096244812,0.2637527585029602
YDR519W,YBR079C,0,0.041927338,0.0937822088599205,0.272455096244812,0.2638527750968933
YJL099W,YPL162C,0,0.041832294,0.09375,0.272455096244812,0.2639527916908264
YOR237W,YIL048W,1,0.041288853,0.09406110644340515,0.27345308661460876,0.2639527916908264
YER069W,YLR424W,0,0.040939942,0.09402882307767868,0.27345308661460876,0.2640528082847595
YGL254W,YGL257C,0,0.040760048,0.0939965695142746,0.27345308661460876,0.2641528248786926
YMR268C,YLR110C,0,0.040096924,0.0939643383026123,0.27345308661460876,0.26425284147262573
YAL001C,YJR067C,0,0.039266698,0.0939321219921112,0.27345308661460876,0.26435285806655884
YDR202C,YKL071W,0,0.038919725,0.0938999280333519,0.27345308661460876,0.26445290446281433
YDR394W,YBR044C,0,0.03813811,0.09386776387691498,0.27345308661460876,0.26455292105674744
YOR043W,YHR161C,1,0.037864685,0.09417808055877686,0.2744511067867279,0.26455292105674744
YDR388W,YKR014C,1,0.037390523,0.09448818862438202,0.27544909715652466,0.26455292105674744
YCR034W,YDL058W,0,0.03738579,0.09445585310459137,0.27544909715652466,0.26465293765068054
YOR284W,YNL326C,0,0.037309866,0.09442353993654251,0.27544909715652466,0.26475295424461365
YJL028W,YGR028W,0,0.03710276,0.09439124166965485,0.27544909715652466,0.26485297083854675
YJL010C,YPL283C,0,0.036808982,0.09435897320508957,0.27544909715652466,0.26495298743247986
YIR013C,YER035W,0,0.036747698,0.09432672709226608,0.27544909715652466,0.26505300402641296
YNR026C,YNL222W,0,0.036606878,0.09429449588060379,0.27544909715652466,0.26515302062034607
YPL053C,YLR110C,0,0.036018576,0.09426229447126389,0.27544909715652466,0.2652530372142792
YBR228W,YNL229C,0,0.03579083,0.09423011541366577,0.27544909715652466,0.26535308361053467
YDR385W,YIL114C,0,0.035764176,0.09419795125722885,0.27544909715652466,0.2654531002044678
YGL181W,YDL231C,1,0.035724267,0.09450699388980865,0.2764471173286438,0.2654531002044678
YLR410W,YJL036W,0,0.035386488,0.09447476267814636,0.2764471173286438,0.2655531167984009
YOR043W,YDR490C,1,0.03534785,0.09478349983692169,0.27744510769844055,0.2655531167984009
YDR541C,YPL029W,0,0.035064906,0.09475119411945343,0.27744510769844055,0.265653133392334
YJL050W,YIL157C,0,0.03486047,0.09471891075372696,0.27744510769844055,0.2657531499862671
YBR290W,YPR022C,0,0.034813687,0.09468664973974228,0.27744510769844055,0.2658531665802002
YLR262C,YLR242C,0,0.03454514,0.09465441107749939,0.27744510769844055,0.2659531831741333
YOL091W,YNL245C,0,0.034192078,0.09462219476699829,0.27744510769844055,0.2660531997680664
YBR171W,YKL092C,0,0.033817157,0.09458999335765839,0.27744510769844055,0.2661532163619995
YKL101W,YJR002W,0,0.033767544,0.09455782175064087,0.27744510769844055,0.266253262758255
YOR360C,YOR343C-B,0,0.03356421,0.09452567249536514,0.27744510769844055,0.2663532793521881
YMR135C,YER011W,0,0.033321314,0.09449353814125061,0.27744510769844055,0.2664532959461212
YIL049W,YGR038W,0,0.033275843,0.09446143358945847,0.27744510769844055,0.2665533125400543
YNR063W,YOL137W,0,0.0325976,0.09442935138940811,0.27744510769844055,0.2666533291339874
YHL033C,YKL092C,0,0.03233117,0.09439728409051895,0.27744510769844055,0.26675334572792053
YLR274W,YKR025W,0,0.032002047,0.09436523914337158,0.27744510769844055,0.26685336232185364
YBR077C,YGL079W,0,0.031898383,0.094333216547966,0.27744510769844055,0.26695337891578674
YJL116C,YLR071C,0,0.03133121,0.09430122375488281,0.27744510769844055,0.26705342531204224
YIR022W,YIL010W,0,0.031242914,0.09426924586296082,0.27744510769844055,0.26715344190597534
YIL131C,YIL105C,0,0.030381143,0.09423729032278061,0.27744510769844055,0.26725345849990845
YBR302C,YLR222C,0,0.03012649,0.0942053571343422,0.27744510769844055,0.26735347509384155
YJL116C,YOR140W,0,0.029957805,0.09417343884706497,0.27744510769844055,0.26745349168777466
YCR102C,YMR030W,0,0.029635843,0.09414155036211014,0.27744510769844055,0.26755350828170776
YNR054C,YPR066W,0,0.029634409,0.0941096842288971,0.27744510769844055,0.26765352487564087
YOR141C,YNL241C,0,0.029426383,0.09407783299684525,0.27744510769844055,0.267753541469574
YDR522C,YOL044W,0,0.028771047,0.09404601156711578,0.27744510769844055,0.2678535580635071
YCR067C,YJL154C,0,0.028704023,0.09401420503854752,0.27744510769844055,0.2679536044597626
YBR103W,YGL033W,0,0.02827701,0.09398242086172104,0.27744510769844055,0.2680536210536957
YER125W,YCR053W,1,0.028093792,0.09428860992193222,0.2784431278705597,0.2680536210536957
YMR236W,YGL038C,0,0.027747326,0.09425675868988037,0.2784431278705597,0.2681536376476288
YIL023C,YOR141C,0,0.027160168,0.09422492235898972,0.2784431278705597,0.2682536542415619
YFL034C-B,YJL050W,0,0.02653011,0.09419311583042145,0.2784431278705597,0.268353670835495
YFL009W,YGL131C,0,0.026192546,0.09416132420301437,0.2784431278705597,0.2684536874294281
YLR423C,YBR136W,0,0.025972525,0.09412955492734909,0.2784431278705597,0.2685537040233612
YDR541C,YDR043C,0,0.025788024,0.0940978080034256,0.2784431278705597,0.2686537206172943
YCR067C,YNL047C,0,0.025607124,0.0940660834312439,0.2784431278705597,0.2687537372112274
YHR191C,YIL015W,0,0.024790965,0.09403438121080399,0.2784431278705597,0.2688537836074829
YEL077C,YHR072W-A,0,0.02476507,0.09400269389152527,0.2784431278705597,0.268953800201416
YPL053C,YGL175C,0,0.02427372,0.09397103637456894,0.2784431278705597,0.2690538167953491
YLR405W,YER169W,0,0.023843005,0.0939393937587738,0.2784431278705597,0.2691538333892822
YCR042C,YDR316W,0,0.02363792,0.09390777349472046,0.2784431278705597,0.26925384998321533
YDR339C,YNL336W,0,0.023486622,0.0938761755824089,0.2784431278705597,0.26935386657714844
YKL163W,YNL265C,0,0.023403848,0.09384460002183914,0.2784431278705597,0.26945388317108154
YBL102W,YAL055W,0,0.023399763,0.09381304681301117,0.2784431278705597,0.26955389976501465
YDL207W,YBR110W,0,0.022708397,0.09378151595592499,0.2784431278705597,0.26965391635894775
YDL005C,YEL071W,0,0.022590593,0.09375,0.2784431278705597,0.26975396275520325
YDR142C,YAL014C,0,0.022542305,0.0937185063958168,0.2784431278705597,0.26985397934913635
YOR196C,YDR180W,0,0.022516556,0.0936870351433754,0.2784431278705597,0.26995399594306946
YGL255W,YNL139C,0,0.022416927,0.09365558624267578,0.2784431278705597,0.27005401253700256
YHR007C,YOR153W,0,0.02231381,0.09362415969371796,0.2784431278705597,0.27015402913093567
YMR323W,YMR030W,0,0.022110634,0.09359275549650192,0.2784431278705597,0.2702540457248688
YNL254C,YER074W-A,0,0.021675184,0.09356136620044708,0.2784431278705597,0.2703540623188019
YGL048C,YBR253W,0,0.021553315,0.09353000670671463,0.2784431278705597,0.270454078912735
YNL020C,YPL004C,1,0.020535477,0.09383378177881241,0.27944111824035645,0.270454078912735
YPR029C,YPL228W,0,0.019954227,0.09380234777927399,0.27944111824035645,0.2705541253089905
YPL032C,YNL220W,0,0.019932978,0.09377092868089676,0.27944111824035645,0.2706541419029236
YMR135C,YCR008W,0,0.019810487,0.09373953938484192,0.27944111824035645,0.2707541584968567
YAL001C,YJL115W,0,0.019789226,0.09370816498994827,0.27944111824035645,0.2708541750907898
YMR263W,YER160C,0,0.018821549,0.09367681294679642,0.27944111824035645,0.2709541916847229
YGR227W,YDR264C,0,0.018776603,0.09364548325538635,0.27944111824035645,0.271054208278656
YJL160C,YLL042C,0,0.018722743,0.09361417591571808,0.27944111824035645,0.2711542248725891
YGR161C-C,YKL139W,0,0.018680826,0.0935828909277916,0.27944111824035645,0.2712542414665222
YJR113C,YPL029W,0,0.018576998,0.0935516208410263,0.27944111824035645,0.2713542580604553
YOR256C,YER122C,0,0.018483937,0.09352037310600281,0.27944111824035645,0.2714543044567108
YFL055W,YLR070C,0,0.018436223,0.0934891477227211,0.27944111824035645,0.2715543210506439
YDR191W,YMR197C,0,0.018296972,0.09345794469118118,0.27944111824035645,0.271654337644577
YDR020C,YDR143C,0,0.018287407,0.09342675656080246,0.27944111824035645,0.27175435423851013
YJR064W,YBR161W,0,0.017757103,0.09339559823274612,0.27944111824035645,0.27185437083244324
YMR164C,YBR288C,0,0.01757814,0.09336445480585098,0.27944111824035645,0.27195438742637634
YML066C,YGL254W,0,0.017429307,0.09333333373069763,0.27944111824035645,0.27205440402030945
YJR125C,YOR089C,1,0.017168224,0.0936354547739029,0.2804391086101532,0.27205440402030945
YHR063C,YDR058C,0,0.01714684,0.09360426664352417,0.2804391086101532,0.27215442061424255
YDR339C,YER094C,0,0.017035045,0.09357309341430664,0.2804391086101532,0.27225443720817566
YOR210W,YBR014C,0,0.01668755,0.0935419425368309,0.2804391086101532,0.27235448360443115
YJL028W,YOR256C,0,0.0166516,0.09351081401109695,0.2804391086101532,0.27245450019836426
YMR079W,YMR135C,0,0.016649656,0.0934797078371048,0.2804391086101532,0.27255451679229736
YKL203C,YAL026C,1,0.016293585,0.09378118067979813,0.28143712878227234,0.27255451679229736
YOL027C,YPL005W,0,0.016201705,0.09375,0.28143712878227234,0.27265453338623047
YDR225W,YOL049W,0,0.015864551,0.09371884167194366,0.28143712878227234,0.2727545499801636
YLR369W,YGR121C,0,0.01568672,0.09368770569562912,0.28143712878227234,0.2728545665740967
YOR327C,YDR093W,1,0.015403502,0.09398870915174484,0.2824351191520691,0.2728545665740967
YNL087W,YGL077C,0,0.01492665,0.09395750612020493,0.2824351191520691,0.2729545831680298
YER018C,YAL047C,0,0.014878511,0.0939263179898262,0.2824351191520691,0.2730545997619629
YBR214W,YLR337C,1,0.014739271,0.09422694146633148,0.28343313932418823,0.2730545997619629
YGR289C,YOL058W,0,0.014376879,0.09419568628072739,0.28343313932418823,0.273154616355896
YML046W,YIL017C,0,0.014347017,0.09416445344686508,0.28343313932418823,0.2732546627521515
YOL049W,YMR067C,0,0.01427871,0.09413324296474457,0.28343313932418823,0.2733546793460846
YLR297W,YLL042C,0,0.013958231,0.09410205483436584,0.28343313932418823,0.2734546959400177
YDR261C-C,YNL241C,0,0.0135110915,0.09407088160514832,0.28343313932418823,0.2735547125339508
YNR023W,YNL082W,0,0.013451308,0.09403973817825317,0.28343313932418823,0.2736547291278839
YDR294C,YOL039W,0,0.013299834,0.09400860965251923,0.28343313932418823,0.273754745721817
YAR044W,YDL019C,1,0.013180494,0.09430840611457825,0.284431129693985,0.273754745721817
YMR199W,YJL036W,0,0.012771919,0.09427721053361893,0.284431129693985,0.2738547623157501
YPR075C,YHL009W-A,0,0.0125566535,0.0942460298538208,0.284431129693985,0.2739547789096832
YCR066W,YHR094C,0,0.012007192,0.09421487897634506,0.284431129693985,0.2740548253059387
YLR116W,YGR133W,0,0.011708915,0.09418374300003052,0.284431129693985,0.2741548418998718
YHR039C,YGL131C,0,0.011316568,0.09415262937545776,0.284431129693985,0.27425485849380493
YGR028W,YOR298C-A,0,0.011300087,0.0941215306520462,0.284431129693985,0.27435487508773804
YDR294C,YER160C,0,0.011008084,0.09409046173095703,0.284431129693985,0.27445489168167114
YDR163W,YDR477W,0,0.010826267,0.09405940771102905,0.284431129693985,0.27455490827560425
YGR203W,YMR197C,0,0.0107957795,0.09402837604284286,0.284431129693985,0.27465492486953735
YJL113W,YGR098C,0,0.010349747,0.09399735927581787,0.284431129693985,0.27475494146347046
YDR034C-D,YJR002W,0,0.010288864,0.09396637231111526,0.284431129693985,0.27485495805740356
YLR144C,YMR251W-A,0,0.009987086,0.09393540024757385,0.284431129693985,0.27495500445365906
YNL275W,YKL184W,0,0.009370983,0.09390445053577423,0.284431129693985,0.27505502104759216
YKL222C,YLL042C,0,0.009208642,0.0938735157251358,0.284431129693985,0.27515503764152527
YHR102W,YDL122W,0,0.009097934,0.09384261071681976,0.284431129693985,0.2752550542354584
YBR288C,YDR331W,0,0.009074882,0.09381172060966492,0.284431129693985,0.2753550708293915
YHR016C,YPR165W,1,0.008954093,0.094109907746315,0.2854291498661041,0.2753550708293915
YFL024C,YLR372W,0,0.008907899,0.09407895058393478,0.2854291498661041,0.2754550874233246
YBR290W,YIL129C,0,0.008786336,0.09404800832271576,0.2854291498661041,0.2755551040172577
YBR302C,YLR341W,0,0.008642346,0.09401709586381912,0.2854291498661041,0.2756551206111908
YOR144C,YNL106C,0,0.008627582,0.09398619830608368,0.2854291498661041,0.2757551372051239
YER003C,YOL097C,0,0.008354656,0.09395532310009003,0.2854291498661041,0.2758551836013794
YDR104C,YBL084C,0,0.007898621,0.09392446279525757,0.2854291498661041,0.2759552001953125
YFL055W,YOR293W,0,0.00784947,0.0938936322927475,0.2854291498661041,0.2760552167892456
YBR070C,YAL047C,0,0.0077834614,0.09386281669139862,0.2854291498661041,0.2761552333831787
YER118C,YGL131C,0,0.0077830106,0.09383202344179153,0.2854291498661041,0.2762552499771118
YGR023W,YDR097C,0,0.007528696,0.09380124509334564,0.2854291498661041,0.2763552665710449
YDR264C,YJR125C,1,0.0070247427,0.09409835934638977,0.2864271402359009,0.2763552665710449
YNR073C,YDR541C,0,0.0066280365,0.0940675213932991,0.2864271402359009,0.276455283164978
YMR190C,YIL015W,0,0.006600391,0.09403669834136963,0.2864271402359009,0.27655529975891113
YNL126W,YGL044C,0,0.006572079,0.09400589764118195,0.2864271402359009,0.27665531635284424
YJL207C,YKR029C,0,0.006256312,0.09397511184215546,0.2864271402359009,0.27675536274909973
YNL186W,YHR026W,0,0.0061558187,0.09394435584545135,0.2864271402359009,0.27685537934303284
YDR142C,YHR104W,0,0.005657412,0.09391361474990845,0.2864271402359009,0.27695539593696594
YBR302C,YBL084C,0,0.0055032577,0.09388288855552673,0.2864271402359009,0.27705541253089905
YML066C,YCR068W,0,0.005055706,0.09385219216346741,0.2864271402359009,0.27715542912483215
YBL040C,YBR217W,0,0.004594609,0.09382151067256927,0.2864271402359009,0.27725544571876526
YBR302C,YJL093C,0,0.0045270026,0.09379085153341293,0.2864271402359009,0.27735546231269836
YPL055C,YHR043C,0,0.004122019,0.09376020729541779,0.2864271402359009,0.27745547890663147
YNL321W,YNL148C,0,0.004092537,0.09372958540916443,0.2864271402359009,0.27755552530288696
YLR205C,YOR210W,0,0.003913451,0.09369898587465286,0.2864271402359009,0.27765554189682007
YDR385W,YKL193C,0,0.0038499013,0.09366840869188309,0.2864271402359009,0.2777555584907532
YGR023W,YLR178C,0,0.0036291257,0.0936378464102745,0.2864271402359009,0.2778555750846863
YIR007W,YNR051C,0,0.0036093593,0.09360730648040771,0.2864271402359009,0.2779555916786194
YDL193W,YDR099W,0,0.0024822336,0.09357678145170212,0.2864271402359009,0.2780556082725525
YLR157C-A,YMR119W,0,0.0023557954,0.09354628622531891,0.2864271402359009,0.2781556248664856
YDL020C,YDL042C,0,0.0023370832,0.0935158059000969,0.2864271402359009,0.2782556414604187
YAR003W,YML111W,0,0.002139099,0.09348534047603607,0.2864271402359009,0.2783556580543518
YAR003W,YKR086W,0,0.0020427555,0.09345489740371704,0.2864271402359009,0.2784557044506073
YPL249C-A,YER075C,0,0.0019173846,0.0934244766831398,0.2864271402359009,0.2785557210445404
YJR113C,YKL092C,0,0.0018913597,0.09339407831430435,0.2864271402359009,0.2786557376384735
YNL072W,YHR016C,0,0.0017349124,0.0933636948466301,0.2864271402359009,0.2787557542324066
YNL069C,YCR048W,0,0.0014401525,0.09333333373069763,0.2864271402359009,0.2788557708263397
YNL009W,YBR139W,0,0.0009633601,0.09330298751592636,0.2864271402359009,0.2789557874202728
YDL188C,YLR069C,0,-0.00032178685,0.09327267110347748,0.2864271402359009,0.27905580401420593
YNL020C,YIL095W,1,-0.00032975897,0.09356725215911865,0.28742516040802,0.27905580401420593
YPL132W,YGL234W,0,-0.00039527565,0.0935368612408638,0.28742516040802,0.27915582060813904
YOL017W,YOR210W,0,-0.00059466064,0.09350649267435074,0.28742516040802,0.27925583720207214
YCR067C,YPL249C,0,-0.0006731674,0.09347614645957947,0.28742516040802,0.27935588359832764
YER125W,YGR086C,1,-0.0009818375,0.09377028048038483,0.2884231507778168,0.27935588359832764
YGR157W,YGR172C,0,-0.0014297664,0.09373986721038818,0.2884231507778168,0.27945590019226074
YGL001C,YIL015W,0,-0.0014524981,0.09370946884155273,0.2884231507778168,0.27955591678619385
YBR056W,YGL156W,0,-0.001646176,0.09367909282445908,0.2884231507778168,0.27965593338012695
YER003C,YDR394W,0,-0.00196518,0.09364873915910721,0.2884231507778168,0.27975594997406006
YJL210W,YJR125C,0,-0.0023924112,0.09361840039491653,0.2884231507778168,0.27985596656799316
YKL213C,YOR344C,0,-0.0024641752,0.09358808398246765,0.2884231507778168,0.27995598316192627
YGL250W,YOL091W,0,-0.002754666,0.09355778247117996,0.2884231507778168,0.2800559997558594
YGL099W,YJL020C,0,-0.0030484647,0.09352751076221466,0.2884231507778168,0.2801560163497925
YGR090W,YPL124W,0,-0.0030699372,0.09349724650382996,0.2884231507778168,0.280256062746048
YBR135W,YGR280C,0,-0.00316225,0.09346701204776764,0.2884231507778168,0.2803560793399811
YCL062W,YJL210W,0,-0.0034154207,0.09343679249286652,0.2884231507778168,0.2804560959339142
YOR214C,YER166W,0,-0.0034426954,0.09340659528970718,0.2884231507778168,0.2805561125278473
YLR166C,YCR020W-B,0,-0.00345679,0.09337641298770905,0.2884231507778168,0.2806561291217804
YJL154C,YIR010W,0,-0.0048956573,0.0933462530374527,0.2884231507778168,0.2807561457157135
YKR014C,YOR181W,1,-0.0051281303,0.09363900870084763,0.2894211709499359,0.2807561457157135
YPL217C,YPL032C,0,-0.0053377524,0.0936087816953659,0.2894211709499359,0.2808561623096466
YKL213C,YOL058W,0,-0.0058980286,0.09357857704162598,0.2894211709499359,0.2809561789035797
YLR388W,YDR348C,0,-0.005901009,0.09354838728904724,0.2894211709499359,0.2810562252998352
YHR001W,YPL066W,0,-0.0060139596,0.0935182198882103,0.2894211709499359,0.2811562418937683
YEL034W,YHR084W,0,-0.0061377436,0.09348807483911514,0.2894211709499359,0.2812562584877014
YDL066W,YER073W,0,-0.00629922,0.09345794469118118,0.2894211709499359,0.2813562750816345
YBR109C,YOR237W,1,-0.0065478683,0.09375,0.29041916131973267,0.2813562750816345
YAL014C,YNL329C,0,-0.006688416,0.09371981024742126,0.29041916131973267,0.2814562916755676
YOR229W,YDR266C,0,-0.0069545805,0.09368963539600372,0.29041916131973267,0.28155630826950073
YPL283C,YNL097C,0,-0.0069846213,0.09365947544574738,0.29041916131973267,0.28165632486343384
YKR081C,YLR320W,0,-0.007074937,0.09362934529781342,0.29041916131973267,0.28175634145736694
YGL001C,YJL210W,0,-0.007718429,0.09359923005104065,0.29041916131973267,0.28185635805130005
YPL029W,YLR256W,0,-0.007859737,0.09356912970542908,0.29041916131973267,0.28195640444755554
YKL209C,YNR039C,0,-0.007946793,0.0935390517115593,0.29041916131973267,0.28205642104148865
YBR077C,YPL057C,0,-0.008084655,0.0935089960694313,0.29041916131973267,0.28215643763542175
YOL039W,YEL003W,0,-0.008427978,0.0934789627790451,0.29041916131973267,0.28225645422935486
YNL299W,YCR083W,0,-0.008493181,0.0934489369392395,0.29041916131973267,0.28235647082328796
YLR275W,YKL184W,0,-0.008545846,0.09341894090175629,0.29041916131973267,0.28245648741722107
YML025C,YPL118W,0,-0.008689091,0.09338895976543427,0.29041916131973267,0.2825565040111542
YGL055W,YHR203C,0,-0.009039268,0.09335900098085403,0.29041916131973267,0.2826565206050873
YGR227W,YJR044C,0,-0.009096615,0.093329057097435,0.29041916131973267,0.2827565371990204
YIL091C,YHR091C,0,-0.009256717,0.09329913556575775,0.29041916131973267,0.2828565835952759
YPL268W,YGL208W,0,-0.00926581,0.0932692289352417,0.29041916131973267,0.282956600189209
YPR201W,YDL150W,0,-0.009304404,0.09323934465646744,0.29041916131973267,0.2830566167831421
YAR044W,YOR089C,1,-0.009705432,0.09352979063987732,0.2914171516895294,0.2830566167831421
YKR098C,YKL163W,0,-0.009849638,0.09349983930587769,0.2914171516895294,0.2831566333770752
YDR541C,YBR106W,0,-0.009978592,0.09346991032361984,0.2914171516895294,0.2832566499710083
YFL050C,YMR251W-A,0,-0.010195203,0.09344000369310379,0.2914171516895294,0.2833566665649414
YGR198W,YNL084C,1,-0.010200858,0.09373001009225845,0.29241517186164856,0.2833566665649414
YHR084W,YDL191W,0,-0.010213127,0.09370002895593643,0.29241517186164856,0.2834566831588745
YOR210W,YMR083W,0,-0.010355771,0.0936700776219368,0.29241517186164856,0.2835566997528076
YOL094C,YGL208W,0,-0.01041308,0.09364014118909836,0.29241517186164856,0.2836567461490631
YIL091C,YMR293C,0,-0.011256233,0.09361022710800171,0.29241517186164856,0.2837567627429962
YLR077W,YDR147W,0,-0.011586979,0.09358032792806625,0.29241517186164856,0.2838567793369293
YGR038C-A,YPR112C,0,-0.011762112,0.09355044364929199,0.29241517186164856,0.2839567959308624
YLR148W,YMR305C,0,-0.012159497,0.09352058917284012,0.29241517186164856,0.28405681252479553
YML064C,YKL176C,0,-0.012279104,0.09349074959754944,0.29241517186164856,0.28415682911872864
YGL166W,YOL044W,0,-0.012694638,0.09346092492341995,0.29241517186164856,0.28425684571266174
YOL041C,YGR128C,0,-0.012710571,0.09343112260103226,0.29241517186164856,0.28435686230659485
YDR147W,YJL092W,0,-0.012944743,0.09340133517980576,0.29241517186164856,0.28445687890052795
YLR157C-A,YDR354W,0,-0.013168752,0.09337157756090164,0.29241517186164856,0.28455692529678345
YLR084C,YFL003C,0,-0.01341363,0.09334182739257812,0.29241517186164856,0.28465694189071655
YDL178W,YCR097W,0,-0.013567671,0.0933120995759964,0.29241517186164856,0.28475695848464966
YMR260C,YLR003C,0,-0.013617009,0.09328239411115646,0.29241517186164856,0.28485697507858276
YGR038C-A,YML033W,0,-0.0142890215,0.09325270354747772,0.29241517186164856,0.28495699167251587
YDR450W,YKR025W,0,-0.014801428,0.09322303533554077,0.29241517186164856,0.285057008266449
YKL055C,YNL256W,0,-0.014826156,0.09319338202476501,0.29241517186164856,0.2851570248603821
YGL048C,YDR034C-D,0,-0.014832318,0.09316375106573105,0.29241517186164856,0.2852570414543152
YJL051W,YCL038C,0,-0.015198559,0.09313413500785828,0.29241517186164856,0.2853570580482483
YKR045C,YJL050W,0,-0.015298873,0.0931045413017273,0.29241517186164856,0.2854571044445038
YJL116C,YDR141C,0,-0.015359774,0.0930749699473381,0.29241517186164856,0.2855571210384369
YOR118W,YPL079W,0,-0.015454052,0.09304541349411011,0.29241517186164856,0.28565713763237
YKR046C,YCL027C-A,0,-0.015586674,0.0930158719420433,0.29241517186164856,0.2857571542263031
YPR181C,YCR088W,0,-0.015880242,0.09298635274171829,0.29241517186164856,0.2858571708202362
YGL206C,YDL019C,1,-0.016775817,0.09327410906553268,0.2934131622314453,0.2858571708202362
YCL033C,YPL086C,0,-0.016949505,0.0932445302605629,0.2934131622314453,0.2859571874141693
YOR354C,YOL016C,0,-0.01731883,0.0932149663567543,0.2934131622314453,0.2860572040081024
YIL117C,YFL055W,0,-0.017557783,0.0931854173541069,0.2934131622314453,0.2861572206020355
YIL162W,YML029W,0,-0.01774913,0.0931558907032013,0.2934131622314453,0.28625723719596863
YLR157C-A,YLR298C,0,-0.0178705,0.09312638640403748,0.2934131622314453,0.2863572835922241
YHR062C,YLL015W,0,-0.018318187,0.09309689700603485,0.2934131622314453,0.2864573001861572
YPL088W,YGL013C,0,-0.018387556,0.09306742995977402,0.2934131622314453,0.28655731678009033
YPL024W,YPL228W,0,-0.019061014,0.09303797781467438,0.2934131622314453,0.28665733337402344
YMR052W,YIL050W,0,-0.019151736,0.09300854057073593,0.2934131622314453,0.28675734996795654
YKL188C,YNL071W,0,-0.01917465,0.09297912567853928,0.2934131622314453,0.28685736656188965
YGL250W,YLR034C,0,-0.019431531,0.09294973313808441,0.2934131622314453,0.28695738315582275
YNL297C,YIR006C,1,-0.01943288,0.09323640912771225,0.29441118240356445,0.28695738315582275
YDL066W,YJR125C,0,-0.019628316,0.09320694953203201,0.29441118240356445,0.28705739974975586
YFL009W,YOR130C,0,-0.019806605,0.09317751228809357,0.29441118240356445,0.28715744614601135
YKR098C,YJR064W,0,-0.019855589,0.09314808994531631,0.29441118240356445,0.28725746273994446
YKR067W,YGL125W,0,-0.019860566,0.09311868995428085,0.29441118240356445,0.28735747933387756
YBR200W,YLR298C,0,-0.019993424,0.09308930486440659,0.29441118240356445,0.28745749592781067
YBR210W,YDR484W,0,-0.020189896,0.09305993467569351,0.29441118240356445,0.2875575125217438
YBR210W,YKL127W,0,-0.020189896,0.09303058683872223,0.29441118240356445,0.2876575291156769
YLR035C,YGL032C,0,-0.020891458,0.09300126135349274,0.29441118240356445,0.28775754570961
YEL027W,YNL297C,1,-0.020932205,0.09328711032867432,0.2954091727733612,0.28775754570961
YNR012W,YLR310C,0,-0.021133106,0.09325771778821945,0.2954091727733612,0.2878575623035431
YFL034C-B,YPL086C,0,-0.021617249,0.09322834759950638,0.2954091727733612,0.2879575788974762
YOL088C,YGL100W,0,-0.021804862,0.0931989923119545,0.2954091727733612,0.2880576252937317
YJL111W,YLR222C,0,-0.022030141,0.09316965937614441,0.2954091727733612,0.2881576418876648
YKR014C,YKR003W,1,-0.022121921,0.0934550017118454,0.29640719294548035,0.2881576418876648
YER011W,YBR227C,0,-0.02249974,0.09342560917139053,0.29640719294548035,0.2882576584815979
YGL054C,YLR362W,0,-0.022636801,0.09339622408151627,0.29640719294548035,0.288357675075531
YCR042C,YNL177C,0,-0.022658736,0.09336686879396439,0.29640719294548035,0.2884576916694641
YNL069C,YPL046C,0,-0.022662595,0.0933375209569931,0.29640719294548035,0.2885577082633972
YML078W,YFL016C,0,-0.023256145,0.09330820292234421,0.29640719294548035,0.2886577248573303
YKL046C,YDL010W,0,-0.02353986,0.09327889233827591,0.29640719294548035,0.2887577414512634
YCR067C,YJR086W,0,-0.024041772,0.0932496041059494,0.29640719294548035,0.28885775804519653
YJR125C,YLR206W,1,-0.024347425,0.0935342088341713,0.2974051833152771,0.28885775804519653
YMR068W,YDL214C,0,-0.024354741,0.09350486099720001,0.2974051833152771,0.288957804441452
YGR280C,YJL036W,0,-0.024435852,0.09347553551197052,0.2974051833152771,0.28905782103538513
YIR021W,YBR221C,0,-0.02448801,0.09344622492790222,0.2974051833152771,0.28915783762931824
YDR182W,YPR023C,0,-0.024653181,0.09341692924499512,0.2974051833152771,0.28925785422325134
YCL038C,YML010W,0,-0.024748847,0.0933876559138298,0.2974051833152771,0.28935787081718445
YJL116C,YGR256W,0,-0.024957925,0.09335839748382568,0.2974051833152771,0.28945788741111755
YNL090W,YLR222C,0,-0.025488012,0.09332915395498276,0.2974051833152771,0.28955790400505066
YIL085C,YJR159W,0,-0.025856085,0.09329994022846222,0.2974051833152771,0.28965792059898376
YNL169C,YNL265C,0,-0.026141526,0.09327073395252228,0.2974051833152771,0.28975793719291687
YBR059C,YLR337C,1,-0.026455455,0.09355444461107254,0.29840320348739624,0.28975793719291687
YGR038C-A,YPL046C,0,-0.026598275,0.09352517873048782,0.29840320348739624,0.28985798358917236
YGL210W-A,YHR178W,0,-0.026777908,0.0934959352016449,0.29840320348739624,0.28995800018310547
YLR310C,YDR506C,0,-0.026830345,0.09346670657396317,0.29840320348739624,0.2900580167770386
YJL010C,YLR341W,0,-0.027018256,0.09343750029802322,0.29840320348739624,0.2901580333709717
YPR020W,YPR058W,0,-0.027023941,0.09340830892324448,0.29840320348739624,0.2902580499649048
YPR065W,YNL087W,0,-0.02774112,0.09337913990020752,0.29840320348739624,0.2903580665588379
YGR033C,YPL072W,0,-0.028653458,0.09334998577833176,0.29840320348739624,0.290458083152771
YGL002W,YKL012W,0,-0.028658815,0.09332084655761719,0.29840320348739624,0.2905580997467041
YCR089W,YDL014W,0,-0.028672963,0.09329172968864441,0.29840320348739624,0.2906581461429596
YNR035C,YLR337W,1,-0.028936133,0.09357454627752304,0.299401193857193,0.2906581461429596
YPL232W,YIL110W,0,-0.029468179,0.09354536980390549,0.299401193857193,0.2907581627368927
YBL066C,YGR140W,0,-0.029596567,0.09351620823144913,0.299401193857193,0.2908581793308258
YPR061C,YGL029W,0,-0.029678393,0.09348706901073456,0.299401193857193,0.2909581959247589
YBR234C,YGL179C,0,-0.029698923,0.09345794469118118,0.299401193857193,0.291058212518692
YMR060C,YER074W-A,0,-0.02974949,0.093428835272789,0.299401193857193,0.2911582291126251
YGR247W,YCL020W,0,-0.029799275,0.09339974820613861,0.299401193857193,0.2912582457065582
YAR066W,YLR256W,0,-0.029957533,0.09337068349123001,0.299401193857193,0.29135826230049133
YKL091C,YJL210W,0,-0.02997315,0.0933416336774826,0.299401193857193,0.29145827889442444
YPR201W,YOR122C,0,-0.03003212,0.09331259876489639,0.299401193857193,0.29155832529067993
YOR095C,YCR071C,0,-0.03040225,0.09328357875347137,0.299401193857193,0.29165834188461304
YOR125C,YFR055W,0,-0.03045103,0.09325458854436874,0.299401193857193,0.29175835847854614
YLR275W,YJL074C,0,-0.030666888,0.09322560578584671,0.299401193857193,0.29185837507247925
YKL137W,YHR200W,0,-0.03124956,0.09319664537906647,0.299401193857193,0.29195839166641235
YGL099W,YHR084W,0,-0.031331185,0.09316769987344742,0.299401193857193,0.29205840826034546
YJR161C,YBR244W,0,-0.031385154,0.09313877671957016,0.299401193857193,0.29215842485427856
YNR063W,YGR256W,0,-0.031558827,0.0931098684668541,0.299401193857193,0.29225844144821167
YDR123C,YFR055W,0,-0.03186255,0.09308098256587982,0.299401193857193,0.2923584580421448
YOL016C,YDR307W,0,-0.031948775,0.09305211156606674,0.299401193857193,0.29245850443840027
YER003C,YMR030W,0,-0.032871857,0.09302325546741486,0.299401193857193,0.2925585210323334
YPL016W,YKL127W,0,-0.032931983,0.09299442172050476,0.299401193857193,0.2926585376262665
YBR236C,YHR084W,0,-0.03360672,0.09296560287475586,0.299401193857193,0.2927585542201996
YML052W,YDR490C,1,-0.03362628,0.09324659407138824,0.30039921402931213,0.2927585542201996
YML029W,YNL047C,0,-0.033710852,0.09321771562099457,0.30039921402931213,0.2928585708141327
YGR028W,YPR066W,0,-0.03395375,0.09318885207176208,0.30039921402931213,0.2929585874080658
YFL009W,YBR186W,0,-0.034805316,0.09316001087427139,0.30039921402931213,0.2930586040019989
YGL201C,YDR162C,0,-0.034927715,0.0931311845779419,0.30039921402931213,0.293158620595932
YBR302C,YGR091W,0,-0.0349423,0.09310238063335419,0.30039921402931213,0.2932586371898651
YDL226C,YBL100W-A,0,-0.035816476,0.09307359158992767,0.30039921402931213,0.2933586835861206
YML033W,YML046W,0,-0.035842374,0.09304482489824295,0.30039921402931213,0.2934587001800537
YHL001W,YER160C,0,-0.03680554,0.09301606565713882,0.30039921402931213,0.2935587167739868
YDR339C,YLL042C,0,-0.03699985,0.09298733621835709,0.30039921402931213,0.2936587333679199
YKR060W,YDL064W,0,-0.0370487,0.09295861423015594,0.30039921402931213,0.293758749961853
YDR020C,YNR039C,0,-0.03711137,0.0929299145936966,0.30039921402931213,0.29385876655578613
YLR155C,YDL014W,0,-0.03712122,0.09290123730897903,0.30039921402931213,0.29395878314971924
YCR089W,YLR133W,0,-0.037459433,0.09287256747484207,0.30039921402931213,0.29405879974365234
YNR075W,YCR094W,1,-0.037459537,0.09315237402915955,0.3013972043991089,0.29405879974365234
YOR329C,YOR303W,0,-0.037773937,0.0931236520409584,0.3013972043991089,0.29415884613990784
YML010W,YJL100W,0,-0.037977293,0.09309494495391846,0.3013972043991089,0.29425886273384094
YDL193W,YGR048W,0,-0.038455382,0.0930662527680397,0.3013972043991089,0.29435887932777405
YBR288C,YLR355C,0,-0.038613126,0.09303758293390274,0.3013972043991089,0.29445889592170715
YDR180W,YGL065C,0,-0.038651735,0.09300892800092697,0.3013972043991089,0.29455891251564026
YKL113C,YIR034C,0,-0.0387543,0.092980295419693,0.3013972043991089,0.29465892910957336
YDL005C,YGR041W,0,-0.038940642,0.09295167773962021,0.3013972043991089,0.29475894570350647
YCR028C,YOR109W,1,-0.038955905,0.09323076903820038,0.30239519476890564,0.29475894570350647
YDR261C-C,YGR038W,0,-0.039115753,0.09320209175348282,0.30239519476890564,0.2948589622974396
YER157W,YDR450W,0,-0.040194005,0.09317342936992645,0.30239519476890564,0.2949589788913727
YBR207W,YIL041W,1,-0.04035636,0.09345220029354095,0.3033932149410248,0.2949589788913727
YDR214W,YNL116W,0,-0.040548876,0.09342347830533981,0.3033932149410248,0.2950590252876282
YEL063C,YNL075W,0,-0.040992603,0.09339477866888046,0.3033932149410248,0.2951590418815613
YDL005C,YIL122W,0,-0.041322276,0.0933660939335823,0.3033932149410248,0.2952590584754944
YFL055W,YIR008C,0,-0.041650444,0.09333742409944534,0.3033932149410248,0.2953590750694275
YHR114W,YLR342W,1,-0.04184316,0.09361571818590164,0.30439120531082153,0.2953590750694275
YGR198W,YKR022C,0,-0.041858375,0.0935869887471199,0.30439120531082153,0.2954590916633606
YOR322C,YOR008C,1,-0.04210563,0.09386502951383591,0.3053892254829407,0.2954590916633606
YLR233C,YJR129C,0,-0.042216234,0.09383624792098999,0.3053892254829407,0.2955591082572937
YBR171W,YKL220C,0,-0.04300366,0.09380748122930527,0.3053892254829407,0.2956591248512268
YDR540C,YKR042W,0,-0.043376803,0.09377872943878174,0.3053892254829407,0.2957591414451599
YGL017W,YOL119C,0,-0.04339005,0.09375,0.3053892254829407,0.295859158039093
YBR228W,YDR450W,0,-0.043543562,0.09372128546237946,0.3053892254829407,0.2959592044353485
YOR196C,YBR171W,0,-0.043604102,0.0936925932765007,0.3053892254829407,0.2960592210292816
YLR144C,YKR045C,0,-0.04371377,0.09366390854120255,0.3053892254829407,0.2961592376232147
YGL130W,YGR166W,0,-0.044272646,0.09363525360822678,0.3053892254829407,0.2962592542171478
YDR385W,YCR097W,0,-0.044537917,0.0936066061258316,0.3053892254829407,0.29635927081108093
YBR288C,YCL020W,0,-0.044547968,0.09357798099517822,0.3053892254829407,0.29645928740501404
YNR056C,YBR133C,0,-0.044885423,0.09354937076568604,0.3053892254829407,0.29655930399894714
YDR346C,YPR066W,0,-0.04517455,0.09352078288793564,0.3053892254829407,0.29665932059288025
YGL038C,YER042W,0,-0.045198806,0.09349220991134644,0.3053892254829407,0.29675933718681335
YMR202W,YKR039W,0,-0.04520154,0.09346365183591843,0.3053892254829407,0.29685938358306885
YFL016C,YLR003C,0,-0.045478165,0.09343511611223221,0.3053892254829407,0.29695940017700195
YPL152W,YKR087C,0,-0.04559484,0.09340659528970718,0.3053892254829407,0.29705941677093506
YKL222C,YKL211C,0,-0.045767814,0.09337808936834335,0.3053892254829407,0.29715943336486816
YIR034C,YOL058W,0,-0.04588507,0.09334960579872131,0.3053892254829407,0.29725944995880127
YLR166C,YOL075C,0,-0.046242908,0.09332113713026047,0.3053892254829407,0.2973594665527344
YML008C,YBL071W-A,0,-0.04646497,0.09329268336296082,0.3053892254829407,0.2974594831466675
YKR098C,YDR302W,0,-0.046509147,0.09326425194740295,0.3053892254829407,0.2975594997406006
YOL075C,YNL305C,0,-0.047024846,0.09323583543300629,0.3053892254829407,0.2976595461368561
YNR073C,YPL283C,0,-0.04710955,0.09320743381977081,0.3053892254829407,0.2977595627307892
YPL227C,YGL033W,0,-0.047268867,0.09317904710769653,0.3053892254829407,0.2978595793247223
YOR173W,YIR033W,0,-0.04749556,0.09315068274736404,0.3053892254829407,0.2979595959186554
YKL112W,YCR034W,0,-0.047960952,0.09312234073877335,0.3053892254829407,0.2980596125125885
YBR139W,YNL336W,0,-0.04840433,0.09309400618076324,0.3053892254829407,0.2981596291065216
YPL236C,YNL067W,0,-0.04843097,0.09306569397449493,0.3053892254829407,0.2982596457004547
YMR288W,YGL038C,0,-0.048474744,0.09303739666938782,0.3053892254829407,0.2983596622943878
YBR203W,YOR010C,0,-0.048572738,0.09300912171602249,0.3053892254829407,0.2984596788883209
YOL006C,YLR355C,0,-0.048760217,0.09298085421323776,0.3053892254829407,0.2985597252845764
YML126C,YKR099C-A,0,-0.04905951,0.09295260906219482,0.3053892254829407,0.2986597418785095
YGL250W,YJL076W,0,-0.04912626,0.09292438626289368,0.3053892254829407,0.2987597584724426
YIL103W,YLR421C,0,-0.04931069,0.09289617836475372,0.3053892254829407,0.29885977506637573
YDL044C,YMR244C-A,0,-0.049340323,0.09286798536777496,0.3053892254829407,0.29895979166030884
YCR053W,YFL039C,1,-0.04942533,0.09314320236444473,0.3063872158527374,0.29895979166030884
YBL050W,YKL073W,0,-0.04971118,0.0931149497628212,0.3063872158527374,0.29905980825424194
YKR060W,YNL148C,0,-0.0497362,0.09308671951293945,0.3063872158527374,0.29915982484817505
YPL132W,YBL019W,0,-0.050130397,0.0930585041642189,0.3063872158527374,0.29925984144210815
YDR034C-D,YNL053W,0,-0.0503221,0.09303030371665955,0.3063872158527374,0.29935985803604126
YBR102C,YDR489W,0,-0.050429568,0.09300211817026138,0.3063872158527374,0.29945990443229675
YCL026C-A,YCL027C-A,0,-0.050705314,0.09297395497560501,0.3063872158527374,0.29955992102622986
YDL150W,YPL228W,0,-0.050944746,0.09294580668210983,0.3063872158527374,0.29965993762016296
YCR089W,YCR083W,0,-0.051307943,0.09291767328977585,0.3063872158527374,0.29975995421409607
YPL004C,YAL026C,1,-0.05133173,0.09319213032722473,0.30738523602485657,0.29975995421409607
YDL122W,YBL019W,0,-0.051450938,0.09316394478082657,0.30738523602485657,0.2998599708080292
YJL210W,YPL069C,0,-0.051691264,0.0931357741355896,0.30738523602485657,0.2999599874019623
YBR127C,YNL003C,0,-0.05170057,0.09310761839151382,0.30738523602485657,0.3000600039958954
YJL010C,YNL299W,0,-0.05177465,0.09307947754859924,0.30738523602485657,0.3001600205898285
YDR113C,YGL210W-A,0,-0.05262173,0.09305135905742645,0.30738523602485657,0.3002600371837616
YHR019C,YBL019W,0,-0.053165857,0.09302325546741486,0.30738523602485657,0.3003600835800171
YPR020W,YDR143C,0,-0.053180873,0.09299516677856445,0.30738523602485657,0.3004601001739502
YHR016C,YCR070W,0,-0.053252794,0.09296710044145584,0.30738523602485657,0.3005601167678833
YCR033W,YDR079C-A,0,-0.05348765,0.09293904900550842,0.30738523602485657,0.3006601333618164
YDR462W,YCR033W,0,-0.05348765,0.0929110124707222,0.30738523602485657,0.3007601499557495
YDL214C,YGR128C,0,-0.053531267,0.09288299083709717,0.30738523602485657,0.3008601665496826
YOR322C,YDR129C,1,-0.05360893,0.09315646439790726,0.3083832263946533,0.3008601665496826
YPL212C,YKL184W,0,-0.054096043,0.09312839061021805,0.3083832263946533,0.3009601831436157
YJL210W,YLR272C,0,-0.054370485,0.09310033172369003,0.3083832263946533,0.30106019973754883
YDL042C,YNL254C,0,-0.05478023,0.09307228773832321,0.3083832263946533,0.3011602461338043
YPL283C,YPR065W,0,-0.054931,0.09304426610469818,0.3083832263946533,0.3012602627277374
YJR067C,YBR044C,0,-0.055523828,0.09301625192165375,0.3083832263946533,0.30136027932167053
YOR043W,YIR006C,1,-0.055666454,0.09328919649124146,0.30938124656677246,0.30136027932167053
YJL209W,YLR362W,0,-0.055976737,0.09326113015413284,0.30938124656677246,0.30146029591560364
YNL035C,YPR066W,0,-0.056355476,0.09323308616876602,0.30938124656677246,0.30156031250953674
YGL017W,YER048C,0,-0.056575187,0.0932050496339798,0.30938124656677246,0.30166032910346985
YBR171W,YPL079W,0,-0.0566195,0.09317703545093536,0.30938124656677246,0.30176034569740295
YFR046C,YKR046C,0,-0.056629635,0.09314903616905212,0.30938124656677246,0.30186036229133606
YJL018W,YOR214C,0,-0.056964308,0.09312105923891068,0.30938124656677246,0.30196037888526917
YMR216C,YHR084W,0,-0.057085052,0.09309308975934982,0.30938124656677246,0.30206042528152466
YGR028W,YDR489W,0,-0.057457156,0.09306514263153076,0.30938124656677246,0.30216044187545776
YMR266W,YBL018C,0,-0.0578216,0.09303721785545349,0.30938124656677246,0.30226045846939087
YNL177C,YMR113W,0,-0.05821608,0.09300930052995682,0.30938124656677246,0.302360475063324
YNL300W,YBR244W,0,-0.05831227,0.09298140555620193,0.30938124656677246,0.3024604916572571
YCR042C,YER018C,0,-0.058396414,0.09295352548360825,0.30938124656677246,0.3025605082511902
YBR161W,YIL110W,0,-0.05853627,0.09292566031217575,0.30938124656677246,0.3026605248451233
YEL026W,YMR113W,0,-0.058563665,0.09289781004190445,0.30938124656677246,0.3027605414390564
YGR271C-A,YMR044W,0,-0.05869911,0.09286998212337494,0.30938124656677246,0.3028605580329895
YPR158W-A,YOR010C,0,-0.05898738,0.09284216910600662,0.30938124656677246,0.302960604429245
YIL162W,YMR236W,0,-0.05937934,0.0928143709897995,0.30938124656677246,0.3030606210231781
YBR073W,YNL099C,0,-0.06015128,0.09278658777475357,0.30938124656677246,0.3031606376171112
YDR184C,YNL099C,0,-0.060241416,0.09275882691144943,0.30938124656677246,0.3032606542110443
YLR116W,YHR196W,0,-0.060526267,0.09273108094930649,0.30938124656677246,0.3033606708049774
YGL208W,YJL203W,0,-0.060725406,0.09270334988832474,0.30938124656677246,0.3034606873989105
YOR034C,YNL093W,1,-0.060815096,0.09297458827495575,0.3103792369365692,0.3034606873989105
YHR143W-A,YGL032C,0,-0.06093207,0.09294680505990982,0.3103792369365692,0.30356070399284363
YBR217W,YDR480W,0,-0.06131819,0.09291902929544449,0.3103792369365692,0.30366072058677673
YJL177W,YGR256W,0,-0.06136974,0.09289127588272095,0.3103792369365692,0.3037607669830322
YHR073W,YPL032C,1,-0.06149462,0.09316213428974152,0.31137725710868835,0.3037607669830322
YJL018W,YDR155C,0,-0.061624423,0.0931343287229538,0.31137725710868835,0.30386078357696533
YAL014C,YKL139W,0,-0.061680138,0.09310653805732727,0.31137725710868835,0.30396080017089844
YLR371W,YNL297C,1,-0.062400304,0.09337709099054337,0.3123752474784851,0.30396080017089844
YGL206C,YDR093W,1,-0.06244184,0.09364748001098633,0.31337326765060425,0.30396080017089844
YGR096W,YDR489W,0,-0.06318159,0.09361955523490906,0.31337326765060425,0.30406081676483154
YLR332W,YPR009W,0,-0.06332029,0.09359165281057358,0.31337326765060425,0.30416083335876465
YLR342W,YDL019C,1,-0.06346734,0.09386174380779266,0.314371258020401,0.30416083335876465
YDR051C,YGR038C-B,0,-0.06359826,0.09383378177881241,0.314371258020401,0.30426084995269775
YDR540C,YDL066W,0,-0.06375091,0.09380583465099335,0.314371258020401,0.30436086654663086
YHR134W,YKR087C,0,-0.06411943,0.09377790987491608,0.314371258020401,0.30446088314056396
YLR405W,YOR205C,0,-0.06436466,0.09375,0.314371258020401,0.30456089973449707
YDR034C-D,YBR133C,0,-0.0648887,0.09372210502624512,0.314371258020401,0.30466094613075256
YDR182W,YJR095W,0,-0.06520745,0.09369423240423203,0.314371258020401,0.30476096272468567
YBL066C,YKR018C,0,-0.06528103,0.09366636723279953,0.314371258020401,0.3048609793186188
YML078W,YOL119C,0,-0.06539954,0.09363852441310883,0.314371258020401,0.3049609959125519
YDR073W,YCR066W,0,-0.065399945,0.09361069649457932,0.314371258020401,0.305061012506485
YNL020C,YGR241C,1,-0.06543384,0.09387997537851334,0.31536924839019775,0.305061012506485
YBR056W,YBR204C,0,-0.06544343,0.09385209530591965,0.31536924839019775,0.3051610291004181
YKL126W,YNR035C,1,-0.06553588,0.09412114322185516,0.3163672685623169,0.3051610291004181
YCR034W,YDR480W,0,-0.065726556,0.0940932035446167,0.3163672685623169,0.3052610456943512
YER018C,YBR014C,0,-0.065806344,0.09406527876853943,0.3163672685623169,0.3053610622882843
YPR103W,YNL265C,0,-0.066124,0.09403737634420395,0.3163672685623169,0.3054610788822174
YJL115W,YEL009C,0,-0.06634222,0.09400948882102966,0.3163672685623169,0.3055611252784729
YER019W,YOR035C,0,-0.06662067,0.09398161619901657,0.3163672685623169,0.305661141872406
YPR061C,YJR017C,0,-0.06690884,0.09395376592874527,0.3163672685623169,0.3057611584663391
YDR210W-D,YDL212W,0,-0.067445084,0.09392592310905457,0.3163672685623169,0.3058611750602722
YPR181C,YPL069C,0,-0.067557335,0.09389810264110565,0.3163672685623169,0.3059611916542053
YJL051W,YBR154C,0,-0.06757766,0.09387029707431793,0.3163672685623169,0.3060612082481384
YBL040C,YDR346C,0,-0.06782661,0.093842513859272,0.3163672685623169,0.30616122484207153
YCR068W,YPL084W,0,-0.06786091,0.09381473809480667,0.3163672685623169,0.30626124143600464
YHR124W,YNL148C,0,-0.06807973,0.09378698468208313,0.3163672685623169,0.30636125802993774
YNL154C,YMR291W,0,-0.06811434,0.09375924617052078,0.3163672685623169,0.30646130442619324
YGL210W-A,YOR003W,0,-0.06812003,0.09373152256011963,0.3163672685623169,0.30656132102012634
YML008C,YDR264C,0,-0.068807244,0.09370381385087967,0.3163672685623169,0.30666133761405945
YNL069C,YBR070C,0,-0.069501296,0.0936761200428009,0.3163672685623169,0.30676135420799255
YDR485C,YDR524C-B,0,-0.069565766,0.09364844858646393,0.3163672685623169,0.30686137080192566
YBR102C,YKL220C,0,-0.07006445,0.09362079203128815,0.3163672685623169,0.30696138739585876
YDL153C,YFR004W,0,-0.070762426,0.09359315037727356,0.3163672685623169,0.30706140398979187
YKL176C,YHR123W,0,-0.07079617,0.09356552362442017,0.3163672685623169,0.307161420583725
YLR206W,YLR056W,1,-0.07095349,0.09383299201726913,0.31736525893211365,0.307161420583725
YNR026C,YPL118W,0,-0.07099916,0.09380531311035156,0.31736525893211365,0.30726146697998047
YCL019W,YNL071W,0,-0.071218155,0.09377764910459518,0.31736525893211365,0.3073614835739136
YBR073W,YKL220C,0,-0.07203351,0.09375,0.31736525893211365,0.3074615001678467
YBR203W,YFL053W,0,-0.072097,0.0937223732471466,0.31736525893211365,0.3075615167617798
YOR196C,YJR067C,0,-0.072448894,0.09369475394487381,0.31736525893211365,0.3076615333557129
YIL063C,YCL011C,0,-0.07303493,0.0936671569943428,0.31736525893211365,0.307761549949646
YPL023C,YIL040W,0,-0.07331401,0.09363957494497299,0.31736525893211365,0.3078615665435791
YDR147W,YDR143C,0,-0.0733381,0.09361200779676437,0.31736525893211365,0.3079615831375122
YER069W,YDR097C,0,-0.07346668,0.09358446300029755,0.31736525893211365,0.3080615997314453
YMR052W,YHR200W,0,-0.073618256,0.09355692565441132,0.31736525893211365,0.3081616461277008
YMR079W,YNL082W,0,-0.073688306,0.09352941066026688,0.31736525893211365,0.3082616627216339
YGL099W,YDR477W,0,-0.07381366,0.09350191056728363,0.31736525893211365,0.308361679315567
YJR159W,YOR035C,0,-0.07428682,0.09347442537546158,0.31736525893211365,0.3084616959095001
YLR272C,YDL150W,0,-0.074395165,0.09344695508480072,0.31736525893211365,0.3085617125034332
YER078C,YPL162C,0,-0.07457368,0.09341950714588165,0.31736525893211365,0.30866172909736633
YOR022C,YLR362W,0,-0.07478583,0.09339207410812378,0.31736525893211365,0.30876174569129944
YFL055W,YFR009W,0,-0.075185895,0.0933646485209465,0.31736525893211365,0.30886176228523254
YPR107C,YML046W,0,-0.075421974,0.09333724528551102,0.31736525893211365,0.30896177887916565
YNR073C,YJR088C,0,-0.075454205,0.09330985695123672,0.31736525893211365,0.30906182527542114
YEL077C,YGL121C,0,-0.07556401,0.09328249096870422,0.31736525893211365,0.30916184186935425
YDL049C,YML121W,0,-0.07559727,0.09325513243675232,0.31736525893211365,0.30926185846328735
YBR088C,YGR098C,0,-0.075942785,0.09322778880596161,0.31736525893211365,0.30936187505722046
YBL018C,YPR185W,0,-0.07614383,0.09320046752691269,0.31736525893211365,0.30946189165115356
YNL326C,YJL093C,0,-0.0766685,0.09317316114902496,0.31736525893211365,0.30956190824508667
YMR021C,YOL001W,0,-0.07680329,0.09314586967229843,0.31736525893211365,0.3096619248390198
YCR017C,YGR128C,0,-0.07697259,0.0931185930967331,0.31736525893211365,0.3097619414329529
YLR070C,YNL030W,0,-0.0770896,0.09309133142232895,0.31736525893211365,0.309861958026886
YDR408C,YGL187C,0,-0.0773945,0.0930640920996666,0.31736525893211365,0.3099620044231415
YNL154C,YNL229C,0,-0.07761173,0.09303686022758484,0.31736525893211365,0.3100620210170746
YIL105C,YPL046C,0,-0.07795664,0.09300965070724487,0.31736525893211365,0.3101620376110077
YOL039W,YHR018C,0,-0.078071095,0.0929824560880661,0.31736525893211365,0.3102620542049408
YGL001C,YOR056C,0,-0.07852562,0.09295527637004852,0.31736525893211365,0.3103620707988739
YPL009C,YGL002W,0,-0.079495534,0.09292811155319214,0.31736525893211365,0.310462087392807
YGL181W,YOR008C,1,-0.07951983,0.09319310635328293,0.3183632791042328,0.310462087392807
YOL006C,YMR305C,0,-0.0804233,0.09316588938236237,0.3183632791042328,0.3105621039867401
YJL137C,YGR280C,0,-0.08047962,0.093138687312603,0.3183632791042328,0.3106621205806732
YGR152C,YML019W,0,-0.08086644,0.09311150014400482,0.3183632791042328,0.3107621669769287
YLR376C,YHL033C,0,-0.08107531,0.09308432787656784,0.3183632791042328,0.3108621835708618
YDR097C,YFL008W,0,-0.08123106,0.09305717796087265,0.3183632791042328,0.3109622001647949
YDR346C,YDR085C,0,-0.08131947,0.09303003549575806,0.3183632791042328,0.311062216758728
YHR161C,YBL007C,1,-0.081335396,0.09329446405172348,0.31936126947402954,0.311062216758728
YKR013W,YGL012W,0,-0.08140189,0.09326726943254471,0.31936126947402954,0.31116223335266113
YNR012W,YJL177W,0,-0.08142008,0.09324008971452713,0.31936126947402954,0.31126224994659424
YIR007W,YPR023C,0,-0.08148452,0.09321293234825134,0.31936126947402954,0.31136226654052734
YIL082W-A,YHR042W,0,-0.08179973,0.09318578988313675,0.31936126947402954,0.31146228313446045
YHL009W-A,YDL058W,0,-0.082096174,0.09315866231918335,0.31936126947402954,0.31156229972839355
YJL063C,YNL134C,0,-0.08220883,0.09313154965639114,0.31936126947402954,0.31166234612464905
YBL005W-A,YJR044C,0,-0.08236545,0.09310445189476013,0.31936126947402954,0.31176236271858215
YGL100W,YNL075W,0,-0.08243693,0.09307736903429031,0.31936126947402954,0.31186237931251526
YGR086C,YNL093W,1,-0.08271572,0.09334108978509903,0.3203592896461487,0.31186237931251526
YBR221C,YPL118W,0,-0.0838348,0.09331395477056503,0.3203592896461487,0.31196239590644836
YAR050W,YHR102W,0,-0.083972216,0.09328683465719223,0.3203592896461487,0.31206241250038147
YFL062W,YBR019C,0,-0.084149584,0.09325972944498062,0.3203592896461487,0.3121624290943146
YIL091C,YAR003W,0,-0.084492296,0.0932326465845108,0.3203592896461487,0.3122624456882477
YML008C,YNL254C,0,-0.08472729,0.09320557862520218,0.3203592896461487,0.3123624622821808
YGR231C,YKR039W,0,-0.08479411,0.09317851811647415,0.3203592896461487,0.3124624788761139
YER039C,YIL023C,0,-0.08494613,0.09315147995948792,0.3203592896461487,0.3125625252723694
YLR225C,YHR141C,0,-0.08522268,0.09312445670366287,0.3203592896461487,0.3126625418663025
YNR051C,YBL019W,0,-0.08522764,0.09309744834899902,0.3203592896461487,0.3127625584602356
YOR089C,YBL007C,1,-0.085369125,0.09336039423942566,0.32135728001594543,0.3127625584602356
YBR171W,YNL254C,0,-0.08538537,0.09333333373069763,0.32135728001594543,0.3128625750541687
YER169W,YMR067C,0,-0.08542046,0.0933062881231308,0.32135728001594543,0.3129625916481018
YBR088C,YNL265C,0,-0.08557879,0.09327925741672516,0.32135728001594543,0.3130626082420349
YGR161C-C,YMR113W,0,-0.08565435,0.09325224161148071,0.32135728001594543,0.313162624835968
YLR057W,YHL020C,0,-0.08568822,0.09322524815797806,0.32135728001594543,0.3132626414299011
YHR161C,YNL154C,1,-0.08592178,0.0934877023100853,0.3223553001880646,0.3132626414299011
YOL110W,YPL249C,0,-0.086011305,0.09346064925193787,0.3223553001880646,0.31336265802383423
YPR029C,YLR406C,0,-0.08602883,0.09343361109495163,0.3223553001880646,0.3134627044200897
YGR096W,YNL106C,0,-0.08621181,0.09340659528970718,0.3223553001880646,0.3135627210140228
YDR027C,YNL224C,0,-0.08658588,0.09337958693504333,0.3223553001880646,0.31366273760795593
YLR233C,YBR136W,0,-0.08661632,0.09335260093212128,0.3223553001880646,0.31376275420188904
YHR178W,YNL241C,0,-0.08686188,0.09332562983036041,0.3223553001880646,0.31386277079582214
YOR035C,YHR176W,0,-0.08721548,0.09329867362976074,0.3223553001880646,0.31396278738975525
YBR102C,YGR289C,0,-0.08725457,0.09327173233032227,0.3223553001880646,0.31406280398368835
YLL038C,YKL129C,1,-0.08726647,0.0935334861278534,0.32335329055786133,0.31406280398368835
YBR102C,YPL057C,0,-0.087277256,0.09350649267435074,0.32335329055786133,0.31416282057762146
YHR112C,YBL002W,0,-0.08770454,0.09347951412200928,0.32335329055786133,0.31426286697387695
YDR079C-A,YHR042W,0,-0.08774266,0.09345255047082901,0.32335329055786133,0.31436288356781006
YBR216C,YDR488C,0,-0.08790208,0.09342560917139053,0.32335329055786133,0.31446290016174316
YBR102C,YPR165W,0,-0.087932974,0.09339867532253265,0.32335329055786133,0.31456291675567627
YLR070C,YGL012W,0,-0.0880398,0.09337175637483597,0.32335329055786133,0.3146629333496094
YDR490C,YGR241C,1,-0.08825229,0.09363295882940292,0.32435131072998047,0.3146629333496094
YJL204C,YKR014C,1,-0.08848862,0.09389401227235794,0.3253493010997772,0.3146629333496094
YER048C,YIL082W-A,0,-0.08852699,0.0938669741153717,0.3253493010997772,0.3147629499435425
YLR340W,YGR125W,0,-0.088529885,0.09383995085954666,0.3253493010997772,0.3148629665374756
YOL137W,YGR092W,0,-0.088713616,0.09381294995546341,0.3253493010997772,0.3149629831314087
YER065C,YBL105C,0,-0.089077055,0.09378596395254135,0.3253493010997772,0.3150629997253418
YJR113C,YOR197W,0,-0.08929399,0.09375898540019989,0.3253493010997772,0.3151630461215973
YNL169C,YMR121C,0,-0.08983424,0.09373202919960022,0.3253493010997772,0.3152630627155304
YPL084W,YER172C,0,-0.08997704,0.09370508790016174,0.3253493010997772,0.3153630793094635
YBR265W,YBR135W,0,-0.09003717,0.09367816150188446,0.3253493010997772,0.3154630959033966
YGR140W,YMR154C,0,-0.09016827,0.09365125000476837,0.3253493010997772,0.3155631124973297
YFL050C,YOL021C,0,-0.0905814,0.09362435340881348,0.3253493010997772,0.3156631290912628
YBR258C,YLR297W,0,-0.09078333,0.09359747171401978,0.3253493010997772,0.3157631456851959
YFL053W,YAR014C,0,-0.090938166,0.09357060492038727,0.3253493010997772,0.31586316227912903
YKL049C,YDL156W,0,-0.090998605,0.09354376047849655,0.3253493010997772,0.31596317887306213
YHR114W,YOR008C,1,-0.09107977,0.0938037857413292,0.326347291469574,0.31596317887306213
YJL047C,YOR198C,0,-0.09109678,0.0937768891453743,0.326347291469574,0.3160632252693176
YDL159W,YHR072W-A,0,-0.091484845,0.09375,0.326347291469574,0.31616324186325073
YKR092C,YLR002C,0,-0.09160882,0.09372313320636749,0.326347291469574,0.31626325845718384
YBR298C,YGL020C,0,-0.09167516,0.09369627386331558,0.326347291469574,0.31636327505111694
YJL177W,YDR141C,0,-0.09174672,0.09366943687200546,0.326347291469574,0.31646329164505005
YGL206C,YOR008C,1,-0.09192085,0.0939289778470993,0.3273453116416931,0.31646329164505005
YBR258C,YML062C,0,-0.09234041,0.093902088701725,0.3273453116416931,0.31656330823898315
YPR121W,YDR484W,0,-0.09265001,0.0938752144575119,0.3273453116416931,0.31666332483291626
YNL075W,YDR194C,0,-0.09267447,0.09384835511445999,0.3273453116416931,0.31676334142684937
YGR023W,YBL019W,0,-0.09319894,0.09382151067256927,0.3273453116416931,0.31686335802078247
YDL002C,YDR314C,0,-0.09328705,0.09379468113183975,0.3273453116416931,0.31696340441703796
YLR069C,YMR154C,0,-0.09332894,0.09376786649227142,0.3273453116416931,0.31706342101097107
YPL211W,YKR018C,0,-0.09338301,0.09374106675386429,0.3273453116416931,0.3171634376049042
YGR121C,YBR135W,0,-0.093386315,0.09371428936719894,0.3273453116416931,0.3172634541988373
YBL066C,YOR022C,0,-0.09352887,0.0936875194311142,0.3273453116416931,0.3173634707927704
YAL009W,YIL110W,0,-0.093888514,0.09366076439619064,0.3273453116416931,0.3174634873867035
YMR293C,YPR140W,0,-0.094422325,0.09363402426242828,0.3273453116416931,0.3175635039806366
YOR118W,YNR026C,0,-0.094592385,0.09360730648040771,0.3273453116416931,0.3176635205745697
YAR003W,YER035W,0,-0.09471339,0.09358059614896774,0.3273453116416931,0.3177635669708252
YHR104W,YIL097W,0,-0.09481329,0.09355390816926956,0.3273453116416931,0.3178635835647583
YDR142C,YPR107C,0,-0.094956964,0.09352722764015198,0.3273453116416931,0.3179636001586914
YDR538W,YER058W,0,-0.094989374,0.09350056946277618,0.3273453116416931,0.3180636167526245
YGL250W,YNR056C,0,-0.095002964,0.09347392618656158,0.3273453116416931,0.3181636333465576
YBR102C,YOR339C,0,-0.09516312,0.09344729036092758,0.3273453116416931,0.3182636499404907
YOR371C,YIL168W,0,-0.09525944,0.09342067688703537,0.3273453116416931,0.31836366653442383
YPL236C,YIL040W,0,-0.095419146,0.09339407831430435,0.3273453116416931,0.31846368312835693
YIL162W,YDR141C,0,-0.09584977,0.09336749464273453,0.3273453116416931,0.31856369972229004
YMR104C,YGR013W,0,-0.09650694,0.0933409184217453,0.3273453116416931,0.31866374611854553
YOR329C,YDR293C,0,-0.09650718,0.09331436455249786,0.3273453116416931,0.31876376271247864
YML062C,YOL075C,0,-0.09654124,0.09328782558441162,0.3273453116416931,0.31886377930641174
YBR217W,YIR035C,0,-0.09656663,0.09326130151748657,0.3273453116416931,0.31896379590034485
YDL226C,YCL062W,0,-0.09673551,0.09323479235172272,0.3273453116416931,0.31906381249427795
YCR066W,YML019W,0,-0.09674197,0.09320829808712006,0.3273453116416931,0.31916382908821106
YPL283C,YDL150W,0,-0.09690754,0.09318181872367859,0.3273453116416931,0.31926384568214417
YGL008C,YDL147W,0,-0.097344644,0.09315535426139832,0.3273453116416931,0.31936386227607727
YDL213C,YLR355C,0,-0.09748721,0.09312890470027924,0.3273453116416931,0.3194638788700104
YBL042C,YGL130W,0,-0.09751357,0.09310247004032135,0.3273453116416931,0.31956392526626587
YPR107C,YHR062C,0,-0.09761169,0.09307605028152466,0.3273453116416931,0.319663941860199
YMR079W,YLR308W,0,-0.09773801,0.09304964542388916,0.3273453116416931,0.3197639584541321
YCL045C,YGL175C,0,-0.098292015,0.09302325546741486,0.3273453116416931,0.3198639750480652
YER054C,YOR198C,0,-0.09839116,0.09299688041210175,0.3273453116416931,0.3199639916419983
YDR182W,YBR234C,0,-0.09869294,0.09297052025794983,0.3273453116416931,0.3200640082359314
YOL033W,YIL103W,0,-0.09888532,0.0929441750049591,0.3273453116416931,0.3201640248298645
YDR339C,YIL103W,0,-0.09896819,0.09291784465312958,0.3273453116416931,0.3202640414237976
YGR059W,YER172C,0,-0.09909779,0.09289152920246124,0.3273453116416931,0.3203640580177307
YKR014C,YDR093W,1,-0.0996265,0.0931483581662178,0.32834330201148987,0.3203640580177307
YDR006C,YIL016W,0,-0.09970328,0.09312199056148529,0.32834330201148987,0.3204641044139862
YNL329C,YIL044C,0,-0.09995198,0.09309564530849457,0.32834330201148987,0.3205641210079193
YPR103W,YMR044W,0,-0.10027802,0.09306930750608444,0.32834330201148987,0.3206641376018524
YLR307W,YMR083W,0,-0.10034251,0.09304298460483551,0.32834330201148987,0.3207641541957855
YLR077W,YGL002W,0,-0.10050335,0.09301668405532837,0.32834330201148987,0.32086417078971863
YCR079W,YPL283C,0,-0.10077968,0.09299039095640182,0.32834330201148987,0.32096418738365173
YIR034C,YGL011C,0,-0.1012714,0.09296411275863647,0.32834330201148987,0.32106420397758484
YAL026C,YOR181W,1,-0.101440884,0.09322033822536469,0.329341322183609,0.32106420397758484
YGR028W,YOR284W,0,-0.10177778,0.09319401532411575,0.329341322183609,0.32116422057151794
YIR022W,YJR125C,0,-0.10178068,0.09316769987344742,0.329341322183609,0.32126426696777344
YKR098C,YLR368W,0,-0.10214806,0.09314140677452087,0.329341322183609,0.32136428356170654
YLR116W,YIL131C,0,-0.102302454,0.09311512112617493,0.329341322183609,0.32146430015563965
YFL034C-B,YKL073W,0,-0.102638185,0.09308885782957077,0.329341322183609,0.32156431674957275
YKL092C,YGL245W,0,-0.102808125,0.09306260943412781,0.329341322183609,0.32166433334350586
YLR393W,YNR069C,0,-0.102982596,0.09303636848926544,0.329341322183609,0.32176434993743896
YGL033W,YNL265C,0,-0.103061125,0.09301014989614487,0.329341322183609,0.32186436653137207
YFL018C,YGL079W,0,-0.103148706,0.09298393875360489,0.329341322183609,0.3219643831253052
YPR164W,YPL086C,0,-0.10385585,0.0929577499628067,0.329341322183609,0.3220643997192383
YDR538W,YIL114C,0,-0.10411355,0.09293156862258911,0.329341322183609,0.3221644461154938
YGL047W,YDR316W,0,-0.10413328,0.09290540218353271,0.329341322183609,0.3222644627094269
YDR034C-D,YGR074W,0,-0.10489765,0.09287925809621811,0.329341322183609,0.32236447930336
YMR278W,YPL181W,0,-0.104948014,0.0928531214594841,0.329341322183609,0.3224644958972931
YNL125C,YMR058W,0,-0.10523202,0.09282700717449188,0.329341322183609,0.3225645124912262
YDL213C,YIL050W,0,-0.105596304,0.09280090034008026,0.329341322183609,0.3226645290851593
YOR094W,YML024W,0,-0.10567553,0.09277480840682983,0.329341322183609,0.3227645456790924
YBR104W,YER160C,0,-0.10659056,0.0927487388253212,0.329341322183609,0.3228645622730255
YAR003W,YMR030W,0,-0.106707454,0.09272267669439316,0.329341322183609,0.3229645788669586
YKL101W,YDR194C,0,-0.1067749,0.09269662946462631,0.329341322183609,0.3230646252632141
YLR371W,YJR125C,1,-0.106992744,0.09295141696929932,0.33033931255340576,0.3230646252632141
YOR329C,YIR022W,0,-0.107090674,0.09292532503604889,0.33033931255340576,0.3231646418571472
YGR090W,YGL166W,0,-0.10722008,0.09289924055337906,0.33033931255340576,0.3232646584510803
YLR410W,YKL092C,0,-0.10737281,0.09287317842245102,0.33033931255340576,0.3233646750450134
YDL226C,YKR042W,0,-0.10765538,0.09284712374210358,0.33033931255340576,0.32346469163894653
YKL208W,YIL129C,0,-0.10799435,0.09282109141349792,0.33033931255340576,0.32356470823287964
YFL052W,YBL019W,0,-0.10806677,0.09279506653547287,0.33033931255340576,0.32366472482681274
YDR348C,YNR039C,0,-0.10895589,0.09276905655860901,0.33033931255340576,0.32376474142074585
YMR068W,YOR375C,0,-0.10911745,0.09274306893348694,0.33033931255340576,0.32386478781700134
YDR261C-C,YDR162C,0,-0.109445825,0.09271708875894547,0.33033931255340576,0.32396480441093445
YOR327C,YOR008C,1,-0.10994911,0.09297115355730057,0.3313373327255249,0.32396480441093445
YHR065C,YGR207C,0,-0.11016291,0.09294512867927551,0.3313373327255249,0.32406482100486755
YBR253W,YCR070W,0,-0.11034465,0.09291911870241165,0.3313373327255249,0.32416483759880066
YIR034C,YDR194C,0,-0.11049843,0.09289311617612839,0.3313373327255249,0.32426485419273376
YNL154C,YGL206C,1,-0.11065887,0.09314685314893723,0.33233532309532166,0.32426485419273376
YPL045W,YNL088W,0,-0.11122407,0.09312080591917038,0.33233532309532166,0.32436487078666687
YJL145W,YGR277C,0,-0.11146891,0.09309477359056473,0.33233532309532166,0.3244648873806
YKR098C,YNR039C,0,-0.11159451,0.09306875616312027,0.33233532309532166,0.3245649039745331
YMR109W,YIR006C,1,-0.11162299,0.09332215785980225,0.3333333432674408,0.3245649039745331
YDL193W,YLR110C,0,-0.11175724,0.09329608827829361,0.3333333432674408,0.3246649205684662
YOL006C,YDR194C,0,-0.112010226,0.09327003359794617,0.3333333432674408,0.3247649669647217
YLR233C,YDR156W,0,-0.1123585,0.09324400126934052,0.3333333432674408,0.3248649835586548
YCL033C,YHR018C,0,-0.11247729,0.09321797639131546,0.3333333432674408,0.3249650001525879
YIL015W,YGR092W,0,-0.11268618,0.0931919664144516,0.3333333432674408,0.325065016746521
YFL009W,YLR378C,0,-0.11332895,0.09316597133874893,0.3333333432674408,0.3251650333404541
YER054C,YOR205C,0,-0.11358981,0.09313999116420746,0.3333333432674408,0.3252650499343872
YNL037C,YFL002C,0,-0.11374736,0.09311402589082718,0.3333333432674408,0.3253650665283203
YCR097W,YDL165W,0,-0.11390254,0.0930880680680275,0.3333333432674408,0.3254650831222534
YDR093W,YIL041W,1,-0.11401145,0.09334076195955276,0.33433133363723755,0.3254650831222534
YMR231W,YBL071W-A,0,-0.114132464,0.0933147668838501,0.33433133363723755,0.3255650997161865
YPL217C,YBR171W,0,-0.11420081,0.09328877925872803,0.33433133363723755,0.325665146112442
YKL126W,YML052W,1,-0.11452124,0.0935412049293518,0.3353293538093567,0.325665146112442
YNR063W,YOL130W,0,-0.11466788,0.09351516515016556,0.3353293538093567,0.3257651627063751
YOR149C,YJL207C,0,-0.11486301,0.0934891477227211,0.3353293538093567,0.3258651793003082
YDR073W,YKR087C,0,-0.11503698,0.09346314519643784,0.3353293538093567,0.32596519589424133
YFL055W,YGR128C,0,-0.1153427,0.09343715012073517,0.3353293538093567,0.32606521248817444
YDL150W,YOR245C,0,-0.11593906,0.09341117739677429,0.3353293538093567,0.32616522908210754
YDL181W,YGR289C,0,-0.11611563,0.09338521212339401,0.3353293538093567,0.32626524567604065
YLR178C,YEL047C,0,-0.11637696,0.09335926920175552,0.3353293538093567,0.32636526226997375
YML110C,YNL252C,0,-0.11640418,0.09333333373069763,0.3353293538093567,0.32646527886390686
YML110C,YBL008W-A,0,-0.11703414,0.09330741316080093,0.3353293538093567,0.32656532526016235
YDR348C,YNL229C,0,-0.11720838,0.09328150749206543,0.3353293538093567,0.32666534185409546
YBR280C,YML126C,0,-0.11738965,0.09325561672449112,0.3353293538093567,0.32676535844802856
YCR069W,YPR079W,0,-0.11743121,0.0932297483086586,0.3353293538093567,0.32686537504196167
YJR159W,YNL245C,0,-0.11757766,0.09320387989282608,0.3353293538093567,0.3269653916358948
YAR044W,YPR165W,1,-0.11791341,0.09345535188913345,0.33632734417915344,0.3269653916358948
YDR141C,YPL249C,0,-0.11804453,0.09342944622039795,0.33632734417915344,0.3270654082298279
YNL323W,YIR008C,0,-0.11867508,0.09340354800224304,0.33632734417915344,0.327165424823761
YER172C,YGL187C,0,-0.11880073,0.09337766468524933,0.33632734417915344,0.3272654414176941
YNL316C,YCR097W,0,-0.11888533,0.0933518037199974,0.33632734417915344,0.3273654878139496
YEL009C,YPL057C,0,-0.119402096,0.09332595020532608,0.33632734417915344,0.3274655044078827
YLR206W,YOR322C,1,-0.11955473,0.09357696771621704,0.3373253345489502,0.3274655044078827
YDR506C,YHR084W,0,-0.119614735,0.09355106204748154,0.3373253345489502,0.3275655210018158
YNL082W,YKR087C,0,-0.12003295,0.09352517873048782,0.3373253345489502,0.3276655375957489
YGR241C,YOR008C,1,-0.12032197,0.09377593547105789,0.33832335472106934,0.3276655375957489
YMR116C,YNL058C,0,-0.12041612,0.09375,0.33832335472106934,0.327765554189682
YBR236C,YMR251W-A,0,-0.12044011,0.0937240794301033,0.33832335472106934,0.3278655707836151
YCR089W,YDL213C,0,-0.120450415,0.0936981737613678,0.33832335472106934,0.3279655873775482
YCL038C,YER170W,0,-0.12052612,0.09367228299379349,0.33832335472106934,0.3280656039714813
YGR152C,YMR047C,0,-0.12082267,0.09364640712738037,0.33832335472106934,0.32816562056541443
YLR423C,YDR354W,0,-0.12127379,0.09362054616212845,0.33832335472106934,0.3282656669616699
YJL210W,YJL020C,0,-0.12159771,0.09359470009803772,0.33832335472106934,0.328365683555603
YMR161W,YPL249C,0,-0.1217109,0.09356886893510818,0.33832335472106934,0.32846570014953613
YLR136C,YGL175C,0,-0.12171911,0.09354304522275925,0.33832335472106934,0.32856571674346924
YDR051C,YNR063W,0,-0.1218534,0.0935172438621521,0.33832335472106934,0.32866573333740234
YNR012W,YBR229C,0,-0.12219265,0.09349144995212555,0.33832335472106934,0.32876574993133545
YHR216W,YMR199W,0,-0.12225578,0.09346567094326019,0.33832335472106934,0.32886576652526855
YER019W,YCR003W,0,-0.122359924,0.09343991428613663,0.33832335472106934,0.32896578311920166
YDL103C,YIL017C,0,-0.12275784,0.09341416507959366,0.33832335472106934,0.32906579971313477
YOR329C,YOR322C,1,-0.12304016,0.09366390854120255,0.3393213450908661,0.32906579971313477
YBL045C,YER073W,0,-0.12387647,0.093638114631176,0.3393213450908661,0.32916584610939026
YOL115W,YPL057C,0,-0.12423293,0.09361233562231064,0.3393213450908661,0.32926586270332336
YDR016C,YNL087W,0,-0.1244788,0.09358656406402588,0.3393213450908661,0.32936587929725647
YLR297W,YBR200W,0,-0.12467809,0.09356081485748291,0.3393213450908661,0.3294658958911896
YHR063C,YKL101W,0,-0.12516111,0.09353507310152054,0.3393213450908661,0.3295659124851227
YBR126C,YHL018W,0,-0.12526587,0.09350935369729996,0.3393213450908661,0.3296659290790558
YGL184C,YDL014W,0,-0.12540588,0.09348364174365997,0.3393213450908661,0.3297659456729889
YDR027C,YIL065C,0,-0.12544098,0.09345794469118118,0.3393213450908661,0.329865962266922
YOR234C,YPL012W,0,-0.12550327,0.09343226253986359,0.3393213450908661,0.3299659788608551
YBL036C,YNR069C,0,-0.12565239,0.09340659528970718,0.3393213450908661,0.3300660252571106
YGL179C,YGR206W,0,-0.12566672,0.09338094294071198,0.3393213450908661,0.3301660418510437
YFR028C,YOR202W,0,-0.12582216,0.09335529804229736,0.3393213450908661,0.3302660584449768
YOR237W,YCR028C,1,-0.12583962,0.09360416978597641,0.34031936526298523,0.3302660584449768
YAR044W,YDR264C,1,-0.12584983,0.09385290741920471,0.341317355632782,0.3302660584449768
YGR059W,YNL014W,0,-0.12591888,0.09382715821266174,0.341317355632782,0.3303660750389099
YKL035W,YDR538W,0,-0.12604736,0.09380142390727997,0.341317355632782,0.330466091632843
YLR336C,YOR255W,0,-0.12605521,0.09377570450305939,0.341317355632782,0.3305661082267761
YDL178W,YNL047C,0,-0.12659603,0.09375,0.341317355632782,0.33066612482070923
YGL001C,YEL003W,0,-0.12687871,0.0937243103981018,0.341317355632782,0.33076614141464233
YJL042W,YBR236C,0,-0.12721498,0.09369862824678421,0.341317355632782,0.3308661878108978
YIL121W,YMR260C,0,-0.12744212,0.0936729684472084,0.341317355632782,0.33096620440483093
YOL044W,YER169W,0,-0.12749033,0.0936473160982132,0.341317355632782,0.33106622099876404
YDR221W,YNL220W,0,-0.12761965,0.09362167865037918,0.341317355632782,0.33116623759269714
YLR431C,YML010W,0,-0.12794882,0.09359605610370636,0.341317355632782,0.33126625418663025
YDR261C-C,YJR144W,0,-0.12824333,0.09357044845819473,0.341317355632782,0.33136627078056335
YKR060W,YFR046C,0,-0.12861435,0.0935448557138443,0.341317355632782,0.33146628737449646
YKL112W,YJR067C,0,-0.12861887,0.09351927787065506,0.341317355632782,0.33156630396842957
YML025C,YOL001W,0,-0.12882039,0.09349371492862701,0.341317355632782,0.33166632056236267
YOR371C,YHR050W,0,-0.12892967,0.09346815943717957,0.341317355632782,0.33176636695861816
YMR052W,YNL321W,0,-0.1302709,0.09344262629747391,0.341317355632782,0.33186638355255127
YJR095W,YNL021W,0,-0.13106534,0.09341710060834885,0.341317355632782,0.3319664001464844
YER073W,YNL087W,0,-0.13113177,0.09339158982038498,0.341317355632782,0.3320664167404175
YLR393W,YCR048W,0,-0.13124965,0.0933660939335823,0.341317355632782,0.3321664333343506
YPL192C,YPL187W,0,-0.13135253,0.09334061294794083,0.341317355632782,0.3322664499282837
YOR003W,YGR256W,0,-0.13183053,0.09331514686346054,0.341317355632782,0.3323664665222168
YIR022W,YMR116C,0,-0.13190861,0.09328968822956085,0.341317355632782,0.3324664831161499
YDR084C,YNL014W,0,-0.1319221,0.09326425194740295,0.341317355632782,0.332566499710083
YPL053C,YLR035C,0,-0.13198188,0.09323882311582565,0.341317355632782,0.3326665461063385
YGR074W,YPL230W,0,-0.13198379,0.09321340918540955,0.341317355632782,0.3327665627002716
YGL017W,YBR171W,0,-0.13212317,0.09318801015615463,0.341317355632782,0.3328665792942047
YLR144C,YPR052C,0,-0.13246335,0.09316262602806091,0.341317355632782,0.3329665958881378
YDR519W,YJL092W,0,-0.13254026,0.09313725680112839,0.341317355632782,0.3330666124820709
YLR406C,YMR293C,0,-0.13301574,0.09311189502477646,0.341317355632782,0.33316662907600403
YFL034C-A,YDL161W,0,-0.13308944,0.09308655560016632,0.341317355632782,0.33326664566993713
YJL204C,YPR165W,1,-0.13353664,0.09333333373069763,0.3423153758049011,0.33326664566993713
YOR089C,YOR008C,1,-0.13373895,0.0935799777507782,0.3433133661746979,0.33326664566993713
YCR073C,YDL104C,0,-0.13379662,0.0935545265674591,0.3433133661746979,0.33336666226387024
YLR405W,YER160C,0,-0.13414086,0.09352909028530121,0.3433133661746979,0.33346667885780334
YBR207W,YDL019C,1,-0.13425618,0.09377548098564148,0.344311386346817,0.33346667885780334
YNR056C,YGL145W,0,-0.13449812,0.09375,0.344311386346817,0.33356672525405884
YDR216W,YBR167C,0,-0.13479048,0.09372453391551971,0.344311386346817,0.33366674184799194
YPL230W,YJR144W,0,-0.13524231,0.09369907528162003,0.344311386346817,0.33376675844192505
YGR198W,YMR116C,0,-0.13539976,0.09367363899946213,0.344311386346817,0.33386677503585815
YNL083W,YGR027W-A,0,-0.13567312,0.09364821016788483,0.344311386346817,0.33396679162979126
YJL122W,YGL008C,0,-0.13597646,0.09362279623746872,0.344311386346817,0.33406680822372437
YKL112W,YLR341W,0,-0.13660455,0.0935973972082138,0.344311386346817,0.33416682481765747
YER003C,YGL033W,0,-0.13671401,0.09357201308012009,0.344311386346817,0.3342668414115906
YIR034C,YDL064W,0,-0.13675418,0.09354663640260696,0.344311386346817,0.33436688780784607
YKL152C,YNR032W,0,-0.13686557,0.09352128207683563,0.344311386346817,0.3344669044017792
YER141W,YDR084C,0,-0.13695166,0.0934959352016449,0.344311386346817,0.3345669209957123
YIL016W,YIL114C,0,-0.13721976,0.09347060322761536,0.344311386346817,0.3346669375896454
YDL126C,YMR113W,0,-0.13740256,0.09344528615474701,0.344311386346817,0.3347669541835785
YHR098C,YMR277W,0,-0.13751617,0.09341998398303986,0.344311386346817,0.3348669707775116
YGL208W,YFL018C,0,-0.1378615,0.0933946967124939,0.344311386346817,0.3349669873714447
YLR423C,YCR089W,0,-0.13786307,0.09336941689252853,0.344311386346817,0.3350670039653778
YPL255W,YLR117C,0,-0.13799722,0.09334415942430496,0.344311386346817,0.3351670205593109
YKL129C,YLR337W,1,-0.13812637,0.09358939528465271,0.34530937671661377,0.3351670205593109
YGL181W,YOR237W,1,-0.13813585,0.09383450448513031,0.3463073968887329,0.3351670205593109
YOR237W,YIL095W,1,-0.13853964,0.09407947957515717,0.34730538725852966,0.3351670205593109
YNL252C,YDL122W,0,-0.13858294,0.09405405074357986,0.34730538725852966,0.3352670669555664
YGR027W-A,YIL017C,0,-0.13882634,0.09402864426374435,0.34730538725852966,0.3353670835494995
YBR298C,YPL030W,0,-0.13886473,0.09400323778390884,0.34730538725852966,0.3354671001434326
YPL211W,YDL191W,0,-0.13887903,0.09397785365581512,0.34730538725852966,0.3355671167373657
YDR202C,YLR233C,0,-0.13902237,0.0939524844288826,0.34730538725852966,0.33566713333129883
YOR231W,YGL145W,0,-0.13919437,0.09392712265253067,0.34730538725852966,0.33576714992523193
YEL077C,YNL093W,0,-0.13921185,0.09390178322792053,0.34730538725852966,0.33586716651916504
YKR014C,YOR089C,1,-0.13924336,0.09414620697498322,0.3483034074306488,0.33586716651916504
YPR107C,YNL030W,0,-0.13924661,0.0941208228468895,0.3483034074306488,0.33596718311309814
YOR329C,YML058W,0,-0.13936442,0.09409544616937637,0.3483034074306488,0.33606719970703125
YAR042W,YBL007C,1,-0.14002964,0.09433962404727936,0.34930139780044556,0.33606719970703125
YIL041W,YKL035W,0,-0.14053132,0.09431420266628265,0.34930139780044556,0.33616724610328674
YDR069C,YBL047C,1,-0.1406465,0.09455818682909012,0.3502993881702423,0.33616724610328674
YPR103W,YDL066W,0,-0.14099726,0.09453272074460983,0.3502993881702423,0.33626726269721985
YGR277C,YGL055W,0,-0.1410418,0.09450726956129074,0.3502993881702423,0.33636727929115295
YOR321W,YKL055C,0,-0.14124629,0.09448183327913284,0.3502993881702423,0.33646729588508606
YDR408C,YNL229C,0,-0.14142236,0.09445640444755554,0.3502993881702423,0.33656731247901917
YNL134C,YBL009W,0,-0.14152135,0.09443099051713943,0.3502993881702423,0.33666732907295227
YNL083W,YGL254W,0,-0.14195572,0.09440559148788452,0.3502993881702423,0.3367673456668854
YDL181W,YER141W,0,-0.14207134,0.0943802073597908,0.3502993881702423,0.3368673622608185
YOR003W,YFL008W,0,-0.14240496,0.09435483813285828,0.3502993881702423,0.3369673788547516
YKR003W,YNR032W,0,-0.14245161,0.09432948380708694,0.3502993881702423,0.3370674252510071
YOL094C,YBL071W-A,0,-0.14252019,0.09430413693189621,0.3502993881702423,0.3371674418449402
YNL035C,YMR134W,0,-0.14286494,0.09427880495786667,0.3502993881702423,0.3372674584388733
YNL002C,YOR344C,0,-0.14297728,0.09425348788499832,0.3502993881702423,0.3373674750328064
YGR023W,YHR016C,0,-0.14319615,0.09422818571329117,0.3502993881702423,0.3374674916267395
YDR477W,YLR449W,0,-0.14373414,0.09420289844274521,0.3502993881702423,0.3375675082206726
YJL074C,YAR066W,0,-0.14383124,0.09417762607336044,0.3502993881702423,0.3376675248146057
YLR077W,YPR058W,0,-0.1438739,0.09415236115455627,0.3502993881702423,0.3377675414085388
YIL066C,YEL047C,0,-0.14388317,0.0941271111369133,0.3502993881702423,0.3378675878047943
YIL065C,YGL257C,0,-0.14393602,0.09410187602043152,0.3502993881702423,0.3379676043987274
YKR010C,YPL128C,0,-0.14469437,0.09407665580511093,0.3502993881702423,0.3380676209926605
YIL099W,YNL106C,0,-0.14481089,0.09405145049095154,0.3502993881702423,0.33816763758659363
YGR038C-A,YHR072W-A,0,-0.14495742,0.09402625262737274,0.3502993881702423,0.33826765418052673
YKL176C,YBR136W,0,-0.14575705,0.09400106966495514,0.3502993881702423,0.33836767077445984
YDR294C,YMR189W,0,-0.1459351,0.09397590160369873,0.3502993881702423,0.33846768736839294
YDR293C,YML046W,0,-0.14597051,0.09395074844360352,0.3502993881702423,0.33856770396232605
YOR210W,YNL152W,0,-0.14614478,0.0939256101846695,0.3502993881702423,0.33866772055625916
YPR107C,YER004W,0,-0.14633107,0.09390047937631607,0.3502993881702423,0.33876776695251465
YKL112W,YOR367W,0,-0.14657882,0.09387537091970444,0.3502993881702423,0.33886778354644775
YOL094C,YDR225W,0,-0.14673898,0.0938502699136734,0.3502993881702423,0.33896780014038086
YCR048W,YDR450W,0,-0.14681354,0.09382518380880356,0.3502993881702423,0.33906781673431396
YLR225C,YER026C,0,-0.14699358,0.09380010515451431,0.3502993881702423,0.33916783332824707
YJR137C,YGR289C,0,-0.14710769,0.09377504885196686,0.3502993881702423,0.3392678499221802
YGR247W,YBR227C,0,-0.14802,0.09375,0.3502993881702423,0.3393678665161133
YPR183W,YOR094W,0,-0.14841181,0.09372496604919434,0.3502993881702423,0.3394678831100464
YEL060C,YPL255W,0,-0.14873764,0.09369994699954987,0.3502993881702423,0.3395678997039795
YCL062W,YBL066C,0,-0.1488019,0.09367494285106659,0.3502993881702423,0.339667946100235
YGL099W,YOR100C,0,-0.14896826,0.09364994615316391,0.3502993881702423,0.3397679626941681
YDR519W,YHL020C,0,-0.14902474,0.09362496435642242,0.3502993881702423,0.3398679792881012
YJR125C,YNL265C,0,-0.14918451,0.09359999746084213,0.3502993881702423,0.3399679958820343
YNR069C,YLR229C,0,-0.14945891,0.09357504546642303,0.3502993881702423,0.3400680124759674
YGR275W,YCR066W,0,-0.14949222,0.09355010837316513,0.3502993881702423,0.3401680290699005
YDR385W,YBR018C,0,-0.1494934,0.09352517873048782,0.3502993881702423,0.3402680456638336
YKL046C,YDR099W,0,-0.14958145,0.09350026398897171,0.3502993881702423,0.3403680622577667
YHR134W,YPL046C,0,-0.14981228,0.09347536414861679,0.3502993881702423,0.34046807885169983
YHR187W,YPL124W,0,-0.15013348,0.09345047920942307,0.3502993881702423,0.3405681252479553
YDL153C,YHR128W,0,-0.15013596,0.09342560917139053,0.3502993881702423,0.3406681418418884
YGL013C,YGL160W,0,-0.15047088,0.0934007465839386,0.3502993881702423,0.34076815843582153
YGR172C,YIL065C,0,-0.15050475,0.09337589889764786,0.3502993881702423,0.34086817502975464
YMR164C,YMR047C,0,-0.15063436,0.09335106611251831,0.3502993881702423,0.34096819162368774
YPR022C,YGR256W,0,-0.15063947,0.09332624077796936,0.3502993881702423,0.34106820821762085
YNL224C,YGL032C,0,-0.1506512,0.0933014377951622,0.3502993881702423,0.34116822481155396
YER026C,YBR044C,0,-0.15111142,0.09327664226293564,0.3502993881702423,0.34126824140548706
YGL206C,YCR053W,1,-0.15117496,0.09351753443479538,0.35129740834236145,0.34126824140548706
YKR060W,YIR003W,0,-0.15159796,0.09349269419908524,0.35129740834236145,0.34136828780174255
YDL103C,YKR092C,0,-0.15163372,0.09346786886453629,0.35129740834236145,0.34146830439567566
YHR114W,YDL231C,1,-0.15168521,0.09370852261781693,0.3522953987121582,0.34146830439567566
YDL188C,YDL049C,0,-0.15199776,0.0936836525797844,0.3522953987121582,0.34156832098960876
YCR017C,YLR226W,0,-0.15205881,0.09365879744291306,0.3522953987121582,0.34166833758354187
YDR322C-A,YMR244C-A,0,-0.15220319,0.09363394975662231,0.3522953987121582,0.341768354177475
YFR046C,YLR405W,0,-0.15331584,0.09360912442207336,0.3522953987121582,0.3418683707714081
YOR354C,YKL152C,0,-0.15339081,0.09358430653810501,0.3522953987121582,0.3419683873653412
YCR028C,YBL007C,1,-0.1536844,0.09382454305887222,0.35329341888427734,0.3419683873653412
YNR054C,YBR088C,0,-0.15372378,0.09379968047142029,0.35329341888427734,0.3420684039592743
YLR376C,YGR048W,0,-0.15373707,0.09377483278512955,0.35329341888427734,0.3421684205532074
YJR152W,YIR008C,0,-0.15374048,0.09375,0.35329341888427734,0.3422684669494629
YEL034W,YPL069C,0,-0.15405281,0.09372518211603165,0.35329341888427734,0.342368483543396
YNR063W,YPR022C,0,-0.15428065,0.09370037168264389,0.35329341888427734,0.3424685001373291
YKR018C,YLR136C,0,-0.15439174,0.09367557615041733,0.35329341888427734,0.3425685167312622
YMR044W,YDL161W,0,-0.15464848,0.09365079551935196,0.35329341888427734,0.3426685333251953
YJL116C,YNL299W,0,-0.1547511,0.09362602233886719,0.35329341888427734,0.3427685499191284
YGL254W,YNL329C,0,-0.15487845,0.0936012715101242,0.35329341888427734,0.3428685665130615
YDR266C,YDL213C,0,-0.15518698,0.09357652813196182,0.35329341888427734,0.34296858310699463
YBL105C,YKL012W,0,-0.15566844,0.09355179965496063,0.35329341888427734,0.34306859970092773
YEL026W,YBR201W,0,-0.15569921,0.09352707862854004,0.35329341888427734,0.3431686460971832
YCR027C,YCR043C,0,-0.15603441,0.09350237995386124,0.35329341888427734,0.34326866269111633
YHR115C,YEL009C,0,-0.15631685,0.09347768872976303,0.35329341888427734,0.34336867928504944
YDR446W,YHR001W,0,-0.15664437,0.09345301240682602,0.35329341888427734,0.34346869587898254
YJL116C,YDR316W,0,-0.15736866,0.0934283435344696,0.35329341888427734,0.34356871247291565
YCR034W,YEL042W,0,-0.15743674,0.09340369701385498,0.35329341888427734,0.34366872906684875
YNL090W,YLR408C,0,-0.15745439,0.09337905794382095,0.35329341888427734,0.34376874566078186
YOR255W,YPL046C,0,-0.15810889,0.09335443377494812,0.35329341888427734,0.34386876225471497
YER118C,YGR240C,0,-0.15844193,0.09332981705665588,0.35329341888427734,0.34396880865097046
YJL154C,YAL009W,0,-0.15849015,0.09330521523952484,0.35329341888427734,0.34406882524490356
YGR275W,YHL018W,0,-0.15851773,0.09328063577413559,0.35329341888427734,0.34416884183883667
YDL226C,YGL044C,0,-0.15959091,0.09325605630874634,0.35329341888427734,0.3442688584327698
YDR058C,YKL049C,0,-0.15959312,0.09323149919509888,0.35329341888427734,0.3443688750267029
YOR234C,YLR372W,0,-0.15974689,0.09320694953203201,0.35329341888427734,0.344468891620636
YOL006C,YHR203C,0,-0.16025083,0.09318241477012634,0.35329341888427734,0.3445689082145691
YER075C,YNR049C,0,-0.16039498,0.09315789490938187,0.35329341888427734,0.3446689248085022
YGR257C,YOR058C,0,-0.1606931,0.09313338249921799,0.35329341888427734,0.3447689414024353
YGR086C,YAL026C,1,-0.1609209,0.0933719128370285,0.3542914092540741,0.3447689414024353
YGL048C,YBR132C,0,-0.16101065,0.09334735572338104,0.3542914092540741,0.3448689877986908
YNR049C,YBL019W,0,-0.16102868,0.09332282096147537,0.3542914092540741,0.3449690043926239
YPL020C,YLL023C,0,-0.16112919,0.0932982936501503,0.3542914092540741,0.345069020986557
YPL132W,YGL032C,0,-0.16127276,0.09327378123998642,0.3542914092540741,0.3451690375804901
YOR089C,YGR241C,1,-0.16146818,0.09351195394992828,0.35528942942619324,0.3451690375804901
YOR095C,YGR186W,0,-0.16161096,0.09348739683628082,0.35528942942619324,0.3452690541744232
YJL074C,YHR032W,0,-0.16180818,0.09346285462379456,0.35528942942619324,0.3453690707683563
YLR222C,YPL158C,0,-0.16198857,0.09343831986188889,0.35528942942619324,0.34546908736228943
YDR363W,YGR172C,0,-0.16199535,0.09341380000114441,0.35528942942619324,0.34556910395622253
YAL026C,YGR167W,1,-0.16247432,0.09365162998437881,0.35628741979599,0.34556910395622253
YKR014C,YNL243W,1,-0.16253142,0.09388932585716248,0.35728543996810913,0.34556910395622253
YNL154C,YAL026C,1,-0.16276675,0.09412690252065659,0.3582834303379059,0.34556910395622253
YAR044W,YNL154C,1,-0.16301176,0.09436435252428055,0.359281450510025,0.34556910395622253
YLR119W,YGL187C,0,-0.16357604,0.09433962404727936,0.359281450510025,0.34566912055015564
YBL008W-A,YER073W,0,-0.16410702,0.09431491047143936,0.359281450510025,0.34576916694641113
YFL016C,YFL052W,0,-0.16418561,0.09429020434617996,0.359281450510025,0.34586918354034424
YDR314C,YNL099C,0,-0.16436946,0.09426551312208176,0.359281450510025,0.34596920013427734
YGR227W,YLR144C,0,-0.16457239,0.09424083679914474,0.359281450510025,0.34606921672821045
YLR132C,YLR013W,0,-0.16463643,0.09421617537736893,0.359281450510025,0.34616923332214355
YBR136W,YNL014W,0,-0.16471511,0.0941915214061737,0.359281450510025,0.34626924991607666
YOL016C,YGR048W,0,-0.16489956,0.09416688233613968,0.359281450510025,0.34636926651000977
YDL064W,YKR018C,0,-0.16510013,0.09414225816726685,0.359281450510025,0.34646928310394287
YBR186W,YDR225W,0,-0.16511649,0.0941176488995552,0.359281450510025,0.346569299697876
YDR142C,YDR450W,0,-0.1651181,0.09409304708242416,0.359281450510025,0.34666934609413147
YHL002W,YNL224C,0,-0.16537668,0.09406846016645432,0.359281450510025,0.3467693626880646
YHR045W,YDL161W,0,-0.16553092,0.09404388815164566,0.359281450510025,0.3468693792819977
YLR297W,YIL031W,0,-0.16567016,0.0940193235874176,0.359281450510025,0.3469693958759308
YIL023C,YGL077C,0,-0.16650994,0.09399478137493134,0.359281450510025,0.3470694124698639
YCR067C,YKL152C,0,-0.16737388,0.09397023916244507,0.359281450510025,0.347169429063797
YLR056W,YCR053W,1,-0.16770142,0.09420668333768845,0.3602794408798218,0.347169429063797
YML026C,YBR110W,0,-0.16812322,0.0941821038722992,0.3602794408798218,0.3472694456577301
YBL046W,YNL275W,0,-0.1683809,0.09415753930807114,0.3602794408798218,0.3473694622516632
YKR067W,YPL037C,0,-0.16842254,0.09413298219442368,0.3602794408798218,0.3474695086479187
YGL125W,YDL150W,0,-0.16867998,0.094108447432518,0.3602794408798218,0.3475695252418518
YDL126C,YLR393W,0,-0.1688606,0.09408392012119293,0.3602794408798218,0.3476695418357849
YPR079W,YOR171C,0,-0.16887847,0.09405940771102905,0.3602794408798218,0.347769558429718
YBR210W,YNR063W,0,-0.16893533,0.09403490275144577,0.3602794408798218,0.3478695750236511
YDR446W,YIR013C,0,-0.16909944,0.09401042014360428,0.3602794408798218,0.34796959161758423
YDR016C,YDL174C,0,-0.16923009,0.09398593753576279,0.3602794408798218,0.34806960821151733
YPR058W,YDL165W,0,-0.16930373,0.09396147727966309,0.3602794408798218,0.34816962480545044
YKR014C,YLR056W,1,-0.16937503,0.09419724345207214,0.36127743124961853,0.34816962480545044
YGR167W,YDL019C,1,-0.16957465,0.09443288296461105,0.36227545142173767,0.34816962480545044
YNL072W,YBL004W,0,-0.16986625,0.09440832585096359,0.36227545142173767,0.34826964139938354
YNL024C-A,YPL053C,0,-0.16986677,0.09438377618789673,0.36227545142173767,0.34836968779563904
YIL066C,YNL124W,0,-0.1700558,0.09435924142599106,0.36227545142173767,0.34846970438957214
YEL011W,YGR038W,0,-0.17022951,0.09433472156524658,0.36227545142173767,0.34856972098350525
YMR278W,YML019W,0,-0.17023388,0.0943102091550827,0.36227545142173767,0.34866973757743835
YMR119W,YKR046C,0,-0.17028105,0.09428571164608002,0.36227545142173767,0.34876975417137146
YPL029W,YGR140W,0,-0.17028686,0.09426122903823853,0.36227545142173767,0.34886977076530457
YNR069C,YPL015C,0,-0.17035449,0.09423676133155823,0.36227545142173767,0.34896978735923767
YJR056C,YBR186W,0,-0.17051324,0.09421230107545853,0.36227545142173767,0.3490698039531708
YMR024W,YIL044C,0,-0.17076105,0.09418785572052002,0.36227545142173767,0.3491698205471039
YDL052C,YPL228W,0,-0.17090982,0.0941634252667427,0.36227545142173767,0.3492698669433594
YER169W,YOR010C,0,-0.17094013,0.09413900226354599,0.36227545142173767,0.3493698835372925
YHR098C,YCR003W,0,-0.17122719,0.09411459416151047,0.36227545142173767,0.3494699001312256
YDR123C,YMR251W-A,0,-0.17144129,0.09409020096063614,0.36227545142173767,0.3495699167251587
YPR124W,YCR070W,0,-0.17146884,0.094065822660923,0.36227545142173767,0.3496699333190918
YOR017W,YKR024C,0,-0.17159925,0.09404145181179047,0.36227545142173767,0.3497699499130249
YHL018W,YKL222C,0,-0.17183755,0.09401709586381912,0.36227545142173767,0.349869966506958
YBR203W,YBL050W,0,-0.1721035,0.09399274736642838,0.36227545142173767,0.3499699831008911
YNL058C,YER075C,0,-0.17217022,0.09396842122077942,0.36227545142173767,0.3500699996948242
YLR064W,YCR042C,0,-0.17289783,0.09394410252571106,0.36227545142173767,0.3501700460910797
YDL025C,YJL074C,0,-0.17317322,0.0939197912812233,0.36227545142173767,0.3502700626850128
YGR109C,YDL079C,0,-0.17381877,0.09389550238847733,0.36227545142173767,0.3503700792789459
YPR029C,YJL154C,0,-0.17401466,0.09387122094631195,0.36227545142173767,0.35047009587287903
YOL115W,YEL071W,0,-0.17410754,0.09384694695472717,0.36227545142173767,0.35057011246681213
YAR042W,YCR028C,1,-0.17414495,0.09408115595579147,0.3632734417915344,0.35057011246681213
YHR065C,YNL270C,0,-0.17438272,0.09405684471130371,0.3632734417915344,0.35067012906074524
YML064C,YGL047W,0,-0.17476395,0.09403254836797714,0.3632734417915344,0.35077014565467834
YLR242C,YDR264C,0,-0.17479204,0.09400826692581177,0.3632734417915344,0.35087016224861145
YBL040C,YBR083W,0,-0.17507893,0.09398399293422699,0.3632734417915344,0.35097020864486694
YGL207W,YHR094C,0,-0.17542034,0.0939597338438034,0.3632734417915344,0.35107022523880005
YPL211W,YNR026C,0,-0.17542312,0.09393548220396042,0.3632734417915344,0.35117024183273315
YER119C,YOR033C,0,-0.17542905,0.09391124546527863,0.3632734417915344,0.35127025842666626
YDR485C,YBR293W,0,-0.17562452,0.09388702362775803,0.3632734417915344,0.35137027502059937
YHR039C,YER054C,0,-0.17570177,0.09386281669139862,0.3632734417915344,0.35147029161453247
YLR135W,YML062C,0,-0.1757753,0.09383861720561981,0.3632734417915344,0.3515703082084656
YDR194C,YDR099W,0,-0.17581663,0.0938144326210022,0.3632734417915344,0.3516703248023987
YBR186W,YPR185W,0,-0.17621839,0.09379026293754578,0.3632734417915344,0.3517703413963318
YNL072W,YGR133W,0,-0.1762754,0.09376610070466995,0.3632734417915344,0.3518703877925873
YJL159W,YER075C,0,-0.1764858,0.09374195337295532,0.3632734417915344,0.3519704043865204
YBR234C,YLR119W,0,-0.1768573,0.09371781349182129,0.3632734417915344,0.3520704209804535
YCR009C,YOR322C,1,-0.17723604,0.09395109117031097,0.36427146196365356,0.3520704209804535
YPR058W,YOL119C,0,-0.17724505,0.09392691403627396,0.36427146196365356,0.3521704375743866
YKL184W,YOL058W,0,-0.17751671,0.09390275180339813,0.36427146196365356,0.3522704541683197
YGR261C,YLR022C,0,-0.17763637,0.0938786044716835,0.36427146196365356,0.3523704707622528
YLR066W,YMR271C,0,-0.17774597,0.09385446459054947,0.36427146196365356,0.3524704873561859
YKL213C,YLR178C,0,-0.17789692,0.09383033215999603,0.36427146196365356,0.352570503950119
YBR298C,YDR020C,0,-0.17795342,0.09380622208118439,0.36427146196365356,0.3526705205440521
YJR002W,YLR449W,0,-0.17815962,0.09378211945295334,0.36427146196365356,0.3527705669403076
YPL236C,YGR277C,0,-0.17830856,0.09375802427530289,0.36427146196365356,0.3528705835342407
YGL210W-A,YJR144W,0,-0.17842337,0.09373395144939423,0.36427146196365356,0.35297060012817383
YDR394W,YAL042W,0,-0.17842399,0.09370988607406616,0.36427146196365356,0.35307061672210693
YDR462W,YBR302C,0,-0.1785075,0.0936858281493187,0.36427146196365356,0.35317063331604004
YJL116C,YOR360C,0,-0.17859177,0.09366179257631302,0.36427146196365356,0.35327064990997314
YOR095C,YDR123C,0,-0.17876586,0.09363776445388794,0.36427146196365356,0.35337066650390625
YDR349C,YNL099C,0,-0.17876625,0.09361374378204346,0.36427146196365356,0.35347068309783936
YCR042C,YDL236W,0,-0.17897777,0.09358974546194077,0.36427146196365356,0.35357069969177246
YDR349C,YPL108W,0,-0.1791456,0.09356575459241867,0.36427146196365356,0.35367074608802795
YLR369W,YOR362C,0,-0.17954673,0.09354177117347717,0.36427146196365356,0.35377076268196106
YBL006C,YDR206W,0,-0.17966525,0.09351781010627747,0.36427146196365356,0.35387077927589417
YHR007C,YEL020C,0,-0.17968702,0.09349384903907776,0.36427146196365356,0.35397079586982727
YBL084C,YBR019C,0,-0.17984287,0.09346991032361984,0.36427146196365356,0.3540708124637604
YOR115C,YJL047C,0,-0.18013409,0.09344597905874252,0.36427146196365356,0.3541708290576935
YBR109C,YDL019C,1,-0.18016282,0.09367801249027252,0.3652694523334503,0.3541708290576935
YDL103C,YJR091C,0,-0.18021938,0.09365404397249222,0.3652694523334503,0.3542708456516266
YBR109C,YLR337C,1,-0.18028481,0.09388590604066849,0.36626747250556946,0.3542708456516266
YDR294C,YPL275W,0,-0.18032175,0.0938618928194046,0.36626747250556946,0.3543708622455597
YOL016C,YMR323W,0,-0.18060899,0.09383789449930191,0.36626747250556946,0.3544709086418152
YOR017W,YDL066W,0,-0.18081181,0.09381390362977982,0.36626747250556946,0.3545709252357483
YCL045C,YNL097C,0,-0.18089823,0.09378992766141891,0.36626747250556946,0.3546709418296814
YLR138W,YCL038C,0,-0.18116492,0.09376596659421921,0.36626747250556946,0.3547709584236145
YDR180W,YHR050W,0,-0.18124807,0.0937420204281807,0.36626747250556946,0.3548709750175476
YPL268W,YJL145W,0,-0.18147184,0.09371808171272278,0.36626747250556946,0.3549709916114807
YGR041W,YLR256W,0,-0.18152025,0.09369415044784546,0.36626747250556946,0.3550710082054138
YKL184W,YNL116W,0,-0.18205236,0.09367024153470993,0.36626747250556946,0.3551710247993469
YOR056C,YMR283C,0,-0.18235946,0.093646340072155,0.36626747250556946,0.35527104139328003
YNL126W,YJR056C,0,-0.18254879,0.09362244606018066,0.36626747250556946,0.3553710877895355
YER119C,YDL042C,0,-0.18275912,0.09359857439994812,0.36626747250556946,0.35547110438346863
YGR038W,YER157W,0,-0.1829055,0.09357471019029617,0.36626747250556946,0.35557112097740173
YDR261C-C,YHR050W,0,-0.18291937,0.09355085343122482,0.36626747250556946,0.35567113757133484
YMR288W,YMR190C,0,-0.18300658,0.09352701157331467,0.36626747250556946,0.35577115416526794
YKR086W,YKL167C,0,-0.18307483,0.0935031846165657,0.36626747250556946,0.35587117075920105
YPR018W,YNL299W,0,-0.18329471,0.09347936511039734,0.36626747250556946,0.35597118735313416
YOL041C,YCR097W,0,-0.18361568,0.09345556050539017,0.36626747250556946,0.35607120394706726
YCR069W,YGL032C,0,-0.18366167,0.09343177080154419,0.36626747250556946,0.35617122054100037
YJL050W,YMR068W,0,-0.18383473,0.09340798854827881,0.36626747250556946,0.35627126693725586
YBR201W,YIL168W,0,-0.18401217,0.09338422119617462,0.36626747250556946,0.35637128353118896
YJL207C,YNL224C,0,-0.18406287,0.09336046874523163,0.36626747250556946,0.35647130012512207
YLR128W,YHR166C,0,-0.18459725,0.09333672374486923,0.36626747250556946,0.3565713167190552
YOR255W,YEL047C,0,-0.18485676,0.09331299364566803,0.36626747250556946,0.3566713333129883
YML114C,YEL026W,0,-0.18494451,0.09328927099704742,0.36626747250556946,0.3567713499069214
YER118C,YBR201W,0,-0.1850319,0.09326556324958801,0.36626747250556946,0.3568713665008545
YLR225C,YDR348C,0,-0.18551645,0.0932418704032898,0.36626747250556946,0.3569713830947876
YGR231C,YHR166C,0,-0.18587184,0.09321818500757217,0.36626747250556946,0.3570713996887207
YNL021W,YNL116W,0,-0.18622082,0.09319451451301575,0.36626747250556946,0.3571714460849762
YDR043C,YJR088C,0,-0.18636519,0.09317085891962051,0.36626747250556946,0.3572714626789093
YIL117C,YJL151C,0,-0.18650484,0.09314721077680588,0.36626747250556946,0.3573714792728424
YLR206W,YDR490C,1,-0.18730924,0.09337731450796127,0.3672654628753662,0.3573714792728424
YKR098C,YIL050W,0,-0.18738492,0.09335362911224365,0.3672654628753662,0.3574714958667755
YMR079W,YBR200W,0,-0.18739824,0.09332995116710663,0.3672654628753662,0.3575715124607086
YGL047W,YOR133W,0,-0.1875689,0.0933062881231308,0.3672654628753662,0.3576715290546417
YDL066W,YOL068C,0,-0.18806238,0.09328263252973557,0.3672654628753662,0.35777154564857483
YKL049C,YKL027W,0,-0.18825372,0.09325899928808212,0.3672654628753662,0.35787156224250793
YOR095C,YOR234C,0,-0.18829681,0.09323536604642868,0.3672654628753662,0.3579716086387634
YLR341W,YOR088W,0,-0.1885487,0.09321175515651703,0.3672654628753662,0.35807162523269653
YOR255W,YKL167C,0,-0.18861899,0.09318815171718597,0.3672654628753662,0.35817164182662964
YBR083W,YHR050W,0,-0.18887103,0.09316455572843552,0.3672654628753662,0.35827165842056274
YDR519W,YHR124W,0,-0.18933883,0.09314097464084625,0.3672654628753662,0.35837167501449585
YGR013W,YML014W,0,-0.18943025,0.09311740845441818,0.3672654628753662,0.35847169160842896
YDL168W,YNL316C,0,-0.18947193,0.09309384971857071,0.3672654628753662,0.35857170820236206
YLR132C,YNL071W,0,-0.18961038,0.09307030588388443,0.3672654628753662,0.35867172479629517
YGL086W,YHL018W,0,-0.18963182,0.09304677695035934,0.3672654628753662,0.35877174139022827
YGR166W,YPL008W,0,-0.18967976,0.09302325546741486,0.3672654628753662,0.35887178778648376
YHR039C,YOR362C,0,-0.18969542,0.09299974888563156,0.3672654628753662,0.35897180438041687
YER018C,YEL009C,0,-0.18984115,0.09297624975442886,0.3672654628753662,0.35907182097435
YHR188C,YMR121C,0,-0.18986818,0.09295276552438736,0.3672654628753662,0.3591718375682831
YJR056C,YKL012W,0,-0.19009021,0.09292929619550705,0.3672654628753662,0.3592718541622162
YFL055W,YLR336C,0,-0.1903066,0.09290583431720734,0.3672654628753662,0.3593718707561493
YLR225C,YBR288C,0,-0.19039156,0.09288237988948822,0.3672654628753662,0.3594718873500824
YKL027W,YIR021W,0,-0.19048426,0.0928589478135109,0.3672654628753662,0.3595719039440155
YER166W,YJR125C,1,-0.19064377,0.09308779239654541,0.36826348304748535,0.3595719039440155
YMR278W,YBR104W,0,-0.19112575,0.0930643156170845,0.36826348304748535,0.3596719205379486
YOR328W,YNR063W,0,-0.19147992,0.0930408462882042,0.36826348304748535,0.3597719669342041
YIR013C,YKL184W,0,-0.19153208,0.09301739186048508,0.36826348304748535,0.3598719835281372
YLR393W,YDR524C-B,0,-0.19164322,0.09299395233392715,0.36826348304748535,0.3599720001220703
YGR028W,YOR028C,0,-0.19188878,0.09297052025794983,0.36826348304748535,0.3600720167160034
YLR071C,YLR002C,0,-0.19189191,0.0929471030831337,0.36826348304748535,0.3601720333099365
YOR118W,YBR234C,0,-0.19205135,0.09292369335889816,0.36826348304748535,0.36027204990386963
YLR216C,YDL044C,0,-0.19209866,0.09290029853582382,0.36826348304748535,0.36037206649780273
YCR069W,YPR112C,0,-0.19233604,0.09287691861391068,0.36826348304748535,0.36047208309173584
YHR098C,YER122C,0,-0.19237489,0.09285354614257812,0.36826348304748535,0.36057209968566895
YBR132C,YBL019W,0,-0.19238776,0.09283018857240677,0.36826348304748535,0.36067214608192444
YIL041W,YOR322C,1,-0.19241515,0.09305834770202637,0.3692614734172821,0.36067214608192444
YOR173W,YJR144W,0,-0.19284275,0.09303495287895203,0.3692614734172821,0.36077216267585754
YKR098C,YPR056W,0,-0.19301793,0.09301156550645828,0.3692614734172821,0.36087217926979065
YOR343C-B,YJL036W,0,-0.19302008,0.09298818558454514,0.3692614734172821,0.36097219586372375
YIL063C,YBR201W,0,-0.19305126,0.09296482056379318,0.3692614734172821,0.36107221245765686
YLR057W,YDR162C,0,-0.19322073,0.09294147044420242,0.3692614734172821,0.36117222905158997
YML114C,YOL034W,0,-0.19323786,0.09291813522577286,0.3692614734172821,0.36127224564552307
YPL236C,YNL093W,0,-0.19326434,0.09289480000734329,0.3692614734172821,0.3613722622394562
YDR349C,YBR135W,0,-0.19326538,0.09287148714065552,0.3692614734172821,0.36147230863571167
YBR207W,YHR073W,1,-0.19329284,0.09309912472963333,0.37025949358940125,0.36147230863571167
YDR104C,YLR336C,0,-0.19370607,0.09307576715946198,0.37025949358940125,0.3615723252296448
YCR089W,YCR003W,0,-0.1937478,0.09305241703987122,0.37025949358940125,0.3616723418235779
YDL226C,YOR375C,0,-0.19384581,0.09302908927202225,0.37025949358940125,0.361772358417511
YBL006C,YOR173W,0,-0.19397092,0.09300576895475388,0.37025949358940125,0.3618723750114441
YBR068C,YGL029W,0,-0.19413336,0.0929824560880661,0.37025949358940125,0.3619723916053772
YJL028W,YGR284C,0,-0.19449079,0.09295915812253952,0.37025949358940125,0.3620724081993103
YDL122W,YGL187C,0,-0.19461833,0.09293587505817413,0.37025949358940125,0.3621724247932434
YNL002C,YPL069C,0,-0.19481255,0.09291259944438934,0.37025949358940125,0.3622724413871765
YML064C,YDL066W,0,-0.19486952,0.09288933128118515,0.37025949358940125,0.362372487783432
YMR263W,YGR203W,0,-0.19507149,0.09286608546972275,0.37025949358940125,0.3624725043773651
YLR340W,YLR002C,0,-0.1955593,0.09284283965826035,0.37025949358940125,0.3625725209712982
YMR014W,YLR119W,0,-0.19573934,0.09281961619853973,0.37025949358940125,0.3626725375652313
YPR029C,YDR541C,0,-0.19576822,0.09279640018939972,0.37025949358940125,0.36277255415916443
YER124C,YCR033W,0,-0.1957804,0.0927731916308403,0.37025949358940125,0.36287257075309753
YDL126C,YDR394W,0,-0.19592655,0.09274999797344208,0.37025949358940125,0.36297258734703064
YGL134W,YIL040W,0,-0.1959422,0.09272681921720505,0.37025949358940125,0.36307260394096375
YDR314C,YEL020C,0,-0.1961428,0.09270364791154861,0.37025949358940125,0.36317262053489685
YPL020C,YFL050C,0,-0.19617158,0.09268049150705338,0.37025949358940125,0.36327266693115234
YLR262C,YHL001W,0,-0.19661584,0.09265734255313873,0.37025949358940125,0.36337268352508545
YNR063W,YLR133W,0,-0.19664177,0.09263420850038528,0.37025949358940125,0.36347270011901855
YHL022C,YOR295W,0,-0.1970349,0.09261108189821243,0.37025949358940125,0.36357271671295166
YJL092W,YML022W,0,-0.19716243,0.09258797019720078,0.37025949358940125,0.36367273330688477
YDR385W,YNL047C,0,-0.19719885,0.09256487339735031,0.37025949358940125,0.36377274990081787
YPL170W,YOL049W,0,-0.19733793,0.09254178404808044,0.37025949358940125,0.363872766494751
YNL024C-A,YGR261C,0,-0.1975142,0.09251870214939117,0.37025949358940125,0.3639727830886841
YLR405W,YIL065C,0,-0.19802117,0.0924956351518631,0.37025949358940125,0.3640727996826172
YOL091W,YBR098W,0,-0.19806728,0.09247258305549622,0.37025949358940125,0.3641728460788727
YPL055C,YGR198W,0,-0.19825758,0.09244953840970993,0.37025949358940125,0.3642728626728058
YGL086W,YNL177C,0,-0.19837907,0.09242650866508484,0.37025949358940125,0.3643728792667389
YBR059C,YLR206W,1,-0.1984162,0.09265255182981491,0.371257483959198,0.3643728792667389
YDR093W,YNL093W,1,-0.19869176,0.09287848323583603,0.37225547432899475,0.3643728792667389
YDL226C,YNR026C,0,-0.19894895,0.09285536408424377,0.37225547432899475,0.364472895860672
YPL237W,YBR201W,0,-0.19919258,0.09283225238323212,0.37225547432899475,0.3645729124546051
YNL154C,YDL019C,1,-0.19926593,0.09305797517299652,0.3732534945011139,0.3645729124546051
YNL316C,YLR084C,0,-0.19942808,0.09303482621908188,0.3732534945011139,0.3646729290485382
YGR068C,YJR044C,0,-0.19944772,0.09301169216632843,0.3732534945011139,0.3647729456424713
YGL001C,YOR307C,0,-0.19944999,0.09298856556415558,0.3732534945011139,0.3648729622364044
YBR059C,YLL038C,1,-0.19953778,0.0932140201330185,0.37425148487091064,0.3648729622364044
YCR071C,YPR066W,0,-0.1995766,0.09319085627794266,0.37425148487091064,0.3649730086326599
YGR275W,YEL077C,0,-0.19971415,0.09316769987344742,0.37425148487091064,0.365073025226593
YER075C,YDL201W,0,-0.19991358,0.09314455837011337,0.37425148487091064,0.3651730418205261
YNL300W,YNL106C,0,-0.19995302,0.09312143176794052,0.37425148487091064,0.36527305841445923
YDR069C,YOR034C,1,-0.20034438,0.09334657341241837,0.3752495050430298,0.36527305841445923
YGL048C,YJR093C,0,-0.20038955,0.09332340210676193,0.3752495050430298,0.36537307500839233
YOL119C,YML010W,0,-0.20059447,0.0933002457022667,0.3752495050430298,0.36547309160232544
YER054C,YLR405W,0,-0.20096128,0.09327710419893265,0.3752495050430298,0.36557310819625854
YDR237W,YPL124W,0,-0.20167866,0.0932539701461792,0.3752495050430298,0.36567312479019165
YCR068W,YGR067C,0,-0.2017593,0.09323084354400635,0.3752495050430298,0.36577314138412476
YOR058C,YHR018C,0,-0.20197174,0.09320773184299469,0.3752495050430298,0.36587318778038025
YGR241C,YPR165W,1,-0.20212266,0.0934324637055397,0.37624749541282654,0.36587318778038025
YBL004W,YNR046W,0,-0.20221046,0.09340931475162506,0.37624749541282654,0.36597320437431335
YPL023C,YIR010W,0,-0.2025075,0.09338618069887161,0.37624749541282654,0.36607322096824646
YBR253W,YDR198C,0,-0.20285913,0.09336305409669876,0.37624749541282654,0.36617323756217957
YGR198W,YPL187W,0,-0.20288071,0.0933399349451065,0.37624749541282654,0.36627325415611267
YHL009W-A,YBR014C,0,-0.20316099,0.09331683069467545,0.37624749541282654,0.3663732707500458
YHL007C,YOR284W,0,-0.20319611,0.09329374134540558,0.37624749541282654,0.3664732873439789
YGL011C,YHL013C,0,-0.20323223,0.09327065944671631,0.37624749541282654,0.366573303937912
YHL022C,YKL157W,0,-0.20324591,0.09324758499860764,0.37624749541282654,0.3666733205318451
YGL130W,YGL038C,0,-0.20390888,0.09322453290224075,0.37624749541282654,0.3667733669281006
YBR186W,YNL087W,0,-0.20400219,0.09320148080587387,0.37624749541282654,0.3668733835220337
YPL023C,YGL054C,0,-0.20401888,0.09317845106124878,0.37624749541282654,0.3669734001159668
YLR371W,YOR181W,1,-0.20405057,0.09340251982212067,0.3772455155849457,0.3669734001159668
YNL064C,YOR094W,0,-0.20416151,0.093379445374012,0.3772455155849457,0.3670734167098999
YGL100W,YDR541C,0,-0.20441505,0.09335638582706451,0.3772455155849457,0.367173433303833
YMR021C,YMR044W,0,-0.20441966,0.09333333373069763,0.3772455155849457,0.3672734498977661
YPL032C,YDR093W,1,-0.20451023,0.09355714917182922,0.37824350595474243,0.3672734498977661
YJL050W,YLR210W,0,-0.20466805,0.09353405982255936,0.37824350595474243,0.3673734664916992
YLR408C,YPL012W,0,-0.20480952,0.09351097792387009,0.37824350595474243,0.3674734830856323
YGL134W,YIL050W,0,-0.2054489,0.09348791092634201,0.37824350595474243,0.3675735294818878
YNL299W,YER157W,0,-0.20547308,0.09346485882997513,0.37824350595474243,0.3676735460758209
YPL128C,YNL305C,0,-0.20561422,0.09344181418418884,0.37824350595474243,0.36777356266975403
YOL033W,YBR265W,0,-0.20595637,0.09341878443956375,0.37824350595474243,0.36787357926368713
YMR104C,YPR124W,0,-0.20655724,0.09339576214551926,0.37824350595474243,0.36797359585762024
YDR027C,YDR097C,0,-0.20680517,0.09337275475263596,0.37824350595474243,0.36807361245155334
YCR088W,YKL220C,0,-0.206845,0.09334975481033325,0.37824350595474243,0.36817362904548645
YPR025C,YIL157C,0,-0.20688677,0.09332676976919174,0.37824350595474243,0.36827364563941956
YLR337W,YCR094W,1,-0.20712034,0.09354997426271439,0.3792415261268616,0.36827364563941956
YDR119W,YKR086W,0,-0.20731252,0.09352695196866989,0.3792415261268616,0.36837366223335266
YKR067W,YBR229C,0,-0.20744905,0.093503937125206,0.3792415261268616,0.36847370862960815
YBR210W,YEL077C,0,-0.20777121,0.09348093718290329,0.3792415261268616,0.36857372522354126
YJL116C,YKL071W,0,-0.20798458,0.09345794469118118,0.3792415261268616,0.36867374181747437
YMR263W,YOL008W,0,-0.20820984,0.09343496710062027,0.3792415261268616,0.36877375841140747
YBR102C,YGR206W,0,-0.2082366,0.09341199696063995,0.3792415261268616,0.3688737750053406
YOL008W,YKL065C,0,-0.20884758,0.09338904172182083,0.3792415261268616,0.3689737915992737
YPR171W,YNL243W,1,-0.20891301,0.09361179172992706,0.3802395164966583,0.3689737915992737
YML110C,YGL033W,0,-0.2089532,0.09358879923820496,0.3802395164966583,0.3690738081932068
YBL084C,YDR382W,0,-0.20901877,0.09356581419706345,0.3802395164966583,0.3691738247871399
YJL159W,YOR133W,0,-0.20904535,0.09354284405708313,0.3802395164966583,0.369273841381073
YBR102C,YOR344C,0,-0.20905983,0.09351988136768341,0.3802395164966583,0.3693738877773285
YNL024C-A,YML062C,0,-0.20917034,0.09349693357944489,0.3802395164966583,0.3694739043712616
YGL023C,YDL104C,0,-0.20946753,0.09347399324178696,0.3802395164966583,0.3695739209651947
YKR081C,YNL154C,0,-0.21008924,0.09345106780529022,0.3802395164966583,0.3696739375591278
YOL128C,YER004W,0,-0.21010625,0.09342814981937408,0.3802395164966583,0.3697739541530609
YFL018C,YLR110C,0,-0.21023087,0.09340524673461914,0.3802395164966583,0.369873970746994
YCR066W,YBR056W,0,-0.21033466,0.0933823511004448,0.3802395164966583,0.3699739873409271
YFL034C-A,YJR019C,0,-0.21047714,0.09335947036743164,0.3802395164966583,0.37007400393486023
YPL081W,YOR188W,0,-0.21060714,0.09333659708499908,0.3802395164966583,0.37017402052879333
YGR195W,YDL049C,0,-0.21066724,0.09331373870372772,0.3802395164966583,0.37027406692504883
YBR139W,YEL009C,0,-0.21071014,0.09329088777303696,0.3802395164966583,0.37037408351898193
YKR013W,YFL024C,0,-0.21075901,0.09326805174350739,0.3802395164966583,0.37047410011291504
YLR307W,YOR336W,0,-0.21107149,0.09324523061513901,0.3802395164966583,0.37057411670684814
YPL020C,YLR084C,0,-0.21118276,0.09322240948677063,0.3802395164966583,0.37067413330078125
YPR022C,YLR449W,0,-0.21139535,0.09319961071014404,0.3802395164966583,0.37077414989471436
YDR153C,YLR405W,0,-0.21148838,0.09317681938409805,0.3802395164966583,0.37087416648864746
YPL032C,YDR177W,1,-0.21170956,0.09339853376150131,0.38123753666877747,0.37087416648864746
YNL125C,YER183C,0,-0.21183276,0.09337570518255234,0.38123753666877747,0.37097418308258057
YMR135C,YOL049W,0,-0.21233821,0.09335288405418396,0.38123753666877747,0.37107422947883606
YGL020C,YKL092C,0,-0.21252573,0.09333007782697678,0.38123753666877747,0.37117424607276917
YJR105W,YMR067C,0,-0.21267469,0.09330727905035019,0.38123753666877747,0.37127426266670227
YGR152C,YOR173W,0,-0.21301386,0.0932844951748848,0.38123753666877747,0.3713742792606354
YLR376C,YEL046C,0,-0.21318604,0.09326171875,0.38123753666877747,0.3714742958545685
YOL088C,YPR065W,0,-0.21336359,0.0932389572262764,0.38123753666877747,0.3715743124485016
YMR067C,YNL005C,0,-0.21341196,0.09321620315313339,0.38123753666877747,0.3716743290424347
YOR237W,YDR059C,1,-0.21343164,0.09343742579221725,0.3822355270385742,0.3716743290424347
YHR043C,YNL279W,0,-0.21350075,0.09341463446617126,0.3822355270385742,0.3717743456363678
YAR071W,YLR453C,0,-0.21385565,0.09339185804128647,0.3822355270385742,0.3718743622303009
YLR157C-B,YDR266C,0,-0.2139487,0.09336908906698227,0.3822355270385742,0.3719744086265564
YJL159W,YJL203W,0,-0.21395355,0.09334633499383926,0.3822355270385742,0.3720744252204895
YPL055C,YBR068C,0,-0.21409409,0.09332358837127686,0.3822355270385742,0.3721744418144226
YDL126C,YDR480W,0,-0.21431945,0.09330084919929504,0.3822355270385742,0.3722744584083557
YMR202W,YLR064W,0,-0.21442367,0.09327813237905502,0.3822355270385742,0.3723744750022888
YLR342W,YFL039C,1,-0.21459538,0.09349890798330307,0.38323354721069336,0.3723744750022888
YNL083W,YDL214C,0,-0.21465954,0.09347614645957947,0.38323354721069336,0.3724744915962219
YOR368W,YBR161W,0,-0.21497554,0.09345339238643646,0.38323354721069336,0.37257450819015503
YOR255W,YOR125C,0,-0.21517657,0.09343065321445465,0.38323354721069336,0.37267452478408813
YDR261C-C,YBR135W,0,-0.21525584,0.09340792894363403,0.38323354721069336,0.37277454137802124
YDR524C-B,YJR077C,0,-0.21544681,0.09338521212339401,0.38323354721069336,0.37287458777427673
YJR014W,YER001W,0,-0.21554457,0.09336251020431519,0.38323354721069336,0.37297460436820984
YIL091C,YOR245C,0,-0.21577534,0.09333981573581696,0.38323354721069336,0.37307462096214294
YHR115C,YDL236W,0,-0.21602315,0.09331712871789932,0.38323354721069336,0.37317463755607605
YBR083W,YGR249W,0,-0.2161655,0.09329446405172348,0.38323354721069336,0.37327465415000916
YAR042W,YKL203C,1,-0.21619354,0.09351469576358795,0.3842315375804901,0.37327465415000916
YPL004C,YLL038C,1,-0.21623932,0.09373482316732407,0.38522952795028687,0.37327465415000916
YJR043C,YDR143C,0,-0.21631768,0.09371206909418106,0.38522952795028687,0.37337467074394226
YNL072W,YGL055W,0,-0.21643257,0.09368932247161865,0.38522952795028687,0.37347468733787537
YGR068C,YIL162W,0,-0.21652609,0.09366658329963684,0.38522952795028687,0.37357470393180847
YOL001W,YMR044W,0,-0.21653424,0.09364385902881622,0.38522952795028687,0.3736747205257416
YJL184W,YHR166C,0,-0.2171289,0.0936211496591568,0.38522952795028687,0.37377476692199707
YIL041W,YML026C,0,-0.2171492,0.09359844774007797,0.38522952795028687,0.3738747835159302
YMR134W,YPR033C,0,-0.21749824,0.09357576072216034,0.38522952795028687,0.3739748001098633
YGR195W,YKR018C,0,-0.21766412,0.0935530811548233,0.38522952795028687,0.3740748167037964
YGR023W,YJL050W,0,-0.21767841,0.09353040903806686,0.38522952795028687,0.3741748332977295
YGL001C,YDR079C-A,0,-0.21786502,0.09350775182247162,0.38522952795028687,0.3742748498916626
YBR207W,YDR129C,1,-0.2180989,0.09372729808092117,0.386227548122406,0.3742748498916626
YDL132W,YGR172C,0,-0.21846391,0.09370460361242294,0.386227548122406,0.3743748664855957
YFL053W,YPL270W,0,-0.21900274,0.09368191659450531,0.386227548122406,0.3744748830795288
YNL024C-A,YLR453C,0,-0.2190182,0.09365924447774887,0.386227548122406,0.3745749294757843
YIL049W,YML118W,0,-0.2191677,0.09363658726215363,0.386227548122406,0.3746749460697174
YIL048W,YIL095W,1,-0.21919802,0.0938558280467987,0.38722553849220276,0.3746749460697174
YFR009W,YHR084W,0,-0.21924634,0.09383313357830048,0.38722553849220276,0.3747749626636505
YLR013W,YHL033C,0,-0.21949589,0.09381044656038284,0.38722553849220276,0.3748749792575836
YOL013C,YOR367W,0,-0.21958798,0.0937877669930458,0.38722553849220276,0.3749749958515167
YFR028C,YGR013W,0,-0.21959724,0.09376510232686996,0.38722553849220276,0.37507501244544983
YLR369W,YOL089C,0,-0.21969494,0.09374245256185532,0.38722553849220276,0.37517502903938293
YDR184C,YHR196W,0,-0.21976998,0.09371981024742126,0.38722553849220276,0.37527504563331604
YJL151C,YNL275W,0,-0.22000301,0.09369717538356781,0.38722553849220276,0.37537506222724915
YDR264C,YIL095W,1,-0.220118,0.09391598403453827,0.3882235586643219,0.37537506222724915
YPL005W,YML010W,0,-0.22023594,0.09389331191778183,0.3882235586643219,0.37547510862350464
YDR314C,YHL033C,0,-0.22075582,0.09387065470218658,0.3882235586643219,0.37557512521743774
YOR190W,YNL005C,0,-0.22092244,0.09384801238775253,0.3882235586643219,0.37567514181137085
YNL075W,YMR283C,0,-0.22116221,0.09382537752389908,0.3882235586643219,0.37577515840530396
YJL028W,YGR067C,0,-0.22130567,0.09380275011062622,0.3882235586643219,0.37587517499923706
YBL016W,YML022W,0,-0.22166897,0.09378013759851456,0.3882235586643219,0.37597519159317017
YNL222W,YOL113W,0,-0.22175989,0.09375753253698349,0.3882235586643219,0.37607520818710327
YNL257C,YLR035C,0,-0.22181058,0.09373494237661362,0.3882235586643219,0.3761752247810364
YIL023C,YOR295W,0,-0.22195351,0.09371235966682434,0.3882235586643219,0.3762752413749695
YGR257C,YIL099W,0,-0.2220664,0.09368978440761566,0.3882235586643219,0.376375287771225
YOR329C,YML069W,0,-0.2223308,0.09366723150014877,0.3882235586643219,0.3764753043651581
YGL033W,YOL075C,0,-0.22259824,0.09364467859268188,0.3882235586643219,0.3765753209590912
YGR157W,YOR361C,0,-0.22259837,0.09362214058637619,0.3882235586643219,0.3766753375530243
YKL055C,YIL114C,0,-0.22313513,0.09359961748123169,0.3882235586643219,0.3767753541469574
YPL132W,YFL018C,0,-0.2232703,0.09357710182666779,0.3882235586643219,0.3768753707408905
YOR362C,YNR036C,0,-0.22347932,0.09355459362268448,0.3882235586643219,0.3769753873348236
YKL184W,YDL213C,0,-0.22355677,0.09353210031986237,0.3882235586643219,0.3770754039287567
YNR032W,YKR025W,0,-0.22365671,0.09350961446762085,0.3882235586643219,0.3771754205226898
YBR079C,YMR216C,0,-0.22436303,0.09348714351654053,0.3882235586643219,0.3772754669189453
YGL206C,YOR089C,1,-0.22452413,0.0937049463391304,0.38922154903411865,0.3772754669189453
YIL110W,YGL054C,0,-0.22459775,0.0936824381351471,0.38922154903411865,0.3773754835128784
YPR066W,YOR303W,0,-0.22461018,0.09365994483232498,0.38922154903411865,0.3774755001068115
YKL055C,YBL071W-A,0,-0.22472784,0.09363745152950287,0.38922154903411865,0.37757551670074463
YDL231C,YPR165W,1,-0.22479019,0.09385501593351364,0.3902195692062378,0.37757551670074463
YER183C,YNL270C,0,-0.22492349,0.09383249282836914,0.3902195692062378,0.37767553329467773
YGR192C,YNL177C,0,-0.22494166,0.09380997717380524,0.3902195692062378,0.37777554988861084
YMR263W,YKL176C,0,-0.22503808,0.09378747642040253,0.3902195692062378,0.37787556648254395
YCR089W,YOR028C,0,-0.22510129,0.09376499056816101,0.3902195692062378,0.37797558307647705
YNL069C,YCL027C-A,0,-0.22512634,0.0937425047159195,0.3902195692062378,0.37807562947273254
YOR328W,YDL052C,0,-0.22540155,0.09372004121541977,0.3902195692062378,0.37817564606666565
YPL190C,YGL008C,0,-0.22575633,0.09369757771492004,0.3902195692062378,0.37827566266059875
YKR092C,YKR046C,0,-0.22586353,0.09367512911558151,0.3902195692062378,0.37837567925453186
YHR045W,YJR125C,0,-0.22599384,0.09365269541740417,0.3902195692062378,0.37847569584846497
YLR205C,YCR071C,0,-0.22603354,0.09363026916980743,0.3902195692062378,0.37857571244239807
YDL201W,YBR014C,0,-0.22606312,0.09360785037279129,0.3902195692062378,0.3786757290363312
YAR042W,YNL297C,1,-0.22648904,0.09382479637861252,0.39121755957603455,0.3786757290363312
YGL013C,YNL225C,0,-0.22649248,0.09380234777927399,0.39121755957603455,0.3787757456302643
YKL055C,YCR048W,0,-0.22654378,0.09377990663051605,0.39121755957603455,0.3788757622241974
YNL064C,YIR003W,0,-0.22670597,0.09375747293233871,0.39121755957603455,0.3789758086204529
YNL169C,YBL066C,0,-0.22693083,0.09373505413532257,0.39121755957603455,0.379075825214386
YPL268W,YIL085C,0,-0.22700295,0.09371264278888702,0.39121755957603455,0.3791758418083191
YBR109C,YLR342W,1,-0.22715732,0.09392925351858139,0.3922155797481537,0.3791758418083191
YOR210W,YER124C,0,-0.22726557,0.09390681236982346,0.3922155797481537,0.3792758584022522
YJL042W,YDR484W,0,-0.22742483,0.09388437867164612,0.3922155797481537,0.3793758749961853
YCR017C,YLL015W,0,-0.2274571,0.09386195242404938,0.3922155797481537,0.3794758915901184
YGL100W,YNL058C,0,-0.22759676,0.09383954107761383,0.3922155797481537,0.3795759081840515
YDL226C,YNL241C,0,-0.22781792,0.09381713718175888,0.3922155797481537,0.3796759247779846
YGL099W,YCL038C,0,-0.22794929,0.09379474818706512,0.3922155797481537,0.3797759413719177
YLR138W,YMR052W,0,-0.22803375,0.09377236664295197,0.3922155797481537,0.3798759877681732
YMR164C,YKL035W,0,-0.22804826,0.09375,0.3922155797481537,0.3799760043621063
YGR157W,YNL009W,0,-0.22846049,0.09372764080762863,0.3922155797481537,0.38007602095603943
YNL030W,YER001W,0,-0.22855605,0.09370529651641846,0.3922155797481537,0.38017603754997253
YOR307C,YHR200W,0,-0.22864227,0.09368295222520828,0.3922155797481537,0.38027605414390564
YOL075C,YKL084W,0,-0.22865476,0.0936606302857399,0.3922155797481537,0.38037607073783875
YKL008C,YJL118W,0,-0.22890285,0.09363831579685211,0.3922155797481537,0.38047608733177185
YDR338C,YBR186W,0,-0.22898977,0.09361600875854492,0.3922155797481537,0.38057610392570496
YBL047C,YNL243W,1,-0.22904941,0.093831866979599,0.39321357011795044,0.38057610392570496
YDR541C,YPL118W,0,-0.2291764,0.09380952268838882,0.39321357011795044,0.38067612051963806
YML029W,YIL050W,0,-0.22924227,0.09378719329833984,0.39321357011795044,0.38077616691589355
YBR207W,YJR125C,1,-0.22979656,0.0940028578042984,0.3942115902900696,0.38077616691589355
YLR342W,YNL297C,1,-0.22998872,0.0942184180021286,0.39520958065986633,0.38077616691589355
YGR128C,YGL054C,0,-0.23022637,0.09419600665569305,0.39520958065986633,0.38087618350982666
YPR103W,YOR360C,0,-0.23029059,0.0941736027598381,0.39520958065986633,0.38097620010375977
YMR293C,YCL020W,0,-0.2303661,0.09415121376514435,0.39520958065986633,0.38107621669769287
YBL101C,YIR006C,1,-0.23059991,0.09436653554439545,0.3962075710296631,0.38107621669769287
YOR237W,YMR109W,1,-0.23062952,0.09458174556493759,0.3972055912017822,0.38107621669769287
YIL041W,YML111W,0,-0.23076144,0.09455927461385727,0.3972055912017822,0.381176233291626
YMR121C,YOR140W,0,-0.23080415,0.09453681856393814,0.3972055912017822,0.3812762498855591
YCL038C,YGR128C,0,-0.23133099,0.09451436996459961,0.3972055912017822,0.3813762664794922
YBR127C,YMR106C,0,-0.23141699,0.09449192881584167,0.3972055912017822,0.3814762830734253
YHL033C,YMR161W,0,-0.23155351,0.09446950256824493,0.3972055912017822,0.3815763294696808
YNL002C,YDR450W,0,-0.23175013,0.09444708377122879,0.3972055912017822,0.3816763460636139
YAL009W,YGR207C,0,-0.23213333,0.09442467242479324,0.3972055912017822,0.381776362657547
YDR331W,YLR133W,0,-0.23245089,0.09440227597951889,0.3972055912017822,0.3818763792514801
YNL003C,YDR255C,0,-0.23250046,0.09437989443540573,0.3972055912017822,0.3819763958454132
YHL033C,YBR265W,0,-0.23258525,0.09435751289129257,0.3972055912017822,0.3820764124393463
YBL102W,YMR244C-A,0,-0.23276952,0.0943351536989212,0.3972055912017822,0.3821764290332794
YML038C,YIL015W,0,-0.23282161,0.09431279450654984,0.3972055912017822,0.3822764456272125
YMR263W,YFL018C,0,-0.2328631,0.09429045021533966,0.3972055912017822,0.38237646222114563
YHL001W,YNL021W,0,-0.23373073,0.09426812082529068,0.3972055912017822,0.3824765086174011
YER170W,YDL161W,0,-0.23411678,0.0942457988858223,0.3972055912017822,0.38257652521133423
YER019W,YHR107C,0,-0.23417735,0.09422348439693451,0.3972055912017822,0.38267654180526733
YNL257C,YJR144W,0,-0.23434657,0.09420118480920792,0.3972055912017822,0.38277655839920044
YBL050W,YOL013C,0,-0.23438743,0.09417889267206192,0.3972055912017822,0.38287657499313354
YBR204C,YLR229C,0,-0.23459814,0.09415661543607712,0.3972055912017822,0.38297659158706665
YPL132W,YMR244C-A,0,-0.23482029,0.09413434565067291,0.3972055912017822,0.38307660818099976
YFL018C,YLL015W,0,-0.23486543,0.0941120833158493,0.3972055912017822,0.38317662477493286
YBL006C,YFL050C,0,-0.23547627,0.09408983588218689,0.3972055912017822,0.38327664136886597
YER125W,YBL007C,1,-0.2357128,0.09430395066738129,0.398203581571579,0.38327664136886597
YNL126W,YPL055C,0,-0.23587018,0.09428166598081589,0.398203581571579,0.38337668776512146
YML038C,YHL009W-A,0,-0.23612142,0.09425938874483109,0.398203581571579,0.38347670435905457
YER039C,YPR201W,0,-0.23612936,0.09423712641000748,0.398203581571579,0.38357672095298767
YOL034W,YGR013W,0,-0.23618458,0.09421487897634506,0.398203581571579,0.3836767375469208
YLR307W,YGR240C,0,-0.236206,0.09419263154268265,0.398203581571579,0.3837767541408539
YGL201C,YMR305C,0,-0.23658119,0.09417040646076202,0.398203581571579,0.383876770734787
YLL028W,YJR077C,0,-0.23665376,0.0941481813788414,0.398203581571579,0.3839767873287201
YGR059W,YDL052C,0,-0.2367787,0.09412597119808197,0.398203581571579,0.3840768039226532
YGL234W,YNL003C,0,-0.23699474,0.09410377591848373,0.398203581571579,0.3841768205165863
YER006W,YGR280C,0,-0.23705639,0.0940815880894661,0.398203581571579,0.3842768669128418
YDR119W,YPR185W,0,-0.2372281,0.09405940771102905,0.398203581571579,0.3843768835067749
YAL014C,YNL003C,0,-0.23739338,0.09403723478317261,0.398203581571579,0.384476900100708
YBR127C,YMR190C,0,-0.23751988,0.09401507675647736,0.398203581571579,0.3845769166946411
YJR014W,YLR216C,0,-0.23780298,0.0939929336309433,0.398203581571579,0.3846769332885742
YLR051C,YKL193C,0,-0.2380508,0.09397079795598984,0.398203581571579,0.3847769498825073
YPL009C,YPL066W,0,-0.23805206,0.09394866973161697,0.398203581571579,0.38487696647644043
YGL079W,YCL026C-A,0,-0.23812471,0.0939265564084053,0.398203581571579,0.38497698307037354
YNR073C,YOR122C,0,-0.23827283,0.09390445053577423,0.398203581571579,0.38507702946662903
YIL049W,YBR136W,0,-0.23854332,0.09388235211372375,0.398203581571579,0.38517704606056213
YER124C,YNL197C,0,-0.23860852,0.09386026859283447,0.398203581571579,0.38527706265449524
YCR028C,YFL039C,1,-0.2386644,0.09407337754964828,0.3992016017436981,0.38527706265449524
YEL026W,YDR540C,0,-0.23873143,0.09405125677585602,0.3992016017436981,0.38537707924842834
YGL208W,YDR524C-B,0,-0.2389595,0.09402915090322495,0.3992016017436981,0.38547709584236145
YNL024C-A,YAL001C,0,-0.23933662,0.09400705248117447,0.3992016017436981,0.38557711243629456
YBR229C,YOL001W,0,-0.2394504,0.09398496150970459,0.3992016017436981,0.38567712903022766
YNL139C,YCL011C,0,-0.23948532,0.0939628854393959,0.3992016017436981,0.38577714562416077
YBR290W,YDL222C,0,-0.23967752,0.09394081681966782,0.3992016017436981,0.38587716221809387
YML024W,YLR133W,0,-0.2397223,0.09391876310110092,0.3992016017436981,0.38597720861434937
YDL025C,YER172C,0,-0.24001536,0.09389671683311462,0.3992016017436981,0.38607722520828247
YNR023W,YFR055W,0,-0.24092102,0.09387467801570892,0.3992016017436981,0.3861772418022156
YNR036C,YGL153W,0,-0.24092661,0.09385265409946442,0.3992016017436981,0.3862772583961487
YPL275W,YIL114C,0,-0.24134666,0.0938306376338005,0.3992016017436981,0.3863772749900818
YJR159W,YMR121C,0,-0.24137717,0.0938086286187172,0.3992016017436981,0.3864772915840149
YLR013W,YHR042W,0,-0.24138977,0.09378663450479507,0.3992016017436981,0.386577308177948
YLR157C-A,YDL214C,0,-0.24161154,0.09376464784145355,0.3992016017436981,0.3866773247718811
YCR009C,YKR003W,1,-0.2417838,0.09397703409194946,0.4001995921134949,0.3866773247718811
YBR236C,YER001W,0,-0.24180654,0.09395501762628555,0.4001995921134949,0.3867773413658142
YNL069C,YLR138W,0,-0.24190614,0.09393300861120224,0.4001995921134949,0.3868773877620697
YHR026W,YFL002C,0,-0.24202241,0.09391100704669952,0.4001995921134949,0.3869774043560028
YMR116C,YGL012W,0,-0.24204306,0.093889020383358,0.4001995921134949,0.3870774209499359
YHR039C,YDR143C,0,-0.24262789,0.09386704117059708,0.4001995921134949,0.387177437543869
YLR132C,YDL191W,0,-0.24263589,0.09384507685899734,0.4001995921134949,0.3872774541378021
YGL023C,YLR051C,0,-0.24271959,0.09382311999797821,0.4001995921134949,0.38737747073173523
YLR408C,YMR260C,0,-0.24273375,0.09380117058753967,0.4001995921134949,0.38747748732566833
YPL066W,YGL012W,0,-0.24302003,0.09377923607826233,0.4001995921134949,0.38757750391960144
YNL075W,YKR092C,0,-0.24324536,0.09375730901956558,0.4001995921134949,0.38767755031585693
YGR038C-A,YGR087C,0,-0.24324839,0.09373538941144943,0.4001995921134949,0.38777756690979004
YNL126W,YBL008W-A,0,-0.24333936,0.09371348470449448,0.4001995921134949,0.38787758350372314
YAR008W,YLR341W,0,-0.24341342,0.09369158744812012,0.4001995921134949,0.38797760009765625
YHR178W,YGL175C,0,-0.24349552,0.09366970509290695,0.4001995921134949,0.38807761669158936
YEL055C,YGL181W,0,-0.2436341,0.09364783018827438,0.4001995921134949,0.38817763328552246
YDL232W,YKL071W,0,-0.24395034,0.09362596273422241,0.4001995921134949,0.38827764987945557
YDR490C,YAL026C,1,-0.2439721,0.09383753687143326,0.401197612285614,0.38827764987945557
YHL020C,YDR484W,0,-0.2441624,0.0938156396150589,0.401197612285614,0.38837766647338867
YPL283C,YEL003W,0,-0.244181,0.09379374980926514,0.401197612285614,0.3884776830673218
YOR190W,YEL077C,0,-0.24422458,0.09377186745405197,0.401197612285614,0.38857772946357727
YDR388W,YAR044W,1,-0.24424651,0.09398321062326431,0.40219560265541077,0.38857772946357727
YML078W,YDR540C,0,-0.24473648,0.09396129846572876,0.40219560265541077,0.3886777460575104
YGR109C,YHR084W,0,-0.24474554,0.0939393937587738,0.40219560265541077,0.3887777626514435
YBR136W,YHR183W,0,-0.24494785,0.09391750395298004,0.40219560265541077,0.3888777792453766
YDR210W-A,YLR453C,0,-0.24514227,0.09389562159776688,0.40219560265541077,0.3889777958393097
YJL204C,YOR329C,1,-0.24531561,0.09410668164491653,0.4031936228275299,0.3889777958393097
YPL256C,YNL186W,0,-0.24546146,0.09408476948738098,0.4031936228275299,0.3890778124332428
YEL063C,YOL119C,0,-0.24577382,0.09406286478042603,0.4031936228275299,0.3891778290271759
YBR019C,YPL255W,0,-0.24584383,0.09404096752405167,0.4031936228275299,0.389277845621109
YLR166C,YNL152W,0,-0.2464646,0.0940190851688385,0.4031936228275299,0.3893778622150421
YDR388W,YOR109W,1,-0.2465567,0.09422987699508667,0.40419161319732666,0.3893778622150421
YDR261C-C,YDR354W,0,-0.24710536,0.09420795738697052,0.40419161319732666,0.3894779086112976
YDR186C,YBR110W,0,-0.24736534,0.09418604522943497,0.40419161319732666,0.3895779252052307
YOR329C,YPR018W,0,-0.2473859,0.09416414797306061,0.40419161319732666,0.3896779417991638
YDR446W,YGR041W,0,-0.24743372,0.09414225816726685,0.40419161319732666,0.3897779583930969
YDR051C,YMR044W,0,-0.24762756,0.09412038326263428,0.40419161319732666,0.38987797498703003
YCL040W,YJR137C,0,-0.24800971,0.0940985158085823,0.40419161319732666,0.38997799158096313
YDR541C,YKL221W,0,-0.24875376,0.09407665580511093,0.40419161319732666,0.39007800817489624
YGR068C,YPL230W,0,-0.24891047,0.09405481070280075,0.40419161319732666,0.39017802476882935
YNL106C,YCR043C,0,-0.24894908,0.09403297305107117,0.40419161319732666,0.39027804136276245
YBL027W,YNL099C,0,-0.24914429,0.09401114284992218,0.40419161319732666,0.39037808775901794
YDL044C,YFL034C-A,0,-0.24942942,0.09398932754993439,0.40419161319732666,0.39047810435295105
YOL110W,YML026C,0,-0.24945591,0.09396751970052719,0.40419161319732666,0.39057812094688416
YNL037C,YPL072W,0,-0.24950087,0.09394571930170059,0.40419161319732666,0.39067813754081726
YLR132C,YLR119W,0,-0.24967015,0.09392393380403519,0.40419161319732666,0.39077815413475037
YGL038C,YLR308W,0,-0.24971375,0.09390215575695038,0.40419161319732666,0.39087817072868347
YNL315C,YLR308W,0,-0.25002903,0.09388039261102676,0.40419161319732666,0.3909781873226166
YOR229W,YOR321W,0,-0.2501267,0.09385862946510315,0.40419161319732666,0.3910782039165497
YDL005C,YMR236W,0,-0.25021464,0.09383688867092133,0.40419161319732666,0.3911782503128052
YDR408C,YMR052W,0,-0.250245,0.0938151478767395,0.40419161319732666,0.3912782669067383
YDR541C,YOL001W,0,-0.2508333,0.09379342198371887,0.40419161319732666,0.3913782835006714
YPL283C,YHR072W-A,0,-0.25089204,0.09377170354127884,0.40419161319732666,0.3914783000946045
YBR239C,YGL079W,0,-0.2510484,0.09375,0.40419161319732666,0.3915783166885376
YER048C,YGR261C,0,-0.25108895,0.09372830390930176,0.40419161319732666,0.3916783332824707
YLR132C,YPL066W,0,-0.2513564,0.09370661526918411,0.40419161319732666,0.3917783498764038
YNL305C,YMR260C,0,-0.25152305,0.09368494153022766,0.40419161319732666,0.3918783664703369
YGR183C,YJL203W,0,-0.2516142,0.0936632752418518,0.40419161319732666,0.39197838306427
YPR020W,YHL018W,0,-0.25193283,0.09364161640405655,0.40419161319732666,0.3920784294605255
YLR071C,YDR348C,0,-0.25205278,0.09361997246742249,0.40419161319732666,0.3921784460544586
YHL009W-A,YOL137W,0,-0.25206405,0.09359833598136902,0.40419161319732666,0.3922784626483917
YFR028C,YIL131C,0,-0.2521841,0.09357670694589615,0.40419161319732666,0.39237847924232483
YPL069C,YDR141C,0,-0.25234342,0.09355509281158447,0.40419161319732666,0.39247849583625793
YKR022C,YBR008C,0,-0.252466,0.0935334861278534,0.40419161319732666,0.39257851243019104
YLR340W,YDR255C,0,-0.25275427,0.09351189434528351,0.40419161319732666,0.39267852902412415
YPL016W,YOR367W,0,-0.25277334,0.09349030256271362,0.40419161319732666,0.39277854561805725
YNR054C,YDR302W,0,-0.2530867,0.09346872568130493,0.40419161319732666,0.39287856221199036
YGR284C,YER170W,0,-0.25322688,0.09344716370105743,0.40419161319732666,0.39297860860824585
YOR118W,YBR073W,0,-0.25326857,0.09342560917139053,0.40419161319732666,0.39307862520217896
YML038C,YGL038C,0,-0.25355595,0.09340406209230423,0.40419161319732666,0.39317864179611206
YIR013C,YDR524C-B,0,-0.25364935,0.09338252246379852,0.40419161319732666,0.39327865839004517
YML052W,YCR053W,1,-0.2537569,0.09359151870012283,0.4051896333694458,0.39327865839004517
YLL032C,YHR072W-A,0,-0.2539166,0.09356994926929474,0.4051896333694458,0.39337867498397827
YBR217W,YNL275W,0,-0.25422502,0.09354838728904724,0.4051896333694458,0.3934786915779114
YHR187W,YBL066C,0,-0.25445926,0.09352684020996094,0.4051896333694458,0.3935787081718445
YGL131C,YAR003W,0,-0.25456065,0.09350530058145523,0.4051896333694458,0.3936787247657776
YMR305C,YBR014C,0,-0.2547853,0.09348376840353012,0.4051896333694458,0.3937787413597107
YDR221W,YIL168W,0,-0.25498447,0.09346224367618561,0.4051896333694458,0.3938787877559662
YKL146W,YGR256W,0,-0.2551759,0.09344073385000229,0.4051896333694458,0.3939788043498993
YML058W,YFL002C,0,-0.25518683,0.09341923892498016,0.4051896333694458,0.3940788209438324
YLR027C,YCR020W-B,0,-0.25554675,0.09339774399995804,0.4051896333694458,0.3941788375377655
YOL077W-A,YER001W,0,-0.25563693,0.0933762639760971,0.4051896333694458,0.3942788541316986
YLR393W,YOR375C,0,-0.25576627,0.09335479140281677,0.4051896333694458,0.3943788707256317
YBR059C,YDR264C,1,-0.25582376,0.09356322139501572,0.40618762373924255,0.3943788707256317
YML121W,YGL187C,0,-0.2562704,0.0935417115688324,0.40618762373924255,0.3944788873195648
YER144C,YOL013C,0,-0.25672263,0.09352022409439087,0.40618762373924255,0.3945789039134979
YDR388W,YGR086C,1,-0.25676003,0.0937284603714943,0.4071856141090393,0.3945789039134979
YHR079C-A,YDR079C-A,0,-0.25680733,0.09370693564414978,0.4071856141090393,0.3946789503097534
YHL033C,YPR112C,0,-0.25681543,0.09368541836738586,0.4071856141090393,0.3947789669036865
YPL008W,YBR244W,0,-0.2570196,0.09366390854120255,0.4071856141090393,0.39487898349761963
YEL011W,YPR022C,0,-0.25704166,0.09364241361618042,0.4071856141090393,0.39497900009155273
YAR066W,YJR088C,0,-0.257179,0.09362092614173889,0.4071856141090393,0.39507901668548584
YEL071W,YML058W,0,-0.25735575,0.09359944611787796,0.4071856141090393,0.39517903327941895
YBR265W,YGR065C,0,-0.25744104,0.09357798099517822,0.4071856141090393,0.39527904987335205
YDL014W,YNR051C,0,-0.25771418,0.09355652332305908,0.4071856141090393,0.39537906646728516
YIR022W,YGL054C,0,-0.25773585,0.09353507310152054,0.4071856141090393,0.39547908306121826
YKL163W,YKL055C,0,-0.257779,0.09351363778114319,0.4071856141090393,0.39557912945747375
YDR541C,YER183C,0,-0.2580082,0.09349220991134644,0.4071856141090393,0.39567914605140686
YDL150W,YER166W,0,-0.2584095,0.09347078949213028,0.4071856141090393,0.39577916264533997
YKR065C,YNL113W,0,-0.25841984,0.09344938397407532,0.4071856141090393,0.39587917923927307
YGR207C,YLL028W,0,-0.25867796,0.09342798590660095,0.4071856141090393,0.3959791958332062
YNR069C,YOL068C,0,-0.2588539,0.09340659528970718,0.4071856141090393,0.3960792124271393
YNL035C,YEL003W,0,-0.25897673,0.09338521212339401,0.4071856141090393,0.3961792290210724
YOR141C,YNL329C,0,-0.25907087,0.09336384385824203,0.4071856141090393,0.3962792456150055
YOL039W,YNL312W,0,-0.25935233,0.09334248304367065,0.4071856141090393,0.3963792622089386
YGL013C,YDR382W,0,-0.2594179,0.09332113713026047,0.4071856141090393,0.3964793086051941
YMR119W,YML118W,0,-0.2598138,0.09329979121685028,0.4071856141090393,0.3965793251991272
YDR322C-A,YPR004C,0,-0.25998527,0.09327846020460129,0.4071856141090393,0.3966793417930603
YDL014W,YIL044C,0,-0.26065397,0.09325714409351349,0.4071856141090393,0.3967793583869934
YNL053W,YGR277C,0,-0.26065624,0.09323583543300629,0.4071856141090393,0.3968793749809265
YIL085C,YBR044C,0,-0.26072863,0.09321453422307968,0.4071856141090393,0.3969793915748596
YLR408C,YDL153C,0,-0.26152927,0.09319324046373367,0.4071856141090393,0.3970794081687927
YJL042W,YNL116W,0,-0.2618611,0.09317195415496826,0.4071856141090393,0.39717942476272583
YBR235W,YDR450W,0,-0.2619406,0.09315068274736404,0.4071856141090393,0.39727944135665894
YOR197W,YMR271C,0,-0.26231244,0.09312941879034042,0.4071856141090393,0.39737948775291443
YML093W,YMR305C,0,-0.26233435,0.093108169734478,0.4071856141090393,0.39747950434684753
YDR104C,YDR477W,0,-0.2623433,0.09308692812919617,0.4071856141090393,0.39757952094078064
YJL209W,YDR264C,0,-0.26241368,0.09306569397449493,0.4071856141090393,0.39767953753471375
YBR073W,YBR215W,0,-0.26254418,0.0930444672703743,0.4071856141090393,0.39777955412864685
YMR011W,YAL047C,0,-0.26262894,0.09302325546741486,0.4071856141090393,0.39787957072257996
YMR024W,YPR033C,0,-0.26275325,0.09300205111503601,0.4071856141090393,0.39797958731651306
YPR145W,YGR096W,0,-0.26288238,0.09298085421323776,0.4071856141090393,0.39807960391044617
YBR235W,YKL146W,0,-0.26316756,0.09295967221260071,0.4071856141090393,0.39817965030670166
YCL045C,YBL004W,0,-0.26352388,0.09293849766254425,0.4071856141090393,0.39827966690063477
YGR049W,YDR255C,0,-0.26355553,0.09291733056306839,0.4071856141090393,0.39837968349456787
YER019W,YNL106C,0,-0.26360077,0.09289617836475372,0.4071856141090393,0.398479700088501
YNL264C,YOL016C,0,-0.26398635,0.09287502616643906,0.4071856141090393,0.3985797166824341
YBR103W,YPL072W,0,-0.26463187,0.09285388886928558,0.4071856141090393,0.3986797332763672
YCL033C,YPL008W,0,-0.26480716,0.0928327664732933,0.4071856141090393,0.3987797498703003
YFL034C-B,YML022W,0,-0.26510045,0.09281164407730103,0.4071856141090393,0.3988797664642334
YOR064C,YOR295W,0,-0.26512295,0.09279053658246994,0.4071856141090393,0.3989797830581665
YMR288W,YKL092C,0,-0.26525015,0.09276944398880005,0.4071856141090393,0.399079829454422
YGR121C,YNL003C,0,-0.26553422,0.09274835139513016,0.4071856141090393,0.3991798460483551
YPL230W,YDR208W,0,-0.265683,0.09272727370262146,0.4071856141090393,0.3992798626422882
YBR210W,YHR176W,0,-0.26568472,0.09270620346069336,0.4071856141090393,0.3993798792362213
YLR421C,YOR028C,0,-0.26583523,0.09268514066934586,0.4071856141090393,0.3994798958301544
YAL005C,YLR081W,0,-0.26651332,0.09266409277915955,0.4071856141090393,0.3995799124240875
YGR091W,YGL257C,0,-0.2665465,0.09264305233955383,0.4071856141090393,0.39967992901802063
YBR132C,YGL224C,0,-0.26656774,0.09262201935052872,0.4071856141090393,0.39977994561195374
YJR125C,YGR167W,1,-0.2666775,0.09282796084880829,0.40818363428115845,0.39977994561195374
YOL001W,YOR064C,0,-0.2666935,0.09280689805746078,0.40818363428115845,0.39987996220588684
YOL119C,YAR014C,0,-0.2667142,0.09278584271669388,0.40818363428115845,0.39998000860214233
YGR023W,YER073W,0,-0.26676863,0.09276480227708817,0.40818363428115845,0.40008002519607544
YLR077W,YBL105C,0,-0.26685864,0.09274376183748245,0.40818363428115845,0.40018004179000854
YHR039C,YPL032C,0,-0.26692924,0.09272273629903793,0.40818363428115845,0.40028005838394165
YGL033W,YFR009W,0,-0.26696727,0.09270172566175461,0.40818363428115845,0.40038007497787476
YJL204C,YBR215W,0,-0.2671914,0.09268071502447128,0.40818363428115845,0.40048009157180786
YOR043W,YBL101C,1,-0.26726633,0.09288626909255981,0.4091816246509552,0.40048009157180786
YGL017W,YNL035C,0,-0.2674535,0.0928652286529541,0.4091816246509552,0.40058010816574097
YLR272C,YKR099C-A,0,-0.2675113,0.09284420311450958,0.4091816246509552,0.4006801247596741
YFR051C,YGL054C,0,-0.26759273,0.09282318502664566,0.4091816246509552,0.4007801413536072
YER172C,YMR060C,0,-0.2676571,0.09280217438936234,0.4091816246509552,0.40088018774986267
YGL130W,YPR023C,0,-0.26798132,0.0927811712026596,0.4091816246509552,0.4009802043437958
YGR192C,YJR091C,0,-0.26809067,0.09276018291711807,0.4091816246509552,0.4010802209377289
YMR121C,YIL010W,0,-0.26834404,0.09273920208215714,0.4091816246509552,0.401180237531662
YGL208W,YKR065C,0,-0.26874346,0.0927182286977768,0.4091816246509552,0.4012802541255951
YIL010W,YDL191W,0,-0.2687798,0.09269726276397705,0.4091816246509552,0.4013802707195282
YBR236C,YML046W,0,-0.26886395,0.0926763117313385,0.4091816246509552,0.4014802873134613
YJR125C,YBR154C,0,-0.2689702,0.09265536814928055,0.4091816246509552,0.4015803039073944
YOR362C,YBL003C,0,-0.26939222,0.09263443201780319,0.4091816246509552,0.4016803503036499
YNR063W,YBL002W,0,-0.26946074,0.09261351078748703,0.4091816246509552,0.401780366897583
YKR067W,YGL124C,0,-0.2696839,0.09259258955717087,0.4091816246509552,0.4018803834915161
YDR162C,YHL018W,0,-0.2700559,0.0925716832280159,0.4091816246509552,0.4019804000854492
YLR297W,YOL115W,0,-0.27025232,0.09255079180002213,0.4091816246509552,0.4020804166793823
YDR104C,YDR322C-A,0,-0.2703854,0.09252990037202835,0.4091816246509552,0.40218043327331543
YBR258C,YDL005C,0,-0.27041766,0.09250902384519577,0.4091816246509552,0.40228044986724854
YDL126C,YKR042W,0,-0.27089125,0.09248815476894379,0.4091816246509552,0.40238046646118164
YGL130W,YPR112C,0,-0.27091855,0.092467300593853,0.4091816246509552,0.40248048305511475
YBL102W,YDR322C-A,0,-0.27098143,0.09244644641876221,0.4091816246509552,0.40258052945137024
YML052W,YKR003W,1,-0.271191,0.09265103936195374,0.41017964482307434,0.40258052945137024
YBR152W,YGR207C,0,-0.27122635,0.09263015538454056,0.41017964482307434,0.40268054604530334
YDR034C-D,YGL208W,0,-0.27248082,0.09260928630828857,0.41017964482307434,0.40278056263923645
YHR098C,YNL241C,0,-0.27264896,0.09258841723203659,0.41017964482307434,0.40288057923316956
YGL048C,YGR198W,0,-0.2727524,0.0925675705075264,0.41017964482307434,0.40298059582710266
YOR298C-A,YBR104W,0,-0.27280813,0.0925467237830162,0.41017964482307434,0.40308061242103577
YGL210W-A,YPR165W,0,-0.27280834,0.0925258919596672,0.41017964482307434,0.40318062901496887
YLR307W,YDR477W,0,-0.27306712,0.0925050675868988,0.41017964482307434,0.403280645608902
YGR157W,YIL063C,0,-0.27313754,0.092484250664711,0.41017964482307434,0.4033806622028351
YJL111W,YMR030W,0,-0.27318496,0.09246344119310379,0.41017964482307434,0.4034807085990906
YPL072W,YER004W,0,-0.27366173,0.09244264662265778,0.41017964482307434,0.4035807251930237
YDR541C,YOR083W,0,-0.2739008,0.09242185950279236,0.41017964482307434,0.4036807417869568
YPL029W,YPR056W,0,-0.27404764,0.09240107983350754,0.41017964482307434,0.4037807583808899
YLR410W,YCR042C,0,-0.27409685,0.09238030761480331,0.41017964482307434,0.403880774974823
YPR018W,YBR204C,0,-0.2742082,0.09235955029726028,0.41017964482307434,0.4039807915687561
YOR007C,YLR399C,0,-0.27463102,0.09233880043029785,0.41017964482307434,0.4040808081626892
YFL034C-B,YDL239C,0,-0.27493846,0.09231805801391602,0.41017964482307434,0.4041808247566223
YGR074W,YGL187C,0,-0.27495742,0.09229733049869537,0.41017964482307434,0.4042808413505554
YLR342W,YDR129C,1,-0.27503365,0.09250112622976303,0.4111776351928711,0.4042808413505554
YNR063W,YOR140W,0,-0.27529106,0.0924803614616394,0.4111776351928711,0.4043808877468109
YJR105W,YJR093C,0,-0.2758222,0.09245960414409637,0.4111776351928711,0.404480904340744
YDR202C,YDR264C,0,-0.27619803,0.09243886172771454,0.4111776351928711,0.4045809209346771
YPL005W,YLR119W,0,-0.27624005,0.0924181267619133,0.4111776351928711,0.40468093752861023
YPL164C,YDR208W,0,-0.27652285,0.09239739924669266,0.4111776351928711,0.40478095412254333
YDR059C,YOR322C,1,-0.27653247,0.09260089695453644,0.41217565536499023,0.40478095412254333
YDR191W,YOR312C,0,-0.27685043,0.09258013963699341,0.41217565536499023,0.40488097071647644
YKL055C,YPL079W,0,-0.2768752,0.09255938977003098,0.41217565536499023,0.40498098731040955
YOR144C,YOL113W,0,-0.27698618,0.09253865480422974,0.41217565536499023,0.40508100390434265
YGL134W,YER065C,0,-0.2770428,0.0925179198384285,0.41217565536499023,0.40518105030059814
YGL121C,YBL019W,0,-0.2772285,0.09249719977378845,0.41217565536499023,0.40528106689453125
YOR208W,YMR161W,0,-0.27735692,0.092476487159729,0.41217565536499023,0.40538108348846436
YJL204C,YNL297C,1,-0.27770853,0.09267964959144592,0.413173645734787,0.40538108348846436
YHR043C,YOR083W,0,-0.27782366,0.09265890717506409,0.413173645734787,0.40548110008239746
YGR227W,YMR199W,0,-0.27805832,0.09263817220926285,0.413173645734787,0.40558111667633057
YCR020W-B,YOR088W,0,-0.2780651,0.0926174521446228,0.413173645734787,0.40568113327026367
YIL117C,YPL164C,0,-0.27824584,0.09259673207998276,0.413173645734787,0.4057811498641968
YJL204C,YLR421C,0,-0.2784023,0.0925760269165039,0.413173645734787,0.4058811664581299
YDL019C,YLR337C,1,-0.27843517,0.09277889877557755,0.41417166590690613,0.4058811664581299
YBR068C,YGR231C,0,-0.27854717,0.09275815635919571,0.41417166590690613,0.405981183052063
YDL161W,YBL007C,1,-0.27863663,0.0929608941078186,0.4151696562767029,0.405981183052063
YDR382W,YBR104W,0,-0.278713,0.09294012188911438,0.4151696562767029,0.4060812294483185
YKL096W,YOR208W,0,-0.2787157,0.09291936457157135,0.4151696562767029,0.4061812460422516
YDL232W,YHL033C,0,-0.27872813,0.09289861470460892,0.4151696562767029,0.4062812626361847
YDR264C,YGR198W,1,-0.27910125,0.0931011363863945,0.416167676448822,0.4062812626361847
YBR229C,YPR004C,0,-0.27945086,0.09308035671710968,0.416167676448822,0.4063812792301178
YMR135C,YFL022C,0,-0.27999637,0.09305958449840546,0.416167676448822,0.4064812958240509
YNL224C,YLR449W,0,-0.2800848,0.09303881973028183,0.416167676448822,0.406581312417984
YBR258C,YJL104W,0,-0.28008705,0.0930180698633194,0.416167676448822,0.4066813290119171
YPL118W,YPR052C,0,-0.28036085,0.09299732744693756,0.416167676448822,0.4067813456058502
YJL002C,YNR046W,0,-0.2806999,0.09297658503055573,0.416167676448822,0.4068813621997833
YCR017C,YBR229C,0,-0.2807095,0.09295586496591568,0.416167676448822,0.4069814085960388
YDR084C,YBR152W,0,-0.28075522,0.09293514490127563,0.416167676448822,0.4070814251899719
YER054C,YDR477W,0,-0.28089026,0.09291443973779678,0.416167676448822,0.40718144178390503
YCR009C,YLR337W,1,-0.28105623,0.09311650693416595,0.4171656668186188,0.40718144178390503
YGR183C,YML029W,0,-0.28119823,0.09309577196836472,0.4171656668186188,0.40728145837783813
YBR088C,YBR179C,0,-0.28137088,0.09307503700256348,0.4171656668186188,0.40738147497177124
YFL016C,YPL032C,0,-0.2815086,0.09305431693792343,0.4171656668186188,0.40748149156570435
YGL086W,YPR185W,0,-0.2818827,0.09303360432386398,0.4171656668186188,0.40758150815963745
YIL041W,YKL129C,1,-0.2820718,0.09323542565107346,0.4181636869907379,0.40758150815963745
YMR092C,YJL002C,0,-0.28207824,0.09321468323469162,0.4181636869907379,0.40768152475357056
YGL048C,YJL113W,0,-0.28253168,0.09319394826889038,0.4181636869907379,0.40778157114982605
YGL011C,YEL077C,0,-0.2825769,0.09317322820425034,0.4181636869907379,0.40788158774375916
YBR280C,YCL020W,0,-0.28271812,0.09315251559019089,0.4181636869907379,0.40798160433769226
YKL101W,YOR141C,0,-0.28287214,0.09313181042671204,0.4181636869907379,0.40808162093162537
YEL020C,YIL122W,0,-0.28293017,0.09311111271381378,0.4181636869907379,0.40818163752555847
YGL011C,YCR023C,0,-0.28308636,0.09309042245149612,0.4181636869907379,0.4082816541194916
YLR157C-B,YJR002W,0,-0.28311905,0.09306974709033966,0.4181636869907379,0.4083816707134247
YOR149C,YOR303W,0,-0.28359142,0.0930490791797638,0.4181636869907379,0.4084816873073578
YGR161C-C,YJR019C,0,-0.283683,0.09302841871976852,0.4181636869907379,0.4085817039012909
YNL126W,YPL241C,0,-0.28388152,0.09300776571035385,0.4181636869907379,0.4086817502975464
YGR183C,YPR004C,0,-0.28440264,0.09298712760210037,0.4181636869907379,0.4087817668914795
YJR095W,YGL077C,0,-0.28463718,0.09296649694442749,0.4181636869907379,0.4088817834854126
YLR144C,YPR165W,0,-0.28465724,0.0929458737373352,0.4181636869907379,0.4089818000793457
YDR123C,YML046W,0,-0.28466204,0.09292525798082352,0.4181636869907379,0.4090818166732788
YMR189W,YJR125C,0,-0.28476188,0.09290465712547302,0.4181636869907379,0.4091818332672119
YCL010C,YNL279W,0,-0.2848681,0.09288406372070312,0.4181636869907379,0.409281849861145
YML029W,YJR077C,0,-0.28532803,0.09286347776651382,0.4181636869907379,0.4093818664550781
YBR258C,YGR067C,0,-0.2853476,0.09284289926290512,0.4181636869907379,0.40948188304901123
YNL053W,YPR094W,0,-0.28540662,0.09282232820987701,0.4181636869907379,0.4095819294452667
YOL006C,YPR004C,0,-0.2855673,0.0928017720580101,0.4181636869907379,0.40968194603919983
YNR063W,YDR524C-B,0,-0.28581345,0.09278122335672379,0.4181636869907379,0.40978196263313293
YPL053C,YBL005W-A,0,-0.28623402,0.09276068210601807,0.4181636869907379,0.40988197922706604
YER011W,YMR244C-A,0,-0.28626794,0.09274014830589294,0.4181636869907379,0.40998199582099915
YLR262C,YOR149C,0,-0.28638875,0.09271962940692902,0.4181636869907379,0.41008201241493225
YOR229W,YOR118W,0,-0.28686166,0.09269911795854568,0.4181636869907379,0.41018202900886536
YGL099W,YPL015C,0,-0.28703216,0.09267861396074295,0.4181636869907379,0.41028204560279846
YER054C,YCR033W,0,-0.28713197,0.09265811741352081,0.4181636869907379,0.41038206219673157
YMR197C,YJR093C,0,-0.2873242,0.09263762831687927,0.4181636869907379,0.41048210859298706
YDR522C,YPL230W,0,-0.2879686,0.09261715412139893,0.4181636869907379,0.41058212518692017
YKR067W,YJL111W,0,-0.2880779,0.09259668737649918,0.4181636869907379,0.41068214178085327
YHR019C,YER170W,0,-0.28861508,0.09257622808218002,0.4181636869907379,0.4107821583747864
YGR028W,YBR133C,0,-0.28862268,0.09255577623844147,0.4181636869907379,0.4108821749687195
YDR162C,YDL042C,0,-0.28877562,0.0925353392958641,0.4181636869907379,0.4109821915626526
YIL127C,YPL181W,0,-0.28908136,0.09251490235328674,0.4181636869907379,0.4110822081565857
YLR274W,YIL105C,0,-0.289141,0.09249448031187057,0.4181636869907379,0.4111822247505188
YGR207C,YNR051C,0,-0.28939587,0.092474065721035,0.4181636869907379,0.4112822711467743
YNL264C,YHR102W,0,-0.28947917,0.09245366603136063,0.4181636869907379,0.4113822877407074
YLR226W,YHR042W,0,-0.28954467,0.09243326634168625,0.4181636869907379,0.4114823043346405
YBR098W,YBR171W,0,-0.28968003,0.09241288155317307,0.4181636869907379,0.4115823209285736
YPR104C,YJR093C,0,-0.2897694,0.09239250421524048,0.4181636869907379,0.4116823375225067
YJR095W,YAR071W,0,-0.28991395,0.09237213432788849,0.4181636869907379,0.4117823541164398
YKL092C,YKR039W,0,-0.28994516,0.0923517718911171,0.4181636869907379,0.4118823707103729
YGL131C,YAL047C,0,-0.2900249,0.0923314243555069,0.4181636869907379,0.41198238730430603
YNL315C,YJR105W,0,-0.29052904,0.0923110842704773,0.4181636869907379,0.41208240389823914
YGR271C-A,YLL015W,0,-0.2908084,0.09229075163602829,0.4181636869907379,0.41218245029449463
YOR141C,YGR132C,0,-0.29089233,0.09227042645215988,0.4181636869907379,0.41228246688842773
YDR363W,YML046W,0,-0.29112947,0.09225010871887207,0.4181636869907379,0.41238248348236084
YPL023C,YDR163W,0,-0.2912768,0.09222980588674545,0.4181636869907379,0.41248250007629395
YML118W,YGR280C,0,-0.2913201,0.09220951050519943,0.4181636869907379,0.41258251667022705
YDR142C,YIL044C,0,-0.29139358,0.09218922257423401,0.4181636869907379,0.41268253326416016
YLR398C,YPL066W,0,-0.29184195,0.09216894209384918,0.4181636869907379,0.41278254985809326
YMR161W,YPR004C,0,-0.29196697,0.09214866906404495,0.4181636869907379,0.41288256645202637
YBR021W,YBR088C,0,-0.2919761,0.09212841093540192,0.4181636869907379,0.4129825830459595
YGR152C,YDR097C,0,-0.29213768,0.09210815280675888,0.4181636869907379,0.41308262944221497
YFL053W,YBR152W,0,-0.292416,0.09208790957927704,0.4181636869907379,0.41318264603614807
YCR089W,YKL167C,0,-0.29262662,0.0920676738023758,0.4181636869907379,0.4132826626300812
YOL006C,YGR125W,0,-0.29266745,0.09204745292663574,0.4181636869907379,0.4133826792240143
YPR079W,YCR070W,0,-0.29286498,0.09202723205089569,0.4181636869907379,0.4134826958179474
YML114C,YCR034W,0,-0.29334092,0.09200702607631683,0.4181636869907379,0.4135827124118805
YDR073W,YKL137W,0,-0.29363048,0.09198682755231857,0.4181636869907379,0.4136827290058136
YBR290W,YLL028W,0,-0.2937149,0.09196663647890091,0.4181636869907379,0.4137827455997467
YLR233C,YCL027C-A,0,-0.29372948,0.09194645285606384,0.4181636869907379,0.4138827621936798
YLR003C,YKL148C,0,-0.2937574,0.09192628413438797,0.4181636869907379,0.4139828085899353
YEL034W,YLR216C,0,-0.29382557,0.0919061228632927,0.4181636869907379,0.4140828251838684
YGL033W,YGL133W,0,-0.2940266,0.09188596159219742,0.4181636869907379,0.4141828417778015
YDR043C,YHR102W,0,-0.2940763,0.09186581522226334,0.4181636869907379,0.4142828583717346
YPR171W,YDR059C,1,-0.29413518,0.09206488728523254,0.41916167736053467,0.4142828583717346
YHR001W,YLR337W,1,-0.29461563,0.09226386249065399,0.4201596677303314,0.4142828583717346
YOR095C,YMR058W,0,-0.29467142,0.09224364906549454,0.4201596677303314,0.4143828749656677
YNR035C,YOR008C,1,-0.29477128,0.09244249761104584,0.42115768790245056,0.4143828749656677
YOR056C,YER035W,0,-0.2948576,0.092422254383564,0.42115768790245056,0.41448289155960083
YIR013C,YOR214C,0,-0.2948791,0.09240201115608215,0.42115768790245056,0.41458290815353394
YLR337W,YPR165W,1,-0.2950265,0.09260070323944092,0.4221556782722473,0.41458290815353394
YGL029W,YOR083W,0,-0.29510418,0.09258043020963669,0.4221556782722473,0.41468292474746704
YDR365W-B,YCR097W,0,-0.2952371,0.09256017208099365,0.4221556782722473,0.41478297114372253
YOR197W,YNL270C,0,-0.2952555,0.09253992885351181,0.4221556782722473,0.41488298773765564
YBL006C,YBR079C,0,-0.29572067,0.09251968562602997,0.4221556782722473,0.41498300433158875
YAR044W,YGR167W,1,-0.2958363,0.09271813184022903,0.42315369844436646,0.41498300433158875
YPL217C,YFL024C,0,-0.29618126,0.0926978588104248,0.42315369844436646,0.41508302092552185
YGL086W,YIL121W,0,-0.29641274,0.09267759323120117,0.42315369844436646,0.41518303751945496
YPL055C,YDL049C,0,-0.2964437,0.09265734255313873,0.42315369844436646,0.41528305411338806
YOL115W,YKL211C,0,-0.29673648,0.09263709932565689,0.42315369844436646,0.41538307070732117
YGR241C,YKL129C,1,-0.29713008,0.09283529967069626,0.4241516888141632,0.41538307070732117
YNR036C,YGL097W,0,-0.2973389,0.09281502664089203,0.4241516888141632,0.4154830873012543
YLR070C,YKR045C,0,-0.29767215,0.0927947610616684,0.4241516888141632,0.4155831038951874
YBR228W,YLR272C,0,-0.2976748,0.09277450293302536,0.4241516888141632,0.41568315029144287
YOR008C,YBL007C,1,-0.29768687,0.09297250211238861,0.42514970898628235,0.41568315029144287
YGR028W,YJL092W,0,-0.2977878,0.09295221418142319,0.42514970898628235,0.415783166885376
YAR042W,YFL039C,1,-0.297963,0.09315008670091629,0.4261476993560791,0.415783166885376
YMR052W,YIL082W-A,0,-0.298061,0.09312976896762848,0.4261476993560791,0.4158831834793091
YNR026C,YBR098W,0,-0.298077,0.09310946613550186,0.4261476993560791,0.4159832000732422
YLR262C,YJR014W,0,-0.29812223,0.09308916330337524,0.4261476993560791,0.4160832166671753
YDL188C,YJR044C,0,-0.29821095,0.09306887537240982,0.4261476993560791,0.4161832332611084
YMR021C,YBR068C,0,-0.29825917,0.093048594892025,0.4261476993560791,0.4162832498550415
YJL203W,YBR104W,0,-0.29827586,0.09302832186222076,0.4261476993560791,0.4163832664489746
YLR424W,YHR045W,0,-0.2982918,0.09300805628299713,0.4261476993560791,0.4164832830429077
YCR088W,YER004W,0,-0.29843342,0.09298780560493469,0.4261476993560791,0.4165833294391632
YDR540C,YOL058W,0,-0.29870436,0.09296756237745285,0.4261476993560791,0.4166833460330963
YLR405W,YLR421C,0,-0.29885656,0.09294731914997101,0.4261476993560791,0.4167833626270294
YAR050W,YJR002W,0,-0.29891923,0.09292709827423096,0.4261476993560791,0.4168833792209625
YLR166C,YMR068W,0,-0.29914507,0.0929068773984909,0.4261476993560791,0.41698339581489563
YDL126C,YMR024W,0,-0.29915527,0.09288666397333145,0.4261476993560791,0.41708341240882874
YER141W,YDR210W-A,0,-0.29916376,0.09286646544933319,0.4261476993560791,0.41718342900276184
YPR101W,YCL011C,0,-0.29917192,0.09284627437591553,0.4261476993560791,0.41728344559669495
YOR043W,YOR329C,1,-0.2997996,0.09304347634315491,0.42714571952819824,0.41728344559669495
YGL250W,YML078W,0,-0.29999855,0.09302325546741486,0.42714571952819824,0.41738346219062805
YBR126C,YBR210W,0,-0.30013976,0.0930030420422554,0.42714571952819824,0.41748350858688354
YCR028C-A,YOR371C,0,-0.3004213,0.09298283606767654,0.42714571952819824,0.41758352518081665
YNL071W,YJL113W,0,-0.30044425,0.09296263754367828,0.42714571952819824,0.41768354177474976
YNR012W,YOR064C,0,-0.30057338,0.09294245392084122,0.42714571952819824,0.41778355836868286
YNL227C,YOR322C,1,-0.30123618,0.09313938021659851,0.428143709897995,0.41778355836868286
YEL034W,YHL009W-A,0,-0.3013465,0.09311916679143906,0.428143709897995,0.41788357496261597
YCR073C,YFL018C,0,-0.3015929,0.0930989608168602,0.428143709897995,0.4179835915565491
YPL055C,YIL105C,0,-0.30160522,0.09307876229286194,0.428143709897995,0.4180836081504822
YNL186W,YMR121C,0,-0.3016554,0.09305857121944427,0.428143709897995,0.4181836247444153
YMR288W,YDL155W,0,-0.30166423,0.09303838759660721,0.428143709897995,0.4182836711406708
YER141W,YDR477W,0,-0.30168426,0.09301821142435074,0.428143709897995,0.4183836877346039
YER141W,YBL071W-A,0,-0.30180144,0.09299805015325546,0.428143709897995,0.418483704328537
YCR088W,YIL122W,0,-0.3018574,0.09297789633274078,0.428143709897995,0.4185837209224701
YDR408C,YHR152W,0,-0.30195817,0.0929577499628067,0.428143709897995,0.4186837375164032
YGR275W,YDR446W,0,-0.302317,0.09293761104345322,0.428143709897995,0.4187837541103363
YNL124W,YKL120W,0,-0.3024483,0.09291747957468033,0.428143709897995,0.4188837707042694
YNL257C,YAR003W,0,-0.30257404,0.09289735555648804,0.428143709897995,0.4189837872982025
YAL030W,YCR028C,1,-0.30289745,0.09309374541044235,0.42914173007011414,0.4189837872982025
YDL168W,YIL131C,0,-0.30301923,0.09307359158992767,0.42914173007011414,0.4190838038921356
YOR322C,YKR003W,1,-0.30346552,0.09326985478401184,0.4301397204399109,0.4190838038921356
YBR021W,YGL012W,0,-0.3035346,0.09324967861175537,0.4301397204399109,0.4191838502883911
YBL047C,YCR094W,1,-0.30366406,0.09344581514596939,0.43113771080970764,0.4191838502883911
YER004W,YLR229C,0,-0.30381182,0.09342560917139053,0.43113771080970764,0.4192838668823242
YLR013W,YOR130C,0,-0.30397603,0.09340540319681168,0.43113771080970764,0.4193838834762573
YER125W,YDR093W,1,-0.30413926,0.09360138326883316,0.4321357309818268,0.4193838834762573
YEL027W,YML052W,1,-0.3052247,0.09379727393388748,0.43313372135162354,0.4193838834762573
YKL084W,YOR153W,0,-0.30529332,0.09377700835466385,0.43313372135162354,0.41948390007019043
YDR216W,YNL087W,0,-0.3053008,0.09375675022602081,0.43313372135162354,0.41958391666412354
YCL010C,YIR010W,0,-0.30596757,0.09373649954795837,0.43313372135162354,0.41968393325805664
YEL063C,YOL041C,0,-0.30635145,0.09371625632047653,0.43313372135162354,0.41978394985198975
YHL013C,YPL003W,0,-0.30657387,0.09369602799415588,0.43313372135162354,0.41988396644592285
YLR393W,YJL076W,0,-0.30658174,0.09367580711841583,0.43313372135162354,0.41998398303985596
YJL145W,YCL010C,0,-0.30665195,0.09365558624267578,0.43313372135162354,0.42008402943611145
YGR192C,YJR159W,0,-0.30667633,0.09363538026809692,0.43313372135162354,0.42018404603004456
YPL170W,YER075C,0,-0.30704626,0.09361518919467926,0.43313372135162354,0.42028406262397766
YDR194C,YAR003W,0,-0.30742422,0.0935949981212616,0.43313372135162354,0.42038407921791077
YJR086W,YOR083W,0,-0.307899,0.09357481449842453,0.43313372135162354,0.42048409581184387
YHR183W,YLR449W,0,-0.30803433,0.09355464577674866,0.43313372135162354,0.420584112405777
YGL181W,YDR177W,1,-0.30809253,0.09375,0.4341317415237427,0.420584112405777
YPL255W,YKL073W,0,-0.3081107,0.09372980147600174,0.4341317415237427,0.4206841289997101
YBR236C,YDL201W,0,-0.30811924,0.09370961040258408,0.4341317415237427,0.4207841455936432
YML114C,YJR159W,0,-0.30854774,0.09368942677974701,0.4341317415237427,0.4208841621875763
YNL139C,YOR284W,0,-0.30857155,0.09366925060749054,0.4341317415237427,0.4209842085838318
YKL035W,YOR125C,0,-0.3087695,0.09364908188581467,0.4341317415237427,0.4210842251777649
YNL177C,YLR453C,0,-0.30899978,0.09362892806529999,0.4341317415237427,0.421184241771698
YHR007C,YDR538W,0,-0.30904287,0.0936087816953659,0.4341317415237427,0.4212842583656311
YCL020W,YPR022C,0,-0.30937192,0.09358864277601242,0.4341317415237427,0.4213842749595642
YLR077W,YPL232W,0,-0.30947605,0.09356851130723953,0.4341317415237427,0.4214842915534973
YIL065C,YNL099C,0,-0.30967608,0.09354838728904724,0.4341317415237427,0.4215843081474304
YER118C,YDR524C-B,0,-0.30972493,0.09352827072143555,0.4341317415237427,0.4216843247413635
YDR034C-D,YBR154C,0,-0.30972585,0.09350816905498505,0.4341317415237427,0.421784371137619
YNR035C,YOR181W,1,-0.3099476,0.09370298683643341,0.43512973189353943,0.421784371137619
YKR092C,YGL207W,0,-0.30996746,0.09368285536766052,0.43512973189353943,0.4218843877315521
YOR298C-A,YCR083W,0,-0.31002045,0.09366273134946823,0.43512973189353943,0.42198440432548523
YLR148W,YOR245C,0,-0.3104118,0.09364261478185654,0.43512973189353943,0.42208442091941833
YJR091C,YIL031W,0,-0.31061023,0.09362250566482544,0.43512973189353943,0.42218443751335144
YGL166W,YDL191W,0,-0.31135896,0.09360240399837494,0.43512973189353943,0.42228445410728455
YGL008C,YLR117C,0,-0.3115498,0.09358231723308563,0.43512973189353943,0.42238447070121765
YMR190C,YLR421C,0,-0.31160247,0.09356223046779633,0.43512973189353943,0.42248448729515076
YFL050C,YNL220W,0,-0.31163296,0.09354215860366821,0.43512973189353943,0.42258450388908386
YDR017C,YCR083W,0,-0.31188184,0.0935220941901207,0.43512973189353943,0.42268455028533936
YDR123C,YBL019W,0,-0.31206098,0.09350203722715378,0.43512973189353943,0.42278456687927246
YDL159W,YNL113W,0,-0.3121665,0.09348198771476746,0.43512973189353943,0.42288458347320557
YBR207W,YKL129C,1,-0.31218678,0.09367631375789642,0.43612775206565857,0.42288458347320557
YBL040C,YKL146W,0,-0.31229883,0.09365623444318771,0.43612775206565857,0.42298460006713867
YER039C,YLR089C,0,-0.31234717,0.0936361700296402,0.43612775206565857,0.4230846166610718
YKL096W,YHR018C,0,-0.312486,0.09361611306667328,0.43612775206565857,0.4231846332550049
YOR056C,YBR056W,0,-0.31269827,0.09359605610370636,0.43612775206565857,0.423284649848938
YBL040C,YDR202C,0,-0.3128057,0.09357601404190063,0.43612775206565857,0.4233846664428711
YBR210W,YBR152W,0,-0.3128575,0.0935559868812561,0.43612775206565857,0.4234846830368042
YIL044C,YPL192C,0,-0.31334233,0.09353595972061157,0.43612775206565857,0.4235847294330597
YLR368W,YIL097W,0,-0.31364417,0.09351594001054764,0.43612775206565857,0.4236847460269928
YML024W,YIL031W,0,-0.31414327,0.0934959352016449,0.43612775206565857,0.4237847626209259
YMR288W,YBR200W,0,-0.31416172,0.09347593784332275,0.43612775206565857,0.423884779214859
YKL188C,YHR183W,0,-0.3143232,0.09345594793558121,0.43612775206565857,0.4239847958087921
YPL020C,YIL065C,0,-0.314325,0.09343596547842026,0.43612775206565857,0.4240848124027252
YHR191C,YBL097W,0,-0.3144622,0.0934159904718399,0.43612775206565857,0.4241848289966583
YLR274W,YLR405W,0,-0.31455448,0.09339602291584015,0.43612775206565857,0.42428484559059143
YIL127C,YDL132W,0,-0.31461912,0.09337607026100159,0.43612775206565857,0.42438486218452454
YKL211C,YHR176W,0,-0.31466553,0.09335611760616302,0.43612775206565857,0.42448490858078003
YOR130C,YMR067C,0,-0.31470725,0.09333617985248566,0.43612775206565857,0.42458492517471313
YGR172C,YDR489W,0,-0.31476432,0.09331624954938889,0.43612775206565857,0.42468494176864624
YDR388W,YOR329C,1,-0.31566066,0.09350982308387756,0.4371257424354553,0.42468494176864624
YKR010C,YPR022C,0,-0.315701,0.0934898629784584,0.4371257424354553,0.42478495836257935
YDR348C,YKL193C,0,-0.3158151,0.09346991032361984,0.4371257424354553,0.42488497495651245
YCR017C,YDR540C,0,-0.3161065,0.09344996511936188,0.4371257424354553,0.42498499155044556
YPL212C,YKR018C,0,-0.31611344,0.0934300348162651,0.4371257424354553,0.42508500814437866
YDL226C,YGL055W,0,-0.3162575,0.09341011196374893,0.4371257424354553,0.42518502473831177
YGL201C,YER075C,0,-0.31661585,0.09339018911123276,0.4371257424354553,0.42528507113456726
YGR227W,YHR107C,0,-0.31712037,0.09337028115987778,0.4371257424354553,0.42538508772850037
YAL032C,YGL175C,0,-0.3174386,0.0933503806591034,0.4371257424354553,0.42548510432243347
YHR102W,YER160C,0,-0.31748164,0.0933304950594902,0.4371257424354553,0.4255851209163666
YNL053W,YHR018C,0,-0.31774855,0.09331060945987701,0.4371257424354553,0.4256851375102997
YDR338C,YML075C,0,-0.31795377,0.09329073131084442,0.4371257424354553,0.4257851541042328
YGL184C,YGR074W,0,-0.3179976,0.09327086806297302,0.4371257424354553,0.4258851706981659
YEL055C,YJR077C,0,-0.31801224,0.09325101226568222,0.4371257424354553,0.425985187292099
YBR102C,YBR199W,0,-0.3180428,0.09323116391897202,0.4371257424354553,0.4260852038860321
YML066C,YDR477W,0,-0.31846288,0.09321132302284241,0.4371257424354553,0.4261852502822876
YBL046W,YDR409W,0,-0.31871057,0.0931914895772934,0.4371257424354553,0.4262852668762207
YDL226C,YGR109C,0,-0.318714,0.09317166358232498,0.4371257424354553,0.4263852834701538
YBR103W,YPL162C,0,-0.31935388,0.09315185248851776,0.4371257424354553,0.4264853000640869
YJL207C,YIL114C,0,-0.3198475,0.09313204139471054,0.4371257424354553,0.42658531665802
YDR073W,YLL042C,0,-0.31994024,0.09311224520206451,0.4371257424354553,0.4266853332519531
YPL032C,YLR319C,0,-0.31998843,0.09309245645999908,0.4371257424354553,0.42678534984588623
YKL008C,YJL184W,0,-0.32007235,0.09307267516851425,0.4371257424354553,0.42688536643981934
YBR179C,YLL028W,0,-0.32010382,0.09305290132761002,0.4371257424354553,0.42698538303375244
YJR091C,YEL071W,0,-0.3201176,0.09303313493728638,0.4371257424354553,0.42708542943000793
YLR423C,YDR331W,0,-0.3202465,0.09301337599754333,0.4371257424354553,0.42718544602394104
YHR141C,YPL060C-A,0,-0.32052898,0.09299363195896149,0.4371257424354553,0.42728546261787415
YER054C,YHR178W,0,-0.32088178,0.09297388792037964,0.4371257424354553,0.42738547921180725
YLR307W,YBR221C,0,-0.3209809,0.09295415878295898,0.4371257424354553,0.42748549580574036
YHR183W,YCL020W,0,-0.3211673,0.09293443709611893,0.4371257424354553,0.42758551239967346
YLR297W,YPL079W,0,-0.32128888,0.09291472285985947,0.4371257424354553,0.42768552899360657
YBR217W,YGL023C,0,-0.32139796,0.0928950160741806,0.4371257424354553,0.4277855455875397
YLR077W,YPL037C,0,-0.32158625,0.09287531673908234,0.4371257424354553,0.42788559198379517
YGL208W,YKL209C,0,-0.3221563,0.09285562485456467,0.4371257424354553,0.42798560857772827
YNL225C,YFL034C-A,0,-0.32224357,0.09283594787120819,0.4371257424354553,0.4280856251716614
YDL005C,YDL153C,0,-0.32246214,0.09281627833843231,0.4371257424354553,0.4281856417655945
YGR227W,YJR064W,0,-0.3227149,0.09279660880565643,0.4371257424354553,0.4282856583595276
YPL086C,YOR030W,0,-0.32278967,0.09277695417404175,0.4371257424354553,0.4283856749534607
YOR321W,YLR066W,0,-0.3228553,0.09275730699300766,0.4371257424354553,0.4284856915473938
YDL161W,YGR167W,1,-0.32307643,0.09294939786195755,0.43812376260757446,0.4284856915473938
YNL069C,YDL188C,0,-0.3234155,0.09292972087860107,0.43812376260757446,0.4285857081413269
YDR385W,YLR421C,0,-0.32379824,0.0929100513458252,0.43812376260757446,0.42868572473526
YER004W,YOL148C,0,-0.32395914,0.09289039671421051,0.43812376260757446,0.4287857711315155
YJL177W,YMR113W,0,-0.32408255,0.09287074208259583,0.43812376260757446,0.4288857877254486
YDL103C,YGL077C,0,-0.32446626,0.09285110235214233,0.43812376260757446,0.4289858043193817
YBR258C,YER074W-A,0,-0.32452044,0.09283146262168884,0.43812376260757446,0.4290858209133148
YLR406C,YCR102C,0,-0.3247093,0.09281183779239655,0.43812376260757446,0.4291858375072479
YJL092W,YMR068W,0,-0.32480228,0.09279222041368484,0.43812376260757446,0.42928585410118103
YHL009C,YMR167W,0,-0.32487845,0.09277261048555374,0.43812376260757446,0.42938587069511414
YGR096W,YJL137C,0,-0.32506943,0.09275300800800323,0.43812376260757446,0.42948588728904724
YGL184C,YKL055C,0,-0.32538885,0.09273342043161392,0.43812376260757446,0.42958590388298035
YBL045C,YER042W,0,-0.32541645,0.09271383285522461,0.43812376260757446,0.42968595027923584
YJL138C,YNL003C,0,-0.32548028,0.09269426017999649,0.43812376260757446,0.42978596687316895
YOR328W,YCR034W,0,-0.32560214,0.09267468750476837,0.43812376260757446,0.42988598346710205
YOR022C,YLR178C,0,-0.3258528,0.09265512973070145,0.43812376260757446,0.42998600006103516
YDR141C,YEL047C,0,-0.32601964,0.09263557940721512,0.43812376260757446,0.43008601665496826
YNL229C,YNL279W,0,-0.32610834,0.09261603653430939,0.43812376260757446,0.43018603324890137
YHR114W,YOR329C,1,-0.32614034,0.09280742704868317,0.4391217529773712,0.43018603324890137
YDL042C,YIL065C,0,-0.3261663,0.09278785437345505,0.4391217529773712,0.4302860498428345
YER006W,YBR167C,0,-0.32683313,0.09276828914880753,0.4391217529773712,0.4303860664367676
YDR348C,YJR144W,0,-0.3270773,0.0927487388253212,0.4391217529773712,0.4304860830307007
YFL050C,YER141W,0,-0.32736394,0.09272918850183487,0.4391217529773712,0.4305861294269562
YDL168W,YPL162C,0,-0.32762212,0.09270965307950974,0.4391217529773712,0.4306861460208893
YGR257C,YDR322C-A,0,-0.32777306,0.0926901176571846,0.4391217529773712,0.4307861626148224
YDR266C,YGL054C,0,-0.327828,0.09267059713602066,0.4391217529773712,0.4308861792087555
YCL045C,YDL191W,0,-0.32802394,0.09265108406543732,0.4391217529773712,0.4309861958026886
YLR262C,YER074W-A,0,-0.32833132,0.09263157844543457,0.4391217529773712,0.4310862123966217
YBR229C,YJL160C,0,-0.32841486,0.09261208027601242,0.4391217529773712,0.4311862289905548
YNL024C-A,YDL150W,0,-0.3286666,0.09259258955717087,0.4391217529773712,0.4312862455844879
YHR203C,YER074W-A,0,-0.32874766,0.09257311373949051,0.4391217529773712,0.4313862919807434
YBL046W,YML111W,0,-0.32877988,0.09255363792181015,0.4391217529773712,0.4314863085746765
YDR388W,YJR125C,1,-0.32880476,0.09274447709321976,0.44011977314949036,0.4314863085746765
YOL033W,YGL011C,0,-0.32921866,0.09272497892379761,0.44011977314949036,0.4315863251686096
YIL158W,YOR343C-B,0,-0.32951677,0.09270548820495605,0.44011977314949036,0.4316863417625427
YCR028C-A,YGL121C,0,-0.32956398,0.0926860049366951,0.44011977314949036,0.43178635835647583
YDR294C,YKL012W,0,-0.32968178,0.09266652911901474,0.44011977314949036,0.43188637495040894
YBL036C,YEL055C,0,-0.32980376,0.09264706075191498,0.44011977314949036,0.43198639154434204
YGL043W,YJL113W,0,-0.32980502,0.09262759983539581,0.44011977314949036,0.43208640813827515
YKL046C,YDL161W,0,-0.32997417,0.09260814636945724,0.44011977314949036,0.43218642473220825
YOL013C,YKL084W,0,-0.33000585,0.09258870780467987,0.44011977314949036,0.43228647112846375
YML038C,YDR180W,0,-0.3302539,0.0925692692399025,0.44011977314949036,0.43238648772239685
YDL226C,YER073W,0,-0.33028096,0.09254984557628632,0.44011977314949036,0.43248650431632996
YLR035C,YKR001C,0,-0.33028483,0.09253042191267014,0.44011977314949036,0.43258652091026306
YHR104W,YBR154C,0,-0.33036688,0.09251101315021515,0.44011977314949036,0.43268653750419617
YHR104W,YNL222W,0,-0.3303737,0.09249161183834076,0.44011977314949036,0.4327865540981293
YGR049W,YJL091C,0,-0.33039218,0.09247221797704697,0.44011977314949036,0.4328865706920624
YER144C,YER075C,0,-0.33041918,0.09245283156633377,0.44011977314949036,0.4329865872859955
YDR129C,YCR094W,1,-0.3305427,0.09264305233955383,0.4411177635192871,0.4329865872859955
YNR073C,YOL027C,0,-0.33069128,0.09262363612651825,0.4411177635192871,0.4330866038799286
YBR084C-A,YGR041W,0,-0.33073324,0.09260423481464386,0.4411177635192871,0.4331866502761841
YDR314C,YOR125C,0,-0.33079624,0.09258483350276947,0.4411177635192871,0.4332866668701172
YLR298C,YPL079W,0,-0.33082503,0.09256544709205627,0.4411177635192871,0.4333866834640503
YNL083W,YER021W,0,-0.33091837,0.09254606068134308,0.4411177635192871,0.4334867000579834
YIR022W,YBR098W,0,-0.33093795,0.09252668917179108,0.4411177635192871,0.4335867166519165
YPR164W,YOL113W,0,-0.33098084,0.09250732511281967,0.4411177635192871,0.4336867332458496
YBR228W,YDR302W,0,-0.3309948,0.09248796850442886,0.4411177635192871,0.4337867498397827
YOR089C,YIL041W,1,-0.33123076,0.09267782419919968,0.44211575388908386,0.4337867498397827
YOR329C,YKL035W,0,-0.33125678,0.09265843778848648,0.44211575388908386,0.4338867664337158
YKL176C,YJL100W,0,-0.33127713,0.09263906627893448,0.44211575388908386,0.4339867830276489
YHL009C,YMR011W,0,-0.33138204,0.09261969476938248,0.44211575388908386,0.4340868294239044
YNL186W,YDR331W,0,-0.3314396,0.09260033816099167,0.44211575388908386,0.4341868460178375
YLR320W,YFL018C,0,-0.3316891,0.09258098155260086,0.44211575388908386,0.43428686261177063
YDR339C,YLR372W,0,-0.33171034,0.09256163984537125,0.44211575388908386,0.43438687920570374
YKR045C,YPL029W,0,-0.33198708,0.09254230558872223,0.44211575388908386,0.43448689579963684
YNL300W,YJR093C,0,-0.33263943,0.09252297133207321,0.44211575388908386,0.43458691239356995
YCR009C,YER125W,1,-0.33273894,0.09271246939897537,0.443113774061203,0.43458691239356995
YDR446W,YIL131C,0,-0.332825,0.09269311279058456,0.443113774061203,0.43468692898750305
YJL204C,YML019W,0,-0.3330509,0.09267376363277435,0.443113774061203,0.43478694558143616
YBR103W,YKR086W,0,-0.33331683,0.09265442192554474,0.443113774061203,0.43488699197769165
YDR206W,YOR077W,0,-0.33333343,0.09263509511947632,0.443113774061203,0.43498700857162476
YNL224C,YML014W,0,-0.33373174,0.0926157683134079,0.443113774061203,0.43508702516555786
YOR153W,YDR001C,0,-0.33385122,0.09259645640850067,0.443113774061203,0.43518704175949097
YFR009W,YBR135W,0,-0.3338818,0.09257714450359344,0.443113774061203,0.4352870583534241
YER078C,YJL020C,0,-0.33410123,0.09255784749984741,0.443113774061203,0.4353870749473572
YOR375C,YML075C,0,-0.334124,0.09253855794668198,0.443113774061203,0.4354870915412903
YIR007W,YLR229C,0,-0.33415228,0.09251927584409714,0.443113774061203,0.4355871081352234
YPR066W,YPR004C,0,-0.33464152,0.0925000011920929,0.443113774061203,0.4356871247291565
YOR033C,YGL175C,0,-0.33472836,0.09248073399066925,0.443113774061203,0.435787171125412
YKL101W,YGL097W,0,-0.33501306,0.0924614742398262,0.443113774061203,0.4358871877193451
YHR216W,YER122C,0,-0.3351979,0.09244222193956375,0.443113774061203,0.4359872043132782
YKL046C,YGL153W,0,-0.3352877,0.0924229845404625,0.443113774061203,0.4360872209072113
YJL074C,YER004W,0,-0.33552837,0.09240374714136124,0.443113774061203,0.4361872375011444
YHR063C,YKL152C,0,-0.33559263,0.09238451719284058,0.443113774061203,0.4362872540950775
YGL206C,YDR129C,1,-0.33561528,0.09257332980632782,0.44411176443099976,0.4362872540950775
YHR073W,YKL129C,1,-0.3357142,0.0927620604634285,0.4451097846031189,0.4362872540950775
YLR408C,YDL214C,0,-0.33579448,0.09274277091026306,0.4451097846031189,0.4363872706890106
YBR070C,YHL009W-A,0,-0.3360477,0.09272349625825882,0.4451097846031189,0.4364872872829437
YGL121C,YLR372W,0,-0.33627957,0.09270422160625458,0.4451097846031189,0.43658730387687683
YLR128W,YOR368W,0,-0.33629984,0.09268495440483093,0.4451097846031189,0.4366873502731323
YGR096W,YNL037C,0,-0.33644035,0.09266569465398788,0.4451097846031189,0.43678736686706543
YCR067C,YPL060C-A,0,-0.3367293,0.09264644980430603,0.4451097846031189,0.43688738346099854
YKR003W,YIR006C,1,-0.33682427,0.09283488988876343,0.44610777497291565,0.43688738346099854
YKR045C,YDL213C,0,-0.3368299,0.09281561523675919,0.44610777497291565,0.43698740005493164
YHR123W,YPL066W,0,-0.33686456,0.09279634803533554,0.44610777497291565,0.43708741664886475
YPR058W,YDR489W,0,-0.33702576,0.09277708828449249,0.44610777497291565,0.43718743324279785
YPL055C,YML046W,0,-0.3375347,0.09275783598423004,0.44610777497291565,0.43728744983673096
YER122C,YGR206W,0,-0.33775926,0.09273859113454819,0.44610777497291565,0.43738746643066406
YNL169C,YJL184W,0,-0.337865,0.09271935373544693,0.44610777497291565,0.43748748302459717
YDL193W,YGL210W-A,0,-0.33863294,0.09270012378692627,0.44610777497291565,0.43758752942085266
YKR060W,YCR089W,0,-0.33877534,0.0926809012889862,0.44610777497291565,0.43768754601478577
YKL160W,YKL092C,0,-0.33880454,0.09266169369220734,0.44610777497291565,0.43778756260871887
YOR284W,YCR033W,0,-0.33889866,0.09264248609542847,0.44610777497291565,0.437887579202652
YFL034C-A,YJR161C,0,-0.33891615,0.09262329339981079,0.44610777497291565,0.4379875957965851
YPL081W,YGL047W,0,-0.3389399,0.09260410070419312,0.44610777497291565,0.4380876123905182
YJL113W,YKL073W,0,-0.33910728,0.09258492290973663,0.44610777497291565,0.4381876289844513
YNL014W,YLR110C,0,-0.33926123,0.09256574511528015,0.44610777497291565,0.4382876455783844
YPL009C,YMR291W,0,-0.33930087,0.09254658222198486,0.44610777497291565,0.4383876919746399
YNL064C,YGR028W,0,-0.3394003,0.09252742677927017,0.44610777497291565,0.438487708568573
YHR065C,YOL148C,0,-0.339415,0.09250827878713608,0.44610777497291565,0.4385877251625061
YMR014W,YJL104W,0,-0.3395722,0.09248913824558258,0.44610777497291565,0.4386877417564392
YJL042W,YHR072W-A,0,-0.33958912,0.09247000515460968,0.44610777497291565,0.4387877583503723
YGR068C,YDR037W,0,-0.33978966,0.09245087951421738,0.44610777497291565,0.4388877749443054
YNL071W,YHR042W,0,-0.33990735,0.09243176132440567,0.44610777497291565,0.4389877915382385
YFR046C,YAL032C,0,-0.34019917,0.09241265058517456,0.44610777497291565,0.43908780813217163
YKL125W,YER018C,0,-0.3402339,0.09239355474710464,0.44610777497291565,0.43918782472610474
YNL154C,YDR490C,1,-0.34027284,0.09258110821247101,0.4471057951450348,0.43918782472610474
YGR166W,YOR344C,0,-0.34028798,0.0925619825720787,0.4471057951450348,0.43928787112236023
YNL090W,YIL122W,0,-0.34029168,0.092542864382267,0.4471057951450348,0.43938788771629333
YDL174C,YNL097C,0,-0.34069687,0.09252375364303589,0.4471057951450348,0.43948790431022644
YIR007W,YNL186W,0,-0.34070468,0.09250464290380478,0.4471057951450348,0.43958792090415955
YCL033C,YOL034W,0,-0.34146923,0.09248554706573486,0.4471057951450348,0.43968793749809265
YIL157C,YKL193C,0,-0.3415076,0.09246645867824554,0.4471057951450348,0.43978795409202576
YDR123C,YPR056W,0,-0.34160936,0.09244737774133682,0.4471057951450348,0.43988797068595886
YML025C,YJR125C,0,-0.3417123,0.0924283042550087,0.4471057951450348,0.43998798727989197
YBR227C,YFL008W,0,-0.34182507,0.09240923821926117,0.4471057951450348,0.4400880038738251
YER016W,YGR027W-A,0,-0.3418662,0.09239018708467484,0.4471057951450348,0.44018805027008057
YBR133C,YBR088C,0,-0.34198877,0.0923711359500885,0.4471057951450348,0.44028806686401367
YMR135C,YPL211W,0,-0.34200606,0.09235209226608276,0.4471057951450348,0.4403880834579468
YJL063C,YLR174W,0,-0.3420965,0.09233305603265762,0.4471057951450348,0.4404881000518799
YKL101W,YDR198C,0,-0.3422648,0.09231403470039368,0.4471057951450348,0.440588116645813
YLR423C,YGR231C,0,-0.34236282,0.09229501336812973,0.4471057951450348,0.4406881332397461
YOL006C,YLR453C,0,-0.34247178,0.09227600693702698,0.4471057951450348,0.4407881498336792
YOL034W,YOR130C,0,-0.34256062,0.09225700050592422,0.4471057951450348,0.4408881664276123
YJL028W,YNL067W,0,-0.34261823,0.09223800897598267,0.4471057951450348,0.4409881830215454
YMR263W,YDR027C,0,-0.3428176,0.09221901744604111,0.4471057951450348,0.4410882294178009
YGL079W,YLR341W,0,-0.34291565,0.09220004081726074,0.4471057951450348,0.441188246011734
YNL088W,YLR362W,0,-0.34342647,0.09218107163906097,0.4471057951450348,0.4412882626056671
YOR115C,YNR039C,0,-0.34354728,0.0921621099114418,0.4471057951450348,0.4413882791996002
YLR332W,YFR009W,0,-0.34357736,0.09214314818382263,0.4471057951450348,0.4414882957935333
YMR135C,YCL026C-A,0,-0.3435803,0.09212420135736465,0.4471057951450348,0.44158831238746643
YHR178W,YLR210W,0,-0.34363395,0.09210526198148727,0.4471057951450348,0.44168832898139954
YPL164C,YIL023C,0,-0.3437687,0.09208633005619049,0.4471057951450348,0.44178834557533264
YLR274W,YEL060C,0,-0.34424043,0.0920674055814743,0.4471057951450348,0.44188839197158813
YDR093W,YCR053W,1,-0.3442763,0.09225395321846008,0.44810378551483154,0.44188839197158813
YPR104C,YHL009W-A,0,-0.34436488,0.0922350063920021,0.44810378551483154,0.44198840856552124
YMR280C,YCL030C,0,-0.34469888,0.09221605956554413,0.44810378551483154,0.44208842515945435
YDR348C,YBR068C,0,-0.34473503,0.09219712764024734,0.44810378551483154,0.44218844175338745
YIR006C,YLR337C,1,-0.34524566,0.0923834964632988,0.4491018056869507,0.44218844175338745
YFL009W,YOL130W,0,-0.34534538,0.09236453473567963,0.4491018056869507,0.44228845834732056
YBR084C-A,YNL305C,0,-0.34572142,0.09234558045864105,0.4491018056869507,0.44238847494125366
YNL024C-A,YBL005W-A,0,-0.34608358,0.09232663363218307,0.4491018056869507,0.44248849153518677
YGR257C,YHL013C,0,-0.3460969,0.0923076942563057,0.4491018056869507,0.4425885081291199
YBR253W,YDR302W,0,-0.34658036,0.09228876233100891,0.4491018056869507,0.442688524723053
YKL071W,YKL163W,0,-0.3467286,0.09226983785629272,0.4491018056869507,0.44278857111930847
YER169W,YML121W,0,-0.3469961,0.09225092083215714,0.4491018056869507,0.4428885877132416
YEL060C,YMR280C,0,-0.3474033,0.09223201125860214,0.4491018056869507,0.4429886043071747
YDL178W,YDR264C,0,-0.3476279,0.09221311658620834,0.4491018056869507,0.4430886209011078
YJL123C,YGR074W,0,-0.34763455,0.09219422191381454,0.4491018056869507,0.4431886374950409
YHR007C,YDR524C-B,0,-0.34781906,0.09217533469200134,0.4491018056869507,0.443288654088974
YNL106C,YHR026W,0,-0.34793186,0.09215646237134933,0.4491018056869507,0.4433886706829071
YPL211W,YGR068C,0,-0.3479924,0.09213759005069733,0.4491018056869507,0.4434886872768402
YIL031W,YPR022C,0,-0.34834188,0.09211873263120651,0.4491018056869507,0.4435887038707733
YPL004C,YCR009C,1,-0.34851664,0.0923045426607132,0.45009979605674744,0.4435887038707733
YPR094W,YNL152W,0,-0.34868908,0.0922856554389,0.45009979605674744,0.4436887502670288
YJR090C,YBL105C,0,-0.3488166,0.09226677566766739,0.45009979605674744,0.4437887668609619
YDL079C,YDL222C,0,-0.34893036,0.09224790334701538,0.45009979605674744,0.443888783454895
YCR067C,YOR007C,0,-0.34908047,0.09222903847694397,0.45009979605674744,0.4439888000488281
YNL186W,YOR202W,0,-0.34910256,0.09221018105745316,0.45009979605674744,0.44408881664276123
YDL194W,YDL010W,0,-0.3497279,0.09219133108854294,0.45009979605674744,0.44418883323669434
YNL245C,YIL157C,0,-0.34975353,0.09217248857021332,0.45009979605674744,0.44428884983062744
YGL184C,YDL042C,0,-0.34995404,0.09215366095304489,0.45009979605674744,0.44438886642456055
YJR125C,YDR093W,1,-0.34999287,0.09233912080526352,0.4510978162288666,0.44438886642456055
YOL060C,YLR136C,0,-0.35002458,0.0923202633857727,0.4510978162288666,0.44448888301849365
YDL153C,YBR083W,0,-0.3507243,0.09230140596628189,0.4510978162288666,0.44458892941474915
YJR091C,YNL279W,0,-0.3509372,0.09228256344795227,0.4510978162288666,0.44468894600868225
YKR098C,YBR236C,0,-0.3517331,0.09226372838020325,0.4510978162288666,0.44478896260261536
YDR338C,YNL125C,0,-0.3517729,0.09224490076303482,0.4510978162288666,0.44488897919654846
YHR183W,YKL167C,0,-0.35198358,0.0922260731458664,0.4510978162288666,0.44498899579048157
YHL013C,YKL167C,0,-0.35212108,0.09220726042985916,0.4510978162288666,0.4450890123844147
YJL116C,YJR014W,0,-0.35317475,0.09218845516443253,0.4510978162288666,0.4451890289783478
YJL207C,YPL192C,0,-0.3533913,0.09216965734958649,0.4510978162288666,0.4452890455722809
YNL053W,YDL014W,0,-0.35342512,0.09215086698532104,0.4510978162288666,0.4453890919685364
YDL103C,YKR018C,0,-0.35381138,0.0921320840716362,0.4510978162288666,0.4454891085624695
YOR141C,YMR216C,0,-0.35405123,0.09211330860853195,0.4510978162288666,0.4455891251564026
YDR541C,YML093W,0,-0.35408753,0.0920945405960083,0.4510978162288666,0.4456891417503357
YBR077C,YFL018C,0,-0.35429072,0.09207578003406525,0.4510978162288666,0.4457891583442688
YNL177C,YMR068W,0,-0.35435304,0.09205702692270279,0.4510978162288666,0.4458891749382019
YJL203W,YLR308W,0,-0.35439253,0.09203828126192093,0.4510978162288666,0.445989191532135
YCR009C,YCR094W,1,-0.35444546,0.09222313016653061,0.45209580659866333,0.445989191532135
YGR049W,YOR171C,0,-0.35457966,0.09220435470342636,0.45209580659866333,0.4460892081260681
YPR029C,YBL016W,0,-0.3546527,0.0921855941414833,0.45209580659866333,0.4461892247200012
YHR178W,YJL104W,0,-0.35472706,0.09216683357954025,0.45209580659866333,0.4462892711162567
YCR102C,YBR098W,0,-0.35494673,0.09214808791875839,0.45209580659866333,0.4463892877101898
YJL207C,YML121W,0,-0.3550748,0.09212934970855713,0.45209580659866333,0.4464893043041229
YPL162C,YKR024C,0,-0.35513002,0.09211061149835587,0.45209580659866333,0.44658932089805603
YNR056C,YOL044W,0,-0.3552896,0.0920918881893158,0.45209580659866333,0.44668933749198914
YDR171W,YEL077C,0,-0.35530818,0.09207317233085632,0.45209580659866333,0.44678935408592224
YDR129C,YPR165W,1,-0.35544586,0.09225767105817795,0.45309382677078247,0.44678935408592224
YNL264C,YFR028C,0,-0.355469,0.09223892539739609,0.45309382677078247,0.44688937067985535
YDL049C,YJR077C,0,-0.3563334,0.09222019463777542,0.45309382677078247,0.44698938727378845
YIL117C,YDR079C-A,0,-0.35648718,0.09220146387815475,0.45309382677078247,0.44708940386772156
YNL082W,YGR261C,0,-0.35700232,0.09218274056911469,0.45309382677078247,0.44718945026397705
YKL091C,YIL127C,0,-0.35713232,0.09216402471065521,0.45309382677078247,0.44728946685791016
YML114C,YNR075W,0,-0.35721585,0.09214532375335693,0.45309382677078247,0.44738948345184326
YPL217C,YOR130C,0,-0.35739344,0.09212662279605865,0.45309382677078247,0.44748950004577637
YOL130W,YGR172C,0,-0.3576992,0.09210792928934097,0.45309382677078247,0.4475895166397095
YPR061C,YGL166W,0,-0.35776985,0.09208925068378448,0.45309382677078247,0.4476895332336426
YDR155C,YKR099C-A,0,-0.35787874,0.092070572078228,0.45309382677078247,0.4477895498275757
YDR162C,YDR331W,0,-0.35795784,0.0920519083738327,0.45309382677078247,0.4478895664215088
YDR180W,YOL075C,0,-0.3580823,0.09203324466943741,0.45309382677078247,0.4479896128177643
YDL004W,YPL084W,0,-0.35817114,0.09201459586620331,0.45309382677078247,0.4480896294116974
YCR003W,YGL175C,0,-0.35854477,0.09199594706296921,0.45309382677078247,0.4481896460056305
YBR109C,YNL084C,1,-0.35887337,0.09217990189790726,0.4540918171405792,0.4481896460056305
YMR164C,YDL156W,0,-0.35902017,0.09216123074293137,0.4540918171405792,0.4482896625995636
YOL068C,YGR280C,0,-0.35925063,0.09214256703853607,0.4540918171405792,0.4483896791934967
YNL024C-A,YPR018W,0,-0.35951075,0.09212391078472137,0.4540918171405792,0.4484896957874298
YDR180W,YDL239C,0,-0.35954466,0.09210526198148727,0.4540918171405792,0.4485897123813629
YIR028W,YNR051C,0,-0.35969326,0.09208662062883377,0.4540918171405792,0.448689728975296
YOR030W,YGR065C,0,-0.35986152,0.09206798672676086,0.4540918171405792,0.4487897455692291
YKL046C,YBR186W,0,-0.35988253,0.09204936027526855,0.4540918171405792,0.4488897919654846
YHR183W,YBR008C,0,-0.36023092,0.09203074127435684,0.4540918171405792,0.4489898085594177
YHR098C,YER004W,0,-0.3602354,0.09201213717460632,0.4540918171405792,0.44908982515335083
YMR283C,YNL252C,0,-0.36030456,0.0919935330748558,0.4540918171405792,0.44918984174728394
YBL102W,YMR067C,0,-0.36056003,0.09197493642568588,0.4540918171405792,0.44928985834121704
YFL053W,YFR044C,0,-0.36060995,0.09195634722709656,0.4540918171405792,0.44938987493515015
YBR084C-A,YHR143W-A,0,-0.3608135,0.09193776547908783,0.4540918171405792,0.44948989152908325
YNL125C,YGL245W,0,-0.36106625,0.0919191911816597,0.4540918171405792,0.44958990812301636
YMR236W,YBR135W,0,-0.36110306,0.09190062433481216,0.4540918171405792,0.44968992471694946
YFL053W,YBR079C,0,-0.36154902,0.09188206493854523,0.4540918171405792,0.44978997111320496
YLR388W,YHR196W,0,-0.361747,0.09186352044343948,0.4540918171405792,0.44988998770713806
YPL236C,YNL124W,0,-0.36208892,0.09184497594833374,0.4540918171405792,0.44999000430107117
YDR446W,YBR106W,0,-0.36209404,0.0918264389038086,0.4540918171405792,0.4500900208950043
YHR007C,YGL055W,0,-0.36255023,0.09180790930986404,0.4540918171405792,0.4501900374889374
YDL066W,YPL270W,0,-0.36262876,0.09178938716650009,0.4540918171405792,0.4502900540828705
YER157W,YKL055C,0,-0.36266452,0.09177087247371674,0.4540918171405792,0.4503900706768036
YML022W,YJL076W,0,-0.36300954,0.09175237268209457,0.4540918171405792,0.4504900872707367
YLR423C,YDR541C,0,-0.36324018,0.09173387289047241,0.4540918171405792,0.4505901038646698
YDR385W,YER094C,0,-0.3633051,0.09171538054943085,0.4540918171405792,0.4506901502609253
YDL194W,YJL014W,0,-0.36365053,0.09169689565896988,0.4540918171405792,0.4507901668548584
YLR298C,YCR020W-B,0,-0.36381233,0.09167841821908951,0.4540918171405792,0.4508901834487915
YHR152W,YDR354W,0,-0.36393574,0.09165994822978973,0.4540918171405792,0.4509902000427246
YDR363W,YPR022C,0,-0.36415577,0.09164149314165115,0.4540918171405792,0.4510902166366577
YLR148W,YHR026W,0,-0.36434272,0.09162303805351257,0.4540918171405792,0.4511902332305908
YAR071W,YLR421C,0,-0.36438137,0.09160459041595459,0.4540918171405792,0.4512902498245239
YLR332W,YJR144W,0,-0.36440107,0.0915861502289772,0.4540918171405792,0.45139026641845703
YDR294C,YDR206W,0,-0.36470696,0.09156771749258041,0.4540918171405792,0.4514903128147125
YKL203C,YAL030W,1,-0.36484402,0.09175050258636475,0.455089807510376,0.4514903128147125
YBR021W,YKL139W,0,-0.36513165,0.09173204749822617,0.455089807510376,0.45159032940864563
YMR283C,YHR094C,0,-0.36523053,0.09171359986066818,0.455089807510376,0.45169034600257874
YDL005C,YGL086W,0,-0.36537898,0.0916951522231102,0.455089807510376,0.45179036259651184
YDR034C-D,YJL091C,0,-0.3657652,0.09167671948671341,0.455089807510376,0.45189037919044495
YPR124W,YJL118W,0,-0.36592424,0.09165829420089722,0.455089807510376,0.45199039578437805
YPR201W,YGL029W,0,-0.36646694,0.09163986891508102,0.455089807510376,0.45209041237831116
YDR153C,YFR004W,0,-0.3664893,0.09162145853042603,0.455089807510376,0.45219042897224426
YBR018C,YGR240C,0,-0.36676952,0.09160305559635162,0.455089807510376,0.45229044556617737
YER118C,YMR162C,0,-0.36682042,0.09158465266227722,0.455089807510376,0.45239049196243286
YPL217C,YJL122W,0,-0.36699262,0.09156626462936401,0.455089807510376,0.45249050855636597
YLR057W,YOR130C,0,-0.36713544,0.0915478840470314,0.455089807510376,0.4525905251502991
YNL252C,YFR055W,0,-0.36716247,0.09152950346469879,0.455089807510376,0.4526905417442322
YHR115C,YDR432W,0,-0.36739475,0.09151113778352737,0.455089807510376,0.4527905583381653
YAL047C,YJR002W,0,-0.36747518,0.09149277955293655,0.455089807510376,0.4528905749320984
YGR049W,YER016W,0,-0.3678839,0.09147442132234573,0.455089807510376,0.4529905915260315
YLL036C,YOL068C,0,-0.3681261,0.09145607799291611,0.455089807510376,0.4530906081199646
YGL145W,YDR266C,0,-0.3689678,0.09143773466348648,0.455089807510376,0.4531906247138977
YIL157C,YOR028C,0,-0.36902058,0.09141940623521805,0.455089807510376,0.4532906711101532
YDR097C,YNL093W,0,-0.36903673,0.09140108525753021,0.455089807510376,0.4533906877040863
YIR008C,YPL066W,0,-0.3692396,0.09138276427984238,0.455089807510376,0.4534907042980194
YKR086W,YOR205C,0,-0.3692588,0.09136445820331573,0.455089807510376,0.4535907208919525
YPR029C,YGL208W,0,-0.36941627,0.09134615212678909,0.455089807510376,0.4536907374858856
YDL207W,YJR014W,0,-0.3694475,0.09132786095142365,0.455089807510376,0.4537907540798187
YPR103W,YDR352W,0,-0.3696691,0.0913095697760582,0.455089807510376,0.45389077067375183
YLR157C-B,YJL184W,0,-0.3698097,0.09129129350185394,0.455089807510376,0.45399078726768494
YDL212W,YER042W,0,-0.36990726,0.09127301722764969,0.455089807510376,0.45409080386161804
YLR272C,YLR398C,0,-0.3701015,0.09125475585460663,0.455089807510376,0.45419085025787354
YOL016C,YER073W,0,-0.3701839,0.09123649448156357,0.455089807510376,0.45429086685180664
YLR297W,YPR020W,0,-0.37032056,0.0912182405591011,0.455089807510376,0.45439088344573975
YDL005C,YOR007C,0,-0.37040126,0.09120000153779984,0.455089807510376,0.45449090003967285
YHR115C,YJR105W,0,-0.37053037,0.09118176251649857,0.455089807510376,0.45459091663360596
YLR138W,YOR188W,0,-0.37058073,0.0911635309457779,0.455089807510376,0.45469093322753906
YFL009W,YPR052C,0,-0.37084606,0.09114531427621841,0.455089807510376,0.45479094982147217
YLR310C,YOR367W,0,-0.37094784,0.09112709760665894,0.455089807510376,0.4548909664154053
YPL249C-A,YAR071W,0,-0.37103656,0.09110888838768005,0.455089807510376,0.45499101281166077
YPL237W,YNL154C,0,-0.37107486,0.09109069406986237,0.455089807510376,0.45509102940559387
YHR039C,YDR034C-D,0,-0.3712259,0.09107249975204468,0.455089807510376,0.455191045999527
YOR237W,YLR342W,1,-0.37124842,0.09125399589538574,0.4560878276824951,0.455191045999527
YDR307W,YOR028C,0,-0.37155038,0.09123577922582626,0.4560878276824951,0.4552910625934601
YDR302W,YOR077W,0,-0.37158677,0.09121756255626678,0.4560878276824951,0.4553910791873932
YCR079W,YPL192C,0,-0.37163344,0.0911993607878685,0.4560878276824951,0.4554910957813263
YMR288W,YPR101W,0,-0.3721698,0.09118116647005081,0.4560878276824951,0.4555911123752594
YGL207W,YIL103W,0,-0.3722195,0.09116297960281372,0.4560878276824951,0.4556911289691925
YHR072W-A,YLL028W,0,-0.37268466,0.09114479273557663,0.4560878276824951,0.4557911455631256
YLR332W,YGR256W,0,-0.3728356,0.09112662076950073,0.4560878276824951,0.4558911919593811
YNL075W,YER075C,0,-0.37289524,0.09110845625400543,0.4560878276824951,0.4559912085533142
YLR342W,YGL121C,0,-0.3731806,0.09109029173851013,0.4560878276824951,0.4560912251472473
YMR047C,YBL005W-A,0,-0.3735789,0.09107214212417603,0.4560878276824951,0.4561912417411804
YMR164C,YHR102W,0,-0.3735953,0.09105399250984192,0.4560878276824951,0.4562912583351135
YOL097C,YDR261C-C,0,-0.3736505,0.091035857796669,0.4560878276824951,0.45639127492904663
YOR196C,YKL176C,0,-0.37369457,0.0910177230834961,0.4560878276824951,0.45649129152297974
YPR104C,YPL005W,0,-0.3744786,0.09099960327148438,0.4560878276824951,0.45659130811691284
YDR490C,YCR009C,1,-0.37449956,0.09118057042360306,0.45708581805229187,0.45659130811691284
YDL174C,YHR166C,0,-0.37461942,0.09116242080926895,0.45708581805229187,0.45669132471084595
YLR077W,YMR047C,0,-0.37468863,0.09114427864551544,0.45708581805229187,0.45679137110710144
YGL250W,YDR446W,0,-0.37482375,0.09112614393234253,0.45708581805229187,0.45689138770103455
YGL022W,YPL057C,0,-0.3750087,0.09110801666975021,0.45708581805229187,0.45699140429496765
YPR029C,YLR307W,0,-0.37516737,0.0910898968577385,0.45708581805229187,0.45709142088890076
YLR398C,YDR255C,0,-0.37533733,0.09107178449630737,0.45708581805229187,0.45719143748283386
YBL004W,YIL129C,0,-0.37540582,0.09105367958545685,0.45708581805229187,0.45729145407676697
YJR056C,YER160C,0,-0.37541422,0.09103558212518692,0.45708581805229187,0.4573914706707001
YGR241C,YIR006C,1,-0.3759201,0.09121621400117874,0.458083838224411,0.4573914706707001
YLR371W,YKR003W,1,-0.37663168,0.09139677882194519,0.45908182859420776,0.4573914706707001
YGR183C,YOR190W,0,-0.37695092,0.09137862175703049,0.45908182859420776,0.4574914872646332
YDL042C,YJL076W,0,-0.37727278,0.09136047959327698,0.45908182859420776,0.4575915038585663
YJL042W,YOR361C,0,-0.37737954,0.09134233742952347,0.45908182859420776,0.4576915502548218
YOR095C,YCR043C,0,-0.3776583,0.09132420271635056,0.45908182859420776,0.4577915668487549
YAL005C,YGR038C-A,0,-0.37772757,0.09130607545375824,0.45908182859420776,0.457891583442688
YDR432W,YFL050C,0,-0.37782162,0.09128795564174652,0.45908182859420776,0.4579916000366211
YNL186W,YDR450W,0,-0.3778705,0.0912698432803154,0.45908182859420776,0.4580916166305542
YPL145C,YNL084C,1,-0.37797612,0.09145011007785797,0.4600798487663269,0.4580916166305542
YNR012W,YNL035C,0,-0.37823272,0.09143196791410446,0.4600798487663269,0.4581916332244873
YHL020C,YGR207C,0,-0.37855452,0.09141384065151215,0.4600798487663269,0.4582916498184204
YEL026W,YLR275W,0,-0.37894052,0.09139572083950043,0.4600798487663269,0.4583916664123535
YNL321W,YKR003W,0,-0.37913704,0.09137760102748871,0.4600798487663269,0.458491712808609
YEL077C,YLR453C,0,-0.37917665,0.09135949611663818,0.4600798487663269,0.4585917294025421
YKR081C,YMR067C,0,-0.37933767,0.09134139120578766,0.4600798487663269,0.4586917459964752
YBL040C,YPL066W,0,-0.37949166,0.09132329374551773,0.4600798487663269,0.4587917625904083
YGR091W,YIL044C,0,-0.3796335,0.091305211186409,0.4600798487663269,0.45889177918434143
YPR094W,YOR141C,0,-0.3796488,0.09128712862730026,0.4600798487663269,0.45899179577827454
YBR179C,YDR488C,0,-0.37965733,0.09126905351877213,0.4600798487663269,0.45909181237220764
YDR016C,YMR189W,0,-0.37974146,0.09125099331140518,0.4600798487663269,0.45919182896614075
YKL112W,YNL106C,0,-0.3799961,0.09123293310403824,0.4600798487663269,0.45929184556007385
YPL057C,YMR231W,0,-0.3800816,0.09121488034725189,0.4600798487663269,0.45939189195632935
YBR073W,YCR003W,0,-0.38008177,0.09119683504104614,0.4600798487663269,0.45949190855026245
YJL014W,YGR092W,0,-0.3802032,0.09117879718542099,0.4600798487663269,0.45959192514419556
YER146W,YAL047C,0,-0.38045025,0.09116076678037643,0.4600798487663269,0.45969194173812866
YML008C,YMR121C,0,-0.3805129,0.09114274382591248,0.4600798487663269,0.45979195833206177
YLR376C,YNL305C,0,-0.38058382,0.09112472832202911,0.4600798487663269,0.4598919749259949
YJL010C,YDR084C,0,-0.38065392,0.09110672026872635,0.4600798487663269,0.459991991519928
YGR109C,YPL187W,0,-0.380719,0.09108871966600418,0.4600798487663269,0.4600920081138611
YKL126W,YCR094W,1,-0.38079077,0.09126827120780945,0.46107783913612366,0.4600920081138611
YBR109C,YHR135C,1,-0.38080046,0.09144775569438934,0.4620758593082428,0.4600920081138611
YDR202C,YBR133C,0,-0.3808376,0.091429702937603,0.4620758593082428,0.4601920247077942
YGL017W,YOR007C,0,-0.38092387,0.09141165018081665,0.4620758593082428,0.4602920711040497
YJR019C,YNR049C,0,-0.38112336,0.0913936048746109,0.4620758593082428,0.4603920876979828
YNL126W,YGL134W,0,-0.38147467,0.09137556701898575,0.4620758593082428,0.4604921042919159
YJL123C,YHR178W,0,-0.38154605,0.09135753661394119,0.4620758593082428,0.460592120885849
YAR003W,YDR302W,0,-0.38157696,0.09133951365947723,0.4620758593082428,0.4606921374797821
YOL049W,YNL336W,0,-0.38172916,0.09132149815559387,0.4620758593082428,0.4607921540737152
YML022W,YNL047C,0,-0.38195264,0.09130349010229111,0.4620758593082428,0.4608921706676483
YJL076W,YCR034W,0,-0.3820801,0.09128548949956894,0.4620758593082428,0.4609921872615814
YLR089C,YOR122C,0,-0.38224298,0.09126749634742737,0.4620758593082428,0.4610922038555145
YOR128C,YOL089C,0,-0.38227987,0.0912495106458664,0.4620758593082428,0.46119225025177
YPL086C,YKL055C,0,-0.38240397,0.09123152494430542,0.4620758593082428,0.4612922668457031
YNR051C,YGR092W,0,-0.3825084,0.09121355414390564,0.4620758593082428,0.46139228343963623
YLR135W,YMR170C,0,-0.3828705,0.09119559079408646,0.4620758593082428,0.46149230003356934
YKL101W,YOR303W,0,-0.38309625,0.09117762744426727,0.4620758593082428,0.46159231662750244
YHR124W,YPL057C,0,-0.38334,0.09115967899560928,0.4620758593082428,0.46169233322143555
YNL186W,YPR124W,0,-0.38339975,0.0911417305469513,0.4620758593082428,0.46179234981536865
YMR263W,YCR070W,0,-0.38366762,0.0911237969994545,0.4620758593082428,0.46189236640930176
YLR110C,YOL058W,0,-0.3837985,0.0911058634519577,0.4620758593082428,0.46199241280555725
YER166W,YOR181W,1,-0.3838749,0.09128467738628387,0.46307384967803955,0.46199241280555725
YDL002C,YLR157C-A,0,-0.38401774,0.09126672148704529,0.46307384967803955,0.46209242939949036
YBR179C,YGR280C,0,-0.38406864,0.0912487730383873,0.46307384967803955,0.46219244599342346
YBL002W,YHR128W,0,-0.3841731,0.0912308320403099,0.46307384967803955,0.46229246258735657
YBR217W,YGL145W,0,-0.38419443,0.09121289849281311,0.46307384967803955,0.4623924791812897
YNL125C,YAL061W,0,-0.38435602,0.09119496494531631,0.46307384967803955,0.4624924957752228
YGR152C,YGR275W,0,-0.38456392,0.09117704629898071,0.46307384967803955,0.4625925123691559
YNL106C,YIR008C,0,-0.3849597,0.09115913510322571,0.46307384967803955,0.462692528963089
YGL043W,YOR298C-A,0,-0.3850301,0.0911412313580513,0.46307384967803955,0.4627925455570221
YOL039W,YJR067C,0,-0.3852764,0.09112332761287689,0.46307384967803955,0.4628925919532776
YDR452W,YDR123C,0,-0.38532746,0.09110543876886368,0.46307384967803955,0.4629926085472107
YNL084C,YIR006C,1,-0.38534063,0.09128386527299881,0.4640718698501587,0.4629926085472107
YML025C,YBL071W-A,0,-0.38539985,0.09126594662666321,0.4640718698501587,0.4630926251411438
YAL042W,YML075C,0,-0.38543433,0.0912480354309082,0.4640718698501587,0.4631926417350769
YKR098C,YIL031W,0,-0.38565022,0.0912301316857338,0.4640718698501587,0.46329265832901
YNL082W,YAR014C,0,-0.38587242,0.09121224284172058,0.4640718698501587,0.4633926749229431
YKL035W,YOL148C,0,-0.38590187,0.09119435399770737,0.4640718698501587,0.4634926915168762
YNL275W,YKL073W,0,-0.38619035,0.09117647260427475,0.4640718698501587,0.4635927081108093
YLR077W,YDR352W,0,-0.38635567,0.09115859866142273,0.4640718698501587,0.46369272470474243
YPR103W,YER075C,0,-0.3864305,0.0911407321691513,0.4640718698501587,0.4637927711009979
YBR200W,YFL009W,0,-0.38663337,0.09112286567687988,0.4640718698501587,0.46389278769493103
YGR121C,YBR239C,0,-0.38667428,0.09110501408576965,0.4640718698501587,0.46399280428886414
YJL116C,YCR043C,0,-0.38668615,0.09108716994524002,0.4640718698501587,0.46409282088279724
YDR216W,YDR540C,0,-0.38671905,0.09106933325529099,0.4640718698501587,0.46419283747673035
YNR046W,YBR044C,0,-0.38680196,0.09105149656534195,0.4640718698501587,0.46429285407066345
YNL084C,YKR003W,1,-0.3868026,0.09122944623231888,0.46506986021995544,0.46429285407066345
YHR191C,YGR206W,0,-0.3868581,0.09121158719062805,0.46506986021995544,0.46439287066459656
YHR016C,YOL077W-A,0,-0.38712016,0.09119373559951782,0.46506986021995544,0.46449288725852966
YOL075C,YAL009W,0,-0.38738024,0.09117589145898819,0.46506986021995544,0.46459290385246277
YDL020C,YPL012W,0,-0.38759586,0.09115806221961975,0.46506986021995544,0.46469295024871826
YMR121C,YJR144W,0,-0.3877638,0.09114023298025131,0.46506986021995544,0.46479296684265137
YOR214C,YNL058C,0,-0.38809332,0.09112241119146347,0.46506986021995544,0.4648929834365845
YNL264C,YNL099C,0,-0.38815874,0.09110459685325623,0.46506986021995544,0.4649930000305176
YLR222C,YOR303W,0,-0.38840744,0.09108678996562958,0.46506986021995544,0.4650930166244507
YDR058C,YER170W,0,-0.3884291,0.09106898307800293,0.46506986021995544,0.4651930332183838
YBR293W,YLR399C,0,-0.38858575,0.09105119109153748,0.46506986021995544,0.4652930498123169
YLR274W,YMR167W,0,-0.3886525,0.09103340655565262,0.46506986021995544,0.46539306640625
YGL181W,YIL041W,1,-0.38891017,0.09121093899011612,0.4660678505897522,0.46539306640625
YER065C,YMR047C,0,-0.38899422,0.09119312465190887,0.4660678505897522,0.4654931128025055
YLR319C,YIL122W,0,-0.38926917,0.09117532521486282,0.4660678505897522,0.4655931293964386
YHL022C,YPL181W,0,-0.38983005,0.09115752577781677,0.4660678505897522,0.4656931459903717
YJL207C,YER042W,0,-0.38984966,0.09113973379135132,0.4660678505897522,0.4657931625843048
YLR069C,YNL321W,0,-0.38996273,0.09112194925546646,0.4660678505897522,0.4658931791782379
YAR044W,YGR241C,1,-0.3899782,0.09129925817251205,0.46706587076187134,0.4658931791782379
YIL066C,YOR255W,0,-0.39039105,0.0912814512848854,0.46706587076187134,0.465993195772171
YJL028W,YER019W,0,-0.3907383,0.09126365184783936,0.46706587076187134,0.4660932123661041
YHR003C,YNL134C,0,-0.3909154,0.0912458598613739,0.46706587076187134,0.46619322896003723
YGL206C,YNL243W,1,-0.39140856,0.09142300486564636,0.4680638611316681,0.46619322896003723
YDR182W,YLR157C-B,0,-0.3915379,0.09140518307685852,0.4680638611316681,0.46629324555397034
YBR179C,YGR065C,0,-0.39170694,0.09138737618923187,0.4680638611316681,0.46639329195022583
YER006W,YBR127C,0,-0.39194602,0.09136956930160522,0.4680638611316681,0.46649330854415894
YGR287C,YOL008W,0,-0.39196378,0.09135176986455917,0.4680638611316681,0.46659332513809204
YLR135W,YML072C,0,-0.39199412,0.09133398532867432,0.4680638611316681,0.46669334173202515
YOR329C,YNL032W,1,-0.39202446,0.09151090681552887,0.46906188130378723,0.46669334173202515
YNL032W,YNR035C,1,-0.39209026,0.09168775379657745,0.470059871673584,0.46669334173202515
YGR278W,YGR092W,0,-0.39226827,0.09166990965604782,0.470059871673584,0.46679335832595825
YHR134W,YKL107W,0,-0.39226827,0.09165207296609879,0.470059871673584,0.46689337491989136
YDL155W,YOL001W,0,-0.39239722,0.09163424372673035,0.470059871673584,0.46699339151382446
YEL034W,YBR057C,0,-0.39241186,0.09161641448736191,0.470059871673584,0.46709340810775757
YCR023C,YKL184W,0,-0.39248937,0.09159860014915466,0.470059871673584,0.4671934247016907
YDR311W,YDR214W,0,-0.3926258,0.09158078581094742,0.470059871673584,0.46729347109794617
YLR077W,YNL075W,0,-0.3926258,0.09156298637390137,0.470059871673584,0.4673934876918793
YDR311W,YPL032C,0,-0.3926258,0.09154518693685532,0.470059871673584,0.4674935042858124
YGR049W,YBR057C,0,-0.3926258,0.09152740240097046,0.470059871673584,0.4675935208797455
YKL025C,YDL174C,0,-0.3926258,0.0915096178650856,0.470059871673584,0.4676935374736786
YDR311W,YLR229C,0,-0.3926258,0.09149184077978134,0.470059871673584,0.4677935540676117
YKL025C,YGL008C,0,-0.3926258,0.09147407114505768,0.470059871673584,0.4678935706615448
YNL030W,YML065W,0,-0.3926258,0.09145630896091461,0.470059871673584,0.4679935872554779
YJL063C,YML001W,0,-0.3926258,0.09143855422735214,0.470059871673584,0.468093603849411
YPL081W,YLL005C,0,-0.3926258,0.09142080694437027,0.470059871673584,0.4681936502456665
YMR214W,YNL037C,0,-0.3926258,0.091403067111969,0.470059871673584,0.4682936668395996
YGL181W,YML001W,1,-0.3926258,0.09157935529947281,0.4710578918457031,0.4682936668395996
YOR128C,YIL016W,0,-0.3926258,0.09156159311532974,0.4710578918457031,0.4683936834335327
YGL156W,YML001W,0,-0.3926258,0.09154383093118668,0.4710578918457031,0.4684937000274658
YMR214W,YER172C,0,-0.3926258,0.0915260836482048,0.4710578918457031,0.4685937166213989
YKL107W,YNR039C,0,-0.3926258,0.09150833636522293,0.4710578918457031,0.46869373321533203
YML001W,YPL145C,1,-0.3926258,0.09168443828821182,0.4720558822154999,0.46869373321533203
YGR287C,YNR036C,0,-0.3926258,0.09166666865348816,0.4720558822154999,0.46879374980926514
YML001W,YJR125C,1,-0.3926258,0.0918426662683487,0.473053902387619,0.46879374980926514
YKL025C,YOR144C,0,-0.3926258,0.09182487428188324,0.473053902387619,0.46889376640319824
YDR311W,YHR166C,0,-0.3926258,0.09180708974599838,0.473053902387619,0.46899381279945374
YOR312C,YLL042C,0,-0.3926258,0.09178931266069412,0.473053902387619,0.46909382939338684
YMR214W,YHR203C,0,-0.3926258,0.09177153557538986,0.473053902387619,0.46919384598731995
YKL203C,YML001W,1,-0.3926258,0.09194734692573547,0.47405189275741577,0.46919384598731995
YML001W,YLR178C,0,-0.3926258,0.09192955493927002,0.47405189275741577,0.46929386258125305
YBL097W,YML001W,0,-0.3926258,0.09191176295280457,0.47405189275741577,0.46939387917518616
YDR338C,YLL054C,0,-0.3926258,0.0918939858675003,0.47405189275741577,0.46949389576911926
YOR033C,YLL054C,0,-0.3926258,0.09187620878219604,0.47405189275741577,0.46959391236305237
YLR077W,YPR082C,0,-0.3926258,0.09185843914747238,0.47405189275741577,0.4696939289569855
YGR049W,YGL086W,0,-0.3926258,0.09184067696332932,0.47405189275741577,0.4697939455509186
YMR214W,YPL008W,0,-0.3926258,0.09182292968034744,0.47405189275741577,0.4698939919471741
YOR128C,YNL224C,0,-0.3926258,0.09180518239736557,0.47405189275741577,0.4699940085411072
YDR311W,YNL024C-A,0,-0.3926258,0.0917874425649643,0.47405189275741577,0.4700940251350403
YDR311W,YDL156W,0,-0.3926258,0.09176970273256302,0.47405189275741577,0.4701940417289734
YPL266W,YLL054C,0,-0.3926258,0.09175197780132294,0.47405189275741577,0.4702940583229065
YJR113C,YML001W,0,-0.3926258,0.09173426032066345,0.47405189275741577,0.4703940749168396
YDR311W,YOR321W,0,-0.3926258,0.09171655029058456,0.47405189275741577,0.4704940915107727
YMR214W,YBL002W,0,-0.3926258,0.09169884026050568,0.47405189275741577,0.4705941081047058
YBL047C,YML001W,1,-0.3926258,0.0918741524219513,0.4750499129295349,0.4705941081047058
YMR214W,YML007W,0,-0.3926258,0.09185642749071121,0.4750499129295349,0.4706941246986389
YBR126C,YOR312C,0,-0.3926258,0.09183870255947113,0.4750499129295349,0.4707941710948944
YBR109C,YML001W,1,-0.3926258,0.0920138880610466,0.47604790329933167,0.4707941710948944
YDR311W,YNL148C,0,-0.3926258,0.09199614077806473,0.47604790329933167,0.4708941876888275
YNL148C,YLL054C,0,-0.3926258,0.09197840094566345,0.47604790329933167,0.4709942042827606
YML001W,YIR006C,1,-0.3926258,0.09215345978736877,0.4770458936691284,0.4709942042827606
YDR311W,YEL026W,0,-0.3926258,0.09213569760322571,0.4770458936691284,0.4710942208766937
YML001W,YDR198C,0,-0.3926258,0.09211794286966324,0.4770458936691284,0.47119423747062683
YKL107W,YNL093W,0,-0.3926258,0.09210019558668137,0.4770458936691284,0.47129425406455994
YDR311W,YGL160W,0,-0.3926258,0.0920824483036995,0.4770458936691284,0.47139427065849304
YML001W,YGR086C,1,-0.3926258,0.09225732088088989,0.47804391384124756,0.47139427065849304
YMR214W,YPL217C,0,-0.3926258,0.09223955124616623,0.47804391384124756,0.47149428725242615
YDR311W,YML121W,0,-0.3926258,0.09222179651260376,0.47804391384124756,0.47159433364868164
YMR214W,YDR210W-A,0,-0.3926258,0.09220404177904129,0.47804391384124756,0.47169435024261475
YMR214W,YGR121C,0,-0.3926258,0.09218629449605942,0.47804391384124756,0.47179436683654785
YFR042W,YLL054C,0,-0.3926258,0.09216856211423874,0.47804391384124756,0.47189438343048096
YKL025C,YOL034W,0,-0.3926258,0.09215082973241806,0.47804391384124756,0.47199440002441406
YHL001W,YML001W,0,-0.3926258,0.09213310480117798,0.47804391384124756,0.47209441661834717
YML072C,YLL054C,0,-0.3926258,0.0921153873205185,0.47804391384124756,0.4721944332122803
YJR047C,YML007W,0,-0.3926258,0.09209766983985901,0.47804391384124756,0.4722944498062134
YKL176C,YPL015C,0,-0.3926258,0.09207996726036072,0.47804391384124756,0.4723944664001465
YKL025C,YDR489W,0,-0.3926258,0.09206227213144302,0.47804391384124756,0.472494512796402
YML001W,YPL004C,1,-0.3926258,0.09223674237728119,0.4790419042110443,0.472494512796402
YDL079C,YLL054C,0,-0.3926258,0.09221901744604111,0.4790419042110443,0.4725945293903351
YBR228W,YLL054C,0,-0.3926258,0.09220130741596222,0.4790419042110443,0.4726945459842682
YCL011C,YLL054C,0,-0.3926258,0.09218359738588333,0.4790419042110443,0.4727945625782013
YOR128C,YHR183W,0,-0.3926258,0.09216590225696564,0.4790419042110443,0.4728945791721344
YDR311W,YGL100W,0,-0.3926258,0.09214820712804794,0.4790419042110443,0.4729945957660675
YKL107W,YDR017C,0,-0.3926258,0.09213051944971085,0.4790419042110443,0.4730946123600006
YMR214W,YNL336W,0,-0.3926258,0.09211283922195435,0.4790419042110443,0.4731946289539337
YMR214W,YPL212C,0,-0.3926258,0.09209516644477844,0.4790419042110443,0.4732946455478668
YMR214W,YLR388W,0,-0.3926258,0.09207750111818314,0.4790419042110443,0.4733946919441223
YGL013C,YLL054C,0,-0.3926258,0.09205983579158783,0.4790419042110443,0.4734947085380554
YKL025C,YJR077C,0,-0.3926258,0.09204218536615372,0.4790419042110443,0.4735947251319885
YGR231C,YLL054C,0,-0.3926258,0.0920245423913002,0.4790419042110443,0.47369474172592163
YOR128C,YML007W,0,-0.3926258,0.09200689941644669,0.4790419042110443,0.47379475831985474
YDR311W,YLR155C,0,-0.3926258,0.09198927134275436,0.4790419042110443,0.47389477491378784
YBL101C,YML001W,1,-0.3926258,0.09216324985027313,0.48003992438316345,0.47389477491378784
YKL018W,YOR312C,0,-0.3926258,0.09214559197425842,0.48003992438316345,0.47399479150772095
YFR042W,YKL025C,0,-0.3926258,0.09212794154882431,0.48003992438316345,0.47409480810165405
YMR135C,YLR340W,0,-0.3926258,0.09211030602455139,0.48003992438316345,0.47419482469558716
YKL018W,YLL010C,0,-0.3926258,0.09209267050027847,0.48003992438316345,0.47429487109184265
YOR237W,YML001W,1,-0.3926258,0.09226646274328232,0.4810379147529602,0.47429487109184265
YML001W,YLR206W,1,-0.3926258,0.09244018793106079,0.48203593492507935,0.47429487109184265
YCR009C,YNL032W,1,-0.3926258,0.09261385351419449,0.4830339252948761,0.47429487109184265
YDR155C,YLL054C,0,-0.3926258,0.092596136033535,0.4830339252948761,0.47439488768577576
YML001W,YNL243W,1,-0.3926258,0.09276970475912094,0.48403194546699524,0.47439488768577576
YML001W,YOR188W,0,-0.3926258,0.09275195747613907,0.48403194546699524,0.47449490427970886
YMR135C,YDR408C,0,-0.3926258,0.09273422509431839,0.48403194546699524,0.47459492087364197
YML001W,YOR008C,1,-0.3926258,0.09290766716003418,0.485029935836792,0.47459492087364197
YML001W,YEL027W,1,-0.3926258,0.0930810421705246,0.48602795600891113,0.47459492087364197
YLR424W,YML001W,0,-0.3926258,0.09306325018405914,0.48602795600891113,0.4746949374675751
YHR016C,YML001W,1,-0.3926258,0.0932365283370018,0.4870259463787079,0.4746949374675751
YKR014C,YCR009C,1,-0.3926258,0.09340973943471909,0.488023966550827,0.4746949374675751
YMR214W,YGL245W,0,-0.3926258,0.09339190274477005,0.488023966550827,0.4747949540615082
YMR214W,YPL012W,0,-0.3926258,0.09337406605482101,0.488023966550827,0.4748949706554413
YMR214W,YBR171W,0,-0.3926258,0.09335624426603317,0.488023966550827,0.4749949872493744
YKL025C,YMR266W,0,-0.3926258,0.09333842247724533,0.488023966550827,0.4750950336456299
YKL025C,YLL015W,0,-0.3926258,0.09332060813903809,0.488023966550827,0.475195050239563
YDR311W,YOR245C,0,-0.3926258,0.09330280125141144,0.488023966550827,0.4752950668334961
YDR311W,YLL054C,0,-0.3926258,0.09328500926494598,0.488023966550827,0.4753950834274292
YOR128C,YML024W,0,-0.3926258,0.09326720982789993,0.488023966550827,0.4754951000213623
YMR214W,YLR205C,0,-0.3926258,0.09324942529201508,0.488023966550827,0.4755951166152954
YLL054C,YGL175C,0,-0.3926258,0.09323164820671082,0.488023966550827,0.4756951332092285
YML001W,YDL161W,1,-0.3926258,0.09340450167655945,0.4890219569206238,0.4756951332092285
YML001W,YPR165W,1,-0.3926258,0.09357728064060211,0.49001994729042053,0.4756951332092285
YHR134W,YML001W,0,-0.3926258,0.09355945140123367,0.49001994729042053,0.4757951498031616
YPR151C,YML001W,0,-0.3926258,0.09354162961244583,0.49001994729042053,0.4758951663970947
YMR214W,YGR215W,0,-0.3926258,0.09352380782365799,0.49001994729042053,0.4759952127933502
YDR311W,YLR405W,0,-0.3926258,0.09350600093603134,0.49001994729042053,0.4760952293872833
YKL049C,YML001W,0,-0.3926258,0.0934881940484047,0.49001994729042053,0.47619524598121643
YML001W,YER125W,1,-0.3926258,0.09366076439619064,0.4910179674625397,0.47619524598121643
YMR214W,YDR338C,0,-0.3926258,0.0936429351568222,0.4910179674625397,0.47629526257514954
YML001W,YJL204C,1,-0.3926258,0.09381541609764099,0.4920159578323364,0.47629526257514954
YMR214W,YHR072W,0,-0.3926258,0.09379756450653076,0.4920159578323364,0.47639527916908264
YJR047C,YMR044W,0,-0.3926258,0.09377972036600113,0.4920159578323364,0.47649529576301575
YDL042C,YLR222C,0,-0.3926258,0.0937618836760521,0.4920159578323364,0.47659531235694885
YML001W,YER170W,0,-0.3926258,0.09374405443668365,0.4920159578323364,0.47669532895088196
YEL020C,YKL184W,0,-0.3926258,0.09372623264789581,0.4920159578323364,0.47679534554481506
YDR311W,YDR409W,0,-0.3926258,0.09370841830968857,0.4920159578323364,0.47689539194107056
YKL107W,YKL184W,0,-0.3926258,0.09369061142206192,0.4920159578323364,0.47699540853500366
YNR023W,YMR214W,0,-0.3926258,0.09367281198501587,0.4920159578323364,0.47709542512893677
YAL005C,YKL025C,0,-0.3926258,0.09365501254796982,0.4920159578323364,0.4771954417228699
YML001W,YDL231C,1,-0.3926258,0.09382715821266174,0.49301397800445557,0.4771954417228699
YIL041W,YML001W,1,-0.3926258,0.0939992368221283,0.4940119683742523,0.4771954417228699
YOR128C,YPR020W,0,-0.3926258,0.09398139268159866,0.4940119683742523,0.477295458316803
YDR073W,YKL025C,0,-0.3926258,0.09396355599164963,0.4940119683742523,0.4773954749107361
YDR264C,YCR009C,1,-0.3926258,0.09413550794124603,0.49500998854637146,0.4773954749107361
YKR067W,YKL025C,0,-0.3926258,0.0941176488995552,0.49500998854637146,0.4774954915046692
YMR214W,YDR294C,0,-0.3926258,0.09409978985786438,0.49500998854637146,0.4775955080986023
YML001W,YGR198W,1,-0.3926258,0.09427162259817123,0.4960079789161682,0.4775955080986023
YGR271C-A,YLL054C,0,-0.3926258,0.09425374865531921,0.4960079789161682,0.4776955246925354
YDR311W,YPR075C,0,-0.3926258,0.0942358747124672,0.4960079789161682,0.4777955710887909
YJR090C,YGR287C,0,-0.39282227,0.09421800822019577,0.4960079789161682,0.477895587682724
YOL094C,YGL023C,0,-0.39290226,0.09420014917850494,0.4960079789161682,0.4779956042766571
YGR091W,YJR144W,0,-0.3929251,0.09418229758739471,0.4960079789161682,0.4780956208705902
YBR057C,YPL057C,0,-0.39293677,0.09416445344686508,0.4960079789161682,0.4781956374645233
YDR171W,YML029W,0,-0.39312065,0.09414661675691605,0.4960079789161682,0.4782956540584564
YBL102W,YOR010C,0,-0.39321882,0.09412878751754761,0.4960079789161682,0.4783956706523895
YGR065C,YKR039W,0,-0.393226,0.09411096572875977,0.4960079789161682,0.47849568724632263
YBR102C,YBR057C,0,-0.39322716,0.09409314393997192,0.4960079789161682,0.4785957336425781
YOL097C,YPR124W,0,-0.3933004,0.09407533705234528,0.4960079789161682,0.47869575023651123
YNR056C,YPL187W,0,-0.39333013,0.09405753016471863,0.4960079789161682,0.47879576683044434
YGL043W,YGR280C,0,-0.39337867,0.09403973817825317,0.4960079789161682,0.47889578342437744
YMR266W,YMR092C,0,-0.39339495,0.09402194619178772,0.4960079789161682,0.47899580001831055
YOL146W,YPL030W,0,-0.3934996,0.09400416165590286,0.4960079789161682,0.47909581661224365
YOR109W,YDR129C,1,-0.39352682,0.09417549520730972,0.49700599908828735,0.47909581661224365
YOR094W,YGL079W,0,-0.3936718,0.09415768831968307,0.49700599908828735,0.47919583320617676
YNL037C,YML019W,0,-0.39372525,0.09413988888263702,0.49700599908828735,0.47929584980010986
YJL209W,YCR003W,0,-0.39374647,0.09412209689617157,0.49700599908828735,0.47939586639404297
YKR010C,YDR261C-C,0,-0.393797,0.09410430490970612,0.49700599908828735,0.47949591279029846
YBR057C,YJR002W,0,-0.393875,0.09408652782440186,0.49700599908828735,0.47959592938423157
YKL107W,YOR307C,0,-0.3939074,0.09406875818967819,0.49700599908828735,0.4796959459781647
YCR034W,YBR167C,0,-0.3941323,0.09405098855495453,0.49700599908828735,0.4797959625720978
YML078W,YKL101W,0,-0.3941443,0.09403323382139206,0.49700599908828735,0.4798959791660309
YBR098W,YDR538W,0,-0.39453724,0.09401547908782959,0.49700599908828735,0.479995995759964
YOR128C,YGR033C,0,-0.3945421,0.09399773180484772,0.49700599908828735,0.4800960123538971
YKR060W,YOR255W,0,-0.39458263,0.09397999942302704,0.49700599908828735,0.4801960289478302
YBL050W,YDL191W,0,-0.3946767,0.09396226704120636,0.49700599908828735,0.4802960455417633
YLR071C,YJL184W,0,-0.39486688,0.09394454210996628,0.49700599908828735,0.4803960919380188
YMR268C,YDR477W,0,-0.394871,0.0939268171787262,0.49700599908828735,0.4804961085319519
YDL103C,YKL107W,0,-0.39488286,0.09390910714864731,0.49700599908828735,0.480596125125885
YFL055W,YML007W,0,-0.39502972,0.09389140456914902,0.49700599908828735,0.4806961417198181
YML007W,YBL009W,0,-0.39506054,0.09387370198965073,0.49700599908828735,0.4807961583137512
YAL005C,YBR133C,0,-0.3952123,0.09385601431131363,0.49700599908828735,0.4808961749076843
YHR079C-A,YPL030W,0,-0.39524525,0.09383832663297653,0.49700599908828735,0.48099619150161743
YGR278W,YFL031W,0,-0.3953161,0.09382064640522003,0.49700599908828735,0.48109620809555054
YOL119C,YLL005C,0,-0.39543942,0.09380297362804413,0.49700599908828735,0.48119622468948364
YOR100C,YDR524C-B,0,-0.3954848,0.09378530830144882,0.49700599908828735,0.48129627108573914
YOR329C,YBL027W,0,-0.39551526,0.09376765042543411,0.49700599908828735,0.48139628767967224
YPL108W,YML026C,0,-0.39553386,0.09375,0.49700599908828735,0.48149630427360535
YJL047C,YGR278W,0,-0.39563003,0.09373235702514648,0.49700599908828735,0.48159632086753845
YOR298C-A,YML065W,0,-0.395648,0.09371471405029297,0.49700599908828735,0.48169633746147156
YOR118W,YGL017W,0,-0.39600527,0.09369708597660065,0.49700599908828735,0.48179635405540466
YMR266W,YLR013W,0,-0.39601743,0.09367945790290833,0.49700599908828735,0.48189637064933777
YKL086W,YER006W,0,-0.39626002,0.0936618372797966,0.49700599908828735,0.4819963872432709
YOR237W,YDL019C,1,-0.39636135,0.09383226931095123,0.4980039894580841,0.4819963872432709
YJL139C,YIL066C,0,-0.39654642,0.09381462633609772,0.4980039894580841,0.48209643363952637
YGR038W,YBR161W,0,-0.39655656,0.0937969908118248,0.4980039894580841,0.4821964502334595
YMR121C,YMR231W,0,-0.39663428,0.09377936273813248,0.4980039894580841,0.4822964668273926
YMR260C,YBR104W,0,-0.39668483,0.09376174211502075,0.4980039894580841,0.4823964834213257
YNL256W,YOL058W,0,-0.39671296,0.09374412894248962,0.4980039894580841,0.4824965000152588
YDR182W,YIL121W,0,-0.39676127,0.09372652322053909,0.4980039894580841,0.4825965166091919
YDR073W,YCR042C,0,-0.3970145,0.09370891749858856,0.4980039894580841,0.482696533203125
YFL053W,YBR161W,0,-0.3970174,0.09369132667779922,0.4980039894580841,0.4827965497970581
YLR298C,YDR488C,0,-0.3970293,0.09367373585700989,0.4980039894580841,0.4828965663909912
YLL036C,YNL116W,0,-0.39724082,0.09365615248680115,0.4980039894580841,0.4829966127872467
YNR023W,YGL234W,0,-0.39724547,0.0936385840177536,0.4980039894580841,0.4830966293811798
YOL128C,YDL214C,0,-0.3972488,0.09362101554870605,0.4980039894580841,0.4831966459751129
YBL047C,YJR125C,1,-0.39730483,0.09379103034734726,0.49900200963020325,0.4831966459751129
YJL139C,YLR274W,0,-0.39734662,0.09377344697713852,0.49900200963020325,0.483296662569046
YGR059W,YDL159W,0,-0.3976352,0.09375585615634918,0.49900200963020325,0.4833966791629791
YCR028C,YPR165W,1,-0.39765155,0.09392575919628143,0.5,0.4833966791629791
YDR488C,YKL120W,0,-0.39770824,0.0939081534743309,0.5,0.48349669575691223
YGL208W,YPR112C,0,-0.3977195,0.09389055520296097,0.5,0.48359671235084534
YJL177W,YPL029W,0,-0.39808935,0.09387296438217163,0.5,0.48369672894477844
YNL300W,YGR186W,0,-0.39809087,0.0938553735613823,0.5,0.48379674553871155
YBR057C,YMR044W,0,-0.39819914,0.09383779764175415,0.5,0.48389679193496704
YKL184W,YBL097W,0,-0.39824173,0.09382022172212601,0.5,0.48399680852890015
YML008C,YKL018W,0,-0.39846015,0.09380266070365906,0.5,0.48409682512283325
YPR025C,YBL105C,0,-0.3984604,0.09378509968519211,0.5,0.48419684171676636
YFL024C,YOR058C,0,-0.39849406,0.09376754611730576,0.5,0.48429685831069946
YPR082C,YKL073W,0,-0.3985414,0.09375,0.5,0.48439687490463257
YIL097W,YPL270W,0,-0.39858586,0.09373246133327484,0.5,0.4844968914985657
YKL107W,YJL115W,0,-0.39862847,0.09371493011713028,0.5,0.4845969080924988
YKR098C,YJL050W,0,-0.39880776,0.09369739890098572,0.5,0.4846969246864319
YBL084C,YBL004W,0,-0.3989186,0.09367988258600235,0.5,0.4847969710826874
YEL034W,YMR116C,0,-0.39896193,0.09366236627101898,0.5,0.4848969876766205
YGR049W,YOL146W,0,-0.3989759,0.09364485740661621,0.5,0.4849970042705536
YLR398C,YML007W,0,-0.39905414,0.09362735599279404,0.5,0.4850970208644867
YCR023C,YFR055W,0,-0.39911997,0.09360986202955246,0.5,0.4851970374584198
YLR240W,YIL091C,0,-0.39917368,0.09359237551689148,0.5,0.4852970540523529
YHR079C-A,YLR117C,0,-0.39919996,0.0935748964548111,0.5,0.485397070646286
YBR167C,YIL050W,0,-0.39932117,0.09355742484331131,0.5,0.4854970872402191
YGL086W,YNL275W,0,-0.39960513,0.09353995323181152,0.5,0.4855971336364746
YBR227C,YCR097W,0,-0.39968646,0.09352249652147293,0.5,0.4856971502304077
YLR242C,YBR133C,0,-0.39972508,0.09350503981113434,0.5,0.4857971668243408
YPR171W,YHR001W,1,-0.3997932,0.0936741903424263,0.5009980201721191,0.4857971668243408
YDR097C,YOR022C,0,-0.39983785,0.09365671873092651,0.5009980201721191,0.4858971834182739
YGL201C,YHR123W,0,-0.40018815,0.09363924711942673,0.5009980201721191,0.48599720001220703
YNL227C,YAL026C,1,-0.4002955,0.09380827844142914,0.5019959807395935,0.48599720001220703
YOR115C,YNL209W,0,-0.4003233,0.09379079192876816,0.5019959807395935,0.48609721660614014
YNL209W,YDL052C,0,-0.40064737,0.09377330541610718,0.5019959807395935,0.48619723320007324
YLR057W,YBR104W,0,-0.40069807,0.0937558263540268,0.5019959807395935,0.48629724979400635
YDR450W,YPR033C,0,-0.40108913,0.09373835474252701,0.5019959807395935,0.48639726638793945
YOL146W,YHL013C,0,-0.40113962,0.09372089058160782,0.5019959807395935,0.48649731278419495
YBR133C,YPL242C,0,-0.40114665,0.09370342642068863,0.5019959807395935,0.48659732937812805
YCL033C,YPR082C,0,-0.40115902,0.09368597716093063,0.5019959807395935,0.48669734597206116
YIL099W,YDR258C,0,-0.4011758,0.09366852790117264,0.5019959807395935,0.48679736256599426
YPL145C,YOR322C,1,-0.40118086,0.09383727610111237,0.5029940009117126,0.48679736256599426
YOR321W,YHR183W,0,-0.4012692,0.09381980448961258,0.5029940009117126,0.48689737915992737
YIL041W,YKL018W,0,-0.4012733,0.09380234777927399,0.5029940009117126,0.4869973957538605
YDL232W,YGR038C-B,0,-0.40127474,0.0937848910689354,0.5029940009117126,0.4870974123477936
YPR082C,YNL014W,0,-0.40140122,0.0937674418091774,0.5029940009117126,0.4871974289417267
YKL101W,YGL210W-A,0,-0.40161204,0.09375,0.5029940009117126,0.4872974455356598
YKL211C,YFL008W,0,-0.40164188,0.0937325656414032,0.5029940009117126,0.4873974919319153
YGL181W,YHR073W,1,-0.4017918,0.09390107542276382,0.5039920210838318,0.4873974919319153
YBR171W,YOR028C,0,-0.4018317,0.09388361871242523,0.5039920210838318,0.4874975085258484
YGR161C-C,YML007W,0,-0.4019359,0.09386616945266724,0.5039920210838318,0.4875975251197815
YLR071C,YGR098C,0,-0.40198484,0.09384872764348984,0.5039920210838318,0.4876975417137146
YDR293C,YDL066W,0,-0.40211636,0.09383128583431244,0.5039920210838318,0.4877975583076477
YGL150C,YMR060C,0,-0.40218532,0.09381385892629623,0.5039920210838318,0.4878975749015808
YBR057C,YGR132C,0,-0.40227142,0.09379643201828003,0.5039920210838318,0.4879975914955139
YOR144C,YCR089W,0,-0.40238655,0.09377901256084442,0.5039920210838318,0.488097608089447
YLR174W,YDR432W,0,-0.40241784,0.09376160055398941,0.5039920210838318,0.4881976246833801
YJL139C,YGR186W,0,-0.40276498,0.093744195997715,0.5039920210838318,0.4882976710796356
YBR217W,YDL122W,0,-0.40287513,0.09372679889202118,0.5039920210838318,0.4883976876735687
YDR156W,YMR162C,0,-0.4030258,0.09370940923690796,0.5039920210838318,0.48849770426750183
YPR066W,YOR083W,0,-0.4031903,0.09369201958179474,0.5039920210838318,0.48859772086143494
YOL088C,YHR034C,0,-0.40325686,0.09367464482784271,0.5039920210838318,0.48869773745536804
YEL034W,YGL201C,0,-0.403283,0.09365727007389069,0.5039920210838318,0.48879775404930115
YFL055W,YPL241C,0,-0.40331542,0.09363990277051926,0.5039920210838318,0.48889777064323425
YBL018C,YGL179C,0,-0.40337265,0.09362254291772842,0.5039920210838318,0.48899778723716736
YDR294C,YBR135W,0,-0.40341678,0.09360519051551819,0.5039920210838318,0.48909783363342285
YHR016C,YBL007C,1,-0.403491,0.09377316385507584,0.5049900412559509,0.48909783363342285
YBR057C,YDL191W,0,-0.40353382,0.09375578910112381,0.5049900412559509,0.48919785022735596
YJL076W,YDL165W,0,-0.40363932,0.09373842179775238,0.5049900412559509,0.48929786682128906
YFL053W,YBR265W,0,-0.40369093,0.09372106194496155,0.5049900412559509,0.48939788341522217
YGR278W,YNL265C,0,-0.4037678,0.09370370209217072,0.5049900412559509,0.4894979000091553
YPL029W,YDR141C,0,-0.40427905,0.09368635714054108,0.5049900412559509,0.4895979166030884
YBR057C,YDR264C,0,-0.40432903,0.09366901218891144,0.5049900412559509,0.4896979331970215
YPL016W,YJR105W,0,-0.4043529,0.0936516746878624,0.5049900412559509,0.4897979497909546
YGR152C,YHR176W,0,-0.40441042,0.09363434463739395,0.5049900412559509,0.4898979663848877
YDR488C,YPL118W,0,-0.40443653,0.0936170220375061,0.5049900412559509,0.4899980127811432
YLR393W,YER157W,0,-0.4045279,0.09359970688819885,0.5049900412559509,0.4900980293750763
YKL092C,YKL211C,0,-0.40456074,0.0935823917388916,0.5049900412559509,0.4901980459690094
YLR135W,YJL074C,0,-0.40523213,0.09356509149074554,0.5049900412559509,0.4902980625629425
YGR148C,YNL099C,0,-0.40523863,0.09354779124259949,0.5049900412559509,0.4903980791568756
YML064C,YBL101C,0,-0.40542477,0.09353049844503403,0.5049900412559509,0.4904980957508087
YDR408C,YPR020W,0,-0.40545726,0.09351321309804916,0.5049900412559509,0.4905981123447418
YBR203W,YMR278W,0,-0.40580446,0.0934959352016449,0.5049900412559509,0.4906981289386749
YPR082C,YDL025C,0,-0.40586352,0.09347866475582123,0.5049900412559509,0.49079814553260803
YHR094C,YDL147W,0,-0.40587887,0.09346139430999756,0.5049900412559509,0.4908981919288635
YIL085C,YLR229C,0,-0.4058984,0.09344413876533508,0.5049900412559509,0.49099820852279663
YNR036C,YHL013C,0,-0.4059637,0.09342688322067261,0.5049900412559509,0.49109822511672974
YPL268W,YBR104W,0,-0.40599144,0.09340963512659073,0.5049900412559509,0.49119824171066284
YGR203W,YIL097W,0,-0.40624604,0.09339239448308945,0.5049900412559509,0.49129825830459595
YBL101C,YBL007C,1,-0.4065525,0.09355969727039337,0.5059880018234253,0.49129825830459595
YKL086W,YDL092W,0,-0.4067413,0.0935424342751503,0.5059880018234253,0.49139827489852905
YMR011W,YCR102C,0,-0.40697056,0.09352517873048782,0.5059880018234253,0.49149829149246216
YNL272C,YDL147W,0,-0.40703464,0.09350793063640594,0.5059880018234253,0.49159830808639526
YOR130C,YOR122C,0,-0.40710032,0.09349068999290466,0.5059880018234253,0.49169835448265076
YPR145W,YBR039W,0,-0.4071865,0.09347344934940338,0.5059880018234253,0.49179837107658386
YIL085C,YKL163W,0,-0.40722054,0.0934562236070633,0.5059880018234253,0.49189838767051697
YHR050W,YFL002C,0,-0.40725994,0.0934389978647232,0.5059880018234253,0.4919984042644501
YIR021W,YJL184W,0,-0.40739867,0.09342177957296371,0.5059880018234253,0.4920984208583832
YEL027W,YIR006C,1,-0.40750653,0.09358879923820496,0.5069860219955444,0.4920984208583832
YBL004W,YHR200W,0,-0.40762588,0.09357155859470367,0.5069860219955444,0.4921984374523163
YLR320W,YOR336W,0,-0.4076323,0.09355432540178299,0.5069860219955444,0.4922984540462494
YOL077W-A,YOR303W,0,-0.40774697,0.0935370996594429,0.5069860219955444,0.4923984706401825
YGR278W,YNL003C,0,-0.40776664,0.09351988136768341,0.5069860219955444,0.4924984872341156
YKL086W,YLR110C,0,-0.407767,0.09350267052650452,0.5069860219955444,0.4925985336303711
YPL164C,YLR069C,0,-0.40785813,0.09348545968532562,0.5069860219955444,0.4926985502243042
YHR018C,YBR008C,0,-0.40797916,0.09346826374530792,0.5069860219955444,0.4927985668182373
YLR408C,YDR210W,0,-0.40822303,0.09345106780529022,0.5069860219955444,0.4928985834121704
YBR084C-A,YGL054C,0,-0.40831017,0.09343387931585312,0.5069860219955444,0.4929986000061035
YDR113C,YMR190C,0,-0.40832353,0.09341669827699661,0.5069860219955444,0.4930986166000366
YGL002W,YGL121C,0,-0.40867046,0.0933995246887207,0.5069860219955444,0.4931986331939697
YBR110W,YMR305C,0,-0.40874127,0.0933823511004448,0.5069860219955444,0.49329864978790283
YMR113W,YBR057C,0,-0.4088377,0.09336519241333008,0.5069860219955444,0.49339866638183594
YDR206W,YNL265C,0,-0.40896606,0.09334803372621536,0.5069860219955444,0.49349871277809143
YNL275W,YNL093W,0,-0.4090537,0.09333088248968124,0.5069860219955444,0.49359872937202454
YKR060W,YBR154C,0,-0.4091411,0.09331373870372772,0.5069860219955444,0.49369874596595764
YNL169C,YNL329C,0,-0.40916646,0.0932966023683548,0.5069860219955444,0.49379876255989075
YCR068W,YEL047C,0,-0.40932962,0.09327947348356247,0.5069860219955444,0.49389877915382385
YKR098C,YOR178C,0,-0.4093798,0.09326234459877014,0.5069860219955444,0.49399879574775696
YHR124W,YOR307C,0,-0.40945125,0.09324523061513901,0.5069860219955444,0.49409881234169006
YCR028C,YDL019C,1,-0.40947315,0.0934116318821907,0.5079840421676636,0.49409881234169006
YPR107C,YBR019C,0,-0.40958616,0.09339449554681778,0.5079840421676636,0.49419882893562317
YKR060W,YJL184W,0,-0.40958837,0.09337735921144485,0.5079840421676636,0.4942988455295563
YDR346C,YGL100W,0,-0.40979305,0.09336023777723312,0.5079840421676636,0.49439889192581177
YAR042W,YNL227C,1,-0.40999657,0.09352649748325348,0.5089820623397827,0.49439889192581177
YLR307W,YKR046C,0,-0.4100932,0.09350935369729996,0.5089820623397827,0.4944989085197449
YOL128C,YNL256W,0,-0.4101445,0.09349220991134644,0.5089820623397827,0.494598925113678
YFL018C,YHR196W,0,-0.41028827,0.09347507357597351,0.5089820623397827,0.4946989417076111
YDR113C,YFL031W,0,-0.41044816,0.09345794469118118,0.5089820623397827,0.4947989583015442
YGL224C,YDR541C,0,-0.4105204,0.09344082325696945,0.5089820623397827,0.4948989748954773
YOR329C,YJL111W,0,-0.41082087,0.09342370182275772,0.5089820623397827,0.4949989914894104
YGL033W,YGR128C,0,-0.4109218,0.09340659528970718,0.5089820623397827,0.4950990080833435
YGL023C,YKL213C,0,-0.41129696,0.09338948875665665,0.5089820623397827,0.495199054479599
YLR071C,YOR198C,0,-0.4113344,0.0933723896741867,0.5089820623397827,0.4952990710735321
YOR128C,YJL020C,0,-0.4114157,0.09335529804229736,0.5089820623397827,0.4953990876674652
YNL106C,YER074W-A,0,-0.41144136,0.09333821386098862,0.5089820623397827,0.4954991042613983
YJR144W,YOR133W,0,-0.41152218,0.09332113713026047,0.5089820623397827,0.4955991208553314
YIL117C,YOL146W,0,-0.41165715,0.09330406039953232,0.5089820623397827,0.4956991374492645
YKL008C,YLR424W,0,-0.41166598,0.09328699111938477,0.5089820623397827,0.49579915404319763
YKL184W,YEL047C,0,-0.41171235,0.09326993674039841,0.5089820623397827,0.49589917063713074
YKR045C,YOR197W,0,-0.41177815,0.09325288236141205,0.5089820623397827,0.49599918723106384
YJL139C,YLL036C,0,-0.41181326,0.09323583543300629,0.5089820623397827,0.49609923362731934
YOL146W,YML123C,0,-0.41204077,0.09321878850460052,0.5089820623397827,0.49619925022125244
YIR033W,YNL209W,0,-0.41207862,0.09320175647735596,0.5089820623397827,0.49629926681518555
YER078C,YHR200W,0,-0.4120998,0.09318472445011139,0.5089820623397827,0.49639928340911865
YJL184W,YGR172C,0,-0.412163,0.09316769987344742,0.5089820623397827,0.49649930000305176
YOR214C,YLR110C,0,-0.4122384,0.09315068274736404,0.5089820623397827,0.49659931659698486
YGR068C,YGR038C-A,0,-0.41230136,0.09313367307186127,0.5089820623397827,0.49669933319091797
YCL010C,YLR229C,0,-0.4123953,0.09311667084693909,0.5089820623397827,0.4967993497848511
YMR047C,YLL032C,0,-0.412435,0.0930996686220169,0.5089820623397827,0.4968993663787842
YFL034C-B,YDR331W,0,-0.41250658,0.09308268129825592,0.5089820623397827,0.4969994127750397
YNR054C,YCR089W,0,-0.41264036,0.09306569397449493,0.5089820623397827,0.4970994293689728
YHR183W,YGL012W,0,-0.41307077,0.09304871410131454,0.5089820623397827,0.4971994459629059
YDR113C,YMR116C,0,-0.41330317,0.09303174167871475,0.5089820623397827,0.497299462556839
YLR071C,YLR421C,0,-0.41339588,0.09301476925611496,0.5089820623397827,0.4973994791507721
YGL250W,YPL005W,0,-0.41343015,0.09299781173467636,0.5089820623397827,0.4974994957447052
YPL256C,YGR038C-A,0,-0.41353697,0.09298085421323776,0.5089820623397827,0.4975995123386383
YNL064C,YOR339C,0,-0.41355872,0.09296391159296036,0.5089820623397827,0.4976995289325714
YPL242C,YJR077C,0,-0.41470194,0.09294696897268295,0.5089820623397827,0.4977995455265045
YGR152C,YGR092W,0,-0.41476318,0.09293002635240555,0.5089820623397827,0.49789959192276
YIL016W,YPL270W,0,-0.41489157,0.09291309863328934,0.5089820623397827,0.4979996085166931
YIL023C,YCR042C,0,-0.41517827,0.09289617836475372,0.5089820623397827,0.4980996251106262
YBR217W,YOR056C,0,-0.41520375,0.09287925809621811,0.5089820623397827,0.4981996417045593
YAR044W,YNL032W,1,-0.41521364,0.09304443001747131,0.5099800229072571,0.4981996417045593
YGR198W,YDR267C,0,-0.4152262,0.09302748739719391,0.5099800229072571,0.49829965829849243
YEL009C,YGR256W,0,-0.41529703,0.0930105596780777,0.5099800229072571,0.49839967489242554
YHR001W,YCR053W,1,-0.41554213,0.09317561239004135,0.5109780430793762,0.49839967489242554
YGL210W-A,YBR088C,0,-0.41581,0.09315866231918335,0.5109780430793762,0.49849969148635864
YIL158W,YIL031W,0,-0.41597834,0.09314171224832535,0.5109780430793762,0.49859970808029175
YOR362C,YFR055W,0,-0.41609704,0.09312476962804794,0.5109780430793762,0.49869975447654724
YHL018W,YHR128W,0,-0.4161114,0.09310783445835114,0.5109780430793762,0.49879977107048035
YGR278W,YDR352W,0,-0.4161597,0.09309090673923492,0.5109780430793762,0.49889978766441345
YMR135C,YFL055W,0,-0.41634637,0.09307398647069931,0.5109780430793762,0.49899980425834656
YGR257C,YGR195W,0,-0.4164682,0.0930570736527443,0.5109780430793762,0.49909982085227966
YGR059W,YGL208W,0,-0.41656786,0.09304016083478928,0.5109780430793762,0.49919983744621277
YJL145W,YCL045C,0,-0.41674125,0.09302325546741486,0.5109780430793762,0.4992998540401459
YDR210W,YJL100W,0,-0.41682017,0.09300635755062103,0.5109780430793762,0.499399870634079
YOL008W,YCR069W,0,-0.41696006,0.0929894670844078,0.5109780430793762,0.4994998872280121
YFL016C,YHL020C,0,-0.41702193,0.09297258406877518,0.5109780430793762,0.4995999336242676
YOR007C,YHR062C,0,-0.41710472,0.09295570105314255,0.5109780430793762,0.4996999502182007
YCR028C,YLR337C,1,-0.417144,0.09312035143375397,0.5119760632514954,0.4996999502182007
YBR127C,YPR058W,0,-0.41721764,0.09310344606637955,0.5119760632514954,0.4997999668121338
YGR048W,YJL092W,0,-0.4172828,0.09308655560016632,0.5119760632514954,0.4998999834060669
YLR027C,YHR045W,0,-0.41764373,0.0930696651339531,0.5119760632514954,0.5
YGR203W,YBR167C,0,-0.41771546,0.09305278211832047,0.5119760632514954,0.5001000165939331
YGL131C,YCR024C-A,0,-0.41775656,0.09303590655326843,0.5119760632514954,0.5002000331878662
YLR225C,YGL160W,0,-0.41779694,0.093019038438797,0.5119760632514954,0.5003000497817993
YKR022C,YDR180W,0,-0.4178715,0.09300217777490616,0.5119760632514954,0.5004000663757324
YOR100C,YHR072W-A,0,-0.41795325,0.09298531711101532,0.5119760632514954,0.5005000829696655
YDL049C,YGR284C,0,-0.41811582,0.09296846389770508,0.5119760632514954,0.5006000995635986
YDL193W,YLR274W,0,-0.41835332,0.09295161813497543,0.5119760632514954,0.5007001161575317
YEL026W,YDR524C-B,0,-0.41840237,0.09293477982282639,0.5119760632514954,0.5008001327514648
YHR072W-A,YDL092W,0,-0.41853672,0.09291794896125793,0.5119760632514954,0.5009002089500427
YOL094C,YJR161C,0,-0.41861334,0.09290112555027008,0.5119760632514954,0.5010002255439758
YBR179C,YNL030W,0,-0.4188931,0.09288430213928223,0.5119760632514954,0.5011002421379089
YKL152C,YMR068W,0,-0.41892543,0.09286748617887497,0.5119760632514954,0.501200258731842
YGR278W,YLR110C,0,-0.41910926,0.09285067766904831,0.5119760632514954,0.5013002753257751
YDR388W,YBR059C,1,-0.41914043,0.09301483631134033,0.5129740238189697,0.5013002753257751
YNL126W,YLR408C,0,-0.41925776,0.09299801290035248,0.5129740238189697,0.5014002919197083
YKL018W,YGR206W,0,-0.41980717,0.09298118948936462,0.5129740238189697,0.5015003085136414
YDR225W,YAR066W,0,-0.41982117,0.09296436607837677,0.5129740238189697,0.5016003251075745
YNL082W,YOL027C,0,-0.41998768,0.09294755756855011,0.5129740238189697,0.5017003417015076
YDR408C,YNL264C,0,-0.42002797,0.09293075650930405,0.5129740238189697,0.5018003582954407
YJR125C,YCR009C,1,-0.42012477,0.09309472143650055,0.5139720439910889,0.5018003582954407
YHR050W,YHL009W-A,0,-0.420174,0.0930778980255127,0.5139720439910889,0.5019003748893738
YDR147W,YJR093C,0,-0.42023176,0.09306107461452484,0.5139720439910889,0.5020003914833069
YPR140W,YJR144W,0,-0.42025357,0.09304426610469818,0.5139720439910889,0.50210040807724
YIL066C,YDR484W,0,-0.4206946,0.09302745759487152,0.5139720439910889,0.5022004246711731
YIL023C,YKR003W,0,-0.42070422,0.09301065653562546,0.5139720439910889,0.5023004412651062
YGL234W,YNR075W,0,-0.4208161,0.09299386292695999,0.5139720439910889,0.5024004578590393
YNL090W,YPL008W,0,-0.420897,0.09297706931829453,0.5139720439910889,0.5025004744529724
YOL110W,YJL111W,0,-0.4209095,0.09296029061079025,0.5139720439910889,0.5026004910469055
YHL001W,YBR056W,0,-0.42095757,0.09294351190328598,0.5139720439910889,0.5027005672454834
YNL264C,YGL055W,0,-0.42095777,0.0929267406463623,0.5139720439910889,0.5028005838394165
YGR068C,YDL165W,0,-0.4211658,0.09290997684001923,0.5139720439910889,0.5029006004333496
YJL204C,YGR198W,1,-0.421312,0.09307359158992767,0.514970064163208,0.5029006004333496
YDR485C,YLR399C,0,-0.42136025,0.0930568054318428,0.514970064163208,0.5030006170272827
YER166W,YNR075W,1,-0.42153034,0.09322033822536469,0.5159680843353271,0.5030006170272827
YDR141C,YDR450W,0,-0.42156208,0.09320353716611862,0.5159680843353271,0.5031006336212158
YHR107C,YPL255W,0,-0.4216203,0.09318673610687256,0.5159680843353271,0.5032006502151489
YDR202C,YPL108W,0,-0.42166054,0.09316994249820709,0.5159680843353271,0.503300666809082
YLL038C,YNL032W,1,-0.42166543,0.09333333373069763,0.5169660449028015,0.503300666809082
YLL005C,YOR010C,0,-0.42168108,0.09331651777029037,0.5169660449028015,0.5034006834030151
YJR144W,YML121W,0,-0.42183667,0.09329970926046371,0.5169660449028015,0.5035006999969482
YBR098W,YOR073W,0,-0.4218773,0.09328290820121765,0.5169660449028015,0.5036007165908813
YER124C,YKR065C,0,-0.42198396,0.09326611459255219,0.5169660449028015,0.5037007331848145
YNL053W,YPL081W,0,-0.42220786,0.09324932843446732,0.5169660449028015,0.5038007497787476
YBR302C,YDR058C,0,-0.42226458,0.09323254227638245,0.5169660449028015,0.5039007663726807
YER146W,YEL011W,0,-0.4222648,0.09321576356887817,0.5169660449028015,0.5040007829666138
YGL001C,YER078C,0,-0.42233872,0.0931989923119545,0.5169660449028015,0.5041007995605469
YGL002W,YHR141C,0,-0.42233968,0.09318222850561142,0.5169660449028015,0.50420081615448
YNL329C,YKL018W,0,-0.42251348,0.09316546469926834,0.5169660449028015,0.5043008327484131
YLR022C,YBL071W-A,0,-0.42268676,0.09314871579408646,0.5169660449028015,0.504400908946991
YLR057W,YLR308W,0,-0.42325073,0.09313196688890457,0.5169660449028015,0.5045009255409241
YPR181C,YBR179C,0,-0.42335433,0.09311522543430328,0.5169660449028015,0.5046009421348572
YDL044C,YML111W,0,-0.42363727,0.09309849143028259,0.5169660449028015,0.5047009587287903
YNL047C,YGL187C,0,-0.42403126,0.0930817574262619,0.5169660449028015,0.5048009753227234
YAL042W,YFL008W,0,-0.42428032,0.0930650383234024,0.5169660449028015,0.5049009919166565
YKR010C,YHR042W,0,-0.4245077,0.09304831922054291,0.5169660449028015,0.5050010085105896
YGL131C,YKL152C,0,-0.4247285,0.09303160756826401,0.5169660449028015,0.5051010251045227
YLR166C,YGR166W,0,-0.42494076,0.0930149033665657,0.5169660449028015,0.5052010416984558
YDR043C,YBR244W,0,-0.42497367,0.092998206615448,0.5169660449028015,0.5053010582923889
YKL152C,YDR267C,0,-0.4251011,0.09298150986433029,0.5169660449028015,0.505401074886322
YBL042C,YMR323W,0,-0.4254831,0.09296482056379318,0.5169660449028015,0.5055010914802551
YPR082C,YGR109C,0,-0.42563033,0.09294814616441727,0.5169660449028015,0.5056011080741882
YBR228W,YDR409W,0,-0.42569906,0.09293146431446075,0.5169660449028015,0.5057011246681213
YOL146W,YGL017W,0,-0.42573494,0.09291479736566544,0.5169660449028015,0.5058011412620544
YGR128C,YCR003W,0,-0.42590508,0.09289813786745071,0.5169660449028015,0.5059011578559875
YMR135C,YBR302C,0,-0.4261666,0.09288147836923599,0.5169660449028015,0.5060011744499207
YDR294C,YMR167W,0,-0.42619962,0.09286482632160187,0.5169660449028015,0.5061011910438538
YBR235W,YJR159W,0,-0.42625198,0.09284818172454834,0.5169660449028015,0.5062012672424316
YJL139C,YIL067C,0,-0.42629838,0.09283154457807541,0.5169660449028015,0.5063012838363647
YOR094W,YHR200W,0,-0.42641085,0.09281490743160248,0.5169660449028015,0.5064013004302979
YOL146W,YBL066C,0,-0.42644238,0.09279827773571014,0.5169660449028015,0.506501317024231
YDL066W,YDL161W,0,-0.426575,0.09278165549039841,0.5169660449028015,0.5066013336181641
YDR162C,YPL228W,0,-0.42661053,0.09276504069566727,0.5169660449028015,0.5067013502120972
YBR221C,YPL181W,0,-0.42682183,0.09274843335151672,0.5169660449028015,0.5068013668060303
YPL211W,YKL160W,0,-0.4270936,0.09273182600736618,0.5169660449028015,0.5069013833999634
YBR203W,YEL046C,0,-0.42710027,0.09271523356437683,0.5169660449028015,0.5070013999938965
YMR197C,YFL031W,0,-0.4271782,0.09269864112138748,0.5169660449028015,0.5071014165878296
YDR191W,YKL018W,0,-0.42727193,0.09268205612897873,0.5169660449028015,0.5072014331817627
YKR081C,YOR077W,0,-0.4275062,0.09266547113656998,0.5169660449028015,0.5073014497756958
YJL123C,YBR057C,0,-0.42754626,0.09264890104532242,0.5169660449028015,0.5074014663696289
YLR138W,YHR123W,0,-0.42759132,0.09263233095407486,0.5169660449028015,0.507501482963562
YLR077W,YOR144C,0,-0.427635,0.0926157683134079,0.5169660449028015,0.5076014995574951
YHR196W,YER169W,0,-0.42766404,0.09259921312332153,0.5169660449028015,0.5077015161514282
YDR084C,YCL010C,0,-0.4277336,0.09258266538381577,0.5169660449028015,0.5078015327453613
YGL020C,YIL015W,0,-0.42774197,0.09256611764431,0.5169660449028015,0.5079016089439392
YAR044W,YCL034W,1,-0.4278379,0.09272824972867966,0.5179640650749207,0.5079016089439392
YFR009W,YLR256W,0,-0.42785388,0.0927116796374321,0.5179640650749207,0.5080016255378723
YCL019W,YDL122W,0,-0.42788893,0.09269512444734573,0.5179640650749207,0.5081016421318054
YKL086W,YER172C,0,-0.4279716,0.09267856925725937,0.5179640650749207,0.5082016587257385
YIL158W,YOR256C,0,-0.42816907,0.0926620215177536,0.5179640650749207,0.5083016753196716
YHR187W,YOL146W,0,-0.4281982,0.09264548122882843,0.5179640650749207,0.5084016919136047
YPL084W,YML007W,0,-0.4282628,0.09262894839048386,0.5179640650749207,0.5085017085075378
YOL006C,YOR234C,0,-0.42831832,0.09261242300271988,0.5179640650749207,0.508601725101471
YPL055C,YML029W,0,-0.42838264,0.0925958976149559,0.5179640650749207,0.508701741695404
YOL146W,YHR141C,0,-0.42841786,0.09257937967777252,0.5179640650749207,0.5088017582893372
YEL077C,YEL047C,0,-0.42867768,0.09256286919116974,0.5179640650749207,0.5089017748832703
YMR011W,YGR278W,0,-0.42872682,0.09254635870456696,0.5179640650749207,0.5090017914772034
YOR234C,YGR096W,0,-0.42878887,0.09252986311912537,0.5179640650749207,0.5091018080711365
YIL041W,YDR171W,0,-0.42882013,0.09251336753368378,0.5179640650749207,0.5092018246650696
YNL152W,YBL009W,0,-0.42921904,0.09249687939882278,0.5179640650749207,0.5093018412590027
YOR181W,YCR094W,1,-0.42925063,0.09265858680009842,0.5189620852470398,0.5093018412590027
YDL231C,YBL007C,1,-0.4292527,0.09282024204730988,0.5199601054191589,0.5093018412590027
YMR268C,YNL030W,0,-0.42933378,0.0928037017583847,0.5199601054191589,0.5094018578529358
YPL241C,YOR312C,0,-0.4295532,0.09278717637062073,0.5199601054191589,0.5095018744468689
YLR372W,YER170W,0,-0.42972326,0.09277065843343735,0.5199601054191589,0.509601891040802
YJR017C,YDR186C,0,-0.4298684,0.09275414049625397,0.5199601054191589,0.5097019672393799
YBR210W,YBL002W,0,-0.4298758,0.09273763000965118,0.5199601054191589,0.509801983833313
YDR202C,YOL097C,0,-0.43001562,0.092721126973629,0.5199601054191589,0.5099020004272461
YOR109W,YNL032W,1,-0.43018776,0.09288255870342255,0.5209580659866333,0.5099020004272461
YLR424W,YBR008C,0,-0.4301932,0.09286604076623917,0.5209580659866333,0.5100020170211792
YDL226C,YOL113W,0,-0.43022588,0.09284952282905579,0.5209580659866333,0.5101020336151123
YMR277W,YML121W,0,-0.43043777,0.0928330048918724,0.5209580659866333,0.5102020502090454
YCR070W,YER075C,0,-0.43069682,0.09281650185585022,0.5209580659866333,0.5103020668029785
YDL188C,YLL005C,0,-0.43079013,0.09279999881982803,0.5209580659866333,0.5104020833969116
YMR197C,YHR018C,0,-0.4308299,0.09278350323438644,0.5209580659866333,0.5105020999908447
YGR247W,YDL092W,0,-0.4310611,0.09276701509952545,0.5209580659866333,0.5106021165847778
YPR151C,YJR017C,0,-0.43122858,0.09275053441524506,0.5209580659866333,0.5107021331787109
YCR069W,YGR087C,0,-0.43130985,0.09273405373096466,0.5209580659866333,0.510802149772644
YIL023C,YHR034C,0,-0.43139583,0.09271758794784546,0.5209580659866333,0.5109021663665771
YDR210W-D,YIL168W,0,-0.43152156,0.09270112216472626,0.5209580659866333,0.5110021829605103
YPR181C,YMR268C,0,-0.43172973,0.09268465638160706,0.5209580659866333,0.5111021995544434
YBR288C,YGL054C,0,-0.4317357,0.09266820549964905,0.5209580659866333,0.5112022161483765
YIL117C,YBR201W,0,-0.43182367,0.09265175461769104,0.5209580659866333,0.5113022327423096
YDR488C,YHR032W,0,-0.43186396,0.09263531863689423,0.5209580659866333,0.5114023089408875
YML007W,YGL044C,0,-0.43192178,0.09261887520551682,0.5209580659866333,0.5115023255348206
YJL042W,YER183C,0,-0.43193325,0.0926024466753006,0.5209580659866333,0.5116023421287537
YBR152W,YMR060C,0,-0.43196344,0.09258602559566498,0.5209580659866333,0.5117023587226868
YOR033C,YGR277C,0,-0.4322018,0.09256960451602936,0.5209580659866333,0.5118023753166199
YBR200W,YNL082W,0,-0.43224806,0.09255319088697433,0.5209580659866333,0.511902391910553
YGL250W,YBR228W,0,-0.43228167,0.09253678470849991,0.5209580659866333,0.5120024085044861
YMR190C,YNL003C,0,-0.432395,0.09252038598060608,0.5209580659866333,0.5121024250984192
YLR225C,YKL008C,0,-0.4324398,0.09250398725271225,0.5209580659866333,0.5122024416923523
YBL101C,YPL004C,1,-0.43249682,0.09266477823257446,0.5219560861587524,0.5122024416923523
YGL184C,YMR293C,0,-0.43262503,0.09264836460351944,0.5219560861587524,0.5123024582862854
YBR021W,YMR024W,0,-0.4327222,0.09263195097446442,0.5219560861587524,0.5124024748802185
YJL137C,YGR284C,0,-0.43276978,0.09261554479598999,0.5219560861587524,0.5125024914741516
YGR275W,YIL050W,0,-0.43304974,0.09259915351867676,0.5219560861587524,0.5126025080680847
YPR165W,YJL036W,0,-0.43321076,0.09258275479078293,0.5219560861587524,0.5127025246620178
YJL151C,YER073W,0,-0.43325278,0.09256637096405029,0.5219560861587524,0.5128025412559509
YPL132W,YBR265W,0,-0.43368337,0.09254999458789825,0.5219560861587524,0.512902557849884
YML064C,YOR329C,0,-0.4336859,0.09253361821174622,0.5219560861587524,0.5130025744438171
YDL014W,YNL116W,0,-0.43370473,0.09251724928617477,0.5219560861587524,0.5131025910377502
YGL100W,YHR200W,0,-0.43379286,0.09250088781118393,0.5219560861587524,0.5132026672363281
YAR042W,YER166W,1,-0.43385077,0.09266135841608047,0.5229541063308716,0.5132026672363281
YNR023W,YML072C,0,-0.4339298,0.09264498203992844,0.5229541063308716,0.5133026838302612
YFR044C,YBR135W,0,-0.43393695,0.0926285982131958,0.5229541063308716,0.5134027004241943
YML008C,YIL031W,0,-0.43411955,0.09261222928762436,0.5229541063308716,0.5135027170181274
YGL184C,YBL003C,0,-0.43420795,0.09259586781263351,0.5229541063308716,0.5136027336120605
YBR126C,YLR178C,0,-0.43430853,0.09257950633764267,0.5229541063308716,0.5137027502059937
YNL002C,YOR088W,0,-0.43441448,0.09256315231323242,0.5229541063308716,0.5138027667999268
YDR097C,YLR089C,0,-0.43453878,0.09254680573940277,0.5229541063308716,0.5139027833938599
YIL099W,YGL086W,0,-0.4346236,0.09253045916557312,0.5229541063308716,0.514002799987793
YIL099W,YNL197C,0,-0.43482497,0.09251412749290466,0.5229541063308716,0.5141028165817261
YOR077W,YPR056W,0,-0.43506932,0.0924977958202362,0.5229541063308716,0.5142028331756592
YJL139C,YOR196C,0,-0.43518722,0.09248147159814835,0.5229541063308716,0.5143028497695923
YIL049W,YOR077W,0,-0.43527472,0.09246514737606049,0.5229541063308716,0.5144028663635254
YJR125C,YLR342W,1,-0.4353689,0.09262526780366898,0.523952066898346,0.5144028663635254
YJL123C,YKL221W,0,-0.43551248,0.09260892868041992,0.523952066898346,0.5145028829574585
YOR100C,YMR271C,0,-0.43556538,0.09259258955717087,0.523952066898346,0.5146028995513916
YLR166C,YNL209W,0,-0.4356045,0.09257626533508301,0.523952066898346,0.5147029161453247
YDR314C,YNL088W,0,-0.4357517,0.09255994111299515,0.523952066898346,0.5148029327392578
YOL146W,YOR328W,0,-0.43581808,0.09254362434148788,0.523952066898346,0.5149030089378357
YGR209C,YLR133W,0,-0.436029,0.09252731502056122,0.523952066898346,0.5150030255317688
YDR043C,YGL254W,0,-0.43609473,0.09251101315021515,0.523952066898346,0.5151030421257019
YJR014W,YKL221W,0,-0.43645394,0.09249471127986908,0.523952066898346,0.515203058719635
YDR210W,YIL110W,0,-0.4365404,0.0924784243106842,0.523952066898346,0.5153030753135681
YOL146W,YNL312W,0,-0.43659377,0.09246213734149933,0.523952066898346,0.5154030919075012
YNL186W,YBR044C,0,-0.43674308,0.09244585037231445,0.523952066898346,0.5155031085014343
YGR203W,YDR155C,0,-0.43715888,0.09242957830429077,0.523952066898346,0.5156031250953674
YGR068C,YOR328W,0,-0.43734294,0.09241330623626709,0.523952066898346,0.5157031416893005
YLR128W,YOR125C,0,-0.4374157,0.092397041618824,0.523952066898346,0.5158031582832336
YBR136W,YKR018C,0,-0.43780023,0.09238078445196152,0.523952066898346,0.5159031748771667
YDL194W,YLR453C,0,-0.43783224,0.09236453473567963,0.523952066898346,0.5160031914710999
YPL217C,YMR164C,0,-0.4380537,0.09234828501939774,0.523952066898346,0.516103208065033
YDR324C,YHR032W,0,-0.4381811,0.09233204275369644,0.523952066898346,0.5162032246589661
YLR336C,YPL265W,0,-0.43818134,0.09231580793857574,0.523952066898346,0.5163032412528992
YGR090W,YOL034W,0,-0.43819678,0.09229958057403564,0.523952066898346,0.5164032578468323
YPR082C,YER048C,0,-0.43837517,0.09228335320949554,0.523952066898346,0.5165032744407654
YBL042C,YKL127W,0,-0.43851733,0.09226713329553604,0.523952066898346,0.5166032910346985
YLR297W,YOL089C,0,-0.4385493,0.09225092083215714,0.523952066898346,0.5167033672332764
YEL026W,YCL030C,0,-0.43875626,0.09223471581935883,0.523952066898346,0.5168033838272095
YBR200W,YDR293C,0,-0.4387591,0.09221851080656052,0.523952066898346,0.5169034004211426
YAL055W,YMR231W,0,-0.43890202,0.0922023206949234,0.523952066898346,0.5170034170150757
YOR361C,YNL116W,0,-0.4389408,0.09218613058328629,0.523952066898346,0.5171034336090088
YOR043W,YGR198W,1,-0.43904772,0.09234550595283508,0.5249500870704651,0.5171034336090088
YPL227C,YBL036C,0,-0.4391937,0.09232929348945618,0.5249500870704651,0.5172034502029419
YOL016C,YBR104W,0,-0.43936372,0.09231309592723846,0.5249500870704651,0.517303466796875
YHR050W,YGL181W,0,-0.4394027,0.09229689091444016,0.5249500870704651,0.5174034833908081
YHR001W,YPR165W,1,-0.4394671,0.0924561396241188,0.5259481072425842,0.5174034833908081
YCR009C,YLR337C,1,-0.43964493,0.09261532872915268,0.5269461274147034,0.5174034833908081
YBR070C,YIL017C,0,-0.43978763,0.09259908646345139,0.5269461274147034,0.5175034999847412
YNL084C,YIL041W,1,-0.43983006,0.09275820106267929,0.5279440879821777,0.5175034999847412
YPR018W,YIL044C,0,-0.44028968,0.0927419364452362,0.5279440879821777,0.5176035165786743
YHR072W,YGR247W,0,-0.44036463,0.09272567927837372,0.5279440879821777,0.5177035331726074
YBL042C,YBR290W,0,-0.44037336,0.09270942956209183,0.5279440879821777,0.5178035497665405
YOR237W,YKL129C,1,-0.44067585,0.09286841005086899,0.5289421081542969,0.5178035497665405
YML066C,YDL092W,0,-0.44085836,0.0928521379828453,0.5289421081542969,0.5179035663604736
YLR205C,YBL067C,0,-0.44126672,0.09283587336540222,0.5289421081542969,0.5180035829544067
YPR107C,YIL050W,0,-0.44154954,0.09281961619853973,0.5289421081542969,0.5181035995483398
YBL016W,YFL053W,0,-0.44185895,0.09280335903167725,0.5289421081542969,0.518203616142273
YOL146W,YML075C,0,-0.4419335,0.09278711676597595,0.5289421081542969,0.518303632736206
YNL315C,YJR067C,0,-0.44194156,0.09277087450027466,0.5289421081542969,0.5184037089347839
YKL101W,YLL023C,0,-0.44210324,0.09275463968515396,0.5289421081542969,0.518503725528717
YGL029W,YJR019C,0,-0.44221509,0.09273840487003326,0.5289421081542969,0.5186037421226501
YPR082C,YHR115C,0,-0.44233745,0.09272218495607376,0.5289421081542969,0.5187037587165833
YIL105C,YNL116W,0,-0.44239724,0.09270596504211426,0.5289421081542969,0.5188037753105164
YBR102C,YER074W-A,0,-0.44250152,0.09268975257873535,0.5289421081542969,0.5189037919044495
YJL204C,YER125W,1,-0.44255865,0.09284839779138565,0.529940128326416,0.5189037919044495
YGR209C,YOL137W,0,-0.44259602,0.09283217042684555,0.529940128326416,0.5190038084983826
YNL209W,YLR069C,0,-0.44273493,0.09281594306230545,0.529940128326416,0.5191038250923157
YIL158W,YKR042W,0,-0.44281885,0.09279972314834595,0.529940128326416,0.5192038416862488
YML038C,YFL008W,0,-0.44288447,0.09278350323438644,0.529940128326416,0.5193038582801819
YDL150W,YJR002W,0,-0.4429198,0.09276729822158813,0.529940128326416,0.519403874874115
YNL321W,YKR001C,0,-0.44317737,0.09275109320878983,0.529940128326416,0.5195038914680481
YOR173W,YDL042C,0,-0.443199,0.09273489564657211,0.529940128326416,0.5196039080619812
YNL032W,YNR075W,1,-0.44330046,0.09289330989122391,0.5309381484985352,0.5196039080619812
YLR307W,YDL222C,0,-0.4436353,0.092877097427845,0.5309381484985352,0.5197039246559143
YLR166C,YOR153W,0,-0.44379413,0.0928608849644661,0.5309381484985352,0.5198039412498474
YBR229C,YOR073W,0,-0.44396722,0.09284467995166779,0.5309381484985352,0.5199039578437805
YBR293W,YHR084W,0,-0.44438612,0.09282847493886948,0.5309381484985352,0.5200039744377136
YMR154C,YDR409W,0,-0.44450182,0.09281228482723236,0.5309381484985352,0.5201039910316467
YDR184C,YML065W,0,-0.44454575,0.09279609471559525,0.5309381484985352,0.5202040672302246
YAL005C,YDR184C,0,-0.44477084,0.09277991205453873,0.5309381484985352,0.5203040838241577
YLR242C,YKL184W,0,-0.44484448,0.09276372939348221,0.5309381484985352,0.5204041004180908
YEL060C,YIL010W,0,-0.44486815,0.09274756163358688,0.5309381484985352,0.5205041170120239
YKR003W,YDR324C,0,-0.44498947,0.09273139387369156,0.5309381484985352,0.520604133605957
YKL126W,YOR043W,1,-0.44510618,0.09288951009511948,0.5319361090660095,0.520604133605957
YHR183W,YGR128C,0,-0.44515377,0.09287331998348236,0.5319361090660095,0.5207041501998901
YDL159W,YBR167C,0,-0.44525826,0.09285714477300644,0.5319361090660095,0.5208041667938232
YBL042C,YLL036C,0,-0.4453222,0.09284096956253052,0.5319361090660095,0.5209041833877563
YIL158W,YHR183W,0,-0.44535303,0.09282480180263519,0.5319361090660095,0.5210041999816895
YNL002C,YLR027C,0,-0.44556034,0.09280863404273987,0.5319361090660095,0.5211042165756226
YMR024W,YOR073W,0,-0.4455815,0.09279248118400574,0.5319361090660095,0.5212042331695557
YDR294C,YNL093W,0,-0.44561058,0.0927763283252716,0.5319361090660095,0.5213042497634888
YBR265W,YDR266C,0,-0.44570255,0.09276018291711807,0.5319361090660095,0.5214042663574219
YKL126W,YBR214W,1,-0.44592848,0.0929180458188057,0.5329341292381287,0.5214042663574219
YJL203W,YMR029C,0,-0.44652396,0.09290187805891037,0.5329341292381287,0.521504282951355
YGR271C-A,YEL026W,0,-0.4466557,0.09288571774959564,0.5329341292381287,0.5216042995452881
YJL177W,YCL038C,0,-0.44678086,0.09286956489086151,0.5329341292381287,0.5217043161392212
YLR066W,YNL220W,0,-0.44681114,0.09285341948270798,0.5329341292381287,0.5218043327331543
YPR082C,YOR030W,0,-0.4471218,0.09283727407455444,0.5329341292381287,0.5219044089317322
YLL042C,YGR280C,0,-0.4471236,0.0928211361169815,0.5329341292381287,0.5220044255256653
YER169W,YMR231W,0,-0.44713846,0.09280500560998917,0.5329341292381287,0.5221044421195984
YFR051C,YDR255C,0,-0.44731614,0.09278888255357742,0.5329341292381287,0.5222044587135315
YNL186W,YDR541C,0,-0.44739595,0.09277275949716568,0.5329341292381287,0.5223044753074646
YDL005C,YGL134W,0,-0.44751278,0.09275664389133453,0.5329341292381287,0.5224044919013977
YJL151C,YIL121W,0,-0.44779035,0.09274053573608398,0.5329341292381287,0.5225045084953308
YML025C,YGL077C,0,-0.4478911,0.09272443503141403,0.5329341292381287,0.5226045250892639
YKL113C,YFR004W,0,-0.44792667,0.09270833432674408,0.5329341292381287,0.522704541683197
YOR362C,YAR014C,0,-0.44802558,0.09269224107265472,0.5329341292381287,0.5228045582771301
YOR010C,YBL009W,0,-0.44815648,0.09267615526914597,0.5329341292381287,0.5229045748710632
YOR173W,YDR541C,0,-0.44829422,0.09266006946563721,0.5329341292381287,0.5230045914649963
YMR293C,YHR183W,0,-0.44857007,0.09264399856328964,0.5329341292381287,0.5231046080589294
YOL146W,YJL042W,0,-0.44866863,0.09262792766094208,0.5329341292381287,0.5232046246528625
YPR185W,YHR200W,0,-0.44867903,0.09261186420917511,0.5329341292381287,0.5233046412467957
YLR077W,YHR001W,0,-0.44869238,0.09259580075740814,0.5329341292381287,0.5234046578407288
YDL014W,YBL105C,0,-0.44901064,0.09257975220680237,0.5329341292381287,0.5235046744346619
YER078C,YDR331W,0,-0.44903022,0.0925637036561966,0.5329341292381287,0.5236047506332397
YJR129C,YMR067C,0,-0.44904196,0.09254766255617142,0.5329341292381287,0.5237047672271729
YFR051C,YJR099W,0,-0.44915655,0.09253162145614624,0.5329341292381287,0.523804783821106
YAL005C,YGR166W,0,-0.44915968,0.09251559525728226,0.5329341292381287,0.5239048004150391
YML130C,YPL232W,0,-0.44961786,0.09249956905841827,0.5329341292381287,0.5240048170089722
YBR126C,YLR341W,0,-0.44968197,0.09248355031013489,0.5329341292381287,0.5241048336029053
YHR187W,YMR244C-A,0,-0.44970146,0.0924675315618515,0.5329341292381287,0.5242048501968384
YPL118W,YDR267C,0,-0.4497223,0.09245152026414871,0.5329341292381287,0.5243048667907715
YLR013W,YHR045W,0,-0.45013082,0.09243552386760712,0.5329341292381287,0.5244048833847046
YCR028C-A,YER021W,0,-0.4501588,0.09241952002048492,0.5329341292381287,0.5245048999786377
YPL145C,YOR008C,1,-0.45017916,0.09257657080888748,0.5339321494102478,0.5245048999786377
YGL131C,YER075C,0,-0.45022377,0.0925605520606041,0.5339321494102478,0.5246049165725708
YKL101W,YPL015C,0,-0.45023957,0.0925445407629013,0.5339321494102478,0.5247049331665039
YPL283C,YHR019C,0,-0.4502638,0.09252853691577911,0.5339321494102478,0.524804949760437
YHR034C,YLR355C,0,-0.45041072,0.09251253306865692,0.5339321494102478,0.5249049663543701
YKL160W,YER166W,0,-0.45046023,0.09249654412269592,0.5339321494102478,0.5250049829483032
YJL111W,YNL312W,0,-0.4504615,0.09248055517673492,0.5339321494102478,0.5251049995422363
YJL154C,YLR022C,0,-0.45047414,0.09246456623077393,0.5339321494102478,0.5252050161361694
YER125W,YCL034W,1,-0.45077866,0.09262139350175858,0.5349301099777222,0.5252050161361694
YDR180W,YOR375C,0,-0.45090514,0.09260538965463638,0.5349301099777222,0.5253050327301025
YHR196W,YBR104W,0,-0.45099965,0.09258939325809479,0.5349301099777222,0.5254051089286804
YHR188C,YER075C,0,-0.4510861,0.09257340431213379,0.5349301099777222,0.5255051255226135
YFL024C,YMR047C,0,-0.45138586,0.09255741536617279,0.5349301099777222,0.5256051421165466
YPL227C,YEL003W,0,-0.45140332,0.09254143387079239,0.5349301099777222,0.5257051587104797
YMR280C,YEL047C,0,-0.45144233,0.09252545982599258,0.5349301099777222,0.5258051753044128
YNL035C,YNL252C,0,-0.45170918,0.09250949323177338,0.5349301099777222,0.525905191898346
YJL159W,YNL220W,0,-0.45186228,0.09249352663755417,0.5349301099777222,0.526005208492279
YFR051C,YCR071C,0,-0.45202792,0.09247756749391556,0.5349301099777222,0.5261052250862122
YER048C,YNR039C,0,-0.45215186,0.09246161580085754,0.5349301099777222,0.5262052416801453
YJL139C,YGL022W,0,-0.45232484,0.09244567155838013,0.5349301099777222,0.5263052582740784
YMR014W,YPL266W,0,-0.45236284,0.09242972731590271,0.5349301099777222,0.5264052748680115
YNL075W,YGL207W,0,-0.4523783,0.09241379052400589,0.5349301099777222,0.5265052914619446
YFR046C,YJR161C,0,-0.45243782,0.09239786118268967,0.5349301099777222,0.5266053080558777
YOR034C,YCR094W,1,-0.45258397,0.09255429357290268,0.5359281301498413,0.5266053080558777
YBL046W,YPL249C,0,-0.45282227,0.09253834187984467,0.5359281301498413,0.5267053246498108
YGL054C,YOL148C,0,-0.45292044,0.09252239763736725,0.5359281301498413,0.5268053412437439
YHR063C,YLR336C,0,-0.45300463,0.09250646084547043,0.5359281301498413,0.526905357837677
YBR215W,YBL005W-A,0,-0.4533194,0.09249052405357361,0.5359281301498413,0.5270053744316101
YML069W,YDL214C,0,-0.45357093,0.09247460216283798,0.5359281301498413,0.527105450630188
YOR312C,YOR360C,0,-0.45367184,0.09245868027210236,0.5359281301498413,0.5272054672241211
YDR365W-B,YDR237W,0,-0.45372266,0.09244275838136673,0.5359281301498413,0.5273054838180542
YOL110W,YAR008W,0,-0.45384625,0.0924268513917923,0.5359281301498413,0.5274055004119873
YGR108W,YJL210W,0,-0.45395696,0.09241094440221786,0.5359281301498413,0.5275055170059204
YGL020C,YCR033W,0,-0.4540208,0.09239504486322403,0.5359281301498413,0.5276055335998535
YDR034C-D,YLR119W,0,-0.45421833,0.09237915277481079,0.5359281301498413,0.5277055501937866
YER183C,YKR042W,0,-0.45422202,0.09236326068639755,0.5359281301498413,0.5278055667877197
YHR107C,YKR092C,0,-0.45437044,0.09234737604856491,0.5359281301498413,0.5279055833816528
YLR262C,YJL139C,0,-0.4545812,0.09233149886131287,0.5359281301498413,0.5280055999755859
YHR019C,YNL030W,0,-0.45465893,0.09231562912464142,0.5359281301498413,0.528105616569519
YKR060W,YDR043C,0,-0.45472503,0.09229975938796997,0.5359281301498413,0.5282056331634521
YOL146W,YLL010C,0,-0.4547788,0.09228389710187912,0.5359281301498413,0.5283056497573853
YGR090W,YPL008W,0,-0.4548853,0.09226804226636887,0.5359281301498413,0.5284056663513184
YLR272C,YPL029W,0,-0.45499125,0.09225218743085861,0.5359281301498413,0.5285056829452515
YOR321W,YBR293W,0,-0.45509222,0.09223634749650955,0.5359281301498413,0.5286056995391846
YPR183W,YNL254C,0,-0.45558608,0.09222050756216049,0.5359281301498413,0.5287057161331177
YML093W,YIR010W,0,-0.45580903,0.09220466762781143,0.5359281301498413,0.5288057327270508
YIL063C,YKL148C,0,-0.4558282,0.09218884259462357,0.5359281301498413,0.5289058089256287
YJL137C,YJR152W,0,-0.45584568,0.0921730175614357,0.5359281301498413,0.5290058255195618
YDL002C,YOL146W,0,-0.4559326,0.09215719997882843,0.5359281301498413,0.5291058421134949
YNL169C,YIR035C,0,-0.45601934,0.09214138984680176,0.5359281301498413,0.529205858707428
YGR121C,YML007W,0,-0.4560905,0.09212557971477509,0.5359281301498413,0.5293058753013611
YBR253W,YJR159W,0,-0.4563285,0.09210977703332901,0.5359281301498413,0.5294058918952942
YAR008W,YBR088C,0,-0.4564123,0.09209398180246353,0.5359281301498413,0.5295059084892273
YPL211W,YGR183C,0,-0.45669305,0.09207818657159805,0.5359281301498413,0.5296059250831604
YIR013C,YOR312C,0,-0.45687515,0.09206240624189377,0.5359281301498413,0.5297059416770935
YJL047C,YPR058W,0,-0.4570251,0.09204662591218948,0.5359281301498413,0.5298059582710266
YLR431C,YNL030W,0,-0.45717388,0.0920308455824852,0.5359281301498413,0.5299059748649597
YIL127C,YIL031W,0,-0.45732158,0.09201508015394211,0.5359281301498413,0.5300059914588928
YBR127C,YGR067C,0,-0.45740142,0.09199931472539902,0.5359281301498413,0.5301060080528259
YOR329C,YHR001W,1,-0.45759878,0.0921548455953598,0.5369261503219604,0.5301060080528259
YBR018C,YIL097W,0,-0.45783916,0.09213906526565552,0.5369261503219604,0.530206024646759
YGL184C,YLR340W,0,-0.45800972,0.09212328493595123,0.5369261503219604,0.5303060412406921
YIL067C,YDL165W,0,-0.45803207,0.09210751950740814,0.5369261503219604,0.5304060578346252
YLR157C-B,YML046W,0,-0.4580855,0.09209174662828445,0.5369261503219604,0.5305060744285583
YDR338C,YCR034W,0,-0.45832124,0.09207598865032196,0.5369261503219604,0.5306061506271362
YNL125C,YOL041C,0,-0.4585827,0.09206023067235947,0.5369261503219604,0.5307061672210693
YDR180W,YDR354W,0,-0.45870036,0.09204448014497757,0.5369261503219604,0.5308061838150024
YPL255W,YER122C,0,-0.45871693,0.09202873706817627,0.5369261503219604,0.5309062004089355
YLR157C-A,YBR135W,0,-0.4587721,0.09201300144195557,0.5369261503219604,0.5310062170028687
YDR155C,YMR199W,0,-0.45889506,0.09199726581573486,0.5369261503219604,0.5311062335968018
YGL134W,YGL047W,0,-0.4589661,0.09198153764009476,0.5369261503219604,0.5312062501907349
YNL072W,YBR132C,0,-0.45906758,0.09196580946445465,0.5369261503219604,0.531306266784668
YOR327C,YDR059C,1,-0.45947558,0.09212100505828857,0.5379241704940796,0.531306266784668
YHR073W,YKR014C,1,-0.45952877,0.09227614849805832,0.538922131061554,0.531306266784668
YNR023W,YOR360C,0,-0.45963353,0.09226037561893463,0.538922131061554,0.5314062833786011
YOR284W,YER157W,0,-0.46014068,0.09224461764097214,0.538922131061554,0.5315062999725342
YHR016C,YNL032W,1,-0.46050963,0.09239965677261353,0.5399201512336731,0.5315062999725342
YPL024W,YKL055C,0,-0.4607455,0.09238387644290924,0.5399201512336731,0.5316063165664673
YDR506C,YMR268C,0,-0.46083868,0.09236810356378555,0.5399201512336731,0.5317063331604004
YLR378C,YPL066W,0,-0.46097004,0.09235233813524246,0.5399201512336731,0.5318063497543335
YJR043C,YJL154C,0,-0.4609933,0.09233657270669937,0.5399201512336731,0.5319063663482666
YGL201C,YJL074C,0,-0.46109492,0.09232082217931747,0.5399201512336731,0.5320063829421997
YHR134W,YNL067W,0,-0.46110117,0.09230506420135498,0.5399201512336731,0.5321063995361328
YNR036C,YOR022C,0,-0.46111017,0.09228932112455368,0.5399201512336731,0.5322064161300659
YKR010C,YER124C,0,-0.46130568,0.09227357804775238,0.5399201512336731,0.532306432723999
YOL113W,YEL047C,0,-0.4615307,0.09225784242153168,0.5399201512336731,0.5324065089225769
YMR121C,YGR140W,0,-0.4616677,0.09224211424589157,0.5399201512336731,0.53250652551651
YJL154C,YFR044C,0,-0.46211866,0.09222638607025146,0.5399201512336731,0.5326065421104431
YOR190W,YKR045C,0,-0.46241608,0.09221067279577255,0.5399201512336731,0.5327065587043762
YCL040W,YKL148C,0,-0.4624917,0.09219495207071304,0.5399201512336731,0.5328065752983093
YNL300W,YBR102C,0,-0.4625223,0.09217924624681473,0.5399201512336731,0.5329065918922424
YDR171W,YGL121C,0,-0.4626268,0.09216354042291641,0.5399201512336731,0.5330066084861755
YOR229W,YCL038C,0,-0.4626886,0.0921478420495987,0.5399201512336731,0.5331066250801086
YNL300W,YNL002C,0,-0.46300435,0.09213215112686157,0.5399201512336731,0.5332066416740417
YIL016W,YML065W,0,-0.46302623,0.09211646765470505,0.5399201512336731,0.5333066582679749
YGR257C,YCR017C,0,-0.4631431,0.09210078418254852,0.5399201512336731,0.533406674861908
YKR086W,YNL093W,0,-0.4635435,0.0920851081609726,0.5399201512336731,0.5335066914558411
YDR365W-B,YNL275W,0,-0.46366763,0.09206943213939667,0.5399201512336731,0.5336067080497742
YOL146W,YGL234W,0,-0.46367437,0.09205377101898193,0.5399201512336731,0.5337067246437073
YNR026C,YGL254W,0,-0.4637133,0.0920381098985672,0.5399201512336731,0.5338067412376404
YJL139C,YDR255C,0,-0.46371606,0.09202245622873306,0.5399201512336731,0.5339067578315735
YML123C,YOL049W,0,-0.46404555,0.09200680255889893,0.5399201512336731,0.5340067744255066
YHR134W,YDL004W,0,-0.46409145,0.09199115633964539,0.5399201512336731,0.5341068506240845
YJR137C,YJL160C,0,-0.4641391,0.09197551757097244,0.5399201512336731,0.5342068672180176
YPR151C,YLR157C-B,0,-0.46415842,0.0919598862528801,0.5399201512336731,0.5343068838119507
YER019W,YHR062C,0,-0.46419424,0.09194425493478775,0.5399201512336731,0.5344069004058838
YGL208W,YHR065C,0,-0.46427864,0.091928631067276,0.5399201512336731,0.5345069169998169
YGL250W,YHR045W,0,-0.46431336,0.09191301465034485,0.5399201512336731,0.53460693359375
YBL045C,YOR336W,0,-0.46437934,0.0918973982334137,0.5399201512336731,0.5347069501876831
YDR147W,YEL042W,0,-0.46453857,0.09188179671764374,0.5399201512336731,0.5348069667816162
YML069W,YLR368W,0,-0.4646874,0.09186618775129318,0.5399201512336731,0.5349069833755493
YJL207C,YPL008W,0,-0.46487486,0.09185059368610382,0.5399201512336731,0.5350069999694824
YKR045C,YIR010W,0,-0.46489716,0.09183499962091446,0.5399201512336731,0.5351070165634155
YNL209W,YHR019C,0,-0.4649346,0.0918194130063057,0.5399201512336731,0.5352070331573486
YNL326C,YGL012W,0,-0.46543616,0.09180383384227753,0.5399201512336731,0.5353070497512817
YER073W,YER075C,0,-0.4654696,0.09178826212882996,0.5399201512336731,0.5354070663452148
YLR138W,YML065W,0,-0.46553284,0.09177269041538239,0.5399201512336731,0.535507082939148
YLR056W,YLR337C,1,-0.46553546,0.09192673116922379,0.5409181714057922,0.535507082939148
YJL018W,YNL329C,0,-0.4655375,0.09191114455461502,0.5409181714057922,0.535607099533081
YOR095C,YOR118W,0,-0.46562463,0.09189555794000626,0.5409181714057922,0.5357071161270142
YOR368W,YPL124W,0,-0.4656602,0.09187997877597809,0.5409181714057922,0.5358071327209473
YER019W,YNR069C,0,-0.4657252,0.09186440706253052,0.5409181714057922,0.5359072089195251
YDL212W,YJR144W,0,-0.46578792,0.09184884279966354,0.5409181714057922,0.5360072255134583
YNL113W,YOR122C,0,-0.46588266,0.09183327853679657,0.5409181714057922,0.5361072421073914
YPR101W,YOR007C,0,-0.46593404,0.09181772172451019,0.5409181714057922,0.5362072587013245
YGR195W,YNL272C,0,-0.46614978,0.09180216491222382,0.5409181714057922,0.5363072752952576
YGL133W,YAL047C,0,-0.46641046,0.09178662300109863,0.5409181714057922,0.5364072918891907
YLR144C,YPL020C,0,-0.46641386,0.09177108108997345,0.5409181714057922,0.5365073084831238
YHR042W,YOR198C,0,-0.46654737,0.09175554662942886,0.5409181714057922,0.5366073250770569
YNL093W,YBL007C,1,-0.4669872,0.09190927445888519,0.5419161915779114,0.5366073250770569
YLR368W,YLR453C,0,-0.4670554,0.09189372509717941,0.5419161915779114,0.53670734167099
YIL157C,YLR095C,0,-0.46706975,0.09187817573547363,0.5419161915779114,0.5368073582649231
YLR272C,YEL009C,0,-0.4671454,0.09186262637376785,0.5419161915779114,0.5369073748588562
YDR540C,YGL044C,0,-0.46723855,0.09184709191322327,0.5419161915779114,0.5370073914527893
YOL016C,YOL041C,0,-0.46734476,0.09183155745267868,0.5419161915779114,0.5371074080467224
YBR057C,YOR130C,0,-0.4673579,0.09181603044271469,0.5419161915779114,0.5372074246406555
YER146W,YBR221C,0,-0.46761182,0.0918005108833313,0.5419161915779114,0.5373074412345886
YDR184C,YDR210W,0,-0.46812946,0.0917849913239479,0.5419161915779114,0.5374074578285217
YNL067W,YJR064W,0,-0.4681814,0.09176947921514511,0.5419161915779114,0.5375074744224548
YDR524C-B,YCR003W,0,-0.46856573,0.09175397455692291,0.5419161915779114,0.5376075506210327
YPR029C,YCR033W,0,-0.46868625,0.09173846989870071,0.5419161915779114,0.5377075672149658
YIL040W,YKL018W,0,-0.46875805,0.09172297269105911,0.5419161915779114,0.5378075838088989
YDL002C,YOL130W,0,-0.46877378,0.09170748293399811,0.5419161915779114,0.537907600402832
YDR216W,YPL084W,0,-0.46878004,0.0916919931769371,0.5419161915779114,0.5380076169967651
YLR398C,YNL097C,0,-0.468836,0.09167651832103729,0.5419161915779114,0.5381076335906982
YBR019C,YDL092W,0,-0.46904826,0.09166104346513748,0.5419161915779114,0.5382076501846313
YBR135W,YPR065W,0,-0.46907365,0.09164556860923767,0.5419161915779114,0.5383076667785645
YLR051C,YER016W,0,-0.46909797,0.09163010120391846,0.5419161915779114,0.5384076833724976
YBR227C,YGL032C,0,-0.46924692,0.09161464124917984,0.5419161915779114,0.5385076999664307
YAL026C,YBL007C,1,-0.4693161,0.09176788479089737,0.5429141521453857,0.5385076999664307
YDL193W,YDL042C,0,-0.46933705,0.09175240248441696,0.5429141521453857,0.5386077165603638
YPL249C-A,YOR035C,0,-0.46952873,0.09173692762851715,0.5429141521453857,0.5387077331542969
YJL204C,YLR174W,0,-0.46962348,0.09172146022319794,0.5429141521453857,0.53880774974823
YJL145W,YGL002W,0,-0.46966442,0.09170600026845932,0.5429141521453857,0.5389077663421631
YLR013W,YOR140W,0,-0.46980762,0.0916905477643013,0.5429141521453857,0.5390077829360962
YAL005C,YKL125W,0,-0.469945,0.09167509526014328,0.5429141521453857,0.5391077995300293
YBR203W,YNL169C,0,-0.47000164,0.09165964275598526,0.5429141521453857,0.5392078161239624
YEL055C,YER021W,0,-0.47005033,0.09164420515298843,0.5429141521453857,0.5393078327178955
YBR084C-A,YKL167C,0,-0.4701482,0.09162876754999161,0.5429141521453857,0.5394079089164734
YKR014C,YNL154C,1,-0.47022867,0.09178174287080765,0.5439121723175049,0.5394079089164734
YHL009C,YMR014W,0,-0.4710257,0.09176629036664963,0.5439121723175049,0.5395079255104065
YCL010C,YJR019C,0,-0.47117537,0.0917508453130722,0.5439121723175049,0.5396079421043396
YLR071C,YGR074W,0,-0.47121271,0.09173540025949478,0.5439121723175049,0.5397079586982727
YNR056C,YCL020W,0,-0.47127163,0.09171996265649796,0.5439121723175049,0.5398079752922058
YJL014W,YDR037W,0,-0.47128233,0.09170452505350113,0.5439121723175049,0.5399079918861389
YOR118W,YNL067W,0,-0.4714557,0.0916890949010849,0.5439121723175049,0.540008008480072
YDL066W,YNR039C,0,-0.47147956,0.09167367219924927,0.5439121723175049,0.5401080250740051
YGR157W,YNL005C,0,-0.47155708,0.09165825694799423,0.5439121723175049,0.5402080416679382
YLR166C,YPL132W,0,-0.47159398,0.0916428416967392,0.5439121723175049,0.5403080582618713
YDR073W,YGR163W,0,-0.47165018,0.09162744134664536,0.5439121723175049,0.5404080748558044
YPL256C,YLL005C,0,-0.47189218,0.09161203354597092,0.5439121723175049,0.5405080914497375
YMR134W,YOR312C,0,-0.47191387,0.09159664064645767,0.5439121723175049,0.5406081080436707
YJL207C,YLR089C,0,-0.47215086,0.09158124774694443,0.5439121723175049,0.5407081246376038
YGR195W,YNL087W,0,-0.4721701,0.09156586229801178,0.5439121723175049,0.5408081412315369
YLR332W,YDL147W,0,-0.47242305,0.09155047684907913,0.5439121723175049,0.54090815782547
YBR235W,YGL047W,0,-0.47278917,0.09153509885072708,0.5439121723175049,0.5410081744194031
YLR342W,YGL017W,0,-0.4728362,0.09151972830295563,0.5439121723175049,0.541108250617981
YLR064W,YOR307C,0,-0.47288993,0.09150436520576477,0.5439121723175049,0.5412082672119141
YPR145W,YGR166W,0,-0.47306025,0.09148900210857391,0.5439121723175049,0.5413082838058472
YOR125C,YMR260C,0,-0.4730796,0.09147364646196365,0.5439121723175049,0.5414083003997803
YNL024C-A,YNL053W,0,-0.47327015,0.09145829826593399,0.5439121723175049,0.5415083169937134
YCL030C,YML072C,0,-0.47332647,0.09144295006990433,0.5439121723175049,0.5416083335876465
YLR128W,YML111W,0,-0.4733859,0.09142760932445526,0.5439121723175049,0.5417083501815796
YLR233C,YPL118W,0,-0.4734966,0.09141227602958679,0.5439121723175049,0.5418083667755127
YDR119W,YLR178C,0,-0.4737046,0.09139695018529892,0.5439121723175049,0.5419083833694458
YER119C,YHR124W,0,-0.47389534,0.09138162434101105,0.5439121723175049,0.5420083999633789
YOR298C-A,YDR186C,0,-0.47395805,0.09136630594730377,0.5439121723175049,0.542108416557312
YBR228W,YBL097W,0,-0.47400317,0.0913509875535965,0.5439121723175049,0.5422084331512451
YER166W,YCR094W,1,-0.47451723,0.09150326997041702,0.544910192489624,0.5422084331512451
YMR266W,YJL014W,0,-0.47461078,0.09148793667554855,0.544910192489624,0.5423084497451782
YLR275W,YLR256W,0,-0.47474602,0.09147261083126068,0.544910192489624,0.5424084663391113
YCR042C,YGR249W,0,-0.47476622,0.09145728498697281,0.544910192489624,0.5425084829330444
YNL090W,YGR048W,0,-0.47488943,0.09144196659326553,0.544910192489624,0.5426084995269775
YMR190C,YNL256W,0,-0.4751894,0.09142665565013885,0.544910192489624,0.5427085161209106
YGR278W,YOR360C,0,-0.47543204,0.09141135215759277,0.544910192489624,0.5428085327148438
YOL006C,YLR341W,0,-0.47544658,0.09139604866504669,0.544910192489624,0.5429086089134216
YIL117C,YNL088W,0,-0.47547734,0.09138075262308121,0.544910192489624,0.5430086255073547
YIL121W,YBR004C,0,-0.47562242,0.09136546403169632,0.544910192489624,0.5431086421012878
YBL016W,YDL156W,0,-0.4757606,0.09135017544031143,0.544910192489624,0.543208658695221
YFR044C,YFL002C,0,-0.47588193,0.09133489429950714,0.544910192489624,0.543308675289154
YDR141C,YGR280C,0,-0.47602478,0.09131962060928345,0.544910192489624,0.5434086918830872
YPL211W,YNL197C,0,-0.47613788,0.09130434691905975,0.544910192489624,0.5435087084770203
YDR349C,YHR200W,0,-0.47624308,0.09128908067941666,0.544910192489624,0.5436087250709534
YCL030C,YKR018C,0,-0.4763195,0.09127382189035416,0.544910192489624,0.5437087416648865
YGR287C,YER094C,0,-0.47641242,0.09125856310129166,0.544910192489624,0.5438087582588196
YKL018W,YAL047C,0,-0.47651958,0.09124331921339035,0.544910192489624,0.5439087748527527
YJL111W,YKL220C,0,-0.47656968,0.09122806787490845,0.544910192489624,0.5440087914466858
YKL091C,YDR210W,0,-0.47661912,0.09121283143758774,0.544910192489624,0.5441088080406189
YFR051C,YPL228W,0,-0.4767775,0.09119759500026703,0.544910192489624,0.544208824634552
YJR113C,YOR188W,0,-0.47687468,0.09118236601352692,0.544910192489624,0.5443088412284851
YML007W,YLR216C,0,-0.47691852,0.0911671370267868,0.544910192489624,0.5444088578224182
YJR056C,YML008C,0,-0.47710466,0.09115192294120789,0.544910192489624,0.5445088744163513
YOR312C,YBR167C,0,-0.47726506,0.09113670140504837,0.544910192489624,0.5446089506149292
YGR287C,YJL111W,0,-0.47731888,0.09112149477005005,0.544910192489624,0.5447089672088623
YDR264C,YFL039C,1,-0.47798324,0.09127315133810043,0.5459082126617432,0.5447089672088623
YJL091C,YJL099W,0,-0.47812033,0.09125792235136032,0.5459082126617432,0.5448089838027954
YDL025C,YJR007W,0,-0.47812057,0.0912427008152008,0.5459082126617432,0.5449090003967285
YOR362C,YLL005C,0,-0.47823298,0.09122748672962189,0.5459082126617432,0.5450090169906616
YGR183C,YGR207C,0,-0.47836748,0.09121227264404297,0.5459082126617432,0.5451090335845947
YHR001W,YNR075W,1,-0.47837383,0.09136378765106201,0.5469061732292175,0.5451090335845947
YMR047C,YPL275W,0,-0.4784303,0.0913485586643219,0.5469061732292175,0.5452090501785278
YGR049W,YBR221C,0,-0.47848427,0.09133332967758179,0.5469061732292175,0.5453090667724609
YKL096W,YAL009W,0,-0.47866222,0.09131811559200287,0.5469061732292175,0.545409083366394
YPL227C,YLR077W,0,-0.47893935,0.09130290150642395,0.5469061732292175,0.5455090999603271
YKL176C,YPL108W,0,-0.47895324,0.09128768742084503,0.5469061732292175,0.5456091165542603
YLR003C,YLR453C,0,-0.47895515,0.09127248823642731,0.5469061732292175,0.5457091331481934
YIR006C,YIL095W,1,-0.47895706,0.09142381697893143,0.5479041934013367,0.5457091331481934
YIL085C,YPL265W,0,-0.47908294,0.09140858799219131,0.5479041934013367,0.5458091497421265
YCL033C,YLR035C,0,-0.47914064,0.0913933739066124,0.5479041934013367,0.5459091663360596
YBL036C,YMR305C,0,-0.47914588,0.09137815982103348,0.5479041934013367,0.5460091829299927
YGR087C,YJL154C,0,-0.47920918,0.09136295318603516,0.5479041934013367,0.5461091995239258
YDR210W-D,YDR210W,0,-0.47929505,0.09134775400161743,0.5479041934013367,0.5462092161178589
YDR210W,YPL066W,0,-0.4795882,0.09133255481719971,0.5479041934013367,0.546309232711792
YGR023W,YDR155C,0,-0.4796461,0.09131736308336258,0.5479041934013367,0.5464093089103699
YHR107C,YGL150C,0,-0.4796887,0.09130217880010605,0.5479041934013367,0.546509325504303
YHR001W,YER125W,1,-0.47976202,0.09145327657461166,0.5489022135734558,0.546509325504303
YPR082C,YAL001C,0,-0.47978365,0.09143806993961334,0.5489022135734558,0.5466093420982361
YBR079C,YOR312C,0,-0.4798245,0.09142287075519562,0.5489022135734558,0.5467093586921692
YKL046C,YBR014C,0,-0.4798406,0.09140767902135849,0.5489022135734558,0.5468093752861023
YBR021W,YCR023C,0,-0.4799476,0.09139248728752136,0.5489022135734558,0.5469093918800354
YOR094W,YDR291W,0,-0.47998852,0.09137730300426483,0.5489022135734558,0.5470094084739685
YNL030W,YBL027W,0,-0.48004523,0.0913621261715889,0.5489022135734558,0.5471094250679016
YMR121C,YDL044C,0,-0.48035562,0.09134694933891296,0.5489022135734558,0.5472094416618347
YPR082C,YOR255W,0,-0.48046398,0.09133177995681763,0.5489022135734558,0.5473094582557678
YPL029W,YBR171W,0,-0.48062932,0.09131661802530289,0.5489022135734558,0.5474094748497009
YKR014C,YAL026C,1,-0.48064134,0.0914674624800682,0.5499001741409302,0.5474094748497009
YKR092C,YDR180W,0,-0.480657,0.09145228564739227,0.5499001741409302,0.547509491443634
YOL146W,YPL192C,0,-0.48079264,0.09143710881471634,0.5499001741409302,0.5476095080375671
YBR239C,YNL047C,0,-0.48095375,0.0914219319820404,0.5499001741409302,0.5477095246315002
YCL019W,YDR432W,0,-0.48113507,0.09140677005052567,0.5499001741409302,0.5478095412254333
YFR042W,YPL012W,0,-0.481158,0.09139160811901093,0.5499001741409302,0.5479095578193665
YCR102C,YML022W,0,-0.48123854,0.09137645363807678,0.5499001741409302,0.5480095744132996
YDL232W,YHR091C,0,-0.48125997,0.09136129915714264,0.5499001741409302,0.5481096506118774
YDR155C,YDR084C,0,-0.48135373,0.09134615212678909,0.5499001741409302,0.5482096672058105
YFR042W,YHR200W,0,-0.48153967,0.09133101254701614,0.5499001741409302,0.5483096837997437
YEL077C,YAL042W,0,-0.48176822,0.09131588041782379,0.5499001741409302,0.5484097003936768
YPR066W,YHR084W,0,-0.481796,0.09130074828863144,0.5499001741409302,0.5485097169876099
YNR036C,YDL147W,0,-0.48186755,0.09128561615943909,0.5499001741409302,0.548609733581543
YNL084C,YNL093W,1,-0.48190418,0.09143614023923874,0.5508981943130493,0.548609733581543
YOR327C,YNL032W,1,-0.48198414,0.09158661961555481,0.5518962144851685,0.548609733581543
YDL126C,YGL065C,0,-0.48198754,0.09157145023345947,0.5518962144851685,0.5487097501754761
YHR098C,YCR088W,0,-0.482063,0.09155628830194473,0.5518962144851685,0.5488097667694092
YOL110W,YHR183W,0,-0.48210046,0.09154113382101059,0.5518962144851685,0.5489097833633423
YNL124W,YGR087C,0,-0.4821393,0.09152598679065704,0.5518962144851685,0.5490097999572754
YER065C,YOR307C,0,-0.4821432,0.0915108397603035,0.5518962144851685,0.5491098165512085
YHL018W,YKL084W,0,-0.4821577,0.09149570018053055,0.5518962144851685,0.5492098331451416
YGR059W,YHR102W,0,-0.4822291,0.0914805606007576,0.5518962144851685,0.5493098497390747
YLR372W,YOL001W,0,-0.48224714,0.09146542847156525,0.5518962144851685,0.5494098663330078
YIR003W,YPL283C,0,-0.48241472,0.09145030379295349,0.5518962144851685,0.5495098829269409
YDL155W,YOR255W,0,-0.48271352,0.09143518656492233,0.5518962144851685,0.549609899520874
YER018C,YNL225C,0,-0.48285633,0.09142006933689117,0.5518962144851685,0.5497099161148071
YML066C,YBR008C,0,-0.48295546,0.09140495955944061,0.5518962144851685,0.5498099327087402
YDR202C,YMR202W,0,-0.48313814,0.09138984978199005,0.5518962144851685,0.5499100089073181
YFL009W,YER157W,0,-0.48314753,0.09137475490570068,0.5518962144851685,0.5500100255012512
YNL152W,YBL003C,0,-0.4832347,0.09135966002941132,0.5518962144851685,0.5501100420951843
YOL146W,YBR215W,0,-0.48324654,0.09134456515312195,0.5518962144851685,0.5502100586891174
YDR147W,YDL122W,0,-0.4832987,0.09132947772741318,0.5518962144851685,0.5503100752830505
YNL257C,YBR039W,0,-0.4833194,0.091314397752285,0.5518962144851685,0.5504100918769836
YOR094W,YFL050C,0,-0.48361072,0.09129932522773743,0.5518962144851685,0.5505101084709167
YLR262C,YNR063W,0,-0.4836302,0.09128425270318985,0.5518962144851685,0.5506101250648499
YCL011C,YBR239C,0,-0.48384914,0.09126918762922287,0.5518962144851685,0.550710141658783
YLR133W,YKL157W,0,-0.48465616,0.09125412255525589,0.5518962144851685,0.5508101582527161
YOR255W,YOR030W,0,-0.48481008,0.0912390723824501,0.5518962144851685,0.5509101748466492
YNL020C,YJR125C,1,-0.48496693,0.09138897806406021,0.5528942346572876,0.5509101748466492
YBR059C,YHR001W,1,-0.48500764,0.09153883904218674,0.553892195224762,0.5509101748466492
YOR109W,YOR181W,1,-0.4851163,0.09168865531682968,0.5548902153968811,0.5509101748466492
YGR287C,YKL160W,0,-0.48524714,0.09167353808879852,0.5548902153968811,0.5510101914405823
YKR060W,YAL001C,0,-0.48530453,0.09165842086076736,0.5548902153968811,0.5511102080345154
YMR135C,YAR071W,0,-0.48576057,0.0916433185338974,0.5548902153968811,0.5512102246284485
YDR267C,YIL129C,0,-0.48601514,0.09162821620702744,0.5548902153968811,0.5513102412223816
YDR382W,YEL047C,0,-0.48604447,0.09161311388015747,0.5548902153968811,0.5514102578163147
YKL193C,YHR176W,0,-0.48614675,0.0915980264544487,0.5548902153968811,0.5515102744102478
YHR098C,YGL099W,0,-0.48622212,0.09158293157815933,0.5548902153968811,0.5516103506088257
YOL110W,YDL014W,0,-0.48633522,0.09156785160303116,0.5548902153968811,0.5517103672027588
YIL016W,YPL020C,0,-0.48644194,0.09155277162790298,0.5548902153968811,0.5518103837966919
YCR088W,YML111W,0,-0.48644257,0.09153769910335541,0.5548902153968811,0.551910400390625
YDL168W,YJR113C,0,-0.48660272,0.09152263402938843,0.5548902153968811,0.5520104169845581
YLL005C,YJL122W,0,-0.48661128,0.09150756895542145,0.5548902153968811,0.5521104335784912
YBR152W,YGR231C,0,-0.48661876,0.09149251133203506,0.5548902153968811,0.5522104501724243
YDL103C,YFL018C,0,-0.48663092,0.09147746115922928,0.5548902153968811,0.5523104667663574
YMR280C,YPL081W,0,-0.48675394,0.09146241098642349,0.5548902153968811,0.5524104833602905
YJR017C,YDR206W,0,-0.48678312,0.0914473682641983,0.5548902153968811,0.5525104999542236
YJR113C,YHR152W,0,-0.48703426,0.09143233299255371,0.5548902153968811,0.5526105165481567
YOR360C,YMR231W,0,-0.4871633,0.09141729772090912,0.5548902153968811,0.5527105331420898
YGL201C,YPL266W,0,-0.4872399,0.09140226989984512,0.5548902153968811,0.552810549736023
YER172C,YPL228W,0,-0.4880467,0.09138724207878113,0.5548902153968811,0.552910566329956
YPR018W,YBL004W,0,-0.488133,0.09137222915887833,0.5548902153968811,0.5530105829238892
YOR100C,YDR266C,0,-0.48819813,0.09135721623897552,0.5548902153968811,0.5531105995178223
YLL005C,YML025C,0,-0.48836496,0.09134220331907272,0.5548902153968811,0.5532106161117554
YNL254C,YOR375C,0,-0.48843658,0.09132719784975052,0.5548902153968811,0.5533106327056885
YGR133W,YPL230W,0,-0.48843676,0.09131219983100891,0.5548902153968811,0.5534107089042664
YML093W,YPL066W,0,-0.48874205,0.0912972092628479,0.5548902153968811,0.5535107254981995
YFL039C,YCR094W,1,-0.48893282,0.0914463996887207,0.5558882355690002,0.5535107254981995
YPL084W,YOR312C,0,-0.48902172,0.0914313867688179,0.5558882355690002,0.5536107420921326
YKL146W,YHR203C,0,-0.4891895,0.0914163812994957,0.5558882355690002,0.5537107586860657
YNL071W,YDR210W-A,0,-0.48923743,0.09140137583017349,0.5558882355690002,0.5538107752799988
YLR332W,YHR043C,0,-0.4893353,0.09138638526201248,0.5558882355690002,0.5539107918739319
YGR109C,YOR003W,0,-0.4894895,0.09137139469385147,0.5558882355690002,0.554010808467865
YML069W,YDL042C,0,-0.48956525,0.09135640412569046,0.5558882355690002,0.5541108250617981
YHR135C,YNL084C,1,-0.48958144,0.09150540828704834,0.5568862557411194,0.5541108250617981
YML029W,YNL099C,0,-0.4896933,0.09149041026830673,0.5568862557411194,0.5542108416557312
YNL299W,YCL030C,0,-0.48974916,0.09147541224956512,0.5568862557411194,0.5543108582496643
YBL067C,YML065W,0,-0.48976946,0.09146041423082352,0.5568862557411194,0.5544108748435974
YOR256C,YMR113W,0,-0.4899574,0.0914454311132431,0.5568862557411194,0.5545108914375305
YLR272C,YJL111W,0,-0.48997918,0.09143044054508209,0.5568862557411194,0.5546109080314636
YOR043W,YNL093W,1,-0.48998696,0.09157929569482803,0.5578842163085938,0.5546109080314636
YJL204C,YMR278W,0,-0.49015757,0.09156429022550583,0.5578842163085938,0.5547109246253967
YHR084W,YGL179C,0,-0.49026644,0.09154929220676422,0.5578842163085938,0.5548109412193298
YLR064W,YDL222C,0,-0.49026722,0.09153430163860321,0.5578842163085938,0.5549109578132629
YKL176C,YLL042C,0,-0.49030894,0.0915193185210228,0.5578842163085938,0.555010974407196
YBR132C,YGR261C,0,-0.49037412,0.09150433540344238,0.5578842163085938,0.5551110506057739
YNL134C,YGR280C,0,-0.4903981,0.09148935973644257,0.5578842163085938,0.555211067199707
YHR134W,YOR125C,0,-0.49042416,0.09147439152002335,0.5578842163085938,0.5553110837936401
YBL066C,YGR231C,0,-0.49049053,0.09145942330360413,0.5578842163085938,0.5554111003875732
YLR077W,YPL057C,0,-0.4905523,0.0914444625377655,0.5578842163085938,0.5555111169815063
YGR277C,YMR162C,0,-0.49065927,0.09142950922250748,0.5578842163085938,0.5556111335754395
YLR057W,YIL122W,0,-0.4910413,0.09141455590724945,0.5578842163085938,0.5557111501693726
YOL097C,YDL147W,0,-0.49104452,0.09139961004257202,0.5578842163085938,0.5558111667633057
YJR047C,YOR094W,0,-0.49119666,0.09138466417789459,0.5578842163085938,0.5559111833572388
YBR039W,YML022W,0,-0.49122542,0.09136972576379776,0.5578842163085938,0.5560111999511719
YBR258C,YIL063C,0,-0.49129406,0.09135479480028152,0.5578842163085938,0.556111216545105
YNL037C,YNR075W,0,-0.49131548,0.09133987128734589,0.5578842163085938,0.5562112331390381
YGR247W,YPL283C,0,-0.4913696,0.09132494777441025,0.5578842163085938,0.5563112497329712
YLR398C,YGL187C,0,-0.49141282,0.0913100317120552,0.5578842163085938,0.5564112663269043
YGL017W,YKL213C,0,-0.49142,0.09129511564970016,0.5578842163085938,0.5565112829208374
YBL050W,YDR450W,0,-0.4914577,0.09128020703792572,0.5578842163085938,0.5566112995147705
YKL055C,YJL159W,0,-0.4916796,0.09126530587673187,0.5578842163085938,0.5567113161087036
YJL116C,YML026C,0,-0.49181348,0.09125040471553802,0.5578842163085938,0.5568113327026367
YGR049W,YIL010W,0,-0.4918291,0.09123551845550537,0.5578842163085938,0.5569114089012146
YCR073C,YJR086W,0,-0.49198267,0.09122062474489212,0.5578842163085938,0.5570114254951477
YKL049C,YDR155C,0,-0.49201214,0.09120574593544006,0.5578842163085938,0.5571114420890808
YBR019C,YOL049W,0,-0.4923063,0.091190867125988,0.5578842163085938,0.5572114586830139
YOR245C,YOR088W,0,-0.4927594,0.09117598831653595,0.5578842163085938,0.557311475276947
YBR235W,YGL121C,0,-0.49281585,0.09116112440824509,0.5578842163085938,0.5574114918708801
YDR261C-C,YLR362W,0,-0.49283725,0.09114626049995422,0.5578842163085938,0.5575115084648132
YDR490C,YOR322C,1,-0.49285483,0.09129442274570465,0.5588822364807129,0.5575115084648132
YHR183W,YGL150C,0,-0.4928755,0.0912795439362526,0.5588822364807129,0.5576115250587463
YBR088C,YGL166W,0,-0.49290168,0.09126466512680054,0.5588822364807129,0.5577115416526794
YOR237W,YIL041W,1,-0.49305832,0.0914127454161644,0.559880256652832,0.5577115416526794
YDR432W,YDR084C,0,-0.49323314,0.09139785170555115,0.559880256652832,0.5578115582466125
YNL336W,YOR205C,0,-0.4932503,0.0913829579949379,0.559880256652832,0.5579115748405457
YOR034C,YBR214W,1,-0.49325505,0.091530941426754,0.5608782172203064,0.5579115748405457
YML066C,YLR388W,0,-0.4932999,0.09151604026556015,0.5608782172203064,0.5580115914344788
YOL008W,YNL082W,0,-0.49335945,0.0915011391043663,0.5608782172203064,0.5581116080284119
YGL206C,YER125W,1,-0.49358037,0.09164903312921524,0.5618762373924255,0.5581116080284119
YBR084C-A,YAL009W,0,-0.49362093,0.0916341170668602,0.5618762373924255,0.558211624622345
YCR048W,YBR199W,0,-0.4936583,0.09161920100450516,0.5618762373924255,0.5583116412162781
YML118W,YKR018C,0,-0.4937331,0.09160429239273071,0.5618762373924255,0.5584116578102112
YPL246C,YDR522C,0,-0.49392164,0.09158939123153687,0.5618762373924255,0.5585116744041443
YDR097C,YGL257C,0,-0.49416757,0.09157449752092361,0.5618762373924255,0.5586117506027222
YIL158W,YMR167W,0,-0.4942334,0.09155960381031036,0.5618762373924255,0.5587117671966553
YBL045C,YNL009W,0,-0.49424183,0.09154471755027771,0.5618762373924255,0.5588117837905884
YMR283C,YBL005W-A,0,-0.49430674,0.09152983129024506,0.5618762373924255,0.5589118003845215
YJL010C,YKR046C,0,-0.49433112,0.091514952480793,0.5618762373924255,0.5590118169784546
YDR346C,YLR138W,0,-0.49445975,0.09150008112192154,0.5618762373924255,0.5591118335723877
YGL206C,YCR094W,1,-0.49456295,0.09164770692586899,0.5628742575645447,0.5591118335723877
YCL019W,YGR132C,0,-0.49458808,0.09163282066583633,0.5628742575645447,0.5592118501663208
YBR210W,YBR004C,0,-0.4947645,0.09161793440580368,0.5628742575645447,0.5593118667602539
YKL035W,YML065W,0,-0.49493182,0.09160305559635162,0.5628742575645447,0.559411883354187
YLR310C,YBR221C,0,-0.49496305,0.09158817678689957,0.5628742575645447,0.5595118999481201
YLL039C,YOR312C,0,-0.4950553,0.0915733054280281,0.5628742575645447,0.5596119165420532
YAR044W,YJR125C,1,-0.495159,0.09172078222036362,0.5638722777366638,0.5596119165420532
YDL178W,YCL038C,0,-0.4951842,0.09170588850975037,0.5638722777366638,0.5597119331359863
YJR113C,YOR153W,0,-0.49548763,0.09169100970029831,0.5638722777366638,0.5598119497299194
YML066C,YJR091C,0,-0.49548793,0.09167613089084625,0.5638722777366638,0.5599119663238525
YHR112C,YIL105C,0,-0.4955553,0.09166125953197479,0.5638722777366638,0.5600119829177856
YLR332W,YDR210W-A,0,-0.49573916,0.09164638817310333,0.5638722777366638,0.5601119995117188
YGL001C,YOL039W,0,-0.49593666,0.09163152426481247,0.5638722777366638,0.5602120161056519
YKR018C,YDR354W,0,-0.49611902,0.0916166678071022,0.5638722777366638,0.560312032699585
YKL126W,YCL034W,1,-0.49618283,0.0917639434337616,0.5648702383041382,0.560312032699585
YBL008W-A,YPL249C,0,-0.4965074,0.09174906462430954,0.5648702383041382,0.5604121088981628
YLR332W,YDL236W,0,-0.49653316,0.09173420071601868,0.5648702383041382,0.560512125492096
YNL224C,YIL114C,0,-0.49655664,0.09171932935714722,0.5648702383041382,0.560612142086029
YGR192C,YGL079W,0,-0.49680784,0.09170447289943695,0.5648702383041382,0.5607121586799622
YJR105W,YOR153W,0,-0.49704087,0.09168961644172668,0.5648702383041382,0.5608121752738953
YHR216W,YIL010W,0,-0.49721414,0.09167476743459702,0.5648702383041382,0.5609121918678284
YPL008W,YGR280C,0,-0.49724224,0.09165991842746735,0.5648702383041382,0.5610122084617615
YGR068C,YHR123W,0,-0.4972837,0.09164507687091827,0.5648702383041382,0.5611122250556946
YBR235W,YOR190W,0,-0.4975211,0.0916302427649498,0.5648702383041382,0.5612122416496277
YGR038C-B,YGR207C,0,-0.4978944,0.09161540865898132,0.5648702383041382,0.5613122582435608
YKL073W,YLL032C,0,-0.49796587,0.09160058200359344,0.5648702383041382,0.5614122748374939
YAL005C,YKR029C,0,-0.4981691,0.09158576279878616,0.5648702383041382,0.561512291431427
YDL042C,YOR360C,0,-0.4983583,0.09157094359397888,0.5648702383041382,0.5616123080253601
YBR103W,YAR003W,0,-0.49850926,0.0915561318397522,0.5648702383041382,0.5617123246192932
YLR174W,YER018C,0,-0.49851644,0.09154132008552551,0.5648702383041382,0.5618123412132263
YJL204C,YBR214W,1,-0.49852118,0.09168823063373566,0.5658682584762573,0.5618123412132263
YGR048W,YDR382W,0,-0.49853584,0.09167340397834778,0.5658682584762573,0.5619123578071594
YKL107W,YDL092W,0,-0.4985566,0.0916585847735405,0.5658682584762573,0.5620123744010925
YCL040W,YLR178C,0,-0.4986301,0.09164376556873322,0.5658682584762573,0.5621124505996704
YKR086W,YLR216C,0,-0.49879614,0.09162896126508713,0.5658682584762573,0.5622124671936035
YDL044C,YLR133W,0,-0.49885982,0.09161415696144104,0.5658682584762573,0.5623124837875366
YBR290W,YBR056W,0,-0.4991278,0.09159935265779495,0.5658682584762573,0.5624125003814697
YML008C,YOR153W,0,-0.49913335,0.09158455580472946,0.5658682584762573,0.5625125169754028
YKL146W,YLR298C,0,-0.49919984,0.09156976640224457,0.5658682584762573,0.5626125335693359
YOR361C,YOR293W,0,-0.49938977,0.09155498445034027,0.5658682584762573,0.562712550163269
YAR042W,YKR014C,1,-0.49939102,0.09170164912939072,0.5668662786483765,0.562712550163269
YGR227W,YNL327W,0,-0.4994405,0.09168684482574463,0.5668662786483765,0.5628125667572021
YDR119W,YIL073C,0,-0.49955577,0.09167204797267914,0.5668662786483765,0.5629125833511353
YGR192C,YPL053C,0,-0.49976256,0.09165725111961365,0.5668662786483765,0.5630125999450684
YPR082C,YOL041C,0,-0.49977782,0.09164246171712875,0.5668662786483765,0.5631126165390015
YDR302W,YFL008W,0,-0.49978417,0.09162767976522446,0.5668662786483765,0.5632126331329346
YPR104C,YBR228W,0,-0.49993306,0.09161290526390076,0.5668662786483765,0.5633126497268677
YFL039C,YLR337W,1,-0.50004995,0.09175939112901688,0.5678642988204956,0.5633126497268677
YGR287C,YMR113W,0,-0.5000732,0.09174460172653198,0.5678642988204956,0.5634126663208008
YDR210W-D,YDR506C,0,-0.5001101,0.09172980487346649,0.5678642988204956,0.5635126829147339
YNL020C,YCR028C,1,-0.5002812,0.09187620878219604,0.56886225938797,0.5635126829147339
YGR280C,YJR077C,0,-0.50070107,0.09186140447854996,0.56886225938797,0.563612699508667
YDR119W,YBR068C,0,-0.50081223,0.09184660017490387,0.56886225938797,0.5637127161026001
YDR104C,YPL030W,0,-0.50082237,0.09183180332183838,0.56886225938797,0.563812792301178
YFR051C,YIL103W,0,-0.5008655,0.09181701391935349,0.56886225938797,0.5639128088951111
YDR097C,YHR083W,0,-0.50089574,0.09180222451686859,0.56886225938797,0.5640128254890442
YAR008W,YDL213C,0,-0.50097764,0.0917874425649643,0.56886225938797,0.5641128420829773
YOL039W,YBR079C,0,-0.50132614,0.09177266061306,0.56886225938797,0.5642128586769104
YFR051C,YJR125C,0,-0.5014439,0.0917578861117363,0.56886225938797,0.5643128752708435
YEL060C,YHR019C,0,-0.5014598,0.0917431190609932,0.56886225938797,0.5644128918647766
YJR091C,YIR028W,0,-0.50171596,0.09172835201025009,0.56886225938797,0.5645129084587097
YBL067C,YDR163W,0,-0.5017834,0.09171359986066818,0.56886225938797,0.5646129250526428
YGR192C,YHR107C,0,-0.50195944,0.09169884026050568,0.56886225938797,0.5647129416465759
YOL146W,YDR147W,0,-0.5023561,0.09168409556150436,0.56886225938797,0.564812958240509
YDR388W,YCL034W,1,-0.50239664,0.09183017164468765,0.5698602795600891,0.564812958240509
YKL152C,YBL002W,0,-0.5024744,0.09181540459394455,0.5698602795600891,0.5649129748344421
YDR162C,YNL087W,0,-0.50252664,0.09180064499378204,0.5698602795600891,0.5650129914283752
YCR067C,YLR138W,0,-0.5025866,0.09178588539361954,0.5698602795600891,0.5651130080223083
YFL018C,YMR170C,0,-0.5026797,0.09177113324403763,0.5698602795600891,0.5652130246162415
YDR180W,YDL201W,0,-0.5027419,0.09175638854503632,0.5698602795600891,0.5653130412101746
YNR026C,YGR278W,0,-0.502769,0.091741643846035,0.5698602795600891,0.5654130578041077
YJL099W,YPR165W,0,-0.50316966,0.09172690659761429,0.5698602795600891,0.5655130743980408
YLR225C,YGL020C,0,-0.5031806,0.09171217679977417,0.5698602795600891,0.5656131505966187
YKL163W,YML019W,0,-0.5032913,0.09169744700193405,0.5698602795600891,0.5657131671905518
YKL107W,YOR190W,0,-0.5033829,0.09168272465467453,0.5698602795600891,0.5658131837844849
YPL256C,YIL031W,0,-0.50376654,0.09166800230741501,0.5698602795600891,0.565913200378418
YKR086W,YHR042W,0,-0.5039244,0.09165328741073608,0.5698602795600891,0.5660132169723511
YKL055C,YMR199W,0,-0.50393236,0.09163857996463776,0.5698602795600891,0.5661132335662842
YIL121W,YHR083W,0,-0.50426173,0.09162387996912003,0.5698602795600891,0.5662132501602173
YPR082C,YCR089W,0,-0.5044497,0.0916091799736023,0.5698602795600891,0.5663132667541504
YDR255C,YLR022C,0,-0.50463736,0.09159447997808456,0.5698602795600891,0.5664132833480835
YGR287C,YPL249C-A,0,-0.5046949,0.09157979488372803,0.5698602795600891,0.5665132999420166
YHR191C,YMR154C,0,-0.5052332,0.0915651023387909,0.5698602795600891,0.5666133165359497
YPR121W,YML007W,0,-0.5054128,0.09155042469501495,0.5698602795600891,0.5667133331298828
YDL126C,YDL236W,0,-0.50545996,0.09153574705123901,0.5698602795600891,0.5668133497238159
YMR104C,YPL032C,0,-0.50551826,0.09152107685804367,0.5698602795600891,0.566913366317749
YNL154C,YNL084C,1,-0.50557494,0.09166666865348816,0.5708582997322083,0.566913366317749
YHR183W,YIL114C,0,-0.5056756,0.09165197610855103,0.5708582997322083,0.5670133829116821
YGL255W,YDR409W,0,-0.50582415,0.09163729846477509,0.5708582997322083,0.5671133995056152
YBR133C,YPL255W,0,-0.5058424,0.09162262082099915,0.5708582997322083,0.5672134160995483
YDL178W,YKL222C,0,-0.5058761,0.0916079431772232,0.5708582997322083,0.5673134922981262
YDL194W,YIL015W,0,-0.5058963,0.09159327298402786,0.5708582997322083,0.5674135088920593
YHR135C,YDR490C,1,-0.5059308,0.09173871576786041,0.5718562602996826,0.5674135088920593
YLR071C,YHR045W,0,-0.50597924,0.09172403067350388,0.5718562602996826,0.5675135254859924
YHR001W,YOR008C,1,-0.5060435,0.09186939895153046,0.5728542804718018,0.5675135254859924
YNL116W,YLR229C,0,-0.50611657,0.09185469895601273,0.5728542804718018,0.5676135420799255
YIL085C,YBL101C,0,-0.506245,0.091839998960495,0.5728542804718018,0.5677135586738586
YPL242C,YDL058W,0,-0.50630295,0.09182530641555786,0.5728542804718018,0.5678135752677917
YPR075C,YGR209C,0,-0.506435,0.09181062132120132,0.5728542804718018,0.5679135918617249
YFR051C,YCL062W,0,-0.50649935,0.09179593622684479,0.5728542804718018,0.568013608455658
YGR240C,YDR266C,0,-0.5066846,0.09178125858306885,0.5728542804718018,0.5681136250495911
YGL250W,YIL063C,0,-0.5068006,0.0917665883898735,0.5728542804718018,0.5682136416435242
YPR164W,YFL022C,0,-0.5069123,0.09175191819667816,0.5728542804718018,0.5683136582374573
YDR237W,YBR057C,0,-0.50698274,0.09173725545406342,0.5728542804718018,0.5684136748313904
YDR338C,YGL077C,0,-0.50712085,0.09172259271144867,0.5728542804718018,0.5685136914253235
YBL016W,YKR003W,0,-0.50741595,0.09170793741941452,0.5728542804718018,0.5686137080192566
YJR086W,YBR021W,0,-0.50777805,0.09169328957796097,0.5728542804718018,0.5687137246131897
YOR109W,YNR075W,1,-0.5078452,0.09183836728334427,0.5738523006439209,0.5687137246131897
YCR009C,YCL034W,1,-0.5080877,0.09198339283466339,0.57485032081604,0.5687137246131897
YLR340W,YIL010W,0,-0.5082129,0.09196870774030685,0.57485032081604,0.5688137412071228
YBR079C,YIL129C,0,-0.5082346,0.09195402264595032,0.57485032081604,0.5689137578010559
YCL020W,YOL077W-A,0,-0.50839543,0.09193934500217438,0.57485032081604,0.569013774394989
YCL038C,YOR245C,0,-0.5084834,0.09192467480897903,0.57485032081604,0.5691138505935669
YNL035C,YBR154C,0,-0.5084963,0.09191000461578369,0.57485032081604,0.5692138671875
YHR072W,YJL210W,0,-0.5085566,0.09189534187316895,0.57485032081604,0.5693138837814331
YCR073C,YNL265C,0,-0.5085699,0.0918806791305542,0.57485032081604,0.5694139003753662
YER003C,YDR210W,0,-0.5087151,0.09186603128910065,0.57485032081604,0.5695139169692993
YBR216C,YGL077C,0,-0.50886965,0.0918513759970665,0.57485032081604,0.5696139335632324
YDR194C,YEL046C,0,-0.5090406,0.09183673560619354,0.57485032081604,0.5697139501571655
YJL207C,YHR196W,0,-0.50911355,0.09182209521532059,0.57485032081604,0.5698139667510986
YJR043C,YOR284W,0,-0.5093148,0.09180746227502823,0.57485032081604,0.5699139833450317
YJR047C,YPL270W,0,-0.50952035,0.09179282933473587,0.57485032081604,0.5700139999389648
YKR098C,YNL097C,0,-0.5095306,0.09177820384502411,0.57485032081604,0.570114016532898
YLR405W,YKR065C,0,-0.50965977,0.09176357835531235,0.57485032081604,0.570214033126831
YML130C,YBR044C,0,-0.50980043,0.09174896776676178,0.57485032081604,0.5703140497207642
YJR064W,YOR125C,0,-0.50991035,0.09173434972763062,0.57485032081604,0.5704140663146973
YPR082C,YEL077C,0,-0.51010084,0.09171974658966064,0.57485032081604,0.5705140829086304
YLL036C,YDR480W,0,-0.5101188,0.09170514345169067,0.57485032081604,0.5706140995025635
YJL028W,YNR073C,0,-0.5101265,0.0916905477643013,0.57485032081604,0.5707141160964966
YKL086W,YPR020W,0,-0.5102185,0.09167595207691193,0.57485032081604,0.5708141922950745
YHR063C,YHR007C,0,-0.5102216,0.09166136384010315,0.57485032081604,0.5709142088890076
YDR034C-D,YOR234C,0,-0.510225,0.09164677560329437,0.57485032081604,0.5710142254829407
YPR094W,YDL150W,0,-0.51024055,0.09163219481706619,0.57485032081604,0.5711142420768738
YGL121C,YNR051C,0,-0.5102699,0.09161762148141861,0.57485032081604,0.5712142586708069
YFR009W,YCR083W,0,-0.5105573,0.09160305559635162,0.57485032081604,0.57131427526474
YDR171W,YMR260C,0,-0.51061046,0.09158848971128464,0.57485032081604,0.5714142918586731
YMR236W,YBR068C,0,-0.5107327,0.09157392382621765,0.57485032081604,0.5715143084526062
YNR054C,YDR202C,0,-0.51093304,0.09155937284231186,0.57485032081604,0.5716143250465393
YGR049W,YDR171W,0,-0.51109433,0.09154482185840607,0.57485032081604,0.5717143416404724
YLR210W,YGL055W,0,-0.51114154,0.09153027087450027,0.57485032081604,0.5718143582344055
YJL018W,YCR070W,0,-0.5112515,0.09151572734117508,0.57485032081604,0.5719143748283386
YER039C,YER157W,0,-0.5113058,0.09150119125843048,0.57485032081604,0.5720143914222717
YBR126C,YCR102C,0,-0.5113275,0.09148665517568588,0.57485032081604,0.5721144080162048
YHL013C,YKR042W,0,-0.5113533,0.09147212654352188,0.57485032081604,0.5722144246101379
YJL210W,YML007W,0,-0.5114298,0.09145760536193848,0.57485032081604,0.572314441204071
YPL227C,YOR094W,0,-0.5115355,0.09144308418035507,0.57485032081604,0.5724144577980042
YPL088W,YDR186C,0,-0.5116862,0.09142857044935226,0.57485032081604,0.5725144743919373
YER048C,YLR089C,0,-0.5118768,0.09141406416893005,0.57485032081604,0.5726145505905151
YBR073W,YPL270W,0,-0.51188695,0.09139955788850784,0.57485032081604,0.5727145671844482
YPR023C,YMR052W,0,-0.5118942,0.09138505160808563,0.57485032081604,0.5728145837783813
YLR135W,YGL234W,0,-0.51208544,0.09137056022882462,0.57485032081604,0.5729146003723145
YGR059W,YEL055C,0,-0.51220113,0.0913560688495636,0.57485032081604,0.5730146169662476
YPL004C,YPL145C,1,-0.5122783,0.09150015562772751,0.5758482813835144,0.5730146169662476
YPR201W,YMR068W,0,-0.51248,0.0914856493473053,0.5758482813835144,0.5731146335601807
YFL022C,YJR125C,0,-0.5125452,0.09147115051746368,0.5758482813835144,0.5732146501541138
YCR048W,YOR073W,0,-0.5125675,0.09145665168762207,0.5758482813835144,0.5733146667480469
YPL236C,YML022W,0,-0.5126133,0.09144215285778046,0.5758482813835144,0.57341468334198
YNL126W,YGL201C,0,-0.5127655,0.09142766892910004,0.5758482813835144,0.5735146999359131
YLR369W,YGR161C-C,0,-0.51277006,0.09141317754983902,0.5758482813835144,0.5736147165298462
YLR077W,YKL163W,0,-0.5127742,0.0913987010717392,0.5758482813835144,0.5737147331237793
YGR096W,YDL079C,0,-0.5130383,0.09138422459363937,0.5758482813835144,0.5738147497177124
YPR183W,YNL256W,0,-0.51338637,0.09136975556612015,0.5758482813835144,0.5739147663116455
YMR167W,YOL068C,0,-0.51343405,0.09135528653860092,0.5758482813835144,0.5740147829055786
YDL207W,YFL022C,0,-0.5135637,0.09134082496166229,0.5758482813835144,0.5741147994995117
YLR307W,YOR122C,0,-0.5136277,0.09132637083530426,0.5758482813835144,0.5742148160934448
YDR477W,YGR289C,0,-0.5136845,0.09131191670894623,0.5758482813835144,0.5743148922920227
YBR083W,YBR057C,0,-0.51384157,0.09129747003316879,0.5758482813835144,0.5744149088859558
YGL033W,YER183C,0,-0.5139705,0.09128302335739136,0.5758482813835144,0.5745149254798889
YNL225C,YPL124W,0,-0.5140368,0.09126858413219452,0.5758482813835144,0.574614942073822
YOR214C,YOL137W,0,-0.5140734,0.09125415235757828,0.5758482813835144,0.5747149586677551
YDR462W,YLR240W,0,-0.5144138,0.09123972058296204,0.5758482813835144,0.5748149752616882
YPL164C,YML022W,0,-0.5146386,0.09122529625892639,0.5758482813835144,0.5749149918556213
YNR036C,YJL138C,0,-0.5149162,0.09121087938547134,0.5758482813835144,0.5750150084495544
YBR207W,YBL101C,1,-0.51499194,0.09135451167821884,0.5768463015556335,0.5750150084495544
YCL038C,YKR022C,0,-0.515039,0.091340072453022,0.5768463015556335,0.5751150250434875
YJR144W,YGL153W,0,-0.5151396,0.09132564067840576,0.5768463015556335,0.5752150416374207
YJL111W,YER018C,0,-0.5151634,0.09131121635437012,0.5768463015556335,0.5753150582313538
YCL010C,YDR488C,0,-0.51525164,0.09129679203033447,0.5768463015556335,0.5754150748252869
YFR042W,YKR087C,0,-0.5152643,0.09128237515687943,0.5768463015556335,0.57551509141922
YBR234C,YEL011W,0,-0.51535136,0.09126795828342438,0.5768463015556335,0.5756151080131531
YPL268W,YBR227C,0,-0.5154194,0.09125354886054993,0.5768463015556335,0.5757151246070862
YEL004W,YOR133W,0,-0.5154799,0.09123914688825607,0.5768463015556335,0.5758151412010193
YCL030C,YGR256W,0,-0.5156619,0.09122474491596222,0.5768463015556335,0.5759151577949524
YKL107W,YMR197C,0,-0.5156872,0.09121035039424896,0.5768463015556335,0.5760151743888855
YCR017C,YJL137C,0,-0.5157637,0.0911959633231163,0.5768463015556335,0.5761152505874634
YDL194W,YHL020C,0,-0.5159405,0.09118157625198364,0.5768463015556335,0.5762152671813965
YPR020W,YOR030W,0,-0.51598895,0.09116718918085098,0.5768463015556335,0.5763152837753296
YOR328W,YPL266W,0,-0.5160762,0.09115281701087952,0.5768463015556335,0.5764153003692627
YML126C,YLR341W,0,-0.5161324,0.09113844484090805,0.5768463015556335,0.5765153169631958
YDR354W,YOR343C-B,0,-0.5162239,0.09112407267093658,0.5768463015556335,0.5766153335571289
YLR135W,YPL081W,0,-0.5162781,0.09110970795154572,0.5768463015556335,0.576715350151062
YLR408C,YAL047C,0,-0.51628757,0.09109535068273544,0.5768463015556335,0.5768153667449951
YPL164C,YHR045W,0,-0.5163609,0.09108099341392517,0.5768463015556335,0.5769153833389282
YOR033C,YBR215W,0,-0.51654494,0.0910666435956955,0.5768463015556335,0.5770153999328613
YKR010C,YMR190C,0,-0.51675296,0.09105230122804642,0.5768463015556335,0.5771154165267944
YMR079W,YOR022C,0,-0.51677907,0.09103795886039734,0.5768463015556335,0.5772154331207275
YHR072W,YGL086W,0,-0.51682097,0.09102362394332886,0.5768463015556335,0.5773154497146606
YLR051C,YGL234W,0,-0.516883,0.09100928902626038,0.5768463015556335,0.5774154663085938
YNL021W,YGR261C,0,-0.5169666,0.09099496155977249,0.5768463015556335,0.5775154829025269
YDR182W,YDR237W,0,-0.51723194,0.0909806415438652,0.5768463015556335,0.57761549949646
YOL041C,YDR477W,0,-0.5172885,0.09096632152795792,0.5768463015556335,0.5777155160903931
YPR023C,YHR152W,0,-0.5174282,0.09095200896263123,0.5768463015556335,0.577815592288971
YLR003C,YNR075W,0,-0.5176164,0.09093769639730453,0.5768463015556335,0.577915608882904
YML078W,YIL031W,0,-0.51769143,0.09092339128255844,0.5768463015556335,0.5780156254768372
YOR094W,YOR007C,0,-0.5177478,0.09090909361839294,0.5768463015556335,0.5781156420707703
YLR307W,YKL184W,0,-0.51807183,0.09089479595422745,0.5768463015556335,0.5782156586647034
YOR125C,YPL265W,0,-0.5182419,0.09088050574064255,0.5768463015556335,0.5783156752586365
YLR272C,YBR236C,0,-0.5183514,0.09086621552705765,0.5768463015556335,0.5784156918525696
YLR051C,YNL009W,0,-0.5183564,0.09085193276405334,0.5768463015556335,0.5785157084465027
YJL138C,YHR196W,0,-0.5185206,0.09083765745162964,0.5768463015556335,0.5786157250404358
YDL207W,YLL039C,0,-0.5185639,0.09082338213920593,0.5768463015556335,0.5787157416343689
YDL044C,YLR117C,0,-0.5187267,0.09080911427736282,0.5768463015556335,0.578815758228302
YBL004W,YMR134W,0,-0.518914,0.09079484641551971,0.5768463015556335,0.5789157748222351
YPL246C,YOR178C,0,-0.5189286,0.0907805860042572,0.5768463015556335,0.5790157914161682
YHR065C,YGL234W,0,-0.518998,0.09076633304357529,0.5768463015556335,0.5791158080101013
YBR207W,YNL032W,1,-0.5190582,0.09090909361839294,0.5778443217277527,0.5791158080101013
YGR195W,YKR039W,0,-0.5192157,0.09089481830596924,0.5778443217277527,0.5792158246040344
YER141W,YPR121W,0,-0.51953286,0.09088055044412613,0.5778443217277527,0.5793158411979675
YOR229W,YLR297W,0,-0.51980036,0.09086629003286362,0.5778443217277527,0.5794158577919006
YCR017C,YHR094C,0,-0.51996255,0.0908520296216011,0.5778443217277527,0.5795158743858337
YOR128C,YBR302C,0,-0.5200615,0.09083777666091919,0.5778443217277527,0.5796159505844116
YMR135C,YEL077C,0,-0.52008724,0.09082353115081787,0.5778443217277527,0.5797159671783447
YDR059C,YLR056W,1,-0.52041316,0.0909661203622818,0.5788423418998718,0.5797159671783447
YLR002C,YDL165W,0,-0.5204591,0.09095185995101929,0.5788423418998718,0.5798159837722778
YDR171W,YGR163W,0,-0.5206616,0.09093759953975677,0.5788423418998718,0.5799160003662109
YGL099W,YMR291W,0,-0.52076423,0.09092333912849426,0.5788423418998718,0.580016016960144
YNL209W,YEL047C,0,-0.52077234,0.09090909361839294,0.5788423418998718,0.5801160335540771
YNL329C,YJL002C,0,-0.5208471,0.09089484065771103,0.5788423418998718,0.5802160501480103
YGR013W,YKL139W,0,-0.52092826,0.09088060259819031,0.5788423418998718,0.5803160667419434
YIR022W,YJL184W,0,-0.5210854,0.09086636453866959,0.5788423418998718,0.5804160833358765
YNL071W,YHR050W,0,-0.5211624,0.09085213392972946,0.5788423418998718,0.5805160999298096
YMR135C,YJL159W,0,-0.5213445,0.09083790332078934,0.5788423418998718,0.5806161165237427
YEL020C,YPL170W,0,-0.521438,0.09082368016242981,0.5788423418998718,0.5807161331176758
YHR107C,YBR227C,0,-0.5215086,0.09080945700407028,0.5788423418998718,0.5808161497116089
YDR113C,YFL050C,0,-0.52163404,0.09079524129629135,0.5788423418998718,0.580916166305542
YLR431C,YGL254W,0,-0.52168185,0.09078103303909302,0.5788423418998718,0.5810161828994751
YDR171W,YOR178C,0,-0.5218986,0.09076682478189468,0.5788423418998718,0.5811161994934082
YOR328W,YLL032C,0,-0.5219332,0.09075262397527695,0.5788423418998718,0.5812162160873413
YEL026W,YGR240C,0,-0.5220224,0.09073842316865921,0.5788423418998718,0.5813162922859192
YAL001C,YLR256W,0,-0.522244,0.09072422981262207,0.5788423418998718,0.5814163088798523
YDL052C,YEL042W,0,-0.52224976,0.09071004390716553,0.5788423418998718,0.5815163254737854
YNL069C,YER118C,0,-0.52240884,0.09069585800170898,0.5788423418998718,0.5816163420677185
YDR113C,YGL079W,0,-0.52242357,0.09068167954683304,0.5788423418998718,0.5817163586616516
YBR056W,YLR256W,0,-0.5224693,0.09066750109195709,0.5788423418998718,0.5818163752555847
YKL160W,YDR293C,0,-0.5225526,0.09065333008766174,0.5788423418998718,0.5819163918495178
YBR280C,YHR050W,0,-0.5226667,0.0906391590833664,0.5788423418998718,0.5820164084434509
YAR071W,YMR068W,0,-0.5226901,0.09062500298023224,0.5788423418998718,0.582116425037384
YMR135C,YOR293W,0,-0.52283573,0.09061083942651749,0.5788423418998718,0.5822164416313171
YDR294C,YPR165W,0,-0.5229187,0.09059669077396393,0.5788423418998718,0.5823164582252502
YKL107W,YLR155C,0,-0.52296466,0.09058254212141037,0.5788423418998718,0.5824164748191833
YNL072W,YPL241C,0,-0.52305305,0.09056839346885681,0.5788423418998718,0.5825164914131165
YOR173W,YJR137C,0,-0.5233258,0.09055425226688385,0.5788423418998718,0.5826165080070496
YIL131C,YLL005C,0,-0.5233416,0.09054011851549149,0.5788423418998718,0.5827165246009827
YGR140W,YNL148C,0,-0.52360034,0.09052598476409912,0.5788423418998718,0.5828165411949158
YOR094W,YLR355C,0,-0.5236979,0.09051185846328735,0.5788423418998718,0.5829165577888489
YDR155C,YGL029W,0,-0.52373385,0.09049773961305618,0.5788423418998718,0.583016574382782
YFL008W,YPR065W,0,-0.52377903,0.09048362076282501,0.5788423418998718,0.5831166505813599
YER146W,YBL016W,0,-0.5238874,0.09046950191259384,0.5788423418998718,0.583216667175293
YPR018W,YPL015C,0,-0.52389383,0.09045539796352386,0.5788423418998718,0.5833166837692261
YGR275W,YIL040W,0,-0.524057,0.09044129401445389,0.5788423418998718,0.5834167003631592
YDR186C,YNR049C,0,-0.5242797,0.09042719006538391,0.5788423418998718,0.5835167169570923
YHR043C,YDR450W,0,-0.5244982,0.09041309356689453,0.5788423418998718,0.5836167335510254
YPR140W,YIL050W,0,-0.52469206,0.09039900451898575,0.5788423418998718,0.5837167501449585
YHR043C,YPR033C,0,-0.5247052,0.09038491547107697,0.5788423418998718,0.5838167667388916
YPL145C,YOR089C,1,-0.5247559,0.09052664041519165,0.5798403024673462,0.5838167667388916
YFL052W,YPL212C,0,-0.52488554,0.09051254391670227,0.5798403024673462,0.5839167833328247
YHR050W,YPL012W,0,-0.5249075,0.0904984399676323,0.5798403024673462,0.5840167999267578
YLR116W,YPL069C,0,-0.5250788,0.09048435091972351,0.5798403024673462,0.5841168165206909
YDR020C,YJL118W,0,-0.5250881,0.09047026187181473,0.5798403024673462,0.584216833114624
YPR183W,YLR002C,0,-0.5253925,0.09045617282390594,0.5798403024673462,0.5843168497085571
YJL042W,YDR267C,0,-0.5255817,0.09044209122657776,0.5798403024673462,0.5844168663024902
YDR073W,YMR278W,0,-0.5255989,0.09042801707983017,0.5798403024673462,0.5845168828964233
YPL009C,YOL001W,0,-0.5257851,0.09041394293308258,0.5798403024673462,0.5846168994903564
YPR104C,YLR057W,0,-0.52587795,0.09039987623691559,0.5798403024673462,0.5847169160842896
YDL153C,YJR091C,0,-0.5262804,0.0903858095407486,0.5798403024673462,0.5848169922828674
YOR360C,YNR075W,0,-0.5264251,0.0903717502951622,0.5798403024673462,0.5849170088768005
YHR019C,YGR128C,0,-0.5264522,0.0903576985001564,0.5798403024673462,0.5850170254707336
YKL163W,YLR002C,0,-0.526693,0.0903436467051506,0.5798403024673462,0.5851170420646667
YDR113C,YPL124W,0,-0.5268508,0.0903296023607254,0.5798403024673462,0.5852170586585999
YPR025C,YOL058W,0,-0.5270845,0.0903155580163002,0.5798403024673462,0.585317075252533
YOR298C-A,YNL336W,0,-0.5274981,0.0903015211224556,0.5798403024673462,0.5854170918464661
YJL018W,YHR003C,0,-0.5277587,0.09028749167919159,0.5798403024673462,0.5855171084403992
YGR096W,YGL097W,0,-0.52786565,0.09027346223592758,0.5798403024673462,0.5856171250343323
YPL003W,YIL067C,0,-0.52788633,0.09025944024324417,0.5798403024673462,0.5857171416282654
YBR179C,YGL145W,0,-0.52789676,0.09024541825056076,0.5798403024673462,0.5858171582221985
YCR069W,YJR002W,0,-0.52798593,0.09023140370845795,0.5798403024673462,0.5859171748161316
YOR197W,YCR003W,0,-0.5280503,0.09021738916635513,0.5798403024673462,0.5860171914100647
YOR153W,YIL114C,0,-0.5283175,0.09020338207483292,0.5798403024673462,0.5861172080039978
YDR210W-D,YBR139W,0,-0.5284041,0.0901893824338913,0.5798403024673462,0.5862172245979309
YLL038C,YCL034W,1,-0.5286458,0.0903305932879448,0.5808383226394653,0.5862172245979309
YFR051C,YDR506C,0,-0.5287398,0.09031657129526138,0.5808383226394653,0.586317241191864
YKL209C,YLR222C,0,-0.5288086,0.09030255675315857,0.5808383226394653,0.5864172577857971
YDR221W,YBR236C,0,-0.52882135,0.09028854966163635,0.5808383226394653,0.5865172743797302
YNL256W,YHR045W,0,-0.5288697,0.09027455002069473,0.5808383226394653,0.5866173505783081
YLR297W,YDR324C,0,-0.52891463,0.09026054292917252,0.5808383226394653,0.5867173671722412
YOR008C,YPR165W,1,-0.5292242,0.09040161222219467,0.5818363428115845,0.5867173671722412
YNL072W,YPL046C,0,-0.5293404,0.09038759768009186,0.5818363428115845,0.5868173837661743
YLR132C,YKR092C,0,-0.5294371,0.09037358313798904,0.5818363428115845,0.5869174003601074
YKL055C,YHR042W,0,-0.5295079,0.09035957604646683,0.5818363428115845,0.5870174169540405
YOR034C,YPL145C,1,-0.5295509,0.09050054103136063,0.5828343033790588,0.5870174169540405
YKL018W,YIL122W,0,-0.5297148,0.09048651903867722,0.5828343033790588,0.5871174335479736
YPL055C,YCR097W,0,-0.529722,0.0904725044965744,0.5828343033790588,0.5872174501419067
YPR158W-A,YJL076W,0,-0.52972317,0.09045848995447159,0.5828343033790588,0.5873174667358398
YGR023W,YOR293W,0,-0.5297837,0.09044447541236877,0.5828343033790588,0.587417483329773
YDR388W,YCR009C,1,-0.5301734,0.09058532118797302,0.583832323551178,0.587417483329773
YLR138W,YGR098C,0,-0.5302087,0.09057129919528961,0.583832323551178,0.587517499923706
YCR028C,YCR009C,1,-0.53022194,0.09071207791566849,0.5848303437232971,0.587517499923706
YBR152W,YBL019W,0,-0.5303103,0.09069803357124329,0.5848303437232971,0.5876175165176392
YPR079W,YAL042W,0,-0.5303952,0.09068399667739868,0.5848303437232971,0.5877175331115723
YDR339C,YDR322C-A,0,-0.5304915,0.09066996723413467,0.5848303437232971,0.5878175497055054
YLR084C,YGL156W,0,-0.5309316,0.09065593779087067,0.5848303437232971,0.5879175662994385
YLR077W,YDL104C,0,-0.53112113,0.09064191579818726,0.5848303437232971,0.5880175828933716
YBR132C,YDR322C-A,0,-0.5311706,0.09062790125608444,0.5848303437232971,0.5881175994873047
YGL156W,YOR339C,0,-0.53125644,0.09061388671398163,0.5848303437232971,0.5882176160812378
YDR348C,YAL042W,0,-0.5312897,0.09059987962245941,0.5848303437232971,0.5883176922798157
YPL004C,YNL154C,1,-0.53133726,0.09074045717716217,0.5858283638954163,0.5883176922798157
YNL154C,YLR342W,1,-0.5313765,0.09088099002838135,0.5868263244628906,0.5883176922798157
YGL121C,YOR295W,0,-0.5314174,0.09086694568395615,0.5868263244628906,0.5884177088737488
YPL088W,YMR060C,0,-0.5315454,0.09085290133953094,0.5868263244628906,0.5885177254676819
YJL139C,YGR207C,0,-0.531594,0.09083887189626694,0.5868263244628906,0.588617742061615
YHR094C,YKR042W,0,-0.5316242,0.09082483500242233,0.5868263244628906,0.5887177586555481
YJL207C,YJR144W,0,-0.53171194,0.09081081300973892,0.5868263244628906,0.5888177752494812
YIR028W,YOR256C,0,-0.53183895,0.09079679101705551,0.5868263244628906,0.5889177918434143
YPL164C,YKR022C,0,-0.53186154,0.0907827690243721,0.5868263244628906,0.5890178084373474
YAL030W,YEL027W,1,-0.5318875,0.09092312306165695,0.5878243446350098,0.5890178084373474
YBR109C,YOR181W,1,-0.53210175,0.09106343239545822,0.5888223648071289,0.5890178084373474
YGL033W,YMR121C,0,-0.53214264,0.09104938060045242,0.5888223648071289,0.5891178250312805
YPL003W,YJR077C,0,-0.53227854,0.09103533625602722,0.5888223648071289,0.5892178416252136
YBR171W,YDR488C,0,-0.5323283,0.09102129191160202,0.5888223648071289,0.5893178582191467
YNL225C,YBR227C,0,-0.5324984,0.09100724756717682,0.5888223648071289,0.5894178748130798
YKL126W,YBL007C,1,-0.5326357,0.09114743769168854,0.589820384979248,0.5894178748130798
YGR287C,YNL088W,0,-0.53264546,0.09113338589668274,0.589820384979248,0.5895178914070129
YOR234C,YKL184W,0,-0.5327289,0.09111933410167694,0.589820384979248,0.589617908000946
YFL031W,YJR137C,0,-0.5328065,0.09110528975725174,0.589820384979248,0.5897179245948792
YER004W,YLR362W,0,-0.5328474,0.09109124541282654,0.589820384979248,0.5898179411888123
YGL250W,YGL160W,0,-0.5329507,0.09107720851898193,0.589820384979248,0.5899179577827454
YDR394W,YNL134C,0,-0.5329772,0.09106317162513733,0.589820384979248,0.5900179743766785
YNR073C,YKL222C,0,-0.53345,0.09104914218187332,0.589820384979248,0.5901180505752563
YAR044W,YOR109W,1,-0.53355765,0.09118915349245071,0.5908183455467224,0.5901180505752563
YKL018W,YDR484W,0,-0.533689,0.09117510914802551,0.5908183455467224,0.5902180671691895
YKL126W,YHR073W,1,-0.5339735,0.09131506085395813,0.5918163657188416,0.5902180671691895
YBL042C,YKL184W,0,-0.5341081,0.09130100160837173,0.5918163657188416,0.5903180837631226
YPL032C,YLR337C,1,-0.5342187,0.09144088625907898,0.5928143858909607,0.5903180837631226
YJL123C,YOR307C,0,-0.53473926,0.09142681211233139,0.5928143858909607,0.5904181003570557
YHR112C,YBR199W,0,-0.53482157,0.0914127454161644,0.5928143858909607,0.5905181169509888
YNL169C,YIL065C,0,-0.5349063,0.0913986787199974,0.5928143858909607,0.5906181335449219
YOR173W,YHR062C,0,-0.53497094,0.09138461202383041,0.5928143858909607,0.590718150138855
YDL168W,YPL088W,0,-0.53499675,0.09137056022882462,0.5928143858909607,0.5908181667327881
YML131W,YDR354W,0,-0.5350086,0.09135650843381882,0.5928143858909607,0.5909181833267212
YDL188C,YLR119W,0,-0.5351165,0.09134245663881302,0.5928143858909607,0.5910181999206543
YJL207C,YDL014W,0,-0.53512007,0.09132841229438782,0.5928143858909607,0.5911182165145874
YBR302C,YMR044W,0,-0.5354097,0.09131437540054321,0.5928143858909607,0.5912182331085205
YPR107C,YML022W,0,-0.5355809,0.09130033850669861,0.5928143858909607,0.5913182497024536
YOR293W,YLL015W,0,-0.53572136,0.0912863090634346,0.5928143858909607,0.5914182662963867
YIL131C,YIL073C,0,-0.53578097,0.0912722796201706,0.5928143858909607,0.5915182828903198
YOL060C,YFL022C,0,-0.5359065,0.09125825762748718,0.5928143858909607,0.5916182994842529
YHR003C,YGR065C,0,-0.535908,0.09124424308538437,0.5928143858909607,0.591718316078186
YCR017C,YLL032C,0,-0.53592867,0.09123022854328156,0.5928143858909607,0.5918183922767639
YML019W,YMR271C,0,-0.5359941,0.09121621400117874,0.5928143858909607,0.591918408870697
YGR287C,YPL029W,0,-0.53611815,0.09120221436023712,0.5928143858909607,0.5920184254646301
YLR408C,YBL004W,0,-0.5362957,0.0911882072687149,0.5928143858909607,0.5921184420585632
YER144C,YHR183W,0,-0.53652215,0.09117421507835388,0.5928143858909607,0.5922184586524963
YIL131C,YLR319C,0,-0.536613,0.09116022288799286,0.5928143858909607,0.5923184752464294
YBR235W,YDL236W,0,-0.5366536,0.09114623069763184,0.5928143858909607,0.5924184918403625
YKL086W,YMR199W,0,-0.5369841,0.09113224595785141,0.5928143858909607,0.5925185084342957
YOR149C,YGR198W,0,-0.53707767,0.09111826866865158,0.5928143858909607,0.5926185250282288
YDL052C,YLR027C,0,-0.53714633,0.09110429137945175,0.5928143858909607,0.5927185416221619
YKR060W,YDL042C,0,-0.5372535,0.09109032154083252,0.5928143858909607,0.592818558216095
YKL152C,YOR312C,0,-0.537353,0.09107635915279388,0.5928143858909607,0.5929185748100281
YGR277C,YDL150W,0,-0.5375198,0.09106239676475525,0.5928143858909607,0.5930185914039612
YNL021W,YKL018W,0,-0.5375366,0.09104843437671661,0.5928143858909607,0.5931186079978943
YBL046W,YKL092C,0,-0.53772026,0.09103447943925858,0.5928143858909607,0.5932186245918274
YDL126C,YLR066W,0,-0.53775513,0.09102053195238113,0.5928143858909607,0.5933186411857605
YDR163W,YNL336W,0,-0.53775626,0.09100658446550369,0.5928143858909607,0.5934186577796936
YOR140W,YML065W,0,-0.5378643,0.09099264442920685,0.5928143858909607,0.5935186743736267
YOR095C,YGL166W,0,-0.5380249,0.0909787118434906,0.5928143858909607,0.5936187505722046
YJR047C,YOR178C,0,-0.538195,0.09096477925777435,0.5928143858909607,0.5937187671661377
YBR084C-A,YGL079W,0,-0.5386343,0.0909508466720581,0.5928143858909607,0.5938187837600708
YBR186W,YHR152W,0,-0.53871167,0.09093692898750305,0.5928143858909607,0.5939188003540039
YDL004W,YNL053W,0,-0.53877664,0.0909230038523674,0.5928143858909607,0.594018816947937
YCR028C,YIL048W,1,-0.5388273,0.09106213599443436,0.5938123464584351,0.594018816947937
YLR297W,YLR398C,0,-0.5389621,0.09104820340871811,0.5938123464584351,0.5941188335418701
YHL007C,YOR371C,0,-0.53898335,0.09103427082300186,0.5938123464584351,0.5942188501358032
YFL018C,YOL113W,0,-0.53903663,0.09102034568786621,0.5938123464584351,0.5943188667297363
YER166W,YNL243W,1,-0.539114,0.09115937352180481,0.5948103666305542,0.5943188667297363
YIR034C,YCR017C,0,-0.5392991,0.09114543348550797,0.5948103666305542,0.5944188833236694
YAL005C,YOR133W,0,-0.5396286,0.09113150089979172,0.5948103666305542,0.5945188999176025
YHR034C,YJR017C,0,-0.53970575,0.09111756831407547,0.5948103666305542,0.5946189165115356
YOR149C,YOR202W,0,-0.5397686,0.09110363572835922,0.5948103666305542,0.5947189331054688
YML064C,YKL084W,0,-0.5398372,0.09108971059322357,0.5948103666305542,0.5948189496994019
YOL097C,YOR010C,0,-0.5399718,0.09107579290866852,0.5948103666305542,0.594918966293335
YLR174W,YDL213C,0,-0.5403017,0.09106188267469406,0.5948103666305542,0.5950189828872681
YMR288W,YDL042C,0,-0.54034454,0.09104796499013901,0.5948103666305542,0.5951189994812012
YML019W,YNL326C,0,-0.5404067,0.09103406220674515,0.5948103666305542,0.5952190160751343
YAR050W,YCL011C,0,-0.5407449,0.09102015942335129,0.5948103666305542,0.5953190922737122
YLR205C,YJR043C,0,-0.5408643,0.09100626409053802,0.5948103666305542,0.5954191088676453
YDL002C,YLL005C,0,-0.54088694,0.09099236875772476,0.5948103666305542,0.5955191254615784
YGL131C,YER094C,0,-0.5410702,0.0909784734249115,0.5948103666305542,0.5956191420555115
YKR060W,YDR099W,0,-0.54112214,0.09096459299325943,0.5948103666305542,0.5957191586494446
YKL126W,YKL129C,1,-0.5411438,0.09110330790281296,0.5958083868026733,0.5957191586494446
YJR159W,YMR277W,0,-0.5412455,0.0910894125699997,0.5958083868026733,0.5958191752433777
YMR068W,YOL137W,0,-0.54129314,0.09107551723718643,0.5958083868026733,0.5959191918373108
YEL047C,YKL148C,0,-0.541518,0.09106162190437317,0.5958083868026733,0.5960192084312439
YHR045W,YGR261C,0,-0.54158294,0.0910477340221405,0.5958083868026733,0.596119225025177
YMR164C,YMR271C,0,-0.5416627,0.09103385359048843,0.5958083868026733,0.5962192416191101
YHR114W,YDR093W,1,-0.54186404,0.09117243438959122,0.5968064069747925,0.5962192416191101
YKR014C,YIL048W,1,-0.54191303,0.09131097793579102,0.5978043675422668,0.5962192416191101
YLR274W,YPL108W,0,-0.5419528,0.09129706025123596,0.5978043675422668,0.5963192582130432
YDR180W,YER170W,0,-0.54220134,0.09128314256668091,0.5978043675422668,0.5964192748069763
YDL155W,YDR489W,0,-0.54224867,0.09126923978328705,0.5978043675422668,0.5965192914009094
YNL072W,YDR255C,0,-0.54228175,0.09125532954931259,0.5978043675422668,0.5966193079948425
YDL212W,YPL255W,0,-0.54229766,0.09124143421649933,0.5978043675422668,0.5967193245887756
YLR132C,YML072C,0,-0.5423397,0.09122753888368607,0.5978043675422668,0.5968193411827087
YGR132C,YNL099C,0,-0.5423808,0.0912136435508728,0.5978043675422668,0.5969193577766418
YCR067C,YHR123W,0,-0.54246694,0.09119975566864014,0.5978043675422668,0.597019374370575
YCL038C,YGL038C,0,-0.5425693,0.09118587523698807,0.5978043675422668,0.5971194505691528
YHR135C,YLR337C,1,-0.5426491,0.09132420271635056,0.598802387714386,0.5971194505691528
YBR221C,YPR066W,0,-0.5427643,0.0913102999329567,0.598802387714386,0.5972194671630859
YLR174W,YFL002C,0,-0.5427948,0.09129641205072403,0.598802387714386,0.597319483757019
YMR236W,YBL100W-A,0,-0.5428566,0.09128251671791077,0.598802387714386,0.5974195003509521
YLR226W,YHR016C,0,-0.54308283,0.0912686362862587,0.598802387714386,0.5975195169448853
YJL118W,YMR029C,0,-0.54317063,0.09125475585460663,0.598802387714386,0.5976195335388184
YKL107W,YJL154C,0,-0.54321176,0.09124087542295456,0.598802387714386,0.5977195501327515
YBL101C,YDR490C,1,-0.543388,0.09137904644012451,0.5998004078865051,0.5977195501327515
YGR257C,YDR085C,0,-0.54338884,0.09136515855789185,0.5998004078865051,0.5978195667266846
YDL126C,YDR017C,0,-0.54344875,0.09135127067565918,0.5998004078865051,0.5979195833206177
YAL005C,YDL222C,0,-0.54350376,0.09133738279342651,0.5998004078865051,0.5980195999145508
YLR226W,YPL181W,0,-0.54359466,0.09132350981235504,0.5998004078865051,0.5981196165084839
YNL037C,YLR341W,0,-0.54378915,0.09130962938070297,0.5998004078865051,0.598219633102417
YOR003W,YIL017C,0,-0.5439035,0.0912957638502121,0.5998004078865051,0.5983196496963501
YMR202W,YGR215W,0,-0.54395527,0.09128189831972122,0.5998004078865051,0.5984196662902832
YHR115C,YOR293W,0,-0.5440215,0.09126803278923035,0.5998004078865051,0.5985196828842163
YDR541C,YNL116W,0,-0.54404134,0.09125417470932007,0.5998004078865051,0.5986196994781494
YJL210W,YCR017C,0,-0.5440757,0.09124032407999039,0.5998004078865051,0.5987197160720825
YOR109W,YDR177W,1,-0.5441226,0.09137826412916183,0.6007984280586243,0.5987197160720825
YPL088W,YPR121W,0,-0.54416203,0.09136439859867096,0.6007984280586243,0.5988197922706604
YDR058C,YKL220C,0,-0.5441935,0.09135053306818008,0.6007984280586243,0.5989198088645935
YIL117C,YDR043C,0,-0.54428446,0.09133666753768921,0.6007984280586243,0.5990198254585266
YLR116W,YDR267C,0,-0.54465216,0.09132281690835953,0.6007984280586243,0.5991198420524597
YOR256C,YBR104W,0,-0.5446683,0.09130896627902985,0.6007984280586243,0.5992198586463928
YFR051C,YIR022W,0,-0.54467267,0.09129511564970016,0.6007984280586243,0.5993198752403259
YPR075C,YDL213C,0,-0.5447375,0.09128127247095108,0.6007984280586243,0.599419891834259
YKL008C,YHR083W,0,-0.5448698,0.09126743674278259,0.6007984280586243,0.5995199084281921
YBR253W,YMR190C,0,-0.5450032,0.0912536010146141,0.6007984280586243,0.5996199250221252
YOR033C,YPL181W,0,-0.54505026,0.09123977273702621,0.6007984280586243,0.5997199416160583
YCL011C,YHR166C,0,-0.5450591,0.09122594445943832,0.6007984280586243,0.5998199582099915
YER003C,YPL053C,0,-0.5455488,0.09121212363243103,0.6007984280586243,0.5999199748039246
YGR133W,YER169W,0,-0.54557264,0.09119830280542374,0.6007984280586243,0.6000199913978577
YGL038C,YOR140W,0,-0.5455978,0.09118448942899704,0.6007984280586243,0.6001200079917908
YGR278W,YGL077C,0,-0.54593,0.09117068350315094,0.6007984280586243,0.6002200245857239
YFR051C,YPR023C,0,-0.5459858,0.09115687757730484,0.6007984280586243,0.600320041179657
YNL125C,YPL079W,0,-0.54604375,0.09114307165145874,0.6007984280586243,0.6004200577735901
YBL042C,YJR017C,0,-0.54609567,0.09112927317619324,0.6007984280586243,0.6005200743675232
YER144C,YJL204C,0,-0.54621136,0.09111548215150833,0.6007984280586243,0.6006201505661011
YEL063C,YGL017W,0,-0.5463259,0.09110169857740402,0.6007984280586243,0.6007201671600342
YCR017C,YCL010C,0,-0.54664254,0.09108790755271912,0.6007984280586243,0.6008201837539673
YMR161W,YLR119W,0,-0.5468021,0.0910741314291954,0.6007984280586243,0.6009202003479004
YBL004W,YLL010C,0,-0.54705256,0.09106035530567169,0.6007984280586243,0.6010202169418335
YLL039C,YML008C,0,-0.5473681,0.09104657918214798,0.6007984280586243,0.6011202335357666
YHL002W,YDR352W,0,-0.54737616,0.09103281050920486,0.6007984280586243,0.6012202501296997
YHR183W,YJR137C,0,-0.54774857,0.09101904928684235,0.6007984280586243,0.6013202667236328
YDL052C,YGL065C,0,-0.5477994,0.09100528806447983,0.6007984280586243,0.6014202833175659
YMR104C,YOR205C,0,-0.5481004,0.0909915342926979,0.6007984280586243,0.601520299911499
YIR007W,YLR408C,0,-0.54831874,0.09097778797149658,0.6007984280586243,0.6016203165054321
YER146W,YLR362W,0,-0.54855347,0.09096403419971466,0.6007984280586243,0.6017203330993652
YLR084C,YIL031W,0,-0.5486909,0.09095029532909393,0.6007984280586243,0.6018203496932983
YCR071C,YML065W,0,-0.54876983,0.0909365564584732,0.6007984280586243,0.6019203662872314
YMR029C,YLR089C,0,-0.54889417,0.09092282503843307,0.6007984280586243,0.6020203828811646
YIL085C,YHR016C,0,-0.54900634,0.09090909361839294,0.6007984280586243,0.6021203994750977
YER016W,YML065W,0,-0.54904526,0.09089536219835281,0.6007984280586243,0.6022204160690308
YDL079C,YBL002W,0,-0.54911643,0.09088164567947388,0.6007984280586243,0.6023204922676086
YJL050W,YOL113W,0,-0.54928064,0.09086792171001434,0.6007984280586243,0.6024205088615417
YMR161W,YML065W,0,-0.54968077,0.090854212641716,0.6007984280586243,0.6025205254554749
YBR059C,YDL231C,1,-0.5497608,0.09099140018224716,0.6017963886260986,0.6025205254554749
YNR063W,YGR280C,0,-0.5497978,0.09097766876220703,0.6017963886260986,0.602620542049408
YKL220C,YBL097W,0,-0.5500126,0.0909639447927475,0.6017963886260986,0.6027205586433411
YMR047C,YIR028W,0,-0.5503275,0.09095022827386856,0.6017963886260986,0.6028205752372742
YDR365W-B,YGL054C,0,-0.5504383,0.09093651175498962,0.6017963886260986,0.6029205918312073
YNL021W,YNL035C,0,-0.5505497,0.09092279523611069,0.6017963886260986,0.6030206084251404
YER065C,YOR007C,0,-0.55057454,0.09090909361839294,0.6017963886260986,0.6031206250190735
YGR133W,YDR084C,0,-0.5506705,0.0908953845500946,0.6017963886260986,0.6032206416130066
YPL128C,YNL197C,0,-0.5511522,0.09088169038295746,0.6017963886260986,0.6033206582069397
YJL207C,YDR363W,0,-0.5511994,0.09086799621582031,0.6017963886260986,0.6034206748008728
YCR083W,YML058W,0,-0.5512936,0.09085430204868317,0.6017963886260986,0.6035206913948059
YGR172C,YMR244C-A,0,-0.5515166,0.09084061533212662,0.6017963886260986,0.603620707988739
YBL050W,YJR137C,0,-0.55154353,0.09082692861557007,0.6017963886260986,0.6037207245826721
YNL088W,YOR344C,0,-0.5516052,0.09081324934959412,0.6017963886260986,0.6038207411766052
YCR009C,YKL129C,1,-0.5517391,0.09095016121864319,0.6027944087982178,0.6038207411766052
YIL117C,YDL165W,0,-0.5518116,0.09093646705150604,0.6027944087982178,0.6039207577705383
YHR016C,YCL034W,1,-0.5518341,0.09107331186532974,0.6037924289703369,0.6039207577705383
YOR128C,YHR001W,0,-0.5522617,0.0910596027970314,0.6037924289703369,0.6040207743644714
YFL055W,YOR022C,0,-0.5523467,0.09104590117931366,0.6037924289703369,0.6041208505630493
YJL092W,YMR291W,0,-0.5523912,0.09103219956159592,0.6037924289703369,0.6042208671569824
YBR239C,YHR045W,0,-0.5524392,0.09101850539445877,0.6037924289703369,0.6043208837509155
YDR261C-C,YOR141C,0,-0.552678,0.09100481122732162,0.6037924289703369,0.6044209003448486
YNL186W,YJL207C,0,-0.55271864,0.09099112451076508,0.6037924289703369,0.6045209169387817
YFR051C,YDL052C,0,-0.55275834,0.09097744524478912,0.6037924289703369,0.6046209335327148
YER172C,YNL197C,0,-0.5527715,0.09096376597881317,0.6037924289703369,0.604720950126648
YLR342W,YOR008C,1,-0.552873,0.09110042452812195,0.6047903895378113,0.604720950126648
YDR194C,YER001W,0,-0.55290145,0.0910867303609848,0.6047903895378113,0.604820966720581
YDR180W,YIL129C,0,-0.5529165,0.09107303619384766,0.6047903895378113,0.6049209833145142
YHR019C,YNL047C,0,-0.5532362,0.0910593569278717,0.6047903895378113,0.6050209999084473
YFR042W,YKL152C,0,-0.5534781,0.09104567021131516,0.6047903895378113,0.6051210165023804
YPL055C,YEL077C,0,-0.5535302,0.0910319983959198,0.6047903895378113,0.6052210330963135
YBR298C,YPL081W,0,-0.5535574,0.09101832658052444,0.6047903895378113,0.6053210496902466
YOL137W,YLR341W,0,-0.5535874,0.09100465476512909,0.6047903895378113,0.6054210662841797
YJL018W,YDR267C,0,-0.5536171,0.09099099040031433,0.6047903895378113,0.6055210828781128
YNR036C,YNL169C,0,-0.5538369,0.09097733348608017,0.6047903895378113,0.6056210994720459
YMR161W,YDL092W,0,-0.5539272,0.09096367657184601,0.6047903895378113,0.605721116065979
YDR267C,YDR352W,0,-0.55403626,0.09095001965761185,0.6047903895378113,0.6058211922645569
YDL232W,YKL101W,0,-0.5540425,0.09093637764453888,0.6047903895378113,0.60592120885849
YML065W,YNL113W,0,-0.5540516,0.09092272818088531,0.6047903895378113,0.6060212254524231
YER078C,YKL065C,0,-0.55405617,0.09090909361839294,0.6047903895378113,0.6061212420463562
YGL079W,YHR083W,0,-0.5540572,0.09089545160531998,0.6047903895378113,0.6062212586402893
YLR371W,YDL231C,1,-0.55443656,0.09103179723024368,0.6057884097099304,0.6062212586402893
YIL023C,YDL079C,0,-0.5545713,0.09101814031600952,0.6057884097099304,0.6063212752342224
YLR388W,YBL005W-A,0,-0.5548875,0.09100449830293655,0.6057884097099304,0.6064212918281555
YJL209W,YDR210W-A,0,-0.5550041,0.09099085628986359,0.6057884097099304,0.6065213084220886
YJL116C,YGL160W,0,-0.555074,0.09097722172737122,0.6057884097099304,0.6066213250160217
YGR203W,YJR019C,0,-0.55511636,0.09096358716487885,0.6057884097099304,0.6067213416099548
YGR192C,YLR336C,0,-0.5551398,0.09094995260238647,0.6057884097099304,0.6068213582038879
YPL211W,YDR349C,0,-0.5554206,0.0909363329410553,0.6057884097099304,0.606921374797821
YHR121W,YHL020C,0,-0.555855,0.09092270582914352,0.6057884097099304,0.6070213913917542
YML008C,YML065W,0,-0.55592495,0.09090909361839294,0.6057884097099304,0.6071214079856873
YML033W,YDR186C,0,-0.555944,0.09089548140764236,0.6057884097099304,0.6072214245796204
YLR275W,YJR088C,0,-0.555959,0.09088186919689178,0.6057884097099304,0.6073214411735535
YJR095W,YNL134C,0,-0.5559857,0.0908682644367218,0.6057884097099304,0.6074214577674866
YKL208W,YMR167W,0,-0.55622566,0.09085465967655182,0.6057884097099304,0.6075215339660645
YKL096W,YLL005C,0,-0.556301,0.09084106236696243,0.6057884097099304,0.6076215505599976
YDR432W,YGR209C,0,-0.5563249,0.09082747250795364,0.6057884097099304,0.6077215671539307
YKL146W,YNL275W,0,-0.55642074,0.09081388264894485,0.6057884097099304,0.6078215837478638
YOL110W,YCR066W,0,-0.55647665,0.09080030024051666,0.6057884097099304,0.6079216003417969
YCL011C,YLL005C,0,-0.5567724,0.09078671783208847,0.6057884097099304,0.60802161693573
YOR125C,YOR197W,0,-0.55695,0.09077314287424088,0.6057884097099304,0.6081216335296631
YNL299W,YDR043C,0,-0.55697954,0.09075956791639328,0.6057884097099304,0.6082216501235962
YAL014C,YKR029C,0,-0.55698925,0.09074600040912628,0.6057884097099304,0.6083216667175293
YLR132C,YNL047C,0,-0.5570352,0.09073243290185928,0.6057884097099304,0.6084216833114624
YOL016C,YOL137W,0,-0.55716217,0.09071887284517288,0.6057884097099304,0.6085216999053955
YHR152W,YML065W,0,-0.5573474,0.09070532023906708,0.6057884097099304,0.6086217164993286
YBL084C,YER048C,0,-0.5574968,0.09069176763296127,0.6057884097099304,0.6087217330932617
YHR073W,YDR177W,1,-0.5578146,0.09082760661840439,0.6067864298820496,0.6087217330932617
YBR152W,YLR003C,0,-0.5578487,0.09081403911113739,0.6067864298820496,0.6088217496871948
YHL018W,YER075C,0,-0.55818284,0.09080047905445099,0.6067864298820496,0.6089217662811279
YLR240W,YKL184W,0,-0.558285,0.09078691899776459,0.6067864298820496,0.609021782875061
YDR462W,YCL062W,0,-0.5583242,0.09077336639165878,0.6067864298820496,0.6091217994689941
YDR059C,YFL039C,1,-0.5583963,0.09090909361839294,0.6077844500541687,0.6091217994689941
YMR197C,YKL221W,0,-0.55859274,0.09089552611112595,0.6077844500541687,0.6092218160629272
YLR320W,YIR013C,0,-0.55894554,0.09088195860385895,0.6077844500541687,0.6093218922615051
YNR039C,YML065W,0,-0.55897045,0.09086839854717255,0.6077844500541687,0.6094219088554382
YCL020W,YOR083W,0,-0.5592144,0.09085483849048615,0.6077844500541687,0.6095219254493713
YOR339C,YNL220W,0,-0.55940914,0.09084128588438034,0.6077844500541687,0.6096219420433044
YIL041W,YGR172C,0,-0.5594819,0.09082774072885513,0.6077844500541687,0.6097219586372375
YKL073W,YLR449W,0,-0.55956453,0.09081419557332993,0.6077844500541687,0.6098219752311707
YBR280C,YDR206W,0,-0.5595965,0.09080065786838531,0.6077844500541687,0.6099219918251038
YML022W,YDR237W,0,-0.5598419,0.0907871201634407,0.6077844500541687,0.6100220084190369
YKL125W,YBR200W,0,-0.5599099,0.09077358990907669,0.6077844500541687,0.61012202501297
YBL002W,YOR339C,0,-0.5599365,0.09076005965471268,0.6077844500541687,0.6102220416069031
YML118W,YML065W,0,-0.55998296,0.09074653685092926,0.6077844500541687,0.6103220582008362
YDL132W,YBR288C,0,-0.5600959,0.09073301404714584,0.6077844500541687,0.6104220747947693
YIR034C,YKL211C,0,-0.56015766,0.09071949869394302,0.6077844500541687,0.6105220913887024
YBR103W,YML065W,0,-0.56022847,0.0907059907913208,0.6077844500541687,0.6106221079826355
YEL020C,YML065W,0,-0.56028426,0.09069248288869858,0.6077844500541687,0.6107221245765686
YDL103C,YHL009W-A,0,-0.5603042,0.09067897498607635,0.6077844500541687,0.6108221411705017
YDL052C,YNL254C,0,-0.56058383,0.09066547453403473,0.6077844500541687,0.6109221577644348
YKL084W,YMR029C,0,-0.56099653,0.0906519815325737,0.6077844500541687,0.6110222339630127
YDR180W,YCL027C-A,0,-0.56099844,0.09063848853111267,0.6077844500541687,0.6111222505569458
YIL091C,YGR289C,0,-0.5613152,0.09062500298023224,0.6077844500541687,0.6112222671508789
YHR183W,YDL156W,0,-0.5613283,0.0906115174293518,0.6077844500541687,0.611322283744812
YDR034C-D,YMR197C,0,-0.56135523,0.09059803932905197,0.6077844500541687,0.6114223003387451
YOL033W,YGL012W,0,-0.5613675,0.09058456122875214,0.6077844500541687,0.6115223169326782
YML064C,YHR065C,0,-0.56136906,0.0905710905790329,0.6077844500541687,0.6116223335266113
YOR208W,YJR161C,0,-0.561484,0.09055761992931366,0.6077844500541687,0.6117223501205444
YGR027W-A,YBR044C,0,-0.56153345,0.09054415673017502,0.6077844500541687,0.6118223667144775
YIL066C,YOR088W,0,-0.5615587,0.09053069353103638,0.6077844500541687,0.6119223833084106
YLR376C,YER073W,0,-0.56163013,0.09051723778247833,0.6077844500541687,0.6120223999023438
YGL181W,YIR006C,1,-0.5618997,0.09065239876508713,0.6087824106216431,0.6120223999023438
YDR540C,YMR199W,0,-0.56193435,0.09063892811536789,0.6087824106216431,0.6121224164962769
YDL064W,YOR153W,0,-0.56195396,0.09062546491622925,0.6087824106216431,0.61222243309021
YOR043W,YKL129C,1,-0.562155,0.09076054394245148,0.6097804307937622,0.61222243309021
YDR385W,YBR132C,0,-0.56224656,0.09074706584215164,0.6097804307937622,0.6123224496841431
YMR014W,YNL148C,0,-0.5623485,0.0907335877418518,0.6097804307937622,0.6124224662780762
YDL193W,YKR099C-A,0,-0.5624364,0.09072011709213257,0.6097804307937622,0.6125224828720093
YLR262C,YPL079W,0,-0.5624455,0.09070665389299393,0.6097804307937622,0.6126224994659424
YLR369W,YBR135W,0,-0.56288743,0.09069318324327469,0.6097804307937622,0.6127225160598755
YDR155C,YBR110W,0,-0.56291556,0.09067972749471664,0.6097804307937622,0.6128225922584534
YDR237W,YMR154C,0,-0.56315327,0.0906662717461586,0.6097804307937622,0.6129226088523865
YPL081W,YDR255C,0,-0.5631705,0.09065281599760056,0.6097804307937622,0.6130226254463196
YJR017C,YKL065C,0,-0.5631877,0.09063936769962311,0.6097804307937622,0.6131226420402527
YGR038W,YNL224C,0,-0.563212,0.09062592685222626,0.6097804307937622,0.6132226586341858
YGR287C,YLR051C,0,-0.56336653,0.0906124860048294,0.6097804307937622,0.6133226752281189
YDR073W,YLR388W,0,-0.5633782,0.09059905260801315,0.6097804307937622,0.613422691822052
YHR216W,YKL157W,0,-0.563442,0.0905856192111969,0.6097804307937622,0.6135227084159851
YGR227W,YCR088W,0,-0.56378216,0.09057219326496124,0.6097804307937622,0.6136227250099182
YHR191C,YDR043C,0,-0.563867,0.09055876731872559,0.6097804307937622,0.6137227416038513
YDL207W,YDR489W,0,-0.5641746,0.09054534882307053,0.6097804307937622,0.6138227581977844
YJL207C,YOR312C,0,-0.564314,0.09053193032741547,0.6097804307937622,0.6139227747917175
YJR095W,YAR014C,0,-0.5645747,0.090518519282341,0.6097804307937622,0.6140227913856506
YHR001W,YGR284C,0,-0.5645967,0.09050510823726654,0.6097804307937622,0.6141228079795837
YLR084C,YDL214C,0,-0.56468594,0.09049170464277267,0.6097804307937622,0.6142228245735168
YGR287C,YIR003W,0,-0.56483185,0.0904783084988594,0.6097804307937622,0.61432284116745
YAR071W,YML007W,0,-0.56483185,0.09046491235494614,0.6097804307937622,0.6144228577613831
YGL254W,YHR084W,0,-0.5649848,0.09045151621103287,0.6097804307937622,0.6145229339599609
YKL203C,YLR371W,1,-0.5650191,0.09058614820241928,0.6107784509658813,0.6145229339599609
YPR061C,YPL230W,0,-0.56518424,0.09057273715734482,0.6107784509658813,0.614622950553894
YDL042C,YDR143C,0,-0.5652033,0.09055933356285095,0.6107784509658813,0.6147229671478271
YIR021W,YNL035C,0,-0.56524503,0.09054593741893768,0.6107784509658813,0.6148229837417603
YHR183W,YPR124W,0,-0.56537914,0.09053254127502441,0.6107784509658813,0.6149230003356934
YOR321W,YEL060C,0,-0.56544226,0.09051915258169174,0.6107784509658813,0.6150230169296265
YPR145W,YDR104C,0,-0.56550914,0.09050576388835907,0.6107784509658813,0.6151230335235596
YLR340W,YMR271C,0,-0.56563723,0.090492382645607,0.6107784509658813,0.6152230501174927
YJR047C,YKL139W,0,-0.5657645,0.09047900885343552,0.6107784509658813,0.6153230667114258
YFR028C,YBR136W,0,-0.5658349,0.09046563506126404,0.6107784509658813,0.6154230833053589
YGR287C,YER166W,0,-0.56586933,0.09045226126909256,0.6107784509658813,0.615523099899292
YPR171W,YKR003W,1,-0.56603724,0.09058666974306107,0.6117764711380005,0.615523099899292
YGR278W,YGL153W,0,-0.5660852,0.09057328850030899,0.6117764711380005,0.6156231164932251
YNL336W,YKR024C,0,-0.56651807,0.09055990725755692,0.6117764711380005,0.6157231330871582
YER003C,YDR034C-D,0,-0.5665808,0.09054652601480484,0.6117764711380005,0.6158231496810913
YBL004W,YLR081W,0,-0.56658244,0.09053315967321396,0.6117764711380005,0.6159231662750244
YJL151C,YNL209W,0,-0.5666946,0.09051978588104248,0.6117764711380005,0.6160231828689575
YKL107W,YGL133W,0,-0.5666946,0.0905064195394516,0.6117764711380005,0.6161231994628906
YEL063C,YER157W,0,-0.566839,0.09049306064844131,0.6117764711380005,0.6162232160568237
YNL299W,YGR206W,0,-0.56687653,0.09047970175743103,0.6117764711380005,0.6163232922554016
YGR157W,YDR143C,0,-0.5670535,0.09046635031700134,0.6117764711380005,0.6164233088493347
YLR406C,YBL008W-A,0,-0.56721514,0.09045300632715225,0.6117764711380005,0.6165233254432678
YHR063C,YLR205C,0,-0.56721807,0.09043965488672256,0.6117764711380005,0.6166233420372009
YDR322C-A,YGL210W-A,0,-0.5672951,0.09042631834745407,0.6117764711380005,0.616723358631134
YGR240C,YNL305C,0,-0.5674851,0.09041298180818558,0.6117764711380005,0.6168233752250671
YGR049W,YIL049W,0,-0.5676199,0.09039964526891708,0.6117764711380005,0.6169233918190002
YDR408C,YOR178C,0,-0.567749,0.09038631618022919,0.6117764711380005,0.6170234084129333
YHL009C,YDR382W,0,-0.56788516,0.09037299454212189,0.6117764711380005,0.6171234250068665
YPL246C,YKR086W,0,-0.5679,0.09035967290401459,0.6117764711380005,0.6172234416007996
YBR265W,YOR245C,0,-0.56796765,0.09034635126590729,0.6117764711380005,0.6173234581947327
YDL002C,YLR256W,0,-0.56813574,0.09033303707838058,0.6117764711380005,0.6174234747886658
YOR321W,YDL042C,0,-0.5683704,0.09031973034143448,0.6117764711380005,0.6175234913825989
YGL206C,YOR181W,1,-0.56838894,0.09045374393463135,0.6127744317054749,0.6175234913825989
YDL005C,YDR291W,0,-0.56863487,0.09044041484594345,0.6127744317054749,0.617623507976532
YNL300W,YOR153W,0,-0.5688665,0.09042710065841675,0.6127744317054749,0.6177235245704651
YGR186W,YOR197W,0,-0.56896496,0.09041378647089005,0.6127744317054749,0.6178235411643982
YHR072W,YNL014W,0,-0.56901544,0.09040047228336334,0.6127744317054749,0.6179235577583313
YML019W,YGR231C,0,-0.5690697,0.09038716554641724,0.6127744317054749,0.6180236339569092
YJR017C,YCR043C,0,-0.56914955,0.09037385880947113,0.6127744317054749,0.6181236505508423
YDR322C-A,YEL042W,0,-0.56915593,0.09036055952310562,0.6127744317054749,0.6182236671447754
YNL032W,YBR214W,1,-0.5692542,0.09049440920352936,0.613772451877594,0.6182236671447754
YML118W,YBR104W,0,-0.5693697,0.09048109501600266,0.613772451877594,0.6183236837387085
YAL042W,YKR039W,0,-0.5695265,0.09046778827905655,0.613772451877594,0.6184237003326416
YDR216W,YGR038W,0,-0.56958425,0.09045448154211044,0.613772451877594,0.6185237169265747
YGL001C,YIL063C,0,-0.56972927,0.09044117480516434,0.613772451877594,0.6186237335205078
YNL264C,YDL214C,0,-0.5697819,0.09042787551879883,0.613772451877594,0.6187237501144409
YBR265W,YBR104W,0,-0.5698378,0.09041458368301392,0.613772451877594,0.618823766708374
YOR173W,YNL169C,0,-0.5698726,0.090401291847229,0.613772451877594,0.6189237833023071
YMR021C,YPR022C,0,-0.57015073,0.09038800746202469,0.613772451877594,0.6190237998962402
YKR045C,YIL010W,0,-0.57020897,0.09037472307682037,0.613772451877594,0.6191238164901733
YFL062W,YBR021W,0,-0.570241,0.09036144614219666,0.613772451877594,0.6192238330841064
YMR167W,YBR199W,0,-0.5702853,0.09034816920757294,0.613772451877594,0.6193238496780396
YER141W,YNR039C,0,-0.57043314,0.09033489972352982,0.613772451877594,0.6194238662719727
YPL242C,YER016W,0,-0.5709437,0.0903216302394867,0.613772451877594,0.6195238828659058
YGR247W,YCR048W,0,-0.57109433,0.09030836820602417,0.613772451877594,0.6196238994598389
YKL049C,YJR014W,0,-0.5713656,0.09029511362314224,0.613772451877594,0.619723916053772
YNL037C,YBR104W,0,-0.57148737,0.09028185904026031,0.613772451877594,0.6198239922523499
YNL227C,YER125W,1,-0.57155097,0.09041538089513779,0.6147704720497131,0.6198239922523499
YPR171W,YPL145C,1,-0.57160085,0.09054887294769287,0.6157684922218323,0.6198239922523499
YGR059W,YMR293C,0,-0.5716495,0.09053558111190796,0.6157684922218323,0.619924008846283
YNL067W,YBL003C,0,-0.5716897,0.09052230417728424,0.6157684922218323,0.6200240254402161
YPR061C,YHL020C,0,-0.5717926,0.09050901979207993,0.6157684922218323,0.6201240420341492
YGR028W,YGR209C,0,-0.571797,0.09049574285745621,0.6157684922218323,0.6202240586280823
YBR136W,YHR032W,0,-0.5718629,0.09048247337341309,0.6157684922218323,0.6203240752220154
YOL094C,YDR171W,0,-0.57186526,0.09046921133995056,0.6157684922218323,0.6204240918159485
YOR128C,YJL145W,0,-0.57194793,0.09045594185590744,0.6157684922218323,0.6205241084098816
YML114C,YJL154C,0,-0.57205755,0.09044268727302551,0.6157684922218323,0.6206241250038147
YPL128C,YOR295W,0,-0.57220256,0.09042943269014359,0.6157684922218323,0.6207241415977478
YDR210W,YKR042W,0,-0.5723059,0.09041617810726166,0.6157684922218323,0.6208241581916809
YDL178W,YDR409W,0,-0.5723897,0.09040293097496033,0.6157684922218323,0.620924174785614
YML062C,YOR122C,0,-0.572417,0.090389683842659,0.6157684922218323,0.6210241913795471
YGR278W,YAL014C,0,-0.5725273,0.09037644416093826,0.6157684922218323,0.6211242079734802
YOR354C,YKR001C,0,-0.57263184,0.09036321192979813,0.6157684922218323,0.6212242245674133
YCL038C,YHR083W,0,-0.57283926,0.09034997969865799,0.6157684922218323,0.6213242411613464
YHR001W,YFR055W,0,-0.5729327,0.09033674746751785,0.6157684922218323,0.6214242577552795
YNL336W,YDL236W,0,-0.57321525,0.09032352268695831,0.6157684922218323,0.6215243339538574
YBR217W,YPR029C,0,-0.5733235,0.09031030535697937,0.6157684922218323,0.6216243505477905
YML093W,YOR298C-A,0,-0.5733781,0.09029708802700043,0.6157684922218323,0.6217243671417236
YER003C,YDL103C,0,-0.5733941,0.09028387814760208,0.6157684922218323,0.6218243837356567
YFL053W,YJL159W,0,-0.5734371,0.09027066826820374,0.6157684922218323,0.6219244003295898
YMR092C,YGR128C,0,-0.5735172,0.09025745838880539,0.6157684922218323,0.622024416923523
YDR155C,YDR266C,0,-0.5735658,0.09024425595998764,0.6157684922218323,0.622124433517456
YMR079W,YDL064W,0,-0.57365155,0.09023106098175049,0.6157684922218323,0.6222244501113892
YNL264C,YDR322C-A,0,-0.5736747,0.09021786600351334,0.6157684922218323,0.6223244667053223
YHR001W,YCL034W,1,-0.5738028,0.09035087376832962,0.6167664527893066,0.6223244667053223
YJL204C,YFL008W,0,-0.5739216,0.09033767133951187,0.6167664527893066,0.6224244832992554
YDR462W,YKL035W,0,-0.57404584,0.09032446891069412,0.6167664527893066,0.6225244998931885
YHR098C,YHL009W-A,0,-0.5740943,0.09031126648187637,0.6167664527893066,0.6226245164871216
YDR210W-A,YLR308W,0,-0.57410145,0.09029807150363922,0.6167664527893066,0.6227245330810547
YBR127C,YDL150W,0,-0.5741546,0.09028487652540207,0.6167664527893066,0.6228245496749878
YFR051C,YML111W,0,-0.5744808,0.09027168899774551,0.6167664527893066,0.6229245662689209
YLR240W,YGR125W,0,-0.5745282,0.09025850892066956,0.6167664527893066,0.623024582862854
YJL063C,YGR247W,0,-0.5746329,0.0902453288435936,0.6167664527893066,0.6231245994567871
YLR013W,YKL176C,0,-0.574646,0.09023214876651764,0.6167664527893066,0.6232246160507202
YLR064W,YOR064C,0,-0.5748711,0.09021897614002228,0.6167664527893066,0.6233246922492981
YKL152C,YHR152W,0,-0.5750586,0.09020581096410751,0.6167664527893066,0.6234247088432312
YFL053W,YJL050W,0,-0.57519084,0.09019264578819275,0.6167664527893066,0.6235247254371643
YIR021W,YMR278W,0,-0.57519925,0.09017948061227798,0.6167664527893066,0.6236247420310974
YNL152W,YLL052C,0,-0.57559633,0.09016632288694382,0.6167664527893066,0.6237247586250305
YER065C,YMR030W,0,-0.5756205,0.09015317261219025,0.6167664527893066,0.6238247752189636
YNL229C,YKR042W,0,-0.57566917,0.09014002233743668,0.6167664527893066,0.6239247918128967
YDR388W,YDR490C,1,-0.5757173,0.09027271717786789,0.6177644729614258,0.6239247918128967
YJL116C,YBR044C,0,-0.5757785,0.09025955200195312,0.6177644729614258,0.6240248084068298
YER160C,YPR112C,0,-0.5760179,0.09024639427661896,0.6177644729614258,0.6241248250007629
YKL071W,YKL167C,0,-0.5761332,0.09023323655128479,0.6177644729614258,0.624224841594696
YLR157C-A,YNL220W,0,-0.5765054,0.09022008627653122,0.6177644729614258,0.6243248581886292
YDL042C,YHR176W,0,-0.5765055,0.09020693600177765,0.6177644729614258,0.6244248747825623
YKL188C,YGR065C,0,-0.57661575,0.09019379317760468,0.6177644729614258,0.6245248913764954
YMR014W,YER006W,0,-0.5767467,0.0901806503534317,0.6177644729614258,0.6246249079704285
YPL016W,YBR152W,0,-0.5767948,0.09016751497983932,0.6177644729614258,0.6247249245643616
YNR012W,YDR051C,0,-0.57694125,0.09015438705682755,0.6177644729614258,0.6248249411582947
YAL032C,YOR007C,0,-0.5774834,0.09014125168323517,0.6177644729614258,0.6249249577522278
YER065C,YMR052W,0,-0.57748663,0.09012813121080399,0.6177644729614258,0.6250250339508057
YBR127C,YNL272C,0,-0.5775711,0.0901150107383728,0.6177644729614258,0.6251250505447388
YHR196W,YOR064C,0,-0.5776074,0.09010189026594162,0.6177644729614258,0.6252250671386719
YNL082W,YDR409W,0,-0.5776397,0.09008877724409103,0.6177644729614258,0.625325083732605
YER157W,YJR014W,0,-0.57794034,0.09007567167282104,0.6177644729614258,0.6254251003265381
YPR075C,YNL106C,0,-0.5780653,0.09006256610155106,0.6177644729614258,0.6255251169204712
YBR210W,YGL121C,0,-0.57823634,0.09004946053028107,0.6177644729614258,0.6256251335144043
YLR369W,YBR280C,0,-0.57853264,0.09003636240959167,0.6177644729614258,0.6257251501083374
YMR154C,YIL129C,0,-0.5786478,0.09002327173948288,0.6177644729614258,0.6258251667022705
YJL184W,YIL097W,0,-0.5790212,0.09001018106937408,0.6177644729614258,0.6259251832962036
YMR288W,YJL099W,0,-0.5790677,0.08999709039926529,0.6177644729614258,0.6260251998901367
YPL164C,YPL192C,0,-0.5794274,0.08998400717973709,0.6177644729614258,0.6261252164840698
YDL153C,YNL125C,0,-0.5796688,0.08997093141078949,0.6177644729614258,0.6262252330780029
YOL008W,YJL036W,0,-0.58012295,0.08995785564184189,0.6177644729614258,0.626325249671936
YNL154C,YGR278W,0,-0.5801352,0.08994477987289429,0.6177644729614258,0.6264252662658691
YDL212W,YGR068C,0,-0.5803594,0.08993171900510788,0.6177644729614258,0.6265252828598022
YGL017W,YLR003C,0,-0.58058155,0.08991865068674088,0.6177644729614258,0.6266252994537354
YHR104W,YIL031W,0,-0.5806003,0.08990558981895447,0.6177644729614258,0.6267253160476685
YBL040C,YMR216C,0,-0.5806203,0.08989253640174866,0.6177644729614258,0.6268253922462463
YNL124W,YGR278W,0,-0.58073187,0.08987948298454285,0.6177644729614258,0.6269254088401794
YKL160W,YBR088C,0,-0.580761,0.08986643701791763,0.6177644729614258,0.6270254254341125
YBL047C,YNL020C,1,-0.5811528,0.08999855071306229,0.6187624931335449,0.6270254254341125
YNL082W,YML069W,0,-0.58116305,0.08998548984527588,0.6187624931335449,0.6271254420280457
YPL016W,YER026C,0,-0.5811739,0.08997242897748947,0.6187624931335449,0.6272254586219788
YOR144C,YMR266W,0,-0.58123845,0.08995937556028366,0.6187624931335449,0.6273254752159119
YIL050W,YOR122C,0,-0.5813639,0.08994632214307785,0.6187624931335449,0.627425491809845
YFR046C,YFR004W,0,-0.5813701,0.08993327617645264,0.6187624931335449,0.6275255084037781
YLR089C,YER074W-A,0,-0.5813723,0.08992023020982742,0.6187624931335449,0.6276255249977112
YGR108W,YMR170C,0,-0.5814602,0.0899071916937828,0.6187624931335449,0.6277255415916443
YDR163W,YOR130C,0,-0.5818588,0.08989415317773819,0.6187624931335449,0.6278255581855774
YDR302W,YBL101C,0,-0.5820763,0.08988112211227417,0.6187624931335449,0.6279255747795105
YKL086W,YPL249C,0,-0.5820975,0.08986809849739075,0.6187624931335449,0.6280255913734436
YBL102W,YOR312C,0,-0.58219254,0.08985507488250732,0.6187624931335449,0.6281256079673767
YFL016C,YGR207C,0,-0.5822195,0.0898420512676239,0.6187624931335449,0.6282256245613098
YAR044W,YNL243W,1,-0.58224773,0.08997391909360886,0.6197604537010193,0.6282256245613098
YDR069C,YBL101C,1,-0.582377,0.09010574966669083,0.6207584738731384,0.6282256245613098
YPL084W,YML118W,0,-0.5825195,0.09009269624948502,0.6207584738731384,0.6283256411552429
YPL053C,YDR489W,0,-0.58254415,0.0900796502828598,0.6207584738731384,0.628425657749176
YGL224C,YLL005C,0,-0.5827785,0.09006661176681519,0.6207584738731384,0.6285257339477539
YJL145W,YGR278W,0,-0.58284265,0.09005356580018997,0.6207584738731384,0.628625750541687
YGL124C,YOL016C,0,-0.58317316,0.09004053473472595,0.6207584738731384,0.6287257671356201
YIR007W,YML022W,0,-0.5831784,0.09002750366926193,0.6207584738731384,0.6288257837295532
YKL213C,YPL241C,0,-0.5831849,0.09001447260379791,0.6207584738731384,0.6289258003234863
YGL254W,YDL222C,0,-0.58342505,0.09000144898891449,0.6207584738731384,0.6290258169174194
YBR088C,YDR099W,0,-0.5837171,0.08998842537403107,0.6207584738731384,0.6291258335113525
YOL091W,YLL039C,0,-0.58386433,0.08997540920972824,0.6207584738731384,0.6292258501052856
YGR186W,YJR014W,0,-0.5839675,0.08996239304542542,0.6207584738731384,0.6293258666992188
YNR012W,YKR060W,0,-0.5840632,0.08994938433170319,0.6207584738731384,0.6294258832931519
YFR051C,YMR280C,0,-0.5841126,0.08993638306856155,0.6207584738731384,0.629525899887085
YLR320W,YER122C,0,-0.5841155,0.08992337435483932,0.6207584738731384,0.6296259164810181
YMR164C,YBR221C,0,-0.58419335,0.08991038054227829,0.6207584738731384,0.6297259330749512
YBR207W,YKR003W,1,-0.58421147,0.09004191309213638,0.6217564940452576,0.6297259330749512
YIL040W,YHR062C,0,-0.58427364,0.09002890437841415,0.6217564940452576,0.6298259496688843
YEL004W,YBR057C,0,-0.5843107,0.09001589566469193,0.6217564940452576,0.6299259662628174
YLR128W,YML014W,0,-0.5843821,0.0900028869509697,0.6217564940452576,0.6300259828567505
YHR039C,YLR421C,0,-0.5848547,0.08998988568782806,0.6217564940452576,0.6301259994506836
YGL145W,YLR178C,0,-0.5849246,0.08997689187526703,0.6217564940452576,0.6302260160446167
YLL032C,YJL014W,0,-0.5851645,0.089963898062706,0.6217564940452576,0.6303260922431946
YFR009W,YLR035C,0,-0.58520675,0.08995091170072556,0.6217564940452576,0.6304261088371277
YJR047C,YJL113W,0,-0.58530694,0.08993792533874512,0.6217564940452576,0.6305261254310608
YOL088C,YJL209W,0,-0.585404,0.08992493897676468,0.6217564940452576,0.6306261420249939
YKL213C,YFR051C,0,-0.5854338,0.08991196751594543,0.6217564940452576,0.630726158618927
YAL030W,YBL101C,1,-0.5854723,0.09004329144954681,0.6227545142173767,0.630726158618927
YLR057W,YMR068W,0,-0.58557165,0.09003029763698578,0.6227545142173767,0.6308261752128601
YJR056C,YBL101C,0,-0.5856166,0.09001731127500534,0.6227545142173767,0.6309261918067932
YDR210W-D,YIL127C,0,-0.58569044,0.0900043249130249,0.6227545142173767,0.6310262084007263
YPL055C,YAR071W,0,-0.5857443,0.08999134600162506,0.6227545142173767,0.6311262249946594
YDL004W,YOR007C,0,-0.58591616,0.08997836709022522,0.6227545142173767,0.6312262415885925
YKR024C,YNL005C,0,-0.58623934,0.08996539562940598,0.6227545142173767,0.6313262581825256
YPL029W,YPL270W,0,-0.58630776,0.08995243161916733,0.6227545142173767,0.6314262747764587
YLR310C,YCR069W,0,-0.58641416,0.08993946015834808,0.6227545142173767,0.6315262913703918
YNR026C,YOL075C,0,-0.58668596,0.08992650359869003,0.6227545142173767,0.631626307964325
YBR083W,YGL160W,0,-0.5867917,0.08991354703903198,0.6227545142173767,0.6317263245582581
YOR312C,YML065W,0,-0.5870111,0.08990059047937393,0.6227545142173767,0.6318263411521912
YJL113W,YNL220W,0,-0.5870531,0.08988764137029648,0.6227545142173767,0.6319263577461243
YJR159W,YNL003C,0,-0.58726704,0.08987469226121902,0.6227545142173767,0.6320264339447021
YGL022W,YCL027C-A,0,-0.58747613,0.08986175060272217,0.6227545142173767,0.6321264505386353
YBL005W-A,YBR057C,0,-0.5874839,0.08984880894422531,0.6227545142173767,0.6322264671325684
YPL053C,YIL063C,0,-0.5876858,0.08983587473630905,0.6227545142173767,0.6323264837265015
YOR361C,YLR003C,0,-0.5878342,0.08982294797897339,0.6227545142173767,0.6324265003204346
YGR240C,YJR077C,0,-0.5879383,0.08981001377105713,0.6227545142173767,0.6325265169143677
YHR062C,YJL014W,0,-0.5879996,0.08979709446430206,0.6227545142173767,0.6326265335083008
YJR090C,YOR095C,0,-0.5882147,0.089784175157547,0.6227545142173767,0.6327265501022339
YBR207W,YAL030W,1,-0.5882547,0.08991511911153793,0.6237524747848511,0.6327265501022339
YCR028C-A,YGR166W,0,-0.5884876,0.08990218490362167,0.6237524747848511,0.632826566696167
YLR275W,YDR540C,0,-0.58856153,0.08988925814628601,0.6237524747848511,0.6329265832901001
YHR183W,YDR099W,0,-0.5889422,0.08987633138895035,0.6237524747848511,0.6330265998840332
YKL160W,YKL211C,0,-0.5889983,0.08986340463161469,0.6237524747848511,0.6331266164779663
YER169W,YIL110W,0,-0.5890225,0.08985048532485962,0.6237524747848511,0.6332266330718994
YDR216W,YKL184W,0,-0.58902425,0.08983757346868515,0.6237524747848511,0.6333266496658325
YGR038W,YGR278W,0,-0.5893126,0.08982466161251068,0.6237524747848511,0.6334266662597656
YMR280C,YMR260C,0,-0.5893688,0.08981175720691681,0.6237524747848511,0.6335266828536987
YDL181W,YJL204C,0,-0.58956796,0.08979885280132294,0.6237524747848511,0.6336266994476318
YMR263W,YNL272C,0,-0.58965564,0.08978594839572906,0.6237524747848511,0.6337267160415649
YPL081W,YCL020W,0,-0.5898265,0.08977305144071579,0.6237524747848511,0.6338267922401428
YDR365W-B,YKL137W,0,-0.58999574,0.08976016193628311,0.6237524747848511,0.6339268088340759
YHR124W,YNL225C,0,-0.5900951,0.08974727243185043,0.6237524747848511,0.634026825428009
YKR067W,YOL075C,0,-0.5902165,0.08973438292741776,0.6237524747848511,0.6341268420219421
YML062C,YOR010C,0,-0.59041315,0.08972150087356567,0.6237524747848511,0.6342268586158752
YGR049W,YDR522C,0,-0.59046596,0.08970862627029419,0.6237524747848511,0.6343268752098083
YCR009C,YOR089C,1,-0.5905566,0.08983926475048065,0.6247504949569702,0.6343268752098083
YDR394W,YLR003C,0,-0.59085613,0.08982637524604797,0.6247504949569702,0.6344268918037415
YDR186C,YCR043C,0,-0.59101385,0.0898134857416153,0.6247504949569702,0.6345269083976746
YMR014W,YOR153W,0,-0.5910425,0.08980060368776321,0.6247504949569702,0.6346269249916077
YPR022C,YOR367W,0,-0.5910845,0.08978772163391113,0.6247504949569702,0.6347269415855408
YJL050W,YPR140W,0,-0.5912081,0.08977484703063965,0.6247504949569702,0.6348269581794739
YHR091C,YKL193C,0,-0.5912388,0.08976197242736816,0.6247504949569702,0.634926974773407
YBL047C,YIL041W,1,-0.59131056,0.08989247679710388,0.6257485151290894,0.634926974773407
YGL206C,YNL032W,1,-0.59136367,0.09002293646335602,0.6267465353012085,0.634926974773407
YDR184C,YMR092C,0,-0.59145904,0.09001003205776215,0.6267465353012085,0.6350269913673401
YKL146W,YMR052W,0,-0.59163153,0.08999713510274887,0.6267465353012085,0.6351270079612732
YJR002W,YCR003W,0,-0.5916332,0.0899842381477356,0.6267465353012085,0.6352270245552063
YJR043C,YHR196W,0,-0.5919417,0.08997134864330292,0.6267465353012085,0.6353270411491394
YHL020C,YCR083W,0,-0.59222496,0.08995845913887024,0.6267465353012085,0.6354270577430725
YGL125W,YER058W,0,-0.592232,0.08994557708501816,0.6267465353012085,0.6355271339416504
YOR214C,YOR198C,0,-0.59226805,0.08993269503116608,0.6267465353012085,0.6356271505355835
YML019W,YGL047W,0,-0.5923644,0.08991982042789459,0.6267465353012085,0.6357271671295166
YBL042C,YLR341W,0,-0.5923705,0.08990694582462311,0.6267465353012085,0.6358271837234497
YLR298C,YKL008C,0,-0.59240276,0.08989407122135162,0.6267465353012085,0.6359272003173828
YPL055C,YJL154C,0,-0.5924916,0.08988121151924133,0.6267465353012085,0.6360272169113159
YGL029W,YBR199W,0,-0.59276384,0.08986834436655045,0.6267465353012085,0.636127233505249
YER078C,YHR176W,0,-0.59285575,0.08985548466444016,0.6267465353012085,0.6362272500991821
YOR190W,YFL053W,0,-0.59301674,0.08984263241291046,0.6267465353012085,0.6363272666931152
YMR293C,YJR056C,0,-0.59312797,0.08982978016138077,0.6267465353012085,0.6364272832870483
YDL193W,YGL184C,0,-0.59343016,0.08981693536043167,0.6267465353012085,0.6365272998809814
YEL026W,YOR205C,0,-0.59346765,0.08980409055948257,0.6267465353012085,0.6366273164749146
YOL033W,YMR060C,0,-0.5938257,0.08979125320911407,0.6267465353012085,0.6367273330688477
YDR261C-C,YOR140W,0,-0.59386253,0.08977841585874557,0.6267465353012085,0.6368273496627808
YBR057C,YOR083W,0,-0.5940864,0.08976557850837708,0.6267465353012085,0.6369273662567139
YML007W,YGL153W,0,-0.59419864,0.08975274860858917,0.6267465353012085,0.637027382850647
YBR133C,YGL043W,0,-0.5942887,0.08973992615938187,0.6267465353012085,0.6371273994445801
YHR161C,YPL032C,1,-0.594334,0.08986998349428177,0.6277444958686829,0.6371273994445801
YGL181W,YBL101C,1,-0.5944987,0.09000000357627869,0.628742516040802,0.6371273994445801
YOR229W,YNR075W,0,-0.59453,0.0899871438741684,0.628742516040802,0.6372274160385132
YNL090W,YLL023C,0,-0.59467214,0.0899742916226387,0.628742516040802,0.6373274922370911
YJL051W,YBR210W,0,-0.5947253,0.0899614468216896,0.628742516040802,0.6374275088310242
YGR198W,YDL064W,0,-0.59504104,0.08994860202074051,0.628742516040802,0.6375275254249573
YGL131C,YCR020W-B,0,-0.59512895,0.08993575721979141,0.628742516040802,0.6376275420188904
YJL151C,YOR007C,0,-0.59520966,0.08992291986942291,0.628742516040802,0.6377275586128235
YJR047C,YJL014W,0,-0.59536517,0.08991008996963501,0.628742516040802,0.6378275752067566
YER065C,YPL192C,0,-0.59541094,0.0898972600698471,0.628742516040802,0.6379275918006897
YBR132C,YCR023C,0,-0.59542173,0.0898844376206398,0.628742516040802,0.6380276083946228
YPR124W,YHR026W,0,-0.5954226,0.0898716151714325,0.628742516040802,0.6381276249885559
YGL022W,YDR331W,0,-0.5956629,0.08985879272222519,0.628742516040802,0.638227641582489
YPR171W,YDL231C,1,-0.5958604,0.0899885892868042,0.6297405362129211,0.638227641582489
YGL181W,YNL032W,1,-0.59609973,0.09011834859848022,0.6307384967803955,0.638227641582489
YLR013W,YJL093C,0,-0.5962093,0.09010550379753113,0.6307384967803955,0.6383276581764221
YDR446W,YBR057C,0,-0.59631896,0.09009265899658203,0.6307384967803955,0.6384276747703552
YAL005C,YJR014W,0,-0.59632343,0.09007981419563293,0.6307384967803955,0.6385276913642883
YPL055C,YMR190C,0,-0.5964293,0.09006697684526443,0.6307384967803955,0.6386277079582214
YJR091C,YBR056W,0,-0.59643704,0.09005414694547653,0.6307384967803955,0.6387277245521545
YDR104C,YEL071W,0,-0.59658575,0.09004131704568863,0.6307384967803955,0.6388277411460876
YPL227C,YDL150W,0,-0.59658664,0.09002848714590073,0.6307384967803955,0.6389277577400208
YLR205C,YER094C,0,-0.5966654,0.09001566469669342,0.6307384967803955,0.6390278339385986
YGL134W,YMR323W,0,-0.5966686,0.09000284969806671,0.6307384967803955,0.6391278505325317
YDR163W,YGL156W,0,-0.59672433,0.08999003469944,0.6307384967803955,0.6392278671264648
YNL154C,YDL161W,1,-0.59708786,0.09011959284543991,0.6317365169525146,0.6392278671264648
YGR152C,YBR221C,0,-0.5973146,0.09010676294565201,0.6317365169525146,0.639327883720398
YMR263W,YEL026W,0,-0.5973512,0.0900939404964447,0.6317365169525146,0.639427900314331
YAR003W,YHL013C,0,-0.5974695,0.0900811180472374,0.6317365169525146,0.6395279169082642
YHR183W,YBR014C,0,-0.59751135,0.09006829559803009,0.6317365169525146,0.6396279335021973
YML069W,YHR200W,0,-0.5975729,0.09005548804998398,0.6317365169525146,0.6397279500961304
YKL220C,YPR004C,0,-0.59765816,0.09004267305135727,0.6317365169525146,0.6398279666900635
YBR235W,YKL167C,0,-0.59765935,0.09002986550331116,0.6317365169525146,0.6399279832839966
YML066C,YDR043C,0,-0.5977595,0.09001706540584564,0.6317365169525146,0.6400279998779297
YDR073W,YNL329C,0,-0.5979426,0.09000426530838013,0.6317365169525146,0.6401280164718628
YNL075W,YGR166W,0,-0.5979543,0.08999147266149521,0.6317365169525146,0.6402280330657959
YGR287C,YKL027W,0,-0.59795463,0.08997868001461029,0.6317365169525146,0.640328049659729
YLR056W,YHR001W,1,-0.5979707,0.09010801464319229,0.6327345371246338,0.640328049659729
YGR013W,YLR035C,0,-0.5979892,0.09009521454572678,0.6327345371246338,0.6404280662536621
YGR157W,YDR450W,0,-0.59823346,0.09008240699768066,0.6327345371246338,0.6405280828475952
YDR113C,YJL184W,0,-0.598454,0.09006961435079575,0.6327345371246338,0.6406280994415283
YFL009W,YGR128C,0,-0.5987986,0.09005682170391083,0.6327345371246338,0.6407281160354614
YKR046C,YIL129C,0,-0.5989795,0.09004402905702591,0.6327345371246338,0.6408281922340393
YBR018C,YJR017C,0,-0.59902287,0.09003124386072159,0.6327345371246338,0.6409282088279724
YBR103W,YBL097W,0,-0.5992274,0.09001845866441727,0.6327345371246338,0.6410282254219055
YIL015W,YNL093W,0,-0.5993629,0.09000568091869354,0.6327345371246338,0.6411282420158386
YBR083W,YMR216C,0,-0.5993771,0.08999290317296982,0.6327345371246338,0.6412282586097717
YBR217W,YLL005C,0,-0.5997802,0.08998013287782669,0.6327345371246338,0.6413282752037048
YHR141C,YBR136W,0,-0.59987307,0.08996736258268356,0.6327345371246338,0.6414282917976379
YLR148W,YDR524C-B,0,-0.6001641,0.08995459973812103,0.6327345371246338,0.641528308391571
YNL069C,YNL279W,0,-0.6001655,0.0899418368935585,0.6327345371246338,0.6416283249855042
YER166W,YOR322C,1,-0.6004453,0.0900709256529808,0.6337325572967529,0.6416283249855042
YBR302C,YLR225C,0,-0.6007179,0.09005814790725708,0.6337325572967529,0.6417283415794373
YCR009C,YBR214W,1,-0.60085857,0.0901871845126152,0.6347305178642273,0.6417283415794373
YLR003C,YOR375C,0,-0.6008761,0.09017439186573029,0.6347305178642273,0.6418283581733704
YPL232W,YBR154C,0,-0.6008805,0.09016161412000656,0.6347305178642273,0.6419283747673035
YGR227W,YPR061C,0,-0.6008812,0.09014882892370224,0.6347305178642273,0.6420283913612366
YIL063C,YGR209C,0,-0.60095865,0.09013605117797852,0.6347305178642273,0.6421284079551697
YML066C,YER001W,0,-0.6011416,0.09012328088283539,0.6347305178642273,0.6422284245491028
YLR138W,YEL020C,0,-0.60123503,0.09011051058769226,0.6347305178642273,0.6423284411430359
YMR011W,YLR398C,0,-0.6012556,0.09009774774312973,0.6347305178642273,0.642428457736969
YLR405W,YER172C,0,-0.60130984,0.0900849848985672,0.6347305178642273,0.6425285339355469
YBR199W,YLR399C,0,-0.6014426,0.09007222950458527,0.6347305178642273,0.64262855052948
YPL016W,YPR101W,0,-0.6015736,0.09005947411060333,0.6347305178642273,0.6427285671234131
YCR028C-A,YGL054C,0,-0.6015808,0.0900467187166214,0.6347305178642273,0.6428285837173462
YOR100C,YKL211C,0,-0.6015948,0.09003397822380066,0.6347305178642273,0.6429286003112793
YPR145W,YIL031W,0,-0.601716,0.09002123028039932,0.6347305178642273,0.6430286169052124
YBR200W,YKL101W,0,-0.6017785,0.09000848978757858,0.6347305178642273,0.6431286334991455
YCL038C,YBR171W,0,-0.6018637,0.08999575674533844,0.6347305178642273,0.6432286500930786
YMR134W,YER172C,0,-0.6018933,0.0899830237030983,0.6347305178642273,0.6433286666870117
YKL101W,YHR045W,0,-0.6019572,0.08997029066085815,0.6347305178642273,0.6434286832809448
YGR033C,YHR045W,0,-0.602103,0.08995756506919861,0.6347305178642273,0.6435286998748779
YGL156W,YDL213C,0,-0.60218525,0.08994484692811966,0.6347305178642273,0.643628716468811
YEL026W,YCR048W,0,-0.60222685,0.08993212878704071,0.6347305178642273,0.6437287330627441
YOR298C-A,YLR066W,0,-0.60233426,0.08991941064596176,0.6347305178642273,0.6438287496566772
YNR012W,YBR127C,0,-0.6023419,0.08990669995546341,0.6347305178642273,0.6439287662506104
YPL084W,YLR110C,0,-0.6025824,0.08989398926496506,0.6347305178642273,0.6440287828445435
YML123C,YPR052C,0,-0.6030892,0.0898812860250473,0.6347305178642273,0.6441287994384766
YML008C,YCL020W,0,-0.6032745,0.08986859023571014,0.6347305178642273,0.6442288160324097
YKL188C,YBR154C,0,-0.60341275,0.08985589444637299,0.6347305178642273,0.6443288922309875
YBR298C,YLL010C,0,-0.6034265,0.08984319865703583,0.6347305178642273,0.6444289088249207
YHR063C,YMR044W,0,-0.6035825,0.08983051031827927,0.6347305178642273,0.6445289254188538
YEL042W,YJL036W,0,-0.60358423,0.0898178219795227,0.6347305178642273,0.6446289420127869
YLR210W,YLR035C,0,-0.6036551,0.08980514109134674,0.6347305178642273,0.64472895860672
YOR141C,YMR162C,0,-0.6037276,0.08979246020317078,0.6347305178642273,0.6448289752006531
YHR124W,YCR008W,0,-0.6039009,0.08977978676557541,0.6347305178642273,0.6449289917945862
YLR155C,YDL201W,0,-0.60410964,0.08976711332798004,0.6347305178642273,0.6450290083885193
YDR338C,YPL190C,0,-0.6042954,0.08975444734096527,0.6347305178642273,0.6451290249824524
YKL129C,YFL039C,1,-0.60445744,0.08988288044929504,0.6357285380363464,0.6451290249824524
YNL300W,YDR051C,0,-0.60447437,0.08987019956111908,0.6357285380363464,0.6452290415763855
YGL255W,YMR047C,0,-0.60455465,0.08985752612352371,0.6357285380363464,0.6453290581703186
YDR073W,YGL234W,0,-0.6045878,0.08984485268592834,0.6357285380363464,0.6454290747642517
YMR135C,YOR140W,0,-0.6049482,0.08983217924833298,0.6357285380363464,0.6455290913581848
YNR063W,YER001W,0,-0.6049883,0.0898195132613182,0.6357285380363464,0.6456291079521179
YGL206C,YBL007C,1,-0.60511565,0.08994783461093903,0.6367265582084656,0.6456291079521179
YDL168W,YDR291W,0,-0.6051812,0.08993515372276306,0.6367265582084656,0.645729124546051
YDR432W,YJR077C,0,-0.60520816,0.0899224802851677,0.6367265582084656,0.6458291411399841
YNR036C,YPL275W,0,-0.6052119,0.08990980684757233,0.6367265582084656,0.6459291577339172
YOR033C,YGR289C,0,-0.60532814,0.08989714086055756,0.6367265582084656,0.6460292339324951
YMR134W,YDR352W,0,-0.60543853,0.08988447487354279,0.6367265582084656,0.6461292505264282
YDL178W,YNL124W,0,-0.605518,0.08987181633710861,0.6367265582084656,0.6462292671203613
YMR092C,YJR144W,0,-0.6055736,0.08985915780067444,0.6367265582084656,0.6463292837142944
YPL008W,YLL010C,0,-0.6056628,0.08984649926424026,0.6367265582084656,0.6464293003082275
YHR216W,YBR057C,0,-0.60577804,0.08983384817838669,0.6367265582084656,0.6465293169021606
YCR067C,YDR450W,0,-0.6060895,0.08982120454311371,0.6367265582084656,0.6466293334960938
YLR320W,YGR128C,0,-0.6061261,0.08980856090784073,0.6367265582084656,0.6467293500900269
YNL186W,YDR097C,0,-0.6061487,0.08979591727256775,0.6367265582084656,0.64682936668396
YMR216C,YNL220W,0,-0.60615015,0.08978328108787537,0.6367265582084656,0.6469293832778931
YML033W,YKL139W,0,-0.60641277,0.08977065235376358,0.6367265582084656,0.6470293998718262
YJL207C,YDL010W,0,-0.60643613,0.0897580161690712,0.6367265582084656,0.6471294164657593
YGR068C,YHR034C,0,-0.60652333,0.08974539488554001,0.6367265582084656,0.6472294330596924
YNL316C,YGR278W,0,-0.60666883,0.08973277360200882,0.6367265582084656,0.6473294496536255
YBR059C,YOR109W,1,-0.6067699,0.08986078202724457,0.6377245783805847,0.6473294496536255
YDR365W-B,YNL279W,0,-0.6068226,0.08984814584255219,0.6377245783805847,0.6474294662475586
YCR017C,YJR152W,0,-0.60690963,0.0898355096578598,0.6377245783805847,0.6475294828414917
YPR101W,YDL066W,0,-0.606953,0.08982288092374802,0.6377245783805847,0.6476294994354248
YKR045C,YOR010C,0,-0.6072798,0.08981025964021683,0.6377245783805847,0.6477295756340027
YGL208W,YJL093C,0,-0.607392,0.08979763835668564,0.6377245783805847,0.6478295922279358
YML022W,YER172C,0,-0.6075134,0.08978502452373505,0.6377245783805847,0.6479296088218689
YER144C,YGL121C,0,-0.60762286,0.08977241069078445,0.6377245783805847,0.648029625415802
YER065C,YOR336W,0,-0.60768855,0.08975979685783386,0.6377245783805847,0.6481296420097351
YDL103C,YAL032C,0,-0.6077914,0.08974719047546387,0.6377245783805847,0.6482296586036682
YJL203W,YFL008W,0,-0.60784423,0.08973459154367447,0.6377245783805847,0.6483296751976013
YEL046C,YBR227C,0,-0.6079758,0.08972198516130447,0.6377245783805847,0.6484296917915344
YJL010C,YGR161C-C,0,-0.60802,0.08970939368009567,0.6377245783805847,0.6485297083854675
YJL139C,YDR480W,0,-0.6080231,0.08969680219888687,0.6377245783805847,0.6486297249794006
YJR125C,YIL122W,0,-0.6080583,0.08968421071767807,0.6377245783805847,0.6487297415733337
YPR020W,YLR398C,0,-0.60828865,0.08967162668704987,0.6377245783805847,0.6488297581672668
YLR225C,YMR164C,0,-0.60849106,0.08965904265642166,0.6377245783805847,0.6489297747612
YGR278W,YKL065C,0,-0.6085009,0.08964646607637405,0.6377245783805847,0.6490297913551331
YOL033W,YJL036W,0,-0.6086637,0.08963388949632645,0.6377245783805847,0.6491298079490662
YJR047C,YOR122C,0,-0.60882014,0.08962132036685944,0.6377245783805847,0.6492298245429993
YKL209C,YCR020W-B,0,-0.60901654,0.08960875123739243,0.6377245783805847,0.6493298411369324
YBR207W,YGR241C,1,-0.6091962,0.08973640203475952,0.6387225389480591,0.6493298411369324
YBL018C,YGL254W,0,-0.60922766,0.08972381800413132,0.6387225389480591,0.6494298577308655
YMR068W,YMR309C,0,-0.6094121,0.08971124142408371,0.6387225389480591,0.6495299339294434
YBR239C,YLR066W,0,-0.60946846,0.0896986648440361,0.6387225389480591,0.6496299505233765
YLR421C,YLL023C,0,-0.6099573,0.08968609571456909,0.6387225389480591,0.6497299671173096
YGR049W,YMR280C,0,-0.6100159,0.08967353403568268,0.6387225389480591,0.6498299837112427
YNL083W,YBR004C,0,-0.6101196,0.08966097235679626,0.6387225389480591,0.6499300003051758
YBR258C,YGL187C,0,-0.6103271,0.08964841067790985,0.6387225389480591,0.6500300168991089
YDR006C,YML064C,0,-0.6106266,0.08963585644960403,0.6387225389480591,0.650130033493042
YJL204C,YML046W,0,-0.6106774,0.08962330222129822,0.6387225389480591,0.6502300500869751
YOR256C,YKR018C,0,-0.6106991,0.089610755443573,0.6387225389480591,0.6503300666809082
YGR121C,YJR144W,0,-0.6107124,0.08959820866584778,0.6387225389480591,0.6504300832748413
YDL156W,YNR039C,0,-0.61099887,0.08958566933870316,0.6387225389480591,0.6505300998687744
YFL016C,YFL018C,0,-0.6110478,0.08957313001155853,0.6387225389480591,0.6506301164627075
YIL063C,YBR236C,0,-0.6110591,0.08956059068441391,0.6387225389480591,0.6507301330566406
YER146W,YKL157W,0,-0.6111943,0.08954805880784988,0.6387225389480591,0.6508301496505737
YKL163W,YIL063C,0,-0.61130786,0.08953553438186646,0.6387225389480591,0.6509301662445068
YGR198W,YGL206C,1,-0.6113469,0.08966288715600967,0.6397205591201782,0.6509301662445068
YPL047W,YER001W,0,-0.61152935,0.08965034782886505,0.6397205591201782,0.6510301828384399
YDL207W,YDL020C,0,-0.6116003,0.08963781595230103,0.6397205591201782,0.651130199432373
YNL003C,YGR132C,0,-0.6118053,0.0896252766251564,0.6397205591201782,0.6512302756309509
YCL038C,YOL044W,0,-0.611808,0.08961275219917297,0.6397205591201782,0.651330292224884
YLR372W,YKR099C-A,0,-0.6118791,0.08960022032260895,0.6397205591201782,0.6514303088188171
YDR264C,YNL032W,1,-0.61191255,0.08972746133804321,0.6407185792922974,0.6514303088188171
YNL064C,YHL013C,0,-0.61196065,0.08971492201089859,0.6407185792922974,0.6515303254127502
YEL027W,YCR028C,1,-0.6121049,0.08984211087226868,0.6417165398597717,0.6515303254127502
YDR349C,YGR067C,0,-0.6122048,0.08982956409454346,0.6417165398597717,0.6516303420066833
YFL022C,YPR052C,0,-0.6122413,0.08981700986623764,0.6417165398597717,0.6517303586006165
YDR365W-B,YDR450W,0,-0.6124191,0.08980447053909302,0.6417165398597717,0.6518303751945496
YCR028C-A,YHR016C,0,-0.61245227,0.0897919312119484,0.6417165398597717,0.6519303917884827
YPL128C,YML065W,0,-0.6124552,0.08977939188480377,0.6417165398597717,0.6520304083824158
YBR021W,YML062C,0,-0.61246514,0.08976686000823975,0.6417165398597717,0.6521304249763489
YER011W,YER160C,0,-0.6126623,0.08975432813167572,0.6417165398597717,0.652230441570282
YDL193W,YNL116W,0,-0.61274207,0.08974180370569229,0.6417165398597717,0.6523304581642151
YKR086W,YLL023C,0,-0.6127778,0.08972927927970886,0.6417165398597717,0.6524304747581482
YKL163W,YOL033W,0,-0.61305475,0.08971675485372543,0.6417165398597717,0.6525304913520813
YDL004W,YKR022C,0,-0.6133379,0.0897042378783226,0.6417165398597717,0.6526305079460144
YOR089C,YCR094W,1,-0.6133475,0.08983121812343597,0.6427145600318909,0.6526305079460144
YGL255W,YJR077C,0,-0.6133512,0.08981868624687195,0.6427145600318909,0.6527305245399475
YPR066W,YMR083W,0,-0.61335576,0.08980616182088852,0.6427145600318909,0.6528305411338806
YLR310C,YOR293W,0,-0.6134155,0.08979364484548569,0.6427145600318909,0.6529305577278137
YMR134W,YOL021C,0,-0.61346376,0.08978112041950226,0.6427145600318909,0.6530306339263916
YLR002C,YPL079W,0,-0.61372805,0.08976861089468002,0.6427145600318909,0.6531306505203247
YGL181W,YBR059C,1,-0.6137341,0.08989547193050385,0.64371258020401,0.6531306505203247
YMR268C,YHR045W,0,-0.6137629,0.08988294005393982,0.64371258020401,0.6532306671142578
YLR297W,YOR336W,0,-0.6138489,0.08987042307853699,0.64371258020401,0.6533306837081909
YGR091W,YPR056W,0,-0.6139281,0.08985789865255356,0.64371258020401,0.653430700302124
YPL060C-A,YLR178C,0,-0.6140238,0.08984538167715073,0.64371258020401,0.6535307168960571
YGL160W,YNL134C,0,-0.61424327,0.08983287215232849,0.64371258020401,0.6536307334899902
YGL208W,YDR477W,0,-0.61427075,0.08982036262750626,0.64371258020401,0.6537307500839233
YDL156W,YOR005C,0,-0.61444974,0.08980785310268402,0.64371258020401,0.6538307666778564
YLR051C,YPL079W,0,-0.6145911,0.08979535102844238,0.64371258020401,0.6539307832717896
YPL242C,YBL002W,0,-0.61475587,0.08978284895420074,0.64371258020401,0.6540307998657227
YNL116W,YML121W,0,-0.61476874,0.0897703543305397,0.64371258020401,0.6541308164596558
YGL012W,YPL249C,0,-0.61488205,0.08975785970687866,0.64371258020401,0.6542308330535889
YNL024C-A,YNR063W,0,-0.61511683,0.08974537253379822,0.64371258020401,0.654330849647522
YJL074C,YLR035C,0,-0.6151308,0.08973288536071777,0.64371258020401,0.6544308662414551
YJL063C,YER035W,0,-0.6155085,0.08972040563821793,0.64371258020401,0.6545308828353882
YLR166C,YBR018C,0,-0.6155161,0.08970792591571808,0.64371258020401,0.6546308994293213
YPR145W,YLR148W,0,-0.6156835,0.08969545364379883,0.64371258020401,0.6547309756278992
YML078W,YHR039C,0,-0.61573213,0.08968298137187958,0.64371258020401,0.6548309922218323
YNL257C,YDL165W,0,-0.615876,0.08967051655054092,0.64371258020401,0.6549310088157654
YKL146W,YPL069C,0,-0.61616284,0.08965805172920227,0.64371258020401,0.6550310254096985
YGR287C,YNL265C,0,-0.61619675,0.08964558690786362,0.64371258020401,0.6551310420036316
YIL023C,YDR123C,0,-0.616333,0.08963312953710556,0.64371258020401,0.6552310585975647
YJL028W,YGR192C,0,-0.61645687,0.0896206721663475,0.64371258020401,0.6553310751914978
YPL032C,YOR181W,1,-0.6170508,0.08974715322256088,0.6447106003761292,0.6553310751914978
YHR183W,YBL100W-A,0,-0.61724675,0.08973468840122223,0.6447106003761292,0.6554310917854309
YAR008W,YGR166W,0,-0.6172751,0.08972222357988358,0.6447106003761292,0.655531108379364
YDR385W,YNL209W,0,-0.6174346,0.08970976620912552,0.6447106003761292,0.6556311249732971
YPR140W,YER160C,0,-0.61772394,0.08969730883836746,0.6447106003761292,0.6557311415672302
YPR121W,YFL022C,0,-0.6177376,0.0896848514676094,0.6447106003761292,0.6558311581611633
YKL208W,YPR185W,0,-0.6178796,0.08967240154743195,0.6447106003761292,0.6559311747550964
YDR155C,YER160C,0,-0.61790264,0.08965995907783508,0.6447106003761292,0.6560311913490295
YJL138C,YEL009C,0,-0.6179191,0.08964751660823822,0.6447106003761292,0.6561312079429626
YHR073W,YKR003W,1,-0.6179452,0.08977383375167847,0.6457085609436035,0.6561312079429626
YER054C,YPL012W,0,-0.61798286,0.08976137638092041,0.6457085609436035,0.6562312245368958
YPR158W-A,YGL012W,0,-0.61847234,0.08974892646074295,0.6457085609436035,0.6563312411308289
YDR490C,YGR167W,1,-0.6186042,0.08987517654895782,0.6467065811157227,0.6563312411308289
YDR349C,YHL013C,0,-0.61866176,0.08986271172761917,0.6467065811157227,0.656431257724762
YDR182W,YNL090W,0,-0.6190659,0.08985024690628052,0.6467065811157227,0.6565313339233398
YOR190W,YPL181W,0,-0.6191002,0.08983778953552246,0.6467065811157227,0.656631350517273
YPR082C,YKL065C,0,-0.61913157,0.089825339615345,0.6467065811157227,0.656731367111206
YPL164C,YDL194W,0,-0.6192025,0.08981288969516754,0.6467065811157227,0.6568313837051392
YPL227C,YPR101W,0,-0.61927193,0.08980043977499008,0.6467065811157227,0.6569314002990723
YKL027W,YOR312C,0,-0.6193195,0.08978799730539322,0.6467065811157227,0.6570314168930054
YDR097C,YJL076W,0,-0.6194149,0.08977556228637695,0.6467065811157227,0.6571314334869385
YPL164C,YML118W,0,-0.61941946,0.08976312726736069,0.6467065811157227,0.6572314500808716
YDR365W-B,YDR522C,0,-0.61952794,0.08975069224834442,0.6467065811157227,0.6573314666748047
YHR034C,YGR041W,0,-0.61953497,0.08973826467990875,0.6467065811157227,0.6574314832687378
YGL086W,YIL067C,0,-0.6196283,0.08972583711147308,0.6467065811157227,0.6575314998626709
YNL032W,YDR177W,1,-0.619655,0.08985186368227005,0.6477046012878418,0.6575314998626709
YLR069C,YDR506C,0,-0.61972547,0.08983942121267319,0.6477046012878418,0.657631516456604
YKR092C,YMR116C,0,-0.61973846,0.08982698619365692,0.6477046012878418,0.6577315330505371
YDR365W-B,YOL137W,0,-0.61985284,0.08981455862522125,0.6477046012878418,0.6578315496444702
YDL066W,YOR035C,0,-0.6200192,0.08980213105678558,0.6477046012878418,0.6579315662384033
YJR152W,YKL018W,0,-0.6200336,0.08978970348834991,0.6477046012878418,0.6580315828323364
YIL050W,YPL192C,0,-0.6202258,0.08977728337049484,0.6477046012878418,0.6581315994262695
YML007W,YKR042W,0,-0.62030256,0.08976487070322037,0.6477046012878418,0.6582316756248474
YJL204C,YKR003W,1,-0.62030435,0.0898907482624054,0.6487026214599609,0.6582316756248474
YGR278W,YMR231W,0,-0.6203195,0.08987832069396973,0.6487026214599609,0.6583316922187805
YJR125C,YGL008C,0,-0.6204001,0.08986589312553406,0.6487026214599609,0.6584317088127136
YDL168W,YEL003W,0,-0.6204957,0.08985347300767899,0.6487026214599609,0.6585317254066467
YGL002W,YKL152C,0,-0.6204979,0.08984105288982391,0.6487026214599609,0.6586317420005798
YBR057C,YJL020C,0,-0.62059927,0.08982863277196884,0.6487026214599609,0.6587317585945129
YGR287C,YJR091C,0,-0.62061465,0.08981622010469437,0.6487026214599609,0.658831775188446
YKR022C,YOR367W,0,-0.62069917,0.08980381488800049,0.6487026214599609,0.6589317917823792
YGR278W,YJL154C,0,-0.6207087,0.08979140967130661,0.6487026214599609,0.6590318083763123
YPL249C-A,YKL152C,0,-0.6207218,0.08977900445461273,0.6487026214599609,0.6591318249702454
YDR162C,YDR484W,0,-0.62076247,0.08976660668849945,0.6487026214599609,0.6592318415641785
YML007W,YKR099C-A,0,-0.6207725,0.08975420892238617,0.6487026214599609,0.6593318581581116
YPR061C,YPR094W,0,-0.62087977,0.08974181860685349,0.6487026214599609,0.6594318747520447
YMR162C,YGL055W,0,-0.62112594,0.0897294282913208,0.6487026214599609,0.6595318913459778
YLR071C,YNL254C,0,-0.6212698,0.08971704542636871,0.6487026214599609,0.6596319079399109
YDR104C,YGR038C-B,0,-0.6215798,0.08970466256141663,0.6487026214599609,0.659731924533844
YDR017C,YBR104W,0,-0.6217624,0.08969228714704514,0.6487026214599609,0.6598319411277771
YDL004W,YIL082W-A,0,-0.6220281,0.08967991173267365,0.6487026214599609,0.6599319577217102
YDL188C,YDR522C,0,-0.62230456,0.08966754376888275,0.6487026214599609,0.6600320339202881
YCR034W,YMR271C,0,-0.6223849,0.08965517580509186,0.6487026214599609,0.6601320505142212
YGL022W,YML058W,0,-0.622577,0.08964280784130096,0.6487026214599609,0.6602320671081543
YNL139C,YBR135W,0,-0.6235155,0.08963044732809067,0.6487026214599609,0.6603320837020874
YKR003W,YOL068C,0,-0.6235659,0.08961808681488037,0.6487026214599609,0.6604321002960205
YOR077W,YMR271C,0,-0.62377024,0.08960573375225067,0.6487026214599609,0.6605321168899536
YOR173W,YBR004C,0,-0.62405443,0.08959338068962097,0.6487026214599609,0.6606321334838867
YGR227W,YLR071C,0,-0.6242074,0.08958103507757187,0.6487026214599609,0.6607321500778198
YLR071C,YDR156W,0,-0.6243682,0.08956868946552277,0.6487026214599609,0.6608321666717529
YGR275W,YPL055C,0,-0.62440467,0.08955635130405426,0.6487026214599609,0.660932183265686
YKR067W,YIL127C,0,-0.62514967,0.08954401314258575,0.6487026214599609,0.6610321998596191
YHR135C,YGL206C,1,-0.6252909,0.08966942131519318,0.6497005820274353,0.6610321998596191
YKR060W,YNL152W,0,-0.6256496,0.08965707570314407,0.6497005820274353,0.6611322164535522
YIL162W,YNL222W,0,-0.6256811,0.08964472264051437,0.6497005820274353,0.6612322330474854
YJL113W,YMR309C,0,-0.6257826,0.08963238447904587,0.6497005820274353,0.6613322496414185
YBL102W,YJR144W,0,-0.6258225,0.08962004631757736,0.6497005820274353,0.6614322662353516
YOR118W,YLR157C-B,0,-0.6260196,0.08960770815610886,0.6497005820274353,0.6615322828292847
YLR116W,YPL190C,0,-0.626035,0.08959537744522095,0.6497005820274353,0.6616322994232178
YNR036C,YBR083W,0,-0.62621856,0.08958304673433304,0.6497005820274353,0.6617323756217957
YPR058W,YDR382W,0,-0.6262554,0.08957072347402573,0.6497005820274353,0.6618323922157288
YDL079C,YBL101C,0,-0.6263485,0.08955840021371841,0.6497005820274353,0.6619324088096619
YLR405W,YGL047W,0,-0.6265664,0.0895460769534111,0.6497005820274353,0.662032425403595
YLR084C,YNR075W,0,-0.62670517,0.08953376114368439,0.6497005820274353,0.6621324419975281
YBR227C,YLR003C,0,-0.62723315,0.08952145278453827,0.6497005820274353,0.6622324585914612
YDL103C,YOR064C,0,-0.6274137,0.08950914442539215,0.6497005820274353,0.6623324751853943
YDL159W,YHL013C,0,-0.627592,0.08949683606624603,0.6497005820274353,0.6624324917793274
YGL022W,YNL229C,0,-0.6275957,0.08948453515768051,0.6497005820274353,0.6625325083732605
YHR135C,YPR165W,1,-0.62765837,0.08960967510938644,0.6506986021995544,0.6625325083732605
YLR119W,YMR029C,0,-0.6276839,0.08959735929965973,0.6506986021995544,0.6626325249671936
YPL266W,YML058W,0,-0.62778205,0.08958505094051361,0.6506986021995544,0.6627325415611267
YDR519W,YCL038C,0,-0.62784904,0.08957274258136749,0.6506986021995544,0.6628325581550598
YDR348C,YDL014W,0,-0.6278618,0.08956044167280197,0.6506986021995544,0.6629325747489929
YPR018W,YBR104W,0,-0.6279463,0.08954814076423645,0.6506986021995544,0.663032591342926
YDR540C,YML065W,0,-0.62795126,0.08953583985567093,0.6506986021995544,0.6631326079368591
YJL139C,YPL016W,0,-0.627971,0.089523546397686,0.6506986021995544,0.6632326245307922
YDR017C,YPL088W,0,-0.62797713,0.08951126039028168,0.6506986021995544,0.6633326411247253
YDL188C,YOL041C,0,-0.6280704,0.08949896693229675,0.6506986021995544,0.6634326577186584
YPL237W,YHR065C,0,-0.6283268,0.08948668837547302,0.6506986021995544,0.6635327339172363
YBR059C,YOR034C,1,-0.62859166,0.08961163461208344,0.6516966223716736,0.6635327339172363
YLR051C,YDR538W,0,-0.62860256,0.08959934115409851,0.6516966223716736,0.6636327505111694
YKR081C,YKR045C,0,-0.6286674,0.08958704769611359,0.6516966223716736,0.6637327671051025
YBR109C,YDL161W,1,-0.6288421,0.08971193432807922,0.652694582939148,0.6637327671051025
YDR104C,YIL082W-A,0,-0.62885916,0.0896996259689331,0.652694582939148,0.6638327836990356
YML130C,YBR014C,0,-0.62894565,0.08968732506036758,0.652694582939148,0.6639328002929688
YIL127C,YKR046C,0,-0.62900853,0.08967503160238266,0.652694582939148,0.6640328168869019
YLR206W,YGR086C,1,-0.6296108,0.08979983627796173,0.6536926031112671,0.6640328168869019
YOR336W,YBR244W,0,-0.62961096,0.08978752791881561,0.6536926031112671,0.664132833480835
YKL188C,YKL152C,0,-0.6297306,0.0897752195596695,0.6536926031112671,0.6642328500747681
YLR342W,YGL210W-A,0,-0.6299732,0.08976291865110397,0.6536926031112671,0.6643328666687012
YGR186W,YGL086W,0,-0.6299733,0.08975061774253845,0.6536926031112671,0.6644328832626343
YFR042W,YJR091C,0,-0.62998724,0.08973831683397293,0.6536926031112671,0.6645328998565674
YMR260C,YOR077W,0,-0.62999,0.0897260308265686,0.6536926031112671,0.6646329164505005
YOR022C,YJR144W,0,-0.6300956,0.08971373736858368,0.6536926031112671,0.6647329330444336
YML022W,YPL003W,0,-0.630145,0.08970145136117935,0.6536926031112671,0.6648329496383667
YNL020C,YCR009C,1,-0.6303346,0.08982609957456589,0.6546906232833862,0.6648329496383667
YKL113C,YDL207W,0,-0.6308787,0.08981379866600037,0.6546906232833862,0.6649329662322998
YDR538W,YHR176W,0,-0.6309907,0.08980150520801544,0.6546906232833862,0.6650329828262329
YNL024C-A,YCL027C-A,0,-0.6310249,0.08978921175003052,0.6546906232833862,0.665132999420166
YLR242C,YJL177W,0,-0.6311338,0.08977692574262619,0.6546906232833862,0.6652330756187439
YOR368W,YBR008C,0,-0.63143754,0.08976463973522186,0.6546906232833862,0.665333092212677
YNL275W,YBR171W,0,-0.63158154,0.08975236117839813,0.6546906232833862,0.6654331088066101
YBR127C,YPL003W,0,-0.6315979,0.0897400826215744,0.6546906232833862,0.6655331254005432
YDL193W,YPL249C-A,0,-0.6316518,0.08972780406475067,0.6546906232833862,0.6656331419944763
YBL002W,YDR255C,0,-0.6316521,0.08971553295850754,0.6546906232833862,0.6657331585884094
YOL013C,YLL010C,0,-0.6318228,0.089703269302845,0.6546906232833862,0.6658331751823425
YLL005C,YOR245C,0,-0.6320504,0.08969100564718246,0.6546906232833862,0.6659331917762756
YJL116C,YPL241C,0,-0.63207763,0.08967874199151993,0.6546906232833862,0.6660332083702087
YKL208W,YKL157W,0,-0.63232714,0.08966648578643799,0.6546906232833862,0.6661332249641418
YIR028W,YMR268C,0,-0.6325319,0.08965422958135605,0.6546906232833862,0.666233241558075
YPL045W,YOR256C,0,-0.6325618,0.0896419808268547,0.6546906232833862,0.6663332581520081
YBR203W,YLR119W,0,-0.632692,0.08962973207235336,0.6546906232833862,0.6664332747459412
YHR183W,YPR165W,0,-0.63310647,0.08961748331785202,0.6546906232833862,0.6665332913398743
YML131W,YLR376C,0,-0.633134,0.08960524201393127,0.6546906232833862,0.6666333079338074
YOR362C,YOR171C,0,-0.6331933,0.08959300816059113,0.6546906232833862,0.6667333245277405
YPR145W,YPR151C,0,-0.6332259,0.08958077430725098,0.6546906232833862,0.6668333411216736
YNR063W,YIL110W,0,-0.6334852,0.08956854045391083,0.6546906232833862,0.6669333577156067
YDR155C,YLR341W,0,-0.63364553,0.08955631405115128,0.6546906232833862,0.6670334339141846
YBR215W,YOR339C,0,-0.63375413,0.08954408764839172,0.6546906232833862,0.6671334505081177
YDR331W,YER170W,0,-0.6337932,0.08953186869621277,0.6546906232833862,0.6672334671020508
YOR008C,YCL034W,1,-0.6341472,0.08965611457824707,0.6556886434555054,0.6672334671020508
YFR009W,YOL068C,0,-0.63422257,0.08964388072490692,0.6556886434555054,0.6673334836959839
YHL009C,YPL012W,0,-0.6345919,0.08963165432214737,0.6556886434555054,0.667433500289917
YGR086C,YOR008C,1,-0.63464016,0.0897558331489563,0.6566866040229797,0.667433500289917
YDR191W,YGR132C,0,-0.6348743,0.08974359184503555,0.6566866040229797,0.6675335168838501
YOL033W,YOR077W,0,-0.63494235,0.08973135054111481,0.6566866040229797,0.6676335334777832
YJL063C,YML058W,0,-0.6350074,0.08971911668777466,0.6566866040229797,0.6677335500717163
YGL048C,YNL148C,0,-0.6350098,0.08970688283443451,0.6566866040229797,0.6678335666656494
YJL123C,YMR024W,0,-0.6352123,0.08969465643167496,0.6566866040229797,0.6679335832595825
YDR264C,YDL019C,1,-0.6353407,0.08981872349977493,0.6576846241950989,0.6679335832595825
YFL016C,YBR135W,0,-0.6353458,0.08980648964643478,0.6576846241950989,0.6680335998535156
YKL049C,YLR022C,0,-0.6354662,0.08979424834251404,0.6576846241950989,0.6681336164474487
YOL013C,YGR013W,0,-0.63578606,0.08978201448917389,0.6576846241950989,0.6682336330413818
YAL030W,YLR056W,1,-0.63578606,0.0899060070514679,0.658682644367218,0.6682336330413818
YDR338C,YBL009W,0,-0.63582444,0.08989375829696655,0.658682644367218,0.6683336496353149
YLR035C,YOR197W,0,-0.635859,0.0898815169930458,0.658682644367218,0.668433666229248
YKR081C,YJL122W,0,-0.6359159,0.08986928313970566,0.658682644367218,0.6685336828231812
YML131W,YDR037W,0,-0.63601124,0.08985704928636551,0.658682644367218,0.6686336994171143
YDR264C,YML052W,1,-0.6361097,0.08998094499111176,0.6596806645393372,0.6686336994171143
YER035W,YDR141C,0,-0.6363001,0.08996869623661041,0.6596806645393372,0.6687337756156921
YLR034C,YBR280C,0,-0.63630164,0.08995644748210907,0.6596806645393372,0.6688337922096252
YJL138C,YGL029W,0,-0.6364337,0.08994421362876892,0.6596806645393372,0.6689338088035583
YPR025C,YLL036C,0,-0.63671553,0.08993197232484818,0.6596806645393372,0.6690338253974915
YPR082C,YCR033W,0,-0.6367892,0.08991973847150803,0.6596806645393372,0.6691338419914246
YPL004C,YDR093W,1,-0.63680506,0.09004352241754532,0.6606786251068115,0.6691338419914246
YFL052W,YGL011C,0,-0.63721704,0.09003128111362457,0.6606786251068115,0.6692338585853577
YNL072W,YHR178W,0,-0.63762146,0.09001903980970383,0.6606786251068115,0.6693338751792908
YNL072W,YKR039W,0,-0.63762146,0.09000679850578308,0.6606786251068115,0.6694338917732239
YDR180W,YGR280C,0,-0.6376997,0.08999456465244293,0.6606786251068115,0.669533908367157
YEL055C,YCR008W,0,-0.637876,0.08998233079910278,0.6606786251068115,0.6696339249610901
YPL162C,YML065W,0,-0.6378828,0.08997009694576263,0.6606786251068115,0.6697339415550232
YDR073W,YKR029C,0,-0.6379916,0.08995787799358368,0.6606786251068115,0.6698339581489563
YGL255W,YER172C,0,-0.63800967,0.08994565159082413,0.6606786251068115,0.6699339747428894
YBR068C,YDR258C,0,-0.6380516,0.08993343263864517,0.6606786251068115,0.6700339913368225
YBR059C,YFL039C,1,-0.6381625,0.09005705267190933,0.6616766452789307,0.6700339913368225
YDR202C,YMR291W,0,-0.63821256,0.09004481881856918,0.6616766452789307,0.6701340079307556
YDR506C,YOR188W,0,-0.63826513,0.09003259241580963,0.6616766452789307,0.6702340245246887
YDL155W,YDR409W,0,-0.6383147,0.09002036601305008,0.6616766452789307,0.6703340411186218
YAL001C,YML046W,0,-0.6384534,0.09000814706087112,0.6616766452789307,0.6704340577125549
YDR058C,YGR125W,0,-0.6384912,0.08999592810869217,0.6616766452789307,0.6705341339111328
YKL127W,YDR477W,0,-0.6385331,0.08998371660709381,0.6616766452789307,0.6706341505050659
YBR186W,YIL023C,0,-0.638898,0.08997150510549545,0.6616766452789307,0.670734167098999
YJR047C,YLR240W,0,-0.6391165,0.0899592936038971,0.6616766452789307,0.6708341836929321
YOR214C,YKL148C,0,-0.63924766,0.08994708955287933,0.6616766452789307,0.6709342002868652
YKR013W,YPL132W,0,-0.6393237,0.08993488550186157,0.6616766452789307,0.6710342168807983
YIL041W,YDL231C,1,-0.639524,0.09005831927061081,0.6626746654510498,0.6710342168807983
YLR233C,YDR524C-B,0,-0.6397177,0.09004610776901245,0.6626746654510498,0.6711342334747314
YER078C,YLR421C,0,-0.63986367,0.09003389626741409,0.6626746654510498,0.6712342500686646
YMR280C,YDR141C,0,-0.6400569,0.09002169221639633,0.6626746654510498,0.6713342666625977
YDR059C,YKL129C,1,-0.64009035,0.090145044028759,0.6636726260185242,0.6713342666625977
YJL010C,YLR368W,0,-0.6401049,0.09013282507658005,0.6636726260185242,0.6714342832565308
YPL164C,YNL299W,0,-0.64011395,0.09012061357498169,0.6636726260185242,0.6715342998504639
YOL075C,YKR039W,0,-0.6402068,0.09010840207338333,0.6636726260185242,0.671634316444397
YKL216W,YPL192C,0,-0.640352,0.09009619057178497,0.6636726260185242,0.6717343330383301
YKL213C,YJL020C,0,-0.6403835,0.09008398652076721,0.6636726260185242,0.6718343496322632
YDR058C,YJR019C,0,-0.64040256,0.09007178992033005,0.6636726260185242,0.6719343662261963
YOR115C,YER075C,0,-0.64053917,0.09005958586931229,0.6636726260185242,0.6720343828201294
YNL227C,YDR059C,1,-0.64054656,0.09018280357122421,0.6646706461906433,0.6720343828201294
YNL222W,YJR067C,0,-0.6405504,0.09017059206962585,0.6646706461906433,0.6721343994140625
YIL048W,YCR053W,1,-0.6405518,0.0902937576174736,0.6656686663627625,0.6721343994140625
YPL162C,YLR119W,0,-0.64058137,0.09028153866529465,0.6656686663627625,0.6722344756126404
YLR035C,YKR025W,0,-0.6407031,0.09026931971311569,0.6656686663627625,0.6723344922065735
YPR033C,YGL077C,0,-0.64086914,0.09025710076093674,0.6656686663627625,0.6724345088005066
YFL053W,YGL011C,0,-0.64103836,0.09024488925933838,0.6656686663627625,0.6725345253944397
YDR506C,YNL124W,0,-0.6410519,0.09023268520832062,0.6656686663627625,0.6726345419883728
YMR134W,YGL153W,0,-0.641105,0.09022048115730286,0.6656686663627625,0.6727345585823059
YOR043W,YKR003W,1,-0.64115816,0.09034352004528046,0.6666666865348816,0.6727345585823059
YDL194W,YNL177C,0,-0.6412618,0.0903313085436821,0.6666666865348816,0.672834575176239
YKR092C,YNL279W,0,-0.64131045,0.09031908959150314,0.6666666865348816,0.6729345917701721
YNL047C,YDR198C,0,-0.6413777,0.09030687808990479,0.6666666865348816,0.6730346083641052
YFL055W,YCL020W,0,-0.64149743,0.09029467403888702,0.6666666865348816,0.6731346249580383
YGR166W,YLR022C,0,-0.6417457,0.09028246998786926,0.6666666865348816,0.6732346415519714
YER018C,YOR375C,0,-0.6421188,0.0902702733874321,0.6666666865348816,0.6733346581459045
YHR001W,YDR524C-B,0,-0.64213157,0.09025807678699493,0.6666666865348816,0.6734346747398376
YOR043W,YCR009C,1,-0.6421845,0.09038098156452179,0.667664647102356,0.6734346747398376
YFR051C,YDR037W,0,-0.64222705,0.09036877006292343,0.667664647102356,0.6735346913337708
YGR195W,YGL166W,0,-0.64228415,0.09035656601190567,0.667664647102356,0.6736347079277039
YLR371W,YOR109W,1,-0.64245164,0.09047940373420715,0.6686626672744751,0.6736347079277039
YCR020W-B,YGR231C,0,-0.64260674,0.0904671922326088,0.6686626672744751,0.673734724521637
YER065C,YBL100W-A,0,-0.6427882,0.09045497328042984,0.6686626672744751,0.6738347411155701
YNL227C,YBR059C,1,-0.64297974,0.09057775139808655,0.6696606874465942,0.6738347411155701
YOR295W,YOR122C,0,-0.64303565,0.090565524995327,0.6696606874465942,0.6739347577095032
YCL045C,YFR051C,0,-0.643098,0.09055330604314804,0.6696606874465942,0.674034833908081
YBR039W,YHR045W,0,-0.64322764,0.09054108709096909,0.6696606874465942,0.6741348505020142
YIL031W,YHR072W-A,0,-0.6432885,0.09052887558937073,0.6696606874465942,0.6742348670959473
YGL124C,YDL222C,0,-0.6434175,0.09051665663719177,0.6696606874465942,0.6743348836898804
YGR257C,YML065W,0,-0.64344525,0.09050445258617401,0.6696606874465942,0.6744349002838135
YPL004C,YCL034W,1,-0.6434538,0.09062710404396057,0.6706587076187134,0.6744349002838135
YNR054C,YKR098C,0,-0.6436573,0.09061488509178162,0.6706587076187134,0.6745349168777466
YML110C,YMR106C,0,-0.64391875,0.09060266613960266,0.6706587076187134,0.6746349334716797
YCR028C-A,YOL033W,0,-0.64435935,0.0905904546380043,0.6706587076187134,0.6747349500656128
YIL049W,YML065W,0,-0.6447176,0.09057824313640594,0.6706587076187134,0.6748349666595459
YGR038W,YOR133W,0,-0.6447401,0.09056603908538818,0.6706587076187134,0.674934983253479
YPR029C,YKL055C,0,-0.64484614,0.09055383503437042,0.6706587076187134,0.6750349998474121
YBR207W,YDR264C,1,-0.6449032,0.09067636728286743,0.6716566681861877,0.6750349998474121
YML126C,YBL066C,0,-0.6449055,0.09066414833068848,0.6716566681861877,0.6751350164413452
YNR075W,YFL039C,1,-0.6449074,0.0907866358757019,0.6726546883583069,0.6751350164413452
YLR013W,YHR018C,0,-0.64508295,0.09077440947294235,0.6726546883583069,0.6752350330352783
YDR069C,YCR009C,1,-0.645085,0.0908968523144722,0.673652708530426,0.6752350330352783
YIR010W,YDR198C,0,-0.6450933,0.09088461101055145,0.673652708530426,0.6753350496292114
YHR161C,YOR181W,1,-0.64522606,0.09100700169801712,0.6746506690979004,0.6753350496292114
YBL018C,YJL118W,0,-0.64527345,0.09099475294351578,0.6746506690979004,0.6754350662231445
YER074W-A,YKL012W,0,-0.64535004,0.09098250418901443,0.6746506690979004,0.6755350828170776
YJR047C,YDL103C,0,-0.64543265,0.09097026288509369,0.6746506690979004,0.6756350994110107
YMR104C,YGR231C,0,-0.6454593,0.09095802158117294,0.6746506690979004,0.6757351756095886
YLR077W,YOL119C,0,-0.64553034,0.0909457802772522,0.6746506690979004,0.6758351922035217
YDL155W,YCR083W,0,-0.64577633,0.09093354642391205,0.6746506690979004,0.6759352087974548
YIR006C,YBL007C,1,-0.64665425,0.09105581790208817,0.6756486892700195,0.6759352087974548
YPL003W,YOR133W,0,-0.646845,0.09104356914758682,0.6756486892700195,0.6760352253913879
YNL315C,YBR201W,0,-0.64699024,0.09103132784366608,0.6756486892700195,0.676135241985321
YOR256C,YGL166W,0,-0.64727974,0.09101909399032593,0.6756486892700195,0.6762352585792542
YJL207C,YLR119W,0,-0.6473021,0.09100685268640518,0.6756486892700195,0.6763352751731873
YDR522C,YER094C,0,-0.64745724,0.09099462628364563,0.6756486892700195,0.6764352917671204
YML131W,YBR044C,0,-0.64756817,0.09098239243030548,0.6756486892700195,0.6765353083610535
YBR210W,YAL055W,0,-0.64769584,0.09097016602754593,0.6756486892700195,0.6766353249549866
YCR097W,YKR042W,0,-0.6478032,0.09095794707536697,0.6756486892700195,0.6767353415489197
YMR199W,YOR205C,0,-0.6478649,0.09094572812318802,0.6756486892700195,0.6768353581428528
YNL067W,YIL097W,0,-0.6479532,0.09093350917100906,0.6756486892700195,0.6769353747367859
YPR164W,YNL252C,0,-0.64803344,0.0909212976694107,0.6756486892700195,0.677035391330719
YBR280C,YCR043C,0,-0.64811146,0.09090909361839294,0.6756486892700195,0.6771354079246521
YNL003C,YNL241C,0,-0.64815867,0.09089688211679459,0.6756486892700195,0.6772354245185852
YKL065C,YNL326C,0,-0.6482208,0.09088468551635742,0.6756486892700195,0.6773354411125183
YGR231C,YDL213C,0,-0.64859533,0.09087248146533966,0.6756486892700195,0.6774354577064514
YDR058C,YNL090W,0,-0.6488882,0.0908602848649025,0.6756486892700195,0.6775355339050293
YCR020W-B,YML111W,0,-0.64901453,0.09084809571504593,0.6756486892700195,0.6776355504989624
YKL092C,YHR176W,0,-0.64906394,0.09083590656518936,0.6756486892700195,0.6777355670928955
YDR485C,YKL163W,0,-0.6492684,0.0908237174153328,0.6756486892700195,0.6778355836868286
YBR059C,YIL048W,1,-0.6496285,0.09094567596912384,0.6766467094421387,0.6778355836868286
YBR179C,YDR079C-A,0,-0.6498658,0.09093347936868668,0.6766467094421387,0.6779356002807617
YPR009W,YNL097C,0,-0.6499303,0.09092128276824951,0.6766467094421387,0.6780356168746948
YGR284C,YOR005C,0,-0.65018344,0.09090909361839294,0.6766467094421387,0.6781356334686279
YMR164C,YBR018C,0,-0.6502366,0.09089690446853638,0.6766467094421387,0.678235650062561
YML114C,YNL299W,0,-0.65025765,0.09088471531867981,0.6766467094421387,0.6783356666564941
YNR023W,YER078C,0,-0.650301,0.09087253361940384,0.6766467094421387,0.6784356832504272
YBR088C,YNL083W,0,-0.6503945,0.09086035937070847,0.6766467094421387,0.6785356998443604
YIL082W-A,YBR288C,0,-0.65040296,0.09084818512201309,0.6766467094421387,0.6786357164382935
YNL064C,YGL156W,0,-0.65041125,0.09083601087331772,0.6766467094421387,0.6787357330322266
YIL131C,YNL047C,0,-0.6504707,0.09082384407520294,0.6766467094421387,0.6788357496261597
YDR302W,YCR083W,0,-0.6506046,0.09081167727708817,0.6766467094421387,0.6789357662200928
YNL222W,YOR245C,0,-0.65061915,0.09079951792955399,0.6766467094421387,0.6790357828140259
YJL207C,YPL003W,0,-0.6508906,0.0907873585820198,0.6766467094421387,0.679135799407959
YJR043C,YPL241C,0,-0.65133184,0.09077520668506622,0.6766467094421387,0.6792358756065369
YMR135C,YGL043W,0,-0.65147185,0.09076305478811264,0.6766467094421387,0.67933589220047
YGR161C-C,YER073W,0,-0.6515708,0.09075090289115906,0.6766467094421387,0.6794359087944031
YFR004W,YBR154C,0,-0.6520086,0.09073875844478607,0.6766467094421387,0.6795359253883362
YPL255W,YJR002W,0,-0.6520399,0.09072661399841309,0.6766467094421387,0.6796359419822693
YDR113C,YIL073C,0,-0.6522869,0.0907144770026207,0.6766467094421387,0.6797359585762024
YOR208W,YBR019C,0,-0.65248907,0.09070234000682831,0.6766467094421387,0.6798359751701355
YNR056C,YCR079W,0,-0.6525231,0.09069021046161652,0.6766467094421387,0.6799359917640686
YPL047W,YLR110C,0,-0.65259767,0.09067808091640472,0.6766467094421387,0.6800360083580017
YDR258C,YCR097W,0,-0.65270436,0.09066595137119293,0.6766467094421387,0.6801360249519348
YDL019C,YDR177W,1,-0.6527442,0.09078753739595413,0.6776447296142578,0.6801360249519348
YPL047W,YHR084W,0,-0.6529447,0.09077540040016174,0.6776447296142578,0.6802360415458679
YPR124W,YGL245W,0,-0.65303993,0.09076326340436935,0.6776447296142578,0.680336058139801
YHR191C,YOR005C,0,-0.65304434,0.09075113385915756,0.6776447296142578,0.6804360747337341
YDL103C,YBR039W,0,-0.6530806,0.09073901176452637,0.6776447296142578,0.6805360913276672
YER172C,YKL084W,0,-0.6531524,0.09072688221931458,0.6776447296142578,0.6806361079216003
YNR056C,YGL207W,0,-0.65319633,0.09071476012468338,0.6776447296142578,0.6807361245155334
YBR280C,YNL087W,0,-0.65335774,0.09070264548063278,0.6776447296142578,0.6808361411094666
YFR051C,YDR488C,0,-0.6535033,0.09069053083658218,0.6776447296142578,0.6809361577033997
YKL049C,YGR166W,0,-0.65367025,0.09067841619253159,0.6776447296142578,0.6810362339019775
YBR227C,YNL134C,0,-0.65381134,0.09066630899906158,0.6776447296142578,0.6811362504959106
YNL071W,YDR153C,0,-0.65418184,0.09065420925617218,0.6776447296142578,0.6812362670898438
YML075C,YIL129C,0,-0.6544338,0.09064210206270218,0.6776447296142578,0.6813362836837769
YNR075W,YLR355C,0,-0.6546466,0.09063000231981277,0.6776447296142578,0.68143630027771
YHR191C,YIL016W,0,-0.6549367,0.09061791002750397,0.6776447296142578,0.6815363168716431
YKL203C,YNR035C,1,-0.6552029,0.09073925763368607,0.6786426901817322,0.6815363168716431
YNL072W,YGL043W,0,-0.65522206,0.09072715044021606,0.6786426901817322,0.6816363334655762
YHR098C,YGL077C,0,-0.65546703,0.09071505069732666,0.6786426901817322,0.6817363500595093
YIL031W,YDR331W,0,-0.65557796,0.09070295095443726,0.6786426901817322,0.6818363666534424
YNL067W,YHR102W,0,-0.65583473,0.09069085121154785,0.6786426901817322,0.6819363832473755
YML069W,YBR102C,0,-0.6558371,0.09067875891923904,0.6786426901817322,0.6820363998413086
YAR066W,YML111W,0,-0.65584075,0.09066666662693024,0.6786426901817322,0.6821364164352417
YOL033W,YMR280C,0,-0.65591633,0.09065458178520203,0.6786426901817322,0.6822364330291748
YER118C,YNL053W,0,-0.65591645,0.09064249694347382,0.6786426901817322,0.6823364496231079
YDL226C,YAL042W,0,-0.6560421,0.0906304121017456,0.6786426901817322,0.682436466217041
YHR079C-A,YOR339C,0,-0.6562274,0.09061833471059799,0.6786426901817322,0.6825364828109741
YJL204C,YBR021W,0,-0.6564568,0.09060626477003098,0.6786426901817322,0.6826364994049072
YHR114W,YJL204C,1,-0.6569284,0.09072741866111755,0.6796407103538513,0.6826364994049072
YBR136W,YJL160C,0,-0.6571356,0.09071533381938934,0.6796407103538513,0.6827365756034851
YOR208W,YOL148C,0,-0.6574543,0.09070324897766113,0.6796407103538513,0.6828365921974182
YPL227C,YKR065C,0,-0.6575664,0.09069117158651352,0.6796407103538513,0.6829366087913513
YHR016C,YPL004C,1,-0.6575906,0.09081225097179413,0.6806387305259705,0.6829366087913513
YBR132C,YAL009W,0,-0.657676,0.09080015867948532,0.6806387305259705,0.6830366253852844
YKL126W,YDL019C,1,-0.65773225,0.09092119336128235,0.6816367506980896,0.6830366253852844
YNR023W,YNL053W,0,-0.657746,0.09090909361839294,0.6816367506980896,0.6831366419792175
YCL040W,YPR140W,0,-0.6580188,0.09089699387550354,0.6816367506980896,0.6832366585731506
YBR019C,YJL207C,0,-0.6581747,0.09088489413261414,0.6816367506980896,0.6833366751670837
YJL145W,YBR139W,0,-0.65836895,0.09087280184030533,0.6816367506980896,0.6834366917610168
YDR237W,YMR277W,0,-0.65877646,0.09086071699857712,0.6816367506980896,0.68353670835495
YKL035W,YKR065C,0,-0.65896606,0.09084863215684891,0.6816367506980896,0.6836367249488831
YER146W,YLR272C,0,-0.6589741,0.0908365473151207,0.6816367506980896,0.6837367415428162
YBL016W,YHR196W,0,-0.6590047,0.09082446992397308,0.6816367506980896,0.6838367581367493
YPL030W,YDR258C,0,-0.65904826,0.09081239253282547,0.6816367506980896,0.6839367747306824
YMR291W,YGR256W,0,-0.6592372,0.09080032259225845,0.6816367506980896,0.6840367913246155
YHR104W,YGR128C,0,-0.6592418,0.09078825265169144,0.6816367506980896,0.6841368079185486
YIL066C,YKL220C,0,-0.6592575,0.09077618271112442,0.6816367506980896,0.6842368245124817
YNL316C,YIL131C,0,-0.65957457,0.090764120221138,0.6816367506980896,0.6843368411064148
YDR316W,YPL181W,0,-0.6597099,0.09075205773115158,0.6816367506980896,0.6844368577003479
YLL039C,YJL014W,0,-0.6597966,0.09074000269174576,0.6816367506980896,0.6845369338989258
YNL002C,YBR227C,0,-0.6599356,0.09072794765233994,0.6816367506980896,0.6846369504928589
YLR393W,YPR112C,0,-0.66000026,0.09071590006351471,0.6816367506980896,0.684736967086792
YDR051C,YLL005C,0,-0.6600945,0.09070385247468948,0.6816367506980896,0.6848369836807251
YBR083W,YGL181W,0,-0.6602044,0.09069180488586426,0.6816367506980896,0.6849370002746582
YKL101W,YBR265W,0,-0.66030306,0.09067976474761963,0.6816367506980896,0.6850370168685913
YNL021W,YFL034C-A,0,-0.6604161,0.0906677320599556,0.6816367506980896,0.6851370334625244
YLR003C,YDR198C,0,-0.6604474,0.09065569192171097,0.6816367506980896,0.6852370500564575
YHR094C,YIR010W,0,-0.66045916,0.09064365923404694,0.6816367506980896,0.6853370666503906
YIL158W,YLR003C,0,-0.66046435,0.0906316339969635,0.6816367506980896,0.6854370832443237
YDR484W,YNL279W,0,-0.66048414,0.09061960875988007,0.6816367506980896,0.6855370998382568
YNL229C,YER160C,0,-0.6605029,0.09060759097337723,0.6816367506980896,0.6856371164321899
YLR157C-A,YMR068W,0,-0.6605636,0.09059557318687439,0.6816367506980896,0.685737133026123
YPL029W,YHR062C,0,-0.660861,0.09058355540037155,0.6816367506980896,0.6858371496200562
YPL132W,YMR164C,0,-0.6609199,0.09057154506444931,0.6816367506980896,0.6859371662139893
YJR125C,YIR006C,1,-0.66092694,0.09069212526082993,0.682634711265564,0.6859371662139893
YPR104C,YGR038C-A,0,-0.6610452,0.09068010002374649,0.682634711265564,0.6860371828079224
YDR155C,YER035W,0,-0.6611326,0.09066808223724365,0.682634711265564,0.6861371994018555
YMR011W,YER160C,0,-0.66116023,0.09065606445074081,0.682634711265564,0.6862372756004333
YBR236C,YER124C,0,-0.66119415,0.09064404666423798,0.682634711265564,0.6863372921943665
YLR051C,YER035W,0,-0.6615509,0.09063203632831573,0.682634711265564,0.6864373087882996
YOR354C,YCR042C,0,-0.66158617,0.09062003344297409,0.682634711265564,0.6865373253822327
YIL023C,YGR013W,0,-0.66165483,0.09060803055763245,0.682634711265564,0.6866373419761658
YMR104C,YDL044C,0,-0.66167593,0.0905960276722908,0.682634711265564,0.6867373585700989
YBR127C,YHR196W,0,-0.6616882,0.09058403223752975,0.682634711265564,0.686837375164032
YDL002C,YNR073C,0,-0.661714,0.09057203680276871,0.682634711265564,0.6869373917579651
YDR432W,YGL166W,0,-0.66200197,0.09056004136800766,0.682634711265564,0.6870374083518982
YIR003W,YOR368W,0,-0.66204953,0.09054805338382721,0.682634711265564,0.6871374249458313
YOL008W,YHR200W,0,-0.6621749,0.09053606539964676,0.682634711265564,0.6872374415397644
YER146W,YCR043C,0,-0.6622982,0.0905240848660469,0.682634711265564,0.6873374581336975
YML131W,YPL012W,0,-0.66246104,0.09051210433244705,0.682634711265564,0.6874374747276306
YCL026C-A,YGR206W,0,-0.66249937,0.0905001312494278,0.682634711265564,0.6875374913215637
YLR262C,YCR079W,0,-0.6628019,0.09048815816640854,0.682634711265564,0.6876375079154968
YLR371W,YLR056W,1,-0.66300654,0.09060846269130707,0.6836327314376831,0.6876375079154968
YBL005W-A,YHL013C,0,-0.6630658,0.09059648215770721,0.6836327314376831,0.6877375245094299
YER006W,YKL222C,0,-0.6631479,0.09058450162410736,0.6836327314376831,0.687837541103363
YDR184C,YKR039W,0,-0.6631831,0.09057252109050751,0.6836327314376831,0.6879376173019409
YPL132W,YDL052C,0,-0.66321397,0.09056054800748825,0.6836327314376831,0.688037633895874
YHR016C,YPL145C,1,-0.6632666,0.09068076312541962,0.6846307516098022,0.688037633895874
YMR121C,YCR034W,0,-0.6632903,0.09066878259181976,0.6846307516098022,0.6881376504898071
YGR186W,YDL156W,0,-0.6633377,0.09065680205821991,0.6846307516098022,0.6882376670837402
YDL207W,YLR431C,0,-0.6634389,0.09064482152462006,0.6846307516098022,0.6883376836776733
YDL005C,YOR115C,0,-0.6634417,0.0906328409910202,0.6846307516098022,0.6884377002716064
YOR329C,YIL048W,1,-0.6635933,0.090752974152565,0.6856287717819214,0.6884377002716064
YPR171W,YOR181W,1,-0.6635965,0.09087307006120682,0.6866267323493958,0.6884377002716064
YLR307W,YJL047C,0,-0.66367614,0.09086106717586517,0.6866267323493958,0.6885377168655396
YHR216W,YDR142C,0,-0.6636867,0.09084907174110413,0.6866267323493958,0.6886377334594727
YDL103C,YIR028W,0,-0.6637231,0.09083707630634308,0.6866267323493958,0.6887377500534058
YKL107W,YEL042W,0,-0.6639663,0.09082508087158203,0.6866267323493958,0.6888377666473389
YOR149C,YPL046C,0,-0.66401803,0.09081309288740158,0.6866267323493958,0.688937783241272
YGR198W,YLL038C,1,-0.66401875,0.09093308448791504,0.6876247525215149,0.688937783241272
YLR308W,YEL047C,0,-0.66425717,0.09092108905315399,0.6876247525215149,0.6890377998352051
YBL004W,YDR255C,0,-0.6643953,0.09090909361839294,0.6876247525215149,0.6891378164291382
YAL055W,YDL122W,0,-0.6648301,0.0908970981836319,0.6876247525215149,0.6892378330230713
YFL018C,YLR119W,0,-0.6648514,0.09088511019945145,0.6876247525215149,0.6893378496170044
YBR057C,YLL023C,0,-0.66495204,0.090873122215271,0.6876247525215149,0.6894378662109375
YDL042C,YNL093W,0,-0.6651476,0.09086113423109055,0.6876247525215149,0.6895378828048706
YDR113C,YMR305C,0,-0.6658005,0.09084915369749069,0.6876247525215149,0.6896378993988037
YGR090W,YHR143W-A,0,-0.6658294,0.09083718061447144,0.6876247525215149,0.6897379755973816
YBR235W,YGL145W,0,-0.6658584,0.09082520753145218,0.6876247525215149,0.6898379921913147
YNL037C,YJL076W,0,-0.6659733,0.09081323444843292,0.6876247525215149,0.6899380087852478
YOR256C,YER169W,0,-0.66609526,0.09080126881599426,0.6876247525215149,0.6900380253791809
YER065C,YER018C,0,-0.6664169,0.0907893031835556,0.6876247525215149,0.690138041973114
YNL090W,YNR075W,0,-0.6665655,0.09077733755111694,0.6876247525215149,0.6902380585670471
YAR008W,YPR020W,0,-0.6666304,0.09076537936925888,0.6876247525215149,0.6903380751609802
YIL049W,YHR123W,0,-0.666718,0.09075342118740082,0.6876247525215149,0.6904380917549133
YLR342W,YDR365W-B,0,-0.6667933,0.09074147045612335,0.6876247525215149,0.6905381083488464
YHR018C,YDL161W,0,-0.66687274,0.09072951972484589,0.6876247525215149,0.6906381249427795
YJL010C,YPL069C,0,-0.66724116,0.09071757644414902,0.6876247525215149,0.6907381415367126
YOR237W,YPL145C,1,-0.6674355,0.09083728492259979,0.688622772693634,0.6907381415367126
YPR171W,YGR198W,1,-0.6674612,0.09095695614814758,0.6896207332611084,0.6907381415367126
YML033W,YGR163W,0,-0.66750944,0.09094498306512833,0.6896207332611084,0.6908381581306458
YJR056C,YHR019C,0,-0.66752076,0.09093301743268967,0.6896207332611084,0.6909381747245789
YLR206W,YGR241C,1,-0.66765106,0.09105262905359268,0.6906187534332275,0.6909381747245789
YCR009C,YNL084C,1,-0.6677027,0.09117221087217331,0.6916167736053467,0.6909381747245789
YLR372W,YLR027C,0,-0.6677096,0.09116022288799286,0.6916167736053467,0.691038191318512
YLR233C,YKL018W,0,-0.66773057,0.09114822745323181,0.6916167736053467,0.6911382079124451
YGL065C,YBR135W,0,-0.667898,0.09113624691963196,0.6916167736053467,0.6912382245063782
YDL042C,YGL079W,0,-0.6683501,0.09112425893545151,0.6916167736053467,0.6913382411003113
YKR067W,YPL212C,0,-0.6684505,0.09111227840185165,0.6916167736053467,0.6914383172988892
YBL099W,YKR003W,0,-0.66845626,0.0911003053188324,0.6916167736053467,0.6915383338928223
YDR506C,YOL041C,0,-0.6685444,0.09108832478523254,0.6916167736053467,0.6916383504867554
YBR229C,YNL003C,0,-0.6686044,0.09107635915279388,0.6916167736053467,0.6917383670806885
YJL137C,YER035W,0,-0.66860867,0.09106438606977463,0.6916167736053467,0.6918383836746216
YPR082C,YOR130C,0,-0.66887695,0.09105242043733597,0.6916167736053467,0.6919384002685547
YIL131C,YKR025W,0,-0.6689578,0.0910404622554779,0.6916167736053467,0.6920384168624878
YOR214C,YHR128W,0,-0.6689768,0.09102850407361984,0.6916167736053467,0.6921384334564209
YPR020W,YNL222W,0,-0.66927016,0.09101654589176178,0.6916167736053467,0.692238450050354
YFL052W,YLR362W,0,-0.66927993,0.09100459516048431,0.6916167736053467,0.6923384666442871
YKR060W,YEL026W,0,-0.6694399,0.09099264442920685,0.6916167736053467,0.6924384832382202
YGL086W,YNL327W,0,-0.6695645,0.09098070114850998,0.6916167736053467,0.6925384998321533
YBR104W,YLR022C,0,-0.6695665,0.09096875786781311,0.6916167736053467,0.6926385164260864
YKR010C,YGL245W,0,-0.6697266,0.09095682203769684,0.6916167736053467,0.6927385330200195
YMR190C,YPL128C,0,-0.670092,0.09094487875699997,0.6916167736053467,0.6928385496139526
YBL084C,YDR214W,0,-0.67012775,0.0909329503774643,0.6916167736053467,0.6929385662078857
YOR034C,YNR075W,1,-0.67015326,0.09105221927165985,0.6926147937774658,0.6929385662078857
YER146W,YNR075W,0,-0.6701899,0.09104027599096298,0.6926147937774658,0.6930385828018188
YDL181W,YNL075W,0,-0.6701933,0.09102833271026611,0.6926147937774658,0.693138599395752
YHR114W,YCR009C,1,-0.67023814,0.0911475419998169,0.6936127543449402,0.693138599395752
YOL058W,YBR044C,0,-0.67028224,0.09113559126853943,0.6936127543449402,0.6932386755943298
YKL126W,YBR207W,1,-0.67078173,0.09125475585460663,0.6946107745170593,0.6932386755943298
YBL084C,YHR050W,0,-0.67084885,0.09124279022216797,0.6946107745170593,0.6933386921882629
YPL086C,YKR086W,0,-0.6711865,0.0912308320403099,0.6946107745170593,0.693438708782196
YMR280C,YML033W,0,-0.67124367,0.09121887385845184,0.6946107745170593,0.6935387253761292
YOR371C,YDL236W,0,-0.6713507,0.09120691567659378,0.6946107745170593,0.6936387419700623
YGL079W,YCR008W,0,-0.6713711,0.09119496494531631,0.6946107745170593,0.6937387585639954
YDR059C,YCL034W,1,-0.6713989,0.09131403267383575,0.6956087946891785,0.6937387585639954
YNL032W,YBL007C,1,-0.6714772,0.09143306314945221,0.6966068148612976,0.6937387585639954
YJL099W,YBR265W,0,-0.6715207,0.09142109006643295,0.6966068148612976,0.6938387751579285
YBR302C,YOL119C,0,-0.6715918,0.0914091169834137,0.6966068148612976,0.6939387917518616
YOL060C,YJL160C,0,-0.67172796,0.09139714390039444,0.6966068148612976,0.6940388083457947
YDL066W,YLR362W,0,-0.6718528,0.09138517826795578,0.6966068148612976,0.6941388249397278
YIL066C,YML075C,0,-0.6719594,0.09137322008609772,0.6966068148612976,0.6942388415336609
YHR114W,YOR322C,1,-0.6727066,0.09149214625358582,0.697604775428772,0.6942388415336609
YIL085C,YGL048C,0,-0.6728575,0.09148017317056656,0.697604775428772,0.694338858127594
YCR067C,YJR105W,0,-0.6728623,0.0914682000875473,0.697604775428772,0.6944388747215271
YKR010C,YBL071W-A,0,-0.67300117,0.09145623445510864,0.697604775428772,0.6945388913154602
YJL099W,YLL005C,0,-0.67304516,0.09144426882266998,0.697604775428772,0.6946389079093933
YFR042W,YIL122W,0,-0.6730686,0.09143231064081192,0.697604775428772,0.6947389245033264
YBR073W,YLR071C,0,-0.6732969,0.09142035245895386,0.697604775428772,0.6948389410972595
YER039C,YIL063C,0,-0.67339134,0.0914083942770958,0.697604775428772,0.6949390172958374
YPL029W,YNL336W,0,-0.6735338,0.09139644354581833,0.697604775428772,0.6950390338897705
YKR098C,YFL024C,0,-0.67368025,0.09138449281454086,0.697604775428772,0.6951390504837036
YOR118W,YKL027W,0,-0.67372704,0.091372549533844,0.697604775428772,0.6952390670776367
YML038C,YML072C,0,-0.67396104,0.09136060625314713,0.697604775428772,0.6953390836715698
YHR115C,YPL088W,0,-0.6741463,0.09134867042303085,0.697604775428772,0.6954391002655029
YNL090W,YMR283C,0,-0.67418516,0.09133672714233398,0.697604775428772,0.695539116859436
YIL073C,YGR128C,0,-0.6742213,0.09132479876279831,0.697604775428772,0.6956391334533691
YDL042C,YDR099W,0,-0.6742568,0.09131287038326263,0.697604775428772,0.6957391500473022
YPR121W,YGR128C,0,-0.67432904,0.09130094200372696,0.697604775428772,0.6958391666412354
YOR229W,YKR067W,0,-0.6745951,0.09128901362419128,0.697604775428772,0.6959391832351685
YHL001W,YGL012W,0,-0.6748074,0.0912770926952362,0.697604775428772,0.6960391998291016
YML066C,YKL018W,0,-0.6748506,0.09126517921686172,0.697604775428772,0.6961392164230347
YKL065C,YKL216W,0,-0.67496085,0.09125326573848724,0.697604775428772,0.6962392330169678
YGL206C,YPL032C,1,-0.67498326,0.09137188643217087,0.6986027956008911,0.6962392330169678
YNR012W,YML114C,0,-0.67514646,0.09135995805263519,0.6986027956008911,0.6963392496109009
YNL064C,YFR046C,0,-0.67517644,0.09134803712368011,0.6986027956008911,0.696439266204834
YKR081C,YJR105W,0,-0.67523795,0.09133611619472504,0.6986027956008911,0.6965392827987671
YBL045C,YNL265C,0,-0.67532104,0.09132420271635056,0.6986027956008911,0.6966392993927002
YGL099W,YLR095C,0,-0.67532384,0.09131228923797607,0.6986027956008911,0.6967393755912781
YER144C,YCR048W,0,-0.67569745,0.09130037575960159,0.6986027956008911,0.6968393921852112
YDR059C,YLR342W,1,-0.6757467,0.09141888469457626,0.6996008157730103,0.6968393921852112
YGL013C,YML046W,0,-0.6757541,0.09140696376562119,0.6996008157730103,0.6969394087791443
YEL034W,YKL112W,0,-0.6758517,0.09139504283666611,0.6996008157730103,0.6970394253730774
YER078C,YDL049C,0,-0.6760467,0.09138312935829163,0.6996008157730103,0.6971394419670105
YBR216C,YPL005W,0,-0.676254,0.09137122333049774,0.6996008157730103,0.6972394585609436
YDR155C,YMR244C-A,0,-0.67644894,0.09135930985212326,0.6996008157730103,0.6973394751548767
YIL073C,YKR042W,0,-0.67645454,0.09134740382432938,0.6996008157730103,0.6974394917488098
YLR342W,YPL045W,0,-0.67651975,0.09133550524711609,0.6996008157730103,0.6975395083427429
YOR125C,YNL256W,0,-0.6765343,0.0913236066699028,0.6996008157730103,0.697639524936676
YLR144C,YJR129C,0,-0.6766831,0.09131170809268951,0.6996008157730103,0.6977395415306091
YLR225C,YKL148C,0,-0.6769208,0.09129981696605682,0.6996008157730103,0.6978395581245422
YLR240W,YGR096W,0,-0.6770074,0.09128792583942413,0.6996008157730103,0.6979395747184753
YOR095C,YCL010C,0,-0.67708564,0.09127604216337204,0.6996008157730103,0.6980395913124084
YNL323W,YBL071W-A,0,-0.67735267,0.09126415848731995,0.6996008157730103,0.6981396079063416
YDL126C,YOL001W,0,-0.677644,0.09125227481126785,0.6996008157730103,0.6982396245002747
YPL227C,YJL159W,0,-0.67776597,0.09124039858579636,0.6996008157730103,0.6983396410942078
YLL039C,YKL176C,0,-0.6780335,0.09122852981090546,0.6996008157730103,0.6984397172927856
YBL005W-A,YMR291W,0,-0.6787749,0.09121665358543396,0.6996008157730103,0.6985397338867188
YLR051C,YAL001C,0,-0.67878556,0.09120478481054306,0.6996008157730103,0.6986397504806519
YDR388W,YOR043W,1,-0.67897004,0.09132301062345505,0.7005987763404846,0.6986397504806519
YDR141C,YOR343C-B,0,-0.67899084,0.09131113439798355,0.7005987763404846,0.698739767074585
YKL209C,YBR079C,0,-0.6794027,0.09129925817251205,0.7005987763404846,0.6988397836685181
YLR027C,YOL113W,0,-0.67955977,0.09128738939762115,0.7005987763404846,0.6989398002624512
YLL038C,YDR129C,1,-0.6797026,0.09140554070472717,0.7015967965126038,0.6989398002624512
YNL177C,YOR153W,0,-0.67971915,0.09139365702867508,0.7015967965126038,0.6990398168563843
YOL060C,YIL044C,0,-0.6797722,0.09138177335262299,0.7015967965126038,0.6991398334503174
YMR079W,YHR079C-A,0,-0.6802556,0.09136989712715149,0.7015967965126038,0.6992398500442505
YLR336C,YAL009W,0,-0.68065256,0.09135802835226059,0.7015967965126038,0.6993398666381836
YJL154C,YMR024W,0,-0.6807122,0.09134615212678909,0.7015967965126038,0.6994398832321167
YBR059C,YHR161C,1,-0.68077964,0.09146420657634735,0.7025948166847229,0.6994398832321167
YDR182W,YPL084W,0,-0.68082213,0.09145232290029526,0.7025948166847229,0.6995398998260498
YPR082C,YHR018C,0,-0.6809697,0.09144044667482376,0.7025948166847229,0.6996399164199829
YNL209W,YPR185W,0,-0.6809697,0.09142857044935226,0.7025948166847229,0.699739933013916
YIL082W-A,YAL042W,0,-0.68106353,0.09141670167446136,0.7025948166847229,0.6998399496078491
YER016W,YER075C,0,-0.6811664,0.09140483289957047,0.7025948166847229,0.6999399662017822
YDR184C,YKL152C,0,-0.6812316,0.09139296412467957,0.7025948166847229,0.7000399827957153
YBR070C,YPL192C,0,-0.6813878,0.09138110280036926,0.7025948166847229,0.7001399993896484
YEL004W,YOL041C,0,-0.68143165,0.09136924147605896,0.7025948166847229,0.7002400755882263
YMR068W,YHR196W,0,-0.6814463,0.09135738015174866,0.7025948166847229,0.7003400921821594
YCR034W,YHR032W,0,-0.68152803,0.09134553372859955,0.7025948166847229,0.7004401087760925
YNL032W,YNL297C,1,-0.6815815,0.09146341681480408,0.703592836856842,0.7004401087760925
YNL243W,YNR075W,1,-0.68172175,0.09158127009868622,0.7045907974243164,0.7004401087760925
YHR072W,YOR205C,0,-0.68187976,0.09156939387321472,0.7045907974243164,0.7005401253700256
YGR028W,YDR258C,0,-0.68191636,0.09155751764774323,0.7045907974243164,0.7006401419639587
YDL207W,YJL138C,0,-0.68207383,0.09154564142227173,0.7045907974243164,0.7007401585578918
YDR538W,YOL021C,0,-0.68220514,0.09153377264738083,0.7045907974243164,0.700840175151825
YNR056C,YDL010W,0,-0.6822586,0.09152191132307053,0.7045907974243164,0.7009401917457581
YPL268W,YJL113W,0,-0.6822883,0.09151004254817963,0.7045907974243164,0.7010402083396912
YNR023W,YDR293C,0,-0.68230474,0.09149818867444992,0.7045907974243164,0.7011402249336243
YOL039W,YDR156W,0,-0.68230784,0.09148632735013962,0.7045907974243164,0.7012402415275574
YHL022C,YFL022C,0,-0.682346,0.09147447347640991,0.7045907974243164,0.7013402581214905
YER078C,YGL023C,0,-0.68250734,0.0914626270532608,0.7045907974243164,0.7014402747154236
YIL066C,YKL139W,0,-0.6825893,0.0914507806301117,0.7045907974243164,0.7015402913093567
YOR354C,YEL004W,0,-0.68279374,0.09143893420696259,0.7045907974243164,0.7016403079032898
YDR180W,YOR202W,0,-0.68309814,0.09142708778381348,0.7045907974243164,0.7017403244972229
YHR007C,YOL034W,0,-0.6831801,0.09141525626182556,0.7045907974243164,0.701840341091156
YDL194W,YER122C,0,-0.6833566,0.09140341728925705,0.7045907974243164,0.7019404172897339
YLR135W,YLR274W,0,-0.68335736,0.09139158576726913,0.7045907974243164,0.702040433883667
YDR182W,YOR100C,0,-0.68343383,0.09137975424528122,0.7045907974243164,0.7021404504776001
YLR406C,YDR485C,0,-0.68350816,0.0913679301738739,0.7045907974243164,0.7022404670715332
YGR033C,YAR008W,0,-0.6837187,0.09135610610246658,0.7045907974243164,0.7023404836654663
YLR071C,YMR024W,0,-0.68382114,0.09134428948163986,0.7045907974243164,0.7024405002593994
YBL045C,YHR191C,0,-0.6838943,0.09133247286081314,0.7045907974243164,0.7025405168533325
YMR199W,YNL326C,0,-0.6840682,0.09132065623998642,0.7045907974243164,0.7026405334472656
YAL030W,YHR001W,1,-0.68420744,0.0914381816983223,0.7055888175964355,0.7026405334472656
YGL181W,YHR114W,1,-0.68446755,0.09155566990375519,0.7065868377685547,0.7026405334472656
YNR023W,YOR329C,0,-0.6847106,0.09154383093118668,0.7065868377685547,0.7027405500411987
YPL032C,YFL022C,0,-0.6847866,0.09153199940919876,0.7065868377685547,0.7028405666351318
YPR158W-A,YDL147W,0,-0.6849563,0.09152016788721085,0.7065868377685547,0.7029405832290649
YPL023C,YLR272C,0,-0.6850552,0.09150833636522293,0.7065868377685547,0.703040599822998
YGL134W,YCR043C,0,-0.68512654,0.09149651229381561,0.7065868377685547,0.7031406164169312
YDL239C,YIR008C,0,-0.6851629,0.0914846882224083,0.7065868377685547,0.7032406330108643
YHR141C,YLR274W,0,-0.68518686,0.09147287160158157,0.7065868377685547,0.7033406496047974
YOL097C,YGR186W,0,-0.6852747,0.09146105498075485,0.7065868377685547,0.7034406661987305
YMR030W,YLR222C,0,-0.6852825,0.09144923835992813,0.7065868377685547,0.7035406827926636
YLR298C,YOR343C-B,0,-0.68549055,0.091437429189682,0.7065868377685547,0.7036406993865967
YNL305C,YMR024W,0,-0.6856643,0.09142562001943588,0.7065868377685547,0.7037407755851746
YDL153C,YEL077C,0,-0.6857023,0.09141381829977036,0.7065868377685547,0.7038407921791077
YEL009C,YGR065C,0,-0.6857985,0.09140201658010483,0.7065868377685547,0.7039408087730408
YIR007W,YNL257C,0,-0.68585205,0.0913902148604393,0.7065868377685547,0.7040408253669739
YOR214C,YKL084W,0,-0.6858894,0.09137842059135437,0.7065868377685547,0.704140841960907
YIR008C,YGR067C,0,-0.6861821,0.09136662632226944,0.7065868377685547,0.7042408585548401
YGL181W,YNL093W,1,-0.6862207,0.09148386865854263,0.7075848579406738,0.7042408585548401
YGL181W,YPR165W,1,-0.68623066,0.09160108119249344,0.7085828185081482,0.7042408585548401
YJL113W,YFL002C,0,-0.6864479,0.09158926457166672,0.7085828185081482,0.7043408751487732
YDL010W,YOL068C,0,-0.68676305,0.0915774554014206,0.7085828185081482,0.7044408917427063
YIL023C,YIL110W,0,-0.68693167,0.09156564623117447,0.7085828185081482,0.7045409083366394
YKR080W,YPR185W,0,-0.6870676,0.09155383706092834,0.7085828185081482,0.7046409249305725
YJL010C,YLR320W,0,-0.6870705,0.09154203534126282,0.7085828185081482,0.7047409415245056
YDL231C,YKL129C,1,-0.68712986,0.09165914356708527,0.7095808386802673,0.7047409415245056
YHR141C,YPL003W,0,-0.6873884,0.09164733439683914,0.7095808386802673,0.7048409581184387
YER141W,YGL175C,0,-0.6875327,0.09163551777601242,0.7095808386802673,0.7049409747123718
YDR027C,YDL052C,0,-0.68755615,0.0916237086057663,0.7095808386802673,0.7050409913063049
YPL246C,YHR050W,0,-0.6877355,0.09161190688610077,0.7095808386802673,0.705141007900238
YGR161C-C,YOR140W,0,-0.6878773,0.09160010516643524,0.7095808386802673,0.7052410244941711
YPR082C,YMR058W,0,-0.6879306,0.09158830344676971,0.7095808386802673,0.7053410410881042
YBL040C,YJL184W,0,-0.6880771,0.09157650917768478,0.7095808386802673,0.7054411172866821
YGL254W,YKL139W,0,-0.68816715,0.09156471490859985,0.7095808386802673,0.7055411338806152
YOL075C,YDR489W,0,-0.6882913,0.09155292063951492,0.7095808386802673,0.7056411504745483
YGR049W,YPL192C,0,-0.68842685,0.09154113382101059,0.7095808386802673,0.7057411670684814
YBR059C,YCL034W,1,-0.68845135,0.0916580855846405,0.7105788588523865,0.7057411670684814
YKL096W,YGR271C-A,0,-0.6886217,0.09164628386497498,0.7105788588523865,0.7058411836624146
YCR009C,YNR075W,1,-0.68862766,0.09176319092512131,0.7115768194198608,0.7058411836624146
YJL207C,YGR132C,0,-0.6892768,0.09175138175487518,0.7115768194198608,0.7059412002563477
YBR203W,YBR171W,0,-0.68933207,0.09173958003520966,0.7115768194198608,0.7060412168502808
YDR316W,YLR229C,0,-0.6896882,0.09172777831554413,0.7115768194198608,0.7061412334442139
YGR098C,YLR229C,0,-0.6896882,0.0917159765958786,0.7115768194198608,0.706241250038147
YBR216C,YLL005C,0,-0.6897149,0.09170418232679367,0.7115768194198608,0.7063412666320801
YDR113C,YHL018W,0,-0.6898732,0.09169238805770874,0.7115768194198608,0.7064412832260132
YLL036C,YPL181W,0,-0.6904715,0.09168059378862381,0.7115768194198608,0.7065412998199463
YGL184C,YGR280C,0,-0.6905527,0.09166880697011948,0.7115768194198608,0.7066413164138794
YKR022C,YLR133W,0,-0.6905768,0.09165702760219574,0.7115768194198608,0.7067413330078125
YHR188C,YOL058W,0,-0.6910337,0.0916452407836914,0.7115768194198608,0.7068413496017456
YBR280C,YGR132C,0,-0.6911237,0.09163346886634827,0.7115768194198608,0.7069413661956787
YBR126C,YPL128C,0,-0.69133794,0.09162168949842453,0.7115768194198608,0.7070413827896118
YPR124W,YKR024C,0,-0.6914094,0.09160991758108139,0.7115768194198608,0.7071413993835449
YLR372W,YIL157C,0,-0.691788,0.09159815311431885,0.7115768194198608,0.7072414755821228
YOR190W,YCL011C,0,-0.69214904,0.09158638119697571,0.7115768194198608,0.7073414921760559
YDR210W-D,YER035W,0,-0.692169,0.09157462418079376,0.7115768194198608,0.707441508769989
YKL046C,YGL179C,0,-0.6923858,0.09156285971403122,0.7115768194198608,0.7075415253639221
YFR042W,YBR056W,0,-0.6924528,0.09155110269784927,0.7115768194198608,0.7076415419578552
YDR524C-B,YOR188W,0,-0.6924577,0.09153935313224792,0.7115768194198608,0.7077415585517883
YGR186W,YHR032W,0,-0.6925577,0.09152759611606598,0.7115768194198608,0.7078415751457214
YOL148C,YML058W,0,-0.6925745,0.09151585400104523,0.7115768194198608,0.7079415917396545
YDR408C,YLR022C,0,-0.69316804,0.09150410443544388,0.7115768194198608,0.7080416083335876
YNL020C,YLR337C,1,-0.69318306,0.09162068367004395,0.71257483959198,0.7080416083335876
YML064C,YOL001W,0,-0.6932395,0.091608926653862,0.71257483959198,0.7081416249275208
YGL022W,YJR125C,0,-0.6933271,0.09159717708826065,0.71257483959198,0.7082416415214539
YBR018C,YIR028W,0,-0.6935413,0.0915854275226593,0.71257483959198,0.708341658115387
YGL017W,YKL176C,0,-0.69356245,0.09157368540763855,0.71257483959198,0.7084416747093201
YKR067W,YPR022C,0,-0.6936384,0.0915619358420372,0.71257483959198,0.7085416913032532
YLR071C,YOL137W,0,-0.6938578,0.09155020117759705,0.71257483959198,0.7086417078971863
YPL132W,YFR046C,0,-0.69386476,0.0915384590625763,0.71257483959198,0.7087417244911194
YNL229C,YDR266C,0,-0.693967,0.09152672439813614,0.71257483959198,0.7088417410850525
YJR047C,YLR272C,0,-0.69410384,0.09151499718427658,0.71257483959198,0.7089418172836304
YIR033W,YDR017C,0,-0.69415593,0.09150326997041702,0.71257483959198,0.7090418338775635
YDR129C,YKL129C,1,-0.6941837,0.09161968529224396,0.7135728597640991,0.7090418338775635
YBR039W,YLR372W,0,-0.69421256,0.0916079431772232,0.7135728597640991,0.7091418504714966
YJL076W,YNR049C,0,-0.6942696,0.09159620851278305,0.7135728597640991,0.7092418670654297
YNR056C,YML075C,0,-0.69453686,0.0915844738483429,0.7135728597640991,0.7093418836593628
YNL154C,YGR198W,1,-0.6945496,0.09170082211494446,0.7145708799362183,0.7093418836593628
YPL246C,YBR136W,0,-0.6951585,0.0916890799999237,0.7145708799362183,0.7094419002532959
YLR027C,YKR025W,0,-0.69524336,0.09167733788490295,0.7145708799362183,0.709541916847229
YJL063C,YPL241C,0,-0.6952956,0.0916656032204628,0.7145708799362183,0.7096419334411621
YPL237W,YPL081W,0,-0.69567764,0.09165386855602264,0.7145708799362183,0.7097419500350952
YNL300W,YML024W,0,-0.6960121,0.09164213389158249,0.7145708799362183,0.7098419666290283
YIL157C,YHR050W,0,-0.69609064,0.09163040667772293,0.7145708799362183,0.7099419832229614
YDR210W-D,YBR004C,0,-0.69627464,0.09161867946386337,0.7145708799362183,0.7100419998168945
YCR097W,YOR088W,0,-0.6963239,0.09160695970058441,0.7145708799362183,0.7101420164108276
YDR394W,YOL058W,0,-0.6965726,0.09159523993730545,0.7145708799362183,0.7102420330047607
YCR028C,YDR129C,1,-0.69686204,0.09171143174171448,0.7155688405036926,0.7102420330047607
YJR043C,YIR035C,0,-0.6969457,0.09169970452785492,0.7155688405036926,0.7103420495986938
YIL031W,YNL326C,0,-0.697006,0.09168797731399536,0.7155688405036926,0.710442066192627
YOL049W,YGR231C,0,-0.6973158,0.0916762575507164,0.7155688405036926,0.7105420827865601
YOL006C,YCR033W,0,-0.6973537,0.09166453778743744,0.7155688405036926,0.7106420993804932
YLR297W,YIR008C,0,-0.6974616,0.09165281802415848,0.7155688405036926,0.710742175579071
YGL160W,YOR343C-B,0,-0.69754314,0.09164110571146011,0.7155688405036926,0.7108421921730042
YDR006C,YGL001C,0,-0.69758844,0.09162939339876175,0.7155688405036926,0.7109422087669373
YDR059C,YCR009C,1,-0.69767904,0.09174546599388123,0.7165668606758118,0.7109422087669373
YBL084C,YPR181C,0,-0.69785595,0.09173373878002167,0.7165668606758118,0.7110422253608704
YBL042C,YBL036C,0,-0.6979092,0.0917220264673233,0.7165668606758118,0.7111422419548035
YOL137W,YPL181W,0,-0.6980056,0.09171030670404434,0.7165668606758118,0.7112422585487366
YDL064W,YPR121W,0,-0.69802547,0.09169859439134598,0.7165668606758118,0.7113422751426697
YOR256C,YNL270C,0,-0.6980269,0.09168688207864761,0.7165668606758118,0.7114422917366028
YDR180W,YJL118W,0,-0.69818544,0.09167517721652985,0.7165668606758118,0.7115423083305359
YPL249C-A,YKL167C,0,-0.6983661,0.09166347235441208,0.7165668606758118,0.711642324924469
YNR035C,YCL034W,1,-0.6983745,0.091779425740242,0.7175648808479309,0.711642324924469
YMR278W,YER016W,0,-0.69872785,0.09176770597696304,0.7175648808479309,0.7117423415184021
YJL014W,YGR163W,0,-0.6987834,0.09175600111484528,0.7175648808479309,0.7118423581123352
YNL154C,YNL021W,0,-0.698866,0.09174428880214691,0.7175648808479309,0.7119423747062683
YGR257C,YJR002W,0,-0.69909275,0.09173258394002914,0.7175648808479309,0.7120423913002014
YFL018C,YBR204C,0,-0.69909686,0.09172087907791138,0.7175648808479309,0.7121424078941345
YGR038C-A,YBR127C,0,-0.699142,0.0917091816663742,0.7175648808479309,0.7122424244880676
YPL256C,YNL106C,0,-0.6994494,0.09169748425483704,0.7175648808479309,0.7123424410820007
YGL048C,YFR009W,0,-0.6994871,0.09168579429388046,0.7175648808479309,0.7124425172805786
YIL103W,YLR119W,0,-0.699575,0.09167410433292389,0.7175648808479309,0.7125425338745117
YHR188C,YMR291W,0,-0.69959843,0.09166241437196732,0.7175648808479309,0.7126425504684448
YEL011W,YML058W,0,-0.6996852,0.09165073186159134,0.7175648808479309,0.7127425670623779
YDL156W,YKL157W,0,-0.70024693,0.09163904935121536,0.7175648808479309,0.712842583656311
YFL052W,YDL222C,0,-0.7002986,0.09162737429141998,0.7175648808479309,0.7129426002502441
YPL249C-A,YPL012W,0,-0.7002987,0.0916156992316246,0.7175648808479309,0.7130426168441772
YOL088C,YOL034W,0,-0.7005101,0.09160402417182922,0.7175648808479309,0.7131426334381104
YDR432W,YDR506C,0,-0.70052946,0.09159235656261444,0.7175648808479309,0.7132426500320435
YBL008W-A,YDR264C,0,-0.70057744,0.09158068895339966,0.7175648808479309,0.7133426666259766
YBR290W,YKR042W,0,-0.7006545,0.09156902879476547,0.7175648808479309,0.7134426832199097
YJL028W,YOR010C,0,-0.70086014,0.09155736863613129,0.7175648808479309,0.7135426998138428
YBR039W,YPL108W,0,-0.7009669,0.0915457084774971,0.7175648808479309,0.7136427164077759
YGL184C,YDR291W,0,-0.7009929,0.09153405576944351,0.7175648808479309,0.713742733001709
YNR032W,YKL184W,0,-0.7010532,0.09152240306138992,0.7175648808479309,0.7138427495956421
YLR371W,YHR161C,1,-0.7011579,0.09163802862167358,0.71856290102005,0.7138427495956421
YGR049W,YDL232W,0,-0.701166,0.0916263684630394,0.71856290102005,0.7139427661895752
YGL017W,YLR069C,0,-0.701192,0.09161470830440521,0.71856290102005,0.7140427827835083
YHR016C,YJL093C,0,-0.7012424,0.09160305559635162,0.71856290102005,0.7141427993774414
YPR171W,YPL004C,1,-0.70125866,0.09171861410140991,0.7195608615875244,0.7141427993774414
YOR043W,YOR008C,1,-0.7014358,0.09183413535356522,0.7205588817596436,0.7141427993774414
YML033W,YCL027C-A,0,-0.701476,0.09182246029376984,0.7205588817596436,0.7142428755760193
YOL130W,YER001W,0,-0.70158565,0.09181078523397446,0.7205588817596436,0.7143428921699524
YNR023W,YPL265W,0,-0.7016216,0.09179911017417908,0.7205588817596436,0.7144429087638855
YMR021C,YMR216C,0,-0.70187014,0.0917874425649643,0.7205588817596436,0.7145429253578186
YFL052W,YHR094C,0,-0.7019216,0.09177577495574951,0.7205588817596436,0.7146429419517517
YBL084C,YCR008W,0,-0.70196104,0.09176410734653473,0.7205588817596436,0.7147429585456848
YBL045C,YOR083W,0,-0.70200026,0.09175244718790054,0.7205588817596436,0.7148429751396179
YHR072W,YPL003W,0,-0.7023089,0.09174078702926636,0.7205588817596436,0.714942991733551
YNR036C,YGR261C,0,-0.70232284,0.09172913432121277,0.7205588817596436,0.7150430083274841
YPL009C,YOR188W,0,-0.70233804,0.09171748161315918,0.7205588817596436,0.7151430249214172
YKL112W,YDR484W,0,-0.70238495,0.09170582890510559,0.7205588817596436,0.7152430415153503
YBR239C,YMR121C,0,-0.70242316,0.0916941836476326,0.7205588817596436,0.7153430581092834
YLR077W,YGR195W,0,-0.70258236,0.0916825383901596,0.7205588817596436,0.7154430747032166
YLR084C,YDR079C-A,0,-0.70276356,0.09167090058326721,0.7205588817596436,0.7155430912971497
YGL048C,YJR067C,0,-0.70284593,0.09165926277637482,0.7205588817596436,0.7156431078910828
YBR186W,YJR077C,0,-0.70288163,0.09164762496948242,0.7205588817596436,0.7157431244850159
YOR229W,YAL005C,0,-0.702914,0.09163599461317062,0.7205588817596436,0.715843141078949
YPL246C,YER035W,0,-0.7029301,0.09162436425685883,0.7205588817596436,0.7159432172775269
YMR079W,YIL168W,0,-0.7031429,0.09161274135112762,0.7205588817596436,0.71604323387146
YGR215W,YDR480W,0,-0.7034646,0.09160111844539642,0.7205588817596436,0.7161432504653931
YPL081W,YGR067C,0,-0.703475,0.09158949553966522,0.7205588817596436,0.7162432670593262
YGR109C,YOR171C,0,-0.7034792,0.09157788008451462,0.7205588817596436,0.7163432836532593
YBR298C,YBR179C,0,-0.70352185,0.09156626462936401,0.7205588817596436,0.7164433002471924
YMR079W,YGL166W,0,-0.70352685,0.091554656624794,0.7205588817596436,0.7165433168411255
YDL014W,YGL245W,0,-0.70364535,0.091543048620224,0.7205588817596436,0.7166433334350586
YNL003C,YDR450W,0,-0.7037146,0.09153144061565399,0.7205588817596436,0.7167433500289917
YJR047C,YFR046C,0,-0.7037754,0.09151984006166458,0.7205588817596436,0.7168433666229248
YKR092C,YGL153W,0,-0.7037773,0.09150823950767517,0.7205588817596436,0.7169433832168579
YGL011C,YCR048W,0,-0.7038692,0.09149663895368576,0.7205588817596436,0.717043399810791
YPL170W,YBR068C,0,-0.70398533,0.09148504585027695,0.7205588817596436,0.7171434164047241
YPR164W,YML072C,0,-0.70406914,0.09147346019744873,0.7205588817596436,0.7172434329986572
YOL110W,YLR148W,0,-0.70408404,0.09146186709403992,0.7205588817596436,0.7173434495925903
YOL039W,YLR110C,0,-0.7042643,0.0914502814412117,0.7205588817596436,0.7174434661865234
YOR196C,YPL012W,0,-0.70457876,0.09143870323896408,0.7205588817596436,0.7175434827804565
YGR257C,YMR162C,0,-0.70521677,0.09142712503671646,0.7205588817596436,0.7176434993743896
YHR062C,YGR128C,0,-0.7052247,0.09141554683446884,0.7205588817596436,0.7177435755729675
YGL245W,YIR008C,0,-0.70526123,0.09140397608280182,0.7205588817596436,0.7178435921669006
YGR033C,YIL103W,0,-0.70535517,0.0913924053311348,0.7205588817596436,0.7179436087608337
YDR346C,YLR369W,0,-0.70635164,0.09138083457946777,0.7205588817596436,0.7180436253547668
YNR026C,YBL018C,0,-0.70635307,0.09136927127838135,0.7205588817596436,0.7181436419487
YIL082W-A,YLR421C,0,-0.7064808,0.09135771542787552,0.7205588817596436,0.7182436585426331
YBL004W,YGR261C,0,-0.7066004,0.09134615212678909,0.7205588817596436,0.7183436751365662
YDR490C,YDR177W,1,-0.70694727,0.09146109968423843,0.7215569019317627,0.7183436751365662
YBR018C,YHL020C,0,-0.70712405,0.09144952893257141,0.7215569019317627,0.7184436917304993
YDL193W,YDR489W,0,-0.7074052,0.09143796563148499,0.7215569019317627,0.7185437083244324
YPL227C,YCR069W,0,-0.70797354,0.09142640233039856,0.7215569019317627,0.7186437249183655
YLR240W,YDR037W,0,-0.70805204,0.09141484647989273,0.7215569019317627,0.7187437415122986
YBL046W,YLR362W,0,-0.70817935,0.0914032906293869,0.7215569019317627,0.7188437581062317
YHR094C,YGR041W,0,-0.7082448,0.09139173477888107,0.7215569019317627,0.7189437747001648
YGR207C,YGL054C,0,-0.70827603,0.09138017892837524,0.7215569019317627,0.7190437912940979
YML078W,YFR009W,0,-0.70845115,0.09136863052845001,0.7215569019317627,0.719143807888031
YOR034C,YHR001W,1,-0.7088289,0.09148344397544861,0.7225548624992371,0.719143807888031
YGL131C,YBL019W,0,-0.70885295,0.09147188812494278,0.7225548624992371,0.7192438244819641
YBR216C,YNL087W,0,-0.7088696,0.09146033227443695,0.7225548624992371,0.7193438410758972
YPR033C,YML010W,0,-0.7089367,0.09144878387451172,0.7225548624992371,0.7194439172744751
YMR309C,YBR004C,0,-0.7089397,0.09143722802400589,0.7225548624992371,0.7195439338684082
YDR069C,YCL034W,1,-0.70904064,0.09155196696519852,0.7235528826713562,0.7195439338684082
YML078W,YOR343C-B,0,-0.70919704,0.09154040366411209,0.7235528826713562,0.7196439504623413
YPL217C,YLR144C,0,-0.70949256,0.09152884781360626,0.7235528826713562,0.7197439670562744
YGR287C,YFR004W,0,-0.7095747,0.09151729196310043,0.7235528826713562,0.7198439836502075
YKL018W,YDL222C,0,-0.70982933,0.0915057435631752,0.7235528826713562,0.7199440002441406
YDL042C,YDL122W,0,-0.71004844,0.09149419516324997,0.7235528826713562,0.7200440168380737
YPL023C,YKR087C,0,-0.71010214,0.09148264676332474,0.7235528826713562,0.7201440334320068
YBR200W,YPL170W,0,-0.71010447,0.0914711058139801,0.7235528826713562,0.7202440500259399
YIL105C,YPR140W,0,-0.7102543,0.09145956486463547,0.7235528826713562,0.720344066619873
YKR099C-A,YKR042W,0,-0.7103293,0.09144803136587143,0.7235528826713562,0.7204440832138062
YBR059C,YER125W,1,-0.7106769,0.09156262129545212,0.7245509028434753,0.7204440832138062
YGR161C-C,YJL036W,0,-0.710901,0.09155107289552689,0.7245509028434753,0.7205440998077393
YDR237W,YOL130W,0,-0.71099967,0.09153953194618225,0.7245509028434753,0.7206441164016724
YBR236C,YER166W,0,-0.7111142,0.09152799099683762,0.7245509028434753,0.7207441329956055
YBR217W,YPL237W,0,-0.7112741,0.09151645004749298,0.7245509028434753,0.7208441495895386
YBR200W,YML046W,0,-0.71136785,0.09150491654872894,0.7245509028434753,0.7209441661834717
YDR210W-D,YGR087C,0,-0.7113999,0.0914933830499649,0.7245509028434753,0.7210441827774048
YPL227C,YBL027W,0,-0.7114537,0.09148185700178146,0.7245509028434753,0.7211441993713379
YDR182W,YFL008W,0,-0.7116252,0.09147033095359802,0.7245509028434753,0.7212442755699158
YOL034W,YHR050W,0,-0.71166575,0.09145880490541458,0.7245509028434753,0.7213442921638489
YJL123C,YGR013W,0,-0.7117469,0.09144728630781174,0.7245509028434753,0.721444308757782
YDR153C,YHR045W,0,-0.711768,0.09143576771020889,0.7245509028434753,0.7215443253517151
YFL022C,YHR102W,0,-0.71178114,0.09142425656318665,0.7245509028434753,0.7216443419456482
YDR266C,YKR001C,0,-0.71180046,0.0914127454161644,0.7245509028434753,0.7217443585395813
YHL009C,YOR171C,0,-0.7119091,0.09140123426914215,0.7245509028434753,0.7218443751335144
YLR340W,YBR221C,0,-0.7119646,0.0913897305727005,0.7245509028434753,0.7219443917274475
YOR307C,YGR027W-A,0,-0.71204305,0.09137822687625885,0.7245509028434753,0.7220444083213806
YBR021W,YGL207W,0,-0.7121183,0.0913667231798172,0.7245509028434753,0.7221444249153137
YDL155W,YLR110C,0,-0.71230084,0.09135522693395615,0.7245509028434753,0.7222444415092468
YMR135C,YKR042W,0,-0.7123015,0.09134373068809509,0.7245509028434753,0.7223444581031799
YDR113C,YMR029C,0,-0.71236926,0.09133224189281464,0.7245509028434753,0.722444474697113
YCR033W,YPL057C,0,-0.71259737,0.09132075309753418,0.7245509028434753,0.7225444912910461
YNL124W,YHR072W-A,0,-0.7126657,0.09130927175283432,0.7245509028434753,0.7226445078849792
YOR130C,YFL034C-A,0,-0.7127431,0.09129779040813446,0.7245509028434753,0.7227445244789124
YDL212W,YER003C,0,-0.7128508,0.0912863090634346,0.7245509028434753,0.7228445410728455
YNL323W,YDR085C,0,-0.7130109,0.09127482771873474,0.7245509028434753,0.7229446172714233
YDR210W-D,YKL139W,0,-0.7131067,0.09126335382461548,0.7245509028434753,0.7230446338653564
YJL010C,YOR360C,0,-0.71324706,0.09125188738107681,0.7245509028434753,0.7231446504592896
YHR115C,YML123C,0,-0.7134844,0.09124042093753815,0.7245509028434753,0.7232446670532227
YCL045C,YBR204C,0,-0.71350473,0.09122895449399948,0.7245509028434753,0.7233446836471558
YBR203W,YGR132C,0,-0.71373224,0.09121748805046082,0.7245509028434753,0.7234447002410889
YBL004W,YCL011C,0,-0.7138574,0.09120602905750275,0.7245509028434753,0.723544716835022
YJR077C,YPR112C,0,-0.71389306,0.09119457006454468,0.7245509028434753,0.7236447334289551
YBR214W,YKL129C,1,-0.7138989,0.09130871295928955,0.7255489230155945,0.7236447334289551
YER065C,YBR179C,0,-0.7139571,0.09129724651575089,0.7255489230155945,0.7237447500228882
YKL018W,YLR003C,0,-0.7141075,0.09128578752279282,0.7255489230155945,0.7238447666168213
YJL204C,YDR490C,1,-0.71417403,0.09139987081289291,0.7265468835830688,0.7238447666168213
YNR039C,YPL079W,0,-0.71433616,0.09138840436935425,0.7265468835830688,0.7239447832107544
YNL064C,YHR107C,0,-0.714573,0.09137693047523499,0.7265468835830688,0.7240447998046875
YMR154C,YJL118W,0,-0.71523666,0.09136546403169632,0.7265468835830688,0.7241448163986206
YPR029C,YLR138W,0,-0.71539783,0.09135399758815765,0.7265468835830688,0.7242448329925537
YPR020W,YER157W,0,-0.7154156,0.09134253114461899,0.7265468835830688,0.7243448495864868
YLL032C,YNL336W,0,-0.715566,0.09133107215166092,0.7265468835830688,0.7244448661804199
YCR028C-A,YGL079W,0,-0.7156151,0.09131962060928345,0.7265468835830688,0.724544882774353
YBL046W,YOL033W,0,-0.71573466,0.09130816161632538,0.7265468835830688,0.7246448993682861
YDR058C,YPR004C,0,-0.7158036,0.0912967175245285,0.7265468835830688,0.724744975566864
YLR128W,YDL188C,0,-0.71589565,0.09128526598215103,0.7265468835830688,0.7248449921607971
YMR119W,YDR432W,0,-0.716113,0.09127382189035416,0.7265468835830688,0.7249450087547302
YML110C,YGR166W,0,-0.7161528,0.09126237779855728,0.7265468835830688,0.7250450253486633
YDR034C-D,YML058W,0,-0.7164968,0.091250941157341,0.7265468835830688,0.7251450419425964
YOR371C,YGR231C,0,-0.71667004,0.09123950451612473,0.7265468835830688,0.7252450585365295
YDL168W,YER094C,0,-0.7167684,0.09122806787490845,0.7265468835830688,0.7253450751304626
YMR135C,YOL148C,0,-0.7169243,0.09121663868427277,0.7265468835830688,0.7254450917243958
YJR047C,YGL160W,0,-0.71713823,0.09120520949363708,0.7265468835830688,0.7255451083183289
YPL255W,YKL211C,0,-0.717319,0.091193787753582,0.7265468835830688,0.725645124912262
YOR118W,YDL103C,0,-0.7177206,0.09118236601352692,0.7265468835830688,0.7257451415061951
YKL049C,YDL042C,0,-0.7180115,0.09117094427347183,0.7265468835830688,0.7258451581001282
YPL081W,YNL152W,0,-0.7180989,0.09115952998399734,0.7265468835830688,0.7259451746940613
YJL209W,YDR485C,0,-0.71851134,0.09114811569452286,0.7265468835830688,0.7260451912879944
YLR371W,YPL145C,1,-0.7185638,0.09126189351081848,0.727544903755188,0.7260451912879944
YKL107W,YKR092C,0,-0.71868277,0.0912504717707634,0.727544903755188,0.7261452078819275
YOR173W,YGL032C,0,-0.7187511,0.09123905003070831,0.727544903755188,0.7262452244758606
YKR060W,YLR408C,0,-0.71911204,0.09122762829065323,0.727544903755188,0.7263452410697937
YPL170W,YNL321W,0,-0.719256,0.09121621400117874,0.727544903755188,0.7264453172683716
YLR369W,YNL305C,0,-0.7193239,0.09120480716228485,0.727544903755188,0.7265453338623047
YGR086C,YLL038C,1,-0.719574,0.09131848812103271,0.7285429239273071,0.7265453338623047
YBR186W,YCR020W-B,0,-0.7199126,0.09130706638097763,0.7285429239273071,0.7266453504562378
YMR162C,YIL129C,0,-0.7202556,0.09129564464092255,0.7285429239273071,0.7267453670501709
YNL299W,YIL015W,0,-0.7203567,0.09128423035144806,0.7285429239273071,0.726845383644104
YAR003W,YDR258C,0,-0.72047067,0.09127281606197357,0.7285429239273071,0.7269454002380371
YLR081W,YBR135W,0,-0.72048295,0.09126140922307968,0.7285429239273071,0.7270454168319702
YDL153C,YOR130C,0,-0.7206032,0.09125000238418579,0.7285429239273071,0.7271454334259033
YDL132W,YGR209C,0,-0.72068805,0.0912385955452919,0.7285429239273071,0.7272454500198364
YMR121C,YPL066W,0,-0.72071624,0.09122719615697861,0.7285429239273071,0.7273454666137695
YDL226C,YKL035W,0,-0.72111905,0.09121579676866531,0.7285429239273071,0.7274454832077026
YGR090W,YDR001C,0,-0.7211406,0.09120439738035202,0.7285429239273071,0.7275454998016357
YPL266W,YML075C,0,-0.7215061,0.09119300544261932,0.7285429239273071,0.7276455163955688
YDR147W,YDL150W,0,-0.72157645,0.09118161350488663,0.7285429239273071,0.727745532989502
YOR208W,YER075C,0,-0.721695,0.09117022901773453,0.7285429239273071,0.7278455495834351
YDR059C,YOR329C,1,-0.7218184,0.09128371626138687,0.7295409440994263,0.7278455495834351
YJR113C,YFL008W,0,-0.721868,0.09127231687307358,0.7295409440994263,0.7279455661773682
YIL041W,YNR036C,0,-0.72188425,0.09126092493534088,0.7295409440994263,0.7280455827713013
YKR014C,YLR342W,1,-0.7219101,0.09137436002492905,0.7305389046669006,0.7280455827713013
YHR141C,YBR127C,0,-0.7219561,0.09136295318603516,0.7305389046669006,0.7281455993652344
YOR354C,YCL010C,0,-0.722126,0.09135155379772186,0.7305389046669006,0.7282456755638123
YOR237W,YJL204C,1,-0.722456,0.09146493673324585,0.7315369248390198,0.7282456755638123
YLR342W,YIR006C,1,-0.7226556,0.09157828986644745,0.7325349450111389,0.7282456755638123
YML008C,YBR199W,0,-0.7227555,0.09156686812639236,0.7325349450111389,0.7283456921577454
YGL012W,YLR022C,0,-0.7231258,0.09155544638633728,0.7325349450111389,0.7284457087516785
YJR064W,YDR291W,0,-0.7236324,0.0915440246462822,0.7325349450111389,0.7285457253456116
YDR388W,YHR114W,1,-0.7237059,0.09165731072425842,0.7335329055786133,0.7285457253456116
YOR339C,YPL012W,0,-0.7237632,0.09164588898420334,0.7335329055786133,0.7286457419395447
YDR214W,YIL131C,0,-0.7238424,0.09163445979356766,0.7335329055786133,0.7287457585334778
YMR278W,YNL116W,0,-0.72399974,0.09162303805351257,0.7335329055786133,0.7288457751274109
YDR073W,YCR073C,0,-0.724088,0.09161161631345749,0.7335329055786133,0.728945791721344
YGL100W,YAL047C,0,-0.72409534,0.091600202023983,0.7335329055786133,0.7290458083152771
YAR044W,YNR075W,1,-0.7241132,0.09171339869499207,0.7345309257507324,0.7290458083152771
YNR056C,YKL027W,0,-0.7242992,0.09170196950435638,0.7345309257507324,0.7291458249092102
YGL201C,YGL047W,0,-0.7244138,0.0916905477643013,0.7345309257507324,0.7292458415031433
YNL323W,YNL009W,0,-0.7246767,0.09167912602424622,0.7345309257507324,0.7293458580970764
YOL137W,YKR001C,0,-0.7247127,0.09166770428419113,0.7345309257507324,0.7294458746910095
YJR056C,YGL100W,0,-0.7247602,0.09165628999471664,0.7345309257507324,0.7295458912849426
YBR253W,YDL020C,0,-0.7249473,0.09164487570524216,0.7345309257507324,0.7296459078788757
YIR007W,YGR166W,0,-0.72534144,0.09163346886634827,0.7345309257507324,0.7297459244728088
YOR234C,YOR188W,0,-0.7255177,0.09162206202745438,0.7345309257507324,0.7298459410667419
YDR267C,YNR049C,0,-0.72586817,0.09161065518856049,0.7345309257507324,0.7299460172653198
YPL246C,YDL226C,0,-0.7258781,0.09159925580024719,0.7345309257507324,0.7300460338592529
YOR312C,YLR229C,0,-0.72603506,0.0915878564119339,0.7345309257507324,0.730146050453186
YER003C,YDR162C,0,-0.72606635,0.0915764570236206,0.7345309257507324,0.7302460670471191
YLR057W,YJR161C,0,-0.72619116,0.09156506508588791,0.7345309257507324,0.7303460836410522
YGL125W,YGR140W,0,-0.72649634,0.09155367314815521,0.7345309257507324,0.7304461002349854
YPL246C,YKL101W,0,-0.72668153,0.09154228866100311,0.7345309257507324,0.7305461168289185
YPL016W,YDR346C,0,-0.7267554,0.09153090417385101,0.7345309257507324,0.7306461334228516
YDR059C,YOR008C,1,-0.7272108,0.09164386987686157,0.7355289459228516,0.7306461334228516
YLR336C,YGR256W,0,-0.72737134,0.09163247793912888,0.7355289459228516,0.7307461500167847
YPL249C-A,YJL118W,0,-0.72760296,0.09162108600139618,0.7355289459228516,0.7308461666107178
YJR047C,YMR067C,0,-0.727674,0.09160969406366348,0.7355289459228516,0.7309461832046509
YBR136W,YDR382W,0,-0.72769225,0.09159830957651138,0.7355289459228516,0.731046199798584
YFL031W,YLR453C,0,-0.72789633,0.09158692508935928,0.7355289459228516,0.7311462163925171
YBR298C,YDL207W,0,-0.7280807,0.09157554805278778,0.7355289459228516,0.7312462329864502
YER170W,YKL157W,0,-0.728411,0.09156417101621628,0.7355289459228516,0.7313462495803833
YOR361C,YBR204C,0,-0.7285943,0.09155279397964478,0.7355289459228516,0.7314462661743164
YER019W,YPR151C,0,-0.7287509,0.09154142439365387,0.7355289459228516,0.7315462827682495
YLR135W,YNL005C,0,-0.7287946,0.09153005480766296,0.7355289459228516,0.7316463589668274
YIR035C,YAL061W,0,-0.7290248,0.09151868522167206,0.7355289459228516,0.7317463755607605
YHR114W,YAR044W,1,-0.729195,0.09163148701190948,0.7365269660949707,0.7317463755607605
YML069W,YPL003W,0,-0.729336,0.09162010997533798,0.7365269660949707,0.7318463921546936
YOL049W,YJL122W,0,-0.7296386,0.09160874038934708,0.7365269660949707,0.7319464087486267
YPR124W,YHR045W,0,-0.7297172,0.09159737080335617,0.7365269660949707,0.7320464253425598
YPL060C-A,YHR003C,0,-0.7298418,0.09158600121736526,0.7365269660949707,0.7321464419364929
YHR063C,YMR030W,0,-0.72994256,0.09157463908195496,0.7365269660949707,0.732246458530426
YPL265W,YGL012W,0,-0.7299789,0.09156327694654465,0.7365269660949707,0.7323464751243591
YGR249W,YHR176W,0,-0.73042053,0.09155191481113434,0.7365269660949707,0.7324464917182922
YER166W,YBR059C,1,-0.7306787,0.09166459739208221,0.7375249266624451,0.7324464917182922
YER021W,YBR106W,0,-0.7310296,0.09165322780609131,0.7375249266624451,0.7325465083122253
YDL193W,YHR176W,0,-0.7314279,0.091641865670681,0.7375249266624451,0.7326465249061584
YBR236C,YJR044C,0,-0.73149395,0.09163050353527069,0.7375249266624451,0.7327465415000916
YKL127W,YIL073C,0,-0.7315206,0.09161914139986038,0.7375249266624451,0.7328465580940247
YNL064C,YOR007C,0,-0.7315465,0.09160778671503067,0.7375249266624451,0.7329465746879578
YKL018W,YCR048W,0,-0.7317548,0.09159643203020096,0.7375249266624451,0.7330465912818909
YGL245W,YDR409W,0,-0.7321086,0.09158507734537125,0.7375249266624451,0.733146607875824
YPL170W,YOR083W,0,-0.7323983,0.09157373011112213,0.7375249266624451,0.7332466244697571
YMR216C,YDR291W,0,-0.73255825,0.09156238287687302,0.7375249266624451,0.7333466410636902
YOR056C,YJL093C,0,-0.73265016,0.0915510430932045,0.7375249266624451,0.7334467172622681
YBL036C,YNL229C,0,-0.7326809,0.09153970330953598,0.7375249266624451,0.7335467338562012
YCR033W,YOR343C-B,0,-0.7327944,0.09152836352586746,0.7375249266624451,0.7336467504501343
YAL042W,YCR033W,0,-0.73280585,0.09151703119277954,0.7375249266624451,0.7337467670440674
YPL037C,YOR367W,0,-0.732875,0.09150569885969162,0.7375249266624451,0.7338467836380005
YLR393W,YOR312C,0,-0.7328864,0.0914943665266037,0.7375249266624451,0.7339468002319336
YOR094W,YOL060C,0,-0.7330047,0.09148304164409637,0.7375249266624451,0.7340468168258667
YHL009C,YOL001W,0,-0.7333358,0.09147171676158905,0.7375249266624451,0.7341468334197998
YER039C,YDR352W,0,-0.7335134,0.09146039932966232,0.7375249266624451,0.7342468500137329
YDL002C,YPL029W,0,-0.73352915,0.091449074447155,0.7375249266624451,0.734346866607666
YBR258C,YPL086C,0,-0.7336191,0.09143776446580887,0.7375249266624451,0.7344468832015991
YKR086W,YAL009W,0,-0.7338196,0.09142644703388214,0.7375249266624451,0.7345468997955322
YHR114W,YBL007C,1,-0.7339538,0.09153883904218674,0.7385229468345642,0.7345468997955322
YHR079C-A,YFR044C,0,-0.7341299,0.09152752161026001,0.7385229468345642,0.7346469163894653
YDR123C,YGL156W,0,-0.7342268,0.09151620417833328,0.7385229468345642,0.7347469329833984
YKR081C,YNL197C,0,-0.734426,0.09150488674640656,0.7385229468345642,0.7348469495773315
YDL194W,YMR068W,0,-0.7346028,0.09149356931447983,0.7385229468345642,0.7349469661712646
YGR287C,YBL027W,0,-0.73463094,0.0914822593331337,0.7385229468345642,0.7350469827651978
YNR073C,YDR225W,0,-0.73464096,0.09147094935178757,0.7385229468345642,0.7351470589637756
YKL065C,YOL148C,0,-0.7348033,0.09145964682102203,0.7385229468345642,0.7352470755577087
YMR135C,YLR051C,0,-0.7348219,0.0914483442902565,0.7385229468345642,0.7353470921516418
YMR280C,YCR048W,0,-0.7353276,0.09143704175949097,0.7385229468345642,0.735447108745575
YLR057W,YGL086W,0,-0.73548496,0.09142574667930603,0.7385229468345642,0.7355471253395081
YNR036C,YFL018C,0,-0.7355726,0.0914144515991211,0.7385229468345642,0.7356471419334412
YHR187W,YPR158W-A,0,-0.7357267,0.09140316396951675,0.7385229468345642,0.7357471585273743
YOR128C,YOL058W,0,-0.7361113,0.09139187633991241,0.7385229468345642,0.7358471751213074
YNL300W,YCL010C,0,-0.7371062,0.09138058871030807,0.7385229468345642,0.7359471917152405
YOL006C,YFR028C,0,-0.73795563,0.09136930853128433,0.7385229468345642,0.7360472083091736
YLR297W,YML121W,0,-0.73815954,0.09135802835226059,0.7385229468345642,0.7361472249031067
YGL160W,YOL137W,0,-0.738477,0.09134674817323685,0.7385229468345642,0.7362472414970398
YBR109C,YBL047C,1,-0.7385335,0.09145890176296234,0.7395209670066833,0.7362472414970398
YPR145W,YJR105W,0,-0.7385924,0.091447614133358,0.7395209670066833,0.7363472580909729
YIL048W,YNR075W,1,-0.7389791,0.09155972301959991,0.7405189871788025,0.7363472580909729
YML130C,YHL018W,0,-0.7390586,0.09154842793941498,0.7405189871788025,0.736447274684906
YPL084W,YPL249C,0,-0.7393706,0.09153713285923004,0.7405189871788025,0.7365472912788391
YHR188C,YPL187W,0,-0.7396624,0.0915258452296257,0.7405189871788025,0.7366473078727722
YPL217C,YHR115C,0,-0.7398836,0.09151455014944077,0.7405189871788025,0.7367473244667053
YDL126C,YMR044W,0,-0.74006355,0.09150326997041702,0.7405189871788025,0.7368473410606384
YDR522C,YDR210W-A,0,-0.7403202,0.09149198234081268,0.7405189871788025,0.7369474172592163
YDL005C,YOR140W,0,-0.74054044,0.09148070216178894,0.7405189871788025,0.7370474338531494
YNL152W,YOR140W,0,-0.7405832,0.0914694294333458,0.7405189871788025,0.7371474504470825
YOR321W,YNL329C,0,-0.7406141,0.09145815670490265,0.7405189871788025,0.7372474670410156
YCR034W,YKL193C,0,-0.7406584,0.0914468839764595,0.7405189871788025,0.7373474836349487
YOR109W,YPR165W,1,-0.740666,0.09155884385108948,0.7415169477462769,0.7373474836349487
YML019W,YJL020C,0,-0.74066925,0.09154756367206573,0.7415169477462769,0.7374475002288818
YIL127C,YPL242C,0,-0.7408049,0.09153628349304199,0.7415169477462769,0.7375475168228149
YEL034W,YGL048C,0,-0.7408521,0.09152500331401825,0.7415169477462769,0.737647533416748
YMR293C,YCR023C,0,-0.7409663,0.0915137305855751,0.7415169477462769,0.7377475500106812
YCR069W,YGL153W,0,-0.7415908,0.09150246530771255,0.7415169477462769,0.7378475666046143
YHR007C,YBR280C,0,-0.74175745,0.09149119257926941,0.7415169477462769,0.7379475831985474
YGR275W,YPL170W,0,-0.74175876,0.09147993475198746,0.7415169477462769,0.7380475997924805
YPL211W,YLR242C,0,-0.74181235,0.09146866947412491,0.7415169477462769,0.7381476163864136
YBR109C,YKL129C,1,-0.7418222,0.09158050268888474,0.742514967918396,0.7381476163864136
YBL009W,YOR028C,0,-0.74217796,0.09156922996044159,0.742514967918396,0.7382476329803467
YNL082W,YNL087W,0,-0.74223566,0.09155796468257904,0.742514967918396,0.7383476495742798
YDR051C,YGR284C,0,-0.74237716,0.09154669940471649,0.742514967918396,0.7384476661682129
YML078W,YIL162W,0,-0.7424246,0.09153543412685394,0.742514967918396,0.738547682762146
YHR073W,YJR125C,1,-0.7425157,0.0916471853852272,0.7435129880905151,0.738547682762146
YOL091W,YDL222C,0,-0.74253595,0.09163591265678406,0.7435129880905151,0.7386477589607239
YDR069C,YAL030W,1,-0.7426581,0.09174763411283493,0.7445109486579895,0.7386477589607239
YGR271C-A,YDL014W,0,-0.7429426,0.09173635393381119,0.7445109486579895,0.738747775554657
YMR116C,YOR133W,0,-0.7429573,0.09172507375478745,0.7445109486579895,0.7388477921485901
YMR263W,YFL062W,0,-0.7430351,0.0917137935757637,0.7445109486579895,0.7389478087425232
YNL053W,YDR147W,0,-0.743112,0.09170252084732056,0.7445109486579895,0.7390478253364563
YML131W,YJR091C,0,-0.7432099,0.09169124811887741,0.7445109486579895,0.7391478419303894
YOR140W,YGL153W,0,-0.743274,0.09167998284101486,0.7445109486579895,0.7392478585243225
YBR079C,YJR125C,0,-0.7433797,0.09166871756315231,0.7445109486579895,0.7393478751182556
YML019W,YNL305C,0,-0.7434863,0.09165745228528976,0.7445109486579895,0.7394478917121887
YGR198W,YCR009C,1,-0.74374866,0.09176903963088989,0.7455089688301086,0.7394478917121887
YML069W,YLR133W,0,-0.74400735,0.09175776690244675,0.7455089688301086,0.7395479083061218
YMR288W,YNL315C,0,-0.74408025,0.0917465016245842,0.7455089688301086,0.7396479249000549
YHL013C,YMR305C,0,-0.74434036,0.09173523634672165,0.7455089688301086,0.739747941493988
YDL126C,YNL152W,0,-0.7445159,0.0917239710688591,0.7455089688301086,0.7398479580879211
YLR077W,YPL266W,0,-0.74481964,0.09171270579099655,0.7455089688301086,0.7399479746818542
YGR108W,YNL222W,0,-0.74493265,0.0917014479637146,0.7455089688301086,0.7400479912757874
YPR061C,YNR075W,0,-0.744947,0.09169019013643265,0.7455089688301086,0.7401480078697205
YPL242C,YCL026C-A,0,-0.74499345,0.09167893975973129,0.7455089688301086,0.7402480244636536
YER003C,YGL207W,0,-0.7449951,0.09166768938302994,0.7455089688301086,0.7403480410575867
YPL217C,YJR043C,0,-0.74512744,0.09165643900632858,0.7455089688301086,0.7404481172561646
YJL207C,YIR035C,0,-0.74524003,0.09164519608020782,0.7455089688301086,0.7405481338500977
YER119C,YIL122W,0,-0.7457221,0.09163395315408707,0.7455089688301086,0.7406481504440308
YGR041W,YLR319C,0,-0.7457609,0.0916227176785469,0.7455089688301086,0.7407481670379639
YOR229W,YDR488C,0,-0.74576175,0.09161148220300674,0.7455089688301086,0.740848183631897
YMR263W,YDL194W,0,-0.74587375,0.09160024672746658,0.7455089688301086,0.7409482002258301
YML123C,YLR229C,0,-0.7459817,0.09158901125192642,0.7455089688301086,0.7410482168197632
YPL256C,YDR266C,0,-0.74598694,0.09157778322696686,0.7455089688301086,0.7411482334136963
YLL023C,YER160C,0,-0.74610823,0.09156656265258789,0.7455089688301086,0.7412482500076294
YCR042C,YHR042W,0,-0.7461439,0.09155533462762833,0.7455089688301086,0.7413482666015625
YPR075C,YOR255W,0,-0.7463635,0.09154411405324936,0.7455089688301086,0.7414482831954956
YKL096W,YDR484W,0,-0.74643916,0.09153290092945099,0.7455089688301086,0.7415482997894287
YHR161C,YNL297C,1,-0.7466163,0.09164420515298843,0.7465069890022278,0.7415482997894287
YPL084W,YKR039W,0,-0.7467616,0.09163297712802887,0.7465069890022278,0.7416483163833618
YBL040C,YIL063C,0,-0.747022,0.0916217565536499,0.7465069890022278,0.7417483329772949
YDR266C,YJL118W,0,-0.7470282,0.09161053597927094,0.7465069890022278,0.741848349571228
YJL123C,YLR022C,0,-0.7473241,0.09159931540489197,0.7465069890022278,0.7419483661651611
YDR221W,YLR066W,0,-0.7473889,0.091588094830513,0.7465069890022278,0.7420483827590942
YMR189W,YDR084C,0,-0.74742603,0.09157688170671463,0.7465069890022278,0.7421484589576721
YJL116C,YCR097W,0,-0.74757564,0.09156567603349686,0.7465069890022278,0.7422484755516052
YDL005C,YOR088W,0,-0.7477297,0.09155447036027908,0.7465069890022278,0.7423484921455383
YIL063C,YKR045C,0,-0.7477834,0.09154326468706131,0.7465069890022278,0.7424485087394714
YDR093W,YOR322C,1,-0.7478106,0.09165442734956741,0.7475050091743469,0.7424485087394714
YPL242C,YPL088W,0,-0.74830216,0.09164321422576904,0.7475050091743469,0.7425485253334045
YBL045C,YML126C,0,-0.74846673,0.09163200110197067,0.7475050091743469,0.7426485419273376
YNL014W,YNL329C,0,-0.7486363,0.0916207954287529,0.7475050091743469,0.7427485585212708
YLR310C,YOR198C,0,-0.74867827,0.09160958975553513,0.7475050091743469,0.7428485751152039
YLL039C,YBR293W,0,-0.74876857,0.09159838408231735,0.7475050091743469,0.742948591709137
YLR393W,YDL201W,0,-0.74906605,0.09158718585968018,0.7475050091743469,0.7430486083030701
YMR154C,YGR280C,0,-0.74916965,0.091575987637043,0.7475050091743469,0.7431486248970032
YCR009C,YNL093W,1,-0.74940443,0.09168703854084015,0.7485029697418213,0.7431486248970032
YJR043C,YLR408C,0,-0.74970275,0.09167583286762238,0.7485029697418213,0.7432486414909363
YGR049W,YAL032C,0,-0.7498952,0.0916646271944046,0.7485029697418213,0.7433486580848694
YOR293W,YKR042W,0,-0.749907,0.09165342897176743,0.7485029697418213,0.7434486746788025
YBL045C,YFL052W,0,-0.7499087,0.09164223074913025,0.7485029697418213,0.7435486912727356
YNL323W,YIL110W,0,-0.74992895,0.09163103252649307,0.7485029697418213,0.7436487078666687
YMR263W,YNL312W,0,-0.75017047,0.09161984175443649,0.7485029697418213,0.7437487244606018
YOR321W,YBR236C,0,-0.75025296,0.09160865098237991,0.7485029697418213,0.7438487410545349
YPR171W,YDL019C,1,-0.75045055,0.09171959012746811,0.7495009899139404,0.7438487410545349
YMR135C,YDL213C,0,-0.75071734,0.09170839190483093,0.7495009899139404,0.7439488172531128
YGR038C-A,YCR088W,0,-0.75080734,0.09169719368219376,0.7495009899139404,0.7440488338470459
YER065C,YBR004C,0,-0.7509053,0.09168599545955658,0.7495009899139404,0.744148850440979
YNL275W,YLR368W,0,-0.7511668,0.0916748046875,0.7495009899139404,0.7442488670349121
YER183C,YIL067C,0,-0.7513176,0.09166361391544342,0.7495009899139404,0.7443488836288452
YJL154C,YNL030W,0,-0.75132436,0.09165243059396744,0.7495009899139404,0.7444489002227783
YMR244C-A,YNR051C,0,-0.7513299,0.09164124727249146,0.7495009899139404,0.7445489168167114
YGL048C,YLR138W,0,-0.75142395,0.09163006395101547,0.7495009899139404,0.7446489334106445
YER003C,YOR367W,0,-0.75167084,0.09161888808012009,0.7495009899139404,0.7447489500045776
YNL084C,YDL231C,1,-0.75167316,0.09172969311475754,0.7504990100860596,0.7447489500045776
YLR178C,YLR022C,0,-0.75195324,0.09171850234270096,0.7504990100860596,0.7448489665985107
YLR320W,YJL160C,0,-0.7520735,0.09170731902122498,0.7504990100860596,0.7449489831924438
YBL102W,YMR190C,0,-0.75252056,0.09169613569974899,0.7504990100860596,0.745048999786377
YJR043C,YGL153W,0,-0.7526917,0.09168495237827301,0.7504990100860596,0.7451490163803101
YLR307W,YBR265W,0,-0.7527237,0.09167377650737762,0.7504990100860596,0.7452490329742432
YOL075C,YNL225C,0,-0.7534033,0.09166260063648224,0.7504990100860596,0.7453490495681763
YBR217W,YDR191W,0,-0.7538015,0.09165143221616745,0.7504990100860596,0.7454490661621094
YBR004C,YDR291W,0,-0.75425166,0.09164026379585266,0.7504990100860596,0.7455490827560425
YJR064W,YGR132C,0,-0.7543694,0.09162909537553787,0.7504990100860596,0.7456491589546204
YBL050W,YDR484W,0,-0.7544075,0.09161793440580368,0.7504990100860596,0.7457491755485535
YGR059W,YCR027C,0,-0.75445414,0.09160677343606949,0.7504990100860596,0.7458491921424866
YJL204C,YPL145C,1,-0.7546094,0.09171741455793381,0.7514970302581787,0.7458491921424866
YKL221W,YPL005W,0,-0.7551927,0.09170624613761902,0.7514970302581787,0.7459492087364197
YPL023C,YOR010C,0,-0.75525415,0.09169507771730423,0.7514970302581787,0.7460492253303528
YDR119W,YPL069C,0,-0.7554325,0.09168391674757004,0.7514970302581787,0.7461492419242859
YBR021W,YLR341W,0,-0.7555299,0.09167275577783585,0.7514970302581787,0.746249258518219
YNL071W,YBR236C,0,-0.7559043,0.09166159480810165,0.7514970302581787,0.7463492751121521
YLR051C,YIL168W,0,-0.7559991,0.09165044128894806,0.7514970302581787,0.7464492917060852
YLR336C,YER004W,0,-0.7561315,0.09163928776979446,0.7514970302581787,0.7465493083000183
YML038C,YBL105C,0,-0.75626415,0.09162813425064087,0.7514970302581787,0.7466493248939514
YJL203W,YLR355C,0,-0.7563215,0.09161698818206787,0.7514970302581787,0.7467493414878845
YJL050W,YJL154C,0,-0.75638914,0.09160584211349487,0.7514970302581787,0.7468493580818176
YDR006C,YDL194W,0,-0.75646263,0.09159469604492188,0.7514970302581787,0.7469493746757507
YKR086W,YPL228W,0,-0.7565706,0.09158355742692947,0.7514970302581787,0.7470493912696838
YNR012W,YER183C,0,-0.7567371,0.09157241880893707,0.7514970302581787,0.7471494078636169
YBR136W,YIL114C,0,-0.7567972,0.09156128764152527,0.7514970302581787,0.74724942445755
YOL110W,YNL225C,0,-0.7568008,0.09155014902353287,0.7514970302581787,0.7473494410514832
YBR136W,YDR037W,0,-0.75716186,0.09153902530670166,0.7514970302581787,0.747449517250061
YCR028C-A,YKL120W,0,-0.75746775,0.09152789413928986,0.7514970302581787,0.7475495338439941
YDL207W,YCL010C,0,-0.757735,0.09151677042245865,0.7514970302581787,0.7476495504379272
YDL207W,YNL252C,0,-0.75778246,0.09150565415620804,0.7514970302581787,0.7477495670318604
YKL139W,YDR409W,0,-0.7578413,0.09149453043937683,0.7514970302581787,0.7478495836257935
YGL160W,YOL060C,0,-0.75794494,0.09148341417312622,0.7514970302581787,0.7479496002197266
YER166W,YDR264C,1,-0.75802135,0.09159377962350845,0.7524949908256531,0.7479496002197266
YPL069C,YAL042W,0,-0.75826395,0.09158265590667725,0.7524949908256531,0.7480496168136597
YCR068W,YBR068C,0,-0.7582884,0.09157153218984604,0.7524949908256531,0.7481496334075928
YLR342W,YNL093W,1,-0.7584134,0.09168184548616409,0.7534930109977722,0.7481496334075928
YGR207C,YOR171C,0,-0.75847495,0.09167071431875229,0.7534930109977722,0.7482496500015259
YGR068C,YDR171W,0,-0.7586727,0.09165958315134048,0.7534930109977722,0.748349666595459
YNL327W,YBR104W,0,-0.7587153,0.09164845943450928,0.7534930109977722,0.7484496831893921
YML025C,YOR010C,0,-0.75879395,0.09163733571767807,0.7534930109977722,0.7485496997833252
YFL009W,YJL002C,0,-0.7588145,0.09162621200084686,0.7534930109977722,0.7486497163772583
YAR044W,YNR035C,1,-0.75883985,0.09173644334077835,0.7544910311698914,0.7486497163772583
YGL134W,YNL177C,0,-0.7589767,0.09172531217336655,0.7544910311698914,0.7487497329711914
YDR163W,YOR125C,0,-0.7589903,0.09171418100595474,0.7544910311698914,0.7488497495651245
YNL254C,YJL093C,0,-0.7591035,0.09170305728912354,0.7544910311698914,0.7489497661590576
YGL099W,YHR128W,0,-0.7591108,0.09169193357229233,0.7544910311698914,0.7490497827529907
YMR231W,YPR056W,0,-0.75932276,0.09168081730604172,0.7544910311698914,0.7491498589515686
YOR307C,YGL179C,0,-0.75933015,0.09166970103979111,0.7544910311698914,0.7492498755455017
YCR028C-A,YDR264C,0,-0.75940335,0.0916585847735405,0.7544910311698914,0.7493498921394348
YDR385W,YPL084W,0,-0.75948143,0.09164747595787048,0.7544910311698914,0.7494499087333679
YPR094W,YHR178W,0,-0.75974584,0.09163636714220047,0.7544910311698914,0.749549925327301
YOR118W,YOL137W,0,-0.7598407,0.09162525832653046,0.7544910311698914,0.7496499419212341
YKR098C,YLR003C,0,-0.7598966,0.09161415696144104,0.7544910311698914,0.7497499585151672
YOR371C,YKR042W,0,-0.76016104,0.09160305559635162,0.7544910311698914,0.7498499751091003
YBL047C,YOR034C,1,-0.76025414,0.09171310812234879,0.7554890513420105,0.7498499751091003
YNL329C,YNL003C,0,-0.7604258,0.09170199930667877,0.7554890513420105,0.7499499917030334
YLR144C,YMR134W,0,-0.7605431,0.09169089049100876,0.7554890513420105,0.7500500082969666
YGL234W,YKR001C,0,-0.76112485,0.09167978912591934,0.7554890513420105,0.7501500248908997
YHR001W,YLR342W,1,-0.76156867,0.09178978204727173,0.7564870119094849,0.7501500248908997
YLR225C,YGR096W,0,-0.7616997,0.09177866578102112,0.7564870119094849,0.7502500414848328
YCL010C,YIL168W,0,-0.7619244,0.0917675569653511,0.7564870119094849,0.7503500580787659
YNL030W,YPL118W,0,-0.76203454,0.09175644814968109,0.7564870119094849,0.750450074672699
YNL024C-A,YHL020C,0,-0.762138,0.09174533933401108,0.7564870119094849,0.7505500912666321
YLR371W,YNL084C,1,-0.7623544,0.0918552577495575,0.757485032081604,0.7505500912666321
YGR087C,YKL222C,0,-0.7623894,0.09184414148330688,0.757485032081604,0.7506501078605652
YNR073C,YKL012W,0,-0.7626929,0.09183303266763687,0.757485032081604,0.7507501244544983
YDR322C-A,YDR382W,0,-0.76273274,0.09182192385196686,0.757485032081604,0.7508501410484314
YBR039W,YGL047W,0,-0.7627609,0.09181081503629684,0.757485032081604,0.7509502172470093
YDR302W,YKL127W,0,-0.7632158,0.09179970622062683,0.757485032081604,0.7510502338409424
YDR538W,YGR065C,0,-0.7633079,0.09178860485553741,0.757485032081604,0.7511502504348755
YDR477W,YOR198C,0,-0.76331866,0.0917775109410286,0.757485032081604,0.7512502670288086
YNL072W,YML111W,0,-0.76369673,0.09176640957593918,0.757485032081604,0.7513502836227417
YDL207W,YOR245C,0,-0.76371616,0.09175531566143036,0.757485032081604,0.7514503002166748
YPR009W,YPL270W,0,-0.76400113,0.09174422919750214,0.757485032081604,0.7515503168106079
YEL060C,YFL031W,0,-0.76408386,0.09173314273357391,0.757485032081604,0.751650333404541
YHR062C,YHR102W,0,-0.76474607,0.09172205626964569,0.757485032081604,0.7517503499984741
YER078C,YBR201W,0,-0.7647659,0.09171096980571747,0.757485032081604,0.7518503665924072
YDL005C,YPR079W,0,-0.76510084,0.09169989079236984,0.757485032081604,0.7519503831863403
YLR225C,YJL177W,0,-0.7651982,0.09168881177902222,0.757485032081604,0.7520503997802734
YBL005W-A,YLR405W,0,-0.7652819,0.09167774021625519,0.757485032081604,0.7521504163742065
YBR102C,YER160C,0,-0.76536065,0.09166666865348816,0.757485032081604,0.7522504329681396
YDR338C,YNL279W,0,-0.76550186,0.09165559709072113,0.757485032081604,0.7523504495620728
YBR258C,YBR236C,0,-0.76565105,0.0916445329785347,0.757485032081604,0.7524504661560059
YLR342W,YNR035C,1,-0.7656785,0.09175419807434082,0.7584830522537231,0.7524504661560059
YGR125W,YER172C,0,-0.7657542,0.0917431190609932,0.7584830522537231,0.752550482749939
YNL088W,YBR135W,0,-0.7657759,0.09173204749822617,0.7584830522537231,0.7526505589485168
YBR253W,YNL037C,0,-0.7658812,0.09172097593545914,0.7584830522537231,0.75275057554245
YJL091C,YOR088W,0,-0.76628137,0.09170990437269211,0.7584830522537231,0.7528505921363831
YKL137W,YDL174C,0,-0.7663895,0.09169884026050568,0.7584830522537231,0.7529506087303162
YDR365W-B,YHR018C,0,-0.7665156,0.09168777614831924,0.7584830522537231,0.7530506253242493
YKL152C,YJL074C,0,-0.7665263,0.09167671948671341,0.7584830522537231,0.7531506419181824
YGR271C-A,YJR086W,0,-0.76662004,0.09166566282510757,0.7584830522537231,0.7532506585121155
YOR229W,YLR308W,0,-0.76694167,0.09165460616350174,0.7584830522537231,0.7533506751060486
YPL256C,YNL220W,0,-0.76706636,0.0916435569524765,0.7584830522537231,0.7534506916999817
YBR079C,YCR023C,0,-0.76741505,0.09163250774145126,0.7584830522537231,0.7535507082939148
YHR001W,YBR214W,1,-0.76745975,0.09174201637506485,0.7594810128211975,0.7535507082939148
YMR058W,YDR291W,0,-0.7674976,0.09173095226287842,0.7594810128211975,0.7536507248878479
YHR007C,YNR075W,0,-0.7676565,0.09171989560127258,0.7594810128211975,0.753750741481781
YOR130C,YPL012W,0,-0.7677706,0.09170884639024734,0.7594810128211975,0.7538507580757141
YLR410W,YMR268C,0,-0.7684102,0.0916977971792221,0.7594810128211975,0.7539507746696472
YML118W,YGL047W,0,-0.76845115,0.09168674796819687,0.7594810128211975,0.7540507912635803
YKL188C,YLR298C,0,-0.7684738,0.09167569875717163,0.7594810128211975,0.7541508078575134
YMR047C,YCR003W,0,-0.7686583,0.09166465699672699,0.7594810128211975,0.7542508244514465
YNL024C-A,YBR229C,0,-0.76877105,0.09165362268686295,0.7594810128211975,0.7543508410453796
YPR029C,YBR201W,0,-0.768953,0.0916425809264183,0.7594810128211975,0.7544509172439575
YPL004C,YGR198W,1,-0.7689718,0.09175195544958115,0.7604790329933167,0.7544509172439575
YAL032C,YMR244C-A,0,-0.76914287,0.0917409136891365,0.7604790329933167,0.7545509338378906
YGR278W,YDR043C,0,-0.76920307,0.09172986447811127,0.7604790329933167,0.7546509504318237
YML069W,YGR280C,0,-0.7692255,0.09171882271766663,0.7604790329933167,0.7547509670257568
YBR103W,YLR069C,0,-0.7694631,0.09170778840780258,0.7604790329933167,0.7548509836196899
YCL020W,YHR166C,0,-0.7694662,0.09169675409793854,0.7604790329933167,0.754951000213623
YMR134W,YEL047C,0,-0.76956606,0.0916857197880745,0.7604790329933167,0.7550510168075562
YER006W,YLR157C-B,0,-0.7700803,0.09167468547821045,0.7604790329933167,0.7551510334014893
YIR033W,YLR398C,0,-0.77015793,0.091663658618927,0.7604790329933167,0.7552510499954224
YDR104C,YBR244W,0,-0.7701653,0.09165263175964355,0.7604790329933167,0.7553510665893555
YCR068W,YHR045W,0,-0.77053475,0.0916416123509407,0.7604790329933167,0.7554510831832886
YML126C,YGR207C,0,-0.7706719,0.09163059294223785,0.7604790329933167,0.7555510997772217
YLR372W,YOR088W,0,-0.7708868,0.091619573533535,0.7604790329933167,0.7556511163711548
YGR074W,YBL002W,0,-0.7709036,0.09160856157541275,0.7604790329933167,0.7557511329650879
YAR003W,YOL021C,0,-0.7715225,0.0915975496172905,0.7604790329933167,0.755851149559021
YDR261C-C,YHR121W,0,-0.77170646,0.09158653765916824,0.7604790329933167,0.7559511661529541
YKL086W,YLR342W,0,-0.771943,0.09157553315162659,0.7604790329933167,0.7560511827468872
YHR114W,YBR109C,1,-0.7721119,0.09168469160795212,0.7614770531654358,0.7560511827468872
YNL243W,YBR214W,1,-0.77211225,0.09179382771253586,0.7624750733375549,0.7560511827468872
YGL038C,YGL008C,0,-0.77216727,0.09178279340267181,0.7624750733375549,0.7561512589454651
YNL002C,YNR069C,0,-0.7722282,0.09177177399396896,0.7624750733375549,0.7562512755393982
YHR134W,YFL034C-A,0,-0.7723811,0.09176074713468552,0.7624750733375549,0.7563512921333313
YHR063C,YMR067C,0,-0.7729826,0.09174972772598267,0.7624750733375549,0.7564513087272644
YNR046W,YLR308W,0,-0.77314156,0.09173871576786041,0.7624750733375549,0.7565513253211975
YNL245C,YDL191W,0,-0.77317864,0.09172769635915756,0.7624750733375549,0.7566513419151306
YFL031W,YOR188W,0,-0.7733407,0.09171668440103531,0.7624750733375549,0.7567513585090637
YPR023C,YFR044C,0,-0.77346265,0.09170567989349365,0.7624750733375549,0.7568513751029968
YGR152C,YDR346C,0,-0.77352214,0.0916946679353714,0.7624750733375549,0.7569513916969299
YKL091C,YER001W,0,-0.7737318,0.09168367087841034,0.7624750733375549,0.757051408290863
YLR128W,YKL035W,0,-0.7739422,0.09167266637086868,0.7624750733375549,0.7571514248847961
YGL048C,YNL082W,0,-0.7740536,0.09166166931390762,0.7624750733375549,0.7572514414787292
YGL086W,YBR018C,0,-0.7741277,0.09165067225694656,0.7624750733375549,0.7573514580726624
YPL211W,YIL157C,0,-0.77428496,0.0916396751999855,0.7624750733375549,0.7574514746665955
YLR128W,YDL232W,0,-0.7743318,0.09162868559360504,0.7624750733375549,0.7575514912605286
YLR128W,YLR406C,0,-0.77463865,0.09161770343780518,0.7624750733375549,0.7576515078544617
YGR109C,YBL018C,0,-0.7751583,0.09160671383142471,0.7624750733375549,0.7577515244483948
YLR262C,YIL073C,0,-0.77530336,0.09159573167562485,0.7624750733375549,0.7578515410423279
YJL051W,YLR229C,0,-0.77606785,0.09158474951982498,0.7624750733375549,0.7579516172409058
YNL024C-A,YGL201C,0,-0.77606916,0.09157377481460571,0.7624750733375549,0.7580516338348389
YPL249C-A,YJL122W,0,-0.776106,0.09156280010938644,0.7624750733375549,0.758151650428772
YOR095C,YGL013C,0,-0.776123,0.09155182540416718,0.7624750733375549,0.7582516670227051
YDL150W,YLR110C,0,-0.77631557,0.0915408581495285,0.7624750733375549,0.7583516836166382
YKL096W,YPL060C-A,0,-0.77648115,0.09152989089488983,0.7624750733375549,0.7584517002105713
YDR446W,YMR044W,0,-0.77664983,0.09151892364025116,0.7624750733375549,0.7585517168045044
YAR003W,YBL105C,0,-0.77678084,0.09150796383619308,0.7624750733375549,0.7586517333984375
YAR050W,YIL110W,0,-0.77733046,0.09149700403213501,0.7624750733375549,0.7587517499923706
YLR297W,YFR009W,0,-0.7773533,0.09148605167865753,0.7624750733375549,0.7588517665863037
YGL181W,YOR043W,1,-0.7773607,0.09159483015537262,0.7634730339050293,0.7588517665863037
YLR222C,YGR289C,0,-0.7775206,0.09158386290073395,0.7634730339050293,0.7589517831802368
YJL207C,YJR014W,0,-0.777534,0.09157289564609528,0.7634730339050293,0.7590517997741699
YAL014C,YKL193C,0,-0.7779262,0.0915619358420372,0.7634730339050293,0.759151816368103
YBR280C,YKL035W,0,-0.77807903,0.09155098348855972,0.7634730339050293,0.7592518329620361
YPR018W,YNR026C,0,-0.77841747,0.09154002368450165,0.7634730339050293,0.7593518495559692
YPL032C,YDR291W,0,-0.7785907,0.09152907133102417,0.7634730339050293,0.7594518661499023
YDL150W,YHR128W,0,-0.7789356,0.09151812642812729,0.7634730339050293,0.7595518827438354
YFL055W,YHR072W-A,0,-0.77937293,0.09150717407464981,0.7634730339050293,0.7596519589424133
YBR280C,YMR199W,0,-0.7794824,0.09149622917175293,0.7634730339050293,0.7597519755363464
YNL139C,YBR236C,0,-0.7796515,0.09148529171943665,0.7634730339050293,0.7598519921302795
YBL042C,YOR033C,0,-0.7796828,0.09147435426712036,0.7634730339050293,0.7599520087242126
YLR077W,YKR024C,0,-0.78003275,0.09146341681480408,0.7634730339050293,0.7600520253181458
YFR004W,YNR046W,0,-0.78013265,0.09145247936248779,0.7634730339050293,0.7601520419120789
YIL073C,YGR231C,0,-0.7801472,0.0914415493607521,0.7634730339050293,0.760252058506012
YBR088C,YPR124W,0,-0.7801789,0.09143061935901642,0.7634730339050293,0.7603520750999451
YBL006C,YDR155C,0,-0.7801906,0.09141969680786133,0.7634730339050293,0.7604520916938782
YDR221W,YDL207W,0,-0.7803209,0.09140876680612564,0.7634730339050293,0.7605521082878113
YIL091C,YML118W,0,-0.78046,0.09139785170555115,0.7634730339050293,0.7606521248817444
YDL064W,YHR176W,0,-0.78047234,0.09138692915439606,0.7634730339050293,0.7607521414756775
YAL026C,YKR003W,1,-0.7807014,0.09149546176195145,0.7644710540771484,0.7607521414756775
YPR029C,YML093W,0,-0.78152525,0.09148453176021576,0.7644710540771484,0.7608521580696106
YDL181W,YJL177W,0,-0.7816801,0.09147360920906067,0.7644710540771484,0.7609521746635437
YBR265W,YKR087C,0,-0.78206396,0.09146268665790558,0.7644710540771484,0.7610521912574768
YGL124C,YML033W,0,-0.78213716,0.09145176410675049,0.7644710540771484,0.7611522078514099
YAR042W,YGR241C,1,-0.78215027,0.09156022220849991,0.7654690742492676,0.7611522078514099
YML008C,YJL118W,0,-0.7824325,0.09154929220676422,0.7654690742492676,0.761252224445343
YMR323W,YDL049C,0,-0.7824376,0.09153836965560913,0.7654690742492676,0.7613522410392761
YLR136C,YOR367W,0,-0.7824378,0.09152744710445404,0.7654690742492676,0.761452317237854
YOR141C,YCR083W,0,-0.7825668,0.09151652455329895,0.7654690742492676,0.7615523338317871
YDR541C,YLR274W,0,-0.7832433,0.09150560945272446,0.7654690742492676,0.7616523504257202
YEL060C,YGR132C,0,-0.7835772,0.09149469435214996,0.7654690742492676,0.7617523670196533
YJL063C,YOL148C,0,-0.7838435,0.09148377925157547,0.7654690742492676,0.7618523836135864
YNL090W,YCL030C,0,-0.78384626,0.09147287160158157,0.7654690742492676,0.7619524002075195
YBR203W,YER016W,0,-0.7838628,0.09146196395158768,0.7654690742492676,0.7620524168014526
YPL045W,YCR083W,0,-0.78392506,0.09145105630159378,0.7654690742492676,0.7621524333953857
YBR216C,YPR104C,0,-0.7842284,0.09144015610218048,0.7654690742492676,0.7622524499893188
YNR056C,YPL249C-A,0,-0.7844168,0.09142925590276718,0.7654690742492676,0.762352466583252
YHR121W,YNL125C,0,-0.7847879,0.09141835570335388,0.7654690742492676,0.7624524831771851
YJL209W,YPL158C,0,-0.7847899,0.09140746295452118,0.7654690742492676,0.7625524997711182
YDR162C,YCR071C,0,-0.7848025,0.09139657020568848,0.7654690742492676,0.7626525163650513
YPR158W-A,YCR048W,0,-0.78508455,0.09138567745685577,0.7654690742492676,0.7627525329589844
YOR354C,YCR020W-B,0,-0.78508997,0.09137479215860367,0.7654690742492676,0.7628525495529175
YGR161C-C,YJL159W,0,-0.78512335,0.09136390686035156,0.7654690742492676,0.7629525661468506
YML131W,YOL016C,0,-0.7854457,0.09135302156209946,0.7654690742492676,0.7630525827407837
YPR018W,YFL022C,0,-0.7860388,0.09134214371442795,0.7654690742492676,0.7631526589393616
YOL097C,YNL245C,0,-0.7863587,0.09133126586675644,0.7654690742492676,0.7632526755332947
YGL254W,YBL027W,0,-0.786476,0.09132039546966553,0.7654690742492676,0.7633526921272278
YNL252C,YKR024C,0,-0.7866068,0.09130952507257462,0.7654690742492676,0.7634527087211609
YKL035W,YMR162C,0,-0.78673685,0.0912986546754837,0.7654690742492676,0.763552725315094
YDR073W,YML118W,0,-0.7867587,0.09128779172897339,0.7654690742492676,0.7636527419090271
YNR054C,YIL044C,0,-0.78719324,0.09127692133188248,0.7654690742492676,0.7637527585029602
YKL216W,YCR003W,0,-0.78726554,0.09126606583595276,0.7654690742492676,0.7638527750968933
YDR155C,YLL015W,0,-0.7874894,0.09125520288944244,0.7654690742492676,0.7639527916908264
YJR056C,YPL030W,0,-0.7875371,0.09124434739351273,0.7654690742492676,0.7640528082847595
YBR133C,YKR042W,0,-0.7876554,0.0912334993481636,0.7654690742492676,0.7641528248786926
YMR113W,YCR048W,0,-0.7879251,0.09122264385223389,0.7654690742492676,0.7642528414726257
YGR133W,YIL082W-A,0,-0.787969,0.09121179580688477,0.7654690742492676,0.7643528580665588
YGR231C,YPL230W,0,-0.7880756,0.09120094776153564,0.7654690742492676,0.7644528746604919
YPR009W,YJL093C,0,-0.78813905,0.09119010716676712,0.7654690742492676,0.764552891254425
YIL049W,YML024W,0,-0.78838354,0.0911792665719986,0.7654690742492676,0.7646529078483582
YKL049C,YML024W,0,-0.7884626,0.09116843342781067,0.7654690742492676,0.7647529244422913
YOR255W,YBL009W,0,-0.7886324,0.09115759283304214,0.7654690742492676,0.7648529410362244
YNL064C,YPR151C,0,-0.7887677,0.09114675968885422,0.7654690742492676,0.7649530172348022
YER021W,YBR139W,0,-0.7887798,0.09113593399524689,0.7654690742492676,0.7650530338287354
YNR075W,YPR112C,0,-0.7890005,0.09112510085105896,0.7654690742492676,0.7651530504226685
YJL159W,YNL005C,0,-0.7891286,0.09111428260803223,0.7654690742492676,0.7652530670166016
YIL016W,YNL097C,0,-0.78933525,0.0911034569144249,0.7654690742492676,0.7653530836105347
YDL214C,YNL134C,0,-0.78935623,0.09109263867139816,0.7654690742492676,0.7654531002044678
YDR129C,YBR214W,1,-0.7894243,0.0912005677819252,0.7664670944213867,0.7654531002044678
YHR062C,YOR375C,0,-0.7894982,0.09118974208831787,0.7664670944213867,0.7655531167984009
YML019W,YOR005C,0,-0.7898176,0.09117891639471054,0.7664670944213867,0.765653133392334
YDR490C,YOR181W,1,-0.7898755,0.091286800801754,0.7674650549888611,0.765653133392334
YCR067C,YDR147W,0,-0.7898948,0.09127596765756607,0.7674650549888611,0.7657531499862671
YKL129C,YBL007C,1,-0.79004955,0.09138381481170654,0.7684630751609802,0.7657531499862671
YPL084W,YKR029C,0,-0.79018855,0.09137296676635742,0.7684630751609802,0.7658531665802002
YER124C,YLR216C,0,-0.7905109,0.0913621261715889,0.7684630751609802,0.7659531831741333
YOL033W,YDR538W,0,-0.7916257,0.09135128557682037,0.7684630751609802,0.7660531997680664
YJL151C,YHR134W,0,-0.79195905,0.09134045243263245,0.7684630751609802,0.7661532163619995
YGL100W,YGL008C,0,-0.7920727,0.09132961928844452,0.7684630751609802,0.7662532329559326
YGR192C,YDL079C,0,-0.7921566,0.09131878614425659,0.7684630751609802,0.7663532495498657
YBR207W,YMR109W,1,-0.79222333,0.0914265364408493,0.7694610953330994,0.7663532495498657
YPL132W,YML066C,0,-0.7922498,0.09141569584608078,0.7694610953330994,0.7664532661437988
YNL323W,YNL124W,0,-0.79226416,0.09140486270189285,0.7694610953330994,0.7665532827377319
YOR122C,YNL270C,0,-0.79240716,0.09139402210712433,0.7694610953330994,0.7666533589363098
YPR025C,YHR200W,0,-0.79243964,0.091383196413517,0.7694610953330994,0.7667533755302429
YBR217W,YFR009W,0,-0.7926132,0.09137236326932907,0.7694610953330994,0.766853392124176
YGL048C,YJL159W,0,-0.7928077,0.09136153757572174,0.7694610953330994,0.7669534087181091
YMR134W,YNL087W,0,-0.79302883,0.09135071188211441,0.7694610953330994,0.7670534253120422
YOR329C,YNL243W,1,-0.79309636,0.09145835787057877,0.7704590559005737,0.7670534253120422
YDL132W,YIL063C,0,-0.7931682,0.09144752472639084,0.7704590559005737,0.7671534419059753
YJR056C,YKR025W,0,-0.7932613,0.09143669158220291,0.7704590559005737,0.7672534584999084
YDR001C,YNL097C,0,-0.7933547,0.09142586588859558,0.7704590559005737,0.7673534750938416
YML118W,YNL272C,0,-0.7934995,0.09141504019498825,0.7704590559005737,0.7674534916877747
YMR092C,YJR064W,0,-0.79352474,0.09140421450138092,0.7704590559005737,0.7675535082817078
YCR033W,YJR002W,0,-0.7938598,0.09139339625835419,0.7704590559005737,0.7676535248756409
YBR298C,YMR260C,0,-0.79398745,0.09138257801532745,0.7704590559005737,0.767753541469574
YJR088C,YGL077C,0,-0.7947972,0.09137175977230072,0.7704590559005737,0.7678535580635071
YML131W,YCR048W,0,-0.7949935,0.09136094897985458,0.7704590559005737,0.7679535746574402
YNL154C,YDR180W,0,-0.79533446,0.09135013818740845,0.7704590559005737,0.7680535912513733
YDL092W,YIL044C,0,-0.79572654,0.09133932739496231,0.7704590559005737,0.7681536078453064
YOR284W,YDR266C,0,-0.7957464,0.09132852405309677,0.7704590559005737,0.7682536244392395
YDR322C-A,YER075C,0,-0.7959267,0.09131772071123123,0.7704590559005737,0.7683536410331726
YJL010C,YNL124W,0,-0.79595095,0.09130691736936569,0.7704590559005737,0.7684537172317505
YOL017W,YNR046W,0,-0.79603195,0.09129612147808075,0.7704590559005737,0.7685537338256836
YPL255W,YCR097W,0,-0.79613805,0.0912853255867958,0.7704590559005737,0.7686537504196167
YJL091C,YOR344C,0,-0.7961432,0.09127452969551086,0.7704590559005737,0.7687537670135498
YDL168W,YBL003C,0,-0.7962438,0.09126374125480652,0.7704590559005737,0.7688537836074829
YGL184C,YNL272C,0,-0.79624975,0.09125295281410217,0.7704590559005737,0.768953800201416
YMR236W,YBL002W,0,-0.79630387,0.09124217182397842,0.7704590559005737,0.7690538167953491
YDR338C,YER069W,0,-0.79637384,0.09123139083385468,0.7704590559005737,0.7691538333892822
YJR014W,YOR077W,0,-0.7964666,0.09122060984373093,0.7704590559005737,0.7692538499832153
YLR342W,YNL148C,0,-0.79668355,0.09120982885360718,0.7704590559005737,0.7693538665771484
YPL256C,YJL138C,0,-0.7967904,0.09119905531406403,0.7704590559005737,0.7694538831710815
YPL032C,YCR053W,1,-0.7974858,0.0913064032793045,0.7714570760726929,0.7694538831710815
YJL204C,YGR241C,1,-0.7974974,0.0914137214422226,0.772455096244812,0.7694538831710815
YBR235W,YOR056C,0,-0.797631,0.09140292555093765,0.772455096244812,0.7695538997650146
YLR320W,YBL066C,0,-0.7978171,0.0913921371102333,0.772455096244812,0.7696539163589478
YPR025C,YPL275W,0,-0.79839075,0.09138134866952896,0.772455096244812,0.7697539329528809
YBR136W,YJR137C,0,-0.7983977,0.09137056022882462,0.772455096244812,0.769853949546814
YHR007C,YMR067C,0,-0.7984168,0.09135977178812027,0.772455096244812,0.7699539661407471
YDL004W,YHR003C,0,-0.79846895,0.09134899079799652,0.772455096244812,0.7700539827346802
YLR205C,YDR079C-A,0,-0.79852283,0.09133820980787277,0.772455096244812,0.7701540589332581
YLR116W,YDR339C,0,-0.7989986,0.09132743626832962,0.772455096244812,0.7702540755271912
YCR068W,YOR198C,0,-0.7990821,0.09131665527820587,0.772455096244812,0.7703540921211243
YMR021C,YHR121W,0,-0.7992232,0.09130588918924332,0.772455096244812,0.7704541087150574
YGR038C-A,YOL075C,0,-0.7992419,0.09129511564970016,0.772455096244812,0.7705541253089905
YOL016C,YGR128C,0,-0.7993392,0.09128434956073761,0.772455096244812,0.7706541419029236
YDL188C,YBR228W,0,-0.7995484,0.09127358347177505,0.772455096244812,0.7707541584968567
YAL042W,YOR083W,0,-0.7995845,0.0912628248333931,0.772455096244812,0.7708541750907898
YBL027W,YPL228W,0,-0.8000269,0.09125206619501114,0.772455096244812,0.7709541916847229
YDR162C,YNR046W,0,-0.80055016,0.09124130755662918,0.772455096244812,0.771054208278656
YJL151C,YAL055W,0,-0.80094135,0.09123054891824722,0.772455096244812,0.7711542248725891
YGR195W,YER169W,0,-0.8012537,0.09121979773044586,0.772455096244812,0.7712542414665222
YBR136W,YJR017C,0,-0.8012734,0.0912090465426445,0.772455096244812,0.7713542580604553
YAR044W,YLR206W,1,-0.8013673,0.09131613373756409,0.7734531164169312,0.7713542580604553
YOL115W,YIL010W,0,-0.80136764,0.09130537509918213,0.7734531164169312,0.7714542746543884
YBR280C,YFL050C,0,-0.80146873,0.09129461646080017,0.7734531164169312,0.7715542912483215
YOR118W,YJR067C,0,-0.8017832,0.09128386527299881,0.7734531164169312,0.7716543078422546
YEL063C,YLR310C,0,-0.8018774,0.09127311408519745,0.7734531164169312,0.7717543244361877
YNL083W,YOL021C,0,-0.8023759,0.09126236289739609,0.7734531164169312,0.7718544006347656
YDR058C,YML058W,0,-0.8023797,0.09125161916017532,0.7734531164169312,0.7719544172286987
YER016W,YDR484W,0,-0.80245763,0.09124087542295456,0.7734531164169312,0.7720544338226318
YOR234C,YOL034W,0,-0.80255556,0.0912301316857338,0.7734531164169312,0.7721544504165649
YCR073C,YMR189W,0,-0.802829,0.09121939539909363,0.7734531164169312,0.772254467010498
YLL028W,YNR075W,0,-0.80305505,0.09120865911245346,0.7734531164169312,0.7723544836044312
YBR021W,YGR132C,0,-0.8030771,0.09119793027639389,0.7734531164169312,0.7724545001983643
YNL024C-A,YJL091C,0,-0.8032476,0.09118720144033432,0.7734531164169312,0.7725545167922974
YKL216W,YLR133W,0,-0.80382717,0.09117647260427475,0.7734531164169312,0.7726545333862305
YMR011W,YFL053W,0,-0.8038714,0.09116574376821518,0.7734531164169312,0.7727545499801636
YGL022W,YOR197W,0,-0.8038944,0.0911550223827362,0.7734531164169312,0.7728545665740967
YKL163W,YLR393W,0,-0.8039386,0.09114430099725723,0.7734531164169312,0.7729545831680298
YLR332W,YLR070C,0,-0.8039997,0.09113358706235886,0.7734531164169312,0.7730545997619629
YER021W,YNL336W,0,-0.8042835,0.09112286567687988,0.7734531164169312,0.773154616355896
YJL204C,YDR177W,1,-0.8045999,0.09122972190380096,0.7744510769844055,0.773154616355896
YIR007W,YGL153W,0,-0.805012,0.0912189930677414,0.7744510769844055,0.7732546329498291
YCL033C,YML078W,0,-0.8050794,0.09120827168226242,0.7744510769844055,0.7733546495437622
YJR086W,YNL270C,0,-0.8051967,0.09119755774736404,0.7744510769844055,0.7734546661376953
YNL124W,YCL010C,0,-0.80528146,0.09118683636188507,0.7744510769844055,0.7735546827316284
YFL062W,YOL068C,0,-0.8053353,0.0911761224269867,0.7744510769844055,0.7736547589302063
YPL211W,YLR423C,0,-0.8055501,0.09116541594266891,0.7744510769844055,0.7737547755241394
YDR338C,YGL054C,0,-0.80587894,0.09115470200777054,0.7744510769844055,0.7738547921180725
YLR077W,YCL062W,0,-0.80588216,0.09114399552345276,0.7744510769844055,0.7739548087120056
YNR012W,YDR382W,0,-0.8059049,0.09113329648971558,0.7744510769844055,0.7740548253059387
YGL002W,YLR421C,0,-0.8059556,0.0911225900053978,0.7744510769844055,0.7741548418998718
YHR007C,YEL055C,0,-0.8061304,0.09111189097166061,0.7744510769844055,0.7742548584938049
YDL193W,YGR247W,0,-0.8062277,0.09110119938850403,0.7744510769844055,0.774354875087738
YDR477W,YJR002W,0,-0.8065388,0.09109050035476685,0.7744510769844055,0.7744548916816711
YLR084C,YMR170C,0,-0.80660975,0.09107980877161026,0.7744510769844055,0.7745549082756042
YAR008W,YKL209C,0,-0.8070692,0.09106912463903427,0.7744510769844055,0.7746549248695374
YCL038C,YDR450W,0,-0.8078083,0.09105844050645828,0.7744510769844055,0.7747549414634705
YNL002C,YDL174C,0,-0.8079567,0.0910477563738823,0.7744510769844055,0.7748549580574036
YDR324C,YMR167W,0,-0.8084032,0.0910370722413063,0.7744510769844055,0.7749549746513367
YLR135W,YGR215W,0,-0.8084582,0.09102639555931091,0.7744510769844055,0.7750549912452698
YJR043C,YGR013W,0,-0.8084583,0.09101571887731552,0.7744510769844055,0.7751550078392029
YBR236C,YOL058W,0,-0.8086331,0.09100504219532013,0.7744510769844055,0.775255024433136
YHR134W,YGR186W,0,-0.80921715,0.09099437296390533,0.7744510769844055,0.7753551006317139
YHR003C,YCR083W,0,-0.809236,0.09098370373249054,0.7744510769844055,0.775455117225647
YNL245C,YOR375C,0,-0.80929685,0.09097303450107574,0.7744510769844055,0.7755551338195801
YJR093C,YIL122W,0,-0.80943674,0.09096237272024155,0.7744510769844055,0.7756551504135132
YNL264C,YPR158W-A,0,-0.8099487,0.09095171093940735,0.7744510769844055,0.7757551670074463
YPR107C,YDL178W,0,-0.8100489,0.09094104915857315,0.7744510769844055,0.7758551836013794
YCR068W,YML069W,0,-0.81011415,0.09093039482831955,0.7744510769844055,0.7759552001953125
YLR376C,YLR157C-B,0,-0.8101838,0.09091974049806595,0.7744510769844055,0.7760552167892456
YLR262C,YML033W,0,-0.8102606,0.09090909361839294,0.7744510769844055,0.7761552333831787
YBL105C,YFR044C,0,-0.81046236,0.09089843928813934,0.7744510769844055,0.7762552499771118
YML118W,YIL082W-A,0,-0.8105545,0.09088779240846634,0.7744510769844055,0.7763552665710449
YGR125W,YLR372W,0,-0.8106135,0.09087715297937393,0.7744510769844055,0.776455283164978
YOR298C-A,YPL008W,0,-0.8107028,0.09086651355028152,0.7744510769844055,0.7765552997589111
YDL002C,YIL122W,0,-0.8108282,0.09085587412118912,0.7744510769844055,0.7766553163528442
YOR010C,YHR026W,0,-0.8109555,0.09084523469209671,0.7744510769844055,0.7767553329467773
YKR014C,YCR028C,1,-0.8109848,0.09095165878534317,0.7754490971565247,0.7767553329467773
YHR098C,YKL137W,0,-0.81119144,0.09094101190567017,0.7754490971565247,0.7768553495407104
YGL250W,YOL006C,0,-0.8113744,0.09093036502599716,0.7754490971565247,0.7769553661346436
YGR074W,YFR004W,0,-0.8116276,0.09091972559690475,0.7754490971565247,0.7770553827285767
YGR121C,YJL154C,0,-0.8120791,0.09090909361839294,0.7754490971565247,0.7771554589271545
YHR007C,YBR127C,0,-0.8121419,0.09089845418930054,0.7754490971565247,0.7772554755210876
YJL204C,YOR375C,0,-0.81238955,0.09088782221078873,0.7754490971565247,0.7773554921150208
YHR062C,YOR058C,0,-0.8132011,0.09087719023227692,0.7754490971565247,0.7774555087089539
YBL016W,YNR051C,0,-0.8132787,0.0908665657043457,0.7754490971565247,0.777555525302887
YNL020C,YHR135C,1,-0.8133371,0.09097287058830261,0.7764471173286438,0.777555525302887
YER035W,YDR293C,0,-0.81361836,0.0909622386097908,0.7764471173286438,0.7776555418968201
YMR011W,YKR018C,0,-0.813763,0.0909515991806984,0.7764471173286438,0.7777555584907532
YLR128W,YML022W,0,-0.8137829,0.09094096720218658,0.7764471173286438,0.7778555750846863
YBR152W,YKR086W,0,-0.813863,0.09093034267425537,0.7764471173286438,0.7779555916786194
YPR061C,YNL279W,0,-0.8140327,0.09091971814632416,0.7764471173286438,0.7780556082725525
YLR116W,YHL009W-A,0,-0.81415796,0.09090909361839294,0.7764471173286438,0.7781556248664856
YDL214C,YMR024W,0,-0.81427586,0.09089846909046173,0.7764471173286438,0.7782556414604187
YJL138C,YJL093C,0,-0.8143817,0.09088785201311111,0.7764471173286438,0.7783556580543518
YDL010W,YMR030W,0,-0.814389,0.0908772349357605,0.7764471173286438,0.7784556746482849
YGR275W,YDR113C,0,-0.8146153,0.09086661785840988,0.7764471173286438,0.778555691242218
YKL092C,YEL042W,0,-0.8147033,0.09085600823163986,0.7764471173286438,0.7786557078361511
YJL063C,YIL099W,0,-0.8148433,0.09084539860486984,0.7764471173286438,0.7787557244300842
YPL053C,YHR091C,0,-0.8152755,0.09083479642868042,0.7764471173286438,0.7788558006286621
YMR280C,YKR099C-A,0,-0.81550574,0.0908241868019104,0.7764471173286438,0.7789558172225952
YJL010C,YLR216C,0,-0.81550914,0.09081358462572098,0.7764471173286438,0.7790558338165283
YBR214W,YNR075W,1,-0.81567925,0.09091970324516296,0.7774451375007629,0.7790558338165283
YFL053W,YIL031W,0,-0.8158307,0.09090909361839294,0.7774451375007629,0.7791558504104614
YOR007C,YGL047W,0,-0.81586933,0.09089848399162292,0.7774451375007629,0.7792558670043945
YGR227W,YBL045C,0,-0.8160584,0.0908878743648529,0.7774451375007629,0.7793558835983276
YGR192C,YEL060C,0,-0.8162121,0.09087727218866348,0.7774451375007629,0.7794559001922607
YBR109C,YBR214W,1,-0.81640494,0.0909833163022995,0.7784430980682373,0.7794559001922607
YHL009C,YDL150W,0,-0.81654286,0.09097270667552948,0.7784430980682373,0.7795559167861938
YOR017W,YJL076W,0,-0.81696284,0.09096209704875946,0.7784430980682373,0.779655933380127
YBR265W,YNL197C,0,-0.8169867,0.09095149487257004,0.7784430980682373,0.7797559499740601
YPR145W,YFR042W,0,-0.8171974,0.09094088524580002,0.7784430980682373,0.7798559665679932
YBL042C,YKL220C,0,-0.8175777,0.0909302830696106,0.7784430980682373,0.7799559831619263
YJL010C,YEL046C,0,-0.8177054,0.09091968834400177,0.7784430980682373,0.7800559997558594
YGR203W,YEL077C,0,-0.8177393,0.09090909361839294,0.7784430980682373,0.7801560163497925
YPL242C,YBR167C,0,-0.81803226,0.09089849889278412,0.7784430980682373,0.7802560329437256
YLR398C,YIR008C,0,-0.81839085,0.09088790416717529,0.7784430980682373,0.7803560495376587
YBL007C,YCR094W,1,-0.81864667,0.09099382162094116,0.7794411182403564,0.7803560495376587
YBR059C,YAL026C,1,-0.8187431,0.09109971672296524,0.7804391384124756,0.7803560495376587
YDR097C,YDR143C,0,-0.818818,0.09108910709619522,0.7804391384124756,0.7804560661315918
YER141W,YHR026W,0,-0.819123,0.0910784974694252,0.7804391384124756,0.7805560827255249
YKL046C,YGL100W,0,-0.81913805,0.09106789529323578,0.7804391384124756,0.7806561589241028
YNL227C,YJL204C,1,-0.81930727,0.09117373079061508,0.78143709897995,0.7806561589241028
YPR075C,YOR005C,0,-0.8195317,0.09116311371326447,0.78143709897995,0.7807561755180359
YNL067W,YLR002C,0,-0.81979585,0.09115250408649445,0.78143709897995,0.780856192111969
YHR091C,YCL011C,0,-0.81981593,0.09114189445972443,0.78143709897995,0.7809562087059021
YJL018W,YBR204C,0,-0.8198227,0.0911312848329544,0.78143709897995,0.7810562252998352
YNR032W,YNL225C,0,-0.81999636,0.09112068265676498,0.78143709897995,0.7811562418937683
YFL062W,YIL023C,0,-0.8200288,0.09111008048057556,0.78143709897995,0.7812562584877014
YLR205C,YEL060C,0,-0.82018524,0.09109947830438614,0.78143709897995,0.7813562750816345
YGL023C,YER011W,0,-0.82026005,0.09108887612819672,0.78143709897995,0.7814562916755676
YOR328W,YGL160W,0,-0.8206228,0.09107828140258789,0.78143709897995,0.7815563082695007
YBR126C,YPL069C,0,-0.8207342,0.09106768667697906,0.78143709897995,0.7816563248634338
YPL212C,YFR055W,0,-0.8208036,0.09105709940195084,0.78143709897995,0.7817563414573669
YPL145C,YDR177W,1,-0.82083917,0.0911627933382988,0.7824351191520691,0.7817563414573669
YLR336C,YMR014W,0,-0.8209281,0.09115219116210938,0.7824351191520691,0.7818563580513
YDR490C,YOR089C,1,-0.82106364,0.09125784784555435,0.7834331393241882,0.7818563580513
YMR104C,YJL210W,0,-0.821429,0.09124723821878433,0.7834331393241882,0.7819563746452332
YGR203W,YGR166W,0,-0.8214878,0.09123663604259491,0.7834331393241882,0.7820563912391663
YDL213C,YDL222C,0,-0.8214885,0.09122603386640549,0.7834331393241882,0.7821564078330994
YKR010C,YNL047C,0,-0.8215153,0.09121543169021606,0.7834331393241882,0.7822564244270325
YLR262C,YOR058C,0,-0.8215339,0.09120483696460724,0.7834331393241882,0.7823565006256104
YBR298C,YPL158C,0,-0.8220636,0.09119423478841782,0.7834331393241882,0.7824565172195435
YFL024C,YGL130W,0,-0.82259893,0.09118364751338959,0.7834331393241882,0.7825565338134766
YKL208W,YOR125C,0,-0.8226655,0.09117305278778076,0.7834331393241882,0.7826565504074097
YDL025C,YEL026W,0,-0.8226757,0.09116246551275253,0.7834331393241882,0.7827565670013428
YLR320W,YLL032C,0,-0.8227167,0.0911518782377243,0.7834331393241882,0.7828565835952759
YHR121W,YEL042W,0,-0.8229197,0.09114129841327667,0.7834331393241882,0.782956600189209
YGL181W,YGL245W,0,-0.823093,0.09113071858882904,0.7834331393241882,0.7830566167831421
YJL091C,YGR027W-A,0,-0.82346433,0.09112013876438141,0.7834331393241882,0.7831566333770752
YCR042C,YBL066C,0,-0.8236349,0.09110956639051437,0.7834331393241882,0.7832566499710083
YOR361C,YOR130C,0,-0.82370615,0.09109899401664734,0.7834331393241882,0.7833566665649414
YER035W,YLR117C,0,-0.82385874,0.0910884216427803,0.7834331393241882,0.7834566831588745
YKR024C,YLR449W,0,-0.82396734,0.09107784926891327,0.7834331393241882,0.7835566997528076
YPL152W,YGL150C,0,-0.8242184,0.09106728434562683,0.7834331393241882,0.7836567163467407
YMR079W,YOR173W,0,-0.8248231,0.0910567194223404,0.7834331393241882,0.7837567329406738
YNL069C,YNL326C,0,-0.8250154,0.09104616194963455,0.7834331393241882,0.7838567495346069
YBR139W,YKR099C-A,0,-0.82512176,0.09103560447692871,0.7834331393241882,0.78395676612854
YCR028C-A,YPL212C,0,-0.82563525,0.09102504700422287,0.7834331393241882,0.7840567827224731
YFL052W,YDR206W,0,-0.82577556,0.09101448953151703,0.7834331393241882,0.784156858921051
YDR477W,YHR152W,0,-0.82591873,0.09100393950939178,0.7834331393241882,0.7842568755149841
YNR012W,YBL008W-A,0,-0.8265909,0.09099338948726654,0.7834331393241882,0.7843568921089172
YPL128C,YNR069C,0,-0.8266758,0.0909828469157219,0.7834331393241882,0.7844569087028503
YOR210W,YIL031W,0,-0.8268448,0.09097230434417725,0.7834331393241882,0.7845569252967834
YER016W,YIL067C,0,-0.82691586,0.0909617617726326,0.7834331393241882,0.7846569418907166
YLR034C,YCR079W,0,-0.82742286,0.09095121920108795,0.7834331393241882,0.7847569584846497
YGR195W,YOR198C,0,-0.82746243,0.0909406840801239,0.7834331393241882,0.7848569750785828
YPL162C,YDR354W,0,-0.8274747,0.09093014895915985,0.7834331393241882,0.7849569916725159
YNL169C,YHR123W,0,-0.82753825,0.0909196212887764,0.7834331393241882,0.785057008266449
YBL102W,YOL008W,0,-0.82790494,0.09090909361839294,0.7834331393241882,0.7851570248603821
YMR104C,YNL067W,0,-0.82811564,0.09089856594800949,0.7834331393241882,0.7852570414543152
YGR152C,YPR103W,0,-0.8286005,0.09088803827762604,0.7834331393241882,0.7853570580482483
YOL008W,YMR047C,0,-0.8288428,0.09087751805782318,0.7834331393241882,0.7854570746421814
YNL072W,YPL084W,0,-0.8290713,0.09086699783802032,0.7834331393241882,0.7855570912361145
YDR182W,YFL052W,0,-0.8291451,0.09085648506879807,0.7834331393241882,0.7856571078300476
YDR043C,YLR003C,0,-0.829442,0.09084596484899521,0.7834331393241882,0.7857571244239807
YGL125W,YGR231C,0,-0.82985586,0.09083545207977295,0.7834331393241882,0.7858572006225586
YGR074W,YCL027C-A,0,-0.83014154,0.09082494676113129,0.7834331393241882,0.7859572172164917
YPL256C,YPR112C,0,-0.8304261,0.09081444144248962,0.7834331393241882,0.7860572338104248
YFL034C-A,YBR110W,0,-0.8308208,0.09080393612384796,0.7834331393241882,0.7861572504043579
YGL079W,YBR104W,0,-0.8311854,0.0907934308052063,0.7834331393241882,0.786257266998291
YKR010C,YGL001C,0,-0.83144987,0.09078293293714523,0.7834331393241882,0.7863572835922241
YNL300W,YNL097C,0,-0.83148205,0.09077243506908417,0.7834331393241882,0.7864573001861572
YCR079W,YGR013W,0,-0.8319634,0.0907619372010231,0.7834331393241882,0.7865573167800903
YJR090C,YJR091C,0,-0.8320369,0.09075144678354263,0.7834331393241882,0.7866573333740234
YER118C,YPL212C,0,-0.8321267,0.09074095636606216,0.7834331393241882,0.7867573499679565
YOL039W,YOL021C,0,-0.83261085,0.0907304659485817,0.7834331393241882,0.7868573665618896
YBR302C,YDL236W,0,-0.832714,0.09071998298168182,0.7834331393241882,0.7869573831558228
YIL085C,YHR045W,0,-0.83272195,0.09070950001478195,0.7834331393241882,0.7870573997497559
YPR052C,YHR026W,0,-0.8327826,0.09069901704788208,0.7834331393241882,0.787157416343689
YGL224C,YMR029C,0,-0.8329723,0.0906885415315628,0.7834331393241882,0.7872574329376221
YKL213C,YBR171W,0,-0.83343613,0.09067806601524353,0.7834331393241882,0.7873574495315552
YPR018W,YOR133W,0,-0.8336697,0.09066759049892426,0.7834331393241882,0.7874574661254883
YIR035C,YNL336W,0,-0.83375907,0.09065712243318558,0.7834331393241882,0.7875574827194214
YJR105W,YOR198C,0,-0.833881,0.0906466543674469,0.7834331393241882,0.7876575589179993
YKL065C,YGR065C,0,-0.834203,0.09063618630170822,0.7834331393241882,0.7877575755119324
YKL146W,YMR067C,0,-0.8345931,0.09062571823596954,0.7834331393241882,0.7878575921058655
YOL013C,YHR128W,0,-0.8347849,0.09061525762081146,0.7834331393241882,0.7879576086997986
YLR166C,YDR001C,0,-0.8348566,0.09060480445623398,0.7834331393241882,0.7880576252937317
YOL013C,YBL066C,0,-0.8356186,0.0905943438410759,0.7834331393241882,0.7881576418876648
YOR237W,YBL101C,1,-0.83566123,0.09069928526878357,0.7844311594963074,0.7881576418876648
YPR075C,YDR293C,0,-0.8362231,0.09068881720304489,0.7844311594963074,0.7882576584815979
YOL034W,YNL256W,0,-0.83633786,0.09067835658788681,0.7844311594963074,0.788357675075531
YBR088C,YNL329C,0,-0.8366828,0.09066789597272873,0.7844311594963074,0.7884576916694641
YCR102C,YPL181W,0,-0.8367944,0.09065744280815125,0.7844311594963074,0.7885577082633972
YPR104C,YER170W,0,-0.8368644,0.09064698219299316,0.7844311594963074,0.7886577248573303
YBR004C,YLR117C,0,-0.83699083,0.09063652902841568,0.7844311594963074,0.7887577414512634
YMR278W,YMR068W,0,-0.83711463,0.09062608331441879,0.7844311594963074,0.7888577580451965
YAL001C,YIL040W,0,-0.8371266,0.09061563014984131,0.7844311594963074,0.7889577746391296
YDL153C,YGL029W,0,-0.8373457,0.09060518443584442,0.7844311594963074,0.7890577912330627
YGL121C,YML046W,0,-0.837535,0.09059474617242813,0.7844311594963074,0.7891578078269958
YKL101W,YOR064C,0,-0.837548,0.09058430045843124,0.7844311594963074,0.789257824420929
YOR354C,YOR003W,0,-0.8376423,0.09057386219501495,0.7844311594963074,0.7893579006195068
YKL152C,YOR298C-A,0,-0.8377312,0.09056343138217926,0.7844311594963074,0.7894579172134399
YIR021W,YMR116C,0,-0.8378654,0.09055299311876297,0.7844311594963074,0.789557933807373
YNL227C,YHR073W,1,-0.83789206,0.09065775573253632,0.7854291200637817,0.789557933807373
YDR522C,YJL159W,0,-0.8379,0.09064731746912003,0.7854291200637817,0.7896579504013062
YNL300W,YOL008W,0,-0.8380836,0.09063687920570374,0.7854291200637817,0.7897579669952393
YJR105W,YOR284W,0,-0.83817077,0.09062644094228745,0.7854291200637817,0.7898579835891724
YOR017W,YMR024W,0,-0.83862287,0.09061600267887115,0.7854291200637817,0.7899580001831055
YKR081C,YNL053W,0,-0.8387625,0.09060557186603546,0.7854291200637817,0.7900580167770386
YHR104W,YGR289C,0,-0.8387951,0.09059514105319977,0.7854291200637817,0.7901580333709717
YMR280C,YNL099C,0,-0.838938,0.09058471769094467,0.7854291200637817,0.7902580499649048
YNL099C,YPR140W,0,-0.838964,0.09057428687810898,0.7854291200637817,0.7903580665588379
YAL042W,YNL113W,0,-0.8390751,0.09056386351585388,0.7854291200637817,0.790458083152771
YBR234C,YLR210W,0,-0.8391297,0.09055344760417938,0.7854291200637817,0.7905580997467041
YGL079W,YER042W,0,-0.8391552,0.09054303169250488,0.7854291200637817,0.7906581163406372
YOR034C,YOR322C,1,-0.83942914,0.09064764529466629,0.7864271402359009,0.7906581163406372
YOL077W-A,YDL236W,0,-0.8395311,0.0906372219324112,0.7864271402359009,0.7907581329345703
YMR170C,YNL305C,0,-0.8395452,0.0906267985701561,0.7864271402359009,0.7908581495285034
YDR182W,YCL033C,0,-0.83966815,0.090616375207901,0.7864271402359009,0.7909581661224365
YKL188C,YBL009W,0,-0.83989906,0.0906059592962265,0.7864271402359009,0.7910581827163696
YBR136W,YGL065C,0,-0.84014964,0.0905955359339714,0.7864271402359009,0.7911582589149475
YLR157C-A,YKR003W,0,-0.84015185,0.0905851274728775,0.7864271402359009,0.7912582755088806
YPR145W,YJL063C,0,-0.8402957,0.090574711561203,0.7864271402359009,0.7913582921028137
YLR069C,YJR159W,0,-0.84043324,0.0905643031001091,0.7864271402359009,0.7914583086967468
YDL178W,YDL147W,0,-0.84059995,0.0905538946390152,0.7864271402359009,0.7915583252906799
YPL047W,YLL042C,0,-0.8408787,0.09054349362850189,0.7864271402359009,0.791658341884613
YBR079C,YKL222C,0,-0.84123635,0.09053308516740799,0.7864271402359009,0.7917583584785461
YMR293C,YBL002W,0,-0.84167516,0.09052269160747528,0.7864271402359009,0.7918583750724792
YFL024C,YGR125W,0,-0.8416984,0.09051229059696198,0.7864271402359009,0.7919583916664124
YML014W,YMR251W-A,0,-0.84219944,0.09050189703702927,0.7864271402359009,0.7920584082603455
YDR261C-C,YBR186W,0,-0.8423665,0.09049150347709656,0.7864271402359009,0.7921584248542786
YGL020C,YBR265W,0,-0.8425689,0.09048110991716385,0.7864271402359009,0.7922584414482117
YEL027W,YOR008C,1,-0.84265196,0.09058553725481033,0.78742516040802,0.7922584414482117
YBR280C,YML069W,0,-0.8426639,0.09057513624429703,0.78742516040802,0.7923584580421448
YBL046W,YHR032W,0,-0.84268534,0.09056473523378372,0.78742516040802,0.7924584746360779
YHL001W,YDR302W,0,-0.8431871,0.09055434167385101,0.78742516040802,0.792558491230011
YLR136C,YKR099C-A,0,-0.84346986,0.0905439555644989,0.78742516040802,0.7926585078239441
YML038C,YDR221W,0,-0.8434906,0.09053356200456619,0.78742516040802,0.7927585244178772
YDR541C,YGL125W,0,-0.8436116,0.09052317589521408,0.78742516040802,0.7928586006164551
YIL049W,YOR210W,0,-0.84366226,0.09051278978586197,0.78742516040802,0.7929586172103882
YDL132W,YJL091C,0,-0.8437599,0.09050241112709045,0.78742516040802,0.7930586338043213
YHL001W,YDL156W,0,-0.84377384,0.09049203246831894,0.78742516040802,0.7931586503982544
YDL122W,YML121W,0,-0.843826,0.09048165380954742,0.78742516040802,0.7932586669921875
YIR022W,YJL002C,0,-0.843922,0.09047127515077591,0.78742516040802,0.7933586835861206
YNR032W,YBR104W,0,-0.8440212,0.09046090394258499,0.78742516040802,0.7934587001800537
YDL066W,YNR049C,0,-0.8443682,0.09045053273439407,0.78742516040802,0.7935587167739868
YOR178C,YBL018C,0,-0.84446645,0.09044016152620316,0.78742516040802,0.7936587333679199
YKL208W,YOL001W,0,-0.84454393,0.09042979776859283,0.78742516040802,0.793758749961853
YLR406C,YLR336C,0,-0.8445933,0.09041943401098251,0.78742516040802,0.7938587665557861
YPL246C,YBR200W,0,-0.8447882,0.09040907770395279,0.78742516040802,0.7939587831497192
YGR049W,YGR132C,0,-0.84493023,0.09039871394634247,0.78742516040802,0.7940587997436523
YGL048C,YBR288C,0,-0.8449448,0.09038835763931274,0.78742516040802,0.7941588163375854
YHR191C,YHR032W,0,-0.8451152,0.09037800878286362,0.78742516040802,0.7942588329315186
YDR184C,YLR051C,0,-0.8453686,0.09036765247583389,0.78742516040802,0.7943588495254517
YBR109C,YIL048W,1,-0.845371,0.09047182649374008,0.7884231805801392,0.7943588495254517
YBR210W,YOR141C,0,-0.8455545,0.09046147018671036,0.7884231805801392,0.7944588661193848
YNL154C,YFL053W,0,-0.8455564,0.09045111387968063,0.7884231805801392,0.7945588827133179
YGR059W,YLR064W,0,-0.84560907,0.09044075757265091,0.7884231805801392,0.7946589589118958
YMR189W,YNL106C,0,-0.84565306,0.09043040126562119,0.7884231805801392,0.7947589755058289
YFL009W,YDR206W,0,-0.8462863,0.09042005240917206,0.7884231805801392,0.794858992099762
YGR275W,YPL192C,0,-0.8463063,0.09040970355272293,0.7884231805801392,0.7949590086936951
YMR079W,YJR007W,0,-0.84634244,0.0903993621468544,0.7884231805801392,0.7950590252876282
YJL113W,YJR014W,0,-0.846349,0.09038901329040527,0.7884231805801392,0.7951590418815613
YGR277C,YLL028W,0,-0.8464021,0.09037867188453674,0.7884231805801392,0.7952590584754944
YDR338C,YKL035W,0,-0.8464962,0.09036833792924881,0.7884231805801392,0.7953590750694275
YBR109C,YDR059C,1,-0.84680134,0.09047237783670425,0.7894211411476135,0.7953590750694275
YPL003W,YDR352W,0,-0.8469919,0.09046202898025513,0.7894211411476135,0.7954590916633606
YCR073C,YLR135W,0,-0.84721315,0.0904516875743866,0.7894211411476135,0.7955591082572937
YAR042W,YOR329C,1,-0.84764475,0.09055568277835846,0.7904191613197327,0.7955591082572937
YDR104C,YOR083W,0,-0.8479214,0.09054532647132874,0.7904191613197327,0.7956591248512268
YAR066W,YPL192C,0,-0.84807646,0.09053497761487961,0.7904191613197327,0.7957591414451599
YBR265W,YKR099C-A,0,-0.848141,0.09052462875843048,0.7904191613197327,0.795859158039093
YJR090C,YKL167C,0,-0.84818566,0.09051428735256195,0.7904191613197327,0.7959591746330261
YCR073C,YNL315C,0,-0.8482468,0.09050394594669342,0.7904191613197327,0.7960591912269592
YFL009W,YBL100W-A,0,-0.8482925,0.09049360454082489,0.7904191613197327,0.7961592078208923
YOR361C,YJL076W,0,-0.84842587,0.09048326313495636,0.7904191613197327,0.7962592244148254
YIL050W,YKR039W,0,-0.8490719,0.09047292917966843,0.7904191613197327,0.7963593006134033
YCL045C,YIL157C,0,-0.8491117,0.0904625952243805,0.7904191613197327,0.7964593172073364
YER078C,YNL275W,0,-0.84980816,0.09045226126909256,0.7904191613197327,0.7965593338012695
YBL016W,YGR038C-B,0,-0.8498182,0.09044193476438522,0.7904191613197327,0.7966593503952026
YBL042C,YMR309C,0,-0.85004675,0.09043160825967789,0.7904191613197327,0.7967593669891357
YHR203C,YLR256W,0,-0.8502348,0.09042128175497055,0.7904191613197327,0.7968593835830688
YDL052C,YOR336W,0,-0.85089004,0.09041095525026321,0.7904191613197327,0.796959400177002
YBR039W,YPL008W,0,-0.85113037,0.09040063619613647,0.7904191613197327,0.7970594167709351
YHR135C,YCR094W,1,-0.8514857,0.09050445258617401,0.7914171814918518,0.7970594167709351
YER026C,YDR302W,0,-0.85163295,0.09049412608146667,0.7914171814918518,0.7971594333648682
YDL004W,YLR210W,0,-0.85172415,0.09048379957675934,0.7914171814918518,0.7972594499588013
YBL099W,YLR222C,0,-0.85193765,0.090473473072052,0.7914171814918518,0.7973594665527344
YDR079C-A,YIR008C,0,-0.851982,0.09046315401792526,0.7914171814918518,0.7974594831466675
YBR201W,YIL110W,0,-0.8521346,0.09045283496379852,0.7914171814918518,0.7975594997406006
YER146W,YNL220W,0,-0.85219896,0.09044251590967178,0.7914171814918518,0.7976595163345337
YPL055C,YMR154C,0,-0.85220164,0.09043220430612564,0.7914171814918518,0.7977595329284668
YIL015W,YBR154C,0,-0.85241723,0.0904218927025795,0.7914171814918518,0.7978595495223999
YJL111W,YFR009W,0,-0.85278153,0.09041158109903336,0.7914171814918518,0.797959566116333
YBL004W,YBR199W,0,-0.8528061,0.09040127694606781,0.7914171814918518,0.7980595827102661
YOR329C,YBL007C,1,-0.85298383,0.0905049592256546,0.7924151420593262,0.7980595827102661
YER144C,YBL045C,0,-0.85303986,0.09049464017152786,0.7924151420593262,0.798159658908844
YKL188C,YLR157C-B,0,-0.8533441,0.09048432856798172,0.7924151420593262,0.7982596755027771
YHR062C,YJL036W,0,-0.85340714,0.09047401696443558,0.7924151420593262,0.7983596920967102
YNL154C,YDR093W,1,-0.85340804,0.09057764708995819,0.7934131622314453,0.7983596920967102
YBR258C,YOR214C,0,-0.8534596,0.09056732803583145,0.7934131622314453,0.7984597086906433
YGL201C,YER124C,0,-0.8536525,0.09055700898170471,0.7934131622314453,0.7985597252845764
YMR189W,YOL058W,0,-0.85389054,0.09054669737815857,0.7934131622314453,0.7986597418785095
YLR157C-A,YMR278W,0,-0.85430384,0.09053638577461243,0.7934131622314453,0.7987597584724426
YHR007C,YPL016W,0,-0.8543564,0.09052607417106628,0.7934131622314453,0.7988597750663757
YDL064W,YKL216W,0,-0.8543853,0.09051577001810074,0.7934131622314453,0.7989597916603088
YJL137C,YCL020W,0,-0.8547053,0.09050546586513519,0.7934131622314453,0.7990598082542419
YGL100W,YKR065C,0,-0.85491735,0.09049516171216965,0.7934131622314453,0.799159824848175
YHR107C,YMR121C,0,-0.85518825,0.0904848650097847,0.7934131622314453,0.7992598414421082
YNL241C,YBL071W-A,0,-0.8552635,0.09047456830739975,0.7934131622314453,0.7993598580360413
YBR073W,YHR107C,0,-0.85539883,0.0904642716050148,0.7934131622314453,0.7994598746299744
YOR208W,YNL014W,0,-0.8554067,0.09045397490262985,0.7934131622314453,0.7995598912239075
YAR044W,YBL101C,1,-0.85550755,0.09055744856595993,0.7944111824035645,0.7995598912239075
YNL169C,YGL207W,0,-0.8556613,0.09054715186357498,0.7944111824035645,0.7996599078178406
YKL167C,YMR231W,0,-0.85616577,0.09053685516119003,0.7944111824035645,0.7997599244117737
YBL102W,YBR104W,0,-0.85632306,0.09052655845880508,0.7944111824035645,0.7998600006103516
YDL207W,YLR119W,0,-0.8563254,0.09051626175642014,0.7944111824035645,0.7999600172042847
YPL145C,YCR094W,1,-0.8563645,0.09061966836452484,0.7954092025756836,0.7999600172042847
YAL001C,YAL047C,0,-0.8564399,0.0906093642115593,0.7954092025756836,0.8000600337982178
YDL232W,YDL103C,0,-0.85664445,0.09059906750917435,0.7954092025756836,0.8001600503921509
YOR256C,YNL030W,0,-0.8566737,0.0905887708067894,0.7954092025756836,0.800260066986084
YHR115C,YBR152W,0,-0.8573763,0.09057847410440445,0.7954092025756836,0.8003600835800171
YDR058C,YKL176C,0,-0.8574326,0.0905681848526001,0.7954092025756836,0.8004601001739502
YLR233C,YNL090W,0,-0.8576035,0.09055788815021515,0.7954092025756836,0.8005601167678833
YPL255W,YER094C,0,-0.85761666,0.0905476063489914,0.7954092025756836,0.8006601333618164
YDR153C,YPL275W,0,-0.85793996,0.09053731709718704,0.7954092025756836,0.8007601499557495
YPR104C,YEL071W,0,-0.8580847,0.09052703529596329,0.7954092025756836,0.8008601665496826
YPR009W,YOR343C-B,0,-0.858438,0.09051675349473953,0.7954092025756836,0.8009601831436157
YJL091C,YKL193C,0,-0.85862774,0.09050647169351578,0.7954092025756836,0.8010601997375488
YMR231W,YGR065C,0,-0.85875493,0.09049619734287262,0.7954092025756836,0.8011602163314819
YDR349C,YMR164C,0,-0.8590237,0.09048592299222946,0.7954092025756836,0.801260232925415
YDL002C,YGR198W,0,-0.8592369,0.0904756486415863,0.7954092025756836,0.8013602495193481
YLR376C,YJL207C,0,-0.85932285,0.09046538174152374,0.7954092025756836,0.8014602661132812
YDL181W,YDR258C,0,-0.85977364,0.09045511484146118,0.7954092025756836,0.8015602827072144
YBR109C,YIL095W,1,-0.8598185,0.09055832773447037,0.796407163143158,0.8015602827072144
YKR067W,YER078C,0,-0.85995334,0.09054805338382721,0.796407163143158,0.8016603589057922
YDR006C,YBR056W,0,-0.8600867,0.09053777903318405,0.796407163143158,0.8017603754997253
YKR060W,YHR065C,0,-0.8604954,0.09052751213312149,0.796407163143158,0.8018603920936584
YMR231W,YCL027C-A,0,-0.8606763,0.09051723778247833,0.796407163143158,0.8019604086875916
YJR044C,YLR027C,0,-0.8607104,0.09050697833299637,0.796407163143158,0.8020604252815247
YER065C,YPR023C,0,-0.86076605,0.09049671143293381,0.796407163143158,0.8021604418754578
YBL101C,YNR075W,1,-0.86084455,0.09059984236955643,0.7974051833152771,0.8021604418754578
YEL063C,YBL005W-A,0,-0.8609895,0.09058956801891327,0.7974051833152771,0.8022604584693909
YGL054C,YIL097W,0,-0.86103404,0.09057930111885071,0.7974051833152771,0.802360475063324
YBL045C,YMR154C,0,-0.8613974,0.09056903421878815,0.7974051833152771,0.8024604916572571
YGR108W,YNL252C,0,-0.8614075,0.09055876731872559,0.7974051833152771,0.8025605082511902
YLR205C,YPL212C,0,-0.86236054,0.09054850041866302,0.7974051833152771,0.8026605248451233
YNL256W,YGR091W,0,-0.8625212,0.09053824096918106,0.7974051833152771,0.8027605414390564
YGL002W,YIL050W,0,-0.86269176,0.0905279889702797,0.7974051833152771,0.8028605580329895
YML069W,YPR066W,0,-0.8626981,0.09051772952079773,0.7974051833152771,0.8029605746269226
YKL222C,YGL175C,0,-0.86291623,0.09050747752189636,0.7974051833152771,0.8030605912208557
YGL020C,YBL002W,0,-0.8631618,0.090497225522995,0.7974051833152771,0.8031606078147888
YDL052C,YMR170C,0,-0.8636573,0.09048697352409363,0.7974051833152771,0.8032606244087219
YJL014W,YOR198C,0,-0.8636836,0.09047672897577286,0.7974051833152771,0.8033607006072998
YOL001W,YDL161W,0,-0.86379933,0.09046648442745209,0.7974051833152771,0.8034607172012329
YAR042W,YLR056W,1,-0.86384237,0.09056945890188217,0.7984032034873962,0.8034607172012329
YEL063C,YPL270W,0,-0.8638594,0.09055919945240021,0.7984032034873962,0.803560733795166
YDR452W,YDR043C,0,-0.86412215,0.09054895490407944,0.7984032034873962,0.8036607503890991
YDR237W,YPL066W,0,-0.86414987,0.09053870290517807,0.7984032034873962,0.8037607669830322
YKR067W,YNL272C,0,-0.8647352,0.0905284583568573,0.7984032034873962,0.8038607835769653
YPL217C,YMR161W,0,-0.8648321,0.09051821380853653,0.7984032034873962,0.8039608001708984
YCR079W,YGR074W,0,-0.86500216,0.09050797671079636,0.7984032034873962,0.8040608167648315
YBR215W,YOR256C,0,-0.86504626,0.09049773961305618,0.7984032034873962,0.8041608333587646
YAL005C,YMR293C,0,-0.865075,0.09048750251531601,0.7984032034873962,0.8042608499526978
YGR167W,YIL095W,1,-0.8652806,0.09059036523103714,0.7994012236595154,0.8042608499526978
YOR321W,YER054C,0,-0.86554414,0.09058012068271637,0.7994012236595154,0.8043608665466309
YHR098C,YDR452W,0,-0.86575323,0.0905698761343956,0.7994012236595154,0.804460883140564
YML024W,YKR042W,0,-0.86581,0.09055963903665543,0.7994012236595154,0.8045608997344971
YNR012W,YOR354C,0,-0.86590606,0.09054940193891525,0.7994012236595154,0.8046609163284302
YBL045C,YBR265W,0,-0.8662113,0.09053916484117508,0.7994012236595154,0.8047609329223633
YER003C,YML025C,0,-0.8663813,0.0905289351940155,0.7994012236595154,0.8048609495162964
YDR059C,YGR086C,1,-0.8665263,0.09063170850276947,0.8003991842269897,0.8048609495162964
YDR097C,YJL050W,0,-0.866611,0.0906214714050293,0.8003991842269897,0.8049609661102295
YKL027W,YLR133W,0,-0.86695063,0.09061122685670853,0.8003991842269897,0.8050609827041626
YGL130W,YGL029W,0,-0.8669527,0.09060099720954895,0.8003991842269897,0.8051610589027405
YJL145W,YBL097W,0,-0.86734784,0.09059076011180878,0.8003991842269897,0.8052610754966736
YFL034C-B,YLR222C,0,-0.86738425,0.0905805304646492,0.8003991842269897,0.8053610920906067
YOR229W,YLR369W,0,-0.8674434,0.09057030081748962,0.8003991842269897,0.8054611086845398
YKR022C,YJL207C,0,-0.86751306,0.09056007117033005,0.8003991842269897,0.8055611252784729
YGR132C,YKR046C,0,-0.86766493,0.09054984897375107,0.8003991842269897,0.805661141872406
YCR042C,YDR237W,0,-0.868241,0.09053962677717209,0.8003991842269897,0.8057611584663391
YPR079W,YDL092W,0,-0.8684279,0.09052940458059311,0.8003991842269897,0.8058611750602722
YGL150C,YPL270W,0,-0.86856925,0.09051918983459473,0.8003991842269897,0.8059611916542053
YLL038C,YAL026C,1,-0.86881846,0.09062182903289795,0.8013972043991089,0.8059611916542053
YDR365W-B,YJR137C,0,-0.8688964,0.09061159938573837,0.8013972043991089,0.8060612082481384
YGR271C-A,YPL066W,0,-0.86910075,0.0906013771891594,0.8013972043991089,0.8061612248420715
YHR003C,YHR203C,0,-0.8701384,0.09059115499258041,0.8013972043991089,0.8062612414360046
YDL232W,YHR045W,0,-0.87096703,0.09058093279600143,0.8013972043991089,0.8063612580299377
YDR388W,YKR003W,1,-0.8710875,0.09068351238965988,0.802395224571228,0.8063612580299377
YPL023C,YCL027C-A,0,-0.87109345,0.0906732827425003,0.802395224571228,0.8064612746238708
YLR013W,YGL047W,0,-0.8711313,0.09066306054592133,0.802395224571228,0.806561291217804
YPR124W,YMR244C-A,0,-0.871165,0.09065283834934235,0.802395224571228,0.8066613078117371
YPR158W-A,YNL312W,0,-0.87143636,0.09064261615276337,0.802395224571228,0.8067613244056702
YKL188C,YOR210W,0,-0.8714367,0.09063240140676498,0.802395224571228,0.806861400604248
YLR310C,YPL072W,0,-0.87174857,0.090622179210186,0.802395224571228,0.8069614171981812
YDR488C,YLL042C,0,-0.8717623,0.09061197191476822,0.802395224571228,0.8070614337921143
YHR203C,YBR104W,0,-0.8717999,0.09060175716876984,0.802395224571228,0.8071614503860474
YHR187W,YOR210W,0,-0.8718101,0.09059154987335205,0.802395224571228,0.8072614669799805
YBR098W,YFR004W,0,-0.8719574,0.09058134257793427,0.802395224571228,0.8073614835739136
YER146W,YGR041W,0,-0.872154,0.09057113528251648,0.802395224571228,0.8074615001678467
YOR125C,YDR037W,0,-0.87285745,0.09056093543767929,0.802395224571228,0.8075615167617798
YDR524C-B,YOR205C,0,-0.8729993,0.0905507355928421,0.802395224571228,0.8076615333557129
YGL234W,YGR280C,0,-0.873072,0.09054054319858551,0.802395224571228,0.807761549949646
YGR148C,YIR008C,0,-0.87330836,0.09053034335374832,0.802395224571228,0.8078615665435791
YOR336W,YBR139W,0,-0.8735246,0.09052015095949173,0.802395224571228,0.8079615831375122
YPL211W,YDR113C,0,-0.87353414,0.09050996601581573,0.802395224571228,0.8080615997314453
YHR079C-A,YKL112W,0,-0.87354976,0.09049977362155914,0.802395224571228,0.8081616163253784
YIR034C,YKR001C,0,-0.87361556,0.09048958867788315,0.802395224571228,0.8082616329193115
YAL032C,YOR140W,0,-0.8737123,0.09047940373420715,0.802395224571228,0.8083616495132446
YMR104C,YDR506C,0,-0.8738595,0.09046922624111176,0.802395224571228,0.8084616661071777
YKR003W,YGL055W,0,-0.8740506,0.09045904874801636,0.802395224571228,0.8085616827011108
YDR191W,YJL099W,0,-0.8741186,0.09044887125492096,0.802395224571228,0.8086617588996887
YIR013C,YPL128C,0,-0.87423825,0.09043869376182556,0.802395224571228,0.8087617754936218
YDR462W,YBR298C,0,-0.87433255,0.09042852371931076,0.802395224571228,0.8088617920875549
YPL211W,YGR092W,0,-0.8744605,0.09041835367679596,0.802395224571228,0.808961808681488
YGL210W-A,YGL012W,0,-0.8750737,0.09040818363428116,0.802395224571228,0.8090618252754211
YBR217W,YPL275W,0,-0.87508667,0.09039802104234695,0.802395224571228,0.8091618418693542
YER054C,YPR158W-A,0,-0.8752857,0.09038785845041275,0.802395224571228,0.8092618584632874
YBR021W,YOR007C,0,-0.8755275,0.09037769585847855,0.802395224571228,0.8093618750572205
YOR202W,YLR117C,0,-0.8755832,0.09036754071712494,0.802395224571228,0.8094618916511536
YGR023W,YPL236C,0,-0.87577426,0.09035738557577133,0.802395224571228,0.8095619082450867
YKL163W,YDR522C,0,-0.87584436,0.09034723043441772,0.802395224571228,0.8096619248390198
YKL086W,YLR157C-A,0,-0.8758717,0.09033707529306412,0.802395224571228,0.8097619414329529
YDR104C,YDR051C,0,-0.876208,0.09032692760229111,0.802395224571228,0.809861958026886
YOR149C,YPL181W,0,-0.8769995,0.0903167799115181,0.802395224571228,0.8099619746208191
YCR027C,YGL055W,0,-0.877147,0.09030663967132568,0.802395224571228,0.8100619912147522
YBR210W,YBL009W,0,-0.8774963,0.09029649943113327,0.802395224571228,0.8101620078086853
YLR431C,YNL272C,0,-0.8775343,0.09028635919094086,0.802395224571228,0.8102620244026184
YMR293C,YLR242C,0,-0.87760484,0.09027621895074844,0.802395224571228,0.8103621006011963
YDL132W,YOL148C,0,-0.8778176,0.09026608616113663,0.802395224571228,0.8104621171951294
YBR290W,YOR307C,0,-0.87785804,0.09025595337152481,0.802395224571228,0.8105621337890625
YBL067C,YLR117C,0,-0.8782712,0.090245820581913,0.802395224571228,0.8106621503829956
YLR378C,YER094C,0,-0.87828857,0.09023568779230118,0.802395224571228,0.8107621669769287
YNR054C,YJL160C,0,-0.87841046,0.09022556245326996,0.802395224571228,0.8108621835708618
YDR339C,YEL077C,0,-0.87855256,0.09021543711423874,0.802395224571228,0.8109622001647949
YDR156W,YFR055W,0,-0.87884283,0.09020531922578812,0.802395224571228,0.811062216758728
YBR207W,YPL145C,1,-0.87934875,0.09030738472938538,0.8033931851387024,0.811062216758728
YJR047C,YBR152W,0,-0.8795082,0.09029725193977356,0.8033931851387024,0.8111622333526611
YMR323W,YJR014W,0,-0.87957454,0.09028712660074234,0.8033931851387024,0.8112622499465942
YGR275W,YBR199W,0,-0.87968695,0.09027700126171112,0.8033931851387024,0.8113622665405273
YGL160W,YLR319C,0,-0.8798206,0.0902668759226799,0.8033931851387024,0.8114622831344604
YHR072W-A,YJL093C,0,-0.8804143,0.09025675803422928,0.8033931851387024,0.8115622997283936
YFL052W,YOL044W,0,-0.8804593,0.09024664014577866,0.8033931851387024,0.8116623163223267
YDL232W,YOL097C,0,-0.8804624,0.09023652225732803,0.8033931851387024,0.8117623329162598
YGL124C,YLR210W,0,-0.8808532,0.09022640436887741,0.8033931851387024,0.8118623495101929
YER183C,YMR134W,0,-0.8811366,0.09021629393100739,0.8033931851387024,0.811962366104126
YFL050C,YAL009W,0,-0.88119125,0.09020618349313736,0.8033931851387024,0.8120623826980591
YHL001W,YOR073W,0,-0.8813971,0.09019608050584793,0.8033931851387024,0.812162458896637
YDL161W,YLR337C,1,-0.88159406,0.09029800444841385,0.8043912053108215,0.812162458896637
YJL204C,YJR125C,1,-0.8816399,0.09039991348981857,0.8053892254829407,0.812162458896637
YML131W,YHR134W,0,-0.88216597,0.09038978815078735,0.8053892254829407,0.8122624754905701
YLR225C,YOL016C,0,-0.88217646,0.09037966281175613,0.8053892254829407,0.8123624920845032
YLR332W,YPL045W,0,-0.882911,0.09036953747272491,0.8053892254829407,0.8124625086784363
YGL047W,YLR453C,0,-0.88348377,0.09035941958427429,0.8053892254829407,0.8125625252723694
YOR141C,YMR134W,0,-0.8837081,0.09034930914640427,0.8053892254829407,0.8126625418663025
YNL169C,YGL234W,0,-0.88376415,0.09033919125795364,0.8053892254829407,0.8127625584602356
YGL047W,YKR039W,0,-0.8838302,0.09032908082008362,0.8053892254829407,0.8128625750541687
YDL212W,YBR018C,0,-0.8840681,0.09031897038221359,0.8053892254829407,0.8129625916481018
YMR134W,YOR133W,0,-0.8841632,0.09030885994434357,0.8053892254829407,0.8130626082420349
YMR288W,YGR198W,0,-0.88450676,0.09029875695705414,0.8053892254829407,0.813162624835968
YOL088C,YNL245C,0,-0.8849047,0.09028865396976471,0.8053892254829407,0.8132626414299011
YDR182W,YFL062W,0,-0.8851803,0.09027855098247528,0.8053892254829407,0.8133626580238342
YDR221W,YLL036C,0,-0.88532907,0.09026845544576645,0.8053892254829407,0.8134626746177673
YBR228W,YFL053W,0,-0.8853785,0.09025835990905762,0.8053892254829407,0.8135626912117004
YJL047C,YOR245C,0,-0.88538694,0.09024826437234879,0.8053892254829407,0.8136627078056335
YGL134W,YLR368W,0,-0.88542986,0.09023817628622055,0.8053892254829407,0.8137627243995667
YLR138W,YPR056W,0,-0.88551015,0.09022808820009232,0.8053892254829407,0.8138628005981445
YMR134W,YNR075W,0,-0.8862655,0.09021800011396408,0.8053892254829407,0.8139628171920776
YLR340W,YBR265W,0,-0.8865813,0.09020791202783585,0.8053892254829407,0.8140628337860107
YBL101C,YDL019C,1,-0.8867052,0.09030959755182266,0.8063872456550598,0.8140628337860107
YLR310C,YIL082W-A,0,-0.88682395,0.09029950946569443,0.8063872456550598,0.8141628503799438
YDR058C,YGR231C,0,-0.8871473,0.09028942137956619,0.8063872456550598,0.814262866973877
YDR073W,YPL108W,0,-0.8872613,0.09027933329343796,0.8063872456550598,0.8143628835678101
YER078C,YDR324C,0,-0.88752437,0.09026924520730972,0.8063872456550598,0.8144629001617432
YLR262C,YAR008W,0,-0.8876262,0.09025915712118149,0.8063872456550598,0.8145629167556763
YPL275W,YOR344C,0,-0.8878832,0.09024907648563385,0.8063872456550598,0.8146629333496094
YBL084C,YDL188C,0,-0.88824785,0.09023899585008621,0.8063872456550598,0.8147629499435425
YDL005C,YIL073C,0,-0.8886244,0.09022892266511917,0.8063872456550598,0.8148629665374756
YBR215W,YLL023C,0,-0.8888761,0.09021884948015213,0.8063872456550598,0.8149629831314087
YIR013C,YOL089C,0,-0.8890106,0.09020877629518509,0.8063872456550598,0.8150629997253418
YGL048C,YMR024W,0,-0.88905036,0.09019870311021805,0.8063872456550598,0.8151630163192749
YMR135C,YKL213C,0,-0.889639,0.0901886373758316,0.8063872456550598,0.815263032913208
YLR132C,YGL184C,0,-0.88967264,0.09017857164144516,0.8063872456550598,0.8153630495071411
YDR034C-D,YHR045W,0,-0.88999176,0.09016850590705872,0.8063872456550598,0.8154630661010742
YBR203W,YML025C,0,-0.89012766,0.09015844762325287,0.8063872456550598,0.8155631422996521
YKL163W,YGR166W,0,-0.8901834,0.09014838933944702,0.8063872456550598,0.8156631588935852
YMR014W,YCR020W-B,0,-0.8902067,0.09013833105564117,0.8063872456550598,0.8157631754875183
YLR388W,YDR409W,0,-0.8902076,0.09012828022241592,0.8063872456550598,0.8158631920814514
YOL115W,YNL265C,0,-0.8903848,0.09011822193861008,0.8063872456550598,0.8159632086753845
YCL011C,YMR323W,0,-0.8903904,0.09010817110538483,0.8063872456550598,0.8160632252693176
YGR183C,YCR023C,0,-0.89041567,0.09009812772274017,0.8063872456550598,0.8161632418632507
YLR423C,YOR141C,0,-0.89068407,0.09008808434009552,0.8063872456550598,0.8162632584571838
YDR051C,YLR421C,0,-0.8908533,0.09007804095745087,0.8063872456550598,0.8163632750511169
YGR109C,YMR167W,0,-0.89111984,0.09006799757480621,0.8063872456550598,0.81646329164505
YIL157C,YJR161C,0,-0.8911265,0.09005796164274216,0.8063872456550598,0.8165633082389832
YAL014C,YJR044C,0,-0.89152914,0.0900479182600975,0.8063872456550598,0.8166633248329163
YDR408C,YDR354W,0,-0.8921225,0.09003788977861404,0.8063872456550598,0.8167633414268494
YLR066W,YCL027C-A,0,-0.8922055,0.09002785384654999,0.8063872456550598,0.8168633580207825
YPR171W,YHR016C,1,-0.8925648,0.09012923389673233,0.8073852062225342,0.8168633580207825
YIL099W,YML118W,0,-0.89258087,0.09011919051408768,0.8073852062225342,0.8169633746147156
YPR023C,YPR112C,0,-0.892792,0.09010915458202362,0.8073852062225342,0.8170633912086487
YIL023C,YNL067W,0,-0.8928319,0.09009911864995956,0.8073852062225342,0.8171634078025818
YBR200W,YBR215W,0,-0.89299005,0.0900890901684761,0.8073852062225342,0.8172634243965149
YDR307W,YBR199W,0,-0.89316285,0.09007905423641205,0.8073852062225342,0.8173635005950928
YPL045W,YDR314C,0,-0.89322627,0.09006902575492859,0.8073852062225342,0.8174635171890259
YJL204C,YKR025W,0,-0.89339006,0.09005899727344513,0.8073852062225342,0.817563533782959
YPL241C,YGL234W,0,-0.8935162,0.09004897624254227,0.8073852062225342,0.8176635503768921
YHR063C,YER094C,0,-0.8937431,0.0900389552116394,0.8073852062225342,0.8177635669708252
YPR061C,YLL042C,0,-0.8941308,0.09002893418073654,0.8073852062225342,0.8178635835647583
YHR121W,YIL010W,0,-0.8941853,0.09001891314983368,0.8073852062225342,0.8179636001586914
YGR038W,YML121W,0,-0.8941928,0.09000889956951141,0.8073852062225342,0.8180636167526245
YFL055W,YOR214C,0,-0.894638,0.08999888598918915,0.8073852062225342,0.8181636333465576
YDR191W,YLR095C,0,-0.8950062,0.08998887985944748,0.8073852062225342,0.8182636499404907
YOL021C,YBL100W-A,0,-0.89501464,0.08997886627912521,0.8073852062225342,0.8183636665344238
YNL225C,YBR204C,0,-0.8954587,0.08996886014938354,0.8073852062225342,0.8184636831283569
YMR236W,YMR309C,0,-0.89557445,0.08995885401964188,0.8073852062225342,0.81856369972229
YGL255W,YMR167W,0,-0.89559644,0.0899488553404808,0.8073852062225342,0.8186637163162231
YBR018C,YCR088W,0,-0.8958506,0.08993885666131973,0.8073852062225342,0.8187637329101562
YBL101C,YGR098C,0,-0.8959711,0.08992885798215866,0.8073852062225342,0.8188637495040894
YKL101W,YLR013W,0,-0.8965566,0.08991885930299759,0.8073852062225342,0.8189637660980225
YNL227C,YDR129C,1,-0.8966798,0.09002000093460083,0.8083832263946533,0.8189637660980225
YEL063C,YPL190C,0,-0.89684904,0.09001000225543976,0.8083832263946533,0.8190638422966003
YBR253W,YFL050C,0,-0.8971497,0.09000000357627869,0.8083832263946533,0.8191638588905334
YNL090W,YGL054C,0,-0.8971848,0.08998999744653702,0.8083832263946533,0.8192638754844666
YHR079C-A,YMR119W,0,-0.8973073,0.08998000621795654,0.8083832263946533,0.8193638920783997
YLR398C,YNL058C,0,-0.8978515,0.08997000753879547,0.8083832263946533,0.8194639086723328
YIL023C,YLR027C,0,-0.8979219,0.089960016310215,0.8083832263946533,0.8195639252662659
YJR113C,YGL008C,0,-0.89814657,0.08995002508163452,0.8083832263946533,0.819663941860199
YJR093C,YFR044C,0,-0.8981972,0.08994004130363464,0.8083832263946533,0.8197639584541321
YKL071W,YOL113W,0,-0.89820075,0.08993005752563477,0.8083832263946533,0.8198639750480652
YPR121W,YBL100W-A,0,-0.8982485,0.08992007374763489,0.8083832263946533,0.8199639916419983
YDR432W,YLR013W,0,-0.8983608,0.08991008996963501,0.8083832263946533,0.8200640082359314
YLR216C,YNL326C,0,-0.898538,0.08990011364221573,0.8083832263946533,0.8201640248298645
YER166W,YLR256W,0,-0.8987167,0.08989013731479645,0.8083832263946533,0.8202640414237976
YNL021W,YOL137W,0,-0.8988751,0.08988016098737717,0.8083832263946533,0.8203640580177307
YDR408C,YPL023C,0,-0.8990634,0.08987018465995789,0.8083832263946533,0.8204640746116638
YOL060C,YDR450W,0,-0.89927566,0.0898602157831192,0.8083832263946533,0.8205640912055969
YAL032C,YAL014C,0,-0.9001478,0.08985024690628052,0.8083832263946533,0.82066410779953
YJL204C,YOR008C,1,-0.90035236,0.08995119482278824,0.8093812465667725,0.82066410779953
YOL110W,YPR094W,0,-0.9008781,0.08994121849536896,0.8093812465667725,0.8207641243934631
YIL040W,YBL067C,0,-0.9009769,0.08993124961853027,0.8093812465667725,0.820864200592041
YDR339C,YGR206W,0,-0.9010476,0.08992128074169159,0.8093812465667725,0.8209642171859741
YDR058C,YOR178C,0,-0.9011835,0.0899113118648529,0.8093812465667725,0.8210642337799072
YNL020C,YBL007C,1,-0.9012159,0.09001219272613525,0.8103792667388916,0.8210642337799072
YNR073C,YNL256W,0,-0.901317,0.09000221639871597,0.8103792667388916,0.8211642503738403
YOR022C,YKL084W,0,-0.90142536,0.08999224007129669,0.8103792667388916,0.8212642669677734
YNR051C,YGL012W,0,-0.90168464,0.08998227119445801,0.8103792667388916,0.8213642835617065
YAR008W,YPL241C,0,-0.90207607,0.08997230231761932,0.8103792667388916,0.8214643001556396
YPR185W,YKL193C,0,-0.9023049,0.08996233344078064,0.8103792667388916,0.8215643167495728
YGR152C,YNL265C,0,-0.90233564,0.08995236456394196,0.8103792667388916,0.8216643333435059
YGL124C,YPR104C,0,-0.9028592,0.08994240313768387,0.8103792667388916,0.821764349937439
YGR090W,YHR050W,0,-0.9028931,0.08993244171142578,0.8103792667388916,0.8218643665313721
YJR093C,YNL336W,0,-0.90347564,0.0899224802851677,0.8103792667388916,0.8219643831253052
YFR046C,YGL100W,0,-0.9037401,0.0899125263094902,0.8103792667388916,0.8220643997192383
YNL003C,YOL148C,0,-0.9046095,0.08990257233381271,0.8103792667388916,0.8221644163131714
YIL127C,YJR056C,0,-0.90467316,0.08989261835813522,0.8103792667388916,0.8222644329071045
YAR044W,YDR093W,1,-0.9047027,0.08999335765838623,0.811377227306366,0.8222644329071045
YDR097C,YJR044C,0,-0.9047663,0.08998339623212814,0.811377227306366,0.8223644495010376
YBR056W,YLR355C,0,-0.90487766,0.08997344225645065,0.811377227306366,0.8224644660949707
YNL227C,YDR388W,1,-0.9048787,0.09007413685321808,0.8123752474784851,0.8224644660949707
YIL131C,YGL245W,0,-0.90522337,0.09006417542695999,0.8123752474784851,0.8225645422935486
YDR506C,YCR042C,0,-0.9056392,0.09005420655012131,0.8123752474784851,0.8226645588874817
YLR071C,YIL097W,0,-0.90564334,0.09004424512386322,0.8123752474784851,0.8227645754814148
YNL126W,YMR154C,0,-0.90590674,0.09003429114818573,0.8123752474784851,0.8228645920753479
YIR028W,YML022W,0,-0.90708154,0.09002432972192764,0.8123752474784851,0.822964608669281
YBR280C,YOR375C,0,-0.90716684,0.09001437574625015,0.8123752474784851,0.8230646252632141
YDR388W,YAL030W,1,-0.907237,0.09011499583721161,0.8133732676506042,0.8230646252632141
YIL105C,YMR244C-A,0,-0.9079791,0.09010502696037292,0.8133732676506042,0.8231646418571472
YCL019W,YOR030W,0,-0.90829754,0.09009507298469543,0.8133732676506042,0.8232646584510803
YKR022C,YPR079W,0,-0.90948224,0.09008511155843735,0.8133732676506042,0.8233646750450134
YOR371C,YJL111W,0,-0.90964603,0.09007515758275986,0.8133732676506042,0.8234646916389465
YJR095W,YHR050W,0,-0.9099201,0.09006520360708237,0.8133732676506042,0.8235647082328796
YLR298C,YNL245C,0,-0.9101495,0.09005524963140488,0.8133732676506042,0.8236647248268127
YBL005W-A,YJL118W,0,-0.9105092,0.09004529565572739,0.8133732676506042,0.8237647414207458
YPR151C,YOL021C,0,-0.9105394,0.0900353491306305,0.8133732676506042,0.823864758014679
YFL053W,YGL079W,0,-0.9108434,0.0900254026055336,0.8133732676506042,0.8239647746086121
YNL300W,YLL028W,0,-0.9109272,0.0900154635310173,0.8133732676506042,0.8240647912025452
YOR255W,YPR056W,0,-0.91101754,0.09000552445650101,0.8133732676506042,0.8241648077964783
YML126C,YLR003C,0,-0.9110592,0.08999558538198471,0.8133732676506042,0.8242648243904114
YLR376C,YDR538W,0,-0.911291,0.08998564630746841,0.8133732676506042,0.8243649005889893
YEL042W,YNL148C,0,-0.9113418,0.08997571468353271,0.8133732676506042,0.8244649171829224
YKL146W,YDL236W,0,-0.91148424,0.08996578305959702,0.8133732676506042,0.8245649337768555
YIL127C,YDR221W,0,-0.9116285,0.08995585143566132,0.8133732676506042,0.8246649503707886
YKR098C,YDR540C,0,-0.91195095,0.08994591981172562,0.8133732676506042,0.8247649669647217
YGR086C,YGR167W,1,-0.91197956,0.09004634618759155,0.8143712282180786,0.8247649669647217
YGR038C-A,YBR104W,0,-0.9121585,0.09003641456365585,0.8143712282180786,0.8248649835586548
YLR071C,YPR079W,0,-0.91252726,0.09002647548913956,0.8143712282180786,0.8249650001525879
YAR003W,YBR265W,0,-0.9125457,0.09001654386520386,0.8143712282180786,0.825065016746521
YLR206W,YIL048W,1,-0.9130199,0.09011691808700562,0.8153692483901978,0.825065016746521
YDR221W,YOL034W,0,-0.9133274,0.09010697901248932,0.8153692483901978,0.8251650333404541
YMR293C,YER157W,0,-0.9134865,0.09009704738855362,0.8153692483901978,0.8252650499343872
YLR132C,YEL060C,0,-0.9137645,0.09008710831403732,0.8153692483901978,0.8253650665283203
YPL266W,YNR039C,0,-0.9138038,0.09007717669010162,0.8153692483901978,0.8254650831222534
YML118W,YGL234W,0,-0.9139532,0.09006724506616592,0.8153692483901978,0.8255650997161865
YOR064C,YGL077C,0,-0.9140576,0.09005732089281082,0.8153692483901978,0.8256651163101196
YDR043C,YOR343C-B,0,-0.91406727,0.09004739671945572,0.8153692483901978,0.8257651329040527
YKL113C,YIL050W,0,-0.91410184,0.09003747254610062,0.8153692483901978,0.8258651494979858
YBR234C,YBR186W,0,-0.91492593,0.09002754837274551,0.8153692483901978,0.825965166091919
YKL027W,YKL222C,0,-0.9153589,0.09001763164997101,0.8153692483901978,0.8260652422904968
YJR105W,YLR319C,0,-0.9157047,0.0900077149271965,0.8153692483901978,0.8261652588844299
YNR023W,YEL011W,0,-0.9157313,0.089997798204422,0.8153692483901978,0.826265275478363
YPL145C,YFL039C,1,-0.9158332,0.09009803086519241,0.8163672685623169,0.826265275478363
YDL161W,YGR086C,1,-0.91714585,0.09019824117422104,0.817365288734436,0.826265275478363
YHR123W,YDL239C,0,-0.9171993,0.09018830209970474,0.817365288734436,0.8263652920722961
YDR338C,YDR180W,0,-0.9172761,0.09017837792634964,0.817365288734436,0.8264653086662292
YPL181W,YML121W,0,-0.91757023,0.09016844630241394,0.817365288734436,0.8265653252601624
YDL194W,YGL008C,0,-0.9184462,0.09015852212905884,0.817365288734436,0.8266653418540955
YNR051C,YPR056W,0,-0.9184791,0.09014859795570374,0.817365288734436,0.8267653584480286
YLR157C-A,YNL329C,0,-0.9186822,0.09013867378234863,0.817365288734436,0.8268653750419617
YLR297W,YLR424W,0,-0.9192578,0.09012875705957413,0.817365288734436,0.8269653916358948
YOL008W,YBR070C,0,-0.9193051,0.09011884033679962,0.817365288734436,0.8270654082298279
YDL005C,YIL131C,0,-0.9193159,0.09010892361402512,0.817365288734436,0.827165424823761
YOR329C,YDR093W,1,-0.91942835,0.09020902216434479,0.8183632493019104,0.827165424823761
YMR293C,YGL133W,0,-0.9197393,0.09019909799098969,0.8183632493019104,0.8272654414176941
YGR033C,YIL168W,0,-0.91977286,0.09018917381763458,0.8183632493019104,0.8273654580116272
YIL041W,YNL053W,0,-0.9198026,0.09017925709486008,0.8183632493019104,0.8274654746055603
YBL042C,YNL053W,0,-0.91981006,0.09016934037208557,0.8183632493019104,0.8275654911994934
YDR338C,YOR178C,0,-0.9200751,0.09015943109989166,0.8183632493019104,0.8276655077934265
YBR056W,YJR144W,0,-0.9200796,0.09014951437711716,0.8183632493019104,0.8277655243873596
YAL005C,YOL013C,0,-0.920154,0.09013960510492325,0.8183632493019104,0.8278656005859375
YBL045C,YGR096W,0,-0.92018,0.09012969583272934,0.8183632493019104,0.8279656171798706
YMR104C,YPL270W,0,-0.9203378,0.09011979401111603,0.8183632493019104,0.8280656337738037
YLR388W,YLL010C,0,-0.9203465,0.09010989218950272,0.8183632493019104,0.8281656503677368
YHR124W,YKL065C,0,-0.92077655,0.0900999903678894,0.8183632493019104,0.8282656669616699
YDL155W,YHL009W-A,0,-0.9208765,0.09009008854627609,0.8183632493019104,0.828365683555603
YBL101C,YKL129C,1,-0.9209564,0.09019004553556442,0.8193612694740295,0.828365683555603
YMR134W,YIR008C,0,-0.9209903,0.09018014371395111,0.8193612694740295,0.8284657001495361
YHR073W,YOR034C,1,-0.92115414,0.09028006345033646,0.8203592896461487,0.8284657001495361
YOL049W,YGL153W,0,-0.9222087,0.09027015417814255,0.8203592896461487,0.8285657167434692
YDL058W,YLR119W,0,-0.92228585,0.09026023745536804,0.8203592896461487,0.8286657333374023
YOL128C,YGR074W,0,-0.9223824,0.09025032818317413,0.8203592896461487,0.8287657499313354
YOL001W,YNL058C,0,-0.92283463,0.09024041891098022,0.8203592896461487,0.8288657665252686
YOR293W,YDR324C,0,-0.92342865,0.09023051708936691,0.8203592896461487,0.8289657831192017
YPL009C,YER019W,0,-0.92369926,0.0902206152677536,0.8203592896461487,0.8290657997131348
YFL016C,YNL014W,0,-0.92371327,0.09021071344614029,0.8203592896461487,0.8291658163070679
YML058W,YOR133W,0,-0.9237536,0.09020081162452698,0.8203592896461487,0.829265832901001
YPL266W,YGR206W,0,-0.9239463,0.09019091725349426,0.8203592896461487,0.8293658494949341
YJL099W,YCR008W,0,-0.92395145,0.09018102288246155,0.8203592896461487,0.8294658660888672
YLR368W,YMR305C,0,-0.92401654,0.09017112851142883,0.8203592896461487,0.8295659422874451
YJL113W,YKL139W,0,-0.9243332,0.09016123414039612,0.8203592896461487,0.8296659588813782
YMR119W,YPR018W,0,-0.9244414,0.090151347219944,0.8203592896461487,0.8297659754753113
YMR011W,YHR091C,0,-0.9246454,0.09014146029949188,0.8203592896461487,0.8298659920692444
YOR094W,YGL125W,0,-0.92470664,0.09013158082962036,0.8203592896461487,0.8299660086631775
YGR186W,YNL305C,0,-0.92497015,0.09012169390916824,0.8203592896461487,0.8300660252571106
YMR104C,YOR336W,0,-0.9252661,0.09011181443929672,0.8203592896461487,0.8301660418510437
YPL020C,YOL041C,0,-0.9253057,0.0901019424200058,0.8203592896461487,0.8302660584449768
YER069W,YGL043W,0,-0.92553246,0.09009206295013428,0.8203592896461487,0.8303660750389099
YKL101W,YLR453C,0,-0.92568016,0.09008219093084335,0.8203592896461487,0.830466091632843
YMR162C,YBR154C,0,-0.92606986,0.09007231891155243,0.8203592896461487,0.8305661082267761
YAL030W,YPL032C,1,-0.9262692,0.09017201513051987,0.8213573098182678,0.8305661082267761
YGR183C,YOR058C,0,-0.926596,0.09016213566064835,0.8213573098182678,0.8306661248207092
YMR106C,YPL079W,0,-0.926677,0.09015226364135742,0.8213573098182678,0.8307661414146423
YGL184C,YOR197W,0,-0.92681116,0.0901423841714859,0.8213573098182678,0.8308661580085754
YPL246C,YER042W,0,-0.92684585,0.09013251215219498,0.8213573098182678,0.8309661746025085
YCR028C,YGR086C,1,-0.9268571,0.09023214876651764,0.8223552703857422,0.8309661746025085
YDR462W,YKL071W,0,-0.9270369,0.09022226929664612,0.8223552703857422,0.8310661911964417
YHL001W,YIR013C,0,-0.9271379,0.0902123898267746,0.8223552703857422,0.8311662077903748
YPR151C,YBR199W,0,-0.9272164,0.09020251780748367,0.8223552703857422,0.8312662243843079
YPR101W,YAL032C,0,-0.92734087,0.09019264578819275,0.8223552703857422,0.8313663005828857
YLR077W,YDR432W,0,-0.92742646,0.09018277376890182,0.8223552703857422,0.8314663171768188
YNL222W,YOR307C,0,-0.9274914,0.0901729017496109,0.8223552703857422,0.831566333770752
YKL049C,YOR149C,0,-0.9279468,0.09016303718090057,0.8223552703857422,0.8316663503646851
YLR240W,YDR314C,0,-0.92818195,0.09015317261219025,0.8223552703857422,0.8317663669586182
YBL027W,YOR375C,0,-0.9284123,0.09014330804347992,0.8223552703857422,0.8318663835525513
YHL001W,YIR008C,0,-0.92866325,0.09013345092535019,0.8223552703857422,0.8319664001464844
YGL121C,YPR181C,0,-0.92873585,0.09012359380722046,0.8223552703857422,0.8320664167404175
YDR214W,YIL122W,0,-0.9288594,0.09011373668909073,0.8223552703857422,0.8321664333343506
YKL035W,YIL121W,0,-0.9296041,0.090103879570961,0.8223552703857422,0.8322664499282837
YNL072W,YOR339C,0,-0.9297153,0.09009402990341187,0.8223552703857422,0.8323664665222168
YPR018W,YDR186C,0,-0.93019223,0.09008418023586273,0.8223552703857422,0.8324664831161499
YLR371W,YNL243W,1,-0.9303464,0.09018364548683167,0.8233532905578613,0.8324664831161499
YLR272C,YOR197W,0,-0.93050253,0.09017378836870193,0.8233532905578613,0.832566499710083
YGL130W,YLR378C,0,-0.9306439,0.0901639312505722,0.8233532905578613,0.8326665163040161
YNL088W,YPR094W,0,-0.9311024,0.09015408158302307,0.8233532905578613,0.8327665328979492
YLR298C,YDL222C,0,-0.93123806,0.09014423191547394,0.8233532905578613,0.8328665494918823
YGL134W,YLR136C,0,-0.9313077,0.0901343822479248,0.8233532905578613,0.8329665660858154
YDL194W,YLR157C-B,0,-0.9326582,0.09012453258037567,0.8233532905578613,0.8330666422843933
YPL170W,YHR102W,0,-0.93279356,0.09011469036340714,0.8233532905578613,0.8331666588783264
YPL047W,YNL305C,0,-0.93306834,0.0901048481464386,0.8233532905578613,0.8332666754722595
YKL086W,YGL134W,0,-0.93360734,0.09009500592947006,0.8233532905578613,0.8333666920661926
YOL034W,YGL179C,0,-0.9337009,0.09008517116308212,0.8233532905578613,0.8334667086601257
YDR182W,YOL088C,0,-0.93381065,0.09007533639669418,0.8233532905578613,0.8335667252540588
YER004W,YNL113W,0,-0.934114,0.09006550163030624,0.8233532905578613,0.8336667418479919
YDL193W,YGR161C-C,0,-0.9341713,0.0900556743144989,0.8233532905578613,0.833766758441925
YKL008C,YNL099C,0,-0.93420726,0.09004583954811096,0.8233532905578613,0.8338667750358582
YPR145W,YJR161C,0,-0.9345414,0.09003601223230362,0.8233532905578613,0.8339667916297913
YPL016W,YML111W,0,-0.9347657,0.09002619236707687,0.8233532905578613,0.8340668082237244
YER035W,YLR133W,0,-0.9349731,0.09001636505126953,0.8233532905578613,0.8341668248176575
YBR021W,YER157W,0,-0.93527377,0.09000654518604279,0.8233532905578613,0.8342668414115906
YKR010C,YOL113W,0,-0.93534756,0.08999672532081604,0.8233532905578613,0.8343668580055237
YDR485C,YOR058C,0,-0.9353522,0.08998691290616989,0.8233532905578613,0.8344668745994568
YAL030W,YBR059C,1,-0.93561184,0.09008616209030151,0.8243513107299805,0.8344668745994568
YER048C,YOR003W,0,-0.93564916,0.09007633477449417,0.8243513107299805,0.8345668911933899
YDR155C,YOR030W,0,-0.93573344,0.09006651490926743,0.8243513107299805,0.834666907787323
YHR124W,YPL029W,0,-0.9358568,0.09005669504404068,0.8243513107299805,0.8347669243812561
YHR115C,YJR019C,0,-0.93595886,0.09004687517881393,0.8243513107299805,0.834867000579834
YFR028C,YOR371C,0,-0.93620276,0.09003706276416779,0.8243513107299805,0.8349670171737671
YOR231W,YDL058W,0,-0.9362085,0.09002725034952164,0.8243513107299805,0.8350670337677002
YPR058W,YMR106C,0,-0.9366472,0.09001743793487549,0.8243513107299805,0.8351670503616333
YPR121W,YGR027W-A,0,-0.93688124,0.09000762552022934,0.8243513107299805,0.8352670669555664
YMR011W,YDL156W,0,-0.9369763,0.08999782055616379,0.8243513107299805,0.8353670835494995
YML118W,YNL030W,0,-0.93728137,0.08998801559209824,0.8243513107299805,0.8354671001434326
YAR003W,YHR072W-A,0,-0.937562,0.08997821062803268,0.8243513107299805,0.8355671167373657
YCL010C,YPL118W,0,-0.9376449,0.08996841311454773,0.8243513107299805,0.8356671333312988
YHL007C,YLR148W,0,-0.93834734,0.08995861560106277,0.8243513107299805,0.8357671499252319
YHR042W,YLR003C,0,-0.9388517,0.08994881808757782,0.8243513107299805,0.835867166519165
YPL255W,YGR261C,0,-0.9393375,0.08993902802467346,0.8243513107299805,0.8359671831130981
YCR097W,YMR060C,0,-0.9394555,0.08992923051118851,0.8243513107299805,0.8360671997070312
YGL044C,YBL100W-A,0,-0.9396335,0.08991944044828415,0.8243513107299805,0.8361672163009644
YER169W,YPL230W,0,-0.93972105,0.08990965783596039,0.8243513107299805,0.8362672328948975
YJL123C,YML029W,0,-0.9402801,0.08989986777305603,0.8243513107299805,0.8363672494888306
YML069W,YDR302W,0,-0.94039714,0.08989008516073227,0.8243513107299805,0.8364672660827637
YGR198W,YIL095W,1,-0.9404206,0.08998911827802658,0.8253493309020996,0.8364672660827637
YKL126W,YKR014C,1,-0.94044167,0.0900881290435791,0.826347291469574,0.8364672660827637
YGL011C,YJR064W,0,-0.9405994,0.09007833153009415,0.826347291469574,0.8365673422813416
YGR133W,YIL031W,0,-0.9407568,0.09006853401660919,0.826347291469574,0.8366673588752747
YLR084C,YDL213C,0,-0.9411025,0.09005873650312424,0.826347291469574,0.8367673754692078
YOL016C,YOR307C,0,-0.9412077,0.09004893898963928,0.826347291469574,0.8368673920631409
YJR047C,YGL022W,0,-0.94130147,0.09003914892673492,0.826347291469574,0.836967408657074
YDR099W,YKL216W,0,-0.9413302,0.09002935886383057,0.826347291469574,0.8370674252510071
YMR092C,YJL036W,0,-0.94156647,0.09001956880092621,0.826347291469574,0.8371674418449402
YNR012W,YPR056W,0,-0.942066,0.09000978618860245,0.826347291469574,0.8372674584388733
YKL203C,YER125W,1,-0.94215983,0.09010869264602661,0.8273453116416931,0.8372674584388733
YPL246C,YHR091C,0,-0.94231033,0.09009890258312225,0.8273453116416931,0.8373674750328064
YPL060C-A,YFL008W,0,-0.9423234,0.0900891125202179,0.8273453116416931,0.8374674916267395
YGR028W,YBR227C,0,-0.9425715,0.09007932245731354,0.8273453116416931,0.8375675082206726
YDR267C,YML075C,0,-0.94267905,0.09006953239440918,0.8273453116416931,0.8376675248146057
YHR073W,YDR093W,1,-0.94273853,0.09016838669776917,0.8283433318138123,0.8376675248146057
YPL032C,YCR094W,1,-0.942912,0.09026721864938736,0.8293412923812866,0.8376675248146057
YJL204C,YGR172C,0,-0.94298977,0.09025741368532181,0.8293412923812866,0.8377675414085388
YBR068C,YGL245W,0,-0.9430297,0.09024760872125626,0.8293412923812866,0.8378675580024719
YHL013C,YOR344C,0,-0.9430907,0.0902378112077713,0.8293412923812866,0.837967574596405
YDR294C,YGL020C,0,-0.94346356,0.09022801369428635,0.8293412923812866,0.8380675911903381
YBR132C,YHR152W,0,-0.94370997,0.09021821618080139,0.8293412923812866,0.8381676077842712
YCR027C,YMR278W,0,-0.9437783,0.09020842611789703,0.8293412923812866,0.8382676243782043
YPL256C,YPR075C,0,-0.94385624,0.09019863605499268,0.8293412923812866,0.8383677005767822
YML110C,YIL097W,0,-0.9444034,0.09018884599208832,0.8293412923812866,0.8384677171707153
YDL212W,YDL153C,0,-0.9445399,0.09017905592918396,0.8293412923812866,0.8385677337646484
YNL169C,YGR249W,0,-0.9446373,0.0901692733168602,0.8293412923812866,0.8386677503585815
YIR035C,YLR229C,0,-0.94467676,0.09015949070453644,0.8293412923812866,0.8387677669525146
YMR109W,YAL026C,1,-0.94491255,0.09025818854570389,0.8303393125534058,0.8387677669525146
YGR284C,YHR166C,0,-0.94508827,0.09024839848279953,0.8303393125534058,0.8388677835464478
YKL208W,YJL020C,0,-0.9451486,0.09023860841989517,0.8303393125534058,0.8389678001403809
YFL002C,YBR008C,0,-0.94520104,0.09022882580757141,0.8303393125534058,0.839067816734314
YGL208W,YJL104W,0,-0.9452082,0.09021904319524765,0.8303393125534058,0.8391678333282471
YNL116W,YJR077C,0,-0.945443,0.09020926058292389,0.8303393125534058,0.8392678499221802
YFL053W,YCR097W,0,-0.94544935,0.09019947797060013,0.8303393125534058,0.8393678665161133
YOR362C,YLR275W,0,-0.9458228,0.09018970280885696,0.8303393125534058,0.8394678831100464
YBR139W,YDL165W,0,-0.9458424,0.0901799276471138,0.8303393125534058,0.8395678997039795
YNL075W,YOL044W,0,-0.94596773,0.09017015248537064,0.8303393125534058,0.8396679162979126
YBL008W-A,YLR027C,0,-0.94597536,0.09016038477420807,0.8303393125534058,0.8397679328918457
YML093W,YKL120W,0,-0.9461384,0.0901506096124649,0.8303393125534058,0.8398679494857788
YFR042W,YNL024C-A,0,-0.9462764,0.09014084190130234,0.8303393125534058,0.8399679660797119
YLR057W,YOR371C,0,-0.9464089,0.09013108164072037,0.8303393125534058,0.8400680422782898
YOR208W,YPL005W,0,-0.9471624,0.0901213139295578,0.8303393125534058,0.8401680588722229
YGR195W,YHR084W,0,-0.94732994,0.09011155366897583,0.8303393125534058,0.840268075466156
YDR446W,YBL101C,0,-0.9474677,0.09010180085897446,0.8303393125534058,0.8403680920600891
YMR278W,YOR307C,0,-0.94770646,0.09009204059839249,0.8303393125534058,0.8404681086540222
YFL039C,YDL019C,1,-0.9478767,0.09019055962562561,0.8313373327255249,0.8404681086540222
YIL040W,YJR017C,0,-0.9483924,0.09018079191446304,0.8313373327255249,0.8405681252479553
YOL033W,YKR003W,0,-0.94859904,0.09017103165388107,0.8313373327255249,0.8406681418418884
YKL027W,YML024W,0,-0.94877017,0.0901612713932991,0.8313373327255249,0.8407681584358215
YDL232W,YIR035C,0,-0.9490362,0.09015151858329773,0.8313373327255249,0.8408681750297546
YOR295W,YDL147W,0,-0.9490379,0.09014175832271576,0.8313373327255249,0.8409681916236877
YFL009W,YGL130W,0,-0.9497959,0.09013200551271439,0.8313373327255249,0.8410682082176208
YDR097C,YLR178C,0,-0.94993263,0.09012225270271301,0.8313373327255249,0.841168224811554
YLR128W,YPL181W,0,-0.95050526,0.09011250734329224,0.8313373327255249,0.8412682414054871
YBL008W-A,YMR268C,0,-0.95069575,0.09010275453329086,0.8313373327255249,0.8413682579994202
YHR094C,YCR008W,0,-0.9507086,0.09009301662445068,0.8313373327255249,0.8414682745933533
YJR129C,YNL229C,0,-0.9508923,0.09008327126502991,0.8313373327255249,0.8415682911872864
YIL117C,YDR084C,0,-0.9511749,0.09007352590560913,0.8313373327255249,0.8416683077812195
YJL204C,YFR009W,0,-0.95122766,0.09006378799676895,0.8313373327255249,0.8417683243751526
YML131W,YKR098C,0,-0.9513457,0.09005405753850937,0.8313373327255249,0.8418684005737305
YGL181W,YBR214W,1,-0.9515352,0.09015241265296936,0.832335352897644,0.8418684005737305
YHR141C,YDR186C,0,-0.9519814,0.09014267474412918,0.832335352897644,0.8419684171676636
YCR073C,YPL275W,0,-0.95209384,0.0901329293847084,0.832335352897644,0.8420684337615967
YOL033W,YLR226W,0,-0.95222485,0.09012319147586823,0.832335352897644,0.8421684503555298
YGL134W,YLR424W,0,-0.9523923,0.09011345356702805,0.832335352897644,0.8422684669494629
YFL008W,YMR244C-A,0,-0.95249677,0.09010371565818787,0.832335352897644,0.842368483543396
YPR018W,YDR524C-B,0,-0.95250446,0.09009398519992828,0.832335352897644,0.8424685001373291
YML131W,YBR136W,0,-0.9525976,0.0900842547416687,0.832335352897644,0.8425685167312622
YNL082W,YHL013C,0,-0.9526576,0.09007452428340912,0.832335352897644,0.8426685333251953
YML062C,YDL147W,0,-0.9528724,0.09006479382514954,0.832335352897644,0.8427685499191284
YGR183C,YBR102C,0,-0.952947,0.09005507081747055,0.832335352897644,0.8428685665130615
YMR164C,YBL002W,0,-0.9535119,0.09004534780979156,0.832335352897644,0.8429685831069946
YCR053W,YKR003W,1,-0.9536136,0.090143583714962,0.8333333134651184,0.8429685831069946
YGR271C-A,YBR039W,0,-0.95380163,0.09013385325670242,0.8333333134651184,0.8430685997009277
YFL009W,YPR158W-A,0,-0.95383954,0.09012412279844284,0.8333333134651184,0.8431686162948608
YBR077C,YKL220C,0,-0.9540472,0.09011439979076385,0.8333333134651184,0.843268632888794
YMR011W,YPL069C,0,-0.95453745,0.09010466933250427,0.8333333134651184,0.843368649482727
YDR267C,YNL093W,0,-0.9545764,0.09009495377540588,0.8333333134651184,0.8434686660766602
YDL168W,YLR210W,0,-0.95512676,0.0900852307677269,0.8333333134651184,0.843568742275238
YOR173W,YPL118W,0,-0.9554575,0.09007551521062851,0.8333333134651184,0.8436687588691711
YGL124C,YPL118W,0,-0.95582587,0.09006579965353012,0.8333333134651184,0.8437687754631042
YOL088C,YMR260C,0,-0.95599127,0.09005608409643173,0.8333333134651184,0.8438687920570374
YDR163W,YDL236W,0,-0.956416,0.09004636853933334,0.8333333134651184,0.8439688086509705
YJR043C,YNL134C,0,-0.9566268,0.09003666043281555,0.8333333134651184,0.8440688252449036
YOR329C,YPR181C,0,-0.9566969,0.09002695232629776,0.8333333134651184,0.8441688418388367
YLR166C,YLR310C,0,-0.95675504,0.09001725167036057,0.8333333134651184,0.8442688584327698
YKL112W,YOR307C,0,-0.9570133,0.09000754356384277,0.8333333134651184,0.8443688750267029
YBR234C,YDL194W,0,-0.95739216,0.08999784290790558,0.8333333134651184,0.844468891620636
YPL055C,YJL204C,0,-0.9579724,0.08998814225196838,0.8333333134651184,0.8445689082145691
YIL103W,YPR022C,0,-0.9580427,0.08997844904661179,0.8333333134651184,0.8446689248085022
YMR283C,YCR089W,0,-0.9581841,0.08996875584125519,0.8333333134651184,0.8447689414024353
YNL227C,YBL007C,1,-0.9593698,0.09006679803133011,0.8343313336372375,0.8447689414024353
YDR073W,YDR017C,0,-0.9594238,0.09005708992481232,0.8343313336372375,0.8448689579963684
YAL005C,YLR355C,0,-0.95955163,0.09004739671945572,0.8343313336372375,0.8449689745903015
YLR070C,YLR027C,0,-0.95964396,0.09003769606351852,0.8343313336372375,0.8450689911842346
YLR174W,YML062C,0,-0.9597863,0.09002800285816193,0.8343313336372375,0.8451690077781677
YNL227C,YHR001W,1,-0.96031106,0.09012598544359207,0.8353293538093567,0.8451690077781677
YDR073W,YDR037W,0,-0.9606708,0.09011627733707428,0.8353293538093567,0.8452690243721008
YLR138W,YGR172C,0,-0.96102047,0.09010657668113708,0.8353293538093567,0.8453691005706787
YGR109C,YHR062C,0,-0.96114814,0.09009687602519989,0.8353293538093567,0.8454691171646118
YML026C,YLR256W,0,-0.96140337,0.09008718281984329,0.8353293538093567,0.8455691337585449
YIL085C,YLR144C,0,-0.96145594,0.0900774896144867,0.8353293538093567,0.845669150352478
YBR216C,YDR156W,0,-0.96155244,0.0900677964091301,0.8353293538093567,0.8457691669464111
YDL042C,YCR070W,0,-0.9617822,0.0900581032037735,0.8353293538093567,0.8458691835403442
YKL163W,YLR148W,0,-0.96181226,0.0900484099984169,0.8353293538093567,0.8459692001342773
YPR107C,YKR024C,0,-0.9618952,0.0900387242436409,0.8353293538093567,0.8460692167282104
YGL099W,YDR153C,0,-0.9620675,0.0900290384888649,0.8353293538093567,0.8461692333221436
YDR171W,YNL197C,0,-0.9622314,0.0900193601846695,0.8353293538093567,0.8462692499160767
YML131W,YER124C,0,-0.9622911,0.09000968188047409,0.8353293538093567,0.8463692665100098
YHR042W,YMR244C-A,0,-0.9623273,0.09000000357627869,0.8353293538093567,0.8464692831039429
YPL032C,YMR029C,0,-0.9626863,0.08999032527208328,0.8353293538093567,0.846569299697876
YOL077W-A,YPL108W,0,-0.9627024,0.08998064696788788,0.8353293538093567,0.8466693162918091
YIR013C,YLL028W,0,-0.9629133,0.08997097611427307,0.8353293538093567,0.8467693328857422
YDL178W,YPR181C,0,-0.963014,0.08996130526065826,0.8353293538093567,0.8468693494796753
YDR184C,YLR362W,0,-0.9631126,0.08995164185762405,0.8353293538093567,0.8469693660736084
YKL203C,YOR322C,1,-0.9637135,0.09004943072795868,0.8363273739814758,0.8469693660736084
YGR183C,YDL174C,0,-0.9639449,0.09003975242376328,0.8363273739814758,0.8470694422721863
YHR050W,YPR052C,0,-0.9641789,0.09003008157014847,0.8363273739814758,0.8471694588661194
YML078W,YOR295W,0,-0.96424925,0.09002041071653366,0.8363273739814758,0.8472694754600525
YLR077W,YIL162W,0,-0.96440196,0.09001073986291885,0.8363273739814758,0.8473694920539856
YGL245W,YFR055W,0,-0.96445626,0.09000107645988464,0.8363273739814758,0.8474695086479187
YBR133C,YDR339C,0,-0.96465147,0.08999140560626984,0.8363273739814758,0.8475695252418518
YLR376C,YPR181C,0,-0.96479625,0.08998174965381622,0.8363273739814758,0.8476695418357849
YJL036W,YIL129C,0,-0.9650526,0.08997208625078201,0.8363273739814758,0.847769558429718
YBL042C,YHR115C,0,-0.96552134,0.0899624228477478,0.8363273739814758,0.8478695750236511
YKL101W,YBL066C,0,-0.9658853,0.08995276689529419,0.8363273739814758,0.8479695916175842
YML114C,YMR190C,0,-0.9659594,0.08994311839342117,0.8363273739814758,0.8480696082115173
YLR406C,YBL071W-A,0,-0.9661275,0.08993346244096756,0.8363273739814758,0.8481696248054504
YIR013C,YHR128W,0,-0.967112,0.08992381393909454,0.8363273739814758,0.8482696413993835
YLR070C,YBL009W,0,-0.9672191,0.08991416543722153,0.8363273739814758,0.8483696579933167
YNL053W,YHR026W,0,-0.9672276,0.08990451693534851,0.8363273739814758,0.8484696745872498
YDR027C,YPL069C,0,-0.9674559,0.08989487588405609,0.8363273739814758,0.8485696911811829
YML121W,YGL179C,0,-0.9676188,0.08988522738218307,0.8363273739814758,0.848669707775116
YCR028C-A,YOR368W,0,-0.96802557,0.08987558633089066,0.8363273739814758,0.8487697243690491
YCR017C,YDR538W,0,-0.96809345,0.08986595273017883,0.8363273739814758,0.848869800567627
YLR071C,YOL034W,0,-0.9684791,0.08985631912946701,0.8363273739814758,0.8489698171615601
YHR003C,YBL101C,0,-0.96859443,0.08984667807817459,0.8363273739814758,0.8490698337554932
YGL130W,YJR159W,0,-0.96883905,0.08983705192804337,0.8363273739814758,0.8491698503494263
YMR278W,YML046W,0,-0.96921355,0.08982741832733154,0.8363273739814758,0.8492698669433594
YDR261C-C,YBL067C,0,-0.9696222,0.08981779217720032,0.8363273739814758,0.8493698835372925
YGR087C,YMR030W,0,-0.9702506,0.08980816602706909,0.8363273739814758,0.8494699001312256
YBR244W,YDR409W,0,-0.97037107,0.08979853987693787,0.8363273739814758,0.8495699167251587
YNL021W,YJL154C,0,-0.97041565,0.08978892117738724,0.8363273739814758,0.8496699333190918
YBR171W,YLR003C,0,-0.97081876,0.08977930247783661,0.8363273739814758,0.8497699499130249
YFL052W,YJR088C,0,-0.9709245,0.08976968377828598,0.8363273739814758,0.849869966506958
YLR226W,YDR206W,0,-0.97093004,0.08976006507873535,0.8363273739814758,0.8499699831008911
YOL034W,YOR125C,0,-0.97168124,0.08975045382976532,0.8363273739814758,0.8500699996948242
YJR105W,YCR020W-B,0,-0.9720463,0.08974084258079529,0.8363273739814758,0.8501700162887573
YDR129C,YOR008C,1,-0.9722831,0.08983831107616425,0.8373253345489502,0.8501700162887573
YLR064W,YNR063W,0,-0.97237223,0.08982869237661362,0.8373253345489502,0.8502700328826904
YGR207C,YDR352W,0,-0.9723762,0.08981907367706299,0.8373253345489502,0.8503700494766235
YOR043W,YLR371W,1,-0.97245276,0.08991650491952896,0.8383233547210693,0.8503700494766235
YNL336W,YDL122W,0,-0.9732334,0.08990687876939774,0.8383233547210693,0.8504700660705566
YFL050C,YDR363W,0,-0.9734911,0.0898972600698471,0.8383233547210693,0.8505701422691345
YKL203C,YCR053W,1,-0.9736053,0.0899946466088295,0.8393213748931885,0.8505701422691345
YPL060C-A,YPL108W,0,-0.9736876,0.08998502045869827,0.8393213748931885,0.8506701588630676
YJR067C,YOL058W,0,-0.97370267,0.08997539430856705,0.8393213748931885,0.8507701754570007
YJL123C,YOR329C,0,-0.9737741,0.08996576815843582,0.8393213748931885,0.8508701920509338
YOR149C,YNL241C,0,-0.97399867,0.0899561420083046,0.8393213748931885,0.8509702086448669
YJL020C,YNL220W,0,-0.9742683,0.08994652330875397,0.8393213748931885,0.8510702252388
YAR042W,YHR001W,1,-0.9743752,0.09004384279251099,0.8403193354606628,0.8510702252388
YPR164W,YDL222C,0,-0.9748056,0.09003421664237976,0.8403193354606628,0.8511702418327332
YGL017W,YHR191C,0,-0.97497094,0.09002459049224854,0.8403193354606628,0.8512702584266663
YJL111W,YFL008W,0,-0.9750446,0.09001496434211731,0.8403193354606628,0.8513702750205994
YDR388W,YDR093W,1,-0.97516334,0.09011223912239075,0.841317355632782,0.8513702750205994
YPL047W,YOR171C,0,-0.97529614,0.09010260552167892,0.841317355632782,0.8514702916145325
YJR086W,YGL210W-A,0,-0.97605896,0.0900929793715477,0.841317355632782,0.8515703082084656
YPL170W,YLR368W,0,-0.97621804,0.09008335322141647,0.841317355632782,0.8516703248023987
YHR115C,YKL137W,0,-0.97679067,0.09007372707128525,0.841317355632782,0.8517703413963318
YCL034W,YBL007C,1,-0.97694564,0.09017094224691391,0.8423153758049011,0.8517703413963318
YHR191C,YGL201C,0,-0.9769552,0.09016130864620209,0.8423153758049011,0.8518703579902649
YER042W,YLR421C,0,-0.9772656,0.09015167504549026,0.8423153758049011,0.851970374584198
YGL022W,YGR065C,0,-0.9775382,0.09014204889535904,0.8423153758049011,0.8520703911781311
YOR329C,YLR056W,1,-0.978281,0.09023921191692352,0.8433133959770203,0.8520703911781311
YLR342W,YOR144C,0,-0.97835386,0.0902295783162117,0.8433133959770203,0.8521704077720642
YKL157W,YBL019W,0,-0.97843635,0.09021994471549988,0.8433133959770203,0.8522704243659973
YCR020W-B,YNL272C,0,-0.9786109,0.09021031111478806,0.8433133959770203,0.8523705005645752
YCL045C,YLR205C,0,-0.979118,0.09020068496465683,0.8433133959770203,0.8524705171585083
YCL033C,YOR058C,0,-0.97980106,0.0901910588145256,0.8433133959770203,0.8525705337524414
YJL207C,YGR092W,0,-0.9800312,0.09018143266439438,0.8433133959770203,0.8526705503463745
YPL004C,YOR322C,1,-0.98024964,0.0902785211801529,0.8443113565444946,0.8526705503463745
YDR097C,YNL116W,0,-0.9804841,0.09026888757944107,0.8443113565444946,0.8527705669403076
YKL071W,YLR332W,0,-0.98067033,0.09025925397872925,0.8443113565444946,0.8528705835342407
YHR098C,YPL037C,0,-0.9809418,0.09024962782859802,0.8443113565444946,0.8529706001281738
YHL007C,YGL131C,0,-0.9809432,0.0902400016784668,0.8443113565444946,0.8530706167221069
YPL241C,YOR205C,0,-0.9810982,0.09023037552833557,0.8443113565444946,0.85317063331604
YJL074C,YNL265C,0,-0.9818311,0.09022074937820435,0.8443113565444946,0.8532706499099731
YER065C,YLR095C,0,-0.98198664,0.09021113067865372,0.8443113565444946,0.8533706665039062
YNL227C,YIL041W,1,-0.98203087,0.09030813723802567,0.8453093767166138,0.8533706665039062
YBL018C,YDR409W,0,-0.9825437,0.09029851108789444,0.8453093767166138,0.8534706830978394
YOR208W,YBR039W,0,-0.98324156,0.09028888493776321,0.8453093767166138,0.8535706996917725
YER078C,YNL299W,0,-0.98328775,0.09027925878763199,0.8453093767166138,0.8536707162857056
YHR112C,YOR030W,0,-0.98336315,0.09026964008808136,0.8453093767166138,0.8537707328796387
YLR128W,YMR244C-A,0,-0.98369557,0.09026001393795013,0.8453093767166138,0.8538707494735718
YOR190W,YHR016C,0,-0.983738,0.0902504026889801,0.8453093767166138,0.8539707660675049
YDR069C,YBL007C,1,-0.98425156,0.09034732729196548,0.8463073968887329,0.8539707660675049
YNL315C,YGR198W,0,-0.9842646,0.09033770114183426,0.8463073968887329,0.8540708422660828
YHR073W,YNL154C,1,-0.9844903,0.09043459594249725,0.847305417060852,0.8540708422660828
YGR240C,YKR099C-A,0,-0.9847487,0.09042496234178543,0.847305417060852,0.8541708588600159
YHR079C-A,YOR368W,0,-0.98480415,0.0904153361916542,0.847305417060852,0.854270875453949
YDL161W,YDR129C,1,-0.98491514,0.09051219373941422,0.8483033776283264,0.854270875453949
YOR095C,YHR016C,0,-0.9850004,0.0905025526881218,0.8483033776283264,0.8543708920478821
YJR086W,YDR079C-A,0,-0.9850923,0.09049291908740997,0.8483033776283264,0.8544709086418152
YPL069C,YPL266W,0,-0.98598886,0.09048328548669815,0.8483033776283264,0.8545709252357483
YLR233C,YNL169C,0,-0.9866993,0.09047365933656693,0.8483033776283264,0.8546709418296814
YKR081C,YNL003C,0,-0.986991,0.0904640257358551,0.8483033776283264,0.8547709584236145
YML118W,YPR052C,0,-0.987265,0.09045439958572388,0.8483033776283264,0.8548709750175476
YKL027W,YCL030C,0,-0.9873201,0.09044477343559265,0.8483033776283264,0.8549709916114807
YKL113C,YNR039C,0,-0.9876101,0.09043515473604202,0.8483033776283264,0.8550710082054138
YJL123C,YLR307W,0,-0.9887664,0.0904255285859108,0.8483033776283264,0.8551710247993469
YHR007C,YPL005W,0,-0.9891731,0.09041590988636017,0.8483033776283264,0.85527104139328
YEL046C,YDR043C,0,-0.98917603,0.09040629863739014,0.8483033776283264,0.8553710579872131
YBR203W,YPL030W,0,-0.9899242,0.09039667993783951,0.8483033776283264,0.8554710745811462
YJL063C,YLR070C,0,-0.9899304,0.09038706868886948,0.8483033776283264,0.8555710911750793
YPL249C-A,YDL236W,0,-0.9903202,0.09037745743989944,0.8483033776283264,0.8556711077690125
YHR043C,YOR375C,0,-0.99039876,0.09036785364151001,0.8483033776283264,0.8557711839675903
YJR007W,YGR013W,0,-0.9905249,0.09035824239253998,0.8483033776283264,0.8558712005615234
YPL241C,YKL127W,0,-0.99162096,0.09034863859415054,0.8483033776283264,0.8559712171554565
YDR210W-D,YNL256W,0,-0.9920712,0.09033903479576111,0.8483033776283264,0.8560712337493896
YKR010C,YHR124W,0,-0.99245095,0.09032943844795227,0.8483033776283264,0.8561712503433228
YJL047C,YJR077C,0,-0.99299735,0.09031984210014343,0.8483033776283264,0.8562712669372559
YDL156W,YML111W,0,-0.9930135,0.0903102457523346,0.8483033776283264,0.856371283531189
YIL099W,YGL245W,0,-0.99317455,0.09030064940452576,0.8483033776283264,0.8564713001251221
YHR019C,YJL118W,0,-0.9932095,0.09029105305671692,0.8483033776283264,0.8565713167190552
YFR046C,YNL003C,0,-0.99326694,0.09028146415948868,0.8483033776283264,0.8566713333129883
YJR125C,YOR008C,1,-0.9934732,0.09037808328866959,0.8493013978004456,0.8566713333129883
YJL210W,YHR072W-A,0,-0.9939085,0.09036847949028015,0.8493013978004456,0.8567713499069214
YLR013W,YNL312W,0,-0.99395895,0.09035889059305191,0.8493013978004456,0.8568713665008545
YDL103C,YCR048W,0,-0.99409723,0.09034929424524307,0.8493013978004456,0.8569713830947876
YLR405W,YBR179C,0,-0.9945055,0.09033970534801483,0.8493013978004456,0.8570713996887207
YBR073W,YMR021C,0,-0.9947408,0.09033011645078659,0.8493013978004456,0.8571714162826538
YNL225C,YOL077W-A,0,-0.9950727,0.09032052755355835,0.8493013978004456,0.8572714328765869
YML008C,YNL220W,0,-0.99508256,0.09031093865633011,0.8493013978004456,0.85737144947052
YCR073C,YEL071W,0,-0.9951506,0.09030135720968246,0.8493013978004456,0.8574714660644531
YOL016C,YJR091C,0,-0.99546874,0.09029177576303482,0.8493013978004456,0.857571542263031
YHL033C,YKR045C,0,-0.9955166,0.09028220176696777,0.8493013978004456,0.8576715588569641
YIL066C,YPR023C,0,-0.9956159,0.09027262032032013,0.8493013978004456,0.8577715754508972
YJR090C,YJL184W,0,-0.9956196,0.09026304632425308,0.8493013978004456,0.8578715920448303
YFL024C,YLR256W,0,-0.9956304,0.09025347232818604,0.8493013978004456,0.8579716086387634
YOR237W,YML052W,1,-0.9960228,0.0903499498963356,0.8502994179725647,0.8579716086387634
YGR257C,YCR023C,0,-0.9961327,0.09034036844968796,0.8502994179725647,0.8580716252326965
YBR234C,YGL020C,0,-0.99645925,0.09033078700304031,0.8502994179725647,0.8581716418266296
YGR183C,YNL222W,0,-0.99688756,0.09032121300697327,0.8502994179725647,0.8582716584205627
YOR141C,YNL087W,0,-0.99810636,0.09031163901090622,0.8502994179725647,0.8583716750144958
YGL130W,YJR014W,0,-0.9981451,0.09030206501483917,0.8502994179725647,0.858471691608429
YBL050W,YPL192C,0,-0.9983697,0.09029249846935272,0.8502994179725647,0.8585717082023621
YGL002W,YNL083W,0,-0.9986361,0.09028293192386627,0.8502994179725647,0.8586717247962952
YLR342W,YLR337C,1,-0.99894893,0.09037932008504868,0.8512973785400391,0.8586717247962952
YPL145C,YGR086C,1,-0.99905384,0.09047568589448929,0.8522953987121582,0.8586717247962952
YPR121W,YHR200W,0,-0.99984634,0.09046610444784164,0.8522953987121582,0.8587717413902283
YBR106W,YMR167W,0,-0.9999654,0.090456523001194,0.8522953987121582,0.8588717579841614
YHR016C,YOL041C,0,-1.0002937,0.09044694155454636,0.8522953987121582,0.8589717745780945
YPR140W,YGR092W,0,-1.000565,0.09043736010789871,0.8522953987121582,0.8590717911720276
YOR298C-A,YER122C,0,-1.0007229,0.09042778611183167,0.8522953987121582,0.8591718077659607
YBR079C,YIL122W,0,-1.0007575,0.09041821211576462,0.8522953987121582,0.8592718839645386
YBR098W,YMR309C,0,-1.0007932,0.09040863811969757,0.8522953987121582,0.8593719005584717
YOL044W,YER074W-A,0,-1.0010998,0.09039907157421112,0.8522953987121582,0.8594719171524048
YLR274W,YGR067C,0,-1.0011386,0.09038949757814407,0.8522953987121582,0.8595719337463379
YDR027C,YDL092W,0,-1.0027323,0.09037993103265762,0.8522953987121582,0.859671950340271
YDL002C,YML075C,0,-1.0030675,0.09037037193775177,0.8522953987121582,0.8597719669342041
YCL062W,YGR261C,0,-1.0033143,0.09036080539226532,0.8522953987121582,0.8598719835281372
YML069W,YLL036C,0,-1.0033607,0.09035124629735947,0.8522953987121582,0.8599720001220703
YIL050W,YHR026W,0,-1.0037936,0.09034168720245361,0.8522953987121582,0.8600720167160034
YGL054C,YOR375C,0,-1.0039628,0.09033213555812836,0.8522953987121582,0.8601720333099365
YGL055W,YIL067C,0,-1.0041653,0.0903225839138031,0.8522953987121582,0.8602720499038696
YPR103W,YLL036C,0,-1.0043709,0.09031303226947784,0.8522953987121582,0.8603720664978027
YML078W,YHR062C,0,-1.0045661,0.09030348062515259,0.8522953987121582,0.8604720830917358
YDR338C,YLR133W,0,-1.0046295,0.09029392898082733,0.8522953987121582,0.860572099685669
YHR134W,YEL060C,0,-1.0047249,0.09028438478708267,0.8522953987121582,0.860672116279602
YHR045W,YBR044C,0,-1.0049112,0.09027484059333801,0.8522953987121582,0.8607721328735352
YHR072W,YDR293C,0,-1.004993,0.09026529639959335,0.8522953987121582,0.8608721494674683
YNR054C,YGR128C,0,-1.0054832,0.09025575965642929,0.8522953987121582,0.8609721660614014
YCL045C,YMR154C,0,-1.0058876,0.09024622291326523,0.8522953987121582,0.8610722422599792
YAL030W,YFL039C,1,-1.0064683,0.09034235030412674,0.8532934188842773,0.8610722422599792
YKL101W,YHR196W,0,-1.006874,0.09033280611038208,0.8532934188842773,0.8611722588539124
YDR104C,YLR135W,0,-1.0070035,0.09032326191663742,0.8532934188842773,0.8612722754478455
YGR132C,YIL050W,0,-1.0070244,0.09031371772289276,0.8532934188842773,0.8613722920417786
YOL110W,YNL134C,0,-1.0071001,0.0903041809797287,0.8532934188842773,0.8614723086357117
YJL042W,YCR042C,0,-1.0079787,0.09029464423656464,0.8532934188842773,0.8615723252296448
YGL099W,YDR079C-A,0,-1.0083529,0.09028510749340057,0.8532934188842773,0.8616723418235779
YGR195W,YLL023C,0,-1.0085397,0.09027557820081711,0.8532934188842773,0.861772358417511
YPL072W,YLL028W,0,-1.0086206,0.09026604890823364,0.8532934188842773,0.8618723750114441
YPL152W,YPL283C,0,-1.0086795,0.09025651961565018,0.8532934188842773,0.8619723916053772
YGR023W,YPL266W,0,-1.0088029,0.09024699032306671,0.8532934188842773,0.8620724081993103
YHL018W,YIL067C,0,-1.0090206,0.09023746848106384,0.8532934188842773,0.8621724247932434
YGL234W,YNL270C,0,-1.009094,0.09022794663906097,0.8532934188842773,0.8622724413871765
YHR003C,YJR077C,0,-1.0093358,0.0902184247970581,0.8532934188842773,0.8623724579811096
YFL018C,YIL157C,0,-1.0095251,0.09020890295505524,0.8532934188842773,0.8624724745750427
YGL086W,YJL203W,0,-1.0097163,0.09019938856363297,0.8532934188842773,0.8625724911689758
YPL003W,YBL101C,0,-1.0103838,0.0901898741722107,0.8532934188842773,0.8626725077629089
YCR008W,YOR077W,0,-1.0107902,0.09018035978078842,0.8532934188842773,0.8627725839614868
YEL055C,YGL254W,0,-1.0110294,0.09017085283994675,0.8532934188842773,0.8628726005554199
YDL005C,YOR295W,0,-1.0110596,0.09016133844852448,0.8532934188842773,0.862972617149353
YKL146W,YEL042W,0,-1.0111024,0.0901518315076828,0.8532934188842773,0.8630726337432861
YDR202C,YOL039W,0,-1.0111573,0.09014233201742172,0.8532934188842773,0.8631726503372192
YER157W,YGR249W,0,-1.0113759,0.09013282507658005,0.8532934188842773,0.8632726669311523
YGR028W,YLR135W,0,-1.0120815,0.09012332558631897,0.8532934188842773,0.8633726835250854
YIL049W,YNL222W,0,-1.0126044,0.09011382609605789,0.8532934188842773,0.8634727001190186
YNR054C,YLR410W,0,-1.0126678,0.09010433405637741,0.8532934188842773,0.8635727167129517
YBL084C,YER075C,0,-1.0130368,0.09009483456611633,0.8532934188842773,0.8636727333068848
YLR066W,YNR049C,0,-1.0133836,0.09008534252643585,0.8532934188842773,0.8637727499008179
YPL249C-A,YNL305C,0,-1.0135479,0.09007585048675537,0.8532934188842773,0.863872766494751
YDR184C,YLR226W,0,-1.0139643,0.09006636589765549,0.8532934188842773,0.8639727830886841
YER019W,YJL184W,0,-1.0146731,0.0900568813085556,0.8532934188842773,0.8640727996826172
YEL060C,YLR372W,0,-1.0148722,0.09004739671945572,0.8532934188842773,0.8641728162765503
YDR162C,YEL046C,0,-1.0149907,0.09003791213035583,0.8532934188842773,0.8642728328704834
YCR042C,YOL044W,0,-1.0150893,0.09002842754125595,0.8532934188842773,0.8643728494644165
YAR044W,YAL030W,1,-1.0151035,0.0901242345571518,0.8542914390563965,0.8643728494644165
YJL113W,YOR343C-B,0,-1.0152612,0.09011474996805191,0.8542914390563965,0.8644728660583496
YAR008W,YNL093W,0,-1.0158895,0.09010526537895203,0.8542914390563965,0.8645729422569275
YNL316C,YKL148C,0,-1.0163686,0.09009578078985214,0.8542914390563965,0.8646729588508606
YLR225C,YHL001W,0,-1.0171944,0.09008629620075226,0.8542914390563965,0.8647729754447937
YPR022C,YBL009W,0,-1.0173128,0.09007681906223297,0.8542914390563965,0.8648729920387268
YER125W,YNR035C,1,-1.0176649,0.09017255902290344,0.8552893996238708,0.8648729920387268
YOL034W,YPL265W,0,-1.0179462,0.09016307443380356,0.8552893996238708,0.8649730086326599
YJR044C,YFL022C,0,-1.0190848,0.09015358984470367,0.8552893996238708,0.865073025226593
YDL052C,YBL009W,0,-1.0190877,0.09014410525560379,0.8552893996238708,0.8651730418205261
YPL060C-A,YLR003C,0,-1.0198228,0.0901346206665039,0.8552893996238708,0.8652730584144592
YKR003W,YGR092W,0,-1.0202031,0.09012514352798462,0.8552893996238708,0.8653730750083923
YKL027W,YJL137C,0,-1.020491,0.09011566638946533,0.8552893996238708,0.8654730916023254
YNL090W,YKR087C,0,-1.0207291,0.09010618925094604,0.8552893996238708,0.8655731081962585
YMR197C,YJR014W,0,-1.0209475,0.09009671956300735,0.8552893996238708,0.8656731247901917
YHR141C,YHR178W,0,-1.021085,0.09008724987506866,0.8552893996238708,0.8657731413841248
YIR021W,YLR399C,0,-1.021606,0.09007778018712997,0.8552893996238708,0.8658731579780579
YFL053W,YPR009W,0,-1.0217458,0.09006831049919128,0.8552893996238708,0.865973174571991
YML093W,YLR133W,0,-1.021847,0.09005884826183319,0.8552893996238708,0.8660731911659241
YJL111W,YJR125C,0,-1.0225444,0.0900493860244751,0.8552893996238708,0.8661732077598572
YHR016C,YOR109W,1,-1.0225445,0.09014499187469482,0.85628741979599,0.8661732077598572
YHL009C,YKL046C,0,-1.0226489,0.09013551473617554,0.85628741979599,0.8662732839584351
YIR003W,YNL336W,0,-1.0227044,0.09012605249881744,0.85628741979599,0.8663733005523682
YMR011W,YJL207C,0,-1.0231409,0.09011658281087875,0.85628741979599,0.8664733171463013
YPL086C,YDL239C,0,-1.0231872,0.09010712057352066,0.85628741979599,0.8665733337402344
YDR446W,YIL127C,0,-1.0237167,0.09009765833616257,0.85628741979599,0.8666733503341675
YFL031W,YGL044C,0,-1.0237284,0.09008819609880447,0.85628741979599,0.8667733669281006
YFL009W,YHR042W,0,-1.0238597,0.09007874131202698,0.85628741979599,0.8668733835220337
YBL101C,YDR177W,1,-1.0243312,0.09017425775527954,0.8572854399681091,0.8668733835220337
YDR171W,YHR102W,0,-1.0247087,0.09016479551792145,0.8572854399681091,0.8669734001159668
YIL121W,YBL005W-A,0,-1.0253227,0.09015533328056335,0.8572854399681091,0.8670734167098999
YMR135C,YJL204C,0,-1.0255256,0.09014587104320526,0.8572854399681091,0.867173433303833
YDL226C,YDL153C,0,-1.025939,0.09013640880584717,0.8572854399681091,0.8672734498977661
YBR070C,YGR163W,0,-1.026113,0.09012695401906967,0.8572854399681091,0.8673734664916992
YNR054C,YIL023C,0,-1.026123,0.09011749923229218,0.8572854399681091,0.8674734830856323
YDR237W,YPR165W,0,-1.0262274,0.09010804444551468,0.8572854399681091,0.8675734996795654
YDL005C,YOR361C,0,-1.0262626,0.09009859710931778,0.8572854399681091,0.8676735162734985
YNR073C,YHL018W,0,-1.026383,0.09008914232254028,0.8572854399681091,0.8677735328674316
YPL246C,YOL110W,0,-1.0269173,0.09007969498634338,0.8572854399681091,0.8678735494613647
YLR376C,YKR039W,0,-1.0269318,0.09007025510072708,0.8572854399681091,0.8679735660552979
YDR051C,YDL156W,0,-1.0273519,0.09006080776453018,0.8572854399681091,0.8680736422538757
YIL048W,YOR089C,1,-1.0274537,0.0901561975479126,0.8582834601402283,0.8680736422538757
YDR214W,YJL047C,0,-1.0274593,0.0901467502117157,0.8582834601402283,0.8681736588478088
YLR225C,YBL005W-A,0,-1.027616,0.0901373028755188,0.8582834601402283,0.8682736754417419
YKL221W,YER094C,0,-1.0276976,0.0901278555393219,0.8582834601402283,0.868373692035675
YBL101C,YNL093W,1,-1.0278661,0.09022320061922073,0.8592814207077026,0.868373692035675
YDR432W,YEL060C,0,-1.0280708,0.09021374583244324,0.8592814207077026,0.8684737086296082
YML126C,YDR450W,0,-1.028264,0.09020429849624634,0.8592814207077026,0.8685737252235413
YNL227C,YBR214W,1,-1.0282955,0.09029959887266159,0.8602794408798218,0.8685737252235413
YLR225C,YLR210W,0,-1.0283895,0.0902901440858841,0.8602794408798218,0.8686737418174744
YCL033C,YOR256C,0,-1.0284601,0.0902806892991066,0.8602794408798218,0.8687737584114075
YOR115C,YGL012W,0,-1.0286572,0.0902712345123291,0.8602794408798218,0.8688737750053406
YFL053W,YMR244C-A,0,-1.028765,0.0902617797255516,0.8602794408798218,0.8689737915992737
YMR161W,YPL030W,0,-1.0288556,0.0902523323893547,0.8602794408798218,0.8690738081932068
YHR050W,YLR355C,0,-1.0293629,0.09024287760257721,0.8602794408798218,0.8691738247871399
YAL009W,YLR110C,0,-1.0298288,0.09023343771696091,0.8602794408798218,0.869273841381073
YKL027W,YIL122W,0,-1.030143,0.09022399038076401,0.8602794408798218,0.8693738579750061
YOL006C,YAL001C,0,-1.0301685,0.0902145504951477,0.8602794408798218,0.8694738745689392
YOR089C,YIR006C,1,-1.0302801,0.0903097540140152,0.8612774610519409,0.8694738745689392
YCR067C,YEL060C,0,-1.0306753,0.0903003066778183,0.8612774610519409,0.8695738911628723
YJL210W,YPL118W,0,-1.0309943,0.0902908593416214,0.8612774610519409,0.8696739077568054
YBR215W,YDR331W,0,-1.0310198,0.0902814120054245,0.8612774610519409,0.8697739839553833
YLR084C,YGL008C,0,-1.0310938,0.0902719646692276,0.8612774610519409,0.8698740005493164
YBR039W,YPL228W,0,-1.0313066,0.0902625247836113,0.8612774610519409,0.8699740171432495
YOL097C,YJL209W,0,-1.0313715,0.090253084897995,0.8612774610519409,0.8700740337371826
YOR229W,YGR203W,0,-1.0314931,0.09024364501237869,0.8612774610519409,0.8701740503311157
YJL074C,YDL214C,0,-1.0317858,0.09023421257734299,0.8612774610519409,0.8702740669250488
YNL003C,YIL044C,0,-1.0318118,0.09022478014230728,0.8612774610519409,0.8703740835189819
YNL300W,YOL130W,0,-1.0327387,0.09021534770727158,0.8612774610519409,0.870474100112915
YKL188C,YPL016W,0,-1.0333287,0.09020591527223587,0.8612774610519409,0.8705741167068481
YBR239C,YGR013W,0,-1.0333453,0.09019649028778076,0.8612774610519409,0.8706741333007812
YNR036C,YGL125W,0,-1.0335302,0.09018706530332565,0.8612774610519409,0.8707741498947144
YDR043C,YER160C,0,-1.0339084,0.09017764031887054,0.8612774610519409,0.8708741664886475
YBR293W,YOR130C,0,-1.0340247,0.09016821533441544,0.8612774610519409,0.8709741830825806
YKR081C,YDR237W,0,-1.034153,0.09015879780054092,0.8612774610519409,0.8710741996765137
YPL212C,YJL020C,0,-1.034235,0.09014938026666641,0.8612774610519409,0.8711742162704468
YBR210W,YGR240C,0,-1.0345095,0.0901399627327919,0.8612774610519409,0.8712742328643799
YNL072W,YMR106C,0,-1.0347221,0.09013054519891739,0.8612774610519409,0.871374249458313
YGL047W,YBR079C,0,-1.0350598,0.09012113511562347,0.8612774610519409,0.8714742660522461
YNL021W,YGL257C,0,-1.0356691,0.09011172503232956,0.8612774610519409,0.871574342250824
YNL177C,YPL162C,0,-1.0358689,0.09010231494903564,0.8612774610519409,0.8716743588447571
YDR302W,YOR303W,0,-1.0359794,0.09009291231632233,0.8612774610519409,0.8717743754386902
YIL015W,YHR166C,0,-1.0360916,0.09008350968360901,0.8612774610519409,0.8718743920326233
YHR016C,YAR044W,1,-1.0360997,0.0901784747838974,0.8622754216194153,0.8718743920326233
YGL086W,YNL220W,0,-1.0363624,0.09016906470060349,0.8622754216194153,0.8719744086265564
YOR208W,YFL024C,0,-1.0373057,0.09015965461730957,0.8622754216194153,0.8720744252204895
YNL020C,YOR089C,1,-1.0374851,0.09025458991527557,0.8632734417915344,0.8720744252204895
YMR202W,YOL039W,0,-1.0376179,0.09024517238140106,0.8632734417915344,0.8721744418144226
YPL060C-A,YPR079W,0,-1.0377014,0.09023576229810715,0.8632734417915344,0.8722744584083557
YER166W,YKL203C,1,-1.0382416,0.09033065289258957,0.8642714619636536,0.8722744584083557
YPL242C,YBR265W,0,-1.0383635,0.09032123535871506,0.8642714619636536,0.8723744750022888
YDR338C,YHR134W,0,-1.038434,0.09031181782484055,0.8642714619636536,0.8724744915962219
YDL010W,YJL138C,0,-1.038436,0.09030240029096603,0.8642714619636536,0.872574508190155
YBR298C,YLR148W,0,-1.0384574,0.09029298275709152,0.8642714619636536,0.8726745247840881
YPL047W,YPR151C,0,-1.0385501,0.09028357267379761,0.8642714619636536,0.8727745413780212
YOR140W,YOR205C,0,-1.0386069,0.0902741551399231,0.8642714619636536,0.8728745579719543
YLR225C,YLR307W,0,-1.0389829,0.09026475250720978,0.8642714619636536,0.8729745745658875
YJL063C,YMR030W,0,-1.0391421,0.09025534242391586,0.8642714619636536,0.8730745911598206
YPR164W,YHR050W,0,-1.0402197,0.09024593234062195,0.8642714619636536,0.8731746077537537
YJR007W,YDR051C,0,-1.040411,0.09023652970790863,0.8642714619636536,0.8732746839523315
YIL041W,YDR085C,0,-1.0404216,0.09022712707519531,0.8642714619636536,0.8733747005462646
YGR192C,YPR124W,0,-1.0406368,0.09021773189306259,0.8642714619636536,0.8734747171401978
YML078W,YFL052W,0,-1.0406874,0.09020833671092987,0.8642714619636536,0.8735747337341309
YGR091W,YDL147W,0,-1.0418136,0.09019893407821655,0.8642714619636536,0.873674750328064
YKR010C,YIL162W,0,-1.0421314,0.09018954634666443,0.8642714619636536,0.8737747669219971
YNL264C,YER172C,0,-1.0422561,0.09018015116453171,0.8642714619636536,0.8738747835159302
YOR361C,YPL069C,0,-1.0430241,0.09017076343297958,0.8642714619636536,0.8739748001098633
YKL113C,YDR255C,0,-1.0437824,0.09016137570142746,0.8642714619636536,0.8740748167037964
YJL207C,YBR008C,0,-1.0437977,0.09015198796987534,0.8642714619636536,0.8741748332977295
YAL030W,YOR322C,1,-1.0442777,0.09024669229984283,0.8652694821357727,0.8741748332977295
YPR061C,YGR231C,0,-1.0447114,0.09023730456829071,0.8652694821357727,0.8742748498916626
YAL055W,YAL047C,0,-1.0453255,0.09022790938615799,0.8652694821357727,0.8743748664855957
YLR056W,YOR008C,1,-1.0455936,0.0903225839138031,0.8662674427032471,0.8743748664855957
YPL275W,YIR008C,0,-1.0457046,0.09031318128108978,0.8662674427032471,0.8744748830795288
YEL034W,YMR030W,0,-1.0463402,0.09030378609895706,0.8662674427032471,0.8745748996734619
YBL008W-A,YNL229C,0,-1.0468398,0.09029439091682434,0.8662674427032471,0.874674916267395
YER125W,YDR177W,1,-1.047193,0.09038901329040527,0.8672654628753662,0.874674916267395
YKL209C,YMR268C,0,-1.0477955,0.09037961810827255,0.8672654628753662,0.8747749328613281
YPL029W,YGL160W,0,-1.0481542,0.09037021547555923,0.8672654628753662,0.8748749494552612
YHR042W,YPL079W,0,-1.048166,0.09036082029342651,0.8672654628753662,0.8749749660491943
YGL207W,YOR171C,0,-1.0486641,0.09035142511129379,0.8672654628753662,0.8750750422477722
YFL053W,YNL116W,0,-1.0488443,0.09034202992916107,0.8672654628753662,0.8751750588417053
YNR039C,YPR033C,0,-1.0489247,0.09033264219760895,0.8672654628753662,0.8752750754356384
YCR027C,YGL065C,0,-1.0492033,0.09032325446605682,0.8672654628753662,0.8753750920295715
YBR068C,YPL162C,0,-1.0492078,0.0903138667345047,0.8672654628753662,0.8754751086235046
YDL052C,YKL148C,0,-1.0494595,0.09030447900295258,0.8672654628753662,0.8755751252174377
YDR522C,YER183C,0,-1.0495616,0.09029509872198105,0.8672654628753662,0.8756751418113708
YMR092C,YOR077W,0,-1.0497246,0.09028571099042892,0.8672654628753662,0.875775158405304
YGL145W,YGL179C,0,-1.0499139,0.090276338160038,0.8672654628753662,0.8758751749992371
YPL246C,YPR029C,0,-1.0499302,0.09026695787906647,0.8672654628753662,0.8759751915931702
YDR119W,YKL216W,0,-1.0500195,0.09025758504867554,0.8672654628753662,0.8760752081871033
YBL046W,YNL047C,0,-1.0501388,0.0902482122182846,0.8672654628753662,0.8761752247810364
YNR056C,YGR028W,0,-1.0507039,0.09023883938789368,0.8672654628753662,0.8762752413749695
YML029W,YCR003W,0,-1.0509775,0.09022946655750275,0.8672654628753662,0.8763752579689026
YJR090C,YFL031W,0,-1.0518831,0.09022010117769241,0.8672654628753662,0.8764752745628357
YOR034C,YDR264C,1,-1.0525353,0.09031454473733902,0.8682634830474854,0.8764752745628357
YGR275W,YHL033C,0,-1.053153,0.09030517190694809,0.8682634830474854,0.8765752911567688
YBL097W,YGR261C,0,-1.0534204,0.09029579907655716,0.8682634830474854,0.8766753077507019
YBL008W-A,YGR183C,0,-1.0538776,0.09028642624616623,0.8682634830474854,0.8767753839492798
YMR323W,YPL190C,0,-1.0539424,0.0902770608663559,0.8682634830474854,0.8768754005432129
YIL131C,YNL220W,0,-1.0542113,0.09026768803596497,0.8682634830474854,0.876975417137146
YJR086W,YHR196W,0,-1.054247,0.09025832265615463,0.8682634830474854,0.8770754337310791
YFR044C,YPL066W,0,-1.0543469,0.0902489647269249,0.8682634830474854,0.8771754503250122
YPL053C,YGR195W,0,-1.0545672,0.09023959934711456,0.8682634830474854,0.8772754669189453
YMR121C,YDR538W,0,-1.0548577,0.09023024141788483,0.8682634830474854,0.8773754835128784
YOR198C,YFL002C,0,-1.0549221,0.09022088348865509,0.8682634830474854,0.8774755001068115
YLR128W,YDL214C,0,-1.0553217,0.09021153301000595,0.8682634830474854,0.8775755167007446
YPL145C,YLR206W,1,-1.0553348,0.090305857360363,0.8692615032196045,0.8775755167007446
YBR079C,YOR295W,0,-1.0553724,0.09029649943113327,0.8692615032196045,0.8776755332946777
YEL071W,YDR484W,0,-1.0554972,0.09028713405132294,0.8692615032196045,0.8777755498886108
YLR056W,YBL007C,1,-1.0556092,0.0903814285993576,0.8702594637870789,0.8777755498886108
YMR260C,YGR172C,0,-1.0560348,0.09037205576896667,0.8702594637870789,0.877875566482544
YFR046C,YDR214W,0,-1.0565603,0.09036269783973694,0.8702594637870789,0.877975583076477
YBR132C,YOR007C,0,-1.0566216,0.0903533324599266,0.8702594637870789,0.8780755996704102
YGL002W,YJL113W,0,-1.0570538,0.09034396708011627,0.8702594637870789,0.8781756162643433
YDR017C,YOR153W,0,-1.0574404,0.09033460915088654,0.8702594637870789,0.8782756328582764
YNL257C,YBR288C,0,-1.0575472,0.0903252512216568,0.8702594637870789,0.8783756494522095
YIL015W,YKL216W,0,-1.0575893,0.09031590074300766,0.8702594637870789,0.8784756660461426
YJR159W,YGL012W,0,-1.0580074,0.09030654281377792,0.8702594637870789,0.8785757422447205
YCR071C,YOL068C,0,-1.0584633,0.09029719233512878,0.8702594637870789,0.8786757588386536
YML024W,YNL272C,0,-1.0584943,0.09028784185647964,0.8702594637870789,0.8787757754325867
YCR073C,YBL002W,0,-1.058646,0.0902784988284111,0.8702594637870789,0.8788757920265198
YKR045C,YPL118W,0,-1.0592382,0.09026914834976196,0.8702594637870789,0.8789758086204529
YKL208W,YLR378C,0,-1.059379,0.09025980532169342,0.8702594637870789,0.879075825214386
YFL034C-B,YGL175C,0,-1.0594716,0.09025046229362488,0.8702594637870789,0.8791758418083191
YBR126C,YBL018C,0,-1.0595641,0.09024112671613693,0.8702594637870789,0.8792758584022522
YJL159W,YDR141C,0,-1.0598695,0.09023179113864899,0.8702594637870789,0.8793758749961853
YOR190W,YJR019C,0,-1.0605135,0.09022245556116104,0.8702594637870789,0.8794758915901184
YER183C,YFR044C,0,-1.0611706,0.0902131199836731,0.8702594637870789,0.8795759081840515
YIR007W,YOR171C,0,-1.0612694,0.09020378440618515,0.8702594637870789,0.8796759247779846
YGL002W,YOR088W,0,-1.0619307,0.0901944562792778,0.8702594637870789,0.8797759413719177
YMR135C,YIR033W,0,-1.0620652,0.09018512815237045,0.8702594637870789,0.8798759579658508
YDR506C,YJR086W,0,-1.06221,0.0901758000254631,0.8702594637870789,0.8799759745597839
YGL043W,YEL047C,0,-1.0622932,0.09016647934913635,0.8702594637870789,0.880075991153717
YIL127C,YKL084W,0,-1.0625896,0.090157151222229,0.8702594637870789,0.8801760077476501
YMR280C,YPR165W,0,-1.0635893,0.09014783054590225,0.8702594637870789,0.880276083946228
YJL028W,YPL024W,0,-1.0639341,0.0901385173201561,0.8702594637870789,0.8803761005401611
YGL134W,YPL232W,0,-1.0641775,0.09012919664382935,0.8702594637870789,0.8804761171340942
YKR092C,YBL018C,0,-1.064925,0.09011988341808319,0.8702594637870789,0.8805761337280273
YLR240W,YDR307W,0,-1.065274,0.09011057019233704,0.8702594637870789,0.8806761503219604
YKL008C,YML121W,0,-1.0657996,0.09010125696659088,0.8702594637870789,0.8807761669158936
YNL126W,YDR214W,0,-1.0658611,0.09009195119142532,0.8702594637870789,0.8808761835098267
YML062C,YPL128C,0,-1.0659885,0.09008264541625977,0.8702594637870789,0.8809762001037598
YOR094W,YNL152W,0,-1.0664163,0.09007333964109421,0.8702594637870789,0.8810762166976929
YOL128C,YDR186C,0,-1.0665107,0.09006403386592865,0.8702594637870789,0.881176233291626
YPL005W,YPL187W,0,-1.0665132,0.09005473554134369,0.8702594637870789,0.8812762498855591
YMR104C,YGR067C,0,-1.0666775,0.09004543721675873,0.8702594637870789,0.8813762664794922
YHR073W,YDR264C,1,-1.0670884,0.09013938903808594,0.871257483959198,0.8813762664794922
YGR086C,YNL243W,1,-1.0676571,0.09023332595825195,0.8722555041313171,0.8813762664794922
YNL305C,YOL137W,0,-1.0679746,0.0902240127325058,0.8722555041313171,0.8814762830734253
YNR023W,YKL101W,0,-1.0682569,0.09021469950675964,0.8722555041313171,0.8815762996673584
YLR206W,YKL129C,1,-1.0689982,0.09030859917402267,0.8732534646987915,0.8815762996673584
YGL234W,YOR336W,0,-1.0690101,0.09029927849769592,0.8732534646987915,0.8816763162612915
YOR208W,YHL033C,0,-1.0692116,0.09028995782136917,0.8732534646987915,0.8817763328552246
YEL060C,YDR409W,0,-1.0692458,0.09028064459562302,0.8732534646987915,0.8818763494491577
YER157W,YER160C,0,-1.0697367,0.09027133136987686,0.8732534646987915,0.8819763660430908
YJL028W,YHR062C,0,-1.0699135,0.0902620181441307,0.8732534646987915,0.8820764422416687
YLR135W,YGL145W,0,-1.0699282,0.09025270491838455,0.8732534646987915,0.8821764588356018
YPR058W,YNL058C,0,-1.0717461,0.090243399143219,0.8732534646987915,0.8822764754295349
YOR115C,YBR110W,0,-1.0721153,0.09023409336805344,0.8732534646987915,0.882376492023468
YLR369W,YER042W,0,-1.0721405,0.09022478759288788,0.8732534646987915,0.8824765086174011
YMR260C,YDR480W,0,-1.0727384,0.09021548926830292,0.8732534646987915,0.8825765252113342
YNL257C,YGR041W,0,-1.0733768,0.09020618349313736,0.8732534646987915,0.8826765418052673
YCR053W,YBR214W,1,-1.0738915,0.09029997140169144,0.8742514848709106,0.8826765418052673
YOR375C,YGL008C,0,-1.0740188,0.09029065817594528,0.8742514848709106,0.8827765583992004
YGR133W,YPL128C,0,-1.074132,0.09028135985136032,0.8742514848709106,0.8828765749931335
YCL062W,YHL018W,0,-1.0743334,0.09027205407619476,0.8742514848709106,0.8829765915870667
YLR398C,YJL074C,0,-1.0745838,0.0902627483010292,0.8742514848709106,0.8830766081809998
YGL044C,YDL201W,0,-1.0747266,0.09025344997644424,0.8742514848709106,0.8831766247749329
YFL018C,YPL128C,0,-1.0749849,0.09024415165185928,0.8742514848709106,0.883276641368866
YHR141C,YEL026W,0,-1.0750319,0.09023486077785492,0.8742514848709106,0.8833766579627991
YPL084W,YMR323W,0,-1.0750794,0.09022556245326996,0.8742514848709106,0.8834766745567322
YGR013W,YDR186C,0,-1.0758231,0.0902162715792656,0.8742514848709106,0.8835766911506653
YAR008W,YOR190W,0,-1.0760629,0.09020698070526123,0.8742514848709106,0.8836767077445984
YBR298C,YHR019C,0,-1.0761361,0.09019769728183746,0.8742514848709106,0.8837767839431763
YER006W,YNL116W,0,-1.0762938,0.0901884064078331,0.8742514848709106,0.8838768005371094
YNL139C,YPR020W,0,-1.0765117,0.09017912298440933,0.8742514848709106,0.8839768171310425
YDR099W,YHR072W-A,0,-1.0768479,0.09016983956098557,0.8742514848709106,0.8840768337249756
YHR124W,YOR360C,0,-1.0769256,0.0901605635881424,0.8742514848709106,0.8841768503189087
YGL156W,YBR014C,0,-1.0773187,0.09015128016471863,0.8742514848709106,0.8842768669128418
YHR112C,YDR051C,0,-1.0778674,0.09014200419187546,0.8742514848709106,0.8843768835067749
YDR006C,YDL049C,0,-1.0790317,0.09013272821903229,0.8742514848709106,0.884476900100708
YAL001C,YFR055W,0,-1.0798845,0.09012345969676971,0.8742514848709106,0.8845769166946411
YLR424W,YHR200W,0,-1.0799954,0.09011418372392654,0.8742514848709106,0.8846769332885742
YLR069C,YML126C,0,-1.0805706,0.09010491520166397,0.8742514848709106,0.8847769498825073
YCR067C,YEL020C,0,-1.0806779,0.0900956466794014,0.8742514848709106,0.8848769664764404
YJL207C,YIL131C,0,-1.0807158,0.09008638560771942,0.8742514848709106,0.8849769830703735
YLR410W,YEL046C,0,-1.0807598,0.09007712453603745,0.8742514848709106,0.8850769996643066
YIR003W,YDR123C,0,-1.0808668,0.09006785601377487,0.8742514848709106,0.8851770162582397
YMR047C,YGL044C,0,-1.0814874,0.09005860239267349,0.8742514848709106,0.8852770328521729
YJR086W,YOL089C,0,-1.0825527,0.09004934132099152,0.8742514848709106,0.885377049446106
YFL003C,YMR154C,0,-1.0826489,0.09004008769989014,0.8742514848709106,0.8854770660400391
YIL049W,YNL014W,0,-1.0833287,0.09003083407878876,0.8742514848709106,0.8855771422386169
YOR362C,YBR102C,0,-1.0833958,0.09002158045768738,0.8742514848709106,0.88567715883255
YBR228W,YDL153C,0,-1.0835876,0.090012326836586,0.8742514848709106,0.8857771754264832
YPL164C,YNR046W,0,-1.0836813,0.09000308066606522,0.8742514848709106,0.8858771920204163
YGR087C,YJR113C,0,-1.083712,0.08999383449554443,0.8742514848709106,0.8859772086143494
YPL124W,YGL175C,0,-1.0839876,0.08998458832502365,0.8742514848709106,0.8860772252082825
YMR058W,YGR172C,0,-1.0850251,0.08997534960508347,0.8742514848709106,0.8861772418022156
YIR021W,YDL213C,0,-1.0850908,0.08996611088514328,0.8742514848709106,0.8862772583961487
YOL075C,YHR128W,0,-1.0851494,0.0899568721652031,0.8742514848709106,0.8863772749900818
YGL224C,YGR121C,0,-1.0855608,0.08994763344526291,0.8742514848709106,0.8864772915840149
YBR280C,YGR183C,0,-1.0860673,0.08993839472532272,0.8742514848709106,0.886577308177948
YPR104C,YBR079C,0,-1.0861975,0.08992916345596313,0.8742514848709106,0.8866773247718811
YNL197C,YBL100W-A,0,-1.0874659,0.08991993218660355,0.8742514848709106,0.8867773413658142
YNR036C,YOR141C,0,-1.0875001,0.08991070836782455,0.8742514848709106,0.8868773579597473
YBR253W,YDR255C,0,-1.0875276,0.08990147709846497,0.8742514848709106,0.8869773745536804
YML093W,YJR093C,0,-1.0878187,0.08989225327968597,0.8742514848709106,0.8870773911476135
YPL132W,YJR113C,0,-1.0887332,0.08988302946090698,0.8742514848709106,0.8871774077415466
YIL066C,YNL125C,0,-1.0889509,0.08987380564212799,0.8742514848709106,0.8872774839401245
YKL008C,YER011W,0,-1.0892967,0.0898645892739296,0.8742514848709106,0.8873775005340576
YPL232W,YGL150C,0,-1.0898721,0.0898553729057312,0.8742514848709106,0.8874775171279907
YOR229W,YDL132W,0,-1.0905252,0.0898461565375328,0.8742514848709106,0.8875775337219238
YNR026C,YPR112C,0,-1.0913762,0.08983694016933441,0.8742514848709106,0.8876775503158569
YGR231C,YGR206W,0,-1.091582,0.08982773125171661,0.8742514848709106,0.88777756690979
YDR162C,YNL245C,0,-1.092165,0.08981851488351822,0.8742514848709106,0.8878775835037231
YOL044W,YCR083W,0,-1.0923011,0.08980930596590042,0.8742514848709106,0.8879776000976562
YEL020C,YNL220W,0,-1.0925211,0.08980010449886322,0.8742514848709106,0.8880776166915894
YLR342W,YGL245W,0,-1.0925912,0.08979089558124542,0.8742514848709106,0.8881776332855225
YHR063C,YMR121C,0,-1.0937707,0.08978169411420822,0.8742514848709106,0.8882776498794556
YGL001C,YCR028C-A,0,-1.0939639,0.08977249264717102,0.8742514848709106,0.8883776664733887
YPR201W,YPR121W,0,-1.0940514,0.08976329863071442,0.8742514848709106,0.8884776830673218
YPL192C,YOR367W,0,-1.0944643,0.08975409716367722,0.8742514848709106,0.8885776996612549
YKL096W,YOR188W,0,-1.0944996,0.08974490314722061,0.8742514848709106,0.888677716255188
YLR128W,YDL174C,0,-1.095072,0.08973570913076401,0.8742514848709106,0.8887777328491211
YJR044C,YPL270W,0,-1.0954726,0.0897265151143074,0.8742514848709106,0.8888777494430542
YML123C,YGR195W,0,-1.0959309,0.0897173285484314,0.8742514848709106,0.8889777660369873
YER078C,YOR188W,0,-1.0962288,0.08970814198255539,0.8742514848709106,0.8890778422355652
YLR128W,YLR216C,0,-1.0962768,0.08969895541667938,0.8742514848709106,0.8891778588294983
YGL048C,YIL168W,0,-1.0963231,0.08968976885080338,0.8742514848709106,0.8892778754234314
YBL067C,YBL005W-A,0,-1.0967629,0.08968058973550797,0.8742514848709106,0.8893778920173645
YHR050W,YIL129C,0,-1.0968301,0.08967141062021255,0.8742514848709106,0.8894779086112976
YKL208W,YNL099C,0,-1.0968713,0.08966223150491714,0.8742514848709106,0.8895779252052307
YKR025W,YNL220W,0,-1.0981443,0.08965305238962173,0.8742514848709106,0.8896779417991638
YDL092W,YGR092W,0,-1.0991342,0.08964388072490692,0.8742514848709106,0.8897779583930969
YNR056C,YKR042W,0,-1.0992652,0.08963470906019211,0.8742514848709106,0.88987797498703
YDR462W,YGR195W,0,-1.0994028,0.0896255373954773,0.8742514848709106,0.8899779915809631
YKL126W,YBR059C,1,-1.0994318,0.08971866965293884,0.8752495050430298,0.8899779915809631
YDR388W,YIL048W,1,-1.0995502,0.0898117870092392,0.8762475252151489,0.8899779915809631
YIL041W,YGR167W,1,-1.0996817,0.08990488201379776,0.8772454857826233,0.8899779915809631
YER026C,YNL329C,0,-1.09994,0.08989568054676056,0.8772454857826233,0.8900780081748962
YGR109C,YLR095C,0,-1.1013346,0.08988649398088455,0.8772454857826233,0.8901780247688293
YIL040W,YMR244C-A,0,-1.1016546,0.08987729996442795,0.8772454857826233,0.8902780413627625
YBR290W,YNL299W,0,-1.1017656,0.08986811339855194,0.8772454857826233,0.8903780579566956
YNL106C,YER058W,0,-1.1021713,0.08985892683267593,0.8772454857826233,0.8904780745506287
YDL020C,YDL044C,0,-1.1022104,0.08984974026679993,0.8772454857826233,0.8905780911445618
YOL013C,YNL245C,0,-1.1023767,0.08984055370092392,0.8772454857826233,0.8906781077384949
YNL053W,YKL152C,0,-1.1024833,0.08983137458562851,0.8772454857826233,0.8907781839370728
YEL034W,YLR226W,0,-1.1025858,0.0898221954703331,0.8772454857826233,0.8908782005310059
YPL237W,YGL038C,0,-1.1026332,0.08981301635503769,0.8772454857826233,0.890978217124939
YBR103W,YDR409W,0,-1.1029931,0.08980384469032288,0.8772454857826233,0.8910782337188721
YGR108W,YOR371C,0,-1.1032046,0.08979466557502747,0.8772454857826233,0.8911782503128052
YPL072W,YPR052C,0,-1.103224,0.08978549391031265,0.8772454857826233,0.8912782669067383
YML008C,YGL150C,0,-1.1037145,0.08977632224559784,0.8772454857826233,0.8913782835006714
YOL033W,YNL336W,0,-1.1058923,0.08976715803146362,0.8772454857826233,0.8914783000946045
YGR038C-A,YLR226W,0,-1.105998,0.0897579938173294,0.8772454857826233,0.8915783166885376
YNR075W,YBL007C,1,-1.1060488,0.08985093235969543,0.8782435059547424,0.8915783166885376
YNL154C,YJL020C,0,-1.1062214,0.08984175324440002,0.8782435059547424,0.8916783332824707
YLR307W,YJL138C,0,-1.1064823,0.08983258157968521,0.8782435059547424,0.8917783498764038
YPR104C,YDR143C,0,-1.106542,0.089823417365551,0.8782435059547424,0.8918783664703369
YFL034C-B,YOR003W,0,-1.1065849,0.08981424570083618,0.8782435059547424,0.89197838306427
YNL072W,YKL137W,0,-1.1072584,0.08980508148670197,0.8782435059547424,0.8920783996582031
YML029W,YNL148C,0,-1.1075325,0.08979591727256775,0.8782435059547424,0.8921784162521362
YPR151C,YGR033C,0,-1.1076969,0.08978675305843353,0.8782435059547424,0.8922784328460693
YDL181W,YDL194W,0,-1.1082795,0.08977759629487991,0.8782435059547424,0.8923784494400024
YJL204C,YNL243W,1,-1.108423,0.08987044543027878,0.8792415261268616,0.8923784494400024
YOL115W,YLR064W,0,-1.1087894,0.08986128121614456,0.8792415261268616,0.8924784660339355
YNL272C,YMR231W,0,-1.1093829,0.08985211700201035,0.8792415261268616,0.8925785422325134
YNR035C,YIR006C,1,-1.1095164,0.08994492888450623,0.8802395462989807,0.8925785422325134
YGL038C,YJL138C,0,-1.1100228,0.08993575721979141,0.8802395462989807,0.8926785588264465
YBR298C,YDL147W,0,-1.1102617,0.0899265930056572,0.8802395462989807,0.8927785754203796
YJL028W,YNL312W,0,-1.1108689,0.08991742134094238,0.8802395462989807,0.8928785920143127
YLR398C,YDR484W,0,-1.1110321,0.08990825712680817,0.8802395462989807,0.8929786086082458
YOR328W,YCR048W,0,-1.1116825,0.08989909291267395,0.8802395462989807,0.893078625202179
YDL025C,YFL016C,0,-1.1123443,0.08988992869853973,0.8802395462989807,0.8931786417961121
YDL005C,YAL001C,0,-1.1126146,0.08988077193498611,0.8802395462989807,0.8932786583900452
YLR057W,YCR042C,0,-1.1126714,0.0898716151714325,0.8802395462989807,0.8933786749839783
YBR103W,YPL008W,0,-1.1132092,0.08986245840787888,0.8802395462989807,0.8934786915779114
YBL007C,YOR181W,1,-1.1132593,0.089955173432827,0.8812375068664551,0.8934786915779114
YNL126W,YDL191W,0,-1.1134129,0.08994600921869278,0.8812375068664551,0.8935787081718445
YKL213C,YPL190C,0,-1.1141666,0.08993685245513916,0.8812375068664551,0.8936787247657776
YGL206C,YBR214W,1,-1.1147542,0.09002953767776489,0.8822355270385742,0.8936787247657776
YBL005W-A,YOR064C,0,-1.1156144,0.09002036601305008,0.8822355270385742,0.8937787413597107
YKL112W,YKR042W,0,-1.1157619,0.09001120179891586,0.8822355270385742,0.8938787579536438
YHR079C-A,YDR538W,0,-1.115888,0.09000203758478165,0.8822355270385742,0.8939787745475769
YBR236C,YLR308W,0,-1.1169784,0.08999287337064743,0.8822355270385742,0.89407879114151
YOR208W,YDL150W,0,-1.1171693,0.08998371660709381,0.8822355270385742,0.8941788077354431
YMR011W,YKL193C,0,-1.1176333,0.0899745523929596,0.8822355270385742,0.894278883934021
YIL023C,YML019W,0,-1.1177872,0.08996539562940598,0.8822355270385742,0.8943789005279541
YGL181W,YHR001W,1,-1.1187785,0.09005800634622574,0.8832335472106934,0.8943789005279541
YMR202W,YIL010W,0,-1.1190908,0.09004884213209152,0.8832335472106934,0.8944789171218872
YPL004C,YCR094W,1,-1.1192322,0.0901414155960083,0.8842315077781677,0.8944789171218872
YPL145C,YMR109W,1,-1.119233,0.09023397415876389,0.8852295279502869,0.8944789171218872
YKL125W,YIL017C,0,-1.1194139,0.09022480249404907,0.8852295279502869,0.8945789337158203
YNR039C,YOR188W,0,-1.1197618,0.09021562337875366,0.8852295279502869,0.8946789503097534
YER118C,YOR035C,0,-1.1198869,0.09020644426345825,0.8852295279502869,0.8947789669036865
YNL083W,YNL148C,0,-1.119894,0.09019727259874344,0.8852295279502869,0.8948789834976196
YGR065C,YDL222C,0,-1.1210035,0.09018810093402863,0.8852295279502869,0.8949790000915527
YML093W,YPR112C,0,-1.1214551,0.09017893671989441,0.8852295279502869,0.8950790166854858
YMR119W,YLR051C,0,-1.1214588,0.0901697650551796,0.8852295279502869,0.895179033279419
YOL094C,YDL092W,0,-1.1215007,0.09016060084104538,0.8852295279502869,0.895279049873352
YGR203W,YJR002W,0,-1.1216255,0.09015143662691116,0.8852295279502869,0.8953790664672852
YJR125C,YLL038C,1,-1.1217947,0.09024390578269958,0.886227548122406,0.8953790664672852
YDR338C,YOL034W,0,-1.1220312,0.09023473411798477,0.886227548122406,0.8954790830612183
YML131W,YKL211C,0,-1.1220331,0.09022556245326996,0.886227548122406,0.8955790996551514
YLR340W,YGL187C,0,-1.1221087,0.09021639823913574,0.886227548122406,0.8956791162490845
YPR171W,YIR006C,1,-1.122226,0.09030881524085999,0.8872255682945251,0.8956791162490845
YDR354W,YOR010C,0,-1.1232058,0.09029964357614517,0.8872255682945251,0.8957791328430176
YKR029C,YIL065C,0,-1.1237218,0.09029047191143036,0.8872255682945251,0.8958791494369507
YGR041W,YDL236W,0,-1.124108,0.09028130024671555,0.8872255682945251,0.8959792256355286
YNL035C,YKR099C-A,0,-1.1243173,0.09027213603258133,0.8872255682945251,0.8960792422294617
YBR179C,YHR072W-A,0,-1.1243448,0.09026297181844711,0.8872255682945251,0.8961792588233948
YIL103W,YGR231C,0,-1.1250404,0.0902538076043129,0.8872255682945251,0.8962792754173279
YPL268W,YDR034C-D,0,-1.1257837,0.09024464339017868,0.8872255682945251,0.896379292011261
YGR038W,YNL254C,0,-1.1258745,0.09023548662662506,0.8872255682945251,0.8964793086051941
YGL250W,YGR038C-A,0,-1.1262429,0.09022632986307144,0.8872255682945251,0.8965793251991272
YDR119W,YIL168W,0,-1.1262482,0.09021717309951782,0.8872255682945251,0.8966793417930603
YJL123C,YJL159W,0,-1.1262676,0.0902080163359642,0.8872255682945251,0.8967793583869934
YPL132W,YKL176C,0,-1.1265572,0.09019886702299118,0.8872255682945251,0.8968793749809265
YOL041C,YDR079C-A,0,-1.1272756,0.09018971025943756,0.8872255682945251,0.8969793915748596
YPR075C,YBR014C,0,-1.1274221,0.09018056094646454,0.8872255682945251,0.8970794081687927
YDL159W,YJR086W,0,-1.1274927,0.09017141908407211,0.8872255682945251,0.8971794247627258
YDL052C,YOR198C,0,-1.1281149,0.09016226977109909,0.8872255682945251,0.8972794413566589
YCL019W,YLR138W,0,-1.1282647,0.09015312790870667,0.8872255682945251,0.897379457950592
YMR197C,YKL193C,0,-1.1283244,0.09014398604631424,0.8872255682945251,0.8974794745445251
YGR133W,YJR113C,0,-1.1283644,0.09013484418392181,0.8872255682945251,0.8975794911384583
YFL052W,YHR026W,0,-1.1287541,0.09012570977210999,0.8872255682945251,0.8976795077323914
YNL326C,YIL097W,0,-1.1292816,0.09011657536029816,0.8872255682945251,0.8977795839309692
YFR004W,YER094C,0,-1.1293685,0.09010744094848633,0.8872255682945251,0.8978796005249023
YGL044C,YBL003C,0,-1.129441,0.0900983065366745,0.8872255682945251,0.8979796171188354
YDR346C,YCR008W,0,-1.1294963,0.09008917957544327,0.8872255682945251,0.8980796337127686
YOR321W,YKL152C,0,-1.1295267,0.09008004516363144,0.8872255682945251,0.8981796503067017
YPR183W,YKL213C,0,-1.129607,0.0900709256529808,0.8872255682945251,0.8982796669006348
YDR006C,YOL013C,0,-1.1299776,0.09006179869174957,0.8872255682945251,0.8983796834945679
YBR302C,YJL210W,0,-1.1304379,0.09005267173051834,0.8872255682945251,0.898479700088501
YOR035C,YDR484W,0,-1.1309521,0.0900435522198677,0.8872255682945251,0.8985797166824341
YBR008C,YKR039W,0,-1.1312321,0.09003443270921707,0.8872255682945251,0.8986797332763672
YBR019C,YPL003W,0,-1.131459,0.09002531319856644,0.8872255682945251,0.8987797498703003
YER078C,YJL207C,0,-1.1314677,0.0900162011384964,0.8872255682945251,0.8988797664642334
YNL299W,YGR249W,0,-1.1319273,0.09000708907842636,0.8872255682945251,0.8989797830581665
YGL125W,YDR488C,0,-1.1322364,0.08999797701835632,0.8872255682945251,0.8990797996520996
YHR141C,YOR007C,0,-1.1331558,0.08998886495828629,0.8872255682945251,0.8991798162460327
YPL283C,YKR045C,0,-1.1333402,0.08997976034879684,0.8872255682945251,0.8992798328399658
YJL204C,YOR188W,0,-1.1336067,0.0899706482887268,0.8872255682945251,0.8993798494338989
YGL020C,YBR068C,0,-1.1338657,0.08996154367923737,0.8872255682945251,0.8994799256324768
YKR067W,YIL158W,0,-1.1341608,0.08995244652032852,0.8872255682945251,0.8995799422264099
YOR043W,YBR214W,1,-1.1342258,0.09004451334476471,0.8882235288619995,0.8995799422264099
YKR045C,YDL044C,0,-1.1344476,0.09003540873527527,0.8882235288619995,0.899679958820343
YLR135W,YJL203W,0,-1.134613,0.09002629667520523,0.8882235288619995,0.8997799754142761
YKL208W,YKL222C,0,-1.1346714,0.09001719206571579,0.8882235288619995,0.8998799920082092
YOR237W,YLR206W,1,-1.1348162,0.09010922163724899,0.8892215490341187,0.8998799920082092
YDL159W,YOR368W,0,-1.1355028,0.09010010957717896,0.8892215490341187,0.8999800086021423
YNL067W,YOR058C,0,-1.1357759,0.09009099751710892,0.8892215490341187,0.9000800251960754
YDR017C,YER001W,0,-1.1362656,0.09008189290761948,0.8892215490341187,0.9001800417900085
YPR183W,YDL213C,0,-1.1369033,0.09007278829813004,0.8892215490341187,0.9002800583839417
YGL047W,YOR360C,0,-1.1373966,0.0900636836886406,0.8892215490341187,0.9003800749778748
YBL101C,YNL020C,1,-1.1376853,0.09015564620494843,0.8902195692062378,0.9003800749778748
YPR101W,YPL232W,0,-1.1384937,0.09014654159545898,0.8902195692062378,0.9004800915718079
YLR376C,YBR201W,0,-1.1387355,0.09013742953538895,0.8902195692062378,0.900580108165741
YGL130W,YML024W,0,-1.1387868,0.0901283249258995,0.8902195692062378,0.9006801247596741
YPL003W,YNL272C,0,-1.1387991,0.09011921286582947,0.8902195692062378,0.9007801413536072
YDR069C,YPR165W,1,-1.1391349,0.09021113067865372,0.8912175893783569,0.9007801413536072
YDR069C,YFL039C,1,-1.1401442,0.09030303359031677,0.8922155499458313,0.9007801413536072
YMR011W,YHR018C,0,-1.1407475,0.09029390662908554,0.8922155499458313,0.9008801579475403
YER124C,YNL005C,0,-1.1410081,0.0902847945690155,0.8922155499458313,0.9009801745414734
YPL227C,YML118W,0,-1.1410403,0.09027567505836487,0.8922155499458313,0.9010801911354065
YNL316C,YGR166W,0,-1.1421134,0.09026655554771423,0.8922155499458313,0.9011802077293396
YFL016C,YCL026C-A,0,-1.1421435,0.0902574434876442,0.8922155499458313,0.9012802839279175
YDR099W,YJR161C,0,-1.1423559,0.09024833142757416,0.8922155499458313,0.9013803005218506
YHR134W,YGR121C,0,-1.142413,0.09023922681808472,0.8922155499458313,0.9014803171157837
YIR006C,YDL019C,1,-1.1425998,0.0903310477733612,0.8932135701179504,0.9014803171157837
YAL005C,YBR210W,0,-1.1427534,0.09032192826271057,0.8932135701179504,0.9015803337097168
YPL009C,YOR083W,0,-1.1428357,0.09031281620264053,0.8932135701179504,0.9016803503036499
YOR094W,YMR014W,0,-1.1433058,0.0903037041425705,0.8932135701179504,0.901780366897583
YJR105W,YGR132C,0,-1.143795,0.09029459208250046,0.8932135701179504,0.9018803834915161
YLR362W,YLR133W,0,-1.1442022,0.09028548002243042,0.8932135701179504,0.9019804000854492
YDR302W,YOL089C,0,-1.1443911,0.09027637541294098,0.8932135701179504,0.9020804166793823
YGL134W,YBR179C,0,-1.1446093,0.09026727080345154,0.8932135701179504,0.9021804332733154
YGL002W,YNR075W,0,-1.1476544,0.0902581661939621,0.8932135701179504,0.9022804498672485
YPR065W,YGL008C,0,-1.1480575,0.09024906903505325,0.8932135701179504,0.9023804664611816
YGL100W,YMR260C,0,-1.1482209,0.09023996442556381,0.8932135701179504,0.9024804830551147
YKL008C,YLR027C,0,-1.1484572,0.09023086726665497,0.8932135701179504,0.9025804996490479
YDR267C,YFL008W,0,-1.1499127,0.09022177755832672,0.8932135701179504,0.902680516242981
YDR171W,YMR199W,0,-1.1500986,0.09021268039941788,0.8932135701179504,0.9027805328369141
YFR042W,YPL024W,0,-1.1501558,0.09020359069108963,0.8932135701179504,0.9028805494308472
YEL020C,YLR308W,0,-1.150243,0.09019450098276138,0.8932135701179504,0.902980625629425
YLR240W,YOL001W,0,-1.150897,0.09018541127443314,0.8932135701179504,0.9030806422233582
YNL090W,YPR201W,0,-1.1510193,0.09017632156610489,0.8932135701179504,0.9031806588172913
YLR398C,YMR305C,0,-1.1511104,0.09016723930835724,0.8932135701179504,0.9032806754112244
YGR091W,YJL203W,0,-1.1512885,0.09015815705060959,0.8932135701179504,0.9033806920051575
YMR202W,YOR307C,0,-1.1515161,0.09014907479286194,0.8932135701179504,0.9034807085990906
YLR136C,YDL174C,0,-1.151576,0.09013999253511429,0.8932135701179504,0.9035807251930237
YDL193W,YDR267C,0,-1.1523151,0.09013091772794724,0.8932135701179504,0.9036807417869568
YOL148C,YDR291W,0,-1.1523318,0.09012184292078018,0.8932135701179504,0.9037807583808899
YHR114W,YIL041W,1,-1.1536398,0.09021344780921936,0.8942115902900696,0.9037807583808899
YKR003W,YJR161C,0,-1.1536651,0.09020436555147171,0.8942115902900696,0.903880774974823
YML066C,YJR014W,0,-1.1547472,0.09019529074430466,0.8942115902900696,0.9039807915687561
YCR068W,YDL191W,0,-1.1549389,0.090186208486557,0.8942115902900696,0.9040808081626892
YOR361C,YPR103W,0,-1.1549592,0.09017713367938995,0.8942115902900696,0.9041808247566223
YOR368W,YER124C,0,-1.1550264,0.0901680588722229,0.8942115902900696,0.9042808413505554
YMR021C,YMR068W,0,-1.155484,0.09015898406505585,0.8942115902900696,0.9043808579444885
YIR021W,YBR102C,0,-1.1562684,0.09014991670846939,0.8942115902900696,0.9044808745384216
YDR338C,YOR083W,0,-1.1565979,0.09014084190130234,0.8942115902900696,0.9045808911323547
YGL181W,YPL145C,1,-1.1578085,0.09023237228393555,0.8952096104621887,0.9045808911323547
YML066C,YNL106C,0,-1.1580116,0.0902232974767685,0.8952096104621887,0.9046809077262878
YGL255W,YOR003W,0,-1.1580561,0.09021422266960144,0.8952096104621887,0.9047809839248657
YCL019W,YNR051C,0,-1.15844,0.09020514786243439,0.8952096104621887,0.9048810005187988
YBR070C,YJR093C,0,-1.1584597,0.09019608050584793,0.8952096104621887,0.9049810171127319
YMR236W,YBR088C,0,-1.1587627,0.09018701314926147,0.8952096104621887,0.905081033706665
YLR371W,YGR167W,1,-1.1588138,0.09027847647666931,0.8962075710296631,0.905081033706665
YJL151C,YPL158C,0,-1.1607201,0.09026940166950226,0.8962075710296631,0.9051810503005981
YLR332W,YJL091C,0,-1.16083,0.0902603268623352,0.8962075710296631,0.9052810668945312
YGR247W,YBR079C,0,-1.1609426,0.09025125950574875,0.8962075710296631,0.9053810834884644
YKL086W,YBL004W,0,-1.1611615,0.0902421846985817,0.8962075710296631,0.9054811000823975
YDL155W,YMR113W,0,-1.1616619,0.09023311734199524,0.8962075710296631,0.9055811166763306
YNL088W,YGR215W,0,-1.162067,0.09022404998540878,0.8962075710296631,0.9056811332702637
YNL047C,YOR360C,0,-1.1626652,0.09021499007940292,0.8962075710296631,0.9057811498641968
YNL323W,YNL154C,0,-1.1627467,0.09020593017339706,0.8962075710296631,0.9058811664581299
YOR321W,YNL270C,0,-1.1628224,0.09019686281681061,0.8962075710296631,0.905981183052063
YBR203W,YCL033C,0,-1.1634846,0.09018781036138535,0.8962075710296631,0.9060811996459961
YMR079W,YNL256W,0,-1.1635027,0.09017875045537949,0.8962075710296631,0.9061812162399292
YKL152C,YGL125W,0,-1.1636572,0.09016969799995422,0.8962075710296631,0.9062812328338623
YPL047W,YNL326C,0,-1.1639642,0.09016064554452896,0.8962075710296631,0.9063812494277954
YER035W,YPL266W,0,-1.1649394,0.0901515930891037,0.8962075710296631,0.9064813256263733
YLR027C,YNL270C,0,-1.165446,0.09014254063367844,0.8962075710296631,0.9065813422203064
YJR044C,YNL225C,0,-1.1654937,0.09013349562883377,0.8962075710296631,0.9066813588142395
YOR229W,YPL005W,0,-1.1665859,0.0901244506239891,0.8962075710296631,0.9067813754081726
YHL009C,YPR066W,0,-1.1683927,0.09011540561914444,0.8962075710296631,0.9068813920021057
YER003C,YLR410W,0,-1.1684362,0.09010636061429977,0.8962075710296631,0.9069814085960388
YNL064C,YMR014W,0,-1.1686571,0.0900973230600357,0.8962075710296631,0.9070814251899719
YJR105W,YBR167C,0,-1.1686716,0.09008828550577164,0.8962075710296631,0.907181441783905
YOR322C,YNR035C,1,-1.1687433,0.09017955511808395,0.8972055912017822,0.907181441783905
YBR109C,YPL032C,1,-1.168901,0.09027080982923508,0.8982036113739014,0.907181441783905
YGR203W,YBR236C,0,-1.1693125,0.09026175737380981,0.8982036113739014,0.9072814583778381
YKL027W,YLR035C,0,-1.1703447,0.09025270491838455,0.8982036113739014,0.9073814749717712
YMR079W,YCR083W,0,-1.1704595,0.09024365991353989,0.8982036113739014,0.9074814915657043
YMR277W,YFR055W,0,-1.1707847,0.09023460745811462,0.8982036113739014,0.9075815081596375
YGR087C,YDR043C,0,-1.170878,0.09022556245326996,0.8982036113739014,0.9076815247535706
YIL023C,YPL084W,0,-1.1718242,0.09021651744842529,0.8982036113739014,0.9077815413475037
YMR263W,YOR202W,0,-1.1730499,0.09020747989416122,0.8982036113739014,0.9078815579414368
YER058W,YMR231W,0,-1.173056,0.09019843488931656,0.8982036113739014,0.9079815745353699
YDR143C,YLR066W,0,-1.1733133,0.09018939733505249,0.8982036113739014,0.908081591129303
YBL006C,YDR027C,0,-1.1734567,0.09018035978078842,0.8982036113739014,0.9081816077232361
YNR056C,YGL124C,0,-1.1734799,0.09017132222652435,0.8982036113739014,0.908281683921814
YIR033W,YGR087C,0,-1.1740408,0.09016229212284088,0.8982036113739014,0.9083817005157471
YOL039W,YBR098W,0,-1.1741822,0.09015326201915741,0.8982036113739014,0.9084817171096802
YKL113C,YBL071W-A,0,-1.1742573,0.09014423191547394,0.8982036113739014,0.9085817337036133
YDR210W-D,YML114C,0,-1.1745167,0.09013520181179047,0.8982036113739014,0.9086817502975464
YGL134W,YDR079C-A,0,-1.1754153,0.09012617915868759,0.8982036113739014,0.9087817668914795
YOL075C,YOL089C,0,-1.1755068,0.09011714905500412,0.8982036113739014,0.9088817834854126
YHR016C,YER125W,1,-1.1758404,0.09020824730396271,0.8992015719413757,0.9088817834854126
YDR034C-D,YJL160C,0,-1.1762141,0.09019921720027924,0.8992015719413757,0.9089818000793457
YCR073C,YPR185W,0,-1.1764343,0.09019018709659576,0.8992015719413757,0.9090818166732788
YGL121C,YHR178W,0,-1.1766658,0.09018116444349289,0.8992015719413757,0.9091818332672119
YJL042W,YDR037W,0,-1.1768498,0.09017213433980942,0.8992015719413757,0.909281849861145
YGR087C,YEL020C,0,-1.177321,0.09016311168670654,0.8992015719413757,0.9093818664550781
YDR385W,YGL130W,0,-1.1777408,0.09015408903360367,0.8992015719413757,0.9094818830490112
YDL188C,YBR021W,0,-1.1778417,0.09014507383108139,0.8992015719413757,0.9095818996429443
YBR132C,YHR107C,0,-1.1794312,0.09013605117797852,0.8992015719413757,0.9096819162368774
YBL047C,YBL007C,1,-1.1802235,0.09022706747055054,0.9001995921134949,0.9096819162368774
YDR302W,YLR275W,0,-1.1802275,0.09021804481744766,0.9001995921134949,0.9097819328308105
YNL083W,YPL270W,0,-1.1805606,0.09020902216434479,0.9001995921134949,0.9098819494247437
YPL145C,YBR214W,1,-1.1807094,0.09030000120401382,0.901197612285614,0.9098819494247437
YKL125W,YOR205C,0,-1.1811695,0.09029097110033035,0.901197612285614,0.9099820256233215
YNL124W,YIL040W,0,-1.181208,0.09028194099664688,0.901197612285614,0.9100820422172546
YNL256W,YER073W,0,-1.1813757,0.090272918343544,0.901197612285614,0.9101820588111877
YNL024C-A,YOR343C-B,0,-1.1818016,0.09026389569044113,0.901197612285614,0.9102820754051208
YJL177W,YDL214C,0,-1.1819817,0.09025487303733826,0.901197612285614,0.910382091999054
YMR263W,YBR152W,0,-1.1824276,0.09024585038423538,0.901197612285614,0.9104821085929871
YML075C,YIL122W,0,-1.1825817,0.0902368351817131,0.901197612285614,0.9105821251869202
YGL206C,YGR167W,1,-1.1826524,0.09032773971557617,0.9021956324577332,0.9105821251869202
YCR020W-B,YOR130C,0,-1.1827054,0.0903187096118927,0.9021956324577332,0.9106821417808533
YLR405W,YKL216W,0,-1.1827558,0.09030968695878983,0.9021956324577332,0.9107821583747864
YGR086C,YNR075W,1,-1.183556,0.0904005616903305,0.9031935930252075,0.9107821583747864
YOR361C,YER141W,0,-1.1836673,0.09039153158664703,0.9031935930252075,0.9108821749687195
YJR047C,YOR344C,0,-1.1837676,0.09038250148296356,0.9031935930252075,0.9109821915626526
YDR163W,YLL028W,0,-1.1846831,0.09037347882986069,0.9031935930252075,0.9110822081565857
YJR047C,YJR086W,0,-1.1847594,0.09036445617675781,0.9031935930252075,0.9111822247505188
YMR236W,YNR049C,0,-1.1850958,0.09035543352365494,0.9031935930252075,0.9112822413444519
YPL055C,YJR113C,0,-1.1851003,0.09034641087055206,0.9031935930252075,0.911382257938385
YJR095W,YDR237W,0,-1.1852973,0.09033739566802979,0.9031935930252075,0.9114822745323181
YHR216W,YBR098W,0,-1.1861758,0.09032837301492691,0.9031935930252075,0.9115822911262512
YOR033C,YJR007W,0,-1.1863002,0.09031935781240463,0.9031935930252075,0.9116823077201843
YLR336C,YNR049C,0,-1.1869211,0.09031035006046295,0.9031935930252075,0.9117823839187622
YJR113C,YCL020W,0,-1.188618,0.09030133485794067,0.9031935930252075,0.9118824005126953
YHR091C,YGL156W,0,-1.1890035,0.09029232710599899,0.9031935930252075,0.9119824171066284
YKL208W,YNL279W,0,-1.189066,0.09028331935405731,0.9031935930252075,0.9120824337005615
YML131W,YDR363W,0,-1.1892931,0.09027431160211563,0.9031935930252075,0.9121824502944946
YDR339C,YLL023C,0,-1.1897302,0.09026531130075455,0.9031935930252075,0.9122824668884277
YGR157W,YDL058W,0,-1.1910647,0.09025631099939346,0.9031935930252075,0.9123824834823608
YGL124C,YML038C,0,-1.1910716,0.09024731069803238,0.9031935930252075,0.912482500076294
YNL083W,YDL222C,0,-1.1915671,0.0902383103966713,0.9031935930252075,0.912582516670227
YMR106C,YOR339C,0,-1.1917279,0.09022931009531021,0.9031935930252075,0.9126825332641602
YPR101W,YNR036C,0,-1.1919596,0.09022031724452972,0.9031935930252075,0.9127825498580933
YGL125W,YNL134C,0,-1.1922771,0.09021132439374924,0.9031935930252075,0.9128825664520264
YJL137C,YGL055W,0,-1.1923232,0.09020233154296875,0.9031935930252075,0.9129825830459595
YOR190W,YFL034C-A,0,-1.1926646,0.09019334614276886,0.9031935930252075,0.9130825996398926
YBL042C,YIL129C,0,-1.193187,0.09018435329198837,0.9031935930252075,0.9131826162338257
YDL168W,YLR388W,0,-1.1933026,0.09017536789178848,0.9031935930252075,0.9132826328277588
YDR365W-B,YBR167C,0,-1.1941189,0.09016638249158859,0.9031935930252075,0.9133826494216919
YNL312W,YPL192C,0,-1.1941693,0.0901574045419693,0.9031935930252075,0.9134827256202698
YBL006C,YPL217C,0,-1.1942716,0.09014841914176941,0.9031935930252075,0.9135827422142029
YBR079C,YNL148C,0,-1.1945772,0.09013944119215012,0.9031935930252075,0.913682758808136
YIL099W,YGR209C,0,-1.1955585,0.09013046324253082,0.9031935930252075,0.9137827754020691
YGL022W,YBR014C,0,-1.1955774,0.09012149274349213,0.9031935930252075,0.9138827919960022
YDL236W,YGL175C,0,-1.195765,0.09011251479387283,0.9031935930252075,0.9139828085899353
YPL217C,YPR164W,0,-1.196562,0.09010354429483414,0.9031935930252075,0.9140828251838684
YCR097W,YML075C,0,-1.1965977,0.09009457379579544,0.9031935930252075,0.9141828417778015
YKL208W,YMR291W,0,-1.196953,0.09008560329675674,0.9031935930252075,0.9142828583717346
YJL028W,YHR187W,0,-1.197552,0.09007664024829865,0.9031935930252075,0.9143828749656677
YHR042W,YGL150C,0,-1.1984826,0.09006767719984055,0.9031935930252075,0.9144828915596008
YBR073W,YIL157C,0,-1.1997321,0.09005871415138245,0.9031935930252075,0.9145829081535339
YOL008W,YLR362W,0,-1.2000027,0.09004975110292435,0.9031935930252075,0.914682924747467
YHR003C,YGL125W,0,-1.2001321,0.09004079550504684,0.9031935930252075,0.9147829413414001
YCR017C,YDL156W,0,-1.2007035,0.09003183245658875,0.9031935930252075,0.9148829579353333
YFR042W,YIL097W,0,-1.2008449,0.09002287685871124,0.9031935930252075,0.9149829745292664
YNL124W,YGR256W,0,-1.2008673,0.09001392126083374,0.9031935930252075,0.9150829911231995
YLR423C,YDR480W,0,-1.2013273,0.09000497311353683,0.9031935930252075,0.9151830077171326
YGL160W,YGL054C,0,-1.2015269,0.08999602496623993,0.9031935930252075,0.9152830839157104
YDR069C,YDL019C,1,-1.2017127,0.09008650481700897,0.9041916131973267,0.9152830839157104
YDR365W-B,YLL028W,0,-1.2021234,0.09007754921913147,0.9041916131973267,0.9153831005096436
YLR174W,YEL026W,0,-1.2023984,0.09006859362125397,0.9041916131973267,0.9154831171035767
YIL066C,YPL187W,0,-1.202687,0.09005964547395706,0.9041916131973267,0.9155831336975098
YLR310C,YFL062W,0,-1.2038273,0.09005068987607956,0.9041916131973267,0.9156831502914429
YJL111W,YLR133W,0,-1.2042133,0.09004174172878265,0.9041916131973267,0.915783166885376
YER042W,YDR488C,0,-1.2047156,0.09003279358148575,0.9041916131973267,0.9158831834793091
YPL162C,YNL134C,0,-1.2048774,0.09002384543418884,0.9041916131973267,0.9159832000732422
YOL128C,YOL088C,0,-1.2055938,0.09001490473747253,0.9041916131973267,0.9160832166671753
YNL090W,YJR002W,0,-1.2062,0.09000596404075623,0.9041916131973267,0.9161832332611084
YDR097C,YCR079W,0,-1.206608,0.08999702334403992,0.9041916131973267,0.9162832498550415
YKL091C,YDR194C,0,-1.2070712,0.08998808264732361,0.9041916131973267,0.9163832664489746
YDL213C,YNL272C,0,-1.2076517,0.0899791419506073,0.9041916131973267,0.9164832830429077
YOR307C,YCR033W,0,-1.2079453,0.08997020870447159,0.9041916131973267,0.9165832996368408
YHR134W,YKR065C,0,-1.2080029,0.08996127545833588,0.9041916131973267,0.9166833162307739
YDL188C,YPR094W,0,-1.2081708,0.08995234221220016,0.9041916131973267,0.916783332824707
YGR108W,YFL002C,0,-1.2085263,0.08994341641664505,0.9041916131973267,0.9168833494186401
YBR167C,YFR055W,0,-1.209394,0.08993448317050934,0.9041916131973267,0.916983425617218
YJL151C,YDR156W,0,-1.2102871,0.08992555737495422,0.9041916131973267,0.9170834422111511
YJL210W,YGR092W,0,-1.2104559,0.08991663157939911,0.9041916131973267,0.9171834588050842
YJR125C,YPL032C,1,-1.2105559,0.09000694751739502,0.9051896333694458,0.9171834588050842
YDR462W,YIL065C,0,-1.2106638,0.08999801427125931,0.9051896333694458,0.9172834753990173
YPL268W,YDL122W,0,-1.210803,0.0899890884757042,0.9051896333694458,0.9173834919929504
YNL300W,YCR071C,0,-1.2113979,0.08998015522956848,0.9051896333694458,0.9174835085868835
YER146W,YNL279W,0,-1.2117493,0.08997122943401337,0.9051896333694458,0.9175835251808167
YBR298C,YCR020W-B,0,-1.2122674,0.08996231108903885,0.9051896333694458,0.9176835417747498
YGR132C,YNL093W,0,-1.2138875,0.08995338529348373,0.9051896333694458,0.9177835583686829
YER069W,YNL316C,0,-1.2139382,0.08994446694850922,0.9051896333694458,0.917883574962616
YEL026W,YGR207C,0,-1.2147084,0.0899355486035347,0.9051896333694458,0.9179835915565491
YDR099W,YLR216C,0,-1.2148163,0.08992663025856018,0.9051896333694458,0.9180836081504822
YGR041W,YER122C,0,-1.2155995,0.08991771936416626,0.9051896333694458,0.9181836247444153
YDR488C,YBR004C,0,-1.216755,0.08990880101919174,0.9051896333694458,0.9182836413383484
YKL113C,YDR480W,0,-1.2175963,0.08989989012479782,0.9051896333694458,0.9183836579322815
YPR094W,YLR405W,0,-1.2179089,0.0898909792304039,0.9051896333694458,0.9184836745262146
YDR264C,YPL032C,1,-1.2179806,0.08998116850852966,0.9061876535415649,0.9184836745262146
YLR003C,YBL100W-A,0,-1.2181518,0.08997225761413574,0.9061876535415649,0.9185836911201477
YOL094C,YDR153C,0,-1.218694,0.08996333926916122,0.9061876535415649,0.9186837077140808
YDR051C,YBR199W,0,-1.2188017,0.0899544283747673,0.9061876535415649,0.9187837839126587
YOR149C,YIL082W-A,0,-1.218852,0.08994551748037338,0.9061876535415649,0.9188838005065918
YCR028C,YLR206W,1,-1.2197809,0.09003565460443497,0.9071856141090393,0.9188838005065918
YDR394W,YGL044C,0,-1.2202271,0.09002674371004105,0.9071856141090393,0.9189838171005249
YNL222W,YGL145W,0,-1.2204118,0.09001782536506653,0.9071856141090393,0.919083833694458
YDR388W,YLR342W,1,-1.2211177,0.09010793268680573,0.9081836342811584,0.919083833694458
YGR192C,YLL039C,0,-1.2216241,0.09009900689125061,0.9081836342811584,0.9191838502883911
YER003C,YHR191C,0,-1.2225778,0.09009008854627609,0.9081836342811584,0.9192838668823242
YJR090C,YNR036C,0,-1.222651,0.09008117020130157,0.9081836342811584,0.9193838834762573
YLR233C,YJR091C,0,-1.2232671,0.09007225930690765,0.9081836342811584,0.9194839000701904
YHR115C,YBL018C,0,-1.2234876,0.09006334096193314,0.9081836342811584,0.9195839166641235
YOL033W,YLL036C,0,-1.2236276,0.09005443006753922,0.9081836342811584,0.9196839332580566
YJL042W,YOR178C,0,-1.2238204,0.0900455191731453,0.9081836342811584,0.9197839498519897
YJL123C,YGL001C,0,-1.2238821,0.09003660827875137,0.9081836342811584,0.9198839664459229
YLR240W,YIL073C,0,-1.2239636,0.09002769738435745,0.9081836342811584,0.919983983039856
YFR009W,YBL101C,0,-1.2242374,0.09001879394054413,0.9081836342811584,0.9200839996337891
YOL013C,YFL003C,0,-1.2243452,0.0900098904967308,0.9081836342811584,0.9201840162277222
YHR016C,YNL243W,1,-1.2251619,0.09009989351034164,0.9091816544532776,0.9201840162277222
YER078C,YHR018C,0,-1.2263353,0.09009098261594772,0.9091816544532776,0.9202840328216553
YER078C,YPL008W,0,-1.2268579,0.0900820717215538,0.9091816544532776,0.9203840494155884
YPL227C,YKR018C,0,-1.2281961,0.09007316827774048,0.9091816544532776,0.9204841256141663
YER172C,YPL008W,0,-1.2283162,0.09006425738334656,0.9091816544532776,0.9205841422080994
YKR003W,YDL019C,1,-1.2292755,0.09015420824289322,0.910179615020752,0.9205841422080994
YPL009C,YOL044W,0,-1.2293391,0.0901452973484993,0.910179615020752,0.9206841588020325
YCL010C,YOR022C,0,-1.2297935,0.09013639390468597,0.910179615020752,0.9207841753959656
YCR071C,YLR210W,0,-1.2308099,0.09012748301029205,0.910179615020752,0.9208841919898987
YGR023W,YNR075W,0,-1.231084,0.09011857956647873,0.910179615020752,0.9209842085838318
YNL316C,YHR152W,0,-1.2325011,0.0901096761226654,0.910179615020752,0.9210842251777649
YDR097C,YER172C,0,-1.233727,0.09010077267885208,0.910179615020752,0.921184241771698
YCR042C,YIR035C,0,-1.234468,0.09009186923503876,0.910179615020752,0.9212842583656311
YML069W,YPR124W,0,-1.2357135,0.09008297324180603,0.910179615020752,0.9213842749595642
YOR094W,YFR004W,0,-1.235917,0.0900740772485733,0.910179615020752,0.9214842915534973
YBR106W,YMR154C,0,-1.2360525,0.09006518125534058,0.910179615020752,0.9215843081474304
YPL045W,YOR371C,0,-1.2367381,0.09005628526210785,0.910179615020752,0.9216843247413635
YHR032W,YER169W,0,-1.2368248,0.09004739671945572,0.910179615020752,0.9217843413352966
YIR035C,YDR267C,0,-1.2372187,0.09003850072622299,0.910179615020752,0.9218843579292297
YMR263W,YBL006C,0,-1.2374501,0.09002961218357086,0.910179615020752,0.9219843745231628
YOL027C,YMR134W,0,-1.2375467,0.09002073109149933,0.910179615020752,0.922084391117096
YDL181W,YIL085C,0,-1.2376549,0.0900118425488472,0.910179615020752,0.922184407711029
YJL154C,YLR222C,0,-1.2382765,0.09000296145677567,0.910179615020752,0.9222844839096069
YDR171W,YKL065C,0,-1.2391201,0.08999408036470413,0.910179615020752,0.92238450050354
YBL042C,YGL150C,0,-1.2401445,0.0899851992726326,0.910179615020752,0.9224845170974731
YHR104W,YDR051C,0,-1.2403905,0.08997632563114166,0.910179615020752,0.9225845336914062
YBR210W,YDL014W,0,-1.2405392,0.08996744453907013,0.910179615020752,0.9226845502853394
YPR158W-A,YBR008C,0,-1.2409875,0.0899585708975792,0.910179615020752,0.9227845668792725
YDL150W,YNL336W,0,-1.2419302,0.08994969725608826,0.910179615020752,0.9228845834732056
YDR184C,YGL033W,0,-1.2423494,0.08994083106517792,0.910179615020752,0.9229846000671387
YCL033C,YGR161C-C,0,-1.2427438,0.08993195742368698,0.910179615020752,0.9230846166610718
YDR452W,YLR178C,0,-1.2428056,0.08992309123277664,0.910179615020752,0.9231846332550049
YDR388W,YOR008C,1,-1.2429997,0.0900128185749054,0.9111776351928711,0.9231846332550049
YDL188C,YMR305C,0,-1.2430592,0.09000394493341446,0.9111776351928711,0.923284649848938
YCR067C,YEL003W,0,-1.2442384,0.08999507129192352,0.9111776351928711,0.9233846664428711
YBR203W,YDR302W,0,-1.2445836,0.08998620510101318,0.9111776351928711,0.9234846830368042
YNL088W,YGL181W,0,-1.2447929,0.08997733145952225,0.9111776351928711,0.9235846996307373
YBR059C,YDR093W,1,-1.2450399,0.09006700664758682,0.9121756553649902,0.9235846996307373
YCL019W,YHR018C,0,-1.245486,0.09005813300609589,0.9121756553649902,0.9236847162246704
YPR056W,YPR004C,0,-1.2461035,0.09004925936460495,0.9121756553649902,0.9237847328186035
YOR293W,YBR229C,0,-1.2465215,0.09004039317369461,0.9121756553649902,0.9238847494125366
YNL126W,YDL212W,0,-1.2468344,0.09003151953220367,0.9121756553649902,0.9239848256111145
YOL077W-A,YOR360C,0,-1.2468708,0.09002265334129333,0.9121756553649902,0.9240848422050476
YNL252C,YDR267C,0,-1.2472608,0.090013787150383,0.9121756553649902,0.9241848587989807
YOR354C,YEL071W,0,-1.2476094,0.09000492095947266,0.9121756553649902,0.9242848753929138
YPR075C,YPR101W,0,-1.247858,0.08999606221914291,0.9121756553649902,0.9243848919868469
YMR047C,YGR249W,0,-1.2481424,0.08998720347881317,0.9121756553649902,0.92448490858078
YMR014W,YBL018C,0,-1.2484946,0.08997834473848343,0.9121756553649902,0.9245849251747131
YJL123C,YMR291W,0,-1.2490342,0.08996948599815369,0.9121756553649902,0.9246849417686462
YNL113W,YBR014C,0,-1.2495762,0.08996062725782394,0.9121756553649902,0.9247849583625793
YKL213C,YBR139W,0,-1.2499412,0.0899517759680748,0.9121756553649902,0.9248849749565125
YPL242C,YLR081W,0,-1.250014,0.08994292467832565,0.9121756553649902,0.9249849915504456
YDL168W,YLR399C,0,-1.2504417,0.08993407338857651,0.9121756553649902,0.9250850081443787
YKL160W,YOR017W,0,-1.2517403,0.08992522954940796,0.9121756553649902,0.9251850247383118
YJL203W,YKR099C-A,0,-1.2518884,0.08991637825965881,0.9121756553649902,0.9252850413322449
YDL168W,YKR046C,0,-1.2525896,0.08990753442049026,0.9121756553649902,0.925385057926178
YPR101W,YNR046W,0,-1.2533907,0.08989869058132172,0.9121756553649902,0.9254850745201111
YKL163W,YLR453C,0,-1.2535262,0.08988985419273376,0.9121756553649902,0.9255850911140442
YFL062W,YBR079C,0,-1.2535856,0.08988101035356522,0.9121756553649902,0.9256851077079773
YCL033C,YLR369W,0,-1.2550493,0.08987217396497726,0.9121756553649902,0.9257851839065552
YOR255W,YOR141C,0,-1.2554741,0.08986333757638931,0.9121756553649902,0.9258852005004883
YOR336W,YNL152W,0,-1.25582,0.08985450118780136,0.9121756553649902,0.9259852170944214
YDR339C,YOL091W,0,-1.2565005,0.089845672249794,0.9121756553649902,0.9260852336883545
YLL039C,YOR198C,0,-1.2565085,0.08983683586120605,0.9121756553649902,0.9261852502822876
YML130C,YJR099W,0,-1.2568495,0.0898280069231987,0.9121756553649902,0.9262852668762207
YPL132W,YPL170W,0,-1.2571299,0.08981918543577194,0.9121756553649902,0.9263852834701538
YDR006C,YOR371C,0,-1.2577927,0.08981035649776459,0.9121756553649902,0.9264853000640869
YDR113C,YHR062C,0,-1.2577999,0.08980153501033783,0.9121756553649902,0.92658531665802
YKL112W,YMR216C,0,-1.2578942,0.08979271352291107,0.9121756553649902,0.9266853332519531
YGL065C,YPL181W,0,-1.2581471,0.08978389203548431,0.9121756553649902,0.9267853498458862
YKL071W,YIR010W,0,-1.25857,0.08977507054805756,0.9121756553649902,0.9268853664398193
YGL255W,YPL249C,0,-1.2590109,0.0897662565112114,0.9121756553649902,0.9269853830337524
YPR018W,YPR023C,0,-1.2591217,0.08975744247436523,0.9121756553649902,0.9270853996276855
YBR258C,YDR446W,0,-1.259424,0.08974862843751907,0.9121756553649902,0.9271854162216187
YOR130C,YML111W,0,-1.2595612,0.08973981440067291,0.9121756553649902,0.9272854328155518
YOR322C,YIR006C,1,-1.2596028,0.08982917666435242,0.9131736755371094,0.9272854328155518
YJR095W,YIL105C,0,-1.2602041,0.08982036262750626,0.9131736755371094,0.9273854494094849
YLR424W,YNL270C,0,-1.260519,0.0898115411400795,0.9131736755371094,0.9274855256080627
YGR275W,YIL067C,0,-1.2606593,0.08980272710323334,0.9131736755371094,0.9275855422019958
YLR410W,YOR088W,0,-1.2609415,0.08979391306638718,0.9131736755371094,0.927685558795929
YKR045C,YDR352W,0,-1.2609673,0.08978510648012161,0.9131736755371094,0.9277855753898621
YIL041W,YHR072W,0,-1.2609954,0.08977629244327545,0.9131736755371094,0.9278855919837952
YJL209W,YNR049C,0,-1.2610892,0.08976748585700989,0.9131736755371094,0.9279856085777283
YLR393W,YBR227C,0,-1.2611682,0.08975867927074432,0.9131736755371094,0.9280856251716614
YGR059W,YOL094C,0,-1.2616246,0.08974988013505936,0.9131736755371094,0.9281856417655945
YOL128C,YCR003W,0,-1.2619522,0.08974107354879379,0.9131736755371094,0.9282856583595276
YER119C,YCL026C-A,0,-1.2634671,0.08973227441310883,0.9131736755371094,0.9283856749534607
YOR202W,YFL034C-A,0,-1.2642049,0.08972347527742386,0.9131736755371094,0.9284856915473938
YLR069C,YKL084W,0,-1.2643576,0.08971467614173889,0.9131736755371094,0.9285857081413269
YNL088W,YBR098W,0,-1.2652609,0.08970588445663452,0.9131736755371094,0.92868572473526
YNL125C,YNL083W,0,-1.2657794,0.08969708532094955,0.9131736755371094,0.9287857413291931
YMR167W,YKR042W,0,-1.2659371,0.08968829363584518,0.9131736755371094,0.9288857579231262
YGL166W,YLR022C,0,-1.2659986,0.08967950940132141,0.9131736755371094,0.9289857745170593
YIL117C,YHR178W,0,-1.2665088,0.08967071771621704,0.9131736755371094,0.9290857911109924
YDR409W,YIL129C,0,-1.2667668,0.08966193348169327,0.9131736755371094,0.9291858077049255
YJL113W,YDR037W,0,-1.2670732,0.0896531417965889,0.9131736755371094,0.9292858839035034
YKL096W,YGL008C,0,-1.267103,0.08964436501264572,0.9131736755371094,0.9293859004974365
YML114C,YBL045C,0,-1.2682273,0.08963558077812195,0.9131736755371094,0.9294859170913696
YPL032C,YCL034W,1,-1.2682712,0.08972474932670593,0.9141716361045837,0.9294859170913696
YMR283C,YKL163W,0,-1.2686329,0.08971596509218216,0.9141716361045837,0.9295859336853027
YDR182W,YPR183W,0,-1.2697761,0.08970718085765839,0.9141716361045837,0.9296859502792358
YBL101C,YOR008C,1,-1.2701639,0.08979631960391998,0.9151696562767029,0.9296859502792358
YKR045C,YCR033W,0,-1.2710955,0.08978752791881561,0.9151696562767029,0.929785966873169
YMR161W,YIL050W,0,-1.2711179,0.08977873623371124,0.9151696562767029,0.929885983467102
YHR063C,YDL239C,0,-1.2723823,0.08976994454860687,0.9151696562767029,0.9299860000610352
YGL184C,YDR147W,0,-1.2730415,0.0897611603140831,0.9151696562767029,0.9300860166549683
YPR145W,YKR022C,0,-1.2745893,0.08975237607955933,0.9151696562767029,0.9301860332489014
YLR310C,YJL159W,0,-1.2746351,0.08974359184503555,0.9151696562767029,0.9302860498428345
YLR371W,YOR329C,1,-1.2746651,0.08983266353607178,0.916167676448822,0.9302860498428345
YLR205C,YKL120W,0,-1.2747241,0.08982387185096741,0.916167676448822,0.9303860664367676
YPR023C,YEL071W,0,-1.275097,0.08981508761644363,0.916167676448822,0.9304860830307007
YHR062C,YBL105C,0,-1.2752172,0.08980630338191986,0.916167676448822,0.9305860996246338
YML130C,YPL249C-A,0,-1.2767822,0.08979751169681549,0.916167676448822,0.9306861162185669
YJL210W,YLR372W,0,-1.2773135,0.08978873491287231,0.916167676448822,0.9307861328125
YFL055W,YML126C,0,-1.2775803,0.08977995067834854,0.916167676448822,0.9308861494064331
YML093W,YLL023C,0,-1.2784383,0.08977117389440536,0.916167676448822,0.930986225605011
YCR068W,YFL034C-B,0,-1.279946,0.08976239711046219,0.916167676448822,0.9310862421989441
YDL191W,YPL249C,0,-1.2799827,0.08975362032651901,0.916167676448822,0.9311862587928772
YDR365W-B,YOR367W,0,-1.2812631,0.08974484354257584,0.916167676448822,0.9312862753868103
YDR058C,YLR157C-B,0,-1.2814901,0.08973606675863266,0.916167676448822,0.9313862919807434
YGR033C,YCL038C,0,-1.2821606,0.08972729742527008,0.916167676448822,0.9314863085746765
YKR010C,YHL020C,0,-1.283478,0.0897185280919075,0.916167676448822,0.9315863251686096
YIL117C,YNR023W,0,-1.2840517,0.08970976620912552,0.916167676448822,0.9316863417625427
YHR135C,YER125W,1,-1.284759,0.0897987112402916,0.9171656966209412,0.9316863417625427
YNL327W,YJL093C,0,-1.284926,0.08978993445634842,0.9171656966209412,0.9317863583564758
YPR158W-A,YAL009W,0,-1.2853006,0.08978116512298584,0.9171656966209412,0.9318863749504089
YPR061C,YAR014C,0,-1.2855988,0.08977239578962326,0.9171656966209412,0.931986391544342
YLR233C,YIL010W,0,-1.2859209,0.08976362645626068,0.9171656966209412,0.9320864081382751
YLR144C,YMR199W,0,-1.286061,0.0897548571228981,0.9171656966209412,0.9321864247322083
YGL100W,YMR309C,0,-1.2862194,0.08974609524011612,0.9171656966209412,0.9322864413261414
YJR125C,YLR056W,1,-1.286469,0.08983498066663742,0.9181636571884155,0.9322864413261414
YBL016W,YMR024W,0,-1.2875235,0.08982620388269424,0.9181636571884155,0.9323864579200745
YKR067W,YJL160C,0,-1.287962,0.08981743454933167,0.9181636571884155,0.9324864745140076
YOL016C,YNL312W,0,-1.28826,0.08980866521596909,0.9181636571884155,0.9325864911079407
YOR094W,YMR260C,0,-1.2885355,0.0897999033331871,0.9181636571884155,0.9326865077018738
YIL117C,YOR030W,0,-1.2903886,0.08979114145040512,0.9181636571884155,0.9327865839004517
YHL009C,YMR029C,0,-1.2905751,0.08978237211704254,0.9181636571884155,0.9328866004943848
YML008C,YBL100W-A,0,-1.2914987,0.08977361768484116,0.9181636571884155,0.9329866170883179
YPL170W,YDR123C,0,-1.2929024,0.08976485580205917,0.9181636571884155,0.933086633682251
YBR103W,YAR066W,0,-1.2931389,0.08975609391927719,0.9181636571884155,0.9331866502761841
YPL045W,YKL176C,0,-1.293323,0.0897473394870758,0.9181636571884155,0.9332866668701172
YEL060C,YNL093W,0,-1.2941318,0.08973858505487442,0.9181636571884155,0.9333866834640503
YGR028W,YDR352W,0,-1.2946675,0.08972983807325363,0.9181636571884155,0.9334867000579834
YHR104W,YBL099W,0,-1.2948573,0.08972108364105225,0.9181636571884155,0.9335867166519165
YGL234W,YOL049W,0,-1.2954788,0.08971233665943146,0.9181636571884155,0.9336867332458496
YHR107C,YGR132C,0,-1.2957865,0.08970358967781067,0.9181636571884155,0.9337867498397827
YBR236C,YPR079W,0,-1.2960966,0.08969484269618988,0.9181636571884155,0.9338867664337158
YKL211C,YOR073W,0,-1.2961428,0.08968609571456909,0.9181636571884155,0.9339867830276489
YPR107C,YNL099C,0,-1.2961786,0.0896773561835289,0.9181636571884155,0.934086799621582
YPR124W,YDR255C,0,-1.29637,0.08966861665248871,0.9181636571884155,0.9341868162155151
YDR034C-D,YNL265C,0,-1.2965858,0.08965987712144852,0.9181636571884155,0.9342868328094482
YPL145C,YDR490C,1,-1.2968311,0.08974858373403549,0.9191616773605347,0.9342868328094482
YHR216W,YGR023W,0,-1.2979186,0.0897398442029953,0.9191616773605347,0.9343868494033813
YOR178C,YPR185W,0,-1.2985506,0.08973109722137451,0.9191616773605347,0.9344869256019592
YLR135W,YKR025W,0,-1.299173,0.08972235769033432,0.9191616773605347,0.9345869421958923
YPR158W-A,YPL024W,0,-1.3001819,0.08971361815929413,0.9191616773605347,0.9346869587898254
YOR130C,YKL167C,0,-1.3007302,0.08970487862825394,0.9191616773605347,0.9347869753837585
YHR039C,YHR191C,0,-1.3017807,0.08969614654779434,0.9191616773605347,0.9348869919776917
YBR216C,YDR302W,0,-1.3037074,0.08968740701675415,0.9191616773605347,0.9349870085716248
YFL016C,YCR023C,0,-1.3037534,0.08967867493629456,0.9191616773605347,0.9350870251655579
YDR006C,YDR258C,0,-1.3054423,0.08966994285583496,0.9191616773605347,0.935187041759491
YBR258C,YER001W,0,-1.305762,0.08966121822595596,0.9191616773605347,0.9352870583534241
YKR067W,YLR368W,0,-1.3059514,0.08965248614549637,0.9191616773605347,0.9353870749473572
YGL017W,YHR098C,0,-1.3062122,0.08964376151561737,0.9191616773605347,0.9354870915412903
YPL030W,YPL012W,0,-1.3064578,0.08963503688573837,0.9191616773605347,0.9355871081352234
YOR034C,YNL154C,1,-1.3068588,0.0897236242890358,0.9201596975326538,0.9355871081352234
YMR079W,YFL018C,0,-1.3075709,0.0897148996591568,0.9201596975326538,0.9356871247291565
YJL138C,YGL044C,0,-1.3083365,0.0897061675786972,0.9201596975326538,0.9357871413230896
YEL047C,YHR166C,0,-1.3084639,0.0896974429488182,0.9201596975326538,0.9358871579170227
YOR362C,YBR171W,0,-1.3084707,0.08968871831893921,0.9201596975326538,0.9359871745109558
YDR006C,YIR035C,0,-1.3102453,0.08967999368906021,0.9201596975326538,0.9360871911048889
YHR107C,YBR215W,0,-1.3102486,0.08967126905918121,0.9201596975326538,0.936187207698822
YFL016C,YJL159W,0,-1.3110578,0.08966255187988281,0.9201596975326538,0.9362872838973999
YGL207W,YOR214C,0,-1.3114378,0.08965383470058441,0.9201596975326538,0.936387300491333
YKL113C,YGL207W,0,-1.311497,0.08964511752128601,0.9201596975326538,0.9364873170852661
YNL257C,YDL222C,0,-1.3119363,0.08963640034198761,0.9201596975326538,0.9365873336791992
YGL020C,YKL084W,0,-1.3135667,0.08962768316268921,0.9201596975326538,0.9366873502731323
YHR001W,YDL019C,1,-1.3140306,0.08971617370843887,0.9211576581001282,0.9366873502731323
YFL062W,YBL105C,0,-1.314132,0.08970745652914047,0.9211576581001282,0.9367873668670654
YLR332W,YER021W,0,-1.3145362,0.08969873934984207,0.9211576581001282,0.9368873834609985
YPL256C,YFR028C,0,-1.3146887,0.08969002217054367,0.9211576581001282,0.9369874000549316
YGR038C-B,YOR010C,0,-1.3154705,0.08968130499124527,0.9211576581001282,0.9370874166488647
YOR229W,YJL010C,0,-1.315573,0.08967259526252747,0.9211576581001282,0.9371874332427979
YFL024C,YIR013C,0,-1.3159338,0.08966388553380966,0.9211576581001282,0.937287449836731
YDR058C,YLR398C,0,-1.3162489,0.08965517580509186,0.9211576581001282,0.9373874664306641
YKL091C,YMR202W,0,-1.3166406,0.08964646607637405,0.9211576581001282,0.9374874830245972
YGL181W,YJR125C,1,-1.3169485,0.08973487466573715,0.9221556782722473,0.9374874830245972
YGL043W,YML121W,0,-1.3175485,0.08972615748643875,0.9221556782722473,0.9375874996185303
YDR210W-D,YLL036C,0,-1.3180562,0.08971744775772095,0.9221556782722473,0.9376875162124634
YJL159W,YHR018C,0,-1.3182262,0.08970873802900314,0.9221556782722473,0.9377875328063965
YOR234C,YNL265C,0,-1.3189576,0.08970002830028534,0.9221556782722473,0.9378875494003296
YOR043W,YHR073W,1,-1.3194575,0.08978839218616486,0.9231536984443665,0.9378875494003296
YML114C,YGL210W-A,0,-1.3194882,0.08977967500686646,0.9231536984443665,0.9379876255989075
YOR354C,YBR161W,0,-1.3195484,0.08977096527814865,0.9231536984443665,0.9380876421928406
YLR332W,YER042W,0,-1.3197744,0.08976224809885025,0.9231536984443665,0.9381876587867737
YKL213C,YDR266C,0,-1.3208383,0.08975353837013245,0.9231536984443665,0.9382876753807068
YCL033C,YHL013C,0,-1.3214078,0.08974483609199524,0.9231536984443665,0.9383876919746399
YGL160W,YPR112C,0,-1.3214569,0.08973612636327744,0.9231536984443665,0.938487708568573
YPL055C,YCL027C-A,0,-1.3214755,0.08972742408514023,0.9231536984443665,0.9385877251625061
YDR059C,YOR109W,1,-1.3216751,0.08981571346521378,0.9241517186164856,0.9385877251625061
YCL033C,YCR102C,0,-1.3227093,0.08980700373649597,0.9241517186164856,0.9386877417564392
YDR184C,YNL124W,0,-1.3228726,0.08979829400777817,0.9241517186164856,0.9387877583503723
YGL181W,YOR329C,1,-1.3229883,0.08988655358552933,0.92514967918396,0.9387877583503723
YLR138W,YOR035C,0,-1.3236948,0.08987783640623093,0.92514967918396,0.9388877749443054
YCR067C,YGL097W,0,-1.3240075,0.08986911922693253,0.92514967918396,0.9389877915382385
YJL051W,YKL055C,0,-1.3262265,0.08986040949821472,0.92514967918396,0.9390878081321716
YPL145C,YCR053W,1,-1.327539,0.0899486318230629,0.9261476993560791,0.9390878081321716
YDR099W,YLR066W,0,-1.3281968,0.0899399071931839,0.9261476993560791,0.9391878247261047
YML072C,YPL249C,0,-1.3282561,0.0899311974644661,0.9261476993560791,0.9392878413200378
YFR042W,YOR293W,0,-1.3284473,0.0899224802851677,0.9261476993560791,0.939387857913971
YFL034C-A,YEL071W,0,-1.3289471,0.08991377055644989,0.9261476993560791,0.939487874507904
YEL026W,YBR244W,0,-1.3291507,0.08990506082773209,0.9261476993560791,0.9395878911018372
YER026C,YMR197C,0,-1.329513,0.08989635109901428,0.9261476993560791,0.939687967300415
YPL029W,YLR095C,0,-1.3308408,0.08988764137029648,0.9261476993560791,0.9397879838943481
YDR043C,YML024W,0,-1.3323842,0.08987893164157867,0.9261476993560791,0.9398880004882812
YPR145W,YML025C,0,-1.3326979,0.08987022936344147,0.9261476993560791,0.9399880170822144
YIL016W,YPR079W,0,-1.3328995,0.08986152708530426,0.9261476993560791,0.9400880336761475
YAR003W,YLR399C,0,-1.3332138,0.08985282480716705,0.9261476993560791,0.9401880502700806
YBL084C,YMR068W,0,-1.3334275,0.08984412997961044,0.9261476993560791,0.9402880668640137
YGL048C,YGL044C,0,-1.3352561,0.08983542770147324,0.9261476993560791,0.9403880834579468
YJR044C,YDL122W,0,-1.3354497,0.08982673287391663,0.9261476993560791,0.9404881000518799
YNL257C,YNL088W,0,-1.3363919,0.08981803804636002,0.9261476993560791,0.940588116645813
YOR328W,YBL071W-A,0,-1.3365066,0.089809350669384,0.9261476993560791,0.9406881332397461
YEL011W,YHR003C,0,-1.3366122,0.08980065584182739,0.9261476993560791,0.9407881498336792
YDR210W-D,YKL027W,0,-1.3371551,0.08979196846485138,0.9261476993560791,0.9408881664276123
YJR007W,YLR027C,0,-1.3373852,0.08978328108787537,0.9261476993560791,0.9409881830215454
YCR028C,YGR167W,1,-1.3379679,0.08987133949995041,0.9271457195281982,0.9409881830215454
YER078C,YLR240W,0,-1.3390148,0.0898626446723938,0.9271457195281982,0.9410881996154785
YMR161W,YGL077C,0,-1.3396058,0.08985394984483719,0.9271457195281982,0.9411882162094116
YPR061C,YNL154C,0,-1.3401635,0.08984526246786118,0.9271457195281982,0.9412882328033447
YHR196W,YDR001C,0,-1.3402565,0.08983657509088516,0.9271457195281982,0.9413882493972778
YML131W,YDR352W,0,-1.3418266,0.08982788771390915,0.9271457195281982,0.9414883255958557
YPL032C,YPL057C,0,-1.3424246,0.08981920033693314,0.9271457195281982,0.9415883421897888
YGL207W,YBL067C,0,-1.344145,0.08981052041053772,0.9271457195281982,0.9416883587837219
YPL016W,YAR066W,0,-1.345398,0.0898018330335617,0.9271457195281982,0.941788375377655
YGL234W,YDL161W,0,-1.3456851,0.08979315310716629,0.9271457195281982,0.9418883919715881
YDR237W,YNL224C,0,-1.3467755,0.08978448063135147,0.9271457195281982,0.9419884085655212
YDR485C,YCR034W,0,-1.347975,0.08977580070495605,0.9271457195281982,0.9420884251594543
YNL257C,YIL122W,0,-1.3484776,0.08976712822914124,0.9271457195281982,0.9421884417533875
YJR090C,YNL270C,0,-1.3501256,0.08975845575332642,0.9271457195281982,0.9422884583473206
YOR329C,YBR044C,0,-1.3501599,0.0897497832775116,0.9271457195281982,0.9423884749412537
YMR167W,YOR360C,0,-1.3501705,0.08974111080169678,0.9271457195281982,0.9424884915351868
YGL121C,YPR056W,0,-1.3503861,0.08973244577646255,0.9271457195281982,0.9425885081291199
YPL217C,YHR072W-A,0,-1.3504349,0.08972378075122833,0.9271457195281982,0.942688524723053
YGL048C,YMR058W,0,-1.3509446,0.08971511572599411,0.9271457195281982,0.9427885413169861
YPR107C,YHL033C,0,-1.3514949,0.08970645070075989,0.9271457195281982,0.9428885579109192
YJR044C,YLR222C,0,-1.35313,0.08969778567552567,0.9271457195281982,0.9429885745048523
YMR116C,YFL022C,0,-1.3572443,0.08968912810087204,0.9271457195281982,0.9430885910987854
YEL027W,YCR053W,1,-1.3576162,0.08977700769901276,0.9281437397003174,0.9430885910987854
YLR051C,YOL089C,0,-1.3580792,0.08976834267377853,0.9281437397003174,0.9431886672973633
YFL053W,YER026C,0,-1.3589637,0.08975967764854431,0.9281437397003174,0.9432886838912964
YIL117C,YAR066W,0,-1.359077,0.08975101262331009,0.9281437397003174,0.9433887004852295
YKR018C,YDR123C,0,-1.3592987,0.08974235504865646,0.9281437397003174,0.9434887170791626
YER019W,YBR014C,0,-1.3594563,0.08973369002342224,0.9281437397003174,0.9435887336730957
YBR103W,YGL001C,0,-1.3608627,0.08972503989934921,0.9281437397003174,0.9436887502670288
YKR014C,YLR337C,1,-1.3611807,0.08981285244226456,0.9291417002677917,0.9436887502670288
YNL264C,YKL012W,0,-1.3612874,0.08980418741703033,0.9291417002677917,0.9437887668609619
YNL090W,YGL181W,0,-1.3624716,0.08979552239179611,0.9291417002677917,0.943888783454895
YFL062W,YKL163W,0,-1.3630971,0.08978686481714249,0.9291417002677917,0.9439888000488281
YCL019W,YEL071W,0,-1.3633088,0.08977820724248886,0.9291417002677917,0.9440888166427612
YDR059C,YNL084C,1,-1.3636799,0.08986597508192062,0.9301397204399109,0.9440888166427612
YOR028C,YNR049C,0,-1.3642044,0.0898573100566864,0.9301397204399109,0.9441888332366943
YLR240W,YMR305C,0,-1.3642983,0.08984864503145218,0.9301397204399109,0.9442888498306274
YKL193C,YPL187W,0,-1.3650064,0.08983998745679855,0.9301397204399109,0.9443888664245605
YMR119W,YCR097W,0,-1.36619,0.08983132243156433,0.9301397204399109,0.9444888830184937
YGR167W,YNL093W,1,-1.366191,0.08991904556751251,0.93113774061203,0.9444888830184937
YBL084C,YPL228W,0,-1.366545,0.08991038054227829,0.93113774061203,0.9445888996124268
YNL243W,YOR008C,1,-1.3672117,0.08999807387590408,0.9321357011795044,0.9445888996124268
YJL076W,YOR343C-B,0,-1.3678296,0.08998940140008926,0.9321357011795044,0.9446889162063599
YPL170W,YGL156W,0,-1.3690093,0.08998072892427444,0.9321357011795044,0.944788932800293
YJR105W,YBL100W-A,0,-1.3695303,0.08997206389904022,0.9321357011795044,0.9448889493942261
YDR314C,YER016W,0,-1.3696756,0.089963398873806,0.9321357011795044,0.944989025592804
YDR143C,YJL138C,0,-1.37012,0.08995473384857178,0.9321357011795044,0.9450890421867371
YOR368W,YLL032C,0,-1.3702799,0.08994606882333755,0.9321357011795044,0.9451890587806702
YAL001C,YMR154C,0,-1.3711036,0.08993741124868393,0.9321357011795044,0.9452890753746033
YHL018W,YDR324C,0,-1.3715672,0.0899287536740303,0.9321357011795044,0.9453890919685364
YHR007C,YGL125W,0,-1.372796,0.08992009609937668,0.9321357011795044,0.9454891085624695
YLR275W,YGR140W,0,-1.373878,0.08991143852472305,0.9321357011795044,0.9455891251564026
YPL236C,YER004W,0,-1.3739908,0.08990278095006943,0.9321357011795044,0.9456891417503357
YMR011W,YOR028C,0,-1.3756087,0.0898941308259964,0.9321357011795044,0.9457891583442688
YNR073C,YNL009W,0,-1.3761772,0.08988548070192337,0.9321357011795044,0.9458891749382019
YMR260C,YDR037W,0,-1.3789632,0.08987683057785034,0.9321357011795044,0.945989191532135
YML025C,YBR244W,0,-1.3792236,0.08986818045377731,0.9321357011795044,0.9460892081260681
YNL229C,YOR153W,0,-1.380502,0.08985953778028488,0.9321357011795044,0.9461892247200012
YEL011W,YOR005C,0,-1.381114,0.08985088765621185,0.9321357011795044,0.9462892413139343
YIL041W,YBL007C,1,-1.3811479,0.0899384394288063,0.9331337213516235,0.9462892413139343
YNL071W,YPL158C,0,-1.3821907,0.08992978930473328,0.9331337213516235,0.9463892579078674
YMR021C,YPL212C,0,-1.3825018,0.08992113918066025,0.9331337213516235,0.9464892745018005
YNR054C,YNR069C,0,-1.3837773,0.08991248905658722,0.9331337213516235,0.9465892910957336
YOR115C,YHR107C,0,-1.3847506,0.08990384638309479,0.9331337213516235,0.9466893672943115
YDR006C,YBR244W,0,-1.384763,0.08989520370960236,0.9331337213516235,0.9467893838882446
YBL004W,YKR003W,0,-1.3848044,0.08988656103610992,0.9331337213516235,0.9468894004821777
YNL305C,YPL012W,0,-1.385063,0.08987791836261749,0.9331337213516235,0.9469894170761108
YIL049W,YGL245W,0,-1.385539,0.08986928313970566,0.9331337213516235,0.947089433670044
YHR039C,YNL326C,0,-1.3858297,0.08986064046621323,0.9331337213516235,0.947189450263977
YJL051W,YJR077C,0,-1.3872262,0.08985200524330139,0.9331337213516235,0.9472894668579102
YNR023W,YGR125W,0,-1.3880799,0.08984337747097015,0.9331337213516235,0.9473894834518433
YGR125W,YBL002W,0,-1.3890294,0.08983474224805832,0.9331337213516235,0.9474895000457764
YPR158W-A,YPR004C,0,-1.3895897,0.08982611447572708,0.9331337213516235,0.9475895166397095
YHR073W,YGL206C,1,-1.3900218,0.08991354703903198,0.9341317415237427,0.9475895166397095
YDR059C,YNR035C,1,-1.3913348,0.09000095725059509,0.9351297616958618,0.9475895166397095
YJR129C,YHR128W,0,-1.3934577,0.08999231457710266,0.9351297616958618,0.9476895332336426
YHR115C,YMR052W,0,-1.3943083,0.08998367190361023,0.9351297616958618,0.9477895498275757
YPR101W,YFL022C,0,-1.3947128,0.0899750366806984,0.9351297616958618,0.9478895664215088
YBR139W,YER169W,0,-1.395299,0.08996639400720596,0.9351297616958618,0.9479895830154419
YOR208W,YIL015W,0,-1.395769,0.08995775878429413,0.9351297616958618,0.948089599609375
YOR033C,YDL222C,0,-1.3967645,0.0899491235613823,0.9351297616958618,0.9481896162033081
YER144C,YPR185W,0,-1.3979492,0.08994048833847046,0.9351297616958618,0.9482896327972412
YBL101C,YCR028C,1,-1.3980091,0.0900278314948082,0.9361277222633362,0.9482896327972412
YAR050W,YER124C,0,-1.3994813,0.09001919627189636,0.9361277222633362,0.9483896493911743
YLR056W,YGR241C,1,-1.3996177,0.09010651707649231,0.9371257424354553,0.9483896493911743
YBR234C,YDL020C,0,-1.400002,0.09009786695241928,0.9371257424354553,0.9484897255897522
YNR056C,YBL027W,0,-1.4002104,0.09008922427892685,0.9371257424354553,0.9485897421836853
YPR151C,YJL113W,0,-1.4016721,0.09008058160543442,0.9371257424354553,0.9486897587776184
YIL049W,YDR084C,0,-1.402882,0.09007193893194199,0.9371257424354553,0.9487897753715515
YOL001W,YFR055W,0,-1.4042125,0.09006330370903015,0.9371257424354553,0.9488897919654846
YGR166W,YDL156W,0,-1.4045825,0.09005466848611832,0.9371257424354553,0.9489898085594177
YKL216W,YPL079W,0,-1.404653,0.09004603326320648,0.9371257424354553,0.9490898251533508
YNL225C,YOR360C,0,-1.4068708,0.09003739804029465,0.9371257424354553,0.9491898417472839
YDL064W,YAR066W,0,-1.407053,0.09002876281738281,0.9371257424354553,0.949289858341217
YDL052C,YKL220C,0,-1.4073935,0.09002013504505157,0.9371257424354553,0.9493898749351501
YER078C,YML131W,0,-1.4087973,0.09001149982213974,0.9371257424354553,0.9494898915290833
YPL230W,YOR088W,0,-1.4093695,0.0900028720498085,0.9371257424354553,0.9495899081230164
YPL072W,YGR284C,0,-1.4094348,0.08999425172805786,0.9371257424354553,0.9496899247169495
YFL009W,YNL009W,0,-1.4100329,0.08998562395572662,0.9371257424354553,0.9497899413108826
YBR216C,YIL067C,0,-1.410063,0.08997700363397598,0.9371257424354553,0.9498899579048157
YDR104C,YOL077W-A,0,-1.4103416,0.08996838331222534,0.9371257424354553,0.9499899744987488
YIL066C,YPR004C,0,-1.411285,0.0899597629904747,0.9371257424354553,0.9500899910926819
YDR069C,YKL129C,1,-1.4117721,0.0900469422340393,0.9381237626075745,0.9500899910926819
YNL154C,YOR181W,1,-1.4134872,0.09013409912586212,0.9391217827796936,0.9500899910926819
YDL193W,YHR141C,0,-1.4138305,0.09012546390295029,0.9391217827796936,0.9501900672912598
YPR101W,YOR100C,0,-1.414829,0.09011683613061905,0.9391217827796936,0.9502900838851929
YNL009W,YGL029W,0,-1.4151564,0.09010820835828781,0.9391217827796936,0.950390100479126
YNR073C,YAR003W,0,-1.415545,0.09009958058595657,0.9391217827796936,0.9504901170730591
YBR234C,YIL023C,0,-1.4162973,0.09009095281362534,0.9391217827796936,0.9505901336669922
YGR207C,YGR163W,0,-1.41657,0.0900823250412941,0.9391217827796936,0.9506901502609253
YLR064W,YMR030W,0,-1.417057,0.09007370471954346,0.9391217827796936,0.9507901668548584
YGR207C,YBL009W,0,-1.4184711,0.09006508439779282,0.9391217827796936,0.9508901834487915
YGL181W,YCR094W,1,-1.418655,0.09015216678380966,0.940119743347168,0.9508901834487915
YLR240W,YLR066W,0,-1.4198875,0.09014353901147842,0.940119743347168,0.9509902000427246
YML066C,YLR035C,0,-1.4202123,0.09013491868972778,0.940119743347168,0.9510902166366577
YFL009W,YIL121W,0,-1.4204926,0.09012629091739655,0.940119743347168,0.9511902332305908
YJR067C,YGR128C,0,-1.4205189,0.0901176705956459,0.940119743347168,0.9512902498245239
YHR102W,YKR065C,0,-1.4208565,0.09010905027389526,0.940119743347168,0.951390266418457
YBR280C,YKL046C,0,-1.4210271,0.09010042995214462,0.940119743347168,0.9514902830123901
YLR027C,YLR421C,0,-1.42279,0.09009180963039398,0.940119743347168,0.9515902996063232
YML052W,YOR109W,1,-1.4228668,0.09017882496118546,0.9411177635192871,0.9515902996063232
YLR262C,YJL002C,0,-1.4236999,0.09017020463943481,0.9411177635192871,0.9516903162002563
YGL002W,YOL113W,0,-1.4240005,0.09016158431768417,0.9411177635192871,0.9517903327941895
YOL039W,YNL058C,0,-1.4257555,0.09015296399593353,0.9411177635192871,0.9518903493881226
YDL147W,YDR409W,0,-1.426419,0.09014434367418289,0.9411177635192871,0.9519904255867004
YGL234W,YHR196W,0,-1.4268572,0.09013573080301285,0.9411177635192871,0.9520904421806335
YGR227W,YKR080W,0,-1.4270022,0.0901271179318428,0.9411177635192871,0.9521904587745667
YJR017C,YPR004C,0,-1.4270132,0.09011850506067276,0.9411177635192871,0.9522904753684998
YLR310C,YLR362W,0,-1.4274024,0.09010989218950272,0.9411177635192871,0.9523904919624329
YOL008W,YBR084C-A,0,-1.429455,0.09010127931833267,0.9411177635192871,0.952490508556366
YOR234C,YMR271C,0,-1.4323405,0.09009267389774323,0.9411177635192871,0.9525905251502991
YGR028W,YJR017C,0,-1.4334973,0.09008406847715378,0.9411177635192871,0.9526905417442322
YLR003C,YLR319C,0,-1.4340168,0.09007546305656433,0.9411177635192871,0.9527905583381653
YML052W,YOR322C,1,-1.434795,0.09016236662864685,0.9421157836914062,0.9527905583381653
YOR196C,YHL018W,0,-1.4357438,0.0901537612080574,0.9421157836914062,0.9528905749320984
YLR297W,YOR245C,0,-1.436055,0.09014514833688736,0.9421157836914062,0.9529905915260315
YDR388W,YDR129C,1,-1.4369324,0.09023202210664749,0.9431137442588806,0.9529905915260315
YNL227C,YNL154C,1,-1.438405,0.09031888842582703,0.9441117644309998,0.9529905915260315
YDR266C,YBR204C,0,-1.4394296,0.09031026065349579,0.9441117644309998,0.9530906081199646
YOL017W,YMR271C,0,-1.439753,0.09030164033174515,0.9441117644309998,0.9531906247138977
YMR288W,YML121W,0,-1.4412594,0.0902930200099945,0.9441117644309998,0.9532906413078308
YJR090C,YOR140W,0,-1.4432992,0.09028440713882446,0.9441117644309998,0.9533906579017639
YNL264C,YDR180W,0,-1.444417,0.09027578681707382,0.9441117644309998,0.953490674495697
YOR298C-A,YNL197C,0,-1.4451303,0.09026717394590378,0.9441117644309998,0.9535906910896301
YCR028C,YKR003W,1,-1.4466319,0.09035397320985794,0.9451097846031189,0.9535906910896301
YLR406C,YGR163W,0,-1.4466348,0.0903453528881073,0.9451097846031189,0.953690767288208
YCL030C,YBR004C,0,-1.446698,0.09033673256635666,0.9451097846031189,0.9537907838821411
YIR034C,YJR043C,0,-1.446944,0.09032811969518661,0.9451097846031189,0.9538908004760742
YOR368W,YLR449W,0,-1.44733,0.09031950682401657,0.9451097846031189,0.9539908170700073
YOR115C,YKR099C-A,0,-1.4491016,0.09031089395284653,0.9451097846031189,0.9540908336639404
YMR068W,YFL034C-A,0,-1.4491088,0.09030228108167648,0.9451097846031189,0.9541908502578735
YNL024C-A,YBR044C,0,-1.4494151,0.09029366821050644,0.9451097846031189,0.9542908668518066
YKL096W,YBL019W,0,-1.4494301,0.09028506278991699,0.9451097846031189,0.9543908834457397
YML052W,YGR241C,1,-1.4509072,0.09037178009748459,0.946107804775238,0.9543908834457397
YJR093C,YJL138C,0,-1.4511149,0.09036316722631454,0.946107804775238,0.9544909000396729
YMR283C,YNL336W,0,-1.4540057,0.0903545543551445,0.946107804775238,0.954590916633606
YKL146W,YOR375C,0,-1.4540383,0.09034594148397446,0.946107804775238,0.9546909332275391
YFL052W,YLR275W,0,-1.4542134,0.09033733606338501,0.946107804775238,0.9547909498214722
YKL146W,YOR214C,0,-1.4551375,0.09032873064279556,0.946107804775238,0.9548909664154053
YLR132C,YLR166C,0,-1.4553246,0.09032012522220612,0.946107804775238,0.9549909830093384
YPR023C,YMR060C,0,-1.4555103,0.09031151980161667,0.946107804775238,0.9550909996032715
YNL323W,YER016W,0,-1.4558332,0.09030291438102722,0.946107804775238,0.9551910161972046
YPR158W-A,YNL009W,0,-1.4572275,0.09029431641101837,0.946107804775238,0.9552910327911377
YHR196W,YPL108W,0,-1.459168,0.09028571099042892,0.946107804775238,0.9553910493850708
YBR073W,YOR197W,0,-1.4595286,0.09027711302042007,0.946107804775238,0.9554911255836487
YPR009W,YEL071W,0,-1.4600792,0.09026852250099182,0.946107804775238,0.9555911421775818
YCR048W,YOR010C,0,-1.4625268,0.09025992453098297,0.946107804775238,0.9556911587715149
YKL203C,YHR073W,1,-1.4627836,0.09034653753042221,0.9471057653427124,0.9556911587715149
YDL214C,YDR354W,0,-1.4642646,0.09033793210983276,0.9471057653427124,0.955791175365448
YIR033W,YML058W,0,-1.4659724,0.09032933413982391,0.9471057653427124,0.9558911919593811
YDR104C,YOR141C,0,-1.4665313,0.09032073616981506,0.9471057653427124,0.9559912085533142
YDR020C,YLR066W,0,-1.466605,0.09031214565038681,0.9471057653427124,0.9560912251472473
YKL008C,YIL017C,0,-1.4672073,0.09030354768037796,0.9471057653427124,0.9561912417411804
YDR388W,YLR371W,1,-1.4680046,0.09039010107517242,0.9481037855148315,0.9561912417411804
YGL047W,YGL032C,0,-1.4689167,0.09038150310516357,0.9481037855148315,0.9562912583351135
YDR266C,YOR133W,0,-1.4690477,0.09037290513515472,0.9481037855148315,0.9563912749290466
YKL125W,YCR023C,0,-1.4698833,0.09036430716514587,0.9481037855148315,0.9564912915229797
YJL122W,YDL165W,0,-1.4702405,0.09035571664571762,0.9481037855148315,0.9565913081169128
YLR424W,YEL003W,0,-1.4709983,0.09034712612628937,0.9481037855148315,0.956691324710846
YLR128W,YBR127C,0,-1.4720987,0.09033852815628052,0.9481037855148315,0.956791341304779
YJL018W,YPR009W,0,-1.4740678,0.09032994508743286,0.9481037855148315,0.9568913578987122
YPL060C-A,YBL105C,0,-1.4745398,0.09032135456800461,0.9481037855148315,0.9569913744926453
YBR102C,YCR043C,0,-1.4764292,0.09031276404857635,0.9481037855148315,0.9570913910865784
YKR081C,YER160C,0,-1.4765304,0.0903041809797287,0.9481037855148315,0.9571914672851562
YDR069C,YCR053W,1,-1.4803617,0.090390644967556,0.9491018056869507,0.9571914672851562
YKR081C,YOR188W,0,-1.480587,0.09038205444812775,0.9491018056869507,0.9572914838790894
YKL049C,YOR007C,0,-1.480881,0.0903734639286995,0.9491018056869507,0.9573915004730225
YHR191C,YCR097W,0,-1.4826813,0.09036488085985184,0.9491018056869507,0.9574915170669556
YCR027C,YPR009W,0,-1.4861264,0.09035629779100418,0.9491018056869507,0.9575915336608887
YJL151C,YNL257C,0,-1.4865733,0.09034770727157593,0.9491018056869507,0.9576915502548218
YGL133W,YGL054C,0,-1.4869049,0.09033913165330887,0.9491018056869507,0.9577915668487549
YLR332W,YKL163W,0,-1.489057,0.09033054858446121,0.9491018056869507,0.957891583442688
YJR095W,YCR034W,0,-1.4893191,0.09032196551561356,0.9491018056869507,0.9579916000366211
YMR116C,YMR291W,0,-1.4895601,0.0903133898973465,0.9491018056869507,0.9580916166305542
YDL207W,YNL169C,0,-1.4899726,0.09030481427907944,0.9491018056869507,0.9581916332244873
YKL126W,YER125W,1,-1.4913814,0.09039118885993958,0.9500998258590698,0.9581916332244873
YPR151C,YGL134W,0,-1.4940121,0.09038260579109192,0.9500998258590698,0.9582916498184204
YLR372W,YBR171W,0,-1.4947119,0.09037403017282486,0.9500998258590698,0.9583916664123535
YBR234C,YNL312W,0,-1.4957423,0.0903654471039772,0.9500998258590698,0.9584916830062866
YPR052C,YOR088W,0,-1.4971632,0.09035687148571014,0.9500998258590698,0.9585916996002197
YKR067W,YNR069C,0,-1.4973289,0.09034829586744308,0.9500998258590698,0.9586917161941528
YOR329C,YGR241C,1,-1.499897,0.09043461829423904,0.9510977864265442,0.9586917161941528
YGL201C,YER169W,0,-1.499973,0.09042603522539139,0.9510977864265442,0.9587917327880859
YJR043C,YKL127W,0,-1.5039122,0.09041745960712433,0.9510977864265442,0.958891749382019
YIR007W,YDL052C,0,-1.5046645,0.09040887653827667,0.9510977864265442,0.9589918255805969
YDR485C,YLR178C,0,-1.5047767,0.09040030092000961,0.9510977864265442,0.95909184217453
YMR116C,YDR524C-B,0,-1.5048681,0.09039173275232315,0.9510977864265442,0.9591918587684631
YGR109C,YNL097C,0,-1.5052553,0.09038315713405609,0.9510977864265442,0.9592918753623962
YHR134W,YGL153W,0,-1.5053856,0.09037458151578903,0.9510977864265442,0.9593918919563293
YIL127C,YGR092W,0,-1.509315,0.09036601334810257,0.9510977864265442,0.9594919085502625
YJR137C,YLR110C,0,-1.5094366,0.09035744518041611,0.9510977864265442,0.9595919251441956
YFL022C,YKL065C,0,-1.5095583,0.09034888446331024,0.9510977864265442,0.9596919417381287
YKL125W,YCR034W,0,-1.5120168,0.09034031629562378,0.9510977864265442,0.9597919583320618
YHR115C,YKL152C,0,-1.5120558,0.09033175557851791,0.9510977864265442,0.9598919749259949
YNL243W,YNR035C,1,-1.5128548,0.09041796624660492,0.9520958065986633,0.9598919749259949
YCR067C,YNL113W,0,-1.5160527,0.09040939807891846,0.9520958065986633,0.959991991519928
YLR013W,YPL249C,0,-1.5202997,0.09040083736181259,0.9520958065986633,0.9600920081138611
YML130C,YMR092C,0,-1.5208682,0.09039226919412613,0.9520958065986633,0.9601920247077942
YLR138W,YOR005C,0,-1.5219791,0.09038370102643967,0.9520958065986633,0.9602920413017273
YML126C,YMR244C-A,0,-1.5239639,0.0903751403093338,0.9520958065986633,0.9603920578956604
YPL227C,YDR446W,0,-1.5240818,0.09036657959222794,0.9520958065986633,0.9604920744895935
YGR109C,YMR260C,0,-1.5241466,0.09035801887512207,0.9520958065986633,0.9605920910835266
YHR115C,YOR073W,0,-1.5242908,0.0903494656085968,0.9520958065986633,0.9606921672821045
YOL016C,YJR105W,0,-1.5252588,0.09034091234207153,0.9520958065986633,0.9607921838760376
YDR104C,YOR360C,0,-1.5275373,0.09033235162496567,0.9520958065986633,0.9608922004699707
YCR068W,YJL122W,0,-1.5282986,0.090323805809021,0.9520958065986633,0.9609922170639038
YJL207C,YLR117C,0,-1.5325034,0.09031525254249573,0.9520958065986633,0.9610922336578369
YPR101W,YFR028C,0,-1.5325183,0.09030669927597046,0.9520958065986633,0.96119225025177
YDL103C,YNL275W,0,-1.5327055,0.09029815346002579,0.9520958065986633,0.9612922668457031
YGR161C-C,YJL207C,0,-1.5328202,0.09028960764408112,0.9520958065986633,0.9613922834396362
YNR054C,YLR307W,0,-1.5329912,0.09028106182813644,0.9520958065986633,0.9614923000335693
YNL323W,YNL148C,0,-1.5337102,0.09027252346277237,0.9520958065986633,0.9615923166275024
YHR123W,YGR284C,0,-1.5356083,0.0902639776468277,0.9520958065986633,0.9616923332214355
YPR058W,YMR134W,0,-1.5359762,0.09025543928146362,0.9520958065986633,0.9617923498153687
YPL004C,YBL007C,1,-1.5362854,0.09034150093793869,0.9530938267707825,0.9617923498153687
YLR056W,YGR167W,1,-1.5369674,0.09042754769325256,0.9540917873382568,0.9617923498153687
YHR104W,YPL190C,0,-1.5375862,0.0904189944267273,0.9540917873382568,0.9618923664093018
YKL163W,YPL008W,0,-1.5378495,0.09041044116020203,0.9540917873382568,0.9619923830032349
YDR266C,YFL034C-A,0,-1.5431669,0.09040188789367676,0.9540917873382568,0.962092399597168
YHR050W,YGL065C,0,-1.544049,0.09039334207773209,0.9540917873382568,0.9621924161911011
YPL053C,YER016W,0,-1.544431,0.09038479626178741,0.9540917873382568,0.9622924327850342
YIL041W,YGR161C-C,0,-1.5448744,0.09037625044584274,0.9540917873382568,0.9623924493789673
YML114C,YEL077C,0,-1.5482821,0.09036771208047867,0.9540917873382568,0.9624925255775452
YMR134W,YNL093W,0,-1.5483708,0.090359166264534,0.9540917873382568,0.9625925421714783
YHR124W,YLR157C-B,0,-1.5485327,0.09035062789916992,0.9540917873382568,0.9626925587654114
YMR113W,YDR293C,0,-1.5495262,0.09034208953380585,0.9540917873382568,0.9627925753593445
YNL316C,YPL275W,0,-1.5506971,0.09033355116844177,0.9540917873382568,0.9628925919532776
YOL088C,YGL234W,0,-1.5511286,0.0903250202536583,0.9540917873382568,0.9629926085472107
YPL118W,YKL216W,0,-1.5512097,0.09031648188829422,0.9540917873382568,0.9630926251411438
YBR109C,YCR028C,1,-1.5516839,0.09040241688489914,0.955089807510376,0.9630926251411438
YLR307W,YGR013W,0,-1.5517969,0.09039387851953506,0.955089807510376,0.9631926417350769
YPL069C,YDR409W,0,-1.5519556,0.09038534015417099,0.955089807510376,0.96329265832901
YPL162C,YLR362W,0,-1.5526797,0.09037680923938751,0.955089807510376,0.9633926749229431
YGL210W-A,YDL147W,0,-1.553379,0.09036827087402344,0.955089807510376,0.9634926915168762
YOR109W,YNR035C,1,-1.5535457,0.09045416116714478,0.9560878276824951,0.9634926915168762
YGR125W,YKL160W,0,-1.5536846,0.0904456228017807,0.9560878276824951,0.9635927081108093
YIL091C,YKL120W,0,-1.555053,0.09043708443641663,0.9560878276824951,0.9636927247047424
YDR432W,YNL336W,0,-1.5569816,0.09042854607105255,0.9560878276824951,0.9637927412986755
YPL108W,YHR026W,0,-1.5616353,0.09042000770568848,0.9560878276824951,0.9638927578926086
YLR034C,YNL154C,0,-1.562861,0.090411476790905,0.9560878276824951,0.9639927744865417
YPL217C,YFL008W,0,-1.5646467,0.09040294587612152,0.9560878276824951,0.9640927910804749
YPL164C,YDR348C,0,-1.5654778,0.09039441496133804,0.9560878276824951,0.9641928672790527
YBR109C,YJR125C,1,-1.5674875,0.09048023074865341,0.9570858478546143,0.9641928672790527
YOR043W,YLR206W,1,-1.5694902,0.09056603908538818,0.9580838084220886,0.9641928672790527
YIL015W,YOR077W,0,-1.569562,0.09055749326944351,0.9580838084220886,0.9642928838729858
YLR307W,YKL167C,0,-1.5696306,0.09054895490407944,0.9580838084220886,0.964392900466919
YML008C,YNL275W,0,-1.5703564,0.09054041653871536,0.9580838084220886,0.964492917060852
YMR202W,YOR035C,0,-1.5703878,0.09053187817335129,0.9580838084220886,0.9645929336547852
YPR056W,YDL222C,0,-1.5714535,0.09052333980798721,0.9580838084220886,0.9646929502487183
YDL212W,YLR066W,0,-1.5715487,0.09051480144262314,0.9580838084220886,0.9647929668426514
YPL227C,YGR207C,0,-1.571864,0.09050627052783966,0.9580838084220886,0.9648929834365845
YBL004W,YML111W,0,-1.5738518,0.09049773961305618,0.9580838084220886,0.9649930000305176
YBR244W,YNR075W,0,-1.5739067,0.0904892086982727,0.9580838084220886,0.9650930166244507
YDL005C,YCR020W-B,0,-1.5759215,0.09048067778348923,0.9580838084220886,0.9651930332183838
YDR147W,YMR199W,0,-1.5761647,0.09047215431928635,0.9580838084220886,0.9652930498123169
YGL065C,YPL003W,0,-1.576272,0.09046362340450287,0.9580838084220886,0.96539306640625
YBR132C,YFR055W,0,-1.5806066,0.09045509994029999,0.9580838084220886,0.9654930830001831
YGL250W,YBR244W,0,-1.5818638,0.0904465764760971,0.9580838084220886,0.9655930995941162
YDL159W,YFR055W,0,-1.582473,0.09043806046247482,0.9580838084220886,0.9656931161880493
YDL212W,YGR192C,0,-1.583792,0.09042953699827194,0.9580838084220886,0.9657931327819824
YMR021C,YDR352W,0,-1.5843527,0.09042102098464966,0.9580838084220886,0.9658931493759155
YML064C,YMR154C,0,-1.5856913,0.09041250497102737,0.9580838084220886,0.9659932255744934
YLR336C,YOR197W,0,-1.5863788,0.09040399640798569,0.9580838084220886,0.9660932421684265
YFL062W,YPL060C-A,0,-1.586545,0.0903954803943634,0.9580838084220886,0.9661932587623596
YNL227C,YCR028C,1,-1.5876195,0.09048112481832504,0.9590818285942078,0.9661932587623596
YMR263W,YPR075C,0,-1.5886271,0.09047260135412216,0.9590818285942078,0.9662932753562927
YBR200W,YDL025C,0,-1.5904955,0.09046408534049988,0.9590818285942078,0.9663932919502258
YPL053C,YPR164W,0,-1.5915966,0.0904555693268776,0.9590818285942078,0.9664933085441589
YGL207W,YPR181C,0,-1.592824,0.09044706076383591,0.9590818285942078,0.966593325138092
YCR097W,YBR244W,0,-1.5931921,0.09043854475021362,0.9590818285942078,0.9666933417320251
YBR088C,YHR152W,0,-1.5941077,0.09043003618717194,0.9590818285942078,0.9667933583259583
YNL264C,YGL020C,0,-1.5997155,0.09042152762413025,0.9590818285942078,0.9668933749198914
YLR148W,YMR244C-A,0,-1.6016848,0.09041301906108856,0.9590818285942078,0.9669933915138245
YBL101C,YNL084C,1,-1.6050003,0.09049858897924423,0.9600798487663269,0.9669933915138245
YMR119W,YNR032W,0,-1.6054924,0.09049007296562195,0.9600798487663269,0.9670934081077576
YDL232W,YCL019W,0,-1.6057701,0.09048156440258026,0.9600798487663269,0.9671934247016907
YLR013W,YEL003W,0,-1.6077342,0.09047305583953857,0.9600798487663269,0.9672934412956238
YGL099W,YPR025C,0,-1.6085544,0.09046454727649689,0.9600798487663269,0.9673934578895569
YPL024W,YJR077C,0,-1.6089162,0.0904560387134552,0.9600798487663269,0.96749347448349
YHR161C,YDL161W,1,-1.6108654,0.09054155647754669,0.961077868938446,0.96749347448349
YBL101C,YNL270C,0,-1.6151487,0.090533047914505,0.961077868938446,0.9675934910774231
YKL137W,YDR450W,0,-1.61756,0.09052453190088272,0.961077868938446,0.967693567276001
YKL209C,YDL214C,0,-1.6188196,0.09051602333784103,0.961077868938446,0.9677935838699341
YER124C,YML111W,0,-1.6189889,0.09050752222537994,0.961077868938446,0.9678936004638672
YDL188C,YHR003C,0,-1.6194925,0.09049901366233826,0.961077868938446,0.9679936170578003
YER026C,YKL221W,0,-1.6230092,0.09049051254987717,0.961077868938446,0.9680936336517334
YPL266W,YGR207C,0,-1.6246786,0.09048200398683548,0.961077868938446,0.9681936502456665
YNR023W,YKL027W,0,-1.6255199,0.09047350287437439,0.961077868938446,0.9682936668395996
YBR109C,YBR059C,1,-1.6308563,0.09055894613265991,0.9620758295059204,0.9682936668395996
YOR229W,YBL016W,0,-1.6309726,0.09055044502019882,0.9620758295059204,0.9683936834335327
YJL177W,YMR251W-A,0,-1.6331866,0.09054193645715714,0.9620758295059204,0.9684937000274658
YMR021C,YJL207C,0,-1.633774,0.09053343534469604,0.9620758295059204,0.9685937166213989
YOR284W,YDL104C,0,-1.6340909,0.09052493423223495,0.9620758295059204,0.968693733215332
YGL043W,YOR064C,0,-1.6370847,0.09051643311977386,0.9620758295059204,0.9687937498092651
YHR161C,YGR167W,1,-1.6377535,0.09060182422399521,0.9630738496780396,0.9687937498092651
YLR410W,YOR073W,0,-1.6387745,0.09059331566095352,0.9630738496780396,0.9688937664031982
YHR141C,YOR073W,0,-1.6388805,0.09058481454849243,0.9630738496780396,0.9689937829971313
YMR293C,YGL166W,0,-1.6392188,0.09057630598545074,0.9630738496780396,0.9690937995910645
YPL086C,YOR344C,0,-1.6392803,0.09056780487298965,0.9630738496780396,0.9691938161849976
YLR084C,YEL020C,0,-1.6399213,0.09055931121110916,0.9630738496780396,0.9692938327789307
YDR388W,YNL154C,1,-1.640761,0.09064465016126633,0.9640718698501587,0.9692938327789307
YMR323W,YGL133W,0,-1.6413655,0.09063614159822464,0.9640718698501587,0.9693938493728638
YLR205C,YAR008W,0,-1.642823,0.09062764048576355,0.9640718698501587,0.9694939255714417
YHR112C,YMR305C,0,-1.6459203,0.09061913937330246,0.9640718698501587,0.9695939421653748
YHR115C,YMR154C,0,-1.6471634,0.09061063826084137,0.9640718698501587,0.9696939587593079
YMR161W,YLR449W,0,-1.647989,0.09060213714838028,0.9640718698501587,0.969793975353241
YHR063C,YLR423C,0,-1.6486053,0.09059364348649979,0.9640718698501587,0.9698939919471741
YFL062W,YBR288C,0,-1.6507039,0.0905851498246193,0.9640718698501587,0.9699940085411072
YDL153C,YDR119W,0,-1.6508496,0.0905766561627388,0.9640718698501587,0.9700940251350403
YJR125C,YNR035C,1,-1.6521528,0.0906619131565094,0.9650698900222778,0.9700940251350403
YBL018C,YLR022C,0,-1.6544062,0.0906534194946289,0.9650698900222778,0.9701940417289734
YNL245C,YER042W,0,-1.6555548,0.09064491838216782,0.9650698900222778,0.9702940583229065
YOR190W,YPR185W,0,-1.6595501,0.09063642472028732,0.9650698900222778,0.9703940749168396
YGL022W,YOL089C,0,-1.6607046,0.09062793105840683,0.9650698900222778,0.9704940915107727
YGL125W,YDL122W,0,-1.6608834,0.09061943739652634,0.9650698900222778,0.9705941081047058
YIL114C,YJR077C,0,-1.6623162,0.09061094373464584,0.9650698900222778,0.9706941246986389
YML110C,YDR346C,0,-1.6633035,0.09060245752334595,0.9650698900222778,0.970794141292572
YER021W,YNL279W,0,-1.663633,0.09059396386146545,0.9650698900222778,0.9708941578865051
YHL018W,YGR067C,0,-1.6651335,0.09058547765016556,0.9650698900222778,0.9709941744804382
YGL181W,YCL034W,1,-1.6659089,0.09067066013813019,0.9660678505897522,0.9709941744804382
YDR432W,YOR088W,0,-1.6672878,0.09066217392683029,0.9660678505897522,0.9710941910743713
YJL151C,YOR360C,0,-1.6697929,0.0906536802649498,0.9660678505897522,0.9711942672729492
YGR108W,YOL130W,0,-1.6698642,0.0906451940536499,0.9660678505897522,0.9712942838668823
YHR050W,YPL158C,0,-1.6709334,0.09063670784235,0.9660678505897522,0.9713943004608154
YJL051W,YEL046C,0,-1.6717275,0.09062822163105011,0.9660678505897522,0.9714943170547485
YBL102W,YBL101C,0,-1.672406,0.09061973541975021,0.9660678505897522,0.9715943336486816
YOL001W,YOR367W,0,-1.6730555,0.09061124920845032,0.9660678505897522,0.9716943502426147
YDR006C,YDL178W,0,-1.6752412,0.09060277044773102,0.9660678505897522,0.9717943668365479
YKL073W,YNL097C,0,-1.6774509,0.09059429168701172,0.9660678505897522,0.971894383430481
YKL046C,YOR344C,0,-1.6796427,0.09058581292629242,0.9660678505897522,0.9719944000244141
YJR002W,YPR052C,0,-1.6801192,0.09057733416557312,0.9660678505897522,0.9720944166183472
YBR103W,YGR186W,0,-1.6817942,0.09056886285543442,0.9660678505897522,0.9721944332122803
YER035W,YLR424W,0,-1.6819007,0.09056039154529572,0.9660678505897522,0.9722944498062134
YNR035C,YBL007C,1,-1.6833665,0.09064546227455139,0.9670658707618713,0.9722944498062134
YDR210W-D,YDR153C,0,-1.683788,0.09063698351383209,0.9670658707618713,0.9723944664001465
YML130C,YJL177W,0,-1.6842871,0.09062850475311279,0.9670658707618713,0.9724944829940796
YNL243W,YDR129C,1,-1.6872709,0.09071355313062668,0.9680638909339905,0.9724944829940796
YNR063W,YHR083W,0,-1.6890523,0.09070506691932678,0.9680638909339905,0.9725944995880127
YML029W,YCR034W,0,-1.6906378,0.09069658815860748,0.9680638909339905,0.9726945161819458
YPR107C,YMR309C,0,-1.6907711,0.09068810939788818,0.9680638909339905,0.9727945327758789
YCR071C,YJL074C,0,-1.6911893,0.09067963063716888,0.9680638909339905,0.972894549369812
YGL210W-A,YDR198C,0,-1.6920316,0.09067115187644958,0.9680638909339905,0.9729946255683899
YHR045W,YLR355C,0,-1.693253,0.09066268056631088,0.9680638909339905,0.973094642162323
YJL010C,YNL154C,0,-1.6948557,0.09065420925617218,0.9680638909339905,0.9731946587562561
YNL154C,YNR035C,1,-1.6951498,0.0907391831278801,0.9690618515014648,0.9731946587562561
YOR202W,YPR009W,0,-1.6953334,0.0907307043671608,0.9690618515014648,0.9732946753501892
YIR007W,YEL046C,0,-1.6964839,0.0907222256064415,0.9690618515014648,0.9733946919441223
YPL241C,YLR398C,0,-1.6967216,0.0907137542963028,0.9690618515014648,0.9734947085380554
YNL021W,YNL252C,0,-1.6971025,0.0907052755355835,0.9690618515014648,0.9735947251319885
YOR256C,YHR203C,0,-1.7016551,0.0906968042254448,0.9690618515014648,0.9736947417259216
YJL151C,YJL020C,0,-1.7069588,0.09068833291530609,0.9690618515014648,0.9737947583198547
YCL045C,YOR033C,0,-1.7151954,0.09067986905574799,0.9690618515014648,0.9738947749137878
YNL245C,YKR045C,0,-1.7153738,0.09067139774560928,0.9690618515014648,0.973994791507721
YOR115C,YDL174C,0,-1.7176994,0.09066293388605118,0.9690618515014648,0.974094808101654
YIL162W,YAL032C,0,-1.7194729,0.09065447002649307,0.9690618515014648,0.9741948246955872
YHR062C,YPL057C,0,-1.7203708,0.09064600616693497,0.9690618515014648,0.9742948412895203
YKL213C,YBR068C,0,-1.721877,0.09063754230737686,0.9690618515014648,0.9743948578834534
YML069W,YBR008C,0,-1.7221646,0.09062908589839935,0.9690618515014648,0.9744948744773865
YDR210W-D,YKL084W,0,-1.7223713,0.09062062203884125,0.9690618515014648,0.9745948910713196
YNL064C,YNL272C,0,-1.7227497,0.09061216562986374,0.9690618515014648,0.9746949672698975
YHR001W,YOR089C,1,-1.7245178,0.0906970202922821,0.970059871673584,0.9746949672698975
YGR109C,YCR097W,0,-1.7283077,0.0906885638833046,0.970059871673584,0.9747949838638306
YLR051C,YGR261C,0,-1.7332838,0.09068010002374649,0.970059871673584,0.9748950004577637
YGR152C,YDR147W,0,-1.7388544,0.09067164361476898,0.970059871673584,0.9749950170516968
YHR112C,YLR226W,0,-1.7390931,0.09066318720579147,0.970059871673584,0.9750950336456299
YHR216W,YLR319C,0,-1.7392645,0.09065473079681396,0.970059871673584,0.975195050239563
YMR216C,YHR050W,0,-1.7396848,0.09064627438783646,0.970059871673584,0.9752950668334961
YEL063C,YBR098W,0,-1.7403107,0.09063782542943954,0.970059871673584,0.9753950834274292
YJL209W,YOL068C,0,-1.749909,0.09062936902046204,0.970059871673584,0.9754951000213623
YJR091C,YMR231W,0,-1.7590449,0.09062092006206512,0.970059871673584,0.9755951166152954
YEL011W,YFL052W,0,-1.7597859,0.09061247110366821,0.970059871673584,0.9756951332092285
YGL184C,YOL017W,0,-1.7602763,0.0906040295958519,0.970059871673584,0.9757951498031616
YBL099W,YJL020C,0,-1.7613635,0.09059558063745499,0.970059871673584,0.9758951663970947
YHR135C,YFL039C,1,-1.7628012,0.09068033844232559,0.9710578918457031,0.9758951663970947
YGR038C-A,YOR171C,0,-1.7643249,0.09067188203334808,0.9710578918457031,0.9759951829910278
YMR092C,YPR065W,0,-1.7650362,0.09066343307495117,0.9710578918457031,0.9760951995849609
YBL036C,YGL065C,0,-1.7651105,0.09065499156713486,0.9710578918457031,0.976195216178894
YOR329C,YBR214W,1,-1.7660956,0.09073970466852188,0.9720559120178223,0.976195216178894
YIL016W,YER074W-A,0,-1.7671866,0.09073125571012497,0.9720559120178223,0.9762952327728271
YMR119W,YAR008W,0,-1.7675519,0.09072279930114746,0.9720559120178223,0.9763952493667603
YML130C,YPR025C,0,-1.7702153,0.09071435034275055,0.9720559120178223,0.9764953255653381
YMR119W,YPR056W,0,-1.7703228,0.09070590138435364,0.9720559120178223,0.9765953421592712
YKL084W,YBR104W,0,-1.7712781,0.09069745987653732,0.9720559120178223,0.9766953587532043
YNL227C,YGR167W,1,-1.7727971,0.09078212082386017,0.9730538725852966,0.9766953587532043
YOR033C,YPL170W,0,-1.7731014,0.09077367186546326,0.9730538725852966,0.9767953753471375
YOL016C,YOR197W,0,-1.7752767,0.09076522290706635,0.9730538725852966,0.9768953919410706
YBR227C,YKR065C,0,-1.7757515,0.09075677394866943,0.9730538725852966,0.9769954085350037
YCR070W,YDR267C,0,-1.7795835,0.09074832499027252,0.9730538725852966,0.9770954251289368
YGL156W,YOL113W,0,-1.7796693,0.09073987603187561,0.9730538725852966,0.9771954417228699
YIL121W,YNL097C,0,-1.7798204,0.0907314345240593,0.9730538725852966,0.977295458316803
YPL009C,YDR097C,0,-1.7824559,0.09072299301624298,0.9730538725852966,0.9773954749107361
YDR388W,YDL019C,1,-1.7839448,0.09080759435892105,0.9740518927574158,0.9773954749107361
YKR045C,YOL113W,0,-1.7852502,0.09079914540052414,0.9740518927574158,0.9774954915046692
YBR106W,YJL118W,0,-1.786138,0.09079069644212723,0.9740518927574158,0.9775955080986023
YFR055W,YLR399C,0,-1.7863486,0.09078225493431091,0.9740518927574158,0.9776955246925354
YDR043C,YPL265W,0,-1.787447,0.090773805975914,0.9740518927574158,0.9777955412864685
YBL002W,YPR112C,0,-1.7898238,0.09076536446809769,0.9740518927574158,0.9778955578804016
YOR033C,YNL067W,0,-1.7903497,0.09075693041086197,0.9740518927574158,0.9779955744743347
YKL193C,YGL257C,0,-1.790575,0.09074848890304565,0.9740518927574158,0.9780955910682678
YBR216C,YJR077C,0,-1.7906077,0.09074005484580994,0.9740518927574158,0.9781956672668457
YGL145W,YFL034C-A,0,-1.7924223,0.09073161333799362,0.9740518927574158,0.9782956838607788
YDR059C,YLR337W,1,-1.7928216,0.09081614017486572,0.9750499129295349,0.9782956838607788
YGR125W,YPL228W,0,-1.7941971,0.09080769866704941,0.9750499129295349,0.9783957004547119
YNL243W,YDL019C,1,-1.7947891,0.09089219570159912,0.976047933101654,0.9783957004547119
YER069W,YFL034C-A,0,-1.7971687,0.09088374674320221,0.976047933101654,0.978495717048645
YGR280C,YML121W,0,-1.804073,0.0908753052353859,0.976047933101654,0.9785957336425781
YGR209C,YDL239C,0,-1.804888,0.09086685627698898,0.976047933101654,0.9786957502365112
YJL018W,YGL156W,0,-1.8086557,0.09085841476917267,0.976047933101654,0.9787957668304443
YFR042W,YOR125C,0,-1.813074,0.09084997326135635,0.976047933101654,0.9788957834243774
YNL264C,YPL162C,0,-1.8140271,0.09084153920412064,0.976047933101654,0.9789958000183105
YJR113C,YDR352W,0,-1.815802,0.09083309769630432,0.976047933101654,0.9790958166122437
YNL315C,YGL125W,0,-1.8181677,0.0908246636390686,0.976047933101654,0.9791958332061768
YCL045C,YOR144C,0,-1.818999,0.09081622958183289,0.976047933101654,0.9792958498001099
YKL126W,YNL020C,1,-1.8200493,0.09090065211057663,0.9770458936691284,0.9792958498001099
YKL086W,YCR088W,0,-1.8203838,0.09089221060276031,0.9770458936691284,0.979395866394043
YHR115C,YHR178W,0,-1.8205874,0.090883769094944,0.9770458936691284,0.9794958829879761
YOL113W,YGL245W,0,-1.821157,0.09087533503770828,0.9770458936691284,0.9795958995819092
YJR091C,YBR293W,0,-1.8213774,0.09086690098047256,0.9770458936691284,0.9796959161758423
YOL110W,YMR060C,0,-1.8248472,0.09085846692323685,0.9770458936691284,0.9797959327697754
YPR145W,YNL272C,0,-1.8250896,0.09085004031658173,0.9770458936691284,0.9798960089683533
YDR184C,YJR091C,0,-1.8256513,0.09084160625934601,0.9770458936691284,0.9799960255622864
YPL088W,YOR344C,0,-1.8269892,0.09083317965269089,0.9770458936691284,0.9800960421562195
YBR018C,YOL060C,0,-1.8274732,0.09082475304603577,0.9770458936691284,0.9801960587501526
YFL009W,YAR008W,0,-1.8277476,0.09081632643938065,0.9770458936691284,0.9802960753440857
YBR290W,YPR185W,0,-1.8286057,0.09080789983272552,0.9770458936691284,0.9803960919380188
YJR043C,YHR001W,0,-1.8293616,0.090799480676651,0.9770458936691284,0.9804961085319519
YML131W,YPR121W,0,-1.8306859,0.09079106152057648,0.9770458936691284,0.980596125125885
YPL256C,YML130C,0,-1.8316051,0.09078264236450195,0.9770458936691284,0.9806961417198181
YPR201W,YLR378C,0,-1.8363414,0.09077422320842743,0.9770458936691284,0.9807961583137512
YBL002W,YBR008C,0,-1.8365742,0.0907658040523529,0.9770458936691284,0.9808961749076843
YFR042W,YGL023C,0,-1.8375711,0.09075739234685898,0.9770458936691284,0.9809961915016174
YMR283C,YLR084C,0,-1.8389914,0.09074898064136505,0.9770458936691284,0.9810962080955505
YBL040C,YPL190C,0,-1.8409743,0.09074056893587112,0.9770458936691284,0.9811962246894836
YPL132W,YOL130W,0,-1.8441303,0.0907321572303772,0.9770458936691284,0.9812962412834167
YDR462W,YFL034C-A,0,-1.8442584,0.09072375297546387,0.9770458936691284,0.9813962578773499
YOR284W,YLR022C,0,-1.8480632,0.09071534126996994,0.9770458936691284,0.981496274471283
YJR043C,YLR378C,0,-1.8493762,0.09070693701505661,0.9770458936691284,0.9815962910652161
YLR310C,YGR183C,0,-1.8519619,0.09069853276014328,0.9770458936691284,0.981696367263794
YKL163W,YJL207C,0,-1.8563232,0.09069013595581055,0.9770458936691284,0.981796383857727
YGL181W,YFL039C,1,-1.8579073,0.09077435731887817,0.9780439138412476,0.981796383857727
YNL064C,YOL068C,0,-1.8585486,0.09076595306396484,0.9780439138412476,0.9818964004516602
YER118C,YNL125C,0,-1.8587604,0.09075754880905151,0.9780439138412476,0.9819964170455933
YFR042W,YMR278W,0,-1.8630881,0.09074914455413818,0.9780439138412476,0.9820964336395264
YGR133W,YIL040W,0,-1.8655443,0.09074074029922485,0.9780439138412476,0.9821964502334595
YPL268W,YML121W,0,-1.8661773,0.09073233604431152,0.9780439138412476,0.9822964668273926
YNR039C,YOL058W,0,-1.8698452,0.09072393923997879,0.9780439138412476,0.9823964834213257
YAR044W,YGR086C,1,-1.8705355,0.09080810844898224,0.9790419340133667,0.9823964834213257
YDR006C,YKL073W,0,-1.8722475,0.09079970419406891,0.9790419340133667,0.9824965000152588
YJL028W,YOR064C,0,-1.8768841,0.09079129993915558,0.9790419340133667,0.9825965166091919
YPL241C,YLR117C,0,-1.8771148,0.09078289568424225,0.9790419340133667,0.982696533203125
YPL009C,YOR030W,0,-1.8894539,0.09077449887990952,0.9790419340133667,0.9827965497970581
YOR298C-A,YLL052C,0,-1.8895595,0.09076610207557678,0.9790419340133667,0.9828965663909912
YMR260C,YGL257C,0,-1.8917072,0.09075770527124405,0.9790419340133667,0.9829965829849243
YNR054C,YBR008C,0,-1.8937378,0.09074930846691132,0.9790419340133667,0.9830965995788574
YJL145W,YKL027W,0,-1.8954554,0.09074091166257858,0.9790419340133667,0.9831966161727905
YER026C,YPL124W,0,-1.9011343,0.09073252230882645,0.9790419340133667,0.9832966327667236
YNR035C,YFL039C,1,-1.9034281,0.09081660956144333,0.9800398945808411,0.9832966327667236
YOR284W,YIL065C,0,-1.9048676,0.0908082127571106,0.9800398945808411,0.9833967089653015
YIL041W,YHR026W,0,-1.9064842,0.09079981595277786,0.9800398945808411,0.9834967255592346
YJL018W,YGR206W,0,-1.9071473,0.09079141914844513,0.9800398945808411,0.9835967421531677
YDR485C,YHR178W,0,-1.9112568,0.090783029794693,0.9800398945808411,0.9836967587471008
YGL100W,YOR371C,0,-1.9129229,0.09077463299036026,0.9800398945808411,0.9837967753410339
YGR059W,YNL279W,0,-1.9131979,0.09076624363660812,0.9800398945808411,0.983896791934967
YGR108W,YOR073W,0,-1.9149404,0.09075785428285599,0.9800398945808411,0.9839968085289001
YPL217C,YBR084C-A,0,-1.9153183,0.09074946492910385,0.9800398945808411,0.9840968251228333
YER124C,YLR378C,0,-1.9159286,0.09074108302593231,0.9800398945808411,0.9841968417167664
YJR044C,YCR070W,0,-1.9285594,0.09073270112276077,0.9800398945808411,0.9842968583106995
YBR234C,YBR210W,0,-1.9297324,0.09072431921958923,0.9800398945808411,0.9843968749046326
YKL163W,YIL073C,0,-1.9305215,0.0907159373164177,0.9800398945808411,0.9844968914985657
YDR202C,YGR289C,0,-1.9339159,0.09070755541324615,0.9800398945808411,0.9845969080924988
YLR116W,YNL312W,0,-1.9365176,0.09069918096065521,0.9800398945808411,0.9846969246864319
YNL299W,YOR010C,0,-1.9382514,0.09069079905748367,0.9800398945808411,0.984796941280365
YDR210W-D,YAL005C,0,-1.9409466,0.09068242460489273,0.9800398945808411,0.9848969578742981
YGR125W,YER001W,0,-1.9451003,0.09067405015230179,0.9800398945808411,0.9849969744682312
YNR056C,YKL167C,0,-1.9458174,0.09066568315029144,0.9800398945808411,0.9850969910621643
YBR200W,YER183C,0,-1.948142,0.0906573086977005,0.9800398945808411,0.9851970672607422
YBR059C,YNL084C,1,-1.9495977,0.09074125438928604,0.9810379147529602,0.9851970672607422
YOR234C,YKL035W,0,-1.9520508,0.0907328799366951,0.9810379147529602,0.9852970838546753
YGL234W,YOL021C,0,-1.9582162,0.09072450548410416,0.9810379147529602,0.9853971004486084
YDR485C,YIL040W,0,-1.9602448,0.09071613103151321,0.9810379147529602,0.9854971170425415
YHL033C,YER006W,0,-1.9621334,0.09070776402950287,0.9810379147529602,0.9855971336364746
YER166W,YML052W,1,-1.962146,0.09079165756702423,0.9820359349250793,0.9855971336364746
YNL245C,YKL148C,0,-1.9641373,0.09078328311443329,0.9820359349250793,0.9856971502304077
YOR109W,YIL048W,1,-1.9666146,0.09086716175079346,0.9830339550971985,0.9856971502304077
YKL065C,YPL008W,0,-1.9708335,0.09085877984762192,0.9830339550971985,0.9857971668243408
YML069W,YBR229C,0,-1.9713385,0.09085039794445038,0.9830339550971985,0.9858971834182739
YDR255C,YLR399C,0,-1.9747735,0.09084201604127884,0.9830339550971985,0.985997200012207
YDR020C,YKL167C,0,-1.9795622,0.0908336415886879,0.9830339550971985,0.9860972166061401
YOR056C,YKL209C,0,-1.9894879,0.09082526713609695,0.9830339550971985,0.9861972332000732
YFR042W,YGL124C,0,-1.9927204,0.09081689268350601,0.9830339550971985,0.9862972497940063
YGR096W,YLL010C,0,-1.9935288,0.09080851823091507,0.9830339550971985,0.9863972663879395
YLR410W,YGR125W,0,-1.9940307,0.09080014377832413,0.9830339550971985,0.9864972829818726
YHR121W,YNL116W,0,-1.995276,0.09079177677631378,0.9830339550971985,0.9865972995758057
YER069W,YLR117C,0,-1.9958283,0.09078340977430344,0.9830339550971985,0.9866973161697388
YJR095W,YKL046C,0,-1.9973059,0.09077504277229309,0.9830339550971985,0.9867973327636719
YPL268W,YKL137W,0,-2.003155,0.09076667577028275,0.9830339550971985,0.9868974089622498
YBR059C,YLR342W,1,-2.004625,0.09085045754909515,0.9840319156646729,0.9868974089622498
YHR073W,YLL038C,1,-2.0080237,0.09093421697616577,0.985029935836792,0.9868974089622498
YLR393W,YOL041C,0,-2.0093203,0.09092584252357483,0.985029935836792,0.9869974255561829
YGR271C-A,YKL035W,0,-2.0115495,0.09091746807098389,0.985029935836792,0.987097442150116
YGR125W,YBR068C,0,-2.018441,0.09090909361839294,0.985029935836792,0.9871974587440491
YMR014W,YNL220W,0,-2.0216558,0.090900719165802,0.985029935836792,0.9872974753379822
YDL044C,YBR008C,0,-2.024573,0.09089234471321106,0.985029935836792,0.9873974919319153
YHR143W-A,YOL130W,0,-2.0252924,0.09088397771120071,0.985029935836792,0.9874975085258484
YOR144C,YER183C,0,-2.0312877,0.09087561070919037,0.985029935836792,0.9875975251197815
YNL067W,YGL008C,0,-2.0338616,0.09086724370718002,0.985029935836792,0.9876975417137146
YLR275W,YPL030W,0,-2.0375762,0.09085887670516968,0.985029935836792,0.9877975583076477
YDR214W,YPL241C,0,-2.038232,0.09085051715373993,0.985029935836792,0.9878975749015808
YNR036C,YOL089C,0,-2.053041,0.09084215015172958,0.985029935836792,0.9879975914955139
YOL088C,YOR073W,0,-2.0590801,0.09083379060029984,0.985029935836792,0.988097608089447
YIL117C,YNL053W,0,-2.0612564,0.09082543849945068,0.985029935836792,0.9881976246833801
YDR084C,YPL005W,0,-2.0622969,0.09081707894802094,0.985029935836792,0.9882976412773132
YGL001C,YOL130W,0,-2.0688155,0.09080871939659119,0.985029935836792,0.9883976578712463
YGL184C,YER054C,0,-2.072732,0.09080036729574203,0.985029935836792,0.9884976744651794
YOR033C,YDR489W,0,-2.0775383,0.09079201519489288,0.985029935836792,0.9885976910591125
YPL256C,YER016W,0,-2.0806086,0.09078366309404373,0.985029935836792,0.9886977672576904
YNL321W,YIR035C,0,-2.0850654,0.09077531844377518,0.985029935836792,0.9887977838516235
YBL050W,YER006W,0,-2.0853028,0.09076696634292603,0.985029935836792,0.9888978004455566
YNL154C,YLR066W,0,-2.0944421,0.09075862169265747,0.985029935836792,0.9889978170394897
YER118C,YHL022C,0,-2.1063519,0.09075027704238892,0.985029935836792,0.9890978336334229
YAR014C,YDR409W,0,-2.1127067,0.09074193239212036,0.985029935836792,0.989197850227356
YDL010W,YKL193C,0,-2.119214,0.0907335877418518,0.985029935836792,0.9892978668212891
YOR109W,YLR056W,1,-2.12006,0.0908171683549881,0.9860279560089111,0.9892978668212891
YJR043C,YGL008C,0,-2.123578,0.09080882370471954,0.9860279560089111,0.9893978834152222
YOR033C,YGR125W,0,-2.126028,0.09080047905445099,0.9860279560089111,0.9894979000091553
YGR059W,YDL239C,0,-2.1263041,0.09079213440418243,0.9860279560089111,0.9895979166030884
YGL184C,YPL046C,0,-2.126568,0.09078378975391388,0.9860279560089111,0.9896979331970215
YNL084C,YGR167W,1,-2.1288102,0.09086732566356659,0.9870259761810303,0.9896979331970215
YIL127C,YLL039C,0,-2.130008,0.09085898101329803,0.9870259761810303,0.9897979497909546
YPL152W,YFL062W,0,-2.1342325,0.09085063636302948,0.9870259761810303,0.9898979663848877
YBR088C,YPL249C,0,-2.1409264,0.09084229171276093,0.9870259761810303,0.9899979829788208
YGL121C,YPL108W,0,-2.1421404,0.09083394706249237,0.9870259761810303,0.9900979995727539
YKL008C,YJR019C,0,-2.143832,0.09082560241222382,0.9870259761810303,0.990198016166687
YDR020C,YOR100C,0,-2.1488833,0.09081726521253586,0.9870259761810303,0.9902980327606201
YOR005C,YNL197C,0,-2.1490216,0.0908089280128479,0.9870259761810303,0.990398108959198
YBR068C,YLR216C,0,-2.1509805,0.09080059081315994,0.9870259761810303,0.9904981255531311
YOR190W,YPR103W,0,-2.164827,0.09079225361347198,0.9870259761810303,0.9905981421470642
YOR210W,YER035W,0,-2.1667845,0.09078391641378403,0.9870259761810303,0.9906981587409973
YOL088C,YNL093W,0,-2.1687222,0.09077558666467667,0.9870259761810303,0.9907981753349304
YFL003C,YOR343C-B,0,-2.17167,0.0907672569155693,0.9870259761810303,0.9908981919288635
YJL137C,YHR083W,0,-2.174025,0.09075892716646194,0.9870259761810303,0.9909982085227966
YDL153C,YCR048W,0,-2.1885865,0.09075059741735458,0.9870259761810303,0.9910982251167297
YEL046C,YLR148W,0,-2.1891603,0.09074226766824722,0.9870259761810303,0.9911982417106628
YOR109W,YLR342W,1,-2.1900961,0.09082568436861038,0.9880239367485046,0.9911982417106628
YIL131C,YIL010W,0,-2.1901257,0.09081735461950302,0.9880239367485046,0.991298258304596
YCR071C,YOL044W,0,-2.1972733,0.09080902487039566,0.9880239367485046,0.991398274898529
YHL018W,YDR488C,0,-2.1972945,0.0908006951212883,0.9880239367485046,0.9914982914924622
YDR171W,YHR065C,0,-2.201492,0.09079237282276154,0.9880239367485046,0.9915983080863953
YLR274W,YPL046C,0,-2.2039042,0.09078404307365417,0.9880239367485046,0.9916983246803284
YBR216C,YJR067C,0,-2.206578,0.09077572077512741,0.9880239367485046,0.9917983412742615
YKL209C,YNL312W,0,-2.2121649,0.09076739847660065,0.9880239367485046,0.9918983578681946
YOR284W,YBR008C,0,-2.2171373,0.09075907617807388,0.9880239367485046,0.9919983744621277
YAL032C,YNL327W,0,-2.217276,0.09075075387954712,0.9880239367485046,0.9920983910560608
YJL151C,YGR256W,0,-2.2197611,0.09074243903160095,0.9880239367485046,0.9921984672546387
YPL005W,YKL167C,0,-2.2397513,0.09073412418365479,0.9880239367485046,0.9922984838485718
YDL181W,YBL071W-A,0,-2.2418232,0.09072580933570862,0.9880239367485046,0.9923985004425049
YIL041W,YFL039C,1,-2.2425528,0.09080912917852402,0.9890219569206238,0.9923985004425049
YGL029W,YMR083W,0,-2.2493236,0.09080080687999725,0.9890219569206238,0.992498517036438
YML131W,YDL052C,0,-2.2558281,0.09079248458147049,0.9890219569206238,0.9925985336303711
YOR234C,YDR352W,0,-2.2651434,0.09078416973352432,0.9890219569206238,0.9926985502243042
YOL021C,YLR421C,0,-2.2775888,0.09077585488557816,0.9890219569206238,0.9927985668182373
YGL002W,YCR088W,0,-2.2776232,0.09076754003763199,0.9890219569206238,0.9928985834121704
YNL264C,YLL039C,0,-2.277716,0.09075922518968582,0.9890219569206238,0.9929986000061035
YOL130W,YLL023C,0,-2.2788153,0.09075091779232025,0.9890219569206238,0.9930986166000366
YNL243W,YDL231C,1,-2.2803922,0.09083417057991028,0.9900199770927429,0.9930986166000366
YML069W,YGR038C-B,0,-2.2821922,0.09082585573196411,0.9900199770927429,0.9931986331939697
YBL040C,YOL017W,0,-2.2828681,0.09081754088401794,0.9900199770927429,0.9932986497879028
YCL033C,YDR365W-B,0,-2.2854087,0.09080922603607178,0.9900199770927429,0.9933986663818359
YIL040W,YOR035C,0,-2.2906992,0.09080091863870621,0.9900199770927429,0.993498682975769
YIL127C,YMR092C,0,-2.2936172,0.09079260379076004,0.9900199770927429,0.9935986995697021
YOR100C,YOR367W,0,-2.2937427,0.09078429639339447,0.9900199770927429,0.9936987161636353
YPL005W,YCR043C,0,-2.2975545,0.0907759889960289,0.9900199770927429,0.9937987327575684
YOR173W,YGL257C,0,-2.301097,0.09076768159866333,0.9900199770927429,0.9938988089561462
YDR147W,YJL014W,0,-2.3028245,0.09075937420129776,0.9900199770927429,0.9939988255500793
YIL121W,YJL020C,0,-2.3047776,0.09075107425451279,0.9900199770927429,0.9940988421440125
YJR090C,YOR245C,0,-2.3052769,0.09074277430772781,0.9900199770927429,0.9941988587379456
YOL013C,YNL241C,0,-2.3144023,0.09073447436094284,0.9900199770927429,0.9942988753318787
YIR033W,YHL022C,0,-2.321107,0.09072617441415787,0.9900199770927429,0.9943988919258118
YER078C,YFR042W,0,-2.3215714,0.09071788191795349,0.9900199770927429,0.9944989085197449
YHR104W,YOL017W,0,-2.3241665,0.09070958197116852,0.9900199770927429,0.994598925113678
YER003C,YER166W,0,-2.3404946,0.09070128947496414,0.9900199770927429,0.9946989417076111
YMR106C,YKR042W,0,-2.3522096,0.09069299697875977,0.9900199770927429,0.9947989583015442
YOR034C,YNR035C,1,-2.3632274,0.09077612310647964,0.9910179376602173,0.9947989583015442
YBR039W,YNL009W,0,-2.3663888,0.09076782315969467,0.9910179376602173,0.9948989748954773
YGL181W,YDR069C,1,-2.377985,0.09085092693567276,0.9920159578323364,0.9948989748954773
YLL038C,YDL019C,1,-2.384908,0.09093401581048965,0.9930139780044556,0.9948989748954773
YCR066W,YKL046C,0,-2.3983998,0.09092570841312408,0.9930139780044556,0.9949989914894104
YER003C,YER141W,0,-2.4167576,0.09091740101575851,0.9930139780044556,0.9950990080833435
YOR033C,YBR239C,0,-2.4279387,0.09090909361839294,0.9930139780044556,0.9951990246772766
YFR042W,YGL008C,0,-2.4286299,0.09090078622102737,0.9930139780044556,0.9952990412712097
YER172C,YOR343C-B,0,-2.4352965,0.0908924788236618,0.9930139780044556,0.9953990578651428
YBR288C,YBR199W,0,-2.4411273,0.09088417887687683,0.9930139780044556,0.9954990744590759
YEL060C,YDR382W,0,-2.4569097,0.09087587893009186,0.9930139780044556,0.995599091053009
YKL049C,YEL004W,0,-2.464244,0.09086757898330688,0.9930139780044556,0.9956991672515869
YLR342W,YJL010C,0,-2.4858456,0.09085927903652191,0.9930139780044556,0.99579918384552
YLR342W,YCL034W,1,-2.4858456,0.09094229340553284,0.9940119981765747,0.99579918384552
YIL016W,YGR091W,0,-2.4940834,0.09093399345874786,0.9940119981765747,0.9958992004394531
YOR210W,YDR522C,0,-2.4984374,0.0909256860613823,0.9940119981765747,0.9959992170333862
YDR171W,YNL229C,0,-2.5118213,0.09091738611459732,0.9940119981765747,0.9960992336273193
YNL116W,YFL003C,0,-2.5188842,0.09090909361839294,0.9940119981765747,0.9961992502212524
YPR075C,YCR034W,0,-2.5275276,0.09090079367160797,0.9940119981765747,0.9962992668151855
YKR001C,YKR039W,0,-2.5289407,0.0908925011754036,0.9940119981765747,0.9963992834091187
YLR342W,YNL243W,1,-2.5308242,0.09097545593976974,0.9950099587440491,0.9963992834091187
YLR051C,YLR022C,0,-2.5634158,0.09096715599298477,0.9950099587440491,0.9964993000030518
YMR119W,YLR013W,0,-2.5645876,0.0909588560461998,0.9950099587440491,0.9965993165969849
YDL188C,YPR058W,0,-2.5660806,0.09095055609941483,0.9950099587440491,0.996699333190918
YER003C,YDR255C,0,-2.5693882,0.09094226360321045,0.9950099587440491,0.9967993497848511
YBR228W,YEL047C,0,-2.5729342,0.09093396365642548,0.9950099587440491,0.9968993663787842
YOR321W,YML062C,0,-2.5741997,0.0909256711602211,0.9950099587440491,0.9969993829727173
YOL017W,YDR522C,0,-2.5829177,0.09091737866401672,0.9950099587440491,0.9970993995666504
YPR145W,YNL125C,0,-2.6100788,0.09090909361839294,0.9950099587440491,0.9971994161605835
YJR129C,YOL001W,0,-2.6106915,0.09090080112218857,0.9950099587440491,0.9972994327545166
YKR022C,YGR240C,0,-2.6592798,0.09089251607656479,0.9950099587440491,0.9973995089530945
YIL082W-A,YFR055W,0,-2.68135,0.09088423103094101,0.9950099587440491,0.9974995255470276
YNL257C,YKL163W,0,-2.7193255,0.09087594598531723,0.9950099587440491,0.9975995421409607
YMR197C,YLR378C,0,-2.724958,0.09086766093969345,0.9950099587440491,0.9976995587348938
YOL110W,YOR208W,0,-2.7287202,0.09085938334465027,0.9950099587440491,0.9977995753288269
YFL003C,YLR399C,0,-2.737956,0.09085110574960709,0.9950099587440491,0.99789959192276
YIL162W,YDR409W,0,-2.7422907,0.0908428281545639,0.9950099587440491,0.9979996085166931
YER019W,YKR039W,0,-2.7553427,0.09083455055952072,0.9950099587440491,0.9980996251106262
YDR186C,YML075C,0,-2.7659883,0.09082627296447754,0.9950099587440491,0.9981996417045593
YNL257C,YFR055W,0,-2.7906327,0.09081800282001495,0.9950099587440491,0.9982996582984924
YER006W,YBL097W,0,-2.8077326,0.09080972522497177,0.9950099587440491,0.9983996748924255
YHR134W,YLR368W,0,-2.8288236,0.09080145508050919,0.9950099587440491,0.9984996914863586
YBR228W,YMR323W,0,-2.831449,0.0907931849360466,0.9950099587440491,0.9985997080802917
YAR044W,YNL093W,1,-2.8757515,0.09087597578763962,0.9960079789161682,0.9985997080802917
YDL132W,YBR070C,0,-2.8814301,0.09086770564317703,0.9960079789161682,0.9986997246742249
YDR084C,YOL130W,0,-2.8878179,0.09085943549871445,0.9960079789161682,0.998799741268158
YKL049C,YKR001C,0,-2.938047,0.09085115790367126,0.9960079789161682,0.9988997578620911
YKL091C,YBR008C,0,-2.956653,0.09084288775920868,0.9960079789161682,0.9989997744560242
YBR109C,YOR329C,1,-2.97992,0.09092564135789871,0.9970059990882874,0.9989997744560242
YNR075W,YOR008C,1,-3.0167863,0.09100837260484695,0.9980040192604065,0.9989997744560242
YOR208W,YPL190C,0,-3.1610298,0.09100008755922318,0.9980040192604065,0.9990997910499573
YOR329C,YNL093W,1,-3.198532,0.09108280390501022,0.9990019798278809,0.9990997910499573
YOR130C,YGL008C,0,-3.2056937,0.09107451885938644,0.9990019798278809,0.9991998672485352
YML019W,YCR070W,0,-3.2679434,0.09106622636318207,0.9990019798278809,0.9992998838424683
YKR080W,YFL018C,0,-3.301928,0.09105794876813889,0.9990019798278809,0.9993999004364014
YER183C,YBR014C,0,-3.3896623,0.0910496637225151,0.9990019798278809,0.9994999170303345
YBR200W,YJL020C,0,-3.4051843,0.09104138612747192,0.9990019798278809,0.9995999336242676
YCR102C,YJR129C,0,-3.4982758,0.09103310108184814,0.9990019798278809,0.9996999502182007
YBR210W,YCR083W,0,-3.5606816,0.09102482348680496,0.9990019798278809,0.9997999668121338
YOR329C,YNL084C,1,-3.7152205,0.09110747277736664,1.0,0.9997999668121338
YLR262C,YLR022C,0,-3.7183766,0.09109918773174286,1.0,0.9998999834060669
YDR485C,YJR129C,0,-4.028394,0.09109091013669968,1.0,1.0
