Gene A,Gene B,Label,Score,Precision,Recall,False Positive Rate
YLR083C,YBR101C,0,1.2720962,0.0,0.0,9.999999747378752e-05
YLR060W,YNL063W,0,1.0721172,0.0,0.0,0.00019999999494757503
YLR061W,YGR142W,0,1.0407071,0.0,0.0,0.0003000000142492354
YGR017W,YER060W-A,0,0.9837996,0.0,0.0,0.00039999998989515007
YDR471W,YCR005C,0,0.972842,0.0,0.0,0.0005000000237487257
YBL007C,YLR460C,0,0.93608457,0.0,0.0,0.0006000000284984708
YLR167W,YPL100W,0,0.92693114,0.0,0.0,0.000699999975040555
YBR189W,YDR025W,0,0.9051735,0.0,0.0,0.0007999999797903001
YDR325W,YDR301W,0,0.89841247,0.0,0.0,0.0008999999845400453
YBL007C,YML013W,0,0.89534897,0.0,0.0,0.0010000000474974513
YCL044C,YOR341W,0,0.89491916,0.0,0.0,0.0010999999940395355
YDL098C,YBL025W,0,0.8929448,0.0,0.0,0.0012000000569969416
YMR215W,YOR113W,0,0.87910855,0.0,0.0,0.0013000000035390258
YGL028C,YMR195W,0,0.8780058,0.0,0.0,0.00139999995008111
YFR031C-A,YIL052C,0,0.85550046,0.0,0.0,0.001500000013038516
YBL051C,YJL069C,0,0.84637606,0.0,0.0,0.0015999999595806003
YAR009C,YMR313C,0,0.845839,0.0,0.0,0.0017000000225380063
YJL167W,YOR227W,0,0.84231806,0.0,0.0,0.0017999999690800905
YER093C,YGL049C,0,0.82915187,0.0,0.0,0.0019000000320374966
YBR078W,YDR005C,0,0.8254234,0.0,0.0,0.0020000000949949026
YIL007C,YOR101W,0,0.8223535,0.0,0.0,0.002099999925121665
YBR191W,YCR005C,0,0.815979,0.0,0.0,0.002199999988079071
YKL051W,YKL079W,0,0.813732,0.0,0.0,0.002300000051036477
YOR019W,YKL006W,0,0.81117195,0.0,0.0,0.002400000113993883
YLR055C,YJL069C,0,0.8051996,0.0,0.0,0.0024999999441206455
YGR235C,YDR041W,0,0.8031429,0.0,0.0,0.0026000000070780516
YGL096W,YKL081W,0,0.80290556,0.0,0.0,0.0027000000700354576
YHR210C,YML120C,0,0.79677725,0.0,0.0,0.00279999990016222
YPR097W,YKR031C,0,0.7951102,0.0,0.0,0.002899999963119626
YML041C,YDR045C,0,0.79265976,0.0,0.0,0.003000000026077032
YOR273C,YBR089C-A,0,0.79249763,0.0,0.0,0.003100000089034438
YHR113W,YNL130C,0,0.7903531,0.0,0.0,0.0031999999191612005
YGR142W,YOR335C,0,0.7826084,0.0,0.0,0.0032999999821186066
YIL038C,YKL032C,0,0.78141165,0.0,0.0,0.0034000000450760126
YDR041W,YNL294C,0,0.7772802,0.0,0.0,0.0035000001080334187
YOR266W,YPR003C,0,0.77396303,0.0,0.0,0.003599999938160181
YDR460W,YBR081C,1,0.77366,0.027027027681469917,0.0010000000474974513,0.003599999938160181
YKL185W,YML120C,0,0.76652575,0.02631578966975212,0.0010000000474974513,0.003700000001117587
YBR181C,YMR133W,0,0.76503193,0.025641025975346565,0.0010000000474974513,0.003800000064074993
YOR045W,YHR142W,0,0.76423615,0.02500000037252903,0.0010000000474974513,0.0038999998942017555
YHR139C,YLR060W,0,0.76306665,0.024390242993831635,0.0010000000474974513,0.004000000189989805
YML067C,YJL001W,0,0.7620096,0.02380952425301075,0.0010000000474974513,0.004100000020116568
YPL141C,YLR466W,0,0.75448406,0.023255813866853714,0.0010000000474974513,0.00419999985024333
YGL070C,YCL067C,0,0.7538365,0.022727273404598236,0.0010000000474974513,0.00430000014603138
YJR073C,YLR058C,0,0.7498126,0.02222222276031971,0.0010000000474974513,0.004399999976158142
YDR145W,YDR167W,1,0.74803686,0.043478261679410934,0.0020000000949949026,0.004399999976158142
YER100W,YHR154W,0,0.7442344,0.042553190141916275,0.0020000000949949026,0.0044999998062849045
YOR252W,YPL207W,0,0.74388564,0.0416666679084301,0.0020000000949949026,0.004600000102072954
YMR261C,YJR035W,0,0.7423797,0.040816325694322586,0.0020000000949949026,0.004699999932199717
YIL118W,YNL176C,0,0.7419186,0.03999999910593033,0.0020000000949949026,0.004800000227987766
YMR227C,YBR081C,1,0.7399718,0.05882352963089943,0.003000000026077032,0.004800000227987766
YIL167W,YGL195W,0,0.7398355,0.057692307978868484,0.003000000026077032,0.004900000058114529
YBR248C,YBL005W,0,0.73655784,0.056603774428367615,0.003000000026077032,0.004999999888241291
YOL089C,YIL143C,1,0.7325939,0.07407407462596893,0.004000000189989805,0.004999999888241291
YLR258W,YGL105W,0,0.73092884,0.072727270424366,0.004000000189989805,0.005100000184029341
YOR117W,YOR157C,0,0.73066443,0.0714285746216774,0.004000000189989805,0.005200000014156103
YLR185W,YIL007C,0,0.72888905,0.07017543911933899,0.004000000189989805,0.0052999998442828655
YOR091W,YLR093C,0,0.72698724,0.06896551698446274,0.004000000189989805,0.005400000140070915
YJL196C,YLR263W,0,0.7250352,0.06779661029577255,0.004000000189989805,0.005499999970197678
YOL032W,YNR053C,0,0.7224192,0.06666667014360428,0.004000000189989805,0.00559999980032444
YLR345W,YNR030W,0,0.72067386,0.06557376682758331,0.004000000189989805,0.00570000009611249
YNL076W,YLR249W,0,0.72005093,0.06451612710952759,0.004000000189989805,0.005799999926239252
YFL056C,YIL018W,0,0.7190885,0.0634920671582222,0.004000000189989805,0.005900000222027302
YMR048W,YLR075W,0,0.7187401,0.0625,0.004000000189989805,0.006000000052154064
YER007C-A,YNL063W,0,0.71788573,0.0615384615957737,0.004000000189989805,0.006099999882280827
YLR284C,YMR072W,0,0.7177762,0.06060606241226196,0.004000000189989805,0.006200000178068876
YIL007C,YHR133C,0,0.71777385,0.05970149114727974,0.004000000189989805,0.006300000008195639
YJR120W,YJL058C,0,0.7157056,0.05882352963089943,0.004000000189989805,0.006399999838322401
YJL045W,YPL189W,0,0.715309,0.05797101557254791,0.004000000189989805,0.006500000134110451
YLR333C,YJL003W,0,0.71479553,0.05714285746216774,0.004000000189989805,0.006599999964237213
YDR148C,YNL081C,0,0.7146096,0.056338027119636536,0.004000000189989805,0.0066999997943639755
YGR078C,YPL004C,0,0.71296716,0.0555555559694767,0.004000000189989805,0.006800000090152025
YLL018C,YMR118C,0,0.7115779,0.054794520139694214,0.004000000189989805,0.006899999920278788
YDR448W,YPR086W,1,0.7112917,0.06756756454706192,0.004999999888241291,0.006899999920278788
YPR134W,YIL096C,0,0.705489,0.06666667014360428,0.004999999888241291,0.007000000216066837
YAR009C,YNL023C,0,0.70211554,0.06578947603702545,0.004999999888241291,0.0071000000461936
YNL056W,YNL173C,0,0.70175517,0.06493506580591202,0.004999999888241291,0.007199999876320362
YOR189W,YNL247W,0,0.69983613,0.06410256773233414,0.004999999888241291,0.007300000172108412
YMR040W,YIL062C,0,0.69713086,0.06329113990068436,0.004999999888241291,0.007400000002235174
YPL007C,YNL039W,1,0.6959455,0.07500000298023224,0.006000000052154064,0.007400000002235174
YLR167W,YOL126C,0,0.69438326,0.07407407462596893,0.006000000052154064,0.007499999832361937
YPR086W,YKL144C,1,0.6899383,0.08536585420370102,0.007000000216066837,0.007499999832361937
YOL154W,YKL129C,0,0.6898247,0.08433734625577927,0.007000000216066837,0.007600000128149986
YGL104C,YLR451W,0,0.689538,0.0833333358168602,0.007000000216066837,0.007699999958276749
YNL173C,YLR323C,0,0.6891103,0.08235294371843338,0.007000000216066837,0.007799999788403511
YJL059W,YHR035W,0,0.6886455,0.08139535039663315,0.007000000216066837,0.007899999618530273
YPL224C,YOR359W,0,0.68749297,0.08045977354049683,0.007000000216066837,0.00800000037997961
YDR367W,YDL093W,0,0.6869926,0.07954545319080353,0.007000000216066837,0.008100000210106373
YPR025C,YBR081C,1,0.68663627,0.08988764137029648,0.00800000037997961,0.008100000210106373
YHR103W,YER143W,0,0.68580294,0.08888889104127884,0.00800000037997961,0.008200000040233135
YNL076W,YDL031W,0,0.6856843,0.08791209012269974,0.00800000037997961,0.008299999870359898
YLR185W,YER143W,0,0.6850975,0.08695652335882187,0.00800000037997961,0.00839999970048666
YPL122C,YNL222W,1,0.6849301,0.09677419066429138,0.008999999612569809,0.00839999970048666
YPL171C,YJL162C,0,0.684674,0.09574468433856964,0.008999999612569809,0.008500000461935997
YIL118W,YGR211W,0,0.68460214,0.09473684430122375,0.008999999612569809,0.00860000029206276
YOL020W,YML100W,0,0.684495,0.09375,0.008999999612569809,0.008700000122189522
YBL103C,YEL009C,1,0.6832236,0.10309278219938278,0.009999999776482582,0.008700000122189522
YLR005W,YML069W,1,0.6819612,0.11224489659070969,0.010999999940395355,0.008700000122189522
YMR220W,YDR284C,0,0.68151194,0.1111111119389534,0.010999999940395355,0.008799999952316284
YNL130C,YPL006W,0,0.6809943,0.10999999940395355,0.010999999940395355,0.008899999782443047
YFL025C,YOR113W,0,0.68029714,0.10891088843345642,0.010999999940395355,0.008999999612569809
YGL115W,YER102W,0,0.6801206,0.10784313827753067,0.010999999940395355,0.009100000374019146
YBL063W,YKR095W,0,0.6775501,0.10679611563682556,0.010999999940395355,0.009200000204145908
YPR114W,YML013W,0,0.6766906,0.10576923191547394,0.010999999940395355,0.00930000003427267
YPL146C,YOL032W,0,0.6765959,0.10476190596818924,0.010999999940395355,0.009399999864399433
YBR301W,YMR177W,0,0.6753956,0.1037735864520073,0.010999999940395355,0.009499999694526196
YDR148C,YNL048W,0,0.6749358,0.10280373692512512,0.010999999940395355,0.009600000455975533
YHL011C,YCL067C,0,0.67392254,0.10185185074806213,0.010999999940395355,0.009700000286102295
YDR189W,YNL029C,0,0.6738629,0.10091742873191833,0.010999999940395355,0.009800000116229057
YNL056W,YNL055C,0,0.6729762,0.10000000149011612,0.010999999940395355,0.00989999994635582
YPL202C,YPR186C,1,0.672771,0.10810811072587967,0.012000000104308128,0.00989999994635582
YJR109C,YHR150W,0,0.6725272,0.1071428582072258,0.012000000104308128,0.009999999776482582
YGR204W,YKR027W,0,0.67122996,0.10619468986988068,0.012000000104308128,0.010099999606609344
YGL189C,YBL087C,0,0.6709594,0.10526315867900848,0.012000000104308128,0.010200000368058681
YLL067C,YFR030W,0,0.6709218,0.104347825050354,0.012000000104308128,0.010300000198185444
YHR035W,YLL021W,0,0.6705058,0.1034482792019844,0.012000000104308128,0.010400000028312206
YOL020W,YKL141W,0,0.66893023,0.10256410390138626,0.012000000104308128,0.010499999858438969
YGR211W,YNL216W,0,0.6683541,0.10169491171836853,0.012000000104308128,0.010599999688565731
YNL133C,YIR031C,0,0.66794527,0.10084033757448196,0.012000000104308128,0.010700000450015068
YLR442C,YPL100W,0,0.6678443,0.10000000149011612,0.012000000104308128,0.01080000028014183
YMR274C,YDR078C,0,0.667405,0.09917355328798294,0.012000000104308128,0.010900000110268593
YDR362C,YNL039W,1,0.6672633,0.10655737668275833,0.013000000268220901,0.010900000110268593
YDL072C,YGL226W,0,0.66705465,0.10569106042385101,0.013000000268220901,0.010999999940395355
YAL015C,YGL151W,0,0.6660257,0.10483870655298233,0.013000000268220901,0.011099999770522118
YML045W,YPR174C,0,0.6659087,0.10400000214576721,0.013000000268220901,0.01119999960064888
YNL199C,YIL130W,0,0.66551137,0.1031746044754982,0.013000000268220901,0.011300000362098217
YER177W,YKL155C,0,0.6649685,0.10236220806837082,0.013000000268220901,0.01140000019222498
YER176W,YGR142W,0,0.6649091,0.1015625,0.013000000268220901,0.011500000022351742
YPL082C,YCL010C,1,0.6644664,0.10852713137865067,0.014000000432133675,0.011500000022351742
YIL011W,YHL021C,0,0.6636598,0.10769230872392654,0.014000000432133675,0.011599999852478504
YDR256C,YHR197W,0,0.6625915,0.10687022656202316,0.014000000432133675,0.011699999682605267
YOR252W,YOR250C,0,0.66224307,0.10606060922145844,0.014000000432133675,0.011800000444054604
YNL025C,YNL038W,0,0.66209924,0.10526315867900848,0.014000000432133675,0.011900000274181366
YGR003W,YLR435W,0,0.6618313,0.10447761416435242,0.014000000432133675,0.012000000104308128
YER142C,YKL196C,0,0.66060954,0.10370370000600815,0.014000000432133675,0.01209999993443489
YGR017W,YLR263W,0,0.6605989,0.10294117778539658,0.014000000432133675,0.012199999764561653
YMR009W,YML055W,0,0.6598714,0.10218977928161621,0.014000000432133675,0.012299999594688416
YBR043C,YJR050W,0,0.6592951,0.10144927352666855,0.014000000432133675,0.012400000356137753
YMR286W,YPR133C,0,0.65880936,0.10071942210197449,0.014000000432133675,0.012500000186264515
YJL181W,YGR138C,0,0.65869373,0.10000000149011612,0.014000000432133675,0.012600000016391277
YML086C,YPL173W,0,0.65611935,0.09929078072309494,0.014000000432133675,0.01269999984651804
YKL069W,YLR093C,0,0.6555956,0.09859155118465424,0.014000000432133675,0.012799999676644802
YOR002W,YCL035C,0,0.65554404,0.0979020968079567,0.014000000432133675,0.012900000438094139
YIL087C,YHR149C,0,0.65466386,0.0972222238779068,0.014000000432133675,0.013000000268220901
YPL138C,YPR169W,0,0.65438354,0.09655172377824783,0.014000000432133675,0.013100000098347664
YDR004W,YPL175W,0,0.65432894,0.09589041024446487,0.014000000432133675,0.013199999928474426
YNL133C,YHR037W,0,0.6542647,0.095238097012043,0.014000000432133675,0.013299999758601189
YPL001W,YOR079C,0,0.65418947,0.09459459781646729,0.014000000432133675,0.013399999588727951
YNL314W,YBR081C,1,0.6538389,0.10067114233970642,0.014999999664723873,0.013399999588727951
YHR088W,YLR093C,0,0.6529186,0.10000000149011612,0.014999999664723873,0.013500000350177288
YKL132C,YDR257C,0,0.65286446,0.09933774918317795,0.014999999664723873,0.01360000018030405
YER062C,YER038C,0,0.65244204,0.09868421405553818,0.014999999664723873,0.013700000010430813
YDR201W,YPL235W,0,0.65209514,0.09803921729326248,0.014999999664723873,0.013799999840557575
YGR142W,YGL049C,0,0.6515616,0.09740259498357773,0.014999999664723873,0.013899999670684338
YLR248W,YBR089C-A,0,0.651516,0.09677419066429138,0.014999999664723873,0.014000000432133675
YER028C,YBR081C,1,0.65068865,0.10256410390138626,0.01600000075995922,0.014000000432133675
YKL081W,YFR053C,0,0.65058506,0.10191082954406738,0.01600000075995922,0.014100000262260437
YJL186W,YGR211W,0,0.6502522,0.10126582533121109,0.01600000075995922,0.0142000000923872
YKR088C,YHR106W,0,0.6500752,0.10062892735004425,0.01600000075995922,0.014299999922513962
YNL130C,YOL052C-A,0,0.6497278,0.10000000149011612,0.01600000075995922,0.014399999752640724
YPL207W,YKR099W,0,0.648381,0.09937888383865356,0.01600000075995922,0.014499999582767487
YER155C,YPL253C,0,0.6483335,0.09876543283462524,0.01600000075995922,0.014600000344216824
YAL048C,YKR027W,0,0.64797246,0.09815950691699982,0.01600000075995922,0.014700000174343586
YML107C,YLR011W,0,0.6478293,0.09756097197532654,0.01600000075995922,0.014800000004470348
YOR016C,YOR258W,0,0.64744735,0.09696969389915466,0.01600000075995922,0.01489999983459711
YMR048W,YDR002W,0,0.644971,0.09638553857803345,0.01600000075995922,0.014999999664723873
YDR127W,YJR153W,0,0.6434537,0.09580838680267334,0.01600000075995922,0.01510000042617321
YER142C,YPR067W,0,0.6430738,0.095238097012043,0.01600000075995922,0.015200000256299973
YML067C,YKL080W,0,0.6428759,0.09467455744743347,0.01600000075995922,0.015300000086426735
YGR120C,YMR074C,0,0.6424865,0.0941176488995552,0.01600000075995922,0.015399999916553497
YPL004C,YOR117W,0,0.64218485,0.09356725215911865,0.01600000075995922,0.01549999974668026
YER014W,YIL087C,0,0.6414921,0.09302325546741486,0.01600000075995922,0.015599999576807022
YLR167W,YDR292C,0,0.6412022,0.09248554706573486,0.01600000075995922,0.015699999406933784
YPL171C,YML055W,0,0.64118564,0.09195402264595032,0.01600000075995922,0.015799999237060547
YOL089C,YPR056W,1,0.6402153,0.09714286029338837,0.017000000923871994,0.015799999237060547
YML021C,YOR380W,0,0.639871,0.09659090638160706,0.017000000923871994,0.01590000092983246
YIL008W,YCL039W,0,0.63958895,0.09604519605636597,0.017000000923871994,0.01600000075995922
YMR005W,YPL082C,1,0.6392615,0.10112359374761581,0.017999999225139618,0.01600000075995922
YDR377W,YOR253W,0,0.6391787,0.10055866092443466,0.017999999225139618,0.016100000590085983
YBR005W,YDR041W,0,0.63765144,0.10000000149011612,0.017999999225139618,0.016200000420212746
YJR109C,YOL126C,0,0.6376219,0.09944751113653183,0.017999999225139618,0.016300000250339508
YBR005W,YBR268W,0,0.636914,0.09890110045671463,0.017999999225139618,0.01640000008046627
YDR019C,YBR149W,0,0.6368885,0.09836065769195557,0.017999999225139618,0.016499999910593033
YIL007C,YDL102W,0,0.6340952,0.09782608598470688,0.017999999225139618,0.016599999740719795
YMR215W,YMR195W,0,0.63378274,0.0972972959280014,0.017999999225139618,0.016699999570846558
YGL063W,YDR150W,0,0.6322222,0.09677419066429138,0.017999999225139618,0.01679999940097332
YPL105C,YJR035W,0,0.6320869,0.09625668078660965,0.017999999225139618,0.016899999231100082
YMR041C,YBR181C,0,0.63196194,0.09574468433856964,0.017999999225139618,0.017000000923871994
YNL142W,YOR273C,0,0.6318546,0.095238097012043,0.017999999225139618,0.017100000753998756
YIL069C,YLR333C,0,0.63059556,0.09473684430122375,0.017999999225139618,0.01720000058412552
YPL129W,YDR448W,1,0.6294994,0.09947644174098969,0.01899999938905239,0.01720000058412552
YGL092W,YJL013C,0,0.62911457,0.0989583358168602,0.01899999938905239,0.01730000041425228
YGR253C,YGL171W,0,0.62878287,0.0984455943107605,0.01899999938905239,0.017400000244379044
YPL036W,YCL064C,0,0.6282482,0.09793814271688461,0.01899999938905239,0.017500000074505806
YGR082W,YNL161W,0,0.62727445,0.09743589907884598,0.01899999938905239,0.01759999990463257
YJL212C,YLR259C,0,0.6270513,0.09693877398967743,0.01899999938905239,0.01769999973475933
YJR102C,YLR215C,0,0.6268562,0.0964467003941536,0.01899999938905239,0.017799999564886093
YJR027W,YKL029C,0,0.62632036,0.09595959633588791,0.01899999938905239,0.017899999395012856
YML086C,YPL235W,0,0.6256156,0.0954773873090744,0.01899999938905239,0.017999999225139618
YDR463W,YKL077W,0,0.6255129,0.0949999988079071,0.01899999938905239,0.01810000091791153
YGL167C,YMR237W,0,0.62487966,0.09452736377716064,0.01899999938905239,0.018200000748038292
YMR215W,YPL140C,0,0.624216,0.09405940771102905,0.01899999938905239,0.018300000578165054
YGR193C,YCR035C,0,0.6240313,0.09359605610370636,0.01899999938905239,0.018400000408291817
YGR047C,YPL082C,1,0.6234793,0.09803921729326248,0.019999999552965164,0.018400000408291817
YLR352W,YNR055C,0,0.6234727,0.09756097197532654,0.019999999552965164,0.01850000023841858
YDL081C,YGL198W,0,0.6232004,0.09708737581968307,0.019999999552965164,0.01860000006854534
YKL069W,YLL006W,0,0.6222881,0.09661835432052612,0.019999999552965164,0.018699999898672104
YER177W,YDL223C,0,0.6214191,0.09615384787321091,0.019999999552965164,0.018799999728798866
YHL028W,YOL011W,0,0.62065834,0.09569378197193146,0.019999999552965164,0.01889999955892563
YDR235W,YNL133C,0,0.62015444,0.095238097012043,0.019999999552965164,0.01899999938905239
YGR178C,YLR259C,0,0.6195632,0.09478673338890076,0.019999999552965164,0.019099999219179153
YHR014W,YPL233W,0,0.61948454,0.09433962404727936,0.019999999552965164,0.019200000911951065
YAL007C,YKL150W,0,0.6191527,0.09389671683311462,0.019999999552965164,0.019300000742077827
YER155C,YGL111W,0,0.6181475,0.09345794469118118,0.019999999552965164,0.01940000057220459
YML098W,YOR026W,0,0.618027,0.09302325546741486,0.019999999552965164,0.019500000402331352
YDL003W,YDR328C,0,0.6177854,0.09259258955717087,0.019999999552965164,0.019600000232458115
YDL003W,YOR113W,0,0.61754787,0.09216590225696564,0.019999999552965164,0.019700000062584877
YGL076C,YMR048W,0,0.6161517,0.0917431190609932,0.019999999552965164,0.01979999989271164
YLR333C,YDR057W,0,0.615729,0.09132420271635056,0.019999999552965164,0.019899999722838402
YOR109W,YDL139C,0,0.61570007,0.09090909361839294,0.019999999552965164,0.019999999552965164
YJR084W,YNL221C,0,0.61545545,0.09049773961305618,0.019999999552965164,0.020099999383091927
YML100W,YKL081W,0,0.61530066,0.09009008854627609,0.019999999552965164,0.02019999921321869
YOR027W,YER127W,0,0.6144407,0.08968609571456909,0.019999999552965164,0.0203000009059906
YNL328C,YJL196C,0,0.6143371,0.0892857164144516,0.019999999552965164,0.020400000736117363
YLR324W,YDR200C,0,0.6142616,0.08888889104127884,0.019999999552965164,0.020500000566244125
YPL007C,YHR099W,1,0.6135375,0.09292035549879074,0.020999999716877937,0.020500000566244125
YLR258W,YBR181C,0,0.61267304,0.09251101315021515,0.020999999716877937,0.020600000396370888
YER100W,YJL179W,0,0.6113292,0.09210526198148727,0.020999999716877937,0.02070000022649765
YIL123W,YDL211C,0,0.6105405,0.09170305728912354,0.020999999716877937,0.020800000056624413
YHR005C,YNL063W,0,0.61026907,0.09130434691905975,0.020999999716877937,0.020899999886751175
YKR096W,YLR001C,0,0.6102232,0.09090909361839294,0.020999999716877937,0.020999999716877937
YLL026W,YDR515W,0,0.60913104,0.09051723778247833,0.020999999716877937,0.0210999995470047
YDR362C,YML069W,1,0.60887384,0.09442060440778732,0.02199999988079071,0.0210999995470047
YKL033W,YBR169C,0,0.6080878,0.09401709586381912,0.02199999988079071,0.021199999377131462
YMR261C,YJR054W,0,0.6068983,0.0936170220375061,0.02199999988079071,0.021299999207258224
YER143W,YGL058W,0,0.6067878,0.09322033822536469,0.02199999988079071,0.021400000900030136
YKL129C,YML055W,0,0.60491157,0.09282700717449188,0.02199999988079071,0.0215000007301569
YIL053W,YEL027W,0,0.6046133,0.09243697673082352,0.02199999988079071,0.02160000056028366
YAL011W,YBL008W,0,0.6044372,0.0920502096414566,0.02199999988079071,0.021700000390410423
YAL030W,YDL139C,0,0.6043344,0.09166666865348816,0.02199999988079071,0.021800000220537186
YLR426W,YLR167W,0,0.60345626,0.0912863090634346,0.02199999988079071,0.021900000050663948
YOR034C,YPL075W,0,0.6030962,0.09090909361839294,0.02199999988079071,0.02199999988079071
YBR081C,YPR086W,1,0.6029895,0.09465020895004272,0.023000000044703484,0.02199999988079071
YDL145C,YHL021C,0,0.6029317,0.09426229447126389,0.023000000044703484,0.022099999710917473
YPR148C,YKR049C,0,0.60270065,0.09387755393981934,0.023000000044703484,0.022199999541044235
YPL137C,YER041W,0,0.6026461,0.0934959352016449,0.023000000044703484,0.022299999371170998
YER139C,YLR466W,0,0.6024219,0.09311740845441818,0.023000000044703484,0.02239999920129776
YGL207W,YAL001C,1,0.60221416,0.09677419066429138,0.024000000208616257,0.02239999920129776
YLR333C,YDR165W,0,0.60128015,0.09638553857803345,0.024000000208616257,0.02250000089406967
YKL045W,YNL041C,0,0.60051763,0.09600000083446503,0.024000000208616257,0.022600000724196434
YDR150W,YNR030W,0,0.60050714,0.09561753273010254,0.024000000208616257,0.022700000554323196
YKR078W,YLR293C,0,0.5999085,0.095238097012043,0.024000000208616257,0.02280000038444996
YHR099W,YGR047C,1,0.59922314,0.0988142266869545,0.02500000037252903,0.02280000038444996
YDR004W,YLR384C,0,0.5991982,0.09842519462108612,0.02500000037252903,0.02290000021457672
YKL062W,YJL181W,0,0.5990261,0.09803921729326248,0.02500000037252903,0.023000000044703484
YFR014C,YAL059W,0,0.5988811,0.09765625,0.02500000037252903,0.023099999874830246
YNL181W,YMR237W,0,0.5984417,0.09727626293897629,0.02500000037252903,0.02319999970495701
YGL073W,YHR122W,0,0.5980112,0.09689922630786896,0.02500000037252903,0.02329999953508377
YGL196W,YOR081C,0,0.5979743,0.09652509540319443,0.02500000037252903,0.023399999365210533
YFL011W,YJL001W,0,0.5977874,0.09615384787321091,0.02500000037252903,0.023499999195337296
YNL045W,YMR205C,0,0.59744275,0.09578543901443481,0.02500000037252903,0.023600000888109207
YGL104C,YBL063W,0,0.5973199,0.09541984647512436,0.02500000037252903,0.02370000071823597
YDL145C,YIL033C,0,0.5969018,0.09505703300237656,0.02500000037252903,0.023800000548362732
YML004C,YDR303C,0,0.5960431,0.09469696879386902,0.02500000037252903,0.023900000378489494
YDL100C,YGR217W,0,0.59591335,0.09433962404727936,0.02500000037252903,0.024000000208616257
YLR001C,YBR089C-A,0,0.5952417,0.09398496150970459,0.02500000037252903,0.02410000003874302
YKL150W,YLR150W,0,0.5942508,0.09363295882940292,0.02500000037252903,0.02419999986886978
YKL114C,YJR096W,0,0.59408116,0.09328357875347137,0.02500000037252903,0.024299999698996544
YKL016C,YBR023C,0,0.59401643,0.09293680638074875,0.02500000037252903,0.024399999529123306
YHR146W,YPR034W,0,0.59370756,0.09259258955717087,0.02500000037252903,0.02449999935925007
YDR325W,YMR262W,0,0.5923203,0.09225092083215714,0.02500000037252903,0.02459999918937683
YLL021W,YKL032C,0,0.59155476,0.09191176295280457,0.02500000037252903,0.024700000882148743
YLL026W,YDR127W,0,0.59152514,0.09157509356737137,0.02500000037252903,0.024800000712275505
YNL328C,YBR003W,0,0.59102666,0.09124087542295456,0.02500000037252903,0.024900000542402267
YPL011C,YFL021W,1,0.59066975,0.09454545378684998,0.026000000536441803,0.024900000542402267
YDL003W,YLR258W,0,0.5905353,0.09420289844274521,0.026000000536441803,0.02500000037252903
YKR027W,YCR038C,0,0.5904552,0.09386281669139862,0.026000000536441803,0.025100000202655792
YML015C,YPR056W,1,0.59044015,0.09712230414152145,0.027000000700354576,0.025100000202655792
YKL016C,YOR065W,0,0.5903194,0.09677419066429138,0.027000000700354576,0.025200000032782555
YIL008W,YPL117C,0,0.5898619,0.09642857313156128,0.027000000700354576,0.025299999862909317
YLR258W,YPR010C,0,0.58957136,0.09608540683984756,0.027000000700354576,0.02539999969303608
YKL051W,YNL123W,0,0.5894899,0.09574468433856964,0.027000000700354576,0.025499999523162842
YPL001W,YIL153W,0,0.58934367,0.09540636092424393,0.027000000700354576,0.025599999353289604
YPL116W,YJR132W,0,0.5889776,0.09507042169570923,0.027000000700354576,0.025699999183416367
YNL045W,YLR055C,0,0.5885677,0.09473684430122375,0.027000000700354576,0.025800000876188278
YLR277C,YLR363C,0,0.58780825,0.09440559148788452,0.027000000700354576,0.02590000070631504
YIL037C,YBR212W,0,0.5872951,0.09407665580511093,0.027000000700354576,0.026000000536441803
YPR046W,YOR341W,0,0.5872263,0.09375,0.027000000700354576,0.026100000366568565
YDL230W,YLR061W,0,0.58704567,0.09342560917139053,0.027000000700354576,0.026200000196695328
YJL162C,YPL140C,0,0.5865776,0.09310344606637955,0.027000000700354576,0.02630000002682209
YGL104C,YLR466W,0,0.5859876,0.09278350323438644,0.027000000700354576,0.026399999856948853
YCR105W,YOR086C,0,0.5859748,0.09246575087308884,0.027000000700354576,0.026499999687075615
YDL119C,YHR138C,0,0.5853025,0.09215017408132553,0.027000000700354576,0.026599999517202377
YOR363C,YKL155C,0,0.5852463,0.09183673560619354,0.027000000700354576,0.02669999934732914
YBL080C,YPL189W,0,0.5849385,0.09152542054653168,0.027000000700354576,0.026799999177455902
YIL052C,YGL096W,0,0.58489954,0.09121621400117874,0.027000000700354576,0.026900000870227814
YDR127W,YMR040W,0,0.5845818,0.09090909361839294,0.027000000700354576,0.027000000700354576
YFR025C,YNL176C,0,0.5845565,0.0906040295958519,0.027000000700354576,0.02710000053048134
YLR411W,YFR014C,0,0.5842736,0.09030100703239441,0.027000000700354576,0.0272000003606081
YPL082C,YNL039W,1,0.58401614,0.09333333373069763,0.02800000086426735,0.0272000003606081
YHR205W,YFR050C,0,0.5830948,0.09302325546741486,0.02800000086426735,0.027300000190734863
YMR015C,YBR301W,0,0.5828916,0.09271523356437683,0.02800000086426735,0.027400000020861626
YPL082C,YKL144C,1,0.5828904,0.09570956975221634,0.028999999165534973,0.027400000020861626
YLR399C,YBR081C,1,0.5822352,0.09868421405553818,0.029999999329447746,0.027400000020861626
YNL133C,YLR247C,0,0.5822203,0.09836065769195557,0.029999999329447746,0.027499999850988388
YDR441C,YMR183C,0,0.5820414,0.09803921729326248,0.029999999329447746,0.02759999968111515
YOR320C,YPL100W,0,0.58176243,0.09771987050771713,0.029999999329447746,0.027699999511241913
YMR076C,YLR313C,0,0.5817232,0.09740259498357773,0.029999999329447746,0.027799999341368675
YPR008W,YLR409C,0,0.58102876,0.09708737581968307,0.029999999329447746,0.027899999171495438
YOL029C,YLR092W,0,0.58037317,0.09677419066429138,0.029999999329447746,0.02800000086426735
YKL033W,YKR031C,0,0.5801412,0.09646302461624146,0.029999999329447746,0.02810000069439411
YKR093W,YPL203W,0,0.5800791,0.09615384787321091,0.029999999329447746,0.028200000524520874
YIL007C,YPL175W,0,0.5800735,0.09584664553403854,0.029999999329447746,0.028300000354647636
YGL246C,YPR008W,0,0.580072,0.09554140269756317,0.029999999329447746,0.0284000001847744
YKR096W,YDR301W,0,0.57988983,0.095238097012043,0.029999999329447746,0.02850000001490116
YPR025C,YPL082C,1,0.5793935,0.09810126572847366,0.03099999949336052,0.02850000001490116
YDL113C,YNR038W,0,0.5788376,0.09779179841279984,0.03099999949336052,0.028599999845027924
YNL183C,YDL102W,0,0.578367,0.0974842756986618,0.03099999949336052,0.028699999675154686
YER123W,YCR018C,0,0.57801497,0.09717868268489838,0.03099999949336052,0.02879999950528145
YBL063W,YCR018C,0,0.57778525,0.09687499701976776,0.03099999949336052,0.02889999933540821
YJL057C,YGL087C,0,0.5775008,0.09657321125268936,0.03099999949336052,0.028999999165534973
YOR081C,YLR019W,0,0.57736206,0.09627329558134079,0.03099999949336052,0.029100000858306885
YKR064W,YHR106W,0,0.57711697,0.09597523510456085,0.03099999949336052,0.029200000688433647
YDR490C,YIR026C,0,0.5769058,0.09567901492118835,0.03099999949336052,0.02930000051856041
YKL058W,YDR448W,1,0.57668096,0.09846153855323792,0.03200000151991844,0.02930000051856041
YJR132W,YPL133C,0,0.5763973,0.09815950691699982,0.03200000151991844,0.029400000348687172
YLR223C,YKR007W,0,0.57618505,0.09785933047533035,0.03200000151991844,0.029500000178813934
YJL196C,YPL233W,0,0.5757018,0.09756097197532654,0.03200000151991844,0.029600000008940697
YGR217W,YFR016C,0,0.57508004,0.09726443886756897,0.03200000151991844,0.02969999983906746
YOR260W,YPR010C,0,0.5749617,0.09696969389915466,0.03200000151991844,0.02979999966919422
YLR345W,YGR057C,0,0.5745843,0.09667673707008362,0.03200000151991844,0.029899999499320984
YCL051W,YDR395W,0,0.57399505,0.09638553857803345,0.03200000151991844,0.029999999329447746
YPL013C,YOR158W,0,0.5739244,0.09609609842300415,0.03200000151991844,0.03009999915957451
YGL027C,YLR001C,0,0.57368505,0.09580838680267334,0.03200000151991844,0.03020000085234642
YGL196W,YDL106C,0,0.57334787,0.09552238881587982,0.03200000151991844,0.030300000682473183
YGR283C,YPL075W,0,0.5727303,0.095238097012043,0.03200000151991844,0.030400000512599945
YNR030W,YHL021C,0,0.57233846,0.09495548903942108,0.03200000151991844,0.030500000342726707
YHR122W,YIL056W,0,0.5722605,0.09467455744743347,0.03200000151991844,0.03060000017285347
YDR002W,YCR063W,0,0.5718063,0.09439527988433838,0.03200000151991844,0.030700000002980232
YHR165C,YPR008W,0,0.5715381,0.0941176488995552,0.03200000151991844,0.030799999833106995
YPL004C,YLR068W,0,0.5714526,0.09384164214134216,0.03200000151991844,0.030899999663233757
YAL015C,YDR080W,0,0.571342,0.09356725215911865,0.03200000151991844,0.03099999949336052
YBL035C,YLL021W,0,0.57121074,0.09329446405172348,0.03200000151991844,0.031099999323487282
YKR096W,YOR157C,0,0.5709509,0.09302325546741486,0.03200000151991844,0.031199999153614044
YDL247W,YOR335C,0,0.5705578,0.09275362640619278,0.03200000151991844,0.031300000846385956
YHR158C,YDR176W,0,0.56972885,0.09248554706573486,0.03200000151991844,0.03139999881386757
YPL141C,YLR092W,0,0.56954587,0.09221901744604111,0.03200000151991844,0.03150000050663948
YHR185C,YPL235W,0,0.56945145,0.09195402264595032,0.03200000151991844,0.031599998474121094
YLR102C,YKR075C,0,0.5692881,0.0916905477643013,0.03200000151991844,0.031700000166893005
YPL169C,YPL146C,0,0.5684135,0.09142857044935226,0.03200000151991844,0.03180000185966492
YGR142W,YPL253C,0,0.5681366,0.09116809070110321,0.03200000151991844,0.03189999982714653
YHR154W,YMR226C,0,0.56760603,0.09090909361839294,0.03200000151991844,0.03200000151991844
YJL078C,YNL173C,0,0.5675081,0.09065155684947968,0.03200000151991844,0.032099999487400055
YKL058W,YML015C,1,0.5674193,0.09322033822536469,0.032999999821186066,0.032099999487400055
YOL009C,YGR138C,0,0.56713945,0.0929577499628067,0.032999999821186066,0.03220000118017197
YDL093W,YHL031C,0,0.56710005,0.09269662946462631,0.032999999821186066,0.03229999914765358
YKR100C,YOR359W,0,0.567,0.09243697673082352,0.032999999821186066,0.03240000084042549
YOR172W,YPR097W,0,0.5668262,0.09217876940965652,0.032999999821186066,0.032499998807907104
YMR072W,YCR018C,0,0.56675756,0.09192200750112534,0.032999999821186066,0.032600000500679016
YBL087C,YIL154C,0,0.56638145,0.09166666865348816,0.032999999821186066,0.03269999846816063
YER062C,YBR149W,0,0.5659783,0.0914127454161644,0.032999999821186066,0.03280000016093254
YFR016C,YMR215W,0,0.56586015,0.09116022288799286,0.032999999821186066,0.03290000185370445
YLL018C,YKR099W,0,0.56582177,0.09090909361839294,0.032999999821186066,0.032999999821186066
YDR377W,YLR260W,0,0.56582,0.09065934270620346,0.032999999821186066,0.03310000151395798
YER038C,YBR168W,0,0.56566197,0.09041095525026321,0.032999999821186066,0.03319999948143959
YBL087C,YAR033W,0,0.56554437,0.0901639312505722,0.032999999821186066,0.0333000011742115
YNL288W,YGL240W,0,0.56544155,0.08991825580596924,0.032999999821186066,0.033399999141693115
YGR246C,YGR186W,1,0.56529224,0.09239130467176437,0.03400000184774399,0.033399999141693115
YMR262W,YDR399W,0,0.5650392,0.09214092046022415,0.03400000184774399,0.03350000083446503
YGL167C,YHL035C,0,0.56488407,0.09189189225435257,0.03400000184774399,0.03359999880194664
YBR069C,YDL123W,0,0.56472015,0.09164420515298843,0.03400000184774399,0.03370000049471855
YGR181W,YKL155C,0,0.5645535,0.09139785170555115,0.03400000184774399,0.033799998462200165
YOL029C,YKR099W,0,0.5643918,0.09115281701087952,0.03400000184774399,0.033900000154972076
YLR333C,YHR150W,0,0.56427765,0.09090909361839294,0.03400000184774399,0.03400000184774399
YKL060C,YDL123W,0,0.5635946,0.09066666662693024,0.03400000184774399,0.0340999998152256
YDR145W,YPL146C,0,0.5634746,0.0904255285859108,0.03400000184774399,0.03420000150799751
YHR113W,YGL144C,0,0.5634121,0.09018567949533463,0.03400000184774399,0.034299999475479126
YMR041C,YOR253W,0,0.56337565,0.08994708955287933,0.03400000184774399,0.03440000116825104
YDR377W,YGL085W,0,0.56298995,0.08970976620912552,0.03400000184774399,0.03449999913573265
YDR204W,YJR052W,0,0.5626301,0.08947368711233139,0.03400000184774399,0.03460000082850456
YGL244W,YGR274C,1,0.56154966,0.09186352044343948,0.03500000014901161,0.03460000082850456
YAL001C,YNL314W,1,0.56151056,0.09424083679914474,0.035999998450279236,0.03460000082850456
YKR075C,YKL080W,0,0.5606789,0.09399478137493134,0.035999998450279236,0.034699998795986176
YOR267C,YOR359W,0,0.56033266,0.09375,0.035999998450279236,0.03480000048875809
YDR460W,YBR123C,1,0.56030715,0.09610389918088913,0.03700000047683716,0.03480000048875809
YNL318C,YIL118W,0,0.56021637,0.09585492312908173,0.03700000047683716,0.0348999984562397
YGR266W,YDR438W,0,0.56018585,0.09560723602771759,0.03700000047683716,0.03500000014901161
YER155C,YDR190C,0,0.5601134,0.09536082297563553,0.03700000047683716,0.035100001841783524
YDR276C,YCL054W,0,0.55996037,0.09511568397283554,0.03700000047683716,0.03519999980926514
YLR102C,YBR109C,0,0.55983603,0.09487179666757584,0.03700000047683716,0.03530000150203705
YOR252W,YDR407C,0,0.5597888,0.09462915360927582,0.03700000047683716,0.03539999946951866
YLR363C,YJR054W,0,0.55970657,0.09438775479793549,0.03700000047683716,0.03550000116229057
YDR439W,YGL171W,0,0.55956596,0.09414758533239365,0.03700000047683716,0.035599999129772186
YHR090C,YMR183C,0,0.5594407,0.0939086303114891,0.03700000047683716,0.0357000008225441
YFR050C,YNL130C,0,0.55917096,0.09367088973522186,0.03700000047683716,0.03579999879002571
YPL171C,YML107C,0,0.5591177,0.09343434125185013,0.03700000047683716,0.03590000048279762
YDR490C,YDR108W,0,0.55911684,0.0931989923119545,0.03700000047683716,0.035999998450279236
YHR035W,YDR200C,0,0.55874866,0.09296482056379318,0.03700000047683716,0.03610000014305115
YLR093C,YDR019C,0,0.5584483,0.09273182600736618,0.03700000047683716,0.03620000183582306
YML011C,YPL010W,0,0.5582659,0.0925000011920929,0.03700000047683716,0.03629999980330467
YNL251C,YOR048C,0,0.55817676,0.09226932376623154,0.03700000047683716,0.036400001496076584
YIL096C,YKR072C,0,0.55784035,0.0920398011803627,0.03700000047683716,0.0364999994635582
YBR112C,YER129W,0,0.5577167,0.0918114110827446,0.03700000047683716,0.03660000115633011
YIL007C,YML055W,0,0.55755955,0.09158416092395782,0.03700000047683716,0.03669999912381172
YLL066C,YDR328C,0,0.55745226,0.09135802835226059,0.03700000047683716,0.03680000081658363
YHR099W,YFL021W,1,0.55744684,0.09359605610370636,0.03799999877810478,0.03680000081658363
YCR031C,YIL018W,0,0.5570484,0.0933660939335823,0.03799999877810478,0.03689999878406525
YLR006C,YHR033W,0,0.5566864,0.09313725680112839,0.03799999877810478,0.03700000047683716
YOL084W,YFL026W,0,0.55650747,0.09290953725576401,0.03799999877810478,0.03709999844431877
YDL247W,YHR149C,0,0.55625606,0.09268292784690857,0.03799999877810478,0.03720000013709068
YML069W,YIL036W,1,0.5561525,0.09489051252603531,0.039000000804662704,0.03720000013709068
YLR259C,YLL021W,0,0.55587107,0.0946601927280426,0.039000000804662704,0.037300001829862595
YHR113W,YJL180C,0,0.5558046,0.09443099051713943,0.039000000804662704,0.03739999979734421
YGL067W,YDR041W,0,0.5555067,0.09420289844274521,0.039000000804662704,0.03750000149011612
YDR201W,YPL145C,0,0.5549875,0.09397590160369873,0.039000000804662704,0.03759999945759773
YDR490C,YAL026C,0,0.5548204,0.09375,0.039000000804662704,0.037700001150369644
YGL067W,YNL051W,0,0.5543531,0.09352517873048782,0.039000000804662704,0.03779999911785126
YLR085C,YOR273C,0,0.5541513,0.0933014377951622,0.039000000804662704,0.03790000081062317
YJL089W,YLR466W,0,0.554067,0.09307876229286194,0.039000000804662704,0.03799999877810478
YFL005W,YBR065C,0,0.55397576,0.09285714477300644,0.039000000804662704,0.038100000470876694
YDL081C,YLL057C,0,0.55373883,0.0926365777850151,0.039000000804662704,0.03819999843835831
YDR256C,YGL070C,0,0.5535469,0.09241706132888794,0.039000000804662704,0.03830000013113022
YDR308C,YJL180C,0,0.553472,0.09219858050346375,0.039000000804662704,0.03840000182390213
YAL019W,YHR157W,0,0.5534645,0.09198113530874252,0.039000000804662704,0.03849999979138374
YGL243W,YLR059C,0,0.5533876,0.09176470339298248,0.039000000804662704,0.038600001484155655
YPR003C,YNL181W,0,0.55327725,0.09154929220676422,0.039000000804662704,0.03869999945163727
YHR006W,YDR080W,0,0.55311203,0.09133489429950714,0.039000000804662704,0.03880000114440918
YGL018C,YOR086C,0,0.5528307,0.09112149477005005,0.039000000804662704,0.03889999911189079
YDR259C,YHL006C,0,0.5525681,0.09090909361839294,0.039000000804662704,0.039000000804662704
YNL023C,YHR170W,0,0.5522873,0.09069767594337463,0.039000000804662704,0.03909999877214432
YFR038W,YHR080C,0,0.55224264,0.09048724174499512,0.039000000804662704,0.03920000046491623
YOR129C,YDL046W,0,0.55221874,0.0902777761220932,0.039000000804662704,0.03929999843239784
YDR189W,YLR442C,0,0.55186164,0.09006928652524948,0.039000000804662704,0.039400000125169754
YDR111C,YGL093W,0,0.55184174,0.08986175060272217,0.039000000804662704,0.039500001817941666
YPL262W,YKR099W,0,0.55129457,0.08965517580509186,0.039000000804662704,0.03959999978542328
YDR463W,YPL225W,0,0.5511576,0.08944953978061676,0.039000000804662704,0.03970000147819519
YLR085C,YFL061W,0,0.5507277,0.08924484997987747,0.039000000804662704,0.039799999445676804
YLL026W,YJL035C,0,0.55054176,0.0890410989522934,0.039000000804662704,0.039900001138448715
YLR277C,YNL176C,0,0.5501318,0.08883827179670334,0.039000000804662704,0.03999999910593033
YOL126C,YPL225W,0,0.54975045,0.0886363610625267,0.039000000804662704,0.04010000079870224
YLR011W,YFR034C,0,0.5484222,0.08843537420034409,0.039000000804662704,0.04019999876618385
YGL196W,YLL031C,0,0.5484074,0.0882352963089943,0.039000000804662704,0.040300000458955765
YLR345W,YGR208W,0,0.5470878,0.08803611993789673,0.039000000804662704,0.04039999842643738
YJL012C,YIL153W,0,0.54695415,0.0878378376364708,0.039000000804662704,0.04050000011920929
YGL244W,YGL207W,1,0.5468973,0.08988764137029648,0.03999999910593033,0.04050000011920929
YPL105C,YGL240W,0,0.54684466,0.08968609571456909,0.03999999910593033,0.0406000018119812
YLR347C,YGR224W,0,0.5466137,0.08948545902967453,0.03999999910593033,0.040699999779462814
YFR014C,YOL095C,0,0.54654485,0.0892857164144516,0.03999999910593033,0.040800001472234726
YBR078W,YIL148W,0,0.54629976,0.0890868604183197,0.03999999910593033,0.04089999943971634
YML011C,YER023W,0,0.54533315,0.08888889104127884,0.03999999910593033,0.04100000113248825
YFR047C,YPL207W,0,0.54516613,0.08869179338216782,0.03999999910593033,0.041099999099969864
YBR114W,YLR259C,0,0.5448757,0.08849557489156723,0.03999999910593033,0.041200000792741776
YNL317W,YNL123W,0,0.5446802,0.08830022066831589,0.03999999910593033,0.04129999876022339
YBR168W,YBR193C,0,0.5446465,0.08810572326183319,0.03999999910593033,0.0414000004529953
YGL053W,YER060W-A,0,0.5438844,0.08791209012269974,0.03999999910593033,0.04149999842047691
YDR145W,YOR078W,0,0.5438596,0.08771929889917374,0.03999999910593033,0.041600000113248825
YGR170W,YML057W,0,0.5437876,0.08752734959125519,0.03999999910593033,0.04170000180602074
YPL105C,YGR193C,0,0.54306513,0.08733624219894409,0.03999999910593033,0.04179999977350235
YPR068C,YNL180C,0,0.54279715,0.08714596927165985,0.03999999910593033,0.04190000146627426
YFL005W,YPL056C,0,0.5427884,0.08695652335882187,0.03999999910593033,0.041999999433755875
YCL010C,YNL314W,1,0.5426712,0.08893709629774094,0.04100000113248825,0.041999999433755875
YPL043W,YGL005C,0,0.5425054,0.08874458819627762,0.04100000113248825,0.042100001126527786
YIL007C,YJL098W,0,0.5420847,0.08855291455984116,0.04100000113248825,0.0421999990940094
YJR041C,YJL208C,0,0.5419641,0.08836206793785095,0.04100000113248825,0.04230000078678131
YLR347C,YPR086W,0,0.5416321,0.08817204087972641,0.04100000113248825,0.042399998754262924
YHL015W,YCR021C,0,0.54139787,0.08798283338546753,0.04100000113248825,0.042500000447034836
YPL202C,YBL103C,1,0.5413097,0.08993575721979141,0.041999999433755875,0.042500000447034836
YLR059C,YDL012C,0,0.5409423,0.08974359184503555,0.041999999433755875,0.04259999841451645
YDL243C,YJR052W,0,0.5408118,0.08955223858356476,0.041999999433755875,0.04270000010728836
YAL001C,YGR274C,1,0.540759,0.09148935973644257,0.0430000014603138,0.04270000010728836
YLL016W,YPR105C,0,0.5404541,0.09129511564970016,0.0430000014603138,0.04280000180006027
YPR067W,YKR079C,0,0.54024947,0.09110169857740402,0.0430000014603138,0.042899999767541885
YOR258W,YDR045C,0,0.54015887,0.09090909361839294,0.0430000014603138,0.0430000014603138
YPR025C,YPL011C,1,0.54006183,0.09282700717449188,0.04399999976158142,0.0430000014603138
YDR500C,YNL176C,0,0.5397519,0.09263157844543457,0.04399999976158142,0.04309999942779541
YDR482C,YDR280W,0,0.5396142,0.09243697673082352,0.04399999976158142,0.04320000112056732
YER014W,YMR261C,0,0.539506,0.09224318712949753,0.04399999976158142,0.043299999088048935
YPR188C,YPR003C,0,0.5390959,0.0920502096414566,0.04399999976158142,0.04340000078082085
YCR042C,YAL001C,1,0.5390841,0.09394571930170059,0.04500000178813934,0.04340000078082085
YMR243C,YGL116W,0,0.5388884,0.09375,0.04500000178813934,0.04349999874830246
YIL036W,YML031W,0,0.53880334,0.09355509281158447,0.04500000178813934,0.04360000044107437
YDL108W,YML069W,1,0.5387899,0.09543568640947342,0.04600000008940697,0.04360000044107437
YNL130C,YGL198W,0,0.53856367,0.095238097012043,0.04600000008940697,0.043699998408555984
YIL143C,YBR081C,1,0.5384352,0.09710744023323059,0.04699999839067459,0.043699998408555984
YML098W,YMR158W,0,0.5383351,0.09690721333026886,0.04699999839067459,0.043800000101327896
YOR016C,YFR040W,0,0.5381234,0.09670782089233398,0.04699999839067459,0.04390000179409981
YBR279W,YBR121C,0,0.5379441,0.09650924056768417,0.04699999839067459,0.04399999976158142
YDR276C,YOR272W,0,0.53790385,0.09631147235631943,0.04699999839067459,0.04410000145435333
YPR100W,YLR150W,0,0.5377832,0.09611451625823975,0.04699999839067459,0.044199999421834946
YLR293C,YJR050W,0,0.5376817,0.09591836482286453,0.04699999839067459,0.04430000111460686
YMR227C,YNL314W,1,0.5374138,0.0977596715092659,0.04800000041723251,0.04430000111460686
YER109C,YGL127C,0,0.5374024,0.09756097197532654,0.04800000041723251,0.04439999908208847
YPL001W,YPR128C,0,0.5370548,0.09736308455467224,0.04800000041723251,0.04450000077486038
YOR027W,YPL010W,0,0.5366713,0.09716599434614182,0.04800000041723251,0.044599998742341995
YOR266W,YGL144C,0,0.5364652,0.09696969389915466,0.04800000041723251,0.04470000043511391
YOR363C,YPR105C,0,0.5363145,0.09677419066429138,0.04800000041723251,0.04479999840259552
YER044C-A,YER071C,0,0.536242,0.09657947719097137,0.04800000041723251,0.04490000009536743
YDR167W,YML015C,1,0.5354706,0.09839357435703278,0.04899999871850014,0.04490000009536743
YDR111C,YBR191W,0,0.53497756,0.09819639474153519,0.04899999871850014,0.04500000178813934
YLR193C,YLR143W,0,0.53426814,0.09799999743700027,0.04899999871850014,0.045099999755620956
YGR047C,YDR448W,1,0.534045,0.09980040043592453,0.05000000074505806,0.045099999755620956
YPR003C,YBR218C,0,0.53374785,0.09960159659385681,0.05000000074505806,0.04520000144839287
YNL288W,YBL014C,0,0.5334958,0.09940357506275177,0.05000000074505806,0.04529999941587448
YGL058W,YOR249C,0,0.53345674,0.0992063507437706,0.05000000074505806,0.04540000110864639
YOR002W,YJR035W,0,0.5333352,0.09900990128517151,0.05000000074505806,0.045499999076128006
YFR049W,YKL080W,0,0.5333344,0.0988142266869545,0.05000000074505806,0.04560000076889992
YOR045W,YER139C,0,0.5332979,0.09861932694911957,0.05000000074505806,0.04569999873638153
YER155C,YDL087C,0,0.5331082,0.09842519462108612,0.05000000074505806,0.04580000042915344
YLR131C,YBR301W,0,0.533025,0.09823182970285416,0.05000000074505806,0.045899998396635056
YLR007W,YDR080W,0,0.5327915,0.09803921729326248,0.05000000074505806,0.04600000008940697
YER100W,YGL078C,0,0.5327308,0.0978473573923111,0.05000000074505806,0.04610000178217888
YDR045C,YGR040W,0,0.5327116,0.09765625,0.05000000074505806,0.04619999974966049
YNL173C,YNL288W,0,0.53253675,0.0974658876657486,0.05000000074505806,0.046300001442432404
YIR031C,YHL021C,0,0.53232014,0.09727626293897629,0.05000000074505806,0.04639999940991402
YDR469W,YDL134C,0,0.53225285,0.09708737581968307,0.05000000074505806,0.04650000110268593
YOR177C,YKR089C,0,0.53223884,0.09689922630786896,0.05000000074505806,0.04659999907016754
YGL063W,YKR049C,0,0.5314862,0.09671179950237274,0.05000000074505806,0.04670000076293945
YBR193C,YJR054W,0,0.53142846,0.09652509540319443,0.05000000074505806,0.046799998730421066
YIL137C,YHR149C,0,0.5313308,0.09633911401033401,0.05000000074505806,0.04690000042319298
YPL004C,YPR133C,0,0.53116417,0.09615384787321091,0.05000000074505806,0.04699999839067459
YNL164C,YDR365C,0,0.53074354,0.0959692895412445,0.05000000074505806,0.0471000000834465
YIL069C,YMR230W,0,0.5304097,0.09578543901443481,0.05000000074505806,0.047200001776218414
YDL243C,YGL049C,0,0.530182,0.09560229629278183,0.05000000074505806,0.04729999974370003
YGR202C,YHR088W,0,0.5297582,0.09541984647512436,0.05000000074505806,0.04740000143647194
YER109C,YHR118C,0,0.52953756,0.095238097012043,0.05000000074505806,0.04749999940395355
YGR212W,YPL183C,0,0.5285492,0.09505703300237656,0.05000000074505806,0.047600001096725464
YMR015C,YNL111C,0,0.52847385,0.09487666189670563,0.05000000074505806,0.04769999906420708
YER143W,YLL014W,0,0.5283745,0.09469696879386902,0.05000000074505806,0.04780000075697899
YCR044C,YLR323C,0,0.5282733,0.09451796114444733,0.05000000074505806,0.0478999987244606
YBR169C,YFR038W,0,0.5280665,0.09433962404727936,0.05000000074505806,0.04800000041723251
YLR143W,YHL050C,0,0.5279841,0.09416195750236511,0.05000000074505806,0.04809999838471413
YHR108W,YOR103C,0,0.52787566,0.09398496150970459,0.05000000074505806,0.04820000007748604
YLR083C,YOR262W,0,0.52781075,0.0938086286187172,0.05000000074505806,0.04830000177025795
YCR031C,YGL127C,0,0.527364,0.09363295882940292,0.05000000074505806,0.04839999973773956
YAL030W,YDR019C,0,0.52714473,0.09345794469118118,0.05000000074505806,0.048500001430511475
YAR033W,YJL167W,0,0.5271046,0.09328357875347137,0.05000000074505806,0.04859999939799309
YML021C,YHR106W,0,0.5269401,0.0931098684668541,0.05000000074505806,0.048700001090765
YIR004W,YLR259C,0,0.52686274,0.09293680638074875,0.05000000074505806,0.04879999905824661
YMR105C,YNL246W,0,0.5266816,0.09276437759399414,0.05000000074505806,0.048900000751018524
YCR042C,YNL039W,1,0.5266667,0.09444444626569748,0.050999999046325684,0.048900000751018524
YFR040W,YNR024W,0,0.5261673,0.09426987171173096,0.050999999046325684,0.04899999871850014
YDR009W,YAL068C,0,0.52603465,0.09409593790769577,0.050999999046325684,0.04910000041127205
YBR038W,YEL048C,0,0.525972,0.09392265230417252,0.050999999046325684,0.04919999837875366
YGR055W,YHR080C,0,0.5259344,0.09375,0.050999999046325684,0.049300000071525574
YJL181W,YCR018C,0,0.5255141,0.09357798099517822,0.050999999046325684,0.049400001764297485
YIL056W,YMR207C,0,0.5251361,0.09340659528970718,0.050999999046325684,0.0494999997317791
YOR316C,YOL042W,0,0.5249542,0.09323583543300629,0.050999999046325684,0.04960000142455101
YLR115W,YDR234W,0,0.5247146,0.09306569397449493,0.050999999046325684,0.04969999939203262
YBR089C-A,YCL035C,0,0.524619,0.09289617836475372,0.050999999046325684,0.049800001084804535
YOR087W,YML041C,0,0.5245298,0.09272727370262146,0.050999999046325684,0.04989999905228615
YLR185W,YBR149W,0,0.5244665,0.09255897998809814,0.050999999046325684,0.05000000074505806
YBR091C,YKL058W,0,0.524333,0.09239130467176437,0.050999999046325684,0.05009999871253967
YMR053C,YLL016W,0,0.5243161,0.09222423285245895,0.050999999046325684,0.050200000405311584
YNL328C,YBR015C,0,0.5242918,0.09205776453018188,0.050999999046325684,0.0502999983727932
YDR213W,YDR437W,0,0.5236908,0.09189189225435257,0.050999999046325684,0.05040000006556511
YFR016C,YDR217C,0,0.52349746,0.09172661602497101,0.050999999046325684,0.05050000175833702
YOL096C,YNR030W,0,0.52343965,0.0915619358420372,0.050999999046325684,0.050599999725818634
YHL028W,YLL016W,0,0.5233035,0.09139785170555115,0.050999999046325684,0.050700001418590546
YJL011C,YOR110W,1,0.5232518,0.09302325546741486,0.052000001072883606,0.050700001418590546
YLL006W,YHR157W,0,0.5232443,0.09285714477300644,0.052000001072883606,0.05079999938607216
YDL072C,YJL174W,0,0.52294683,0.09269162267446518,0.052000001072883606,0.05090000107884407
YOR032C,YOR103C,0,0.5226779,0.09252668917179108,0.052000001072883606,0.050999999046325684
YIL043C,YFR030W,0,0.52228034,0.09236234426498413,0.052000001072883606,0.051100000739097595
YNL056W,YBR016W,0,0.52182865,0.09219858050346375,0.052000001072883606,0.05119999870657921
YML015C,YPR008W,1,0.521439,0.09380531311035156,0.05299999937415123,0.05119999870657921
YBR112C,YLR263W,0,0.52134264,0.09363957494497299,0.05299999937415123,0.05130000039935112
YDR301W,YPL253C,0,0.52122784,0.09347442537546158,0.05299999937415123,0.05139999836683273
YOR359W,YJR050W,0,0.5211277,0.09330985695123672,0.05299999937415123,0.051500000059604645
YML086C,YCR018C,0,0.5209628,0.09314586967229843,0.05299999937415123,0.051600001752376556
YOR048C,YLR115W,0,0.5208045,0.0929824560880661,0.05299999937415123,0.05169999971985817
YPR037C,YGR244C,0,0.52076066,0.09281961619853973,0.05299999937415123,0.05180000141263008
YKL052C,YJL216C,0,0.52054703,0.09265734255313873,0.05299999937415123,0.051899999380111694
YCR042C,YDL108W,1,0.52022344,0.09424083679914474,0.05400000140070915,0.051899999380111694
YER142C,YPL198W,0,0.52014965,0.09407665580511093,0.05400000140070915,0.052000001072883606
YAL048C,YDR213W,0,0.5200945,0.09391304105520248,0.05400000140070915,0.05209999904036522
YJR120W,YDL154W,0,0.5194621,0.09375,0.05400000140070915,0.05220000073313713
YLR259C,YDR395W,0,0.5191375,0.09358752518892288,0.05400000140070915,0.052299998700618744
YDR189W,YDR289C,0,0.51911753,0.09342560917139053,0.05400000140070915,0.052400000393390656
YHR113W,YMR242C,0,0.51891434,0.09326425194740295,0.05400000140070915,0.05249999836087227
YKL006W,YBR301W,0,0.51855797,0.09310344606637955,0.05400000140070915,0.05260000005364418
YJR050W,YNL066W,0,0.51854765,0.09294319897890091,0.05400000140070915,0.05270000174641609
YLL053C,YER060W-A,0,0.5184761,0.09278350323438644,0.05400000140070915,0.052799999713897705
YER063W,YLR259C,0,0.5183653,0.09262435883283615,0.05400000140070915,0.05290000140666962
YDR516C,YBR191W,0,0.51833147,0.09246575087308884,0.05400000140070915,0.05299999937415123
YNL036W,YHL006C,0,0.51831293,0.0923076942563057,0.05400000140070915,0.05310000106692314
YLL067C,YFR049W,0,0.51789606,0.09215017408132553,0.05400000140070915,0.053199999034404755
YHL003C,YNL156C,0,0.5178729,0.09199318289756775,0.05400000140070915,0.053300000727176666
YDR007W,YIL167W,0,0.5173106,0.09183673560619354,0.05400000140070915,0.05339999869465828
YAL002W,YML133C,0,0.51728153,0.09168081730604172,0.05400000140070915,0.05350000038743019
YML133C,YBR193C,0,0.5166664,0.09152542054653168,0.05400000140070915,0.053599998354911804
YOR068C,YGR296W,0,0.5166545,0.09137056022882462,0.05400000140070915,0.053700000047683716
YML133C,YGR165W,0,0.51654553,0.09121621400117874,0.05400000140070915,0.05380000174045563
YKR053C,YER139C,0,0.51630557,0.09106239676475525,0.05400000140070915,0.05389999970793724
YHR154W,YML127W,0,0.5159149,0.09090909361839294,0.05400000140070915,0.05400000140070915
YLL031C,YGL192W,0,0.5155798,0.09075630456209183,0.05400000140070915,0.054099999368190765
YLR006C,YBR180W,0,0.5148615,0.0906040295958519,0.05400000140070915,0.05420000106096268
YBL013W,YJL089W,0,0.5145969,0.09045226126909256,0.05400000140070915,0.05429999902844429
YMR053C,YHR037W,0,0.51458013,0.09030100703239441,0.05400000140070915,0.0544000007212162
YDL105W,YHL015W,0,0.5144862,0.09015025198459625,0.05400000140070915,0.054499998688697815
YML067C,YLR363C,0,0.5144024,0.09000000357627869,0.05400000140070915,0.05460000038146973
YGR004W,YIL167W,0,0.51422477,0.08985024690628052,0.05400000140070915,0.05469999834895134
YIL009W,YPL061W,0,0.51344496,0.08970099687576294,0.05400000140070915,0.05480000004172325
YLR258W,YLR333C,0,0.51343524,0.08955223858356476,0.05400000140070915,0.05490000173449516
YML023C,YDR289C,0,0.51305044,0.08940397202968597,0.05400000140070915,0.054999999701976776
YDL154W,YBR248C,0,0.5129199,0.08925619721412659,0.05400000140070915,0.05510000139474869
YGR246C,YAL001C,1,0.512817,0.09075907617807388,0.054999999701976776,0.05510000139474869
YHR148W,YGR044C,0,0.51281023,0.09060955792665482,0.054999999701976776,0.0551999993622303
YOR236W,YIL053W,0,0.5123043,0.09046052396297455,0.054999999701976776,0.05530000105500221
YKL045W,YHR150W,0,0.512253,0.09031198918819427,0.054999999701976776,0.055399999022483826
YKL134C,YGR296W,0,0.51223147,0.0901639312505722,0.054999999701976776,0.05550000071525574
YNL056W,YFR024C-A,0,0.5119915,0.09001636505126953,0.054999999701976776,0.05559999868273735
YIL107C,YLR067C,0,0.51192605,0.08986928313970566,0.054999999701976776,0.05570000037550926
YGR204W,YHR113W,0,0.51186055,0.08972267806529999,0.054999999701976776,0.055799998342990875
YBL051C,YPL198W,0,0.51164055,0.08957654982805252,0.054999999701976776,0.05590000003576279
YOL154W,YLR363C,0,0.5115156,0.08943089097738266,0.054999999701976776,0.0560000017285347
YHR148W,YDR175C,0,0.51149017,0.0892857164144516,0.054999999701976776,0.05609999969601631
YDL223C,YNL055C,0,0.51143074,0.08914100378751755,0.054999999701976776,0.05620000138878822
YDL108W,YOR194C,1,0.5112947,0.09061488509178162,0.0560000017285347,0.05620000138878822
YOR262W,YPL117C,0,0.510923,0.09046849608421326,0.0560000017285347,0.056299999356269836
YMR286W,YML086C,0,0.51088274,0.0903225839138031,0.0560000017285347,0.05640000104904175
YPR025C,YLR399C,1,0.51087093,0.0917874425649643,0.05700000002980232,0.05640000104904175
YNL038W,YBR212W,0,0.510393,0.09163986891508102,0.05700000002980232,0.05649999901652336
YPR008W,YKL144C,1,0.5101869,0.09309791028499603,0.057999998331069946,0.05649999901652336
YKR075C,YNL029C,0,0.50984186,0.09294871985912323,0.057999998331069946,0.05660000070929527
YJL011C,YPR008W,1,0.5098082,0.09440000355243683,0.05900000035762787,0.05660000070929527
YNL063W,YJL001W,0,0.5097377,0.09424920380115509,0.05900000035762787,0.056699998676776886
YFL056C,YBR162C,0,0.5093632,0.09409888088703156,0.05900000035762787,0.0568000003695488
YHL028W,YCR031C,0,0.5093498,0.09394904226064682,0.05900000035762787,0.05689999833703041
YCR021C,YOL095C,0,0.50926733,0.09379968047142029,0.05900000035762787,0.05700000002980232
YOR087W,YER028C,0,0.5091174,0.09365079551935196,0.05900000035762787,0.057100001722574234
YDR002W,YER127W,0,0.5089868,0.09350237995386124,0.05900000035762787,0.05719999969005585
YMR076C,YDR179C,0,0.5089416,0.09335443377494812,0.05900000035762787,0.05730000138282776
YFR031C-A,YOR113W,0,0.50837755,0.09320694953203201,0.05900000035762787,0.05739999935030937
YLR118C,YMR242C,0,0.507991,0.09305993467569351,0.05900000035762787,0.057500001043081284
YPL120W,YGR078C,0,0.5075603,0.09291338920593262,0.05900000035762787,0.0575999990105629
YAL028W,YMR207C,0,0.507454,0.09276729822158813,0.05900000035762787,0.05770000070333481
YDL003W,YNL023C,0,0.50742704,0.09262166172266006,0.05900000035762787,0.05779999867081642
YPL171C,YLL018C,0,0.50734425,0.092476487159729,0.05900000035762787,0.05790000036358833
YMR072W,YLR466W,0,0.50656503,0.09233176708221436,0.05900000035762787,0.057999998331069946
YPL058C,YDR273W,0,0.50653315,0.09218750149011612,0.05900000035762787,0.05810000002384186
YLR185W,YDR111C,0,0.50623125,0.0920436829328537,0.05900000035762787,0.05820000171661377
YOR247W,YDL139C,0,0.50617623,0.0919003114104271,0.05900000035762787,0.05829999968409538
YKR027W,YOL032W,0,0.50605035,0.0917573869228363,0.05900000035762787,0.058400001376867294
YOR009W,YBL014C,0,0.5058732,0.09161490947008133,0.05900000035762787,0.05849999934434891
YHR035W,YMR322C,0,0.5058528,0.09147287160158157,0.05900000035762787,0.05860000103712082
YNL250W,YOR249C,0,0.5055448,0.09133126586675644,0.05900000035762787,0.05869999900460243
YLR193C,YMR242C,0,0.5055427,0.09119010716676712,0.05900000035762787,0.058800000697374344
YOR273C,YNR055C,0,0.50550854,0.09104938060045242,0.05900000035762787,0.05889999866485596
YJL054W,YIL087C,0,0.50526047,0.09090909361839294,0.05900000035762787,0.05900000035762787
YDR372C,YPR003C,0,0.50524336,0.09076923131942749,0.05900000035762787,0.05909999832510948
YMR262W,YJL069C,0,0.50505126,0.09062980115413666,0.05900000035762787,0.05920000001788139
YMR226C,YMR156C,0,0.5050089,0.09049079567193985,0.05900000035762787,0.059300001710653305
YGL005C,YMR074C,0,0.50496364,0.09035222232341766,0.05900000035762787,0.05939999967813492
YGR082W,YDR406W,0,0.5048985,0.0902140662074089,0.05900000035762787,0.05950000137090683
YOR129C,YGL194C,0,0.50482404,0.09007633477449417,0.05900000035762787,0.05959999933838844
YIL075C,YHR088W,0,0.50472414,0.08993902802467346,0.05900000035762787,0.059700001031160355
YJR048W,YHL031C,0,0.50471693,0.08980213105678558,0.05900000035762787,0.05979999899864197
YML107C,YDR041W,0,0.5047057,0.08966565132141113,0.05900000035762787,0.05990000069141388
YJR153W,YIL154C,0,0.50440407,0.08952958881855011,0.05900000035762787,0.05999999865889549
YDL108W,YMR236W,1,0.5043159,0.09090909361839294,0.05999999865889549,0.05999999865889549
YGL240W,YBR121C,0,0.5043084,0.09077155590057373,0.05999999865889549,0.060100000351667404
YNL039W,YML098W,1,0.50423324,0.09214501827955246,0.061000000685453415,0.060100000351667404
YML041C,YHR214W,0,0.5040106,0.09200603514909744,0.061000000685453415,0.06019999831914902
YER123W,YAL026C,0,0.5036749,0.09186746925115585,0.061000000685453415,0.06030000001192093
YBR065C,YPL175W,0,0.503441,0.09172932058572769,0.061000000685453415,0.06040000170469284
YFL049W,YPR010C,0,0.5034164,0.09159158915281296,0.061000000685453415,0.060499999672174454
YML100W,YKL129C,0,0.5032176,0.09145427495241165,0.061000000685453415,0.060600001364946365
YGR211W,YGR245C,0,0.50309616,0.09131736308336258,0.061000000685453415,0.06069999933242798
YGR181W,YGL096W,0,0.5029651,0.09118086844682693,0.061000000685453415,0.06080000102519989
YCL010C,YGR274C,1,0.5029315,0.09253731369972229,0.06199999898672104,0.06080000102519989
YBR065C,YOR372C,0,0.5028888,0.09239940345287323,0.06199999898672104,0.0608999989926815
YJR027W,YPR169W,0,0.50277734,0.092261902987957,0.06199999898672104,0.061000000685453415
YMR076C,YOL084W,0,0.502547,0.0921248123049736,0.06199999898672104,0.06109999865293503
YBL035C,YKR007W,0,0.5024582,0.09198813140392303,0.06199999898672104,0.06120000034570694
YFR040W,YPL254W,0,0.5023161,0.0918518528342247,0.06199999898672104,0.06129999831318855
YPR110C,YKL040C,0,0.5012482,0.0917159765958786,0.06199999898672104,0.061400000005960464
YKL026C,YDR268W,0,0.50123614,0.09158050268888474,0.06199999898672104,0.061500001698732376
YDR287W,YDR019C,0,0.5006658,0.0914454311132431,0.06199999898672104,0.06159999966621399
YDR427W,YFL005W,0,0.50042504,0.09131075441837311,0.06199999898672104,0.0617000013589859
YLR315W,YGL085W,0,0.5003354,0.09117647260427475,0.06199999898672104,0.061799999326467514
YKL129C,YGL195W,0,0.5002887,0.09104258567094803,0.06199999898672104,0.061900001019239426
YDR213W,YJL216C,0,0.50000083,0.09090909361839294,0.06199999898672104,0.06199999898672104
YLR249W,YHR014W,0,0.4997572,0.0907759889960289,0.06199999898672104,0.06210000067949295
YBR046C,YGR094W,0,0.4995145,0.0906432718038559,0.06199999898672104,0.062199998646974564
YFR027W,YMR074C,0,0.49945644,0.09051094949245453,0.06199999898672104,0.062300000339746475
YPR131C,YLR200W,0,0.49944624,0.0903790071606636,0.06199999898672104,0.06239999830722809
YOR079C,YDR284C,0,0.49937865,0.09024745225906372,0.06199999898672104,0.0625
YNL167C,YML133C,0,0.49937847,0.09011627733707428,0.06199999898672104,0.06260000169277191
YBL008W,YHR110W,0,0.49913183,0.08998548984527588,0.06199999898672104,0.06270000338554382
YOR091W,YNL066W,0,0.49911729,0.08985507488250732,0.06199999898672104,0.06279999762773514
YJL011C,YPL202C,1,0.4989001,0.09117221087217331,0.06300000101327896,0.06279999762773514
YOL098C,YLR345W,0,0.4988301,0.0910404622554779,0.06300000101327896,0.06289999932050705
YKL052C,YGL151W,0,0.49871603,0.09090909361839294,0.06300000101327896,0.06300000101327896
YAL019W,YFR040W,0,0.49860564,0.09077809751033783,0.06300000101327896,0.06310000270605087
YPL171C,YJL180C,0,0.49843314,0.09064748138189316,0.06300000101327896,0.06319999694824219
YKR093W,YFR047C,0,0.49836162,0.09051723778247833,0.06300000101327896,0.0632999986410141
YDR464W,YDR303C,0,0.4979377,0.09038737416267395,0.06300000101327896,0.06340000033378601
YLR377C,YDR257C,0,0.49781588,0.09025788307189941,0.06300000101327896,0.06350000202655792
YGR186W,YKL144C,1,0.49781445,0.09155937284231186,0.06400000303983688,0.06350000202655792
YDR441C,YCR021C,0,0.49758306,0.09142857044935226,0.06400000303983688,0.06360000371932983
YAL015C,YHR088W,0,0.49758044,0.09129814803600311,0.06400000303983688,0.06369999796152115
YJR123W,YGL018C,0,0.49747315,0.09116809070110321,0.06400000303983688,0.06379999965429306
YIL038C,YOR048C,0,0.49739388,0.09103840589523315,0.06400000303983688,0.06390000134706497
YEL005C,YGR266W,0,0.49728456,0.09090909361839294,0.06400000303983688,0.06400000303983688
YDR091C,YPR180W,0,0.49714747,0.09078013896942139,0.06400000303983688,0.0640999972820282
YHR113W,YNL156C,0,0.49701062,0.09065155684947968,0.06400000303983688,0.06419999897480011
YOR065W,YFL026W,0,0.49675193,0.09052333980798721,0.06400000303983688,0.06430000066757202
YDR528W,YLR435W,0,0.49659958,0.0903954803943634,0.06400000303983688,0.06440000236034393
YAR033W,YBL031W,0,0.49658766,0.09026798605918884,0.06400000303983688,0.06449999660253525
YPR071W,YBL063W,0,0.49634424,0.09014084190130234,0.06400000303983688,0.06459999829530716
YHR154W,YNR052C,0,0.49628982,0.09001406282186508,0.06400000303983688,0.06469999998807907
YCR031C,YLR190W,0,0.49609593,0.08988764137029648,0.06400000303983688,0.06480000168085098
YLL026W,YKR031C,0,0.49588022,0.08976157009601593,0.06400000303983688,0.0649000033736229
YDL240W,YIL005W,0,0.49539724,0.08963585644960403,0.06400000303983688,0.06499999761581421
YIL007C,YDR213W,0,0.4953029,0.0895104929804802,0.06400000303983688,0.06509999930858612
YBR065C,YNL118C,0,0.4949424,0.08938547223806381,0.06400000303983688,0.06520000100135803
YLL018C,YDL223C,0,0.4947606,0.08926080912351608,0.06400000303983688,0.06530000269412994
YOL089C,YGR246C,1,0.49446025,0.09052924811840057,0.06499999761581421,0.06530000269412994
YLL048C,YHR014W,0,0.49426606,0.09040334075689316,0.06499999761581421,0.06539999693632126
YGL005C,YLR313C,0,0.49408004,0.0902777761220932,0.06499999761581421,0.06549999862909317
YJR150C,YER155C,0,0.4934133,0.0901525691151619,0.06499999761581421,0.06560000032186508
YDR145W,YLR323C,0,0.4932995,0.09002769738435745,0.06499999761581421,0.065700002014637
YLR377C,YPL253C,0,0.4931312,0.08990318328142166,0.06499999761581421,0.0658000037074089
YBL035C,YHL050C,0,0.49257258,0.08977900445461273,0.06499999761581421,0.06589999794960022
YJL179W,YER071C,0,0.49236968,0.08965517580509186,0.06499999761581421,0.06599999964237213
YEL019C,YHL035C,0,0.49191144,0.08953168243169785,0.06499999761581421,0.06610000133514404
YMR050C,YKR031C,0,0.4917641,0.08940853178501129,0.06499999761581421,0.06620000302791595
YPR008W,YJL196C,0,0.4917504,0.0892857164144516,0.06499999761581421,0.06629999727010727
YMR232W,YER155C,0,0.49166742,0.08916323632001877,0.06499999761581421,0.06639999896287918
YIL087C,YDL102W,0,0.49164048,0.0890410989522934,0.06499999761581421,0.06650000065565109
YOL032W,YJL173C,0,0.49140564,0.08891928941011429,0.06499999761581421,0.066600002348423
YDL124W,YNR037C,0,0.49137834,0.08879781514406204,0.06499999761581421,0.06669999659061432
YBR248C,YER081W,0,0.4913431,0.08867666870355606,0.06499999761581421,0.06679999828338623
YLR061W,YBR272C,0,0.49130616,0.08855585753917694,0.06499999761581421,0.06689999997615814
YFR034C,YDL134C,0,0.49121037,0.08843537420034409,0.06499999761581421,0.06700000166893005
YPR134W,YHR106W,0,0.4912046,0.0883152186870575,0.06499999761581421,0.06710000336170197
YGL189C,YKL069W,0,0.49096385,0.08819538354873657,0.06499999761581421,0.06719999760389328
YDR482C,YBR089C-A,0,0.49089274,0.08807588368654251,0.06499999761581421,0.06729999929666519
YIL143C,YGL112C,1,0.49075976,0.08930987864732742,0.06599999964237213,0.06729999929666519
YDR235W,YDR427W,0,0.49067965,0.08918918669223785,0.06599999964237213,0.0674000009894371
YMR048W,YGL139W,0,0.49062195,0.08906882256269455,0.06599999964237213,0.06750000268220901
YMR005W,YPR008W,1,0.49044803,0.09029649943113327,0.06700000166893005,0.06750000268220901
YGL073W,YBR189W,0,0.49036828,0.09017496556043625,0.06700000166893005,0.06759999692440033
YPL280W,YJR123W,0,0.49013808,0.09005376696586609,0.06700000166893005,0.06769999861717224
YHR111W,YAL068C,0,0.49009922,0.0899328887462616,0.06700000166893005,0.06780000030994415
YCR031C,YOR019W,0,0.48962322,0.08981233090162277,0.06700000166893005,0.06790000200271606
YLR011W,YDR259C,0,0.4894645,0.08969210088253021,0.06700000166893005,0.06800000369548798
YBL038W,YML055W,0,0.4894022,0.08957219123840332,0.06700000166893005,0.06809999793767929
YDR227W,YKL029C,0,0.48938575,0.0894526019692421,0.06700000166893005,0.0681999996304512
YKL054C,YOR113W,0,0.4890033,0.08933333307504654,0.06700000166893005,0.06830000132322311
YNR048W,YPL175W,0,0.48878312,0.08921437710523605,0.06700000166893005,0.06840000301599503
YPL280W,YDL012C,0,0.48837897,0.08909574151039124,0.06700000166893005,0.06849999725818634
YOL020W,YEL039C,0,0.48831317,0.08897742629051208,0.06700000166893005,0.06859999895095825
YGL063W,YCR018C,0,0.488183,0.08885941654443741,0.06700000166893005,0.06870000064373016
YEL001C,YDL139C,0,0.48801515,0.0887417197227478,0.06700000166893005,0.06880000233650208
YLR185W,YLR150W,0,0.4875885,0.08862433582544327,0.06700000166893005,0.06889999657869339
YDL160C,YDR300C,0,0.4874204,0.0885072648525238,0.06700000166893005,0.0689999982714653
YLR390W-A,YAL002W,0,0.48740533,0.08839049935340881,0.06700000166893005,0.06909999996423721
YIL087C,YER060W-A,0,0.48729998,0.0882740467786789,0.06700000166893005,0.06920000165700912
YPL130W,YML047C,0,0.48724392,0.08815789222717285,0.06700000166893005,0.06930000334978104
YML013W,YLR019W,0,0.486896,0.08804205060005188,0.06700000166893005,0.06939999759197235
YBR272C,YBR023C,0,0.48682305,0.08792650699615479,0.06700000166893005,0.06949999928474426
YLR181C,YOR335C,0,0.4865956,0.08781126886606216,0.06700000166893005,0.06960000097751617
YCL051W,YOR241W,0,0.4865714,0.08769633620977402,0.06700000166893005,0.06970000267028809
YPR055W,YBL047C,0,0.48631468,0.08758170157670975,0.06700000166893005,0.0697999969124794
YML023C,YKL197C,0,0.48630902,0.08746736496686935,0.06700000166893005,0.06989999860525131
YDR261C,YOR059C,0,0.48620692,0.08735332638025284,0.06700000166893005,0.07000000029802322
YNL183C,YIL153W,0,0.4861754,0.0872395858168602,0.06700000166893005,0.07010000199079514
YOR177C,YJL167W,0,0.48616853,0.08712613582611084,0.06700000166893005,0.07020000368356705
YOR207C,YML013W,0,0.4858679,0.08701298385858536,0.06700000166893005,0.07029999792575836
YDR407C,YCL001W,0,0.4858196,0.08690012991428375,0.06700000166893005,0.07039999961853027
YGR005C,YPR056W,1,0.48567903,0.08808290213346481,0.06800000369548798,0.07039999961853027
YBR101C,YBR109C,0,0.48563087,0.08796895295381546,0.06800000369548798,0.07050000131130219
YNL263C,YLL016W,0,0.48455343,0.08785529434680939,0.06800000369548798,0.0706000030040741
YHR170W,YIL033C,0,0.48441407,0.08774193376302719,0.06800000369548798,0.07069999724626541
YML059C,YOL042W,0,0.48402253,0.08762886375188828,0.06800000369548798,0.07079999893903732
YKL052C,YDR179C,0,0.4840162,0.08751608431339264,0.06800000369548798,0.07090000063180923
YJR109C,YAL011W,0,0.48398393,0.08740359544754028,0.06800000369548798,0.07100000232458115
YGR005C,YPL202C,1,0.48389384,0.0885750949382782,0.0689999982714653,0.07100000232458115
YLR075W,YEL027W,0,0.48387143,0.08846154063940048,0.0689999982714653,0.07109999656677246
YOL122C,YNR055C,0,0.48386124,0.08834826946258545,0.0689999982714653,0.07119999825954437
YML069W,YNL314W,1,0.48377225,0.08951406925916672,0.07000000029802322,0.07119999825954437
YHR146W,YKL077W,0,0.48365077,0.08939974755048752,0.07000000029802322,0.07129999995231628
YPL116W,YBR189W,0,0.48352528,0.0892857164144516,0.07000000029802322,0.0714000016450882
YOR273C,YHR005C,0,0.4833899,0.08917197585105896,0.07000000029802322,0.07150000333786011
YLR190W,YLR092W,0,0.48291102,0.0890585258603096,0.07000000029802322,0.07159999758005142
YHR006W,YEL044W,0,0.482907,0.08894535899162292,0.07000000029802322,0.07169999927282333
YIL014W,YNL142W,0,0.4828998,0.08883249014616013,0.07000000029802322,0.07180000096559525
YBL080C,YNL247W,0,0.48272252,0.08871989697217941,0.07000000029802322,0.07190000265836716
YKL129C,YDR108W,0,0.4826124,0.08860759437084198,0.07000000029802322,0.07199999690055847
YNL103W,YGL151W,0,0.48247352,0.08849557489156723,0.07000000029802322,0.07209999859333038
YDR434W,YGR017W,0,0.48243445,0.08838383853435516,0.07000000029802322,0.0722000002861023
YEL009C,YPR008W,1,0.4824088,0.08953341841697693,0.07100000232458115,0.0722000002861023
YNL031C,YLR260W,0,0.48201677,0.08942065387964249,0.07100000232458115,0.0723000019788742
YFR038W,YDR317W,0,0.481838,0.08930817246437073,0.07100000232458115,0.07240000367164612
YOR065W,YBR023C,0,0.48183358,0.08919598162174225,0.07100000232458115,0.07249999791383743
YIL120W,YDR100W,0,0.48164877,0.08908406645059586,0.07100000232458115,0.07259999960660934
YAR042W,YMR261C,0,0.48152503,0.08897243440151215,0.07100000232458115,0.07270000129938126
YPL126W,YKR099W,0,0.48143998,0.08886107802391052,0.07100000232458115,0.07280000299215317
YKL032C,YGL151W,0,0.48134384,0.08874999731779099,0.07100000232458115,0.07289999723434448
YER062C,YJL001W,0,0.4808487,0.08863919973373413,0.07100000232458115,0.0729999989271164
YML023C,YPR105C,0,0.48059526,0.08852867782115936,0.07100000232458115,0.0731000006198883
YGL167C,YOR254C,0,0.48009387,0.08841843158006668,0.07100000232458115,0.07320000231266022
YPL234C,YIL037C,0,0.4799417,0.08830846101045609,0.07100000232458115,0.07329999655485153
YDR212W,YFR049W,0,0.4799113,0.08819875866174698,0.07100000232458115,0.07339999824762344
YNL199C,YOR207C,0,0.47980615,0.08808933198451996,0.07100000232458115,0.07349999994039536
YKL054C,YJL083W,0,0.47963682,0.08798017352819443,0.07100000232458115,0.07360000163316727
YGR057C,YMR226C,0,0.47962418,0.08787129074335098,0.07100000232458115,0.07370000332593918
YHL003C,YPR199C,0,0.4785431,0.08776266872882843,0.07100000232458115,0.0737999975681305
YNL041C,YPR007C,0,0.47847202,0.08765432238578796,0.07100000232458115,0.0738999992609024
YGL207W,YIL036W,1,0.47841215,0.08877928555011749,0.07199999690055847,0.0738999992609024
YNL183C,YJR131W,0,0.4781796,0.08866994827985764,0.07199999690055847,0.07400000095367432
YEL019C,YDR422C,0,0.47811678,0.08856088668107986,0.07199999690055847,0.07410000264644623
YKR075C,YLL006W,0,0.47797307,0.08845208585262299,0.07199999690055847,0.07419999688863754
YHR113W,YKL114C,0,0.4779485,0.0883435606956482,0.07199999690055847,0.07429999858140945
YIL036W,YMR226C,0,0.47776392,0.0882352963089943,0.07199999690055847,0.07440000027418137
YLR284C,YHR009C,0,0.47763193,0.08812729269266129,0.07199999690055847,0.07450000196695328
YHR139C,YER102W,0,0.47735026,0.08801955729722977,0.07199999690055847,0.07460000365972519
YDR259C,YPL021W,0,0.47715715,0.08791209012269974,0.07199999690055847,0.0746999979019165
YML015C,YGL112C,1,0.4771414,0.0890243873000145,0.0729999989271164,0.0746999979019165
YPL215W,YOR158W,0,0.47713438,0.08891595900058746,0.0729999989271164,0.07479999959468842
YNL318C,YLR299W,0,0.47705507,0.08880778402090073,0.0729999989271164,0.07490000128746033
YDL175C,YPL262W,0,0.47703725,0.08869987726211548,0.0729999989271164,0.07500000298023224
YFR030W,YPL006W,0,0.47651252,0.08859223127365112,0.0729999989271164,0.07509999722242355
YKR075C,YGL092W,0,0.47644514,0.08848484605550766,0.0729999989271164,0.07519999891519547
YLR167W,YJL167W,0,0.47598794,0.08837772160768509,0.0729999989271164,0.07530000060796738
YGL098W,YOR271C,0,0.47583824,0.08827085793018341,0.0729999989271164,0.07540000230073929
YKR031C,YOR259C,0,0.4757901,0.08816424757242203,0.0729999989271164,0.0754999965429306
YPL049C,YGL049C,0,0.47576383,0.08805789798498154,0.0729999989271164,0.07559999823570251
YHL028W,YDR105C,0,0.475695,0.08795180916786194,0.0729999989271164,0.07569999992847443
YGL073W,YOR363C,0,0.4755797,0.08784596621990204,0.0729999989271164,0.07580000162124634
YHR073W,YPL161C,0,0.4754965,0.08774038404226303,0.0729999989271164,0.07590000331401825
YNL045W,YDL119C,0,0.47543135,0.08763505518436432,0.0729999989271164,0.07599999755620956
YDR516C,YGR224W,0,0.47526804,0.0875299796462059,0.0729999989271164,0.07609999924898148
YMR236W,YBR123C,1,0.47525597,0.08862275630235672,0.07400000095367432,0.07609999924898148
YNL314W,YKL144C,1,0.475163,0.08971291780471802,0.07500000298023224,0.07609999924898148
YJR048W,YDR328C,0,0.47495243,0.08960573375225067,0.07500000298023224,0.07620000094175339
YKL033W,YHR096C,0,0.47488952,0.08949880301952362,0.07500000298023224,0.0763000026345253
YOR081C,YOR341W,0,0.4748855,0.08939213305711746,0.07500000298023224,0.07639999687671661
YGR245C,YER129W,0,0.47436425,0.0892857164144516,0.07500000298023224,0.07649999856948853
YCR024C,YKL060C,0,0.4743503,0.08917954564094543,0.07500000298023224,0.07660000026226044
YPR025C,YML098W,1,0.47429097,0.09026128053665161,0.07599999755620956,0.07660000026226044
YPL221W,YDL123W,0,0.47415704,0.09015420824289322,0.07599999755620956,0.07670000195503235
YJL098W,YJR050W,0,0.47411868,0.09004739671945572,0.07599999755620956,0.07680000364780426
YOR016C,YGL093W,0,0.4738721,0.08994083106517792,0.07599999755620956,0.07689999788999557
YDR178W,YER093C,0,0.47378123,0.08983451873064041,0.07599999755620956,0.07699999958276749
YGR178C,YLR315W,0,0.47337383,0.0897284522652626,0.07599999755620956,0.0771000012755394
YIL007C,YLR067C,0,0.47333226,0.08962263911962509,0.07599999755620956,0.07720000296831131
YFL011W,YBR049C,0,0.4732646,0.08951707929372787,0.07599999755620956,0.07729999721050262
YPL001W,YOL011W,0,0.47315595,0.08941176533699036,0.07599999755620956,0.07739999890327454
YPR100W,YDR303C,0,0.47309437,0.08930669724941254,0.07599999755620956,0.07750000059604645
YPL043W,YNL251C,0,0.47309166,0.08920187503099442,0.07599999755620956,0.07760000228881836
YKR007W,YKR083C,0,0.47257295,0.08909730613231659,0.07599999755620956,0.07769999653100967
YAL015C,YEL051W,0,0.47241932,0.08899297565221786,0.07599999755620956,0.07779999822378159
YCL016C,YLR382C,0,0.472152,0.08888889104127884,0.07599999755620956,0.0778999999165535
YDR464W,YML096W,0,0.47205782,0.08878504484891891,0.07599999755620956,0.07800000160932541
YLR382C,YIR031C,0,0.47194904,0.08868144452571869,0.07599999755620956,0.07810000330209732
YNL190W,YOL059W,0,0.47185192,0.08857809007167816,0.07599999755620956,0.07819999754428864
YHR204W,YGR080W,0,0.47181675,0.08847497403621674,0.07599999755620956,0.07829999923706055
YPL133C,YMR177W,0,0.47178766,0.08837209641933441,0.07599999755620956,0.07840000092983246
YDR127W,YDR359C,0,0.47172728,0.08826945722103119,0.07599999755620956,0.07850000262260437
YIL068C,YDR243C,0,0.47170696,0.08816705644130707,0.07599999755620956,0.07859999686479568
YDR384C,YKL077W,0,0.4716177,0.08806488662958145,0.07599999755620956,0.0786999985575676
YNL137C,YJR046W,0,0.47140476,0.08796296268701553,0.07599999755620956,0.07880000025033951
YAR033W,YDR292C,0,0.47125265,0.08786126971244812,0.07599999755620956,0.07890000194311142
YDR284C,YER015W,0,0.47119573,0.08775981515645981,0.07599999755620956,0.07900000363588333
YOR227W,YHL026C,0,0.47119382,0.08765859156847,0.07599999755620956,0.07909999787807465
YDR463W,YBL100W-B,0,0.47113693,0.0875576063990593,0.07599999755620956,0.07919999957084656
YLR005W,YPL177C,1,0.47107023,0.08860759437084198,0.07699999958276749,0.07919999957084656
YDR002W,YCL001W,0,0.47085974,0.08850574493408203,0.07699999958276749,0.07930000126361847
YOR194C,YER028C,1,0.47085753,0.08955223858356476,0.07800000160932541,0.07930000126361847
YGL126W,YKR049C,0,0.47067043,0.08944953978061676,0.07800000160932541,0.07940000295639038
YGR046W,YHR133C,0,0.47052482,0.08934707939624786,0.07800000160932541,0.0794999971985817
YPR143W,YER063W,0,0.47018817,0.08924484997987747,0.07800000160932541,0.07959999889135361
YCL017C,YDR189W,0,0.46971625,0.08914285898208618,0.07800000160932541,0.07970000058412552
YKL149C,YKL129C,0,0.46954033,0.0890410989522934,0.07800000160932541,0.07980000227689743
YER033C,YBR169C,0,0.46942225,0.08893956989049911,0.07800000160932541,0.07989999651908875
YJL183W,YKL005C,0,0.46939737,0.08883827179670334,0.07800000160932541,0.07999999821186066
YGR235C,YIL008W,0,0.46933302,0.08873720467090607,0.07800000160932541,0.08009999990463257
YHR170W,YIL167W,0,0.4690688,0.0886363610625267,0.07800000160932541,0.08020000159740448
YMR234W,YDR469W,0,0.4688098,0.08853575587272644,0.07800000160932541,0.08030000329017639
YKR007W,YDR469W,0,0.46868262,0.08843537420034409,0.07800000160932541,0.0803999975323677
YMR081C,YKL129C,0,0.4684274,0.08833522349596024,0.07800000160932541,0.08049999922513962
YLR324W,YMR001C,0,0.46837783,0.0882352963089943,0.07800000160932541,0.08060000091791153
YDR325W,YDL154W,0,0.4682425,0.08813559263944626,0.07800000160932541,0.08070000261068344
YER143W,YBL072C,0,0.46759382,0.08803611993789673,0.07800000160932541,0.08079999685287476
YAL019W,YHR111W,0,0.4674823,0.08793686330318451,0.07800000160932541,0.08089999854564667
YGR097W,YDL123W,0,0.46701285,0.0878378376364708,0.07800000160932541,0.08100000023841858
YOR193W,YPR017C,0,0.46699026,0.08773903548717499,0.07800000160932541,0.08110000193119049
YGL073W,YCR018C,0,0.46698204,0.08764044940471649,0.07800000160932541,0.0812000036239624
YBR114W,YJR052W,0,0.4667755,0.0875420868396759,0.07800000160932541,0.08129999786615372
YDR041W,YPL233W,0,0.46668008,0.08744394779205322,0.07800000160932541,0.08139999955892563
YOR002W,YIL011W,0,0.4665376,0.08734602481126785,0.07800000160932541,0.08150000125169754
YHR204W,YBR078W,0,0.466275,0.08724832534790039,0.07800000160932541,0.08160000294446945
YNL181W,YNL180C,0,0.4662176,0.08715083450078964,0.07800000160932541,0.08169999718666077
YOR079C,YLR019W,0,0.46606633,0.0870535746216774,0.07800000160932541,0.08179999887943268
YKR088C,YJL003W,0,0.46603113,0.08695652335882187,0.07800000160932541,0.08190000057220459
YER155C,YDR168W,0,0.46601662,0.08685968816280365,0.07800000160932541,0.0820000022649765
YPL140C,YJR096W,0,0.46589527,0.08676306903362274,0.07800000160932541,0.08209999650716782
YNL133C,YPR133C,0,0.46580943,0.08666666597127914,0.07800000160932541,0.08219999819993973
YPR025C,YNL314W,1,0.4657923,0.08768035471439362,0.07900000363588333,0.08219999819993973
YKL145W,YLR263W,0,0.46537948,0.08758314698934555,0.07900000363588333,0.08229999989271164
YMR063W,YJR035W,0,0.4650908,0.0874861553311348,0.07900000363588333,0.08240000158548355
YMR205C,YCL064C,0,0.46504387,0.08738937973976135,0.07900000363588333,0.08250000327825546
YNL317W,YLR384C,0,0.46495605,0.08729282021522522,0.07900000363588333,0.08259999752044678
YAL015C,YBR268W,0,0.46495298,0.0871964693069458,0.07900000363588333,0.08269999921321869
YML021C,YIL075C,0,0.464838,0.08710033446550369,0.07900000363588333,0.0828000009059906
YAR033W,YML076C,0,0.46482667,0.0870044082403183,0.07900000363588333,0.08290000259876251
YGL098W,YOR266W,0,0.46478397,0.08690869063138962,0.07900000363588333,0.08299999684095383
YOR380W,YNL065W,0,0.4645967,0.08681318908929825,0.07900000363588333,0.08309999853372574
YDR460W,YER028C,1,0.4638588,0.08781559020280838,0.07999999821186066,0.08309999853372574
YGL243W,YDR439W,0,0.4638479,0.08771929889917374,0.07999999821186066,0.08320000022649765
YDR201W,YBR069C,0,0.46377796,0.0876232236623764,0.07999999821186066,0.08330000191926956
YDR092W,YMR313C,0,0.46365288,0.08752734959125519,0.07999999821186066,0.08340000361204147
YJR117W,YHR202W,0,0.46364307,0.08743169158697128,0.07999999821186066,0.08349999785423279
YGR260W,YHL021C,0,0.46357578,0.08733624219894409,0.07999999821186066,0.0835999995470047
YAL002W,YLR361C,0,0.46329543,0.08724100142717361,0.07999999821186066,0.08370000123977661
YJL208C,YPL189W,0,0.46317467,0.08714596927165985,0.07999999821186066,0.08380000293254852
YDR108W,YDR244W,0,0.46311465,0.0870511457324028,0.07999999821186066,0.08389999717473984
YJL089W,YDL018C,0,0.46309197,0.08695652335882187,0.07999999821186066,0.08399999886751175
YDR110W,YHR014W,0,0.46303406,0.08686210960149765,0.07999999821186066,0.08410000056028366
YAL030W,YOR260W,0,0.46269587,0.08676789700984955,0.07999999821186066,0.08420000225305557
YOR110W,YGL043W,1,0.46260223,0.08775731176137924,0.08100000023841858,0.08420000225305557
YBL038W,YOR359W,0,0.4625652,0.08766233921051025,0.08100000023841858,0.08429999649524689
YCR024C,YDR397C,0,0.46240547,0.08756756782531738,0.08100000023841858,0.0843999981880188
YGR217W,YNL059C,0,0.46213245,0.08747300505638123,0.08100000023841858,0.08449999988079071
YNL190W,YNL065W,0,0.4621195,0.08737864345312119,0.08100000023841858,0.08460000157356262
YBL035C,YJR049C,0,0.4620833,0.08728448301553726,0.08100000023841858,0.08470000326633453
YOR359W,YPR133C,0,0.46200553,0.08719052374362946,0.08100000023841858,0.08479999750852585
YGL028C,YKL132C,0,0.46190712,0.08709677308797836,0.08100000023841858,0.08489999920129776
YCR044C,YKR031C,0,0.4618949,0.08700322359800339,0.08100000023841858,0.08500000089406967
YNL038W,YIR031C,0,0.46181157,0.08690986782312393,0.08100000023841858,0.08510000258684158
YOL089C,YOL067C,1,0.4617989,0.08788853138685226,0.0820000022649765,0.08510000258684158
YPL100W,YDR464W,0,0.46163914,0.08779443055391312,0.0820000022649765,0.0851999968290329
YBL080C,YLR083C,0,0.4610521,0.08770053833723068,0.0820000022649765,0.08529999852180481
YIL068C,YNL023C,0,0.46099892,0.08760683983564377,0.0820000022649765,0.08540000021457672
YOL020W,YBR193C,0,0.46099102,0.08751334249973297,0.0820000022649765,0.08550000190734863
YJL059W,YDR528W,0,0.46095648,0.08742004632949829,0.0820000022649765,0.08560000360012054
YML067C,YGL243W,0,0.4609561,0.08732694387435913,0.0820000022649765,0.08569999784231186
YLR118C,YML031W,0,0.46090204,0.08723404258489609,0.0820000022649765,0.08579999953508377
YJR109C,YML076C,0,0.46088982,0.08714134246110916,0.0820000022649765,0.08590000122785568
YBR069C,YOR193W,0,0.4608582,0.08704882860183716,0.0820000022649765,0.0860000029206276
YMR286W,YJR042W,0,0.46082506,0.08695652335882187,0.0820000022649765,0.08609999716281891
YCR016W,YDR289C,0,0.46076277,0.0868644043803215,0.0820000022649765,0.08619999885559082
YCL051W,YHR170W,0,0.46071187,0.08677248656749725,0.0820000022649765,0.08630000054836273
YNL251C,YBL025W,0,0.46069187,0.08668076246976852,0.0820000022649765,0.08640000224113464
YDL235C,YAL051W,0,0.4606376,0.08658923208713531,0.0820000022649765,0.08649999648332596
YPL262W,YKL155C,0,0.46062446,0.08649788796901703,0.0820000022649765,0.08659999817609787
YLR299W,YLR092W,0,0.4603668,0.08640674501657486,0.0820000022649765,0.08669999986886978
YGR024C,YHR122W,0,0.46028224,0.08631578832864761,0.0820000022649765,0.0868000015616417
YHL017W,YBR189W,0,0.46017304,0.08622502535581589,0.0820000022649765,0.0869000032544136
YPL207W,YPL063W,0,0.4599708,0.08613445609807968,0.0820000022649765,0.08699999749660492
YGL115W,YGR142W,0,0.45996997,0.0860440731048584,0.0820000022649765,0.08709999918937683
YAL007C,YOR065W,0,0.4599348,0.08595387637615204,0.0820000022649765,0.08720000088214874
YJR042W,YJL180C,0,0.45975596,0.0858638733625412,0.0820000022649765,0.08730000257492065
YPL224C,YNL055C,0,0.45966834,0.08577405661344528,0.0820000022649765,0.08739999681711197
YDL098C,YLR258W,0,0.45961198,0.08568443357944489,0.0820000022649765,0.08749999850988388
YHR146W,YFL005W,0,0.4593549,0.08559498935937881,0.0820000022649765,0.08760000020265579
YNL286W,YBR248C,0,0.45906958,0.08550573885440826,0.0820000022649765,0.0877000018954277
YBR114W,YOL052C-A,0,0.4590029,0.08541666716337204,0.0820000022649765,0.08780000358819962
YDR287W,YDR025W,0,0.45895198,0.08532778173685074,0.0820000022649765,0.08789999783039093
YOL089C,YBR081C,1,0.4589341,0.08627858757972717,0.08299999684095383,0.08789999783039093
YDR019C,YDR005C,0,0.4585683,0.08618899434804916,0.08299999684095383,0.08799999952316284
YLR220W,YDR303C,0,0.45850983,0.08609958738088608,0.08299999684095383,0.08810000121593475
YDL106C,YGR057C,0,0.4582617,0.08601035922765732,0.08299999684095383,0.08820000290870667
YOR068C,YDR023W,0,0.4582313,0.08592132478952408,0.08299999684095383,0.08829999715089798
YPR105C,YDR021W,0,0.4581431,0.08583246916532516,0.08299999684095383,0.08839999884366989
YBR189W,YER015W,0,0.4579747,0.08574379980564117,0.08299999684095383,0.0885000005364418
YDR167W,YNL039W,1,0.4576665,0.08668730407953262,0.08399999886751175,0.0885000005364418
YDR460W,YPR056W,1,0.4576114,0.08762886375188828,0.08500000089406967,0.0885000005364418
YOR191W,YLR363C,0,0.45749605,0.08753862231969833,0.08500000089406967,0.08860000222921371
YHL038C,YDR325W,0,0.45739844,0.08744855970144272,0.08500000089406967,0.08869999647140503
YCL048W,YIL018W,0,0.45732918,0.08735868334770203,0.08500000089406967,0.08879999816417694
YDR190C,YHR193C,0,0.45726106,0.08726899325847626,0.08500000089406967,0.08889999985694885
YOR241W,YDR057W,0,0.4566531,0.08717948943376541,0.08500000089406967,0.08900000154972076
YPL176C,YPR199C,0,0.45658734,0.08709016442298889,0.08500000089406967,0.08910000324249268
YPL082C,YKL028W,1,0.4564788,0.0880245640873909,0.0860000029206276,0.08910000324249268
YGL096W,YNL123W,0,0.45642123,0.08793456107378006,0.0860000029206276,0.08919999748468399
YOR045W,YFR024C-A,0,0.45619306,0.08784473687410355,0.0860000029206276,0.0892999991774559
YOL122C,YHR001W-A,0,0.4561595,0.08775509893894196,0.0860000029206276,0.08940000087022781
YMR005W,YGR246C,1,0.4560354,0.08868501335382462,0.08699999749660492,0.08940000087022781
YJR027W,YGL064C,0,0.4559869,0.0885947048664093,0.08699999749660492,0.08950000256299973
YGL093W,YGL144C,0,0.4558907,0.08850457519292831,0.08699999749660492,0.08959999680519104
YOL098C,YNL287W,0,0.45588264,0.08841463178396225,0.08699999749660492,0.08969999849796295
YJL167W,YOR136W,0,0.45584667,0.08832487463951111,0.08699999749660492,0.08980000019073486
YDR362C,YOR194C,1,0.45576763,0.08924949169158936,0.08799999952316284,0.08980000019073486
YKL141W,YNL081C,0,0.4555892,0.08915907144546509,0.08799999952316284,0.08990000188350677
YDR227W,YOR249C,0,0.45553413,0.08906882256269455,0.08799999952316284,0.09000000357627869
YPR143W,YMR262W,0,0.45528856,0.08897876739501953,0.08799999952316284,0.09009999781847
YGL244W,YPL082C,1,0.45492378,0.0898989886045456,0.08900000154972076,0.09009999781847
YKL062W,YDL093W,0,0.45454124,0.08980827778577805,0.08900000154972076,0.09019999951124191
YGL076C,YOL084W,0,0.4543441,0.08971773833036423,0.08900000154972076,0.09030000120401382
YOL069W,YDR545W,0,0.45427394,0.08962739259004593,0.08900000154972076,0.09040000289678574
YKL069W,YPL203W,0,0.4542577,0.08953722566366196,0.08900000154972076,0.09049999713897705
YOL132W,YPR097W,0,0.4542359,0.08944723755121231,0.08900000154972076,0.09059999883174896
YPL082C,YOL067C,1,0.45399347,0.09036144614219666,0.09000000357627869,0.09059999883174896
YNL056W,YJL013C,0,0.45379502,0.09027080982923508,0.09000000357627869,0.09070000052452087
YLR360W,YER093C,0,0.45335838,0.09018035978078842,0.09000000357627869,0.09080000221729279
YOR236W,YNL251C,0,0.45331985,0.09009008854627609,0.09000000357627869,0.0908999964594841
YER014W,YBL087C,0,0.45325708,0.09000000357627869,0.09000000357627869,0.09099999815225601
YHL028W,YKR088C,0,0.4531218,0.08991008996963501,0.09000000357627869,0.09109999984502792
YEL018W,YPR010C,0,0.4528076,0.08982036262750626,0.09000000357627869,0.09120000153779984
YPR131C,YBL031W,0,0.45280445,0.08973080664873123,0.09000000357627869,0.09130000323057175
YLR059C,YJR035W,0,0.45273396,0.08964143693447113,0.09000000357627869,0.09139999747276306
YPL215W,YBR085W,0,0.45267755,0.08955223858356476,0.09000000357627869,0.09149999916553497
YER063W,YOR271C,0,0.45267215,0.08946321904659271,0.09000000357627869,0.09160000085830688
YKL052C,YKL138C,0,0.45253897,0.08937437832355499,0.09000000357627869,0.0917000025510788
YDL003W,YBR114W,0,0.45240554,0.0892857164144516,0.09000000357627869,0.09179999679327011
YER028C,YGL192W,0,0.4523681,0.08919722586870193,0.09000000357627869,0.09189999848604202
YLR247C,YOR059C,0,0.4523491,0.0891089141368866,0.09000000357627869,0.09200000017881393
YDR361C,YAL056W,0,0.45230797,0.08902077376842499,0.09000000357627869,0.09210000187158585
YCL017C,YPL043W,0,0.4522455,0.08893280476331711,0.09000000357627869,0.09220000356435776
YOR319W,YIL018W,0,0.45211503,0.08884501457214355,0.09000000357627869,0.09229999780654907
YKL054C,YNL094W,0,0.4518272,0.08875739574432373,0.09000000357627869,0.09239999949932098
YDR276C,YKL040C,0,0.4516923,0.08866994827985764,0.09000000357627869,0.0925000011920929
YBR169C,YNL062C,0,0.45163956,0.08858267962932587,0.09000000357627869,0.09260000288486481
YER109C,YOR079C,0,0.45147756,0.08849557489156723,0.09000000357627869,0.09269999712705612
YDR091C,YHR014W,0,0.45131126,0.08840864151716232,0.09000000357627869,0.09279999881982803
YMR234W,YMR074C,0,0.45116723,0.08832188695669174,0.09000000357627869,0.09290000051259995
YNL288W,YPL233W,0,0.4510744,0.0882352963089943,0.09000000357627869,0.09300000220537186
YGR057C,YKL077W,0,0.4510224,0.08814887702465057,0.09000000357627869,0.09309999644756317
YDL108W,YPL129W,1,0.4510177,0.0890410989522934,0.09099999815225601,0.09309999644756317
YHL028W,YJL212C,0,0.4504476,0.08895405381917953,0.09099999815225601,0.09319999814033508
YML045W,YNL251C,0,0.45040503,0.0888671875,0.09099999815225601,0.093299999833107
YDR257C,YOR086C,0,0.45038268,0.0887804850935936,0.09099999815225601,0.0934000015258789
YMR227C,YDR448W,1,0.4500556,0.08966861665248871,0.09200000017881393,0.0934000015258789
YJL183W,YDR372C,0,0.44998673,0.08958130329847336,0.09200000017881393,0.09350000321865082
YLL006W,YDL145C,0,0.44972172,0.08949416130781174,0.09200000017881393,0.09359999746084213
YDR212W,YFR016C,0,0.4495416,0.08940719068050385,0.09200000017881393,0.09369999915361404
YMR158W,YLR200W,0,0.44953656,0.08932039141654968,0.09200000017881393,0.09380000084638596
YGR005C,YPR068C,0,0.44942626,0.08923375606536865,0.09200000017881393,0.09390000253915787
YDR057W,YLR323C,0,0.44926146,0.08914728462696075,0.09200000017881393,0.09399999678134918
YML055W,YHR080C,0,0.4490269,0.08906098455190659,0.09200000017881393,0.0940999984741211
YJL162C,YNL038W,0,0.44901672,0.08897485584020615,0.09200000017881393,0.094200000166893
YHR096C,YIL148W,0,0.44892624,0.08888889104127884,0.09200000017881393,0.09430000185966492
YJL162C,YGL096W,0,0.4484278,0.08880309015512466,0.09200000017881393,0.09440000355243683
YIL098C,YBR121C,0,0.4479262,0.08871745318174362,0.09200000017881393,0.09449999779462814
YFR047C,YMR015C,0,0.44770458,0.08863198757171631,0.09200000017881393,0.09459999948740005
YNL214W,YOR113W,0,0.44768497,0.08854667842388153,0.09200000017881393,0.09470000118017197
YCL010C,YBR081C,1,0.4475616,0.08942307531833649,0.09300000220537186,0.09470000118017197
YJL096W,YDR057W,0,0.44734916,0.08933717757463455,0.09300000220537186,0.09480000287294388
YML067C,YLL057C,0,0.44730693,0.08925143629312515,0.09300000220537186,0.09489999711513519
YKL185W,YNL081C,0,0.44727653,0.08916586637496948,0.09300000220537186,0.0949999988079071
YBR279W,YIR031C,0,0.4470894,0.08908046036958694,0.09300000220537186,0.09510000050067902
YOL069W,YMR177W,0,0.44702634,0.08899521827697754,0.09300000220537186,0.09520000219345093
YKL087C,YOL052C-A,0,0.4466189,0.08891013264656067,0.09300000220537186,0.09529999643564224
YPL138C,YOR253W,0,0.44647536,0.08882521837949753,0.09300000220537186,0.09539999812841415
YJL012C,YKR052C,0,0.44607803,0.08874046057462692,0.09300000220537186,0.09549999982118607
YKL058W,YPL075W,0,0.44604477,0.08865585923194885,0.09300000220537186,0.09560000151395798
YLR258W,YNL246W,0,0.44599822,0.08857142925262451,0.09300000220537186,0.09570000320672989
YBR198C,YKL058W,1,0.44598556,0.08943863213062286,0.09399999678134918,0.09570000320672989
YKR078W,YOR357C,0,0.4459818,0.08935361355543137,0.09399999678134918,0.0957999974489212
YNL023C,YOL059W,0,0.44596785,0.089268758893013,0.09399999678134918,0.09589999914169312
YBL035C,YDR135C,0,0.44574466,0.08918406069278717,0.09399999678134918,0.09600000083446503
YMR101C,YIL123W,0,0.4456157,0.08909952640533447,0.09399999678134918,0.09610000252723694
YDL235C,YMR205C,0,0.4454544,0.08901514858007431,0.09399999678134918,0.09619999676942825
YNL222W,YML098W,1,0.44522703,0.08987700939178467,0.0949999988079071,0.09619999676942825
YLR324W,YLR058C,0,0.44518986,0.08979205787181854,0.0949999988079071,0.09629999846220016
YGR004W,YKL138C,0,0.44513014,0.08970727026462555,0.0949999988079071,0.09640000015497208
YNL167C,YGR040W,0,0.4443369,0.08962263911962509,0.0949999988079071,0.09650000184774399
YLR399C,YNL314W,1,0.44432554,0.09048067778348923,0.09600000083446503,0.09650000184774399
YHR099W,YML114C,1,0.44408312,0.09133709967136383,0.09700000286102295,0.09650000184774399
YHR214W,YDR135C,0,0.44402012,0.0912511795759201,0.09700000286102295,0.0966000035405159
YDR441C,YKL039W,0,0.44393054,0.09116541594266891,0.09700000286102295,0.09669999778270721
YNL222W,YKR062W,1,0.4432535,0.09201877564191818,0.09799999743700027,0.09669999778270721
YBR181C,YNL055C,0,0.44324335,0.09193246066570282,0.09799999743700027,0.09679999947547913
YKL149C,YHR113W,0,0.44311902,0.0918462947010994,0.09799999743700027,0.09690000116825104
YIL118W,YCR021C,0,0.44308892,0.0917603000998497,0.09799999743700027,0.09700000286102295
YDL098C,YOL023W,0,0.44297996,0.09167446196079254,0.09799999743700027,0.09709999710321426
YOR273C,YGL116W,0,0.4427139,0.09158878773450851,0.09799999743700027,0.09719999879598618
YOL055C,YLR293C,0,0.44252726,0.09150326997041702,0.09799999743700027,0.09730000048875809
YEL006W,YHR194W,0,0.4425141,0.09141790866851807,0.09799999743700027,0.09740000218153
YOR045W,YER179W,0,0.4424743,0.09133271127939224,0.09799999743700027,0.09749999642372131
YGR004W,YHL015W,0,0.44239333,0.09124767035245895,0.09799999743700027,0.09759999811649323
YPL043W,YDR350C,0,0.44233456,0.0911627933382988,0.09799999743700027,0.09769999980926514
YDR009W,YHR158C,0,0.44222015,0.09107806533575058,0.09799999743700027,0.09780000150203705
YDR078C,YLR435W,0,0.44209668,0.0909935012459755,0.09799999743700027,0.09790000319480896
YGL166W,YOL067C,1,0.44201332,0.09183673560619354,0.0989999994635582,0.09790000319480896
YML107C,YJL001W,0,0.44198936,0.09175162017345428,0.0989999994635582,0.09799999743700027
YOR177C,YBR254C,0,0.44187903,0.09166666865348816,0.0989999994635582,0.09809999912977219
YJR132W,YGR120C,0,0.44181767,0.09158186614513397,0.0989999994635582,0.0982000008225441
YLL066C,YDR176W,0,0.44174695,0.09149722754955292,0.0989999994635582,0.09830000251531601
YPL100W,YOR357C,0,0.4415994,0.0914127454161644,0.0989999994635582,0.09839999675750732
YGR202C,YIL052C,0,0.441521,0.09132841229438782,0.0989999994635582,0.09849999845027924
YER031C,YNR033W,0,0.44117033,0.09124424308538437,0.0989999994635582,0.09860000014305115
YNL240C,YNL029C,0,0.44111004,0.09116022288799286,0.0989999994635582,0.09870000183582306
YLR005W,YKL144C,1,0.44096687,0.09199631959199905,0.10000000149011612,0.09870000183582306
YCR036W,YCL064C,0,0.44080156,0.09191176295280457,0.10000000149011612,0.09880000352859497
YLR360W,YPR068C,0,0.44076172,0.09182736277580261,0.10000000149011612,0.09889999777078629
YNL103W,YAL026C,0,0.4407182,0.0917431190609932,0.10000000149011612,0.0989999994635582
YBL091C,YDL139C,0,0.44064692,0.09165903180837631,0.10000000149011612,0.09910000115633011
YCL029C,YPR110C,0,0.44047818,0.09157509356737137,0.10000000149011612,0.09920000284910202
YLR361C,YGL198W,0,0.4402214,0.09149131178855896,0.10000000149011612,0.09929999709129333
YKL016C,YER014W,0,0.44016516,0.09140767902135849,0.10000000149011612,0.09939999878406525
YAL048C,YGR138C,0,0.44007382,0.09132420271635056,0.10000000149011612,0.09950000047683716
YJL026W,YML031W,0,0.44006664,0.09124087542295456,0.10000000149011612,0.09960000216960907
YCR086W,YPR188C,0,0.4398707,0.0911577045917511,0.10000000149011612,0.09969999641180038
YOR262W,YKL006W,0,0.43969977,0.09107468277215958,0.10000000149011612,0.0997999981045723
YHR035W,YDR135C,0,0.43962228,0.09099180996417999,0.10000000149011612,0.09989999979734421
YPL130W,YOR247W,0,0.43959114,0.09090909361839294,0.10000000149011612,0.10000000149011612
YIL120W,YER060W-A,0,0.4395884,0.09082651883363724,0.10000000149011612,0.10010000318288803
YPL105C,YDR105C,0,0.43956438,0.09074410051107407,0.10000000149011612,0.10019999742507935
YBR101C,YHR088W,0,0.43927106,0.09066183120012283,0.10000000149011612,0.10029999911785126
YPL137C,YDR292C,0,0.43889707,0.09057971090078354,0.10000000149011612,0.10040000081062317
YDR135C,YHR080C,0,0.4387898,0.09049773961305618,0.10000000149011612,0.10050000250339508
YML059C,YDR350C,0,0.4387631,0.09041590988636017,0.10000000149011612,0.1005999967455864
YNL059C,YKR031C,0,0.43865857,0.09033423662185669,0.10000000149011612,0.1006999984383583
YBR189W,YDR276C,0,0.4386317,0.09025270491838455,0.10000000149011612,0.10080000013113022
YER031C,YNL076W,0,0.43850476,0.09017132222652435,0.10000000149011612,0.10090000182390213
YDR422C,YDR528W,0,0.43834966,0.09009008854627609,0.10000000149011612,0.10100000351667404
YDL091C,YPL058C,0,0.4376978,0.09000900387763977,0.10000000149011612,0.10109999775886536
YOL126C,YPL189W,0,0.43757814,0.08992806077003479,0.10000000149011612,0.10119999945163727
YBR029C,YKR007W,0,0.43736115,0.08984725922346115,0.10000000149011612,0.10130000114440918
YER031C,YDR517W,0,0.43736115,0.08976660668849945,0.10000000149011612,0.10140000283718109
YKL069W,YML055W,0,0.4373509,0.08968609571456909,0.10000000149011612,0.1014999970793724
YDR148C,YDR308C,0,0.43722928,0.08960573375225067,0.10000000149011612,0.10159999877214432
YLL053C,YNL180C,0,0.4371925,0.08952551335096359,0.10000000149011612,0.10170000046491623
YNL023C,YPR131C,0,0.43703997,0.08944544196128845,0.10000000149011612,0.10180000215768814
YLR059C,YKL197C,0,0.43656838,0.08936550468206406,0.10000000149011612,0.10189999639987946
YDR190C,YLR068W,0,0.4363883,0.0892857164144516,0.10000000149011612,0.10199999809265137
YLR247C,YML096W,0,0.43638042,0.08920606970787048,0.10000000149011612,0.10209999978542328
YNL076W,YBR049C,0,0.4363357,0.08912655711174011,0.10000000149011612,0.10220000147819519
YLR083C,YKL197C,0,0.43633142,0.08904719352722168,0.10000000149011612,0.1023000031709671
YML023C,YJR050W,0,0.4362134,0.08896797150373459,0.10000000149011612,0.10239999741315842
YPR161C,YDL076C,0,0.43614537,0.08888889104127884,0.10000000149011612,0.10249999910593033
YOR334W,YNL118C,0,0.43608853,0.08880994468927383,0.10000000149011612,0.10260000079870224
YOL098C,YCL051W,0,0.4359129,0.08873114734888077,0.10000000149011612,0.10270000249147415
YBL100W-B,YOL029C,0,0.43587175,0.08865248411893845,0.10000000149011612,0.10279999673366547
YOR247W,YBR212W,0,0.4358497,0.08857396245002747,0.10000000149011612,0.10289999842643738
YEL006W,YIL033C,0,0.4357625,0.08849557489156723,0.10000000149011612,0.10300000011920929
YML004C,YPL135W,0,0.43559435,0.08841732889413834,0.10000000149011612,0.1031000018119812
YIL005W,YJL168C,0,0.43550074,0.08833922445774078,0.10000000149011612,0.10320000350475311
YJL057C,YDL102W,0,0.43518847,0.08826125413179398,0.10000000149011612,0.10329999774694443
YCR044C,YPL018W,0,0.4351603,0.08818341791629791,0.10000000149011612,0.10339999943971634
YDL108W,YLR005W,1,0.43504137,0.08898678421974182,0.10100000351667404,0.10339999943971634
YDR100W,YDR276C,0,0.43495777,0.08890844881534576,0.10100000351667404,0.10350000113248825
YJL096W,YLR093C,0,0.43462035,0.08883025497198105,0.10100000351667404,0.10360000282526016
YCR042C,YKR062W,1,0.43443745,0.08963093161582947,0.10199999809265137,0.10360000282526016
YML055W,YPL006W,0,0.43428013,0.08955223858356476,0.10199999809265137,0.10369999706745148
YJL186W,YML061C,0,0.43408027,0.08947368711233139,0.10199999809265137,0.10379999876022339
YDR515W,YGL058W,0,0.43401852,0.08939526975154877,0.10199999809265137,0.1039000004529953
YBL080C,YDR375C,0,0.4339511,0.08931698650121689,0.10199999809265137,0.10400000214576721
YIL068C,YIR026C,0,0.43394235,0.08923884481191635,0.10199999809265137,0.10409999638795853
YOL122C,YOR260W,0,0.43390667,0.08916083723306656,0.10199999809265137,0.10419999808073044
YMR041C,YHL011C,0,0.43389627,0.08908297121524811,0.10199999809265137,0.10429999977350235
YDL093W,YLR367W,0,0.43381956,0.0890052393078804,0.10199999809265137,0.10440000146627426
YOR081C,YLR220W,0,0.43378314,0.08892763406038284,0.10199999809265137,0.10450000315904617
YGL005C,YHR090C,0,0.43375686,0.08885017782449722,0.10199999809265137,0.10459999740123749
YLR399C,YER028C,1,0.4337162,0.08964316546916962,0.10300000011920929,0.10459999740123749
YPR067W,YGR094W,0,0.4335935,0.0895652174949646,0.10300000011920929,0.1046999990940094
YOR002W,YPL253C,0,0.43343464,0.08948740363121033,0.10300000011920929,0.10480000078678131
YHR096C,YNL294C,0,0.4333898,0.0894097238779068,0.10300000011920929,0.10490000247955322
YMR215W,YMR072W,0,0.43338433,0.08933217823505402,0.10300000011920929,0.10499999672174454
YNL328C,YIL156W,0,0.4333731,0.08925476670265198,0.10300000011920929,0.10509999841451645
YBR218C,YJR131W,0,0.43324634,0.08917748928070068,0.10300000011920929,0.10520000010728836
YBR131W,YMR091C,0,0.43271348,0.08910034596920013,0.10300000011920929,0.10530000180006027
YGL189C,YKR088C,0,0.4324564,0.08902333676815033,0.10300000011920929,0.10540000349283218
YNL199C,YPR007C,0,0.4319901,0.08894646167755127,0.10300000011920929,0.1054999977350235
YDR168W,YDL031W,0,0.43198705,0.08886971324682236,0.10300000011920929,0.10559999942779541
YKL006C-A,YEL044W,0,0.4318181,0.08879310637712479,0.10300000011920929,0.10570000112056732
YNL161W,YHR193C,0,0.43176898,0.08871662616729736,0.10300000011920929,0.10580000281333923
YCR042C,YDR167W,1,0.43175983,0.08950085937976837,0.10400000214576721,0.10580000281333923
YLR399C,YDR448W,1,0.43160585,0.09028375148773193,0.10499999672174454,0.10580000281333923
YLR102C,YDR545W,0,0.43141744,0.09020618349313736,0.10499999672174454,0.10589999705553055
YML100W,YML067C,0,0.43130127,0.09012875705957413,0.10499999672174454,0.10599999874830246
YML086C,YKR083C,0,0.43117133,0.09005145728588104,0.10499999672174454,0.10610000044107437
YDL072C,YLR118C,0,0.43094954,0.0899742916226387,0.10499999672174454,0.10620000213384628
YGR004W,YGR253C,0,0.43092415,0.0898972600698471,0.10499999672174454,0.1062999963760376
YLR007W,YKL032C,0,0.43083033,0.08982036262750626,0.10499999672174454,0.10639999806880951
YPL082C,YPR056W,1,0.43080848,0.09059829264879227,0.10599999874830246,0.10639999806880951
YIL007C,YKL005C,0,0.43080354,0.09052092581987381,0.10599999874830246,0.10649999976158142
YMR234W,YOR081C,0,0.430797,0.0904436856508255,0.10599999874830246,0.10660000145435333
YLR007W,YBR121C,0,0.43074766,0.09036657959222794,0.10599999874830246,0.10670000314712524
YIL052C,YJL026W,0,0.43066844,0.09028960764408112,0.10599999874830246,0.10679999738931656
YGR202C,YMR001C,0,0.4305372,0.09021276235580444,0.10599999874830246,0.10689999908208847
YGL246C,YPL193W,0,0.43051723,0.09013605117797852,0.10599999874830246,0.10700000077486038
YEL039C,YCR005C,0,0.4303548,0.09005947411060333,0.10599999874830246,0.1071000024676323
YBR123C,YEL009C,1,0.4303247,0.09083192050457001,0.10700000077486038,0.1071000024676323
YMR118C,YCL054W,0,0.43024302,0.09075487405061722,0.10700000077486038,0.10719999670982361
YER159C,YGL151W,0,0.43014213,0.09067796915769577,0.10700000077486038,0.10729999840259552
YBL056W,YGL144C,0,0.43003836,0.09060118347406387,0.10700000077486038,0.10740000009536743
YGL129C,YGL240W,0,0.43002653,0.09052453190088272,0.10700000077486038,0.10750000178813934
YNL045W,YOR193W,0,0.42995018,0.09044801443815231,0.10700000077486038,0.10760000348091125
YGR254W,YDL081C,0,0.42980328,0.09037162363529205,0.10700000077486038,0.10769999772310257
YML041C,YER149C,0,0.42961833,0.09029535949230194,0.10700000077486038,0.10779999941587448
YHR088W,YOL032W,0,0.42959026,0.09021922200918198,0.10700000077486038,0.10790000110864639
YML127W,YKL032C,0,0.42950967,0.09014321863651276,0.10700000077486038,0.1080000028014183
YBR279W,YNL076W,0,0.42948133,0.09006734192371368,0.10700000077486038,0.10809999704360962
YBL007C,YOR103C,0,0.42943007,0.08999159187078476,0.10700000077486038,0.10819999873638153
YOL144W,YOR172W,0,0.42942664,0.08991596847772598,0.10700000077486038,0.10830000042915344
YMR048W,YOR110W,0,0.42927602,0.08984047174453735,0.10700000077486038,0.10840000212192535
YLR432W,YKL155C,0,0.42911586,0.08976510167121887,0.10700000077486038,0.10849999636411667
YML004C,YGL107C,0,0.42907915,0.08968985825777054,0.10700000077486038,0.10859999805688858
YNL250W,YOR027W,0,0.4286486,0.08961474150419235,0.10700000077486038,0.10869999974966049
YNL059C,YPR120C,0,0.42864844,0.08953975141048431,0.10700000077486038,0.1088000014424324
YOR372C,YKR095W,0,0.4286442,0.08946488052606583,0.10700000077486038,0.10890000313520432
YIL143C,YGL207W,1,0.42864063,0.09022556245326996,0.1080000028014183,0.10890000313520432
YJR084W,YOL051W,0,0.42860025,0.09015025198459625,0.1080000028014183,0.10899999737739563
YLR361C,YMR009W,0,0.42837897,0.0900750607252121,0.1080000028014183,0.10909999907016754
YBR054W,YDR372C,0,0.42821118,0.09000000357627869,0.1080000028014183,0.10920000076293945
YML114C,YFL021W,1,0.4282005,0.09075770527124405,0.10899999737739563,0.10920000076293945
YMR041C,YMR313C,0,0.428194,0.09068219363689423,0.10899999737739563,0.10930000245571136
YLL066C,YOL059W,0,0.42795703,0.09060681611299515,0.10899999737739563,0.10939999669790268
YFL025C,YOR065W,0,0.42791012,0.09053155779838562,0.10899999737739563,0.10949999839067459
YKL132C,YKL002W,0,0.42761594,0.09045643359422684,0.10899999737739563,0.1096000000834465
YHR202W,YNR052C,0,0.42747596,0.0903814285993576,0.10899999737739563,0.10970000177621841
YNL288W,YKR049C,0,0.42726076,0.09030654281377792,0.10899999737739563,0.10980000346899033
YNL199C,YLR260W,0,0.42723545,0.09023179113864899,0.10899999737739563,0.10989999771118164
YGR005C,YLR200W,0,0.4270945,0.090157151222229,0.10899999737739563,0.10999999940395355
YGL092W,YOL032W,0,0.4269453,0.09008264541625977,0.10899999737739563,0.11010000109672546
YML098W,YGL167C,0,0.42694104,0.09000825881958008,0.10899999737739563,0.11020000278949738
YDR292C,YPL254W,0,0.42669556,0.08993399143218994,0.10899999737739563,0.11029999703168869
YDL108W,YOR110W,1,0.42669037,0.09068425744771957,0.10999999940395355,0.11029999703168869
YKR049C,YDL123W,0,0.42665103,0.09060955792665482,0.10999999940395355,0.1103999987244606
YJL162C,YML098W,0,0.42646274,0.09053497761487961,0.10999999940395355,0.11050000041723251
YNL286W,YOR247W,0,0.42633042,0.09046052396297455,0.10999999940395355,0.11060000211000443
YHR108W,YDR513W,0,0.42617399,0.09038619697093964,0.10999999940395355,0.11069999635219574
YIL143C,YML098W,1,0.4258421,0.0911330059170723,0.11100000143051147,0.11069999635219574
YPL004C,YPR134W,0,0.42579505,0.09105824679136276,0.11100000143051147,0.11079999804496765
YDR515W,YLL006W,0,0.4257609,0.09098360687494278,0.11100000143051147,0.11089999973773956
YOL078W,YPL021W,0,0.42573968,0.09090909361839294,0.11100000143051147,0.11100000143051147
YNL314W,YDR448W,1,0.42568544,0.09165302664041519,0.1120000034570694,0.11100000143051147
YOR273C,YKL196C,0,0.42549095,0.09157808870077133,0.1120000034570694,0.11110000312328339
YGL067W,YGR138C,0,0.42536247,0.09150326997041702,0.1120000034570694,0.1111999973654747
YNL222W,YFL021W,1,0.42516813,0.09224490076303482,0.11299999803304672,0.1111999973654747
YJR048W,YOR136W,0,0.42504567,0.09216965734958649,0.11299999803304672,0.11129999905824661
YDL124W,YER060W-A,0,0.4249738,0.0920945405960083,0.11299999803304672,0.11140000075101852
YER060W-A,YGL049C,0,0.42478642,0.09201954305171967,0.11299999803304672,0.11150000244379044
YGL167C,YPL224C,0,0.42470628,0.09194467216730118,0.11299999803304672,0.11159999668598175
YKL043W,YLR292C,0,0.4246685,0.09186992049217224,0.11299999803304672,0.11169999837875366
YLR442C,YLR360W,0,0.4245068,0.09179528802633286,0.11299999803304672,0.11180000007152557
YMR009W,YDR188W,0,0.4244151,0.09172078222036362,0.11299999803304672,0.11190000176429749
YJR150C,YHR190W,0,0.42432082,0.09164638817310333,0.11299999803304672,0.1120000034570694
YOR253W,YDL018C,0,0.42426673,0.0915721207857132,0.11299999803304672,0.11209999769926071
YIL036W,YAL051W,0,0.42422315,0.09149797260761261,0.11299999803304672,0.11219999939203262
YDR367W,YHR201C,0,0.4238285,0.09142395108938217,0.11299999803304672,0.11230000108480453
YHL003C,YIL087C,0,0.42377448,0.09135004132986069,0.11299999803304672,0.11240000277757645
YGR193C,YLR196W,0,0.42365423,0.09127625077962875,0.11299999803304672,0.11249999701976776
YDR386W,YBR049C,0,0.42364833,0.09120257943868637,0.11299999803304672,0.11259999871253967
YDR528W,YNL130C,0,0.4236399,0.09112903475761414,0.11299999803304672,0.11270000040531158
YPL007C,YML098W,1,0.4235926,0.09186140447854996,0.11400000005960464,0.11270000040531158
YLR189C,YBR089C-A,0,0.4235489,0.0917874425649643,0.11400000005960464,0.1128000020980835
YDR345C,YDR091C,0,0.4235426,0.09171359986066818,0.11400000005960464,0.11289999634027481
YDR482C,YHL026C,0,0.42349607,0.09163986891508102,0.11400000005960464,0.11299999803304672
YOR189W,YOR172W,0,0.42334762,0.09156626462936401,0.11400000005960464,0.11309999972581863
YFL056C,YKL048C,0,0.42325938,0.09149277955293655,0.11400000005960464,0.11320000141859055
YPL145C,YIL167W,0,0.4230858,0.09141940623521805,0.11400000005960464,0.11330000311136246
YMR274C,YIL030C,0,0.42307517,0.09134615212678909,0.11400000005960464,0.11339999735355377
YDR145W,YER045C,1,0.4229944,0.09207365661859512,0.11500000208616257,0.11339999735355377
YGL243W,YNL066W,0,0.4228947,0.09200000017881393,0.11500000208616257,0.11349999904632568
YKR075C,YBR015C,0,0.42279106,0.0919264554977417,0.11500000208616257,0.1136000007390976
YMR053C,YBR043C,0,0.42268613,0.09185303747653961,0.11500000208616257,0.1137000024318695
YDR437W,YPR155C,0,0.4226656,0.09177973121404648,0.11500000208616257,0.11379999667406082
YLR059C,YGL058W,0,0.4226311,0.0917065367102623,0.11500000208616257,0.11389999836683273
YBR119W,YLR411W,0,0.42215908,0.09163346886634827,0.11500000208616257,0.11400000005960464
YOR260W,YER071C,0,0.42207682,0.09156051278114319,0.11500000208616257,0.11410000175237656
YLR315W,YPL146C,0,0.4218886,0.09148766845464706,0.11500000208616257,0.11420000344514847
YKR100C,YKL005C,0,0.42179805,0.09141494333744049,0.11500000208616257,0.11429999768733978
YEL006W,YML055W,0,0.42176464,0.09134233742952347,0.11500000208616257,0.1143999993801117
YKL016C,YJL003W,0,0.42176178,0.0912698432803154,0.11500000208616257,0.1145000010728836
YOR119C,YNL023C,0,0.42153355,0.09119746088981628,0.11500000208616257,0.11460000276565552
YBR162C,YDL123W,0,0.42153025,0.09112519770860672,0.11500000208616257,0.11469999700784683
YGL058W,YLR263W,0,0.42152134,0.09105304628610611,0.11500000208616257,0.11479999870061874
YPR007C,YPL233W,0,0.4214094,0.09098101407289505,0.11500000208616257,0.11490000039339066
YDR438W,YGL111W,0,0.421272,0.09090909361839294,0.11500000208616257,0.11500000208616257
YKL033W,YER100W,0,0.42125276,0.09083728492259979,0.11500000208616257,0.11509999632835388
YGR138C,YIL011W,0,0.42112705,0.0907655879855156,0.11500000208616257,0.1151999980211258
YDR292C,YDR165W,0,0.4209656,0.09069400280714035,0.11500000208616257,0.1152999997138977
YHR154W,YGL151W,0,0.42092612,0.09062253683805466,0.11500000208616257,0.11540000140666962
YOR177C,YER167W,0,0.42063937,0.09055118262767792,0.11500000208616257,0.11550000309944153
YDR167W,YDR448W,1,0.42057553,0.09126672148704529,0.11599999666213989,0.11550000309944153
YNL142W,YIL137C,0,0.42052305,0.09119496494531631,0.11599999666213989,0.11559999734163284
YOL059W,YIL173W,0,0.42048436,0.09112332761287689,0.11599999666213989,0.11569999903440475
YOR011W,YNL240C,0,0.42048177,0.09105180203914642,0.11599999666213989,0.11580000072717667
YMR234W,YOR079C,0,0.42002028,0.0909803956747055,0.11599999666213989,0.11590000241994858
YOR136W,YDL123W,0,0.41996536,0.09090909361839294,0.11599999666213989,0.11599999666213989
YER179W,YPL178W,0,0.4199287,0.09083790332078934,0.11599999666213989,0.1160999983549118
YJR050W,YBR028C,0,0.41980872,0.09076682478189468,0.11599999666213989,0.11620000004768372
YMR227C,YPR008W,1,0.41950572,0.09147771447896957,0.11699999868869781,0.11620000004768372
YDR372C,YMR226C,0,0.41929418,0.09140624850988388,0.11699999868869781,0.11630000174045563
YMR048W,YOR249C,0,0.4190721,0.09133489429950714,0.11699999868869781,0.11640000343322754
YOR091W,YGL231C,0,0.4189473,0.09126365184783936,0.11699999868869781,0.11649999767541885
YGL104C,YER178W,0,0.41893902,0.09119252115488052,0.11699999868869781,0.11659999936819077
YPL239W,YDR301W,0,0.41848356,0.09112149477005005,0.11699999868869781,0.11670000106096268
YPL203W,YPL179W,0,0.41846532,0.09105058014392853,0.11699999868869781,0.11680000275373459
YLR085C,YKL132C,0,0.4183622,0.09097978472709656,0.11699999868869781,0.1168999969959259
YPR017C,YDR517W,0,0.41816637,0.09090909361839294,0.11699999868869781,0.11699999868869781
YGR099W,YBL025W,0,0.41810986,0.09083850681781769,0.11699999868869781,0.11710000038146973
YPR025C,YGL207W,1,0.41810414,0.09154383093118668,0.11800000071525574,0.11710000038146973
YDL230W,YDL119C,0,0.4181035,0.09147287160158157,0.11800000071525574,0.11720000207424164
YJL011C,YNL222W,1,0.4180681,0.09217660874128342,0.11900000274181366,0.11720000207424164
YOR177C,YDR386W,0,0.41805807,0.09210526198148727,0.11900000274181366,0.11729999631643295
YLR432W,YNL288W,0,0.41801825,0.09203402698040009,0.11900000274181366,0.11739999800920486
YLR390W-A,YBR248C,0,0.41789836,0.09196290373802185,0.11900000274181366,0.11749999970197678
YOL076W,YOL132W,0,0.41787902,0.09189189225435257,0.11900000274181366,0.11760000139474869
YGR099W,YPL225W,0,0.4178749,0.09182098507881165,0.11900000274181366,0.1177000030875206
YFR050C,YML055W,0,0.41777787,0.09175018966197968,0.11900000274181366,0.11779999732971191
YHR204W,YDL123W,0,0.41752908,0.09167950600385666,0.11900000274181366,0.11789999902248383
YBR119W,YOL078W,0,0.41752052,0.091608926653862,0.11900000274181366,0.11800000071525574
YOR192C,YGL045W,0,0.41744724,0.0915384590625763,0.11900000274181366,0.11810000240802765
YPL001W,YGR080W,0,0.41742703,0.09146810322999954,0.11900000274181366,0.11819999665021896
YDL135C,YFR050C,0,0.4173897,0.09139785170555115,0.11900000274181366,0.11829999834299088
YPL004C,YLR052W,0,0.41722724,0.09132770448923111,0.11900000274181366,0.11840000003576279
YMR195W,YGL045W,0,0.4170836,0.09125766903162003,0.11900000274181366,0.1185000017285347
YOR189W,YOR372C,0,0.41679868,0.0911877378821373,0.11900000274181366,0.11860000342130661
YAL068C,YHL021C,0,0.41676047,0.09111791849136353,0.11900000274181366,0.11869999766349792
YHR113W,YDR406W,0,0.41673407,0.09104820340871811,0.11900000274181366,0.11879999935626984
YOR262W,YPR034W,0,0.416732,0.09097859263420105,0.11900000274181366,0.11890000104904175
YKR088C,YML076C,0,0.41661173,0.09090909361839294,0.11900000274181366,0.11900000274181366
YJL078C,YKL150W,0,0.41640857,0.0908396914601326,0.11900000274181366,0.11909999698400497
YGL073W,YOR059C,0,0.416328,0.09077040106058121,0.11900000274181366,0.11919999867677689
YDR398W,YHR139C,0,0.41623223,0.09070122241973877,0.11900000274181366,0.1193000003695488
YBL051C,YMR207C,0,0.41605923,0.09063214063644409,0.11900000274181366,0.11940000206232071
YHR201C,YPR068C,0,0.41597986,0.09056316316127777,0.11900000274181366,0.11949999630451202
YGR245C,YNL161W,0,0.4158948,0.0904942974448204,0.11900000274181366,0.11959999799728394
YOR045W,YER033C,0,0.4157581,0.0904255285859108,0.11900000274181366,0.11969999969005585
YDR145W,YER148W,1,0.4157522,0.09111617505550385,0.11999999731779099,0.11969999969005585
YPR025C,YPL007C,1,0.41570967,0.09180576354265213,0.12099999934434891,0.11969999969005585
YDR365C,YDR087C,0,0.4156274,0.09173616021871567,0.12099999934434891,0.11980000138282776
YDR407C,YPR100W,0,0.41558436,0.09166666865348816,0.12099999934434891,0.11990000307559967
YJL173C,YKL002W,0,0.4155333,0.09159727394580841,0.12099999934434891,0.11999999731779099
YDR441C,YOL042W,0,0.41551563,0.09152799099683762,0.12099999934434891,0.1200999990105629
YOL121C,YNL142W,0,0.41548568,0.09145880490541458,0.12099999934434891,0.12020000070333481
YBR085W,YBR086C,0,0.41536367,0.0913897305727005,0.12099999934434891,0.12030000239610672
YPL004C,YGL092W,0,0.4151693,0.09132075309753418,0.12099999934434891,0.12039999663829803
YDR201W,YOL116W,0,0.4151386,0.09125188738107681,0.12099999934434891,0.12049999833106995
YDR407C,YGL195W,0,0.41501287,0.0911831185221672,0.12099999934434891,0.12060000002384186
YPR025C,YMR005W,1,0.41499153,0.09186746925115585,0.12200000137090683,0.12060000002384186
YLR399C,YGL207W,1,0.4148438,0.09255079180002213,0.12300000339746475,0.12060000002384186
YLR239C,YNL111C,0,0.4147246,0.09248120337724686,0.12300000339746475,0.12070000171661377
YKL016C,YOR259C,0,0.41467538,0.09241171926259995,0.12300000339746475,0.12080000340938568
YGR046W,YPR148C,0,0.41465318,0.09234233945608139,0.12300000339746475,0.120899997651577
YDR098C,YAL051W,0,0.4143941,0.09227307140827179,0.12300000339746475,0.12099999934434891
YPR131C,YOL095C,0,0.4139978,0.09220390021800995,0.12300000339746475,0.12110000103712082
YGR193C,YIL053W,0,0.4138427,0.09213483333587646,0.12300000339746475,0.12120000272989273
YPR148C,YOL059W,0,0.41382122,0.09206587076187134,0.12300000339746475,0.12129999697208405
YEL044W,YDL087C,0,0.41375527,0.09199700504541397,0.12300000339746475,0.12139999866485596
YLL006W,YDR261C,0,0.41367933,0.09192825108766556,0.12300000339746475,0.12150000035762787
YDR372C,YDL135C,0,0.41362917,0.0918595939874649,0.12300000339746475,0.12160000205039978
YGL087C,YIL153W,0,0.41351083,0.09179104119539261,0.12300000339746475,0.1216999962925911
YCR016W,YLR460C,0,0.41345468,0.09172259271144867,0.12300000339746475,0.121799997985363
YLR085C,YPL233W,0,0.413164,0.09165424853563309,0.12300000339746475,0.12189999967813492
YFR031C-A,YJL026W,0,0.41315803,0.09158600121736526,0.12300000339746475,0.12200000137090683
YDR460W,YNL314W,1,0.41295776,0.092261902987957,0.12399999797344208,0.12200000137090683
YDR463W,YHR201C,0,0.41277984,0.09219330549240112,0.12399999797344208,0.12210000306367874
YJR120W,YIL037C,0,0.41254225,0.0921248123049736,0.12399999797344208,0.12219999730587006
YIL154C,YGL115W,0,0.41247103,0.09205642342567444,0.12399999797344208,0.12229999899864197
YHR190W,YIL062C,0,0.41243863,0.09198813140392303,0.12399999797344208,0.12240000069141388
YJL013C,YJR027W,0,0.41223252,0.09191994369029999,0.12399999797344208,0.12250000238418579
YGR205W,YML081W,0,0.41218498,0.0918518528342247,0.12399999797344208,0.1225999966263771
YER056C,YMR133W,0,0.41208765,0.09178386628627777,0.12399999797344208,0.12269999831914902
YPL082C,YDR362C,1,0.4120585,0.09245561808347702,0.125,0.12269999831914902
YCR091W,YOR113W,0,0.41199085,0.09238728880882263,0.125,0.12280000001192093
YPR037C,YNL156C,0,0.4118819,0.092319056391716,0.125,0.12290000170469284
YOR191W,YOL055C,0,0.41174236,0.09225092083215714,0.125,0.12300000339746475
YMR274C,YOL095C,0,0.41150656,0.09218288958072662,0.125,0.12309999763965607
YGL139W,YPL010W,0,0.41140255,0.09211496263742447,0.125,0.12319999933242798
YMR205C,YCL048W,0,0.4111564,0.09204712510108948,0.125,0.12330000102519989
YIL106W,YHR001W-A,0,0.41111743,0.09197939932346344,0.125,0.1234000027179718
YKL052C,YJR118C,0,0.41108894,0.09191176295280457,0.125,0.12349999696016312
YPL082C,YPR086W,1,0.41103894,0.09257898479700089,0.12600000202655792,0.12349999696016312
YDR145W,YBR028C,0,0.41102892,0.09251101315021515,0.12600000202655792,0.12359999865293503
YGR005C,YGL112C,1,0.41090265,0.09317681938409805,0.12700000405311584,0.12359999865293503
YGR235C,YLR293C,0,0.41077122,0.09310850501060486,0.12700000405311584,0.12370000034570694
YNR038W,YDL134C,0,0.41065672,0.09304029494524002,0.12700000405311584,0.12380000203847885
YJL127C,YMR322C,0,0.41059366,0.09297218173742294,0.12700000405311584,0.12389999628067017
YLR442C,YJR027W,0,0.41035983,0.09290417283773422,0.12700000405311584,0.12399999797344208
YJL011C,YER045C,1,0.41012466,0.09356725215911865,0.12800000607967377,0.12399999797344208
YBL072C,YBR162C,0,0.4100796,0.09349890798330307,0.12800000607967377,0.12409999966621399
YIL038C,YJL001W,0,0.4100329,0.09343065321445465,0.12800000607967377,0.1242000013589859
YJR109C,YCR021C,0,0.4099333,0.09336251020431519,0.12800000607967377,0.12430000305175781
YPR186C,YPR008W,1,0.40990433,0.09402332454919815,0.1289999932050705,0.12430000305175781
YPR056W,YML098W,1,0.40980878,0.09468317776918411,0.12999999523162842,0.12430000305175781
YNL222W,YKL028W,1,0.40976313,0.09534206986427307,0.13099999725818634,0.12430000305175781
YFR050C,YML076C,0,0.40973064,0.0952727273106575,0.13099999725818634,0.12439999729394913
YLR363C,YPL235W,0,0.40956843,0.09520348906517029,0.13099999725818634,0.12449999898672104
YMR153W,YKR083C,0,0.40955627,0.09513434767723083,0.13099999725818634,0.12460000067949295
YOR250C,YOL009C,0,0.40949523,0.09506531059741974,0.13099999725818634,0.12470000237226486
YER179W,YDL031W,0,0.40943733,0.094996377825737,0.13099999725818634,0.12479999661445618
YMR005W,YER028C,1,0.40925926,0.09565217047929764,0.13199999928474426,0.12479999661445618
YCR091W,YBR193C,0,0.40902463,0.09558290988206863,0.13199999928474426,0.12489999830722809
YER177W,YMR110C,0,0.4087634,0.09551374614238739,0.13199999928474426,0.125
YOR109W,YIL062C,0,0.40870413,0.0954446867108345,0.13199999928474426,0.1251000016927719
YPR095C,YLR417W,0,0.4086103,0.09537572413682938,0.13199999928474426,0.12520000338554382
YFL011W,YNL317W,0,0.40856913,0.09530685842037201,0.13199999928474426,0.12530000507831573
YER007C-A,YGL018C,0,0.4085499,0.095238097012043,0.13199999928474426,0.12540000677108765
YGR178C,YDL134C,0,0.40849394,0.09516943246126175,0.13199999928474426,0.12549999356269836
YDL046W,YJL069C,0,0.40839788,0.09510086476802826,0.13199999928474426,0.12559999525547028
YLR185W,YGR178C,0,0.40820694,0.09503239393234253,0.13199999928474426,0.1256999969482422
YAL026C,YMR177W,0,0.4080747,0.09496402740478516,0.13199999928474426,0.1257999986410141
YMR153W,YHR080C,0,0.4079076,0.09489575773477554,0.13199999928474426,0.125900000333786
YPR154W,YER072W,0,0.40785664,0.09482758492231369,0.13199999928474426,0.12600000202655792
YKL087C,YGR044C,0,0.40780494,0.0947595089673996,0.13199999928474426,0.12610000371932983
YGL142C,YGL087C,0,0.40779334,0.09469153732061386,0.13199999928474426,0.12620000541210175
YNL164C,YDR284C,0,0.40779194,0.09462365508079529,0.13199999928474426,0.12630000710487366
YDR460W,YML098W,1,0.4076406,0.09527220577001572,0.13300000131130219,0.12630000710487366
YLR011W,YHL011C,0,0.40754062,0.09520401060581207,0.13300000131130219,0.12639999389648438
YPR067W,YML016C,0,0.40739575,0.09513590484857559,0.13300000131130219,0.1264999955892563
YPL122C,YER148W,1,0.40734357,0.09578270465135574,0.1340000033378601,0.1264999955892563
YBR038W,YGL171W,0,0.4073166,0.09571428596973419,0.1340000033378601,0.1265999972820282
YGL061C,YCR038C,0,0.4073125,0.0956459641456604,0.1340000033378601,0.1266999989748001
YLR442C,YOL132W,0,0.40683648,0.09557774662971497,0.1340000033378601,0.12680000066757202
YDR372C,YJL196C,0,0.40642196,0.0955096185207367,0.1340000033378601,0.12690000236034393
YOR065W,YER060W-A,0,0.4061592,0.09544159471988678,0.1340000033378601,0.12700000405311584
YKL026C,YNR024W,0,0.40608218,0.09537366777658463,0.1340000033378601,0.12710000574588776
YML092C,YGL061C,0,0.40607756,0.09530583024024963,0.1340000033378601,0.12720000743865967
YNL328C,YLR056W,0,0.40586302,0.095238097012043,0.1340000033378601,0.12729999423027039
YLR277C,YDR200C,0,0.40581986,0.09517045319080353,0.1340000033378601,0.1273999959230423
YGL167C,YBR169C,0,0.40578404,0.09510290622711182,0.1340000033378601,0.1274999976158142
YOR363C,YBL063W,0,0.40559036,0.09503546357154846,0.1340000033378601,0.12759999930858612
YOL055C,YFR030W,0,0.4053727,0.09496811032295227,0.1340000033378601,0.12770000100135803
YHR201C,YJL003W,0,0.40527984,0.09490084648132324,0.1340000033378601,0.12780000269412994
YOR267C,YMR149W,0,0.40505743,0.09483368694782257,0.1340000033378601,0.12790000438690186
YGL018C,YDL076C,0,0.4049423,0.09476661682128906,0.1340000033378601,0.12800000607967377
YER056C,YKL051W,0,0.40488026,0.09469964355230331,0.1340000033378601,0.12809999287128448
YBR005W,YFR030W,0,0.40482622,0.09463276714086533,0.1340000033378601,0.1281999945640564
YCL068C,YDR243C,0,0.40472385,0.0945659875869751,0.1340000033378601,0.1282999962568283
YJL162C,YMR183C,0,0.40471113,0.09449929744005203,0.1340000033378601,0.12839999794960022
YHR210C,YER060W-A,0,0.404606,0.09443269670009613,0.1340000033378601,0.12849999964237213
YKR007W,YKL077W,0,0.40452668,0.09436620026826859,0.1340000033378601,0.12860000133514404
YKL058W,YKL144C,1,0.40445313,0.09500351548194885,0.13500000536441803,0.12860000133514404
YGL167C,YGL005C,0,0.40443224,0.09493670612573624,0.13500000536441803,0.12870000302791595
YLR377C,YDR395W,0,0.40437147,0.09486999362707138,0.13500000536441803,0.12880000472068787
YMR015C,YGR003W,0,0.40434375,0.09480337053537369,0.13500000536441803,0.12890000641345978
YOL067C,YML015C,1,0.4042844,0.09543859958648682,0.13600000739097595,0.12890000641345978
YPR186C,YBR081C,1,0.40410244,0.09607293456792831,0.13699999451637268,0.12890000641345978
YDR256C,YDR127W,0,0.40407708,0.09600560367107391,0.13699999451637268,0.1289999932050705
YER142C,YDR175C,0,0.40407333,0.09593837708234787,0.13699999451637268,0.1290999948978424
YOR247W,YPR086W,0,0.40405145,0.09587123990058899,0.13699999451637268,0.12919999659061432
YJL096W,YNL081C,0,0.4040452,0.09580419212579727,0.13699999451637268,0.12929999828338623
YIL154C,YKL087C,0,0.40400058,0.09573724865913391,0.13699999451637268,0.12939999997615814
YIL137C,YOR272W,0,0.4037741,0.09567039459943771,0.13699999451637268,0.12950000166893005
YOL089C,YGL207W,1,0.40376607,0.09630146622657776,0.1379999965429306,0.12950000166893005
YKL063C,YIL123W,0,0.40359822,0.09623430669307709,0.1379999965429306,0.12960000336170197
YHR154W,YOR372C,0,0.40331233,0.09616724401712418,0.1379999965429306,0.12970000505447388
YDR212W,YDL102W,0,0.40314716,0.09610027819871902,0.1379999965429306,0.1298000067472458
YOR136W,YMR001C,0,0.40299818,0.09603340178728104,0.1379999965429306,0.1298999935388565
YPL011C,YPL177C,1,0.40294987,0.09666202962398529,0.13899999856948853,0.1298999935388565
YDR386W,YLR092W,0,0.4029167,0.09659485518932343,0.13899999856948853,0.12999999523162842
YCL044C,YDR261C,0,0.40283045,0.09652777761220932,0.13899999856948853,0.13009999692440033
YHR118C,YNL029C,0,0.4027089,0.09646078944206238,0.13899999856948853,0.13019999861717224
YKL014C,YMR118C,0,0.40266237,0.0963938981294632,0.13899999856948853,0.13030000030994415
YBR211C,YGR129W,0,0.4026052,0.09632709622383118,0.13899999856948853,0.13040000200271606
YOR048C,YOR086C,0,0.4025655,0.09626039117574692,0.13899999856948853,0.13050000369548798
YLR409C,YJL216C,0,0.40244386,0.09619376808404922,0.13899999856948853,0.1306000053882599
YNL103W,YJR120W,0,0.402184,0.09612724930047989,0.13899999856948853,0.1307000070810318
YDR309C,YEL027W,0,0.40215677,0.09606081247329712,0.13899999856948853,0.13079999387264252
YCR042C,YER028C,1,0.40212753,0.09668508172035217,0.14000000059604645,0.13079999387264252
YKL110C,YMR059W,0,0.40204188,0.09661835432052612,0.14000000059604645,0.13089999556541443
YNL137C,YGL126W,0,0.40204015,0.09655172377824783,0.14000000059604645,0.13099999725818634
YEL019C,YPL221W,0,0.40197185,0.0964851826429367,0.14000000059604645,0.13109999895095825
YKL016C,YLR293C,0,0.40181437,0.09641873091459274,0.14000000059604645,0.13120000064373016
YJL011C,YKL058W,1,0.40171066,0.09704060852527618,0.14100000262260437,0.13120000064373016
YMR322C,YDR168W,0,0.40158165,0.09697386622428894,0.14100000262260437,0.13130000233650208
YDL189W,YNL066W,0,0.40103945,0.09690721333026886,0.14100000262260437,0.131400004029274
YDR100W,YNL246W,0,0.4009783,0.09684065729379654,0.14100000262260437,0.1315000057220459
YOR087W,YMR055C,0,0.40092054,0.09677419066429138,0.14100000262260437,0.1316000074148178
YDR145W,YKL144C,1,0.4007255,0.0973936915397644,0.1420000046491623,0.1316000074148178
YJL011C,YPL011C,1,0.4004574,0.09801233559846878,0.14300000667572021,0.1316000074148178
YPL082C,YNL314W,1,0.4003144,0.0986301377415657,0.14399999380111694,0.1316000074148178
YBR169C,YKL079W,0,0.4002913,0.09856262803077698,0.14399999380111694,0.13169999420642853
YJL058C,YDL031W,0,0.4001986,0.09849521517753601,0.14399999380111694,0.13179999589920044
YGR007W,YEL006W,0,0.40019622,0.09842788428068161,0.14399999380111694,0.13189999759197235
YDR448W,YML098W,1,0.40012467,0.09904371947050095,0.14499999582767487,0.13189999759197235
YBR198C,YCL010C,1,0.40012464,0.09965870529413223,0.1459999978542328,0.13189999759197235
YLR382C,YBR003W,0,0.40011123,0.0995907261967659,0.1459999978542328,0.13199999928474426
YEL019C,YCR105W,0,0.40009382,0.09952283650636673,0.1459999978542328,0.13210000097751617
YMR072W,YDR244W,0,0.39999023,0.09945504367351532,0.1459999978542328,0.13220000267028809
YGR254W,YKL129C,0,0.3999391,0.09938734024763107,0.1459999978542328,0.13230000436306
YCR036W,YPR068C,0,0.39979216,0.09931972622871399,0.1459999978542328,0.1324000060558319
YMR227C,YCL010C,1,0.39951345,0.09993202239274979,0.1469999998807907,0.1324000060558319
YHR165C,YCR105W,0,0.39948162,0.09986413270235062,0.1469999998807907,0.13249999284744263
YBL087C,YML004C,0,0.3994316,0.09979633241891861,0.1469999998807907,0.13259999454021454
YHR088W,YOR258W,0,0.3992444,0.09972862899303436,0.1469999998807907,0.13269999623298645
YDR150W,YBR188C,0,0.39920262,0.09966101497411728,0.1469999998807907,0.13279999792575836
YLL026W,YLR411W,0,0.39911404,0.09959349781274796,0.1469999998807907,0.13289999961853027
YOR011W,YGR296W,0,0.39894083,0.0995260700583458,0.1469999998807907,0.13300000131130219
YPL225W,YLR093C,0,0.39885458,0.0994587317109108,0.1469999998807907,0.1331000030040741
YOR194C,YGL112C,1,0.39857885,0.1000676155090332,0.14800000190734863,0.1331000030040741
YJR118C,YBR272C,0,0.39832237,0.10000000149011612,0.14800000190734863,0.133200004696846
YDL072C,YER142C,0,0.3981578,0.0999324768781662,0.14800000190734863,0.13330000638961792
YDR178W,YCL048W,0,0.39801285,0.09986504912376404,0.14800000190734863,0.13339999318122864
YLR377C,YOL059W,0,0.3979459,0.09979771077632904,0.14800000190734863,0.13349999487400055
YFR050C,YJR096W,0,0.39788738,0.0997304618358612,0.14800000190734863,0.13359999656677246
YJL173C,YPL117C,0,0.3978567,0.09966330230236053,0.14800000190734863,0.13369999825954437
YDR213W,YGR296W,0,0.3977159,0.09959623217582703,0.14800000190734863,0.13379999995231628
YER023W,YMR125W,0,0.39756224,0.09952925145626068,0.14800000190734863,0.1339000016450882
YML023C,YDR150W,0,0.3974959,0.0994623675942421,0.14800000190734863,0.1340000033378601
YLR044C,YPR133C,0,0.39747387,0.09939556568861008,0.14800000190734863,0.13410000503063202
YPL115C,YMR322C,0,0.39747342,0.09932886064052582,0.14800000190734863,0.13420000672340393
YOR156C,YHR005C,0,0.39728498,0.09926223754882812,0.14800000190734863,0.13429999351501465
YDR500C,YIL144W,0,0.397266,0.09919571131467819,0.14800000190734863,0.13439999520778656
YOR136W,YPL145C,0,0.3972654,0.09912926703691483,0.14800000190734863,0.13449999690055847
YDR002W,YGL139W,0,0.3971556,0.09906291961669922,0.14800000190734863,0.13459999859333038
YAR033W,YMR072W,0,0.3971314,0.09899665415287018,0.14800000190734863,0.1347000002861023
YOR081C,YPL036W,0,0.3971246,0.0989304780960083,0.14800000190734863,0.1348000019788742
YOL042W,YCL016C,0,0.39710602,0.09886439889669418,0.14800000190734863,0.13490000367164612
YGR161C,YDR406W,0,0.39692622,0.09879839420318604,0.14800000190734863,0.13500000536441803
YMR274C,YHR154W,0,0.39686802,0.09873248636722565,0.14800000190734863,0.13510000705718994
YDR375C,YIL008W,0,0.39677134,0.09866666793823242,0.14800000190734863,0.13519999384880066
YFL011W,YJL216C,0,0.39673737,0.09860093146562576,0.14800000190734863,0.13529999554157257
YGL189C,YOR177C,0,0.39658055,0.09853528439998627,0.14800000190734863,0.13539999723434448
YGR217W,YML081W,0,0.39650366,0.09846972674131393,0.14800000190734863,0.1354999989271164
YMR225C,YGL192W,0,0.39636627,0.09840425848960876,0.14800000190734863,0.1356000006198883
YKL141W,YDR007W,0,0.3963619,0.09833887219429016,0.14800000190734863,0.13570000231266022
YDL100C,YIL154C,0,0.3962526,0.09827357530593872,0.14800000190734863,0.13580000400543213
YDR148C,YOR260W,0,0.39607945,0.09820836037397385,0.14800000190734863,0.13590000569820404
YER028C,YGL064C,0,0.39602888,0.09814323484897614,0.14800000190734863,0.13600000739097595
YML045W,YGL049C,0,0.39601463,0.09807819873094559,0.14800000190734863,0.13609999418258667
YIL037C,YCL067C,0,0.39594284,0.0980132445693016,0.14800000190734863,0.13619999587535858
YHR190W,YER129W,0,0.395658,0.09794837981462479,0.14800000190734863,0.1362999975681305
YDL108W,YPR008W,1,0.39557722,0.09854497015476227,0.14900000393390656,0.1362999975681305
YEL001C,YDR384C,0,0.3954549,0.09847984462976456,0.14900000393390656,0.1363999992609024
YOL122C,YDL102W,0,0.39533457,0.09841479361057281,0.14900000393390656,0.13650000095367432
YGL126W,YNR055C,0,0.39532784,0.09834983199834824,0.14900000393390656,0.13660000264644623
YOL032W,YDR028C,0,0.39532056,0.09828495979309082,0.14900000393390656,0.13670000433921814
YMR183C,YMR177W,0,0.39527655,0.09822016954421997,0.14900000393390656,0.13680000603199005
YFR027W,YPL198W,0,0.39523348,0.09815546870231628,0.14900000393390656,0.13689999282360077
YLR363C,YAL026C,0,0.39518568,0.09809084981679916,0.14900000393390656,0.13699999451637268
YPL141C,YKL014C,0,0.39503813,0.09802631288766861,0.14900000393390656,0.1370999962091446
YER028C,YDR078C,0,0.395008,0.09796186536550522,0.14900000393390656,0.1371999979019165
YPL007C,YGR274C,1,0.3949983,0.09855453670024872,0.15000000596046448,0.1371999979019165
YLR039C,YNL020C,0,0.39480534,0.09848982095718384,0.15000000596046448,0.13729999959468842
YPL007C,YGL244W,1,0.39477903,0.0990813672542572,0.1509999930858612,0.13729999959468842
YDR190C,YDR168W,0,0.394771,0.09901639074087143,0.1509999930858612,0.13740000128746033
YMR322C,YMR226C,0,0.39458877,0.09895150363445282,0.1509999930858612,0.13750000298023224
YNL314W,YPR056W,1,0.39457044,0.09954158216714859,0.15199999511241913,0.13750000298023224
YKR095W,YJL168C,0,0.39455795,0.09947644174098969,0.15199999511241913,0.13760000467300415
YNL233W,YMR215W,0,0.39434028,0.09941138327121735,0.15199999511241913,0.13770000636577606
YPL169C,YLR337C,0,0.3940592,0.09934640675783157,0.15199999511241913,0.13779999315738678
YDR469W,YPR046W,0,0.39405912,0.09928151220083237,0.15199999511241913,0.1378999948501587
YMR215W,YPR133C,0,0.3939923,0.09921670705080032,0.15199999511241913,0.1379999965429306
YML016C,YKR034W,0,0.393753,0.09915199130773544,0.15199999511241913,0.13809999823570251
YGR224W,YNR033W,0,0.39374542,0.09908735007047653,0.15199999511241913,0.13819999992847443
YIL013C,YLR413W,0,0.39356655,0.09902279824018478,0.15199999511241913,0.13830000162124634
YBR248C,YMR156C,0,0.39348325,0.0989583358168602,0.15199999511241913,0.13840000331401825
YBR054W,YLL057C,0,0.3928316,0.09889394789934158,0.15199999511241913,0.13850000500679016
YHR033W,YLR432W,0,0.39279327,0.09882964938879013,0.15199999511241913,0.13860000669956207
YDR145W,YCL010C,1,0.39271128,0.09941520541906357,0.15299999713897705,0.13860000669956207
YGR244C,YML055W,0,0.39265284,0.09935064613819122,0.15299999713897705,0.1386999934911728
YDR148C,YHL011C,0,0.39264154,0.09928617626428604,0.15299999713897705,0.1387999951839447
YJR153W,YMR125W,0,0.3925139,0.09922178834676743,0.15299999713897705,0.1388999968767166
YIL036W,YKL144C,1,0.39247617,0.0998055711388588,0.15399999916553497,0.1388999968767166
YMR041C,YOR009W,0,0.39243686,0.09974092990159988,0.15399999916553497,0.13899999856948853
YCR024C,YKL138C,0,0.39200807,0.09967637807130814,0.15399999916553497,0.13910000026226044
YGR246C,YER148W,1,0.39191827,0.1002587303519249,0.1550000011920929,0.13910000026226044
YGL063W,YAL007C,0,0.39189714,0.10019392520189285,0.1550000011920929,0.13920000195503235
YOL061W,YLL057C,0,0.39170805,0.10012920200824738,0.1550000011920929,0.13930000364780426
YGR030C,YCL001W,0,0.39148214,0.10006456077098846,0.1550000011920929,0.13940000534057617
YER005W,YBR188C,0,0.39145014,0.10000000149011612,0.1550000011920929,0.13950000703334808
YGR097W,YMR118C,0,0.39129236,0.09993552416563034,0.1550000011920929,0.1395999938249588
YGR082W,YKL026C,0,0.39109632,0.09987113624811172,0.1550000011920929,0.1396999955177307
YOR018W,YKL006W,0,0.39109072,0.09980682283639908,0.1550000011920929,0.13979999721050262
YNR030W,YLR323C,0,0.39107898,0.0997425988316536,0.1550000011920929,0.13989999890327454
YER031C,YLR258W,0,0.39091465,0.09967845678329468,0.1550000011920929,0.14000000059604645
YOR207C,YKL040C,0,0.39091265,0.09961439669132233,0.1550000011920929,0.14010000228881836
YDR175C,YGL085W,0,0.3908902,0.09955041855573654,0.1550000011920929,0.14020000398159027
YML041C,YPL126W,0,0.39077708,0.09948652237653732,0.1550000011920929,0.14030000567436218
YDL018C,YLR260W,0,0.3906285,0.09942270815372467,0.1550000011920929,0.1404000073671341
YGL243W,YDL018C,0,0.39052075,0.09935897588729858,0.1550000011920929,0.1404999941587448
YDR372C,YHR005C,0,0.3904867,0.09929532557725906,0.1550000011920929,0.14059999585151672
YMR313C,YNR055C,0,0.3903231,0.09923175722360611,0.1550000011920929,0.14069999754428864
YGR274C,YER045C,1,0.39025214,0.09980805963277817,0.15600000321865082,0.14069999754428864
YAR009C,YDR439W,0,0.39016643,0.09974424540996552,0.15600000321865082,0.14079999923706055
YAR009C,YHR014W,0,0.39008605,0.09968051314353943,0.15600000321865082,0.14090000092983246
YDR463W,YJL208C,0,0.39003444,0.09961685538291931,0.15600000321865082,0.14100000262260437
YGR030C,YKL040C,0,0.38983202,0.09955328702926636,0.15600000321865082,0.14110000431537628
YGL092W,YOR132W,0,0.38982454,0.09948979318141937,0.15600000321865082,0.1412000060081482
YMR243C,YPL207W,0,0.38980988,0.09942638874053955,0.15600000321865082,0.1412999927997589
YDR469W,YKR052C,0,0.3897508,0.0993630588054657,0.15600000321865082,0.14139999449253082
YIL143C,YIL036W,1,0.3897154,0.099936343729496,0.15700000524520874,0.14139999449253082
YIL038C,YPL076W,0,0.38960588,0.09987277537584305,0.15700000524520874,0.14149999618530273
YER031C,YML004C,0,0.38915452,0.09980928152799606,0.15700000524520874,0.14159999787807465
YMR318C,YHR150W,0,0.3890756,0.09974586963653564,0.15700000524520874,0.14169999957084656
YDR287W,YHL015W,0,0.38903108,0.09968253970146179,0.15700000524520874,0.14180000126361847
YGR080W,YPL130W,0,0.38899383,0.0996192917227745,0.15700000524520874,0.14190000295639038
YKL185W,YOL135C,0,0.388993,0.09955611824989319,0.15700000524520874,0.1420000046491623
YGR244C,YBR181C,0,0.38863316,0.09949302673339844,0.15700000524520874,0.1421000063419342
YGL166W,YOR110W,1,0.3885715,0.10006333142518997,0.15800000727176666,0.1421000063419342
YJR131W,YOR110W,0,0.38838884,0.10000000149011612,0.15800000727176666,0.14219999313354492
YPR134W,YOR259C,0,0.38835815,0.09993674606084824,0.15800000727176666,0.14229999482631683
YNL190W,YLR460C,0,0.38823402,0.09987358003854752,0.15800000727176666,0.14239999651908875
YOL122C,YOL121C,0,0.38818166,0.09981048852205276,0.15800000727176666,0.14249999821186066
YBR078W,YJR096W,0,0.38810846,0.09974747151136398,0.15800000727176666,0.14259999990463257
YJL162C,YLR345W,0,0.38807547,0.09968454390764236,0.15800000727176666,0.14270000159740448
YOR087W,YGR212W,0,0.38796481,0.09962169080972672,0.15800000727176666,0.1428000032901764
YJR042W,YPR007C,0,0.3878933,0.09955891966819763,0.15800000727176666,0.1429000049829483
YIL037C,YFR038W,0,0.3878682,0.09949622303247452,0.15800000727176666,0.14300000667572021
YPL138C,YGL171W,0,0.38786227,0.09943360835313797,0.15800000727176666,0.14309999346733093
YMR236W,YFL021W,1,0.38777485,0.10000000149011612,0.1589999943971634,0.14309999346733093
YDR323C,YCR016W,0,0.38776875,0.09993714839220047,0.1589999943971634,0.14319999516010284
YIL156W,YEL027W,0,0.38775077,0.09987436980009079,0.1589999943971634,0.14329999685287476
YPL280W,YLR196W,0,0.38734052,0.09981167316436768,0.1589999943971634,0.14339999854564667
YBR065C,YMR275C,0,0.38709864,0.09974905848503113,0.1589999943971634,0.14350000023841858
YPL082C,YNL222W,1,0.38707063,0.10031347721815109,0.1599999964237213,0.14350000023841858
YGR254W,YOL051W,0,0.3870694,0.10025062412023544,0.1599999964237213,0.1436000019311905
YOL009C,YKL002W,0,0.3870146,0.10018785297870636,0.1599999964237213,0.1437000036239624
YHR014W,YJR054W,0,0.38689306,0.10012515634298325,0.1599999964237213,0.14380000531673431
YIL013C,YOR192C,0,0.3868558,0.1000625416636467,0.1599999964237213,0.14390000700950623
YOL055C,YPL179W,0,0.38674363,0.10000000149011612,0.1599999964237213,0.14399999380111694
YOR267C,YNR037C,0,0.38654214,0.09993753582239151,0.1599999964237213,0.14409999549388885
YNL041C,YGR208W,0,0.38647488,0.09987515956163406,0.1599999964237213,0.14419999718666077
YDL240W,YPL116W,0,0.38630122,0.09981285035610199,0.1599999964237213,0.14429999887943268
YOR011W,YGL194C,0,0.38627973,0.09975062310695648,0.1599999964237213,0.1444000005722046
YDR367W,YLR143W,0,0.3862555,0.09968847036361694,0.1599999964237213,0.1445000022649765
YDR441C,YER023W,0,0.3862248,0.09962639957666397,0.1599999964237213,0.1446000039577484
YIR019C,YDR005C,0,0.38594195,0.09956440329551697,0.1599999964237213,0.14470000565052032
YJR041C,YGL111W,0,0.38590884,0.09950248897075653,0.1599999964237213,0.14480000734329224
YGR024C,YDR365C,0,0.38574192,0.09944064915180206,0.1599999964237213,0.14489999413490295
YPR055W,YBR168W,0,0.38555998,0.09937888383865356,0.1599999964237213,0.14499999582767487
YGL092W,YLR093C,0,0.3855473,0.09931719303131104,0.1599999964237213,0.14509999752044678
YFR010W,YPL176C,0,0.3855471,0.09925558418035507,0.1599999964237213,0.1451999992132187
YDR422C,YLR075W,0,0.38534036,0.09919404983520508,0.1599999964237213,0.1453000009059906
YDR350C,YLR384C,0,0.38527256,0.09913258999586105,0.1599999964237213,0.1454000025987625
YDR448W,YGL112C,1,0.38506743,0.09969040006399155,0.16099999845027924,0.1454000025987625
YDR460W,YML114C,1,0.38503686,0.10024752467870712,0.16200000047683716,0.1454000025987625
YLR039C,YHL028W,0,0.3849223,0.10018552839756012,0.16200000047683716,0.14550000429153442
YDL124W,YDR259C,0,0.38479456,0.10012360662221909,0.16200000047683716,0.14560000598430634
YPR097W,YCR106W,0,0.38475356,0.10006176680326462,0.16200000047683716,0.14569999277591705
YEL001C,YHR150W,0,0.38471264,0.10000000149011612,0.16200000047683716,0.14579999446868896
YNL250W,YFL049W,0,0.38462415,0.09993831068277359,0.16200000047683716,0.14589999616146088
YNL250W,YKL054C,0,0.38449916,0.09987669438123703,0.16200000047683716,0.1459999978542328
YGL076C,YLL006W,0,0.3844614,0.09981516003608704,0.16200000047683716,0.1460999995470047
YCL010C,YGL112C,1,0.3844252,0.10036946088075638,0.16300000250339508,0.1460999995470047
YNL041C,YHL021C,0,0.38433075,0.10030769556760788,0.16300000250339508,0.1462000012397766
YOR078W,YLR460C,0,0.3842465,0.10024600476026535,0.16300000250339508,0.14630000293254852
YOR103C,YNL130C,0,0.3842166,0.10018438845872879,0.16300000250339508,0.14640000462532043
YNL247W,YOR259C,0,0.3841575,0.1001228466629982,0.16300000250339508,0.14650000631809235
YOR247W,YDL134C,0,0.3839821,0.10006138682365417,0.16300000250339508,0.14659999310970306
YDR377W,YML004C,0,0.3837387,0.10000000149011612,0.16300000250339508,0.14669999480247498
YCL010C,YPL177C,1,0.3836906,0.10055180639028549,0.164000004529953,0.14669999480247498
YHR073W,YCL044C,0,0.3834888,0.10049019753932953,0.164000004529953,0.1467999964952469
YMR215W,YBL047C,0,0.38342348,0.10042865574359894,0.164000004529953,0.1468999981880188
YGR024C,YPL040C,0,0.3833184,0.10036719590425491,0.164000004529953,0.1469999998807907
YHR001W-A,YOR254C,0,0.38327065,0.10030581057071686,0.164000004529953,0.14710000157356262
YMR076C,YOR249C,0,0.38317692,0.10024449974298477,0.164000004529953,0.14720000326633453
YML098W,YDR438W,0,0.3831492,0.10018326342105865,0.164000004529953,0.14730000495910645
YGL045W,YBR028C,0,0.38312206,0.10012210160493851,0.164000004529953,0.14740000665187836
YER063W,YGL231C,0,0.382893,0.10006101429462433,0.164000004529953,0.14749999344348907
YLL048C,YML107C,0,0.38282093,0.10000000149011612,0.164000004529953,0.147599995136261
YNL317W,YDR105C,0,0.38275495,0.09993906319141388,0.164000004529953,0.1476999968290329
YDR350C,YMR125W,0,0.3825431,0.09987819939851761,0.164000004529953,0.1477999985218048
YPL122C,YPL129W,1,0.38241082,0.10042604804039001,0.16500000655651093,0.1477999985218048
YDL240W,YPR174C,0,0.38237175,0.10036496073007584,0.16500000655651093,0.14790000021457672
YBR016W,YMR035W,0,0.38221917,0.10030394792556763,0.16500000655651093,0.14800000190734863
YNL051W,YDL117W,0,0.38209257,0.10024301707744598,0.16500000655651093,0.14810000360012054
YML081W,YOL011W,0,0.38168266,0.10018214583396912,0.16500000655651093,0.14820000529289246
YGR103W,YDL160C,0,0.38144597,0.10012135654687881,0.16500000655651093,0.14830000698566437
YGR254W,YHR201C,0,0.3813025,0.10006064176559448,0.16500000655651093,0.14839999377727509
YGR097W,YMR133W,0,0.38130078,0.10000000149011612,0.16500000655651093,0.148499995470047
YGL073W,YNL246W,0,0.38125905,0.09993942826986313,0.16500000655651093,0.1485999971628189
YBR112C,YML061C,0,0.38125458,0.0998789370059967,0.16500000655651093,0.14869999885559082
YLR248W,YDL031W,0,0.3811185,0.09981851279735565,0.16500000655651093,0.14880000054836273
YML023C,YLR200W,0,0.38107374,0.09975816309452057,0.16500000655651093,0.14890000224113464
YMR215W,YGR266W,0,0.3810717,0.09969788789749146,0.16500000655651093,0.14900000393390656
YLR075W,YNL029C,0,0.3810343,0.09963767975568771,0.16500000655651093,0.14910000562667847
YOR086C,YHL021C,0,0.3807652,0.09957754611968994,0.16500000655651093,0.14920000731945038
YGR005C,YNL065W,0,0.38062456,0.09951749444007874,0.16500000655651093,0.1492999941110611
YDR325W,YPL120W,0,0.380579,0.0994575023651123,0.16500000655651093,0.149399995803833
YPL183C,YOR078W,0,0.38045517,0.09939759224653244,0.16500000655651093,0.14949999749660492
YDR201W,YGL092W,0,0.38044524,0.09933774918317795,0.16500000655651093,0.14959999918937683
YNL048W,YKR049C,0,0.3804016,0.09927798062562943,0.16500000655651093,0.14970000088214874
YGL167C,YKL048C,0,0.38037863,0.09921827912330627,0.16500000655651093,0.14980000257492065
YFR016C,YLR092W,0,0.38036546,0.09915865212678909,0.16500000655651093,0.14990000426769257
YCR018C,YGL085W,0,0.3803577,0.09909909963607788,0.16500000655651093,0.15000000596046448
YER177W,YDR516C,0,0.38023758,0.09903961420059204,0.16500000655651093,0.1500999927520752
YKL033W,YCR106W,0,0.3801887,0.09898020327091217,0.16500000655651093,0.1501999944448471
YGR246C,YDR167W,1,0.3801881,0.09952038526535034,0.16599999368190765,0.1501999944448471
YDR516C,YLR190W,0,0.38003132,0.09946075826883316,0.16599999368190765,0.15029999613761902
YLR361C,YLR007W,0,0.37981766,0.09940119832754135,0.16599999368190765,0.15039999783039093
YBL087C,YDR021W,0,0.37973186,0.09934171289205551,0.16599999368190765,0.15049999952316284
YLR007W,YBR028C,0,0.37947682,0.09928229451179504,0.16599999368190765,0.15060000121593475
YDR092W,YNL063W,0,0.37918213,0.09922295063734055,0.16599999368190765,0.15070000290870667
YAL051W,YGL195W,0,0.37917057,0.09916368126869202,0.16599999368190765,0.15080000460147858
YML092C,YGR211W,0,0.3790566,0.09910447895526886,0.16599999368190765,0.1509000062942505
YGL207W,YBR081C,1,0.37899426,0.09964200109243393,0.16699999570846558,0.1509000062942505
YGL067W,YGR205W,0,0.37892315,0.09958259016275406,0.16699999570846558,0.1509999930858612
YKR088C,YNL240C,0,0.3788395,0.09952323883771896,0.16699999570846558,0.15109999477863312
YMR215W,YCL068C,0,0.3787608,0.09946396946907043,0.16699999570846558,0.15119999647140503
YGR003W,YDR300C,0,0.3787495,0.09940475970506668,0.16699999570846558,0.15129999816417694
YPL235W,YDR365C,0,0.37868157,0.0993456244468689,0.16699999570846558,0.15139999985694885
YDL175C,YHR122W,0,0.37859067,0.09928656369447708,0.16699999570846558,0.15150000154972076
YGR004W,YAL030W,0,0.37856433,0.09922756999731064,0.16699999570846558,0.15160000324249268
YML021C,YKR083C,0,0.3784876,0.09916864335536957,0.16699999570846558,0.1517000049352646
YFR014C,YDR300C,0,0.37836167,0.09910979121923447,0.16699999570846558,0.1518000066280365
YLR193C,YIL069C,0,0.37808746,0.09905100613832474,0.16699999570846558,0.15189999341964722
YJR042W,YKL197C,0,0.37802204,0.09899229556322098,0.16699999570846558,0.15199999511241913
YER028C,YJL069C,0,0.3779988,0.09893365204334259,0.16699999570846558,0.15209999680519104
YHR001W-A,YLR056W,0,0.3779576,0.09887507557868958,0.16699999570846558,0.15219999849796295
YKL114C,YGR044C,0,0.3779494,0.09881656616926193,0.16699999570846558,0.15230000019073486
YOL089C,YPR008W,1,0.37788427,0.0993494987487793,0.1679999977350235,0.15230000019073486
YER142C,YPL215W,0,0.3777983,0.09929078072309494,0.1679999977350235,0.15240000188350677
YPL209C,YER063W,0,0.37752923,0.09923212975263596,0.1679999977350235,0.1525000035762787
YOR156C,YBL091C,0,0.377386,0.09917355328798294,0.1679999977350235,0.1526000052690506
YHL026C,YDL211C,0,0.37687063,0.0991150438785553,0.1679999977350235,0.1527000069618225
YHR099W,YDR448W,1,0.3768697,0.09964622557163239,0.16899999976158142,0.1527000069618225
YIL037C,YJL089W,0,0.37683907,0.09958750754594803,0.16899999976158142,0.15279999375343323
YJL216C,YDL223C,0,0.37676322,0.09952885657548904,0.16899999976158142,0.15289999544620514
YOL020W,YDR179C,0,0.37635794,0.09947028011083603,0.16899999976158142,0.15299999713897705
YBR248C,YPR068C,0,0.37632552,0.09941176325082779,0.16899999976158142,0.15309999883174896
YBR043C,YEL006W,0,0.3762929,0.09935332089662552,0.16899999976158142,0.15320000052452087
YDR328C,YLR313C,0,0.37625077,0.09929494559764862,0.16899999976158142,0.15330000221729279
YFL049W,YOR048C,0,0.3762212,0.09923664480447769,0.16899999976158142,0.1534000039100647
YPL011C,YAL001C,1,0.3761706,0.09976525604724884,0.17000000178813934,0.1534000039100647
YPR128C,YGR193C,0,0.3759883,0.0997067466378212,0.17000000178813934,0.1535000056028366
YBR085W,YOL096C,0,0.37595397,0.09964829683303833,0.17000000178813934,0.15360000729560852
YBR109C,YPL018W,0,0.37586716,0.09958992153406143,0.17000000178813934,0.15369999408721924
YCR042C,YGL166W,1,0.3758043,0.10011709481477737,0.17100000381469727,0.15369999408721924
YPL011C,YGR186W,1,0.37571838,0.10064364969730377,0.1720000058412552,0.15369999408721924
YBR091C,YLR363C,0,0.37566823,0.10058479756116867,0.1720000058412552,0.15379999577999115
YIL153W,YLR249W,0,0.3755024,0.10052600502967834,0.1720000058412552,0.15389999747276306
YOR236W,YOL009C,0,0.37548465,0.10046728700399399,0.1720000058412552,0.15399999916553497
YGL085W,YDR168W,0,0.3754829,0.1004086434841156,0.1720000058412552,0.15410000085830688
YBL035C,YMR091C,0,0.3753377,0.10035005956888199,0.1720000058412552,0.1542000025510788
YBR085W,YPR034W,0,0.37533286,0.10029154270887375,0.1720000058412552,0.1543000042438507
YPL116W,YOR065W,0,0.3751963,0.10023310035467148,0.1720000058412552,0.15440000593662262
YBL087C,YDR108W,0,0.3750687,0.10017472505569458,0.1720000058412552,0.15449999272823334
YKL149C,YDR217C,0,0.3749368,0.10011641681194305,0.1720000058412552,0.15459999442100525
YJL045W,YER143W,0,0.37492847,0.1000581756234169,0.1720000058412552,0.15469999611377716
YIL037C,YER023W,0,0.37480178,0.10000000149011612,0.1720000058412552,0.15479999780654907
YJL181W,YIL033C,0,0.37464014,0.09994189441204071,0.1720000058412552,0.15489999949932098
YIL154C,YDR200C,0,0.37461507,0.09988385438919067,0.1720000058412552,0.1550000011920929
YJL162C,YCL068C,0,0.37461507,0.09982588142156601,0.1720000058412552,0.1551000028848648
YBR085W,YBR109C,0,0.3746023,0.09976798295974731,0.1720000058412552,0.15520000457763672
YCR031C,YGL093W,0,0.3745781,0.0997101441025734,0.1720000058412552,0.15530000627040863
YLR006C,YKL080W,0,0.37449563,0.09965237230062485,0.1720000058412552,0.15539999306201935
YEL006W,YNR071C,0,0.3744444,0.09959467500448227,0.1720000058412552,0.15549999475479126
YKR027W,YJR096W,0,0.37432215,0.09953703731298447,0.1720000058412552,0.15559999644756317
YGL098W,YNL024C,0,0.3742862,0.09947946667671204,0.1720000058412552,0.15569999814033508
YAL026C,YIL173W,0,0.3742339,0.09942196309566498,0.1720000058412552,0.155799999833107
YDR361C,YGR193C,0,0.37412515,0.09936452656984329,0.1720000058412552,0.1559000015258789
YDR482C,YOL059W,0,0.3740861,0.09930715709924698,0.1720000058412552,0.15600000321865082
YLR399C,YMR227C,1,0.37391123,0.0998268872499466,0.17299999296665192,0.15600000321865082
YMR237W,YOR059C,0,0.37381604,0.09976931661367416,0.17299999296665192,0.15610000491142273
YJL057C,YDR129C,0,0.3738095,0.0997118130326271,0.17299999296665192,0.15620000660419464
YDR435C,YDR023W,0,0.3737686,0.09965437650680542,0.17299999296665192,0.15629999339580536
YDR438W,YBL025W,0,0.37372097,0.0995970070362091,0.17299999296665192,0.15639999508857727
YER129W,YBR162C,0,0.37369698,0.09953969717025757,0.17299999296665192,0.15649999678134918
YPL082C,YMR227C,1,0.3735687,0.10005750507116318,0.17399999499320984,0.15649999678134918
YLR234W,YJL001W,0,0.3732126,0.10000000149011612,0.17399999499320984,0.1565999984741211
YMR074C,YFR053C,0,0.37320098,0.09994256496429443,0.17399999499320984,0.156700000166893
YDL113C,YCR038C,0,0.3731281,0.09988518804311752,0.17399999499320984,0.15680000185966492
YMR048W,YDR040C,0,0.37297267,0.09982788562774658,0.17399999499320984,0.15690000355243683
YBR043C,YMR101C,0,0.3729117,0.09977064281702042,0.17399999499320984,0.15700000524520874
YKL014C,YKR031C,0,0.3728329,0.09971346706151962,0.17399999499320984,0.15710000693798065
YKR100C,YMR074C,0,0.37263152,0.0996563583612442,0.17399999499320984,0.15719999372959137
YPL011C,YOR194C,1,0.3726296,0.10017172247171402,0.17499999701976776,0.15719999372959137
YOR079C,YNL180C,0,0.37252018,0.10011442005634308,0.17499999701976776,0.15729999542236328
YGR274C,YKL144C,1,0.37248427,0.10062892735004425,0.17599999904632568,0.15729999542236328
YIL106W,YLR451W,0,0.37240097,0.10057143121957779,0.17599999904632568,0.1573999971151352
YDR422C,YKR007W,0,0.37239668,0.1005139946937561,0.17599999904632568,0.1574999988079071
YDR386W,YKL054C,0,0.3723227,0.1004566177725792,0.17599999904632568,0.15760000050067902
YPL207W,YLL006W,0,0.37228397,0.10039931535720825,0.17599999904632568,0.15770000219345093
YCL010C,YPR186C,1,0.3721973,0.1009121984243393,0.1770000010728836,0.15770000219345093
YLL031C,YDR246W,0,0.37210464,0.10085470229387283,0.1770000010728836,0.15780000388622284
YJR132W,YDL149W,0,0.37207806,0.10079726576805115,0.1770000010728836,0.15790000557899475
YMR048W,YPL063W,0,0.3720502,0.10073989629745483,0.1770000010728836,0.15800000727176666
YPR017C,YJR052W,0,0.37201473,0.10068259388208389,0.1770000010728836,0.15809999406337738
YJL162C,YPL179W,0,0.37201148,0.10062535852193832,0.1770000010728836,0.1581999957561493
YOR189W,YGL016W,0,0.37185344,0.10056818276643753,0.1770000010728836,0.1582999974489212
YPR154W,YPR037C,0,0.37172648,0.10051107406616211,0.1770000010728836,0.15839999914169312
YPR071W,YMR153W,0,0.37165064,0.10045403242111206,0.1770000010728836,0.15850000083446503
YML041C,YBR146W,0,0.37162694,0.10039705038070679,0.1770000010728836,0.15860000252723694
YDR190C,YLR323C,0,0.37152416,0.10034013539552689,0.1770000010728836,0.15870000422000885
YLR023C,YDR246W,0,0.3713579,0.10028328746557236,0.1770000010728836,0.15880000591278076
YDR167W,YNL314W,1,0.37135234,0.10079275071620941,0.17800000309944153,0.15880000591278076
YGR005C,YLR068W,0,0.37129602,0.10073570907115936,0.17800000309944153,0.15889999270439148
YPL082C,YLR005W,1,0.3712031,0.10124434530735016,0.17900000512599945,0.15889999270439148
YKL141W,YPL115C,0,0.37112254,0.10118710994720459,0.17900000512599945,0.1589999943971634
YDR256C,YLR115W,0,0.37100023,0.1011299416422844,0.17900000512599945,0.1590999960899353
YOL020W,YCR044C,0,0.3709968,0.10107284039258957,0.17900000512599945,0.15919999778270721
YIL056W,YOR383C,0,0.37091836,0.10101579874753952,0.17900000512599945,0.15929999947547913
YDR100W,YPL198W,0,0.3709002,0.10095882415771484,0.17900000512599945,0.15940000116825104
YBR119W,YCR024C,0,0.37084574,0.10090191662311554,0.17900000512599945,0.15950000286102295
YDR127W,YPL280W,0,0.37077644,0.10084506869316101,0.17900000512599945,0.15960000455379486
YEL024W,YDR005C,0,0.37066457,0.10078828781843185,0.17900000512599945,0.15970000624656677
YLR037C,YOR129C,0,0.37063825,0.10073156654834747,0.17900000512599945,0.1597999930381775
YFR050C,YLR067C,0,0.37056363,0.10067491233348846,0.17900000512599945,0.1598999947309494
YDL160C,YGL171W,0,0.37046108,0.10061832517385483,0.17900000512599945,0.1599999964237213
YOR264W,YBR181C,0,0.37043628,0.10056179761886597,0.17900000512599945,0.16009999811649323
YAR033W,YKL145W,0,0.37040088,0.10050533711910248,0.17900000512599945,0.16019999980926514
YHR118C,YBR003W,0,0.3702334,0.10044893622398376,0.17900000512599945,0.16030000150203705
YOR004W,YHR158C,0,0.37016842,0.10039259493350983,0.17900000512599945,0.16040000319480896
YDL247W,YCL068C,0,0.37005782,0.10033632069826126,0.17900000512599945,0.16050000488758087
YKL033W,YBR180W,0,0.3700296,0.10028011351823807,0.17900000512599945,0.16060000658035278
YKL134C,YMR133W,0,0.36997312,0.10022396594285965,0.17900000512599945,0.1606999933719635
YIL143C,YKL144C,1,0.36994627,0.10072747617959976,0.18000000715255737,0.1606999933719635
YDR406W,YLR413W,0,0.36986336,0.10067114233970642,0.18000000715255737,0.1607999950647354
YFR030W,YNL065W,0,0.36984703,0.10061486810445786,0.18000000715255737,0.16089999675750732
YPR134W,YGL105W,0,0.36961725,0.10055866092443466,0.18000000715255737,0.16099999845027924
YLL066C,YDR284C,0,0.36956874,0.10050251334905624,0.18000000715255737,0.16110000014305115
YBR049C,YLL021W,0,0.36934033,0.1004464253783226,0.18000000715255737,0.16120000183582306
YDL072C,YPL061W,0,0.36932805,0.10039040446281433,0.18000000715255737,0.16130000352859497
YML041C,YIL144W,0,0.36930373,0.10033445060253143,0.18000000715255737,0.16140000522136688
YGR005C,YPR186C,1,0.36915088,0.1008356511592865,0.1809999942779541,0.16140000522136688
YMR009W,YNL294C,0,0.36911258,0.10077951103448868,0.1809999942779541,0.1615000069141388
YLR006C,YDR308C,0,0.36904714,0.10072343051433563,0.1809999942779541,0.1615999937057495
YCR105W,YCR024C,0,0.36894515,0.10066740959882736,0.1809999942779541,0.16169999539852142
YDL105W,YIL069C,0,0.3688816,0.10061144828796387,0.1809999942779541,0.16179999709129333
YOR101W,YOR129C,0,0.36887962,0.10055555403232574,0.1809999942779541,0.16189999878406525
YOR272W,YJL196C,0,0.36876586,0.1004997193813324,0.1809999942779541,0.16200000047683716
YKL016C,YDL081C,0,0.36876115,0.10044395178556442,0.1809999942779541,0.16210000216960907
YAL015C,YPL049C,0,0.36864892,0.10038824379444122,0.1809999942779541,0.16220000386238098
YJL181W,YGR005C,0,0.36852792,0.1003325954079628,0.1809999942779541,0.1623000055551529
YJR084W,YIL118W,0,0.36843368,0.10027700662612915,0.1809999942779541,0.1624000072479248
YEL048C,YMR158W,0,0.36841717,0.10022148489952087,0.1809999942779541,0.16249999403953552
YNL059C,YGR253C,0,0.3683039,0.10016602277755737,0.1809999942779541,0.16259999573230743
YGR161C,YMR001C,0,0.3682942,0.10011062026023865,0.1809999942779541,0.16269999742507935
YLR360W,YLR248W,0,0.36800063,0.1000552773475647,0.1809999942779541,0.16279999911785126
YOL067C,YPL202C,1,0.36797756,0.10055248439311981,0.18199999630451202,0.16279999911785126
YOR117W,YMR313C,0,0.3679111,0.10049696266651154,0.18199999630451202,0.16290000081062317
YGL167C,YHR096C,0,0.36764994,0.10044150054454803,0.18199999630451202,0.16300000250339508
YAL019W,YPL146C,0,0.3676407,0.10038609802722931,0.18199999630451202,0.163100004196167
YLR005W,YPR008W,1,0.3676366,0.10088203102350235,0.18299999833106995,0.163100004196167
YHR110W,YOR195W,0,0.36745542,0.1008264496922493,0.18299999833106995,0.1632000058889389
YHL003C,YJL003W,0,0.36738876,0.10077092796564102,0.18299999833106995,0.16329999268054962
YNR048W,YNL246W,0,0.367363,0.10071546584367752,0.18299999833106995,0.16339999437332153
YBR034C,YNL065W,0,0.36731806,0.1006600633263588,0.18299999833106995,0.16349999606609344
YCR031C,YDR528W,0,0.36731678,0.10060472786426544,0.18299999833106995,0.16359999775886536
YNL020C,YBL031W,0,0.36731368,0.10054945200681686,0.18299999833106995,0.16369999945163727
YGR224W,YNL068C,0,0.36728084,0.10049423575401306,0.18299999833106995,0.16380000114440918
YMR041C,YOR357C,0,0.36722654,0.10043907910585403,0.18299999833106995,0.1639000028371811
YMR081C,YKL110C,0,0.36721942,0.10038398206233978,0.18299999833106995,0.164000004529953
YPL225W,YHR005C,0,0.36718115,0.1003289446234703,0.18299999833106995,0.16410000622272491
YOR247W,YJL083W,0,0.36705613,0.1002739742398262,0.18299999833106995,0.16419999301433563
YPL248C,YCR044C,0,0.36701933,0.10021905601024628,0.18299999833106995,0.16429999470710754
YNL250W,YGL087C,0,0.3669695,0.10016420483589172,0.18299999833106995,0.16439999639987946
YOL084W,YOR241W,0,0.36696056,0.10010940581560135,0.18299999833106995,0.16449999809265137
YDR167W,YGR274C,1,0.36681405,0.10060141980648041,0.18400000035762787,0.16449999809265137
YKL062W,YAR009C,0,0.36657748,0.1005464494228363,0.18400000035762787,0.16459999978542328
YHR142W,YIL137C,0,0.36640093,0.10049153119325638,0.18400000035762787,0.1647000014781952
YHR204W,YCL051W,0,0.3663531,0.10043668001890182,0.18400000035762787,0.1648000031709671
YIL075C,YJL197W,0,0.36626682,0.10038188844919205,0.18400000035762787,0.164900004863739
YGL025C,YLR044C,0,0.36620334,0.10032715648412704,0.18400000035762787,0.16500000655651093
YLR167W,YGR266W,0,0.3659546,0.10027247667312622,0.18400000035762787,0.16509999334812164
YDL240W,YLR263W,0,0.36592582,0.10021786391735077,0.18400000035762787,0.16519999504089355
YML057W,YPL225W,0,0.36583865,0.10016331076622009,0.18400000035762787,0.16529999673366547
YIL022W,YJL078C,0,0.36580348,0.10010881721973419,0.18400000035762787,0.16539999842643738
YOR018W,YDL105W,0,0.36565214,0.10005437582731247,0.18400000035762787,0.1655000001192093
YFL025C,YCR018C,0,0.36560705,0.10000000149011612,0.18400000035762787,0.1656000018119812
YHR149C,YGL195W,0,0.3655139,0.09994567930698395,0.18400000035762787,0.1657000035047531
YBR054W,YIL056W,0,0.36549857,0.09989142417907715,0.18400000035762787,0.16580000519752502
YJR120W,YMR072W,0,0.36544272,0.09983722120523453,0.18400000035762787,0.16590000689029694
YFR050C,YDR284C,0,0.36541784,0.09978307783603668,0.18400000035762787,0.16599999368190765
YLR044C,YDR100W,0,0.36538008,0.09972899407148361,0.18400000035762787,0.16609999537467957
YOR189W,YBR043C,0,0.36536363,0.09967496991157532,0.18400000035762787,0.16619999706745148
YNL103W,YHR214W,0,0.3653485,0.0996210053563118,0.18400000035762787,0.1662999987602234
YHL017W,YBR015C,0,0.3653427,0.09956710040569305,0.18400000035762787,0.1664000004529953
YDR204W,YBR169C,0,0.36513373,0.09951324760913849,0.18400000035762787,0.1665000021457672
YBL038W,YMR035W,0,0.36508462,0.0994594618678093,0.18400000035762787,0.16660000383853912
YLR059C,YOL023W,0,0.36507696,0.09940572828054428,0.18400000035762787,0.16670000553131104
YLR258W,YNR024W,0,0.3649673,0.09935205429792404,0.18400000035762787,0.16680000722408295
YDL243C,YKR088C,0,0.36495844,0.09929843246936798,0.18400000035762787,0.16689999401569366
YDL093W,YBR301W,0,0.3649037,0.09924487769603729,0.18400000035762787,0.16699999570846558
YLR409C,YDL046W,0,0.36483255,0.09919137507677078,0.18400000035762787,0.1670999974012375
YHR205W,YDL123W,0,0.3648272,0.09913793206214905,0.18400000035762787,0.1671999990940094
YNR038W,YDR246W,0,0.3648149,0.09908454865217209,0.18400000035762787,0.1673000007867813
YFR047C,YPL239W,0,0.36459893,0.09903121739625931,0.18400000035762787,0.16740000247955322
YDL018C,YPR133C,0,0.36449498,0.0989779457449913,0.18400000035762787,0.16750000417232513
YOL061W,YHR190W,0,0.36440095,0.09892473369836807,0.18400000035762787,0.16760000586509705
YFR027W,YBR162W-A,0,0.36436698,0.09887157380580902,0.18400000035762787,0.16769999265670776
YCR016W,YCR063W,0,0.36424235,0.09881847351789474,0.18400000035762787,0.16779999434947968
YGR142W,YPR141C,0,0.36421052,0.09876543283462524,0.18400000035762787,0.1678999960422516
YJL011C,YMR236W,1,0.364195,0.09924892336130142,0.1850000023841858,0.1678999960422516
YMR243C,YCR065W,0,0.36411604,0.09919571131467819,0.1850000023841858,0.1679999977350235
YOR129C,YGR040W,0,0.36404255,0.09914255142211914,0.1850000023841858,0.1680999994277954
YER060W-A,YKL032C,0,0.36398393,0.09908945113420486,0.1850000023841858,0.16820000112056732
YPL169C,YKR089C,0,0.36372182,0.09903640300035477,0.1850000023841858,0.16830000281333923
YEL005C,YJL078C,0,0.3636958,0.09898341447114944,0.1850000023841858,0.16840000450611115
YDL240W,YDR422C,0,0.36369428,0.0989304780960083,0.1850000023841858,0.16850000619888306
YJL098W,YNR019W,0,0.36360988,0.09887760877609253,0.1850000023841858,0.16859999299049377
YOL144W,YOL076W,0,0.3636059,0.09882478415966034,0.1850000023841858,0.16869999468326569
YIL143C,YMR236W,1,0.36359623,0.09930592775344849,0.1860000044107437,0.16869999468326569
YGR046W,YMR237W,0,0.36349595,0.09925293177366257,0.1860000044107437,0.1687999963760376
YDR427W,YJR084W,0,0.36347884,0.09920000284910202,0.1860000044107437,0.1688999980688095
YGR235C,YGR003W,0,0.36338586,0.09914711862802505,0.1860000044107437,0.16899999976158142
YML021C,YLR363C,0,0.3633075,0.09909430146217346,0.1860000044107437,0.16910000145435333
YDR189W,YDL154W,0,0.363103,0.09904153645038605,0.1860000044107437,0.16920000314712524
YML021C,YGR044C,0,0.36290875,0.09898882359266281,0.1860000044107437,0.16930000483989716
YKL110C,YLR248W,0,0.36289868,0.09893617033958435,0.1860000044107437,0.16940000653266907
YMR313C,YDR292C,0,0.36258817,0.09888356924057007,0.1860000044107437,0.16949999332427979
YML086C,YDL139C,0,0.36258295,0.09883102774620056,0.1860000044107437,0.1695999950170517
YGL006W,YKL002W,0,0.36258107,0.09877854585647583,0.1860000044107437,0.1696999967098236
YEL018W,YHR014W,0,0.3624589,0.09872611612081528,0.1860000044107437,0.16979999840259552
YDL003W,YML021C,0,0.36237967,0.0986737385392189,0.1860000044107437,0.16990000009536743
YEL048C,YCL067C,0,0.3622711,0.0986214205622673,0.1860000044107437,0.17000000178813934
YFR050C,YGR253C,0,0.36219534,0.09856915473937988,0.1860000044107437,0.17010000348091125
YPL169C,YMR101C,0,0.3619272,0.09851694852113724,0.1860000044107437,0.17020000517368317
YGL025C,YFR038W,0,0.3619104,0.09846479445695877,0.1860000044107437,0.17030000686645508
YDR150W,YCR038C,0,0.36166048,0.09841269999742508,0.1860000044107437,0.1703999936580658
YKL192C,YPL018W,0,0.36163005,0.09836065769195557,0.1860000044107437,0.1704999953508377
YPR148C,YMR074C,0,0.3615789,0.09830866754055023,0.1860000044107437,0.17059999704360962
YJL098W,YPR148C,0,0.3615678,0.09825673699378967,0.1860000044107437,0.17069999873638153
YPR025C,YML114C,1,0.36155355,0.0987328439950943,0.18700000643730164,0.17069999873638153
YOR363C,YDL243C,0,0.36147627,0.09868074208498001,0.18700000643730164,0.17080000042915344
YIL118W,YIL130W,0,0.36145863,0.0986286923289299,0.18700000643730164,0.17090000212192535
YDR377W,YHR080C,0,0.36140195,0.09857670217752457,0.18700000643730164,0.17100000381469727
YLR167W,YDR284C,0,0.3613682,0.09852476418018341,0.18700000643730164,0.17110000550746918
YJL183W,YEL019C,0,0.360906,0.09847287833690643,0.18700000643730164,0.1712000072002411
YER149C,YGL171W,0,0.3608015,0.09842105209827423,0.18700000643730164,0.1712999939918518
YBR065C,YBR295W,0,0.3607907,0.09836927801370621,0.18700000643730164,0.17139999568462372
YNL123W,YGR122W,0,0.36066702,0.09831756353378296,0.18700000643730164,0.17149999737739563
YFR050C,YIL005W,0,0.36064652,0.09826589375734329,0.18700000643730164,0.17159999907016754
YER023W,YIL062C,0,0.3605742,0.0982142835855484,0.18700000643730164,0.17170000076293945
YOR129C,YMR035W,0,0.36013937,0.09816273301839828,0.18700000643730164,0.17180000245571136
YPR100W,YHR193C,0,0.36002943,0.09811122715473175,0.18700000643730164,0.17190000414848328
YLR324W,YNL246W,0,0.35999644,0.09805978089570999,0.18700000643730164,0.1720000058412552
YOR320C,YHR158C,0,0.35998902,0.09800838679075241,0.18700000643730164,0.1720999926328659
YKL194C,YDL149W,0,0.35994595,0.09795704483985901,0.18700000643730164,0.17219999432563782
YNL051W,YLR323C,0,0.3599403,0.09790576249361038,0.18700000643730164,0.17229999601840973
YPL007C,YDR145W,1,0.35983875,0.09837781637907028,0.18799999356269836,0.17229999601840973
YIL038C,YDR200C,0,0.35968432,0.09832636266946793,0.18799999356269836,0.17239999771118164
YLR223C,YAL007C,0,0.35953873,0.09827496111392975,0.18799999356269836,0.17249999940395355
YER176W,YKL032C,0,0.35952568,0.09822361916303635,0.18799999356269836,0.17260000109672546
YDL087C,YPL233W,0,0.35949743,0.09817232191562653,0.18799999356269836,0.17270000278949738
YIL096C,YMR091C,0,0.3594729,0.09812108427286148,0.18799999356269836,0.1728000044822693
YOL020W,YMR158W,0,0.35943738,0.09806989878416061,0.18799999356269836,0.1729000061750412
YOR320C,YDR317W,0,0.359248,0.09801877290010452,0.18799999356269836,0.17299999296665192
YDR023W,YPL117C,0,0.35922197,0.09796769171953201,0.18799999356269836,0.17309999465942383
YPR173C,YDR309C,0,0.35910043,0.09791667014360428,0.18799999356269836,0.17319999635219574
YLR377C,YMR230W,0,0.3587181,0.09786569327116013,0.18799999356269836,0.17329999804496765
YDL072C,YHR001W-A,0,0.35859424,0.09781477600336075,0.18799999356269836,0.17339999973773956
YDR188W,YDR176W,0,0.3585729,0.09776391088962555,0.18799999356269836,0.17350000143051147
YPL004C,YCL048W,0,0.35853544,0.09771309792995453,0.18799999356269836,0.1736000031232834
YKL196C,YHR014W,0,0.35846433,0.09766233712434769,0.18799999356269836,0.1737000048160553
YPR186C,YNL314W,1,0.3584028,0.09813084453344345,0.1889999955892563,0.1737000048160553
YDR482C,YNR053C,0,0.35837975,0.09807991981506348,0.1889999955892563,0.1738000065088272
YJR073C,YJR117W,0,0.35836682,0.09802904725074768,0.1889999955892563,0.17389999330043793
YOR252W,YHR146W,0,0.3582472,0.09797822684049606,0.1889999955892563,0.17399999499320984
YLR011W,YMR002W,0,0.35823968,0.09792745858430862,0.1889999955892563,0.17409999668598175
YJL110C,YGR244C,0,0.35821077,0.09787674993276596,0.1889999955892563,0.17419999837875366
YLR247C,YNL123W,0,0.35817105,0.09782608598470688,0.1889999955892563,0.17430000007152557
YPL140C,YGR122W,0,0.35804126,0.09777548164129257,0.1889999955892563,0.17440000176429749
YDL081C,YKL052C,0,0.35797408,0.09772492200136185,0.1889999955892563,0.1745000034570694
YPL007C,YFL021W,1,0.35794985,0.09819121658802032,0.1899999976158142,0.1745000034570694
YNL173C,YHR138C,0,0.3578433,0.09814049303531647,0.1899999976158142,0.1746000051498413
YPL129W,YNL314W,1,0.35774127,0.09860609471797943,0.19099999964237213,0.1746000051498413
YLR044C,YDR407C,0,0.35757926,0.09855521470308304,0.19099999964237213,0.17470000684261322
YPL141C,YHR014W,0,0.35741913,0.09850438684225082,0.19099999964237213,0.17479999363422394
YJR042W,YMR183C,0,0.35739934,0.09845361113548279,0.19099999964237213,0.17489999532699585
YNL133C,YBR045C,0,0.35731915,0.09840288758277893,0.19099999964237213,0.17499999701976776
YEL009C,YIL036W,1,0.35725483,0.09886714816093445,0.19200000166893005,0.17499999701976776
YLR377C,YJL208C,0,0.35725367,0.09881626069545746,0.19200000166893005,0.17509999871253967
YDR004W,YPR017C,0,0.35718748,0.09876543283462524,0.19200000166893005,0.17520000040531158
YDL189W,YGR296W,0,0.35687917,0.09871464967727661,0.19200000166893005,0.1753000020980835
YPL146C,YER109C,0,0.35686666,0.09866392612457275,0.19200000166893005,0.1754000037908554
YEL019C,YGL027C,0,0.35677302,0.09861325472593307,0.19200000166893005,0.17550000548362732
YJR117W,YLR259C,0,0.35675064,0.09856262803077698,0.19200000166893005,0.17560000717639923
YCR044C,YOR059C,0,0.35667142,0.09851206094026566,0.19200000166893005,0.17569999396800995
YPR174C,YGL194C,0,0.3566377,0.09846153855323792,0.19200000166893005,0.17579999566078186
YPL183C,YPL239W,0,0.35656556,0.09841106832027435,0.19200000166893005,0.17589999735355377
YOR034C,YHR020W,0,0.35648826,0.09836065769195557,0.19200000166893005,0.17599999904632568
YBL031W,YBR162C,0,0.35609075,0.09831029176712036,0.19200000166893005,0.1761000007390976
YBR189W,YPL262W,0,0.3558775,0.09825997799634933,0.19200000166893005,0.1762000024318695
YPL122C,YPL202C,1,0.3558762,0.0987212285399437,0.19300000369548798,0.1762000024318695
YMR234W,YIL068C,0,0.35567442,0.09867075830698013,0.19300000369548798,0.17630000412464142
YER167W,YHL021C,0,0.35562032,0.09862034022808075,0.19300000369548798,0.17640000581741333
YML015C,YEL009C,1,0.35548356,0.09908069670200348,0.1940000057220459,0.17640000581741333
YNL103W,YLR223C,0,0.35541987,0.09903011471033096,0.1940000057220459,0.17649999260902405
YGR103W,YOR264W,0,0.35531554,0.09897959232330322,0.1940000057220459,0.17659999430179596
YER139C,YMR153W,0,0.3551765,0.09892911463975906,0.1940000057220459,0.17669999599456787
YBR054W,YDL145C,0,0.3549534,0.09887869656085968,0.1940000057220459,0.17679999768733978
YDR500C,YGL243W,0,0.35488918,0.09882832318544388,0.1940000057220459,0.1768999993801117
YGR165W,YAL068C,0,0.35484007,0.09877800196409225,0.1940000057220459,0.1770000010728836
YER176W,YDR227W,0,0.35479555,0.09872773289680481,0.1940000057220459,0.17710000276565552
YKR031C,YBR028C,0,0.354611,0.09867751598358154,0.1940000057220459,0.17720000445842743
YJR042W,YOR101W,0,0.35452196,0.09862735122442245,0.1940000057220459,0.17730000615119934
YLR056W,YHR114W,0,0.35450035,0.09857723861932755,0.1940000057220459,0.17739999294281006
YER142C,YMR226C,0,0.35446694,0.09852717071771622,0.1940000057220459,0.17749999463558197
YKL069W,YKR088C,0,0.35444766,0.09847715497016907,0.1940000057220459,0.17759999632835388
YOR247W,YMR040W,0,0.3543879,0.0984271913766861,0.1940000057220459,0.1776999980211258
YNL176C,YPL010W,0,0.35424963,0.0983772799372673,0.1940000057220459,0.1777999997138977
YKL033W,YKL052C,0,0.3542446,0.09832742065191269,0.1940000057220459,0.17790000140666962
YKL069W,YGR138C,0,0.35419527,0.09827760607004166,0.1940000057220459,0.17800000309944153
YHL038C,YGR003W,0,0.3541673,0.0982278510928154,0.1940000057220459,0.17810000479221344
YBR146W,YGR245C,0,0.35412106,0.09817814081907272,0.1940000057220459,0.17820000648498535
YIR004W,YGR253C,0,0.3540631,0.09812847524881363,0.1940000057220459,0.17829999327659607
YML015C,YKR062W,1,0.3540242,0.09858442842960358,0.19499999284744263,0.17829999327659607
YDR325W,YOR011W,0,0.35402164,0.09853461384773254,0.19499999284744263,0.17839999496936798
YDL113C,YDR308C,0,0.35345414,0.09848485141992569,0.19499999284744263,0.1784999966621399
YML045W,YGR208W,0,0.35342136,0.09843513369560242,0.19499999284744263,0.1785999983549118
YKL051W,YDL139C,0,0.35341364,0.09838546812534332,0.19499999284744263,0.17870000004768372
YLL024C,YFR053C,0,0.35339165,0.09833585470914841,0.19499999284744263,0.17880000174045563
YMR236W,YPL177C,1,0.35333416,0.09879032522439957,0.19599999487400055,0.17880000174045563
YPL141C,YBR029C,0,0.35327092,0.09874055534601212,0.19599999487400055,0.17890000343322754
YIL119C,YDR227W,0,0.3532622,0.09869083762168884,0.19599999487400055,0.17900000512599945
YPL203W,YPR003C,0,0.35321066,0.09864116460084915,0.19599999487400055,0.17910000681877136
YNL167C,YDR268W,0,0.3530856,0.09859155118465424,0.19599999487400055,0.17919999361038208
YKL138C,YDR384C,0,0.3530151,0.0985419824719429,0.19599999487400055,0.179299995303154
YPL262W,YNL130C,0,0.3529767,0.09849246591329575,0.19599999487400055,0.1793999969959259
YCR042C,YOR110W,1,0.35294902,0.098945252597332,0.19699999690055847,0.1793999969959259
YGL098W,YEL027W,0,0.35292634,0.09889557957649231,0.19699999690055847,0.17949999868869781
YEL019C,YLL006W,0,0.35292625,0.0988459587097168,0.19699999690055847,0.17960000038146973
YLR004C,YHR190W,0,0.35284543,0.09879638999700546,0.19699999690055847,0.17970000207424164
YIL068C,YMR207C,0,0.35278317,0.09874686598777771,0.19699999690055847,0.17980000376701355
YJL045W,YOR330C,0,0.35259494,0.09869739413261414,0.19699999690055847,0.17990000545978546
YLL018C,YLR223C,0,0.35257527,0.09864797443151474,0.19699999690055847,0.18000000715255737
YLR390W-A,YFR034C,0,0.35252723,0.09859859943389893,0.19699999690055847,0.1800999939441681
YMR318C,YHR106W,0,0.35247058,0.09854927659034729,0.19699999690055847,0.18019999563694
YKR049C,YKR099W,0,0.3524278,0.09849999845027924,0.19699999690055847,0.18029999732971191
YDL124W,YIL005W,0,0.35242411,0.09845077246427536,0.19699999690055847,0.18039999902248383
YOR090C,YKR027W,0,0.35237983,0.09840159863233566,0.19699999690055847,0.18050000071525574
YJR049C,YMR226C,0,0.35215175,0.09835246950387955,0.19699999690055847,0.18060000240802765
YPR007C,YDL145C,0,0.35209632,0.09830339252948761,0.19699999690055847,0.18070000410079956
YDL003W,YNR019W,0,0.3519868,0.09825436770915985,0.19699999690055847,0.18080000579357147
YMR192W,YMR230W,0,0.351822,0.09820538014173508,0.19699999690055847,0.1808999925851822
YJR153W,YNL118C,0,0.35179773,0.09815645217895508,0.19699999690055847,0.1809999942779541
YIR031C,YBR149W,0,0.3517916,0.09810756891965866,0.19699999690055847,0.181099995970726
YLR249W,YMR153W,0,0.35164317,0.09805873781442642,0.19699999690055847,0.18119999766349792
YDL243C,YIL130W,0,0.35162845,0.09800995141267776,0.19699999690055847,0.18129999935626984
YHR201C,YFL049W,0,0.35149875,0.09796120971441269,0.19699999690055847,0.18140000104904175
YMR048W,YDR513W,0,0.35137892,0.09791252762079239,0.19699999690055847,0.18150000274181366
YOL126C,YDL102W,0,0.35125983,0.09786388278007507,0.19699999690055847,0.18160000443458557
YDR145W,YDR227W,0,0.3512428,0.09781529009342194,0.19699999690055847,0.18170000612735748
YJL212C,YKL054C,0,0.3511677,0.09776674956083298,0.19699999690055847,0.1817999929189682
YBR211C,YPR010C,0,0.3511641,0.0977182537317276,0.19699999690055847,0.1818999946117401
YAR009C,YGR097W,0,0.3511383,0.0976698100566864,0.19699999690055847,0.18199999630451202
YEL048C,YHR201C,0,0.35107872,0.09762140363454819,0.19699999690055847,0.18209999799728394
YBL080C,YER143W,0,0.35105422,0.09757305681705475,0.19699999690055847,0.18219999969005585
YMR048W,YML061C,0,0.3510454,0.09752475470304489,0.19699999690055847,0.18230000138282776
YOR189W,YDR007W,0,0.35103402,0.09747649729251862,0.19699999690055847,0.18240000307559967
YGL063W,YJR052W,0,0.35092014,0.09742829203605652,0.19699999690055847,0.18250000476837158
YPR128C,YNL081C,0,0.3508907,0.097380131483078,0.19699999690055847,0.1826000064611435
YGR253C,YNL164C,0,0.35077554,0.09733201563358307,0.19699999690055847,0.1826999932527542
YBL013W,YGL116W,0,0.35077408,0.09728395193815231,0.19699999690055847,0.18279999494552612
YER177W,YPL010W,0,0.3507595,0.09723593294620514,0.19699999690055847,0.18289999663829803
YOR194C,YPR186C,1,0.35064897,0.09768129885196686,0.1979999989271164,0.18289999663829803
YJL162C,YGR165W,0,0.350589,0.09763313829898834,0.1979999989271164,0.18299999833106995
YDR273W,YBR168W,0,0.35058036,0.09758501499891281,0.1979999989271164,0.18310000002384186
YJL162C,YJL001W,0,0.3505569,0.09753694385290146,0.1979999989271164,0.18320000171661377
YJL059W,YDR395W,0,0.35054788,0.09748892486095428,0.1979999989271164,0.18330000340938568
YLR007W,YHR005C,0,0.3500054,0.0974409431219101,0.1979999989271164,0.1834000051021576
YHR146W,YDL076C,0,0.34999245,0.09739301353693008,0.1979999989271164,0.1835000067949295
YER177W,YDR350C,0,0.349991,0.09734513610601425,0.1979999989271164,0.18359999358654022
YGR235C,YJL003W,0,0.34995604,0.0972972959280014,0.1979999989271164,0.18369999527931213
YOR002W,YIL148W,0,0.34990788,0.09724950790405273,0.1979999989271164,0.18379999697208405
YOL122C,YHL006C,0,0.34989104,0.09720176458358765,0.1979999989271164,0.18389999866485596
YDR287W,YHR133C,0,0.34969714,0.09715407341718674,0.1979999989271164,0.18400000035762787
YER071C,YHR193C,0,0.34967688,0.09710642695426941,0.1979999989271164,0.18410000205039978
YOL042W,YDR384C,0,0.34964392,0.09705882519483566,0.1979999989271164,0.1842000037431717
YNL233W,YHR111W,0,0.34954926,0.0970112681388855,0.1979999989271164,0.1843000054359436
YMR110C,YKL043W,0,0.34952772,0.09696376323699951,0.1979999989271164,0.18440000712871552
YCR016W,YGR245C,0,0.34952304,0.0969163030385971,0.1979999989271164,0.18449999392032623
YKL058W,YPL129W,1,0.34950793,0.09735812246799469,0.19900000095367432,0.18449999392032623
YIL156W,YKR096W,0,0.3494374,0.09731051325798035,0.19900000095367432,0.18459999561309814
YKR089C,YJR153W,0,0.34940115,0.09726294875144958,0.19900000095367432,0.18469999730587006
YOR258W,YDR165W,0,0.3493925,0.097215436398983,0.19900000095367432,0.18479999899864197
YMR076C,YDR317W,0,0.34937033,0.09716796875,0.19900000095367432,0.18490000069141388
YIL030C,YEL051W,0,0.34921053,0.09712054580450058,0.19900000095367432,0.1850000023841858
YIL147C,YOR113W,0,0.34919724,0.09707316756248474,0.19900000095367432,0.1851000040769577
YFL005W,YLR092W,0,0.34913412,0.09702584147453308,0.19900000095367432,0.18520000576972961
YDR091C,YPL049C,0,0.3491195,0.096978560090065,0.19900000095367432,0.18529999256134033
YIL106W,YDR234W,0,0.34904853,0.0969313234090805,0.19900000095367432,0.18539999425411224
YLR367W,YAL056W,0,0.349044,0.09688413143157959,0.19900000095367432,0.18549999594688416
YOL076W,YMR118C,0,0.3490063,0.09683698415756226,0.19900000095367432,0.18559999763965607
YAR009C,YJR054W,0,0.34899542,0.0967898815870285,0.19900000095367432,0.18569999933242798
YHL038C,YPL210C,0,0.34884718,0.09674283117055893,0.19900000095367432,0.1858000010251999
YOR236W,YGL105W,0,0.34863415,0.09669581800699234,0.19900000095367432,0.1859000027179718
YMR053C,YPR095C,0,0.34860268,0.09664885699748993,0.19900000095367432,0.1860000044107437
YER063W,YHL015W,0,0.34860113,0.0966019406914711,0.19900000095367432,0.18610000610351562
YOR267C,YBR211C,0,0.34830606,0.09655506908893585,0.19900000095367432,0.18619999289512634
YGR204W,YMR207C,0,0.34819233,0.09650824218988419,0.19900000095367432,0.18629999458789825
YBR023C,YIR031C,0,0.348156,0.0964614674448967,0.19900000095367432,0.18639999628067017
YGL043W,YGR186W,1,0.34814245,0.09689922630786896,0.20000000298023224,0.18639999628067017
YPL007C,YML069W,1,0.3481182,0.09733656048774719,0.20100000500679016,0.18639999628067017
YPR037C,YNL317W,0,0.34809458,0.09728945046663284,0.20100000500679016,0.18649999797344208
YMR005W,YPL122C,1,0.34806168,0.09772617369890213,0.20200000703334808,0.18649999797344208
YPL082C,YDR448W,1,0.3479956,0.09816247224807739,0.2029999941587448,0.18649999797344208
YDR145W,YER028C,1,0.3478963,0.09859835356473923,0.20399999618530273,0.18649999797344208
YDR384C,YDL123W,0,0.34786788,0.0985507220029831,0.20399999618530273,0.186599999666214
YIL106W,YOR117W,0,0.34776473,0.09850313514471054,0.20399999618530273,0.1867000013589859
YPL004C,YPL176C,0,0.3476452,0.09845560044050217,0.20399999618530273,0.1868000030517578
YDR362C,YCL010C,1,0.3475535,0.09889049828052521,0.20499999821186066,0.1868000030517578
YIL107C,YNR037C,0,0.34754136,0.0988428145647049,0.20499999821186066,0.18690000474452972
YNL059C,YNR071C,0,0.34741646,0.09879518300294876,0.20499999821186066,0.18700000643730164
YMR081C,YOL051W,0,0.34726697,0.09874758869409561,0.20499999821186066,0.18709999322891235
YJR041C,YCR091W,0,0.34725347,0.09870004653930664,0.20499999821186066,0.18719999492168427
YIL098C,YJL045W,0,0.34719312,0.09865254908800125,0.20499999821186066,0.18729999661445618
YER176W,YDR176W,0,0.3470757,0.09860509634017944,0.20499999821186066,0.1873999983072281
YOR091W,YPR148C,0,0.34699985,0.09855769574642181,0.20499999821186066,0.1875
YML041C,YGL151W,0,0.3469182,0.09851033240556717,0.20499999821186066,0.1876000016927719
YNL059C,YPL117C,0,0.34690258,0.0984630137681961,0.20499999821186066,0.18770000338554382
YBR211C,YOL059W,0,0.34681854,0.09841574728488922,0.20499999821186066,0.18780000507831573
YML102W,YGL105W,0,0.34680426,0.09836852550506592,0.20499999821186066,0.18790000677108765
YHR009C,YAL051W,0,0.34657466,0.0983213409781456,0.20499999821186066,0.18799999356269836
YMR048W,YDR427W,0,0.34655896,0.09827420860528946,0.20499999821186066,0.18809999525547028
YOR004W,YKL052C,0,0.34654987,0.0982271209359169,0.20499999821186066,0.1881999969482422
YHR157W,YGL127C,0,0.34621003,0.09818007797002792,0.20499999821186066,0.1882999986410141
YML100W,YML127W,0,0.34598002,0.09813307970762253,0.20499999821186066,0.188400000333786
YBR086C,YER060W-A,0,0.3457518,0.09808612614870071,0.20499999821186066,0.18850000202655792
YGL126W,YDR517W,0,0.34572512,0.09803921729326248,0.20499999821186066,0.18860000371932983
YOR049C,YPL233W,0,0.34566256,0.09799235314130783,0.20499999821186066,0.18870000541210175
YIL030C,YCL068C,0,0.34554556,0.09794553369283676,0.20499999821186066,0.18880000710487366
YGL166W,YPR186C,1,0.34549287,0.0983763113617897,0.20600000023841858,0.18880000710487366
YLR333C,YGR224W,0,0.34523103,0.09832935780286789,0.20600000023841858,0.18889999389648438
YFR014C,YOR172W,0,0.34520826,0.09828244149684906,0.20600000023841858,0.1889999955892563
YDR343C,YGR244C,0,0.34519687,0.09823557734489441,0.20600000023841858,0.1890999972820282
YAR042W,YIL014W,0,0.34515104,0.09818875044584274,0.20600000023841858,0.1891999989748001
YBR109C,YGR040W,0,0.34497556,0.09814197570085526,0.20600000023841858,0.18930000066757202
YNL180C,YNL055C,0,0.34492835,0.09809523820877075,0.20600000023841858,0.18940000236034393
YGL043W,YPR008W,1,0.34492818,0.09852451086044312,0.2070000022649765,0.18940000236034393
YCR042C,YIL036W,1,0.34483668,0.09895338118076324,0.20800000429153442,0.18940000236034393
YNL222W,YGL166W,1,0.34466374,0.09938183426856995,0.20900000631809235,0.18940000236034393
YPL168W,YKL132C,0,0.34465685,0.09933459758758545,0.20900000631809235,0.18950000405311584
YGR097W,YNR071C,0,0.34438202,0.09928741306066513,0.20900000631809235,0.18960000574588776
YLR258W,YGR122W,0,0.34434882,0.0992402657866478,0.20900000631809235,0.18970000743865967
YEL048C,YEL044W,0,0.34426418,0.09919316321611404,0.20900000631809235,0.18979999423027039
YAR009C,YLL053C,0,0.34421802,0.09914611279964447,0.20900000631809235,0.1898999959230423
YPL171C,YHR142W,0,0.34416643,0.09909909963607788,0.20900000631809235,0.1899999976158142
YBR046C,YOR103C,0,0.34404352,0.09905213117599487,0.20900000631809235,0.19009999930858612
YGR080W,YBR045C,0,0.34388968,0.09900520741939545,0.20900000631809235,0.19020000100135803
YLR399C,YER148W,1,0.34386268,0.09943182021379471,0.20999999344348907,0.19020000100135803
YGR212W,YGL167C,0,0.34382156,0.09938476234674454,0.20999999344348907,0.19030000269412994
YJL078C,YGL198W,0,0.34375077,0.09933774918317795,0.20999999344348907,0.19040000438690186
YMR215W,YHR033W,0,0.34372863,0.09929078072309494,0.20999999344348907,0.19050000607967377
YDR439W,YKL145W,0,0.34367785,0.09924385696649551,0.20999999344348907,0.19059999287128448
YPR173C,YLR323C,0,0.3436561,0.09919697791337967,0.20999999344348907,0.1906999945640564
YHR197W,YER071C,0,0.34361073,0.0991501435637474,0.20999999344348907,0.1907999962568283
YDL108W,YDR167W,1,0.34348896,0.09957527369260788,0.210999995470047,0.1907999962568283
YGL151W,YNL055C,0,0.34346774,0.09952830523252487,0.210999995470047,0.19089999794960022
YPR008W,YNL039W,1,0.3434449,0.09995285421609879,0.21199999749660492,0.19089999794960022
YPR110C,YGR174C,0,0.34339705,0.09990575164556503,0.21199999749660492,0.19099999964237213
YKR078W,YMR243C,0,0.34295934,0.09985869377851486,0.21199999749660492,0.19110000133514404
YDR268W,YER060W-A,0,0.34289226,0.09981167316436768,0.21199999749660492,0.19120000302791595
YJR050W,YOR341W,0,0.3428242,0.09976470470428467,0.21199999749660492,0.19130000472068787
YOR049C,YOR247W,0,0.34281424,0.09971778094768524,0.21199999749660492,0.19140000641345978
YDL091C,YGL093W,0,0.34279177,0.0996708944439888,0.21199999749660492,0.1914999932050705
YGL063W,YDL124W,0,0.34270856,0.09962406009435654,0.21199999749660492,0.1915999948978424
YNL263C,YOR358W,0,0.34270227,0.09957726299762726,0.21199999749660492,0.19169999659061432
YMR215W,YGR161C,0,0.34268746,0.09953051805496216,0.21199999749660492,0.19179999828338623
YDR189W,YDL175C,0,0.34265438,0.09948381036520004,0.21199999749660492,0.19189999997615814
YDR268W,YKL079W,0,0.3426506,0.09943714737892151,0.21199999749660492,0.19200000166893005
YMR207C,YNL161W,0,0.3426223,0.09939052909612656,0.21199999749660492,0.19210000336170197
YIL052C,YGR253C,0,0.34245354,0.09934395551681519,0.21199999749660492,0.19220000505447388
YLL048C,YBR218C,0,0.34242192,0.0992974266409874,0.21199999749660492,0.1923000067472458
YOL055C,YDR045C,0,0.3423349,0.09925093501806259,0.21199999749660492,0.1923999935388565
YJR120W,YMR207C,0,0.34228137,0.09920449554920197,0.21199999749660492,0.19249999523162842
YGL098W,YDL012C,0,0.3422697,0.09915809333324432,0.21199999749660492,0.19259999692440033
YBR248C,YFR049W,0,0.3421925,0.09911173582077026,0.21199999749660492,0.19269999861717224
YOR110W,YPR086W,1,0.34217015,0.09953270852565765,0.21299999952316284,0.19269999861717224
YIL013C,YBL072C,0,0.34212467,0.09948622435331345,0.21299999952316284,0.19280000030994415
YPL043W,YAL059W,0,0.34211555,0.09943977743387222,0.21299999952316284,0.19290000200271606
YER081W,YNL065W,0,0.34201333,0.09939337521791458,0.21299999952316284,0.19300000369548798
YDR111C,YPL239W,0,0.34198138,0.09934701770544052,0.21299999952316284,0.1931000053882599
YIL069C,YDL087C,0,0.34196946,0.09930069744586945,0.21299999952316284,0.1932000070810318
YOR383C,YGR208W,0,0.34187523,0.09925442934036255,0.21299999952316284,0.19329999387264252
YDR287W,YGR178C,0,0.3418388,0.09920819848775864,0.21299999952316284,0.19339999556541443
YDL072C,YGL064C,0,0.34182236,0.0991620123386383,0.21299999952316284,0.19349999725818634
YIL030C,YBL025W,0,0.34177265,0.09911587089300156,0.21299999952316284,0.19359999895095825
YIL007C,YFL005W,0,0.34177145,0.09906976670026779,0.21299999952316284,0.19370000064373016
YLR258W,YML127W,0,0.34174684,0.09902370721101761,0.21299999952316284,0.19380000233650208
YML016C,YPL156C,0,0.34166226,0.09897769242525101,0.21299999952316284,0.193900004029274
YLR399C,YEL009C,1,0.34165925,0.09939619153738022,0.21400000154972076,0.193900004029274
YDR323C,YLL053C,0,0.34157807,0.09935005009174347,0.21400000154972076,0.1940000057220459
YHR006W,YDL031W,0,0.34155962,0.0993039458990097,0.21400000154972076,0.1941000074148178
YMR053C,YMR050C,0,0.34148315,0.09925788640975952,0.21400000154972076,0.19419999420642853
YOR267C,YNL024C,0,0.34136638,0.09921187162399292,0.21400000154972076,0.19429999589920044
YER177W,YGL006W,0,0.34130874,0.0991658940911293,0.21400000154972076,0.19439999759197235
YML102W,YER060W,0,0.3413042,0.09911996126174927,0.21400000154972076,0.19449999928474426
YMR236W,YNL314W,1,0.3412868,0.09953703731298447,0.2150000035762787,0.19449999928474426
YFR031C-A,YGL115W,0,0.34126905,0.09949097782373428,0.2150000035762787,0.19460000097751617
YMR055C,YHR110W,0,0.34126228,0.09944495558738708,0.2150000035762787,0.19470000267028809
YOR018W,YDR234W,0,0.34126142,0.09939898550510406,0.2150000035762787,0.19480000436306
YDL235C,YNL055C,0,0.34118462,0.09935305267572403,0.2150000035762787,0.1949000060558319
YMR192W,YNL167C,0,0.3410218,0.09930715709924698,0.2150000035762787,0.19499999284744263
YDR407C,YIL123W,0,0.34098822,0.0992613136768341,0.2150000035762787,0.19509999454021454
YDR328C,YNL278W,0,0.34088054,0.09921550750732422,0.2150000035762787,0.19519999623298645
YFR014C,YPL168W,0,0.34087503,0.09916973859071732,0.2150000035762787,0.19529999792575836
YGL207W,YDR167W,1,0.34084946,0.09958506375551224,0.2160000056028366,0.19529999792575836
YGR165W,YLR001C,0,0.34083936,0.09953916817903519,0.2160000056028366,0.19539999961853027
YPL130W,YHR201C,0,0.34079435,0.09949332475662231,0.2160000056028366,0.19550000131130219
YPL224C,YPL176C,0,0.34076983,0.09944751113653183,0.2160000056028366,0.1956000030040741
YDR407C,YPL135W,0,0.34071732,0.09940174967050552,0.2160000056028366,0.195700004696846
YBR016W,YHR149C,0,0.34064725,0.0993560254573822,0.2160000056028366,0.19580000638961792
YPL021W,YPL097W,0,0.34063327,0.09931034594774246,0.2160000056028366,0.19589999318122864
YGL243W,YKL077W,0,0.3403159,0.0992647036910057,0.2160000056028366,0.19599999487400055
YPL056C,YPL145C,0,0.34029016,0.09921910613775253,0.2160000056028366,0.19609999656677246
YCL017C,YDL139C,0,0.34014413,0.09917355328798294,0.2160000056028366,0.19619999825954437
YEL020W-A,YBR268W,0,0.34007734,0.09912803769111633,0.2160000056028366,0.19629999995231628
YER179W,YGL151W,0,0.3400682,0.0990825667977333,0.2160000056028366,0.1964000016450882
YOR091W,YER177W,0,0.34006074,0.09903714060783386,0.2160000056028366,0.1965000033378601
YDL145C,YPL076W,0,0.34003142,0.0989917516708374,0.2160000056028366,0.19660000503063202
YHR088W,YBR295W,0,0.33986852,0.09894640743732452,0.2160000056028366,0.19670000672340393
YBR211C,YHR005C,0,0.33983716,0.09890110045671463,0.2160000056028366,0.19679999351501465
YML013W,YNL130C,0,0.3397464,0.09885583817958832,0.2160000056028366,0.19689999520778656
YOL084W,YGL231C,0,0.33968455,0.09881061315536499,0.2160000056028366,0.19699999690055847
YMR015C,YER005W,0,0.33968237,0.09876543283462524,0.2160000056028366,0.19709999859333038
YJR042W,YPR095C,0,0.33923462,0.09872028976678848,0.2160000056028366,0.1972000002861023
YLR223C,YHL006C,0,0.3390254,0.0986751914024353,0.2160000056028366,0.1973000019788742
YDR430C,YLR093C,0,0.33899328,0.0986301377415657,0.2160000056028366,0.19740000367164612
YOL144W,YPR017C,0,0.33890718,0.09858512133359909,0.2160000056028366,0.19750000536441803
YDR213W,YMR048W,0,0.33888647,0.09854014962911606,0.2160000056028366,0.19760000705718994
YOL012C,YGR129W,0,0.33885488,0.09849521517753601,0.2160000056028366,0.19769999384880066
YOR189W,YPL221W,0,0.33881697,0.09845031797885895,0.2160000056028366,0.19779999554157257
YNL317W,YPL253C,0,0.3386883,0.09840546548366547,0.2160000056028366,0.19789999723434448
YOR101W,YCL039W,0,0.33862588,0.09836065769195557,0.2160000056028366,0.1979999989271164
YOR002W,YER142C,0,0.33856127,0.09831588715314865,0.2160000056028366,0.1981000006198883
YIL007C,YKL192C,0,0.33853272,0.09827115386724472,0.2160000056028366,0.19820000231266022
YNL051W,YNL111C,0,0.3384947,0.09822646528482437,0.2160000056028366,0.19830000400543213
YFR038W,YBR301W,0,0.33846542,0.0981818214058876,0.2160000056028366,0.19840000569820404
YPR003C,YGL115W,0,0.33846426,0.09813720732927322,0.2160000056028366,0.19850000739097595
YFR031C-A,YNR033W,0,0.33843958,0.09809264540672302,0.2160000056028366,0.19859999418258667
YCR016W,YJL173C,0,0.33812797,0.09804811328649521,0.2160000056028366,0.19869999587535858
YLR060W,YCR063W,0,0.3379405,0.09800363332033157,0.2160000056028366,0.1987999975681305
YBL007C,YHR154W,0,0.33771843,0.09795918315649033,0.2160000056028366,0.1988999992609024
YOL009C,YMR230W,0,0.33762792,0.09791477769613266,0.2160000056028366,0.19900000095367432
YMR040W,YGL238W,0,0.33761564,0.09787040948867798,0.2160000056028366,0.19910000264644623
YPL122C,YPR008W,1,0.33754662,0.09827898442745209,0.21699999272823334,0.19910000264644623
YLR284C,YDR176W,0,0.33739915,0.09823449701070786,0.21699999272823334,0.19920000433921814
YMR243C,YJL013C,0,0.33731204,0.09819004684686661,0.21699999272823334,0.19930000603199005
YER100W,YHR148W,0,0.33728942,0.09814563393592834,0.21699999272823334,0.19939999282360077
YHR033W,YBL031W,0,0.3372539,0.09810126572847366,0.21699999272823334,0.19949999451637268
YDR002W,YHR001W-A,0,0.337172,0.09805693477392197,0.21699999272823334,0.1995999962091446
YJR052W,YNL055C,0,0.3370776,0.09801264852285385,0.21699999272823334,0.1996999979019165
YNL023C,YPR034W,0,0.33707133,0.09796839952468872,0.21699999272823334,0.19979999959468842
YGR193C,YIL068C,0,0.33701745,0.09792418777942657,0.21699999272823334,0.19990000128746033
YDR362C,YDL108W,1,0.33683842,0.09833107888698578,0.21799999475479126,0.19990000128746033
YPL202C,YEL009C,1,0.3368122,0.09873760491609573,0.21899999678134918,0.19990000128746033
YDR039C,YLR466W,0,0.33677414,0.09869310259819031,0.21899999678134918,0.20000000298023224
YOL055C,YDR021W,0,0.33669224,0.09864864498376846,0.21899999678134918,0.20010000467300415
YOR334W,YDR176W,0,0.33665565,0.0986042320728302,0.21899999678134918,0.20020000636577606
YIL120W,YJL180C,0,0.33665353,0.09855985641479492,0.21899999678134918,0.20029999315738678
YPR100W,YNR052C,0,0.33658051,0.09851551800966263,0.21899999678134918,0.2003999948501587
YFR016C,YKR099W,0,0.33657482,0.09847122430801392,0.21899999678134918,0.2004999965429306
YGL246C,YOR272W,0,0.3365471,0.09842696785926819,0.21899999678134918,0.20059999823570251
YLR223C,YGL107C,0,0.3364974,0.09838274866342545,0.21899999678134918,0.20069999992847443
YIL098C,YOL023W,0,0.3363983,0.09833857417106628,0.21899999678134918,0.20080000162124634
YMR318C,YOR117W,0,0.33634755,0.09829443693161011,0.21899999678134918,0.20090000331401825
YCR016W,YPL210C,0,0.3363183,0.09825033694505692,0.21899999678134918,0.20100000500679016
YOR236W,YPL207W,0,0.33627835,0.0982062816619873,0.21899999678134918,0.20110000669956207
YGR161C,YDR135C,0,0.33623698,0.09816225618124008,0.21899999678134918,0.2011999934911728
YNL056W,YHR009C,0,0.33618093,0.09811828285455704,0.21899999678134918,0.2012999951839447
YGL098W,YOL061W,0,0.33589473,0.09807433933019638,0.21899999678134918,0.2013999968767166
YPL058C,YNL240C,0,0.33583456,0.0980304405093193,0.21899999678134918,0.20149999856948853
YOR252W,YDL100C,0,0.3358317,0.09798657894134521,0.21899999678134918,0.20160000026226044
YDR041W,YML076C,0,0.33572042,0.09794275462627411,0.21899999678134918,0.20170000195503235
YDR427W,YPL061W,0,0.3356898,0.09789897501468658,0.21899999678134918,0.20180000364780426
YOR267C,YDL139C,0,0.33564594,0.09785522520542145,0.21899999678134918,0.20190000534057617
YPL140C,YIL008W,0,0.33548668,0.09781152009963989,0.21899999678134918,0.20200000703334808
YDR438W,YNL065W,0,0.33533394,0.09776785969734192,0.21899999678134918,0.2020999938249588
YDR367W,YJL035C,0,0.33532438,0.09772422909736633,0.21899999678134918,0.2021999955177307
YDL189W,YDL117W,0,0.3352876,0.09768064320087433,0.21899999678134918,0.20229999721050262
YLR347C,YOR109W,0,0.33520988,0.09763709455728531,0.21899999678134918,0.20239999890327454
YMR205C,YPL097W,0,0.33496046,0.09759358316659927,0.21899999678134918,0.20250000059604645
YGL244W,YNL314W,1,0.33491763,0.09799554198980331,0.2199999988079071,0.20250000059604645
YLR023C,YLR001C,0,0.33485043,0.09795191138982773,0.2199999988079071,0.20260000228881836
YLR284C,YHR157W,0,0.33480573,0.09790832549333572,0.2199999988079071,0.20270000398159027
YIL143C,YGL166W,1,0.33462778,0.09830960631370544,0.22100000083446503,0.20270000398159027
YPL171C,YOR335C,0,0.33451512,0.09826589375734329,0.22100000083446503,0.20280000567436218
YLR039C,YCR063W,0,0.33438572,0.09822222590446472,0.22100000083446503,0.2029000073671341
YOR045W,YNL318C,0,0.33435118,0.09817858785390854,0.22100000083446503,0.2029999941587448
YDR080W,YCL067C,0,0.3342938,0.09813499450683594,0.22100000083446503,0.20309999585151672
YNL328C,YHL050C,0,0.33417442,0.09809143096208572,0.22100000083446503,0.20319999754428864
YDR513W,YNL038W,0,0.33416814,0.09804791212081909,0.22100000083446503,0.20329999923706055
YNR038W,YDR021W,0,0.3341324,0.09800443798303604,0.22100000083446503,0.20340000092983246
YHR108W,YMR009W,0,0.33399448,0.09796099364757538,0.22100000083446503,0.20350000262260437
YLL024C,YJL058C,0,0.3339438,0.0979175865650177,0.22100000083446503,0.20360000431537628
YER102W,YHR037W,0,0.33394054,0.0978742241859436,0.22100000083446503,0.2037000060081482
YNL243W,YEL019C,0,0.33387017,0.09783089905977249,0.22100000083446503,0.2037999927997589
YER100W,YCR031C,0,0.33382213,0.09778761118650436,0.22100000083446503,0.20389999449253082
YDL247W,YKL080W,0,0.33375236,0.09774436056613922,0.22100000083446503,0.20399999618530273
YGR205W,YBR146W,0,0.33360252,0.09770114719867706,0.22100000083446503,0.20409999787807465
YDR412W,YHR118C,0,0.33355805,0.09765797853469849,0.22100000083446503,0.20419999957084656
YNL286W,YHR114W,0,0.33352008,0.0976148396730423,0.22100000083446503,0.20430000126361847
YPL122C,YOR194C,1,0.33343843,0.0980132445693016,0.22200000286102295,0.20430000126361847
YAR033W,YDR002W,0,0.33334354,0.09796999394893646,0.22200000286102295,0.20440000295639038
YER093C,YIL173W,0,0.33329526,0.09792677313089371,0.22200000286102295,0.2045000046491623
YML059C,YBR005W,0,0.33329096,0.09788359701633453,0.22200000286102295,0.2046000063419342
YOL069W,YLR023C,0,0.3332831,0.09784045815467834,0.22200000286102295,0.20469999313354492
YER040W,YOR249C,0,0.33319178,0.09779735654592514,0.22200000286102295,0.20479999482631683
YNL076W,YKL197C,0,0.33317795,0.09775429219007492,0.22200000286102295,0.20489999651908875
YPL133C,YMR274C,0,0.3330305,0.09771126508712769,0.22200000286102295,0.20499999821186066
YJR048W,YNR053C,0,0.332895,0.09766828268766403,0.22200000286102295,0.20509999990463257
YPL173W,YMR156C,0,0.33287925,0.09762533009052277,0.22200000286102295,0.20520000159740448
YLR075W,YLR150W,0,0.33285803,0.09758241474628448,0.22200000286102295,0.2053000032901764
YFL061W,YGR178C,0,0.33281553,0.09753954410552979,0.22200000286102295,0.2054000049829483
YDR078C,YML082W,0,0.3327215,0.09749670326709747,0.22200000286102295,0.20550000667572021
YGL116W,YDR005C,0,0.3326797,0.09745390713214874,0.22200000286102295,0.20559999346733093
YLR377C,YGL105W,0,0.3326393,0.097411148250103,0.22200000286102295,0.20569999516010284
YBR268W,YPR174C,0,0.33252597,0.09736841917037964,0.22200000286102295,0.20579999685287476
YLR345W,YBR049C,0,0.33251506,0.09732573479413986,0.22200000286102295,0.20589999854564667
YPL100W,YMR153W,0,0.33250305,0.09728308767080307,0.22200000286102295,0.20600000023841858
YJL186W,YKL040C,0,0.3323848,0.09724047034978867,0.22200000286102295,0.2061000019311905
YER028C,YGL240W,0,0.33238003,0.09719789773225784,0.22200000286102295,0.2062000036239624
YLL006W,YGL240W,0,0.3322826,0.09715536236763,0.22200000286102295,0.20630000531673431
YJL045W,YML081W,0,0.33226198,0.09711286425590515,0.22200000286102295,0.20640000700950623
YAL051W,YIL173W,0,0.33226046,0.09707039594650269,0.22200000286102295,0.20649999380111694
YHR108W,YER179W,0,0.33208328,0.0970279723405838,0.22200000286102295,0.20659999549388885
YKR100C,YLR068W,0,0.33191523,0.0969855859875679,0.22200000286102295,0.20669999718666077
YHR088W,YGL061C,0,0.33180866,0.09694322943687439,0.22200000286102295,0.20679999887943268
YHL028W,YHR001W-A,0,0.3317861,0.09690091758966446,0.22200000286102295,0.2069000005722046
YNL263C,YLR167W,0,0.33176792,0.09685863554477692,0.22200000286102295,0.2070000022649765
YJR073C,YMR015C,0,0.33164832,0.09681639820337296,0.22200000286102295,0.2071000039577484
YPR161C,YIL018W,0,0.3316393,0.09677419066429138,0.22200000286102295,0.20720000565052032
YGL092W,YLR037C,0,0.33162516,0.09673202782869339,0.22200000286102295,0.20730000734329224
YER063W,YGL096W,0,0.33152488,0.09668989479541779,0.22200000286102295,0.20739999413490295
YPL082C,YGR274C,1,0.331421,0.09708315134048462,0.22300000488758087,0.20739999413490295
YBR130C,YIL106W,0,0.3314126,0.09704090654850006,0.22300000488758087,0.20749999582767487
YDR190C,YCL039W,0,0.33123985,0.09699869155883789,0.22300000488758087,0.20759999752044678
YDR399W,YMR226C,0,0.33093688,0.0969565212726593,0.22300000488758087,0.2076999992132187
YHR006W,YDR399W,0,0.3309131,0.0969143882393837,0.22300000488758087,0.2078000009059906
YJR117W,YJL179W,0,0.33069235,0.09687228500843048,0.22300000488758087,0.2079000025987625
YIL107C,YIL154C,0,0.33067733,0.09683021903038025,0.22300000488758087,0.20800000429153442
YCL001W,YLR068W,0,0.33058134,0.0967881977558136,0.22300000488758087,0.20810000598430634
YPL207W,YHR110W,0,0.33056763,0.09674620628356934,0.22300000488758087,0.20819999277591705
YML023C,YLR115W,0,0.33056358,0.09670425206422806,0.22300000488758087,0.20829999446868896
YJL057C,YBR089C-A,0,0.33052182,0.09666233509778976,0.22300000488758087,0.20839999616146088
YPL207W,YGL096W,0,0.33045322,0.09662044793367386,0.22300000488758087,0.2084999978542328
YGL087C,YDL149W,0,0.3304058,0.09657860547304153,0.22300000488758087,0.2085999995470047
YCL017C,YBR023C,0,0.3303165,0.0965367928147316,0.22300000488758087,0.2087000012397766
YJL174W,YDR200C,0,0.33025882,0.09649502485990524,0.22300000488758087,0.20880000293254852
YGR129W,YBR089C-A,0,0.33021873,0.09645328670740128,0.22300000488758087,0.20890000462532043
YDR311W,YKL028W,1,0.33011624,0.09684392809867859,0.2240000069141388,0.20890000462532043
YAL028W,YGR224W,0,0.33010703,0.09680207073688507,0.2240000069141388,0.20900000631809235
YHR169W,YOR113W,0,0.32995573,0.09676025807857513,0.2240000069141388,0.20909999310970306
YPR169W,YDR080W,0,0.32990298,0.09671848267316818,0.2240000069141388,0.20919999480247498
YBR268W,YMR226C,0,0.32984722,0.09667673707008362,0.2240000069141388,0.2092999964952469
YOR049C,YMR015C,0,0.3298433,0.09663502871990204,0.2240000069141388,0.2093999981880188
YJR035W,YER093C,0,0.3298402,0.09659335762262344,0.2240000069141388,0.2094999998807907
YPR071W,YKL077W,0,0.32980883,0.09655172377824783,0.2240000069141388,0.20960000157356262
YGL098W,YNR030W,0,0.32978928,0.09651012718677521,0.2240000069141388,0.20970000326633453
YOL009C,YNL036W,0,0.32978824,0.09646856039762497,0.2240000069141388,0.20980000495910645
YBR119W,YLR175W,0,0.32977733,0.09642703086137772,0.2240000069141388,0.20990000665187836
YOR068C,YNR033W,0,0.32964173,0.09638553857803345,0.2240000069141388,0.20999999344348907
YLR143W,YCL067C,0,0.3295463,0.09634408354759216,0.2240000069141388,0.210099995136261
YLR239C,YNL059C,0,0.32954255,0.09630266577005386,0.2240000069141388,0.2101999968290329
YDR259C,YHR157W,0,0.32947546,0.09626127779483795,0.2240000069141388,0.2102999985218048
YGR246C,YLR005W,1,0.32947025,0.09664948284626007,0.22499999403953552,0.2102999985218048
YDR311W,YGR246C,1,0.32942662,0.09703735262155533,0.22599999606609344,0.2102999985218048
YJR102C,YGL198W,0,0.32940146,0.09699571132659912,0.22599999606609344,0.21040000021457672
YGR004W,YPR155C,0,0.32931212,0.0969540998339653,0.22599999606609344,0.21050000190734863
YFR031C-A,YDR292C,0,0.3292774,0.09691251814365387,0.22599999606609344,0.21060000360012054
YOR172W,YDR300C,0,0.32922694,0.09687098115682602,0.22599999606609344,0.21070000529289246
YJL059W,YDL124W,0,0.32887086,0.09682947397232056,0.22599999606609344,0.21080000698566437
YBR279W,YPR007C,0,0.32886282,0.09678801149129868,0.22599999606609344,0.21089999377727509
YOR090C,YOL132W,0,0.32885882,0.09674657881259918,0.22599999606609344,0.210999995470047
YDR343C,YGR161C,0,0.328522,0.09670517593622208,0.22599999606609344,0.2110999971628189
YKL185W,YML102W,0,0.3284928,0.09666381776332855,0.22599999606609344,0.21119999885559082
YML013W,YLR115W,0,0.32824317,0.09662248939275742,0.22599999606609344,0.21130000054836273
YOL020W,YLR247C,0,0.32823494,0.09658119827508926,0.22599999606609344,0.21140000224113464
YGL244W,YCL010C,1,0.3281896,0.09696710854768753,0.22699999809265137,0.21140000224113464
YOR034C,YGL167C,0,0.3281747,0.09692570567131042,0.22699999809265137,0.21150000393390656
YGL189C,YBR016W,0,0.32790658,0.0968843325972557,0.22699999809265137,0.21160000562667847
YDR148C,YML082W,0,0.3277572,0.09684300422668457,0.22699999809265137,0.21170000731945038
YHR096C,YOL061W,0,0.32774037,0.09680170565843582,0.22699999809265137,0.2117999941110611
YOR258W,YIL062C,0,0.32769665,0.09676044434309006,0.22699999809265137,0.211899995803833
YDL240W,YLR460C,0,0.32766548,0.09671921283006668,0.22699999809265137,0.21199999749660492
YPR186C,YGL043W,1,0.32760984,0.09710391610860825,0.2280000001192093,0.21199999749660492
YGL144C,YBR168W,0,0.32749024,0.09706258028745651,0.2280000001192093,0.21209999918937683
YBR211C,YBR101C,0,0.32743207,0.09702127426862717,0.2280000001192093,0.21220000088214874
YML127W,YGR030C,0,0.32739556,0.0969800055027008,0.2280000001192093,0.21230000257492065
YDR280W,YGL167C,0,0.3272696,0.09693877398967743,0.2280000001192093,0.21240000426769257
YGR283C,YOR026W,0,0.3271524,0.09689757972955704,0.2280000001192093,0.21250000596046448
YCR042C,YNL222W,1,0.32707897,0.09728122502565384,0.2290000021457672,0.21250000596046448
YLR277C,YBR149W,0,0.32707468,0.0972399115562439,0.2290000021457672,0.2125999927520752
YLR277C,YER139C,0,0.32702306,0.09719864279031754,0.2290000021457672,0.2126999944448471
YJL181W,YJR052W,0,0.3268763,0.09715740382671356,0.2290000021457672,0.21279999613761902
YDL003W,YDR323C,0,0.32684034,0.09711620211601257,0.2290000021457672,0.21289999783039093
YGR193C,YOR078W,0,0.32681075,0.09707503020763397,0.2290000021457672,0.21299999952316284
YKL134C,YOR109W,0,0.32673088,0.09703389555215836,0.2290000021457672,0.21310000121593475
YLR083C,YLL026W,0,0.3266928,0.09699279814958572,0.2290000021457672,0.21320000290870667
YDR350C,YOR260W,0,0.32660255,0.09695173799991608,0.2290000021457672,0.21330000460147858
YER155C,YKR072C,0,0.32655624,0.09691070765256882,0.2290000021457672,0.2134000062942505
YLR347C,YNL288W,0,0.32645673,0.09686971455812454,0.2290000021457672,0.2134999930858612
YDR039C,YGL194C,0,0.32623655,0.09682875126600266,0.2290000021457672,0.21359999477863312
YPL007C,YKR062W,1,0.32620755,0.09721048176288605,0.23000000417232513,0.21359999477863312
YAL001C,YBR081C,1,0.32616848,0.09759189188480377,0.23100000619888306,0.21359999477863312
YPR143W,YOL121C,0,0.32612133,0.09755067527294159,0.23100000619888306,0.21369999647140503
YJR102C,YAL019W,0,0.32568783,0.09750949591398239,0.23100000619888306,0.21379999816417694
YNL051W,YPR095C,0,0.32566544,0.09746835380792618,0.23100000619888306,0.21389999985694885
YPL116W,YDR176W,0,0.32542393,0.09742724895477295,0.23100000619888306,0.21400000154972076
YKR079C,YJL208C,0,0.32526675,0.09738617390394211,0.23100000619888306,0.21410000324249268
YDR098C,YPR037C,0,0.32523766,0.09734513610601425,0.23100000619888306,0.2142000049352646
YCR031C,YDL046W,0,0.32509312,0.09730412811040878,0.23100000619888306,0.2143000066280365
YDR167W,YGL112C,1,0.32493028,0.09768421202898026,0.23199999332427979,0.2143000066280365
YFL021W,YCL010C,1,0.3248251,0.09806397557258606,0.2329999953508377,0.2143000066280365
YOR034C,YGL231C,0,0.32470676,0.0980227142572403,0.2329999953508377,0.21439999341964722
YKR093W,YPL215W,0,0.3246914,0.09798149764537811,0.2329999953508377,0.21449999511241913
YNL250W,YOR026W,0,0.3246821,0.09794031083583832,0.2329999953508377,0.21459999680519104
YOR266W,YDR398W,0,0.32441914,0.09789916127920151,0.2329999953508377,0.21469999849796295
YDR325W,YBR169C,0,0.32428944,0.09785804152488708,0.2329999953508377,0.21480000019073486
YFL011W,YGL195W,0,0.32421347,0.09781695902347565,0.2329999953508377,0.21490000188350677
YNL145W,YNL024C,0,0.3241187,0.0977759137749672,0.2329999953508377,0.2150000035762787
YOR049C,YOR227W,0,0.32403216,0.09773489832878113,0.2329999953508377,0.2151000052690506
YEL001C,YLL006W,0,0.32399538,0.09769392013549805,0.2329999953508377,0.2152000069618225
YDR145W,YGR005C,1,0.3239802,0.09807208925485611,0.23399999737739563,0.2152000069618225
YHR138C,YPR141C,0,0.32390502,0.09803099930286407,0.23399999737739563,0.21529999375343323
YIL030C,YGL058W,0,0.32375857,0.09798994660377502,0.23399999737739563,0.21539999544620514
YJR153W,YOR129C,0,0.32374793,0.09794893115758896,0.23399999737739563,0.21549999713897705
YOR253W,YPL021W,0,0.32362667,0.09790795296430588,0.23399999737739563,0.21559999883174896
YDR167W,YGL043W,1,0.32335386,0.0982852354645729,0.23499999940395355,0.21559999883174896
YBR248C,YDL134C,0,0.3233078,0.09824414551258087,0.23499999940395355,0.21570000052452087
YNL173C,YDL139C,0,0.32322523,0.09820309281349182,0.23499999940395355,0.21580000221729279
YDR375C,YPL210C,0,0.32315448,0.09816206991672516,0.23499999940395355,0.2159000039100647
YIL144W,YOR357C,0,0.3231432,0.09812108427286148,0.23499999940395355,0.2160000056028366
YDR188W,YNL076W,0,0.3230152,0.09808013588190079,0.23499999940395355,0.21610000729560852
YLR248W,YML061C,0,0.3228159,0.09803921729326248,0.23499999940395355,0.21619999408721924
YDL003W,YPL018W,0,0.32278374,0.09799832850694656,0.23499999940395355,0.21629999577999115
YFR010W,YOR357C,0,0.3227505,0.09795748442411423,0.23499999940395355,0.21639999747276306
YPR199C,YGR040W,0,0.32274458,0.09791667014360428,0.23499999940395355,0.21649999916553497
YLR345W,YDL145C,0,0.32269704,0.09787588566541672,0.23499999940395355,0.21660000085830688
YCR042C,YOR194C,1,0.3226932,0.09825145453214645,0.23600000143051147,0.21660000085830688
YOR090C,YNL243W,0,0.322462,0.09821057319641113,0.23600000143051147,0.2167000025510788
YPL138C,YPL120W,0,0.32242128,0.0981697142124176,0.23600000143051147,0.2168000042438507
YLR085C,YNL023C,0,0.32239768,0.09812889993190765,0.23600000143051147,0.21690000593662262
YPR008W,YPR106W,0,0.32228956,0.09808811545372009,0.23600000143051147,0.21699999272823334
YGR078C,YGL115W,0,0.32227498,0.09804736077785492,0.23600000143051147,0.21709999442100525
YOR193W,YPL117C,0,0.32219836,0.09800664335489273,0.23600000143051147,0.21719999611377716
YNR019W,YPR141C,0,0.32210064,0.09796596318483353,0.23600000143051147,0.21729999780654907
YFR016C,YDL105W,0,0.32207018,0.09792531281709671,0.23600000143051147,0.21739999949932098
YGL076C,YGR094W,0,0.32198355,0.09788469225168228,0.23600000143051147,0.2175000011920929
YER063W,YLR328W,0,0.32196733,0.09784411638975143,0.23600000143051147,0.2176000028848648
YDR150W,YBR065C,0,0.32189202,0.09780356287956238,0.23600000143051147,0.21770000457763672
YML069W,YOR110W,1,0.3218603,0.09817729890346527,0.2370000034570694,0.21770000457763672
YIL064W,YLR189C,0,0.32179126,0.09813664853572845,0.2370000034570694,0.21780000627040863
YER139C,YDR284C,0,0.3217779,0.09809602797031403,0.2370000034570694,0.21789999306201935
YPR173C,YLR234W,0,0.32167098,0.09805543720722198,0.2370000034570694,0.21799999475479126
YBL087C,YDR111C,0,0.32157075,0.09801489114761353,0.2370000034570694,0.21809999644756317
YFR050C,YGL085W,0,0.32151,0.09797436743974686,0.2370000034570694,0.21819999814033508
YDL093W,YLL053C,0,0.3214762,0.09793388098478317,0.2370000034570694,0.218299999833107
YIL137C,YLR017W,0,0.32135546,0.09789343178272247,0.2370000034570694,0.2184000015258789
YDR386W,YLR248W,0,0.321278,0.09785301238298416,0.2370000034570694,0.21850000321865082
YLR006C,YIR004W,0,0.3212047,0.09781263023614883,0.2370000034570694,0.21860000491142273
YIR004W,YLR409C,0,0.32119825,0.0977722778916359,0.2370000034570694,0.21870000660419464
YER032W,YMR133W,0,0.3211387,0.09773195534944534,0.2370000034570694,0.21879999339580536
YLR190W,YLL053C,0,0.32111344,0.09769167006015778,0.2370000034570694,0.21889999508857727
YGL139W,YHL015W,0,0.3211092,0.0976514220237732,0.2370000034570694,0.21899999678134918
YDR435C,YOL126C,0,0.32110155,0.097611203789711,0.2370000034570694,0.2190999984741211
YDR448W,YKL144C,1,0.32089642,0.09798271209001541,0.23800000548362732,0.2190999984741211
YJL186W,YGL092W,0,0.32089072,0.09794238954782486,0.23800000548362732,0.219200000166893
YNL243W,YDR308C,0,0.3208882,0.0979020968079567,0.23800000548362732,0.21930000185966492
YNL246W,YKL196C,0,0.3208712,0.09786184132099152,0.23800000548362732,0.21940000355243683
YMR048W,YPL146C,0,0.32078722,0.09782162308692932,0.23800000548362732,0.21950000524520874
YPL146C,YDR317W,0,0.32056943,0.09778142720460892,0.23800000548362732,0.21960000693798065
YAR009C,YJL208C,0,0.32055566,0.0977412760257721,0.23800000548362732,0.21969999372959137
YOL042W,YGL092W,0,0.32052183,0.09770114719867706,0.23800000548362732,0.21979999542236328
YOR019W,YMR074C,0,0.32043418,0.09766105562448502,0.23800000548362732,0.2198999971151352
YMR205C,YJR050W,0,0.32042256,0.09762100130319595,0.23800000548362732,0.2199999988079071
YOR068C,YDL149W,0,0.32027224,0.09758097678422928,0.23800000548362732,0.22010000050067902
YPR037C,YKR072C,0,0.32024547,0.09754098206758499,0.23800000548362732,0.22020000219345093
YBR003W,YJL168C,0,0.3202097,0.09750102460384369,0.23800000548362732,0.22030000388622284
YPL001W,YML013W,0,0.32020327,0.09746109694242477,0.23800000548362732,0.22040000557899475
YNL314W,YGR186W,1,0.32018316,0.09783053398132324,0.23899999260902405,0.22040000557899475
YGL063W,YOL042W,0,0.32015446,0.09779050946235657,0.23899999260902405,0.22050000727176666
YGR017W,YKL087C,0,0.32009518,0.09775051474571228,0.23899999260902405,0.22059999406337738
YGL063W,YLR263W,0,0.3200472,0.09771054983139038,0.23899999260902405,0.2206999957561493
YHR096C,YPL145C,0,0.32001847,0.09767061471939087,0.23899999260902405,0.2207999974489212
YML081W,YCR018C,0,0.32000127,0.09763071686029434,0.23899999260902405,0.22089999914169312
YPL210C,YMR156C,0,0.31998405,0.0975908562541008,0.23899999260902405,0.22100000083446503
YJL078C,YKL196C,0,0.3199301,0.09755101799964905,0.23899999260902405,0.22110000252723694
YGL246C,YGL171W,0,0.3198671,0.09751121699810028,0.23899999260902405,0.22120000422000885
YOR264W,YLR466W,0,0.31966877,0.0974714532494545,0.23899999260902405,0.22130000591278076
YGL244W,YML069W,1,0.3196592,0.09783937782049179,0.23999999463558197,0.22130000591278076
YGL070C,YJL001W,0,0.31962752,0.09779950976371765,0.23999999463558197,0.22139999270439148
YCL017C,YDR148C,0,0.31957254,0.0977596715092659,0.23999999463558197,0.2214999943971634
YMR110C,YGR007W,0,0.31952897,0.09771987050771713,0.23999999463558197,0.2215999960899353
YPL100W,YIL144W,0,0.31952575,0.09768009930849075,0.23999999463558197,0.22169999778270721
YLR118C,YDR025W,0,0.31932166,0.09764035791158676,0.23999999463558197,0.22179999947547913
YDR127W,YHR033W,0,0.31926656,0.09760065376758575,0.23999999463558197,0.22190000116825104
YHL028W,YMR015C,0,0.31926298,0.09756097197532654,0.23999999463558197,0.22200000286102295
YDR167W,YOR110W,1,0.3191462,0.09792767465114594,0.2409999966621399,0.22200000286102295
YGR283C,YER038C,0,0.31908712,0.09788789600133896,0.2409999966621399,0.22210000455379486
YOR034C,YFR053C,0,0.3189851,0.09784815460443497,0.2409999966621399,0.22220000624656677
YEL019C,YDR175C,0,0.31892124,0.09780844300985336,0.2409999966621399,0.2222999930381775
YFR030W,YPL135W,0,0.3188692,0.09776876121759415,0.2409999966621399,0.2223999947309494
YKL033W,YDR150W,0,0.3187798,0.09772911667823792,0.2409999966621399,0.2224999964237213
YDL003W,YDR190C,0,0.31877938,0.09768950194120407,0.2409999966621399,0.22259999811649323
YAL051W,YNL278W,0,0.31877342,0.09764991700649261,0.2409999966621399,0.22269999980926514
YCR106W,YOR086C,0,0.31873456,0.09761036932468414,0.2409999966621399,0.22280000150203705
YKL132C,YKL058W,0,0.31872866,0.09757085144519806,0.2409999966621399,0.22290000319480896
YNL251C,YBR049C,0,0.3185594,0.09753136336803436,0.2409999966621399,0.22300000488758087
YOL069W,YHR201C,0,0.31843773,0.09749191254377365,0.2409999966621399,0.22310000658035278
YPL137C,YML057W,0,0.31841636,0.09745248407125473,0.2409999966621399,0.2231999933719635
YDR441C,YDR513W,0,0.31831467,0.0974130928516388,0.2409999966621399,0.2232999950647354
YHR204W,YDR464W,0,0.31808594,0.09737373888492584,0.2409999966621399,0.22339999675750732
YOL029C,YHL035C,0,0.31805444,0.09733440726995468,0.2409999966621399,0.22349999845027924
YOL098C,YBR168W,0,0.31801853,0.0972951129078865,0.2409999966621399,0.22360000014305115
YOR193W,YDR437W,0,0.3179455,0.09725584834814072,0.2409999966621399,0.22370000183582306
YLR102C,YOR334W,0,0.3178969,0.09721662104129791,0.2409999966621399,0.22380000352859497
YMR076C,YDR028C,0,0.31780598,0.0971774160861969,0.2409999966621399,0.22390000522136688
YDR002W,YLR055C,0,0.3176625,0.09713824838399887,0.2409999966621399,0.2240000069141388
YOR330C,YGL129C,0,0.31757665,0.09709911048412323,0.2409999966621399,0.2240999937057495
YPR128C,YPL010W,0,0.3174816,0.09706000983715057,0.2409999966621399,0.22419999539852142
YDR427W,YLR315W,0,0.31722018,0.09702093154191971,0.2409999966621399,0.22429999709129333
YBR211C,YCR031C,0,0.3170768,0.09698189049959183,0.2409999966621399,0.22439999878406525
YJR102C,YNL173C,0,0.31695336,0.09694287925958633,0.2409999966621399,0.22450000047683716
YDR178W,YFL011W,0,0.31693548,0.09690389782190323,0.2409999966621399,0.22460000216960907
YLR399C,YPR086W,1,0.3167965,0.09726688265800476,0.24199999868869781,0.22460000216960907
YJR027W,YDR028C,0,0.31671682,0.0972278043627739,0.24199999868869781,0.22470000386238098
YIL019W,YJR041C,0,0.31668645,0.09718875586986542,0.24199999868869781,0.2248000055551529
YOR259C,YGL240W,0,0.31668326,0.09714973717927933,0.24199999868869781,0.2249000072479248
YBR086C,YMR118C,0,0.31663248,0.09711075574159622,0.24199999868869781,0.22499999403953552
YGL067W,YKL129C,0,0.31659797,0.0970718041062355,0.24199999868869781,0.22509999573230743
YOR177C,YBR188C,0,0.31655934,0.09703288227319717,0.24199999868869781,0.22519999742507935
YGL207W,YKL058W,1,0.31637892,0.09739478677511215,0.24300000071525574,0.22519999742507935
YBR060C,YKR031C,0,0.31636468,0.09735576808452606,0.24300000071525574,0.22529999911785126
YOR316C,YOL029C,0,0.31631747,0.09731677919626236,0.24300000071525574,0.22540000081062317
YBR081C,YGL043W,1,0.3161504,0.09767813980579376,0.24400000274181366,0.22540000081062317
YMR055C,YJR131W,0,0.31607613,0.0976390540599823,0.24400000274181366,0.22550000250339508
YER031C,YMR074C,0,0.31605315,0.09759999811649323,0.24400000274181366,0.225600004196167
YDR469W,YKL032C,0,0.31601676,0.09756097197532654,0.24400000274181366,0.2257000058889389
YKR100C,YLR249W,0,0.31599343,0.09752198308706284,0.24400000274181366,0.22579999268054962
YKR007W,YPL176C,0,0.31591642,0.09748302400112152,0.24400000274181366,0.22589999437332153
YPL141C,YGL018C,0,0.31587914,0.097444087266922,0.24400000274181366,0.22599999606609344
YGL018C,YNL130C,0,0.31583816,0.09740518778562546,0.24400000274181366,0.22609999775886536
YAL019W,YJL208C,0,0.31583068,0.0973663181066513,0.24400000274181366,0.22619999945163727
YAL051W,YEL027W,0,0.3158295,0.09732748568058014,0.24400000274181366,0.22630000114440918
YER028C,YLR115W,0,0.3158066,0.09728867560625076,0.24400000274181366,0.2264000028371811
YJL096W,YML047C,0,0.3156749,0.09724990278482437,0.24400000274181366,0.226500004529953
YDR362C,YOL067C,1,0.31556106,0.09760956466197968,0.24500000476837158,0.226500004529953
YJR073C,YDL124W,0,0.3155241,0.09757068753242493,0.24500000476837158,0.22660000622272491
YDL240W,YNL288W,0,0.3152683,0.09753184765577316,0.24500000476837158,0.22669999301433563
YML013W,YJR054W,0,0.31525126,0.09749303758144379,0.24500000476837158,0.22679999470710754
YMR227C,YKL058W,1,0.3150932,0.09785202890634537,0.2460000067949295,0.22679999470710754
YAL048C,YNL294C,0,0.31507728,0.09781312197446823,0.2460000067949295,0.22689999639987946
YER100W,YDL012C,0,0.31503674,0.09777424484491348,0.2460000067949295,0.22699999809265137
YPR008W,YMR230W,0,0.31502607,0.09773539751768112,0.2460000067949295,0.22709999978542328
YPL280W,YDR160W,0,0.31497875,0.09769658744335175,0.2460000067949295,0.2272000014781952
YIL033C,YHR157W,0,0.31497285,0.09765779972076416,0.2460000067949295,0.2273000031709671
YDR105C,YDL102W,0,0.31491122,0.09761904925107956,0.2460000067949295,0.227400004863739
YLR194C,YJL035C,0,0.31470624,0.09758032858371735,0.2460000067949295,0.22750000655651093
YGR245C,YJL216C,0,0.31462634,0.09754163026809692,0.2460000067949295,0.22759999334812164
YPL146C,YCL054W,0,0.31440067,0.09750296920537949,0.2460000067949295,0.22769999504089355
YDL160C,YPR003C,0,0.3143991,0.09746434539556503,0.2460000067949295,0.22779999673366547
YKR088C,YKL099C,0,0.3143725,0.09742574393749237,0.2460000067949295,0.22789999842643738
YER031C,YNL056W,0,0.3142753,0.0973871722817421,0.2460000067949295,0.2280000001192093
YML031W,YHR080C,0,0.3141915,0.0973486378788948,0.2460000067949295,0.2281000018119812
YLR249W,YLR460C,0,0.314161,0.0973101258277893,0.2460000067949295,0.2282000035047531
YDL145C,YDR040C,0,0.31405368,0.09727165102958679,0.2460000067949295,0.22830000519752502
YPL280W,YOL144W,0,0.31400993,0.09723319858312607,0.2460000067949295,0.22840000689029694
YPL140C,YDR292C,0,0.31400147,0.09719478338956833,0.2460000067949295,0.22849999368190765
YGR138C,YPL235W,0,0.31380725,0.09715639799833298,0.2460000067949295,0.22859999537467957
YHR090C,YGR083C,0,0.31373325,0.09711804240942001,0.2460000067949295,0.22869999706745148
YNL180C,YHL026C,0,0.31354728,0.09707971662282944,0.2460000067949295,0.2287999987602234
YDR427W,YDR361C,0,0.3134676,0.09704142063856125,0.2460000067949295,0.2289000004529953
YHR108W,YHR006W,0,0.31345546,0.09700315445661545,0.2460000067949295,0.2290000021457672
YNL045W,YOR009W,0,0.31340137,0.09696491807699203,0.2460000067949295,0.22910000383853912
YML101C,YCL068C,0,0.3133511,0.09692671149969101,0.2460000067949295,0.22920000553131104
YGR174C,YPL235W,0,0.31317052,0.09688854217529297,0.2460000067949295,0.22930000722408295
YHR088W,YNL063W,0,0.3131328,0.09685039520263672,0.2460000067949295,0.22939999401569366
YOR001W,YNL118C,0,0.31305474,0.09681227803230286,0.2460000067949295,0.22949999570846558
YEL005C,YMR059W,0,0.3130311,0.09677419066429138,0.2460000067949295,0.2295999974012375
YGL196W,YER102W,0,0.31290105,0.09673614054918289,0.2460000067949295,0.2296999990940094
YGL016W,YHL025W,0,0.31275102,0.09669811278581619,0.2460000067949295,0.2298000007867813
YBR112C,YMR153W,0,0.31274858,0.09666011482477188,0.2460000067949295,0.22990000247955322
YBR049C,YPL018W,0,0.3127087,0.09662215411663055,0.2460000067949295,0.23000000417232513
YDR441C,YDR002W,0,0.31266844,0.09658421576023102,0.2460000067949295,0.23010000586509705
YLR384C,YBR168W,0,0.3126353,0.09654630720615387,0.2460000067949295,0.23019999265670776
YDR427W,YER033C,0,0.3123096,0.0965084359049797,0.2460000067949295,0.23029999434947968
YMR262W,YKL155C,0,0.31230304,0.09647058695554733,0.2460000067949295,0.2303999960422516
YBR069C,YGR097W,0,0.3122149,0.09643276780843735,0.2460000067949295,0.2304999977350235
YMR053C,YHR170W,0,0.31219813,0.09639498591423035,0.2460000067949295,0.2305999994277954
YPR037C,YDR041W,0,0.31218413,0.09635722637176514,0.2460000067949295,0.23070000112056732
YOR227W,YLR313C,0,0.31217822,0.09631949663162231,0.2460000067949295,0.23080000281333923
YDR513W,YKR079C,0,0.31206128,0.09628179669380188,0.2460000067949295,0.23090000450611115
YPL007C,YGR246C,1,0.3120119,0.0966353714466095,0.24699999392032623,0.23090000450611115
YGL167C,YNL081C,0,0.31179366,0.0965975746512413,0.24699999392032623,0.23100000619888306
YCR035C,YMR002W,0,0.31174934,0.09655981510877609,0.24699999392032623,0.23109999299049377
YKL014C,YNL068C,0,0.31173894,0.09652207791805267,0.24699999392032623,0.23119999468326569
YGL243W,YPL198W,0,0.31172812,0.09648437798023224,0.24699999392032623,0.2312999963760376
YOR192C,YDR019C,0,0.3117192,0.0964467003941536,0.24699999392032623,0.2313999980688095
YKL145W,YBR049C,0,0.3117064,0.09640905261039734,0.24699999392032623,0.23149999976158142
YLR196W,YLR060W,0,0.31170294,0.09637144207954407,0.24699999392032623,0.23160000145435333
YDR227W,YGR283C,0,0.31169918,0.09633385390043259,0.24699999392032623,0.23170000314712524
YAL001C,YEL009C,1,0.31145427,0.09668616205453873,0.24799999594688416,0.23170000314712524
YOR049C,YDR213W,0,0.31130204,0.09664847701787949,0.24799999594688416,0.23180000483989716
YDR468C,YPL253C,0,0.31120548,0.09661082923412323,0.24799999594688416,0.23190000653266907
YLR347C,YLR037C,0,0.3111993,0.09657321125268936,0.24799999594688416,0.23199999332427979
YOR156C,YKL002W,0,0.31118283,0.09653561562299728,0.24799999594688416,0.2320999950170517
YGR129W,YMR074C,0,0.31108865,0.09649805724620819,0.24799999594688416,0.2321999967098236
YHR194W,YGL219C,0,0.31100437,0.09646052122116089,0.24799999594688416,0.23229999840259552
YLR239C,YDR135C,0,0.3109857,0.09642301499843597,0.24799999594688416,0.23240000009536743
YLR052W,YGL198W,0,0.31092584,0.09638553857803345,0.24799999594688416,0.23250000178813934
YDR309C,YKL132C,0,0.31092498,0.0963480994105339,0.24799999594688416,0.23260000348091125
YOR194C,YEL009C,1,0.31078184,0.09669902920722961,0.24899999797344208,0.23260000348091125
YGR099W,YPR068C,0,0.31072754,0.09666149318218231,0.24899999797344208,0.23270000517368317
YDL149W,YGL049C,0,0.31071267,0.0966239795088768,0.24899999797344208,0.23280000686645508
YNL045W,YOR078W,0,0.3102004,0.09658650308847427,0.24899999797344208,0.2328999936580658
YLR234W,YER123W,0,0.30999163,0.09654904901981354,0.24899999797344208,0.2329999953508377
YER060W-A,YBR180W,0,0.3098974,0.09651162475347519,0.24899999797344208,0.23309999704360962
YLL066C,YNR071C,0,0.30984715,0.09647423774003983,0.24899999797344208,0.23319999873638153
YHR169W,YOR372C,0,0.3098344,0.09643687307834625,0.24899999797344208,0.23330000042915344
YLR039C,YDR545W,0,0.30976468,0.09639953821897507,0.24899999797344208,0.23340000212192535
YGR202C,YLR249W,0,0.3097155,0.09636222571134567,0.24899999797344208,0.23350000381469727
YHR120W,YNL055C,0,0.30966935,0.09632495045661926,0.24899999797344208,0.23360000550746918
YGL238W,YOR001W,0,0.3095694,0.09628770500421524,0.24899999797344208,0.2337000072002411
YMR050C,YLR352W,0,0.30956683,0.09625048190355301,0.24899999797344208,0.2337999939918518
YER148W,YGR186W,1,0.3095424,0.09659969061613083,0.25,0.2337999939918518
YOR087W,YLR363C,0,0.30946824,0.09656237810850143,0.25,0.23389999568462372
YBR169C,YOL078W,0,0.30939212,0.09652509540319443,0.25,0.23399999737739563
YDR464W,YMR322C,0,0.30935708,0.09648784250020981,0.25,0.23409999907016754
YPL007C,YAL001C,1,0.30935562,0.09683641791343689,0.25099998712539673,0.23409999907016754
YPR095C,YPR007C,0,0.3093536,0.09679907560348511,0.25099998712539673,0.23420000076293945
YMR105C,YMR226C,0,0.30928767,0.09676175564527512,0.25099998712539673,0.23430000245571136
YLR019W,YDR317W,0,0.3092089,0.09672447293996811,0.25099998712539673,0.23440000414848328
YGL043W,YER045C,1,0.30915532,0.09707242250442505,0.25200000405311584,0.23440000414848328
YDR167W,YML098W,1,0.30913854,0.0974200963973999,0.2529999911785126,0.23440000414848328
YPR010C,YHL015W,0,0.30913398,0.09738260507583618,0.2529999911785126,0.2345000058412552
YER179W,YPR141C,0,0.30900043,0.09734513610601425,0.2529999911785126,0.2345999926328659
YDR244W,YPL040C,0,0.3088372,0.09730768948793411,0.2529999911785126,0.23469999432563782
YHR165C,YNL251C,0,0.30872646,0.09727028012275696,0.2529999911785126,0.23479999601840973
YNR048W,YPL235W,0,0.30870074,0.09723290055990219,0.2529999911785126,0.23489999771118164
YEL005C,YPL021W,0,0.30869767,0.09719554334878922,0.2529999911785126,0.23499999940395355
YPL082C,YCR042C,1,0.30869442,0.09754224121570587,0.2540000081062317,0.23499999940395355
YMR074C,YLR435W,0,0.30859074,0.09750480204820633,0.2540000081062317,0.23510000109672546
YNL199C,YOR011W,0,0.30856118,0.09746738523244858,0.2540000081062317,0.23520000278949738
YML107C,YDR168W,0,0.30831248,0.09742999821901321,0.2540000081062317,0.2353000044822693
YLR249W,YNL055C,0,0.30829462,0.09739264100790024,0.2540000081062317,0.2354000061750412
YDL098C,YDR110W,0,0.30826077,0.09735530614852905,0.2540000081062317,0.23549999296665192
YLR102C,YDR438W,0,0.30819687,0.09731800854206085,0.2540000081062317,0.23559999465942383
YDR160W,YLR055C,0,0.30815214,0.09728073328733444,0.2540000081062317,0.23569999635219574
YMR009W,YDR165W,0,0.30811313,0.09724349528551102,0.2540000081062317,0.23579999804496765
YKR034W,YNL118C,0,0.30811098,0.09720627963542938,0.2540000081062317,0.23589999973773956
YOL121C,YNL247W,0,0.30794096,0.09716908633708954,0.2540000081062317,0.23600000143051147
YOR113W,YPL254W,0,0.30790251,0.09713193029165268,0.2540000081062317,0.2361000031232834
YGL243W,YPL234C,0,0.3077873,0.09709480404853821,0.2540000081062317,0.2362000048160553
YGL073W,YDR430C,0,0.30776855,0.09705770015716553,0.2540000081062317,0.2363000065088272
YMR274C,YDR463W,0,0.30771717,0.09702062606811523,0.2540000081062317,0.23639999330043793
YDR259C,YJL003W,0,0.30769813,0.09698358178138733,0.2540000081062317,0.23649999499320984
YMR076C,YNR059W,0,0.30764773,0.09694656729698181,0.2540000081062317,0.23659999668598175
YDR111C,YLL014W,0,0.3075653,0.09690957516431808,0.2540000081062317,0.23669999837875366
YOL089C,YPR086W,1,0.30754402,0.09725400805473328,0.2549999952316284,0.23669999837875366
YGL028C,YKL048C,0,0.30754212,0.09721692651510239,0.2549999952316284,0.23680000007152557
YHR035W,YMR041C,0,0.30748847,0.09717987477779388,0.2549999952316284,0.23690000176429749
YMR227C,YML069W,1,0.3074002,0.09752380847930908,0.25600001215934753,0.23690000176429749
YGL096W,YFR038W,0,0.30739698,0.09748667478561401,0.25600001215934753,0.2370000034570694
YHR148W,YLR432W,0,0.30739534,0.09744956344366074,0.25600001215934753,0.2371000051498413
YNL286W,YHL003C,0,0.30734333,0.09741248190402985,0.25600001215934753,0.23720000684261322
YKL048C,YKR077W,0,0.30727822,0.09737543016672134,0.25600001215934753,0.23729999363422394
YPR143W,YPR086W,0,0.30722576,0.09733840078115463,0.25600001215934753,0.23739999532699585
YKR077W,YBR023C,0,0.30720937,0.0973014086484909,0.25600001215934753,0.23749999701976776
YDR325W,YPL161C,0,0.3069864,0.09726443886756897,0.25600001215934753,0.23759999871253967
YBL080C,YNR033W,0,0.30697933,0.09722749888896942,0.25600001215934753,0.23770000040531158
YMR076C,YKL149C,0,0.30691645,0.09719058126211166,0.25600001215934753,0.2378000020980835
YBL013W,YKL134C,0,0.3068646,0.09715370088815689,0.25600001215934753,0.2379000037908554
YDR100W,YIL008W,0,0.30686384,0.09711684286594391,0.25600001215934753,0.23800000548362732
YDR362C,YIL036W,1,0.3067537,0.09745923429727554,0.25699999928474426,0.23800000548362732
YKL134C,YMR207C,0,0.30664796,0.0974222868680954,0.25699999928474426,0.23810000717639923
YEL019C,YDR023W,0,0.30664513,0.09738537669181824,0.25699999928474426,0.23819999396800995
YDR490C,YJR153W,0,0.30643418,0.09734848141670227,0.25699999928474426,0.23829999566078186
YOL089C,YPL202C,1,0.30636984,0.09769026935100555,0.257999986410141,0.23829999566078186
YMR227C,YML098W,1,0.30635917,0.09803179651498795,0.2590000033378601,0.23829999566078186
YJR073C,YPL215W,0,0.30625278,0.09799470007419586,0.2590000033378601,0.23839999735355377
YKL141W,YHL011C,0,0.30623522,0.09795764088630676,0.2590000033378601,0.23849999904632568
YLR345W,YDR045C,0,0.30604503,0.09792060405015945,0.2590000033378601,0.2386000007390976
YDL093W,YCR035C,0,0.30600205,0.09788359701633453,0.2590000033378601,0.2387000024318695
YBR162W-A,YJR048W,0,0.30597514,0.097846619784832,0.2590000033378601,0.23880000412464142
YPR067W,YIL014W,0,0.3059666,0.09780966490507126,0.2590000033378601,0.23890000581741333
YBR123C,YDR448W,1,0.30577344,0.09815024584531784,0.25999999046325684,0.23890000581741333
YGR007W,YCR018C,0,0.3057659,0.09811320900917053,0.25999999046325684,0.23899999260902405
YPR106W,YGR122W,0,0.3057342,0.09807619452476501,0.25999999046325684,0.23909999430179596
YOR383C,YLR150W,0,0.305626,0.09803921729326248,0.25999999046325684,0.23919999599456787
YNL156C,YER129W,0,0.30540788,0.09800226241350174,0.25999999046325684,0.23929999768733978
YHR138C,YNR053C,0,0.3053871,0.09796533733606339,0.25999999046325684,0.2393999993801117
YIL036W,YPR056W,1,0.30537596,0.09830508381128311,0.26100000739097595,0.2393999993801117
YML067C,YPR071W,0,0.30537522,0.0982680693268776,0.26100000739097595,0.2395000010728836
YKL058W,YDR460W,1,0.3053424,0.09860745072364807,0.2619999945163727,0.2395000010728836
YGL129C,YHR080C,0,0.3053334,0.09857035428285599,0.2619999945163727,0.23960000276565552
YBR038W,YML076C,0,0.3053265,0.0985332801938057,0.2619999945163727,0.23970000445842743
YDL091C,YOR341W,0,0.3052438,0.09849624335765839,0.2619999945163727,0.23980000615119934
YNL023C,YGL151W,0,0.30523098,0.09845922887325287,0.2619999945163727,0.23989999294281006
YPL120W,YML059C,0,0.30522934,0.09842223674058914,0.2619999945163727,0.23999999463558197
YPR017C,YKL060C,0,0.3051241,0.0983852818608284,0.2619999945163727,0.24009999632835388
YLR284C,YPL215W,0,0.30507812,0.09834834933280945,0.2619999945163727,0.2401999980211258
YGL194C,YDR005C,0,0.30498245,0.09831144660711288,0.2619999945163727,0.2402999997138977
YHR108W,YMR322C,0,0.30493155,0.09827456623315811,0.2619999945163727,0.24040000140666962
YIL053W,YKR088C,0,0.3048562,0.09823772311210632,0.2619999945163727,0.24050000309944153
YMR076C,YNL278W,0,0.30464542,0.09820090234279633,0.2619999945163727,0.24060000479221344
YGL005C,YDL087C,0,0.30456766,0.09816410392522812,0.2619999945163727,0.24070000648498535
YHR149C,YBR049C,0,0.3043446,0.0981273427605629,0.2619999945163727,0.24079999327659607
YJL045W,YNL066W,0,0.30433825,0.09809060394763947,0.2619999945163727,0.24089999496936798
YDR325W,YBL047C,0,0.3042087,0.09805389493703842,0.2619999945163727,0.2409999966621399
YKL058W,YFL021W,1,0.3041742,0.0983913242816925,0.2630000114440918,0.2409999966621399
YLL016W,YOR068C,0,0.30404922,0.0983545258641243,0.2630000114440918,0.2410999983549118
YML045W,YBR180W,0,0.3040065,0.09831775724887848,0.2630000114440918,0.24120000004768372
YPR025C,YBR123C,1,0.30396667,0.09865470975637436,0.2639999985694885,0.24120000004768372
YOR249C,YNR071C,0,0.30388,0.09861785918474197,0.2639999985694885,0.24130000174045563
YCL029C,YPR008W,0,0.30380824,0.09858103096485138,0.2639999985694885,0.24140000343322754
YPL100W,YNL068C,0,0.3038045,0.09854423254728317,0.2639999985694885,0.24150000512599945
YDR007W,YGR224W,0,0.30378467,0.09850746393203735,0.2639999985694885,0.24160000681877136
YBL031W,YLR260W,0,0.3037832,0.09847071766853333,0.2639999985694885,0.24169999361038208
YLL048C,YML133C,0,0.303574,0.09843400120735168,0.2639999985694885,0.241799995303154
YAR042W,YHR149C,0,0.30354968,0.09839731454849243,0.2639999985694885,0.2418999969959259
YHR033W,YBR169C,0,0.30345085,0.09836065769195557,0.2639999985694885,0.24199999868869781
YLR367W,YLR055C,0,0.30341876,0.09832402318716049,0.2639999985694885,0.24210000038146973
YDR289C,YDR257C,0,0.30325407,0.0982874184846878,0.2639999985694885,0.24220000207424164
YDR412W,YJL216C,0,0.3032278,0.09825083613395691,0.2639999985694885,0.24230000376701355
YPR175W,YNL048W,0,0.3031961,0.0982142835855484,0.2639999985694885,0.24240000545978546
YER028C,YKL145W,0,0.30313995,0.09817776083946228,0.2639999985694885,0.24250000715255737
YML067C,YDL113C,0,0.30312356,0.09814126044511795,0.2639999985694885,0.2425999939441681
YOR018W,YMR322C,0,0.30299744,0.0981047973036766,0.2639999985694885,0.24269999563694
YOL009C,YHR110W,0,0.30295727,0.09806834906339645,0.2639999985694885,0.24279999732971191
YLR259C,YDR200C,0,0.302904,0.09803193807601929,0.2639999985694885,0.24289999902248383
YML015C,YGR186W,1,0.30265102,0.09836673736572266,0.26499998569488525,0.24289999902248383
YKL062W,YDR301W,0,0.30239284,0.09833024442195892,0.26499998569488525,0.24300000071525574
YGR005C,YOR194C,1,0.30235115,0.09866468608379364,0.26600000262260437,0.24300000071525574
YBR123C,YPR186C,1,0.30228683,0.09899888932704926,0.2669999897480011,0.24300000071525574
YBR123C,YNL039W,1,0.302192,0.09933283925056458,0.2680000066757202,0.24300000071525574
YML133C,YOL009C,0,0.30218175,0.09929603338241577,0.2680000066757202,0.24310000240802765
YPL082C,YDL108W,1,0.30216733,0.09962963312864304,0.26899999380111694,0.24310000240802765
YJL078C,YKR049C,0,0.30215955,0.09959274530410767,0.26899999380111694,0.24320000410079956
YMR048W,YCL051W,0,0.30199385,0.09955588728189468,0.26899999380111694,0.24330000579357147
YDR100W,YJR108W,0,0.30198482,0.09951905161142349,0.26899999380111694,0.2433999925851822
YNL222W,YNL039W,1,0.3019804,0.0998520702123642,0.27000001072883606,0.2433999925851822
YBL056W,YPR095C,0,0.30188116,0.09981516003608704,0.27000001072883606,0.2434999942779541
YKL058W,YAL026C,0,0.30178073,0.09977827221155167,0.27000001072883606,0.243599995970726
YIL075C,YHR150W,0,0.3017463,0.09974141418933868,0.27000001072883606,0.24369999766349792
YNL173C,YMR001C,0,0.3017143,0.09970457851886749,0.27000001072883606,0.24379999935626984
YPL018W,YJL083W,0,0.3016844,0.09966777265071869,0.27000001072883606,0.24390000104904175
YCR018C,YDR080W,0,0.30168125,0.09963099658489227,0.27000001072883606,0.24400000274181366
YLR044C,YGR007W,0,0.3016145,0.09959424287080765,0.27000001072883606,0.24410000443458557
YIL120W,YNL118C,0,0.30158433,0.09955751895904541,0.27000001072883606,0.24420000612735748
YPL138C,YMR153W,0,0.3015514,0.09952082484960556,0.27000001072883606,0.2442999929189682
YDL124W,YNL111C,0,0.30151215,0.0994841530919075,0.27000001072883606,0.2443999946117401
YLR085C,YLL006W,0,0.3013845,0.09944751113653183,0.27000001072883606,0.24449999630451202
YIL030C,YGR005C,0,0.30135366,0.09941089898347855,0.27000001072883606,0.24459999799728394
YOR016C,YER031C,0,0.30129653,0.09937430918216705,0.27000001072883606,0.24469999969005585
YPR056W,YGL112C,1,0.30121967,0.09970566630363464,0.2709999978542328,0.24469999969005585
YPL063W,YJL197W,0,0.30121425,0.09966899454593658,0.2709999978542328,0.24480000138282776
YMR101C,YLR260W,0,0.30106232,0.09963235259056091,0.2709999978542328,0.24490000307559967
YOL135C,YPL061W,0,0.30105984,0.09959574043750763,0.2709999978542328,0.24500000476837158
YPR010C,YDR384C,0,0.3010457,0.09955915063619614,0.2709999978542328,0.2451000064611435
YHR108W,YPL105C,0,0.30090043,0.09952258318662643,0.2709999978542328,0.2451999932527542
YNL036W,YDL046W,0,0.30082843,0.09948605298995972,0.2709999978542328,0.24529999494552612
YKR078W,YGL195W,0,0.30073604,0.0994495376944542,0.2709999978542328,0.24539999663829803
YOR002W,YIR004W,0,0.30071673,0.09941305965185165,0.2709999978542328,0.24549999833106995
YDR041W,YHR170W,0,0.30068713,0.0993766039609909,0.2709999978542328,0.24560000002384186
YMR072W,YMR133W,0,0.30064633,0.09934017807245255,0.2709999978542328,0.24570000171661377
YER028C,YGR186W,1,0.30063358,0.09967020899057388,0.2720000147819519,0.24570000171661377
YHL011C,YNL240C,0,0.3005976,0.09963370114564896,0.2720000147819519,0.24580000340938568
YKL191W,YDL124W,0,0.30055398,0.09959721565246582,0.2720000147819519,0.2459000051021576
YHR033W,YHR158C,0,0.30054966,0.09956075996160507,0.2720000147819519,0.2460000067949295
YNL287W,YPL173W,0,0.3004092,0.09952433407306671,0.2720000147819519,0.24609999358654022
YER159C,YJL208C,0,0.30040577,0.09948793053627014,0.2720000147819519,0.24619999527931213
YPL082C,YMR236W,1,0.30038002,0.0998171865940094,0.27300000190734863,0.24619999527931213
YGL166W,YPL177C,1,0.3003243,0.10014619678258896,0.27399998903274536,0.24619999527931213
YKL014C,YNR055C,0,0.30031708,0.10010960698127747,0.27399998903274536,0.24629999697208405
YJL058C,YNL066W,0,0.30031502,0.10007304698228836,0.27399998903274536,0.24639999866485596
YDR362C,YGL043W,1,0.30031157,0.1004016101360321,0.2750000059604645,0.24639999866485596
YDL098C,YKL040C,0,0.30029014,0.10036496073007584,0.2750000059604645,0.24650000035762787
YLR131C,YIL096C,0,0.30024284,0.10032834857702255,0.2750000059604645,0.24660000205039978
YLR118C,YDR384C,0,0.30020922,0.10029175877571106,0.2750000059604645,0.2467000037431717
YML023C,YDL149W,0,0.30011377,0.10025519132614136,0.2750000059604645,0.2468000054359436
YDL230W,YDR108W,0,0.30010176,0.10021866112947464,0.2750000059604645,0.24690000712871552
YPL215W,YDR412W,0,0.30007872,0.10018214583396912,0.2750000059604645,0.24699999392032623
YDR213W,YLR292C,0,0.30007863,0.10014566779136658,0.2750000059604645,0.24709999561309814
YPL115C,YMR313C,0,0.3000256,0.10010921210050583,0.2750000059604645,0.24719999730587006
YER102W,YNL164C,0,0.3000026,0.10007277876138687,0.2750000059604645,0.24729999899864197
YPR100W,YEL024W,0,0.29988205,0.1000363752245903,0.2750000059604645,0.24740000069141388
YCL029C,YGR260W,0,0.2998744,0.10000000149011612,0.2750000059604645,0.2475000023841858
YDL189W,YIR026C,0,0.2998648,0.09996365010738373,0.2750000059604645,0.2476000040769577
YCR042C,YML015C,1,0.29974267,0.1002907007932663,0.2759999930858612,0.2476000040769577
YAL001C,YPR008W,1,0.29973274,0.10061750560998917,0.2770000100135803,0.2476000040769577
YJL011C,YLR005W,1,0.29971424,0.10094407945871353,0.27799999713897705,0.2476000040769577
YBR248C,YNL076W,0,0.29963818,0.10090743750333786,0.27799999713897705,0.24770000576972961
YGR047C,YIL143C,1,0.2996103,0.10123366862535477,0.27900001406669617,0.24770000576972961
YER123W,YDR019C,0,0.29953542,0.10119695216417313,0.27900001406669617,0.24779999256134033
YPR134W,YGL238W,0,0.29947272,0.10116025805473328,0.27900001406669617,0.24789999425411224
YDR325W,YNL287W,0,0.29946896,0.10112359374761581,0.27900001406669617,0.24799999594688416
YPL116W,YDL031W,0,0.2994182,0.10108695924282074,0.27900001406669617,0.24809999763965607
YPL137C,YCL016C,0,0.2994071,0.10105034708976746,0.27900001406669617,0.24819999933242798
YGR274C,YGL112C,1,0.29938993,0.10137581825256348,0.2800000011920929,0.24819999933242798
YKL006C-A,YCR036W,0,0.29937524,0.10133912414312363,0.2800000011920929,0.2483000010251999
YKL052C,YNL194C,0,0.29936978,0.10130245983600616,0.2800000011920929,0.2484000027179718
YDR367W,YIL038C,0,0.29936072,0.10126582533121109,0.2800000011920929,0.2485000044107437
YKL045W,YMR175W,0,0.29933017,0.1012292131781578,0.2800000011920929,0.24860000610351562
YER148W,YPR008W,1,0.29932255,0.1015540286898613,0.2809999883174896,0.24860000610351562
YDR189W,YNL181W,0,0.29928172,0.10151734203100204,0.2809999883174896,0.24869999289512634
YDR019C,YGR122W,0,0.29919603,0.10148067772388458,0.2809999883174896,0.24879999458789825
YIL009W,YPL075W,0,0.29914474,0.10144404321908951,0.2809999883174896,0.24889999628067017
YML045W,YOR363C,0,0.29910466,0.10140743106603622,0.2809999883174896,0.24899999797344208
YOL020W,YGL231C,0,0.29892972,0.10137084871530533,0.2809999883174896,0.249099999666214
YPL007C,YJL011C,1,0.29888567,0.10169491171836853,0.28200000524520874,0.249099999666214
YER102W,YMR118C,0,0.29885635,0.10165825486183167,0.28200000524520874,0.2492000013589859
YGR099W,YPL100W,0,0.29884675,0.10162162035703659,0.28200000524520874,0.2493000030517578
YBR107C,YLR363C,0,0.29883465,0.1015850156545639,0.28200000524520874,0.24940000474452972
YKR078W,YLL021W,0,0.29872116,0.10154843330383301,0.28200000524520874,0.24950000643730164
YJL110C,YJL162C,0,0.29867977,0.1015118807554245,0.28200000524520874,0.24959999322891235
YOR019W,YPL189W,0,0.29864413,0.10147535055875778,0.28200000524520874,0.24969999492168427
YDL108W,YFL021W,1,0.2985795,0.10179856419563293,0.28299999237060547,0.24969999492168427
YNL145W,YMR261C,0,0.29851478,0.10176195949316025,0.28299999237060547,0.24979999661445618
YDL139C,YPL010W,0,0.2984908,0.10172537714242935,0.28299999237060547,0.2498999983072281
YDR325W,YGR005C,0,0.29845622,0.10168882459402084,0.28299999237060547,0.25
YMR063W,YJL078C,0,0.29842493,0.10165230184793472,0.28299999237060547,0.2500999867916107
YMR236W,YEL009C,1,0.29829293,0.10197486728429794,0.2840000092983246,0.2500999867916107
YNL190W,YMR242C,0,0.29813012,0.10193826258182526,0.2840000092983246,0.2502000033855438
YLR011W,YGR138C,0,0.29809,0.10190168768167496,0.2840000092983246,0.25029999017715454
YOR048C,YNL278W,0,0.29806548,0.10186513513326645,0.2840000092983246,0.25040000677108765
YDL091C,YLL067C,0,0.29795164,0.10182861238718033,0.2840000092983246,0.25049999356269836
YOR330C,YKL196C,0,0.29793963,0.101792111992836,0.2840000092983246,0.25060001015663147
YER031C,YDR328C,0,0.2978739,0.10175564140081406,0.2840000092983246,0.2506999969482422
YBR153W,YAL015C,0,0.29786384,0.1017192006111145,0.2840000092983246,0.2508000135421753
YOL020W,YOR372C,0,0.2978067,0.10168277472257614,0.2840000092983246,0.250900000333786
YLR005W,YGL043W,1,0.2976584,0.10200429707765579,0.2849999964237213,0.250900000333786
YLR390W-A,YOL061W,0,0.29764757,0.10196779668331146,0.2849999964237213,0.25099998712539673
YMR076C,YHL025W,0,0.2975705,0.10193133354187012,0.2849999964237213,0.25110000371932983
YLL018C,YGL064C,0,0.29755446,0.10189488530158997,0.2849999964237213,0.25119999051094055
YDL113C,YMR275C,0,0.297554,0.1018584668636322,0.2849999964237213,0.25130000710487366
YPR017C,YLR263W,0,0.29746965,0.10182207822799683,0.2849999964237213,0.2513999938964844
YGR205W,YLR363C,0,0.2973145,0.10178571194410324,0.2849999964237213,0.2515000104904175
YDR430C,YOR103C,0,0.29714653,0.10174937546253204,0.2849999964237213,0.2515999972820282
YLR044C,YBR016W,0,0.297143,0.10171306133270264,0.2849999964237213,0.2517000138759613
YPL203W,YGL240W,0,0.2971324,0.10167677700519562,0.2849999964237213,0.251800000667572
YFL056C,YIL096C,0,0.29713032,0.10164051502943039,0.2849999964237213,0.25189998745918274
YDL113C,YHR170W,0,0.29710308,0.10160427540540695,0.2849999964237213,0.25200000405311584
YER062C,YGL194C,0,0.29705092,0.1015680655837059,0.2849999964237213,0.25209999084472656
YIL069C,YDR244W,0,0.2970467,0.10153188556432724,0.2849999964237213,0.25220000743865967
YLR220W,YHR193C,0,0.29700154,0.10149572789669037,0.2849999964237213,0.2522999942302704
YAR009C,YKR083C,0,0.29695204,0.10145959258079529,0.2849999964237213,0.2524000108242035
YPL061W,YLR363C,0,0.29694673,0.1014234870672226,0.2849999964237213,0.2524999976158142
YGR283C,YPR071W,0,0.29688612,0.1013874039053917,0.2849999964237213,0.2526000142097473
YML059C,YNR037C,0,0.29673204,0.10135135054588318,0.2849999964237213,0.25270000100135803
YOR241W,YOR335C,0,0.296668,0.10131531953811646,0.2849999964237213,0.25279998779296875
YOR247W,YPL056C,0,0.2966506,0.10127931833267212,0.2849999964237213,0.25290000438690186
YJR123W,YML061C,0,0.29655945,0.10124333947896957,0.2849999964237213,0.2529999911785126
YJL089W,YKL114C,0,0.29650414,0.10120738297700882,0.2849999964237213,0.2531000077724457
YBR054W,YKR049C,0,0.29639992,0.10117145627737045,0.2849999964237213,0.2531999945640564
YHR205W,YDR367W,0,0.29617068,0.10113555938005447,0.2849999964237213,0.2533000111579895
YBR091C,YGR040W,0,0.29616413,0.10109967738389969,0.2849999964237213,0.2533999979496002
YML100W,YLR092W,0,0.2961364,0.10106383264064789,0.2849999964237213,0.2535000145435333
YPR025C,YDR167W,1,0.29610518,0.10138248652219772,0.28600001335144043,0.2535000145435333
YDR300C,YOR009W,0,0.29608318,0.10134655982255936,0.28600001335144043,0.25360000133514404
YBL080C,YBR109C,0,0.29607573,0.10131066292524338,0.28600001335144043,0.25369998812675476
YGL244W,YPL202C,1,0.2959282,0.10162889212369919,0.28700000047683716,0.25369998812675476
YBR069C,YDR005C,0,0.2958573,0.10159292072057724,0.28700000047683716,0.25380000472068787
YLR277C,YPR100W,0,0.29582486,0.10155697166919708,0.28700000047683716,0.2538999915122986
YDR437W,YGR142W,0,0.2957776,0.10152104496955872,0.28700000047683716,0.2540000081062317
YFL049W,YIL096C,0,0.2957605,0.10148514807224274,0.28700000047683716,0.2540999948978424
YIL064W,YPL179W,0,0.29567173,0.10144927352666855,0.28700000047683716,0.2542000114917755
YPR180W,YHR133C,0,0.2956219,0.10141342878341675,0.28700000047683716,0.25429999828338623
YNL041C,YPL161C,0,0.295584,0.10137760639190674,0.28700000047683716,0.25440001487731934
YLR345W,YMR009W,0,0.2955522,0.10134180635213852,0.28700000047683716,0.25450000166893005
YHL028W,YPR128C,0,0.29554442,0.10130603611469269,0.28700000047683716,0.25459998846054077
YLR258W,YLR363C,0,0.29553226,0.10127028822898865,0.28700000047683716,0.2547000050544739
YOL020W,YGR030C,0,0.29543948,0.101234570145607,0.28700000047683716,0.2547999918460846
YPL001W,YDL106C,0,0.2954205,0.10119887441396713,0.28700000047683716,0.2549000084400177
YBL008W,YMR091C,0,0.29534277,0.10116320103406906,0.28700000047683716,0.2549999952316284
YDR422C,YDR227W,0,0.2953174,0.10112755745649338,0.28700000047683716,0.2551000118255615
YCR106W,YBR212W,0,0.29524776,0.10109193623065948,0.28700000047683716,0.25519999861717224
YJL098W,YNL247W,0,0.2952258,0.10105633735656738,0.28700000047683716,0.25529998540878296
YHL028W,YER015W,0,0.29518327,0.10102076828479767,0.28700000047683716,0.25540000200271606
YDR515W,YNL156C,0,0.29514974,0.10098522156476974,0.28700000047683716,0.2554999887943268
YPL177C,YDR448W,1,0.2951307,0.10130143910646439,0.2879999876022339,0.2554999887943268
YGR082W,YDR178W,0,0.29511386,0.10126582533121109,0.2879999876022339,0.2556000053882599
YOR264W,YDR009W,0,0.29507592,0.10123022645711899,0.2879999876022339,0.2556999921798706
YMR050C,YNL081C,0,0.29506472,0.10119465738534927,0.2879999876022339,0.2558000087738037
YMR242C,YOR195W,0,0.29489842,0.10115911811590195,0.2879999876022339,0.25589999556541443
YNL263C,YDL175C,0,0.2948414,0.10112359374761581,0.2879999876022339,0.25600001215934753
YGR097W,YNL118C,0,0.29473975,0.10108809918165207,0.2879999876022339,0.25609999895095825
YGL063W,YIL014W,0,0.29472694,0.10105263441801071,0.2879999876022339,0.25619998574256897
YDR343C,YHR020W,0,0.29470137,0.10101718455553055,0.2879999876022339,0.2563000023365021
YOR207C,YOR081C,0,0.29462048,0.10098176449537277,0.2879999876022339,0.2563999891281128
YLR006C,YHR139C,0,0.2945712,0.10094637423753738,0.2879999876022339,0.2565000057220459
YKL016C,YMR153W,0,0.2945701,0.10091099888086319,0.2879999876022339,0.2565999925136566
YER028C,YKL060C,0,0.29448754,0.10087565332651138,0.2879999876022339,0.2567000091075897
YHL028W,YLR150W,0,0.29446808,0.10084033757448196,0.2879999876022339,0.25679999589920044
YCR042C,YER148W,1,0.2944662,0.10115505754947662,0.289000004529953,0.25679999589920044
YNL328C,YGL243W,0,0.29441795,0.10111966729164124,0.289000004529953,0.25690001249313354
YBR279W,YAL068C,0,0.2944179,0.10108429193496704,0.289000004529953,0.25699999928474426
YOL067C,YPL177C,1,0.29439527,0.10139860212802887,0.28999999165534973,0.25699999928474426
YCR016W,YLR189C,0,0.2943412,0.1013631597161293,0.28999999165534973,0.257099986076355
YGL189C,YOR264W,0,0.2941629,0.10132773965597153,0.28999999165534973,0.2572000026702881
YLR092W,YDR303C,0,0.29411778,0.10129234939813614,0.28999999165534973,0.2572999894618988
YDR075W,YKR031C,0,0.2940573,0.10125698149204254,0.28999999165534973,0.2574000060558319
YGL098W,YML086C,0,0.29393902,0.10122164338827133,0.28999999165534973,0.2574999928474426
YGR204W,YDR080W,0,0.29388356,0.10118632018566132,0.28999999165534973,0.25760000944137573
YPL175W,YDL102W,0,0.29386488,0.10115102678537369,0.28999999165534973,0.25769999623298645
YJL011C,YNL314W,1,0.2938296,0.10146443545818329,0.29100000858306885,0.25769999623298645
YCR045C,YPL215W,0,0.2937723,0.10142906755208969,0.29100000858306885,0.25780001282691956
YLR143W,YHR005C,0,0.29369262,0.10139372944831848,0.29100000858306885,0.2578999996185303
YDR261C,YJL083W,0,0.29365817,0.10135841369628906,0.29100000858306885,0.257999986410141
YCR107W,YIL147C,0,0.29351366,0.10132312029600143,0.29100000858306885,0.2581000030040741
YOR034C,YHR154W,0,0.29345146,0.1012878492474556,0.29100000858306885,0.2581999897956848
YHR120W,YLR352W,0,0.29341254,0.10125260800123215,0.29100000858306885,0.2583000063896179
YOR117W,YOR273C,0,0.29335,0.10121738910675049,0.29100000858306885,0.25839999318122864
YDR412W,YFR034C,0,0.29332736,0.10118220001459122,0.29100000858306885,0.25850000977516174
YBR107C,YLL057C,0,0.29321846,0.10114702582359314,0.29100000858306885,0.25859999656677246
YLR011W,YLR196W,0,0.2932008,0.10111188143491745,0.29100000858306885,0.25870001316070557
YGL238W,YBL025W,0,0.29319298,0.10107675939798355,0.29100000858306885,0.2587999999523163
YDR189W,YOR259C,0,0.29313698,0.10104166716337204,0.29100000858306885,0.258899986743927
YDR407C,YOR026W,0,0.29312727,0.10100659728050232,0.29100000858306885,0.2590000033378601
YMR101C,YHR106W,0,0.29299706,0.10097154974937439,0.29100000858306885,0.2590999901294708
YFR010W,YMR207C,0,0.29281273,0.10093652456998825,0.29100000858306885,0.25920000672340393
YPL126W,YDR381W,0,0.29279473,0.1009015291929245,0.29100000858306885,0.25929999351501465
YDR328C,YDL145C,0,0.2927805,0.10086654871702194,0.29100000858306885,0.25940001010894775
YAL051W,YDR087C,0,0.29258692,0.10083159804344177,0.29100000858306885,0.25949999690055847
YMR318C,YER062C,0,0.29257917,0.10079667717218399,0.29100000858306885,0.2596000134944916
YLR223C,YLR411W,0,0.29250047,0.1007617712020874,0.29100000858306885,0.2597000002861023
YDR039C,YJL180C,0,0.29243672,0.1007268950343132,0.29100000858306885,0.259799987077713
YBR169C,YDR200C,0,0.29223713,0.10069204121828079,0.29100000858306885,0.2599000036716461
YDR268W,YML055W,0,0.29218343,0.10065720975399017,0.29100000858306885,0.25999999046325684
YOL023W,YDL076C,0,0.29215452,0.10062240809202194,0.29100000858306885,0.26010000705718994
YIL119C,YOR250C,0,0.292106,0.1005876287817955,0.29100000858306885,0.26019999384880066
YHL028W,YBL014C,0,0.2920411,0.10055286437273026,0.29100000858306885,0.26030001044273376
YPR008W,YKL060C,0,0.2920381,0.100518137216568,0.29100000858306885,0.2603999972343445
YDR167W,YLR005W,1,0.29200146,0.10082872956991196,0.2919999957084656,0.2603999972343445
YAL056W,YMR153W,0,0.2919524,0.10079392790794373,0.2919999957084656,0.2605000138282776
YNL056W,YPL010W,0,0.29192844,0.10075914114713669,0.2919999957084656,0.2606000006198883
YLR167W,YJL094C,0,0.29186982,0.10072438418865204,0.2919999957084656,0.260699987411499
YGR254W,YJL096W,0,0.29179084,0.10068965703248978,0.2919999957084656,0.26080000400543213
YGL067W,YER015W,0,0.29172912,0.10065494477748871,0.2919999957084656,0.26089999079704285
YBR085W,YDR261C,0,0.2917255,0.10062026232481003,0.2919999957084656,0.26100000739097595
YBL056W,YNL066W,0,0.29162195,0.10058560222387314,0.2919999957084656,0.26109999418258667
YJR109C,YML057W,0,0.29158834,0.10055096447467804,0.2919999957084656,0.2612000107765198
YDR362C,YML114C,1,0.29156503,0.1008605882525444,0.2930000126361847,0.2612000107765198
YLR039C,YAR009C,0,0.29156134,0.10082587599754333,0.2930000126361847,0.2612999975681305
YML059C,YNL156C,0,0.29152733,0.10079119354486465,0.2930000126361847,0.2614000141620636
YDR469W,YLR023C,0,0.29144663,0.10075653344392776,0.2930000126361847,0.2615000009536743
YBL103C,YNL314W,1,0.29141876,0.10106565803289413,0.2939999997615814,0.2615000009536743
YJR118C,YOR048C,0,0.29135737,0.10103093087673187,0.2939999997615814,0.26159998774528503
YML011C,YLL021W,0,0.29129833,0.1009962186217308,0.2939999997615814,0.26170000433921814
YKR078W,YBR034C,0,0.2912184,0.10096153616905212,0.2939999997615814,0.26179999113082886
YGR047C,YPR086W,1,0.29120037,0.1012701690196991,0.29499998688697815,0.26179999113082886
YMR243C,YER071C,0,0.29115263,0.10123541206121445,0.29499998688697815,0.26190000772476196
YGR254W,YOR254C,0,0.2910762,0.10120068490505219,0.29499998688697815,0.2619999945163727
YMR230W,YPR199C,0,0.2909491,0.10116598010063171,0.29499998688697815,0.2621000111103058
YHR111W,YMR035W,0,0.29083535,0.10113129764795303,0.29499998688697815,0.2621999979019165
YJL098W,YEL051W,0,0.29065028,0.10109664499759674,0.29499998688697815,0.2623000144958496
YNR048W,YGR099W,0,0.29058748,0.10106200724840164,0.29499998688697815,0.2624000012874603
YML067C,YOR358W,0,0.2905006,0.10102739930152893,0.29499998688697815,0.26249998807907104
YJL094C,YJL173C,0,0.29024345,0.10099281370639801,0.29499998688697815,0.26260000467300415
YOR341W,YHR080C,0,0.29019156,0.10095825046300888,0.29499998688697815,0.26269999146461487
YHR185C,YMR081C,0,0.29016608,0.10092370957136154,0.29499998688697815,0.262800008058548
YNL167C,YGR007W,0,0.2900337,0.100889191031456,0.29499998688697815,0.2628999948501587
YIL064W,YNL180C,0,0.28999418,0.10085470229387283,0.29499998688697815,0.2630000114440918
YHR113W,YBR003W,0,0.28991756,0.10082023590803146,0.29499998688697815,0.2630999982357025
YER149C,YNL094W,0,0.28991124,0.10078578442335129,0.29499998688697815,0.2632000148296356
YBR078W,YBR188C,0,0.28985354,0.1007513627409935,0.29499998688697815,0.26330000162124634
YGR120C,YPR086W,0,0.28983352,0.1007169708609581,0.29499998688697815,0.26339998841285706
YOL095C,YPL097W,0,0.28976473,0.10068259388208389,0.29499998688697815,0.26350000500679016
YLR004C,YIL130W,0,0.28974319,0.10064823925495148,0.29499998688697815,0.2635999917984009
YNL243W,YOR136W,0,0.28969225,0.10061391443014145,0.29499998688697815,0.263700008392334
YJL196C,YLR292C,0,0.28962296,0.10057961195707321,0.29499998688697815,0.2637999951839447
YCR036W,YOR258W,0,0.2894926,0.10054533183574677,0.29499998688697815,0.2639000117778778
YOL069W,YOR357C,0,0.2893346,0.10051107406616211,0.29499998688697815,0.2639999985694885
YBL056W,YDR367W,0,0.28921226,0.10047683864831924,0.29499998688697815,0.26409998536109924
YJL096W,YKL129C,0,0.289079,0.10044262558221817,0.29499998688697815,0.26420000195503235
YLR059C,YIL033C,0,0.28907117,0.10040844231843948,0.29499998688697815,0.26429998874664307
YOR101W,YJR118C,0,0.2889949,0.10037427395582199,0.29499998688697815,0.26440000534057617
YHR122W,YLR466W,0,0.28874847,0.10034013539552689,0.29499998688697815,0.2644999921321869
YDR028C,YCR106W,0,0.28848645,0.10030601918697357,0.29499998688697815,0.26460000872612
YMR274C,YPR003C,0,0.28844434,0.10027192533016205,0.29499998688697815,0.2646999955177307
YOR090C,YNL286W,0,0.28840762,0.10023785382509232,0.29499998688697815,0.2648000121116638
YLR352W,YOR086C,0,0.2882124,0.10020380467176437,0.29499998688697815,0.26489999890327454
YIL153W,YDR025W,0,0.2877823,0.10016977787017822,0.29499998688697815,0.26499998569488525
YMR048W,YDR384C,0,0.28777987,0.10013578087091446,0.29499998688697815,0.26510000228881836
YNL243W,YJR054W,0,0.2877272,0.10010179877281189,0.29499998688697815,0.2651999890804291
YGR283C,YDR019C,0,0.28771955,0.10006783902645111,0.29499998688697815,0.2653000056743622
YNL137C,YPR131C,0,0.28758675,0.10003390908241272,0.29499998688697815,0.2653999924659729
YJL013C,YGR003W,0,0.28753594,0.10000000149011612,0.29499998688697815,0.265500009059906
YNL059C,YOR249C,0,0.28745982,0.09996611624956131,0.29499998688697815,0.2655999958515167
YLR432W,YMR242C,0,0.2874132,0.0999322459101677,0.29499998688697815,0.26570001244544983
YDR482C,YPR110C,0,0.28738803,0.09989840537309647,0.29499998688697815,0.26579999923706055
YPL173W,YNR053C,0,0.2872369,0.09986458718776703,0.29499998688697815,0.26589998602867126
YPL248C,YGR224W,0,0.2869651,0.09983079880475998,0.29499998688697815,0.26600000262260437
YMR286W,YPR034W,0,0.28689522,0.09979702532291412,0.29499998688697815,0.2660999894142151
YIL119C,YDR160W,0,0.2868623,0.09976327419281006,0.29499998688697815,0.2662000060081482
YOL089C,YEL009C,1,0.28685957,0.1000676155090332,0.29600000381469727,0.2662000060081482
YBR046C,YKR100C,0,0.28678265,0.10003379732370377,0.29600000381469727,0.2662999927997589
YPL004C,YOR113W,0,0.28675386,0.10000000149011612,0.29600000381469727,0.266400009393692
YHR146W,YJL168C,0,0.28671318,0.09996622800827026,0.29600000381469727,0.26649999618530273
YJL054W,YGR235C,0,0.28668085,0.0999324768781662,0.29600000381469727,0.26660001277923584
YDR002W,YMR225C,0,0.28663063,0.09989874809980392,0.29600000381469727,0.26669999957084656
YNL318C,YCL064C,0,0.2866198,0.09986504912376404,0.29600000381469727,0.2667999863624573
YDL108W,YNL222W,1,0.28659108,0.1001686304807663,0.296999990940094,0.2667999863624573
YOR027W,YCL001W,0,0.28657272,0.10013486444950104,0.296999990940094,0.2669000029563904
YLR193C,YKL054C,0,0.28643364,0.10010111331939697,0.296999990940094,0.2669999897480011
YPL225W,YHR133C,0,0.28641206,0.1000673845410347,0.296999990940094,0.2671000063419342
YGR005C,YDL046W,0,0.28639475,0.10003367811441422,0.296999990940094,0.2671999931335449
YNL194C,YPL221W,0,0.286297,0.10000000149011612,0.296999990940094,0.267300009727478
YER100W,YDR516C,0,0.28629616,0.09996633976697922,0.296999990940094,0.26739999651908875
YPL126W,YKR079C,0,0.28618565,0.0999327078461647,0.296999990940094,0.26750001311302185
YER179W,YCR105W,0,0.2861667,0.09989909082651138,0.296999990940094,0.26759999990463257
YPR056W,YNL039W,1,0.28606597,0.10020174831151962,0.2980000078678131,0.26759999990463257
YLR360W,YER060W-A,0,0.2860101,0.10016806423664093,0.2980000078678131,0.2676999866962433
YGR060W,YKR088C,0,0.28595597,0.10013440996408463,0.2980000078678131,0.2678000032901764
YPR055W,YDR009W,0,0.28592756,0.10010077059268951,0.2980000078678131,0.2678999900817871
YGR005C,YNL039W,1,0.28582096,0.10040295869112015,0.29899999499320984,0.2678999900817871
YOR110W,YPL177C,1,0.28580868,0.10070493817329407,0.30000001192092896,0.2678999900817871
YHL028W,YOR271C,0,0.28574738,0.10067114233970642,0.30000001192092896,0.2680000066757202
YMR110C,YHR157W,0,0.28570315,0.10063736885786057,0.30000001192092896,0.26809999346733093
YGL092W,YDR317W,0,0.28545478,0.1006036251783371,0.30000001192092896,0.26820001006126404
YMR110C,YDL102W,0,0.28541306,0.10056989639997482,0.30000001192092896,0.26829999685287476
YMR015C,YBR016W,0,0.28539854,0.10053618997335434,0.30000001192092896,0.26840001344680786
YGR082W,YHR110W,0,0.28539398,0.10050251334905624,0.30000001192092896,0.2685000002384186
YGR235C,YAL051W,0,0.28534833,0.10046885162591934,0.30000001192092896,0.2685999870300293
YDR075W,YAL068C,0,0.28532657,0.10043521970510483,0.30000001192092896,0.2687000036239624
YPL209C,YIL147C,0,0.28528753,0.1004016101360321,0.30000001192092896,0.2687999904155731
YPR067W,YLR115W,0,0.28521055,0.10036801546812057,0.30000001192092896,0.2689000070095062
YDR287W,YPL234C,0,0.28497854,0.10033445060253143,0.30000001192092896,0.26899999380111694
YPR173C,YOR090C,0,0.28470275,0.10030090063810349,0.30000001192092896,0.26910001039505005
YDR145W,YLR044C,0,0.28463003,0.10026738047599792,0.30000001192092896,0.26919999718666077
YGR078C,YER005W,0,0.28455517,0.10023388266563416,0.30000001192092896,0.26930001378059387
YEL024W,YDL119C,0,0.284555,0.10020039975643158,0.30000001192092896,0.2694000005722046
YOL012C,YLR263W,0,0.28438735,0.10016694664955139,0.30000001192092896,0.2694999873638153
YMR318C,YBL051C,0,0.28429988,0.1001335084438324,0.30000001192092896,0.2696000039577484
YLR360W,YFL011W,0,0.2842789,0.10010010004043579,0.30000001192092896,0.26969999074935913
YBR109C,YOR195W,0,0.28406,0.10006671398878098,0.30000001192092896,0.26980000734329224
YBR005W,YDR257C,0,0.28397772,0.10003334283828735,0.30000001192092896,0.26989999413490295
YML011C,YPL168W,0,0.28395337,0.10000000149011612,0.30000001192092896,0.27000001072883606
YMR234W,YGR122W,0,0.28394386,0.09996667504310608,0.30000001192092896,0.2700999975204468
YBR114W,YKR099W,0,0.28380165,0.09993337839841843,0.30000001192092896,0.2702000141143799
YHR194W,YBR188C,0,0.28367773,0.09990009665489197,0.30000001192092896,0.2703000009059906
YHR088W,YNL294C,0,0.28365412,0.0998668447136879,0.30000001192092896,0.2703999876976013
YIL036W,YDR361C,0,0.28356645,0.09983360767364502,0.30000001192092896,0.2705000042915344
YDR189W,YPL076W,0,0.28355727,0.09980040043592453,0.30000001192092896,0.27059999108314514
YPR068C,YKL002W,0,0.28353122,0.09976720809936523,0.30000001192092896,0.27070000767707825
YOL132W,YGL049C,0,0.2835221,0.09973404556512833,0.30000001192092896,0.27079999446868896
YHR149C,YCR063W,0,0.2834489,0.09970089793205261,0.30000001192092896,0.27090001106262207
YGR181W,YMR002W,0,0.28334025,0.09966777265071869,0.30000001192092896,0.2709999978542328
YJL183W,YGL045W,0,0.28327307,0.09963466972112656,0.30000001192092896,0.2711000144481659
YDR468C,YBR218C,0,0.28319746,0.09960159659385681,0.30000001192092896,0.2712000012397766
YGL061C,YOL095C,0,0.28318802,0.09956853836774826,0.30000001192092896,0.27129998803138733
YOR081C,YOL042W,0,0.28315696,0.0995355024933815,0.30000001192092896,0.27140000462532043
YDL093W,YDR005C,0,0.28313664,0.09950248897075653,0.30000001192092896,0.27149999141693115
YNL045W,YMR050C,0,0.2831317,0.09946949779987335,0.30000001192092896,0.27160000801086426
YPR120C,YMR153W,0,0.28297952,0.09943652898073196,0.30000001192092896,0.271699994802475
YDR127W,YDL106C,0,0.28297088,0.09940357506275177,0.30000001192092896,0.2718000113964081
YOR068C,YLR259C,0,0.28284875,0.09937065094709396,0.30000001192092896,0.2718999981880188
YGR024C,YIL123W,0,0.2828403,0.09933774918317795,0.30000001192092896,0.2720000147819519
YOR011W,YOR335C,0,0.28279373,0.09930486232042313,0.30000001192092896,0.2721000015735626
YLR426W,YLR333C,0,0.28271905,0.09927200525999069,0.30000001192092896,0.27219998836517334
YLR347C,YER060W,0,0.28269556,0.09923916310071945,0.30000001192092896,0.27230000495910645
YGR047C,YDL108W,1,0.28263488,0.09953703731298447,0.3009999990463257,0.27230000495910645
YBL038W,YBR208C,0,0.28248623,0.09950413554906845,0.3009999990463257,0.27239999175071716
YDL108W,YNL039W,1,0.28247526,0.09980171918869019,0.3019999861717224,0.27239999175071716
YHL050C,YGL240W,0,0.28245258,0.0997687503695488,0.3019999861717224,0.27250000834465027
YNL145W,YDL012C,0,0.28240362,0.0997357964515686,0.3019999861717224,0.272599995136261
YGL244W,YBR123C,1,0.28239992,0.10003301501274109,0.30300000309944153,0.272599995136261
YDR500C,YOR330C,0,0.28229532,0.10000000149011612,0.30300000309944153,0.2727000117301941
YCL029C,YDR091C,0,0.28219488,0.09996701031923294,0.30300000309944153,0.2727999985218048
YLR118C,YLR215C,0,0.2821425,0.09993403404951096,0.30300000309944153,0.2728999853134155
YLR223C,YER041W,0,0.28201017,0.09990108758211136,0.30300000309944153,0.27300000190734863
YKL054C,YGR083C,0,0.2819899,0.09986816346645355,0.30300000309944153,0.27309998869895935
YGL053W,YCL048W,0,0.2819765,0.09983525425195694,0.30300000309944153,0.27320000529289246
YDL230W,YNR038W,0,0.28195134,0.09980237483978271,0.30300000309944153,0.2732999920845032
YDR301W,YML047C,0,0.28181967,0.09976951032876968,0.30300000309944153,0.2734000086784363
YMR101C,YER093C,0,0.2817861,0.09973666816949844,0.30300000309944153,0.273499995470047
YBR193C,YLR068W,0,0.28171945,0.099703848361969,0.30300000309944153,0.2736000120639801
YBL038W,YOL052C-A,0,0.28166842,0.09967105090618134,0.30300000309944153,0.2736999988555908
YGR253C,YHR037W,0,0.28165895,0.09963827580213547,0.30300000309944153,0.27379998564720154
YDL072C,YOR272W,0,0.28163472,0.09960552304983139,0.30300000309944153,0.27390000224113464
YDL175C,YHR190W,0,0.2816132,0.0995727926492691,0.30300000309944153,0.27399998903274536
YMR055C,YIL153W,0,0.28156337,0.09954007714986801,0.30300000309944153,0.27410000562667847
YCL001W,YJL208C,0,0.28148693,0.0995073914527893,0.30300000309944153,0.2741999924182892
YMR192W,YER060W-A,0,0.28147194,0.0994747206568718,0.30300000309944153,0.2743000090122223
YBR101C,YAL026C,0,0.28138486,0.09944207221269608,0.30300000309944153,0.274399995803833
YGR129W,YDR165W,0,0.28122112,0.09940944612026215,0.30300000309944153,0.2745000123977661
YLR005W,YPR186C,1,0.28120282,0.09970482438802719,0.30399999022483826,0.2745000123977661
YPR008W,YML013W,0,0.2811896,0.09967213124036789,0.30399999022483826,0.27459999918937683
YJL012C,YJL094C,0,0.28118378,0.09963946044445038,0.30399999022483826,0.27469998598098755
YPL007C,YOL067C,1,0.28107896,0.09993446618318558,0.3050000071525574,0.27469998598098755
YBR065C,YPR120C,0,0.281067,0.09990173578262329,0.3050000071525574,0.27480000257492065
YMR205C,YBR295W,0,0.28104544,0.0998690277338028,0.3050000071525574,0.27489998936653137
YBR119W,YBR015C,0,0.28093266,0.0998363345861435,0.3050000071525574,0.2750000059604645
YNL025C,YJR131W,0,0.28086314,0.09980366379022598,0.3050000071525574,0.2750999927520752
YBR029C,YHR190W,0,0.2806481,0.09977101534605026,0.3050000071525574,0.2752000093460083
YDR145W,YDR108W,0,0.2805247,0.09973838925361633,0.3050000071525574,0.275299996137619
YML023C,YPL262W,0,0.2804933,0.0997057855129242,0.3050000071525574,0.2754000127315521
YKR075C,YIL008W,0,0.28041324,0.09967320412397385,0.3050000071525574,0.27549999952316284
YIL013C,YHR170W,0,0.28034866,0.09964063763618469,0.3050000071525574,0.27559998631477356
YLR102C,YML076C,0,0.2802884,0.09960810095071793,0.3050000071525574,0.27570000290870667
YMR074C,YDR005C,0,0.28026566,0.09957557916641235,0.3050000071525574,0.2757999897003174
YAL028W,YNL062C,0,0.28026477,0.09954307973384857,0.3050000071525574,0.2759000062942505
YJL174W,YFR038W,0,0.28023568,0.09951060265302658,0.3050000071525574,0.2759999930858612
YML021C,YFR014C,0,0.2801583,0.09947814792394638,0.3050000071525574,0.2761000096797943
YBR085W,YPR071W,0,0.28013867,0.09944571554660797,0.3050000071525574,0.27619999647140503
YDR545W,YNL194C,0,0.28008497,0.09941329807043076,0.3050000071525574,0.27630001306533813
YGR266W,YPL097W,0,0.28001744,0.09938090294599533,0.3050000071525574,0.27639999985694885
YML023C,YLR181C,0,0.2799618,0.0993485376238823,0.3050000071525574,0.27649998664855957
YMR192W,YBR272C,0,0.2799599,0.09931618720293045,0.3050000071525574,0.2766000032424927
YOR262W,YBR045C,0,0.2799134,0.0992838516831398,0.3050000071525574,0.2766999900341034
YDR362C,YNL222W,1,0.27991334,0.09957695752382278,0.3059999942779541,0.2766999900341034
YOR262W,YBR003W,0,0.2798176,0.09954456984996796,0.3059999942779541,0.2768000066280365
YIL053W,YER015W,0,0.2797965,0.09951219707727432,0.3059999942779541,0.2768999934196472
YPL120W,YLR167W,0,0.2797618,0.09947984665632248,0.3059999942779541,0.2770000100135803
YDR287W,YNR037C,0,0.2797004,0.09944751113653183,0.3059999942779541,0.27709999680519104
YKL069W,YDR217C,0,0.2796884,0.09941520541906357,0.3059999942779541,0.27720001339912415
YDR422C,YLL067C,0,0.27967393,0.0993829146027565,0.3059999942779541,0.27730000019073486
YKL033W,YDR292C,0,0.279666,0.09935064613819122,0.3059999942779541,0.2773999869823456
YOR189W,YKR088C,0,0.27952638,0.09931840002536774,0.3059999942779541,0.2775000035762787
YPL137C,YDL106C,0,0.27944428,0.09928617626428604,0.3059999942779541,0.2775999903678894
YLR083C,YLR181C,0,0.2794209,0.09925397485494614,0.3059999942779541,0.2777000069618225
YOR117W,YPL262W,0,0.27934694,0.09922178834676743,0.3059999942779541,0.2777999937534332
YKL058W,YNL039W,1,0.2793334,0.09951377660036087,0.3070000112056732,0.2777999937534332
YOR090C,YOL012C,0,0.2793238,0.09948153048753738,0.3070000112056732,0.27790001034736633
YDR545W,YDL106C,0,0.27922627,0.09944930672645569,0.3070000112056732,0.27799999713897705
YER005W,YNR055C,0,0.27920994,0.09941709786653519,0.3070000112056732,0.27810001373291016
YLR011W,YNL036W,0,0.27917057,0.09938491135835648,0.3070000112056732,0.2782000005245209
YGL025C,YHR005C,0,0.2789465,0.09935274720191956,0.3070000112056732,0.2782999873161316
YPL130W,YGR296W,0,0.2788867,0.09932060539722443,0.3070000112056732,0.2784000039100647
YGR186W,YPR086W,1,0.27882838,0.09961190074682236,0.30799999833106995,0.2784000039100647
YPL082C,YOR110W,1,0.2788038,0.09990300983190536,0.3089999854564667,0.2784000039100647
YGL244W,YGR005C,1,0.2787425,0.10019392520189285,0.3100000023841858,0.2784000039100647
YKL069W,YGL192W,0,0.27856493,0.10016155242919922,0.3100000023841858,0.2784999907016754
YMR205C,YJL197W,0,0.2785567,0.10012920200824738,0.3100000023841858,0.2786000072956085
YLR007W,YMR050C,0,0.2784826,0.10009686648845673,0.3100000023841858,0.27869999408721924
YEL048C,YPR034W,0,0.27845064,0.10006456077098846,0.3100000023841858,0.27880001068115234
YAL048C,YDR471W,0,0.27824992,0.1000322699546814,0.3100000023841858,0.27889999747276306
YNR071C,YKL114C,0,0.2782322,0.10000000149011612,0.3100000023841858,0.27900001406669617
YOL122C,YOL009C,0,0.27812415,0.09996775537729263,0.3100000023841858,0.2791000008583069
YML107C,YDL012C,0,0.2781123,0.09993552416563034,0.3100000023841858,0.2791999876499176
YBR029C,YOR258W,0,0.2780284,0.09990332275629044,0.3100000023841858,0.2793000042438507
YBR049C,YKL196C,0,0.27797526,0.09987113624811172,0.3100000023841858,0.2793999910354614
YML098W,YOL078W,0,0.2779384,0.0998389720916748,0.3100000023841858,0.27950000762939453
YIL056W,YKR031C,0,0.2778109,0.09980682283639908,0.3100000023841858,0.27959999442100525
YHR157W,YMR237W,0,0.27778387,0.09977470338344574,0.3100000023841858,0.27970001101493835
YMR076C,YCR063W,0,0.27771035,0.0997425988316536,0.3100000023841858,0.2797999978065491
YMR322C,YMR153W,0,0.2776765,0.09971051663160324,0.3100000023841858,0.2799000144004822
YDR437W,YGL105W,0,0.27763924,0.09967845678329468,0.3100000023841858,0.2800000011920929
YPR067W,YOR372C,0,0.27757722,0.0996464192867279,0.3100000023841858,0.2800999879837036
YHR142W,YJL180C,0,0.27754304,0.09961439669132233,0.3100000023841858,0.2802000045776367
YOR250C,YDR384C,0,0.27745202,0.09958239644765854,0.3100000023841858,0.28029999136924744
YER056C,YDR150W,0,0.2774246,0.09955041855573654,0.3100000023841858,0.28040000796318054
YMR230W,YKL054C,0,0.27736852,0.09951845556497574,0.3100000023841858,0.28049999475479126
YML100W,YKL134C,0,0.2773296,0.09948652237653732,0.3100000023841858,0.28060001134872437
YGR246C,YOL067C,1,0.2773207,0.09977542608976364,0.3109999895095825,0.28060001134872437
YPL140C,YNR038W,0,0.27731884,0.09974342584609985,0.3109999895095825,0.2806999981403351
YER031C,YDR188W,0,0.27714172,0.09971144795417786,0.3109999895095825,0.2808000147342682
YGR060W,YHR118C,0,0.27701035,0.09967948496341705,0.3109999895095825,0.2809000015258789
YGL070C,YOL051W,0,0.2769088,0.09964755177497864,0.3109999895095825,0.2809999883174896
YFR047C,YBR180W,0,0.27687022,0.09961563348770142,0.3109999895095825,0.28110000491142273
YMR005W,YML114C,1,0.27678815,0.09990394115447998,0.31200000643730164,0.28110000491142273
YBR003W,YGR040W,0,0.27674475,0.09987195581197739,0.31200000643730164,0.28119999170303345
YBR119W,YGR040W,0,0.27669704,0.09984000027179718,0.31200000643730164,0.28130000829696655
YDR045C,YOR195W,0,0.27661535,0.09980805963277817,0.31200000643730164,0.28139999508857727
YGR174C,YBR045C,0,0.2766103,0.09977614134550095,0.31200000643730164,0.2815000116825104
YDR362C,YDR448W,1,0.27649543,0.10006393492221832,0.31299999356269836,0.2815000116825104
YPR003C,YLR001C,0,0.2764131,0.10003195703029633,0.31299999356269836,0.2815999984741211
YDR289C,YGL231C,0,0.27639383,0.10000000149011612,0.31299999356269836,0.2816999852657318
YIL075C,YDR234W,0,0.2762502,0.0999680608510971,0.31299999356269836,0.2818000018596649
YDR212W,YOL098C,0,0.27616626,0.09993614256381989,0.31299999356269836,0.28189998865127563
YDR041W,YPR086W,0,0.27616063,0.09990424662828445,0.31299999356269836,0.28200000524520874
YOL069W,YBL007C,0,0.27612853,0.09987236559391022,0.31299999356269836,0.28209999203681946
YMR059W,YPR133C,0,0.2761099,0.09984050691127777,0.31299999356269836,0.28220000863075256
YGL053W,YPL233W,0,0.27606925,0.09980867058038712,0.31299999356269836,0.2822999954223633
YHL025W,YGR044C,0,0.2760194,0.09977685660123825,0.31299999356269836,0.2824000120162964
YDR350C,YDR217C,0,0.27597198,0.09974505752325058,0.31299999356269836,0.2824999988079071
YMR261C,YAR009C,0,0.2758265,0.0997132807970047,0.31299999356269836,0.2825999855995178
YPL056C,YGR260W,0,0.27580747,0.09968152642250061,0.31299999356269836,0.2827000021934509
YDR362C,YGL112C,1,0.27569523,0.09996816515922546,0.3140000104904175,0.2827000021934509
YOR194C,YGR274C,1,0.2756095,0.1002546176314354,0.3149999976158142,0.2827000021934509
YOR032C,YPL010W,0,0.2756086,0.10022271424531937,0.3149999976158142,0.28279998898506165
YHR142W,YKL155C,0,0.27553025,0.10019084066152573,0.3149999976158142,0.28290000557899475
YKR053C,YGL226W,0,0.27547756,0.10015898197889328,0.3149999976158142,0.28299999237060547
YDL235C,YFL026W,0,0.2754588,0.10012714564800262,0.3149999976158142,0.2831000089645386
YLR417W,YLR247C,0,0.27542016,0.10009533166885376,0.3149999976158142,0.2831999957561493
YLL048C,YLR263W,0,0.2752463,0.10006353259086609,0.3149999976158142,0.2833000123500824
YNL023C,YHR024C,0,0.2752075,0.10003175586462021,0.3149999976158142,0.2833999991416931
YKL026C,YBR193C,0,0.27517143,0.10000000149011612,0.3149999976158142,0.28349998593330383
YOR194C,YPL177C,1,0.27513242,0.10028562694787979,0.3160000145435333,0.28349998593330383
YGL005C,YLR259C,0,0.2750745,0.10025380551815033,0.3160000145435333,0.28360000252723694
YOR383C,YJL001W,0,0.27504358,0.10022201389074326,0.3160000145435333,0.28369998931884766
YBR038W,YJL059W,0,0.27503976,0.10019023716449738,0.3160000145435333,0.28380000591278076
YNL286W,YER007C-A,0,0.27503774,0.10015847533941269,0.3160000145435333,0.2838999927043915
YER100W,YBR086C,0,0.27496785,0.10012674331665039,0.3160000145435333,0.2840000092983246
YDL098C,YNL055C,0,0.2749664,0.10009502619504929,0.3160000145435333,0.2840999960899353
YCL010C,YPR086W,1,0.27493423,0.10037998855113983,0.31700000166893005,0.2840999960899353
YBR091C,YCL067C,0,0.27492413,0.10034821182489395,0.31700000166893005,0.2842000126838684
YKL033W,YDR188W,0,0.27488416,0.10031645745038986,0.31700000166893005,0.2842999994754791
YOL135C,YKL063C,0,0.2748293,0.10028471797704697,0.31700000166893005,0.28439998626708984
YBL008W,YBR188C,0,0.27479312,0.10025300085544586,0.31700000166893005,0.28450000286102295
YBR038W,YPR133C,0,0.2747511,0.10022130608558655,0.31700000166893005,0.28459998965263367
YKR093W,YGL058W,0,0.27460083,0.10018963366746902,0.31700000166893005,0.2847000062465668
YER044C-A,YHR006W,0,0.2745946,0.1001579761505127,0.31700000166893005,0.2847999930381775
YGR170W,YPL097W,0,0.27456447,0.10012634098529816,0.31700000166893005,0.2849000096321106
YLR001C,YPL006W,0,0.274491,0.10009472817182541,0.31700000166893005,0.2849999964237213
YGL096W,YDR045C,0,0.27438328,0.10006313025951385,0.31700000166893005,0.2851000130176544
YMR261C,YLR055C,0,0.27434146,0.10003155469894409,0.31700000166893005,0.28519999980926514
YPL203W,YBR168W,0,0.27431694,0.10000000149011612,0.31700000166893005,0.28529998660087585
YML045W,YHR090C,0,0.27425995,0.09996846318244934,0.31700000166893005,0.28540000319480896
YOR065W,YKR083C,0,0.27422747,0.09993694722652435,0.31700000166893005,0.2854999899864197
YPR120C,YBR193C,0,0.27422497,0.09990545362234116,0.31700000166893005,0.2856000065803528
YDR463W,YPL076W,0,0.27421764,0.09987397491931915,0.31700000166893005,0.2856999933719635
YBR279W,YIL153W,0,0.2741328,0.09984251856803894,0.31700000166893005,0.2858000099658966
YBR060C,YKR034W,0,0.27413094,0.09981108456850052,0.31700000166893005,0.2858999967575073
YDR129C,YLL014W,0,0.27410448,0.09977966547012329,0.31700000166893005,0.28600001335144043
YNL214W,YLR313C,0,0.27410385,0.09974826872348785,0.31700000166893005,0.28610000014305115
YPL115C,YDL119C,0,0.27403018,0.09971689432859421,0.31700000166893005,0.28619998693466187
YGL018C,YER005W,0,0.27398688,0.09968553483486176,0.31700000166893005,0.28630000352859497
YOR045W,YLR093C,0,0.27393022,0.0996541976928711,0.31700000166893005,0.2863999903202057
YLR284C,YOR011W,0,0.27385995,0.09962287545204163,0.31700000166893005,0.2865000069141388
YPL058C,YDR040C,0,0.27380744,0.09959158301353455,0.31700000166893005,0.2865999937057495
YNL222W,YPL202C,1,0.27380148,0.09987436980009079,0.3179999887943268,0.2865999937057495
YDR515W,YFL049W,0,0.27373928,0.09984301775693893,0.3179999887943268,0.2867000102996826
YGR005C,YCR042C,1,0.27369216,0.10012555122375488,0.3190000057220459,0.2867000102996826
YKR077W,YKL099C,0,0.27368873,0.10009413212537766,0.3190000057220459,0.28679999709129333
YGR174C,YHR194W,0,0.2736696,0.10006273537874222,0.3190000057220459,0.28690001368522644
YDR213W,YFR014C,0,0.27346784,0.10003136098384857,0.3190000057220459,0.28700000047683716
YDL003W,YKL039W,0,0.27346537,0.10000000149011612,0.3190000057220459,0.2870999872684479
YJR084W,YOL095C,0,0.27336666,0.09996866434812546,0.3190000057220459,0.287200003862381
YLR361C,YLL057C,0,0.27331725,0.09993734210729599,0.3190000057220459,0.2872999906539917
YML076C,YLR263W,0,0.27329415,0.09990604221820831,0.3190000057220459,0.2874000072479248
YLR260W,YNL029C,0,0.27321312,0.09987476468086243,0.3190000057220459,0.2874999940395355
YOL122C,YEL001C,0,0.2730627,0.09984350204467773,0.3190000057220459,0.28760001063346863
YER167W,YJL196C,0,0.27304438,0.09981226176023483,0.3190000057220459,0.28769999742507935
YKR078W,YER023W,0,0.27302328,0.09978104382753372,0.3190000057220459,0.28780001401901245
YER023W,YNL068C,0,0.272999,0.0997498407959938,0.3190000057220459,0.28790000081062317
YPL007C,YKL058W,1,0.27289578,0.10003125667572021,0.3199999928474426,0.28790000081062317
YDR145W,YIL036W,1,0.27280393,0.1003125011920929,0.32100000977516174,0.28790000081062317
YDR009W,YFR025C,0,0.27274853,0.10028116405010223,0.32100000977516174,0.2879999876022339
YKL014C,YJR027W,0,0.2727386,0.10024984180927277,0.32100000977516174,0.288100004196167
YPR161C,YCR063W,0,0.2726888,0.10021854192018509,0.32100000977516174,0.2881999909877777
YJL096W,YPR106W,0,0.27257594,0.1001872643828392,0.32100000977516174,0.2883000075817108
YDR145W,YPR056W,1,0.27254418,0.10046801716089249,0.32199999690055847,0.2883000075817108
YNL214W,YDR292C,0,0.27253988,0.10043668001890182,0.32199999690055847,0.28839999437332153
YHR201C,YOR273C,0,0.2725355,0.10040536522865295,0.32199999690055847,0.28850001096725464
YLR005W,YDR448W,1,0.27245137,0.10068578273057938,0.3230000138282776,0.28850001096725464
YOR091W,YIL007C,0,0.27234742,0.10065440833568573,0.3230000138282776,0.28859999775886536
YLR315W,YBL091C,0,0.2723336,0.10062305629253387,0.3230000138282776,0.28870001435279846
YIL075C,YPR067W,0,0.2722906,0.10059171915054321,0.3230000138282776,0.2888000011444092
YLR083C,YPL203W,0,0.27227262,0.10056039690971375,0.3230000138282776,0.2888999879360199
YNL020C,YMR156C,0,0.27225226,0.10052909702062607,0.3230000138282776,0.289000004529953
YJR102C,YLR324W,0,0.27224517,0.10049781948328018,0.3230000138282776,0.2890999913215637
YLL057C,YDR395W,0,0.27217835,0.10046656429767609,0.3230000138282776,0.2892000079154968
YIL087C,YIL153W,0,0.27216497,0.10043532401323318,0.3230000138282776,0.28929999470710754
YDR040C,YOR026W,0,0.27200258,0.10040410608053207,0.3230000138282776,0.28940001130104065
YDL175C,YBR208C,0,0.27197185,0.10037290304899216,0.3230000138282776,0.28949999809265137
YML004C,YJR123W,0,0.2719668,0.10034172236919403,0.3230000138282776,0.2896000146865845
YHR201C,YNL194C,0,0.271956,0.1003105565905571,0.3230000138282776,0.2897000014781952
YMR205C,YBR181C,0,0.27182996,0.10027941316366196,0.3230000138282776,0.2897999882698059
YBL013W,YJL127C,0,0.2718241,0.1002482920885086,0.3230000138282776,0.289900004863739
YOR177C,YDR235W,0,0.271736,0.10021718591451645,0.3230000138282776,0.28999999165534973
YJL045W,YGR266W,0,0.2717276,0.10018610209226608,0.3230000138282776,0.29010000824928284
YDL106C,YKL052C,0,0.27166328,0.10015504062175751,0.3230000138282776,0.29019999504089355
YPR161C,YPR128C,0,0.27165806,0.10012399405241013,0.3230000138282776,0.29030001163482666
YPL225W,YLR092W,0,0.27149317,0.10009296238422394,0.3230000138282776,0.2903999984264374
YNL041C,YER129W,0,0.27146384,0.10006196051836014,0.3230000138282776,0.2904999852180481
YDL072C,YOR316C,0,0.27144912,0.10003096610307693,0.3230000138282776,0.2906000018119812
YDR167W,YPR086W,1,0.2712894,0.1003095954656601,0.3240000009536743,0.2906000018119812
YOR081C,YKR031C,0,0.2711931,0.10027854889631271,0.3240000009536743,0.2906999886035919
YNL145W,YEL032W,0,0.27111414,0.10024752467870712,0.3240000009536743,0.290800005197525
YGR204W,YIL167W,0,0.2710235,0.10021651536226273,0.3240000009536743,0.29089999198913574
YBL080C,YPR034W,0,0.27099657,0.10018552839756012,0.3240000009536743,0.29100000858306885
YER100W,YNL142W,0,0.2709323,0.10015455633401871,0.3240000009536743,0.29109999537467957
YML114C,YLR005W,1,0.27073103,0.1004326343536377,0.32499998807907104,0.29109999537467957
YPL115C,YOL042W,0,0.2707108,0.1004016101360321,0.32499998807907104,0.29120001196861267
YGR245C,YOR195W,0,0.27061644,0.10037060081958771,0.32499998807907104,0.2912999987602234
YOL052C-A,YNL065W,0,0.27051023,0.1003396138548851,0.32499998807907104,0.2913999855518341
YER023W,YOL135C,0,0.2704643,0.10030864179134369,0.32499998807907104,0.2915000021457672
YLL024C,YOR113W,0,0.2704621,0.10027769207954407,0.32499998807907104,0.29159998893737793
YLL024C,YIR026C,0,0.270457,0.10024676471948624,0.32499998807907104,0.29170000553131104
YGR055W,YKL063C,0,0.27043906,0.1002158522605896,0.32499998807907104,0.29179999232292175
YLR442C,YIL033C,0,0.2703896,0.10018495470285416,0.32499998807907104,0.29190000891685486
YPL209C,YGL198W,0,0.27028415,0.1001540794968605,0.32499998807907104,0.2919999957084656
YIR004W,YNL164C,0,0.27001873,0.10012322664260864,0.32499998807907104,0.2921000123023987
YLL067C,YLR260W,0,0.2699713,0.10009239614009857,0.32499998807907104,0.2921999990940094
YHR118C,YGL105W,0,0.26992476,0.1000615730881691,0.32499998807907104,0.2922999858856201
YDR002W,YDR108W,0,0.269885,0.10003077983856201,0.32499998807907104,0.2924000024795532
YPL129W,YKL144C,1,0.26951948,0.10030769556760788,0.32600000500679016,0.2924000024795532
YOR247W,YNL065W,0,0.2695066,0.10027683526277542,0.32600000500679016,0.29249998927116394
YGL028C,YLR466W,0,0.26946238,0.10024600476026535,0.32600000500679016,0.29260000586509705
YLL006W,YJL035C,0,0.26932594,0.10021518915891647,0.32600000500679016,0.29269999265670776
YNL214W,YIL009W,0,0.26930156,0.10018438845872879,0.32600000500679016,0.29280000925064087
YOL023W,YKL087C,0,0.26927766,0.1001536101102829,0.32600000500679016,0.2928999960422516
YOR241W,YLR435W,0,0.26926532,0.1001228466629982,0.32600000500679016,0.2930000126361847
YEL039C,YDR328C,0,0.26923057,0.10009211301803589,0.32600000500679016,0.2930999994277954
YHR035W,YER177W,0,0.26922128,0.10006138682365417,0.32600000500679016,0.29319998621940613
YPL130W,YJL013C,0,0.26913625,0.10003068298101425,0.32600000500679016,0.29330000281333923
YOL029C,YHR005C,0,0.2690193,0.10000000149011612,0.32600000500679016,0.29339998960494995
YPR095C,YKL196C,0,0.26897803,0.09996933490037918,0.32600000500679016,0.29350000619888306
YML041C,YDR007W,0,0.2688251,0.09993869066238403,0.32600000500679016,0.2935999929904938
YEL039C,YIL038C,0,0.26881257,0.09990806132555008,0.32600000500679016,0.2937000095844269
YPL120W,YGR266W,0,0.26868218,0.09987745434045792,0.32600000500679016,0.2937999963760376
YGL246C,YPL036W,0,0.2685787,0.09984686225652695,0.32600000500679016,0.2939000129699707
YML061C,YBR208C,0,0.26848125,0.09981629252433777,0.32600000500679016,0.2939999997615814
YPL116W,YDR407C,0,0.26845738,0.09978573769330978,0.32600000500679016,0.29409998655319214
YDR280W,YBL100W-B,0,0.2683915,0.09975520521402359,0.32600000500679016,0.29420000314712524
YER023W,YLR363C,0,0.26834223,0.09972468763589859,0.32600000500679016,0.29429998993873596
YMR101C,YOR335C,0,0.26832393,0.09969419240951538,0.32600000500679016,0.29440000653266907
YDR311W,YPR086W,1,0.26830867,0.09996943175792694,0.3269999921321869,0.29440000653266907
YPL138C,YGL085W,0,0.2682636,0.09993887692689896,0.3269999921321869,0.2944999933242798
YGL243W,YPL058C,0,0.2681216,0.09990834444761276,0.3269999921321869,0.2946000099182129
YOR372C,YHR001W-A,0,0.26801893,0.09987782686948776,0.3269999921321869,0.2946999967098236
YLR056W,YER167W,0,0.26799288,0.09984733164310455,0.3269999921321869,0.2948000133037567
YMR262W,YLR189C,0,0.2679519,0.09981685131788254,0.3269999921321869,0.29490000009536743
YLR011W,YNR038W,0,0.2679491,0.09978639334440231,0.3269999921321869,0.29499998688697815
YEL027W,YJL001W,0,0.26787353,0.09975595027208328,0.3269999921321869,0.29510000348091125
YKL197C,YKR095W,0,0.26777586,0.09972552955150604,0.3269999921321869,0.295199990272522
YDR092W,YKL114C,0,0.26772174,0.09969512373209,0.3269999921321869,0.2953000068664551
YIL037C,YIL018W,0,0.26761842,0.09966473281383514,0.3269999921321869,0.2953999936580658
YNL318C,YDR007W,0,0.26756805,0.09963437169790268,0.3269999921321869,0.2955000102519989
YPL207W,YIR026C,0,0.2675317,0.09960401803255081,0.3269999921321869,0.2955999970436096
YOL144W,YML086C,0,0.26752687,0.09957369416952133,0.3269999921321869,0.2957000136375427
YNL222W,YDR167W,1,0.2674944,0.09984779357910156,0.328000009059906,0.2957000136375427
YOR383C,YKL129C,0,0.26745746,0.09981741011142731,0.328000009059906,0.29580000042915344
YFR031C-A,YGL192W,0,0.26742634,0.09978704154491425,0.328000009059906,0.29589998722076416
YNL288W,YGL192W,0,0.267342,0.09975668787956238,0.328000009059906,0.29600000381469727
YHR158C,YDR246W,0,0.2673417,0.0997263640165329,0.328000009059906,0.296099990606308
YKL054C,YDR057W,0,0.26731366,0.09969604760408401,0.328000009059906,0.2962000072002411
YLR193C,YMR183C,0,0.26727614,0.09966575354337692,0.328000009059906,0.2962999939918518
YGL005C,YCR036W,0,0.26725152,0.09963548183441162,0.328000009059906,0.2964000105857849
YBR153W,YPL133C,0,0.2672378,0.09960522502660751,0.328000009059906,0.29649999737739563
YDR201W,YBR149W,0,0.2672137,0.0995749831199646,0.328000009059906,0.29660001397132874
YLR411W,YOL012C,0,0.26713744,0.09954476356506348,0.328000009059906,0.29670000076293945
YBR123C,YML015C,1,0.26707882,0.09981796145439148,0.32899999618530273,0.29670000076293945
YLR249W,YBR015C,0,0.26702702,0.09978768229484558,0.32899999618530273,0.29679998755455017
YIL037C,YBR181C,0,0.2670083,0.09975742548704147,0.32899999618530273,0.2969000041484833
YDR243C,YPR100W,0,0.26696125,0.09972719103097916,0.32899999618530273,0.296999990940094
YLR220W,YBL072C,0,0.26685485,0.09969697147607803,0.32899999618530273,0.2971000075340271
YLR345W,YHR142W,0,0.26681122,0.0996667668223381,0.32899999618530273,0.2971999943256378
YOR027W,YOR383C,0,0.26659203,0.09963658452033997,0.32899999618530273,0.2973000109195709
YDR023W,YDR407C,0,0.26649883,0.09960641711950302,0.32899999618530273,0.29739999771118164
YGR005C,YDR167W,1,0.26647016,0.0998789370059967,0.33000001311302185,0.29739999771118164
YOR193W,YPL135W,0,0.26646093,0.09984871745109558,0.33000001311302185,0.29750001430511475
YAL001C,YBL103C,1,0.2662798,0.10012099146842957,0.3310000002384186,0.29750001430511475
YLL053C,YLL057C,0,0.2659475,0.10009071975946426,0.3310000002384186,0.29760000109672546
YPR055W,YLR384C,0,0.26593456,0.10006046295166016,0.3310000002384186,0.2976999878883362
YNL051W,YKL005C,0,0.26592645,0.10003022104501724,0.3310000002384186,0.2978000044822693
YOR267C,YBR218C,0,0.26588413,0.10000000149011612,0.3310000002384186,0.29789999127388
YDR528W,YGR129W,0,0.26580763,0.09996979683637619,0.3310000002384186,0.2980000078678131
YPR148C,YER038C,0,0.2657588,0.09993961453437805,0.3310000002384186,0.29809999465942383
YMR227C,YBR123C,1,0.2656923,0.10021129250526428,0.3319999873638153,0.29809999465942383
YGL076C,YHR122W,0,0.2656214,0.10018105059862137,0.3319999873638153,0.29820001125335693
YBR279W,YDR040C,0,0.26558676,0.10015083104372025,0.3319999873638153,0.29829999804496765
YDL154W,YCR044C,0,0.26549092,0.10012062638998032,0.3319999873638153,0.29840001463890076
YMR105C,YOR258W,0,0.26543552,0.10009044408798218,0.3319999873638153,0.2985000014305115
YER179W,YPL137C,0,0.26539823,0.10006027668714523,0.3319999873638153,0.2985999882221222
YFL061W,YGL195W,0,0.2653708,0.10003013163805008,0.3319999873638153,0.2987000048160553
YJR120W,YLR044C,0,0.2653443,0.10000000149011612,0.3319999873638153,0.298799991607666
YER033C,YPL224C,0,0.2653031,0.09996988624334335,0.3319999873638153,0.2989000082015991
YAL019W,YKL052C,0,0.265303,0.09993979334831238,0.3319999873638153,0.29899999499320984
YOR026W,YBR180W,0,0.26528373,0.0999097228050232,0.3319999873638153,0.29910001158714294
YGL005C,YFR034C,0,0.26526815,0.0998796597123146,0.3319999873638153,0.29919999837875366
YMR105C,YIL148W,0,0.26526153,0.0998496264219284,0.3319999873638153,0.2992999851703644
YLR361C,YGL139W,0,0.2651756,0.0998196005821228,0.3319999873638153,0.2994000017642975
YPL007C,YML015C,1,0.26517045,0.10009016841650009,0.3330000042915344,0.2994000017642975
YML041C,YER081W,0,0.2650958,0.10006009787321091,0.3330000042915344,0.2994999885559082
YHR122W,YAL026C,0,0.2650928,0.10003004223108292,0.3330000042915344,0.2996000051498413
YFR027W,YGL139W,0,0.26500764,0.10000000149011612,0.3330000042915344,0.299699991941452
YPR017C,YDR464W,0,0.26499876,0.09996997565031052,0.3330000042915344,0.29980000853538513
YIL107C,YGR044C,0,0.26498047,0.0999399796128273,0.3330000042915344,0.29989999532699585
YDR098C,YLR118C,0,0.2649609,0.09990999102592468,0.3330000042915344,0.30000001192092896
YDR328C,YLR247C,0,0.26484063,0.09988002479076385,0.3330000042915344,0.3000999987125397
YJR132W,YOR172W,0,0.26480788,0.09985007345676422,0.3330000042915344,0.3001999855041504
YAR042W,YHR157W,0,0.26478216,0.09982014447450638,0.3330000042915344,0.3003000020980835
YJR123W,YDR021W,0,0.26474106,0.09979023039340973,0.3330000042915344,0.3003999888896942
YMR274C,YMR059W,0,0.26471364,0.09976033866405487,0.3330000042915344,0.3005000054836273
YDR513W,YBR078W,0,0.26470822,0.0997304618358612,0.3330000042915344,0.30059999227523804
YLR175W,YKL051W,0,0.26459658,0.09970059990882874,0.3330000042915344,0.30070000886917114
YMR005W,YER148W,1,0.26440892,0.09997007250785828,0.33399999141693115,0.30070000886917114
YER033C,YNL247W,0,0.2643859,0.09994015842676163,0.33399999141693115,0.30079999566078186
YDL100C,YGR129W,0,0.26423946,0.09991025924682617,0.33399999141693115,0.30090001225471497
YOR194C,YGR186W,1,0.26422226,0.10017942637205124,0.33500000834465027,0.30090001225471497
YBL103C,YGL043W,1,0.2641605,0.10044842958450317,0.335999995470047,0.30090001225471497
YEL019C,YLR115W,0,0.2640778,0.10041841119527817,0.335999995470047,0.3009999990463257
YHR103W,YGL045W,0,0.26393908,0.10038840770721436,0.335999995470047,0.3010999858379364
YNL145W,YDR045C,0,0.2639244,0.10035842657089233,0.335999995470047,0.3012000024318695
YLR313C,YBR028C,0,0.2638705,0.10032845288515091,0.335999995470047,0.3012999892234802
YPL130W,YGL238W,0,0.26385614,0.10029850900173187,0.335999995470047,0.30140000581741333
YDL240W,YLR220W,0,0.26383975,0.10026858001947403,0.335999995470047,0.30149999260902405
YKL129C,YNR052C,0,0.2637775,0.10023866593837738,0.335999995470047,0.30160000920295715
YGL244W,YPR008W,1,0.2636505,0.10050700604915619,0.3370000123977661,0.30160000920295715
YHR037W,YGR129W,0,0.26362103,0.10047703981399536,0.3370000123977661,0.30169999599456787
YGR254W,YDR398W,0,0.26361713,0.10044709593057632,0.3370000123977661,0.301800012588501
YLR085C,YDR309C,0,0.2636113,0.10041716694831848,0.3370000123977661,0.3018999993801117
YML045W,YHR139C,0,0.26359338,0.10038725286722183,0.3370000123977661,0.3019999861717224
YLR023C,YIL062C,0,0.26352784,0.10035735368728638,0.3370000123977661,0.3021000027656555
YOR032C,YKL077W,0,0.26346874,0.10032747685909271,0.3370000123977661,0.30219998955726624
YDR145W,YDR422C,0,0.26339927,0.10029762238264084,0.3370000123977661,0.30230000615119934
YLR220W,YDR179C,0,0.2633784,0.10026777535676956,0.3370000123977661,0.30239999294281006
YLR039C,YBR180W,0,0.2632926,0.10023795068264008,0.3370000123977661,0.30250000953674316
YDR422C,YGR057C,0,0.2632368,0.10020814836025238,0.3370000123977661,0.3025999963283539
YBR119W,YCR038C,0,0.26323178,0.10017836093902588,0.3370000123977661,0.302700012922287
YOR101W,YFR040W,0,0.26315442,0.10014858841896057,0.3370000123977661,0.3027999997138977
YMR261C,YLL021W,0,0.2630785,0.10011883825063705,0.3370000123977661,0.3028999865055084
YCL048W,YMR183C,0,0.2626579,0.10008910298347473,0.3370000123977661,0.30300000309944153
YDR244W,YDR005C,0,0.2626557,0.1000593826174736,0.3370000123977661,0.30309998989105225
YER041W,YDR273W,0,0.2625946,0.10002968460321426,0.3370000123977661,0.30320000648498535
YPR037C,YKL138C,0,0.26258227,0.10000000149011612,0.3370000123977661,0.30329999327659607
YOL009C,YBR181C,0,0.26256463,0.09997033327817917,0.3370000123977661,0.3034000098705292
YBR046C,YLR083C,0,0.26254597,0.09994068741798401,0.3370000123977661,0.3034999966621399
YOR357C,YPL117C,0,0.26254222,0.09991105645895004,0.3370000123977661,0.303600013256073
YGR235C,YIL118W,0,0.26252002,0.09988144785165787,0.3370000123977661,0.3037000000476837
YLR260W,YNL278W,0,0.26251945,0.09985185414552689,0.3370000123977661,0.30379998683929443
YOL084W,YLR260W,0,0.26251903,0.0998222753405571,0.3370000123977661,0.30390000343322754
YHR148W,YMR262W,0,0.2624988,0.0997927188873291,0.3370000123977661,0.30399999022483826
YML127W,YLR363C,0,0.26245275,0.0997631698846817,0.3370000123977661,0.30410000681877136
YIL036W,YPR175W,0,0.26244998,0.09973365068435669,0.3370000123977661,0.3041999936103821
YNL167C,YDR105C,0,0.26243612,0.09970413893461227,0.3370000123977661,0.3043000102043152
YGR097W,YPL156C,0,0.26240346,0.09967464953660965,0.3370000123977661,0.3043999969959259
YBR146W,YNR053C,0,0.26239023,0.09964518249034882,0.3370000123977661,0.304500013589859
YDR235W,YGR170W,0,0.2623183,0.09961572289466858,0.3370000123977661,0.3046000003814697
YDR189W,YPL280W,0,0.2622442,0.09958628565073013,0.3370000123977661,0.30469998717308044
YML023C,YGL027C,0,0.2622048,0.09955687075853348,0.3370000123977661,0.30480000376701355
YNL167C,YDR545W,0,0.26215553,0.09952746331691742,0.3370000123977661,0.30489999055862427
YHR113W,YDR284C,0,0.26206192,0.09949807822704315,0.3370000123977661,0.3050000071525574
YDL175C,YOL122C,0,0.26204473,0.09946871548891068,0.3370000123977661,0.3050999939441681
YPL130W,YLR017W,0,0.26196423,0.0994393602013588,0.3370000123977661,0.3052000105381012
YLR333C,YCL054W,0,0.26189432,0.0994100272655487,0.3370000123977661,0.3052999973297119
YIL062C,YJL083W,0,0.26188746,0.09938071668148041,0.3370000123977661,0.305400013923645
YBL038W,YNL048W,0,0.2618656,0.0993514135479927,0.3370000123977661,0.30550000071525574
YCR042C,YPR186C,1,0.26167795,0.09961685538291931,0.33799999952316284,0.30550000071525574
YDR009W,YDL139C,0,0.2616684,0.09958750754594803,0.33799999952316284,0.30559998750686646
YKL150W,YPL010W,0,0.26165,0.09955817461013794,0.33799999952316284,0.30570000410079956
YDL113C,YDR040C,0,0.2616412,0.09952885657548904,0.33799999952316284,0.3057999908924103
YML059C,YPR199C,0,0.26145938,0.09949956089258194,0.33799999952316284,0.3059000074863434
YGR103W,YJL069C,0,0.26142457,0.09947028011083603,0.33799999952316284,0.3059999942779541
YDR045C,YOL116W,0,0.2613912,0.09944101423025131,0.33799999952316284,0.3061000108718872
YKR027W,YKR077W,0,0.26126984,0.09941176325082779,0.33799999952316284,0.3061999976634979
YKL149C,YAL007C,0,0.26117745,0.09938253462314606,0.33799999952316284,0.30630001425743103
YJL012C,YMR261C,0,0.2610313,0.09935332089662552,0.33799999952316284,0.30640000104904175
YMR225C,YOR272W,0,0.26101273,0.09932412207126617,0.33799999952316284,0.30649998784065247
YPL209C,YLL066C,0,0.26095077,0.09929494559764862,0.33799999952316284,0.30660000443458557
YBR295W,YAL068C,0,0.2608581,0.09926578402519226,0.33799999952316284,0.3066999912261963
YIL147C,YOR363C,0,0.26085308,0.09923664480447769,0.33799999952316284,0.3068000078201294
YOL098C,YPR105C,0,0.26081482,0.09920751303434372,0.33799999952316284,0.3068999946117401
YJL059W,YDR381W,0,0.2607842,0.09917840361595154,0.33799999952316284,0.3070000112056732
YPL007C,YOR194C,1,0.2607595,0.09944265335798264,0.33899998664855957,0.3070000112056732
YCR024C,YIL011W,0,0.2606675,0.09941349178552628,0.33899998664855957,0.30709999799728394
YBR043C,YDL031W,0,0.26057136,0.09938434511423111,0.33899998664855957,0.30720001459121704
YIL033C,YER178W,0,0.26046577,0.09935521334409714,0.33899998664855957,0.30730000138282776
YHR197W,YDR257C,0,0.26039195,0.09932610392570496,0.33899998664855957,0.3073999881744385
YMR005W,YGR005C,1,0.2603719,0.09958992153406143,0.3400000035762787,0.3073999881744385
YDR381W,YDR289C,0,0.26036814,0.09956075996160507,0.3400000035762787,0.3075000047683716
YLR399C,YNL222W,1,0.26031977,0.09982435405254364,0.3409999907016754,0.3075000047683716
YPL179W,YGR260W,0,0.26030287,0.0997951403260231,0.3409999907016754,0.3075999915599823
YNR024W,YNL287W,0,0.26027295,0.09976594150066376,0.3409999907016754,0.3077000081539154
YOL029C,YKL079W,0,0.26023844,0.0997367650270462,0.3409999907016754,0.3077999949455261
YGL246C,YDR168W,0,0.26020876,0.09970760345458984,0.3409999907016754,0.30790001153945923
YOR380W,YLR442C,0,0.26015761,0.09967845678329468,0.3409999907016754,0.30799999833106995
YMR243C,YGR244C,0,0.2601381,0.0996493250131607,0.3409999907016754,0.30809998512268066
YLR185W,YLR328W,0,0.2601036,0.09962021559476852,0.3409999907016754,0.30820000171661377
YDR145W,YPL122C,1,0.26005897,0.09988317638635635,0.34200000762939453,0.30820000171661377
YHR103W,YLR118C,0,0.26003215,0.0998540148139,0.34200000762939453,0.3082999885082245
YAL015C,YDR437W,0,0.25997534,0.09982486814260483,0.34200000762939453,0.3084000051021576
YBR162C,YHL021C,0,0.25995213,0.09979573637247086,0.34200000762939453,0.3084999918937683
YJL096W,YDR005C,0,0.2599058,0.09976662695407867,0.34200000762939453,0.3086000084877014
YNL328C,YLR352W,0,0.25982046,0.09973753243684769,0.34200000762939453,0.30869999527931213
YNL247W,YBR049C,0,0.25979048,0.0997084528207779,0.34200000762939453,0.30880001187324524
YHL025W,YNL063W,0,0.2597761,0.09967939555644989,0.34200000762939453,0.30889999866485596
YDR145W,YOL067C,1,0.2596289,0.09994172304868698,0.34299999475479126,0.30889999866485596
YMR175W,YGL016W,0,0.25962478,0.0999126136302948,0.34299999475479126,0.3089999854564667
YJL096W,YGL226W,0,0.259462,0.09988351911306381,0.34299999475479126,0.3091000020503998
YDR243C,YDR386W,0,0.25939307,0.09985443949699402,0.34299999475479126,0.3091999888420105
YDL175C,YNL038W,0,0.25931373,0.09982537478208542,0.34299999475479126,0.3093000054359436
YGR055W,YDL154W,0,0.25926194,0.09979633241891861,0.34299999475479126,0.3093999922275543
YEL019C,YKL145W,0,0.25920227,0.099767304956913,0.34299999475479126,0.3095000088214874
YHR149C,YGR003W,0,0.25918663,0.09973829239606857,0.34299999475479126,0.30959999561309814
YJR132W,YDR463W,0,0.25916913,0.09970930218696594,0.34299999475479126,0.30970001220703125
YGR099W,YLR056W,0,0.25905326,0.0996803268790245,0.34299999475479126,0.30979999899864197
YBR078W,YJR050W,0,0.25893846,0.09965136647224426,0.34299999475479126,0.3098999857902527
YCR107W,YER149C,0,0.25888905,0.09962242096662521,0.34299999475479126,0.3100000023841858
YDR362C,YPR056W,1,0.25887975,0.09988385438919067,0.3440000116825104,0.3100000023841858
YOR027W,YDR280W,0,0.2588222,0.09985486418008804,0.3440000116825104,0.3100999891757965
YER014W,YMR048W,0,0.25882062,0.09982588142156601,0.3440000116825104,0.3102000057697296
YBR046C,YOL076W,0,0.25878847,0.09979692846536636,0.3440000116825104,0.31029999256134033
YNL036W,YCR038C,0,0.25864825,0.09976798295974731,0.3440000116825104,0.31040000915527344
YOR252W,YML061C,0,0.2585473,0.09973905235528946,0.3440000116825104,0.31049999594688416
YOR091W,YJL216C,0,0.25852796,0.0997101441025734,0.3440000116825104,0.31060001254081726
YJL045W,YCL064C,0,0.25839195,0.09968125075101852,0.3440000116825104,0.310699999332428
YBL100W-B,YLR337C,0,0.25838774,0.09965237230062485,0.3440000116825104,0.3107999861240387
YAL002W,YPL115C,0,0.2582019,0.09962351620197296,0.3440000116825104,0.3109000027179718
YAL015C,YGL016W,0,0.2580607,0.09959467500448227,0.3440000116825104,0.3109999895095825
YMR005W,YIL036W,1,0.25799164,0.09985528141260147,0.3449999988079071,0.3109999895095825
YEL024W,YJL035C,0,0.25798875,0.0998263880610466,0.3449999988079071,0.3111000061035156
YLR337C,YKL005C,0,0.25798842,0.09979750961065292,0.3449999988079071,0.31119999289512634
YHR090C,YPL097W,0,0.25792578,0.09976865351200104,0.3449999988079071,0.31130000948905945
YIL156W,YDR372C,0,0.25784722,0.09973981231451035,0.3449999988079071,0.31139999628067017
YPR143W,YNR055C,0,0.25783506,0.09971098601818085,0.3449999988079071,0.31150001287460327
YML107C,YLR061W,0,0.25772485,0.09968217462301254,0.3449999988079071,0.311599999666214
YMR053C,YLL067C,0,0.25771168,0.09965337812900543,0.3449999988079071,0.3116999864578247
YPR008W,YGR186W,1,0.2576768,0.09991337358951569,0.34599998593330383,0.3116999864578247
YIL118W,YFL026W,0,0.25761417,0.0998845249414444,0.34599998593330383,0.3118000030517578
YDR148C,YHR202W,0,0.257612,0.0998556986451149,0.34599998593330383,0.31189998984336853
YJL059W,YNL020C,0,0.25752386,0.0998268872499466,0.34599998593330383,0.31200000643730164
YDL160C,YKL052C,0,0.25748736,0.09979809820652008,0.34599998593330383,0.31209999322891235
YAL026C,YBR193C,0,0.25744924,0.09976931661367416,0.34599998593330383,0.31220000982284546
YOR194C,YDR167W,1,0.25743136,0.10002882778644562,0.34700000286102295,0.31220000982284546
YDR075W,YJL168C,0,0.25735456,0.10000000149011612,0.34700000286102295,0.3122999966144562
YDL018C,YER129W,0,0.2573414,0.09997119009494781,0.34700000286102295,0.3124000132083893
YPL129W,YEL009C,1,0.25733593,0.10023041814565659,0.3479999899864197,0.3124000132083893
YMR063W,YPR175W,0,0.25682923,0.1002015545964241,0.3479999899864197,0.3125
YDL243C,YBR089C-A,0,0.2568156,0.10017271339893341,0.3479999899864197,0.3125999867916107
YOL042W,YOR048C,0,0.25678405,0.10014388710260391,0.3479999899864197,0.3127000033855438
YGR224W,YOR259C,0,0.25672498,0.10011507570743561,0.3479999899864197,0.31279999017715454
YDR098C,YHR149C,0,0.2567077,0.1000862792134285,0.3479999899864197,0.31290000677108765
YCR065W,YOL052C-A,0,0.25665984,0.10005750507116318,0.3479999899864197,0.31299999356269836
YML098W,YDL189W,0,0.25654992,0.10002874583005905,0.3479999899864197,0.31310001015663147
YHR165C,YBR131W,0,0.25649709,0.10000000149011612,0.3479999899864197,0.3131999969482422
YIL106W,YAR033W,0,0.25630364,0.09997127205133438,0.3479999899864197,0.3133000135421753
YPR055W,YDR301W,0,0.25629544,0.09994256496429443,0.3479999899864197,0.313400000333786
YCR016W,YCR038C,0,0.25628445,0.09991386532783508,0.3479999899864197,0.31349998712539673
YKL145W,YKL002W,0,0.25626227,0.09988518804311752,0.3479999899864197,0.31360000371932983
YPR131C,YKL039W,0,0.25617495,0.09985652565956116,0.3479999899864197,0.31369999051094055
YOR357C,YDR384C,0,0.25615874,0.09982788562774658,0.3479999899864197,0.31380000710487366
YDL240W,YOL122C,0,0.2561376,0.0997992530465126,0.3479999899864197,0.3138999938964844
YER179W,YJR041C,0,0.25604782,0.09977064281702042,0.3479999899864197,0.3140000104904175
YNL176C,YIL011W,0,0.2560325,0.09974204748868942,0.3479999899864197,0.3140999972820282
YHR006W,YHR197W,0,0.25601065,0.09971346706151962,0.3479999899864197,0.3142000138759613
YJR131W,YOR079C,0,0.25583127,0.09968490153551102,0.3479999899864197,0.314300000667572
YDR129C,YKL005C,0,0.25581068,0.0996563583612442,0.3479999899864197,0.31439998745918274
YNL056W,YDR343C,0,0.25579968,0.09962783008813858,0.3479999899864197,0.31450000405311584
YHR205W,YHR170W,0,0.25578204,0.09959931671619415,0.3479999899864197,0.31459999084472656
YFL049W,YPR068C,0,0.2557733,0.09957081824541092,0.3479999899864197,0.31470000743865967
YLL024C,YOR195W,0,0.2557677,0.09954233467578888,0.3479999899864197,0.3147999942302704
YJL162C,YHR111W,0,0.25571018,0.09951386600732803,0.3479999899864197,0.3149000108242035
YGL005C,YLR382C,0,0.2556945,0.09948541969060898,0.3479999899864197,0.3149999976158142
YCL044C,YGL105W,0,0.25561517,0.09945698827505112,0.3479999899864197,0.3151000142097473
YHR204W,YMR177W,0,0.25560924,0.09942857176065445,0.3479999899864197,0.31520000100135803
YPL011C,YKL028W,1,0.2555079,0.09968580305576324,0.3490000069141388,0.31520000100135803
YLR284C,YPL097W,0,0.25546572,0.099657341837883,0.3490000069141388,0.31529998779296875
YJL057C,YJR054W,0,0.25544506,0.09962888807058334,0.3490000069141388,0.31540000438690186
YOR273C,YHR193C,0,0.25541246,0.09960045665502548,0.3490000069141388,0.3154999911785126
YGR174C,YHR149C,0,0.2553778,0.09957204014062881,0.3490000069141388,0.3156000077724457
YLR442C,YDL139C,0,0.25536266,0.09954363852739334,0.3490000069141388,0.3156999945640564
YKR096W,YGL238W,0,0.2553471,0.09951525181531906,0.3490000069141388,0.3158000111579895
YDR399W,YKL039W,0,0.25532797,0.09948688745498657,0.3490000069141388,0.3158999979496002
YJR042W,YLR460C,0,0.25531885,0.09945853799581528,0.3490000069141388,0.3160000145435333
YER014W,YHL006C,0,0.25528866,0.09943019598722458,0.3490000069141388,0.31610000133514404
YOR177C,YDR464W,0,0.25528637,0.09940187633037567,0.3490000069141388,0.31619998812675476
YKR034W,YPL075W,0,0.25523964,0.09937357902526855,0.3490000069141388,0.31630000472068787
YKL045W,YOR189W,0,0.25520444,0.09934528917074203,0.3490000069141388,0.3163999915122986
YGR253C,YLL014W,0,0.25517723,0.09931701421737671,0.3490000069141388,0.3165000081062317
YIL069C,YHR110W,0,0.25516966,0.09928876161575317,0.3490000069141388,0.3165999948978424
YDR280W,YPL036W,0,0.25501227,0.09926052391529083,0.3490000069141388,0.3167000114917755
YBR189W,YHL035C,0,0.254985,0.09923230111598969,0.3490000069141388,0.31679999828338623
YMR227C,YFL021W,1,0.2545385,0.09948834776878357,0.3499999940395355,0.31679999828338623
YPR114W,YCL001W,0,0.25439456,0.09946007281541824,0.3499999940395355,0.31690001487731934
YLR360W,YJL001W,0,0.25438073,0.09943182021379471,0.3499999940395355,0.31700000166893005
YIL130W,YOR113W,0,0.25436705,0.09940357506275177,0.3499999940395355,0.31709998846054077
YLR432W,YLR115W,0,0.25434327,0.09937535226345062,0.3499999940395355,0.3172000050544739
YAL019W,YIR026C,0,0.2543234,0.09934714436531067,0.3499999940395355,0.3172999918460846
YDR350C,YKL129C,0,0.2542005,0.0993189588189125,0.3499999940395355,0.3174000084400177
YPR095C,YPR017C,0,0.25414577,0.09929078072309494,0.3499999940395355,0.3174999952316284
YDR009W,YNL176C,0,0.25412694,0.09926261752843857,0.3499999940395355,0.3176000118255615
YPR175W,YLR068W,0,0.25405693,0.09923447668552399,0.3499999940395355,0.31769999861717224
YPL129W,YMR236W,1,0.25401652,0.09948979318141937,0.35100001096725464,0.31769999861717224
YDL124W,YER139C,0,0.25394806,0.09946160018444061,0.35100001096725464,0.31779998540878296
YDR105C,YLR435W,0,0.25394493,0.09943342953920364,0.35100001096725464,0.31790000200271606
YDR381W,YBL100W-B,0,0.25390986,0.09940526634454727,0.35100001096725464,0.3179999887943268
YDR377W,YOL132W,0,0.25390503,0.09937712550163269,0.35100001096725464,0.3181000053882599
YNR024W,YJL058C,0,0.25388756,0.0993489921092987,0.35100001096725464,0.3181999921798706
YHR103W,YNL164C,0,0.25387657,0.09932088106870651,0.35100001096725464,0.3183000087738037
YOR117W,YNL287W,0,0.25367177,0.09929278492927551,0.35100001096725464,0.31839999556541443
YBL013W,YNL251C,0,0.253599,0.0992647036910057,0.35100001096725464,0.31850001215934753
YML067C,YMR207C,0,0.25351298,0.09923664480447769,0.35100001096725464,0.31859999895095825
YLR005W,YML098W,1,0.25342494,0.09949123859405518,0.35199999809265137,0.31859999895095825
YLR044C,YHR118C,0,0.25341487,0.09946312755346298,0.35199999809265137,0.31869998574256897
YER062C,YMR225C,0,0.25340804,0.09943503141403198,0.35199999809265137,0.3188000023365021
YKL060C,YNL065W,0,0.25338095,0.09940695017576218,0.35199999809265137,0.3188999891281128
YCR042C,YPR086W,1,0.2530932,0.0996612086892128,0.3529999852180481,0.3188999891281128
YLR234W,YDR464W,0,0.25301966,0.09963308274745941,0.3529999852180481,0.3190000057220459
YDR145W,YPL129W,1,0.25300094,0.09988713264465332,0.3540000021457672,0.3190000057220459
YBR046C,YMR275C,0,0.25290623,0.09985895454883575,0.3540000021457672,0.3190999925136566
YHR214W,YOR059C,0,0.25289205,0.09983079880475998,0.3540000021457672,0.3192000091075897
YKR078W,YEL027W,0,0.25274065,0.0998026505112648,0.3540000021457672,0.31929999589920044
YNR048W,YDR372C,0,0.25271168,0.09977452456951141,0.3540000021457672,0.31940001249313354
YGL207W,YDL108W,1,0.25266722,0.10002817958593369,0.35499998927116394,0.31940001249313354
YOR253W,YER060W-A,0,0.2526249,0.10000000149011612,0.35499998927116394,0.31949999928474426
YGR103W,YDR381W,0,0.25259086,0.09997183829545975,0.35499998927116394,0.319599986076355
YCR018C,YNL123W,0,0.25254026,0.09994369000196457,0.35499998927116394,0.3197000026702881
YHR113W,YNL068C,0,0.25253698,0.09991556406021118,0.35499998927116394,0.3197999894618988
YOL154W,YOL144W,0,0.2523017,0.09988745301961899,0.35499998927116394,0.3199000060558319
YJL197W,YKL005C,0,0.25229257,0.09985934942960739,0.35499998927116394,0.3199999928474426
YGL126W,YML059C,0,0.2522922,0.09983126819133759,0.35499998927116394,0.32010000944137573
YDL240W,YER081W,0,0.25221577,0.09980320185422897,0.35499998927116394,0.32019999623298645
YDR463W,YGL167C,0,0.25213176,0.09977515786886215,0.35499998927116394,0.32030001282691956
YEL009C,YGR186W,1,0.25211856,0.10002809762954712,0.35600000619888306,0.32030001282691956
YGR181W,YOR358W,0,0.25208357,0.10000000149011612,0.35600000619888306,0.3203999996185303
YDR412W,YMR153W,0,0.25176603,0.09997192025184631,0.35600000619888306,0.320499986410141
YHR202W,YMR230W,0,0.25167054,0.0999438539147377,0.35600000619888306,0.3206000030040741
YLR411W,YOR011W,0,0.25163254,0.09991580247879028,0.35600000619888306,0.3206999897956848
YPL137C,YFR025C,0,0.25160143,0.09988776594400406,0.35600000619888306,0.3208000063896179
YDR422C,YDR317W,0,0.25145546,0.09985974431037903,0.35600000619888306,0.32089999318122864
YDR372C,YLR249W,0,0.2514046,0.09983174502849579,0.35600000619888306,0.32100000977516174
YKL033W,YDR427W,0,0.25135896,0.09980375319719315,0.35600000619888306,0.32109999656677246
YDR167W,YPR008W,1,0.25123063,0.10005605220794678,0.3569999933242798,0.32109999656677246
YLR426W,YMR040W,0,0.25121203,0.10002801567316055,0.3569999933242798,0.32120001316070557
YOR267C,YML076C,0,0.25119433,0.10000000149011612,0.3569999933242798,0.3212999999523163
YLR006C,YOR358W,0,0.25116208,0.09997199475765228,0.3569999933242798,0.321399986743927
YOR264W,YDR516C,0,0.25115028,0.09994401037693024,0.3569999933242798,0.3215000033378601
YBR131W,YPL063W,0,0.25113738,0.09991603344678879,0.3569999933242798,0.3215999901294708
YPL013C,YMR035W,0,0.25111383,0.09988807886838913,0.3569999933242798,0.32170000672340393
YML114C,YML069W,1,0.25111374,0.10013986378908157,0.3580000102519989,0.32170000672340393
YNL031C,YLR345W,0,0.25103596,0.10011185705661774,0.3580000102519989,0.32179999351501465
YDR323C,YPL235W,0,0.25098705,0.10008387267589569,0.3580000102519989,0.32190001010894775
YGR024C,YFL061W,0,0.2508928,0.10005589574575424,0.3580000102519989,0.32199999690055847
YPL075W,YHR020W,0,0.2508834,0.10002794116735458,0.3580000102519989,0.3221000134944916
YNR032C-A,YER071C,0,0.2507803,0.10000000149011612,0.3580000102519989,0.3222000002861023
YNL318C,YJL196C,0,0.25058666,0.09997207671403885,0.3580000102519989,0.322299987077713
YBL056W,YNL214W,0,0.25057834,0.09994416683912277,0.3580000102519989,0.3224000036716461
YBL051C,YPR169W,0,0.25056228,0.09991627186536789,0.3580000102519989,0.32249999046325684
YML114C,YMR236W,1,0.25053638,0.1001674085855484,0.35899999737739563,0.32249999046325684
YNL222W,YPR086W,1,0.2504924,0.10041841119527817,0.36000001430511475,0.32249999046325684
YNR032C-A,YDR244W,0,0.25047046,0.10039040446281433,0.36000001430511475,0.32260000705718994
YGR204W,YGL240W,0,0.25044984,0.10036242008209229,0.36000001430511475,0.32269999384880066
YMR215W,YOL052C-A,0,0.2502688,0.10033445060253143,0.36000001430511475,0.32280001044273376
YBR279W,YOR363C,0,0.25019485,0.10030648857355118,0.36000001430511475,0.3228999972343445
YML114C,YBL103C,1,0.25018945,0.1005571037530899,0.3610000014305115,0.3228999972343445
YOR241W,YJL179W,0,0.25017193,0.10052909702062607,0.3610000014305115,0.3230000138282776
YNL250W,YKR095W,0,0.25011137,0.10050111263990402,0.3610000014305115,0.3231000006198883
YBL051C,YOR078W,0,0.25010476,0.10047314316034317,0.3610000014305115,0.323199987411499
YLR039C,YML092C,0,0.25007442,0.10044518858194351,0.3610000014305115,0.32330000400543213
YKL145W,YPL175W,0,0.24989687,0.10041724890470505,0.3610000014305115,0.32339999079704285
YGR082W,YPL036W,0,0.24985476,0.10038932412862778,0.3610000014305115,0.32350000739097595
YLR315W,YPL013C,0,0.24982704,0.1003614142537117,0.3610000014305115,0.32359999418258667
YMR232W,YLR333C,0,0.24973519,0.10033351927995682,0.3610000014305115,0.3237000107765198
YPL146C,YPL013C,0,0.24971463,0.10030563920736313,0.3610000014305115,0.3237999975681305
YCL068C,YAL068C,0,0.24968506,0.10027778148651123,0.3610000014305115,0.3239000141620636
YIL075C,YNL287W,0,0.24962701,0.10024993121623993,0.3610000014305115,0.3240000009536743
YOR004W,YDR464W,0,0.24955307,0.10022209584712982,0.3610000014305115,0.32409998774528503
YOL023W,YKL138C,0,0.2494833,0.1001942828297615,0.3610000014305115,0.32420000433921814
YCR042C,YPR056W,1,0.24918143,0.10044395178556442,0.3619999885559082,0.32420000433921814
YNL243W,YER007C-A,0,0.24911822,0.10041608661413193,0.3619999885559082,0.32429999113082886
YLR284C,YDR244W,0,0.2489736,0.10038824379444122,0.3619999885559082,0.32440000772476196
YIL030C,YOL078W,0,0.24891718,0.10036040842533112,0.3619999885559082,0.3244999945163727
YHR185C,YGL144C,0,0.24891426,0.1003325954079628,0.3619999885559082,0.3246000111103058
YOR359W,YPR120C,0,0.24874263,0.10030479729175568,0.3619999885559082,0.3246999979019165
YOL135C,YIL018W,0,0.24873002,0.10027700662612915,0.3619999885559082,0.3248000144958496
YOR018W,YDR025W,0,0.2487054,0.10024923831224442,0.3619999885559082,0.3249000012874603
YER007C-A,YMR153W,0,0.24863656,0.10022148489952087,0.3619999885559082,0.32499998807907104
YFL056C,YBR212W,0,0.2486249,0.10019374638795853,0.3619999885559082,0.32510000467300415
YLR259C,YNR071C,0,0.2486182,0.10016602277755737,0.3619999885559082,0.32519999146461487
YNL103W,YOL055C,0,0.24860029,0.10013831406831741,0.3619999885559082,0.325300008058548
YLR248W,YLR299W,0,0.24851461,0.10011062026023865,0.3619999885559082,0.3253999948501587
YOR119C,YPR067W,0,0.24850087,0.10008294135332108,0.3619999885559082,0.3255000114440918
YCL051W,YOR260W,0,0.24839683,0.1000552773475647,0.3619999885559082,0.3255999982357025
YGR205W,YPR034W,0,0.24834217,0.10002762824296951,0.3619999885559082,0.3257000148296356
YNL233W,YMR242C,0,0.24812151,0.10000000149011612,0.3619999885559082,0.32580000162124634
YDR189W,YDR273W,0,0.24808912,0.09997238218784332,0.3619999885559082,0.32589998841285706
YMR040W,YLR001C,0,0.24802853,0.09994478523731232,0.3619999885559082,0.32600000500679016
YBR114W,YER014W,0,0.24801745,0.09991719573736191,0.3619999885559082,0.3260999917984009
YML102W,YDL018C,0,0.24800701,0.09988962113857269,0.3619999885559082,0.326200008392334
YDR517W,YLR413W,0,0.24797593,0.09986206889152527,0.3619999885559082,0.3262999951839447
YPR120C,YIR026C,0,0.24785487,0.09983453154563904,0.3619999885559082,0.3264000117778778
YDR009W,YEL039C,0,0.24781753,0.0998070016503334,0.3619999885559082,0.3264999985694885
YER031C,YGR217W,0,0.24770857,0.09977949410676956,0.3619999885559082,0.32659998536109924
YDL189W,YMR040W,0,0.24767159,0.09975200146436691,0.3619999885559082,0.32670000195503235
YNL167C,YPL010W,0,0.2476256,0.09972451627254486,0.3619999885559082,0.32679998874664307
YLR390W-A,YKL052C,0,0.2475063,0.0996970534324646,0.3619999885559082,0.32690000534057617
YMR286W,YJR050W,0,0.24716653,0.09966960549354553,0.3619999885559082,0.3269999921321869
YDR235W,YDR430C,0,0.2471443,0.09964217245578766,0.3619999885559082,0.32710000872612
YJR102C,YOR207C,0,0.2471065,0.09961474686861038,0.3619999885559082,0.3271999955177307
YDR345C,YDL243C,0,0.24710546,0.0995873436331749,0.3619999885559082,0.3273000121116638
YJR084W,YOR241W,0,0.24700387,0.0995599552989006,0.3619999885559082,0.32739999890327454
YOL144W,YPR199C,0,0.24699147,0.0995325818657875,0.3619999885559082,0.32749998569488525
YNL190W,YJR041C,0,0.24698742,0.0995052233338356,0.3619999885559082,0.32760000228881836
YMR195W,YGR208W,0,0.24697055,0.09947787970304489,0.3619999885559082,0.3276999890804291
YHR185C,YDR234W,0,0.2469606,0.09945055097341537,0.3619999885559082,0.3278000056743622
YHR103W,YJR049C,0,0.24695139,0.09942323714494705,0.3619999885559082,0.3278999924659729
YHL035C,YBL047C,0,0.24688302,0.09939593821763992,0.3619999885559082,0.328000009059906
YJR131W,YJR050W,0,0.24687563,0.09936865419149399,0.3619999885559082,0.3280999958515167
YDR243C,YPL061W,0,0.2468025,0.09934138506650925,0.3619999885559082,0.32820001244544983
YOR078W,YDL076C,0,0.24679162,0.0993141308426857,0.3619999885559082,0.32829999923706055
YGR080W,YLL057C,0,0.24678858,0.09928689152002335,0.3619999885559082,0.32839998602867126
YHL025W,YDL119C,0,0.24676205,0.09925966709852219,0.3619999885559082,0.32850000262260437
YOL089C,YGL166W,1,0.24673484,0.09950657933950424,0.3630000054836273,0.32850000262260437
YPL168W,YMR035W,0,0.24672695,0.0994793102145195,0.3630000054836273,0.3285999894142151
YPL082C,YER148W,1,0.2465864,0.09972602874040604,0.36399999260902405,0.3285999894142151
YOR264W,YIL148W,0,0.24655809,0.09969871491193771,0.36399999260902405,0.3287000060081482
YBR016W,YKL079W,0,0.24648748,0.09967141598463058,0.36399999260902405,0.3287999927997589
YGR082W,YAL015C,0,0.24643661,0.09964412450790405,0.36399999260902405,0.328900009393692
YHR006W,YIL009W,0,0.2463982,0.09961685538291931,0.36399999260902405,0.32899999618530273
YGR181W,YIL107C,0,0.24635126,0.09958960115909576,0.36399999260902405,0.32910001277923584
YML107C,YKR031C,0,0.24631919,0.09956236183643341,0.36399999260902405,0.32919999957084656
YDR111C,YHR170W,0,0.24625559,0.09953513741493225,0.36399999260902405,0.3292999863624573
YKR078W,YDR160W,0,0.246246,0.09950792789459229,0.36399999260902405,0.3294000029563904
YER033C,YGL115W,0,0.2462065,0.09948073327541351,0.36399999260902405,0.3294999897480011
YBR218C,YGR040W,0,0.24619691,0.09945355355739594,0.36399999260902405,0.3296000063419342
YBR188C,YPL010W,0,0.24618949,0.09942638874053955,0.36399999260902405,0.3296999931335449
YNR048W,YBR211C,0,0.24616696,0.09939923882484436,0.36399999260902405,0.329800009727478
YML127W,YGR165W,0,0.24613018,0.09937209635972977,0.36399999260902405,0.32989999651908875
YDR189W,YOR078W,0,0.24610822,0.09934497624635696,0.36399999260902405,0.33000001311302185
YDL160C,YGL167C,0,0.24601199,0.09931787103414536,0.36399999260902405,0.33009999990463257
YGL063W,YPL225W,0,0.24599122,0.09929078072309494,0.36399999260902405,0.3301999866962433
YMR002W,YNL055C,0,0.24595548,0.09926370531320572,0.36399999260902405,0.3303000032901764
YDL108W,YDR460W,1,0.24590065,0.09950926899909973,0.36500000953674316,0.3303000032901764
YNL164C,YMR207C,0,0.24589549,0.09948214888572693,0.36500000953674316,0.3303999900817871
YPR025C,YML069W,1,0.24587728,0.09972751885652542,0.3659999966621399,0.3303999900817871
YOL020W,YOL096C,0,0.24580507,0.09970035403966904,0.3659999966621399,0.3305000066757202
YOL116W,YEL051W,0,0.24580319,0.09967320412397385,0.3659999966621399,0.33059999346733093
YML031W,YGL219C,0,0.24578772,0.09964606910943985,0.3659999966621399,0.33070001006126404
YCR107W,YPL203W,0,0.24573626,0.09961894154548645,0.3659999966621399,0.33079999685287476
YEL001C,YOL078W,0,0.24568512,0.09959183633327484,0.3659999966621399,0.33090001344680786
YJL011C,YPL177C,1,0.24556409,0.09983678162097931,0.367000013589859,0.33090001344680786
YKL058W,YGL226W,0,0.24556352,0.09980962425470352,0.367000013589859,0.3310000002384186
YIL107C,YNL094W,0,0.24543889,0.09978248924016953,0.367000013589859,0.3310999870300293
YDR150W,YML092C,0,0.24539278,0.09975536912679672,0.367000013589859,0.3312000036239624
YJR027W,YGR003W,0,0.24535204,0.09972826391458511,0.367000013589859,0.3312999904155731
YML015C,YGL043W,1,0.24517591,0.09997283667325974,0.36800000071525574,0.3312999904155731
YOR065W,YBR272C,0,0.24515493,0.09994567930698395,0.36800000071525574,0.3314000070095062
YPL133C,YNL020C,0,0.24515398,0.09991854429244995,0.36800000071525574,0.33149999380111694
YNL199C,YIL173W,0,0.24500181,0.09989142417907715,0.36800000071525574,0.33160001039505005
YHR035W,YOL076W,0,0.24500059,0.09986431151628494,0.36800000071525574,0.33169999718666077
YAL015C,YHL031C,0,0.24495824,0.09983722120523453,0.36800000071525574,0.33180001378059387
YNL183C,YER177W,0,0.24495448,0.0998101457953453,0.36800000071525574,0.3319000005722046
YDR528W,YMR009W,0,0.2449487,0.09978307783603668,0.36800000071525574,0.3319999873638153
YLR390W-A,YNR037C,0,0.24494602,0.09975603222846985,0.36800000071525574,0.3321000039577484
YDR023W,YLR435W,0,0.24489833,0.09972899407148361,0.36800000071525574,0.33219999074935913
YHR108W,YKL062W,0,0.24484093,0.09970197826623917,0.36800000071525574,0.33230000734329224
YKL016C,YJR117W,0,0.24482302,0.09967496991157532,0.36800000071525574,0.33239999413490295
YOL154W,YPL120W,0,0.24478815,0.09964798390865326,0.36800000071525574,0.33250001072883606
YDR468C,YER072W,0,0.24461623,0.0996210053563118,0.36800000071525574,0.3325999975204468
YJR054W,YLL057C,0,0.24460126,0.09959404915571213,0.36800000071525574,0.3327000141143799
YGR003W,YIL005W,0,0.24459694,0.09956710040569305,0.36800000071525574,0.3328000009059906
YHL028W,YOR157C,0,0.24450313,0.09954016655683517,0.36800000071525574,0.3328999876976013
YNL194C,YPL189W,0,0.24447836,0.09951324760913849,0.36800000071525574,0.3330000042915344
YJR027W,YDR464W,0,0.24440475,0.0994863510131836,0.36800000071525574,0.33309999108314514
YEL018W,YMR110C,0,0.24430801,0.0994594618678093,0.36800000071525574,0.33320000767707825
YAL011W,YMR177W,0,0.24423973,0.09943258762359619,0.36800000071525574,0.33329999446868896
YJL179W,YPL117C,0,0.24423556,0.09940572828054428,0.36800000071525574,0.33340001106262207
YOR081C,YDR108W,0,0.24420361,0.09937888383865356,0.36800000071525574,0.3334999978542328
YBR198C,YER148W,1,0.24417748,0.09962203353643417,0.36899998784065247,0.3334999978542328
YER062C,YLR194C,0,0.24415495,0.09959514439105988,0.36899998784065247,0.3336000144481659
YPR007C,YNL036W,0,0.2441148,0.09956827014684677,0.36899998784065247,0.3337000012397766
YMR262W,YGR138C,0,0.2440988,0.09954141080379486,0.36899998784065247,0.33379998803138733
YML041C,YLR249W,0,0.24406181,0.09951456636190414,0.36899998784065247,0.33390000462532043
YIL118W,YDR244W,0,0.24404345,0.09948772937059402,0.36899998784065247,0.33399999141693115
YAL015C,YBL035C,0,0.24401249,0.0994609147310257,0.36899998784065247,0.33410000801086426
YDR463W,YJR035W,0,0.243942,0.09943411499261856,0.36899998784065247,0.334199994802475
YJL110C,YOR258W,0,0.24394052,0.09940733015537262,0.36899998784065247,0.3343000113964081
YNL167C,YDL154W,0,0.2439244,0.09938055276870728,0.36899998784065247,0.3343999981880188
YPR025C,YDR362C,1,0.24390845,0.09962304681539536,0.3700000047683716,0.3343999981880188
YLR360W,YDL031W,0,0.24379607,0.09959623217582703,0.3700000047683716,0.3345000147819519
YPR025C,YPR008W,1,0.24376766,0.09983853250741959,0.3709999918937683,0.3345000147819519
YCR016W,YNL038W,0,0.24373187,0.09981167316436768,0.3709999918937683,0.3346000015735626
YAL007C,YOL023W,0,0.24370362,0.09978482872247696,0.3709999918937683,0.33469998836517334
YKR089C,YBL007C,0,0.24369185,0.09975799918174744,0.3709999918937683,0.33480000495910645
YDR325W,YBR248C,0,0.24356903,0.09973118454217911,0.3709999918937683,0.33489999175071716
YPR086W,YER045C,1,0.24345179,0.09997312724590302,0.3720000088214874,0.33489999175071716
YBL080C,YHL031C,0,0.24341415,0.0999462679028511,0.3720000088214874,0.33500000834465027
YMR053C,YNL048W,0,0.24341382,0.09991942346096039,0.3720000088214874,0.335099995136261
YOR032C,YER023W,0,0.24337326,0.09989258646965027,0.3720000088214874,0.3352000117301941
YKL141W,YDR439W,0,0.24332364,0.09986577183008194,0.3720000088214874,0.3352999985218048
YER102W,YDR234W,0,0.24322374,0.0998389720916748,0.3720000088214874,0.3353999853134155
YMR076C,YCL048W,0,0.24319859,0.09981217980384827,0.3720000088214874,0.33550000190734863
YKL043W,YMR035W,0,0.24316941,0.09978540986776352,0.3720000088214874,0.33559998869895935
YDL135C,YBR272C,0,0.2430049,0.09975864738225937,0.3720000088214874,0.33570000529289246
YMR234W,YCL039W,0,0.2428978,0.09973189979791641,0.3720000088214874,0.3357999920845032
YLL018C,YOR086C,0,0.24285375,0.09970517456531525,0.3720000088214874,0.3359000086784363
YDR213W,YPR100W,0,0.24280845,0.09967845678329468,0.3720000088214874,0.335999995470047
YGR246C,YGL207W,1,0.24276213,0.0999196320772171,0.37299999594688416,0.335999995470047
YLR118C,YDR359C,0,0.24275817,0.09989287704229355,0.37299999594688416,0.3361000120639801
YPL198W,YBR015C,0,0.24271666,0.09986612945795059,0.37299999594688416,0.3361999988555908
YLR190W,YOR335C,0,0.24261244,0.09983939677476883,0.37299999594688416,0.33629998564720154
YDL072C,YDR276C,0,0.24257635,0.09981268644332886,0.37299999594688416,0.33640000224113464
YOR002W,YDR500C,0,0.24248601,0.09978598356246948,0.37299999594688416,0.33649998903274536
YLR167W,YPL145C,0,0.24248321,0.0997592955827713,0.37299999594688416,0.33660000562667847
YHR197W,YLR060W,0,0.24247698,0.09973262250423431,0.37299999594688416,0.3366999924182892
YPL198W,YOR359W,0,0.24244945,0.09970596432685852,0.37299999594688416,0.3368000090122223
YIR019C,YJL003W,0,0.24241944,0.09967931360006332,0.37299999594688416,0.336899995803833
YJR042W,YHL015W,0,0.24226166,0.09965268522500992,0.37299999594688416,0.3370000123977661
YLL066C,YDL076C,0,0.24219169,0.0996260717511177,0.37299999594688416,0.33709999918937683
YKL058W,YPL221W,0,0.24216045,0.09959946572780609,0.37299999594688416,0.33719998598098755
YDR261C,YEL024W,0,0.242157,0.09957287460565567,0.37299999594688416,0.33730000257492065
YLR058C,YLR435W,0,0.24211468,0.09954630583524704,0.37299999594688416,0.33739998936653137
YMR081C,YGR060W,0,0.24203448,0.099519744515419,0.37299999594688416,0.3375000059604645
YGL028C,YGL111W,0,0.24196686,0.09949319809675217,0.37299999594688416,0.3375999927520752
YGR004W,YKR052C,0,0.2419535,0.09946666657924652,0.37299999594688416,0.3377000093460083
YPL202C,YPL177C,1,0.24181421,0.0997067466378212,0.37400001287460327,0.3377000093460083
YDL018C,YML076C,0,0.24177812,0.09968017041683197,0.37400001287460327,0.337799996137619
YBR065C,YHR090C,0,0.24170901,0.09965360909700394,0.37400001287460327,0.3379000127315521
YPL075W,YMR035W,0,0.24167286,0.0996270626783371,0.37400001287460327,0.33799999952316284
YHR210C,YOL095C,0,0.24157907,0.09960053116083145,0.37400001287460327,0.33809998631477356
YOL089C,YKL058W,1,0.24153747,0.09984025359153748,0.375,0.33809998631477356
YKL016C,YLR347C,0,0.24151666,0.09981368482112885,0.375,0.33820000290870667
YJL127C,YPL135W,0,0.24149309,0.09978712350130081,0.375,0.3382999897003174
YCL017C,YBR130C,0,0.24148984,0.09976057708263397,0.375,0.3384000062942505
YIL153W,YGL226W,0,0.2414896,0.09973404556512833,0.375,0.3384999930858612
YOL154W,YCR024C,0,0.24125452,0.09970752149820328,0.375,0.3386000096797943
YIL007C,YOR372C,0,0.24120171,0.09968101978302002,0.375,0.33869999647140503
YDR004W,YHR190W,0,0.24118237,0.09965453296899796,0.375,0.33880001306533813
YBL035C,YPL100W,0,0.24111073,0.09962805360555649,0.375,0.33889999985694885
YNL318C,YDL220C,0,0.24110179,0.09960159659385681,0.375,0.33899998664855957
YKL045W,YMR001C,0,0.24101426,0.09957514703273773,0.375,0.3391000032424927
YPL202C,YKR062W,1,0.24101101,0.09981417655944824,0.37599998712539673,0.3391000032424927
YOL089C,YFL021W,1,0.24100627,0.1000530794262886,0.37700000405311584,0.3391000032424927
YIL147C,YJR041C,0,0.24099104,0.10002653300762177,0.37700000405311584,0.3391999900341034
YLR377C,YIL062C,0,0.24096932,0.10000000149011612,0.37700000405311584,0.3393000066280365
YDR145W,YPL082C,1,0.24071588,0.10023866593837738,0.3779999911785126,0.3393000066280365
YPL130W,YDR309C,0,0.24062298,0.10021208971738815,0.3779999911785126,0.3393999934196472
YPL001W,YLR333C,0,0.24057303,0.10018552839756012,0.3779999911785126,0.3395000100135803
YKR034W,YNL278W,0,0.24052037,0.10015898197889328,0.3779999911785126,0.33959999680519104
YJL054W,YIL062C,0,0.24047394,0.10013245046138763,0.3779999911785126,0.33970001339912415
YDR189W,YPR037C,0,0.24039964,0.10010593384504318,0.3779999911785126,0.33980000019073486
YBR091C,YLR333C,0,0.24039797,0.10007942467927933,0.3779999911785126,0.3398999869823456
YIL098C,YDL117W,0,0.24034621,0.10005293786525726,0.3779999911785126,0.3400000035762787
YGL207W,YOR194C,1,0.24033292,0.10029108077287674,0.3790000081062317,0.3400000035762787
YOR236W,YNL118C,0,0.24010776,0.1002645492553711,0.3790000081062317,0.3400999903678894
YKL045W,YPR067W,0,0.24005644,0.10023803263902664,0.3790000081062317,0.3402000069618225
YGL189C,YLR352W,0,0.24000768,0.10021153092384338,0.3790000081062317,0.3402999937534332
YDR343C,YBL014C,0,0.23989366,0.10018503665924072,0.3790000081062317,0.34040001034736633
YKL002W,YMR153W,0,0.23982657,0.10015856474637985,0.3790000081062317,0.34049999713897705
YPL049C,YHR106W,0,0.2397122,0.10013210028409958,0.3790000081062317,0.34060001373291016
YPL120W,YNL094W,0,0.23970933,0.1001056507229805,0.3790000081062317,0.3407000005245209
YML069W,YEL009C,1,0.23969437,0.10034327954053879,0.3799999952316284,0.3407000005245209
YHR088W,YCL001W,0,0.23965935,0.10031679272651672,0.3799999952316284,0.3407999873161316
YPL116W,YPL018W,0,0.23959862,0.10029031336307526,0.3799999952316284,0.3409000039100647
YGR047C,YLR399C,1,0.23952909,0.10052770376205444,0.38100001215934753,0.3409000039100647
YDL108W,YBR081C,1,0.23949172,0.10076496750116348,0.38199999928474426,0.3409000039100647
YML015C,YDR448W,1,0.23926468,0.10100211203098297,0.382999986410141,0.3409000039100647
YJR131W,YPR120C,0,0.23919483,0.10097548365592957,0.382999986410141,0.3409999907016754
YGL246C,YFL056C,0,0.23918863,0.10094887018203735,0.382999986410141,0.3411000072956085
YOL029C,YOR341W,0,0.23915745,0.10092226415872574,0.382999986410141,0.34119999408721924
YPL262W,YJL212C,0,0.23914976,0.10089568048715591,0.382999986410141,0.34130001068115234
YGR024C,YLR292C,0,0.239066,0.10086910426616669,0.382999986410141,0.34139999747276306
YPR120C,YJL216C,0,0.2389674,0.10084255039691925,0.382999986410141,0.34150001406669617
YDR217C,YGL194C,0,0.23884428,0.10081600397825241,0.382999986410141,0.3416000008583069
YKL052C,YJR054W,0,0.23880264,0.10078947246074677,0.382999986410141,0.3416999876499176
YJL078C,YHR020W,0,0.2387889,0.10076295584440231,0.382999986410141,0.3418000042438507
YCL068C,YJR049C,0,0.23877199,0.10073645412921906,0.382999986410141,0.3418999910354614
YNL288W,YJL058C,0,0.23865853,0.10070996731519699,0.382999986410141,0.34200000762939453
YDR513W,YPR046W,0,0.23864885,0.10068348795175552,0.382999986410141,0.34209999442100525
YER063W,YIL154C,0,0.23841636,0.10065703094005585,0.382999986410141,0.34220001101493835
YGR235C,YJR084W,0,0.23827414,0.10063058137893677,0.382999986410141,0.3422999978065491
YGR003W,YLR067C,0,0.23824437,0.10060414671897888,0.382999986410141,0.3424000144004822
YGR212W,YNL216W,0,0.23818552,0.10057773441076279,0.382999986410141,0.3425000011920929
YMR318C,YAL015C,0,0.2381448,0.10055132210254669,0.382999986410141,0.3425999879837036
YDL093W,YLR196W,0,0.23809753,0.10052493214607239,0.382999986410141,0.3427000045776367
YDR325W,YGR080W,0,0.23804136,0.10049855709075928,0.382999986410141,0.34279999136924744
YLR345W,YJL026W,0,0.23790438,0.10047218948602676,0.382999986410141,0.34290000796318054
YPL130W,YGR208W,0,0.23772636,0.10044584423303604,0.382999986410141,0.34299999475479126
YML045W,YMR041C,0,0.23765683,0.10041950643062592,0.382999986410141,0.34310001134872437
YAR033W,YMR220W,0,0.23765488,0.10039318352937698,0.382999986410141,0.3431999981403351
YMR232W,YDR150W,0,0.23758902,0.10036687552928925,0.382999986410141,0.3433000147342682
YKL194C,YER060W-A,0,0.2375811,0.1003405824303627,0.382999986410141,0.3434000015258789
YPR143W,YDR350C,0,0.23753886,0.10031430423259735,0.382999986410141,0.3434999883174896
YBR107C,YKL087C,0,0.23742889,0.1002880334854126,0.382999986410141,0.34360000491142273
YPL011C,YBL103C,1,0.2374282,0.10052356123924255,0.3840000033378601,0.34360000491142273
YDR040C,YCL048W,0,0.23741071,0.10049725323915482,0.3840000033378601,0.34369999170303345
YCR107W,YBL014C,0,0.2374066,0.10047096014022827,0.3840000033378601,0.34380000829696655
YGL104C,YGR120C,0,0.23733701,0.10044467449188232,0.3840000033378601,0.34389999508857727
YPR180W,YPL010W,0,0.23725644,0.10041841119527817,0.3840000033378601,0.3440000116825104
YKR062W,YPR086W,1,0.23723447,0.10065359622240067,0.38499999046325684,0.3440000116825104
YDR325W,YPL018W,0,0.23720616,0.10062728822231293,0.38499999046325684,0.3440999984741211
YGR178C,YOR383C,0,0.23709746,0.10060099512338638,0.38499999046325684,0.3441999852657318
YDR377W,YDL124W,0,0.23704779,0.10057470947504044,0.38499999046325684,0.3443000018596649
YDR406W,YOR103C,0,0.23696595,0.10054844617843628,0.38499999046325684,0.34439998865127563
YNR032C-A,YGL151W,0,0.23693101,0.10052219033241272,0.38499999046325684,0.34450000524520874
YLR052W,YML092C,0,0.23684803,0.10049595683813095,0.38499999046325684,0.34459999203681946
YDR213W,YDL209C,0,0.2367167,0.10046973079442978,0.38499999046325684,0.34470000863075256
YHL038C,YHR185C,0,0.2366574,0.1004435196518898,0.38499999046325684,0.3447999954223633
YLR102C,YLR288C,0,0.23653266,0.10041731595993042,0.38499999046325684,0.3449000120162964
YDL189W,YLR247C,0,0.23622587,0.10039113461971283,0.38499999046325684,0.3449999988079071
YLR220W,YPL175W,0,0.23622422,0.10036496073007584,0.38499999046325684,0.3450999855995178
YLR442C,YBR043C,0,0.23595713,0.10033880919218063,0.38499999046325684,0.3452000021934509
YGL115W,YML076C,0,0.23594959,0.10031266510486603,0.38499999046325684,0.34529998898506165
YIL036W,YPR186C,1,0.23587646,0.10054701566696167,0.38600000739097595,0.34529998898506165
YOR241W,YOR103C,0,0.23571771,0.10052083432674408,0.38600000739097595,0.34540000557899475
YDR309C,YMR322C,0,0.23562348,0.10049466043710709,0.38600000739097595,0.34549999237060547
YMR110C,YDR268W,0,0.23555285,0.10046850889921188,0.38600000739097595,0.3456000089645386
YPL137C,YJR041C,0,0.23554829,0.10044236481189728,0.38600000739097595,0.3456999957561493
YBL080C,YMR015C,0,0.23550677,0.10041623562574387,0.38600000739097595,0.3458000123500824
YGL058W,YDR397C,0,0.23547824,0.10039011389017105,0.38600000739097595,0.3458999991416931
YLR315W,YOR260W,0,0.2353183,0.10036401450634003,0.38600000739097595,0.34599998593330383
YJL173C,YDR179C,0,0.23528375,0.1003379225730896,0.38600000739097595,0.34610000252723694
YIL056W,YPR086W,0,0.23509018,0.10031185299158096,0.38600000739097595,0.34619998931884766
YHR108W,YGL098W,0,0.23507865,0.10028579086065292,0.38600000739097595,0.34630000591278076
YGL166W,YML069W,1,0.23503076,0.10051947832107544,0.3869999945163727,0.34630000591278076
YER178W,YPL018W,0,0.23494501,0.10049337893724442,0.3869999945163727,0.3463999927043915
YPR034W,YNL176C,0,0.2348917,0.10046728700399399,0.3869999945163727,0.3465000092983246
YPL169C,YBR168W,0,0.23485078,0.10044121742248535,0.3869999945163727,0.3465999960899353
YGR005C,YGL207W,1,0.23483716,0.10067462176084518,0.3880000114440918,0.3465999960899353
YMR286W,YHR113W,0,0.23468111,0.10064850747585297,0.3880000114440918,0.3467000126838684
YMR318C,YOL078W,0,0.23450662,0.10062240809202194,0.3880000114440918,0.3467999994754791
YNL103W,YLR249W,0,0.23449819,0.10059631615877151,0.3880000114440918,0.34689998626708984
YDR023W,YLR260W,0,0.23440807,0.10057024657726288,0.3880000114440918,0.34700000286102295
YPR010C,YOR319W,0,0.23432253,0.10054418444633484,0.3880000114440918,0.34709998965263367
YBR119W,YGL027C,0,0.23428124,0.100518137216568,0.3880000114440918,0.3472000062465668
YFR024C-A,YHR122W,0,0.23414196,0.10049209743738174,0.3880000114440918,0.3472999930381775
YDR289C,YKL060C,0,0.23403749,0.10046608000993729,0.3880000114440918,0.3474000096321106
YML011C,YMR035W,0,0.2339967,0.10044007003307343,0.3880000114440918,0.3474999964237213
YCR016W,YNL048W,0,0.23394583,0.10041407495737076,0.3880000114440918,0.3476000130176544
YKR089C,YJL094C,0,0.23390685,0.10038809478282928,0.3880000114440918,0.34769999980926514
YOR045W,YDR545W,0,0.23390608,0.100362129509449,0.3880000114440918,0.34779998660087585
YMR234W,YDL119C,0,0.23388813,0.10033617913722992,0.3880000114440918,0.34790000319480896
YMR243C,YNL062C,0,0.23386587,0.10031023621559143,0.3880000114440918,0.3479999899864197
YLR409C,YKL005C,0,0.23386085,0.10028430819511414,0.3880000114440918,0.3481000065803528
YLR347C,YNL246W,0,0.23383388,0.10025839507579803,0.3880000114440918,0.3481999933719635
YOL055C,YOR001W,0,0.23383343,0.10023249685764313,0.3880000114440918,0.3483000099658966
YLR249W,YML047C,0,0.23381875,0.10020661354064941,0.3880000114440918,0.3483999967575073
YBR211C,YHR033W,0,0.23379877,0.1001807376742363,0.3880000114440918,0.34850001335144043
YHR113W,YGL192W,0,0.23371474,0.10015487670898438,0.3880000114440918,0.34860000014305115
YKL026C,YER063W,0,0.23371358,0.10012903064489365,0.3880000114440918,0.34869998693466187
YLR052W,YKR007W,0,0.23368281,0.10010319948196411,0.3880000114440918,0.34880000352859497
YDL113C,YOR009W,0,0.23349445,0.10007737576961517,0.3880000114440918,0.3488999903202057
YPL021W,YNL066W,0,0.23348106,0.10005157440900803,0.3880000114440918,0.3490000069141388
YHR099W,YLR005W,1,0.23347193,0.10028357803821564,0.3889999985694885,0.3490000069141388
YJL173C,YDR025W,0,0.23347138,0.10025773197412491,0.3889999985694885,0.3490999937057495
YPL122C,YML098W,1,0.2334299,0.10048956423997879,0.38999998569488525,0.3490999937057495
YHR214W,YBR045C,0,0.23336968,0.10046368092298508,0.38999998569488525,0.3492000102996826
YOL032W,YLL006W,0,0.23336534,0.10043780505657196,0.38999998569488525,0.34929999709129333
YGL070C,YGL167C,0,0.2333511,0.10041194409132004,0.38999998569488525,0.34940001368522644
YDR482C,YOR060C,0,0.23334138,0.10038609802722931,0.38999998569488525,0.34950000047683716
YBL005W,YNL065W,0,0.23309435,0.10036026686429977,0.38999998569488525,0.3495999872684479
YLR061W,YNL118C,0,0.23304586,0.10033445060253143,0.38999998569488525,0.349700003862381
YBR081C,YPR056W,1,0.23303828,0.1005658432841301,0.39100000262260437,0.349700003862381
YOL059W,YDR057W,0,0.23299396,0.10053998231887817,0.39100000262260437,0.3497999906539917
YAL056W,YGR129W,0,0.23297739,0.10051413625478745,0.39100000262260437,0.3499000072479248
YOL154W,YLR288C,0,0.23290998,0.10048830509185791,0.39100000262260437,0.3499999940395355
YMR105C,YLR328W,0,0.23287983,0.10046248883008957,0.39100000262260437,0.35010001063346863
YJR153W,YLR432W,0,0.23284853,0.10043668001890182,0.39100000262260437,0.35019999742507935
YJL174W,YLR360W,0,0.23279162,0.10041088610887527,0.39100000262260437,0.35030001401901245
YHR138C,YPL010W,0,0.23274238,0.10038510710000992,0.39100000262260437,0.35040000081062317
YOR177C,YJL197W,0,0.23260425,0.10035934299230576,0.39100000262260437,0.3504999876022339
YJL096W,YOL051W,0,0.23254108,0.10033358633518219,0.39100000262260437,0.350600004196167
YKL054C,YLR337C,0,0.23253264,0.10030785202980042,0.39100000262260437,0.3506999909877777
YCL068C,YML086C,0,0.23251584,0.10028212517499924,0.39100000262260437,0.3508000075817108
YDL189W,YHL025W,0,0.23250093,0.10025641322135925,0.39100000262260437,0.35089999437332153
YOL084W,YJL026W,0,0.23247139,0.10023070871829987,0.39100000262260437,0.35100001096725464
YPL116W,YMR118C,0,0.23242079,0.10020502656698227,0.39100000262260437,0.35109999775886536
YER143W,YLR247C,0,0.23240507,0.10017935186624527,0.39100000262260437,0.35120001435279846
YOR049C,YGR017W,0,0.2323972,0.10015369206666946,0.39100000262260437,0.3513000011444092
YGL167C,YDL076C,0,0.23230502,0.10012803971767426,0.39100000262260437,0.3513999879360199
YNL286W,YDL243C,0,0.23224957,0.10010240972042084,0.39100000262260437,0.351500004529953
YNL286W,YKR075C,0,0.23223771,0.10007678717374802,0.39100000262260437,0.3515999913215637
YER056C,YFR025C,0,0.23221861,0.10005117952823639,0.39100000262260437,0.3517000079154968
YPR068C,YCL035C,0,0.23217827,0.10002557933330536,0.39100000262260437,0.35179999470710754
YBR295W,YCR021C,0,0.23216887,0.10000000149011612,0.39100000262260437,0.35190001130104065
YDR441C,YBR189W,0,0.23208188,0.09997443109750748,0.39100000262260437,0.35199999809265137
YOR087W,YBL031W,0,0.23181513,0.09994887560606003,0.39100000262260437,0.3521000146865845
YHR088W,YGL105W,0,0.23178767,0.09992333501577377,0.39100000262260437,0.3522000014781952
YDL175C,YFL049W,0,0.23178372,0.09989780187606812,0.39100000262260437,0.3522999882698059
YOR189W,YHR194W,0,0.23171571,0.09987228363752365,0.39100000262260437,0.352400004863739
YOL098C,YNL173C,0,0.23167588,0.09984678030014038,0.39100000262260437,0.35249999165534973
YIL137C,YLR220W,0,0.23161145,0.0998212918639183,0.39100000262260437,0.35260000824928284
YDR482C,YIR031C,0,0.23160952,0.09979581087827682,0.39100000262260437,0.35269999504089355
YNL250W,YDL100C,0,0.23157813,0.09977035224437714,0.39100000262260437,0.35280001163482666
YLR399C,YBL103C,1,0.23153254,0.10000000149011612,0.3919999897480011,0.35280001163482666
YKL194C,YGR253C,0,0.23145638,0.09997449815273285,0.3919999897480011,0.3528999984264374
YER005W,YOR110W,0,0.23144527,0.09994900226593018,0.3919999897480011,0.3529999852180481
YPL004C,YNL214W,0,0.23143578,0.0999235287308693,0.3919999897480011,0.3531000018119812
YLR167W,YPL203W,0,0.23143414,0.09989806264638901,0.3919999897480011,0.3531999886035919
YGL043W,YGL112C,1,0.23141564,0.10012739151716232,0.3930000066757202,0.3531999886035919
YNL041C,YHR118C,0,0.2314105,0.10010188817977905,0.3930000066757202,0.353300005197525
YHR204W,YDR381W,0,0.23130076,0.10007639229297638,0.3930000066757202,0.35339999198913574
YGL139W,YMR262W,0,0.23129149,0.1000509187579155,0.3930000066757202,0.35350000858306885
YGL142C,YGL045W,0,0.23125504,0.10002545267343521,0.3930000066757202,0.35359999537467957
YOR253W,YBR028C,0,0.23124662,0.10000000149011612,0.3930000066757202,0.35370001196861267
YBR005W,YOR032C,0,0.23121609,0.09997455775737762,0.3930000066757202,0.3537999987602234
YGR046W,YDL087C,0,0.23119737,0.09994913637638092,0.3930000066757202,0.3538999855518341
YJR084W,YLR263W,0,0.23113534,0.09992372244596481,0.3930000066757202,0.3540000021457672
YMR005W,YDL108W,1,0.23108394,0.10015251487493515,0.39399999380111694,0.3540000021457672
YPR169W,YMR133W,0,0.2310789,0.10012706369161606,0.39399999380111694,0.35409998893737793
YLR361C,YBR034C,0,0.23089829,0.10010162740945816,0.39399999380111694,0.35420000553131104
YPL013C,YGL058W,0,0.23078488,0.10007619857788086,0.39399999380111694,0.35429999232292175
YER109C,YGR060W,0,0.23076154,0.10005078464746475,0.39399999380111694,0.35440000891685486
YBL035C,YGR138C,0,0.23070331,0.10002538561820984,0.39399999380111694,0.3544999957084656
YIL056W,YEL027W,0,0.2306101,0.10000000149011612,0.39399999380111694,0.3546000123023987
YHR110W,YPR141C,0,0.23050891,0.099974624812603,0.39399999380111694,0.3546999990940094
YDL108W,YPL177C,1,0.23038732,0.10020294040441513,0.39500001072883606,0.3546999990940094
YGL142C,YNL145W,0,0.23034959,0.10017752647399902,0.39500001072883606,0.3547999858856201
YPL116W,YAL030W,0,0.23034719,0.10015212744474411,0.39500001072883606,0.3549000024795532
YGR103W,YAL007C,0,0.23033758,0.10012674331665039,0.39500001072883606,0.35499998927116394
YBL080C,YHR114W,0,0.23033676,0.10010136663913727,0.39500001072883606,0.35510000586509705
YLR361C,YHR024C,0,0.23030923,0.10007600486278534,0.39500001072883606,0.35519999265670776
YBL013W,YCL044C,0,0.23023468,0.1000506579875946,0.39500001072883606,0.35530000925064087
YCR042C,YEL009C,1,0.23022623,0.10027854889631271,0.3959999978542328,0.35530000925064087
YKR075C,YER102W,0,0.23010041,0.100253164768219,0.3959999978542328,0.3553999960422516
YJL083W,YGL127C,0,0.23008683,0.10022778809070587,0.3959999978542328,0.3555000126361847
YER056C,YER167W,0,0.23007996,0.10020242631435394,0.3959999978542328,0.3555999994277954
YPR173C,YDR464W,0,0.23004864,0.10017707943916321,0.3959999978542328,0.35569998621940613
YMR005W,YNL314W,1,0.23001368,0.10040464997291565,0.3970000147819519,0.35569998621940613
YOL023W,YHR201C,0,0.22992231,0.10037926584482193,0.3970000147819519,0.35580000281333923
YKL110C,YDR407C,0,0.22982411,0.10035388916730881,0.3970000147819519,0.35589998960494995
YIR019C,YDR386W,0,0.22980261,0.10032853484153748,0.3970000147819519,0.35600000619888306
YDR057W,YFR038W,0,0.2297654,0.10030318051576614,0.3970000147819519,0.3560999929904938
YMR063W,YDR257C,0,0.22976293,0.1002778485417366,0.3970000147819519,0.3562000095844269
YPR025C,YHR099W,1,0.22968493,0.1005050539970398,0.39800000190734863,0.3562000095844269
YGL115W,YOR048C,0,0.22950417,0.10047967731952667,0.39800000190734863,0.3562999963760376
YPL133C,YKL077W,0,0.22943996,0.10045431554317474,0.39800000190734863,0.3564000129699707
YMR005W,YDR167W,1,0.2293232,0.10068130493164062,0.39899998903274536,0.3564000129699707
YBR279W,YLR323C,0,0.22924916,0.10065590590238571,0.39899998903274536,0.3564999997615814
YOL011W,YMR322C,0,0.22911413,0.1006305143237114,0.39899998903274536,0.35659998655319214
YDL124W,YOR357C,0,0.2290997,0.10060514509677887,0.39899998903274536,0.35670000314712524
YNR059W,YGR208W,0,0.22906637,0.10057978332042694,0.39899998903274536,0.35679998993873596
YLR215C,YPR097W,0,0.22906414,0.1005544364452362,0.39899998903274536,0.35690000653266907
YDR325W,YGL085W,0,0.22901157,0.10052909702062607,0.39899998903274536,0.3569999933242798
YKR088C,YKL087C,0,0.22900571,0.10050377994775772,0.39899998903274536,0.3571000099182129
YPR134W,YER109C,0,0.22898589,0.10047847032546997,0.39899998903274536,0.3571999967098236
YKL058W,YGR129W,0,0.22898304,0.10045317560434341,0.39899998903274536,0.3573000133037567
YBR065C,YOL052C-A,0,0.22897035,0.10042788833379745,0.39899998903274536,0.35740000009536743
YGL167C,YER060W,0,0.22896388,0.10040261596441269,0.39899998903274536,0.35749998688697815
YDR160W,YDL149W,0,0.22895373,0.10037735849618912,0.39899998903274536,0.35760000348091125
YAR009C,YHR073W,0,0.22880226,0.10035211592912674,0.39899998903274536,0.357699990272522
YMR110C,YLR248W,0,0.22879148,0.10032688081264496,0.39899998903274536,0.3578000068664551
YLR131C,YDL139C,0,0.22878776,0.10030166059732437,0.39899998903274536,0.3578999936580658
YOL069W,YPL004C,0,0.22877204,0.10027644783258438,0.39899998903274536,0.3580000102519989
YHR108W,YBR169C,0,0.22874281,0.10025125741958618,0.39899998903274536,0.3580999970436096
YPL203W,YGL151W,0,0.22874211,0.10022607445716858,0.39899998903274536,0.3582000136375427
YKL145W,YNL081C,0,0.22874053,0.10020090639591217,0.39899998903274536,0.35830000042915344
YJL216C,YDL149W,0,0.22871919,0.10017574578523636,0.39899998903274536,0.35839998722076416
YKR078W,YNL142W,0,0.22871047,0.10015060007572174,0.39899998903274536,0.35850000381469727
YBR169C,YBR015C,0,0.22866936,0.10012546926736832,0.39899998903274536,0.358599990606308
YMR110C,YGR017W,0,0.22865802,0.10010035336017609,0.39899998903274536,0.3587000072002411
YOR032C,YNL176C,0,0.22859411,0.10007524490356445,0.39899998903274536,0.3587999939918518
YPL138C,YOR227W,0,0.22858973,0.10005015134811401,0.39899998903274536,0.3589000105857849
YFL005W,YMR050C,0,0.22856444,0.10002506524324417,0.39899998903274536,0.35899999737739563
YDR243C,YDR365C,0,0.22846219,0.10000000149011612,0.39899998903274536,0.35910001397132874
YBR130C,YJL216C,0,0.22844426,0.09997494518756866,0.39899998903274536,0.35920000076293945
YDR463W,YMR015C,0,0.2284303,0.0999498963356018,0.39899998903274536,0.35929998755455017
YPL137C,YGL045W,0,0.22837903,0.09992486983537674,0.39899998903274536,0.3594000041484833
YOR330C,YGL195W,0,0.2283292,0.09989985078573227,0.39899998903274536,0.359499990940094
YIL056W,YDR343C,0,0.22831666,0.09987484663724899,0.39899998903274536,0.3596000075340271
YGL085W,YGL111W,0,0.22829969,0.09984984993934631,0.39899998903274536,0.3596999943256378
YOR380W,YFR040W,0,0.2282994,0.09982486814260483,0.39899998903274536,0.3598000109195709
YJL078C,YGR138C,0,0.22815742,0.09979990124702454,0.39899998903274536,0.35989999771118164
YLR417W,YHR154W,0,0.22815241,0.09977494180202484,0.39899998903274536,0.36000001430511475
YLR017W,YOL061W,0,0.2280599,0.09974999725818634,0.39899998903274536,0.36010000109672546
YNL103W,YBL072C,0,0.22794113,0.09972506761550903,0.39899998903274536,0.3601999878883362
YMR236W,YML015C,1,0.22791551,0.09995002299547195,0.4000000059604645,0.3601999878883362
YEL024W,YCL048W,0,0.22788878,0.09992505609989166,0.4000000059604645,0.3603000044822693
YAL051W,YPL135W,0,0.2278758,0.09990009665489197,0.4000000059604645,0.36039999127388
YLR347C,YFL026W,0,0.22781974,0.09987515956163406,0.4000000059604645,0.3605000078678131
YHR033W,YPR131C,0,0.22777751,0.09985022246837616,0.4000000059604645,0.36059999465942383
YDL220C,YOR158W,0,0.22774594,0.09982530772686005,0.4000000059604645,0.36070001125335693
YPL116W,YKL149C,0,0.22766231,0.09980040043592453,0.4000000059604645,0.36079999804496765
YOR267C,YOL059W,0,0.22759382,0.09977550804615021,0.4000000059604645,0.36090001463890076
YPL130W,YHR202W,0,0.22753417,0.09975062310695648,0.4000000059604645,0.3610000014305115
YBR085W,YHL021C,0,0.2274734,0.09972575306892395,0.4000000059604645,0.3610999882221222
YNR019W,YPL193W,0,0.22746187,0.09970089793205261,0.4000000059604645,0.3612000048160553
YML100W,YCR035C,0,0.22744021,0.09967605024576187,0.4000000059604645,0.361299991607666
YBL038W,YGL005C,0,0.22731054,0.09965121746063232,0.4000000059604645,0.3614000082015991
YDR188W,YKL058W,0,0.22728327,0.09962639957666397,0.4000000059604645,0.36149999499320984
YPL209C,YMR274C,0,0.22727318,0.09960159659385681,0.4000000059604645,0.36160001158714294
YIL143C,YLR399C,1,0.22725499,0.09982573986053467,0.4009999930858612,0.36160001158714294
YKR034W,YJL196C,0,0.22711745,0.09980089962482452,0.4009999930858612,0.36169999837875366
YDR243C,YPL097W,0,0.2270948,0.09977606683969498,0.4009999930858612,0.3617999851703644
YOR027W,YGL116W,0,0.22707918,0.09975124150514603,0.4009999930858612,0.3619000017642975
YOR110W,YML098W,1,0.22701445,0.09997513145208359,0.4020000100135803,0.3619000017642975
YHR073W,YGL167C,0,0.22700046,0.09995027631521225,0.4020000100135803,0.3619999885559082
YER044C-A,YLR384C,0,0.22685495,0.09992542862892151,0.4020000100135803,0.3621000051498413
YPR134W,YML061C,0,0.22684899,0.09990059584379196,0.4020000100135803,0.362199991941452
YBR193C,YJL001W,0,0.22682999,0.09987577795982361,0.4020000100135803,0.36230000853538513
YGR007W,YDL119C,0,0.22679941,0.09985096752643585,0.4020000100135803,0.36239999532699585
YBR085W,YMR230W,0,0.2267182,0.09982617199420929,0.4020000100135803,0.36250001192092896
YIL156W,YPR007C,0,0.22660373,0.09980139136314392,0.4020000100135803,0.3625999987125397
YLL021W,YPL189W,0,0.22651096,0.09977661818265915,0.4020000100135803,0.3626999855041504
YOR078W,YDR005C,0,0.22644244,0.09975185990333557,0.4020000100135803,0.3628000020980835
YOL011W,YCR018C,0,0.22643928,0.09972711652517319,0.4020000100135803,0.3628999888896942
YLL018C,YOR136W,0,0.22642918,0.0997023805975914,0.4020000100135803,0.3630000054836273
YLR377C,YGL127C,0,0.22630627,0.0996776595711708,0.4020000100135803,0.36309999227523804
YGR246C,YPR186C,1,0.22630541,0.09990084171295166,0.40299999713897705,0.36309999227523804
YBR054W,YDL134C,0,0.2261444,0.09987608343362808,0.40299999713897705,0.36320000886917114
YOR192C,YER038C,0,0.22609805,0.0998513400554657,0.40299999713897705,0.36329999566078186
YGR122W,YOR259C,0,0.22609694,0.09982660412788391,0.40299999713897705,0.36340001225471497
YLR061W,YOR359W,0,0.22609545,0.09980188310146332,0.40299999713897705,0.3634999990463257
YHR088W,YDR303C,0,0.22607529,0.09977716952562332,0.40299999713897705,0.3635999858379364
YFR010W,YDR165W,0,0.22602315,0.09975247830152512,0.40299999713897705,0.3637000024318695
YNR038W,YLR413W,0,0.22601403,0.09972778707742691,0.40299999713897705,0.3637999892234802
YDR092W,YAL056W,0,0.22597066,0.0997031182050705,0.40299999713897705,0.36390000581741333
YNL031C,YPL215W,0,0.22592574,0.09967845678329468,0.40299999713897705,0.36399999260902405
YLR017W,YNL180C,0,0.22591798,0.09965381026268005,0.40299999713897705,0.36410000920295715
YKL052C,YOR372C,0,0.22589691,0.09962917119264603,0.40299999713897705,0.36419999599456787
YGR217W,YOR227W,0,0.22582696,0.0996045470237732,0.40299999713897705,0.364300012588501
YLR058C,YBR121C,0,0.2257648,0.09957993775606155,0.40299999713897705,0.3643999993801117
YHL038C,YLR259C,0,0.22574256,0.09955533593893051,0.40299999713897705,0.3644999861717224
YOR090C,YOR117W,0,0.22568588,0.09953074902296066,0.40299999713897705,0.3646000027656555
YJR027W,YER040W,0,0.22567587,0.09950616955757141,0.40299999713897705,0.36469998955726624
YMR230W,YHR118C,0,0.22564624,0.09948161244392395,0.40299999713897705,0.36480000615119934
YOR189W,YML092C,0,0.2255875,0.09945705533027649,0.40299999713897705,0.36489999294281006
YOR065W,YDR365C,0,0.2255762,0.09943252056837082,0.40299999713897705,0.36500000953674316
YJL183W,YGL238W,0,0.22548051,0.09940799325704575,0.40299999713897705,0.3650999963283539
YLR399C,YOL067C,1,0.22520961,0.09963008761405945,0.40400001406669617,0.3650999963283539
YGL005C,YPL040C,0,0.22518222,0.09960552304983139,0.40400001406669617,0.365200012922287
YHR157W,YBL091C,0,0.22516493,0.09958097338676453,0.40400001406669617,0.3652999997138977
YER044C-A,YPL178W,0,0.22503643,0.09955643117427826,0.40400001406669617,0.3653999865055084
YDL072C,YDR343C,0,0.22502925,0.09953190386295319,0.40400001406669617,0.36550000309944153
YNL076W,YJL197W,0,0.22501208,0.0995073914527893,0.40400001406669617,0.36559998989105225
YOR267C,YPR003C,0,0.22497632,0.09948288649320602,0.40400001406669617,0.36570000648498535
YLR083C,YML061C,0,0.22496824,0.09945839643478394,0.40400001406669617,0.36579999327659607
YDL235C,YDR217C,0,0.22492698,0.09943391382694244,0.40400001406669617,0.3659000098705292
YDL189W,YGR004W,0,0.22479838,0.09940944612026215,0.40400001406669617,0.3659999966621399
YPL193W,YDR257C,0,0.22479583,0.09938499331474304,0.40400001406669617,0.366100013256073
YHR035W,YCL067C,0,0.22478402,0.09936054795980453,0.40400001406669617,0.3662000000476837
YBL038W,YDL087C,0,0.224748,0.09933611750602722,0.40400001406669617,0.36629998683929443
YGL144C,YCL039W,0,0.22473204,0.0993117019534111,0.40400001406669617,0.36640000343322754
YAL001C,YML098W,1,0.22470553,0.09953305125236511,0.4050000011920929,0.36640000343322754
YGL076C,YMR175W,0,0.22469406,0.09950859844684601,0.4050000011920929,0.36649999022483826
YNL183C,YIL068C,0,0.22466986,0.0994841530919075,0.4050000011920929,0.36660000681877136
YHR005C,YER005W,0,0.22455028,0.09945972263813019,0.4050000011920929,0.3666999936103821
YOR027W,YCL051W,0,0.2244782,0.09943530708551407,0.4050000011920929,0.3668000102043152
YHR108W,YNL180C,0,0.22444707,0.09941089898347855,0.4050000011920929,0.3668999969959259
YDL135C,YBL047C,0,0.22441737,0.09938650578260422,0.4050000011920929,0.367000013589859
YPL133C,YGR142W,0,0.22434318,0.09936212003231049,0.4050000011920929,0.3671000003814697
YDR201W,YHR169W,0,0.22430214,0.09933774918317795,0.4050000011920929,0.36719998717308044
YHR139C,YHR106W,0,0.22427875,0.09931338578462601,0.4050000011920929,0.36730000376701355
YJR027W,YHR190W,0,0.22421911,0.09928904473781586,0.4050000011920929,0.36739999055862427
YPR008W,YPR003C,0,0.22414851,0.0992647036910057,0.4050000011920929,0.3675000071525574
YDR381W,YKR031C,0,0.22400522,0.09924038499593735,0.4050000011920929,0.3675999939441681
YOR018W,YGR245C,0,0.22399001,0.09921607375144958,0.4050000011920929,0.3677000105381012
YDR289C,YPR100W,0,0.22389728,0.09919176995754242,0.4050000011920929,0.3677999973297119
YBL100W-B,YPL021W,0,0.22380523,0.09916748106479645,0.4050000011920929,0.367900013923645
YOR359W,YOL052C-A,0,0.22375214,0.09914320707321167,0.4050000011920929,0.36800000071525574
YDR201W,YAL059W,0,0.22370712,0.09911894053220749,0.4050000011920929,0.36809998750686646
YOR264W,YMR262W,0,0.22368978,0.0990946888923645,0.4050000011920929,0.36820000410079956
YPL100W,YHR142W,0,0.22362044,0.09907045215368271,0.4050000011920929,0.3682999908924103
YER028C,YOL121C,0,0.22350684,0.09904622286558151,0.4050000011920929,0.3684000074863434
YPL007C,YPR086W,1,0.2234749,0.09926650673151016,0.4059999883174896,0.3684000074863434
YDR145W,YGR120C,0,0.2234637,0.09924224019050598,0.4059999883174896,0.3684999942779541
YPR188C,YKL006C-A,0,0.2234486,0.099217988550663,0.4059999883174896,0.3686000108718872
YLR377C,YER102W,0,0.22344208,0.0991937443614006,0.4059999883174896,0.3686999976634979
YLR085C,YML120C,0,0.22331163,0.09916951507329941,0.4059999883174896,0.36880001425743103
YER045C,YNL039W,1,0.22330378,0.09938950091600418,0.40700000524520874,0.36880001425743103
YMR048W,YKL138C,0,0.22330011,0.099365234375,0.40700000524520874,0.36890000104904175
YPR017C,YLR181C,0,0.22325955,0.09934098273515701,0.40700000524520874,0.36899998784065247
YAL019W,YKL192C,0,0.22323518,0.09931673854589462,0.40700000524520874,0.36910000443458557
YLR019W,YOR341W,0,0.22318797,0.09929250925779343,0.40700000524520874,0.3691999912261963
YDL091C,YER167W,0,0.22310327,0.09926829487085342,0.40700000524520874,0.3693000078201294
YDR439W,YML016C,0,0.22308569,0.09924408793449402,0.40700000524520874,0.3693999946117401
YML031W,YML082W,0,0.22308138,0.0992198958992958,0.40700000524520874,0.3695000112056732
YPL168W,YER129W,0,0.2229792,0.09919571131467819,0.40700000524520874,0.36959999799728394
YPR003C,YDR301W,0,0.22292368,0.09917154163122177,0.40700000524520874,0.36970001459121704
YAL015C,YAL028W,0,0.22283252,0.09914737939834595,0.40700000524520874,0.36980000138282776
YHR185C,YEL044W,0,0.22281446,0.09912323206663132,0.40700000524520874,0.3698999881744385
YJL096W,YIL167W,0,0.22280012,0.09909909963607788,0.40700000524520874,0.3700000047683716
YPL171C,YLR115W,0,0.22271377,0.09907497465610504,0.40700000524520874,0.3700999915599823
YBR198C,YPL177C,1,0.22265355,0.09929423034191132,0.40799999237060547,0.3700999915599823
YDL235C,YCL064C,0,0.22261463,0.09927007555961609,0.40799999237060547,0.3702000081539154
YOR158W,YKL099C,0,0.22259714,0.09924592822790146,0.40799999237060547,0.3702999949455261
YKR034W,YDR273W,0,0.22253935,0.09922178834676743,0.40799999237060547,0.37040001153945923
YGR161C,YMR118C,0,0.22252731,0.09919766336679459,0.40799999237060547,0.37049999833106995
YKL134C,YKR052C,0,0.22244506,0.09917355328798294,0.40799999237060547,0.37059998512268066
YOR091W,YJR123W,0,0.22242911,0.09914945065975189,0.40799999237060547,0.37070000171661377
YER040W,YNR059W,0,0.2223471,0.09912536293268204,0.40799999237060547,0.3707999885082245
YPL203W,YLR061W,0,0.22233665,0.09910129010677338,0.40799999237060547,0.3709000051021576
YDR004W,YNL065W,0,0.22230184,0.09907722473144531,0.40799999237060547,0.3709999918937683
YOR027W,YNL288W,0,0.22227137,0.09905316680669785,0.40799999237060547,0.3711000084877014
YPL145C,YPL049C,0,0.2221956,0.09902912378311157,0.40799999237060547,0.37119999527931213
YPR131C,YIL005W,0,0.22213574,0.09900509566068649,0.40799999237060547,0.37130001187324524
YMR072W,YMR225C,0,0.22211033,0.09898107498884201,0.40799999237060547,0.37139999866485596
YDL003W,YDL240W,0,0.2220353,0.09895706921815872,0.40799999237060547,0.3714999854564667
YOL011W,YIL043C,0,0.22201854,0.09893307834863663,0.40799999237060547,0.3716000020503998
YPL203W,YIL107C,0,0.221978,0.09890908747911453,0.40799999237060547,0.3716999888420105
YBR054W,YHR080C,0,0.22186722,0.09888511896133423,0.40799999237060547,0.3718000054359436
YIL036W,YDL149W,0,0.22180423,0.09886115789413452,0.40799999237060547,0.3718999922275543
YOR193W,YEL051W,0,0.22171398,0.09883721172809601,0.40799999237060547,0.3720000088214874
YGR047C,YGL207W,1,0.22165076,0.0990554615855217,0.4090000092983246,0.3720000088214874
YFR050C,YKL029C,0,0.22152199,0.0990314781665802,0.4090000092983246,0.37209999561309814
YDR490C,YJR052W,0,0.22151008,0.0990075021982193,0.4090000092983246,0.37220001220703125
YLR426W,YGL111W,0,0.22150666,0.09898354113101959,0.4090000092983246,0.37229999899864197
YFL011W,YDR437W,0,0.22148098,0.09895959496498108,0.4090000092983246,0.3723999857902527
YLR004C,YNL247W,0,0.22147985,0.09893565624952316,0.4090000092983246,0.3725000023841858
YOL055C,YOR259C,0,0.22147886,0.09891173243522644,0.4090000092983246,0.3725999891757965
YFR040W,YDL119C,0,0.22144763,0.09888781607151031,0.4090000092983246,0.3727000057697296
YGR099W,YGR007W,0,0.22141336,0.09886391460895538,0.4090000092983246,0.37279999256134033
YHL003C,YLR249W,0,0.2213983,0.09884002059698105,0.4090000092983246,0.37290000915527344
YBL103C,YPR186C,1,0.22137864,0.09905774146318436,0.4099999964237213,0.37290000915527344
YKL014C,YFL061W,0,0.2213558,0.09903381764888763,0.4099999964237213,0.37299999594688416
YIL106W,YEL039C,0,0.22133793,0.09900990128517151,0.4099999964237213,0.37310001254081726
YIL056W,YDR165W,0,0.22129713,0.09898599982261658,0.4099999964237213,0.373199999332428
YGL207W,YDR460W,1,0.22128242,0.09920347481966019,0.41100001335144043,0.373199999332428
YNL164C,YGL016W,0,0.22125305,0.09917953610420227,0.41100001335144043,0.3732999861240387
YJL167W,YNR019W,0,0.22124465,0.09915561228990555,0.41100001335144043,0.3734000027179718
YDL240W,YDL076C,0,0.22120953,0.09913169592618942,0.41100001335144043,0.3734999895095825
YGL070C,YDR517W,0,0.22115946,0.0991077870130539,0.41100001335144043,0.3736000061035156
YLR399C,YDR167W,1,0.22112034,0.09932497888803482,0.41200000047683716,0.3736000061035156
YDR145W,YML015C,1,0.22095945,0.0995420590043068,0.4129999876022339,0.3736000061035156
YLR004C,YLR060W,0,0.22089458,0.0995180755853653,0.4129999876022339,0.37369999289512634
YDR407C,YHL015W,0,0.22089432,0.0994940996170044,0.4129999876022339,0.37380000948905945
YCR018C,YBR180W,0,0.22086996,0.09947013854980469,0.4129999876022339,0.37389999628067017
YGL244W,YLR399C,1,0.22083464,0.09968697279691696,0.414000004529953,0.37389999628067017
YLR249W,YKL005C,0,0.22077608,0.09966297447681427,0.414000004529953,0.37400001287460327
YDL243C,YGL058W,0,0.22076948,0.09963899105787277,0.414000004529953,0.374099999666214
YGL063W,YDL018C,0,0.22075205,0.09961501508951187,0.414000004529953,0.3741999864578247
YHR088W,YEL032W,0,0.22068624,0.09959105402231216,0.414000004529953,0.3743000030517578
YDR308C,YML047C,0,0.22067033,0.09956710040569305,0.414000004529953,0.37439998984336853
YBR279W,YGL045W,0,0.22063914,0.09954316169023514,0.414000004529953,0.37450000643730164
YAL019W,YER060W-A,0,0.22060017,0.09951923042535782,0.414000004529953,0.37459999322891235
YDR041W,YLR011W,0,0.22050823,0.0994953140616417,0.414000004529953,0.37470000982284546
YOR357C,YPL145C,0,0.22044341,0.09947140514850616,0.414000004529953,0.3747999966144562
YLR044C,YNL066W,0,0.2203707,0.09944751113653183,0.414000004529953,0.3749000132083893
YDR437W,YDR438W,0,0.22032073,0.09942363202571869,0.414000004529953,0.375
YIL144W,YOL116W,0,0.22027113,0.09939976036548615,0.414000004529953,0.3750999867916107
YCL044C,YOR110W,0,0.2201918,0.0993759036064148,0.414000004529953,0.3752000033855438
YOR068C,YDR300C,0,0.2201667,0.09935205429792404,0.414000004529953,0.37529999017715454
YPL129W,YGR186W,1,0.22011314,0.09956813603639603,0.41499999165534973,0.37529999017715454
YPL169C,YBR162W-A,0,0.22010043,0.09954425692558289,0.41499999165534973,0.37540000677108765
YKR089C,YIR031C,0,0.22006054,0.09952038526535034,0.41499999165534973,0.37549999356269836
YPR161C,YDR092W,0,0.21999933,0.0994965210556984,0.41499999165534973,0.37560001015663147
YKR007W,YLR263W,0,0.21999003,0.09947267174720764,0.41499999165534973,0.3756999969482422
YML011C,YDR261C,0,0.21995117,0.09944883733987808,0.41499999165534973,0.3758000135421753
YPR008W,YGL018C,0,0.21994746,0.09942501038312912,0.41499999165534973,0.375900000333786
YPL082C,YAL001C,1,0.21981078,0.09964071959257126,0.41600000858306885,0.375900000333786
YHR120W,YGL107C,0,0.21977097,0.09961685538291931,0.41600000858306885,0.37599998712539673
YDR311W,YGR005C,1,0.21974136,0.09983241558074951,0.4169999957084656,0.37599998712539673
YKL058W,YLR005W,1,0.2197202,0.10004787147045135,0.4180000126361847,0.37599998712539673
YKL155C,YBR089C-A,0,0.2196991,0.10002393275499344,0.4180000126361847,0.37610000371932983
YJL110C,YNR071C,0,0.21964106,0.10000000149011612,0.4180000126361847,0.37619999051094055
YKL141W,YNL038W,0,0.21961667,0.0999760851264,0.4180000126361847,0.37630000710487366
YOL135C,YOR249C,0,0.21961038,0.09995217621326447,0.4180000126361847,0.3763999938964844
YEL039C,YGL064C,0,0.21957435,0.09992828220129013,0.4180000126361847,0.3765000104904175
YPL011C,YEL009C,1,0.21956353,0.10014340281486511,0.4189999997615814,0.3765000104904175
YFR040W,YPL058C,0,0.21941972,0.10011947154998779,0.4189999997615814,0.3765999972820282
YKL069W,YEL027W,0,0.2194185,0.10009555518627167,0.4189999997615814,0.3767000138759613
YDL154W,YPR133C,0,0.2193685,0.10007165372371674,0.4189999997615814,0.376800000667572
YDL091C,YER081W,0,0.21936165,0.1000477522611618,0.4189999997615814,0.37689998745918274
YEL039C,YER159C,0,0.21930575,0.10002387315034866,0.4189999997615814,0.37700000405311584
YML023C,YIL037C,0,0.21925198,0.10000000149011612,0.4189999997615814,0.37709999084472656
YHR110W,YGL194C,0,0.21917538,0.09997613728046417,0.4189999997615814,0.37720000743865967
YOL122C,YDR160W,0,0.2191491,0.09995228797197342,0.4189999997615814,0.3772999942302704
YFL011W,YFR053C,0,0.21913218,0.09992845356464386,0.4189999997615814,0.3774000108242035
YGL087C,YOR259C,0,0.21912476,0.0999046266078949,0.4189999997615814,0.3774999976158142
YJL078C,YDR308C,0,0.21898113,0.09988080710172653,0.4189999997615814,0.3776000142097473
YLR044C,YNL041C,0,0.21891324,0.09985700994729996,0.4189999997615814,0.37770000100135803
YGL045W,YLR056W,0,0.21885248,0.09983321279287338,0.4189999997615814,0.37779998779296875
YDR045C,YMR149W,0,0.21872889,0.099809430539608,0.4189999997615814,0.37790000438690186
YPL082C,YML114C,1,0.21871659,0.10002381354570389,0.41999998688697815,0.37790000438690186
YGL096W,YHL025W,0,0.21858601,0.10000000149011612,0.41999998688697815,0.3779999911785126
YDR280W,YOR258W,0,0.21851346,0.09997619688510895,0.41999998688697815,0.3781000077724457
YOR049C,YOL012C,0,0.2185064,0.09995240718126297,0.41999998688697815,0.3781999945640564
YGL061C,YEL032W,0,0.2183561,0.09992862492799759,0.41999998688697815,0.3783000111579895
YML004C,YKL063C,0,0.21831544,0.0999048501253128,0.41999998688697815,0.3783999979496002
YNL233W,YLR175W,0,0.2182184,0.09988109022378922,0.41999998688697815,0.3785000145435333
YBR038W,YER176W,0,0.21803494,0.09985734522342682,0.41999998688697815,0.37860000133514404
YKL149C,YDR019C,0,0.21803026,0.09983360767364502,0.41999998688697815,0.37869998812675476
YIL147C,YDR464W,0,0.21800561,0.09980988502502441,0.41999998688697815,0.37880000472068787
YFL025C,YKL040C,0,0.21793388,0.0997861698269844,0.41999998688697815,0.3788999915122986
YBL038W,YGL107C,0,0.21783286,0.09976246953010559,0.41999998688697815,0.3790000081062317
YCL016C,YKR083C,0,0.21781941,0.09973877668380737,0.41999998688697815,0.3790999948978424
YLR315W,YNL055C,0,0.21773265,0.09971509873867035,0.41999998688697815,0.3792000114917755
YPL215W,YDR397C,0,0.21773107,0.09969142824411392,0.41999998688697815,0.37929999828338623
YEL019C,YIL147C,0,0.21761595,0.09966777265071869,0.41999998688697815,0.37940001487731934
YMR053C,YCR035C,0,0.21746044,0.09964412450790405,0.41999998688697815,0.37950000166893005
YKL110C,YFR034C,0,0.21733534,0.09962049126625061,0.41999998688697815,0.37959998846054077
YAR033W,YGR007W,0,0.21710403,0.09959687292575836,0.41999998688697815,0.3797000050544739
YNL246W,YJL196C,0,0.21709612,0.09957325458526611,0.41999998688697815,0.3797999918460846
YDL093W,YOR059C,0,0.21698797,0.09954965859651566,0.41999998688697815,0.3799000084400177
YDL230W,YDL209C,0,0.2169507,0.0995260700583458,0.41999998688697815,0.3799999952316284
YMR055C,YGL045W,0,0.21693605,0.09950248897075653,0.41999998688697815,0.3801000118255615
YGL085W,YGL078C,0,0.21685235,0.09947892278432846,0.41999998688697815,0.38019999861717224
YOR252W,YDR292C,0,0.21668197,0.09945536404848099,0.41999998688697815,0.38029998540878296
YGL243W,YOL095C,0,0.21666579,0.09943182021379471,0.41999998688697815,0.38040000200271606
YLR288C,YLL014W,0,0.21660183,0.09940828382968903,0.41999998688697815,0.3804999887943268
YNL145W,YPL063W,0,0.2164951,0.09938476234674454,0.41999998688697815,0.3806000053882599
YOR207C,YKL043W,0,0.21648817,0.09936124831438065,0.41999998688697815,0.3806999921798706
YPL224C,YKL054C,0,0.21643245,0.09933774918317795,0.41999998688697815,0.3808000087738037
YGL025C,YGL115W,0,0.216416,0.09931425750255585,0.41999998688697815,0.38089999556541443
YML081W,YHR202W,0,0.21641366,0.09929078072309494,0.41999998688697815,0.38100001215934753
YML057W,YDL046W,0,0.21638013,0.09926731139421463,0.41999998688697815,0.38109999895095825
YLR328W,YDL119C,0,0.21632372,0.09924385696649551,0.41999998688697815,0.38119998574256897
YKR075C,YHL026C,0,0.21630295,0.099220409989357,0.41999998688697815,0.3813000023365021
YER028C,YML098W,1,0.21613099,0.09943316131830215,0.42100000381469727,0.3813000023365021
YLR190W,YNL278W,0,0.21613054,0.09940968453884125,0.42100000381469727,0.3813999891281128
YML086C,YBR295W,0,0.21612348,0.09938621520996094,0.42100000381469727,0.3815000057220459
YOL154W,YPR105C,0,0.21607734,0.09936275333166122,0.42100000381469727,0.3815999925136566
YGR204W,YMR226C,0,0.21607381,0.0993393138051033,0.42100000381469727,0.3817000091075897
YKL052C,YDR384C,0,0.21605448,0.09931587427854538,0.42100000381469727,0.38179999589920044
YGL018C,YOR103C,0,0.21592811,0.09929244965314865,0.42100000381469727,0.38190001249313354
YBR254C,YCR063W,0,0.21575497,0.09926903992891312,0.42100000381469727,0.38199999928474426
YDR398W,YDR328C,0,0.21570261,0.09924563765525818,0.42100000381469727,0.382099986076355
YJL096W,YKL054C,0,0.21563116,0.09922225028276443,0.42100000381469727,0.3822000026702881
YIL007C,YGL087C,0,0.21562009,0.09919887036085129,0.42100000381469727,0.3822999894618988
YNL318C,YGR055W,0,0.21559942,0.09917549788951874,0.42100000381469727,0.3824000060558319
YPL011C,YKL144C,1,0.21557277,0.09938766062259674,0.421999990940094,0.3824000060558319
YOR358W,YKL192C,0,0.21554568,0.0993642583489418,0.421999990940094,0.3824999928474426
YDL108W,YPR186C,1,0.21554293,0.09957627207040787,0.4230000078678131,0.3824999928474426
YJL096W,YNL068C,0,0.21552125,0.09955283254384995,0.4230000078678131,0.38260000944137573
YMR192W,YBL047C,0,0.21547572,0.09952941536903381,0.4230000078678131,0.38269999623298645
YDR377W,YLR067C,0,0.21543619,0.09950599819421768,0.4230000078678131,0.38280001282691956
YKL051W,YGL049C,0,0.21536405,0.09948259592056274,0.4230000078678131,0.3828999996185303
YML011C,YCR086W,0,0.21533985,0.099459208548069,0.4230000078678131,0.382999986410141
YPL280W,YJL026W,0,0.21531536,0.09943582862615585,0.4230000078678131,0.3831000030040741
YGR202C,YIL064W,0,0.21530443,0.0994124561548233,0.4230000078678131,0.3831999897956848
YGR005C,YMR236W,1,0.21520583,0.09962406009435654,0.42399999499320984,0.3831999897956848
YCL051W,YOR247W,0,0.21519043,0.0996006578207016,0.42399999499320984,0.3833000063896179
YMR275C,YCR021C,0,0.21518941,0.09957726299762726,0.42399999499320984,0.38339999318122864
YML045W,YIL096C,0,0.21514557,0.09955388307571411,0.42399999499320984,0.38350000977516174
YLR131C,YCL035C,0,0.21510004,0.09953051805496216,0.42399999499320984,0.38359999656677246
YCL010C,YML098W,1,0.2150457,0.0997418463230133,0.42500001192092896,0.38359999656677246
YPL133C,YBR094W,0,0.21504387,0.09971844404935837,0.42500001192092896,0.38370001316070557
YNL328C,YDL093W,0,0.21500717,0.09969504922628403,0.42500001192092896,0.3837999999523163
YBR254C,YPL145C,0,0.21491197,0.09967166930437088,0.42500001192092896,0.383899986743927
YMR053C,YIL107C,0,0.21489717,0.09964829683303833,0.42500001192092896,0.3840000033378601
YGL231C,YGL018C,0,0.21484506,0.09962493926286697,0.42500001192092896,0.3840999901294708
YGR099W,YMR091C,0,0.21482761,0.09960159659385681,0.42500001192092896,0.38420000672340393
YDR287W,YJR052W,0,0.21471982,0.09957825392484665,0.42500001192092896,0.38429999351501465
YPL126W,YIL068C,0,0.21468401,0.09955493360757828,0.42500001192092896,0.38440001010894775
YNL094W,YLR435W,0,0.21464749,0.0995316132903099,0.42500001192092896,0.38449999690055847
YLR056W,YBL014C,0,0.21462415,0.09950831532478333,0.42500001192092896,0.3846000134944916
YBR016W,YBL014C,0,0.21438955,0.09948501735925674,0.42500001192092896,0.3847000002861023
YPR161C,YFL005W,0,0.21434765,0.09946173429489136,0.42500001192092896,0.384799987077713
YGL093W,YKL077W,0,0.21426168,0.09943846613168716,0.42500001192092896,0.3849000036716461
YLR131C,YGR138C,0,0.21425648,0.09941520541906357,0.42500001192092896,0.38499999046325684
YDL003W,YOL122C,0,0.21425566,0.09939195215702057,0.42500001192092896,0.38510000705718994
YML045W,YBR168W,0,0.2142221,0.09936871379613876,0.42500001192092896,0.38519999384880066
YBR198C,YML015C,1,0.21415098,0.09957924485206604,0.4259999990463257,0.38519999384880066
YOR320C,YDR041W,0,0.21414526,0.09955596923828125,0.4259999990463257,0.38530001044273376
YPL173W,YBR089C-A,0,0.21397172,0.09953270852565765,0.4259999990463257,0.3853999972343445
YBR046C,YGR055W,0,0.21383716,0.09950946271419525,0.4259999990463257,0.3855000138282776
YDL135C,YDR308C,0,0.21377395,0.09948622435331345,0.4259999990463257,0.3856000006198883
YLR193C,YMR215W,0,0.2137123,0.09946299344301224,0.4259999990463257,0.385699987411499
YML057W,YHR014W,0,0.21371078,0.09943977743387222,0.4259999990463257,0.38580000400543213
YMR055C,YOR227W,0,0.21369402,0.0994165688753128,0.4259999990463257,0.38589999079704285
YCR107W,YNL243W,0,0.2136503,0.09939337521791458,0.4259999990463257,0.38600000739097595
YDL072C,YJL181W,0,0.21356785,0.09937018901109695,0.4259999990463257,0.38609999418258667
YDL003W,YDR490C,0,0.21356745,0.09934701770544052,0.4259999990463257,0.3862000107765198
YLR059C,YNL221C,0,0.21356094,0.09932385385036469,0.4259999990463257,0.3862999975681305
YPL140C,YDR045C,0,0.21347348,0.09930069744586945,0.4259999990463257,0.3864000141620636
YDL081C,YPL234C,0,0.21333548,0.0992775559425354,0.4259999990463257,0.3865000009536743
YOR018W,YGR040W,0,0.21327186,0.09925442934036255,0.4259999990463257,0.38659998774528503
YDR463W,YDR227W,0,0.21319006,0.0992313101887703,0.4259999990463257,0.38670000433921814
YJL054W,YGR024C,0,0.21307668,0.09920819848775864,0.4259999990463257,0.38679999113082886
YDL113C,YOR273C,0,0.2130632,0.09918510168790817,0.4259999990463257,0.38690000772476196
YHL011C,YDL018C,0,0.2128242,0.0991620123386383,0.4259999990463257,0.3869999945163727
YIL147C,YBR254C,0,0.21282081,0.09913893043994904,0.4259999990463257,0.3871000111103058
YLR067C,YCL035C,0,0.21278094,0.09911587089300156,0.4259999990463257,0.3871999979019165
YAL056W,YOL032W,0,0.21265389,0.09909281134605408,0.4259999990463257,0.3873000144958496
YLR239C,YMR072W,0,0.21264862,0.09906976670026779,0.4259999990463257,0.3874000012874603
YPL202C,YPR056W,1,0.21262468,0.0992792397737503,0.4269999861717224,0.3874000012874603
YIL053W,YJR131W,0,0.21259196,0.09925615787506104,0.4269999861717224,0.38749998807907104
YAR033W,YER127W,0,0.2125211,0.09923309087753296,0.4269999861717224,0.38760000467300415
YFL056C,YDR110W,0,0.21248646,0.09921003878116608,0.4269999861717224,0.38769999146461487
YNL059C,YAL051W,0,0.21244197,0.09918699413537979,0.4269999861717224,0.387800008058548
YNR059W,YLR247C,0,0.21235438,0.0991639569401741,0.4269999861717224,0.3878999948501587
YNL023C,YLR190W,0,0.21226586,0.09914093464612961,0.4269999861717224,0.3880000114440918
YKR007W,YLR435W,0,0.21220475,0.09911791980266571,0.4269999861717224,0.3880999982357025
YJR118C,YNL123W,0,0.21218823,0.099094919860363,0.4269999861717224,0.3882000148296356
YLR181C,YAL026C,0,0.21210979,0.0990719273686409,0.4269999861717224,0.38830000162124634
YDL072C,YHR146W,0,0.21208358,0.09904894232749939,0.4269999861717224,0.38839998841285706
YDR325W,YPL049C,0,0.21201985,0.09902597218751907,0.4269999861717224,0.38850000500679016
YFR027W,YGL127C,0,0.21199973,0.09900301694869995,0.4269999861717224,0.3885999917984009
YDR041W,YNL065W,0,0.21188678,0.09898006170988083,0.4269999861717224,0.388700008392334
YGR235C,YOL029C,0,0.21181388,0.0989571288228035,0.4269999861717224,0.3887999951839447
YDR189W,YGR120C,0,0.2117885,0.09893419593572617,0.4269999861717224,0.3889000117778778
YAL011W,YCR035C,0,0.21175343,0.09891127794981003,0.4269999861717224,0.3889999985694885
YDR406W,YHL006C,0,0.21172917,0.09888837486505508,0.4269999861717224,0.38909998536109924
YKR007W,YLR248W,0,0.21167229,0.09886547923088074,0.4269999861717224,0.38920000195503235
YGR208W,YLL057C,0,0.21162848,0.09884259104728699,0.4269999861717224,0.38929998874664307
YLR239C,YDR317W,0,0.2115738,0.09881971776485443,0.4269999861717224,0.38940000534057617
YDL175C,YBR272C,0,0.21149586,0.09879685193300247,0.4269999861717224,0.3894999921321869
YOR068C,YLR019W,0,0.21147309,0.0987740010023117,0.4269999861717224,0.38960000872612
YNL233W,YOR192C,0,0.21141441,0.09875115752220154,0.4269999861717224,0.3896999955177307
YPL011C,YDR460W,1,0.21135563,0.0989595353603363,0.42800000309944153,0.3896999955177307
YDR091C,YNL054W,0,0.21130624,0.09893666207790375,0.42800000309944153,0.3898000121116638
YPR105C,YLR143W,0,0.21129127,0.09891379624605179,0.42800000309944153,0.38989999890327454
YML041C,YPL006W,0,0.21126422,0.09889094531536102,0.42800000309944153,0.38999998569488525
YGR260W,YLR337C,0,0.21126148,0.09886810183525085,0.42800000309944153,0.39010000228881836
YDR287W,YLL021W,0,0.21119122,0.09884526580572128,0.42800000309944153,0.3901999890804291
YIL143C,YOL067C,1,0.21116884,0.09905333817005157,0.42899999022483826,0.3901999890804291
YIL043C,YLR150W,0,0.21104012,0.09903047233819962,0.42899999022483826,0.3903000056743622
YIL052C,YBR091C,0,0.21103556,0.09900761395692825,0.42899999022483826,0.3903999924659729
YGR099W,YGR193C,0,0.21103369,0.09898477047681808,0.42899999022483826,0.390500009059906
YOL144W,YKR099W,0,0.21102472,0.09896193444728851,0.42899999022483826,0.3905999958515167
YDL247W,YNL288W,0,0.21096548,0.09893911331892014,0.42899999022483826,0.39070001244544983
YDR482C,YGL049C,0,0.21096061,0.09891629964113235,0.42899999022483826,0.39079999923706055
YDR464W,YPL189W,0,0.21088578,0.09889350086450577,0.42899999022483826,0.39089998602867126
YKR007W,YDL102W,0,0.21078782,0.09887070953845978,0.42899999022483826,0.39100000262260437
YOR032C,YPL058C,0,0.21078318,0.09884792566299438,0.42899999022483826,0.3910999894142151
YNL025C,YIL130W,0,0.2107187,0.09882515668869019,0.42899999022483826,0.3912000060081482
YLR333C,YBR180W,0,0.21062982,0.09880239516496658,0.42899999022483826,0.3912999927997589
YDR471W,YHR193C,0,0.21057554,0.09877964854240417,0.42899999022483826,0.391400009393692
YBR198C,YKL028W,1,0.21056348,0.09898710995912552,0.4300000071525574,0.391400009393692
YML120C,YGL018C,0,0.21051729,0.09896432608366013,0.4300000071525574,0.39149999618530273
YIL013C,YBR086C,0,0.21043442,0.09894155710935593,0.4300000071525574,0.39160001277923584
YIL064W,YDR213W,0,0.21042754,0.09891879558563232,0.4300000071525574,0.39169999957084656
YCR045C,YJL162C,0,0.21040674,0.09889604151248932,0.4300000071525574,0.3917999863624573
YLR215C,YLR460C,0,0.21027185,0.09887330234050751,0.4300000071525574,0.3919000029563904
YDR246W,YKR095W,0,0.21024553,0.09885057806968689,0.4300000071525574,0.3919999897480011
YDR516C,YLR363C,0,0.21023335,0.09882785379886627,0.4300000071525574,0.3921000063419342
YLR223C,YGL231C,0,0.21010512,0.09880514442920685,0.4300000071525574,0.3921999931335449
YJL057C,YMR040W,0,0.21008587,0.09878244996070862,0.4300000071525574,0.392300009727478
YGR005C,YKL058W,1,0.21003066,0.09898943454027176,0.4309999942779541,0.392300009727478
YPL140C,YHR033W,0,0.20999424,0.09896670281887054,0.4309999942779541,0.39239999651908875
YFR024C-A,YIL043C,0,0.20990309,0.09894398599863052,0.4309999942779541,0.39250001311302185
YDR148C,YGR099W,0,0.2099021,0.0989212766289711,0.4309999942779541,0.39259999990463257
YPR105C,YBR028C,0,0.20968975,0.09889857470989227,0.4309999942779541,0.3926999866962433
YOL121C,YGR260W,0,0.20963284,0.09887588769197464,0.4309999942779541,0.3928000032901764
YOR117W,YGR057C,0,0.20949371,0.0988532081246376,0.4309999942779541,0.3928999900817871
YAR042W,YBR049C,0,0.20948537,0.09883054345846176,0.4309999942779541,0.3930000066757202
YPL126W,YNR055C,0,0.20943204,0.09880788624286652,0.4309999942779541,0.39309999346733093
YDR246W,YBL047C,0,0.20941448,0.09878523647785187,0.4309999942779541,0.39320001006126404
YHR154W,YDL018C,0,0.20938174,0.09876260161399841,0.4309999942779541,0.39329999685287476
YHR142W,YPL179W,0,0.20935073,0.09873997420072556,0.4309999942779541,0.39340001344680786
YFR047C,YKL197C,0,0.20922007,0.09871736168861389,0.4309999942779541,0.3935000002384186
YNL181W,YOR078W,0,0.2091889,0.09869475662708282,0.4309999942779541,0.3935999870300293
YKL063C,YPR133C,0,0.20913903,0.09867215901613235,0.4309999942779541,0.3937000036239624
YDL235C,YOR081C,0,0.20912723,0.09864957630634308,0.4309999942779541,0.3937999904155731
YGR057C,YEL006W,0,0.20906812,0.0986270010471344,0.4309999942779541,0.3939000070095062
YNL164C,YNL180C,0,0.20905848,0.09860444068908691,0.4309999942779541,0.39399999380111694
YPL138C,YHL017W,0,0.2090189,0.09858188778162003,0.4309999942779541,0.39410001039505005
YJL183W,YPL146C,0,0.2090018,0.09855934232473373,0.4309999942779541,0.39419999718666077
YPL138C,YGR122W,0,0.20879136,0.09853681176900864,0.4309999942779541,0.39430001378059387
YIL022W,YHR033W,0,0.20865443,0.09851428866386414,0.4309999942779541,0.3944000005722046
YDR463W,YHR111W,0,0.20864771,0.09849177300930023,0.4309999942779541,0.3944999873638153
YKR077W,YPR007C,0,0.20863192,0.09846927225589752,0.4309999942779541,0.3946000039577484
YDR092W,YBL038W,0,0.20856905,0.09844677895307541,0.4309999942779541,0.39469999074935913
YJL045W,YFR025C,0,0.20855878,0.09842430055141449,0.4309999942779541,0.39480000734329224
YMR050C,YNL156C,0,0.20850135,0.09840182960033417,0.4309999942779541,0.39489999413490295
YKL026C,YBL072C,0,0.20847076,0.09837936609983444,0.4309999942779541,0.39500001072883606
YJR027W,YLL014W,0,0.20843485,0.09835691750049591,0.4309999942779541,0.3950999975204468
YDR075W,YNL066W,0,0.20837668,0.09833447635173798,0.4309999942779541,0.3952000141143799
YBR005W,YPL156C,0,0.20837088,0.09831204265356064,0.4309999942779541,0.3953000009059906
YJR048W,YOR357C,0,0.20837016,0.0982896238565445,0.4309999942779541,0.3953999876976013
YMR009W,YFR040W,0,0.20835675,0.09826721251010895,0.4309999942779541,0.3955000042915344
YMR286W,YGL070C,0,0.20821488,0.0982448160648346,0.4309999942779541,0.39559999108314514
YDL106C,YCR018C,0,0.20808373,0.09822242707014084,0.4309999942779541,0.39570000767707825
YOR087W,YER063W,0,0.20806772,0.09820004552602768,0.4309999942779541,0.39579999446868896
YGR046W,YKL129C,0,0.20799766,0.09817767888307571,0.4309999942779541,0.39590001106262207
YDL135C,YDL106C,0,0.2079848,0.09815531969070435,0.4309999942779541,0.3959999978542328
YIL030C,YBL014C,0,0.20798056,0.09813296794891357,0.4309999942779541,0.3961000144481659
YJL013C,YLR259C,0,0.2078624,0.098110631108284,0.4309999942779541,0.3962000012397766
YLR001C,YGL105W,0,0.20781203,0.09808830171823502,0.4309999942779541,0.39629998803138733
YLR442C,YGL006W,0,0.20773552,0.09806598722934723,0.4309999942779541,0.39640000462532043
YCL051W,YJL197W,0,0.20766391,0.09804367274045944,0.4309999942779541,0.39649999141693115
YOR068C,YBR089C-A,0,0.20763534,0.09802138060331345,0.4309999942779541,0.39660000801086426
YML059C,YNL133C,0,0.20751591,0.09799908846616745,0.4309999942779541,0.396699994802475
YNL020C,YDR257C,0,0.20750776,0.09797681123018265,0.4309999942779541,0.3968000113964081
YHR037W,YMR313C,0,0.20749517,0.09795454889535904,0.4309999942779541,0.3968999981880188
YNR059W,YLR150W,0,0.2074346,0.09793228656053543,0.4309999942779541,0.3970000147819519
YDR244W,YHR014W,0,0.20740545,0.09791003912687302,0.4309999942779541,0.3971000015735626
YDR412W,YDR273W,0,0.20737477,0.0978878065943718,0.4309999942779541,0.39719998836517334
YPR199C,YPL010W,0,0.20732942,0.09786557406187057,0.4309999942779541,0.39730000495910645
YPR114W,YPR086W,0,0.20726822,0.09784335643053055,0.4309999942779541,0.39739999175071716
YGL207W,YKL028W,1,0.20720734,0.09804811328649521,0.4320000112056732,0.39739999175071716
YGL126W,YBR049C,0,0.20715277,0.0980258658528328,0.4320000112056732,0.39750000834465027
YDR009W,YGR017W,0,0.20708936,0.09800363332033157,0.4320000112056732,0.397599995136261
YHL028W,YER032W,0,0.20706728,0.09798140078783035,0.4320000112056732,0.3977000117301941
YDR145W,YLR005W,1,0.20706238,0.0981859415769577,0.43299999833106995,0.3977000117301941
YDR439W,YIR031C,0,0.20705576,0.0981636792421341,0.43299999833106995,0.3977999985218048
YGL104C,YOL078W,0,0.20694788,0.09814143180847168,0.43299999833106995,0.3978999853134155
YHR099W,YDR362C,1,0.20693858,0.0983457937836647,0.4339999854564667,0.3978999853134155
YNL199C,YLR466W,0,0.20686592,0.0983235165476799,0.4339999854564667,0.39800000190734863
YER100W,YOR119C,0,0.20667744,0.0983012467622757,0.4339999854564667,0.39809998869895935
YHR033W,YMR002W,0,0.2065214,0.09827898442745209,0.4339999854564667,0.39820000529289246
YML023C,YJR120W,0,0.20651345,0.09825673699378967,0.4339999854564667,0.3982999920845032
YOR086C,YCL067C,0,0.2063894,0.09823449701070786,0.4339999854564667,0.3984000086784363
YGR170W,YDL243C,0,0.20630547,0.09821226447820663,0.4339999854564667,0.398499995470047
YER007C-A,YLR263W,0,0.20626025,0.09819004684686661,0.4339999854564667,0.3986000120639801
YOL009C,YIL087C,0,0.20621271,0.09816783666610718,0.4339999854564667,0.3986999988555908
YPL193W,YNL161W,0,0.20612104,0.09814563393592834,0.4339999854564667,0.39879998564720154
YCL029C,YDR500C,0,0.20611966,0.0981234461069107,0.4339999854564667,0.39890000224113464
YNL164C,YIR026C,0,0.20611595,0.09810126572847366,0.4339999854564667,0.39899998903274536
YGR274C,YGR186W,1,0.20611252,0.09830508381128311,0.4350000023841858,0.39899998903274536
YOR316C,YOR372C,0,0.20609662,0.09828287363052368,0.4350000023841858,0.39910000562667847
YPL036W,YGL018C,0,0.20600267,0.09826067090034485,0.4350000023841858,0.3991999924182892
YNL031C,YKL081W,0,0.2059686,0.09823848307132721,0.4350000023841858,0.3993000090122223
YLR006C,YPL021W,0,0.20589463,0.09821630269289017,0.4350000023841858,0.399399995803833
YHR106W,YIL062C,0,0.20589103,0.09819412976503372,0.4350000023841858,0.3995000123977661
YIL037C,YDR528W,0,0.20588966,0.09817197173833847,0.4350000023841858,0.39959999918937683
YPR148C,YDL031W,0,0.20583247,0.09814982116222382,0.4350000023841858,0.39969998598098755
YDL098C,YGL240W,0,0.20579097,0.09812767803668976,0.4350000023841858,0.39980000257492065
YLR220W,YDR273W,0,0.20577845,0.0981055498123169,0.4350000023841858,0.39989998936653137
YOR316C,YGL096W,0,0.20574231,0.09808342903852463,0.4350000023841858,0.4000000059604645
YER100W,YKL063C,0,0.20570894,0.09806131571531296,0.4350000023841858,0.4000999927520752
YDR441C,YER033C,0,0.20558222,0.09803921729326248,0.4350000023841858,0.4002000093460083
YPR025C,YER148W,1,0.20556007,0.09824245423078537,0.4359999895095825,0.4002000093460083
YPL011C,YKL058W,1,0.205552,0.0984455943107605,0.43700000643730164,0.4002000093460083
YFR016C,YHR111W,0,0.2055323,0.09842342138290405,0.43700000643730164,0.400299996137619
YPL105C,YHR197W,0,0.20543921,0.0984012633562088,0.43700000643730164,0.4004000127315521
YMR015C,YGR253C,0,0.20539314,0.09837910532951355,0.43700000643730164,0.40049999952316284
YLR239C,YGL194C,0,0.20538598,0.09835696965456009,0.43700000643730164,0.40059998631477356
YNL020C,YCR024C,0,0.20530365,0.09833483397960663,0.43700000643730164,0.40070000290870667
YDR513W,YDR023W,0,0.20528841,0.09831271320581436,0.43700000643730164,0.4007999897003174
YNL183C,YGL005C,0,0.2052776,0.09829059988260269,0.43700000643730164,0.4009000062942505
YPL239W,YHL050C,0,0.20523834,0.09826849400997162,0.43700000643730164,0.4009999930858612
YER093C,YPR046W,0,0.2052304,0.09824640303850174,0.43700000643730164,0.4011000096797943
YPR010C,YGR040W,0,0.20521803,0.09822431951761246,0.43700000643730164,0.40119999647140503
YDR160W,YPL183C,0,0.20521502,0.09820225089788437,0.43700000643730164,0.40130001306533813
YOR319W,YOR330C,0,0.20515281,0.09818018227815628,0.43700000643730164,0.40139999985694885
YLR167W,YGR260W,0,0.20513974,0.09815812855958939,0.43700000643730164,0.40149998664855957
YPL116W,YMR322C,0,0.20513228,0.09813608974218369,0.43700000643730164,0.4016000032424927
YHR103W,YCL067C,0,0.20501985,0.09811405837535858,0.43700000643730164,0.4016999900341034
YJL054W,YJR120W,0,0.20501122,0.09809203445911407,0.43700000643730164,0.4018000066280365
YOL023W,YNL024C,0,0.20499904,0.09807001799345016,0.43700000643730164,0.4018999934196472
YMR175W,YOR258W,0,0.20497975,0.09804801642894745,0.43700000643730164,0.4020000100135803
YIR019C,YNL287W,0,0.20496048,0.09802602231502533,0.43700000643730164,0.40209999680519104
YGL207W,YML098W,1,0.20491628,0.09822830557823181,0.43799999356269836,0.40209999680519104
YOL020W,YLR017W,0,0.20487243,0.0982062816619873,0.43799999356269836,0.40220001339912415
YHL028W,YDR019C,0,0.20482096,0.0981842651963234,0.43799999356269836,0.40230000019073486
YIL022W,YNR038W,0,0.20480125,0.09816225618124008,0.43799999356269836,0.4023999869823456
YIL143C,YPL129W,1,0.20472644,0.09836433082818985,0.4390000104904175,0.4023999869823456
YML011C,YBR049C,0,0.20470332,0.09834229201078415,0.4390000104904175,0.4025000035762787
YEL048C,YOR078W,0,0.20450185,0.09832026809453964,0.4390000104904175,0.4025999903678894
YOL122C,YPL058C,0,0.2044973,0.09829825162887573,0.4390000104904175,0.4027000069618225
YGL045W,YGL195W,0,0.20447019,0.09827625006437302,0.4390000104904175,0.4027999937534332
YDR434W,YER102W,0,0.2044328,0.0982542559504509,0.4390000104904175,0.40290001034736633
YAR033W,YPR100W,0,0.20438524,0.09823226928710938,0.4390000104904175,0.40299999713897705
YGR205W,YLR200W,0,0.20432171,0.09821029007434845,0.4390000104904175,0.40310001373291016
YLR131C,YOL023W,0,0.20429781,0.09818832576274872,0.4390000104904175,0.4032000005245209
YKL141W,YLR190W,0,0.20418991,0.09816636890172958,0.4390000104904175,0.4032999873161316
YJR073C,YPL209C,0,0.20413233,0.09814441949129105,0.4390000104904175,0.4034000039100647
YGR099W,YBR180W,0,0.20408617,0.0981224849820137,0.4390000104904175,0.4034999907016754
YER142C,YLR417W,0,0.20400885,0.09810055792331696,0.4390000104904175,0.4036000072956085
YIL013C,YPL001W,0,0.20393464,0.0980786383152008,0.4390000104904175,0.40369999408721924
YDR469W,YHR133C,0,0.20389734,0.09805673360824585,0.4390000104904175,0.40380001068115234
YDR098C,YPL061W,0,0.20389533,0.09803483635187149,0.4390000104904175,0.40389999747276306
YGR055W,YBR180W,0,0.20389138,0.09801294654607773,0.4390000104904175,0.40400001406669617
YDL247W,YPR097W,0,0.20380045,0.09799107164144516,0.4390000104904175,0.4041000008583069
YMR227C,YPL177C,1,0.20369782,0.09819237142801285,0.4399999976158142,0.4041000008583069
YGL063W,YDR308C,0,0.20367138,0.0981704592704773,0.4399999976158142,0.4041999876499176
YGR046W,YER093C,0,0.20366858,0.09814856201410294,0.4399999976158142,0.4043000042438507
YER143W,YPR097W,0,0.20364688,0.09812667220830917,0.4399999976158142,0.4043999910354614
YPL082C,YER045C,1,0.20353854,0.09832775592803955,0.4410000145435333,0.4043999910354614
YGL166W,YGR186W,1,0.2034827,0.09852875769138336,0.44200000166893005,0.4043999910354614
YDR317W,YBR193C,0,0.2034484,0.09850680083036423,0.44200000166893005,0.40450000762939453
YKR027W,YMR158W,0,0.20342647,0.09848485141992569,0.44200000166893005,0.40459999442100525
YJL011C,YIL036W,1,0.20333795,0.09868567436933517,0.4429999887943268,0.40459999442100525
YCR045C,YDR213W,0,0.20329161,0.09866369515657425,0.4429999887943268,0.40470001101493835
YJR117W,YJL001W,0,0.20319788,0.09864173084497452,0.4429999887943268,0.4047999978065491
YOR320C,YMR153W,0,0.2031693,0.09861976653337479,0.4429999887943268,0.4049000144004822
YPR188C,YOR081C,0,0.20314205,0.09859781712293625,0.4429999887943268,0.4050000011920929
YOR320C,YIL062C,0,0.2030344,0.0985758826136589,0.4429999887943268,0.4050999879837036
YBR114W,YIL130W,0,0.20301443,0.09855394810438156,0.4429999887943268,0.4052000045776367
YHR165C,YCR021C,0,0.20301305,0.09853202849626541,0.4429999887943268,0.40529999136924744
YEL001C,YGR003W,0,0.20297375,0.09851011633872986,0.4429999887943268,0.40540000796318054
YDL018C,YKL079W,0,0.2029654,0.0984882190823555,0.4429999887943268,0.40549999475479126
YGR266W,YPL013C,0,0.20281158,0.09846632927656174,0.4429999887943268,0.40560001134872437
YGL207W,YBR123C,1,0.20266731,0.09866666793823242,0.4440000057220459,0.40560001134872437
YIL147C,YDR350C,0,0.20260006,0.09864474833011627,0.4440000057220459,0.4056999981403351
YOR117W,YHR158C,0,0.20256795,0.09862283617258072,0.4440000057220459,0.4058000147342682
YNL133C,YCR035C,0,0.20248786,0.09860093146562576,0.4440000057220459,0.4059000015258789
YHR205W,YPL225W,0,0.20238933,0.098579041659832,0.4440000057220459,0.4059999883174896
YDR235W,YDR545W,0,0.20236985,0.09855715930461884,0.4440000057220459,0.40610000491142273
YDR273W,YCL035C,0,0.2023254,0.09853528439998627,0.4440000057220459,0.40619999170303345
YHR165C,YGL053W,0,0.20230225,0.09851342439651489,0.4440000057220459,0.40630000829696655
YOR334W,YAL030W,0,0.20230055,0.09849157184362411,0.4440000057220459,0.40639999508857727
YHR146W,YGL226W,0,0.20219511,0.09846972674131393,0.4440000057220459,0.4065000116825104
YOR049C,YCL044C,0,0.20217101,0.09844789654016495,0.4440000057220459,0.4065999984741211
YGR235C,YMR040W,0,0.2021125,0.09842606633901596,0.4440000057220459,0.4066999852657318
YDR362C,YKL058W,1,0.20197584,0.09862588346004486,0.4449999928474426,0.4066999852657318
YBR091C,YGL085W,0,0.20197204,0.09860403090715408,0.4449999928474426,0.4068000018596649
YJL045W,YHR201C,0,0.20193473,0.0985821858048439,0.4449999928474426,0.40689998865127563
YLR258W,YPR007C,0,0.20186381,0.09856035560369492,0.4449999928474426,0.40700000524520874
YCR107W,YLR382C,0,0.20185944,0.09853853285312653,0.4449999928474426,0.40709999203681946
YDL106C,YBR089C-A,0,0.20184307,0.09851671755313873,0.4449999928474426,0.40720000863075256
YDR463W,YOL051W,0,0.20183603,0.09849490970373154,0.4449999928474426,0.4072999954223633
YPL043W,YPR155C,0,0.20183285,0.09847311675548553,0.4449999928474426,0.4074000120162964
YKR088C,YDR284C,0,0.2018321,0.09845132380723953,0.4449999928474426,0.4074999988079071
YNL222W,YGL112C,1,0.20182826,0.0986507385969162,0.44600000977516174,0.4074999988079071
YDR007W,YDR328C,0,0.20174263,0.0986289232969284,0.44600000977516174,0.4075999855995178
YGR204W,YDR092W,0,0.20173354,0.09860711544752121,0.44600000977516174,0.4077000021934509
YGL025C,YPL043W,0,0.20172523,0.09858532249927521,0.44600000977516174,0.40779998898506165
YAR042W,YGL096W,0,0.20156685,0.0985635370016098,0.44600000977516174,0.40790000557899475
YOR087W,YKL081W,0,0.20153542,0.098541758954525,0.44600000977516174,0.40799999237060547
YJL013C,YNL023C,0,0.20148017,0.09851998835802078,0.44600000977516174,0.4081000089645386
YPL138C,YIL144W,0,0.20142674,0.09849823266267776,0.44600000977516174,0.4081999957561493
YPR110C,YGL115W,0,0.20141944,0.09847648441791534,0.44600000977516174,0.4083000123500824
YML107C,YCL039W,0,0.20133054,0.09845474362373352,0.44600000977516174,0.4083999991416931
YIL119C,YBL008W,0,0.20130415,0.09843301773071289,0.44600000977516174,0.40849998593330383
YOL078W,YHR150W,0,0.20130268,0.09841129928827286,0.44600000977516174,0.40860000252723694
YDR080W,YDR105C,0,0.20122896,0.09838958829641342,0.44600000977516174,0.40869998931884766
YML133C,YGL053W,0,0.20120855,0.09836788475513458,0.44600000977516174,0.40880000591278076
YHR037W,YDR257C,0,0.20109278,0.09834619611501694,0.44600000977516174,0.4088999927043915
YPL130W,YNL278W,0,0.20101334,0.09832451492547989,0.44600000977516174,0.4090000092983246
YCR021C,YNL161W,0,0.20089623,0.09830284118652344,0.44600000977516174,0.4090999960899353
YIL106W,YJR131W,0,0.20075373,0.09828118234872818,0.44600000977516174,0.4092000126838684
YER041W,YOR273C,0,0.20074369,0.09825953096151352,0.44600000977516174,0.4092999994754791
YPR161C,YOR372C,0,0.20072244,0.09823788702487946,0.44600000977516174,0.40939998626708984
YDR091C,YKR027W,0,0.20068087,0.09821625053882599,0.44600000977516174,0.40950000286102295
YBL056W,YJR035W,0,0.200628,0.09819462895393372,0.44600000977516174,0.40959998965263367
YHR148W,YDR005C,0,0.20052575,0.09817301481962204,0.44600000977516174,0.4097000062465668
YDL087C,YPL010W,0,0.20044133,0.09815140813589096,0.44600000977516174,0.4097999930381775
YNL181W,YNL130C,0,0.20041232,0.09812981635332108,0.44600000977516174,0.4099000096321106
YJL054W,YNL183C,0,0.20034885,0.09810822457075119,0.44600000977516174,0.4099999964237213
YHR122W,YKL079W,0,0.20028321,0.0980866476893425,0.44600000977516174,0.4101000130176544
YIL148W,YJL168C,0,0.20026986,0.098065085709095,0.44600000977516174,0.41019999980926514
YDL098C,YOR341W,0,0.2002299,0.0980435237288475,0.44600000977516174,0.41029998660087585
YJL058C,YJL083W,0,0.20022447,0.0980219766497612,0.44600000977516174,0.41040000319480896
YBL038W,YIL130W,0,0.20016381,0.0980004370212555,0.44600000977516174,0.4104999899864197
YNL059C,YBR065C,0,0.20012261,0.09797891229391098,0.44600000977516174,0.4106000065803528
YDL098C,YHL028W,0,0.20008127,0.09795738756656647,0.44600000977516174,0.4106999933719635
YIL014W,YLR299W,0,0.20005888,0.09793587774038315,0.44600000977516174,0.4108000099658966
YDR362C,YML015C,1,0.20004854,0.09813392162322998,0.44699999690055847,0.4108000099658966
YBR029C,YGL053W,0,0.2000466,0.09811238199472427,0.44699999690055847,0.4108999967575073
YKL185W,YLR181C,0,0.19998671,0.09809084981679916,0.44699999690055847,0.41100001335144043
YJL162C,YCR106W,0,0.19997208,0.09806932508945465,0.44699999690055847,0.41110000014305115
YGR296W,YDL223C,0,0.19996826,0.09804781526327133,0.44699999690055847,0.41119998693466187
YOR252W,YML098W,0,0.1998936,0.09802631288766861,0.44699999690055847,0.41130000352859497
YGL231C,YBR028C,0,0.19987881,0.09800482541322708,0.44699999690055847,0.4113999903202057
YHR146W,YJL196C,0,0.1998582,0.09798333793878555,0.44699999690055847,0.4115000069141388
YMR243C,YDR301W,0,0.19979884,0.09796186536550522,0.44699999690055847,0.4115999937057495
YHR204W,YPL105C,0,0.19977926,0.09794040024280548,0.44699999690055847,0.4117000102996826
YPR161C,YBR003W,0,0.19973688,0.09791895002126694,0.44699999690055847,0.41179999709129333
YLL031C,YPL189W,0,0.19960833,0.0978974997997284,0.44699999690055847,0.41190001368522644
YLR411W,YNL156C,0,0.19960363,0.09787606447935104,0.44699999690055847,0.41200000047683716
YOR081C,YGL005C,0,0.19951491,0.09785464406013489,0.44699999690055847,0.4120999872684479
YJL078C,YPL183C,0,0.19937748,0.09783322364091873,0.44699999690055847,0.412200003862381
YBL103C,YPL177C,1,0.19935067,0.09803063422441483,0.4480000138282776,0.412200003862381
YIL038C,YOR001W,0,0.19931501,0.09800919145345688,0.4480000138282776,0.4122999906539917
YIL056W,YKL039W,0,0.19931372,0.09798774868249893,0.4480000138282776,0.4124000072479248
YNL318C,YJR118C,0,0.19929625,0.09796632081270218,0.4480000138282776,0.4124999940395355
YML013W,YLR023C,0,0.19929232,0.09794490784406662,0.4480000138282776,0.41260001063346863
YML127W,YKL196C,0,0.19928782,0.09792349487543106,0.4480000138282776,0.41269999742507935
YKR007W,YCR106W,0,0.19902267,0.0979020968079567,0.4480000138282776,0.41280001401901245
YMR192W,YGR224W,0,0.19899558,0.09788070619106293,0.4480000138282776,0.41290000081062317
YNL190W,YPL198W,0,0.19895989,0.09785933047533035,0.4480000138282776,0.4129999876022339
YOR207C,YMR048W,0,0.19895941,0.09783795475959778,0.4480000138282776,0.413100004196167
YGL196W,YER044C-A,0,0.1988707,0.0978165939450264,0.4480000138282776,0.4131999909877777
YEL005C,YDR471W,0,0.19885038,0.09779524058103561,0.4480000138282776,0.4133000075817108
YNL025C,YDR463W,0,0.19853662,0.09777389466762543,0.4480000138282776,0.41339999437332153
YDR268W,YHL035C,0,0.1984898,0.09775256365537643,0.4480000138282776,0.41350001096725464
YBR005W,YIL011W,0,0.19845472,0.09773124009370804,0.4480000138282776,0.41359999775886536
YNL328C,YGR024C,0,0.19845189,0.09770992398262024,0.4480000138282776,0.41370001435279846
YBR114W,YPR105C,0,0.19840764,0.09768861532211304,0.4480000138282776,0.4138000011444092
YLR058C,YCL001W,0,0.19835217,0.09766732156276703,0.4480000138282776,0.4138999879360199
YER033C,YMR275C,0,0.19834924,0.09764603525400162,0.4480000138282776,0.414000004529953
YPR105C,YEL044W,0,0.19827308,0.0976247563958168,0.4480000138282776,0.4140999913215637
YOL067C,YGR274C,1,0.1982343,0.09782134741544724,0.4490000009536743,0.4140999913215637
YJL096W,YBR146W,0,0.19822748,0.09780004620552063,0.4490000009536743,0.4142000079154968
YFL025C,YCR065W,0,0.19821648,0.09777874499559402,0.4490000009536743,0.41429999470710754
YDR009W,YBR162C,0,0.19820328,0.09775745868682861,0.4490000009536743,0.41440001130104065
YKL033W,YLL014W,0,0.19819388,0.0977361798286438,0.4490000009536743,0.41449999809265137
YPL209C,YGR082W,0,0.19818097,0.09771490842103958,0.4490000009536743,0.4146000146865845
YMR207C,YNR071C,0,0.19814663,0.09769364446401596,0.4490000009536743,0.4147000014781952
YDR007W,YCR044C,0,0.1979806,0.09767239540815353,0.4490000009536743,0.4147999882698059
YDR311W,YKL144C,1,0.19793408,0.09786863625049591,0.44999998807907104,0.4147999882698059
YBR109C,YNR033W,0,0.19787084,0.0978473573923111,0.44999998807907104,0.414900004863739
YPR007C,YPL049C,0,0.19786265,0.09782608598470688,0.44999998807907104,0.41499999165534973
YMR195W,YGL219C,0,0.19784105,0.09780482202768326,0.44999998807907104,0.41510000824928284
YFR027W,YKL052C,0,0.19774409,0.09778357297182083,0.44999998807907104,0.41519999504089355
YLR052W,YNL029C,0,0.197735,0.097762331366539,0.44999998807907104,0.41530001163482666
YJL173C,YBR121C,0,0.19763312,0.09774109721183777,0.44999998807907104,0.4153999984264374
YKL196C,YBL047C,0,0.19761367,0.09771987050771713,0.44999998807907104,0.4154999852180481
YOR267C,YML096W,0,0.19760631,0.0976986512541771,0.44999998807907104,0.4156000018119812
YLR324W,YIL008W,0,0.19760613,0.09767744690179825,0.44999998807907104,0.4156999886035919
YDL100C,YEL006W,0,0.19755016,0.09765625,0.44999998807907104,0.415800005197525
YLL014W,YER167W,0,0.19754261,0.09763506054878235,0.44999998807907104,0.41589999198913574
YMR262W,YPR155C,0,0.19752435,0.09761388599872589,0.44999998807907104,0.41600000858306885
YML092C,YPL040C,0,0.19751287,0.09759271144866943,0.44999998807907104,0.41609999537467957
YDR345C,YDR464W,0,0.19734679,0.09757155179977417,0.44999998807907104,0.41620001196861267
YPR010C,YOL059W,0,0.19731499,0.0975503996014595,0.44999998807907104,0.4162999987602234
YBR198C,YGL207W,1,0.19729719,0.09774599224328995,0.45100000500679016,0.4162999987602234
YPL021W,YHR080C,0,0.19711594,0.0977248102426529,0.45100000500679016,0.4163999855518341
YIL052C,YGL129C,0,0.19708592,0.09770364314317703,0.45100000500679016,0.4165000021457672
YBL063W,YGR094W,0,0.19708227,0.09768247604370117,0.45100000500679016,0.41659998893737793
YJR150C,YNL164C,0,0.197031,0.0976613238453865,0.45100000500679016,0.41670000553131104
YBR169C,YLR060W,0,0.19691232,0.09764017909765244,0.45100000500679016,0.41679999232292175
YMR220W,YGR142W,0,0.19689141,0.09761904925107956,0.45100000500679016,0.41690000891685486
YKL060C,YPL049C,0,0.1968411,0.09759791940450668,0.45100000500679016,0.4169999957084656
YLR131C,YLR054C,0,0.19683525,0.097576804459095,0.45100000500679016,0.4171000123023987
YDR398W,YLR200W,0,0.19677459,0.09755569696426392,0.45100000500679016,0.4171999990940094
YCR091W,YNL294C,0,0.19677027,0.09753460437059402,0.45100000500679016,0.4172999858856201
YLR102C,YGL171W,0,0.19676654,0.09751351177692413,0.45100000500679016,0.4174000024795532
YOR267C,YER015W,0,0.19674517,0.09749243408441544,0.45100000500679016,0.41749998927116394
YCL044C,YBR034C,0,0.19673002,0.09747136384248734,0.45100000500679016,0.41760000586509705
YHR073W,YML102W,0,0.1966805,0.09745030105113983,0.45100000500679016,0.41769999265670776
YKL033W,YBR212W,0,0.19663729,0.09742925316095352,0.45100000500679016,0.41780000925064087
YJL059W,YMR074C,0,0.19662957,0.09740820527076721,0.45100000500679016,0.4178999960422516
YNL094W,YPL097W,0,0.19653231,0.0973871722817421,0.45100000500679016,0.4180000126361847
YGL189C,YJR096W,0,0.19643293,0.09736614674329758,0.45100000500679016,0.4180999994277954
YHR169W,YOR101W,0,0.1963413,0.09734513610601425,0.45100000500679016,0.41819998621940613
YGL104C,YPL248C,0,0.19628383,0.09732412546873093,0.45100000500679016,0.41830000281333923
YPR095C,YHR113W,0,0.19613348,0.0973031297326088,0.45100000500679016,0.41839998960494995
YMR076C,YGR044C,0,0.1961105,0.09728214144706726,0.45100000500679016,0.41850000619888306
YOR193W,YOR383C,0,0.1958006,0.09726116061210632,0.45100000500679016,0.4185999929904938
YDR343C,YKR049C,0,0.19577615,0.09724018722772598,0.45100000500679016,0.4187000095844269
YDR377W,YGR165W,0,0.195706,0.09721922874450684,0.45100000500679016,0.4187999963760376
YLL057C,YJL001W,0,0.19566394,0.09719827771186829,0.45100000500679016,0.4189000129699707
YGL043W,YPR086W,1,0.19558512,0.09739280492067337,0.4519999921321869,0.4189000129699707
YPL129W,YDR460W,1,0.19555049,0.09758725017309189,0.453000009059906,0.4189000129699707
YDR441C,YER159C,0,0.19554153,0.09756623208522797,0.453000009059906,0.4189999997615814
YGL189C,YIL037C,0,0.19544871,0.09754522144794464,0.453000009059906,0.41909998655319214
YNL048W,YPL021W,0,0.19542329,0.09752421826124191,0.453000009059906,0.41920000314712524
YJL110C,YPR055W,0,0.19540276,0.09750322997570038,0.453000009059906,0.41929998993873596
YOR267C,YDR021W,0,0.19537227,0.09748224914073944,0.453000009059906,0.41940000653266907
YBR248C,YER038C,0,0.19534896,0.0974612757563591,0.453000009059906,0.4194999933242798
YLR223C,YJL089W,0,0.19529745,0.09744030982255936,0.453000009059906,0.4196000099182129
YBR169C,YGL151W,0,0.19526087,0.09741935133934021,0.453000009059906,0.4196999967098236
YOR320C,YHR005C,0,0.19524541,0.09739840775728226,0.453000009059906,0.4198000133037567
YOR266W,YLL057C,0,0.19520587,0.0973774716258049,0.453000009059906,0.41990000009536743
YDR098C,YDR122W,0,0.19516341,0.09735654294490814,0.453000009059906,0.41999998688697815
YLR288C,YPR155C,0,0.19507268,0.09733562171459198,0.453000009059906,0.42010000348091125
YJL078C,YOR250C,0,0.19501051,0.09731471538543701,0.453000009059906,0.420199990272522
YKL191W,YHL035C,0,0.19498564,0.09729381650686264,0.453000009059906,0.4203000068664551
YOL069W,YGR120C,0,0.19494957,0.09727292507886887,0.453000009059906,0.4203999936580658
YAL051W,YKR099W,0,0.19492942,0.09725204110145569,0.453000009059906,0.4205000102519989
YDR212W,YJL058C,0,0.1949037,0.09723116457462311,0.453000009059906,0.4205999970436096
YIL038C,YHR114W,0,0.19488023,0.09721030294895172,0.453000009059906,0.4207000136375427
YMR101C,YOR259C,0,0.1948795,0.09718944132328033,0.453000009059906,0.42080000042915344
YCR021C,YKR083C,0,0.19480076,0.09716859459877014,0.453000009059906,0.42089998722076416
YDR004W,YKL006C-A,0,0.19480006,0.09714775532484055,0.453000009059906,0.42100000381469727
YPL001W,YPR114W,0,0.19477566,0.09712693095207214,0.453000009059906,0.421099990606308
YOR319W,YLR249W,0,0.19467421,0.09710610657930374,0.453000009059906,0.4212000072002411
YER155C,YJR108W,0,0.19465227,0.09708529710769653,0.453000009059906,0.4212999939918518
YJR120W,YGR003W,0,0.19449441,0.09706449508666992,0.453000009059906,0.4214000105857849
YNL041C,YDR040C,0,0.19446744,0.09704370051622391,0.453000009059906,0.42149999737739563
YOR117W,YKL081W,0,0.19446464,0.09702291339635849,0.453000009059906,0.42160001397132874
YDL113C,YBL025W,0,0.19440964,0.09700214117765427,0.453000009059906,0.42170000076293945
YPL043W,YOR136W,0,0.19423793,0.09698137640953064,0.453000009059906,0.42179998755455017
YER007C-A,YGR266W,0,0.19421287,0.09696061909198761,0.453000009059906,0.4219000041484833
YEL005C,YJL035C,0,0.19415715,0.09693986922502518,0.453000009059906,0.421999990940094
YLR052W,YGR283C,0,0.1941524,0.09691912680864334,0.453000009059906,0.4221000075340271
YDR328C,YHR037W,0,0.19412957,0.0968983992934227,0.453000009059906,0.4221999943256378
YLL066C,YMR118C,0,0.19409667,0.09687767177820206,0.453000009059906,0.4223000109195709
YPL171C,YHR001W-A,0,0.19394307,0.09685695916414261,0.453000009059906,0.42239999771118164
YHL015W,YGR260W,0,0.19390513,0.09683625400066376,0.453000009059906,0.42250001430511475
YDL220C,YIL154C,0,0.19388233,0.0968155562877655,0.453000009059906,0.42260000109672546
YOL089C,YKL028W,1,0.19372,0.09700854867696762,0.45399999618530273,0.42260000109672546
YLR181C,YPL021W,0,0.19371615,0.09698782116174698,0.45399999618530273,0.4226999878883362
YHR194W,YDR246W,0,0.19363584,0.09696710854768753,0.45399999618530273,0.4228000044822693
YER072W,YDR434W,0,0.19361745,0.09694640338420868,0.45399999618530273,0.42289999127388
YJL026W,YKL077W,0,0.19359343,0.09692570567131042,0.45399999618530273,0.4230000078678131
YMR195W,YBR089C-A,0,0.19358759,0.09690501540899277,0.45399999618530273,0.42309999465942383
YDR160W,YML102W,0,0.19335106,0.0968843325972557,0.45399999618530273,0.42320001125335693
YLR052W,YPL161C,0,0.19323538,0.09686366468667984,0.45399999618530273,0.42329999804496765
YGL073W,YGL087C,0,0.19323322,0.09684300422668457,0.45399999618530273,0.42340001463890076
YNL318C,YGL231C,0,0.19323266,0.0968223512172699,0.45399999618530273,0.4235000014305115
YML133C,YCR036W,0,0.19322014,0.09680170565843582,0.45399999618530273,0.4235999882221222
YJL162C,YLR413W,0,0.19313622,0.09678106755018234,0.45399999618530273,0.4237000048160553
YOL078W,YOR001W,0,0.19310732,0.09676044434309006,0.45399999618530273,0.423799991607666
YDR165W,YDR284C,0,0.19308715,0.09673982858657837,0.45399999618530273,0.4239000082015991
YKR085C,YMR072W,0,0.19305034,0.09671921283006668,0.45399999618530273,0.42399999499320984
YOL078W,YGR094W,0,0.19299811,0.09669861197471619,0.45399999618530273,0.42410001158714294
YER142C,YLL006W,0,0.19299509,0.09667802602052689,0.45399999618530273,0.42419999837875366
YDR080W,YPL178W,0,0.19294865,0.09665744006633759,0.45399999618530273,0.4242999851703644
YDR362C,YML098W,1,0.19290435,0.096849724650383,0.45500001311302185,0.4242999851703644
YBL013W,YOR068C,0,0.19286211,0.09682910889387131,0.45500001311302185,0.4244000017642975
YHR149C,YOR001W,0,0.19280954,0.09680850803852081,0.45500001311302185,0.4244999885559082
YOR110W,YKR062W,1,0.19267109,0.09700063616037369,0.4560000002384186,0.4244999885559082
YFL021W,YER028C,1,0.19261758,0.09719268232584,0.4569999873638153,0.4244999885559082
YDR323C,YLR409C,0,0.19261287,0.09717201441526413,0.4569999873638153,0.4246000051498413
YGL115W,YMR237W,0,0.19256379,0.09715136140584946,0.4569999873638153,0.424699991941452
YNL062C,YGR040W,0,0.19254063,0.09713070839643478,0.4569999873638153,0.42480000853538513
YGR254W,YGR040W,0,0.19251354,0.0971100702881813,0.4569999873638153,0.42489999532699585
YKL002W,YHR157W,0,0.19249268,0.09708943963050842,0.4569999873638153,0.42500001192092896
YKL069W,YNL164C,0,0.19242123,0.09706881642341614,0.4569999873638153,0.4250999987125397
YLR131C,YOL069W,0,0.19240654,0.09704820811748505,0.4569999873638153,0.4251999855041504
YIL014W,YDL223C,0,0.19240554,0.09702759981155396,0.4569999873638153,0.4253000020980835
YDR175C,YPL021W,0,0.19234577,0.09700700640678406,0.4569999873638153,0.4253999888896942
YPR057W,YPL145C,0,0.19223738,0.09698642045259476,0.4569999873638153,0.4255000054836273
YLR118C,YPL253C,0,0.192187,0.09696584194898605,0.4569999873638153,0.42559999227523804
YDL113C,YPR068C,0,0.19209887,0.09694527089595795,0.4569999873638153,0.42570000886917114
YPR114W,YLR220W,0,0.19205096,0.09692470729351044,0.4569999873638153,0.42579999566078186
YKL080W,YGR260W,0,0.19201358,0.09690415859222412,0.4569999873638153,0.42590001225471497
YMR274C,YNR059W,0,0.19200829,0.0968836098909378,0.4569999873638153,0.4259999990463257
YNL051W,YGL027C,0,0.19200177,0.09686307609081268,0.4569999873638153,0.4260999858379364
YOR380W,YHR037W,0,0.19199787,0.09684254974126816,0.4569999873638153,0.4262000024318695
YJR073C,YER063W,0,0.19186102,0.09682203084230423,0.4569999873638153,0.4262999892234802
YLR193C,YPR071W,0,0.19185504,0.0968015268445015,0.4569999873638153,0.42640000581741333
YMR063W,YJR048W,0,0.19182028,0.09678102284669876,0.4569999873638153,0.42649999260902405
YDL230W,YLL016W,0,0.19171692,0.09676053375005722,0.4569999873638153,0.42660000920295715
YGL070C,YNL181W,0,0.19170055,0.09674005210399628,0.4569999873638153,0.42669999599456787
YBL056W,YMR001C,0,0.19158006,0.09671957790851593,0.4569999873638153,0.426800012588501
YKL028W,YPL177C,1,0.19154595,0.09691070765256882,0.4580000042915344,0.426800012588501
YLR115W,YKL077W,0,0.19144706,0.09689020365476608,0.4580000042915344,0.4268999993801117
YER063W,YBL008W,0,0.19144394,0.09686971455812454,0.4580000042915344,0.4269999861717224
YLR417W,YBR121C,0,0.19137476,0.096849225461483,0.4580000042915344,0.4271000027656555
YKL014C,YGL078C,0,0.19134879,0.09682875126600266,0.4580000042915344,0.42719998955726624
YFR024C-A,YJL212C,0,0.19130206,0.0968082845211029,0.4580000042915344,0.42730000615119934
YOR247W,YLR313C,0,0.19129963,0.09678782522678375,0.4580000042915344,0.42739999294281006
YHR204W,YBR181C,0,0.19123808,0.0967673808336258,0.4580000042915344,0.42750000953674316
YMR236W,YIL036W,1,0.1911015,0.09695817530155182,0.45899999141693115,0.42750000953674316
YBR003W,YPR120C,0,0.19103749,0.09693770110607147,0.45899999141693115,0.4275999963283539
YAL028W,YMR205C,0,0.19098377,0.09691722691059113,0.45899999141693115,0.427700012922287
YDR438W,YBR121C,0,0.19096287,0.09689676761627197,0.45899999141693115,0.4277999997138977
YPR025C,YPR086W,1,0.19096023,0.09708737581968307,0.46000000834465027,0.4277999997138977
YDL175C,YGL053W,0,0.19087306,0.09706689417362213,0.46000000834465027,0.4278999865055084
YOR258W,YNR024W,0,0.19087233,0.09704641252756119,0.46000000834465027,0.42800000309944153
YOR172W,YLR196W,0,0.19086592,0.09702594578266144,0.46000000834465027,0.42809998989105225
YGL126W,YHL021C,0,0.19082744,0.09700548648834229,0.46000000834465027,0.42820000648498535
YER062C,YBR279W,0,0.19073664,0.09698502719402313,0.46000000834465027,0.42829999327659607
YBR268W,YKL196C,0,0.19071965,0.09696459025144577,0.46000000834465027,0.4284000098705292
YER044C-A,YLR067C,0,0.19069691,0.09694415330886841,0.46000000834465027,0.4284999966621399
YOR110W,YPR008W,1,0.19069579,0.09713442623615265,0.460999995470047,0.4284999966621399
YMR242C,YPL254W,0,0.19067167,0.0971139669418335,0.460999995470047,0.428600013256073
YJR046W,YDR168W,0,0.19059451,0.09709351509809494,0.460999995470047,0.4287000000476837
YGL196W,YBL047C,0,0.19057113,0.09707307070493698,0.460999995470047,0.42879998683929443
YKL033W,YFR034C,0,0.1905601,0.09705263376235962,0.460999995470047,0.42890000343322754
YLR059C,YDR176W,0,0.1905063,0.09703220427036285,0.460999995470047,0.42899999022483826
YCL029C,YHL031C,0,0.19050162,0.09701178222894669,0.460999995470047,0.42910000681877136
YAL001C,YER045C,1,0.19049944,0.09720176458358765,0.4620000123977661,0.42910000681877136
YBR046C,YAL051W,0,0.19046395,0.09718132019042969,0.4620000123977661,0.4291999936103821
YER007C-A,YOR320C,0,0.1904628,0.09716088324785233,0.4620000123977661,0.4293000102043152
YPL116W,YKL081W,0,0.19046156,0.09714045375585556,0.4620000123977661,0.4293999969959259
YDR028C,YKR077W,0,0.19043307,0.09712003171443939,0.4620000123977661,0.429500013589859
YDR422C,YFL005W,0,0.19038959,0.09709962457418442,0.4620000123977661,0.4296000003814697
YIL033C,YLR292C,0,0.19026785,0.09707921743392944,0.4620000123977661,0.42969998717308044
YGL116W,YBR168W,0,0.1902569,0.09705882519483566,0.4620000123977661,0.42980000376701355
YPL203W,YER155C,0,0.19025272,0.09703844040632248,0.4620000123977661,0.42989999055862427
YLR315W,YHL015W,0,0.190196,0.09701806306838989,0.4620000123977661,0.4300000071525574
YEL018W,YGR181W,0,0.19017403,0.0969976931810379,0.4620000123977661,0.4300999939441681
YOR363C,YIL014W,0,0.19009958,0.09697733074426651,0.4620000123977661,0.4302000105381012
YPL138C,YMR074C,0,0.19005807,0.09695697575807571,0.4620000123977661,0.4302999973297119
YFR024C-A,YDR407C,0,0.190024,0.09693663567304611,0.4620000123977661,0.430400013923645
YHL038C,YPL075W,0,0.18986437,0.0969163030385971,0.4620000123977661,0.43050000071525574
YOR091W,YDR188W,0,0.1897834,0.0968959704041481,0.4620000123977661,0.43059998750686646
YDR165W,YLR292C,0,0.18964265,0.09687565267086029,0.4620000123977661,0.43070000410079956
YLR185W,YGL107C,0,0.18954758,0.09685534238815308,0.4620000123977661,0.4307999908924103
YGL092W,YOR254C,0,0.18951085,0.09683504700660706,0.4620000123977661,0.4309000074863434
YCR042C,YER045C,1,0.1894516,0.09702430665493011,0.46299999952316284,0.4309000074863434
YNR032C-A,YDR200C,0,0.18944122,0.0970039814710617,0.46299999952316284,0.4309999942779541
YKL006C-A,YKL080W,0,0.18942785,0.0969836637377739,0.46299999952316284,0.4311000108718872
YOR156C,YIL154C,0,0.18931912,0.09696335345506668,0.46299999952316284,0.4311999976634979
YLR059C,YOL042W,0,0.18926525,0.09694305062294006,0.46299999952316284,0.43130001425743103
YBR069C,YBR023C,0,0.18914738,0.09692275524139404,0.46299999952316284,0.43140000104904175
YPL007C,YMR005W,1,0.18914492,0.0971117615699768,0.46399998664855957,0.43140000104904175
YGL196W,YDL124W,0,0.18912365,0.097091443836689,0.46399998664855957,0.43149998784065247
YDR362C,YGL166W,1,0.18902515,0.0972803384065628,0.4650000035762787,0.43149998784065247
YKL029C,YDR359C,0,0.18900041,0.0972599908709526,0.4650000035762787,0.43160000443458557
YKR075C,YPL161C,0,0.18899108,0.097239650785923,0.4650000035762787,0.4316999912261963
YER159C,YDL102W,0,0.18896692,0.097219318151474,0.4650000035762787,0.4318000078201294
YMR131C,YNL118C,0,0.18888037,0.09719899296760559,0.4650000035762787,0.4318999946117401
YCL051W,YJR046W,0,0.1888366,0.09717868268489838,0.4650000035762787,0.4320000112056732
YGL053W,YER081W,0,0.18877941,0.09715837985277176,0.4650000035762787,0.43209999799728394
YHR099W,YIL036W,1,0.18873884,0.09734698385000229,0.4659999907016754,0.43209999799728394
YDR303C,YPR141C,0,0.188593,0.09732665121555328,0.4659999907016754,0.43220001459121704
YFL061W,YLR360W,0,0.18851522,0.09730632603168488,0.4659999907016754,0.43230000138282776
YKR075C,YKR099W,0,0.18850528,0.09728601574897766,0.4659999907016754,0.4323999881744385
YJL011C,YGR246C,1,0.18850285,0.09747443348169327,0.46700000762939453,0.4323999881744385
YGR235C,YER041W,0,0.1884665,0.09745409339666367,0.46700000762939453,0.4325000047683716
YIL009W,YJR050W,0,0.18839271,0.09743376076221466,0.46700000762939453,0.4325999915599823
YNL250W,YJR050W,0,0.18839206,0.09741343557834625,0.46700000762939453,0.4327000081539154
YLR085C,YGR099W,0,0.18836026,0.09739311784505844,0.46700000762939453,0.4327999949455261
YOL076W,YIL068C,0,0.18831195,0.09737280756235123,0.46700000762939453,0.43290001153945923
YPL173W,YER060W,0,0.1883067,0.0973525121808052,0.46700000762939453,0.43299999833106995
YPL004C,YKL145W,0,0.18823051,0.09733222424983978,0.46700000762939453,0.43309998512268066
YCL010C,YER045C,1,0.18821348,0.09752031415700912,0.46799999475479126,0.43309998512268066
YDR100W,YNR038W,0,0.18818924,0.09749999642372131,0.46799999475479126,0.43320000171661377
YOL012C,YGL116W,0,0.18816282,0.0974796935915947,0.46799999475479126,0.4332999885082245
YBR131W,YIL167W,0,0.18809716,0.09745939075946808,0.46799999475479126,0.4334000051021576
YCL017C,YBR107C,0,0.18805577,0.09743910282850266,0.46799999475479126,0.4334999918937683
YOR091W,YNL068C,0,0.1880183,0.09741881489753723,0.46799999475479126,0.4336000084877014
YDR372C,YNL059C,0,0.18800685,0.097398541867733,0.46799999475479126,0.43369999527931213
YOR363C,YOR129C,0,0.18785481,0.09737827628850937,0.46799999475479126,0.43380001187324524
YPL129W,YPR056W,1,0.18775865,0.09756604582071304,0.4690000116825104,0.43380001187324524
YJR041C,YDL209C,0,0.1876081,0.09754575788974762,0.4690000116825104,0.43389999866485596
YPR010C,YCL039W,0,0.18753977,0.0975254699587822,0.4690000116825104,0.4339999854564667
YHR142W,YMR226C,0,0.18743753,0.09750519692897797,0.4690000116825104,0.4341000020503998
YKL150W,YDR025W,0,0.18736736,0.09748493134975433,0.4690000116825104,0.4341999888420105
YGR212W,YJR052W,0,0.18722507,0.0974646732211113,0.4690000116825104,0.4343000054359436
YOR316C,YHR114W,0,0.18722013,0.09744442254304886,0.4690000116825104,0.4343999922275543
YNL294C,YNR055C,0,0.18721567,0.09742417931556702,0.4690000116825104,0.4345000088214874
YPL168W,YCR044C,0,0.18721429,0.09740394353866577,0.4690000116825104,0.43459999561309814
YFR031C-A,YOR259C,0,0.18714689,0.09738372266292572,0.4690000116825104,0.43470001220703125
YFR034C,YOR001W,0,0.18703909,0.09736350178718567,0.4690000116825104,0.43479999899864197
YDL003W,YML081W,0,0.18701158,0.09734329581260681,0.4690000116825104,0.4348999857902527
YMR053C,YGL006W,0,0.18699999,0.09732309728860855,0.4690000116825104,0.4350000023841858
YLR239C,YKL150W,0,0.18691508,0.09730290621519089,0.4690000116825104,0.4350999891757965
YDR463W,YDR261C,0,0.18690668,0.09728272259235382,0.4690000116825104,0.4352000057697296
YNL190W,YMR313C,0,0.1868806,0.09726254642009735,0.4690000116825104,0.43529999256134033
YLR284C,YPL183C,0,0.18682276,0.09724237769842148,0.4690000116825104,0.43540000915527344
YJL057C,YKR034W,0,0.18681775,0.0972222238779068,0.4690000116825104,0.43549999594688416
YPL007C,YOR110W,1,0.18676826,0.09740932285785675,0.4699999988079071,0.43549999594688416
YMR118C,YNL216W,0,0.18676718,0.09738913923501968,0.4699999988079071,0.43560001254081726
YLR234W,YLR249W,0,0.18671662,0.09736896306276321,0.4699999988079071,0.435699999332428
YJR108W,YHR106W,0,0.18664506,0.09734880179166794,0.4699999988079071,0.4357999861240387
YOR266W,YDR105C,0,0.18658409,0.09732864052057266,0.4699999988079071,0.4359000027179718
YGR202C,YGR296W,0,0.18655182,0.09730848670005798,0.4699999988079071,0.4359999895095825
YBR109C,YGR208W,0,0.18654579,0.0972883477807045,0.4699999988079071,0.4361000061035156
YBR198C,YDR362C,1,0.18652417,0.09747516363859177,0.47099998593330383,0.4361000061035156
YOR091W,YIL064W,0,0.18651144,0.0974549949169159,0.47099998593330383,0.43619999289512634
YOR262W,YER109C,0,0.18626525,0.09743483364582062,0.47099998593330383,0.43630000948905945
YKL054C,YGR138C,0,0.18625318,0.09741468727588654,0.47099998593330383,0.43639999628067017
YGL244W,YDR311W,1,0.18625276,0.09760132431983948,0.47200000286102295,0.43639999628067017
YNL263C,YDR500C,0,0.18622486,0.09758114814758301,0.47200000286102295,0.43650001287460327
YIL056W,YGL111W,0,0.18620795,0.09756097197532654,0.47200000286102295,0.436599999666214
YIL119C,YOR372C,0,0.18618448,0.09754081070423126,0.47200000286102295,0.4366999864578247
YKL145W,YGL198W,0,0.18617609,0.09752066433429718,0.47200000286102295,0.4368000030517578
YMR215W,YKR077W,0,0.1861559,0.0975005179643631,0.47200000286102295,0.43689998984336853
YGL231C,YFR038W,0,0.18601406,0.09748037904500961,0.47200000286102295,0.43700000643730164
YIL075C,YCR036W,0,0.18601297,0.09746025502681732,0.47200000286102295,0.43709999322891235
YFL021W,YDR448W,1,0.18590169,0.0976465716958046,0.4729999899864197,0.43709999322891235
YPL049C,YDR135C,0,0.18578173,0.09762641787528992,0.4729999899864197,0.43720000982284546
YDR256C,YGL027C,0,0.18573156,0.09760627150535583,0.4729999899864197,0.4372999966144562
YMR227C,YKR062W,1,0.18571217,0.09779244661331177,0.4740000069141388,0.4372999966144562
YPR025C,YFL021W,1,0.18570888,0.09797854721546173,0.4749999940395355,0.4372999966144562
YJL011C,YPR186C,1,0.18570712,0.09816457331180573,0.47600001096725464,0.4372999966144562
YGL126W,YKL114C,0,0.18562625,0.09814433008432388,0.47600001096725464,0.4374000132083893
YAL059W,YKL079W,0,0.18560487,0.09812410175800323,0.47600001096725464,0.4375
YNL243W,YKL058W,0,0.1855679,0.09810387343168259,0.47600001096725464,0.4375999867916107
YDR422C,YCR018C,0,0.18554588,0.09808366000652313,0.47600001096725464,0.4377000033855438
YOL067C,YGR186W,1,0.1855178,0.09826947003602982,0.47699999809265137,0.4377000033855438
YGL189C,YDL243C,0,0.18551536,0.09824922680854797,0.47699999809265137,0.43779999017715454
YGL006W,YIL123W,0,0.18550244,0.09822899848222733,0.47699999809265137,0.43790000677108765
YKL045W,YPR143W,0,0.18547817,0.09820877015590668,0.47699999809265137,0.43799999356269836
YNL317W,YLR143W,0,0.18544224,0.09818855673074722,0.47699999809265137,0.43810001015663147
YIL069C,YPR086W,0,0.18541019,0.09816835075616837,0.47699999809265137,0.4381999969482422
YHR099W,YBR123C,1,0.18540457,0.09835390746593475,0.4779999852180481,0.4381999969482422
YOR018W,YGR082W,0,0.18534258,0.0983336791396141,0.4779999852180481,0.4383000135421753
YEL039C,YKR031C,0,0.185209,0.09831345081329346,0.4779999852180481,0.438400000333786
YGL244W,YPL129W,1,0.18509014,0.0984988659620285,0.4790000021457672,0.438400000333786
YNL199C,YKR096W,0,0.18505685,0.09847861528396606,0.4790000021457672,0.43849998712539673
YML098W,YJR108W,0,0.18503505,0.09845837950706482,0.4790000021457672,0.43860000371932983
YGR047C,YOL067C,1,0.18490455,0.09864365309476852,0.47999998927116394,0.43860000371932983
YBL103C,YPR086W,1,0.18486013,0.09882884472608566,0.48100000619888306,0.43860000371932983
YDR468C,YBR248C,0,0.18485966,0.09880854189395905,0.48100000619888306,0.43869999051094055
YOR034C,YBR169C,0,0.18484153,0.09878825396299362,0.48100000619888306,0.43880000710487366
YER062C,YER179W,0,0.18474479,0.0987679660320282,0.48100000619888306,0.4388999938964844
YPL130W,YNL142W,0,0.18468364,0.09874769300222397,0.48100000619888306,0.4390000104904175
YLR239C,YKR007W,0,0.18444355,0.09872741997241974,0.48100000619888306,0.4390999972820282
YGR099W,YKL006C-A,0,0.18440287,0.0987071618437767,0.48100000619888306,0.4392000138759613
YNL118C,YML047C,0,0.18438078,0.09868691116571426,0.48100000619888306,0.439300000667572
YPL075W,YER060W,0,0.18429226,0.09866666793823242,0.48100000619888306,0.43939998745918274
YER056C,YOR110W,0,0.18427326,0.09864643216133118,0.48100000619888306,0.43950000405311584
YKL029C,YLR413W,0,0.18415417,0.09862620383501053,0.48100000619888306,0.43959999084472656
YCR045C,YOL132W,0,0.18412001,0.09860598295927048,0.48100000619888306,0.43970000743865967
YCR021C,YER060W,0,0.18392308,0.09858577698469162,0.48100000619888306,0.4397999942302704
YDR204W,YOR048C,0,0.1838482,0.09856557101011276,0.48100000619888306,0.4399000108242035
YLR426W,YDL160C,0,0.1837514,0.0985453799366951,0.48100000619888306,0.4399999976158142
YLR083C,YGL092W,0,0.18368788,0.09852519631385803,0.48100000619888306,0.4401000142097473
YIL038C,YJL208C,0,0.18368106,0.09850502014160156,0.48100000619888306,0.44020000100135803
YOR253W,YHR106W,0,0.18367997,0.09848485141992569,0.48100000619888306,0.44029998779296875
YKL194C,YDR328C,0,0.18367937,0.09846469014883041,0.48100000619888306,0.44040000438690186
YOR363C,YGL096W,0,0.18359737,0.09844453632831573,0.48100000619888306,0.4404999911785126
YKR053C,YOL121C,0,0.1835077,0.09842438995838165,0.48100000619888306,0.4406000077724457
YDR399W,YDL119C,0,0.18348655,0.09840425848960876,0.48100000619888306,0.4406999945640564
YPL202C,YPR008W,1,0.18341751,0.09858866780996323,0.4819999933242798,0.4406999945640564
YGL198W,YOR113W,0,0.1833831,0.09856850653886795,0.4819999933242798,0.4408000111579895
YBR130C,YNR033W,0,0.18331562,0.09854835271835327,0.4819999933242798,0.4408999979496002
YBL063W,YDL117W,0,0.18330818,0.09852820634841919,0.4819999933242798,0.4410000145435333
YLL026W,YER179W,0,0.18328677,0.0985080748796463,0.4819999933242798,0.44110000133514404
YPR110C,YOR357C,0,0.1832432,0.09848794341087341,0.4819999933242798,0.44119998812675476
YMR261C,YDR398W,0,0.1831849,0.09846782684326172,0.4819999933242798,0.44130000472068787
YLR220W,YOR259C,0,0.18317153,0.09844771027565002,0.4819999933242798,0.4413999915122986
YDR545W,YBR254C,0,0.18310775,0.09842760860919952,0.4819999933242798,0.4415000081062317
YGL061C,YEL006W,0,0.18310551,0.09840751439332962,0.4819999933242798,0.4415999948978424
YKR078W,YOR260W,0,0.18305701,0.09838742762804031,0.4819999933242798,0.4417000114917755
YLR185W,YOR236W,0,0.18304013,0.0983673483133316,0.4819999933242798,0.44179999828338623
YGL005C,YNR030W,0,0.18303658,0.09834727644920349,0.4819999933242798,0.44190001487731934
YLR193C,YKL058W,0,0.18299831,0.09832721203565598,0.4819999933242798,0.44200000166893005
YDR516C,YDR439W,0,0.18294126,0.09830716252326965,0.4819999933242798,0.44209998846054077
YLL016W,YPL145C,0,0.18289994,0.09828711301088333,0.4819999933242798,0.4422000050544739
YPL126W,YNR019W,0,0.18289399,0.0982670709490776,0.4819999933242798,0.4422999918460846
YKL033W,YGL025C,0,0.18277144,0.09824704378843307,0.4819999933242798,0.4424000084400177
YOR252W,YNR033W,0,0.18269412,0.09822702407836914,0.4819999933242798,0.4424999952316284
YGL196W,YER033C,0,0.18264072,0.0982070118188858,0.4819999933242798,0.4426000118255615
YCL051W,YEL044W,0,0.18258406,0.09818700700998306,0.4819999933242798,0.44269999861717224
YDR384C,YKR083C,0,0.18249322,0.09816700965166092,0.4819999933242798,0.44279998540878296
YML107C,YMR002W,0,0.18226819,0.09814701974391937,0.4819999933242798,0.44290000200271606
YPL130W,YOR048C,0,0.18220216,0.09812703728675842,0.4819999933242798,0.4429999887943268
YOR267C,YHR080C,0,0.18205787,0.09810706228017807,0.4819999933242798,0.4431000053882599
YDR150W,YBR112C,0,0.1820507,0.09808709472417831,0.4819999933242798,0.4431999921798706
YDR092W,YGL087C,0,0.18204997,0.09806714206933975,0.4819999933242798,0.4433000087738037
YLR277C,YLR451W,0,0.18202735,0.09804718941450119,0.4819999933242798,0.44339999556541443
YML004C,YER023W,0,0.182027,0.09802725166082382,0.4819999933242798,0.44350001215934753
YHR185C,YDR361C,0,0.18198237,0.09800732135772705,0.4819999933242798,0.44359999895095825
YBR043C,YDL100C,0,0.18197565,0.09798739850521088,0.4819999933242798,0.44369998574256897
YLR193C,YNR055C,0,0.18184882,0.0979674831032753,0.4819999933242798,0.4438000023365021
YML076C,YCL067C,0,0.18184674,0.09794757515192032,0.4819999933242798,0.4438999891281128
YMR053C,YLR413W,0,0.18176109,0.09792767465114594,0.4819999933242798,0.4440000057220459
YPL183C,YDR080W,0,0.1817333,0.09790778160095215,0.4819999933242798,0.4440999925136566
YHR170W,YDR359C,0,0.1817072,0.09788789600133896,0.4819999933242798,0.4442000091075897
YHR205W,YIL064W,0,0.18165429,0.09786801785230637,0.4819999933242798,0.44429999589920044
YEL019C,YIL005W,0,0.18161209,0.09784815460443497,0.4819999933242798,0.44440001249313354
YIL013C,YGL085W,0,0.18136646,0.09782829135656357,0.4819999933242798,0.44449999928474426
YPR161C,YDR257C,0,0.18134151,0.09780844300985336,0.4819999933242798,0.444599986076355
YGL076C,YGR165W,0,0.18133312,0.09778859466314316,0.4819999933242798,0.4447000026702881
YJR073C,YMR072W,0,0.18127884,0.09776876121759415,0.4819999933242798,0.4447999894618988
YGL207W,YKR062W,1,0.18122996,0.0979517325758934,0.4830000102519989,0.4447999894618988
YML021C,YMR177W,0,0.18117231,0.0979318767786026,0.4830000102519989,0.4449000060558319
YOR034C,YGR244C,0,0.1811551,0.0979120209813118,0.4830000102519989,0.4449999928474426
YGL166W,YER028C,1,0.1810837,0.09809485077857971,0.48399999737739563,0.4449999928474426
YGR212W,YOR157C,0,0.18107924,0.09807497262954712,0.48399999737739563,0.44510000944137573
YLR196W,YGR296W,0,0.18106145,0.09805510193109512,0.48399999737739563,0.44519999623298645
YPL171C,YGR211W,0,0.18099718,0.09803524613380432,0.48399999737739563,0.44530001282691956
YFR031C-A,YNL278W,0,0.18093412,0.09801539033651352,0.48399999737739563,0.4453999996185303
YHR113W,YJR035W,0,0.18090735,0.09799554198980331,0.48399999737739563,0.445499986410141
YML107C,YJL180C,0,0.18088011,0.0979757085442543,0.48399999737739563,0.4456000030040741
YER033C,YDR108W,0,0.18087882,0.09795588254928589,0.48399999737739563,0.4456999897956848
YIL143C,YFL021W,1,0.1808573,0.09813840687274933,0.48500001430511475,0.4456999897956848
YJL059W,YDR005C,0,0.18083675,0.09811855107545853,0.48500001430511475,0.4458000063896179
YKL069W,YLL016W,0,0.18072222,0.09809870272874832,0.48500001430511475,0.44589999318122864
YBL051C,YPR105C,0,0.18069309,0.09807886928319931,0.48500001430511475,0.44600000977516174
YBR094W,YHR193C,0,0.1806764,0.0980590358376503,0.48500001430511475,0.44609999656677246
YHL038C,YML101C,0,0.18067506,0.09803921729326248,0.48500001430511475,0.44620001316070557
YNL051W,YPR068C,0,0.18063709,0.09801939874887466,0.48500001430511475,0.4462999999523163
YOL042W,YHR150W,0,0.18044297,0.09799959510564804,0.48500001430511475,0.446399986743927
YDR437W,YDL139C,0,0.18037845,0.09797979891300201,0.48500001430511475,0.4465000033378601
YIR004W,YFR049W,0,0.18025957,0.09796001017093658,0.48500001430511475,0.4465999901294708
YKR085C,YKL134C,0,0.18025766,0.09794022887945175,0.48500001430511475,0.44670000672340393
YCR036W,YOL135C,0,0.18016939,0.09792045503854752,0.48500001430511475,0.44679999351501465
YOR048C,YIL123W,0,0.1800855,0.09790068864822388,0.48500001430511475,0.44690001010894775
YBR119W,YER127W,0,0.18004712,0.09788092970848083,0.48500001430511475,0.44699999690055847
YDL105W,YDR516C,0,0.18003693,0.09786117821931839,0.48500001430511475,0.4471000134944916
YDR300C,YGL064C,0,0.18000604,0.09784143418073654,0.48500001430511475,0.4472000002861023
YGR266W,YJR108W,0,0.1800002,0.09782170504331589,0.48500001430511475,0.447299987077713
YIL120W,YJR108W,0,0.17993833,0.09780197590589523,0.48500001430511475,0.4474000036716461
YHR202W,YNL081C,0,0.17971727,0.09778226166963577,0.48500001430511475,0.44749999046325684
YPR143W,YBR212W,0,0.17965282,0.09776254743337631,0.48500001430511475,0.44760000705718994
YMR205C,YDL102W,0,0.17963041,0.09774284809827805,0.48500001430511475,0.44769999384880066
YPL215W,YOR271C,0,0.17960183,0.09772314876317978,0.48500001430511475,0.44780001044273376
YDR407C,YGL238W,0,0.1795321,0.0977034643292427,0.48500001430511475,0.4478999972343445
YKL045W,YER033C,0,0.1794586,0.09768378734588623,0.48500001430511475,0.4480000138282776
YJL174W,YMR015C,0,0.17944483,0.09766411781311035,0.48500001430511475,0.4481000006198883
YML069W,YPL177C,1,0.17941992,0.09784578531980515,0.4860000014305115,0.4481000006198883
YGL115W,YOR330C,0,0.17940415,0.09782608598470688,0.4860000014305115,0.448199987411499
YMR050C,YDR406W,0,0.17926115,0.0978064015507698,0.4860000014305115,0.44830000400543213
YIL053W,YBL100W-B,0,0.1791733,0.09778671711683273,0.4860000014305115,0.44839999079704285
YNL054W,YBR094W,0,0.1791723,0.09776704758405685,0.4860000014305115,0.44850000739097595
YHR103W,YPL146C,0,0.17911494,0.09774738550186157,0.4860000014305115,0.44859999418258667
YGR254W,YLR067C,0,0.17908032,0.09772773087024689,0.4860000014305115,0.4487000107765198
YLR248W,YNL287W,0,0.17900462,0.0977080836892128,0.4860000014305115,0.4487999975681305
YLR399C,YML114C,1,0.17887972,0.09788944572210312,0.4869999885559082,0.4487999975681305
YLR131C,YBR109C,0,0.17882529,0.09786977618932724,0.4869999885559082,0.4489000141620636
YDR122W,YHR001W-A,0,0.17877729,0.09785011410713196,0.4869999885559082,0.4490000009536743
YLR442C,YHL050C,0,0.17864995,0.09783045202493668,0.4869999885559082,0.44909998774528503
YKR049C,YOR059C,0,0.17857167,0.09781080484390259,0.4869999885559082,0.44920000433921814
YPL130W,YGR097W,0,0.17839329,0.0977911651134491,0.4869999885559082,0.44929999113082886
YDL240W,YBR146W,0,0.17838976,0.0977715328335762,0.4869999885559082,0.44940000772476196
YPR199C,YER015W,0,0.17832933,0.0977519080042839,0.4869999885559082,0.4494999945163727
YER007C-A,YNR033W,0,0.17830794,0.0977322906255722,0.4869999885559082,0.4496000111103058
YDL072C,YOR189W,0,0.1782448,0.0977126806974411,0.4869999885559082,0.4496999979019165
YLL024C,YMR009W,0,0.17822076,0.0976930782198906,0.4869999885559082,0.4498000144958496
YDL081C,YGR296W,0,0.17821154,0.09767348319292068,0.4869999885559082,0.4499000012874603
YMR076C,YHR210C,0,0.17815204,0.09765390306711197,0.4869999885559082,0.44999998807907104
YDR129C,YMR215W,0,0.17813745,0.09763432294130325,0.4869999885559082,0.45010000467300415
YIR004W,YDR261C,0,0.17810959,0.09761475026607513,0.4869999885559082,0.45019999146461487
YDR309C,YNR033W,0,0.17809863,0.09759519249200821,0.4869999885559082,0.450300008058548
YML013W,YMR177W,0,0.17805572,0.09757563471794128,0.4869999885559082,0.4503999948501587
YER167W,YGR122W,0,0.17785,0.09755609184503555,0.4869999885559082,0.4505000114440918
YHR185C,YIL096C,0,0.17784034,0.09753654897212982,0.4869999885559082,0.4505999982357025
YDR517W,YDR019C,0,0.17782888,0.09751702100038528,0.4869999885559082,0.4507000148296356
YOL069W,YER102W,0,0.17781793,0.09749750047922134,0.4869999885559082,0.45080000162124634
YOR091W,YLR001C,0,0.17775716,0.0974779799580574,0.4869999885559082,0.45089998841285706
YOR009W,YGL198W,0,0.1777503,0.09745847433805466,0.4869999885559082,0.45100000500679016
YDR002W,YLR067C,0,0.17768785,0.09743897616863251,0.4869999885559082,0.4510999917984009
YOR032C,YOR260W,0,0.17749064,0.09741948544979095,0.4869999885559082,0.451200008392334
YIL019W,YFL049W,0,0.17746882,0.09740000218153,0.4869999885559082,0.4512999951839447
YPR067W,YLR451W,0,0.17745851,0.09738052636384964,0.4869999885559082,0.4514000117778778
YCL044C,YBL025W,0,0.17744564,0.09736105799674988,0.4869999885559082,0.4514999985694885
YGL063W,YHR138C,0,0.17740102,0.09734159708023071,0.4869999885559082,0.45159998536109924
YOR087W,YIL043C,0,0.17733982,0.09732214361429214,0.4869999885559082,0.45170000195503235
YIL137C,YPR180W,0,0.17731567,0.09730269759893417,0.4869999885559082,0.45179998874664307
YGL045W,YFR038W,0,0.177242,0.0972832590341568,0.4869999885559082,0.45190000534057617
YNL328C,YPR110C,0,0.17716826,0.09726382791996002,0.4869999885559082,0.4519999921321869
YGR103W,YOR249C,0,0.17716087,0.09724441170692444,0.4869999885559082,0.45210000872612
YPR057W,YOR358W,0,0.17707154,0.09722499549388885,0.4869999885559082,0.4521999955177307
YJR132W,YJR118C,0,0.17706318,0.09720558673143387,0.4869999885559082,0.4523000121116638
YGR099W,YER139C,0,0.17705388,0.09718619287014008,0.4869999885559082,0.45239999890327454
YLR239C,YJR108W,0,0.17704922,0.09716679900884628,0.4869999885559082,0.45249998569488525
YDR482C,YPR007C,0,0.17701672,0.09714742004871368,0.4869999885559082,0.45260000228881836
YDR212W,YAL011W,0,0.17701511,0.09712804108858109,0.4869999885559082,0.4526999890804291
YMR005W,YEL009C,1,0.17693333,0.09730807691812515,0.4880000054836273,0.4526999890804291
YNL243W,YPL056C,0,0.17673443,0.09728867560625076,0.4880000054836273,0.4528000056743622
YMR205C,YDR165W,0,0.17660508,0.09726928174495697,0.4880000054836273,0.4528999924659729
YEL032W,YKL040C,0,0.17655945,0.09724990278482437,0.4880000054836273,0.453000009059906
YDR439W,YDR165W,0,0.17652394,0.09723052382469177,0.4880000054836273,0.4530999958515167
YMR048W,YLR323C,0,0.1764708,0.09721115231513977,0.4880000054836273,0.45320001244544983
YKL134C,YKL002W,0,0.17644022,0.09719179570674896,0.4880000054836273,0.45329999923706055
YBR043C,YJL013C,0,0.1763859,0.09717243909835815,0.4880000054836273,0.45339998602867126
YPL280W,YFR034C,0,0.17638177,0.09715309739112854,0.4880000054836273,0.45350000262260437
YER093C,YGR142W,0,0.17636485,0.09713375568389893,0.4880000054836273,0.4535999894142151
YMR063W,YOR335C,0,0.17634596,0.0971144288778305,0.4880000054836273,0.4537000060081482
YDL081C,YNL094W,0,0.17631505,0.09709510207176208,0.4880000054836273,0.4537999927997589
YGL243W,YPL097W,0,0.17625007,0.09707579016685486,0.4880000054836273,0.453900009393692
YKL141W,YPL004C,0,0.17613019,0.09705648571252823,0.4880000054836273,0.45399999618530273
YFL021W,YER045C,1,0.17611621,0.0972360298037529,0.48899999260902405,0.45399999618530273
YOL069W,YJR120W,0,0.17608008,0.09721670299768448,0.48899999260902405,0.45410001277923584
YDL072C,YNL020C,0,0.17604531,0.09719737619161606,0.48899999260902405,0.45419999957084656
YFR047C,YML047C,0,0.17593126,0.09717805683612823,0.48899999260902405,0.4542999863624573
YIL052C,YNR053C,0,0.17574073,0.0971587523818016,0.48899999260902405,0.4544000029563904
YIL022W,YIL043C,0,0.17561498,0.09713945537805557,0.48899999260902405,0.4544999897480011
YPR106W,YLR259C,0,0.17559835,0.09712015837430954,0.48899999260902405,0.4546000063419342
YBR065C,YLR196W,0,0.17556138,0.0971008762717247,0.48899999260902405,0.4546999931335449
YNL246W,YBR168W,0,0.17544593,0.09708159416913986,0.48899999260902405,0.454800009727478
YER102W,YPL040C,0,0.17543246,0.09706232696771622,0.48899999260902405,0.45489999651908875
YOR358W,YNL055C,0,0.17538673,0.09704306721687317,0.48899999260902405,0.45500001311302185
YHR099W,YDR311W,1,0.17520528,0.0972222238779068,0.49000000953674316,0.45500001311302185
YML067C,YPR141C,0,0.17507273,0.09720293432474136,0.49000000953674316,0.45509999990463257
YCL029C,YMR234W,0,0.17505185,0.09718365967273712,0.49000000953674316,0.4551999866962433
YLR004C,YIL118W,0,0.17504713,0.09716438502073288,0.49000000953674316,0.4553000032901764
YDR375C,YIL053W,0,0.17499693,0.09714512526988983,0.49000000953674316,0.4553999900817871
YOR316C,YCL048W,0,0.17497402,0.09712586551904678,0.49000000953674316,0.4555000066757202
YCR016W,YMR275C,0,0.1749652,0.09710662066936493,0.49000000953674316,0.45559999346733093
YHR165C,YBR089C-A,0,0.17480724,0.09708737581968307,0.49000000953674316,0.45570001006126404
YMR215W,YDR516C,0,0.17476046,0.09706814587116241,0.49000000953674316,0.45579999685287476
YJL013C,YHR080C,0,0.17473248,0.09704892337322235,0.49000000953674316,0.45590001344680786
YKL002W,YLL053C,0,0.17468779,0.09702970087528229,0.49000000953674316,0.4560000002384186
YOR045W,YLR102C,0,0.17462179,0.09701049327850342,0.49000000953674316,0.4560999870300293
YPR143W,YGL171W,0,0.17461403,0.09699129313230515,0.49000000953674316,0.4562000036239624
YDR092W,YAL059W,0,0.17455865,0.09697209298610687,0.49000000953674316,0.4562999904155731
YNL094W,YPL075W,0,0.17442198,0.0969529077410698,0.49000000953674316,0.4564000070095062
YMR322C,YLR001C,0,0.17436358,0.09693372994661331,0.49000000953674316,0.45649999380111694
YPL018W,YHL035C,0,0.1743352,0.09691455960273743,0.49000000953674316,0.45660001039505005
YDL093W,YIL153W,0,0.17427789,0.09689538925886154,0.49000000953674316,0.45669999718666077
YNL103W,YPL021W,0,0.1742312,0.09687623381614685,0.49000000953674316,0.45680001378059387
YOR359W,YLR323C,0,0.17417218,0.09685708582401276,0.49000000953674316,0.4569000005722046
YOL020W,YNR052C,0,0.17409231,0.09683794528245926,0.49000000953674316,0.4569999873638153
YPL215W,YLR115W,0,0.17408456,0.09681881219148636,0.49000000953674316,0.4571000039577484
YGL142C,YDR234W,0,0.17401718,0.09679968655109406,0.49000000953674316,0.45719999074935913
YLR442C,YBR149W,0,0.17400093,0.09678056836128235,0.49000000953674316,0.45730000734329224
YGL028C,YOR110W,0,0.17398499,0.09676145017147064,0.49000000953674316,0.45739999413490295
YOR247W,YDR259C,0,0.17396401,0.09674234688282013,0.49000000953674316,0.45750001072883606
YMR220W,YGL231C,0,0.17395645,0.09672325104475021,0.49000000953674316,0.4575999975204468
YNL145W,YNL065W,0,0.17394532,0.0967041626572609,0.49000000953674316,0.4577000141143799
YBR046C,YEL051W,0,0.17391934,0.09668508172035217,0.49000000953674316,0.4578000009059906
YDR308C,YDR469W,0,0.17388369,0.09666600823402405,0.49000000953674316,0.4578999876976013
YLR006C,YKR100C,0,0.17377748,0.09664694219827652,0.49000000953674316,0.4580000042915344
YOR334W,YHR114W,0,0.17369874,0.09662788361310959,0.49000000953674316,0.45809999108314514
YKR093W,YOR081C,0,0.17358105,0.09660883247852325,0.49000000953674316,0.45820000767707825
YKL033W,YDR300C,0,0.17355366,0.09658978879451752,0.49000000953674316,0.45829999446868896
YJL094C,YLR068W,0,0.1734955,0.09657075256109238,0.49000000953674316,0.45840001106262207
YKR053C,YJR054W,0,0.1734773,0.09655172377824783,0.49000000953674316,0.4584999978542328
YFL061W,YKL194C,0,0.17341906,0.09653270244598389,0.49000000953674316,0.4586000144481659
YDR372C,YML055W,0,0.17340066,0.09651368856430054,0.49000000953674316,0.4587000012397766
YJR118C,YML031W,0,0.1733704,0.09649468213319778,0.49000000953674316,0.45879998803138733
YAL019W,YNL142W,0,0.17334196,0.09647568315267563,0.49000000953674316,0.45890000462532043
YPL129W,YOR194C,1,0.17331605,0.0966535434126854,0.4909999966621399,0.45890000462532043
YIL064W,YPL049C,0,0.17330147,0.09663452208042145,0.4909999966621399,0.45899999141693115
YPL209C,YGL073W,0,0.17326081,0.0966155081987381,0.4909999966621399,0.45910000801086426
YDR528W,YKR034W,0,0.17325708,0.09659650176763535,0.4909999966621399,0.459199994802475
YGR007W,YKR034W,0,0.17324473,0.09657749533653259,0.4909999966621399,0.4593000113964081
YLR432W,YCL048W,0,0.17319427,0.09655850380659103,0.4909999966621399,0.4593999981880188
YBR123C,YGL112C,1,0.17316261,0.09673614054918289,0.492000013589859,0.4593999981880188
YMR091C,YJR054W,0,0.17311028,0.09671711921691895,0.492000013589859,0.4595000147819519
YJL057C,YHR014W,0,0.17301652,0.09669811278581619,0.492000013589859,0.4596000015735626
YFR014C,YNL287W,0,0.17296945,0.09667911380529404,0.492000013589859,0.45969998836517334
YPL036W,YDR092W,0,0.17293952,0.09666011482477188,0.492000013589859,0.45980000495910645
YPL100W,YCR018C,0,0.17288454,0.09664113074541092,0.492000013589859,0.45989999175071716
YPR034W,YBL025W,0,0.17286362,0.09662215411663055,0.492000013589859,0.46000000834465027
YDR091C,YLL018C-A,0,0.17272902,0.09660317748785019,0.492000013589859,0.460099995136261
YJL057C,YMR230W,0,0.17270745,0.09658421576023102,0.492000013589859,0.4602000117301941
YEL039C,YLR352W,0,0.17265196,0.09656526148319244,0.492000013589859,0.4602999985218048
YDR145W,YGR274C,1,0.1726345,0.09674254059791565,0.49300000071525574,0.4602999985218048
YFL026W,YLR068W,0,0.17261423,0.09672356396913528,0.49300000071525574,0.4603999853134155
YPR169W,YBR212W,0,0.17255448,0.09670458734035492,0.49300000071525574,0.46050000190734863
YBR086C,YBL038W,0,0.17252591,0.09668562561273575,0.49300000071525574,0.46059998869895935
YOL154W,YFR010W,0,0.1725112,0.09666666388511658,0.49300000071525574,0.46070000529289246
YER177W,YNL156C,0,0.17247851,0.0966477170586586,0.49300000071525574,0.4607999920845032
YBR153W,YDR317W,0,0.17243169,0.09662877023220062,0.49300000071525574,0.4609000086784363
YML069W,YGL043W,1,0.17235939,0.09680580347776413,0.49399998784065247,0.4609000086784363
YIL106W,YKL043W,0,0.17231536,0.09678683429956436,0.49399998784065247,0.460999995470047
YGL171W,YDR317W,0,0.17228487,0.09676787257194519,0.49399998784065247,0.4611000120639801
YDR039C,YCR106W,0,0.17227931,0.09674892574548721,0.49399998784065247,0.4611999988555908
YIL106W,YOR363C,0,0.17225981,0.09672997891902924,0.49399998784065247,0.46129998564720154
YPL116W,YNR055C,0,0.17223272,0.09671103954315186,0.49399998784065247,0.46140000224113464
YHL038C,YKR075C,0,0.1722065,0.09669211506843567,0.49399998784065247,0.46149998903274536
YER148W,YPR056W,1,0.17218928,0.09686888754367828,0.4950000047683716,0.46149998903274536
YLR220W,YGL194C,0,0.17211334,0.09684993326663971,0.4950000047683716,0.46160000562667847
YGL076C,YPR037C,0,0.17210308,0.09683098644018173,0.4950000047683716,0.4616999924182892
YOR267C,YDR367W,0,0.17209554,0.09681204706430435,0.4950000047683716,0.4618000090122223
YKR053C,YGL238W,0,0.17208247,0.09679311513900757,0.4950000047683716,0.461899995803833
YLR039C,YMR215W,0,0.1720614,0.09677419066429138,0.4950000047683716,0.4620000123977661
YEL019C,YOR156C,0,0.17198797,0.09675528109073639,0.4950000047683716,0.46209999918937683
YDL240W,YJL168C,0,0.17191033,0.0967363715171814,0.4950000047683716,0.46219998598098755
YHR204W,YBR279W,0,0.17187504,0.096717469394207,0.4950000047683716,0.46230000257492065
YGL098W,YIL087C,0,0.1717788,0.0966985747218132,0.4950000047683716,0.46239998936653137
YIL143C,YER148W,1,0.17176284,0.09687499701976776,0.4959999918937683,0.46239998936653137
YKR007W,YOR254C,0,0.17174669,0.09685607999563217,0.4959999918937683,0.4625000059604645
YGR212W,YGR044C,0,0.17171903,0.09683717042207718,0.4959999918937683,0.4625999927520752
YGL104C,YNL317W,0,0.17167841,0.09681826829910278,0.4959999918937683,0.4627000093460083
YOR009W,YHR080C,0,0.17166679,0.09679937362670898,0.4959999918937683,0.462799996137619
YLR185W,YBR028C,0,0.17165057,0.09678048640489578,0.4959999918937683,0.4629000127315521
YIL013C,YOR195W,0,0.17151438,0.09676160663366318,0.4959999918937683,0.46299999952316284
YPL137C,YLR323C,0,0.17150764,0.09674273431301117,0.4959999918937683,0.46309998631477356
YMR048W,YPR133C,0,0.17147763,0.09672386944293976,0.4959999918937683,0.46320000290870667
YOR372C,YDR259C,0,0.17147131,0.09670501202344894,0.4959999918937683,0.4632999897003174
YOL078W,YDR406W,0,0.17147055,0.09668616205453873,0.4959999918937683,0.4634000062942505
YOR191W,YCR106W,0,0.17138465,0.0966673195362091,0.4959999918937683,0.4634999930858612
YOR081C,YGL027C,0,0.17128222,0.09664847701787949,0.4959999918937683,0.4636000096797943
YPL126W,YJL216C,0,0.171216,0.09662964940071106,0.4959999918937683,0.46369999647140503
YBR038W,YHR133C,0,0.1712053,0.09661082923412323,0.4959999918937683,0.46380001306533813
YJR049C,YJR096W,0,0.17118828,0.096592016518116,0.4959999918937683,0.46389999985694885
YFL021W,YPL202C,1,0.17113842,0.09676790982484818,0.4970000088214874,0.46389999985694885
YJL054W,YDR028C,0,0.17110948,0.09674907475709915,0.4970000088214874,0.46399998664855957
YOR267C,YBR169C,0,0.17095481,0.09673024713993073,0.4970000088214874,0.4641000032424927
YGL104C,YPR134W,0,0.17083645,0.0967114195227623,0.4970000088214874,0.4641999900341034
YPL140C,YDR301W,0,0.17078616,0.09669260680675507,0.4970000088214874,0.4643000066280365
YAL019W,YGR138C,0,0.17066255,0.09667380154132843,0.4970000088214874,0.4643999934196472
YJL013C,YLR313C,0,0.17063563,0.0966549962759018,0.4970000088214874,0.4645000100135803
YBR198C,YML114C,1,0.17060824,0.09683064371347427,0.49799999594688416,0.4645000100135803
YLR426W,YIR031C,0,0.17057775,0.09681181609630585,0.49799999594688416,0.46459999680519104
YEL001C,YMR156C,0,0.17050876,0.09679300338029861,0.49799999594688416,0.46470001339912415
YGL126W,YBR029C,0,0.17050685,0.09677419066429138,0.49799999594688416,0.46480000019073486
YER005W,YLR058C,0,0.17050566,0.09675539284944534,0.49799999594688416,0.4648999869823456
YCR091W,YLR384C,0,0.17046565,0.0967365950345993,0.49799999594688416,0.4650000035762787
YLR052W,YBR028C,0,0.17038845,0.09671781212091446,0.49799999594688416,0.4650999903678894
YNL221C,YIL153W,0,0.1703734,0.09669902920722961,0.49799999594688416,0.4652000069618225
YPL036W,YLR352W,0,0.17035714,0.09668025374412537,0.49799999594688416,0.4652999937534332
YER060W-A,YJL197W,0,0.17035282,0.09666149318218231,0.49799999594688416,0.46540001034736633
YNL214W,YNR055C,0,0.17034462,0.09664273262023926,0.49799999594688416,0.46549999713897705
YNL286W,YGR122W,0,0.17034446,0.0966239795088768,0.49799999594688416,0.46560001373291016
YPR141C,YNL278W,0,0.17030478,0.09660524129867554,0.49799999594688416,0.4657000005245209
YOR207C,YOR316C,0,0.17017843,0.09658650308847427,0.49799999594688416,0.4657999873161316
YBL056W,YDR545W,0,0.17012231,0.09656777232885361,0.49799999594688416,0.4659000039100647
YDL100C,YPL207W,0,0.17006285,0.09654904901981354,0.49799999594688416,0.4659999907016754
YOR048C,YGR260W,0,0.17004958,0.09653033316135406,0.49799999594688416,0.4661000072956085
YMR275C,YKL099C,0,0.17001322,0.09651162475347519,0.49799999594688416,0.46619999408721924
YNL286W,YOR011W,0,0.16988291,0.09649293124675751,0.49799999594688416,0.46630001068115234
YPR154W,YER032W,0,0.16970116,0.09647423774003983,0.49799999594688416,0.46639999747276306
YGR047C,YDR460W,1,0.16966377,0.09664923697710037,0.49900001287460327,0.46639999747276306
YGL053W,YPL253C,0,0.16953969,0.0966305211186409,0.49900001287460327,0.46650001406669617
YCL010C,YPR056W,1,0.16946968,0.09680542349815369,0.5,0.46650001406669617
YER041W,YBR086C,0,0.16945069,0.09678668528795242,0.5,0.4666000008583069
YKR053C,YLR363C,0,0.16944821,0.09676794707775116,0.5,0.4666999876499176
YCR107W,YNL164C,0,0.16944204,0.09674922376871109,0.5,0.4668000042438507
YDR007W,YDL093W,0,0.16939698,0.09673050791025162,0.5,0.4668999910354614
YJR150C,YKL040C,0,0.16937657,0.09671179950237274,0.5,0.46700000762939453
YMR005W,YBR081C,1,0.16933025,0.09688648581504822,0.5009999871253967,0.46700000762939453
YPL122C,YPL177C,1,0.16930863,0.09706109762191772,0.5019999742507935,0.46700000762939453
YPL076W,YGL127C,0,0.16928081,0.09704233705997467,0.5019999742507935,0.46709999442100525
YDR471W,YBR208C,0,0.16927923,0.09702357649803162,0.5019999742507935,0.46720001101493835
YDR513W,YMR035W,0,0.1692475,0.09700483083724976,0.5019999742507935,0.4672999978065491
YIL009W,YMR156C,0,0.16922091,0.09698609262704849,0.5019999742507935,0.4674000144004822
YLR260W,YHR020W,0,0.16921861,0.09696735441684723,0.5019999742507935,0.4675000011920929
YMR059W,YBR107C,0,0.16920476,0.09694863110780716,0.5019999742507935,0.4675999879837036
YPL049C,YOR086C,0,0.1691039,0.09692990779876709,0.5019999742507935,0.4677000045776367
YPR037C,YNL024C,0,0.16900758,0.09691119939088821,0.5019999742507935,0.46779999136924744
YBR016W,YNL062C,0,0.16900046,0.09689249098300934,0.5019999742507935,0.46790000796318054
YHL017W,YHR170W,0,0.16893634,0.09687379747629166,0.5019999742507935,0.46799999475479126
YOR258W,YCR106W,0,0.16882329,0.09685510396957397,0.5019999742507935,0.46810001134872437
YDL220C,YOL052C-A,0,0.16881794,0.09683641791343689,0.5019999742507935,0.4681999981403351
YOL076W,YKL132C,0,0.16875781,0.096817746758461,0.5019999742507935,0.4683000147342682
YNL031C,YAL011W,0,0.1687505,0.09679907560348511,0.5019999742507935,0.4684000015258789
YIL154C,YPR068C,0,0.16872427,0.09678041189908981,0.5019999742507935,0.4684999883174896
YFR047C,YDL087C,0,0.16869773,0.09676175564527512,0.5019999742507935,0.46860000491142273
YOL012C,YLR115W,0,0.16863003,0.09674310684204102,0.5019999742507935,0.46869999170303345
YDR189W,YMR074C,0,0.16861282,0.09672447293996811,0.5019999742507935,0.46880000829696655
YMR015C,YBL025W,0,0.16854419,0.0967058390378952,0.5019999742507935,0.46889999508857727
YJR118C,YNR037C,0,0.16851756,0.0966872125864029,0.5019999742507935,0.4690000116825104
YDR309C,YOR372C,0,0.16845764,0.09666859358549118,0.5019999742507935,0.4690999984741211
YPR010C,YKL077W,0,0.1683787,0.09664998203516006,0.5019999742507935,0.4691999852657318
YOR157C,YJL208C,0,0.16834798,0.09663137793540955,0.5019999742507935,0.4693000018596649
YMR081C,YPL198W,0,0.16834112,0.09661278128623962,0.5019999742507935,0.46939998865127563
YPL049C,YHR014W,0,0.16832079,0.0965941920876503,0.5019999742507935,0.46950000524520874
YNL288W,YER178W,0,0.16829894,0.09657560288906097,0.5019999742507935,0.46959999203681946
YOL135C,YNL130C,0,0.16816087,0.09655702859163284,0.5019999742507935,0.46970000863075256
YHR165C,YGL238W,0,0.16815417,0.09653846174478531,0.5019999742507935,0.4697999954223633
YJR109C,YDR227W,0,0.16815357,0.09651990234851837,0.5019999742507935,0.4699000120162964
YOL055C,YDL154W,0,0.16812186,0.09650134295225143,0.5019999742507935,0.4699999988079071
YAL048C,YNL048W,0,0.16811042,0.09648279845714569,0.5019999742507935,0.4700999855995178
YDR471W,YDR399W,0,0.16802503,0.09646426141262054,0.5019999742507935,0.4702000021934509
YKL191W,YDR179C,0,0.16791049,0.0964457243680954,0.5019999742507935,0.47029998898506165
YOL154W,YGL126W,0,0.16788365,0.09642720222473145,0.5019999742507935,0.47040000557899475
YIL098C,YBR272C,0,0.1678304,0.09640868008136749,0.5019999742507935,0.47049999237060547
YGL139W,YHR020W,0,0.16779275,0.09639016538858414,0.5019999742507935,0.4706000089645386
YOR177C,YHR014W,0,0.1677927,0.09637166559696198,0.5019999742507935,0.4706999957561493
YIL075C,YOR253W,0,0.16773255,0.09635316580533981,0.5019999742507935,0.4708000123500824
YNL286W,YMR009W,0,0.1676166,0.09633467346429825,0.5019999742507935,0.4708999991416931
YMR015C,YOR103C,0,0.16760768,0.09631619602441788,0.5019999742507935,0.47099998593330383
YGR080W,YNL041C,0,0.16760635,0.0962977185845375,0.5019999742507935,0.47110000252723694
YLR023C,YPR046W,0,0.16748366,0.09627924859523773,0.5019999742507935,0.47119998931884766
YDR328C,YEL051W,0,0.1673974,0.09626078605651855,0.5019999742507935,0.47130000591278076
YCL029C,YHL035C,0,0.1673068,0.09624233096837997,0.5019999742507935,0.4713999927043915
YPR086W,YGL112C,1,0.16728657,0.09641556441783905,0.503000020980835,0.4713999927043915
YGR007W,YNL251C,0,0.16726083,0.09639708697795868,0.503000020980835,0.4715000092983246
YKL048C,YPR068C,0,0.16718298,0.0963786169886589,0.503000020980835,0.4715999960899353
YAL030W,YLR007W,0,0.16717103,0.09636015444993973,0.503000020980835,0.4717000126838684
YAL002W,YPL210C,0,0.16716564,0.09634169936180115,0.503000020980835,0.4717999994754791
YPL011C,YLR005W,1,0.16714989,0.0965147465467453,0.5040000081062317,0.4717999994754791
YDR513W,YOL012C,0,0.16714115,0.09649626910686493,0.5040000081062317,0.47189998626708984
YJL011C,YKR062W,1,0.16712853,0.09666921943426132,0.5049999952316284,0.47189998626708984
YBR085W,YER038C,0,0.16712172,0.09665071964263916,0.5049999952316284,0.47200000286102295
YIL106W,YCR024C,0,0.16711079,0.096632219851017,0.5049999952316284,0.47209998965263367
YDL108W,YKL144C,1,0.16701868,0.09680505096912384,0.5059999823570251,0.47209998965263367
YDR148C,YGL171W,0,0.16685434,0.09678653627634048,0.5059999823570251,0.4722000062465668
YIL148W,YOR341W,0,0.1668434,0.09676802158355713,0.5059999823570251,0.4722999930381775
YDR002W,YJL001W,0,0.16668639,0.09674952179193497,0.5059999823570251,0.4724000096321106
YKL194C,YDR200C,0,0.1666814,0.0967310294508934,0.5059999823570251,0.4724999964237213
YGR296W,YER167W,0,0.16662094,0.09671253710985184,0.5059999823570251,0.4726000130176544
YHR120W,YLR093C,0,0.16661052,0.09669405966997147,0.5059999823570251,0.47269999980926514
YER179W,YLR044C,0,0.16658306,0.0966755822300911,0.5059999823570251,0.47279998660087585
YNL142W,YDL018C,0,0.16657801,0.09665711224079132,0.5059999823570251,0.47290000319480896
YAL002W,YAL051W,0,0.16655147,0.09663865715265274,0.5059999823570251,0.4729999899864197
YMR286W,YIL096C,0,0.16653278,0.09662020206451416,0.5059999823570251,0.4731000065803528
YHR146W,YDR021W,0,0.1664247,0.09660175442695618,0.5059999823570251,0.4731999933719635
YJL098W,YOR254C,0,0.16635035,0.09658331423997879,0.5059999823570251,0.4733000099658966
YBR016W,YPL156C,0,0.16629587,0.0965648889541626,0.5059999823570251,0.4733999967575073
YIL147C,YLR363C,0,0.16628645,0.0965464636683464,0.5059999823570251,0.47350001335144043
YBR107C,YMR072W,0,0.16621862,0.09652804583311081,0.5059999823570251,0.47360000014305115
YMR048W,YPR100W,0,0.16619824,0.09650963544845581,0.5059999823570251,0.47369998693466187
YKL145W,YDL018C,0,0.16609569,0.09649122506380081,0.5059999823570251,0.47380000352859497
YNL328C,YLR093C,0,0.16606589,0.096472829580307,0.5059999823570251,0.4738999903202057
YMR005W,YOR194C,1,0.16606314,0.0966450646519661,0.5070000290870667,0.4738999903202057
YOR236W,YDR434W,0,0.16600017,0.0966266468167305,0.5070000290870667,0.4740000069141388
YOR193W,YPR086W,0,0.16598864,0.0966082289814949,0.5070000290870667,0.4740999937057495
YHR006W,YJR027W,0,0.16597958,0.0965898260474205,0.5070000290870667,0.4742000102996826
YGL244W,YKL058W,1,0.1659617,0.09676190465688705,0.5080000162124634,0.4742000102996826
YML021C,YDR122W,0,0.16591756,0.09674347937107086,0.5080000162124634,0.47429999709129333
YKL052C,YNL038W,0,0.16581373,0.09672505408525467,0.5080000162124634,0.47440001368522644
YIL005W,YAL026C,0,0.16578251,0.09670664370059967,0.5080000162124634,0.47450000047683716
YPL234C,YBR212W,0,0.16572183,0.09668824076652527,0.5080000162124634,0.4745999872684479
YDL098C,YBR112C,0,0.16569741,0.09666983783245087,0.5080000162124634,0.474700003862381
YOR018W,YCR045C,0,0.1656602,0.09665144234895706,0.5080000162124634,0.4747999906539917
YMR234W,YPL040C,0,0.16560754,0.09663306176662445,0.5080000162124634,0.4749000072479248
YAL051W,YCL035C,0,0.16555361,0.09661468118429184,0.5080000162124634,0.4749999940395355
YCR045C,YOR103C,0,0.16546924,0.09659630805253983,0.5080000162124634,0.47510001063346863
YKR075C,YJL212C,0,0.16542435,0.096577949821949,0.5080000162124634,0.47519999742507935
YPR134W,YDR328C,0,0.16536967,0.09655959159135818,0.5080000162124634,0.47530001401901245
YAR042W,YKL145W,0,0.16533136,0.09654124081134796,0.5080000162124634,0.47540000081062317
YMR059W,YBL025W,0,0.16528203,0.09652289748191833,0.5080000162124634,0.4754999876022339
YLR223C,YDR468C,0,0.165244,0.0965045616030693,0.5080000162124634,0.475600004196167
YGL166W,YLR005W,1,0.16518359,0.09667616337537766,0.5090000033378601,0.475600004196167
YOL032W,YER081W,0,0.16513269,0.09665780514478683,0.5090000033378601,0.4756999909877777
YMR192W,YOL069W,0,0.16513002,0.09663945436477661,0.5090000033378601,0.4758000075817108
YGL171W,YML096W,0,0.16509636,0.09662111103534698,0.5090000033378601,0.47589999437332153
YKL132C,YCR005C,0,0.16505401,0.09660276770591736,0.5090000033378601,0.47600001096725464
YML016C,YFR038W,0,0.16496144,0.09658443927764893,0.5090000033378601,0.47609999775886536
YGR217W,YBR060C,0,0.16494618,0.09656611829996109,0.5090000033378601,0.47620001435279846
YDR075W,YNL048W,0,0.16494183,0.09654779732227325,0.5090000033378601,0.4763000011444092
YOL098C,YBR089C-A,0,0.16490738,0.09652949124574661,0.5090000033378601,0.4763999879360199
YER056C,YAL056W,0,0.16484676,0.09651118516921997,0.5090000033378601,0.476500004529953
YER038C,YGL195W,0,0.16471536,0.09649289399385452,0.5090000033378601,0.4765999913215637
YIL052C,YER139C,0,0.1646803,0.09647460281848907,0.5090000033378601,0.4767000079154968
YJL174W,YGL151W,0,0.16466983,0.09645631909370422,0.5090000033378601,0.47679999470710754
YML021C,YER044C-A,0,0.16463222,0.09643804281949997,0.5090000033378601,0.47690001130104065
YDR009W,YDR317W,0,0.16456199,0.09641977399587631,0.5090000033378601,0.47699999809265137
YIL147C,YLR249W,0,0.16444854,0.09640151262283325,0.5090000033378601,0.4771000146865845
YJR035W,YGL127C,0,0.16444425,0.09638325870037079,0.5090000033378601,0.4772000014781952
YPR174C,YDR257C,0,0.16395068,0.09636501222848892,0.5090000033378601,0.4772999882698059
YNL051W,YOR019W,0,0.16393581,0.09634677320718765,0.5090000033378601,0.477400004863739
YPR155C,YLL057C,0,0.16384406,0.09632854163646698,0.5090000033378601,0.47749999165534973
YML004C,YPL063W,0,0.16383256,0.09631031006574631,0.5090000033378601,0.47760000824928284
YKL016C,YFR034C,0,0.16381247,0.09629209339618683,0.5090000033378601,0.47769999504089355
YHL028W,YML082W,0,0.1637471,0.09627387672662735,0.5090000033378601,0.47780001163482666
YBR029C,YMR207C,0,0.16374281,0.09625567495822906,0.5090000033378601,0.4778999984264374
YIL075C,YJL180C,0,0.16371019,0.09623747318983078,0.5090000033378601,0.4779999852180481
YGL115W,YDR028C,0,0.16361605,0.09621927887201309,0.5090000033378601,0.4781000018119812
YPL209C,YHR205W,0,0.16355461,0.0962010994553566,0.5090000033378601,0.4781999886035919
YDR367W,YDR175C,0,0.16352926,0.0961829200387001,0.5090000033378601,0.478300005197525
YBL056W,YNL216W,0,0.16338387,0.0961647480726242,0.5090000033378601,0.47839999198913574
YLR313C,YGL192W,0,0.16335364,0.0961465835571289,0.5090000033378601,0.47850000858306885
YJR073C,YDR188W,0,0.16332869,0.0961284264922142,0.5090000033378601,0.47859999537467957
YPR175W,YMR237W,0,0.16330974,0.0961102694272995,0.5090000033378601,0.47870001196861267
YDR007W,YNL065W,0,0.16329646,0.09609212726354599,0.5090000033378601,0.4787999987602234
YJL167W,YCR063W,0,0.16326372,0.09607399255037308,0.5090000033378601,0.4788999855518341
YIL056W,YER123W,0,0.16324748,0.09605585783720016,0.5090000033378601,0.4790000021457672
YLR060W,YJL058C,0,0.16309145,0.09603773802518845,0.5090000033378601,0.47909998893737793
YOR236W,YPL063W,0,0.16305555,0.09601961821317673,0.5090000033378601,0.47920000553131104
YDR092W,YLR352W,0,0.16299696,0.0960015058517456,0.5090000033378601,0.47929999232292175
YHR185C,YIL144W,0,0.16297011,0.09598340839147568,0.5090000033378601,0.47940000891685486
YOR252W,YBR094W,0,0.16281654,0.09596531093120575,0.5090000033378601,0.4794999957084656
YLR451W,YER023W,0,0.16280364,0.09594722092151642,0.5090000033378601,0.4796000123023987
YKR085C,YNL142W,0,0.16278814,0.09592913836240768,0.5090000033378601,0.4796999990940094
YER056C,YIL154C,0,0.1627726,0.09591106325387955,0.5090000033378601,0.4797999858856201
YJR132W,YLR352W,0,0.1627522,0.09589298814535141,0.5090000033378601,0.4799000024795532
YGR017W,YKR034W,0,0.16274337,0.09587492793798447,0.5090000033378601,0.47999998927116394
YDL106C,YDR359C,0,0.16271006,0.09585687518119812,0.5090000033378601,0.48010000586509705
YGR193C,YMR118C,0,0.16270027,0.09583882242441177,0.5090000033378601,0.48019999265670776
YOR264W,YML076C,0,0.16257806,0.09582078456878662,0.5090000033378601,0.48030000925064087
YPL105C,YLR466W,0,0.16254495,0.09580274671316147,0.5090000033378601,0.4803999960422516
YIL107C,YPL173W,0,0.16251753,0.09578471630811691,0.5090000033378601,0.4805000126361847
YGL005C,YFL049W,0,0.16250224,0.09576670080423355,0.5090000033378601,0.4805999994277954
YGL246C,YOR011W,0,0.16248314,0.09574868530035019,0.5090000033378601,0.48069998621940613
YKL029C,YDR301W,0,0.16235916,0.09573067724704742,0.5090000033378601,0.48080000281333923
YGR103W,YDR463W,0,0.16234064,0.09571267664432526,0.5090000033378601,0.48089998960494995
YOR129C,YBR049C,0,0.16233917,0.09569467604160309,0.5090000033378601,0.48100000619888306
YEL019C,YHR210C,0,0.16228448,0.09567669034004211,0.5090000033378601,0.4810999929904938
YBR003W,YNL111C,0,0.16219346,0.09565871208906174,0.5090000033378601,0.4812000095844269
YOR267C,YPL130W,0,0.16217647,0.09564073383808136,0.5090000033378601,0.4812999963760376
YOR252W,YLR075W,0,0.16215435,0.09562277048826218,0.5090000033378601,0.4814000129699707
YER038C,YCR005C,0,0.16211928,0.095604807138443,0.5090000033378601,0.4814999997615814
YDR256C,YKL032C,0,0.16196215,0.0955868512392044,0.5090000033378601,0.48159998655319214
YGL139W,YIL096C,0,0.16192581,0.09556891024112701,0.5090000033378601,0.48170000314712524
YDR145W,YAL001C,1,0.16182931,0.09573868662118912,0.5099999904632568,0.48170000314712524
YKR079C,YDR300C,0,0.16175982,0.09572072327136993,0.5099999904632568,0.48179998993873596
YOR060C,YIL123W,0,0.16173431,0.09570275992155075,0.5099999904632568,0.48190000653266907
YLR005W,YBR081C,1,0.1617102,0.0958724170923233,0.5109999775886536,0.48190000653266907
YDR377W,YOR132W,0,0.16158198,0.09585443884134293,0.5109999775886536,0.4819999933242798
YIL036W,YBL047C,0,0.16155657,0.09583646059036255,0.5109999775886536,0.4821000099182129
YBR218C,YGL107C,0,0.161497,0.09581848978996277,0.5109999775886536,0.4821999967098236
YOL096C,YPL210C,0,0.16147412,0.09580052644014359,0.5109999775886536,0.4823000133037567
YER176W,YAL028W,0,0.16138412,0.095782570540905,0.5109999775886536,0.48240000009536743
YHR149C,YIR026C,0,0.16137092,0.09576461464166641,0.5109999775886536,0.48249998688697815
YOL009C,YHR193C,0,0.16134922,0.09574667364358902,0.5109999775886536,0.48260000348091125
YGL061C,YGL226W,0,0.16130581,0.09572874009609222,0.5109999775886536,0.482699990272522
YHL017W,YER014W,0,0.16129689,0.09571080654859543,0.5109999775886536,0.4828000068664551
YOR241W,YBL051C,0,0.16122814,0.09569288045167923,0.5109999775886536,0.4828999936580658
YKL006C-A,YJL098W,0,0.16121359,0.09567496925592422,0.5109999775886536,0.4830000102519989
YFL021W,YML098W,1,0.1611449,0.09584425389766693,0.5120000243186951,0.4830000102519989
YJL183W,YPR071W,0,0.16113038,0.09582631289958954,0.5120000243186951,0.4830999970436096
YJR041C,YDL223C,0,0.16102104,0.09580838680267334,0.5120000243186951,0.4832000136375427
YIL056W,YFL049W,0,0.16094232,0.09579046070575714,0.5120000243186951,0.48330000042915344
YER143W,YNL038W,0,0.16093683,0.09577254205942154,0.5120000243186951,0.48339998722076416
YGL028C,YGL076C,0,0.16092676,0.09575463086366653,0.5120000243186951,0.48350000381469727
YDR165W,YFR030W,0,0.16076574,0.09573672711849213,0.5120000243186951,0.483599990606308
YDR227W,YGL096W,0,0.16073273,0.09571882337331772,0.5120000243186951,0.4837000072002411
YKL052C,YCR106W,0,0.1607219,0.0957009345293045,0.5120000243186951,0.4837999939918518
YKL051W,YDR301W,0,0.16061781,0.09568305313587189,0.5120000243186951,0.4839000105857849
YGR005C,YJL011C,1,0.16061579,0.09585201740264893,0.5130000114440918,0.4839000105857849
YNR038W,YIL008W,0,0.16057941,0.09583411365747452,0.5130000114440918,0.48399999737739563
YDL247W,YNL038W,0,0.16057421,0.09581620991230011,0.5130000114440918,0.48410001397132874
YEL018W,YGL092W,0,0.16050367,0.0957983210682869,0.5130000114440918,0.48420000076293945
YKL045W,YBR181C,0,0.16035183,0.09578043222427368,0.5130000114440918,0.48429998755455017
YKR049C,YGL194C,0,0.16026713,0.09576255083084106,0.5130000114440918,0.4844000041484833
YMR225C,YFR025C,0,0.16023733,0.09574468433856964,0.5130000114440918,0.484499990940094
YNL314W,YPR008W,1,0.16021186,0.09591341763734818,0.5139999985694885,0.484499990940094
YAL056W,YCL054W,0,0.16013171,0.09589552134275436,0.5139999985694885,0.4846000075340271
YDR325W,YER072W,0,0.16011937,0.09587763249874115,0.5139999985694885,0.4846999943256378
YLL031C,YJR054W,0,0.1599779,0.09585975110530853,0.5139999985694885,0.4848000109195709
YHR005C,YHR138C,0,0.15983091,0.09584187716245651,0.5139999985694885,0.48489999771118164
YPL011C,YGL207W,1,0.15982193,0.09601043909788132,0.5149999856948853,0.48489999771118164
YDR145W,YOR110W,1,0.15979463,0.09617893397808075,0.515999972820282,0.48489999771118164
YPL001W,YIR019C,0,0.15979205,0.09616101533174515,0.515999972820282,0.48500001430511475
YMR236W,YPR008W,1,0.15969275,0.09632942080497742,0.5170000195503235,0.48500001430511475
YBL007C,YML004C,0,0.1596723,0.09631147235631943,0.5170000195503235,0.48510000109672546
YJL173C,YNL278W,0,0.15967032,0.09629353880882263,0.5170000195503235,0.4851999878883362
YPL126W,YLR067C,0,0.15963233,0.09627560526132584,0.5170000195503235,0.4853000044822693
YGL025C,YLL031C,0,0.15956387,0.09625767916440964,0.5170000195503235,0.48539999127388
YER177W,YLL018C-A,0,0.15947148,0.09623976051807404,0.5170000195503235,0.4855000078678131
YOL042W,YBR149W,0,0.15946002,0.09622184932231903,0.5170000195503235,0.48559999465942383
YCR065W,YNL278W,0,0.15941145,0.09620394557714462,0.5170000195503235,0.48570001125335693
YPL133C,YGR224W,0,0.15928343,0.09618604928255081,0.5170000195503235,0.48579999804496765
YDR439W,YPR141C,0,0.15919268,0.096168152987957,0.5170000195503235,0.48590001463890076
YCR035C,YJL001W,0,0.15915741,0.09615027159452438,0.5170000195503235,0.4860000014305115
YIL038C,YMR074C,0,0.15907441,0.09613239020109177,0.5170000195503235,0.4860999882221222
YHR006W,YPL061W,0,0.15902509,0.09611451625823975,0.5170000195503235,0.4862000048160553
YIL098C,YOL084W,0,0.15895672,0.09609665721654892,0.5170000195503235,0.486299991607666
YBR046C,YDR434W,0,0.1589518,0.0960787981748581,0.5170000195503235,0.4864000082015991
YOR258W,YGL027C,0,0.1589107,0.09606094658374786,0.5170000195503235,0.48649999499320984
YOR034C,YLR092W,0,0.15887171,0.09604309499263763,0.5170000195503235,0.48660001158714294
YOR273C,YKR077W,0,0.15883653,0.0960252583026886,0.5170000195503235,0.48669999837875366
YPR037C,YLR075W,0,0.15882425,0.09600742906332016,0.5170000195503235,0.4867999851703644
YPL001W,YKL029C,0,0.15879256,0.09598959982395172,0.5170000195503235,0.4869000017642975
YOR272W,YIL005W,0,0.15876679,0.09597178548574448,0.5170000195503235,0.4869999885559082
YHR150W,YCL001W,0,0.15874533,0.09595397114753723,0.5170000195503235,0.4871000051498413
YDR325W,YOR086C,0,0.15874344,0.09593616425991058,0.5170000195503235,0.487199991941452
YDR528W,YDR343C,0,0.15873355,0.09591836482286453,0.5170000195503235,0.48730000853538513
YML045W,YMR131C,0,0.15868528,0.09590057283639908,0.5170000195503235,0.48739999532699585
YOR068C,YPR141C,0,0.15865777,0.09588278830051422,0.5170000195503235,0.48750001192092896
YHL050C,YHR114W,0,0.15862292,0.09586501121520996,0.5170000195503235,0.4875999987125397
YOL089C,YKR062W,1,0.1586227,0.09603262692689896,0.5180000066757202,0.4875999987125397
YMR055C,YGL194C,0,0.15843894,0.0960148274898529,0.5180000066757202,0.4876999855041504
YMR063W,YMR125W,0,0.15841435,0.09599703550338745,0.5180000066757202,0.4878000020980835
YDR386W,YMR091C,0,0.15840182,0.0959792509675026,0.5180000066757202,0.4878999888896942
YER093C,YKL060C,0,0.15834321,0.09596146643161774,0.5180000066757202,0.4880000054836273
YNL214W,YJL058C,0,0.15832277,0.09594369679689407,0.5180000066757202,0.48809999227523804
YIL154C,YDR350C,0,0.15819545,0.09592592716217041,0.5180000066757202,0.48820000886917114
YLR284C,YHR096C,0,0.15815032,0.09590816497802734,0.5180000066757202,0.48829999566078186
YOR049C,YLR363C,0,0.15801658,0.09589041024446487,0.5180000066757202,0.48840001225471497
YAL002W,YKL134C,0,0.15790693,0.095872662961483,0.5180000066757202,0.4884999990463257
YPR154W,YHR035W,0,0.15787765,0.09585492312908173,0.5180000066757202,0.4885999858379364
YKL150W,YDR028C,0,0.15783389,0.09583719074726105,0.5180000066757202,0.4887000024318695
YBR015C,YIL033C,0,0.157694,0.09581945836544037,0.5180000066757202,0.4887999892234802
YGR138C,YPL021W,0,0.15768062,0.09580174088478088,0.5180000066757202,0.48890000581741333
YDL098C,YPL135W,0,0.15763552,0.0957840234041214,0.5180000066757202,0.48899999260902405
YJL212C,YMR072W,0,0.15749392,0.09576631337404251,0.5180000066757202,0.48910000920295715
YHL017W,YGR007W,0,0.15743017,0.09574861079454422,0.5180000066757202,0.48919999599456787
YGL076C,YNL132W,0,0.15742745,0.09573091566562653,0.5180000066757202,0.489300012588501
YNL056W,YDL087C,0,0.1573096,0.09571322798728943,0.5180000066757202,0.4893999993801117
YPR055W,YNL317W,0,0.15726681,0.09569554775953293,0.5180000066757202,0.4894999861717224
YHR146W,YHR214W,0,0.15718098,0.09567787498235703,0.5180000066757202,0.4896000027656555
YPL116W,YJR118C,0,0.15715082,0.09566020220518112,0.5180000066757202,0.48969998955726624
YPL007C,YIL036W,1,0.1571457,0.09582717716693878,0.5189999938011169,0.48969998955726624
YOR249C,YDR110W,0,0.15714177,0.09580948948860168,0.5189999938011169,0.48980000615119934
YLR059C,YHR073W,0,0.15699893,0.09579180181026459,0.5189999938011169,0.48989999294281006
YER038C,YPR068C,0,0.15695967,0.09577412903308868,0.5189999938011169,0.49000000953674316
YLR055C,YDR087C,0,0.15693222,0.09575645625591278,0.5189999938011169,0.4900999963283539
YMR005W,YML069W,1,0.15692322,0.09592325985431671,0.5199999809265137,0.4900999963283539
YOR065W,YHR157W,0,0.15689339,0.09590557217597961,0.5199999809265137,0.490200012922287
YIL022W,YMR234W,0,0.15687767,0.09588788449764252,0.5199999809265137,0.4902999997138977
YMR005W,YIL143C,1,0.15680288,0.0960545688867569,0.5210000276565552,0.4902999997138977
YGL063W,YGL194C,0,0.15676995,0.0960368663072586,0.5210000276565552,0.4903999865055084
YPR071W,YDR080W,0,0.15673801,0.09601916372776031,0.5210000276565552,0.49050000309944153
YGR193C,YGR057C,0,0.15672255,0.09600147604942322,0.5210000276565552,0.49059998989105225
YMR076C,YOR119C,0,0.15670194,0.09598378837108612,0.5210000276565552,0.49070000648498535
YOL023W,YDR284C,0,0.15667556,0.09596610814332962,0.5210000276565552,0.49079999327659607
YNL176C,YHR020W,0,0.15665533,0.09594843536615372,0.5210000276565552,0.4909000098705292
YBL007C,YEL039C,0,0.15656571,0.09593077003955841,0.5210000276565552,0.4909999966621399
YJR117W,YKL138C,0,0.15656462,0.0959131047129631,0.5210000276565552,0.491100013256073
YIL098C,YIL123W,0,0.15655787,0.09589545428752899,0.5210000276565552,0.4912000000476837
YGR224W,YHR080C,0,0.1564605,0.09587780386209488,0.5210000276565552,0.49129998683929443
YNL051W,YIL037C,0,0.15638478,0.09586016833782196,0.5210000276565552,0.49140000343322754
YGR254W,YLR006C,0,0.15611151,0.09584253281354904,0.5210000276565552,0.49149999022483826
YLR399C,YGR186W,1,0.15590557,0.09600882977247238,0.5220000147819519,0.49149999022483826
YMR076C,YGL104C,0,0.15570451,0.09599117189645767,0.5220000147819519,0.49160000681877136
YEL032W,YOR026W,0,0.15568368,0.09597352147102356,0.5220000147819519,0.4916999936103821
YMR227C,YKL144C,1,0.1556754,0.09613970667123795,0.5230000019073486,0.4916999936103821
YGR055W,YOR250C,0,0.1556502,0.09612203389406204,0.5230000019073486,0.4918000102043152
YNL167C,YGL107C,0,0.15563835,0.09610437601804733,0.5230000019073486,0.4918999969959259
YDR168W,YGR044C,0,0.15563066,0.09608671814203262,0.5230000019073486,0.492000013589859
YDL175C,YBR112C,0,0.15559481,0.09606906771659851,0.5230000019073486,0.4921000003814697
YFR025C,YLR435W,0,0.15547846,0.096051424741745,0.5230000019073486,0.49219998717308044
YKR079C,YOR253W,0,0.15539773,0.09603378921747208,0.5230000019073486,0.49230000376701355
YDR398W,YMR322C,0,0.15535216,0.09601615369319916,0.5230000019073486,0.49239999055862427
YOR110W,YKL144C,1,0.15534808,0.09618208557367325,0.5239999890327454,0.49239999055862427
YHL017W,YGL096W,0,0.15534358,0.09616443514823914,0.5239999890327454,0.4925000071525574
YNL023C,YDL149W,0,0.15518881,0.09614679217338562,0.5239999890327454,0.4925999939441681
YJL013C,YNL251C,0,0.15515147,0.0961291491985321,0.5239999890327454,0.4927000105381012
YML016C,YER032W,0,0.15514396,0.09611152112483978,0.5239999890327454,0.4927999973297119
YOR065W,YGL226W,0,0.1550629,0.09609389305114746,0.5239999890327454,0.492900013923645
YLR299W,YER060W,0,0.15500426,0.09607627242803574,0.5239999890327454,0.49300000071525574
YEL018W,YEL032W,0,0.1549934,0.09605865925550461,0.5239999890327454,0.49309998750686646
YNR032C-A,YNL132W,0,0.15492958,0.09604105353355408,0.5239999890327454,0.49320000410079956
YIL018W,YJL001W,0,0.1548743,0.09602345526218414,0.5239999890327454,0.4932999908924103
YBR114W,YLL057C,0,0.15472892,0.0960058644413948,0.5239999890327454,0.4934000074863434
YBR162W-A,YPL198W,0,0.15469699,0.09598827362060547,0.5239999890327454,0.4934999942779541
YKL194C,YIL009W,0,0.15463798,0.09597069770097733,0.5239999890327454,0.4936000108718872
YOL098C,YPR148C,0,0.15463509,0.09595312178134918,0.5239999890327454,0.4936999976634979
YGL067W,YGR099W,0,0.15461977,0.09593555331230164,0.5239999890327454,0.49380001425743103
YNL240C,YDR040C,0,0.15446837,0.09591799229383469,0.5239999890327454,0.49390000104904175
YBL100W-B,YBL091C,0,0.15446816,0.09590043872594833,0.5239999890327454,0.49399998784065247
YGR046W,YBL047C,0,0.15445168,0.09588289260864258,0.5239999890327454,0.49410000443458557
YLR361C,YJR131W,0,0.15435803,0.09586534649133682,0.5239999890327454,0.4941999912261963
YBR130C,YJL083W,0,0.15430689,0.09584781527519226,0.5239999890327454,0.4943000078201294
YNL142W,YPR174C,0,0.15410614,0.0958302840590477,0.5239999890327454,0.4943999946117401
YOR380W,YBR146W,0,0.15407948,0.09581276029348373,0.5239999890327454,0.4945000112056732
YDR243C,YOL051W,0,0.15405418,0.09579524397850037,0.5239999890327454,0.49459999799728394
YOL144W,YDR135C,0,0.15400937,0.0957777351140976,0.5239999890327454,0.49470001459121704
YPL007C,YPL129W,1,0.15392812,0.09594298154115677,0.5249999761581421,0.49470001459121704
YAL001C,YCL010C,1,0.15387896,0.09610816836357117,0.5260000228881836,0.49470001459121704
YFL026W,YNR024W,0,0.15380965,0.09609060734510422,0.5260000228881836,0.49480000138282776
YLR181C,YLL053C,0,0.15380916,0.09607306122779846,0.5260000228881836,0.4948999881744385
YLR019W,YNR071C,0,0.15376784,0.0960555151104927,0.5260000228881836,0.4950000047683716
YDR517W,YOR001W,0,0.1537102,0.09603797644376755,0.5260000228881836,0.4950999915599823
YPL007C,YPL122C,1,0.1536809,0.09620299190282822,0.5270000100135803,0.4950999915599823
YLR259C,YOL095C,0,0.15367816,0.09618543833494186,0.5270000100135803,0.4952000081539154
YDR397C,YKL039W,0,0.15362974,0.09616788476705551,0.5270000100135803,0.4952999949455261
YEL009C,YPR186C,1,0.1535664,0.09633278846740723,0.527999997138977,0.4952999949455261
YIL119C,YOR357C,0,0.15352769,0.09631521254777908,0.527999997138977,0.49540001153945923
YDR361C,YOR195W,0,0.15346625,0.09629764407873154,0.527999997138977,0.49549999833106995
YDR311W,YMR227C,1,0.15338212,0.0964624360203743,0.5289999842643738,0.49549999833106995
YDR343C,YLR067C,0,0.15337403,0.09644485265016556,0.5289999842643738,0.49559998512268066
YNL199C,YNL023C,0,0.1533556,0.09642726927995682,0.5289999842643738,0.49570000171661377
YDR516C,YGL093W,0,0.15333726,0.09640969336032867,0.5289999842643738,0.4957999885082245
YPL215W,YHL003C,0,0.15330867,0.09639212489128113,0.5289999842643738,0.4959000051021576
YGL073W,YHL021C,0,0.15317105,0.09637456387281418,0.5289999842643738,0.4959999918937683
YJR150C,YNL024C,0,0.15311287,0.09635701030492783,0.5289999842643738,0.4961000084877014
YHR122W,YJL078C,0,0.15304609,0.09633946418762207,0.5289999842643738,0.49619999527931213
YOR119C,YHR133C,0,0.15301439,0.09632192552089691,0.5289999842643738,0.49630001187324524
YLR023C,YLR056W,0,0.1530143,0.09630438685417175,0.5289999842643738,0.49639999866485596
YOR090C,YPL173W,0,0.1529439,0.09628685563802719,0.5289999842643738,0.4964999854564667
YOR192C,YMR207C,0,0.15293537,0.09626933932304382,0.5289999842643738,0.4966000020503998
YLR313C,YER060W,0,0.15288916,0.09625182300806046,0.5289999842643738,0.4966999888420105
YGR055W,YCL068C,0,0.15288843,0.09623430669307709,0.5289999842643738,0.4968000054359436
YLR054C,YHR020W,0,0.15286805,0.09621680527925491,0.5289999842643738,0.4968999922275543
YOR264W,YMR215W,0,0.15286689,0.09619931131601334,0.5289999842643738,0.4970000088214874
YNL041C,YGL078C,0,0.1527227,0.09618181735277176,0.5289999842643738,0.49709999561309814
YGL189C,YMR158W,0,0.1526791,0.09616433084011078,0.5289999842643738,0.49720001220703125
YOL132W,YOR195W,0,0.15266253,0.09614685922861099,0.5289999842643738,0.49729999899864197
YCL051W,YIR004W,0,0.15266074,0.0961293876171112,0.5289999842643738,0.4973999857902527
YML086C,YPL145C,0,0.1525414,0.09611191600561142,0.5289999842643738,0.4975000023841858
YGR094W,YOR259C,0,0.15249522,0.09609445929527283,0.5289999842643738,0.4975999891757965
YNL076W,YGL194C,0,0.15238352,0.09607701003551483,0.5289999842643738,0.4977000057697296
YDL081C,YOR110W,0,0.15232995,0.09605956077575684,0.5289999842643738,0.49779999256134033
YJR042W,YDL105W,0,0.15229903,0.09604211896657944,0.5289999842643738,0.49790000915527344
YMR048W,YNL278W,0,0.15228683,0.09602468460798264,0.5289999842643738,0.49799999594688416
YNR019W,YBR191W,0,0.15227306,0.09600725769996643,0.5289999842643738,0.49810001254081726
YER028C,YGR274C,1,0.15224227,0.0961712971329689,0.5299999713897705,0.49810001254081726
YMR236W,YML098W,1,0.1521915,0.096335269510746,0.531000018119812,0.49810001254081726
YGR099W,YGL061C,0,0.15218413,0.09631779789924622,0.531000018119812,0.498199999332428
YBR153W,YGL053W,0,0.15209465,0.09630032628774643,0.531000018119812,0.4982999861240387
YJL174W,YOR363C,0,0.1518486,0.09628286212682724,0.531000018119812,0.4984000027179718
YBR295W,YJR052W,0,0.151841,0.09626541286706924,0.531000018119812,0.4984999895095825
YOR383C,YDR019C,0,0.1517981,0.09624796360731125,0.531000018119812,0.4986000061035156
YLR189C,YHR157W,0,0.15176494,0.09623052179813385,0.531000018119812,0.49869999289512634
YIL036W,YPR086W,1,0.15165427,0.09639427065849304,0.5320000052452087,0.49869999289512634
YKR053C,YCR105W,0,0.15163013,0.09637681394815445,0.5320000052452087,0.49880000948905945
YCR106W,YIR031C,0,0.15155599,0.09635935723781586,0.5320000052452087,0.49889999628067017
YOL069W,YNL066W,0,0.15153606,0.09634190797805786,0.5320000052452087,0.49900001287460327
YIL036W,YGR260W,0,0.15146503,0.09632445871829987,0.5320000052452087,0.499099999666214
YPL203W,YHR005C,0,0.15138681,0.09630702435970306,0.5320000052452087,0.4991999864578247
YFL005W,YJL196C,0,0.15131901,0.09628959000110626,0.5320000052452087,0.4993000030517578
YDL091C,YDL076C,0,0.1513093,0.09627217054367065,0.5320000052452087,0.49939998984336853
YEL019C,YCL044C,0,0.15128574,0.09625475108623505,0.5320000052452087,0.49950000643730164
YLR059C,YKR052C,0,0.15126233,0.09623733907938004,0.5320000052452087,0.49959999322891235
YDL105W,YDR300C,0,0.15124975,0.09621993452310562,0.5320000052452087,0.49970000982284546
YLR413W,YPR169W,0,0.15124875,0.09620252996683121,0.5320000052452087,0.4997999966144562
YBL014C,YKR083C,0,0.15118164,0.09618514031171799,0.5320000052452087,0.4999000132083893
YNL194C,YKL077W,0,0.15111142,0.09616775065660477,0.5320000052452087,0.5
YGR235C,YMR275C,0,0.15110472,0.09615036845207214,0.5320000052452087,0.5001000165939331
YOL135C,YDR246W,0,0.15105247,0.09613299369812012,0.5320000052452087,0.5001999735832214
YIL075C,YML107C,0,0.1510173,0.09611562639474869,0.5320000052452087,0.5002999901771545
YAL056W,YJL083W,0,0.15100367,0.09609826654195786,0.5320000052452087,0.5004000067710876
YCR035C,YPR174C,0,0.15098073,0.09608090668916702,0.5320000052452087,0.5005000233650208
YPR143W,YHR158C,0,0.1509665,0.09606356173753738,0.5320000052452087,0.5005999803543091
YNR032C-A,YOL078W,0,0.15089361,0.09604621678590775,0.5320000052452087,0.5006999969482422
YMR220W,YKL150W,0,0.15080096,0.0960288792848587,0.5320000052452087,0.5008000135421753
YDL113C,YOR259C,0,0.15076888,0.09601154923439026,0.5320000052452087,0.5008999705314636
YNL314W,YKR062W,1,0.15073873,0.09617466479539871,0.5329999923706055,0.5008999705314636
YMR230W,YNL029C,0,0.15072782,0.09615731239318848,0.5329999923706055,0.5009999871253967
YMR110C,YGL045W,0,0.15052122,0.09613996744155884,0.5329999923706055,0.5011000037193298
YLR239C,YIR019C,0,0.15049219,0.0961226299405098,0.5329999923706055,0.5012000203132629
YBL013W,YPL076W,0,0.15042476,0.09610529989004135,0.5329999923706055,0.5012999773025513
YHR033W,YMR091C,0,0.15035248,0.0960879772901535,0.5329999923706055,0.5013999938964844
YDR025W,YKL058W,0,0.15033673,0.09607065469026566,0.5329999923706055,0.5015000104904175
YMR158W,YNL094W,0,0.15030408,0.0960533395409584,0.5329999923706055,0.5016000270843506
YKR077W,YEL006W,0,0.15025435,0.09603603929281235,0.5329999923706055,0.5016999840736389
YPL168W,YGR138C,0,0.15014687,0.09601873904466629,0.5329999923706055,0.501800000667572
YER109C,YPR046W,0,0.1501159,0.09600143879652023,0.5329999923706055,0.5019000172615051
YLL066C,YHR201C,0,0.1501013,0.09598415344953537,0.5329999923706055,0.5019999742507935
YLR215C,YHR114W,0,0.15009063,0.0959668681025505,0.5329999923706055,0.5020999908447266
YBR181C,YOR011W,0,0.1499555,0.09594959765672684,0.5329999923706055,0.5022000074386597
YKR077W,YGR142W,0,0.14993781,0.09593232721090317,0.5329999923706055,0.5023000240325928
YBL007C,YHR120W,0,0.14992413,0.0959150642156601,0.5329999923706055,0.5023999810218811
YPL207W,YPL040C,0,0.14985497,0.09589780867099762,0.5329999923706055,0.5024999976158142
YDL113C,YKL043W,0,0.1497529,0.09588055312633514,0.5329999923706055,0.5026000142097473
YAL048C,YCL054W,0,0.14972737,0.09586331248283386,0.5329999923706055,0.5026999711990356
YNL045W,YLL006W,0,0.14968719,0.09584607183933258,0.5329999923706055,0.5027999877929688
YOR117W,YOR060C,0,0.14966321,0.0958288386464119,0.5329999923706055,0.5029000043869019
YAL048C,YLR223C,0,0.14965126,0.09581161290407181,0.5329999923706055,0.503000020980835
YHR148W,YNL038W,0,0.14960875,0.09579439461231232,0.5329999923706055,0.5030999779701233
YHR122W,YKL149C,0,0.14957912,0.09577717632055283,0.5329999923706055,0.5031999945640564
YAL028W,YLR067C,0,0.14957143,0.09575997292995453,0.5329999923706055,0.5033000111579895
YDR362C,YGR186W,1,0.1495164,0.09592240303754807,0.5339999794960022,0.5033000111579895
YBR101C,YGR057C,0,0.14949612,0.09590516984462738,0.5339999794960022,0.5034000277519226
YBR208C,YDR437W,0,0.14940803,0.09588795155286789,0.5339999794960022,0.5034999847412109
YOL122C,YLR324W,0,0.14934836,0.0958707332611084,0.5339999794960022,0.503600001335144
YLR083C,YNL123W,0,0.14927262,0.0958535298705101,0.5339999794960022,0.5037000179290771
YEL048C,YHL025W,0,0.14920881,0.0958363264799118,0.5339999794960022,0.5037999749183655
YBR180W,YKL087C,0,0.1491454,0.0958191305398941,0.5339999794960022,0.5038999915122986
YLR345W,YDL076C,0,0.14891803,0.0958019345998764,0.5339999794960022,0.5040000081062317
YMR192W,YKL150W,0,0.1489067,0.0957847535610199,0.5339999794960022,0.5041000247001648
YHR035W,YHR001W-A,0,0.14882566,0.09576757252216339,0.5339999794960022,0.5041999816894531
YKR093W,YLR360W,0,0.14870113,0.09575040638446808,0.5339999794960022,0.5042999982833862
YBR091C,YML047C,0,0.14863834,0.09573324024677277,0.5339999794960022,0.5044000148773193
YPL169C,YGL192W,0,0.14863093,0.09571608155965805,0.5339999794960022,0.5044999718666077
YLR324W,YFR053C,0,0.14862928,0.09569892287254333,0.5339999794960022,0.5045999884605408
YGL087C,YIL011W,0,0.1486209,0.09568177908658981,0.5339999794960022,0.5047000050544739
YLR288C,YOR259C,0,0.14860485,0.09566463530063629,0.5339999794960022,0.504800021648407
YMR215W,YHR014W,0,0.1486,0.09564749896526337,0.5339999794960022,0.5048999786376953
YLR361C,YNR033W,0,0.14859283,0.09563037008047104,0.5339999794960022,0.5049999952316284
YLR193C,YML127W,0,0.14849848,0.09561324864625931,0.5339999794960022,0.5051000118255615
YBR081C,YER045C,1,0.14846332,0.09577514976263046,0.5350000262260437,0.5051000118255615
YHL035C,YPL253C,0,0.14844622,0.09575800597667694,0.5350000262260437,0.5052000284194946
YPL146C,YKL192C,0,0.1484409,0.09574086964130402,0.5350000262260437,0.505299985408783
YML015C,YPR186C,1,0.14838766,0.09590266644954681,0.5360000133514404,0.505299985408783
YLR451W,YGL107C,0,0.14825116,0.0958855077624321,0.5360000133514404,0.5054000020027161
YHR202W,YER129W,0,0.14815803,0.09586835652589798,0.5360000133514404,0.5055000185966492
YPL018W,YPL189W,0,0.14795531,0.09585121273994446,0.5360000133514404,0.5055999755859375
YBR153W,YCR063W,0,0.14795412,0.09583407640457153,0.5360000133514404,0.5056999921798706
YGL098W,YGR030C,0,0.14788468,0.0958169475197792,0.5360000133514404,0.5058000087738037
YDR372C,YLR092W,0,0.14786504,0.09579981863498688,0.5360000133514404,0.5059000253677368
YLR299W,YKL087C,0,0.14783879,0.09578270465135574,0.5360000133514404,0.5059999823570251
YIL036W,YNL039W,1,0.14778619,0.09594425559043884,0.5370000004768372,0.5059999823570251
YJL089W,YOR103C,0,0.14777143,0.09592711925506592,0.5370000004768372,0.5060999989509583
YLR039C,YCR031C,0,0.147724,0.095909982919693,0.5370000004768372,0.5062000155448914
YDR345C,YKR078W,0,0.14761546,0.09589285403490067,0.5370000004768372,0.5062999725341797
YDR311W,YLR399C,1,0.14755495,0.09605427831411362,0.5379999876022339,0.5062999725341797
YBR069C,YBR091C,0,0.14753874,0.0960371270775795,0.5379999876022339,0.5063999891281128
YNL222W,YPL129W,1,0.14747347,0.09619846194982529,0.5389999747276306,0.5063999891281128
YBR130C,YPR120C,0,0.14738517,0.09618129581212997,0.5389999747276306,0.5065000057220459
YGR007W,YER178W,0,0.14735734,0.09616413712501526,0.5389999747276306,0.506600022315979
YDR200C,YLR323C,0,0.14726241,0.09614698588848114,0.5389999747276306,0.5066999793052673
YIL052C,YDL102W,0,0.14724405,0.09612983465194702,0.5389999747276306,0.5067999958992004
YIL106W,YNL181W,0,0.14722036,0.0961126983165741,0.5389999747276306,0.5069000124931335
YOR236W,YJL069C,0,0.14718005,0.09609556198120117,0.5389999747276306,0.5070000290870667
YGR004W,YER060W,0,0.14714612,0.09607843309640884,0.5389999747276306,0.507099986076355
YER014W,YLR313C,0,0.1471188,0.09606131166219711,0.5389999747276306,0.5072000026702881
YER139C,YBR060C,0,0.14703703,0.09604419022798538,0.5389999747276306,0.5073000192642212
YNL164C,YOR158W,0,0.14701767,0.09602708369493484,0.5389999747276306,0.5073999762535095
YMR059W,YOR019W,0,0.14700224,0.09600997716188431,0.5389999747276306,0.5074999928474426
YOL069W,YMR262W,0,0.14699294,0.09599287807941437,0.5389999747276306,0.5076000094413757
YGR007W,YKL060C,0,0.14695859,0.09597578644752502,0.5389999747276306,0.5077000260353088
YKL045W,YAL048C,0,0.14695711,0.09595869481563568,0.5389999747276306,0.5077999830245972
YER063W,YGR017W,0,0.14668837,0.09594161808490753,0.5389999747276306,0.5078999996185303
YPL209C,YNL194C,0,0.14667012,0.09592454135417938,0.5389999747276306,0.5080000162124634
YER139C,YKL002W,0,0.14665806,0.09590747207403183,0.5389999747276306,0.5080999732017517
YGL096W,YDL223C,0,0.14653267,0.09589041024446487,0.5389999747276306,0.5081999897956848
YPR057W,YKL192C,0,0.14650808,0.09587335586547852,0.5389999747276306,0.5083000063896179
YOR266W,YHR037W,0,0.14645779,0.09585630148649216,0.5389999747276306,0.508400022983551
YBR198C,YIL036W,1,0.14644596,0.09601707011461258,0.5400000214576721,0.508400022983551
YER028C,YCL010C,1,0.14642335,0.09617777913808823,0.5410000085830688,0.508400022983551
YER176W,YKL058W,0,0.14632885,0.09616068005561829,0.5410000085830688,0.5084999799728394
YOR016C,YFL061W,0,0.14627276,0.09614359587430954,0.5410000085830688,0.5085999965667725
YOR193W,YPL239W,0,0.14620514,0.0961265116930008,0.5410000085830688,0.5087000131607056
YJR132W,YPR133C,0,0.14615862,0.09610943496227264,0.5410000085830688,0.5088000297546387
YHR108W,YOR177C,0,0.14596495,0.09609236568212509,0.5410000085830688,0.508899986743927
YOR194C,YKR062W,1,0.14593329,0.09625288844108582,0.5419999957084656,0.508899986743927
YDR040C,YPR133C,0,0.14590977,0.09623579680919647,0.5419999957084656,0.5090000033378601
YGR174C,YDR122W,0,0.1457672,0.09621871262788773,0.5419999957084656,0.5091000199317932
YDL081C,YIL107C,0,0.145521,0.09620163589715958,0.5419999957084656,0.5091999769210815
YNL056W,YJR118C,0,0.14550872,0.09618455916643143,0.5419999957084656,0.5092999935150146
YNL181W,YNR071C,0,0.14549337,0.09616749733686447,0.5419999957084656,0.5094000101089478
YDR145W,YJL011C,1,0.1454673,0.09632783383131027,0.5429999828338623,0.5094000101089478
YGL115W,YIR026C,0,0.14527741,0.09631074965000153,0.5429999828338623,0.5095000267028809
YIL119C,YNR053C,0,0.14514041,0.09629366546869278,0.5429999828338623,0.5095999836921692
YKL045W,YGL219C,0,0.14510782,0.09627659618854523,0.5429999828338623,0.5097000002861023
YOL096C,YLR092W,0,0.14507979,0.09625952690839767,0.5429999828338623,0.5098000168800354
YGR083C,YOR086C,0,0.14503728,0.09624246507883072,0.5429999828338623,0.5098999738693237
YML023C,YIL069C,0,0.14503615,0.09622541069984436,0.5429999828338623,0.5099999904632568
YPL105C,YKR089C,0,0.14501242,0.0962083637714386,0.5429999828338623,0.5101000070571899
YOR192C,YMR225C,0,0.14493103,0.09619131684303284,0.5429999828338623,0.510200023651123
YPR003C,YMR118C,0,0.14491193,0.09617428481578827,0.5429999828338623,0.5102999806404114
YDL003W,YJL212C,0,0.1448542,0.0961572527885437,0.5429999828338623,0.5103999972343445
YBR085W,YHR214W,0,0.14480199,0.09614022821187973,0.5429999828338623,0.5105000138282776
YNL247W,YLL053C,0,0.14469434,0.09612321108579636,0.5429999828338623,0.5105999708175659
YLR284C,YPR148C,0,0.14466982,0.09610619395971298,0.5429999828338623,0.510699987411499
YLR011W,YHL026C,0,0.1446649,0.0960891842842102,0.5429999828338623,0.5108000040054321
YKR027W,YHR118C,0,0.14463386,0.09607218950986862,0.5429999828338623,0.5109000205993652
YML067C,YGR040W,0,0.14462529,0.09605519473552704,0.5429999828338623,0.5109999775886536
YOR091W,YGL238W,0,0.14461045,0.09603819996118546,0.5429999828338623,0.5110999941825867
YCR042C,YBR081C,1,0.1445123,0.09619805216789246,0.5440000295639038,0.5110999941825867
YPR161C,YBR107C,0,0.14450592,0.09618104994297028,0.5440000295639038,0.5112000107765198
YLR288C,YDL031W,0,0.14448975,0.0961640477180481,0.5440000295639038,0.5113000273704529
YPR056W,YKL144C,1,0.14448711,0.09632378816604614,0.5450000166893005,0.5113000273704529
YHL017W,YMR074C,0,0.14447287,0.09630677103996277,0.5450000166893005,0.5113999843597412
YOR065W,YNL173C,0,0.14438872,0.0962897539138794,0.5450000166893005,0.5115000009536743
YER177W,YKR031C,0,0.1443508,0.09627274423837662,0.5450000166893005,0.5116000175476074
YOR192C,YJL001W,0,0.14433978,0.09625574201345444,0.5450000166893005,0.5116999745368958
YCR036W,YDR188W,0,0.14432015,0.09623873978853226,0.5450000166893005,0.5117999911308289
YML100W,YOL096C,0,0.14423086,0.09622175246477127,0.5450000166893005,0.511900007724762
YBL013W,YNL173C,0,0.14420858,0.09620476514101028,0.5450000166893005,0.5120000243186951
YDR045C,YOR335C,0,0.14407276,0.0961877852678299,0.5450000166893005,0.5120999813079834
YPL198W,YDR397C,0,0.14404707,0.0961708128452301,0.5450000166893005,0.5121999979019165
YDR091C,YKL029C,0,0.14404094,0.09615384787321091,0.5450000166893005,0.5123000144958496
YIL147C,YHR154W,0,0.14402665,0.09613688290119171,0.5450000166893005,0.5123999714851379
YPL280W,YFL056C,0,0.1438732,0.09611993283033371,0.5450000166893005,0.512499988079071
YNL286W,YDR021W,0,0.14377022,0.09610298275947571,0.5450000166893005,0.5126000046730042
YPR025C,YDR145W,1,0.14375322,0.09626234322786331,0.5460000038146973,0.5126000046730042
YNL167C,YJL196C,0,0.14372253,0.09624537080526352,0.5460000038146973,0.5127000212669373
YNL194C,YBR094W,0,0.1436131,0.09622841328382492,0.5460000038146973,0.5127999782562256
YGR204W,YBR112C,0,0.14360596,0.09621145576238632,0.5460000038146973,0.5128999948501587
YPR114W,YPR034W,0,0.14358522,0.09619450569152832,0.5460000038146973,0.5130000114440918
YMR105C,YER032W,0,0.14337851,0.09617755562067032,0.5460000038146973,0.5131000280380249
YDL220C,YFR038W,0,0.14337586,0.09616062045097351,0.5460000038146973,0.5131999850273132
YML114C,YBR123C,1,0.1431471,0.0963197723031044,0.546999990940094,0.5131999850273132
YIL098C,YHR114W,0,0.14302245,0.0963028147816658,0.546999990940094,0.5133000016212463
YPL203W,YGL198W,0,0.1429634,0.0962858647108078,0.546999990940094,0.5134000182151794
YKR062W,YDR448W,1,0.14288361,0.09644491225481033,0.5479999780654907,0.5134000182151794
YDR092W,YPL183C,0,0.14281599,0.09642793983221054,0.5479999780654907,0.5134999752044678
YPL007C,YML114C,1,0.14273623,0.0965869128704071,0.5490000247955322,0.5134999752044678
YPL248C,YMR237W,0,0.14273487,0.09656991809606552,0.5490000247955322,0.5135999917984009
YDR441C,YKL192C,0,0.1426961,0.09655293822288513,0.5490000247955322,0.513700008392334
YOL009C,YMR262W,0,0.1426395,0.09653595834970474,0.5490000247955322,0.5138000249862671
YPR110C,YKL191W,0,0.14261438,0.09651898592710495,0.5490000247955322,0.5138999819755554
YIL096C,YGR296W,0,0.14260866,0.09650202095508575,0.5490000247955322,0.5139999985694885
YGR178C,YDR002W,0,0.14256735,0.09648506343364716,0.5490000247955322,0.5141000151634216
YOR363C,YER109C,0,0.14255747,0.09646810591220856,0.5490000247955322,0.51419997215271
YFR031C-A,YDR469W,0,0.14246611,0.09645115584135056,0.5490000247955322,0.5142999887466431
YDL108W,YML114C,1,0.14242043,0.09660986810922623,0.550000011920929,0.5142999887466431
YDR080W,YGL240W,0,0.14240287,0.09659290313720703,0.550000011920929,0.5144000053405762
YBR198C,YIL143C,1,0.1422549,0.09675153344869614,0.5509999990463257,0.5144000053405762
YLL031C,YGL061C,0,0.14221504,0.09673455357551575,0.5509999990463257,0.5145000219345093
YKL028W,YER028C,1,0.14214002,0.09689310193061829,0.5519999861717224,0.5145000219345093
YNR032C-A,YOR254C,0,0.142078,0.0968760997056961,0.5519999861717224,0.5145999789237976
YHR118C,YLL067C,0,0.14206049,0.09685909748077393,0.5519999861717224,0.5146999955177307
YKR100C,YIL153W,0,0.14204223,0.09684210270643234,0.5519999861717224,0.5148000121116638
YCL010C,YGL043W,1,0.14192581,0.09700052440166473,0.5529999732971191,0.5148000121116638
YER177W,YER023W,0,0.14187306,0.09698351472616196,0.5529999732971191,0.5149000287055969
YNL056W,YBL051C,0,0.1418407,0.09696651250123978,0.5529999732971191,0.5149999856948853
YOR192C,YOR109W,0,0.14169142,0.0969495102763176,0.5529999732971191,0.5151000022888184
YDL175C,YNL161W,0,0.14152645,0.09693251550197601,0.5529999732971191,0.5152000188827515
YDR045C,YBR028C,0,0.14151795,0.09691552817821503,0.5529999732971191,0.5152999758720398
YEL001C,YBR295W,0,0.1414936,0.09689854830503464,0.5529999732971191,0.5153999924659729
YDR021W,YML047C,0,0.14143501,0.09688156843185425,0.5529999732971191,0.515500009059906
YJL183W,YGL129C,0,0.14124988,0.09686460345983505,0.5529999732971191,0.5156000256538391
YOR267C,YGL194C,0,0.1411001,0.09684763848781586,0.5529999732971191,0.5156999826431274
YML045W,YGL238W,0,0.14109862,0.09683068096637726,0.5529999732971191,0.5157999992370605
YKL029C,YMR002W,0,0.14093144,0.09681372344493866,0.5529999732971191,0.5159000158309937
YKR034W,YNR071C,0,0.1408246,0.09679678082466125,0.5529999732971191,0.515999972820282
YOL069W,YDR468C,0,0.1408057,0.09677983820438385,0.5529999732971191,0.5160999894142151
YML061C,YCL064C,0,0.1407796,0.09676290303468704,0.5529999732971191,0.5162000060081482
YLL026W,YOR192C,0,0.1407498,0.09674597531557083,0.5529999732971191,0.5163000226020813
YPR128C,YOL012C,0,0.14074405,0.09672905504703522,0.5529999732971191,0.5163999795913696
YGR138C,YDR165W,0,0.14072731,0.0967121347784996,0.5529999732971191,0.5164999961853027
YER056C,YMR232W,0,0.14070834,0.09669522941112518,0.5529999732971191,0.5166000127792358
YPL082C,YBL103C,1,0.1406887,0.09685314446687698,0.5540000200271606,0.5166000127792358
YPR007C,YHR133C,0,0.14062369,0.09683621674776077,0.5540000200271606,0.516700029373169
YHR214W,YKR077W,0,0.14060037,0.09681929647922516,0.5540000200271606,0.5167999863624573
YPR186C,YGR186W,1,0.1405513,0.0969771072268486,0.5550000071525574,0.5167999863624573
YKL045W,YDL076C,0,0.14052449,0.0969601646065712,0.5550000071525574,0.5169000029563904
YPR173C,YBR180W,0,0.14048572,0.09694322943687439,0.5550000071525574,0.5170000195503235
YAL019W,YGR094W,0,0.14045094,0.09692630171775818,0.5550000071525574,0.5170999765396118
YLR234W,YMR035W,0,0.14041963,0.09690937399864197,0.5550000071525574,0.5171999931335449
YOR372C,YCL054W,0,0.14022286,0.09689246118068695,0.5550000071525574,0.517300009727478
YNL132W,YDL211C,0,0.14021002,0.09687554836273193,0.5550000071525574,0.5174000263214111
YBR212W,YCR038C,0,0.14006299,0.09685863554477692,0.5550000071525574,0.5174999833106995
YJL162C,YDR190C,0,0.14003639,0.0968417376279831,0.5550000071525574,0.5175999999046326
YOR194C,YKL028W,1,0.13997395,0.09699930250644684,0.5559999942779541,0.5175999999046326
YDR482C,YJL197W,0,0.13996191,0.09698238223791122,0.5559999942779541,0.5177000164985657
YLL018C,YMR225C,0,0.13992882,0.09696546941995621,0.5559999942779541,0.517799973487854
YBR107C,YBR146W,0,0.1399275,0.09694856405258179,0.5559999942779541,0.5178999900817871
YPR106W,YKL087C,0,0.13988292,0.09693165868520737,0.5559999942779541,0.5180000066757202
YER176W,YPL043W,0,0.13981934,0.09691476076841354,0.5559999942779541,0.5181000232696533
YLR061W,YLR299W,0,0.1398148,0.09689787030220032,0.5559999942779541,0.5181999802589417
YHR185C,YKL054C,0,0.13979162,0.09688098728656769,0.5559999942779541,0.5182999968528748
YAL048C,YLR058C,0,0.13966034,0.09686411172151566,0.5559999942779541,0.5184000134468079
YPL280W,YGL226W,0,0.13964841,0.09684723615646362,0.5559999942779541,0.5184999704360962
YOR236W,YDR023W,0,0.13959472,0.09683037549257278,0.5559999942779541,0.5185999870300293
YGL189C,YER014W,0,0.13951568,0.09681351482868195,0.5559999942779541,0.5187000036239624
YPL138C,YNL251C,0,0.13949947,0.09679665416479111,0.5559999942779541,0.5188000202178955
YGL092W,YIL009W,0,0.13948335,0.09677980840206146,0.5559999942779541,0.5188999772071838
YGL063W,YMR322C,0,0.13946538,0.09676296263933182,0.5559999942779541,0.5189999938011169
YGL115W,YLR056W,0,0.13944127,0.09674613177776337,0.5559999942779541,0.51910001039505
YOR087W,YBR146W,0,0.13942403,0.09672929346561432,0.5559999942779541,0.5192000269889832
YBR101C,YPR008W,0,0.13930117,0.09671247005462646,0.5559999942779541,0.5192999839782715
YDR148C,YNL221C,0,0.13929327,0.09669565409421921,0.5559999942779541,0.5194000005722046
YNL103W,YJL054W,0,0.13928963,0.09667883813381195,0.5559999942779541,0.5195000171661377
YML023C,YOR267C,0,0.13927583,0.09666202962398529,0.5559999942779541,0.519599974155426
YMR005W,YGL244W,1,0.13924181,0.09681905061006546,0.5569999814033508,0.519599974155426
YGR044C,YKL005C,0,0.13916673,0.0968022271990776,0.5569999814033508,0.5196999907493591
YPL082C,YKR062W,1,0.1391638,0.09695916622877121,0.5580000281333923,0.5196999907493591
YGR170W,YGL085W,0,0.13913026,0.09694232046604156,0.5580000281333923,0.5198000073432922
YOR087W,YPL036W,0,0.13907968,0.09692548215389252,0.5580000281333923,0.5199000239372253
YER063W,YER005W,0,0.13905993,0.09690865129232407,0.5580000281333923,0.5199999809265137
YHR120W,YGR097W,0,0.13897105,0.09689182043075562,0.5580000281333923,0.5200999975204468
YER044C-A,YHL031C,0,0.13897033,0.09687499701976776,0.5580000281333923,0.5202000141143799
YML133C,YGL018C,0,0.13894962,0.0968581810593605,0.5580000281333923,0.5202999711036682
YDR167W,YBL103C,1,0.13894293,0.09701492637395859,0.5590000152587891,0.5202999711036682
YMR015C,YLL057C,0,0.13882227,0.09699808806180954,0.5590000152587891,0.5203999876976013
YPR034W,YML096W,0,0.13882162,0.09698126465082169,0.5590000152587891,0.5205000042915344
YOR192C,YHR149C,0,0.1387039,0.09696444123983383,0.5590000152587891,0.5206000208854675
YNL054W,YLR067C,0,0.13858266,0.09694762527942657,0.5590000152587891,0.5206999778747559
YJR153W,YGR193C,0,0.13855815,0.09693081676959991,0.5590000152587891,0.520799994468689
YGR017W,YBR131W,0,0.13851076,0.09691400825977325,0.5590000152587891,0.5209000110626221
YDR261C,YBR049C,0,0.13850231,0.09689720720052719,0.5590000152587891,0.5210000276565552
YOR191W,YEL048C,0,0.13848384,0.09688041359186172,0.5590000152587891,0.5210999846458435
YKL185W,YLR054C,0,0.1383322,0.09686362743377686,0.5590000152587891,0.5212000012397766
YDR361C,YHR080C,0,0.13832407,0.09684684872627258,0.5590000152587891,0.5213000178337097
YDR100W,YKR031C,0,0.1382242,0.09683007001876831,0.5590000152587891,0.521399974822998
YDL072C,YLR259C,0,0.13818322,0.09681329876184464,0.5590000152587891,0.5214999914169312
YOL012C,YDR217C,0,0.13810055,0.09679653495550156,0.5590000152587891,0.5216000080108643
YJR150C,YOR032C,0,0.13809723,0.09677977859973907,0.5590000152587891,0.5217000246047974
YDR122W,YCR106W,0,0.13800587,0.09676302224397659,0.5590000152587891,0.5217999815940857
YOR045W,YER032W,0,0.13797362,0.0967462807893753,0.5590000152587891,0.5218999981880188
YLR377C,YDL113C,0,0.13797355,0.09672953933477402,0.5590000152587891,0.5220000147819519
YPL004C,YGL127C,0,0.13782437,0.09671280533075333,0.5590000152587891,0.5220999717712402
YEL005C,YGR129W,0,0.13777703,0.09669607132673264,0.5590000152587891,0.5221999883651733
YLL053C,YER060W,0,0.13757691,0.09667935222387314,0.5590000152587891,0.5223000049591064
YER041W,YLR384C,0,0.13756852,0.09666263312101364,0.5590000152587891,0.5224000215530396
YMR015C,YBR218C,0,0.13749905,0.09664592146873474,0.5590000152587891,0.5224999785423279
YPR134W,YCR024C,0,0.13748564,0.09662920981645584,0.5590000152587891,0.522599995136261
YDR398W,YLR011W,0,0.13740738,0.09661251306533813,0.5590000152587891,0.5227000117301941
YPL133C,YLR263W,0,0.13733457,0.09659581631422043,0.5590000152587891,0.5228000283241272
YNL247W,YNR033W,0,0.1372925,0.09657912701368332,0.5590000152587891,0.5228999853134155
YAL007C,YMR207C,0,0.13725303,0.0965624451637268,0.5590000152587891,0.5230000019073486
YNL145W,YDR468C,0,0.1372088,0.09654577076435089,0.5590000152587891,0.5231000185012817
YBR078W,YHR149C,0,0.13719329,0.09652909636497498,0.5590000152587891,0.5231999754905701
YFR031C-A,YHR185C,0,0.13718767,0.09651242941617966,0.5590000152587891,0.5232999920845032
YNL194C,YBR169C,0,0.13716866,0.09649576991796494,0.5590000152587891,0.5234000086784363
YDR129C,YOR241W,0,0.1371664,0.09647911787033081,0.5590000152587891,0.5235000252723694
YMR110C,YPL235W,0,0.13706513,0.09646246582269669,0.5590000152587891,0.5235999822616577
YLR363C,YBR168W,0,0.13705675,0.09644582122564316,0.5590000152587891,0.5236999988555908
YMR101C,YER015W,0,0.13697755,0.09642918407917023,0.5590000152587891,0.5238000154495239
YER031C,YML133C,0,0.13691217,0.0964125543832779,0.5590000152587891,0.5238999724388123
YLR011W,YOL061W,0,0.13689266,0.09639593213796616,0.5590000152587891,0.5239999890327454
YCR105W,YDL139C,0,0.13684653,0.09637930989265442,0.5590000152587891,0.5241000056266785
YDL105W,YCR018C,0,0.13679631,0.09636269509792328,0.5590000152587891,0.5242000222206116
YOR383C,YOL012C,0,0.1367817,0.09634608775377274,0.5590000152587891,0.5242999792098999
YGL063W,YER033C,0,0.13677098,0.09632948786020279,0.5590000152587891,0.524399995803833
YHL017W,YHR214W,0,0.13672891,0.09631288796663284,0.5590000152587891,0.5245000123977661
YPL013C,YNL130C,0,0.13664226,0.0962962955236435,0.5590000152587891,0.5246000289916992
YGR080W,YPR155C,0,0.13659886,0.09627971053123474,0.5590000152587891,0.5246999859809875
YNL056W,YML076C,0,0.13658583,0.09626313298940659,0.5590000152587891,0.5248000025749207
YAL011W,YDR188W,0,0.13649951,0.09624655544757843,0.5590000152587891,0.5249000191688538
YML041C,YKL185W,0,0.136495,0.09622998535633087,0.5590000152587891,0.5249999761581421
YBR279W,YJL168C,0,0.13648278,0.09621342271566391,0.5590000152587891,0.5250999927520752
YOR262W,YKL138C,0,0.13635166,0.09619686752557755,0.5590000152587891,0.5252000093460083
YGL243W,YBL091C,0,0.13633062,0.09618031978607178,0.5590000152587891,0.5253000259399414
YKL058W,YAL001C,1,0.13629583,0.09633579850196838,0.5600000023841858,0.5253000259399414
YHR210C,YPR046W,0,0.13625677,0.09631922841072083,0.5600000023841858,0.5253999829292297
YLR185W,YGR283C,0,0.13623774,0.09630266577005386,0.5600000023841858,0.5254999995231628
YOR002W,YOR316C,0,0.13618891,0.0962861105799675,0.5600000023841858,0.525600016117096
YJL098W,YGL171W,0,0.13615705,0.09626955538988113,0.5600000023841858,0.5256999731063843
YLR143W,YMR149W,0,0.13612391,0.09625300765037537,0.5600000023841858,0.5257999897003174
YKL138C,YMR226C,0,0.13608953,0.0962364673614502,0.5600000023841858,0.5259000062942505
YER143W,YOL061W,0,0.13601382,0.09621993452310562,0.5600000023841858,0.5260000228881836
YOR091W,YNL118C,0,0.13590401,0.09620340168476105,0.5600000023841858,0.5260999798774719
YBR188C,YJL001W,0,0.13587783,0.09618687629699707,0.5600000023841858,0.526199996471405
YER177W,YPL234C,0,0.13582164,0.09617035835981369,0.5600000023841858,0.5263000130653381
YKL016C,YKL060C,0,0.13579424,0.09615384787321091,0.5600000023841858,0.5264000296592712
YIL030C,YIL062C,0,0.13575174,0.09613733738660812,0.5600000023841858,0.5264999866485596
YPR003C,YBR301W,0,0.13556771,0.09612083435058594,0.5600000023841858,0.5266000032424927
YLR006C,YKL110C,0,0.13555999,0.09610433876514435,0.5600000023841858,0.5267000198364258
YKL014C,YKL185W,0,0.13549197,0.09608785063028336,0.5600000023841858,0.5267999768257141
YGR047C,YPR056W,1,0.13539608,0.09624292701482773,0.5609999895095825,0.5267999768257141
YHR204W,YBR191W,0,0.13539244,0.09622641652822495,0.5609999895095825,0.5268999934196472
YIL022W,YPL097W,0,0.13538022,0.09620991349220276,0.5609999895095825,0.5270000100135803
YEL009C,YPR086W,1,0.13537176,0.09636488556861877,0.5619999766349792,0.5270000100135803
YHR009C,YIL087C,0,0.13536455,0.0963483601808548,0.5619999766349792,0.5271000266075134
YPL215W,YHL025W,0,0.13527344,0.09633184969425201,0.5619999766349792,0.5271999835968018
YDR145W,YKR077W,0,0.13520028,0.09631533920764923,0.5619999766349792,0.5273000001907349
YHR099W,YEL009C,1,0.13514152,0.0964701846241951,0.5630000233650208,0.5273000001907349
YPL126W,YDR386W,0,0.13513249,0.09645365923643112,0.5630000233650208,0.527400016784668
YGL207W,YLR005W,1,0.1350928,0.09660843014717102,0.5640000104904175,0.527400016784668
YBL031W,YDR087C,0,0.13505648,0.09659188240766525,0.5640000104904175,0.5274999737739563
YDR004W,YOR249C,0,0.13497129,0.09657534211874008,0.5640000104904175,0.5275999903678894
YKR075C,YIL053W,0,0.13482372,0.09655880928039551,0.5640000104904175,0.5277000069618225
YDR460W,YKL144C,1,0.1347513,0.09671345353126526,0.5649999976158142,0.5277000069618225
YJR109C,YDR406W,0,0.13463628,0.09669690579175949,0.5649999976158142,0.5278000235557556
YBR060C,YLR115W,0,0.13462107,0.09668035805225372,0.5649999976158142,0.527899980545044
YDR516C,YDL117W,0,0.13460921,0.09666381776332855,0.5649999976158142,0.527999997138977
YBR119W,YNR037C,0,0.13453746,0.09664727747440338,0.5649999976158142,0.5281000137329102
YLR248W,YGL111W,0,0.13445191,0.0966307520866394,0.5649999976158142,0.5281999707221985
YPL225W,YLR181C,0,0.13441224,0.09661422669887543,0.5649999976158142,0.5282999873161316
YBR218C,YNL164C,0,0.13437492,0.09659770876169205,0.5649999976158142,0.5284000039100647
YMR243C,YPL130W,0,0.13433139,0.09658119827508926,0.5649999976158142,0.5285000205039978
YMR234W,YPR097W,0,0.13430825,0.09656468778848648,0.5649999976158142,0.5285999774932861
YLR248W,YGL240W,0,0.1342635,0.09654819220304489,0.5649999976158142,0.5286999940872192
YDR023W,YBR015C,0,0.13425475,0.0965316966176033,0.5649999976158142,0.5288000106811523
YOL096C,YGL139W,0,0.13425039,0.09651520103216171,0.5649999976158142,0.5289000272750854
YHR001W-A,YPL198W,0,0.1342221,0.09649872034788132,0.5649999976158142,0.5289999842643738
YPR025C,YKL058W,1,0.13417625,0.09665300697088242,0.5659999847412109,0.5289999842643738
YOL089C,YPR186C,1,0.13410011,0.09680724143981934,0.5669999718666077,0.5289999842643738
YER014W,YDR464W,0,0.13403952,0.09679071605205536,0.5669999718666077,0.5291000008583069
YMR041C,YOL116W,0,0.13399039,0.09677419066429138,0.5669999718666077,0.52920001745224
YML133C,YDR259C,0,0.13394798,0.0967576801776886,0.5669999718666077,0.5292999744415283
YDR280W,YJR048W,0,0.13391636,0.09674116969108582,0.5669999718666077,0.5293999910354614
YDL108W,YPR056W,1,0.13382967,0.0968952551484108,0.5680000185966492,0.5293999910354614
YHR001W-A,YKL058W,0,0.1336187,0.09687872976064682,0.5680000185966492,0.5295000076293945
YHR035W,YPL049C,0,0.13358925,0.09686221182346344,0.5680000185966492,0.5296000242233276
YDL189W,YMR158W,0,0.13347279,0.09684569388628006,0.5680000185966492,0.529699981212616
YDL072C,YHR193C,0,0.13338988,0.09682918339967728,0.5680000185966492,0.5297999978065491
YOR119C,YJL094C,0,0.13337728,0.09681268036365509,0.5680000185966492,0.5299000144004822
YPR133C,YJL083W,0,0.13335896,0.0967961847782135,0.5680000185966492,0.5299999713897705
YMR232W,YPL115C,0,0.13327499,0.09677968919277191,0.5680000185966492,0.5300999879837036
YOL096C,YBR188C,0,0.13323373,0.09676320105791092,0.5680000185966492,0.5302000045776367
YBR248C,YER060W,0,0.13318698,0.09674672037363052,0.5680000185966492,0.5303000211715698
YDR175C,YDR105C,0,0.13309021,0.09673024713993073,0.5680000185966492,0.5303999781608582
YFR010W,YNL180C,0,0.13305706,0.09671377390623093,0.5680000185966492,0.5304999947547913
YDR309C,YNL130C,0,0.13301855,0.09669730812311172,0.5680000185966492,0.5306000113487244
YDR091C,YLR352W,0,0.13291584,0.09668084979057312,0.5680000185966492,0.5307000279426575
YJL167W,YGR208W,0,0.13290612,0.09666439890861511,0.5680000185966492,0.5307999849319458
YOR045W,YGL093W,0,0.13279657,0.0966479480266571,0.5680000185966492,0.5309000015258789
YAR033W,YDL149W,0,0.13273667,0.0966315045952797,0.5680000185966492,0.531000018119812
YLR360W,YML031W,0,0.13266744,0.09661506861448288,0.5680000185966492,0.5310999751091003
YKL191W,YGL053W,0,0.13255656,0.09659864008426666,0.5680000185966492,0.5311999917030334
YGL105W,YCL054W,0,0.13253085,0.09658221155405045,0.5680000185966492,0.5313000082969666
YLR143W,YDL223C,0,0.13253014,0.09656579047441483,0.5680000185966492,0.5314000248908997
YOR060C,YGR044C,0,0.13247858,0.0965493768453598,0.5680000185966492,0.531499981880188
YDL003W,YPL161C,0,0.13242705,0.09653297066688538,0.5680000185966492,0.5315999984741211
YBR023C,YMR237W,0,0.13242283,0.09651656448841095,0.5680000185966492,0.5317000150680542
YOL098C,YCR063W,0,0.13241895,0.09650017321109772,0.5680000185966492,0.5317999720573425
YFR049W,YPL097W,0,0.13241397,0.09648377448320389,0.5680000185966492,0.5318999886512756
YML004C,YIL068C,0,0.13232377,0.09646739065647125,0.5680000185966492,0.5320000052452087
YLR185W,YKL006C-A,0,0.13228954,0.09645100682973862,0.5680000185966492,0.5321000218391418
YPL234C,YJL083W,0,0.13228418,0.09643463790416718,0.5680000185966492,0.5321999788284302
YGR005C,YPL011C,1,0.13224496,0.09658801555633545,0.5690000057220459,0.5321999788284302
YNL318C,YBR086C,0,0.13223648,0.09657162427902222,0.5690000057220459,0.5322999954223633
YLR442C,YCL044C,0,0.13218229,0.09655523300170898,0.5690000057220459,0.5324000120162964
YHR169W,YDR381W,0,0.13214542,0.09653885662555695,0.5690000057220459,0.5325000286102295
YGR205W,YPL161C,0,0.13208844,0.09652248024940491,0.5690000057220459,0.5325999855995178
YIL148W,YCL035C,0,0.132069,0.09650610387325287,0.5690000057220459,0.5327000021934509
YHR154W,YGL194C,0,0.132054,0.09648974239826202,0.5690000057220459,0.532800018787384
YML015C,YBR081C,1,0.13201605,0.09664292633533478,0.5699999928474426,0.532800018787384
YPL130W,YDL102W,0,0.13196807,0.09662654995918274,0.5699999928474426,0.5328999757766724
YMR055C,YDR303C,0,0.13194495,0.0966101661324501,0.5699999928474426,0.5329999923706055
YKL194C,YGL115W,0,0.1319098,0.09659379720687866,0.5699999928474426,0.5331000089645386
YGR174C,YBL063W,0,0.13174735,0.09657742828130722,0.5699999928474426,0.5332000255584717
YER177W,YFR030W,0,0.13170101,0.09656107425689697,0.5699999928474426,0.53329998254776
YPR095C,YOR271C,0,0.13170035,0.09654471278190613,0.5699999928474426,0.5333999991416931
YBR146W,YPL233W,0,0.13169327,0.09652836620807648,0.5699999928474426,0.5335000157356262
YLR451W,YLR061W,0,0.13167518,0.09651201963424683,0.5699999928474426,0.5335999727249146
YLR347C,YHR197W,0,0.13165222,0.09649568051099777,0.5699999928474426,0.5336999893188477
YHR103W,YKR027W,0,0.13158782,0.09647934883832932,0.5699999928474426,0.5338000059127808
YOR334W,YMR183C,0,0.13158335,0.09646302461624146,0.5699999928474426,0.5339000225067139
YLR361C,YLR299W,0,0.13156821,0.0964467003941536,0.5699999928474426,0.5339999794960022
YDL175C,YOR335C,0,0.13150486,0.09643038362264633,0.5699999928474426,0.5340999960899353
YOR254C,YER081W,0,0.13145104,0.09641407430171967,0.5699999928474426,0.5342000126838684
YLR037C,YLR247C,0,0.13144185,0.096397764980793,0.5699999928474426,0.5343000292778015
YLR409C,YDR005C,0,0.13142028,0.09638147056102753,0.5699999928474426,0.5343999862670898
YNL190W,YBL025W,0,0.1314122,0.09636517614126205,0.5699999928474426,0.534500002861023
YDR167W,YKL028W,1,0.13139887,0.09651792049407959,0.5709999799728394,0.534500002861023
YGR083C,YBL025W,0,0.13138257,0.09650160372257233,0.5709999799728394,0.534600019454956
YKL062W,YGR044C,0,0.13135149,0.09648530185222626,0.5709999799728394,0.5346999764442444
YER148W,YEL009C,1,0.13134302,0.09663794189691544,0.5720000267028809,0.5346999764442444
YDR328C,YER032W,0,0.13126475,0.09662162512540817,0.5720000267028809,0.5347999930381775
YLL014W,YGR260W,0,0.13119091,0.09660530090332031,0.5720000267028809,0.5349000096321106
YDR201W,YIR031C,0,0.13114361,0.09658899158239365,0.5720000267028809,0.5350000262260437
YLR193C,YDL123W,0,0.13111745,0.09657268226146698,0.5720000267028809,0.535099983215332
YOL042W,YHR006W,0,0.1310902,0.09655638039112091,0.5720000267028809,0.5351999998092651
YLL031C,YGL049C,0,0.13090566,0.09654008597135544,0.5720000267028809,0.5353000164031982
YDL160C,YDR500C,0,0.1307135,0.09652379155158997,0.5720000267028809,0.5353999733924866
YNL286W,YFR010W,0,0.13066857,0.09650750458240509,0.5720000267028809,0.5354999899864197
YNR032C-A,YKL039W,0,0.13063157,0.09649122506380081,0.5720000267028809,0.5356000065803528
YHR214C-C,YOR249C,0,0.13061063,0.09647495299577713,0.5720000267028809,0.5357000231742859
YJL162C,YEL005C,0,0.1305714,0.09645868837833405,0.5720000267028809,0.5357999801635742
YML069W,YNL039W,1,0.13056956,0.09661103039979935,0.5730000138282776,0.5357999801635742
YER033C,YDL149W,0,0.13053758,0.09659474343061447,0.5730000138282776,0.5358999967575073
YGR205W,YOR103C,0,0.13043489,0.0965784564614296,0.5730000138282776,0.5360000133514404
YLL066C,YDR316W-B,0,0.13036431,0.09656218439340591,0.5730000138282776,0.5360999703407288
YJR050W,YBR193C,0,0.13035257,0.09654591232538223,0.5730000138282776,0.5361999869346619
YKL141W,YBL091C,0,0.1303,0.09652964770793915,0.5730000138282776,0.536300003528595
YDR437W,YNL066W,0,0.13029984,0.09651339054107666,0.5730000138282776,0.5364000201225281
YOL089C,YGR274C,1,0.1302553,0.09666554629802704,0.5740000009536743,0.5364000201225281
YNL199C,YER044C-A,0,0.13024573,0.09664926677942276,0.5740000009536743,0.5364999771118164
YLR426W,YDR009W,0,0.1302446,0.09663299471139908,0.5740000009536743,0.5365999937057495
YML013W,YHR133C,0,0.13017328,0.096616730093956,0.5740000009536743,0.5367000102996826
YJL026W,YDR300C,0,0.13016884,0.0966004729270935,0.5740000009536743,0.5368000268936157
YLR324W,YMR275C,0,0.13007613,0.09658421576023102,0.5740000009536743,0.536899983882904
YHR099W,YNL039W,1,0.13004915,0.09673620760440826,0.574999988079071,0.536899983882904
YBL031W,YCL064C,0,0.13002205,0.09671993553638458,0.574999988079071,0.5370000004768372
YKL058W,YPL202C,1,0.1300046,0.09687184542417526,0.5759999752044678,0.5370000004768372
YBR130C,YDL076C,0,0.12995473,0.09685555845499039,0.5759999752044678,0.5371000170707703
YIL009W,YGL116W,0,0.12995058,0.09683927148580551,0.5759999752044678,0.5371999740600586
YLR039C,YBL007C,0,0.12990856,0.09682299196720123,0.5759999752044678,0.5372999906539917
YNL059C,YLR017W,0,0.12990732,0.09680671989917755,0.5759999752044678,0.5374000072479248
YIL087C,YNL240C,0,0.12989509,0.09679045528173447,0.5759999752044678,0.5375000238418579
YLL026W,YBR149W,0,0.12988517,0.09677419066429138,0.5759999752044678,0.5375999808311462
YDR439W,YGL111W,0,0.12974012,0.0967579334974289,0.5759999752044678,0.5376999974250793
YDR377W,YEL001C,0,0.12960024,0.096741683781147,0.5759999752044678,0.5378000140190125
YOR016C,YER028C,0,0.12957098,0.09672544151544571,0.5759999752044678,0.5378999710083008
YLR131C,YDR217C,0,0.1294827,0.09670919924974442,0.5759999752044678,0.5379999876022339
YPR097W,YLR337C,0,0.12941508,0.09669296443462372,0.5759999752044678,0.538100004196167
YDL220C,YPL146C,0,0.12936245,0.09667673707008362,0.5759999752044678,0.5382000207901001
YJR073C,YGR211W,0,0.12933259,0.09666051715612411,0.5759999752044678,0.5382999777793884
YIL147C,YPL215W,0,0.12931722,0.09664429724216461,0.5759999752044678,0.5383999943733215
YML092C,YLR067C,0,0.12929757,0.0966280847787857,0.5759999752044678,0.5385000109672546
YDL108W,YKL028W,1,0.12922093,0.09677960723638535,0.5770000219345093,0.5385000109672546
YHL017W,YLR249W,0,0.12920664,0.09676337242126465,0.5770000219345093,0.5386000275611877
YFR010W,YDL119C,0,0.12919407,0.09674715250730515,0.5770000219345093,0.5386999845504761
YIL143C,YPR086W,1,0.12918675,0.09689857810735703,0.578000009059906,0.5386999845504761
YNL045W,YMR035W,0,0.12913865,0.09688233584165573,0.578000009059906,0.5388000011444092
YDR311W,YKR062W,1,0.12913114,0.09703368693590164,0.5789999961853027,0.5388000011444092
YNL031C,YCL051W,0,0.12898757,0.09701742976903915,0.5789999961853027,0.5389000177383423
YOR247W,YGL231C,0,0.12884714,0.09700117260217667,0.5789999961853027,0.5389999747276306
YDR167W,YIL036W,1,0.12884015,0.09715242683887482,0.5799999833106995,0.5389999747276306
YDR311W,YDR362C,1,0.12879844,0.09730363637208939,0.5809999704360962,0.5389999747276306
YGR246C,YNL039W,1,0.12879796,0.09745478630065918,0.5820000171661377,0.5389999747276306
YDL240W,YJL069C,0,0.12878206,0.09743846952915192,0.5820000171661377,0.5390999913215637
YDR243C,YER015W,0,0.12875167,0.09742216020822525,0.5820000171661377,0.5392000079154968
YDR122W,YPL010W,0,0.12872963,0.09740585833787918,0.5820000171661377,0.5393000245094299
YNL103W,YML102W,0,0.12872206,0.09738955646753311,0.5820000171661377,0.5393999814987183
YDR427W,YMR055C,0,0.12856539,0.09737326204776764,0.5820000171661377,0.5394999980926514
YDR362C,YBR081C,1,0.12854417,0.0975242555141449,0.5830000042915344,0.5394999980926514
YER041W,YHR106W,0,0.12827945,0.09750794619321823,0.5830000042915344,0.5396000146865845
YOR358W,YML047C,0,0.12825431,0.09749163687229156,0.5830000042915344,0.5396999716758728
YPR067W,YCR005C,0,0.12821862,0.0974753350019455,0.5830000042915344,0.5397999882698059
YBR254C,YIL043C,0,0.1281975,0.09745904058218002,0.5830000042915344,0.539900004863739
YIL033C,YER015W,0,0.12815411,0.09744275361299515,0.5830000042915344,0.5400000214576721
YIL137C,YDR080W,0,0.1281462,0.09742647409439087,0.5830000042915344,0.5400999784469604
YOL154W,YOR207C,0,0.1281357,0.09741019457578659,0.5830000042915344,0.5401999950408936
YBR038W,YOL121C,0,0.12801357,0.09739392250776291,0.5830000042915344,0.5403000116348267
YCR035C,YGR245C,0,0.12800463,0.09737765043973923,0.5830000042915344,0.5404000282287598
YKL033W,YOR110W,0,0.12794462,0.09736138582229614,0.5830000042915344,0.5404999852180481
YPL058C,YPR086W,0,0.12792562,0.09734513610601425,0.5830000042915344,0.5406000018119812
YOR316C,YBR107C,0,0.12784478,0.09732887893915176,0.5830000042915344,0.5407000184059143
YPL234C,YMR091C,0,0.12781222,0.09731263667345047,0.5830000042915344,0.5407999753952026
YDR167W,YPL202C,1,0.1277713,0.09746328741312027,0.5839999914169312,0.5407999753952026
YDR311W,YPR008W,1,0.12769681,0.09761388599872589,0.5849999785423279,0.5407999753952026
YPL140C,YMR091C,0,0.12748033,0.09759759902954102,0.5849999785423279,0.5408999919891357
YOR018W,YLR292C,0,0.12746255,0.09758131951093674,0.5849999785423279,0.5410000085830688
YKR075C,YML092C,0,0.12744538,0.09756503999233246,0.5849999785423279,0.541100025177002
YML120C,YDR246W,0,0.12743875,0.09754877537488937,0.5849999785423279,0.5411999821662903
YPR180W,YLR001C,0,0.12739013,0.09753251075744629,0.5849999785423279,0.5412999987602234
YIL118W,YKL114C,0,0.12734364,0.0975162535905838,0.5849999785423279,0.5414000153541565
YLR324W,YDL220C,0,0.12733856,0.09749999642372131,0.5849999785423279,0.5414999723434448
YPL177C,YKL144C,1,0.12716645,0.09765039384365082,0.5860000252723694,0.5414999723434448
YDR110W,YGL226W,0,0.12716019,0.09763412177562714,0.5860000252723694,0.5415999889373779
YKR085C,YDR217C,0,0.12706542,0.09761785715818405,0.5860000252723694,0.541700005531311
YKR034W,YML047C,0,0.12705997,0.09760159999132156,0.5860000252723694,0.5418000221252441
YNL194C,YPL235W,0,0.12701704,0.09758534282445908,0.5860000252723694,0.5418999791145325
YMR041C,YBR188C,0,0.12698781,0.09756910055875778,0.5860000252723694,0.5419999957084656
YNL059C,YJL035C,0,0.12696834,0.09755285829305649,0.5860000252723694,0.5421000123023987
YML092C,YBR272C,0,0.12695743,0.0975366160273552,0.5860000252723694,0.5422000288963318
YMR158W,YPL040C,0,0.12692286,0.0975203886628151,0.5860000252723694,0.5422999858856201
YJL127C,YOR136W,0,0.12686794,0.097504161298275,0.5860000252723694,0.5424000024795532
YAL002W,YLR377C,0,0.1268388,0.09748794138431549,0.5860000252723694,0.5425000190734863
YCR091W,YER149C,0,0.12669952,0.09747172147035599,0.5860000252723694,0.5425999760627747
YKR053C,YPR046W,0,0.12667441,0.09745551645755768,0.5860000252723694,0.5426999926567078
YDR212W,YLR223C,0,0.12667058,0.09743931144475937,0.5860000252723694,0.5428000092506409
YGL067W,YLR007W,0,0.1266397,0.09742310643196106,0.5860000252723694,0.542900025844574
YGR235C,YNL023C,0,0.12654944,0.09740691632032394,0.5860000252723694,0.5429999828338623
YLR200W,YGL240W,0,0.12654419,0.09739072620868683,0.5860000252723694,0.5430999994277954
YDR469W,YKL039W,0,0.12653968,0.09737454354763031,0.5860000252723694,0.5432000160217285
YJL013C,YML031W,0,0.12649263,0.09735836833715439,0.5860000252723694,0.5432999730110168
YML120C,YNL221C,0,0.12648824,0.09734219312667847,0.5860000252723694,0.54339998960495
YGR046W,YLR347C,0,0.12640068,0.09732602536678314,0.5860000252723694,0.5435000061988831
YDR243C,YHR001W-A,0,0.12633413,0.09730986505746841,0.5860000252723694,0.5436000227928162
YPL202C,YGR274C,1,0.12629713,0.09745974093675613,0.5870000123977661,0.5436000227928162
YJL186W,YOR273C,0,0.12629403,0.09744355827569962,0.5870000123977661,0.5436999797821045
YLL031C,YLR382C,0,0.1262822,0.0974273830652237,0.5870000123977661,0.5437999963760376
YDL081C,YBL025W,0,0.12625548,0.09741121530532837,0.5870000123977661,0.5439000129699707
YDL105W,YPR169W,0,0.12619822,0.09739505499601364,0.5870000123977661,0.5440000295639038
YLR005W,YGL112C,1,0.1261788,0.09754478931427002,0.5879999995231628,0.5440000295639038
YGR047C,YPR186C,1,0.12612818,0.09769447892904282,0.5889999866485596,0.5440000295639038
YDR350C,YLR056W,0,0.12610921,0.0976782739162445,0.5889999866485596,0.5440999865531921
YIL118W,YCL039W,0,0.12603615,0.0976620763540268,0.5889999866485596,0.5442000031471252
YJL011C,YOR194C,1,0.12597987,0.09781166911125183,0.5899999737739563,0.5442000031471252
YPR055W,YOR227W,0,0.12596634,0.09779545664787292,0.5899999737739563,0.5443000197410583
YPL202C,YGL112C,1,0.12595923,0.09794497489929199,0.5910000205039978,0.5443000197410583
YEL027W,YMR183C,0,0.12595487,0.09792874753475189,0.5910000205039978,0.5443999767303467
YHR205W,YEL018W,0,0.12594986,0.09791252762079239,0.5910000205039978,0.5444999933242798
YDR098C,YDR545W,0,0.12594004,0.09789630770683289,0.5910000205039978,0.5446000099182129
YDR372C,YLR411W,0,0.12593305,0.09788009524345398,0.5910000205039978,0.544700026512146
YNL214W,YGR208W,0,0.1256633,0.09786388278007507,0.5910000205039978,0.5447999835014343
YBR198C,YER045C,1,0.12563603,0.0980132445693016,0.5920000076293945,0.5447999835014343
YLR004C,YDR303C,0,0.1256315,0.0979970172047615,0.5920000076293945,0.5449000000953674
YML059C,YOR009W,0,0.12558652,0.0979808047413826,0.5920000076293945,0.5450000166893005
YKL045W,YEL044W,0,0.12555711,0.0979645848274231,0.5920000076293945,0.5450999736785889
YNL233W,YOR357C,0,0.12554708,0.09794837981462479,0.5920000076293945,0.545199990272522
YPR154W,YBL035C,0,0.12538265,0.09793217480182648,0.5920000076293945,0.5453000068664551
YMR261C,YKL080W,0,0.1253608,0.09791597723960876,0.5920000076293945,0.5454000234603882
YDR098C-A,YGL194C,0,0.12532265,0.09789978712797165,0.5920000076293945,0.5454999804496765
YKL063C,YER167W,0,0.12526116,0.09788359701633453,0.5920000076293945,0.5455999970436096
YHR122W,YLR288C,0,0.12513457,0.09786741435527802,0.5920000076293945,0.5457000136375427
YMR105C,YHR001W-A,0,0.12513041,0.0978512391448021,0.5920000076293945,0.545799970626831
YDR517W,YLL053C,0,0.12503444,0.09783507138490677,0.5920000076293945,0.5458999872207642
YGR246C,YGL112C,1,0.12503064,0.09798413515090942,0.5929999947547913,0.5458999872207642
YLR293C,YPL198W,0,0.12502758,0.0979679524898529,0.5929999947547913,0.5460000038146973
YKL077W,YDL117W,0,0.12499102,0.09795176982879639,0.5929999947547913,0.5461000204086304
YNL250W,YAL056W,0,0.12494161,0.09793558716773987,0.5929999947547913,0.5461999773979187
YPR067W,YNL029C,0,0.124934934,0.09791941940784454,0.5929999947547913,0.5462999939918518
YKL052C,YPL173W,0,0.1249345,0.09790325164794922,0.5929999947547913,0.5464000105857849
YGR174C,YOR372C,0,0.124925934,0.09788709133863449,0.5929999947547913,0.546500027179718
YDR007W,YDR317W,0,0.124878384,0.09787093847990036,0.5929999947547913,0.5465999841690063
YOL042W,YCL068C,0,0.12485092,0.09785478562116623,0.5929999947547913,0.5467000007629395
YHR113W,YKR085C,0,0.12484344,0.0978386402130127,0.5929999947547913,0.5468000173568726
YLR085C,YPR161C,0,0.12481072,0.09782250225543976,0.5929999947547913,0.5468999743461609
YPR134W,YPL036W,0,0.12469492,0.09780636429786682,0.5929999947547913,0.546999990940094
YAL002W,YPL173W,0,0.124680184,0.09779023379087448,0.5929999947547913,0.5471000075340271
YBR279W,YDR025W,0,0.12466646,0.09777411073446274,0.5929999947547913,0.5472000241279602
YDR430C,YIL167W,0,0.12442394,0.09775799512863159,0.5929999947547913,0.5472999811172485
YLR037C,YDR108W,0,0.12441287,0.09774187952280045,0.5929999947547913,0.5473999977111816
YGL087C,YJR046W,0,0.12436671,0.0977257713675499,0.5929999947547913,0.5475000143051147
YKL134C,YLR263W,0,0.124304704,0.09770967066287994,0.5929999947547913,0.5475999712944031
YNL180C,YDL123W,0,0.12430418,0.09769357740879059,0.5929999947547913,0.5476999878883362
YHR099W,YOL067C,1,0.12416982,0.09784220159053802,0.593999981880188,0.5476999878883362
YKL060C,YJL083W,0,0.12415724,0.09782608598470688,0.593999981880188,0.5478000044822693
YER007C-A,YBL031W,0,0.12414775,0.09780997782945633,0.593999981880188,0.5479000210762024
YDL243C,YHR001W-A,0,0.12411573,0.09779387712478638,0.593999981880188,0.5479999780654907
YJR131W,YDR303C,0,0.12398856,0.09777777642011642,0.593999981880188,0.5480999946594238
YHR165C,YFR053C,0,0.123969786,0.09776168316602707,0.593999981880188,0.5482000112533569
YOR272W,YLR115W,0,0.123967536,0.09774559736251831,0.593999981880188,0.54830002784729
YCR086W,YOR272W,0,0.12395052,0.09772951900959015,0.593999981880188,0.5483999848365784
YGR202C,YNL068C,0,0.123948835,0.09771344065666199,0.593999981880188,0.5485000014305115
YDR412W,YMR118C,0,0.123891346,0.09769736975431442,0.593999981880188,0.5486000180244446
YBR123C,YKR062W,1,0.12388962,0.09784574806690216,0.5950000286102295,0.5486000180244446
YLR059C,YPR046W,0,0.123876356,0.0978296622633934,0.5950000286102295,0.5486999750137329
YDR075W,YPR128C,0,0.123837285,0.09781357645988464,0.5950000286102295,0.548799991607666
YPL209C,YPL175W,0,0.123801045,0.09779749810695648,0.5950000286102295,0.5489000082015991
YPL207W,YDR434W,0,0.12372764,0.09778142720460892,0.5950000286102295,0.5490000247955322
YDR108W,YPL063W,0,0.12370931,0.09776536375284195,0.5950000286102295,0.5490999817848206
YOR034C,YMR048W,0,0.12365682,0.09774930030107498,0.5950000286102295,0.5491999983787537
YKL014C,YIL154C,0,0.12351876,0.09773324429988861,0.5950000286102295,0.5493000149726868
YBR254C,YPL013C,0,0.12351351,0.09771719574928284,0.5950000286102295,0.5493999719619751
YCL017C,YDL106C,0,0.12349237,0.09770114719867706,0.5950000286102295,0.5494999885559082
YKL052C,YDL031W,0,0.123472504,0.09768510609865189,0.5950000286102295,0.5496000051498413
YOR358W,YDR135C,0,0.123397864,0.0976690724492073,0.5950000286102295,0.5497000217437744
YOR266W,YKL079W,0,0.123261265,0.09765304625034332,0.5950000286102295,0.5497999787330627
YKL149C,YHR006W,0,0.12322963,0.09763702005147934,0.5950000286102295,0.5498999953269958
YGL058W,YCL039W,0,0.12320881,0.09762100130319595,0.5950000286102295,0.550000011920929
YGR235C,YLR058C,0,0.123207875,0.09760499000549316,0.5950000286102295,0.5501000285148621
YHR122W,YNL214W,0,0.123158716,0.09758897870779037,0.5950000286102295,0.5501999855041504
YGL196W,YDR243C,0,0.12306286,0.09757297486066818,0.5950000286102295,0.5503000020980835
YGR082W,YBR208C,0,0.122983865,0.09755697846412659,0.5950000286102295,0.5504000186920166
YAR009C,YFR053C,0,0.12293988,0.09754098206758499,0.5950000286102295,0.5504999756813049
YGR181W,YOR110W,0,0.12289142,0.09752499312162399,0.5950000286102295,0.550599992275238
YDR287W,YLR181C,0,0.12280079,0.09750901162624359,0.5950000286102295,0.5507000088691711
YMR220W,YPL207W,0,0.12277409,0.09749303758144379,0.5950000286102295,0.5508000254631042
YCR107W,YJL186W,0,0.12276962,0.09747706353664398,0.5950000286102295,0.5508999824523926
YCR045C,YDR280W,0,0.12270022,0.09746109694242477,0.5950000286102295,0.5509999990463257
YDR287W,YLL067C,0,0.122696646,0.09744513779878616,0.5950000286102295,0.5511000156402588
YPL061W,YHL050C,0,0.122684635,0.09742917865514755,0.5950000286102295,0.5511999726295471
YDR080W,YGL111W,0,0.12264282,0.09741322696208954,0.5950000286102295,0.5512999892234802
YCL010C,YKL144C,1,0.12261396,0.09756097197532654,0.5960000157356262,0.5512999892234802
YKL145W,YML061C,0,0.12257435,0.09754500538110733,0.5960000157356262,0.5514000058174133
YDR375C,YPL146C,0,0.12257256,0.09752904623746872,0.5960000157356262,0.5515000224113464
YER031C,YNL045W,0,0.12248177,0.09751308709383011,0.5960000157356262,0.5515999794006348
YOR194C,YER148W,1,0.1223904,0.09766072034835815,0.597000002861023,0.5515999794006348
YGL244W,YPL122C,1,0.122328036,0.09780830889940262,0.5979999899864197,0.5515999794006348
YAL007C,YLR460C,0,0.12228895,0.09779231250286102,0.5979999899864197,0.5516999959945679
YKL028W,YGL112C,1,0.12228561,0.09793982654809952,0.5989999771118164,0.5516999959945679
YOR227W,YOR357C,0,0.12227223,0.09792381525039673,0.5989999771118164,0.551800012588501
YNL317W,YDR317W,0,0.12227059,0.09790781140327454,0.5989999771118164,0.5519000291824341
YOR191W,YDR189W,0,0.122220226,0.09789181500673294,0.5989999771118164,0.5519999861717224
YBL103C,YPR056W,1,0.12221386,0.09803921729326248,0.6000000238418579,0.5519999861717224
YNL041C,YGR245C,0,0.12214915,0.0980231985449791,0.6000000238418579,0.5521000027656555
YOR068C,YGR004W,0,0.12213699,0.0980071872472763,0.6000000238418579,0.5522000193595886
YJR035W,YIL120W,0,0.122105606,0.09799118340015411,0.6000000238418579,0.552299976348877
YLR347C,YMR207C,0,0.12205549,0.09797517955303192,0.6000000238418579,0.5523999929428101
YJL173C,YHL025W,0,0.12203913,0.09795918315649033,0.6000000238418579,0.5525000095367432
YHR210C,YOR358W,0,0.12193573,0.09794319421052933,0.6000000238418579,0.5526000261306763
YJL127C,YJL208C,0,0.1219266,0.09792720526456833,0.6000000238418579,0.5526999831199646
YBR211C,YLR143W,0,0.121920906,0.09791122376918793,0.6000000238418579,0.5527999997138977
YHR142W,YOL095C,0,0.1218952,0.09789524972438812,0.6000000238418579,0.5529000163078308
YBR005W,YDR188W,0,0.12188741,0.09787928313016891,0.6000000238418579,0.5529999732971191
YKL039W,YBR045C,0,0.12185169,0.09786331653594971,0.6000000238418579,0.5530999898910522
YLR200W,YOR271C,0,0.12185017,0.0978473573923111,0.6000000238418579,0.5532000064849854
YOL078W,YNL161W,0,0.121765174,0.09783140569925308,0.6000000238418579,0.5533000230789185
YNL023C,YBR131W,0,0.12174366,0.09781545400619507,0.6000000238418579,0.5533999800682068
YOR359W,YNL111C,0,0.12157225,0.09779950976371765,0.6000000238418579,0.5534999966621399
YOR091W,YOR320C,0,0.12157174,0.09778357297182083,0.6000000238418579,0.553600013256073
YPR110C,YPR007C,0,0.12156188,0.09776763617992401,0.6000000238418579,0.5536999702453613
YHR204W,YLR115W,0,0.121452294,0.09775171428918839,0.6000000238418579,0.5537999868392944
YOR081C,YMR040W,0,0.12145113,0.09773578494787216,0.6000000238418579,0.5539000034332275
YOR266W,YNL214W,0,0.121419184,0.09771987050771713,0.6000000238418579,0.5540000200271606
YDR150W,YBR121C,0,0.12137277,0.0977039560675621,0.6000000238418579,0.554099977016449
YCR031C,YHR154W,0,0.12136804,0.09768804907798767,0.6000000238418579,0.5541999936103821
YDL003W,YMR015C,0,0.12135873,0.09767214953899384,0.6000000238418579,0.5543000102043152
YDR092W,YDR110W,0,0.12130325,0.09765625,0.6000000238418579,0.5544000267982483
YDR075W,YDR246W,0,0.12129838,0.09764035791158676,0.6000000238418579,0.5544999837875366
YGL189C,YDR343C,0,0.12124782,0.09762447327375412,0.6000000238418579,0.5546000003814697
YIL052C,YPR071W,0,0.12121802,0.09760858863592148,0.6000000238418579,0.5547000169754028
YGR080W,YHL021C,0,0.12120872,0.09759271144866943,0.6000000238418579,0.5547999739646912
YKL062W,YOR253W,0,0.12115475,0.09757684171199799,0.6000000238418579,0.5548999905586243
YLR367W,YDR438W,0,0.1211034,0.09756097197532654,0.6000000238418579,0.5550000071525574
YHR204W,YFR034C,0,0.120945625,0.09754511713981628,0.6000000238418579,0.5551000237464905
YER015W,YPR086W,0,0.12083376,0.09752926230430603,0.6000000238418579,0.5551999807357788
YFL026W,YJL069C,0,0.12079396,0.09751340746879578,0.6000000238418579,0.5552999973297119
YBR091C,YPL100W,0,0.12078453,0.09749756008386612,0.6000000238418579,0.555400013923645
YER028C,YNL251C,0,0.120743,0.09748172014951706,0.6000000238418579,0.5554999709129333
YDL160C,YCL048W,0,0.1207047,0.0974658876657486,0.6000000238418579,0.5555999875068665
YNL214W,YNR037C,0,0.12070329,0.09745005518198013,0.6000000238418579,0.5557000041007996
YDL247W,YDR234W,0,0.12068691,0.09743423014879227,0.6000000238418579,0.5558000206947327
YGL070C,YNR038W,0,0.12057354,0.097418412566185,0.6000000238418579,0.555899977684021
YMR177W,YDR438W,0,0.12057332,0.09740259498357773,0.6000000238418579,0.5559999942779541
YNL328C,YNR059W,0,0.120562784,0.09738678485155106,0.6000000238418579,0.5561000108718872
YGR211W,YER032W,0,0.12054602,0.09737098217010498,0.6000000238418579,0.5562000274658203
YPL209C,YJL162C,0,0.120521136,0.0973551869392395,0.6000000238418579,0.5562999844551086
YDR399W,YMR050C,0,0.12038525,0.09733939170837402,0.6000000238418579,0.5564000010490417
YGL061C,YBR060C,0,0.120334275,0.09732360392808914,0.6000000238418579,0.5565000176429749
YLL066C,YIL062C,0,0.12033286,0.09730781614780426,0.6000000238418579,0.5565999746322632
YDR427W,YGL219C,0,0.12031906,0.09729203581809998,0.6000000238418579,0.5566999912261963
YGL189C,YAL007C,0,0.12030945,0.09727626293897629,0.6000000238418579,0.5568000078201294
YGL063W,YKL029C,0,0.12025034,0.0972604975104332,0.6000000238418579,0.5569000244140625
YKR100C,YKL196C,0,0.12024314,0.0972447320818901,0.6000000238418579,0.5569999814033508
YGR246C,YOR110W,1,0.12017577,0.0973910242319107,0.6010000109672546,0.5569999814033508
YHL038C,YJR109C,0,0.12005129,0.09737524390220642,0.6010000109672546,0.5570999979972839
YDR515W,YDL243C,0,0.12004631,0.09735947102308273,0.6010000109672546,0.557200014591217
YOR252W,YDR412W,0,0.12004518,0.09734369814395905,0.6010000109672546,0.5572999715805054
YBR149W,YPL253C,0,0.119989954,0.09732793271541595,0.6010000109672546,0.5573999881744385
YML086C,YOL052C-A,0,0.119973205,0.09731217473745346,0.6010000109672546,0.5575000047683716
YFR049W,YPR141C,0,0.119970344,0.09729642421007156,0.6010000109672546,0.5576000213623047
YHL038C,YIL038C,0,0.11995921,0.09728067368268967,0.6010000109672546,0.557699978351593
YOR019W,YPL040C,0,0.11990262,0.09726493060588837,0.6010000109672546,0.5577999949455261
YNR032C-A,YJR048W,0,0.11985829,0.09724918752908707,0.6010000109672546,0.5579000115394592
YNL263C,YDR482C,0,0.11980129,0.09723345935344696,0.6010000109672546,0.5580000281333923
YPL202C,YNL314W,1,0.11978748,0.09737949073314667,0.6019999980926514,0.5580000281333923
YLR417W,YOR247W,0,0.11976748,0.09736374020576477,0.6019999980926514,0.5580999851226807
YPR114W,YPL076W,0,0.119746156,0.09734799712896347,0.6019999980926514,0.5582000017166138
YIL014W,YLR247C,0,0.11973872,0.09733225405216217,0.6019999980926514,0.5583000183105469
YER060W-A,YDL102W,0,0.11972847,0.09731651842594147,0.6019999980926514,0.5583999752998352
YLR239C,YKL087C,0,0.119718485,0.09730079025030136,0.6019999980926514,0.5584999918937683
YNL045W,YLR006C,0,0.11964681,0.09728506952524185,0.6019999980926514,0.5586000084877014
YDR189W,YDR234W,0,0.11954174,0.09726934880018234,0.6019999980926514,0.5587000250816345
YDR292C,YDL119C,0,0.119514816,0.09725363552570343,0.6019999980926514,0.5587999820709229
YLR052W,YNL055C,0,0.119509764,0.09723792970180511,0.6019999980926514,0.558899998664856
YER100W,YPL234C,0,0.119469054,0.0972222238779068,0.6019999980926514,0.5590000152587891
YGR217W,YPL221W,0,0.11940312,0.09720652550458908,0.6019999980926514,0.5590999722480774
YPL043W,YDR257C,0,0.119361036,0.09719082713127136,0.6019999980926514,0.5591999888420105
YGR024C,YGL194C,0,0.1193415,0.09717514365911484,0.6019999980926514,0.5593000054359436
YJL127C,YPL097W,0,0.11932782,0.09715946018695831,0.6019999980926514,0.5594000220298767
YBR112C,YHR149C,0,0.11926574,0.09714377671480179,0.6019999980926514,0.559499979019165
YNL025C,YLR333C,0,0.11925147,0.09712810814380646,0.6019999980926514,0.5595999956130981
YHR197W,YMR133W,0,0.1192297,0.09711243957281113,0.6019999980926514,0.5597000122070312
YNL222W,YBL103C,1,0.119222514,0.097258061170578,0.6029999852180481,0.5597000122070312
YHR202W,YFL026W,0,0.1191505,0.09724237769842148,0.6029999852180481,0.5598000288009644
YPL176C,YLL057C,0,0.1191498,0.09722670167684555,0.6029999852180481,0.5598999857902527
YHR108W,YGR205W,0,0.119027175,0.09721102565526962,0.6029999852180481,0.5600000023841858
YER031C,YKR027W,0,0.11900359,0.09719535708427429,0.6029999852180481,0.5601000189781189
YPL209C,YIL056W,0,0.11899906,0.09717969596385956,0.6029999852180481,0.5601999759674072
YPR071W,YPL210C,0,0.11883124,0.09716403484344482,0.6029999852180481,0.5602999925613403
YLR017W,YMR225C,0,0.11879673,0.09714838117361069,0.6029999852180481,0.5604000091552734
YMR286W,YDL209C,0,0.11879467,0.09713273495435715,0.6029999852180481,0.5605000257492065
YLR194C,YMR002W,0,0.11877554,0.09711708873510361,0.6029999852180481,0.5605999827384949
YBR162W-A,YPL248C,0,0.118745245,0.09710144996643066,0.6029999852180481,0.560699999332428
YOR103C,YNL065W,0,0.11874043,0.09708581864833832,0.6029999852180481,0.5608000159263611
YMR232W,YKL114C,0,0.11866579,0.09707018733024597,0.6029999852180481,0.5608999729156494
YOR091W,YGR178C,0,0.11852143,0.09705456346273422,0.6029999852180481,0.5609999895095825
YFR049W,YNL029C,0,0.11851207,0.09703894704580307,0.6029999852180481,0.5611000061035156
YDR422C,YPL075W,0,0.11847814,0.09702333062887192,0.6029999852180481,0.5612000226974487
YHR146W,YML057W,0,0.118399166,0.09700772166252136,0.6029999852180481,0.5612999796867371
YNR032C-A,YHR035W,0,0.11829273,0.0969921201467514,0.6029999852180481,0.5613999962806702
YHR024C,YKL138C,0,0.11824756,0.09697651863098145,0.6029999852180481,0.5615000128746033
YOR193W,YJL094C,0,0.11821266,0.09696092456579208,0.6029999852180481,0.5616000294685364
YOR136W,YMR207C,0,0.11813342,0.09694533795118332,0.6029999852180481,0.5616999864578247
YDL240W,YLR102C,0,0.11807052,0.09692975133657455,0.6029999852180481,0.5618000030517578
YMR205C,YHR201C,0,0.118047796,0.09691417217254639,0.6029999852180481,0.5619000196456909
YFR030W,YBR121C,0,0.117848985,0.09689860045909882,0.6029999852180481,0.5619999766349792
YLR259C,YNL118C,0,0.117728285,0.09688303619623184,0.6029999852180481,0.5620999932289124
YCL010C,YBL103C,1,0.117683746,0.09702811390161514,0.6039999723434448,0.5620999932289124
YOR156C,YPL100W,0,0.117675684,0.09701252728700638,0.6039999723434448,0.5622000098228455
YHR099W,YKL144C,1,0.117658205,0.0971575379371643,0.6050000190734863,0.5622000098228455
YLR181C,YMR133W,0,0.117655315,0.09714193642139435,0.6050000190734863,0.5623000264167786
YBR003W,YMR125W,0,0.11758303,0.09712634235620499,0.6050000190734863,0.5623999834060669
YGR082W,YDR261C,0,0.11757263,0.09711075574159622,0.6050000190734863,0.5625
YER148W,YGL112C,1,0.11753733,0.0972556546330452,0.6060000061988831,0.5625
YDR386W,YOR079C,0,0.11747665,0.09724005311727524,0.6060000061988831,0.5626000165939331
YFR027W,YLR115W,0,0.117468186,0.09722445160150528,0.6060000061988831,0.5626999735832214
YOL089C,YHR099W,1,0.11746489,0.09736926853656769,0.6069999933242798,0.5626999735832214
YFR050C,YBL025W,0,0.11746376,0.09735365211963654,0.6069999933242798,0.5627999901771545
YLR005W,YPL202C,1,0.117425315,0.09749839454889297,0.6079999804496765,0.5627999901771545
YJL096W,YNL023C,0,0.1174139,0.09748276323080063,0.6079999804496765,0.5629000067710876
YNL137C,YBL087C,0,0.11725203,0.09746713936328888,0.6079999804496765,0.5630000233650208
YPL007C,YDR460W,1,0.117057584,0.09761179983615875,0.609000027179718,0.5630000233650208
YMR105C,YLR352W,0,0.11698816,0.09759615361690521,0.609000027179718,0.5630999803543091
YLR426W,YLR263W,0,0.11695071,0.09758051484823227,0.609000027179718,0.5631999969482422
YMR005W,YOR110W,1,0.11682441,0.09772508591413498,0.6100000143051147,0.5631999969482422
YBR123C,YGL043W,1,0.11680352,0.09786961227655411,0.6110000014305115,0.5631999969482422
YOR081C,YJR041C,0,0.116774134,0.09785393625497818,0.6110000014305115,0.5633000135421753
YHR204W,YAL048C,0,0.11673578,0.09783826768398285,0.6110000014305115,0.5633999705314636
YDR430C,YGL105W,0,0.11672857,0.09782260656356812,0.6110000014305115,0.5634999871253967
YLR315W,YJL001W,0,0.11658331,0.09780694544315338,0.6110000014305115,0.5636000037193298
YGR099W,YDR009W,0,0.116555385,0.09779129177331924,0.6110000014305115,0.5637000203132629
YML133C,YDR303C,0,0.116517656,0.0977756455540657,0.6110000014305115,0.5637999773025513
YGL028C,YKL026C,0,0.11637952,0.09775999933481216,0.6110000014305115,0.5638999938964844
YBR114W,YIL005W,0,0.11626879,0.09774436056613922,0.6110000014305115,0.5640000104904175
YLR194C,YJL216C,0,0.116261624,0.09772872924804688,0.6110000014305115,0.5641000270843506
YER028C,YLR200W,0,0.11624657,0.09771309792995453,0.6110000014305115,0.5641999840736389
YML102W,YDR105C,0,0.11624434,0.09769747406244278,0.6110000014305115,0.564300000667572
YPL100W,YHR080C,0,0.1160919,0.09768185764551163,0.6110000014305115,0.5644000172615051
YPL043W,YKL192C,0,0.11604556,0.09766624122858047,0.6110000014305115,0.5644999742507935
YHR120W,YPL248C,0,0.11602604,0.09765063226222992,0.6110000014305115,0.5645999908447266
YMR002W,YGL151W,0,0.11593252,0.09763503074645996,0.6110000014305115,0.5647000074386597
YML045W,YNL065W,0,0.115887694,0.09761942923069,0.6110000014305115,0.5648000240325928
YJR123W,YIL038C,0,0.115794234,0.09760383516550064,0.6110000014305115,0.5648999810218811
YOR068C,YNL216W,0,0.1157799,0.09758824110031128,0.6110000014305115,0.5649999976158142
YNR071C,YGL129C,0,0.1157336,0.09757266193628311,0.6110000014305115,0.5651000142097473
YPL115C,YHR114W,0,0.115730785,0.09755708277225494,0.6110000014305115,0.5651999711990356
YNL038W,YKR099W,0,0.11572882,0.09754150360822678,0.6110000014305115,0.5652999877929688
YOL011W,YBR121C,0,0.115638666,0.0975259393453598,0.6110000014305115,0.5654000043869019
YML127W,YJL083W,0,0.11559736,0.09751037508249283,0.6110000014305115,0.565500020980835
YJR041C,YNL294C,0,0.11559605,0.09749481081962585,0.6110000014305115,0.5655999779701233
YMR076C,YGR017W,0,0.11539807,0.09747926145792007,0.6110000014305115,0.5656999945640564
YGL246C,YHR149C,0,0.11539657,0.0974637120962143,0.6110000014305115,0.5658000111579895
YDR108W,YBL072C,0,0.11537526,0.09744816273450851,0.6110000014305115,0.5659000277519226
YPL122C,YOR110W,1,0.11533422,0.09759209305047989,0.6119999885559082,0.5659000277519226
YOR087W,YJR132W,0,0.11530725,0.09757652878761292,0.6119999885559082,0.5659999847412109
YAL030W,YGR260W,0,0.11527418,0.09756097197532654,0.6119999885559082,0.566100001335144
YMR110C,YNR059W,0,0.11525821,0.09754542261362076,0.6119999885559082,0.5662000179290771
YGR078C,YDR041W,0,0.11524629,0.09752988070249557,0.6119999885559082,0.5662999749183655
YDR308C,YGR138C,0,0.11519002,0.09751433879137039,0.6119999885559082,0.5663999915122986
YOR320C,YMR050C,0,0.11506463,0.0974988043308258,0.6119999885559082,0.5665000081062317
YHL031C,YDR300C,0,0.11504903,0.09748327732086182,0.6119999885559082,0.5666000247001648
YLR056W,YDL031W,0,0.115042396,0.09746775031089783,0.6119999885559082,0.5666999816894531
YLR131C,YPR095C,0,0.114937924,0.09745223075151443,0.6119999885559082,0.5667999982833862
YOR260W,YLR466W,0,0.1148734,0.09743671119213104,0.6119999885559082,0.5669000148773193
YKL026C,YHR142W,0,0.11487215,0.09742120653390884,0.6119999885559082,0.5669999718666077
YLL066C,YLR347C,0,0.114844464,0.09740569442510605,0.6119999885559082,0.5670999884605408
YOL078W,YLR190W,0,0.11481585,0.09739019721746445,0.6119999885559082,0.5672000050544739
YHR096C,YMR156C,0,0.114803426,0.09737470000982285,0.6119999885559082,0.567300021648407
YKR077W,YIL008W,0,0.11466657,0.09735921025276184,0.6119999885559082,0.5673999786376953
YCR065W,YMR125W,0,0.11458663,0.09734372794628143,0.6119999885559082,0.5674999952316284
YPL013C,YNR037C,0,0.11455443,0.09732824563980103,0.6119999885559082,0.5676000118255615
YLR390W-A,YLR215C,0,0.114553355,0.09731277078390121,0.6119999885559082,0.5677000284194946
YJL011C,YKL028W,1,0.11447077,0.09745627641677856,0.6129999756813049,0.5677000284194946
YPL120W,YLR259C,0,0.11446204,0.09744078665971756,0.6129999756813049,0.567799985408783
YHR201C,YER081W,0,0.11438032,0.09742530435323715,0.6129999756813049,0.5679000020027161
YPR003C,YML047C,0,0.11436515,0.09740982204675674,0.6129999756813049,0.5680000185966492
YGR254W,YLL018C-A,0,0.114304624,0.09739434719085693,0.6129999756813049,0.5680999755859375
YML067C,YGL096W,0,0.11428585,0.09737887233495712,0.6129999756813049,0.5681999921798706
YBR169C,YPR034W,0,0.11410358,0.09736340492963791,0.6129999756813049,0.5683000087738037
YBL031W,YLL021W,0,0.1139474,0.09734794497489929,0.6129999756813049,0.5684000253677368
YIR004W,YPL176C,0,0.11393168,0.09733248502016068,0.6129999756813049,0.5684999823570251
YOR090C,YBR043C,0,0.113822185,0.09731703251600266,0.6129999756813049,0.5685999989509583
YKL058W,YML098W,1,0.11380059,0.0974603146314621,0.6140000224113464,0.5685999989509583
YPR143W,YHR201C,0,0.11377825,0.09744484722614288,0.6140000224113464,0.5687000155448914
YDR256C,YLL066C,0,0.113734454,0.09742938727140427,0.6140000224113464,0.5687999725341797
YPL075W,YGR161C-D,0,0.113679126,0.09741392731666565,0.6140000224113464,0.5688999891281128
YKL048C,YOR109W,0,0.11365832,0.09739847481250763,0.6140000224113464,0.5690000057220459
YOR132W,YHR138C,0,0.11362111,0.0973830297589302,0.6140000224113464,0.569100022315979
YPR100W,YOR060C,0,0.11360806,0.09736758470535278,0.6140000224113464,0.5691999793052673
YNL036W,YOR060C,0,0.1135629,0.09735214710235596,0.6140000224113464,0.5692999958992004
YMR205C,YHR190W,0,0.113541625,0.09733671694993973,0.6140000224113464,0.5694000124931335
YPR180W,YGL129C,0,0.11352057,0.0973212867975235,0.6140000224113464,0.5695000290870667
YLR277C,YJL096W,0,0.11349388,0.09730586409568787,0.6140000224113464,0.569599986076355
YBR112C,YDR025W,0,0.11347797,0.09729044884443283,0.6140000224113464,0.5697000026702881
YBR043C,YGL240W,0,0.11347598,0.0972750335931778,0.6140000224113464,0.5698000192642212
YOL096C,YHR202W,0,0.11346168,0.09725962579250336,0.6140000224113464,0.5698999762535095
YJL012C,YCR038C,0,0.11338752,0.09724421799182892,0.6140000224113464,0.5699999928474426
YGL067W,YHR035W,0,0.11334329,0.09722881764173508,0.6140000224113464,0.5701000094413757
YEL039C,YDR176W,0,0.11327406,0.09721342474222183,0.6140000224113464,0.5702000260353088
YGR235C,YHL015W,0,0.1132471,0.09719803929328918,0.6140000224113464,0.5702999830245972
YGR174C,YJR050W,0,0.11316038,0.09718265384435654,0.6140000224113464,0.5703999996185303
YDR437W,YOR132W,0,0.11305226,0.09716727584600449,0.6140000224113464,0.5705000162124634
YNL142W,YLR328W,0,0.11296683,0.09715189784765244,0.6140000224113464,0.5705999732017517
YDR434W,YDR309C,0,0.112947054,0.09713652729988098,0.6140000224113464,0.5706999897956848
YHL003C,YGL105W,0,0.11290365,0.09712116420269012,0.6140000224113464,0.5708000063896179
YOL061W,YNL161W,0,0.11273446,0.09710580110549927,0.6140000224113464,0.570900022983551
YLL026W,YDL247W,0,0.11264617,0.09709044545888901,0.6140000224113464,0.5709999799728394
YNL233W,YPL140C,0,0.11258876,0.09707509726285934,0.6140000224113464,0.5710999965667725
YJL180C,YPR057W,0,0.11256412,0.09705975651741028,0.6140000224113464,0.5712000131607056
YDR362C,YPR086W,1,0.11236909,0.09720246493816376,0.6150000095367432,0.5712000131607056
YDR213W,YNL024C,0,0.112302475,0.0971871018409729,0.6150000095367432,0.5713000297546387
YNR048W,YDR317W,0,0.112280644,0.09717174619436264,0.6150000095367432,0.571399986743927
YPR037C,YIL118W,0,0.112276204,0.09715639799833298,0.6150000095367432,0.5715000033378601
YLR011W,YBR212W,0,0.11223423,0.09714104980230331,0.6150000095367432,0.5716000199317932
YDL003W,YGR055W,0,0.11217746,0.09712570905685425,0.6150000095367432,0.5716999769210815
YIL156W,YKL149C,0,0.11214546,0.09711037576198578,0.6150000095367432,0.5717999935150146
YML023C,YIL153W,0,0.11204965,0.09709504246711731,0.6150000095367432,0.5719000101089478
YFL026W,YIL043C,0,0.11203923,0.09707971662282944,0.6150000095367432,0.5720000267028809
YPL207W,YPL145C,0,0.11203146,0.09706439077854156,0.6150000095367432,0.5720999836921692
YDR361C,YJR150C,0,0.11200204,0.09704907983541489,0.6150000095367432,0.5722000002861023
YOR262W,YKL114C,0,0.11196648,0.09703376144170761,0.6150000095367432,0.5723000168800354
YHR210C,YDL076C,0,0.11194832,0.09701845794916153,0.6150000095367432,0.5723999738693237
YFL021W,YKL028W,1,0.11188273,0.09716088324785233,0.6159999966621399,0.5723999738693237
YNL137C,YBR060C,0,0.11187991,0.09714555740356445,0.6159999966621399,0.5724999904632568
YER176W,YBR168W,0,0.11185441,0.09713024646043777,0.6159999966621399,0.5726000070571899
YIL068C,YGL198W,0,0.11182359,0.0971149280667305,0.6159999966621399,0.572700023651123
YKL185W,YMR041C,0,0.11173748,0.09709962457418442,0.6159999966621399,0.5727999806404114
YJL057C,YKL138C,0,0.11162874,0.09708432108163834,0.6159999966621399,0.5728999972343445
YLR384C,YPL253C,0,0.11162645,0.09706901758909225,0.6159999966621399,0.5730000138282776
YBR109C,YKL032C,0,0.11160119,0.09705372899770737,0.6159999966621399,0.5730999708175659
YML101C,YDL102W,0,0.11159398,0.09703844040632248,0.6159999966621399,0.573199987411499
YLR277C,YDR427W,0,0.11149579,0.09702315181493759,0.6159999966621399,0.5733000040054321
YDL106C,YLL057C,0,0.11147789,0.0970078706741333,0.6159999966621399,0.5734000205993652
YER139C,YKL197C,0,0.111387216,0.0969925969839096,0.6159999966621399,0.5734999775886536
YIL014W,YFR034C,0,0.11138452,0.09697733074426651,0.6159999966621399,0.5735999941825867
YNL031C,YDR545W,0,0.111318626,0.09696206450462341,0.6159999966621399,0.5737000107765198
YDR007W,YHR114W,0,0.111110754,0.09694680571556091,0.6159999966621399,0.5738000273704529
YOR334W,YKL129C,0,0.11109978,0.09693154692649841,0.6159999966621399,0.5738999843597412
YIL053W,YDR397C,0,0.1110852,0.0969163030385971,0.6159999966621399,0.5740000009536743
YPL176C,YDL134C,0,0.11107084,0.0969010517001152,0.6159999966621399,0.5741000175476074
YMR081C,YJL179W,0,0.11106451,0.0968858152627945,0.6159999966621399,0.5741999745368958
YMR243C,YJL208C,0,0.11099341,0.09687057882547379,0.6159999966621399,0.5742999911308289
YDR464W,YMR195W,0,0.11095294,0.09685534238815308,0.6159999966621399,0.574400007724762
YGR178C,YLR007W,0,0.110827796,0.09684012085199356,0.6159999966621399,0.5745000243186951
YOL055C,YBR131W,0,0.11079941,0.09682489931583405,0.6159999966621399,0.5745999813079834
YDR309C,YCL048W,0,0.11069454,0.09680967777967453,0.6159999966621399,0.5746999979019165
YDR482C,YCR005C,0,0.11069219,0.09679447114467621,0.6159999966621399,0.5748000144958496
YLR131C,YER155C,0,0.11067682,0.09677926450967789,0.6159999966621399,0.5748999714851379
YKL060C,YNR030W,0,0.11065138,0.09676405787467957,0.6159999966621399,0.574999988079071
YIL098C,YHR139C,0,0.11062365,0.09674885869026184,0.6159999966621399,0.5751000046730042
YPL171C,YLR299W,0,0.11053976,0.09673366695642471,0.6159999966621399,0.5752000212669373
YPR186C,YKR062W,1,0.11041125,0.09687548875808716,0.6169999837875366,0.5752000212669373
YLL024C,YLR247C,0,0.1103799,0.09686028212308884,0.6169999837875366,0.5752999782562256
YHL028W,YDR381W,0,0.11033875,0.09684508293867111,0.6169999837875366,0.5753999948501587
YCL017C,YPL135W,0,0.11018763,0.09682988375425339,0.6169999837875366,0.5755000114440918
YHR197W,YKL138C,0,0.11018213,0.09681468456983566,0.6169999837875366,0.5756000280380249
YPL140C,YPL130W,0,0.11016978,0.09679950028657913,0.6169999837875366,0.5756999850273132
YJR117W,YPR148C,0,0.11005728,0.0967843160033226,0.6169999837875366,0.5758000016212463
YMR243C,YDR398W,0,0.11003005,0.09676913172006607,0.6169999837875366,0.5759000182151794
YGR193C,YML047C,0,0.11000808,0.09675396233797073,0.6169999837875366,0.5759999752044678
YDR190C,YJL196C,0,0.10992542,0.0967387929558754,0.6169999837875366,0.5760999917984009
YGR170W,YLR200W,0,0.109863415,0.09672362357378006,0.6169999837875366,0.576200008392334
YHR037W,YDL076C,0,0.10982888,0.09670846164226532,0.6169999837875366,0.5763000249862671
YHR169W,YDR317W,0,0.10982869,0.09669330716133118,0.6169999837875366,0.5763999819755554
YKL145W,YLR019W,0,0.1097536,0.09667816013097763,0.6169999837875366,0.5764999985694885
YDR435C,YLR175W,0,0.109716564,0.09666301310062408,0.6169999837875366,0.5766000151634216
YGR046W,YOR253W,0,0.109621085,0.09664786607027054,0.6169999837875366,0.57669997215271
YER155C,YDR292C,0,0.109470926,0.09663273394107819,0.6169999837875366,0.5767999887466431
YOR207C,YHR080C,0,0.109352164,0.09661760181188583,0.6169999837875366,0.5769000053405762
YCR031C,YOL061W,0,0.10925113,0.09660247713327408,0.6169999837875366,0.5770000219345093
YPR017C,YNR071C,0,0.10924374,0.09658735245466232,0.6169999837875366,0.5770999789237976
YPL036W,YNL173C,0,0.10921276,0.09657223522663116,0.6169999837875366,0.5771999955177307
YBR069C,YDR399W,0,0.10921105,0.0965571179986,0.6169999837875366,0.5773000121116638
YIR004W,YNL181W,0,0.10910188,0.09654201567173004,0.6169999837875366,0.5774000287055969
YGL246C,YHR138C,0,0.10904146,0.09652690589427948,0.6169999837875366,0.5774999856948853
YNL142W,YPL193W,0,0.10897855,0.09651181101799011,0.6169999837875366,0.5776000022888184
YIL075C,YBR295W,0,0.10894485,0.09649671614170074,0.6169999837875366,0.5777000188827515
YGR047C,YBR123C,1,0.10893882,0.09663800150156021,0.6179999709129333,0.5777000188827515
YDR398W,YIL062C,0,0.1088753,0.09662289172410965,0.6179999709129333,0.5777999758720398
YDR427W,YOL121C,0,0.108746774,0.09660778194665909,0.6179999709129333,0.5778999924659729
YNL221C,YHR090C,0,0.10865328,0.09659268707036972,0.6179999709129333,0.578000009059906
YNR024W,YGL085W,0,0.10860028,0.09657759219408035,0.6179999709129333,0.5781000256538391
YKL048C,YEL027W,0,0.10859623,0.09656249731779099,0.6179999709129333,0.5781999826431274
YER155C,YCL064C,0,0.10859594,0.09654741734266281,0.6179999709129333,0.5782999992370605
YBL035C,YBL014C,0,0.10858769,0.09653233736753464,0.6179999709129333,0.5784000158309937
YOR316C,YGR170W,0,0.10855533,0.09651725739240646,0.6179999709129333,0.578499972820282
YER007C-A,YGR030C,0,0.10849135,0.09650218486785889,0.6179999709129333,0.5785999894142151
YOL084W,YKL040C,0,0.10848668,0.0964871197938919,0.6179999709129333,0.5787000060081482
YPL117C,YMR237W,0,0.108440064,0.09647205471992493,0.6179999709129333,0.5788000226020813
YLR337C,YPR141C,0,0.10832449,0.09645699709653854,0.6179999709129333,0.5788999795913696
YHR073W,YBR193C,0,0.108295776,0.09644194692373276,0.6179999709129333,0.5789999961853027
YOR189W,YDR381W,0,0.10828594,0.09642689675092697,0.6179999709129333,0.5791000127792358
YLR239C,YPL063W,0,0.10827056,0.09641185402870178,0.6179999709129333,0.579200029373169
YBR038W,YKL149C,0,0.108250074,0.09639681875705719,0.6179999709129333,0.5792999863624573
YLL031C,YHL015W,0,0.108107306,0.0963817834854126,0.6179999709129333,0.5794000029563904
YKL134C,YKL005C,0,0.1080492,0.0963667556643486,0.6179999709129333,0.5795000195503235
YOR236W,YDR234W,0,0.10801834,0.0963517278432846,0.6179999709129333,0.5795999765396118
YPL105C,YPL013C,0,0.10793129,0.09633670747280121,0.6179999709129333,0.5796999931335449
YDL117W,YMR125W,0,0.10788136,0.09632169455289841,0.6179999709129333,0.579800009727478
YHR099W,YCR042C,1,0.10782112,0.09646251797676086,0.6190000176429749,0.579800009727478
YBR029C,YIL120W,0,0.10771638,0.09644749015569687,0.6190000176429749,0.5799000263214111
YGL207W,YOL067C,1,0.1076205,0.09658825397491455,0.6200000047683716,0.5799000263214111
YHR033W,YBL100W-B,0,0.107585184,0.09657321125268936,0.6200000047683716,0.5799999833106995
YBR189W,YDR009W,0,0.10757508,0.09655816853046417,0.6200000047683716,0.5800999999046326
YLR451W,YKL197C,0,0.107564695,0.09654313325881958,0.6200000047683716,0.5802000164985657
YLR417W,YCL048W,0,0.1073926,0.09652810543775558,0.6200000047683716,0.580299973487854
YOL020W,YJL035C,0,0.10733751,0.09651307761669159,0.6200000047683716,0.5803999900817871
YBR218C,YMR050C,0,0.10702793,0.09649805724620819,0.6200000047683716,0.5805000066757202
YKL033W,YGL246C,0,0.10696062,0.09648303687572479,0.6200000047683716,0.5806000232696533
YDR256C,YHR009C,0,0.106812395,0.09646802395582199,0.6200000047683716,0.5806999802589417
YOR065W,YBR109C,0,0.10678374,0.09645301848649979,0.6200000047683716,0.5807999968528748
YER044C-A,YPL126W,0,0.10677153,0.09643801301717758,0.6200000047683716,0.5809000134468079
YIL007C,YPR067W,0,0.10672992,0.09642301499843597,0.6200000047683716,0.5809999704360962
YMR234W,YMR125W,0,0.10672247,0.09640802443027496,0.6200000047683716,0.5810999870300293
YNL183C,YER155C,0,0.10667874,0.09639303386211395,0.6200000047683716,0.5812000036239624
YGL093W,YLR054C,0,0.106632,0.09637805074453354,0.6200000047683716,0.5813000202178955
YLR185W,YHL025W,0,0.106550895,0.09636306762695312,0.6200000047683716,0.5813999772071838
YFR047C,YDR217C,0,0.106509015,0.0963480994105339,0.6200000047683716,0.5814999938011169
YHR214W,YBR181C,0,0.10642978,0.09633312374353409,0.6200000047683716,0.58160001039505
YPL138C,YNL054W-A,0,0.106403485,0.09631816297769547,0.6200000047683716,0.5817000269889832
YNL020C,YNL029C,0,0.10629274,0.09630320221185684,0.6200000047683716,0.5817999839782715
YER044C-A,YOR383C,0,0.1062438,0.09628824144601822,0.6200000047683716,0.5819000005722046
YNL173C,YGL045W,0,0.10620613,0.09627329558134079,0.6200000047683716,0.5820000171661377
YKR085C,YFR025C,0,0.10616688,0.09625834226608276,0.6200000047683716,0.582099974155426
YOL011W,YGR208W,0,0.10614308,0.09624340385198593,0.6200000047683716,0.5821999907493591
YNL056W,YFR016C,0,0.106011994,0.0962284654378891,0.6200000047683716,0.5823000073432922
YMR153W,YKR052C,0,0.10595619,0.09621353447437286,0.6200000047683716,0.5824000239372253
YGL244W,YML015C,1,0.105929,0.09635376185178757,0.6209999918937683,0.5824000239372253
YDR528W,YLR058C,0,0.1059017,0.09633881598711014,0.6209999918937683,0.5824999809265137
YNL180C,YDL134C,0,0.10580195,0.09632387012243271,0.6209999918937683,0.5825999975204468
YFL049W,YPL117C,0,0.105666354,0.09630893170833588,0.6209999918937683,0.5827000141143799
YPR086W,YML098W,1,0.10563447,0.09644906222820282,0.621999979019165,0.5827000141143799
YBR162C,YCL035C,0,0.105610974,0.0964341089129448,0.621999979019165,0.5827999711036682
YLR313C,YBR121C,0,0.105584465,0.09641916304826736,0.621999979019165,0.5828999876976013
YPL171C,YBL007C,0,0.10558196,0.09640421718358994,0.621999979019165,0.5830000042915344
YBR085W,YDR464W,0,0.105556294,0.0963892787694931,0.621999979019165,0.5831000208854675
YEL005C,YBL072C,0,0.10553635,0.09637434035539627,0.621999979019165,0.5831999778747559
YFL025C,YDL087C,0,0.10553527,0.09635940939188004,0.621999979019165,0.583299994468689
YDR482C,YDR381W,0,0.105503365,0.0963444858789444,0.621999979019165,0.5834000110626221
YDR316W-B,YIL005W,0,0.10542291,0.09632956236600876,0.621999979019165,0.5835000276565552
YBR162W-A,YML133C,0,0.10530973,0.09631464630365372,0.621999979019165,0.5835999846458435
YGR005C,YOR110W,1,0.105280004,0.09645456075668335,0.6230000257492065,0.5835999846458435
YPL126W,YGL144C,0,0.105252214,0.09643962979316711,0.6230000257492065,0.5837000012397766
YDR482C,YBL005W,0,0.10524052,0.09642469882965088,0.6230000257492065,0.5838000178337097
YDR323C,YHL015W,0,0.10522639,0.09640978276729584,0.6230000257492065,0.583899974822998
YHR158C,YGL045W,0,0.10520453,0.0963948667049408,0.6230000257492065,0.5839999914169312
YFR016C,YFL026W,0,0.104918756,0.09637995064258575,0.6230000257492065,0.5841000080108643
YLL031C,YDR268W,0,0.104880236,0.09636504203081131,0.6230000257492065,0.5842000246047974
YIL052C,YEL001C,0,0.10486237,0.09635014086961746,0.6230000257492065,0.5842999815940857
YHR169W,YKL002W,0,0.10484675,0.09633523970842361,0.6230000257492065,0.5843999981880188
YKL045W,YDR316W-B,0,0.10481949,0.09632034599781036,0.6230000257492065,0.5845000147819519
YMR227C,YGR186W,1,0.10474058,0.09646003693342209,0.6240000128746033,0.5845000147819519
YGR193C,YBR094W,0,0.1047114,0.09644512832164764,0.6240000128746033,0.5845999717712402
YIL064W,YGL105W,0,0.10453454,0.0964302271604538,0.6240000128746033,0.5846999883651733
YGR046W,YDR365W-A,0,0.10447969,0.09641532599925995,0.6240000128746033,0.5848000049591064
YAL019W,YKR085C,0,0.10439317,0.0964004322886467,0.6240000128746033,0.5849000215530396
YPL146C,YPL040C,0,0.10434789,0.09638553857803345,0.6240000128746033,0.5849999785423279
YML041C,YLR037C,0,0.10432807,0.09637065976858139,0.6240000128746033,0.585099995136261
YBR181C,YGR003W,0,0.1042982,0.09635577350854874,0.6240000128746033,0.5852000117301941
YLR181C,YBR089C-A,0,0.10425064,0.09634090214967728,0.6240000128746033,0.5853000283241272
YER040W,YOR330C,0,0.10417939,0.09632602334022522,0.6240000128746033,0.5853999853134155
YDR435C,YML013W,0,0.104143366,0.09631115943193436,0.6240000128746033,0.5855000019073486
YLR258W,YLR006C,0,0.10406802,0.0962962955236435,0.6240000128746033,0.5856000185012817
YMR063W,YAL048C,0,0.10398253,0.09628143906593323,0.6240000128746033,0.5856999754905701
YOR359W,YGL219C,0,0.10394484,0.09626658260822296,0.6240000128746033,0.5857999920845032
YJL168C,YOR259C,0,0.10392844,0.09625173360109329,0.6240000128746033,0.5859000086784363
YBR114W,YBR268W,0,0.1039272,0.09623689204454422,0.6240000128746033,0.5860000252723694
YHR205W,YKL058W,0,0.10390508,0.09622205048799515,0.6240000128746033,0.5860999822616577
YLR347C,YDR365C,0,0.10390292,0.09620721638202667,0.6240000128746033,0.5861999988555908
YLR006C,YDR464W,0,0.10379315,0.0961923822760582,0.6240000128746033,0.5863000154495239
YDR308C,YOR359W,0,0.103773996,0.09617755562067032,0.6240000128746033,0.5863999724388123
YOR034C,YGL016W,0,0.103753455,0.09616273641586304,0.6240000128746033,0.5864999890327454
YIL019W,YPL006W,0,0.10375018,0.09614791721105576,0.6240000128746033,0.5866000056266785
YML013W,YNL111C,0,0.10370047,0.09613310545682907,0.6240000128746033,0.5867000222206116
YBL035C,YDR517W,0,0.10368597,0.09611830115318298,0.6240000128746033,0.5867999792098999
YHR001W-A,YHL035C,0,0.103613265,0.0961034968495369,0.6240000128746033,0.586899995803833
YML016C,YKR083C,0,0.103580646,0.0960886999964714,0.6240000128746033,0.5870000123977661
YJL167W,YDR261C,0,0.10351138,0.09607390314340591,0.6240000128746033,0.5871000289916992
YOR027W,YOR320C,0,0.10328062,0.09605911374092102,0.6240000128746033,0.5871999859809875
YDL091C,YER007C-A,0,0.10320114,0.09604433178901672,0.6240000128746033,0.5873000025749207
YCL016C,YHR197W,0,0.103189036,0.09602954983711243,0.6240000128746033,0.5874000191688538
YPL221W,YDR303C,0,0.1031708,0.09601476788520813,0.6240000128746033,0.5874999761581421
YER028C,YLR005W,1,0.10316539,0.09615384787321091,0.625,0.5874999761581421
YNL194C,YNL216W,0,0.10315127,0.09613905847072601,0.625,0.5875999927520752
YDR381W,YGR224W,0,0.10313105,0.09612426906824112,0.625,0.5877000093460083
YNL284C-B,YKR077W,0,0.103098795,0.09610948711633682,0.625,0.5878000259399414
YDR311W,YDR145W,1,0.10309125,0.09624846279621124,0.6259999871253967,0.5878000259399414
YIL144W,YKL150W,0,0.10308296,0.09623366594314575,0.6259999871253967,0.5878999829292297
YJR046W,YHR110W,0,0.10303707,0.09621887654066086,0.6259999871253967,0.5879999995231628
YDR289C,YCL039W,0,0.10303106,0.09620408713817596,0.6259999871253967,0.588100016117096
YPR055W,YPL117C,0,0.1027716,0.09618930518627167,0.6259999871253967,0.5881999731063843
YAR042W,YDR328C,0,0.10272589,0.09617453068494797,0.6259999871253967,0.5882999897003174
YLR277C,YHL035C,0,0.10270395,0.09615975618362427,0.6259999871253967,0.5884000062942505
YJR123W,YDR343C,0,0.1026445,0.09614498913288116,0.6259999871253967,0.5885000228881836
YDR007W,YNR052C,0,0.10250929,0.09613022208213806,0.6259999871253967,0.5885999798774719
YDR439W,YDR268W,0,0.102475606,0.09611546248197556,0.6259999871253967,0.588699996471405
YJL110C,YPR106W,0,0.10239569,0.09610070288181305,0.6259999871253967,0.5888000130653381
YPL146C,YOL011W,0,0.10238204,0.09608595818281174,0.6259999871253967,0.5889000296592712
YAL030W,YCL039W,0,0.10236593,0.09607120603322983,0.6259999871253967,0.5889999866485596
YCL051W,YGL064C,0,0.102365874,0.09605646878480911,0.6259999871253967,0.5891000032424927
YHL031C,YLR352W,0,0.10228964,0.0960417315363884,0.6259999871253967,0.5892000198364258
YDR167W,YAL001C,1,0.102283716,0.09618039429187775,0.6269999742507935,0.5892000198364258
YPR086W,YNL039W,1,0.102248676,0.09631901979446411,0.628000020980835,0.5892000198364258
YIL069C,YIL011W,0,0.102206044,0.09630424529314041,0.628000020980835,0.5892999768257141
YIL106W,YDL135C,0,0.102167614,0.09628947824239731,0.628000020980835,0.5893999934196472
YGL116W,YHR114W,0,0.10209887,0.0962747186422348,0.628000020980835,0.5895000100135803
YNL286W,YKL192C,0,0.102020465,0.0962599664926529,0.628000020980835,0.5896000266075134
YLR167W,YBR085W,0,0.10200363,0.09624521434307098,0.628000020980835,0.5896999835968018
YDR235W,YPL235W,0,0.10191248,0.09623046219348907,0.628000020980835,0.5898000001907349
YPL061W,YJL035C,0,0.10189874,0.09621571749448776,0.628000020980835,0.589900016784668
YLL016W,YOR156C,0,0.101786815,0.09620098024606705,0.628000020980835,0.5899999737739563
YOL144W,YBL031W,0,0.10176615,0.09618624299764633,0.628000020980835,0.5900999903678894
YPL146C,YMR177W,0,0.10168795,0.09617151319980621,0.628000020980835,0.5902000069618225
YPL175W,YIL009W,0,0.10166891,0.09615679085254669,0.628000020980835,0.5903000235557556
YFR016C,YPL006W,0,0.10164515,0.09614206850528717,0.628000020980835,0.590399980545044
YMR076C,YGR161C,0,0.10164223,0.09612735360860825,0.628000020980835,0.590499997138977
YPL280W,YGL085W,0,0.1016293,0.09611263871192932,0.628000020980835,0.5906000137329102
YML059C,YPL018W,0,0.10151986,0.096097931265831,0.628000020980835,0.5906999707221985
YLR399C,YPL129W,1,0.10148255,0.0962362289428711,0.6290000081062317,0.5906999707221985
YHR204W,YOR380W,0,0.10143583,0.09622150659561157,0.6290000081062317,0.5907999873161316
YCR105W,YLL018C-A,0,0.10131494,0.09620679169893265,0.6290000081062317,0.5909000039100647
YHR190W,YDL149W,0,0.10126421,0.09619207680225372,0.6290000081062317,0.5910000205039978
YER007C-A,YGR094W,0,0.10119941,0.0961773693561554,0.6290000081062317,0.5910999774932861
YBL103C,YGR186W,1,0.10100537,0.09631554782390594,0.6299999952316284,0.5910999774932861
YKL045W,YBL031W,0,0.10089549,0.09630082547664642,0.6299999952316284,0.5911999940872192
YOR192C,YNL066W,0,0.10088608,0.0962861105799675,0.6299999952316284,0.5913000106811523
YLR118C,YGR083C,0,0.10087975,0.09627139568328857,0.6299999952316284,0.5914000272750854
YNL048W,YKL134C,0,0.10086585,0.09625668078660965,0.6299999952316284,0.5914999842643738
YGL244W,YAL001C,1,0.10078867,0.09639474749565125,0.6309999823570251,0.5914999842643738
YPL209C,YDL105W,0,0.10077376,0.09638001769781113,0.6309999823570251,0.5916000008583069
YGL244W,YPL177C,1,0.100692086,0.09651801735162735,0.6320000290870667,0.5916000008583069
YLR220W,YJR108W,0,0.100650474,0.09650328010320663,0.6320000290870667,0.59170001745224
YPR161C,YPR067W,0,0.10053953,0.09648855030536652,0.6320000290870667,0.5917999744415283
YFR014C,YLL014W,0,0.10047751,0.0964738205075264,0.6320000290870667,0.5918999910354614
YLR284C,YGL192W,0,0.100477375,0.09645909816026688,0.6320000290870667,0.5920000076293945
YLL016W,YLR190W,0,0.1004474,0.09644437581300735,0.6320000290870667,0.5921000242233276
YDR145W,YJL035C,0,0.10043804,0.09642966091632843,0.6320000290870667,0.592199981212616
YHR122W,YNL063W,0,0.100314386,0.0964149534702301,0.6320000290870667,0.5922999978065491
YIL156W,YOR109W,0,0.10030818,0.09640024602413177,0.6320000290870667,0.5924000144004822
YDL189W,YKL005C,0,0.100304894,0.09638553857803345,0.6320000290870667,0.5924999713897705
YDL108W,YNL314W,1,0.10030316,0.09652332961559296,0.6330000162124634,0.5924999713897705
YML098W,YOR048C,0,0.1002774,0.09650861471891403,0.6330000162124634,0.5925999879837036
YOR091W,YPL006W,0,0.09989725,0.09649389982223511,0.6330000162124634,0.5927000045776367
YDL240W,YJL174W,0,0.09987657,0.09647919237613678,0.6330000162124634,0.5928000211715698
YLR131C,YFR030W,0,0.0998322,0.09646449238061905,0.6330000162124634,0.5928999781608582
YGL246C,YDR398W,0,0.09979614,0.09644979238510132,0.6330000162124634,0.5929999947547913
YNR032C-A,YDL102W,0,0.09971849,0.09643509984016418,0.6330000162124634,0.5931000113487244
YML086C,YIL062C,0,0.09963872,0.09642041474580765,0.6330000162124634,0.5932000279426575
YBR198C,YBR081C,1,0.099620014,0.09655802696943283,0.6340000033378601,0.5932000279426575
YPL146C,YJL208C,0,0.09960399,0.0965433195233345,0.6340000033378601,0.5932999849319458
YLR417W,YGL115W,0,0.0995806,0.09652862697839737,0.6340000033378601,0.5934000015258789
YKL145W,YDR365W-A,0,0.099413,0.09651392698287964,0.6340000033378601,0.593500018119812
YGL139W,YDR469W,0,0.09939452,0.0964992418885231,0.6340000033378601,0.5935999751091003
YPL140C,YAL051W,0,0.09924386,0.09648455679416656,0.6340000033378601,0.5936999917030334
YNL054W,YKR034W,0,0.09910671,0.09646987169981003,0.6340000033378601,0.5938000082969666
YKL029C,YLR352W,0,0.0991042,0.09645519405603409,0.6340000033378601,0.5939000248908997
YML096W,YKR052C,0,0.099039845,0.09644052386283875,0.6340000033378601,0.593999981880188
YKR100C,YPR174C,0,0.098996334,0.0964258536696434,0.6340000033378601,0.5940999984741211
YFR010W,YNL278W,0,0.09899066,0.09641119092702866,0.6340000033378601,0.5942000150680542
YHR148W,YNL062C,0,0.09892125,0.0963965356349945,0.6340000033378601,0.5942999720573425
YNR048W,YNL156C,0,0.09889915,0.09638188034296036,0.6340000033378601,0.5943999886512756
YOL042W,YGL016W,0,0.098899014,0.0963672325015068,0.6340000033378601,0.5945000052452087
YLR259C,YPL145C,0,0.09879685,0.09635258466005325,0.6340000033378601,0.5946000218391418
YAL028W,YPL225W,0,0.098754965,0.0963379442691803,0.6340000033378601,0.5946999788284302
YBR272C,YER015W,0,0.09871116,0.09632330387830734,0.6340000033378601,0.5947999954223633
YER100W,YLR011W,0,0.09870035,0.09630867093801498,0.6340000033378601,0.5949000120162964
YDR398W,YKR083C,0,0.09869635,0.09629404544830322,0.6340000033378601,0.5950000286102295
YIL137C,YLR055C,0,0.09869189,0.09627941995859146,0.6340000033378601,0.5950999855995178
YKL006C-A,YFR030W,0,0.09864182,0.0962648019194603,0.6340000033378601,0.5952000021934509
YDR200C,YGL240W,0,0.09855464,0.09625019133090973,0.6340000033378601,0.595300018787384
YPL138C,YKL081W,0,0.09855387,0.09623558074235916,0.6340000033378601,0.5953999757766724
YPL262W,YIL173W,0,0.09840904,0.09622097760438919,0.6340000033378601,0.5954999923706055
YOL042W,YDR204W,0,0.0983435,0.09620637446641922,0.6340000033378601,0.5956000089645386
YPL007C,YPR056W,1,0.09825313,0.0963435024023056,0.6349999904632568,0.5956000089645386
YDL091C,YPR095C,0,0.09821731,0.09632888436317444,0.6349999904632568,0.5957000255584717
YJL011C,YMR227C,1,0.09819705,0.09646594524383545,0.6359999775886536,0.5957000255584717
YGR253C,YPL253C,0,0.09815402,0.09645131975412369,0.6359999775886536,0.59579998254776
YNL059C,YBR131W,0,0.098092064,0.09643669426441193,0.6359999775886536,0.5958999991416931
YGR205W,YDR190C,0,0.0980911,0.09642207622528076,0.6359999775886536,0.5960000157356262
YDR246W,YBR089C-A,0,0.09806924,0.0964074581861496,0.6359999775886536,0.5960999727249146
YBR107C,YFR050C,0,0.09798674,0.09639284759759903,0.6359999775886536,0.5961999893188477
YPL138C,YGR138C,0,0.09796265,0.09637823700904846,0.6359999775886536,0.5963000059127808
YBL007C,YHL003C,0,0.09796005,0.09636363387107849,0.6359999775886536,0.5964000225067139
YML067C,YML047C,0,0.097922735,0.09634903818368912,0.6359999775886536,0.5964999794960022
YPR057W,YOR079C,0,0.09784479,0.09633444249629974,0.6359999775886536,0.5965999960899353
YJR118C,YGL115W,0,0.09768177,0.09631985425949097,0.6359999775886536,0.5967000126838684
YEL005C,YDR375C,0,0.09765031,0.09630526602268219,0.6359999775886536,0.5968000292778015
YML067C,YDR381W,0,0.097637616,0.09629068523645401,0.6359999775886536,0.5968999862670898
YDR362C,YLR005W,1,0.09756506,0.09642749279737473,0.6370000243186951,0.5968999862670898
YER040W,YMR183C,0,0.09732662,0.09641289710998535,0.6370000243186951,0.597000002861023
YCR031C,YHR111W,0,0.09727823,0.09639830142259598,0.6370000243186951,0.597100019454956
YOR359W,YBR188C,0,0.09710366,0.0963837206363678,0.6370000243186951,0.5971999764442444
YOR195W,YLR435W,0,0.09708299,0.09636913985013962,0.6370000243186951,0.5972999930381775
YGR274C,YPR056W,1,0.097036906,0.09650582075119019,0.6380000114440918,0.5972999930381775
YAL015C,YIL087C,0,0.09701014,0.09649122506380081,0.6380000114440918,0.5974000096321106
YPR173C,YKL196C,0,0.09698461,0.09647663682699203,0.6380000114440918,0.5975000262260437
YLR377C,YHL026C,0,0.096962996,0.09646204859018326,0.6380000114440918,0.597599983215332
YLR039C,YOR271C,0,0.09695665,0.09644746780395508,0.6380000114440918,0.5976999998092651
YLR315W,YIR019C,0,0.09692962,0.0964328870177269,0.6380000114440918,0.5978000164031982
YCL044C,YMR262W,0,0.09689621,0.09641831368207932,0.6380000114440918,0.5978999733924866
YOL089C,YDR448W,1,0.096826784,0.09655485302209854,0.6389999985694885,0.5978999733924866
YPL137C,YBR149W,0,0.096817724,0.09654026478528976,0.6389999985694885,0.5979999899864197
YDR040C,YLR054C,0,0.09681428,0.09652567654848099,0.6389999985694885,0.5981000065803528
YOR334W,YHR090C,0,0.096783504,0.0965111032128334,0.6389999985694885,0.5982000231742859
YER060W-A,YPL233W,0,0.0967005,0.09649652987718582,0.6389999985694885,0.5982999801635742
YGL076C,YLR054C,0,0.09669079,0.09648195654153824,0.6389999985694885,0.5983999967575073
YDL003W,YMR081C,0,0.09664152,0.09646739065647125,0.6389999985694885,0.5985000133514404
YGR057C,YOR157C,0,0.09664146,0.09645283222198486,0.6389999985694885,0.5985999703407288
YDL134C,YBR094W,0,0.096480995,0.09643827378749847,0.6389999985694885,0.5986999869346619
YFR040W,YJL168C,0,0.09640325,0.09642372280359268,0.6389999985694885,0.598800003528595
YDR261C,YOR319W,0,0.09624885,0.09640917181968689,0.6389999985694885,0.5989000201225281
YGR046W,YDR517W,0,0.09622418,0.0963946282863617,0.6389999985694885,0.5989999771118164
YBL080C,YPL049C,0,0.096167676,0.0963800922036171,0.6389999985694885,0.5990999937057495
YHR118C,YPL021W,0,0.096159585,0.0963655561208725,0.6389999985694885,0.5992000102996826
YEL019C,YJL035C,0,0.09614489,0.0963510274887085,0.6389999985694885,0.5993000268936157
YDL113C,YNL063W,0,0.09609047,0.0963364988565445,0.6389999985694885,0.599399983882904
YNL031C,YBL051C,0,0.09607,0.09632197767496109,0.6389999985694885,0.5995000004768372
YPL001W,YNR030W,0,0.096021496,0.09630746394395828,0.6389999985694885,0.5996000170707703
YOR078W,YIL173W,0,0.09601696,0.09629295021295547,0.6389999985694885,0.5996999740600586
YBR045C,YDL046W,0,0.095993765,0.09627843648195267,0.6389999985694885,0.5997999906539917
YPL100W,YGL144C,0,0.095978916,0.09626393765211105,0.6389999985694885,0.5999000072479248
YKR007W,YOR136W,0,0.095948465,0.09624943882226944,0.6389999985694885,0.6000000238418579
YGR047C,YDR362C,1,0.09588231,0.09638553857803345,0.6399999856948853,0.6000000238418579
YGR266W,YJL196C,0,0.09582362,0.09637102484703064,0.6399999856948853,0.6000999808311462
YHL003C,YPL173W,0,0.09580413,0.09635651856660843,0.6399999856948853,0.6001999974250793
YML114C,YPR056W,1,0.0957814,0.09649255126714706,0.640999972820282,0.6001999974250793
YJL162C,YDL087C,0,0.09568772,0.09647802263498306,0.640999972820282,0.6003000140190125
YNL190W,YFR049W,0,0.095627144,0.09646350890398026,0.640999972820282,0.6003999710083008
YBR034C,YMR237W,0,0.09560035,0.09644899517297745,0.640999972820282,0.6004999876022339
YML069W,YGL112C,1,0.09550523,0.09658492356538773,0.6420000195503235,0.6004999876022339
YGL105W,YER129W,0,0.09547132,0.09657039493322372,0.6420000195503235,0.600600004196167
YOR065W,YBL008W,0,0.09540854,0.09655587375164032,0.6420000195503235,0.6007000207901001
YGR170W,YBR301W,0,0.09540097,0.09654135257005692,0.6420000195503235,0.6007999777793884
YCR016W,YOR129C,0,0.095397614,0.09652683883905411,0.6420000195503235,0.6008999943733215
YJR132W,YDR246W,0,0.095346764,0.0965123251080513,0.6420000195503235,0.6010000109672546
YGL061C,YLR067C,0,0.09529827,0.09649781882762909,0.6420000195503235,0.6011000275611877
YGR193C,YMR313C,0,0.095279455,0.09648331999778748,0.6420000195503235,0.6011999845504761
YOR090C,YJL045W,0,0.09511992,0.09646882116794586,0.6420000195503235,0.6013000011444092
YER045C,YKL144C,1,0.095114805,0.09660457074642181,0.6430000066757202,0.6013000011444092
YDR309C,YAL056W,0,0.09511148,0.096590057015419,0.6430000066757202,0.6014000177383423
YNL194C,YPR120C,0,0.09509588,0.0965755507349968,0.6430000066757202,0.6014999747276306
YDR078C,YPR120C,0,0.09507947,0.09656104445457458,0.6430000066757202,0.6015999913215637
YBR003W,YDL145C,0,0.094901726,0.09654654562473297,0.6430000066757202,0.6017000079154968
YDR434W,YIL014W,0,0.094714336,0.09653205424547195,0.6430000066757202,0.6018000245094299
YDR190C,YGL171W,0,0.094671346,0.09651756286621094,0.6430000066757202,0.6018999814987183
YNL288W,YJL196C,0,0.09462155,0.09650307893753052,0.6430000066757202,0.6019999980926514
YHR210C,YOL076W,0,0.09452794,0.0964885950088501,0.6430000066757202,0.6021000146865845
YML127W,YIL167W,0,0.0943994,0.09647411853075027,0.6430000066757202,0.6021999716758728
YIL053W,YPR097W,0,0.0942441,0.09645964950323105,0.6430000066757202,0.6022999882698059
YLL018C,YDR100W,0,0.09411713,0.09644518047571182,0.6430000066757202,0.602400004863739
YKR096W,YNL029C,0,0.09404334,0.0964307114481926,0.6430000066757202,0.6025000214576721
YDR345C,YKL062W,0,0.094036795,0.09641625732183456,0.6430000066757202,0.6025999784469604
YER142C,YIL148W,0,0.09397798,0.09640179574489594,0.6430000066757202,0.6026999950408936
YHR099W,YER045C,1,0.09387308,0.09653724730014801,0.6439999938011169,0.6026999950408936
YKL185W,YML133C,0,0.09385026,0.09652277827262878,0.6439999938011169,0.6028000116348267
YGL018C,YMR001C,0,0.0938092,0.09650831669569016,0.6439999938011169,0.6029000282287598
YOR241W,YDR384C,0,0.09380544,0.09649385511875153,0.6439999938011169,0.6029999852180481
YHR111W,YLR092W,0,0.093737416,0.0964794009923935,0.6439999938011169,0.6031000018119812
YDR259C,YDR292C,0,0.09370047,0.09646494686603546,0.6439999938011169,0.6032000184059143
YDR098C-A,YPL239W,0,0.09363974,0.09645050019025803,0.6439999938011169,0.6032999753952026
YNL142W,YLR432W,0,0.093619585,0.09643606096506119,0.6439999938011169,0.6033999919891357
YER149C,YBR208C,0,0.09358423,0.09642162173986435,0.6439999938011169,0.6035000085830688
YPR114W,YDR372C,0,0.093403794,0.09640718251466751,0.6439999938011169,0.603600025177002
YML013W,YPR131C,0,0.093370706,0.09639275819063187,0.6439999938011169,0.6036999821662903
YBR015C,YCR063W,0,0.09332722,0.09637832641601562,0.6439999938011169,0.6037999987602234
YJR073C,YJL058C,0,0.09328641,0.09636390954256058,0.6439999938011169,0.6039000153541565
YPR067W,YLL057C,0,0.093269266,0.09634949266910553,0.6439999938011169,0.6039999723434448
YOR227W,YNL287W,0,0.09323851,0.09633507579565048,0.6439999938011169,0.6040999889373779
YMR048W,YER127W,0,0.09313809,0.09632066637277603,0.6439999938011169,0.604200005531311
YER028C,YPL177C,1,0.09308679,0.09645581245422363,0.6449999809265137,0.604200005531311
YDR145W,YKL028W,1,0.093072936,0.09659090638160706,0.6460000276565552,0.604200005531311
YML021C,YML055W,0,0.09291912,0.09657646715641022,0.6460000276565552,0.6043000221252441
YGL067W,YHR024C,0,0.09289185,0.09656203538179398,0.6460000276565552,0.6043999791145325
YOR045W,YER028C,0,0.09288073,0.09654760360717773,0.6460000276565552,0.6044999957084656
YGL073W,YOR247W,0,0.09284682,0.09653317183256149,0.6460000276565552,0.6046000123023987
YLR460C,YPL145C,0,0.09275837,0.09651874750852585,0.6460000276565552,0.6047000288963318
YJR042W,YNL194C,0,0.09271654,0.0965043306350708,0.6460000276565552,0.6047999858856201
YBR208C,YOR060C,0,0.092661306,0.09648992121219635,0.6460000276565552,0.6049000024795532
YPL056C,YFR038W,0,0.0926559,0.0964755043387413,0.6460000276565552,0.6050000190734863
YJR052W,YLR056W,0,0.09260515,0.09646110236644745,0.6460000276565552,0.6050999760627747
YGL126W,YGR083C,0,0.0925912,0.0964467003941536,0.6460000276565552,0.6051999926567078
YOL042W,YER081W,0,0.09246551,0.09643230587244034,0.6460000276565552,0.6053000092506409
YDR345C,YPL021W,0,0.09238551,0.09641791135072708,0.6460000276565552,0.605400025844574
YNL318C,YLL016W,0,0.09237534,0.09640352427959442,0.6460000276565552,0.6054999828338623
YDR435C,YOR273C,0,0.092365496,0.09638913720846176,0.6460000276565552,0.6055999994277954
YDL093W,YER071C,0,0.09230186,0.0963747575879097,0.6460000276565552,0.6057000160217285
YDR039C,YBL025W,0,0.09226702,0.09636038541793823,0.6460000276565552,0.6057999730110168
YNL133C,YPL013C,0,0.09226054,0.09634601324796677,0.6460000276565552,0.60589998960495
YDL100C,YJR054W,0,0.09225605,0.0963316410779953,0.6460000276565552,0.6060000061988831
YMR101C,YNL246W,0,0.09224299,0.09631728380918503,0.6460000276565552,0.6061000227928162
YBL013W,YCL048W,0,0.092209406,0.09630291908979416,0.6460000276565552,0.6061999797821045
YML069W,YGR274C,1,0.09209649,0.09643761813640594,0.6470000147819519,0.6061999797821045
YAL002W,YGL058W,0,0.09203326,0.09642324596643448,0.6470000147819519,0.6062999963760376
YNL068C,YBR193C,0,0.09199975,0.09640888124704361,0.6470000147819519,0.6064000129699707
YBR023C,YGL195W,0,0.09195008,0.09639451652765274,0.6470000147819519,0.6065000295639038
YKR078W,YLR019W,0,0.09187536,0.09638015925884247,0.6470000147819519,0.6065999865531921
YOR027W,YHL050C,0,0.09166751,0.0963658019900322,0.6470000147819519,0.6067000031471252
YGR205W,YOR266W,0,0.09161953,0.09635145217180252,0.6470000147819519,0.6068000197410583
YOR177C,YDR468C,0,0.09161686,0.09633710235357285,0.6470000147819519,0.6068999767303467
YPR128C,YNR038W,0,0.09154241,0.09632275998592377,0.6470000147819519,0.6069999933242798
YLR390W-A,YPL043W,0,0.09152513,0.09630842506885529,0.6470000147819519,0.6071000099182129
YML133C,YNL288W,0,0.091427214,0.0962940901517868,0.6470000147819519,0.607200026512146
YKL069W,YER100W,0,0.09138959,0.09627976268529892,0.6470000147819519,0.6072999835014343
YER142C,YKR085C,0,0.091345556,0.09626543521881104,0.6470000147819519,0.6074000000953674
YOR363C,YGR004W,0,0.09129443,0.09625111520290375,0.6470000147819519,0.6075000166893005
YNR032C-A,YDL106C,0,0.091279626,0.09623680263757706,0.6470000147819519,0.6075999736785889
YJL127C,YGL070C,0,0.09124587,0.09622249007225037,0.6470000147819519,0.607699990272522
YDR359C,YDR179C,0,0.091200836,0.09620817750692368,0.6470000147819519,0.6078000068664551
YDR244W,YNL055C,0,0.091019996,0.09619387239217758,0.6470000147819519,0.6079000234603882
YDL003W,YDL243C,0,0.09093984,0.09617957472801208,0.6470000147819519,0.6079999804496765
YOL078W,YNL123W,0,0.090823166,0.09616527706384659,0.6470000147819519,0.6080999970436096
YMR274C,YDR528W,0,0.090713374,0.09615098685026169,0.6470000147819519,0.6082000136375427
YBL056W,YBR065C,0,0.09064076,0.09613670408725739,0.6470000147819519,0.608299970626831
YGL129C,YJR096W,0,0.09062525,0.09612242132425308,0.6470000147819519,0.6083999872207642
YOL084W,YGL127C,0,0.09058752,0.09610813856124878,0.6470000147819519,0.6085000038146973
YBR254C,YJL212C,0,0.090566136,0.09609386324882507,0.6470000147819519,0.6086000204086304
YGL107C,YBR180W,0,0.090563595,0.09607959538698196,0.6470000147819519,0.6086999773979187
YGR217W,YNL118C,0,0.090552464,0.09606532752513885,0.6470000147819519,0.6087999939918518
YGR217W,YBR131W,0,0.09051844,0.09605106711387634,0.6470000147819519,0.6089000105857849
YJL059W,YJL058C,0,0.09045064,0.09603681415319443,0.6470000147819519,0.609000027179718
YOR156C,YGR005C,0,0.09026985,0.09602256119251251,0.6470000147819519,0.6090999841690063
YAL011W,YDR437W,0,0.09026362,0.0960083082318306,0.6470000147819519,0.6092000007629395
YGL073W,YLR315W,0,0.09025658,0.09599406272172928,0.6470000147819519,0.6093000173568726
YPR095C,YCL064C,0,0.090246595,0.09597982466220856,0.6470000147819519,0.6093999743461609
YNR048W,YDR463W,0,0.090238236,0.09596558660268784,0.6470000147819519,0.609499990940094
YOR193W,YNL317W,0,0.09015097,0.09595135599374771,0.6470000147819519,0.6096000075340271
YDR235W,YBR114W,0,0.0900586,0.09593713283538818,0.6470000147819519,0.6097000241279602
YML055W,YMR177W,0,0.09005224,0.09592290222644806,0.6470000147819519,0.6097999811172485
YGR005C,YOR253W,0,0.08988427,0.09590868651866913,0.6470000147819519,0.6098999977111816
YLR085C,YML041C,0,0.08977177,0.0958944708108902,0.6470000147819519,0.6100000143051147
YMR215W,YDR412W,0,0.08962932,0.09588026255369186,0.6470000147819519,0.6100999712944031
YBR208C,YIL005W,0,0.0895877,0.09586605429649353,0.6470000147819519,0.6101999878883362
YNL246W,YCR106W,0,0.0895819,0.0958518534898758,0.6470000147819519,0.6103000044822693
YHR020W,YDL046W,0,0.08941058,0.09583765268325806,0.6470000147819519,0.6104000210762024
YFL021W,YGL043W,1,0.08935345,0.09597156196832657,0.6480000019073486,0.6104000210762024
YER100W,YNL020C,0,0.08924543,0.09595735371112823,0.6480000019073486,0.6104999780654907
YPL141C,YDR244W,0,0.08922866,0.0959431454539299,0.6480000019073486,0.6105999946594238
YER014W,YDR515W,0,0.089075625,0.09592894464731216,0.6480000019073486,0.6107000112533569
YGL207W,YML069W,1,0.08907159,0.09606275707483292,0.6489999890327454,0.6107000112533569
YOR090C,YJR108W,0,0.08905318,0.09604854136705399,0.6489999890327454,0.61080002784729
YAL001C,YGL112C,1,0.088918805,0.09618230164051056,0.6499999761581421,0.61080002784729
YER143W,YGR083C,0,0.0888393,0.09616807103157043,0.6499999761581421,0.6108999848365784
YGL126W,YFL005W,0,0.08883045,0.09615384787321091,0.6499999761581421,0.6110000014305115
YHR090C,YLR288C,0,0.08882197,0.09613962471485138,0.6499999761581421,0.6111000180244446
YJL162C,YHR133C,0,0.08867564,0.09612540900707245,0.6499999761581421,0.6111999750137329
YGR046W,YGR224W,0,0.08862599,0.09611119329929352,0.6499999761581421,0.611299991607666
YMR227C,YEL009C,1,0.088543646,0.09624482691287994,0.6510000228881836,0.611299991607666
YOR267C,YLR442C,0,0.08841506,0.09623059630393982,0.6510000228881836,0.6114000082015991
YKL145W,YCL048W,0,0.08840769,0.09621637314558029,0.6510000228881836,0.6115000247955322
YCL010C,YIL036W,1,0.08839952,0.09634993225336075,0.6520000100135803,0.6115000247955322
YPL221W,YKR072C,0,0.08836614,0.09633569419384003,0.6520000100135803,0.6115999817848206
YOR045W,YNL278W,0,0.08817687,0.0963214635848999,0.6520000100135803,0.6116999983787537
YLR409C,YMR149W,0,0.088121794,0.09630724042654037,0.6520000100135803,0.6118000149726868
YDL100C,YKR085C,0,0.08789891,0.09629301726818085,0.6520000100135803,0.6118999719619751
YHL025W,YCR005C,0,0.087897636,0.09627879410982132,0.6520000100135803,0.6119999885559082
YKR093W,YDR227W,0,0.08784405,0.09626457840204239,0.6520000100135803,0.6121000051498413
YLR315W,YDR100W,0,0.087729394,0.09625037014484406,0.6520000100135803,0.6122000217437744
YGL061C,YBR193C,0,0.08770434,0.09623616188764572,0.6520000100135803,0.6122999787330627
YPL137C,YIL096C,0,0.08770062,0.09622196108102798,0.6520000100135803,0.6123999953269958
YPL100W,YLR019W,0,0.087658465,0.09620776027441025,0.6520000100135803,0.612500011920929
YGL061C,YLR181C,0,0.0875594,0.09619356691837311,0.6520000100135803,0.6126000285148621
YHL017W,YFR047C,0,0.08749884,0.09617938101291656,0.6520000100135803,0.6126999855041504
YKL054C,YBR015C,0,0.08741027,0.09616519510746002,0.6520000100135803,0.6128000020980835
YML011C,YMR275C,0,0.087405376,0.09615100920200348,0.6520000100135803,0.6129000186920166
YDR098C-A,YDL235C,0,0.08715827,0.09613683074712753,0.6520000100135803,0.6129999756813049
YPL169C,YLR352W,0,0.08709473,0.09612265974283218,0.6520000100135803,0.613099992275238
YDL003W,YIL043C,0,0.08705236,0.09610848873853683,0.6520000100135803,0.6132000088691711
YKL016C,YKL052C,0,0.08694944,0.09609432518482208,0.6520000100135803,0.6133000254631042
YFR010W,YIL137C,0,0.08691578,0.09608016163110733,0.6520000100135803,0.6133999824523926
YGR212W,YDR075W,0,0.08689848,0.09606600552797318,0.6520000100135803,0.6134999990463257
YOL144W,YOR117W,0,0.08687178,0.09605185687541962,0.6520000100135803,0.6136000156402588
YKR093W,YOR383C,0,0.08686154,0.09603770822286606,0.6520000100135803,0.6136999726295471
YMR009W,YMR091C,0,0.08686055,0.0960235670208931,0.6520000100135803,0.6137999892234802
YER102W,YJR108W,0,0.086819865,0.09600942581892014,0.6520000100135803,0.6139000058174133
YER159C,YBL025W,0,0.08680208,0.09599529206752777,0.6520000100135803,0.6140000224113464
YGL144C,YNL180C,0,0.08677508,0.0959811583161354,0.6520000100135803,0.6140999794006348
YEL020W-A,YNL094W,0,0.08676596,0.09596703201532364,0.6520000100135803,0.6141999959945679
YDR280W,YKL005C,0,0.08674709,0.09595290571451187,0.6520000100135803,0.614300012588501
YOR189W,YPL097W,0,0.08660256,0.0959387868642807,0.6520000100135803,0.6144000291824341
YOL069W,YBR218C,0,0.086564325,0.09592467546463013,0.6520000100135803,0.6144999861717224
YDR397C,YPL010W,0,0.086520754,0.09591056406497955,0.6520000100135803,0.6146000027656555
YKR027W,YPL207W,0,0.08647949,0.09589645266532898,0.6520000100135803,0.6147000193595886
YDL106C,YOR249C,0,0.086469814,0.0958823561668396,0.6520000100135803,0.614799976348877
YOR002W,YHL006C,0,0.086466886,0.09586825221776962,0.6520000100135803,0.6148999929428101
YMR041C,YNL214W,0,0.08646231,0.09585416316986084,0.6520000100135803,0.6150000095367432
YHR205W,YJL013C,0,0.086439334,0.09584007412195206,0.6520000100135803,0.6151000261306763
YJL174W,YIL173W,0,0.08640695,0.09582598507404327,0.6520000100135803,0.6151999831199646
YHR006W,YER005W,0,0.08632872,0.09581190347671509,0.6520000100135803,0.6152999997138977
YOR266W,YHR020W,0,0.08632774,0.0957978218793869,0.6520000100135803,0.6154000163078308
YAR042W,YNL181W,0,0.08630162,0.09578375518321991,0.6520000100135803,0.6154999732971191
YCR042C,YCL010C,1,0.08616323,0.09591656923294067,0.652999997138977,0.6154999732971191
YGR217W,YMR225C,0,0.0861566,0.09590248018503189,0.652999997138977,0.6155999898910522
YNL167C,YOR032C,0,0.08612699,0.0958883985877037,0.652999997138977,0.6157000064849854
YDR189W,YLL026W,0,0.086125135,0.09587432444095612,0.652999997138977,0.6158000230789185
YOL009C,YJL180C,0,0.08602359,0.09586025029420853,0.652999997138977,0.6158999800682068
YNL240C,YPL221W,0,0.08600369,0.09584617614746094,0.652999997138977,0.6159999966621399
YDR276C,YLL021W,0,0.08599172,0.09583210945129395,0.652999997138977,0.616100013256073
YER142C,YDR078C,0,0.08588809,0.09581805020570755,0.652999997138977,0.6161999702453613
YIL022W,YOL011W,0,0.085854955,0.09580399096012115,0.652999997138977,0.6162999868392944
YLL031C,YMR322C,0,0.08579054,0.09578993916511536,0.652999997138977,0.6164000034332275
YDR372C,YFL049W,0,0.08575997,0.09577588737010956,0.652999997138977,0.6165000200271606
YPL133C,YCL035C,0,0.085706934,0.09576184302568436,0.652999997138977,0.616599977016449
YDR301W,YOR254C,0,0.08569711,0.09574779868125916,0.652999997138977,0.6166999936103821
YHR146W,YDR246W,0,0.08565465,0.09573376178741455,0.652999997138977,0.6168000102043152
YDR435C,YNL066W,0,0.08551172,0.09571973234415054,0.652999997138977,0.6169000267982483
YOR016C,YKL032C,0,0.08549033,0.09570570290088654,0.652999997138977,0.6169999837875366
YGR078C,YGR055W,0,0.085485265,0.09569167345762253,0.652999997138977,0.6171000003814697
YLR426W,YML098W,0,0.085348375,0.09567765891551971,0.652999997138977,0.6172000169754028
YHL011C,YHL006C,0,0.085294664,0.0956636369228363,0.652999997138977,0.6172999739646912
YLR367W,YHR090C,0,0.08526071,0.09564962983131409,0.652999997138977,0.6173999905586243
YKL069W,YDR422C,0,0.085171275,0.09563561528921127,0.652999997138977,0.6175000071525574
YDL100C,YGR138C,0,0.08508324,0.09562161564826965,0.652999997138977,0.6176000237464905
YOL089C,YCR042C,1,0.08504208,0.09575402736663818,0.6539999842643738,0.6176000237464905
YBR279W,YMR195W,0,0.085024886,0.09574000537395477,0.6539999842643738,0.6176999807357788
YDR210C-D,YDL087C,0,0.08474122,0.09572599828243256,0.6539999842643738,0.6177999973297119
YOR252W,YDR359C,0,0.08470801,0.09571198374032974,0.6539999842643738,0.617900013923645
YLR361C,YNL094W,0,0.084693395,0.09569798409938812,0.6539999842643738,0.6179999709129333
YGL207W,YPR186C,1,0.08464571,0.0958302840590477,0.6549999713897705,0.6179999709129333
YNL222W,YGL043W,1,0.08456248,0.09596255421638489,0.656000018119812,0.6179999709129333
YPR158W-B,YCR024C,0,0.08454423,0.09594851732254028,0.656000018119812,0.6180999875068665
YMR205C,YDR365W-A,0,0.0845143,0.09593448042869568,0.656000018119812,0.6182000041007996
YOR117W,YCR031C,0,0.08445985,0.09592045843601227,0.656000018119812,0.6183000206947327
YDR200C,YCR005C,0,0.08442261,0.09590643644332886,0.656000018119812,0.618399977684021
YCL051W,YER143W,0,0.08436275,0.09589241445064545,0.656000018119812,0.6184999942779541
YNL130C,YNL118C,0,0.084339835,0.09587839990854263,0.656000018119812,0.6186000108718872
YDR407C,YCR106W,0,0.08432791,0.09586438536643982,0.656000018119812,0.6187000274658203
YDR325W,YDR384C,0,0.08418561,0.0958503782749176,0.656000018119812,0.6187999844551086
YJL098W,YNL041C,0,0.08407798,0.09583637863397598,0.656000018119812,0.6189000010490417
YOL121C,YDR430C,0,0.084056675,0.09582237899303436,0.656000018119812,0.6190000176429749
YNL288W,YKR072C,0,0.08403268,0.09580838680267334,0.656000018119812,0.6190999746322632
YGR165W,YOR195W,0,0.083971016,0.09579439461231232,0.656000018119812,0.6191999912261963
YLR215C,YKR085C,0,0.083906196,0.0957804024219513,0.656000018119812,0.6193000078201294
YHR090C,YLR001C,0,0.08383278,0.09576642513275146,0.656000018119812,0.6194000244140625
YLR411W,YNL054W-A,0,0.08377097,0.09575244784355164,0.656000018119812,0.6194999814033508
YDR111C,YHR214C-C,0,0.08373783,0.0957384705543518,0.656000018119812,0.6195999979972839
YDR460W,YIL036W,1,0.083729096,0.09587042033672333,0.6570000052452087,0.6195999979972839
YIL143C,YJL011C,1,0.08372636,0.09600233286619186,0.6579999923706055,0.6195999979972839
YNL145W,YHR037W,0,0.08371809,0.09598833322525024,0.6579999923706055,0.619700014591217
YLR023C,YGR142W,0,0.0836472,0.09597432613372803,0.6579999923706055,0.6197999715805054
YPL224C,YIL011W,0,0.08348589,0.095960333943367,0.6579999923706055,0.6198999881744385
YDR398W,YNR071C,0,0.083466776,0.09594634175300598,0.6579999923706055,0.6200000047683716
YJL110C,YAL030W,0,0.08341565,0.09593234956264496,0.6579999923706055,0.6201000213623047
YNR032C-A,YLR413W,0,0.08331366,0.09591836482286453,0.6579999923706055,0.620199978351593
YPL115C,YPL176C,0,0.08325091,0.0959043875336647,0.6579999923706055,0.6202999949455261
YDR200C,YBR149W,0,0.08312409,0.09589041024446487,0.6579999923706055,0.6204000115394592
YIL022W,YDL117W,0,0.08311554,0.09587644040584564,0.6579999923706055,0.6205000281333923
YML004C,YOR019W,0,0.083113335,0.09586247056722641,0.6579999923706055,0.6205999851226807
YDR471W,YPL140C,0,0.08300697,0.09584850817918777,0.6579999923706055,0.6207000017166138
YPL082C,YPL177C,1,0.08297279,0.0959801897406578,0.6589999794960022,0.6207000017166138
YBR279W,YOR109W,0,0.082958646,0.09596621245145798,0.6589999794960022,0.6208000183105469
YMR063W,YPL210C,0,0.08293247,0.09595224261283875,0.6589999794960022,0.6208999752998352
YKR053C,YLR023C,0,0.082873605,0.09593827277421951,0.6589999794960022,0.6209999918937683
YOL122C,YJR041C,0,0.08273991,0.09592431038618088,0.6589999794960022,0.6211000084877014
YIL156W,YNL031C,0,0.08271328,0.09591034799814224,0.6589999794960022,0.6212000250816345
YBR046C,YDR469W,0,0.08256001,0.0958963930606842,0.6589999794960022,0.6212999820709229
YNL051W,YBL035C,0,0.082488604,0.09588243812322617,0.6589999794960022,0.621399998664856
YHL050C,YCL054W,0,0.082458414,0.09586849063634872,0.6589999794960022,0.6215000152587891
YNL318C,YLR060W,0,0.082423195,0.09585454314947128,0.6589999794960022,0.6215999722480774
YPL100W,YJR096W,0,0.08235366,0.09584060311317444,0.6589999794960022,0.6216999888420105
YBL056W,YFR027W,0,0.08216863,0.09582667052745819,0.6589999794960022,0.6218000054359436
YBL038W,YDR261C,0,0.08213935,0.09581273794174194,0.6589999794960022,0.6219000220298767
YHR099W,YML098W,1,0.082130365,0.09594418108463287,0.6600000262260437,0.6219000220298767
YDR127W,YNL111C,0,0.08212154,0.09593023359775543,0.6600000262260437,0.621999979019165
YNL288W,YMR050C,0,0.08196848,0.09591629356145859,0.6600000262260437,0.6220999956130981
YML114C,YAL001C,1,0.081807904,0.09604766219854355,0.6610000133514404,0.6220999956130981
YDL106C,YPR007C,0,0.08171777,0.09603370726108551,0.6610000133514404,0.6222000122070312
YPL135W,YJL197W,0,0.081696324,0.09601975232362747,0.6610000133514404,0.6223000288009644
YML011C,YPL126W,0,0.08169596,0.09600581228733063,0.6610000133514404,0.6223999857902527
YBR046C,YGL189C,0,0.08166485,0.09599186480045319,0.6610000133514404,0.6225000023841858
YOR090C,YHL035C,0,0.08158774,0.09597793221473694,0.6610000133514404,0.6226000189781189
YDR075W,YML081W,0,0.08128399,0.0959639921784401,0.6610000133514404,0.6226999759674072
YML086C,YLR352W,0,0.08122132,0.09595006704330444,0.6610000133514404,0.6227999925613403
YCR065W,YDR110W,0,0.08116875,0.09593614190816879,0.6610000133514404,0.6229000091552734
YNL222W,YIL036W,1,0.08115197,0.09606733173131943,0.6620000004768372,0.6229000091552734
YDR150W,YJR096W,0,0.08101679,0.09605339169502258,0.6620000004768372,0.6230000257492065
YOR241W,YPL233W,0,0.08100722,0.09603945910930634,0.6620000004768372,0.6230999827384949
YFL061W,YJL212C,0,0.080920205,0.09602552652359009,0.6620000004768372,0.623199999332428
YAL011W,YMR158W,0,0.0808999,0.09601160138845444,0.6620000004768372,0.6233000159263611
YOL069W,YOR192C,0,0.08082098,0.09599767625331879,0.6620000004768372,0.6233999729156494
YPR067W,YNL036W,0,0.08078251,0.09598375856876373,0.6620000004768372,0.6234999895095825
YHR122W,YBR034C,0,0.08070776,0.09596984833478928,0.6620000004768372,0.6236000061035156
YNL130C,YKL114C,0,0.080687605,0.09595593810081482,0.6620000004768372,0.6237000226974487
YDR441C,YKL054C,0,0.0806709,0.09594202786684036,0.6620000004768372,0.6237999796867371
YLR059C,YLR411W,0,0.080619074,0.0959281250834465,0.6620000004768372,0.6238999962806702
YIL019W,YDR468C,0,0.08056989,0.09591422975063324,0.6620000004768372,0.6240000128746033
YDR469W,YBR121C,0,0.08051542,0.09590033441781998,0.6620000004768372,0.6241000294685364
YLR284C,YBR301W,0,0.08042812,0.09588643908500671,0.6620000004768372,0.6241999864578247
YDR213W,YOR027W,0,0.080399014,0.09587255865335464,0.6620000004768372,0.6243000030517578
YJR049C,YNL294C,0,0.08037741,0.09585867077112198,0.6620000004768372,0.6244000196456909
YOR129C,YHR120W,0,0.080287784,0.0958447977900505,0.6620000004768372,0.6244999766349792
YLR466W,YKL196C,0,0.080264516,0.09583091735839844,0.6620000004768372,0.6245999932289124
YKL138C,YDR292C,0,0.08015575,0.09581705182790756,0.6620000004768372,0.6247000098228455
YKR053C,YOR026W,0,0.08014844,0.09580318629741669,0.6620000004768372,0.6248000264167786
YOR264W,YOR117W,0,0.08011698,0.09578932076692581,0.6620000004768372,0.6248999834060669
YOR129C,YCR035C,0,0.08003398,0.09577546268701553,0.6620000004768372,0.625
YDR362C,YMR236W,1,0.07996954,0.09590626507997513,0.6629999876022339,0.625
YER041W,YMR133W,0,0.0799559,0.09589239209890366,0.6629999876022339,0.6251000165939331
YDR213W,YPL183C,0,0.07986629,0.09587852656841278,0.6629999876022339,0.6251999735832214
YFR031C-A,YMR053C,0,0.07979498,0.0958646610379219,0.6629999876022339,0.6252999901771545
YER155C,YMR322C,0,0.07978729,0.09585080295801163,0.6629999876022339,0.6254000067710876
YOR334W,YKR100C,0,0.07969221,0.09583694487810135,0.6629999876022339,0.6255000233650208
YJL012C,YKL080W,0,0.07963288,0.09582309424877167,0.6629999876022339,0.6255999803543091
YMR081C,YCL044C,0,0.07961737,0.09580925107002258,0.6629999876022339,0.6256999969482422
YOR267C,YJR120W,0,0.07956266,0.0957954078912735,0.6629999876022339,0.6258000135421753
YDR422C,YLL006W,0,0.07952864,0.09578156471252441,0.6629999876022339,0.6258999705314636
YDR323C,YBR086C,0,0.07938815,0.09576772898435593,0.6629999876022339,0.6259999871253967
YIL118W,YGR245C,0,0.079352915,0.09575390070676804,0.6629999876022339,0.6261000037193298
YIL052C,YNL142W,0,0.079351194,0.09574007242918015,0.6629999876022339,0.6262000203132629
YKL052C,YHR024C,0,0.079343185,0.09572625160217285,0.6629999876022339,0.6262999773025513
YOR049C,YKR075C,0,0.0793413,0.09571243077516556,0.6629999876022339,0.6263999938964844
YLR360W,YBR162C,0,0.07922616,0.09569861739873886,0.6629999876022339,0.6265000104904175
YJL094C,YPL135W,0,0.07902028,0.09568480402231216,0.6629999876022339,0.6266000270843506
YPL209C,YFL005W,0,0.078941576,0.09567099809646606,0.6629999876022339,0.6266999840736389
YPL175W,YOR001W,0,0.078912996,0.09565719217061996,0.6629999876022339,0.626800000667572
YJL096W,YJR050W,0,0.07883084,0.09564339369535446,0.6629999876022339,0.6269000172615051
YJL059W,YBR016W,0,0.07878932,0.09562959522008896,0.6629999876022339,0.6269999742507935
YDR427W,YPL117C,0,0.07877638,0.09561580419540405,0.6629999876022339,0.6270999908447266
YHL003C,YEL044W,0,0.07871788,0.09560202062129974,0.6629999876022339,0.6272000074386597
YFL026W,YIL123W,0,0.07870581,0.09558823704719543,0.6629999876022339,0.6273000240325928
YDL230W,YOR258W,0,0.07868748,0.09557445347309113,0.6629999876022339,0.6273999810218811
YPL137C,YDR244W,0,0.07866534,0.09556067734956741,0.6629999876022339,0.6274999976158142
YOL154W,YGR083C,0,0.07866486,0.0955469086766243,0.6629999876022339,0.6276000142097473
YNL286W,YGR165W,0,0.078595586,0.09553314000368118,0.6629999876022339,0.6276999711990356
YOR189W,YOR101W,0,0.07825632,0.09551937878131866,0.6629999876022339,0.6277999877929688
YKR096W,YDR545W,0,0.07822429,0.09550561755895615,0.6629999876022339,0.6279000043869019
YJR150C,YHR080C,0,0.07807361,0.09549186378717422,0.6629999876022339,0.628000020980835
YKL185W,YDR213W,0,0.07792422,0.0954781100153923,0.6629999876022339,0.6280999779701233
YGR060W,YFR030W,0,0.07790803,0.09546436369419098,0.6629999876022339,0.6281999945640564
YML015C,YGR274C,1,0.07788568,0.09559458494186401,0.6639999747276306,0.6281999945640564
YEL019C,YLR054C,0,0.07779985,0.0955808237195015,0.6639999747276306,0.6283000111579895
YNL132W,YHR194W,0,0.077798225,0.09556706994771957,0.6639999747276306,0.6284000277519226
YPL036W,YKL081W,0,0.0776929,0.09555331617593765,0.6639999747276306,0.6284999847412109
YNL284C-B,YPR169W,0,0.07760445,0.09553956985473633,0.6639999747276306,0.628600001335144
YMR227C,YGL112C,1,0.077538006,0.095669686794281,0.6650000214576721,0.628600001335144
YPR003C,YKL043W,0,0.07742082,0.09565592557191849,0.6650000214576721,0.6287000179290771
YHR099W,YNL314W,1,0.07741464,0.09578599035739899,0.6660000085830688,0.6287000179290771
YBL038W,YLR247C,0,0.07741187,0.09577221423387527,0.6660000085830688,0.6287999749183655
YGL098W,YLR460C,0,0.07738579,0.09575844556093216,0.6660000085830688,0.6288999915122986
YCR016W,YKL040C,0,0.07737591,0.09574468433856964,0.6660000085830688,0.6290000081062317
YPL248C,YDL012C,0,0.0773746,0.09573091566562653,0.6660000085830688,0.6291000247001648
YNL031C,YNL240C,0,0.077349365,0.0957171618938446,0.6660000085830688,0.6291999816894531
YGL126W,YLR055C,0,0.077263065,0.09570340812206268,0.6660000085830688,0.6292999982833862
YLR299W,YPL063W,0,0.07726293,0.09568965435028076,0.6660000085830688,0.6294000148773193
YFL049W,YDL046W,0,0.07723357,0.09567590802907944,0.6660000085830688,0.6294999718666077
YIL119C,YGR193C,0,0.07721979,0.09566216915845871,0.6660000085830688,0.6295999884605408
YMR313C,YNL081C,0,0.07721897,0.09564843028783798,0.6660000085830688,0.6297000050544739
YAL019W,YNL216W,0,0.07715883,0.09563469141721725,0.6660000085830688,0.629800021648407
YKL185W,YAL019W,0,0.07715427,0.09562095999717712,0.6660000085830688,0.6298999786376953
YNL167C,YIL153W,0,0.07706836,0.09560723602771759,0.6660000085830688,0.6299999952316284
YDR439W,YLR299W,0,0.07705105,0.09559351205825806,0.6660000085830688,0.6301000118255615
YIL018W,YDL102W,0,0.07696651,0.09557979553937912,0.6660000085830688,0.6302000284194946
YER014W,YBL038W,0,0.07686535,0.09556607902050018,0.6660000085830688,0.630299985408783
YNL111C,YCL054W,0,0.07678976,0.09555236995220184,0.6660000085830688,0.6304000020027161
YHR108W,YKR053C,0,0.07676832,0.0955386608839035,0.6660000085830688,0.6305000185966492
YDR256C,YKR031C,0,0.07672491,0.09552495926618576,0.6660000085830688,0.6305999755859375
YHR169W,YMR074C,0,0.0766904,0.09551125764846802,0.6660000085830688,0.6306999921798706
YHR205W,YLR313C,0,0.07667106,0.09549756348133087,0.6660000085830688,0.6308000087738037
YJL186W,YOR260W,0,0.07661369,0.09548386931419373,0.6660000085830688,0.6309000253677368
YPL140C,YLL018C-A,0,0.076612905,0.09547018259763718,0.6660000085830688,0.6309999823570251
YPL007C,YCR042C,1,0.07658457,0.09559983015060425,0.6669999957084656,0.6309999823570251
YFL021W,YGR186W,1,0.07655847,0.09572943300008774,0.6679999828338623,0.6309999823570251
YOR027W,YLR220W,0,0.07648857,0.0957157164812088,0.6679999828338623,0.6310999989509583
YLR006C,YPR105C,0,0.07641746,0.09570200741291046,0.6679999828338623,0.6312000155448914
YAL059W,YGL093W,0,0.076399304,0.09568829834461212,0.6679999828338623,0.6312999725341797
YPL202C,YML069W,1,0.07639817,0.09581781923770905,0.6690000295639038,0.6312999725341797
YCR086W,YOL116W,0,0.07610031,0.09580409526824951,0.6690000295639038,0.6313999891281128
YPL202C,YIL036W,1,0.07592829,0.09593356400728226,0.6700000166893005,0.6313999891281128
YNL173C,YHL031C,0,0.07590444,0.09591982513666153,0.6700000166893005,0.6315000057220459
YEL027W,YDR365C,0,0.07579442,0.095906101167202,0.6700000166893005,0.631600022315979
YPR173C,YKR007W,0,0.07573236,0.09589236974716187,0.6700000166893005,0.6316999793052673
YBR101C,YPL097W,0,0.075644605,0.09587864577770233,0.6700000166893005,0.6317999958992004
YKR078W,YKL185W,0,0.07564188,0.0958649292588234,0.6700000166893005,0.6319000124931335
YDL220C,YAL051W,0,0.07559777,0.09585121273994446,0.6700000166893005,0.6320000290870667
YPL082C,YPL202C,1,0.0754571,0.09598054736852646,0.6710000038146973,0.6320000290870667
YLR118C,YOR156C,0,0.075414255,0.09596681594848633,0.6710000038146973,0.632099986076355
YLL018C,YDR412W,0,0.0753635,0.09595309942960739,0.6710000038146973,0.6322000026702881
YHR201C,YOR026W,0,0.075354956,0.09593937546014786,0.6710000038146973,0.6323000192642212
YJL162C,YPR169W,0,0.07527874,0.09592565894126892,0.6710000038146973,0.6323999762535095
YDR359C,YNL278W,0,0.07525141,0.09591194987297058,0.6710000038146973,0.6324999928474426
YGL246C,YOL061W,0,0.07522821,0.09589824080467224,0.6710000038146973,0.6326000094413757
YGR212W,YLR363C,0,0.07501494,0.0958845391869545,0.6710000038146973,0.6327000260353088
YPR155C,YDL046W,0,0.07494895,0.09587083756923676,0.6710000038146973,0.6327999830245972
YDR516C,YDR517W,0,0.07493735,0.09585714340209961,0.6710000038146973,0.6328999996185303
YKL060C,YMR207C,0,0.07491504,0.09584344923496246,0.6710000038146973,0.6330000162124634
YNL284C-B,YOR086C,0,0.07470248,0.09582976251840591,0.6710000038146973,0.6330999732017517
YDR075W,YDR439W,0,0.07468682,0.09581607580184937,0.6710000038146973,0.6331999897956848
YKL141W,YMR234W,0,0.0746542,0.09580239653587341,0.6710000038146973,0.6333000063896179
YLR284C,YLR277C,0,0.07456394,0.09578872472047806,0.6710000038146973,0.633400022983551
YCR107W,YLR044C,0,0.074494265,0.0957750529050827,0.6710000038146973,0.6334999799728394
YPL120W,YIR019C,0,0.07423235,0.09576138108968735,0.6710000038146973,0.6335999965667725
YOR136W,YGL139W,0,0.07418843,0.09574771672487259,0.6710000038146973,0.6337000131607056
YBR060C,YAL026C,0,0.07415862,0.09573405981063843,0.6710000038146973,0.6338000297546387
YML057W,YDR098C-B,0,0.07401373,0.09572040289640427,0.6710000038146973,0.633899986743927
YNL031C,YCL054W,0,0.07393887,0.0957067459821701,0.6710000038146973,0.6340000033378601
YGL098W,YOR252W,0,0.07387225,0.09569309651851654,0.6710000038146973,0.6341000199317932
YBR086C,YOR048C,0,0.073823504,0.09567945450544357,0.6710000038146973,0.6341999769210815
YML059C,YBL025W,0,0.07374368,0.0956658124923706,0.6710000038146973,0.6342999935150146
YNL167C,YBR208C,0,0.07369096,0.09565217047929764,0.6710000038146973,0.6344000101089478
YPL082C,YGL166W,1,0.073686786,0.09578107297420502,0.671999990940094,0.6344000101089478
YOR358W,YLR313C,0,0.07351106,0.09576742351055145,0.671999990940094,0.6345000267028809
YOL069W,YPR100W,0,0.0734581,0.09575377404689789,0.671999990940094,0.6345999836921692
YOR091W,YOR157C,0,0.07331175,0.09574013203382492,0.671999990940094,0.6347000002861023
YIL036W,YJR054W,0,0.07327645,0.09572649747133255,0.671999990940094,0.6348000168800354
YGR283C,YNR024W,0,0.073260926,0.09571286290884018,0.671999990940094,0.6348999738693237
YOL154W,YBR193C,0,0.07324686,0.09569922834634781,0.671999990940094,0.6349999904632568
YLR001C,YOL059W,0,0.073228456,0.09568560123443604,0.671999990940094,0.6351000070571899
YHR035W,YLR315W,0,0.073220626,0.09567198157310486,0.671999990940094,0.635200023651123
YLR054C,YML096W,0,0.07321933,0.09565836191177368,0.671999990940094,0.6352999806404114
YLR044C,YPL145C,0,0.07304346,0.0956447497010231,0.671999990940094,0.6353999972343445
YLR432W,YDR246W,0,0.07303849,0.09563113749027252,0.671999990940094,0.6355000138282776
YNL221C,YCR018C,0,0.07296641,0.09561753273010254,0.671999990940094,0.6355999708175659
YHR169W,YKL080W,0,0.07294751,0.09560392796993256,0.671999990940094,0.635699987411499
YMR072W,YLR068W,0,0.072902285,0.09559033066034317,0.671999990940094,0.6358000040054321
YJL011C,YML015C,1,0.07277501,0.09571895748376846,0.6729999780654907,0.6358000040054321
YML101C,YFR053C,0,0.07273021,0.09570534527301788,0.6729999780654907,0.6359000205993652
YML081W,YOR254C,0,0.072633095,0.0956917405128479,0.6729999780654907,0.6359999775886536
YDL230W,YER167W,0,0.07253418,0.09567813575267792,0.6729999780654907,0.6360999941825867
YBL087C,YLR363C,0,0.0725001,0.09566453099250793,0.6729999780654907,0.6362000107765198
YBR060C,YDR021W,0,0.07225033,0.09565094113349915,0.6729999780654907,0.6363000273704529
YAR009C,YOR001W,0,0.072218515,0.09563734382390976,0.6729999780654907,0.6363999843597412
YDR427W,YGR193C,0,0.07215014,0.09562375396490097,0.6729999780654907,0.6365000009536743
YER031C,YGR078C,0,0.07206843,0.09561017155647278,0.6729999780654907,0.6366000175476074
YPR161C,YML086C,0,0.07203057,0.09559658914804459,0.6729999780654907,0.6366999745368958
YHR090C,YIR026C,0,0.07201352,0.09558301419019699,0.6729999780654907,0.6367999911308289
YLR223C,YBL007C,0,0.07192667,0.0955694392323494,0.6729999780654907,0.636900007724762
YGL196W,YKL155C,0,0.07190413,0.0955558717250824,0.6729999780654907,0.6370000243186951
YLR131C,YER179W,0,0.071853004,0.0955423042178154,0.6729999780654907,0.6370999813079834
YCR045C,YOR113W,0,0.07183433,0.095528744161129,0.6729999780654907,0.6371999979019165
YKR085C,YPL063W,0,0.071794525,0.0955151841044426,0.6729999780654907,0.6373000144958496
YHL031C,YIL011W,0,0.071792655,0.09550163149833679,0.6729999780654907,0.6373999714851379
YDL105W,YIR019C,0,0.07172675,0.09548807889223099,0.6729999780654907,0.637499988079071
YJL045W,YMR131C,0,0.07169899,0.09547453373670578,0.6729999780654907,0.6376000046730042
YIL022W,YOL076W,0,0.0716976,0.09546099603176117,0.6729999780654907,0.6377000212669373
YPR017C,YKR099W,0,0.07167462,0.09544745087623596,0.6729999780654907,0.6377999782562256
YMR192W,YDR316W-B,0,0.07157876,0.09543392062187195,0.6729999780654907,0.6378999948501587
YER100W,YKR099W,0,0.07157279,0.09542039036750793,0.6729999780654907,0.6380000114440918
YGR099W,YPL198W,0,0.07155234,0.09540686011314392,0.6729999780654907,0.6381000280380249
YJR117W,YKR085C,0,0.07154503,0.0953933373093605,0.6729999780654907,0.6381999850273132
YDR343C,YNL164C,0,0.07143227,0.09537982195615768,0.6729999780654907,0.6383000016212463
YEL020W-A,YLR277C,0,0.07142749,0.09536630660295486,0.6729999780654907,0.6384000182151794
YHR150W,YOR060C,0,0.071425326,0.09535279124975204,0.6729999780654907,0.6384999752044678
YAL015C,YPR133C,0,0.071394496,0.09533928334712982,0.6729999780654907,0.6385999917984009
YDL124W,YER123W,0,0.07132203,0.0953257754445076,0.6729999780654907,0.638700008392334
YBR005W,YGL139W,0,0.07120602,0.09531227499246597,0.6729999780654907,0.6388000249862671
YDR515W,YCL064C,0,0.07118616,0.09529878199100494,0.6729999780654907,0.6388999819755554
YDL072C,YMR015C,0,0.07115518,0.09528528898954391,0.6729999780654907,0.6389999985694885
YLR083C,YLL018C-A,0,0.07113965,0.09527180343866348,0.6729999780654907,0.6391000151634216
YOL154W,YOR192C,0,0.07109673,0.09525831788778305,0.6729999780654907,0.63919997215271
YLR260W,YPL156C,0,0.07105828,0.09524483233690262,0.6729999780654907,0.6392999887466431
YER023W,YLR466W,0,0.07099416,0.09523135423660278,0.6729999780654907,0.6394000053405762
YMR053C,YDR407C,0,0.07097292,0.09521788358688354,0.6729999780654907,0.6395000219345093
YMR205C,YHR149C,0,0.07093694,0.0952044129371643,0.6729999780654907,0.6395999789237976
YMR076C,YCL064C,0,0.07092875,0.09519094973802567,0.6729999780654907,0.6396999955177307
YMR243C,YHL025W,0,0.07092499,0.09517748653888702,0.6729999780654907,0.6398000121116638
YOL076W,YJR118C,0,0.070880316,0.09516403079032898,0.6729999780654907,0.6399000287055969
YDR362C,YOR110W,1,0.07080994,0.09529195725917816,0.6740000247955322,0.6399000287055969
YKL016C,YEL032W,0,0.07079641,0.09527848660945892,0.6740000247955322,0.6399999856948853
YHR185C,YPL133C,0,0.07078704,0.09526501595973969,0.6740000247955322,0.6401000022888184
YER149C,YGL016W,0,0.07068188,0.09525155276060104,0.6740000247955322,0.6402000188827515
YLR345W,YMR105C,0,0.07067504,0.095238097012043,0.6740000247955322,0.6402999758720398
YPL120W,YKR053C,0,0.07066997,0.09522464126348495,0.6740000247955322,0.6403999924659729
YLR143W,YMR074C,0,0.070626356,0.09521118551492691,0.6740000247955322,0.640500009059906
YIL056W,YPL254W,0,0.07051215,0.09519773721694946,0.6740000247955322,0.6406000256538391
YDR129C,YOR011W,0,0.070492044,0.09518429636955261,0.6740000247955322,0.6406999826431274
YML061C,YLR175W,0,0.07048878,0.09517085552215576,0.6740000247955322,0.6407999992370605
YCL016C,YKL138C,0,0.0704221,0.09515742212533951,0.6740000247955322,0.6409000158309937
YGL025C,YHR148W,0,0.07041485,0.09514398872852325,0.6740000247955322,0.640999972820282
YBL056W,YBR169C,0,0.070373304,0.095130555331707,0.6740000247955322,0.6410999894142151
YEL024W,YKR083C,0,0.07035649,0.09511712938547134,0.6740000247955322,0.6412000060081482
YDR160W,YNL081C,0,0.07032204,0.09510371088981628,0.6740000247955322,0.6413000226020813
YOR334W,YKL006C-A,0,0.07019037,0.09509029239416122,0.6740000247955322,0.6413999795913696
YGL207W,YKL144C,1,0.069990404,0.09521794319152832,0.675000011920929,0.6413999795913696
YOR193W,YMR055C,0,0.06998907,0.09520450979471207,0.675000011920929,0.6414999961853027
YDR256C,YMR275C,0,0.06993561,0.09519108384847641,0.675000011920929,0.6416000127792358
YLR377C,YKR099W,0,0.06993098,0.09517766535282135,0.675000011920929,0.641700029373169
YPL221W,YGR161C-D,0,0.06972135,0.09516424685716629,0.675000011920929,0.6417999863624573
YGR005C,YPL097W,0,0.06962595,0.09515082836151123,0.675000011920929,0.6419000029563904
YNL103W,YEL019C,0,0.06957705,0.09513741731643677,0.675000011920929,0.6420000195503235
YPL007C,YGR047C,1,0.06956007,0.09526494145393372,0.6759999990463257,0.6420000195503235
YLL026W,YOL144W,0,0.069514416,0.09525151550769806,0.6759999990463257,0.6420999765396118
YKL069W,YDR273W,0,0.069484346,0.095238097012043,0.6759999990463257,0.6421999931335449
YJL127C,YMR131C,0,0.06941009,0.09522467851638794,0.6759999990463257,0.642300009727478
YHR205W,YCR024C,0,0.06915756,0.09521126747131348,0.6759999990463257,0.6424000263214111
YLR011W,YGL096W,0,0.069154434,0.09519785642623901,0.6759999990463257,0.6424999833106995
YDL175C,YMR237W,0,0.06914336,0.09518445283174515,0.6759999990463257,0.6425999999046326
YHL003C,YGR097W,0,0.06906634,0.09517105668783188,0.6759999990463257,0.6427000164985657
YIL014W,YBR060C,0,0.068971224,0.09515766054391861,0.6759999990463257,0.642799973487854
YPL075W,YCL001W,0,0.06896064,0.09514426440000534,0.6759999990463257,0.6428999900817871
YML045W,YAL068C,0,0.06881667,0.09513087570667267,0.6759999990463257,0.6430000066757202
YMR313C,YDR234W,0,0.068761475,0.09511748701334,0.6759999990463257,0.6431000232696533
YDR150W,YKL197C,0,0.068755455,0.09510410577058792,0.6759999990463257,0.6431999802589417
YDR145W,YMR118C,0,0.06866536,0.09509073197841644,0.6759999990463257,0.6432999968528748
YJR123W,YMR035W,0,0.06859269,0.09507735818624496,0.6759999990463257,0.6434000134468079
YDR212W,YBR091C,0,0.068554506,0.09506398439407349,0.6759999990463257,0.6434999704360962
YGR178C,YER015W,0,0.068459846,0.0950506180524826,0.6759999990463257,0.6435999870300293
YBR130C,YLR299W,0,0.06825317,0.09503725916147232,0.6759999990463257,0.6437000036239624
YDR204W,YML061C,0,0.06784818,0.09502389281988144,0.6759999990463257,0.6438000202178955
YDR098C-A,YBL007C,0,0.06775678,0.09501054137945175,0.6759999990463257,0.6438999772071838
YBL038W,YPR133C,0,0.06774969,0.09499718993902206,0.6759999990463257,0.6439999938011169
YCR091W,YOR273C,0,0.06767855,0.09498383849859238,0.6759999990463257,0.64410001039505
YER007C-A,YLR017W,0,0.06718093,0.09497049450874329,0.6759999990463257,0.6442000269889832
YOR087W,YDL240W,0,0.067169614,0.09495715796947479,0.6759999990463257,0.6442999839782715
YLR017W,YIR026C,0,0.067122005,0.0949438214302063,0.6759999990463257,0.6444000005722046
YOR156C,YCR063W,0,0.06709289,0.0949304848909378,0.6759999990463257,0.6445000171661377
YPL105C,YNL059C,0,0.06704478,0.09491715580224991,0.6759999990463257,0.644599974155426
YBR279W,YBL051C,0,0.06702442,0.09490383416414261,0.6759999990463257,0.6446999907493591
YER123W,YEL027W,0,0.06698855,0.09489051252603531,0.6759999990463257,0.6448000073432922
YML114C,YGR186W,1,0.066875234,0.09501754492521286,0.6769999861717224,0.6448000073432922
YFL025C,YBR015C,0,0.066865385,0.09500420838594437,0.6769999861717224,0.6449000239372253
YDL247W,YBL007C,0,0.06678981,0.09499087929725647,0.6769999861717224,0.6449999809265137
YCR042C,YGL207W,1,0.066743575,0.09511784464120865,0.6779999732971191,0.6449999809265137
YKR078W,YNL194C,0,0.066729836,0.09510450065135956,0.6779999732971191,0.6450999975204468
YIL147C,YGL105W,0,0.066670135,0.09509116411209106,0.6779999732971191,0.6452000141143799
YBL087C,YMR001C,0,0.06666199,0.09507782757282257,0.6779999732971191,0.6452999711036682
YJR041C,YLR058C,0,0.06664082,0.09506449848413467,0.6779999732971191,0.6453999876976013
YKL141W,YIL068C,0,0.06663595,0.09505116939544678,0.6779999732971191,0.6455000042915344
YKR089C,YDR227W,0,0.06656207,0.09503784775733948,0.6779999732971191,0.6456000208854675
YDR367W,YLR058C,0,0.066505216,0.09502452611923218,0.6779999732971191,0.6456999778747559
YIL043C,YFR038W,0,0.06642571,0.09501121193170547,0.6779999732971191,0.645799994468689
YNL056W,YGL195W,0,0.066396095,0.09499789774417877,0.6779999732971191,0.6459000110626221
YIL064W,YFR034C,0,0.066317275,0.09498459100723267,0.6779999732971191,0.6460000276565552
YNL284C-B,YGL018C,0,0.06622427,0.09497128427028656,0.6779999732971191,0.6460999846458435
YKL014C,YNL294C,0,0.06620587,0.09495798498392105,0.6779999732971191,0.6462000012397766
YDR122W,YER060W,0,0.06613974,0.09494468569755554,0.6779999732971191,0.6463000178337097
YIL064W,YOR247W,0,0.06604529,0.09493139386177063,0.6779999732971191,0.646399974822998
YML045W,YDL209C,0,0.066035,0.09491810202598572,0.6779999732971191,0.6464999914169312
YDR243C,YIL130W,0,0.06599316,0.0949048176407814,0.6779999732971191,0.6466000080108643
YNL123W,YDL119C,0,0.06598958,0.09489153325557709,0.6779999732971191,0.6467000246047974
YNL045W,YGL111W,0,0.06591947,0.09487825632095337,0.6779999732971191,0.6467999815940857
YPL146C,YNR030W,0,0.065882824,0.09486497938632965,0.6779999732971191,0.6468999981880188
YJL186W,YDR019C,0,0.06587042,0.09485170990228653,0.6779999732971191,0.6470000147819519
YDR235W,YPR106W,0,0.06583887,0.09483844041824341,0.6779999732971191,0.6470999717712402
YOR090C,YIL033C,0,0.06570866,0.09482517838478088,0.6779999732971191,0.6471999883651733
YGR003W,YKR077W,0,0.06560149,0.09481191635131836,0.6779999732971191,0.6473000049591064
YDR311W,YLR005W,1,0.065557085,0.0949384793639183,0.6790000200271606,0.6473000049591064
YPL168W,YCR035C,0,0.06551147,0.09492520987987518,0.6790000200271606,0.6474000215530396
YGR080W,YDR430C,0,0.06549592,0.09491194039583206,0.6790000200271606,0.6474999785423279
YDR375C,YBR034C,0,0.06549508,0.09489867091178894,0.6790000200271606,0.647599995136261
YBR162W-A,YDR545W,0,0.06546365,0.09488540887832642,0.6790000200271606,0.6477000117301941
YGL243W,YLR092W,0,0.06542932,0.09487215429544449,0.6790000200271606,0.6478000283241272
YGL189C,YDR398W,0,0.06540345,0.09485889971256256,0.6790000200271606,0.6478999853134155
YJL011C,YBL103C,1,0.065356754,0.09498533606529236,0.6800000071525574,0.6478999853134155
YHR148W,YMR050C,0,0.06529347,0.09497206658124924,0.6800000071525574,0.6480000019073486
YPR175W,YLR181C,0,0.06523148,0.09495880454778671,0.6800000071525574,0.6481000185012817
YIL022W,YCL051W,0,0.065226875,0.09494554251432419,0.6800000071525574,0.6481999754905701
YBR198C,YDR167W,1,0.06519551,0.09507189691066742,0.6809999942779541,0.6481999754905701
YKL060C,YNL036W,0,0.065117635,0.0950586274266243,0.6809999942779541,0.6482999920845032
YPR158W-B,YHR073W,0,0.06502192,0.09504535794258118,0.6809999942779541,0.6484000086784363
YPL280W,YGL087C,0,0.064984284,0.09503209590911865,0.6809999942779541,0.6485000252723694
YLR239C,YLR313C,0,0.064951666,0.09501883387565613,0.6809999942779541,0.6485999822616577
YNL181W,YER060W,0,0.06492303,0.0950055792927742,0.6809999942779541,0.6486999988555908
YLR377C,YPL224C,0,0.064839,0.09499232470989227,0.6809999942779541,0.6488000154495239
YPR110C,YNL054W,0,0.064788595,0.09497907757759094,0.6809999942779541,0.6488999724388123
YKL194C,YFL005W,0,0.0647166,0.09496583789587021,0.6809999942779541,0.6489999890327454
YIL064W,YGL085W,0,0.064705394,0.09495259076356888,0.6809999942779541,0.6491000056266785
YOR090C,YNL317W,0,0.06466617,0.09493935853242874,0.6809999942779541,0.6492000222206116
YLR417W,YER143W,0,0.064651944,0.09492611885070801,0.6809999942779541,0.6492999792098999
YEL009C,YDR448W,1,0.06462049,0.09505226463079453,0.6819999814033508,0.6492999792098999
YOR090C,YNR048W,0,0.06457374,0.0950390174984932,0.6819999814033508,0.649399995803833
YLR347C,YJL179W,0,0.064555965,0.09502577781677246,0.6819999814033508,0.6495000123977661
YER155C,YPR105C,0,0.064469405,0.09501253813505173,0.6819999814033508,0.6496000289916992
YPL001W,YLR367W,0,0.064436495,0.09499930590391159,0.6819999814033508,0.6496999859809875
YMR234W,YIL098C,0,0.06438077,0.09498607367277145,0.6819999814033508,0.6498000025749207
YHL038C,YNL180C,0,0.0643429,0.09497284144163132,0.6819999814033508,0.6499000191688538
YFL005W,YDR078C,0,0.06432467,0.09495962411165237,0.6819999814033508,0.6499999761581421
YBR046C,YOR341W,0,0.06430375,0.09494639933109283,0.6819999814033508,0.6500999927520752
YGL058W,YDR365W-A,0,0.06428918,0.09493318200111389,0.6819999814033508,0.6502000093460083
YNL054W-A,YPL049C,0,0.064288124,0.09491997212171555,0.6819999814033508,0.6503000259399414
YHL031C,YNR038W,0,0.06422823,0.0949067622423172,0.6819999814033508,0.6503999829292297
YER149C,YGL144C,0,0.06421078,0.09489355981349945,0.6819999814033508,0.6504999995231628
YLR451W,YDL123W,0,0.06418308,0.0948803573846817,0.6819999814033508,0.650600016117096
YCR086W,YGR044C,0,0.06414875,0.09486715495586395,0.6819999814033508,0.6506999731063843
YBR162W-A,YPL145C,0,0.06414353,0.0948539674282074,0.6819999814033508,0.6507999897003174
YOL067C,YPR086W,1,0.06409302,0.09497983753681183,0.6830000281333923,0.6507999897003174
YGL006W,YJL196C,0,0.064084336,0.09496662765741348,0.6830000281333923,0.6509000062942505
YML096W,YMR131C,0,0.06406268,0.09495342522859573,0.6830000281333923,0.6510000228881836
YKL141W,YDL160C,0,0.064045325,0.09494023025035858,0.6830000281333923,0.6510999798774719
YPL209C,YDR002W,0,0.06398894,0.09492703527212143,0.6830000281333923,0.651199996471405
YDL105W,YGL087C,0,0.06396928,0.09491384029388428,0.6830000281333923,0.6513000130653381
YPR025C,YJL011C,1,0.06396604,0.09503959864377975,0.6840000152587891,0.6513000130653381
YLR293C,YGR057C,0,0.06390175,0.095026396214962,0.6840000152587891,0.6514000296592712
YKR053C,YNL161W,0,0.063901395,0.09501319378614426,0.6840000152587891,0.6514999866485596
YBR038W,YIR031C,0,0.06388701,0.0949999988079071,0.6840000152587891,0.6516000032424927
YAL001C,YML015C,1,0.06386151,0.09512567520141602,0.6850000023841858,0.6516000032424927
YPR143W,YGR040W,0,0.063857295,0.09511246532201767,0.6850000023841858,0.6517000198364258
YJL089W,YOR048C,0,0.063835435,0.09509926289319992,0.6850000023841858,0.6517999768257141
YMR040W,YNL247W,0,0.06371809,0.09508606046438217,0.6850000023841858,0.6518999934196472
YBR119W,YKL029C,0,0.063682094,0.09507286548614502,0.6850000023841858,0.6520000100135803
YPR128C,YFL005W,0,0.063643076,0.09505967050790787,0.6850000023841858,0.6521000266075134
YPL011C,YMR227C,1,0.06351993,0.09518523514270782,0.6859999895095825,0.6521000266075134
YJL045W,YPL175W,0,0.06347837,0.09517203271389008,0.6859999895095825,0.6521999835968018
YDR190C,YPL061W,0,0.06346852,0.09515883028507233,0.6859999895095825,0.6523000001907349
YDR309C,YER159C,0,0.06345057,0.09514562785625458,0.6859999895095825,0.652400016784668
YLR239C,YMR063W,0,0.06340946,0.09513243287801743,0.6859999895095825,0.6524999737739563
YDR040C,YBR089C-A,0,0.06340649,0.09511924535036087,0.6859999895095825,0.6525999903678894
YNL041C,YDL223C,0,0.06337498,0.09510605782270432,0.6859999895095825,0.6527000069618225
YJR117W,YBL072C,0,0.06328123,0.09509287774562836,0.6859999895095825,0.6528000235557556
YER109C,YJR052W,0,0.06327931,0.0950796976685524,0.6859999895095825,0.652899980545044
YNL056W,YHL026C,0,0.06322188,0.09506651759147644,0.6859999895095825,0.652999997138977
YML031W,YDR165W,0,0.0632092,0.09505334496498108,0.6859999895095825,0.6531000137329102
YLR227W-A,YIL014W,0,0.063151054,0.09504017978906631,0.6859999895095825,0.6531999707221985
YCR086W,YGL061C,0,0.06312399,0.09502701461315155,0.6859999895095825,0.6532999873161316
YEL020W-A,YJL197W,0,0.063055895,0.09501384943723679,0.6859999895095825,0.6534000039100647
YPL239W,YBL005W,0,0.063021064,0.09500069171190262,0.6859999895095825,0.6535000205039978
YOR090C,YLR131C,0,0.063001625,0.09498754143714905,0.6859999895095825,0.6535999774932861
YIL036W,YLR001C,0,0.06297213,0.09497438371181488,0.6859999895095825,0.6536999940872192
YDR150W,YOR136W,0,0.062811255,0.0949612408876419,0.6859999895095825,0.6538000106811523
YEL005C,YDR412W,0,0.06265447,0.09494809806346893,0.6859999895095825,0.6539000272750854
YGL166W,YDR167W,1,0.06263192,0.09507334977388382,0.6869999766349792,0.6539000272750854
YPL133C,YDR516C,0,0.062608786,0.09506019204854965,0.6869999766349792,0.6539999842643738
YDL108W,YER045C,1,0.062496033,0.09518539160490036,0.6880000233650208,0.6539999842643738
YER148W,YNL039W,1,0.062397014,0.09531055390834808,0.6890000104904175,0.6539999842643738
YHR024C,YDL031W,0,0.062329713,0.09529737383127213,0.6890000104904175,0.6541000008583069
YKR089C,YNL240C,0,0.062293064,0.09528419375419617,0.6890000104904175,0.65420001745224
YIL053W,YAL051W,0,0.062186543,0.0952710211277008,0.6890000104904175,0.6542999744415283
YLR360W,YLL053C,0,0.06213158,0.09525784850120544,0.6890000104904175,0.6543999910354614
YNL284C-B,YPL225W,0,0.062059317,0.09524467587471008,0.6890000104904175,0.6545000076293945
YOR081C,YKR079C,0,0.062025983,0.09523151069879532,0.6890000104904175,0.6546000242233276
YJL174W,YKL058W,0,0.062024135,0.09521835297346115,0.6890000104904175,0.654699981212616
YBR208C,YNL063W,0,0.062002663,0.09520519524812698,0.6890000104904175,0.6547999978065491
YDL240W,YNL123W,0,0.061932486,0.09519204497337341,0.6890000104904175,0.6549000144004822
YDL018C,YGL129C,0,0.061780546,0.09517889469861984,0.6890000104904175,0.6549999713897705
YGL126W,YLR299W,0,0.061720524,0.09516574442386627,0.6890000104904175,0.6550999879837036
YDR434W,YPL254W,0,0.06171875,0.0951526015996933,0.6890000104904175,0.6552000045776367
YIL147C,YCL044C,0,0.061597865,0.09513946622610092,0.6890000104904175,0.6553000211715698
YCL044C,YKR079C,0,0.061586212,0.09512633085250854,0.6890000104904175,0.6553999781608582
YIR019C,YBR094W,0,0.06156915,0.09511319547891617,0.6890000104904175,0.6554999947547913
YGR097W,YLR328W,0,0.061546598,0.09510006755590439,0.6890000104904175,0.6556000113487244
YJL162C,YMR262W,0,0.06137092,0.0950869470834732,0.6890000104904175,0.6557000279426575
YBR069C,YLR011W,0,0.06135114,0.09507382661104202,0.6890000104904175,0.6557999849319458
YBR107C,YLR150W,0,0.061269317,0.09506070613861084,0.6890000104904175,0.6559000015258789
YFR024C-A,YML102W,0,0.061073083,0.09504759311676025,0.6890000104904175,0.656000018119812
YMR175W,YOL059W,0,0.061008666,0.09503448009490967,0.6890000104904175,0.6560999751091003
YOR267C,YNL094W,0,0.06078138,0.09502137452363968,0.6890000104904175,0.6561999917030334
YNL263C,YGL171W,0,0.06077208,0.09500827640295029,0.6890000104904175,0.6563000082969666
YML127W,YGR094W,0,0.06076232,0.0949951708316803,0.6890000104904175,0.6564000248908997
YDR377W,YNL221C,0,0.060736794,0.0949820801615715,0.6890000104904175,0.656499981880188
YKL014C,YLR328W,0,0.06069665,0.09496898949146271,0.6890000104904175,0.6565999984741211
YDR178W,YLR044C,0,0.060695473,0.09495589882135391,0.6890000104904175,0.6567000150680542
YDR256C,YKL150W,0,0.060692605,0.09494281560182571,0.6890000104904175,0.6567999720573425
YER056C,YKL145W,0,0.060669262,0.09492973238229752,0.6890000104904175,0.6568999886512756
YBR198C,YAL001C,1,0.06065974,0.09505441784858704,0.6899999976158142,0.6568999886512756
YML101C,YDR513W,0,0.06062441,0.09504131972789764,0.6899999976158142,0.6570000052452087
YOR320C,YPR174C,0,0.060603987,0.09502823650836945,0.6899999976158142,0.6571000218391418
YOR383C,YDR135C,0,0.060588453,0.09501514583826065,0.6899999976158142,0.6571999788284302
YDR311W,YPL177C,1,0.06054612,0.0951397493481636,0.6909999847412109,0.6571999788284302
YDR316W-B,YDR110W,0,0.06035872,0.09512665122747421,0.6909999847412109,0.6572999954223633
YMR063W,YCL068C,0,0.060352314,0.09511356055736542,0.6909999847412109,0.6574000120162964
YNR048W,YLR037C,0,0.06031349,0.09510046988725662,0.6909999847412109,0.6575000286102295
YOR380W,YNR024W,0,0.060218815,0.09508737921714783,0.6909999847412109,0.6575999855995178
YDL240W,YHR122W,0,0.060051378,0.09507429599761963,0.6909999847412109,0.6577000021934509
YOR341W,YMR125W,0,0.060031813,0.09506122022867203,0.6909999847412109,0.657800018787384
YDR189W,YNL062C,0,0.059904244,0.09504814445972443,0.6909999847412109,0.6578999757766724
YML101C,YPL168W,0,0.05988269,0.09503506869077682,0.6909999847412109,0.6579999923706055
YDR129C,YDR092W,0,0.059778403,0.09502200037240982,0.6909999847412109,0.6581000089645386
YOR191W,YNL133C,0,0.05966333,0.09500893950462341,0.6909999847412109,0.6582000255584717
YBL051C,YLL014W,0,0.059620593,0.094995878636837,0.6909999847412109,0.65829998254776
YAL028W,YMR009W,0,0.05959933,0.0949828177690506,0.6909999847412109,0.6583999991416931
YGR005C,YMR227C,1,0.059560727,0.09510720521211624,0.6919999718666077,0.6583999991416931
YPL138C,YIL056W,0,0.059471477,0.09509412944316864,0.6919999718666077,0.6585000157356262
YDR372C,YKL039W,0,0.059444655,0.09508106857538223,0.6919999718666077,0.6585999727249146
YDR427W,YOR316C,0,0.059437443,0.09506800025701523,0.6919999718666077,0.6586999893188477
YLL014W,YPR133C,0,0.059398215,0.09505494683980942,0.6919999718666077,0.6588000059127808
YNL031C,YGL243W,0,0.05936977,0.09504189342260361,0.6919999718666077,0.6589000225067139
YML045W,YOL096C,0,0.059326354,0.0950288400053978,0.6919999718666077,0.6589999794960022
YML045W,YMR207C,0,0.059324656,0.09501578658819199,0.6919999718666077,0.6590999960899353
YDL113C,YDR200C,0,0.05930041,0.09500274807214737,0.6919999718666077,0.6592000126838684
YLR451W,YDR292C,0,0.05925596,0.09498970210552216,0.6919999718666077,0.6593000292778015
YLR037C,YDR246W,0,0.059190784,0.09497667104005814,0.6919999718666077,0.6593999862670898
YCR035C,YPL189W,0,0.05901913,0.09496363252401352,0.6919999718666077,0.659500002861023
YOL098C,YEL044W,0,0.05900215,0.0949506014585495,0.6919999718666077,0.659600019454956
YJL110C,YLR432W,0,0.05894624,0.09493757784366608,0.6919999718666077,0.6596999764442444
YGR120C,YNL094W,0,0.058929976,0.09492455422878265,0.6919999718666077,0.6597999930381775
YOR192C,YDR412W,0,0.05892161,0.09491153806447983,0.6919999718666077,0.6599000096321106
YHR214C-C,YDL102W,0,0.058831524,0.094898521900177,0.6919999718666077,0.6600000262260437
YNL314W,YNL039W,1,0.058763225,0.09502262622117996,0.6930000185966492,0.6600000262260437
YHR170W,YDL149W,0,0.05876063,0.09500959515571594,0.6930000185966492,0.660099983215332
YBR038W,YHR037W,0,0.05868614,0.09499657154083252,0.6930000185966492,0.6601999998092651
YHR197W,YNL123W,0,0.058654334,0.0949835553765297,0.6930000185966492,0.6603000164031982
YIL119C,YAL015C,0,0.058652353,0.09497053921222687,0.6930000185966492,0.6603999733924866
YPR174C,YLR150W,0,0.058599446,0.09495752304792404,0.6930000185966492,0.6604999899864197
YLR118C,YLR054C,0,0.058520805,0.09494451433420181,0.6930000185966492,0.6606000065803528
YNL130C,YOR110W,0,0.058492173,0.09493150562047958,0.6930000185966492,0.6607000231742859
YDR145W,YCR042C,1,0.058405045,0.0950554683804512,0.6940000057220459,0.6607000231742859
YIR019C,YIR004W,0,0.05834681,0.09504245221614838,0.6940000057220459,0.6607999801635742
YBR005W,YML127W,0,0.058199357,0.09502944350242615,0.6940000057220459,0.6608999967575073
YFR034C,YHL015W,0,0.05817451,0.09501642733812332,0.6940000057220459,0.6610000133514404
YMR076C,YAL030W,0,0.058024827,0.09500341862440109,0.6940000057220459,0.6610999703407288
YEL009C,YKL144C,1,0.057842392,0.09512729197740555,0.6949999928474426,0.6610999703407288
YER177W,YGL231C,0,0.057788257,0.09511427581310272,0.6949999928474426,0.6611999869346619
YDL189W,YOR335C,0,0.05753764,0.0951012596487999,0.6949999928474426,0.661300003528595
YBL007C,YLR333C,0,0.05753019,0.09508825093507767,0.6949999928474426,0.6614000201225281
YPL203W,YOR273C,0,0.05751549,0.09507524222135544,0.6949999928474426,0.6614999771118164
YPR105C,YBR149W,0,0.057477374,0.09506223350763321,0.6949999928474426,0.6615999937057495
YKL069W,YBL035C,0,0.057440307,0.09504923224449158,0.6949999928474426,0.6617000102996826
YDR513W,YHR033W,0,0.057426367,0.09503623843193054,0.6949999928474426,0.6618000268936157
YIL120W,YDR395W,0,0.057356004,0.0950232446193695,0.6949999928474426,0.661899983882904
YJL045W,YDR098C-B,0,0.057311807,0.09501025080680847,0.6949999928474426,0.6620000004768372
YML013W,YER093C,0,0.05717938,0.09499726444482803,0.6949999928474426,0.6621000170707703
YKR078W,YPL168W,0,0.0571513,0.09498428553342819,0.6949999928474426,0.6621999740600586
YGR047C,YGL166W,1,0.05709498,0.09510795027017593,0.6959999799728394,0.6621999740600586
YCR086W,YKR077W,0,0.057062764,0.0950949564576149,0.6959999799728394,0.6622999906539917
YLR277C,YGL127C,0,0.056985904,0.09508197009563446,0.6959999799728394,0.6624000072479248
YGL073W,YER129W,0,0.05696902,0.09506897628307343,0.6959999799728394,0.6625000238418579
YPL126W,YDR343C,0,0.056964967,0.09505599737167358,0.6959999799728394,0.6625999808311462
YBR254C,YML013W,0,0.05689736,0.09504301846027374,0.6959999799728394,0.6626999974250793
YJL110C,YDR434W,0,0.056837995,0.0950300395488739,0.6959999799728394,0.6628000140190125
YHR214C-C,YJR096W,0,0.056793552,0.09501706808805466,0.6959999799728394,0.6628999710083008
YHR201C,YHR150W,0,0.056736562,0.09500409662723541,0.6959999799728394,0.6629999876022339
YKR077W,YKL040C,0,0.05669721,0.09499112516641617,0.6959999799728394,0.663100004196167
YDR111C,YCL001W,0,0.056694824,0.09497816860675812,0.6959999799728394,0.6632000207901001
YIL052C,YJL179W,0,0.056694154,0.09496520459651947,0.6959999799728394,0.6632999777793884
YPL130W,YPL135W,0,0.05667721,0.09495224803686142,0.6959999799728394,0.6633999943733215
YER007C-A,YKL114C,0,0.056669164,0.09493929892778397,0.6959999799728394,0.6635000109672546
YGR202C,YGR165W,0,0.056655627,0.09492634981870651,0.6959999799728394,0.6636000275611877
YER123W,YLR023C,0,0.056641024,0.09491340816020966,0.6959999799728394,0.6636999845504761
YDR377W,YNL287W,0,0.05658565,0.0949004665017128,0.6959999799728394,0.6638000011444092
YNL045W,YOR026W,0,0.056510482,0.09488752484321594,0.6959999799728394,0.6639000177383423
YGL027C,YHR037W,0,0.056430597,0.09487459063529968,0.6959999799728394,0.6639999747276306
YFR010W,YLR324W,0,0.056407314,0.09486165642738342,0.6959999799728394,0.6640999913215637
YJL026W,YPL117C,0,0.05637933,0.09484872967004776,0.6959999799728394,0.6642000079154968
YDR256C,YNL199C,0,0.056350518,0.0948358103632927,0.6959999799728394,0.6643000245094299
YML076C,YPL021W,0,0.056345347,0.09482289105653763,0.6959999799728394,0.6643999814987183
YGR161W-A,YBR060C,0,0.05634271,0.09480997174978256,0.6959999799728394,0.6644999980926514
YOL076W,YLR435W,0,0.056249592,0.0947970598936081,0.6959999799728394,0.6646000146865845
YER028C,YOL132W,0,0.056234453,0.09478414803743362,0.6959999799728394,0.6646999716758728
YAR042W,YDR246W,0,0.05600286,0.09477124363183975,0.6959999799728394,0.6647999882698059
YMR041C,YGR161C-D,0,0.05596902,0.09475833922624588,0.6959999799728394,0.664900004863739
YIL019W,YNR033W,0,0.055961926,0.0947454422712326,0.6959999799728394,0.6650000214576721
YGR007W,YNL278W,0,0.05584802,0.09473254531621933,0.6959999799728394,0.6650999784469604
YER060W-A,YDL139C,0,0.05569632,0.09471964836120605,0.6959999799728394,0.6651999950408936
YGR024C,YGR208W,0,0.05565953,0.09470676630735397,0.6959999799728394,0.6653000116348267
YHR099W,YPL122C,1,0.055654947,0.09482993185520172,0.6970000267028809,0.6653000116348267
YDR463W,YDR150W,0,0.055528585,0.09481703490018845,0.6970000267028809,0.6654000282287598
YIL019W,YEL019C,0,0.055521373,0.09480413794517517,0.6970000267028809,0.6654999852180481
YKL045W,YNL054W-A,0,0.05548944,0.0947912409901619,0.6970000267028809,0.6656000018119812
YGL126W,YBL013W,0,0.05544265,0.09477835148572922,0.6970000267028809,0.6657000184059143
YHR214W,YCR018C,0,0.055437315,0.09476546198129654,0.6970000267028809,0.6657999753952026
YHR088W,YBR085W,0,0.05529048,0.09475257992744446,0.6970000267028809,0.6658999919891357
YGL142C,YLL024C,0,0.05524574,0.09473970532417297,0.6970000267028809,0.6660000085830688
YHR165C,YBR029C,0,0.055239473,0.09472683072090149,0.6970000267028809,0.666100025177002
YLR190W,YOL061W,0,0.055222694,0.09471395611763,0.6970000267028809,0.6661999821662903
YDR316W-B,YHR114W,0,0.05521741,0.09470108896493912,0.6970000267028809,0.6662999987602234
YNL045W,YBR193C,0,0.05518538,0.09468822181224823,0.6970000267028809,0.6664000153541565
YJR049C,YBL025W,0,0.055155646,0.09467536211013794,0.6970000267028809,0.6664999723434448
YML120C,YNL062C,0,0.055085834,0.09466250240802765,0.6970000267028809,0.6665999889373779
YBR043C,YOR172W,0,0.05505393,0.09464965015649796,0.6970000267028809,0.666700005531311
YGL025C,YGR017W,0,0.054967094,0.09463679790496826,0.6970000267028809,0.6668000221252441
YNL020C,YKR099W,0,0.054894228,0.09462394565343857,0.6970000267028809,0.6668999791145325
YOL144W,YLR324W,0,0.054857988,0.09461110085248947,0.6970000267028809,0.6669999957084656
YDR471W,YEL044W,0,0.05481324,0.09459826350212097,0.6970000267028809,0.6671000123023987
YLR249W,YJR054W,0,0.054801214,0.09458542615175247,0.6970000267028809,0.6672000288963318
YLR006C,YMR207C,0,0.054800767,0.09457258880138397,0.6970000267028809,0.6672999858856201
YDR460W,YGR274C,1,0.05477317,0.09469542652368546,0.6980000138282776,0.6672999858856201
YGL116W,YLR384C,0,0.054744978,0.09468258172273636,0.6980000138282776,0.6674000024795532
YOR250C,YMR101C,0,0.05469208,0.09466974437236786,0.6980000138282776,0.6675000190734863
YBR198C,YGR186W,1,0.054659855,0.09479251503944397,0.6990000009536743,0.6675000190734863
YKL069W,YER015W,0,0.054586906,0.09477966278791428,0.6990000009536743,0.6675999760627747
YHR190W,YKL039W,0,0.054537896,0.09476681053638458,0.6990000009536743,0.6676999926567078
YDR100W,YDR025W,0,0.054489825,0.09475396573543549,0.6990000009536743,0.6678000092506409
YBR198C,YOR110W,1,0.054447968,0.09487666189670563,0.699999988079071,0.6678000092506409
YDR176W,YBR212W,0,0.054407973,0.09486380219459534,0.699999988079071,0.667900025844574
YJL013C,YLR382C,0,0.054373417,0.09485094994306564,0.699999988079071,0.6679999828338623
YHR142W,YCL054W,0,0.054369513,0.09483809769153595,0.699999988079071,0.6680999994277954
YDR372C,YBL008W,0,0.054315213,0.09482525289058685,0.699999988079071,0.6682000160217285
YKR027W,YBR248C,0,0.054240886,0.09481240808963776,0.699999988079071,0.6682999730110168
YBR069C,YPL235W,0,0.0542341,0.09479956328868866,0.699999988079071,0.66839998960495
YLR058C,YGL078C,0,0.054139335,0.09478673338890076,0.699999988079071,0.6685000061988831
YBR101C,YJL180C,0,0.054093998,0.09477389603853226,0.699999988079071,0.6686000227928162
YKL110C,YLR345W,0,0.054086562,0.09476106613874435,0.699999988079071,0.6686999797821045
YPL007C,YBR123C,1,0.05401105,0.09488359838724136,0.7009999752044678,0.6686999797821045
YNR055C,YBL072C,0,0.053998362,0.09487075358629227,0.7009999752044678,0.6687999963760376
YPR008W,YCL048W,0,0.05394758,0.09485791623592377,0.7009999752044678,0.6689000129699707
YPL063W,YKL099C,0,0.053944502,0.09484507888555527,0.7009999752044678,0.6690000295639038
YPR037C,YLR315W,0,0.053801175,0.09483224898576736,0.7009999752044678,0.6690999865531921
YOR157C,YDR406W,0,0.0537973,0.09481942653656006,0.7009999752044678,0.6692000031471252
YBR189W,YOL051W,0,0.05372959,0.09480659663677216,0.7009999752044678,0.6693000197410583
YGL115W,YBR094W,0,0.05372076,0.09479378163814545,0.7009999752044678,0.6693999767303467
YDR468C,YNL194C,0,0.053707633,0.09478095918893814,0.7009999752044678,0.6694999933242798
YLL053C,YFR034C,0,0.05355144,0.09476815164089203,0.7009999752044678,0.6696000099182129
YMR005W,YGL112C,1,0.053512577,0.09489051252603531,0.7020000219345093,0.6696000099182129
YHR033W,YDL211C,0,0.05347078,0.0948776826262474,0.7020000219345093,0.669700026512146
YMR322C,YHR150W,0,0.053457636,0.0948648676276207,0.7020000219345093,0.6697999835014343
YIL143C,YER028C,1,0.05342185,0.0949871614575386,0.703000009059906,0.6697999835014343
YDR212W,YDL119C,0,0.05331495,0.0949743315577507,0.703000009059906,0.6699000000953674
YPR095C,YOR101W,0,0.053295013,0.0949615016579628,0.703000009059906,0.6700000166893005
YFR010W,YJL089W,0,0.053277913,0.0949486792087555,0.703000009059906,0.6700999736785889
YMR234W,YML055W,0,0.05319758,0.09493585675954819,0.703000009059906,0.670199990272522
YOR002W,YOL116W,0,0.05319347,0.09492303431034088,0.703000009059906,0.6703000068664551
YOR011W,YLR323C,0,0.053170573,0.09491021931171417,0.703000009059906,0.6704000234603882
YDR246W,YKL005C,0,0.053160433,0.09489741176366806,0.703000009059906,0.6704999804496765
YOR264W,YDR308C,0,0.053098325,0.09488459676504135,0.703000009059906,0.6705999970436096
YHR204W,YLR067C,0,0.0530522,0.09487179666757584,0.703000009059906,0.6707000136375427
YPR161C,YDL145C,0,0.0528067,0.09485899657011032,0.703000009059906,0.670799970626831
YPR034W,YDR200C,0,0.052755553,0.0948461964726448,0.703000009059906,0.6708999872207642
YMR059W,YLR058C,0,0.052702438,0.09483340382575989,0.703000009059906,0.6710000038146973
YJL098W,YOR271C,0,0.052693,0.09482061117887497,0.703000009059906,0.6711000204086304
YML081W,YGR161C,0,0.05258734,0.09480781853199005,0.703000009059906,0.6711999773979187
YLL066C,YDR406W,0,0.052561406,0.09479504078626633,0.703000009059906,0.6712999939918518
YGL207W,YER028C,1,0.05245627,0.09491708129644394,0.7039999961853027,0.6712999939918518
YDR517W,YDL149W,0,0.052453678,0.09490428864955902,0.7039999961853027,0.6714000105857849
YBL038W,YLR313C,0,0.052420754,0.0948914960026741,0.7039999961853027,0.671500027179718
YKL110C,YGR283C,0,0.052317012,0.09487870335578918,0.7039999961853027,0.6715999841690063
YER072W,YPR148C,0,0.052247386,0.09486591815948486,0.7039999961853027,0.6717000007629395
YOR316C,YJR049C,0,0.05221374,0.09485314041376114,0.7039999961853027,0.6718000173568726
YNL250W,YMR158W,0,0.05216306,0.09484036266803741,0.7039999961853027,0.6718999743461609
YLR277C,YFR010W,0,0.052153137,0.09482758492231369,0.7039999961853027,0.671999990940094
YKL045W,YPR180W,0,0.052139435,0.09481481462717056,0.7039999961853027,0.6721000075340271
YER028C,YNL111C,0,0.05212382,0.09480204433202744,0.7039999961853027,0.6722000241279602
YCR105W,YHL035C,0,0.052114207,0.0947892814874649,0.7039999961853027,0.6722999811172485
YLL018C,YBR119W,0,0.05209427,0.09477651864290237,0.7039999961853027,0.6723999977111816
YOL055C,YPR180W,0,0.052089725,0.09476376324892044,0.7039999961853027,0.6725000143051147
YPL058C,YKL192C,0,0.052055623,0.09475100785493851,0.7039999961853027,0.6725999712944031
YOR363C,YGR109W-A,0,0.052031565,0.09473825991153717,0.7039999961853027,0.6726999878883362
YML086C,YDR041W,0,0.05202702,0.09472551196813583,0.7039999961853027,0.6728000044822693
YPR034W,YOL051W,0,0.051760335,0.0947127640247345,0.7039999961853027,0.6729000210762024
YLR417W,YHR214C-C,0,0.051751543,0.09470002353191376,0.7039999961853027,0.6729999780654907
YLR227W-A,YDR246W,0,0.05167902,0.09468729048967361,0.7039999961853027,0.6730999946594238
YFR016C,YNL164C,0,0.05166586,0.09467455744743347,0.7039999961853027,0.6732000112533569
YDR098C-A,YBR162W-A,0,0.051575232,0.09466182440519333,0.7039999961853027,0.67330002784729
YML107C,YLR131C,0,0.051571477,0.09464909881353378,0.7039999961853027,0.6733999848365784
YDR350C,YHR120W,0,0.05153787,0.09463637322187424,0.7039999961853027,0.6735000014305115
YCL068C,YLR248W,0,0.051527943,0.09462365508079529,0.7039999961853027,0.6736000180244446
YKL149C,YOR236W,0,0.05144706,0.09461093693971634,0.7039999961853027,0.6736999750137329
YLR175W,YDL046W,0,0.051434074,0.09459822624921799,0.7039999961853027,0.673799991607666
YJR050W,YIL173W,0,0.051392626,0.09458551555871964,0.7039999961853027,0.6739000082015991
YPL183C,YDR365C,0,0.051379938,0.09457281231880188,0.7039999961853027,0.6740000247955322
YJL045W,YOR195W,0,0.05136348,0.09456010907888412,0.7039999961853027,0.6740999817848206
YFR024C-A,YOL011W,0,0.05135755,0.09454740583896637,0.7039999961853027,0.6741999983787537
YIR019C,YPL198W,0,0.051301364,0.09453471004962921,0.7039999961853027,0.6743000149726868
YOR250C,YKR049C,0,0.051251862,0.09452202171087265,0.7039999961853027,0.6743999719619751
YJR073C,YPL001W,0,0.051228773,0.09450933337211609,0.7039999961853027,0.6744999885559082
YNL081C,YNL278W,0,0.0512228,0.09449664503335953,0.7039999961853027,0.6746000051498413
YPR007C,YHR079C-B,0,0.051220905,0.09448396414518356,0.7039999961853027,0.6747000217437744
YDR243C,YNL054W-A,0,0.05116124,0.0944712832570076,0.7039999961853027,0.6747999787330627
YDR235W,YHR133C,0,0.051149298,0.09445860981941223,0.7039999961853027,0.6748999953269958
YMR101C,YIL167W,0,0.05102316,0.09444593638181686,0.7039999961853027,0.675000011920929
YNL051W,YPR067W,0,0.051021684,0.0944332629442215,0.7039999961853027,0.6751000285148621
YPR114W,YDL046W,0,0.0509393,0.09442060440778732,0.7039999961853027,0.6751999855041504
YDR377W,YER044C-A,0,0.050802734,0.09440793842077255,0.7039999961853027,0.6753000020980835
YNL222W,YLR005W,1,0.05070864,0.09452936798334122,0.7049999833106995,0.6753000020980835
YLR131C,YOR109W,0,0.050638977,0.09451669454574585,0.7049999833106995,0.6754000186920166
YNR071C,YKR052C,0,0.050616417,0.09450402110815048,0.7049999833106995,0.6754999756813049
YDL235C,YBR189W,0,0.05060192,0.09449135512113571,0.7049999833106995,0.675599992275238
YBR279W,YLL006W,0,0.050515514,0.09447868913412094,0.7049999833106995,0.6757000088691711
YAL011W,YDL113C,0,0.05048928,0.09446603059768677,0.7049999833106995,0.6758000254631042
YGL126W,YIL167W,0,0.05035356,0.09445337951183319,0.7049999833106995,0.6758999824523926
YJL110C,YPL254W,0,0.050349314,0.09444072097539902,0.7049999833106995,0.6759999990463257
YPR071W,YDR244W,0,0.05034874,0.09442807734012604,0.7049999833106995,0.6761000156402588
YHR214W,YDR098C-B,0,0.050337538,0.09441542625427246,0.7049999833106995,0.6761999726295471
YMR009W,YOR009W,0,0.050191164,0.09440278261899948,0.7049999833106995,0.6762999892234802
YJL096W,YLR292C,0,0.050162587,0.0943901464343071,0.7049999833106995,0.6764000058174133
YHR154W,YCL016C,0,0.050123613,0.09437751024961472,0.7049999833106995,0.6765000224113464
YIL143C,YML114C,1,0.050077226,0.09449873119592667,0.7059999704360962,0.6765000224113464
YOL154W,YDR273W,0,0.050066028,0.09448608011007309,0.7059999704360962,0.6765999794006348
YPL001W,YAL028W,0,0.050036836,0.09447343647480011,0.7059999704360962,0.6766999959945679
YIL013C,YOL051W,0,0.050034102,0.09446080029010773,0.7059999704360962,0.676800012588501
YGR204W,YHR169W,0,0.049990494,0.09444816410541534,0.7059999704360962,0.6769000291824341
YPR158W-B,YLR263W,0,0.049985845,0.09443552792072296,0.7059999704360962,0.6769999861717224
YFL026W,YDR437W,0,0.049919512,0.09442289918661118,0.7059999704360962,0.6771000027656555
YNL137C,YJR150C,0,0.049838405,0.09441027045249939,0.7059999704360962,0.6772000193595886
YGR205W,YPL248C,0,0.04979668,0.0943976491689682,0.7059999704360962,0.677299976348877
YHR210C,YDR165W,0,0.049498323,0.09438502788543701,0.7059999704360962,0.6773999929428101
YDR460W,YML015C,1,0.04932827,0.09450608491897583,0.7070000171661377,0.6773999929428101
YOL089C,YPL177C,1,0.049300883,0.09462710469961166,0.7080000042915344,0.6773999929428101
YKL040C,YDL211C,0,0.04923871,0.09461446106433868,0.7080000042915344,0.6775000095367432
YMR262W,YPR057W,0,0.048928414,0.0946018174290657,0.7080000042915344,0.6776000261306763
YOR260W,YOL052C-A,0,0.04890058,0.09458918124437332,0.7080000042915344,0.6776999831199646
YJL011C,YGL043W,1,0.048879776,0.09471012651920319,0.7089999914169312,0.6776999831199646
YOL154W,YBR188C,0,0.04882631,0.09469747543334961,0.7089999914169312,0.6777999997138977
YNR055C,YJL168C,0,0.04870808,0.09468483179807663,0.7089999914169312,0.6779000163078308
YHR165C,YCR044C,0,0.048692003,0.09467218816280365,0.7089999914169312,0.6779999732971191
YPR158W-B,YKL063C,0,0.04864297,0.09465954452753067,0.7089999914169312,0.6780999898910522
YJR131W,YHR190W,0,0.048634093,0.09464690834283829,0.7089999914169312,0.6782000064849854
YML067C,YGL115W,0,0.048606966,0.0946342796087265,0.7089999914169312,0.6783000230789185
YLR118C,YKL054C,0,0.048575524,0.09462164342403412,0.7089999914169312,0.6783999800682068
YDR316W-B,YPL161C,0,0.04856956,0.09460902214050293,0.7089999914169312,0.6784999966621399
YHR170W,YKR031C,0,0.04850235,0.09459640085697174,0.7089999914169312,0.678600013256073
YOR363C,YPL100W,0,0.048492957,0.09458377957344055,0.7089999914169312,0.6786999702453613
YHR214C-C,YGL171W,0,0.048492152,0.09457115828990936,0.7089999914169312,0.6787999868392944
YOR117W,YBR188C,0,0.048398167,0.09455855190753937,0.7089999914169312,0.6789000034332275
YNL051W,YDR021W,0,0.048349354,0.09454593807458878,0.7089999914169312,0.6790000200271606
YLR442C,YNR024W,0,0.048330743,0.09453333169221878,0.7089999914169312,0.679099977016449
YPR188C,YIL053W,0,0.048301972,0.09452073276042938,0.7089999914169312,0.6791999936103821
YDR098C-B,YNL180C,0,0.04815149,0.09450813382863998,0.7089999914169312,0.6793000102043152
YKL185W,YGR174C,0,0.048117056,0.09449553489685059,0.7089999914169312,0.6794000267982483
YGL025C,YPR199C,0,0.04808827,0.09448294341564178,0.7089999914169312,0.6794999837875366
YMR215W,YOL011W,0,0.04805008,0.09447035193443298,0.7089999914169312,0.6796000003814697
YKR079C,YPR148C,0,0.04793014,0.09445776790380478,0.7089999914169312,0.6797000169754028
YLR019W,YGR161C-D,0,0.0478391,0.09444518387317657,0.7089999914169312,0.6797999739646912
YLR324W,YDR300C,0,0.047745064,0.09443260729312897,0.7089999914169312,0.6798999905586243
YBR211C,YLR059C,0,0.047696996,0.09442003071308136,0.7089999914169312,0.6800000071525574
YKL045W,YGR161W-A,0,0.047692332,0.09440745413303375,0.7089999914169312,0.6801000237464905
YNL199C,YGR030C,0,0.047626603,0.09439488500356674,0.7089999914169312,0.6801999807357788
YBR279W,YJR035W,0,0.04760286,0.09438232332468033,0.7089999914169312,0.6802999973297119
YKR078W,YBL014C,0,0.04758339,0.09436976164579391,0.7089999914169312,0.680400013923645
YOR158W,YJR096W,0,0.047554154,0.0943571999669075,0.7089999914169312,0.6804999709129333
YMR261C,YDR395W,0,0.04754289,0.09434464573860168,0.7089999914169312,0.6805999875068665
YDR460W,YGR186W,1,0.047474403,0.09446514397859573,0.7099999785423279,0.6805999875068665
YGL246C,YDR257C,0,0.047383983,0.09445257484912872,0.7099999785423279,0.6807000041007996
YBR295W,YGR161C-D,0,0.047367435,0.09444001317024231,0.7099999785423279,0.6808000206947327
YBR101C,YDR028C,0,0.047360357,0.0944274514913559,0.7099999785423279,0.680899977684021
YLR345W,YFR030W,0,0.047303494,0.09441489726305008,0.7099999785423279,0.6809999942779541
YFR034C,YHL050C,0,0.047229137,0.09440234303474426,0.7099999785423279,0.6811000108718872
YGL043W,YPR056W,1,0.047226835,0.09452273696660995,0.7110000252723694,0.6811000108718872
YER041W,YDR045C,0,0.047200147,0.09451016783714294,0.7110000252723694,0.6812000274658203
YLR324W,YJR050W,0,0.047195982,0.09449760615825653,0.7110000252723694,0.6812999844551086
YOR002W,YIL107C,0,0.047140274,0.09448505192995071,0.7110000252723694,0.6814000010490417
YCR086W,YOL059W,0,0.04710858,0.0944724977016449,0.7110000252723694,0.6815000176429749
YLR006C,YLR200W,0,0.047072563,0.09445994347333908,0.7110000252723694,0.6815999746322632
YJL096W,YFL025C,0,0.046885166,0.09444739669561386,0.7110000252723694,0.6816999912261963
YNL318C,YGL111W,0,0.04682705,0.09443484991788864,0.7110000252723694,0.6818000078201294
YJR117W,YOL084W,0,0.04678357,0.09442231059074402,0.7110000252723694,0.6819000244140625
YPR186C,YGL112C,1,0.046775665,0.09454255551099777,0.7120000123977661,0.6819000244140625
YLR037C,YGL058W,0,0.04670759,0.09453000873327255,0.7120000123977661,0.6819999814033508
YGR057C,YGL127C,0,0.046656955,0.09451745450496674,0.7120000123977661,0.6820999979972839
YPR158W-B,YOR086C,0,0.046582025,0.09450490772724152,0.7120000123977661,0.682200014591217
YLR399C,YGL043W,1,0.046581704,0.0946250855922699,0.7129999995231628,0.682200014591217
YGR181W,YPR046W,0,0.046576973,0.09461252391338348,0.7129999995231628,0.6822999715805054
YOR119C,YBL087C,0,0.046543606,0.09459997713565826,0.7129999995231628,0.6823999881744385
YIL075C,YPL262W,0,0.04653916,0.09458742290735245,0.7129999995231628,0.6825000047683716
YLR234W,YPL221W,0,0.04650672,0.09457487612962723,0.7129999995231628,0.6826000213623047
YGR046W,YDL223C,0,0.04620621,0.0945623368024826,0.7129999995231628,0.682699978351593
YNR059W,YDR105C,0,0.046173286,0.09454979747533798,0.7129999995231628,0.6827999949455261
YNL029C,YDL031W,0,0.046157744,0.09453725814819336,0.7129999995231628,0.6829000115394592
YJL021C,YJL083W,0,0.04605665,0.09452472627162933,0.7129999995231628,0.6830000281333923
YOL126C,YKL129C,0,0.046010543,0.09451219439506531,0.7129999995231628,0.6830999851226807
YJL110C,YPL001W,0,0.045974504,0.09449966996908188,0.7129999995231628,0.6832000017166138
YCR065W,YER167W,0,0.045955304,0.09448714554309845,0.7129999995231628,0.6833000183105469
YPR173C,YLR006C,0,0.045888495,0.09447462856769562,0.7129999995231628,0.6833999752998352
YOR192C,YPL235W,0,0.045860957,0.09446211159229279,0.7129999995231628,0.6834999918937683
YDR325W,YPL145C,0,0.045851845,0.09444959461688995,0.7129999995231628,0.6836000084877014
YLR248W,YNR055C,0,0.045815486,0.09443708509206772,0.7129999995231628,0.6837000250816345
YHR113W,YKL132C,0,0.045784947,0.09442458301782608,0.7129999995231628,0.6837999820709229
YOR236W,YPL221W,0,0.045760844,0.09441207349300385,0.7129999995231628,0.683899998664856
YFR024C-A,YKL054C,0,0.045725774,0.0943995788693428,0.7129999995231628,0.6840000152587891
YHR148W,YBL008W,0,0.045708854,0.09438707679510117,0.7129999995231628,0.6840999722480774
YHR149C,YNR037C,0,0.04567694,0.09437458962202072,0.7129999995231628,0.6841999888420105
YIL053W,YDR317W,0,0.045672823,0.09436209499835968,0.7129999995231628,0.6843000054359436
YDR098C-A,YJR027W,0,0.04564419,0.09434960782527924,0.7129999995231628,0.6844000220298767
YBR029C,YDR028C,0,0.04560195,0.09433712810277939,0.7129999995231628,0.684499979019165
YAR042W,YDR023W,0,0.045550022,0.09432464838027954,0.7129999995231628,0.6845999956130981
YPL105C,YOR319W,0,0.045544226,0.0943121686577797,0.7129999995231628,0.6847000122070312
YJR150C,YGR004W,0,0.0455047,0.09429969638586044,0.7129999995231628,0.6848000288009644
YNL142W,YJR108W,0,0.04550044,0.09428722411394119,0.7129999995231628,0.6848999857902527
YNL221C,YLR017W,0,0.045439605,0.09427475929260254,0.7129999995231628,0.6850000023841858
YOR087W,YDR427W,0,0.045335017,0.09426229447126389,0.7129999995231628,0.6851000189781189
YGR078C,YGL192W,0,0.04529405,0.09424983710050583,0.7129999995231628,0.6851999759674072
YKL155C,YPL076W,0,0.045158032,0.09423737972974777,0.7129999995231628,0.6852999925613403
YCR107W,YBR107C,0,0.045034464,0.09422492235898972,0.7129999995231628,0.6854000091552734
YOL020W,YKR089C,0,0.04501753,0.09421247243881226,0.7129999995231628,0.6855000257492065
YKR085C,YJR046W,0,0.04500482,0.0942000299692154,0.7129999995231628,0.6855999827384949
YNL251C,YER060W-A,0,0.04495662,0.09418758004903793,0.7129999995231628,0.685699999332428
YGR142W,YGL127C,0,0.04494256,0.09417514503002167,0.7129999995231628,0.6858000159263611
YER063W,YCR063W,0,0.0449338,0.0941627025604248,0.7129999995231628,0.6858999729156494
YPR110C,YDL134C,0,0.044829022,0.09415026754140854,0.7129999995231628,0.6859999895095825
YDR516C,YBR049C,0,0.044743184,0.09413783997297287,0.7129999995231628,0.6861000061035156
YGL064C,YCL067C,0,0.044712547,0.0941254124045372,0.7129999995231628,0.6862000226974487
YGR057C,YOL059W,0,0.04465584,0.09411298483610153,0.7129999995231628,0.6862999796867371
YOR320C,YOR241W,0,0.04458337,0.09410056471824646,0.7129999995231628,0.6863999962806702
YMR225C,YPL248C,0,0.044558782,0.09408815205097198,0.7129999995231628,0.6865000128746033
YHL050C,YLR189C,0,0.044508122,0.09407573193311691,0.7129999995231628,0.6866000294685364
YDR468C,YIL153W,0,0.044438686,0.09406332671642303,0.7129999995231628,0.6866999864578247
YLL018C,YDL100C,0,0.044433556,0.09405091404914856,0.7129999995231628,0.6868000030517578
YDR316W-B,YPR097W,0,0.04442477,0.09403850883245468,0.7129999995231628,0.6869000196456909
YNL263C,YLR299W,0,0.04435091,0.0940261110663414,0.7129999995231628,0.6869999766349792
YOL103W-A,YGL171W,0,0.0443344,0.09401371330022812,0.7129999995231628,0.6870999932289124
YDR316W-B,YML055W,0,0.04430284,0.09400131553411484,0.7129999995231628,0.6872000098228455
YER033C,YHR150W,0,0.044234686,0.09398892521858215,0.7129999995231628,0.6873000264167786
YMR236W,YGR186W,1,0.04421701,0.09410834312438965,0.7139999866485596,0.6873000264167786
YLR227W-A,YML101C,0,0.04420988,0.09409593790769577,0.7139999866485596,0.6873999834060669
YOR247W,YIL008W,0,0.04418381,0.09408354014158249,0.7139999866485596,0.6875
YLR083C,YKL081W,0,0.044104982,0.0940711498260498,0.7139999866485596,0.6876000165939331
YML120C,YIL056W,0,0.04409084,0.09405875205993652,0.7139999866485596,0.6876999735832214
YOR156C,YDR292C,0,0.044009652,0.09404636174440384,0.7139999866485596,0.6877999901771545
YPR131C,YNL054W-A,0,0.043964837,0.09403397887945175,0.7139999866485596,0.6879000067710876
YIR019C,YER123W,0,0.043943215,0.09402159601449966,0.7139999866485596,0.6880000233650208
YAL015C,YDR175C,0,0.043932576,0.09400921314954758,0.7139999866485596,0.6880999803543091
YGR047C,YAL001C,1,0.043911193,0.09412848949432373,0.7149999737739563,0.6880999803543091
YDR490C,YHL003C,0,0.043884378,0.09411609917879105,0.7149999737739563,0.6881999969482422
YLR131C,YEL027W,0,0.043852422,0.09410370886325836,0.7149999737739563,0.6883000135421753
YJL078C,YOR320C,0,0.04378629,0.09409132599830627,0.7149999737739563,0.6883999705314636
YGL096W,YGR161C-D,0,0.043745864,0.09407895058393478,0.7149999737739563,0.6884999871253967
YDR110W,YJR096W,0,0.043745045,0.0940665677189827,0.7149999737739563,0.6886000037193298
YML100W,YDL105W,0,0.043735806,0.0940541997551918,0.7149999737739563,0.6887000203132629
YDR176W,YMR133W,0,0.043627243,0.09404182434082031,0.7149999737739563,0.6887999773025513
YPL140C,YDR284C,0,0.043580797,0.09402945637702942,0.7149999737739563,0.6888999938964844
YDR098C-B,YOL116W,0,0.0435591,0.09401709586381912,0.7149999737739563,0.6890000104904175
YDL243C,YGR083C,0,0.04353849,0.09400473535060883,0.7149999737739563,0.6891000270843506
YLR234W,YLR299W,0,0.043404482,0.09399237483739853,0.7149999737739563,0.6891999840736389
YDR377W,YGL129C,0,0.043321066,0.09398002177476883,0.7149999737739563,0.689300000667572
YKR053C,YOR335C,0,0.043314062,0.09396766871213913,0.7149999737739563,0.6894000172615051
YOR194C,YPR008W,1,0.04324047,0.09408672899007797,0.7160000205039978,0.6894000172615051
YNL137C,YDR490C,0,0.043226767,0.09407436847686768,0.7160000205039978,0.6894999742507935
YIL137C,YAL068C,0,0.043191727,0.09406200796365738,0.7160000205039978,0.6895999908447266
YOR060C,YIL008W,0,0.04319163,0.09404965490102768,0.7160000205039978,0.6897000074386597
YKL058W,YER148W,1,0.043166347,0.09416863322257996,0.7170000076293945,0.6897000074386597
YHR204W,YDR175C,0,0.04309973,0.09415627270936966,0.7170000076293945,0.6898000240325928
YNL133C,YER109C,0,0.04302685,0.09414390474557877,0.7170000076293945,0.6898999810218811
YPL225W,YIL018W,0,0.042950224,0.09413154423236847,0.7170000076293945,0.6899999976158142
YPR180W,YLR017W,0,0.042947292,0.09411919116973877,0.7170000076293945,0.6901000142097473
YKL145W,YGL240W,0,0.042944495,0.09410683810710907,0.7170000076293945,0.6901999711990356
YJL011C,YER148W,1,0.042920504,0.09422571957111359,0.7179999947547913,0.6901999711990356
YGR161W-A,YMR055C,0,0.042826243,0.09421335905790329,0.7179999947547913,0.6902999877929688
YER176W,YNL221C,0,0.042792235,0.094200998544693,0.7179999947547913,0.6904000043869019
YPR106W,YOR060C,0,0.042767514,0.0941886380314827,0.7179999947547913,0.690500020980835
YDR243C,YKL052C,0,0.042631563,0.094176284968853,0.7179999947547913,0.6905999779701233
YGL006W,YGR266W,0,0.04262552,0.0941639319062233,0.7179999947547913,0.6906999945640564
YNL020C,YIR019C,0,0.04255921,0.0941515862941742,0.7179999947547913,0.6908000111579895
YNR048W,YGL194C,0,0.04243627,0.09413924068212509,0.7179999947547913,0.6909000277519226
YDR398W,YDR438W,0,0.042384833,0.09412690252065659,0.7179999947547913,0.6909999847412109
YKL155C,YGR161C-D,0,0.042332757,0.09411456435918808,0.7179999947547913,0.691100001335144
YDR098C-A,YPR120C,0,0.042262763,0.09410222619771957,0.7179999947547913,0.6912000179290771
YML057W,YLR288C,0,0.042179387,0.09408989548683167,0.7179999947547913,0.6912999749183655
YER014W,YLR054C,0,0.042107064,0.09407756477594376,0.7179999947547913,0.6913999915122986
YGR254W,YJR109C,0,0.04208182,0.09406524151563644,0.7179999947547913,0.6915000081062317
YDR316W-B,YGR253C,0,0.041898634,0.09405291825532913,0.7179999947547913,0.6916000247001648
YLR143W,YHR157W,0,0.0418151,0.09404060244560242,0.7179999947547913,0.6916999816894531
YML081W,YDR098C-B,0,0.04169153,0.0940282866358757,0.7179999947547913,0.6917999982833862
YGL018C,YGR161C-D,0,0.04156967,0.09401597827672958,0.7179999947547913,0.6919000148773193
YIL148W,YPL010W,0,0.041472353,0.09400366246700287,0.7179999947547913,0.6919999718666077
YPR158W-B,YGR217W,0,0.041395288,0.09399136155843735,0.7179999947547913,0.6920999884605408
YLR190W,YDL123W,0,0.041347686,0.09397906064987183,0.7179999947547913,0.6922000050544739
YGL115W,YJL208C,0,0.041307766,0.0939667597413063,0.7179999947547913,0.692300021648407
YNL250W,YGR017W,0,0.04123768,0.09395445883274078,0.7179999947547913,0.6923999786376953
YOR236W,YNL156C,0,0.041143652,0.09394217282533646,0.7179999947547913,0.6924999952316284
YMR048W,YGL240W,0,0.04114007,0.09392987936735153,0.7179999947547913,0.6926000118255615
YLR007W,YPL233W,0,0.041112233,0.0939175933599472,0.7179999947547913,0.6927000284194946
YKL145W,YPR133C,0,0.041092265,0.09390530735254288,0.7179999947547913,0.692799985408783
YMR110C,YIL033C,0,0.041021544,0.09389302879571915,0.7179999947547913,0.6929000020027161
YDR441C,YOR193W,0,0.0409909,0.09388075023889542,0.7179999947547913,0.6930000185966492
YNL246W,YLR060W,0,0.040982455,0.09386847913265228,0.7179999947547913,0.6930999755859375
YDR406W,YOR249C,0,0.040963255,0.09385620802640915,0.7179999947547913,0.6931999921798706
YDR217C,YDR098C-B,0,0.040775094,0.09384394437074661,0.7179999947547913,0.6933000087738037
YJR120W,YIL148W,0,0.04073937,0.09383168071508408,0.7179999947547913,0.6934000253677368
YKL141W,YLR409C,0,0.040688183,0.09381941705942154,0.7179999947547913,0.6934999823570251
YPL105C,YJL021C,0,0.040658507,0.0938071608543396,0.7179999947547913,0.6935999989509583
YCL017C,YAL026C,0,0.040541705,0.09379490464925766,0.7179999947547913,0.6937000155448914
YBR091C,YDL145C,0,0.040415533,0.09378265589475632,0.7179999947547913,0.6937999725341797
YDR210C-D,YHR114W,0,0.040307846,0.09377040714025497,0.7179999947547913,0.6938999891281128
YDL220C,YDR469W,0,0.04011598,0.09375815838575363,0.7179999947547913,0.6940000057220459
YOR119C,YPL145C,0,0.040100757,0.09374591708183289,0.7179999947547913,0.694100022315979
YBR198C,YMR236W,1,0.040096115,0.09386423230171204,0.718999981880188,0.694100022315979
YKL080W,YDL149W,0,0.040077265,0.0938519760966301,0.718999981880188,0.6941999793052673
YHR073W,YBL072C,0,0.040005002,0.09383972734212875,0.718999981880188,0.6942999958992004
YIL064W,YEL027W,0,0.039919484,0.09382748603820801,0.718999981880188,0.6944000124931335
YNL056W,YBL087C,0,0.03988793,0.09381523728370667,0.718999981880188,0.6945000290870667
YPR055W,YCR016W,0,0.039846662,0.09380300343036652,0.718999981880188,0.694599986076355
YBL056W,YLL016W,0,0.039815385,0.09379076212644577,0.718999981880188,0.6947000026702881
YGR005C,YML098W,1,0.039794434,0.09390895813703537,0.7200000286102295,0.6947000026702881
YNR071C,YHR133C,0,0.039778087,0.09389671683311462,0.7200000286102295,0.6948000192642212
YBR043C,YPL040C,0,0.039745778,0.09388446807861328,0.7200000286102295,0.6948999762535095
YOL059W,YDR179C,0,0.039642293,0.09387222677469254,0.7200000286102295,0.6949999928474426
YGR103W,YLR347C,0,0.03958543,0.09385999292135239,0.7200000286102295,0.6951000094413757
YJR150C,YMR040W,0,0.039497748,0.09384775906801224,0.7200000286102295,0.6952000260353088
YIL036W,YJL089W,0,0.03949589,0.09383552521467209,0.7200000286102295,0.6952999830245972
YBR078W,YOR158W,0,0.039432023,0.09382329881191254,0.7200000286102295,0.6953999996185303
YKR096W,YKL087C,0,0.03936948,0.09381107240915298,0.7200000286102295,0.6955000162124634
YPR134W,YLR323C,0,0.03930297,0.09379885345697403,0.7200000286102295,0.6955999732017517
YGL244W,YMR227C,1,0.03919341,0.0939168930053711,0.7210000157356262,0.6955999732017517
YDL223C,YER015W,0,0.039049316,0.09390465915203094,0.7210000157356262,0.6956999897956848
YBR078W,YOR359W,0,0.03896365,0.09389243274927139,0.7210000157356262,0.6958000063896179
YDR311W,YML114C,1,0.0389535,0.09401042014360428,0.722000002861023,0.6958000063896179
YLR227W-A,YML133C,0,0.038830224,0.09399817883968353,0.722000002861023,0.695900022983551
YLR277C,YDR091C,0,0.038813706,0.09398593753576279,0.722000002861023,0.6959999799728394
YGR253C,YKL002W,0,0.038792808,0.09397371113300323,0.722000002861023,0.6960999965667725
YDR210C-D,YLR382C,0,0.038775794,0.09396147727966309,0.722000002861023,0.6962000131607056
YPL001W,YNL054W-A,0,0.03876674,0.09394925087690353,0.722000002861023,0.6963000297546387
YNL214W,YDR025W,0,0.038763624,0.09393703192472458,0.722000002861023,0.696399986743927
YMR059W,YCR038C,0,0.038684566,0.09392480552196503,0.722000002861023,0.6965000033378601
YDR384C,YGL127C,0,0.038661916,0.09391259402036667,0.722000002861023,0.6966000199317932
YGL139W,YDR284C,0,0.03862484,0.09390037506818771,0.722000002861023,0.6966999769210815
YDR463W,YCL068C,0,0.03860611,0.09388816356658936,0.722000002861023,0.6967999935150146
YLR215C,YLR363C,0,0.038471777,0.0938759595155716,0.722000002861023,0.6969000101089478
YDR098C,YKR053C,0,0.038319636,0.09386375546455383,0.722000002861023,0.6970000267028809
YBR046C,YDR145W,0,0.03830182,0.09385155141353607,0.722000002861023,0.6970999836921692
YPL202C,YER045C,1,0.038136806,0.09396933019161224,0.7229999899864197,0.6970999836921692
YOR266W,YOR157C,0,0.038048897,0.09395711869001389,0.7229999899864197,0.6972000002861023
YDR087C,YGR094W,0,0.03800616,0.09394490718841553,0.7229999899864197,0.6973000168800354
YKL185W,YDL247W,0,0.03800005,0.09393270313739777,0.7229999899864197,0.6973999738693237
YFR014C,YIL008W,0,0.037908543,0.09392049908638,0.7229999899864197,0.6974999904632568
YPL140C,YIL118W,0,0.037857298,0.09390830248594284,0.7229999899864197,0.6976000070571899
YNL263C,YPR155C,0,0.037835624,0.09389610588550568,0.7229999899864197,0.697700023651123
YKR093W,YGL139W,0,0.037769657,0.09388390928506851,0.7229999899864197,0.6977999806404114
YNL318C,YIL167W,0,0.037717555,0.09387172013521194,0.7229999899864197,0.6978999972343445
YNL199C,YDR325W,0,0.037690282,0.09385953843593597,0.7229999899864197,0.6980000138282776
YPL138C,YLL057C,0,0.037582047,0.0938473492860794,0.7229999899864197,0.6980999708175659
YAL015C,YMR262W,0,0.037572477,0.09383517503738403,0.7229999899864197,0.698199987411499
YLR194C,YLL021W,0,0.037493203,0.09382299333810806,0.7229999899864197,0.6983000040054321
YGR205W,YBL013W,0,0.03745806,0.09381081908941269,0.7229999899864197,0.6984000205993652
YGL246C,YAL068C,0,0.037450757,0.09379865229129791,0.7229999899864197,0.6984999775886536
YHR214C-C,YDR359C,0,0.03743671,0.09378648549318314,0.7229999899864197,0.6985999941825867
YJR108W,YDR098C-B,0,0.037435453,0.09377431869506836,0.7229999899864197,0.6987000107765198
YHR202W,YPL173W,0,0.03723872,0.09376215934753418,0.7229999899864197,0.6988000273704529
YLR006C,YKL060C,0,0.037188623,0.09375,0.7229999899864197,0.6988999843597412
YMR274C,YBR169C,0,0.037181046,0.09373784810304642,0.7229999899864197,0.6990000009536743
YPR037C,YIL011W,0,0.037149634,0.09372569620609283,0.7229999899864197,0.6991000175476074
YDR441C,YMR053C,0,0.037084956,0.09371354430913925,0.7229999899864197,0.6991999745368958
YAL048C,YAL011W,0,0.037050728,0.09370139986276627,0.7229999899864197,0.6992999911308289
YJR042W,YCR024C,0,0.036991976,0.09368925541639328,0.7229999899864197,0.699400007724762
YDR372C,YPL161C,0,0.03688058,0.09367711842060089,0.7229999899864197,0.6995000243186951
YOR156C,YGR057C,0,0.03681547,0.0936649814248085,0.7229999899864197,0.6995999813079834
YLR190W,YGR044C,0,0.03680672,0.09365285187959671,0.7229999899864197,0.6996999979019165
YDR422C,YLR007W,0,0.03679082,0.09364072233438492,0.7229999899864197,0.6998000144958496
YOR002W,YDR365W-A,0,0.036718566,0.09362859278917313,0.7229999899864197,0.6998999714851379
YER041W,YPL248C,0,0.036706436,0.09361647069454193,0.7229999899864197,0.699999988079071
YKR027W,YPL018W,0,0.036667716,0.09360434859991074,0.7229999899864197,0.7001000046730042
YFR014C,YNL076W,0,0.036637615,0.09359223395586014,0.7229999899864197,0.7002000212669373
YAL002W,YIR004W,0,0.036626127,0.09358011931180954,0.7229999899864197,0.7002999782562256
YPL105C,YBR015C,0,0.0365306,0.09356800466775894,0.7229999899864197,0.7003999948501587
YMR243C,YLR059C,0,0.036480945,0.09355589747428894,0.7229999899864197,0.7005000114440918
YNL286W,YDL139C,0,0.03640654,0.09354379773139954,0.7229999899864197,0.7006000280380249
YPL126W,YOR132W,0,0.03636687,0.09353169798851013,0.7229999899864197,0.7006999850273132
YLR039C,YDL220C,0,0.036339115,0.09351959824562073,0.7229999899864197,0.7008000016212463
YJL173C,YLR384C,0,0.036331657,0.09350749850273132,0.7229999899864197,0.7009000182151794
YHR118C,YDR098C-B,0,0.036330905,0.09349540621042252,0.7229999899864197,0.7009999752044678
YOR192C,YOL023W,0,0.0363292,0.0934833213686943,0.7229999899864197,0.7010999917984009
YML101C,YLR333C,0,0.036238883,0.0934712365269661,0.7229999899864197,0.701200008392334
YEL005C,YER142C,0,0.036192466,0.09345915168523788,0.7229999899864197,0.7013000249862671
YNR055C,YMR002W,0,0.036123138,0.09344707429409027,0.7229999899864197,0.7013999819755554
YEL001C,YNR024W,0,0.036056377,0.09343499690294266,0.7229999899864197,0.7014999985694885
YPL224C,YPL248C,0,0.036039267,0.09342291951179504,0.7229999899864197,0.7016000151634216
YLR377C,YLL006W,0,0.036026943,0.09341084957122803,0.7229999899864197,0.70169997215271
YLR345W,YDR316W-B,0,0.035984386,0.09339878708124161,0.7229999899864197,0.7017999887466431
YNL167C,YIL052C,0,0.035937447,0.09338672459125519,0.7229999899864197,0.7019000053405762
YNL041C,YBR208C,0,0.03592061,0.09337466210126877,0.7229999899864197,0.7020000219345093
YGR046W,YIL106W,0,0.03584933,0.09336259961128235,0.7229999899864197,0.7020999789237976
YJR048W,YDL106C,0,0.035833698,0.09335055202245712,0.7229999899864197,0.7021999955177307
YGR253C,YPR174C,0,0.03577312,0.0933384969830513,0.7229999899864197,0.7023000121116638
YLR367W,YKL132C,0,0.035627548,0.09332644939422607,0.7229999899864197,0.7024000287055969
YBR169C,YGR161C,0,0.03555255,0.09331440180540085,0.7229999899864197,0.7024999856948853
YOR172W,YIL087C,0,0.03551365,0.09330236166715622,0.7229999899864197,0.7026000022888184
YJL012C,YOR357C,0,0.035375316,0.09329032152891159,0.7229999899864197,0.7027000188827515
YDL160C,YPL021W,0,0.035317842,0.09327828884124756,0.7229999899864197,0.7027999758720398
YJL197W,YHR133C,0,0.03525306,0.09326625615358353,0.7229999899864197,0.7028999924659729
YKL060C,YER081W,0,0.035236802,0.0932542234659195,0.7229999899864197,0.703000009059906
YOL076W,YGR109W-A,0,0.035163935,0.09324219822883606,0.7229999899864197,0.7031000256538391
YDR386W,YJL197W,0,0.035130505,0.09323017299175262,0.7229999899864197,0.7031999826431274
YFL025C,YDL145C,0,0.035122167,0.09321815520524979,0.7229999899864197,0.7032999992370605
YML098W,YOL103W-A,0,0.035067204,0.09320613741874695,0.7229999899864197,0.7034000158309937
YBR081C,YPL177C,1,0.035061125,0.09332302212715149,0.7239999771118164,0.7034000158309937
YIL119C,YGL027C,0,0.034956466,0.09331099689006805,0.7239999771118164,0.703499972820282
YNL133C,YMR118C,0,0.03494056,0.09329897165298462,0.7239999771118164,0.7035999894142151
YOR250C,YNL164C,0,0.03493726,0.09328694641590118,0.7239999771118164,0.7037000060081482
YKL062W,YDR430C,0,0.03489578,0.09327492862939835,0.7239999771118164,0.7038000226020813
YBR268W,YKL138C,0,0.03470354,0.09326291084289551,0.7239999771118164,0.7038999795913696
YOR247W,YJL216C,0,0.034629885,0.09325090050697327,0.7239999771118164,0.7039999961853027
YNL318C,YLR248W,0,0.034584273,0.09323889017105103,0.7239999771118164,0.7041000127792358
YNL130C,YPL193W,0,0.034566257,0.09322688728570938,0.7239999771118164,0.704200029373169
YDR261C,YBL025W,0,0.03455859,0.09321488440036774,0.7239999771118164,0.7042999863624573
YKR053C,YJL035C,0,0.03440368,0.09320288151502609,0.7239999771118164,0.7044000029563904
YGL073W,YER167W,0,0.034391444,0.09319088608026505,0.7239999771118164,0.7045000195503235
YDR007W,YDR025W,0,0.034319386,0.093178890645504,0.7239999771118164,0.7045999765396118
YIL107C,YIL038C,0,0.034138326,0.09316690266132355,0.7239999771118164,0.7046999931335449
YOR068C,YML081W,0,0.033966273,0.0931549146771431,0.7239999771118164,0.704800009727478
YPL129W,YER148W,1,0.033950377,0.09327158331871033,0.7250000238418579,0.704800009727478
YHR165C,YDL139C,0,0.03384022,0.09325958043336868,0.7250000238418579,0.7049000263214111
YDR098C-A,YOL076W,0,0.033826,0.09324758499860764,0.7250000238418579,0.7049999833106995
YKL006W,YCR063W,0,0.033809245,0.09323559701442719,0.7250000238418579,0.7050999999046326
YKL052C,YOL103W-A,0,0.033785585,0.09322360903024673,0.7250000238418579,0.7052000164985657
YML011C,YIL014W,0,0.033781145,0.09321162104606628,0.7250000238418579,0.705299973487854
YPR106W,YHR079C-B,0,0.033769984,0.09319964051246643,0.7250000238418579,0.7053999900817871
YER044C-A,YCL048W,0,0.03375664,0.09318765997886658,0.7250000238418579,0.7055000066757202
YER062C,YHR079C-B,0,0.033717204,0.09317568689584732,0.7250000238418579,0.7056000232696533
YOR207C,YGL049C,0,0.03369287,0.09316371381282806,0.7250000238418579,0.7056999802589417
YDR145W,YBL063W,0,0.033665277,0.09315174072980881,0.7250000238418579,0.7057999968528748
YFR047C,YER032W,0,0.03354765,0.09313977509737015,0.7250000238418579,0.7059000134468079
YOL076W,YNL076W,0,0.033505697,0.09312780946493149,0.7250000238418579,0.7059999704360962
YJL021C,YOR254C,0,0.033488326,0.09311585128307343,0.7250000238418579,0.7060999870300293
YDR375C,YER127W,0,0.033386525,0.09310389310121536,0.7250000238418579,0.7062000036239624
YDL230W,YDR517W,0,0.033362415,0.0930919349193573,0.7250000238418579,0.7063000202178955
YNL038W,YNR052C,0,0.033164952,0.09307998418807983,0.7250000238418579,0.7063999772071838
YOR032C,YLR190W,0,0.032840308,0.09306803345680237,0.7250000238418579,0.7064999938011169
YIL009W,YMR207C,0,0.032826703,0.0930560901761055,0.7250000238418579,0.70660001039505
YGR254W,YOL052C-A,0,0.032814313,0.09304414689540863,0.7250000238418579,0.7067000269889832
YER060W,YGL198W,0,0.032803316,0.09303221106529236,0.7250000238418579,0.7067999839782715
YMR015C,YHL025W,0,0.03279038,0.09302027523517609,0.7250000238418579,0.7069000005722046
YDL108W,YER028C,1,0.032709245,0.09313662350177765,0.7260000109672546,0.7069000005722046
YGR181W,YNL233W,0,0.03269017,0.09312468022108078,0.7260000109672546,0.7070000171661377
YKL149C,YLR193C,0,0.032687925,0.09311273694038391,0.7260000109672546,0.707099974155426
YDR040C,YKL099C,0,0.03261304,0.09310079365968704,0.7260000109672546,0.7071999907493591
YNL167C,YDL134C,0,0.032587226,0.09308885782957077,0.7260000109672546,0.7073000073432922
YKR064W,YBR015C,0,0.032521896,0.0930769219994545,0.7260000109672546,0.7074000239372253
YER033C,YJL094C,0,0.032414775,0.09306499361991882,0.7260000109672546,0.7074999809265137
YOL132W,YNR019W,0,0.032290105,0.09305306524038315,0.7260000109672546,0.7075999975204468
YHL028W,YJR150C,0,0.032258574,0.09304113686084747,0.7260000109672546,0.7077000141143799
YPL056C,YHR080C,0,0.032235514,0.0930292159318924,0.7260000109672546,0.7077999711036682
YBR003W,YLR435W,0,0.03221885,0.09301729500293732,0.7260000109672546,0.7078999876976013
YDR189W,YPR134W,0,0.032212675,0.09300538152456284,0.7260000109672546,0.7080000042915344
YOL029C,YCL035C,0,0.031989377,0.09299346804618835,0.7260000109672546,0.7081000208854675
YJR118C,YBR146W,0,0.03196728,0.09298155456781387,0.7260000109672546,0.7081999778747559
YMR232W,YDL102W,0,0.031935934,0.09296964854001999,0.7260000109672546,0.708299994468689
YOL089C,YDL108W,1,0.031854115,0.09308578819036484,0.7269999980926514,0.708299994468689
YOR157C,YCL048W,0,0.031852603,0.09307386726140976,0.7269999980926514,0.7084000110626221
YFR024C,YCR091W,0,0.031844515,0.09306195378303528,0.7269999980926514,0.7085000276565552
YDL189W,YJL197W,0,0.0316193,0.0930500477552414,0.7269999980926514,0.7085999846458435
YPL224C,YLR115W,0,0.03160535,0.09303813427686691,0.7269999980926514,0.7087000012397766
YBR162W-A,YKR083C,0,0.031596206,0.09302622824907303,0.7269999980926514,0.7088000178337097
YOL103W-A,YER129W,0,0.031436965,0.09301432967185974,0.7269999980926514,0.708899974822998
YGL243W,YKL134C,0,0.031337094,0.09300243109464645,0.7269999980926514,0.7089999914169312
YJL058C,YNL216W,0,0.031192336,0.09299053251743317,0.7269999980926514,0.7091000080108643
YNL284C-B,YHR138C,0,0.031125948,0.09297864139080048,0.7269999980926514,0.7092000246047974
YJR120W,YMR009W,0,0.031111855,0.09296675026416779,0.7269999980926514,0.7092999815940857
YGR005C,YGR246C,1,0.030922253,0.0930827260017395,0.7279999852180481,0.7092999815940857
YIL106W,YOR019W,0,0.030881267,0.09307082742452621,0.7279999852180481,0.7093999981880188
YHL003C,YBR248C,0,0.030872818,0.09305892884731293,0.7279999852180481,0.7095000147819519
YIL119C,YMR149W,0,0.03085829,0.09304703772068024,0.7279999852180481,0.7095999717712402
YDR040C,YJL083W,0,0.030787814,0.09303514659404755,0.7279999852180481,0.7096999883651733
YMR059W,YDR300C,0,0.030739132,0.09302325546741486,0.7279999852180481,0.7098000049591064
YHR113W,YHR194W,0,0.030711208,0.09301137179136276,0.7279999852180481,0.7099000215530396
YER072W,YLR056W,0,0.030687544,0.09299948811531067,0.7279999852180481,0.7099999785423279
YHR169W,YOR019W,0,0.030629832,0.09298761188983917,0.7279999852180481,0.710099995136261
YIL007C,YCR035C,0,0.030613404,0.09297573566436768,0.7279999852180481,0.7102000117301941
YPL175W,YNL123W,0,0.030591704,0.09296385943889618,0.7279999852180481,0.7103000283241272
YIL156W,YER108C,0,0.030565921,0.09295199066400528,0.7279999852180481,0.7103999853134155
YML045W,YLL018C-A,0,0.030548789,0.09294012188911438,0.7279999852180481,0.7105000019073486
YOL132W,YLL057C,0,0.03053721,0.09292826056480408,0.7279999852180481,0.7106000185012817
YJL057C,YER100W,0,0.030504305,0.09291639924049377,0.7279999852180481,0.7106999754905701
YDR316W-B,YDR384C,0,0.03049799,0.09290454536676407,0.7279999852180481,0.7107999920845032
YMR232W,YPR106W,0,0.030418653,0.09289269149303436,0.7279999852180481,0.7109000086784363
YLR017W,YGL078C,0,0.030384164,0.09288083761930466,0.7279999852180481,0.7110000252723694
YKL006C-A,YFR050C,0,0.03038086,0.09286899119615555,0.7279999852180481,0.7110999822616577
YPR148C,YDR469W,0,0.0303412,0.09285714477300644,0.7279999852180481,0.7111999988555908
YMR048W,YGR161W-A,0,0.030307084,0.09284529834985733,0.7279999852180481,0.7113000154495239
YFR050C,YDR165W,0,0.030280787,0.09283345937728882,0.7279999852180481,0.7113999724388123
YDR122W,YLL053C,0,0.030219946,0.0928216278553009,0.7279999852180481,0.7114999890327454
YDL230W,YNL216W,0,0.030192487,0.09280978888273239,0.7279999852180481,0.7116000056266785
YNL199C,YJL026W,0,0.030189104,0.09279795736074448,0.7279999852180481,0.7117000222206116
YPL117C,YGL127C,0,0.030134857,0.09278613328933716,0.7279999852180481,0.7117999792098999
YMR055C,YJL026W,0,0.030129787,0.09277430921792984,0.7279999852180481,0.711899995803833
YLR313C,YDR303C,0,0.030122127,0.09276248514652252,0.7279999852180481,0.7120000123977661
YOR241W,YER155C,0,0.030114431,0.0927506685256958,0.7279999852180481,0.7121000289916992
YKL138C,YDR110W,0,0.030109603,0.09273885190486908,0.7279999852180481,0.7121999859809875
YPL209C,YLR190W,0,0.030070055,0.09272704273462296,0.7279999852180481,0.7123000025749207
YPL001W,YHR148W,0,0.029986557,0.09271523356437683,0.7279999852180481,0.7124000191688538
YHR205W,YJL208C,0,0.029942844,0.0927034243941307,0.7279999852180481,0.7124999761581421
YGL243W,YFL025C,0,0.029909972,0.09269162267446518,0.7279999852180481,0.7125999927520752
YNR032C-A,YOR192C,0,0.0298874,0.09267982095479965,0.7279999852180481,0.7127000093460083
YLR215C,YOL103W-A,0,0.029839586,0.09266802668571472,0.7279999852180481,0.7128000259399414
YJL183W,YPL253C,0,0.029826205,0.09265623241662979,0.7279999852180481,0.7128999829292297
YDR098C-A,YHR110W,0,0.02982312,0.09264443814754486,0.7279999852180481,0.7129999995231628
YDL113C,YMR226C,0,0.029611781,0.09263265132904053,0.7279999852180481,0.713100016117096
YNL284C-B,YBR107C,0,0.029509299,0.0926208645105362,0.7279999852180481,0.7131999731063843
YNL020C,YMR125W,0,0.029487815,0.09260908514261246,0.7279999852180481,0.7132999897003174
YDR189W,YLR092W,0,0.029356014,0.09259730577468872,0.7279999852180481,0.7134000062942505
YNL284C-B,YDR515W,0,0.029348563,0.09258552640676498,0.7279999852180481,0.7135000228881836
YPL133C,YNL317W,0,0.029323015,0.09257375448942184,0.7279999852180481,0.7135999798774719
YOR319W,YKL114C,0,0.029201161,0.0925619825720787,0.7279999852180481,0.713699996471405
YOR027W,YHR142W,0,0.029175546,0.09255021810531616,0.7279999852180481,0.7138000130653381
YMR227C,YOR194C,1,0.029164504,0.09266556799411774,0.7289999723434448,0.7138000130653381
YDR377W,YJL021C,0,0.029139366,0.092653788626194,0.7289999723434448,0.7139000296592712
YML057W,YCR018C,0,0.029050756,0.09264200925827026,0.7289999723434448,0.7139999866485596
YHR014W,YBR100W,0,0.02904937,0.09263024479150772,0.7289999723434448,0.7141000032424927
YJL021C,YNL094W,0,0.028957475,0.09261847287416458,0.7289999723434448,0.7142000198364258
YPL133C,YOL011W,0,0.028928924,0.09260670840740204,0.7289999723434448,0.7142999768257141
YNL263C,YDR204W,0,0.028912496,0.0925949439406395,0.7289999723434448,0.7143999934196472
YAR009C,YNR030W,0,0.02891222,0.09258318692445755,0.7289999723434448,0.7145000100135803
YPL183C,YHR020W,0,0.028851915,0.0925714299082756,0.7289999723434448,0.7146000266075134
YOR018W,YAR042W,0,0.028839227,0.09255967289209366,0.7289999723434448,0.7146999835968018
YGR060W,YLR115W,0,0.028809074,0.09254792332649231,0.7289999723434448,0.7148000001907349
YGR211W,YLR313C,0,0.028805327,0.09253617376089096,0.7289999723434448,0.714900016784668
YDL072C,YJL021C,0,0.028701901,0.09252443164587021,0.7289999723434448,0.7149999737739563
YDR098C-B,YMR133W,0,0.028624866,0.09251268953084946,0.7289999723434448,0.7150999903678894
YGR078C,YGR174C,0,0.028571803,0.0925009548664093,0.7289999723434448,0.7152000069618225
YPL007C,YLR005W,1,0.028548848,0.09261608868837357,0.7300000190734863,0.7152000069618225
YDR311W,YNL314W,1,0.028482545,0.09273119270801544,0.7310000061988831,0.7152000069618225
YIL037C,YNL142W,0,0.02845965,0.0927194282412529,0.7310000061988831,0.7153000235557556
YAL051W,YDR098C-B,0,0.028420039,0.09270767122507095,0.7310000061988831,0.715399980545044
YPL198W,YJR108W,0,0.028414179,0.09269591420888901,0.7310000061988831,0.715499997138977
YER062C,YOR026W,0,0.028354798,0.09268416464328766,0.7310000061988831,0.7156000137329102
YNL263C,YHR079C-B,0,0.028310712,0.09267241507768631,0.7310000061988831,0.7156999707221985
YHR157W,YGR161C-D,0,0.028168313,0.09266066551208496,0.7310000061988831,0.7157999873161316
YOR247W,YMR237W,0,0.028046105,0.09264892339706421,0.7310000061988831,0.7159000039100647
YKL185W,YMR226C,0,0.028022557,0.09263718128204346,0.7310000061988831,0.7160000205039978
YLR083C,YGL087C,0,0.028003413,0.0926254466176033,0.7310000061988831,0.7160999774932861
YBR181C,YBR188C,0,0.027988438,0.09261371195316315,0.7310000061988831,0.7161999940872192
YDR517W,YDL211C,0,0.027916986,0.09260197728872299,0.7310000061988831,0.7163000106811523
YDR287W,YDR365W-A,0,0.02791414,0.09259025007486343,0.7310000061988831,0.7164000272750854
YDR448W,YGR186W,1,0.027878616,0.09270516782999039,0.7319999933242798,0.7164000272750854
YDR098C-A,YPR161C,0,0.027712975,0.09269342571496964,0.7319999933242798,0.7164999842643738
YGL246C,YBR085W,0,0.027610581,0.09268169105052948,0.7319999933242798,0.7166000008583069
YJR084W,YGR161C-D,0,0.027594876,0.09266995638608932,0.7319999933242798,0.71670001745224
YLL016W,YBL025W,0,0.027568448,0.09265822917222977,0.7319999933242798,0.7167999744415283
YNL221C,YCR035C,0,0.027521517,0.09264650195837021,0.7319999933242798,0.7168999910354614
YDR098C-A,YGR253C,0,0.027463075,0.09263477474451065,0.7319999933242798,0.7170000076293945
YNL029C,YER081W,0,0.027458664,0.09262305498123169,0.7319999933242798,0.7171000242233276
YDR145W,YNR055C,0,0.027248893,0.09261133521795273,0.7319999933242798,0.717199981212616
YDR280W,YOL103W-A,0,0.027246047,0.09259962290525436,0.7319999933242798,0.7172999978065491
YDR427W,YER023W,0,0.027235825,0.092587910592556,0.7319999933242798,0.7174000144004822
YPL116W,YDR129C,0,0.02719593,0.09257619827985764,0.7319999933242798,0.7174999713897705
YLR377C,YDL012C,0,0.027183954,0.09256449341773987,0.7319999933242798,0.7175999879837036
YPL011C,YIL036W,1,0.027183902,0.0926792249083519,0.7329999804496765,0.7175999879837036
YNL054W-A,YPL221W,0,0.02714248,0.09266751259565353,0.7329999804496765,0.7177000045776367
YNL103W,YNL045W,0,0.027141467,0.09265579283237457,0.7329999804496765,0.7178000211715698
YOL103W-A,YLR007W,0,0.027039722,0.0926440879702568,0.7329999804496765,0.7178999781608582
YDR098C-A,YLL024C,0,0.02701575,0.09263237565755844,0.7329999804496765,0.7179999947547913
YNL284C-B,YLR259C,0,0.0270111,0.09262067079544067,0.7329999804496765,0.7181000113487244
YPL224C,YKR085C,0,0.026913878,0.0926089733839035,0.7329999804496765,0.7182000279426575
YPR120C,YLR175W,0,0.026884098,0.09259726852178574,0.7329999804496765,0.7182999849319458
YPL129W,YIL036W,1,0.026879307,0.09271188825368881,0.734000027179718,0.7182999849319458
YLR227W-A,YLL021W,0,0.026838813,0.09270017594099045,0.734000027179718,0.7184000015258789
YDR482C,YKR083C,0,0.026820112,0.09268847107887268,0.734000027179718,0.718500018119812
YPR158W-B,YML102W,0,0.026802108,0.09267676621675491,0.734000027179718,0.7185999751091003
YGL070C,YIL123W,0,0.026798222,0.09266506880521774,0.734000027179718,0.7186999917030334
YGL246C,YCL067C,0,0.026713584,0.09265337139368057,0.734000027179718,0.7188000082969666
YMR227C,YAL001C,1,0.026616931,0.09276789426803589,0.7350000143051147,0.7188000082969666
YJL011C,YGR186W,1,0.026585367,0.09288237988948822,0.7360000014305115,0.7188000082969666
YAL056W,YDR517W,0,0.026509803,0.09287066012620926,0.7360000014305115,0.7189000248908997
YGR055W,YNL181W,0,0.026430149,0.0928589478135109,0.7360000014305115,0.718999981880188
YBL031W,YGR003W,0,0.02641536,0.09284722805023193,0.7360000014305115,0.7190999984741211
YPL234C,YPL183C,0,0.026371598,0.09283552318811417,0.7360000014305115,0.7192000150680542
YJR035W,YMR156C,0,0.026262205,0.0928238108754158,0.7360000014305115,0.7192999720573425
YOR091W,YDR323C,0,0.026237134,0.09281210601329803,0.7360000014305115,0.7193999886512756
YPL138C,YHR114W,0,0.026170272,0.09280040115118027,0.7360000014305115,0.7195000052452087
YPR173C,YDR395W,0,0.026126612,0.0927887037396431,0.7360000014305115,0.7196000218391418
YOR252W,YIL018W,0,0.026097436,0.09277700632810593,0.7360000014305115,0.7196999788284302
YMR318C,YER108C,0,0.026003722,0.09276531636714935,0.7360000014305115,0.7197999954223633
YJL021C,YLR248W,0,0.025984544,0.09275362640619278,0.7360000014305115,0.7199000120162964
YLR411W,YPL173W,0,0.025977422,0.0927419364452362,0.7360000014305115,0.7200000286102295
YDL003W,YCL012W,0,0.025949337,0.09273025393486023,0.7360000014305115,0.7200999855995178
YPL169C,YPL076W,0,0.02591284,0.09271857142448425,0.7360000014305115,0.7202000021934509
YHR079C-B,YPL189W,0,0.0259118,0.09270688891410828,0.7360000014305115,0.720300018787384
YDR427W,YBR100W,0,0.025852501,0.0926952138543129,0.7360000014305115,0.7203999757766724
YLR037C,YBR003W,0,0.025832314,0.09268353879451752,0.7360000014305115,0.7204999923706055
YLL066C,YNL024C,0,0.025827479,0.09267187118530273,0.7360000014305115,0.7206000089645386
YJR073C,YER108C,0,0.02576178,0.09266020357608795,0.7360000014305115,0.7207000255584717
YPR169W,YLR363C,0,0.025757615,0.09264854341745377,0.7360000014305115,0.72079998254776
YNL024C,YPL233W,0,0.025685865,0.09263687580823898,0.7360000014305115,0.7208999991416931
YOR334W,YFL026W,0,0.02568226,0.0926252231001854,0.7360000014305115,0.7210000157356262
YGL246C,YPL018W,0,0.025579866,0.09261356294155121,0.7360000014305115,0.7210999727249146
YPL234C,YJL197W,0,0.025533702,0.09260191023349762,0.7360000014305115,0.7211999893188477
YGR246C,YOR194C,1,0.025522787,0.09271606802940369,0.7369999885559082,0.7211999893188477
YDR377W,YLR068W,0,0.02544852,0.0927044004201889,0.7369999885559082,0.7213000059127808
YOR065W,YLR313C,0,0.025405113,0.09269274026155472,0.7369999885559082,0.7214000225067139
YMR041C,YDR007W,0,0.025338698,0.09268108755350113,0.7369999885559082,0.7214999794960022
YPL209C,YNL054W-A,0,0.025310352,0.09266943484544754,0.7369999885559082,0.7215999960899353
YPL004C,YPR106W,0,0.025236141,0.09265778213739395,0.7369999885559082,0.7217000126838684
YML041C,YBR100W,0,0.02516948,0.09264613687992096,0.7369999885559082,0.7218000292778015
YPR017C,YBR131W,0,0.025106315,0.09263449162244797,0.7369999885559082,0.7218999862670898
YAL002W,YJL021C,0,0.025103342,0.09262284636497498,0.7369999885559082,0.722000002861023
YOR316C,YNL317W,0,0.02505305,0.09261120855808258,0.7369999885559082,0.722100019454956
YKR085C,YER040W,0,0.025022957,0.09259957075119019,0.7369999885559082,0.7221999764442444
YBL007C,YDR078C,0,0.025012117,0.09258794039487839,0.7369999885559082,0.7222999930381775
YOR004W,YCL035C,0,0.02492885,0.09257631003856659,0.7369999885559082,0.7224000096321106
YKR027W,YER060W,0,0.02491986,0.09256467968225479,0.7369999885559082,0.7225000262260437
YKR064W,YLR056W,0,0.024906259,0.09255305677652359,0.7369999885559082,0.722599983215332
YBL038W,YGL085W,0,0.024877205,0.09254143387079239,0.7369999885559082,0.7226999998092651
YPL225W,YLR288C,0,0.024825506,0.09252981841564178,0.7369999885559082,0.7228000164031982
YIL147C,YNL142W,0,0.024767991,0.09251820296049118,0.7369999885559082,0.7228999733924866
YDR167W,YER045C,1,0.024746213,0.09263210743665695,0.7379999756813049,0.7228999733924866
YGR161W-A,YER159C,0,0.024614539,0.09262048453092575,0.7379999756813049,0.7229999899864197
YLR347C,YDL211C,0,0.024530545,0.09260886162519455,0.7379999756813049,0.7231000065803528
YOR016C,YOR078W,0,0.024488587,0.09259723871946335,0.7379999756813049,0.7232000231742859
YDR343C,YPL254W,0,0.024390418,0.09258562326431274,0.7379999756813049,0.7232999801635742
YDR007W,YBL014C,0,0.024387721,0.09257400780916214,0.7379999756813049,0.7233999967575073
YGL166W,YMR236W,1,0.024387185,0.09268782287836075,0.7390000224113464,0.7233999967575073
YDR528W,YNL048W,0,0.024297375,0.09267619997262955,0.7390000224113464,0.7235000133514404
YJL012C,YJR117W,0,0.02426878,0.09266457706689835,0.7390000224113464,0.7235999703407288
YKL032C,YDL012C,0,0.024245266,0.09265296161174774,0.7390000224113464,0.7236999869346619
YJL162C,YCR105W,0,0.02414846,0.09264134615659714,0.7390000224113464,0.723800003528595
YBL103C,YER045C,1,0.024079658,0.09275507926940918,0.7400000095367432,0.723800003528595
YPR148C,YPL178W,0,0.023870025,0.09274344891309738,0.7400000095367432,0.7239000201225281
YPR161C,YGL111W,0,0.023869317,0.09273182600736618,0.7400000095367432,0.7239999771118164
YKL033W,YIL098C,0,0.023843382,0.09272021055221558,0.7400000095367432,0.7240999937057495
YDL098C,YNL246W,0,0.023820635,0.09270859509706497,0.7400000095367432,0.7242000102996826
YGL104C,YPL183C,0,0.02381112,0.09269697964191437,0.7400000095367432,0.7243000268936157
YDR381W,YOR132W,0,0.023779128,0.09268537163734436,0.7400000095367432,0.724399983882904
YBR107C,YJL197W,0,0.023733918,0.09267376363277435,0.7400000095367432,0.7245000004768372
YCL012W,YDR301W,0,0.023729783,0.09266215562820435,0.7400000095367432,0.7246000170707703
YKL002W,YER081W,0,0.023712564,0.09265055507421494,0.7400000095367432,0.7246999740600586
YDR189W,YFL025C,0,0.023621459,0.09263896197080612,0.7400000095367432,0.7247999906539917
YCR058C,YLR333C,0,0.023620129,0.09262736141681671,0.7400000095367432,0.7249000072479248
YJL021C,YNL294C,0,0.023614932,0.0926157683134079,0.7400000095367432,0.7250000238418579
YLR085C,YHL015W,0,0.023608115,0.09260418266057968,0.7400000095367432,0.7250999808311462
YOR273C,YOL059W,0,0.023584694,0.09259258955717087,0.7400000095367432,0.7251999974250793
YMR192W,YAL011W,0,0.023457155,0.09258101135492325,0.7400000095367432,0.7253000140190125
YBL091C,YGL049C,0,0.023454871,0.09256942570209503,0.7400000095367432,0.7253999710083008
YBL080C,YMR275C,0,0.023376692,0.09255784749984741,0.7400000095367432,0.7254999876022339
YER028C,YLR143W,0,0.023354825,0.09254627674818039,0.7400000095367432,0.725600004196167
YPL171C,YNL284C-B,0,0.023345541,0.09253469854593277,0.7400000095367432,0.7257000207901001
YIL137C,YCR063W,0,0.02332076,0.09252312779426575,0.7400000095367432,0.7257999777793884
YHL017W,YLL018C,0,0.023278017,0.09251156449317932,0.7400000095367432,0.7258999943733215
YBR130C,YPR067W,0,0.023265097,0.0925000011920929,0.7400000095367432,0.7260000109672546
YHL003C,YBL031W,0,0.02324219,0.09248843789100647,0.7400000095367432,0.7261000275611877
YFR024C,YLR118C,0,0.023199897,0.09247688204050064,0.7400000095367432,0.7261999845504761
YGR055W,YBL047C,0,0.02315979,0.09246532618999481,0.7400000095367432,0.7263000011444092
YBL087C,YPL115C,0,0.023150917,0.09245377033948898,0.7400000095367432,0.7264000177383423
YFR027W,YER167W,0,0.023091335,0.09244222193956375,0.7400000095367432,0.7264999747276306
YKL028W,YBL103C,1,0.023085494,0.09255558252334595,0.7409999966621399,0.7264999747276306
YDR210C-D,YLR190W,0,0.022963855,0.09254402667284012,0.7409999966621399,0.7265999913215637
YHR103W,YNR038W,0,0.022949595,0.09253247082233429,0.7409999966621399,0.7267000079154968
YDR190C,YCL012W,0,0.022937287,0.09252091497182846,0.7409999966621399,0.7268000245094299
YNL222W,YER028C,1,0.022893298,0.09263420850038528,0.7419999837875366,0.7268000245094299
YJL098W,YDR025W,0,0.02287605,0.09262264519929886,0.7419999837875366,0.7268999814987183
YPL007C,YGL043W,1,0.02286825,0.0927358940243721,0.7429999709129333,0.7268999814987183
YJL127C,YNL294C,0,0.022814725,0.09272432327270508,0.7429999709129333,0.7269999980926514
YKL141W,YNL059C,0,0.022775557,0.09271275252103806,0.7429999709129333,0.7271000146865845
YER100W,YGL061C,0,0.022766765,0.09270118176937103,0.7429999709129333,0.7271999716758728
YDR308C,YHR214C-C,0,0.022734907,0.0926896184682846,0.7429999709129333,0.7272999882698059
YKR034W,YGL045W,0,0.022693064,0.09267806261777878,0.7429999709129333,0.727400004863739
YGL207W,YBL103C,1,0.022565529,0.09279122203588486,0.7440000176429749,0.727400004863739
YJL212C,YGR142W,0,0.022534836,0.09277965128421783,0.7440000176429749,0.7275000214576721
YCR058C,YGL016W,0,0.022485498,0.09276808053255081,0.7440000176429749,0.7275999784469604
YBR090C-A,YER032W,0,0.022435859,0.09275651723146439,0.7440000176429749,0.7276999950408936
YLR413W,YPR199C,0,0.022425488,0.09274495393037796,0.7440000176429749,0.7278000116348267
YGL107C,YER108C,0,0.022320174,0.09273339062929153,0.7440000176429749,0.7279000282287598
YOR045W,YGL104C,0,0.022303417,0.0927218347787857,0.7440000176429749,0.7279999852180481
YDR439W,YMR237W,0,0.022219915,0.09271027892827988,0.7440000176429749,0.7281000018119812
YNL103W,YHR079C-B,0,0.02218474,0.09269873052835464,0.7440000176429749,0.7282000184059143
YCR058C,YEL044W,0,0.022168584,0.09268718212842941,0.7440000176429749,0.7282999753952026
YOR016C,YHR090C,0,0.022125531,0.09267563372850418,0.7440000176429749,0.7283999919891357
YNL054W-A,YOR158W,0,0.022115063,0.09266409277915955,0.7440000176429749,0.7285000085830688
YAL028W,YDR384C,0,0.022063516,0.09265255182981491,0.7440000176429749,0.728600025177002
YDL091C,YIL098C,0,0.022061024,0.09264101833105087,0.7440000176429749,0.7286999821662903
YIL147C,YJR117W,0,0.02201543,0.09262948483228683,0.7440000176429749,0.7287999987602234
YGL053W,YLR001C,0,0.021955922,0.0926179513335228,0.7440000176429749,0.7289000153541565
YIL018W,YER129W,0,0.021880087,0.09260642528533936,0.7440000176429749,0.7289999723434448
YKR072C,YGR083C,0,0.021729548,0.09259489923715591,0.7440000176429749,0.7290999889373779
YDR515W,YLR288C,0,0.021691088,0.09258337318897247,0.7440000176429749,0.729200005531311
YGR047C,YMR227C,1,0.0216288,0.09269627928733826,0.7450000047683716,0.729200005531311
YHR096C,YHR079C-B,0,0.02159565,0.09268474578857422,0.7450000047683716,0.7293000221252441
YKL062W,YER108C,0,0.0215525,0.09267321974039078,0.7450000047683716,0.7293999791145325
YML114C,YKL028W,1,0.021523166,0.09278606623411179,0.7459999918937683,0.7293999791145325
YCL010C,YPR008W,1,0.021516118,0.092898890376091,0.746999979019165,0.7293999791145325
YBR029C,YER108C,0,0.021398615,0.09288734197616577,0.746999979019165,0.7294999957084656
YJL096W,YBR248C,0,0.021377373,0.09287579357624054,0.746999979019165,0.7296000123023987
YNL041C,YOR358W,0,0.02134129,0.09286424517631531,0.746999979019165,0.7297000288963318
YLR007W,YPL061W,0,0.021295529,0.09285270422697067,0.746999979019165,0.7297999858856201
YBR100W,YHR133C,0,0.021286923,0.09284116327762604,0.746999979019165,0.7299000024795532
YDR028C,YNL156C,0,0.021255061,0.0928296223282814,0.746999979019165,0.7300000190734863
YDR148C,YGL240W,0,0.02122939,0.09281808882951736,0.746999979019165,0.7300999760627747
YDR243C,YDL123W,0,0.021161836,0.09280656278133392,0.746999979019165,0.7301999926567078
YBR029C,YBR254C,0,0.021077815,0.09279502928256989,0.746999979019165,0.7303000092506409
YNL045W,YLR260W,0,0.020988114,0.09278350323438644,0.746999979019165,0.730400025844574
YJL045W,YLR196W,0,0.020973522,0.0927719846367836,0.746999979019165,0.7304999828338623
YHR005C,YBR100W,0,0.020814486,0.09276045858860016,0.746999979019165,0.7305999994277954
YBR180W,YPR133C,0,0.020737771,0.09274894744157791,0.746999979019165,0.7307000160217285
YCR024C,YBR090C-A,0,0.020676907,0.09273742884397507,0.746999979019165,0.7307999730110168
YPL202C,YNL039W,1,0.020458896,0.09285005182027817,0.7480000257492065,0.7307999730110168
YOR207C,YGR083C,0,0.020395968,0.09283852577209473,0.7480000257492065,0.73089998960495
YBR162W-A,YAL028W,0,0.020383086,0.09282700717449188,0.7480000257492065,0.7310000061988831
YPL280W,YMR205C,0,0.02035657,0.09281548857688904,0.7480000257492065,0.7311000227928162
YLR377C,YJL186W,0,0.02011479,0.0928039699792862,0.7480000257492065,0.7311999797821045
YKR053C,YPR180W,0,0.020094767,0.09279245883226395,0.7480000257492065,0.7312999963760376
YDL243C,YNL054W-A,0,0.020014763,0.0927809476852417,0.7480000257492065,0.7314000129699707
YDR007W,YMR091C,0,0.019964267,0.09276944398880005,0.7480000257492065,0.7315000295639038
YFR047C,YJR046W,0,0.019638602,0.0927579328417778,0.7480000257492065,0.7315999865531921
YPL175W,YPR086W,0,0.01962633,0.09274643659591675,0.7480000257492065,0.7317000031471252
YLR390W-A,YMR207C,0,0.019612525,0.0927349403500557,0.7480000257492065,0.7318000197410583
YOR087W,YNL199C,0,0.01952802,0.09272344410419464,0.7480000257492065,0.7318999767303467
YHR142W,YGL111W,0,0.019507874,0.09271194785833359,0.7480000257492065,0.7319999933242798
YEL018W,YER178W,0,0.019467946,0.09270045906305313,0.7480000257492065,0.7321000099182129
YIL068C,YCR063W,0,0.019460026,0.09268897026777267,0.7480000257492065,0.732200026512146
YNL156C,YBR100W,0,0.019410666,0.09267748892307281,0.7480000257492065,0.7322999835014343
YMR005W,YCL010C,1,0.019401286,0.09278988838195801,0.7490000128746033,0.7322999835014343
YGR005C,YML015C,1,0.01937643,0.09290226548910141,0.75,0.7322999835014343
YMR105C,YOR158W,0,0.019134346,0.09289076179265976,0.75,0.7324000000953674
YGL142C,YOR001W,0,0.019094665,0.09287925809621811,0.75,0.7325000166893005
YGR060W,YKL192C,0,0.019080628,0.09286775439977646,0.75,0.7325999736785889
YGR217W,YGL171W,0,0.019028068,0.0928562581539154,0.75,0.732699990272522
YDL081C,YNR052C,0,0.018910874,0.09284476190805435,0.75,0.7328000068664551
YHR204W,YJR054W,0,0.018881101,0.0928332731127739,0.75,0.7329000234603882
YER072W,YDL243C,0,0.018819142,0.09282178431749344,0.75,0.7329999804496765
YBR198C,YGR274C,1,0.018812053,0.09293404221534729,0.7509999871253967,0.7329999804496765
YHL038C,YPL013C,0,0.018767957,0.09292254596948624,0.7509999871253967,0.7330999970436096
YDR430C,YOL012C,0,0.018758226,0.09291104972362518,0.7509999871253967,0.7332000136375427
YGR178C,YKL058W,0,0.018724471,0.09289955347776413,0.7509999871253967,0.733299970626831
YPR175W,YHR138C,0,0.01871765,0.09288806468248367,0.7509999871253967,0.7333999872207642
YEL032W,YHR079C-B,0,0.018627357,0.09287657588720322,0.7509999871253967,0.7335000038146973
YML023C,YOR157C,0,0.018553697,0.09286509454250336,0.7509999871253967,0.7336000204086304
YOR254C,YBL005W,0,0.018518094,0.0928536131978035,0.7509999871253967,0.7336999773979187
YDR287W,YLR007W,0,0.018373493,0.09284213185310364,0.7509999871253967,0.7337999939918518
YJR042W,YJR108W,0,0.018309254,0.09283065795898438,0.7509999871253967,0.7339000105857849
YER031C,YKL054C,0,0.018269565,0.09281918406486511,0.7509999871253967,0.734000027179718
YGR082W,YFR024C,0,0.01825592,0.09280771017074585,0.7509999871253967,0.7340999841690063
YER109C,YJR050W,0,0.018235993,0.09279624372720718,0.7509999871253967,0.7342000007629395
YLR409C,YEL051W,0,0.018214677,0.09278477728366852,0.7509999871253967,0.7343000173568726
YOR258W,YER108C,0,0.018161006,0.09277331829071045,0.7509999871253967,0.7343999743461609
YLR360W,YDR179C,0,0.018003743,0.09276185929775238,0.7509999871253967,0.734499990940094
YGR246C,YGL166W,1,0.017982293,0.09287390112876892,0.7519999742507935,0.734499990940094
YOL020W,YGR245C,0,0.017964948,0.09286243468523026,0.7519999742507935,0.7346000075340271
YMR232W,YHL021C,0,0.017955367,0.09285096824169159,0.7519999742507935,0.7347000241279602
YLR451W,YEL024W,0,0.0179278,0.09283950924873352,0.7519999742507935,0.7347999811172485
YPR128C,YGL053W,0,0.017923966,0.09282804280519485,0.7519999742507935,0.7348999977111816
YDR045C,YDR365W-A,0,0.017906286,0.09281659126281738,0.7519999742507935,0.7350000143051147
YHR205W,YCL068C,0,0.01788218,0.09280513226985931,0.7519999742507935,0.7350999712944031
YBR109C,YLR361C,0,0.01784708,0.09279368072748184,0.7519999742507935,0.7351999878883362
YLL016W,YHR096C,0,0.017838374,0.09278223663568497,0.7519999742507935,0.7353000044822693
YKL145W,YPL018W,0,0.01770993,0.0927707850933075,0.7519999742507935,0.7354000210762024
YHR079C-B,YDR395W,0,0.017661348,0.09275934100151062,0.7519999742507935,0.7354999780654907
YIL036W,YDR287W,0,0.01764657,0.09274790436029434,0.7519999742507935,0.7355999946594238
YKL145W,YOL095C,0,0.01761746,0.09273646771907806,0.7519999742507935,0.7357000112533569
YDR167W,YPL177C,1,0.017609578,0.09284833818674088,0.753000020980835,0.7357000112533569
YDR545W,YCL012W,0,0.017595757,0.0928368866443634,0.753000020980835,0.73580002784729
YPL235W,YMR118C,0,0.017586995,0.09282544255256653,0.753000020980835,0.7358999848365784
YJL180C,YML031W,0,0.01756167,0.09281400591135025,0.753000020980835,0.7360000014305115
YLR060W,YBR188C,0,0.017493907,0.09280256181955338,0.753000020980835,0.7361000180244446
YIL147C,YLR060W,0,0.01741952,0.0927911251783371,0.753000020980835,0.7361999750137329
YNL025C,YBR100W,0,0.017397396,0.09277969598770142,0.753000020980835,0.736299991607666
YOR189W,YLR460C,0,0.017321832,0.09276826679706573,0.753000020980835,0.7364000082015991
YJL174W,YDL220C,0,0.017293002,0.09275683760643005,0.753000020980835,0.7365000247955322
YDR276C,YGL053W,0,0.017264578,0.09274540841579437,0.753000020980835,0.7365999817848206
YDR317W,YPL189W,0,0.01723506,0.09273398667573929,0.753000020980835,0.7366999983787537
YBR016W,YNR059W,0,0.017225176,0.0927225723862648,0.753000020980835,0.7368000149726868
YJL021C,YPR105C,0,0.017111719,0.09271115809679031,0.753000020980835,0.7368999719619751
YOL011W,YMR153W,0,0.017098468,0.09269974380731583,0.753000020980835,0.7369999885559082
YBR107C,YBR005W,0,0.016957913,0.09268832951784134,0.753000020980835,0.7371000051498413
YDL209C,YBR100W,0,0.016869005,0.09267692267894745,0.753000020980835,0.7372000217437744
YPL235W,YIR031C,0,0.016667161,0.09266551584005356,0.753000020980835,0.7372999787330627
YOR049C,YOR266W,0,0.016611684,0.09265411645174026,0.753000020980835,0.7373999953269958
YNL054W-A,YDR040C,0,0.016599908,0.09264271706342697,0.753000020980835,0.737500011920929
YEL006W,YGR296W,0,0.016588658,0.09263131767511368,0.753000020980835,0.7376000285148621
YDR091C,YBR162W-A,0,0.01658054,0.09261992573738098,0.753000020980835,0.7376999855041504
YDR145W,YGR186W,1,0.016472854,0.0927315205335617,0.7540000081062317,0.7376999855041504
YMR053C,YBR090C-A,0,0.016351983,0.09272012114524841,0.7540000081062317,0.7378000020980835
YJL162C,YBR162C,0,0.016342837,0.09270871430635452,0.7540000081062317,0.7379000186920166
YHR150W,YHR090C,0,0.016312364,0.09269732236862183,0.7540000081062317,0.7379999756813049
YDR078C,YMR009W,0,0.01628929,0.09268592298030853,0.7540000081062317,0.738099992275238
YNL250W,YOR380W,0,0.016273584,0.09267453104257584,0.7540000081062317,0.7382000088691711
YHR154W,YBR090C-A,0,0.016264416,0.09266314655542374,0.7540000081062317,0.7383000254631042
YNL183C,YKL026C,0,0.016192783,0.09265175461769104,0.7540000081062317,0.7383999824523926
YAL048C,YLR367W,0,0.016152285,0.09264037013053894,0.7540000081062317,0.7384999990463257
YJR118C,YMR183C,0,0.016145654,0.09262899309396744,0.7540000081062317,0.7386000156402588
YML011C,YCR058C,0,0.016144007,0.09261761605739594,0.7540000081062317,0.7386999726295471
YPL001W,YNR037C,0,0.01613662,0.09260623902082443,0.7540000081062317,0.7387999892234802
YHR110W,YGL198W,0,0.01613279,0.09259486943483353,0.7540000081062317,0.7389000058174133
YBL063W,YBR090C-A,0,0.016047422,0.09258349984884262,0.7540000081062317,0.7390000224113464
YML041C,YIL119C,0,0.016031358,0.09257213026285172,0.7540000081062317,0.7390999794006348
YMR110C,YBR100W,0,0.015993822,0.0925607681274414,0.7540000081062317,0.7391999959945679
YOL032W,YBR090C-A,0,0.015967995,0.0925494059920311,0.7540000081062317,0.739300012588501
YGR283C,YDR105C,0,0.015965078,0.09253804385662079,0.7540000081062317,0.7394000291824341
YDR365W-A,YLR435W,0,0.015814565,0.09252668917179108,0.7540000081062317,0.7394999861717224
YOL089C,YIL036W,1,0.015802324,0.0926380380988121,0.7549999952316284,0.7394999861717224
YLR328W,YJR054W,0,0.01574561,0.0926266685128212,0.7549999952316284,0.7396000027656555
YOL121C,YDL018C,0,0.01574305,0.09261530637741089,0.7549999952316284,0.7397000193595886
YCL017C,YHR138C,0,0.01568674,0.09260395169258118,0.7549999952316284,0.739799976348877
YLR200W,YLL021W,0,0.015679967,0.09259258955717087,0.7549999952316284,0.7398999929428101
YDR268W,YLR299W,0,0.015640859,0.09258123487234116,0.7549999952316284,0.7400000095367432
YDR359C,YNL029C,0,0.015633125,0.09256988763809204,0.7549999952316284,0.7401000261306763
YKL069W,YER127W,0,0.015583326,0.09255854040384293,0.7549999952316284,0.7401999831199646
YMR232W,YDR365W-A,0,0.01554756,0.09254719316959381,0.7549999952316284,0.7402999997138977
YEL005C,YPL117C,0,0.015494009,0.09253585338592529,0.7549999952316284,0.7404000163078308
YPR175W,YOR110W,0,0.015446297,0.09252450615167618,0.7549999952316284,0.7404999732971191
YCR058C,YDR517W,0,0.015443492,0.09251317381858826,0.7549999952316284,0.7405999898910522
YDR268W,YGR138C,0,0.015404602,0.09250184148550034,0.7549999952316284,0.7407000064849854
YIL013C,YGR260W,0,0.015404441,0.09249050915241241,0.7549999952316284,0.7408000230789185
YDR098C-A,YLR382C,0,0.015333467,0.0924791768193245,0.7549999952316284,0.7408999800682068
YOR090C,YCR058C,0,0.015313662,0.09246785193681717,0.7549999952316284,0.7409999966621399
YPR158W-B,YNR037C,0,0.015304265,0.09245652705430984,0.7549999952316284,0.741100013256073
YPR055W,YAL011W,0,0.015267109,0.09244520962238312,0.7549999952316284,0.7411999702453613
YAL002W,YML031W,0,0.015259874,0.0924338847398758,0.7549999952316284,0.7412999868392944
YBR069C,YBR090C-A,0,0.015201974,0.09242257475852966,0.7549999952316284,0.7414000034332275
YGR078C,YMR274C,0,0.01518326,0.09241125732660294,0.7549999952316284,0.7415000200271606
YIL075C,YMR149W,0,0.0151214795,0.0923999473452568,0.7549999952316284,0.741599977016449
YKL062W,YDR422C,0,0.015054905,0.09238864481449127,0.7549999952316284,0.7416999936103821
YER142C,YDR165W,0,0.014907801,0.09237734228372574,0.7549999952316284,0.7418000102043152
YDL031W,YLL057C,0,0.014898603,0.0923660397529602,0.7549999952316284,0.7419000267982483
YDR439W,YOR136W,0,0.01483591,0.09235473722219467,0.7549999952316284,0.7419999837875366
YGR186W,YNL039W,1,0.014740457,0.09246575087308884,0.7559999823570251,0.7419999837875366
YMR232W,YLL053C,0,0.014720541,0.0924544483423233,0.7559999823570251,0.7421000003814697
YNL167C,YER100W,0,0.014680703,0.09244313836097717,0.7559999823570251,0.7422000169754028
YGR024C,YBR043C,0,0.014679258,0.09243183583021164,0.7559999823570251,0.7422999739646912
YNL176C,YDR365C,0,0.01464582,0.0924205407500267,0.7559999823570251,0.7423999905586243
YPL171C,YOR334W,0,0.01462764,0.09240923821926117,0.7559999823570251,0.7425000071525574
YML015C,YER148W,1,0.014454731,0.09252016991376877,0.7570000290870667,0.7425000071525574
YDR178W,YIL068C,0,0.014427294,0.09250885993242264,0.7570000290870667,0.7426000237464905
YCR045C,YGR244C,0,0.014417422,0.0924975574016571,0.7570000290870667,0.7426999807357788
YPR025C,YMR236W,1,0.014357512,0.09260842949151993,0.7580000162124634,0.7426999807357788
YDR441C,YIL005W,0,0.0142199965,0.0925971195101738,0.7580000162124634,0.7427999973297119
YPR173C,YOR253W,0,0.014207576,0.09258580952882767,0.7580000162124634,0.742900013923645
YMR040W,YGL016W,0,0.014204604,0.09257449954748154,0.7580000162124634,0.7429999709129333
YDR365W-A,YLR067C,0,0.014186832,0.092563197016716,0.7580000162124634,0.7430999875068665
YPL224C,YER093C,0,0.014081498,0.09255189448595047,0.7580000162124634,0.7432000041007996
YDR464W,YDR098C-B,0,0.01404331,0.09254059195518494,0.7580000162124634,0.7433000206947327
YML098W,YIL167W,0,0.013948944,0.092529296875,0.7580000162124634,0.743399977684021
YMR318C,YDL076C,0,0.01389948,0.09251800179481506,0.7580000162124634,0.7434999942779541
YPL171C,YGR161C-D,0,0.01384551,0.09250671416521072,0.7580000162124634,0.7436000108718872
YDL124W,YCL012W,0,0.0137802055,0.09249542653560638,0.7580000162124634,0.7437000274658203
YDR178W,YKR085C,0,0.01376417,0.09248413890600204,0.7580000162124634,0.7437999844551086
YDR435C,YDR384C,0,0.01376335,0.0924728587269783,0.7580000162124634,0.7439000010490417
YDR098C-A,YOR059C,0,0.013713409,0.09246157854795456,0.7580000162124634,0.7440000176429749
YGR024C,YPR007C,0,0.013563958,0.09245029836893082,0.7580000162124634,0.7440999746322632
YDR316W-B,YNL247W,0,0.013495916,0.09243902564048767,0.7580000162124634,0.7441999912261963
YBR198C,YBR123C,1,0.013486092,0.09254968911409378,0.7590000033378601,0.7441999912261963
YEL020W-A,YOL095C,0,0.013472033,0.09253840893507004,0.7590000033378601,0.7443000078201294
YBR268W,YLR058C,0,0.013370839,0.0925271213054657,0.7590000033378601,0.7444000244140625
YLR315W,YHR146W,0,0.013352786,0.09251584857702255,0.7590000033378601,0.7444999814033508
YBR119W,YOL084W,0,0.013350596,0.09250456839799881,0.7590000033378601,0.7445999979972839
YGR205W,YEL027W,0,0.013348182,0.09249329566955566,0.7590000033378601,0.744700014591217
YPL007C,YGL207W,1,0.01331069,0.09260387718677521,0.7599999904632568,0.744700014591217
YDR325W,YMR105C,0,0.013186713,0.09259258955717087,0.7599999904632568,0.7447999715805054
YGR082W,YDL209C,0,0.013129939,0.09258131682872772,0.7599999904632568,0.7448999881744385
YGR253C,YDL018C,0,0.013100852,0.09257003664970398,0.7599999904632568,0.7450000047683716
YCL012W,YLR260W,0,0.01301133,0.09255876392126083,0.7599999904632568,0.7451000213623047
YER044C-A,YNL247W,0,0.0130074145,0.09254749119281769,0.7599999904632568,0.745199978351593
YML004C,YDL134C,0,0.012909588,0.09253622591495514,0.7599999904632568,0.7452999949455261
YOL096C,YGL151W,0,0.012757965,0.09252496063709259,0.7599999904632568,0.7454000115394592
YJR132W,YIL043C,0,0.012721834,0.09251369535923004,0.7599999904632568,0.7455000281333923
YBR162W-A,YDR515W,0,0.012579271,0.09250243753194809,0.7599999904632568,0.7455999851226807
YML100W,YDR075W,0,0.01251552,0.09249117970466614,0.7599999904632568,0.7457000017166138
YDR122W,YDR276C,0,0.012495563,0.09247992187738419,0.7599999904632568,0.7458000183105469
YLR223C,YNL038W,0,0.01247174,0.09246867150068283,0.7599999904632568,0.7458999752998352
YFR031C-A,YHR033W,0,0.01243005,0.09245742112398148,0.7599999904632568,0.7459999918937683
YFR047C,YCL012W,0,0.012427456,0.09244617074728012,0.7599999904632568,0.7461000084877014
YDR406W,YOR195W,0,0.012360861,0.09243492782115936,0.7599999904632568,0.7462000250816345
YBR123C,YER148W,1,0.01233,0.09254530072212219,0.7609999775886536,0.7462000250816345
YPL207W,YDR040C,0,0.012317521,0.09253405034542084,0.7609999775886536,0.7462999820709229
YGR055W,YNR071C,0,0.012211499,0.09252279996871948,0.7609999775886536,0.746399998664856
YGR047C,YDR145W,1,0.012166184,0.09263311326503754,0.7620000243186951,0.746399998664856
YPL156C,YGL219C,0,0.01205345,0.09262185543775558,0.7620000243186951,0.7465000152587891
YPL177C,YGR186W,1,0.012050238,0.09273213148117065,0.7630000114440918,0.7465000152587891
YHR024C,YKL192C,0,0.012023744,0.0927208662033081,0.7630000114440918,0.7465999722480774
YJR042W,YGL231C,0,0.012016145,0.09270960092544556,0.7630000114440918,0.7466999888420105
YJL179W,YCR005C,0,0.011880388,0.09269833564758301,0.7630000114440918,0.7468000054359436
YPL179W,YBR100W,0,0.0118553685,0.09268707782030106,0.7630000114440918,0.7469000220298767
YFR014C,YMR153W,0,0.011852353,0.0926758199930191,0.7630000114440918,0.746999979019165
YBR193C,YJL208C,0,0.011818492,0.09266456216573715,0.7630000114440918,0.7470999956130981
YDR323C,YLL057C,0,0.011741479,0.0926533117890358,0.7630000114440918,0.7472000122070312
YDR019C,YBR094W,0,0.011730243,0.09264206141233444,0.7630000114440918,0.7473000288009644
YMR048W,YPL173W,0,0.011680883,0.09263081103563309,0.7630000114440918,0.7473999857902527
YHR150W,YGR129W,0,0.011661929,0.09261956810951233,0.7630000114440918,0.7475000023841858
YKL141W,YPL239W,0,0.011644195,0.09260832518339157,0.7630000114440918,0.7476000189781189
YGL098W,YPR008W,0,0.011611556,0.09259708970785141,0.7630000114440918,0.7476999759674072
YKR079C,YMR177W,0,0.011425686,0.09258585423231125,0.7630000114440918,0.7477999925613403
YHR170W,YPL018W,0,0.01137152,0.09257461875677109,0.7630000114440918,0.7479000091552734
YPR158W-B,YDR004W,0,0.011250052,0.09256339073181152,0.7630000114440918,0.7480000257492065
YPL120W,YML057W,0,0.011235607,0.09255216270685196,0.7630000114440918,0.7480999827384949
YIL156W,YKR078W,0,0.011144069,0.0925409346818924,0.7630000114440918,0.748199999332428
YGL196W,YDR463W,0,0.011061092,0.09252971410751343,0.7630000114440918,0.7483000159263611
YPR199C,YLR313C,0,0.011008509,0.09251849353313446,0.7630000114440918,0.7483999729156494
YCR058C,YKR052C,0,0.010900336,0.0925072729587555,0.7630000114440918,0.7484999895095825
YML045W,YEL048C,0,0.010893081,0.09249605983495712,0.7630000114440918,0.7486000061035156
YOL103W-A,YDR464W,0,0.010886389,0.09248484671115875,0.7630000114440918,0.7487000226974487
YJL078C,YKL099C,0,0.010849585,0.09247364103794098,0.7630000114440918,0.7487999796867371
YER062C,YGR030C,0,0.010796976,0.0924624353647232,0.7630000114440918,0.7488999962806702
YJR120W,YDR243C,0,0.010793653,0.09245122969150543,0.7630000114440918,0.7490000128746033
YCR058C,YHR024C,0,0.010744444,0.09244003146886826,0.7630000114440918,0.7491000294685364
YPL138C,YKL185W,0,0.010701784,0.09242883324623108,0.7630000114440918,0.7491999864578247
YML041C,YDR160W,0,0.010671188,0.0924176350235939,0.7630000114440918,0.7493000030517578
YIL036W,YER045C,1,0.0105759995,0.09252755343914032,0.7639999985694885,0.7493000030517578
YLR234W,YGL018C,0,0.010552083,0.09251634776592255,0.7639999985694885,0.7494000196456909
YDL093W,YGL027C,0,0.010488664,0.09250514954328537,0.7639999985694885,0.7494999766349792
YLR324W,YDR040C,0,0.010481385,0.0924939438700676,0.7639999985694885,0.7495999932289124
YMR232W,YLR150W,0,0.0104350345,0.09248275309801102,0.7639999985694885,0.7497000098228455
YKL110C,YPL100W,0,0.010357094,0.09247155487537384,0.7639999985694885,0.7498000264167786
YHR214C-C,YBR028C,0,0.010338069,0.09246036410331726,0.7639999985694885,0.7498999834060669
YOL009C,YDR057W,0,0.0103016095,0.09244918078184128,0.7639999985694885,0.75
YLR150W,YBL025W,0,0.010298212,0.0924379900097847,0.7639999985694885,0.7501000165939331
YMR230W,YBR188C,0,0.010271353,0.09242680668830872,0.7639999985694885,0.7501999735832214
YLR194C,YLR451W,0,0.01026838,0.09241563081741333,0.7639999985694885,0.7502999901771545
YHR148W,YBR023C,0,0.0102580385,0.09240444749593735,0.7639999985694885,0.7504000067710876
YLL018C,YDL160C,0,0.010216323,0.09239327907562256,0.7639999985694885,0.7505000233650208
YLR234W,YDR019C,0,0.010192652,0.09238210320472717,0.7639999985694885,0.7505999803543091
YNL284C-B,YDR361C,0,0.010173676,0.09237093478441238,0.7639999985694885,0.7506999969482422
YDL189W,YIL053W,0,0.010153701,0.0923597663640976,0.7639999985694885,0.7508000135421753
YOL076W,YPL063W,0,0.010113467,0.0923486053943634,0.7639999985694885,0.7508999705314636
YJL212C,YPL168W,0,0.010010262,0.09233744442462921,0.7639999985694885,0.7509999871253967
YGR109W-A,YGR120C,0,0.009915569,0.09232628345489502,0.7639999985694885,0.7511000037193298
YDR235W,YIL069C,0,0.009873279,0.09231512993574142,0.7639999985694885,0.7512000203132629
YOR009W,YDL031W,0,0.009857689,0.09230397641658783,0.7639999985694885,0.7512999773025513
YLL026W,YML013W,0,0.009795905,0.09229282289743423,0.7639999985694885,0.7513999938964844
YCR016W,YDR098C-B,0,0.009751991,0.09228167682886124,0.7639999985694885,0.7515000104904175
YOR091W,YNR055C,0,0.009718378,0.09227053076028824,0.7639999985694885,0.7516000270843506
YOL122C,YBL038W,0,0.009681863,0.09225939214229584,0.7639999985694885,0.7516999840736389
YCL012W,YGL198W,0,0.0095236795,0.09224824607372284,0.7639999985694885,0.751800000667572
YGL098W,YLR189C,0,0.00928389,0.09223711490631104,0.7639999985694885,0.7519000172615051
YGR046W,YDR268W,0,0.009147161,0.09222597628831863,0.7639999985694885,0.7519999742507935
YDR079C-A,YER045C,1,0.009102029,0.092335544526577,0.7649999856948853,0.7519999742507935
YEL009C,YDR079C-A,1,0.009058424,0.09244509041309357,0.765999972820282,0.7519999742507935
YML031W,YJL001W,0,0.008921047,0.09243392944335938,0.765999972820282,0.7520999908447266
YPL105C,YCL012W,0,0.008915807,0.09242278337478638,0.765999972820282,0.7522000074386597
YER108C,YLR460C,0,0.008901219,0.09241162985563278,0.765999972820282,0.7523000240325928
YHR158C,YKL138C-A,0,0.008898073,0.09240048378705978,0.765999972820282,0.7523999810218811
YMR225C,YOR343C-A,0,0.008898073,0.09238933771848679,0.765999972820282,0.7524999976158142
YPL120W,YDR210W-C,0,0.008898073,0.09237819910049438,0.765999972820282,0.7526000142097473
YPR095C,YFL018W-A,0,0.008898073,0.09236705303192139,0.765999972820282,0.7526999711990356
YLR154W-C,YPL221W,0,0.008898073,0.09235592186450958,0.765999972820282,0.7527999877929688
YPL209C,YOL086W-A,0,0.008898073,0.09234478324651718,0.765999972820282,0.7529000043869019
YPL116W,YKL138C-A,0,0.008898073,0.09233365207910538,0.765999972820282,0.753000020980835
YKL138C-A,YOR060C,0,0.008898073,0.09232252836227417,0.765999972820282,0.7530999779701233
YFL035C-B,YGR004W,0,0.008898073,0.09231139719486237,0.765999972820282,0.7531999945640564
YOR358W,YOR343C-A,0,0.008898073,0.09230027347803116,0.765999972820282,0.7533000111579895
YGL025C,YKR095W-A,0,0.008898073,0.09228915721178055,0.765999972820282,0.7534000277519226
YDR201W,YER053C-A,0,0.008898073,0.09227804094552994,0.765999972820282,0.7534999847412109
YKR095W-A,YPL175W,0,0.008898073,0.09226692467927933,0.765999972820282,0.753600001335144
YNL199C,YCL005W-A,0,0.008898073,0.09225580841302872,0.765999972820282,0.7537000179290771
YFL035C-B,YDR397C,0,0.008898073,0.0922446995973587,0.765999972820282,0.7537999749183655
YDR175C,YER053C-A,0,0.008898073,0.09223359078168869,0.765999972820282,0.7538999915122986
YJL133C-A,YLR382C,0,0.008898073,0.09222248941659927,0.765999972820282,0.7540000081062317
YDL093W,YOL086W-A,0,0.008898073,0.09221138805150986,0.765999972820282,0.7541000247001648
YDR210W-C,YGL078C,0,0.008898073,0.09220028668642044,0.765999972820282,0.7541999816894531
YKR064W,YOR343C-A,0,0.008898073,0.09218919277191162,0.765999972820282,0.7542999982833862
YKR095W-A,YPR097W,0,0.008898073,0.0921780988574028,0.765999972820282,0.7544000148773193
YJL127C,YOL086W-A,0,0.008898073,0.09216700494289398,0.765999972820282,0.7544999718666077
YLR154W-C,YPR155C,0,0.008898073,0.09215591847896576,0.765999972820282,0.7545999884605408
YJR035W,YFL035C-A,0,0.008898073,0.09214483201503754,0.765999972820282,0.7547000050544739
YJL026W,YFL035C-A,0,0.008898073,0.09213375300168991,0.765999972820282,0.754800021648407
YBR200W-A,YPL233W,0,0.008898073,0.09212266653776169,0.765999972820282,0.7548999786376953
YMR286W,YOL086W-A,0,0.008898073,0.09211159497499466,0.765999972820282,0.7549999952316284
YJL133C-A,YPR007C,0,0.008898073,0.09210051596164703,0.765999972820282,0.7551000118255615
YLR004C,YFL035C-A,0,0.008898073,0.09208944439888,0.765999972820282,0.7552000284194946
YJL133C-A,YLR044C,0,0.008898073,0.09207837283611298,0.765999972820282,0.755299985408783
YKR095W-A,YDR025W,0,0.008898073,0.09206730872392654,0.765999972820282,0.7554000020027161
YDR210W-C,YMR002W,0,0.008898073,0.09205624461174011,0.765999972820282,0.7555000185966492
YGR078C,YDL134C-A,0,0.008898073,0.09204518049955368,0.765999972820282,0.7555999755859375
YCL005W-A,YPR017C,0,0.008898073,0.09203412383794785,0.765999972820282,0.7556999921798706
YKL138C-A,YKL063C,0,0.008898073,0.09202306717634201,0.765999972820282,0.7558000087738037
YDR210W-C,YGL192W,0,0.008898073,0.09201201051473618,0.765999972820282,0.7559000253677368
YCL064C,YOL086W-A,0,0.008898073,0.09200096130371094,0.765999972820282,0.7559999823570251
YGR212W,YKL138C-A,0,0.008898073,0.0919899120926857,0.765999972820282,0.7560999989509583
YBL007C,YLR154W-C,0,0.008898073,0.09197886288166046,0.765999972820282,0.7562000155448914
YIL144W,YFL018W-A,0,0.008898073,0.09196782112121582,0.765999972820282,0.7562999725341797
YDL134C-A,YOR157C,0,0.008898073,0.09195677936077118,0.765999972820282,0.7563999891281128
YLL016W,YLR154W-C,0,0.008898073,0.09194574505090714,0.765999972820282,0.7565000057220459
YFL035C-B,YPL145C,0,0.008898073,0.09193471074104309,0.765999972820282,0.756600022315979
YIL037C,YDR210W-C,0,0.008898073,0.09192367643117905,0.765999972820282,0.7566999793052673
YGL076C,YCL005W-A,0,0.008898073,0.0919126495718956,0.765999972820282,0.7567999958992004
YPR133C,YFL035C-A,0,0.008898073,0.09190162271261215,0.765999972820282,0.7569000124931335
YNL137C,YFL035C-A,0,0.008898073,0.0918905958533287,0.765999972820282,0.7570000290870667
YOL086W-A,YBR193C,0,0.008898073,0.09187957644462585,0.765999972820282,0.757099986076355
YOR109W,YOR343C-A,0,0.008898073,0.091868557035923,0.765999972820282,0.7572000026702881
YLR442C,YKL138C-A,0,0.008898073,0.09185753762722015,0.765999972820282,0.7573000192642212
YPR046W,YER053C-A,0,0.008898073,0.0918465256690979,0.765999972820282,0.7573999762535095
YDR210W-C,YPL097W,0,0.008898073,0.09183551371097565,0.765999972820282,0.7574999928474426
YAR009C,YHR079C-B,0,0.008898073,0.0918245017528534,0.765999972820282,0.7576000094413757
YBR200W-A,YDL102W,0,0.008898073,0.09181349724531174,0.765999972820282,0.7577000260353088
YKR095W-A,YPR071W,0,0.008898073,0.09180249273777008,0.765999972820282,0.7577999830245972
YIL156W,YLR154W-C,0,0.008898073,0.09179148823022842,0.765999972820282,0.7578999996185303
YPL203W,YKR095W-A,0,0.008898073,0.09178049117326736,0.765999972820282,0.7580000162124634
YOR252W,YJL133C-A,0,0.008898073,0.0917695015668869,0.765999972820282,0.7580999732017517
YBR200W-A,YJR096W,0,0.008898073,0.09175850450992584,0.765999972820282,0.7581999897956848
YPL138C,YLR154W-C,0,0.008898073,0.09174751490354538,0.765999972820282,0.7583000063896179
YKL138C-A,YBR188C,0,0.008898073,0.09173652529716492,0.765999972820282,0.758400022983551
YML100W,YCL005W-A,0,0.008898073,0.09172554314136505,0.765999972820282,0.7584999799728394
YAR042W,YOL086W-A,0,0.008898073,0.09171456098556519,0.765999972820282,0.7585999965667725
YPL215W,YCL012W,0,0.008898073,0.09170357882976532,0.765999972820282,0.7587000131607056
YDL134C-A,YHL006C,0,0.008898073,0.09169260412454605,0.765999972820282,0.7588000297546387
YHR099W,YDR079C-A,1,0.008898073,0.09180131554603577,0.7670000195503235,0.7588000297546387
YOR091W,YBR200W-A,0,0.008898073,0.0917903333902359,0.7670000195503235,0.758899986743927
YFR040W,YBR100W,0,0.008898073,0.09177934378385544,0.7670000195503235,0.7590000033378601
YPL176C,YFL035C-A,0,0.008898073,0.09176836907863617,0.7670000195503235,0.7591000199317932
YFL035C-B,YLR092W,0,0.008898073,0.0917573869228363,0.7670000195503235,0.7591999769210815
YDR210C-D,YLR154W-C,0,0.008898073,0.09174641221761703,0.7670000195503235,0.7592999935150146
YOR192C,YLR154W-C,0,0.008898073,0.09173543751239777,0.7670000195503235,0.7594000101089478
YHR035W,YOR343C-A,0,0.008898073,0.0917244702577591,0.7670000195503235,0.7595000267028809
YFR024C-A,YBR090C-A,0,0.008898073,0.09171350300312042,0.7670000195503235,0.7595999836921692
YCL029C,YFL035C-A,0,0.008898073,0.09170253574848175,0.7670000195503235,0.7597000002861023
YLR154W-C,YOR259C,0,0.008898073,0.09169156849384308,0.7670000195503235,0.7598000168800354
YOL086W-A,YKR083C,0,0.008898073,0.091680608689785,0.7670000195503235,0.7598999738693237
YKR095W-A,YDR160W,0,0.008898073,0.09166965633630753,0.7670000195503235,0.7599999904632568
YFL025C,YLR154W-C,0,0.008898073,0.09165869653224945,0.7670000195503235,0.7601000070571899
YDR471W,YLR154W-C,0,0.008898073,0.09164774417877197,0.7670000195503235,0.760200023651123
YHR009C,YBR200W-A,0,0.008898073,0.09163679927587509,0.7670000195503235,0.7602999806404114
YPR008W,YFL035C-A,0,0.008898073,0.09162585437297821,0.7670000195503235,0.7603999972343445
YBR200W-A,YHR033W,0,0.008898073,0.09161490947008133,0.7670000195503235,0.7605000138282776
YLR083C,YLR154W-C,0,0.008898073,0.09160396456718445,0.7670000195503235,0.7605999708175659
YCL012W,YHL050C,0,0.008898073,0.09159302711486816,0.7670000195503235,0.760699987411499
YPR161C,YDL134C-A,0,0.008898073,0.09158208966255188,0.7670000195503235,0.7608000040054321
YBL007C,YER108C,0,0.008898073,0.0915711522102356,0.7670000195503235,0.7609000205993652
YCL005W-A,YKL196C,0,0.008898073,0.09156022220849991,0.7670000195503235,0.7609999775886536
YBR200W-A,YPL043W,0,0.008898073,0.09154929220676422,0.7670000195503235,0.7610999941825867
YKL014C,YFL035C-A,0,0.008898073,0.09153836965560913,0.7670000195503235,0.7612000107765198
YKL138C-A,YOR103C,0,0.008898073,0.09152744710445404,0.7670000195503235,0.7613000273704529
YBR200W-A,YLR292C,0,0.008898073,0.09151652455329895,0.7670000195503235,0.7613999843597412
YLR059C,YDR210W-C,0,0.008898073,0.09150560945272446,0.7670000195503235,0.7615000009536743
YDR280W,YFL018W-A,0,0.008898073,0.09149469435214996,0.7670000195503235,0.7616000175476074
YDR092W,YOR343C-A,0,0.008898073,0.09148377925157547,0.7670000195503235,0.7616999745368958
YGR046W,YBR200W-A,0,0.008898073,0.09147287160158157,0.7670000195503235,0.7617999911308289
YDL134C-A,YMR242C,0,0.008898073,0.09146196395158768,0.7670000195503235,0.761900007724762
YOR172W,YBR090C-A,0,0.008898073,0.09145105630159378,0.7670000195503235,0.7620000243186951
YPR110C,YDL134C-A,0,0.008898073,0.09144015610218048,0.7670000195503235,0.7620999813079834
YGL064C,YFL035C-A,0,0.008898073,0.09142925590276718,0.7670000195503235,0.7621999979019165
YPR143W,YFL018W-A,0,0.008898073,0.09141835570335388,0.7670000195503235,0.7623000144958496
YBL031W,YDR210W-C,0,0.008898073,0.09140746295452118,0.7670000195503235,0.7623999714851379
YDR210W-C,YNL216W,0,0.008898073,0.09139657020568848,0.7670000195503235,0.762499988079071
YCL005W-A,YOR258W,0,0.008898073,0.09138567745685577,0.7670000195503235,0.7626000046730042
YIL119C,YCL005W-A,0,0.008898073,0.09137479215860367,0.7670000195503235,0.7627000212669373
YIL022W,YFL035C-B,0,0.008898073,0.09136390686035156,0.7670000195503235,0.7627999782562256
YPR055W,YCL005W-A,0,0.008898073,0.09135302156209946,0.7670000195503235,0.7628999948501587
YKL138C-A,YIL018W,0,0.008898073,0.09134214371442795,0.7670000195503235,0.7630000114440918
YOR026W,YFL018W-A,0,0.008898073,0.09133126586675644,0.7670000195503235,0.7631000280380249
YAL030W,YOR343C-A,0,0.008898073,0.09132039546966553,0.7670000195503235,0.7631999850273132
YDL134C-A,YJL179W,0,0.008898073,0.09130952507257462,0.7670000195503235,0.7633000016212463
YCL005W-A,YGL139W,0,0.008898073,0.0912986546754837,0.7670000195503235,0.7634000182151794
YCL005W-A,YMR225C,0,0.008898073,0.09128779172897339,0.7670000195503235,0.7634999752044678
YKR095W-A,YGL027C,0,0.008898073,0.09127692133188248,0.7670000195503235,0.7635999917984009
YFL035C-B,YHR096C,0,0.008898073,0.09126606583595276,0.7670000195503235,0.763700008392334
YDL134C-A,YFL011W,0,0.008898073,0.09125520288944244,0.7670000195503235,0.7638000249862671
YOR262W,YOL086W-A,0,0.008898073,0.09124434739351273,0.7670000195503235,0.7638999819755554
YLR154W-C,YDR303C,0,0.008898073,0.0912334993481636,0.7670000195503235,0.7639999985694885
YFL035C-B,YBR119W,0,0.008898073,0.09122264385223389,0.7670000195503235,0.7641000151634216
YKR095W-A,YLR260W,0,0.008898073,0.09121179580688477,0.7670000195503235,0.76419997215271
YDL134C-A,YBR034C,0,0.008898073,0.09120094776153564,0.7670000195503235,0.7642999887466431
YKL138C-A,YDR098C-B,0,0.008898073,0.09119010716676712,0.7670000195503235,0.7644000053405762
YER123W,YDR210W-C,0,0.008898073,0.0911792665719986,0.7670000195503235,0.7645000219345093
YLR363C,YOR343C-A,0,0.008898073,0.09116843342781067,0.7670000195503235,0.7645999789237976
YIL064W,YKL138C-A,0,0.008898073,0.09115759283304214,0.7670000195503235,0.7646999955177307
YBR200W-A,YOR357C,0,0.008898073,0.09114675968885422,0.7670000195503235,0.7648000121116638
YDL235C,YOL086W-A,0,0.008898073,0.09113593399524689,0.7670000195503235,0.7649000287055969
YOR101W,YKL138C-A,0,0.008898073,0.09112510085105896,0.7670000195503235,0.7649999856948853
YBR003W,YOL086W-A,0,0.008898073,0.09111428260803223,0.7670000195503235,0.7651000022888184
YBR029C,YDR210W-C,0,0.008898073,0.0911034569144249,0.7670000195503235,0.7652000188827515
YDR150W,YER108C,0,0.008898073,0.09109263867139816,0.7670000195503235,0.7652999758720398
YJL026W,YDR210W-C,0,0.008898073,0.09108182042837143,0.7670000195503235,0.7653999924659729
YHR204W,YLR154W-C,0,0.008898073,0.0910710021853447,0.7670000195503235,0.765500009059906
YFL035C-A,YDR438W,0,0.008898073,0.09106019139289856,0.7670000195503235,0.7656000256538391
YLR352W,YOR343C-A,0,0.008898073,0.09104938060045242,0.7670000195503235,0.7656999826431274
YOR272W,YOL086W-A,0,0.008898073,0.09103857725858688,0.7670000195503235,0.7657999992370605
YLL018C-A,YBR090C-A,0,0.008898073,0.09102777391672134,0.7670000195503235,0.7659000158309937
YJR041C,YER053C-A,0,0.008898073,0.0910169705748558,0.7670000195503235,0.765999972820282
YOR383C,YDR210W-C,0,0.008898073,0.09100616723299026,0.7670000195503235,0.7660999894142151
YER142C,YOL086W-A,0,0.008898073,0.09099537134170532,0.7670000195503235,0.7662000060081482
YDL134C-A,YIR019C,0,0.008898073,0.09098457545042038,0.7670000195503235,0.7663000226020813
YNL031C,YDL134C-A,0,0.008898073,0.09097378700971603,0.7670000195503235,0.7663999795913696
YHL038C,YCL005W-A,0,0.008898073,0.09096299856901169,0.7670000195503235,0.7664999961853027
YKR089C,YOR343C-A,0,0.008898073,0.09095221012830734,0.7670000195503235,0.7666000127792358
YKL045W,YOL086W-A,0,0.008898073,0.0909414291381836,0.7670000195503235,0.766700029373169
YBR200W-A,YBL063W,0,0.008898073,0.09093064814805984,0.7670000195503235,0.7667999863624573
YCL012W,YDR135C,0,0.008898073,0.0909198671579361,0.7670000195503235,0.7669000029563904
YOL012C,YER053C-A,0,0.008898073,0.09090909361839294,0.7670000195503235,0.7670000195503235
YOL135C,YER053C-A,0,0.008898073,0.09089832007884979,0.7670000195503235,0.7670999765396118
YHL017W,YDR210W-C,0,0.008898073,0.09088754653930664,0.7670000195503235,0.7671999931335449
YDR398W,YLR154W-C,0,0.008898073,0.09087678045034409,0.7670000195503235,0.767300009727478
YBR065C,YKL138C-A,0,0.008898073,0.09086601436138153,0.7670000195503235,0.7674000263214111
YBL080C,YFL018W-A,0,0.008898073,0.09085524827241898,0.7670000195503235,0.7674999833106995
YFR034C,YER053C-A,0,0.008898073,0.09084448963403702,0.7670000195503235,0.7675999999046326
YBR200W-A,YHR110W,0,0.008898073,0.09083373099565506,0.7670000195503235,0.7677000164985657
YMR313C,YER053C-A,0,0.008898073,0.0908229723572731,0.7670000195503235,0.767799973487854
YPR003C,YOL086W-A,0,0.008898073,0.09081222116947174,0.7670000195503235,0.7678999900817871
YCR058C,YHL050C,0,0.008898073,0.09080146998167038,0.7670000195503235,0.7680000066757202
YLR361C,YFL018W-A,0,0.008898073,0.09079071879386902,0.7670000195503235,0.7681000232696533
YKL138C-A,YER178W,0,0.008898073,0.09077997505664825,0.7670000195503235,0.7681999802589417
YML127W,YOR343C-A,0,0.008898073,0.09076923131942749,0.7670000195503235,0.7682999968528748
YOR330C,YFL018W-A,0,0.008898073,0.09075848758220673,0.7670000195503235,0.7684000134468079
YKL033W,YCL005W-A,0,0.008898073,0.09074775129556656,0.7670000195503235,0.7684999704360962
YBR200W-A,YCR038C,0,0.008898073,0.09073701500892639,0.7670000195503235,0.7685999870300293
YDR513W,YER053C-A,0,0.008898073,0.09072628617286682,0.7670000195503235,0.7687000036239624
YBR200W-A,YGL049C,0,0.008898073,0.09071554988622665,0.7670000195503235,0.7688000202178955
YBR233W-A,YPR141C,0,0.008898073,0.09070482850074768,0.7670000195503235,0.7688999772071838
YDL105W,YOR343C-A,0,0.008898073,0.09069409966468811,0.7670000195503235,0.7689999938011169
YAL030W,YER053C-A,0,0.008898073,0.09068337827920914,0.7670000195503235,0.76910001039505
YBR200W-A,YFL018W-A,0,0.008898073,0.09067265689373016,0.7670000195503235,0.7692000269889832
YCL005W-A,YDR246W,0,0.008898073,0.09066193550825119,0.7670000195503235,0.7692999839782715
YFL018W-A,YCR063W,0,0.008898073,0.09065122157335281,0.7670000195503235,0.7694000005722046
YML102W,YOL086W-A,0,0.008898073,0.09064050763845444,0.7670000195503235,0.7695000171661377
YFR014C,YOL086W-A,0,0.008898073,0.09062980115413666,0.7670000195503235,0.769599974155426
YFL035C-B,YGR283C,0,0.008898073,0.09061909466981888,0.7670000195503235,0.7696999907493591
YML092C,YFL035C-A,0,0.008898073,0.0906083881855011,0.7670000195503235,0.7698000073432922
YHL028W,YFL035C-A,0,0.008898073,0.09059768170118332,0.7670000195503235,0.7699000239372253
YIL154C,YER053C-A,0,0.008898073,0.09058698266744614,0.7670000195503235,0.7699999809265137
YOL086W-A,YDL102W,0,0.008898073,0.09057628363370895,0.7670000195503235,0.7700999975204468
YCL005W-A,YHR006W,0,0.008898073,0.09056559205055237,0.7670000195503235,0.7702000141143799
YBR200W-A,YPL173W,0,0.008898073,0.09055490046739578,0.7670000195503235,0.7702999711036682
YMR053C,YFL018W-A,0,0.008898073,0.0905442088842392,0.7670000195503235,0.7703999876976013
YEL019C,YJL133C-A,0,0.008898073,0.09053352475166321,0.7670000195503235,0.7705000042915344
YDR210W-C,YHL035C,0,0.008898073,0.09052284061908722,0.7670000195503235,0.7706000208854675
YLR154W-C,YIL130W,0,0.008898073,0.09051215648651123,0.7670000195503235,0.7706999778747559
YOL086W-A,YDR317W,0,0.008898073,0.09050147235393524,0.7670000195503235,0.770799994468689
YCL017C,YLR154W-C,0,0.008898073,0.09049079567193985,0.7670000195503235,0.7709000110626221
YGR082W,YOL086W-A,0,0.008898073,0.09048011898994446,0.7670000195503235,0.7710000276565552
YPL116W,YCL005W-A,0,0.008898073,0.09046944975852966,0.7670000195503235,0.7710999846458435
YHR113W,YLR154W-C,0,0.008898073,0.09045878052711487,0.7670000195503235,0.7712000012397766
YDR098C-A,YCR058C,0,0.008898073,0.09044811129570007,0.7670000195503235,0.7713000178337097
YDL134C-A,YPL100W,0,0.008898073,0.09043744951486588,0.7670000195503235,0.771399974822998
YCL005W-A,YOR132W,0,0.008898073,0.09042678773403168,0.7670000195503235,0.7714999914169312
YNL054W,YKL138C-A,0,0.008898073,0.09041612595319748,0.7670000195503235,0.7716000080108643
YMR076C,YFL035C-B,0,0.008898073,0.09040547162294388,0.7670000195503235,0.7717000246047974
YKL138C-A,YOR259C,0,0.008898073,0.09039481729269028,0.7670000195503235,0.7717999815940857
YPL021W,YFL035C-A,0,0.008898073,0.09038416296243668,0.7670000195503235,0.7718999981880188
YKL138C-A,YDR021W,0,0.008898073,0.09037351608276367,0.7670000195503235,0.7720000147819519
YBR130C,YFL018W-A,0,0.008898073,0.09036286175251007,0.7670000195503235,0.7720999717712402
YLR377C,YKL138C-A,0,0.008898073,0.09035222232341766,0.7670000195503235,0.7721999883651733
YJL133C-A,YML057W,0,0.008898073,0.09034157544374466,0.7670000195503235,0.7723000049591064
YCL005W-A,YOR273C,0,0.008898073,0.09033093601465225,0.7670000195503235,0.7724000215530396
YML031W,YOL086W-A,0,0.008898073,0.09032030403614044,0.7670000195503235,0.7724999785423279
YGL025C,YFL018W-A,0,0.008898073,0.09030966460704803,0.7670000195503235,0.772599995136261
YDL134C-A,YOL126C,0,0.008898073,0.09029903262853622,0.7670000195503235,0.7727000117301941
YPL168W,YOR343C-A,0,0.008898073,0.09028840810060501,0.7670000195503235,0.7728000283241272
YDR210W-C,YLR435W,0,0.008898073,0.0902777761220932,0.7670000195503235,0.7728999853134155
YGL196W,YGL192W,0,0.008773369,0.09026715159416199,0.7670000195503235,0.7730000019073486
YNL294C,YKL077W,0,0.008762491,0.09025653451681137,0.7670000195503235,0.7731000185012817
YPR186C,YDR448W,1,0.00869636,0.09036356955766678,0.7680000066757202,0.7731000185012817
YLL031C,YOR019W,0,0.008615789,0.09035293757915497,0.7680000066757202,0.7731999754905701
YDR098C-B,YLR313C,0,0.008521591,0.09034231305122375,0.7680000066757202,0.7732999920845032
YDR471W,YER123W,0,0.008404982,0.09033168852329254,0.7680000066757202,0.7734000086784363
YER028C,YML015C,1,0.008399666,0.09043867141008377,0.7689999938011169,0.7734000086784363
YGL144C,YGR040W,0,0.008393054,0.09042803198099136,0.7689999938011169,0.7735000252723694
YBR279W,YLR363C,0,0.008386689,0.09041740000247955,0.7689999938011169,0.7735999822616577
YJL179W,YOL095C,0,0.008330886,0.09040676802396774,0.7689999938011169,0.7736999988555908
YOL154W,YMR048W,0,0.008329154,0.09039614349603653,0.7689999938011169,0.7738000154495239
YDR098C-A,YJL181W,0,0.008322786,0.09038551896810532,0.7689999938011169,0.7738999724388123
YIL119C,YGL167C,0,0.008313579,0.0903748944401741,0.7689999938011169,0.7739999890327454
YPL043W,YPL168W,0,0.0082712965,0.09036427736282349,0.7689999938011169,0.7741000056266785
YOR194C,YDR079C-A,1,0.008196765,0.09047115594148636,0.7699999809265137,0.7741000056266785
YDR079C-A,YGL112C,1,0.008168516,0.09057800471782684,0.7710000276565552,0.7741000056266785
YGL196W,YHL006C,0,0.008154635,0.09056736528873444,0.7710000276565552,0.7742000222206116
YGL166W,YDR079C-A,1,0.008098873,0.09067418426275253,0.7720000147819519,0.7742000222206116
YFR031C-A,YGL087C,0,0.0080682235,0.09066353738307953,0.7720000147819519,0.7742999792098999
YDR079C-A,YNL314W,1,0.0079448195,0.09077031165361404,0.7730000019073486,0.7742999792098999
YGR246C,YDR079C-A,1,0.007933867,0.09087707102298737,0.7739999890327454,0.7742999792098999
YDL175C,YDR204W,0,0.007895472,0.09086640179157257,0.7739999890327454,0.774399995803833
YER072W,YCL012W,0,0.007837956,0.09085573256015778,0.7739999890327454,0.7745000123977661
YDL189W,YER023W,0,0.007826735,0.09084507077932358,0.7739999890327454,0.7746000289916992
YER028C,YDR079C-A,1,0.007823125,0.09095176309347153,0.7749999761581421,0.7746000289916992
YLR367W,YCR063W,0,0.0077422755,0.09094109386205673,0.7749999761581421,0.7746999859809875
YGR205W,YPR169W,0,0.007698928,0.09093042463064194,0.7749999761581421,0.7748000025749207
YDR145W,YPL115C,0,0.007638571,0.09091975539922714,0.7749999761581421,0.7749000191688538
YHR113W,YLR382C,0,0.007472967,0.09090909361839294,0.7749999761581421,0.7749999761581421
YDR122W,YDR289C,0,0.007467759,0.09089843183755875,0.7749999761581421,0.7750999927520752
YBR208C,YLR175W,0,0.0074543254,0.09088777005672455,0.7749999761581421,0.7752000093460083
YJR117W,YPL224C,0,0.0074448036,0.09087710827589035,0.7749999761581421,0.7753000259399414
YGL244W,YDR079C-A,1,0.007350308,0.09098370373249054,0.7760000228881836,0.7753000259399414
YPR008W,YOL103W-A,0,0.0072728163,0.09097303450107574,0.7760000228881836,0.7753999829292297
YDR004W,YMR125W,0,0.0072649466,0.09096237272024155,0.7760000228881836,0.7754999995231628
YBR131W,YDL087C,0,0.007173729,0.09095171093940735,0.7760000228881836,0.775600016117096
YHR205W,YPL056C,0,0.007163708,0.09094104915857315,0.7760000228881836,0.7756999731063843
YER007C-A,YOL084W,0,0.007117185,0.09093039482831955,0.7760000228881836,0.7757999897003174
YKL155C,YLR249W,0,0.007038613,0.09091974049806595,0.7760000228881836,0.7759000062942505
YOR119C,YGR161W-A,0,0.0070107775,0.09090909361839294,0.7760000228881836,0.7760000228881836
YNL194C,YOR249C,0,0.006967102,0.09089843928813934,0.7760000228881836,0.7760999798774719
YHR079C-B,YPL010W,0,0.0066488376,0.09088779240846634,0.7760000228881836,0.776199996471405
YNL145W,YLR360W,0,0.0066058906,0.09087715297937393,0.7760000228881836,0.7763000130653381
YJR117W,YDR023W,0,0.0066031264,0.09086651355028152,0.7760000228881836,0.7764000296592712
YIL036W,YBR233W-A,0,0.0066013103,0.09085587412118912,0.7760000228881836,0.7764999866485596
YNL045W,YGR129W,0,0.006577705,0.09084523469209671,0.7760000228881836,0.7766000032424927
YLR185W,YDL087C,0,0.0065320255,0.0908346027135849,0.7760000228881836,0.7767000198364258
YJL021C,YHR113W,0,0.0065171616,0.09082397073507309,0.7760000228881836,0.7767999768257141
YNL284C-B,YHR146W,0,0.0064527495,0.09081333875656128,0.7760000228881836,0.7768999934196472
YIL154C,YDR122W,0,0.006380775,0.09080271422863007,0.7760000228881836,0.7770000100135803
YFR040W,YGL194C,0,0.006372568,0.09079208970069885,0.7760000228881836,0.7771000266075134
YHR158C,YGL061C,0,0.0063238787,0.09078147262334824,0.7760000228881836,0.7771999835968018
YDR362C,YMR227C,1,0.006291096,0.09088782221078873,0.7770000100135803,0.7771999835968018
YPL075W,YDL123W,0,0.0062682377,0.09087719023227692,0.7770000100135803,0.7773000001907349
YER040W,YDR395W,0,0.0062412294,0.0908665657043457,0.7770000100135803,0.777400016784668
YOR330C,YBR100W,0,0.006237493,0.09085594117641449,0.7770000100135803,0.7774999737739563
YOR177C,YDR300C,0,0.006228042,0.09084531664848328,0.7770000100135803,0.7775999903678894
YGR078C,YNR030W,0,0.0061906474,0.09083469957113266,0.7770000100135803,0.7777000069618225
YPL007C,YEL009C,1,0.006124762,0.09094096720218658,0.777999997138977,0.7777000069618225
YPR175W,YLR196W,0,0.006065731,0.09093034267425537,0.777999997138977,0.7778000235557556
YML101C,YCL012W,0,0.0060571535,0.09091971814632416,0.777999997138977,0.777899980545044
YEL048C,YFR030W,0,0.0060184123,0.09090909361839294,0.777999997138977,0.777999997138977
YJR052W,YHR079C-B,0,0.0059559373,0.09089846909046173,0.777999997138977,0.7781000137329102
YJL174W,YGR109W-A,0,0.0058689127,0.09088785201311111,0.777999997138977,0.7781999707221985
YGL104C,YLR435W,0,0.005859663,0.0908772349357605,0.777999997138977,0.7782999873161316
YHR099W,YGR186W,1,0.0058049606,0.09098341315984726,0.7789999842643738,0.7782999873161316
YDR108W,YGR161C-D,0,0.005758335,0.09097278863191605,0.7789999842643738,0.7784000039100647
YPL122C,YDR079C-A,1,0.005695791,0.09107893705368042,0.7799999713897705,0.7784000039100647
YNL263C,YLR001C,0,0.005374209,0.09106829762458801,0.7799999713897705,0.7785000205039978
YGR005C,YDL108W,1,0.0052816765,0.0911744087934494,0.781000018119812,0.7785000205039978
YBR233W-A,YOR059C,0,0.0052564824,0.091163769364357,0.781000018119812,0.7785999774932861
YNL076W,YER108C,0,0.005196468,0.09115312993526459,0.781000018119812,0.7786999940872192
YNL145W,YDL117W,0,0.005052251,0.09114249050617218,0.781000018119812,0.7788000106811523
YMR081C,YPL225W,0,0.004988429,0.09113185852766037,0.781000018119812,0.7789000272750854
YIL013C,YHL031C,0,0.0049268277,0.09112121909856796,0.781000018119812,0.7789999842643738
YML107C,YJR117W,0,0.0049017416,0.09111059457063675,0.781000018119812,0.7791000008583069
YOR002W,YDR435C,0,0.0048877327,0.09109996259212494,0.781000018119812,0.77920001745224
YBR029C,YJL094C,0,0.0048477547,0.09108933806419373,0.781000018119812,0.7792999744415283
YBL031W,YLR220W,0,0.004828858,0.09107871353626251,0.781000018119812,0.7793999910354614
YIL053W,YAL030W,0,0.004797918,0.0910680964589119,0.781000018119812,0.7795000076293945
YNL045W,YHR118C,0,0.0047069388,0.09105747938156128,0.781000018119812,0.7796000242233276
YLR417W,YDL117W,0,0.0047011124,0.09104686230421066,0.781000018119812,0.779699981212616
YPR003C,YPL189W,0,0.0046924325,0.09103625267744064,0.781000018119812,0.7797999978065491
YPL171C,YKL069W,0,0.004684006,0.09102564305067062,0.781000018119812,0.7799000144004822
YGL244W,YER045C,1,0.004679163,0.09113156795501709,0.7820000052452087,0.7799000144004822
YHR194W,YER167W,0,0.0046425136,0.09112095087766647,0.7820000052452087,0.7799999713897705
YHR111W,YBR094W,0,0.0045357393,0.09111033380031586,0.7820000052452087,0.7800999879837036
YDR292C,YEL044W,0,0.0045174854,0.09109971672296524,0.7820000052452087,0.7802000045776367
YJL021C,YCR105W,0,0.004511866,0.09108910709619522,0.7820000052452087,0.7803000211715698
YPR114W,YPL173W,0,0.0045093196,0.0910784974694252,0.7820000052452087,0.7803999781608582
YLR019W,YDL211C,0,0.0044669556,0.09106789529323578,0.7820000052452087,0.7804999947547913
YBR189W,YGR030C,0,0.004379113,0.09105728566646576,0.7820000052452087,0.7806000113487244
YDR513W,YNR019W,0,0.0042664306,0.09104669094085693,0.7820000052452087,0.7807000279426575
YIL143C,YPL202C,1,0.004146409,0.09115250408649445,0.7829999923706055,0.7807000279426575
YDR167W,YMR236W,1,0.004098055,0.09125829488039017,0.7839999794960022,0.7807000279426575
YDR098C-A,YDR075W,0,0.004060236,0.09124767035245895,0.7839999794960022,0.7807999849319458
YGL028C,YKL069W,0,0.0040374147,0.09123705327510834,0.7839999794960022,0.7809000015258789
YKR077W,YHR014W,0,0.0040359283,0.09122643619775772,0.7839999794960022,0.781000018119812
YMR015C,YHL015W,0,0.0039660716,0.0912158265709877,0.7839999794960022,0.7810999751091003
YJR102C,YOR113W,0,0.0039020525,0.09120520949363708,0.7839999794960022,0.7811999917030334
YER028C,YOR101W,0,0.0038973512,0.09119459986686707,0.7839999794960022,0.7813000082969666
YMR175W,YOR358W,0,0.0037510889,0.09118399769067764,0.7839999794960022,0.7814000248908997
YCR036W,YDR365W-A,0,0.0037127715,0.09117339551448822,0.7839999794960022,0.781499981880188
YDR362C,YER045C,1,0.0037030177,0.09127906709909439,0.7850000262260437,0.781499981880188
YDR009W,YOR136W,0,0.0036473768,0.09126845747232437,0.7850000262260437,0.7815999984741211
YKL026C,YAL011W,0,0.0036037946,0.09125784784555435,0.7850000262260437,0.7817000150680542
YAL001C,YML069W,1,0.0035571652,0.09136347472667694,0.7860000133514404,0.7817000150680542
YDR377W,YPL215W,0,0.0034484686,0.09135285764932632,0.7860000133514404,0.7817999720573425
YLL053C,YLR200W,0,0.0033937069,0.09134224057197571,0.7860000133514404,0.7818999886512756
YCL012W,YER081W,0,0.0033772616,0.09133163094520569,0.7860000133514404,0.7820000052452087
YJR049C,YOR227W,0,0.003345375,0.09132102131843567,0.7860000133514404,0.7821000218391418
YHR154W,YNR059W,0,0.0032300847,0.09131041169166565,0.7860000133514404,0.7821999788284302
YBR295W,YBR100W,0,0.0031684889,0.09129980206489563,0.7860000133514404,0.7822999954223633
YOL096C,YEL044W,0,0.0031572627,0.09128919988870621,0.7860000133514404,0.7824000120162964
YIL119C,YML082W,0,0.0030996846,0.09127859771251678,0.7860000133514404,0.7825000286102295
YKL063C,YKR099W,0,0.0029931003,0.09126799553632736,0.7860000133514404,0.7825999855995178
YBR091C,YER167W,0,0.0029661702,0.09125740081071854,0.7860000133514404,0.7827000021934509
YJR120W,YDR316W-B,0,0.0028105425,0.09124680608510971,0.7860000133514404,0.782800018787384
YHR149C,YEL027W,0,0.0027118074,0.09123621881008148,0.7860000133514404,0.7828999757766724
YDR441C,YIR026C,0,0.0026777731,0.09122562408447266,0.7860000133514404,0.7829999923706055
YCR005C,YBR149W,0,0.002636035,0.09121503680944443,0.7860000133514404,0.7831000089645386
YBR279W,YLR345W,0,0.0026220279,0.0912044569849968,0.7860000133514404,0.7832000255584717
YNL025C,YBR086C,0,0.0025000768,0.09119387716054916,0.7860000133514404,0.78329998254776
YLR367W,YOR258W,0,0.002479379,0.09118329733610153,0.7860000133514404,0.7833999991416931
YDR407C,YCR005C,0,0.002405026,0.0911727175116539,0.7860000133514404,0.7835000157356262
YMR227C,YER148W,1,0.002370377,0.09127812832593918,0.7870000004768372,0.7835000157356262
YBR233W-A,YML011C,0,0.0023603197,0.09126754105091095,0.7870000004768372,0.7835999727249146
YBL087C,YLR060W,0,0.002299224,0.09125695377588272,0.7870000004768372,0.7836999893188477
YDR430C,YLR248W,0,0.0022035735,0.09124637395143509,0.7870000004768372,0.7838000059127808
YGR005C,YML069W,1,0.0021727728,0.09135172516107559,0.7879999876022339,0.7838000059127808
YLR023C,YGL219C,0,0.0021691667,0.09134113788604736,0.7879999876022339,0.7839000225067139
YNL221C,YGR161C-D,0,0.0021502385,0.09133055061101913,0.7879999876022339,0.7839999794960022
YGR005C,YLR399C,1,0.0021182047,0.09143585711717606,0.7889999747276306,0.7839999794960022
YBR153W,YJL021C,0,0.002067293,0.09142526239156723,0.7889999747276306,0.7840999960899353
YIL030C,YNL065W,0,0.0020347284,0.0914146676659584,0.7889999747276306,0.7842000126838684
YPL122C,YAL001C,1,0.0019511478,0.09151992946863174,0.7900000214576721,0.7842000126838684
YDR021W,YBR193C,0,0.001706806,0.09150932729244232,0.7900000214576721,0.7843000292778015
YOL011W,YDL145C,0,0.0016918471,0.0914987251162529,0.7900000214576721,0.7843999862670898
YGR046W,YOR032C,0,0.0016628252,0.09148813039064407,0.7900000214576721,0.784500002861023
YLR382C,YHR214C-C,0,0.0016149497,0.09147753566503525,0.7900000214576721,0.784600019454956
YLR085C,YPR158W-B,0,0.001543195,0.09146694093942642,0.7900000214576721,0.7846999764442444
YNL183C,YPR017C,0,0.0015091943,0.0914563536643982,0.7900000214576721,0.7847999930381775
YLR085C,YOL144W,0,0.0014801519,0.09144576638936996,0.7900000214576721,0.7849000096321106
YNL284C-B,YBR028C,0,0.0014341427,0.09143518656492233,0.7900000214576721,0.7850000262260437
YHR118C,YDR365W-A,0,0.0013476852,0.0914246067404747,0.7900000214576721,0.785099983215332
YGR109W-A,YPL173W,0,0.0012388388,0.09141402691602707,0.7900000214576721,0.7851999998092651
YDL134C,YLR435W,0,0.0011758776,0.09140344709157944,0.7900000214576721,0.7853000164031982
YPR057W,YML047C,0,0.0010661231,0.0913928747177124,0.7900000214576721,0.7853999733924866
YPL141C,YDL100C,0,0.0010359744,0.09138230234384537,0.7900000214576721,0.7854999899864197
YGR057C,YGL238W,0,0.0010230811,0.09137172996997833,0.7900000214576721,0.7856000065803528
YGR254W,YMR230W,0,0.0009601163,0.0913611650466919,0.7900000214576721,0.7857000231742859
YDL220C,YPL097W,0,0.00093140174,0.09135060012340546,0.7900000214576721,0.7857999801635742
YPL126W,YGR165W,0,0.0009029852,0.09134004265069962,0.7900000214576721,0.7858999967575073
YLR413W,YHR079C-B,0,0.00087724533,0.09132947772741318,0.7900000214576721,0.7860000133514404
YDR127W,YNR053C,0,0.0007753866,0.09131892025470734,0.7900000214576721,0.7860999703407288
YER028C,YDR406W,0,0.00072236825,0.09130837023258209,0.7900000214576721,0.7861999869346619
YOR049C,YHR079C-B,0,0.0005858103,0.09129781275987625,0.7900000214576721,0.786300003528595
YOR119C,YBL008W,0,0.0005550878,0.09128726273775101,0.7900000214576721,0.7864000201225281
YGL076C,YKL054C,0,0.00044865627,0.09127672016620636,0.7900000214576721,0.7864999771118164
YKR053C,YER108C,0,0.00044157077,0.09126617014408112,0.7900000214576721,0.7865999937057495
YGR103W,YER127W,0,0.00042839814,0.09125562757253647,0.7900000214576721,0.7867000102996826
YOR087W,YJR048W,0,0.00027573947,0.09124509245157242,0.7900000214576721,0.7868000268936157
YBL008W,YFL011W,0,0.00025340263,0.09123455733060837,0.7900000214576721,0.786899983882904
YLR227W-A,YDR292C,0,0.00024959538,0.09122401475906372,0.7900000214576721,0.7870000004768372
YOR372C,YKR052C,0,0.00015554298,0.09121348708868027,0.7900000214576721,0.7871000170707703
YGR005C,YDR079C-A,1,0.00015514717,0.09131839871406555,0.7910000085830688,0.7871000170707703
YPL100W,YML082W,0,0.000121002086,0.0913078635931015,0.7910000085830688,0.7871999740600586
YJL021C,YBL038W,0,4.1387044e-05,0.09129732102155685,0.7910000085830688,0.7872999906539917
YMR243C,YCL012W,0,1.3873912e-05,0.0912867859005928,0.7910000085830688,0.7874000072479248
YKR078W,YHR035W,0,-0.000118727796,0.09127625077962875,0.7910000085830688,0.7875000238418579
YHL038C,YOR156C,0,-0.00012865197,0.0912657231092453,0.7910000085830688,0.7875999808311462
YLR085C,YKL185W,0,-0.0001835404,0.09125518798828125,0.7910000085830688,0.7876999974250793
YLR083C,YLR451W,0,-0.0002553938,0.0912446677684784,0.7910000085830688,0.7878000140190125
YMR322C,YBR100W,0,-0.0002631517,0.09123414009809494,0.7910000085830688,0.7878999710083008
YAL002W,YDR190C,0,-0.00027957093,0.09122361987829208,0.7910000085830688,0.7879999876022339
YNL156C,YDR246W,0,-0.00031218957,0.09121309965848923,0.7910000085830688,0.788100004196167
YDR210C-D,YLR361C,0,-0.00038252212,0.09120257943868637,0.7910000085830688,0.7882000207901001
YPR133C,YBR100W,0,-0.00041299965,0.09119206666946411,0.7910000085830688,0.7882999777793884
YBR090C-A,YMR322C,0,-0.0004405072,0.09118155390024185,0.7910000085830688,0.7883999943733215
YNL137C,YPR010C,0,-0.0004827259,0.09117104858160019,0.7910000085830688,0.7885000109672546
YPL116W,YOR002W,0,-0.0005099876,0.09116053581237793,0.7910000085830688,0.7886000275611877
YDR430C,YOL103W-A,0,-0.0006364947,0.09115003794431686,0.7910000085830688,0.7886999845504761
YDR079C-A,YGL043W,1,-0.0007902412,0.09125475585460663,0.7919999957084656,0.7886999845504761
YLR083C,YKL043W,0,-0.00087866466,0.09124424308538437,0.7919999957084656,0.7888000011444092
YGR099W,YCR016W,0,-0.00091577973,0.09123373031616211,0.7919999957084656,0.7889000177383423
YLR399C,YKL028W,1,-0.0009336127,0.09133840352296829,0.7929999828338623,0.7889000177383423
YHR110W,YDR359C,0,-0.0009650579,0.09132788330316544,0.7929999828338623,0.7889999747276306
YBR090C-A,YDL149W,0,-0.0010005189,0.09131736308336258,0.7929999828338623,0.7890999913215637
YOR060C,YNL063W,0,-0.001034285,0.09130685031414032,0.7929999828338623,0.7892000079154968
YPR017C,YER038C,0,-0.0011268212,0.09129633754491806,0.7929999828338623,0.7893000245094299
YOR087W,YIR031C,0,-0.0011490313,0.0912858322262764,0.7929999828338623,0.7893999814987183
YLR185W,YER108C,0,-0.0012156358,0.09127531945705414,0.7929999828338623,0.7894999980926514
YOR081C,YMR125W,0,-0.0012513502,0.09126481413841248,0.7929999828338623,0.7896000146865845
YLR333C,YGR245C,0,-0.0012969477,0.09125431627035141,0.7929999828338623,0.7896999716758728
YBR233W-A,YNL055C,0,-0.0013611242,0.09124381840229034,0.7929999828338623,0.7897999882698059
YKL043W,YML102W,0,-0.0013793511,0.09123332053422928,0.7929999828338623,0.789900004863739
YHR099W,YJL011C,1,-0.001443374,0.09133785963058472,0.7940000295639038,0.789900004863739
YEL001C,YCL054W,0,-0.0016425429,0.09132735431194305,0.7940000295639038,0.7900000214576721
YLR239C,YOR330C,0,-0.0016446514,0.09131684899330139,0.7940000295639038,0.7900999784469604
YEL020W-A,YJL094C,0,-0.0016622497,0.09130635112524033,0.7940000295639038,0.7901999950408936
YOR101W,YDR098C-B,0,-0.0018263841,0.09129584580659866,0.7940000295639038,0.7903000116348267
YJL054W,YKL079W,0,-0.001861277,0.0912853553891182,0.7940000295639038,0.7904000282287598
YCR091W,YML127W,0,-0.0018859794,0.09127485752105713,0.7940000295639038,0.7904999852180481
YKL062W,YDR434W,0,-0.0021094335,0.09126436710357666,0.7940000295639038,0.7906000018119812
YKL026C,YOR136W,0,-0.002158205,0.09125387668609619,0.7940000295639038,0.7907000184059143
YOL020W,YDL145C,0,-0.002225156,0.09124339371919632,0.7940000295639038,0.7907999753952026
YDR323C,YBL014C,0,-0.002281244,0.09123291075229645,0.7940000295639038,0.7908999919891357
YDR227W,YBR003W,0,-0.0023097647,0.09122242778539658,0.7940000295639038,0.7910000085830688
YOR004W,YOR059C,0,-0.0023122383,0.0912119448184967,0.7940000295639038,0.791100025177002
YOL059W,YOR195W,0,-0.002362701,0.09120146930217743,0.7940000295639038,0.7911999821662903
YOL089C,YDR079C-A,1,-0.0023855874,0.09130584448575974,0.7950000166893005,0.7911999821662903
YLR223C,YLR361C,0,-0.0023924215,0.09129536151885986,0.7950000166893005,0.7912999987602234
YDR323C,YDR178W,0,-0.002430859,0.09128487855195999,0.7950000166893005,0.7914000153541565
YCR107W,YDR422C,0,-0.0024630511,0.09127439558506012,0.7950000166893005,0.7914999723434448
YPR158W-B,YKL005C,0,-0.0024866331,0.09126392006874084,0.7950000166893005,0.7915999889373779
YDL087C,YDR284C,0,-0.0027051969,0.09125344455242157,0.7950000166893005,0.791700005531311
YPR067W,YKL081W,0,-0.0028278222,0.0912429690361023,0.7950000166893005,0.7918000221252441
YGL073W,YHR169W,0,-0.0029485011,0.09123250097036362,0.7950000166893005,0.7918999791145325
YCR045C,YDR160W,0,-0.0029507754,0.09122203290462494,0.7950000166893005,0.7919999957084656
YOR090C,YPR131C,0,-0.0031034676,0.09121156483888626,0.7950000166893005,0.7921000123023987
YOL098C,YBR153W,0,-0.0031064255,0.09120110422372818,0.7950000166893005,0.7922000288963318
YIL154C,YEL027W,0,-0.0031636236,0.0911906436085701,0.7950000166893005,0.7922999858856201
YAL001C,YDR079C-A,1,-0.0032351501,0.09129486978054047,0.7960000038146973,0.7922999858856201
YBL063W,YLR058C,0,-0.0032991646,0.09128440171480179,0.7960000038146973,0.7924000024795532
YDR098C-A,YIL018W,0,-0.0033616265,0.09127393364906311,0.7960000038146973,0.7925000190734863
YBL035C,YCR024C,0,-0.0033873348,0.09126347303390503,0.7960000038146973,0.7925999760627747
YDL220C,YPL156C,0,-0.0035370244,0.09125301241874695,0.7960000038146973,0.7926999926567078
YGL006W,YBR090C-A,0,-0.0035403697,0.09124255180358887,0.7960000038146973,0.7928000092506409
YKL197C,YNL063W,0,-0.0035903929,0.09123209118843079,0.7960000038146973,0.792900025844574
YGL053W,YPL179W,0,-0.0036014123,0.0912216380238533,0.7960000038146973,0.7929999828338623
YNL132W,YDL145C,0,-0.0036230339,0.09121118485927582,0.7960000038146973,0.7930999994277954
YGL104C,YJL096W,0,-0.0036769463,0.09120073169469833,0.7960000038146973,0.7932000160217285
YCL001W,YPL018W,0,-0.0036846055,0.09119028598070145,0.7960000038146973,0.7932999730110168
YGR103W,YLR061W,0,-0.0037269993,0.09117984026670456,0.7960000038146973,0.79339998960495
YGR078C,YGL107C,0,-0.0037468253,0.09116939455270767,0.7960000038146973,0.7935000061988831
YOR247W,YML016C,0,-0.0037931083,0.09115895628929138,0.7960000038146973,0.7936000227928162
YMR041C,YOL103W-A,0,-0.003865893,0.09114851802587509,0.7960000038146973,0.7936999797821045
YFL025C,YOL121C,0,-0.0038951365,0.0911380797624588,0.7960000038146973,0.7937999963760376
YMR053C,YOL135C,0,-0.003906763,0.09112764894962311,0.7960000038146973,0.7939000129699707
YBR233W-A,YAL011W,0,-0.0039299624,0.09111721813678741,0.7960000038146973,0.7940000295639038
YEL005C,YIL052C,0,-0.003978013,0.09110678732395172,0.7960000038146973,0.7940999865531921
YGL142C,YLR284C,0,-0.00400865,0.09109636396169662,0.7960000038146973,0.7942000031471252
YNL062C,YER108C,0,-0.004072928,0.09108593314886093,0.7960000038146973,0.7943000197410583
YDL243C,YNL176C,0,-0.004121854,0.09107551723718643,0.7960000038146973,0.7943999767303467
YNL288W,YOR335C,0,-0.0042769117,0.09106509387493134,0.7960000038146973,0.7944999933242798
YOL154W,YDR464W,0,-0.0042970804,0.09105467796325684,0.7960000038146973,0.7946000099182129
YOR004W,YML031W,0,-0.0043021515,0.09104426205158234,0.7960000038146973,0.794700026512146
YLR005W,YER045C,1,-0.0043541295,0.09114821255207062,0.796999990940094,0.794700026512146
YLR249W,YLR115W,0,-0.004423122,0.09113779664039612,0.796999990940094,0.7947999835014343
YOL009C,YNL173C,0,-0.0044402434,0.09112737327814102,0.796999990940094,0.7949000000953674
YNL318C,YJL212C,0,-0.004459298,0.09111695736646652,0.796999990940094,0.7950000166893005
YOR334W,YDL160C,0,-0.0046309857,0.09110654145479202,0.796999990940094,0.7950999736785889
YGR078C,YJL168C,0,-0.0046483306,0.09109612554311752,0.796999990940094,0.795199990272522
YDR412W,YBR100W,0,-0.004685999,0.09108571708202362,0.796999990940094,0.7953000068664551
YOR019W,YJL035C,0,-0.0046867346,0.09107530862092972,0.796999990940094,0.7954000234603882
YBR114W,YLR143W,0,-0.0047422005,0.09106490015983582,0.796999990940094,0.7954999804496765
YBR090C-A,YDR292C,0,-0.0047445754,0.09105449914932251,0.796999990940094,0.7955999970436096
YDR287W,YIL053W,0,-0.004807028,0.09104409068822861,0.796999990940094,0.7957000136375427
YNL222W,YDR079C-A,1,-0.004881342,0.09114791452884674,0.7979999780654907,0.7957000136375427
YDR129C,YML057W,0,-0.0049570305,0.09113750606775284,0.7979999780654907,0.795799970626831
YML114C,YDR079C-A,1,-0.0049608215,0.09124129265546799,0.7990000247955322,0.795799970626831
YKL052C,YPL006W,0,-0.0049978597,0.09123087674379349,0.7990000247955322,0.7958999872207642
YDR372C,YHR079C-B,0,-0.005026453,0.09122046083211899,0.7990000247955322,0.7960000038146973
YMR053C,YHL006C,0,-0.0050321696,0.09121004492044449,0.7990000247955322,0.7961000204086304
YJL174W,YGL096W,0,-0.0050332053,0.09119963645935059,0.7990000247955322,0.7961999773979187
YJL174W,YPL175W,0,-0.0051109297,0.09118922799825668,0.7990000247955322,0.7962999939918518
YGL067W,YDR188W,0,-0.0052586896,0.09117881953716278,0.7990000247955322,0.7964000105857849
YHR148W,YGL167C,0,-0.005289401,0.09116841852664948,0.7990000247955322,0.796500027179718
YER176W,YGR161C-D,0,-0.0052971793,0.09115801751613617,0.7990000247955322,0.7965999841690063
YJL127C,YNL123W,0,-0.005368094,0.09114761650562286,0.7990000247955322,0.7967000007629395
YGR178C,YDL220C,0,-0.005393083,0.09113721549510956,0.7990000247955322,0.7968000173568726
YFL056C,YIL107C,0,-0.0053937538,0.09112682193517685,0.7990000247955322,0.7968999743461609
YPR034W,YDR098C-B,0,-0.005420259,0.09111643582582474,0.7990000247955322,0.796999990940094
YHR148W,YDR098C-B,0,-0.005468785,0.09110604226589203,0.7990000247955322,0.7971000075340271
YDR129C,YPR180W,0,-0.005499403,0.09109565615653992,0.7990000247955322,0.7972000241279602
YBR181C,YMR207C,0,-0.005615446,0.0910852700471878,0.7990000247955322,0.7972999811172485
YJR123W,YNL038W,0,-0.00562835,0.09107489138841629,0.7990000247955322,0.7973999977111816
YDR343C,YDR464W,0,-0.0056472225,0.09106450527906418,0.7990000247955322,0.7975000143051147
YDL098C,YLR196W,0,-0.005729216,0.09105413407087326,0.7990000247955322,0.7975999712944031
YCR086W,YBR162W-A,0,-0.005825962,0.09104375541210175,0.7990000247955322,0.7976999878883362
YCR086W,YFR034C,0,-0.0058583533,0.09103338420391083,0.7990000247955322,0.7978000044822693
YER041W,YGR120C,0,-0.005917999,0.09102301299571991,0.7990000247955322,0.7979000210762024
YKL028W,YNL039W,1,-0.006016149,0.09112655371427536,0.800000011920929,0.7979000210762024
YKL149C,YIL144W,0,-0.006113435,0.09111617505550385,0.800000011920929,0.7979999780654907
YGR165W,YIL130W,0,-0.006167005,0.09110579639673233,0.800000011920929,0.7980999946594238
YMR048W,YNL054W,0,-0.006182204,0.09109542518854141,0.800000011920929,0.7982000112533569
YOL121C,YGL171W,0,-0.006258364,0.0910850539803505,0.800000011920929,0.79830002784729
YEL020W-A,YIR031C,0,-0.0062758243,0.09107468277215958,0.800000011920929,0.7983999848365784
YPL145C,YGL049C,0,-0.006311978,0.09106431156396866,0.800000011920929,0.7985000014305115
YNL190W,YDR273W,0,-0.006323903,0.09105394780635834,0.800000011920929,0.7986000180244446
YPL007C,YDR079C-A,1,-0.006351037,0.09115739166736603,0.8009999990463257,0.7986000180244446
YML011C,YER081W,0,-0.0063626273,0.09114702045917511,0.8009999990463257,0.7986999750137329
YLL066C,YIL148W,0,-0.0064447178,0.09113664925098419,0.8009999990463257,0.798799991607666
YML004C,YKL079W,0,-0.0064503727,0.09112627804279327,0.8009999990463257,0.7989000082015991
YLR052W,YDR292C,0,-0.006467025,0.09111591428518295,0.8009999990463257,0.7990000247955322
YGR266W,YDL209C,0,-0.006478305,0.09110555052757263,0.8009999990463257,0.7990999817848206
YOL154W,YOR334W,0,-0.0065234406,0.09109518676996231,0.8009999990463257,0.7991999983787537
YGL018C,YLR067C,0,-0.0066508083,0.09108483046293259,0.8009999990463257,0.7993000149726868
YPR067W,YCL012W,0,-0.0066521456,0.09107447415590286,0.8009999990463257,0.7993999719619751
YDR127W,YCL016C,0,-0.0067841364,0.09106411784887314,0.8009999990463257,0.7994999885559082
YBR003W,YPL135W,0,-0.0068943305,0.09105376899242401,0.8009999990463257,0.7996000051498413
YDL108W,YDR079C-A,1,-0.0069636162,0.09115707874298096,0.8019999861717224,0.7996000051498413
YHR096C,YLL021W,0,-0.0070270402,0.09114672243595123,0.8019999861717224,0.7997000217437744
YJL021C,YDL102W,0,-0.0070733884,0.09113636612892151,0.8019999861717224,0.7997999787330627
YMR286W,YKR064W,0,-0.0072412295,0.09112600982189178,0.8019999861717224,0.7998999953269958
YJL059W,YCR016W,0,-0.0072659357,0.09111565351486206,0.8019999861717224,0.800000011920929
YGR109W-A,YBR191W,0,-0.0073967287,0.09110530465841293,0.8019999861717224,0.8001000285148621
YGR047C,YER148W,1,-0.00745901,0.09120853990316391,0.8029999732971191,0.8001000285148621
YDL247W,YOR236W,0,-0.0075346483,0.09119818359613419,0.8029999732971191,0.8001999855041504
YEL006W,YOR009W,0,-0.007604643,0.09118782728910446,0.8029999732971191,0.8003000020980835
YOL132W,YJR046W,0,-0.0076462245,0.09117747098207474,0.8029999732971191,0.8004000186920166
YHR142W,YOR110W,0,-0.0076463325,0.09116712212562561,0.8029999732971191,0.8004999756813049
YIL013C,YGL053W,0,-0.007709938,0.09115677326917648,0.8029999732971191,0.800599992275238
YCR016W,YDR365W-A,0,-0.0077629155,0.09114642441272736,0.8029999732971191,0.8007000088691711
YOR136W,YKL039W,0,-0.007865797,0.09113608300685883,0.8029999732971191,0.8008000254631042
YGL067W,YNL284C-B,0,-0.007891546,0.0911257341504097,0.8029999732971191,0.8008999824523926
YBL080C,YBR153W,0,-0.007939021,0.09111540019512177,0.8029999732971191,0.8009999990463257
YLR409C,YCL001W,0,-0.007939319,0.09110505878925323,0.8029999732971191,0.8011000156402588
YBR169C,YKR034W,0,-0.007943357,0.0910947248339653,0.8029999732971191,0.8011999726295471
YCL029C,YLR083C,0,-0.007989551,0.09108439087867737,0.8029999732971191,0.8012999892234802
YOR016C,YGR109W-A,0,-0.007997538,0.09107406437397003,0.8029999732971191,0.8014000058174133
YOR026W,YGL078C,0,-0.008004705,0.0910637304186821,0.8029999732971191,0.8015000224113464
YOR090C,YPR100W,0,-0.008026655,0.09105340391397476,0.8029999732971191,0.8015999794006348
YDR145W,YBR123C,1,-0.008128907,0.09115646034479141,0.8040000200271606,0.8015999794006348
YFR047C,YCR086W,0,-0.008144098,0.09114612638950348,0.8040000200271606,0.8016999959945679
YHR120W,YLR017W,0,-0.008196096,0.09113579988479614,0.8040000200271606,0.801800012588501
YCL068C,YER108C,0,-0.0083084805,0.09112546592950821,0.8040000200271606,0.8019000291824341
YBR069C,YLR196W,0,-0.008328433,0.09111513942480087,0.8040000200271606,0.8019999861717224
YLR227W-A,YMR101C,0,-0.008507357,0.09110481292009354,0.8040000200271606,0.8021000027656555
YML067C,YLR466W,0,-0.008629355,0.0910944938659668,0.8040000200271606,0.8022000193595886
YBL091C,YBR028C,0,-0.008632447,0.09108417481184006,0.8040000200271606,0.802299976348877
YOR192C,YDR365W-A,0,-0.008688087,0.09107385575771332,0.8040000200271606,0.8023999929428101
YJL069C,YOR259C,0,-0.008745692,0.09106354415416718,0.8040000200271606,0.8025000095367432
YBL013W,YKL087C,0,-0.008893023,0.09105322510004044,0.8040000200271606,0.8026000261306763
YBR090C-A,YBR149W,0,-0.009017748,0.0910429134964943,0.8040000200271606,0.8026999831199646
YBR119W,YNL180C,0,-0.0090239,0.09103260934352875,0.8040000200271606,0.8027999997138977
YGR212W,YJL021C,0,-0.009119301,0.0910223051905632,0.8040000200271606,0.8029000163078308
YOR236W,YBL072C,0,-0.009245603,0.09101200103759766,0.8040000200271606,0.8029999732971191
YDR175C,YCL048W,0,-0.009267534,0.09100169688463211,0.8040000200271606,0.8030999898910522
YBR045C,YDL211C,0,-0.009277287,0.09099140018224716,0.8040000200271606,0.8032000064849854
YML098W,YCL012W,0,-0.009314726,0.09098110347986221,0.8040000200271606,0.8033000230789185
YOR267C,YPL120W,0,-0.009421202,0.09097080677747726,0.8040000200271606,0.8033999800682068
YJL021C,YGL078C,0,-0.0095045725,0.09096051752567291,0.8040000200271606,0.8034999966621399
YIL069C,YNL048W,0,-0.009532127,0.09095022827386856,0.8040000200271606,0.803600013256073
YNL284C-B,YJL181W,0,-0.009551604,0.09093993902206421,0.8040000200271606,0.8036999702453613
YDR079C-A,YIL036W,1,-0.009569192,0.09104274958372116,0.8050000071525574,0.8036999702453613
YJL089W,YGL127C,0,-0.009823925,0.09103245288133621,0.8050000071525574,0.8037999868392944
YNL284C-B,YPR188C,0,-0.009824065,0.09102216362953186,0.8050000071525574,0.8039000034332275
YFL056C,YOR383C,0,-0.009845938,0.09101187437772751,0.8050000071525574,0.8040000200271606
YDR325W,YPL076W,0,-0.009943943,0.09100158512592316,0.8050000071525574,0.804099977016449
YNL294C,YIL018W,0,-0.010075859,0.0909912958741188,0.8050000071525574,0.8041999936103821
YBL013W,YBR065C,0,-0.010080534,0.09098101407289505,0.8050000071525574,0.8043000102043152
YPR067W,YJR049C,0,-0.010139327,0.0909707322716713,0.8050000071525574,0.8044000267982483
YCR058C,YER178W,0,-0.010148759,0.09096045047044754,0.8050000071525574,0.8044999837875366
YKL191W,YJL186W,0,-0.010176952,0.09095017611980438,0.8050000071525574,0.8046000003814697
YKR062W,YGR186W,1,-0.0101901395,0.09105286747217178,0.8059999942779541,0.8046000003814697
YBR114W,YNL132W,0,-0.010200108,0.09104258567094803,0.8059999942779541,0.8047000169754028
YPR025C,YDR079C-A,1,-0.0102222115,0.09114524722099304,0.8069999814033508,0.8047000169754028
YGR161W-A,YLL021W,0,-0.010245205,0.0911349505186081,0.8069999814033508,0.8047999739646912
YOR101W,YDR005C,0,-0.0102964,0.09112466126680374,0.8069999814033508,0.8048999905586243
YLR075W,YGR094W,0,-0.010412435,0.09111437201499939,0.8069999814033508,0.8050000071525574
YBR233W-A,YPL168W,0,-0.010429507,0.09110409021377563,0.8069999814033508,0.8051000237464905
YBR233W-A,YOR132W,0,-0.0105525805,0.09109380096197128,0.8069999814033508,0.8051999807357788
YLL018C,YJL167W,0,-0.010565053,0.09108351916074753,0.8069999814033508,0.8052999973297119
YDR108W,YGR211W,0,-0.01057792,0.09107324481010437,0.8069999814033508,0.805400013923645
YJL196C,YDR438W,0,-0.010652146,0.09106296300888062,0.8069999814033508,0.8054999709129333
YJL183W,YJR153W,0,-0.010734658,0.09105268865823746,0.8069999814033508,0.8055999875068665
YML081W,YDR246W,0,-0.010746735,0.0910424217581749,0.8069999814033508,0.8057000041007996
YLR196W,YNL029C,0,-0.0108364625,0.09103214740753174,0.8069999814033508,0.8058000206947327
YOL122C,YHR122W,0,-0.010853912,0.09102188050746918,0.8069999814033508,0.805899977684021
YBR233W-A,YMR063W,0,-0.010915123,0.09101161360740662,0.8069999814033508,0.8059999942779541
YGL126W,YER142C,0,-0.010961044,0.09100135415792465,0.8069999814033508,0.8061000108718872
YNL318C,YGR161W-A,0,-0.010986458,0.09099109470844269,0.8069999814033508,0.8062000274658203
YBL051C,YDL117W,0,-0.011002759,0.09098083525896072,0.8069999814033508,0.8062999844551086
YHR214C-C,YCL001W,0,-0.011122049,0.09097057580947876,0.8069999814033508,0.8064000010490417
YLR068W,YBR100W,0,-0.011150991,0.09096032381057739,0.8069999814033508,0.8065000176429749
YBR233W-A,YLL006W,0,-0.011164398,0.09095007181167603,0.8069999814033508,0.8065999746322632
YNL251C,YHR090C,0,-0.011248319,0.09093982726335526,0.8069999814033508,0.8066999912261963
YMR261C,YDL046W,0,-0.011250201,0.09092957526445389,0.8069999814033508,0.8068000078201294
YNL221C,YLR432W,0,-0.011277142,0.09091933071613312,0.8069999814033508,0.8069000244140625
YFL056C,YKL110C,0,-0.011290348,0.09090909361839294,0.8069999814033508,0.8069999814033508
YMR318C,YER081W,0,-0.011382955,0.09089884907007217,0.8069999814033508,0.8070999979972839
YDR386W,YDR273W,0,-0.011383454,0.090888611972332,0.8069999814033508,0.807200014591217
YJL186W,YDR078C,0,-0.0114384135,0.09087837487459183,0.8069999814033508,0.8072999715805054
YOR078W,YDR365W-A,0,-0.011438894,0.09086814522743225,0.8069999814033508,0.8073999881744385
YEL018W,YDR412W,0,-0.011539291,0.09085791558027267,0.8069999814033508,0.8075000047683716
YDR460W,YPR086W,1,-0.011548187,0.09096026420593262,0.8080000281333923,0.8075000047683716
YBR123C,YDR079C-A,1,-0.01158369,0.09106258302927017,0.8090000152587891,0.8075000047683716
YOL020W,YGL058W,0,-0.011643658,0.0910523384809494,0.8090000152587891,0.8076000213623047
YFR014C,YHR024C,0,-0.01166376,0.09104208648204803,0.8090000152587891,0.807699978351593
YBR198C,YDR311W,1,-0.011709894,0.0911443680524826,0.8100000023841858,0.807699978351593
YGR178C,YNR024W,0,-0.011747132,0.09113411605358124,0.8100000023841858,0.8077999949455261
YHL038C,YDR276C,0,-0.011806789,0.09112386405467987,0.8100000023841858,0.8079000115394592
YHR185C,YHR214C-C,0,-0.011807126,0.0911136120557785,0.8100000023841858,0.8080000281333923
YHR204W,YER142C,0,-0.01182879,0.09110336005687714,0.8100000023841858,0.8080999851226807
YOL051W,YIL033C,0,-0.0118488325,0.09109311550855637,0.8100000023841858,0.8082000017166138
YJR132W,YDR122W,0,-0.011872101,0.0910828709602356,0.8100000023841858,0.8083000183105469
YFR031C-A,YPL248C,0,-0.0118770255,0.09107263386249542,0.8100000023841858,0.8083999752998352
YJL110C,YPL215W,0,-0.012287303,0.09106239676475525,0.8100000023841858,0.8084999918937683
YBR233W-A,YKL039W,0,-0.012295292,0.09105215966701508,0.8100000023841858,0.8086000084877014
YDL160C,YGR205W,0,-0.012301284,0.0910419225692749,0.8100000023841858,0.8087000250816345
YDR023W,YMR225C,0,-0.012326728,0.09103169292211533,0.8100000023841858,0.8087999820709229
YNL145W,YDR316W-B,0,-0.012353105,0.09102146327495575,0.8100000023841858,0.808899998664856
YER038C,YMR156C,0,-0.012451264,0.09101123362779617,0.8100000023841858,0.8090000152587891
YER045C,YGL112C,1,-0.012505039,0.09111335873603821,0.8109999895095825,0.8090000152587891
YDR079C-A,YGR186W,1,-0.012547161,0.09121545404195786,0.8119999766349792,0.8090000152587891
YEL019C,YIL144W,0,-0.012574076,0.09120520949363708,0.8119999766349792,0.8090999722480774
YGR103W,YLR360W,0,-0.012582297,0.09119496494531631,0.8119999766349792,0.8091999888420105
YNL145W,YOL103W-A,0,-0.012594065,0.09118472784757614,0.8119999766349792,0.8093000054359436
YER072W,YHR120W,0,-0.012680086,0.09117449074983597,0.8119999766349792,0.8094000220298767
YIL052C,YBL031W,0,-0.012707013,0.0911642536520958,0.8119999766349792,0.809499979019165
YDR145W,YOR019W,0,-0.012764464,0.09115401655435562,0.8119999766349792,0.8095999956130981
YMR053C,YPL049C,0,-0.012772628,0.09114378690719604,0.8119999766349792,0.8097000122070312
YBR233W-A,YKR075C,0,-0.0128055895,0.09113355726003647,0.8119999766349792,0.8098000288009644
YDR212W,YOR273C,0,-0.013109828,0.09112332761287689,0.8119999766349792,0.8098999857902527
YML013W,YOR158W,0,-0.013145688,0.09111310541629791,0.8119999766349792,0.8100000023841858
YGR181W,YDR078C,0,-0.013146493,0.09110288321971893,0.8119999766349792,0.8101000189781189
YDR300C,YBR023C,0,-0.013267945,0.09109266102313995,0.8119999766349792,0.8101999759674072
YDR039C,YOL135C,0,-0.013269353,0.09108244627714157,0.8119999766349792,0.8102999925613403
YML045W,YLL053C,0,-0.013289641,0.09107223153114319,0.8119999766349792,0.8104000091552734
YJL162C,YLL016W,0,-0.013356003,0.0910620167851448,0.8119999766349792,0.8105000257492065
YMR131C,YBR028C,0,-0.013372737,0.09105180203914642,0.8119999766349792,0.8105999827384949
YLR227W-A,YDR434W,0,-0.013393854,0.09104159474372864,0.8119999766349792,0.810699999332428
YIL137C,YBR028C,0,-0.013466808,0.09103138744831085,0.8119999766349792,0.8108000159263611
YEL024W,YML076C,0,-0.0135455085,0.09102118760347366,0.8119999766349792,0.8108999729156494
YLR426W,YDR395W,0,-0.01356418,0.09101098775863647,0.8119999766349792,0.8109999895095825
YNL284C-B,YOR319W,0,-0.013624571,0.09100078791379929,0.8119999766349792,0.8111000061035156
YGL027C,YOR272W,0,-0.0137184365,0.0909905880689621,0.8119999766349792,0.8112000226974487
YGR017W,YPL178W,0,-0.013745363,0.0909803956747055,0.8119999766349792,0.8112999796867371
YER033C,YKR083C,0,-0.0137972,0.09097019582986832,0.8119999766349792,0.8113999962806702
YER038C,YKL197C,0,-0.013812105,0.09096001088619232,0.8119999766349792,0.8115000128746033
YML086C,YMR040W,0,-0.013839121,0.09094981849193573,0.8119999766349792,0.8116000294685364
YOR250C,YDR176W,0,-0.013890843,0.09093963354825974,0.8119999766349792,0.8116999864578247
YLR259C,YOR259C,0,-0.013898405,0.09092944860458374,0.8119999766349792,0.8118000030517578
YHR088W,YDR227W,0,-0.01392516,0.09091927111148834,0.8119999766349792,0.8119000196456909
YBR208C,YHR090C,0,-0.013956356,0.09090909361839294,0.8119999766349792,0.8119999766349792
YJL110C,YDR323C,0,-0.013968336,0.09089891612529755,0.8119999766349792,0.8120999932289124
YGR178C,YBR168W,0,-0.0139796315,0.09088873863220215,0.8119999766349792,0.8122000098228455
YML059C,YDL209C,0,-0.01413707,0.09087856858968735,0.8119999766349792,0.8123000264167786
YLR037C,YFR030W,0,-0.014163057,0.09086839854717255,0.8119999766349792,0.8123999834060669
YER033C,YGR003W,0,-0.014282952,0.09085822850465775,0.8119999766349792,0.8125
YKL080W,YLR435W,0,-0.014428723,0.09084806591272354,0.8119999766349792,0.8126000165939331
YJL011C,YDR079C-A,1,-0.014598641,0.09094977378845215,0.8130000233650208,0.8126000165939331
YHR088W,YCL051W,0,-0.014617945,0.09093959629535675,0.8130000233650208,0.8126999735832214
YDR311W,YDR460W,1,-0.014764334,0.09104126691818237,0.8140000104904175,0.8126999735832214
YOR363C,YMR101C,0,-0.014905774,0.09103108942508698,0.8140000104904175,0.8127999901771545
YOL089C,YPL082C,1,-0.014969285,0.09113273024559021,0.8149999976158142,0.8127999901771545
YOL098C,YNL246W,0,-0.014990958,0.09112253785133362,0.8149999976158142,0.8129000067710876
YKL192C,YLR056W,0,-0.0150276525,0.09111235290765762,0.8149999976158142,0.8130000233650208
YDR178W,YHR090C,0,-0.015035505,0.09110216796398163,0.8149999976158142,0.8130999803543091
YKL058W,YNL247W,0,-0.015046942,0.09109198302030563,0.8149999976158142,0.8131999969482422
YKL069W,YDR098C-B,0,-0.01505662,0.09108180552721024,0.8149999976158142,0.8133000135421753
YOR252W,YHR150W,0,-0.015133279,0.09107162803411484,0.8149999976158142,0.8133999705314636
YNL054W-A,YFR034C,0,-0.01520514,0.09106145054101944,0.8149999976158142,0.8134999871253967
YPL169C,YDR464W,0,-0.015229139,0.09105128049850464,0.8149999976158142,0.8136000037193298
YDR517W,YBL072C,0,-0.01524775,0.09104111045598984,0.8149999976158142,0.8137000203132629
YPR071W,YGR003W,0,-0.015258844,0.09103094041347504,0.8149999976158142,0.8137999773025513
YPR173C,YHR114W,0,-0.015260841,0.09102077037096024,0.8149999976158142,0.8138999938964844
YDR243C,YMR009W,0,-0.015272948,0.09101060777902603,0.8149999976158142,0.8140000104904175
YLR390W-A,YIL052C,0,-0.0154074235,0.09100044518709183,0.8149999976158142,0.8141000270843506
YKL081W,YNR037C,0,-0.01565687,0.09099029004573822,0.8149999976158142,0.8141999840736389
YPR158W-B,YOL042W,0,-0.01566337,0.09098012745380402,0.8149999976158142,0.814300000667572
YOL103W-A,YLR190W,0,-0.015698971,0.09096997231245041,0.8149999976158142,0.8144000172615051
YDR482C,YBL091C,0,-0.015748646,0.0909598246216774,0.8149999976158142,0.8144999742507935
YML023C,YKL185W,0,-0.015788522,0.09094966948032379,0.8149999976158142,0.8145999908447266
YEL024W,YDR365W-A,0,-0.015942112,0.09093952178955078,0.8149999976158142,0.8147000074386597
YIL056W,YPR158W-B,0,-0.016107466,0.09092937409877777,0.8149999976158142,0.8148000240325928
YLR005W,YNL039W,1,-0.016153276,0.0910307914018631,0.8159999847412109,0.8148000240325928
YIR019C,YLR017W,0,-0.016171884,0.09102063626050949,0.8159999847412109,0.8148999810218811
YNL054W,YOL032W,0,-0.016292542,0.09101048111915588,0.8159999847412109,0.8149999976158142
YGR129W,YPL075W,0,-0.01630627,0.09100033342838287,0.8159999847412109,0.8151000142097473
YBR208C,YGR161C-D,0,-0.01639045,0.09099018573760986,0.8159999847412109,0.8151999711990356
YGR078C,YLR115W,0,-0.016420644,0.09098004549741745,0.8159999847412109,0.8152999877929688
YPR046W,YHL026C,0,-0.016438097,0.09096989780664444,0.8159999847412109,0.8154000043869019
YPL169C,YJL208C,0,-0.016518634,0.09095975756645203,0.8159999847412109,0.815500020980835
YPL175W,YGL238W,0,-0.01665486,0.09094961732625961,0.8159999847412109,0.8155999779701233
YGR161C-D,YIL062C,0,-0.016684094,0.0909394845366478,0.8159999847412109,0.8156999945640564
YBR233W-A,YNL180C,0,-0.016700745,0.09092935174703598,0.8159999847412109,0.8158000111579895
YBR090C-A,YER102W,0,-0.016735185,0.09091921895742416,0.8159999847412109,0.8159000277519226
YLR067C,YBR162C,0,-0.016756918,0.09090909361839294,0.8159999847412109,0.8159999847412109
YCR086W,YNL062C,0,-0.016770005,0.09089896082878113,0.8159999847412109,0.816100001335144
YPL001W,YCR058C,0,-0.016799413,0.0908888429403305,0.8159999847412109,0.8162000179290771
YDR078C,YDL076C,0,-0.01680855,0.09087871760129929,0.8159999847412109,0.8162999749183655
YNR019W,YLR260W,0,-0.016829949,0.09086859971284866,0.8159999847412109,0.8163999915122986
YPL280W,YBR029C,0,-0.01683003,0.09085848182439804,0.8159999847412109,0.8165000081062317
YPL122C,YMR227C,1,-0.016985606,0.09095969796180725,0.8169999718666077,0.8165000081062317
YJR117W,YCL035C,0,-0.017025288,0.09094957262277603,0.8169999718666077,0.8166000247001648
YJL011C,YDR362C,1,-0.01713046,0.09105075895786285,0.8180000185966492,0.8166000247001648
YOL084W,YOR372C,0,-0.017198112,0.09104062616825104,0.8180000185966492,0.8166999816894531
YPR154W,YLR092W,0,-0.017300624,0.09103049337863922,0.8180000185966492,0.8167999982833862
YIL096C,YER108C,0,-0.017312746,0.0910203605890274,0.8180000185966492,0.8169000148773193
YPL161C,YHL035C,0,-0.017316204,0.09101023524999619,0.8180000185966492,0.8169999718666077
YAL011W,YMR040W,0,-0.017331913,0.09100010991096497,0.8180000185966492,0.8170999884605408
YCR035C,YLR054C,0,-0.017527614,0.09098999202251434,0.8180000185966492,0.8172000050544739
YMR232W,YPL135W,0,-0.017566238,0.09097986668348312,0.8180000185966492,0.817300021648407
YIL098C,YGR260W,0,-0.017627042,0.0909697487950325,0.8180000185966492,0.8173999786376953
YDL124W,YHR139C,0,-0.017633464,0.09095963835716248,0.8180000185966492,0.8174999952316284
YJL059W,YCR105W,0,-0.017686807,0.09094952046871185,0.8180000185966492,0.8176000118255615
YJL110C,YPR120C,0,-0.017707717,0.09093941003084183,0.8180000185966492,0.8177000284194946
YBR233W-A,YHR201C,0,-0.017755937,0.0909292995929718,0.8180000185966492,0.817799985408783
YNL233W,YPL115C,0,-0.017818522,0.09091919660568237,0.8180000185966492,0.8179000020027161
YNL190W,YPR067W,0,-0.017834116,0.09090909361839294,0.8180000185966492,0.8180000185966492
YFR024C,YBR272C,0,-0.017892025,0.09089899063110352,0.8180000185966492,0.8180999755859375
YIL022W,YBR054W,0,-0.017942969,0.09088888764381409,0.8180000185966492,0.8181999921798706
YLR194C,YDL135C,0,-0.01802222,0.09087879210710526,0.8180000185966492,0.8183000087738037
YNR053C,YCR038C,0,-0.018036429,0.09086869657039642,0.8180000185966492,0.8184000253677368
YOL084W,YPR105C,0,-0.018089611,0.09085860103368759,0.8180000185966492,0.8184999823570251
YOL144W,YBR146W,0,-0.018108662,0.09084851294755936,0.8180000185966492,0.8185999989509583
YKL185W,YER100W,0,-0.018119808,0.09083842486143112,0.8180000185966492,0.8187000155448914
YPL115C,YDL012C,0,-0.018175598,0.09082833677530289,0.8180000185966492,0.8187999725341797
YHR165C,YKR007W,0,-0.018184572,0.09081825613975525,0.8180000185966492,0.8188999891281128
YDR482C,YIL038C,0,-0.018260863,0.09080816805362701,0.8180000185966492,0.8190000057220459
YNL111C,YCR063W,0,-0.018263381,0.09079808741807938,0.8180000185966492,0.819100022315979
YEL005C,YOR271C,0,-0.018299025,0.09078801423311234,0.8180000185966492,0.8191999793052673
YIL013C,YPL140C,0,-0.018354367,0.0907779410481453,0.8180000185966492,0.8192999958992004
YIL143C,YPL011C,1,-0.018420573,0.09087882936000824,0.8190000057220459,0.8192999958992004
YKL196C,YNL118C,0,-0.018421073,0.0908687487244606,0.8190000057220459,0.8194000124931335
YFL026W,YOR335C,0,-0.018424716,0.09085866063833237,0.8190000057220459,0.8195000290870667
YMR236W,YER148W,1,-0.018430617,0.09095951169729233,0.8199999928474426,0.8195000290870667
YBR107C,YLL018C-A,0,-0.018484075,0.09094942361116409,0.8199999928474426,0.819599986076355
YMR005W,YML098W,1,-0.018519145,0.09105023741722107,0.8209999799728394,0.819599986076355
YNL054W,YIL173W,0,-0.018520351,0.09104014188051224,0.8209999799728394,0.8197000026702881
YER123W,YLR058C,0,-0.01853088,0.0910300463438034,0.8209999799728394,0.8198000192642212
YOR334W,YML059C,0,-0.018576581,0.09101995825767517,0.8209999799728394,0.8198999762535095
YDL012C,YER081W,0,-0.018590312,0.09100986272096634,0.8209999799728394,0.8199999928474426
YGR082W,YLR284C,0,-0.018590659,0.0909997746348381,0.8209999799728394,0.8201000094413757
YJR041C,YFR053C,0,-0.018618636,0.09098969399929047,0.8209999799728394,0.8202000260353088
YOL069W,YNL054W-A,0,-0.018644534,0.09097961336374283,0.8209999799728394,0.8202999830245972
YGR165W,YBL014C,0,-0.018648077,0.09096953272819519,0.8209999799728394,0.8203999996185303
YAR042W,YAL030W,0,-0.01875962,0.09095945209264755,0.8209999799728394,0.8205000162124634
YOL154W,YFR024C-A,0,-0.019107629,0.09094937145709991,0.8209999799728394,0.8205999732017517
YGR005C,YBL103C,1,-0.01919254,0.09105006605386734,0.8220000267028809,0.8205999732017517
YOR177C,YDR292C,0,-0.019273657,0.0910399854183197,0.8220000267028809,0.8206999897956848
YMR243C,YKR064W,0,-0.019298967,0.09102989733219147,0.8220000267028809,0.8208000063896179
YCR091W,YDR276C,0,-0.019304458,0.09101982414722443,0.8220000267028809,0.820900022983551
YLR005W,YPR056W,1,-0.019354798,0.09112045913934708,0.8230000138282776,0.820900022983551
YGR047C,YML015C,1,-0.019379817,0.09122107923030853,0.8240000009536743,0.820900022983551
YKR079C,YJR054W,0,-0.019426655,0.0912109836935997,0.8240000009536743,0.8209999799728394
YJL183W,YCR058C,0,-0.019482564,0.09120088815689087,0.8240000009536743,0.8210999965667725
YBR180W,YLR435W,0,-0.019488841,0.09119079262018204,0.8240000009536743,0.8212000131607056
YKL045W,YGL246C,0,-0.019567858,0.0911807045340538,0.8240000009536743,0.8213000297546387
YEL032W,YGL238W,0,-0.019636545,0.09117061644792557,0.8240000009536743,0.821399986743927
YPR067W,YDR150W,0,-0.019659203,0.09116052836179733,0.8240000009536743,0.8215000033378601
YGR082W,YKL032C,0,-0.01972508,0.0911504402756691,0.8240000009536743,0.8216000199317932
YJL012C,YDL189W,0,-0.019748073,0.09114035964012146,0.8240000009536743,0.8216999769210815
YGL087C,YDR289C,0,-0.019810755,0.09113027900457382,0.8240000009536743,0.8217999935150146
YPR067W,YMR220W,0,-0.01982167,0.09112020581960678,0.8240000009536743,0.8219000101089478
YFR031C-A,YJR109C,0,-0.019917216,0.09111012518405914,0.8240000009536743,0.8220000267028809
YHR111W,YLR248W,0,-0.019947719,0.0911000519990921,0.8240000009536743,0.8220999836921692
YML114C,YNL039W,1,-0.019966286,0.09120053052902222,0.824999988079071,0.8220999836921692
YDR009W,YKL087C,0,-0.019999683,0.09119044989347458,0.824999988079071,0.8222000002861023
YJL058C,YML082W,0,-0.020006109,0.09118036925792694,0.824999988079071,0.8223000168800354
YER108C,YBR188C,0,-0.02000866,0.0911702960729599,0.824999988079071,0.8223999738693237
YEL018W,YJL179W,0,-0.020015623,0.09116022288799286,0.824999988079071,0.8224999904632568
YJL021C,YDL076C,0,-0.020097971,0.09115014970302582,0.824999988079071,0.8226000070571899
YGR283C,YKL002W,0,-0.020101894,0.09114007651805878,0.824999988079071,0.822700023651123
YOR330C,YNL180C,0,-0.020160425,0.09113001078367233,0.824999988079071,0.8227999806404114
YNL286W,YBR090C-A,0,-0.020243272,0.09111994504928589,0.824999988079071,0.8228999972343445
YMR053C,YHR079C-B,0,-0.020274505,0.09110988676548004,0.824999988079071,0.8230000138282776
YOR194C,YFL021W,1,-0.020279031,0.0912102460861206,0.8259999752044678,0.8230000138282776
YDR002W,YGR165W,0,-0.020454332,0.09120018035173416,0.8259999752044678,0.8230999708175659
YJL021C,YHR014W,0,-0.020509373,0.09119010716676712,0.8259999752044678,0.823199987411499
YNL103W,YGR161W-A,0,-0.020664748,0.09118004143238068,0.8259999752044678,0.8233000040054321
YIL147C,YDR259C,0,-0.020702954,0.09116997569799423,0.8259999752044678,0.8234000205993652
YKL006C-A,YOR341W,0,-0.020709556,0.09115991741418839,0.8259999752044678,0.8234999775886536
YHL017W,YJR117W,0,-0.020748563,0.09114985913038254,0.8259999752044678,0.8235999941825867
YKL026C,YHR194W,0,-0.02114847,0.09113980084657669,0.8259999752044678,0.8237000107765198
YIL007C,YDR365W-A,0,-0.021217033,0.09112974256277084,0.8259999752044678,0.8238000273704529
YOL089C,YDR311W,1,-0.021320578,0.09123000502586365,0.8270000219345093,0.8238000273704529
YFR024C,YGR138C,0,-0.021336515,0.0912199392914772,0.8270000219345093,0.8238999843597412
YCR044C,YML096W,0,-0.021363232,0.09120988100767136,0.8270000219345093,0.8240000009536743
YNL164C,YNL123W,0,-0.02141447,0.09119982272386551,0.8270000219345093,0.8241000175476074
YBR279W,YDR259C,0,-0.021456849,0.09118976444005966,0.8270000219345093,0.8241999745368958
YOR004W,YHR138C,0,-0.021644901,0.09117971360683441,0.8270000219345093,0.8242999911308289
YGR202C,YKL134C,0,-0.021914173,0.09116966277360916,0.8270000219345093,0.824400007724762
YER177W,YML059C,0,-0.021976996,0.09115961194038391,0.8270000219345093,0.8245000243186951
YDR490C,YMR262W,0,-0.022112545,0.09114956110715866,0.8270000219345093,0.8245999813079834
YHL011C,YBL031W,0,-0.02214947,0.09113951772451401,0.8270000219345093,0.8246999979019165
YMR175W,YPL049C,0,-0.022193175,0.09112947434186935,0.8270000219345093,0.8248000144958496
YMR110C,YBR090C-A,0,-0.022200275,0.0911194384098053,0.8270000219345093,0.8248999714851379
YNL123W,YGR260W,0,-0.022234585,0.09110939502716064,0.8270000219345093,0.824999988079071
YKR085C,YDR273W,0,-0.022535313,0.09109935909509659,0.8270000219345093,0.8251000046730042
YGL018C,YKL002W,0,-0.02266794,0.09108933061361313,0.8270000219345093,0.8252000212669373
YBR153W,YNL081C,0,-0.022737827,0.09107929468154907,0.8270000219345093,0.8252999782562256
YDR528W,YLL057C,0,-0.022784244,0.09106926620006561,0.8270000219345093,0.8253999948501587
YIL009W,YNL036W,0,-0.02280708,0.09105923771858215,0.8270000219345093,0.8255000114440918
YBR188C,YLR328W,0,-0.022810247,0.0910492092370987,0.8270000219345093,0.8256000280380249
YML101C,YPR141C,0,-0.02289654,0.09103918820619583,0.8270000219345093,0.8256999850273132
YPL126W,YLR263W,0,-0.022932801,0.09102916717529297,0.8270000219345093,0.8258000016212463
YGR047C,YNL222W,1,-0.023016077,0.09112920612096786,0.828000009059906,0.8258000016212463
YDR469W,YER108C,0,-0.02307579,0.0911191776394844,0.828000009059906,0.8259000182151794
YOL089C,YDR362C,1,-0.023207497,0.09121918678283691,0.8289999961853027,0.8259000182151794
YBL007C,YDR002W,0,-0.02321918,0.09120915085077286,0.8289999961853027,0.8259999752044678
YNL222W,YBR081C,1,-0.023258403,0.09130913019180298,0.8299999833106995,0.8259999752044678
YKL192C,YBL005W,0,-0.023260426,0.09129908680915833,0.8299999833106995,0.8260999917984009
YLR442C,YNL161W,0,-0.0233487,0.09128904342651367,0.8299999833106995,0.826200008392334
YDR434W,YJR046W,0,-0.023430284,0.09127900749444962,0.8299999833106995,0.8263000249862671
YDR091C,YLR060W,0,-0.023460004,0.09126897156238556,0.8299999833106995,0.8263999819755554
YGR204W,YGR129W,0,-0.023475569,0.0912589356303215,0.8299999833106995,0.8264999985694885
YLL053C,YER108C,0,-0.02363877,0.09124889969825745,0.8299999833106995,0.8266000151634216
YKL110C,YER038C,0,-0.02378292,0.09123887121677399,0.8299999833106995,0.82669997215271
YJR120W,YLR037C,0,-0.02382223,0.09122884273529053,0.8299999833106995,0.8267999887466431
YGR246C,YML015C,1,-0.023856204,0.09132871776819229,0.8309999704360962,0.8267999887466431
YOR136W,YDL243C,0,-0.023910787,0.09131868183612823,0.8309999704360962,0.8269000053405762
YPR133C,YHR114W,0,-0.023961443,0.09130864590406418,0.8309999704360962,0.8270000219345093
YOL012C,YJL058C,0,-0.023996595,0.09129861742258072,0.8309999704360962,0.8270999789237976
YNL251C,YDR273W,0,-0.023998719,0.09128858894109726,0.8309999704360962,0.8271999955177307
YBR233W-A,YML016C,0,-0.024025459,0.0912785604596138,0.8309999704360962,0.8273000121116638
YOR087W,YNL054W-A,0,-0.024054516,0.09126853197813034,0.8309999704360962,0.8274000287055969
YMR192W,YLL018C-A,0,-0.024185326,0.09125851094722748,0.8309999704360962,0.8274999856948853
YER041W,YIL005W,0,-0.024402138,0.09124848991632462,0.8309999704360962,0.8276000022888184
YHR214C-C,YEL051W,0,-0.024414852,0.09123846888542175,0.8309999704360962,0.8277000188827515
YER072W,YLR352W,0,-0.024490517,0.09122845530509949,0.8309999704360962,0.8277999758720398
YLR367W,YBR100W,0,-0.024547562,0.09121844172477722,0.8309999704360962,0.8278999924659729
YLR052W,YGR165W,0,-0.0245714,0.09120842814445496,0.8309999704360962,0.828000009059906
YGR007W,YBL014C,0,-0.02459104,0.09119842201471329,0.8309999704360962,0.8281000256538391
YPL138C,YKL016C,0,-0.024606302,0.09118840843439102,0.8309999704360962,0.8281999826431274
YHR099W,YPL202C,1,-0.024688013,0.09128812700510025,0.8320000171661377,0.8281999826431274
YCR024C,YLR196W,0,-0.024731312,0.09127811342477798,0.8320000171661377,0.8282999992370605
YDR210C-D,YNL130C,0,-0.024747774,0.09126809984445572,0.8320000171661377,0.8284000158309937
YMR192W,YBR188C,0,-0.024756208,0.09125808626413345,0.8320000171661377,0.828499972820282
YGR109W-A,YMR242C,0,-0.024832666,0.09124808013439178,0.8320000171661377,0.8285999894142151
YOL096C,YLR323C,0,-0.024953451,0.09123807400465012,0.8320000171661377,0.8287000060081482
YDR098C-B,YER015W,0,-0.024967857,0.09122806787490845,0.8320000171661377,0.8288000226020813
YDR259C,YMR177W,0,-0.025070693,0.09121806919574738,0.8320000171661377,0.8288999795913696
YDL105W,YIL008W,0,-0.025073506,0.0912080705165863,0.8320000171661377,0.8289999961853027
YHR110W,YDR412W,0,-0.025077078,0.09119807183742523,0.8320000171661377,0.8291000127792358
YGL098W,YML102W,0,-0.025229048,0.09118807315826416,0.8320000171661377,0.829200029373169
YIL008W,YJL083W,0,-0.025393438,0.09117808192968369,0.8320000171661377,0.8292999863624573
YKL110C,YNL068C,0,-0.02540828,0.09116809070110321,0.8320000171661377,0.8294000029563904
YKR095W,YGR161C-D,0,-0.025450494,0.09115809947252274,0.8320000171661377,0.8295000195503235
YGL116W,YER108C,0,-0.02548141,0.09114811569452286,0.8320000171661377,0.8295999765396118
YCL051W,YML013W,0,-0.025493782,0.09113813191652298,0.8320000171661377,0.8296999931335449
YHR079C-B,YCL035C,0,-0.025526237,0.0911281481385231,0.8320000171661377,0.829800009727478
YOL067C,YIL036W,1,-0.02592231,0.091227687895298,0.8330000042915344,0.829800009727478
YOL098C,YHR103W,0,-0.025940742,0.09121769666671753,0.8330000042915344,0.8299000263214111
YMR274C,YBR028C,0,-0.025973488,0.09120770543813705,0.8330000042915344,0.8299999833106995
YFR016C,YBR091C,0,-0.025980618,0.09119772166013718,0.8330000042915344,0.8300999999046326
YBR086C,YLL067C,0,-0.025981009,0.0911877378821373,0.8330000042915344,0.8302000164985657
YCR065W,YKL063C,0,-0.026017006,0.09117776155471802,0.8330000042915344,0.830299973487854
YOL042W,YFR014C,0,-0.026038188,0.09116777777671814,0.8330000042915344,0.8303999900817871
YPL105C,YGR178C,0,-0.026134055,0.09115780144929886,0.8330000042915344,0.8305000066757202
YLR227W-A,YOR019W,0,-0.026224982,0.09114782512187958,0.8330000042915344,0.8306000232696533
YPL007C,YER045C,1,-0.0262702,0.09124726802110672,0.8339999914169312,0.8306000232696533
YKR078W,YKL155C,0,-0.026310895,0.09123728424310684,0.8339999914169312,0.8306999802589417
YGL194C,YER071C,0,-0.026453283,0.09122730046510696,0.8339999914169312,0.8307999968528748
YJL021C,YIL008W,0,-0.026552226,0.09121732413768768,0.8339999914169312,0.8309000134468079
YMR318C,YML102W,0,-0.026556697,0.0912073478102684,0.8339999914169312,0.8309999704360962
YBR254C,YLR023C,0,-0.02660963,0.09119737893342972,0.8339999914169312,0.8310999870300293
YLL066C,YKL060C,0,-0.026626866,0.09118740260601044,0.8339999914169312,0.8312000036239624
YPR161C,YLR324W,0,-0.026640262,0.09117743372917175,0.8339999914169312,0.8313000202178955
YIL053W,YBR086C,0,-0.026657354,0.09116746485233307,0.8339999914169312,0.8313999772071838
YOR192C,YFR034C,0,-0.02672493,0.09115750342607498,0.8339999914169312,0.8314999938011169
YFR024C,YOR019W,0,-0.02679295,0.0911475419998169,0.8339999914169312,0.83160001039505
YJL011C,YER028C,1,-0.026811149,0.09124685823917389,0.8349999785423279,0.83160001039505
YDR362C,YER028C,1,-0.02681401,0.09134615212678909,0.8360000252723694,0.83160001039505
YKL045W,YER149C,0,-0.026905667,0.09133617579936981,0.8360000252723694,0.8317000269889832
YLR451W,YCL064C,0,-0.026969086,0.09132619947195053,0.8360000252723694,0.8317999839782715
YER100W,YOR236W,0,-0.026980259,0.09131622314453125,0.8360000252723694,0.8319000005722046
YDR045C,YMR237W,0,-0.026998948,0.09130624681711197,0.8360000252723694,0.8320000171661377
YMR175W,YER041W,0,-0.02703378,0.09129627794027328,0.8360000252723694,0.832099974155426
YDR435C,YKR049C,0,-0.027089473,0.0912863090634346,0.8360000252723694,0.8321999907493591
YMR015C,YIL008W,0,-0.02709527,0.09127634018659592,0.8360000252723694,0.8323000073432922
YGR047C,YGR274C,1,-0.027122978,0.09137554466724396,0.8370000123977661,0.8323000073432922
YCR058C,YKL051W,0,-0.027162753,0.09136556833982468,0.8370000123977661,0.8324000239372253
YER007C-A,YNL294C,0,-0.027363002,0.09135559946298599,0.8370000123977661,0.8324999809265137
YNL023C,YGR138C,0,-0.027521499,0.09134563058614731,0.8370000123977661,0.8325999975204468
YHR205W,YGL006W,0,-0.027558688,0.09133566170930862,0.8370000123977661,0.8327000141143799
YOR262W,YPR068C,0,-0.027667273,0.09132569283246994,0.8370000123977661,0.8327999711036682
YHR210C,YDR361C,0,-0.027829412,0.09131573140621185,0.8370000123977661,0.8328999876976013
YIL053W,YGL087C,0,-0.027842116,0.09130576997995377,0.8370000123977661,0.8330000042915344
YOL098C,YLR058C,0,-0.027862351,0.09129580855369568,0.8370000123977661,0.8331000208854675
YBR189W,YJL180C,0,-0.028077174,0.09128585457801819,0.8370000123977661,0.8331999778747559
YDR515W,YGR109W-A,0,-0.028107885,0.0912759006023407,0.8370000123977661,0.833299994468689
YCL029C,YNR059W,0,-0.028188176,0.09126594662666321,0.8370000123977661,0.8334000110626221
YFR024C,YNL278W,0,-0.028224174,0.09125600010156631,0.8370000123977661,0.8335000276565552
YGL207W,YGL112C,1,-0.02824758,0.09135506302118301,0.8379999995231628,0.8335000276565552
YMR274C,YBR248C,0,-0.028493192,0.09134510904550552,0.8379999995231628,0.8335999846458435
YHR096C,YGR060W,0,-0.028503608,0.09133514761924744,0.8379999995231628,0.8337000012397766
YFR047C,YJL098W,0,-0.028524283,0.09132519364356995,0.8379999995231628,0.8338000178337097
YHR205W,YAL007C,0,-0.028611999,0.09131524711847305,0.8379999995231628,0.833899974822998
YLL031C,YOR341W,0,-0.028816149,0.09130529314279556,0.8379999995231628,0.8339999914169312
YGR057C,YOR258W,0,-0.0290086,0.09129534661769867,0.8379999995231628,0.8341000080108643
YOR004W,YDR430C,0,-0.029051136,0.09128540009260178,0.8379999995231628,0.8342000246047974
YGR181W,YGL049C,0,-0.029064056,0.09127546101808548,0.8379999995231628,0.8342999815940857
YPR148C,YGR260W,0,-0.02910892,0.09126552194356918,0.8379999995231628,0.8343999981880188
YHR165C,YCR016W,0,-0.02919035,0.09125558286905289,0.8379999995231628,0.8345000147819519
YGR005C,YER028C,1,-0.029326152,0.09135452657938004,0.8389999866485596,0.8345000147819519
YDR148C,YCR106W,0,-0.029355641,0.09134458005428314,0.8389999866485596,0.8345999717712402
YNL051W,YGR078C,0,-0.029414464,0.09133464097976685,0.8389999866485596,0.8346999883651733
YPR037C,YGL087C,0,-0.029417273,0.09132469445466995,0.8389999866485596,0.8348000049591064
YLL018C,YBR015C,0,-0.029477183,0.09131475538015366,0.8389999866485596,0.8349000215530396
YGR120C,YGR094W,0,-0.029500287,0.09130482375621796,0.8389999866485596,0.8349999785423279
YPL224C,YBR094W,0,-0.029552538,0.09129488468170166,0.8389999866485596,0.835099995136261
YJL162C,YBR065C,0,-0.029587861,0.09128495305776596,0.8389999866485596,0.8352000117301941
YJR042W,YDR471W,0,-0.029799428,0.09127502143383026,0.8389999866485596,0.8353000283241272
YKR093W,YOL059W,0,-0.029857617,0.09126508980989456,0.8389999866485596,0.8353999853134155
YDR345C,YHR080C,0,-0.029965006,0.09125516563653946,0.8389999866485596,0.8355000019073486
YPL239W,YLR058C,0,-0.02998295,0.09124524146318436,0.8389999866485596,0.8356000185012817
YNL137C,YGL096W,0,-0.030056875,0.09123531728982925,0.8389999866485596,0.8356999754905701
YPR158W-B,YFR053C,0,-0.030200295,0.09122540056705475,0.8389999866485596,0.8357999920845032
YBL038W,YGR142W,0,-0.030205596,0.09121548384428024,0.8389999866485596,0.8359000086784363
YDR280W,YDR316W-B,0,-0.030249253,0.09120556712150574,0.8389999866485596,0.8360000252723694
YMR243C,YBL100W-B,0,-0.030253958,0.09119565039873123,0.8389999866485596,0.8360999822616577
YAL002W,YNL317W,0,-0.030312743,0.09118574112653732,0.8389999866485596,0.8361999988555908
YPL063W,YAL026C,0,-0.030332576,0.09117583185434341,0.8389999866485596,0.8363000154495239
YOR383C,YEL032W,0,-0.03069881,0.0911659225821495,0.8389999866485596,0.8363999724388123
YMR076C,YGL006W,0,-0.030719873,0.0911560207605362,0.8389999866485596,0.8364999890327454
YGL028C,YER081W,0,-0.030767258,0.09114611893892288,0.8389999866485596,0.8366000056266785
YHR009C,YPL239W,0,-0.030834544,0.09113621711730957,0.8389999866485596,0.8367000222206116
YPR161C,YMR041C,0,-0.030863598,0.09112631529569626,0.8389999866485596,0.8367999792098999
YOL096C,YHL035C,0,-0.030942436,0.09111642092466354,0.8389999866485596,0.836899995803833
YDR323C,YPL036W,0,-0.030982297,0.09110652655363083,0.8389999866485596,0.8370000123977661
YDR087C,YJR096W,0,-0.031164985,0.09109663218259811,0.8389999866485596,0.8371000289916992
YMR055C,YPR141C,0,-0.031219874,0.091086745262146,0.8389999866485596,0.8371999859809875
YMR232W,YER139C,0,-0.031266578,0.09107685834169388,0.8389999866485596,0.8373000025749207
YBL008W,YDR412W,0,-0.0312744,0.09106697142124176,0.8389999866485596,0.8374000191688538
YOR045W,YDR002W,0,-0.031330686,0.09105708450078964,0.8389999866485596,0.8374999761581421
YML081W,YOL009C,0,-0.03149982,0.09104720503091812,0.8389999866485596,0.8375999927520752
YNL054W,YPL233W,0,-0.031580262,0.0910373255610466,0.8389999866485596,0.8377000093460083
YFR024C,YHR020W,0,-0.031664804,0.09102744609117508,0.8389999866485596,0.8378000259399414
YOR032C,YNL054W-A,0,-0.031742405,0.09101757407188416,0.8389999866485596,0.8378999829292297
YPR034W,YDR019C,0,-0.031743895,0.09100770205259323,0.8389999866485596,0.8379999995231628
YOR320C,YHR111W,0,-0.03194284,0.09099783003330231,0.8389999866485596,0.838100016117096
YHR185C,YDR350C,0,-0.031951893,0.09098796546459198,0.8389999866485596,0.8381999731063843
YKR096W,YIL005W,0,-0.03204486,0.09097809344530106,0.8389999866485596,0.8382999897003174
YLR442C,YOL012C,0,-0.032074567,0.09096822887659073,0.8389999866485596,0.8384000062942505
YPL120W,YDR439W,0,-0.032150403,0.090958371758461,0.8389999866485596,0.8385000228881836
YOL089C,YJL011C,1,-0.03215457,0.09105691313743591,0.8399999737739563,0.8385000228881836
YDR345C,YLR007W,0,-0.03225797,0.09104704111814499,0.8399999737739563,0.8385999798774719
YPL203W,YPR010C,0,-0.032288503,0.09103717654943466,0.8399999737739563,0.838699996471405
YJL110C,YDR190C,0,-0.032392208,0.09102730453014374,0.8399999737739563,0.8388000130653381
YPL183C,YOR011W,0,-0.032393947,0.09101744741201401,0.8399999737739563,0.8389000296592712
YOL098C,YDR108W,0,-0.03243592,0.09100758284330368,0.8399999737739563,0.8389999866485596
YGR254W,YML096W,0,-0.03245709,0.09099772572517395,0.8399999737739563,0.8391000032424927
YOR241W,YFR038W,0,-0.032565024,0.09098786860704422,0.8399999737739563,0.8392000198364258
YDR343C,YML086C,0,-0.032642715,0.09097801148891449,0.8399999737739563,0.8392999768257141
YPR067W,YLR220W,0,-0.032664802,0.09096816182136536,0.8399999737739563,0.8393999934196472
YMR243C,YDR361C,0,-0.032687742,0.09095831215381622,0.8399999737739563,0.8395000100135803
YNL031C,YDL243C,0,-0.032734368,0.09094846248626709,0.8399999737739563,0.8396000266075134
YBR016W,YAL030W,0,-0.032760408,0.09093861281871796,0.8399999737739563,0.8396999835968018
YDL220C,YOR172W,0,-0.03293464,0.09092877060174942,0.8399999737739563,0.8398000001907349
YJR027W,YBR268W,0,-0.032951195,0.09091892838478088,0.8399999737739563,0.839900016784668
YER044C-A,YDR365W-A,0,-0.03295281,0.09090909361839294,0.8399999737739563,0.8399999737739563
YPL122C,YDR460W,1,-0.033073794,0.09100746363401413,0.8410000205039978,0.8399999737739563
YAL030W,YNL111C,0,-0.03310683,0.0909976214170456,0.8410000205039978,0.8400999903678894
YLR001C,YDL012C,0,-0.033247437,0.09098777174949646,0.8410000205039978,0.8402000069618225
YNL056W,YPL198W,0,-0.033336353,0.09097792953252792,0.8410000205039978,0.8403000235557556
YKL110C,YLR056W,0,-0.033346694,0.09096808731555939,0.8410000205039978,0.840399980545044
YKL029C,YPL173W,0,-0.03342862,0.09095825254917145,0.8410000205039978,0.840499997138977
YFL021W,YNL039W,1,-0.033453647,0.09105655550956726,0.8420000076293945,0.840499997138977
YML100W,YER127W,0,-0.03360932,0.09104671329259872,0.8420000076293945,0.8406000137329102
YOR101W,YOR032C,0,-0.033793796,0.09103687107563019,0.8420000076293945,0.8406999707221985
YPR110C,YLR352W,0,-0.03381869,0.09102702885866165,0.8420000076293945,0.8407999873161316
YOR004W,YFR025C,0,-0.033845138,0.09101718664169312,0.8420000076293945,0.8409000039100647
YPR057W,YNL176C,0,-0.033948977,0.09100735187530518,0.8420000076293945,0.8410000205039978
YMR001C,YBL014C,0,-0.033953648,0.09099751710891724,0.8420000076293945,0.8410999774932861
YHR006W,YNR052C,0,-0.03412221,0.0909876823425293,0.8420000076293945,0.8411999940872192
YGL073W,YLR363C,0,-0.034197714,0.09097784757614136,0.8420000076293945,0.8413000106811523
YDR176W,YBL014C,0,-0.034239817,0.09096802026033401,0.8420000076293945,0.8414000272750854
YOR241W,YMR131C,0,-0.034261625,0.09095819294452667,0.8420000076293945,0.8414999842643738
YKL014C,YML031W,0,-0.034525644,0.09094836562871933,0.8420000076293945,0.8416000008583069
YDR075W,YCR018C,0,-0.034612324,0.09093854576349258,0.8420000076293945,0.84170001745224
YOR068C,YBR065C,0,-0.034766648,0.09092872589826584,0.8420000076293945,0.8417999744415283
YOR065W,YDR359C,0,-0.034778904,0.09091890603303909,0.8420000076293945,0.8418999910354614
YDR092W,YGL219C,0,-0.034806665,0.09090909361839294,0.8420000076293945,0.8420000076293945
YOL084W,YLR181C,0,-0.034896377,0.0908992737531662,0.8420000076293945,0.8421000242233276
YPL105C,YDR007W,0,-0.035054985,0.09088946133852005,0.8420000076293945,0.842199981212616
YPL056C,YPR148C,0,-0.03520116,0.0908796563744545,0.8420000076293945,0.8422999978065491
YOR262W,YGR142W,0,-0.035314064,0.09086984395980835,0.8420000076293945,0.8424000144004822
YDL018C,YER108C,0,-0.035354387,0.0908600389957428,0.8420000076293945,0.8424999713897705
YPL225W,YDR517W,0,-0.035388295,0.09085023403167725,0.8420000076293945,0.8425999879837036
YOR191W,YCR086W,0,-0.03552952,0.09084043651819229,0.8420000076293945,0.8427000045776367
YDL230W,YDR464W,0,-0.03570204,0.09083063900470734,0.8420000076293945,0.8428000211715698
YHL017W,YDL119C,0,-0.035790347,0.09082084149122238,0.8420000076293945,0.8428999781608582
YDR145W,YFL021W,1,-0.0358126,0.0909188985824585,0.8429999947547913,0.8428999781608582
YNR033W,YDR135C,0,-0.035820004,0.09090909361839294,0.8429999947547913,0.8429999947547913
YLR277C,YDR412W,0,-0.03584048,0.09089928865432739,0.8429999947547913,0.8431000113487244
YGL063W,YGR211W,0,-0.035953816,0.09088949114084244,0.8429999947547913,0.8432000279426575
YGR217W,YMR072W,0,-0.035983954,0.09087968617677689,0.8429999947547913,0.8432999849319458
YDR427W,YDL220C,0,-0.036073353,0.09086989611387253,0.8429999947547913,0.8434000015258789
YBL013W,YDR273W,0,-0.0360921,0.09086009860038757,0.8429999947547913,0.843500018119812
YDL105W,YDR098C-B,0,-0.03625126,0.09085030853748322,0.8429999947547913,0.8435999751091003
YLR284C,YFL061W,0,-0.036251795,0.09084051847457886,0.8429999947547913,0.8436999917030334
YJL011C,YGR274C,1,-0.03625607,0.09093847870826721,0.843999981880188,0.8436999917030334
YER102W,YBR131W,0,-0.036270384,0.09092868119478226,0.843999981880188,0.8438000082969666
YML133C,YHR170W,0,-0.036287125,0.0909188836812973,0.843999981880188,0.8439000248908997
YDR167W,YML114C,1,-0.036396887,0.09101680666208267,0.8450000286102295,0.8439000248908997
YPR068C,YKL051W,0,-0.03642817,0.09100700169801712,0.8450000286102295,0.843999981880188
YPL115C,YOL076W,0,-0.03650218,0.09099719673395157,0.8450000286102295,0.8440999984741211
YDR407C,YOR358W,0,-0.03658535,0.09098739922046661,0.8450000286102295,0.8442000150680542
YDR284C,YML047C,0,-0.036649827,0.09097760915756226,0.8450000286102295,0.8442999720573425
YLR052W,YLR075W,0,-0.036754843,0.0909678116440773,0.8450000286102295,0.8443999886512756
YGR024C,YLR001C,0,-0.036766443,0.09095802158117294,0.8450000286102295,0.8445000052452087
YFL021W,YBL103C,1,-0.03676976,0.09105586260557175,0.8460000157356262,0.8445000052452087
YNL246W,YMR035W,0,-0.036851507,0.0910460576415062,0.8460000157356262,0.8446000218391418
YPR188C,YOR383C,0,-0.036859684,0.09103626757860184,0.8460000157356262,0.8446999788284302
YFR027W,YNL156C,0,-0.036927406,0.09102647006511688,0.8460000157356262,0.8447999954223633
YJR109C,YLR384C,0,-0.036971323,0.09101667255163193,0.8460000157356262,0.8449000120162964
YDL108W,YPL202C,1,-0.0370056,0.09111446142196655,0.847000002861023,0.8449000120162964
YOR090C,YPL156C,0,-0.037057962,0.091104656457901,0.847000002861023,0.8450000286102295
YCR105W,YPR057W,0,-0.037383396,0.09109485894441605,0.847000002861023,0.8450999855995178
YKL054C,YBR034C,0,-0.037412528,0.09108506143093109,0.847000002861023,0.8452000021934509
YLR023C,YPL178W,0,-0.037437093,0.09107527136802673,0.847000002861023,0.845300018787384
YDR160W,YGL045W,0,-0.037521984,0.09106547385454178,0.847000002861023,0.8453999757766724
YDR345C,YBR295W,0,-0.03760257,0.09105568379163742,0.847000002861023,0.8454999923706055
YGL063W,YMR001C,0,-0.03774034,0.09104590117931366,0.847000002861023,0.8456000089645386
YMR232W,YHR113W,0,-0.03815486,0.0910361111164093,0.847000002861023,0.8457000255584717
YMR048W,YGL045W,0,-0.038193967,0.09102632850408554,0.847000002861023,0.84579998254776
YIL106W,YLR288C,0,-0.03820041,0.09101654589176178,0.847000002861023,0.8458999991416931
YKL045W,YBR069C,0,-0.038346708,0.09100677073001862,0.847000002861023,0.8460000157356262
YAR033W,YDR244W,0,-0.03842144,0.09099698811769485,0.847000002861023,0.8460999727249146
YAL068C,YLR189C,0,-0.03845818,0.09098721295595169,0.847000002861023,0.8461999893188477
YFR047C,YDR129C,0,-0.038495284,0.09097744524478912,0.847000002861023,0.8463000059127808
YDL220C,YHR005C,0,-0.038523417,0.09096767008304596,0.847000002861023,0.8464000225067139
YLR324W,YGL045W,0,-0.038523782,0.09095790237188339,0.847000002861023,0.8464999794960022
YLR102C,YGR142W,0,-0.038547035,0.09094813466072083,0.847000002861023,0.8465999960899353
YGL061C,YER129W,0,-0.03855597,0.09093837440013885,0.847000002861023,0.8467000126838684
YFR024C,YER038C,0,-0.03877227,0.09092860668897629,0.847000002861023,0.8468000292778015
YAL001C,YPR186C,1,-0.038948823,0.0910261943936348,0.8479999899864197,0.8468000292778015
YGR094W,YGL111W,0,-0.038972203,0.09101641923189163,0.8479999899864197,0.8468999862670898
YDL175C,YNR055C,0,-0.03903236,0.09100665152072906,0.8479999899864197,0.847000002861023
YGL098W,YBR149W,0,-0.03915051,0.0909968912601471,0.8479999899864197,0.847100019454956
YKL006C-A,YBR060C,0,-0.039217718,0.09098712354898453,0.8479999899864197,0.8471999764442444
YPR161C,YER108C,0,-0.039225355,0.09097736328840256,0.8479999899864197,0.8472999930381775
YDR098C-B,YCR021C,0,-0.039234735,0.09096760302782059,0.8479999899864197,0.8474000096321106
YOR045W,YOR026W,0,-0.03938369,0.09095784276723862,0.8479999899864197,0.8475000262260437
YGR181W,YHR088W,0,-0.039410543,0.09094808995723724,0.8479999899864197,0.847599983215332
YIL107C,YMR040W,0,-0.039413016,0.09093833714723587,0.8479999899864197,0.8476999998092651
YDR098C-B,YGR208W,0,-0.0395027,0.0909285843372345,0.8479999899864197,0.8478000164031982
YDL149W,YJL196C,0,-0.039524842,0.09091883897781372,0.8479999899864197,0.8478999733924866
YJL011C,YNL039W,1,-0.03985655,0.09101629257202148,0.8489999771118164,0.8478999733924866
YBR043C,YPR034W,0,-0.040041473,0.09100653976202011,0.8489999771118164,0.8479999899864197
YJR084W,YML004C,0,-0.04017372,0.09099678695201874,0.8489999771118164,0.8481000065803528
YDR280W,YEL048C,0,-0.040200602,0.09098703414201736,0.8489999771118164,0.8482000231742859
YDR435C,YIL137C,0,-0.040219277,0.09097728133201599,0.8489999771118164,0.8482999801635742
YOL023W,YAL030W,0,-0.04022273,0.09096753597259521,0.8489999771118164,0.8483999967575073
YIL013C,YKL196C,0,-0.040252056,0.09095779061317444,0.8489999771118164,0.8485000133514404
YDL230W,YDR023W,0,-0.04028208,0.09094804525375366,0.8489999771118164,0.8485999703407288
YKR085C,YGR161C-D,0,-0.040507656,0.09093829989433289,0.8489999771118164,0.8486999869346619
YIL007C,YAR033W,0,-0.040596943,0.0909285619854927,0.8489999771118164,0.848800003528595
YDR482C,YIL154C,0,-0.04069991,0.09091882407665253,0.8489999771118164,0.8489000201225281
YKL026C,YCR018C,0,-0.040702622,0.09090909361839294,0.8489999771118164,0.8489999771118164
YIL143C,YEL009C,1,-0.04074301,0.09100642055273056,0.8500000238418579,0.8489999771118164
YLR131C,YOL076W,0,-0.040836237,0.09099668264389038,0.8500000238418579,0.8490999937057495
YDR210C-D,YJL012C,0,-0.040901925,0.0909869372844696,0.8500000238418579,0.8492000102996826
YMR005W,YML015C,1,-0.040924188,0.09108423441648483,0.8510000109672546,0.8492000102996826
YBR162W-A,YDR464W,0,-0.04104351,0.09107448905706406,0.8510000109672546,0.8493000268936157
YKL029C,YLR323C,0,-0.04112022,0.09106474369764328,0.8510000109672546,0.849399983882904
YPR143W,YLR058C,0,-0.04128125,0.0910549983382225,0.8510000109672546,0.8495000004768372
YOL144W,YBR208C,0,-0.04131567,0.09104525297880173,0.8510000109672546,0.8496000170707703
YOR250C,YDR078C,0,-0.041368376,0.09103551506996155,0.8510000109672546,0.8496999740600586
YIL143C,YDR167W,1,-0.04139876,0.0911327451467514,0.8519999980926514,0.8496999740600586
YNR030W,YJL208C,0,-0.041772902,0.09112299233675003,0.8519999980926514,0.8497999906539917
YHR170W,YHL006C,0,-0.041827377,0.09111324697732925,0.8519999980926514,0.8499000072479248
YDR098C-A,YCL016C,0,-0.041902345,0.09110350906848907,0.8519999980926514,0.8500000238418579
YHR096C,YOR372C,0,-0.041903865,0.0910937637090683,0.8519999980926514,0.8500999808311462
YDL160C,YJL089W,0,-0.041933034,0.09108402580022812,0.8519999980926514,0.8501999974250793
YLR006C,YMR015C,0,-0.04198527,0.09107429534196854,0.8519999980926514,0.8503000140190125
YGR161W-A,YOR113W,0,-0.042005252,0.09106455743312836,0.8519999980926514,0.8503999710083008
YNL199C,YLR011W,0,-0.042249214,0.09105482697486877,0.8519999980926514,0.8504999876022339
YDR386W,YNR071C,0,-0.042472344,0.09104509651660919,0.8519999980926514,0.850600004196167
YOL069W,YGR170W,0,-0.042524498,0.09103536605834961,0.8519999980926514,0.8507000207901001
YER100W,YBL031W,0,-0.042542215,0.09102564305067062,0.8519999980926514,0.8507999777793884
YNL183C,YDR463W,0,-0.042560186,0.09101592004299164,0.8519999980926514,0.8508999943733215
YOL154W,YGR129W,0,-0.042594116,0.09100619703531265,0.8519999980926514,0.8510000109672546
YMR175W,YML082W,0,-0.042807203,0.09099647402763367,0.8519999980926514,0.8511000275611877
YNL059C,YCR044C,0,-0.04286829,0.09098675847053528,0.8519999980926514,0.8511999845504761
YDR460W,YPL177C,1,-0.04290088,0.091083824634552,0.8529999852180481,0.8511999845504761
YDL209C,YML076C,0,-0.042923767,0.09107409417629242,0.8529999852180481,0.8513000011444092
YKL006C-A,YPL076W,0,-0.043054532,0.09106437861919403,0.8529999852180481,0.8514000177383423
YOL020W,YBL013W,0,-0.04310524,0.09105465561151505,0.8529999852180481,0.8514999747276306
YFR024C-A,YLR006C,0,-0.04311857,0.09104493260383606,0.8529999852180481,0.8515999913215637
YDR500C,YML096W,0,-0.043197732,0.09103521704673767,0.8529999852180481,0.8517000079154968
YGR244C,YLR260W,0,-0.04344232,0.09102550148963928,0.8529999852180481,0.8518000245094299
YNL111C,YCR038C,0,-0.043485086,0.09101579338312149,0.8529999852180481,0.8518999814987183
YEL048C,YLR017W,0,-0.04361222,0.0910060778260231,0.8529999852180481,0.8519999980926514
YOR264W,YGR161C-D,0,-0.043618858,0.09099636971950531,0.8529999852180481,0.8521000146865845
YPL198W,YJL208C,0,-0.043819975,0.09098666906356812,0.8529999852180481,0.8521999716758728
YGL063W,YMR048W,0,-0.043823596,0.09097696095705032,0.8529999852180481,0.8522999882698059
YPR158W-B,YIL098C,0,-0.043838467,0.09096726030111313,0.8529999852180481,0.852400004863739
YMR227C,YML015C,1,-0.043922078,0.09106419235467911,0.8539999723434448,0.852400004863739
YPL146C,YHR024C,0,-0.044013534,0.09105448424816132,0.8539999723434448,0.8525000214576721
YLR315W,YHR190W,0,-0.044078957,0.09104477614164352,0.8539999723434448,0.8525999784469604
YGR057C,YKR031C,0,-0.04408617,0.09103506803512573,0.8539999723434448,0.8526999950408936
YER028C,YPR056W,1,-0.04413313,0.09113195538520813,0.8550000190734863,0.8526999950408936
YDR311W,YGL207W,1,-0.04436572,0.09122882038354874,0.8560000061988831,0.8526999950408936
YPL043W,YHR201C,0,-0.04436971,0.09121909737586975,0.8560000061988831,0.8528000116348267
YLL024C,YBR003W,0,-0.04444776,0.09120937436819077,0.8560000061988831,0.8529000282287598
YOR091W,YDR210C-D,0,-0.04455528,0.09119965881109238,0.8560000061988831,0.8529999852180481
YML107C,YDR111C,0,-0.04468241,0.09118994325399399,0.8560000061988831,0.8531000018119812
YKL016C,YIL096C,0,-0.04475515,0.0911802276968956,0.8560000061988831,0.8532000184059143
YDL220C,YKL043W,0,-0.044757027,0.09117051959037781,0.8560000061988831,0.8532999753952026
YKL016C,YIL130W,0,-0.044766694,0.09116081148386002,0.8560000061988831,0.8533999919891357
YHR205W,YGR161C-D,0,-0.044837657,0.09115110337734222,0.8560000061988831,0.8535000085830688
YDR256C,YKL197C,0,-0.044952955,0.09114139527082443,0.8560000061988831,0.853600025177002
YBR123C,YGR186W,1,-0.044978205,0.09123815596103668,0.8569999933242798,0.853600025177002
YOR091W,YEL051W,0,-0.044979107,0.0912284404039383,0.8569999933242798,0.8536999821662903
YBR038W,YGR161C-D,0,-0.045038786,0.0912187322974205,0.8569999933242798,0.8537999987602234
YDR422C,YER072W,0,-0.045068648,0.09120902419090271,0.8569999933242798,0.8539000153541565
YOL103W-A,YKL192C,0,-0.045180023,0.09119931608438492,0.8569999933242798,0.8539999723434448
YDR165W,YGR161C-D,0,-0.04521261,0.09118961542844772,0.8569999933242798,0.8540999889373779
YER142C,YML031W,0,-0.04526629,0.09117991477251053,0.8569999933242798,0.854200005531311
YBL013W,YHR033W,0,-0.04531069,0.09117021411657333,0.8569999933242798,0.8543000221252441
YCR021C,YHL035C,0,-0.045340102,0.09116051346063614,0.8569999933242798,0.8543999791145325
YBR254C,YOR103C,0,-0.045721497,0.09115082025527954,0.8569999933242798,0.8544999957084656
YOL061W,YDR384C,0,-0.045805007,0.09114112704992294,0.8569999933242798,0.8546000123023987
YNL318C,YPR106W,0,-0.046077143,0.09113143384456635,0.8569999933242798,0.8547000288963318
YLR058C,YNR052C,0,-0.046227377,0.09112174063920975,0.8569999933242798,0.8547999858856201
YKR079C,YJL197W,0,-0.04622854,0.09111205488443375,0.8569999933242798,0.8549000024795532
YDL160C,YKR077W,0,-0.04627772,0.09110236912965775,0.8569999933242798,0.8550000190734863
YBR211C,YLR435W,0,-0.0463918,0.09109268337488174,0.8569999933242798,0.8550999760627747
YLR249W,YNR071C,0,-0.046532545,0.09108300507068634,0.8569999933242798,0.8551999926567078
YNL183C,YML041C,0,-0.04659492,0.09107332676649094,0.8569999933242798,0.8553000092506409
YNL059C,YER143W,0,-0.046600964,0.09106364846229553,0.8569999933242798,0.855400025844574
YML069W,YDR448W,1,-0.04660543,0.09116022288799286,0.8579999804496765,0.855400025844574
YJL054W,YMR220W,0,-0.046897095,0.09115053713321686,0.8579999804496765,0.8554999828338623
YKR096W,YER023W,0,-0.047064494,0.09114085137844086,0.8579999804496765,0.8555999994277954
YNL284C-B,YEL048C,0,-0.04732569,0.09113117307424545,0.8579999804496765,0.8557000160217285
YGL166W,YKR062W,1,-0.047335234,0.0912276953458786,0.859000027179718,0.8557000160217285
YER176W,YER023W,0,-0.047400955,0.0912180095911026,0.859000027179718,0.8557999730110168
YGR161W-A,YMR322C,0,-0.047424242,0.0912083238363266,0.859000027179718,0.85589998960495
YLR175W,YPL233W,0,-0.047440197,0.0911986380815506,0.859000027179718,0.8560000061988831
YNL199C,YOR271C,0,-0.04749943,0.0911889597773552,0.859000027179718,0.8561000227928162
YKL029C,YNL164C,0,-0.047562625,0.09117928147315979,0.859000027179718,0.8561999797821045
YMR156C,YCL067C,0,-0.047668066,0.09116960316896439,0.859000027179718,0.8562999963760376
YLR185W,YBR168W,0,-0.047684576,0.09115992486476898,0.859000027179718,0.8564000129699707
YGL244W,YIL143C,1,-0.047692966,0.09125636518001556,0.8600000143051147,0.8564000129699707
YBR109C,YLR313C,0,-0.047837954,0.09124668687582016,0.8600000143051147,0.8565000295639038
YOR032C,YPL168W,0,-0.04803994,0.09123700112104416,0.8600000143051147,0.8565999865531921
YDR227W,YFR034C,0,-0.048163712,0.09122732281684875,0.8600000143051147,0.8567000031471252
YDR471W,YEL048C,0,-0.048166607,0.09121765196323395,0.8600000143051147,0.8568000197410583
YJR123W,YML031W,0,-0.048238788,0.09120797365903854,0.8600000143051147,0.8568999767303467
YPL100W,YDR316W-B,0,-0.048288647,0.09119830280542374,0.8600000143051147,0.8569999933242798
YGL231C,YLR054C,0,-0.048329808,0.09118863195180893,0.8600000143051147,0.8571000099182129
YHR001W-A,YOR271C,0,-0.04834062,0.09117896854877472,0.8600000143051147,0.857200026512146
YFR010W,YCR038C,0,-0.048534658,0.09116929769515991,0.8600000143051147,0.8572999835014343
YLR085C,YJR048W,0,-0.048543368,0.0911596342921257,0.8600000143051147,0.8574000000953674
YGR260W,YDL076C,0,-0.048688184,0.09114997088909149,0.8600000143051147,0.8575000166893005
YJL098W,YOR011W,0,-0.04871143,0.09114031493663788,0.8600000143051147,0.8575999736785889
YGL073W,YOR001W,0,-0.048890427,0.09113065898418427,0.8600000143051147,0.857699990272522
YOL089C,YOR194C,1,-0.048924137,0.0912269577383995,0.8610000014305115,0.857699990272522
YOR316C,YMR275C,0,-0.049049363,0.0912172868847847,0.8610000014305115,0.8578000068664551
YDL093W,YAL051W,0,-0.04938901,0.09120762348175049,0.8610000014305115,0.8579000234603882
YML100W,YDL235C,0,-0.04944026,0.09119796752929688,0.8610000014305115,0.8579999804496765
YPR037C,YIL043C,0,-0.049466003,0.09118830412626266,0.8610000014305115,0.8580999970436096
YNL190W,YEL006W,0,-0.049733084,0.09117864817380905,0.8610000014305115,0.8582000136375427
YOL055C,YIL144W,0,-0.049751956,0.09116899967193604,0.8610000014305115,0.858299970626831
YNR032C-A,YPR114W,0,-0.049791902,0.09115934371948242,0.8610000014305115,0.8583999872207642
YOR358W,YKL032C,0,-0.04984184,0.0911496952176094,0.8610000014305115,0.8585000038146973
YOR045W,YJL216C,0,-0.050222553,0.09114004671573639,0.8610000014305115,0.8586000204086304
YNL263C,YGL018C,0,-0.050271284,0.09113039821386337,0.8610000014305115,0.8586999773979187
YDR210C-D,YBR218C,0,-0.05045013,0.09112075716257095,0.8610000014305115,0.8587999939918518
YBR272C,YPL049C,0,-0.050579105,0.09111110866069794,0.8610000014305115,0.8589000105857849
YHL015W,YGR161C-D,0,-0.050918415,0.09110146760940552,0.8610000014305115,0.859000027179718
YBR046C,YNL318C,0,-0.051021915,0.0910918340086937,0.8610000014305115,0.8590999841690063
YOR194C,YOR110W,1,-0.05102289,0.091187983751297,0.8619999885559082,0.8590999841690063
YDR434W,YER167W,0,-0.051097397,0.09117833524942398,0.8619999885559082,0.8592000007629395
YKL191W,YMR243C,0,-0.051133227,0.09116869419813156,0.8619999885559082,0.8593000173568726
YGL139W,YBR188C,0,-0.051140033,0.09115905314683914,0.8619999885559082,0.8593999743461609
YHR202W,YDR176W,0,-0.051324736,0.09114941209554672,0.8619999885559082,0.859499990940094
YOR018W,YDR412W,0,-0.05160032,0.0911397784948349,0.8619999885559082,0.8596000075340271
YJL094C,YKR052C,0,-0.05201001,0.09113013744354248,0.8619999885559082,0.8597000241279602
YDR311W,YNL222W,1,-0.052100588,0.09122621268033981,0.8629999756813049,0.8597000241279602
YNL132W,YMR226C,0,-0.052115206,0.0912165716290474,0.8629999756813049,0.8597999811172485
YPL146C,YGL016W,0,-0.052358907,0.09120693057775497,0.8629999756813049,0.8598999977111816
YHR111W,YGR211W,0,-0.05236162,0.09119729697704315,0.8629999756813049,0.8600000143051147
YML100W,YHR170W,0,-0.052372377,0.09118765592575073,0.8629999756813049,0.8600999712944031
YOL089C,YLR005W,1,-0.052380677,0.09128367900848389,0.8640000224113464,0.8600999712944031
YGR224W,YBR034C,0,-0.052547913,0.09127403050661087,0.8640000224113464,0.8601999878883362
YJR042W,YGR007W,0,-0.05279423,0.09126438945531845,0.8640000224113464,0.8603000044822693
YHR005C,YGL198W,0,-0.052852076,0.09125475585460663,0.8640000224113464,0.8604000210762024
YGR193C,YPR057W,0,-0.05287681,0.09124511480331421,0.8640000224113464,0.8604999780654907
YGR274C,YML098W,1,-0.052968267,0.09134107828140259,0.8650000095367432,0.8604999780654907
YPR105C,YPL021W,0,-0.052981883,0.09133142977952957,0.8650000095367432,0.8605999946594238
YFR027W,YKL087C,0,-0.053048436,0.09132178872823715,0.8650000095367432,0.8607000112533569
YBL103C,YML069W,1,-0.053274248,0.09141771495342255,0.8659999966621399,0.8607000112533569
YOL098C,YBR162W-A,0,-0.053491037,0.09140806645154953,0.8659999966621399,0.86080002784729
YIL019W,YHR194W,0,-0.053716075,0.09139841794967651,0.8659999966621399,0.8608999848365784
YEL005C,YHR118C,0,-0.053795468,0.0913887694478035,0.8659999966621399,0.8610000014305115
YPL280W,YBL014C,0,-0.053957123,0.09137912839651108,0.8659999966621399,0.8611000180244446
YGR080W,YMR225C,0,-0.05401217,0.09136948734521866,0.8659999966621399,0.8611999750137329
YHR205W,YLR023C,0,-0.054069526,0.09135984629392624,0.8659999966621399,0.861299991607666
YHL028W,YHR138C,0,-0.054081913,0.09135021269321442,0.8659999966621399,0.8614000082015991
YNL250W,YPR057W,0,-0.05423106,0.0913405790925026,0.8659999966621399,0.8615000247955322
YDR309C,YER060W-A,0,-0.054326396,0.09133094549179077,0.8659999966621399,0.8615999817848206
YPL141C,YCR031C,0,-0.054379027,0.09132131189107895,0.8659999966621399,0.8616999983787537
YFR050C,YCR063W,0,-0.05445267,0.09131168574094772,0.8659999966621399,0.8618000149726868
YKL048C,YKL197C,0,-0.054471206,0.0913020595908165,0.8659999966621399,0.8618999719619751
YOL067C,YOR110W,1,-0.054505896,0.09139785170555115,0.8669999837875366,0.8618999719619751
YPL013C,YNL038W,0,-0.054620843,0.09138821810483932,0.8669999837875366,0.8619999885559082
YPL120W,YFL049W,0,-0.0549623,0.0913785845041275,0.8669999837875366,0.8621000051498413
YCR091W,YNL066W,0,-0.055025246,0.09136895090341568,0.8669999837875366,0.8622000217437744
YDR280W,YBR268W,0,-0.05528396,0.09135932475328445,0.8669999837875366,0.8622999787330627
YDR384C,YJL083W,0,-0.055383015,0.09134969860315323,0.8669999837875366,0.8623999953269958
YGR003W,YCL001W,0,-0.055418324,0.091340072453022,0.8669999837875366,0.862500011920929
YKL192C,YNL118C,0,-0.05552258,0.09133045375347137,0.8669999837875366,0.8626000285148621
YIL144W,YKR085C,0,-0.055762734,0.09132083505392075,0.8669999837875366,0.8626999855041504
YNL051W,YNL036W,0,-0.05587141,0.09131121635437012,0.8669999837875366,0.8628000020980835
YBL035C,YAL030W,0,-0.05588368,0.09130159765481949,0.8669999837875366,0.8629000186920166
YLR190W,YFR049W,0,-0.055952843,0.09129198640584946,0.8669999837875366,0.8629999756813049
YPL168W,YMR149W,0,-0.056042265,0.09128237515687943,0.8669999837875366,0.863099992275238
YER179W,YOL103W-A,0,-0.056206252,0.0912727639079094,0.8669999837875366,0.8632000088691711
YCL016C,YNL287W,0,-0.05628,0.09126316010951996,0.8669999837875366,0.8633000254631042
YER056C,YOR119C,0,-0.056416582,0.09125354886054993,0.8669999837875366,0.8633999824523926
YEL006W,YER127W,0,-0.056531508,0.09124394506216049,0.8669999837875366,0.8634999990463257
YKL026C,YPL233W,0,-0.056627993,0.09123434871435165,0.8669999837875366,0.8636000156402588
YKL141W,YNL156C,0,-0.05667388,0.09122474491596222,0.8669999837875366,0.8636999726295471
YGR266W,YNL287W,0,-0.056679893,0.09121514856815338,0.8669999837875366,0.8637999892234802
YOR247W,YDR165W,0,-0.05684163,0.09120555222034454,0.8669999837875366,0.8639000058174133
YPL049C,YGL240W,0,-0.056924235,0.0911959633231163,0.8669999837875366,0.8640000224113464
YBR123C,YNL314W,1,-0.057295363,0.09129154682159424,0.8679999709129333,0.8640000224113464
YER028C,YOL012C,0,-0.057346497,0.0912819430232048,0.8679999709129333,0.8640999794006348
YGR080W,YDR078C,0,-0.05743688,0.09127234667539597,0.8679999709129333,0.8641999959945679
YDR300C,YER032W,0,-0.05746978,0.09126275032758713,0.8679999709129333,0.864300012588501
YPR158W-B,YNL288W,0,-0.05759451,0.09125315397977829,0.8679999709129333,0.8644000291824341
YJL013C,YBR015C,0,-0.057778463,0.09124356508255005,0.8679999709129333,0.8644999861717224
YEL005C,YPR055W,0,-0.057916824,0.09123396873474121,0.8679999709129333,0.8646000027656555
YJR108W,YLR189C,0,-0.058155578,0.09122437983751297,0.8679999709129333,0.8647000193595886
YGR044C,YBR149W,0,-0.058176685,0.09121479839086533,0.8679999709129333,0.864799976348877
YJR084W,YHR150W,0,-0.05830543,0.09120520949363708,0.8679999709129333,0.8648999929428101
YOL122C,YPL156C,0,-0.058420938,0.09119562804698944,0.8679999709129333,0.8650000095367432
YJL186W,YMR040W,0,-0.058437694,0.0911860466003418,0.8679999709129333,0.8651000261306763
YGL028C,YER072W,0,-0.058490705,0.09117647260427475,0.8679999709129333,0.8651999831199646
YEL039C,YNL246W,0,-0.05850355,0.0911668911576271,0.8679999709129333,0.8652999997138977
YML021C,YGL111W,0,-0.058677185,0.09115731716156006,0.8679999709129333,0.8654000163078308
YEL018W,YBL091C,0,-0.058687072,0.09114775061607361,0.8679999709129333,0.8654999732971191
YDR309C,YNL062C,0,-0.0587258,0.09113817662000656,0.8679999709129333,0.8655999898910522
YDR210C-D,YBL072C,0,-0.058830466,0.09112861007452011,0.8679999709129333,0.8657000064849854
YHR214C-C,YDL076C,0,-0.05946257,0.09111904352903366,0.8679999709129333,0.8658000230789185
YER031C,YHL050C,0,-0.05956156,0.09110947698354721,0.8679999709129333,0.8658999800682068
YLR442C,YDR092W,0,-0.059644695,0.09109991788864136,0.8679999709129333,0.8659999966621399
YPR154W,YML127W,0,-0.059951104,0.0910903587937355,0.8679999709129333,0.866100013256073
YKL141W,YKL032C,0,-0.060097873,0.09108079969882965,0.8679999709129333,0.8661999702453613
YPR100W,YMR313C,0,-0.060132515,0.0910712406039238,0.8679999709129333,0.8662999868392944
YOR236W,YGL238W,0,-0.060136195,0.09106168895959854,0.8679999709129333,0.8664000034332275
YKL058W,YMR177W,0,-0.060421538,0.09105213731527328,0.8679999709129333,0.8665000200271606
YEL001C,YKL080W,0,-0.060522925,0.09104258567094803,0.8679999709129333,0.866599977016449
YKL149C,YML031W,0,-0.06059302,0.09103303402662277,0.8679999709129333,0.8666999936103821
YFL056C,YIL008W,0,-0.060630877,0.09102348983287811,0.8679999709129333,0.8668000102043152
YOR262W,YER023W,0,-0.060748525,0.09101394563913345,0.8679999709129333,0.8669000267982483
YKL048C,YPL061W,0,-0.060774516,0.0910044014453888,0.8679999709129333,0.8669999837875366
YLR442C,YOL135C,0,-0.06090298,0.09099486470222473,0.8679999709129333,0.8671000003814697
YAR042W,YPL013C,0,-0.060977604,0.09098532795906067,0.8679999709129333,0.8672000169754028
YHR073W,YLR466W,0,-0.061056342,0.0909757912158966,0.8679999709129333,0.8672999739646912
YKL192C,YDR395W,0,-0.061059702,0.09096625447273254,0.8679999709129333,0.8673999905586243
YOR267C,YLR234W,0,-0.06118053,0.09095672518014908,0.8679999709129333,0.8675000071525574
YDL091C,YAL028W,0,-0.0612435,0.09094718843698502,0.8679999709129333,0.8676000237464905
YDR127W,YNL024C,0,-0.061494958,0.09093766659498215,0.8679999709129333,0.8676999807357788
YDR350C,YJR150C,0,-0.061501164,0.09092813730239868,0.8679999709129333,0.8677999973297119
YGR246C,YNL222W,1,-0.061558973,0.09102335572242737,0.8690000176429749,0.8677999973297119
YOL076W,YER102W,0,-0.06163319,0.0910138264298439,0.8690000176429749,0.867900013923645
YDR528W,YER040W,0,-0.06163497,0.09100429713726044,0.8690000176429749,0.8679999709129333
YDR276C,YGL194C,0,-0.061787393,0.09099476784467697,0.8690000176429749,0.8680999875068665
YKR007W,YBR003W,0,-0.06190637,0.0909852385520935,0.8690000176429749,0.8682000041007996
YER149C,YBL031W,0,-0.06201904,0.09097570925951004,0.8690000176429749,0.8683000206947327
YDL012C,YNL161W,0,-0.06202836,0.09096618741750717,0.8690000176429749,0.868399977684021
YKL028W,YKR062W,1,-0.062032655,0.09106133878231049,0.8700000047683716,0.868399977684021
YBR069C,YDR188W,0,-0.06222721,0.09105180203914642,0.8700000047683716,0.8684999942779541
YGL151W,YGR161C-D,0,-0.06234378,0.09104228019714355,0.8700000047683716,0.8686000108718872
YPL122C,YER028C,1,-0.06234924,0.09113738685846329,0.8709999918937683,0.8686000108718872
YDL081C,YOL103W-A,0,-0.062391292,0.09112785011529922,0.8709999918937683,0.8687000274658203
YNL183C,YBL072C,0,-0.062437277,0.09111832082271576,0.8709999918937683,0.8687999844551086
YBR248C,YGL058W,0,-0.062442154,0.0911087840795517,0.8709999918937683,0.8689000010490417
YNL318C,YMR183C,0,-0.062535785,0.09109925478696823,0.8709999918937683,0.8690000176429749
YLR377C,YGL139W,0,-0.06257064,0.09108973294496536,0.8709999918937683,0.8690999746322632
YGL142C,YER005W,0,-0.062824376,0.0910802036523819,0.8709999918937683,0.8691999912261963
YDL081C,YHL050C,0,-0.06283883,0.09107068181037903,0.8709999918937683,0.8693000078201294
YLR056W,YGR094W,0,-0.0628394,0.09106115996837616,0.8709999918937683,0.8694000244140625
YIL052C,YHR194W,0,-0.062902935,0.09105163812637329,0.8709999918937683,0.8694999814033508
YGL104C,YNR033W,0,-0.06290879,0.09104212373495102,0.8709999918937683,0.8695999979972839
YGR047C,YOR194C,1,-0.063065946,0.0911371260881424,0.871999979019165,0.8695999979972839
YOR068C,YOL135C,0,-0.063072234,0.09112759679555893,0.871999979019165,0.869700014591217
YNL317W,YGL018C,0,-0.06308425,0.09111807495355606,0.871999979019165,0.8697999715805054
YOL012C,YLR196W,0,-0.063100256,0.09110856056213379,0.871999979019165,0.8698999881744385
YHL011C,YIL018W,0,-0.06312176,0.09109903872013092,0.871999979019165,0.8700000047683716
YNL142W,YGL111W,0,-0.06326897,0.09108952432870865,0.871999979019165,0.8701000213623047
YHL011C,YGL016W,0,-0.063469805,0.09108000993728638,0.871999979019165,0.870199978351593
YHL028W,YGR161C-D,0,-0.0635651,0.0910704955458641,0.871999979019165,0.8702999949455261
YLL066C,YKL048C,0,-0.06370677,0.09106098860502243,0.871999979019165,0.8704000115394592
YKR078W,YGL126W,0,-0.06373488,0.09105147421360016,0.871999979019165,0.8705000281333923
YKR027W,YHR090C,0,-0.06381652,0.09104197472333908,0.871999979019165,0.8705999851226807
YLR345W,YFR053C,0,-0.06386169,0.0910324677824974,0.871999979019165,0.8707000017166138
YAL059W,YML096W,0,-0.06393168,0.09102296084165573,0.871999979019165,0.8708000183105469
YDR127W,YKL134C,0,-0.063970074,0.09101346135139465,0.871999979019165,0.8708999752998352
YNL031C,YDR098C-B,0,-0.06398413,0.09100396931171417,0.871999979019165,0.8709999918937683
YDL108W,YDR448W,1,-0.06430455,0.09109882265329361,0.8730000257492065,0.8709999918937683
YJR027W,YDL046W,0,-0.064308494,0.09108931571245193,0.8730000257492065,0.8711000084877014
YJL078C,YLL057C,0,-0.06431127,0.09107980877161026,0.8730000257492065,0.8712000250816345
YHR150W,YLL057C,0,-0.06446218,0.09107030928134918,0.8730000257492065,0.8712999820709229
YAL059W,YOR060C,0,-0.06460382,0.0910608097910881,0.8730000257492065,0.871399998664856
YLR005W,YKR062W,1,-0.06470186,0.09115561097860336,0.8740000128746033,0.871399998664856
YLR150W,YDL149W,0,-0.06493638,0.09114610403776169,0.8740000128746033,0.8715000152587891
YFR010W,YBR162C,0,-0.06493852,0.09113659709692001,0.8740000128746033,0.8715999722480774
YIL075C,YCL054W,0,-0.06499127,0.09112709760665894,0.8740000128746033,0.8716999888420105
YAL059W,YCL044C,0,-0.06508648,0.09111759811639786,0.8740000128746033,0.8718000054359436
YBL087C,YIR026C,0,-0.06515885,0.09110809862613678,0.8740000128746033,0.8719000220298767
YGL243W,YOR247W,0,-0.065360814,0.0910986065864563,0.8740000128746033,0.871999979019165
YML057W,YNL118C,0,-0.06537258,0.09108910709619522,0.8740000128746033,0.8720999956130981
YAL068C,YIL130W,0,-0.06543065,0.09107961505651474,0.8740000128746033,0.8722000122070312
YOL055C,YKL005C,0,-0.06573199,0.09107012301683426,0.8740000128746033,0.8723000288009644
YCL010C,YGR186W,1,-0.0657438,0.09116482734680176,0.875,0.8723000288009644
YCL017C,YNL284C-B,0,-0.06583224,0.09115532785654068,0.875,0.8723999857902527
YPL120W,YHL026C,0,-0.06588813,0.0911458358168602,0.875,0.8725000023841858
YPR106W,YHR202W,0,-0.06598191,0.09113633632659912,0.875,0.8726000189781189
YOR119C,YLR059C,0,-0.06614738,0.09112685173749924,0.875,0.8726999759674072
YCR024C,YHR214C-C,0,-0.06616528,0.09111735969781876,0.875,0.8727999925613403
YCR042C,YMR236W,1,-0.06626996,0.09121199697256088,0.8759999871253967,0.8727999925613403
YGR254W,YPL100W,0,-0.06634534,0.0912024974822998,0.8759999871253967,0.8729000091552734
YFL056C,YGR253C,0,-0.066349104,0.09119300544261932,0.8759999871253967,0.8730000257492065
YLR345W,YMR262W,0,-0.06636361,0.09118351340293884,0.8759999871253967,0.8730999827384949
YNL123W,YHR106W,0,-0.066450514,0.09117402136325836,0.8759999871253967,0.873199999332428
YHR210C,YDR111C,0,-0.06650765,0.09116453677415848,0.8759999871253967,0.8733000159263611
YIL154C,YDL154W,0,-0.06653438,0.091155044734478,0.8759999871253967,0.8733999729156494
YDR441C,YBR180W,0,-0.066572376,0.09114556014537811,0.8759999871253967,0.8734999895095825
YDR148C,YJR153W,0,-0.06661207,0.09113608300685883,0.8759999871253967,0.8736000061035156
YJL089W,YOR001W,0,-0.067094244,0.09112659841775894,0.8759999871253967,0.8737000226974487
YBR254C,YCR065W,0,-0.06711579,0.09111712127923965,0.8759999871253967,0.8737999796867371
YLR194C,YGL167C,0,-0.06724662,0.09110764414072037,0.8759999871253967,0.8738999962806702
YGL096W,YKR072C,0,-0.06742426,0.09109816700220108,0.8759999871253967,0.8740000128746033
YCR106W,YDL134C,0,-0.06792372,0.09108869731426239,0.8759999871253967,0.8741000294685364
YDR210C-D,YMR009W,0,-0.06811008,0.0910792276263237,0.8759999871253967,0.8741999864578247
YGR174C,YJR046W,0,-0.06811537,0.09106975793838501,0.8759999871253967,0.8743000030517578
YJL179W,YDL223C,0,-0.068206936,0.09106028825044632,0.8759999871253967,0.8744000196456909
YBR043C,YPR141C,0,-0.068354465,0.09105082601308823,0.8759999871253967,0.8744999766349792
YMR236W,YER045C,1,-0.06844299,0.09114529192447662,0.8769999742507935,0.8744999766349792
YBR046C,YMR125W,0,-0.06856159,0.09113582223653793,0.8769999742507935,0.8745999932289124
YIL098C,YNL054W,0,-0.06877367,0.09112635254859924,0.8769999742507935,0.8747000098228455
YHR202W,YOR109W,0,-0.06877621,0.09111688286066055,0.8769999742507935,0.8748000264167786
YDL081C,YOR260W,0,-0.0690862,0.09110742062330246,0.8769999742507935,0.8748999834060669
YFR034C,YLR435W,0,-0.06918468,0.09109795093536377,0.8769999742507935,0.875
YKL028W,YML069W,1,-0.06919243,0.09119235724210739,0.878000020980835,0.875
YPL224C,YLR068W,0,-0.06928662,0.0911828875541687,0.878000020980835,0.8751000165939331
YCR042C,YML069W,1,-0.06930754,0.09127725660800934,0.8790000081062317,0.8751000165939331
YBL056W,YOL076W,0,-0.06938661,0.09126777946949005,0.8790000081062317,0.8751999735832214
YPR128C,YHR106W,0,-0.06940942,0.09125830233097076,0.8790000081062317,0.8752999901771545
YDR201W,YKL029C,0,-0.06952722,0.09124883264303207,0.8790000081062317,0.8754000067710876
YPL013C,YNL181W,0,-0.06965465,0.09123936295509338,0.8790000081062317,0.8755000233650208
YGR078C,YJR118C,0,-0.06984623,0.0912298932671547,0.8790000081062317,0.8755999803543091
YGR174C,YMR059W,0,-0.06988316,0.091220423579216,0.8790000081062317,0.8756999969482422
YEL019C,YML082W,0,-0.06990788,0.09121096134185791,0.8790000081062317,0.8758000135421753
YML092C,YBR015C,0,-0.07005132,0.09120149165391922,0.8790000081062317,0.8758999705314636
YGL006W,YAL026C,0,-0.07015045,0.09119202941656113,0.8790000081062317,0.8759999871253967
YOR034C,YJL098W,0,-0.07029643,0.09118257462978363,0.8790000081062317,0.8761000037193298
YGR193C,YBR193C,0,-0.07052802,0.09117311239242554,0.8790000081062317,0.8762000203132629
YDL189W,YMR230W,0,-0.07056033,0.09116365760564804,0.8790000081062317,0.8762999773025513
YDL135C,YPL145C,0,-0.07061396,0.09115420281887054,0.8790000081062317,0.8763999938964844
YPL122C,YIL036W,1,-0.07065002,0.09124844521284103,0.8799999952316284,0.8763999938964844
YPR025C,YGL043W,1,-0.07071707,0.09134266525506973,0.8809999823570251,0.8763999938964844
YNL190W,YPR180W,0,-0.07100853,0.09133319556713104,0.8809999823570251,0.8765000104904175
YHR009C,YBL100W-B,0,-0.071202844,0.09132372587919235,0.8809999823570251,0.8766000270843506
YJR084W,YLR193C,0,-0.07134745,0.09131426364183426,0.8809999823570251,0.8766999840736389
YOL144W,YBR254C,0,-0.071571894,0.09130480140447617,0.8809999823570251,0.876800000667572
YHR113W,YGR161C-D,0,-0.07175858,0.09129533916711807,0.8809999823570251,0.8769000172615051
YCR016W,YMR225C,0,-0.07176829,0.09128587692975998,0.8809999823570251,0.8769999742507935
YAL059W,YNR030W,0,-0.07189069,0.09127642214298248,0.8809999823570251,0.8770999908447266
YNL199C,YDR464W,0,-0.07201134,0.09126696735620499,0.8809999823570251,0.8772000074386597
YCR045C,YPR106W,0,-0.072154894,0.09125751256942749,0.8809999823570251,0.8773000240325928
YGR007W,YDR384C,0,-0.07217731,0.09124805778265,0.8809999823570251,0.8773999810218811
YOR049C,YBR153W,0,-0.07219672,0.0912386104464531,0.8809999823570251,0.8774999976158142
YDR023W,YLR247C,0,-0.07221833,0.0912291631102562,0.8809999823570251,0.8776000142097473
YER177W,YGR296W,0,-0.072354026,0.0912197157740593,0.8809999823570251,0.8776999711990356
YDR513W,YKR095W,0,-0.072724566,0.0912102684378624,0.8809999823570251,0.8777999877929688
YOL098C,YOR357C,0,-0.07279227,0.0912008285522461,0.8809999823570251,0.8779000043869019
YBR016W,YLR466W,0,-0.073091544,0.09119138866662979,0.8809999823570251,0.878000020980835
YOR254C,YOR110W,0,-0.07310099,0.09118194878101349,0.8809999823570251,0.8780999779701233
YHR108W,YDR261C,0,-0.07345322,0.09117251634597778,0.8809999823570251,0.8781999945640564
YMR274C,YNL181W,0,-0.073550284,0.09116307646036148,0.8809999823570251,0.8783000111579895
YOR192C,YPR100W,0,-0.073677324,0.09115364402532578,0.8809999823570251,0.8784000277519226
YGL067W,YLR037C,0,-0.07368672,0.09114421904087067,0.8809999823570251,0.8784999847412109
YLR118C,YFR049W,0,-0.074057564,0.09113478660583496,0.8809999823570251,0.878600001335144
YBR112C,YER155C,0,-0.074111395,0.09112536162137985,0.8809999823570251,0.8787000179290771
YDR287W,YBR218C,0,-0.07433757,0.09111593663692474,0.8809999823570251,0.8787999749183655
YOR016C,YLR466W,0,-0.07437531,0.09110651165246964,0.8809999823570251,0.8788999915122986
YDR439W,YOR113W,0,-0.074503146,0.09109709411859512,0.8809999823570251,0.8790000081062317
YDR311W,YML098W,1,-0.07461395,0.09119106829166412,0.8820000290870667,0.8790000081062317
YGL231C,YMR091C,0,-0.074745454,0.09118164330720901,0.8820000290870667,0.8791000247001648
YOR158W,YLR115W,0,-0.074746676,0.09117221087217331,0.8820000290870667,0.8791999816894531
YJR108W,YDL139C,0,-0.074834146,0.0911627933382988,0.8820000290870667,0.8792999982833862
YBR123C,YAL001C,1,-0.074912585,0.09125671535730362,0.8830000162124634,0.8792999982833862
YDR372C,YGL018C,0,-0.07492725,0.09124729037284851,0.8830000162124634,0.8794000148773193
YBR078W,YGL171W,0,-0.0750725,0.0912378579378128,0.8830000162124634,0.8794999718666077
YKR088C,YBR146W,0,-0.075197466,0.0912284329533577,0.8830000162124634,0.8795999884605408
YML081W,YKL054C,0,-0.07522743,0.09121900796890259,0.8830000162124634,0.8797000050544739
YCR042C,YDR362C,1,-0.075303175,0.09131287783384323,0.8840000033378601,0.8797000050544739
YLR293C,YDR023W,0,-0.075379945,0.09130345284938812,0.8840000033378601,0.879800021648407
YLL066C,YLR068W,0,-0.07539442,0.09129402041435242,0.8840000033378601,0.8798999786376953
YDL149W,YGR260W,0,-0.07551498,0.09128459542989731,0.8840000033378601,0.8799999952316284
YAL068C,YLL014W,0,-0.076045856,0.0912751704454422,0.8840000033378601,0.8801000118255615
YLL048C,YCR036W,0,-0.07609389,0.09126574546098709,0.8840000033378601,0.8802000284194946
YGR181W,YKR088C,0,-0.07621627,0.09125632047653198,0.8840000033378601,0.880299985408783
YLR315W,YBR085W,0,-0.076224774,0.09124690294265747,0.8840000033378601,0.8804000020027161
YDR212W,YCL064C,0,-0.07638977,0.09123748540878296,0.8840000033378601,0.8805000185966492
YPR180W,YGR138C,0,-0.07664958,0.09122806787490845,0.8840000033378601,0.8805999755859375
YLR293C,YBR085W,0,-0.076678656,0.09121865779161453,0.8840000033378601,0.8806999921798706
YER031C,YEL018W,0,-0.076870196,0.09120924770832062,0.8840000033378601,0.8808000087738037
YOR065W,YHL035C,0,-0.07690532,0.0911998376250267,0.8840000033378601,0.8809000253677368
YKL062W,YMR153W,0,-0.07717375,0.09119042754173279,0.8840000033378601,0.8809999823570251
YDR517W,YPL018W,0,-0.07741684,0.09118101745843887,0.8840000033378601,0.8810999989509583
YPL040C,YBR121C,0,-0.07742063,0.09117161482572556,0.8840000033378601,0.8812000155448914
YHR194W,YBR131W,0,-0.07742841,0.09116221219301224,0.8840000033378601,0.8812999725341797
YOR002W,YLR037C,0,-0.07746411,0.09115281701087952,0.8840000033378601,0.8813999891281128
YHL038C,YGR040W,0,-0.07760467,0.0911434143781662,0.8840000033378601,0.8815000057220459
YKL069W,YGL006W,0,-0.07760837,0.09113401919603348,0.8840000033378601,0.881600022315979
YKR007W,YPL018W,0,-0.077710055,0.09112462401390076,0.8840000033378601,0.8816999793052673
YDR235W,YPL115C,0,-0.07805855,0.09111523628234863,0.8840000033378601,0.8817999958992004
YOR380W,YPL225W,0,-0.07808825,0.09110584110021591,0.8840000033378601,0.8819000124931335
YMR055C,YHR118C,0,-0.07832474,0.09109645336866379,0.8840000033378601,0.8820000290870667
YDR280W,YJR035W,0,-0.07842304,0.09108706563711166,0.8840000033378601,0.882099986076355
YNL062C,YMR230W,0,-0.078550585,0.09107768535614014,0.8840000033378601,0.8822000026702881
YEL048C,YER143W,0,-0.07861761,0.09106829762458801,0.8840000033378601,0.8823000192642212
YML120C,YDL124W,0,-0.07865874,0.09105891734361649,0.8840000033378601,0.8823999762535095
YDR513W,YLR345W,0,-0.07868267,0.09104954451322556,0.8840000033378601,0.8824999928474426
YGR204W,YGL016W,0,-0.07884838,0.09104016423225403,0.8840000033378601,0.8826000094413757
YHR006W,YPR199C,0,-0.07886513,0.0910307914018631,0.8840000033378601,0.8827000260353088
YOR260W,YLR190W,0,-0.07887427,0.09102141857147217,0.8840000033378601,0.8827999830245972
YGL025C,YOL122C,0,-0.07891358,0.09101204574108124,0.8840000033378601,0.8828999996185303
YDR212W,YOL011W,0,-0.07901543,0.09100267291069031,0.8840000033378601,0.8830000162124634
YHR165C,YLR052W,0,-0.07905679,0.09099330753087997,0.8840000033378601,0.8830999732017517
YGL244W,YGR047C,1,-0.07922412,0.09108686447143555,0.8849999904632568,0.8830999732017517
YHR096C,YDL149W,0,-0.07923601,0.09107749164104462,0.8849999904632568,0.8831999897956848
YLL048C,YMR059W,0,-0.07925127,0.09106811881065369,0.8849999904632568,0.8833000063896179
YDR345C,YNL023C,0,-0.07925245,0.09105875343084335,0.8849999904632568,0.883400022983551
YFL061W,YCL064C,0,-0.07931387,0.09104938060045242,0.8849999904632568,0.8834999799728394
YKL081W,YOL052C-A,0,-0.07934747,0.09104001522064209,0.8849999904632568,0.8835999965667725
YGR181W,YIL130W,0,-0.079429835,0.09103064984083176,0.8849999904632568,0.8837000131607056
YML133C,YNL076W,0,-0.07946056,0.09102129191160202,0.8849999904632568,0.8838000297546387
YLR004C,YOR236W,0,-0.07970511,0.09101192653179169,0.8849999904632568,0.883899986743927
YJR042W,YKR095W,0,-0.079842456,0.09100256860256195,0.8849999904632568,0.8840000033378601
YCR035C,YML082W,0,-0.079860754,0.09099321067333221,0.8849999904632568,0.8841000199317932
YHR088W,YHR158C,0,-0.07996356,0.09098386019468307,0.8849999904632568,0.8841999769210815
YKL150W,YNL054W-A,0,-0.08013343,0.09097450971603394,0.8849999904632568,0.8842999935150146
YHL003C,YOL029C,0,-0.080140285,0.0909651592373848,0.8849999904632568,0.8844000101089478
YOR016C,YLR299W,0,-0.080219716,0.09095580875873566,0.8849999904632568,0.8845000267028809
YGR005C,YIL036W,1,-0.0805711,0.09104922413825989,0.8859999775886536,0.8845000267028809
YBR189W,YNL246W,0,-0.0807415,0.09103986620903015,0.8859999775886536,0.8845999836921692
YML101C,YGL196W,0,-0.08082604,0.09103051573038101,0.8859999775886536,0.8847000002861023
YPL183C,YLL053C,0,-0.08125107,0.09102116525173187,0.8859999775886536,0.8848000168800354
YER028C,YER045C,1,-0.0812831,0.09111453592777252,0.8870000243186951,0.8848000168800354
YNL132W,YOR132W,0,-0.0815406,0.09110517799854279,0.8870000243186951,0.8848999738693237
YDR025W,YGR296W,0,-0.08154654,0.09109582006931305,0.8870000243186951,0.8849999904632568
YNL214W,YCL067C,0,-0.081619844,0.09108646214008331,0.8870000243186951,0.8851000070571899
YOL122C,YIL068C,0,-0.08166851,0.09107711166143417,0.8870000243186951,0.885200023651123
YFL021W,YML069W,1,-0.08166968,0.09117043018341064,0.8880000114440918,0.885200023651123
YER040W,YGL240W,0,-0.08169457,0.09116107225418091,0.8880000114440918,0.8852999806404114
YGR202C,YDL113C,0,-0.08170474,0.09115171432495117,0.8880000114440918,0.8853999972343445
YEL020W-A,YJR046W,0,-0.08197726,0.09114235639572144,0.8880000114440918,0.8855000138282776
YGR024C,YDR078C,0,-0.08203351,0.0911330059170723,0.8880000114440918,0.8855999708175659
YLR115W,YGL129C,0,-0.0822814,0.09112365543842316,0.8880000114440918,0.885699987411499
YIL064W,YOR109W,0,-0.08229387,0.09111430495977402,0.8880000114440918,0.8858000040054321
YBR114W,YDR289C,0,-0.082312696,0.09110495448112488,0.8880000114440918,0.8859000205993652
YGR082W,YPL207W,0,-0.08243769,0.09109561145305634,0.8880000114440918,0.8859999775886536
YHR214C-C,YGL192W,0,-0.08245787,0.09108626842498779,0.8880000114440918,0.8860999941825867
YHL035C,YMR177W,0,-0.08246196,0.09107692539691925,0.8880000114440918,0.8862000107765198
YML076C,YGR161C-D,0,-0.08256667,0.09106758236885071,0.8880000114440918,0.8863000273704529
YDR045C,YGL111W,0,-0.08260637,0.09105824679136276,0.8880000114440918,0.8863999843597412
YOL051W,YDR135C,0,-0.08263672,0.09104891121387482,0.8880000114440918,0.8865000009536743
YHR111W,YLR001C,0,-0.082746066,0.09103957563638687,0.8880000114440918,0.8866000175476074
YLR006C,YLR075W,0,-0.08276356,0.09103024005889893,0.8880000114440918,0.8866999745368958
YDL117W,YBR149W,0,-0.08277676,0.09102091193199158,0.8880000114440918,0.8867999911308289
YHL031C,YPL254W,0,-0.082819365,0.09101158380508423,0.8880000114440918,0.886900007724762
YLR377C,YER127W,0,-0.0828685,0.09100225567817688,0.8880000114440918,0.8870000243186951
YGR244C,YDL139C,0,-0.082900025,0.09099292755126953,0.8880000114440918,0.8870999813079834
YGL107C,YLR384C,0,-0.083230995,0.09098360687494278,0.8880000114440918,0.8871999979019165
YEL020W-A,YDL160C,0,-0.08325535,0.09097428619861603,0.8880000114440918,0.8873000144958496
YGL028C,YOR087W,0,-0.083316766,0.09096496552228928,0.8880000114440918,0.8873999714851379
YBR114W,YGL231C,0,-0.08336514,0.09095565229654312,0.8880000114440918,0.887499988079071
YKL194C,YBL038W,0,-0.08355019,0.09094633162021637,0.8880000114440918,0.8876000046730042
YOR087W,YDR309C,0,-0.08359304,0.09093701839447021,0.8880000114440918,0.8877000212669373
YLR293C,YHL006C,0,-0.083708465,0.09092770516872406,0.8880000114440918,0.8877999782562256
YGL027C,YDL018C,0,-0.08375197,0.0909183993935585,0.8880000114440918,0.8878999948501587
YHR148W,YOL135C,0,-0.08425134,0.09090909361839294,0.8880000114440918,0.8880000114440918
YLR004C,YDR135C,0,-0.08450041,0.09089978784322739,0.8880000114440918,0.8881000280380249
YGR047C,YEL009C,1,-0.08452161,0.09099283814430237,0.8889999985694885,0.8881000280380249
YPR106W,YCL044C,0,-0.08452479,0.09098352491855621,0.8889999985694885,0.8881999850273132
YDR367W,YDR398W,0,-0.084587745,0.09097421169281006,0.8889999985694885,0.8883000016212463
YEL020W-A,YML127W,0,-0.08464748,0.0909649059176445,0.8889999985694885,0.8884000182151794
YDR434W,YKL063C,0,-0.08467118,0.09095560014247894,0.8889999985694885,0.8884999752044678
YHR154W,YNL024C,0,-0.084747046,0.09094629436731339,0.8889999985694885,0.8885999917984009
YHR146W,YGL053W,0,-0.08487743,0.09093698859214783,0.8889999985694885,0.888700008392334
YGL028C,YDR098C-B,0,-0.084901825,0.09092769026756287,0.8889999985694885,0.8888000249862671
YNL250W,YBR109C,0,-0.085063726,0.0909183919429779,0.8889999985694885,0.8888999819755554
YML100W,YPR131C,0,-0.085112564,0.09090909361839294,0.8889999985694885,0.8889999985694885
YPR161C,YFR025C,0,-0.08514387,0.09089979529380798,0.8889999985694885,0.8891000151634216
YDR021W,YHR190W,0,-0.085225634,0.09089050441980362,0.8889999985694885,0.88919997215271
YKR027W,YKR085C,0,-0.08535435,0.09088121354579926,0.8889999985694885,0.8892999887466431
YOR262W,YCL068C,0,-0.08573317,0.09087192267179489,0.8889999985694885,0.8894000053405762
YBR198C,YPL129W,1,-0.086037755,0.09096483886241913,0.8899999856948853,0.8894000053405762
YOR193W,YGL070C,0,-0.08619029,0.09095554053783417,0.8899999856948853,0.8895000219345093
YNL314W,YER045C,1,-0.08620523,0.09104843437671661,0.890999972820282,0.8895000219345093
YLR399C,YIL036W,1,-0.0864215,0.09114131331443787,0.8920000195503235,0.8895000219345093
YBR003W,YLR061W,0,-0.08659949,0.09113200008869171,0.8920000195503235,0.8895999789237976
YGL025C,YKR031C,0,-0.086833544,0.09112268686294556,0.8920000195503235,0.8896999955177307
YDL124W,YDR412W,0,-0.08694541,0.09111338108778,0.8920000195503235,0.8898000121116638
YNL251C,YJR054W,0,-0.08706166,0.09110407531261444,0.8920000195503235,0.8899000287055969
YKL045W,YPL137C,0,-0.087181725,0.09109476953744888,0.8920000195503235,0.8899999856948853
YLR442C,YDR300C,0,-0.087190755,0.09108547121286392,0.8920000195503235,0.8901000022888184
YNL221C,YIL137C,0,-0.087265335,0.09107616543769836,0.8920000195503235,0.8902000188827515
YMR225C,YPR120C,0,-0.087326206,0.091066874563694,0.8920000195503235,0.8902999758720398
YDR129C,YMR243C,0,-0.08747137,0.09105757623910904,0.8920000195503235,0.8903999924659729
YLR426W,YNL029C,0,-0.08756799,0.09104827791452408,0.8920000195503235,0.890500009059906
YHR096C,YNL024C,0,-0.08759593,0.09103898704051971,0.8920000195503235,0.8906000256538391
YMR009W,YDR098C-B,0,-0.087692305,0.09102969616651535,0.8920000195503235,0.8906999826431274
YIL098C,YOR060C,0,-0.08770231,0.09102040529251099,0.8920000195503235,0.8907999992370605
YPR161C,YDR381W,0,-0.0878372,0.09101112186908722,0.8920000195503235,0.8909000158309937
YIL143C,YBR123C,1,-0.08795576,0.09110385924577713,0.8930000066757202,0.8909000158309937
YFR027W,YOL096C,0,-0.088030435,0.09109456092119217,0.8930000066757202,0.890999972820282
YMR053C,YPR100W,0,-0.08807532,0.0910852700471878,0.8930000066757202,0.8910999894142151
YBR162C,YER081W,0,-0.08811735,0.09107597917318344,0.8930000066757202,0.8912000060081482
YFR025C,YBR028C,0,-0.08814014,0.09106669574975967,0.8930000066757202,0.8913000226020813
YBR279W,YNL063W,0,-0.0883526,0.09105740487575531,0.8930000066757202,0.8913999795913696
YGR047C,YPR008W,1,-0.0883952,0.09115008264780045,0.8939999938011169,0.8913999795913696
YBR005W,YLR054C,0,-0.088504,0.09114079177379608,0.8939999938011169,0.8914999961853027
YPR025C,YGL166W,1,-0.08855631,0.09123343229293823,0.8949999809265137,0.8914999961853027
YKL016C,YGL045W,0,-0.08867478,0.09122413396835327,0.8949999809265137,0.8916000127792358
YDR500C,YPL235W,0,-0.088937424,0.09121483564376831,0.8949999809265137,0.891700029373169
YKL033W,YKL081W,0,-0.089006014,0.09120554476976395,0.8949999809265137,0.8917999863624573
YCR107W,YIL154C,0,-0.08904812,0.09119625389575958,0.8949999809265137,0.8919000029563904
YKR085C,YJL069C,0,-0.08906944,0.09118695557117462,0.8949999809265137,0.8920000195503235
YDR041W,YGL192W,0,-0.08913714,0.09117767214775085,0.8949999809265137,0.8920999765396118
YOR091W,YJR035W,0,-0.08920098,0.09116838127374649,0.8949999809265137,0.8921999931335449
YNL059C,YNR059W,0,-0.08939747,0.09115909785032272,0.8949999809265137,0.892300009727478
YML133C,YJL069C,0,-0.08948011,0.09114981442689896,0.8949999809265137,0.8924000263214111
YFR027W,YDL123W,0,-0.08954782,0.09114053100347519,0.8949999809265137,0.8924999833106995
YDR377W,YLR181C,0,-0.08956545,0.09113124758005142,0.8949999809265137,0.8925999999046326
YPR154W,YPL234C,0,-0.08957051,0.09112197160720825,0.8949999809265137,0.8927000164985657
YOR087W,YBL056W,0,-0.08958376,0.09111269563436508,0.8949999809265137,0.892799973487854
YFL021W,YBR081C,1,-0.08960714,0.09120520949363708,0.8960000276565552,0.892799973487854
YGL107C,YLR435W,0,-0.08975885,0.09119592607021332,0.8960000276565552,0.8928999900817871
YIL022W,YNL056W,0,-0.08989673,0.09118665009737015,0.8960000276565552,0.8930000066757202
YBR003W,YPL076W,0,-0.089900695,0.09117736667394638,0.8960000276565552,0.8931000232696533
YLR223C,YHR006W,0,-0.09015163,0.09116809070110321,0.8960000276565552,0.8931999802589417
YBR029C,YDR259C,0,-0.090183064,0.09115881472826004,0.8960000276565552,0.8932999968528748
YDR204W,YDL149W,0,-0.0902041,0.09114953875541687,0.8960000276565552,0.8934000134468079
YCR045C,YLR181C,0,-0.09028344,0.0911402702331543,0.8960000276565552,0.8934999704360962
YJL058C,YJL216C,0,-0.0904739,0.09113100171089172,0.8960000276565552,0.8935999870300293
YJL174W,YBL072C,0,-0.09064652,0.09112173318862915,0.8960000276565552,0.8937000036239624
YLR239C,YHR202W,0,-0.09084907,0.09111246466636658,0.8960000276565552,0.8938000202178955
YNL038W,YDR168W,0,-0.09108963,0.0911032035946846,0.8960000276565552,0.8938999772071838
YFL026W,YDR188W,0,-0.09116087,0.09109394252300262,0.8960000276565552,0.8939999938011169
YKL016C,YLR411W,0,-0.09121362,0.09108468145132065,0.8960000276565552,0.89410001039505
YGL092W,YNL181W,0,-0.09127877,0.09107542037963867,0.8960000276565552,0.8942000269889832
YMR059W,YDR528W,0,-0.09127944,0.09106616675853729,0.8960000276565552,0.8942999839782715
YOR018W,YPL075W,0,-0.0913281,0.09105691313743591,0.8960000276565552,0.8944000005722046
YNL180C,YKR072C,0,-0.09140162,0.09104765951633453,0.8960000276565552,0.8945000171661377
YNL142W,YNR053C,0,-0.0914249,0.09103840589523315,0.8960000276565552,0.894599974155426
YIL064W,YLL018C-A,0,-0.09142912,0.09102915972471237,0.8960000276565552,0.8946999907493591
YBR189W,YHR114W,0,-0.09148236,0.09101991355419159,0.8960000276565552,0.8948000073432922
YML100W,YER014W,0,-0.0915168,0.0910106673836708,0.8960000276565552,0.8949000239372253
YLR293C,YKL138C,0,-0.091745585,0.09100142121315002,0.8960000276565552,0.8949999809265137
YLR390W-A,YGL115W,0,-0.091897994,0.09099218249320984,0.8960000276565552,0.8950999975204468
YGR055W,YNR053C,0,-0.09201483,0.09098294377326965,0.8960000276565552,0.8952000141143799
YGL196W,YDR175C,0,-0.09202815,0.09097370505332947,0.8960000276565552,0.8952999711036682
YLR194C,YGL238W,0,-0.092031,0.09096446633338928,0.8960000276565552,0.8953999876976013
YOR110W,YER045C,1,-0.09213025,0.09105674922466278,0.8970000147819519,0.8953999876976013
YOR045W,YOR271C,0,-0.09214511,0.091047503054142,0.8970000147819519,0.8955000042915344
YNL221C,YMR074C,0,-0.09220546,0.09103826433420181,0.8970000147819519,0.8956000208854675
YOR090C,YBR112C,0,-0.09238219,0.09102902561426163,0.8970000147819519,0.8956999778747559
YPL122C,YML114C,1,-0.09252722,0.09112125635147095,0.8980000019073486,0.8956999778747559
YGR244C,YLR460C,0,-0.09286428,0.09111201018095016,0.8980000019073486,0.895799994468689
YFL026W,YJL179W,0,-0.09304809,0.09110277146100998,0.8980000019073486,0.8959000110626221
YOR380W,YIL137C,0,-0.093108736,0.0910935252904892,0.8980000019073486,0.8960000276565552
YML041C,YMR261C,0,-0.09325432,0.09108428657054901,0.8980000019073486,0.8960999846458435
YNL045W,YBR085W,0,-0.09335197,0.09107504785060883,0.8980000019073486,0.8962000012397766
YNR024W,YKL087C,0,-0.0934725,0.09106581658124924,0.8980000019073486,0.8963000178337097
YDL072C,YLR345W,0,-0.09385225,0.09105657786130905,0.8980000019073486,0.896399974822998
YOR194C,YAL001C,1,-0.09389861,0.0911487340927124,0.8989999890327454,0.896399974822998
YGR246C,YKL058W,1,-0.0940949,0.09124087542295456,0.8999999761581421,0.896399974822998
YGR003W,YPL221W,0,-0.094305806,0.09123162925243378,0.8999999761581421,0.8964999914169312
YPL058C,YLR435W,0,-0.094306864,0.091222383081913,0.8999999761581421,0.8966000080108643
YDR386W,YER038C,0,-0.09449225,0.09121313691139221,0.8999999761581421,0.8967000246047974
YLR039C,YNR055C,0,-0.09451837,0.09120389074087143,0.8999999761581421,0.8967999815940857
YBR130C,YML016C,0,-0.09468758,0.09119465202093124,0.8999999761581421,0.8968999981880188
YMR243C,YCR036W,0,-0.09492057,0.09118541330099106,0.8999999761581421,0.8970000147819519
YPL203W,YMR183C,0,-0.09496565,0.09117617458105087,0.8999999761581421,0.8970999717712402
YCR016W,YGL167C,0,-0.095016725,0.09116693586111069,0.8999999761581421,0.8971999883651733
YHR146W,YPL224C,0,-0.095076516,0.0911577045917511,0.8999999761581421,0.8973000049591064
YIL068C,YNL076W,0,-0.09508148,0.09114847332239151,0.8999999761581421,0.8974000215530396
YKR064W,YDR399W,0,-0.0950954,0.09113924205303192,0.8999999761581421,0.8974999785423279
YLL024C,YPL176C,0,-0.09521324,0.09113001078367233,0.8999999761581421,0.897599995136261
YNL233W,YPL234C,0,-0.09534915,0.09112078696489334,0.8999999761581421,0.8977000117301941
YOR341W,YHR020W,0,-0.095391996,0.09111156314611435,0.8999999761581421,0.8978000283241272
YLR193C,YML004C,0,-0.09571401,0.09110233932733536,0.8999999761581421,0.8978999853134155
YGR254W,YJL186W,0,-0.09573781,0.09109311550855637,0.8999999761581421,0.8980000019073486
YBL103C,YKR062W,1,-0.095812775,0.09118510037660599,0.9010000228881836,0.8980000019073486
YDR439W,YPR199C,0,-0.09583362,0.091175876557827,0.9010000228881836,0.8981000185012817
YDR039C,YJR123W,0,-0.096061684,0.091166652739048,0.9010000228881836,0.8981999754905701
YHR210C,YKR034W,0,-0.09633869,0.09115742892026901,0.9010000228881836,0.8982999920845032
YJR041C,YGR260W,0,-0.096401565,0.09114820510149002,0.9010000228881836,0.8984000086784363
YER100W,YJL045W,0,-0.09655647,0.09113898128271103,0.9010000228881836,0.8985000252723694
YNL284C-B,YKL192C,0,-0.096598595,0.09112976491451263,0.9010000228881836,0.8985999822616577
YKL014C,YDR259C,0,-0.09662276,0.09112054854631424,0.9010000228881836,0.8986999988555908
YDR098C-B,YLR075W,0,-0.09671674,0.09111133217811584,0.9010000228881836,0.8988000154495239
YIR004W,YOR019W,0,-0.096724175,0.09110212326049805,0.9010000228881836,0.8988999724388123
YDR372C,YGR083C,0,-0.09680242,0.09109291434288025,0.9010000228881836,0.8989999890327454
YDR406W,YHR014W,0,-0.096975885,0.09108370542526245,0.9010000228881836,0.8991000056266785
YDR127W,YLR413W,0,-0.096978344,0.09107449650764465,0.9010000228881836,0.8992000222206116
YGR235C,YDR468C,0,-0.09709177,0.09106529504060745,0.9010000228881836,0.8992999792098999
YBL008W,YMR177W,0,-0.097153395,0.09105608612298965,0.9010000228881836,0.899399995803833
YML081W,YDR434W,0,-0.09731034,0.09104688465595245,0.9010000228881836,0.8995000123977661
YER176W,YFL049W,0,-0.09743002,0.09103769063949585,0.9010000228881836,0.8996000289916992
YLR006C,YIL008W,0,-0.097456366,0.09102848917245865,0.9010000228881836,0.8996999859809875
YDL220C,YPL198W,0,-0.0975141,0.09101929515600204,0.9010000228881836,0.8998000025749207
YKL196C,YHR020W,0,-0.097521715,0.09101010113954544,0.9010000228881836,0.8999000191688538
YGL139W,YBL014C,0,-0.097575225,0.09100090712308884,0.9010000228881836,0.8999999761581421
YLR054C,YGL078C,0,-0.09757804,0.09099172055721283,0.9010000228881836,0.9000999927520752
YOR193W,YDR280W,0,-0.09758005,0.09098253399133682,0.9010000228881836,0.9002000093460083
YFR047C,YDR435C,0,-0.09777621,0.09097334742546082,0.9010000228881836,0.9003000259399414
YER033C,YNL240C,0,-0.09781524,0.09096416085958481,0.9010000228881836,0.9003999829292297
YBR065C,YKL043W,0,-0.09805949,0.0909549742937088,0.9010000228881836,0.9004999995231628
YER056C,YDR021W,0,-0.09814293,0.09094579517841339,0.9010000228881836,0.900600016117096
YBL056W,YIL022W,0,-0.09814531,0.09093661606311798,0.9010000228881836,0.9006999731063843
YDR427W,YDR412W,0,-0.098235555,0.09092743694782257,0.9010000228881836,0.9007999897003174
YDR098C-A,YLR367W,0,-0.09845186,0.09091826528310776,0.9010000228881836,0.9009000062942505
YLR239C,YDR021W,0,-0.09851348,0.09090909361839294,0.9010000228881836,0.9010000228881836
YML133C,YLR175W,0,-0.09873291,0.09089992195367813,0.9010000228881836,0.9010999798774719
YDR287W,YKL196C,0,-0.09880476,0.09089075028896332,0.9010000228881836,0.901199996471405
YIL075C,YML081W,0,-0.09884138,0.0908815786242485,0.9010000228881836,0.9013000130653381
YER056C,YBR181C,0,-0.098995306,0.09087241441011429,0.9010000228881836,0.9014000296592712
YKL026C,YCL044C,0,-0.099047996,0.09086325019598007,0.9010000228881836,0.9014999866485596
YDL100C,YCR106W,0,-0.09915174,0.09085408598184586,0.9010000228881836,0.9016000032424927
YJR035W,YGL171W,0,-0.099195786,0.09084492921829224,0.9010000228881836,0.9017000198364258
YGR283C,YIL148W,0,-0.09927764,0.09083577245473862,0.9010000228881836,0.9017999768257141
YNR059W,YHL035C,0,-0.10000814,0.090826615691185,0.9010000228881836,0.9018999934196472
YOR078W,YOR109W,0,-0.1000145,0.09081745892763138,0.9010000228881836,0.9020000100135803
YHR111W,YOR079C,0,-0.10013048,0.09080830216407776,0.9010000228881836,0.9021000266075134
YOL069W,YBL091C,0,-0.100347154,0.09079915285110474,0.9010000228881836,0.9021999835968018
YGL142C,YOL051W,0,-0.10046484,0.09079000353813171,0.9010000228881836,0.9023000001907349
YCR086W,YDR122W,0,-0.10052135,0.09078085422515869,0.9010000228881836,0.902400016784668
YPL146C,YBR107C,0,-0.10088583,0.09077171236276627,0.9010000228881836,0.9024999737739563
YMR242C,YOR059C,0,-0.10115739,0.09076256304979324,0.9010000228881836,0.9025999903678894
YIL130W,YFR053C,0,-0.10116605,0.09075342118740082,0.9010000228881836,0.9027000069618225
YGL096W,YPR034W,0,-0.101176396,0.09074428677558899,0.9010000228881836,0.9028000235557556
YHR088W,YDL220C,0,-0.10124249,0.09073514491319656,0.9010000228881836,0.902899980545044
YDR145W,YLR399C,1,-0.10127081,0.09082670509815216,0.9020000100135803,0.902899980545044
YAL056W,YDR437W,0,-0.10131369,0.09081755578517914,0.9020000100135803,0.902999997138977
YCR042C,YGR186W,1,-0.10134197,0.09090909361839294,0.902999997138977,0.902999997138977
YIL143C,YMR227C,1,-0.101405464,0.09100060164928436,0.9039999842643738,0.902999997138977
YGR082W,YOR060C,0,-0.10163253,0.09099144488573074,0.9039999842643738,0.9031000137329102
YER056C,YBR268W,0,-0.10165592,0.09098228812217712,0.9039999842643738,0.9031999707221985
YIL014W,YMR183C,0,-0.10168219,0.0909731313586235,0.9039999842643738,0.9032999873161316
YIL130W,YGL078C,0,-0.10175876,0.09096397459506989,0.9039999842643738,0.9034000039100647
YER033C,YAL011W,0,-0.101910226,0.09095482528209686,0.9039999842643738,0.9035000205039978
YPR067W,YLL053C,0,-0.10193633,0.09094567596912384,0.9039999842643738,0.9035999774932861
YPL202C,YOR110W,1,-0.10240165,0.09103711694478989,0.9049999713897705,0.9035999774932861
YLR037C,YMR226C,0,-0.102428,0.09102796018123627,0.9049999713897705,0.9036999940872192
YJL196C,YMR183C,0,-0.102478035,0.09101881086826324,0.9049999713897705,0.9038000106811523
YNL054W,YOR319W,0,-0.102703996,0.09100965410470963,0.9049999713897705,0.9039000272750854
YER177W,YPR174C,0,-0.10272593,0.0910005047917366,0.9049999713897705,0.9039999842643738
YDR227W,YCL048W,0,-0.10277932,0.09099135547876358,0.9049999713897705,0.9041000008583069
YPL013C,YHR090C,0,-0.102941014,0.09098220616579056,0.9049999713897705,0.90420001745224
YDR460W,YOR110W,1,-0.10327426,0.09107358008623123,0.906000018119812,0.90420001745224
YHR205W,YLR352W,0,-0.1033188,0.09106443077325821,0.906000018119812,0.9042999744415283
YOL042W,YLR061W,0,-0.10333828,0.09105527400970459,0.906000018119812,0.9043999910354614
YNL181W,YBL014C,0,-0.10345274,0.09104612469673157,0.906000018119812,0.9045000076293945
YHR149C,YMR002W,0,-0.1037502,0.09103697538375854,0.906000018119812,0.9046000242233276
YBR038W,YHR033W,0,-0.10376013,0.09102783352136612,0.906000018119812,0.904699981212616
YDR287W,YKL048C,0,-0.10387384,0.0910186842083931,0.906000018119812,0.9047999978065491
YHR120W,YDR276C,0,-0.10394907,0.09100954234600067,0.906000018119812,0.9049000144004822
YOR262W,YJL026W,0,-0.10417002,0.09100040048360825,0.906000018119812,0.9049999713897705
YNL167C,YLR058C,0,-0.104186624,0.09099126607179642,0.906000018119812,0.9050999879837036
YOR032C,YLR115W,0,-0.10418915,0.09098212420940399,0.906000018119812,0.9052000045776367
YMR261C,YGL053W,0,-0.104318224,0.09097298979759216,0.906000018119812,0.9053000211715698
YOL144W,YMR207C,0,-0.10448257,0.09096385538578033,0.906000018119812,0.9053999781608582
YLR411W,YGL005C,0,-0.10464554,0.0909547209739685,0.906000018119812,0.9054999947547913
YKR053C,YOR001W,0,-0.104750626,0.09094559401273727,0.906000018119812,0.9056000113487244
YOL135C,YLR067C,0,-0.10477637,0.09093646705150604,0.906000018119812,0.9057000279426575
YDR350C,YJL196C,0,-0.105351485,0.09092734009027481,0.906000018119812,0.9057999849319458
YDR122W,YER005W,0,-0.10573009,0.09091821312904358,0.906000018119812,0.9059000015258789
YGR080W,YKL087C,0,-0.105780266,0.09090909361839294,0.906000018119812,0.906000018119812
YBR198C,YGL244W,1,-0.10591053,0.09100030362606049,0.9070000052452087,0.906000018119812
YIL130W,YBL072C,0,-0.105970174,0.09099116921424866,0.9070000052452087,0.9060999751091003
YFR010W,YHR150W,0,-0.10606015,0.09098204225301743,0.9070000052452087,0.9061999917030334
YLR060W,YGL105W,0,-0.10607387,0.0909729152917862,0.9070000052452087,0.9063000082969666
YHL017W,YOR271C,0,-0.10608592,0.09096379578113556,0.9070000052452087,0.9064000248908997
YJL078C,YNL221C,0,-0.10617896,0.09095467627048492,0.9070000052452087,0.906499981880188
YDR256C,YJL174W,0,-0.10625654,0.09094554930925369,0.9070000052452087,0.9065999984741211
YOR363C,YEL039C,0,-0.10628383,0.09093643724918365,0.9070000052452087,0.9067000150680542
YMR227C,YER045C,1,-0.10630628,0.09102756530046463,0.9079999923706055,0.9067000150680542
YPL280W,YCL039W,0,-0.10644942,0.091018445789814,0.9079999923706055,0.9067999720573425
YHR165C,YOR253W,0,-0.10667407,0.09100931882858276,0.9079999923706055,0.9068999886512756
YLR258W,YPL056C,0,-0.10670461,0.09100019931793213,0.9079999923706055,0.9070000052452087
YLR258W,YPL018W,0,-0.10670783,0.0909910798072815,0.9079999923706055,0.9071000218391418
YBL007C,YLR150W,0,-0.106730185,0.09098196029663086,0.9079999923706055,0.9071999788284302
YDR345C,YJL173C,0,-0.10699894,0.09097284823656082,0.9079999923706055,0.9072999954223633
YMR234W,YGR204W,0,-0.10699991,0.09096373617649078,0.9079999923706055,0.9074000120162964
YDR528W,YBL091C,0,-0.10701161,0.09095462411642075,0.9079999923706055,0.9075000286102295
YPL129W,YBL103C,1,-0.10723866,0.09104567021131516,0.9089999794960022,0.9075000286102295
YHR190W,YNL066W,0,-0.107253365,0.09103655815124512,0.9089999794960022,0.9075999855995178
YKR089C,YGR193C,0,-0.10728151,0.09102743864059448,0.9089999794960022,0.9077000021934509
YOR330C,YGR260W,0,-0.10730697,0.09101832658052444,0.9089999794960022,0.907800018787384
YFR031C-A,YJL127C,0,-0.10757202,0.0910092145204544,0.9089999794960022,0.9078999757766724
YMR318C,YLR249W,0,-0.10763511,0.09100010246038437,0.9089999794960022,0.9079999923706055
YLR085C,YHL003C,0,-0.107814945,0.09099099040031433,0.9089999794960022,0.9081000089645386
YMR286W,YNL278W,0,-0.107890554,0.09098188579082489,0.9089999794960022,0.9082000255584717
YLR411W,YHR150W,0,-0.10794405,0.09097278118133545,0.9089999794960022,0.90829998254776
YGR003W,YFR034C,0,-0.10810551,0.09096367657184601,0.9089999794960022,0.9083999991416931
YDR397C,YDR087C,0,-0.10814715,0.09095457196235657,0.9089999794960022,0.9085000157356262
YOL076W,YGR057C,0,-0.10817159,0.09094547480344772,0.9089999794960022,0.9085999727249146
YJR073C,YML047C,0,-0.10836584,0.09093637764453888,0.9089999794960022,0.9086999893188477
YHR146W,YMR133W,0,-0.108485855,0.09092728048563004,0.9089999794960022,0.9088000059127808
YOL076W,YPL145C,0,-0.10877353,0.09091818332672119,0.9089999794960022,0.9089000225067139
YDR256C,YOR019W,0,-0.10880284,0.09090909361839294,0.9089999794960022,0.9089999794960022
YJR150C,YGL070C,0,-0.10893974,0.0908999964594841,0.9089999794960022,0.9090999960899353
YOR156C,YKR052C,0,-0.10899879,0.09089091420173645,0.9089999794960022,0.9092000126838684
YOR191W,YKR007W,0,-0.109153606,0.0908818244934082,0.9089999794960022,0.9093000292778015
YGR004W,YDR406W,0,-0.10949976,0.09087273478507996,0.9089999794960022,0.9093999862670898
YCL016C,YIL011W,0,-0.109995835,0.0908636525273323,0.9089999794960022,0.909500002861023
YLR377C,YLR220W,0,-0.11010438,0.09085457026958466,0.9089999794960022,0.909600019454956
YKL069W,YDR395W,0,-0.11043099,0.0908454954624176,0.9089999794960022,0.9096999764442444
YDR325W,YFR038W,0,-0.110558145,0.09083641320466995,0.9089999794960022,0.9097999930381775
YOL076W,YPR128C,0,-0.110667475,0.0908273383975029,0.9089999794960022,0.9099000096321106
YOR194C,YMR236W,1,-0.110704616,0.0909181758761406,0.9100000262260437,0.9099000096321106
YDR273W,YCR005C,0,-0.11076076,0.09090909361839294,0.9100000262260437,0.9100000262260437
YPL203W,YIL154C,0,-0.11077254,0.0909000113606453,0.9100000262260437,0.910099983215332
YIL022W,YLR118C,0,-0.11098529,0.09089092910289764,0.9100000262260437,0.9101999998092651
YBL056W,YOR119C,0,-0.11099812,0.09088185429573059,0.9100000262260437,0.9103000164031982
YIL022W,YBR091C,0,-0.110998906,0.09087277948856354,0.9100000262260437,0.9103999733924866
YMR055C,YHR170W,0,-0.11103571,0.09086370468139648,0.9100000262260437,0.9104999899864197
YER123W,YPR169W,0,-0.11144488,0.09085462987422943,0.9100000262260437,0.9106000065803528
YLR451W,YHR193C,0,-0.11153101,0.09084556251764297,0.9100000262260437,0.9107000231742859
YJL059W,YGR161C,0,-0.1115909,0.09083649516105652,0.9100000262260437,0.9107999801635742
YDL124W,YDR105C,0,-0.111672916,0.09082742780447006,0.9100000262260437,0.9108999967575073
YDL108W,YBR123C,1,-0.11167867,0.0909181609749794,0.9110000133514404,0.9108999967575073
YPL140C,YBR191W,0,-0.11168606,0.09090909361839294,0.9110000133514404,0.9110000133514404
YPR110C,YBL005W,0,-0.11169981,0.09090001881122589,0.9110000133514404,0.9110999703407288
YCR105W,YIL148W,0,-0.111818954,0.09089095145463943,0.9110000133514404,0.9111999869346619
YNR048W,YMR048W,0,-0.11190935,0.09088188409805298,0.9110000133514404,0.911300003528595
YML114C,YPL177C,1,-0.11207721,0.09097256511449814,0.9120000004768372,0.911300003528595
YBL008W,YHR020W,0,-0.11216868,0.09096349775791168,0.9120000004768372,0.9114000201225281
YBR162W-A,YER072W,0,-0.11225506,0.09095442295074463,0.9120000004768372,0.9114999771118164
YBR208C,YKL002W,0,-0.112266056,0.09094535559415817,0.9120000004768372,0.9115999937057495
YLL048C,YHR005C,0,-0.11229367,0.09093628823757172,0.9120000004768372,0.9117000102996826
YNL029C,YML082W,0,-0.112307005,0.09092722088098526,0.9120000004768372,0.9118000268936157
YOL121C,YJL208C,0,-0.112311445,0.0909181535243988,0.9120000004768372,0.911899983882904
YOR016C,YPL224C,0,-0.112408035,0.09090909361839294,0.9120000004768372,0.9120000004768372
YLR167W,YJR150C,0,-0.11265022,0.09090002626180649,0.9120000004768372,0.9121000170707703
YHR169W,YER033C,0,-0.11275558,0.09089097380638123,0.9120000004768372,0.9121999740600586
YBR268W,YPL235W,0,-0.11286273,0.09088191390037537,0.9120000004768372,0.9122999906539917
YCL029C,YER033C,0,-0.112969704,0.0908728539943695,0.9120000004768372,0.9124000072479248
YNL024C,YHR138C,0,-0.113066204,0.09086380153894424,0.9120000004768372,0.9125000238418579
YGR046W,YOR078W,0,-0.1131996,0.09085474908351898,0.9120000004768372,0.9125999808311462
YOR380W,YOR258W,0,-0.113414295,0.09084570407867432,0.9120000004768372,0.9126999974250793
YGR193C,YLR323C,0,-0.113477364,0.09083665162324905,0.9120000004768372,0.9128000140190125
YDR377W,YPL097W,0,-0.11375577,0.09082760661840439,0.9120000004768372,0.9128999710083008
YOR101W,YDR257C,0,-0.1138468,0.09081856161355972,0.9120000004768372,0.9129999876022339
YPR175W,YFR053C,0,-0.1138934,0.09080951660871506,0.9120000004768372,0.913100004196167
YKL110C,YKL002W,0,-0.11396896,0.09080047905445099,0.9120000004768372,0.9132000207901001
YJR150C,YNR053C,0,-0.11416,0.09079144150018692,0.9120000004768372,0.9132999777793884
YBR114W,YPR106W,0,-0.11443197,0.09078240394592285,0.9120000004768372,0.9133999943733215
YHR185C,YCR065W,0,-0.11459644,0.09077336639165878,0.9120000004768372,0.9135000109672546
YMR232W,YPR143W,0,-0.114598386,0.09076432883739471,0.9120000004768372,0.9136000275611877
YCR107W,YDR204W,0,-0.11467425,0.09075529873371124,0.9120000004768372,0.9136999845504761
YLR333C,YGR083C,0,-0.11515356,0.09074626863002777,0.9120000004768372,0.9138000011444092
YMR005W,YNL222W,1,-0.115270354,0.09083673357963562,0.9129999876022339,0.9138000011444092
YGL092W,YGR007W,0,-0.11528401,0.09082769602537155,0.9129999876022339,0.9139000177383423
YIL009W,YLR175W,0,-0.11530151,0.09081865847110748,0.9129999876022339,0.9139999747276306
YLR367W,YIL038C,0,-0.115458705,0.09080962836742401,0.9129999876022339,0.9140999913215637
YGR205W,YER139C,0,-0.1155098,0.09080059826374054,0.9129999876022339,0.9142000079154968
YLL018C,YMR125W,0,-0.11551104,0.09079156816005707,0.9129999876022339,0.9143000245094299
YIL119C,YIL153W,0,-0.115536526,0.0907825380563736,0.9129999876022339,0.9143999814987183
YDL072C,YER149C,0,-0.11579711,0.09077351540327072,0.9129999876022339,0.9144999980926514
YER041W,YEL051W,0,-0.11583408,0.09076449275016785,0.9129999876022339,0.9146000146865845
YOR091W,YPR068C,0,-0.115886375,0.09075547009706497,0.9129999876022339,0.9146999716758728
YOL116W,YDL087C,0,-0.11601252,0.0907464474439621,0.9129999876022339,0.9147999882698059
YJL186W,YDR303C,0,-0.11612649,0.09073742479085922,0.9129999876022339,0.914900004863739
YDR328C,YNL194C,0,-0.11627752,0.09072840958833694,0.9129999876022339,0.9150000214576721
YCR086W,YDR257C,0,-0.11638329,0.09071939438581467,0.9129999876022339,0.9150999784469604
YGL244W,YBL103C,1,-0.11654698,0.09080974012613297,0.9139999747276306,0.9150999784469604
YMR232W,YCR105W,0,-0.11671552,0.09080071747303009,0.9139999747276306,0.9151999950408936
YHR103W,YBR188C,0,-0.11677981,0.09079169481992722,0.9139999747276306,0.9153000116348267
YNR038W,YBL047C,0,-0.11687208,0.09078267961740494,0.9139999747276306,0.9154000282287598
YPL175W,YMR195W,0,-0.11725066,0.09077366441488266,0.9139999747276306,0.9154999852180481
YLR190W,YNL246W,0,-0.11737507,0.09076464921236038,0.9139999747276306,0.9156000018119812
YNL137C,YER129W,0,-0.117392816,0.0907556340098381,0.9139999747276306,0.9157000184059143
YIL075C,YLR220W,0,-0.11742551,0.09074662625789642,0.9139999747276306,0.9157999753952026
YDR028C,YKL079W,0,-0.1177546,0.09073761850595474,0.9139999747276306,0.9158999919891357
YEL027W,YPL253C,0,-0.117935665,0.09072861075401306,0.9139999747276306,0.9160000085830688
YMR005W,YBL103C,1,-0.118059225,0.0908188596367836,0.9150000214576721,0.9160000085830688
YIL007C,YER159C,0,-0.11830048,0.09080984443426132,0.9150000214576721,0.916100025177002
YOR091W,YPR007C,0,-0.11832116,0.09080083668231964,0.9150000214576721,0.9161999821662903
YLR085C,YGL189C,0,-0.11833756,0.09079182147979736,0.9150000214576721,0.9162999987602234
YKR077W,YBR191W,0,-0.11835871,0.09078281372785568,0.9150000214576721,0.9164000153541565
YPR114W,YOR320C,0,-0.11837203,0.090773805975914,0.9150000214576721,0.9164999723434448
YHR099W,YDR145W,1,-0.11855302,0.09086400270462036,0.9160000085830688,0.9164999723434448
YNL031C,YLR299W,0,-0.119126104,0.09085498750209808,0.9160000085830688,0.9165999889373779
YKL058W,YGR274C,1,-0.11921601,0.09094515442848206,0.9169999957084656,0.9165999889373779
YML023C,YBR162C,0,-0.11952146,0.09093613922595978,0.9169999957084656,0.916700005531311
YLL018C-A,YDR165W,0,-0.119614236,0.0909271165728569,0.9169999957084656,0.9168000221252441
YGR235C,YNR019W,0,-0.11999908,0.09091810137033463,0.9169999957084656,0.9168999791145325
YDR343C,YHR120W,0,-0.12030375,0.09090909361839294,0.9169999957084656,0.9169999957084656
YLR360W,YDR303C,0,-0.12053075,0.09090007841587067,0.9169999957084656,0.9171000123023987
YJR132W,YIL011W,0,-0.120636255,0.09089107066392899,0.9169999957084656,0.9172000288963318
YOL009C,YLR288C,0,-0.12065959,0.0908820629119873,0.9169999957084656,0.9172999858856201
YKL080W,YBR094W,0,-0.12098563,0.09087305516004562,0.9169999957084656,0.9174000024795532
YJR049C,YBR112C,0,-0.12099797,0.09086404740810394,0.9169999957084656,0.9175000190734863
YGL076C,YER060W-A,0,-0.1210418,0.09085504710674286,0.9169999957084656,0.9175999760627747
YOR156C,YNL111C,0,-0.12131477,0.09084604680538177,0.9169999957084656,0.9176999926567078
YMR055C,YIL096C,0,-0.12150789,0.09083704650402069,0.9169999957084656,0.9178000092506409
YOL135C,YBL072C,0,-0.12161156,0.0908280536532402,0.9169999957084656,0.917900025844574
YBL103C,YER148W,1,-0.12168036,0.09091809391975403,0.9179999828338623,0.917900025844574
YBR112C,YOR009W,0,-0.12186264,0.09090909361839294,0.9179999828338623,0.9179999828338623
YOR156C,YER081W,0,-0.1218913,0.09090008586645126,0.9179999828338623,0.9180999994277954
YFR047C,YOR065W,0,-0.121923395,0.09089108556509018,0.9179999828338623,0.9182000160217285
YML023C,YLL066C,0,-0.12227435,0.09088209271430969,0.9179999828338623,0.9182999730110168
YLR193C,YLR417W,0,-0.1222749,0.09087309241294861,0.9179999828338623,0.91839998960495
YDR308C,YHR120W,0,-0.1224023,0.09086409956216812,0.9179999828338623,0.9185000061988831
YDR434W,YLR001C,0,-0.12243242,0.09085510671138763,0.9179999828338623,0.9186000227928162
YER005W,YKL039W,0,-0.12257427,0.09084611386060715,0.9179999828338623,0.9186999797821045
YPL221W,YNL118C,0,-0.122829504,0.09083712846040726,0.9179999828338623,0.9187999963760376
YJL035C,YKL081W,0,-0.12299503,0.09082813560962677,0.9179999828338623,0.9189000129699707
YGR266W,YMR177W,0,-0.123127,0.09081915020942688,0.9179999828338623,0.9190000295639038
YGR047C,YPL202C,1,-0.123273596,0.09090909361839294,0.9190000295639038,0.9190000295639038
YDR007W,YKR072C,0,-0.12340493,0.09090010076761246,0.9190000295639038,0.9190999865531921
YEL020W-A,YPR114W,0,-0.12357286,0.09089110791683197,0.9190000295639038,0.9192000031471252
YGR244C,YIR026C,0,-0.12372061,0.09088212251663208,0.9190000295639038,0.9193000197410583
YHL017W,YLR377C,0,-0.12373596,0.09087313711643219,0.9190000295639038,0.9193999767303467
YGL016W,YDL123W,0,-0.123750046,0.0908641517162323,0.9190000295639038,0.9194999933242798
YDR023W,YKL058W,0,-0.1237619,0.09085516631603241,0.9190000295639038,0.9196000099182129
YMR076C,YEL051W,0,-0.123769246,0.09084618091583252,0.9190000295639038,0.919700026512146
YJR131W,YLR058C,0,-0.12396095,0.09083720296621323,0.9190000295639038,0.9197999835014343
YMR322C,YPL145C,0,-0.123992115,0.09082822501659393,0.9190000295639038,0.9199000000953674
YFR050C,YGR260W,0,-0.12400657,0.09081925451755524,0.9190000295639038,0.9200000166893005
YGR174C,YKL197C,0,-0.12411948,0.09081027656793594,0.9190000295639038,0.9200999736785889
YER093C,YJL003W,0,-0.12416687,0.09080130606889725,0.9190000295639038,0.920199990272522
YDR289C,YAL068C,0,-0.12425032,0.09079233556985855,0.9190000295639038,0.9203000068664551
YPL036W,YOR227W,0,-0.1243511,0.09078336507081985,0.9190000295639038,0.9204000234603882
YDR160W,YDL102W,0,-0.12470672,0.09077439457178116,0.9190000295639038,0.9204999804496765
YKL110C,YNR071C,0,-0.1248746,0.09076543152332306,0.9190000295639038,0.9205999970436096
YOR081C,YHR024C,0,-0.12501755,0.09075646847486496,0.9190000295639038,0.9207000136375427
YPL135W,YDR135C,0,-0.12517251,0.09074750542640686,0.9190000295639038,0.920799970626831
YBR069C,YMR226C,0,-0.12525463,0.09073854982852936,0.9190000295639038,0.9208999872207642
YHR088W,YMR195W,0,-0.12540588,0.09072958678007126,0.9190000295639038,0.9210000038146973
YKL028W,YIL036W,1,-0.12557939,0.090819351375103,0.9200000166893005,0.9210000038146973
YLR313C,YOL052C-A,0,-0.12586758,0.0908103808760643,0.9200000166893005,0.9211000204086304
YHR204W,YNL294C,0,-0.1258713,0.0908014178276062,0.9200000166893005,0.9211999773979187
YNL199C,YKR064W,0,-0.12600288,0.0907924622297287,0.9200000166893005,0.9212999939918518
YIL022W,YGL194C,0,-0.12601496,0.0907834991812706,0.9200000166893005,0.9214000105857849
YGL166W,YAL001C,1,-0.12608276,0.09087321162223816,0.9210000038146973,0.9214000105857849
YLR215C,YHL015W,0,-0.12619731,0.09086424857378006,0.9210000038146973,0.921500027179718
YMR110C,YCL039W,0,-0.12620305,0.09085528552532196,0.9210000038146973,0.9215999841690063
YIL156W,YDL230W,0,-0.1264016,0.09084632247686386,0.9210000038146973,0.9217000007629395
YGL115W,YPL156C,0,-0.12642999,0.09083735942840576,0.9210000038146973,0.9218000173568726
YGL244W,YNL222W,1,-0.12666197,0.09092701971530914,0.921999990940094,0.9218000173568726
YDL135C,YNL048W,0,-0.1266806,0.09091805666685104,0.921999990940094,0.9218999743461609
YAL030W,YDL134C,0,-0.12687637,0.09090909361839294,0.921999990940094,0.921999990940094
YOR249C,YKL032C,0,-0.12695219,0.09090013056993484,0.921999990940094,0.9221000075340271
YGR060W,YDL046W,0,-0.12702492,0.09089116752147675,0.921999990940094,0.9222000241279602
YMR274C,YLR409C,0,-0.12713169,0.09088220447301865,0.921999990940094,0.9222999811172485
YKL045W,YKL129C,0,-0.12720153,0.09087324887514114,0.921999990940094,0.9223999977111816
YMR059W,YJL083W,0,-0.12735452,0.09086429327726364,0.921999990940094,0.9225000143051147
YNL051W,YKL129C,0,-0.12754627,0.09085533767938614,0.921999990940094,0.9225999712944031
YHR035W,YML013W,0,-0.12774731,0.09084638953208923,0.921999990940094,0.9226999878883362
YPL193W,YDR301W,0,-0.12804443,0.09083744138479233,0.921999990940094,0.9228000044822693
YIL137C,YOR259C,0,-0.12829898,0.09082849323749542,0.921999990940094,0.9229000210762024
YDR129C,YGR211W,0,-0.12832524,0.09081954509019852,0.921999990940094,0.9229999780654907
YPR133C,YHR138C,0,-0.12849785,0.09081059694290161,0.921999990940094,0.9230999946594238
YIL143C,YOR110W,1,-0.1285415,0.09090013802051544,0.9229999780654907,0.9230999946594238
YKL191W,YLR060W,0,-0.12861295,0.09089118987321854,0.9229999780654907,0.9232000112533569
YDR482C,YER038C,0,-0.12864888,0.09088223427534103,0.9229999780654907,0.92330002784729
YKL058W,YOL067C,1,-0.12871353,0.09097174555063248,0.9240000247955322,0.92330002784729
YPR143W,YBR015C,0,-0.12878363,0.09096278995275497,0.9240000247955322,0.9233999848365784
YDR361C,YFR053C,0,-0.12880756,0.09095383435487747,0.9240000247955322,0.9235000014305115
YOR194C,YIL036W,1,-0.12895527,0.09104330837726593,0.925000011920929,0.9235000014305115
YMR318C,YOR009W,0,-0.12926504,0.09103434532880783,0.925000011920929,0.9236000180244446
YDR361C,YMR055C,0,-0.12928344,0.09102538973093033,0.925000011920929,0.9236999750137329
YDR145W,YML098W,1,-0.12941638,0.0911148265004158,0.9259999990463257,0.9236999750137329
YIL143C,YER045C,1,-0.12942187,0.09120424836874008,0.9269999861717224,0.9236999750137329
YAL011W,YMR055C,0,-0.12945674,0.09119527786970139,0.9269999861717224,0.923799991607666
YJR117W,YBR094W,0,-0.1294733,0.09118630737066269,0.9269999861717224,0.9239000082015991
YOR195W,YDL223C,0,-0.12947668,0.09117733687162399,0.9269999861717224,0.9240000247955322
YAR009C,YNR055C,0,-0.12972604,0.0911683738231659,0.9269999861717224,0.9240999817848206
YBR034C,YNR055C,0,-0.12981807,0.0911594033241272,0.9269999861717224,0.9241999983787537
YOR136W,YOL061W,0,-0.12986691,0.0911504402756691,0.9269999861717224,0.9243000149726868
YOR250C,YIL120W,0,-0.12986882,0.091141477227211,0.9269999861717224,0.9243999719619751
YLR399C,YFL021W,1,-0.13016044,0.0912308320403099,0.9279999732971191,0.9243999719619751
YDR500C,YDR422C,0,-0.13021088,0.09122186154127121,0.9279999732971191,0.9244999885559082
YOR319W,YDL211C,0,-0.13038352,0.09121289849281311,0.9279999732971191,0.9246000051498413
YKL141W,YGR083C,0,-0.13065137,0.09120392799377441,0.9279999732971191,0.9247000217437744
YIL064W,YLR092W,0,-0.13066272,0.09119496494531631,0.9279999732971191,0.9247999787330627
YAR009C,YMR055C,0,-0.130666,0.09118600934743881,0.9279999732971191,0.9248999953269958
YML127W,YDR517W,0,-0.13085036,0.09117704629898071,0.9279999732971191,0.925000011920929
YLL018C,YGL093W,0,-0.13089438,0.09116809070110321,0.9279999732971191,0.9251000285148621
YDR345C,YBR268W,0,-0.13136266,0.09115913510322571,0.9279999732971191,0.9251999855041504
YDR460W,YOR194C,1,-0.13147277,0.09124840050935745,0.9290000200271606,0.9251999855041504
YML069W,YPR186C,1,-0.13152704,0.091337651014328,0.9300000071525574,0.9251999855041504
YDL247W,YKL099C,0,-0.13152996,0.0913286879658699,0.9300000071525574,0.9253000020980835
YML114C,YPR086W,1,-0.13161032,0.09141790866851807,0.9309999942779541,0.9253000020980835
YCR045C,YLR247C,0,-0.13189076,0.09140893816947937,0.9309999942779541,0.9254000186920166
YCR016W,YHR154W,0,-0.13204996,0.09139996021986008,0.9309999942779541,0.9254999756813049
YDR212W,YER155C,0,-0.13206883,0.09139098972082138,0.9309999942779541,0.925599992275238
YDR023W,YEL032W,0,-0.13208301,0.09138201922178268,0.9309999942779541,0.9257000088691711
YDR256C,YBR003W,0,-0.13211188,0.09137304872274399,0.9309999942779541,0.9258000254631042
YAR009C,YPL198W,0,-0.13244705,0.09136408567428589,0.9309999942779541,0.9258999824523926
YPL173W,YBR188C,0,-0.13265535,0.09135511517524719,0.9309999942779541,0.9259999990463257
YHR149C,YGR260W,0,-0.13270766,0.09134615212678909,0.9309999942779541,0.9261000156402588
YDR482C,YDR343C,0,-0.13295585,0.091337189078331,0.9309999942779541,0.9261999726295471
YOR207C,YHL050C,0,-0.1330357,0.09132823348045349,0.9309999942779541,0.9262999892234802
YDR513W,YDR110W,0,-0.13368842,0.09131927043199539,0.9309999942779541,0.9264000058174133
YMR261C,YLR328W,0,-0.13402377,0.09131031483411789,0.9309999942779541,0.9265000224113464
YOR383C,YIL096C,0,-0.1343155,0.09130136668682098,0.9309999942779541,0.9265999794006348
YDR041W,YDL018C,0,-0.13451459,0.09129241108894348,0.9309999942779541,0.9266999959945679
YDR513W,YPL224C,0,-0.13469554,0.09128345549106598,0.9309999942779541,0.926800012588501
YIL143C,YPR008W,1,-0.13484962,0.091372549533844,0.9319999814033508,0.926800012588501
YBR060C,YNL180C,0,-0.13485713,0.09136359393596649,0.9319999814033508,0.9269000291824341
YIL019W,YER060W,0,-0.13523543,0.09135463833808899,0.9319999814033508,0.9269999861717224
YBR023C,YIL011W,0,-0.13538395,0.09134568274021149,0.9319999814033508,0.9271000027656555
YDR375C,YHR111W,0,-0.13540159,0.09133672714233398,0.9319999814033508,0.9272000193595886
YPL100W,YLR260W,0,-0.13544977,0.09132777899503708,0.9319999814033508,0.927299976348877
YDL135C,YDR412W,0,-0.1363755,0.09131883084774017,0.9319999814033508,0.9273999929428101
YOR091W,YKL155C,0,-0.13639055,0.09130988270044327,0.9319999814033508,0.9275000095367432
YDL003W,YER072W,0,-0.13680641,0.09130094200372696,0.9319999814033508,0.9276000261306763
YDR145W,YDL108W,1,-0.13720292,0.09138994663953781,0.9330000281333923,0.9276000261306763
YLR039C,YDR178W,0,-0.13736394,0.0913809984922409,0.9330000281333923,0.9276999831199646
YPL135W,YCR038C,0,-0.13748637,0.091372050344944,0.9330000281333923,0.9277999997138977
YOR011W,YDR397C,0,-0.13756455,0.0913631021976471,0.9330000281333923,0.9279000163078308
YGR205W,YLR143W,0,-0.13762535,0.09135415405035019,0.9330000281333923,0.9279999732971191
YHR033W,YMR125W,0,-0.13789976,0.09134521335363388,0.9330000281333923,0.9280999898910522
YFR053C,YPL178W,0,-0.13796823,0.09133627265691757,0.9330000281333923,0.9282000064849854
YOR110W,YNL314W,1,-0.1380189,0.09142521768808365,0.9340000152587891,0.9282000064849854
YHR146W,YLR190W,0,-0.13822998,0.09141626954078674,0.9340000152587891,0.9283000230789185
YPL058C,YJL208C,0,-0.13836715,0.09140732139348984,0.9340000152587891,0.9283999800682068
YJL094C,YKL005C,0,-0.13839819,0.09139837324619293,0.9340000152587891,0.9284999966621399
YMR232W,YHR009C,0,-0.13896771,0.09138943254947662,0.9340000152587891,0.928600013256073
YGL098W,YML057W,0,-0.13909876,0.09138049185276031,0.9340000152587891,0.9286999702453613
YHR099W,YNL222W,1,-0.13925183,0.09146937727928162,0.9350000023841858,0.9286999702453613
YHR088W,YIL123W,0,-0.13934825,0.09146042913198471,0.9350000023841858,0.9287999868392944
YLR039C,YGL070C,0,-0.13937126,0.0914514884352684,0.9350000023841858,0.9289000034332275
YKR064W,YNL024C,0,-0.13952501,0.0914425402879715,0.9350000023841858,0.9290000200271606
YGL144C,YCR106W,0,-0.13956912,0.09143359959125519,0.9350000023841858,0.929099977016449
YPL224C,YOR195W,0,-0.1396379,0.09142465889453888,0.9350000023841858,0.9291999936103821
YOR207C,YGL006W,0,-0.13994561,0.09141571819782257,0.9350000023841858,0.9293000102043152
YKL132C,YCR063W,0,-0.14032646,0.09140678495168686,0.9350000023841858,0.9294000267982483
YJL026W,YBR094W,0,-0.14052783,0.09139785170555115,0.9350000023841858,0.9294999837875366
YFR014C,YBR112C,0,-0.14052875,0.09138891845941544,0.9350000023841858,0.9296000003814697
YPL221W,YLR466W,0,-0.14060242,0.09137998521327972,0.9350000023841858,0.9297000169754028
YPR008W,YGL096W,0,-0.14062507,0.09137105196714401,0.9350000023841858,0.9297999739646912
YHR158C,YFR050C,0,-0.14074029,0.0913621261715889,0.9350000023841858,0.9298999905586243
YAL011W,YIL130W,0,-0.14092724,0.09135320037603378,0.9350000023841858,0.9300000071525574
YPL138C,YLR323C,0,-0.14105405,0.09134427458047867,0.9350000023841858,0.9301000237464905
YPL082C,YFL021W,1,-0.14106971,0.09143303334712982,0.9359999895095825,0.9301000237464905
YGR047C,YPL129W,1,-0.14117487,0.09152178466320038,0.9369999766349792,0.9301000237464905
YKL191W,YOL095C,0,-0.1412176,0.09151284396648407,0.9369999766349792,0.9301999807357788
YOR262W,YJR131W,0,-0.14135663,0.09150390326976776,0.9369999766349792,0.9302999973297119
YNL222W,YML069W,1,-0.14142768,0.09159261733293533,0.9380000233650208,0.9302999973297119
YMR230W,YDR438W,0,-0.14150324,0.09158367663621902,0.9380000233650208,0.930400013923645
YOR009W,YGL105W,0,-0.14159374,0.09157473593950272,0.9380000233650208,0.9304999709129333
YDR227W,YMR040W,0,-0.1416199,0.09156579524278641,0.9380000233650208,0.9305999875068665
YKL006W,YNL081C,0,-0.14212786,0.0915568545460701,0.9380000233650208,0.9307000041007996
YGL104C,YEL019C,0,-0.1423933,0.09154792129993439,0.9380000233650208,0.9308000206947327
YBR198C,YNL222W,1,-0.14252166,0.09163657575845718,0.9390000104904175,0.9308000206947327
YOL023W,YDR515W,0,-0.14331686,0.09162763506174088,0.9390000104904175,0.930899977684021
YLL018C,YMR131C,0,-0.14348121,0.09161869436502457,0.9390000104904175,0.9309999942779541
YPR188C,YNR071C,0,-0.14389955,0.09160975366830826,0.9390000104904175,0.9311000108718872
YBR198C,YDL108W,1,-0.1439033,0.09169837087392807,0.9399999976158142,0.9311000108718872
YLL018C-A,YDR023W,0,-0.14390756,0.09168943017721176,0.9399999976158142,0.9312000274658203
YDR516C,YLR248W,0,-0.14397253,0.09168048202991486,0.9399999976158142,0.9312999844551086
YLR131C,YOR034C,0,-0.14397998,0.09167154133319855,0.9399999976158142,0.9314000010490417
YBR181C,YLL067C,0,-0.14398834,0.09166260063648224,0.9399999976158142,0.9315000176429749
YPR003C,YKL081W,0,-0.14467975,0.09165366739034653,0.9399999976158142,0.9315999746322632
YKL079W,YPL254W,0,-0.14468162,0.09164473414421082,0.9399999976158142,0.9316999912261963
YPR188C,YPR128C,0,-0.1448774,0.0916357934474945,0.9399999976158142,0.9318000078201294
YBL007C,YIL014W,0,-0.14515425,0.09162686765193939,0.9399999976158142,0.9319000244140625
YER123W,YGL107C,0,-0.14520268,0.09161793440580368,0.9399999976158142,0.9319999814033508
YHR165C,YNR053C,0,-0.14551009,0.09160900861024857,0.9399999976158142,0.9320999979972839
YOR260W,YOL095C,0,-0.14597978,0.09160007536411285,0.9399999976158142,0.932200014591217
YMR055C,YER149C,0,-0.14641292,0.09159114956855774,0.9399999976158142,0.9322999715805054
YBR189W,YPL168W,0,-0.14656655,0.09158223122358322,0.9399999976158142,0.9323999881744385
YOR194C,YCL010C,1,-0.14666054,0.09167072921991348,0.9409999847412109,0.9323999881744385
YKL052C,YML076C,0,-0.1466697,0.09166179597377777,0.9409999847412109,0.9325000047683716
YDR261C,YLR384C,0,-0.14667426,0.09165287017822266,0.9409999847412109,0.9326000213623047
YPR114W,YJL212C,0,-0.14690408,0.09164394438266754,0.9409999847412109,0.932699978351593
YGR283C,YKL196C,0,-0.14729136,0.09163501858711243,0.9409999847412109,0.9327999949455261
YGR005C,YPL063W,0,-0.14755131,0.09162609279155731,0.9409999847412109,0.9329000115394592
YLR347C,YOL132W,0,-0.14797868,0.0916171744465828,0.9409999847412109,0.9330000281333923
YOL132W,YBR295W,0,-0.14799471,0.09160825610160828,0.9409999847412109,0.9330999851226807
YDR441C,YDR289C,0,-0.1480124,0.09159933775663376,0.9409999847412109,0.9332000017166138
YPR110C,YJL012C,0,-0.14805545,0.09159041941165924,0.9409999847412109,0.9333000183105469
YER062C,YKL185W,0,-0.14806299,0.09158150851726532,0.9409999847412109,0.9333999752998352
YLR426W,YHR138C,0,-0.14817376,0.0915725976228714,0.9409999847412109,0.9334999918937683
YGL067W,YDR111C,0,-0.14820278,0.09156368672847748,0.9409999847412109,0.9336000084877014
YIL096C,YEL032W,0,-0.1482641,0.09155477583408356,0.9409999847412109,0.9337000250816345
YLR006C,YDR434W,0,-0.14831287,0.09154587239027023,0.9409999847412109,0.9337999820709229
YKR064W,YOR158W,0,-0.14846326,0.09153696149587631,0.9409999847412109,0.933899998664856
YJR052W,YDR399W,0,-0.14859013,0.09152805805206299,0.9409999847412109,0.9340000152587891
YKL194C,YOR357C,0,-0.14865376,0.09151916205883026,0.9409999847412109,0.9340999722480774
YDR213W,YJL001W,0,-0.14909904,0.09151025861501694,0.9409999847412109,0.9341999888420105
YDR039C,YNL247W,0,-0.14929868,0.09150136262178421,0.9409999847412109,0.9343000054359436
YOL009C,YPL097W,0,-0.14949073,0.09149246662855148,0.9409999847412109,0.9344000220298767
YPL130W,YGL240W,0,-0.14949127,0.09148357063531876,0.9409999847412109,0.934499979019165
YNL076W,YDR289C,0,-0.14967993,0.09147467464208603,0.9409999847412109,0.9345999956130981
YLR200W,YCL048W,0,-0.14970316,0.0914657860994339,0.9409999847412109,0.9347000122070312
YJL181W,YPL156C,0,-0.15004212,0.09145689755678177,0.9409999847412109,0.9348000288009644
YPL169C,YKR064W,0,-0.15009944,0.09144800901412964,0.9409999847412109,0.9348999857902527
YIL005W,YOR132W,0,-0.15019825,0.09143912047147751,0.9409999847412109,0.9350000023841858
YDR276C,YHR014W,0,-0.15091237,0.09143023937940598,0.9409999847412109,0.9351000189781189
YGL070C,YLL014W,0,-0.15105481,0.09142135083675385,0.9409999847412109,0.9351999759674072
YPR188C,YDL100C,0,-0.15124236,0.09141246974468231,0.9409999847412109,0.9352999925613403
YLR006C,YKR072C,0,-0.15127246,0.09140359610319138,0.9409999847412109,0.9354000091552734
YPL171C,YHL031C,0,-0.15138654,0.09139471501111984,0.9409999847412109,0.9355000257492065
YER041W,YBR049C,0,-0.15164496,0.0913858413696289,0.9409999847412109,0.9355999827384949
YIL144W,YKR034W,0,-0.1520328,0.09137696772813797,0.9409999847412109,0.935699999332428
YLL018C,YIL148W,0,-0.1521323,0.09136809408664703,0.9409999847412109,0.9358000159263611
YFL021W,YKL144C,1,-0.15238795,0.09145630896091461,0.9419999718666077,0.9358000159263611
YBR069C,YGL243W,0,-0.15255477,0.09144743531942368,0.9419999718666077,0.9358999729156494
YLR239C,YDL160C,0,-0.1526688,0.09143855422735214,0.9419999718666077,0.9359999895095825
YEL019C,YOR258W,0,-0.15328027,0.0914296805858612,0.9419999718666077,0.9361000061035156
YJL173C,YGL111W,0,-0.15331505,0.09142080694437027,0.9419999718666077,0.9362000226974487
YER062C,YCR035C,0,-0.15332094,0.09141193330287933,0.9419999718666077,0.9362999796867371
YPR067W,YDR087C,0,-0.15377155,0.091403067111969,0.9419999718666077,0.9363999962806702
YIL143C,YNL314W,1,-0.15395479,0.0914912223815918,0.9430000185966492,0.9363999962806702
YDL117W,YNL055C,0,-0.15425858,0.09148234128952026,0.9430000185966492,0.9365000128746033
YPL177C,YGL112C,1,-0.15434863,0.09157047420740128,0.9440000057220459,0.9365000128746033
YNL164C,YGL226W,0,-0.15450019,0.09156159311532974,0.9440000057220459,0.9366000294685364
YBR130C,YLR292C,0,-0.15490699,0.09155271202325821,0.9440000057220459,0.9366999864578247
YCL044C,YDR246W,0,-0.15498397,0.09154383093118668,0.9440000057220459,0.9368000030517578
YPL115C,YFL026W,0,-0.15503548,0.09153495728969574,0.9440000057220459,0.9369000196456909
YBR034C,YBR089C-A,0,-0.15508993,0.0915260836482048,0.9440000057220459,0.9369999766349792
YJR123W,YNL194C,0,-0.15513735,0.09151721000671387,0.9440000057220459,0.9370999932289124
YNL041C,YOR019W,0,-0.15539919,0.09150833636522293,0.9440000057220459,0.9372000098228455
YER072W,YKR085C,0,-0.15558833,0.09149947017431259,0.9440000057220459,0.9373000264167786
YLR239C,YDL145C,0,-0.15563922,0.09149059653282166,0.9440000057220459,0.9373999834060669
YDL108W,YPR086W,1,-0.15585707,0.0915786400437355,0.9449999928474426,0.9373999834060669
YDR009W,YOR110W,0,-0.15615906,0.09156976640224457,0.9449999928474426,0.9375
YNL199C,YBR109C,0,-0.1561976,0.09156089276075363,0.9449999928474426,0.9376000165939331
YPR131C,YBR149W,0,-0.15634029,0.09155202656984329,0.9449999928474426,0.9376999735832214
YGR244C,YDL117W,0,-0.15644279,0.09154315292835236,0.9449999928474426,0.9377999901771545
YAL011W,YNL054W,0,-0.15660127,0.09153428673744202,0.9449999928474426,0.9379000067710876
YER072W,YJL180C,0,-0.15664686,0.09152542054653168,0.9449999928474426,0.9380000233650208
YJL208C,YGL219C,0,-0.1566676,0.09151656180620193,0.9449999928474426,0.9380999803543091
YPL177C,YGR274C,1,-0.15669574,0.09160453081130981,0.9459999799728394,0.9380999803543091
YMR318C,YIL011W,0,-0.1569597,0.09159566462039948,0.9459999799728394,0.9381999969482422
YPL210C,YKL058W,0,-0.15700774,0.09158679097890854,0.9459999799728394,0.9383000135421753
YKR085C,YML061C,0,-0.15713748,0.0915779247879982,0.9459999799728394,0.9383999705314636
YLR277C,YJL180C,0,-0.15726446,0.09156906604766846,0.9459999799728394,0.9384999871253967
YPR180W,YNR071C,0,-0.15727554,0.09156019985675812,0.9459999799728394,0.9386000037193298
YGR047C,YKL058W,1,-0.15738161,0.09164811670780182,0.9470000267028809,0.9386000037193298
YCL029C,YJR054W,0,-0.15739234,0.09163925051689148,0.9470000267028809,0.9387000203132629
YHR210C,YHR111W,0,-0.15745948,0.09163038432598114,0.9470000267028809,0.9387999773025513
YMR318C,YJL183W,0,-0.15749675,0.0916215181350708,0.9470000267028809,0.9388999938964844
YGR181W,YCR065W,0,-0.15760292,0.09161265194416046,0.9470000267028809,0.9390000104904175
YOR091W,YBL008W,0,-0.15804365,0.09160379320383072,0.9470000267028809,0.9391000270843506
YMR234W,YOL023W,0,-0.15860504,0.09159493446350098,0.9470000267028809,0.9391999840736389
YGR283C,YJL001W,0,-0.15901,0.09158607572317123,0.9470000267028809,0.939300000667572
YEL051W,YBR094W,0,-0.15919864,0.09157721698284149,0.9470000267028809,0.9394000172615051
YER142C,YJL186W,0,-0.15925884,0.09156836569309235,0.9470000267028809,0.9394999742507935
YPL209C,YBR168W,0,-0.15927328,0.0915595069527626,0.9470000267028809,0.9395999908447266
YOR087W,YGR204W,0,-0.15932275,0.09155065566301346,0.9470000267028809,0.9397000074386597
YJL174W,YDR407C,0,-0.159387,0.09154180437326431,0.9470000267028809,0.9398000240325928
YJR153W,YDR365C,0,-0.15942259,0.09153296053409576,0.9470000267028809,0.9398999810218811
YBR005W,YJL173C,0,-0.15952404,0.09152411669492722,0.9470000267028809,0.9399999976158142
YML101C,YHR202W,0,-0.15965272,0.09151526540517807,0.9470000267028809,0.9401000142097473
YDR292C,YIR031C,0,-0.16007316,0.09150642901659012,0.9470000267028809,0.9401999711990356
YGL028C,YKR088C,0,-0.16036512,0.09149758517742157,0.9470000267028809,0.9402999877929688
YMR005W,YDR311W,1,-0.16044584,0.09158535301685333,0.9480000138282776,0.9402999877929688
YOR001W,YGL127C,0,-0.16045712,0.09157650917768478,0.9480000138282776,0.9404000043869019
YIL087C,YAL030W,0,-0.16048859,0.09156765788793564,0.9480000138282776,0.940500020980835
YHR096C,YGL171W,0,-0.16106617,0.09155882149934769,0.9480000138282776,0.9405999779701233
YHR142W,YDR040C,0,-0.16125911,0.09154997766017914,0.9480000138282776,0.9406999945640564
YBR086C,YCR036W,0,-0.1613555,0.09154113382101059,0.9480000138282776,0.9408000111579895
YJL183W,YML031W,0,-0.16137035,0.09153229743242264,0.9480000138282776,0.9409000277519226
YER062C,YKL099C,0,-0.16165476,0.09152346104383469,0.9480000138282776,0.9409999847412109
YGL043W,YDR448W,1,-0.16207151,0.09161116182804108,0.9490000009536743,0.9409999847412109
YGR047C,YPL011C,1,-0.16233058,0.09169884026050568,0.949999988079071,0.9409999847412109
YJL127C,YGL127C,0,-0.16249746,0.09168998897075653,0.949999988079071,0.941100001335144
YJR102C,YGR129W,0,-0.16295369,0.09168114513158798,0.949999988079071,0.9412000179290771
YBR091C,YHR201C,0,-0.1629549,0.09167229384183884,0.949999988079071,0.9412999749183655
YMR220W,YBR003W,0,-0.1632018,0.09166345000267029,0.949999988079071,0.9413999915122986
YJL054W,YEL051W,0,-0.16341572,0.09165460616350174,0.949999988079071,0.9415000081062317
YNL023C,YBR016W,0,-0.16352111,0.09164576232433319,0.949999988079071,0.9416000247001648
YBR112C,YLL057C,0,-0.16355352,0.09163692593574524,0.949999988079071,0.9416999816894531
YKR079C,YKL192C,0,-0.1637678,0.09162808954715729,0.949999988079071,0.9417999982833862
YML114C,YGR274C,1,-0.1645707,0.09171569347381592,0.9509999752044678,0.9417999982833862
YKL006C-A,YFR034C,0,-0.16461673,0.09170684963464737,0.9509999752044678,0.9419000148773193
YDR007W,YNL251C,0,-0.16471054,0.09169800579547882,0.9509999752044678,0.9419999718666077
YDR098C,YDR087C,0,-0.16507003,0.09168916195631027,0.9509999752044678,0.9420999884605408
YER062C,YPL207W,0,-0.16515283,0.09168032556772232,0.9509999752044678,0.9422000050544739
YBR060C,YGL049C,0,-0.16517337,0.09167148917913437,0.9509999752044678,0.942300021648407
YLR258W,YNL132W,0,-0.16543111,0.09166265279054642,0.9509999752044678,0.9423999786376953
YPL063W,YML055W,0,-0.1654763,0.09165381640195847,0.9509999752044678,0.9424999952316284
YKL029C,YIR026C,0,-0.16573958,0.09164498746395111,0.9509999752044678,0.9426000118255615
YOL089C,YAL001C,1,-0.16576214,0.09173250943422318,0.9520000219345093,0.9426000118255615
YJL181W,YEL048C,0,-0.16578451,0.09172367304563522,0.9520000219345093,0.9427000284194946
YGL025C,YOR192C,0,-0.16581012,0.09171483665704727,0.9520000219345093,0.942799985408783
YGR078C,YGR005C,0,-0.16605483,0.09170600026845932,0.9520000219345093,0.9429000020027161
YLR442C,YKL145W,0,-0.16612342,0.09169717133045197,0.9520000219345093,0.9430000185966492
YGR211W,YDL139C,0,-0.16649184,0.09168833494186401,0.9520000219345093,0.9430999755859375
YNL222W,YPR186C,1,-0.1671602,0.0917758122086525,0.953000009059906,0.9430999755859375
YBR295W,YLR352W,0,-0.16735043,0.09176696836948395,0.953000009059906,0.9431999921798706
YMR215W,YGL006W,0,-0.16738908,0.09175813943147659,0.953000009059906,0.9433000087738037
YLL066C,YIL069C,0,-0.16754562,0.09174930304288864,0.953000009059906,0.9434000253677368
YDR325W,YNL062C,0,-0.16758016,0.09174046665430069,0.953000009059906,0.9434999823570251
YLR215C,YPR057W,0,-0.16780846,0.09173163771629333,0.953000009059906,0.9435999989509583
YGR097W,YDR021W,0,-0.16785641,0.09172280877828598,0.953000009059906,0.9437000155448914
YFR016C,YGR161C,0,-0.1678753,0.09171397984027863,0.953000009059906,0.9437999725341797
YDR039C,YCR035C,0,-0.16798522,0.09170515835285187,0.953000009059906,0.9438999891281128
YPL137C,YAL007C,0,-0.16802542,0.09169633686542511,0.953000009059906,0.9440000057220459
YLR060W,YNL123W,0,-0.16817768,0.09168751537799835,0.953000009059906,0.944100022315979
YER033C,YER032W,0,-0.16853367,0.0916786938905716,0.953000009059906,0.9441999793052673
YMR274C,YKL060C,0,-0.16887769,0.09166987240314484,0.953000009059906,0.9442999958992004
YEL005C,YGR224W,0,-0.16941775,0.09166105836629868,0.953000009059906,0.9444000124931335
YOR045W,YNR038W,0,-0.16952007,0.09165224432945251,0.953000009059906,0.9445000290870667
YDL230W,YBR188C,0,-0.16995342,0.09164343029260635,0.953000009059906,0.944599986076355
YMR192W,YDL240W,0,-0.1699993,0.09163461625576019,0.953000009059906,0.9447000026702881
YER044C-A,YIR026C,0,-0.17007904,0.09162580221891403,0.953000009059906,0.9448000192642212
YBR091C,YNR037C,0,-0.17013378,0.09161699563264847,0.953000009059906,0.9448999762535095
YAR042W,YKR079C,0,-0.17029393,0.0916081890463829,0.953000009059906,0.9449999928474426
YLR284C,YJR049C,0,-0.1703933,0.09159938246011734,0.953000009059906,0.9451000094413757
YGL167C,YBR188C,0,-0.17060117,0.09159058332443237,0.953000009059906,0.9452000260353088
YGR235C,YOL069W,0,-0.17064829,0.09158177673816681,0.953000009059906,0.9452999830245972
YKL045W,YBR149W,0,-0.17068958,0.09157297760248184,0.953000009059906,0.9453999996185303
YKR064W,YDL211C,0,-0.17109984,0.09156417846679688,0.953000009059906,0.9455000162124634
YKL014C,YHR035W,0,-0.17113166,0.0915553867816925,0.953000009059906,0.9455999732017517
YMR227C,YNL039W,1,-0.17124055,0.09164264798164368,0.9539999961853027,0.9455999732017517
YNL031C,YPL043W,0,-0.1713155,0.09163384884595871,0.9539999961853027,0.9456999897956848
YJR073C,YMR041C,0,-0.17136998,0.09162504971027374,0.9539999961853027,0.9458000063896179
YJR084W,YGL053W,0,-0.17142142,0.09161625057458878,0.9539999961853027,0.945900022983551
YBR211C,YDR002W,0,-0.17147191,0.09160745143890381,0.9539999961853027,0.9459999799728394
YLR193C,YLR411W,0,-0.17162295,0.09159865230321884,0.9539999961853027,0.9460999965667725
YER023W,YPL156C,0,-0.17178625,0.09158986061811447,0.9539999961853027,0.9462000131607056
YLR466W,YPL010W,0,-0.17189553,0.0915810689330101,0.9539999961853027,0.9463000297546387
YGL166W,YPR086W,1,-0.17200536,0.0916682630777359,0.9549999833106995,0.9463000297546387
YDL003W,YJL208C,0,-0.17226344,0.09165947139263153,0.9549999833106995,0.946399986743927
YCL044C,YML096W,0,-0.17246948,0.09165067225694656,0.9549999833106995,0.9465000033378601
YGL196W,YKR075C,0,-0.1728614,0.0916418805718422,0.9549999833106995,0.9466000199317932
YMR055C,YKL060C,0,-0.17291643,0.09163308143615723,0.9549999833106995,0.9466999769210815
YHL025W,YLR175W,0,-0.17300777,0.09162428975105286,0.9549999833106995,0.9467999935150146
YKL110C,YJL035C,0,-0.1733453,0.09161550551652908,0.9549999833106995,0.9469000101089478
YDR145W,YNL039W,1,-0.17335112,0.09170264005661011,0.9559999704360962,0.9469000101089478
YER177W,YLR466W,0,-0.1735111,0.09169384092092514,0.9559999704360962,0.9470000267028809
YPR110C,YOL098C,0,-0.17355905,0.09168504923582077,0.9559999704360962,0.9470999836921692
YCR031C,YPR003C,0,-0.17356874,0.0916762575507164,0.9559999704360962,0.9472000002861023
YOR091W,YMR230W,0,-0.17375128,0.09166746586561203,0.9559999704360962,0.9473000168800354
YNL167C,YKL069W,0,-0.17390369,0.09165867418050766,0.9559999704360962,0.9473999738693237
YML107C,YIL096C,0,-0.17439438,0.09164988994598389,0.9559999704360962,0.9474999904632568
YOL089C,YGL244W,1,-0.17447089,0.09173696488142014,0.9570000171661377,0.9474999904632568
YDL003W,YLR037C,0,-0.17450331,0.09172817319631577,0.9570000171661377,0.9476000070571899
YKL194C,YBL014C,0,-0.17470388,0.0917193815112114,0.9570000171661377,0.947700023651123
YOR250C,YDR406W,0,-0.17523338,0.09171058982610703,0.9570000171661377,0.9477999806404114
YDR292C,YLR337C,0,-0.17539732,0.09170179814100266,0.9570000171661377,0.9478999972343445
YPR097W,YML016C,0,-0.17566754,0.09169301390647888,0.9570000171661377,0.9480000138282776
YJR073C,YNL031C,0,-0.17566836,0.09168422967195511,0.9570000171661377,0.9480999708175659
YOL154W,YAL026C,0,-0.17570668,0.09167544543743134,0.9570000171661377,0.948199987411499
YMR322C,YLR363C,0,-0.17581984,0.09166666865348816,0.9570000171661377,0.9483000040054321
YGR161C,YDR005C,0,-0.1761076,0.09165788441896439,0.9570000171661377,0.9484000205993652
YER143W,YGR161C,0,-0.17611828,0.09164910763502121,0.9570000171661377,0.9484999775886536
YIL014W,YDR300C,0,-0.17619903,0.09164033085107803,0.9570000171661377,0.9485999941825867
YNL056W,YGL076C,0,-0.17679462,0.09163156151771545,0.9570000171661377,0.9487000107765198
YLR382C,YDR317W,0,-0.17689735,0.09162278473377228,0.9570000171661377,0.9488000273704529
YFR031C-A,YMR050C,0,-0.17695013,0.0916140154004097,0.9570000171661377,0.9488999843597412
YDR129C,YIL154C,0,-0.17712894,0.09160524606704712,0.9570000171661377,0.9490000009536743
YGL246C,YDR412W,0,-0.1773428,0.09159647673368454,0.9570000171661377,0.9491000175476074
YGR082W,YOR081C,0,-0.17775007,0.09158771485090256,0.9570000171661377,0.9491999745368958
YMR274C,YLR006C,0,-0.1778257,0.09157894551753998,0.9570000171661377,0.9492999911308289
YER100W,YKL051W,0,-0.17794566,0.091570183634758,0.9570000171661377,0.949400007724762
YHR148W,YNL246W,0,-0.17799641,0.09156142175197601,0.9570000171661377,0.9495000243186951
YDL012C,YOL052C-A,0,-0.17801857,0.09155266731977463,0.9570000171661377,0.9495999813079834
YGR030C,YML096W,0,-0.17824417,0.09154390543699265,0.9570000171661377,0.9496999979019165
YPR175W,YCR038C,0,-0.1782672,0.09153515100479126,0.9570000171661377,0.9498000144958496
YJL012C,YIL096C,0,-0.17841247,0.09152639657258987,0.9570000171661377,0.9498999714851379
YIL143C,YDR460W,1,-0.17860758,0.09161327034235,0.9580000042915344,0.9498999714851379
YMR055C,YEL051W,0,-0.1786408,0.09160451591014862,0.9580000042915344,0.949999988079071
YDR311W,YDL108W,1,-0.1790109,0.09169136732816696,0.9589999914169312,0.949999988079071
YER005W,YGR122W,0,-0.17902043,0.09168259799480438,0.9589999914169312,0.9501000046730042
YDL081C,YJL013C,0,-0.1794234,0.0916738361120224,0.9589999914169312,0.9502000212669373
YOR330C,YLL014W,0,-0.17960505,0.09166507422924042,0.9589999914169312,0.9502999782562256
YDR122W,YHL026C,0,-0.18010049,0.09165631234645844,0.9589999914169312,0.9503999948501587
YER102W,YNL123W,0,-0.18030235,0.09164755046367645,0.9589999914169312,0.9505000114440918
YFR024C-A,YGR003W,0,-0.1803652,0.09163879603147507,0.9589999914169312,0.9506000280380249
YDR500C,YNR037C,0,-0.18047433,0.09163004159927368,0.9589999914169312,0.9506999850273132
YKL185W,YDR328C,0,-0.18074594,0.0916212871670723,0.9589999914169312,0.9508000016212463
YLR039C,YHR150W,0,-0.18076546,0.09161253273487091,0.9589999914169312,0.9509000182151794
YER177W,YNL024C,0,-0.18081486,0.09160378575325012,0.9589999914169312,0.9509999752044678
YPL056C,YDL046W,0,-0.18082868,0.09159503132104874,0.9589999914169312,0.9510999917984009
YJR109C,YMR074C,0,-0.18096645,0.09158628433942795,0.9589999914169312,0.951200008392334
YMR236W,YGR274C,1,-0.18122806,0.09167303144931793,0.9599999785423279,0.951200008392334
YLR277C,YOL126C,0,-0.18127923,0.09166427701711655,0.9599999785423279,0.9513000249862671
YJL012C,YLR277C,0,-0.18143116,0.09165553003549576,0.9599999785423279,0.9513999819755554
YGR047C,YFL021W,1,-0.18172896,0.09174223989248276,0.9610000252723694,0.9513999819755554
YPL156C,YNL118C,0,-0.18198234,0.09173348546028137,0.9610000252723694,0.9514999985694885
YFL021W,YKR062W,1,-0.18226205,0.09182018041610718,0.9620000123977661,0.9514999985694885
YOR091W,YCR105W,0,-0.18227187,0.0918114110827446,0.9620000123977661,0.9516000151634216
YER028C,YDR448W,1,-0.18228263,0.09189808368682861,0.9629999995231628,0.9516000151634216
YJR041C,YKL114C,0,-0.1823129,0.09188931435346603,0.9629999995231628,0.95169997215271
YLL066C,YKL005C,0,-0.18236266,0.09188054502010345,0.9629999995231628,0.9517999887466431
YAL002W,YDR516C,0,-0.18237852,0.09187178313732147,0.9629999995231628,0.9519000053405762
YKL081W,YKL087C,0,-0.18272825,0.09186301380395889,0.9629999995231628,0.9520000219345093
YGR017W,YMR091C,0,-0.18278459,0.09185425192117691,0.9629999995231628,0.9520999789237976
YMR005W,YDR460W,1,-0.1831076,0.09194086492061615,0.9639999866485596,0.9520999789237976
YGR235C,YJR048W,0,-0.18353339,0.09193210303783417,0.9639999866485596,0.9521999955177307
YML120C,YHR006W,0,-0.183883,0.09192333370447159,0.9639999866485596,0.9523000121116638
YER007C-A,YNL041C,0,-0.1839801,0.0919145718216896,0.9639999866485596,0.9524000287055969
YDR361C,YJR108W,0,-0.1842846,0.09190580248832703,0.9639999866485596,0.9524999856948853
YGL096W,YHR194W,0,-0.18439795,0.09189704805612564,0.9639999866485596,0.9526000022888184
YDL220C,YKL048C,0,-0.1846454,0.09188828617334366,0.9639999866485596,0.9527000188827515
YNL243W,YNL216W,0,-0.18506987,0.09187952429056168,0.9639999866485596,0.9527999758720398
YML092C,YMR091C,0,-0.18513353,0.09187076985836029,0.9639999866485596,0.9528999924659729
YDR434W,YNL161W,0,-0.18557264,0.0918620154261589,0.9639999866485596,0.953000009059906
YOR191W,YHR142W,0,-0.18583591,0.09185326099395752,0.9639999866485596,0.9531000256538391
YHR210C,YDL124W,0,-0.18592973,0.09184451401233673,0.9639999866485596,0.9531999826431274
YJR102C,YLR092W,0,-0.18604118,0.09183575958013535,0.9639999866485596,0.9532999992370605
YMR076C,YOR091W,0,-0.18632808,0.09182701259851456,0.9639999866485596,0.9534000158309937
YOR016C,YBR162C,0,-0.18635914,0.09181826561689377,0.9639999866485596,0.953499972820282
YOR049C,YPR034W,0,-0.18647356,0.09180952608585358,0.9639999866485596,0.9535999894142151
YPL141C,YNL246W,0,-0.18660079,0.09180077910423279,0.9639999866485596,0.9537000060081482
YDR361C,YER032W,0,-0.18688773,0.0917920395731926,0.9639999866485596,0.9538000226020813
YGL085W,YBL014C,0,-0.18703622,0.0917833000421524,0.9639999866485596,0.9538999795913696
YDR111C,YGL167C,0,-0.18738233,0.09177456051111221,0.9639999866485596,0.9539999961853027
YGL189C,YKR099W,0,-0.18778825,0.09176582843065262,0.9639999866485596,0.9541000127792358
YAL048C,YDR111C,0,-0.1883202,0.09175708889961243,0.9639999866485596,0.954200029373169
YPL171C,YNL023C,0,-0.18847759,0.09174835681915283,0.9639999866485596,0.9542999863624573
YGR082W,YDR127W,0,-0.18867074,0.09173962473869324,0.9639999866485596,0.9544000029563904
YMR110C,YLR054C,0,-0.18868211,0.09173090010881424,0.9639999866485596,0.9545000195503235
YNL263C,YGL238W,0,-0.18884717,0.09172216802835464,0.9639999866485596,0.9545999765396118
YMR055C,YMR195W,0,-0.18902104,0.09171344339847565,0.9639999866485596,0.9546999931335449
YKL014C,YJL212C,0,-0.18937701,0.09170471876859665,0.9639999866485596,0.954800009727478
YGL098W,YAR042W,0,-0.18942949,0.09169599413871765,0.9639999866485596,0.9549000263214111
YLR039C,YDL189W,0,-0.1896595,0.09168727695941925,0.9639999866485596,0.9549999833106995
YML081W,YNL123W,0,-0.18974452,0.09167855232954025,0.9639999866485596,0.9550999999046326
YDR111C,YML013W,0,-0.1900338,0.09166983515024185,0.9639999866485596,0.9552000164985657
YER100W,YMR262W,0,-0.19044386,0.09166111797094345,0.9639999866485596,0.955299973487854
YDR439W,YDL223C,0,-0.19054477,0.09165240824222565,0.9639999866485596,0.9553999900817871
YOR273C,YPR010C,0,-0.19056974,0.09164369106292725,0.9639999866485596,0.9555000066757202
YHR205W,YOR103C,0,-0.19075926,0.09163498133420944,0.9639999866485596,0.9556000232696533
YJL045W,YDR361C,0,-0.19147362,0.09162627160549164,0.9639999866485596,0.9556999802589417
YDL240W,YGL096W,0,-0.19162387,0.09161756187677383,0.9639999866485596,0.9557999968528748
YDR243C,YNL246W,0,-0.19221886,0.09160885959863663,0.9639999866485596,0.9559000134468079
YDR212W,YLR337C,0,-0.19230868,0.09160014986991882,0.9639999866485596,0.9559999704360962
YGL067W,YLR367W,0,-0.19254377,0.09159144759178162,0.9639999866485596,0.9560999870300293
YDR091C,YHL025W,0,-0.19263798,0.09158274531364441,0.9639999866485596,0.9562000036239624
YPL122C,YEL009C,1,-0.19284426,0.09166903793811798,0.9649999737739563,0.9562000036239624
YFR049W,YML082W,0,-0.1930987,0.09166033565998077,0.9649999737739563,0.9563000202178955
YDR078C,YNL076W,0,-0.19311135,0.09165162593126297,0.9649999737739563,0.9563999772071838
YBL087C,YHR201C,0,-0.1932296,0.09164292365312576,0.9649999737739563,0.9564999938011169
YBR043C,YJR117W,0,-0.19334674,0.09163422137498856,0.9649999737739563,0.95660001039505
YKL141W,YNL240C,0,-0.19429813,0.09162551909685135,0.9649999737739563,0.9567000269889832
YLR360W,YOR060C,0,-0.194299,0.09161682426929474,0.9649999737739563,0.9567999839782715
YPL007C,YER148W,1,-0.19602512,0.09170305728912354,0.9660000205039978,0.9567999839782715
YOL089C,YPL122C,1,-0.1964262,0.09178927540779114,0.9670000076293945,0.9567999839782715
YNL051W,YLR102C,0,-0.1966099,0.09178055822849274,0.9670000076293945,0.9569000005722046
YBR038W,YOR117W,0,-0.19671838,0.09177184849977493,0.9670000076293945,0.9570000171661377
YPR095C,YDR025W,0,-0.19685169,0.09176314622163773,0.9670000076293945,0.957099974155426
YKR079C,YBR016W,0,-0.19717434,0.09175443649291992,0.9670000076293945,0.9571999907493591
YJR049C,YBR193C,0,-0.19726394,0.09174573421478271,0.9670000076293945,0.9573000073432922
YOR193W,YPL021W,0,-0.1975102,0.09173702448606491,0.9670000076293945,0.9574000239372253
YGL243W,YIL011W,0,-0.19787787,0.0917283222079277,0.9670000076293945,0.9574999809265137
YDR517W,YML047C,0,-0.1982214,0.0917196273803711,0.9670000076293945,0.9575999975204468
YJR027W,YDR025W,0,-0.19872586,0.09171092510223389,0.9670000076293945,0.9577000141143799
YGR082W,YOR271C,0,-0.19897579,0.09170223027467728,0.9670000076293945,0.9577999711036682
YIL056W,YEL039C,0,-0.19917654,0.09169353544712067,0.9670000076293945,0.9578999876976013
YKR053C,YBR060C,0,-0.19952935,0.09168484061956406,0.9670000076293945,0.9580000042915344
YMR158W,YNL118C,0,-0.1995364,0.09167614579200745,0.9670000076293945,0.9581000208854675
YGL018C,YKL032C,0,-0.1995431,0.09166745841503143,0.9670000076293945,0.9581999778747559
YNL103W,YBR107C,0,-0.20030728,0.09165877103805542,0.9670000076293945,0.958299994468689
YLR426W,YOR119C,0,-0.20045988,0.0916500836610794,0.9670000076293945,0.9584000110626221
YOR253W,YLR328W,0,-0.20064689,0.0916413962841034,0.9670000076293945,0.9585000276565552
YDR007W,YOL023W,0,-0.20123051,0.09163270890712738,0.9670000076293945,0.9585999846458435
YPL058C,YHR197W,0,-0.2012556,0.09162402898073196,0.9670000076293945,0.9587000012397766
YBR153W,YFL026W,0,-0.20128174,0.09161534905433655,0.9670000076293945,0.9588000178337097
YJL179W,YDR234W,0,-0.20136634,0.09160666912794113,0.9670000076293945,0.958899974822998
YDR441C,YHL028W,0,-0.20165251,0.09159798920154572,0.9670000076293945,0.9589999914169312
YFR016C,YFL011W,0,-0.20175314,0.0915893167257309,0.9670000076293945,0.9591000080108643
YHL028W,YFR038W,0,-0.20181055,0.09158064424991608,0.9670000076293945,0.9592000246047974
YHR150W,YKR072C,0,-0.20198004,0.09157197177410126,0.9670000076293945,0.9592999815940857
YPL169C,YNL054W,0,-0.20198973,0.09156329929828644,0.9670000076293945,0.9593999981880188
YLR085C,YJR123W,0,-0.20211902,0.09155462682247162,0.9670000076293945,0.9595000147819519
YBL031W,YHR118C,0,-0.20251769,0.0915459617972374,0.9670000076293945,0.9595999717712402
YDR098C,YLR417W,0,-0.20255388,0.09153729677200317,0.9670000076293945,0.9596999883651733
YPL120W,YDL223C,0,-0.20273772,0.09152863174676895,0.9670000076293945,0.9598000049591064
YBR254C,YOL012C,0,-0.20282568,0.09151996672153473,0.9670000076293945,0.9599000215530396
YDR309C,YBR049C,0,-0.20307821,0.0915113091468811,0.9670000076293945,0.9599999785423279
YMR005W,YDR362C,1,-0.20317508,0.09159727394580841,0.9679999947547913,0.9599999785423279
YCL029C,YPR114W,0,-0.20327905,0.09158860892057419,0.9679999947547913,0.960099995136261
YLR288C,YLR150W,0,-0.20345841,0.09157994389533997,0.9679999947547913,0.9602000117301941
YPL133C,YKL060C,0,-0.20417005,0.09157127887010574,0.9679999947547913,0.9603000283241272
YDR217C,YFR049W,0,-0.20503187,0.09156262129545212,0.9679999947547913,0.9603999853134155
YGL070C,YLR115W,0,-0.20538749,0.0915539562702179,0.9679999947547913,0.9605000019073486
YDR075W,YGL192W,0,-0.20654702,0.09154529869556427,0.9679999947547913,0.9606000185012817
YLL048C,YIL069C,0,-0.2066352,0.09153664112091064,0.9679999947547913,0.9606999754905701
YJL180C,YGR097W,0,-0.20672269,0.09152799099683762,0.9679999947547913,0.9607999920845032
YOL078W,YLL014W,0,-0.2078839,0.09151933342218399,0.9679999947547913,0.9609000086784363
YLR277C,YBR162C,0,-0.20798466,0.09151068329811096,0.9679999947547913,0.9610000252723694
YHR099W,YGL244W,1,-0.20810597,0.0915965586900711,0.968999981880188,0.9610000252723694
YDR412W,YDR261C,0,-0.20838146,0.09158790111541748,0.968999981880188,0.9610999822616577
YDR377W,YNL251C,0,-0.20845062,0.09157924354076385,0.968999981880188,0.9611999988555908
YDR287W,YCL067C,0,-0.20847653,0.09157059341669083,0.968999981880188,0.9613000154495239
YPR114W,YMR183C,0,-0.20856611,0.0915619358420372,0.968999981880188,0.9613999724388123
YDR168W,YCR021C,0,-0.20865537,0.09155328571796417,0.968999981880188,0.9614999890327454
YJL110C,YJL179W,0,-0.20903249,0.09154463559389114,0.968999981880188,0.9616000056266785
YNL024C,YLR323C,0,-0.2091527,0.09153599292039871,0.968999981880188,0.9617000222206116
YDR217C,YHR190W,0,-0.20934288,0.09152734279632568,0.968999981880188,0.9617999792098999
YHR099W,YPL129W,1,-0.20935343,0.09161314368247986,0.9700000286102295,0.9617999792098999
YCR036W,YIL038C,0,-0.2095898,0.09160449355840683,0.9700000286102295,0.961899995803833
YOR049C,YNL167C,0,-0.20972656,0.0915958434343338,0.9700000286102295,0.9620000123977661
YPL036W,YOR009W,0,-0.20974119,0.09158719331026077,0.9700000286102295,0.9621000289916992
YDR427W,YPL075W,0,-0.2100574,0.09157855063676834,0.9700000286102295,0.9621999859809875
YIL064W,YBR191W,0,-0.21028928,0.09156990796327591,0.9700000286102295,0.9623000025749207
YPL198W,YOR227W,0,-0.21089217,0.09156125783920288,0.9700000286102295,0.9624000191688538
YPL126W,YOR241W,0,-0.21114923,0.09155262261629105,0.9700000286102295,0.9624999761581421
YGR170W,YER023W,0,-0.21118797,0.09154397994279861,0.9700000286102295,0.9625999927520752
YDR127W,YBL038W,0,-0.21145765,0.09153533726930618,0.9700000286102295,0.9627000093460083
YOL076W,YPL135W,0,-0.2114874,0.09152670204639435,0.9700000286102295,0.9628000259399414
YMR243C,YGL087C,0,-0.21160592,0.09151806682348251,0.9700000286102295,0.9628999829292297
YPR180W,YMR133W,0,-0.21176876,0.09150943160057068,0.9700000286102295,0.9629999995231628
YOR026W,YHL015W,0,-0.21204521,0.09150080382823944,0.9700000286102295,0.963100016117096
YIL156W,YML082W,0,-0.2132213,0.0914921686053276,0.9700000286102295,0.9631999731063843
YGL104C,YPL013C,0,-0.21397091,0.09148354083299637,0.9700000286102295,0.9632999897003174
YJL012C,YPR071W,0,-0.21447882,0.09147491306066513,0.9700000286102295,0.9634000062942505
YPL175W,YGR094W,0,-0.21464035,0.09146629273891449,0.9700000286102295,0.9635000228881836
YDR309C,YDR406W,0,-0.21483147,0.09145766496658325,0.9700000286102295,0.9635999798774719
YCR086W,YHL021C,0,-0.21493731,0.09144904464483261,0.9700000286102295,0.963699996471405
YMR009W,YNL068C,0,-0.21537331,0.09144042432308197,0.9700000286102295,0.9638000130653381
YOL098C,YMR074C,0,-0.21556287,0.09143180400133133,0.9700000286102295,0.9639000296592712
YNL183C,YDR365C,0,-0.21563138,0.09142318367958069,0.9700000286102295,0.9639999866485596
YHR150W,YPL193W,0,-0.21577373,0.09141457080841064,0.9700000286102295,0.9641000032424927
YER100W,YMR261C,0,-0.21580897,0.0914059579372406,0.9700000286102295,0.9642000198364258
YKR049C,YGL018C,0,-0.21599518,0.09139734506607056,0.9700000286102295,0.9642999768257141
YDR311W,YML015C,1,-0.21618469,0.09148294478654861,0.9710000157356262,0.9642999768257141
YDL072C,YNR071C,0,-0.21627016,0.09147433191537857,0.9710000157356262,0.9643999934196472
YML021C,YOL029C,0,-0.21636285,0.09146571159362793,0.9710000157356262,0.9645000100135803
YKR079C,YNR024W,0,-0.21653734,0.09145709872245789,0.9710000157356262,0.9646000266075134
YER139C,YGR211W,0,-0.21678679,0.09144848585128784,0.9710000157356262,0.9646999835968018
YDL134C,YGR122W,0,-0.21715924,0.0914398729801178,0.9710000157356262,0.9648000001907349
YKL006W,YKR095W,0,-0.21763177,0.09143126010894775,0.9710000157356262,0.964900016784668
YDR122W,YML096W,0,-0.21777844,0.0914226546883583,0.9710000157356262,0.9649999737739563
YBR046C,YDL046W,0,-0.21824922,0.09141404926776886,0.9710000157356262,0.9650999903678894
YHR210C,YLR196W,0,-0.21827002,0.09140544384717941,0.9710000157356262,0.9652000069618225
YER177W,YDL189W,0,-0.21937552,0.09139683842658997,0.9710000157356262,0.9653000235557556
YLR085C,YKL196C,0,-0.21944378,0.09138823300600052,0.9710000157356262,0.965399980545044
YPL117C,YNR052C,0,-0.21945639,0.09137963503599167,0.9710000157356262,0.965499997138977
YDR078C,YJR108W,0,-0.21980335,0.09137103706598282,0.9710000157356262,0.9656000137329102
YPL122C,YFL021W,1,-0.21988,0.09145653247833252,0.972000002861023,0.9656000137329102
YHL025W,YJR050W,0,-0.22014515,0.09144792705774307,0.972000002861023,0.9656999707221985
YLR083C,YIL130W,0,-0.22021909,0.09143932163715363,0.972000002861023,0.9657999873161316
YIL022W,YGL116W,0,-0.2203743,0.09143072366714478,0.972000002861023,0.9659000039100647
YML133C,YOR048C,0,-0.22059403,0.09142211824655533,0.972000002861023,0.9660000205039978
YOR060C,YNR071C,0,-0.22088699,0.09141352027654648,0.972000002861023,0.9660999774932861
YIL053W,YOR254C,0,-0.22108655,0.09140492975711823,0.972000002861023,0.9661999940872192
YPR175W,YOR078W,0,-0.22278652,0.09139633178710938,0.972000002861023,0.9663000106811523
YJL173C,YGL219C,0,-0.22295512,0.09138774126768112,0.972000002861023,0.9664000272750854
YHR210C,YOR250C,0,-0.22297199,0.09137915074825287,0.972000002861023,0.9664999842643738
YPR114W,YLR333C,0,-0.22330707,0.09137056022882462,0.972000002861023,0.9666000008583069
YHR205W,YOR019W,0,-0.22365545,0.09136196970939636,0.972000002861023,0.96670001745224
YFR038W,YNR037C,0,-0.22403648,0.0913533866405487,0.972000002861023,0.9667999744415283
YGL006W,YNL076W,0,-0.2242751,0.09134479612112045,0.972000002861023,0.9668999910354614
YLR284C,YGR083C,0,-0.2247067,0.0913362130522728,0.972000002861023,0.9670000076293945
YNL317W,YMR195W,0,-0.22496556,0.09132762998342514,0.972000002861023,0.9671000242233276
YNL190W,YDR545W,0,-0.22499353,0.09131905436515808,0.972000002861023,0.967199981212616
YHR096C,YLR435W,0,-0.22515728,0.09131047129631042,0.972000002861023,0.9672999978065491
YIL038C,YGL198W,0,-0.2252145,0.09130189567804337,0.972000002861023,0.9674000144004822
YGR103W,YHR110W,0,-0.22551276,0.0912933200597763,0.972000002861023,0.9674999713897705
YOR193W,YIL144W,0,-0.22603066,0.09128475189208984,0.972000002861023,0.9675999879837036
YHR088W,YCR005C,0,-0.22615002,0.09127617627382278,0.972000002861023,0.9677000045776367
YMR015C,YKR095W,0,-0.2266123,0.09126760810613632,0.972000002861023,0.9678000211715698
YOR132W,YKL087C,0,-0.22664268,0.09125903993844986,0.972000002861023,0.9678999781608582
YNL317W,YDR365C,0,-0.22761112,0.0912504717707634,0.972000002861023,0.9679999947547913
YJL026W,YNL176C,0,-0.22770695,0.09124190360307693,0.972000002861023,0.9681000113487244
YFL061W,YAL059W,0,-0.22806875,0.09123334288597107,0.972000002861023,0.9682000279426575
YEL005C,YBL014C,0,-0.22821966,0.0912247747182846,0.972000002861023,0.9682999849319458
YNL214W,YMR177W,0,-0.22846824,0.09121621400117874,0.972000002861023,0.9684000015258789
YDR471W,YJL069C,0,-0.22893453,0.09120765328407288,0.972000002861023,0.968500018119812
YCR024C,YPR169W,0,-0.22951166,0.09119910001754761,0.972000002861023,0.9685999751091003
YNL048W,YPL221W,0,-0.22966814,0.09119054675102234,0.972000002861023,0.9686999917030334
YKL069W,YPR175W,0,-0.22979753,0.09118198603391647,0.972000002861023,0.9688000082969666
YPL239W,YPR155C,0,-0.22998565,0.0911734327673912,0.972000002861023,0.9689000248908997
YLL048C,YOR254C,0,-0.23011261,0.09116488695144653,0.972000002861023,0.968999981880188
YGR178C,YOL121C,0,-0.23033017,0.09115633368492126,0.972000002861023,0.9690999984741211
YNL194C,YLR409C,0,-0.2316528,0.09114778786897659,0.972000002861023,0.9692000150680542
YKL129C,YIL096C,0,-0.23175122,0.09113924205303192,0.972000002861023,0.9692999720573425
YDR235W,YLR409C,0,-0.23244698,0.09113069623708725,0.972000002861023,0.9693999886512756
YFR031C-A,YDL220C,0,-0.23261702,0.09112215042114258,0.972000002861023,0.9695000052452087
YLR005W,YGR274C,1,-0.23278803,0.0912073478102684,0.9729999899864197,0.9695000052452087
YKL149C,YDR175C,0,-0.23289002,0.09119880199432373,0.9729999899864197,0.9696000218391418
YLL024C,YER177W,0,-0.23291282,0.09119025617837906,0.9729999899864197,0.9696999788284302
YJL186W,YCR005C,0,-0.23298702,0.09118171036243439,0.9729999899864197,0.9697999954223633
YER033C,YGR211W,0,-0.23305137,0.09117316454648972,0.9729999899864197,0.9699000120162964
YHR111W,YDL076C,0,-0.23318729,0.09116461873054504,0.9729999899864197,0.9700000286102295
YCR038C,YPR086W,0,-0.23322679,0.09115608036518097,0.9729999899864197,0.9700999855995178
YBR189W,YML055W,0,-0.23361711,0.0911475419998169,0.9729999899864197,0.9702000021934509
YJR073C,YLL021W,0,-0.233642,0.09113900363445282,0.9729999899864197,0.970300018787384
YCL001W,YCR005C,0,-0.23410177,0.09113046526908875,0.9729999899864197,0.9703999757766724
YHR120W,YDR284C,0,-0.23447473,0.09112193435430527,0.9729999899864197,0.9704999923706055
YOL144W,YBR028C,0,-0.23491772,0.09111340343952179,0.9729999899864197,0.9706000089645386
YKL062W,YEL051W,0,-0.23583771,0.09110487252473831,0.9729999899864197,0.9707000255584717
YGR057C,YCR065W,0,-0.23594588,0.09109634160995483,0.9729999899864197,0.97079998254776
YFL025C,YHR148W,0,-0.2365268,0.09108781069517136,0.9729999899864197,0.9708999991416931
YDR108W,YPL173W,0,-0.237149,0.09107928723096848,0.9729999899864197,0.9710000157356262
YHR169W,YLR411W,0,-0.23773952,0.091070756316185,0.9729999899864197,0.9710999727249146
YPL146C,YHR037W,0,-0.23811537,0.09106224030256271,0.9729999899864197,0.9711999893188477
YOL126C,YCR005C,0,-0.2381519,0.09105371683835983,0.9729999899864197,0.9713000059127808
YML057W,YER143W,0,-0.2384367,0.09104519337415695,0.9729999899864197,0.9714000225067139
YBR198C,YGR047C,1,-0.23845027,0.09113024175167084,0.9739999771118164,0.9714000225067139
YKR093W,YHR120W,0,-0.23847681,0.09112171083688736,0.9739999771118164,0.9714999794960022
YDR460W,YLR005W,1,-0.23900762,0.09120673686265945,0.9750000238418579,0.9714999794960022
YFR034C,YKL005C,0,-0.23902859,0.09119820594787598,0.9750000238418579,0.9715999960899353
YDR362C,YPL177C,1,-0.24011926,0.09128320217132568,0.9760000109672546,0.9715999960899353
YOR018W,YML041C,0,-0.24120386,0.09127466380596161,0.9760000109672546,0.9717000126838684
YLR059C,YBL072C,0,-0.24136484,0.09126613289117813,0.9760000109672546,0.9718000292778015
YDR111C,YHR037W,0,-0.24171256,0.09125759452581406,0.9760000109672546,0.9718999862670898
YBR016W,YER155C,0,-0.24251427,0.09124906361103058,0.9760000109672546,0.972000002861023
YCL017C,YOR110W,0,-0.24352582,0.0912405326962471,0.9760000109672546,0.972100019454956
YNL024C,YIL130W,0,-0.24371305,0.09123200923204422,0.9760000109672546,0.9721999764442444
YKL134C,YJL069C,0,-0.24433695,0.09122347831726074,0.9760000109672546,0.9722999930381775
YDR092W,YPL156C,0,-0.24461378,0.09121495485305786,0.9760000109672546,0.9724000096321106
YKL138C,YPL063W,0,-0.24462323,0.09120643138885498,0.9760000109672546,0.9725000262260437
YHR197W,YHR150W,0,-0.24530734,0.0911979079246521,0.9760000109672546,0.972599983215332
YOR090C,YIL118W,0,-0.24544336,0.09118938446044922,0.9760000109672546,0.9726999998092651
YER007C-A,YPL097W,0,-0.24638472,0.09118086844682693,0.9760000109672546,0.9728000164031982
YML011C,YIL120W,0,-0.24647482,0.09117235243320465,0.9760000109672546,0.9728999733924866
YDR412W,YPL198W,0,-0.24685684,0.09116383641958237,0.9760000109672546,0.9729999899864197
YGL144C,YKR072C,0,-0.24714439,0.09115532040596008,0.9760000109672546,0.9731000065803528
YER177W,YPL183C,0,-0.24759491,0.0911468043923378,0.9760000109672546,0.9732000231742859
YCR065W,YJL197W,0,-0.24761966,0.09113829582929611,0.9760000109672546,0.9732999801635742
YMR059W,YGL045W,0,-0.24848948,0.09112978726625443,0.9760000109672546,0.9733999967575073
YNL190W,YNL036W,0,-0.24878101,0.09112127870321274,0.9760000109672546,0.9735000133514404
YGR082W,YDR080W,0,-0.24911426,0.09111277014017105,0.9760000109672546,0.9735999703407288
YDR427W,YDL093W,0,-0.24947178,0.09110426902770996,0.9760000109672546,0.9736999869346619
YMR236W,YPL202C,1,-0.24953972,0.09118910133838654,0.9769999980926514,0.9736999869346619
YFR031C-A,YDR257C,0,-0.24995616,0.09118058532476425,0.9769999980926514,0.973800003528595
YCL051W,YMR118C,0,-0.25050816,0.09117207676172256,0.9769999980926514,0.9739000201225281
YCR105W,YDR023W,0,-0.25051573,0.09116356819868088,0.9769999980926514,0.9739999771118164
YGR283C,YGR208W,0,-0.25059468,0.09115506708621979,0.9769999980926514,0.9740999937057495
YDR148C,YNL132W,0,-0.2508828,0.0911465585231781,0.9769999980926514,0.9742000102996826
YLR345W,YPR131C,0,-0.25125173,0.09113805741071701,0.9769999980926514,0.9743000268936157
YPR173C,YKL033W,0,-0.2512762,0.09112955629825592,0.9769999980926514,0.974399983882904
YML101C,YDR350C,0,-0.2518016,0.09112106263637543,0.9769999980926514,0.9745000004768372
YMR001C,YPL145C,0,-0.25231028,0.09111256152391434,0.9769999980926514,0.9746000170707703
YMR076C,YGR055W,0,-0.2526921,0.09110406786203384,0.9769999980926514,0.9746999740600586
YPR134W,YLR417W,0,-0.25283727,0.09109557420015335,0.9769999980926514,0.9747999906539917
YMR001C,YIR026C,0,-0.2531959,0.09108708053827286,0.9769999980926514,0.9749000072479248
YIR026C,YBR028C,0,-0.25321525,0.09107858687639236,0.9769999980926514,0.9750000238418579
YKR085C,YIL173W,0,-0.25373054,0.09107010066509247,0.9769999980926514,0.9750999808311462
YLR234W,YGL226W,0,-0.2540889,0.09106160700321198,0.9769999980926514,0.9751999974250793
YIL143C,YPL122C,1,-0.25411978,0.091146320104599,0.9779999852180481,0.9751999974250793
YNL222W,YMR227C,1,-0.25429043,0.09123101085424423,0.9789999723434448,0.9751999974250793
YML086C,YKL134C,0,-0.2546946,0.09122250974178314,0.9789999723434448,0.9753000140190125
YHR146W,YJL083W,0,-0.25482965,0.09121401607990265,0.9789999723434448,0.9753999710083008
YPL115C,YLR451W,0,-0.25660726,0.09120551496744156,0.9789999723434448,0.9754999876022339
YIL118W,YHL006C,0,-0.25678843,0.09119702130556107,0.9789999723434448,0.975600004196167
YOL042W,YEL051W,0,-0.25698847,0.09118852764368057,0.9789999723434448,0.9757000207901001
YOR252W,YNL024C,0,-0.2569963,0.09118003398180008,0.9789999723434448,0.9757999777793884
YNL183C,YCR031C,0,-0.25704226,0.09117154031991959,0.9789999723434448,0.9758999943733215
YOL011W,YPL006W,0,-0.25724798,0.09116305410861969,0.9789999723434448,0.9760000109672546
YNR019W,YPR057W,0,-0.25744545,0.0911545604467392,0.9789999723434448,0.9761000275611877
YOL089C,YGR047C,1,-0.25765967,0.09123917669057846,0.9800000190734863,0.9761000275611877
YIL156W,YNR071C,0,-0.25781313,0.09123068302869797,0.9800000190734863,0.9761999845504761
YLL018C,YGR078C,0,-0.25796,0.09122218936681747,0.9800000190734863,0.9763000011444092
YAL015C,YOR358W,0,-0.25807065,0.09121370315551758,0.9800000190734863,0.9764000177383423
YIL052C,YJR109C,0,-0.25830385,0.09120520949363708,0.9800000190734863,0.9764999747276306
YBR198C,YNL039W,1,-0.25869644,0.09128978103399277,0.9810000061988831,0.9764999747276306
YBR198C,YGR005C,1,-0.25874874,0.09137433767318726,0.9819999933242798,0.9764999747276306
YEL009C,YOR110W,1,-0.25927067,0.09145887941122055,0.9829999804496765,0.9764999747276306
YNL137C,YDR517W,0,-0.25933725,0.09145037084817886,0.9829999804496765,0.9765999913215637
YPR175W,YDR025W,0,-0.25934047,0.09144186228513718,0.9829999804496765,0.9767000079154968
YLL066C,YDR091C,0,-0.2603106,0.09143335372209549,0.9829999804496765,0.9768000245094299
YPL215W,YKL079W,0,-0.26035836,0.0914248526096344,0.9829999804496765,0.9768999814987183
YML092C,YLR367W,0,-0.26090252,0.09141635149717331,0.9829999804496765,0.9769999980926514
YIL130W,YDR087C,0,-0.26127183,0.09140785038471222,0.9829999804496765,0.9771000146865845
YML081W,YIL053W,0,-0.26160398,0.09139934927225113,0.9829999804496765,0.9771999716758728
YIL030C,YJL094C,0,-0.26162592,0.09139084815979004,0.9829999804496765,0.9772999882698059
YDR311W,YOR194C,1,-0.26168612,0.09147531539201736,0.984000027179718,0.9772999882698059
YIL064W,YPL061W,0,-0.26176283,0.09146681427955627,0.984000027179718,0.977400004863739
YMR005W,YFL021W,1,-0.26187488,0.09155125916004181,0.9850000143051147,0.977400004863739
YMR236W,YGL043W,1,-0.26309186,0.09163568913936615,0.9860000014305115,0.977400004863739
YLR185W,YDR515W,0,-0.26336715,0.09162717312574387,0.9860000014305115,0.9775000214576721
YOL023W,YOR271C,0,-0.263638,0.09161865711212158,0.9860000014305115,0.9775999784469604
YBR153W,YOR129C,0,-0.26383194,0.0916101485490799,0.9860000014305115,0.9776999950408936
YMR015C,YJL083W,0,-0.26400518,0.09160163253545761,0.9860000014305115,0.9778000116348267
YLR102C,YGR174C,0,-0.2642042,0.09159312397241592,0.9860000014305115,0.9779000282287598
YHR090C,YHR194W,0,-0.26521316,0.09158461540937424,0.9860000014305115,0.9779999852180481
YLR083C,YGL027C,0,-0.2653397,0.09157611429691315,0.9860000014305115,0.9781000018119812
YDR300C,YJR054W,0,-0.26570636,0.09156760573387146,0.9860000014305115,0.9782000184059143
YDR110W,YHL006C,0,-0.26645726,0.09155910462141037,0.9860000014305115,0.9782999753952026
YBR029C,YPL233W,0,-0.2671894,0.09155060350894928,0.9860000014305115,0.9783999919891357
YGR178C,YIL144W,0,-0.26743945,0.09154210239648819,0.9860000014305115,0.9785000085830688
YKL155C,YIR026C,0,-0.26825824,0.0915336087346077,0.9860000014305115,0.978600025177002
YBR212W,YLR313C,0,-0.26827165,0.0915251076221466,0.9860000014305115,0.9786999821662903
YDR287W,YHR033W,0,-0.26860705,0.09151661396026611,0.9860000014305115,0.9787999987602234
YMR237W,YGR094W,0,-0.26882818,0.09150812029838562,0.9860000014305115,0.9789000153541565
YLL048C,YNL081C,0,-0.26902673,0.09149962663650513,0.9860000014305115,0.9789999723434448
YPL215W,YPR148C,0,-0.2691879,0.09149114042520523,0.9860000014305115,0.9790999889373779
YDL135C,YNL216W,0,-0.2703195,0.09148264676332474,0.9860000014305115,0.979200005531311
YLR085C,YDR190C,0,-0.27041525,0.09147416055202484,0.9860000014305115,0.9793000221252441
YER176W,YPR037C,0,-0.2707192,0.09146567434072495,0.9860000014305115,0.9793999791145325
YOR359W,YBR191W,0,-0.2711381,0.09145719558000565,0.9860000014305115,0.9794999957084656
YPL215W,YNL221C,0,-0.2715644,0.09144870936870575,0.9860000014305115,0.9796000123023987
YDR122W,YDL031W,0,-0.27162996,0.09144023060798645,0.9860000014305115,0.9797000288963318
YNL142W,YDR234W,0,-0.2718051,0.09143175184726715,0.9860000014305115,0.9797999858856201
YDR345C,YER167W,0,-0.2726026,0.09142327308654785,0.9860000014305115,0.9799000024795532
YDR448W,YER045C,1,-0.2731275,0.09150750935077667,0.9869999885559082,0.9799000024795532
YPL013C,YPL168W,0,-0.27312776,0.09149902313947678,0.9869999885559082,0.9800000190734863
YAL026C,YNL081C,0,-0.2733592,0.09149054437875748,0.9869999885559082,0.9800999760627747
YBR086C,YHL050C,0,-0.2734188,0.09148206561803818,0.9869999885559082,0.9801999926567078
YNL190W,YMR177W,0,-0.27464557,0.09147358685731888,0.9869999885559082,0.9803000092506409
YOR103C,YLR435W,0,-0.27496323,0.09146510809659958,0.9869999885559082,0.980400025844574
YPR186C,YNL039W,1,-0.27496624,0.09154929220676422,0.9879999756813049,0.980400025844574
YGL246C,YDR397C,0,-0.27554265,0.09154081344604492,0.9879999756813049,0.9804999828338623
YPR114W,YOR136W,0,-0.27559885,0.09153233468532562,0.9879999756813049,0.9805999994277954
YBL087C,YDR243C,0,-0.27563027,0.09152385592460632,0.9879999756813049,0.9807000160217285
YOR117W,YBR015C,0,-0.27591455,0.09151537716388702,0.9879999756813049,0.9807999730110168
YGR007W,YLR196W,0,-0.27629563,0.09150689840316772,0.9879999756813049,0.98089998960495
YLR361C,YDR135C,0,-0.27761775,0.09149842709302902,0.9879999756813049,0.9810000061988831
YIL022W,YKL052C,0,-0.27762938,0.09148995578289032,0.9879999756813049,0.9811000227928162
YDL003W,YBL014C,0,-0.27808484,0.09148148447275162,0.9879999756813049,0.9811999797821045
YML045W,YCL001W,0,-0.2792993,0.09147301316261292,0.9879999756813049,0.9812999963760376
YLR007W,YEL027W,0,-0.2795013,0.09146454185247421,0.9879999756813049,0.9814000129699707
YDR039C,YLR432W,0,-0.27993634,0.09145607799291611,0.9879999756813049,0.9815000295639038
YML081W,YLR328W,0,-0.2807165,0.091447614133358,0.9879999756813049,0.9815999865531921
YHR035W,YOR319W,0,-0.28135183,0.0914391502737999,0.9879999756813049,0.9817000031471252
YKL185W,YKL063C,0,-0.28219414,0.09143068641424179,0.9879999756813049,0.9818000197410583
YLR039C,YOR247W,0,-0.28245595,0.09142223000526428,0.9879999756813049,0.9818999767303467
YML004C,YCL067C,0,-0.28265694,0.09141376614570618,0.9879999756813049,0.9819999933242798
YOR045W,YDL031W,0,-0.28318653,0.09140530973672867,0.9879999756813049,0.9821000099182129
YFR024C-A,YOR273C,0,-0.28337866,0.09139685332775116,0.9879999756813049,0.982200026512146
YPL120W,YHR210C,0,-0.2834933,0.09138840436935425,0.9879999756813049,0.9822999835014343
YAR042W,YKL114C,0,-0.2839857,0.09137994796037674,0.9879999756813049,0.9824000000953674
YAL002W,YGR266W,0,-0.28508955,0.09137149900197983,0.9879999756813049,0.9825000166893005
YIL043C,YGL226W,0,-0.28520542,0.09136305004358292,0.9879999756813049,0.9825999736785889
YHR111W,YGL107C,0,-0.28562084,0.091354601085186,0.9879999756813049,0.982699990272522
YOR087W,YGL115W,0,-0.28698745,0.09134615212678909,0.9879999756813049,0.9828000068664551
YNL199C,YAL068C,0,-0.28721175,0.09133771061897278,0.9879999756813049,0.9829000234603882
YJR117W,YDR168W,0,-0.2873558,0.09132926911115646,0.9879999756813049,0.9829999804496765
YDL018C,YJL208C,0,-0.28747508,0.09132082760334015,0.9879999756813049,0.9830999970436096
YLR417W,YLL021W,0,-0.2881728,0.09131238609552383,0.9879999756813049,0.9832000136375427
YGR024C,YLR037C,0,-0.2882448,0.09130394458770752,0.9879999756813049,0.983299970626831
YGL096W,YCL039W,0,-0.2886041,0.0912955105304718,0.9879999756813049,0.9833999872207642
YBL014C,YDR005C,0,-0.28884864,0.09128707647323608,0.9879999756813049,0.9835000038146973
YOR250C,YEL039C,0,-0.28909183,0.09127864241600037,0.9879999756813049,0.9836000204086304
YPR114W,YFL026W,0,-0.28927782,0.09127020835876465,0.9879999756813049,0.9836999773979187
YCR016W,YNL142W,0,-0.2907476,0.09126177430152893,0.9879999756813049,0.9837999939918518
YOR334W,YPL156C,0,-0.29219013,0.09125334769487381,0.9879999756813049,0.9839000105857849
YMR105C,YJR046W,0,-0.29327393,0.09124492108821869,0.9879999756813049,0.984000027179718
YNL199C,YBR089C-A,0,-0.29402497,0.09123649448156357,0.9879999756813049,0.9840999841690063
YMR192W,YDR365C,0,-0.29432356,0.09122806787490845,0.9879999756813049,0.9842000007629395
YBR188C,YBL014C,0,-0.29507002,0.09121964871883392,0.9879999756813049,0.9843000173568726
YPR154W,YOR119C,0,-0.29582897,0.0912112295627594,0.9879999756813049,0.9843999743461609
YGL098W,YPL193W,0,-0.29620332,0.09120280295610428,0.9879999756813049,0.984499990940094
YLR377C,YOR009W,0,-0.29625377,0.09119439125061035,0.9879999756813049,0.9846000075340271
YJL011C,YEL009C,1,-0.2962773,0.09127826243638992,0.9890000224113464,0.9846000075340271
YFR027W,YOL098C,0,-0.29679453,0.0912698432803154,0.9890000224113464,0.9847000241279602
YJR084W,YLR181C,0,-0.29742965,0.09126141667366028,0.9890000224113464,0.9847999811172485
YPR175W,YDR234W,0,-0.29767814,0.09125299751758575,0.9890000224113464,0.9848999977111816
YLR085C,YJL012C,0,-0.29834855,0.09124457836151123,0.9890000224113464,0.9850000143051147
YDL072C,YKL110C,0,-0.29918763,0.0912361592054367,0.9890000224113464,0.9850999712944031
YER081W,YHR193C,0,-0.29947674,0.09122774749994278,0.9890000224113464,0.9851999878883362
YPL105C,YKR093W,0,-0.29954502,0.09121933579444885,0.9890000224113464,0.9853000044822693
YHR170W,YLL014W,0,-0.30023563,0.09121091663837433,0.9890000224113464,0.9854000210762024
YLL014W,YCL054W,0,-0.30028713,0.0912025049328804,0.9890000224113464,0.9854999780654907
YER123W,YKL051W,0,-0.3008621,0.09119410067796707,0.9890000224113464,0.9855999946594238
YHR120W,YLR023C,0,-0.30109635,0.09118568897247314,0.9890000224113464,0.9857000112533569
YBR046C,YOR259C,0,-0.30139494,0.09117728471755981,0.9890000224113464,0.98580002784729
YPR154W,YEL006W,0,-0.3018791,0.09116888046264648,0.9890000224113464,0.9858999848365784
YEL032W,YMR091C,0,-0.30214268,0.09116047620773315,0.9890000224113464,0.9860000014305115
YOL126C,YDR078C,0,-0.30271807,0.09115207195281982,0.9890000224113464,0.9861000180244446
YDR098C,YIL014W,0,-0.30296966,0.09114367514848709,0.9890000224113464,0.9861999750137329
YLR411W,YKR077W,0,-0.3037311,0.09113527089357376,0.9890000224113464,0.986299991607666
YDR516C,YCR091W,0,-0.30426103,0.09112687408924103,0.9890000224113464,0.9864000082015991
YLR324W,YPL076W,0,-0.3044761,0.09111848473548889,0.9890000224113464,0.9865000247955322
YEL024W,YDR110W,0,-0.3051835,0.09111008793115616,0.9890000224113464,0.9865999817848206
YKR095W,YDL211C,0,-0.30581784,0.09110169857740402,0.9890000224113464,0.9866999983787537
YPL169C,YLR017W,0,-0.3065785,0.09109330177307129,0.9890000224113464,0.9868000149726868
YBR181C,YLR337C,0,-0.30697274,0.09108491241931915,0.9890000224113464,0.9868999719619751
YAL007C,YOR359W,0,-0.3074047,0.09107652306556702,0.9890000224113464,0.9869999885559082
YOR068C,YLR352W,0,-0.30773386,0.09106814116239548,0.9890000224113464,0.9871000051498413
YOR252W,YER143W,0,-0.30936462,0.09105975180864334,0.9890000224113464,0.9872000217437744
YLR426W,YFL049W,0,-0.31038353,0.0910513699054718,0.9890000224113464,0.9872999787330627
YDR323C,YHL021C,0,-0.31123203,0.09104298800230026,0.9890000224113464,0.9873999953269958
YKL155C,YHR193C,0,-0.31134397,0.09103460609912872,0.9890000224113464,0.987500011920929
YMR243C,YDR399W,0,-0.3114144,0.09102623164653778,0.9890000224113464,0.9876000285148621
YLL024C,YMR237W,0,-0.3120945,0.09101785719394684,0.9890000224113464,0.9876999855041504
YHL028W,YMR118C,0,-0.31287012,0.0910094752907753,0.9890000224113464,0.9878000020980835
YJL011C,YAL001C,1,-0.31388363,0.09109311550855637,0.9900000095367432,0.9878000020980835
YIL052C,YNL094W,0,-0.3151074,0.09108473360538483,0.9900000095367432,0.9879000186920166
YDR482C,YGL142C,0,-0.31581435,0.09107635915279388,0.9900000095367432,0.9879999756813049
YBR101C,YER143W,0,-0.31647348,0.09106797724962234,0.9900000095367432,0.988099992275238
YMR076C,YIL022W,0,-0.31705052,0.0910596027970314,0.9900000095367432,0.9882000088691711
YHR073W,YJR046W,0,-0.317176,0.09105122834444046,0.9900000095367432,0.9883000254631042
YDR287W,YNL132W,0,-0.31774893,0.09104285389184952,0.9900000095367432,0.9883999824523926
YER038C,YPL239W,0,-0.31837043,0.09103447943925858,0.9900000095367432,0.9884999990463257
YJL186W,YDL012C,0,-0.3187511,0.09102611243724823,0.9900000095367432,0.9886000156402588
YHR146W,YMR118C,0,-0.32241288,0.09101774543523788,0.9900000095367432,0.9886999726295471
YMR158W,YBR248C,0,-0.32243416,0.09100937843322754,0.9900000095367432,0.9887999892234802
YML081W,YEL032W,0,-0.3225984,0.0910010114312172,0.9900000095367432,0.9889000058174133
YGR005C,YAL001C,1,-0.32368338,0.0910845622420311,0.9909999966621399,0.9889000058174133
YJL096W,YBL014C,0,-0.32388577,0.09107618778944016,0.9909999966621399,0.9890000224113464
YDR178W,YNL041C,0,-0.32458875,0.09106782078742981,0.9909999966621399,0.9890999794006348
YDR039C,YPL207W,0,-0.32526886,0.09105945378541946,0.9909999966621399,0.9891999959945679
YEL027W,YOR254C,0,-0.3256429,0.09105108678340912,0.9909999966621399,0.989300012588501
YGR204W,YDR091C,0,-0.3256447,0.09104271978139877,0.9909999966621399,0.9894000291824341
YBL087C,YBR023C,0,-0.32663333,0.09103435277938843,0.9909999966621399,0.9894999861717224
YGL087C,YPR141C,0,-0.32722324,0.09102599322795868,0.9909999966621399,0.9896000027656555
YKL062W,YPR086W,0,-0.33020145,0.09101763367652893,0.9909999966621399,0.9897000193595886
YBR211C,YDL135C,0,-0.33367652,0.09100927412509918,0.9909999966621399,0.989799976348877
YDL240W,YHR138C,0,-0.33387184,0.09100091457366943,0.9909999966621399,0.9898999929428101
YNL173C,YGL053W,0,-0.33497676,0.09099256247282028,0.9909999966621399,0.9900000095367432
YDR311W,YIL143C,1,-0.3352644,0.09107601642608643,0.9919999837875366,0.9900000095367432
YNR024W,YPL221W,0,-0.33532026,0.09106765687465668,0.9919999837875366,0.9901000261306763
YMR234W,YBL035C,0,-0.33535245,0.09105929732322693,0.9919999837875366,0.9901999831199646
YDR105C,YBR301W,0,-0.33710268,0.09105093777179718,0.9919999837875366,0.9902999997138977
YJR073C,YGR122W,0,-0.33737013,0.09104258567094803,0.9919999837875366,0.9904000163078308
YDR257C,YBL047C,0,-0.33751068,0.09103422611951828,0.9919999837875366,0.9904999732971191
YNL132W,YJR054W,0,-0.3393654,0.09102587401866913,0.9919999837875366,0.9905999898910522
YIL030C,YOL052C-A,0,-0.34367377,0.09101752191781998,0.9919999837875366,0.9907000064849854
YLR409C,YIR031C,0,-0.3440093,0.09100917726755142,0.9919999837875366,0.9908000230789185
YDR362C,YPL011C,1,-0.34423828,0.0910925567150116,0.9929999709129333,0.9908000230789185
YML011C,YBR054W,0,-0.34460464,0.09108420461416245,0.9929999709129333,0.9908999800682068
YJL174W,YER176W,0,-0.34475353,0.0910758525133133,0.9929999709129333,0.9909999966621399
YDL091C,YBR016W,0,-0.34546986,0.09106750041246414,0.9929999709129333,0.991100013256073
YPL146C,YNL194C,0,-0.34643877,0.09105914831161499,0.9929999709129333,0.9911999702453613
YLR390W-A,YGR046W,0,-0.34791684,0.09105079621076584,0.9929999709129333,0.9912999868392944
YML041C,YNL161W,0,-0.34806547,0.09104245156049728,0.9929999709129333,0.9914000034332275
YPR114W,YER007C-A,0,-0.34813118,0.09103410691022873,0.9929999709129333,0.9915000200271606
YPL043W,YPL058C,0,-0.34896627,0.09102576225996017,0.9929999709129333,0.991599977016449
YJL174W,YDR292C,0,-0.34906164,0.09101741760969162,0.9929999709129333,0.9916999936103821
YDR515W,YLR058C,0,-0.34939834,0.09100907295942307,0.9929999709129333,0.9918000102043152
YCR016W,YDR261C,0,-0.35235164,0.09100073575973511,0.9929999709129333,0.9919000267982483
YNL216W,YNR037C,0,-0.3554339,0.09099239110946655,0.9929999709129333,0.9919999837875366
YJL110C,YIL064W,0,-0.35602567,0.0909840539097786,0.9929999709129333,0.9921000003814697
YMR101C,YKR095W,0,-0.35604218,0.09097572416067123,0.9929999709129333,0.9922000169754028
YGL067W,YLL021W,0,-0.3571676,0.09096738696098328,0.9929999709129333,0.9922999739646912
YNL031C,YER129W,0,-0.3572676,0.09095905721187592,0.9929999709129333,0.9923999905586243
YLR288C,YKL087C,0,-0.35759684,0.09095072001218796,0.9929999709129333,0.9925000071525574
YBR123C,YER045C,1,-0.35828614,0.09103398025035858,0.9940000176429749,0.9925000071525574
YLR085C,YKL114C,0,-0.35858116,0.09102564305067062,0.9940000176429749,0.9926000237464905
YBR005W,YGL192W,0,-0.3587684,0.09101730585098267,0.9940000176429749,0.9926999807357788
YLR083C,YOR271C,0,-0.35975805,0.0910089761018753,0.9940000176429749,0.9927999973297119
YPR025C,YML015C,1,-0.3600986,0.09109219163656235,0.9950000047683716,0.9927999973297119
YNL142W,YGL171W,0,-0.36036035,0.09108385443687439,0.9950000047683716,0.992900013923645
YML016C,YFR053C,0,-0.36075497,0.09107551723718643,0.9950000047683716,0.9929999709129333
YGR082W,YLR115W,0,-0.3615428,0.09106718003749847,0.9950000047683716,0.9930999875068665
YJL096W,YDR309C,0,-0.3617007,0.09105884283781052,0.9950000047683716,0.9932000041007996
YLR409C,YIL130W,0,-0.36603007,0.09105051308870316,0.9950000047683716,0.9933000206947327
YML004C,YGR161C,0,-0.36902997,0.0910421833395958,0.9950000047683716,0.993399977684021
YAL059W,YGR007W,0,-0.37103596,0.09103385359048843,0.9950000047683716,0.9934999942779541
YNL132W,YML055W,0,-0.3725545,0.09102552384138107,0.9950000047683716,0.9936000108718872
YKR077W,YMR207C,0,-0.37343636,0.09101719409227371,0.9950000047683716,0.9937000274658203
YKR077W,YKL081W,0,-0.37558496,0.09100887179374695,0.9950000047683716,0.9937999844551086
YCR035C,YFR030W,0,-0.37649426,0.09100054949522018,0.9950000047683716,0.9939000010490417
YPL203W,YBR212W,0,-0.37810144,0.09099222719669342,0.9950000047683716,0.9940000176429749
YOL098C,YNL221C,0,-0.37954882,0.09098390489816666,0.9950000047683716,0.9940999746322632
YDR212W,YPL176C,0,-0.37976718,0.09097559005022049,0.9950000047683716,0.9941999912261963
YOR090C,YPL049C,0,-0.38127342,0.09096726775169373,0.9950000047683716,0.9943000078201294
YPL176C,YLR196W,0,-0.38300627,0.09095895290374756,0.9950000047683716,0.9944000244140625
YGL244W,YDR460W,1,-0.38375708,0.09104204922914505,0.9959999918937683,0.9944000244140625
YHR204W,YGR208W,0,-0.38514453,0.09103372693061829,0.9959999918937683,0.9944999814033508
YPR114W,YJL197W,0,-0.38597977,0.09102540463209152,0.9959999918937683,0.9945999979972839
YDR075W,YHR150W,0,-0.38615903,0.09101708978414536,0.9959999918937683,0.994700014591217
YLL048C,YDL124W,0,-0.38644725,0.09100877493619919,0.9959999918937683,0.9947999715805054
YLR004C,YNR053C,0,-0.387115,0.09100046008825302,0.9959999918937683,0.9948999881744385
YER143W,YGR030C,0,-0.3884265,0.09099214524030685,0.9959999918937683,0.9950000047683716
YOR247W,YJL001W,0,-0.39013615,0.09098383039236069,0.9959999918937683,0.9951000213623047
YAL028W,YPL013C,0,-0.3907378,0.09097552299499512,0.9959999918937683,0.995199978351593
YHR090C,YHL026C,0,-0.392262,0.09096720814704895,0.9959999918937683,0.9952999949455261
YLL048C,YGL115W,0,-0.39533046,0.09095890074968338,0.9959999918937683,0.9954000115394592
YDR175C,YPR199C,0,-0.39663288,0.09095060080289841,0.9959999918937683,0.9955000281333923
YDR441C,YOL023W,0,-0.39799502,0.09094229340553284,0.9959999918937683,0.9955999851226807
YHL031C,YFR040W,0,-0.39910325,0.09093399345874786,0.9959999918937683,0.9957000017166138
YGL246C,YBR248C,0,-0.40019625,0.0909256860613823,0.9959999918937683,0.9958000183105469
YJR035W,YCR035C,0,-0.40026042,0.09091738611459732,0.9959999918937683,0.9958999752998352
YGL166W,YDR460W,1,-0.40056357,0.09100036323070526,0.996999979019165,0.9958999752998352
YKL155C,YPL235W,0,-0.40196732,0.09099206328392029,0.996999979019165,0.9959999918937683
YKR089C,YBR268W,0,-0.4021655,0.09098375588655472,0.996999979019165,0.9961000084877014
YDR167W,YFL021W,1,-0.40285718,0.09106670320034027,0.9980000257492065,0.9961000084877014
YNL059C,YGL231C,0,-0.40646195,0.0910583958029747,0.9980000257492065,0.9962000250816345
YDR268W,YHR020W,0,-0.409438,0.09105008840560913,0.9980000257492065,0.9962999820709229
YBR189W,YKL079W,0,-0.4105787,0.09104178100824356,0.9980000257492065,0.996399998664856
YNL183C,YHL011C,0,-0.4108583,0.09103347361087799,0.9980000257492065,0.9965000152587891
YHL011C,YOR086C,0,-0.41338214,0.09102517366409302,0.9980000257492065,0.9965999722480774
YGL246C,YCL044C,0,-0.4206282,0.09101687371730804,0.9980000257492065,0.9966999888420105
YGR055W,YHL006C,0,-0.43069476,0.09100857377052307,0.9980000257492065,0.9968000054359436
YDR345C,YDR397C,0,-0.43360254,0.0910002738237381,0.9980000257492065,0.9969000220298767
YER038C,YGR142W,0,-0.43546286,0.09099197387695312,0.9980000257492065,0.996999979019165
YGL073W,YGR178C,0,-0.43666545,0.09098368138074875,0.9980000257492065,0.9970999956130981
YMR005W,YGR047C,1,-0.43832967,0.09106654673814774,0.9990000128746033,0.9970999956130981
YGL070C,YER032W,0,-0.44294187,0.09105824679136276,0.9990000128746033,0.9972000122070312
YDR122W,YOR319W,0,-0.44314995,0.09104994684457779,0.9990000128746033,0.9973000288009644
YER177W,YLR432W,0,-0.4461376,0.09104164689779282,0.9990000128746033,0.9973999857902527
YKR034W,YLL057C,0,-0.4461837,0.09103335440158844,0.9990000128746033,0.9975000023841858
YJL167W,YPL043W,0,-0.4501219,0.09102505445480347,0.9990000128746033,0.9976000189781189
YGL115W,YER081W,0,-0.45367762,0.09101676195859909,0.9990000128746033,0.9976999759674072
YGL067W,YDR023W,0,-0.45764086,0.09100846946239471,0.9990000128746033,0.9977999925613403
YDR362C,YPL202C,1,-0.45784274,0.09109127521514893,1.0,0.9977999925613403
YPR097W,YCL001W,0,-0.4578456,0.09108297526836395,1.0,0.9979000091552734
YIL154C,YAL056W,0,-0.4580951,0.09107468277215958,1.0,0.9980000257492065
YLL048C,YBR029C,0,-0.4610168,0.0910663902759552,1.0,0.9980999827384949
YBL072C,YER060W,0,-0.47179016,0.09105809777975082,1.0,0.998199999332428
YDL230W,YPR100W,0,-0.4753824,0.09104980528354645,1.0,0.9983000159263611
YDR261C,YGL111W,0,-0.4775749,0.09104151278734207,1.0,0.9983999729156494
YPL013C,YML076C,0,-0.48965523,0.09103322774171829,1.0,0.9984999895095825
YGR181W,YDR309C,0,-0.4967282,0.09102494269609451,1.0,0.9986000061035156
YIL098C,YPR120C,0,-0.49770984,0.09101665765047073,1.0,0.9987000226974487
YOR177C,YOR236W,0,-0.50175774,0.09100837260484695,1.0,0.9987999796867371
YOR016C,YGR260W,0,-0.51143444,0.09100008755922318,1.0,0.9988999962806702
YKR049C,YGR142W,0,-0.51837254,0.09099180996417999,1.0,0.9990000128746033
YNL183C,YOR272W,0,-0.52287114,0.09098353236913681,1.0,0.9991000294685364
YPR097W,YLL014W,0,-0.53142154,0.09097525477409363,1.0,0.9991999864578247
YDR517W,YMR125W,0,-0.53979814,0.09096697717905045,1.0,0.9993000030517578
YLR367W,YNL123W,0,-0.5606202,0.09095870703458786,1.0,0.9994000196456909
YGL073W,YLR054C,0,-0.5961475,0.09095042943954468,1.0,0.9994999766349792
YMR053C,YBR101C,0,-0.6085355,0.09094215929508209,1.0,0.9995999932289124
YKL192C,YGL016W,0,-0.6107805,0.0909338891506195,1.0,0.9997000098228455
YHR035W,YDR234W,0,-0.64977634,0.09092562645673752,1.0,0.9998000264167786
YJL174W,YDR023W,0,-0.66315264,0.09091735631227493,1.0,0.9998999834060669
YBR046C,YBR101C,0,-0.8045014,0.09090909361839294,1.0,1.0
