Gene A,Gene B,Label,Score,Precision,Recall,False Positive Rate
YHR081W,YJL087C,1,7.1175995,1.0,0.0009950249223038554,0.0
YNL112W,YHR081W,1,6.853446,1.0,0.001990049844607711,0.0
YJL069C,YPL123C,0,6.6327953,0.6666666865348816,0.001990049844607711,0.00010005002695834264
YDL201W,YER068W,0,6.2173567,0.5,0.001990049844607711,0.00020010005391668528
YNL188W,YKR092C,0,6.172352,0.4000000059604645,0.001990049844607711,0.0003001500735990703
YIL079C,YOL142W,1,6.122383,0.5,0.0029850746504962444,0.0003001500735990703
YLL034C,YDR489W,0,5.822399,0.4285714328289032,0.0029850746504962444,0.00040020010783337057
YNL002C,YMR004W,0,5.7192135,0.375,0.0029850746504962444,0.0005002501420676708
YCL011C,YJL208C,1,5.6769257,0.4444444477558136,0.003980099689215422,0.0005002501420676708
YBR257W,YHR069C,1,5.671278,0.5,0.004975124262273312,0.0005002501420676708
YER068W,YPR112C,1,5.656739,0.5454545617103577,0.005970149300992489,0.0005002501420676708
YJL006C,YMR142C,0,5.556239,0.5,0.005970149300992489,0.0006003001471981406
YNL075W,YGL203C,0,5.5378313,0.4615384638309479,0.005970149300992489,0.0007003501523286104
YGL122C,YNR024W,1,5.509828,0.5,0.006965174339711666,0.0007003501523286104
YOR076C,YKL009W,1,5.5014544,0.5333333611488342,0.007960199378430843,0.0007003501523286104
YML010W,YCL059C,0,5.48305,0.5,0.007960199378430843,0.0008004002156667411
YPR112C,YNR052C,1,5.4646797,0.529411792755127,0.008955223485827446,0.0008004002156667411
YER176W,YMR239C,1,5.460679,0.5555555820465088,0.009950248524546623,0.0008004002156667411
YBR267W,YKL112W,0,5.4433327,0.5263158082962036,0.009950248524546623,0.0009004502207972109
YHR169W,YDR465C,0,5.392782,0.5,0.009950248524546623,0.0010005002841353416
YOR294W,YKL032C,0,5.3494816,0.4761904776096344,0.009950248524546623,0.0011005502892658114
YMR125W,YOL142W,1,5.349208,0.5,0.0109452735632658,0.0011005502892658114
YGR271C-A,YNL004W,1,5.306297,0.52173912525177,0.011940298601984978,0.0011005502892658114
YER146W,YOL115W,1,5.304954,0.5416666865348816,0.012935323640704155,0.0011005502892658114
YJL050W,YOL100W,1,5.2974753,0.5600000023841858,0.013930348679423332,0.0011005502892658114
YOL142W,YGR158C,1,5.296129,0.5769230723381042,0.014925372786819935,0.0011005502892658114
YDR280W,YJL047C,1,5.2210655,0.5925925970077515,0.015920398756861687,0.0011005502892658114
YDR101C,YBR267W,0,5.2085075,0.5714285969734192,0.015920398756861687,0.0012006002943962812
YBR212W,YHR062C,1,5.187659,0.5862069129943848,0.016915423795580864,0.0012006002943962812
YPR025C,YNL075W,0,5.1135225,0.5666666626930237,0.016915423795580864,0.001300650299526751
YDL111C,YOL142W,1,5.101882,0.5806451439857483,0.017910446971654892,0.001300650299526751
YBL035C,YPL239W,0,5.090867,0.5625,0.017910446971654892,0.0014007003046572208
YPR048W,YLR441C,0,5.0745463,0.5454545617103577,0.017910446971654892,0.0015007504262030125
YCR057C,YBR231C,0,5.0666213,0.529411792755127,0.017910446971654892,0.0016008004313334823
YKL149C,YBR267W,0,5.0245304,0.5142857432365417,0.017910446971654892,0.001700850436463952
YNL064C,YIL126W,0,5.021696,0.5,0.017910446971654892,0.0018009004415944219
YLR014C,YDL051W,0,5.0073166,0.4864864945411682,0.017910446971654892,0.0019009504467248917
YLR277C,YLL008W,0,5.0069513,0.4736842215061188,0.017910446971654892,0.0020010005682706833
YMR014W,YML113W,0,5.0038476,0.4615384638309479,0.017910446971654892,0.0021010504569858313
YPR190C,YKR083C,0,4.9925847,0.44999998807907104,0.017910446971654892,0.002201100578531623
YPL178W,YOR359W,1,4.9757867,0.46341463923454285,0.01890547201037407,0.002201100578531623
YKL009W,YOL072W,1,4.9703703,0.4761904776096344,0.019900497049093246,0.002201100578531623
YPL123C,YGR158C,1,4.9580345,0.4883720874786377,0.020895522087812424,0.002201100578531623
YJL033W,YOL144W,0,4.9200315,0.47727271914482117,0.020895522087812424,0.002301150467246771
YDR183W,YNL164C,0,4.912075,0.46666666865348816,0.020895522087812424,0.0024012005887925625
YDL208W,YNL002C,0,4.9101624,0.45652174949645996,0.020895522087812424,0.002501250710338354
YHR158C,YOR145C,0,4.8801327,0.44680851697921753,0.020895522087812424,0.002601300599053502
YOL123W,YGR072W,1,4.839384,0.4583333432674408,0.0218905471265316,0.002601300599053502
YPL090C,YDR296W,0,4.838723,0.44897958636283875,0.0218905471265316,0.0027013507205992937
YLR048W,YHR169W,0,4.79753,0.4399999976158142,0.0218905471265316,0.0028014006093144417
YLR276C,YNR011C,0,4.7818584,0.4313725531101227,0.0218905471265316,0.0029014507308602333
YJL069C,YNL075W,0,4.7815523,0.42307692766189575,0.0218905471265316,0.003001500852406025
YDL102W,YDR280W,1,4.756933,0.43396225571632385,0.022885572165250778,0.003001500852406025
YPL118W,YNL175C,0,4.7268105,0.42592594027519226,0.022885572165250778,0.003101550741121173
YPL101W,YGL244W,0,4.7177544,0.41818180680274963,0.022885572165250778,0.0032016008626669645
YGL122C,YER049W,1,4.682884,0.4285714328289032,0.023880597203969955,0.0032016008626669645
YOR063W,YBR072W,0,4.6692715,0.42105263471603394,0.023880597203969955,0.0033016507513821125
YMR077C,YGR081C,0,4.662849,0.4137931168079376,0.023880597203969955,0.003401700872927904
YLR098C,YNL112W,0,4.628704,0.4067796468734741,0.023880597203969955,0.003501750761643052
YOL115W,YGR072W,1,4.611983,0.4166666567325592,0.024875622242689133,0.003501750761643052
YNL299W,YJL087C,1,4.59817,0.4262295067310333,0.02587064728140831,0.003501750761643052
YPR112C,YPL123C,1,4.580002,0.4354838728904724,0.026865672320127487,0.003501750761643052
YNL124W,YGR276C,0,4.574856,0.4285714328289032,0.026865672320127487,0.0036018008831888437
YNL065W,YPR009W,0,4.5735326,0.421875,0.026865672320127487,0.0037018510047346354
YNL075W,YKL156W,0,4.550271,0.4153846204280853,0.026865672320127487,0.0038019008934497833
YLR276C,YLR417W,0,4.544917,0.40909090638160706,0.026865672320127487,0.003901951014995575
YDR324C,YDR460W,0,4.5293226,0.4029850661754608,0.026865672320127487,0.004002001136541367
YPL159C,YFR032C-A,0,4.516304,0.3970588147640228,0.026865672320127487,0.004102051258087158
YOR294W,YIL118W,0,4.5160313,0.3913043439388275,0.026865672320127487,0.0042021009139716625
YDR524C,YNL112W,0,4.50214,0.3857142925262451,0.026865672320127487,0.004302151035517454
YGR095C,YPR112C,1,4.4841886,0.39436620473861694,0.027860697358846664,0.004302151035517454
YBL035C,YLR221C,0,4.479184,0.3888888955116272,0.027860697358846664,0.004402201157063246
YJL050W,YFL038C,1,4.4679866,0.39726027846336365,0.028855720534920692,0.004402201157063246
YNL001W,YGR072W,1,4.462483,0.4054054021835327,0.02985074557363987,0.004402201157063246
YJL033W,YLR383W,0,4.451207,0.4000000059604645,0.02985074557363987,0.004502251278609037
YDL208W,YNL112W,0,4.446647,0.3947368562221527,0.02985074557363987,0.004602300934493542
YML099C,YML014W,0,4.440071,0.3896103799343109,0.02985074557363987,0.004702351056039333
YKL057C,YDL051W,0,4.4271693,0.38461539149284363,0.02985074557363987,0.004802401177585125
YLR051C,YPL084W,0,4.426343,0.37974682450294495,0.02985074557363987,0.004902451299130917
YLL008W,YHR104W,0,4.415184,0.375,0.02985074557363987,0.005002501420676708
YER146W,YGR072W,1,4.4045887,0.3827160596847534,0.030845770612359047,0.005002501420676708
YNL164C,YLR074C,0,4.402809,0.37804877758026123,0.030845770612359047,0.0051025510765612125
YOL139C,YOR205C,0,4.3968577,0.3734939694404602,0.030845770612359047,0.005202601198107004
YBR267W,YDL087C,0,4.3905773,0.369047611951828,0.030845770612359047,0.005302651319652796
YOL139C,YMR234W,1,4.3831844,0.3764705955982208,0.03184079751372337,0.005302651319652796
YOL041C,YHL020C,0,4.381407,0.3720930218696594,0.03184079751372337,0.005402701441198587
YNL001W,YGR195W,1,4.377477,0.37931033968925476,0.03283582255244255,0.005402701441198587
YGR271C-A,YGR030C,1,4.37119,0.3863636255264282,0.03383084759116173,0.005402701441198587
YDR074W,YJL208C,0,4.356184,0.3820224702358246,0.03383084759116173,0.005502751562744379
YBR257W,YKL009W,1,4.351936,0.3888888955116272,0.03482586890459061,0.005502751562744379
YOL041C,YHR090C,0,4.325981,0.38461539149284363,0.03482586890459061,0.005602801218628883
YCR052W,YNL112W,0,4.3143578,0.3804347813129425,0.03482586890459061,0.005702851340174675
YJL189W,YBR267W,0,4.298109,0.37634408473968506,0.03482586890459061,0.005802901461720467
YNR048W,YGR103W,0,4.291522,0.3723404109477997,0.03482586890459061,0.005902951583266258
YKL216W,YIL142W,0,4.281008,0.3684210479259491,0.03482586890459061,0.00600300170481205
YGR195W,YPL123C,1,4.279706,0.375,0.035820893943309784,0.00600300170481205
YPR120C,YHR169W,0,4.2722864,0.3711340129375458,0.035820893943309784,0.006103051360696554
YGR264C,YKL011C,0,4.2722363,0.36734694242477417,0.035820893943309784,0.006203101482242346
YDR465C,YLR238W,0,4.267719,0.3636363744735718,0.035820893943309784,0.0063031516037881374
YNL178W,YLR270W,1,4.266822,0.3700000047683716,0.03681591898202896,0.0063031516037881374
YIL021W,YGL139W,0,4.2544274,0.3663366436958313,0.03681591898202896,0.006403201725333929
YPL090C,YOR211C,0,4.250346,0.36274510622024536,0.03681591898202896,0.006503251846879721
YGR264C,YGR083C,0,4.243579,0.35922330617904663,0.03681591898202896,0.006603301502764225
YNR053C,YML023C,0,4.234937,0.35576921701431274,0.03681591898202896,0.006703351624310017
YNL112W,YIL079C,1,4.233756,0.3619047701358795,0.03781094402074814,0.006703351624310017
YIL062C,YKR092C,0,4.224717,0.35849055647850037,0.03781094402074814,0.006803401745855808
YDR296W,YKR092C,0,4.2108736,0.35514017939567566,0.03781094402074814,0.0069034518674016
YDL111C,YDR280W,1,4.207054,0.3611111044883728,0.038805969059467316,0.0069034518674016
YBR136W,YNL312W,0,4.20438,0.35779815912246704,0.038805969059467316,0.007003501523286104
YGR003W,YLL008W,0,4.2032003,0.3545454442501068,0.038805969059467316,0.007103551644831896
YDR280W,YKL025C,1,4.198271,0.36036035418510437,0.03980099409818649,0.007103551644831896
YGL162W,YJL189W,0,4.1963334,0.3571428656578064,0.03980099409818649,0.0072036017663776875
YMR098C,YMR239C,1,4.17397,0.36283186078071594,0.04079601913690567,0.0072036017663776875
YPL011C,YNR003C,0,4.1657047,0.359649121761322,0.04079601913690567,0.007303651887923479
YCL067C,YLR432W,0,4.1527553,0.35652172565460205,0.04079601913690567,0.007403702009469271
YBR278W,YDL201W,0,4.152728,0.3534482717514038,0.04079601913690567,0.007503751665353775
YGR158C,YCR035C,1,4.146323,0.3589743673801422,0.04179104417562485,0.007503751665353775
YGR276C,YDL166C,0,4.142097,0.35593220591545105,0.04179104417562485,0.007603801786899567
YDL030W,YDR123C,0,4.141946,0.3529411852359772,0.04179104417562485,0.007703851908445358
YGR195W,YDR318W,0,4.1311064,0.3499999940395355,0.04179104417562485,0.00780390202999115
YBR167C,YGR158C,1,4.1295733,0.35537189245224,0.042786069214344025,0.00780390202999115
YDR211W,YDR489W,0,4.1285906,0.35245901346206665,0.042786069214344025,0.007903952151536942
YGL246C,YOR145C,0,4.12002,0.34959349036216736,0.042786069214344025,0.008004002273082733
YCR093W,YJL050W,1,4.114831,0.35483869910240173,0.0437810942530632,0.008004002273082733
YDR490C,YNR024W,1,4.1101785,0.36000001430511475,0.04477611929178238,0.008004002273082733
YGR095C,YOL115W,1,4.109911,0.3650793731212616,0.045771144330501556,0.008004002273082733
YPR190C,YML010W,0,4.10821,0.36220473051071167,0.045771144330501556,0.008104052394628525
YOL142W,YNL221C,1,4.106507,0.3671875,0.046766169369220734,0.008104052394628525
YHR052W,YHL019C,0,4.0984497,0.3643410801887512,0.046766169369220734,0.008204102516174316
YGR195W,YJL124C,1,4.0967393,0.3692307770252228,0.04776119440793991,0.008204102516174316
YGL246C,YKL095W,0,4.091458,0.3664122223854065,0.04776119440793991,0.008304151706397533
YAL056W,YLR221C,0,4.0831575,0.3636363744735718,0.04776119440793991,0.008404201827943325
YEL015W,YOR166C,1,4.082758,0.3684210479259491,0.04875621944665909,0.008404201827943325
YKL149C,YGR158C,1,4.0710993,0.3731343150138855,0.049751244485378265,0.008404201827943325
YGR047C,YML015C,0,4.0521736,0.37037035822868347,0.049751244485378265,0.008504251949489117
YDR172W,YOL021C,1,4.050142,0.375,0.05074626952409744,0.008504251949489117
YGR072W,YMR116C,1,4.044655,0.37956205010414124,0.05174129456281662,0.008504251949489117
YJL209W,YPR112C,1,4.038225,0.3840579688549042,0.0527363196015358,0.008504251949489117
YNL221C,YBL018C,1,4.0319366,0.3884892165660858,0.053731344640254974,0.008504251949489117
YIL079C,YOR076C,1,4.024367,0.3928571343421936,0.05472636967897415,0.008504251949489117
YGL173C,YGR271C-A,1,4.0188575,0.39716312289237976,0.05572139471769333,0.008504251949489117
YOL115W,YNR024W,1,4.0147915,0.40140846371650696,0.056716419756412506,0.008504251949489117
YGR195W,YIL126W,0,4.0135984,0.3986014127731323,0.056716419756412506,0.008604302071034908
YPL090C,YPL203W,0,4.0128284,0.3958333432674408,0.056716419756412506,0.0087043521925807
YNL001W,YDL111C,1,4.0120454,0.4000000059604645,0.057711441069841385,0.0087043521925807
YGL246C,YNL218W,0,4.008743,0.39726027846336365,0.057711441069841385,0.008804402314126492
YNL112W,YDL047W,0,4.0028663,0.3945578336715698,0.057711441069841385,0.008904452435672283
YOL125W,YDL044C,0,3.9958918,0.3918918967247009,0.057711441069841385,0.009004502557218075
YHR169W,YPL010W,0,3.9896271,0.38926175236701965,0.057711441069841385,0.009104552678763866
YLR145W,YOR359W,1,3.9875114,0.3933333456516266,0.05870646610856056,0.009104552678763866
YHR052W,YGR078C,0,3.982208,0.3907284736633301,0.05870646610856056,0.009204601868987083
YGR006W,YNL112W,1,3.9667704,0.3947368562221527,0.05970149114727974,0.009204601868987083
YNR044W,YBR068C,0,3.964255,0.3921568691730499,0.05970149114727974,0.009304651990532875
YOL139C,YOR173W,1,3.959111,0.3961038887500763,0.06069651618599892,0.009304651990532875
YOR172W,YMR290C,0,3.9551885,0.3935483992099762,0.06069651618599892,0.009404702112078667
YGR103W,YHR089C,0,3.9547064,0.3910256326198578,0.06069651618599892,0.009504752233624458
YER035W,YHR089C,0,3.9496071,0.3885350227355957,0.06069651618599892,0.00960480235517025
YPR025C,YGL246C,0,3.94717,0.3860759437084198,0.06069651618599892,0.009704852476716042
YJL209W,YNL282W,1,3.9398937,0.3899371027946472,0.061691541224718094,0.009704852476716042
YJL208C,YBL105C,1,3.9383657,0.39375001192092896,0.06268656998872757,0.009704852476716042
YOL097C,YJL090C,0,3.9373252,0.3913043439388275,0.06268656998872757,0.009804902598261833
YIL156W,YJR063W,0,3.937152,0.3888888955116272,0.06268656998872757,0.009904952719807625
YNL299W,YGR158C,1,3.9360106,0.39263802766799927,0.06368159502744675,0.009904952719807625
YNL175C,YEL064C,0,3.9274049,0.39024388790130615,0.06368159502744675,0.010005002841353416
YDR527W,YPL069C,0,3.9256709,0.38787877559661865,0.06368159502744675,0.010105052962899208
YNL075W,YCR079W,0,3.9249203,0.3855421543121338,0.06368159502744675,0.010205102153122425
YAL019W,YGL208W,0,3.924177,0.38323354721069336,0.06368159502744675,0.010305152274668217
YDR440W,YEL018W,0,3.9217312,0.380952388048172,0.06368159502744675,0.010405202396214008
YER035W,YLL008W,0,3.9168012,0.3786982297897339,0.06368159502744675,0.0105052525177598
YNL112W,YDR117C,0,3.916119,0.3764705955982208,0.06368159502744675,0.010605302639305592
YJR159W,YER006W,0,3.9126813,0.3742690086364746,0.06368159502744675,0.010705352760851383
YMR239C,YGR030C,1,3.9041524,0.3779069781303406,0.06467662006616592,0.010705352760851383
YHR052W,YMR036C,0,3.9038427,0.3757225573062897,0.06467662006616592,0.010805402882397175
YBR142W,YGL189C,0,3.8941114,0.3735632300376892,0.06467662006616592,0.010905453003942966
YOL142W,YGL094C,1,3.8881342,0.37714284658432007,0.0656716451048851,0.010905453003942966
YGR072W,YCR035C,1,3.8880308,0.3806818127632141,0.06666667014360428,0.010905453003942966
YHR169W,YMR146C,0,3.8868175,0.3785310685634613,0.06666667014360428,0.011005503125488758
YCL011C,YPR112C,1,3.8811636,0.3820224702358246,0.06766169518232346,0.011005503125488758
YOL149W,YLL013C,1,3.875218,0.3854748606681824,0.06865671277046204,0.011005503125488758
YOL076W,YLR074C,0,3.8682745,0.38333332538604736,0.06865671277046204,0.011105552315711975
YML024W,YDR293C,0,3.8619905,0.38121548295021057,0.06865671277046204,0.011205602437257767
YDL108W,YIL126W,0,3.8606992,0.3791208863258362,0.06865671277046204,0.011305652558803558
YGR058W,YBR267W,0,3.85057,0.37704917788505554,0.06865671277046204,0.01140570268034935
YOR119C,YJR032W,0,3.8423114,0.375,0.06865671277046204,0.011505752801895142
YMR228W,YGR091W,0,3.84006,0.3729729652404785,0.06865671277046204,0.011605802923440933
YDR101C,YAL051W,0,3.8331575,0.3709677457809448,0.06865671277046204,0.011705853044986725
YDR270W,YOL144W,0,3.8326237,0.3689839541912079,0.06865671277046204,0.011805903166532516
YBR131W,YJR063W,0,3.831084,0.36702126264572144,0.06865671277046204,0.011905953288078308
YOR294W,YOL105C,0,3.8160374,0.3650793731212616,0.06865671277046204,0.0120060034096241
YOR119C,YLR060W,0,3.8158054,0.36315789818763733,0.06865671277046204,0.012106052599847317
YCR035C,YKR095W,1,3.814966,0.3664921522140503,0.06965173780918121,0.012106052599847317
YLR039C,YDR064W,0,3.811974,0.3645833432674408,0.06965173780918121,0.012206102721393108
YLR312W-A,YHL013C,0,3.809275,0.36269429326057434,0.06965173780918121,0.0123061528429389
YOR025W,YEL029C,0,3.8043396,0.36082473397254944,0.06965173780918121,0.012406202964484692
YPR088C,YGL064C,0,3.8035462,0.3589743673801422,0.06965173780918121,0.012506253086030483
YPR112C,YER112W,1,3.7925205,0.3622449040412903,0.07064676284790039,0.012506253086030483
YCR057C,YDR469W,0,3.792336,0.3604061007499695,0.07064676284790039,0.012606303207576275
YNL072W,YER165W,1,3.77874,0.3636363744735718,0.07164178788661957,0.012606303207576275
YKR024C,YMR073C,0,3.7770786,0.36180904507637024,0.07164178788661957,0.012706353329122066
YHR077C,YGL246C,1,3.7750573,0.36500000953674316,0.07263681292533875,0.012706353329122066
YDR324C,YHR114W,0,3.7743845,0.3631840944290161,0.07263681292533875,0.012806403450667858
YLR442C,YNR024W,1,3.7683008,0.3663366436958313,0.07363183796405792,0.012806403450667858
YLL034C,YFL023W,0,3.7513878,0.3645320236682892,0.07363183796405792,0.01290645357221365
YDR356W,YPR190C,0,3.7513165,0.36274510622024536,0.07363183796405792,0.013006503693759441
YOL054W,YGR091W,0,3.7450244,0.36097562313079834,0.07363183796405792,0.013106552883982658
YIL079C,YHR081W,1,3.7442577,0.3640776574611664,0.0746268630027771,0.013106552883982658
YFR032C-A,YJR059W,0,3.7405245,0.36231884360313416,0.0746268630027771,0.01320660300552845
YPR186C,YDR324C,0,3.7317953,0.36057692766189575,0.0746268630027771,0.013306653127074242
YJR119C,YKL113C,1,3.7306182,0.3636363744735718,0.07562188804149628,0.013306653127074242
YGL135W,YDR468C,0,3.7301826,0.3619047701358795,0.07562188804149628,0.013406703248620033
YOL012C,YOL021C,1,3.7279046,0.3649289011955261,0.07661691308021545,0.013406703248620033
YNL001W,YPR112C,1,3.7269628,0.3679245412349701,0.07761193811893463,0.013406703248620033
YHR077C,YNL221C,1,3.723788,0.3708920180797577,0.07860696315765381,0.013406703248620033
YPR190C,YMR077C,0,3.7224429,0.36915886402130127,0.07860696315765381,0.013506753370165825
YIL004C,YMR275C,0,3.721132,0.367441862821579,0.07860696315765381,0.013606803491711617
YMR263W,YGL029W,0,3.718375,0.36574074625968933,0.07860696315765381,0.013706853613257408
YNL218W,YIL003W,0,3.7169259,0.3640553057193756,0.07860696315765381,0.0138069037348032
YKL204W,YIL079C,1,3.712942,0.3669724762439728,0.07960198819637299,0.0138069037348032
YPL082C,YKR057W,0,3.7113783,0.3652968108654022,0.07960198819637299,0.013906953856348991
YOL022C,YOR359W,0,3.7112064,0.3636363744735718,0.07960198819637299,0.014007003046572208
YDR147W,YGR175C,0,3.7109425,0.36199095845222473,0.07960198819637299,0.014107053168118
YGL121C,YOL125W,0,3.70989,0.36036035418510437,0.07960198819637299,0.014207103289663792
YGR089W,YHR089C,0,3.7093976,0.35874438285827637,0.07960198819637299,0.014307153411209583
YOL124C,YMR251W-A,0,3.6927137,0.3571428656578064,0.07960198819637299,0.014407203532755375
YMR239C,YNL282W,1,3.6829774,0.36000001430511475,0.08059701323509216,0.014407203532755375
YLL057C,YGR264C,0,3.6785567,0.35840708017349243,0.08059701323509216,0.014507253654301167
YLR151C,YLR276C,0,3.6785498,0.3568281829357147,0.08059701323509216,0.014607303775846958
YKR059W,YBR223C,0,3.6766338,0.3552631437778473,0.08059701323509216,0.01470735389739275
YGL130W,YJL069C,0,3.6739113,0.3537117838859558,0.08059701323509216,0.014807404018938541
YNL251C,YGR271C-A,1,3.6732569,0.35652172565460205,0.08159203827381134,0.014807404018938541
YIL079C,YBR170C,1,3.6688716,0.35930734872817993,0.08258706331253052,0.014807404018938541
YOR371C,YKL181W,0,3.6662722,0.35775861144065857,0.08258706331253052,0.014907454140484333
YOL142W,YGL014W,1,3.6633584,0.3605150282382965,0.0835820883512497,0.014907454140484333
YJL069C,YNL330C,0,3.6555092,0.3589743673801422,0.0835820883512497,0.01500750333070755
YPR048W,YCL040W,0,3.647584,0.3574468195438385,0.0835820883512497,0.015107553452253342
YKR038C,YNL158W,0,3.638816,0.35593220591545105,0.0835820883512497,0.015207603573799133
YOR294W,YHR115C,0,3.6365068,0.3544303774833679,0.0835820883512497,0.015307653695344925
YAL033W,YNL282W,1,3.6292574,0.3571428656578064,0.08457711338996887,0.015307653695344925
YKL112W,YFL001W,0,3.625848,0.35564854741096497,0.08457711338996887,0.015407703816890717
YLL015W,YGL189C,0,3.618118,0.3541666567325592,0.08457711338996887,0.015507753938436508
YOR359W,YHR069C,1,3.6147897,0.35684648156166077,0.08557213842868805,0.015507753938436508
YKL059C,YNR053C,0,3.6113827,0.35537189245224,0.08557213842868805,0.0156078040599823
YGL029W,YBL011W,0,3.6109304,0.3539094626903534,0.08557213842868805,0.01570785418152809
YJL104W,YOR229W,0,3.6083977,0.35245901346206665,0.08557213842868805,0.015807904303073883
YMR142C,YNL025C,0,3.6054204,0.3510203957557678,0.08557213842868805,0.015907954424619675
YLR187W,YOR182C,0,3.6017125,0.34959349036216736,0.08557213842868805,0.016008004546165466
YHR077C,YER112W,1,3.5995433,0.35222673416137695,0.08656716346740723,0.016008004546165466
YBR059C,YOR167C,0,3.596412,0.35080644488334656,0.08656716346740723,0.016108054667711258
YHR169W,YPL159C,0,3.5952644,0.34939759969711304,0.08656716346740723,0.01620810478925705
YDL208W,YDR460W,0,3.5939398,0.3479999899864197,0.08656716346740723,0.01630815491080284
YOR359W,YDL208W,0,3.5892549,0.3466135561466217,0.08656716346740723,0.016408205032348633
YPR048W,YER050C,0,3.5847192,0.3452380895614624,0.08656716346740723,0.016508253291249275
YCL008C,YLR333C,0,3.583643,0.343873530626297,0.08656716346740723,0.016608303412795067
YAL033W,YJL050W,1,3.5828297,0.34645670652389526,0.0875621885061264,0.016608303412795067
YGL122C,YDR370C,1,3.5823374,0.3490196168422699,0.08855721354484558,0.016608303412795067
YKL113C,YNL282W,1,3.577877,0.3515625,0.08955223858356476,0.016608303412795067
YLL034C,YBR119W,0,3.5774884,0.3501945436000824,0.08955223858356476,0.01670835353434086
YJR035W,YNR003C,0,3.5764115,0.3488371968269348,0.08955223858356476,0.01680840365588665
YLR119W,YKR081C,0,3.5683253,0.3474903404712677,0.08955223858356476,0.01690845377743244
YDR159W,YGR271C-A,1,3.564608,0.3499999940395355,0.09054726362228394,0.01690845377743244
YMR142C,YIL153W,0,3.5589538,0.3486590087413788,0.09054726362228394,0.017008503898978233
YOL139C,YNL197C,1,3.558851,0.35114502906799316,0.09154228866100311,0.017008503898978233
YAL033W,YBL105C,1,3.5574505,0.35361215472221375,0.09253731369972229,0.017008503898978233
YOL123W,YKL113C,1,3.5559783,0.35606059432029724,0.09353233873844147,0.017008503898978233
YHR149C,YKL062W,0,3.5552435,0.3547169864177704,0.09353233873844147,0.017108554020524025
YBR026C,YML046W,0,3.552515,0.35338345170021057,0.09353233873844147,0.017208604142069817
YDR465C,YFL042C,0,3.5497072,0.352059930562973,0.09353233873844147,0.017308654263615608
YGR276C,YJR063W,0,3.5477955,0.3507462739944458,0.09353233873844147,0.0174087043851614
YGR094W,YNR011C,0,3.5456765,0.34944239258766174,0.09353233873844147,0.01750875450670719
YDR206W,YDL175C,1,3.5448983,0.35185185074806213,0.09452736377716064,0.01750875450670719
YGL246C,YNL232W,1,3.5385678,0.35424354672431946,0.09552238881587982,0.01750875450670719
YDR074W,YOR210W,0,3.5328953,0.3529411852359772,0.09552238881587982,0.017608804628252983
YJR119C,YNL282W,1,3.532079,0.3553113639354706,0.096517413854599,0.017608804628252983
YDR113C,YJL194W,0,3.531438,0.3540146052837372,0.096517413854599,0.017708854749798775
YPL159C,YFL001W,0,3.529996,0.3527272641658783,0.096517413854599,0.017808904871344566
YER068W,YOL149W,1,3.5234852,0.3550724685192108,0.09751243889331818,0.017808904871344566
YOR294W,YPL178W,0,3.5217707,0.35379061102867126,0.09751243889331818,0.017908954992890358
YJL069C,YJL024C,0,3.5170953,0.3525179922580719,0.09751243889331818,0.01800900511443615
YNL001W,YNL232W,1,3.5164099,0.35483869910240173,0.09850746393203735,0.01800900511443615
YNL178W,YGR072W,1,3.5118034,0.3571428656578064,0.09950248897075653,0.01800900511443615
YOR048C,YCL059C,0,3.510111,0.35587188601493835,0.09950248897075653,0.01810905523598194
YDR527W,YLR007W,0,3.5091202,0.3546099364757538,0.09950248897075653,0.018209105357527733
YCR035C,YGR030C,1,3.508857,0.356890469789505,0.10049751400947571,0.018209105357527733
YML024W,YBL103C,0,3.4998724,0.35563379526138306,0.10049751400947571,0.018309155479073524
YNL175C,YJL093C,0,3.496925,0.35438597202301025,0.10049751400947571,0.018409203737974167
YDR101C,YKL011C,0,3.4967654,0.35314685106277466,0.10049751400947571,0.01850925385951996
YFL001W,YNL006W,0,3.4966094,0.3519163727760315,0.10049751400947571,0.01860930398106575
YPR112C,YOL100W,1,3.494703,0.3541666567325592,0.10149253904819489,0.01860930398106575
YNR003C,YER157W,0,3.4910207,0.3529411852359772,0.10149253904819489,0.018709354102611542
YGR195W,YHR006W,0,3.4881535,0.35172414779663086,0.10149253904819489,0.018809404224157333
YMR312W,YHR105W,0,3.4879348,0.3505154550075531,0.10149253904819489,0.018909454345703125
YDR099W,YHR169W,0,3.48653,0.3493150770664215,0.10149253904819489,0.019009504467248917
YHR052W,YBL045C,0,3.486192,0.34812286496162415,0.10149253904819489,0.019109554588794708
YGR081C,YKL025C,0,3.484051,0.3469387888908386,0.10149253904819489,0.0192096047103405
YJL069C,YDR460W,0,3.4638796,0.345762699842453,0.10149253904819489,0.01930965483188629
YML112W,YJR014W,0,3.4549072,0.3445945978164673,0.10149253904819489,0.019409704953432083
YNL175C,YLR118C,0,3.4538085,0.34343433380126953,0.10149253904819489,0.019509755074977875
YOR294W,YGR013W,0,3.4503517,0.34228187799453735,0.10149253904819489,0.019609805196523666
YDL138W,YJL033W,0,3.4475443,0.3411371111869812,0.10149253904819489,0.019709855318069458
YMR053C,YLL045C,0,3.4461043,0.3400000035762787,0.10149253904819489,0.01980990543961525
YKL054C,YPL157W,0,3.4457834,0.33887043595314026,0.10149253904819489,0.01990995556116104
YGL246C,YGL222C,1,3.44272,0.3410595953464508,0.10248756408691406,0.01990995556116104
YBR257W,YLR442C,1,3.4395757,0.3432343304157257,0.10348258912563324,0.01990995556116104
YLR375W,YMR014W,0,3.4390912,0.34210526943206787,0.10348258912563324,0.020010005682706833
YBR257W,YNL004W,1,3.4342754,0.3442623019218445,0.10447761416435242,0.020010005682706833
YKL039W,YHR052W,0,3.4298398,0.343137264251709,0.10447761416435242,0.020110055804252625
YGL222C,YER049W,1,3.4283435,0.3452768623828888,0.1054726392030716,0.020110055804252625
YGR195W,YMR146C,0,3.428285,0.34415584802627563,0.1054726392030716,0.020210105925798416
YNL188W,YMR146C,0,3.4279974,0.3430420756340027,0.1054726392030716,0.02031015418469906
YGL043W,YNL164C,0,3.4227438,0.34193548560142517,0.1054726392030716,0.02041020430624485
YDR279W,YNL282W,1,3.4214783,0.34405145049095154,0.10646766424179077,0.02041020430624485
YER049W,YJL050W,1,3.4203787,0.3461538553237915,0.10746268928050995,0.02041020430624485
YOR038C,YBR278W,0,3.4098423,0.3450479209423065,0.10746268928050995,0.020510254427790642
YGR083C,YMR004W,0,3.4095812,0.3439490497112274,0.10746268928050995,0.020610304549336433
YOL041C,YLR432W,0,3.4065862,0.34285715222358704,0.10746268928050995,0.020710354670882225
YGR083C,YEL061C,0,3.4042625,0.3417721390724182,0.10746268928050995,0.020810404792428017
YGR129W,YFR038W,0,3.4014683,0.34069401025772095,0.10746268928050995,0.02091045491397381
YOR145C,YHR077C,0,3.3998349,0.3396226465702057,0.10746268928050995,0.0210105050355196
YDL126C,YJL050W,1,3.3994024,0.3416927754878998,0.10845771431922913,0.0210105050355196
YDR168W,YKR059W,0,3.3989143,0.34062498807907104,0.10845771431922913,0.02111055515706539
YPR068C,YKR024C,0,3.3987737,0.33956387639045715,0.10845771431922913,0.021210605278611183
YJR063W,YHR089C,0,3.3967667,0.33850932121276855,0.10845771431922913,0.021310655400156975
YPR190C,YDR324C,0,3.3891141,0.33746129274368286,0.10845771431922913,0.021410705521702766
YOL137W,YLR186W,0,3.3862112,0.3364197611808777,0.10845771431922913,0.021510755643248558
YHL013C,YEL018W,0,3.3861678,0.3353846073150635,0.10845771431922913,0.02161080576479435
YNL062C,YLR207W,0,3.38078,0.33435583114624023,0.10845771431922913,0.02171085588634014
YJR119C,YHR081W,1,3.3804579,0.3363914489746094,0.1094527393579483,0.02171085588634014
YLR021W,YPL190C,1,3.3770506,0.33841463923454285,0.11044776439666748,0.02171085588634014
YJL208C,YNR024W,1,3.3687117,0.3404255211353302,0.11144278943538666,0.02171085588634014
YBR267W,YPR055W,0,3.361622,0.3393939435482025,0.11144278943538666,0.021810906007885933
YJR113C,YHR089C,0,3.3605866,0.33836859464645386,0.11144278943538666,0.021910956129431725
YBL039C,YML076C,0,3.3587916,0.33734938502311707,0.11144278943538666,0.022011006250977516
YNL288W,YKR095W,1,3.3579803,0.33933934569358826,0.11243781447410583,0.022011006250977516
YDL102W,YHR081W,1,3.3563747,0.341317355632782,0.11343283951282501,0.022011006250977516
YPR190C,YMR039C,0,3.3496084,0.34029850363731384,0.11343283951282501,0.022111056372523308
YNL149C,YMR142C,0,3.3477385,0.3392857015132904,0.11343283951282501,0.02221110463142395
YLR221C,YNL039W,0,3.3469288,0.3382789194583893,0.11343283951282501,0.022311154752969742
YLR106C,YJL030W,0,3.3467758,0.3372780978679657,0.11343283951282501,0.022411204874515533
YPR072W,YNR024W,1,3.3444693,0.33923304080963135,0.11442785710096359,0.022411204874515533
YNL232W,YER112W,1,3.3442976,0.34117648005485535,0.11542288213968277,0.022411204874515533
YPR186C,YGR276C,0,3.3372195,0.34017595648765564,0.11542288213968277,0.022511254996061325
YKL149C,YCR035C,1,3.3356478,0.34210526943206787,0.11641790717840195,0.022511254996061325
YDR346C,YLR095C,0,3.3330944,0.34110787510871887,0.11641790717840195,0.022611305117607117
YFR031C,YOL144W,0,3.3285518,0.3401162922382355,0.11641790717840195,0.02271135523915291
YBR136W,YJR063W,0,3.3223128,0.3391304314136505,0.11641790717840195,0.0228114053606987
YAL031C,YLR074C,0,3.3201518,0.338150292634964,0.11641790717840195,0.02291145548224449
YAL013W,YNL004W,0,3.31927,0.33717578649520874,0.11641790717840195,0.023011505603790283
YOL097C,YLR178C,0,3.3136017,0.3362068831920624,0.11641790717840195,0.023111555725336075
YJL033W,YDL108W,0,3.3129892,0.3352435529232025,0.11641790717840195,0.023211605846881866
YER168C,YNL064C,0,3.3102443,0.334285706281662,0.11641790717840195,0.023311655968427658
YOL137W,YHR187W,0,3.3091035,0.3333333432674408,0.11641790717840195,0.02341170608997345
YGL080W,YGR078C,0,3.3041062,0.3323863744735718,0.11641790717840195,0.02351175621151924
YGR078C,YDL143W,0,3.3028436,0.33144477009773254,0.11641790717840195,0.023611806333065033
YNL081C,YLL008W,0,3.2986138,0.3305084705352783,0.11641790717840195,0.023711856454610825
YOL149W,YGR030C,1,3.29193,0.3323943614959717,0.11741293221712112,0.023711856454610825
YGL122C,YOR167C,1,3.29099,0.3342696726322174,0.1184079572558403,0.023711856454610825
YER065C,YAL035W,0,3.2898188,0.3333333432674408,0.1184079572558403,0.023811906576156616
YOR119C,YGR179C,0,3.2871082,0.33240222930908203,0.1184079572558403,0.023911956697702408
YHR010W,YIL034C,0,3.2870991,0.3314763307571411,0.1184079572558403,0.0240120068192482
YOR211C,YNL112W,0,3.2837636,0.3305555582046509,0.1184079572558403,0.02411205694079399
YGR095C,YGR195W,1,3.283347,0.33240997791290283,0.11940298229455948,0.02411205694079399
YHR024C,YML125C,0,3.2832544,0.33149170875549316,0.11940298229455948,0.024212105199694633
YLR048W,YBL058W,0,3.27296,0.3305785059928894,0.11940298229455948,0.024312155321240425
YLR051C,YLR039C,0,3.2707741,0.32967033982276917,0.11940298229455948,0.024412205442786217
YGR094W,YGL143C,0,3.2691512,0.3287671208381653,0.11940298229455948,0.02451225556433201
YJL030W,YEL018W,0,3.267902,0.32786884903907776,0.11940298229455948,0.0246123056858778
YNL124W,YJR092W,0,3.2662938,0.3269754648208618,0.11940298229455948,0.02471235580742359
YGR206W,YOL144W,0,3.266167,0.32608696818351746,0.11940298229455948,0.024812405928969383
YOL041C,YIL003W,0,3.2630517,0.3252032399177551,0.11940298229455948,0.024912456050515175
YKR036C,YBL023C,0,3.2625387,0.3243243098258972,0.11940298229455948,0.025012506172060966
YBR092C,YIR024C,0,3.2563326,0.32345014810562134,0.11940298229455948,0.025112556293606758
YPR164W,YLR363C,1,3.2556283,0.32526880502700806,0.12039800733327866,0.025112556293606758
YPR086W,YJR063W,0,3.255023,0.3243967890739441,0.12039800733327866,0.02521260641515255
YOL032W,YML125C,0,3.2498775,0.3235294222831726,0.12039800733327866,0.02531265653669834
YNL153C,YMR136W,0,3.2491755,0.3226666748523712,0.12039800733327866,0.025412706658244133
YNL299W,YNL072W,1,3.2473943,0.32446807622909546,0.12139303237199783,0.025412706658244133
YNL002C,YLR441C,0,3.2418735,0.3236074149608612,0.12139303237199783,0.025512756779789925
YMR313C,YEL018W,0,3.2411692,0.32275131344795227,0.12139303237199783,0.025612806901335716
YDR211W,YNL256W,0,3.2395885,0.32189974188804626,0.12139303237199783,0.025712857022881508
YDL212W,YPL252C,0,3.2361262,0.3210526406764984,0.12139303237199783,0.0258129071444273
YER103W,YOL076W,0,3.236114,0.32020998001098633,0.12139303237199783,0.02591295726597309
YJR082C,YIL016W,0,3.23409,0.3193717300891876,0.12139303237199783,0.026013007387518883
YBR142W,YML051W,0,3.232994,0.3185378611087799,0.12139303237199783,0.026113055646419525
YNL112W,YDL111C,1,3.2316408,0.3203125,0.12238805741071701,0.026113055646419525
YLR276C,YGR013W,0,3.231076,0.3194805085659027,0.12238805741071701,0.026213105767965317
YJR055W,YML076C,0,3.2307332,0.31865283846855164,0.12238805741071701,0.02631315588951111
YIL038C,YOL124C,0,3.230078,0.3178294599056244,0.12238805741071701,0.0264132060110569
YDL030W,YLR051C,0,3.2300231,0.3170103132724762,0.12238805741071701,0.02651325613260269
YJL014W,YKR092C,0,3.228231,0.31619536876678467,0.12238805741071701,0.026613306254148483
YDR279W,YJL069C,0,3.2273452,0.3153846263885498,0.12238805741071701,0.026713356375694275
YHR062C,YJR091C,1,3.225715,0.3171355426311493,0.12338308244943619,0.026713356375694275
YGL203C,YEL018W,0,3.2246366,0.3163265287876129,0.12338308244943619,0.026813406497240067
YLR319C,YAR015W,0,3.2241178,0.31552162766456604,0.12338308244943619,0.026913456618785858
YJL006C,YKR057W,0,3.2120419,0.3147208094596863,0.12338308244943619,0.02701350674033165
YPL118W,YOR048C,0,3.205955,0.31392404437065125,0.12338308244943619,0.02711355686187744
YHR005C,YNR003C,0,3.2044537,0.31313130259513855,0.12338308244943619,0.027213606983423233
YDR490C,YNL299W,1,3.2024424,0.3148614466190338,0.12437810748815536,0.027213606983423233
YGR103W,YNL330C,0,3.1992416,0.31407034397125244,0.12437810748815536,0.027313657104969025
YLR319C,YLR291C,0,3.1989748,0.31328320503234863,0.12437810748815536,0.027413707226514816
YDR283C,YJL072C,0,3.1940963,0.3125,0.12437810748815536,0.027513757348060608
YJL208C,YHR005C,0,3.1925638,0.31172069907188416,0.12437810748815536,0.0276138074696064
YJL069C,YGL143C,0,3.1910741,0.3109452724456787,0.12437810748815536,0.02771385759115219
YHR005C,YNL062C,0,3.1878586,0.3101736903190613,0.12437810748815536,0.027813907712697983
YLR270W,YMR239C,1,3.1868455,0.3118811845779419,0.12537313997745514,0.027813907712697983
YLL013C,YJL050W,1,3.1863368,0.3135802447795868,0.12636816501617432,0.027813907712697983
YDL159W,YFL023W,0,3.1857417,0.3128078877925873,0.12636816501617432,0.027913957834243774
YJR119C,YOL115W,1,3.1828732,0.31449630856513977,0.1273631900548935,0.027913957834243774
YLR106C,YMR313C,0,3.1815295,0.3137255012989044,0.1273631900548935,0.028014006093144417
YJL069C,YLR238W,0,3.1790092,0.3129584491252899,0.1273631900548935,0.02811405621469021
YHR052W,YGL244W,0,3.1777568,0.3121951222419739,0.1273631900548935,0.028214106336236
YAL021C,YNR024W,1,3.1682866,0.31386861205101013,0.12835821509361267,0.028214106336236
YMR113W,YJL208C,0,3.1639845,0.31310680508613586,0.12835821509361267,0.02831415645778179
YBL035C,YHR187W,0,3.1604333,0.3123486638069153,0.12835821509361267,0.028414206579327583
YKR052C,YHL013C,0,3.157062,0.3115941882133484,0.12835821509361267,0.028514256700873375
YOR229W,YNL312W,0,3.1565335,0.3108433783054352,0.12835821509361267,0.028614306822419167
YNL153C,YBR094W,0,3.1558456,0.3100961446762085,0.12835821509361267,0.028714356943964958
YBL039C,YMR224C,0,3.153457,0.3093525171279907,0.12835821509361267,0.02881440706551075
YBL018C,YNR024W,1,3.151476,0.31100478768348694,0.12935324013233185,0.02881440706551075
YOR205C,YNL112W,0,3.1501338,0.310262531042099,0.12935324013233185,0.02891445718705654
YAL019W,YHR077C,0,3.148153,0.3095238208770752,0.12935324013233185,0.029014507308602333
YDR325W,YJL173C,0,3.1479304,0.30878859758377075,0.12935324013233185,0.029114557430148125
YCR092C,YGR078C,0,3.1474335,0.30805686116218567,0.12935324013233185,0.029214607551693916
YLR276C,YDR359C,0,3.145273,0.30732861161231995,0.12935324013233185,0.029314657673239708
YLR151C,YKR057W,0,3.144045,0.3066037595272064,0.12935324013233185,0.0294147077947855
YER146W,YEL015W,1,3.1418664,0.3082352876663208,0.13034826517105103,0.0294147077947855
YJL155C,YNR003C,0,3.1391523,0.30751174688339233,0.13034826517105103,0.02951475791633129
YHR005C,YOR145C,0,3.1380289,0.3067915737628937,0.13034826517105103,0.029614808037877083
YKL149C,YBR065C,0,3.1275568,0.30607476830482483,0.13034826517105103,0.029714858159422874
YLR276C,YDR001C,0,3.1265626,0.3053613007068634,0.13034826517105103,0.029814908280968666
YPL101W,YJL095W,0,3.1175706,0.3046511709690094,0.13034826517105103,0.029914958402514458
YPL027W,YJR063W,0,3.114663,0.30394431948661804,0.13034826517105103,0.0300150066614151
YDR128W,YLR051C,0,3.1137269,0.30324074625968933,0.13034826517105103,0.03011505678296089
YDL138W,YBR267W,0,3.112338,0.3025404214859009,0.13034826517105103,0.030215106904506683
YLR423C,YML113W,0,3.1080954,0.3018433153629303,0.13034826517105103,0.030315157026052475
YHR169W,YLR383W,0,3.1038477,0.3011494278907776,0.13034826517105103,0.030415207147598267
YDR489W,YML038C,0,3.1014206,0.30045872926712036,0.13034826517105103,0.030515257269144058
YMR080C,YER068W,1,3.101384,0.30205950140953064,0.1313432902097702,0.030515257269144058
YJL033W,YOL095C,0,3.1007159,0.30136987566947937,0.1313432902097702,0.03061530739068985
YMR211W,YDL043C,0,3.0918958,0.3006833791732788,0.1313432902097702,0.03071535751223564
YJL208C,YKL011C,0,3.0897603,0.30000001192092896,0.1313432902097702,0.030815407633781433
YML099C,YHR089C,0,3.0860915,0.29931971430778503,0.1313432902097702,0.030915457755327225
YLR150W,YMR171C,0,3.0855968,0.2986425459384918,0.1313432902097702,0.031015507876873016
YKR038C,YDR432W,0,3.0840566,0.29796838760375977,0.1313432902097702,0.031115557998418808
YKR038C,YNL038W,0,3.081545,0.29729729890823364,0.1313432902097702,0.0312156081199646
YHL021C,YFL001W,0,3.081185,0.2966292202472687,0.1313432902097702,0.03131565824151039
YJL208C,YJL047C,1,3.0800726,0.29820626974105835,0.13233831524848938,0.03131565824151039
YKL032C,YDL159W,0,3.0761929,0.2975391447544098,0.13233831524848938,0.03141570836305618
YJL133W,YLR073C,0,3.0761292,0.296875,0.13233831524848938,0.031515758484601974
YML113W,YGR092W,0,3.0733168,0.2962138056755066,0.13233831524848938,0.031615808606147766
YPR112C,YOL142W,1,3.0688765,0.29777777194976807,0.13333334028720856,0.031615808606147766
YPL252C,YMR001C,0,3.0636156,0.29711753129959106,0.13333334028720856,0.03171585872769356
YDR179C,YBL023C,0,3.0614684,0.29646018147468567,0.13333334028720856,0.03181590884923935
YNL084C,YBL035C,0,3.0610154,0.29580575227737427,0.13333334028720856,0.03191595897078514
YPR186C,YLR404W,0,3.059756,0.2951541841030121,0.13333334028720856,0.03201600909233093
YNL288W,YGR030C,1,3.058728,0.2967033088207245,0.13432836532592773,0.03201600909233093
YDL201W,YOL089C,0,3.0584073,0.29605263471603394,0.13432836532592773,0.032116059213876724
YOL019W,YBR267W,0,3.0579386,0.2954048216342926,0.13432836532592773,0.032216109335422516
YKR081C,YBR282W,0,3.0566597,0.2947598397731781,0.13432836532592773,0.03231615945696831
YDL165W,YIL038C,1,3.0565505,0.29629629850387573,0.1353233903646469,0.03231615945696831
YDR101C,YBR014C,0,3.0558836,0.2956521809101105,0.1353233903646469,0.0324162095785141
YNL256W,YBR188C,0,3.0552695,0.29501083493232727,0.1353233903646469,0.03251625970005989
YOL155C,YLR183C,0,3.051451,0.2943722903728485,0.1353233903646469,0.03261630982160568
YBR261C,YLR276C,0,3.0507114,0.2937364876270294,0.1353233903646469,0.032716359943151474
YFL014W,YHR089C,0,3.049549,0.2931034564971924,0.1353233903646469,0.032816410064697266
YBR142W,YIL009C-A,0,3.0481145,0.29247310757637024,0.1353233903646469,0.03291645646095276
YER169W,YJL208C,0,3.0469859,0.29184550046920776,0.1353233903646469,0.03301650658249855
YOR173W,YAL033W,1,3.0419486,0.2933618724346161,0.1363184154033661,0.03301650658249855
YPR120C,YGL139W,0,3.0415504,0.2927350401878357,0.1363184154033661,0.03311655670404434
YMR239C,YPL178W,1,3.0382402,0.29424306750297546,0.13731342554092407,0.03311655670404434
YPL011C,YDR346C,0,3.0377,0.29361701011657715,0.13731342554092407,0.033216606825590134
YIL021W,YJL208C,0,3.0348647,0.2929936349391937,0.13731342554092407,0.033316656947135925
YPR009W,YIL126W,0,3.0330658,0.2923728823661804,0.13731342554092407,0.03341670706868172
YNL244C,YEL029C,0,3.0319538,0.29175475239753723,0.13731342554092407,0.03351675719022751
YKL149C,YMR177W,0,3.0310895,0.29113924503326416,0.13731342554092407,0.0336168073117733
YNL282W,YNL197C,1,3.0301268,0.2926315665245056,0.13830845057964325,0.0336168073117733
YER146W,YBR257W,1,3.0300624,0.29411765933036804,0.13930347561836243,0.0336168073117733
YLR372W,YDR463W,0,3.0293067,0.2935010492801666,0.13930347561836243,0.03371685743331909
YER068W,YNR024W,1,3.0264857,0.294979065656662,0.1402985006570816,0.03371685743331909
YOR269W,YKL012W,0,3.0181136,0.29436326026916504,0.1402985006570816,0.03381690755486488
YMR146C,YMR036C,0,3.0162275,0.29374998807907104,0.1402985006570816,0.033916957676410675
YMR014W,YBR173C,0,3.012159,0.2931392788887024,0.1402985006570816,0.03401700779795647
YOL139C,YHR052W,0,3.0115106,0.2925311326980591,0.1402985006570816,0.03411705791950226
YDR179C,YDR389W,0,3.010007,0.29192546010017395,0.1402985006570816,0.03421710804104805
YJL090C,YLL034C,0,3.0069287,0.2913223206996918,0.1402985006570816,0.03431715816259384
YKL186C,YBL035C,0,3.0058043,0.2907216548919678,0.1402985006570816,0.03441720828413963
YJL140W,YMR239C,1,3.0054214,0.2921810746192932,0.14129352569580078,0.03441720828413963
YMR211W,YOL139C,0,3.0045717,0.29158109426498413,0.14129352569580078,0.034517258405685425
YPR009W,YKL216W,0,3.0012286,0.2909836173057556,0.14129352569580078,0.034617308527231216
YNL221C,YPL123C,1,2.9988825,0.2924335300922394,0.14228855073451996,0.034617308527231216
YDR188W,YNL112W,0,2.9979522,0.2918367385864258,0.14228855073451996,0.03471735864877701
YOL041C,YIL115C,0,2.9968245,0.2912423610687256,0.14228855073451996,0.0348174087703228
YPL123C,YLR183C,0,2.9898565,0.2906503975391388,0.14228855073451996,0.03491745889186859
YOL139C,YGL122C,1,2.9886847,0.2920892536640167,0.14328357577323914,0.03491745889186859
YER006W,YDR390C,0,2.9884365,0.29149797558784485,0.14328357577323914,0.03501750901341438
YGL246C,YGR083C,0,2.9864733,0.290909081697464,0.14328357577323914,0.035117559134960175
YOR359W,YOR213C,0,2.9861343,0.29032257199287415,0.14328357577323914,0.035217609256505966
YOR038C,YGL043W,0,2.9855154,0.28973841667175293,0.14328357577323914,0.03531765937805176
YER176W,YNR024W,1,2.9844067,0.29116466641426086,0.1442786008119583,0.03531765937805176
YGL246C,YDL224C,1,2.981991,0.292585164308548,0.1452736258506775,0.03531765937805176
YGR095C,YNL197C,1,2.9816506,0.2939999997615814,0.14626865088939667,0.03531765937805176
YAR015W,YIR021W,0,2.9798934,0.2934131622314453,0.14626865088939667,0.03541770949959755
YGL014W,YLR154C,1,2.9786465,0.29482072591781616,0.14726367592811584,0.03541770949959755
YPR048W,YHL020C,0,2.978315,0.29423460364341736,0.14726367592811584,0.03551775962114334
YOR175C,YPR201W,0,2.9756444,0.2936508059501648,0.14726367592811584,0.03561780974268913
YCR057C,YDL230W,0,2.973168,0.2930693030357361,0.14726367592811584,0.035717859864234924
YOL041C,YPL195W,0,2.972801,0.2924901247024536,0.14726367592811584,0.035817909985780716
YMR234W,YGR072W,1,2.9700718,0.29388558864593506,0.14825870096683502,0.035817909985780716
YML046W,YGR047C,0,2.967119,0.2933070957660675,0.14825870096683502,0.03591796010732651
YKL126W,YJR063W,0,2.9670308,0.29273083806037903,0.14825870096683502,0.0360180102288723
YNL001W,YOL115W,1,2.9669244,0.29411765933036804,0.1492537260055542,0.0360180102288723
YMR014W,YOR155C,0,2.9645822,0.2935420870780945,0.1492537260055542,0.03611806035041809
YIL075C,YER006W,0,2.9629643,0.29296875,0.1492537260055542,0.03621811047196388
YJR082C,YOR145C,0,2.9623058,0.2923976480960846,0.1492537260055542,0.036318160593509674
YPL055C,YKR036C,0,2.9596722,0.29182878136634827,0.1492537260055542,0.036418210715055466
YGR148C,YOR141C,0,2.9595754,0.291262149810791,0.1492537260055542,0.03651826083660126
YIL021W,YLR264W,0,2.9581506,0.2906976640224457,0.1492537260055542,0.03661831095814705
YMR239C,YLL013C,1,2.95749,0.2920696437358856,0.15024875104427338,0.03661831095814705
YNL216W,YLR277C,0,2.955178,0.2915057837963104,0.15024875104427338,0.03671835735440254
YNL147W,YDL102W,1,2.955156,0.2928709089756012,0.15124377608299255,0.03671835735440254
YER176W,YDR279W,1,2.9491532,0.29423075914382935,0.15223880112171173,0.03671835735440254
YGR264C,YGR005C,0,2.9466114,0.2936660349369049,0.15223880112171173,0.036818407475948334
YML014W,YJL024C,0,2.9446552,0.2931034564971924,0.15223880112171173,0.036918457597494125
YLR441C,YKL156W,0,2.9442446,0.2925430238246918,0.15223880112171173,0.03701850771903992
YDR159W,YHR069C,1,2.940879,0.29389312863349915,0.1532338261604309,0.03701850771903992
YJR014W,YOL155C,0,2.939725,0.2933333218097687,0.1532338261604309,0.03711855784058571
YGR215W,YGR264C,0,2.9395287,0.2927756607532501,0.1532338261604309,0.0372186079621315
YPL157W,YHR038W,0,2.9392214,0.2922201156616211,0.1532338261604309,0.03731865808367729
YOR001W,YNL147W,1,2.9383967,0.29356059432029724,0.15422885119915009,0.03731865808367729
YOL142W,YDL224C,1,2.9380546,0.29489603638648987,0.15522387623786926,0.03731865808367729
YPR190C,YGL091C,0,2.9364583,0.2943396270275116,0.15522387623786926,0.037418708205223083
YFR043C,YNR023W,0,2.9362519,0.29378530383110046,0.15522387623786926,0.037518758326768875
YGR006W,YNL072W,1,2.9357364,0.2951127886772156,0.15621890127658844,0.037518758326768875
YFL018C,YML024W,0,2.9347537,0.2945590913295746,0.15621890127658844,0.03761880844831467
YCR057C,YFL014W,0,2.9319887,0.29400748014450073,0.15621890127658844,0.03771885856986046
YLR264W,YNL314W,0,2.9291813,0.293457955121994,0.15621890127658844,0.03781890869140625
YGL130W,YLR276C,0,2.9269454,0.29291045665740967,0.15621890127658844,0.03791895881295204
YIL079C,YLR136C,1,2.9258604,0.2942271828651428,0.15721392631530762,0.03791895881295204
YJL033W,YNL264C,0,2.9247506,0.2936803102493286,0.15721392631530762,0.03801900893449783
YKL209C,YLL061W,0,2.9233031,0.2931354343891144,0.15721392631530762,0.038119059056043625
YDR465C,YOR090C,0,2.9192169,0.2925925850868225,0.15721392631530762,0.038219109177589417
YKR081C,YKR027W,0,2.9161196,0.292051762342453,0.15721392631530762,0.03831915929913521
YAL019W,YPL123C,0,2.9150798,0.2915129065513611,0.15721392631530762,0.038419209420681
YKL012W,YDL043C,0,2.911061,0.29097604751586914,0.15721392631530762,0.03851925954222679
YNR027W,YGR183C,0,2.9102566,0.2904411852359772,0.15721392631530762,0.03861930966377258
YDL150W,YGL139W,0,2.9092276,0.2899082601070404,0.15721392631530762,0.038719359785318375
YNL153C,YDL047W,0,2.9071734,0.2893773019313812,0.15721392631530762,0.038819409906864166
YJL190C,YIR024C,0,2.906534,0.28884825110435486,0.15721392631530762,0.03891946002840996
YNR003C,YJL191W,0,2.9046805,0.2883211672306061,0.15721392631530762,0.03901951014995575
YGR095C,YPR164W,1,2.9040537,0.28961747884750366,0.1582089513540268,0.03901951014995575
YDR206W,YOR359W,1,2.8981955,0.290909081697464,0.15920397639274597,0.03901951014995575
YGR215W,YNL124W,0,2.8981586,0.29038113355636597,0.15920397639274597,0.03911956027150154
YOL072W,YPL029W,1,2.895722,0.2916666567325592,0.16019900143146515,0.03911956027150154
YDL170W,YBL023C,0,2.8943956,0.29113924503326416,0.16019900143146515,0.03921961039304733
YJL155C,YOR144C,0,2.8933072,0.29061371088027954,0.16019900143146515,0.039319660514593124
YKR029C,YHR089C,0,2.893262,0.29009008407592773,0.16019900143146515,0.039419710636138916
YOL022C,YKR092C,0,2.8925943,0.28956833481788635,0.16019900143146515,0.03951976075768471
YMR313C,YPL157W,0,2.889744,0.2890484631061554,0.16019900143146515,0.0396198108792305
YOL137W,YPL173W,0,2.886134,0.28853046894073486,0.16019900143146515,0.03971986100077629
YNL016W,YDR159W,1,2.8860202,0.2898032069206238,0.16119402647018433,0.03971986100077629
YMR142C,YOR287C,0,2.8815596,0.28928571939468384,0.16119402647018433,0.03981991112232208
YDR147W,YNL075W,0,2.8804379,0.28877004981040955,0.16119402647018433,0.039919961243867874
YNL097C,YMR177W,0,2.8763652,0.2882562279701233,0.16119402647018433,0.040020011365413666
YHR168W,YJR063W,0,2.8727567,0.2877442240715027,0.16119402647018433,0.04012006148695946
YJR119C,YDR279W,1,2.872389,0.2890070974826813,0.1621890515089035,0.04012006148695946
YDR123C,YOR241W,0,2.8710175,0.28849557042121887,0.1621890515089035,0.04022011160850525
YPR120C,YOL041C,0,2.8691144,0.2879858613014221,0.1621890515089035,0.04032016173005104
YNL016W,YER049W,1,2.8686259,0.28924161195755005,0.16318407654762268,0.04032016173005104
YKR092C,YER030W,0,2.8653176,0.2887323796749115,0.16318407654762268,0.04042021185159683
YDR101C,YDR389W,0,2.862675,0.2882249653339386,0.16318407654762268,0.040520261973142624
YLR080W,YMR049C,0,2.862211,0.2877193093299866,0.16318407654762268,0.04062030836939812
YHR025W,YDL233W,0,2.8588364,0.2872154116630554,0.16318407654762268,0.04072035849094391
YOR145C,YML031W,0,2.8568466,0.28671327233314514,0.16318407654762268,0.0408204086124897
YMR234W,YNR024W,1,2.856664,0.2879581153392792,0.16417910158634186,0.0408204086124897
YMR177W,YLR080W,0,2.8561122,0.2874564528465271,0.16417910158634186,0.04092045873403549
YJL033W,YBR072W,0,2.8553455,0.2869565188884735,0.16417910158634186,0.041020508855581284
YJR006W,YIL038C,1,2.8512945,0.2881944477558136,0.16517412662506104,0.041020508855581284
YNR052C,YGR158C,1,2.8482106,0.28942808508872986,0.1661691516637802,0.041020508855581284
YJR082C,YLR422W,0,2.8448412,0.2889273464679718,0.1661691516637802,0.041120558977127075
YGL058W,YPL157W,0,2.8433764,0.28842833638191223,0.1661691516637802,0.04122060909867287
YNL097C,YLL008W,0,2.8400738,0.28793102502822876,0.1661691516637802,0.04132065922021866
YHR097C,YNL002C,0,2.8390527,0.2874354422092438,0.1661691516637802,0.04142070934176445
YML010W,YDR064W,0,2.8359907,0.2869415879249573,0.1661691516637802,0.04152075946331024
YKR101W,YJR032W,0,2.8355958,0.2864494025707245,0.1661691516637802,0.04162080958485603
YKR081C,YKL025C,0,2.835029,0.2859589159488678,0.1661691516637802,0.041720859706401825
YNL001W,YNR024W,1,2.8337095,0.28717949986457825,0.1671641767024994,0.041720859706401825
YDR465C,YFL017W-A,0,2.832725,0.286689430475235,0.1671641767024994,0.04182090982794762
YCR106W,YOL123W,0,2.8302796,0.28620103001594543,0.1671641767024994,0.04192095994949341
YGR148C,YOL054W,0,2.8276026,0.2857142984867096,0.1671641767024994,0.0420210100710392
YLR021W,YOL142W,1,2.8269372,0.2869269847869873,0.16815920174121857,0.0420210100710392
YOL123W,YPL190C,1,2.8264863,0.2881355881690979,0.16915422677993774,0.0420210100710392
YHR160C,YMR246W,0,2.8248649,0.2876480519771576,0.16915422677993774,0.04212106019258499
YLR319C,YGR276C,0,2.8221033,0.2871621549129486,0.16915422677993774,0.04222111031413078
YOR319W,YHL013C,0,2.821132,0.28667789697647095,0.16915422677993774,0.042321160435676575
YNL178W,YDL007W,1,2.8206573,0.28787878155708313,0.17014925181865692,0.042321160435676575
YLR014C,YLR335W,0,2.8146584,0.2873949706554413,0.17014925181865692,0.042421210557222366
YDL235C,YJL033W,0,2.813226,0.286912739276886,0.17014925181865692,0.04252126067876816
YJL033W,YLR039C,0,2.8117795,0.286432147026062,0.17014925181865692,0.04262131080031395
YPR112C,YPR072W,1,2.8085928,0.28762543201446533,0.1711442768573761,0.04262131080031395
YCR093W,YJL087C,1,2.80824,0.2888146936893463,0.17213930189609528,0.04262131080031395
YLR086W,YDR123C,0,2.8080266,0.28833332657814026,0.17213930189609528,0.04272136092185974
YLL008W,YMR287C,0,2.8055885,0.28785356879234314,0.17213930189609528,0.04282141104340553
YGR048W,YER165W,1,2.8054135,0.2890365421772003,0.17313432693481445,0.04282141104340553
YDR110W,YMR004W,0,2.8027582,0.2885572016239166,0.17313432693481445,0.042921461164951324
YJL047C,YOR167C,1,2.802338,0.2897351086139679,0.17412935197353363,0.042921461164951324
YNL256W,YNL002C,0,2.8021057,0.28925618529319763,0.17412935197353363,0.043021511286497116
YGL131C,YDR101C,0,2.8017194,0.2887788712978363,0.17412935197353363,0.04312156140804291
YJR006W,YHR081W,1,2.8014867,0.28995057940483093,0.1751243770122528,0.04312156140804291
YJR119C,YDL165W,1,2.7919552,0.29111841320991516,0.17611940205097198,0.04312156140804291
YOL124C,YEL061C,0,2.7902849,0.29064038395881653,0.17611940205097198,0.0432216115295887
YAL035W,YIR024C,0,2.789839,0.29016393423080444,0.17611940205097198,0.04332166165113449
YML078W,YOR182C,0,2.7886693,0.2896890342235565,0.17611940205097198,0.04342171177268028
YKL129C,YMR318C,0,2.7883348,0.28921568393707275,0.17611940205097198,0.043521761894226074
YPL002C,YLR074C,0,2.7881951,0.28874388337135315,0.17611940205097198,0.043621812015771866
YMR313C,YGL064C,0,2.784283,0.2882736027240753,0.17611940205097198,0.04372186213731766
YJL104W,YLR430W,0,2.7835054,0.28780487179756165,0.17611940205097198,0.04382191225886345
YIL142W,YOR144C,0,2.7821088,0.28733766078948975,0.17611940205097198,0.04392196238040924
YGL148W,YPL084W,0,2.7810307,0.2868719696998596,0.17611940205097198,0.04402201250195503
YNL004W,YNR024W,1,2.778956,0.2880258858203888,0.17711442708969116,0.04402201250195503
YOL123W,YDR245W,0,2.7769225,0.2875605821609497,0.17711442708969116,0.044122062623500824
YJL030W,YOR315W,0,2.7765596,0.28709676861763,0.17711442708969116,0.044222112745046616
YNL240C,YBR202W,0,2.774977,0.2866344749927521,0.17711442708969116,0.04432216286659241
YOR167C,YOR094W,0,2.7730882,0.28617364168167114,0.17711442708969116,0.0444222092628479
YGR179C,YDL044C,0,2.772795,0.2857142984867096,0.17711442708969116,0.04452225938439369
YPR189W,YNL072W,1,2.771928,0.2868589758872986,0.17810945212841034,0.04452225938439369
YMR044W,YNL175C,0,2.7660387,0.2863999903202057,0.17810945212841034,0.044622309505939484
YER176W,YGL246C,1,2.763545,0.28753992915153503,0.17910447716712952,0.044622309505939484
YER006W,YJL030W,0,2.7626736,0.2870813310146332,0.17910447716712952,0.044722359627485275
YGR104C,YOL008W,0,2.7620237,0.2866241931915283,0.17910447716712952,0.04482240974903107
YAL048C,YLR276C,0,2.7611153,0.28616851568222046,0.17910447716712952,0.04492245987057686
YPR112C,YDR293C,1,2.7609599,0.28730159997940063,0.1800995022058487,0.04492245987057686
YMR136W,YBR030W,0,2.7529614,0.2868462800979614,0.1800995022058487,0.04502250999212265
YNR003C,YLR080W,0,2.750284,0.2863923907279968,0.1800995022058487,0.04512256011366844
YCR097W,YBR267W,0,2.748737,0.2859399616718292,0.1800995022058487,0.04522261023521423
YDL046W,YBL039C,0,2.7478826,0.28548896312713623,0.1800995022058487,0.045322660356760025
YDR279W,YGL094C,1,2.747485,0.28661417961120605,0.18109452724456787,0.045322660356760025
YPL203W,YLR221C,0,2.7470047,0.2861635088920593,0.18109452724456787,0.04542271047830582
YOL139C,YNR052C,1,2.7459967,0.28728413581848145,0.18208955228328705,0.04542271047830582
YDR314C,YCL059C,0,2.7432263,0.28683385252952576,0.18208955228328705,0.04552276059985161
YNL002C,YML001W,0,2.741567,0.2863849699497223,0.18208955228328705,0.0456228107213974
YGL246C,YMR125W,1,2.741287,0.2874999940395355,0.18308457732200623,0.0456228107213974
YDR151C,YGL107C,1,2.735226,0.2886115312576294,0.1840796023607254,0.0456228107213974
YKR029C,YJL191W,0,2.7329783,0.2881619930267334,0.1840796023607254,0.04572286084294319
YOR359W,YDR245W,0,2.732351,0.2877138555049896,0.1840796023607254,0.04582291096448898
YPL178W,YKL220C,1,2.7300155,0.2888198792934418,0.18507462739944458,0.04582291096448898
YIL021W,YKL043W,0,2.7268856,0.28837209939956665,0.18507462739944458,0.045922961086034775
YER050C,YBR115C,0,2.724814,0.28792569041252136,0.18507462739944458,0.046023011207580566
YDR096W,YML024W,0,2.7241704,0.2874806821346283,0.18507462739944458,0.04612306132912636
YOR294W,YBL023C,0,2.723303,0.28703704476356506,0.18507462739944458,0.04622311145067215
YDR389W,YEL018W,0,2.723214,0.2865947484970093,0.18507462739944458,0.04632316157221794
YML097C,YOR110W,0,2.7210045,0.2861538529396057,0.18507462739944458,0.04642321169376373
YGR129W,YJR063W,0,2.7208772,0.2857142984867096,0.18507462739944458,0.046523261815309525
YDR074W,YER168C,0,2.7170117,0.2852760851383209,0.18507462739944458,0.046623311936855316
YNL238W,YIL133C,0,2.716057,0.2848392128944397,0.18507462739944458,0.04672336205840111
YPL090C,YGR081C,0,2.7148294,0.2844036817550659,0.18507462739944458,0.0468234121799469
YAL054C,YDR261C,0,2.712445,0.2839694619178772,0.18507462739944458,0.04692346230149269
YHR081W,YOL021C,1,2.7099955,0.28506097197532654,0.18606965243816376,0.04692346230149269
YGL233W,YHR070W,0,2.7088435,0.2846270799636841,0.18606965243816376,0.04702351242303848
YHR168W,YDR346C,0,2.7060192,0.2841945290565491,0.18606965243816376,0.047123562544584274
YBR173C,YOL125W,0,2.704855,0.2837632894515991,0.18606965243816376,0.047223612666130066
YJL178C,YEL061C,0,2.7036748,0.28333333134651184,0.18606965243816376,0.04732366278767586
YKL062W,YMR290C,0,2.7031643,0.2829046845436096,0.18606965243816376,0.04742371290922165
YOL149W,YDR315C,1,2.7016711,0.2839879095554352,0.18706467747688293,0.04742371290922165
YPR002W,YER006W,0,2.699747,0.2835595905780792,0.18706467747688293,0.04752376303076744
YLR277C,YAL035W,0,2.697522,0.28313252329826355,0.18706467747688293,0.04762381315231323
YMR098C,YHR062C,1,2.6973884,0.28421053290367126,0.1880597025156021,0.04762381315231323
YOL094C,YBR228W,0,2.6929872,0.28378379344940186,0.1880597025156021,0.047723863273859024
YOL060C,YNR053C,0,2.6894054,0.2833583354949951,0.1880597025156021,0.047823913395404816
YOL078W,YIL009C-A,0,2.6890647,0.28293412923812866,0.1880597025156021,0.04792396351695061
YMR234W,YER146W,1,2.688603,0.2840059697628021,0.1890547275543213,0.04792396351695061
YNL064C,YML076C,0,2.6871932,0.28358209133148193,0.1890547275543213,0.0480240136384964
YER115C,YHR070W,0,2.6866937,0.283159464597702,0.1890547275543213,0.04812406376004219
YOL139C,YDL160C,1,2.686425,0.2842261791229248,0.19004975259304047,0.04812406376004219
YPR190C,YOR167C,0,2.68351,0.2838038504123688,0.19004975259304047,0.04822411388158798
YBR275C,YLR186W,0,2.6801202,0.2833828032016754,0.19004975259304047,0.048324160277843475
YGL173C,YKR095W,1,2.6754324,0.2844444513320923,0.19104477763175964,0.048324160277843475
YOR136W,YNL112W,0,2.6749709,0.2840236723423004,0.19104477763175964,0.04842421039938927
YHR070W,YHR171W,0,2.6745944,0.28360414505004883,0.19104477763175964,0.04852426052093506
YNL305C,YLR276C,0,2.674168,0.28318583965301514,0.19104477763175964,0.04862431064248085
YMR287C,YDR280W,1,2.6741045,0.28424152731895447,0.19203980267047882,0.04862431064248085
YNL075W,YDL051W,0,2.6715314,0.28382351994514465,0.19203980267047882,0.04872436076402664
YDR281C,YDL137W,0,2.671068,0.2834067642688751,0.19203980267047882,0.048824410885572433
YML113W,YEL029C,0,2.6695404,0.2829912006855011,0.19203980267047882,0.048924461007118225
YAR009C,YGR081C,0,2.6672187,0.28257685899734497,0.19203980267047882,0.04902451112866402
YFR038W,YPL123C,0,2.6671164,0.28216373920440674,0.19203980267047882,0.04912456125020981
YMR263W,YGL243W,0,2.6669896,0.281751811504364,0.19203980267047882,0.0492246113717556
YCR014C,YJL033W,0,2.6658285,0.2813411056995392,0.19203980267047882,0.04932466149330139
YNL288W,YOR048C,1,2.6657875,0.2823871970176697,0.193034827709198,0.04932466149330139
YKL181W,YLL006W,0,2.6653626,0.28197672963142395,0.193034827709198,0.04942471161484718
YDR409W,YDR067C,0,2.6648455,0.2815674841403961,0.193034827709198,0.049524761736392975
YLR005W,YER036C,0,2.664654,0.2811594307422638,0.193034827709198,0.049624811857938766
YLR270W,YMR116C,1,2.664221,0.2821997106075287,0.19402985274791718,0.049624811857938766
YJL189W,YMR115W,0,2.6628215,0.28179189562797546,0.19402985274791718,0.04972486197948456
YOL097C,YJR161C,0,2.6620185,0.28138527274131775,0.19402985274791718,0.04982491210103035
YOR025W,YDR478W,0,2.661979,0.28097984194755554,0.19402985274791718,0.04992496222257614
YJL030W,YLR335W,0,2.6616864,0.28057554364204407,0.19402985274791718,0.05002501234412193
YLR135W,YOL125W,0,2.660006,0.2801724076271057,0.19402985274791718,0.050125062465667725
YCR092C,YPR055W,0,2.65806,0.2797704339027405,0.19402985274791718,0.050225112587213516
YOL054W,YLR135W,0,2.6577513,0.27936962246894836,0.19402985274791718,0.05032516270875931
YOL054W,YNL103W,0,2.6544394,0.278969943523407,0.19402985274791718,0.0504252128303051
YNR027W,YER036C,0,2.654158,0.2785714268684387,0.19402985274791718,0.05052526295185089
YGR081C,YHR171W,0,2.6517813,0.2781740427017212,0.19402985274791718,0.05062531307339668
YEL051W,YMR040W,0,2.650788,0.2777777910232544,0.19402985274791718,0.050725363194942474
YGR195W,YGL107C,1,2.6467462,0.27880510687828064,0.19502487778663635,0.050725363194942474
YJL173C,YDL087C,0,2.6451628,0.27840909361839294,0.19502487778663635,0.050825413316488266
YGL009C,YIL062C,0,2.6441007,0.2780141830444336,0.19502487778663635,0.05092546343803406
YOR346W,YER089C,0,2.643176,0.277620404958725,0.19502487778663635,0.05102551355957985
YLR051C,YOL095C,0,2.642247,0.2772277295589447,0.19502487778663635,0.05112556368112564
YDL212W,YHR077C,0,2.6396987,0.2768361568450928,0.19502487778663635,0.05122561380267143
YJL155C,YLR074C,0,2.6386347,0.2764456868171692,0.19502487778663635,0.051325663924217224
YGL187C,YML125C,0,2.6381254,0.27605634927749634,0.19502487778663635,0.051425714045763016
YLR264W,YMR024W,0,2.6378014,0.27566808462142944,0.19502487778663635,0.05152576416730881
YKL209C,YKL032C,0,2.6368916,0.2752808928489685,0.19502487778663635,0.0516258142888546
YJL162C,YPL137C,0,2.6363008,0.2748948037624359,0.19502487778663635,0.05172586441040039
YBR160W,YHR089C,0,2.6358554,0.27450981736183167,0.19502487778663635,0.05182591453194618
YGL189C,YML113W,0,2.6286201,0.274125874042511,0.19502487778663635,0.051925964653491974
YLR277C,YIR024C,0,2.6243427,0.27374300360679626,0.19502487778663635,0.052026014775037766
YNL158W,YOR241W,0,2.6237285,0.2733612358570099,0.19502487778663635,0.05212606117129326
YOR060C,YPR190C,0,2.6229696,0.2729805111885071,0.19502487778663635,0.05222611129283905
YNL244C,YDR116C,0,2.6204932,0.27260082960128784,0.19502487778663635,0.05232616141438484
YDL089W,YLR106C,0,2.6199806,0.27222222089767456,0.19502487778663635,0.052426211535930634
YJL072C,YNL218W,0,2.6190145,0.27184465527534485,0.19502487778663635,0.052526261657476425
YLR277C,YOR089C,0,2.6154153,0.2714681327342987,0.19502487778663635,0.05262631177902222
YML024W,YBR172C,0,2.6149514,0.2710926830768585,0.19502487778663635,0.05272636190056801
YPL011C,YNL175C,0,2.6144605,0.2707182466983795,0.19502487778663635,0.0528264120221138
YLL008W,YJR051W,0,2.6140592,0.2703448235988617,0.19502487778663635,0.05292646214365959
YCR097W,YOL144W,0,2.6123273,0.26997244358062744,0.19502487778663635,0.05302651226520538
YDR188W,YOR346W,0,2.6106646,0.26960110664367676,0.19502487778663635,0.053126562386751175
YBR146W,YDR110W,0,2.6104066,0.26923078298568726,0.19502487778663635,0.05322661250829697
YNL178W,YDR206W,1,2.6093976,0.2702331840991974,0.19601990282535553,0.05322661250829697
YMR077C,YPR057W,0,2.6075604,0.2698630094528198,0.19601990282535553,0.05332666262984276
YNR067C,YKL140W,0,2.6074,0.26949384808540344,0.19601990282535553,0.05342671275138855
YOR294W,YHR177W,0,2.6064782,0.26912567019462585,0.19601990282535553,0.05352676287293434
YPR048W,YJR032W,0,2.6032627,0.26875853538513184,0.19601990282535553,0.05362681299448013
YNL164C,YOL105C,0,2.6030498,0.2683923840522766,0.19601990282535553,0.053726863116025925
YOR358W,YBR188C,0,2.6009283,0.2680272161960602,0.19601990282535553,0.053826913237571716
YCR077C,YHR069C,1,2.5993264,0.26902174949645996,0.1970149278640747,0.053826913237571716
YDR280W,YDR293C,1,2.5988114,0.27001357078552246,0.19800995290279388,0.053826913237571716
YJL030W,YEL051W,0,2.5973833,0.2696476876735687,0.19800995290279388,0.05392696335911751
YLR375W,YGR103W,0,2.5917876,0.26928281784057617,0.19800995290279388,0.0540270134806633
YNL273W,YJL090C,0,2.5904243,0.2689189314842224,0.19800995290279388,0.05412706360220909
YOL009C,YLR074C,0,2.5885653,0.26855599880218506,0.19800995290279388,0.05422711372375488
YHR046C,YDR390C,0,2.5863912,0.2681940793991089,0.19800995290279388,0.054327163845300674
YNR003C,YDL088C,0,2.584798,0.2678331136703491,0.19800995290279388,0.054427213966846466
YGR275W,YHL007C,0,2.5845187,0.26747313141822815,0.19800995290279388,0.05452726408839226
YOR173W,YCR035C,1,2.5838344,0.268456369638443,0.19900497794151306,0.05452726408839226
YGR195W,YMR098C,1,2.5833943,0.2694369852542877,0.20000000298023224,0.05452726408839226
YDR324C,YMR156C,0,2.5827262,0.26907631754875183,0.20000000298023224,0.05462731420993805
YOR025W,YGR094W,0,2.5824516,0.26871657371520996,0.20000000298023224,0.05472736433148384
YER167W,YKR036C,0,2.5812354,0.2683578133583069,0.20000000298023224,0.05482741445302963
YBR212W,YOR166C,1,2.5752218,0.2693333327770233,0.20099502801895142,0.05482741445302963
YMR224C,YCR016W,0,2.5722227,0.2689746916294098,0.20099502801895142,0.054927464574575424
YGR003W,YHR115C,0,2.571167,0.26861703395843506,0.20099502801895142,0.055027514696121216
YML097C,YNL062C,0,2.5706365,0.26826030015945435,0.20099502801895142,0.05512756481766701
YGL243W,YLR314C,0,2.5653603,0.26790452003479004,0.20099502801895142,0.0552276149392128
YLR005W,YER118C,0,2.565182,0.26754966378211975,0.20099502801895142,0.05532766506075859
YNL256W,YKR003W,0,2.5651512,0.26719576120376587,0.20099502801895142,0.05542771518230438
YDR478W,YBR072W,0,2.5639908,0.2668428122997284,0.20099502801895142,0.055527765303850174
YLR277C,YMR115W,0,2.560467,0.26649075746536255,0.20099502801895142,0.055627815425395966
YAL035W,YHR172W,0,2.5591376,0.2661396563053131,0.20099502801895142,0.05572786554694176
YOR269W,YBR173C,0,2.5575707,0.2657894790172577,0.20099502801895142,0.05582791566848755
YOL139C,YOL113W,0,2.5566008,0.2654401957988739,0.20099502801895142,0.05592796579003334
YJL140W,YJR119C,1,2.5554984,0.2664042115211487,0.2019900530576706,0.05592796579003334
YMR312W,YMR224C,0,2.5526865,0.26605504751205444,0.2019900530576706,0.056028012186288834
YLR150W,YGR179C,0,2.5515773,0.2657068073749542,0.2019900530576706,0.056128062307834625
YAL058W,YJL187C,0,2.551128,0.265359491109848,0.2019900530576706,0.05622811242938042
YER112W,YLR335W,0,2.5510185,0.26501306891441345,0.2019900530576706,0.05632816255092621
YMR236W,YMR198W,0,2.5506177,0.2646675407886505,0.2019900530576706,0.056428212672472
YGL135W,YNL218W,0,2.5504618,0.2643229067325592,0.2019900530576706,0.05652826279401779
YDR318W,YOR210W,0,2.550443,0.2639791965484619,0.2019900530576706,0.05662831291556358
YJL208C,YBR167C,1,2.5496461,0.26493507623672485,0.20298507809638977,0.05662831291556358
YDR283C,YDR432W,0,2.548802,0.26459142565727234,0.20298507809638977,0.056728363037109375
YJL072C,YKR038C,0,2.547825,0.26424869894981384,0.20298507809638977,0.05682841315865517
YPR112C,YJR006W,1,2.5457857,0.26520052552223206,0.20398010313510895,0.05682841315865517
YNL081C,YDL130W,0,2.5427594,0.2648578882217407,0.20398010313510895,0.05692846328020096
YOL146W,YPR025C,0,2.5375109,0.26451611518859863,0.20398010313510895,0.05702851340174675
YDR064W,YER089C,0,2.5364313,0.26417526602745056,0.20398010313510895,0.05712856352329254
YMR211W,YPL008W,0,2.5333252,0.26383525133132935,0.20398010313510895,0.05722861364483833
YNL112W,YDL007W,1,2.5323153,0.26478150486946106,0.20497512817382812,0.05722861364483833
YER073W,YML010W,0,2.531501,0.264441579580307,0.20497512817382812,0.057328663766384125
YJL140W,YGL014W,1,2.528155,0.26538461446762085,0.2059701532125473,0.057328663766384125
YPR067W,YNL149C,0,2.5268705,0.26504480838775635,0.2059701532125473,0.057428713887929916
YOR089C,YFR032C-A,0,2.5267105,0.2647058963775635,0.2059701532125473,0.05752876400947571
YER048W-A,YPL101W,0,2.5262883,0.26436781883239746,0.2059701532125473,0.0576288141310215
YDL007W,YOR359W,1,2.5252488,0.26530611515045166,0.20696517825126648,0.0576288141310215
YHR149C,YPL195W,0,2.5237725,0.2649681568145752,0.20696517825126648,0.05772886425256729
YDR168W,YJL072C,0,2.523092,0.2646310329437256,0.20696517825126648,0.05782891437411308
YPR175W,YMR251W-A,0,2.5215564,0.2642948031425476,0.20696517825126648,0.057928964495658875
YMR285C,YDR469W,0,2.521218,0.2639593780040741,0.20696517825126648,0.058029014617204666
YEL024W,YML024W,0,2.5204542,0.2636248469352722,0.20696517825126648,0.05812906473875046
YOR167C,YHR077C,1,2.5199144,0.26455697417259216,0.20796020328998566,0.05812906473875046
YGR264C,YJL024C,0,2.519165,0.26422250270843506,0.20796020328998566,0.05822911486029625
YPR025C,YDR437W,0,2.5170019,0.2638888955116272,0.20796020328998566,0.05832916498184204
YBR228W,YKR092C,0,2.516668,0.2635561227798462,0.20796020328998566,0.05842921510338783
YDR251W,YJL191W,0,2.5150423,0.26322418451309204,0.20796020328998566,0.058529265224933624
YDR478W,YMR040W,0,2.513049,0.26289308071136475,0.20796020328998566,0.058629315346479416
YPL075W,YMR264W,0,2.5106435,0.2625628113746643,0.20796020328998566,0.05872936546802521
YDR188W,YHL013C,0,2.5094721,0.2622333765029907,0.20796020328998566,0.058829415589571
YOL149W,YBL018C,1,2.5089025,0.2631579041481018,0.20895522832870483,0.058829415589571
YIL068C,YHR158C,0,2.5087729,0.262828528881073,0.20895522832870483,0.05892946571111679
YKR031C,YHR077C,0,2.5082867,0.26249998807907104,0.20895522832870483,0.05902951583266258
YLR119W,YOR048C,0,2.507665,0.26217228174209595,0.20895522832870483,0.059129565954208374
YDL030W,YPR120C,0,2.507101,0.2618453800678253,0.20895522832870483,0.059229616075754166
YDL208W,YER065C,0,2.5056808,0.26151931285858154,0.20895522832870483,0.05932966619729996
YDL171C,YEL018W,0,2.5056794,0.26119402050971985,0.20895522832870483,0.05942971631884575
YHR177W,YHR052W,0,2.5024793,0.260869562625885,0.20895522832870483,0.05952976644039154
YHR123W,YGL055W,0,2.500375,0.26054590940475464,0.20895522832870483,0.05962981656193733
YGR208W,YDR389W,0,2.4994426,0.26022306084632874,0.20895522832870483,0.059729866683483124
YMR177W,YKR024C,0,2.4993708,0.2599009871482849,0.20895522832870483,0.059829916805028915
YMR060C,YJR032W,0,2.4968119,0.25957971811294556,0.20895522832870483,0.05992996320128441
YMR060C,YDL043C,0,2.4964788,0.25925925374031067,0.20895522832870483,0.0600300133228302
YDR465C,YGL246C,0,2.4960744,0.25893959403038025,0.20895522832870483,0.06013006344437599
YCR084C,YFL023W,0,2.4960482,0.2586206793785095,0.20895522832870483,0.06023011356592178
YLL045C,YAL051W,0,2.495159,0.25830256938934326,0.20895522832870483,0.060330163687467575
YKL039W,YIL133C,0,2.4948063,0.25798526406288147,0.20895522832870483,0.06043021380901337
YJL069C,YCR079W,0,2.4894125,0.25766870379447937,0.20895522832870483,0.06053026393055916
YJL155C,YBR093C,0,2.4889314,0.25735294818878174,0.20895522832870483,0.06063031405210495
YMR014W,YDR088C,0,2.487857,0.2570379376411438,0.20895522832870483,0.06073036417365074
YMR112C,YHR077C,0,2.4876335,0.25672370195388794,0.20895522832870483,0.06083041429519653
YDR072C,YIL119C,0,2.4842393,0.25641027092933655,0.20895522832870483,0.060930464416742325
YNL147W,YJR043C,1,2.4838035,0.25731706619262695,0.209950253367424,0.060930464416742325
YOR359W,YDL047W,0,2.4821682,0.25700366497039795,0.209950253367424,0.061030514538288116
YOL042W,YNL221C,1,2.4816725,0.25790753960609436,0.2109452784061432,0.061030514538288116
YJL140W,YDR279W,1,2.4809408,0.25880923867225647,0.21194030344486237,0.061030514538288116
YGL095C,YLR186W,0,2.480901,0.25849515199661255,0.21194030344486237,0.06113056465983391
YPR189W,YBL018C,1,2.4801247,0.25939393043518066,0.21293532848358154,0.06113056465983391
YDL105W,YKL054C,0,2.479981,0.2590799033641815,0.21293532848358154,0.0612306147813797
YER088C,YNR003C,0,2.4783785,0.25876662135124207,0.21293532848358154,0.06133066490292549
YLR372W,YGR003W,0,2.4768512,0.2584541141986847,0.21293532848358154,0.06143071502447128
YJL004C,YFL023W,0,2.4759614,0.258142352104187,0.21293532848358154,0.061530765146017075
YMR172W,YKR001C,0,2.47559,0.257831335067749,0.21293532848358154,0.061630815267562866
YIL079C,YER146W,1,2.474202,0.2587244212627411,0.21393035352230072,0.061630815267562866
YLR264W,YBR092C,0,2.4710252,0.2584134638309479,0.21393035352230072,0.06173086538910866
YGR096W,YPL173W,0,2.4704664,0.25810325145721436,0.21393035352230072,0.06183091551065445
YDR432W,YIL064W,0,2.4694636,0.25779375433921814,0.21393035352230072,0.06193096563220024
YGR148C,YLR004C,0,2.4690616,0.257485032081604,0.21393035352230072,0.06203101575374603
YLR048W,YIL096C,0,2.4684267,0.2571770250797272,0.21393035352230072,0.062131065875291824
YMR029C,YNR053C,0,2.4669878,0.25686976313591003,0.21393035352230072,0.062231115996837616
YPL252C,YCL059C,0,2.466956,0.2565632462501526,0.21393035352230072,0.06233116611838341
YHR123W,YOR044W,0,2.4643004,0.25625744462013245,0.21393035352230072,0.0624312162399292
YPL179W,YGR078C,0,2.462816,0.255952388048172,0.21393035352230072,0.06253126263618469
YDR489W,YBR231C,0,2.4616382,0.25564804673194885,0.21393035352230072,0.06263131648302078
YML113W,YKL216W,0,2.4606748,0.255344420671463,0.21393035352230072,0.06273136287927628
YJR057W,YEL051W,0,2.4601095,0.2550415098667145,0.21393035352230072,0.06283141672611237
YJR082C,YNL038W,0,2.4598963,0.25473934412002563,0.21393035352230072,0.06293146312236786
YDL160C,YBR257W,1,2.4598684,0.2556213140487671,0.2149253785610199,0.06293146312236786
YER172C,YOR048C,0,2.4580286,0.25531914830207825,0.2149253785610199,0.06303151696920395
YDL102W,YBR257W,1,2.4579895,0.25619834661483765,0.21592040359973907,0.06303151696920395
YDL046W,YDR101C,0,2.4579363,0.2558962404727936,0.21592040359973907,0.06313156336545944
YGR005C,YDL159W,0,2.457272,0.25559481978416443,0.21592040359973907,0.06323161721229553
YLR249W,YBL035C,0,2.4567182,0.2552941143512726,0.21592040359973907,0.06333166360855103
YGL246C,YGR030C,1,2.4566314,0.2561691999435425,0.21691542863845825,0.06333166360855103
YML097C,YBR059C,0,2.4555066,0.2558685541152954,0.21691542863845825,0.06343171745538712
YNL299W,YDL111C,1,2.4540615,0.256740927696228,0.21791045367717743,0.06343171745538712
YDL243C,YGL135W,0,2.451323,0.25644028186798096,0.21791045367717743,0.06353176385164261
YHR069C,YAL021C,1,2.448876,0.2573099434375763,0.2189054787158966,0.06353176385164261
YGR195W,YKL057C,0,2.4473455,0.257009357213974,0.2189054787158966,0.0636318176984787
YGR095C,YOL123W,1,2.4472315,0.25787630677223206,0.21990050375461578,0.0636318176984787
YGL209W,YDR390C,0,2.4466422,0.25757575035095215,0.21990050375461578,0.06373186409473419
YGR264C,YNL240C,0,2.4444368,0.25727590918540955,0.21990050375461578,0.06383191794157028
YHR077C,YDL160C,1,2.4442728,0.2581395208835602,0.22089552879333496,0.06383191794157028
YJR055W,YNL103W,0,2.4437792,0.25783970952033997,0.22089552879333496,0.06393196433782578
YOL139C,YKL090W,1,2.44252,0.2587006986141205,0.22189055383205414,0.06393196433782578
YNL112W,YKR096W,1,2.4389205,0.25955966114997864,0.22288557887077332,0.06393196433782578
YHR149C,YGL058W,0,2.437787,0.25925925374031067,0.22288557887077332,0.06403201818466187
YKL009W,YDL007W,1,2.4366024,0.2601155936717987,0.2238806039094925,0.06403201818466187
YDR465C,YIL096C,0,2.4357173,0.2598152458667755,0.2238806039094925,0.06413206458091736
YDR279W,YKR052C,0,2.4344285,0.25951558351516724,0.2238806039094925,0.06423211842775345
YKR017C,YPR145W,0,2.4343107,0.2592165768146515,0.2238806039094925,0.06433216482400894
YKL149C,YMR171C,0,2.433882,0.25891828536987305,0.2238806039094925,0.06443221867084503
YOR001W,YJL209W,1,2.4337897,0.25977012515068054,0.22487562894821167,0.06443221867084503
YLR264W,YIL038C,1,2.432803,0.26061996817588806,0.22587065398693085,0.06443221867084503
YHR090C,YDR020C,0,2.4327419,0.26032111048698425,0.22587065398693085,0.06453226506710052
YGR094W,YKL062W,0,2.4324858,0.260022908449173,0.22587065398693085,0.06463231891393661
YOR003W,YFR032C-A,0,2.428573,0.2597253918647766,0.22587065398693085,0.06473236531019211
YGL178W,YOL021C,1,2.4278123,0.2605714201927185,0.22686567902565002,0.06473236531019211
YGR095C,YGR030C,1,2.4273136,0.2614155113697052,0.227860689163208,0.06473236531019211
YJL189W,YDR245W,0,2.4272134,0.26111745834350586,0.227860689163208,0.0648324191570282
YER176W,YGL122C,1,2.4257195,0.2619589865207672,0.22885571420192719,0.0648324191570282
YNL284C,YOR315W,0,2.425482,0.26166099309921265,0.22885571420192719,0.06493246555328369
YML112W,YMR158W,0,2.4236333,0.2613636255264282,0.22885571420192719,0.06503251940011978
YJL072C,YOL123W,0,2.4236166,0.2610669732093811,0.22885571420192719,0.06513256579637527
YBL106C,YKL054C,0,2.4233189,0.2607709765434265,0.22885571420192719,0.06523261964321136
YKL186C,YLR404W,0,2.4225655,0.26047566533088684,0.22885571420192719,0.06533266603946686
YCL008C,YGR100W,0,2.4224706,0.2601810097694397,0.22885571420192719,0.06543271988630295
YMR153W,YHR158C,0,2.4224565,0.2598870098590851,0.22885571420192719,0.06553276628255844
YDR465C,YLR432W,0,2.4222145,0.259593665599823,0.22885571420192719,0.06563282012939453
YOR001W,YKL090W,1,2.4221041,0.26042839884757996,0.22985073924064636,0.06563282012939453
YJL178C,YLR333C,0,2.421078,0.26013514399528503,0.22985073924064636,0.06573286652565002
YPR189W,YJR043C,1,2.420132,0.2609673738479614,0.23084576427936554,0.06573286652565002
YDR279W,YNL147W,1,2.4193094,0.2617977559566498,0.23184078931808472,0.06573286652565002
YLR312W-A,YGL245W,0,2.417618,0.2615039348602295,0.23184078931808472,0.06583291292190552
YPL220W,YGL203C,0,2.416998,0.26121076941490173,0.23184078931808472,0.06593296676874161
YHR039C-A,YER169W,0,2.416811,0.2609182596206665,0.23184078931808472,0.0660330131649971
YNL256W,YKL025C,0,2.4159229,0.2606264054775238,0.23184078931808472,0.06613306701183319
YER157W,YDR460W,0,2.4157956,0.26033520698547363,0.23184078931808472,0.06623311340808868
YPR009W,YOL076W,0,2.4155707,0.2600446343421936,0.23184078931808472,0.06633316725492477
YNR027W,YGR276C,0,2.4151235,0.2597547471523285,0.23184078931808472,0.06643321365118027
YGR148C,YDL043C,0,2.413711,0.2594654858112335,0.23184078931808472,0.06653326749801636
YOR042W,YKR024C,0,2.41347,0.2591768503189087,0.23184078931808472,0.06663331389427185
YGL233W,YGL189C,0,2.4131265,0.2588889002799988,0.23184078931808472,0.06673336774110794
YPL005W,YGR094W,0,2.4131026,0.2586015462875366,0.23184078931808472,0.06683341413736343
YGR078C,YGL185C,0,2.4110966,0.258314847946167,0.23184078931808472,0.06693346798419952
YGR195W,YLL006W,0,2.410217,0.2580288052558899,0.23184078931808472,0.06703351438045502
YKR027W,YDR281C,0,2.406974,0.25774335861206055,0.23184078931808472,0.06713356822729111
YGR081C,YLR295C,0,2.4049237,0.25745856761932373,0.23184078931808472,0.0672336146235466
YEL029C,YBR030W,0,2.403734,0.25717440247535706,0.23184078931808472,0.06733366847038269
YKL113C,YOR166C,1,2.4019527,0.2579933702945709,0.2328358143568039,0.06733366847038269
YMR239C,YDL175C,1,2.4018438,0.2588105797767639,0.23383083939552307,0.06733366847038269
YIR033W,YNL118C,1,2.4007816,0.25962597131729126,0.23482586443424225,0.06733366847038269
YMR172W,YER070W,0,2.3996356,0.25934067368507385,0.23482586443424225,0.06743371486663818
YLR276C,YGL208W,0,2.3993542,0.2590559720993042,0.23482586443424225,0.06753376871347427
YJL102W,YBL039C,0,2.3987386,0.2587719261646271,0.23482586443424225,0.06763381510972977
YLR070C,YJL187C,0,2.3978322,0.2584885060787201,0.23482586443424225,0.06773386895656586
YDR040C,YFL001W,0,2.396286,0.25820568203926086,0.23482586443424225,0.06783391535282135
YGL014W,YDR172W,1,2.3960073,0.25901639461517334,0.23582088947296143,0.06783391535282135
YGR271C-A,YLR264W,1,2.3956263,0.25982531905174255,0.2368159145116806,0.06783391535282135
YPR190C,YBR278W,0,2.3955631,0.25954198837280273,0.2368159145116806,0.06793396919965744
YDR324C,YML031W,0,2.3946574,0.25925925374031067,0.2368159145116806,0.06803401559591293
YDR478W,YJR092W,0,2.3934793,0.25897714495658875,0.2368159145116806,0.06813406944274902
YKR059W,YNL119W,0,2.3930194,0.25869566202163696,0.2368159145116806,0.06823411583900452
YOL022C,YNL256W,0,2.3924983,0.25841477513313293,0.2368159145116806,0.0683341696858406
YLR190W,YBR271W,0,2.3911932,0.25813448429107666,0.2368159145116806,0.0684342160820961
YDR490C,YGR158C,1,2.3883374,0.2589382529258728,0.23781093955039978,0.0684342160820961
YOL146W,YLR417W,0,2.3880684,0.2586580216884613,0.23781093955039978,0.06853426992893219
YOR048C,YER157W,0,2.3874533,0.25837838649749756,0.23781093955039978,0.06863431632518768
YDR315C,YGR158C,1,2.3874028,0.2591792643070221,0.23880596458911896,0.06863431632518768
YNL244C,YGR036C,0,2.385708,0.2588996887207031,0.23880596458911896,0.06873437017202377
YHR089C,YIR021W,0,2.3856041,0.2586206793785095,0.23880596458911896,0.06883441656827927
YOR229W,YEL038W,0,2.3845196,0.25834229588508606,0.23880596458911896,0.06893447041511536
YPL042C,YKR095W,1,2.384185,0.2591397762298584,0.23980098962783813,0.06893447041511536
YER050C,YNL038W,0,2.3817742,0.2588614523410797,0.23980098962783813,0.06903451681137085
YGR047C,YAL035W,0,2.3817213,0.2585836946964264,0.23980098962783813,0.06913457065820694
YER112W,YPL137C,0,2.381543,0.2583065330982208,0.23980098962783813,0.06923461705446243
YLR154C,YMR290C,0,2.3805075,0.258029967546463,0.23980098962783813,0.06933467090129852
YCR097W,YDL201W,0,2.3798444,0.25775399804115295,0.23980098962783813,0.06943471729755402
YOR001W,YDR370C,1,2.378896,0.25854700803756714,0.2407960146665573,0.06943471729755402
YMR146C,YGL175C,0,2.377796,0.25827106833457947,0.2407960146665573,0.06953476369380951
YGR047C,YNR053C,0,2.377662,0.25799572467803955,0.2407960146665573,0.0696348175406456
YJL208C,YEL015W,1,2.3776429,0.2587859332561493,0.2417910397052765,0.0696348175406456
YGR158C,YBR170C,1,2.3765872,0.2595744729042053,0.24278606474399567,0.0696348175406456
YDL102W,YOR048C,1,2.3759468,0.26036131381988525,0.24378108978271484,0.0696348175406456
YJL087C,YOL100W,1,2.375944,0.2611464858055115,0.24477611482143402,0.0696348175406456
YDR245W,YML023C,0,2.3758163,0.260869562625885,0.24477611482143402,0.06973486393690109
YML046W,YDL043C,0,2.375221,0.2605932056903839,0.24477611482143402,0.06983491778373718
YOL041C,YHR041C,0,2.3747318,0.26031747460365295,0.24477611482143402,0.06993496417999268
YNL251C,YNL221C,1,2.3727262,0.26109936833381653,0.2457711398601532,0.06993496417999268
YDR179C,YOL123W,0,2.3724587,0.26082366704940796,0.2457711398601532,0.07003501802682877
YGR275W,YER112W,0,2.3715627,0.26054853200912476,0.2457711398601532,0.07013506442308426
YPR002W,YMR049C,0,2.3709633,0.2602739632129669,0.2457711398601532,0.07023511826992035
YML010W,YKL057C,0,2.3699048,0.25999999046325684,0.2457711398601532,0.07033516466617584
YHR046C,YKL043W,0,2.3665624,0.2597266137599945,0.2457711398601532,0.07043521851301193
YBR261C,YDR153C,0,2.3654997,0.25945377349853516,0.2457711398601532,0.07053526490926743
YHR160C,YLR018C,0,2.3649437,0.25918152928352356,0.2457711398601532,0.07063531875610352
YOL142W,YBR170C,1,2.3618257,0.25995805859565735,0.24676616489887238,0.07063531875610352
YJL208C,YBR014C,0,2.3606217,0.2596858739852905,0.24676616489887238,0.07073536515235901
YHR052W,YGR174C,0,2.358079,0.2594142258167267,0.24676616489887238,0.0708354189991951
YLL033W,YPR086W,0,2.3580158,0.2591431438922882,0.24676616489887238,0.07093546539545059
YOR213C,YLR183C,0,2.3559115,0.2588726580142975,0.24676616489887238,0.07103551924228668
YNL232W,YOL100W,1,2.354646,0.2596454620361328,0.24776118993759155,0.07103551924228668
YLL057C,YNL081C,0,2.354014,0.2593750059604645,0.24776118993759155,0.07113556563854218
YKL012W,YJL024C,0,2.351935,0.2591050863265991,0.24776118993759155,0.07123561948537827
YER112W,YBL105C,1,2.3508317,0.25987526774406433,0.24875621497631073,0.07123561948537827
YJL133W,YLR051C,0,2.3496757,0.25960540771484375,0.24875621497631073,0.07133566588163376
YMR145C,YOL059W,0,2.3496578,0.25933611392974854,0.24875621497631073,0.07143571972846985
YBR257W,YMR116C,1,2.34914,0.26010361313819885,0.2497512400150299,0.07143571972846985
YPL090C,YJL030W,0,2.3484652,0.2598343789577484,0.2497512400150299,0.07153576612472534
YNL002C,YBR160W,0,2.3471868,0.25956568121910095,0.2497512400150299,0.07163581997156143
YDR123C,YLR314C,0,2.3468375,0.25929751992225647,0.2497512400150299,0.07173586636781693
YBR290W,YDR346C,0,2.3466847,0.25902992486953735,0.2497512400150299,0.07183592021465302
YER176W,YOL142W,1,2.3464975,0.25979381799697876,0.2507462799549103,0.07183592021465302
YHR149C,YPL110C,0,2.3457053,0.25952625274658203,0.2507462799549103,0.07193596661090851
YLR333C,YLR314C,0,2.345496,0.25925925374031067,0.2507462799549103,0.0720360204577446
YDR524C,YGL245W,0,2.3431256,0.2589927911758423,0.2507462799549103,0.07213606685400009
YCR057C,YKL095W,0,2.3431065,0.25872689485549927,0.2507462799549103,0.07223612070083618
YJL090C,YDR489W,0,2.3425677,0.25846153497695923,0.2507462799549103,0.07233616709709167
YDL235C,YMR177W,0,2.341469,0.25819671154022217,0.2507462799549103,0.07243622094392776
YLR106C,YLR345W,0,2.3386688,0.2579324543476105,0.2507462799549103,0.07253626734018326
YLR060W,YBR173C,0,2.3386161,0.25766870379447937,0.2507462799549103,0.07263632118701935
YBR030W,YGR005C,0,2.3377445,0.25740551948547363,0.2507462799549103,0.07273636758327484
YGR195W,YER035W,1,2.3376231,0.2581632733345032,0.25174129009246826,0.07273636758327484
YAL019W,YER118C,0,2.336736,0.25790008902549744,0.25174129009246826,0.07283642143011093
YBR044C,YML125C,0,2.3348973,0.25763747096061707,0.25174129009246826,0.07293646782636642
YNL279W,YEL024W,0,2.334628,0.2573753893375397,0.25174129009246826,0.07303652167320251
YJL155C,YOL125W,0,2.3345163,0.25711381435394287,0.25174129009246826,0.07313656806945801
YFR008W,YHL013C,0,2.3320987,0.25685280561447144,0.25174129009246826,0.0732366219162941
YOR194C,YGL258W,0,2.3320663,0.2565923035144806,0.25174129009246826,0.07333666831254959
YOR269W,YOR241W,0,2.331275,0.25633230805397034,0.25174129009246826,0.07343671470880508
YPL202C,YLR183C,0,2.3306272,0.25607287883758545,0.25174129009246826,0.07353676855564117
YPL081W,YOR191W,0,2.3294487,0.25581395626068115,0.25174129009246826,0.07363681495189667
YGR215W,YMR143W,0,2.3293278,0.25555557012557983,0.25174129009246826,0.07373686879873276
YDR384C,YBL035C,0,2.3291926,0.2552976906299591,0.25174129009246826,0.07383691519498825
YER146W,YDR159W,1,2.329077,0.25604838132858276,0.25273633003234863,0.07383691519498825
YPR068C,YGR005C,0,2.3273895,0.2557905316352844,0.25273633003234863,0.07393696904182434
YER049W,YNR024W,1,2.3248446,0.2565392255783081,0.2537313401699066,0.07393696904182434
YGR208W,YHR171W,0,2.3235009,0.25628140568733215,0.2537313401699066,0.07403701543807983
YNL147W,YJL087C,1,2.3229356,0.25702810287475586,0.254726380109787,0.07403701543807983
YIL016W,YOR210W,0,2.3221393,0.2567703127861023,0.254726380109787,0.07413706928491592
YML095C,YLR441C,0,2.321983,0.2565130293369293,0.254726380109787,0.07423711568117142
YDR279W,YOR274W,0,2.3218782,0.25625625252723694,0.254726380109787,0.07433716952800751
YLL008W,YDR218C,0,2.3209257,0.25600001215934753,0.254726380109787,0.074437215924263
YKL211C,YLR114C,0,2.320265,0.25574424862861633,0.254726380109787,0.07453726977109909
YOR294W,YDR532C,0,2.3196383,0.2554890215396881,0.254726380109787,0.07463731616735458
YER049W,YBL051C,1,2.3190048,0.25623130798339844,0.25572139024734497,0.07463731616735458
YBR228W,YDR460W,0,2.3188488,0.2559760808944702,0.25572139024734497,0.07473737001419067
YBL042C,YCL026C-A,0,2.3171802,0.25572139024734497,0.25572139024734497,0.07483741641044617
YGR174C,YDR020C,0,2.3170428,0.2554672062397003,0.25572139024734497,0.07493747025728226
YNL075W,YJL173C,0,2.3159335,0.25521349906921387,0.25572139024734497,0.07503751665353775
YOR359W,YDR211W,0,2.3148246,0.2549603283405304,0.25572139024734497,0.07513757050037384
YML014W,YOR346W,0,2.3139923,0.2547076344490051,0.25572139024734497,0.07523761689662933
YGR046W,YGL189C,0,2.313207,0.25445544719696045,0.25572139024734497,0.07533767074346542
YDR279W,YHR069C,1,2.3122256,0.2551928758621216,0.25671643018722534,0.07533767074346542
YGL162W,YOL002C,0,2.3113034,0.2549407184123993,0.25671643018722534,0.07543771713972092
YLR119W,YGL064C,0,2.3111298,0.2546890377998352,0.25671643018722534,0.075537770986557
YDL160C,YBL018C,1,2.3110268,0.25542405247688293,0.2577114403247833,0.075537770986557
YOR083W,YPL081W,0,2.3093436,0.25517240166664124,0.2577114403247833,0.0756378173828125
YGR216C,YML024W,0,2.3079545,0.2549212574958801,0.2577114403247833,0.07573787122964859
YPR193C,YLR018C,0,2.3056738,0.2546705901622772,0.2577114403247833,0.07583791762590408
YBR257W,YMR287C,1,2.3046632,0.25540274381637573,0.2587064802646637,0.07583791762590408
YDR198C,YNL218W,0,2.3024702,0.2551521062850952,0.2587064802646637,0.07593797147274017
YNL175C,YDR264C,0,2.302301,0.2549019753932953,0.2587064802646637,0.07603801786899567
YPR025C,YJL014W,0,2.3022745,0.2546522915363312,0.2587064802646637,0.07613807171583176
YMR142C,YNL116W,0,2.3018324,0.25440314412117004,0.2587064802646637,0.07623811811208725
YJL069C,YDR421W,0,2.2995222,0.2541544437408447,0.2587064802646637,0.07633817195892334
YGR195W,YOR166C,1,2.299031,0.2548828125,0.2597014904022217,0.07633817195892334
YPR009W,YHR005C,0,2.297764,0.25463414192199707,0.2597014904022217,0.07643821835517883
YDR486C,YBR275C,0,2.2977421,0.25438597798347473,0.2597014904022217,0.07653827220201492
YNL299W,YGL048C,1,2.2972667,0.255111962556839,0.26069653034210205,0.07653827220201492
YDL111C,YPL199C,1,2.296743,0.2558365762233734,0.26169154047966003,0.07653827220201492
YDL064W,YOR182C,0,2.296014,0.25558793544769287,0.26169154047966003,0.07663831859827042
YLR264W,YLR417W,0,2.2958453,0.2553398013114929,0.26169154047966003,0.0767383724451065
YGL130W,YKR081C,0,2.2947652,0.25509214401245117,0.26169154047966003,0.076838418841362
YNL002C,YDR460W,0,2.2931068,0.2548449635505676,0.26169154047966003,0.07693847268819809
YGR003W,YIL154C,0,2.292109,0.2545982599258423,0.26169154047966003,0.07703851908445358
YGL246C,YKL037W,0,2.2885873,0.25435203313827515,0.26169154047966003,0.07713857293128967
YNL216W,YMR146C,0,2.2869565,0.2541062831878662,0.26169154047966003,0.07723861932754517
YBL018C,YPL123C,1,2.286932,0.25482624769210815,0.2626865804195404,0.07723861932754517
YCR037C,YCL059C,0,2.2868335,0.2545805275440216,0.2626865804195404,0.07733866572380066
YKL113C,YOL072W,1,2.2864525,0.2552986443042755,0.2636815905570984,0.07733866572380066
YIL177C,YKL209C,0,2.2856853,0.25505292415618896,0.2636815905570984,0.07743871957063675
YKL009W,YKL023W,1,2.2848094,0.2557692229747772,0.26467663049697876,0.07743871957063675
YOR210W,YJR017C,0,2.2846897,0.25552353262901306,0.26467663049697876,0.07753876596689224
YKL012W,YKL156W,0,2.2826145,0.2552783191204071,0.26467663049697876,0.07763881981372833
YBR129C,YOR145C,0,2.2825706,0.25503355264663696,0.26467663049697876,0.07773886620998383
YER115C,YOL076W,0,2.2822309,0.254789263010025,0.26467663049697876,0.07783892005681992
YLR051C,YER164W,0,2.281387,0.2545454502105713,0.26467663049697876,0.07793896645307541
YPR175W,YNR010W,0,2.2807796,0.25430211424827576,0.26467663049697876,0.0780390202999115
YIL068C,YNR071C,0,2.275318,0.25405922532081604,0.26467663049697876,0.07813906669616699
YDR346C,YOL089C,0,2.2752604,0.25381678342819214,0.26467663049697876,0.07823912054300308
YNL062C,YNL006W,0,2.275079,0.25357481837272644,0.26467663049697876,0.07833916693925858
YDL105W,YGL094C,0,2.2733197,0.25333333015441895,0.26467663049697876,0.07843922078609467
YMR024W,YGL077C,0,2.2731583,0.25309228897094727,0.26467663049697876,0.07853926718235016
YDR189W,YKL149C,0,2.2728019,0.2528517246246338,0.26467663049697876,0.07863932102918625
YBL028C,YJL090C,0,2.272796,0.25261157751083374,0.26467663049697876,0.07873936742544174
YJL090C,YNL075W,0,2.272094,0.2523719072341919,0.26467663049697876,0.07883942127227783
YHR094C,YOL022C,0,2.2720888,0.25213271379470825,0.26467663049697876,0.07893946766853333
YDR483W,YDR489W,0,2.2718074,0.25189393758773804,0.26467663049697876,0.07903952151536942
YBL028C,YLR004C,0,2.2703965,0.251655638217926,0.26467663049697876,0.07913956791162491
YIL079C,YJL087C,1,2.2689466,0.2523629367351532,0.26567164063453674,0.07913956791162491
YMR125W,YNL288W,1,2.2673633,0.2530689239501953,0.2666666805744171,0.07913956791162491
YBR278W,YIL133C,0,2.2656121,0.2528301775455475,0.2666666805744171,0.079239621758461
YOR359W,YGR179C,0,2.2589376,0.25259190797805786,0.2666666805744171,0.07933966815471649
YBR026C,YNL256W,0,2.2583692,0.25235405564308167,0.2666666805744171,0.07943972200155258
YOR210W,YDR469W,0,2.2577493,0.2521166503429413,0.2666666805744171,0.07953976839780807
YBR181C,YDR519W,0,2.2566428,0.2518796920776367,0.2666666805744171,0.07963982224464417
YER046W,YDL043C,0,2.2561712,0.25164318084716797,0.2666666805744171,0.07973986864089966
YGR195W,YPL026C,0,2.2558157,0.25140711665153503,0.2666666805744171,0.07983992248773575
YDR174W,YDR390C,0,2.2553484,0.2511714994907379,0.2666666805744171,0.07993996888399124
YLR014C,YGR235C,0,2.2537239,0.2509363293647766,0.2666666805744171,0.08004002273082733
YNL221C,YCR077C,1,2.252956,0.2516370415687561,0.2676616907119751,0.08004002273082733
YMR224C,YFR031C,0,2.2523267,0.2514018714427948,0.2676616907119751,0.08014006912708282
YOR359W,YDR393W,0,2.2503703,0.2511671483516693,0.2676616907119751,0.08024012297391891
YNR027W,YMR049C,0,2.2497902,0.25093284249305725,0.2676616907119751,0.08034016937017441
YNL284C-B,YLR157C-B,0,2.2494142,0.250698983669281,0.2676616907119751,0.0804402232170105
YIL038C,YIL096C,0,2.2490158,0.2504655420780182,0.2676616907119751,0.08054026961326599
YOL139C,YKR082W,0,2.247007,0.2502325475215912,0.2676616907119751,0.08064032346010208
YGL208W,YHR089C,0,2.2467995,0.25,0.2676616907119751,0.08074036985635757
YLL013C,YOR167C,1,2.2462966,0.2506963908672333,0.26865673065185547,0.08074036985635757
YOL115W,YGL014W,1,2.2460124,0.2513914704322815,0.26965174078941345,0.08074036985635757
YPL026C,YMR049C,0,2.2453275,0.2511584758758545,0.26965174078941345,0.08084042370319366
YGR180C,YBR251W,0,2.2451792,0.2509259283542633,0.26965174078941345,0.08094047009944916
YOR229W,YKR083C,0,2.2448971,0.25069379806518555,0.26965174078941345,0.08104052394628525
YJL140W,YJL208C,1,2.244319,0.2513863146305084,0.2706467807292938,0.08104052394628525
YMR174C,YGR208W,0,2.2429824,0.25115421414375305,0.2706467807292938,0.08114057034254074
YCR014C,YPR145W,0,2.2428315,0.2509225010871887,0.2706467807292938,0.08124061673879623
YLR291C,YDR110W,0,2.2415164,0.2506912350654602,0.2706467807292938,0.08134067058563232
YMR013C,YCR068W,0,2.241174,0.2504604160785675,0.2706467807292938,0.08144071698188782
YBR290W,YDL051W,0,2.241051,0.25022998452186584,0.2706467807292938,0.08154077082872391
YOL060C,YDR064W,0,2.2389336,0.25,0.2706467807292938,0.0816408172249794
YLR287C,YBR172C,0,2.2388654,0.24977043271064758,0.2706467807292938,0.08174087107181549
YIL038C,YER165W,1,2.236036,0.2504587173461914,0.2716417908668518,0.08174087107181549
YOR205C,YBR119W,0,2.234261,0.250229150056839,0.2716417908668518,0.08184091746807098
YKR081C,YMR220W,0,2.2339418,0.25,0.2716417908668518,0.08194097131490707
YMR312W,YMR287C,0,2.2335534,0.24977126717567444,0.2716417908668518,0.08204101771116257
YKR085C,YER030W,0,2.2327504,0.2495429664850235,0.2716417908668518,0.08214107155799866
YMR156C,YOL125W,0,2.232614,0.2493150681257248,0.2716417908668518,0.08224111795425415
YMR142C,YKR001C,0,2.2323284,0.24908758699893951,0.2716417908668518,0.08234117180109024
YPR120C,YBR136W,0,2.2322423,0.24886052310466766,0.2716417908668518,0.08244121819734573
YLR413W,YML038C,0,2.2314665,0.24863387644290924,0.2716417908668518,0.08254127204418182
YER065C,YLR276C,0,2.2312486,0.24840764701366425,0.2716417908668518,0.08264131844043732
YGR003W,YDR208W,0,2.23102,0.24818181991577148,0.2716417908668518,0.08274137228727341
YPL049C,YDR529C,0,2.2296565,0.24795641005039215,0.2716417908668518,0.0828414186835289
YOR264W,YNR050C,0,2.22874,0.24773140251636505,0.2716417908668518,0.08294147253036499
YKL216W,YEL061C,0,2.225849,0.24750679731369019,0.2716417908668518,0.08304151892662048
YNL191W,YLR319C,0,2.225672,0.24728260934352875,0.2716417908668518,0.08314157277345657
YBR173C,YCL058C,0,2.2255151,0.24705882370471954,0.2716417908668518,0.08324161916971207
YBR217W,YAR066W,0,2.2225966,0.24683544039726257,0.2716417908668518,0.08334167301654816
YNL256W,YBR271W,0,2.2224853,0.24661245942115784,0.2716417908668518,0.08344171941280365
YBR279W,YGL064C,0,2.220886,0.24638989567756653,0.2716417908668518,0.08354177325963974
YGL037C,YBR115C,0,2.2202036,0.24616771936416626,0.2716417908668518,0.08364181965589523
YPL090C,YGL135W,0,2.2197278,0.24594594538211823,0.2716417908668518,0.08374187350273132
YGL162W,YPR048W,0,2.2180007,0.24572457373142242,0.2716417908668518,0.08384191989898682
YKL113C,YGL094C,1,2.2162738,0.24640287458896637,0.2726368308067322,0.08384191989898682
YPL220W,YML066C,0,2.215813,0.24618148803710938,0.2726368308067322,0.0839419737458229
YNL188W,YPL008W,0,2.2151756,0.24596050381660461,0.2726368308067322,0.0840420201420784
YML118W,YER156C,0,2.2143748,0.2457399070262909,0.2726368308067322,0.08414207398891449
YBR267W,YJL044C,0,2.2140968,0.2455197125673294,0.2726368308067322,0.08424212038516998
YJL090C,YER036C,0,2.2140033,0.24529990553855896,0.2726368308067322,0.08434217423200607
YMR014W,YAR015W,0,2.213736,0.24508050084114075,0.2726368308067322,0.08444222062826157
YJR043C,YLR154C,1,2.2111595,0.245755136013031,0.27363184094429016,0.08444222062826157
YOR359W,YDR251W,0,2.2100785,0.2455357164144516,0.27363184094429016,0.08454227447509766
YER083C,YGR083C,0,2.2096496,0.24531668424606323,0.27363184094429016,0.08464232087135315
YJR035W,YLR150W,0,2.2056375,0.2450980395078659,0.27363184094429016,0.08474237471818924
YKR080W,YNL119W,0,2.2050066,0.24487978219985962,0.27363184094429016,0.08484242111444473
YDR127W,YPL137C,0,2.2049787,0.24466192722320557,0.27363184094429016,0.08494246751070023
YIL038C,YGR276C,0,2.2046206,0.24444444477558136,0.27363184094429016,0.08504252135753632
YLR145W,YHR069C,1,2.2044837,0.2451154589653015,0.27462685108184814,0.08504252135753632
YMR177W,YFL001W,0,2.2043023,0.2448979616165161,0.27462685108184814,0.08514256775379181
YGL173C,YGR030C,1,2.2037098,0.24556738138198853,0.2756218910217285,0.08514256775379181
YNL075W,YNL314W,0,2.2035086,0.24534986913204193,0.2756218910217285,0.0852426216006279
YPR186C,YLR264W,0,2.203011,0.24513274431228638,0.2756218910217285,0.08534266799688339
YKR023W,YJR063W,0,2.202525,0.24491600692272186,0.2756218910217285,0.08544272184371948
YCL011C,YPR111W,1,2.20202,0.24558304250240326,0.2766169011592865,0.08544272184371948
YIL068C,YGR129W,0,2.2008822,0.24536629021167755,0.2766169011592865,0.08554276823997498
YOL113W,YLR333C,0,2.200555,0.2451499104499817,0.2766169011592865,0.08564282208681107
YPR120C,YBL106C,0,2.1997721,0.24493391811847687,0.2766169011592865,0.08574286848306656
YOR173W,YJR043C,1,2.199156,0.24559858441352844,0.27761194109916687,0.08574286848306656
YAL048C,YHL020C,0,2.1987338,0.24538259208202362,0.27761194109916687,0.08584292232990265
YBR265W,YDR101C,0,2.1973698,0.24516695737838745,0.27761194109916687,0.08594296872615814
YPR098C,YLR276C,0,2.1965,0.24495171010494232,0.27761194109916687,0.08604302257299423
YBR142W,YDR218C,0,2.193382,0.24473683536052704,0.27761194109916687,0.08614306896924973
YNL238W,YBR131W,0,2.1930087,0.2445223480463028,0.27761194109916687,0.08624312281608582
YOR038C,YNL188W,0,2.191833,0.2443082332611084,0.27761194109916687,0.08634316921234131
YMR264W,YBR131W,0,2.1908677,0.24409449100494385,0.27761194109916687,0.0864432230591774
YPL082C,YGL203C,0,2.1881971,0.24388112127780914,0.27761194109916687,0.08654326945543289
YIL115C,YDR469W,0,2.1876638,0.24366812407970428,0.27761194109916687,0.08664332330226898
YOR083W,YBR092C,0,2.186125,0.24345549941062927,0.27761194109916687,0.08674336969852448
YCR068W,YOR145C,0,2.1860592,0.2432432472705841,0.27761194109916687,0.08684342354536057
YPR025C,YHL038C,0,2.185921,0.2430313527584076,0.27761194109916687,0.08694346994161606
YJL094C,YHR041C,0,2.1825483,0.24281984567642212,0.27761194109916687,0.08704352378845215
YGR048W,YBR115C,0,2.1819768,0.2426086962223053,0.27761194109916687,0.08714357018470764
YHL038C,YHR005C,0,2.1819077,0.24239791929721832,0.27761194109916687,0.08724362403154373
YPL179W,YGL021W,0,2.1810691,0.2421875,0.27761194109916687,0.08734367042779922
YGL091C,YNL112W,0,2.1806016,0.24197745323181152,0.27761194109916687,0.08744372427463531
YLR249W,YNR066C,0,2.1796484,0.2417677640914917,0.27761194109916687,0.08754377067089081
YPL090C,YIL119C,0,2.1795485,0.24155844748020172,0.27761194109916687,0.0876438245177269
YOL155C,YNL164C,0,2.1785498,0.2413494735956192,0.27761194109916687,0.08774387091398239
YGR052W,YLR073C,0,2.1782644,0.24114088714122772,0.27761194109916687,0.08784392476081848
YNL256W,YPL026C,0,2.17805,0.2409326434135437,0.27761194109916687,0.08794397115707397
YOR001W,YGR174C,0,2.1779883,0.24072475731372833,0.27761194109916687,0.08804402500391006
YHR149C,YHR101C,0,2.1774156,0.2405172437429428,0.27761194109916687,0.08814407140016556
YGR195W,YGL094C,1,2.177242,0.24117140471935272,0.27860695123672485,0.08814407140016556
YOL097C,YOR391C,0,2.1772313,0.2409638613462448,0.27860695123672485,0.08824412524700165
YOL044W,YCL059C,0,2.1772206,0.24075666069984436,0.27860695123672485,0.08834417164325714
YOR063W,YDR254W,0,2.1764247,0.24054983258247375,0.27860695123672485,0.08844422549009323
YDR518W,YLR445W,0,2.1750062,0.2403433471918106,0.27860695123672485,0.08854427188634872
YLR150W,YBR186W,0,2.1739068,0.2401372194290161,0.27860695123672485,0.08864432573318481
YGL055W,YJR051W,0,2.173885,0.23993144929409027,0.27860695123672485,0.08874437212944031
YDR420W,YGR091W,0,2.1669195,0.2397260218858719,0.27860695123672485,0.0888444185256958
YIL038C,YDL106C,0,2.1665428,0.23952095210552216,0.27860695123672485,0.08894447237253189
YKL217W,YPL008W,0,2.1665103,0.23931623995304108,0.27860695123672485,0.08904451876878738
YLR372W,YNR063W,0,2.1661372,0.23911187052726746,0.27860695123672485,0.08914457261562347
YMR014W,YDL247W,0,2.1656344,0.2389078438282013,0.27860695123672485,0.08924461901187897
YJL030W,YDR389W,0,2.1646261,0.23870417475700378,0.27860695123672485,0.08934467285871506
YNL064C,YIL111W,0,2.1639423,0.23850084841251373,0.27860695123672485,0.08944471925497055
YDR293C,YLR432W,0,2.1638236,0.23829787969589233,0.27860695123672485,0.08954477310180664
YKR080W,YNR003C,0,2.163552,0.2380952388048172,0.27860695123672485,0.08964481949806213
YDR490C,YOR001W,1,2.1633542,0.23874256014823914,0.2796019911766052,0.08964481949806213
YOR077W,YER108C,0,2.1633356,0.2385399043560028,0.2796019911766052,0.08974487334489822
YML015C,YBL103C,0,2.1629083,0.23833757638931274,0.2796019911766052,0.08984491974115372
YLR187W,YLR441C,0,2.161161,0.23813559114933014,0.2796019911766052,0.08994497358798981
YGL037C,YDR281C,0,2.1601746,0.237933948636055,0.2796019911766052,0.0900450199842453
YDR283C,YEL029C,0,2.1599834,0.2377326637506485,0.2796019911766052,0.09014507383108139
YJR043C,YJL087C,1,2.1594627,0.23837700486183167,0.2805970013141632,0.09014507383108139
YDR099W,YGR055W,0,2.1590116,0.2381756752729416,0.2805970013141632,0.09024512022733688
YFR044C,YDR346C,0,2.1586864,0.23797468841075897,0.2805970013141632,0.09034517407417297
YNL325C,YDR324C,0,2.1581662,0.23777402937412262,0.2805970013141632,0.09044522047042847
YER049W,YDL126C,1,2.1581376,0.2384161800146103,0.2815920412540436,0.09044522047042847
YJL033W,YCL058C,0,2.1577635,0.23821549117565155,0.2815920412540436,0.09054527431726456
YHR110W,YDL080C,0,2.1570952,0.23801514506340027,0.2815920412540436,0.09064532071352005
YCL001W-A,YJR119C,1,2.1555953,0.2386554628610611,0.28258705139160156,0.09064532071352005
YOL060C,YBL039C,0,2.1546562,0.23845508694648743,0.28258705139160156,0.09074537456035614
YOR275C,YNL119W,0,2.1540554,0.23825503885746002,0.28258705139160156,0.09084542095661163
YJL133W,YEL018W,0,2.1533427,0.23805531859397888,0.28258705139160156,0.09094547480344772
YNL075W,YNL116W,0,2.1525939,0.2378559410572052,0.28258705139160156,0.09104552119970322
YDR096W,YKR057W,0,2.1508648,0.23765690624713898,0.28258705139160156,0.0911455750465393
YNL299W,YJL140W,1,2.1504638,0.238294318318367,0.28358209133148193,0.0911455750465393
YNL112W,YER165W,1,2.148764,0.23893065750598907,0.2845771014690399,0.0911455750465393
YOL078W,YDR127W,0,2.147754,0.23873122036457062,0.2845771014690399,0.0912456214427948
YJR055W,YHR090C,0,2.147116,0.23853211104869843,0.2845771014690399,0.09134567528963089
YJL178C,YGR075C,0,2.1468804,0.2383333295583725,0.2845771014690399,0.09144572168588638
YJL194W,YNL236W,0,2.1464953,0.23813489079475403,0.2845771014690399,0.09154577553272247
YER068W,YMR125W,1,2.1462877,0.23876871168613434,0.2855721414089203,0.09154577553272247
YMR228W,YLR004C,0,2.1462684,0.23857024312019348,0.2855721414089203,0.09164582192897797
YLR051C,YDR218C,0,2.145981,0.2383720874786377,0.2855721414089203,0.09174587577581406
YKL186C,YMR224C,0,2.144462,0.23817427456378937,0.2855721414089203,0.09184592217206955
YLR187W,YNL164C,0,2.1444447,0.2379767894744873,0.2855721414089203,0.09194597601890564
YOL063C,YDR280W,1,2.1423314,0.23860812187194824,0.28656715154647827,0.09194597601890564
YKL013C,YKR024C,0,2.1419778,0.2384105920791626,0.28656715154647827,0.09204602241516113
YDR101C,YHR101C,0,2.1416864,0.2382134050130844,0.28656715154647827,0.09214607626199722
YOL041C,YGR179C,0,2.141412,0.2380165308713913,0.28656715154647827,0.09224612265825272
YEL064C,YFL001W,0,2.1407092,0.23781998455524445,0.28656715154647827,0.0923461765050888
YML112W,YFL017W-A,0,2.1397288,0.23762376606464386,0.28656715154647827,0.0924462229013443
YKR083C,YNL002C,0,2.137408,0.23742786049842834,0.28656715154647827,0.09254627674818039
YNL240C,YNL267W,0,2.1373653,0.2372322827577591,0.28656715154647827,0.09264632314443588
YBR211C,YOL103W,0,2.1345499,0.2370370328426361,0.28656715154647827,0.09274636954069138
YOR166C,YJR043C,1,2.1343043,0.23766447603702545,0.28756219148635864,0.09274636954069138
YDR099W,YNL002C,0,2.134276,0.23746918141841888,0.28756219148635864,0.09284642338752747
YNL218W,YIL111W,0,2.1338184,0.23727421462535858,0.28756219148635864,0.09294646978378296
YJL030W,YMR287C,0,2.1324196,0.23707957565784454,0.28756219148635864,0.09304652363061905
YEL015W,YKR095W,1,2.1317902,0.23770491778850555,0.2885572016239166,0.09304652363061905
YML125C,YJR033C,0,2.1317892,0.23751023411750793,0.2885572016239166,0.09314657002687454
YPL081W,YGR206W,0,2.1312544,0.23731587827205658,0.2885572016239166,0.09324662387371063
YOR068C,YDR245W,0,2.1309228,0.2371218353509903,0.2885572016239166,0.09334667026996613
YLR064W,YKR057W,0,2.1305397,0.23692810535430908,0.2885572016239166,0.09344672411680222
YGR095C,YDR293C,1,2.1305244,0.2375510185956955,0.289552241563797,0.09344672411680222
YMR243C,YGL209W,0,2.1304624,0.2373572587966919,0.289552241563797,0.09354677051305771
YMR153W,YER115C,0,2.1282077,0.23716381192207336,0.289552241563797,0.0936468243598938
YGL173C,YDR280W,1,2.125728,0.23778501152992249,0.290547251701355,0.0936468243598938
YJL033W,YDR009W,0,2.1256635,0.23759153485298157,0.290547251701355,0.09374687075614929
YDL030W,YPL008W,0,2.1234376,0.23739837110042572,0.290547251701355,0.09384692460298538
YMR098C,YEL015W,1,2.122729,0.23801787197589874,0.29154229164123535,0.09384692460298538
YLR021W,YOL021C,1,2.1224878,0.23863635957241058,0.29253730177879333,0.09384692460298538
YIL117C,YER036C,0,2.1220849,0.2384428232908249,0.29253730177879333,0.09394697099924088
YGL045W,YDR380W,0,2.12072,0.23824959993362427,0.29253730177879333,0.09404702484607697
YDR211W,YDL051W,0,2.1202173,0.23805667459964752,0.29253730177879333,0.09414707124233246
YJL033W,YFR031C,0,2.1199434,0.23786407709121704,0.29253730177879333,0.09424712508916855
YIL065C,YBL035C,0,2.1190226,0.23767179250717163,0.29253730177879333,0.09434717148542404
YLR007W,YOR167C,0,2.1170936,0.2374798059463501,0.29253730177879333,0.09444722533226013
YLR095C,YGL064C,0,2.1167967,0.23728813230991364,0.29253730177879333,0.09454727172851562
YJL194W,YDL108W,0,2.1166868,0.23709677159786224,0.29253730177879333,0.09464732557535172
YMR263W,YNL153C,0,2.1166828,0.23690572381019592,0.29253730177879333,0.09474737197160721
YLR106C,YJL069C,0,2.1157978,0.23671497404575348,0.29253730177879333,0.0948474258184433
YDL138W,YKL057C,0,2.1157417,0.2365245372056961,0.29253730177879333,0.09494747221469879
YLR187W,YNR027W,0,2.115719,0.2363343983888626,0.29253730177879333,0.09504752606153488
YGL246C,YJL044C,0,2.1151528,0.23614457249641418,0.29253730177879333,0.09514757245779037
YGR058W,YPL118W,0,2.114941,0.23595505952835083,0.29253730177879333,0.09524762630462646
YGR081C,YNL167C,0,2.1121614,0.23576584458351135,0.29253730177879333,0.09534767270088196
YOR119C,YGL150C,0,2.1119606,0.23557692766189575,0.29253730177879333,0.09544772654771805
YJL208C,YJR032W,0,2.11097,0.23538830876350403,0.29253730177879333,0.09554777294397354
YHR062C,YPR042C,1,2.1104233,0.23600000143051147,0.2935323417186737,0.09554777294397354
YJL209W,YDR172W,1,2.1101248,0.23661071062088013,0.2945273518562317,0.09554777294397354
YOL123W,YOR167C,1,2.1095006,0.23722045123577118,0.29552239179611206,0.09554777294397354
YNL251C,YPL029W,1,2.1075647,0.23782920837402344,0.29651740193367004,0.09554777294397354
YIL156W,YNL062C,0,2.1071453,0.23763954639434814,0.29651740193367004,0.09564782679080963
YPR111W,YOL149W,1,2.1059191,0.23824700713157654,0.2975124418735504,0.09564782679080963
YOR025W,YLR287C,0,2.1055906,0.23805733025074005,0.2975124418735504,0.09574787318706512
YPL076W,YCR084C,0,2.104475,0.23786793649196625,0.2975124418735504,0.09584792703390121
YHR097C,YKR027W,0,2.103528,0.23767885565757751,0.2975124418735504,0.09594797343015671
YLR051C,YML006C,0,2.1034472,0.23749007284641266,0.2975124418735504,0.0960480272769928
YDL111C,YNR052C,1,2.1033661,0.2380952388048172,0.2985074520111084,0.0960480272769928
YOL054W,YOR274W,0,2.1016433,0.23790642619132996,0.2985074520111084,0.09614807367324829
YPR186C,YPL066W,0,2.1016135,0.2377179116010666,0.2985074520111084,0.09624812752008438
YHR169W,YDR345C,0,2.1000264,0.2375296950340271,0.2985074520111084,0.09634817391633987
YLR442C,YJL124C,1,2.100008,0.23813290894031525,0.29950249195098877,0.09634817391633987
YNL299W,YMR098C,1,2.099102,0.23873518407344818,0.30049750208854675,0.09634817391633987
YHR021C,YKL013C,0,2.098761,0.23854660987854004,0.30049750208854675,0.09644822776317596
YLR372W,YPL095C,0,2.0986059,0.23835833370685577,0.30049750208854675,0.09654827415943146
YIL118W,YFL042C,0,2.0981076,0.2381703406572342,0.30049750208854675,0.09664832055568695
YPL220W,YBR214W,0,2.09777,0.23798266053199768,0.30049750208854675,0.09674837440252304
YLL045C,YNL156C,0,2.0971625,0.23779527842998505,0.30049750208854675,0.09684842079877853
YJL033W,YER157W,0,2.0971196,0.2376081794500351,0.30049750208854675,0.09694847464561462
YOL151W,YOR145C,0,2.096677,0.23742137849330902,0.30049750208854675,0.09704852104187012
YGL209W,YGR103W,0,2.0957594,0.23723487555980682,0.30049750208854675,0.09714857488870621
YPR175W,YML067C,0,2.0957084,0.2370486706495285,0.30049750208854675,0.0972486212849617
YPR009W,YLR314C,0,2.0936291,0.23686274886131287,0.30049750208854675,0.09734867513179779
YMR054W,YLR074C,0,2.0933278,0.2366771101951599,0.30049750208854675,0.09744872152805328
YPL118W,YLR276C,0,2.0926821,0.23649178445339203,0.30049750208854675,0.09754877537488937
YOL094C,YGL245W,0,2.09184,0.23630672693252563,0.30049750208854675,0.09764882177114487
YNL188W,YHR041C,0,2.0881004,0.23612196743488312,0.30049750208854675,0.09774887561798096
YER027C,YPL239W,0,2.0877287,0.23593750596046448,0.30049750208854675,0.09784892201423645
YHL020C,YNL095C,0,2.087536,0.23575331270694733,0.30049750208854675,0.09794897586107254
YJL014W,YDR151C,0,2.0867083,0.23556941747665405,0.30049750208854675,0.09804902225732803
YOL123W,YOR205C,0,2.0861733,0.23538582026958466,0.30049750208854675,0.09814907610416412
YOR145C,YPL149W,0,2.0858414,0.23520249128341675,0.30049750208854675,0.09824912250041962
YGL014W,YER165W,1,2.08563,0.23579765856266022,0.3014925420284271,0.09824912250041962
YLR077W,YKR057W,0,2.0852256,0.23561431467533112,0.3014925420284271,0.0983491763472557
YCR097W,YNR055C,0,2.0850196,0.2354312390089035,0.3014925420284271,0.0984492227435112
YHR006W,YNL175C,0,2.0839255,0.23524844646453857,0.3014925420284271,0.09854927659034729
YDL035C,YDR183W,0,2.082132,0.23506593704223633,0.3014925420284271,0.09864932298660278
YGR129W,YKL057C,0,2.081127,0.23488372564315796,0.3014925420284271,0.09874937683343887
YKR103W,YDL051W,0,2.0794194,0.23470178246498108,0.3014925420284271,0.09884942322969437
YOR283W,YLR276C,0,2.0789754,0.23452012240886688,0.3014925420284271,0.09894947707653046
YGL029W,YDR188W,0,2.0786543,0.23433874547481537,0.3014925420284271,0.09904952347278595
YML050W,YKR081C,0,2.0765634,0.23415765166282654,0.3014925420284271,0.09914957731962204
YOR025W,YKR082W,0,2.0765445,0.2339768409729004,0.3014925420284271,0.09924962371587753
YDL170W,YKR085C,0,2.0763144,0.23379629850387573,0.3014925420284271,0.09934967756271362
YOR294W,YJR057W,0,2.075644,0.23361603915691376,0.3014925420284271,0.09944972395896912
YJR014W,YML006C,0,2.0755084,0.23343604803085327,0.3014925420284271,0.0995497778058052
YER068W,YBL018C,1,2.0719867,0.23402617871761322,0.3024875521659851,0.0995497778058052
YNL025C,YOR167C,0,2.07182,0.23384615778923035,0.3024875521659851,0.0996498242020607
YIL065C,YKR092C,0,2.0713513,0.23366640508174896,0.3024875521659851,0.09974987804889679
YOL137W,YPL013C,0,2.0711777,0.23348695039749146,0.3024875521659851,0.09984992444515228
YOR048C,YNL236W,0,2.0710747,0.23330774903297424,0.3024875521659851,0.09994997829198837
YPR175W,YBR094W,0,2.0702357,0.23312883079051971,0.3024875521659851,0.10005002468824387
YOR294W,YLR004C,0,2.0698388,0.23295019567012787,0.3024875521659851,0.10015007853507996
YGR104C,YKL074C,0,2.0681992,0.2327718287706375,0.3024875521659851,0.10025012493133545
YER172C,YNR003C,0,2.0680525,0.23259373009204865,0.3024875521659851,0.10035017877817154
YLL008W,YGL185C,0,2.0677776,0.23241589963436127,0.3024875521659851,0.10045022517442703
YGR275W,YPL252C,0,2.0672657,0.23223835229873657,0.3024875521659851,0.10055027157068253
YMR234W,YDR172W,1,2.0662603,0.2328244298696518,0.3034825921058655,0.10055027157068253
YKR052C,YNL119W,0,2.06537,0.23264683783054352,0.3034825921058655,0.10065032541751862
YOR194C,YIL126W,0,2.064927,0.23246951401233673,0.3034825921058655,0.10075037181377411
YLR413W,YDR218C,0,2.0643241,0.23229245841503143,0.3034825921058655,0.1008504256606102
YNL112W,YNL147W,1,2.0639107,0.232876718044281,0.30447760224342346,0.1008504256606102
YNL136W,YER006W,0,2.0624845,0.23269961774349213,0.30447760224342346,0.10095047205686569
YOR063W,YIL153W,0,2.0602052,0.23252280056476593,0.30447760224342346,0.10105052590370178
YAL054C,YOL152W,0,2.059673,0.23234623670578003,0.30447760224342346,0.10115057229995728
YLL025W,YLR186W,0,2.058974,0.2321699559688568,0.30447760224342346,0.10125062614679337
YLR264W,YGR046W,0,2.0588408,0.2319939285516739,0.30447760224342346,0.10135067254304886
YAL019W,YGR078C,0,2.0580804,0.23181818425655365,0.30447760224342346,0.10145072638988495
YJL047C,YDL166C,0,2.0543973,0.2316426932811737,0.30447760224342346,0.10155077278614044
YPR190C,YNL236W,0,2.0530019,0.23146747052669525,0.30447760224342346,0.10165082663297653
YGR030C,YER165W,1,2.0525792,0.2320483773946762,0.30547264218330383,0.10165082663297653
YMR287C,YNR024W,1,2.0511172,0.23262840509414673,0.3064676523208618,0.10165082663297653
YBR136W,YCR092C,0,2.0502238,0.23245282471179962,0.3064676523208618,0.10175087302923203
YGR047C,YPL082C,0,2.0498443,0.2322775274515152,0.3064676523208618,0.10185092687606812
YBR142W,YPR002W,0,2.0495856,0.23210248351097107,0.3064676523208618,0.10195097327232361
YLR034C,YER115C,0,2.048932,0.23192770779132843,0.3064676523208618,0.1020510271191597
YGL139W,YGL175C,0,2.0473545,0.23175320029258728,0.3064676523208618,0.10215107351541519
YPL002C,YGR175C,0,2.0453506,0.23157894611358643,0.3064676523208618,0.10225112736225128
YAR020C,YNL188W,0,2.0448494,0.23140496015548706,0.3064676523208618,0.10235117375850677
YMR024W,YBR265W,0,2.0448463,0.231231227517128,0.3064676523208618,0.10245122760534286
YJL208C,YOR255W,0,2.0439112,0.2310577630996704,0.3064676523208618,0.10255127400159836
YOL139C,YGL175C,0,2.0430655,0.23088455200195312,0.3064676523208618,0.10265132784843445
YDR279W,YGL203C,0,2.0427315,0.23071160912513733,0.3064676523208618,0.10275137424468994
YDR117C,YNL119W,0,2.042589,0.23053891956806183,0.3064676523208618,0.10285142809152603
YPL081W,YER030W,0,2.0417933,0.23036649823188782,0.3064676523208618,0.10295147448778152
YHL007C,YKL086W,0,2.0417354,0.2301943153142929,0.3064676523208618,0.10305152833461761
YPR002W,YKL156W,0,2.0405402,0.2300224006175995,0.3064676523208618,0.10315157473087311
YPL040C,YLR432W,0,2.039549,0.22985073924064636,0.3064676523208618,0.1032516285777092
YJR050W,YHR187W,0,2.0394752,0.22967934608459473,0.3064676523208618,0.10335167497396469
YML010W,YER007W,0,2.0392873,0.2295081913471222,0.3064676523208618,0.10345172882080078
YIL154C,YDL044C,0,2.0387642,0.22933730483055115,0.3064676523208618,0.10355177521705627
YBR131W,YDR245W,0,2.0361836,0.2291666716337204,0.3064676523208618,0.10365182906389236
YDR113C,YJL190C,0,2.035864,0.22899627685546875,0.3064676523208618,0.10375187546014786
YPL101W,YDR117C,0,2.0355904,0.2288261502981186,0.3064676523208618,0.10385192930698395
YMR080C,YOR167C,1,2.0353556,0.2293986678123474,0.3074626922607422,0.10385192930698395
YHL007C,YDL106C,0,2.0345275,0.22922848165035248,0.3074626922607422,0.10395197570323944
YPR193C,YHR046C,0,2.0341265,0.22905856370925903,0.3074626922607422,0.10405202955007553
YGR215W,YNR067C,0,2.0328538,0.2288888841867447,0.3074626922607422,0.10415207594633102
YDL064W,YFR038W,0,2.0324454,0.22871947288513184,0.3074626922607422,0.10425212234258652
YGR081C,YNL330C,0,2.0310037,0.22855030000209808,0.3074626922607422,0.10435217618942261
YER072W,YGL259W,0,2.030022,0.22838138043880463,0.3074626922607422,0.1044522225856781
YEL015W,YGR030C,1,2.0296772,0.22895126044750214,0.30845770239830017,0.1044522225856781
YJR113C,YNL097C,0,2.0295737,0.2287822812795639,0.30845770239830017,0.10455227643251419
YKL074C,YLR417W,0,2.0291088,0.22861357033252716,0.30845770239830017,0.10465232282876968
YNL244C,YHR172W,0,2.0276978,0.22844509780406952,0.30845770239830017,0.10475237667560577
YHR090C,YJL024C,0,2.0272107,0.22827687859535217,0.30845770239830017,0.10485242307186127
YDR153C,YOR045W,0,2.0266182,0.22810889780521393,0.30845770239830017,0.10495247691869736
YCL008C,YBL042C,0,2.0263298,0.22794117033481598,0.30845770239830017,0.10505252331495285
YMR080C,YOR076C,1,2.026055,0.22850844264030457,0.30945274233818054,0.10505252331495285
YOR060C,YKR038C,0,2.0259535,0.22834067046642303,0.30945274233818054,0.10515257716178894
YAL035W,YDR359C,0,2.024202,0.2281731516122818,0.30945274233818054,0.10525262355804443
YER070W,YBR056W,0,2.023896,0.22800587117671967,0.30945274233818054,0.10535267740488052
YFL035C,YKR036C,0,2.0238447,0.22783882915973663,0.30945274233818054,0.10545272380113602
YML091C,YPL157W,0,2.022954,0.2276720404624939,0.30945274233818054,0.1055527776479721
YER035W,YPL101W,0,2.0218174,0.22750549018383026,0.30945274233818054,0.1056528240442276
YPR111W,YHR069C,1,2.0216339,0.22807016968727112,0.3104477524757385,0.1056528240442276
YCR095C,YKR057W,0,2.0215082,0.2279035747051239,0.3104477524757385,0.10575287789106369
YNR003C,YDL245C,0,2.0205858,0.22773723304271698,0.3104477524757385,0.10585292428731918
YDL105W,YBR115C,0,2.0204194,0.22757111489772797,0.3104477524757385,0.10595297813415527
YLR207W,YOL008W,0,2.0203075,0.22740525007247925,0.3104477524757385,0.10605302453041077
YOR010C,YLL056C,0,2.0192616,0.22723962366580963,0.3104477524757385,0.10615307837724686
YCR057C,YDR183W,0,2.017878,0.22707423567771912,0.3104477524757385,0.10625312477350235
YIL142W,YCR048W,0,2.0167048,0.2269090861082077,0.3104477524757385,0.10635317862033844
YNR067C,YGR046W,0,2.016432,0.22674418985843658,0.3104477524757385,0.10645322501659393
YGR158C,YLR264W,1,2.016041,0.22730574011802673,0.3114427924156189,0.10645322501659393
YOL089C,YJR092W,0,2.0141604,0.22714078426361084,0.3114427924156189,0.10655327886343002
YBR167C,YMR116C,1,2.0137413,0.22770123183727264,0.3124378025531769,0.10655327886343002
YPL252C,YPL196W,0,2.013713,0.22753623127937317,0.3124378025531769,0.10665332525968552
YLR178C,YBR115C,0,2.0134892,0.2273714691400528,0.3124378025531769,0.1067533791065216
YBL100W-A,YDL079C,0,2.0122201,0.22720694541931152,0.3124378025531769,0.1068534255027771
YMR125W,YNL118C,1,2.011954,0.22776572406291962,0.31343284249305725,0.1068534255027771
YDR198C,YLR335W,0,2.0117629,0.22760115563869476,0.31343284249305725,0.10695347934961319
YJL095W,YPL095C,0,2.011053,0.227436825633049,0.31343284249305725,0.10705352574586868
YOL032W,YMR040W,0,2.0109408,0.22727273404598236,0.31343284249305725,0.10715357959270477
YMR060C,YGL058W,0,2.0104449,0.22710886597633362,0.31343284249305725,0.10725362598896027
YOR229W,YIL133C,0,2.0100791,0.22694525122642517,0.31343284249305725,0.10735367983579636
YHR021C,YJL216C,0,2.009876,0.22678185999393463,0.31343284249305725,0.10745372623205185
YKL011C,YJL044C,0,2.0098317,0.2266187071800232,0.31343284249305725,0.10755378007888794
YCL001W-B,YOR003W,0,2.0090985,0.22645579278469086,0.31343284249305725,0.10765382647514343
YPR025C,YBR093C,0,2.008256,0.22629310190677643,0.31343284249305725,0.10775388032197952
YJL093C,YGL175C,0,2.007539,0.2261306494474411,0.31343284249305725,0.10785392671823502
YOR083W,YGL026C,0,2.0050166,0.22596843540668488,0.31343284249305725,0.1079539805650711
YNL284C-B,YPL157W,0,2.0032277,0.22580644488334656,0.31343284249305725,0.1080540269613266
YPL011C,YJL069C,0,2.0028152,0.22564469277858734,0.31343284249305725,0.10815407335758209
YOL149W,YJL047C,1,2.0024166,0.22619900107383728,0.31442785263061523,0.10815407335758209
YDL201W,YKR003W,0,2.0022216,0.2260371893644333,0.31442785263061523,0.10825412720441818
YLR086W,YLR432W,0,2.001866,0.2258756309747696,0.31442785263061523,0.10835417360067368
YCL008C,YLR051C,0,2.0017393,0.2257142812013626,0.31442785263061523,0.10845422744750977
YHR169W,YJL102W,0,2.0016606,0.22555316984653473,0.31442785263061523,0.10855427384376526
YBR030W,YGR099W,0,2.0000255,0.22539229691028595,0.31442785263061523,0.10865432769060135
YER049W,YPL029W,1,1.999886,0.2259443998336792,0.3154228925704956,0.10865432769060135
YBR068C,YHR204W,0,1.998497,0.22578348219394684,0.3154228925704956,0.10875437408685684
YGL121C,YOL058W,0,1.9984202,0.2256227731704712,0.3154228925704956,0.10885442793369293
YJL189W,YPL222W,0,1.9979599,0.22546230256557465,0.3154228925704956,0.10895447432994843
YPR186C,YDL106C,0,1.9978628,0.225302055478096,0.3154228925704956,0.10905452817678452
YDR279W,YBR257W,1,1.9978235,0.22585226595401764,0.3164179027080536,0.10905452817678452
YPR027C,YGR047C,0,1.9977455,0.22569197416305542,0.3164179027080536,0.10915457457304001
YNL232W,YBL018C,1,1.9974058,0.22624114155769348,0.31741294264793396,0.10915457457304001
YER066W,YER108C,0,1.9971943,0.2260807901620865,0.31741294264793396,0.1092546284198761
YGL091C,YNL069C,0,1.9965477,0.2259206771850586,0.31741294264793396,0.10935467481613159
YDL223C,YGR179C,0,1.9957199,0.2257607877254486,0.31741294264793396,0.10945472866296768
YJL097W,YHL007C,0,1.9949901,0.22560113668441772,0.31741294264793396,0.10955477505922318
YGR075C,YMR290C,0,1.9947982,0.22544169425964355,0.31741294264793396,0.10965482890605927
YDL155W,YKR099C-A,0,1.9944303,0.2252824902534485,0.31741294264793396,0.10975487530231476
YIL133C,YGL185C,0,1.9937301,0.22512349486351013,0.31741294264793396,0.10985492914915085
YNL244C,YLR190W,0,1.9930048,0.22496473789215088,0.31741294264793396,0.10995497554540634
YML014W,YBR033W,0,1.9926531,0.22480620443820953,0.31741294264793396,0.11005502939224243
YNL191W,YLR183C,0,1.9918222,0.2246478945016861,0.31741294264793396,0.11015507578849792
YLR375W,YDR468C,0,1.9914207,0.22448979318141937,0.31741294264793396,0.11025512963533401
YNR067C,YNL236W,0,1.9911785,0.22433193027973175,0.31741294264793396,0.11035517603158951
YHR158C,YNL119W,0,1.9900885,0.22417427599430084,0.31741294264793396,0.1104552298784256
YNR044W,YDR117C,0,1.9897614,0.22401686012744904,0.31741294264793396,0.11055527627468109
YJR113C,YHL039W,0,1.9893341,0.22385965287685394,0.31741294264793396,0.11065533012151718
YGR148C,YMR036C,0,1.9892972,0.22370266914367676,0.31741294264793396,0.11075537651777267
YMR053C,YJR105W,0,1.9886897,0.2235458940267563,0.31741294264793396,0.11085543036460876
YMR275C,YBR271W,0,1.9876983,0.22338935732841492,0.31741294264793396,0.11095547676086426
YHR158C,YOR045W,0,1.9867544,0.22323302924633026,0.31741294264793396,0.11105553060770035
YOR001W,YIL038C,1,1.9855866,0.2237762212753296,0.31840795278549194,0.11105553060770035
YML014W,YDR254W,0,1.984678,0.22361984848976135,0.31840795278549194,0.11115557700395584
YDR486C,YBL071W-A,0,1.983074,0.22346368432044983,0.31840795278549194,0.11125563085079193
YGR075C,YLR190W,0,1.9816518,0.2233077436685562,0.31840795278549194,0.11135567724704742
YPR164W,YNL282W,1,1.9809606,0.2238493710756302,0.3194029927253723,0.11135567724704742
YDR302W,YKL032C,0,1.9803631,0.223693385720253,0.3194029927253723,0.11145573109388351
YDR028C,YPL090C,0,1.9788458,0.2235376089811325,0.3194029927253723,0.11155577749013901
YER050C,YGR058W,0,1.977814,0.22338204085826874,0.3194029927253723,0.1116558313369751
YER073W,YPR191W,0,1.97718,0.22322671115398407,0.3194029927253723,0.11175587773323059
YIL134W,YDL047W,0,1.9771512,0.22307157516479492,0.3194029927253723,0.11185593158006668
YNL016W,YOR048C,1,1.9757588,0.22361111640930176,0.3203980028629303,0.11185593158006668
YKL012W,YOR064C,0,1.974992,0.22345593571662903,0.3203980028629303,0.11195597797632217
YDR147W,YDL170W,0,1.9737165,0.223300963640213,0.3203980028629303,0.11205602437257767
YDR123C,YBR217W,0,1.9735112,0.2231462299823761,0.3203980028629303,0.11215607821941376
YDL111C,YLL013C,1,1.9734833,0.22368420660495758,0.32139304280281067,0.11215607821941376
YIL079C,YDR279W,1,1.9715357,0.22422145307064056,0.32238805294036865,0.11215607821941376
YNL167C,YGR140W,0,1.9714692,0.22406639158725739,0.32238805294036865,0.11225612461566925
YNR011C,YDR364C,0,1.9689982,0.22391153872013092,0.32238805294036865,0.11235617846250534
YJL187C,YNL334C,0,1.968375,0.22375690937042236,0.32238805294036865,0.11245622485876083
YOR089C,YLR183C,0,1.9677789,0.22360248863697052,0.32238805294036865,0.11255627870559692
YOR359W,YER030W,0,1.9669878,0.2234482765197754,0.32238805294036865,0.11265632510185242
YIL082W-A,YHR182W,0,1.9669397,0.22329427301883698,0.32238805294036865,0.11275637894868851
YJR043C,YPR072W,1,1.9653568,0.22382919490337372,0.323383092880249,0.11275637894868851
YLR060W,YBR077C,0,1.9651992,0.22367516160011292,0.323383092880249,0.112856425344944
YMR239C,YPL042C,1,1.9641423,0.22420908510684967,0.324378103017807,0.112856425344944
YPL066W,YDL201W,0,1.9639256,0.2240549772977829,0.324378103017807,0.11295647919178009
YLR417W,YLR004C,0,1.9635501,0.22390109300613403,0.324378103017807,0.11305652558803558
YOL124C,YBL103C,0,1.9631169,0.22374743223190308,0.324378103017807,0.11315657943487167
YJL072C,YJL102W,0,1.9626279,0.22359396517276764,0.324378103017807,0.11325662583112717
YGR081C,YOR216C,0,1.9615465,0.22344070672988892,0.324378103017807,0.11335667967796326
YPR090W,YDR448W,0,1.9595909,0.2232876718044281,0.324378103017807,0.11345672607421875
YIL133C,YGL170C,0,1.9583371,0.223134845495224,0.324378103017807,0.11355677992105484
YGL178W,YJL208C,1,1.958315,0.2236662060022354,0.3253731429576874,0.11355677992105484
YDR101C,YGR206W,0,1.9576617,0.22351333498954773,0.3253731429576874,0.11365682631731033
YPL040C,YDR064W,0,1.9562726,0.22336065769195557,0.3253731429576874,0.11375688016414642
YDL064W,YBL011W,0,1.9551442,0.22320818901062012,0.3253731429576874,0.11385692656040192
YOL078W,YEL061C,0,1.9547523,0.22305592894554138,0.3253731429576874,0.113956980407238
YJR035W,YNR066C,0,1.9546912,0.22290389239788055,0.3253731429576874,0.1140570268034935
YER112W,YNL118C,1,1.9546528,0.2234332412481308,0.32636815309524536,0.1140570268034935
YPL027W,YPL066W,0,1.9546187,0.2232811450958252,0.32636815309524536,0.11415708065032959
YNR048W,YJL044C,0,1.9540279,0.2231292575597763,0.32636815309524536,0.11425712704658508
YMR014W,YLL015W,0,1.9504366,0.22297756373882294,0.32636815309524536,0.11435718089342117
YKR036C,YDL079C,0,1.9503527,0.22282609343528748,0.32636815309524536,0.11445722728967667
YNL158W,YER089C,0,1.9496757,0.22267481684684753,0.32636815309524536,0.11455728113651276
YLL057C,YLR312W-A,0,1.9494143,0.2225237488746643,0.32636815309524536,0.11465732753276825
YLR034C,YNL075W,0,1.9486382,0.2223728746175766,0.32636815309524536,0.11475738137960434
YOL033W,YJL208C,0,1.948098,0.2222222238779068,0.32636815309524536,0.11485742777585983
YMR171C,YJR092W,0,1.947893,0.22207176685333252,0.32636815309524536,0.11495748162269592
YNL124W,YDR511W,0,1.9460692,0.22192151844501495,0.32636815309524536,0.11505752801895142
YBR298C,YLR186W,0,1.9453009,0.2217714637517929,0.32636815309524536,0.1151575818657875
YBR131W,YDR345C,0,1.9426143,0.22162161767482758,0.32636815309524536,0.115257628262043
YNL016W,YNL221C,1,1.9404855,0.22214719653129578,0.32736319303512573,0.115257628262043
YIL154C,YFL023W,0,1.9402611,0.22199730575084686,0.32736319303512573,0.11535768210887909
YLL033W,YBR202W,0,1.939605,0.22184760868549347,0.32736319303512573,0.11545772850513458
YGL121C,YIL003W,0,1.9388676,0.2216981202363968,0.32736319303512573,0.11555778235197067
YOR380W,YPR119W,0,1.9373181,0.22154882550239563,0.32736319303512573,0.11565782874822617
YGR140W,YMR001C,0,1.9365972,0.22139972448349,0.32736319303512573,0.11575788259506226
YMR060C,YER164W,0,1.9359865,0.22125084698200226,0.32736319303512573,0.11585792899131775
YNL279W,YHR041C,0,1.9352745,0.22110214829444885,0.32736319303512573,0.11595797538757324
YOR119C,YGL243W,0,1.9348894,0.22095365822315216,0.32736319303512573,0.11605802923440933
YGL234W,YPR175W,0,1.9345642,0.220805361866951,0.32736319303512573,0.11615807563066483
YOR262W,YGR092W,0,1.9328573,0.22065727412700653,0.32736319303512573,0.11625812947750092
YGR254W,YGL045W,0,1.9325632,0.2205093801021576,0.32736319303512573,0.11635817587375641
YDR279W,YLR145W,1,1.9303199,0.22103148698806763,0.3283582031726837,0.11635817587375641
YDL089W,YBR191W,0,1.9302858,0.2208835333585739,0.3283582031726837,0.1164582297205925
YNL156C,YNL112W,0,1.9301863,0.22073578834533691,0.3283582031726837,0.11655827611684799
YLR256W,YHR019C,0,1.9291122,0.22058823704719543,0.3283582031726837,0.11665832996368408
YOR089C,YMR287C,0,1.9281487,0.22044087946414948,0.3283582031726837,0.11675837635993958
YCL067C,YOR077W,0,1.9273946,0.22029373049736023,0.3283582031726837,0.11685843020677567
YER156C,YOR089C,0,1.9268752,0.2201467603445053,0.3283582031726837,0.11695847660303116
YOR145C,YGL058W,0,1.9266162,0.2199999988079071,0.3283582031726837,0.11705853044986725
YDR343C,YMR246W,0,1.9260913,0.21985343098640442,0.3283582031726837,0.11715857684612274
YER050C,YNL323W,0,1.9247849,0.21970705687999725,0.3283582031726837,0.11725863069295883
YOR381W,YPR158C-D,0,1.9245628,0.2195608764886856,0.3283582031726837,0.11735867708921432
YBL011W,YNL069C,0,1.9245067,0.21941488981246948,0.3283582031726837,0.11745873093605042
YNL064C,YGL021W,0,1.9244573,0.21926909685134888,0.3283582031726837,0.11755877733230591
YDL007W,YOL021C,1,1.9241724,0.21978752315044403,0.3293532431125641,0.11755877733230591
YDR266C,YDR206W,1,1.9229572,0.22030524909496307,0.33034825325012207,0.11755877733230591
YGR250C,YPR036W-A,0,1.9229459,0.2201591581106186,0.33034825325012207,0.117658831179142
YHR110W,YKL032C,0,1.9229178,0.22001326084136963,0.33034825325012207,0.11775887757539749
YBL045C,YFL023W,0,1.9218254,0.219867542386055,0.33034825325012207,0.11785893142223358
YEL051W,YFR038W,0,1.921694,0.21972203254699707,0.33034825325012207,0.11795897781848907
YJL208C,YBR275C,0,1.9215615,0.21957671642303467,0.33034825325012207,0.11805903166532516
YOR001W,YDR293C,1,1.9214572,0.2200925350189209,0.33134329319000244,0.11805903166532516
YKL113C,YOL021C,1,1.9211347,0.2206076681613922,0.3323383033275604,0.11805903166532516
YOR042W,YFL023W,0,1.9209291,0.22046203911304474,0.3323383033275604,0.11815907806158066
YER048W-A,YNL002C,0,1.920377,0.22031661868095398,0.3323383033275604,0.11825913190841675
YGL048C,YNL282W,1,1.9188027,0.22083058953285217,0.3333333432674408,0.11825913190841675
YKL208W,YAL021C,1,1.9184455,0.22134387493133545,0.3343283534049988,0.11825913190841675
YDL138W,YFL023W,0,1.9169359,0.2211981564760208,0.3343283534049988,0.11835917830467224
YLR151C,YGL055W,0,1.9159607,0.2210526317358017,0.3343283534049988,0.11845923215150833
YNR048W,YLR151C,0,1.9153028,0.2209073007106781,0.3343283534049988,0.11855927854776382
YFL042C,YIL064W,0,1.9142227,0.22076214849948883,0.3343283534049988,0.11865933239459991
YOL148C,YJL072C,0,1.9141589,0.22061720490455627,0.3343283534049988,0.11875937879085541
YIL176C,YMR040W,0,1.9141529,0.22047244012355804,0.3343283534049988,0.1188594326376915
YDL160C,YOR048C,1,1.913744,0.2209836095571518,0.33532339334487915,0.1188594326376915
YNL284C-B,YHR155W,0,1.9132334,0.22083880007266998,0.33532339334487915,0.11895947903394699
YKL204W,YDL175C,1,1.9125744,0.22134904563426971,0.33631840348243713,0.11895947903394699
YDR324C,YOR343C-A,0,1.9124265,0.22120419144630432,0.33631840348243713,0.11905953288078308
YML113W,YLR276C,0,1.9116436,0.22105951607227325,0.33631840348243713,0.11915957927703857
YCL067C,YJL095W,0,1.9114444,0.2209150344133377,0.33631840348243713,0.11925963312387466
YOL142W,YDL126C,1,1.9114311,0.2214239090681076,0.3373134434223175,0.11925963312387466
YHL002W,YOL124C,0,1.9111612,0.22127936780452728,0.3373134434223175,0.11935967952013016
YOR371C,YCR016W,0,1.9110198,0.22113503515720367,0.3373134434223175,0.11945973336696625
YER068W,YNL072W,1,1.9075292,0.22164276242256165,0.3383084535598755,0.11945973336696625
YNL224C,YLR295C,0,1.9072039,0.22149837017059326,0.3383084535598755,0.11955977976322174
YDL193W,YCL059C,0,1.9066911,0.2213541716337204,0.3383084535598755,0.11965983361005783
YKL113C,YBL051C,1,1.905881,0.22186076641082764,0.33930349349975586,0.11965983361005783
YPR009W,YCR106W,0,1.9052633,0.22171650826931,0.33930349349975586,0.11975988000631332
YLR060W,YDL044C,0,1.9040525,0.22157244384288788,0.33930349349975586,0.11985992640256882
YOL094C,YKL095W,0,1.9026426,0.22142857313156128,0.33930349349975586,0.11995998024940491
YLR187W,YPL010W,0,1.8999081,0.221284881234169,0.33930349349975586,0.1200600266456604
YKL013C,YKR057W,0,1.8995923,0.22114136815071106,0.33930349349975586,0.12016008049249649
YHR149C,YPL178W,0,1.8981255,0.22099804878234863,0.33930349349975586,0.12026012688875198
YDR440W,YDR489W,0,1.8977473,0.22085492312908173,0.33930349349975586,0.12036018073558807
YAL010C,YOR042W,0,1.8976324,0.22071197628974915,0.33930349349975586,0.12046022713184357
YAL019W,YDR318W,0,1.8975321,0.2205692082643509,0.33930349349975586,0.12056028097867966
YLR151C,YHR183W,0,1.8972225,0.22042663395404816,0.33930349349975586,0.12066032737493515
YGL122C,YNR052C,1,1.8967605,0.22093023359775543,0.34029850363731384,0.12066032737493515
YDR409W,YCL074W,0,1.8963765,0.22078759968280792,0.34029850363731384,0.12076038122177124
YGL139W,YPL013C,0,1.8957208,0.22064515948295593,0.34029850363731384,0.12086042761802673
YDL101C,YER006W,0,1.8956091,0.22050289809703827,0.34029850363731384,0.12096048146486282
YOR110W,YHR019C,0,1.8955674,0.22036083042621613,0.34029850363731384,0.12106052786111832
YGL189C,YCL056C,0,1.8953199,0.22021892666816711,0.34029850363731384,0.1211605817079544
YIL154C,YOR167C,0,1.8940217,0.22007721662521362,0.34029850363731384,0.1212606281042099
YDL165W,YKL220C,1,1.8933825,0.22057877480983734,0.3412935435771942,0.1212606281042099
YGR092W,YNL069C,0,1.8917319,0.22043702006340027,0.3412935435771942,0.12136068195104599
YLL008W,YKR099C-A,0,1.8914027,0.22029544413089752,0.3412935435771942,0.12146072834730148
YMR153W,YLR048W,0,1.8908591,0.2201540470123291,0.3412935435771942,0.12156078219413757
YMR039C,YKL156W,0,1.8906064,0.220012828707695,0.3412935435771942,0.12166082859039307
YOL078W,YBR175W,0,1.8896674,0.21987178921699524,0.3412935435771942,0.12176088243722916
YDR527W,YCR024C,0,1.8896439,0.219730943441391,0.3412935435771942,0.12186092883348465
YOR358W,YGR089W,0,1.8895218,0.21959026157855988,0.3412935435771942,0.12196098268032074
YKR095W,YDL044C,0,1.8890243,0.21944977343082428,0.3412935435771942,0.12206102907657623
YNL065W,YMR146C,0,1.888917,0.219309464097023,0.3412935435771942,0.12216108292341232
YKR101W,YHR090C,0,1.8885427,0.21916933357715607,0.3412935435771942,0.12226112931966782
YMR154C,YJL173C,0,1.8874245,0.21902936697006226,0.3412935435771942,0.1223611831665039
YKL204W,YPL029W,1,1.8866861,0.21952776610851288,0.3422885537147522,0.1223611831665039
YGL207W,YER118C,0,1.8865066,0.21938775479793549,0.3422885537147522,0.1224612295627594
YPL055C,YLR074C,0,1.8857234,0.21924792230129242,0.3422885537147522,0.12256128340959549
YMR115W,YGR276C,0,1.8856962,0.21910828351974487,0.3422885537147522,0.12266132980585098
YAL007C,YNL314W,0,1.8851702,0.21896880865097046,0.3422885537147522,0.12276138365268707
YPR042C,YKR095W,1,1.8847849,0.21946564316749573,0.34328359365463257,0.12276138365268707
YJR050W,YBR030W,0,1.8837035,0.21932612359523773,0.34328359365463257,0.12286143004894257
YNL221C,YJR043C,1,1.8835886,0.21982210874557495,0.34427860379219055,0.12286143004894257
YLR187W,YPR175W,0,1.882504,0.21968254446983337,0.34427860379219055,0.12296148389577866
YMR211W,YFL059W,0,1.8820899,0.21954314410686493,0.34427860379219055,0.12306153029203415
YPR190C,YNL147W,0,1.8803189,0.219403937458992,0.34427860379219055,0.12316158413887024
YCR026C,YGL209W,0,1.8781449,0.2192648947238922,0.34427860379219055,0.12326163053512573
YOR176W,YGL135W,0,1.8778543,0.21912603080272675,0.34427860379219055,0.12336168438196182
YOR182C,YHR014W,0,1.8778386,0.2189873456954956,0.34427860379219055,0.12346173077821732
YGR058W,YLR086W,0,1.8777448,0.2188488245010376,0.34427860379219055,0.12356177717447281
YMR171C,YDR364C,0,1.87731,0.2187104970216751,0.34427860379219055,0.1236618310213089
YHR010W,YDR198C,0,1.8769056,0.21857233345508575,0.34427860379219055,0.12376187741756439
YBR257W,YPL178W,1,1.8764293,0.21906565129756927,0.3452736437320709,0.12376187741756439
YHR149C,YOR205C,0,1.8759568,0.21892744302749634,0.3452736437320709,0.12386193126440048
YKL112W,YJL191W,0,1.8750627,0.21878941357135773,0.3452736437320709,0.12396197766065598
YNL084C,YMR024W,0,1.8750541,0.21865154802799225,0.3452736437320709,0.12406203150749207
YJL140W,YDR159W,1,1.8745748,0.2191435694694519,0.3462686538696289,0.12406203150749207
YPR090W,YBL037W,0,1.8731399,0.21900565922260284,0.3462686538696289,0.12416207790374756
YBR167C,YGL094C,1,1.8719263,0.21949686110019684,0.3472636938095093,0.12416207790374756
YNL038W,YGL115W,0,1.8719168,0.219358891248703,0.3472636938095093,0.12426213175058365
YDR233C,YKL062W,0,1.871027,0.2192211002111435,0.3472636938095093,0.12436217814683914
YDL030W,YBR009C,0,1.8709934,0.2190834879875183,0.3472636938095093,0.12446223199367523
YER159C,YEL061C,0,1.8709158,0.21894605457782745,0.3472636938095093,0.12456227838993073
YLR014C,YNL236W,0,1.8707829,0.21880877017974854,0.3472636938095093,0.12466233223676682
YOR083W,YMR177W,0,1.8707635,0.21867167949676514,0.3472636938095093,0.12476237863302231
YMR136W,YKR057W,0,1.8707614,0.21853475272655487,0.3472636938095093,0.1248624324798584
YNL273W,YMR236W,0,1.8705742,0.21839800477027893,0.3472636938095093,0.12496247887611389
YDR489W,YOR094W,0,1.8704456,0.21826142072677612,0.3472636938095093,0.12506252527236938
YHR149C,YOR141C,0,1.8684978,0.21812500059604645,0.3472636938095093,0.12516258656978607
YIL004C,YPL027W,0,1.8679965,0.2179887592792511,0.3472636938095093,0.12526263296604156
YDL101C,YFR032C-A,0,1.8677919,0.21785268187522888,0.3472636938095093,0.12536267936229706
YNL149C,YCL059C,0,1.86723,0.217716783285141,0.3472636938095093,0.12546272575855255
YOR210W,YNR063W,0,1.8665576,0.21758104860782623,0.3472636938095093,0.12556278705596924
YDL111C,YCR077C,1,1.8632646,0.21806854009628296,0.34825870394706726,0.12556278705596924
YMR113W,YDR529C,0,1.862488,0.21793274581432343,0.34825870394706726,0.12566283345222473
YER068W,YKL113C,1,1.8623085,0.2184194177389145,0.34925374388694763,0.12566283345222473
YMR239C,YOR173W,1,1.8616614,0.2189054787158966,0.3502487540245056,0.12566283345222473
YGL011C,YDL170W,0,1.8616357,0.21876941621303558,0.3502487540245056,0.12576287984848022
YFL017W-A,YNL091W,0,1.861115,0.21863354742527008,0.3502487540245056,0.12586292624473572
YKL186C,YML076C,0,1.8610629,0.21849782764911652,0.3502487540245056,0.1259629875421524
YOL155C,YDL051W,0,1.861024,0.21836228668689728,0.3502487540245056,0.1260630339384079
YIR014W,YKL001C,0,1.8604149,0.21822690963745117,0.3502487540245056,0.1261630803346634
YDL208W,YBR186W,0,1.8594259,0.2180916965007782,0.3502487540245056,0.12626312673091888
YPL190C,YOL021C,1,1.8590502,0.2185758501291275,0.351243793964386,0.12626312673091888
YKL013C,YLR073C,0,1.8581505,0.21844059228897095,0.351243793964386,0.12636318802833557
YJL006C,YJL144W,0,1.8576248,0.21830549836158752,0.351243793964386,0.12646323442459106
YGR006W,YPR111W,1,1.8575978,0.21878862380981445,0.35223880410194397,0.12646323442459106
YLR086W,YOL103W,0,1.8574592,0.21865348517894745,0.35223880410194397,0.12656328082084656
YGL175C,YIR021W,0,1.8572993,0.21851852536201477,0.35223880410194397,0.12666332721710205
YOR083W,YLR264W,0,1.8572522,0.21838371455669403,0.35223880410194397,0.12676338851451874
YHR133C,YKL025C,0,1.8571653,0.21824908256530762,0.35223880410194397,0.12686343491077423
YMR312W,YGL037C,0,1.8570745,0.21811459958553314,0.35223880410194397,0.12696348130702972
YGL094C,YCL001W-B,1,1.8563886,0.21859605610370636,0.35323384404182434,0.12696348130702972
YFR008W,YGR055W,0,1.8562311,0.2184615433216095,0.35323384404182434,0.12706352770328522
YOR166C,YOR359W,1,1.8555672,0.21894219517707825,0.3542288541793823,0.12706352770328522
YOR229W,YBR208C,0,1.8552556,0.2188076227903366,0.3542288541793823,0.1271635890007019
YLR048W,YDL051W,0,1.8535886,0.2186732143163681,0.3542288541793823,0.1272636353969574
YCL011C,YPR042C,1,1.8527341,0.21915285289287567,0.3552238941192627,0.1272636353969574
YPR067W,YNL075W,0,1.8526928,0.21901839971542358,0.3552238941192627,0.1273636817932129
YNL256W,YLR039C,0,1.8526845,0.21888412535190582,0.3552238941192627,0.12746372818946838
YFL042C,YDR432W,0,1.8526306,0.21875,0.3552238941192627,0.12756377458572388
YJR043C,YOR359W,1,1.8523759,0.21922841668128967,0.3562189042568207,0.12756377458572388
YBR191W,YOR275C,0,1.8513297,0.21909424662590027,0.3562189042568207,0.12766383588314056
YHL007C,YDR421W,0,1.8507085,0.218960240483284,0.3562189042568207,0.12776388227939606
YMR263W,YKR081C,0,1.8503891,0.21882641315460205,0.3562189042568207,0.12786392867565155
YMR246W,YKR003W,0,1.8502917,0.21869273483753204,0.3562189042568207,0.12796397507190704
YOR038C,YEL029C,0,1.847968,0.21855922043323517,0.3562189042568207,0.12806403636932373
YOR396W,YMR243C,0,1.8478012,0.21842586994171143,0.3562189042568207,0.12816408276557922
YLR070C,YHR089C,0,1.8462188,0.21829268336296082,0.3562189042568207,0.12826412916183472
YMR234W,YBL018C,1,1.8457952,0.21876904368400574,0.35721394419670105,0.12826412916183472
YGL122C,YBR167C,1,1.8457866,0.2192448228597641,0.35820895433425903,0.12826412916183472
YOR359W,YPR072W,1,1.8453083,0.2197200208902359,0.3592039942741394,0.12826412916183472
YCL074W,YGL115W,0,1.8451197,0.21958637237548828,0.3592039942741394,0.1283641755580902
YIR033W,YNR024W,1,1.8448179,0.220060795545578,0.3601990044116974,0.1283641755580902
YKL186C,YGR103W,0,1.8428346,0.2199271023273468,0.3601990044116974,0.1284642368555069
YOR001W,YGR272C,1,1.8414907,0.22040073573589325,0.36119404435157776,0.1284642368555069
YDR527W,YOR262W,0,1.8408902,0.22026698291301727,0.36119404435157776,0.1285642832517624
YJL124C,YGR072W,1,1.8397703,0.22073984146118164,0.36218905448913574,0.1285642832517624
YBR142W,YKL054C,0,1.8396153,0.22060605883598328,0.36218905448913574,0.12866432964801788
YKR095W,YER168C,0,1.8391259,0.22047244012355804,0.36218905448913574,0.12876437604427338
YOR060C,YJL030W,0,1.8385075,0.22033898532390594,0.36218905448913574,0.12886443734169006
YDR315C,YHR069C,1,1.8381064,0.2208106517791748,0.3631840944290161,0.12886443734169006
YER001W,YLR187W,0,1.8376863,0.22067715227603912,0.3631840944290161,0.12896448373794556
YLL045C,YMR224C,0,1.8368313,0.22054380178451538,0.3631840944290161,0.12906453013420105
YDL095W,YOL089C,0,1.83661,0.22041063010692596,0.3631840944290161,0.12916457653045654
YLR119W,YLR114C,0,1.8364863,0.2202776074409485,0.3631840944290161,0.12926463782787323
YBL032W,YDL025C,0,1.8360195,0.22014474868774414,0.3631840944290161,0.12936468422412872
YHR005C,YFL017W-A,0,1.8359768,0.22001205384731293,0.3631840944290161,0.12946473062038422
YMR153W,YKL181W,0,1.8357607,0.21987952291965485,0.3631840944290161,0.1295647770166397
YHL007C,YDR489W,0,1.8352534,0.2197471410036087,0.3631840944290161,0.1296648383140564
YOR346W,YOR211C,0,1.8352365,0.2196149230003357,0.3631840944290161,0.1297648847103119
YER154W,YEL029C,0,1.8342642,0.21948286890983582,0.3631840944290161,0.12986493110656738
YMR215W,YDR293C,0,1.8342259,0.21935096383094788,0.3631840944290161,0.12996497750282288
YNL097C,YDR511W,0,1.8337129,0.21921922266483307,0.3631840944290161,0.13006503880023956
YMR073C,YJR092W,0,1.8336227,0.2190876305103302,0.3631840944290161,0.13016508519649506
YOR319W,YMR044W,0,1.8334353,0.21895620226860046,0.3631840944290161,0.13026513159275055
YLR060W,YOR045W,0,1.8333887,0.21882493793964386,0.3631840944290161,0.13036517798900604
YGL014W,YBL105C,1,1.8324984,0.21929298341274261,0.3641791045665741,0.13036517798900604
YBR214W,YJL191W,0,1.8317347,0.21916167438030243,0.3641791045665741,0.13046523928642273
YOR172W,YOR001W,0,1.8313644,0.21903051435947418,0.3641791045665741,0.13056528568267822
YER156C,YOR044W,0,1.8309067,0.21889951825141907,0.3641791045665741,0.13066533207893372
YBL028C,YHR123W,0,1.830642,0.21876868605613708,0.3641791045665741,0.1307653784751892
YPL192C,YMR171C,0,1.8293662,0.21863798797130585,0.3641791045665741,0.1308654397726059
YNL001W,YBL032W,1,1.8284911,0.21910448372364044,0.3651741147041321,0.1308654397726059
YBR290W,YDR210W-D,0,1.827611,0.21897374093532562,0.3651741147041321,0.1309654861688614
YDR099W,YHL039W,0,1.8268467,0.21884317696094513,0.3651741147041321,0.13106553256511688
YKR081C,YER118C,0,1.8262424,0.21871274709701538,0.3651741147041321,0.13116557896137238
YML097C,YDR155C,0,1.825938,0.21858249604701996,0.3651741147041321,0.13126564025878906
YHL039W,YJL107C,0,1.8257171,0.21845237910747528,0.3651741147041321,0.13136568665504456
YOL152W,YCR102C,0,1.8251655,0.21832242608070374,0.3651741147041321,0.13146573305130005
YPR085C,YGL143C,0,1.8246135,0.21819262206554413,0.3651741147041321,0.13156577944755554
YGR195W,YGL237C,0,1.8233182,0.21806298196315765,0.3651741147041321,0.13166582584381104
YHR005C,YBL011W,0,1.8201128,0.21793349087238312,0.3651741147041321,0.13176588714122772
YGL237C,YEL029C,0,1.8193053,0.21780414879322052,0.3651741147041321,0.13186593353748322
YJR049C,YPL069C,0,1.8183255,0.21767497062683105,0.3651741147041321,0.1319659799337387
YCL001W-B,YMR264W,0,1.8182164,0.21754594147205353,0.3651741147041321,0.1320660263299942
YJR105W,YLR371W,0,1.8169708,0.21741706132888794,0.3651741147041321,0.1321660876274109
YDL175C,YNL004W,1,1.815589,0.21788039803504944,0.36616915464401245,0.1321660876274109
YMR039C,YBR115C,0,1.8148667,0.21775147318840027,0.36616915464401245,0.13226613402366638
YPR111W,YLR154C,1,1.8134953,0.21821407973766327,0.36716416478157043,0.13226613402366638
YOR210W,YDL137W,0,1.812536,0.21808511018753052,0.36716416478157043,0.13236618041992188
YDL004W,YNL188W,0,1.8123121,0.2179562896490097,0.36716416478157043,0.13246622681617737
YER050C,YNR044W,0,1.810471,0.21782763302326202,0.36716416478157043,0.13256628811359406
YKR080W,YHR046C,0,1.8092024,0.2176991105079651,0.36716416478157043,0.13266633450984955
YNR044W,YPL196W,0,1.8090327,0.21757075190544128,0.36716416478157043,0.13276638090610504
YOL149W,YKL009W,1,1.8089752,0.21803182363510132,0.3681592047214508,0.13276638090610504
YKR095W,YHL040C,0,1.8081634,0.21790342032909393,0.3681592047214508,0.13286642730236053
YCL011C,YNL147W,1,1.8077881,0.21836374700069427,0.3691542148590088,0.13286642730236053
YGL009C,YBR173C,0,1.8077478,0.2182352989912033,0.3691542148590088,0.13296648859977722
YOR210W,YPL015C,0,1.8058658,0.21810699999332428,0.3691542148590088,0.13306653499603271
YLL055W,YAR066W,0,1.8043842,0.2179788500070572,0.3691542148590088,0.1331665813922882
YER088C,YCR053W,0,1.8038229,0.21785084903240204,0.3691542148590088,0.1332666277885437
YOL022C,YBL011W,0,1.8037696,0.21772301197052002,0.3691542148590088,0.1333666890859604
YKL012W,YMR300C,0,1.8032624,0.21759530901908875,0.3691542148590088,0.13346673548221588
YPL081W,YJR033C,0,1.8030288,0.2174677550792694,0.3691542148590088,0.13356678187847137
YMR211W,YJL208C,0,1.8020641,0.2173403650522232,0.3691542148590088,0.13366682827472687
YER027C,YGL043W,0,1.80091,0.21721310913562775,0.3691542148590088,0.13376688957214355
YNR023W,YGR183C,0,1.8000382,0.21708601713180542,0.3691542148590088,0.13386693596839905
YDR168W,YJL095W,0,1.7993425,0.21695905923843384,0.3691542148590088,0.13396698236465454
YGL178W,YKL090W,1,1.799284,0.21741671860218048,0.37014925479888916,0.13396698236465454
YHR021C,YMR044W,0,1.7990162,0.21728971600532532,0.37014925479888916,0.13406702876091003
YER137C-A,YIL126W,0,1.7989068,0.2171628773212433,0.37014925479888916,0.13416709005832672
YML066C,YML024W,0,1.7988493,0.217036172747612,0.37014925479888916,0.13426713645458221
YMR125W,YER112W,1,1.798496,0.2174927145242691,0.37114426493644714,0.13426713645458221
YLR145W,YJR091C,1,1.7982031,0.21794871985912323,0.3721393048763275,0.13426713645458221
YGR006W,YPR189W,1,1.7978606,0.21840418875217438,0.3731343150138855,0.13426713645458221
YLR187W,YOR216C,0,1.7973688,0.21827706694602966,0.3731343150138855,0.1343671828508377
YCL021W-A,YMR112C,0,1.7965533,0.2181500941514969,0.3731343150138855,0.1344672292470932
YNL175C,YFL059W,0,1.7962087,0.21802325546741486,0.3731343150138855,0.1345672905445099
YKL181W,YLL029W,0,1.7960206,0.21789656579494476,0.3731343150138855,0.13466733694076538
YOL139C,YBL018C,1,1.7958302,0.21835075318813324,0.37412935495376587,0.13466733694076538
YJL102W,YKL216W,0,1.7947462,0.21822403371334076,0.37412935495376587,0.13476738333702087
YBR009C,YMR313C,0,1.7936058,0.21809744834899902,0.37412935495376587,0.13486742973327637
YBL105C,YPR072W,1,1.793473,0.21855072677135468,0.37512436509132385,0.13486742973327637
YKR029C,YKL032C,0,1.7933831,0.21842409670352936,0.37512436509132385,0.13496749103069305
YDR374C,YER165W,1,1.7925264,0.2188766598701477,0.3761194050312042,0.13496749103069305
YDR279W,YGR206W,0,1.7920574,0.21875,0.3761194050312042,0.13506753742694855
YMR312W,YGL121C,0,1.7920419,0.21862348914146423,0.3761194050312042,0.13516758382320404
YGL143C,YNR060W,0,1.7918001,0.2184971123933792,0.3761194050312042,0.13526763021945953
YJL006C,YPR119W,0,1.7913467,0.21837088465690613,0.3761194050312042,0.13536767661571503
YML046W,YMR056C,0,1.7913392,0.21824480593204498,0.3761194050312042,0.1354677379131317
YDR151C,YDL102W,1,1.7907045,0.21869590878486633,0.3771144151687622,0.1354677379131317
YGR255C,YBR290W,0,1.7890272,0.2185697853565216,0.3771144151687622,0.1355677843093872
YDR465C,YEL052W,0,1.7882417,0.21844381093978882,0.3771144151687622,0.1356678307056427
YER069W,YDR345C,0,1.787824,0.21831797063350677,0.3771144151687622,0.1357678771018982
YDR420W,YER030W,0,1.7877865,0.21819227933883667,0.3771144151687622,0.13586793839931488
YOR048C,YDL159W,0,1.7870708,0.2180667370557785,0.3771144151687622,0.13596798479557037
YER118C,YML015C,0,1.786014,0.21794134378433228,0.3771144151687622,0.13606803119182587
YDR218C,YLR335W,0,1.7856613,0.2178160846233368,0.3771144151687622,0.13616807758808136
YPR009W,YKR024C,0,1.785376,0.21769098937511444,0.3771144151687622,0.13626813888549805
YNR062C,YHR005C,0,1.7842336,0.21756601333618164,0.3771144151687622,0.13636818528175354
YBR191W,YDL025C,0,1.7836726,0.21744118630886078,0.3771144151687622,0.13646823167800903
YOR190W,YEL024W,0,1.7835041,0.21731650829315186,0.3771144151687622,0.13656827807426453
YEL052W,YPL015C,0,1.7830843,0.21719197928905487,0.3771144151687622,0.1366683393716812
YGL233W,YBR115C,0,1.7820785,0.21706758439540863,0.3771144151687622,0.1367683857679367
YIL016W,YBR293W,0,1.7811334,0.21694333851337433,0.3771144151687622,0.1368684321641922
YLR291C,YBR065C,0,1.780838,0.21681922674179077,0.3771144151687622,0.1369684785604477
YKL181W,YKR081C,0,1.7799592,0.21669524908065796,0.3771144151687622,0.13706853985786438
YMR039C,YPL082C,0,1.7767836,0.21657143533229828,0.3771144151687622,0.13716858625411987
YML033W,YOL044W,0,1.7761497,0.21644774079322815,0.3771144151687622,0.13726863265037537
YGL246C,YHR062C,1,1.7761177,0.2168949842453003,0.3781094551086426,0.13726863265037537
YKL059C,YDL044C,0,1.774601,0.21677124500274658,0.3781094551086426,0.13736867904663086
YCR068W,YOR136W,0,1.773848,0.216647669672966,0.3781094551086426,0.13746874034404755
YIL142W,YKL208W,0,1.7736974,0.21652421355247498,0.3781094551086426,0.13756878674030304
YML046W,YOL124C,0,1.7734015,0.2164009064435959,0.3781094551086426,0.13766883313655853
YCR014C,YDR478W,0,1.7729588,0.21627774834632874,0.3781094551086426,0.13776887953281403
YML014W,YJR049C,0,1.7721331,0.21615472435951233,0.3781094551086426,0.1378689408302307
YOR358W,YKL001C,0,1.772073,0.21603183448314667,0.3781094551086426,0.1379689872264862
YER049W,YKL025C,1,1.7716392,0.21647727489471436,0.37910446524620056,0.1379689872264862
YBR167C,YOL072W,1,1.7712517,0.21692220866680145,0.38009950518608093,0.1379689872264862
YBL100W-A,YGR180C,0,1.7706677,0.21679909527301788,0.38009950518608093,0.1380690336227417
YCL073C,YIL115C,0,1.7703273,0.21667611598968506,0.38009950518608093,0.1381690800189972
YPR191W,YHR042W,0,1.7699311,0.21655328571796417,0.38009950518608093,0.13826914131641388
YER070W,YHL050C,0,1.7693732,0.21643058955669403,0.38009950518608093,0.13836918771266937
YOR060C,YJL194W,0,1.768966,0.21630804240703583,0.38009950518608093,0.13846923410892487
YGL189C,YGL237C,0,1.7686615,0.21618562936782837,0.38009950518608093,0.13856928050518036
YDL212W,YDR261C-C,0,1.7684739,0.21606335043907166,0.38009950518608093,0.13866934180259705
YCR052W,YOR141C,0,1.7673625,0.21594120562076569,0.38009950518608093,0.13876938819885254
YBL032W,YOR048C,1,1.7673522,0.2163841873407364,0.3810945153236389,0.13876938819885254
YMR153W,YER157W,0,1.7668865,0.21626199781894684,0.3810945153236389,0.13886943459510803
YOL078W,YGR104C,0,1.7665422,0.21613995730876923,0.3810945153236389,0.13896948099136353
YJL190C,YEL024W,0,1.7663872,0.21601805090904236,0.3810945153236389,0.13906952738761902
YKR082W,YDL201W,0,1.7662616,0.21589627861976624,0.3810945153236389,0.1391695886850357
YLR372W,YCR105W,0,1.765379,0.21577464044094086,0.3810945153236389,0.1392696350812912
YML006C,YMR220W,0,1.7650738,0.21565315127372742,0.3810945153236389,0.1393696814775467
YPL029W,YJL087C,1,1.7648268,0.21609453856945038,0.3820895552635193,0.1393696814775467
YOL009C,YGR083C,0,1.7638645,0.21597300469875336,0.3820895552635193,0.13946972787380219
YLR419W,YJL069C,0,1.7634315,0.21585160493850708,0.3820895552635193,0.13956978917121887
YDL064W,YDL088C,0,1.7626356,0.21573033928871155,0.3820895552635193,0.13966983556747437
YMR080C,YDL165W,1,1.7624495,0.21617068350315094,0.38308456540107727,0.13966983556747437
YDR179C,YBR235W,0,1.7620175,0.21604938805103302,0.38308456540107727,0.13976988196372986
YLL048C,YKR036C,0,1.7610984,0.21592821180820465,0.38308456540107727,0.13986992835998535
YNL239W,YHR079C-A,0,1.7603703,0.21580716967582703,0.38308456540107727,0.13996998965740204
YDR420W,YFL043C,0,1.760357,0.21568627655506134,0.38308456540107727,0.14007003605365753
YNL175C,YJR135W-A,0,1.7589897,0.2155655026435852,0.38308456540107727,0.14017008244991302
YBR279W,YOR211C,0,1.7586462,0.215444877743721,0.38308456540107727,0.14027012884616852
YDL095W,YGL037C,0,1.7571945,0.21532438695430756,0.38308456540107727,0.1403701901435852
YGL230C,YBL071W-A,0,1.7570599,0.21520403027534485,0.38308456540107727,0.1404702365398407
YJL208C,YGL213C,1,1.756753,0.21564245223999023,0.38407960534095764,0.1404702365398407
YPL075W,YOR167C,0,1.7561579,0.21552205085754395,0.38407960534095764,0.1405702829360962
YJR074W,YDR346C,0,1.7561326,0.2154017835855484,0.38407960534095764,0.14067032933235168
YMR228W,YHR168W,0,1.7560698,0.2152816504240036,0.38407960534095764,0.14077039062976837
YPR009W,YDR519W,0,1.7560453,0.21516165137290955,0.38407960534095764,0.14087043702602386
YGR208W,YER048C,0,1.7554352,0.21504178643226624,0.38407960534095764,0.14097048342227936
YBL018C,YER035W,1,1.7554123,0.2154788374900818,0.3850746154785156,0.14097048342227936
YOR380W,YDL130W,0,1.7552006,0.2153589278459549,0.3850746154785156,0.14107052981853485
YGL148W,YDL109C,0,1.7548717,0.21523915231227875,0.3850746154785156,0.14117059111595154
YOR038C,YNL025C,0,1.7544545,0.21511951088905334,0.3850746154785156,0.14127063751220703
YNR027W,YJL095W,0,1.754079,0.2150000035762787,0.3850746154785156,0.14137068390846252
YOR210W,YDR359C,0,1.7532245,0.21488061547279358,0.3850746154785156,0.14147073030471802
YGL147C,YNR073C,0,1.7525963,0.2147613763809204,0.3850746154785156,0.1415707916021347
YMR113W,YPL091W,0,1.7522717,0.2146422564983368,0.3850746154785156,0.1416708379983902
YPR193C,YLR074C,0,1.7522253,0.2145232856273651,0.3850746154785156,0.1417708843946457
YCL067C,YIL016W,0,1.7518859,0.21440443396568298,0.3850746154785156,0.14187093079090118
YJL093C,YBR271W,0,1.7514215,0.2142857164144516,0.3850746154785156,0.14197099208831787
YMR098C,YBR170C,1,1.7502856,0.21472053229808807,0.386069655418396,0.14197099208831787
YER112W,YPL199C,1,1.7496753,0.21515487134456635,0.387064665555954,0.14197099208831787
YGL122C,YIL038C,1,1.7485446,0.21558871865272522,0.38805970549583435,0.14197099208831787
YNL232W,YDR370C,1,1.7481155,0.21602210402488708,0.38905471563339233,0.14197099208831787
YGR235C,YBR094W,0,1.7480572,0.21590282022953033,0.38905471563339233,0.14207103848457336
YGR199W,YKR081C,0,1.7477275,0.21578367054462433,0.38905471563339233,0.14217108488082886
YDR354W,YDR110W,0,1.7474196,0.21566464006900787,0.38905471563339233,0.14227113127708435
YMR014W,YBR204C,0,1.7472699,0.21554575860500336,0.38905471563339233,0.14237119257450104
YDR189W,YGR083C,0,1.7472198,0.2154269963502884,0.38905471563339233,0.14247123897075653
YJL038C,YDL212W,0,1.745996,0.21530836820602417,0.38905471563339233,0.14257128536701202
YIL134W,YPL214C,0,1.7456385,0.2151898741722107,0.38905471563339233,0.14267133176326752
YLR099W-A,YLR256W,0,1.7452579,0.21507151424884796,0.38905471563339233,0.1427713930606842
YMR145C,YGR216C,0,1.7446651,0.21495327353477478,0.38905471563339233,0.1428714394569397
YDL208W,YGR099W,0,1.7445906,0.21483516693115234,0.38905471563339233,0.1429714858531952
YGR046W,YLR074C,0,1.7444787,0.21471719443798065,0.38905471563339233,0.14307153224945068
YLR423C,YDR233C,0,1.7438802,0.2145993411540985,0.38905471563339233,0.14317157864570618
YBL100W-A,YOR216C,0,1.7433125,0.21448162198066711,0.38905471563339233,0.14327163994312286
YPR002W,YOL152W,0,1.7429215,0.21436403691768646,0.38905471563339233,0.14337168633937836
YKL181W,YCL040W,0,1.7421476,0.21424657106399536,0.38905471563339233,0.14347173273563385
YLL045C,YJL123C,0,1.7416246,0.214129239320755,0.38905471563339233,0.14357177913188934
YGL234W,YKR038C,0,1.7415874,0.2140120416879654,0.38905471563339233,0.14367184042930603
YOL144W,YIL115C,0,1.7413996,0.21389496326446533,0.38905471563339233,0.14377188682556152
YJL069C,YLR118C,0,1.7408863,0.21377801895141602,0.38905471563339233,0.14387193322181702
YNL191W,YJR131W,0,1.7408054,0.21366120874881744,0.38905471563339233,0.1439719796180725
YER015W,YNR067C,0,1.7407938,0.21354451775550842,0.38905471563339233,0.1440720409154892
YDL105W,YBR208C,0,1.7403139,0.21342794597148895,0.38905471563339233,0.1441720873117447
YJR014W,YMR285C,0,1.7402151,0.21331150829792023,0.38905471563339233,0.14427213370800018
YDR266C,YOL021C,1,1.7400814,0.21374045312404633,0.3900497555732727,0.14427213370800018
YOL058W,YKR003W,0,1.7398934,0.2136239856481552,0.3900497555732727,0.14437218010425568
YOL022C,YBR208C,0,1.739676,0.21350762248039246,0.3900497555732727,0.14447224140167236
YOR319W,YPR055W,0,1.7396299,0.21339139342308044,0.3900497555732727,0.14457228779792786
YLR239C,YDL044C,0,1.7387207,0.21327529847621918,0.3900497555732727,0.14467233419418335
YNL188W,YLR039C,0,1.7383727,0.21315932273864746,0.3900497555732727,0.14477238059043884
YFR032C-A,YGL170C,0,1.7372949,0.2130434811115265,0.3900497555732727,0.14487244188785553
YER167W,YKL057C,0,1.736127,0.21292775869369507,0.3900497555732727,0.14497248828411102
YLR165C,YIL115C,0,1.7359428,0.2128121554851532,0.3900497555732727,0.14507253468036652
YPL256C,YPL159C,0,1.7356383,0.21269668638706207,0.3900497555732727,0.145172581076622
YDR096W,YIL096C,0,1.7352185,0.2125813513994217,0.3900497555732727,0.1452726423740387
YBL032W,YGR100W,0,1.7349787,0.21246612071990967,0.3900497555732727,0.1453726887702942
YFR044C,YMR290C,0,1.7349035,0.2123510241508484,0.3900497555732727,0.14547273516654968
YBR142W,YDL047W,0,1.7342179,0.21223606169223785,0.3900497555732727,0.14557278156280518
YJL127C-B,YCR075W-A,0,1.7341092,0.21212121844291687,0.3900497555732727,0.14567284286022186
YOR060C,YOL123W,0,1.7340114,0.21200649440288544,0.3900497555732727,0.14577288925647736
YER176W,YFL038C,1,1.7339594,0.21243242919445038,0.3910447657108307,0.14577288925647736
YMR209C,YMR056C,0,1.7335045,0.21231766045093536,0.3910447657108307,0.14587293565273285
YDL126C,YKL090W,1,1.7334824,0.21274298429489136,0.39203980565071106,0.14587293565273285
YKL186C,YPR129W,0,1.7331389,0.21262817084789276,0.39203980565071106,0.14597298204898834
YHR214C-C,YDR059C,0,1.7325358,0.2125134915113449,0.39203980565071106,0.14607304334640503
YBR136W,YBR217W,0,1.7321848,0.21239891648292542,0.39203980565071106,0.14617308974266052
YNL062C,YOR145C,0,1.7314156,0.21228447556495667,0.39203980565071106,0.14627313613891602
YLL048C,YEL061C,0,1.7312245,0.21217016875743866,0.39203980565071106,0.1463731825351715
YGR068C,YMR076C,0,1.730741,0.2120559811592102,0.39203980565071106,0.1464732438325882
YDR280W,YPL199C,1,1.7289861,0.212479829788208,0.39303481578826904,0.1464732438325882
YOR287C,YPL196W,0,1.7283852,0.21236559748649597,0.39303481578826904,0.1465732902288437
YGR129W,YNL091W,0,1.7280245,0.2122514843940735,0.39303481578826904,0.14667333662509918
YLR461W,YLR221C,0,1.7276516,0.21213749051094055,0.39303481578826904,0.14677338302135468
YOL156W,YHR052W,0,1.7272248,0.21202361583709717,0.39303481578826904,0.14687342941761017
YMR205C,YHL021C,0,1.7263187,0.21190987527370453,0.39303481578826904,0.14697349071502686
YBR261C,YNL256W,0,1.7263079,0.21179625391960144,0.39303481578826904,0.14707353711128235
YPL195W,YLR430W,0,1.7260363,0.2116827368736267,0.39303481578826904,0.14717358350753784
YOL019W,YLR441C,0,1.7258136,0.21156936883926392,0.39303481578826904,0.14727362990379333
YNL065W,YHR181W,0,1.7256966,0.21145610511302948,0.39303481578826904,0.14737369120121002
YIL134W,YPL179W,0,1.7241101,0.2113429605960846,0.39303481578826904,0.14747373759746552
YNL024C-A,YHR155W,0,1.7237496,0.21122995018959045,0.39303481578826904,0.147573783993721
YDR420W,YBR163W,0,1.7236488,0.21111704409122467,0.39303481578826904,0.1476738303899765
YIL021W,YDR254W,0,1.7234819,0.21100427210330963,0.39303481578826904,0.1477738916873932
YBL019W,YMR300C,0,1.7233331,0.21089161932468414,0.39303481578826904,0.14787393808364868
YPL013C,YDR432W,0,1.7230515,0.2107790857553482,0.39303481578826904,0.14797398447990417
YMR177W,YML038C,0,1.7219898,0.21066667139530182,0.39303481578826904,0.14807403087615967
YMR115W,YGL064C,0,1.7215167,0.21055437624454498,0.39303481578826904,0.14817409217357635
YDR279W,YDR172W,1,1.7214875,0.21097496151924133,0.3940298557281494,0.14817409217357635
YGR216C,YBR275C,0,1.7208321,0.21086262166500092,0.3940298557281494,0.14827413856983185
YER001W,YKL032C,0,1.7206419,0.21075040102005005,0.3940298557281494,0.14837418496608734
YJR059W,YDR468C,0,1.7205974,0.21063829958438873,0.3940298557281494,0.14847423136234283
YBR261C,YMR290C,0,1.7203263,0.21052631735801697,0.3940298557281494,0.14857429265975952
YDR151C,YNL282W,1,1.7193389,0.21094579994678497,0.3950248658657074,0.14857429265975952
YDR151C,YCR035C,1,1.7192864,0.21136485040187836,0.39601990580558777,0.14857429265975952
YDL143W,YDR364C,0,1.7191862,0.21125265955924988,0.39601990580558777,0.14867433905601501
YGL246C,YBR008C,0,1.7190244,0.21114058792591095,0.39601990580558777,0.1487743854522705
YKL013C,YBL042C,0,1.7182488,0.21102863550186157,0.39601990580558777,0.148874431848526
YNL240C,YBR172C,0,1.7175839,0.21091680228710175,0.39601990580558777,0.1489744931459427
YPL220W,YPL149W,0,1.7171154,0.21080508828163147,0.39601990580558777,0.14907453954219818
YJR057W,YER035W,0,1.7166528,0.21069349348545074,0.39601990580558777,0.14917458593845367
YKR075C,YER072W,0,1.7162194,0.21058201789855957,0.39601990580558777,0.14927463233470917
YGL143C,YLR039C,0,1.7158729,0.21047064661979675,0.39601990580558777,0.14937469363212585
YDL070W,YGL147C,0,1.7143879,0.21035940945148468,0.39601990580558777,0.14947474002838135
YIL134W,YHR214C-C,0,1.71418,0.21024827659130096,0.39601990580558777,0.14957478642463684
YNR060W,YPL196W,0,1.7139999,0.210137277841568,0.39601990580558777,0.14967483282089233
YOR359W,YKR059W,0,1.7138127,0.21002638339996338,0.39601990580558777,0.14977489411830902
YML033W,YMR056C,0,1.7117425,0.20991560816764832,0.39601990580558777,0.14987494051456451
YML078W,YOR319W,0,1.7116694,0.2098049521446228,0.39601990580558777,0.14997498691082
YBL103C-A,YML051W,0,1.7107471,0.20969441533088684,0.39601990580558777,0.1500750333070755
YDR211W,YML051W,0,1.7104228,0.20958399772644043,0.39601990580558777,0.1501750946044922
YHR097C,YPL149W,0,1.7102442,0.20947368443012238,0.39601990580558777,0.15027514100074768
YMR044W,YDL155W,0,1.7101088,0.20936349034309387,0.39601990580558777,0.15037518739700317
YKL190W,YKL054C,0,1.7097723,0.20925341546535492,0.39601990580558777,0.15047523379325867
YIL118W,YDL088C,0,1.7093768,0.20914345979690552,0.39601990580558777,0.15057529509067535
YBR191W,YHR115C,0,1.7093163,0.20903360843658447,0.39601990580558777,0.15067534148693085
YLR372W,YKL181W,0,1.7089057,0.20892389118671417,0.39601990580558777,0.15077538788318634
YBR267W,YOR044W,0,1.7083855,0.20881426334381104,0.39601990580558777,0.15087543427944183
YNR066C,YKL088W,0,1.7079415,0.20870476961135864,0.39601990580558777,0.15097548067569733
YPL173W,YGR179C,0,1.7075522,0.2085953950881958,0.39601990580558777,0.151075541973114
YHR177W,YLR256W,0,1.7075214,0.20848612487316132,0.39601990580558777,0.1511755883693695
YDR123C,YMR104C,0,1.7071497,0.2083769589662552,0.39601990580558777,0.151275634765625
YOR166C,YJL047C,1,1.7070756,0.20879121124744415,0.39701491594314575,0.151275634765625
YPL130W,YNL024C-A,0,1.7066736,0.20868201553821564,0.39701491594314575,0.1513756811618805
YHR177W,YCR057C,0,1.7064042,0.20857292413711548,0.39701491594314575,0.15147574245929718
YLR178C,YMR104C,0,1.7062815,0.20846395194530487,0.39701491594314575,0.15157578885555267
YGL135W,YMR142C,0,1.7058741,0.20835508406162262,0.39701491594314575,0.15167583525180817
YDL182W,YDR155C,0,1.7058382,0.2082463502883911,0.39701491594314575,0.15177588164806366
YDR346C,YLR291C,0,1.7054356,0.20813772082328796,0.39701491594314575,0.15187594294548035
YOR182C,YPR158C-D,0,1.7053119,0.20802919566631317,0.39701491594314575,0.15197598934173584
YKL059C,YBR172C,0,1.7050958,0.20792078971862793,0.39701491594314575,0.15207603573799133
YLR404W,YHL024W,0,1.7043974,0.20781250298023224,0.39701491594314575,0.15217608213424683
YLR114C,YNL031C,0,1.7034234,0.2077043205499649,0.39701491594314575,0.1522761434316635
YPR193C,YGR036C,0,1.7028695,0.20759625732898712,0.39701491594314575,0.152376189827919
YOR194C,YDL105W,0,1.7027595,0.2074882984161377,0.39701491594314575,0.1524762362241745
YMR211W,YBR235W,0,1.7023406,0.20738045871257782,0.39701491594314575,0.15257628262043
YDR248C,YIL096C,0,1.7021668,0.2072727233171463,0.39701491594314575,0.15267634391784668
YIL030C,YCL056C,0,1.7016716,0.20716510713100433,0.39701491594314575,0.15277639031410217
YFR031C,YKR001C,0,1.7012494,0.20705759525299072,0.39701491594314575,0.15287643671035767
YNL251C,YKL113C,1,1.7008932,0.2074688822031021,0.3980099558830261,0.15287643671035767
YOR291W,YOR315W,0,1.7005694,0.20736132562160492,0.3980099558830261,0.15297648310661316
YPR048W,YJR050W,0,1.6993318,0.20725388824939728,0.3980099558830261,0.15307654440402985
YDR153C,YDR390C,0,1.6981953,0.207146555185318,0.3980099558830261,0.15317659080028534
YPL026C,YHR123W,0,1.6974413,0.20703934133052826,0.3980099558830261,0.15327663719654083
YNL147W,YOR167C,1,1.697401,0.2074495553970337,0.3990049660205841,0.15327663719654083
YDR251W,YLR432W,0,1.6965479,0.20734229683876038,0.3990049660205841,0.15337668359279633
YGL143C,YLR018C,0,1.696241,0.20723514258861542,0.3990049660205841,0.153476744890213
YOL021C,YIL038C,1,1.6953022,0.20764462649822235,0.4000000059604645,0.153476744890213
YDR266C,YJL050W,1,1.6946583,0.20805369317531586,0.40099501609802246,0.153476744890213
YMR272C,YOR021C,0,1.6943244,0.20794633030891418,0.40099501609802246,0.1535767912864685
YIL151C,YGR158C,1,1.6936877,0.20835481584072113,0.40199005603790283,0.1535767912864685
YLR119W,YGR103W,0,1.6927664,0.20824742317199707,0.40199005603790283,0.153676837682724
YMR101C,YJR063W,0,1.6921991,0.20814013481140137,0.40199005603790283,0.1537768840789795
YGR148C,YIL102C-A,0,1.6918256,0.20803295075893402,0.40199005603790283,0.15387694537639618
YHR052W,YLR165C,0,1.6914532,0.20792588591575623,0.40199005603790283,0.15397699177265167
YNL213C,YCL026C-B,0,1.690881,0.2078189253807068,0.40199005603790283,0.15407703816890717
YNL232W,YCR093W,1,1.6905658,0.20822621881961823,0.4029850661754608,0.15407703816890717
YOL054W,YGL147C,0,1.6899664,0.2081192135810852,0.4029850661754608,0.15417708456516266
YOR001W,YPL190C,1,1.689681,0.20852594077587128,0.4039801061153412,0.15417708456516266
YNR048W,YMR264W,0,1.6895524,0.20841889083385468,0.4039801061153412,0.15427714586257935
YOR264W,YHR052W,0,1.6894073,0.20831196010112762,0.4039801061153412,0.15437719225883484
YER168C,YOR094W,0,1.6892619,0.20820513367652893,0.4039801061153412,0.15447723865509033
YPL040C,YKR092C,0,1.6891665,0.2080984115600586,0.4039801061153412,0.15457728505134583
YDR183W,YER006W,0,1.6882899,0.2079918086528778,0.4039801061153412,0.15467733144760132
YER068W,YFL023W,0,1.6882775,0.20788531005382538,0.4039801061153412,0.154777392745018
YNL178W,YPR072W,1,1.6874926,0.2082906812429428,0.40497511625289917,0.154777392745018
YPR201W,YPR088C,0,1.6874452,0.2081841379404068,0.40497511625289917,0.1548774391412735
YOL022C,YDL106C,0,1.6871799,0.20807771384716034,0.40497511625289917,0.154977485537529
YOR229W,YBR217W,0,1.6867344,0.20797137916088104,0.40497511625289917,0.15507753193378448
YNL081C,YGR103W,0,1.6865383,0.2078651636838913,0.40497511625289917,0.15517759323120117
YEL015W,YPR042C,1,1.6862502,0.20826952159404755,0.40597015619277954,0.15517759323120117
YBR026C,YLR249W,0,1.6860166,0.20816326141357422,0.40597015619277954,0.15527763962745667
YOL032W,YHR123W,0,1.6856964,0.20805712044239044,0.40597015619277954,0.15537768602371216
YBL097W,YDR390C,0,1.6845967,0.20795106887817383,0.40597015619277954,0.15547773241996765
YMR060C,YDR359C,0,1.6839776,0.20784513652324677,0.40597015619277954,0.15557779371738434
YJL033W,YKL133C,0,1.6826029,0.20773930847644806,0.40597015619277954,0.15567784011363983
YBR175W,YBL042C,0,1.681461,0.2076335847377777,0.40597015619277954,0.15577788650989532
YBR181C,YKL011C,0,1.6813743,0.2075279802083969,0.40597015619277954,0.15587793290615082
YDR529C,YNL312W,0,1.6813354,0.20742246508598328,0.40597015619277954,0.1559779942035675
YNL038W,YNL279W,0,1.6812866,0.2073170691728592,0.40597015619277954,0.156078040599823
YOR396W,YMR312W,0,1.6812458,0.20721177756786346,0.40597015619277954,0.1561780869960785
YIL030C,YHR079C-A,0,1.681231,0.2071066051721573,0.40597015619277954,0.15627813339233398
YCR035C,YDR374C,1,1.6798866,0.2075088769197464,0.4069651663303375,0.15627813339233398
YBL100W-B,YJR100C,0,1.6791744,0.20740364491939545,0.4069651663303375,0.15637819468975067
YDR524C,YBR092C,0,1.6791543,0.20729853212833405,0.4069651663303375,0.15647824108600616
YBR040W,YMR145C,0,1.678911,0.2071935087442398,0.4069651663303375,0.15657828748226166
YOL033W,YNL064C,0,1.6784698,0.20708860456943512,0.4069651663303375,0.15667833387851715
YDL064W,YKL140W,0,1.6779556,0.2069838047027588,0.4069651663303375,0.15677839517593384
YKR099C-A,YBR077C,0,1.6774517,0.20687910914421082,0.4069651663303375,0.15687844157218933
YNL075W,YCL021W-A,0,1.677159,0.2067745178937912,0.4069651663303375,0.15697848796844482
YMR285C,YGL147C,0,1.6771092,0.20667003095149994,0.4069651663303375,0.15707853436470032
YJR049C,YDL044C,0,1.6769068,0.20656566321849823,0.4069651663303375,0.157178595662117
YMR113W,YAL013W,0,1.6768619,0.20646138489246368,0.4069651663303375,0.1572786420583725
YDR532C,YAR015W,0,1.6761185,0.2063572108745575,0.4069651663303375,0.157378688454628
YGR244C,YFL059W,0,1.6760694,0.20625315606594086,0.4069651663303375,0.15747873485088348
YHR158C,YKL043W,0,1.6760076,0.20614919066429138,0.4069651663303375,0.15757879614830017
YOR093C,YMR313C,0,1.6756339,0.20604534447193146,0.4069651663303375,0.15767884254455566
YPR009W,YLR086W,0,1.675604,0.2059415876865387,0.4069651663303375,0.15777888894081116
YGR096W,YLR314C,0,1.6754156,0.20583795011043549,0.4069651663303375,0.15787893533706665
YNL325C,YPR086W,0,1.6746002,0.20573440194129944,0.4069651663303375,0.15797899663448334
YJR029W,YKL156W,0,1.6745033,0.20563097298145294,0.4069651663303375,0.15807904303073883
YBR111W-A,YER049W,1,1.6743797,0.20603014528751373,0.4079602062702179,0.15807904303073883
YNL157W,YLR398C,1,1.6739701,0.20642893016338348,0.4089552164077759,0.15807904303073883
YDR422C,YGR217W,0,1.6735247,0.20632530748844147,0.4089552164077759,0.15817908942699432
YGR206W,YMR194C-B,0,1.6726619,0.2062217742204666,0.4089552164077759,0.15827913582324982
YOR083W,YPL252C,0,1.672432,0.2061183601617813,0.4089552164077759,0.1583791822195053
YGR195W,YLR270W,1,1.6719012,0.206516295671463,0.40995025634765625,0.1583791822195053
YBR146W,YLR430W,0,1.6713055,0.20641282200813293,0.40995025634765625,0.158479243516922
YNL064C,YBR160W,0,1.6704905,0.2063094675540924,0.40995025634765625,0.1585792899131775
YDR437W,YPR055W,0,1.6700506,0.20620620250701904,0.40995025634765625,0.15867933630943298
YER050C,YPL202C,0,1.6700327,0.20610305666923523,0.40995025634765625,0.15877938270568848
YDL235C,YOL139C,0,1.6692216,0.20600000023841858,0.40995025634765625,0.15887944400310516
YHR104W,YDL130W,0,1.6682459,0.20589704811573029,0.40995025634765625,0.15897949039936066
YCR068W,YNR003C,0,1.667483,0.20579420030117035,0.40995025634765625,0.15907953679561615
YKR082W,YPL008W,0,1.6671555,0.20569145679473877,0.40995025634765625,0.15917958319187164
YGL175C,YHR151C,0,1.6669807,0.20558881759643555,0.40995025634765625,0.15927964448928833
YJR088C,YFR032C-A,0,1.6668978,0.20548628270626068,0.40995025634765625,0.15937969088554382
YNL232W,YPL190C,1,1.665694,0.20588235557079315,0.41094526648521423,0.15937969088554382
YOR083W,YER027C,0,1.6649343,0.2057797759771347,0.41094526648521423,0.15947973728179932
YPL013C,YEL061C,0,1.6647731,0.20567728579044342,0.41094526648521423,0.1595797836780548
YOR190W,YDL235C,0,1.6647393,0.2055749148130417,0.41094526648521423,0.1596798449754715
YER052C,YGR287C,0,1.6644514,0.20547263324260712,0.41094526648521423,0.159779891371727
YKL149C,YDL229W,0,1.6644182,0.2053704559803009,0.41094526648521423,0.15987993776798248
YDL070W,YIR021W,0,1.6642818,0.20526838302612305,0.41094526648521423,0.15997998416423798
YOR210W,YMR313C,0,1.6640825,0.20516641438007355,0.41094526648521423,0.16008004546165466
YPR085C,YBL085W,0,1.6639106,0.2050645500421524,0.41094526648521423,0.16018009185791016
YJL072C,YAL051W,0,1.6637802,0.20496277511119843,0.41094526648521423,0.16028013825416565
YGL162W,YBR092C,0,1.6636848,0.2048611044883728,0.41094526648521423,0.16038018465042114
YKR061W,YGR078C,0,1.6633898,0.20475953817367554,0.41094526648521423,0.16048024594783783
YKR075C,YFL018C,0,1.6616168,0.20465807616710663,0.41094526648521423,0.16058029234409332
YAL035W,YHL012W,0,1.6607964,0.20455671846866608,0.41094526648521423,0.16068033874034882
YDR168W,YKR099C-A,0,1.6605113,0.2044554501771927,0.41094526648521423,0.1607803851366043
YOR262W,YGL183C,0,1.6591198,0.20435428619384766,0.41094526648521423,0.160880446434021
YJR155W,YBR136W,0,1.6587961,0.2042532116174698,0.41094526648521423,0.1609804928302765
YGR075C,YKL011C,0,1.6586864,0.20415225625038147,0.41094526648521423,0.16108053922653198
YMR246W,YDR456W,0,1.6584439,0.20405139029026031,0.41094526648521423,0.16118058562278748
YOR294W,YOL002C,0,1.6578846,0.20395061373710632,0.41094526648521423,0.16128064692020416
YPR048W,YBL106C,0,1.6578538,0.20384995639324188,0.41094526648521423,0.16138069331645966
YDL120W,YDL159W,0,1.6577355,0.2037493884563446,0.41094526648521423,0.16148073971271515
YML042W,YGL189C,0,1.6576012,0.2036489099264145,0.41094526648521423,0.16158078610897064
YLR239C,YLR097C,0,1.6571853,0.20354855060577393,0.41094526648521423,0.16168084740638733
YLR319C,YBR085W,0,1.656155,0.20344828069210052,0.41094526648521423,0.16178089380264282
YFR030W,YFR032C-A,0,1.6549878,0.2033481001853943,0.41094526648521423,0.16188094019889832
YOL148C,YER118C,0,1.6549232,0.2032480388879776,0.41094526648521423,0.1619809865951538
YDL182W,YBR223C,0,1.6546779,0.20314805209636688,0.41094526648521423,0.1620810478925705
YCR026C,YGL147C,0,1.6546593,0.20304818451404572,0.41094526648521423,0.162181094288826
YKR082W,YNL267W,0,1.6538529,0.2029484063386917,0.41094526648521423,0.16228114068508148
YBR261C,YNL322C,0,1.6529804,0.20284871757030487,0.41094526648521423,0.16238118708133698
YOL146W,YBR208C,0,1.652288,0.20274914801120758,0.41094526648521423,0.16248123347759247
YKL113C,YJR006W,1,1.6522174,0.20314033329486847,0.4119403064250946,0.16248123347759247
YHR199C,YFL043C,0,1.6516178,0.2030407041311264,0.4119403064250946,0.16258129477500916
YIL177C,YDR345C,0,1.6515647,0.2029411792755127,0.4119403064250946,0.16268134117126465
YDR527W,YKR029C,0,1.650788,0.20284174382686615,0.4119403064250946,0.16278138756752014
YGR081C,YJR151C,0,1.6503882,0.20274241268634796,0.4119403064250946,0.16288143396377563
YGL131C,YNL119W,0,1.6501577,0.20264317095279694,0.4119403064250946,0.16298149526119232
YJL104W,YGR096W,0,1.6501276,0.20254403352737427,0.4119403064250946,0.16308154165744781
YOR093C,YHR041C,0,1.6496875,0.20244498550891876,0.4119403064250946,0.1631815880537033
YOL146W,YCL075W,0,1.6492438,0.2023460417985916,0.4119403064250946,0.1632816344499588
YLR007W,YGL135W,0,1.647105,0.20224718749523163,0.4119403064250946,0.1633816957473755
YPL271W,YFR038W,0,1.6468631,0.2021484375,0.4119403064250946,0.16348174214363098
YER092W,YDR211W,0,1.6463128,0.20204977691173553,0.4119403064250946,0.16358178853988647
YMR234W,YJR043C,1,1.6460953,0.20243902504444122,0.4129353165626526,0.16358178853988647
YLR064W,YCL005W-A,0,1.643083,0.20234031975269318,0.4129353165626526,0.16368183493614197
YJL044C,YER030W,0,1.6420107,0.2022417187690735,0.4129353165626526,0.16378189623355865
YDR302W,YER083C,0,1.6417658,0.20214320719242096,0.4129353165626526,0.16388194262981415
YML099C,YJL178C,0,1.6409049,0.2020447850227356,0.4129353165626526,0.16398198902606964
YMR014W,YMR246W,0,1.6401317,0.2019464671611786,0.4129353165626526,0.16408203542232513
YPL090C,YKL133C,0,1.6394804,0.20184825360774994,0.4129353165626526,0.16418209671974182
YJR006W,YGL094C,1,1.6392893,0.20223626494407654,0.41393035650253296,0.16418209671974182
YLR145W,YOL072W,1,1.6392051,0.2026239037513733,0.41492536664009094,0.16418209671974182
YBL103C-A,YBL085W,0,1.6384857,0.20252549648284912,0.41492536664009094,0.16428214311599731
YMR318C,YDR123C,0,1.6384716,0.20242717862129211,0.41492536664009094,0.1643821895122528
YPR048W,YMR274C,0,1.6382573,0.20232896506786346,0.41492536664009094,0.1644822359085083
YOL146W,YDR040C,0,1.6377901,0.20223084092140198,0.41492536664009094,0.164582297205925
YGL246C,YER103W,0,1.6377378,0.20213282108306885,0.41492536664009094,0.16468234360218048
YCR014C,YCR095C,0,1.6374261,0.20203489065170288,0.41492536664009094,0.16478238999843597
YDR188W,YBR275C,0,1.6373543,0.20193704962730408,0.41492536664009094,0.16488243639469147
YBL059C-A,YNL335W,0,1.6370159,0.20183929800987244,0.41492536664009094,0.16498249769210815
YDL105W,YNL091W,0,1.6359973,0.20174165070056915,0.41492536664009094,0.16508254408836365
YHR024C,YFL001W,0,1.635678,0.20164410769939423,0.41492536664009094,0.16518259048461914
YLR213C,YER108C,0,1.6353931,0.20154663920402527,0.41492536664009094,0.16528263688087463
YJR055W,YLR086W,0,1.6348715,0.20144927501678467,0.41492536664009094,0.16538269817829132
YDR168W,YMR318C,0,1.632643,0.20135200023651123,0.41492536664009094,0.16548274457454681
YMR215W,YPL173W,0,1.6324466,0.20125482976436615,0.41492536664009094,0.1655827909708023
YGL143C,YDL079C,0,1.6320858,0.20115774869918823,0.41492536664009094,0.1656828373670578
YPL090C,YPR002W,0,1.631229,0.20106075704097748,0.41492536664009094,0.1657828986644745
YOR396W,YJL173C,0,1.6308463,0.2009638547897339,0.41492536664009094,0.16588294506072998
YOL060C,YPR035W,0,1.6306734,0.20086705684661865,0.41492536664009094,0.16598299145698547
YKL088W,YKL156W,0,1.6304126,0.20077034831047058,0.41492536664009094,0.16608303785324097
YDL235C,YOL155C,0,1.6302304,0.20067372918128967,0.41492536664009094,0.16618308424949646
YJR055W,YPL095C,0,1.6281354,0.20057719945907593,0.41492536664009094,0.16628314554691315
YPL280W,YDR469W,0,1.6271839,0.20048077404499054,0.41492536664009094,0.16638319194316864
YNL149C,YLR441C,0,1.627006,0.20038442313671112,0.41492536664009094,0.16648323833942413
YGL131C,YIL021W,0,1.6268768,0.20028819143772125,0.41492536664009094,0.16658328473567963
YKL062W,YOR094W,0,1.626183,0.20019203424453735,0.41492536664009094,0.1666833460330963
YHR168W,YGL244W,0,1.6257749,0.20009596645832062,0.41492536664009094,0.1667833924293518
YPL081W,YMR194C-B,0,1.6253661,0.20000000298023224,0.41492536664009094,0.1668834388256073
YIR031C,YER050C,0,1.6245804,0.19990412890911102,0.41492536664009094,0.1669834852218628
YJL090C,YMR171C,0,1.6216906,0.19980834424495697,0.41492536664009094,0.16708354651927948
YCR015C,YIL133C,0,1.6216755,0.19971264898777008,0.41492536664009094,0.16718359291553497
YLR183C,YIL034C,0,1.6215903,0.19961704313755035,0.41492536664009094,0.16728363931179047
YFL035C,YGR179C,0,1.6214054,0.1995215266942978,0.41492536664009094,0.16738368570804596
YHL007C,YJL004C,0,1.6201732,0.19942611455917358,0.41492536664009094,0.16748374700546265
YHL019C,YBR251W,0,1.6201235,0.19933077692985535,0.41492536664009094,0.16758379340171814
YLR048W,YNL256W,0,1.6200943,0.19923554360866547,0.41492536664009094,0.16768383979797363
YPR090W,YDL132W,0,1.6199391,0.19914039969444275,0.41492536664009094,0.16778388619422913
YDR098C-B,YKR027W,0,1.6193774,0.1990453451871872,0.41492536664009094,0.1678839474916458
YER073W,YGL121C,0,1.6180446,0.1989503800868988,0.41492536664009094,0.1679839938879013
YOR191W,YFL023W,0,1.6178217,0.19885550439357758,0.41492536664009094,0.1680840402841568
YHR006W,YBL023C,0,1.6169776,0.1987607181072235,0.41492536664009094,0.1681840866804123
YLR178C,YOR144C,0,1.6166713,0.1986660361289978,0.41492536664009094,0.16828414797782898
YOL137W,YGL055W,0,1.6165249,0.19857142865657806,0.41492536664009094,0.16838419437408447
YGR195W,YNL251C,1,1.6160036,0.19895288348197937,0.4159204065799713,0.16838419437408447
YLR048W,YDR153C,0,1.614956,0.19885823130607605,0.4159204065799713,0.16848424077033997
YMR215W,YDR101C,0,1.6145631,0.1987636685371399,0.4159204065799713,0.16858428716659546
YBR181C,YOR251C,0,1.6144648,0.1986691951751709,0.4159204065799713,0.16868434846401215
YOR083W,YBR115C,0,1.614338,0.19857482612133026,0.4159204065799713,0.16878439486026764
YCR014C,YGL029W,0,1.6141144,0.1984805315732956,0.4159204065799713,0.16888444125652313
YOR396W,YDR469W,0,1.6140962,0.1983863264322281,0.4159204065799713,0.16898448765277863
YPL127C,YPR086W,0,1.6134589,0.19829222559928894,0.4159204065799713,0.1690845489501953
YPL190C,YPR072W,1,1.6132601,0.198672354221344,0.4169154167175293,0.1690845489501953
YLR441C,YDR178W,0,1.6131454,0.19857819378376007,0.4169154167175293,0.1691845953464508
YLR136C,YHR132W-A,1,1.6127974,0.19895784556865692,0.41791045665740967,0.1691845953464508
YGR048W,YNL153C,0,1.6110709,0.19886364042758942,0.41791045665740967,0.1692846417427063
YDR380W,YIL034C,0,1.610322,0.19876952469348907,0.41791045665740967,0.1693846881389618
YDR028C,YNL164C,0,1.609586,0.1986754983663559,0.41791045665740967,0.16948474943637848
YDL138W,YKL054C,0,1.6095757,0.19858156144618988,0.41791045665740967,0.16958479583263397
YHR046C,YLR135W,0,1.6094303,0.19848771393299103,0.41791045665740967,0.16968484222888947
YIL118W,YOR343C-A,0,1.6092494,0.19839395582675934,0.41791045665740967,0.16978488862514496
YPR111W,YAL033W,1,1.608892,0.19877243041992188,0.41890546679496765,0.16978488862514496
YDR409W,YDR151C,0,1.6087778,0.1986786276102066,0.41890546679496765,0.16988493502140045
YML050W,YBL071W-A,0,1.608701,0.1985848993062973,0.41890546679496765,0.16998499631881714
YFL001W,YPL149W,0,1.608571,0.19849127531051636,0.41890546679496765,0.17008504271507263
YPL127C,YMR046C,0,1.6084776,0.19839774072170258,0.41890546679496765,0.17018508911132812
YKL190W,YBR094W,0,1.6082789,0.19830428063869476,0.41890546679496765,0.17028513550758362
YDL146W,YOR303W,0,1.6078026,0.1982109248638153,0.41890546679496765,0.1703851968050003
YNL054W-B,YNR010W,0,1.6076906,0.19811764359474182,0.41890546679496765,0.1704852432012558
YGR270W,YLR106C,0,1.6076303,0.1980244517326355,0.41890546679496765,0.1705852895975113
YHL040C,YCL026C-A,0,1.607461,0.19793136417865753,0.41890546679496765,0.17068533599376678
YMR136W,YGR179C,0,1.6056827,0.19783835113048553,0.41890546679496765,0.17078539729118347
YDR346C,YPL203W,0,1.6055028,0.1977454274892807,0.41890546679496765,0.17088544368743896
YPR129W,YLR228C,0,1.6054331,0.19765257835388184,0.41890546679496765,0.17098549008369446
YBR175W,YML038C,0,1.6049323,0.19755983352661133,0.41890546679496765,0.17108553647994995
YDL004W,YHR094C,0,1.6042932,0.1974671632051468,0.41890546679496765,0.17118559777736664
YLR249W,YBR045C,0,1.6040883,0.1973745971918106,0.41890546679496765,0.17128564417362213
YER176W,YOR048C,1,1.6031305,0.19775070250034332,0.419900506734848,0.17128564417362213
YIL102C-A,YDL159W,0,1.6031138,0.19765807688236237,0.419900506734848,0.17138569056987762
YIL117C,YMR264W,0,1.6023824,0.19756554067134857,0.419900506734848,0.17148573696613312
YKR052C,YFR032C-A,0,1.6022528,0.19747309386730194,0.419900506734848,0.1715857982635498
YLR151C,YDR345C,0,1.6020525,0.19738073647022247,0.419900506734848,0.1716858446598053
YMR029C,YHL039W,0,1.6015551,0.19728845357894897,0.419900506734848,0.1717858910560608
YGR272C,YOL012C,1,1.6015348,0.1976635456085205,0.420895516872406,0.1717858910560608
YPR023C,YCR035C,1,1.6009817,0.19803829491138458,0.4218905568122864,0.1717858910560608
YDR270W,YGL226C-A,0,1.6009517,0.19794584810733795,0.4218905568122864,0.17188593745231628
YJL209W,YJL087C,1,1.600751,0.19832010567188263,0.42288556694984436,0.17188593745231628
YML112W,YMR300C,0,1.6001537,0.19822761416435242,0.42288556694984436,0.17198599874973297
YMR224C,YPL252C,0,1.5999811,0.19813519716262817,0.42288556694984436,0.17208604514598846
YDR168W,YLR004C,0,1.5996705,0.1980428695678711,0.42288556694984436,0.17218609154224396
YOL009C,YPR090W,0,1.5993922,0.19795063138008118,0.42288556694984436,0.17228613793849945
YKL190W,YGR036C,0,1.5992905,0.19785846769809723,0.42288556694984436,0.17238619923591614
YPL049C,YDR325W,0,1.5991386,0.19776640832424164,0.42288556694984436,0.17248624563217163
YLR408C,YLR099W-A,0,1.5989404,0.19767442345619202,0.42288556694984436,0.17258629202842712
YDR270W,YBL042C,0,1.5989327,0.19758251309394836,0.42288556694984436,0.17268633842468262
YGR272C,YLR398C,1,1.5976759,0.19795538485050201,0.42388060688972473,0.17268633842468262
YJL069C,YLR345W,0,1.5969945,0.19786344468593597,0.42388060688972473,0.1727863997220993
YHL020C,YDL159W,0,1.5963527,0.1977715939283371,0.42388060688972473,0.1728864461183548
YNL024C-A,YDR233C,0,1.5958798,0.1976798176765442,0.42388060688972473,0.1729864925146103
YNL075W,YMR040W,0,1.595818,0.19758813083171844,0.42388060688972473,0.17308653891086578
YOR229W,YJL072C,0,1.595543,0.19749651849269867,0.42388060688972473,0.17318660020828247
YOL054W,YEL064C,0,1.5952706,0.19740501046180725,0.42388060688972473,0.17328664660453796
YBL042C,YDL066W,0,1.5950031,0.1973135769367218,0.42388060688972473,0.17338669300079346
YBL042C,YHR051W,0,1.5949605,0.19722221791744232,0.42388060688972473,0.17348673939704895
YOR346W,YPL110C,0,1.5942981,0.1971309632062912,0.42388060688972473,0.17358680069446564
YNL299W,YFL038C,1,1.5936148,0.19750231504440308,0.4248756170272827,0.17358680069446564
YNL064C,YPL027W,0,1.5931568,0.19741100072860718,0.4248756170272827,0.17368684709072113
YOR294W,YNL024C-A,0,1.5930774,0.19731977581977844,0.4248756170272827,0.17378689348697662
YNL147W,YNL282W,1,1.59279,0.19769053161144257,0.4258706569671631,0.17378689348697662
YOL032W,YDR440W,0,1.5922502,0.19759926199913025,0.4258706569671631,0.17388693988323212
YNL001W,YCR093W,1,1.5920252,0.19796954095363617,0.42686566710472107,0.17388693988323212
YOR089C,YDR281C,0,1.5914853,0.19787822663784027,0.42686566710472107,0.1739869862794876
YGL246C,YER112W,1,1.5909239,0.19824804365634918,0.42786070704460144,0.1739869862794876
YIR033W,YDR172W,1,1.5906973,0.19861751794815063,0.4288557171821594,0.1739869862794876
YOL054W,YGR099W,0,1.5890303,0.1985260248184204,0.4288557171821594,0.1740870475769043
YHL038C,YDR325W,0,1.5888429,0.19843462109565735,0.4288557171821594,0.1741870939731598
YLL033W,YOR038C,0,1.5882177,0.19834330677986145,0.4288557171821594,0.17428714036941528
YCL056C,YFL043C,0,1.5873134,0.19825206696987152,0.4288557171821594,0.17438718676567078
YGR275W,YPR158C-D,0,1.587225,0.19816091656684875,0.4288557171821594,0.17448724806308746
YER167W,YOR064C,0,1.5870278,0.19806985557079315,0.4288557171821594,0.17458729445934296
YDL087C,YHR038W,0,1.5866926,0.19797886908054352,0.4288557171821594,0.17468734085559845
YML033W,YEL051W,0,1.5853984,0.19788797199726105,0.4288557171821594,0.17478738725185394
YOR205C,YHR114W,0,1.5846279,0.19779714941978455,0.4288557171821594,0.17488744854927063
YML046W,YDL120W,0,1.5841813,0.1977064162492752,0.4288557171821594,0.17498749494552612
YCR075W-A,YOR177C,0,1.5841377,0.19761577248573303,0.4288557171821594,0.17508754134178162
YNR044W,YBL103C,0,1.5836568,0.19752520322799683,0.4288557171821594,0.1751875877380371
YOL097C,YIL003W,0,1.5836362,0.19743472337722778,0.4288557171821594,0.1752876490354538
YOL022C,YBR163W,0,1.5832226,0.1973443180322647,0.4288557171821594,0.1753876954317093
YNL288W,YMR116C,1,1.5831485,0.19771167635917664,0.4298507571220398,0.1753876954317093
YLR080W,YDR469W,0,1.5801868,0.19762122631072998,0.4298507571220398,0.17548774182796478
YIL009C-A,YLR441C,0,1.5795857,0.1975308656692505,0.4298507571220398,0.17558778822422028
YNL072W,YPL178W,1,1.579473,0.19789762794971466,0.4308457672595978,0.17558778822422028
YNL197C,YNL004W,1,1.5790651,0.19826404750347137,0.43184080719947815,0.17558778822422028
YKR075C,YOR346W,0,1.5788659,0.19817352294921875,0.43184080719947815,0.17568784952163696
YOR038C,YJR151C,0,1.5784041,0.1980830729007721,0.43184080719947815,0.17578789591789246
YNL256W,YLR018C,0,1.5777942,0.1979926973581314,0.43184080719947815,0.17588794231414795
YJR151C,YKL156W,0,1.5768974,0.19790241122245789,0.43184080719947815,0.17598798871040344
YJR032W,YPR158W-A,0,1.57688,0.19781221449375153,0.43184080719947815,0.17608805000782013
YLL033W,YDR183W,0,1.576508,0.19772209227085114,0.43184080719947815,0.17618809640407562
YJR063W,YDR345C,0,1.5763274,0.1976320594549179,0.43184080719947815,0.17628814280033112
YKR096W,YJL124C,1,1.5760995,0.19799727201461792,0.43283581733703613,0.17628814280033112
YMR098C,YBR257W,1,1.5749708,0.19836214184761047,0.4338308572769165,0.17628814280033112
YHR105W,YLL055W,0,1.5747744,0.1982719451189041,0.4338308572769165,0.1763881891965866
YOL022C,YEL038W,0,1.5747689,0.19818182289600372,0.4338308572769165,0.1764882504940033
YDR483W,YDR524C,0,1.5741116,0.1980917751789093,0.4338308572769165,0.1765882968902588
YJR027W,YOR048C,0,1.5732993,0.19800181686878204,0.4338308572769165,0.17668834328651428
YLL015W,YBR188C,0,1.5732777,0.19791193306446075,0.4338308572769165,0.17678838968276978
YGR094W,YMR196W,0,1.5731888,0.19782213866710663,0.4338308572769165,0.17688845098018646
YDR085C,YBL023C,0,1.5730428,0.19773243367671967,0.4338308572769165,0.17698849737644196
YLR204W,YLR391W-A,0,1.5722723,0.19764278829097748,0.4338308572769165,0.17708854377269745
YCL058C,YNL322C,0,1.5721593,0.19755323231220245,0.4338308572769165,0.17718859016895294
YLR277C,YMR174C,0,1.5720735,0.1974637657403946,0.4338308572769165,0.17728865146636963
YLR287C,YNL116W,0,1.5719678,0.1973743736743927,0.4338308572769165,0.17738869786262512
YBR161W,YBL019W,0,1.5715246,0.19728507101535797,0.4338308572769165,0.17748874425888062
YDL030W,YDR096W,0,1.5707676,0.1971958428621292,0.4338308572769165,0.1775887906551361
YGR195W,YKR096W,1,1.5698383,0.19755877554416656,0.4348258674144745,0.1775887906551361
YER092W,YPL222W,0,1.5694257,0.19746950268745422,0.4348258674144745,0.1776888370513916
YDR296W,YDR261C-C,0,1.5692089,0.19738030433654785,0.4348258674144745,0.1777888983488083
YMR133W,YML001W,0,1.5687022,0.19729119539260864,0.4348258674144745,0.17788894474506378
YER169W,YOL094C,0,1.5686038,0.1972021609544754,0.4348258674144745,0.17798899114131927
YDR437W,YML125C,0,1.5685784,0.19711321592330933,0.4348258674144745,0.17808903753757477
YCL008C,YOR110W,0,1.5679991,0.19702434539794922,0.4348258674144745,0.17818909883499146
YER159C,YJL189W,0,1.5678176,0.19693554937839508,0.4348258674144745,0.17828914523124695
YDR281C,YDL201W,0,1.5675362,0.1968468427658081,0.4348258674144745,0.17838919162750244
YJL004C,YPR035W,0,1.5665888,0.1967582106590271,0.4348258674144745,0.17848923802375793
YOR083W,YMR143W,0,1.5664654,0.19666966795921326,0.4348258674144745,0.17858929932117462
YBR261C,YBR008C,0,1.5663445,0.19658119976520538,0.4348258674144745,0.17868934571743011
YOR255W,YDR064W,0,1.5663193,0.19649280607700348,0.4348258674144745,0.1787893921136856
YGL130W,YMR177W,0,1.5662223,0.19640450179576874,0.4348258674144745,0.1788894385099411
YGR244C,YMR246W,0,1.5661021,0.19631625711917877,0.4348258674144745,0.1789894998073578
YNL065W,YDL155W,0,1.565042,0.19622811675071716,0.4348258674144745,0.17908954620361328
YLR408C,YHR151C,0,1.5649334,0.19614003598690033,0.4348258674144745,0.17918959259986877
YDL030W,YNL081C,0,1.5635649,0.19605204463005066,0.4348258674144745,0.17928963899612427
YDR098C-B,YMR175W,0,1.5631719,0.19596412777900696,0.4348258674144745,0.17938970029354095
YNL024C-A,YDR126W,0,1.5631521,0.19587628543376923,0.4348258674144745,0.17948974668979645
YIR031C,YDL171C,0,1.5630088,0.19578853249549866,0.4348258674144745,0.17958979308605194
YML099C,YLR165C,0,1.5623267,0.19570085406303406,0.4348258674144745,0.17968983948230743
YJL030W,YER089C,0,1.5622618,0.19561325013637543,0.4348258674144745,0.17978990077972412
YDR524C,YBR188C,0,1.5611585,0.19552572071552277,0.4348258674144745,0.17988994717597961
YIL005W,YML015C,0,1.5611323,0.19543828070163727,0.4348258674144745,0.1799899935722351
YLL042C,YLR183C,0,1.5609183,0.19535091519355774,0.4348258674144745,0.1800900399684906
YNL238W,YHR122W,0,1.5604014,0.19526362419128418,0.4348258674144745,0.1801901012659073
YBR111W-A,YKL009W,1,1.5601523,0.19562304019927979,0.43582090735435486,0.1801901012659073
YHR006W,YOL144W,0,1.560118,0.19553571939468384,0.43582090735435486,0.18029014766216278
YMR080C,YER112W,1,1.5597944,0.19589468836784363,0.43681591749191284,0.18029014766216278
YGL234W,YDR189W,0,1.5594399,0.1958073079586029,0.43681591749191284,0.18039019405841827
YDR034W-B,YLL024C,0,1.5592012,0.19572001695632935,0.43681591749191284,0.18049024045467377
YJR027W,YDR218C,0,1.5589653,0.19563280045986176,0.43681591749191284,0.18059030175209045
YJR050W,YGL143C,0,1.5587531,0.19554565846920013,0.43681591749191284,0.18069034814834595
YFR043C,YDL159W,0,1.5567285,0.19545859098434448,0.43681591749191284,0.18079039454460144
YFR038W,YOL125W,0,1.5564523,0.195371612906456,0.43681591749191284,0.18089044094085693
YJR057W,YKR103W,0,1.55606,0.19528469443321228,0.43681591749191284,0.18099050223827362
YDL108W,YNL095C,0,1.5557497,0.19519786536693573,0.43681591749191284,0.1810905486345291
YJL104W,YMR136W,0,1.5553479,0.19511111080646515,0.43681591749191284,0.1811905950307846
YHL039W,YLR118C,0,1.5550952,0.19502443075180054,0.43681591749191284,0.1812906414270401
YNL149C,YGR208W,0,1.5546782,0.1949378401041031,0.43681591749191284,0.1813907027244568
YPR186C,YPL168W,0,1.5546181,0.19485130906105042,0.43681591749191284,0.18149074912071228
YLR099W-A,YGL243W,0,1.554435,0.1947648674249649,0.43681591749191284,0.18159079551696777
YHR006W,YDL212W,0,1.5539849,0.19467848539352417,0.43681591749191284,0.18169084191322327
YOL146W,YPR120C,0,1.5535713,0.1945921927690506,0.43681591749191284,0.18179088830947876
YER108C,YLR455W,0,1.5535464,0.194505974650383,0.43681591749191284,0.18189094960689545
YPR175W,YLR383W,0,1.5533624,0.19441984593868256,0.43681591749191284,0.18199099600315094
YOR381W,YMR285C,0,1.5532017,0.1943337768316269,0.43681591749191284,0.18209104239940643
YHR175W,YCR075W-A,0,1.5530261,0.1942477822303772,0.43681591749191284,0.18219108879566193
YOR287C,YGR100W,0,1.5524809,0.19416187703609467,0.43681591749191284,0.1822911500930786
YHR162W,YJR092W,0,1.5518904,0.1940760463476181,0.43681591749191284,0.1823911964893341
YNL283C,YGR052W,0,1.551872,0.19399027526378632,0.43681591749191284,0.1824912428855896
YOR119C,YPL055C,0,1.5516036,0.1939045935869217,0.43681591749191284,0.1825912892818451
YJR057W,YBL059C-A,0,1.5512853,0.19381898641586304,0.43681591749191284,0.18269135057926178
YMR224C,YPL055C,0,1.5511813,0.19373345375061035,0.43681591749191284,0.18279139697551727
YHL038C,YOR269W,0,1.5504078,0.19364799559116364,0.43681591749191284,0.18289144337177277
YML118W,YBR106W,0,1.5503867,0.1935626119375229,0.43681591749191284,0.18299148976802826
YOR381W,YJR082C,0,1.5501393,0.1934773027896881,0.43681591749191284,0.18309155106544495
YBL039C,YOR144C,0,1.5496727,0.1933920681476593,0.43681591749191284,0.18319159746170044
YOL161C,YNL069C,0,1.5494573,0.19330690801143646,0.43681591749191284,0.18329164385795593
YKR017C,YAL023C,0,1.5494398,0.1932218372821808,0.43681591749191284,0.18339169025421143
YDL108W,YMR313C,0,1.5490898,0.19313682615756989,0.43681591749191284,0.1834917515516281
YNR003C,YPL252C,0,1.5489181,0.19305188953876495,0.43681591749191284,0.1835917979478836
YPL173W,YPR201W,0,1.5488665,0.192967027425766,0.43681591749191284,0.1836918443441391
YBR261C,YIL050W,0,1.5486007,0.1928822547197342,0.43681591749191284,0.1837918907403946
YJL173C,YML015C,0,1.548193,0.19279754161834717,0.43681591749191284,0.18389195203781128
YBL042C,YMR196W,0,1.5481153,0.1927129030227661,0.43681591749191284,0.18399199843406677
YGR089W,YDR261C-C,0,1.5479059,0.19262833893299103,0.43681591749191284,0.18409204483032227
YOR396W,YBL100W-B,0,1.547682,0.1925438642501831,0.43681591749191284,0.18419209122657776
YDL243C,YMR146C,0,1.5474991,0.19245944917201996,0.43681591749191284,0.18429215252399445
YGL051W,YNL112W,0,1.5464206,0.19237510859966278,0.43681591749191284,0.18439219892024994
YML031W,YER089C,0,1.5454998,0.19229084253311157,0.43681591749191284,0.18449224531650543
YMR234W,YER112W,1,1.5450197,0.19264447689056396,0.4378109574317932,0.18449224531650543
YJL133W,YMR209C,0,1.5445096,0.19256018102169037,0.4378109574317932,0.18459229171276093
YKL039W,YOL144W,0,1.5444143,0.19247594475746155,0.4378109574317932,0.1846923530101776
YNR010W,YHR172W,0,1.5436306,0.1923917829990387,0.4378109574317932,0.1847923994064331
YFR015C,YDR440W,0,1.543339,0.19230769574642181,0.4378109574317932,0.1848924458026886
YDR113C,YIL133C,0,1.5428619,0.1922236829996109,0.4378109574317932,0.1849924921989441
YER154W,YBL028C,0,1.5416796,0.19213974475860596,0.4378109574317932,0.18509255349636078
YNL273W,YIL156W,0,1.5414684,0.1920558661222458,0.4378109574317932,0.18519259989261627
YBR235W,YGL043W,0,1.5412769,0.19197207689285278,0.4378109574317932,0.18529264628887177
YIL151C,YGL107C,1,1.5406972,0.1923244595527649,0.4388059675693512,0.18529264628887177
YGR003W,YPL118W,0,1.540509,0.1922406256198883,0.4388059675693512,0.18539269268512726
YDL025C,YBL059C-A,0,1.5400717,0.1921568661928177,0.4388059675693512,0.18549273908138275
YML097C,YFL043C,0,1.5397592,0.19207316637039185,0.4388059675693512,0.18559280037879944
YHR181W,YGL055W,0,1.5396999,0.19198955595493317,0.4388059675693512,0.18569284677505493
YLR119W,YMR076C,0,1.5395595,0.19190600514411926,0.4388059675693512,0.18579289317131042
YLR391W-A,YNL279W,0,1.5395111,0.19182252883911133,0.4388059675693512,0.18589293956756592
YDL212W,YGR208W,0,1.5392976,0.19173912703990936,0.4388059675693512,0.1859930008649826
YMR194C-B,YOR141C,0,1.5383248,0.19165579974651337,0.4388059675693512,0.1860930472612381
YOL097C,YBL058W,0,1.5382262,0.19157254695892334,0.4388059675693512,0.1861930936574936
YMR177W,YAL054C,0,1.5381198,0.19148936867713928,0.4388059675693512,0.18629314005374908
YMR174C,YLR014C,0,1.5373719,0.19140625,0.4388059675693512,0.18639320135116577
YGL026C,YHR104W,0,1.5361465,0.1913232058286667,0.4388059675693512,0.18649324774742126
YJR119C,YMR287C,1,1.5357671,0.1916738897562027,0.43980100750923157,0.18649324774742126
YIL154C,YBR208C,0,1.5354998,0.191590815782547,0.43980100750923157,0.18659329414367676
YDL130W,YKL095W,0,1.5353432,0.19150780141353607,0.43980100750923157,0.18669334053993225
YGR264C,YGL064C,0,1.5352199,0.19142486155033112,0.43980100750923157,0.18679340183734894
YJL225C,YBR025C,0,1.5349419,0.19134199619293213,0.43980100750923157,0.18689344823360443
YNL054W-B,YPR002W,0,1.5345331,0.19125919044017792,0.43980100750923157,0.18699349462985992
YCR014C,YOL139C,0,1.5338708,0.19117647409439087,0.43980100750923157,0.18709354102611542
YMR054W,YNL112W,0,1.5333228,0.1910938173532486,0.43980100750923157,0.1871936023235321
YGR081C,YBR228W,0,1.5328827,0.1910112351179123,0.43980100750923157,0.1872936487197876
YOR155C,YDR123C,0,1.532334,0.19092872738838196,0.43980100750923157,0.1873936951160431
YNL025C,YMR313C,0,1.5315311,0.1908462792634964,0.43980100750923157,0.18749374151229858
YOL149W,YBL105C,1,1.53125,0.1911955177783966,0.44079601764678955,0.18749374151229858
YJR113C,YNL031C,0,1.531211,0.19111302495002747,0.44079601764678955,0.18759380280971527
YDR346C,YLR154C,0,1.5310644,0.1910306215286255,0.44079601764678955,0.18769384920597076
YIL142W,YIL153W,0,1.5303996,0.1909482777118683,0.44079601764678955,0.18779389560222626
YIL075C,YNL062C,0,1.5303543,0.19086600840091705,0.44079601764678955,0.18789394199848175
YHR158C,YOR038C,0,1.5299772,0.1907838135957718,0.44079601764678955,0.18799400329589844
YPL009C,YGR183C,0,1.5291034,0.1907016783952713,0.44079601764678955,0.18809404969215393
YMR211W,YKR083C,0,1.5282671,0.19061961770057678,0.44079601764678955,0.18819409608840942
YDR404C,YGL094C,1,1.5277357,0.19096773862838745,0.4417910575866699,0.18819409608840942
YJL209W,YMR116C,1,1.5276655,0.19131556153297424,0.4427860677242279,0.18819409608840942
YHR149C,YNL175C,0,1.5274256,0.19123335182666779,0.4427860677242279,0.18829414248466492
YPR048W,YBR119W,0,1.5274149,0.1911512017250061,0.4427860677242279,0.1883942037820816
YDR279W,YAR020C,0,1.5272691,0.1910691261291504,0.4427860677242279,0.1884942501783371
YPR129W,YNL062C,0,1.5265003,0.19098712503910065,0.4427860677242279,0.1885942965745926
YNL283C,YMR049C,0,1.5261986,0.19090518355369568,0.4427860677242279,0.18869434297084808
YOR003W,YER089C,0,1.5259752,0.19082333147525787,0.4427860677242279,0.18879440426826477
YOL103W,YOR267C,0,1.5259644,0.19074153900146484,0.4427860677242279,0.18889445066452026
YHR133C,YJL208C,0,1.5255511,0.1906598061323166,0.4427860677242279,0.18899449706077576
YGR091W,YBR077C,0,1.5253017,0.1905781626701355,0.4427860677242279,0.18909454345703125
YOL124C,YJR029W,0,1.5252542,0.19049657881259918,0.4427860677242279,0.18919458985328674
YDL089W,YLR051C,0,1.5252398,0.19041506946086884,0.4427860677242279,0.18929465115070343
YPR003C,YLR333C,0,1.523788,0.19033361971378326,0.4427860677242279,0.18939469754695892
YKL097W-A,YOR194C,0,1.5237662,0.19025224447250366,0.4427860677242279,0.18949474394321442
YOL072W,YKL149C,1,1.5228467,0.1905982941389084,0.4437811076641083,0.18949474394321442
YCL011C,YOL021C,1,1.522112,0.19094404578208923,0.44477611780166626,0.18949474394321442
YML097C,YNL164C,0,1.5215399,0.1908625066280365,0.44477611780166626,0.1895947903394699
YNR067C,YDR432W,0,1.5210474,0.19078105688095093,0.44477611780166626,0.1896948516368866
YMR080C,YER146W,1,1.5209591,0.19112628698349,0.44577115774154663,0.1896948516368866
YGL222C,YOL115W,1,1.5205133,0.19147121906280518,0.4467661678791046,0.1896948516368866
YJL225C,YDR020C,0,1.520249,0.19138960540294647,0.4467661678791046,0.1897948980331421
YDR164C,YGR206W,0,1.5202094,0.19130805134773254,0.4467661678791046,0.18989494442939758
YIL075C,YPR119W,0,1.51951,0.19122657179832458,0.4467661678791046,0.18999499082565308
YPL009C,YMR040W,0,1.5189042,0.1911451667547226,0.4467661678791046,0.19009505212306976
YJR151C,YBR271W,0,1.5187573,0.19106383621692657,0.4467661678791046,0.19019509851932526
YLR099W-A,YCL021W-A,0,1.5184897,0.19098256528377533,0.4467661678791046,0.19029514491558075
YHR132W-A,YER112W,1,1.5179639,0.19132652878761292,0.447761207818985,0.19029514491558075
YPL021W,YOL002C,0,1.517051,0.1912452131509781,0.447761207818985,0.19039519131183624
YNL024C-A,YJL030W,0,1.516738,0.19116397202014923,0.447761207818985,0.19049525260925293
YBR072W,YHR204W,0,1.516225,0.19108280539512634,0.447761207818985,0.19059529900550842
YBR122C,YGL055W,0,1.5159831,0.19100169837474823,0.447761207818985,0.19069534540176392
YBL059C-A,YMR049C,0,1.5159379,0.1909206658601761,0.447761207818985,0.1907953917980194
YDL175C,YJL087C,1,1.5155414,0.19126377999782562,0.44875621795654297,0.1907953917980194
YBR267W,YOR141C,0,1.5153584,0.1911827027797699,0.44875621795654297,0.1908954530954361
YER159C,YDR088C,0,1.5153061,0.19110170006752014,0.44875621795654297,0.1909954994916916
YCL001W-A,YNL273W,0,1.5137341,0.19102075695991516,0.44875621795654297,0.19109554588794708
YGR129W,YLR119W,0,1.5136838,0.19093988835811615,0.44875621795654297,0.19119559228420258
YMR146C,YGR183C,0,1.5132234,0.19085907936096191,0.44875621795654297,0.19129565358161926
YOL013C,YLR080W,0,1.5130391,0.19077834486961365,0.44875621795654297,0.19139569997787476
YLR270W,YOL142W,1,1.5125439,0.19112050533294678,0.44975125789642334,0.19139569997787476
YER088C,YOR100C,0,1.512258,0.19103972613811493,0.44975125789642334,0.19149574637413025
YCL026C-A,YIL133C,0,1.5114963,0.19095902144908905,0.44975125789642334,0.19159579277038574
YMR051C,YDR318W,0,1.511425,0.19087837636470795,0.44975125789642334,0.19169585406780243
YDR089W,YML125C,0,1.5104,0.1907978057861328,0.44975125789642334,0.19179590046405792
YMR080C,YNL288W,1,1.5100003,0.19113923609256744,0.4507462680339813,0.19179590046405792
YMR175W,YOL144W,0,1.5098573,0.19105862081050873,0.4507462680339813,0.19189594686031342
YBL042C,YJR103W,0,1.5098414,0.19097808003425598,0.4507462680339813,0.1919959932565689
YNL097C,YNL213C,0,1.5093932,0.190897598862648,0.4507462680339813,0.1920960545539856
YER073W,YER101C,0,1.5093803,0.190817192196846,0.4507462680339813,0.1921961009502411
YCL001W-B,YAR044W,0,1.5088882,0.19073684513568878,0.4507462680339813,0.19229614734649658
YKL038W,YMR112C,0,1.508879,0.19065657258033752,0.4507462680339813,0.19239619374275208
YML078W,YGL209W,0,1.5088189,0.19057635962963104,0.4507462680339813,0.19249625504016876
YOR145C,YHR038W,0,1.5087967,0.19049622118473053,0.4507462680339813,0.19259630143642426
YDL235C,YNL039W,0,1.5083904,0.1904161423444748,0.4507462680339813,0.19269634783267975
YER156C,YLR226W,0,1.5082101,0.19033613801002502,0.4507462680339813,0.19279639422893524
YGR094W,YBR173C,0,1.5080639,0.19025619328022003,0.4507462680339813,0.19289645552635193
YDR159W,YPL199C,1,1.5078456,0.19059613347053528,0.4517413079738617,0.19289645552635193
YDL126C,YOR359W,1,1.5076674,0.19093579053878784,0.4527363181114197,0.19289645552635193
YBR191W,YDR529C,0,1.5074892,0.1908557116985321,0.4527363181114197,0.19299650192260742
YGR089W,YMR243C,0,1.5072831,0.19077567756175995,0.4527363181114197,0.19309654831886292
YJR161C,YNL095C,0,1.5070434,0.19069571793079376,0.4527363181114197,0.1931965947151184
YCR014C,YLR441C,0,1.5063431,0.19061583280563354,0.4527363181114197,0.1932966411113739
YCL008C,YIL082W-A,0,1.5059077,0.1905360072851181,0.4527363181114197,0.1933967024087906
YCL008C,YNL264C,0,1.5056957,0.19045625627040863,0.4527363181114197,0.19349674880504608
YCR016W,YFL062W,0,1.505666,0.19037656486034393,0.4527363181114197,0.19359679520130157
YKL001C,YER137C-A,0,1.5056528,0.1902969479560852,0.4527363181114197,0.19369684159755707
YOR216C,YDR116C,0,1.5040257,0.19021739065647125,0.4527363181114197,0.19379690289497375
YLR398C,YJL124C,1,1.5038304,0.19055578112602234,0.45373135805130005,0.19379690289497375
YGR215W,YJL044C,0,1.5035591,0.190476194024086,0.45373135805130005,0.19389694929122925
YLR227C,YLR135W,0,1.5033851,0.19039666652679443,0.45373135805130005,0.19399699568748474
YNL279W,YJL173C,0,1.5027664,0.19031719863414764,0.45373135805130005,0.19409704208374023
YLR099W-A,YDL245C,0,1.5025038,0.19023779034614563,0.45373135805130005,0.19419710338115692
YHL007C,YFR032C-A,0,1.5024798,0.19015847146511078,0.45373135805130005,0.19429714977741241
YPL040C,YDR432W,0,1.5019193,0.1900791972875595,0.45373135805130005,0.1943971961736679
YLL057C,YLR183C,0,1.5016689,0.1899999976158142,0.45373135805130005,0.1944972425699234
YKL097W-A,YNL267W,0,1.5010765,0.18992087244987488,0.45373135805130005,0.1945973038673401
YKR031C,YOR343C-A,0,1.5010613,0.18984179198741913,0.45373135805130005,0.19469735026359558
YHR097C,YJR032W,0,1.5007362,0.18976280093193054,0.45373135805130005,0.19479739665985107
YGL230C,YER083C,0,1.5002722,0.18968385457992554,0.45373135805130005,0.19489744305610657
YAL058W,YPL082C,0,1.5001713,0.1896049827337265,0.45373135805130005,0.19499750435352325
YDR208W,YLR150W,0,1.499712,0.18952618539333344,0.45373135805130005,0.19509755074977875
YJL104W,YNL191W,0,1.499248,0.18944744765758514,0.45373135805130005,0.19519759714603424
YLL015W,YCL021W-A,0,1.4976767,0.18936876952648163,0.45373135805130005,0.19529764354228973
YKR049C,YDR179C,0,1.4976735,0.18929016590118408,0.45373135805130005,0.19539770483970642
YCL011C,YOL149W,1,1.4976125,0.1896265596151352,0.45472636818885803,0.19539770483970642
YNL001W,YNL147W,1,1.4975014,0.18996267020702362,0.455721378326416,0.19539770483970642
YPR193C,YLR383W,0,1.4970663,0.18988391757011414,0.455721378326416,0.19549775123596191
YJL072C,YBL097W,0,1.4966466,0.18980522453784943,0.455721378326416,0.1955977976322174
YOL142W,YGR271C-A,1,1.4961649,0.19014084339141846,0.4567164182662964,0.1955977976322174
YHR046C,YPL195W,0,1.4961281,0.19006210565567017,0.4567164182662964,0.1956978440284729
YPR149W,YML024W,0,1.4956781,0.18998344242572784,0.4567164182662964,0.1957979053258896
YHL039W,YDL114W,0,1.4941552,0.1899048388004303,0.4567164182662964,0.19589795172214508
YNL244C,YLR314C,0,1.4936618,0.18982630968093872,0.4567164182662964,0.19599799811840057
YDR346C,YOR038C,0,1.4932578,0.18974782526493073,0.4567164182662964,0.19609804451465607
YHR177W,YDL043C,0,1.4932458,0.1896694153547287,0.4567164182662964,0.19619810581207275
YPR196W,YIL096C,0,1.4918821,0.18959107995033264,0.4567164182662964,0.19629815220832825
YPL014W,YHR070W,0,1.4918264,0.18951280415058136,0.4567164182662964,0.19639819860458374
YLR014C,YGL121C,0,1.4910705,0.18943458795547485,0.4567164182662964,0.19649824500083923
YDR210W-D,YIL034C,0,1.4907895,0.18935643136501312,0.4567164182662964,0.19659830629825592
YOR275C,YBL080C,0,1.4906533,0.18927834928035736,0.4567164182662964,0.1966983526945114
YNL256W,YOR223W,0,1.4897484,0.18920032680034637,0.4567164182662964,0.1967983990907669
YNL121C,YBL039W-A,0,1.4896646,0.18912237882614136,0.4567164182662964,0.1968984454870224
YCL047C,YGR183C,0,1.489497,0.18904447555541992,0.4567164182662964,0.1969984918832779
YHR094C,YBR267W,0,1.4889622,0.18896664679050446,0.4567164182662964,0.19709855318069458
YER065C,YLR073C,0,1.4883037,0.18888889253139496,0.4567164182662964,0.19719859957695007
YLL061W,YIL064W,0,1.4881436,0.18881118297576904,0.4567164182662964,0.19729864597320557
YPL163C,YDR422C,0,1.4875245,0.1887335479259491,0.4567164182662964,0.19739869236946106
YGR046W,YBR163W,0,1.4874554,0.18865598738193512,0.4567164182662964,0.19749875366687775
YER159C,YML097C,0,1.4869277,0.18857847154140472,0.4567164182662964,0.19759880006313324
YGR282C,YLR287C,0,1.4867151,0.1885010302066803,0.4567164182662964,0.19769884645938873
YPR026W,YDL043C,0,1.4863851,0.18842364847660065,0.4567164182662964,0.19779889285564423
YNL158W,YER052C,0,1.4862756,0.18834632635116577,0.4567164182662964,0.1978989541530609
YKR082W,YBR173C,0,1.4854027,0.18826907873153687,0.4567164182662964,0.1979990005493164
YJR032W,YPL123C,0,1.485147,0.18819187581539154,0.4567164182662964,0.1980990469455719
YGR003W,YJL162C,0,1.4848796,0.18811474740505219,0.4567164182662964,0.1981990933418274
YPL011C,YBR208C,0,1.4846535,0.1880376935005188,0.4567164182662964,0.19829915463924408
YBL028C,YHR160C,0,1.4846452,0.187960684299469,0.4567164182662964,0.19839920103549957
YDR420W,YBR217W,0,1.484464,0.18788374960422516,0.4567164182662964,0.19849924743175507
YPR027C,YDR359C,0,1.4837539,0.1878068745136261,0.4567164182662964,0.19859929382801056
YBR147W,YLR276C,0,1.4834962,0.18773005902767181,0.4567164182662964,0.19869935512542725
YOR275C,YML081C-A,0,1.4822463,0.1876533180475235,0.4567164182662964,0.19879940152168274
YLR372W,YGL208W,0,1.4817758,0.18757662177085876,0.4567164182662964,0.19889944791793823
YMR177W,YNL323W,0,1.4816289,0.1875,0.4567164182662964,0.19899949431419373
YLR277C,YLR178C,0,1.4814618,0.187423437833786,0.4567164182662964,0.1990995556116104
YBR131W,YNR055C,0,1.4812324,0.1873469352722168,0.4567164182662964,0.1991996020078659
YKR081C,YJL123C,0,1.4811195,0.18727050721645355,0.4567164182662964,0.1992996484041214
YEL024W,YBR293W,0,1.4807681,0.1871941238641739,0.4567164182662964,0.1993996948003769
YFL043C,YDR448W,0,1.4803686,0.1871178150177002,0.4567164182662964,0.19949975609779358
YDL138W,YNL149C,0,1.4802793,0.18704156577587128,0.4567164182662964,0.19959980249404907
YOR001W,YBL018C,1,1.4799047,0.18737271428108215,0.45771142840385437,0.19959980249404907
YDL155W,YDR325W,0,1.4797552,0.18729642033576965,0.45771142840385437,0.19969984889030457
YIL003W,YLR039C,0,1.4791753,0.18722018599510193,0.45771142840385437,0.19979989528656006
YJL127C-B,YHR005C,0,1.4789523,0.18714402616024017,0.45771142840385437,0.19989995658397675
YDR179C,YLL048C,0,1.4786627,0.187067911028862,0.45771142840385437,0.20000000298023224
YER169W,YGL094C,0,1.4779382,0.1869918704032898,0.45771142840385437,0.20010004937648773
YHR133C,YJL194W,0,1.4776,0.18691588938236237,0.45771142840385437,0.20020009577274323
YJL209W,YCR077C,1,1.4774501,0.1872461438179016,0.45870646834373474,0.20020009577274323
YGL121C,YGL245W,0,1.4771726,0.1871701180934906,0.45870646834373474,0.2003001570701599
YLL034C,YER108C,0,1.4767532,0.18709415197372437,0.45870646834373474,0.2004002034664154
YOR119C,YGL196W,0,1.4766272,0.1870182603597641,0.45870646834373474,0.2005002498626709
YNL221C,YPR042C,1,1.4765499,0.18734793365001678,0.4597014784812927,0.2005002498626709
YDR437W,YHR115C,0,1.4758193,0.18727199733257294,0.4597014784812927,0.2006002962589264
YGL189C,YBR199W,0,1.4753809,0.18719610571861267,0.4597014784812927,0.20070035755634308
YGR208W,YHL019C,0,1.4752359,0.18712028861045837,0.4597014784812927,0.20080040395259857
YGL162W,YJR055W,0,1.4752028,0.18704453110694885,0.4597014784812927,0.20090045034885406
YDL105W,YGL208W,0,1.4748334,0.1869688332080841,0.4597014784812927,0.20100049674510956
YLR239C,YMR246W,0,1.4733176,0.18689320981502533,0.4597014784812927,0.20110054314136505
YPR036W-A,YLR004C,0,1.4730971,0.18681763112545013,0.4597014784812927,0.20120060443878174
YMR125W,YGR072W,1,1.472256,0.18714632093906403,0.4606965184211731,0.20120060443878174
YOR166C,YKR084C,1,1.4712962,0.18747474253177643,0.4616915285587311,0.20120060443878174
YKL181W,YBR177C,0,1.4710995,0.1873990297317505,0.4616915285587311,0.20130065083503723
YLR073C,YJR092W,0,1.4708555,0.18732337653636932,0.4616915285587311,0.20140069723129272
YHR210C,YJL095W,0,1.4707242,0.18724778294563293,0.4616915285587311,0.20150074362754822
YHR081W,YGR072W,1,1.4705918,0.18757563829421997,0.46268656849861145,0.20150074362754822
YGL245W,YAR066W,0,1.4705493,0.1875,0.46268656849861145,0.2016008049249649
YMR312W,YNL334C,0,1.4704297,0.1874244213104248,0.46268656849861145,0.2017008513212204
YLL048C,YLR238W,0,1.4700136,0.18734891712665558,0.46268656849861145,0.2018008977174759
YBL103C-A,YFL042C,0,1.4699454,0.18727345764636993,0.46268656849861145,0.20190094411373138
YHR042W,YBR282W,0,1.4694386,0.18719807267189026,0.46268656849861145,0.20200100541114807
YPL049C,YKR092C,0,1.4694225,0.18712273240089417,0.46268656849861145,0.20210105180740356
YBR202W,YDR390C,0,1.4683472,0.18704746663570404,0.46268656849861145,0.20220109820365906
YBL100W-B,YOR182C,0,1.4679747,0.1869722604751587,0.46268656849861145,0.20230114459991455
YDL004W,YHR155W,0,1.467942,0.18689709901809692,0.46268656849861145,0.20240120589733124
YGL234W,YPR048W,0,1.467644,0.18682201206684113,0.46268656849861145,0.20250125229358673
YLR276C,YLR256W,0,1.467615,0.1867469847202301,0.46268656849861145,0.20260129868984222
YDR245W,YNL164C,0,1.4671915,0.18667201697826385,0.46268656849861145,0.20270134508609772
YBL039W-A,YMR160W,0,1.4667678,0.18659710884094238,0.46268656849861145,0.2028014063835144
YOL042W,YNL197C,1,1.4666741,0.18692338466644287,0.46368157863616943,0.2028014063835144
YKL211C,YCR015C,0,1.4654498,0.18684843182563782,0.46368157863616943,0.2029014527797699
YKR096W,YDR206W,1,1.4654368,0.18717435002326965,0.4646766185760498,0.2029014527797699
YNL283C,YLR453C,0,1.4652259,0.18709935247898102,0.4646766185760498,0.2030014991760254
YPL005W,YGL077C,0,1.4652061,0.18702442944049835,0.4646766185760498,0.20310154557228088
YLR204W,YMR263W,0,1.4649978,0.18694956600666046,0.4646766185760498,0.20320160686969757
YOR038C,YDR486C,0,1.464172,0.18687474727630615,0.4646766185760498,0.20330165326595306
YKL097W-A,YOR251C,0,1.4641551,0.1868000030517578,0.4646766185760498,0.20340169966220856
YDR437W,YDR463W,0,1.4640275,0.18672530353069305,0.4646766185760498,0.20350174605846405
YBL106C,YIL096C,0,1.4635272,0.18665067851543427,0.4646766185760498,0.20360180735588074
YDL178W,YNL280C,0,1.463429,0.18657611310482025,0.4646766185760498,0.20370185375213623
YLR136C,YKL113C,1,1.4630759,0.18690095841884613,0.4656716287136078,0.20370185375213623
YJR057W,YOR210W,0,1.4629862,0.18682634830474854,0.4656716287136078,0.20380190014839172
YDL150W,YCL026C-B,0,1.4620409,0.18675179779529572,0.4656716287136078,0.20390194654464722
YOL044W,YHR014W,0,1.4620078,0.18667730689048767,0.4656716287136078,0.2040020078420639
YIL075C,YJR105W,0,1.4615421,0.1866028755903244,0.4656716287136078,0.2041020542383194
YHR133C,YBL045C,0,1.4615114,0.1865285038948059,0.4656716287136078,0.2042021006345749
YDR208W,YPR086W,0,1.4607946,0.186454176902771,0.4656716287136078,0.20430214703083038
YJL208C,YDL070W,0,1.4606328,0.18637992441654205,0.4656716287136078,0.20440220832824707
YNR066C,YIL133C,0,1.4606045,0.18630573153495789,0.4656716287136078,0.20450225472450256
YER073W,YBL080C,0,1.4600694,0.1862315982580185,0.4656716287136078,0.20460230112075806
YLR154C,YHR081W,1,1.4599285,0.18655529618263245,0.46666666865348816,0.20460230112075806
YNL251C,YLR264W,1,1.4597417,0.1868787258863449,0.46766167879104614,0.20460230112075806
YHR094C,YDR448W,0,1.4594632,0.18680445849895477,0.46766167879104614,0.20470234751701355
YMR145C,YJL189W,0,1.4593076,0.18673023581504822,0.46766167879104614,0.20480239391326904
YJR050W,YPL239W,0,1.4589913,0.18665607273578644,0.46766167879104614,0.20490245521068573
YNR053C,YMR158W,0,1.4586964,0.18658198416233063,0.46766167879104614,0.20500250160694122
YPL069C,YML125C,0,1.4585414,0.1865079402923584,0.46766167879104614,0.20510254800319672
YPR137C-B,YOR094W,0,1.4584761,0.18643395602703094,0.46766167879104614,0.2052025943994522
YHR051W,YBR025C,0,1.4584103,0.18636003136634827,0.46766167879104614,0.2053026556968689
YDR188W,YHL002W,0,1.4582441,0.18628616631031036,0.46766167879104614,0.2054027020931244
YJL033W,YDL066W,0,1.4576726,0.18621236085891724,0.46766167879104614,0.20550274848937988
YAL007C,YPL192C,0,1.4576017,0.18613861501216888,0.46766167879104614,0.20560279488563538
YDR218C,YLR238W,0,1.4566741,0.1860649287700653,0.46766167879104614,0.20570285618305206
YHR149C,YFL017W-A,0,1.4563859,0.1859912872314453,0.46766167879104614,0.20580290257930756
YCL021W-A,YCL040W,0,1.4563758,0.1859177201986313,0.46766167879104614,0.20590294897556305
YKR099C-A,YER157W,0,1.4561611,0.18584421277046204,0.46766167879104614,0.20600299537181854
YGL245W,YMR049C,0,1.4558939,0.18577075004577637,0.46766167879104614,0.20610305666923523
YNL116W,YLR018C,0,1.455435,0.18569734692573547,0.46766167879104614,0.20620310306549072
YDR261C-C,YNL069C,0,1.4534113,0.18562401831150055,0.46766167879104614,0.20630314946174622
YCL074W,YHR052W,0,1.4533272,0.1855507344007492,0.46766167879104614,0.2064031958580017
YML081C-A,YOR223W,0,1.4531786,0.18547751009464264,0.46766167879104614,0.2065032571554184
YBL039C,YHR160C,0,1.4527233,0.18540434539318085,0.46766167879104614,0.2066033035516739
YOR264W,YML010W,0,1.4526703,0.18533122539520264,0.46766167879104614,0.20670334994792938
YDL064W,YER020W,0,1.4520681,0.1852581799030304,0.46766167879104614,0.20680339634418488
YCL075W,YMR024W,0,1.4518948,0.18518517911434174,0.46766167879104614,0.20690345764160156
YOL144W,YGR005C,0,1.451492,0.18511225283145905,0.46766167879104614,0.20700350403785706
YMR088C,YBR217W,0,1.4511609,0.18503937125205994,0.46766167879104614,0.20710355043411255
YBR044C,YDR198C,0,1.4510026,0.1849665492773056,0.46766167879104614,0.20720359683036804
YIL075C,YHR042W,0,1.4509633,0.18489378690719604,0.46766167879104614,0.20730365812778473
YHL036W,YNL119W,0,1.4504428,0.18482108414173126,0.46766167879104614,0.20740370452404022
YPL076W,YHR187W,0,1.4503287,0.18474842607975006,0.46766167879104614,0.20750375092029572
YML010W,YNL330C,0,1.4501606,0.18467582762241364,0.46766167879104614,0.2076037973165512
YHR183W,YLR371W,0,1.4501039,0.18460330367088318,0.46766167879104614,0.2077038586139679
YPR200C,YNL054W-B,0,1.4496158,0.1845308244228363,0.46766167879104614,0.2078039050102234
YMR156C,YGL170C,0,1.4494104,0.1844584047794342,0.46766167879104614,0.20790395140647888
YBR177C,YLR430W,0,1.449134,0.18438602983951569,0.46766167879104614,0.20800399780273438
YOL139C,YGL014W,1,1.4490113,0.18470588326454163,0.4686567187309265,0.20800399780273438
YOR210W,YNL236W,0,1.4490031,0.18463347852230072,0.4686567187309265,0.20810405910015106
YBL028C,YJR100C,0,1.4488139,0.1845611333847046,0.4686567187309265,0.20820410549640656
YNL147W,YGL107C,1,1.4487759,0.18488053977489471,0.4696517288684845,0.20820410549640656
YCL056C,YGL058W,0,1.4484229,0.184808149933815,0.4696517288684845,0.20830415189266205
YNL002C,YGL039W,0,1.4481866,0.18473580479621887,0.4696517288684845,0.20840419828891754
YGR047C,YHR046C,0,1.4480662,0.1846635341644287,0.4696517288684845,0.20850424468517303
YDR151C,YPR119W,0,1.4480054,0.18459132313728333,0.4696517288684845,0.20860430598258972
YGL091C,YNL218W,0,1.4477569,0.18451915681362152,0.4696517288684845,0.20870435237884521
YPR048W,YBR131W,0,1.4471738,0.1844470500946045,0.4696517288684845,0.2088043987751007
YCL001W-B,YLR423C,0,1.4466258,0.18437500298023224,0.4696517288684845,0.2089044451713562
YDL004W,YMR228W,0,1.4458699,0.18430300056934357,0.4696517288684845,0.2090045064687729
YIL016W,YBR045C,0,1.4448007,0.18423107266426086,0.4696517288684845,0.20910455286502838
YIL134W,YPL202C,0,1.4436109,0.18415918946266174,0.4696517288684845,0.20920459926128387
YOR262W,YDR210W-D,0,1.4432263,0.1840873658657074,0.4696517288684845,0.20930464565753937
YDR486C,YMR142C,0,1.4429668,0.18401560187339783,0.4696517288684845,0.20940470695495605
YOL123W,YML031W,0,1.4422942,0.18394388258457184,0.4696517288684845,0.20950475335121155
YPR085C,YLL034C,0,1.442173,0.18387222290039062,0.4696517288684845,0.20960479974746704
YJR027W,YNL112W,0,1.4420549,0.1838006228208542,0.4696517288684845,0.20970484614372253
YDL208W,YOL095C,0,1.4419687,0.18372908234596252,0.4696517288684845,0.20980490744113922
YMR029C,YGR047C,0,1.4414148,0.18365758657455444,0.4696517288684845,0.20990495383739471
YDL108W,YGR092W,0,1.4412885,0.18358615040779114,0.4696517288684845,0.2100050002336502
YJL072C,YML125C,0,1.4412441,0.1835147738456726,0.4696517288684845,0.2101050466299057
YFL053W,YHR168W,0,1.4410988,0.18344345688819885,0.4696517288684845,0.2102051079273224
YDL111C,YKL090W,1,1.441066,0.18376068770885468,0.47064676880836487,0.2102051079273224
YGR254W,YKR093W,0,1.4409006,0.18368932604789734,0.47064676880836487,0.21030515432357788
YBR261C,YCL021W-A,0,1.4406272,0.18361800909042358,0.47064676880836487,0.21040520071983337
YAL042W,YCR016W,0,1.4403697,0.1835467666387558,0.47064676880836487,0.21050524711608887
YPR164W,YDL102W,1,1.4403503,0.18386346101760864,0.47164177894592285,0.21050524711608887
YHR010W,YHL019C,0,1.4393864,0.18379217386245728,0.47164177894592285,0.21060530841350555
YOR319W,YDR148C,0,1.4390801,0.1837209314107895,0.47164177894592285,0.21070535480976105
YPR027C,YLR051C,0,1.4390469,0.18364974856376648,0.47164177894592285,0.21080540120601654
YLR413W,YER007W,0,1.4390422,0.18357862532138824,0.47164177894592285,0.21090544760227203
YIL016W,YNR060W,0,1.4386415,0.1835075467824936,0.47164177894592285,0.21100550889968872
YIL021W,YGL135W,0,1.4385774,0.1834365278482437,0.47164177894592285,0.2111055552959442
YHL009W-B,YDR468C,0,1.4384413,0.1833655685186386,0.47164177894592285,0.2112056016921997
YDL160C,YLR398C,1,1.4383426,0.18368135392665863,0.4726368188858032,0.2112056016921997
YDR346C,YER048C,0,1.4383159,0.18361036479473114,0.4726368188858032,0.2113056480884552
YGL246C,YNL157W,1,1.4382665,0.1839258074760437,0.4736318290233612,0.2113056480884552
YDR123C,YBR282W,0,1.438139,0.18385477364063263,0.4736318290233612,0.2114057093858719
YLR264W,YNL330C,0,1.4380628,0.18378378450870514,0.4736318290233612,0.21150575578212738
YMR053C,YBR009C,0,1.4373842,0.18371285498142242,0.4736318290233612,0.21160580217838287
YGL189C,YFR031C,0,1.437315,0.1836419701576233,0.4736318290233612,0.21170584857463837
YIL065C,YDR448W,0,1.4372826,0.18357115983963013,0.4736318290233612,0.21180590987205505
YPR068C,YER083C,0,1.4372363,0.18350037932395935,0.4736318290233612,0.21190595626831055
YDR113C,YNL116W,0,1.4369663,0.18342967331409454,0.4736318290233612,0.21200600266456604
YMR275C,YHR162W,0,1.4368911,0.18335901200771332,0.4736318290233612,0.21210604906082153
YMR080C,YMR287C,1,1.4365942,0.18367347121238708,0.4746268689632416,0.21210604906082153
YJL189W,YNL213C,0,1.4357944,0.18360276520252228,0.4746268689632416,0.21220611035823822
YDR345C,YLR287C,0,1.4356675,0.18353213369846344,0.4746268689632416,0.2123061567544937
YKL097W-A,YDR210C-D,0,1.4352186,0.183461531996727,0.4746268689632416,0.2124062031507492
YOR194C,YPR137C-B,0,1.4337037,0.1833910048007965,0.4746268689632416,0.2125062495470047
YKR049C,YML095C,0,1.4334435,0.1833205223083496,0.4746268689632416,0.2126062959432602
YFL035C,YGR208W,0,1.4333854,0.18325009942054749,0.4746268689632416,0.21270635724067688
YOR063W,YPL118W,0,1.4333661,0.18317972123622894,0.4746268689632416,0.21280640363693237
YOR359W,YPL222W,0,1.4329692,0.18310940265655518,0.4746268689632416,0.21290645003318787
YOR083W,YEL077C,0,1.4325862,0.18303914368152618,0.4746268689632416,0.21300649642944336
YOL072W,YLR363C,1,1.4325516,0.1833525151014328,0.47562187910079956,0.21300649642944336
YIL075C,YNL256W,0,1.4318755,0.18328221142292023,0.47562187910079956,0.21310655772686005
YDR088C,YLR004C,0,1.4307648,0.18321195244789124,0.47562187910079956,0.21320660412311554
YPR090W,YHR046C,0,1.4295876,0.1831417679786682,0.47562187910079956,0.21330665051937103
YOL115W,YNL072W,1,1.4283644,0.18345461785793304,0.47661691904067993,0.21330665051937103
YJL033W,YDR093W,0,1.4279869,0.18338437378406525,0.47661691904067993,0.21340669691562653
YOR294W,YOL161C,0,1.4278576,0.18331420421600342,0.47661691904067993,0.2135067582130432
YPL021W,YMR077C,0,1.4277459,0.18324406445026398,0.47661691904067993,0.2136068046092987
YOR090C,YEL029C,0,1.4274546,0.1831739991903305,0.47661691904067993,0.2137068510055542
YNL273W,YMR146C,0,1.4263022,0.18310397863388062,0.47661691904067993,0.2138068974018097
YKR093W,YFL043C,0,1.4261343,0.1830340027809143,0.47661691904067993,0.21390695869922638
YOR144C,YDL247W,0,1.4260635,0.18296410143375397,0.47661691904067993,0.21400700509548187
YBR279W,YPL076W,0,1.4259441,0.18289422988891602,0.47661691904067993,0.21410705149173737
YIL004C,YCR075W-A,0,1.4255993,0.18282443284988403,0.47661691904067993,0.21420709788799286
YBL103C-A,YIL119C,0,1.4252079,0.18275468051433563,0.47661691904067993,0.21430715918540955
YLR337C,YER092W,0,1.4249294,0.1826849728822708,0.47661691904067993,0.21440720558166504
YKL216W,YGL058W,0,1.4241583,0.18261532485485077,0.47661691904067993,0.21450725197792053
YBR026C,YLR007W,0,1.4241453,0.1825457364320755,0.47661691904067993,0.21460729837417603
YDL105W,YDL066W,0,1.4234278,0.1824761927127838,0.47661691904067993,0.2147073596715927
YGL234W,YDR380W,0,1.4232488,0.1824067085981369,0.47661691904067993,0.2148074060678482
YAL058W,YOL137W,0,1.4227712,0.18233726918697357,0.47661691904067993,0.2149074524641037
YDR356W,YDL099W,0,1.4226654,0.18226788938045502,0.47661691904067993,0.2150074988603592
YDL223C,YEL048C,0,1.4225309,0.18219855427742004,0.47661691904067993,0.21510756015777588
YCR057C,YLR039C,0,1.42246,0.18212927877902985,0.47661691904067993,0.21520760655403137
YML046W,YPL069C,0,1.42226,0.18206004798412323,0.47661691904067993,0.21530765295028687
YMR175W,YBR119W,0,1.422235,0.1819908767938614,0.47661691904067993,0.21540769934654236
YHR077C,YOR076C,1,1.4220666,0.18230155110359192,0.4776119291782379,0.21540769934654236
YPR003C,YCL021W-A,0,1.4215068,0.1822323501110077,0.4776119291782379,0.21550776064395905
YDR266C,YHR132W-A,1,1.4209435,0.18254269659519196,0.4786069691181183,0.21550776064395905
YJL140W,YCR035C,1,1.4206585,0.18285280466079712,0.47960197925567627,0.21550776064395905
YBL018C,YDL007W,1,1.420511,0.18316268920898438,0.48059701919555664,0.21550776064395905
YOR262W,YEL038W,0,1.4197592,0.18309324979782104,0.48059701919555664,0.21560780704021454
YDL233W,YLL008W,0,1.4191444,0.1830238699913025,0.48059701919555664,0.21570785343647003
YDR188W,YBR072W,0,1.4190711,0.1829545497894287,0.48059701919555664,0.21580789983272552
YDR409W,YOR021C,0,1.4178672,0.1828852742910385,0.48059701919555664,0.2159079611301422
YDR218C,YGR183C,0,1.4177011,0.1828160434961319,0.48059701919555664,0.2160080075263977
YIL117C,YCL021W-A,0,1.4174047,0.18274687230587006,0.48059701919555664,0.2161080539226532
YJL090C,YNR022C,0,1.417347,0.182677760720253,0.48059701919555664,0.2162081003189087
YHR025W,YMR024W,0,1.4169177,0.1826086938381195,0.48059701919555664,0.21630814671516418
YKR099C-A,YLL056C,0,1.4166436,0.1825396865606308,0.48059701919555664,0.21640820801258087
YPR119W,YNL119W,0,1.4159329,0.18247072398662567,0.48059701919555664,0.21650825440883636
YKR075C,YMR036C,0,1.4155986,0.18240180611610413,0.48059701919555664,0.21660830080509186
YER103W,YIL115C,0,1.4155868,0.18233296275138855,0.48059701919555664,0.21670834720134735
YOL094C,YDL080C,0,1.4153051,0.18226414918899536,0.48059701919555664,0.21680840849876404
YHR177W,YKR103W,0,1.415144,0.18219539523124695,0.48059701919555664,0.21690845489501953
YMR029C,YDR183W,0,1.4136182,0.1821267008781433,0.48059701919555664,0.21700850129127502
YPL137C,YKR017C,0,1.4131708,0.18205805122852325,0.48059701919555664,0.21710854768753052
YPR073C,YER101C,0,1.4113896,0.18198944628238678,0.48059701919555664,0.2172086089849472
YAR015W,YBR077C,0,1.4112089,0.18192090094089508,0.48059701919555664,0.2173086553812027
YML046W,YJL178C,0,1.4109256,0.18185241520404816,0.48059701919555664,0.2174087017774582
YBL098W,YPR036W-A,0,1.4107527,0.18178397417068481,0.48059701919555664,0.21750874817371368
YIL151C,YOR048C,1,1.4105613,0.18209180235862732,0.4815920293331146,0.21750874817371368
YOR191W,YDR147W,0,1.410294,0.1820233166217804,0.4815920293331146,0.21760880947113037
YCR105W,YBR267W,0,1.4097381,0.18195489048957825,0.4815920293331146,0.21770885586738586
YGL162W,YPR073C,0,1.409632,0.18188650906085968,0.4815920293331146,0.21780890226364136
YNL232W,YBR170C,1,1.4090105,0.1821938455104828,0.482587069272995,0.21780890226364136
YBR092C,YBR056W,0,1.4084343,0.18212541937828064,0.482587069272995,0.21790894865989685
YER048W-A,YNL069C,0,1.4082723,0.18205705285072327,0.482587069272995,0.21800900995731354
YGL189C,YER048C,0,1.4081632,0.18198874592781067,0.482587069272995,0.21810905635356903
YKL060C,YBR188C,0,1.4073155,0.18192048370838165,0.482587069272995,0.21820910274982452
YHR005C,YCR092C,0,1.4072752,0.18185226619243622,0.482587069272995,0.21830914914608002
YGL234W,YDL233W,0,1.407232,0.18178410828113556,0.482587069272995,0.2184092104434967
YNR052C,YAL033W,1,1.4061561,0.1820906698703766,0.483582079410553,0.2184092104434967
YLR270W,YBR257W,1,1.4060268,0.1823970079421997,0.48457711935043335,0.2184092104434967
YOR190W,YDR179C,0,1.4056327,0.1823287159204483,0.48457711935043335,0.2185092568397522
YLL025W,YGR103W,0,1.4055904,0.18226048350334167,0.48457711935043335,0.2186093032360077
YOL107W,YER101C,0,1.4055836,0.18219229578971863,0.48457711935043335,0.21870934963226318
YPL192C,YPL222W,0,1.4053096,0.18212415277957916,0.48457711935043335,0.21880941092967987
YPR137C-B,YKL127W,0,1.4052525,0.18205606937408447,0.48457711935043335,0.21890945732593536
YHR214W-G,YJR033C,0,1.4048283,0.18198804557323456,0.48457711935043335,0.21900950372219086
YGR047C,YHR182W,0,1.4047866,0.18192006647586823,0.48457711935043335,0.21910955011844635
YGR081C,YNR022C,0,1.4040823,0.18185213208198547,0.48457711935043335,0.21920961141586304
YJL178C,YFL043C,0,1.4040486,0.1817842423915863,0.48457711935043335,0.21930965781211853
YJR055W,YOR090C,0,1.4039915,0.1817164123058319,0.48457711935043335,0.21940970420837402
YLL025W,YLR417W,0,1.403939,0.1816486418247223,0.48457711935043335,0.21950975060462952
YGL246C,YML006C,0,1.4036472,0.18158091604709625,0.48457711935043335,0.2196098119020462
YML023C,YMR271C,0,1.4033463,0.1815132349729538,0.48457711935043335,0.2197098582983017
YPL159C,YGL094C,0,1.4026527,0.18144559860229492,0.48457711935043335,0.2198099046945572
YMR275C,YNL095C,0,1.402453,0.18137802183628082,0.48457711935043335,0.21990995109081268
YCL075W,YML125C,0,1.4017068,0.1813105046749115,0.48457711935043335,0.22001001238822937
YJL050W,YGR048W,1,1.4012471,0.1816151887178421,0.48557212948799133,0.22001001238822937
YLR073C,YJL093C,0,1.4011616,0.181547611951828,0.48557212948799133,0.22011005878448486
YDR206W,YKR095W,1,1.4010966,0.18185198307037354,0.4865671694278717,0.22011005878448486
YML050W,YPR158C-D,0,1.4010639,0.18178439140319824,0.4865671694278717,0.22021010518074036
YKL190W,YIR024C,0,1.4008535,0.18171682953834534,0.4865671694278717,0.22031015157699585
YGR272C,YIL079C,1,1.3999684,0.18202079832553864,0.4875621795654297,0.22031015157699585
YIR014W,YPR190C,0,1.3996463,0.18195320665836334,0.4875621795654297,0.22041019797325134
YDR324C,YBR044C,0,1.3984649,0.18188567459583282,0.4875621795654297,0.22051025927066803
YOR060C,YIL156W,0,1.3982229,0.1818181872367859,0.4875621795654297,0.22061030566692352
YNL124W,YDR098C-B,0,1.3972569,0.18175074458122253,0.4875621795654297,0.22071035206317902
YIL068C,YHR076W,0,1.3970015,0.18168334662914276,0.4875621795654297,0.2208103984594345
YKR093W,YGR169C-A,0,1.3969567,0.18161600828170776,0.4875621795654297,0.2209104597568512
YDR218C,YJR032W,0,1.396791,0.18154871463775635,0.4875621795654297,0.2210105061531067
YDL025C,YDR345C,0,1.3967192,0.1814814805984497,0.4875621795654297,0.22111055254936218
YNL283C,YLR264W,0,1.3966423,0.18141429126262665,0.4875621795654297,0.22121059894561768
YLR054C,YDL051W,0,1.3961366,0.18134714663028717,0.4875621795654297,0.22131066024303436
YOL146W,YPL118W,0,1.3960286,0.18128006160259247,0.4875621795654297,0.22141070663928986
YAL056W,YKL032C,0,1.3960102,0.18121302127838135,0.4875621795654297,0.22151075303554535
YML095C,YBR202W,0,1.3956757,0.1811460256576538,0.4875621795654297,0.22161079943180084
YKL211C,YDL051W,0,1.3955269,0.18107908964157104,0.4875621795654297,0.22171086072921753
YNL054W-B,YPR055W,0,1.3953855,0.18101218342781067,0.4875621795654297,0.22181090712547302
YGL009C,YML001W,0,1.3945107,0.18094535171985626,0.4875621795654297,0.22191095352172852
YMR215W,YDR380W,0,1.3940632,0.18087854981422424,0.4875621795654297,0.222010999917984
YER157W,YPL222W,0,1.3939809,0.180811807513237,0.4875621795654297,0.2221110612154007
YPR112C,YKL025C,1,1.3938309,0.18111397325992584,0.48855721950531006,0.2221110612154007
YNL020C,YDR064W,0,1.3938069,0.1810472011566162,0.48855721950531006,0.2222111076116562
YER070W,YLR312W-A,0,1.3936982,0.18098045885562897,0.48855721950531006,0.22231115400791168
YJL107C,YMR246W,0,1.3922775,0.1809137761592865,0.48855721950531006,0.22241120040416718
YMR211W,YDR393W,0,1.3911421,0.1808471381664276,0.48855721950531006,0.22251126170158386
YJR027W,YHR041C,0,1.3909235,0.1807805597782135,0.48855721950531006,0.22261130809783936
YPR119W,YNR073C,0,1.3908503,0.18071402609348297,0.48855721950531006,0.22271135449409485
YDR126W,YIL153W,0,1.3905382,0.18064753711223602,0.48855721950531006,0.22281140089035034
YFR031C,YNL004W,0,1.3902638,0.18058109283447266,0.48855721950531006,0.22291146218776703
YIR033W,YKL025C,1,1.390232,0.18088234961032867,0.48955222964286804,0.22291146218776703
YJR161C,YNL062C,0,1.3896289,0.18081587553024292,0.48955222964286804,0.22301150858402252
YOR264W,YJL162C,0,1.3895882,0.18074944615364075,0.48955222964286804,0.22311155498027802
YML014W,YJR032W,0,1.3894953,0.18068307638168335,0.48955222964286804,0.2232116013765335
YLR186W,YOR343C-A,0,1.3894794,0.18061673641204834,0.48955222964286804,0.2233116626739502
YDR127W,YNL039W,0,1.3891394,0.1805504560470581,0.48955222964286804,0.2234117090702057
YOL033W,YDL101C,0,1.3890946,0.18048422038555145,0.48955222964286804,0.22351175546646118
YIL096C,YDR448W,0,1.388746,0.18041804432868958,0.48955222964286804,0.22361180186271667
YLR099W-A,YNL218W,0,1.3878503,0.18035191297531128,0.48955222964286804,0.22371186316013336
YPL013C,YNL190W,0,1.3873198,0.18028582632541656,0.48955222964286804,0.22381190955638885
YDL160C,YPR042C,1,1.3872076,0.1805860847234726,0.4905472695827484,0.22381190955638885
YLL024C,YOR025W,0,1.3871423,0.1805199533700943,0.4905472695827484,0.22391195595264435
YPR023C,YOR166C,1,1.3871405,0.18081991374492645,0.4915422797203064,0.22391195595264435
YLL045C,YJL004C,0,1.387049,0.18075375258922577,0.4915422797203064,0.22401200234889984
YOR076C,YDL224C,1,1.3869805,0.18105340003967285,0.49253731966018677,0.22401200234889984
YPR048W,YKR061W,0,1.386078,0.18098720908164978,0.49253731966018677,0.22411204874515533
YMR142C,YJR059W,0,1.3856387,0.1809210479259491,0.49253731966018677,0.22421211004257202
YKR082W,YGR036C,0,1.3851608,0.1808549463748932,0.49253731966018677,0.22431215643882751
YNL064C,YBR131W,0,1.384803,0.18078890442848206,0.49253731966018677,0.224412202835083
YBL042C,YHL019C,0,1.3847384,0.1807228922843933,0.49253731966018677,0.2245122492313385
YLR213C,YNL188W,0,1.3845011,0.18065693974494934,0.49253731966018677,0.2246123105287552
YIL154C,YOR262W,0,1.3843535,0.18059103190898895,0.49253731966018677,0.22471235692501068
YOL078W,YPL178W,0,1.384082,0.18052516877651215,0.49253731966018677,0.22481240332126617
YCR097W,YNL069C,0,1.3835638,0.18045935034751892,0.49253731966018677,0.22491244971752167
YLR312W-A,YBL085W,0,1.3832066,0.18039359152317047,0.49253731966018677,0.22501251101493835
YHR214W-G,YDR293C,0,1.3830789,0.1803278625011444,0.49253731966018677,0.22511255741119385
YLR054C,YGL208W,0,1.3828837,0.18026219308376312,0.49253731966018677,0.22521260380744934
YNL134C,YLR074C,0,1.3827703,0.1801965832710266,0.49253731966018677,0.22531265020370483
YBR191W,YOR089C,0,1.3825972,0.1801310032606125,0.49253731966018677,0.22541271150112152
YCR068W,YIL096C,0,1.3822033,0.18006548285484314,0.49253731966018677,0.22551275789737701
YGR052W,YHR149C,0,1.3818368,0.18000000715255737,0.49253731966018677,0.2256128042936325
YDR147W,YKL032C,0,1.3817977,0.1799345761537552,0.49253731966018677,0.225712850689888
YOL019W,YBR142W,0,1.3816714,0.17986918985843658,0.49253731966018677,0.2258129119873047
YLR239C,YDR421W,0,1.3816489,0.17980384826660156,0.49253731966018677,0.22591295838356018
YPR036W-A,YCL026C-B,0,1.3808407,0.17973856627941132,0.49253731966018677,0.22601300477981567
YKR096W,YOR359W,1,1.3806878,0.1800362914800644,0.49353232979774475,0.22601300477981567
YHR149C,YIL111W,0,1.3801876,0.17997097969055176,0.49353232979774475,0.22611305117607117
YLL024C,YDL229W,0,1.3801827,0.1799056977033615,0.49353232979774475,0.22621311247348785
YMR224C,YNL188W,0,1.3801029,0.17984046041965485,0.49353232979774475,0.22631315886974335
YLR227C,YHR182W,0,1.3796642,0.17977528274059296,0.49353232979774475,0.22641320526599884
YLR425W,YOR343C-A,0,1.3795817,0.17971014976501465,0.49353232979774475,0.22651325166225433
YDR318W,YCL005W-A,0,1.3782821,0.17964506149291992,0.49353232979774475,0.22661331295967102
YKL209C,YLR238W,0,1.3777303,0.17958001792430878,0.49353232979774475,0.2267133593559265
YKL186C,YLR014C,0,1.3777003,0.1795150190591812,0.49353232979774475,0.226813405752182
YGL045W,YDR110W,0,1.3775111,0.17945007979869843,0.49353232979774475,0.2269134521484375
YMR282C,YCL056C,0,1.3772322,0.17938517034053802,0.49353232979774475,0.2270135134458542
YCL021W-A,YLR154W-C,0,1.3771505,0.1793203204870224,0.49353232979774475,0.22711355984210968
YHR071W,YDR444W,0,1.3765321,0.17925551533699036,0.49353232979774475,0.22721360623836517
YCL001W-A,YNL197C,1,1.3763689,0.17955201864242554,0.4945273697376251,0.22721360623836517
YCL011C,YER035W,1,1.3761884,0.179848313331604,0.4955223798751831,0.22721360623836517
YKL059C,YBR059C,0,1.3756841,0.1797833889722824,0.4955223798751831,0.22731365263462067
YGL209W,YLR266C,0,1.3755533,0.1797185093164444,0.4955223798751831,0.22741371393203735
YML024W,YDL087C,0,1.375464,0.17965367436408997,0.4955223798751831,0.22751376032829285
YLR051C,YNL176C,0,1.3746406,0.1795888990163803,0.4955223798751831,0.22761380672454834
YDR465C,YMR027W,0,1.3745002,0.17952415347099304,0.4955223798751831,0.22771385312080383
YGR272C,YOL142W,1,1.3744273,0.17981982231140137,0.4965174198150635,0.22771385312080383
YPL027W,YJL014W,0,1.3743615,0.1797550469636917,0.4965174198150635,0.22781389951705933
YPL280W,YOR287C,0,1.3738897,0.17969031631946564,0.4965174198150635,0.227913960814476
YAL035W,YPL222W,0,1.3736432,0.17962563037872314,0.4965174198150635,0.2280140072107315
YGR048W,YLL003W,0,1.3735996,0.17956098914146423,0.4965174198150635,0.228114053606987
YIL102C-A,YER101C,0,1.3735073,0.1794964075088501,0.4965174198150635,0.2282141000032425
YJR059W,YHR019C,0,1.3728566,0.17943185567855835,0.4965174198150635,0.22831416130065918
YKR099C-A,YBR251W,0,1.3728209,0.17936736345291138,0.4965174198150635,0.22841420769691467
YDR208W,YCR084C,0,1.3724467,0.17930291593074799,0.4965174198150635,0.22851425409317017
YLR048W,YDL245C,0,1.3722374,0.17923851311206818,0.4965174198150635,0.22861430048942566
YOL097C,YDR072C,0,1.3721731,0.17917414009571075,0.4965174198150635,0.22871436178684235
YGR272C,YNL282W,1,1.3720124,0.1794687658548355,0.49751242995262146,0.22871436178684235
YAR015W,YDR364C,0,1.3716793,0.1794043779373169,0.49751242995262146,0.22881440818309784
YLL033W,YBR094W,0,1.3716178,0.17934003472328186,0.49751242995262146,0.22891445457935333
YDL070W,YLR314C,0,1.3713528,0.1792757213115692,0.49751242995262146,0.22901450097560883
YGR270W,YDL182W,0,1.3710117,0.17921146750450134,0.49751242995262146,0.2291145622730255
YDR409W,YLR372W,0,1.3708389,0.17914725840091705,0.49751242995262146,0.229214608669281
YCL021W-A,YJR059W,0,1.3698455,0.17908309400081635,0.49751242995262146,0.2293146550655365
YMR111C,YHR204W,0,1.3695911,0.17901897430419922,0.49751242995262146,0.229414701461792
YBL028C,YKR017C,0,1.3693258,0.17895489931106567,0.49751242995262146,0.22951476275920868
YBL039C,YDR210C-D,0,1.3692358,0.1788908839225769,0.49751242995262146,0.22961480915546417
YNL062C,YJL185C,0,1.3688972,0.17882689833641052,0.49751242995262146,0.22971485555171967
YNR023W,YOR315W,0,1.3685458,0.17876295745372772,0.49751242995262146,0.22981490194797516
YNL167C,YBR072W,0,1.3684313,0.1786990761756897,0.49751242995262146,0.22991496324539185
YDL077C,YBR094W,0,1.36828,0.17863522469997406,0.49751242995262146,0.23001500964164734
YBL080C,YJL044C,0,1.3681748,0.1785714328289032,0.49751242995262146,0.23011505603790283
YML097C,YNL091W,0,1.3680027,0.17850767076015472,0.49751242995262146,0.23021510243415833
YLR034C,YNL164C,0,1.3679042,0.17844396829605103,0.49751242995262146,0.230315163731575
YGL162W,YHR101C,0,1.3676016,0.1783803105354309,0.49751242995262146,0.2304152101278305
YGR091W,YHR151C,0,1.3666985,0.17831669747829437,0.49751242995262146,0.230515256524086
YLL029W,YGL226C-A,0,1.3665528,0.17825311422348022,0.49751242995262146,0.2306153029203415
YOR025W,YJL033W,0,1.3663692,0.17818959057331085,0.49751242995262146,0.23071536421775818
YOL148C,YOR216C,0,1.3655673,0.17812611162662506,0.49751242995262146,0.23081541061401367
YPR198W,YHR014W,0,1.3649929,0.17806267738342285,0.49751242995262146,0.23091545701026917
YDR168W,YNL124W,0,1.3646052,0.17799928784370422,0.49751242995262146,0.23101550340652466
YGR157W,YCL026C-A,0,1.3646028,0.17793594300746918,0.49751242995262146,0.23111556470394135
YJR105W,YLR445W,0,1.3636162,0.1778726428747177,0.49751242995262146,0.23121561110019684
YGL115W,YLR097C,0,1.3632716,0.17780938744544983,0.49751242995262146,0.23131565749645233
YLL033W,YKR085C,0,1.363231,0.17774617671966553,0.49751242995262146,0.23141570389270782
YFR043C,YEL029C,0,1.362902,0.1776830106973648,0.49751242995262146,0.2315157651901245
YBR208C,YIL082W-A,0,1.3627648,0.17761988937854767,0.49751242995262146,0.23161581158638
YER069W,YDL087C,0,1.3622084,0.1775568127632141,0.49751242995262146,0.2317158579826355
YDL120W,YDR188W,0,1.3618453,0.17749378085136414,0.49751242995262146,0.231815904378891
YKL129C,YGL139W,0,1.3617723,0.17743080854415894,0.49751242995262146,0.23191595077514648
YML091C,YMR014W,0,1.3610959,0.17736786603927612,0.49751242995262146,0.23201601207256317
YBR040W,YOR267C,0,1.3610132,0.1773049682378769,0.49751242995262146,0.23211605846881866
YKL200C,YDL114W,0,1.3609377,0.17724211513996124,0.49751242995262146,0.23221610486507416
YLR077W,YBL103C,0,1.360839,0.17717930674552917,0.49751242995262146,0.23231615126132965
YKL060C,YPL015C,0,1.3608257,0.1771165430545807,0.49751242995262146,0.23241621255874634
YBL100W-A,YAL035W,0,1.3607234,0.17705382406711578,0.49751242995262146,0.23251625895500183
YMR039C,YMR313C,0,1.3603126,0.17699114978313446,0.49751242995262146,0.23261630535125732
YOR346W,YMR300C,0,1.3597708,0.17692852020263672,0.49751242995262146,0.23271635174751282
YNR062C,YDL088C,0,1.3583567,0.17686593532562256,0.49751242995262146,0.2328164130449295
YKL208W,YNL147W,1,1.3582463,0.17715699970722198,0.49850746989250183,0.2328164130449295
YNL251C,YGL213C,1,1.357825,0.1774478554725647,0.4995024800300598,0.2328164130449295
YER035W,YER165W,1,1.3574988,0.1777385175228119,0.5004975199699402,0.2328164130449295
YJL209W,YGL222C,1,1.3574702,0.17802897095680237,0.5014925599098206,0.2328164130449295
YOR190W,YGL246C,0,1.3555914,0.17796610295772552,0.5014925599098206,0.232916459441185
YOR172W,YGR081C,0,1.3552799,0.17790327966213226,0.5014925599098206,0.2330165058374405
YOR287C,YBR188C,0,1.3545903,0.17784050107002258,0.5014925599098206,0.23311655223369598
YHR094C,YNL218W,0,1.353586,0.17777778208255768,0.5014925599098206,0.23321661353111267
YMR211W,YDL105W,0,1.3533485,0.17771509289741516,0.5014925599098206,0.23331665992736816
YCR053W,YHR070W,0,1.3529744,0.17765244841575623,0.5014925599098206,0.23341670632362366
YML076C,YOR089C,0,1.3529675,0.17758984863758087,0.5014925599098206,0.23351675271987915
YGR206W,YDR364C,0,1.3522911,0.1775272935628891,0.5014925599098206,0.23361681401729584
YDR489W,YER048C,0,1.3520496,0.1774647831916809,0.5014925599098206,0.23371686041355133
YDL046W,YBR163W,0,1.351579,0.1774023175239563,0.5014925599098206,0.23381690680980682
YKR038C,YKR059W,0,1.3511316,0.17733989655971527,0.5014925599098206,0.23391695320606232
YOL022C,YCL021W-A,0,1.3509638,0.17727752029895782,0.5014925599098206,0.234017014503479
YMR312W,YGL147C,0,1.3506129,0.17721518874168396,0.5014925599098206,0.2341170608997345
YOR063W,YDR210C-D,0,1.3499045,0.17715290188789368,0.5014925599098206,0.23421710729599
YMR029C,YDR098C-B,0,1.3490185,0.17709065973758698,0.5014925599098206,0.23431715369224548
YHR021C,YOL032W,0,1.3487545,0.17702844738960266,0.5014925599098206,0.23441721498966217
YOL022C,YHR070W,0,1.3486966,0.17696629464626312,0.5014925599098206,0.23451726138591766
YPL002C,YBL037W,0,1.3485878,0.17690417170524597,0.5014925599098206,0.23461730778217316
YLL003W,YEL029C,0,1.3482461,0.1768421083688736,0.5014925599098206,0.23471735417842865
YMR251W-A,YIL064W,0,1.3476706,0.1767800748348236,0.5014925599098206,0.23481741547584534
YFR032C-A,YER048C,0,1.3473384,0.1767180860042572,0.5014925599098206,0.23491746187210083
YBR160W,YIL096C,0,1.3473321,0.17665615677833557,0.5014925599098206,0.23501750826835632
YBL018C,YGR122W,1,1.3471962,0.17694464325904846,0.5024875402450562,0.23501750826835632
YDL160C,YNL251C,1,1.3469843,0.17723292112350464,0.5034825801849365,0.23501750826835632
YHR079C-A,YFR038W,0,1.346924,0.17717087268829346,0.5034825801849365,0.23511755466461182
YCL001W-A,YLR190W,0,1.3463235,0.17710885405540466,0.5034825801849365,0.2352176159620285
YLL057C,YDR432W,0,1.3455873,0.17704688012599945,0.5034825801849365,0.235317662358284
YDR261C-C,YEL024W,0,1.3455824,0.176984965801239,0.5034825801849365,0.2354177087545395
YBR208C,YPR088C,0,1.3453335,0.17692308127880096,0.5034825801849365,0.23551775515079498
YBR200W,YGR046W,0,1.3453201,0.1768612414598465,0.5034825801849365,0.23561780154705048
YFL035C,YNL330C,0,1.3450743,0.1767994463443756,0.5034825801849365,0.23571786284446716
YLR413W,YEL018W,0,1.3436782,0.1767376810312271,0.5034825801849365,0.23581790924072266
YNL124W,YDR072C,0,1.3436393,0.1766759753227234,0.5034825801849365,0.23591795563697815
YFL035C,YMR136W,0,1.3436043,0.17661431431770325,0.5034825801849365,0.23601800203323364
YBL019W,YGR279C,0,1.3435843,0.1765526831150055,0.5034825801849365,0.23611806333065033
YOL042W,YKL113C,1,1.3430909,0.1768399029970169,0.5044776201248169,0.23611806333065033
YDL077C,YBR093C,0,1.3424406,0.17677824199199677,0.5044776201248169,0.23621810972690582
YMR004W,YDL159W,0,1.3422697,0.1767166256904602,0.5044776201248169,0.23631815612316132
YOR269W,YHR214C-C,0,1.3421615,0.17665505409240723,0.5044776201248169,0.2364182025194168
YNL239W,YLR154W-C,0,1.3420832,0.17659352719783783,0.5044776201248169,0.2365182638168335
YNL218W,YER048C,0,1.3414938,0.17653203010559082,0.5044776201248169,0.236618310213089
YOR346W,YDR020C,0,1.3412781,0.1764705926179886,0.5044776201248169,0.23671835660934448
YLR070C,YBL032W,0,1.3412068,0.17640918493270874,0.5044776201248169,0.23681840300559998
YIL030C,YNL330C,0,1.3410034,0.17634782195091248,0.5044776201248169,0.23691846430301666
YOL107W,YLR099W-A,0,1.3407319,0.1762865036725998,0.5044776201248169,0.23701851069927216
YDR279W,YLR383W,0,1.3406626,0.1762252300977707,0.5044776201248169,0.23711855709552765
YJL216C,YEL018W,0,1.3402735,0.17616400122642517,0.5044776201248169,0.23721860349178314
YJL143W,YDR384C,0,1.3390613,0.17610281705856323,0.5044776201248169,0.23731866478919983
YDR151C,YPR158C-D,0,1.3389354,0.17604166269302368,0.5044776201248169,0.23741871118545532
YBL042C,YBL085W,0,1.3382254,0.1759805679321289,0.5044776201248169,0.23751875758171082
YGR275W,YOR093C,0,1.3373227,0.17591950297355652,0.5044776201248169,0.2376188039779663
YER007W,YHR155W,0,1.3372238,0.1758584827184677,0.5044776201248169,0.237718865275383
YOL146W,YOR269W,0,1.3370558,0.1757975071668625,0.5044776201248169,0.2378189116716385
YDR346C,YMR051C,0,1.3370485,0.17573656141757965,0.5044776201248169,0.23791895806789398
YNL024C-A,YGR208W,0,1.3369402,0.1756756752729416,0.5044776201248169,0.23801900446414948
YNL256W,YBR119W,0,1.3368583,0.17561481893062592,0.5044776201248169,0.23811906576156616
YNL190W,YGR100W,0,1.3366551,0.17555402219295502,0.5044776201248169,0.23821911215782166
YDR522C,YLR256W,0,1.3364823,0.1754932552576065,0.5044776201248169,0.23831915855407715
YER118C,YNL095C,0,1.3361173,0.17543253302574158,0.5044776201248169,0.23841920495033264
YJL095W,YOR211C,0,1.3360826,0.17537184059619904,0.5044776201248169,0.23851926624774933
YJR112W-A,YDR460W,0,1.3357953,0.17531120777130127,0.5044776201248169,0.23861931264400482
YPR120C,YDR511W,0,1.3357427,0.1752506047487259,0.5044776201248169,0.23871935904026031
YIL009C-A,YKL221W,0,1.3356164,0.1751900464296341,0.5044776201248169,0.2388194054365158
YKL171W,YNL095C,0,1.3355873,0.17512953281402588,0.5044776201248169,0.2389194667339325
YHR010W,YMR073C,0,1.3355734,0.17506906390190125,0.5044776201248169,0.239019513130188
YKR059W,YDL044C,0,1.3355105,0.175008624792099,0.5044776201248169,0.23911955952644348
YPL150W,YMR143W,0,1.3352716,0.17494824528694153,0.5044776201248169,0.23921960592269897
YJL154C,YOR303W,0,1.3345332,0.17488789558410645,0.5044776201248169,0.23931966722011566
YDL030W,YPL199C,0,1.3342472,0.17482759058475494,0.5044776201248169,0.23941971361637115
YPR145W,YLR039C,0,1.3341727,0.17476731538772583,0.5044776201248169,0.23951976001262665
YOR371C,YGR169C-A,0,1.3337002,0.1747070997953415,0.5044776201248169,0.23961980640888214
YDR093W,YDR532C,0,1.3335078,0.17464691400527954,0.5044776201248169,0.23971985280513763
YJR112W-A,YNL176C,0,1.3334094,0.17458677291870117,0.5044776201248169,0.23981991410255432
YGL011C,YGR075C,0,1.332978,0.17452667653560638,0.5044776201248169,0.23991996049880981
YBR181C,YBL059C-A,0,1.3325295,0.17446662485599518,0.5044776201248169,0.2400200068950653
YJR103W,YPL082C,0,1.3323598,0.17440660297870636,0.5044776201248169,0.2401200532913208
YDL182W,YMR040W,0,1.3320581,0.17434662580490112,0.5044776201248169,0.2402201145887375
YOL019W,YHR115C,0,1.3319275,0.17428669333457947,0.5044776201248169,0.24032016098499298
YLR150W,YDR325W,0,1.3314581,0.1742268055677414,0.5044776201248169,0.24042020738124847
YDR483W,YER036C,0,1.3311973,0.1741669476032257,0.5044776201248169,0.24052025377750397
YHR094C,YNL134C,0,1.3305812,0.1741071492433548,0.5044776201248169,0.24062031507492065
YNL167C,YAR066W,0,1.330575,0.17404738068580627,0.5044776201248169,0.24072036147117615
YDR279W,YOR166C,1,1.3301972,0.17433081567287445,0.5054726600646973,0.24072036147117615
YOR001W,YIL079C,1,1.3299628,0.1746140718460083,0.5064676403999329,0.24072036147117615
YOR216C,YIL115C,0,1.3293031,0.17455418407917023,0.5064676403999329,0.24082040786743164
YOR110W,YBR025C,0,1.3289435,0.17449434101581573,0.5064676403999329,0.24092045426368713
YIL102C-A,YLR077W,0,1.3285034,0.17443454265594482,0.5064676403999329,0.24102051556110382
YDL085W,YKL129C,0,1.3280864,0.1743747889995575,0.5064676403999329,0.24112056195735931
YHR132W-A,YPL029W,1,1.3278491,0.17465753853321075,0.5074626803398132,0.24112056195735931
YJL094C,YPR057W,0,1.3268458,0.17459774017333984,0.5074626803398132,0.2412206083536148
YIL064W,YPL222W,0,1.3267932,0.17453798651695251,0.5074626803398132,0.2413206547498703
YBR147W,YBR223C,0,1.3262817,0.17447827756404877,0.5074626803398132,0.241420716047287
YGR081C,YOL125W,0,1.3259537,0.1744185984134674,0.5074626803398132,0.24152076244354248
YGL245W,YDR469W,0,1.3259284,0.17435897886753082,0.5074626803398132,0.24162080883979797
YOR063W,YEL061C,0,1.3254867,0.17429938912391663,0.5074626803398132,0.24172085523605347
YPR009W,YEL077C,0,1.325032,0.17423982918262482,0.5074626803398132,0.24182091653347015
YIR031C,YML099C,0,1.3249197,0.17418032884597778,0.5074626803398132,0.24192096292972565
YKL129C,YNL190W,0,1.3246846,0.17412085831165314,0.5074626803398132,0.24202100932598114
YBR216C,YJL014W,0,1.3236539,0.17406143248081207,0.5074626803398132,0.24212105572223663
YJR155W,YGR067C,0,1.3233786,0.1740020513534546,0.5074626803398132,0.24222111701965332
YKL149C,YMR243C,0,1.323184,0.1739427000284195,0.5074626803398132,0.2423211634159088
YLR319C,YGL208W,0,1.3230786,0.17388339340686798,0.5074626803398132,0.2424212098121643
YGR148C,YPR073C,0,1.3229862,0.17382413148880005,0.5074626803398132,0.2425212562084198
YDL066W,YHR077C,0,1.322643,0.1737648993730545,0.5074626803398132,0.2426213175058365
YOR083W,YDL080C,0,1.3224834,0.17370572686195374,0.5074626803398132,0.24272136390209198
YAR044W,YJL191W,0,1.3217118,0.17364658415317535,0.5074626803398132,0.24282141029834747
YDR356W,YMR073C,0,1.3216076,0.17358747124671936,0.5074626803398132,0.24292145669460297
YDR522C,YML024W,0,1.3210651,0.17352841794490814,0.5074626803398132,0.24302151799201965
YML113W,YBR106W,0,1.3209532,0.1734693944454193,0.5074626803398132,0.24312156438827515
YDR511W,YGL244W,0,1.3201426,0.17341040074825287,0.5074626803398132,0.24322161078453064
YPL047W,YGL147C,0,1.3196112,0.1733514666557312,0.5074626803398132,0.24332165718078613
YPL163C,YCR084C,0,1.3196037,0.17329256236553192,0.5074626803398132,0.24342170357704163
YBL039W-A,YBR217W,0,1.3195869,0.17323370277881622,0.5074626803398132,0.2435217648744583
YHL038C,YPR158C-D,0,1.3192613,0.1731748729944229,0.5074626803398132,0.2436218112707138
YNL178W,YJR006W,1,1.3192359,0.17345553636550903,0.5084577202796936,0.2436218112707138
YGR264C,YHR214W-G,0,1.3188565,0.17339667677879333,0.5084577202796936,0.2437218576669693
YDR034W-B,YHR071W,0,1.3184116,0.17333786189556122,0.5084577202796936,0.2438219040632248
YPR196W,YLR074C,0,1.3178352,0.1732790768146515,0.5084577202796936,0.24392196536064148
YNL002C,YML125C,0,1.3174075,0.17322033643722534,0.5084577202796936,0.24402201175689697
YNL064C,YLR097C,0,1.3171724,0.17316164076328278,0.5084577202796936,0.24412205815315247
YHR025W,YGL094C,0,1.3171077,0.1731029748916626,0.5084577202796936,0.24422210454940796
YNL054W-B,YHR090C,0,1.3167729,0.1730443686246872,0.5084577202796936,0.24432216584682465
YMR133W,YMR027W,0,1.3165376,0.17298577725887299,0.5084577202796936,0.24442221224308014
YNL084C,YBR275C,0,1.3164372,0.17292724549770355,0.5084577202796936,0.24452225863933563
YAR020C,YHL039W,0,1.3163255,0.1728687435388565,0.5084577202796936,0.24462230503559113
YLR095C,YNL236W,0,1.3163128,0.17281028628349304,0.5084577202796936,0.2447223663330078
YPL252C,YDR064W,0,1.3161037,0.17275185883045197,0.5084577202796936,0.2448224127292633
YMR077C,YGR216C,0,1.3158191,0.17269347608089447,0.5084577202796936,0.2449224591255188
YNR027W,YHR122W,0,1.3152497,0.17263513803482056,0.5084577202796936,0.2450225055217743
YLR445W,YNL190W,0,1.3151891,0.17257682979106903,0.5084577202796936,0.24512256681919098
YDR098C-B,YER072W,0,1.3148706,0.1725185662508011,0.5084577202796936,0.24522261321544647
YGL122C,YCL001W-B,1,1.3147776,0.17279784381389618,0.509452760219574,0.24522261321544647
YGL243W,YNL103W,0,1.3144071,0.17273953557014465,0.509452760219574,0.24532265961170197
YGL143C,YDL137W,0,1.3143895,0.1726812869310379,0.509452760219574,0.24542270600795746
YOR319W,YGR276C,0,1.3143092,0.17262306809425354,0.509452760219574,0.24552276730537415
YCR097W,YKL095W,0,1.3138672,0.17256487905979156,0.509452760219574,0.24562281370162964
YGR042W,YBR160W,0,1.3138669,0.17250673472881317,0.509452760219574,0.24572286009788513
YFR008W,YIL064W,0,1.3135034,0.17244863510131836,0.509452760219574,0.24582290649414062
YER027C,YOR038C,0,1.3134139,0.17239056527614594,0.509452760219574,0.2459229677915573
YDR270W,YBR202W,0,1.3134041,0.1723325550556183,0.509452760219574,0.2460230141878128
YBR008C,YNL112W,0,1.3134038,0.17227455973625183,0.509452760219574,0.2461230605840683
YLR413W,YLR333C,0,1.3132367,0.17221660912036896,0.509452760219574,0.2462231069803238
YIL102C-A,YKR038C,0,1.3131042,0.17215870320796967,0.509452760219574,0.24632316827774048
YPR009W,YCR084C,0,1.3130479,0.17210084199905396,0.509452760219574,0.24642321467399597
YMR113W,YJL173C,0,1.3129438,0.17204301059246063,0.509452760219574,0.24652326107025146
YPR196W,YPL076W,0,1.3129053,0.1719852238893509,0.509452760219574,0.24662330746650696
YMR228W,YNL054W-B,0,1.3125966,0.17192746698856354,0.509452760219574,0.24672336876392365
YGR271C-A,YOR167C,1,1.3121002,0.17220543324947357,0.5104477405548096,0.24672336876392365
YOR381W,YGL170C,0,1.3120513,0.17214764654636383,0.5104477405548096,0.24682341516017914
YJL033W,YBL019W,0,1.3114572,0.17208990454673767,0.5104477405548096,0.24692346155643463
YPR068C,YJL107C,0,1.3106723,0.1720321923494339,0.5104477405548096,0.24702350795269012
YPL069C,YGL185C,0,1.3105756,0.1719745248556137,0.5104477405548096,0.24712355434894562
YAR044W,YJL097W,0,1.3103769,0.1719168871641159,0.5104477405548096,0.2472236156463623
YOR025W,YBR093C,0,1.3101941,0.17185929417610168,0.5104477405548096,0.2473236620426178
YGL039W,YPL041C,0,1.309674,0.17180174589157104,0.5104477405548096,0.2474237084388733
YHR025W,YIL119C,0,1.3092533,0.1717442274093628,0.5104477405548096,0.24752375483512878
YER118C,YNL330C,0,1.3090832,0.17168675363063812,0.5104477405548096,0.24762381613254547
YMR053C,YOL152W,0,1.3087747,0.17162930965423584,0.5104477405548096,0.24772386252880096
YHR177W,YNL284C,0,1.3087428,0.17157191038131714,0.5104477405548096,0.24782390892505646
YLR383W,YDR183W,0,1.3084878,0.17151454091072083,0.5104477405548096,0.24792395532131195
YPL163C,YMR004W,0,1.3079355,0.1714572161436081,0.5104477405548096,0.24802401661872864
YPR200C,YGR215W,0,1.3077765,0.17139993607997894,0.5104477405548096,0.24812406301498413
YGR195W,YMR031C,0,1.3074341,0.17134268581867218,0.5104477405548096,0.24822410941123962
YLL053C,YHR089C,0,1.3072069,0.171285480260849,0.5104477405548096,0.24832415580749512
YPR193C,YKL037W,0,1.3066132,0.1712283045053482,0.5104477405548096,0.2484242171049118
YGL230C,YLR106C,0,1.305414,0.171171173453331,0.5104477405548096,0.2485242635011673
YBR142W,YPL252C,0,1.3050399,0.17111407220363617,0.5104477405548096,0.2486243098974228
YPR201W,YNL002C,0,1.3046366,0.17105701565742493,0.5104477405548096,0.24872435629367828
YBR009C,YAR066W,0,1.3045044,0.17100000381469727,0.5104477405548096,0.24882441759109497
YGL178W,YDL007W,1,1.3044028,0.1712762415409088,0.5114427804946899,0.24882441759109497
YER156C,YNL116W,0,1.3043797,0.17121918499469757,0.5114427804946899,0.24892446398735046
YCL001W-B,YIL117C,0,1.3042715,0.1711621731519699,0.5114427804946899,0.24902451038360596
YML033W,YLR378C,0,1.3040164,0.17110519111156464,0.5114427804946899,0.24912455677986145
YOR287C,YLR425W,0,1.3039649,0.17104825377464294,0.5114427804946899,0.24922461807727814
YOR083W,YMR264W,0,1.3037387,0.17099134624004364,0.5114427804946899,0.24932466447353363
YMR290C,YCR100C,0,1.3034594,0.17093448340892792,0.5114427804946899,0.24942471086978912
YML091C,YDL128W,0,1.303407,0.17087766528129578,0.5114427804946899,0.24952475726604462
YJL133W,YNR063W,0,1.303273,0.17082087695598602,0.5114427804946899,0.2496248185634613
YML023C,YKR092C,0,1.3027469,0.17076411843299866,0.5114427804946899,0.2497248649597168
YNL325C,YNL236W,0,1.3026292,0.17070740461349487,0.5114427804946899,0.2498249113559723
YBR068C,YFL059W,0,1.302362,0.17065073549747467,0.5114427804946899,0.24992495775222778
YKL186C,YIL003W,0,1.3023509,0.17059409618377686,0.5114427804946899,0.2500250041484833
YHR039C-A,YMR290C,0,1.3023176,0.17053748667240143,0.5114427804946899,0.25012505054473877
YOR144C,YIL064W,0,1.3014486,0.17048092186450958,0.5114427804946899,0.25022512674331665
YBR228W,YBL011W,0,1.3014435,0.17042440176010132,0.5114427804946899,0.25032517313957214
YDR409W,YKL190W,0,1.3010616,0.17036791145801544,0.5114427804946899,0.25042521953582764
YIL005W,YDR151C,0,1.3005509,0.17031146585941315,0.5114427804946899,0.25052526593208313
YDL182W,YBR093C,0,1.3004282,0.17025505006313324,0.5114427804946899,0.2506253123283386
YNL191W,YHR158C,0,1.2999971,0.17019867897033691,0.5114427804946899,0.2507253587245941
YER146W,YPL123C,1,1.2998257,0.1704733520746231,0.5124378204345703,0.2507253587245941
YMR080C,YPL042C,1,1.2997267,0.17074784636497498,0.5134328603744507,0.2507253587245941
YNL284C,YGL175C,0,1.2996161,0.1706913709640503,0.5134328603744507,0.2508254051208496
YBL100W-B,YOR089C,0,1.2994434,0.170634925365448,0.5134328603744507,0.2509254515171051
YNL103W,YPR055W,0,1.2986717,0.1705785095691681,0.5134328603744507,0.2510254979133606
YDL224C,YDR172W,1,1.2981386,0.17085261642932892,0.5144278407096863,0.2510254979133606
YER168C,YOR223W,0,1.2977731,0.17079617083072662,0.5144278407096863,0.2511255741119385
YKL221W,YOR038C,0,1.2976165,0.17073975503444672,0.5144278407096863,0.25122562050819397
YNR036C,YPR158W-A,0,1.2974215,0.17068339884281158,0.5144278407096863,0.25132566690444946
YCL073C,YPL183W-A,0,1.2971745,0.17062705755233765,0.5144278407096863,0.25142571330070496
YOL103W,YBL059C-A,0,1.2970405,0.17057077586650848,0.5144278407096863,0.25152575969696045
YMR113W,YBL037W,0,1.2964579,0.17051450908184052,0.5144278407096863,0.25162580609321594
YDL208W,YMR031C,0,1.2963204,0.17045828700065613,0.5144278407096863,0.25172585248947144
YER072W,YHR070W,0,1.2963096,0.17040210962295532,0.5144278407096863,0.25182589888572693
YLR287C,YDL044C,0,1.2959726,0.1703459620475769,0.5144278407096863,0.2519259750843048
YOR346W,YDL106C,0,1.2959011,0.17028985917568207,0.5144278407096863,0.2520260214805603
YER169W,YNL020C,0,1.2957755,0.17023378610610962,0.5144278407096863,0.2521260678768158
YAR015W,YKL011C,0,1.2957253,0.17017774283885956,0.5144278407096863,0.2522261142730713
YHR010W,YBR056W,0,1.2952704,0.17012174427509308,0.5144278407096863,0.2523261606693268
YPL271W,YDR098C-B,0,1.2950919,0.17006579041481018,0.5144278407096863,0.2524262070655823
YKR038C,YOL155C,0,1.294569,0.17000986635684967,0.5144278407096863,0.25252625346183777
YBR163W,YIL041W,0,1.294315,0.16995397210121155,0.5144278407096863,0.25262629985809326
YPR009W,YMR198W,0,1.2942686,0.169898122549057,0.5144278407096863,0.25272637605667114
YOL149W,YFL038C,1,1.2941527,0.1701708287000656,0.5154228806495667,0.25272637605667114
YGL135W,YLR154W-C,0,1.2936666,0.17011494934558868,0.5154228806495667,0.25282642245292664
YBR235W,YER036C,0,1.2933362,0.17005909979343414,0.5154228806495667,0.25292646884918213
YLR099W-A,YDR511W,0,1.2930672,0.170003280043602,0.5154228806495667,0.2530265152454376
YML033W,YDR218C,0,1.2922622,0.16994750499725342,0.5154228806495667,0.2531265616416931
YMR312W,YOR044W,0,1.291426,0.16989177465438843,0.5154228806495667,0.2532266080379486
YLR151C,YDL212W,0,1.2907465,0.16983605921268463,0.5154228806495667,0.2533266544342041
YNL190W,YMR287C,0,1.2906895,0.1697804033756256,0.5154228806495667,0.2534267008304596
YDR370C,YKL220C,1,1.2906532,0.1700524240732193,0.516417920589447,0.2534267008304596
YMR148W,YDR281C,0,1.2905474,0.1699967235326767,0.516417920589447,0.2535267770290375
YIL004C,YJR082C,0,1.2904881,0.16994106769561768,0.516417920589447,0.25362682342529297
YLR312W-A,YGR005C,0,1.2901145,0.16988542675971985,0.516417920589447,0.25372686982154846
YLR277C,YJR059W,0,1.2897227,0.1698298454284668,0.516417920589447,0.25382691621780396
YOL161C,YFL001W,0,1.2889957,0.16977429389953613,0.516417920589447,0.25392696261405945
YJL214W,YDR281C,0,1.288622,0.16971877217292786,0.516417920589447,0.25402700901031494
YBL100W-B,YLR312W-A,0,1.2879534,0.16966329514980316,0.516417920589447,0.25412705540657043
YLR335W,YNL119W,0,1.2875917,0.16960784792900085,0.516417920589447,0.2542271018028259
YBR092C,YFL023W,0,1.2874808,0.16955243051052094,0.516417920589447,0.2543271780014038
YDR440W,YHL040C,0,1.2868001,0.1694970577955246,0.516417920589447,0.2544272243976593
YLL033W,YAL051W,0,1.2862513,0.16944172978401184,0.516417920589447,0.2545272707939148
YCR105W,YLL007C,0,1.2862421,0.16938641667366028,0.516417920589447,0.2546273171901703
YPL220W,YJL154C,0,1.2858912,0.1693311631679535,0.516417920589447,0.2547273635864258
YDR096W,YDL201W,0,1.28564,0.1692759245634079,0.516417920589447,0.2548274099826813
YLR287C,YPL084W,0,1.2855327,0.1692207306623459,0.516417920589447,0.25492745637893677
YHL002W,YIL176C,0,1.2848027,0.16916558146476746,0.516417920589447,0.25502750277519226
YER181C,YDL143W,0,1.2841117,0.1691104620695114,0.516417920589447,0.25512754917144775
YBL028C,YPR057W,0,1.2838767,0.16905537247657776,0.516417920589447,0.25522762537002563
YOR134W,YLL056C,0,1.283858,0.16900032758712769,0.516417920589447,0.25532767176628113
YDR096W,YER072W,0,1.2837938,0.1689453125,0.516417920589447,0.2554277181625366
YLR392C,YIL133C,0,1.2832012,0.1688903421163559,0.516417920589447,0.2555277645587921
YFR031C,YBL059C-A,0,1.2822337,0.16883538663387299,0.516417920589447,0.2556278109550476
YIL134W,YBR025C,0,1.2819327,0.16878049075603485,0.516417920589447,0.2557278573513031
YOR077W,YOR380W,0,1.2810576,0.1687256246805191,0.516417920589447,0.2558279037475586
YER156C,YCL005W-A,0,1.2806681,0.16867078840732574,0.516417920589447,0.2559279501438141
YPL101W,YNL330C,0,1.2806544,0.16861598193645477,0.516417920589447,0.25602802634239197
YPR119W,YDR117C,0,1.2805941,0.16856122016906738,0.516417920589447,0.25612807273864746
YKR099C-A,YMR220W,0,1.2805353,0.16850648820400238,0.516417920589447,0.25622811913490295
YER048W-A,YHR079C-A,0,1.280255,0.16845180094242096,0.516417920589447,0.25632816553115845
YOR269W,YDL079C,0,1.2802054,0.16839714348316193,0.516417920589447,0.25642821192741394
YHR094C,YJR159W,0,1.2801234,0.16834253072738647,0.516417920589447,0.25652825832366943
YDR404C,YOL021C,1,1.2799511,0.16861219704151154,0.5174129605293274,0.25652825832366943
YJL140W,YJL047C,1,1.2795677,0.16888168454170227,0.518407940864563,0.25652825832366943
YMR264W,YMR084W,0,1.279351,0.16882696747779846,0.518407940864563,0.2566283047199249
YMR080C,YGL173C,1,1.2785429,0.1690962165594101,0.5194029808044434,0.2566283047199249
YPL163C,YDR293C,0,1.2784384,0.1690414547920227,0.5194029808044434,0.2567283511161804
YDR261C-C,YMR156C,0,1.2783843,0.1689867228269577,0.5194029808044434,0.2568284273147583
YOR194C,YDR296W,0,1.2781667,0.16893203556537628,0.5194029808044434,0.2569284737110138
YNL323W,YLR441C,0,1.2781206,0.16887739300727844,0.5194029808044434,0.2570285201072693
YKR061W,YGL185C,0,1.2771825,0.1688227653503418,0.5194029808044434,0.2571285665035248
YDR483W,YDR188W,0,1.2769055,0.16876818239688873,0.5194029808044434,0.2572286128997803
YMR142C,YHR151C,0,1.2767678,0.16871364414691925,0.5194029808044434,0.25732865929603577
YJL047C,YFL038C,1,1.2766011,0.16898222267627716,0.5203980207443237,0.25732865929603577
YAL058W,YLR051C,0,1.2765093,0.1689276546239853,0.5203980207443237,0.25742870569229126
YDL126C,YGR072W,1,1.2763284,0.1691959947347641,0.5213930606842041,0.25742870569229126
YNR066C,YJL024C,0,1.2763168,0.16914138197898865,0.5213930606842041,0.25752875208854675
YCR057C,YDR486C,0,1.2761996,0.16908679902553558,0.5213930606842041,0.25762882828712463
YDR315C,YHR081W,1,1.2761784,0.16935484111309052,0.5223880410194397,0.25762882828712463
YAR009C,YML006C,0,1.2757151,0.16930022835731506,0.5223880410194397,0.2577288746833801
YNL016W,YPL199C,1,1.2754436,0.1695680171251297,0.5233830809593201,0.2577288746833801
YNR066C,YMR196W,0,1.2750387,0.16951337456703186,0.5233830809593201,0.2578289210796356
YMR312W,YNL164C,0,1.2750382,0.1694587618112564,0.5233830809593201,0.2579289674758911
YKR038C,YLR018C,0,1.2748406,0.16940419375896454,0.5233830809593201,0.2580290138721466
YGR216C,YNL095C,0,1.2745551,0.16934964060783386,0.5233830809593201,0.2581290602684021
YOL095C,YLR441C,0,1.2743285,0.16929514706134796,0.5233830809593201,0.2582291066646576
YPR191W,YBR008C,0,1.2741736,0.16924066841602325,0.5233830809593201,0.2583291530609131
YJR027W,YNL175C,0,1.2739952,0.16918623447418213,0.5233830809593201,0.25842922925949097
YDR088C,YMR001C,0,1.2739885,0.1691318303346634,0.5233830809593201,0.25852927565574646
YER036C,YHR089C,0,1.2735978,0.16907747089862823,0.5233830809593201,0.25862932205200195
YPL040C,YDR218C,0,1.2734045,0.16902314126491547,0.5233830809593201,0.25872936844825745
YCR075W-A,YNL167C,0,1.2733557,0.16896884143352509,0.5233830809593201,0.25882941484451294
YGL183C,YNR027W,0,1.2732449,0.1689145863056183,0.5233830809593201,0.25892946124076843
YDL089W,YNL164C,0,1.2728169,0.16886034607887268,0.5233830809593201,0.2590295076370239
YDR532C,YLR186W,0,1.2726978,0.16880616545677185,0.5233830809593201,0.2591295540332794
YAL058W,YLR213C,0,1.2726898,0.16875199973583221,0.5233830809593201,0.2592296004295349
YCL026C-A,YOR343C-A,0,1.2726872,0.16869787871837616,0.5233830809593201,0.2593296766281128
YDR148C,YER108C,0,1.2715592,0.1686438024044037,0.5233830809593201,0.2594297230243683
YDR085C,YMR285C,0,1.2714552,0.1685897409915924,0.5233830809593201,0.2595297694206238
YOL161C,YNL112W,0,1.2702459,0.1685357242822647,0.5233830809593201,0.2596298158168793
YGL234W,YDL106C,0,1.2696321,0.1684817373752594,0.5233830809593201,0.25972986221313477
YPR085C,YKR099C-A,0,1.2695698,0.16842779517173767,0.5233830809593201,0.25982990860939026
YAL033W,YPL199C,1,1.2692411,0.16869398951530457,0.5243781208992004,0.25982990860939026
YLR099W-A,YDR440W,0,1.2684544,0.16864000260829926,0.5243781208992004,0.25992995500564575
YDR098C-B,YNL121C,0,1.2683074,0.16858604550361633,0.5243781208992004,0.26003000140190125
YNR048W,YDR123C,0,1.2682998,0.168532133102417,0.5243781208992004,0.2601300776004791
YAR009C,YNL264C,0,1.2681469,0.16847826540470123,0.5243781208992004,0.2602301239967346
YLR277C,YAL054C,0,1.2678528,0.16842441260814667,0.5243781208992004,0.2603301703929901
YGR081C,YMR046C,0,1.2670789,0.16837060451507568,0.5243781208992004,0.2604302167892456
YCL005W-A,YJL154C,0,1.2670708,0.1683168262243271,0.5243781208992004,0.2605302631855011
YFR031C,YHR114W,0,1.2667168,0.16826309263706207,0.5243781208992004,0.2606303095817566
YLR086W,YPR158W-A,0,1.2665864,0.16820938885211945,0.5243781208992004,0.2607303559780121
YKL171W,YIL154C,0,1.2665263,0.1681557148694992,0.5243781208992004,0.2608304023742676
YIL038C,YJL191W,0,1.2664423,0.16810207068920135,0.5243781208992004,0.26093047857284546
YDL243C,YNL318C,0,1.2662784,0.16804847121238708,0.5243781208992004,0.26103052496910095
YIR024C,YHL036W,0,1.2662568,0.1679949015378952,0.5243781208992004,0.26113057136535645
YPL076W,YLR163C,0,1.2657541,0.1679413616657257,0.5243781208992004,0.26123061776161194
YDR483W,YOL123W,0,1.2655894,0.1678878664970398,0.5243781208992004,0.26133066415786743
YAR015W,YBR202W,0,1.2655139,0.16783440113067627,0.5243781208992004,0.2614307105541229
YIL142W,YNR063W,0,1.2651467,0.16778096556663513,0.5243781208992004,0.2615307569503784
YPL192C,YJL225C,0,1.2649653,0.16772755980491638,0.5243781208992004,0.2616308033466339
YMR098C,YAL033W,1,1.2648184,0.16799236834049225,0.5253731608390808,0.2616308033466339
YLR048W,YGL237C,0,1.2647991,0.1679389327764511,0.5253731608390808,0.2617308795452118
YLR099W-A,YGR179C,0,1.263081,0.16788552701473236,0.5253731608390808,0.2618309259414673
YMR256C,YGL246C,0,1.2629915,0.1678321659564972,0.5253731608390808,0.2619309723377228
YNL219C,YNL256W,0,1.2627747,0.1677788347005844,0.5253731608390808,0.26203101873397827
YPR137C-B,YGL209W,0,1.2626874,0.16772553324699402,0.5253731608390808,0.26213106513023376
YNL273W,YGR217W,0,1.2626766,0.1676722764968872,0.5253731608390808,0.26223111152648926
YLL015W,YPR105C,0,1.262342,0.16761904954910278,0.5253731608390808,0.26233115792274475
YPL163C,YPR105C,0,1.2623205,0.16756585240364075,0.5253731608390808,0.26243120431900024
YAL019W,YLR287C,0,1.2612853,0.1675126850605011,0.5253731608390808,0.2625312805175781
YPR048W,YIR022W,0,1.2611818,0.16745956242084503,0.5253731608390808,0.2626313269138336
YKL200C,YDR364C,0,1.2607841,0.16740646958351135,0.5253731608390808,0.2627313733100891
YKL074C,YNL284C-B,0,1.2604733,0.16735340654850006,0.5253731608390808,0.2628314197063446
YBR142W,YMR085W,0,1.2604442,0.16730037331581116,0.5253731608390808,0.2629314661026001
YLR014C,YER101C,0,1.2600982,0.16724738478660583,0.5253731608390808,0.2630315124988556
YKR017C,YLR256W,0,1.2597961,0.1671944260597229,0.5253731608390808,0.2631315588951111
YOR032C,YBR009C,0,1.2594597,0.16714149713516235,0.5253731608390808,0.2632316052913666
YAL021C,YOL100W,1,1.2590024,0.16740506887435913,0.5263681411743164,0.2632316052913666
YNL072W,YJL087C,1,1.2589493,0.16766846179962158,0.5273631811141968,0.2632316052913666
YKL087C,YLR186W,0,1.2583774,0.16761542856693268,0.5273631811141968,0.26333165168762207
YIL021W,YDR261C-C,0,1.2581612,0.16756244003772736,0.5273631811141968,0.26343172788619995
YGL243W,YNR022C,0,1.2577195,0.16750948131084442,0.5273631811141968,0.26353177428245544
YHR021C,YPR098C,0,1.2574265,0.16745655238628387,0.5273631811141968,0.26363182067871094
YMR051C,YJL095W,0,1.257139,0.1674036681652069,0.5273631811141968,0.26373186707496643
YJL107C,YJR105W,0,1.2570057,0.16735079884529114,0.5273631811141968,0.2638319134712219
YBR065C,YBL023C,0,1.256995,0.16729797422885895,0.5273631811141968,0.2639319598674774
YGR096W,YKR101W,0,1.2563844,0.16724519431591034,0.5273631811141968,0.2640320062637329
YOL095C,YDR067C,0,1.2556112,0.16719242930412292,0.5273631811141968,0.2641320526599884
YBR199W,YDL229W,0,1.2553461,0.1671397089958191,0.5273631811141968,0.2642321288585663
YGR140W,YGL244W,0,1.254313,0.16708701848983765,0.5273631811141968,0.2643321752548218
YNR027W,YAR066W,0,1.2532952,0.1670343577861786,0.5273631811141968,0.26443222165107727
YCR097W,YBL100W-B,0,1.2530284,0.16698172688484192,0.5273631811141968,0.26453226804733276
YKL149C,YML067C,0,1.2526286,0.16692914068698883,0.5273631811141968,0.26463231444358826
YPL047W,YJR112W-A,0,1.2523375,0.16687656939029694,0.5273631811141968,0.26473236083984375
YMR318C,YHR155W,0,1.2523113,0.16682404279708862,0.5273631811141968,0.26483240723609924
YKR031C,YDR153C,0,1.2522533,0.1667715609073639,0.5273631811141968,0.26493245363235474
YER176W,YMR125W,1,1.2519872,0.16703365743160248,0.5283582210540771,0.26493245363235474
YPR145W,YLR064W,0,1.2517471,0.16698113083839417,0.5283582210540771,0.2650325298309326
YNL251C,YEL015W,1,1.2516792,0.16724300384521484,0.5293532609939575,0.2650325298309326
YOR359W,YCL057W,0,1.2514504,0.16719044744968414,0.5293532609939575,0.2651325762271881
YKR103W,YMR112C,0,1.2514268,0.16713792085647583,0.5293532609939575,0.2652326226234436
YGR195W,YGR158C,1,1.2513638,0.16739949584007263,0.5303482413291931,0.2652326226234436
YOR287C,YDR519W,0,1.251068,0.16734693944454193,0.5303482413291931,0.2653326690196991
YOR063W,YDL105W,0,1.2510324,0.16729441285133362,0.5303482413291931,0.2654327154159546
YNL112W,YJR091C,1,1.250723,0.16755568981170654,0.5313432812690735,0.2654327154159546
YDR511W,YLR226W,0,1.2501361,0.16750313341617584,0.5313432812690735,0.2655327618122101
YNR062C,YLR106C,0,1.2498474,0.16745060682296753,0.5313432812690735,0.2656328082084656
YLR118C,YBL059C-A,0,1.2497585,0.1673981249332428,0.5313432812690735,0.26573285460472107
YPL203W,YJL030W,0,1.2497005,0.16734565794467926,0.5313432812690735,0.26583293080329895
YGL246C,YDL137W,0,1.2493827,0.1672932356595993,0.5313432812690735,0.26593297719955444
YGR168C,YNL188W,0,1.2487081,0.16724084317684174,0.5313432812690735,0.26603302359580994
YLR227C,YOL152W,0,1.2485073,0.16718848049640656,0.5313432812690735,0.26613306999206543
YDR098C-B,YMR145C,0,1.2484827,0.16713614761829376,0.5313432812690735,0.2662331163883209
YEL029C,YFL043C,0,1.2484248,0.16708385944366455,0.5313432812690735,0.2663331627845764
YPR027C,YJL033W,0,1.2483164,0.16703158617019653,0.5313432812690735,0.2664332091808319
YLL045C,YGL043W,0,1.2480671,0.1669793576002121,0.5313432812690735,0.2665332555770874
YMR146C,YDL087C,0,1.2477837,0.16692715883255005,0.5313432812690735,0.2666333019733429
YKR095W,YLR018C,0,1.2477801,0.16687500476837158,0.5313432812690735,0.2667333781719208
YPL168W,YNL031C,0,1.2476945,0.1668228656053543,0.5313432812690735,0.26683342456817627
YNL283C,YFR043C,0,1.2476293,0.16677077114582062,0.5313432812690735,0.26693347096443176
YNR044W,YMR001C,0,1.2475884,0.16671870648860931,0.5313432812690735,0.26703351736068726
YIR014W,YLR264W,0,1.2469758,0.1666666716337204,0.5313432812690735,0.26713356375694275
YBR173C,YHR089C,0,1.2466284,0.16661466658115387,0.5313432812690735,0.26723361015319824
YJR105W,YBR122C,0,1.2464442,0.16656269133090973,0.5313432812690735,0.26733365654945374
YOR396W,YGR068C,0,1.2462683,0.16651076078414917,0.5313432812690735,0.26743370294570923
YNR066C,YDL119C,0,1.2459047,0.166458860039711,0.5313432812690735,0.2675337791442871
YBL028C,YNL062C,0,1.2457521,0.16640697419643402,0.5313432812690735,0.2676338255405426
YLR001C,YIL003W,0,1.2456937,0.16635513305664062,0.5313432812690735,0.2677338719367981
YHR005C,YOL113W,0,1.245538,0.1663033366203308,0.5313432812690735,0.2678339183330536
YDL150W,YER092W,0,1.245238,0.1662515550851822,0.5313432812690735,0.2679339647293091
YML042W,YDL047W,0,1.244913,0.16619981825351715,0.5313432812690735,0.2680340111255646
YMR113W,YOR210W,0,1.2440493,0.1661480963230133,0.5313432812690735,0.26813405752182007
YBR085W,YCL074W,0,1.24359,0.16609641909599304,0.5313432812690735,0.26823410391807556
YMR295C,YJR063W,0,1.2435026,0.16604477167129517,0.5313432812690735,0.26833418011665344
YLR413W,YDR117C,0,1.2433989,0.16599315404891968,0.5313432812690735,0.26843422651290894
YPR090W,YOR216C,0,1.2433071,0.16594158113002777,0.5313432812690735,0.26853427290916443
YLR227C,YBL035C,0,1.2432153,0.16589002311229706,0.5313432812690735,0.2686343193054199
YDR478W,YIL156W,0,1.2431169,0.16583850979804993,0.5313432812690735,0.2687343657016754
YBR188C,YIL115C,0,1.242793,0.16578702628612518,0.5313432812690735,0.2688344120979309
YIL102C-A,YER089C,0,1.242708,0.16573557257652283,0.5313432812690735,0.2689344584941864
YIL102C-A,YPL178W,0,1.2423098,0.16568414866924286,0.5313432812690735,0.2690345048904419
YGL178W,YGL246C,1,1.2422454,0.16594292223453522,0.5323383212089539,0.2690345048904419
YGL147C,YDR211W,0,1.2417724,0.16589146852493286,0.5323383212089539,0.2691345810890198
YIL015W,YIL142W,0,1.2414919,0.1658400446176529,0.5323383212089539,0.26923462748527527
YOL054W,YBL019W,0,1.2414274,0.1657886654138565,0.5323383212089539,0.26933467388153076
YJR057W,YLR080W,0,1.2413647,0.1657373011112213,0.5323383212089539,0.26943472027778625
YDL102W,YDR293C,1,1.2410402,0.16599565744400024,0.5333333611488342,0.26943472027778625
YNL116W,YDR064W,0,1.2401887,0.16594427824020386,0.5333333611488342,0.26953476667404175
YDR105C,YDR432W,0,1.2399999,0.16589291393756866,0.5333333611488342,0.26963481307029724
YDR483W,YLL003W,0,1.2395859,0.16584157943725586,0.5333333611488342,0.26973485946655273
YCL047C,YBL071W-A,0,1.2395368,0.16579028964042664,0.5333333611488342,0.2698349058628082
YOR185C,YOL058W,0,1.2379172,0.1657390296459198,0.5333333611488342,0.2699349820613861
YNL323W,YLR135W,0,1.2378799,0.16568778455257416,0.5333333611488342,0.2700350284576416
YAL013W,YPL026C,0,1.2378457,0.1656365841627121,0.5333333611488342,0.2701350748538971
YOR358W,YKR080W,0,1.2375319,0.16558541357517242,0.5333333611488342,0.2702351212501526
YLR391W-A,YDR001C,0,1.2375313,0.16553428769111633,0.5333333611488342,0.2703351676464081
YJR043C,YLR363C,1,1.2375262,0.16579191386699677,0.5343283414840698,0.2703351676464081
YMR053C,YMR246W,0,1.2374065,0.1657407432794571,0.5343283414840698,0.2704352140426636
YLL029W,YOR343C-A,0,1.237292,0.1656896024942398,0.5343283414840698,0.27053526043891907
YMR295C,YNL119W,0,1.2371662,0.1656384915113449,0.5343283414840698,0.27063530683517456
YBR044C,YER030W,0,1.2366306,0.1655874252319336,0.5343283414840698,0.27073535323143005
YJR155W,YBR202W,0,1.2363222,0.16553637385368347,0.5343283414840698,0.27083542943000793
YLR270W,YOR359W,1,1.2352767,0.1657935231924057,0.5353233814239502,0.27083542943000793
YER010C,YBL071W-A,0,1.2347983,0.16574245691299438,0.5353233814239502,0.2709354758262634
YBR142W,YLR461W,0,1.2347507,0.16569140553474426,0.5353233814239502,0.2710355222225189
YAL019W,YML001W,0,1.2346535,0.16564039885997772,0.5353233814239502,0.2711355686187744
YOL019W,YBL042C,0,1.2345436,0.16558940708637238,0.5353233814239502,0.2712356150150299
YMR228W,YJL123C,0,1.2344056,0.1655384600162506,0.5353233814239502,0.2713356614112854
YNL232W,YMR287C,1,1.2341225,0.16579513251781464,0.5363184213638306,0.2713356614112854
YBL059C-A,YNL176C,0,1.2339878,0.16574415564537048,0.5363184213638306,0.2714357078075409
YOL013C,YLR276C,0,1.2339447,0.16569320857524872,0.5363184213638306,0.2715357542037964
YDL109C,YLR312W-A,0,1.2337658,0.16564229130744934,0.5363184213638306,0.27163583040237427
YBR290W,YNL318C,0,1.2334747,0.16559140384197235,0.5363184213638306,0.27173587679862976
YKR024C,YMR160W,0,1.2331545,0.16554054617881775,0.5363184213638306,0.27183592319488525
YHR182W,YMR175W,0,1.2330306,0.16548971831798553,0.5363184213638306,0.27193596959114075
YHL039W,YLR054C,0,1.2323972,0.1654389202594757,0.5363184213638306,0.27203601598739624
YER112W,YMR143W,0,1.2322512,0.16538815200328827,0.5363184213638306,0.27213606238365173
YKL204W,YLR363C,1,1.2319117,0.16564416885375977,0.5373134613037109,0.27213606238365173
YOR229W,YJR051W,0,1.2316055,0.16559337079524994,0.5373134613037109,0.2722361087799072
YGL207W,YCR092C,0,1.2312558,0.1655426174402237,0.5373134613037109,0.2723361551761627
YOR343C-A,YCR100C,0,1.2297937,0.16549187898635864,0.5373134613037109,0.2724362313747406
YDR444W,YPR165W,0,1.2297369,0.16544117033481598,0.5373134613037109,0.2725362777709961
YOR025W,YJR137C,0,1.2296348,0.1653905063867569,0.5373134613037109,0.2726363241672516
YML095C,YOR038C,0,1.2295173,0.1653398722410202,0.5373134613037109,0.2727363705635071
YOR294W,YPL041C,0,1.2292372,0.1652892529964447,0.5373134613037109,0.2728364169597626
YHL018W,YMR313C,0,1.2291081,0.16523867845535278,0.5373134613037109,0.27293646335601807
YGR272C,YHR132W-A,1,1.228951,0.16549403965473175,0.5383084416389465,0.27293646335601807
YMR234W,YDR159W,1,1.2287982,0.16574923694133759,0.5393034815788269,0.27293646335601807
YMR274C,YLR081W,0,1.2287612,0.1656985580921173,0.5393034815788269,0.27303650975227356
YHR142W,YGR279C,0,1.2286184,0.16564792394638062,0.5393034815788269,0.27313655614852905
YBR136W,YKR003W,0,1.2284966,0.16559730470180511,0.5393034815788269,0.27323663234710693
YDR098C-B,YER088C,0,1.2284462,0.1655467301607132,0.5393034815788269,0.2733366787433624
YER049W,YNL072W,1,1.2284144,0.1658015251159668,0.5402985215187073,0.2733366787433624
YIL068C,YCL056C,0,1.2278407,0.1657509207725525,0.5402985215187073,0.2734367251396179
YJL178C,YMR051C,0,1.2277153,0.16570033133029938,0.5402985215187073,0.2735367715358734
YKR061W,YNR050C,0,1.2273517,0.16564978659152985,0.5402985215187073,0.2736368179321289
YNL238W,YCL008C,0,1.2268718,0.1655992716550827,0.5402985215187073,0.2737368643283844
YKL129C,YLR060W,0,1.2267177,0.16554878652095795,0.5402985215187073,0.2738369107246399
YKR092C,YML031W,0,1.226647,0.16549831628799438,0.5402985215187073,0.2739369571208954
YDR251W,YGL055W,0,1.2261748,0.1654478907585144,0.5402985215187073,0.27403703331947327
YML046W,YML069W,0,1.2260149,0.1653974950313568,0.5402985215187073,0.27413707971572876
YPR120C,YMR246W,0,1.2255931,0.1653471440076828,0.5402985215187073,0.27423712611198425
YGL170C,YNL280C,0,1.2253621,0.16529680788516998,0.5402985215187073,0.27433717250823975
YGL243W,YDR210W-D,0,1.2251606,0.16524650156497955,0.5402985215187073,0.27443721890449524
YDR370C,YGL107C,1,1.2250092,0.1655004620552063,0.5412935614585876,0.27443721890449524
YBL028C,YCL074W,0,1.2233598,0.16545012593269348,0.5412935614585876,0.27453726530075073
YGL045W,YJL030W,0,1.2230706,0.16539981961250305,0.5412935614585876,0.2746373116970062
YOR077W,YGL058W,0,1.2230095,0.165349543094635,0.5412935614585876,0.2747373580932617
YER176W,YDL165W,1,1.2227912,0.1656031608581543,0.5422885417938232,0.2747373580932617
YER101C,YNL264C,0,1.2212124,0.16555285453796387,0.5422885417938232,0.2748374044895172
YKR082W,YHR042W,0,1.221003,0.16550257802009583,0.5422885417938232,0.2749374806880951
YCL001W-B,YKR095W,1,1.2201663,0.16575591266155243,0.5432835817337036,0.2749374806880951
YDR110W,YKL190W,0,1.2200959,0.1657056212425232,0.5432835817337036,0.2750375270843506
YLR163C,YMR290C,0,1.2200685,0.16565534472465515,0.5432835817337036,0.2751375734806061
YOR093C,YGR068C,0,1.219881,0.1656050980091095,0.5432835817337036,0.2752376198768616
YDR179C,YEL059C-A,0,1.2198403,0.16555488109588623,0.5432835817337036,0.27533766627311707
YMR074C,YDR233C,0,1.218122,0.16550469398498535,0.5432835817337036,0.27543771266937256
YDL155W,YLR157C-B,0,1.218045,0.16545455157756805,0.5432835817337036,0.27553775906562805
YLR098C,YEL018W,0,1.2178307,0.16540442407131195,0.5432835817337036,0.27563780546188354
YKL222C,YNL330C,0,1.217683,0.16535432636737823,0.5432835817337036,0.2757378816604614
YBR173C,YNL006W,0,1.217324,0.1653042733669281,0.5432835817337036,0.2758379280567169
YPR009W,YDL070W,0,1.2170359,0.16525423526763916,0.5432835817337036,0.2759379744529724
YAL013W,YCR026C,0,1.2170178,0.1652042418718338,0.5432835817337036,0.2760380208492279
YBR131W,YGR099W,0,1.2169435,0.16515426337718964,0.5432835817337036,0.2761380672454834
YGL246C,YJR043C,1,1.2168088,0.1654067188501358,0.544278621673584,0.2761380672454834
YDR522C,YBR172C,0,1.2165055,0.16535671055316925,0.544278621673584,0.2762381136417389
YDL109C,YGR103W,0,1.2164569,0.16530673205852509,0.544278621673584,0.2763381600379944
YLR099W-A,YOR042W,0,1.2157965,0.1652567982673645,0.544278621673584,0.2764382064342499
YAR009C,YNL175C,0,1.2155175,0.1652068793773651,0.544278621673584,0.27653828263282776
YBR044C,YNL039W,0,1.2151694,0.1651570051908493,0.544278621673584,0.27663832902908325
YOR304C-A,YLR060W,0,1.215155,0.16510716080665588,0.544278621673584,0.27673837542533875
YPR090W,YNL330C,0,1.2145925,0.16505733132362366,0.544278621673584,0.27683842182159424
YDR168W,YHL007C,0,1.2145511,0.165007546544075,0.544278621673584,0.27693846821784973
YFL035C,YIL096C,0,1.2139858,0.16495777666568756,0.544278621673584,0.2770385146141052
YDR527W,YOR021C,0,1.2134035,0.1649080514907837,0.544278621673584,0.2771385610103607
YML118W,YGR179C,0,1.2132678,0.16485834121704102,0.544278621673584,0.2772386074066162
YKL181W,YPL027W,0,1.2131749,0.16480867564678192,0.544278621673584,0.2773386836051941
YOR262W,YPL026C,0,1.2131653,0.16475903987884521,0.544278621673584,0.2774387300014496
YGL173C,YLR455W,0,1.2131485,0.1647094190120697,0.544278621673584,0.2775387763977051
YER006W,YOR167C,0,1.2127267,0.16465984284877777,0.544278621673584,0.27763882279396057
YOR371C,YJL072C,0,1.212647,0.16461029648780823,0.544278621673584,0.27773886919021606
YDR123C,YMR142C,0,1.2125185,0.16456076502799988,0.544278621673584,0.27783891558647156
YOR136W,YGL055W,0,1.2125034,0.1645112782716751,0.544278621673584,0.27793896198272705
YDR483W,YMR246W,0,1.2122631,0.16446182131767273,0.544278621673584,0.27803900837898254
YDR034W-B,YIL142W,0,1.2119585,0.16441237926483154,0.544278621673584,0.27813905477523804
YER146W,YMR287C,1,1.2118367,0.16466346383094788,0.5452736616134644,0.27813905477523804
YLR150W,YHR076W,0,1.2117356,0.1646139919757843,0.5452736616134644,0.2782391309738159
YOR380W,YPR158W-A,0,1.2115281,0.1645645648241043,0.5452736616134644,0.2783391773700714
YDR524C,YDL137W,0,1.21148,0.1645151674747467,0.5452736616134644,0.2784392237663269
YNL191W,YPR119W,0,1.2105539,0.1644657850265503,0.5452736616134644,0.2785392701625824
YGR052W,YJL191W,0,1.2105271,0.16441644728183746,0.5452736616134644,0.2786393165588379
YMR264W,YBR092C,0,1.2098365,0.16436712443828583,0.5452736616134644,0.2787393629550934
YJR151C,YHR183W,0,1.2093762,0.16431784629821777,0.5452736616134644,0.2788394093513489
YIL079C,YDR280W,1,1.2088542,0.16456834971904755,0.5462686419487,0.2788394093513489
YOR119C,YBR014C,0,1.2085462,0.1645190268754959,0.5462686419487,0.27893945574760437
YKR027W,YGL170C,0,1.2083484,0.16446974873542786,0.5462686419487,0.27903953194618225
YDL030W,YDL193W,0,1.2082139,0.164420485496521,0.5462686419487,0.27913957834243774
YPL008W,YOR315W,0,1.207995,0.16437125205993652,0.5462686419487,0.27923962473869324
YBR161W,YOR210W,0,1.2077498,0.16432206332683563,0.5462686419487,0.27933967113494873
YHR214W-G,YDL047W,0,1.2073631,0.16427288949489594,0.5462686419487,0.2794397175312042
YNL196C,YJL024C,0,1.207189,0.16422374546527863,0.5462686419487,0.2795397639274597
YDL095W,YJR050W,0,1.207068,0.1641746461391449,0.5462686419487,0.2796398103237152
YIL075C,YBR293W,0,1.2070353,0.16412556171417236,0.5462686419487,0.2797398567199707
YKL012W,YLR312W-A,0,1.2068478,0.16407650709152222,0.5462686419487,0.2798399329185486
YNR067C,YMR282C,0,1.2068417,0.16402748227119446,0.5462686419487,0.2799399793148041
YDR188W,YBR186W,0,1.2063779,0.1639784872531891,0.5462686419487,0.28004002571105957
YBL035C,YLR134W,0,1.2060179,0.1639295369386673,0.5462686419487,0.28014007210731506
YBL106C,YHR071W,0,1.2059603,0.1638806015253067,0.5462686419487,0.28024011850357056
YBR131W,YER101C,0,1.2059579,0.1638316959142685,0.5462686419487,0.28034016489982605
YGL131C,YHL020C,0,1.205856,0.16378282010555267,0.5462686419487,0.28044021129608154
YPR068C,YIL115C,0,1.2058201,0.16373397409915924,0.5462686419487,0.28054025769233704
YDR346C,YNL293W,0,1.2050489,0.1636851578950882,0.5462686419487,0.2806403338909149
YCL021W-A,YNL264C,0,1.205046,0.16363635659217834,0.5462686419487,0.2807403802871704
YDR128W,YGR094W,0,1.2050029,0.16358759999275208,0.5462686419487,0.2808404266834259
YBL097W,YKR061W,0,1.2045877,0.1635388731956482,0.5462686419487,0.2809404730796814
YPR186C,YKR003W,0,1.2040746,0.1634901762008667,0.5462686419487,0.2810405194759369
YGR195W,YDR117C,0,1.2037387,0.1634414941072464,0.5462686419487,0.2811405658721924
YCR014C,YOL123W,0,1.2035856,0.16339285671710968,0.5462686419487,0.2812406122684479
YGL060W,YLR319C,0,1.2034979,0.16334424912929535,0.5462686419487,0.28134065866470337
YPL178W,YDR346C,0,1.2029294,0.1632956564426422,0.5462686419487,0.28144073486328125
YJL014W,YKL088W,0,1.2028081,0.16324709355831146,0.5462686419487,0.28154078125953674
YLR413W,YIL021W,0,1.2026793,0.1631985753774643,0.5462686419487,0.28164082765579224
YDR527W,YMR275C,0,1.2019755,0.16315007209777832,0.5462686419487,0.28174087405204773
YAL019W,YPR036W-A,0,1.2018623,0.16310159862041473,0.5462686419487,0.2818409204483032
YKL032C,YNL318C,0,1.2017311,0.16305316984653473,0.5462686419487,0.2819409668445587
YGR042W,YBR146W,0,1.2016386,0.16300475597381592,0.5462686419487,0.2820410132408142
YBL032W,YOR093C,0,1.2015848,0.1629563719034195,0.5462686419487,0.2821410596370697
YDL105W,YDR251W,0,1.201478,0.16290801763534546,0.5462686419487,0.2822411060333252
YNR067C,YDL210W,0,1.201271,0.16285967826843262,0.5462686419487,0.2823411822319031
YFR030W,YMR160W,0,1.201218,0.16281138360500336,0.5462686419487,0.28244122862815857
YJL038C,YOL151W,0,1.2012069,0.16276311874389648,0.5462686419487,0.28254127502441406
YHR122W,YLR238W,0,1.2011495,0.162714883685112,0.5462686419487,0.28264132142066956
YGL162W,YLR430W,0,1.2010654,0.1626666635274887,0.5462686419487,0.28274136781692505
YNL115C,YMR076C,0,1.2005491,0.162618488073349,0.5462686419487,0.28284141421318054
YGR168C,YJL133W,0,1.2005365,0.16257032752037048,0.5462686419487,0.28294146060943604
YNL112W,YNL157W,1,1.1995502,0.16281823813915253,0.5472636818885803,0.28294146060943604
YNL072W,YOR048C,1,1.1990334,0.16306599974632263,0.5482587218284607,0.28294146060943604
YDR266C,YER165W,1,1.1985674,0.1633136123418808,0.5492537021636963,0.28294146060943604
YOL012C,YCR035C,1,1.1984619,0.16356107592582703,0.5502487421035767,0.28294146060943604
YKL171W,YOR343C-A,0,1.1982838,0.163512721657753,0.5502487421035767,0.28304150700569153
YPL178W,YKL090W,1,1.1976689,0.1637599766254425,0.551243782043457,0.28304150700569153
YMR146C,YEL024W,0,1.1967878,0.1637115776538849,0.551243782043457,0.2831415832042694
YDL245C,YLR183C,0,1.1965224,0.16366322338581085,0.551243782043457,0.2832416296005249
YFR030W,YLR099W-A,0,1.196176,0.163614884018898,0.551243782043457,0.2833416759967804
YCL026C-A,YBR115C,0,1.1948977,0.16356657445430756,0.551243782043457,0.2834417223930359
YGL135W,YAL035W,0,1.1948872,0.1635182946920395,0.551243782043457,0.2835417687892914
YDR324C,YML023C,0,1.1946905,0.1634700447320938,0.551243782043457,0.2836418151855469
YJR105W,YLR190W,0,1.1944666,0.16342182457447052,0.551243782043457,0.28374186158180237
YDL085W,YOR343C-A,0,1.1943636,0.16337363421916962,0.551243782043457,0.28384190797805786
YKL140W,YHR019C,0,1.1942041,0.1633254736661911,0.551243782043457,0.28394198417663574
YCL040W,YMR085W,0,1.1940111,0.16327734291553497,0.551243782043457,0.28404203057289124
YDR251W,YCL021W-A,0,1.1936021,0.16322922706604004,0.551243782043457,0.28414207696914673
YBR106W,YLR080W,0,1.1933054,0.1631811559200287,0.551243782043457,0.2842421233654022
YBR094W,YNL236W,0,1.19326,0.16313309967517853,0.551243782043457,0.2843421697616577
YOR038C,YPL222W,0,1.1930492,0.16308507323265076,0.551243782043457,0.2844422161579132
YDR279W,YNR052C,1,1.1921898,0.16333137452602386,0.5522388219833374,0.2844422161579132
YDR128W,YKL112W,0,1.192167,0.1632833182811737,0.5522388219833374,0.2845422625541687
YCL001W-A,YJL087C,1,1.1919807,0.1635294109582901,0.553233802318573,0.2845422625541687
YDR283C,YOR205C,0,1.191569,0.16348132491111755,0.553233802318573,0.2846423089504242
YPL014W,YKL039W,0,1.1915125,0.1634332686662674,0.553233802318573,0.2847423851490021
YOL107W,YLR372W,0,1.1914921,0.16338524222373962,0.553233802318573,0.28484243154525757
YHL040C,YFL023W,0,1.1912785,0.16333724558353424,0.553233802318573,0.28494247794151306
YHR187W,YMR313C,0,1.1909825,0.16328927874565125,0.553233802318573,0.28504252433776855
YMR244C-A,YHR169W,0,1.1909409,0.16324134171009064,0.553233802318573,0.28514257073402405
YCR037C,YDR489W,0,1.1907856,0.16319341957569122,0.553233802318573,0.28524261713027954
YDR098C-B,YMR085W,0,1.1905898,0.1631455421447754,0.553233802318573,0.28534266352653503
YOL041C,YDR064W,0,1.1902391,0.16309767961502075,0.553233802318573,0.2854427099227905
YDL109C,YJL024C,0,1.1901237,0.1630498468875885,0.553233802318573,0.2855427861213684
YBR026C,YNR023W,0,1.1900948,0.16300205886363983,0.553233802318573,0.2856428325176239
YOL022C,YCR079W,0,1.1891162,0.16295428574085236,0.553233802318573,0.2857428789138794
YDR422C,YLR157C-B,0,1.1887922,0.16290652751922607,0.553233802318573,0.2858429253101349
YJL090C,YPR036W-A,0,1.1886897,0.16285881400108337,0.553233802318573,0.2859429717063904
YKR065C,YNL280C,0,1.1883309,0.16281113028526306,0.553233802318573,0.2860430181026459
YDR196C,YNR022C,0,1.1880193,0.16276346147060394,0.553233802318573,0.28614306449890137
YHR110W,YOR044W,0,1.18788,0.1627158373594284,0.553233802318573,0.28624311089515686
YPL192C,YIL126W,0,1.1878217,0.16266822814941406,0.553233802318573,0.28634315729141235
YML118W,YLR335W,0,1.1878133,0.1626206487417221,0.553233802318573,0.28644323348999023
YCL001W-B,YKL054C,0,1.187679,0.16257309913635254,0.553233802318573,0.2865432798862457
YJL102W,YHR162W,0,1.1875808,0.16252557933330536,0.553233802318573,0.2866433262825012
YOR089C,YGR276C,0,1.187519,0.16247808933258057,0.553233802318573,0.2867433726787567
YHL009W-B,YBR282W,0,1.1873624,0.16243061423301697,0.553233802318573,0.2868434190750122
YDL159W,YIL126W,0,1.1859354,0.16238318383693695,0.553233802318573,0.2869434654712677
YDR085C,YLR277C,0,1.1858463,0.16233576834201813,0.553233802318573,0.2870435118675232
YMR024W,YHR187W,0,1.1854968,0.1622883826494217,0.553233802318573,0.2871435582637787
YCR105W,YLR345W,0,1.1853372,0.16224102675914764,0.553233802318573,0.28724363446235657
YGR068C,YDR345C,0,1.1847925,0.16219370067119598,0.553233802318573,0.28734368085861206
YPL047W,YGL185C,0,1.1843868,0.1621464043855667,0.553233802318573,0.28744372725486755
YER172C,YMR024W,0,1.1842928,0.16209912300109863,0.553233802318573,0.28754377365112305
YBL100W-A,YFL023W,0,1.1841843,0.16205188632011414,0.553233802318573,0.28764382004737854
YLR114C,YNL334C,0,1.1827464,0.16200466454029083,0.553233802318573,0.28774386644363403
YBL039W-A,YDL079C,0,1.1819599,0.16195747256278992,0.553233802318573,0.2878439128398895
YDR261C-C,YEL029C,0,1.181912,0.1619103103876114,0.553233802318573,0.287943959236145
YHR142W,YPR009W,0,1.1814073,0.16186317801475525,0.553233802318573,0.2880440354347229
YJL124C,YGR271C-A,1,1.1812167,0.16210709512233734,0.5542288422584534,0.2880440354347229
YLR227C,YHR214W-G,0,1.1811382,0.1620599329471588,0.5542288422584534,0.2881440818309784
YLR034C,YMR194C-B,0,1.1810547,0.16201280057430267,0.5542288422584534,0.2882441282272339
YOR025W,YHR021C,0,1.1808008,0.16196568310260773,0.5542288422584534,0.2883441746234894
YKR075C,YPL214C,0,1.1807939,0.16191861033439636,0.5542288422584534,0.2884442210197449
YER052C,YMR287C,0,1.1807706,0.1618715524673462,0.5542288422584534,0.28854426741600037
YKL087C,YPR048W,0,1.1806467,0.1618245244026184,0.5542288422584534,0.28864431381225586
YKL129C,YER108C,0,1.1803889,0.161777526140213,0.5542288422584534,0.28874436020851135
YOL008W,YBR065C,0,1.1799339,0.1617305427789688,0.5542288422584534,0.28884443640708923
YJL033W,YGR183C,0,1.1799121,0.1616836041212082,0.5542288422584534,0.2889444828033447
YOR371C,YLR445W,0,1.1797464,0.16163668036460876,0.5542288422584534,0.2890445291996002
YLR461W,YPL178W,0,1.1797427,0.16158978641033173,0.5542288422584534,0.2891445755958557
YPR158W-A,YDL159W,0,1.1797392,0.16154292225837708,0.5542288422584534,0.2892446219921112
YLR099W-A,YLR453C,0,1.1796643,0.1614960879087448,0.5542288422584534,0.2893446683883667
YLR383W,YBL045C,0,1.1792865,0.16144926846027374,0.5542288422584534,0.2894447147846222
YNL191W,YBR282W,0,1.179049,0.16140249371528625,0.5542288422584534,0.2895447611808777
YHR097C,YPL239W,0,1.1784806,0.16135573387145996,0.5542288422584534,0.2896448075771332
YBL103C-A,YKR103W,0,1.1772932,0.16130900382995605,0.5542288422584534,0.28974488377571106
YPL047W,YBL028C,0,1.177228,0.16126230359077454,0.5542288422584534,0.28984493017196655
YPR048W,YPR105C,0,1.1770737,0.1612156331539154,0.5542288422584534,0.28994497656822205
YGR215W,YNL038W,0,1.1762513,0.16116897761821747,0.5542288422584534,0.29004502296447754
YJR112W-A,YMR313C,0,1.1756532,0.1611223667860031,0.5542288422584534,0.29014506936073303
YPL090C,YMR196W,0,1.1755049,0.16107577085494995,0.5542288422584534,0.2902451157569885
YLR264W,YML076C,0,1.1752892,0.16102920472621918,0.5542288422584534,0.290345162153244
YDL171C,YGR217W,0,1.1749206,0.1609826534986496,0.5542288422584534,0.2904452085494995
YOL009C,YOL044W,0,1.17484,0.1609361469745636,0.5542288422584534,0.2905452847480774
YNL216W,YPL252C,0,1.1747553,0.1608896553516388,0.5542288422584534,0.2906453311443329
YKL221W,YHR038W,0,1.1746764,0.16084319353103638,0.5542288422584534,0.2907453775405884
YLR226W,YOL008W,0,1.1746376,0.16079676151275635,0.5542288422584534,0.29084542393684387
YLL053C,YGL147C,0,1.1743035,0.1607503592967987,0.5542288422584534,0.29094547033309937
YIL102C-A,YJL162C,0,1.1742797,0.16070398688316345,0.5542288422584534,0.29104551672935486
YMR285C,YMR158W,0,1.1742139,0.1606576293706894,0.5542288422584534,0.29114556312561035
YLR404W,YNL280C,0,1.1738725,0.16061130166053772,0.5542288422584534,0.29124560952186584
YNL175C,YOR241W,0,1.1736271,0.16056500375270844,0.5542288422584534,0.2913456857204437
YPR090W,YLR064W,0,1.1732104,0.16051873564720154,0.5542288422584534,0.2914457321166992
YPR002W,YOR110W,0,1.1730287,0.16047248244285583,0.5542288422584534,0.2915457785129547
YDL109C,YLR114C,0,1.1730255,0.1604262739419937,0.5542288422584534,0.2916458249092102
YOL113W,YBR093C,0,1.1729536,0.16038008034229279,0.5542288422584534,0.2917458713054657
YIL154C,YCR075W-A,0,1.1726105,0.16033390164375305,0.5542288422584534,0.2918459177017212
YMR228W,YPL095C,0,1.1719428,0.1602877676486969,0.5542288422584534,0.2919459640979767
YLL008W,YHR204W,0,1.1716297,0.16024166345596313,0.5542288422584534,0.2920460104942322
YOL033W,YNL175C,0,1.1715819,0.16019557416439056,0.5542288422584534,0.29214608669281006
YDR099W,YOL075C,0,1.170989,0.16014951467514038,0.5542288422584534,0.29224613308906555
YOR191W,YKL012W,0,1.1707857,0.16010348498821259,0.5542288422584534,0.29234617948532104
YHR214C-C,YGL077C,0,1.1706984,0.16005747020244598,0.5542288422584534,0.29244622588157654
YLR081W,YOL076W,0,1.1693718,0.16001148521900177,0.5542288422584534,0.29254627227783203
YHR214C-C,YNL267W,0,1.1686687,0.15996553003787994,0.5542288422584534,0.2926463186740875
YOL107W,YHR019C,0,1.1685499,0.1599196046590805,0.5542288422584534,0.292746365070343
YPR120C,YNL322C,0,1.1685346,0.15987370908260345,0.5542288422584534,0.2928464114665985
YMR024W,YFR038W,0,1.1685119,0.1598278284072876,0.5542288422584534,0.2929464876651764
YPL271W,YGL055W,0,1.1683142,0.15978199243545532,0.5542288422584534,0.2930465340614319
YLR039C,YNL031C,0,1.1681832,0.15973615646362305,0.5542288422584534,0.2931465804576874
YPL192C,YHL002W,0,1.1681596,0.15969036519527435,0.5542288422584534,0.29324662685394287
YBL100W-A,YGL245W,0,1.1676035,0.15964460372924805,0.5542288422584534,0.29334667325019836
YER154W,YNL284C-B,0,1.1675647,0.15959885716438293,0.5542288422584534,0.29344671964645386
YPR011C,YGR169C-A,0,1.1672778,0.1595531404018402,0.5542288422584534,0.29354676604270935
YIL065C,YCR053W,0,1.1663809,0.15950743854045868,0.5542288422584534,0.29364681243896484
YJL216C,YBL023C,0,1.1662264,0.15946178138256073,0.5542288422584534,0.29374685883522034
YJL030W,YNL031C,0,1.166197,0.15941613912582397,0.5542288422584534,0.2938469350337982
YNL219C,YGR279C,0,1.1655428,0.1593705266714096,0.5542288422584534,0.2939469814300537
YMR146C,YHR172W,0,1.1653144,0.15932494401931763,0.5542288422584534,0.2940470278263092
YLR099W-A,YHL018W,0,1.1652281,0.15927937626838684,0.5542288422584534,0.2941470742225647
YOR093C,YNR053C,0,1.1651255,0.15923385322093964,0.5542288422584534,0.2942471206188202
YER046W,YFL043C,0,1.1650448,0.15918834507465363,0.5542288422584534,0.2943471670150757
YBL032W,YER164W,0,1.1650269,0.1591428518295288,0.5542288422584534,0.2944472134113312
YJR161C,YOR048C,0,1.1650064,0.15909740328788757,0.5542288422584534,0.29454725980758667
YKL181W,YJL216C,0,1.1648357,0.15905196964740753,0.5542288422584534,0.29464733600616455
YDL101C,YIL064W,0,1.1647022,0.15900656580924988,0.5542288422584534,0.29474738240242004
YGR195W,YDR033W,0,1.1644313,0.1589611917734146,0.5542288422584534,0.29484742879867554
YPL130W,YBR009C,0,1.1641676,0.15891583263874054,0.5542288422584534,0.29494747519493103
YJL038C,YJR105W,0,1.1640716,0.15887050330638885,0.5542288422584534,0.2950475215911865
YBR208C,YDR302W,0,1.1640506,0.15882520377635956,0.5542288422584534,0.295147567987442
YDR096W,YMR228W,0,1.1639427,0.15877993404865265,0.5542288422584534,0.2952476143836975
YJR137C,YBR160W,0,1.1638736,0.15873467922210693,0.5542288422584534,0.295347660779953
YNL004W,YGL064C,0,1.1637052,0.1586894541978836,0.5542288422584534,0.2954477369785309
YGR244C,YBL035C,0,1.1635656,0.15864425897598267,0.5542288422584534,0.2955477833747864
YIL065C,YNL236W,0,1.1634516,0.1585990935564041,0.5542288422584534,0.29564782977104187
YIL102C-A,YNR027W,0,1.1628385,0.15855394303798676,0.5542288422584534,0.29574787616729736
YOR194C,YLR419W,0,1.1624949,0.15850882232189178,0.5542288422584534,0.29584792256355286
YBR115C,YBR080C,0,1.1624504,0.1584637314081192,0.5542288422584534,0.29594796895980835
YKL129C,YER007W,0,1.1624181,0.1584186553955078,0.5542288422584534,0.29604801535606384
YIL030C,YFL059W,0,1.1624091,0.1583736091852188,0.5542288422584534,0.29614806175231934
YNL149C,YDL212W,0,1.1619339,0.1583285927772522,0.5542288422584534,0.2962481379508972
YIL082W-A,YLR004C,0,1.1617333,0.15828360617160797,0.5542288422584534,0.2963481843471527
YGR244C,YJR155W,0,1.1616802,0.15823863446712494,0.5542288422584534,0.2964482307434082
YMR084W,YOR274W,0,1.1614953,0.1581936925649643,0.5542288422584534,0.2965482771396637
YGR255C,YHR104W,0,1.161463,0.15814878046512604,0.5542288422584534,0.2966483235359192
YER046W,YLR099W-A,0,1.1613293,0.15810388326644897,0.5542288422584534,0.2967483699321747
YCR075W-A,YPL055C,0,1.1609933,0.1580590307712555,0.5542288422584534,0.2968484163284302
YFR008W,YGR276C,0,1.1609157,0.158014178276062,0.5542288422584534,0.29694846272468567
YKR049C,YPL021W,0,1.1608601,0.1579693704843521,0.5542288422584534,0.29704853892326355
YMR198W,YLR345W,0,1.1608506,0.1579245775938034,0.5542288422584534,0.29714858531951904
YOL078W,YNR063W,0,1.1607795,0.1578798145055771,0.5542288422584534,0.29724863171577454
YGL189C,YOL151W,0,1.1605248,0.15783508121967316,0.5542288422584534,0.29734867811203003
YDL235C,YIL082W-A,0,1.1602683,0.15779036283493042,0.5542288422584534,0.2974487245082855
YLR264W,YHR142W,0,1.1602299,0.15774567425251007,0.5542288422584534,0.297548770904541
YDL089W,YJR074W,0,1.1598418,0.1577010154724121,0.5542288422584534,0.2976488173007965
YMR153W,YJL155C,0,1.1596403,0.15765638649463654,0.5542288422584534,0.297748863697052
YNL251C,YKL149C,1,1.159402,0.15789473056793213,0.5552238821983337,0.297748863697052
YCL001W-A,YOL072W,1,1.1593707,0.15813295543193817,0.5562189221382141,0.297748863697052
YPL168W,YNL112W,0,1.1593279,0.15808823704719543,0.5562189221382141,0.2978489100933075
YFL038C,YCR035C,1,1.1591556,0.15832626819610596,0.5572139024734497,0.2978489100933075
YDR206W,YCL001W-B,1,1.1583948,0.15856416523456573,0.5582089424133301,0.2978489100933075
YDL178W,YBR072W,0,1.1582816,0.15851935744285583,0.5582089424133301,0.2979489862918854
YLR021W,YDR293C,1,1.1578174,0.1587570607662201,0.5592039823532104,0.2979489862918854
YLL033W,YCR016W,0,1.1577368,0.1587122231721878,0.5592039823532104,0.29804903268814087
YBL010C,YBR267W,0,1.1572062,0.1586674153804779,0.5592039823532104,0.29814907908439636
YCR075W-A,YAL031C,0,1.1569172,0.1586226373910904,0.5592039823532104,0.29824912548065186
YJL093C,YER137C-A,0,1.1565621,0.15857787430286407,0.5592039823532104,0.29834917187690735
YHR133C,YMR275C,0,1.1561941,0.15853314101696014,0.5592039823532104,0.29844921827316284
YCL059C,YNL004W,0,1.1558402,0.1584884375333786,0.5592039823532104,0.29854926466941833
YMR297W,YBL059C-A,0,1.1554892,0.15844374895095825,0.5592039823532104,0.29864931106567383
YKL208W,YNL197C,1,1.1554365,0.15868094563484192,0.5601990222930908,0.29864931106567383
YJL004C,YHL012W,0,1.154995,0.15863624215126038,0.5601990222930908,0.2987493872642517
YCR037C,YJR100C,0,1.1543243,0.15859155356884003,0.5601990222930908,0.2988494336605072
YPL127C,YLR238W,0,1.154181,0.15854689478874207,0.5601990222930908,0.2989494800567627
YGL131C,YMR224C,0,1.1538613,0.1585022509098053,0.5601990222930908,0.2990495264530182
YBR261C,YER006W,0,1.153778,0.15845763683319092,0.5601990222930908,0.2991495728492737
YGR250C,YJR032W,0,1.1536154,0.15841305255889893,0.5601990222930908,0.2992496192455292
YDR188W,YPR158C-D,0,1.1535245,0.15836849808692932,0.5601990222930908,0.29934966564178467
YPL021W,YGL150C,0,1.1535126,0.1583239585161209,0.5601990222930908,0.29944971203804016
YIL030C,YOR185C,0,1.1533209,0.1582794487476349,0.5601990222930908,0.29954978823661804
YOR060C,YJL095W,0,1.1532819,0.15823496878147125,0.5601990222930908,0.29964983463287354
YDL208W,YLL056C,0,1.1532187,0.1581905037164688,0.5601990222930908,0.29974988102912903
YIL004C,YHR168W,0,1.1529881,0.15814606845378876,0.5601990222930908,0.2998499274253845
YDL108W,YGR068C,0,1.1529398,0.1581016629934311,0.5601990222930908,0.29994997382164
YPR196W,YKR059W,0,1.1529394,0.15805727243423462,0.5601990222930908,0.3000500202178955
YJR161C,YMR243C,0,1.1524336,0.15801291167736053,0.5601990222930908,0.300150066614151
YOR304C-A,YGL135W,0,1.1523483,0.15796858072280884,0.5601990222930908,0.3002501130104065
YML042W,YCR026C,0,1.1522986,0.15792426466941833,0.5601990222930908,0.3003501892089844
YPR193C,YOR241W,0,1.1517566,0.15787997841835022,0.5601990222930908,0.30045023560523987
YIL102C-A,YGR287C,0,1.1516405,0.1578357219696045,0.5601990222930908,0.30055028200149536
YNL239W,YHR214C-C,0,1.1514801,0.15779148042201996,0.5601990222930908,0.30065032839775085
YOL078W,YDR233C,0,1.1514173,0.1577472686767578,0.5601990222930908,0.30075037479400635
YLL057C,YMR274C,0,1.1513672,0.15770308673381805,0.5601990222930908,0.30085042119026184
YMR194C-B,YHR077C,0,1.1512423,0.1576589196920395,0.5601990222930908,0.30095046758651733
YCL001W-A,YJL050W,1,1.1508167,0.15789473056793213,0.5611940026283264,0.30095046758651733
YDL099W,YPL110C,0,1.1500157,0.15785054862499237,0.5611940026283264,0.3010505139827728
YDR302W,YDR064W,0,1.1498816,0.1578063815832138,0.5611940026283264,0.3011505901813507
YGL173C,YKL208W,1,1.1496434,0.15804195404052734,0.5621890425682068,0.3011505901813507
YIL041W,YBL039W-A,0,1.149338,0.1579977571964264,0.5621890425682068,0.3012506365776062
YHR133C,YKR038C,0,1.1492277,0.15795359015464783,0.5621890425682068,0.3013506829738617
YNL116W,YNL006W,0,1.1489234,0.15790945291519165,0.5621890425682068,0.3014507293701172
YDR179C,YOR001W,0,1.1488376,0.15786533057689667,0.5621890425682068,0.3015507757663727
YAR044W,YFL014W,0,1.1485587,0.15782122313976288,0.5621890425682068,0.3016508221626282
YNL065W,YMR243C,0,1.1476531,0.15777716040611267,0.5621890425682068,0.30175086855888367
YGL148W,YOR068C,0,1.1476276,0.15773311257362366,0.5621890425682068,0.30185091495513916
YEL077C,YML023C,0,1.1474171,0.15768909454345703,0.5621890425682068,0.30195096135139465
YDR198C,YBR094W,0,1.1471062,0.1576450914144516,0.5621890425682068,0.30205103754997253
YNL081C,YDR345C,0,1.1469005,0.15760111808776855,0.5621890425682068,0.302151083946228
YGL187C,YPL090C,0,1.1468481,0.1575571596622467,0.5621890425682068,0.3022511303424835
YBL106C,YBL097W,0,1.1467211,0.15751324594020844,0.5621890425682068,0.302351176738739
YHR047C,YBR279W,0,1.1466256,0.15746934711933136,0.5621890425682068,0.3024512231349945
YOR190W,YKR024C,0,1.1465579,0.15742546319961548,0.5621890425682068,0.30255126953125
YKL060C,YHR115C,0,1.1464958,0.15738160908222198,0.5621890425682068,0.3026513159275055
YBR278W,YAL023C,0,1.1459881,0.15733778476715088,0.5621890425682068,0.302751362323761
YOL002C,YJL216C,0,1.1459683,0.15729399025440216,0.5621890425682068,0.30285143852233887
YDL165W,YHR069C,1,1.1458502,0.15752853453159332,0.5631840825080872,0.30285143852233887
YBL100W-A,YJL225C,0,1.1458281,0.15748469531536102,0.5631840825080872,0.30295148491859436
YCL067C,YMR001C,0,1.1449357,0.1574408859014511,0.5631840825080872,0.30305153131484985
YER052C,YHR151C,0,1.1441876,0.1573971062898636,0.5631840825080872,0.30315157771110535
YHR169W,YJL185C,0,1.1439552,0.15735335648059845,0.5631840825080872,0.30325162410736084
YDR527W,YAR044W,0,1.1438187,0.1573096215724945,0.5631840825080872,0.30335167050361633
YBR030W,YOR343C-A,0,1.1437182,0.15726590156555176,0.5631840825080872,0.3034517168998718
YHR094C,YOR044W,0,1.1435685,0.1572222262620926,0.5631840825080872,0.3035517632961273
YHR105W,YHL018W,0,1.1434848,0.15717856585979462,0.5631840825080872,0.3036518394947052
YMR024W,YDR524C,0,1.1432006,0.15713492035865784,0.5631840825080872,0.3037518858909607
YPL055C,YDR281C,0,1.1429658,0.15709131956100464,0.5631840825080872,0.3038519322872162
YPL199C,YNL293W,0,1.1426042,0.15704771876335144,0.5631840825080872,0.3039519786834717
YLL057C,YOR205C,0,1.1425636,0.15700416266918182,0.5631840825080872,0.3040520250797272
YNL239W,YEL077C,0,1.1417321,0.1569606214761734,0.5631840825080872,0.30415207147598267
YMR215W,YDR248C,0,1.1416829,0.15691711008548737,0.5631840825080872,0.30425211787223816
YOR262W,YPR057W,0,1.1416767,0.15687361359596252,0.5631840825080872,0.30435216426849365
YAL056W,YLR466W,0,1.1416414,0.15683014690876007,0.5631840825080872,0.30445224046707153
YPR149W,YFL023W,0,1.141628,0.15678671002388,0.5631840825080872,0.304552286863327
YML081C-A,YLL056C,0,1.141486,0.15674328804016113,0.5631840825080872,0.3046523332595825
YGL230C,YMR297W,0,1.1413785,0.15669989585876465,0.5631840825080872,0.304752379655838
YNL124W,YMR133W,0,1.1413032,0.15665651857852936,0.5631840825080872,0.3048524260520935
YGR129W,YDL108W,0,1.1412464,0.15661317110061646,0.5631840825080872,0.304952472448349
YMR013C,YGR183C,0,1.141231,0.15656985342502594,0.5631840825080872,0.3050525188446045
YBR191W,YDL077C,0,1.1407225,0.15652655065059662,0.5631840825080872,0.30515256524086
YOL149W,YNL197C,1,1.1405084,0.15675973892211914,0.5641791224479675,0.30515256524086
YOR077W,YMR243C,0,1.1404619,0.15671642124652863,0.5641791224479675,0.3052526116371155
YDR218C,YFL001W,0,1.1404232,0.1566731184720993,0.5641791224479675,0.30535268783569336
YDR302W,YNL112W,0,1.1401359,0.15662983059883118,0.5641791224479675,0.30545273423194885
YGL246C,YMR194C-B,0,1.1400918,0.15658657252788544,0.5641791224479675,0.30555278062820435
YDR345C,YLR074C,0,1.1396865,0.15654334425926208,0.5641791224479675,0.30565282702445984
YKL037W,YHR187W,0,1.1395531,0.15650013089179993,0.5641791224479675,0.30575287342071533
YBL103C-A,YOL152W,0,1.1394079,0.15645694732666016,0.5641791224479675,0.3058529198169708
YGL234W,YLR335W,0,1.1377213,0.15641379356384277,0.5641791224479675,0.3059529662132263
YPL163C,YCR024C,0,1.1375152,0.15637065470218658,0.5641791224479675,0.3060530126094818
YCL001W-B,YOL021C,1,1.1374178,0.15660324692726135,0.5651741027832031,0.3060530126094818
YGL043W,YOL076W,0,1.1372709,0.15656009316444397,0.5651741027832031,0.3061530888080597
YGL203C,YJL154C,0,1.1371163,0.1565169394016266,0.5651741027832031,0.3062531352043152
YLR007W,YKR059W,0,1.1369401,0.15647383034229279,0.5651741027832031,0.3063531816005707
YLR048W,YKL140W,0,1.1363486,0.15643073618412018,0.5651741027832031,0.30645322799682617
YLR398C,YNL118C,1,1.1362584,0.15666300058364868,0.5661691427230835,0.30645322799682617
YPR175W,YDL130W,0,1.1362145,0.1566198766231537,0.5661691427230835,0.30655327439308167
YKL043W,YLR287C,0,1.136097,0.15657676756381989,0.5661691427230835,0.30665332078933716
YLL029W,YIL013C,0,1.135925,0.15653370320796967,0.5661691427230835,0.30675336718559265
YBR173C,YCR048W,0,1.135914,0.15649065375328064,0.5661691427230835,0.30685341358184814
YNL273W,YPL183W-A,0,1.1355147,0.1564476191997528,0.5661691427230835,0.306953489780426
YBL100W-A,YBR045C,0,1.1354773,0.15640461444854736,0.5661691427230835,0.3070535361766815
YER015W,YNL075W,0,1.1349751,0.1563616394996643,0.5661691427230835,0.307153582572937
YGL162W,YKL086W,0,1.1345029,0.15631867945194244,0.5661691427230835,0.3072536289691925
YGR001C,YMR115W,0,1.1343315,0.15627574920654297,0.5661691427230835,0.307353675365448
YNL284C-B,YDL044C,0,1.1341206,0.1562328338623047,0.5661691427230835,0.3074537217617035
YBR131W,YMR004W,0,1.1341157,0.1561899483203888,0.5661691427230835,0.307553768157959
YIL075C,YHR033W,0,1.1338134,0.1561470925807953,0.5661691427230835,0.3076538145542145
YOL113W,YNL312W,0,1.1334069,0.15610425174236298,0.5661691427230835,0.30775389075279236
YPL049C,YDL064W,0,1.1333451,0.15606144070625305,0.5661691427230835,0.30785393714904785
YCL056C,YCL021W-A,0,1.133249,0.15601864457130432,0.5661691427230835,0.30795398354530334
YPR175W,YLL048C,0,1.1331155,0.15597587823867798,0.5661691427230835,0.30805402994155884
YJL187C,YHR076W,0,1.1330861,0.15593312680721283,0.5661691427230835,0.30815407633781433
YOL083W,YMR243C,0,1.133033,0.15589040517807007,0.5661691427230835,0.3082541227340698
YOR045W,YHR076W,0,1.1328516,0.1558477133512497,0.5661691427230835,0.3083541691303253
YLL015W,YKR083C,0,1.1325457,0.15580503642559052,0.5661691427230835,0.3084542155265808
YDR072C,YNL335W,0,1.1323702,0.15576238930225372,0.5661691427230835,0.3085542917251587
YLR099W-A,YMR027W,0,1.132196,0.15571975708007812,0.5661691427230835,0.3086543381214142
YDR254W,YJL225C,0,1.1319433,0.15567715466022491,0.5661691427230835,0.3087543845176697
YMR244C-A,YER048W-A,0,1.1317774,0.1556345671415329,0.5661691427230835,0.30885443091392517
YIR003W,YDL212W,0,1.1314176,0.15559200942516327,0.5661691427230835,0.30895447731018066
YML066C,YCR053W,0,1.1310768,0.15554948151111603,0.5661691427230835,0.30905452370643616
YHR149C,YOR185C,0,1.131033,0.15550696849822998,0.5661691427230835,0.30915457010269165
YDR404C,YKR095W,1,1.1308913,0.15573769807815552,0.5671641826629639,0.30915457010269165
YPL178W,YJL162C,0,1.1307201,0.15569517016410828,0.5671641826629639,0.30925461649894714
YPL014W,YCR095C,0,1.1303089,0.15565264225006104,0.5671641826629639,0.30935466289520264
YLL024C,YLR221C,0,1.1302564,0.15561015903949738,0.5671641826629639,0.3094547390937805
YDR532C,YBR265W,0,1.1297079,0.1555676907300949,0.5671641826629639,0.309554785490036
YDR110W,YDL128W,0,1.1293858,0.15552523732185364,0.5671641826629639,0.3096548318862915
YCL021W-A,YOR044W,0,1.1289853,0.15548281371593475,0.5671641826629639,0.309754878282547
YDR098C-B,YNR073C,0,1.1289464,0.15544041991233826,0.5671641826629639,0.3098549246788025
YCR093W,YPL123C,1,1.1285288,0.1556706726551056,0.5681592226028442,0.3098549246788025
YNL134C,YNL075W,0,1.128489,0.1556282341480255,0.5681592226028442,0.309954971075058
YBR033W,YCR053W,0,1.128163,0.15558582544326782,0.5681592226028442,0.3100550174713135
YJR159W,YPL239W,0,1.1279371,0.15554344654083252,0.5681592226028442,0.31015506386756897
YMR112C,YPL009C,0,1.1279117,0.1555010825395584,0.5681592226028442,0.31025514006614685
YDL114W,YPL214C,0,1.1277716,0.1554587483406067,0.5681592226028442,0.31035518646240234
YML046W,YMR256C,0,1.1274958,0.15541644394397736,0.5681592226028442,0.31045523285865784
YIL005W,YDL130W,0,1.1266619,0.15537415444850922,0.5681592226028442,0.31055527925491333
YHR214C-C,YJR103W,0,1.1263943,0.15533187985420227,0.5681592226028442,0.3106553256511688
YCR052W,YBR004C,0,1.1259934,0.1552896350622177,0.5681592226028442,0.3107553720474243
YML033W,YPR190C,0,1.1257803,0.15524742007255554,0.5681592226028442,0.3108554184436798
YPR190C,YGR052W,0,1.1257095,0.15520521998405457,0.5681592226028442,0.3109554648399353
YLR408C,YBR290W,0,1.1256844,0.15516304969787598,0.5681592226028442,0.3110555410385132
YDR422C,YJR153W,0,1.125613,0.15512089431285858,0.5681592226028442,0.3111555874347687
YIL102C-A,YKL200C,0,1.1255466,0.15507876873016357,0.5681592226028442,0.31125563383102417
YJR006W,YCL001W-B,1,1.1251607,0.15530817210674286,0.5691542029380798,0.31125563383102417
YNL075W,YER137C-A,0,1.1250476,0.15526601672172546,0.5691542029380798,0.31135568022727966
YJL178C,YER052C,0,1.124921,0.15522387623786926,0.5691542029380798,0.31145572662353516
YCL073C,YGL039W,0,1.1247262,0.15518176555633545,0.5691542029380798,0.31155577301979065
YCR016W,YKL126W,0,1.1246272,0.15513968467712402,0.5691542029380798,0.31165581941604614
YOL137W,YJR105W,0,1.1242994,0.1550976186990738,0.5691542029380798,0.31175586581230164
YNR066C,YBR107C,0,1.1242783,0.15505556762218475,0.5691542029380798,0.3118559420108795
YOR194C,YOL022C,0,1.1241271,0.1550135463476181,0.5691542029380798,0.311955988407135
YMR256C,YBR211C,0,1.1240287,0.15497155487537384,0.5691542029380798,0.3120560348033905
YJR043C,YOL012C,1,1.1234989,0.15520043671131134,0.5701492428779602,0.3120560348033905
YGR046W,YHL050C,0,1.1229985,0.1551584005355835,0.5701492428779602,0.312156081199646
YOL115W,YAL021C,1,1.1229012,0.15538711845874786,0.5711442828178406,0.312156081199646
YOL137W,YOR141C,0,1.1224384,0.15534506738185883,0.5711442828178406,0.3122561275959015
YHR110W,YOR287C,0,1.1221862,0.15530303120613098,0.5711442828178406,0.312356173992157
YLR173W,YPL076W,0,1.1221789,0.15526102483272552,0.5711442828178406,0.3124562203884125
YLL054C,YPL013C,0,1.1219211,0.15521903336048126,0.5711442828178406,0.31255626678466797
YPL036W,YOL151W,0,1.1215342,0.1551770716905594,0.5711442828178406,0.31265634298324585
YPL192C,YOR343C-A,0,1.1208078,0.1551351398229599,0.5711442828178406,0.31275638937950134
YLR099W-A,YDR211W,0,1.1207701,0.1550932228565216,0.5711442828178406,0.31285643577575684
YJL104W,YNL167C,0,1.1206644,0.1550513207912445,0.5711442828178406,0.31295648217201233
YDL132W,YJR029W,0,1.1200511,0.1550094485282898,0.5711442828178406,0.3130565285682678
YNR052C,YPL029W,1,1.120019,0.1552375853061676,0.572139322757721,0.3130565285682678
YLR372W,YML078W,0,1.1199715,0.1551956832408905,0.572139322757721,0.3131565749645233
YLL045C,YHR204W,0,1.1198988,0.1551538109779358,0.572139322757721,0.3132566213607788
YDR089W,YDR281C,0,1.1196258,0.15511195361614227,0.572139322757721,0.3133566677570343
YER172C,YOR134W,0,1.1193261,0.15507012605667114,0.572139322757721,0.3134567141532898
YGR270W,YHR123W,0,1.1191492,0.1550283133983612,0.572139322757721,0.3135567903518677
YGR091W,YDL230W,0,1.119087,0.15498651564121246,0.572139322757721,0.31365683674812317
YLR398C,YNR052C,1,1.1185548,0.15521423518657684,0.5731343030929565,0.31365683674812317
YGR195W,YDR281C,0,1.1183432,0.1551724076271057,0.5731343030929565,0.31375688314437866
YBR265W,YMR104C,0,1.1182477,0.15513062477111816,0.5731343030929565,0.31385692954063416
YGR148C,YML066C,0,1.1181992,0.1550888568162918,0.5731343030929565,0.31395697593688965
YJR055W,YHR042W,0,1.1179342,0.15504710376262665,0.5731343030929565,0.31405702233314514
YPL163C,YOR275C,0,1.1179163,0.15500538051128387,0.5731343030929565,0.31415706872940063
YMR209C,YBL045C,0,1.1179082,0.1549636870622635,0.5731343030929565,0.31425711512565613
YOL094C,YBL103C,0,1.1178132,0.1549220085144043,0.5731343030929565,0.314357191324234
YDL064W,YMR160W,0,1.1175112,0.1548803448677063,0.5731343030929565,0.3144572377204895
YKL043W,YDR198C,0,1.1173335,0.1548387110233307,0.5731343030929565,0.314557284116745
YKL181W,YJR100C,0,1.1168059,0.15479709208011627,0.5731343030929565,0.3146573305130005
YDR034W-B,YPL090C,0,1.116718,0.15475550293922424,0.5731343030929565,0.314757376909256
YKR103W,YML050W,0,1.116647,0.1547139436006546,0.5731343030929565,0.3148574233055115
YLR099W-A,YPR124W,0,1.1166329,0.15467239916324615,0.5731343030929565,0.31495746970176697
YGL060W,YBR214W,0,1.1166201,0.1546308696269989,0.5731343030929565,0.31505751609802246
YER157W,YLR287C,0,1.1165471,0.15458936989307404,0.5731343030929565,0.31515759229660034
YGL122C,YGL094C,1,1.1156497,0.15481621026992798,0.5741293430328369,0.31515759229660034
YCL075W,YOL144W,0,1.1154075,0.15477468073368073,0.5741293430328369,0.31525763869285583
YCR075W-A,YIL075C,0,1.1153903,0.15473316609859467,0.5741293430328369,0.31535768508911133
YJL104W,YJL191W,0,1.1148956,0.1546916961669922,0.5741293430328369,0.3154577314853668
YLR048W,YMR115W,0,1.1148345,0.1546502262353897,0.5741293430328369,0.3155577778816223
YDR364C,YDR497C,0,1.1142987,0.15460878610610962,0.5741293430328369,0.3156578242778778
YLR289W,YDL182W,0,1.1142657,0.15456737577915192,0.5741293430328369,0.3157578706741333
YAL013W,YNL188W,0,1.1140139,0.1545259803533554,0.5741293430328369,0.3158579170703888
YGL243W,YLR455W,0,1.1134135,0.1544845998287201,0.5741293430328369,0.3159579932689667
YGR129W,YMR274C,0,1.1133817,0.15444324910640717,0.5741293430328369,0.31605803966522217
YDL004W,YOR038C,0,1.113343,0.15440192818641663,0.5741293430328369,0.31615808606147766
YOL097C,YPL026C,0,1.1128274,0.15436062216758728,0.5741293430328369,0.31625813245773315
YNL064C,YBR261C,0,1.1122209,0.15431933104991913,0.5741293430328369,0.31635817885398865
YDR101C,YHR172W,0,1.1121035,0.15427806973457336,0.5741293430328369,0.31645822525024414
YGL234W,YAL010C,0,1.1119232,0.15423683822155,0.5741293430328369,0.31655827164649963
YOR216C,YLR135W,0,1.1116967,0.1541956216096878,0.5741293430328369,0.3166583180427551
YPR086W,YDR421W,0,1.1111779,0.15415441989898682,0.5741293430328369,0.3167583644390106
YDR218C,YPL082C,0,1.1110244,0.15411324799060822,0.5741293430328369,0.3168584406375885
YCL074W,YER083C,0,1.1108651,0.1540720909833908,0.5741293430328369,0.316958487033844
YHR214C-C,YHR089C,0,1.1108047,0.1540309637784958,0.5741293430328369,0.3170585334300995
YGL245W,YFL023W,0,1.1105666,0.15398985147476196,0.5741293430328369,0.317158579826355
YOL107W,YOR264W,0,1.1101668,0.15394876897335052,0.5741293430328369,0.3172586262226105
YHR204W,YNL312W,0,1.1100135,0.15390770137310028,0.5741293430328369,0.31735867261886597
YLR408C,YOL041C,0,1.1098993,0.15386666357517242,0.5741293430328369,0.31745871901512146
YBR175W,YGL115W,0,1.1094686,0.15382564067840576,0.5741293430328369,0.31755876541137695
YIL015W,YBR115C,0,1.1093735,0.1537846475839615,0.5741293430328369,0.31765884160995483
YNR052C,YKR084C,1,1.1091055,0.1540101319551468,0.5751243829727173,0.31765884160995483
YJL178C,YDL210W,0,1.1088598,0.15396909415721893,0.5751243829727173,0.3177588880062103
YPR137C-B,YER015W,0,1.1085479,0.15392810106277466,0.5751243829727173,0.3178589344024658
YGR195W,YIR033W,1,1.1080794,0.15415336191654205,0.5761194229125977,0.3178589344024658
YPL159C,YCL005W-A,0,1.1078409,0.1541123241186142,0.5761194229125977,0.3179589807987213
YJL144W,YJR135W-A,0,1.1075554,0.15407131612300873,0.5761194229125977,0.3180590271949768
YGR036C,YDR469W,0,1.1074967,0.15403032302856445,0.5761194229125977,0.3181590735912323
YIL154C,YOR287C,0,1.1074841,0.15398935973644257,0.5761194229125977,0.3182591199874878
YBL100W-B,YBL103C-A,0,1.1070409,0.15394841134548187,0.5761194229125977,0.3183591663837433
YOL054W,YDR519W,0,1.10688,0.15390749275684357,0.5761194229125977,0.31845924258232117
YNL283C,YOR381W,0,1.1068095,0.15386658906936646,0.5761194229125977,0.31855928897857666
YDR196C,YLR226W,0,1.1065929,0.15382571518421173,0.5761194229125977,0.31865933537483215
YJR055W,YOL060C,0,1.1065462,0.1537848562002182,0.5761194229125977,0.31875938177108765
YDR283C,YFL042C,0,1.1063867,0.15374402701854706,0.5761194229125977,0.31885942816734314
YHR094C,YIR003W,0,1.1063702,0.1537032127380371,0.5761194229125977,0.31895947456359863
YPR026W,YGR175C,0,1.1062406,0.15366241335868835,0.5761194229125977,0.3190595209598541
YMR014W,YDR033W,0,1.106181,0.153621643781662,0.5761194229125977,0.3191595673561096
YHR041C,YLR441C,0,1.1059761,0.153580904006958,0.5761194229125977,0.3192596435546875
YKL133C,YKR099C-A,0,1.1055508,0.15354017913341522,0.5761194229125977,0.319359689950943
YHR214W-G,YNL334C,0,1.1055033,0.15349946916103363,0.5761194229125977,0.3194597363471985
YIL068C,YLR335W,0,1.1054308,0.15345878899097443,0.5761194229125977,0.319559782743454
YIL050W,YPL009C,0,1.1053034,0.15341812372207642,0.5761194229125977,0.3196598291397095
YNL136W,YHL012W,0,1.1049168,0.1533774882555008,0.5761194229125977,0.31975987553596497
YJL104W,YJL155C,0,1.1045262,0.15333686769008636,0.5761194229125977,0.31985992193222046
YDR420W,YFR038W,0,1.1044359,0.15329626202583313,0.5761194229125977,0.31995996832847595
YPL081W,YLR051C,0,1.1042476,0.15325568616390228,0.5761194229125977,0.32006004452705383
YOL013C,YML010W,0,1.1041666,0.15321514010429382,0.5761194229125977,0.3201600909233093
YBL100W-A,YGR208W,0,1.1039,0.15317460894584656,0.5761194229125977,0.3202601373195648
YOL009C,YGR068C,0,1.1036944,0.15313409268856049,0.5761194229125977,0.3203601837158203
YDR409W,YBL010C,0,1.1035576,0.1530936062335968,0.5761194229125977,0.3204602301120758
YBL106C,YBR267W,0,1.1031865,0.1530531346797943,0.5761194229125977,0.3205602765083313
YNL054W-B,YMR271C,0,1.1027697,0.15301267802715302,0.5761194229125977,0.3206603229045868
YDL193W,YNR050C,0,1.1025088,0.1529722660779953,0.5761194229125977,0.3207603693008423
YDL099W,YMR205C,0,1.1023488,0.15293185412883759,0.5761194229125977,0.3208604156970978
YJL024C,YDR117C,0,1.102233,0.15289147198200226,0.5761194229125977,0.32096049189567566
YKR099C-A,YMR051C,0,1.10212,0.15285110473632812,0.5761194229125977,0.32106053829193115
YLR413W,YGL207W,0,1.1019275,0.15281076729297638,0.5761194229125977,0.32116058468818665
YGL234W,YGR244C,0,1.1018505,0.15277044475078583,0.5761194229125977,0.32126063108444214
YPL178W,YGR072W,1,1.1018336,0.15299393236637115,0.5771144032478333,0.32126063108444214
YCR105W,YKL216W,0,1.1018147,0.15295358002185822,0.5771144032478333,0.32136067748069763
YGL095C,YBR025C,0,1.101436,0.15291325747966766,0.5771144032478333,0.3214607238769531
YPL021W,YMR051C,0,1.1013668,0.1528729647397995,0.5771144032478333,0.3215607702732086
YHR177W,YPR138C,0,1.1009243,0.15283267199993134,0.5771144032478333,0.3216608166694641
YNR048W,YDR325W,0,1.1007628,0.15279240906238556,0.5771144032478333,0.321760892868042
YNL279W,YMR313C,0,1.1005318,0.15275217592716217,0.5771144032478333,0.3218609392642975
YLR034C,YNL153C,0,1.1002532,0.15271195769309998,0.5771144032478333,0.321960985660553
YHR210C,YHR042W,0,1.1001961,0.15267175436019897,0.5771144032478333,0.32206103205680847
YER073W,YDR147W,0,1.1000905,0.15263158082962036,0.5771144032478333,0.32216107845306396
YDR164C,YGR013W,0,1.0993329,0.15259142220020294,0.5771144032478333,0.32226112484931946
YPL005W,YHR021C,0,1.0992994,0.1525512933731079,0.5771144032478333,0.32236117124557495
YLR165C,YHR114W,0,1.099215,0.15251117944717407,0.5771144032478333,0.32246121764183044
YHR142W,YGR244C,0,1.0990249,0.15247108042240143,0.5771144032478333,0.3225612938404083
YLR136C,YMR116C,1,1.099009,0.15269382297992706,0.5781094431877136,0.3225612938404083
YGR168C,YPR105C,0,1.0988084,0.15265370905399323,0.5781094431877136,0.3226613402366638
YCR077C,YKL220C,1,1.097966,0.15287628769874573,0.579104483127594,0.3226613402366638
YOL042W,YNL251C,1,1.0977952,0.15309873223304749,0.5800995230674744,0.3226613402366638
YFR008W,YJL173C,0,1.0975087,0.15305854380130768,0.5800995230674744,0.3227613866329193
YER169W,YMR133W,0,1.0973263,0.15301837027072906,0.5800995230674744,0.3228614330291748
YOL083W,YHL018W,0,1.0970097,0.15297822654247284,0.5800995230674744,0.3229614794254303
YNL167C,YFR038W,0,1.0968177,0.1529380828142166,0.5800995230674744,0.3230615258216858
YBR186W,YKL037W,0,1.096813,0.15289798378944397,0.5800995230674744,0.3231615722179413
YBR214W,YNL218W,0,1.0966301,0.15285788476467133,0.5800995230674744,0.3232616186141968
YGL222C,YDR370C,1,1.0964983,0.15307994186878204,0.58109450340271,0.3232616186141968
YNL156C,YOR343C-A,0,1.0964924,0.1530398279428482,0.58109450340271,0.32336169481277466
YGR272C,YKL025C,1,1.096042,0.1532617211341858,0.5820895433425903,0.32336169481277466
YAL035W,YDR210W-D,0,1.0959753,0.15322157740592957,0.5820895433425903,0.32346174120903015
YJL006C,YKL025C,0,1.0959225,0.15318146347999573,0.5820895433425903,0.32356178760528564
YIL154C,YNL149C,0,1.095667,0.15314136445522308,0.5820895433425903,0.32366183400154114
YEL015W,YCL001W-B,1,1.095508,0.15336298942565918,0.5830845832824707,0.32366183400154114
YOL139C,YIL111W,0,1.0953846,0.15332286059856415,0.5830845832824707,0.32376188039779663
YPL049C,YBR265W,0,1.0953331,0.1532827615737915,0.5830845832824707,0.3238619267940521
YLR319C,YBL039W-A,0,1.0953132,0.15324267745018005,0.5830845832824707,0.3239619731903076
YPR086W,YDL143W,0,1.0952709,0.1532026082277298,0.5830845832824707,0.3240620195865631
YNL221C,YGL094C,1,1.0952598,0.15342393517494202,0.5840796232223511,0.3240620195865631
YBR200W,YBR040W,0,1.0948718,0.15338385105133057,0.5840796232223511,0.324162095785141
YGR089W,YPR055W,0,1.0944935,0.1533437818288803,0.5840796232223511,0.3242621421813965
YGR055W,YPL123C,0,1.0942283,0.15330372750759125,0.5840796232223511,0.324362188577652
YDR422C,YHR024C,0,1.0938909,0.15326370298862457,0.5840796232223511,0.32446223497390747
YER108C,YNR063W,0,1.0937753,0.15322370827198029,0.5840796232223511,0.32456228137016296
YAR015W,YNL260C,0,1.0931875,0.153183713555336,0.5840796232223511,0.32466232776641846
YBL080C,YOR064C,0,1.0927291,0.1531437486410141,0.5840796232223511,0.32476237416267395
YDR168W,YOR216C,0,1.092286,0.1531038135290146,0.5840796232223511,0.32486242055892944
YDL085W,YFR030W,0,1.0917372,0.15306387841701508,0.5840796232223511,0.32496246695518494
YGR272C,YHR081W,1,1.0912693,0.15328466892242432,0.5850746035575867,0.32496246695518494
YJR082C,YJL030W,0,1.0908335,0.1532447189092636,0.5850746035575867,0.3250625431537628
YMR284W,YNR063W,0,1.0908065,0.1532047986984253,0.5850746035575867,0.3251625895500183
YBL032W,YKL113C,1,1.0905071,0.15342536568641663,0.586069643497467,0.3251625895500183
YDR527W,YGR287C,0,1.090146,0.15338541567325592,0.586069643497467,0.3252626359462738
YPR009W,YCR011C,0,1.0900507,0.1533454805612564,0.586069643497467,0.3253626823425293
YLL054C,YDL208W,0,1.0899552,0.15330557525157928,0.586069643497467,0.3254627287387848
YDR384C,YFR038W,0,1.0892957,0.15326568484306335,0.586069643497467,0.3255627751350403
YNR071C,YOR125C,0,1.0891345,0.15322580933570862,0.586069643497467,0.3256628215312958
YBL097W,YOL152W,0,1.0889385,0.15318594872951508,0.586069643497467,0.32576286792755127
YLR018C,YHR171W,0,1.0888431,0.15314613282680511,0.586069643497467,0.32586294412612915
YGL077C,YML066C,0,1.0885153,0.15310631692409515,0.586069643497467,0.32596299052238464
YMR194C-B,YBR160W,0,1.0885019,0.15306653082370758,0.586069643497467,0.32606303691864014
YDR283C,YML023C,0,1.0884442,0.1530267596244812,0.586069643497467,0.32616308331489563
YLR264W,YPL137C,0,1.0882082,0.1529870182275772,0.586069643497467,0.3262631297111511
YDR465C,YCL058C,0,1.0880868,0.1529472917318344,0.586069643497467,0.3263631761074066
YER073W,YDR489W,0,1.0871618,0.1529075801372528,0.586069643497467,0.3264632225036621
YBL103C-A,YOL075C,0,1.087074,0.1528678983449936,0.586069643497467,0.3265632688999176
YDR099W,YDR390C,0,1.0867383,0.15282823145389557,0.586069643497467,0.3266633450984955
YHL042W,YLR074C,0,1.0865268,0.15278857946395874,0.586069643497467,0.326763391494751
YLR134W,YMR158W,0,1.0861564,0.1527489572763443,0.586069643497467,0.32686343789100647
YBL097W,YOR267C,0,1.0855825,0.15270936489105225,0.586069643497467,0.32696348428726196
YJL189W,YLR295C,0,1.0853443,0.1526697725057602,0.586069643497467,0.32706353068351746
YIL013C,YBL103C,0,1.0846062,0.15263020992279053,0.586069643497467,0.32716357707977295
YPL178W,YNR052C,1,1.083498,0.1528497338294983,0.5870646834373474,0.32716357707977295
YOR100C,YDR318W,0,1.082616,0.15281015634536743,0.5870646834373474,0.32726362347602844
YMR053C,YDR261C-C,0,1.0825951,0.15277057886123657,0.5870646834373474,0.32736366987228394
YGR270W,YBR278W,0,1.0820632,0.1527310311794281,0.5870646834373474,0.3274637460708618
YDR128W,YNL054W-B,0,1.0817466,0.15269151329994202,0.5870646834373474,0.3275637924671173
YML095C,YBR298C,0,1.0817115,0.15265201032161713,0.5870646834373474,0.3276638388633728
YGL234W,YHL019C,0,1.0816859,0.15261252224445343,0.5870646834373474,0.3277638852596283
YJR105W,YDR448W,0,1.0815835,0.15257304906845093,0.5870646834373474,0.3278639316558838
YNL054W-B,YGL196W,0,1.0809374,0.1525336056947708,0.5870646834373474,0.3279639780521393
YER103W,YOR241W,0,1.0809325,0.1524941772222519,0.5870646834373474,0.3280640244483948
YPR201W,YHR214W-G,0,1.0803515,0.15245477855205536,0.5870646834373474,0.32816407084465027
YER172C,YBL059C-A,0,1.080334,0.15241539478302002,0.5870646834373474,0.32826411724090576
YGR272C,YKR084C,1,1.0799773,0.15263429284095764,0.5880597233772278,0.32826411724090576
YGR052W,YMR051C,0,1.07988,0.1525948941707611,0.5880597233772278,0.32836419343948364
YDR179C,YGR217W,0,1.07968,0.15255549550056458,0.5880597233772278,0.32846423983573914
YER065C,YOR343C-A,0,1.0795133,0.15251612663269043,0.5880597233772278,0.32856428623199463
YIR014W,YDR098C-B,0,1.0794,0.15247678756713867,0.5880597233772278,0.3286643326282501
YPL040C,YMR194C-B,0,1.0791844,0.15243744850158691,0.5880597233772278,0.3287643790245056
YOL161C,YIL133C,0,1.07854,0.15239813923835754,0.5880597233772278,0.3288644254207611
YGL222C,YNL221C,1,1.0784332,0.15261664986610413,0.5890547037124634,0.3288644254207611
YPR129W,YER108C,0,1.0783192,0.15257732570171356,0.5890547037124634,0.3289644718170166
YHL009W-B,YFL018C,0,1.0779557,0.152538001537323,0.5890547037124634,0.3290645182132721
YNL240C,YDL119C,0,1.0775189,0.15249870717525482,0.5890547037124634,0.32916459441185
YMR174C,YHR070W,0,1.0773847,0.15245944261550903,0.5890547037124634,0.32926464080810547
YLR319C,YFR015C,0,1.0772314,0.15242017805576324,0.5890547037124634,0.32936468720436096
YGL135W,YCR102C,0,1.0768294,0.15238095819950104,0.5890547037124634,0.32946473360061646
YGR003W,YLR157C-B,0,1.0765526,0.15234173834323883,0.5890547037124634,0.32956477999687195
YKR051W,YDR261C-C,0,1.0760037,0.152302548289299,0.5890547037124634,0.32966482639312744
YLR178C,YGL183C,0,1.0759978,0.15226337313652039,0.5890547037124634,0.32976487278938293
YER049W,YCL001W-B,1,1.0759468,0.15248136222362518,0.5900497436523438,0.32976487278938293
YDR099W,YPR027C,0,1.0759432,0.15244215726852417,0.5900497436523438,0.3298649191856384
YEL062W,YBL011W,0,1.0759304,0.15240298211574554,0.5900497436523438,0.3299649953842163
YPL163C,YGR067C,0,1.0758655,0.1523638218641281,0.5900497436523438,0.3300650417804718
YLR430W,YNL322C,0,1.0758171,0.15232469141483307,0.5900497436523438,0.3301650881767273
YIR031C,YMR295C,0,1.0757058,0.15228556096553802,0.5900497436523438,0.3302651345729828
YOR021C,YOR343C-A,0,1.0757003,0.15224647521972656,0.5900497436523438,0.3303651809692383
YHR149C,YNL335W,0,1.0754919,0.1522073894739151,0.5900497436523438,0.3304652273654938
YDR283C,YNR073C,0,1.0753949,0.15216833353042603,0.5900497436523438,0.33056527376174927
YLR453C,YPR036W-A,0,1.0753269,0.15212929248809814,0.5900497436523438,0.33066532015800476
YGL131C,YPR186C,0,1.0751553,0.15209028124809265,0.5900497436523438,0.33076539635658264
YKR081C,YBR202W,0,1.0750494,0.15205128490924835,0.5900497436523438,0.33086544275283813
YJL143W,YMR290C,0,1.074732,0.15201230347156525,0.5900497436523438,0.33096548914909363
YGL139W,YJL225C,0,1.0747161,0.15197335183620453,0.5900497436523438,0.3310655355453491
YFR038W,YOR141C,0,1.0743847,0.151934415102005,0.5900497436523438,0.3311655819416046
YER015W,YNL147W,0,1.074229,0.15189549326896667,0.5900497436523438,0.3312656283378601
YLR099W-A,YBR202W,0,1.0742068,0.15185660123825073,0.5900497436523438,0.3313656747341156
YFR031C,YNR055C,0,1.0741884,0.1518177092075348,0.5900497436523438,0.3314657211303711
YOR223W,YGR075C,0,1.0735028,0.15177886188030243,0.5900497436523438,0.331565797328949
YDR518W,YGR287C,0,1.0732815,0.15174001455307007,0.5900497436523438,0.33166584372520447
YPL256C,YOR359W,0,1.072781,0.1517011970281601,0.5900497436523438,0.33176589012145996
YNL202W,YDR218C,0,1.0727024,0.1516624093055725,0.5900497436523438,0.33186593651771545
YBR199W,YBL071W-A,0,1.0723135,0.15162362158298492,0.5900497436523438,0.33196598291397095
YHR005C,YGL095C,0,1.0722266,0.15158486366271973,0.5900497436523438,0.33206602931022644
YIR024C,YBR228W,0,1.0721364,0.15154613554477692,0.5900497436523438,0.33216607570648193
YCL021W-A,YPR001W,0,1.0721123,0.1515074074268341,0.5900497436523438,0.3322661221027374
YNL124W,YNL103W,0,1.0719427,0.15146870911121368,0.5900497436523438,0.3323661684989929
YER015W,YNL084C,0,1.0719156,0.15143002569675446,0.5900497436523438,0.3324662446975708
YKL009W,YDR315C,1,1.071901,0.1516466736793518,0.5910447835922241,0.3324662446975708
YOL123W,YLR442C,1,1.0715044,0.1518632024526596,0.5920398235321045,0.3324662446975708
YDR113C,YDL170W,0,1.0711739,0.1518244445323944,0.5920398235321045,0.3325662910938263
YPL090C,YNR022C,0,1.0710374,0.1517857164144516,0.5920398235321045,0.3326663374900818
YDR033W,YNL264C,0,1.0706339,0.15174700319766998,0.5920398235321045,0.3327663838863373
YDR096W,YMR044W,0,1.0703068,0.15170830488204956,0.5920398235321045,0.3328664302825928
YGL246C,YCL026C-A,0,1.0700246,0.15166963636875153,0.5920398235321045,0.33296647667884827
YMR113W,YCL059C,0,1.0696193,0.15163098275661469,0.5920398235321045,0.33306652307510376
YDR126W,YLR183C,0,1.0695955,0.15159235894680023,0.5920398235321045,0.33316656947135925
YOL148C,YGL131C,0,1.0693861,0.15155375003814697,0.5920398235321045,0.33326664566993713
YBR139W,YBL059C-A,0,1.0691701,0.1515151560306549,0.5920398235321045,0.3333666920661926
YIL134W,YKL190W,0,1.0689805,0.15147657692432404,0.5920398235321045,0.3334667384624481
YPR035W,YMR054W,0,1.0684421,0.15143802762031555,0.5920398235321045,0.3335667848587036
YDL046W,YLR098C,0,1.0683627,0.15139949321746826,0.5920398235321045,0.3336668312549591
YBL045C,YMR290C,0,1.0681803,0.15136097371578217,0.5920398235321045,0.3337668776512146
YLR001C,YBR181C,0,1.0681297,0.15132248401641846,0.5920398235321045,0.3338669240474701
YLL025W,YKL054C,0,1.068127,0.15128400921821594,0.5920398235321045,0.3339669704437256
YOL097C,YLR312W-A,0,1.0671086,0.15124554932117462,0.5920398235321045,0.33406704664230347
YDL223C,YJR029W,0,1.0670757,0.1512071192264557,0.5920398235321045,0.33416709303855896
YDR463W,YHR114W,0,1.066822,0.15116870403289795,0.5920398235321045,0.33426713943481445
YLR007W,YEL029C,0,1.0659846,0.1511303037405014,0.5920398235321045,0.33436718583106995
YPL002C,YJR153W,0,1.0659273,0.15109191834926605,0.5920398235321045,0.33446723222732544
YEL064C,YDR421W,0,1.0657833,0.1510535627603531,0.5920398235321045,0.33456727862358093
YDL111C,YOR048C,1,1.0650314,0.15126903355121613,0.5930348038673401,0.33456727862358093
YIL119C,YOR021C,0,1.0645932,0.15123064815998077,0.5930348038673401,0.3346673250198364
YGR179C,YBR186W,0,1.0640546,0.1511922925710678,0.5930348038673401,0.3347673714160919
YGR042W,YOL156W,0,1.0637578,0.15115393698215485,0.5930348038673401,0.3348674476146698
YER118C,YNR055C,0,1.063638,0.15111562609672546,0.5930348038673401,0.3349674940109253
YCR093W,YPL199C,1,1.0635812,0.15133079886436462,0.5940298438072205,0.3349674940109253
YJR119C,YJR043C,1,1.0635736,0.15154586732387543,0.5950248837471008,0.3349674940109253
YNL188W,YCR092C,0,1.0634699,0.15150746703147888,0.5950248837471008,0.3350675404071808
YDR098C-B,YNL236W,0,1.0630282,0.15146909654140472,0.5950248837471008,0.3351675868034363
YJR049C,YCR084C,0,1.0628843,0.15143074095249176,0.5950248837471008,0.3352676331996918
YPR137C-B,YOR003W,0,1.0627928,0.15139240026474,0.5950248837471008,0.33536767959594727
YDL171C,YNL081C,0,1.0626638,0.1513540893793106,0.5950248837471008,0.33546772599220276
YHR210C,YLR081W,0,1.0626111,0.15131579339504242,0.5950248837471008,0.33556777238845825
YOL103W,YLR077W,0,1.0623497,0.15127751231193542,0.5950248837471008,0.33566784858703613
YKR017C,YBL023C,0,1.0612036,0.15123924612998962,0.5950248837471008,0.3357678949832916
YGR148C,YDR151C,0,1.0609751,0.1512010097503662,0.5950248837471008,0.3358679413795471
YKR036C,YDR281C,0,1.0608016,0.151162788271904,0.5950248837471008,0.3359679877758026
YPR003C,YOR175C,0,1.0604441,0.15112459659576416,0.5950248837471008,0.3360680341720581
YDR098C-B,YDL235C,0,1.0604337,0.15108640491962433,0.5950248837471008,0.3361680805683136
YOR194C,YNL025C,0,1.0604095,0.15104824304580688,0.5950248837471008,0.3362681269645691
YPL203W,YBR115C,0,1.0597363,0.15101009607315063,0.5950248837471008,0.3363681733608246
YCL026C-A,YMR196W,0,1.0596488,0.15097197890281677,0.5950248837471008,0.3364682197570801
YMR024W,YGR042W,0,1.0595535,0.1509338766336441,0.5950248837471008,0.33656829595565796
YOR070C,YOR001W,0,1.0595102,0.15089578926563263,0.5950248837471008,0.33666834235191345
YPR137C-B,YGR264C,0,1.0592468,0.15085771679878235,0.5950248837471008,0.33676838874816895
YLR021W,YAL021C,1,1.0589108,0.15107187628746033,0.5960199236869812,0.33676838874816895
YBR008C,YHR077C,0,1.0588245,0.15103378891944885,0.5960199236869812,0.33686843514442444
YHR115C,YLR295C,0,1.0572392,0.15099571645259857,0.5960199236869812,0.33696848154067993
YDR168W,YOL008W,0,1.0571955,0.15095765888690948,0.5960199236869812,0.3370685279369354
YCL001W-A,YMR194C-B,0,1.056994,0.15091963112354279,0.5960199236869812,0.3371685743331909
YDR532C,YNL218W,0,1.0567253,0.15088161826133728,0.5960199236869812,0.3372686207294464
YOR359W,YLR295C,0,1.0564114,0.15084362030029297,0.5960199236869812,0.3373686969280243
YKR103W,YHR214C-C,0,1.0562705,0.15080563724040985,0.5960199236869812,0.3374687433242798
YLL048C,YKR099C-A,0,1.0561757,0.15076768398284912,0.5960199236869812,0.3375687897205353
YNR060W,YNL091W,0,1.0561334,0.15072974562644958,0.5960199236869812,0.33766883611679077
YBR111W-A,YMR125W,1,1.0554163,0.15094339847564697,0.5970149040222168,0.33766883611679077
YMR133W,YPL214C,0,1.0551434,0.15090543031692505,0.5970149040222168,0.33776888251304626
YDL171C,YDR522C,0,1.0548286,0.1508674919605255,0.5970149040222168,0.33786892890930176
YGL094C,YNL118C,1,1.054378,0.15108095109462738,0.5980099439620972,0.33786892890930176
YPL130W,YFL042C,0,1.0543264,0.15104298293590546,0.5980099439620972,0.33796897530555725
YMR272C,YJL143W,0,1.0541824,0.15100502967834473,0.5980099439620972,0.33806902170181274
YLR034C,YLR445W,0,1.0540625,0.1509670913219452,0.5980099439620972,0.3381690979003906
YCR068W,YPR175W,0,1.0540463,0.15092918276786804,0.5980099439620972,0.3382691442966461
YBL037W,YHL036W,0,1.0538722,0.1508912891149521,0.5980099439620972,0.3383691906929016
YKL126W,YDL130W,0,1.0536876,0.15085341036319733,0.5980099439620972,0.3384692370891571
YKR065C,YNR060W,0,1.0535724,0.15081556141376495,0.5980099439620972,0.3385692834854126
YGL234W,YKL211C,0,1.0534027,0.15077772736549377,0.5980099439620972,0.3386693298816681
YOR264W,YGL230C,0,1.0533252,0.1507399082183838,0.5980099439620972,0.3387693762779236
YIL118W,YNR063W,0,1.0531287,0.150702103972435,0.5980099439620972,0.3388694226741791
YML046W,YLR154W-C,0,1.0528477,0.1506643295288086,0.5980099439620972,0.33896949887275696
YPL014W,YJL173C,0,1.0526563,0.15062656998634338,0.5980099439620972,0.33906954526901245
YOL094C,YPR098C,0,1.0523987,0.15058882534503937,0.5980099439620972,0.33916959166526794
YNL134C,YMR274C,0,1.0517787,0.15055109560489655,0.5980099439620972,0.33926963806152344
YER050C,YNL112W,0,1.0515031,0.1505133956670761,0.5980099439620972,0.33936968445777893
YAL010C,YPL026C,0,1.0514364,0.15047571063041687,0.5980099439620972,0.3394697308540344
YNL305C,YNL284C-B,0,1.0512958,0.15043804049491882,0.5980099439620972,0.3395697772502899
YDL150W,YER118C,0,1.0512079,0.15040040016174316,0.5980099439620972,0.3396698236465454
YDR283C,YBL097W,0,1.050914,0.1503627747297287,0.5980099439620972,0.3397698700428009
YAL058W,YEL051W,0,1.050528,0.15032516419887543,0.5980099439620972,0.3398699462413788
YNL273W,YCR092C,0,1.0505236,0.15028756856918335,0.5980099439620972,0.3399699926376343
YLR187W,YOR346W,0,1.0501273,0.15025000274181366,0.5980099439620972,0.34007003903388977
YDR440W,YNL069C,0,1.0498712,0.15021245181560516,0.5980099439620972,0.34017008543014526
YHR149C,YDL047W,0,1.0498371,0.15017491579055786,0.5980099439620972,0.34027013182640076
YML118W,YBR030W,0,1.0494647,0.15013739466667175,0.5980099439620972,0.34037017822265625
YOL054W,YNL284C,0,1.0490882,0.15009990334510803,0.5980099439620972,0.34047022461891174
YLL024C,YDR333C,0,1.0490236,0.1500624269247055,0.5980099439620972,0.34057027101516724
YPR085C,YJL154C,0,1.0486636,0.15002496540546417,0.5980099439620972,0.3406703472137451
YPR145W,YML031W,0,1.0486631,0.14998751878738403,0.5980099439620972,0.3407703936100006
YGR089W,YHR210C,0,1.0484468,0.14995010197162628,0.5980099439620972,0.3408704400062561
YIL041W,YNR027W,0,1.0483353,0.14991270005702972,0.5980099439620972,0.3409704864025116
YKL221W,YCR024C,0,1.0482371,0.14987531304359436,0.5980099439620972,0.3410705327987671
YBR129C,YMR228W,0,1.0479183,0.1498379409313202,0.5980099439620972,0.3411705791950226
YDR067C,YPL008W,0,1.0477531,0.1498005986213684,0.5980099439620972,0.3412706255912781
YIR014W,YIL075C,0,1.0475566,0.14976327121257782,0.5980099439620972,0.34137067198753357
YPL069C,YHR079C-A,0,1.0473381,0.14972595870494843,0.5980099439620972,0.34147074818611145
YNL305C,YKR061W,0,1.0473057,0.14968866109848022,0.5980099439620972,0.34157079458236694
YAR044W,YHR172W,0,1.0472977,0.1496513932943344,0.5980099439620972,0.34167084097862244
YJR043C,YAL021C,1,1.0472219,0.1498630791902542,0.5990049839019775,0.34167084097862244
YDL004W,YDL155W,0,1.047113,0.149825781583786,0.5990049839019775,0.34177088737487793
YGR275W,YHR204W,0,1.0468508,0.149788498878479,0.5990049839019775,0.3418709337711334
YOR182C,YJR029W,0,1.0468177,0.14975124597549438,0.5990049839019775,0.3419709801673889
YMR290C,YHR042W,0,1.0467379,0.14971400797367096,0.5990049839019775,0.3420710265636444
YOR060C,YOR346W,0,1.0467044,0.14967678487300873,0.5990049839019775,0.3421710729598999
YGR003W,YLR422W,0,1.0466945,0.1496395766735077,0.5990049839019775,0.3422711491584778
YPR164W,YGL107C,1,1.0464286,0.14985089004039764,0.6000000238418579,0.3422711491584778
YBR211C,YGR104C,0,1.0464079,0.1498136669397354,0.6000000238418579,0.3423711955547333
YOL078W,YMR175W,0,1.046251,0.14977645874023438,0.6000000238418579,0.34247124195098877
YJL140W,YLR442C,1,1.0461974,0.1499875783920288,0.6009950041770935,0.34247124195098877
YJR006W,YBR170C,1,1.0453633,0.15019860863685608,0.6019900441169739,0.34247124195098877
YPL163C,YHR168W,0,1.0450604,0.15016132593154907,0.6019900441169739,0.34257128834724426
YML118W,YNR024W,1,1.044756,0.1503722071647644,0.6029850840568542,0.34257128834724426
YJR155W,YOL144W,0,1.0445309,0.1503349095582962,0.6029850840568542,0.34267133474349976
YBR139W,YFL059W,0,1.0442947,0.150297611951828,0.6029850840568542,0.34277138113975525
YNR062C,YJR057W,0,1.0441926,0.15026035904884338,0.6029850840568542,0.34287142753601074
YLR404W,YPR158C-D,0,1.043963,0.15022310614585876,0.6029850840568542,0.34297147393226624
YMR076C,YGL258W,0,1.043441,0.15018586814403534,0.6029850840568542,0.3430715501308441
YLR151C,YHL040C,0,1.0433207,0.1501486599445343,0.6029850840568542,0.3431715965270996
YER168C,YOR304C-A,0,1.0426475,0.15011146664619446,0.6029850840568542,0.3432716429233551
YPR196W,YKL043W,0,1.04261,0.1500742882490158,0.6029850840568542,0.3433716893196106
YGL037C,YHR089C,0,1.0424206,0.15003713965415955,0.6029850840568542,0.3434717357158661
YDR093W,YMR171C,0,1.0418837,0.15000000596046448,0.6029850840568542,0.3435717821121216
YGL039W,YKL086W,0,1.041603,0.1499628871679306,0.6029850840568542,0.3436718285083771
YLR226W,YHR038W,0,1.0415989,0.14992578327655792,0.6029850840568542,0.34377187490463257
YAL019W,YGR270W,0,1.0415037,0.14988869428634644,0.6029850840568542,0.34387192130088806
YBR177C,YPR009W,0,1.0414753,0.14985163509845734,0.6029850840568542,0.34397199749946594
YKL204W,YJL124C,1,1.0409584,0.15006180107593536,0.6039801239967346,0.34397199749946594
YGR129W,YDR198C,0,1.04068,0.15002471208572388,0.6039801239967346,0.34407204389572144
YFL018C,YOR343C-A,0,1.0404398,0.14998763799667358,0.6039801239967346,0.34417209029197693
YPR002W,YOR044W,0,1.0401931,0.14995059370994568,0.6039801239967346,0.3442721366882324
YLL008W,YLL006W,0,1.0401504,0.14991356432437897,0.6039801239967346,0.3443721830844879
YPL047W,YOR001W,0,1.0399262,0.14987654983997345,0.6039801239967346,0.3444722294807434
YMR153W,YPR073C,0,1.039748,0.14983955025672913,0.6039801239967346,0.3445722758769989
YAL007C,YGL094C,0,1.0392033,0.149802565574646,0.6039801239967346,0.3446723222732544
YNL158W,YPR011C,0,1.0391207,0.14976561069488525,0.6039801239967346,0.3447723984718323
YNL251C,YGL094C,1,1.0391058,0.14997532963752747,0.6049751043319702,0.3447723984718323
YLR383W,YHR076W,0,1.039011,0.14993834495544434,0.6049751043319702,0.34487244486808777
YAL042W,YIL013C,0,1.0389788,0.1499013751745224,0.6049751043319702,0.34497249126434326
YBL100W-A,YHR123W,0,1.0389209,0.14986443519592285,0.6049751043319702,0.34507253766059875
YNL016W,YCR077C,1,1.0385966,0.15007393062114716,0.6059701442718506,0.34507253766059875
YML091C,YCL074W,0,1.0379924,0.15003696084022522,0.6059701442718506,0.34517258405685425
YGR206W,YFR038W,0,1.0379705,0.15000000596046448,0.6059701442718506,0.34527263045310974
YDL233W,YHR168W,0,1.0379678,0.14996306598186493,0.6059701442718506,0.34537267684936523
YKL149C,YER048C,0,1.0379668,0.14992614090442657,0.6059701442718506,0.3454727232456207
YHR041C,YGR005C,0,1.0379491,0.1498892456293106,0.6059701442718506,0.3455727994441986
YBR111W-A,YDR370C,1,1.0378273,0.15009842813014984,0.606965184211731,0.3455727994441986
YML001W,YPR119W,0,1.0375345,0.1500615030527115,0.606965184211731,0.3456728458404541
YOR396W,YLR039C,0,1.0374479,0.15002459287643433,0.606965184211731,0.3457728922367096
YPR025C,YOR346W,0,1.0373995,0.14998771250247955,0.606965184211731,0.3458729386329651
YGL246C,YHR071W,0,1.03725,0.14995083212852478,0.606965184211731,0.3459729850292206
YEL062W,YLR157C-B,0,1.0367873,0.1499139815568924,0.606965184211731,0.3460730314254761
YLR014C,YNL264C,0,1.0367719,0.1498771458864212,0.606965184211731,0.34617307782173157
YCL067C,YER137C-A,0,1.0366719,0.1498403400182724,0.606965184211731,0.34627312421798706
YHL009W-B,YHR204W,0,1.0363245,0.1498035341501236,0.606965184211731,0.34637320041656494
YHR149C,YKL216W,0,1.0362761,0.14976675808429718,0.606965184211731,0.34647324681282043
YHR097C,YKR058W,0,1.0358555,0.14972999691963196,0.606965184211731,0.3465732932090759
YGL230C,YJR063W,0,1.0357728,0.14969325065612793,0.606965184211731,0.3466733396053314
YNR040W,YKL156W,0,1.0357368,0.1496565192937851,0.606965184211731,0.3467733860015869
YHR149C,YDR126W,0,1.03564,0.14961981773376465,0.606965184211731,0.3468734323978424
YDR261C-C,YLL055W,0,1.035491,0.1495831310749054,0.606965184211731,0.3469734787940979
YNR076W,YML125C,0,1.0354868,0.14954645931720734,0.606965184211731,0.3470735251903534
YBR216C,YLR441C,0,1.0352156,0.14950980246067047,0.606965184211731,0.3471736013889313
YKL149C,YDR460W,0,1.0351601,0.149473175406456,0.606965184211731,0.34727364778518677
YOR262W,YIL142W,0,1.035121,0.14943654835224152,0.606965184211731,0.34737369418144226
YDL235C,YKL074C,0,1.0349157,0.14939995110034943,0.606965184211731,0.34747374057769775
YBR175W,YBR025C,0,1.0344533,0.14936336874961853,0.606965184211731,0.34757378697395325
YMR211W,YDL182W,0,1.0341907,0.14932680130004883,0.606965184211731,0.34767383337020874
YIL176C,YDR448W,0,1.0335922,0.1492902636528015,0.606965184211731,0.34777387976646423
YGR083C,YLR004C,0,1.0334289,0.1492537260055542,0.606965184211731,0.3478739261627197
YPR085C,YGL244W,0,1.0330629,0.14921721816062927,0.606965184211731,0.3479739725589752
YNL097C,YDL088C,0,1.0328496,0.14918072521686554,0.606965184211731,0.3480740487575531
YGL130W,YER070W,0,1.0327199,0.149144247174263,0.606965184211731,0.3481740951538086
YIL021W,YNL176C,0,1.0326306,0.14910779893398285,0.606965184211731,0.3482741415500641
YJL104W,YOR315W,0,1.0326176,0.1490713655948639,0.606965184211731,0.3483741879463196
YAL012W,YJR059W,0,1.0322862,0.14903493225574493,0.606965184211731,0.3484742343425751
YMR174C,YGR099W,0,1.0322416,0.14899852871894836,0.606965184211731,0.34857428073883057
YNL256W,YBR025C,0,1.0321268,0.14896215498447418,0.606965184211731,0.34867432713508606
YBR188C,YGR055W,0,1.0320768,0.14892578125,0.606965184211731,0.34877437353134155
YDL155W,YNL006W,0,1.0320017,0.1488894373178482,0.606965184211731,0.34887444972991943
YKL181W,YBL032W,0,1.0313889,0.1488530933856964,0.606965184211731,0.3489744961261749
YIL005W,YPL027W,0,1.0313671,0.148816779255867,0.606965184211731,0.3490745425224304
YJR055W,YHR162W,0,1.0305285,0.14878049492835999,0.606965184211731,0.3491745889186859
YDL004W,YJR135W-A,0,1.0303447,0.14874421060085297,0.606965184211731,0.3492746353149414
YDR034W-B,YMR228W,0,1.0303392,0.14870794117450714,0.606965184211731,0.3493746817111969
YBR085W,YOL156W,0,1.0302355,0.1486717015504837,0.606965184211731,0.3494747281074524
YGL162W,YOL113W,0,1.0296242,0.14863547682762146,0.606965184211731,0.3495747745037079
YOR070C,YPR057W,0,1.029371,0.1485992670059204,0.606965184211731,0.34967485070228577
YMR153W,YGR175C,0,1.0293177,0.14856307208538055,0.606965184211731,0.34977489709854126
YMR275C,YOL137W,0,1.0291973,0.14852690696716309,0.606965184211731,0.34987494349479675
YPL202C,YPL082C,0,1.0291405,0.1484907567501068,0.606965184211731,0.34997498989105225
YBR111W-A,YKL149C,1,1.0291293,0.14869798719882965,0.6079602241516113,0.34997498989105225
YER156C,YDL047W,0,1.0285563,0.148661807179451,0.6079602241516113,0.35007503628730774
YNL149C,YKL133C,0,1.0284493,0.14862564206123352,0.6079602241516113,0.35017508268356323
YDR420W,YNL136W,0,1.0278207,0.14858949184417725,0.6079602241516113,0.3502751290798187
YLL057C,YGR091W,0,1.0277145,0.14855337142944336,0.6079602241516113,0.3503751754760742
YLR004C,YNL091W,0,1.0276515,0.14851725101470947,0.6079602241516113,0.3504752516746521
YNL219C,YLR074C,0,1.0271319,0.14848116040229797,0.6079602241516113,0.3505752980709076
YDR098C-B,YNR066C,0,1.0261599,0.14844509959220886,0.6079602241516113,0.3506753444671631
YPR193C,YBL042C,0,1.0261561,0.14840903878211975,0.6079602241516113,0.3507753908634186
YBR265W,YPL199C,0,1.0261364,0.14837299287319183,0.6079602241516113,0.3508754372596741
YNL240C,YDL066W,0,1.025698,0.1483369767665863,0.6079602241516113,0.35097548365592957
YLR099W-A,YKR083C,0,1.0256215,0.14830097556114197,0.6079602241516113,0.35107553005218506
YPR011C,YER137C-A,0,1.0256145,0.14826498925685883,0.6079602241516113,0.35117557644844055
YJL162C,YPR036W-A,0,1.0254314,0.14822901785373688,0.6079602241516113,0.35127565264701843
YCL073C,YHR114W,0,1.0251338,0.14819306135177612,0.6079602241516113,0.3513756990432739
YIL004C,YLR134W,0,1.0249747,0.14815713465213776,0.6079602241516113,0.3514757454395294
YNL075W,YCR052W,0,1.0247957,0.1481212079524994,0.6079602241516113,0.3515757918357849
YPL075W,YLL003W,0,1.0247318,0.1480853110551834,0.6079602241516113,0.3516758382320404
YOL075C,YHL021C,0,1.0247219,0.14804942905902863,0.6079602241516113,0.3517758846282959
YGL178W,YAL021C,1,1.02393,0.14825581014156342,0.6089552044868469,0.3517758846282959
YLR277C,YPL173W,0,1.0238587,0.14821991324424744,0.6089552044868469,0.3518759310245514
YJR103W,YNL164C,0,1.0236837,0.14818401634693146,0.6089552044868469,0.3519759774208069
YBR040W,YML081C-A,0,1.023515,0.14814814925193787,0.6089552044868469,0.3520760238170624
YGL173C,YGL122C,1,1.0233281,0.14835430681705475,0.6099502444267273,0.3520760238170624
YLR423C,YDL155W,0,1.022963,0.14831840991973877,0.6099502444267273,0.35217610001564026
YER115C,YDR519W,0,1.022955,0.14828252792358398,0.6099502444267273,0.35227614641189575
YBL059C-A,YLR097C,0,1.0227561,0.1482466757297516,0.6099502444267273,0.35237619280815125
YJL189W,YMR104C,0,1.0226743,0.14821083843708038,0.6099502444267273,0.35247623920440674
YOR262W,YOL124C,0,1.0226172,0.14817500114440918,0.6099502444267273,0.35257628560066223
YJR119C,YGL107C,1,1.022535,0.14838086068630219,0.6109452843666077,0.35257628560066223
YBR136W,YPR057W,0,1.0220641,0.1483450084924698,0.6109452843666077,0.3526763319969177
YFL035C,YLL048C,0,1.0214974,0.14830918610095978,0.6109452843666077,0.3527763783931732
YML081C-A,YDR325W,0,1.0208278,0.14827336370944977,0.6109452843666077,0.3528764247894287
YJL133W,YBL010C,0,1.0207837,0.14823757112026215,0.6109452843666077,0.3529765009880066
YPL118W,YNR040W,0,1.020144,0.14820179343223572,0.6109452843666077,0.3530765473842621
YLR204W,YFL035C,0,1.0200827,0.1481660157442093,0.6109452843666077,0.3531765937805176
YJL173C,YKL062W,0,1.0199649,0.14813028275966644,0.6109452843666077,0.35327664017677307
YHL050C,YBR080C,0,1.0198573,0.1480945497751236,0.6109452843666077,0.35337668657302856
YPR158W-A,YHR151C,0,1.0194314,0.14805883169174194,0.6109452843666077,0.35347673296928406
YNL081C,YHR089C,0,1.0192335,0.14802314341068268,0.6109452843666077,0.35357677936553955
YJR057W,YER169W,0,1.0190525,0.1479874700307846,0.6109452843666077,0.35367682576179504
YAL048C,YBR033W,0,1.018801,0.14795181155204773,0.6109452843666077,0.3537769019603729
YLR178C,YIL038C,0,1.0187796,0.14791616797447205,0.6109452843666077,0.3538769483566284
YGR169C-A,YFL059W,0,1.0184181,0.14788053929805756,0.6109452843666077,0.3539769947528839
YBL100W-B,YOR155C,0,1.0182267,0.14784492552280426,0.6109452843666077,0.3540770411491394
YGL080W,YDR440W,0,1.0180867,0.14780934154987335,0.6109452843666077,0.3541770875453949
YDL030W,YLL006W,0,1.0180839,0.14777377247810364,0.6109452843666077,0.3542771339416504
YGL122C,YDR293C,1,1.0180192,0.14797882735729218,0.611940324306488,0.3542771339416504
YOL103W,YMR039C,0,1.0176594,0.14794322848320007,0.611940324306488,0.3543771803379059
YHL020C,YPL041C,0,1.0176183,0.14790764451026917,0.611940324306488,0.3544772267341614
YNR040W,YGR075C,0,1.0175598,0.14787209033966064,0.611940324306488,0.35457730293273926
YER001W,YAL054C,0,1.0175033,0.14783653616905212,0.611940324306488,0.35467734932899475
YCL001W-A,YER068W,1,1.0174984,0.14804133772850037,0.6129353046417236,0.35467734932899475
YIL079C,YGR122W,1,1.017427,0.14824603497982025,0.613930344581604,0.35467734932899475
YIL030C,YLL034C,0,1.0174026,0.14821042120456696,0.613930344581604,0.35477739572525024
YHR214W-G,YOR094W,0,1.017223,0.14817483723163605,0.613930344581604,0.35487744212150574
YGL222C,YGL107C,1,1.01722,0.1483793556690216,0.6149253845214844,0.35487744212150574
YPR193C,YGL196W,0,1.0170441,0.1483437418937683,0.6149253845214844,0.35497748851776123
YLR151C,YOR144C,0,1.0169811,0.14830812811851501,0.6149253845214844,0.3550775349140167
YMR031C,YDR448W,0,1.0169559,0.1482725590467453,0.6149253845214844,0.3551775813102722
YHR142W,YGL243W,0,1.0167912,0.14823698997497559,0.6149253845214844,0.3552776277065277
YAL013W,YAL031C,0,1.0166303,0.14820143580436707,0.6149253845214844,0.3553776741027832
YDL135C,YGR005C,0,1.0163789,0.14816591143608093,0.6149253845214844,0.3554777503013611
YCL074W,YLR287C,0,1.0154655,0.1481303870677948,0.6149253845214844,0.3555777966976166
YOL148C,YPL021W,0,1.0150588,0.14809489250183105,0.6149253845214844,0.35567784309387207
YHR214C-C,YPL041C,0,1.0143749,0.1480594128370285,0.6149253845214844,0.35577788949012756
YKL087C,YMR263W,0,1.0141907,0.14802394807338715,0.6149253845214844,0.35587793588638306
YNL020C,YMR115W,0,1.0134981,0.14798851311206818,0.6149253845214844,0.35597798228263855
YNL191W,YGL139W,0,1.013069,0.1479530781507492,0.6149253845214844,0.35607802867889404
YDR532C,YFL043C,0,1.0128707,0.14791765809059143,0.6149253845214844,0.35617807507514954
YER036C,YER006W,0,1.0119596,0.14788226783275604,0.6149253845214844,0.3562781512737274
YDR463W,YMR051C,0,1.011015,0.14784689247608185,0.6149253845214844,0.3563781976699829
YKR029C,YLR453C,0,1.0109997,0.14781153202056885,0.6149253845214844,0.3564782440662384
YPL081W,YOR205C,0,1.0109566,0.14777618646621704,0.6149253845214844,0.3565782904624939
YHR052W,YLR157C-B,0,1.0108254,0.14774085581302643,0.6149253845214844,0.3566783368587494
YML113W,YNL318C,0,1.0106947,0.147705540060997,0.6149253845214844,0.3567783832550049
YJL102W,YFR038W,0,1.0102739,0.14767025411128998,0.6149253845214844,0.3568784296512604
YJR161C,YHR042W,0,1.0102355,0.14763496816158295,0.6149253845214844,0.35697847604751587
YGL173C,YEL051W,0,1.0101924,0.1475997120141983,0.6149253845214844,0.35707855224609375
YDR153C,YBL058W,0,1.009988,0.14756447076797485,0.6149253845214844,0.35717859864234924
YDR088C,YGL039W,0,1.0098802,0.1475292444229126,0.6149253845214844,0.35727864503860474
YAL007C,YHR210C,0,1.0093646,0.14749403297901154,0.6149253845214844,0.35737869143486023
YPL163C,YBL045C,0,1.009228,0.14745883643627167,0.6149253845214844,0.3574787378311157
YDR432W,YGL058W,0,1.0087701,0.1474236696958542,0.6149253845214844,0.3575787842273712
YDR440W,YJR032W,0,1.0086278,0.1473885029554367,0.6149253845214844,0.3576788306236267
YCR014C,YFL042C,0,1.008414,0.1473533660173416,0.6149253845214844,0.3577788770198822
YER108C,YJL216C,0,1.0083573,0.14731822907924652,0.6149253845214844,0.3578789532184601
YNL157W,YGL014W,1,1.0082042,0.14752145111560822,0.6159204244613647,0.3578789532184601
YLR173W,YMR074C,0,1.0079894,0.14748629927635193,0.6159204244613647,0.3579789996147156
YDR440W,YIR021W,0,1.0076301,0.14745116233825684,0.6159204244613647,0.35807904601097107
YKR017C,YCL057W,0,1.0074686,0.14741605520248413,0.6159204244613647,0.35817909240722656
YCL021W-A,YIL062C,0,1.0073541,0.14738094806671143,0.6159204244613647,0.35827913880348206
YOR358W,YJL072C,0,1.0073519,0.1473458707332611,0.6159204244613647,0.35837918519973755
YPR025C,YMR039C,0,1.0069902,0.14731080830097198,0.6159204244613647,0.35847923159599304
YMR031C,YBR298C,0,1.0060885,0.14727576076984406,0.6159204244613647,0.35857927799224854
YHR047C,YDL114W,0,1.0057702,0.14724072813987732,0.6159204244613647,0.3586793541908264
YDL085W,YOR093C,0,1.005611,0.14720571041107178,0.6159204244613647,0.3587794005870819
YNR062C,YKR001C,0,1.0054715,0.14717070758342743,0.6159204244613647,0.3588794469833374
YHR168W,YIR024C,0,1.0054522,0.14713571965694427,0.6159204244613647,0.3589794933795929
YMR263W,YGR276C,0,1.0054386,0.1471007615327835,0.6159204244613647,0.3590795397758484
YLR001C,YPL239W,0,1.0054283,0.14706581830978394,0.6159204244613647,0.3591795861721039
YDR527W,YDR270W,0,1.0053779,0.14703087508678436,0.6159204244613647,0.3592796325683594
YJL090C,YJL162C,0,1.0052762,0.14699596166610718,0.6159204244613647,0.35937967896461487
YPL014W,YKR083C,0,1.0049989,0.1469610631465912,0.6159204244613647,0.35947972536087036
YPL271W,YDL247W,0,1.0049739,0.1469261795282364,0.6159204244613647,0.35957980155944824
YPL280W,YDR210C-D,0,1.0049125,0.14689131081104279,0.6159204244613647,0.35967984795570374
YPL220W,YPL010W,0,1.0048144,0.14685647189617157,0.6159204244613647,0.35977989435195923
YOR294W,YCL074W,0,1.0046365,0.14682163298130035,0.6159204244613647,0.3598799407482147
YDR437W,YMR077C,0,1.0045086,0.14678680896759033,0.6159204244613647,0.3599799871444702
YGL230C,YNR063W,0,1.003689,0.1467520147562027,0.6159204244613647,0.3600800335407257
YJL014W,YKL062W,0,1.0035613,0.14671723544597626,0.6159204244613647,0.3601800799369812
YOL033W,YEL029C,0,1.0030804,0.146682471036911,0.6159204244613647,0.3602801263332367
YIL082W-A,YBR059C,0,1.002919,0.14664770662784576,0.6159204244613647,0.3603802025318146
YOR191W,YDR198C,0,1.0029144,0.1466129869222641,0.6159204244613647,0.36048024892807007
YPL127C,YJL030W,0,1.0028218,0.14657826721668243,0.6159204244613647,0.36058029532432556
YIL041W,YLR190W,0,1.0026556,0.14654356241226196,0.6159204244613647,0.36068034172058105
YGL187C,YKL211C,0,1.0025461,0.14650887250900269,0.6159204244613647,0.36078038811683655
YGR096W,YGL139W,0,1.0023692,0.1464742124080658,0.6159204244613647,0.36088043451309204
YNR048W,YOR211C,0,1.0019239,0.1464395523071289,0.6159204244613647,0.36098048090934753
YDR296W,YLR466W,0,1.0018492,0.1464049220085144,0.6159204244613647,0.361080527305603
YLR391W-A,YOL125W,0,1.0016721,0.1463703066110611,0.6159204244613647,0.3611806035041809
YDR421W,YGL244W,0,1.0012298,0.1463356912136078,0.6159204244613647,0.3612806499004364
YPL090C,YJL191W,0,1.0010531,0.14630110561847687,0.6159204244613647,0.3613806962966919
YKL013C,YML081C-A,0,1.0010402,0.14626653492450714,0.6159204244613647,0.3614807426929474
YER108C,YOR270C,0,1.00084,0.1462319940328598,0.6159204244613647,0.3615807890892029
YDL132W,YMR194C-B,0,1.0006628,0.14619745314121246,0.6159204244613647,0.3616808354854584
YMR040W,YDR116C,0,1.0003271,0.14616292715072632,0.6159204244613647,0.36178088188171387
YLR363C,YBL105C,1,1.0001192,0.1463644951581955,0.6169154047966003,0.36178088188171387
YLR441C,YIL034C,0,0.9997719,0.14632995426654816,0.6169154047966003,0.36188092827796936
YLR165C,YKR061W,0,0.9997062,0.146295428276062,0.6169154047966003,0.36198100447654724
YHR105W,YJL162C,0,0.99935204,0.14626091718673706,0.6169154047966003,0.36208105087280273
YHR094C,YBR136W,0,0.999093,0.1462264209985733,0.6169154047966003,0.3621810972690582
YJL185C,YLR333C,0,0.9989812,0.14619193971157074,0.6169154047966003,0.3622811436653137
YCL075W,YGR005C,0,0.99835867,0.14615747332572937,0.6169154047966003,0.3623811900615692
YGR148C,YPL130W,0,0.9983122,0.1461230218410492,0.6169154047966003,0.3624812364578247
YOR190W,YMR073C,0,0.99810714,0.1460886001586914,0.6169154047966003,0.3625812828540802
YMR272C,YPL196W,0,0.99744993,0.14605417847633362,0.6169154047966003,0.3626813292503357
YJL133W,YOR343C-A,0,0.9973604,0.14601978659629822,0.6169154047966003,0.3627814054489136
YDL160C,YBL105C,1,0.99714285,0.146220862865448,0.6179104447364807,0.3627814054489136
YGR215W,YCR095C,0,0.99708146,0.1461864411830902,0.6179104447364807,0.36288145184516907
YFR015C,YHR214W-G,0,0.99681646,0.14615203440189362,0.6179104447364807,0.36298149824142456
YOL042W,YGR158C,1,0.9965294,0.14635294675827026,0.6189054846763611,0.36298149824142456
YOR396W,YDR384C,0,0.9950971,0.14631851017475128,0.6189054846763611,0.36308154463768005
YOR083W,YDR128W,0,0.99457735,0.1462841033935547,0.6189054846763611,0.36318159103393555
YDR098C-B,YDR210W-D,0,0.99436516,0.1462497115135193,0.6189054846763611,0.36328163743019104
YCR084C,YDR448W,0,0.99422306,0.1462153196334839,0.6189054846763611,0.36338168382644653
YKL126W,YGR083C,0,0.9941837,0.14618095755577087,0.6189054846763611,0.363481730222702
YPL014W,YMR282C,0,0.9939199,0.14614661037921906,0.6189054846763611,0.3635817766189575
YDL085W,YLL033W,0,0.99340576,0.14611229300498962,0.6189054846763611,0.3636818528175354
YER130C,YPL009C,0,0.9933056,0.1460779756307602,0.6189054846763611,0.3637818992137909
YLR419W,YHR162W,0,0.9931974,0.14604367315769196,0.6189054846763611,0.3638819456100464
YNL202W,YLR372W,0,0.99309,0.1460093855857849,0.6189054846763611,0.3639819920063019
YMR029C,YOR213C,0,0.99254745,0.14597512781620026,0.6189054846763611,0.3640820384025574
YML097C,YBR025C,0,0.9925439,0.1459408700466156,0.6189054846763611,0.36418208479881287
YKL037W,YCR048W,0,0.99251145,0.14590664207935333,0.6189054846763611,0.36428213119506836
YBR008C,YMR274C,0,0.99201614,0.14587241411209106,0.6189054846763611,0.36438217759132385
YDL223C,YKL216W,0,0.99194473,0.14583821594715118,0.6189054846763611,0.36448225378990173
YNL283C,YER169W,0,0.9918906,0.1458040326833725,0.6189054846763611,0.3645823001861572
YKR061W,YOR124C,0,0.9914383,0.145769864320755,0.6189054846763611,0.3646823465824127
YDR324C,YGL058W,0,0.9914188,0.1457357108592987,0.6189054846763611,0.3647823929786682
YNL025C,YBR202W,0,0.99131876,0.1457015722990036,0.6189054846763611,0.3648824393749237
YHR214C-C,YLR135W,0,0.9912825,0.1456674486398697,0.6189054846763611,0.3649824857711792
YOL148C,YER169W,0,0.99120027,0.14563333988189697,0.6189054846763611,0.3650825321674347
YGL147C,YDL128W,0,0.99077517,0.14559924602508545,0.6189054846763611,0.3651825785636902
YJR131W,YCR057C,0,0.99020237,0.1455651819705963,0.6189054846763611,0.36528265476226807
YGR275W,YJL187C,0,0.9897917,0.14553111791610718,0.6189054846763611,0.36538270115852356
YMR243C,YER164W,0,0.98968786,0.14549706876277924,0.6189054846763611,0.36548274755477905
YDR483W,YPL137C,0,0.9894323,0.14546304941177368,0.6189054846763611,0.36558279395103455
YNL221C,YBR170C,1,0.9891321,0.1456628441810608,0.6199005246162415,0.36558279395103455
YPL190C,YFL038C,1,0.9890594,0.14586254954338074,0.620895504951477,0.36558279395103455
YOR063W,YLR095C,0,0.9886398,0.1458284705877304,0.620895504951477,0.36568284034729004
YMR211W,YJR137C,0,0.9885773,0.14579439163208008,0.620895504951477,0.36578288674354553
YPR025C,YLR441C,0,0.98834294,0.14576034247875214,0.620895504951477,0.365882933139801
YCL008C,YKL216W,0,0.98810786,0.1457262933254242,0.620895504951477,0.3659829795360565
YLR391W-A,YHR076W,0,0.98802704,0.14569227397441864,0.620895504951477,0.3660830557346344
YPL280W,YFR031C,0,0.98755306,0.14565826952457428,0.620895504951477,0.3661831021308899
YMR133W,YDL229W,0,0.987508,0.14562426507472992,0.620895504951477,0.3662831485271454
YDR490C,YHR077C,1,0.9874963,0.1458236128091812,0.6218905448913574,0.3662831485271454
YEL062W,YOR359W,0,0.987328,0.14578959345817566,0.6218905448913574,0.3663831949234009
YNL256W,YGR140W,0,0.98728913,0.1457556039094925,0.6218905448913574,0.36648324131965637
YOL137W,YOL059W,0,0.987163,0.14572161436080933,0.6218905448913574,0.36658328771591187
YCL008C,YOR211C,0,0.98686403,0.14568763971328735,0.6218905448913574,0.36668333411216736
YLR391W-A,YPR088C,0,0.9866348,0.14565369486808777,0.6218905448913574,0.36678338050842285
YLR099W-A,YJR103W,0,0.98657817,0.14561976492404938,0.6218905448913574,0.36688342690467834
YKR036C,YHR033W,0,0.98648685,0.145585834980011,0.6218905448913574,0.3669835031032562
YBR109C,YPR011C,0,0.9864442,0.14555193483829498,0.6218905448913574,0.3670835494995117
YNL314W,YMR049C,0,0.9857504,0.14551804959774017,0.6218905448913574,0.3671835958957672
YDR261C-C,YER108C,0,0.9857376,0.14548416435718536,0.6218905448913574,0.3672836422920227
YLR173W,YLR099W-A,0,0.9842214,0.14545030891895294,0.6218905448913574,0.3673836886882782
YER154W,YIL134W,0,0.98421866,0.1454164683818817,0.6218905448913574,0.3674837350845337
YDR463W,YJR112W-A,0,0.9840931,0.14538264274597168,0.6218905448913574,0.3675837814807892
YML118W,YDR147W,0,0.98375374,0.14534883201122284,0.6218905448913574,0.3676838278770447
YIL154C,YKL060C,0,0.9837299,0.1453150361776352,0.6218905448913574,0.36778390407562256
YLR227C,YIL154C,0,0.9835693,0.14528127014636993,0.6218905448913574,0.36788395047187805
YPL220W,YCL067C,0,0.9832229,0.14524750411510468,0.6218905448913574,0.36798399686813354
YDL109C,YKR003W,0,0.9830405,0.1452137529850006,0.6218905448913574,0.36808404326438904
YOR359W,YHR024C,0,0.98293656,0.14518001675605774,0.6218905448913574,0.36818408966064453
YLR098C,YLR430W,0,0.98277956,0.14514631032943726,0.6218905448913574,0.3682841360569
YMR315W,YNL006W,0,0.98264855,0.14511260390281677,0.6218905448913574,0.3683841824531555
YLR099W-A,YPL202C,0,0.98254603,0.14507892727851868,0.6218905448913574,0.368484228849411
YMR031C,YML024W,0,0.9824334,0.14504525065422058,0.6218905448913574,0.3685843050479889
YNR062C,YCR092C,0,0.98235077,0.14501160383224487,0.6218905448913574,0.3686843514442444
YJL127C-B,YER088C,0,0.9822772,0.14497795701026917,0.6218905448913574,0.3687843978404999
YJL178C,YNL218W,0,0.98204046,0.14494433999061584,0.6218905448913574,0.36888444423675537
YDL079C,YLR183C,0,0.981659,0.14491073787212372,0.6218905448913574,0.36898449063301086
YNL124W,YLR238W,0,0.98147756,0.14487715065479279,0.6218905448913574,0.36908453702926636
YKL059C,YLR319C,0,0.9814448,0.14484356343746185,0.6218905448913574,0.36918458342552185
YMR215W,YLL007C,0,0.9814413,0.1448100060224533,0.6218905448913574,0.36928462982177734
YML067C,YPR088C,0,0.9810886,0.14477646350860596,0.6218905448913574,0.3693847060203552
YJL209W,YGL246C,1,0.98103637,0.14497452974319458,0.6228855848312378,0.3693847060203552
YAR044W,YLR114C,0,0.980882,0.14494095742702484,0.6228855848312378,0.3694847524166107
YGL051W,YER089C,0,0.9807045,0.1449074000120163,0.6228855848312378,0.3695847988128662
YDL171C,YNL240C,0,0.9805719,0.14487387239933014,0.6228855848312378,0.3696848452091217
YIL065C,YBL042C,0,0.98014826,0.14484034478664398,0.6228855848312378,0.3697848916053772
YKR051W,YHL024W,0,0.9799431,0.1448068469762802,0.6228855848312378,0.3698849380016327
YGR255C,YNR071C,0,0.9798992,0.14477336406707764,0.6228855848312378,0.3699849843978882
YGL243W,YDL247W,0,0.9798717,0.14473988115787506,0.6228855848312378,0.3700850307941437
YLR086W,YKL221W,0,0.979811,0.14470642805099487,0.6228855848312378,0.37018510699272156
YJL090C,YPR085C,0,0.97963005,0.14467298984527588,0.6228855848312378,0.37028515338897705
YGR067C,YHR070W,0,0.97905606,0.14463955163955688,0.6228855848312378,0.37038519978523254
YNL081C,YMR077C,0,0.97897595,0.14460614323616028,0.6228855848312378,0.37048524618148804
YGR264C,YDR218C,0,0.9788416,0.14457274973392487,0.6228855848312378,0.37058529257774353
YIL115C,YGR279C,0,0.9785237,0.14453937113285065,0.6228855848312378,0.370685338973999
YJL185C,YMR142C,0,0.9781205,0.14450600743293762,0.6228855848312378,0.3707853853702545
YCR106W,YDL047W,0,0.9780702,0.1444726586341858,0.6228855848312378,0.37088543176651
YLR287C,YJR029W,0,0.9779497,0.14443930983543396,0.6228855848312378,0.3709854781627655
YLR081W,YCR100C,0,0.9778772,0.14440599083900452,0.6228855848312378,0.3710855543613434
YPL220W,YGR058W,0,0.9776791,0.14437268674373627,0.6228855848312378,0.3711856007575989
YOR003W,YNL069C,0,0.97719365,0.1443394124507904,0.6228855848312378,0.37128564715385437
YER073W,YJL216C,0,0.97679275,0.14430613815784454,0.6228855848312378,0.37138569355010986
YBR235W,YHR204W,0,0.9767254,0.14427287876605988,0.6228855848312378,0.37148573994636536
YER159C,YGL009C,0,0.9765182,0.1442396342754364,0.6228855848312378,0.37158578634262085
YDR325W,YGL170C,0,0.9764256,0.14420640468597412,0.6228855848312378,0.37168583273887634
YKR023W,YIL154C,0,0.97625345,0.14417318999767303,0.6228855848312378,0.37178587913513184
YGL170C,YDR469W,0,0.97618145,0.14413999021053314,0.6228855848312378,0.3718859553337097
YAL019W,YDL101C,0,0.9755569,0.14410682022571564,0.6228855848312378,0.3719860017299652
YNL142W,YGR075C,0,0.9755557,0.14407365024089813,0.6228855848312378,0.3720860481262207
YPR198W,YIL096C,0,0.9752838,0.14404049515724182,0.6228855848312378,0.3721860945224762
YNL084C,YNL218W,0,0.9751734,0.1440073549747467,0.6228855848312378,0.3722861409187317
YPR120C,YDL044C,0,0.97504085,0.14397424459457397,0.6228855848312378,0.3723861873149872
YHR010W,YIL062C,0,0.9750299,0.14394113421440125,0.6228855848312378,0.3724862337112427
YOR255W,YGL226C-A,0,0.9749699,0.1439080387353897,0.6228855848312378,0.37258628010749817
YLR375W,YDR481C,0,0.9749685,0.14387497305870056,0.6228855848312378,0.37268635630607605
YBR163W,YBR122C,0,0.97482604,0.1438419073820114,0.6228855848312378,0.37278640270233154
YLL053C,YHR019C,0,0.9743766,0.14380887150764465,0.6228855848312378,0.37288644909858704
YLL057C,YDR153C,0,0.974165,0.1437758356332779,0.6228855848312378,0.37298649549484253
YER108C,YDR519W,0,0.9735549,0.14374282956123352,0.6228855848312378,0.373086541891098
YNR036C,YLR375W,0,0.9732111,0.14370982348918915,0.6228855848312378,0.3731865882873535
YNL081C,YMR046C,0,0.97307914,0.14367684721946716,0.6228855848312378,0.373286634683609
YNR030W,YNL075W,0,0.97221154,0.14364387094974518,0.6228855848312378,0.3733866810798645
YKR103W,YLR319C,0,0.9713525,0.14361092448234558,0.6228855848312378,0.3734867572784424
YOR319W,YBR004C,0,0.97132343,0.14357797801494598,0.6228855848312378,0.3735868036746979
YOL137W,YCR100C,0,0.9711165,0.14354506134986877,0.6228855848312378,0.37368685007095337
YIL102C-A,YOR176W,0,0.9710123,0.14351214468479156,0.6228855848312378,0.37378689646720886
YPR129W,YML038C,0,0.9710054,0.14347925782203674,0.6228855848312378,0.37388694286346436
YBR106W,YLL006W,0,0.97071534,0.14344638586044312,0.6228855848312378,0.37398698925971985
YIL004C,YDR264C,0,0.97041124,0.1434135138988495,0.6228855848312378,0.37408703565597534
YMR174C,YLR099W-A,0,0.9703447,0.14338067173957825,0.6228855848312378,0.37418708205223083
YBR188C,YNR011C,0,0.9703397,0.143347829580307,0.6228855848312378,0.3742871582508087
YAL007C,YGL237C,0,0.969567,0.14331501722335815,0.6228855848312378,0.3743872046470642
YPL159C,YKR085C,0,0.9695057,0.1432822197675705,0.6228855848312378,0.3744872510433197
YFL035C,YNR023W,0,0.9694436,0.14324942231178284,0.6228855848312378,0.3745872974395752
YBR191W,YER157W,0,0.9691877,0.14321665465831757,0.6228855848312378,0.3746873438358307
YOR032C,YLL061W,0,0.96861917,0.1431839019060135,0.6228855848312378,0.3747873902320862
YHL024W,YDL201W,0,0.9686145,0.1431511491537094,0.6228855848312378,0.3748874366283417
YPL280W,YOL144W,0,0.9684872,0.14311842620372772,0.6228855848312378,0.37498748302459717
YJL107C,YGL039W,0,0.9681584,0.14308571815490723,0.6228855848312378,0.37508752942085266
YGR169C-A,YLR333C,0,0.96794134,0.14305301010608673,0.6228855848312378,0.37518760561943054
YER015W,YCL075W,0,0.9679144,0.14302033185958862,0.6228855848312378,0.37528765201568604
YML015C,YGR175C,0,0.96786755,0.1429876685142517,0.6228855848312378,0.37538769841194153
YHR177W,YDR468C,0,0.96786493,0.1429550051689148,0.6228855848312378,0.375487744808197
YGR255C,YGR104C,0,0.96785,0.14292237162590027,0.6228855848312378,0.3755877912044525
YNR010W,YBL039C,0,0.96774536,0.14288975298404694,0.6228855848312378,0.375687837600708
YLR391W-A,YER068W,0,0.9676406,0.1428571492433548,0.6228855848312378,0.3757878839969635
YKL060C,YNR073C,0,0.96763927,0.14282454550266266,0.6228855848312378,0.375887930393219
YOR032C,YER101C,0,0.96747977,0.1427919715642929,0.6228855848312378,0.3759880065917969
YBR040W,YPR098C,0,0.9674451,0.14275941252708435,0.6228855848312378,0.37608805298805237
YBR009C,YMR039C,0,0.9673659,0.1427268534898758,0.6228855848312378,0.37618809938430786
YCR014C,YNL325C,0,0.96727127,0.14269432425498962,0.6228855848312378,0.37628814578056335
YLR095C,YOR167C,0,0.9672013,0.14266180992126465,0.6228855848312378,0.37638819217681885
YOR119C,YOR283W,0,0.9666876,0.14262929558753967,0.6228855848312378,0.37648823857307434
YPR196W,YHR214C-C,0,0.9666483,0.14259681105613708,0.6228855848312378,0.37658828496932983
YPR009W,YGR052W,0,0.9663283,0.1425643414258957,0.6228855848312378,0.3766883313655853
YOR176W,YPL021W,0,0.9660488,0.1425318717956543,0.6228855848312378,0.3767884075641632
YKL060C,YDL178W,0,0.96585935,0.1424994319677353,0.6228855848312378,0.3768884539604187
YKR051W,YBR181C,0,0.96532834,0.14246700704097748,0.6228855848312378,0.3769885003566742
YMR039C,YKL217W,0,0.9652087,0.14243458211421967,0.6228855848312378,0.3770885467529297
YOL149W,YPR072W,1,0.9644776,0.14262966811656952,0.6238806247711182,0.3770885467529297
YLR023C,YJL069C,0,0.9636568,0.1425972282886505,0.6238806247711182,0.3771885931491852
YNL224C,YKR099C-A,0,0.96337205,0.1425648033618927,0.6238806247711182,0.3772886395454407
YPL252C,YHR077C,0,0.9633619,0.14253239333629608,0.6238806247711182,0.37738868594169617
YOR176W,YJL225C,0,0.9628884,0.14249999821186066,0.6238806247711182,0.37748873233795166
YGR195W,YNR063W,0,0.96280366,0.14246761798858643,0.6238806247711182,0.37758880853652954
YCL001W-A,YHR115C,0,0.96248084,0.1424352526664734,0.6238806247711182,0.37768885493278503
YML024W,YIL064W,0,0.9620393,0.14240290224552155,0.6238806247711182,0.3777889013290405
YBR290W,YMR044W,0,0.9619702,0.1423705667257309,0.6238806247711182,0.377888947725296
YJL127C-B,YMR315W,0,0.96193385,0.14233824610710144,0.6238806247711182,0.3779889941215515
YPR086W,YPR158C-D,0,0.9613433,0.14230594038963318,0.6238806247711182,0.378089040517807
YLL053C,YHR172W,0,0.9606816,0.1422736495733261,0.6238806247711182,0.3781890869140625
YJR113C,YOR177C,0,0.96067566,0.14224137365818024,0.6238806247711182,0.378289133310318
YBR181C,YLR114C,0,0.9604588,0.14220911264419556,0.6238806247711182,0.3783891797065735
YML023C,YCR102C,0,0.96012384,0.14217686653137207,0.6238806247711182,0.37848925590515137
YKR081C,YDR380W,0,0.95990866,0.14214463531970978,0.6238806247711182,0.37858930230140686
YGL170C,YOR315W,0,0.9598757,0.14211241900920868,0.6238806247711182,0.37868934869766235
YDR440W,YKL054C,0,0.9598242,0.14208021759986877,0.6238806247711182,0.37878939509391785
YGR129W,YBL103C,0,0.95976186,0.14204803109169006,0.6238806247711182,0.37888944149017334
YCR102C,YLR074C,0,0.95970523,0.14201585948467255,0.6238806247711182,0.37898948788642883
YHL039W,YDL079C,0,0.95960015,0.14198370277881622,0.6238806247711182,0.3790895342826843
YIL118W,YOR125C,0,0.95939684,0.1419515460729599,0.6238806247711182,0.3791895806789398
YOR176W,YJL006C,0,0.9591753,0.14191941916942596,0.6238806247711182,0.3792896568775177
YNL115C,YMR142C,0,0.9590246,0.14188730716705322,0.6238806247711182,0.3793897032737732
YJL208C,YHL024W,0,0.9588818,0.14185521006584167,0.6238806247711182,0.3794897496700287
YJL173C,YOR003W,0,0.958404,0.14182311296463013,0.6238806247711182,0.3795897960662842
YKR036C,YDR469W,0,0.9583798,0.14179104566574097,0.6238806247711182,0.3796898424625397
YJL209W,YLL013C,1,0.95835096,0.14198507368564606,0.6248756051063538,0.3796898424625397
YPL271W,YGL045W,0,0.95790905,0.1419529765844345,0.6248756051063538,0.37978988885879517
YPL049C,YBR044C,0,0.95749986,0.14192090928554535,0.6248756051063538,0.37988993525505066
YDR210W-D,YGR083C,0,0.95699555,0.1418888419866562,0.6248756051063538,0.37998998165130615
YMR060C,YLR097C,0,0.95694,0.14185678958892822,0.6248756051063538,0.38009005784988403
YCR106W,YDR302W,0,0.95688397,0.14182475209236145,0.6248756051063538,0.3801901042461395
YEL038W,YDR210C-D,0,0.95658225,0.14179272949695587,0.6248756051063538,0.380290150642395
YGR217W,YDR174W,0,0.95647275,0.1417607218027115,0.6248756051063538,0.3803901970386505
YCL001W-B,YHR210C,0,0.95639575,0.1417287290096283,0.6248756051063538,0.380490243434906
YKL149C,YDR117C,0,0.95608574,0.1416967511177063,0.6248756051063538,0.3805902898311615
YOR264W,YJL133W,0,0.9560043,0.1416647881269455,0.6248756051063538,0.380690336227417
YGR129W,YNL284C-B,0,0.95522946,0.1416328400373459,0.6248756051063538,0.3807903826236725
YNL121C,YMR142C,0,0.95500726,0.14160090684890747,0.6248756051063538,0.38089045882225037
YDR183W,YBR004C,0,0.9549864,0.14156897366046906,0.6248756051063538,0.38099050521850586
YDR346C,YLR455W,0,0.954756,0.14153707027435303,0.6248756051063538,0.38109055161476135
YBR175W,YLR423C,0,0.9545424,0.1415051817893982,0.6248756051063538,0.38119059801101685
YOR304C-A,YMR160W,0,0.9543761,0.14147330820560455,0.6248756051063538,0.38129064440727234
YIR014W,YBL023C,0,0.9543306,0.1414414346218109,0.6248756051063538,0.38139069080352783
YMR264W,YCR092C,0,0.95376796,0.14140959084033966,0.6248756051063538,0.3814907371997833
YML033W,YNL167C,0,0.9535763,0.1413777619600296,0.6248756051063538,0.3815907835960388
YLR227C,YCR102C,0,0.9533559,0.14134593307971954,0.6248756051063538,0.3816908597946167
YPL002C,YJL190C,0,0.95334166,0.14131413400173187,0.6248756051063538,0.3817909061908722
YNL251C,YJL087C,1,0.9531505,0.1415073126554489,0.6258706450462341,0.3817909061908722
YKL220C,YIL038C,1,0.95249647,0.1417004019021988,0.6268656849861145,0.3817909061908722
YGR047C,YJR153W,0,0.9524951,0.14166854321956635,0.6268656849861145,0.3818909525871277
YJR074W,YJL014W,0,0.95248336,0.1416366845369339,0.6268656849861145,0.3819909989833832
YPR193C,YMR196W,0,0.9523907,0.14160485565662384,0.6268656849861145,0.38209104537963867
YBR177C,YPR036W-A,0,0.95171344,0.14157302677631378,0.6268656849861145,0.38219109177589417
YOR194C,YDL025C,0,0.9515589,0.1415412276983261,0.6268656849861145,0.38229113817214966
YDR040C,YGL058W,0,0.95137024,0.14150942862033844,0.6268656849861145,0.38239118456840515
YJR131W,YJR049C,0,0.95081246,0.14147765934467316,0.6268656849861145,0.38249123096466064
YGL148W,YHR122W,0,0.95072716,0.14144589006900787,0.6268656849861145,0.3825913071632385
YMR076C,YER181C,0,0.9506997,0.14141413569450378,0.6268656849861145,0.382691353559494
YPR003C,YLR441C,0,0.9505574,0.14138241112232208,0.6268656849861145,0.3827913999557495
YCL059C,YCL026C-B,0,0.9504541,0.14135068655014038,0.6268656849861145,0.382891446352005
YFR030W,YLL061W,0,0.9503717,0.14131897687911987,0.6268656849861145,0.3829914927482605
YNL264C,YGL259W,0,0.9503512,0.14128728210926056,0.6268656849861145,0.383091539144516
YCL005W-A,YOR010C,0,0.9503049,0.14125560224056244,0.6268656849861145,0.3831915855407715
YGL135W,YIL118W,0,0.9498479,0.1412239372730255,0.6268656849861145,0.383291631937027
YMR264W,YPL041C,0,0.9497949,0.14119228720664978,0.6268656849861145,0.38339170813560486
YLR048W,YPR158W-A,0,0.9491201,0.14116065204143524,0.6268656849861145,0.38349175453186035
YIL117C,YER137C-A,0,0.9488357,0.1411290317773819,0.6268656849861145,0.38359180092811584
YLR154W-C,YML038C,0,0.9486544,0.14109742641448975,0.6268656849861145,0.38369184732437134
YNL167C,YER118C,0,0.94863516,0.1410658359527588,0.6268656849861145,0.38379189372062683
YAR009C,YNR060W,0,0.9485159,0.14103424549102783,0.6268656849861145,0.3838919401168823
YJL104W,YBR208C,0,0.9483867,0.14100268483161926,0.6268656849861145,0.3839919865131378
YHR168W,YGL245W,0,0.9481778,0.1409711390733719,0.6268656849861145,0.3840920329093933
YML066C,YGR083C,0,0.94774145,0.1409395933151245,0.6268656849861145,0.3841921091079712
YBL098W,YGR078C,0,0.94770885,0.14090807735919952,0.6268656849861145,0.3842921555042267
YNL147W,YGR048W,1,0.94768417,0.1411001831293106,0.6278607249259949,0.3842921555042267
YNL251C,YML118W,1,0.947367,0.14129219949245453,0.6288557052612305,0.3842921555042267
YHR122W,YLR060W,0,0.94728726,0.14126062393188477,0.6288557052612305,0.3843922019004822
YGR235C,YEL052W,0,0.94697267,0.141229048371315,0.6288557052612305,0.38449224829673767
YKR075C,YPL040C,0,0.94641536,0.14119750261306763,0.6288557052612305,0.38459229469299316
YNR055C,YLR157C-B,0,0.94632107,0.14116595685482025,0.6288557052612305,0.38469234108924866
YHL009W-B,YBL039W-A,0,0.9461674,0.14113444089889526,0.6288557052612305,0.38479238748550415
YGR157W,YCL074W,0,0.9461455,0.14110292494297028,0.6288557052612305,0.38489243388175964
YCR026C,YLL061W,0,0.94569665,0.14107142388820648,0.6288557052612305,0.3849925100803375
YKR001C,YLR004C,0,0.9455752,0.14103995263576508,0.6288557052612305,0.385092556476593
YJL090C,YPR158C-D,0,0.94534767,0.14100848138332367,0.6288557052612305,0.3851926028728485
YHL040C,YNL323W,0,0.94530827,0.14097702503204346,0.6288557052612305,0.385292649269104
YIL151C,YER165W,1,0.9452245,0.14116859436035156,0.6298507452011108,0.385292649269104
YIL015W,YNR027W,0,0.9451539,0.14113712310791016,0.6298507452011108,0.3853926956653595
YPR196W,YPR035W,0,0.94513,0.14110566675662994,0.6298507452011108,0.385492742061615
YCL001W-A,YPR105C,0,0.9446868,0.14107421040534973,0.6298507452011108,0.3855927884578705
YER092W,YFL023W,0,0.944503,0.1410427838563919,0.6298507452011108,0.385692834854126
YOR396W,YBR109C,0,0.94425493,0.14101135730743408,0.6298507452011108,0.38579291105270386
YDR151C,YMR046C,0,0.94421405,0.14097996056079865,0.6298507452011108,0.38589295744895935
YGR048W,YPR072W,1,0.9434468,0.14117123186588287,0.6308457851409912,0.38589295744895935
YIL087C,YKR075C,0,0.94342977,0.14113980531692505,0.6308457851409912,0.38599300384521484
YEL077C,YNL284C-B,0,0.94288456,0.14110839366912842,0.6308457851409912,0.38609305024147034
YIR014W,YOL124C,0,0.94268364,0.14107699692249298,0.6308457851409912,0.38619309663772583
YKR101W,YHR033W,0,0.94266593,0.14104560017585754,0.6308457851409912,0.3862931430339813
YML010W,YPL137C,0,0.9426205,0.1410142332315445,0.6308457851409912,0.3863931894302368
YIL030C,YJR153W,0,0.94260865,0.14098288118839264,0.6308457851409912,0.3864932358264923
YDL175C,YER112W,1,0.9425821,0.141173854470253,0.6318408250808716,0.3864932358264923
YBL032W,YLR095C,0,0.942508,0.14114247262477875,0.6318408250808716,0.3865932822227478
YKR031C,YLL025W,0,0.94231665,0.1411111056804657,0.6318408250808716,0.3866933584213257
YFL053W,YMR172W,0,0.94213825,0.14107975363731384,0.6318408250808716,0.3867934048175812
YMR256C,YKL200C,0,0.94183177,0.14104841649532318,0.6318408250808716,0.38689345121383667
YDL064W,YGL258W,0,0.94173557,0.1410170942544937,0.6318408250808716,0.38699349761009216
YIL087C,YMR024W,0,0.94165456,0.14098578691482544,0.6318408250808716,0.38709354400634766
YPR085C,YNL284C-B,0,0.9413123,0.14095449447631836,0.6318408250808716,0.38719359040260315
YDR034W-B,YNL196C,0,0.941233,0.14092321693897247,0.6318408250808716,0.38729363679885864
YIL005W,YDR196C,0,0.94082624,0.1408919394016266,0.6318408250808716,0.38739368319511414
YPL036W,YJL185C,0,0.9404388,0.1408606916666031,0.6318408250808716,0.387493759393692
YKL200C,YML001W,0,0.94021535,0.14082945883274078,0.6318408250808716,0.3875938057899475
YMR263W,YGL207W,0,0.94015384,0.14079822599887848,0.6318408250808716,0.387693852186203
YKL059C,YML066C,0,0.94010466,0.14076700806617737,0.6318408250808716,0.3877938985824585
YKR036C,YOR141C,0,0.9399895,0.14073581993579865,0.6318408250808716,0.387893944978714
YBR181C,YDR178W,0,0.93998086,0.14070463180541992,0.6318408250808716,0.3879939913749695
YDL085W,YDR020C,0,0.9399803,0.1406734585762024,0.6318408250808716,0.388094037771225
YGR179C,YCR053W,0,0.9397184,0.14064230024814606,0.6318408250808716,0.38819408416748047
YDR266C,YIR033W,1,0.9392341,0.1408325880765915,0.6328358054161072,0.38819408416748047
YIL087C,YER137C-A,0,0.93893856,0.14080141484737396,0.6328358054161072,0.38829416036605835
YOR042W,YOL076W,0,0.9387611,0.14077025651931763,0.6328358054161072,0.38839420676231384
YPR098C,YML066C,0,0.9386147,0.1407390981912613,0.6328358054161072,0.38849425315856934
YHR046C,YDR393W,0,0.93830055,0.14070796966552734,0.6328358054161072,0.38859429955482483
YKL190W,YFR032C-A,0,0.93822545,0.1406768411397934,0.6328358054161072,0.3886943459510803
YML046W,YDR189W,0,0.93805295,0.14064572751522064,0.6328358054161072,0.3887943923473358
YHR097C,YGL009C,0,0.9371549,0.14061464369297028,0.6328358054161072,0.3888944387435913
YDL146W,YOR274W,0,0.93681055,0.1405835598707199,0.6328358054161072,0.3889944851398468
YDL046W,YDR210W-D,0,0.93671346,0.14055249094963074,0.6328358054161072,0.3890945613384247
YIL119C,YLR335W,0,0.9366757,0.14052143692970276,0.6328358054161072,0.3891946077346802
YNL240C,YHR123W,0,0.9366372,0.14049039781093597,0.6328358054161072,0.38929465413093567
YPR067W,YNL116W,0,0.93649995,0.1404593586921692,0.6328358054161072,0.38939470052719116
YOR060C,YOR343C-A,0,0.93625504,0.1404283493757248,0.6328358054161072,0.38949474692344666
YCR024C,YNL119W,0,0.93600076,0.1403973549604416,0.6328358054161072,0.38959479331970215
YDR034W-B,YDR210W-D,0,0.9359009,0.1403663605451584,0.6328358054161072,0.38969483971595764
YER159C,YHR019C,0,0.9358332,0.14033539593219757,0.6328358054161072,0.38979488611221313
YPR158W-A,YNL069C,0,0.93567806,0.14030443131923676,0.6328358054161072,0.389894962310791
YBR293W,YEL018W,0,0.93562394,0.14027349650859833,0.6328358054161072,0.3899950087070465
YHR142W,YIL064W,0,0.93550366,0.1402425616979599,0.6328358054161072,0.390095055103302
YLR413W,YCR015C,0,0.9354257,0.14021164178848267,0.6328358054161072,0.3901951014995575
YOR063W,YLR183C,0,0.9354097,0.14018073678016663,0.6328358054161072,0.390295147895813
YGL094C,YPL029W,1,0.9353791,0.1403702050447464,0.6338308453559875,0.390295147895813
YPR036W-A,YOL152W,0,0.93532294,0.14033928513526917,0.6338308453559875,0.3903951942920685
YPR129W,YBR181C,0,0.9347127,0.14030836522579193,0.6338308453559875,0.390495240688324
YOL146W,YNL224C,0,0.93434554,0.14027747511863708,0.6338308453559875,0.39059528708457947
YMR073C,YCR102C,0,0.9343108,0.14024658501148224,0.6338308453559875,0.39069533348083496
YNR010W,YGL009C,0,0.934,0.1402157098054886,0.6338308453559875,0.39079540967941284
YJL214W,YAL054C,0,0.93390113,0.14018486440181732,0.6338308453559875,0.39089545607566833
YBR199W,YPR158W-A,0,0.933477,0.14015401899814606,0.6338308453559875,0.39099550247192383
YLR419W,YPR036W-A,0,0.93346363,0.140123188495636,0.6338308453559875,0.3910955488681793
YLR319C,YOR042W,0,0.93330973,0.1400923728942871,0.6338308453559875,0.3911955952644348
YLR249W,YPL149W,0,0.9330993,0.14006157219409943,0.6338308453559875,0.3912956416606903
YPL090C,YDL043C,0,0.9330959,0.14003077149391174,0.6338308453559875,0.3913956880569458
YJL127C-B,YOR045W,0,0.9328628,0.14000000059604645,0.6338308453559875,0.3914957344532013
YCL001W-A,YGL048C,1,0.9328529,0.14018896222114563,0.6348258852958679,0.3914957344532013
YCL001W-A,YHR051W,0,0.93264085,0.14015817642211914,0.6348258852958679,0.3915958106517792
YER073W,YBR298C,0,0.9325412,0.14012739062309265,0.6348258852958679,0.39169585704803467
YOL149W,YDR370C,1,0.93239695,0.1403162032365799,0.6358209252357483,0.39169585704803467
YLR048W,YDL047W,0,0.93214935,0.1402854025363922,0.6358209252357483,0.39179590344429016
YLR204W,YBL103C-A,0,0.9319679,0.14025461673736572,0.6358209252357483,0.39189594984054565
YBR271W,YGR078C,0,0.9318672,0.14022383093833923,0.6358209252357483,0.39199599623680115
YMR295C,YPR055W,0,0.93168586,0.14019306004047394,0.6358209252357483,0.39209604263305664
YPR035W,YMR297W,0,0.93150955,0.14016231894493103,0.6358209252357483,0.39219608902931213
YLR070C,YKR085C,0,0.9313092,0.14013157784938812,0.6358209252357483,0.3922961354255676
YPL082C,YCR053W,0,0.93114525,0.1401008516550064,0.6358209252357483,0.3923962116241455
YLR135W,YBR217W,0,0.9310368,0.1400701403617859,0.6358209252357483,0.392496258020401
YNL221C,YKL090W,1,0.93058014,0.14025859534740448,0.6368159055709839,0.392496258020401
YNL124W,YLL029W,0,0.93044233,0.14022786915302277,0.6368159055709839,0.3925963044166565
YJL038C,YBR231C,0,0.93009317,0.14019715785980225,0.6368159055709839,0.392696350812912
YJR035W,YDR529C,0,0.9296922,0.14016644656658173,0.6368159055709839,0.3927963972091675
YOL097C,YJL185C,0,0.9294055,0.1401357501745224,0.6368159055709839,0.392896443605423
YGL222C,YBL018C,1,0.9292672,0.14032399654388428,0.6378109455108643,0.392896443605423
YKL211C,YBR172C,0,0.92910165,0.14029328525066376,0.6378109455108643,0.39299649000167847
YPL127C,YJR063W,0,0.9289034,0.14026258885860443,0.6378109455108643,0.39309653639793396
YGR001C,YGR140W,0,0.92863154,0.1402318924665451,0.6378109455108643,0.39319661259651184
YJL006C,YAL048C,0,0.9285766,0.14020122587680817,0.6378109455108643,0.39329665899276733
YKR036C,YPR036W-A,0,0.92839867,0.14017055928707123,0.6378109455108643,0.3933967053890228
YNL202W,YML069W,0,0.9281452,0.14013992249965668,0.6378109455108643,0.3934967517852783
YLL057C,YDR072C,0,0.9281441,0.14010928571224213,0.6378109455108643,0.3935967981815338
YGR094W,YLL042C,0,0.9276147,0.14007867872714996,0.6378109455108643,0.3936968445777893
YHR122W,YKL088W,0,0.92755663,0.1400480717420578,0.6378109455108643,0.3937968909740448
YDR483W,YPL095C,0,0.92752945,0.14001747965812683,0.6378109455108643,0.3938969373703003
YOL107W,YNL054W-B,0,0.9275183,0.13998690247535706,0.6378109455108643,0.3939969837665558
YPR067W,YPL280W,0,0.92704195,0.13995632529258728,0.6378109455108643,0.39409705996513367
YPR186C,YDR001C,0,0.92696947,0.1399257779121399,0.6378109455108643,0.39419710636138916
YJR161C,YLL061W,0,0.9269349,0.1398952454328537,0.6378109455108643,0.39429715275764465
YGR199W,YLR445W,0,0.9267406,0.1398647129535675,0.6378109455108643,0.39439719915390015
YDR210C-D,YLL029W,0,0.92669517,0.1398342102766037,0.6378109455108643,0.39449724555015564
YMR264W,YFL001W,0,0.92664903,0.1398037075996399,0.6378109455108643,0.39459729194641113
YKR099C-A,YGL021W,0,0.9265685,0.13977321982383728,0.6378109455108643,0.3946973383426666
YLR239C,YER092W,0,0.92615575,0.13974274694919586,0.6378109455108643,0.3947973847389221
YCR077C,YNL118C,1,0.92612684,0.13993024826049805,0.6388059854507446,0.3947973847389221
YNL239W,YCL026C-B,0,0.9260944,0.13989976048469543,0.6388059854507446,0.3948974609375
YKL204W,YJL209W,1,0.92608166,0.14008714258670807,0.6398009657859802,0.3948974609375
YDR072C,YNL175C,0,0.9260742,0.14005663990974426,0.6398009657859802,0.3949975073337555
YGR081C,YNR040W,0,0.92606175,0.14002613723278046,0.6398009657859802,0.395097553730011
YDR532C,YHR104W,0,0.9260259,0.13999564945697784,0.6398009657859802,0.3951976001262665
YML118W,YGL107C,1,0.92598456,0.14018285274505615,0.6407960057258606,0.3951976001262665
YJL014W,YNL025C,0,0.9253367,0.14015233516693115,0.6407960057258606,0.395297646522522
YIL102C-A,YDR151C,0,0.9253033,0.14012184739112854,0.6407960057258606,0.39539769291877747
YJR014W,YOL022C,0,0.9248476,0.14009135961532593,0.6407960057258606,0.39549773931503296
YGR067C,YLL034C,0,0.9247549,0.1400609016418457,0.6407960057258606,0.39559778571128845
YDL089W,YOL094C,0,0.9243553,0.14003044366836548,0.6407960057258606,0.39569786190986633
YHR021C,YPR105C,0,0.9240143,0.14000000059604645,0.6407960057258606,0.3957979083061218
YJL072C,YPL137C,0,0.9240001,0.1399695724248886,0.6407960057258606,0.3958979547023773
YLR419W,YKL057C,0,0.92391855,0.13993915915489197,0.6407960057258606,0.3959980010986328
YPR025C,YJL133W,0,0.92371553,0.13990876078605652,0.6407960057258606,0.3960980474948883
YLR064W,YLR154W-C,0,0.9237097,0.13987836241722107,0.6407960057258606,0.3961980938911438
YMR113W,YHR076W,0,0.92296636,0.139847993850708,0.6407960057258606,0.3962981402873993
YKL097W-A,YNL284C,0,0.9224985,0.13981762528419495,0.6407960057258606,0.3963981866836548
YGL122C,YNL197C,1,0.9222588,0.14000433683395386,0.641791045665741,0.3963981866836548
YKR029C,YPR085C,0,0.92195934,0.1399739533662796,0.641791045665741,0.39649826288223267
YDR098C-B,YOR090C,0,0.92135304,0.13994358479976654,0.641791045665741,0.39659830927848816
YKL025C,YOL100W,1,0.92116547,0.1401301473379135,0.6427860856056213,0.39659830927848816
YMR076C,YDR155C,0,0.9211282,0.14009976387023926,0.6427860856056213,0.39669835567474365
YKR093W,YBR265W,0,0.92107844,0.140069380402565,0.6427860856056213,0.39679840207099915
YHL009W-B,YHR051W,0,0.92056227,0.14003902673721313,0.6427860856056213,0.39689844846725464
YNL240C,YOR001W,0,0.9203204,0.14000867307186127,0.6427860856056213,0.39699849486351013
YOL059W,YDL051W,0,0.9200068,0.1399783343076706,0.6427860856056213,0.3970985412597656
YLR095C,YDL135C,0,0.91995156,0.1399480104446411,0.6427860856056213,0.3971985876560211
YGR213C,YKR027W,0,0.91991484,0.13991770148277283,0.6427860856056213,0.397298663854599
YPR196W,YER118C,0,0.9193135,0.13988739252090454,0.6427860856056213,0.3973987102508545
YMR295C,YBR122C,0,0.9192154,0.13985711336135864,0.6427860856056213,0.39749875664711
YDL165W,YLR363C,1,0.91913944,0.14004328846931458,0.6437810659408569,0.39749875664711
YLR392C,YBR188C,0,0.918951,0.1400129795074463,0.6437810659408569,0.3975988030433655
YIL134W,YLL006W,0,0.9187687,0.1399826854467392,0.6437810659408569,0.39769884943962097
YIR031C,YKL013C,0,0.9184782,0.1399524062871933,0.6437810659408569,0.39779889583587646
YCL001W-B,YKL220C,1,0.91845787,0.1401384025812149,0.6447761058807373,0.39779889583587646
YER115C,YGR276C,0,0.9181715,0.1401081085205078,0.6447761058807373,0.39789894223213196
YOR172W,YBR119W,0,0.91801906,0.14007781445980072,0.6447761058807373,0.39799898862838745
YDL243C,YOR304C-A,0,0.9180164,0.14004755020141602,0.6447761058807373,0.39809903502464294
YKR099C-A,YHL013C,0,0.91795933,0.1400172859430313,0.6447761058807373,0.3981991112232208
YOL107W,YGR052W,0,0.91776514,0.1399870365858078,0.6447761058807373,0.3982991576194763
YER172C,YJR017C,0,0.91765255,0.13995680212974548,0.6447761058807373,0.3983992040157318
YMR029C,YMR085W,0,0.9175615,0.13992658257484436,0.6447761058807373,0.3984992504119873
YKR096W,YNL232W,1,0.9173821,0.1401122659444809,0.6457711458206177,0.3984992504119873
YAL033W,YKR084C,1,0.9172986,0.14029785990715027,0.646766185760498,0.3984992504119873
YER089C,YBR014C,0,0.91631407,0.14026758074760437,0.646766185760498,0.3985992968082428
YML091C,YDR444W,0,0.9162727,0.14023733139038086,0.646766185760498,0.3986993432044983
YOR070C,YGL170C,0,0.91544133,0.14020708203315735,0.646766185760498,0.3987993896007538
YJR040W,YNR067C,0,0.91519266,0.14017683267593384,0.646766185760498,0.3988994359970093
YKL204W,YLR154C,1,0.9151198,0.1403622180223465,0.6477611660957336,0.3988994359970093
YLR391W-A,YDR178W,0,0.91509867,0.14033196866512299,0.6477611660957336,0.39899951219558716
YLR277C,YIL038C,0,0.9149379,0.14030171930789948,0.6477611660957336,0.39909955859184265
YBL100W-B,YKL012W,0,0.9147195,0.14027149975299835,0.6477611660957336,0.39919960498809814
YPL195W,YJR029W,0,0.9144651,0.14024128019809723,0.6477611660957336,0.39929965138435364
YOR144C,YLR287C,0,0.91444093,0.1402110755443573,0.6477611660957336,0.39939969778060913
YGL115W,YOR044W,0,0.91426945,0.14018088579177856,0.6477611660957336,0.3994997441768646
YHR187W,YDR497C,0,0.9140666,0.14015069603919983,0.6477611660957336,0.3995997905731201
YPR137C-B,YLR023C,0,0.9136508,0.14012053608894348,0.6477611660957336,0.3996998369693756
YLR372W,YDR324C,0,0.91353685,0.14009037613868713,0.6477611660957336,0.3997999131679535
YIR014W,YMR211W,0,0.9131244,0.14006024599075317,0.6477611660957336,0.399899959564209
YGL131C,YLR238W,0,0.9129803,0.1400301158428192,0.6477611660957336,0.4000000059604645
YDR486C,YHR214W-G,0,0.9124641,0.14000000059604645,0.6477611660957336,0.40010005235671997
YKR001C,YPR057W,0,0.91185826,0.13996990025043488,0.6477611660957336,0.40020009875297546
YHR181W,YER088C,0,0.9115203,0.1399398148059845,0.6477611660957336,0.40030014514923096
YML118W,YBR186W,0,0.9109964,0.13990972936153412,0.6477611660957336,0.40040019154548645
YDL004W,YGR081C,0,0.9109918,0.13987967371940613,0.6477611660957336,0.40050023794174194
YPR200C,YPL183W-A,0,0.91093355,0.13984961807727814,0.6477611660957336,0.4006003141403198
YMR285C,YOR303W,0,0.91084474,0.13981959223747253,0.6477611660957336,0.4007003605365753
YMR013C,YKR075C,0,0.91068524,0.13978956639766693,0.6477611660957336,0.4008004069328308
YBR191W,YER172C,0,0.9104342,0.13975955545902252,0.6477611660957336,0.4009004533290863
YJL097W,YJL090C,0,0.910054,0.1397295594215393,0.6477611660957336,0.4010004997253418
YDL171C,YBR115C,0,0.910044,0.1396995633840561,0.6477611660957336,0.4011005461215973
YGR276C,YHL021C,0,0.90995467,0.13966959714889526,0.6477611660957336,0.4012005925178528
YNL016W,YFL038C,1,0.90935415,0.13985413312911987,0.648756206035614,0.4012005925178528
YNL081C,YLR371W,0,0.90907013,0.13982415199279785,0.648756206035614,0.4013006389141083
YJR063W,YPL041C,0,0.9090597,0.13979417085647583,0.648756206035614,0.40140071511268616
YDR210C-D,YMR271C,0,0.90890604,0.139764204621315,0.648756206035614,0.40150076150894165
YLL054C,YKR065C,0,0.9084339,0.13973425328731537,0.648756206035614,0.40160080790519714
YNL256W,YKR001C,0,0.90835977,0.13970430195331573,0.648756206035614,0.40170085430145264
YGL045W,YNL176C,0,0.9083191,0.1396743804216385,0.648756206035614,0.40180090069770813
YGR096W,YBR214W,0,0.9082176,0.13964445888996124,0.648756206035614,0.4019009470939636
YGR254W,YFL023W,0,0.9079895,0.13961456716060638,0.648756206035614,0.4020009934902191
YBR186W,YOL152W,0,0.9077186,0.13958467543125153,0.648756206035614,0.4021010398864746
YNL020C,YHR160C,0,0.90753084,0.13955479860305786,0.648756206035614,0.4022010862827301
YHL007C,YDR210C-D,0,0.90738624,0.1395249366760254,0.648756206035614,0.402301162481308
YOR371C,YDR123C,0,0.9070646,0.13949507474899292,0.648756206035614,0.4024012088775635
YOR283W,YHR155W,0,0.90686554,0.13946524262428284,0.648756206035614,0.40250125527381897
YPL150W,YNL190W,0,0.90651983,0.13943541049957275,0.648756206035614,0.40260130167007446
YOR229W,YGL259W,0,0.90642583,0.13940560817718506,0.648756206035614,0.40270134806632996
YPL199C,YOR141C,0,0.9063621,0.13937580585479736,0.648756206035614,0.40280139446258545
YOL022C,YER052C,0,0.9056303,0.13934601843357086,0.648756206035614,0.40290144085884094
YGR089W,YNL330C,0,0.9054434,0.13931624591350555,0.648756206035614,0.40300148725509644
YOR371C,YGR254W,0,0.9053128,0.13928647339344025,0.648756206035614,0.4031015634536743
YGR129W,YPR011C,0,0.90513176,0.13925673067569733,0.648756206035614,0.4032016098499298
YDR179C,YGR183C,0,0.9040818,0.1392269879579544,0.648756206035614,0.4033016562461853
YOR190W,YGL196W,0,0.90405697,0.13919726014137268,0.648756206035614,0.4034017026424408
YDL102W,YKR095W,1,0.9038464,0.13938100636005402,0.6497512459754944,0.4034017026424408
YNL216W,YKL133C,0,0.9037787,0.1393512636423111,0.6497512459754944,0.4035017490386963
YBL032W,YGL094C,1,0.9033577,0.13953489065170288,0.6507462859153748,0.4035017490386963
YBR111W-A,YKL220C,1,0.90323603,0.1397184282541275,0.6517412662506104,0.4035017490386963
YKL127W,YHL050C,0,0.90321547,0.1396886259317398,0.6517412662506104,0.4036017954349518
YOL012C,YDR374C,1,0.9030048,0.13987207412719727,0.6527363061904907,0.4036017954349518
YNR044W,YAL007C,0,0.90297246,0.13984225690364838,0.6527363061904907,0.4037018418312073
YCR093W,YHR132W-A,1,0.9029584,0.1400255709886551,0.6537313461303711,0.4037018418312073
YPR119W,YGR055W,0,0.90272015,0.139995738863945,0.6537313461303711,0.40380188822746277
YMR148W,YPL178W,0,0.90270096,0.13996590673923492,0.6537313461303711,0.40390196442604065
YMR312W,YJL216C,0,0.90252864,0.13993610441684723,0.6537313461303711,0.40400201082229614
YPR098C,YHR183W,0,0.90213245,0.13990630209445953,0.6537313461303711,0.40410205721855164
YCL074W,YFR038W,0,0.90156144,0.13987651467323303,0.6537313461303711,0.40420210361480713
YPL280W,YML113W,0,0.90110105,0.13984674215316772,0.6537313461303711,0.4043021500110626
YDR189W,YKL211C,0,0.9010096,0.1398169845342636,0.6537313461303711,0.4044021964073181
YIL151C,YNL197C,1,0.90075594,0.14000000059604645,0.6547263860702515,0.4044021964073181
YML095C,YMR251W-A,0,0.9006738,0.13997021317481995,0.6547263860702515,0.4045022428035736
YKR099C-A,YJL047C,0,0.90023047,0.13994045555591583,0.6547263860702515,0.4046022891998291
YLR378C,YDR432W,0,0.90012294,0.13991069793701172,0.6547263860702515,0.404702365398407
YBR111W-A,YER176W,1,0.8998973,0.14009353518486023,0.6557213664054871,0.404702365398407
YDR040C,YDR101C,0,0.89986104,0.14006376266479492,0.6557213664054871,0.4048024117946625
YMR211W,YDL247W,0,0.89979523,0.1400340050458908,0.6557213664054871,0.40490245819091797
YDR370C,YNL004W,1,0.89967275,0.14021669328212738,0.6567164063453674,0.40490245819091797
YFR043C,YPL157W,0,0.89959425,0.14018692076206207,0.6567164063453674,0.40500250458717346
YIL151C,YBL051C,1,0.8994631,0.1403695046901703,0.6577114462852478,0.40500250458717346
YNL238W,YMR145C,0,0.89919835,0.1403397023677826,0.6577114462852478,0.40510255098342896
YHR039C-A,YHR110W,0,0.89909595,0.1403099149465561,0.6577114462852478,0.40520259737968445
YIL154C,YMR040W,0,0.8990459,0.14028014242649078,0.6577114462852478,0.40530264377593994
YER130C,YML076C,0,0.8989484,0.14025036990642548,0.6577114462852478,0.40540269017219543
YLR423C,YGL043W,0,0.8989336,0.14022061228752136,0.6577114462852478,0.4055027365684509
YDR098C-B,YIL041W,0,0.8987415,0.14019088447093964,0.6577114462852478,0.4056028127670288
YER068W,YHR172W,0,0.8987044,0.1401611566543579,0.6577114462852478,0.4057028591632843
YGL131C,YER157W,0,0.89864826,0.14013144373893738,0.6577114462852478,0.4058029055595398
YKR093W,YKL054C,0,0.898378,0.14010173082351685,0.6577114462852478,0.4059029519557953
YJL094C,YDL128W,0,0.8982789,0.1400720477104187,0.6577114462852478,0.4060029983520508
YGR001C,YPL110C,0,0.8982184,0.14004237949848175,0.6577114462852478,0.4061030447483063
YJR105W,YGR217W,0,0.8973858,0.1400127112865448,0.6577114462852478,0.40620309114456177
YCR105W,YML015C,0,0.8973219,0.13998305797576904,0.6577114462852478,0.40630313754081726
YBR211C,YML001W,0,0.8968347,0.13995341956615448,0.6577114462852478,0.40640321373939514
YDR420W,YIL126W,0,0.8966765,0.1399237960577011,0.6577114462852478,0.40650326013565063
YDL160C,YJR006W,1,0.89648116,0.14010581374168396,0.6587064862251282,0.40650326013565063
YDR174W,YER137C-A,0,0.8964681,0.1400761753320694,0.6587064862251282,0.40660330653190613
YNR052C,YLR363C,1,0.89637864,0.1402580887079239,0.6597014665603638,0.40660330653190613
YMR312W,YDL077C,0,0.8961885,0.14022842049598694,0.6597014665603638,0.4067033529281616
YBR235W,YMR194C-B,0,0.89594096,0.14019876718521118,0.6597014665603638,0.4068033993244171
YBR136W,YGR013W,0,0.89561105,0.14016912877559662,0.6597014665603638,0.4069034457206726
YJL127C-B,YDL025C,0,0.89516956,0.14013950526714325,0.6597014665603638,0.4070034921169281
YLL045C,YBR235W,0,0.895127,0.14010989665985107,0.6597014665603638,0.4071035385131836
YNL239W,YML069W,0,0.895094,0.1400802880525589,0.6597014665603638,0.4072036147117615
YIL119C,YBR139W,0,0.89507127,0.14005069434642792,0.6597014665603638,0.40730366110801697
YDR147W,YPL222W,0,0.8949248,0.14002111554145813,0.6597014665603638,0.40740370750427246
YCL011C,YNL072W,1,0.8947656,0.14020270109176636,0.6606965065002441,0.40740370750427246
YLL045C,YPR098C,0,0.89451796,0.14017310738563538,0.6606965065002441,0.40750375390052795
YMR136W,YNL260C,0,0.89439434,0.1401435136795044,0.6606965065002441,0.40760380029678345
YAR020C,YFR038W,0,0.89416915,0.1401139497756958,0.6606965065002441,0.40770384669303894
YJL038C,YJL102W,0,0.89414126,0.1400843858718872,0.6606965065002441,0.40780389308929443
YER066W,YNR050C,0,0.89386696,0.1400548368692398,0.6606965065002441,0.4079039394855499
YDR164C,YOR093C,0,0.893393,0.1400253027677536,0.6606965065002441,0.4080040156841278
YCL021W-A,YLR190W,0,0.89333993,0.1399957835674286,0.6606965065002441,0.4081040620803833
YFR030W,YAR066W,0,0.89299977,0.13996627926826477,0.6606965065002441,0.4082041084766388
YLR086W,YDL106C,0,0.8927827,0.13993677496910095,0.6606965065002441,0.4083041548728943
YDL102W,YOL021C,1,0.8925259,0.14011798799037933,0.6616915464401245,0.4083041548728943
YHL042W,YGR013W,0,0.89223915,0.14008848369121552,0.6616915464401245,0.4084042012691498
YBR111W-A,YGL107C,1,0.89222574,0.14026959240436554,0.6626865863800049,0.4084042012691498
YJR137C,YJL191W,0,0.8921197,0.14024004340171814,0.6626865863800049,0.4085042476654053
YKR096W,YKL149C,1,0.89208275,0.1404210478067398,0.6636815667152405,0.4085042476654053
YMR060C,YDR218C,0,0.89182746,0.1403914988040924,0.6636815667152405,0.40860429406166077
YFL035C,YLR157C-B,0,0.89174914,0.140361949801445,0.6636815667152405,0.40870434045791626
YPL010W,YDL114W,0,0.8916824,0.1403324156999588,0.6636815667152405,0.40880441665649414
YKL209C,YLR073C,0,0.8908804,0.1403028964996338,0.6636815667152405,0.40890446305274963
YDR020C,YOL076W,0,0.89070636,0.14027339220046997,0.6636815667152405,0.4090045094490051
YGL043W,YBL019W,0,0.89068854,0.14024390280246735,0.6636815667152405,0.4091045558452606
YHR042W,YDR117C,0,0.89042324,0.14021441340446472,0.6636815667152405,0.4092046022415161
YJL004C,YHR114W,0,0.8899434,0.14018495380878448,0.6636815667152405,0.4093046486377716
YJR113C,YDL159W,0,0.889823,0.14015549421310425,0.6636815667152405,0.4094046950340271
YPR090W,YKR029C,0,0.8897552,0.1401260495185852,0.6636815667152405,0.4095047414302826
YJL024C,YBR282W,0,0.88971144,0.14009661972522736,0.6636815667152405,0.4096047878265381
YAR020C,YJL133W,0,0.88944787,0.1400672048330307,0.6636815667152405,0.40970486402511597
YMR156C,YER030W,0,0.88919574,0.14003778994083405,0.6636815667152405,0.40980491042137146
YPL040C,YDR293C,0,0.88850015,0.14000838994979858,0.6636815667152405,0.40990495681762695
YIL153W,YKR059W,0,0.8884149,0.1399790197610855,0.6636815667152405,0.41000500321388245
YCR093W,YNL288W,1,0.8879141,0.1401594579219818,0.6646766066551208,0.41000500321388245
YJL102W,YDR155C,0,0.88784534,0.14013005793094635,0.6646766066551208,0.41010504961013794
YBR186W,YBR077C,0,0.88777655,0.14010067284107208,0.6646766066551208,0.41020509600639343
YBL080C,YKL025C,0,0.88715523,0.14007128775119781,0.6646766066551208,0.4103051424026489
YBR163W,YGR279C,0,0.88704616,0.14004193246364594,0.6646766066551208,0.4104051887989044
YML042W,YLR150W,0,0.8870037,0.14001257717609406,0.6646766066551208,0.4105052649974823
YDR098C-B,YLR266C,0,0.886996,0.13998323678970337,0.6646766066551208,0.4106053113937378
YIL119C,YNR023W,0,0.8858612,0.13995391130447388,0.6646766066551208,0.4107053577899933
YPR085C,YOR045W,0,0.885667,0.13992458581924438,0.6646766066551208,0.4108054041862488
YPR067W,YGR047C,0,0.8851163,0.13989529013633728,0.6646766066551208,0.4109054505825043
YJL155C,YGR104C,0,0.8850758,0.13986599445343018,0.6646766066551208,0.41100549697875977
YMR142C,YGL121C,0,0.88496345,0.13983671367168427,0.6646766066551208,0.41110554337501526
YGR215W,YER030W,0,0.8846827,0.13980744779109955,0.6646766066551208,0.41120558977127075
YGR244C,YJR050W,0,0.88446146,0.13977819681167603,0.6646766066551208,0.41130566596984863
YJR035W,YMR085W,0,0.884446,0.1397489607334137,0.6646766066551208,0.4114057123661041
YPL110C,YPL013C,0,0.88428044,0.13971972465515137,0.6646766066551208,0.4115057587623596
YMR209C,YBL106C,0,0.8842549,0.13969050347805023,0.6646766066551208,0.4116058051586151
YMR113W,YDR511W,0,0.8839708,0.1396612972021103,0.6646766066551208,0.4117058515548706
YHR175W,YPL101W,0,0.88366014,0.13963210582733154,0.6646766066551208,0.4118058979511261
YHR210C,YNR063W,0,0.883623,0.139602929353714,0.6646766066551208,0.4119059443473816
YOR396W,YDL046W,0,0.8832962,0.13957375288009644,0.6646766066551208,0.4120059907436371
YMR271C,YOR211C,0,0.88270354,0.13954460620880127,0.6646766066551208,0.41210606694221497
YPR025C,YPL202C,0,0.88262445,0.1395154595375061,0.6646766066551208,0.41220611333847046
YHR021C,YBR160W,0,0.8826178,0.13948632776737213,0.6646766066551208,0.41230615973472595
YLL045C,YBR160W,0,0.88241917,0.13945719599723816,0.6646766066551208,0.41240620613098145
YHR214C-C,YCL005W-A,0,0.88235104,0.13942809402942657,0.6646766066551208,0.41250625252723694
YOR304C-A,YJR029W,0,0.8820673,0.139398992061615,0.6646766066551208,0.41260629892349243
YGR058W,YGL037C,0,0.88202244,0.1393699198961258,0.6646766066551208,0.4127063453197479
YER068W,YHR132W-A,1,0.88167375,0.13954943418502808,0.6656716465950012,0.4127063453197479
YIL102C-A,YPL202C,0,0.8813358,0.1395203322172165,0.6656716465950012,0.4128063917160034
YNL157W,YNR052C,1,0.88125324,0.1396997570991516,0.6666666865348816,0.4128063917160034
YOR060C,YLR173W,0,0.8812336,0.13967062532901764,0.6666666865348816,0.4129064679145813
YER088C,YBL097W,0,0.88117653,0.13964152336120605,0.6666666865348816,0.4130065143108368
YOR371C,YFR038W,0,0.8811235,0.13961242139339447,0.6666666865348816,0.4131065607070923
YPL049C,YDL170W,0,0.8810307,0.13958333432674408,0.6666666865348816,0.4132066071033478
YPR003C,YIL111W,0,0.8809921,0.13955426216125488,0.6666666865348816,0.41330665349960327
YCL057W,YCL058C,0,0.8808766,0.13952520489692688,0.6666666865348816,0.41340669989585876
YGR215W,YDR254W,0,0.88083386,0.13949614763259888,0.6666666865348816,0.41350674629211426
YDL212W,YGR103W,0,0.880491,0.13946710526943207,0.6666666865348816,0.41360679268836975
YLR099W-A,YMR039C,0,0.88038903,0.13943809270858765,0.6666666865348816,0.41370683908462524
YLR135W,YMR313C,0,0.8800928,0.13940906524658203,0.6666666865348816,0.4138069152832031
YER068W,YNL312W,0,0.8800515,0.1393800675868988,0.6666666865348816,0.4139069616794586
YHR142W,YLR227C,0,0.8798469,0.13935108482837677,0.6666666865348816,0.4140070080757141
YJR074W,YLR335W,0,0.87983596,0.13932210206985474,0.6666666865348816,0.4141070544719696
YAL056W,YLR295C,0,0.8790053,0.1392931342124939,0.6666666865348816,0.4142071008682251
YKL126W,YER006W,0,0.87892574,0.13926418125629425,0.6666666865348816,0.4143071472644806
YLR134W,YMR049C,0,0.8785716,0.1392352432012558,0.6666666865348816,0.4144071936607361
YOL054W,YJR112W-A,0,0.8784015,0.13920632004737854,0.6666666865348816,0.4145072400569916
YKL013C,YGL170C,0,0.8781702,0.13917739689350128,0.6666666865348816,0.41460731625556946
YCR075W-A,YLR266C,0,0.87810665,0.13914848864078522,0.6666666865348816,0.41470736265182495
YNL054W-B,YGR179C,0,0.87693685,0.13911959528923035,0.6666666865348816,0.41480740904808044
YDL030W,YNL188W,0,0.87678003,0.13909071683883667,0.6666666865348816,0.41490745544433594
YLR392C,YFR031C,0,0.87671906,0.1390618532896042,0.6666666865348816,0.41500750184059143
YMR056C,YHR115C,0,0.87671465,0.1390329897403717,0.6666666865348816,0.4151075482368469
YBR261C,YNR060W,0,0.8760759,0.1390041559934616,0.6666666865348816,0.4152075946331024
YCL001W-B,YOR251C,0,0.8759019,0.1389753222465515,0.6666666865348816,0.4153076410293579
YPR003C,YER052C,0,0.8757387,0.13894648849964142,0.6666666865348816,0.4154077172279358
YOR359W,YBR211C,0,0.8755637,0.1389176845550537,0.6666666865348816,0.4155077636241913
YPR158C-D,YHR038W,0,0.8752257,0.1388888955116272,0.6666666865348816,0.4156078100204468
YNR048W,YNL006W,0,0.8750803,0.13886010646820068,0.6666666865348816,0.41570785641670227
YLL057C,YGL245W,0,0.8750735,0.13883133232593536,0.6666666865348816,0.41580790281295776
YHL039W,YBL059C-A,0,0.875071,0.13880257308483124,0.6666666865348816,0.41590794920921326
YDR522C,YOR048C,0,0.87500423,0.1387738138437271,0.6666666865348816,0.41600799560546875
YKR017C,YMR001C,0,0.8748621,0.13874508440494537,0.6666666865348816,0.41610804200172424
YNR071C,YCR100C,0,0.8748431,0.13871635496616364,0.6666666865348816,0.4162081182003021
YOR275C,YOR262W,0,0.8747827,0.1386876404285431,0.6666666865348816,0.4163081645965576
YDL109C,YDL210W,0,0.87476623,0.13865894079208374,0.6666666865348816,0.4164082109928131
YHL009W-B,YCR026C,0,0.8747176,0.13863025605678558,0.6666666865348816,0.4165082573890686
YBL080C,YDR183W,0,0.8745323,0.13860157132148743,0.6666666865348816,0.4166083037853241
YER070W,YLR154W-C,0,0.8738825,0.13857290148735046,0.6666666865348816,0.4167083501815796
YMR154C,YMR027W,0,0.8738771,0.1385442465543747,0.6666666865348816,0.4168083965778351
YLL015W,YDR110W,0,0.87356013,0.13851560652256012,0.6666666865348816,0.4169084429740906
YBL042C,YKR061W,0,0.87322134,0.13848698139190674,0.6666666865348816,0.41700848937034607
YGR199W,YOL076W,0,0.87322056,0.13845835626125336,0.6666666865348816,0.41710856556892395
YOL156W,YLR345W,0,0.87318176,0.13842974603176117,0.6666666865348816,0.41720861196517944
YFL017W-A,YNR071C,0,0.8730542,0.13840115070343018,0.6666666865348816,0.41730865836143494
YLR204W,YOR090C,0,0.87298936,0.13837257027626038,0.6666666865348816,0.41740870475769043
YMR244C-A,YJL095W,0,0.87163585,0.13834400475025177,0.6666666865348816,0.4175087511539459
YNL178W,YBR111W-A,1,0.8715976,0.13852187991142273,0.6676616668701172,0.4175087511539459
YKR082W,YIL126W,0,0.87150913,0.13849329948425293,0.6676616668701172,0.4176087975502014
YMR174C,YLR163C,0,0.87072104,0.13846471905708313,0.6676616668701172,0.4177088439464569
YGL243W,YDR511W,0,0.8704942,0.13843613862991333,0.6676616668701172,0.4178088903427124
YDR324C,YDR261C,0,0.87044287,0.13840758800506592,0.6676616668701172,0.4179089665412903
YLR070C,YLR256W,0,0.8699995,0.1383790522813797,0.6676616668701172,0.4180090129375458
YBR214W,YGL143C,0,0.8699448,0.13835051655769348,0.6676616668701172,0.41810905933380127
YNR066C,YEL059C-A,0,0.86968046,0.13832199573516846,0.6676616668701172,0.41820910573005676
YDR437W,YOL155C,0,0.8695845,0.13829348981380463,0.6676616668701172,0.41830915212631226
YOR358W,YGR094W,0,0.8686606,0.1382649838924408,0.6676616668701172,0.41840919852256775
YKR103W,YMR085W,0,0.8686101,0.13823650777339935,0.6676616668701172,0.41850924491882324
YNL142W,YBL071W-A,0,0.8686099,0.1382080316543579,0.6676616668701172,0.41860929131507874
YCR105W,YOR262W,0,0.8681082,0.13817957043647766,0.6676616668701172,0.4187093675136566
YGL048C,YLL013C,1,0.8679745,0.138357013463974,0.6686567068099976,0.4187093675136566
YPL013C,YBR271W,0,0.86779684,0.13832853734493256,0.6686567068099976,0.4188094139099121
YKL032C,YEL024W,0,0.8677426,0.1383000612258911,0.6686567068099976,0.4189094603061676
YJL216C,YLR432W,0,0.86766857,0.13827160000801086,0.6686567068099976,0.4190095067024231
YIL030C,YPL036W,0,0.8673565,0.1382431536912918,0.6686567068099976,0.4191095530986786
YGL009C,YBR186W,0,0.867275,0.13821472227573395,0.6686567068099976,0.4192095994949341
YGR091W,YGL173C,0,0.8672451,0.13818630576133728,0.6686567068099976,0.4193096458911896
YEL048C,YBR214W,0,0.8671537,0.1381578892469406,0.6686567068099976,0.41940969228744507
YJR119C,YKL025C,1,0.8665318,0.13833504915237427,0.6696517467498779,0.41940969228744507
YNL065W,YHR183W,0,0.8663731,0.1383066177368164,0.6696517467498779,0.41950976848602295
YNL142W,YML069W,0,0.866283,0.13827820122241974,0.6696517467498779,0.41960981488227844
YCR105W,YHL007C,0,0.8661894,0.13824979960918427,0.6696517467498779,0.41970986127853394
YEL051W,YGL058W,0,0.86612344,0.1382213979959488,0.6696517467498779,0.41980990767478943
YGL091C,YOR064C,0,0.8657866,0.1381930112838745,0.6696517467498779,0.4199099540710449
YKL090W,YKR084C,1,0.8656283,0.13836994767189026,0.6706467866897583,0.4199099540710449
YML010W,YOR125C,0,0.8654197,0.13834154605865479,0.6706467866897583,0.4200100004673004
YKR049C,YMR236W,0,0.8653535,0.1383131593465805,0.6706467866897583,0.4201100468635559
YIR014W,YPR119W,0,0.8652448,0.13828477263450623,0.6706467866897583,0.4202100932598114
YKR024C,YIL133C,0,0.8651582,0.13825641572475433,0.6706467866897583,0.4203101694583893
YPL159C,YLR157C-B,0,0.8647917,0.13822805881500244,0.6706467866897583,0.4204102158546448
YMR295C,YFL059W,0,0.86452734,0.13819971680641174,0.6706467866897583,0.42051026225090027
YDL085W,YBR094W,0,0.86440516,0.13817137479782104,0.6706467866897583,0.42061030864715576
YHR133C,YKR036C,0,0.86424977,0.13814306259155273,0.6706467866897583,0.42071035504341125
YOL033W,YGL058W,0,0.8639499,0.13811475038528442,0.6706467866897583,0.42081040143966675
YKL127W,YLR080W,0,0.8636703,0.1380864530801773,0.6706467866897583,0.42091044783592224
YDL182W,YDR261C,0,0.863585,0.13805817067623138,0.6706467866897583,0.42101049423217773
YGL148W,YML081C-A,0,0.86340547,0.13802990317344666,0.6706467866897583,0.4211105406284332
YBL103C-A,YGR083C,0,0.86308616,0.13800163567066193,0.6706467866897583,0.4212106168270111
YNR071C,YNL322C,0,0.86275464,0.1379733830690384,0.6706467866897583,0.4213106632232666
YBR068C,YOL032W,0,0.8626532,0.13794514536857605,0.6706467866897583,0.4214107096195221
YPL192C,YPL110C,0,0.8624889,0.1379169225692749,0.6706467866897583,0.4215107560157776
YLR190W,YPR127W,0,0.86211413,0.13788869976997375,0.6706467866897583,0.4216108024120331
YLR461W,YLR099W-A,0,0.86197186,0.137860506772995,0.6706467866897583,0.4217108488082886
YMR051C,YBR094W,0,0.8617379,0.13783231377601624,0.6706467866897583,0.42181089520454407
YLR249W,YDR324C,0,0.8615324,0.13780413568019867,0.6706467866897583,0.42191094160079956
YEL015W,YDL126C,1,0.86138713,0.1379803717136383,0.6716417670249939,0.42191094160079956
YBL032W,YNL069C,0,0.86136574,0.13795217871665955,0.6716417670249939,0.42201101779937744
YNL288W,YLR264W,1,0.8611633,0.13812832534313202,0.6726368069648743,0.42201101779937744
YHR046C,YPL027W,0,0.8607496,0.13810010254383087,0.6726368069648743,0.42211106419563293
YDR346C,YOR343C-A,0,0.86050886,0.13807189464569092,0.6726368069648743,0.4222111105918884
YLR337C,YEL051W,0,0.8603598,0.13804370164871216,0.6726368069648743,0.4223111569881439
YMR175W,YBR282W,0,0.8603594,0.1380155235528946,0.6726368069648743,0.4224112033843994
YCR075W-A,YDR110W,0,0.860321,0.13798734545707703,0.6726368069648743,0.4225112497806549
YDR074W,YMR244C-A,0,0.8603016,0.13795918226242065,0.6726368069648743,0.4226112961769104
YPR105C,YAL031C,0,0.86028814,0.13793103396892548,0.6726368069648743,0.4227113425731659
YAR020C,YKR027W,0,0.8600728,0.1379029005765915,0.6726368069648743,0.4228114187717438
YGL178W,YDL126C,1,0.8596653,0.1380787342786789,0.6736318469047546,0.4228114187717438
YKR099C-A,YDL137W,0,0.85934997,0.13805057108402252,0.6736318469047546,0.42291146516799927
YJR057W,YBR040W,0,0.8592754,0.13802242279052734,0.6736318469047546,0.42301151156425476
YBR200W,YGR169C-A,0,0.85914934,0.13799428939819336,0.6736318469047546,0.42311155796051025
YOR359W,YNR040W,0,0.85896534,0.13796617090702057,0.6736318469047546,0.42321160435676575
YNL002C,YGL259W,0,0.8589574,0.13793806731700897,0.6736318469047546,0.42331165075302124
YJR014W,YLR154W-C,0,0.85893935,0.13790996372699738,0.6736318469047546,0.42341169714927673
YOR025W,YPL196W,0,0.85881037,0.13788187503814697,0.6736318469047546,0.4235117435455322
YHR122W,YKL054C,0,0.85843235,0.13785380125045776,0.6736318469047546,0.4236118197441101
YJR033C,YJR092W,0,0.8583686,0.13782572746276855,0.6736318469047546,0.4237118661403656
YLR249W,YPL183W-A,0,0.85832554,0.13779768347740173,0.6736318469047546,0.4238119125366211
YPR090W,YMR156C,0,0.85824245,0.1377696394920349,0.6736318469047546,0.4239119589328766
YLR442C,YKL090W,1,0.85761607,0.13794507086277008,0.674626886844635,0.4239119589328766
YLR021W,YOR173W,1,0.8574287,0.13812042772769928,0.6756218671798706,0.4239119589328766
YDR117C,YGR279C,0,0.857256,0.13809233903884888,0.6756218671798706,0.4240120053291321
YNR040W,YDL146W,0,0.85720843,0.13806425034999847,0.6756218671798706,0.4241120517253876
YNL178W,YPL178W,1,0.8567049,0.13823947310447693,0.676616907119751,0.4241120517253876
YHL042W,YOR223W,0,0.8565485,0.13821138441562653,0.676616907119751,0.42421209812164307
YBR040W,YER101C,0,0.85636693,0.13818329572677612,0.676616907119751,0.42431214451789856
YLL061W,YBR202W,0,0.8560644,0.13815522193908691,0.676616907119751,0.42441222071647644
YJR032W,YLR430W,0,0.85602033,0.1381271630525589,0.676616907119751,0.42451226711273193
YCL075W,YMR142C,0,0.85593706,0.13809910416603088,0.676616907119751,0.4246123135089874
YOL149W,YDR404C,1,0.8559298,0.13827411830425262,0.6776119470596313,0.4246123135089874
YBR204C,YBR115C,0,0.855791,0.13824604451656342,0.6776119470596313,0.4247123599052429
YDR088C,YER020W,0,0.85574335,0.1382179856300354,0.6776119470596313,0.4248124063014984
YKL186C,YMR111C,0,0.85550725,0.13818994164466858,0.6776119470596313,0.4249124526977539
YGR255C,YJL072C,0,0.85518694,0.13816189765930176,0.6776119470596313,0.4250124990940094
YER073W,YKL156W,0,0.8551378,0.13813386857509613,0.6776119470596313,0.4251125454902649
YML081C-A,YPL123C,0,0.85510665,0.1381058543920517,0.6776119470596313,0.4252125918865204
YKL032C,YDR210W-D,0,0.8544224,0.13807785511016846,0.6776119470596313,0.42531266808509827
YIL068C,YFR031C,0,0.8544161,0.1380498707294464,0.6776119470596313,0.42541271448135376
YIL177C,YDR101C,0,0.8544081,0.13802188634872437,0.6776119470596313,0.42551276087760925
YHR006W,YMR001C,0,0.85410386,0.1379939168691635,0.6776119470596313,0.42561280727386475
YIR031C,YER072W,0,0.85360706,0.13796596229076385,0.6776119470596313,0.42571285367012024
YJR137C,YML038C,0,0.85267943,0.1379380226135254,0.6776119470596313,0.42581290006637573
YNL025C,YDR364C,0,0.8526202,0.13791008293628693,0.6776119470596313,0.4259129464626312
YGL148W,YHR214C-C,0,0.8525658,0.13788215816020966,0.6776119470596313,0.4260129928588867
YKR099C-A,YDL166C,0,0.85256165,0.13785424828529358,0.6776119470596313,0.4261130690574646
YHL050C,YLR074C,0,0.8524459,0.1378263533115387,0.6776119470596313,0.4262131154537201
YNL188W,YNL095C,0,0.8521593,0.1377984583377838,0.6776119470596313,0.4263131618499756
YGR001C,YIL119C,0,0.8520682,0.13777057826519012,0.6776119470596313,0.4264132082462311
YGL207W,YPR138C,0,0.8517908,0.13774271309375763,0.6776119470596313,0.4265132546424866
YDL235C,YLR466W,0,0.85155326,0.13771486282348633,0.6776119470596313,0.42661330103874207
YBR008C,YFL042C,0,0.8511078,0.13768701255321503,0.6776119470596313,0.42671334743499756
YER088C,YPL041C,0,0.8503888,0.1376591920852661,0.6776119470596313,0.42681339383125305
YER154W,YGL058W,0,0.84931916,0.1376313716173172,0.6776119470596313,0.42691347002983093
YPL049C,YFL059W,0,0.849111,0.1376035511493683,0.6776119470596313,0.4270135164260864
YKR095W,YJR027W,0,0.8490596,0.13757576048374176,0.6776119470596313,0.4271135628223419
YMR156C,YOR211C,0,0.84824705,0.13754796981811523,0.6776119470596313,0.4272136092185974
YGL230C,YDR364C,0,0.84824675,0.1375201940536499,0.6776119470596313,0.4273136556148529
YNL202W,YNR053C,0,0.84806496,0.13749243319034576,0.6776119470596313,0.4274137020111084
YGR055W,YDR481C,0,0.8480385,0.13746467232704163,0.6776119470596313,0.4275137484073639
YOR262W,YHR162W,0,0.8477558,0.13743692636489868,0.6776119470596313,0.4276137948036194
YPL014W,YPL123C,0,0.84775347,0.13740919530391693,0.6776119470596313,0.42771387100219727
YDL105W,YIL126W,0,0.8474898,0.13738147914409637,0.6776119470596313,0.42781391739845276
YNL325C,YHL007C,0,0.8469636,0.137353777885437,0.6776119470596313,0.42791396379470825
YLL007C,YBR065C,0,0.8461378,0.13732607662677765,0.6776119470596313,0.42801401019096375
YKL133C,YBR030W,0,0.8454882,0.13729839026927948,0.6776119470596313,0.42811405658721924
YLR413W,YKL054C,0,0.8454693,0.1372707188129425,0.6776119470596313,0.42821410298347473
YDR437W,YHR047C,0,0.8451536,0.13724304735660553,0.6776119470596313,0.4283141493797302
YDR210C-D,YMR051C,0,0.845106,0.13721539080142975,0.6776119470596313,0.4284141957759857
YNR040W,YFL062W,0,0.84445024,0.13718774914741516,0.6776119470596313,0.4285142719745636
YNR055C,YNL069C,0,0.8443284,0.13716012239456177,0.6776119470596313,0.4286143183708191
YPL168W,YBR093C,0,0.84424275,0.13713249564170837,0.6776119470596313,0.4287143647670746
YPL192C,YLR154C,0,0.8442324,0.13710489869117737,0.6776119470596313,0.4288144111633301
YBR221C,YOL076W,0,0.84408265,0.13707730174064636,0.6776119470596313,0.42891445755958557
YLR466W,YNL236W,0,0.84408194,0.13704970479011536,0.6776119470596313,0.42901450395584106
YBR059C,YLR430W,0,0.84387,0.13702213764190674,0.6776119470596313,0.42911455035209656
YCR015C,YNL025C,0,0.8438057,0.13699457049369812,0.6776119470596313,0.42921459674835205
YKL149C,YMR133W,0,0.8437938,0.1369670182466507,0.6776119470596313,0.42931464314460754
YJR040W,YKL149C,0,0.8437721,0.13693946599960327,0.6776119470596313,0.4294147193431854
YKL221W,YOL152W,0,0.8427436,0.13691194355487823,0.6776119470596313,0.4295147657394409
YGR001C,YNL121C,0,0.84260446,0.1368844211101532,0.6776119470596313,0.4296148121356964
YNL081C,YDR040C,0,0.8424508,0.13685691356658936,0.6776119470596313,0.4297148585319519
YOR255W,YOR315W,0,0.8421008,0.1368294209241867,0.6776119470596313,0.4298149049282074
YIL087C,YKL181W,0,0.84201986,0.13680192828178406,0.6776119470596313,0.4299149513244629
YOR381W,YGL143C,0,0.84190744,0.1367744505405426,0.6776119470596313,0.4300149977207184
YLR241W,YML050W,0,0.84129655,0.13674698770046234,0.6776119470596313,0.4301150441169739
YJL038C,YCL040W,0,0.84112746,0.13671953976154327,0.6776119470596313,0.43021512031555176
YER167W,YNR071C,0,0.84094137,0.1366920918226242,0.6776119470596313,0.43031516671180725
YNR036C,YNL279W,0,0.8404453,0.13666465878486633,0.6776119470596313,0.43041521310806274
YGR067C,YMR040W,0,0.84029764,0.13663724064826965,0.6776119470596313,0.43051525950431824
YKR065C,YBR072W,0,0.84027475,0.13660982251167297,0.6776119470596313,0.43061530590057373
YHR079C-A,YNL119W,0,0.8399658,0.13658243417739868,0.6776119470596313,0.4307153522968292
YJL133W,YHL040C,0,0.8399024,0.1365550458431244,0.6776119470596313,0.4308153986930847
YOR060C,YJR112W-A,0,0.8393692,0.1365276724100113,0.6776119470596313,0.4309154450893402
YML112W,YMR101C,0,0.8392209,0.1365002989768982,0.6776119470596313,0.4310155212879181
YML046W,YGL150C,0,0.8390253,0.1364729404449463,0.6776119470596313,0.4311155676841736
YOR093C,YMR271C,0,0.8389945,0.13644559681415558,0.6776119470596313,0.4312156140804291
YGL187C,YDR174W,0,0.8389819,0.13641826808452606,0.6776119470596313,0.43131566047668457
YLR423C,YMR133W,0,0.8389625,0.13639095425605774,0.6776119470596313,0.43141570687294006
YPR067W,YDL170W,0,0.83846575,0.13636364042758942,0.6776119470596313,0.43151575326919556
YJR040W,YCR053W,0,0.8384597,0.1363363415002823,0.6776119470596313,0.43161579966545105
YNL004W,YMR040W,0,0.8380712,0.13630904257297516,0.6776119470596313,0.43171584606170654
YJR113C,YOR380W,0,0.83806616,0.13628177344799042,0.6776119470596313,0.4318159222602844
YIR031C,YBR216C,0,0.83802325,0.13625450432300568,0.6776119470596313,0.4319159686565399
YMR295C,YLR226W,0,0.83778954,0.13622725009918213,0.6776119470596313,0.4320160150527954
YGL077C,YPL222W,0,0.8377837,0.13619999587535858,0.6776119470596313,0.4321160614490509
YPL256C,YOR262W,0,0.8377654,0.13617277145385742,0.6776119470596313,0.4322161078453064
YDL088C,YMR220W,0,0.837139,0.13614554703235626,0.6776119470596313,0.4323161542415619
YLR186W,YJR051W,0,0.837137,0.1361183226108551,0.6776119470596313,0.4324162006378174
YLR023C,YBR265W,0,0.83701366,0.13609112799167633,0.6776119470596313,0.4325162470340729
YOR185C,YBR004C,0,0.83692545,0.13606393337249756,0.6776119470596313,0.43261629343032837
YJL014W,YJL030W,0,0.8366333,0.13603675365447998,0.6776119470596313,0.43271636962890625
YDR034W-B,YDL106C,0,0.8365767,0.1360095888376236,0.6776119470596313,0.43281641602516174
YKL129C,YHR014W,0,0.8363831,0.1359824240207672,0.6776119470596313,0.43291646242141724
YDR524C,YLR417W,0,0.8363115,0.13595527410507202,0.6776119470596313,0.43301650881767273
YCL073C,YOL002C,0,0.83627063,0.13592813909053802,0.6776119470596313,0.4331165552139282
YGL237C,YGL147C,0,0.8360555,0.13590101897716522,0.6776119470596313,0.4332166016101837
YJR055W,YJR161C,0,0.83605313,0.13587389886379242,0.6776119470596313,0.4333166480064392
YNL134C,YPL066W,0,0.8357807,0.1358467936515808,0.6776119470596313,0.4334166944026947
YBR085W,YPR086W,0,0.8348842,0.1358197033405304,0.6776119470596313,0.4335167706012726
YMR115W,YBR188C,0,0.8346787,0.13579262793064117,0.6776119470596313,0.4336168169975281
YOR319W,YBL010C,0,0.8340177,0.13576555252075195,0.6776119470596313,0.43371686339378357
YMR186W,YLR074C,0,0.8340088,0.13573849201202393,0.6776119470596313,0.43381690979003906
YKR065C,YDR324C,0,0.8336186,0.1357114315032959,0.6776119470596313,0.43391695618629456
YCL001W-A,YPR042C,1,0.83304447,0.1358836442232132,0.6786069869995117,0.43391695618629456
YBL032W,YHR132W-A,1,0.8328125,0.13605578243732452,0.6796019673347473,0.43391695618629456
YDL025C,YEL024W,0,0.83263487,0.13602867722511292,0.6796019673347473,0.43401700258255005
YKR049C,YOR346W,0,0.83234584,0.1360015869140625,0.6796019673347473,0.43411704897880554
YOL032W,YHL020C,0,0.8321184,0.13597451150417328,0.6796019673347473,0.43421709537506104
YLR073C,YML095C,0,0.83135986,0.13594745099544525,0.6796019673347473,0.4343171715736389
YML050W,YMR274C,0,0.8312524,0.13592040538787842,0.6796019673347473,0.4344172179698944
YPR009W,YNL134C,0,0.8309098,0.13589335978031158,0.6796019673347473,0.4345172643661499
YER167W,YBL039W-A,0,0.83059126,0.13586632907390594,0.6796019673347473,0.4346173107624054
YOR032C,YLR023C,0,0.83031386,0.1358392983675003,0.6796019673347473,0.4347173571586609
YLR264W,YMR085W,0,0.8301092,0.13581228256225586,0.6796019673347473,0.4348174035549164
YBR044C,YDR421W,0,0.82937115,0.1357852816581726,0.6796019673347473,0.4349174499511719
YBL106C,YER068W,0,0.8289547,0.13575829565525055,0.6796019673347473,0.43501749634742737
YER092W,YOR270C,0,0.82893485,0.13573132455348969,0.6796019673347473,0.43511757254600525
YGR169C-A,YDL159W,0,0.82889897,0.13570435345172882,0.6796019673347473,0.43521761894226074
YGL245W,YLR039C,0,0.82880276,0.13567739725112915,0.6796019673347473,0.43531766533851624
YGR195W,YIL003W,0,0.82875836,0.13565044105052948,0.6796019673347473,0.43541771173477173
YDL208W,YDR188W,0,0.8281421,0.1356235146522522,0.6796019673347473,0.4355177581310272
YOR230W,YGR083C,0,0.82804394,0.13559658825397491,0.6796019673347473,0.4356178045272827
YIL154C,YKL211C,0,0.8279605,0.13556967675685883,0.6796019673347473,0.4357178509235382
YAR020C,YBL039C,0,0.82790464,0.13554276525974274,0.6796019673347473,0.4358178973197937
YER118C,YDR281C,0,0.8277438,0.13551586866378784,0.6796019673347473,0.4359179735183716
YGR272C,YJL124C,1,0.82772666,0.13568736612796783,0.6805970072746277,0.4359179735183716
YCL011C,YPL178W,1,0.8274914,0.13585878908634186,0.6815920472145081,0.4359179735183716
YPL252C,YBR030W,0,0.827401,0.13583184778690338,0.6815920472145081,0.4360180199146271
YLR086W,YJR059W,0,0.8273047,0.1358049213886261,0.6815920472145081,0.43611806631088257
YDR270W,YPR011C,0,0.8272082,0.13577799499034882,0.6815920472145081,0.43621811270713806
YOL103W,YNL318C,0,0.8270944,0.13575108349323273,0.6815920472145081,0.43631815910339355
YLR070C,YGL037C,0,0.82703835,0.13572418689727783,0.6815920472145081,0.43641820549964905
YHL038C,YMR186W,0,0.8269518,0.13569730520248413,0.6815920472145081,0.43651825189590454
YMR312W,YER007W,0,0.82652164,0.13567042350769043,0.6815920472145081,0.43661829829216003
YMR177W,YMR220W,0,0.82644176,0.13564357161521912,0.6815920472145081,0.4367183446884155
YBR147W,YPR196W,0,0.8261561,0.1356167048215866,0.6815920472145081,0.4368184208869934
YCL074W,YDL066W,0,0.8261048,0.1355898678302765,0.6815920472145081,0.4369184672832489
YKL127W,YJL191W,0,0.82595766,0.13556303083896637,0.6815920472145081,0.4370185136795044
YMR263W,YIL050W,0,0.82556194,0.13553620874881744,0.6815920472145081,0.4371185600757599
YLR048W,YNL279W,0,0.82527906,0.1355094015598297,0.6815920472145081,0.4372186064720154
YGR058W,YJL047C,0,0.82502323,0.13548259437084198,0.6815920472145081,0.4373186528682709
YHL013C,YKL088W,0,0.8250126,0.13545580208301544,0.6815920472145081,0.43741869926452637
YPL027W,YOL008W,0,0.82472014,0.1354290246963501,0.6815920472145081,0.43751874566078186
YBR275C,YGR174C,0,0.82457083,0.13540224730968475,0.6815920472145081,0.43761882185935974
YER108C,YDR390C,0,0.8243895,0.1353754997253418,0.6815920472145081,0.43771886825561523
YOL139C,YNL004W,1,0.82428104,0.13554634153842926,0.6825870871543884,0.43771886825561523
YPL076W,YBL085W,0,0.8242603,0.13551956415176392,0.6825870871543884,0.4378189146518707
YNR066C,YNR071C,0,0.82425433,0.13549278676509857,0.6825870871543884,0.4379189610481262
YML095C,YKR085C,0,0.8240101,0.13546603918075562,0.6825870871543884,0.4380190074443817
YJL155C,YFR038W,0,0.82400024,0.13543929159641266,0.6825870871543884,0.4381190538406372
YPR048W,YDL170W,0,0.8237263,0.1354125589132309,0.6825870871543884,0.4382191002368927
YPR186C,YDL114W,0,0.82359445,0.13538582623004913,0.6825870871543884,0.4383191466331482
YDL233W,YER137C-A,0,0.8235452,0.13535912334918976,0.6825870871543884,0.4384192228317261
YDR153C,YOR155C,0,0.82248443,0.1353324055671692,0.6825870871543884,0.43851926922798157
YML051W,YHL013C,0,0.8223294,0.135305717587471,0.6825870871543884,0.43861931562423706
YDL233W,YAL023C,0,0.82180995,0.13527904450893402,0.6825870871543884,0.43871936202049255
YOR119C,YPL076W,0,0.82160133,0.13525237143039703,0.6825870871543884,0.43881940841674805
YML046W,YOL033W,0,0.8215179,0.13522569835186005,0.6825870871543884,0.43891945481300354
YDR456W,YNL322C,0,0.82133955,0.13519905507564545,0.6825870871543884,0.43901950120925903
YAR009C,YIL176C,0,0.8210668,0.13517241179943085,0.6825870871543884,0.4391195476055145
YLR157C-B,YJL154C,0,0.8210208,0.13514578342437744,0.6825870871543884,0.4392196238040924
YLR319C,YCR048W,0,0.820764,0.13511916995048523,0.6825870871543884,0.4393196702003479
YCR026C,YJL014W,0,0.820584,0.13509255647659302,0.6825870871543884,0.4394197165966034
YAL019W,YKL112W,0,0.8201122,0.135065957903862,0.6825870871543884,0.4395197629928589
YLR014C,YOL044W,0,0.81982744,0.13503937423229218,0.6825870871543884,0.4396198093891144
YPR198W,YOR283W,0,0.8197981,0.13501279056072235,0.6825870871543884,0.4397198557853699
YOL151W,YHR172W,0,0.8197132,0.13498622179031372,0.6825870871543884,0.43981990218162537
YIR014W,YHL018W,0,0.8194711,0.13495966792106628,0.6825870871543884,0.43991994857788086
YML118W,YPL183W-A,0,0.8191721,0.13493312895298004,0.6825870871543884,0.44002002477645874
YLL003W,YCR095C,0,0.81892973,0.1349065899848938,0.6825870871543884,0.44012007117271423
YMR112C,YBR107C,0,0.81846195,0.13488006591796875,0.6825870871543884,0.4402201175689697
YHR077C,YML118W,1,0.81798667,0.13505013287067413,0.683582067489624,0.4402201175689697
YHL040C,YKR027W,0,0.81783897,0.1350235790014267,0.683582067489624,0.4403201639652252
YKL211C,YGL095C,0,0.8176245,0.13499705493450165,0.683582067489624,0.4404202103614807
YLR408C,YKR059W,0,0.817396,0.1349705308675766,0.683582067489624,0.4405202567577362
YBR257W,YJL087C,1,0.8168097,0.13514044880867004,0.6845771074295044,0.4405202567577362
YER046W,YPL027W,0,0.81669265,0.1351139098405838,0.6845771074295044,0.4406203031539917
YAL013W,YPR119W,0,0.8164072,0.13508737087249756,0.6845771074295044,0.4407203495502472
YOR358W,YGR216C,0,0.81616795,0.1350608617067337,0.6845771074295044,0.4408203959465027
YPL040C,YKL054C,0,0.816097,0.13503435254096985,0.6845771074295044,0.44092047214508057
YML078W,YFL043C,0,0.81602204,0.135007843375206,0.6845771074295044,0.44102051854133606
YFL038C,YMR116C,1,0.8159064,0.13517755270004272,0.6855721473693848,0.44102051854133606
YMR224C,YNR040W,0,0.81579715,0.13515104353427887,0.6855721473693848,0.44112056493759155
YKR052C,YDR469W,0,0.815672,0.13512453436851501,0.6855721473693848,0.44122061133384705
YKR017C,YHL018W,0,0.8155541,0.13509804010391235,0.6855721473693848,0.44132065773010254
YKL025C,YHL012W,0,0.81543434,0.1350715607404709,0.6855721473693848,0.44142070412635803
YOR185C,YPR057W,0,0.8149868,0.13504508137702942,0.6855721473693848,0.4415207505226135
YLR445W,YHR079C-A,0,0.8146226,0.13501861691474915,0.6855721473693848,0.441620796918869
YMR160W,YMR046C,0,0.8142516,0.13499216735363007,0.6855721473693848,0.4417208731174469
YBR146W,YMR146C,0,0.8139927,0.134965717792511,0.6855721473693848,0.4418209195137024
YOR191W,YGR179C,0,0.81360835,0.1349392831325531,0.6855721473693848,0.4419209659099579
YER164W,YBR115C,0,0.81351876,0.1349128633737564,0.6855721473693848,0.4420210123062134
YDR354W,YNL218W,0,0.8131455,0.1348864585161209,0.6855721473693848,0.44212105870246887
YDL046W,YGL183C,0,0.8130676,0.1348600536584854,0.6855721473693848,0.44222110509872437
YDR279W,YDL224C,1,0.8130335,0.1350293606519699,0.6865671873092651,0.44222110509872437
YOL019W,YNR060W,0,0.8128021,0.13500294089317322,0.6865671873092651,0.44232115149497986
YMR146C,YMR316C-A,0,0.8127184,0.13497652113437653,0.6865671873092651,0.44242119789123535
YPL069C,YHR110W,0,0.81236094,0.13495013117790222,0.6865671873092651,0.44252127408981323
YHR070W,YOL125W,0,0.8122618,0.13492374122142792,0.6865671873092651,0.4426213204860687
YNR066C,YNR003C,0,0.8122243,0.1348973661661148,0.6865671873092651,0.4427213668823242
YGR157W,YOL144W,0,0.8113301,0.1348709911108017,0.6865671873092651,0.4428214132785797
YHL039W,YCL059C,0,0.8112535,0.13484463095664978,0.6865671873092651,0.4429214596748352
YMR174C,YKL200C,0,0.81110233,0.13481828570365906,0.6865671873092651,0.4430215060710907
YCL001W-B,YMR074C,0,0.81096596,0.13479195535182953,0.6865671873092651,0.4431215524673462
YKR038C,YLR371W,0,0.8109613,0.134765625,0.6865671873092651,0.4432215988636017
YJL004C,YNL095C,0,0.81092757,0.13473930954933167,0.6865671873092651,0.44332167506217957
YPR023C,YDL102W,1,0.81092066,0.13490824401378632,0.6875621676445007,0.44332167506217957
YCR057C,YDR248C,0,0.8108317,0.1348818987607956,0.6875621676445007,0.44342172145843506
YDR486C,YKL217W,0,0.8107622,0.13485558331012726,0.6875621676445007,0.44352176785469055
YBR265W,YBL098W,0,0.8103221,0.13482926785945892,0.6875621676445007,0.44362181425094604
YMR074C,YBR065C,0,0.8100219,0.13480296730995178,0.6875621676445007,0.44372186064720154
YDL120W,YJL006C,0,0.80991584,0.13477666676044464,0.6875621676445007,0.44382190704345703
YJL107C,YNL218W,0,0.8094065,0.1347503960132599,0.6875621676445007,0.4439219534397125
YOR359W,YBL097W,0,0.8093432,0.13472411036491394,0.6875621676445007,0.444021999835968
YDL095W,YPR158W-A,0,0.8092405,0.13469785451889038,0.6875621676445007,0.4441220462322235
YML010W,YBR235W,0,0.8091232,0.13467159867286682,0.6875621676445007,0.4442221224308014
YDL035C,YNL097C,0,0.8090969,0.13464535772800446,0.6875621676445007,0.4443221688270569
YNR036C,YDR421W,0,0.80902183,0.13461913168430328,0.6875621676445007,0.4444222152233124
YMR295C,YDL208W,0,0.80878806,0.1345929056406021,0.6875621676445007,0.44452226161956787
YDL080C,YJL187C,0,0.8086673,0.13456669449806213,0.6875621676445007,0.44462230801582336
YIL016W,YMR074C,0,0.8086384,0.13454049825668335,0.6875621676445007,0.44472235441207886
YPR067W,YCL026C-B,0,0.80845624,0.13451430201530457,0.6875621676445007,0.44482240080833435
YNL121C,YMR198W,0,0.8083287,0.13448812067508698,0.6875621676445007,0.44492244720458984
YLR277C,YPL214C,0,0.80832297,0.13446195423603058,0.6875621676445007,0.4450225234031677
YDR283C,YKR024C,0,0.80828357,0.13443580269813538,0.6875621676445007,0.4451225697994232
YGR052W,YMR084W,0,0.80820686,0.13440965116024017,0.6875621676445007,0.4452226161956787
YDR261C-C,YKR092C,0,0.8079282,0.13438351452350616,0.6875621676445007,0.4453226625919342
YLR413W,YMR049C,0,0.80761045,0.13435737788677216,0.6875621676445007,0.4454227089881897
YOL161C,YAL023C,0,0.8075302,0.13433125615119934,0.6875621676445007,0.4455227553844452
YLL053C,YHR079C-A,0,0.8074693,0.13430514931678772,0.6875621676445007,0.4456228017807007
YML118W,YNL004W,1,0.8074526,0.13447338342666626,0.6885572075843811,0.4456228017807007
YDR098C-B,YKR081C,0,0.8074248,0.13444724678993225,0.6885572075843811,0.4457228481769562
YPL280W,YER007W,0,0.80723065,0.13442113995552063,0.6885572075843811,0.44582292437553406
YKR057W,YPR057W,0,0.8071983,0.134395033121109,0.6885572075843811,0.44592297077178955
YBR170C,YIL038C,1,0.80626315,0.13456310331821442,0.6895522475242615,0.44592297077178955
YKL126W,YLR183C,0,0.80604213,0.1345369815826416,0.6895522475242615,0.44602301716804504
YNL054W-B,YDL155W,0,0.8058381,0.13451087474822998,0.6895522475242615,0.44612306356430054
YPR068C,YMR044W,0,0.80569464,0.13448476791381836,0.6895522475242615,0.44622310996055603
YOL042W,YNL072W,1,0.80551904,0.13465270400047302,0.6905472874641418,0.44622310996055603
YBL039C,YOL161C,0,0.80509835,0.1346265822649002,0.6905472874641418,0.4463231563568115
YDR098C-B,YLL007C,0,0.8050648,0.1346004605293274,0.6905472874641418,0.446423202753067
YLR319C,YLR455W,0,0.8048748,0.13457436859607697,0.6905472874641418,0.4465232491493225
YHR210C,YJR137C,0,0.80480844,0.13454827666282654,0.6905472874641418,0.4466233253479004
YOL103W,YDR281C,0,0.8047818,0.1345221996307373,0.6905472874641418,0.4467233717441559
YOR283W,YLL048C,0,0.80464953,0.13449612259864807,0.6905472874641418,0.4468234181404114
YER046W,YLR018C,0,0.8044004,0.13447006046772003,0.6905472874641418,0.44692346453666687
YNL134C,YPL183W-A,0,0.80405885,0.13444401323795319,0.6905472874641418,0.44702351093292236
YOR359W,YDL170W,0,0.8039068,0.13441798090934753,0.6905472874641418,0.44712355732917786
YDR009W,YHR041C,0,0.803613,0.13439194858074188,0.6905472874641418,0.44722360372543335
YER001W,YAL056W,0,0.8032289,0.13436593115329742,0.6905472874641418,0.44732365012168884
YNR055C,YNL312W,0,0.8031941,0.13433991372585297,0.6905472874641418,0.4474237263202667
YLL015W,YGR264C,0,0.8031222,0.1343139111995697,0.6905472874641418,0.4475237727165222
YGL187C,YBR293W,0,0.8028269,0.13428792357444763,0.6905472874641418,0.4476238191127777
YDR183W,YGL259W,0,0.8025506,0.13426195085048676,0.6905472874641418,0.4477238655090332
YMR228W,YKL043W,0,0.802481,0.13423597812652588,0.6905472874641418,0.4478239119052887
YIL082W-A,YLR134W,0,0.8019734,0.1342100203037262,0.6905472874641418,0.4479239583015442
YKL208W,YIL096C,0,0.8018978,0.1341840624809265,0.6905472874641418,0.4480240046977997
YDL109C,YKL043W,0,0.801871,0.13415813446044922,0.6905472874641418,0.4481240510940552
YLR099W-A,YLR114C,0,0.8013556,0.13413220643997192,0.6905472874641418,0.44822409749031067
YER108C,YHR042W,0,0.8013145,0.13410627841949463,0.6905472874641418,0.44832417368888855
YBR059C,YDR389W,0,0.8005879,0.13408036530017853,0.6905472874641418,0.44842422008514404
YBL080C,YBR293W,0,0.8005537,0.13405446708202362,0.6905472874641418,0.44852426648139954
YIL151C,YOL063C,1,0.80042267,0.13422170281410217,0.6915422677993774,0.44852426648139954
YGR001C,YDL233W,0,0.80027014,0.13419578969478607,0.6915422677993774,0.44862431287765503
YHR062C,YCL001W-B,1,0.799995,0.13436293601989746,0.6925373077392578,0.44862431287765503
YJR027W,YNL213C,0,0.7997444,0.13433700799942017,0.6925373077392578,0.4487243592739105
YNL072W,YPL123C,1,0.7997393,0.1345040500164032,0.6935323476791382,0.4487243592739105
YOR172W,YDL208W,0,0.7995601,0.1344781070947647,0.6935323476791382,0.448824405670166
YDR164C,YHL039W,0,0.79950786,0.13445216417312622,0.6935323476791382,0.4489244520664215
YGR174C,YNL116W,0,0.7994724,0.13442623615264893,0.6935323476791382,0.449024498462677
YGR175C,YKL088W,0,0.79934156,0.13440030813217163,0.6935323476791382,0.4491245746612549
YBL080C,YLR228C,0,0.79910046,0.13437439501285553,0.6935323476791382,0.4492246210575104
YCL001W-B,YIL062C,0,0.79873145,0.13434849679470062,0.6935323476791382,0.44932466745376587
YNL153C,YOL113W,0,0.7984856,0.13432259857654572,0.6935323476791382,0.44942471385002136
YCL005W-A,YBR223C,0,0.7982026,0.1342967301607132,0.6935323476791382,0.44952476024627686
YPL011C,YLR086W,0,0.7975319,0.13427084684371948,0.6935323476791382,0.44962480664253235
YOL022C,YNR073C,0,0.7974542,0.13424499332904816,0.6935323476791382,0.44972485303878784
YAL042W,YNL153C,0,0.7972523,0.13421913981437683,0.6935323476791382,0.44982489943504333
YJR137C,YBR004C,0,0.79715997,0.1341933012008667,0.6935323476791382,0.4499249756336212
YBR142W,YNL318C,0,0.79699606,0.13416746258735657,0.6935323476791382,0.4500250220298767
YKR080W,YBR265W,0,0.7960654,0.13414165377616882,0.6935323476791382,0.4501250684261322
YLL015W,YOR391C,0,0.79584223,0.13411583006381989,0.6935323476791382,0.4502251148223877
YER007W,YJR153W,0,0.7953335,0.13409003615379333,0.6935323476791382,0.4503251612186432
YDR483W,YGR089W,0,0.7949973,0.13406424224376678,0.6935323476791382,0.4504252076148987
YER154W,YKL037W,0,0.79473627,0.13403846323490143,0.6935323476791382,0.4505252540111542
YGL187C,YLR154W-C,0,0.7946536,0.13401268422603607,0.6935323476791382,0.45062530040740967
YOR264W,YDL064W,0,0.79448587,0.1339869350194931,0.6935323476791382,0.45072537660598755
YGL234W,YHL002W,0,0.7944811,0.13396117091178894,0.6935323476791382,0.45082542300224304
YDL233W,YOR283W,0,0.7941861,0.13393543660640717,0.6935323476791382,0.45092546939849854
YNL069C,YER089C,0,0.7940515,0.1339097023010254,0.6935323476791382,0.45102551579475403
YMR029C,YJR082C,0,0.7940395,0.1338839828968048,0.6935323476791382,0.4511255621910095
YOR304C-A,YLR018C,0,0.79381347,0.13385826349258423,0.6935323476791382,0.451225608587265
YIR003W,YBR267W,0,0.793615,0.13383255898952484,0.6935323476791382,0.4513256549835205
YJL127C-B,YHR162W,0,0.7934676,0.13380686938762665,0.6935323476791382,0.451425701379776
YNL202W,YBL103C,0,0.79335934,0.13378119468688965,0.6935323476791382,0.4515257775783539
YCR037C,YLR165C,0,0.79325944,0.13375551998615265,0.6935323476791382,0.4516258239746094
YMR116C,YDR293C,1,0.7932592,0.13392171263694763,0.6945273876190186,0.4516258239746094
YER130C,YOR205C,0,0.79323107,0.13389602303504944,0.6945273876190186,0.45172587037086487
YLR213C,YCL005W-A,0,0.7929064,0.13387034833431244,0.6945273876190186,0.45182591676712036
YCL047C,YHR214W-G,0,0.79258806,0.13384467363357544,0.6945273876190186,0.45192596316337585
YKL001C,YDL245C,0,0.792525,0.13381901383399963,0.6945273876190186,0.45202600955963135
YGR001C,YIL177C,0,0.7924964,0.13379336893558502,0.6945273876190186,0.45212605595588684
YDL223C,YER181C,0,0.79227716,0.1337677240371704,0.6945273876190186,0.45222610235214233
YLR445W,YDL080C,0,0.79226786,0.133742094039917,0.6945273876190186,0.4523261487483978
YPR067W,YMR175W,0,0.7917992,0.13371647894382477,0.6945273876190186,0.4524262249469757
YKL087C,YHR039C-A,0,0.79138666,0.13369086384773254,0.6945273876190186,0.4525262713432312
YGR067C,YBR271W,0,0.7911921,0.1336652636528015,0.6945273876190186,0.4526263177394867
YPL021W,YLR005W,0,0.791169,0.13363966345787048,0.6945273876190186,0.4527263641357422
YLR372W,YEL061C,0,0.79092366,0.13361409306526184,0.6945273876190186,0.4528264105319977
YNL115C,YCL058C,0,0.79019576,0.1335885226726532,0.6945273876190186,0.4529264569282532
YJR057W,YMR031C,0,0.7899944,0.13356295228004456,0.6945273876190186,0.45302650332450867
YMR153W,YKL043W,0,0.7899819,0.1335373967885971,0.6945273876190186,0.45312654972076416
YPR193C,YAL035W,0,0.78991014,0.13351185619831085,0.6945273876190186,0.45322662591934204
YDR098C-B,YNL323W,0,0.7899011,0.1334863305091858,0.6945273876190186,0.45332667231559753
YDR266C,YOL149W,1,0.78983873,0.133652001619339,0.6955223679542542,0.45332667231559753
YLR178C,YOR064C,0,0.7895803,0.13362646102905273,0.6955223679542542,0.453426718711853
YBR131W,YPL202C,0,0.7894085,0.13360092043876648,0.6955223679542542,0.4535267651081085
YNL283C,YHR187W,0,0.7891728,0.13357537984848022,0.6955223679542542,0.453626811504364
YBR163W,YLR314C,0,0.78901815,0.13354986906051636,0.6955223679542542,0.4537268579006195
YLR419W,YOL107W,0,0.7887878,0.1335243582725525,0.6955223679542542,0.453826904296875
YNL216W,YBL085W,0,0.78871685,0.13349884748458862,0.6955223679542542,0.4539269506931305
YKL221W,YDL247W,0,0.78870195,0.13347336649894714,0.6955223679542542,0.4540270268917084
YGR275W,YBL106C,0,0.7885344,0.13344788551330566,0.6955223679542542,0.45412707328796387
YDR356W,YNL312W,0,0.7885166,0.13342240452766418,0.6955223679542542,0.45422711968421936
YBR026C,YDR040C,0,0.7884416,0.1333969533443451,0.6955223679542542,0.45432716608047485
YGL131C,YDR511W,0,0.78786874,0.1333714872598648,0.6955223679542542,0.45442721247673035
YPR085C,YMR040W,0,0.7873836,0.1333460509777069,0.6955223679542542,0.45452725887298584
YER169W,YER157W,0,0.7869453,0.133320614695549,0.6955223679542542,0.45462730526924133
YKR023W,YMR228W,0,0.7863546,0.1332951933145523,0.6955223679542542,0.4547273516654968
YLL057C,YBR271W,0,0.7863534,0.1332697868347168,0.6955223679542542,0.4548274278640747
YOR194C,YDR486C,0,0.7861448,0.1332443803548813,0.6955223679542542,0.4549274742603302
YGR244C,YNL190W,0,0.7860993,0.13321898877620697,0.6955223679542542,0.4550275206565857
YPR145W,YDL229W,0,0.7857565,0.13319359719753265,0.6955223679542542,0.4551275670528412
YDR072C,YEL064C,0,0.7850897,0.13316822052001953,0.6955223679542542,0.4552276134490967
YNL273W,YMR085W,0,0.78480756,0.1331428587436676,0.6955223679542542,0.4553276598453522
YMR085W,YKR081C,0,0.7847019,0.13311749696731567,0.6955223679542542,0.45542770624160767
YDR261C-C,YPL095C,0,0.78448814,0.13309215009212494,0.6955223679542542,0.45552775263786316
YDL102W,YEL015W,1,0.78432477,0.1332571804523468,0.6965174078941345,0.45552775263786316
YDR532C,YMR175W,0,0.7843,0.13323181867599487,0.6965174078941345,0.45562779903411865
YNL149C,YMR143W,0,0.7838208,0.13320647180080414,0.6965174078941345,0.45572787523269653
YOR025W,YIL117C,0,0.78358704,0.1331811249256134,0.6965174078941345,0.455827921628952
YLR001C,YEL061C,0,0.783401,0.13315579295158386,0.6965174078941345,0.4559279680252075
YNL202W,YDL047W,0,0.7830404,0.13313046097755432,0.6965174078941345,0.456028014421463
YER006W,YOR343C-A,0,0.7827298,0.13310515880584717,0.6965174078941345,0.4561280608177185
YER052C,YEL064C,0,0.7812614,0.13307984173297882,0.6965174078941345,0.456228107213974
YCR011C,YER070W,0,0.78122914,0.13305455446243286,0.6965174078941345,0.4563281536102295
YLR249W,YCL026C-B,0,0.781173,0.1330292671918869,0.6965174078941345,0.456428200006485
YPL005W,YBR025C,0,0.7808491,0.13300399482250214,0.6965174078941345,0.45652827620506287
YBR142W,YLR445W,0,0.7807687,0.13297872245311737,0.6965174078941345,0.45662832260131836
YMR264W,YLR238W,0,0.78015673,0.1329534649848938,0.6965174078941345,0.45672836899757385
YDR148C,YJR032W,0,0.78014416,0.13292822241783142,0.6965174078941345,0.45682841539382935
YBR200W,YOR205C,0,0.7800654,0.13290297985076904,0.6965174078941345,0.45692846179008484
YHR097C,YDL235C,0,0.77972656,0.13287775218486786,0.6965174078941345,0.45702850818634033
YKR051W,YER046W,0,0.7796122,0.13285253942012787,0.6965174078941345,0.4571285545825958
YPL178W,YOL012C,1,0.77954274,0.13301707804203033,0.6975124478340149,0.4571285545825958
YLR099W-A,YHL007C,0,0.7791391,0.13299183547496796,0.6975124478340149,0.4572286009788513
YMR236W,YDL043C,0,0.77912784,0.13296662271022797,0.6975124478340149,0.4573286771774292
YOR158W,YGL058W,0,0.77910113,0.13294139504432678,0.6975124478340149,0.4574287235736847
YDL193W,YBL103C,0,0.77909213,0.13291619718074799,0.6975124478340149,0.4575287699699402
YML033W,YJL004C,0,0.7790664,0.1328909993171692,0.6975124478340149,0.4576288163661957
YDR266C,YDL175C,1,0.7788212,0.13305534422397614,0.6985074877738953,0.4576288163661957
YOR063W,YNL314W,0,0.7786759,0.13303013145923615,0.6985074877738953,0.45772886276245117
YHR187W,YBR094W,0,0.7783211,0.13300491869449615,0.6985074877738953,0.45782890915870667
YPR191W,YML006C,0,0.7781722,0.13297973573207855,0.6985074877738953,0.45792895555496216
YGL207W,YCL021W-A,0,0.77816564,0.13295455276966095,0.6985074877738953,0.45802900195121765
YHR133C,YPR035W,0,0.77772194,0.13292936980724335,0.6985074877738953,0.45812907814979553
YLR291C,YML024W,0,0.7773188,0.13290420174598694,0.6985074877738953,0.458229124546051
YNL065W,YIL009C-A,0,0.7772278,0.13287904858589172,0.6985074877738953,0.4583291709423065
YOR191W,YMR318C,0,0.77653456,0.1328538954257965,0.6985074877738953,0.458429217338562
YDR151C,YGL094C,1,0.77651596,0.13301797211170197,0.6995024681091309,0.458429217338562
YGR199W,YNR060W,0,0.776496,0.13299280405044556,0.6995024681091309,0.4585292637348175
YGL178W,YPR189W,1,0.7764756,0.13315680623054504,0.7004975080490112,0.4585292637348175
YHR021C,YNL314W,0,0.77608734,0.13313162326812744,0.7004975080490112,0.458629310131073
YLR383W,YGR100W,0,0.77589226,0.13310644030570984,0.7004975080490112,0.4587293565273285
YPL256C,YDR210W-D,0,0.7758854,0.13308128714561462,0.7004975080490112,0.458829402923584
YPL110C,YBR122C,0,0.77543217,0.1330561339855194,0.7004975080490112,0.45892947912216187
YDR251W,YFL059W,0,0.7754248,0.1330309957265854,0.7004975080490112,0.45902952551841736
YJL194W,YJR057W,0,0.7750129,0.13300585746765137,0.7004975080490112,0.45912957191467285
YHR110W,YGL173C,0,0.7750109,0.13298073410987854,0.7004975080490112,0.45922961831092834
YPR200C,YDR110W,0,0.77487975,0.1329556256532669,0.7004975080490112,0.45932966470718384
YPL027W,YBR172C,0,0.77476686,0.13293051719665527,0.7004975080490112,0.45942971110343933
YIL151C,YNL004W,1,0.77472836,0.1330942064523697,0.7014925479888916,0.45942971110343933
YDR127W,YIL115C,0,0.7747102,0.13306908309459686,0.7014925479888916,0.4595297574996948
YDR105C,YOR251C,0,0.774706,0.13304397463798523,0.7014925479888916,0.4596298038959503
YHR077C,YPL199C,1,0.77465856,0.1332075446844101,0.702487587928772,0.4596298038959503
YGR287C,YOL152W,0,0.77426225,0.13318242132663727,0.702487587928772,0.4597298502922058
YGL233W,YBL028C,0,0.77369577,0.13315729796886444,0.702487587928772,0.4598299264907837
YDR028C,YNL191W,0,0.773457,0.1331321895122528,0.702487587928772,0.4599299728870392
YBR129C,YNL121C,0,0.7727358,0.13310709595680237,0.702487587928772,0.4600300192832947
YKL097W-A,YNL216W,0,0.772706,0.13308200240135193,0.702487587928772,0.46013006567955017
YLR064W,YNL112W,0,0.7726919,0.13305692374706268,0.702487587928772,0.46023011207580566
YCL001W-A,YBR265W,0,0.77213234,0.13303184509277344,0.702487587928772,0.46033015847206116
YNL157W,YOL149W,1,0.77209026,0.1331951767206192,0.7034825682640076,0.46033015847206116
YNL147W,YOL072W,1,0.7720111,0.1333584487438202,0.7044776082038879,0.46033015847206116
YDR393W,YHR077C,0,0.7719815,0.13333334028720856,0.7044776082038879,0.46043020486831665
YNL156C,YOR255W,0,0.77178794,0.13330823183059692,0.7044776082038879,0.46053025126457214
YJL038C,YER083C,0,0.77160114,0.13328313827514648,0.7044776082038879,0.46063032746315
YDR370C,YPL042C,1,0.7714534,0.13344626128673553,0.7054726481437683,0.46063032746315
YDL046W,YGL009C,0,0.7712327,0.1334211528301239,0.7054726481437683,0.4607303738594055
YJL038C,YMR295C,0,0.7711437,0.13339604437351227,0.7054726481437683,0.460830420255661
YBL037W,YOR343C-A,0,0.7709029,0.13337095081806183,0.7054726481437683,0.4609304666519165
YGR067C,YEL051W,0,0.7708737,0.13334587216377258,0.7054726481437683,0.461030513048172
YGR048W,YLR001C,0,0.7707167,0.13332079350948334,0.7054726481437683,0.4611305594444275
YIL177C,YDR364C,0,0.77070373,0.13329572975635529,0.7054726481437683,0.461230605840683
YOR287C,YHR051W,0,0.7702213,0.13327068090438843,0.7054726481437683,0.4613306522369385
YDR456W,YER020W,0,0.7701356,0.13324563205242157,0.7054726481437683,0.46143072843551636
YOL044W,YGR287C,0,0.7701228,0.1332205981016159,0.7054726481437683,0.46153077483177185
YIL133C,YIR021W,0,0.7695051,0.13319556415081024,0.7054726481437683,0.46163082122802734
YMR125W,YNL072W,1,0.76939076,0.13335837423801422,0.7064676880836487,0.46163082122802734
YDL130W,YML038C,0,0.76938695,0.13333334028720856,0.7064676880836487,0.46173086762428284
YJL189W,YPL066W,0,0.76925045,0.1333083063364029,0.7064676880836487,0.46183091402053833
YOR064C,YLR238W,0,0.76902694,0.13328327238559723,0.7064676880836487,0.4619309604167938
YLR064W,YHL036W,0,0.76897043,0.13325825333595276,0.7064676880836487,0.4620310068130493
YMR027W,YDL051W,0,0.7685764,0.13323324918746948,0.7064676880836487,0.4621310532093048
YGR005C,YHR014W,0,0.7684125,0.1332082599401474,0.7064676880836487,0.4622311294078827
YDR483W,YPL173W,0,0.76799464,0.13318327069282532,0.7064676880836487,0.4623311758041382
YOL060C,YNL330C,0,0.7679729,0.13315829634666443,0.7064676880836487,0.4624312222003937
YER115C,YHL002W,0,0.76794297,0.13313332200050354,0.7064676880836487,0.46253126859664917
YPR137C-B,YKR038C,0,0.7672738,0.13310836255550385,0.7064676880836487,0.46263131499290466
YHL002W,YNL025C,0,0.766964,0.13308341801166534,0.7064676880836487,0.46273136138916016
YHR019C,YPL041C,0,0.76638263,0.13305847346782684,0.7064676880836487,0.46283140778541565
YGL080W,YKL011C,0,0.7662501,0.13303354382514954,0.7064676880836487,0.46293145418167114
YGL183C,YJR151C,0,0.7659568,0.13300861418247223,0.7064676880836487,0.463031530380249
YDR527W,YDL170W,0,0.76520884,0.13298369944095612,0.7064676880836487,0.4631315767765045
YCL001W-A,YMR172W,0,0.7649787,0.1329587996006012,0.7064676880836487,0.46323162317276
YPL110C,YDL178W,0,0.76485544,0.13293391466140747,0.7064676880836487,0.4633316695690155
YHR214C-C,YNL020C,0,0.7646695,0.13290902972221375,0.7064676880836487,0.463431715965271
YFL014W,YHL013C,0,0.7646423,0.13288414478302002,0.7064676880836487,0.4635317623615265
YMR051C,YFL043C,0,0.76462764,0.1328592747449875,0.7064676880836487,0.463631808757782
YOR396W,YNL142W,0,0.76446027,0.13283441960811615,0.7064676880836487,0.4637318551540375
YGR078C,YAL023C,0,0.76446,0.132809579372406,0.7064676880836487,0.46383190155029297
YGR215W,YMR113W,0,0.7643157,0.13278473913669586,0.7064676880836487,0.46393197774887085
YML112W,YBR204C,0,0.76414347,0.1327599138021469,0.7064676880836487,0.46403202414512634
YDR463W,YOL044W,0,0.7640813,0.13273508846759796,0.7064676880836487,0.46413207054138184
YDR251W,YHL040C,0,0.76320106,0.1327102780342102,0.7064676880836487,0.46423211693763733
YBR106W,YLR432W,0,0.7630405,0.13268548250198364,0.7064676880836487,0.4643321633338928
YMR044W,YDR020C,0,0.7627643,0.13266068696975708,0.7064676880836487,0.4644322097301483
YBR008C,YLR106C,0,0.76258296,0.1326359063386917,0.7064676880836487,0.4645322561264038
YIL134W,YHL039W,0,0.76246786,0.13261112570762634,0.7064676880836487,0.4646323025226593
YHL042W,YPR011C,0,0.76240325,0.13258637487888336,0.7064676880836487,0.4647323787212372
YGL080W,YNL196C,0,0.76211506,0.1325616091489792,0.7064676880836487,0.4648324251174927
YBL100W-B,YNR022C,0,0.7620062,0.1325368732213974,0.7064676880836487,0.46493247151374817
YOR359W,YAL019W,0,0.7619801,0.1325121372938156,0.7064676880836487,0.46503251791000366
YDL085W,YML067C,0,0.7613583,0.13248740136623383,0.7064676880836487,0.46513256430625916
YOR396W,YLR314C,0,0.76118535,0.13246268033981323,0.7064676880836487,0.46523261070251465
YPR009W,YDL119C,0,0.7609889,0.13243797421455383,0.7064676880836487,0.46533265709877014
YPR198W,YGR091W,0,0.7608638,0.13241328299045563,0.7064676880836487,0.46543270349502563
YPR023C,YKL009W,1,0.7606459,0.13257504999637604,0.7074626684188843,0.46543270349502563
YNR027W,YPL199C,0,0.76043504,0.13255032896995544,0.7074626684188843,0.4655327796936035
YAR020C,YBR109C,0,0.7602517,0.13252562284469604,0.7074626684188843,0.465632826089859
YDL233W,YNL264C,0,0.7601949,0.13250093162059784,0.7074626684188843,0.4657328724861145
YKL200C,YPL026C,0,0.7600775,0.13247624039649963,0.7074626684188843,0.46583291888237
YAR015W,YAL054C,0,0.76007384,0.13245156407356262,0.7074626684188843,0.4659329652786255
YNL244C,YBR202W,0,0.7597695,0.1324268877506256,0.7074626684188843,0.466033011674881
YDR524C,YJL154C,0,0.7596297,0.132402241230011,0.7074626684188843,0.4661330580711365
YKL208W,YEL015W,1,0.75952655,0.1325637698173523,0.7084577083587646,0.4661330580711365
YDR183W,YMR001C,0,0.759374,0.13253909349441528,0.7084577083587646,0.46623310446739197
YDR469W,YHR038W,0,0.75920767,0.13251441717147827,0.7084577083587646,0.46633318066596985
YDR483W,YBR107C,0,0.7592042,0.13248977065086365,0.7084577083587646,0.46643322706222534
YGL045W,YPL149W,0,0.7590808,0.13246510922908783,0.7084577083587646,0.46653327345848083
YMR210W,YKR001C,0,0.75860626,0.1324404776096344,0.7084577083587646,0.46663331985473633
YJL047C,YDR370C,1,0.7584288,0.13260182738304138,0.709452748298645,0.46663331985473633
YPR158C-D,YJR059W,0,0.75832766,0.13257716596126556,0.709452748298645,0.4667333662509918
YOR093C,YCR015C,0,0.7580008,0.13255251944065094,0.709452748298645,0.4668334126472473
YDR279W,YIR033W,1,0.75798607,0.13271375000476837,0.7104477882385254,0.4668334126472473
YNL213C,YNR060W,0,0.7579511,0.13268908858299255,0.7104477882385254,0.4669334590435028
YGR091W,YLR256W,0,0.7578624,0.13266444206237793,0.7104477882385254,0.4670335054397583
YOR291W,YLR432W,0,0.7578498,0.1326397955417633,0.7104477882385254,0.4671335816383362
YKR036C,YDR421W,0,0.7576969,0.13261514902114868,0.7104477882385254,0.4672336280345917
YDR315C,YIL038C,1,0.7576377,0.13277623057365417,0.711442768573761,0.4672336280345917
YGL189C,YHR210C,0,0.7575579,0.13275158405303955,0.711442768573761,0.46733367443084717
YCL074W,YGR092W,0,0.75754064,0.13272693753242493,0.711442768573761,0.46743372082710266
YMR275C,YPL192C,0,0.75741166,0.1327023059129715,0.711442768573761,0.46753376722335815
YCL075W,YJR135W-A,0,0.7573821,0.13267767429351807,0.711442768573761,0.46763381361961365
YER069W,YIL013C,0,0.7569193,0.13265305757522583,0.711442768573761,0.46773386001586914
YMR275C,YBR109C,0,0.7566829,0.1326284557580948,0.711442768573761,0.46783390641212463
YPR068C,YDR324C,0,0.75653774,0.13260385394096375,0.711442768573761,0.4679339528083801
YER050C,YJR049C,0,0.7562159,0.1325792670249939,0.711442768573761,0.468034029006958
YDR279W,YPL002C,0,0.75620174,0.13255469501018524,0.711442768573761,0.4681340754032135
YDR314C,YIL119C,0,0.7560118,0.1325301229953766,0.711442768573761,0.468234121799469
YBR004C,YPL084W,0,0.7556122,0.13250556588172913,0.711442768573761,0.4683341681957245
YLR287C,YGR100W,0,0.75549304,0.13248100876808167,0.711442768573761,0.46843421459198
YGL222C,YFL038C,1,0.75507504,0.1326417177915573,0.7124378085136414,0.46843421459198
YLR178C,YDR135C,0,0.75506014,0.13261714577674866,0.7124378085136414,0.4685342609882355
YHR097C,YNL004W,0,0.7550464,0.1325925886631012,0.7124378085136414,0.46863430738449097
YNL084C,YNL196C,0,0.75468916,0.13256804645061493,0.7124378085136414,0.46873435378074646
YJR014W,YKL039W,0,0.7545281,0.13254350423812866,0.7124378085136414,0.46883442997932434
YHR122W,YCR015C,0,0.75445616,0.1325189769268036,0.7124378085136414,0.46893447637557983
YNL156C,YGL009C,0,0.75432223,0.13249444961547852,0.7124378085136414,0.4690345227718353
YMR073C,YMR046C,0,0.7540192,0.13246993720531464,0.7124378085136414,0.4691345691680908
YJR074W,YCL026C-B,0,0.7533545,0.13244542479515076,0.7124378085136414,0.4692346155643463
YDR343C,YIR021W,0,0.75324106,0.13242094218730927,0.7124378085136414,0.4693346619606018
YBR008C,YER108C,0,0.75288063,0.13239644467830658,0.7124378085136414,0.4694347083568573
YCL011C,YPR023C,1,0.7527595,0.13255685567855835,0.7134328484535217,0.4694347083568573
YIL030C,YHL020C,0,0.75253105,0.13253234326839447,0.7134328484535217,0.4695347547531128
YDR210W-D,YHR090C,0,0.75242156,0.13250786066055298,0.7134328484535217,0.4696348309516907
YIR014W,YKR101W,0,0.75240004,0.1324833631515503,0.7134328484535217,0.46973487734794617
YKL059C,YLL006W,0,0.7523902,0.13245889544487,0.7134328484535217,0.46983492374420166
YLL057C,YCL074W,0,0.75231314,0.1324344277381897,0.7134328484535217,0.46993497014045715
YBR177C,YPR158W-A,0,0.75213367,0.1324099749326706,0.7134328484535217,0.47003501653671265
YNL142W,YER070W,0,0.75211227,0.1323855221271515,0.7134328484535217,0.47013506293296814
YNL065W,YPR098C,0,0.7517868,0.13236108422279358,0.7134328484535217,0.47023510932922363
YNL190W,YBR119W,0,0.7515833,0.13233666121959686,0.7134328484535217,0.4703351557254791
YER046W,YJR051W,0,0.75142884,0.13231223821640015,0.7134328484535217,0.470435231924057
YOR381W,YGR013W,0,0.7513564,0.13228783011436462,0.7134328484535217,0.4705352783203125
YDL095W,YNR040W,0,0.7509703,0.1322634220123291,0.7134328484535217,0.470635324716568
YER130C,YLR287C,0,0.7508828,0.13223902881145477,0.7134328484535217,0.4707353711128235
YLR023C,YOR274W,0,0.7507554,0.13221463561058044,0.7134328484535217,0.470835417509079
YMR111C,YNL190W,0,0.7506817,0.1321902722120285,0.7134328484535217,0.4709354639053345
YHR123W,YPL196W,0,0.75034565,0.13216589391231537,0.7134328484535217,0.47103551030158997
YKR103W,YLR445W,0,0.7500018,0.13214154541492462,0.7134328484535217,0.47113555669784546
YBR265W,YAL051W,0,0.74998456,0.13211719691753387,0.7134328484535217,0.47123560309410095
YKL039W,YBL098W,0,0.74990267,0.13209284842014313,0.7134328484535217,0.47133567929267883
YJL107C,YGL009C,0,0.7498165,0.13206851482391357,0.7134328484535217,0.4714357256889343
YOL094C,YMR160W,0,0.74964833,0.13204419612884521,0.7134328484535217,0.4715357720851898
YIL068C,YBR059C,0,0.7495948,0.13201989233493805,0.7134328484535217,0.4716358184814453
YPR090W,YPL021W,0,0.7491252,0.13199558854103088,0.7134328484535217,0.4717358648777008
YDR188W,YOL161C,0,0.7490899,0.13197128474712372,0.7134328484535217,0.4718359112739563
YPL010W,YGL185C,0,0.7489511,0.13194699585437775,0.7134328484535217,0.4719359576702118
YDL171C,YIL153W,0,0.7487836,0.13192272186279297,0.7134328484535217,0.4720360040664673
YKR075C,YCL001W-A,0,0.74859923,0.1318984478712082,0.7134328484535217,0.47213608026504517
YGR287C,YMR220W,0,0.748366,0.1318741887807846,0.7134328484535217,0.47223612666130066
YMR211W,YDL132W,0,0.7482526,0.13184994459152222,0.7134328484535217,0.47233617305755615
YPR191W,YJL178C,0,0.7479631,0.13182570040225983,0.7134328484535217,0.47243621945381165
YOR303W,YHR033W,0,0.747632,0.13180147111415863,0.7134328484535217,0.47253626585006714
YGR068C,YEL064C,0,0.74759007,0.13177724182605743,0.7134328484535217,0.47263631224632263
YDL089W,YBL100W-B,0,0.7475534,0.13175302743911743,0.7134328484535217,0.4727363586425781
YOR032C,YMR014W,0,0.74750394,0.13172882795333862,0.7134328484535217,0.4728364050388336
YCL001W-A,YFR031C,0,0.74741626,0.13170462846755981,0.7134328484535217,0.4729364812374115
YDR261C-C,YER007W,0,0.74737823,0.1316804438829422,0.7134328484535217,0.473036527633667
YOL097C,YOR068C,0,0.7473317,0.13165625929832458,0.7134328484535217,0.4731365740299225
YOR283W,YIL034C,0,0.7469229,0.13163208961486816,0.7134328484535217,0.473236620426178
YKL181W,YDL155W,0,0.7468941,0.13160793483257294,0.7134328484535217,0.47333666682243347
YGR006W,YKR096W,1,0.74679685,0.13176730275154114,0.7144278883934021,0.47333666682243347
YOL002C,YPR158W-A,0,0.74666625,0.13174311816692352,0.7144278883934021,0.47343671321868896
YOR190W,YBL037W,0,0.74660844,0.1317189484834671,0.7144278883934021,0.47353675961494446
YJR131W,YPL199C,0,0.7463266,0.13169479370117188,0.7144278883934021,0.47363680601119995
YIL177C,YOL002C,0,0.74592227,0.13167063891887665,0.7144278883934021,0.47373688220977783
YOR358W,YDR064W,0,0.7455867,0.13164649903774261,0.7144278883934021,0.4738369286060333
YJL047C,YDL175C,1,0.74504393,0.1318056881427765,0.7154228687286377,0.4738369286060333
YER001W,YKL208W,0,0.7444395,0.13178151845932007,0.7154228687286377,0.4739369750022888
YMR088C,YDR293C,0,0.7442766,0.13175737857818604,0.7154228687286377,0.4740370213985443
YJR035W,YCL026C-B,0,0.74424773,0.131733238697052,0.7154228687286377,0.4741370677947998
YAL013W,YGR092W,0,0.7439933,0.13170909881591797,0.7154228687286377,0.4742371141910553
YMR077C,YFL035C,0,0.7438717,0.13168498873710632,0.7154228687286377,0.4743371605873108
YMR076C,YOL059W,0,0.7434507,0.13166086375713348,0.7154228687286377,0.4744372069835663
YGR180C,YDL066W,0,0.7432672,0.13163676857948303,0.7154228687286377,0.47453728318214417
YKL222C,YMR076C,0,0.74301153,0.13161267340183258,0.7154228687286377,0.47463732957839966
YOR063W,YNL318C,0,0.74284405,0.13158857822418213,0.7154228687286377,0.47473737597465515
YPR175W,YKR027W,0,0.7428301,0.13156449794769287,0.7154228687286377,0.47483742237091064
YLL053C,YHR214C-C,0,0.74258167,0.1315404325723648,0.7154228687286377,0.47493746876716614
YNL112W,YLL056C,0,0.7425594,0.13151636719703674,0.7154228687286377,0.47503751516342163
YLR398C,YGL107C,1,0.7421469,0.13167519867420197,0.7164179086685181,0.47503751516342163
YGR052W,YBL023C,0,0.74209106,0.1316511183977127,0.7164179086685181,0.4751375615596771
YER007W,YCR092C,0,0.74202996,0.13162705302238464,0.7164179086685181,0.4752376079559326
YEL077C,YGL039W,0,0.74180526,0.13160300254821777,0.7164179086685181,0.4753376543521881
YKR101W,YNL312W,0,0.7416014,0.1315789520740509,0.7164179086685181,0.475437730550766
YJR017C,YOR274W,0,0.7415536,0.13155490159988403,0.7164179086685181,0.4755377769470215
YHL050C,YKL011C,0,0.7413109,0.13153086602687836,0.7164179086685181,0.475637823343277
YPL042C,YNR024W,1,0.7412193,0.13168950378894806,0.7174129486083984,0.475637823343277
YOR166C,YJR091C,1,0.74105626,0.1318480670452118,0.7184079885482788,0.475637823343277
YDL210W,YHL012W,0,0.7408387,0.13182398676872253,0.7184079885482788,0.47573786973953247
YHR047C,YJR105W,0,0.74077505,0.13179992139339447,0.7184079885482788,0.47583791613578796
YOR316C,YPL101W,0,0.7404779,0.1317758709192276,0.7184079885482788,0.47593796253204346
YER069W,YNL112W,0,0.7402043,0.13175182044506073,0.7184079885482788,0.47603800892829895
YJR017C,YHR014W,0,0.7396588,0.13172778487205505,0.7184079885482788,0.47613805532455444
YPL168W,YHL021C,0,0.7391516,0.13170376420021057,0.7184079885482788,0.4762381315231323
YPL256C,YLL054C,0,0.7391156,0.1316797435283661,0.7184079885482788,0.4763381779193878
YPL256C,YAL035W,0,0.738816,0.1316557228565216,0.7184079885482788,0.4764382243156433
YBR191W,YHR071W,0,0.73846817,0.13163171708583832,0.7184079885482788,0.4765382707118988
YOL095C,YML125C,0,0.7383862,0.13160772621631622,0.7184079885482788,0.4766383171081543
YIR014W,YPL203W,0,0.7381802,0.13158375024795532,0.7184079885482788,0.4767383635044098
YJR131W,YPL159C,0,0.7378555,0.13155975937843323,0.7184079885482788,0.4768384099006653
YER073W,YGR067C,0,0.737826,0.13153579831123352,0.7184079885482788,0.4769384562969208
YDR490C,YPL123C,1,0.73766065,0.1316939890384674,0.7194029688835144,0.4769384562969208
YHR077C,YDR374C,1,0.7375571,0.13185212016105652,0.7203980088233948,0.4769384562969208
YPL005W,YBR282W,0,0.7375395,0.13182811439037323,0.7203980088233948,0.47703853249549866
YGL048C,YJL087C,1,0.73751634,0.13198617100715637,0.7213930487632751,0.47703853249549866
YGL094C,YOR343C-A,0,0.7375122,0.1319621354341507,0.7213930487632751,0.47713857889175415
YER010C,YHR183W,0,0.737089,0.1319381296634674,0.7213930487632751,0.47723862528800964
YLR187W,YKL032C,0,0.73708063,0.13191412389278412,0.7213930487632751,0.47733867168426514
YIL151C,YKL220C,1,0.73699707,0.13207204639911652,0.7223880887031555,0.47733867168426514
YJR027W,YBL106C,0,0.736842,0.13204801082611084,0.7223880887031555,0.47743871808052063
YOR100C,YGR206W,0,0.7366139,0.13202400505542755,0.7223880887031555,0.4775387644767761
YCR106W,YLR073C,0,0.7365688,0.13199999928474426,0.7223880887031555,0.4776388108730316
YFR031C,YLR080W,0,0.7362745,0.13197600841522217,0.7223880887031555,0.4777388572692871
YKR049C,YDL132W,0,0.736005,0.13195201754570007,0.7223880887031555,0.477838933467865
YER001W,YBR014C,0,0.7359376,0.13192804157733917,0.7223880887031555,0.4779389798641205
YDR210C-D,YNR050C,0,0.73592544,0.13190406560897827,0.7223880887031555,0.478039026260376
YOL152W,YDR293C,0,0.7354501,0.13188010454177856,0.7223880887031555,0.47813907265663147
YKR038C,YAR066W,0,0.7354124,0.13185615837574005,0.7223880887031555,0.47823911905288696
YBL100W-A,YOL058W,0,0.7353031,0.13183221220970154,0.7223880887031555,0.47833916544914246
YMR125W,YHR132W-A,1,0.7351712,0.13198983669281006,0.7233830690383911,0.47833916544914246
YJL143W,YGR103W,0,0.7350942,0.13196587562561035,0.7233830690383911,0.47843921184539795
YBR009C,YCR102C,0,0.734947,0.13194192945957184,0.7233830690383911,0.47853925824165344
YGR179C,YBR278W,0,0.7349141,0.13191798329353333,0.7233830690383911,0.4786393344402313
YLR073C,YJR135W-A,0,0.73482627,0.131894052028656,0.7233830690383911,0.4787393808364868
YDR034W-B,YER036C,0,0.73464304,0.1318701207637787,0.7233830690383911,0.4788394272327423
YLR249W,YDR302W,0,0.73463327,0.13184620440006256,0.7233830690383911,0.4789394736289978
YPR025C,YOR110W,0,0.7341803,0.13182230293750763,0.7233830690383911,0.4790395200252533
YGR213C,YOL075C,0,0.73410314,0.1317984014749527,0.7233830690383911,0.4791395664215088
YGR089W,YOR093C,0,0.7331911,0.13177451491355896,0.7233830690383911,0.4792396128177643
YDR127W,YMR158W,0,0.73314446,0.13175062835216522,0.7233830690383911,0.4793396592140198
YER088C,YDL070W,0,0.73301715,0.13172675669193268,0.7233830690383911,0.47943970561027527
YLR190W,YHR071W,0,0.7319231,0.13170289993286133,0.7233830690383911,0.47953978180885315
YDL132W,YMR142C,0,0.731707,0.13167904317378998,0.7233830690383911,0.47963982820510864
YIL119C,YBR025C,0,0.73164,0.13165520131587982,0.7233830690383911,0.47973987460136414
YJR159W,YER157W,0,0.73144835,0.13163135945796967,0.7233830690383911,0.47983992099761963
YJR113C,YOL075C,0,0.73130566,0.1316075325012207,0.7233830690383911,0.4799399673938751
YMR148W,YLR404W,0,0.7312598,0.13158370554447174,0.7233830690383911,0.4800400137901306
YDL066W,YKL088W,0,0.7312524,0.13155989348888397,0.7233830690383911,0.4801400601863861
YDL035C,YMR143W,0,0.73054355,0.1315360963344574,0.7233830690383911,0.4802401065826416
YLR086W,YBR080C,0,0.7305269,0.13151229918003082,0.7233830690383911,0.4803401827812195
YMR318C,YMR246W,0,0.730469,0.13148851692676544,0.7233830690383911,0.480440229177475
YHR101C,YCR079W,0,0.7303234,0.13146473467350006,0.7233830690383911,0.48054027557373047
YLL054C,YIL154C,0,0.7296527,0.13144096732139587,0.7233830690383911,0.48064032196998596
YLR277C,YFL042C,0,0.7296475,0.13141721487045288,0.7233830690383911,0.48074036836624146
YGL209W,YDR444W,0,0.7291418,0.1313934624195099,0.7233830690383911,0.48084041476249695
YOR060C,YOR134W,0,0.7288425,0.1313697099685669,0.7233830690383911,0.48094046115875244
YOR038C,YER108C,0,0.7288174,0.1313459873199463,0.7233830690383911,0.48104050755500793
YBR056W,YNR073C,0,0.7282403,0.1313222497701645,0.7233830690383911,0.4811405837535858
YPL026C,YLR098C,0,0.72807306,0.13129854202270508,0.7233830690383911,0.4812406301498413
YGR168C,YDL235C,0,0.7280106,0.13127483427524567,0.7233830690383911,0.4813406765460968
YGR122W,YOR359W,1,0.7278271,0.1314316689968109,0.7243781089782715,0.4813406765460968
YDL171C,YGR264C,0,0.7276378,0.1314079463481903,0.7243781089782715,0.4814407229423523
YBR175W,YDL046W,0,0.7275158,0.1313842236995697,0.7243781089782715,0.4815407693386078
YGL011C,YJL144W,0,0.7274725,0.1313605159521103,0.7243781089782715,0.4816408157348633
YKR023W,YCL075W,0,0.727038,0.13133682310581207,0.7243781089782715,0.4817408621311188
YJL047C,YBL037W,0,0.7268087,0.13131313025951385,0.7243781089782715,0.48184090852737427
YFL035C,YOR144C,0,0.7265324,0.13128945231437683,0.7243781089782715,0.48194098472595215
YNL036W,YGL150C,0,0.726176,0.1312657743692398,0.7243781089782715,0.48204103112220764
YLR023C,YDR153C,0,0.72614306,0.13124211132526398,0.7243781089782715,0.48214107751846313
YBR161W,YGL143C,0,0.7260819,0.13121846318244934,0.7243781089782715,0.48224112391471863
YJL144W,YDL128W,0,0.7260661,0.1311948150396347,0.7243781089782715,0.4823411703109741
YML050W,YLL033W,0,0.7258735,0.13117116689682007,0.7243781089782715,0.4824412167072296
YHL009W-B,YGR094W,0,0.7258243,0.13114753365516663,0.7243781089782715,0.4825412631034851
YMR312W,YMR044W,0,0.7256673,0.13112391531467438,0.7243781089782715,0.4826413094997406
YDL230W,YDR148C,0,0.72566676,0.13110031187534332,0.7243781089782715,0.4827413558959961
YBR290W,YKR099C-A,0,0.7255268,0.13107670843601227,0.7243781089782715,0.482841432094574
YEL077C,YNL323W,0,0.72501,0.1310531049966812,0.7243781089782715,0.48294147849082947
YBR181C,YNL334C,0,0.724693,0.13102951645851135,0.7243781089782715,0.48304152488708496
YKL220C,YJL087C,1,0.7243853,0.1311858892440796,0.7253731489181519,0.48304152488708496
YMR228W,YGL185C,0,0.7243256,0.13116228580474854,0.7253731489181519,0.48314157128334045
YIL065C,YKL037W,0,0.7240866,0.13113869726657867,0.7253731489181519,0.48324161767959595
YGL230C,YDR345C,0,0.7240132,0.1311151087284088,0.7253731489181519,0.48334166407585144
YBR111W-A,YJL140W,1,0.7239339,0.1312713474035263,0.7263681888580322,0.48334166407585144
YDL064W,YDR210C-D,0,0.72382766,0.13124775886535645,0.7263681888580322,0.48344171047210693
YKL032C,YHL012W,0,0.7237818,0.1312241554260254,0.7263681888580322,0.4835417568683624
YLL057C,YIR014W,0,0.72355187,0.13120058178901672,0.7263681888580322,0.4836418330669403
YML015C,YDR380W,0,0.7234904,0.13117699325084686,0.7263681888580322,0.4837418794631958
YDL120W,YNL134C,0,0.72319,0.1311534345149994,0.7263681888580322,0.4838419258594513
YDL130W,YNL112W,0,0.722841,0.13112987577915192,0.7263681888580322,0.4839419722557068
YLR151C,YCR015C,0,0.72260785,0.13110631704330444,0.7263681888580322,0.4840420186519623
YOL148C,YCL001W-B,0,0.72252995,0.13108277320861816,0.7263681888580322,0.4841420650482178
YPR137C-B,YLR337C,0,0.7224776,0.13105924427509308,0.7263681888580322,0.48424211144447327
YDL077C,YDR481C,0,0.722459,0.131035715341568,0.7263681888580322,0.48434215784072876
YLR264W,YOL021C,1,0.7223238,0.1311916708946228,0.7273631691932678,0.48434215784072876
YDR314C,YNL095C,0,0.7217765,0.13116812705993652,0.7273631691932678,0.48444223403930664
YEL062W,YNR036C,0,0.7215561,0.13114459812641144,0.7273631691932678,0.48454228043556213
YML118W,YCR035C,1,0.72148615,0.1313004493713379,0.7283582091331482,0.48454228043556213
YCR037C,YDR469W,0,0.7214609,0.1312769055366516,0.7283582091331482,0.4846423268318176
YKL097W-A,YMR153W,0,0.7214441,0.13125336170196533,0.7283582091331482,0.4847423732280731
YMR115W,YLR445W,0,0.7213059,0.13122983276844025,0.7283582091331482,0.4848424196243286
YKL037W,YAL023C,0,0.72126627,0.13120630383491516,0.7283582091331482,0.4849424660205841
YNL054W-B,YPR098C,0,0.7211862,0.13118278980255127,0.7283582091331482,0.4850425124168396
YLL048C,YML095C,0,0.7210825,0.13115929067134857,0.7283582091331482,0.4851425588130951
YGR042W,YLR134W,0,0.71942604,0.13113579154014587,0.7283582091331482,0.485242635011673
YMR315W,YIL034C,0,0.7193329,0.13111230731010437,0.7283582091331482,0.48534268140792847
YOR291W,YDR293C,0,0.71922445,0.13108882308006287,0.7283582091331482,0.48544272780418396
YMR085W,YPR138C,0,0.7192219,0.13106535375118256,0.7283582091331482,0.48554277420043945
YAL013W,YDL087C,0,0.7189969,0.13104188442230225,0.7283582091331482,0.48564282059669495
YPR036W-A,YKL025C,0,0.7189346,0.13101842999458313,0.7283582091331482,0.48574286699295044
YDR333C,YHR070W,0,0.7185399,0.1309949904680252,0.7283582091331482,0.48584291338920593
YHR071W,YML031W,0,0.71827036,0.13097155094146729,0.7283582091331482,0.4859429597854614
YJL194W,YLR106C,0,0.7182447,0.13094812631607056,0.7283582091331482,0.4860430359840393
YNL238W,YOR262W,0,0.7177048,0.13092470169067383,0.7283582091331482,0.4861430823802948
YPR196W,YIL003W,0,0.7176422,0.1309012919664383,0.7283582091331482,0.4862431287765503
YDR440W,YOL152W,0,0.71759886,0.13087788224220276,0.7283582091331482,0.4863431751728058
YGR264C,YNL190W,0,0.71740204,0.13085448741912842,0.7283582091331482,0.4864432215690613
YJR074W,YGR276C,0,0.7172407,0.13083109259605408,0.7283582091331482,0.4865432679653168
YDR067C,YLR183C,0,0.7169142,0.13080771267414093,0.7283582091331482,0.48664331436157227
YMR194C-B,YCR084C,0,0.7165698,0.13078434765338898,0.7283582091331482,0.48674336075782776
YML046W,YOR315W,0,0.71610975,0.13076098263263702,0.7283582091331482,0.48684340715408325
YBL018C,YDR374C,1,0.7161065,0.13091623783111572,0.7293532490730286,0.48684340715408325
YAL056W,YMR246W,0,0.7160421,0.13089285790920258,0.7293532490730286,0.48694348335266113
YOR396W,YHR070W,0,0.7158353,0.13086949288845062,0.7293532490730286,0.4870435297489166
YOL123W,YLR333C,0,0.71579564,0.13084612786769867,0.7293532490730286,0.4871435761451721
YIL118W,YER089C,0,0.715775,0.1308227777481079,0.7293532490730286,0.4872436225414276
YIL015W,YML095C,0,0.7153565,0.13079942762851715,0.7293532490730286,0.4873436689376831
YGL162W,YAR066W,0,0.71519315,0.13077609241008759,0.7293532490730286,0.4874437153339386
YLR039C,YOR303W,0,0.71513367,0.1307527720928192,0.7293532490730286,0.4875437617301941
YPR105C,YPR149W,0,0.714812,0.13072945177555084,0.7293532490730286,0.4876438081264496
YOR063W,YKR058W,0,0.7146286,0.13070613145828247,0.7293532490730286,0.48774388432502747
YDL135C,YNL153C,0,0.7143871,0.1306828260421753,0.7293532490730286,0.48784393072128296
YOR262W,YNL095C,0,0.71428174,0.1306595355272293,0.7293532490730286,0.48794397711753845
YER167W,YAL007C,0,0.7141312,0.13063624501228333,0.7293532490730286,0.48804402351379395
YMR244C-A,YKR024C,0,0.71412414,0.13061296939849854,0.7293532490730286,0.48814406991004944
YNL240C,YBR093C,0,0.71388644,0.13058970868587494,0.7293532490730286,0.48824411630630493
YDR524C,YER164W,0,0.7138466,0.13056644797325134,0.7293532490730286,0.4883441627025604
YLR422W,YBR077C,0,0.7137498,0.13054318726062775,0.7293532490730286,0.4884442090988159
YJR131W,YMR194C-B,0,0.71359795,0.13051994144916534,0.7293532490730286,0.4885442852973938
YEL077C,YML095C,0,0.71345884,0.13049671053886414,0.7293532490730286,0.4886443316936493
YLL024C,YDR296W,0,0.713075,0.13047347962856293,0.7293532490730286,0.4887443780899048
YPR164W,YOR173W,1,0.7130273,0.13062822818756104,0.7303482294082642,0.4887443780899048
YDL089W,YDR085C,0,0.7130187,0.13060498237609863,0.7303482294082642,0.4888444244861603
YMR112C,YHR210C,0,0.7128661,0.13058175146579742,0.7303482294082642,0.48894447088241577
YOR358W,YDR463W,0,0.71250707,0.13055852055549622,0.7303482294082642,0.48904451727867126
YGR001C,YMR146C,0,0.71227896,0.1305353045463562,0.7303482294082642,0.48914456367492676
YOR172W,YBR214W,0,0.7121056,0.1305120885372162,0.7303482294082642,0.48924461007118225
YER069W,YJL191W,0,0.71177816,0.13048888742923737,0.7303482294082642,0.48934468626976013
YDR168W,YOR025W,0,0.71173114,0.13046570122241974,0.7303482294082642,0.4894447326660156
YLR187W,YFL035C,0,0.7116373,0.1304425150156021,0.7303482294082642,0.4895447790622711
YJR113C,YLL025W,0,0.7115417,0.13041932880878448,0.7303482294082642,0.4896448254585266
YDR404C,YGR271C-A,1,0.7115142,0.1305738091468811,0.7313432693481445,0.4896448254585266
YDR028C,YBR065C,0,0.71134615,0.13055062294006348,0.7313432693481445,0.4897448718547821
YGR140W,YGL175C,0,0.7113221,0.13052743673324585,0.7313432693481445,0.4898449182510376
YCR077C,YOR359W,1,0.711253,0.1306818127632141,0.7323383092880249,0.4898449182510376
YKL129C,YJR029W,0,0.7111632,0.1306586116552353,0.7323383092880249,0.4899449646472931
YML113W,YNL103W,0,0.7111424,0.13063542544841766,0.7323383092880249,0.4900450110435486
YLL024C,YOR291W,0,0.7109565,0.13061223924160004,0.7323383092880249,0.49014508724212646
YER066W,YPL027W,0,0.7105698,0.1305890679359436,0.7323383092880249,0.49024513363838196
YBR202W,YIL176C,0,0.71036434,0.13056589663028717,0.7323383092880249,0.49034518003463745
YDL138W,YGR254W,0,0.71022165,0.13054274022579193,0.7323383092880249,0.49044522643089294
YJL162C,YFL042C,0,0.7101038,0.13051959872245789,0.7323383092880249,0.49054527282714844
YIL102C-A,YOR089C,0,0.70996886,0.13049645721912384,0.7323383092880249,0.49064531922340393
YDR098C-B,YJR105W,0,0.7099269,0.1304733157157898,0.7323383092880249,0.4907453656196594
YLL057C,YPR001W,0,0.7097091,0.13045018911361694,0.7323383092880249,0.4908454120159149
YHR199C,YCL058C,0,0.7095575,0.13042707741260529,0.7323383092880249,0.4909454584121704
YJL107C,YOR255W,0,0.70894563,0.13040396571159363,0.7323383092880249,0.4910455346107483
YNR066C,YLR098C,0,0.7088631,0.13038086891174316,0.7323383092880249,0.4911455810070038
YAL019W,YGL259W,0,0.70854914,0.1303577721118927,0.7323383092880249,0.4912456274032593
YNL116W,YOL105C,0,0.70838743,0.13033469021320343,0.7323383092880249,0.49134567379951477
YLR239C,YLR453C,0,0.70804113,0.13031160831451416,0.7323383092880249,0.49144572019577026
YMR274C,YDR183W,0,0.707724,0.13028854131698608,0.7323383092880249,0.49154576659202576
YDR440W,YAR019C,0,0.7069221,0.1302654892206192,0.7323383092880249,0.49164581298828125
YPR175W,YOR038C,0,0.70673156,0.13024243712425232,0.7323383092880249,0.49174585938453674
YIR003W,YPL137C,0,0.70672804,0.13021938502788544,0.7323383092880249,0.4918459355831146
YDR210W-D,YPL222W,0,0.7067096,0.13019636273384094,0.7323383092880249,0.4919459819793701
YIR014W,YPL021W,0,0.7062582,0.13017332553863525,0.7323383092880249,0.4920460283756256
YHR132W-A,YAL033W,1,0.7062426,0.13032715022563934,0.7333333492279053,0.4920460283756256
YDR465C,YKL221W,0,0.7061996,0.13030409812927246,0.7333333492279053,0.4921460747718811
YPL011C,YNL006W,0,0.70615846,0.13028106093406677,0.7333333492279053,0.4922461211681366
YER068W,YGL173C,1,0.706059,0.1304347813129425,0.7343283295631409,0.4922461211681366
YCR075W-A,YGR216C,0,0.70588964,0.13041172921657562,0.7343283295631409,0.4923461675643921
YPR137C-B,YGR208W,0,0.70555186,0.13038869202136993,0.7343283295631409,0.4924462139606476
YKR038C,YML081C-A,0,0.70538056,0.13036565482616425,0.7343283295631409,0.4925462603569031
YDR034W-B,YIL050W,0,0.70485276,0.13034263253211975,0.7343283295631409,0.49264633655548096
YDR248C,YGR094W,0,0.7042355,0.13031962513923645,0.7343283295631409,0.49274638295173645
YBR146W,YLR228C,0,0.7036465,0.13029660284519196,0.7343283295631409,0.49284642934799194
YGR129W,YJR033C,0,0.70325285,0.13027361035346985,0.7343283295631409,0.49294647574424744
YHR005C,YNL167C,0,0.7032414,0.13025061786174774,0.7343283295631409,0.49304652214050293
YAL010C,YGR276C,0,0.7030914,0.13022764027118683,0.7343283295631409,0.4931465685367584
YIL065C,YPL202C,0,0.7028672,0.13020466268062592,0.7343283295631409,0.4932466149330139
YHR214W-G,YHR089C,0,0.7027208,0.130181685090065,0.7343283295631409,0.4933466613292694
YPL220W,YEL029C,0,0.70270354,0.13015873730182648,0.7343283295631409,0.4934467375278473
YBR160W,YHR123W,0,0.7026499,0.13013577461242676,0.7343283295631409,0.4935467839241028
YBR139W,YER181C,0,0.7025983,0.13011284172534943,0.7343283295631409,0.4936468303203583
YHR039C-A,YOR110W,0,0.7024972,0.1300898939371109,0.7343283295631409,0.49374687671661377
YKL216W,YMR194C-B,0,0.70238096,0.13006697595119476,0.7343283295631409,0.49384692311286926
YMR113W,YML042W,0,0.7022911,0.13004405796527863,0.7343283295631409,0.49394696950912476
YDR524C,YLL015W,0,0.7021945,0.1300211399793625,0.7343283295631409,0.49404701590538025
YNL213C,YGR036C,0,0.7016273,0.12999823689460754,0.7343283295631409,0.49414706230163574
YOL123W,YER027C,0,0.70148337,0.1299753487110138,0.7343283295631409,0.49424710869789124
YLR363C,YBR170C,1,0.70139235,0.13012854754924774,0.7353233695030212,0.49424710869789124
YPR191W,YMR111C,0,0.70137244,0.1301056295633316,0.7353233695030212,0.4943471848964691
YCL001W-A,YJR006W,1,0.7013165,0.13025875389575958,0.7363184094429016,0.4943471848964691
YNL153C,YDR333C,0,0.7012361,0.13023583590984344,0.7363184094429016,0.4944472312927246
YMR198W,YJL154C,0,0.7009234,0.1302129179239273,0.7363184094429016,0.4945472776889801
YIR014W,YOR241W,0,0.70079476,0.13018999993801117,0.7363184094429016,0.4946473240852356
YPL220W,YPR027C,0,0.7005494,0.13016711175441742,0.7363184094429016,0.4947473704814911
YNR044W,YHL021C,0,0.70021945,0.13014420866966248,0.7363184094429016,0.4948474168777466
YMR136W,YPR035W,0,0.6999711,0.13012133538722992,0.7363184094429016,0.4949474632740021
YKR065C,YBR202W,0,0.69960713,0.13009844720363617,0.7363184094429016,0.49504750967025757
YJR151C,YGL245W,0,0.69956475,0.1300755888223648,0.7363184094429016,0.49514758586883545
YJL014W,YMR073C,0,0.6994088,0.13005273044109344,0.7363184094429016,0.49524763226509094
YNL305C,YGR169C-A,0,0.6988093,0.13002987205982208,0.7363184094429016,0.49534767866134644
YDL160C,YJL124C,1,0.6983873,0.13018271327018738,0.737313449382782,0.49534767866134644
YKL062W,YBR004C,0,0.69825333,0.13015983998775482,0.737313449382782,0.49544772505760193
YAL010C,YCL021W-A,0,0.6982501,0.13013698160648346,0.737313449382782,0.4955477714538574
YHR177W,YDR345C,0,0.69778806,0.1301141381263733,0.737313449382782,0.4956478178501129
YNL325C,YGL021W,0,0.69765764,0.13009129464626312,0.737313449382782,0.4957478642463684
YHL038C,YGL095C,0,0.6976412,0.13006845116615295,0.737313449382782,0.4958479106426239
YNL224C,YMR171C,0,0.69763124,0.13004563748836517,0.737313449382782,0.4959479868412018
YNR030W,YNL095C,0,0.6975482,0.1300228089094162,0.737313449382782,0.4960480332374573
YJL225C,YGL226C-A,0,0.69713783,0.12999999523162842,0.737313449382782,0.49614807963371277
YDL132W,YGR276C,0,0.69682133,0.12997719645500183,0.737313449382782,0.49624812602996826
YHL038C,YCL026C-B,0,0.6967401,0.12995439767837524,0.737313449382782,0.49634817242622375
YDR489W,YNL322C,0,0.69643325,0.12993161380290985,0.737313449382782,0.49644821882247925
YKL156W,YDR444W,0,0.69616586,0.12990882992744446,0.737313449382782,0.49654826521873474
YAL048C,YGR217W,0,0.69599193,0.12988606095314026,0.737313449382782,0.49664831161499023
YPL130W,YGL147C,0,0.6956203,0.12986330687999725,0.737313449382782,0.4967483878135681
YKL057C,YPR158C-D,0,0.6953004,0.12984055280685425,0.737313449382782,0.4968484342098236
YIL075C,YNR010W,0,0.6951168,0.12981779873371124,0.737313449382782,0.4969484806060791
YCL074W,YDR486C,0,0.6950652,0.12979505956172943,0.737313449382782,0.4970485270023346
YDR346C,YPL199C,0,0.6949319,0.1297723352909088,0.737313449382782,0.4971485733985901
YKL171W,YPL076W,0,0.69454217,0.1297496110200882,0.737313449382782,0.4972486197948456
YLR383W,YBL039W-A,0,0.69450295,0.12972688674926758,0.737313449382782,0.4973486661911011
YNR048W,YGR217W,0,0.69443625,0.12970417737960815,0.737313449382782,0.49744871258735657
YBL010C,YMR031C,0,0.6943859,0.12968148291110992,0.737313449382782,0.49754878878593445
YML051W,YLR432W,0,0.6942879,0.1296587884426117,0.737313449382782,0.49764883518218994
YCR026C,YMR220W,0,0.694092,0.12963610887527466,0.737313449382782,0.49774888157844543
YER010C,YPL192C,0,0.6937102,0.12961342930793762,0.737313449382782,0.4978489279747009
YGL203C,YHR172W,0,0.6934033,0.12959076464176178,0.737313449382782,0.4979489743709564
YER015W,YNL284C-B,0,0.693043,0.12956809997558594,0.737313449382782,0.4980490207672119
YKL221W,YOR274W,0,0.6930282,0.1295454502105713,0.737313449382782,0.4981490671634674
YCR097W,YPL055C,0,0.6928259,0.12952281534671783,0.737313449382782,0.4982491135597229
YHR039C-A,YIL082W-A,0,0.6926592,0.12950018048286438,0.737313449382782,0.4983491599559784
YPR175W,YPL049C,0,0.69254524,0.12947754561901093,0.737313449382782,0.4984492361545563
YEL077C,YLR314C,0,0.69253856,0.12945492565631866,0.737313449382782,0.49854928255081177
YPL036W,YLR391W-A,0,0.69249827,0.1294323205947876,0.737313449382782,0.49864932894706726
YCL073C,YDL182W,0,0.6922227,0.12940971553325653,0.737313449382782,0.49874937534332275
YNL202W,YDR126W,0,0.69155777,0.12938711047172546,0.737313449382782,0.49884942173957825
YCL001W-B,YJL047C,1,0.691407,0.1295391023159027,0.7383084297180176,0.49884942173957825
YDR345C,YJR051W,0,0.6912483,0.12951649725437164,0.7383084297180176,0.49894946813583374
YEL048C,YMR111C,0,0.69090503,0.12949389219284058,0.7383084297180176,0.49904951453208923
YHR177W,YGR174C,0,0.69047403,0.1294713020324707,0.7383084297180176,0.4991495609283447
YPL190C,YER165W,1,0.6897051,0.1296231746673584,0.739303469657898,0.4991495609283447
YBL042C,YDR380W,0,0.6896848,0.12960055470466614,0.739303469657898,0.4992496371269226
YNR023W,YBR033W,0,0.6894698,0.12957794964313507,0.739303469657898,0.4993496835231781
YFL017W-A,YLR430W,0,0.6893534,0.1295553594827652,0.739303469657898,0.4994497299194336
YNL054W-B,YBL103C,0,0.689102,0.12953276932239532,0.739303469657898,0.4995497763156891
YDR527W,YLL029W,0,0.6888805,0.12951019406318665,0.739303469657898,0.4996498227119446
YPL040C,YDL135C,0,0.68849254,0.12948763370513916,0.739303469657898,0.4997498691082001
YOL146W,YCL021W-A,0,0.688156,0.12946505844593048,0.739303469657898,0.49984991550445557
YPL014W,YGL208W,0,0.6875022,0.1294425129890442,0.739303469657898,0.49994996190071106
YDR001C,YOL058W,0,0.68665737,0.1294199675321579,0.739303469657898,0.5000500082969666
YDR206W,YIL151C,1,0.6866522,0.1295715719461441,0.7402985095977783,0.5000500082969666
YHR024C,YHL021C,0,0.68634,0.12954901158809662,0.7402985095977783,0.5001500844955444
YMR224C,YBR214W,0,0.68627274,0.12952646613121033,0.7402985095977783,0.5002501010894775
YMR098C,YHR132W-A,1,0.6861176,0.12967798113822937,0.7412935495376587,0.5002501010894775
YDR422C,YHR047C,0,0.6858866,0.1296554058790207,0.7412935495376587,0.5003501772880554
YML099C,YIR003W,0,0.6858401,0.1296328455209732,0.7412935495376587,0.5004502534866333
YBR009C,YPR105C,0,0.6856197,0.12961030006408691,0.7412935495376587,0.5005502700805664
YMR210W,YGL139W,0,0.6854895,0.12958775460720062,0.7412935495376587,0.5006503462791443
YOR358W,YGL147C,0,0.6854435,0.12956522405147552,0.7412935495376587,0.5007503628730774
YPL069C,YNR060W,0,0.68521214,0.12954269349575043,0.7412935495376587,0.5008504390716553
YIL117C,YCR048W,0,0.68519044,0.12952016294002533,0.7412935495376587,0.5009504556655884
YPL183W-A,YBR094W,0,0.68505603,0.12949764728546143,0.7412935495376587,0.5010505318641663
YER066W,YKL001C,0,0.6850162,0.12947514653205872,0.7412935495376587,0.5011505484580994
YER027C,YGL175C,0,0.6849783,0.129452645778656,0.7412935495376587,0.5012506246566772
YOL054W,YOR100C,0,0.684897,0.1294301599264145,0.7412935495376587,0.5013507008552551
YDR314C,YDR098C-B,0,0.6847045,0.12940767407417297,0.7412935495376587,0.5014507174491882
YNL157W,YGL107C,1,0.6846585,0.12955887615680695,0.7422885298728943,0.5014507174491882
YDR099W,YMR282C,0,0.68464464,0.12953637540340424,0.7422885298728943,0.5015507936477661
YIL021W,YKR059W,0,0.6846203,0.12951388955116272,0.7422885298728943,0.5016508102416992
YOL083W,YNL153C,0,0.6843483,0.1294914036989212,0.7422885298728943,0.5017508864402771
YDR110W,YOR044W,0,0.68431723,0.12946893274784088,0.7422885298728943,0.5018509030342102
YDR248C,YNL147W,0,0.68425363,0.12944646179676056,0.7422885298728943,0.5019509792327881
YOR060C,YER092W,0,0.68407327,0.12942400574684143,0.7422885298728943,0.5020509958267212
YNL176C,YGR013W,0,0.68403226,0.1294015645980835,0.7422885298728943,0.5021510720252991
YBR040W,YOR042W,0,0.68367195,0.12937912344932556,0.7422885298728943,0.502251148223877
YLR190W,YNL025C,0,0.6831899,0.12935668230056763,0.7422885298728943,0.5023511648178101
YML097C,YMR275C,0,0.6830394,0.1293342560529709,0.7422885298728943,0.5024512410163879
YNL239W,YER130C,0,0.68302375,0.12931184470653534,0.7422885298728943,0.502551257610321
YOL107W,YKL208W,0,0.6826809,0.1292894333600998,0.7422885298728943,0.5026513338088989
YFL059W,YNL069C,0,0.68259686,0.12926702201366425,0.7422885298728943,0.502751350402832
YKL097W-A,YKL095W,0,0.68253917,0.1292446255683899,0.7422885298728943,0.5028514266014099
YER066W,YNL273W,0,0.68237525,0.12922224402427673,0.7422885298728943,0.5029515027999878
YNL121C,YFR032C-A,0,0.6817079,0.12919986248016357,0.7422885298728943,0.5030515193939209
YJR161C,YPR145W,0,0.6812411,0.1291774958372116,0.7422885298728943,0.5031515955924988
YDR261C-C,YDL137W,0,0.6810626,0.12915512919425964,0.7422885298728943,0.5032516121864319
YOR229W,YGL173C,0,0.68104184,0.12913276255130768,0.7422885298728943,0.5033516883850098
YGL207W,YOL075C,0,0.6808847,0.1291104257106781,0.7422885298728943,0.5034517049789429
YNL283C,YGL147C,0,0.6808744,0.12908807396888733,0.7422885298728943,0.5035517811775208
YFL018C,YDR432W,0,0.68050545,0.12906573712825775,0.7422885298728943,0.5036517977714539
YJL143W,YOL103W,0,0.680008,0.12904341518878937,0.7422885298728943,0.5037518739700317
YMR088C,YKR103W,0,0.6799723,0.12902109324932098,0.7422885298728943,0.5038519501686096
YNL260C,YHR051W,0,0.67985255,0.1289987862110138,0.7422885298728943,0.5039519667625427
YJR137C,YGL051W,0,0.67973006,0.1289764940738678,0.7422885298728943,0.5040520429611206
YPL192C,YGR282C,0,0.67965513,0.1289541870355606,0.7422885298728943,0.5041520595550537
YER036C,YDL114W,0,0.67954385,0.1289319097995758,0.7422885298728943,0.5042521357536316
YGL246C,YLR392C,0,0.679528,0.1289096176624298,0.7422885298728943,0.5043521523475647
YMR153W,YJL178C,0,0.6794114,0.1288873553276062,0.7422885298728943,0.5044522285461426
YCL001W-B,YCR015C,0,0.67917526,0.1288650929927826,0.7422885298728943,0.5045523047447205
YLL024C,YBR030W,0,0.67901677,0.12884283065795898,0.7422885298728943,0.5046523213386536
YOL139C,YBR204C,0,0.6786715,0.12882058322429657,0.7422885298728943,0.5047523975372314
YER073W,YLR018C,0,0.6783398,0.12879833579063416,0.7422885298728943,0.5048524141311646
YFR030W,YML031W,0,0.67750806,0.12877610325813293,0.7422885298728943,0.5049524903297424
YML076C,YLR445W,0,0.67630506,0.1287538856267929,0.7422885298728943,0.5050525069236755
YJR035W,YLL042C,0,0.67625386,0.12873166799545288,0.7422885298728943,0.5051525831222534
YMR014W,YER137C-A,0,0.6761636,0.12870945036411285,0.7422885298728943,0.5052525997161865
YIL030C,YNL284C,0,0.67598104,0.12868724763393402,0.7422885298728943,0.5053526759147644
YML010W,YKL062W,0,0.67586774,0.12866505980491638,0.7422885298728943,0.5054527521133423
YLR048W,YEL038W,0,0.6756986,0.12864287197589874,0.7422885298728943,0.5055527687072754
YPL027W,YMR101C,0,0.6753678,0.1286206841468811,0.7422885298728943,0.5056528449058533
YNL251C,YHR132W-A,1,0.67512125,0.12877090275287628,0.7432835698127747,0.5056528449058533
YLR241W,YGL135W,0,0.6749885,0.12874870002269745,0.7432835698127747,0.5057528614997864
YPL163C,YOR283W,0,0.67491513,0.128726527094841,0.7432835698127747,0.5058529376983643
YDL201W,YDL130W,0,0.67462176,0.12870433926582336,0.7432835698127747,0.5059529542922974
YEL077C,YBL039W-A,0,0.673992,0.12868216633796692,0.7432835698127747,0.5060530304908752
YPL168W,YJR137C,0,0.6730233,0.12866000831127167,0.7432835698127747,0.5061530470848083
YMR153W,YNL190W,0,0.67285657,0.12863785028457642,0.7432835698127747,0.5062531232833862
YNL157W,YDR370C,1,0.67269784,0.12878787517547607,0.744278609752655,0.5062531232833862
YLL003W,YGL226C-A,0,0.6726951,0.12876570224761963,0.744278609752655,0.5063531994819641
YPL014W,YHR182W,0,0.6725199,0.12874354422092438,0.744278609752655,0.5064532160758972
YPR072W,YGL213C,1,0.6724949,0.12889347970485687,0.7452736496925354,0.5064532160758972
YBR146W,YMR051C,0,0.67225426,0.12887130677700043,0.7452736496925354,0.5065532922744751
YDR266C,YGL048C,1,0.6721375,0.12902115285396576,0.746268630027771,0.5065532922744751
YKL190W,YMR046C,0,0.6720194,0.12899896502494812,0.746268630027771,0.5066533088684082
YPL049C,YNL039W,0,0.672016,0.12897677719593048,0.746268630027771,0.5067533850669861
YDL108W,YOR044W,0,0.67162925,0.12895460426807404,0.746268630027771,0.5068534016609192
YGL244W,YHL012W,0,0.67138416,0.12893244624137878,0.746268630027771,0.5069534778594971
YDR208W,YEL077C,0,0.67138094,0.12891027331352234,0.746268630027771,0.507053554058075
YPR098C,YNR073C,0,0.6711075,0.12888813018798828,0.746268630027771,0.5071535706520081
YJL127C-B,YDR148C,0,0.6704262,0.12886597216129303,0.746268630027771,0.5072536468505859
YLR114C,YMR313C,0,0.6703771,0.12884384393692017,0.746268630027771,0.507353663444519
YPR190C,YHL012W,0,0.67033094,0.1288217157125473,0.746268630027771,0.5074537396430969
YMR284W,YDR324C,0,0.6703063,0.12879958748817444,0.746268630027771,0.50755375623703
YLR051C,YLR154W-C,0,0.6696252,0.12877747416496277,0.746268630027771,0.5076538324356079
YFR008W,YKR085C,0,0.66959053,0.1287553608417511,0.746268630027771,0.507753849029541
YGR058W,YCR011C,0,0.66943556,0.12873326241970062,0.746268630027771,0.5078539252281189
YLR001C,YPL222W,0,0.6694073,0.12871117889881134,0.746268630027771,0.5079540014266968
YEL077C,YMR142C,0,0.66929156,0.12868908047676086,0.746268630027771,0.5080540180206299
YDR128W,YMR274C,0,0.66925704,0.12866701185703278,0.746268630027771,0.5081540942192078
YGL245W,YKL086W,0,0.66919947,0.1286449432373047,0.746268630027771,0.5082541108131409
YKL001C,YBR065C,0,0.6689504,0.1286228746175766,0.746268630027771,0.5083541870117188
YOL113W,YJR092W,0,0.66891116,0.1286008208990097,0.746268630027771,0.5084542036056519
YMR029C,YPR085C,0,0.6688581,0.128578782081604,0.746268630027771,0.5085542798042297
YIL038C,YCR048W,0,0.6687383,0.1285567432641983,0.746268630027771,0.5086543560028076
YDR040C,YGR036C,0,0.6678999,0.1285347044467926,0.746268630027771,0.5087543725967407
YOL107W,YOL124C,0,0.66769105,0.1285126805305481,0.746268630027771,0.5088544487953186
YDR318W,YIR024C,0,0.6676653,0.1284906566143036,0.746268630027771,0.5089544653892517
YNL244C,YDR174W,0,0.667312,0.12846864759922028,0.746268630027771,0.5090545415878296
YNL158W,YHR160C,0,0.66729796,0.12844665348529816,0.746268630027771,0.5091545581817627
YHR097C,YPL009C,0,0.66729045,0.12842465937137604,0.746268630027771,0.5092546343803406
YCL073C,YPR002W,0,0.66706717,0.12840266525745392,0.746268630027771,0.5093546509742737
YFL035C,YLR391W-A,0,0.66704196,0.128380686044693,0.746268630027771,0.5094547271728516
YDL120W,YNL031C,0,0.66696835,0.12835872173309326,0.746268630027771,0.5095548033714294
YNL240C,YGL207W,0,0.6669418,0.12833675742149353,0.746268630027771,0.5096548199653625
YOL075C,YIL013C,0,0.6666582,0.1283147931098938,0.746268630027771,0.5097548961639404
YMR244C-A,YDL182W,0,0.66658765,0.12829284369945526,0.746268630027771,0.5098549127578735
YBR056W,YBR065C,0,0.6664865,0.12827090919017792,0.746268630027771,0.5099549889564514
YDL064W,YER070W,0,0.666449,0.12824897468090057,0.746268630027771,0.5100550055503845
YKL222C,YKL156W,0,0.6662858,0.12822704017162323,0.746268630027771,0.5101550817489624
YML050W,YLR455W,0,0.6659035,0.12820513546466827,0.746268630027771,0.5102550983428955
YKL222C,YBR025C,0,0.6658456,0.12818321585655212,0.746268630027771,0.5103551745414734
YMR209C,YDR148C,0,0.6657358,0.12816131114959717,0.746268630027771,0.5104552507400513
YDR151C,YOL012C,1,0.6656533,0.12831026315689087,0.7472636699676514,0.5104552507400513
YPR003C,YGL207W,0,0.6654824,0.12828834354877472,0.7472636699676514,0.5105552673339844
YOL156W,YMR076C,0,0.6654615,0.12826643884181976,0.7472636699676514,0.5106553435325623
YMR243C,YPR011C,0,0.6654,0.1282445341348648,0.7472636699676514,0.5107553601264954
YER112W,YLR391W-A,0,0.6653453,0.12822264432907104,0.7472636699676514,0.5108554363250732
YNL323W,YGL058W,0,0.6652992,0.12820075452327728,0.7472636699676514,0.5109554529190063
YPR026W,YJR051W,0,0.66514796,0.12817886471748352,0.7472636699676514,0.5110555291175842
YNL072W,YAL033W,1,0.6648594,0.1283276379108429,0.7482587099075317,0.5110555291175842
YER092W,YLR098C,0,0.6648099,0.12830574810504913,0.7482587099075317,0.5111556053161621
YIL065C,YGL009C,0,0.66475666,0.12828385829925537,0.7482587099075317,0.5112556219100952
YJR082C,YPR035W,0,0.6646335,0.1282619833946228,0.7482587099075317,0.5113556981086731
YER048W-A,YDR481C,0,0.664444,0.12824010848999023,0.7482587099075317,0.5114557147026062
YER073W,YLR226W,0,0.6640315,0.12821824848651886,0.7482587099075317,0.5115557909011841
YJL072C,YNL024C-A,0,0.6639354,0.12819638848304749,0.7482587099075317,0.5116558074951172
YMR088C,YEL048C,0,0.66388196,0.1281745284795761,0.7482587099075317,0.5117558836936951
YCL001W-A,YGR083C,0,0.6631866,0.12815269827842712,0.7482587099075317,0.5118559002876282
YGL060W,YDR409W,0,0.66306484,0.12813085317611694,0.7482587099075317,0.511955976486206
YDR296W,YHL019C,0,0.6624422,0.12810902297496796,0.7482587099075317,0.5120560526847839
YCL075W,YPL157W,0,0.66242903,0.12808720767498016,0.7482587099075317,0.512156069278717
YPL199C,YPR158C-D,0,0.66234374,0.12806539237499237,0.7482587099075317,0.5122561454772949
YDR420W,YGR169C-A,0,0.6622663,0.12804359197616577,0.7482587099075317,0.512356162071228
YER103W,YDR469W,0,0.6622093,0.12802179157733917,0.7482587099075317,0.5124562382698059
YLR289W,YDL078C,0,0.66213906,0.12800000607967377,0.7482587099075317,0.512556254863739
YLR392C,YDL077C,0,0.6620761,0.12797822058200836,0.7482587099075317,0.5126563310623169
YPR145W,YCL005W-A,0,0.6618852,0.12795643508434296,0.7482587099075317,0.5127564072608948
YMR272C,YGL246C,0,0.66152626,0.12793466448783875,0.7482587099075317,0.5128564238548279
YLR007W,YML069W,0,0.6614059,0.12791290879249573,0.7482587099075317,0.5129565000534058
YJL038C,YPR002W,0,0.66119397,0.1278911530971527,0.7482587099075317,0.5130565166473389
YPL203W,YOR144C,0,0.66109574,0.1278694123029709,0.7482587099075317,0.5131565928459167
YLL007C,YOR134W,0,0.6609381,0.12784767150878906,0.7482587099075317,0.5132566094398499
YGL187C,YDL230W,0,0.66078067,0.12782594561576843,0.7482587099075317,0.5133566856384277
YBR200W,YNL213C,0,0.6604468,0.1278042197227478,0.7482587099075317,0.5134567022323608
YPR011C,YPR086W,0,0.6604082,0.12778249382972717,0.7482587099075317,0.5135567784309387
YML046W,YOR359W,0,0.6602995,0.12776078283786774,0.7482587099075317,0.5136568546295166
YOL013C,YOR064C,0,0.66025543,0.1277390867471695,0.7482587099075317,0.5137568712234497
YLR372W,YMR076C,0,0.6602226,0.12771739065647125,0.7482587099075317,0.5138569474220276
YMR295C,YDR469W,0,0.6602028,0.1276957094669342,0.7482587099075317,0.5139569640159607
YGR255C,YOR100C,0,0.6598546,0.12767402827739716,0.7482587099075317,0.5140570402145386
YMR029C,YER027C,0,0.6591884,0.1276523470878601,0.7482587099075317,0.5141570568084717
YDR127W,YML010W,0,0.6589585,0.12763068079948425,0.7482587099075317,0.5142571330070496
YNL121C,YBR044C,0,0.65889627,0.1276090294122696,0.7482587099075317,0.5143571496009827
YBR161W,YAR015W,0,0.6581786,0.12758737802505493,0.7482587099075317,0.5144572257995605
YKL060C,YNL264C,0,0.6578619,0.12756572663784027,0.7482587099075317,0.5145573019981384
YDR370C,YJR091C,1,0.65774184,0.12771371006965637,0.7492537498474121,0.5145573019981384
YDR270W,YDL079C,0,0.6577209,0.12769204378128052,0.7492537498474121,0.5146573185920715
YCR097W,YIL119C,0,0.6574,0.12767039239406586,0.7492537498474121,0.5147573947906494
YKR049C,YMR024W,0,0.65732193,0.1276487559080124,0.7492537498474121,0.5148574113845825
YPL271W,YLR466W,0,0.65719414,0.12762711942195892,0.7492537498474121,0.5149574875831604
YOR304C-A,YPL214C,0,0.65672785,0.12760549783706665,0.7492537498474121,0.5150575041770935
YDR524C,YDR359C,0,0.65626526,0.12758387625217438,0.7492537498474121,0.5151575803756714
YER010C,YNL176C,0,0.65622956,0.1275622546672821,0.7492537498474121,0.5152576565742493
YHR182W,YFL043C,0,0.65606195,0.12754064798355103,0.7492537498474121,0.5153576731681824
YKL097W-A,YMR056C,0,0.6558483,0.12751905620098114,0.7492537498474121,0.5154577493667603
YPL256C,YJR153W,0,0.6557565,0.12749746441841125,0.7492537498474121,0.5155577659606934
YAR044W,YLR383W,0,0.6556636,0.12747587263584137,0.7492537498474121,0.5156578421592712
YPR105C,YDR116C,0,0.6552534,0.12745429575443268,0.7492537498474121,0.5157578587532043
YLL024C,YCR106W,0,0.65508795,0.12743273377418518,0.7492537498474121,0.5158579349517822
YBR257W,YML118W,1,0.65502197,0.12758037447929382,0.7502487301826477,0.5158579349517822
YLL007C,YNL334C,0,0.6548102,0.12755878269672394,0.7502487301826477,0.5159579515457153
YMR186W,YBL071W-A,0,0.6545052,0.12753720581531525,0.7502487301826477,0.5160580277442932
YKL211C,YBR014C,0,0.6545015,0.12751564383506775,0.7502487301826477,0.5161581039428711
YHR175W,YKL043W,0,0.65442795,0.12749408185482025,0.7502487301826477,0.5162581205368042
YML033W,YER030W,0,0.65425795,0.12747253477573395,0.7502487301826477,0.5163581967353821
YOR304C-A,YIR021W,0,0.6539907,0.12745098769664764,0.7502487301826477,0.5164582133293152
YDL245C,YBL019W,0,0.65395,0.12742944061756134,0.7502487301826477,0.5165582895278931
YPR036W-A,YDR151C,0,0.6538634,0.12740790843963623,0.7502487301826477,0.5166583061218262
YIR003W,YMR315W,0,0.6533746,0.12738637626171112,0.7502487301826477,0.516758382320404
YDR486C,YJL154C,0,0.65327984,0.1273648589849472,0.7502487301826477,0.5168584585189819
YGL077C,YIL115C,0,0.6532453,0.12734335660934448,0.7502487301826477,0.516958475112915
YMR211W,YPL123C,0,0.6531763,0.12732185423374176,0.7502487301826477,0.5170585513114929
YER130C,YML125C,0,0.6530535,0.12730035185813904,0.7502487301826477,0.517158567905426
YFL053W,YOL089C,0,0.65300155,0.1272788643836975,0.7502487301826477,0.5172586441040039
YLR060W,YBR188C,0,0.65295345,0.12725737690925598,0.7502487301826477,0.517358660697937
YKL126W,YBL103C,0,0.6527684,0.12723590433597565,0.7502487301826477,0.5174587368965149
YKL209C,YOR304C-A,0,0.65269035,0.1272144466638565,0.7502487301826477,0.517558753490448
YLR270W,YKL090W,1,0.65266377,0.12736167013645172,0.7512437701225281,0.517558753490448
YDL004W,YDL159W,0,0.65214264,0.1273401975631714,0.7512437701225281,0.5176588296890259
YPR175W,YEL029C,0,0.6520798,0.12731872498989105,0.7512437701225281,0.5177589058876038
YNR048W,YLR070C,0,0.6519537,0.12729725241661072,0.7512437701225281,0.5178589224815369
YBL106C,YBR107C,0,0.65192693,0.12727579474449158,0.7512437701225281,0.5179589986801147
YDR098C-B,YMR077C,0,0.6515463,0.12725433707237244,0.7512437701225281,0.5180590152740479
YOR032C,YDR524C,0,0.65148336,0.1272328943014145,0.7512437701225281,0.5181590914726257
YOR185C,YBR065C,0,0.6511592,0.12721145153045654,0.7512437701225281,0.5182591080665588
YOR205C,YGL143C,0,0.65083224,0.1271900236606598,0.7512437701225281,0.5183591842651367
YCR106W,YGL259W,0,0.65081805,0.12716861069202423,0.7512437701225281,0.5184592008590698
YPR120C,YIL016W,0,0.6507976,0.12714718282222748,0.7512437701225281,0.5185592770576477
YPL270W,YER072W,0,0.650797,0.1271257847547531,0.7512437701225281,0.5186593532562256
YER159C,YPL084W,0,0.65078086,0.12710437178611755,0.7512437701225281,0.5187593698501587
YOL083W,YDR497C,0,0.6503448,0.12708298861980438,0.7512437701225281,0.5188594460487366
YDL108W,YLR001C,0,0.64980197,0.12706159055233002,0.7512437701225281,0.5189594626426697
YJL189W,YDR448W,0,0.6496773,0.12704022228717804,0.7512437701225281,0.5190595388412476
YLR277C,YBR107C,0,0.6496103,0.12701883912086487,0.7512437701225281,0.5191595554351807
YMR146C,YJR137C,0,0.64944905,0.1269974708557129,0.7512437701225281,0.5192596316337585
YJR082C,YGL226C-A,0,0.6492875,0.1269761174917221,0.7512437701225281,0.5193597078323364
YHL042W,YIL013C,0,0.64919674,0.12695476412773132,0.7512437701225281,0.5194597244262695
YLL053C,YER069W,0,0.64886445,0.12693342566490173,0.7512437701225281,0.5195598006248474
YKL059C,YER030W,0,0.6487629,0.12691208720207214,0.7512437701225281,0.5196598172187805
YOL019W,YLR134W,0,0.64869505,0.12689076364040375,0.7512437701225281,0.5197598934173584
YGR213C,YPL041C,0,0.6483653,0.12686944007873535,0.7512437701225281,0.5198599100112915
YMR125W,YOL149W,1,0.64835155,0.1270161271095276,0.7522388100624084,0.5198599100112915
YGR255C,YDL088C,0,0.64804965,0.126994788646698,0.7522388100624084,0.5199599862098694
YMR284W,YHR076W,0,0.64772016,0.1269734650850296,0.7522388100624084,0.5200600028038025
YLR070C,YBR068C,0,0.6475763,0.1269521415233612,0.7522388100624084,0.5201600790023804
YLR086W,YBR172C,0,0.64728093,0.126930832862854,0.7522388100624084,0.5202601552009583
YOL123W,YBR167C,1,0.6471621,0.1270773857831955,0.7532338500022888,0.5202601552009583
YFL014W,YMR084W,0,0.6469633,0.1270560622215271,0.7532338500022888,0.5203601717948914
YMR148W,YCL074W,0,0.64690846,0.1270347386598587,0.7532338500022888,0.5204602479934692
YNL238W,YMR264W,0,0.64659745,0.1270134299993515,0.7532338500022888,0.5205602645874023
YBR009C,YHR051W,0,0.64652306,0.1269921213388443,0.7532338500022888,0.5206603407859802
YHR168W,YFR015C,0,0.6460711,0.1269708126783371,0.7532338500022888,0.5207603573799133
YCR053W,YDR468C,0,0.6460634,0.1269495189189911,0.7532338500022888,0.5208604335784912
YGR058W,YGL085W,0,0.64581686,0.12692824006080627,0.7532338500022888,0.5209605097770691
YHL009W-B,YOR003W,0,0.645593,0.12690696120262146,0.7532338500022888,0.5210605263710022
YJL104W,YOR093C,0,0.6454569,0.12688568234443665,0.7532338500022888,0.5211606025695801
YMR271C,YIR021W,0,0.64528316,0.12686441838741302,0.7532338500022888,0.5212606191635132
YEL015W,YHR132W-A,1,0.6450421,0.12701071798801422,0.7542288303375244,0.5212606191635132
YOR010C,YDL143W,0,0.64488083,0.1269894391298294,0.7542288303375244,0.5213606953620911
YLR098C,YAL023C,0,0.6446102,0.1269681751728058,0.7542288303375244,0.5214607119560242
YMR024W,YLR060W,0,0.6444966,0.12694691121578217,0.7542288303375244,0.521560788154602
YLL033W,YOR241W,0,0.6444171,0.12692564725875854,0.7542288303375244,0.5216608047485352
YPL150W,YHL024W,0,0.64438033,0.12690439820289612,0.7542288303375244,0.521760880947113
YKL013C,YHR033W,0,0.6443606,0.12688316404819489,0.7542288303375244,0.5218609571456909
YNL020C,YKR003W,0,0.6435033,0.12686192989349365,0.7542288303375244,0.521960973739624
YKR055W,YOR038C,0,0.6429503,0.12684069573879242,0.7542288303375244,0.5220610499382019
YOL110W,YKL043W,0,0.64262956,0.12681947648525238,0.7542288303375244,0.522161066532135
YLR466W,YCL058C,0,0.64258796,0.12679825723171234,0.7542288303375244,0.5222611427307129
YJR082C,YGL095C,0,0.64253795,0.1267770528793335,0.7542288303375244,0.522361159324646
YCR105W,YKR065C,0,0.64229864,0.12675584852695465,0.7542288303375244,0.5224612355232239
YGL048C,YNL221C,1,0.64220905,0.12690185010433197,0.7552238702774048,0.5224612355232239
YGL131C,YOL107W,0,0.64216274,0.12688064575195312,0.7552238702774048,0.522561252117157
YKL129C,YDR468C,0,0.6419255,0.12685944139957428,0.7552238702774048,0.5226613283157349
YPL163C,YGR254W,0,0.6416791,0.12683823704719543,0.7552238702774048,0.5227614045143127
YGL094C,YOL058W,0,0.6416333,0.12681704759597778,0.7552238702774048,0.5228614211082458
YOL123W,YHR005C,0,0.6415471,0.12679585814476013,0.7552238702774048,0.5229614973068237
YOL139C,YCL040W,0,0.64132774,0.12677468359470367,0.7552238702774048,0.5230615139007568
YJR049C,YEL024W,0,0.6413227,0.12675350904464722,0.7552238702774048,0.5231615900993347
YFR043C,YLR241W,0,0.6412751,0.12673234939575195,0.7552238702774048,0.5232616066932678
YDR314C,YJL030W,0,0.6412613,0.1267111897468567,0.7552238702774048,0.5233616828918457
YDR128W,YJR100C,0,0.64116627,0.12669003009796143,0.7552238702774048,0.5234617590904236
YPR191W,YOR191W,0,0.64099,0.12666888535022736,0.7552238702774048,0.5235617756843567
YHR047C,YMR084W,0,0.64087075,0.12664775550365448,0.7552238702774048,0.5236618518829346
YNL157W,YKL220C,1,0.6406278,0.12679345905780792,0.7562189102172852,0.5236618518829346
YMR031C,YGR208W,0,0.6406092,0.12677231431007385,0.7562189102172852,0.5237618684768677
YDR218C,YML031W,0,0.63984925,0.12675116956233978,0.7562189102172852,0.5238619446754456
YFR030W,YNL119W,0,0.6397472,0.1267300248146057,0.7562189102172852,0.5239619612693787
YJL214W,YDR020C,0,0.63973117,0.12670890986919403,0.7562189102172852,0.5240620374679565
YGR047C,YDR296W,0,0.63964444,0.12668778002262115,0.7562189102172852,0.5241620540618896
YOL042W,YOL072W,1,0.6395803,0.12683333456516266,0.7572139501571655,0.5241620540618896
YKR036C,YCR053W,0,0.6392472,0.12681220471858978,0.7572139501571655,0.5242621302604675
YDR248C,YNL103W,0,0.63906246,0.1267910748720169,0.7572139501571655,0.5243622064590454
YNL097C,YHR182W,0,0.6389604,0.12676994502544403,0.7572139501571655,0.5244622230529785
YGR168C,YDR519W,0,0.6387667,0.12674883008003235,0.7572139501571655,0.5245622992515564
YNL196C,YER101C,0,0.6385061,0.12672773003578186,0.7572139501571655,0.5246623158454895
YJL144W,YKR003W,0,0.63823795,0.12670662999153137,0.7572139501571655,0.5247623920440674
YJL127C-B,YDL120W,0,0.6381264,0.12668552994728088,0.7572139501571655,0.5248624086380005
YER007W,YNL218W,0,0.6378787,0.1266644448041916,0.7572139501571655,0.5249624848365784
YGR250C,YER048W-A,0,0.63772947,0.1266433745622635,0.7572139501571655,0.5250625610351562
YML042W,YIL119C,0,0.63735485,0.1266222894191742,0.7572139501571655,0.5251625776290894
YNR071C,YER048C,0,0.63716596,0.1266012340784073,0.7572139501571655,0.5252626538276672
YLR157C-B,YKL025C,0,0.6369203,0.12658017873764038,0.7572139501571655,0.5253626704216003
YGR001C,YML038C,0,0.6368689,0.12655912339687347,0.7572139501571655,0.5254627466201782
YHL039W,YMR158W,0,0.6368594,0.12653808295726776,0.7572139501571655,0.5255627632141113
YNL064C,YNL036W,0,0.6368538,0.12651704251766205,0.7572139501571655,0.5256628394126892
YOR358W,YKR029C,0,0.636307,0.12649601697921753,0.7572139501571655,0.5257628560066223
YPL047W,YHR214C-C,0,0.6359128,0.126474991440773,0.7572139501571655,0.5258629322052002
YNR071C,YGR078C,0,0.63571477,0.1264539659023285,0.7572139501571655,0.5259630084037781
YOL094C,YDR264C,0,0.6349837,0.12643295526504517,0.7572139501571655,0.5260630249977112
YIR003W,YEL061C,0,0.6348346,0.12641195952892303,0.7572139501571655,0.5261631011962891
YGR157W,YLR099W-A,0,0.6348103,0.1263909637928009,0.7572139501571655,0.5262631177902222
YNL084C,YDR486C,0,0.6344755,0.12636998295783997,0.7572139501571655,0.5263631939888
YPL256C,YGL173C,0,0.634231,0.12634900212287903,0.7572139501571655,0.5264632105827332
YLR404W,YKL095W,0,0.6340522,0.1263280212879181,0.7572139501571655,0.526563286781311
YGL029W,YJR135W-A,0,0.6340185,0.12630705535411835,0.7572139501571655,0.5266633033752441
YDL099W,YDR519W,0,0.6339365,0.1262860894203186,0.7572139501571655,0.526763379573822
YBR163W,YOR291W,0,0.6332706,0.12626513838768005,0.7572139501571655,0.5268634557723999
YGR180C,YPL196W,0,0.633075,0.1262441873550415,0.7572139501571655,0.526963472366333
YJR159W,YIL133C,0,0.633014,0.12622325122356415,0.7572139501571655,0.5270635485649109
YKL112W,YOR010C,0,0.63291943,0.1262023150920868,0.7572139501571655,0.527163565158844
YHR081W,YDR374C,1,0.6324405,0.12634719908237457,0.7582089304924011,0.527163565158844
YDR527W,YPL163C,0,0.6322729,0.12632626295089722,0.7582089304924011,0.5272636413574219
YJR131W,YMR027W,0,0.6321613,0.12630532681941986,0.7582089304924011,0.527363657951355
YOL009C,YKR095W,0,0.6321207,0.1262843906879425,0.7582089304924011,0.5274637341499329
YBL051C,YDR172W,1,0.63187915,0.12642917037010193,0.7592039704322815,0.5274637341499329
YJR017C,YNR055C,0,0.63145673,0.12640821933746338,0.7592039704322815,0.5275638103485107
YNL064C,YLR276C,0,0.6313582,0.12638728320598602,0.7592039704322815,0.5276638269424438
YMR243C,YCL026C-B,0,0.6312527,0.12636634707450867,0.7592039704322815,0.5277639031410217
YOL107W,YPL163C,0,0.6312447,0.1263454258441925,0.7592039704322815,0.5278639197349548
YFL053W,YJL144W,0,0.63119304,0.12632450461387634,0.7592039704322815,0.5279639959335327
YNL283C,YLL033W,0,0.63117474,0.12630359828472137,0.7592039704322815,0.5280640125274658
YOR070C,YNL188W,0,0.63073295,0.1262826919555664,0.7592039704322815,0.5281640887260437
YJR082C,YHR070W,0,0.63055927,0.12626178562641144,0.7592039704322815,0.5282641053199768
YJL185C,YNL284C-B,0,0.63027984,0.12624089419841766,0.7592039704322815,0.5283641815185547
YKL171W,YJL006C,0,0.63017666,0.12622001767158508,0.7592039704322815,0.5284642577171326
YPR129W,YBL058W,0,0.6299232,0.1261991411447525,0.7592039704322815,0.5285642743110657
YJR035W,YHR047C,0,0.6298898,0.12617826461791992,0.7592039704322815,0.5286643505096436
YHL024W,YDL229W,0,0.6298549,0.12615740299224854,0.7592039704322815,0.5287643671035767
YOR021C,YPR055W,0,0.62979025,0.12613655626773834,0.7592039704322815,0.5288644433021545
YIL050W,YLR001C,0,0.6297522,0.12611570954322815,0.7592039704322815,0.5289644598960876
YPL173W,YPL203W,0,0.62973005,0.12609486281871796,0.7592039704322815,0.5290645360946655
YDR343C,YDR469W,0,0.62940127,0.12607403099536896,0.7592039704322815,0.5291645526885986
YGR169C-A,YBR282W,0,0.6293439,0.12605319917201996,0.7592039704322815,0.5292646288871765
YMR215W,YCL001W-A,0,0.6288705,0.12603238224983215,0.7592039704322815,0.5293647050857544
YMR013C,YIL154C,0,0.6287126,0.12601156532764435,0.7592039704322815,0.5294647216796875
YPL014W,YOR291W,0,0.6286729,0.12599074840545654,0.7592039704322815,0.5295647978782654
YHR122W,YHL040C,0,0.6285216,0.12596994638442993,0.7592039704322815,0.5296648144721985
YDR128W,YDR254W,0,0.6285128,0.12594915926456451,0.7592039704322815,0.5297648906707764
YHR105W,YKL190W,0,0.62837404,0.1259283721446991,0.7592039704322815,0.5298649072647095
YER052C,YMR101C,0,0.62774915,0.12590758502483368,0.7592039704322815,0.5299649834632874
YDL030W,YOR194C,0,0.62756133,0.12588681280612946,0.7592039704322815,0.5300650596618652
YGL026C,YLR287C,0,0.62727517,0.12586605548858643,0.7592039704322815,0.5301650762557983
YPL049C,YBL085W,0,0.62712723,0.1258452981710434,0.7592039704322815,0.5302651524543762
YLR375W,YBR160W,0,0.6266196,0.12582454085350037,0.7592039704322815,0.5303651690483093
YKL208W,YKL149C,1,0.62643576,0.12596867978572845,0.7601990103721619,0.5303651690483093
YNL038W,YDL114W,0,0.62630385,0.12594790756702423,0.7601990103721619,0.5304652452468872
YBL045C,YGL258W,0,0.6262469,0.1259271502494812,0.7601990103721619,0.5305652618408203
YLR154C,YPL199C,1,0.62615246,0.12607119977474213,0.7611940503120422,0.5305652618408203
YHR142W,YHR021C,0,0.62612915,0.1260504275560379,0.7611940503120422,0.5306653380393982
YJL127C-B,YER070W,0,0.625919,0.12602965533733368,0.7611940503120422,0.5307653546333313
YNL224C,YBL019W,0,0.62579006,0.12600889801979065,0.7611940503120422,0.5308654308319092
YER169W,YJL173C,0,0.6256656,0.12598814070224762,0.7611940503120422,0.5309655070304871
YPL081W,YOR275C,0,0.62562114,0.12596739828586578,0.7611940503120422,0.5310655236244202
YER073W,YJL214W,0,0.625568,0.12594665586948395,0.7611940503120422,0.531165599822998
YMR171C,YCR015C,0,0.6255187,0.1259259283542633,0.7611940503120422,0.5312656164169312
YPL036W,YMR274C,0,0.6250346,0.12590520083904266,0.7611940503120422,0.531365692615509
YKL208W,YOR048C,1,0.6247788,0.12604904174804688,0.7621890306472778,0.531365692615509
YPR164W,YDR374C,1,0.6247538,0.1261928230524063,0.7631840705871582,0.531365692615509
YKL126W,YPL157W,0,0.6246386,0.12617206573486328,0.7631840705871582,0.5314657092094421
YDR325W,YGL115W,0,0.62453026,0.12615130841732025,0.7631840705871582,0.53156578540802
YMR186W,YER027C,0,0.624417,0.12613056600093842,0.7631840705871582,0.5316658616065979
YGR067C,YIL115C,0,0.6243988,0.12610983848571777,0.7631840705871582,0.531765878200531
YHR014W,YOL058W,0,0.62420195,0.12608909606933594,0.7631840705871582,0.5318659543991089
YDR113C,YGL091C,0,0.62414664,0.1260683834552765,0.7631840705871582,0.531965970993042
YCL005W-A,YJR059W,0,0.62400275,0.12604765594005585,0.7631840705871582,0.5320660471916199
YOR145C,YBL071W-A,0,0.62394375,0.1260269433259964,0.7631840705871582,0.532166063785553
YDL233W,YPL027W,0,0.6237009,0.12600624561309814,0.7631840705871582,0.5322661399841309
YKR084C,YBR170C,1,0.6233123,0.12614980340003967,0.7641791105270386,0.5322661399841309
YBL100W-A,YGL196W,0,0.623149,0.12612909078598022,0.7641791105270386,0.532366156578064
YLL054C,YOL033W,0,0.62302154,0.12610837817192078,0.7641791105270386,0.5324662327766418
YOL097C,YPR068C,0,0.62272185,0.12608766555786133,0.7641791105270386,0.5325663089752197
YPR085C,YCR102C,0,0.62269205,0.12606696784496307,0.7641791105270386,0.5326663255691528
YML015C,YAL051W,0,0.62172663,0.126046285033226,0.7641791105270386,0.5327664017677307
YBR109C,YJL216C,0,0.62172145,0.12602560222148895,0.7641791105270386,0.5328664183616638
YBR208C,YLR134W,0,0.6216332,0.1260049194097519,0.7641791105270386,0.5329664945602417
YDR463W,YBR014C,0,0.6210055,0.12598425149917603,0.7641791105270386,0.5330665111541748
YCR068W,YNL054W-B,0,0.62062865,0.12596358358860016,0.7641791105270386,0.5331665873527527
YIL102C-A,YDR270W,0,0.62049717,0.12594293057918549,0.7641791105270386,0.5332666039466858
YDR354W,YCL074W,0,0.6199518,0.1259222775697708,0.7641791105270386,0.5333666801452637
YMR224C,YKL011C,0,0.6195595,0.12590163946151733,0.7641791105270386,0.5334667563438416
YKL211C,YHR187W,0,0.61953694,0.12588100135326385,0.7641791105270386,0.5335667729377747
YLR295C,YGR005C,0,0.6194453,0.12586037814617157,0.7641791105270386,0.5336668491363525
YOR182C,YPR124W,0,0.6189839,0.12583975493907928,0.7641791105270386,0.5337668657302856
YOL078W,YMR282C,0,0.61873287,0.125819131731987,0.7641791105270386,0.5338669419288635
YBL039C,YOR315W,0,0.61862713,0.1257985234260559,0.7641791105270386,0.5339669585227966
YHL039W,YOL076W,0,0.6185517,0.125777930021286,0.7641791105270386,0.5340670347213745
YKL013C,YDR421W,0,0.61847186,0.12575732171535492,0.7641791105270386,0.5341671109199524
YNR062C,YER157W,0,0.61841726,0.12573674321174622,0.7641791105270386,0.5342671275138855
YER156C,YOR274W,0,0.6184134,0.12571614980697632,0.7641791105270386,0.5343672037124634
YGR157W,YHR214W-G,0,0.61808777,0.1256955862045288,0.7641791105270386,0.5344672203063965
YGR052W,YHR041C,0,0.6180792,0.1256750077009201,0.7641791105270386,0.5345672965049744
YBR211C,YPL095C,0,0.61796635,0.1256544440984726,0.7641791105270386,0.5346673130989075
YNL064C,YOR021C,0,0.6179302,0.12563389539718628,0.7641791105270386,0.5347673892974854
YHL042W,YPR158C-D,0,0.6179022,0.12561334669589996,0.7641791105270386,0.5348674058914185
YDR251W,YHR122W,0,0.61776495,0.12559279799461365,0.7641791105270386,0.5349674820899963
YOR144C,YNL335W,0,0.61773664,0.12557226419448853,0.7641791105270386,0.5350675582885742
YNR036C,YJL044C,0,0.6176806,0.1255517452955246,0.7641791105270386,0.5351675748825073
YCL067C,YDL193W,0,0.61725587,0.12553122639656067,0.7641791105270386,0.5352676510810852
YPL220W,YLR392C,0,0.6171714,0.12551070749759674,0.7641791105270386,0.5353676676750183
YPR105C,YMR205C,0,0.6171159,0.125490203499794,0.7641791105270386,0.5354677438735962
YMR113W,YBR056W,0,0.61697346,0.12546969950199127,0.7641791105270386,0.5355677604675293
YMR029C,YOR391C,0,0.6168519,0.12544919550418854,0.7641791105270386,0.5356678366661072
YLR114C,YHR089C,0,0.61679137,0.125428706407547,0.7641791105270386,0.5357679128646851
YLL042C,YNL116W,0,0.6164629,0.12540823221206665,0.7641791105270386,0.5358679294586182
YNL016W,YGL094C,1,0.6162594,0.1255510151386261,0.765174150466919,0.5358679294586182
YMR224C,YBR160W,0,0.61602217,0.12553052604198456,0.765174150466919,0.535968005657196
YLR264W,YER010C,0,0.61601824,0.12551003694534302,0.765174150466919,0.5360680222511292
YOR025W,YNL036W,0,0.61598545,0.12548956274986267,0.765174150466919,0.536168098449707
YKL211C,YDL128W,0,0.61590433,0.12546908855438232,0.765174150466919,0.5362681150436401
YBL037W,YLR287C,0,0.6157293,0.12544861435890198,0.765174150466919,0.536368191242218
YLR239C,YER052C,0,0.61568886,0.12542815506458282,0.765174150466919,0.5364682078361511
YGR089W,YEL077C,0,0.61548895,0.12540769577026367,0.765174150466919,0.536568284034729
YPL203W,YOL008W,0,0.615431,0.1253872513771057,0.765174150466919,0.5366683602333069
YPL009C,YDL044C,0,0.6152622,0.12536680698394775,0.765174150466919,0.53676837682724
YMR194C-B,YKL208W,0,0.61523116,0.125346377491951,0.765174150466919,0.5368684530258179
YBR139W,YMR300C,0,0.6151112,0.12532594799995422,0.765174150466919,0.536968469619751
YHL039W,YPR105C,0,0.615104,0.12530551850795746,0.765174150466919,0.5370685458183289
YEL062W,YNL219C,0,0.6148835,0.1252851039171219,0.765174150466919,0.537168562412262
YKL149C,YAR044W,0,0.61478466,0.1252647042274475,0.765174150466919,0.5372686386108398
YBR191W,YOR251C,0,0.6146252,0.12524430453777313,0.765174150466919,0.537368655204773
YAR015W,YBR122C,0,0.6146032,0.12522390484809875,0.765174150466919,0.5374687314033508
YNL238W,YNL216W,0,0.6145345,0.12520352005958557,0.765174150466919,0.5375688076019287
YOL139C,YOR270C,0,0.61452824,0.1251831352710724,0.765174150466919,0.5376688241958618
YJR006W,YJL047C,1,0.6144926,0.1253255158662796,0.7661691308021545,0.5376688241958618
YGR006W,YKL208W,1,0.6143397,0.12546786665916443,0.7671641707420349,0.5376688241958618
YGL011C,YLR466W,0,0.6143149,0.12544745206832886,0.7671641707420349,0.5377689003944397
YJR074W,YDL130W,0,0.6140914,0.1254270374774933,0.7671641707420349,0.5378689169883728
YDR315C,YCR035C,1,0.61361784,0.12556928396224976,0.7681592106819153,0.5378689169883728
YOL137W,YBL085W,0,0.6134818,0.12554886937141418,0.7681592106819153,0.5379689931869507
YNR062C,YLR034C,0,0.6130637,0.1255284547805786,0.7681592106819153,0.5380690097808838
YBR172C,YLR371W,0,0.61266774,0.12550804018974304,0.7681592106819153,0.5381690859794617
YDL064W,YCR016W,0,0.612595,0.12548764050006866,0.7681592106819153,0.5382691621780396
YHR097C,YBR160W,0,0.61259335,0.12546725571155548,0.7681592106819153,0.5383691787719727
YOL139C,YMR271C,0,0.61258376,0.1254468709230423,0.7681592106819153,0.5384692549705505
YNL273W,YPR001W,0,0.6125202,0.1254264861345291,0.7681592106819153,0.5385692715644836
YNL240C,YLL029W,0,0.6121241,0.12540610134601593,0.7681592106819153,0.5386693477630615
YBR129C,YKL011C,0,0.61201125,0.12538574635982513,0.7681592106819153,0.5387693643569946
YKL171W,YNL279W,0,0.6119885,0.12536537647247314,0.7681592106819153,0.5388694405555725
YDL135C,YDL043C,0,0.611944,0.12534502148628235,0.7681592106819153,0.5389694571495056
YMR313C,YGR279C,0,0.61168647,0.12532468140125275,0.7681592106819153,0.5390695333480835
YNL283C,YPL090C,0,0.611599,0.12530432641506195,0.7681592106819153,0.5391696095466614
YGR075C,YBL019W,0,0.6115925,0.12528400123119354,0.7681592106819153,0.5392696261405945
YGR217W,YPL095C,0,0.6112563,0.12526367604732513,0.7681592106819153,0.5393697023391724
YMR210W,YPL010W,0,0.61115706,0.12524335086345673,0.7681592106819153,0.5394697189331055
YPR009W,YGL185C,0,0.61085886,0.1252230405807495,0.7681592106819153,0.5395697951316833
YBR163W,YBL011W,0,0.6107841,0.1252027302980423,0.7681592106819153,0.5396698117256165
YLL024C,YLR227C,0,0.61050767,0.12518242001533508,0.7681592106819153,0.5397698879241943
YDL135C,YDR448W,0,0.61032945,0.12516212463378906,0.7681592106819153,0.5398699641227722
YOR230W,YDL212W,0,0.61029786,0.12514184415340424,0.7681592106819153,0.5399699807167053
YOL137W,YMR111C,0,0.6101294,0.12512154877185822,0.7681592106819153,0.5400700569152832
YPL014W,YGL150C,0,0.6101186,0.12510128319263458,0.7681592106819153,0.5401700735092163
YHL009W-B,YBR077C,0,0.60937047,0.12508101761341095,0.7681592106819153,0.5402701497077942
YCL074W,YBR271W,0,0.6092172,0.12506075203418732,0.7681592106819153,0.5403701663017273
YFR044C,YMR074C,0,0.60896343,0.12504048645496368,0.7681592106819153,0.5404702425003052
YGL183C,YAR019C,0,0.6086802,0.12502023577690125,0.7681592106819153,0.5405702590942383
YDR210C-D,YML001W,0,0.6086784,0.125,0.7681592106819153,0.5406703352928162
YLR461W,YDR468C,0,0.60864425,0.12497976422309875,0.7681592106819153,0.540770411491394
YLL015W,YLR287C,0,0.6085817,0.1249595358967781,0.7681592106819153,0.5408704280853271
YER015W,YDL035C,0,0.6085665,0.12493930757045746,0.7681592106819153,0.540970504283905
YGR169C-A,YPR088C,0,0.6084382,0.124919094145298,0.7681592106819153,0.5410705208778381
YMR174C,YMR031C,0,0.6078597,0.12489888072013855,0.7681592106819153,0.541170597076416
YAL035W,YLR157C-B,0,0.6078498,0.12487868219614029,0.7681592106819153,0.5412706136703491
YGL150C,YNL176C,0,0.60779756,0.12485848367214203,0.7681592106819153,0.541370689868927
YIL021W,YML042W,0,0.60760754,0.12483829259872437,0.7681592106819153,0.5414707064628601
YMR076C,YDR444W,0,0.6075346,0.1248181089758873,0.7681592106819153,0.541570782661438
YDL245C,YKR027W,0,0.6075179,0.12479793280363083,0.7681592106819153,0.5416708588600159
YCL075W,YPL010W,0,0.6074208,0.12477775663137436,0.7681592106819153,0.541770875453949
YER112W,YDR254W,0,0.60737145,0.12475759536027908,0.7681592106819153,0.5418709516525269
YNR060W,YGL095C,0,0.6071714,0.12473743408918381,0.7681592106819153,0.54197096824646
YNL147W,YPL029W,1,0.6070624,0.12487883865833282,0.7691542506217957,0.54197096824646
YHR162W,YMR246W,0,0.60692257,0.12485866248607635,0.7691542506217957,0.5420710444450378
YOL019W,YDR356W,0,0.60685843,0.12483850121498108,0.7691542506217957,0.542171061038971
YOR064C,YDR233C,0,0.6068266,0.1248183399438858,0.7691542506217957,0.5422711372375488
YHL050C,YLR154W-C,0,0.60615337,0.12479819357395172,0.7691542506217957,0.5423712134361267
YDR283C,YBL011W,0,0.6058716,0.12477804720401764,0.7691542506217957,0.5424712300300598
YKL090W,YER035W,1,0.6057105,0.12491930276155472,0.7701492309570312,0.5424712300300598
YCL073C,YPL036W,0,0.60547584,0.12489914149045944,0.7701492309570312,0.5425713062286377
YCL056C,YMR251W-A,0,0.60519034,0.12487899512052536,0.7701492309570312,0.5426713228225708
YGR001C,YGR096W,0,0.6051472,0.12485884875059128,0.7701492309570312,0.5427713990211487
YPL130W,YOR044W,0,0.604924,0.12483870983123779,0.7701492309570312,0.5428714156150818
YOR396W,YLR186W,0,0.60487324,0.1248185783624649,0.7701492309570312,0.5429714918136597
YDR254W,YMR142C,0,0.6047513,0.12479845434427261,0.7701492309570312,0.5430715084075928
YIL082W-A,YPL203W,0,0.6047167,0.12477833032608032,0.7701492309570312,0.5431715846061707
YAL054C,YDL166C,0,0.6045217,0.12475822120904922,0.7701492309570312,0.5432716608047485
YNL084C,YGR169C-A,0,0.60423815,0.12473811209201813,0.7701492309570312,0.5433716773986816
YMR046C,YBR025C,0,0.60390496,0.12471801787614822,0.7701492309570312,0.5434717535972595
YJR050W,YNL334C,0,0.6034414,0.12469792366027832,0.7701492309570312,0.5435717701911926
YOL155C,YBR107C,0,0.6031328,0.12467783689498901,0.7701492309570312,0.5436718463897705
YNL072W,YMR116C,1,0.6021164,0.12481880933046341,0.7711442708969116,0.5436718463897705
YDR210W-D,YLR135W,0,0.6018349,0.1247987151145935,0.7711442708969116,0.5437718629837036
YDL099W,YPL222W,0,0.60172355,0.1247786208987236,0.7711442708969116,0.5438719391822815
YIL004C,YNL312W,0,0.6012973,0.1247585341334343,0.7711442708969116,0.5439720153808594
YLR375W,YNL097C,0,0.60128665,0.12473845481872559,0.7711442708969116,0.5440720319747925
YBL080C,YDR469W,0,0.6011006,0.12471837550401688,0.7711442708969116,0.5441721081733704
YLR291C,YBR293W,0,0.6010892,0.12469831109046936,0.7711442708969116,0.5442721247673035
YOL044W,YGR217W,0,0.6008526,0.12467824667692184,0.7711442708969116,0.5443722009658813
YMR148W,YDR532C,0,0.60079104,0.12465819716453552,0.7711442708969116,0.5444722175598145
YEL077C,YPL123C,0,0.60058945,0.1246381476521492,0.7711442708969116,0.5445722937583923
YHR182W,YCL026C-A,0,0.60041255,0.12461810559034348,0.7711442708969116,0.5446723103523254
YLL034C,YBR056W,0,0.6003226,0.12459807097911835,0.7711442708969116,0.5447723865509033
YER172C,YPL137C,0,0.6002112,0.12457804381847382,0.7711442708969116,0.5448724627494812
YNR076W,YLR154C,0,0.6001826,0.12455801665782928,0.7711442708969116,0.5449724793434143
YHR142W,YGR217W,0,0.5997791,0.12453800439834595,0.7711442708969116,0.5450725555419922
YNL260C,YDR020C,0,0.5994681,0.12451799213886261,0.7711442708969116,0.5451725721359253
YDL077C,YDL130W,0,0.59927696,0.12449799478054047,0.7711442708969116,0.5452726483345032
YPR085C,YMR251W-A,0,0.59923846,0.12447799742221832,0.7711442708969116,0.5453726649284363
YDR034W-B,YJL187C,0,0.59921044,0.12445800751447678,0.7711442708969116,0.5454727411270142
YCR068W,YMR158W,0,0.59902126,0.12443802505731583,0.7711442708969116,0.5455727577209473
YNL224C,YDR393W,0,0.59881526,0.12441804260015488,0.7711442708969116,0.5456728339195251
YML033W,YDR148C,0,0.59842706,0.12439807504415512,0.7711442708969116,0.545772910118103
YGR072W,YJR091C,1,0.5979501,0.1245386004447937,0.772139310836792,0.545772910118103
YGR006W,YNL147W,1,0.59765506,0.1246790736913681,0.7731343507766724,0.545772910118103
YGR264C,YDR020C,0,0.59762686,0.12465907633304596,0.7731343507766724,0.5458729267120361
YMR111C,YPR119W,0,0.5975227,0.12463907897472382,0.7731343507766724,0.545973002910614
YMR101C,YHR101C,0,0.5974272,0.12461908906698227,0.7731343507766724,0.5460730195045471
YBL098W,YOR223W,0,0.59660184,0.12459909915924072,0.7731343507766724,0.546173095703125
YNL065W,YMR220W,0,0.59625167,0.12457912415266037,0.7731343507766724,0.5462731122970581
YOR175C,YPL183W-A,0,0.59603435,0.12455915659666061,0.7731343507766724,0.546373188495636
YDL212W,YEL018W,0,0.59595317,0.12453918904066086,0.7731343507766724,0.5464732646942139
YER159C,YHR171W,0,0.5957528,0.1245192289352417,0.7731343507766724,0.546573281288147
YKL222C,YGL095C,0,0.59565,0.12449927628040314,0.7731343507766724,0.5466733574867249
YBR009C,YLL061W,0,0.59542686,0.12447933107614517,0.7731343507766724,0.546773374080658
YPL040C,YIL064W,0,0.5953081,0.1244593933224678,0.7731343507766724,0.5468734502792358
YOR275C,YDL099W,0,0.59523356,0.12443946301937103,0.7731343507766724,0.546973466873169
YNL064C,YML050W,0,0.5948003,0.12441953271627426,0.7731343507766724,0.5470735430717468
YGR215W,YBR068C,0,0.5944174,0.12439961731433868,0.7731343507766724,0.5471735596656799
YFR044C,YMR056C,0,0.5939686,0.1243797019124031,0.7731343507766724,0.5472736358642578
YPR200C,YPL084W,0,0.59391767,0.12435979396104813,0.7731343507766724,0.5473737120628357
YOR275C,YPL199C,0,0.59343165,0.12433989346027374,0.7731343507766724,0.5474737286567688
YIL133C,YDR519W,0,0.59320194,0.12432000041007996,0.7731343507766724,0.5475738048553467
YNL084C,YBR265W,0,0.59309006,0.12430011481046677,0.7731343507766724,0.5476738214492798
YIL030C,YHR168W,0,0.5928357,0.12428022921085358,0.7731343507766724,0.5477738976478577
YDL051W,YNR073C,0,0.5927446,0.12426035851240158,0.7731343507766724,0.5478739142417908
YLR345W,YFL017W-A,0,0.5927101,0.12424048781394958,0.7731343507766724,0.5479739904403687
YLR392C,YJL024C,0,0.5926586,0.12422062456607819,0.7731343507766724,0.5480740666389465
YCL073C,YNL279W,0,0.59264904,0.12420076876878738,0.7731343507766724,0.5481740832328796
YJR159W,YOR089C,0,0.59257704,0.12418092042207718,0.7731343507766724,0.5482741594314575
YOR176W,YNL279W,0,0.5923824,0.12416107207536697,0.7731343507766724,0.5483741760253906
YCL005W-A,YGL064C,0,0.5921631,0.12414123862981796,0.7731343507766724,0.5484742522239685
YPL168W,YDR318W,0,0.5920338,0.12412140518426895,0.7731343507766724,0.5485742688179016
YBR146W,YLR039C,0,0.59142494,0.12410157918930054,0.7731343507766724,0.5486743450164795
YGL233W,YJR017C,0,0.5912296,0.12408176064491272,0.7731343507766724,0.5487743616104126
YCL067C,YGL009C,0,0.59119356,0.1240619495511055,0.7731343507766724,0.5488744378089905
YFR043C,YGL121C,0,0.59114885,0.12404214590787888,0.7731343507766724,0.5489745140075684
YPL130W,YPR165W,0,0.590617,0.12402234971523285,0.7731343507766724,0.5490745306015015
YPR027C,YER020W,0,0.590344,0.12400255352258682,0.7731343507766724,0.5491746068000793
YHR210C,YNL260C,0,0.59034044,0.12398276478052139,0.7731343507766724,0.5492746233940125
YHR094C,YBL011W,0,0.5903322,0.12396298348903656,0.7731343507766724,0.5493746995925903
YGL045W,YDR421W,0,0.5902815,0.12394320964813232,0.7731343507766724,0.5494747161865234
YBR235W,YNL335W,0,0.59004384,0.12392344325780869,0.7731343507766724,0.5495747923851013
YGL207W,YER137C-A,0,0.5900064,0.12390368431806564,0.7731343507766724,0.5496748089790344
YDR210C-D,YBL039W-A,0,0.5898624,0.1238839253783226,0.7731343507766724,0.5497748851776123
YKL001C,YGR216C,0,0.5897239,0.12386418133974075,0.7731343507766724,0.5498749613761902
YKR017C,YDL159W,0,0.5896635,0.1238444373011589,0.7731343507766724,0.5499749779701233
YML097C,YNL264C,0,0.5894615,0.12382470071315765,0.7731343507766724,0.5500750541687012
YBL011W,YLL056C,0,0.589259,0.123804971575737,0.7731343507766724,0.5501750707626343
YGR089W,YDR135C,0,0.589163,0.12378524988889694,0.7731343507766724,0.5502751469612122
YBR160W,YMR104C,0,0.5887709,0.12376552820205688,0.7731343507766724,0.5503751635551453
YOR044W,YMR315W,0,0.5885673,0.12374582141637802,0.7731343507766724,0.5504752397537231
YFL035C,YHR052W,0,0.5884652,0.12372611463069916,0.7731343507766724,0.550575315952301
YJR155W,YMR101C,0,0.58815384,0.12370641529560089,0.7731343507766724,0.5506753325462341
YOR371C,YHR042W,0,0.58778685,0.12368672341108322,0.7731343507766724,0.550775408744812
YMR158W,YHL036W,0,0.58758456,0.12366703897714615,0.7731343507766724,0.5508754253387451
YPR023C,YOL100W,1,0.5875275,0.12380649149417877,0.774129331111908,0.5508754253387451
YDR283C,YDL229W,0,0.58749217,0.1237867921590805,0.774129331111908,0.550975501537323
YMR285C,YBR072W,0,0.5874535,0.12376710027456284,0.774129331111908,0.5510755181312561
YBR290W,YER072W,0,0.5873895,0.12374741584062576,0.774129331111908,0.551175594329834
YCR097W,YGR208W,0,0.58694774,0.12372773885726929,0.774129331111908,0.5512756109237671
YLR378C,YGL094C,0,0.5867669,0.12370806187391281,0.774129331111908,0.551375687122345
YIL142W,YIR022W,0,0.5864432,0.12368839234113693,0.774129331111908,0.5514757633209229
YAL013W,YCR102C,0,0.58636814,0.12366873025894165,0.774129331111908,0.551575779914856
YJL047C,YCL026C-B,0,0.58609134,0.12364907562732697,0.774129331111908,0.5516758561134338
YPL040C,YBR172C,0,0.5860106,0.12362942844629288,0.774129331111908,0.5517758727073669
YKL057C,YDR448W,0,0.58566064,0.12360978871583939,0.774129331111908,0.5518759489059448
YJL127C-B,YOR094W,0,0.58555835,0.1235901489853859,0.774129331111908,0.5519759654998779
YKL171W,YFL059W,0,0.5855071,0.1235705241560936,0.774129331111908,0.5520760416984558
YOL110W,YHR052W,0,0.5853093,0.1235508993268013,0.774129331111908,0.5521760582923889
YMR209C,YPL202C,0,0.58529323,0.1235312819480896,0.774129331111908,0.5522761344909668
YIL068C,YDL243C,0,0.58475107,0.1235116720199585,0.774129331111908,0.5523762106895447
YKL221W,YDL245C,0,0.5847143,0.12349206209182739,0.774129331111908,0.5524762272834778
YOR038C,YCR015C,0,0.58468086,0.12347246706485748,0.774129331111908,0.5525763034820557
YDR128W,YBR122C,0,0.5846247,0.12345287203788757,0.774129331111908,0.5526763200759888
YLR173W,YBR173C,0,0.5845243,0.12343328446149826,0.774129331111908,0.5527763962745667
YOL156W,YDR117C,0,0.5842636,0.12341370433568954,0.774129331111908,0.5528764128684998
YDR325W,YKR083C,0,0.58424014,0.12339413166046143,0.774129331111908,0.5529764890670776
YCR037C,YMR101C,0,0.58417845,0.1233745664358139,0.774129331111908,0.5530765652656555
YHR070W,YCR102C,0,0.5839899,0.12335500121116638,0.774129331111908,0.5531765818595886
YNL097C,YOR042W,0,0.5838276,0.12333544343709946,0.774129331111908,0.5532766580581665
YLL055W,YER101C,0,0.5836777,0.12331590056419373,0.774129331111908,0.5533766746520996
YMR148W,YPR124W,0,0.58335704,0.123296357691288,0.774129331111908,0.5534767508506775
YDL046W,YGL064C,0,0.58319503,0.12327681481838226,0.774129331111908,0.5535767674446106
YHR122W,YGL143C,0,0.58311826,0.12325728684663773,0.774129331111908,0.5536768436431885
YPR067W,YER048W-A,0,0.58308077,0.12323776632547379,0.774129331111908,0.5537768602371216
YPR009W,YNL158W,0,0.5829015,0.12321824580430984,0.774129331111908,0.5538769364356995
YMR158W,YLR238W,0,0.5827521,0.1231987327337265,0.774129331111908,0.5539770126342773
YPL091W,YGL147C,0,0.58242077,0.12317922711372375,0.774129331111908,0.5540770292282104
YPL091W,YCL026C-B,0,0.5822508,0.1231597289443016,0.774129331111908,0.5541771054267883
YOR060C,YCL005W-A,0,0.58224833,0.12314023077487946,0.774129331111908,0.5542771220207214
YDR210C-D,YIL142W,0,0.58190376,0.1231207475066185,0.774129331111908,0.5543771982192993
YGR089W,YCR102C,0,0.5817642,0.12310126423835754,0.774129331111908,0.5544772148132324
YGR270W,YFL018C,0,0.58157617,0.12308178842067719,0.774129331111908,0.5545772910118103
YPR158W-A,YOR211C,0,0.58142996,0.12306232005357742,0.774129331111908,0.5546773672103882
YBL097W,YEL018W,0,0.58137506,0.12304285913705826,0.774129331111908,0.5547773838043213
YLR227C,YLR157C-B,0,0.5813182,0.12302340567111969,0.774129331111908,0.5548774600028992
YMR171C,YLR314C,0,0.5812368,0.12300395220518112,0.774129331111908,0.5549774765968323
YMR115W,YJR032W,0,0.58109725,0.12298450618982315,0.774129331111908,0.5550775527954102
YKR080W,YBR279W,0,0.5810424,0.12296506762504578,0.774129331111908,0.5551775693893433
YKL001C,YDR468C,0,0.580884,0.122945636510849,0.774129331111908,0.5552776455879211
YOR021C,YGL209W,0,0.58087957,0.12292621284723282,0.774129331111908,0.5553776621818542
YJR105W,YLL042C,0,0.5808613,0.12290679663419724,0.774129331111908,0.5554777383804321
YNL158W,YJR155W,0,0.5808128,0.12288738042116165,0.774129331111908,0.55557781457901
YOR275C,YDR183W,0,0.58061934,0.12286797165870667,0.774129331111908,0.5556778311729431
YKL209C,YJL225C,0,0.580565,0.12284857034683228,0.774129331111908,0.555777907371521
YIL154C,YDL155W,0,0.5803399,0.12282917648553848,0.774129331111908,0.5558779239654541
YMR036C,YDR380W,0,0.5800771,0.12280979007482529,0.774129331111908,0.555978000164032
YJR100C,YHR033W,0,0.57987314,0.12279040366411209,0.774129331111908,0.5560780167579651
YCL001W-A,YBR177C,0,0.5796958,0.12277102470397949,0.774129331111908,0.556178092956543
YDR098C-B,YLR178C,0,0.57967496,0.12275165319442749,0.774129331111908,0.5562781095504761
YPR137C-B,YGR100W,0,0.57957417,0.12273228913545609,0.774129331111908,0.556378185749054
YDR420W,YGR216C,0,0.5789475,0.12271293252706528,0.774129331111908,0.5564782619476318
YKL074C,YOL008W,0,0.5787266,0.12269358336925507,0.774129331111908,0.5565782785415649
YDL235C,YMR077C,0,0.57857406,0.12267423421144485,0.774129331111908,0.5566783547401428
YPL150W,YHL039W,0,0.57853884,0.12265489250421524,0.774129331111908,0.5567783713340759
YJL185C,YDR456W,0,0.5782189,0.12263555824756622,0.774129331111908,0.5568784475326538
YIL151C,YGL222C,1,0.57785183,0.12277384102344513,0.7751243710517883,0.5568784475326538
YOR001W,YLL055W,0,0.5776737,0.12275449186563492,0.7751243710517883,0.5569784641265869
YAL010C,YPL252C,0,0.57751983,0.1227351501584053,0.7751243710517883,0.5570785403251648
YGL162W,YMR053C,0,0.5773949,0.12271581590175629,0.7751243710517883,0.5571786165237427
YPR027C,YPL041C,0,0.577388,0.12269648909568787,0.7751243710517883,0.5572786331176758
YLR154C,YGL258W,0,0.57735544,0.12267716228961945,0.7751243710517883,0.5573787093162537
YJL194W,YDR444W,0,0.57716835,0.12265785038471222,0.7751243710517883,0.5574787259101868
YNL325C,YER172C,0,0.57704407,0.12263853847980499,0.7751243710517883,0.5575788021087646
YDR233C,YGR099W,0,0.5769388,0.12261923402547836,0.7751243710517883,0.5576788187026978
YIL016W,YBR290W,0,0.5769213,0.12259993702173233,0.7751243710517883,0.5577788949012756
YLR070C,YFL018C,0,0.57671696,0.1225806474685669,0.7751243710517883,0.5578789114952087
YIL082W-A,YBL035C,0,0.5765405,0.12256135791540146,0.7751243710517883,0.5579789876937866
YBL039W-A,YHR204W,0,0.57652724,0.12254208326339722,0.7751243710517883,0.5580790638923645
YGR003W,YDL119C,0,0.5762139,0.12252280861139297,0.7751243710517883,0.5581790804862976
YCL047C,YPR127W,0,0.57587636,0.12250354140996933,0.7751243710517883,0.5582791566848755
YMR284W,YMR039C,0,0.57573324,0.12248427420854568,0.7751243710517883,0.5583791732788086
YDR354W,YAR019C,0,0.5757078,0.12246502190828323,0.7751243710517883,0.5584792494773865
YDR440W,YDR281C,0,0.57567203,0.12244576960802078,0.7751243710517883,0.5585792660713196
YLL055W,YJL093C,0,0.5756549,0.12242652475833893,0.7751243710517883,0.5586793422698975
YPL069C,YMR220W,0,0.5755637,0.12240728735923767,0.7751243710517883,0.5587794184684753
YCR093W,YGL048C,1,0.5753384,0.12254516780376434,0.7761194109916687,0.5587794184684753
YMR244C-A,YLR097C,0,0.57511455,0.12252591550350189,0.7761194109916687,0.5588794350624084
YPL076W,YDL114W,0,0.57492036,0.12250667810440063,0.7761194109916687,0.5589795112609863
YIL075C,YMR209C,0,0.57491577,0.12248744070529938,0.7761194109916687,0.5590795278549194
YMR085W,YOR270C,0,0.57478696,0.12246820330619812,0.7761194109916687,0.5591796040534973
YDR279W,YPR201W,0,0.57468754,0.12244898080825806,0.7761194109916687,0.5592796206474304
YLR007W,YKR065C,0,0.5746637,0.122429758310318,0.7761194109916687,0.5593796968460083
YER164W,YOL075C,0,0.5746354,0.12241054326295853,0.7761194109916687,0.5594797134399414
YKR080W,YHL036W,0,0.57442474,0.12239133566617966,0.7761194109916687,0.5595797896385193
YOR216C,YOR274W,0,0.57411367,0.12237213551998138,0.7761194109916687,0.5596798658370972
YIL176C,YGR005C,0,0.5741136,0.12235294282436371,0.7761194109916687,0.5597798824310303
YHR214C-C,YNR055C,0,0.5737304,0.12233375012874603,0.7761194109916687,0.5598799586296082
YKR065C,YLR114C,0,0.5735583,0.12231456488370895,0.7761194109916687,0.5599799752235413
YGR250C,YKL112W,0,0.57353985,0.12229538708925247,0.7761194109916687,0.5600800514221191
YBR129C,YPR198W,0,0.573535,0.12227621674537659,0.7761194109916687,0.5601800680160522
YCR097W,YNL031C,0,0.57327056,0.1222570538520813,0.7761194109916687,0.5602801442146301
YOL042W,YKL204W,1,0.57295054,0.1223946064710617,0.7771144509315491,0.5602801442146301
YDL108W,YDR151C,0,0.5724545,0.12237542867660522,0.7771144509315491,0.5603801608085632
YAR044W,YLR190W,0,0.57240736,0.12235625833272934,0.7771144509315491,0.5604802370071411
YML076C,YMR160W,0,0.57234824,0.12233709543943405,0.7771144509315491,0.560580313205719
YFL018C,YPR057W,0,0.5720568,0.12231793254613876,0.7771144509315491,0.5606803297996521
YLR048W,YBR072W,0,0.57201415,0.12229877710342407,0.7771144509315491,0.56078040599823
YOR110W,YMR158W,0,0.57189447,0.12227962911128998,0.7771144509315491,0.5608804225921631
YBR181C,YMR084W,0,0.5718497,0.12226048856973648,0.7771144509315491,0.560980498790741
YLL003W,YDR105C,0,0.5715642,0.12224135547876358,0.7771144509315491,0.5610805153846741
YBR265W,YNL318C,0,0.571241,0.12222222238779068,0.7771144509315491,0.561180591583252
YER027C,YML038C,0,0.5711848,0.12220309674739838,0.7771144509315491,0.5612806677818298
YPR158C-D,YGR055W,0,0.5711153,0.12218397855758667,0.7771144509315491,0.5613806843757629
YER156C,YMR316C-A,0,0.5709985,0.12216486781835556,0.7771144509315491,0.5614807605743408
YPR057W,YDL137W,0,0.57076997,0.12214576452970505,0.7771144509315491,0.5615807771682739
YKL208W,YOR303W,0,0.57072383,0.12212666124105453,0.7771144509315491,0.5616808533668518
YGL147C,YKR057W,0,0.57070535,0.12210756540298462,0.7771144509315491,0.5617808699607849
YLR239C,YGL173C,0,0.57064503,0.1220884770154953,0.7771144509315491,0.5618809461593628
YGR168C,YER030W,0,0.5704101,0.12206939607858658,0.7771144509315491,0.5619809627532959
YGR183C,YHR104W,0,0.5699564,0.12205032259225845,0.7771144509315491,0.5620810389518738
YCR106W,YDR481C,0,0.5699444,0.12203124910593033,0.7771144509315491,0.5621811151504517
YHL050C,YHL019C,0,0.56982654,0.1220121830701828,0.7771144509315491,0.5622811317443848
YOR060C,YDR529C,0,0.5694564,0.12199312448501587,0.7771144509315491,0.5623812079429626
YOR100C,YMR040W,0,0.5694316,0.12197407335042953,0.7771144509315491,0.5624812245368958
YBR200W,YML038C,0,0.5693176,0.1219550296664238,0.7771144509315491,0.5625813007354736
YDL212W,YGR287C,0,0.5692411,0.12193598598241806,0.7771144509315491,0.5626813173294067
YDR483W,YGR279C,0,0.5690786,0.12191694974899292,0.7771144509315491,0.5627813935279846
YKL221W,YEL038W,0,0.568905,0.12189792096614838,0.7771144509315491,0.5628814697265625
YPR120C,YML069W,0,0.5686,0.12187889963388443,0.7771144509315491,0.5629814863204956
YJL178C,YPR001W,0,0.56808025,0.12185988575220108,0.7771144509315491,0.5630815625190735
YHR175W,YAL054C,0,0.56801885,0.12184087187051773,0.7771144509315491,0.5631815791130066
YML095C,YLR018C,0,0.5679974,0.12182186543941498,0.7771144509315491,0.5632816553115845
YDL132W,YOR262W,0,0.56790537,0.12180286645889282,0.7771144509315491,0.5633816719055176
YCL001W-A,YDR116C,0,0.5677213,0.12178387492895126,0.7771144509315491,0.5634817481040955
YFL053W,YLR277C,0,0.56751114,0.1217648908495903,0.7771144509315491,0.5635817646980286
YCR026C,YOR210W,0,0.5668457,0.12174590677022934,0.7771144509315491,0.5636818408966064
YPR068C,YIL176C,0,0.56671554,0.12172693014144897,0.7771144509315491,0.5637819170951843
YER156C,YLR238W,0,0.5662794,0.1217079609632492,0.7771144509315491,0.5638819336891174
YOR205C,YGL208W,0,0.56623477,0.12168899923563004,0.7771144509315491,0.5639820098876953
YIL068C,YBR204C,0,0.5662335,0.12167004495859146,0.7771144509315491,0.5640820264816284
YHR183W,YDL166C,0,0.5659489,0.12165109068155289,0.7771144509315491,0.5641821026802063
YNL244C,YPL041C,0,0.56543857,0.12163214385509491,0.7771144509315491,0.5642821192741394
YDR085C,YHR077C,0,0.56542367,0.12161320447921753,0.7771144509315491,0.5643821954727173
YPL040C,YNR073C,0,0.5652025,0.12159427255392075,0.7771144509315491,0.5644822120666504
YGL162W,YJR103W,0,0.564973,0.12157534062862396,0.7771144509315491,0.5645822882652283
YDR179C,YGL173C,0,0.56495184,0.12155642360448837,0.7771144509315491,0.5646823644638062
YDL105W,YMR236W,0,0.564378,0.12153750658035278,0.7771144509315491,0.5647823810577393
YHR076W,YMR220W,0,0.56398785,0.12151859700679779,0.7771144509315491,0.5648824572563171
YAL048C,YMR158W,0,0.5635753,0.1214996874332428,0.7771144509315491,0.5649824738502502
YKR027W,YHR151C,0,0.5635336,0.121480792760849,0.7771144509315491,0.5650825500488281
YPR124W,YOR255W,0,0.5635039,0.1214618980884552,0.7771144509315491,0.5651825666427612
YPR200C,YDR444W,0,0.5632069,0.121443010866642,0.7771144509315491,0.5652826428413391
YML081C-A,YOL076W,0,0.5631955,0.1214241310954094,0.7771144509315491,0.565382719039917
YOL097C,YDR128W,0,0.5631191,0.12140525132417679,0.7771144509315491,0.5654827356338501
YKL209C,YEL059C-A,0,0.56295526,0.12138638645410538,0.7771144509315491,0.565582811832428
YER027C,YPL076W,0,0.5629033,0.12136752158403397,0.7771144509315491,0.5656828284263611
YJR040W,YGR091W,0,0.5626847,0.12134866416454315,0.7771144509315491,0.565782904624939
YDR089W,YOR343C-A,0,0.5624661,0.12132981419563293,0.7771144509315491,0.5658829212188721
YJL214W,YCR102C,0,0.5623088,0.12131096422672272,0.7771144509315491,0.56598299741745
YDR168W,YPR003C,0,0.56210715,0.1212921291589737,0.7771144509315491,0.5660830140113831
YBR068C,YPL009C,0,0.56200784,0.12127329409122467,0.7771144509315491,0.5661830902099609
YBL039C,YJL178C,0,0.5618102,0.12125446647405624,0.7771144509315491,0.5662831664085388
YHR162W,YBL097W,0,0.5617221,0.12123563885688782,0.7771144509315491,0.5663831830024719
YHR076W,YGR013W,0,0.5610977,0.12121682614088058,0.7771144509315491,0.5664832592010498
YPR098C,YJR033C,0,0.5609515,0.12119801342487335,0.7771144509315491,0.5665832757949829
YJL209W,YDR370C,1,0.5608665,0.12133436650037766,0.7781094312667847,0.5665832757949829
YAL058W,YNL323W,0,0.56055045,0.12131554633378983,0.7781094312667847,0.5666833519935608
YGL148W,YBR160W,0,0.5604008,0.121296726167202,0.7781094312667847,0.5667833685874939
YHR006W,YMR274C,0,0.5603925,0.12127791345119476,0.7781094312667847,0.5668834447860718
YBR068C,YDR324C,0,0.5603085,0.12125910818576813,0.7781094312667847,0.5669835209846497
YHR210C,YLR135W,0,0.5602043,0.12124031037092209,0.7781094312667847,0.5670835375785828
YMR113W,YLR173W,0,0.55984795,0.12122151255607605,0.7781094312667847,0.5671836137771606
YIR031C,YER118C,0,0.5596928,0.1212027296423912,0.7781094312667847,0.5672836303710938
YCL075W,YMR194C-B,0,0.55955565,0.12118394672870636,0.7781094312667847,0.5673837065696716
YBL103C-A,YDL070W,0,0.55954653,0.12116517126560211,0.7781094312667847,0.5674837231636047
YCL001W-A,YJL047C,1,0.55939215,0.1213013157248497,0.779104471206665,0.5674837231636047
YGL243W,YCL057W,0,0.55923325,0.12128252536058426,0.779104471206665,0.5675837993621826
YPR193C,YNR063W,0,0.55891836,0.12126374244689941,0.779104471206665,0.5676838159561157
YER159C,YNL318C,0,0.5587363,0.12124496698379517,0.779104471206665,0.5677838921546936
YNR066C,YNL025C,0,0.5585264,0.12122619897127151,0.779104471206665,0.5678839683532715
YPL199C,YOL021C,1,0.55851704,0.12136223167181015,0.7800995111465454,0.5678839683532715
YOR223W,YDR456W,0,0.5583135,0.1213434487581253,0.7800995111465454,0.5679839849472046
YMR051C,YDR380W,0,0.55797637,0.12132466584444046,0.7800995111465454,0.5680840611457825
YPR067W,YJR017C,0,0.5579435,0.12130589783191681,0.7800995111465454,0.5681840777397156
YMR098C,YGR048W,1,0.55778503,0.12144183367490768,0.7810945510864258,0.5681840777397156
YPL081W,YCL005W-A,0,0.5577569,0.12142305076122284,0.7810945510864258,0.5682841539382935
YBR109C,YGL064C,0,0.55769634,0.121404267847538,0.7810945510864258,0.5683841705322266
YNL273W,YPL178W,0,0.55764544,0.12138549238443375,0.7810945510864258,0.5684842467308044
YPR129W,YKR027W,0,0.55757666,0.12136673182249069,0.7810945510864258,0.5685842633247375
YHR025W,YLL048C,0,0.5575276,0.12134796380996704,0.7810945510864258,0.5686843395233154
YKL221W,YLR095C,0,0.55719686,0.12132921069860458,0.7810945510864258,0.5687844157218933
YIR014W,YLR207W,0,0.5570859,0.12131046503782272,0.7810945510864258,0.5688844323158264
YNL273W,YAR019C,0,0.55675787,0.12129171937704086,0.7810945510864258,0.5689845085144043
YNL081C,YBR119W,0,0.55610555,0.1212729811668396,0.7810945510864258,0.5690845251083374
YKL209C,YLR098C,0,0.5560018,0.12125425040721893,0.7810945510864258,0.5691846013069153
YCR097W,YLR007W,0,0.55534166,0.12123551964759827,0.7810945510864258,0.5692846179008484
YNR027W,YOL075C,0,0.55528516,0.1212168037891388,0.7810945510864258,0.5693846940994263
YPL005W,YOR359W,0,0.55509496,0.12119808793067932,0.7810945510864258,0.5694847702980042
YBR200W,YCL001W-A,0,0.55508006,0.12117937952280045,0.7810945510864258,0.5695847868919373
YJR161C,YGR270W,0,0.5550489,0.12116067111492157,0.7810945510864258,0.5696848630905151
YNL267W,YCR102C,0,0.553135,0.12114197760820389,0.7810945510864258,0.5697848796844482
YLR095C,YKL086W,0,0.553069,0.1211232841014862,0.7810945510864258,0.5698849558830261
YER073W,YHL009W-B,0,0.5529296,0.12110459804534912,0.7810945510864258,0.5699849724769592
YNL213C,YDR448W,0,0.5528629,0.12108591943979263,0.7810945510864258,0.5700850486755371
YCL067C,YNL095C,0,0.5527348,0.12106724083423615,0.7810945510864258,0.5701850652694702
YOL107W,YDR248C,0,0.55268425,0.12104857712984085,0.7810945510864258,0.5702851414680481
YLL057C,YER101C,0,0.55266905,0.12102991342544556,0.7810945510864258,0.570385217666626
YGL014W,YGL094C,1,0.5524195,0.12116540968418121,0.7820895314216614,0.570385217666626
YDR028C,YLL024C,0,0.5523081,0.12114673107862473,0.7820895314216614,0.5704852342605591
YLR363C,YPL042C,1,0.5519227,0.1212821677327156,0.7830845713615417,0.5704852342605591
YOL063C,YPL178W,1,0.55179536,0.1214175671339035,0.7840796113014221,0.5704852342605591
YNL004W,YOL021C,1,0.5517941,0.12155292183160782,0.7850746512413025,0.5704852342605591
YKL200C,YPR001W,0,0.55153936,0.12153419852256775,0.7850746512413025,0.570585310459137
YPR026W,YMR194C-B,0,0.551523,0.12151547521352768,0.7850746512413025,0.5706853270530701
YIL087C,YNL188W,0,0.5514005,0.1214967668056488,0.7850746512413025,0.570785403251648
YJL209W,YDL175C,1,0.55097806,0.12163202464580536,0.7860696315765381,0.570785403251648
YJR049C,YCL026C-B,0,0.5508511,0.12161330133676529,0.7860696315765381,0.570885419845581
YPL159C,YPL008W,0,0.55083233,0.12159458547830582,0.7860696315765381,0.5709854960441589
YHR021C,YDL087C,0,0.5507156,0.12157586961984634,0.7860696315765381,0.5710855722427368
YOL097C,YDL109C,0,0.5506932,0.12155716121196747,0.7860696315765381,0.5711855888366699
YPR124W,YNR071C,0,0.5504556,0.12153846025466919,0.7860696315765381,0.5712856650352478
YMR228W,YBR235W,0,0.54964155,0.12151976674795151,0.7860696315765381,0.5713856816291809
YLR048W,YPR127W,0,0.5494855,0.12150107324123383,0.7860696315765381,0.5714857578277588
YLL003W,YLL007C,0,0.5492862,0.12148239463567734,0.7860696315765381,0.5715857744216919
YKR023W,YOR223W,0,0.5491251,0.12146371603012085,0.7860696315765381,0.5716858506202698
YOR381W,YDR064W,0,0.5487803,0.12144504487514496,0.7860696315765381,0.5717858672142029
YIR033W,YKL220C,1,0.54842424,0.1215800791978836,0.7870646715164185,0.5717858672142029
YER130C,YLR086W,0,0.54832333,0.12156139314174652,0.7870646715164185,0.5718859434127808
YNL239W,YNL025C,0,0.54817945,0.12154271453619003,0.7870646715164185,0.5719860196113586
YER115C,YDL245C,0,0.5480693,0.12152404338121414,0.7870646715164185,0.5720860362052917
YGR275W,YCR102C,0,0.5478413,0.12150537967681885,0.7870646715164185,0.5721861124038696
YML112W,YOR267C,0,0.54757756,0.12148671597242355,0.7870646715164185,0.5722861289978027
YDL030W,YLR151C,0,0.5466823,0.12146805971860886,0.7870646715164185,0.5723862051963806
YNL038W,YML125C,0,0.5466511,0.12144941091537476,0.7870646715164185,0.5724862217903137
YGL143C,YLR287C,0,0.54649824,0.12143076211214066,0.7870646715164185,0.5725862979888916
YOL110W,YDR261C-C,0,0.5464447,0.12141212821006775,0.7870646715164185,0.5726863145828247
YBL100W-B,YLR423C,0,0.5463585,0.12139349430799484,0.7870646715164185,0.5727863907814026
YOR275C,YBL019W,0,0.545867,0.12137486785650253,0.7870646715164185,0.5728864669799805
YDL245C,YLR080W,0,0.5456038,0.12135624140501022,0.7870646715164185,0.5729864835739136
YPL005W,YDR233C,0,0.5455386,0.12133762985467911,0.7870646715164185,0.5730865597724915
YPR127W,YBR223C,0,0.54494995,0.12131901830434799,0.7870646715164185,0.5731865763664246
YOR045W,YLR425W,0,0.54466975,0.12130041420459747,0.7870646715164185,0.5732866525650024
YKR103W,YER072W,0,0.54447436,0.12128181755542755,0.7870646715164185,0.5733866691589355
YLL007C,YOL076W,0,0.54434043,0.12126322090625763,0.7870646715164185,0.5734867453575134
YJR040W,YNL213C,0,0.5441565,0.1212446317076683,0.7870646715164185,0.5735868215560913
YLR118C,YBL037W,0,0.5440521,0.12122604995965958,0.7870646715164185,0.5736868381500244
YMR275C,YKL095W,0,0.5440415,0.12120747566223145,0.7870646715164185,0.5737869143486023
YPL002C,YDL066W,0,0.5435042,0.12118890881538391,0.7870646715164185,0.5738869309425354
YGR235C,YNL280C,0,0.5433913,0.12117034196853638,0.7870646715164185,0.5739870071411133
YPL027W,YBR202W,0,0.5431257,0.12115178257226944,0.7870646715164185,0.5740870237350464
YCR097W,YHR187W,0,0.542383,0.1211332306265831,0.7870646715164185,0.5741870999336243
YDL108W,YHR160C,0,0.54225177,0.12111468613147736,0.7870646715164185,0.5742871165275574
YKR023W,YDL135C,0,0.54175633,0.12109614163637161,0.7870646715164185,0.5743871927261353
YOR304C-A,YOR100C,0,0.5416236,0.12107760459184647,0.7870646715164185,0.5744872689247131
YNR062C,YML038C,0,0.5414759,0.12105907499790192,0.7870646715164185,0.5745872855186462
YML050W,YIL176C,0,0.5414136,0.12104055285453796,0.7870646715164185,0.5746873617172241
YLL015W,YDR389W,0,0.5412772,0.12102203071117401,0.7870646715164185,0.5747873783111572
YER048W-A,YLR392C,0,0.5410317,0.12100351601839066,0.7870646715164185,0.5748874545097351
YDR164C,YDL233W,0,0.5409223,0.1209850087761879,0.7870646715164185,0.5749874711036682
YIL087C,YGR254W,0,0.5404712,0.12096650898456573,0.7870646715164185,0.5750875473022461
YCL073C,YPL199C,0,0.5403358,0.12094800919294357,0.7870646715164185,0.575187623500824
YDR409W,YMR077C,0,0.54002696,0.1209295243024826,0.7870646715164185,0.5752876400947571
YPL220W,YGR042W,0,0.539958,0.12091103941202164,0.7870646715164185,0.575387716293335
YPR120C,YOR251C,0,0.53971547,0.12089255452156067,0.7870646715164185,0.5754877328872681
YPL199C,YBR139W,0,0.5396654,0.1208740845322609,0.7870646715164185,0.575587809085846
YNL260C,YEL059C-A,0,0.5392456,0.12085561454296112,0.7870646715164185,0.575687825679779
YOR381W,YBR188C,0,0.5391593,0.12083715200424194,0.7870646715164185,0.5757879018783569
YJL024C,YNL006W,0,0.5390143,0.12081869691610336,0.7870646715164185,0.57588791847229
YKR052C,YPR057W,0,0.53880674,0.12080024182796478,0.7870646715164185,0.5759879946708679
YDR343C,YCL026C-A,0,0.53877693,0.1207818016409874,0.7870646715164185,0.5760880708694458
YHR142W,YER172C,0,0.53855294,0.12076336145401001,0.7870646715164185,0.5761880874633789
YJL194W,YDR354W,0,0.5384771,0.12074492126703262,0.7870646715164185,0.5762881636619568
YPR073C,YHR171W,0,0.53834486,0.12072649598121643,0.7870646715164185,0.5763881802558899
YDR174W,YBR004C,0,0.53824323,0.12070807069540024,0.7870646715164185,0.5764882564544678
YBR139W,YDL114W,0,0.5382361,0.12068965286016464,0.7870646715164185,0.5765882730484009
YLR154W-C,YGL094C,0,0.5380446,0.12067124247550964,0.7870646715164185,0.5766883492469788
YMR263W,YER115C,0,0.53781986,0.12065283954143524,0.7870646715164185,0.5767883658409119
YPR048W,YIL156W,0,0.5375628,0.12063443660736084,0.7870646715164185,0.5768884420394897
YDR127W,YNR023W,0,0.5374747,0.12061604112386703,0.7870646715164185,0.5769885182380676
YJR131W,YEL064C,0,0.5373367,0.12059765309095383,0.7870646715164185,0.5770885348320007
YCR075W-A,YBR094W,0,0.5371218,0.12057926505804062,0.7870646715164185,0.5771886110305786
YGR068C,YLR312W-A,0,0.537002,0.1205608919262886,0.7870646715164185,0.5772886276245117
YKR093W,YOL155C,0,0.5369145,0.12054251879453659,0.7870646715164185,0.5773887038230896
YIL075C,YMR027W,0,0.5361845,0.12052415311336517,0.7870646715164185,0.5774887204170227
YLR442C,YPL190C,1,0.53516066,0.12065813690423965,0.7880597114562988,0.5774887204170227
YMR084W,YKL086W,0,0.5349504,0.12063975632190704,0.7880597114562988,0.5775887966156006
YDL064W,YLR291C,0,0.53483355,0.12062138319015503,0.7880597114562988,0.5776888728141785
YJL038C,YDR059C,0,0.5346789,0.12060301750898361,0.7880597114562988,0.5777888894081116
YJR040W,YPL008W,0,0.534526,0.1205846518278122,0.7880597114562988,0.5778889656066895
YGL077C,YDL245C,0,0.53427404,0.12056629359722137,0.7880597114562988,0.5779889822006226
YGR235C,YBR072W,0,0.53408366,0.12054794281721115,0.7880597114562988,0.5780890583992004
YLR118C,YGL209W,0,0.5339777,0.12052959948778152,0.7880597114562988,0.5781890749931335
YGL026C,YGL230C,0,0.53395766,0.1205112636089325,0.7880597114562988,0.5782891511917114
YKR075C,YOR089C,0,0.5338064,0.12049292773008347,0.7880597114562988,0.5783891677856445
YGL183C,YPL196W,0,0.5337629,0.12047459930181503,0.7880597114562988,0.5784892439842224
YPL173W,YJL047C,0,0.5334419,0.1204562708735466,0.7880597114562988,0.5785893201828003
YKL097W-A,YPL010W,0,0.5333005,0.12043795734643936,0.7880597114562988,0.5786893367767334
YML095C,YBR106W,0,0.5332006,0.12041964381933212,0.7880597114562988,0.5787894129753113
YDL004W,YDR279W,0,0.532911,0.12040133774280548,0.7880597114562988,0.5788894295692444
YKL127W,YNL244C,0,0.5328736,0.12038303911685944,0.7880597114562988,0.5789895057678223
YDR088C,YLR295C,0,0.5327799,0.12036474049091339,0.7880597114562988,0.5790895223617554
YKL200C,YNL136W,0,0.5326472,0.12034644931554794,0.7880597114562988,0.5791895985603333
YJR088C,YGR078C,0,0.5319885,0.12032816559076309,0.7880597114562988,0.5792896151542664
YNL097C,YOL156W,0,0.53191054,0.12030988931655884,0.7880597114562988,0.5793896913528442
YJR029W,YOL058W,0,0.53174525,0.12029161304235458,0.7880597114562988,0.5794897675514221
YMR215W,YNL224C,0,0.5317256,0.12027335166931152,0.7880597114562988,0.5795897841453552
YPR035W,YJR135W-A,0,0.5316457,0.12025508284568787,0.7880597114562988,0.5796898603439331
YGR067C,YBR025C,0,0.5315961,0.1202368289232254,0.7880597114562988,0.5797898769378662
YER048W-A,YDR261C-C,0,0.53155285,0.12021858245134354,0.7880597114562988,0.5798899531364441
YBR204C,YMR040W,0,0.5314724,0.12020033597946167,0.7880597114562988,0.5799899697303772
YJL090C,YPR057W,0,0.5313051,0.1201820969581604,0.7880597114562988,0.5800900459289551
YPL095C,YMR300C,0,0.5311131,0.12016385793685913,0.7880597114562988,0.580190122127533
YDR153C,YMR039C,0,0.5310657,0.12014563381671906,0.7880597114562988,0.5802901387214661
YDR233C,YDL146W,0,0.53102547,0.12012740969657898,0.7880597114562988,0.580390214920044
YGR199W,YEL062W,0,0.5309294,0.1201091930270195,0.7880597114562988,0.580490231513977
YJR050W,YOL156W,0,0.5304815,0.12009097635746002,0.7880597114562988,0.5805903077125549
YDR314C,YJR092W,0,0.530225,0.12007277458906174,0.7880597114562988,0.580690324306488
YDR208W,YBR279W,0,0.5296003,0.12005457282066345,0.7880597114562988,0.5807904005050659
YNR062C,YLR154W-C,0,0.52935094,0.12003637105226517,0.7880597114562988,0.580890417098999
YER092W,YDR210W-D,0,0.528944,0.12001818418502808,0.7880597114562988,0.5809904932975769
YJL102W,YLR404W,0,0.52880794,0.11999999731779099,0.7880597114562988,0.5810905694961548
YPL090C,YDR101C,0,0.5283903,0.11998181790113449,0.7880597114562988,0.5811905860900879
YCR106W,YOR241W,0,0.5283206,0.1199636459350586,0.7880597114562988,0.5812906622886658
YCL056C,YER068W,0,0.5278196,0.1199454814195633,0.7880597114562988,0.5813906788825989
YPR193C,YPR057W,0,0.5277084,0.119927316904068,0.7880597114562988,0.5814907550811768
YCL026C-B,YBR223C,0,0.52770007,0.11990915983915329,0.7880597114562988,0.5815907716751099
YNL244C,YOR283W,0,0.5276547,0.11989101022481918,0.7880597114562988,0.5816908478736877
YGR157W,YKR083C,0,0.5273136,0.11987286061048508,0.7880597114562988,0.5817909240722656
YHL018W,YNL147W,0,0.52730817,0.11985471844673157,0.7880597114562988,0.5818909406661987
YHL009W-B,YCR053W,0,0.52716804,0.11983658373355865,0.7880597114562988,0.5819910168647766
YPL047W,YBR290W,0,0.5269248,0.11981845647096634,0.7880597114562988,0.5820910334587097
YDL089W,YLR337C,0,0.52684945,0.11980032920837402,0.7880597114562988,0.5821911096572876
YER115C,YER020W,0,0.52683735,0.1197822168469429,0.7880597114562988,0.5822911262512207
YJL095W,YNL004W,0,0.52653486,0.11976410448551178,0.7880597114562988,0.5823912024497986
YHR133C,YIR022W,0,0.5263334,0.11974599212408066,0.7880597114562988,0.5824912190437317
YER154W,YMR177W,0,0.5261507,0.11972789466381073,0.7880597114562988,0.5825912952423096
YDR251W,YNL219C,0,0.52613056,0.1197097972035408,0.7880597114562988,0.5826913714408875
YMR256C,YBL023C,0,0.52601105,0.11969169974327087,0.7880597114562988,0.5827913880348206
YIR014W,YDR105C,0,0.52594405,0.11967361718416214,0.7880597114562988,0.5828914642333984
YDR040C,YHR214W-G,0,0.52585524,0.1196555346250534,0.7880597114562988,0.5829914808273315
YNL284C,YNL116W,0,0.52582115,0.11963745951652527,0.7880597114562988,0.5830915570259094
YKR099C-A,YKR081C,0,0.52530354,0.11961939185857773,0.7880597114562988,0.5831915736198425
YPL066W,YGL021W,0,0.5249063,0.11960133165121078,0.7880597114562988,0.5832916498184204
YHR214C-C,YDR432W,0,0.52487093,0.11958327144384384,0.7880597114562988,0.5833916664123535
YPR073C,YLR163C,0,0.5247802,0.1195652186870575,0.7880597114562988,0.5834917426109314
YMR054W,YKL062W,0,0.52471834,0.11954717338085175,0.7880597114562988,0.5835918188095093
YDL101C,YDL066W,0,0.5245926,0.119529128074646,0.7880597114562988,0.5836918354034424
YHR039C-A,YJR159W,0,0.5241497,0.11951109021902084,0.7880597114562988,0.5837919116020203
YGR287C,YCL058C,0,0.52403206,0.11949305981397629,0.7880597114562988,0.5838919281959534
YDL171C,YGL121C,0,0.5237582,0.11947503685951233,0.7880597114562988,0.5839920043945312
YHR214C-C,YMR196W,0,0.5236288,0.11945701390504837,0.7880597114562988,0.5840920209884644
YFL042C,YAR066W,0,0.5235449,0.11943899840116501,0.7880597114562988,0.5841920971870422
YOR358W,YNL267W,0,0.52329314,0.11942099034786224,0.7880597114562988,0.5842921733856201
YML097C,YOL161C,0,0.523163,0.11940298229455948,0.7880597114562988,0.5843921899795532
YIL064W,YAL023C,0,0.52305937,0.11938498914241791,0.7880597114562988,0.5844922661781311
YPL168W,YLL045C,0,0.522787,0.11936699599027634,0.7880597114562988,0.5845922827720642
YPR201W,YPL270W,0,0.522711,0.11934900283813477,0.7880597114562988,0.5846923589706421
YHR062C,YNL197C,1,0.5223923,0.11948169022798538,0.7890547513961792,0.5846923589706421
YKR093W,YKL037W,0,0.5221723,0.11946369707584381,0.7890547513961792,0.5847923755645752
YML023C,YLR097C,0,0.52198714,0.11944569647312164,0.7890547513961792,0.5848924517631531
YIL082W-A,YDR218C,0,0.5219335,0.11942771077156067,0.7890547513961792,0.5849924683570862
YPR196W,YKL221W,0,0.5216861,0.1194097250699997,0.7890547513961792,0.5850925445556641
YOR190W,YDL077C,0,0.52121645,0.11939174681901932,0.7890547513961792,0.5851926207542419
YHL035C,YHR046C,0,0.52073526,0.11937377601861954,0.7890547513961792,0.585292637348175
YJR014W,YHR181W,0,0.52062523,0.11935581266880035,0.7890547513961792,0.5853927135467529
YHL019C,YGL150C,0,0.520582,0.11933784931898117,0.7890547513961792,0.585492730140686
YER035W,YOR255W,0,0.5200232,0.11931989341974258,0.7890547513961792,0.5855928063392639
YOR185C,YBL037W,0,0.5199838,0.119301937520504,0.7890547513961792,0.585692822933197
YLR048W,YNL176C,0,0.5195856,0.1192839965224266,0.7890547513961792,0.5857928991317749
YBR211C,YDR251W,0,0.51957643,0.11926605552434921,0.7890547513961792,0.5858929753303528
YGL183C,YHL050C,0,0.5194804,0.11924812197685242,0.7890547513961792,0.5859929919242859
YOR274W,YDL078C,0,0.51905245,0.11923018842935562,0.7890547513961792,0.5860930681228638
YER159C,YHL020C,0,0.5188462,0.11921226978302002,0.7890547513961792,0.5861930847167969
YLR060W,YEL059C-A,0,0.5187719,0.11919435113668442,0.7890547513961792,0.5862931609153748
YHR187W,YKL088W,0,0.51826894,0.11917643249034882,0.7890547513961792,0.5863931775093079
YER050C,YOL110W,0,0.5182045,0.11915852874517441,0.7890547513961792,0.5864932537078857
YFR008W,YPR001W,0,0.5179741,0.119140625,0.7890547513961792,0.5865932703018188
YPR124W,YLR333C,0,0.51786107,0.11912272870540619,0.7890547513961792,0.5866933465003967
YHR047C,YGL021W,0,0.5178277,0.11910483986139297,0.7890547513961792,0.5867934226989746
YGR244C,YCR015C,0,0.51763916,0.11908695101737976,0.7890547513961792,0.5868934392929077
YMR085W,YMR160W,0,0.5173463,0.11906906962394714,0.7890547513961792,0.5869935154914856
YER154W,YNL081C,0,0.5171727,0.11905119568109512,0.7890547513961792,0.5870935320854187
YKL097W-A,YLR241W,0,0.51711184,0.1190333217382431,0.7890547513961792,0.5871936082839966
YDR420W,YCR102C,0,0.51675785,0.11901545524597168,0.7890547513961792,0.5872936248779297
YPL040C,YHL018W,0,0.5165474,0.11899759620428085,0.7890547513961792,0.5873937010765076
YGL009C,YGR092W,0,0.51631224,0.11897974461317062,0.7890547513961792,0.5874937176704407
YDL106C,YOL113W,0,0.5163118,0.1189618930220604,0.7890547513961792,0.5875937938690186
YEL077C,YLR207W,0,0.516195,0.11894405633211136,0.7890547513961792,0.5876938700675964
YPL010W,YPR001W,0,0.5161366,0.11892621219158173,0.7890547513961792,0.5877938866615295
YOL078W,YAR066W,0,0.51562315,0.11890838295221329,0.7890547513961792,0.5878939628601074
YOL156W,YBR214W,0,0.5154584,0.11889055371284485,0.7890547513961792,0.5879939794540405
YIL075C,YGR175C,0,0.5154107,0.118872731924057,0.7890547513961792,0.5880940556526184
YKR096W,YCR035C,1,0.5153139,0.11900479346513748,0.7900497317314148,0.5880940556526184
YNL020C,YHL018W,0,0.5152538,0.11898696422576904,0.7900497317314148,0.5881940722465515
YJR112W-A,YDR020C,0,0.5152367,0.1189691349864006,0.7900497317314148,0.5882941484451294
YFR043C,YDR072C,0,0.5152282,0.11895131319761276,0.7900497317314148,0.5883942246437073
YOL095C,YGL009C,0,0.51517075,0.11893349140882492,0.7900497317314148,0.5884942412376404
YOL019W,YFR031C,0,0.5151268,0.11891567707061768,0.7900497317314148,0.5885943174362183
YDL146W,YBR217W,0,0.51505226,0.11889787018299103,0.7900497317314148,0.5886943340301514
YNR030W,YLL034C,0,0.5148601,0.11888007074594498,0.7900497317314148,0.5887944102287292
YNR076W,YLR266C,0,0.5148258,0.11886227875947952,0.7900497317314148,0.5888944268226624
YER088C,YBR279W,0,0.51477385,0.11884448677301407,0.7900497317314148,0.5889945030212402
YIL050W,YPL055C,0,0.5142133,0.11882670223712921,0.7900497317314148,0.5890945196151733
YMR046C,YGL064C,0,0.51413506,0.11880891770124435,0.7900497317314148,0.5891945958137512
YNR055C,YIL034C,0,0.5138359,0.1187911406159401,0.7900497317314148,0.5892946720123291
YDR343C,YML006C,0,0.5134836,0.11877337098121643,0.7900497317314148,0.5893946886062622
YLR227C,YBR278W,0,0.51338446,0.11875560879707336,0.7900497317314148,0.5894947648048401
YBR146W,YDR346C,0,0.51331943,0.1187378466129303,0.7900497317314148,0.5895947813987732
YDR437W,YHR214W-G,0,0.51328766,0.11872009932994843,0.7900497317314148,0.5896948575973511
YGL085W,YGR208W,0,0.5132552,0.11870234459638596,0.7900497317314148,0.5897948741912842
YER015W,YGR005C,0,0.5123855,0.11868460476398468,0.7900497317314148,0.5898949503898621
YKL221W,YGL051W,0,0.5122513,0.1186668649315834,0.7900497317314148,0.5899950265884399
YOL002C,YKL032C,0,0.51224995,0.11864913254976273,0.7900497317314148,0.590095043182373
YMR285C,YER083C,0,0.5120931,0.11863140761852264,0.7900497317314148,0.5901951193809509
YMR174C,YJR033C,0,0.5118622,0.11861368268728256,0.7900497317314148,0.590295135974884
YBR147W,YOR038C,0,0.5115622,0.11859596520662308,0.7900497317314148,0.5903952121734619
YGL170C,YDR519W,0,0.5114718,0.11857825517654419,0.7900497317314148,0.590495228767395
YPL195W,YBL037W,0,0.5113347,0.1185605525970459,0.7900497317314148,0.5905953049659729
YDR096W,YCL008C,0,0.51133376,0.11854285001754761,0.7900497317314148,0.590695321559906
YKL222C,YLR314C,0,0.511146,0.11852515488862991,0.7900497317314148,0.5907953977584839
YKL186C,YNL190W,0,0.5108984,0.11850745975971222,0.7900497317314148,0.5908954739570618
YNR048W,YHL020C,0,0.51066744,0.11848977953195572,0.7900497317314148,0.5909954905509949
YOR083W,YPR098C,0,0.5105667,0.11847209930419922,0.7900497317314148,0.5910955667495728
YMR145C,YPL110C,0,0.5104622,0.11845442652702332,0.7900497317314148,0.5911955833435059
YNL134C,YEL051W,0,0.51032406,0.11843675374984741,0.7900497317314148,0.5912956595420837
YKL221W,YBL106C,0,0.5102794,0.1184190884232521,0.7900497317314148,0.5913956761360168
YER154W,YOR025W,0,0.510148,0.1184014305472374,0.7900497317314148,0.5914957523345947
YJL127C-B,YOL078W,0,0.5099182,0.11838378012180328,0.7900497317314148,0.5915957689285278
YBR146W,YGR013W,0,0.5095922,0.11836612969636917,0.7900497317314148,0.5916958451271057
YNR066C,YHR070W,0,0.50935423,0.11834848672151566,0.7900497317314148,0.5917959213256836
YPR196W,YLL033W,0,0.5092711,0.11833085119724274,0.7900497317314148,0.5918959379196167
YNL081C,YOL013C,0,0.50924844,0.11831321567296982,0.7900497317314148,0.5919960141181946
YGR206W,YNL116W,0,0.5089,0.1182955875992775,0.7900497317314148,0.5920960307121277
YHL009W-B,YDR465C,0,0.50879043,0.11827796697616577,0.7900497317314148,0.5921961069107056
YGL243W,YBR045C,0,0.50871444,0.11826035380363464,0.7900497317314148,0.5922961235046387
YNL081C,YER156C,0,0.5086122,0.11824274063110352,0.7900497317314148,0.5923961997032166
YIL030C,YEL029C,0,0.5085878,0.11822513490915298,0.7900497317314148,0.5924962759017944
YNL115C,YGR254W,0,0.5081722,0.11820753663778305,0.7900497317314148,0.5925962924957275
YLL055W,YOL075C,0,0.508113,0.11818993836641312,0.7900497317314148,0.5926963686943054
YKL059C,YKL190W,0,0.5079388,0.11817234754562378,0.7900497317314148,0.5927963852882385
YPR002W,YNL069C,0,0.5076997,0.11815476417541504,0.7900497317314148,0.5928964614868164
YOR025W,YIL005W,0,0.5076807,0.1181371808052063,0.7900497317314148,0.5929964780807495
YLR239C,YPL159C,0,0.50745225,0.11811960488557816,0.7900497317314148,0.5930965542793274
YOR270C,YBR107C,0,0.506795,0.11810203641653061,0.7900497317314148,0.5931965708732605
YMR198W,YGR140W,0,0.5067765,0.11808447539806366,0.7900497317314148,0.5932966470718384
YJL006C,YGR287C,0,0.50676864,0.11806691437959671,0.7900497317314148,0.5933967232704163
YHR039C-A,YNL239W,0,0.5066898,0.11804936081171036,0.7900497317314148,0.5934967398643494
YCL073C,YOR077W,0,0.50666845,0.1180318146944046,0.7900497317314148,0.5935968160629272
YER172C,YLR453C,0,0.50656515,0.11801426857709885,0.7900497317314148,0.5936968326568604
YNL156C,YPL222W,0,0.5062818,0.11799672991037369,0.7900497317314148,0.5937969088554382
YMR160W,YBR172C,0,0.5062384,0.11797919869422913,0.7900497317314148,0.5938969254493713
YER108C,YMR220W,0,0.50616103,0.11796166747808456,0.7900497317314148,0.5939970016479492
YFR031C,YOR223W,0,0.5061008,0.1179441437125206,0.7900497317314148,0.5940970778465271
YKL039W,YML006C,0,0.5057654,0.11792662739753723,0.7900497317314148,0.5941970944404602
YHR024C,YDR333C,0,0.50520957,0.11790911853313446,0.7900497317314148,0.5942971706390381
YHL018W,YGR013W,0,0.5050675,0.11789160966873169,0.7900497317314148,0.5943971872329712
YOR346W,YGR092W,0,0.5047427,0.11787410825490952,0.7900497317314148,0.5944972634315491
YHR005C,YGL259W,0,0.5046199,0.11785661429166794,0.7900497317314148,0.5945972800254822
YPL014W,YKR017C,0,0.50453234,0.11783912032842636,0.7900497317314148,0.5946973562240601
YLR070C,YNL097C,0,0.50433534,0.11782163381576538,0.7900497317314148,0.5947973728179932
YPL036W,YOR064C,0,0.50425917,0.117804154753685,0.7900497317314148,0.594897449016571
YER130C,YDR486C,0,0.5042326,0.11778667569160461,0.7900497317314148,0.5949975252151489
YKL220C,YPR072W,1,0.5041232,0.11791753023862839,0.7910447716712952,0.5949975252151489
YKL204W,YFL038C,1,0.50404054,0.11804834753274918,0.7920398116111755,0.5949975252151489
YDL138W,YGR055W,0,0.5039506,0.1180308386683464,0.7920398116111755,0.595097541809082
YDR040C,YNL153C,0,0.50371414,0.11801334470510483,0.7920398116111755,0.5951976180076599
YIL050W,YIL176C,0,0.50368255,0.11799585074186325,0.7920398116111755,0.595297634601593
YAR044W,YLR039C,0,0.5035836,0.11797836422920227,0.7920398116111755,0.5953977108001709
YOR093C,YHR014W,0,0.5034756,0.11796087771654129,0.7920398116111755,0.595497727394104
YOR025W,YPL076W,0,0.5033384,0.11794339865446091,0.7920398116111755,0.5955978035926819
YJL097W,YNL062C,0,0.50313944,0.11792592704296112,0.7920398116111755,0.595697820186615
YOR381W,YBL097W,0,0.50302786,0.11790845543146133,0.7920398116111755,0.5957978963851929
YKL038W,YGL244W,0,0.50293356,0.11789099872112274,0.7920398116111755,0.5958979725837708
YIL065C,YDR254W,0,0.50254565,0.11787353456020355,0.7920398116111755,0.5959979891777039
YDL089W,YDR489W,0,0.5023334,0.11785608530044556,0.7920398116111755,0.5960980653762817
YHL009W-B,YJL095W,0,0.50228184,0.11783863604068756,0.7920398116111755,0.5961980819702148
YDR314C,YMR051C,0,0.5022592,0.11782119423151016,0.7920398116111755,0.5962981581687927
YGR217W,YMR160W,0,0.5019137,0.11780375987291336,0.7920398116111755,0.5963981747627258
YLR073C,YMR054W,0,0.5017951,0.11778632551431656,0.7920398116111755,0.5964982509613037
YHR181W,YGL026C,0,0.50166214,0.11776889860630035,0.7920398116111755,0.5965983271598816
YJR006W,YPR042C,1,0.5010847,0.11789941042661667,0.7930348515510559,0.5965983271598816
YLR204W,YMR074C,0,0.50093967,0.11788196861743927,0.7930348515510559,0.5966983437538147
YDR009W,YLR080W,0,0.500755,0.11786453425884247,0.7930348515510559,0.5967984199523926
YIL156W,YJL225C,0,0.50054616,0.11784710735082626,0.7930348515510559,0.5968984365463257
YBL042C,YLR134W,0,0.5003775,0.11782968789339066,0.7930348515510559,0.5969985127449036
YIL015W,YER052C,0,0.50016457,0.11781226843595505,0.7930348515510559,0.5970985293388367
YGL045W,YDR318W,0,0.4998702,0.11779485642910004,0.7930348515510559,0.5971986055374146
YJL095W,YGL058W,0,0.49958602,0.11777745187282562,0.7930348515510559,0.5972986221313477
YCR052W,YHR151C,0,0.4994324,0.11776004731655121,0.7930348515510559,0.5973986983299255
YNL314W,YHR042W,0,0.49935094,0.11774265021085739,0.7930348515510559,0.5974987745285034
YJR088C,YIL075C,0,0.4992164,0.11772526055574417,0.7930348515510559,0.5975987911224365
YNL004W,YHL012W,0,0.49907717,0.11770787090063095,0.7930348515510559,0.5976988673210144
YJR014W,YHR051W,0,0.49905202,0.11769048869609833,0.7930348515510559,0.5977988839149475
YDR147W,YDR421W,0,0.49893978,0.1176731139421463,0.7930348515510559,0.5978989601135254
YDR522C,YML010W,0,0.49868545,0.11765573918819427,0.7930348515510559,0.5979989767074585
YOR191W,YNL031C,0,0.49792132,0.11763837933540344,0.7930348515510559,0.5980990529060364
YJL144W,YDR325W,0,0.49754772,0.11762101203203201,0.7930348515510559,0.5981991291046143
YOL107W,YHR014W,0,0.49747148,0.11760365962982178,0.7930348515510559,0.5982991456985474
YNR071C,YDR421W,0,0.49741712,0.11758630722761154,0.7930348515510559,0.5983992218971252
YIL177C,YHR162W,0,0.49707124,0.1175689622759819,0.7930348515510559,0.5984992384910583
YKR001C,YCR100C,0,0.49674556,0.11755162477493286,0.7930348515510559,0.5985993146896362
YKL221W,YNL164C,0,0.4967377,0.11753428727388382,0.7930348515510559,0.5986993312835693
YIL102C-A,YCR026C,0,0.49652883,0.11751695722341537,0.7930348515510559,0.5987994074821472
YIL134W,YDR064W,0,0.49547037,0.11749963462352753,0.7930348515510559,0.5988994240760803
YOR283W,YPL203W,0,0.4952248,0.11748231202363968,0.7930348515510559,0.5989995002746582
YKL126W,YDR020C,0,0.49513558,0.11746499687433243,0.7930348515510559,0.5990995764732361
YMR285C,YCR026C,0,0.49490473,0.11744768917560577,0.7930348515510559,0.5991995930671692
YMR209C,YLR266C,0,0.49480656,0.11743038147687912,0.7930348515510559,0.5992996692657471
YPL256C,YOL044W,0,0.49476668,0.11741308122873306,0.7930348515510559,0.5993996858596802
YOL002C,YFR032C-A,0,0.4944434,0.1173957884311676,0.7930348515510559,0.5994997620582581
YDR183W,YHR171W,0,0.49432668,0.11737849563360214,0.7930348515510559,0.5995997786521912
YPL163C,YLR417W,0,0.49399737,0.11736121028661728,0.7930348515510559,0.599699854850769
YGR255C,YDR188W,0,0.49387023,0.11734393239021301,0.7930348515510559,0.5997998714447021
YHR039C-A,YDR126W,0,0.49375412,0.11732666194438934,0.7930348515510559,0.59989994764328
YMR153W,YDR293C,0,0.49359366,0.11730939149856567,0.7930348515510559,0.6000000238418579
YDR206W,YDR293C,1,0.49290475,0.11743929237127304,0.7940298318862915,0.6000000238418579
YNL218W,YOR045W,0,0.4928544,0.11742201447486877,0.7940298318862915,0.600100040435791
YBR146W,YDR261C-C,0,0.49257824,0.11740473657846451,0.7940298318862915,0.6002001166343689
YFL018C,YLR256W,0,0.49256918,0.11738746613264084,0.7940298318862915,0.600300133228302
YPR023C,YML118W,1,0.49248096,0.11751728504896164,0.7950248718261719,0.600300133228302
YPL011C,YDR189W,0,0.49225506,0.11749999970197678,0.7950248718261719,0.6004002094268799
YHL009W-B,YNL305C,0,0.4921265,0.11748272180557251,0.7950248718261719,0.600500226020813
YOL078W,YNL103W,0,0.49206623,0.11746545135974884,0.7950248718261719,0.6006003022193909
YHL035C,YMR044W,0,0.49195334,0.11744818091392517,0.7950248718261719,0.6007003784179688
YGR287C,YNL264C,0,0.4913241,0.1174309253692627,0.7950248718261719,0.6008003950119019
YHR051W,YDL047W,0,0.49120417,0.11741366982460022,0.7950248718261719,0.6009004712104797
YGR213C,YML076C,0,0.49119195,0.11739641427993774,0.7950248718261719,0.6010004878044128
YCR106W,YNL164C,0,0.49041256,0.11737916618585587,0.7950248718261719,0.6011005640029907
YOR119C,YOR303W,0,0.48960552,0.11736192554235458,0.7950248718261719,0.6012005805969238
YJR057W,YDR359C,0,0.48924747,0.1173446923494339,0.7950248718261719,0.6013006567955017
YER115C,YGR282C,0,0.48910734,0.11732745915651321,0.7950248718261719,0.6014006733894348
YML118W,YOR223W,0,0.489103,0.11731023341417313,0.7950248718261719,0.6015007495880127
YBR111W-A,YJL208C,1,0.488916,0.11743981391191483,0.7960199117660522,0.6015007495880127
YML023C,YLR432W,0,0.48860577,0.11742257326841354,0.7960199117660522,0.6016008257865906
YBL039W-A,YBR033W,0,0.48843333,0.11740534007549286,0.7960199117660522,0.6017008423805237
YDL030W,YBR056W,0,0.48835662,0.11738811433315277,0.7960199117660522,0.6018009185791016
YMR031C,YNL036W,0,0.48835358,0.11737088859081268,0.7960199117660522,0.6019009351730347
YJR040W,YDR302W,0,0.48832116,0.11735367774963379,0.7960199117660522,0.6020010113716125
YDL106C,YDR183W,0,0.48786542,0.1173364594578743,0.7960199117660522,0.6021010279655457
YPL280W,YLL048C,0,0.4878082,0.117319256067276,0.7960199117660522,0.6022011041641235
YML097C,YER065C,0,0.4877906,0.1173020526766777,0.7960199117660522,0.6023011803627014
YNL224C,YHL018W,0,0.4875463,0.11728485673666,0.7960199117660522,0.6024011969566345
YNL219C,YBR265W,0,0.48748627,0.1172676607966423,0.7960199117660522,0.6025012731552124
YGR092W,YNR063W,0,0.48746523,0.1172504797577858,0.7960199117660522,0.6026012897491455
YMR160W,YNL116W,0,0.4874603,0.1172332912683487,0.7960199117660522,0.6027013659477234
YDR343C,YCL075W,0,0.48682103,0.11721611768007278,0.7960199117660522,0.6028013825416565
YJL004C,YOL161C,0,0.48670045,0.11719894409179688,0.7960199117660522,0.6029014587402344
YOL002C,YOR255W,0,0.48662457,0.11718177795410156,0.7960199117660522,0.6030014753341675
YOR191W,YBR186W,0,0.48607066,0.11716461926698685,0.7960199117660522,0.6031015515327454
YGL173C,YNL288W,1,0.48597798,0.11729389429092407,0.7970149517059326,0.6031015515327454
YOR144C,YDL088C,0,0.48523292,0.11727672070264816,0.7970149517059326,0.6032016277313232
YHL020C,YHR038W,0,0.4845241,0.11725955456495285,0.7970149517059326,0.6033016443252563
YDL132W,YBL103C-A,0,0.48419294,0.11724238842725754,0.7970149517059326,0.6034017205238342
YHR158C,YMR224C,0,0.48400936,0.11722522974014282,0.7970149517059326,0.6035017371177673
YPR003C,YDL108W,0,0.48397264,0.1172080785036087,0.7970149517059326,0.6036018133163452
YNR022C,YDL166C,0,0.48391053,0.11719092726707458,0.7970149517059326,0.6037018299102783
YOR110W,YER181C,0,0.48339924,0.11717378348112106,0.7970149517059326,0.6038019061088562
YJR040W,YCR024C,0,0.48323187,0.11715664714574814,0.7970149517059326,0.6039019227027893
YDR088C,YLR098C,0,0.48318896,0.11713951081037521,0.7970149517059326,0.6040019989013672
YDR208W,YLL056C,0,0.48307136,0.11712238937616348,0.7970149517059326,0.6041020750999451
YAR009C,YNL112W,0,0.4828489,0.11710526049137115,0.7970149517059326,0.6042020916938782
YNL323W,YHR051W,0,0.4827282,0.11708814650774002,0.7970149517059326,0.604302167892456
YGR174C,YOL089C,0,0.48264197,0.11707103252410889,0.7970149517059326,0.6044021844863892
YHR122W,YOR210W,0,0.48256627,0.11705392599105835,0.7970149517059326,0.604502260684967
YGR215W,YKL037W,0,0.48216835,0.11703681945800781,0.7970149517059326,0.6046022772789001
YDR159W,YGR048W,1,0.48213258,0.11716581135988235,0.7980099320411682,0.6046022772789001
YBR278W,YMR054W,0,0.48209658,0.11714869737625122,0.7980099320411682,0.604702353477478
YNR060W,YDR261C,0,0.48194394,0.11713159084320068,0.7980099320411682,0.6048024296760559
YPR124W,YHR019C,0,0.48185673,0.11711448431015015,0.7980099320411682,0.604902446269989
YDL126C,YNR052C,1,0.48176154,0.11724339425563812,0.7990049719810486,0.604902446269989
YOR003W,YLR135W,0,0.48138693,0.11722628027200699,0.7990049719810486,0.6050025224685669
YNL240C,YLR466W,0,0.48092428,0.11720916628837585,0.7990049719810486,0.6051025390625
YOR190W,YDL085W,0,0.4808931,0.11719205975532532,0.7990049719810486,0.6052026152610779
YNL284C-B,YNL136W,0,0.4806902,0.11717496067285538,0.7990049719810486,0.605302631855011
YNR022C,YCR015C,0,0.4803538,0.11715786159038544,0.7990049719810486,0.6054027080535889
YOR194C,YDR463W,0,0.48009762,0.1171407699584961,0.7990049719810486,0.605502724647522
YDR189W,YDR089W,0,0.47991303,0.11712368577718735,0.7990049719810486,0.6056028008460999
YOL083W,YNL330C,0,0.47969535,0.1171066090464592,0.7990049719810486,0.6057028770446777
YLR204W,YGL185C,0,0.4793292,0.11708953231573105,0.7990049719810486,0.6058028936386108
YNL224C,YBR228W,0,0.47930607,0.1170724630355835,0.7990049719810486,0.6059029698371887
YJL178C,YHR155W,0,0.47910395,0.11705539375543594,0.7990049719810486,0.6060029864311218
YOR172W,YOR155C,0,0.47888502,0.11703833192586899,0.7990049719810486,0.6061030626296997
YDL089W,YLL007C,0,0.4787757,0.11702127754688263,0.7990049719810486,0.6062030792236328
YGL091C,YLR005W,0,0.47869387,0.11700422316789627,0.7990049719810486,0.6063031554222107
YDL210W,YNR063W,0,0.47851893,0.11698717623949051,0.7990049719810486,0.6064031720161438
YGL026C,YDL182W,0,0.47776243,0.11697013676166534,0.7990049719810486,0.6065032482147217
YPR200C,YFL018C,0,0.47774795,0.11695310473442078,0.7990049719810486,0.6066033244132996
YBR212W,YKL023W,1,0.47731885,0.11708169430494308,0.800000011920929,0.6066033244132996
YNL188W,YDL247W,0,0.47729698,0.11706464737653732,0.800000011920929,0.6067033410072327
YLL054C,YBR231C,0,0.47688964,0.11704760789871216,0.800000011920929,0.6068034172058105
YJL133W,YGR279C,0,0.47668317,0.117030568420887,0.800000011920929,0.6069034337997437
YDL171C,YDL114W,0,0.47660938,0.11701353639364243,0.800000011920929,0.6070035099983215
YOR358W,YDR384C,0,0.47656748,0.11699650436639786,0.800000011920929,0.6071035265922546
YPR191W,YDR469W,0,0.47616765,0.11697948724031448,0.800000011920929,0.6072036027908325
YDR483W,YBL071W-A,0,0.47591552,0.11696247011423111,0.800000011920929,0.6073036789894104
YBR160W,YIR021W,0,0.47543702,0.11694545298814774,0.800000011920929,0.6074036955833435
YOL019W,YMR077C,0,0.47535113,0.11692844331264496,0.800000011920929,0.6075037717819214
YNL153C,YEL059C-A,0,0.4752539,0.11691144108772278,0.800000011920929,0.6076037883758545
YGR255C,YNL314W,0,0.47507355,0.1168944463133812,0.800000011920929,0.6077038645744324
YHR175W,YDR183W,0,0.47498843,0.11687745153903961,0.800000011920929,0.6078038811683655
YOL042W,YDL160C,1,0.47495034,0.11700581759214401,0.8009950518608093,0.6078038811683655
YMR186W,YIL142W,0,0.47493163,0.11698880791664124,0.8009950518608093,0.6079039573669434
YLR419W,YOL161C,0,0.47492728,0.11697181314229965,0.8009950518608093,0.6080039739608765
YAL007C,YPL173W,0,0.47482786,0.11695481836795807,0.8009950518608093,0.6081040501594543
YNL136W,YDR444W,0,0.47475502,0.11693782359361649,0.8009950518608093,0.6082041263580322
YOR048C,YMR111C,0,0.4743286,0.1169208437204361,0.8009950518608093,0.6083041429519653
YAL019W,YHL042W,0,0.4738712,0.1169038638472557,0.8009950518608093,0.6084042191505432
YIL004C,YMR186W,0,0.4738526,0.11688689142465591,0.8009950518608093,0.6085042357444763
YGR042W,YMR077C,0,0.47361872,0.11686991900205612,0.8009950518608093,0.6086043119430542
YJR059W,YGR005C,0,0.47360405,0.11685295403003693,0.8009950518608093,0.6087043285369873
YER066W,YBR080C,0,0.47348353,0.11683599650859833,0.8009950518608093,0.6088044047355652
YHR039C-A,YOR291W,0,0.47346523,0.11681903898715973,0.8009950518608093,0.6089044809341431
YJL178C,YBR025C,0,0.4734498,0.11680208891630173,0.8009950518608093,0.6090044975280762
YAL010C,YNL156C,0,0.47327086,0.11678514629602432,0.8009950518608093,0.609104573726654
YNL216W,YOR042W,0,0.47289237,0.11676820367574692,0.8009950518608093,0.6092045903205872
YLL048C,YKL216W,0,0.47255072,0.11675126850605011,0.8009950518608093,0.609304666519165
YGL094C,YOR391C,0,0.4725022,0.1167343407869339,0.8009950518608093,0.6094046831130981
YAR015W,YJL187C,0,0.47243902,0.11671741306781769,0.8009950518608093,0.609504759311676
YDR279W,YKL057C,0,0.4720675,0.11670049279928207,0.8009950518608093,0.6096047759056091
YPR105C,YLR383W,0,0.47163555,0.11668357998132706,0.8009950518608093,0.609704852104187
YKR103W,YAL035W,0,0.47154638,0.11666666716337204,0.8009950518608093,0.6098049283027649
YDR059C,YOR125C,0,0.47120818,0.11664976179599762,0.8009950518608093,0.609904944896698
YLR018C,YHR076W,0,0.4711083,0.1166328564286232,0.8009950518608093,0.6100050210952759
YER130C,YGL183C,0,0.47040483,0.11661596596240997,0.8009950518608093,0.610105037689209
YFR030W,YIL142W,0,0.47034684,0.11659907549619675,0.8009950518608093,0.6102051138877869
YBR188C,YOR125C,0,0.4702358,0.11658218502998352,0.8009950518608093,0.61030513048172
YNL284C,YFL017W-A,0,0.47021297,0.11656530201435089,0.8009950518608093,0.6104052066802979
YJL090C,YLL048C,0,0.4700037,0.11654842644929886,0.8009950518608093,0.610505223274231
YDL106C,YBR173C,0,0.46926233,0.11653155833482742,0.8009950518608093,0.6106052994728088
YOL107W,YGL085W,0,0.46896806,0.11651469022035599,0.8009950518608093,0.6107053756713867
YEL064C,YDR448W,0,0.4686629,0.11649782955646515,0.8009950518608093,0.6108053922653198
YMR272C,YBR008C,0,0.4685969,0.11648096889257431,0.8009950518608093,0.6109054684638977
YGR215W,YOR094W,0,0.46859154,0.11646412312984467,0.8009950518608093,0.6110054850578308
YIL102C-A,YMR300C,0,0.46817628,0.11644726991653442,0.8009950518608093,0.6111055612564087
YDL233W,YGR068C,0,0.46787915,0.11643043160438538,0.8009950518608093,0.6112055778503418
YLL054C,YJR092W,0,0.4677591,0.11641359329223633,0.8009950518608093,0.6113056540489197
YBR068C,YML125C,0,0.46768,0.11639676243066788,0.8009950518608093,0.6114057302474976
YDL171C,YHR071W,0,0.46749952,0.11637993156909943,0.8009950518608093,0.6115057468414307
YNL121C,YNL312W,0,0.4674873,0.11636310815811157,0.8009950518608093,0.6116058230400085
YCR011C,YBL058W,0,0.46734425,0.11634629219770432,0.8009950518608093,0.6117058396339417
YDR279W,YOL072W,1,0.46721265,0.11647398769855499,0.8019900321960449,0.6117058396339417
YPR129W,YBL071W-A,0,0.46694764,0.11645715683698654,0.8019900321960449,0.6118059158325195
YDL102W,YFL038C,1,0.46691653,0.11658480018377304,0.8029850721359253,0.6118059158325195
YER181C,YIL126W,0,0.46665755,0.11656796187162399,0.8029850721359253,0.6119059324264526
YHR168W,YLR295C,0,0.46608606,0.11655112355947495,0.8029850721359253,0.6120060086250305
YNL284C,YPR055W,0,0.46591654,0.1165342926979065,0.8029850721359253,0.6121060252189636
YPL137C,YLR134W,0,0.46584484,0.11651746928691864,0.8029850721359253,0.6122061014175415
YLR383W,YNL188W,0,0.46559784,0.11650065332651138,0.8029850721359253,0.6123061776161194
YHR039C-A,YKR057W,0,0.46502948,0.11648383736610413,0.8029850721359253,0.6124061942100525
YLR270W,YJR006W,1,0.46486884,0.11661134660243988,0.8039801120758057,0.6124061942100525
YPL150W,YBR033W,0,0.464809,0.11659451574087143,0.8039801120758057,0.6125062704086304
YER167W,YDR116C,0,0.46472833,0.11657769232988358,0.8039801120758057,0.6126062870025635
YGR058W,YPR085C,0,0.4647272,0.11656087636947632,0.8039801120758057,0.6127063632011414
YMR143W,YPR158C-D,0,0.46464884,0.11654406785964966,0.8039801120758057,0.6128063797950745
YOR283W,YDR518W,0,0.46452555,0.116527259349823,0.8039801120758057,0.6129064559936523
YMR297W,YPL123C,0,0.46447122,0.11651045083999634,0.8039801120758057,0.6130065321922302
YML078W,YMR172W,0,0.46436498,0.11649365723133087,0.8039801120758057,0.6131065487861633
YPL005W,YJL044C,0,0.4640745,0.1164768636226654,0.8039801120758057,0.6132066249847412
YER007W,YBR056W,0,0.46369055,0.11646007746458054,0.8039801120758057,0.6133066415786743
YKL149C,YAL031C,0,0.46317434,0.11644329130649567,0.8039801120758057,0.6134067177772522
YER073W,YOR319W,0,0.46307498,0.1164265125989914,0.8039801120758057,0.6135067343711853
YBR211C,YJL014W,0,0.4629677,0.11640974134206772,0.8039801120758057,0.6136068105697632
YPR098C,YBR030W,0,0.46282718,0.11639297008514404,0.8039801120758057,0.6137068271636963
YDR096W,YML010W,0,0.46266446,0.11637620627880096,0.8039801120758057,0.6138069033622742
YJL144W,YPL123C,0,0.46254453,0.11635944992303848,0.8039801120758057,0.613906979560852
YML014W,YPR002W,0,0.46242538,0.116342693567276,0.8039801120758057,0.6140069961547852
YPR120C,YOL161C,0,0.46240175,0.11632594466209412,0.8039801120758057,0.614107072353363
YPR035W,YHR199C,0,0.4622183,0.11630919575691223,0.8039801120758057,0.6142070889472961
YDL004W,YNL267W,0,0.46214765,0.11629246175289154,0.8039801120758057,0.614307165145874
YOR068C,YCR024C,0,0.46178678,0.11627572029829025,0.8039801120758057,0.6144071817398071
YDR356W,YDR448W,0,0.46175918,0.11625899374485016,0.8039801120758057,0.614507257938385
YPL280W,YHL050C,0,0.46170828,0.11624226719141006,0.8039801120758057,0.6146072745323181
YNR030W,YBR275C,0,0.4616265,0.11622554808855057,0.8039801120758057,0.614707350730896
YOR063W,YHR214C-C,0,0.4613002,0.11620882898569107,0.8039801120758057,0.6148074269294739
YNL084C,YBR279W,0,0.46128094,0.11619211733341217,0.8039801120758057,0.614907443523407
YOR223W,YGL208W,0,0.46063986,0.11617541313171387,0.8039801120758057,0.6150075197219849
YGL222C,YKL090W,1,0.4605138,0.1163024753332138,0.804975152015686,0.6150075197219849
YDR151C,YLR455W,0,0.46046352,0.11628575623035431,0.804975152015686,0.615107536315918
YGL230C,YMR031C,0,0.46005487,0.11626904457807541,0.804975152015686,0.6152076125144958
YBR200W,YPR191W,0,0.45986176,0.11625233292579651,0.804975152015686,0.615307629108429
YMR031C,YBL011W,0,0.45952782,0.1162356287240982,0.804975152015686,0.6154077053070068
YDL089W,YFR015C,0,0.45946193,0.1162189319729805,0.804975152015686,0.6155077815055847
YNL038W,YCR100C,0,0.458998,0.11620224267244339,0.804975152015686,0.6156077980995178
YKL204W,YOL123W,1,0.45899218,0.11632917076349258,0.8059701323509216,0.6156077980995178
YML051W,YIL034C,0,0.4589478,0.11631246656179428,0.8059701323509216,0.6157078742980957
YOR063W,YBR092C,0,0.4583986,0.11629576236009598,0.8059701323509216,0.6158078908920288
YGL051W,YIL064W,0,0.45818415,0.11627907305955887,0.8059701323509216,0.6159079670906067
YBL010C,YDL210W,0,0.4573309,0.11626237630844116,0.8059701323509216,0.6160079836845398
YDR314C,YCR015C,0,0.4572286,0.11624569445848465,0.8059701323509216,0.6161080598831177
YBR077C,YGL170C,0,0.45711097,0.11622901260852814,0.8059701323509216,0.6162080764770508
YGL178W,YKL025C,1,0.45704487,0.11635581403970718,0.806965172290802,0.6162080764770508
YGR042W,YCR092C,0,0.45655048,0.11633911728858948,0.806965172290802,0.6163081526756287
YOL002C,YIL038C,0,0.45653084,0.11632243543863297,0.806965172290802,0.6164082288742065
YPL173W,YNL036W,0,0.45635542,0.11630575358867645,0.806965172290802,0.6165082454681396
YDR183W,YOL008W,0,0.45628646,0.11628907173871994,0.806965172290802,0.6166083216667175
YOL042W,YNL288W,1,0.4559366,0.11641576886177063,0.8079602122306824,0.6166083216667175
YMR210W,YNR067C,0,0.45493776,0.11639907956123352,0.8079602122306824,0.6167083382606506
YLR312W-A,YBR033W,0,0.4547388,0.11638239771127701,0.8079602122306824,0.6168084144592285
YOR001W,YGR122W,1,0.4545934,0.11650902777910233,0.8089552521705627,0.6168084144592285
YNL218W,YGL258W,0,0.45439264,0.11649233102798462,0.8089552521705627,0.6169084310531616
YCL001W-B,YDL175C,1,0.45397925,0.11661890894174576,0.8099502325057983,0.6169084310531616
YBR068C,YHR182W,0,0.45392978,0.11660220474004745,0.8099502325057983,0.6170085072517395
YGR213C,YGL051W,0,0.4533085,0.11658550798892975,0.8099502325057983,0.6171085834503174
YGR091W,YLL055W,0,0.45330307,0.11656881123781204,0.8099502325057983,0.6172086000442505
YDR468C,YDL088C,0,0.4531116,0.11655212193727493,0.8099502325057983,0.6173086762428284
YNR071C,YDR519W,0,0.45304874,0.11653543263673782,0.8099502325057983,0.6174086928367615
YIL050W,YDR196C,0,0.45294634,0.11651875078678131,0.8099502325057983,0.6175087690353394
YMR044W,YDR072C,0,0.4526913,0.1165020763874054,0.8099502325057983,0.6176087856292725
YDR001C,YDL247W,0,0.45167089,0.11648540198802948,0.8099502325057983,0.6177088618278503
YOR194C,YJR029W,0,0.45141423,0.11646873503923416,0.8099502325057983,0.6178088784217834
YPL168W,YPL252C,0,0.45100823,0.11645207554101944,0.8099502325057983,0.6179089546203613
YJR057W,YMR027W,0,0.45093682,0.11643541604280472,0.8099502325057983,0.6180090308189392
YDR147W,YOR283W,0,0.45080724,0.1164187639951706,0.8099502325057983,0.6181090474128723
YIL005W,YDR033W,0,0.45079282,0.11640211939811707,0.8099502325057983,0.6182091236114502
YDR440W,YOR315W,0,0.4505708,0.11638547480106354,0.8099502325057983,0.6183091402053833
YIR014W,YDL182W,0,0.4502686,0.1163688376545906,0.8099502325057983,0.6184092164039612
YBR298C,YOL059W,0,0.4502351,0.11635220050811768,0.8099502325057983,0.6185092329978943
YPR191W,YML001W,0,0.4501523,0.11633557081222534,0.8099502325057983,0.6186093091964722
YLR145W,YGR122W,1,0.449816,0.116461843252182,0.8109452724456787,0.6186093091964722
YLR070C,YKL200C,0,0.44929525,0.11644520610570908,0.8109452724456787,0.6187093257904053
YER050C,YPL041C,0,0.44895962,0.11642856895923615,0.8109452724456787,0.6188094019889832
YJR082C,YNR022C,0,0.44892368,0.11641193926334381,0.8109452724456787,0.618909478187561
YLR001C,YKL156W,0,0.44875664,0.11639531701803207,0.8109452724456787,0.6190094947814941
YOR210W,YHR079C-A,0,0.44860405,0.11637869477272034,0.8109452724456787,0.619109570980072
YPR009W,YJL154C,0,0.44846275,0.1163620799779892,0.8109452724456787,0.6192095875740051
YJR057W,YPL179W,0,0.44830212,0.11634546518325806,0.8109452724456787,0.619309663772583
YHR104W,YHL021C,0,0.4482914,0.11632885783910751,0.8109452724456787,0.6194096803665161
YMR198W,YDL079C,0,0.44826952,0.11631225794553757,0.8109452724456787,0.619509756565094
YJR006W,YOL012C,1,0.44804797,0.1164383590221405,0.8119403123855591,0.619509756565094
YNR036C,YCR079W,0,0.44786844,0.11642174422740936,0.8119403123855591,0.6196098327636719
YLR455W,YJL154C,0,0.44778895,0.11640513688325882,0.8119403123855591,0.619709849357605
YDR296W,YPL013C,0,0.44765598,0.11638852953910828,0.8119403123855591,0.6198099255561829
YLR270W,YNL157W,1,0.44764784,0.11651454865932465,0.8129353523254395,0.6198099255561829
YLR157C-B,YOL125W,0,0.44735137,0.1164979338645935,0.8129353523254395,0.619909942150116
YBR136W,YGR075C,0,0.44710532,0.11648132652044296,0.8129353523254395,0.6200100183486938
YJL047C,YKR084C,1,0.44689733,0.11660727113485336,0.813930332660675,0.6200100183486938
YBR139W,YCR100C,0,0.44685957,0.11659064888954163,0.813930332660675,0.620110034942627
YLL003W,YMR295C,0,0.44674855,0.11657403409481049,0.813930332660675,0.6202101111412048
YIL082W-A,YBR004C,0,0.44628152,0.11655742675065994,0.813930332660675,0.6203101277351379
YLL015W,YMR171C,0,0.44625145,0.1165408194065094,0.813930332660675,0.6204102039337158
YKL039W,YLR432W,0,0.44598296,0.11652421951293945,0.813930332660675,0.6205102801322937
YLL054C,YMR287C,0,0.44557115,0.1165076196193695,0.813930332660675,0.6206102967262268
YPL090C,YKL181W,0,0.4452786,0.11649102717638016,0.813930332660675,0.6207103729248047
YER156C,YBR106W,0,0.44512418,0.1164744421839714,0.813930332660675,0.6208103895187378
YHL035C,YDL137W,0,0.4447834,0.11645785719156265,0.813930332660675,0.6209104657173157
YNL020C,YGR067C,0,0.4447072,0.1164412796497345,0.813930332660675,0.6210104823112488
YMR172W,YNL330C,0,0.44458935,0.11642470955848694,0.813930332660675,0.6211105585098267
YBL106C,YGL209W,0,0.44457784,0.11640813946723938,0.813930332660675,0.6212106347084045
YER027C,YHL040C,0,0.44451323,0.11639157682657242,0.813930332660675,0.6213106513023376
YOR175C,YKR085C,0,0.4439992,0.11637501418590546,0.813930332660675,0.6214107275009155
YMR085W,YMR316C-A,0,0.44387186,0.11635846644639969,0.813930332660675,0.6215107440948486
YJL033W,YLR064W,0,0.4438475,0.11634191125631332,0.813930332660675,0.6216108202934265
YJL162C,YBR139W,0,0.4438366,0.11632537096738815,0.813930332660675,0.6217108368873596
YAL007C,YOR205C,0,0.44369557,0.11630883067846298,0.813930332660675,0.6218109130859375
YGR046W,YKL039W,0,0.44347605,0.11629229784011841,0.813930332660675,0.6219109296798706
YBL103C-A,YOL151W,0,0.4433498,0.11627576500177383,0.813930332660675,0.6220110058784485
YOR175C,YBL037W,0,0.4433093,0.11625923961400986,0.813930332660675,0.6221110820770264
YER154W,YEL048C,0,0.4433044,0.11624271422624588,0.813930332660675,0.6222110986709595
YAL058W,YBR072W,0,0.44327518,0.1162262037396431,0.813930332660675,0.6223111748695374
YER073W,YHR019C,0,0.4431145,0.11620968580245972,0.813930332660675,0.6224111914634705
YCL001W-B,YBR163W,0,0.44293204,0.11619318276643753,0.813930332660675,0.6225112676620483
YPR088C,YBR093C,0,0.44249016,0.11617667973041534,0.813930332660675,0.6226112842559814
YMR284W,YOL105C,0,0.44240937,0.11616018414497375,0.813930332660675,0.6227113604545593
YBL097W,YEL064C,0,0.44173917,0.11614368855953217,0.813930332660675,0.6228113770484924
YMR148W,YDL085W,0,0.44170758,0.11612720042467117,0.813930332660675,0.6229114532470703
YML118W,YOL012C,1,0.44169042,0.11625266075134277,0.8149253726005554,0.6229114532470703
YGR168C,YJR151C,0,0.44167516,0.11623616516590118,0.8149253726005554,0.6230115294456482
YNL001W,YKL208W,1,0.44166785,0.1163615733385086,0.8159204125404358,0.6230115294456482
YCR016W,YFL043C,0,0.4414712,0.11634506285190582,0.8159204125404358,0.6231115460395813
YER015W,YLR419W,0,0.44079527,0.11632855981588364,0.8159204125404358,0.6232116222381592
YKL039W,YKR027W,0,0.4407317,0.11631205677986145,0.8159204125404358,0.6233116388320923
YBL032W,YDL159W,0,0.44065368,0.11629556119441986,0.8159204125404358,0.6234117150306702
YIL177C,YDR432W,0,0.44010654,0.11627907305955887,0.8159204125404358,0.6235117316246033
YML001W,YKR058W,0,0.43984792,0.11626258492469788,0.8159204125404358,0.6236118078231812
YNL054W-B,YBR173C,0,0.43982413,0.11624610424041748,0.8159204125404358,0.623711884021759
YNL260C,YLR039C,0,0.43966684,0.11622962355613708,0.8159204125404358,0.6238119006156921
YDL070W,YGR140W,0,0.43962526,0.11621315032243729,0.8159204125404358,0.62391197681427
YMR074C,YGL051W,0,0.43958753,0.11619668453931808,0.8159204125404358,0.6240119934082031
YER154W,YNL119W,0,0.43932143,0.11618021875619888,0.8159204125404358,0.624112069606781
YHR047C,YNR073C,0,0.43921608,0.11616376042366028,0.8159204125404358,0.6242120862007141
YGL131C,YDR283C,0,0.43871704,0.11614730954170227,0.8159204125404358,0.624312162399292
YLR064W,YDL088C,0,0.43838814,0.11613085865974426,0.8159204125404358,0.6244121789932251
YML046W,YBL035C,0,0.4383718,0.11611441522836685,0.8159204125404358,0.624512255191803
YDR270W,YMR316C-A,0,0.4375684,0.11609797179698944,0.8159204125404358,0.6246123313903809
YGL037C,YNR063W,0,0.4373738,0.11608154326677322,0.8159204125404358,0.624712347984314
YCR093W,YLR442C,1,0.4372782,0.11620665341615677,0.8169154524803162,0.624712347984314
YMR029C,YPL027W,0,0.4372282,0.11619020998477936,0.8169154524803162,0.6248124241828918
YKR029C,YLL033W,0,0.43693545,0.11617376655340195,0.8169154524803162,0.624912440776825
YML078W,YBR267W,0,0.43682578,0.11615733057260513,0.8169154524803162,0.6250125169754028
YML118W,YLR086W,0,0.4367341,0.11614089459180832,0.8169154524803162,0.6251125335693359
YOR083W,YMR172W,0,0.43627694,0.1161244660615921,0.8169154524803162,0.6252126097679138
YGL026C,YMR315W,0,0.4361597,0.11610804498195648,0.8169154524803162,0.6253126859664917
YIL117C,YBR136W,0,0.43590802,0.11609163135290146,0.8169154524803162,0.6254127025604248
YOR172W,YCR092C,0,0.4358928,0.11607521772384644,0.8169154524803162,0.6255127787590027
YKL127W,YLR134W,0,0.43564174,0.11605880409479141,0.8169154524803162,0.6256127953529358
YAR009C,YDL178W,0,0.4353826,0.11604240536689758,0.8169154524803162,0.6257128715515137
YHR110W,YGR279C,0,0.43532422,0.11602600663900375,0.8169154524803162,0.6258128881454468
YIL050W,YMR039C,0,0.43529788,0.11600960791110992,0.8169154524803162,0.6259129643440247
YIL151C,YLR136C,1,0.4351082,0.11613450199365616,0.8179104328155518,0.6259129643440247
YHR110W,YKL088W,0,0.43474227,0.11611809581518173,0.8179104328155518,0.6260129809379578
YLR423C,YDL247W,0,0.43442357,0.1161016970872879,0.8179104328155518,0.6261130571365356
YLL053C,YOR094W,0,0.43439814,0.11608529835939407,0.8179104328155518,0.6262131333351135
YCL005W-A,YDR064W,0,0.4343286,0.11606890708208084,0.8179104328155518,0.6263131499290466
YJL127C-B,YJL187C,0,0.43424565,0.1160525232553482,0.8179104328155518,0.6264132261276245
YPR067W,YHR123W,0,0.4340712,0.11603613942861557,0.8179104328155518,0.6265132427215576
YKR082W,YBR093C,0,0.4340126,0.11601976305246353,0.8179104328155518,0.6266133189201355
YGL209W,YLR466W,0,0.4339572,0.11600338667631149,0.8179104328155518,0.6267133355140686
YGR096W,YNL216W,0,0.43357006,0.11598701775074005,0.8179104328155518,0.6268134117126465
YPR191W,YOR044W,0,0.43335798,0.1159706562757492,0.8179104328155518,0.6269134283065796
YLR425W,YIL176C,0,0.43301037,0.11595429480075836,0.8179104328155518,0.6270135045051575
YIL154C,YIL142W,0,0.43300298,0.11593794077634811,0.8179104328155518,0.6271135807037354
YGR048W,YLL056C,0,0.4329698,0.11592159420251846,0.8179104328155518,0.6272135972976685
YKR023W,YKL149C,0,0.43259636,0.11590524762868881,0.8179104328155518,0.6273136734962463
YDR315C,YBL051C,1,0.43198195,0.11602988839149475,0.8189054727554321,0.6273136734962463
YOR304C-A,YIL111W,0,0.4317905,0.1160135343670845,0.8189054727554321,0.6274136900901794
YJR057W,YGR206W,0,0.43166366,0.11599718034267426,0.8189054727554321,0.6275137662887573
YKR065C,YAL031C,0,0.43116137,0.1159808337688446,0.8189054727554321,0.6276137828826904
YMR098C,YDR370C,1,0.43096766,0.11610540002584457,0.8199005126953125,0.6276137828826904
YOR093C,YIR022W,0,0.43077388,0.11608903855085373,0.8199005126953125,0.6277138590812683
YDL243C,YDR448W,0,0.4306355,0.11607268452644348,0.8199005126953125,0.6278139352798462
YGR254W,YKL001C,0,0.43056577,0.11605633795261383,0.8199005126953125,0.6279139518737793
YOL078W,YGR217W,0,0.43010092,0.11603999137878418,0.8199005126953125,0.6280140280723572
YNL062C,YPR035W,0,0.42986515,0.11602365225553513,0.8199005126953125,0.6281140446662903
YKL217W,YDL201W,0,0.429832,0.11600732058286667,0.8199005126953125,0.6282141208648682
YOR304C-A,YDL245C,0,0.42965013,0.11599098891019821,0.8199005126953125,0.6283141374588013
YJR088C,YMR300C,0,0.42922705,0.11597466468811035,0.8199005126953125,0.6284142136573792
YLL007C,YNR011C,0,0.42920476,0.11595834791660309,0.8199005126953125,0.6285142302513123
YBR177C,YLR086W,0,0.42912596,0.11594203114509583,0.8199005126953125,0.6286143064498901
YER101C,YDR364C,0,0.4289994,0.11592571437358856,0.8199005126953125,0.628714382648468
YNL062C,YGL226C-A,0,0.42899898,0.11590941250324249,0.8199005126953125,0.6288143992424011
YLR073C,YKL032C,0,0.42867997,0.11589311063289642,0.8199005126953125,0.628914475440979
YOR025W,YER007W,0,0.428373,0.11587680876255035,0.8199005126953125,0.6290144920349121
YEL048C,YLR228C,0,0.42791632,0.11586051434278488,0.8199005126953125,0.62911456823349
YLR114C,YOR044W,0,0.42768326,0.1158442273736,0.8199005126953125,0.6292145848274231
YLR461W,YPL149W,0,0.42754936,0.11582794785499573,0.8199005126953125,0.629314661026001
YDL106C,YBR282W,0,0.42751625,0.11581166833639145,0.8199005126953125,0.6294146776199341
YLL055W,YKL208W,0,0.4272335,0.11579538881778717,0.8199005126953125,0.629514753818512
YBR208C,YML001W,0,0.42702565,0.11577911674976349,0.8199005126953125,0.6296148300170898
YML033W,YOR176W,0,0.42682004,0.1157628521323204,0.8199005126953125,0.629714846611023
YDR296W,YMR101C,0,0.4267289,0.11574659496545792,0.8199005126953125,0.6298149228096008
YGR089W,YOR141C,0,0.42647025,0.11573033779859543,0.8199005126953125,0.6299149394035339
YKR080W,YPL195W,0,0.42599577,0.11571408808231354,0.8199005126953125,0.6300150156021118
YCR048W,YBR107C,0,0.4256971,0.11569783836603165,0.8199005126953125,0.6301150321960449
YKL171W,YMR001C,0,0.42488816,0.11568159610033035,0.8199005126953125,0.6302151083946228
YER154W,YDR189W,0,0.42464414,0.11566535383462906,0.8199005126953125,0.6303151845932007
YBR129C,YER065C,0,0.42446637,0.11564912647008896,0.8199005126953125,0.6304152011871338
YLR312W-A,YOR391C,0,0.42444333,0.11563289165496826,0.8199005126953125,0.6305152773857117
YGL045W,YLR114C,0,0.42433506,0.11561667174100876,0.8199005126953125,0.6306152939796448
YHR090C,YKL025C,0,0.42389503,0.11560045182704926,0.8199005126953125,0.6307153701782227
YLR453C,YLR314C,0,0.42354184,0.11558423191308975,0.8199005126953125,0.6308153867721558
YBR085W,YLR135W,0,0.42353767,0.11556801944971085,0.8199005126953125,0.6309154629707336
YOR291W,YBR251W,0,0.42350966,0.11555181443691254,0.8199005126953125,0.6310154795646667
YDR532C,YOR315W,0,0.4234975,0.11553561687469482,0.8199005126953125,0.6311155557632446
YGR096W,YDR116C,0,0.4234318,0.11551941931247711,0.8199005126953125,0.6312156319618225
YPL130W,YMR312W,0,0.42334896,0.1155032217502594,0.8199005126953125,0.6313156485557556
YAL054C,YGL055W,0,0.42301634,0.11548703908920288,0.8199005126953125,0.6314157247543335
YLR106C,YDL137W,0,0.4229552,0.11547084897756577,0.8199005126953125,0.6315157413482666
YNL244C,YNL134C,0,0.42272583,0.11545467376708984,0.8199005126953125,0.6316158175468445
YDL223C,YKR001C,0,0.4224745,0.11543849855661392,0.8199005126953125,0.6317158341407776
YER010C,YHR021C,0,0.4220337,0.1154223307967186,0.8199005126953125,0.6318159103393555
YLR173W,YLR114C,0,0.42186514,0.11540616303682327,0.8199005126953125,0.6319159865379333
YIR022W,YLR238W,0,0.4216793,0.11539000272750854,0.8199005126953125,0.6320160031318665
YMR101C,YOR391C,0,0.4216692,0.11537384241819382,0.8199005126953125,0.6321160793304443
YER015W,YHR105W,0,0.42142394,0.11535768955945969,0.8199005126953125,0.6322160959243774
YIL004C,YJL178C,0,0.4212779,0.11534154415130615,0.8199005126953125,0.6323161721229553
YDR356W,YMR101C,0,0.42102757,0.11532539874315262,0.8199005126953125,0.6324161887168884
YML010W,YBR080C,0,0.42078617,0.11530926078557968,0.8199005126953125,0.6325162649154663
YML118W,YER072W,0,0.42048004,0.11529313027858734,0.8199005126953125,0.6326162815093994
YDL175C,YBR170C,1,0.4195129,0.11541689932346344,0.8208954930305481,0.6326162815093994
YPR098C,YGR013W,0,0.41949505,0.1154007539153099,0.8208954930305481,0.6327163577079773
YMR175W,YER101C,0,0.41931644,0.11538461595773697,0.8208954930305481,0.6328164339065552
YOR032C,YCR052W,0,0.41885236,0.11536847800016403,0.8208954930305481,0.6329164505004883
YER146W,YFL038C,1,0.41881636,0.11549217253923416,0.8218905329704285,0.6329164505004883
YML091C,YHR114W,0,0.4187748,0.11547602713108063,0.8218905329704285,0.6330165266990662
YPR164W,YJR119C,1,0.41873547,0.11559966206550598,0.8228855729103088,0.6330165266990662
YKL025C,YKL220C,1,0.41851935,0.11572326719760895,0.8238806128501892,0.6330165266990662
YGR005C,YDR468C,0,0.41824973,0.11570709943771362,0.8238806128501892,0.6331165432929993
YMR318C,YOR287C,0,0.4181153,0.1156909316778183,0.8238806128501892,0.6332166194915771
YLL057C,YNL196C,0,0.41811007,0.11567477136850357,0.8238806128501892,0.6333166360855103
YBR235W,YHL012W,0,0.41771093,0.11565861105918884,0.8238806128501892,0.6334167122840881
YER154W,YLR314C,0,0.41735753,0.11564245820045471,0.8238806128501892,0.6335167288780212
YPR129W,YDR483W,0,0.41702512,0.11562631279230118,0.8238806128501892,0.6336168050765991
YPL178W,YKL037W,0,0.41685417,0.11561016738414764,0.8238806128501892,0.633716881275177
YMR228W,YGR279C,0,0.41659692,0.11559402197599411,0.8238806128501892,0.6338168978691101
YMR115W,YIL176C,0,0.4160305,0.11557789146900177,0.8238806128501892,0.633916974067688
YGL243W,YHL018W,0,0.4159885,0.11556176096200943,0.8238806128501892,0.6340169906616211
YJR113C,YGR279C,0,0.41558978,0.11554563045501709,0.8238806128501892,0.634117066860199
YER065C,YLR080W,0,0.4153223,0.11552950739860535,0.8238806128501892,0.6342170834541321
YGR206W,YBR065C,0,0.4145616,0.1155133917927742,0.8238806128501892,0.63431715965271
YDL046W,YFR038W,0,0.41446006,0.11549728363752365,0.8238806128501892,0.6344172358512878
YDR283C,YDR532C,0,0.41391167,0.1154811680316925,0.8238806128501892,0.634517252445221
YHL039W,YJR051W,0,0.41388473,0.11546506732702255,0.8238806128501892,0.6346173286437988
YDL193W,YCL026C-B,0,0.41367552,0.1154489666223526,0.8238806128501892,0.6347173452377319
YGR168C,YMR076C,0,0.41354838,0.11543287336826324,0.8238806128501892,0.6348174214363098
YKR052C,YPR011C,0,0.41324276,0.11541678011417389,0.8238806128501892,0.6349174380302429
YGL060W,YGL077C,0,0.41314757,0.11540069431066513,0.8238806128501892,0.6350175142288208
YHR149C,YHR162W,0,0.41281953,0.11538461595773697,0.8238806128501892,0.6351175308227539
YKL087C,YHR122W,0,0.41269806,0.11536853760480881,0.8238806128501892,0.6352176070213318
YMR244C-A,YLR266C,0,0.41260353,0.11535246670246124,0.8238806128501892,0.6353176832199097
YPL110C,YBR228W,0,0.4124896,0.11533639580011368,0.8238806128501892,0.6354176998138428
YLL024C,YMR136W,0,0.41200608,0.11532033234834671,0.8238806128501892,0.6355177760124207
YOL033W,YGR052W,0,0.41158903,0.11530427634716034,0.8238806128501892,0.6356177926063538
YDL101C,YEL052W,0,0.41138557,0.11528822034597397,0.8238806128501892,0.6357178688049316
YMR031C,YCR048W,0,0.41127,0.1152721717953682,0.8238806128501892,0.6358178853988647
YPR067W,YOL151W,0,0.41114786,0.11525612324476242,0.8238806128501892,0.6359179615974426
YDL106C,YDR489W,0,0.4104964,0.11524008214473724,0.8238806128501892,0.6360180377960205
YHR047C,YOR167C,0,0.41039005,0.11522404849529266,0.8238806128501892,0.6361180543899536
YGR129W,YFR044C,0,0.41018775,0.11520801484584808,0.8238806128501892,0.6362181305885315
YHR094C,YMR264W,0,0.41012242,0.1151919886469841,0.8238806128501892,0.6363181471824646
YAR020C,YKR085C,0,0.41008648,0.11517596244812012,0.8238806128501892,0.6364182233810425
YDR420W,YKL126W,0,0.41000345,0.11515994369983673,0.8238806128501892,0.6365182399749756
YOR166C,YPL199C,1,0.40983483,0.11528299003839493,0.8248755931854248,0.6365182399749756
YDR096W,YOR045W,0,0.40965772,0.11526696383953094,0.8248755931854248,0.6366183161735535
YPR027C,YPR098C,0,0.40924713,0.11525093764066696,0.8248755931854248,0.6367183327674866
YOR264W,YHL040C,0,0.40877983,0.11523491889238358,0.8248755931854248,0.6368184089660645
YJL194W,YHR210C,0,0.40865627,0.11521890014410019,0.8248755931854248,0.6369184851646423
YOR021C,YGR282C,0,0.40857375,0.1152028888463974,0.8248755931854248,0.6370185017585754
YKL113C,YGR048W,1,0.40830916,0.11532583087682724,0.8258706331253052,0.6370185017585754
YLR023C,YMR318C,0,0.4081469,0.11530980467796326,0.8258706331253052,0.6371185779571533
YMR148W,YPL076W,0,0.40810576,0.11529379338026047,0.8258706331253052,0.6372185945510864
YJR014W,YDL046W,0,0.4077964,0.11527777463197708,0.8258706331253052,0.6373186707496643
YDR085C,YDR359C,0,0.40771344,0.11526177078485489,0.8258706331253052,0.6374186873435974
YML118W,YPR035W,0,0.4075143,0.1152457669377327,0.8258706331253052,0.6375187635421753
YMR074C,YDR254W,0,0.4072175,0.1152297630906105,0.8258706331253052,0.6376187801361084
YOL097C,YPL252C,0,0.40693697,0.11521376669406891,0.8258706331253052,0.6377188563346863
YBR216C,YKR061W,0,0.4068529,0.11519777774810791,0.8258706331253052,0.6378189325332642
YLR165C,YLR466W,0,0.4067593,0.11518179625272751,0.8258706331253052,0.6379189491271973
YPL005W,YOL125W,0,0.4065318,0.11516580730676651,0.8258706331253052,0.6380190253257751
YHR071W,YGL021W,0,0.40640783,0.1151498332619667,0.8258706331253052,0.6381190419197083
YBR216C,YER048C,0,0.4063712,0.1151338592171669,0.8258706331253052,0.6382191181182861
YGL014W,YAL021C,1,0.40635577,0.11525658518075943,0.8268656730651855,0.6382191181182861
YLR207W,YDR105C,0,0.40619835,0.11524060368537903,0.8268656730651855,0.6383191347122192
YMR172W,YDR345C,0,0.4060822,0.11522462218999863,0.8268656730651855,0.6384192109107971
YGL122C,YNL157W,1,0.4058183,0.11534728854894638,0.8278607130050659,0.6384192109107971
YNL325C,YNL097C,0,0.40561566,0.11533129960298538,0.8278607130050659,0.638519287109375
YGL091C,YDR380W,0,0.40538284,0.11531531810760498,0.8278607130050659,0.6386193037033081
YLR375W,YJL095W,0,0.40521777,0.11529933661222458,0.8278607130050659,0.638719379901886
YML067C,YNL322C,0,0.4047095,0.11528335511684418,0.8278607130050659,0.6388193964958191
YJL104W,YPL270W,0,0.40462762,0.11526738852262497,0.8278607130050659,0.638919472694397
YIL065C,YMR282C,0,0.40442178,0.11525142192840576,0.8278607130050659,0.6390194892883301
YAL007C,YGR046W,0,0.4043029,0.11523545533418655,0.8278607130050659,0.639119565486908
YGR235C,YDR318W,0,0.40418702,0.11521949619054794,0.8278607130050659,0.6392195820808411
YJL004C,YKR061W,0,0.40376875,0.11520354449748993,0.8278607130050659,0.639319658279419
YKR095W,YCL047C,0,0.40371573,0.11518759280443192,0.8278607130050659,0.6394197344779968
YGR199W,YGL246C,0,0.40297237,0.1151716485619545,0.8278607130050659,0.6395197510719299
YKR031C,YJL090C,0,0.40273312,0.11515571177005768,0.8278607130050659,0.6396198272705078
YAL042W,YAL058W,0,0.4024568,0.11513977497816086,0.8278607130050659,0.6397198438644409
YDR128W,YIL038C,0,0.40237883,0.11512383818626404,0.8278607130050659,0.6398199200630188
YOR060C,YDR089W,0,0.40217206,0.11510791629552841,0.8278607130050659,0.6399199366569519
YPL008W,YGR100W,0,0.40188226,0.11509198695421219,0.8278607130050659,0.6400200128555298
YDR463W,YGR180C,0,0.40173984,0.11507607251405716,0.8278607130050659,0.6401200890541077
YJR161C,YMR085W,0,0.4015954,0.11506015807390213,0.8278607130050659,0.6402201056480408
YAL042W,YBR056W,0,0.40106186,0.1150442510843277,0.8278607130050659,0.6403201818466187
YGR042W,YMR175W,0,0.40106001,0.11502834409475327,0.8278607130050659,0.6404201984405518
YGL148W,YHL040C,0,0.400817,0.11501244455575943,0.8278607130050659,0.6405202746391296
YMR297W,YIL062C,0,0.40036306,0.1149965450167656,0.8278607130050659,0.6406202912330627
YER035W,YDL143W,0,0.39968207,0.11498065292835236,0.8278607130050659,0.6407203674316406
YOL042W,YJL047C,1,0.39943534,0.11510294675827026,0.8288556933403015,0.6407203674316406
YDL120W,YMR175W,0,0.39924234,0.11508703976869583,0.8288556933403015,0.6408203840255737
YLR039C,YDR444W,0,0.39887697,0.115071140229702,0.8288556933403015,0.6409204602241516
YLR453C,YNL167C,0,0.3985623,0.11505524814128876,0.8288556933403015,0.6410205364227295
YCL001W-A,YLR136C,1,0.3982843,0.1151774600148201,0.8298507332801819,0.6410205364227295
YNL178W,YOL123W,1,0.39824387,0.11529964208602905,0.8308457732200623,0.6410205364227295
YLL053C,YDR251W,0,0.39815047,0.11528372019529343,0.8308457732200623,0.6411205530166626
YMR088C,YOR044W,0,0.39789057,0.1152678057551384,0.8308457732200623,0.6412206292152405
YJL006C,YGR282C,0,0.39783007,0.11525189876556396,0.8308457732200623,0.6413206458091736
YDL105W,YJL044C,0,0.39755553,0.11523599177598953,0.8308457732200623,0.6414207220077515
YDR478W,YLR312W-A,0,0.39746445,0.1152200922369957,0.8308457732200623,0.6415207386016846
YDL132W,YDR059C,0,0.3974035,0.11520419269800186,0.8308457732200623,0.6416208148002625
YGR180C,YNL314W,0,0.39722472,0.11518830060958862,0.8308457732200623,0.6417208313941956
YJR027W,YNL116W,0,0.3967913,0.11517241597175598,0.8308457732200623,0.6418209075927734
YBR044C,YBL097W,0,0.39643353,0.11515653133392334,0.8308457732200623,0.6419209837913513
YGR048W,YOR182C,0,0.39632133,0.1151406541466713,0.8308457732200623,0.6420210003852844
YKL171W,YNR030W,0,0.39625037,0.11512477695941925,0.8308457732200623,0.6421210765838623
YPR011C,YLR289W,0,0.39621872,0.1151089072227478,0.8308457732200623,0.6422210931777954
YNL054W-B,YDR135C,0,0.39609906,0.11509303748607635,0.8308457732200623,0.6423211693763733
YML050W,YOL076W,0,0.3958989,0.1150771751999855,0.8308457732200623,0.6424211859703064
YIL134W,YDL070W,0,0.39567533,0.11506132036447525,0.8308457732200623,0.6425212621688843
YNL112W,YKL009W,1,0.39550295,0.11518324911594391,0.8318408131599426,0.6425212621688843
YNL244C,YDR148C,0,0.39496452,0.11516737937927246,0.8318408131599426,0.6426213383674622
YDR164C,YER101C,0,0.39456466,0.11515151709318161,0.8318408131599426,0.6427213549613953
YPR073C,YIL034C,0,0.39445004,0.11513565480709076,0.8318408131599426,0.6428214311599731
YGL060W,YPL110C,0,0.39422166,0.1151197999715805,0.8318408131599426,0.6429214477539062
YAL019W,YJL093C,0,0.39398068,0.11510395258665085,0.8318408131599426,0.6430215239524841
YDL089W,YML042W,0,0.3938858,0.11508810520172119,0.8318408131599426,0.6431215405464172
YDR248C,YJR151C,0,0.39368808,0.11507226526737213,0.8318408131599426,0.6432216167449951
YOR304C-A,YGR052W,0,0.39368758,0.11505642533302307,0.8318408131599426,0.6433216333389282
YDR096W,YJL162C,0,0.3936155,0.11504059284925461,0.8318408131599426,0.6434217095375061
YIL154C,YER103W,0,0.39356783,0.11502476781606674,0.8318408131599426,0.643521785736084
YLL034C,YBR298C,0,0.39353183,0.11500894278287888,0.8318408131599426,0.6436218023300171
YDR490C,YCL011C,1,0.39351842,0.11513067036867142,0.8328357934951782,0.6436218023300171
YOR070C,YEL077C,0,0.39343327,0.11511483788490295,0.8328357934951782,0.643721878528595
YKL038W,YDL099W,0,0.3932713,0.11509901285171509,0.8328357934951782,0.6438218951225281
YPR001W,YAR066W,0,0.39326626,0.11508318781852722,0.8328357934951782,0.643921971321106
YOR230W,YDR093W,0,0.3931687,0.11506736278533936,0.8328357934951782,0.6440219879150391
YDR127W,YNL273W,0,0.39314467,0.11505154520273209,0.8328357934951782,0.6441220641136169
YGL230C,YJL095W,0,0.3930522,0.11503573507070541,0.8328357934951782,0.6442221403121948
YMR256C,YMR244C-A,0,0.39277562,0.11501992493867874,0.8328357934951782,0.6443221569061279
YER001W,YPL110C,0,0.39270943,0.11500412225723267,0.8328357934951782,0.6444222331047058
YMR125W,YKR084C,1,0.39239886,0.11512570083141327,0.8338308334350586,0.6444222331047058
YJR014W,YOR136W,0,0.39225104,0.1151098906993866,0.8338308334350586,0.6445222496986389
YDL070W,YHL020C,0,0.3922327,0.11509408056735992,0.8338308334350586,0.6446223258972168
YBR202W,YGL226C-A,0,0.39191112,0.11507827788591385,0.8338308334350586,0.6447223424911499
YJL095W,YDL077C,0,0.39141166,0.11506247520446777,0.8338308334350586,0.6448224186897278
YGR217W,YNL293W,0,0.39123708,0.1150466799736023,0.8338308334350586,0.6449224352836609
YER164W,YNL267W,0,0.3911415,0.11503088474273682,0.8338308334350586,0.6450225114822388
YLR039C,YGL055W,0,0.39059514,0.11501509696245193,0.8338308334350586,0.6451225876808167
YFL053W,YMR044W,0,0.3901287,0.11499931663274765,0.8338308334350586,0.6452226042747498
YBR009C,YDR127W,0,0.38983938,0.11498353630304337,0.8338308334350586,0.6453226804733276
YDR359C,YLR186W,0,0.38968334,0.11496775597333908,0.8338308334350586,0.6454226970672607
YPL178W,YOL008W,0,0.3890042,0.11495199054479599,0.8338308334350586,0.6455227732658386
YML091C,YDR174W,0,0.3889515,0.1149362251162529,0.8338308334350586,0.6456227898597717
YPR137C-B,YBR147W,0,0.3889479,0.11492045968770981,0.8338308334350586,0.6457228660583496
YML042W,YGR067C,0,0.38825664,0.11490470170974731,0.8338308334350586,0.6458228826522827
YOL002C,YLR095C,0,0.3880702,0.11488895118236542,0.8338308334350586,0.6459229588508606
YHR177W,YIR022W,0,0.3880054,0.11487320065498352,0.8338308334350586,0.6460230350494385
YAL019W,YHR172W,0,0.3879928,0.11485745757818222,0.8338308334350586,0.6461230516433716
YNL149C,YLL015W,0,0.38778445,0.11484171450138092,0.8338308334350586,0.6462231278419495
YDL105W,YPL002C,0,0.3877153,0.11482597887516022,0.8338308334350586,0.6463231444358826
YKL222C,YPL118W,0,0.38757977,0.11481025069952011,0.8338308334350586,0.6464232206344604
YLR375W,YHR183W,0,0.38739207,0.11479452252388,0.8338308334350586,0.6465232372283936
YBR059C,YNL236W,0,0.38735422,0.1147787943482399,0.8338308334350586,0.6466233134269714
YHL042W,YDR151C,0,0.38730654,0.11476308107376099,0.8338308334350586,0.6467233896255493
YBR131W,YCL058C,0,0.38714746,0.11474736779928207,0.8338308334350586,0.6468234062194824
YIL082W-A,YPR001W,0,0.38714573,0.11473165452480316,0.8338308334350586,0.6469234824180603
YKL127W,YGL143C,0,0.38698098,0.11471594870090485,0.8338308334350586,0.6470234990119934
YGL175C,YIL064W,0,0.38686445,0.11470024287700653,0.8338308334350586,0.6471235752105713
YGR279C,YPL041C,0,0.3867702,0.11468455195426941,0.8338308334350586,0.6472235918045044
YGL147C,YHL019C,0,0.3865575,0.11466885358095169,0.8338308334350586,0.6473236680030823
YGL039W,YGR055W,0,0.38651714,0.11465317010879517,0.8338308334350586,0.6474236845970154
YFL014W,YPL199C,0,0.38637868,0.11463747918605804,0.8338308334350586,0.6475237607955933
YAL042W,YOL123W,0,0.38624474,0.11462180316448212,0.8338308334350586,0.6476238369941711
YNR010W,YPL202C,0,0.3858252,0.11460612714290619,0.8338308334350586,0.6477238535881042
YPR201W,YPL041C,0,0.38562962,0.11459045857191086,0.8338308334350586,0.6478239297866821
YGL143C,YNR023W,0,0.3850954,0.11457479000091553,0.8338308334350586,0.6479239463806152
YOL113W,YDR261C,0,0.38426596,0.1145591214299202,0.8338308334350586,0.6480240225791931
YGR048W,YMR001C,0,0.38417244,0.11454346776008606,0.8338308334350586,0.6481240391731262
YNR030W,YGL150C,0,0.38353005,0.11452781409025192,0.8338308334350586,0.6482241153717041
YDL120W,YHR181W,0,0.3831817,0.11451216042041779,0.8338308334350586,0.648324191570282
YHR089C,YHR151C,0,0.3831813,0.11449651420116425,0.8338308334350586,0.6484242081642151
YOL107W,YKL149C,0,0.38312587,0.1144808754324913,0.8338308334350586,0.648524284362793
YNR062C,YNL191W,0,0.38311195,0.11446523666381836,0.8338308334350586,0.6486243009567261
YDR072C,YOR380W,0,0.38240412,0.11444960534572601,0.8338308334350586,0.648724377155304
YLR422W,YMR300C,0,0.38219962,0.11443397402763367,0.8338308334350586,0.6488243937492371
YCL008C,YPR057W,0,0.38109794,0.11441835016012192,0.8338308334350586,0.6489244699478149
YER159C,YGR217W,0,0.3810389,0.11440273374319077,0.8338308334350586,0.649024486541748
YPR105C,YFL018C,0,0.38095388,0.11438711732625961,0.8338308334350586,0.6491245627403259
YPL220W,YPR073C,0,0.3805993,0.11437150090932846,0.8338308334350586,0.6492246389389038
YER169W,YNL219C,0,0.38050988,0.1143558919429779,0.8338308334350586,0.6493246555328369
YPL168W,YOR158W,0,0.38032234,0.11434029042720795,0.8338308334350586,0.6494247317314148
YLR173W,YCR100C,0,0.38028443,0.11432469636201859,0.8338308334350586,0.6495247483253479
YMR285C,YDL245C,0,0.37993458,0.11430909484624863,0.8338308334350586,0.6496248245239258
YDR420W,YGR046W,0,0.37968448,0.11429350823163986,0.8338308334350586,0.6497248411178589
YHR158C,YOL113W,0,0.37960562,0.1142779216170311,0.8338308334350586,0.6498249173164368
YPL049C,YIL082W-A,0,0.37956387,0.11426234245300293,0.8338308334350586,0.6499249339103699
YBL045C,YPL157W,0,0.37925676,0.11424676328897476,0.8338308334350586,0.6500250101089478
YJR119C,YJR091C,1,0.37922895,0.11436749994754791,0.834825873374939,0.6500250101089478
YBR142W,YER069W,0,0.37913284,0.11435191333293915,0.834825873374939,0.6501250863075256
YPR196W,YPL149W,0,0.37912473,0.11433633416891098,0.834825873374939,0.6502251029014587
YKL126W,YGR279C,0,0.37911475,0.11432075500488281,0.834825873374939,0.6503251791000366
YNL097C,YKL221W,0,0.37904087,0.11430517584085464,0.834825873374939,0.6504251956939697
YOL148C,YGR235C,0,0.3786319,0.11428960412740707,0.834825873374939,0.6505252718925476
YHR105W,YML023C,0,0.37833038,0.1142740398645401,0.834825873374939,0.6506252884864807
YJL094C,YMR044W,0,0.37808198,0.11425847560167313,0.834825873374939,0.6507253646850586
YDR151C,YLR270W,1,0.37783793,0.11437908560037613,0.8358209133148193,0.6507253646850586
YMR211W,YPL168W,0,0.37725934,0.11436351388692856,0.8358209133148193,0.6508254408836365
YGR199W,YLR345W,0,0.3771453,0.11434794217348099,0.8358209133148193,0.6509254574775696
YKR080W,YOR177C,0,0.3768573,0.11433237791061401,0.8358209133148193,0.6510255336761475
YLL024C,YOR269W,0,0.37683246,0.11431682109832764,0.8358209133148193,0.6511255502700806
YGR216C,YGL226C-A,0,0.3765231,0.11430126428604126,0.8358209133148193,0.6512256264686584
YDR233C,YBR033W,0,0.3759931,0.11428571492433548,0.8358209133148193,0.6513256430625916
YKL186C,YJL127C-B,0,0.37592545,0.1142701655626297,0.8358209133148193,0.6514257192611694
YNL158W,YNL024C-A,0,0.37587315,0.11425462365150452,0.8358209133148193,0.6515257358551025
YCR011C,YJR092W,0,0.37485203,0.11423908919095993,0.8358209133148193,0.6516258120536804
YGR122W,YOL100W,1,0.37479493,0.1143595352768898,0.8368158936500549,0.6516258120536804
YER010C,YOR205C,0,0.37477165,0.11434398591518402,0.8368158936500549,0.6517258882522583
YMR036C,YMR111C,0,0.3747055,0.11432843655347824,0.8368158936500549,0.6518259048461914
YIL154C,YGR217W,0,0.37468028,0.11431290209293365,0.8368158936500549,0.6519259810447693
YER065C,YOR141C,0,0.37454328,0.11429736018180847,0.8368158936500549,0.6520259976387024
YJL178C,YDR218C,0,0.3744335,0.11428183317184448,0.8368158936500549,0.6521260738372803
YHR123W,YNL267W,0,0.37421796,0.1142663061618805,0.8368158936500549,0.6522260904312134
YMR098C,YDL175C,1,0.37410465,0.11438663303852081,0.8378109335899353,0.6522260904312134
YAL010C,YBR282W,0,0.37403867,0.11437109112739563,0.8378109335899353,0.6523261666297913
YCL008C,YBR085W,0,0.3739563,0.11435556411743164,0.8378109335899353,0.6524262428283691
YPR198W,YDR196C,0,0.37390128,0.11434002965688705,0.8378109335899353,0.6525262594223022
YKL126W,YHR042W,0,0.37375495,0.11432451009750366,0.8378109335899353,0.6526263356208801
YJL143W,YMR196W,0,0.3737404,0.11430899053812027,0.8378109335899353,0.6527263522148132
YLR383W,YLL006W,0,0.37350973,0.11429347097873688,0.8378109335899353,0.6528264284133911
YIL177C,YBR279W,0,0.37349924,0.11427795886993408,0.8378109335899353,0.6529264450073242
YPL036W,YBR279W,0,0.37343368,0.11426245421171188,0.8378109335899353,0.6530265212059021
YMR271C,YML067C,0,0.37338677,0.11424694955348969,0.8378109335899353,0.6531265377998352
YJR055W,YDR356W,0,0.37336698,0.11423144489526749,0.8378109335899353,0.6532266139984131
YJR159W,YBR072W,0,0.37274477,0.11421595513820648,0.8378109335899353,0.653326690196991
YOR304C-A,YNL213C,0,0.37265697,0.11420045793056488,0.8378109335899353,0.6534267067909241
YMR056C,YIL126W,0,0.3726311,0.11418497562408447,0.8378109335899353,0.653526782989502
YPL036W,YGR104C,0,0.37257534,0.11416949331760406,0.8378109335899353,0.6536267995834351
YIL117C,YOR191W,0,0.37250328,0.11415401101112366,0.8378109335899353,0.6537268757820129
YLL053C,YER101C,0,0.3722491,0.11413853615522385,0.8378109335899353,0.653826892375946
YJR006W,YER035W,1,0.3720694,0.11425860971212387,0.8388059735298157,0.653826892375946
YPR048W,YML081C-A,0,0.37152794,0.11424311995506287,0.8388059735298157,0.6539269685745239
YNL284C-B,YML001W,0,0.37134185,0.11422764509916306,0.8388059735298157,0.654026985168457
YOL044W,YPR119W,0,0.37107694,0.11421216279268265,0.8388059735298157,0.6541270613670349
YBR211C,YDR151C,0,0.37094787,0.11419669538736343,0.8388059735298157,0.6542271375656128
YGR052W,YOL151W,0,0.37090307,0.11418122798204422,0.8388059735298157,0.6543271541595459
YDL171C,YPL101W,0,0.3708626,0.114165760576725,0.8388059735298157,0.6544272303581238
YOL123W,YDL106C,0,0.3707988,0.11415030807256699,0.8388059735298157,0.6545272469520569
YGR067C,YOL008W,0,0.37077612,0.11413484811782837,0.8388059735298157,0.6546273231506348
YML010W,YIR022W,0,0.37074032,0.11411939561367035,0.8388059735298157,0.6547273397445679
YAL010C,YOR255W,0,0.37070182,0.11410395056009293,0.8388059735298157,0.6548274159431458
YDR440W,YBR115C,0,0.37053633,0.1140885129570961,0.8388059735298157,0.6549274921417236
YPR003C,YGL039W,0,0.37028545,0.11407307535409927,0.8388059735298157,0.6550275087356567
YHR005C,YNL136W,0,0.3701968,0.11405763775110245,0.8388059735298157,0.6551275849342346
YMR175W,YBR094W,0,0.36997163,0.11404220759868622,0.8388059735298157,0.6552276015281677
YBR109C,YLR001C,0,0.36984056,0.11402678489685059,0.8388059735298157,0.6553276777267456
YMR274C,YLR221C,0,0.36981723,0.11401136219501495,0.8388059735298157,0.6554276943206787
YDL138W,YGL175C,0,0.36977732,0.11399593949317932,0.8388059735298157,0.6555277705192566
YPR085C,YNL280C,0,0.36946124,0.11398053169250488,0.8388059735298157,0.6556277871131897
YKR055W,YBL039W-A,0,0.36941257,0.11396512389183044,0.8388059735298157,0.6557278633117676
YKR080W,YBR173C,0,0.36892933,0.113949716091156,0.8388059735298157,0.6558279395103455
YJR057W,YMR148W,0,0.36888823,0.11393431574106216,0.8388059735298157,0.6559279561042786
YBR221C,YBR131W,0,0.36885878,0.11391891539096832,0.8388059735298157,0.6560280323028564
YGR276C,YGR169C-A,0,0.36871183,0.11390352994203568,0.8388059735298157,0.6561280488967896
YLR136C,YNL221C,1,0.36865312,0.11402323842048645,0.839801013469696,0.6561280488967896
YCR037C,YKR085C,0,0.36844787,0.11400783807039261,0.839801013469696,0.6562281250953674
YMR215W,YHR019C,0,0.36837047,0.11399243772029877,0.839801013469696,0.6563281416893005
YLL057C,YOR316C,0,0.3678978,0.11397704482078552,0.839801013469696,0.6564282178878784
YDR189W,YMR088C,0,0.36755902,0.11396165192127228,0.839801013469696,0.6565282344818115
YOL146W,YOL032W,0,0.3674743,0.11394626647233963,0.839801013469696,0.6566283106803894
YMR236W,YKR001C,0,0.36731714,0.11393088847398758,0.839801013469696,0.6567283868789673
YDL101C,YNR055C,0,0.36731222,0.11391551047563553,0.839801013469696,0.6568284034729004
YLR413W,YGR213C,0,0.36719424,0.11390013247728348,0.839801013469696,0.6569284796714783
YOR100C,YLR345W,0,0.3670871,0.11388476938009262,0.839801013469696,0.6570284962654114
YKL057C,YDR155C,0,0.36700597,0.11386939883232117,0.839801013469696,0.6571285724639893
YNL075W,YGL259W,0,0.36691657,0.11385404318571091,0.839801013469696,0.6572285890579224
YDR448W,YDR117C,0,0.36628523,0.11383868008852005,0.839801013469696,0.6573286652565002
YDR089W,YPL026C,0,0.3662405,0.11382333189249039,0.839801013469696,0.6574287414550781
YIL050W,YML067C,0,0.36603197,0.11380798369646072,0.839801013469696,0.6575287580490112
YDR283C,YBL106C,0,0.36564866,0.11379263550043106,0.839801013469696,0.6576288342475891
YDR356W,YOL083W,0,0.36523667,0.113777294754982,0.839801013469696,0.6577288508415222
YIL065C,YKL088W,0,0.3651574,0.11376196146011353,0.839801013469696,0.6578289270401001
YKL222C,YOR274W,0,0.36496213,0.11374662816524506,0.839801013469696,0.6579289436340332
YKR023W,YKL012W,0,0.36450163,0.11373130232095718,0.839801013469696,0.6580290198326111
YER010C,YAL023C,0,0.3644323,0.11371597647666931,0.839801013469696,0.6581290364265442
YJR151C,YDL047W,0,0.3642438,0.11370065808296204,0.839801013469696,0.6582291126251221
YBL039W-A,YKL216W,0,0.36421263,0.11368534713983536,0.839801013469696,0.6583291888237
YJR088C,YKL032C,0,0.36414334,0.11367003619670868,0.839801013469696,0.6584292054176331
YGL009C,YPL066W,0,0.36389467,0.113654725253582,0.839801013469696,0.6585292816162109
YOR396W,YGL150C,0,0.36375466,0.11363942176103592,0.839801013469696,0.658629298210144
YER112W,YJL185C,0,0.3636243,0.11362412571907043,0.839801013469696,0.6587293744087219
YDR099W,YGL009C,0,0.36359957,0.11360882967710495,0.839801013469696,0.658829391002655
YOR304C-A,YHR077C,0,0.36328492,0.11359354108572006,0.839801013469696,0.6589294672012329
YDR208W,YHR210C,0,0.3631784,0.11357825249433517,0.839801013469696,0.6590295433998108
YJR050W,YMR046C,0,0.36301568,0.11356297135353088,0.839801013469696,0.6591295599937439
YAR044W,YLR207W,0,0.36238798,0.11354769021272659,0.839801013469696,0.6592296361923218
YOR287C,YCR024C,0,0.36182305,0.1135324165225029,0.839801013469696,0.6593296527862549
YMR174C,YHR122W,0,0.36179635,0.1135171502828598,0.839801013469696,0.6594297289848328
YJR159W,YDR486C,0,0.36172518,0.1135018840432167,0.839801013469696,0.6595297455787659
YLR312W-A,YDR105C,0,0.36147374,0.11348661780357361,0.839801013469696,0.6596298217773438
YMR154C,YKR080W,0,0.36135405,0.1134713664650917,0.839801013469696,0.6597298383712769
YLR173W,YHR005C,0,0.3613521,0.1134561076760292,0.839801013469696,0.6598299145698547
YKL222C,YDR463W,0,0.3609897,0.1134408637881279,0.839801013469696,0.6599299907684326
YKL039W,YHL036W,0,0.3607894,0.113425612449646,0.839801013469696,0.6600300073623657
YDR318W,YMR084W,0,0.36077172,0.11341037601232529,0.839801013469696,0.6601300835609436
YMR113W,YCL005W-A,0,0.3606464,0.11339513957500458,0.839801013469696,0.6602301001548767
YJR113C,YKL129C,0,0.3605834,0.11337990313768387,0.839801013469696,0.6603301763534546
YDR264C,YNR071C,0,0.3603838,0.11336467415094376,0.839801013469696,0.6604301929473877
YBL032W,YLR077W,0,0.3601086,0.11334945261478424,0.839801013469696,0.6605302691459656
YDR283C,YMR004W,0,0.3600574,0.11333423107862473,0.839801013469696,0.6606302857398987
YOL095C,YMR040W,0,0.36004242,0.11331900954246521,0.839801013469696,0.6607303619384766
YOR021C,YGR174C,0,0.35991687,0.11330379545688629,0.839801013469696,0.6608304381370544
YOL022C,YIR024C,0,0.35988978,0.11328858882188797,0.839801013469696,0.6609304547309875
YGR255C,YOR125C,0,0.35969993,0.11327338963747025,0.839801013469696,0.6610305309295654
YBL100W-B,YLR392C,0,0.35921925,0.11325818300247192,0.839801013469696,0.6611305475234985
YDL066W,YOR003W,0,0.35919502,0.1132429912686348,0.839801013469696,0.6612306237220764
YJR057W,YJR103W,0,0.358565,0.11322779953479767,0.839801013469696,0.6613306403160095
YDR281C,YHR076W,0,0.35818955,0.11321260780096054,0.839801013469696,0.6614307165145874
YDR164C,YDL132W,0,0.35816425,0.11319742351770401,0.839801013469696,0.6615307927131653
YOR229W,YPR085C,0,0.35775104,0.11318224668502808,0.839801013469696,0.6616308093070984
YGR168C,YHR114W,0,0.35747638,0.11316706985235214,0.839801013469696,0.6617308855056763
YKL186C,YKL038W,0,0.3573812,0.1131519004702568,0.839801013469696,0.6618309020996094
YPL130W,YML024W,0,0.3570994,0.11313673108816147,0.839801013469696,0.6619309782981873
YNL284C,YJL187C,0,0.35707992,0.11312156915664673,0.839801013469696,0.6620309948921204
YPL002C,YLR289W,0,0.35669917,0.11310640722513199,0.839801013469696,0.6621310710906982
YDR196C,YIL003W,0,0.35623074,0.11309125274419785,0.839801013469696,0.6622310876846313
YPR120C,YJL097W,0,0.3562282,0.1130760982632637,0.839801013469696,0.6623311638832092
YGR104C,YHR076W,0,0.3559812,0.11306095123291016,0.839801013469696,0.6624312400817871
YLR363C,YJR091C,1,0.35595867,0.1131797507405281,0.8407959938049316,0.6624312400817871
YDR040C,YDR033W,0,0.35595533,0.11316458880901337,0.8407959938049316,0.6625312566757202
YDR179C,YLR238W,0,0.35581097,0.11314943432807922,0.8407959938049316,0.6626313328742981
YGR206W,YKR003W,0,0.3558063,0.11313428729772568,0.8407959938049316,0.6627313494682312
YBR147W,YGL091C,0,0.35567757,0.11311914026737213,0.8407959938049316,0.6628314256668091
YGR287C,YOR141C,0,0.3556694,0.11310400068759918,0.8407959938049316,0.6629314422607422
YDR164C,YBR211C,0,0.35565224,0.11308886855840683,0.8407959938049316,0.6630315184593201
YCL008C,YDR126W,0,0.35548687,0.11307372897863388,0.8407959938049316,0.663131594657898
YFL059W,YOR141C,0,0.35532585,0.11305860430002213,0.8407959938049316,0.663231611251831
YML091C,YHR183W,0,0.3551686,0.11304347962141037,0.8407959938049316,0.6633316874504089
YOR042W,YNL260C,0,0.35484746,0.11302835494279861,0.8407959938049316,0.663431704044342
YLR023C,YDR448W,0,0.35481006,0.11301323771476746,0.8407959938049316,0.6635317802429199
YDR164C,YNR048W,0,0.3538141,0.1129981279373169,0.8407959938049316,0.663631796836853
YDR483W,YAL035W,0,0.35365325,0.11298301815986633,0.8407959938049316,0.6637318730354309
YLR461W,YFR038W,0,0.35328096,0.11296791583299637,0.8407959938049316,0.663831889629364
YGL185C,YDR519W,0,0.35262856,0.1129528135061264,0.8407959938049316,0.6639319658279419
YGR067C,YBR107C,0,0.35248086,0.11293771862983704,0.8407959938049316,0.6640320420265198
YGR244C,YPL252C,0,0.35247067,0.11292262375354767,0.8407959938049316,0.6641320586204529
YNL264C,YCL026C-B,0,0.3524228,0.1129075363278389,0.8407959938049316,0.6642321348190308
YGR217W,YHR171W,0,0.352361,0.11289244890213013,0.8407959938049316,0.6643321514129639
YOL078W,YKL062W,0,0.35222208,0.11287736892700195,0.8407959938049316,0.6644322276115417
YCL001W-A,YAL021C,1,0.3521231,0.11299586296081543,0.841791033744812,0.6644322276115417
YDL243C,YGR075C,0,0.35189566,0.11298076808452606,0.841791033744812,0.6645322442054749
YLL053C,YDL119C,0,0.35184133,0.11296568065881729,0.841791033744812,0.6646323204040527
YOR205C,YGR279C,0,0.35176498,0.11295060068368912,0.841791033744812,0.6647323369979858
YMR088C,YHR162W,0,0.3515012,0.11293552070856094,0.841791033744812,0.6648324131965637
YER181C,YGL039W,0,0.3507088,0.11292044818401337,0.841791033744812,0.6649324893951416
YDR028C,YDL044C,0,0.3506331,0.11290537565946579,0.841791033744812,0.6650325059890747
YDL085W,YEL064C,0,0.35021964,0.11289031058549881,0.841791033744812,0.6651325821876526
YBR004C,YNL176C,0,0.35020646,0.11287525296211243,0.841791033744812,0.6652325987815857
YLR106C,YOR241W,0,0.35016146,0.11286019533872604,0.841791033744812,0.6653326749801636
YGL139W,YJL191W,0,0.34978268,0.11284513771533966,0.841791033744812,0.6654326915740967
YDR040C,YOR090C,0,0.34966603,0.11283008754253387,0.841791033744812,0.6655327677726746
YMR024W,YOR262W,0,0.34959823,0.11281504482030869,0.841791033744812,0.6656328439712524
YNR062C,YPL047W,0,0.3494732,0.1128000020980835,0.841791033744812,0.6657328605651855
YGR078C,YLR432W,0,0.34935993,0.1127849593758583,0.841791033744812,0.6658329367637634
YLL053C,YLR345W,0,0.34925303,0.11276993155479431,0.841791033744812,0.6659329533576965
YBR208C,YBR199W,0,0.3490987,0.11275489628314972,0.841791033744812,0.6660330295562744
YBR279W,YDL119C,0,0.34862092,0.11273986846208572,0.841791033744812,0.6661330461502075
YIL154C,YBR044C,0,0.34832382,0.11272484809160233,0.841791033744812,0.6662331223487854
YOR194C,YDR270W,0,0.3482777,0.11270983517169952,0.841791033744812,0.6663331389427185
YDL132W,YFL014W,0,0.34810892,0.11269481480121613,0.841791033744812,0.6664332151412964
YNL244C,YGR068C,0,0.34802982,0.11267980933189392,0.841791033744812,0.6665332913398743
YNL081C,YNR073C,0,0.34753636,0.11266480386257172,0.841791033744812,0.6666333079338074
YOR216C,YPL009C,0,0.34747574,0.11264979839324951,0.841791033744812,0.6667333841323853
YLR034C,YLR453C,0,0.34711534,0.1126348003745079,0.841791033744812,0.6668334007263184
YER066W,YPL013C,0,0.34681207,0.1126198098063469,0.841791033744812,0.6669334769248962
YER001W,YGL233W,0,0.34642264,0.11260481923818588,0.841791033744812,0.6670334935188293
YGR287C,YJR059W,0,0.34641436,0.11258982867002487,0.841791033744812,0.6671335697174072
YOL113W,YJL030W,0,0.34635755,0.11257485300302505,0.841791033744812,0.6672336459159851
YOL161C,YHR101C,0,0.34604028,0.11255986988544464,0.841791033744812,0.6673336625099182
YPL005W,YCR105W,0,0.34601238,0.11254490166902542,0.841791033744812,0.6674337387084961
YMR111C,YBR014C,0,0.34599057,0.1125299260020256,0.841791033744812,0.6675337553024292
YNR030W,YOL019W,0,0.3458706,0.11251496523618698,0.841791033744812,0.6676338315010071
YIL117C,YLR151C,0,0.3455645,0.11249999701976776,0.841791033744812,0.6677338480949402
YBR221C,YMR085W,0,0.34524193,0.11248504370450974,0.841791033744812,0.6678339242935181
YBR094W,YPL015C,0,0.34508803,0.11247009038925171,0.841791033744812,0.6679339408874512
YPL005W,YOR068C,0,0.3446498,0.11245513707399368,0.841791033744812,0.668034017086029
YDL120W,YGR282C,0,0.3439654,0.11244019120931625,0.841791033744812,0.6681340932846069
YAR044W,YOR346W,0,0.34310395,0.11242525279521942,0.841791033744812,0.66823410987854
YJL104W,YGL170C,0,0.3427213,0.11241031438112259,0.841791033744812,0.6683341860771179
YHR039C-A,YBR177C,0,0.34255967,0.11239537596702576,0.841791033744812,0.668434202671051
YPR035W,YNR011C,0,0.3422201,0.11238044500350952,0.841791033744812,0.6685342788696289
YMR054W,YIL013C,0,0.34221146,0.11236552149057388,0.841791033744812,0.668634295463562
YBL098W,YBL023C,0,0.34218052,0.11235059797763824,0.841791033744812,0.6687343716621399
YLR151C,YKL217W,0,0.34203684,0.1123356819152832,0.841791033744812,0.668834388256073
YER027C,YLR165C,0,0.34182632,0.11232076585292816,0.841791033744812,0.6689344644546509
YOR155C,YNL136W,0,0.34177858,0.11230585724115372,0.841791033744812,0.6690345406532288
YLR239C,YBL085W,0,0.34155568,0.11229094862937927,0.841791033744812,0.6691345572471619
YDL132W,YPL008W,0,0.3414466,0.11227604746818542,0.841791033744812,0.6692346334457397
YPR112C,YDR374C,1,0.34107953,0.11239384114742279,0.8427860736846924,0.6692346334457397
YOL107W,YBR278W,0,0.3409854,0.11237893253564835,0.8427860736846924,0.6693346500396729
YNR036C,YMR101C,0,0.34085533,0.1123640239238739,0.8427860736846924,0.6694347262382507
YGL009C,YJR029W,0,0.3406542,0.11234911531209946,0.8427860736846924,0.6695347428321838
YMR244C-A,YPR098C,0,0.3405156,0.11233421415090561,0.8427860736846924,0.6696348190307617
YOR070C,YDR393W,0,0.34018743,0.11231932044029236,0.8427860736846924,0.6697348952293396
YER001W,YCR053W,0,0.34006423,0.11230442672967911,0.8427860736846924,0.6698349118232727
YOR100C,YNL267W,0,0.33975676,0.11228954046964645,0.8427860736846924,0.6699349880218506
YBL011W,YGL259W,0,0.33965942,0.1122746542096138,0.8427860736846924,0.6700350046157837
YLR187W,YIL050W,0,0.33947045,0.11225977540016174,0.8427860736846924,0.6701350808143616
YAR009C,YER083C,0,0.33897048,0.11224489659070969,0.8427860736846924,0.6702350974082947
YNL081C,YOR175C,0,0.33872348,0.11223002523183823,0.8427860736846924,0.6703351736068726
YJR040W,YJL162C,0,0.33872217,0.11221515387296677,0.8427860736846924,0.6704351902008057
YOR090C,YCL040W,0,0.33851695,0.1122002899646759,0.8427860736846924,0.6705352663993835
YBL098W,YOR177C,0,0.33845726,0.11218543350696564,0.8427860736846924,0.6706353425979614
YCR097W,YDR532C,0,0.33832496,0.11217057704925537,0.8427860736846924,0.6707353591918945
YPL280W,YJL038C,0,0.33818302,0.1121557205915451,0.8427860736846924,0.6708354353904724
YML010W,YOR303W,0,0.33815628,0.11214087158441544,0.8427860736846924,0.6709354519844055
YDR314C,YFR030W,0,0.33793274,0.11212602257728577,0.8427860736846924,0.6710355281829834
YMR209C,YKR082W,0,0.3378574,0.1121111810207367,0.8427860736846924,0.6711355447769165
YFR008W,YBR025C,0,0.33732644,0.11209634691476822,0.8427860736846924,0.6712356209754944
YMR145C,YDR393W,0,0.33730304,0.11208151280879974,0.8427860736846924,0.6713356971740723
YER001W,YNR055C,0,0.3372686,0.11206668615341187,0.8427860736846924,0.6714357137680054
YOR270C,YHR171W,0,0.3370411,0.11205185949802399,0.8427860736846924,0.6715357899665833
YDR279W,YNL293W,0,0.3370321,0.1120370402932167,0.8427860736846924,0.6716358065605164
YKL126W,YOR136W,0,0.33695015,0.11202222108840942,0.8427860736846924,0.6717358827590942
YJR057W,YOL161C,0,0.33644873,0.11200740188360214,0.8427860736846924,0.6718358993530273
YMR113W,YIL117C,0,0.33611122,0.11199259757995605,0.8427860736846924,0.6719359755516052
YBL010C,YIL126W,0,0.33585146,0.11197778582572937,0.8427860736846924,0.6720359921455383
YJL090C,YPR127W,0,0.33579606,0.11196298897266388,0.8427860736846924,0.6721360683441162
YIL005W,YLR039C,0,0.33551607,0.11194819211959839,0.8427860736846924,0.6722361445426941
YCL075W,YGL085W,0,0.33542854,0.1119333952665329,0.8427860736846924,0.6723361611366272
YDR179C,YOL083W,0,0.33537441,0.111918605864048,0.8427860736846924,0.6724362373352051
YHL042W,YNR055C,0,0.33521703,0.11190381646156311,0.8427860736846924,0.6725362539291382
YLR135W,YGL021W,0,0.3348605,0.11188903450965881,0.8427860736846924,0.6726363301277161
YBR200W,YNL284C,0,0.3339135,0.11187426000833511,0.8427860736846924,0.6727363467216492
YMR024W,YJL185C,0,0.333487,0.11185948550701141,0.8427860736846924,0.672836422920227
YKR036C,YDR333C,0,0.33342835,0.11184471100568771,0.8427860736846924,0.6729364395141602
YPL036W,YPR149W,0,0.33288917,0.11182994395494461,0.8427860736846924,0.673036515712738
YMR084W,YBR251W,0,0.332889,0.1118151843547821,0.8427860736846924,0.6731365919113159
YOL032W,YHL036W,0,0.3328252,0.1118004247546196,0.8427860736846924,0.673236608505249
YKR038C,YMR044W,0,0.33270112,0.11178566515445709,0.8427860736846924,0.6733366847038269
YLR264W,YKL023W,1,0.3324548,0.1119028776884079,0.8437811136245728,0.6733366847038269
YOR283W,YGR092W,0,0.33235416,0.1118881106376648,0.8437811136245728,0.67343670129776
YLR178C,YCR024C,0,0.33230802,0.11187335103750229,0.8437811136245728,0.6735367774963379
YDL095W,YDL046W,0,0.33181202,0.11185859143733978,0.8437811136245728,0.673636794090271
YMR029C,YKL043W,0,0.33143255,0.11184383928775787,0.8437811136245728,0.6737368702888489
YDR420W,YKL039W,0,0.33139235,0.11182909458875656,0.8437811136245728,0.6738369464874268
YPL163C,YDL210W,0,0.33125022,0.11181434243917465,0.8437811136245728,0.6739369630813599
YMR271C,YOL059W,0,0.33113858,0.11179960519075394,0.8437811136245728,0.6740370392799377
YPL130W,YLL055W,0,0.33102798,0.11178486794233322,0.8437811136245728,0.6741370558738708
YOR042W,YLL007C,0,0.33099356,0.1117701306939125,0.8437811136245728,0.6742371320724487
YCR026C,YKL088W,0,0.33040527,0.11175540089607239,0.8437811136245728,0.6743371486663818
YNL038W,YAL031C,0,0.33021775,0.11174067854881287,0.8437811136245728,0.6744372248649597
YKL074C,YML001W,0,0.32997093,0.11172595620155334,0.8437811136245728,0.6745372414588928
YPL042C,YMR116C,1,0.3295229,0.11184297502040863,0.8447760939598083,0.6745372414588928
YER068W,YGL048C,1,0.32948288,0.11195995658636093,0.8457711338996887,0.6745372414588928
YJL097W,YDR293C,0,0.32945576,0.11194521188735962,0.8457711338996887,0.6746373176574707
YML095C,YPL183W-A,0,0.32881665,0.1119304746389389,0.8457711338996887,0.6747373938560486
YCL073C,YDL066W,0,0.32865718,0.11191573739051819,0.8457711338996887,0.6748374104499817
YFR031C,YNR071C,0,0.32862386,0.11190100014209747,0.8457711338996887,0.6749374866485596
YOR291W,YDR489W,0,0.32861122,0.11188627034425735,0.8457711338996887,0.6750375032424927
YGR270W,YDL245C,0,0.32861117,0.11187154799699783,0.8457711338996887,0.6751375794410706
YOR048C,YDR497C,0,0.3280659,0.11185682564973831,0.8457711338996887,0.6752375960350037
YMR133W,YLR054C,0,0.3276059,0.11184210330247879,0.8457711338996887,0.6753376722335815
YCL073C,YNL147W,0,0.32749596,0.11182738840579987,0.8457711338996887,0.6754377484321594
YER046W,YKL037W,0,0.32705966,0.11181268095970154,0.8457711338996887,0.6755377650260925
YBR059C,YCR100C,0,0.32696727,0.11179797351360321,0.8457711338996887,0.6756378412246704
YGR272C,YIR033W,1,0.32680577,0.11191478371620178,0.8467661738395691,0.6756378412246704
YJL127C-B,YGR270W,0,0.3265521,0.11190006881952286,0.8467661738395691,0.6757378578186035
YIL134W,YDR389W,0,0.32629755,0.11188535392284393,0.8467661738395691,0.6758379340171814
YGL115W,YMR271C,0,0.32517073,0.1118706464767456,0.8467661738395691,0.6759379506111145
YLR134W,YGL258W,0,0.3248797,0.11185593903064728,0.8467661738395691,0.6760380268096924
YER073W,YER007W,0,0.3248108,0.11184123903512955,0.8467661738395691,0.6761380434036255
YDR096W,YML112W,0,0.3247425,0.11182654649019241,0.8467661738395691,0.6762381196022034
YNL064C,YGR100W,0,0.32464913,0.11181185394525528,0.8467661738395691,0.6763381958007812
YLR312W-A,YPL015C,0,0.32463956,0.11179716140031815,0.8467661738395691,0.6764382123947144
YAL019W,YKL133C,0,0.32427555,0.11178247630596161,0.8467661738395691,0.6765382885932922
YPR002W,YBR275C,0,0.32419834,0.11176779866218567,0.8467661738395691,0.6766383051872253
YNL239W,YJR017C,0,0.32386008,0.11175312101840973,0.8467661738395691,0.6767383813858032
YPR175W,YMR284W,0,0.32382065,0.11173844337463379,0.8467661738395691,0.6768383979797363
YDL155W,YML081C-A,0,0.32375565,0.11172377318143845,0.8467661738395691,0.6769384741783142
YMR111C,YDL088C,0,0.32351235,0.1117091104388237,0.8467661738395691,0.6770384907722473
YNL115C,YPR027C,0,0.32348144,0.11169444769620895,0.8467661738395691,0.6771385669708252
YOL095C,YLR086W,0,0.3230895,0.1116797924041748,0.8467661738395691,0.6772386431694031
YPR198W,YDL025C,0,0.32298532,0.11166513711214066,0.8467661738395691,0.6773386597633362
YOR275C,YBR094W,0,0.32274255,0.1116504818201065,0.8467661738395691,0.6774387359619141
YOR025W,YGL080W,0,0.32246864,0.11163584142923355,0.8467661738395691,0.6775387525558472
YBR161W,YMR160W,0,0.3222983,0.11162119358778,0.8467661738395691,0.677638828754425
YGL080W,YBR265W,0,0.32223588,0.11160656064748764,0.8467661738395691,0.6777388453483582
YLR423C,YDR333C,0,0.32216927,0.11159192025661469,0.8467661738395691,0.677838921546936
YJL047C,YPR001W,0,0.3220453,0.11157729476690292,0.8467661738395691,0.6779389977455139
YLL015W,YBR223C,0,0.3219579,0.11156266182661057,0.8467661738395691,0.678039014339447
YJR055W,YPL069C,0,0.32195282,0.1115480437874794,0.8467661738395691,0.6781390905380249
YLR095C,YOR185C,0,0.32189834,0.11153341829776764,0.8467661738395691,0.678239107131958
YMR053C,YDL114W,0,0.32166925,0.11151880770921707,0.8467661738395691,0.6783391833305359
YHR006W,YGL259W,0,0.3216612,0.11150418967008591,0.8467661738395691,0.678439199924469
YDL235C,YNR040W,0,0.32155177,0.11148958653211594,0.8467661738395691,0.6785392761230469
YPL075W,YML081C-A,0,0.32126704,0.11147498339414597,0.8467661738395691,0.67863929271698
YGR081C,YHL012W,0,0.32126084,0.111460380256176,0.8467661738395691,0.6787393689155579
YLR048W,YGR217W,0,0.32119024,0.11144578456878662,0.8467661738395691,0.6788394451141357
YGL233W,YGR005C,0,0.32114297,0.11143118888139725,0.8467661738395691,0.6789394617080688
YML067C,YHR033W,0,0.32104585,0.11141660064458847,0.8467661738395691,0.6790395379066467
YMR171C,YJL185C,0,0.32093468,0.1114020124077797,0.8467661738395691,0.6791395545005798
YMR056C,YMR112C,0,0.32075837,0.11138743162155151,0.8467661738395691,0.6792396306991577
YJR161C,YPL195W,0,0.32038978,0.11137285828590393,0.8467661738395691,0.6793396472930908
YJR074W,YER030W,0,0.3203153,0.11135828495025635,0.8467661738395691,0.6794397234916687
YKL190W,YPL214C,0,0.31985456,0.11134371161460876,0.8467661738395691,0.6795397400856018
YGL115W,YLR314C,0,0.3197401,0.11132914572954178,0.8467661738395691,0.6796398162841797
YDR356W,YJR049C,0,0.3197392,0.11131458729505539,0.8467661738395691,0.6797398924827576
YOR032C,YBR093C,0,0.31972215,0.111300028860569,0.8467661738395691,0.6798399090766907
YOR381W,YKL062W,0,0.31953293,0.11128547042608261,0.8467661738395691,0.6799399852752686
YBR200W,YBR129C,0,0.31948522,0.11127091944217682,0.8467661738395691,0.6800400018692017
YPR120C,YKR051W,0,0.3193372,0.11125637590885162,0.8467661738395691,0.6801400780677795
YKL171W,YJL225C,0,0.31928828,0.11124183237552643,0.8467661738395691,0.6802400946617126
YLR070C,YLR118C,0,0.31918487,0.11122728884220123,0.8467661738395691,0.6803401708602905
YBL105C,YPL042C,1,0.3191574,0.11134343594312668,0.8477612137794495,0.6803401708602905
YLR383W,YGL173C,0,0.3190686,0.11132889240980148,0.8477612137794495,0.6804402470588684
YCL067C,YKR036C,0,0.31898478,0.11131434887647629,0.8477612137794495,0.6805402636528015
YDL108W,YDR481C,0,0.31877884,0.11129980534315109,0.8477612137794495,0.6806403398513794
YKL186C,YIL177C,0,0.3186654,0.1112852692604065,0.8477612137794495,0.6807403564453125
YER052C,YBR080C,0,0.31859645,0.1112707331776619,0.8477612137794495,0.6808404326438904
YGR042W,YDR518W,0,0.31858206,0.1112562045454979,0.8477612137794495,0.6809404492378235
YGR276C,YPL214C,0,0.31847176,0.11124167591333389,0.8477612137794495,0.6810405254364014
YER112W,YLR163C,0,0.3183321,0.11122715473175049,0.8477612137794495,0.6811405420303345
YMR136W,YOR223W,0,0.31816876,0.11121263355016708,0.8477612137794495,0.6812406182289124
YDR096W,YMR171C,0,0.31814376,0.11119811981916428,0.8477612137794495,0.6813406944274902
YPR026W,YNR040W,0,0.31810832,0.11118360608816147,0.8477612137794495,0.6814407110214233
YLR227C,YKR001C,0,0.317858,0.11116909980773926,0.8477612137794495,0.6815407872200012
YER168C,YMR040W,0,0.3174074,0.11115460097789764,0.8477612137794495,0.6816408038139343
YER156C,YPR035W,0,0.3167818,0.11114010214805603,0.8477612137794495,0.6817408800125122
YMR088C,YNL273W,0,0.3167695,0.11112560331821442,0.8477612137794495,0.6818408966064453
YAR020C,YIL009C-A,0,0.31618854,0.1111111119389534,0.8477612137794495,0.6819409728050232
YOR172W,YKL217W,0,0.31618464,0.11109662055969238,0.8477612137794495,0.6820410490036011
YJR057W,YLR445W,0,0.31609395,0.11108213663101196,0.8477612137794495,0.6821410655975342
YLR337C,YPR073C,0,0.31605956,0.11106766015291214,0.8477612137794495,0.6822411417961121
YOR371C,YOR090C,0,0.31605545,0.11105318367481232,0.8477612137794495,0.6823411583900452
YNR022C,YOR251C,0,0.3156392,0.1110387071967125,0.8477612137794495,0.682441234588623
YKL211C,YER006W,0,0.315547,0.11102423816919327,0.8477612137794495,0.6825412511825562
YDR354W,YIL034C,0,0.31492716,0.11100976914167404,0.8477612137794495,0.682641327381134
YOL097C,YPR198W,0,0.3148792,0.11099530756473541,0.8477612137794495,0.6827413439750671
YBR186W,YML125C,0,0.3146053,0.11098085343837738,0.8477612137794495,0.682841420173645
YKR051W,YKR017C,0,0.3142139,0.11096639931201935,0.8477612137794495,0.6829414963722229
YER115C,YLL055W,0,0.31413183,0.11095194518566132,0.8477612137794495,0.683041512966156
YDR264C,YER068W,0,0.31352922,0.11093749850988388,0.8477612137794495,0.6831415891647339
YGR217W,YBR025C,0,0.31337747,0.11092305928468704,0.8477612137794495,0.683241605758667
YBR221C,YNL081C,0,0.31305704,0.1109086200594902,0.8477612137794495,0.6833416819572449
YKL074C,YBR279W,0,0.31296632,0.11089418083429337,0.8477612137794495,0.683441698551178
YDR254W,YOR003W,0,0.31294677,0.11087974905967712,0.8477612137794495,0.6835417747497559
YER176W,YDL224C,1,0.312717,0.11099544912576675,0.8487561941146851,0.6835417747497559
YIL013C,YDR117C,0,0.31253237,0.11098100244998932,0.8487561941146851,0.683641791343689
YMR174C,YLR466W,0,0.3124379,0.11096656322479248,0.8487561941146851,0.6837418675422668
YMR112C,YGL143C,0,0.31236193,0.11095213145017624,0.8487561941146851,0.6838419437408447
YPR105C,YBL023C,0,0.3123596,0.11093769967556,0.8487561941146851,0.6839419603347778
YPL011C,YHL021C,0,0.3122056,0.11092327535152435,0.8487561941146851,0.6840420365333557
YPR002W,YLR151C,0,0.31192467,0.11090885102748871,0.8487561941146851,0.6841420531272888
YIL015W,YLR453C,0,0.3116996,0.11089443415403366,0.8487561941146851,0.6842421293258667
YHR110W,YGL203C,0,0.31148872,0.11088001728057861,0.8487561941146851,0.6843421459197998
YBR044C,YNL267W,0,0.31147453,0.11086560785770416,0.8487561941146851,0.6844422221183777
YJR088C,YNL322C,0,0.31088993,0.11085119843482971,0.8487561941146851,0.6845422983169556
YPL021W,YNL112W,0,0.31084183,0.11083679646253586,0.8487561941146851,0.6846423149108887
YER027C,YGR099W,0,0.3107359,0.1108224019408226,0.8487561941146851,0.6847423911094666
YDR179C,YIL041W,0,0.31066802,0.11080799996852875,0.8487561941146851,0.6848424077033997
YMR098C,YLR021W,1,0.31048027,0.11092349886894226,0.8497512340545654,0.6848424077033997
YDR099W,YER101C,0,0.3101255,0.11090908944606781,0.8497512340545654,0.6849424839019775
YDR059C,YGR169C-A,0,0.30993578,0.11089468747377396,0.8497512340545654,0.6850425004959106
YPR009W,YMR300C,0,0.30990133,0.1108802929520607,0.8497512340545654,0.6851425766944885
YOR381W,YLR014C,0,0.30981082,0.11086589843034744,0.8497512340545654,0.6852425932884216
YOR060C,YDR072C,0,0.30945238,0.11085150390863419,0.8497512340545654,0.6853426694869995
YMR158W,YEL059C-A,0,0.3093871,0.11083711683750153,0.8497512340545654,0.6854427456855774
YFR043C,YML076C,0,0.30923334,0.11082273721694946,0.8497512340545654,0.6855427622795105
YPR198W,YDR135C,0,0.3089479,0.1108083575963974,0.8497512340545654,0.6856428384780884
YDL046W,YGL094C,0,0.30863017,0.11079397797584534,0.8497512340545654,0.6857428550720215
YHR094C,YHR123W,0,0.30808786,0.11077960580587387,0.8497512340545654,0.6858429312705994
YIL102C-A,YLR287C,0,0.3080671,0.110765241086483,0.8497512340545654,0.6859429478645325
YBR040W,YDL182W,0,0.30801144,0.11075087636709213,0.8497512340545654,0.6860430240631104
YDL087C,YHR101C,0,0.30781022,0.11073651164770126,0.8497512340545654,0.6861431002616882
YNR048W,YHR123W,0,0.30771488,0.11072215437889099,0.8497512340545654,0.6862431168556213
YML042W,YER169W,0,0.3074768,0.11070780456066132,0.8497512340545654,0.6863431930541992
YGR270W,YJR103W,0,0.3071027,0.11069345474243164,0.8497512340545654,0.6864432096481323
YJL140W,YDL175C,1,0.30667806,0.11080870777368546,0.8507462739944458,0.6864432096481323
YHR052W,YDL137W,0,0.30642483,0.11079435050487518,0.8507462739944458,0.6865432858467102
YMR077C,YHR110W,0,0.3063286,0.11077999323606491,0.8507462739944458,0.6866433024406433
YMR215W,YLR187W,0,0.30621687,0.11076564341783524,0.8507462739944458,0.6867433786392212
YNL020C,YKL156W,0,0.3061908,0.11075129359960556,0.8507462739944458,0.6868433952331543
YCL047C,YGL064C,0,0.30618104,0.11073695123195648,0.8507462739944458,0.6869434714317322
YGR195W,YKL211C,0,0.30617642,0.1107226088643074,0.8507462739944458,0.6870435476303101
YJR088C,YMR263W,0,0.3061528,0.11070827394723892,0.8507462739944458,0.6871435642242432
YPL095C,YBR223C,0,0.30590066,0.11069393903017044,0.8507462739944458,0.687243640422821
YOR291W,YNL213C,0,0.30588317,0.11067961156368256,0.8507462739944458,0.6873436570167542
YDR511W,YDL078C,0,0.30565354,0.11066528409719467,0.8507462739944458,0.687443733215332
YGL162W,YDR529C,0,0.30557498,0.11065096408128738,0.8507462739944458,0.6875437498092651
YLR241W,YOR136W,0,0.3055393,0.1106366440653801,0.8507462739944458,0.687643826007843
YDR354W,YBR265W,0,0.3046843,0.1106223315000534,0.8507462739944458,0.6877438426017761
YPL150W,YLR404W,0,0.30437282,0.11060801893472672,0.8507462739944458,0.687843918800354
YER088C,YPR098C,0,0.30434743,0.11059371381998062,0.8507462739944458,0.6879439949989319
YBL098W,YOR136W,0,0.30375865,0.11057940870523453,0.8507462739944458,0.688044011592865
YMR282C,YLR001C,0,0.3034386,0.11056511104106903,0.8507462739944458,0.6881440877914429
YKL097W-A,YBR040W,0,0.30311146,0.11055081337690353,0.8507462739944458,0.688244104385376
YNR040W,YML015C,0,0.30309105,0.11053652316331863,0.8507462739944458,0.6883441805839539
YJL123C,YDR421W,0,0.30281487,0.11052223294973373,0.8507462739944458,0.688444197177887
YCR052W,YOR177C,0,0.30277476,0.11050795018672943,0.8507462739944458,0.6885442733764648
YKL222C,YER035W,0,0.30248073,0.11049366742372513,0.8507462739944458,0.6886443495750427
YLR422W,YBR136W,0,0.30246425,0.11047939211130142,0.8507462739944458,0.6887443661689758
YDL035C,YNL314W,0,0.30245194,0.11046511679887772,0.8507462739944458,0.6888444423675537
YMR013C,YOL076W,0,0.3021942,0.1104508489370346,0.8507462739944458,0.6889444589614868
YNL219C,YGR216C,0,0.3020592,0.1104365810751915,0.8507462739944458,0.6890445351600647
YGR179C,YLR098C,0,0.30193093,0.11042231321334839,0.8507462739944458,0.6891445517539978
YJR027W,YOR216C,0,0.3017245,0.11040806025266647,0.8507462739944458,0.6892446279525757
YBL045C,YBR139W,0,0.30171362,0.11039379984140396,0.8507462739944458,0.6893446445465088
YPL163C,YGR175C,0,0.30168197,0.11037955433130264,0.8507462739944458,0.6894447207450867
YDL138W,YGR169C-A,0,0.3014374,0.11036530137062073,0.8507462739944458,0.6895447969436646
YOR076C,YFL038C,1,0.30141294,0.11048012226819992,0.8517413139343262,0.6895447969436646
YCR093W,YPL042C,1,0.30130678,0.11059491336345673,0.8527362942695618,0.6895447969436646
YNL097C,YLR097C,0,0.30118912,0.11058064550161362,0.8527362942695618,0.6896448135375977
YDR188W,YOR021C,0,0.30078855,0.11056637763977051,0.8527362942695618,0.6897448897361755
YDR325W,YDL119C,0,0.30078223,0.110552117228508,0.8527362942695618,0.6898449063301086
YJR151C,YOR251C,0,0.30077142,0.11053785681724548,0.8527362942695618,0.6899449825286865
YNL142W,YHR105W,0,0.30058938,0.11052360385656357,0.8527362942695618,0.6900449991226196
YGL130W,YML066C,0,0.30054647,0.11050935089588165,0.8527362942695618,0.6901450753211975
YNL124W,YLR034C,0,0.30053195,0.11049509793519974,0.8527362942695618,0.6902451515197754
YAL013W,YPR011C,0,0.30031344,0.11048085242509842,0.8527362942695618,0.6903451681137085
YMR282C,YOR141C,0,0.30030957,0.1104666143655777,0.8527362942695618,0.6904452443122864
YLL054C,YOL059W,0,0.2999638,0.11045237630605698,0.8527362942695618,0.6905452609062195
YDL119C,YDR293C,0,0.299593,0.11043814569711685,0.8527362942695618,0.6906453371047974
YLL025W,YGL244W,0,0.29918966,0.11042391508817673,0.8527362942695618,0.6907453536987305
YPL091W,YJL090C,0,0.29909474,0.1104096919298172,0.8527362942695618,0.6908454298973083
YBR221C,YLL045C,0,0.2990934,0.11039546877145767,0.8527362942695618,0.6909454464912415
YDL193W,YER118C,0,0.29866263,0.11038124561309814,0.8527362942695618,0.6910455226898193
YPL118W,YBL045C,0,0.2984232,0.11036702990531921,0.8527362942695618,0.6911455988883972
YML118W,YHR114W,0,0.2984085,0.11035282164812088,0.8527362942695618,0.6912456154823303
YLR070C,YDR218C,0,0.29828218,0.11033861339092255,0.8527362942695618,0.6913456916809082
YPR026W,YDR233C,0,0.29787418,0.11032440513372421,0.8527362942695618,0.6914457082748413
YHL039W,YMR039C,0,0.29786122,0.11031020432710648,0.8527362942695618,0.6915457844734192
YPL220W,YKL060C,0,0.2976357,0.11029601097106934,0.8527362942695618,0.6916458010673523
YPL090C,YBR059C,0,0.29716852,0.1102818176150322,0.8527362942695618,0.6917458772659302
YHR160C,YGR216C,0,0.2970343,0.11026762425899506,0.8527362942695618,0.6918458938598633
YKR080W,YPL041C,0,0.29663607,0.11025343835353851,0.8527362942695618,0.6919459700584412
YDR164C,YPR003C,0,0.29656327,0.11023925989866257,0.8527362942695618,0.692046046257019
YPR193C,YNR071C,0,0.29627082,0.11022508144378662,0.8527362942695618,0.6921460628509521
YER101C,YNL031C,0,0.2958204,0.11021090298891068,0.8527362942695618,0.69224613904953
YML076C,YOL008W,0,0.2956272,0.11019673198461533,0.8527362942695618,0.6923461556434631
YHR025W,YGR091W,0,0.29552415,0.11018256843090057,0.8527362942695618,0.692446231842041
YLR023C,YGR075C,0,0.2953614,0.11016840487718582,0.8527362942695618,0.6925462484359741
YKR027W,YGL175C,0,0.2949882,0.11015424132347107,0.8527362942695618,0.692646324634552
YOR166C,YGL213C,1,0.29492682,0.11026860028505325,0.8537313342094421,0.692646324634552
YPR149W,YGR067C,0,0.2948437,0.1102544367313385,0.8537313342094421,0.6927464008331299
YKR103W,YCL056C,0,0.29479954,0.11024026572704315,0.8537313342094421,0.692846417427063
YIL009C-A,YGL150C,0,0.29440805,0.1102261021733284,0.8537313342094421,0.6929464936256409
YOL013C,YNL038W,0,0.2940114,0.11021194607019424,0.8537313342094421,0.693046510219574
YGR255C,YDL025C,0,0.29387632,0.11019778996706009,0.8537313342094421,0.6931465864181519
YJR155W,YGR206W,0,0.29385117,0.11018364131450653,0.8537313342094421,0.693246603012085
YMR145C,YDR444W,0,0.29365677,0.11016949266195297,0.8537313342094421,0.6933466792106628
YPL178W,YJL093C,0,0.2936249,0.11015534400939941,0.8537313342094421,0.693446695804596
YOR251C,YMR046C,0,0.29311255,0.11014121025800705,0.8537313342094421,0.6935467720031738
YBR111W-A,YKL090W,1,0.29277414,0.1102554202079773,0.8547263741493225,0.6935467720031738
YBR186W,YBR223C,0,0.29259503,0.11024127155542374,0.8547263741493225,0.6936468482017517
YHL038C,YCL074W,0,0.29253736,0.11022713035345078,0.8547263741493225,0.6937468647956848
YAL035W,YGR180C,0,0.2924805,0.11021298170089722,0.8547263741493225,0.6938469409942627
YGR213C,YMR315W,0,0.29191777,0.11019884794950485,0.8547263741493225,0.6939469575881958
YAL058W,YNL273W,0,0.291913,0.11018470674753189,0.8547263741493225,0.6940470337867737
YPR175W,YMR158W,0,0.29153326,0.11017058044672012,0.8547263741493225,0.6941470503807068
YML042W,YOL152W,0,0.29118112,0.11015644669532776,0.8547263741493225,0.6942471265792847
YBR163W,YHR110W,0,0.29091373,0.11014232784509659,0.8547263741493225,0.6943472027778625
YGL196W,YCR100C,0,0.29043004,0.11012820154428482,0.8547263741493225,0.6944472193717957
YPL002C,YOR145C,0,0.29029402,0.11011409014463425,0.8547263741493225,0.6945472955703735
YDR110W,YKL037W,0,0.2902424,0.11009997129440308,0.8547263741493225,0.6946473121643066
YGR216C,YHR051W,0,0.29002357,0.1100858673453331,0.8547263741493225,0.6947473883628845
YGL246C,YGL048C,1,0.2893893,0.11019989848136902,0.8557214140892029,0.6947473883628845
YJL097W,YBR278W,0,0.28934807,0.11018577963113785,0.8557214140892029,0.6948474049568176
YOR083W,YGL209W,0,0.2892969,0.11017166078090668,0.8557214140892029,0.6949474811553955
YNL213C,YDL229W,0,0.28920016,0.1101575493812561,0.8557214140892029,0.6950474977493286
YLL029W,YDL079C,0,0.28915313,0.11014344543218613,0.8557214140892029,0.6951475739479065
YLR383W,YGR092W,0,0.28908798,0.11012934148311615,0.8557214140892029,0.6952476501464844
YBR200W,YBL019W,0,0.28903812,0.11011523753404617,0.8557214140892029,0.6953476667404175
YCL075W,YHR122W,0,0.28897402,0.1101011410355568,0.8557214140892029,0.6954477429389954
YOL107W,YLR154C,0,0.28872624,0.11008704453706741,0.8557214140892029,0.6955477595329285
YKL039W,YGR078C,0,0.28870144,0.11007295548915863,0.8557214140892029,0.6956478357315063
YLL054C,YFL042C,0,0.28862002,0.11005886644124985,0.8557214140892029,0.6957478523254395
YJL090C,YGL077C,0,0.2882056,0.11004478484392166,0.8557214140892029,0.6958479285240173
YOR045W,YGL226C-A,0,0.28806034,0.11003070324659348,0.8557214140892029,0.6959479451179504
YCR093W,YNL118C,1,0.28795525,0.11014455556869507,0.8567163944244385,0.6959479451179504
YNL156C,YLL056C,0,0.2877779,0.11013046652078629,0.8567163944244385,0.6960480213165283
YPR124W,YPL095C,0,0.28687337,0.1101163849234581,0.8567163944244385,0.6961480975151062
YKL129C,YJR103W,0,0.28666702,0.11010230332612991,0.8567163944244385,0.6962481141090393
YFR008W,YOL058W,0,0.28632626,0.11008822172880173,0.8567163944244385,0.6963481903076172
YMR024W,YDR033W,0,0.28630397,0.11007414758205414,0.8567163944244385,0.6964482069015503
YDR296W,YBR085W,0,0.28621802,0.11006008088588715,0.8567163944244385,0.6965482831001282
YBL103C-A,YOL155C,0,0.28591838,0.11004601418972015,0.8567163944244385,0.6966482996940613
YPL183W-A,YNL039W,0,0.28589827,0.11003194749355316,0.8567163944244385,0.6967483758926392
YMR282C,YMR146C,0,0.2857795,0.11001788824796677,0.8567163944244385,0.696848452091217
YMR056C,YDR218C,0,0.28571153,0.11000383645296097,0.8567163944244385,0.6969484686851501
YDR432W,YBR077C,0,0.28554305,0.10998977720737457,0.8567163944244385,0.697048544883728
YLR204W,YBR072W,0,0.28544912,0.10997573286294937,0.8567163944244385,0.6971485614776611
YPL239W,YHR151C,0,0.28526077,0.10996168851852417,0.8567163944244385,0.697248637676239
YKR029C,YMR282C,0,0.2851634,0.10994764417409897,0.8567163944244385,0.6973486542701721
YNL036W,YEL051W,0,0.28456458,0.10993360728025436,0.8567163944244385,0.69744873046875
YLR423C,YOR125C,0,0.28425768,0.10991957038640976,0.8567163944244385,0.6975487470626831
YLL054C,YNL167C,0,0.2840875,0.10990554094314575,0.8567163944244385,0.697648823261261
YLR383W,YJL107C,0,0.28401715,0.10989151149988174,0.8567163944244385,0.6977488994598389
YOR167C,YDR135C,0,0.28371245,0.10987748950719833,0.8567163944244385,0.697848916053772
YGL230C,YCR015C,0,0.28267634,0.10986346751451492,0.8567163944244385,0.6979489922523499
YMR153W,YDR283C,0,0.2826076,0.10984945297241211,0.8567163944244385,0.698049008846283
YIL151C,YPL123C,1,0.2825826,0.10996300727128983,0.8577114343643188,0.698049008846283
YEL077C,YML038C,0,0.28218156,0.10994897782802582,0.8577114343643188,0.6981490850448608
YLR204W,YPL214C,0,0.2820521,0.10993495583534241,0.8577114343643188,0.698249101638794
YKR023W,YOL033W,0,0.2820442,0.1099209412932396,0.8577114343643188,0.6983491778373718
YGL203C,YER089C,0,0.28191274,0.10990692675113678,0.8577114343643188,0.6984492540359497
YPL127C,YDR345C,0,0.28164953,0.10989291220903397,0.8577114343643188,0.6985492706298828
YOR391C,YNR073C,0,0.28152552,0.10987890511751175,0.8577114343643188,0.6986493468284607
YHR160C,YDL143W,0,0.28140613,0.10986489802598953,0.8577114343643188,0.6987493634223938
YOL009C,YHR210C,0,0.28118676,0.10985089838504791,0.8577114343643188,0.6988494396209717
YER001W,YLR441C,0,0.28102955,0.10983689874410629,0.8577114343643188,0.6989494562149048
YHL002W,YNL330C,0,0.28094524,0.10982290655374527,0.8577114343643188,0.6990495324134827
YCL001W-A,YHL036W,0,0.2805095,0.10980891436338425,0.8577114343643188,0.6991495490074158
YCL040W,YMR160W,0,0.2801263,0.10979492962360382,0.8577114343643188,0.6992496252059937
YGR148C,YNR067C,0,0.28010866,0.1097809448838234,0.8577114343643188,0.6993497014045715
YHR047C,YMR036C,0,0.27985945,0.10976696759462357,0.8577114343643188,0.6994497179985046
YKR085C,YGR036C,0,0.27977848,0.10975299030542374,0.8577114343643188,0.6995497941970825
YDL085W,YPL076W,0,0.27961227,0.1097390204668045,0.8577114343643188,0.6996498107910156
YIR003W,YNR055C,0,0.27949902,0.10972505062818527,0.8577114343643188,0.6997498869895935
YMR282C,YOR144C,0,0.27929503,0.10971108824014664,0.8577114343643188,0.6998499035835266
YLR413W,YMR290C,0,0.27885428,0.109697125852108,0.8577114343643188,0.6999499797821045
YPL202C,YBR278W,0,0.27875987,0.10968316346406937,0.8577114343643188,0.7000499963760376
YOL152W,YNL004W,0,0.27859467,0.10966920852661133,0.8577114343643188,0.7001500725746155
YIL004C,YDL193W,0,0.27853194,0.10965526103973389,0.8577114343643188,0.7002501487731934
YPR164W,YGL094C,1,0.27809083,0.10976850986480713,0.8587064743041992,0.7002501487731934
YPR129W,YMR040W,0,0.2776238,0.1097545474767685,0.8587064743041992,0.7003501653671265
YGR235C,YMR001C,0,0.27743015,0.10974059253931046,0.8587064743041992,0.7004502415657043
YDR059C,YMR046C,0,0.27736458,0.10972663760185242,0.8587064743041992,0.7005502581596375
YLL015W,YDR468C,0,0.2773534,0.10971269011497498,0.8587064743041992,0.7006503343582153
YKR029C,YBR160W,0,0.27699658,0.10969874262809753,0.8587064743041992,0.7007503509521484
YGR180C,YER164W,0,0.27685028,0.10968480259180069,0.8587064743041992,0.7008504271507263
YOL019W,YJR035W,0,0.27683395,0.10967086255550385,0.8587064743041992,0.7009505033493042
YPR198W,YKR103W,0,0.2764851,0.109656922519207,0.8587064743041992,0.7010505199432373
YNL062C,YNL280C,0,0.2764046,0.10964298993349075,0.8587064743041992,0.7011505961418152
YKR101W,YJR049C,0,0.276336,0.1096290647983551,0.8587064743041992,0.7012506127357483
YDL105W,YAR066W,0,0.27620912,0.10961513966321945,0.8587064743041992,0.7013506889343262
YJL107C,YML051W,0,0.27601412,0.1096012219786644,0.8587064743041992,0.7014507055282593
YPL168W,YLR134W,0,0.27592856,0.10958730429410934,0.8587064743041992,0.7015507817268372
YFR031C,YAR066W,0,0.27563623,0.10957338660955429,0.8587064743041992,0.7016507983207703
YDR354W,YHR042W,0,0.27514675,0.10955947637557983,0.8587064743041992,0.7017508745193481
YFL043C,YDR380W,0,0.27488732,0.10954557359218597,0.8587064743041992,0.701850950717926
YLL055W,YDL114W,0,0.2745088,0.10953166335821152,0.8587064743041992,0.7019509673118591
YNL006W,YPL041C,0,0.27423427,0.10951776802539825,0.8587064743041992,0.702051043510437
YML050W,YOR230W,0,0.2741799,0.10950387269258499,0.8587064743041992,0.7021510601043701
YJL143W,YBL045C,0,0.27416274,0.10948997735977173,0.8587064743041992,0.702251136302948
YER073W,YPL183W-A,0,0.2740378,0.10947608947753906,0.8587064743041992,0.7023511528968811
YDR315C,YAL021C,1,0.27387017,0.10958904027938843,0.8597015142440796,0.7023511528968811
YDR148C,YBL011W,0,0.27386957,0.10957514494657516,0.8597015142440796,0.702451229095459
YDL025C,YMR036C,0,0.27369156,0.1095612496137619,0.8597015142440796,0.7025513052940369
YLR054C,YLR238W,0,0.27365282,0.10954735428094864,0.8597015142440796,0.70265132188797
YNL239W,YHR005C,0,0.27340722,0.10953346639871597,0.8597015142440796,0.7027513980865479
YGL173C,YBR204C,0,0.27337375,0.1095195859670639,0.8597015142440796,0.702851414680481
YEL062W,YCR092C,0,0.2733041,0.10950570553541183,0.8597015142440796,0.7029514908790588
YGR169C-A,YLR314C,0,0.27274507,0.10949182510375977,0.8597015142440796,0.7030515074729919
YPR111W,YNL288W,1,0.2723247,0.10960466414690018,0.8606964945793152,0.7030515074729919
YNL191W,YLL025W,0,0.27208897,0.10959077626466751,0.8606964945793152,0.7031515836715698
YLR048W,YLL025W,0,0.2718598,0.10957689583301544,0.8606964945793152,0.7032516002655029
YHR133C,YPL149W,0,0.27183872,0.10956301540136337,0.8606964945793152,0.7033516764640808
YGL130W,YDR208W,0,0.27179697,0.1095491424202919,0.8606964945793152,0.7034517526626587
YOR068C,YML015C,0,0.27155355,0.10953526943922043,0.8606964945793152,0.7035517692565918
YFL017W-A,YGL051W,0,0.2715351,0.10952139645814896,0.8606964945793152,0.7036518454551697
YHR094C,YPR191W,0,0.2712709,0.10950753092765808,0.8606964945793152,0.7037518620491028
YPL159C,YCR092C,0,0.27066755,0.1094936728477478,0.8606964945793152,0.7038519382476807
YDR478W,YDR511W,0,0.27037862,0.10947981476783752,0.8606964945793152,0.7039519548416138
YML125C,YLR441C,0,0.27032405,0.10946595668792725,0.8606964945793152,0.7040520310401917
YGR068C,YBR275C,0,0.27024806,0.10945210605859756,0.8606964945793152,0.7041520476341248
YMR282C,YCR016W,0,0.27014053,0.10943825542926788,0.8606964945793152,0.7042521238327026
YKR095W,YGL095C,0,0.26997864,0.1094244122505188,0.8606964945793152,0.7043522000312805
YPR027C,YHR115C,0,0.2699558,0.10941057652235031,0.8606964945793152,0.7044522166252136
YNL142W,YNR076W,0,0.2697105,0.10939673334360123,0.8606964945793152,0.7045522928237915
YNR067C,YCL040W,0,0.2696528,0.10938290506601334,0.8606964945793152,0.7046523094177246
YHR133C,YLL007C,0,0.26947394,0.10936907678842545,0.8606964945793152,0.7047523856163025
YOL110W,YDR532C,0,0.2693555,0.10935524851083755,0.8606964945793152,0.7048524022102356
YIR014W,YPL040C,0,0.26926687,0.10934142023324966,0.8606964945793152,0.7049524784088135
YMR013C,YOL019W,0,0.26917377,0.10932760685682297,0.8606964945793152,0.7050525546073914
YJR105W,YLR228C,0,0.26905456,0.10931378602981567,0.8606964945793152,0.7051525712013245
YNL175C,YGR279C,0,0.2690164,0.10929997265338898,0.8606964945793152,0.7052526473999023
YOL097C,YBL023C,0,0.2687545,0.10928616672754288,0.8606964945793152,0.7053526639938354
YNL238W,YLR213C,0,0.26862538,0.10927236080169678,0.8606964945793152,0.7054527401924133
YNL196C,YLR445W,0,0.26850072,0.10925855487585068,0.8606964945793152,0.7055527567863464
YGR244C,YLR007W,0,0.2684261,0.10924475640058517,0.8606964945793152,0.7056528329849243
YLR227C,YGL245W,0,0.26827377,0.10923096537590027,0.8606964945793152,0.7057528495788574
YDR089W,YOL113W,0,0.26823306,0.10921717435121536,0.8606964945793152,0.7058529257774353
YDR009W,YDR072C,0,0.26783553,0.10920338332653046,0.8606964945793152,0.7059530019760132
YOR134W,YDL043C,0,0.26768032,0.10918959975242615,0.8606964945793152,0.7060530185699463
YHR168W,YJL225C,0,0.26764375,0.10917581617832184,0.8606964945793152,0.7061530947685242
YKL209C,YKL140W,0,0.267351,0.10916204005479813,0.8606964945793152,0.7062531113624573
YBR160W,YBR004C,0,0.26734456,0.10914826393127441,0.8606964945793152,0.7063531875610352
YOL009C,YML081C-A,0,0.2670056,0.1091344952583313,0.8606964945793152,0.7064532041549683
YIL087C,YLR314C,0,0.26696816,0.10912072658538818,0.8606964945793152,0.7065532803535461
YBR293W,YNL293W,0,0.26685056,0.10910696536302567,0.8606964945793152,0.7066532969474792
YMR210W,YDL212W,0,0.2664181,0.10909320414066315,0.8606964945793152,0.7067533731460571
YFL017W-A,YCR048W,0,0.26638198,0.10907944291830063,0.8606964945793152,0.706853449344635
YBR008C,YPL179W,0,0.26607838,0.10906568914651871,0.8606964945793152,0.7069534659385681
YML091C,YDR127W,0,0.26597193,0.10905194282531738,0.8606964945793152,0.707053542137146
YPL190C,YBL105C,1,0.26581922,0.10916425287723541,0.8616915345191956,0.707053542137146
YLR291C,YCL026C-B,0,0.2651425,0.1091504916548729,0.8616915345191956,0.7071535587310791
YOL044W,YBR004C,0,0.26512852,0.10913673788309097,0.8616915345191956,0.707253634929657
YPR009W,YPL055C,0,0.2651191,0.10912298411130905,0.8616915345191956,0.7073536515235901
YLR187W,YBR199W,0,0.2649897,0.10910923779010773,0.8616915345191956,0.707453727722168
YAR009C,YLR173W,0,0.26457405,0.1090954914689064,0.8616915345191956,0.7075538039207458
YKL012W,YBR214W,0,0.26454234,0.10908174514770508,0.8616915345191956,0.707653820514679
YJR049C,YGR052W,0,0.26424122,0.10906801372766495,0.8616915345191956,0.7077538967132568
YPL173W,YOR223W,0,0.26412305,0.10905427485704422,0.8616915345191956,0.7078539133071899
YOR270C,YNL334C,0,0.26400593,0.10904054343700409,0.8616915345191956,0.7079539895057678
YOR093C,YDL146W,0,0.26387042,0.10902681946754456,0.8616915345191956,0.7080540060997009
YDR089W,YMR039C,0,0.26374188,0.10901308804750443,0.8616915345191956,0.7081540822982788
YEL077C,YOR251C,0,0.2637104,0.10899937152862549,0.8616915345191956,0.7082540988922119
YJR151C,YLR226W,0,0.2635741,0.10898565500974655,0.8616915345191956,0.7083541750907898
YAL042W,YDL035C,0,0.26348922,0.10897193849086761,0.8616915345191956,0.7084542512893677
YFL014W,YPR165W,0,0.26326647,0.10895822942256927,0.8616915345191956,0.7085542678833008
YMR013C,YMR113W,0,0.26297128,0.10894452035427094,0.8616915345191956,0.7086543440818787
YNL188W,YBR223C,0,0.2629343,0.10893081873655319,0.8616915345191956,0.7087543606758118
YKL001C,YMR171C,0,0.26246428,0.10891711711883545,0.8616915345191956,0.7088544368743896
YJL127C-B,YNL004W,0,0.26232114,0.1089034229516983,0.8616915345191956,0.7089544534683228
YPL002C,YOR283W,0,0.26219973,0.10888972878456116,0.8616915345191956,0.7090545296669006
YDR028C,YIL156W,0,0.2618551,0.10887603461742401,0.8616915345191956,0.7091546058654785
YNL084C,YIL117C,0,0.2617148,0.10886234790086746,0.8616915345191956,0.7092546224594116
YGL233W,YBR033W,0,0.26154694,0.10884866863489151,0.8616915345191956,0.7093546986579895
YFL042C,YER181C,0,0.2615042,0.10883498936891556,0.8616915345191956,0.7094547152519226
YER015W,YPL123C,0,0.26127374,0.1088213101029396,0.8616915345191956,0.7095547914505005
YNL024C-A,YIL142W,0,0.2611511,0.10880763828754425,0.8616915345191956,0.7096548080444336
YNL279W,YBL019W,0,0.26106414,0.1087939664721489,0.8616915345191956,0.7097548842430115
YBR136W,YFR038W,0,0.26065913,0.10878030210733414,0.8616915345191956,0.7098549008369446
YPL075W,YMR029C,0,0.2602672,0.10876664519309998,0.8616915345191956,0.7099549770355225
YDL070W,YJR105W,0,0.26024106,0.10875298082828522,0.8616915345191956,0.7100550532341003
YNL202W,YER010C,0,0.26009807,0.10873932391405106,0.8616915345191956,0.7101550698280334
YLR363C,YDR293C,1,0.25958425,0.10885122418403625,0.8626865744590759,0.7101550698280334
YMR148W,YOR223W,0,0.25956103,0.1088375598192215,0.8626865744590759,0.7102551460266113
YOL013C,YJL178C,0,0.25930613,0.10882389545440674,0.8626865744590759,0.7103551626205444
YLL008W,YMR084W,0,0.2590759,0.10881023854017258,0.8626865744590759,0.7104552388191223
YML069W,YBL071W-A,0,0.25884506,0.10879658907651901,0.8626865744590759,0.7105552554130554
YNL260C,YHR187W,0,0.25868258,0.10878293961286545,0.8626865744590759,0.7106553316116333
YHL019C,YPR124W,0,0.2585499,0.10876929014921188,0.8626865744590759,0.7107553482055664
YDL095W,YDR067C,0,0.258247,0.10875564813613892,0.8626865744590759,0.7108554244041443
YDR302W,YGR279C,0,0.2581041,0.10874200612306595,0.8626865744590759,0.7109555006027222
YKL038W,YGL045W,0,0.2577516,0.10872836410999298,0.8626865744590759,0.7110555171966553
YHL035C,YPR011C,0,0.25758895,0.10871473699808121,0.8626865744590759,0.7111555933952332
YKL222C,YJL047C,0,0.25754493,0.10870110243558884,0.8626865744590759,0.7112556099891663
YER168C,YLR154W-C,0,0.25740156,0.10868747532367706,0.8626865744590759,0.7113556861877441
YER159C,YHR187W,0,0.25732616,0.10867385566234589,0.8626865744590759,0.7114557027816772
YGR244C,YIL050W,0,0.25726715,0.10866023600101471,0.8626865744590759,0.7115557789802551
YMR177W,YNL004W,0,0.25678125,0.10864661633968353,0.8626865744590759,0.711655855178833
YBR009C,YFL043C,0,0.25676963,0.10863300412893295,0.8626865744590759,0.7117558717727661
YGR254W,YGL207W,0,0.2566484,0.10861939191818237,0.8626865744590759,0.711855947971344
YOR093C,YMR084W,0,0.25655428,0.10860578715801239,0.8626865744590759,0.7119559645652771
YMR056C,YPL009C,0,0.25640717,0.10859218239784241,0.8626865744590759,0.712056040763855
YNL175C,YMR040W,0,0.25593385,0.10857858508825302,0.8626865744590759,0.7121560573577881
YML081C-A,YOR144C,0,0.25587806,0.10856498777866364,0.8626865744590759,0.712256133556366
YOL032W,YJL225C,0,0.25541142,0.10855139791965485,0.8626865744590759,0.7123561501502991
YDL223C,YBR251W,0,0.25523987,0.10853780806064606,0.8626865744590759,0.712456226348877
YKL032C,YOL075C,0,0.2545556,0.10852421820163727,0.8626865744590759,0.7125563025474548
YBR131W,YDR148C,0,0.25440297,0.10851063579320908,0.8626865744590759,0.7126563191413879
YIL177C,YLR114C,0,0.25433907,0.10849706083536148,0.8626865744590759,0.7127563953399658
YOR396W,YDR093W,0,0.25426316,0.10848348587751389,0.8626865744590759,0.7128564119338989
YLL054C,YDR233C,0,0.25402185,0.10846991091966629,0.8626865744590759,0.7129564881324768
YKR103W,YOL105C,0,0.25333995,0.10845634341239929,0.8626865744590759,0.7130565047264099
YJL155C,YBL106C,0,0.25330988,0.1084427759051323,0.8626865744590759,0.7131565809249878
YCR011C,YGL143C,0,0.25319344,0.10842921584844589,0.8626865744590759,0.7132566571235657
YKR049C,YDR210C-D,0,0.2531243,0.10841565579175949,0.8626865744590759,0.7133566737174988
YML095C,YMR036C,0,0.2523906,0.10840210318565369,0.8626865744590759,0.7134567499160767
YDL235C,YHL020C,0,0.25211927,0.10838855057954788,0.8626865744590759,0.7135567665100098
YLR204W,YBR200W,0,0.25204805,0.10837499797344208,0.8626865744590759,0.7136568427085876
YPL049C,YBR136W,0,0.25137037,0.10836145281791687,0.8626865744590759,0.7137568593025208
YLR404W,YJR029W,0,0.25126562,0.10834791511297226,0.8626865744590759,0.7138569355010986
YLR466W,YGL094C,0,0.2510976,0.10833437740802765,0.8626865744590759,0.7139569520950317
YIL177C,YFR030W,0,0.25105903,0.10832083970308304,0.8626865744590759,0.7140570282936096
YER069W,YPL149W,0,0.25054675,0.10830730944871902,0.8626865744590759,0.7141571044921875
YPR196W,YHR024C,0,0.25052968,0.10829377919435501,0.8626865744590759,0.7142571210861206
YPL013C,YHR033W,0,0.25030696,0.1082802563905716,0.8626865744590759,0.7143571972846985
YOL002C,YAL035W,0,0.2501868,0.10826673358678818,0.8626865744590759,0.7144572138786316
YLR419W,YFR031C,0,0.25012353,0.10825321823358536,0.8626865744590759,0.7145572900772095
YGR180C,YMR112C,0,0.2496452,0.10823970288038254,0.8626865744590759,0.7146573066711426
YDR456W,YPL123C,0,0.24944404,0.10822618752717972,0.8626865744590759,0.7147573828697205
YDR384C,YLL061W,0,0.24939722,0.1082126796245575,0.8626865744590759,0.7148573994636536
YER015W,YDR123C,0,0.24819818,0.10819917917251587,0.8626865744590759,0.7149574756622314
YNL224C,YKL221W,0,0.24791124,0.10818567872047424,0.8626865744590759,0.7150575518608093
YGR122W,YOL012C,1,0.24747202,0.1082969456911087,0.8636816143989563,0.7150575518608093
YLL055W,YBR077C,0,0.24737388,0.10828343033790588,0.8636816143989563,0.7151575684547424
YCL075W,YDR153C,0,0.24690375,0.10826992988586426,0.8636816143989563,0.7152576446533203
YHR047C,YHR162W,0,0.24669215,0.10825642198324203,0.8636816143989563,0.7153576612472534
YBR200W,YJL216C,0,0.246613,0.10824292153120041,0.8636816143989563,0.7154577374458313
YJR131W,YML069W,0,0.24640593,0.10822942852973938,0.8636816143989563,0.7155577540397644
YIL134W,YLR466W,0,0.24640271,0.10821593552827835,0.8636816143989563,0.7156578302383423
YAR020C,YDR318W,0,0.24619809,0.10820244252681732,0.8636816143989563,0.7157579064369202
YJL094C,YPR002W,0,0.24615905,0.10818895697593689,0.8636816143989563,0.7158579230308533
YCR048W,YMR049C,0,0.24561813,0.10817547142505646,0.8636816143989563,0.7159579992294312
YER015W,YLR073C,0,0.2454932,0.10816199332475662,0.8636816143989563,0.7160580158233643
YHR177W,YDL044C,0,0.24546883,0.10814851522445679,0.8636816143989563,0.7161580920219421
YGL233W,YDR448W,0,0.2452521,0.10813504457473755,0.8636816143989563,0.7162581086158752
YJR159W,YNL224C,0,0.2447643,0.10812157392501831,0.8636816143989563,0.7163581848144531
YBL010C,YHL036W,0,0.24451107,0.10810811072587967,0.8636816143989563,0.7164582014083862
YOR381W,YIL156W,0,0.24398729,0.10809464752674103,0.8636816143989563,0.7165582776069641
YNL283C,YOR136W,0,0.24385253,0.10808118432760239,0.8636816143989563,0.716658353805542
YOR391C,YER030W,0,0.24376708,0.10806772857904434,0.8636816143989563,0.7167583703994751
YBR040W,YMR224C,0,0.24371177,0.1080542728304863,0.8636816143989563,0.716858446598053
YLR077W,YDR155C,0,0.24322379,0.10804082453250885,0.8636816143989563,0.7169584631919861
YGL162W,YOR134W,0,0.2423096,0.108027383685112,0.8636816143989563,0.717058539390564
YBL080C,YGL208W,0,0.24227515,0.10801393538713455,0.8636816143989563,0.7171585559844971
YKL211C,YOR172W,0,0.24226937,0.1080004945397377,0.8636816143989563,0.717258632183075
YIL082W-A,YPL076W,0,0.24213359,0.10798706114292145,0.8636816143989563,0.7173587083816528
YNL293W,YHR172W,0,0.2420474,0.1079736277461052,0.8636816143989563,0.7174587249755859
YER050C,YNL196C,0,0.24199548,0.10796020179986954,0.8636816143989563,0.7175588011741638
YJR088C,YKL059C,0,0.24184805,0.10794677585363388,0.8636816143989563,0.7176588177680969
YCR014C,YGR174C,0,0.24183074,0.10793334990739822,0.8636816143989563,0.7177588939666748
YNL240C,YDR188W,0,0.24169645,0.10791993141174316,0.8636816143989563,0.7178589105606079
YOL002C,YCL026C-B,0,0.24143004,0.1079065129160881,0.8636816143989563,0.7179589867591858
YOR077W,YPR145W,0,0.24118337,0.10789310187101364,0.8636816143989563,0.7180590033531189
YJL094C,YDL135C,0,0.24098366,0.10787969082593918,0.8636816143989563,0.7181590795516968
YDL046W,YDR126W,0,0.24090901,0.10786628723144531,0.8636816143989563,0.7182591557502747
YGR058W,YNL322C,0,0.24078569,0.10785288363695145,0.8636816143989563,0.7183591723442078
YDR343C,YDR001C,0,0.24025723,0.10783948004245758,0.8636816143989563,0.7184592485427856
YDR074W,YML081C-A,0,0.2401078,0.10782608389854431,0.8636816143989563,0.7185592651367188
YPL047W,YLR086W,0,0.23979566,0.10781269520521164,0.8636816143989563,0.7186593413352966
YGR168C,YDR233C,0,0.23979047,0.10779930651187897,0.8636816143989563,0.7187593579292297
YEL064C,YMR287C,0,0.23972812,0.1077859178185463,0.8636816143989563,0.7188594341278076
YPL026C,YIR022W,0,0.23970705,0.10777253657579422,0.8636816143989563,0.7189594507217407
YBR200W,YGR279C,0,0.23964229,0.10775915533304214,0.8636816143989563,0.7190595269203186
YIL082W-A,YPL013C,0,0.23962176,0.10774578154087067,0.8636816143989563,0.7191596031188965
YBR080C,YAL051W,0,0.2395451,0.10773240774869919,0.8636816143989563,0.7192596197128296
YOR070C,YKL088W,0,0.2395123,0.10771903395652771,0.8636816143989563,0.7193596959114075
YDL235C,YLR081W,0,0.2389628,0.10770566761493683,0.8636816143989563,0.7194597125053406
YAL058W,YCR052W,0,0.23876625,0.10769230872392654,0.8636816143989563,0.7195597887039185
YAL056W,YKL043W,0,0.23849809,0.10767894983291626,0.8636816143989563,0.7196598052978516
YHR133C,YLR135W,0,0.23837724,0.10766559094190598,0.8636816143989563,0.7197598814964294
YPR025C,YAL031C,0,0.23827526,0.10765223950147629,0.8636816143989563,0.7198599576950073
YGR005C,YKL088W,0,0.2378087,0.1076388880610466,0.8636816143989563,0.7199599742889404
YNL136W,YDR293C,0,0.23742586,0.10762554407119751,0.8636816143989563,0.7200600504875183
YDR356W,YJR029W,0,0.23742038,0.10761220008134842,0.8636816143989563,0.7201600670814514
YHL018W,YNL335W,0,0.23725927,0.10759885609149933,0.8636816143989563,0.7202601432800293
YDL089W,YOR141C,0,0.23697516,0.10758551955223083,0.8636816143989563,0.7203601598739624
YMR024W,YDL088C,0,0.23672825,0.10757219046354294,0.8636816143989563,0.7204602360725403
YKL012W,YGL021W,0,0.23607829,0.10755886137485504,0.8636816143989563,0.7205602526664734
YIL068C,YNL167C,0,0.23602042,0.10754553228616714,0.8636816143989563,0.7206603288650513
YGR046W,YKL062W,0,0.23582762,0.10753221064805984,0.8636816143989563,0.7207604050636292
YOL054W,YFL062W,0,0.23566669,0.10751888900995255,0.8636816143989563,0.7208604216575623
YER007W,YOR315W,0,0.23542106,0.10750557482242584,0.8636816143989563,0.7209604978561401
YHR094C,YLR277C,0,0.23534808,0.10749226063489914,0.8636816143989563,0.7210605144500732
YML010W,YDL247W,0,0.23524913,0.10747894644737244,0.8636816143989563,0.7211605906486511
YER015W,YKR065C,0,0.23467311,0.10746563971042633,0.8636816143989563,0.7212606072425842
YDL171C,YPR145W,0,0.2344589,0.10745234042406082,0.8636816143989563,0.7213606834411621
YJR040W,YLR256W,0,0.23422709,0.10743904113769531,0.8636816143989563,0.72146075963974
YHR110W,YOR141C,0,0.23406526,0.1074257418513298,0.8636816143989563,0.7215607762336731
YCR093W,YPL190C,1,0.2340582,0.1075361967086792,0.8646765947341919,0.7215607762336731
YLL024C,YKL037W,0,0.23378393,0.1075228899717331,0.8646765947341919,0.721660852432251
YER052C,YBR188C,0,0.23375139,0.10750959068536758,0.8646765947341919,0.7217608690261841
YHR122W,YGR217W,0,0.23370445,0.10749629139900208,0.8646765947341919,0.721860945224762
YDL106C,YLL042C,0,0.23354241,0.10748299211263657,0.8646765947341919,0.7219609618186951
YLR178C,YDR105C,0,0.23344836,0.10746970027685165,0.8646765947341919,0.722061038017273
YKL097W-A,YOR145C,0,0.23267514,0.10745640844106674,0.8646765947341919,0.722161054611206
YOR346W,YJR103W,0,0.23258868,0.10744312405586243,0.8646765947341919,0.7222611308097839
YML099C,YGR067C,0,0.23201114,0.10742983967065811,0.8646765947341919,0.7223612070083618
YOR190W,YHL012W,0,0.23165664,0.1074165627360344,0.8646765947341919,0.7224612236022949
YPL127C,YPL157W,0,0.23149168,0.10740328580141068,0.8646765947341919,0.7225612998008728
YPL168W,YBR163W,0,0.23075497,0.10739001631736755,0.8646765947341919,0.7226613163948059
YNL213C,YNL176C,0,0.23066917,0.10737674683332443,0.8646765947341919,0.7227613925933838
YNL325C,YBR290W,0,0.23008242,0.10736347734928131,0.8646765947341919,0.7228614091873169
YHR041C,YBL071W-A,0,0.23007193,0.10735021531581879,0.8646765947341919,0.7229614853858948
YGR216C,YGL009C,0,0.22990975,0.10733695328235626,0.8646765947341919,0.7230615019798279
YMR297W,YBR251W,0,0.22959134,0.10732369869947433,0.8646765947341919,0.7231615781784058
YPL183W-A,YDL210W,0,0.22947833,0.10731044411659241,0.8646765947341919,0.7232616543769836
YGR148C,YBR025C,0,0.22933066,0.10729719698429108,0.8646765947341919,0.7233616709709167
YHL042W,YLR383W,0,0.22919756,0.10728394985198975,0.8646765947341919,0.7234617471694946
YIL030C,YBR278W,0,0.22901085,0.10727071017026901,0.8646765947341919,0.7235617637634277
YOR275C,YDL080C,0,0.22900489,0.10725747048854828,0.8646765947341919,0.7236618399620056
YFR030W,YOR038C,0,0.22894967,0.10724423080682755,0.8646765947341919,0.7237618565559387
YLR291C,YPR145W,0,0.2287165,0.10723099857568741,0.8646765947341919,0.7238619327545166
YLR333C,YML006C,0,0.22864738,0.10721776634454727,0.8646765947341919,0.7239620089530945
YHR115C,YHR042W,0,0.22856411,0.10720454156398773,0.8646765947341919,0.7240620255470276
YBR092C,YPL195W,0,0.22849733,0.10719131678342819,0.8646765947341919,0.7241621017456055
YMR084W,YBL019W,0,0.22841442,0.10717809200286865,0.8646765947341919,0.7242621183395386
YNL318C,YNL039W,0,0.22808608,0.1071648821234703,0.8646765947341919,0.7243621945381165
YAL048C,YDR067C,0,0.22739488,0.10715166479349136,0.8646765947341919,0.7244622111320496
YBR106W,YJR153W,0,0.22716966,0.10713845491409302,0.8646765947341919,0.7245622873306274
YKR075C,YNL116W,0,0.2271358,0.10712524503469467,0.8646765947341919,0.7246623039245605
YDR354W,YER103W,0,0.22700837,0.10711204260587692,0.8646765947341919,0.7247623801231384
YLR404W,YKL054C,0,0.22695312,0.10709884017705917,0.8646765947341919,0.7248624563217163
YDR264C,YDL166C,0,0.22665069,0.10708564519882202,0.8646765947341919,0.7249624729156494
YCR052W,YOR010C,0,0.2265777,0.10707245022058487,0.8646765947341919,0.7250625491142273
YNR062C,YLR204W,0,0.22632256,0.10705925524234772,0.8646765947341919,0.7251625657081604
YLR007W,YNL312W,0,0.22621477,0.10704606771469116,0.8646765947341919,0.7252626419067383
YBR122C,YNL335W,0,0.22611532,0.1070328876376152,0.8646765947341919,0.7253626585006714
YPL163C,YIR022W,0,0.22605303,0.10701970756053925,0.8646765947341919,0.7254627346992493
YHR187W,YBR093C,0,0.22601542,0.10700652748346329,0.8646765947341919,0.7255628108978271
YGL011C,YJR017C,0,0.22588488,0.10699335485696793,0.8646765947341919,0.7256628274917603
YGR157W,YPR098C,0,0.2252475,0.10698018223047256,0.8646765947341919,0.7257629036903381
YDL108W,YHR182W,0,0.22481811,0.1069670096039772,0.8646765947341919,0.7258629202842712
YIR031C,YDL245C,0,0.22466573,0.10695384442806244,0.8646765947341919,0.7259629964828491
YER048W-A,YOR089C,0,0.22443089,0.10694068670272827,0.8646765947341919,0.7260630130767822
YHR199C,YIL034C,0,0.22435293,0.1069275289773941,0.8646765947341919,0.7261630892753601
YMR177W,YKL060C,0,0.22413725,0.10691437125205994,0.8646765947341919,0.7262631058692932
YLR227C,YMR074C,0,0.22412482,0.10690122097730637,0.8646765947341919,0.7263631820678711
YHR210C,YER101C,0,0.22407237,0.1068880707025528,0.8646765947341919,0.726463258266449
YDL105W,YLR337C,0,0.22353277,0.10687492042779922,0.8646765947341919,0.7265632748603821
YER088C,YHL018W,0,0.2233884,0.10686177760362625,0.8646765947341919,0.72666335105896
YBR200W,YOR380W,0,0.22330359,0.10684864223003387,0.8646765947341919,0.7267633676528931
YMR051C,YBR044C,0,0.22324187,0.1068355068564415,0.8646765947341919,0.726863443851471
YPL010W,YMR209C,0,0.2230691,0.10682237148284912,0.8646765947341919,0.726963460445404
YOL095C,YOR216C,0,0.22288641,0.10680924355983734,0.8646765947341919,0.7270635366439819
YIL177C,YHR183W,0,0.22282073,0.10679611563682556,0.8646765947341919,0.727163553237915
YGR275W,YDR518W,0,0.22250947,0.10678299516439438,0.8646765947341919,0.7272636294364929
YDR127W,YPL084W,0,0.22249854,0.1067698746919632,0.8646765947341919,0.7273637056350708
YMR264W,YGR099W,0,0.22236478,0.10675675421953201,0.8646765947341919,0.7274637222290039
YNL134C,YPR119W,0,0.22176805,0.10674364119768143,0.8646765947341919,0.7275637984275818
YIL177C,YKL217W,0,0.22167692,0.10673053562641144,0.8646765947341919,0.7276638150215149
YCR092C,YML051W,0,0.22166947,0.10671742260456085,0.8646765947341919,0.7277638912200928
YDR072C,YDR148C,0,0.22155789,0.10670432448387146,0.8646765947341919,0.7278639078140259
YIL030C,YMR264W,0,0.22154278,0.10669121891260147,0.8646765947341919,0.7279639840126038
YPR067W,YGL175C,0,0.22117653,0.10667812079191208,0.8646765947341919,0.7280640602111816
YGR048W,YJR100C,0,0.22114447,0.10666503012180328,0.8646765947341919,0.7281640768051147
YIL065C,YOR391C,0,0.22100356,0.10665193945169449,0.8646765947341919,0.7282641530036926
YBR009C,YFL059W,0,0.2208958,0.1066388487815857,0.8646765947341919,0.7283641695976257
YBR059C,YLR064W,0,0.22056335,0.1066257655620575,0.8646765947341919,0.7284642457962036
YKL057C,YCL058C,0,0.22008243,0.1066126823425293,0.8646765947341919,0.7285642623901367
YML010W,YCR048W,0,0.21929878,0.1065996065735817,0.8646765947341919,0.7286643385887146
YAR015W,YHR033W,0,0.21897146,0.1065865308046341,0.8646765947341919,0.7287643551826477
YLR207W,YOR343C-A,0,0.21859542,0.10657346248626709,0.8646765947341919,0.7288644313812256
YGL122C,YBL032W,1,0.21858725,0.10668301582336426,0.8656716346740723,0.7288644313812256
YHR177W,YDL066W,0,0.21816894,0.10666993260383606,0.8656716346740723,0.7289645075798035
YMR031C,YMR040W,0,0.21782601,0.10665685683488846,0.8656716346740723,0.7290645241737366
YGL009C,YMR051C,0,0.21779338,0.10664378851652145,0.8656716346740723,0.7291646003723145
YIR014W,YDR463W,0,0.21671256,0.10663071274757385,0.8656716346740723,0.7292646169662476
YDL064W,YOR316C,0,0.21670058,0.10661764442920685,0.8656716346740723,0.7293646931648254
YAL031C,YGL259W,0,0.21649191,0.10660458356142044,0.8656716346740723,0.7294647097587585
YDR001C,YBR004C,0,0.21621266,0.10659152269363403,0.8656716346740723,0.7295647859573364
YCL008C,YNL335W,0,0.21620971,0.10657846182584763,0.8656716346740723,0.7296648621559143
YML091C,YLR266C,0,0.21596873,0.10656540840864182,0.8656716346740723,0.7297648787498474
YIL087C,YHL018W,0,0.21582046,0.106552354991436,0.8656716346740723,0.7298649549484253
YLR213C,YNL134C,0,0.21502051,0.10653930902481079,0.8656716346740723,0.7299649715423584
YOR176W,YER068W,0,0.21486872,0.10652626305818558,0.8656716346740723,0.7300650477409363
YIL134W,YMR046C,0,0.21482682,0.10651322454214096,0.8656716346740723,0.7301650643348694
YFR008W,YDR254W,0,0.21460038,0.10650018602609634,0.8656716346740723,0.7302651405334473
YGL203C,YNL176C,0,0.2140738,0.10648714751005173,0.8656716346740723,0.7303651571273804
YCL067C,YGL237C,0,0.21344218,0.10647411644458771,0.8656716346740723,0.7304652333259583
YLR383W,YBL032W,0,0.21338314,0.10646108537912369,0.8656716346740723,0.7305653095245361
YGR104C,YCL040W,0,0.21331805,0.10644806176424026,0.8656716346740723,0.7306653261184692
YAR009C,YLR392C,0,0.21323457,0.10643503814935684,0.8656716346740723,0.7307654023170471
YOL013C,YAL054C,0,0.21322627,0.10642202198505402,0.8656716346740723,0.7308654189109802
YDL230W,YOR045W,0,0.21259451,0.1064089983701706,0.8656716346740723,0.7309654951095581
YLL053C,YNL314W,0,0.21258205,0.10639598965644836,0.8656716346740723,0.7310655117034912
YER065C,YGL150C,0,0.21251366,0.10638298094272614,0.8656716346740723,0.7311655879020691
YJL143W,YDR196C,0,0.21242635,0.1063699722290039,0.8656716346740723,0.7312656044960022
YGR148C,YDL143W,0,0.2122149,0.10635697096586227,0.8656716346740723,0.7313656806945801
YLR241W,YGR094W,0,0.2121701,0.10634396970272064,0.8656716346740723,0.731465756893158
YOR391C,YNL004W,0,0.21202306,0.10633096843957901,0.8656716346740723,0.7315657734870911
YBL103C-A,YGL009C,0,0.21165983,0.10631797462701797,0.8656716346740723,0.731665849685669
YJL155C,YOL103W,0,0.21159732,0.10630498826503754,0.8656716346740723,0.731765866279602
YDL235C,YPL069C,0,0.21157753,0.1062919944524765,0.8656716346740723,0.7318659424781799
YLR227C,YLR422W,0,0.21151817,0.10627901554107666,0.8656716346740723,0.731965959072113
YNL142W,YKR065C,0,0.21147272,0.10626602917909622,0.8656716346740723,0.7320660352706909
YDR148C,YLR004C,0,0.2114636,0.10625305026769638,0.8656716346740723,0.7321661114692688
YDR254W,YJL093C,0,0.21055171,0.10624007880687714,0.8656716346740723,0.7322661280632019
YFL062W,YPR127W,0,0.2104325,0.10622710734605789,0.8656716346740723,0.7323662042617798
YDR147W,YDR196C,0,0.21013339,0.10621413588523865,0.8656716346740723,0.7324662208557129
YLR204W,YPL015C,0,0.210123,0.106201171875,0.8656716346740723,0.7325662970542908
YLR190W,YPL084W,0,0.20947546,0.10618820786476135,0.8656716346740723,0.7326663136482239
YMR244C-A,YLR371W,0,0.20933095,0.1061752513051033,0.8656716346740723,0.7327663898468018
YGL234W,YIR024C,0,0.20932999,0.10616229474544525,0.8656716346740723,0.7328664064407349
YKR080W,YLR238W,0,0.20917019,0.1061493381857872,0.8656716346740723,0.7329664826393127
YNL202W,YHL036W,0,0.20877618,0.10613638907670975,0.8656716346740723,0.7330665588378906
YLR163C,YDR001C,0,0.20863089,0.10612344741821289,0.8656716346740723,0.7331665754318237
YCR077C,YBR170C,1,0.20847654,0.10623246431350708,0.8666666746139526,0.7331665754318237
YGL091C,YAR044W,0,0.20831883,0.10621951520442963,0.8666666746139526,0.7332666516304016
YOR216C,YBR298C,0,0.20819697,0.10620655864477158,0.8666666746139526,0.7333666682243347
YDL030W,YBR045C,0,0.20816025,0.10619360953569412,0.8666666746139526,0.7334667444229126
YCR105W,YGR169C-A,0,0.208143,0.10618066787719727,0.8666666746139526,0.7335667610168457
YGR140W,YLR165C,0,0.20785868,0.10616772621870041,0.8666666746139526,0.7336668372154236
YJR049C,YBR122C,0,0.20735914,0.10615478456020355,0.8666666746139526,0.7337668538093567
YKL001C,YBR275C,0,0.2065585,0.10614185035228729,0.8666666746139526,0.7338669300079346
YMR085W,YGL170C,0,0.2065377,0.10612891614437103,0.8666666746139526,0.7339670062065125
YMR295C,YIL064W,0,0.20620021,0.10611598193645477,0.8666666746139526,0.7340670228004456
YDL120W,YLR073C,0,0.20607871,0.10610305517911911,0.8666666746139526,0.7341670989990234
YJL144W,YDL143W,0,0.205713,0.10609013587236404,0.8666666746139526,0.7342671155929565
YLR319C,YOR291W,0,0.20569067,0.10607721656560898,0.8666666746139526,0.7343671917915344
YDR127W,YDR469W,0,0.20552512,0.10606429725885391,0.8666666746139526,0.7344672083854675
YBR293W,YOL105C,0,0.20549041,0.10605138540267944,0.8666666746139526,0.7345672845840454
YLR264W,YPL005W,0,0.20547923,0.10603847354650497,0.8666666746139526,0.7346673607826233
YKL186C,YDL132W,0,0.20496793,0.1060255616903305,0.8666666746139526,0.7347673773765564
YJL127C-B,YOR315W,0,0.20422491,0.10601265728473663,0.8666666746139526,0.7348674535751343
YDR527W,YER130C,0,0.20415898,0.10599975287914276,0.8666666746139526,0.7349674701690674
YKL059C,YDL078C,0,0.20415156,0.10598685592412949,0.8666666746139526,0.7350675463676453
YPL009C,YGL039W,0,0.20375583,0.10597396641969681,0.8666666746139526,0.7351675629615784
YMR244C-A,YIL142W,0,0.20362791,0.10596106946468353,0.8666666746139526,0.7352676391601562
YPL203W,YBR202W,0,0.20361862,0.10594817996025085,0.8666666746139526,0.7353676557540894
YDR409W,YGR055W,0,0.20287125,0.10593529790639877,0.8666666746139526,0.7354677319526672
YGL230C,YHR038W,0,0.20270872,0.10592241585254669,0.8666666746139526,0.7355678081512451
YJL144W,YEL024W,0,0.20245609,0.10590953379869461,0.8666666746139526,0.7356678247451782
YHR094C,YER101C,0,0.20245504,0.10589665919542313,0.8666666746139526,0.7357679009437561
YJR040W,YMR282C,0,0.2021265,0.10588378459215164,0.8666666746139526,0.7358679175376892
YGL009C,YKR024C,0,0.20210928,0.10587090998888016,0.8666666746139526,0.7359679937362671
YKR023W,YBL103C,0,0.20191553,0.10585804283618927,0.8666666746139526,0.7360680103302002
YAL007C,YGR169C-A,0,0.20142707,0.10584518313407898,0.8666666746139526,0.7361680865287781
YDR164C,YBR186W,0,0.20130241,0.10583232343196869,0.8666666746139526,0.736268162727356
YGL048C,YCR077C,1,0.20080924,0.10594095289707184,0.867661714553833,0.736268162727356
YJL006C,YGL259W,0,0.19960064,0.10592808574438095,0.867661714553833,0.7363681793212891
YJL214W,YHR171W,0,0.19944087,0.10591521859169006,0.867661714553833,0.7364682555198669
YBL045C,YHR172W,0,0.199382,0.10590235888957977,0.867661714553833,0.7365682721138
YEL062W,YGL115W,0,0.1993449,0.10588949918746948,0.867661714553833,0.7366683483123779
YDR356W,YJR137C,0,0.19877368,0.10587663948535919,0.867661714553833,0.736768364906311
YJR014W,YKL062W,0,0.19866513,0.1058637872338295,0.867661714553833,0.7368684411048889
YJL102W,YOL044W,0,0.19862813,0.1058509349822998,0.867661714553833,0.736968457698822
YBR129C,YOR319W,0,0.19859809,0.10583809018135071,0.867661714553833,0.7370685338973999
YGL009C,YKR057W,0,0.19826272,0.10582524538040161,0.867661714553833,0.7371686100959778
YBR106W,YDR481C,0,0.1976361,0.10581240057945251,0.867661714553833,0.7372686266899109
YLR183C,YKL086W,0,0.19755384,0.10579956322908401,0.867661714553833,0.7373687028884888
YNL238W,YAL048C,0,0.19750601,0.10578672587871552,0.867661714553833,0.7374687194824219
YGL209W,YHR204W,0,0.19749133,0.10577389597892761,0.867661714553833,0.7375687956809998
YJR027W,YMR084W,0,0.19734026,0.10576106607913971,0.867661714553833,0.7376688122749329
YJR006W,YGR048W,1,0.19708757,0.10586950927972794,0.8686566948890686,0.7376688122749329
YDL114W,YGR005C,0,0.19690308,0.10585667192935944,0.8686566948890686,0.7377688884735107
YOR175C,YPR165W,0,0.19676602,0.10584384202957153,0.8686566948890686,0.7378689050674438
YMR053C,YPR025C,0,0.19669107,0.10583101212978363,0.8686566948890686,0.7379689812660217
YGR276C,YLL006W,0,0.19661091,0.10581818222999573,0.8686566948890686,0.7380690574645996
YCR026C,YLR425W,0,0.1965332,0.10580535978078842,0.8686566948890686,0.7381690740585327
YOR176W,YIL176C,0,0.19641356,0.10579253733158112,0.8686566948890686,0.7382691502571106
YPL192C,YOR038C,0,0.19625515,0.10577971488237381,0.8686566948890686,0.7383691668510437
YNL081C,YBR122C,0,0.19571045,0.1057668998837471,0.8686566948890686,0.7384692430496216
YMR172W,YDR196C,0,0.19562295,0.10575408488512039,0.8686566948890686,0.7385692596435547
YDL235C,YHR047C,0,0.1946977,0.10574127733707428,0.8686566948890686,0.7386693358421326
YOL110W,YDR489W,0,0.19465551,0.10572846978902817,0.8686566948890686,0.7387694120407104
YOR042W,YOL044W,0,0.19358887,0.10571566969156265,0.8686566948890686,0.7388694286346436
YLR445W,YKL095W,0,0.19356683,0.10570286959409714,0.8686566948890686,0.7389695048332214
YDR248C,YKL054C,0,0.19334383,0.10569006949663162,0.8686566948890686,0.7390695214271545
YNL158W,YJL123C,0,0.1921685,0.1056772768497467,0.8686566948890686,0.7391695976257324
YJL155C,YKL057C,0,0.19184488,0.10566449165344238,0.8686566948890686,0.7392696142196655
YMR160W,YKR003W,0,0.19175807,0.10565169900655746,0.8686566948890686,0.7393696904182434
YDL150W,YHR047C,0,0.19168036,0.10563891381025314,0.8686566948890686,0.7394697070121765
YNR040W,YPR088C,0,0.19161949,0.10562613606452942,0.8686566948890686,0.7395697832107544
YIL015W,YLR249W,0,0.19105823,0.1056133583188057,0.8686566948890686,0.7396698594093323
YGR168C,YML078W,0,0.1910525,0.10560058057308197,0.8686566948890686,0.7397698760032654
YOL113W,YCR024C,0,0.1907073,0.10558781027793884,0.8686566948890686,0.7398699522018433
YHR133C,YGR047C,0,0.19029638,0.10557503998279572,0.8686566948890686,0.7399699687957764
YKR051W,YGL139W,0,0.1899977,0.10556226968765259,0.8686566948890686,0.7400700449943542
YPR003C,YOR380W,0,0.18968515,0.10554950684309006,0.8686566948890686,0.7401700615882874
YPR073C,YBL097W,0,0.1893475,0.10553675144910812,0.8686566948890686,0.7402701377868652
YGL130W,YDR314C,0,0.18933362,0.10552399605512619,0.8686566948890686,0.7403702139854431
YDR127W,YPL183W-A,0,0.18904,0.10551124066114426,0.8686566948890686,0.7404702305793762
YOL161C,YLR135W,0,0.18902239,0.10549849271774292,0.8686566948890686,0.7405703067779541
YOR262W,YKR061W,0,0.18887067,0.10548574477434158,0.8686566948890686,0.7406703233718872
YER066W,YBL045C,0,0.18871337,0.10547299683094025,0.8686566948890686,0.7407703995704651
YOR119C,YDR072C,0,0.18850735,0.1054602563381195,0.8686566948890686,0.7408704161643982
YJL155C,YPR127W,0,0.18824069,0.10544751584529877,0.8686566948890686,0.7409704923629761
YPR027C,YHL019C,0,0.18807372,0.10543478280305862,0.8686566948890686,0.7410705089569092
YBR221C,YNL142W,0,0.18805999,0.10542204976081848,0.8686566948890686,0.7411705851554871
YKR023W,YGR250C,0,0.1873285,0.10540932416915894,0.8686566948890686,0.7412706613540649
YML046W,YFR030W,0,0.18677565,0.10539659857749939,0.8686566948890686,0.741370677947998
YLR228C,YPL123C,0,0.18608227,0.10538387298583984,0.8686566948890686,0.7414707541465759
YNL065W,YPL214C,0,0.1854786,0.1053711548447609,0.8686566948890686,0.741570770740509
YLR005W,YMR073C,0,0.18543372,0.10535843670368195,0.8686566948890686,0.7416708469390869
YNL149C,YIL142W,0,0.1850316,0.105345718562603,0.8686566948890686,0.74177086353302
YIL087C,YGR275W,0,0.1847752,0.10533300787210464,0.8686566948890686,0.7418709397315979
YIL075C,YMR171C,0,0.18448865,0.10532030463218689,0.8686566948890686,0.741970956325531
YCL047C,YNL273W,0,0.18438292,0.10530760139226913,0.8686566948890686,0.7420710325241089
YDR085C,YLR289W,0,0.1840863,0.10529489815235138,0.8686566948890686,0.7421711087226868
YHR142W,YBL035C,0,0.18354514,0.10528220236301422,0.8686566948890686,0.7422711253166199
YKL038W,YDR264C,0,0.18344077,0.10526950657367706,0.8686566948890686,0.7423712015151978
YJL107C,YML095C,0,0.18332078,0.1052568107843399,0.8686566948890686,0.7424712181091309
YMR113W,YIL075C,0,0.18284363,0.10524412244558334,0.8686566948890686,0.7425712943077087
YFR031C,YPR001W,0,0.1824083,0.10523143410682678,0.8686566948890686,0.7426713109016418
YAL054C,YKR003W,0,0.18240598,0.10521875321865082,0.8686566948890686,0.7427713871002197
YHR010W,YKL211C,0,0.18163268,0.10520607233047485,0.8686566948890686,0.7428714632987976
YNL219C,YLR345W,0,0.18079214,0.10519339889287949,0.8686566948890686,0.7429714798927307
YIL030C,YGR270W,0,0.18063053,0.10518072545528412,0.8686566948890686,0.7430715560913086
YHR182W,YBR204C,0,0.18052629,0.10516805201768875,0.8686566948890686,0.7431715726852417
YGR217W,YGR013W,0,0.18039587,0.10515538603067398,0.8686566948890686,0.7432716488838196
YDL030W,YOL075C,0,0.1802315,0.10514272004365921,0.8686566948890686,0.7433716654777527
YHL050C,YNR076W,0,0.17937094,0.10513006150722504,0.8686566948890686,0.7434717416763306
YNL221C,YKR084C,1,0.17933345,0.10523781180381775,0.869651734828949,0.7434717416763306
YGR042W,YHR182W,0,0.1793077,0.10522513836622238,0.869651734828949,0.7435717582702637
YMR044W,YDR481C,0,0.17915407,0.10521247237920761,0.869651734828949,0.7436718344688416
YOL100W,YPR042C,1,0.17894304,0.10532017052173615,0.8706467747688293,0.7436718344688416
YHR168W,YGL085W,0,0.17891788,0.10530749708414078,0.8706467747688293,0.7437719106674194
YPL002C,YDL080C,0,0.17879722,0.10529482364654541,0.8706467747688293,0.7438719272613525
YLR114C,YJL154C,0,0.17877837,0.10528215765953064,0.8706467747688293,0.7439720034599304
YBL080C,YOR316C,0,0.17848894,0.10526949167251587,0.8706467747688293,0.7440720200538635
YOR173W,YPL178W,1,0.17836204,0.10537712275981903,0.8716418147087097,0.7440720200538635
YGR244C,YPR055W,0,0.17812307,0.10536444187164307,0.8716418147087097,0.7441720962524414
YPL280W,YJL178C,0,0.17804824,0.1053517758846283,0.8716418147087097,0.7442721128463745
YBR008C,YNL305C,0,0.1780073,0.10533910244703293,0.8716418147087097,0.7443721890449524
YER027C,YNL031C,0,0.17791711,0.10532643646001816,0.8716418147087097,0.7444722652435303
YGL091C,YDL137W,0,0.17763558,0.10531377792358398,0.8716418147087097,0.7445722818374634
YOR229W,YNL334C,0,0.17740542,0.10530111938714981,0.8716418147087097,0.7446723580360413
YLL015W,YCR095C,0,0.17738566,0.10528846085071564,0.8716418147087097,0.7447723746299744
YPL150W,YML051W,0,0.17735885,0.10527580976486206,0.8716418147087097,0.7448724508285522
YDR153C,YOR158W,0,0.1773396,0.10526315867900848,0.8716418147087097,0.7449724674224854
YDR302W,YEL052W,0,0.17728171,0.10525050759315491,0.8716418147087097,0.7450725436210632
YNL202W,YMR156C,0,0.17721877,0.10523786395788193,0.8716418147087097,0.7451725602149963
YNL224C,YDR532C,0,0.17716816,0.10522522777318954,0.8716418147087097,0.7452726364135742
YPL021W,YER157W,0,0.17707816,0.10521258413791656,0.8716418147087097,0.7453727126121521
YIL117C,YJR155W,0,0.17704323,0.10519995540380478,0.8716418147087097,0.7454727292060852
YHR142W,YNR053C,0,0.17691547,0.1051873192191124,0.8716418147087097,0.7455728054046631
YLL015W,YBR014C,0,0.17666492,0.10517469048500061,0.8716418147087097,0.7456728219985962
YIL177C,YBR175W,0,0.17659232,0.10516206175088882,0.8716418147087097,0.7457728981971741
YDL099W,YKL190W,0,0.17648202,0.10514944046735764,0.8716418147087097,0.7458729147911072
YJL094C,YJR153W,0,0.17645094,0.10513681918382645,0.8716418147087097,0.7459729909896851
YCL059C,YDR448W,0,0.17591518,0.10512420535087585,0.8716418147087097,0.7460730075836182
YML050W,YER065C,0,0.17542227,0.10511159151792526,0.8716418147087097,0.746173083782196
YFR008W,YNL318C,0,0.17534435,0.10509897768497467,0.8716418147087097,0.7462731599807739
YHR042W,YHR155W,0,0.17525348,0.10508637130260468,0.8716418147087097,0.746373176574707
YHR175W,YLR249W,0,0.17524534,0.10507376492023468,0.8716418147087097,0.7464732527732849
YLR034C,YMR049C,0,0.17513771,0.10506116598844528,0.8716418147087097,0.746573269367218
YMR053C,YFR031C,0,0.17494717,0.10504856705665588,0.8716418147087097,0.7466733455657959
YER154W,YJR151C,0,0.17486772,0.10503596812486649,0.8716418147087097,0.746773362159729
YBR068C,YBR106W,0,0.17460626,0.10502337664365768,0.8716418147087097,0.7468734383583069
YDL095W,YDR127W,0,0.17445779,0.10501078516244888,0.8716418147087097,0.7469735145568848
YKR080W,YMR031C,0,0.17440328,0.10499820113182068,0.8716418147087097,0.7470735311508179
YMR210W,YNL305C,0,0.17390725,0.10498561710119247,0.8716418147087097,0.7471736073493958
YNL224C,YOL155C,0,0.17378835,0.10497304052114487,0.8716418147087097,0.7472736239433289
YLR213C,YLR430W,0,0.17327562,0.10496045649051666,0.8716418147087097,0.7473737001419067
YGL048C,YJR043C,1,0.17311156,0.10506769269704819,0.8726367950439453,0.7473737001419067
YKR049C,YPR088C,0,0.17311007,0.10505510121583939,0.8726367950439453,0.7474737167358398
YMR318C,YDR380W,0,0.17294061,0.10504251718521118,0.8726367950439453,0.7475737929344177
YPR111W,YPL178W,1,0.17269507,0.10514970123767853,0.8736318349838257,0.7475737929344177
YOR275C,YGL064C,0,0.1722881,0.10513710975646973,0.8736318349838257,0.7476738095283508
YLL053C,YDR211W,0,0.17181227,0.10512451827526093,0.8736318349838257,0.7477738857269287
YJL133W,YHR101C,0,0.17114355,0.10511193424463272,0.8736318349838257,0.7478739619255066
YBL045C,YMR315W,0,0.17101231,0.10509935021400452,0.8736318349838257,0.7479739785194397
YDR296W,YMR040W,0,0.17098388,0.10508677363395691,0.8736318349838257,0.7480740547180176
YGR254W,YDR302W,0,0.17064896,0.1050741970539093,0.8736318349838257,0.7481740713119507
YNL191W,YDR389W,0,0.17062387,0.10506162792444229,0.8736318349838257,0.7482741475105286
YDR093W,YOR316C,0,0.17007202,0.10504905134439468,0.8736318349838257,0.7483741641044617
YOR358W,YJR135W-A,0,0.16949432,0.10503648966550827,0.8736318349838257,0.7484742403030396
YBR161W,YMR272C,0,0.16945855,0.10502392053604126,0.8736318349838257,0.7485743165016174
YLR404W,YML001W,0,0.1692507,0.10501135885715485,0.8736318349838257,0.7486743330955505
YDR099W,YDR356W,0,0.16916233,0.10499880462884903,0.8736318349838257,0.7487744092941284
YHL039W,YMR046C,0,0.16886899,0.10498625040054321,0.8736318349838257,0.7488744258880615
YPL021W,YFR044C,0,0.16879942,0.1049736961722374,0.8736318349838257,0.7489745020866394
YMR271C,YIR024C,0,0.16874829,0.10496114939451218,0.8736318349838257,0.7490745186805725
YHL050C,YDR325W,0,0.1685667,0.10494860261678696,0.8736318349838257,0.7491745948791504
YDR356W,YDR393W,0,0.16838191,0.10493605583906174,0.8736318349838257,0.7492746114730835
YIL154C,YML069W,0,0.16812842,0.10492351651191711,0.8736318349838257,0.7493746876716614
YNL322C,YJR051W,0,0.16803595,0.10491098463535309,0.8736318349838257,0.7494747638702393
YLR345W,YJL044C,0,0.1680108,0.10489844530820847,0.8736318349838257,0.7495747804641724
YML051W,YOR270C,0,0.1678268,0.10488591343164444,0.8736318349838257,0.7496748566627502
YGR255C,YPL009C,0,0.16726315,0.10487338900566101,0.8736318349838257,0.7497748732566833
YDR440W,YDR497C,0,0.16697934,0.10486086457967758,0.8736318349838257,0.7498749494552612
YMR285C,YMR031C,0,0.1668862,0.10484834015369415,0.8736318349838257,0.7499749660491943
YOR175C,YDL146W,0,0.16639471,0.10483582317829132,0.8736318349838257,0.7500750422477722
YFL038C,YDR374C,1,0.16627315,0.1049426943063736,0.874626874923706,0.7500750422477722
YPL040C,YOL113W,0,0.16613162,0.10493016242980957,0.874626874923706,0.7501750588417053
YOL078W,YMR272C,0,0.16594028,0.10491763800382614,0.874626874923706,0.7502751350402832
YER115C,YLL056C,0,0.16589655,0.10490512102842331,0.874626874923706,0.7503752112388611
YAL007C,YGL121C,0,0.16569036,0.10489260405302048,0.874626874923706,0.7504752278327942
YKL038W,YPL095C,0,0.16547939,0.10488008707761765,0.874626874923706,0.7505753040313721
YCR077C,YGR122W,1,0.16536938,0.10498687624931335,0.8756219148635864,0.7505753040313721
YPL150W,YMR004W,0,0.16486952,0.10497435182332993,0.8756219148635864,0.7506753206253052
YGL091C,YAL031C,0,0.163791,0.1049618348479271,0.8756219148635864,0.7507753968238831
YLR207W,YDR444W,0,0.163479,0.10494931787252426,0.8756219148635864,0.7508754134178162
YGL051W,YIL176C,0,0.16346231,0.10493680089712143,0.8756219148635864,0.750975489616394
YAL048C,YDR116C,0,0.16312064,0.1049242839217186,0.8756219148635864,0.7510755658149719
YMR285C,YGR254W,0,0.16309613,0.10491178184747696,0.8756219148635864,0.751175582408905
YPL183W-A,YER020W,0,0.16305903,0.10489927232265472,0.8756219148635864,0.7512756586074829
YHR187W,YLR430W,0,0.16216373,0.10488677024841309,0.8756219148635864,0.751375675201416
YLR001C,YLR095C,0,0.16207328,0.10487426817417145,0.8756219148635864,0.7514757513999939
YDR040C,YER072W,0,0.1620214,0.1048617735505104,0.8756219148635864,0.751575767993927
YER048W-A,YGL143C,0,0.1618311,0.10484927892684937,0.8756219148635864,0.7516758441925049
YJR161C,YLR183C,0,0.1615329,0.10483679175376892,0.8756219148635864,0.751775860786438
YHL035C,YAL054C,0,0.16142741,0.10482429713010788,0.8756219148635864,0.7518759369850159
YGR168C,YJR050W,0,0.16063216,0.10481181740760803,0.8756219148635864,0.7519760131835938
YLL054C,YJR137C,0,0.16039404,0.10479933023452759,0.8756219148635864,0.7520760297775269
YMR153W,YPR198W,0,0.15977761,0.10478685051202774,0.8756219148635864,0.7521761059761047
YNL335W,YNR073C,0,0.15957001,0.10477437824010849,0.8756219148635864,0.7522761225700378
YGR250C,YOL019W,0,0.15903008,0.10476190596818924,0.8756219148635864,0.7523761987686157
YDL245C,YNL267W,0,0.15896453,0.10474943369626999,0.8756219148635864,0.7524762153625488
YLR408C,YLR081W,0,0.15869984,0.10473696887493134,0.8756219148635864,0.7525762915611267
YML042W,YLR004C,0,0.15788874,0.10472450405359268,0.8756219148635864,0.7526763677597046
YDR489W,YDR117C,0,0.15781952,0.10471203923225403,0.8756219148635864,0.7527763843536377
YBL100W-B,YLR004C,0,0.15711999,0.10469958186149597,0.8756219148635864,0.7528764605522156
YOL060C,YDL247W,0,0.1569547,0.10468713194131851,0.8756219148635864,0.7529764771461487
YIL065C,YPL091W,0,0.15682757,0.10467467457056046,0.8756219148635864,0.7530765533447266
YIL041W,YKL112W,0,0.15678903,0.104662224650383,0.8756219148635864,0.7531765699386597
YLR151C,YDR389W,0,0.15675968,0.10464978218078613,0.8756219148635864,0.7532766461372375
YKR055W,YLR455W,0,0.15658171,0.10463733971118927,0.8756219148635864,0.7533766627311707
YHR006W,YLL015W,0,0.1564475,0.10462489724159241,0.8756219148635864,0.7534767389297485
YPR193C,YDR281C,0,0.15609166,0.10461245477199554,0.8756219148635864,0.7535768151283264
YDR009W,YNL334C,0,0.15548897,0.10460002720355988,0.8756219148635864,0.7536768317222595
YDR151C,YOL100W,1,0.15534763,0.10470644384622574,0.876616895198822,0.7536768317222595
YFL017W-A,YHR183W,0,0.1551868,0.10469400137662888,0.876616895198822,0.7537769079208374
YDL135C,YKR017C,0,0.15495023,0.10468155890703201,0.876616895198822,0.7538769245147705
YHR175W,YNR071C,0,0.15433961,0.10466912388801575,0.876616895198822,0.7539770007133484
YOL059W,YMR046C,0,0.15428151,0.10465668886899948,0.876616895198822,0.7540770173072815
YLR134W,YOL089C,0,0.15420628,0.10464425384998322,0.876616895198822,0.7541770935058594
YNL213C,YDL119C,0,0.15420489,0.10463182628154755,0.876616895198822,0.7542771100997925
YOR172W,YLR077W,0,0.15368995,0.10461940616369247,0.876616895198822,0.7543771862983704
YDL245C,YKL126W,0,0.15330157,0.1046069785952568,0.876616895198822,0.7544772624969482
YMR175W,YNL318C,0,0.15319252,0.10459456592798233,0.876616895198822,0.7545772790908813
YCR014C,YKR101W,0,0.15306999,0.10458214581012726,0.876616895198822,0.7546773552894592
YOR381W,YBR107C,0,0.15257916,0.10456973314285278,0.876616895198822,0.7547773718833923
YFL059W,YDR444W,0,0.15169081,0.10455732047557831,0.876616895198822,0.7548774480819702
YLR445W,YDR020C,0,0.15167083,0.10454491525888443,0.876616895198822,0.7549774646759033
YOL161C,YJR100C,0,0.15131095,0.10453251004219055,0.876616895198822,0.7550775408744812
YPL168W,YGL037C,0,0.151231,0.10452011227607727,0.876616895198822,0.7551776170730591
YPR198W,YPL214C,0,0.15114126,0.10450770705938339,0.876616895198822,0.7552776336669922
YDR147W,YBL080C,0,0.15076238,0.10449531674385071,0.876616895198822,0.7553777098655701
YHR133C,YCL057W,0,0.15075973,0.10448291897773743,0.876616895198822,0.7554777264595032
YCR105W,YMR101C,0,0.15055987,0.10447053611278534,0.876616895198822,0.755577802658081
YPR067W,YNL190W,0,0.15021908,0.10445814579725266,0.876616895198822,0.7556778192520142
YGR287C,YKL208W,0,0.15010515,0.10444576293230057,0.876616895198822,0.755777895450592
YGR282C,YKR059W,0,0.15007755,0.10443338006734848,0.876616895198822,0.7558779120445251
YNL142W,YDL235C,0,0.15005974,0.10442100465297699,0.876616895198822,0.755977988243103
YNL283C,YGL203C,0,0.14997812,0.1044086292386055,0.876616895198822,0.7560780644416809
YIL117C,YLR417W,0,0.14960882,0.10439625382423401,0.876616895198822,0.756178081035614
YHR052W,YKL126W,0,0.14957795,0.10438388586044312,0.876616895198822,0.7562781572341919
YOR316C,YBL071W-A,0,0.14927164,0.10437151789665222,0.876616895198822,0.756378173828125
YLR392C,YNR050C,0,0.14871666,0.10435915738344193,0.876616895198822,0.7564782500267029
YOR190W,YMR174C,0,0.1486732,0.10434679687023163,0.876616895198822,0.756578266620636
YDR511W,YGL150C,0,0.1485103,0.10433443635702133,0.876616895198822,0.7566783428192139
YJL127C-B,YNL325C,0,0.14841788,0.10432208329439163,0.876616895198822,0.756778359413147
YHR149C,YLR064W,0,0.14807217,0.10430973023176193,0.876616895198822,0.7568784356117249
YOR230W,YJR137C,0,0.14806691,0.10429738461971283,0.876616895198822,0.7569785118103027
YGR042W,YPL008W,0,0.14792573,0.10428503900766373,0.876616895198822,0.7570785284042358
YLL061W,YNL095C,0,0.14767745,0.10427269339561462,0.876616895198822,0.7571786046028137
YMR154C,YDR444W,0,0.14755239,0.10426035523414612,0.876616895198822,0.7572786211967468
YIL015W,YMR060C,0,0.14740537,0.10424801707267761,0.876616895198822,0.7573786973953247
YNR060W,YGL058W,0,0.14708343,0.1042356863617897,0.876616895198822,0.7574787139892578
YNL334C,YER089C,0,0.14698833,0.1042233556509018,0.876616895198822,0.7575787901878357
YKR023W,YOR211C,0,0.1463655,0.10421102494001389,0.876616895198822,0.7576788663864136
YOL075C,YLR371W,0,0.14634448,0.10419870167970657,0.876616895198822,0.7577788829803467
YOL078W,YJL143W,0,0.14599226,0.10418637841939926,0.876616895198822,0.7578789591789246
YDL243C,YER092W,0,0.14581588,0.10417405515909195,0.876616895198822,0.7579789757728577
YLL048C,YHR033W,0,0.14570728,0.10416173934936523,0.876616895198822,0.7580790519714355
YNR036C,YDR468C,0,0.14548598,0.10414942353963852,0.876616895198822,0.7581790685653687
YOL019W,YMR133W,0,0.14468345,0.1041371151804924,0.876616895198822,0.7582791447639465
YEL038W,YBR293W,0,0.14453602,0.10412480682134628,0.876616895198822,0.7583791613578796
YGL060W,YHR010W,0,0.14408796,0.10411250591278076,0.876616895198822,0.7584792375564575
YDR314C,YLR238W,0,0.1438765,0.10410019755363464,0.876616895198822,0.7585793137550354
YER112W,YFR015C,0,0.14381407,0.10408790409564972,0.876616895198822,0.7586793303489685
YBL059C-A,YLR039C,0,0.14369768,0.1040756031870842,0.876616895198822,0.7587794065475464
YJR119C,YBR167C,1,0.14359654,0.1041814312338829,0.8776119351387024,0.7587794065475464
YOR177C,YGL039W,0,0.14354986,0.10416913032531738,0.8776119351387024,0.7588794231414795
YDR270W,YGR180C,0,0.14311433,0.10415682941675186,0.8776119351387024,0.7589794993400574
YBR111W-A,YDR280W,1,0.14293459,0.10426260530948639,0.8786069750785828,0.7589794993400574
YHL007C,YDL247W,0,0.14274201,0.10425029695034027,0.8786069750785828,0.7590795159339905
YNL283C,YOR251C,0,0.14244115,0.10423798859119415,0.8786069750785828,0.7591795921325684
YER048W-A,YLL048C,0,0.14243844,0.10422568768262863,0.8786069750785828,0.7592796683311462
YPL026C,YLR226W,0,0.1420537,0.10421338677406311,0.8786069750785828,0.7593796849250793
YIL015W,YPR191W,0,0.14163268,0.10420108586549759,0.8786069750785828,0.7594797611236572
YNL121C,YPL010W,0,0.14156808,0.10418879240751266,0.8786069750785828,0.7595797777175903
YOR264W,YMR076C,0,0.14136414,0.10417649894952774,0.8786069750785828,0.7596798539161682
YPR105C,YBL032W,0,0.14117524,0.10416420549154282,0.8786069750785828,0.7597798705101013
YMR044W,YCR026C,0,0.14102477,0.10415191948413849,0.8786069750785828,0.7598799467086792
YPL040C,YIL156W,0,0.14062877,0.10413964092731476,0.8786069750785828,0.7599799633026123
YBL042C,YNL260C,0,0.14060953,0.10412735491991043,0.8786069750785828,0.7600800395011902
YOR083W,YBR044C,0,0.1405636,0.1041150838136673,0.8786069750785828,0.7601801156997681
YNL202W,YOL095C,0,0.14044449,0.10410280525684357,0.8786069750785828,0.7602801322937012
YJL047C,YBR170C,1,0.14032248,0.10420841723680496,0.8796020150184631,0.7602801322937012
YCL008C,YLR226W,0,0.14005107,0.10419613122940063,0.8796020150184631,0.760380208492279
YLL061W,YDR489W,0,0.14001696,0.1041838526725769,0.8796020150184631,0.7604802250862122
YKL039W,YLR256W,0,0.1397585,0.10417157411575317,0.8796020150184631,0.76058030128479
YHR025W,YGR208W,0,0.13964239,0.10415930300951004,0.8796020150184631,0.7606803178787231
YGL009C,YNL190W,0,0.13949412,0.1041470319032669,0.8796020150184631,0.760780394077301
YNL224C,YNL314W,0,0.13923308,0.10413476079702377,0.8796020150184631,0.7608804106712341
YFR044C,YCL026C-B,0,0.13906851,0.10412249714136124,0.8796020150184631,0.760980486869812
YOL103W,YBL071W-A,0,0.13866065,0.1041102334856987,0.8796020150184631,0.7610805630683899
YNR036C,YCR015C,0,0.13817407,0.10409797728061676,0.8796020150184631,0.761180579662323
YLR453C,YMR196W,0,0.13748682,0.10408572107553482,0.8796020150184631,0.7612806558609009
YDL046W,YOR270C,0,0.13709041,0.10407346487045288,0.8796020150184631,0.761380672454834
YER070W,YPL252C,0,0.13673529,0.10406121611595154,0.8796020150184631,0.7614807486534119
YPL014W,YNL103W,0,0.13610959,0.1040489673614502,0.8796020150184631,0.761580765247345
YML081C-A,YER068W,0,0.13594249,0.10403671860694885,0.8796020150184631,0.7616808414459229
YNL216W,YDR233C,0,0.13573578,0.1040244773030281,0.8796020150184631,0.7617809176445007
YCL001W-A,YOL058W,0,0.13572893,0.10401223599910736,0.8796020150184631,0.7618809342384338
YDR074W,YNL147W,0,0.13572341,0.10400000214576721,0.8796020150184631,0.7619810104370117
YIL075C,YGR180C,0,0.13564543,0.10398776829242706,0.8796020150184631,0.7620810270309448
YLR187W,YBR282W,0,0.13547488,0.10397553443908691,0.8796020150184631,0.7621811032295227
YML112W,YPR011C,0,0.13541168,0.10396330803632736,0.8796020150184631,0.7622811198234558
YMR031C,YLR228C,0,0.1353631,0.10395108163356781,0.8796020150184631,0.7623811960220337
YGR001C,YDR248C,0,0.1344183,0.10393886268138885,0.8796020150184631,0.7624812126159668
YGR213C,YMR027W,0,0.1341177,0.1039266437292099,0.8796020150184631,0.7625812888145447
YBR163W,YLR266C,0,0.13373217,0.10391442477703094,0.8796020150184631,0.7626813650131226
YNL084C,YHL012W,0,0.1337099,0.10390221327543259,0.8796020150184631,0.7627813816070557
YGL011C,YLR319C,0,0.13304693,0.10389000177383423,0.8796020150184631,0.7628814578056335
YLR077W,YDR105C,0,0.13296685,0.10387779027223587,0.8796020150184631,0.7629814743995667
YGL077C,YHR005C,0,0.13266483,0.10386558622121811,0.8796020150184631,0.7630815505981445
YKL222C,YLR423C,0,0.13266392,0.10385338217020035,0.8796020150184631,0.7631815671920776
YGL080W,YMR143W,0,0.13249132,0.10384118556976318,0.8796020150184631,0.7632816433906555
YER052C,YBR044C,0,0.1324375,0.10382898896932602,0.8796020150184631,0.7633817195892334
YPL130W,YDL143W,0,0.1322878,0.10381679236888885,0.8796020150184631,0.7634817361831665
YHL020C,YPR127W,0,0.13194582,0.10380460321903229,0.8796020150184631,0.7635818123817444
YDL025C,YBR044C,0,0.13181326,0.10379241406917572,0.8796020150184631,0.7636818289756775
YIL005W,YBR059C,0,0.13125055,0.10378023236989975,0.8796020150184631,0.7637819051742554
YDL102W,YMR287C,1,0.13116878,0.10388543456792831,0.8805969953536987,0.7637819051742554
YGR046W,YDR519W,0,0.13115148,0.10387323796749115,0.8805969953536987,0.7638819217681885
YKR103W,YBR131W,0,0.13107473,0.10386104881763458,0.8805969953536987,0.7639819979667664
YGR129W,YCR026C,0,0.13102978,0.10384885966777802,0.8805969953536987,0.7640820145606995
YMR287C,YMR220W,0,0.13098013,0.10383667796850204,0.8805969953536987,0.7641820907592773
YLR277C,YKL025C,0,0.13084081,0.10382449626922607,0.8805969953536987,0.7642821669578552
YDR040C,YLR249W,0,0.1307961,0.1038123145699501,0.8805969953536987,0.7643821835517883
YJL185C,YGL173C,0,0.13073704,0.10380014032125473,0.8805969953536987,0.7644822597503662
YGL131C,YLR256W,0,0.13027707,0.10378796607255936,0.8805969953536987,0.7645822763442993
YJR049C,YMR039C,0,0.13023806,0.10377579927444458,0.8805969953536987,0.7646823525428772
YJL047C,YAL021C,1,0.1293402,0.103880874812603,0.8815920352935791,0.7646823525428772
YCL056C,YBR030W,0,0.12910601,0.10386870056390762,0.8815920352935791,0.7647823691368103
YOR304C-A,YPL095C,0,0.12887636,0.10385652631521225,0.8815920352935791,0.7648824453353882
YPL173W,YLR150W,0,0.12882206,0.10384435206651688,0.8815920352935791,0.7649824619293213
YOR038C,YBR204C,0,0.1287587,0.1038321778178215,0.8815920352935791,0.7650825381278992
YLR335W,YOL089C,0,0.12865214,0.10382001101970673,0.8815920352935791,0.765182614326477
YGR042W,YPL076W,0,0.12856436,0.10380785167217255,0.8815920352935791,0.7652826309204102
YCL008C,YMR039C,0,0.12845999,0.10379569232463837,0.8815920352935791,0.765382707118988
YJL038C,YHR187W,0,0.12830725,0.10378353297710419,0.8815920352935791,0.7654827237129211
YLL015W,YCL005W-A,0,0.12825578,0.10377137362957001,0.8815920352935791,0.765582799911499
YPR190C,YOL041C,0,0.1281658,0.10375922173261642,0.8815920352935791,0.7656828165054321
YOL123W,YDR072C,0,0.12758037,0.10374706983566284,0.8815920352935791,0.76578289270401
YDR072C,YBL045C,0,0.12740344,0.10373492538928986,0.8815920352935791,0.7658829689025879
YHR042W,YIL034C,0,0.1272653,0.10372278094291687,0.8815920352935791,0.765982985496521
YLR007W,YHL040C,0,0.1268407,0.10371064394712448,0.8815920352935791,0.7660830616950989
YMR210W,YOL105C,0,0.12675512,0.1036984995007515,0.8815920352935791,0.766183078289032
YJR137C,YHR114W,0,0.12668657,0.1036863699555397,0.8815920352935791,0.7662831544876099
YDR511W,YMR300C,0,0.12650463,0.10367423295974731,0.8815920352935791,0.766383171081543
YDR468C,YDR519W,0,0.1263962,0.10366210341453552,0.8815920352935791,0.7664832472801208
YKR052C,YER048W-A,0,0.12625962,0.10364997386932373,0.8815920352935791,0.766583263874054
YDL099W,YHR171W,0,0.12596259,0.10363785177469254,0.8815920352935791,0.7666833400726318
YLR119W,YDL079C,0,0.12593701,0.10362572968006134,0.8815920352935791,0.7667834162712097
YDL212W,YKL037W,0,0.12585393,0.10361361503601074,0.8815920352935791,0.7668834328651428
YOL107W,YMR004W,0,0.12582508,0.10360150039196014,0.8815920352935791,0.7669835090637207
YBL098W,YBR094W,0,0.12569387,0.10358938574790955,0.8815920352935791,0.7670835256576538
YML014W,YCL026C-A,0,0.1256835,0.10357727110385895,0.8815920352935791,0.7671836018562317
YNL081C,YNL062C,0,0.1255842,0.10356516391038895,0.8815920352935791,0.7672836184501648
YKL171W,YGR250C,0,0.1254442,0.10355306416749954,0.8815920352935791,0.7673836946487427
YGR213C,YDL119C,0,0.12495032,0.10354095697402954,0.8815920352935791,0.7674837708473206
YLL045C,YBR085W,0,0.12492883,0.10352886468172073,0.8815920352935791,0.7675837874412537
YKL204W,YGL094C,1,0.12455577,0.10363360494375229,0.8825870752334595,0.7675837874412537
YOL032W,YHL012W,0,0.124548614,0.10362149775028229,0.8825870752334595,0.7676838636398315
YER035W,YGL185C,0,0.124043286,0.10360939055681229,0.8825870752334595,0.7677838802337646
YPL075W,YGL258W,0,0.123713896,0.10359729081392288,0.8825870752334595,0.7678839564323425
YKR093W,YLR183C,0,0.12347874,0.10358519107103348,0.8825870752334595,0.7679839730262756
YDR001C,YDR389W,0,0.12296848,0.10357309877872467,0.8825870752334595,0.7680840492248535
YDR072C,YDL130W,0,0.12260154,0.10356100648641586,0.8825870752334595,0.7681840658187866
YMR172W,YDR116C,0,0.122523665,0.10354891419410706,0.8825870752334595,0.7682841420173645
YJL107C,YHL019C,0,0.12250078,0.10353682935237885,0.8825870752334595,0.7683842182159424
YOR396W,YLR190W,0,0.12232855,0.10352474451065063,0.8825870752334595,0.7684842348098755
YBR111W-A,YDR279W,1,0.12222582,0.10362935811281204,0.8835821151733398,0.7684842348098755
YGR052W,YNR011C,0,0.12210825,0.10361726582050323,0.8835821151733398,0.7685843110084534
YKR023W,YNL039W,0,0.1217064,0.10360518097877502,0.8835821151733398,0.7686843276023865
YKL001C,YDR174W,0,0.12164721,0.10359309613704681,0.8835821151733398,0.7687844038009644
YBR231C,YMR104C,0,0.12126565,0.1035810112953186,0.8835821151733398,0.7688844203948975
YLR392C,YHL002W,0,0.12121791,0.1035689264535904,0.8835821151733398,0.7689844965934753
YPR112C,YNL157W,1,0.121040255,0.10367347300052643,0.8845770955085754,0.7689844965934753
YOL107W,YDR281C,0,0.12100308,0.10366138070821762,0.8845770955085754,0.7690845131874084
YAL013W,YLL056C,0,0.12091476,0.10364929586648941,0.8845770955085754,0.7691845893859863
YKR038C,YPR001W,0,0.12086013,0.1036372110247612,0.8845770955085754,0.7692846655845642
YPL271W,YDL025C,0,0.12079665,0.10362513363361359,0.8845770955085754,0.7693846821784973
YPL137C,YLR226W,0,0.12076664,0.10361305624246597,0.8845770955085754,0.7694847583770752
YDR343C,YOR359W,0,0.11962184,0.10360097885131836,0.8845770955085754,0.7695847749710083
YOR216C,YKL088W,0,0.11917919,0.10358890891075134,0.8845770955085754,0.7696848511695862
YDR254W,YER065C,0,0.11911458,0.10357683897018433,0.8845770955085754,0.7697848677635193
YGR264C,YGR279C,0,0.11904845,0.10356476902961731,0.8845770955085754,0.7698849439620972
YHR025W,YGR255C,0,0.11868009,0.10355270653963089,0.8845770955085754,0.769985020160675
YAL042W,YPR003C,0,0.11857441,0.10354064404964447,0.8845770955085754,0.7700850367546082
YDL089W,YCL056C,0,0.11807272,0.10352858901023865,0.8845770955085754,0.770185112953186
YJL155C,YMR051C,0,0.118000686,0.10351653397083282,0.8845770955085754,0.7702851295471191
YER069W,YDL143W,0,0.117988914,0.103504478931427,0.8845770955085754,0.770385205745697
YOR185C,YGL143C,0,0.11795995,0.10349243134260178,0.8845770955085754,0.7704852223396301
YER112W,YMR244C-A,0,0.11777541,0.10348038375377655,0.8845770955085754,0.770585298538208
YGL173C,YMR196W,0,0.11733413,0.10346834361553192,0.8845770955085754,0.7706853151321411
YAL042W,YCR079W,0,0.11719921,0.10345630347728729,0.8845770955085754,0.770785391330719
YGR067C,YLR228C,0,0.116238505,0.10344426333904266,0.8845770955085754,0.7708854675292969
YBR085W,YBL103C,0,0.116028264,0.10343223065137863,0.8845770955085754,0.77098548412323
YAL010C,YKL032C,0,0.11590195,0.1034201979637146,0.8845770955085754,0.7710855603218079
YDR448W,YOR303W,0,0.115820736,0.10340816527605057,0.8845770955085754,0.771185576915741
YNL103W,YJR103W,0,0.11558771,0.10339614003896713,0.8845770955085754,0.7712856531143188
YEL038W,YNL218W,0,0.11466804,0.1033841148018837,0.8845770955085754,0.771385669708252
YPL256C,YLR375W,0,0.11463876,0.10337208956480026,0.8845770955085754,0.7714857459068298
YDR296W,YOR283W,0,0.11448127,0.10336007177829742,0.8845770955085754,0.7715858221054077
YPL150W,YHR122W,0,0.11434606,0.10334806144237518,0.8845770955085754,0.7716858386993408
YNL322C,YER030W,0,0.11405307,0.10333604365587234,0.8845770955085754,0.7717859148979187
YJL133W,YLR118C,0,0.11393663,0.1033240333199501,0.8845770955085754,0.7718859314918518
YDL208W,YJR153W,0,0.113829404,0.10331203043460846,0.8845770955085754,0.7719860076904297
YHR210C,YOR255W,0,0.11366117,0.10330002009868622,0.8845770955085754,0.7720860242843628
YDR074W,YLR004C,0,0.11324304,0.10328802466392517,0.8845770955085754,0.7721861004829407
YBR139W,YBL097W,0,0.11313987,0.10327602177858353,0.8845770955085754,0.7722861170768738
YBR175W,YNL273W,0,0.11303839,0.10326402634382248,0.8845770955085754,0.7723861932754517
YDL099W,YML023C,0,0.113026366,0.10325203090906143,0.8845770955085754,0.7724862694740295
YJR105W,YDL143W,0,0.112964526,0.10324004292488098,0.8845770955085754,0.7725862860679626
YMR148W,YPL202C,0,0.11256957,0.10322805494070053,0.8845770955085754,0.7726863622665405
YBR040W,YPL036W,0,0.1124782,0.10321606695652008,0.8845770955085754,0.7727863788604736
YGR213C,YJL024C,0,0.112458795,0.10320408642292023,0.8845770955085754,0.7728864550590515
YLL061W,YDR389W,0,0.11201167,0.10319210588932037,0.8845770955085754,0.7729864716529846
YBR111W-A,YLR270W,1,0.11187591,0.1032961905002594,0.8855721354484558,0.7729864716529846
YNL264C,YPR138C,0,0.11161035,0.10328420251607895,0.8855721354484558,0.7730865478515625
YLL024C,YCL026C-A,0,0.11135006,0.1032722219824791,0.8855721354484558,0.7731865644454956
YMR256C,YDR123C,0,0.11077976,0.10326024144887924,0.8855721354484558,0.7732866406440735
YOR185C,YHR071W,0,0.11044806,0.10324826091527939,0.8855721354484558,0.7733867168426514
YDR409W,YGL150C,0,0.11005527,0.10323628038167953,0.8855721354484558,0.7734867334365845
YJR074W,YLR441C,0,0.1098558,0.10322430729866028,0.8855721354484558,0.7735868096351624
YMR295C,YDR148C,0,0.10976216,0.10321234166622162,0.8855721354484558,0.7736868262290955
YOR380W,YPL270W,0,0.10975137,0.10320036858320236,0.8855721354484558,0.7737869024276733
YGR001C,YNL124W,0,0.109716654,0.1031884029507637,0.8855721354484558,0.7738869190216064
YIR014W,YGL207W,0,0.10970944,0.10317644476890564,0.8855721354484558,0.7739869952201843
YGR148C,YBL039C,0,0.10967925,0.10316448658704758,0.8855721354484558,0.7740870714187622
YOR176W,YLR007W,0,0.109158635,0.10315252840518951,0.8855721354484558,0.7741870880126953
YDL064W,YKL001C,0,0.108908564,0.10314057022333145,0.8855721354484558,0.7742871642112732
YLR228C,YDL159W,0,0.108679876,0.10312861949205399,0.8855721354484558,0.7743871808052063
YMR244C-A,YJR033C,0,0.10810116,0.10311666876077652,0.8855721354484558,0.7744872570037842
YHR177W,YPL027W,0,0.10795477,0.10310472548007965,0.8855721354484558,0.7745872735977173
YDR404C,YAL021C,1,0.10781568,0.10320861637592316,0.8865671753883362,0.7745872735977173
YPL075W,YPR138C,0,0.10779396,0.10319666564464569,0.8865671753883362,0.7746873497962952
YBR056W,YBR004C,0,0.10736105,0.10318471491336823,0.8865671753883362,0.7747873663902283
YOR381W,YGR282C,0,0.10705438,0.10317276418209076,0.8865671753883362,0.7748874425888062
YPR027C,YPL270W,0,0.107014865,0.10316082090139389,0.8865671753883362,0.774987518787384
YER092W,YHR104W,0,0.10697073,0.10314887762069702,0.8865671753883362,0.7750875353813171
YDR028C,YNL116W,0,0.10655813,0.10313693434000015,0.8865671753883362,0.775187611579895
YJL047C,YGR036C,0,0.10628918,0.10312499850988388,0.8865671753883362,0.7752876281738281
YNL283C,YFR030W,0,0.105576694,0.10311306267976761,0.8865671753883362,0.775387704372406
YOR025W,YPL036W,0,0.105525374,0.10310113430023193,0.8865671753883362,0.7754877209663391
YBR077C,YHR071W,0,0.10552427,0.10308920592069626,0.8865671753883362,0.775587797164917
YER049W,YHR062C,1,0.1055118,0.10319296270608902,0.8875622153282166,0.775587797164917
YNL038W,YPL118W,0,0.10548961,0.10318102687597275,0.8875622153282166,0.7756878733634949
YBR065C,YPR127W,0,0.104813606,0.10316909849643707,0.8875622153282166,0.775787889957428
YOR032C,YOR316C,0,0.10374662,0.1031571626663208,0.8875622153282166,0.7758879661560059
YOL148C,YOR269W,0,0.10296744,0.10314523428678513,0.8875622153282166,0.775987982749939
YNR030W,YJL178C,0,0.10289964,0.10313331335783005,0.8875622153282166,0.7760880589485168
YMR275C,YNL213C,0,0.10267806,0.10312138497829437,0.8875622153282166,0.77618807554245
YOL148C,YHR047C,0,0.10178019,0.1031094640493393,0.8875622153282166,0.7762881517410278
YDR248C,YCR102C,0,0.10174975,0.10309755057096481,0.8875622153282166,0.7763881683349609
YGR067C,YAL031C,0,0.10161677,0.10308563709259033,0.8875622153282166,0.7764882445335388
YKL060C,YOL075C,0,0.10161126,0.10307372361421585,0.8875622153282166,0.7765883207321167
YBR111W-A,YJR119C,1,0.10090375,0.10317735373973846,0.8885571956634521,0.7765883207321167
YJR049C,YHR076W,0,0.100785196,0.10316543281078339,0.8885571956634521,0.7766883373260498
YPL256C,YCR105W,0,0.10065326,0.1031535193324089,0.8885571956634521,0.7767884135246277
YHL038C,YDR059C,0,0.10054678,0.10314160585403442,0.8885571956634521,0.7768884301185608
YKR075C,YNL175C,0,0.10052401,0.10312969237565994,0.8885571956634521,0.7769885063171387
YAL058W,YMR156C,0,0.10031445,0.10311778634786606,0.8885571956634521,0.7770885229110718
YBR186W,YOR251C,0,0.099906445,0.10310588032007217,0.8885571956634521,0.7771885991096497
YGR250C,YKR061W,0,0.09986809,0.10309397429227829,0.8885571956634521,0.7772886157035828
YDR314C,YCR079W,0,0.09976566,0.103082075715065,0.8885571956634521,0.7773886919021606
YHR097C,YDR178W,0,0.0994111,0.10307017713785172,0.8885571956634521,0.7774887681007385
YJR161C,YDR105C,0,0.0993699,0.10305827856063843,0.8885571956634521,0.7775887846946716
YKR027W,YCL057W,0,0.0991908,0.10304638743400574,0.8885571956634521,0.7776888608932495
YCL047C,YHR046C,0,0.09917024,0.10303449630737305,0.8885571956634521,0.7777888774871826
YDL120W,YBR025C,0,0.09906505,0.10302261263132095,0.8885571956634521,0.7778889536857605
YHL038C,YER072W,0,0.09867279,0.10301072895526886,0.8885571956634521,0.7779889702796936
YGL222C,YLR021W,1,0.09852433,0.10311418771743774,0.8895522356033325,0.7779889702796936
YOL060C,YOR068C,0,0.098372966,0.10310229659080505,0.8895522356033325,0.7780890464782715
YBR211C,YBR160W,0,0.09830016,0.10309040546417236,0.8895522356033325,0.7781891226768494
YKL126W,YDR380W,0,0.09825131,0.10307852178812027,0.8895522356033325,0.7782891392707825
YLR408C,YJL216C,0,0.098205626,0.10306663811206818,0.8895522356033325,0.7783892154693604
YKL208W,YPL041C,0,0.09772256,0.10305475443601608,0.8895522356033325,0.7784892320632935
YOR269W,YFR044C,0,0.09667131,0.10304287821054459,0.8895522356033325,0.7785893082618713
YHR168W,YPL026C,0,0.0966472,0.10303100198507309,0.8895522356033325,0.7786893248558044
YDR089W,YOL137W,0,0.096409366,0.10301912575960159,0.8895522356033325,0.7787894010543823
YDR518W,YDL159W,0,0.096343204,0.1030072569847107,0.8895522356033325,0.7788894176483154
YDR456W,YPR127W,0,0.096256554,0.1029953882098198,0.8895522356033325,0.7789894938468933
YBR199W,YPR011C,0,0.09581864,0.10298352688550949,0.8895522356033325,0.7790895700454712
YBL097W,YJR033C,0,0.09572002,0.10297166556119919,0.8895522356033325,0.7791895866394043
YML091C,YMR318C,0,0.09565458,0.10295980423688889,0.8895522356033325,0.7792896628379822
YCR014C,YGL208W,0,0.095560744,0.10294795036315918,0.8895522356033325,0.7793896794319153
YOR155C,YGL208W,0,0.09534022,0.10293609648942947,0.8895522356033325,0.7794897556304932
YJR113C,YER048C,0,0.09522575,0.10292424261569977,0.8895522356033325,0.7795897722244263
YLR337C,YDR497C,0,0.09499538,0.10291239619255066,0.8895522356033325,0.7796898484230042
YDR128W,YDL146W,0,0.09494007,0.10290054976940155,0.8895522356033325,0.779789924621582
YOR191W,YPR088C,0,0.0948876,0.10288871079683304,0.8895522356033325,0.7798899412155151
YKR095W,YOR044W,0,0.09440464,0.10287687182426453,0.8895522356033325,0.779990017414093
YOL060C,YPL013C,0,0.09428093,0.10286503285169601,0.8895522356033325,0.7800900340080261
YBR008C,YDR440W,0,0.09406726,0.1028532013297081,0.8895522356033325,0.780190110206604
YGL150C,YGL175C,0,0.09388828,0.10284136980772018,0.8895522356033325,0.7802901268005371
YGR052W,YML010W,0,0.09373382,0.10282953828573227,0.8895522356033325,0.780390202999115
YMR077C,YOR304C-A,0,0.093235,0.10281771421432495,0.8895522356033325,0.7804902195930481
YNL142W,YER169W,0,0.09320907,0.10280589014291763,0.8895522356033325,0.780590295791626
YJR055W,YNR050C,0,0.093197346,0.10279406607151031,0.8895522356033325,0.7806903719902039
YDR270W,YDR208W,0,0.09288004,0.1027822494506836,0.8895522356033325,0.780790388584137
YDR089W,YJR074W,0,0.09285411,0.10277043282985687,0.8895522356033325,0.7808904647827148
YOR304C-A,YDR117C,0,0.092803344,0.10275862365961075,0.8895522356033325,0.780990481376648
YKL181W,YBR298C,0,0.09225014,0.10274680703878403,0.8895522356033325,0.7810905575752258
YCL073C,YLR001C,0,0.09220007,0.1027350053191185,0.8895522356033325,0.7811905741691589
YDL178W,YLR135W,0,0.09203866,0.10272319614887238,0.8895522356033325,0.7812906503677368
YGL009C,YIL003W,0,0.09197119,0.10271139442920685,0.8895522356033325,0.7813906669616699
YLL053C,YIL111W,0,0.09188786,0.10269960016012192,0.8895522356033325,0.7814907431602478
YDL105W,YOR316C,0,0.091527835,0.10268779844045639,0.8895522356033325,0.7815908193588257
YDR040C,YDL137W,0,0.09095633,0.10267600417137146,0.8895522356033325,0.7816908359527588
YDR318W,YJR033C,0,0.090933174,0.10266421735286713,0.8895522356033325,0.7817909121513367
YFL038C,YKR084C,1,0.09076783,0.10276725143194199,0.8905472755432129,0.7817909121513367
YPL009C,YML067C,0,0.09076674,0.10275545716285706,0.8905472755432129,0.7818909287452698
YJR027W,YHL002W,0,0.09070167,0.10274365544319153,0.8905472755432129,0.7819910049438477
YGR244C,YAL023C,0,0.090572864,0.1027318611741066,0.8905472755432129,0.7820910215377808
YMR272C,YMR313C,0,0.08915216,0.10272007435560226,0.8905472755432129,0.7821910977363586
YDR251W,YKR038C,0,0.08906996,0.10270828753709793,0.8905472755432129,0.7822911739349365
YLR392C,YDR211W,0,0.08886577,0.1026965007185936,0.8905472755432129,0.7823911905288696
YOR230W,YEL018W,0,0.08882663,0.10268472135066986,0.8905472755432129,0.7824912667274475
YER046W,YLR453C,0,0.0884321,0.10267293453216553,0.8905472755432129,0.7825912833213806
YKR051W,YPL192C,0,0.08807197,0.10266116261482239,0.8905472755432129,0.7826913595199585
YLR404W,YOR267C,0,0.08790073,0.10264938324689865,0.8905472755432129,0.7827913761138916
YKR051W,YER048W-A,0,0.08771683,0.10263761132955551,0.8905472755432129,0.7828914523124695
YPR120C,YNR066C,0,0.08759163,0.10262584686279297,0.8905472755432129,0.7829914689064026
YHL021C,YLR228C,0,0.08736208,0.10261408239603043,0.8905472755432129,0.7830915451049805
YHR025W,YOR315W,0,0.086081654,0.10260231792926788,0.8905472755432129,0.7831916213035583
YNL157W,YKL149C,1,0.085941285,0.10270518064498901,0.8915423154830933,0.7831916213035583
YBR056W,YBR119W,0,0.085835606,0.10269340872764587,0.8915423154830933,0.7832916378974915
YMR056C,YIL111W,0,0.08582604,0.10268164426088333,0.8915423154830933,0.7833917140960693
YOR255W,YNL318C,0,0.08567962,0.10266987234354019,0.8915423154830933,0.7834917306900024
YBL105C,YKL220C,1,0.08563843,0.10277268290519714,0.8925372958183289,0.7834917306900024
YFL017W-A,YNL095C,0,0.08516905,0.102760910987854,0.8925372958183289,0.7835918068885803
YMR196W,YGL259W,0,0.08509657,0.10274913907051086,0.8925372958183289,0.7836918234825134
YIL082W-A,YGL209W,0,0.085084915,0.10273737460374832,0.8925372958183289,0.7837918996810913
YNL213C,YGL121C,0,0.08500925,0.10272561013698578,0.8925372958183289,0.7838919162750244
YHL035C,YMR074C,0,0.084991574,0.10271384567022324,0.8925372958183289,0.7839919924736023
YOR230W,YER130C,0,0.08465628,0.1027020812034607,0.8925372958183289,0.7840920686721802
YER115C,YLR118C,0,0.08460611,0.10269032418727875,0.8925372958183289,0.7841920852661133
YDR127W,YKL037W,0,0.08449632,0.1026785746216774,0.8925372958183289,0.7842921614646912
YDR113C,YMR074C,0,0.084479526,0.10266681760549545,0.8925372958183289,0.7843921780586243
YGL121C,YCR102C,0,0.084323525,0.1026550680398941,0.8925372958183289,0.7844922542572021
YLR461W,YDL223C,0,0.08423355,0.10264332592487335,0.8925372958183289,0.7845922708511353
YMR256C,YBR056W,0,0.08399393,0.102631576359272,0.8925372958183289,0.7846923470497131
YJL030W,YMR104C,0,0.0833365,0.10261983424425125,0.8925372958183289,0.784792423248291
YHL002W,YDR345C,0,0.083271,0.1026080995798111,0.8925372958183289,0.7848924398422241
YML076C,YHR038W,0,0.08244853,0.10259636491537094,0.8925372958183289,0.784992516040802
YBR293W,YBR282W,0,0.082307294,0.10258463025093079,0.8925372958183289,0.7850925326347351
YOL076W,YGL258W,0,0.0821971,0.10257289558649063,0.8925372958183289,0.785192608833313
YKL059C,YHR110W,0,0.08198553,0.10256116837263107,0.8925372958183289,0.7852926254272461
YKL087C,YMR158W,0,0.08180314,0.10254944860935211,0.8925372958183289,0.785392701625824
YOR275C,YBL010C,0,0.081754744,0.10253772139549255,0.8925372958183289,0.7854927182197571
YDR128W,YDR518W,0,0.081602424,0.10252600163221359,0.8925372958183289,0.785592794418335
YML010W,YER020W,0,0.081256,0.10251428931951523,0.8925372958183289,0.7856928706169128
YER052C,YKL088W,0,0.08097163,0.10250256955623627,0.8925372958183289,0.785792887210846
YPR009W,YGL045W,0,0.08095074,0.1024908572435379,0.8925372958183289,0.7858929634094238
YER112W,YJR091C,1,0.08062798,0.10259339958429337,0.8935323357582092,0.7858929634094238
YBR129C,YER130C,0,0.08045229,0.1025816798210144,0.8935323357582092,0.7859929800033569
YPL195W,YEL052W,0,0.08044933,0.10256996005773544,0.8935323357582092,0.7860930562019348
YOR291W,YIR021W,0,0.08035089,0.10255824774503708,0.8935323357582092,0.7861930727958679
YLR048W,YJR103W,0,0.0800142,0.10254653543233871,0.8935323357582092,0.7862931489944458
YDR261C,YER089C,0,0.07978046,0.10253482311964035,0.8935323357582092,0.7863932251930237
YPL137C,YKL025C,0,0.07975501,0.10252311825752258,0.8935323357582092,0.7864932417869568
YLR001C,YNL006W,0,0.07926747,0.10251141339540482,0.8935323357582092,0.7865933179855347
YOL152W,YMR290C,0,0.078942746,0.10249971598386765,0.8935323357582092,0.7866933345794678
YIL082W-A,YBR278W,0,0.078802556,0.10248801857233047,0.8935323357582092,0.7867934107780457
YDR354W,YLR018C,0,0.07872215,0.1024763211607933,0.8935323357582092,0.7868934273719788
YKL013C,YBR199W,0,0.07822688,0.10246463119983673,0.8935323357582092,0.7869935035705566
YLL007C,YBL019W,0,0.07807435,0.10245294123888016,0.8935323357582092,0.7870935201644897
YHR051W,YGR100W,0,0.07795532,0.10244125127792358,0.8935323357582092,0.7871935963630676
YDR096W,YGL095C,0,0.0776037,0.10242956876754761,0.8935323357582092,0.7872936725616455
YKL038W,YHL050C,0,0.07754272,0.10241788625717163,0.8935323357582092,0.7873936891555786
YMR054W,YDL130W,0,0.077465266,0.10240620374679565,0.8935323357582092,0.7874937653541565
YOL072W,YGR122W,1,0.07650198,0.1025085523724556,0.8945273756980896,0.7874937653541565
YDL114W,YOR211C,0,0.07644002,0.10249686241149902,0.8945273756980896,0.7875937819480896
YDL138W,YNL116W,0,0.07642387,0.10248517990112305,0.8945273756980896,0.7876938581466675
YDR483W,YNL334C,0,0.07566884,0.10247349739074707,0.8945273756980896,0.7877938747406006
YCL047C,YDR281C,0,0.07557972,0.10246182233095169,0.8945273756980896,0.7878939509391785
YPR201W,YDL108W,0,0.07549521,0.10245013982057571,0.8945273756980896,0.7879939675331116
YDR293C,YKR003W,0,0.0752888,0.10243847221136093,0.8945273756980896,0.7880940437316895
YGL237C,YJR135W-A,0,0.07492855,0.10242679715156555,0.8945273756980896,0.7881941199302673
YKR038C,YMR160W,0,0.07451391,0.10241512954235077,0.8945273756980896,0.7882941365242004
YDR151C,YDR315C,1,0.07432222,0.10251737385988235,0.89552241563797,0.7882941365242004
YHR122W,YDL128W,0,0.07416816,0.10250569134950638,0.89552241563797,0.7883942127227783
YER066W,YHR160C,0,0.074089855,0.1024940237402916,0.89552241563797,0.7884942293167114
YDL079C,YGL051W,0,0.07405886,0.10248234868049622,0.89552241563797,0.7885943055152893
YCL074W,YDR151C,0,0.07390174,0.10247068107128143,0.89552241563797,0.7886943221092224
YPR198W,YOR303W,0,0.07343647,0.10245901346206665,0.89552241563797,0.7887943983078003
YPL280W,YMR073C,0,0.0733597,0.10244735330343246,0.89552241563797,0.7888944745063782
YNL325C,YGR100W,0,0.0720748,0.10243569314479828,0.89552241563797,0.7889944911003113
YKR003W,YCL026C-B,0,0.07147446,0.10242403298616409,0.89552241563797,0.7890945672988892
YNL239W,YDR183W,0,0.07131393,0.1024123802781105,0.89552241563797,0.7891945838928223
YER072W,YER048C,0,0.07127541,0.10240072757005692,0.89552241563797,0.7892946600914001
YGR180C,YNL031C,0,0.07116704,0.10238907486200333,0.89552241563797,0.7893946766853333
YCR015C,YJL154C,0,0.0707753,0.10237742960453033,0.89552241563797,0.7894947528839111
YER157W,YPL123C,0,0.07032874,0.10236578434705734,0.89552241563797,0.7895947694778442
YDR522C,YIL050W,0,0.070304915,0.10235414654016495,0.89552241563797,0.7896948456764221
YMR312W,YOL156W,0,0.07030395,0.10234250873327255,0.89552241563797,0.789794921875
YBR161W,YCR102C,0,0.0696713,0.10233087092638016,0.89552241563797,0.7898949384689331
YNR062C,YML113W,0,0.069270045,0.10231923311948776,0.89552241563797,0.789995014667511
YGR174C,YHR076W,0,0.06926304,0.10230760276317596,0.89552241563797,0.7900950312614441
YNL134C,YNL279W,0,0.069229275,0.10229597985744476,0.89552241563797,0.790195107460022
YLL048C,YIL111W,0,0.069166616,0.10228434950113297,0.89552241563797,0.7902951240539551
YKL221W,YBR172C,0,0.069144726,0.10227272659540176,0.89552241563797,0.790395200252533
YHR168W,YDR135C,0,0.06869042,0.10226110368967056,0.89552241563797,0.7904952764511108
YDL089W,YDR448W,0,0.068531334,0.10224948823451996,0.89552241563797,0.790595293045044
YOR275C,YDR390C,0,0.068013445,0.10223787277936935,0.89552241563797,0.7906953692436218
YPR193C,YOR003W,0,0.068010285,0.10222625732421875,0.89552241563797,0.7907953858375549
YGL233W,YER048W-A,0,0.06795785,0.10221464931964874,0.89552241563797,0.7908954620361328
YDL132W,YDR296W,0,0.06771378,0.10220304131507874,0.89552241563797,0.7909954786300659
YKL013C,YNR023W,0,0.06720546,0.10219144076108932,0.89552241563797,0.7910955548286438
YPL081W,YLR226W,0,0.06716183,0.10217984020709991,0.89552241563797,0.7911955714225769
YIL117C,YAL051W,0,0.06667125,0.1021682396531105,0.89552241563797,0.7912956476211548
YDR009W,YKR017C,0,0.06593391,0.1021566390991211,0.89552241563797,0.7913957238197327
YPR025C,YJR103W,0,0.06516126,0.10214504599571228,0.89552241563797,0.7914957404136658
YDL035C,YLR425W,0,0.064979434,0.10213345289230347,0.89552241563797,0.7915958166122437
YHR005C,YBR293W,0,0.064815104,0.10212186723947525,0.89552241563797,0.7916958332061768
YLL024C,YDL119C,0,0.06469914,0.10211028158664703,0.89552241563797,0.7917959094047546
YMR154C,YJR059W,0,0.06459555,0.10209869593381882,0.89552241563797,0.7918959259986877
YDL193W,YOR094W,0,0.06412792,0.1020871177315712,0.89552241563797,0.7919960021972656
YML050W,YKL190W,0,0.0639168,0.10207553952932358,0.89552241563797,0.7920960187911987
YCL067C,YHR041C,0,0.06377515,0.10206396132707596,0.89552241563797,0.7921960949897766
YHR010W,YHR019C,0,0.063248366,0.10205239057540894,0.89552241563797,0.7922961711883545
YKR096W,YNL197C,1,0.06298433,0.1021541953086853,0.8965173959732056,0.7922961711883545
YGR272C,YDR315C,1,0.062954634,0.10225597769021988,0.8975124359130859,0.7922961711883545
YGL130W,YDL212W,0,0.06264782,0.10224439203739166,0.8975124359130859,0.7923961877822876
YER168C,YPL076W,0,0.06254062,0.10223279893398285,0.8975124359130859,0.7924962639808655
YJL095W,YDR345C,0,0.062411215,0.10222121328115463,0.8975124359130859,0.7925962805747986
YJL144W,YHR090C,0,0.06210419,0.10220963507890701,0.8975124359130859,0.7926963567733765
YMR148W,YPL026C,0,0.062060412,0.1021980494260788,0.8975124359130859,0.7927963733673096
YER167W,YDR093W,0,0.062047224,0.10218647122383118,0.8975124359130859,0.7928964495658875
YDR028C,YJR033C,0,0.06196444,0.10217490047216415,0.8975124359130859,0.7929965257644653
YLR077W,YPL095C,0,0.06036694,0.10216332226991653,0.8975124359130859,0.7930965423583984
YHR071W,YGR036C,0,0.060117286,0.10215175896883011,0.8975124359130859,0.7931966185569763
YMR315W,YBR223C,0,0.05976486,0.10214018821716309,0.8975124359130859,0.7932966351509094
YDR211W,YPL110C,0,0.059514757,0.10212862491607666,0.8975124359130859,0.7933967113494873
YER181C,YNR073C,0,0.059506427,0.10211706161499023,0.8975124359130859,0.7934967279434204
YJR137C,YMR290C,0,0.059337374,0.10210549831390381,0.8975124359130859,0.7935968041419983
YMR133W,YAL051W,0,0.058862206,0.10209394246339798,0.8975124359130859,0.7936968207359314
YJR040W,YLR238W,0,0.058801707,0.10208238661289215,0.8975124359130859,0.7937968969345093
YMR039C,YEL052W,0,0.058799174,0.10207083821296692,0.8975124359130859,0.7938969731330872
YGR250C,YPR086W,0,0.058489706,0.10205928981304169,0.8975124359130859,0.7939969897270203
YNL134C,YKL126W,0,0.05822557,0.10204774141311646,0.8975124359130859,0.7940970659255981
YMR275C,YJL094C,0,0.058147218,0.10203620046377182,0.8975124359130859,0.7941970825195312
YBL059C-A,YHR101C,0,0.058056664,0.10202465951442719,0.8975124359130859,0.7942971587181091
YDR093W,YLR256W,0,0.05758613,0.10201311856508255,0.8975124359130859,0.7943971753120422
YOR100C,YGL203C,0,0.057546232,0.10200158506631851,0.8975124359130859,0.7944972515106201
YOL095C,YNL134C,0,0.057483014,0.10199005156755447,0.8975124359130859,0.794597327709198
YDR518W,YMR313C,0,0.057266813,0.10197851806879044,0.8975124359130859,0.7946973443031311
YMR013C,YGR254W,0,0.057044234,0.101966992020607,0.8975124359130859,0.794797420501709
YER169W,YNR055C,0,0.056906518,0.10195546597242355,0.8975124359130859,0.7948974370956421
YER001W,YNR040W,0,0.056893673,0.10194393992424011,0.8975124359130859,0.79499751329422
YER115C,YBR025C,0,0.056871053,0.10193242132663727,0.8975124359130859,0.7950975298881531
YOR155C,YOL113W,0,0.05679409,0.10192090272903442,0.8975124359130859,0.795197606086731
YLR441C,YGL055W,0,0.056783076,0.10190939158201218,0.8975124359130859,0.7952976226806641
YOR077W,YPL015C,0,0.056507763,0.10189787298440933,0.8975124359130859,0.7953976988792419
YCL056C,YLR039C,0,0.056400444,0.10188636928796768,0.8975124359130859,0.7954977750778198
YDR343C,YMR316C-A,0,0.05611893,0.10187485814094543,0.8975124359130859,0.7955977916717529
YIL064W,YJR033C,0,0.0560798,0.10186335444450378,0.8975124359130859,0.7956978678703308
YGR208W,YHR051W,0,0.055997368,0.10185185074806213,0.8975124359130859,0.7957978844642639
YIL156W,YDL080C,0,0.05599582,0.10184035450220108,0.8975124359130859,0.7958979606628418
YPR149W,YHR122W,0,0.05526231,0.10182885825634003,0.8975124359130859,0.7959979772567749
YLR173W,YBL023C,0,0.05522063,0.10181736201047897,0.8975124359130859,0.7960980534553528
YCL067C,YLL055W,0,0.05441689,0.10180586576461792,0.8975124359130859,0.7961980700492859
YDL160C,YGR048W,1,0.05392326,0.10190723091363907,0.8985074758529663,0.7961980700492859
YBR200W,YLL054C,0,0.05233943,0.10189573466777802,0.8985074758529663,0.7962981462478638
YPR023C,YJL140W,1,0.051896777,0.10199707001447678,0.8995025157928467,0.7962981462478638
YAL010C,YMR297W,0,0.051867735,0.10198555886745453,0.8995025157928467,0.7963982224464417
YPR105C,YOR223W,0,0.05178761,0.10197405517101288,0.8995025157928467,0.7964982390403748
YNL134C,YHR033W,0,0.051437166,0.10196255147457123,0.8995025157928467,0.7965983152389526
YOR190W,YJR059W,0,0.050955977,0.10195105522871017,0.8995025157928467,0.7966983318328857
YLR461W,YLR312W-A,0,0.050308254,0.10193955898284912,0.8995025157928467,0.7967984080314636
YNL084C,YIR022W,0,0.050250154,0.10192806273698807,0.8995025157928467,0.7968984246253967
YGL208W,YNL264C,0,0.049712446,0.10191657394170761,0.8995025157928467,0.7969985008239746
YDL105W,YIL117C,0,0.04908636,0.10190508514642715,0.8995025157928467,0.7970985770225525
YLR337C,YMR172W,0,0.04887634,0.1018935963511467,0.8995025157928467,0.7971985936164856
YKR052C,YDR281C,0,0.048820104,0.10188211500644684,0.8995025157928467,0.7972986698150635
YNL196C,YMR196W,0,0.048512604,0.10187063366174698,0.8995025157928467,0.7973986864089966
YJR155W,YMR085W,0,0.048158918,0.10185915231704712,0.8995025157928467,0.7974987626075745
YJL097W,YMR104C,0,0.04811546,0.10184767842292786,0.8995025157928467,0.7975987792015076
YPL192C,YMR031C,0,0.047673192,0.1018362045288086,0.8995025157928467,0.7976988554000854
YPL123C,YBL051C,1,0.047333207,0.10193737596273422,0.9004974961280823,0.7976988554000854
YNL157W,YBL105C,1,0.047188845,0.10203851759433746,0.9014925360679626,0.7976988554000854
YLR080W,YPL008W,0,0.047011074,0.102027028799057,0.9014925360679626,0.7977988719940186
YGL139W,YOR270C,0,0.04651436,0.10201554000377655,0.9014925360679626,0.7978989481925964
YDR356W,YDR524C,0,0.046299618,0.1020040512084961,0.9014925360679626,0.7979990243911743
YDR490C,YLR270W,1,0.046087537,0.10210514813661575,0.902487576007843,0.7979990243911743
YJL102W,YPL214C,0,0.045797255,0.1020936518907547,0.902487576007843,0.7980990409851074
YNL213C,YIL062C,0,0.04566961,0.10208216309547424,0.902487576007843,0.7981991171836853
YLR064W,YEL052W,0,0.045610365,0.10207067430019379,0.902487576007843,0.7982991337776184
YDR196C,YMR136W,0,0.04558554,0.10205918550491333,0.902487576007843,0.7983992099761963
YIL134W,YBL100W-B,0,0.045524415,0.10204770416021347,0.902487576007843,0.7984992265701294
YBR072W,YPR138C,0,0.045037653,0.10203622281551361,0.902487576007843,0.7985993027687073
YGR096W,YKR029C,0,0.04487196,0.10202474892139435,0.902487576007843,0.7986993789672852
YJR131W,YKR065C,0,0.044303607,0.10201327502727509,0.902487576007843,0.7987993955612183
YPR025C,YJL214W,0,0.04407308,0.10200180113315582,0.902487576007843,0.7988994717597961
YLR119W,YMR186W,0,0.043382134,0.10199032723903656,0.902487576007843,0.7989994883537292
YHR168W,YGL135W,0,0.043379392,0.1019788607954979,0.902487576007843,0.7990995645523071
YKR065C,YHR051W,0,0.0433785,0.10196739435195923,0.902487576007843,0.7991995811462402
YBL080C,YML038C,0,0.04330073,0.10195593535900116,0.902487576007843,0.7992996573448181
YMR295C,YLR239C,0,0.04288548,0.10194447636604309,0.902487576007843,0.7993996739387512
YJR088C,YDL229W,0,0.04225522,0.10193301737308502,0.902487576007843,0.7994997501373291
YGL009C,YKL086W,0,0.04199859,0.10192156583070755,0.902487576007843,0.799599826335907
YLR173W,YOL155C,0,0.041919973,0.10191011428833008,0.902487576007843,0.7996998429298401
YOL032W,YHR210C,0,0.04178163,0.1018986627459526,0.902487576007843,0.799799919128418
YJL155C,YPL027W,0,0.041741516,0.10188721865415573,0.902487576007843,0.7998999357223511
YIL119C,YCL040W,0,0.04130199,0.10187577456235886,0.902487576007843,0.800000011920929
YOL137W,YLR064W,0,0.041275907,0.10186433047056198,0.902487576007843,0.8001000285148621
YMR133W,YCR048W,0,0.04105782,0.1018528938293457,0.902487576007843,0.8002001047134399
YGR157W,YCL005W-A,0,0.040531527,0.10184145718812943,0.902487576007843,0.800300121307373
YDR093W,YDR116C,0,0.040035006,0.10183002054691315,0.902487576007843,0.8004001975059509
YOR185C,YPL270W,0,0.0399709,0.10181859135627747,0.902487576007843,0.8005002737045288
YGL077C,YEL051W,0,0.03987288,0.10180716216564178,0.902487576007843,0.8006002902984619
YDR270W,YLL033W,0,0.03981187,0.1017957329750061,0.902487576007843,0.8007003664970398
YOR025W,YLR173W,0,0.03962898,0.10178431123495102,0.902487576007843,0.8008003830909729
YER088C,YHR038W,0,0.039385792,0.10177288949489594,0.902487576007843,0.8009004592895508
YLR213C,YBR214W,0,0.039175,0.10176147520542145,0.902487576007843,0.8010004758834839
YJR103W,YOR125C,0,0.039159413,0.10175005346536636,0.902487576007843,0.8011005520820618
YNL239W,YBR059C,0,0.039098587,0.10173863917589188,0.902487576007843,0.8012006282806396
YLR455W,YPL015C,0,0.03890046,0.10172723233699799,0.902487576007843,0.8013006448745728
YKR049C,YIL013C,0,0.038242754,0.1017158254981041,0.902487576007843,0.8014007210731506
YLL007C,YLL056C,0,0.038111236,0.1017044186592102,0.902487576007843,0.8015007376670837
YDR127W,YDR148C,0,0.038089957,0.10169301182031631,0.902487576007843,0.8016008138656616
YDR264C,YKR061W,0,0.037956197,0.10168161243200302,0.902487576007843,0.8017008304595947
YHL035C,YLR150W,0,0.037772264,0.10167021304368973,0.902487576007843,0.8018009066581726
YPL178W,YHR101C,0,0.037738096,0.10165882110595703,0.902487576007843,0.8019009232521057
YOR264W,YKL032C,0,0.037075426,0.10164742916822433,0.902487576007843,0.8020009994506836
YNL283C,YMR287C,0,0.0370374,0.10163603723049164,0.902487576007843,0.8021010756492615
YBR161W,YOL076W,0,0.036910024,0.10162465274333954,0.902487576007843,0.8022010922431946
YDL160C,YDL224C,1,0.036634106,0.10172529518604279,0.9034826159477234,0.8022010922431946
YDL004W,YKL054C,0,0.03556448,0.10171390324831009,0.9034826159477234,0.8023011684417725
YER068W,YOL063C,1,0.03526425,0.10181451588869095,0.904477596282959,0.8023011684417725
YNR062C,YER164W,0,0.035221916,0.10180311650037766,0.904477596282959,0.8024011850357056
YLR034C,YLR081W,0,0.034929957,0.10179170966148376,0.904477596282959,0.8025012612342834
YKL074C,YDR067C,0,0.034489598,0.10178031772375107,0.904477596282959,0.8026012778282166
YPR105C,YEL077C,0,0.03435171,0.10176891833543777,0.904477596282959,0.8027013540267944
YOR264W,YJL014W,0,0.033937257,0.10175752639770508,0.904477596282959,0.8028014302253723
YDL233W,YGR100W,0,0.033776548,0.10174614191055298,0.904477596282959,0.8029014468193054
YIL016W,YDL135C,0,0.033392277,0.10173474997282028,0.904477596282959,0.8030015230178833
YMR318C,YDR183W,0,0.03255314,0.10172336548566818,0.904477596282959,0.8031015396118164
YKR052C,YKL032C,0,0.031934764,0.10171198099851608,0.904477596282959,0.8032016158103943
YER137C-A,YPL149W,0,0.031888742,0.10170060396194458,0.904477596282959,0.8033016324043274
YMR029C,YOR136W,0,0.03180602,0.10168922692537308,0.904477596282959,0.8034017086029053
YGR255C,YGR036C,0,0.03177001,0.10167784988880157,0.904477596282959,0.8035017251968384
YKR017C,YLR183C,0,0.031765107,0.10166648030281067,0.904477596282959,0.8036018013954163
YER069W,YJL095W,0,0.031652834,0.10165511071681976,0.904477596282959,0.8037018775939941
YNL134C,YMR054W,0,0.030871894,0.10164374113082886,0.904477596282959,0.8038018941879272
YML118W,YLR345W,0,0.03049941,0.10163237899541855,0.904477596282959,0.8039019703865051
YPR198W,YJL214W,0,0.030193355,0.10162101686000824,0.904477596282959,0.8040019869804382
YPR023C,YPR111W,1,0.029963266,0.10172144323587418,0.9054726362228394,0.8040019869804382
YIL154C,YNL293W,0,0.02842703,0.10171007364988327,0.9054726362228394,0.8041020631790161
YMR224C,YMR271C,0,0.028345536,0.10169870406389236,0.9054726362228394,0.8042020797729492
YIL075C,YOL123W,0,0.02799603,0.10168734192848206,0.9054726362228394,0.8043021559715271
YPL075W,YPL021W,0,0.027884748,0.10167597979307175,0.9054726362228394,0.8044021725654602
YKL221W,YNL116W,0,0.027822372,0.10166461765766144,0.9054726362228394,0.8045022487640381
YBR122C,YGR078C,0,0.027773466,0.10165326297283173,0.9054726362228394,0.804602324962616
YIL087C,YEL018W,0,0.027683418,0.10164190828800201,0.9054726362228394,0.8047023415565491
YLR408C,YLR455W,0,0.02745017,0.1016305536031723,0.9054726362228394,0.804802417755127
YOR093C,YMR198W,0,0.027332809,0.10161920636892319,0.9054726362228394,0.8049024343490601
YLR204W,YIL016W,0,0.027244475,0.10160785913467407,0.9054726362228394,0.8050025105476379
YDR189W,YMR027W,0,0.02680264,0.10159651935100555,0.9054726362228394,0.805102527141571
YOL110W,YOR251C,0,0.026563313,0.10158517211675644,0.9054726362228394,0.8052026033401489
YHR149C,YLR060W,0,0.026552033,0.10157383978366852,0.9054726362228394,0.8053026795387268
YDR211W,YKL217W,0,0.026419248,0.1015625,0.9054726362228394,0.8054026961326599
YDR093W,YGL064C,0,0.026381906,0.10155116766691208,0.9054726362228394,0.8055027723312378
YDR218C,YLR455W,0,0.025445249,0.10153983533382416,0.9054726362228394,0.8056027889251709
YPR067W,YJR153W,0,0.025135305,0.10152850300073624,0.9054726362228394,0.8057028651237488
YDR522C,YPL168W,0,0.025009807,0.10151717811822891,0.9054726362228394,0.8058028817176819
YOL009C,YDR233C,0,0.024870183,0.10150585323572159,0.9054726362228394,0.8059029579162598
YOR230W,YLR004C,0,0.024618741,0.10149453580379486,0.9054726362228394,0.8060029745101929
YCL047C,YDL066W,0,0.02460831,0.10148321837186813,0.9054726362228394,0.8061030507087708
YJL143W,YGR083C,0,0.02460542,0.1014719009399414,0.9054726362228394,0.8062031269073486
YGR168C,YNL134C,0,0.024493437,0.10146058350801468,0.9054726362228394,0.8063031435012817
YMR215W,YMR160W,0,0.02415296,0.10144927352666855,0.9054726362228394,0.8064032196998596
YCR105W,YDL128W,0,0.024144556,0.10143796354532242,0.9054726362228394,0.8065032362937927
YIL021W,YOR251C,0,0.024065647,0.10142666101455688,0.9054726362228394,0.8066033124923706
YIR003W,YCR105W,0,0.023967054,0.10141535848379135,0.9054726362228394,0.8067033290863037
YNL305C,YKL140W,0,0.023895081,0.10140405595302582,0.9054726362228394,0.8068034052848816
YNL191W,YNL322C,0,0.023869004,0.10139276087284088,0.9054726362228394,0.8069034814834595
YHR160C,YIR022W,0,0.023465883,0.10138145834207535,0.9054726362228394,0.8070034980773926
YMR101C,YLR226W,0,0.02270617,0.10137017071247101,0.9054726362228394,0.8071035742759705
YDL138W,YDR354W,0,0.022612583,0.10135887563228607,0.9054726362228394,0.8072035908699036
YMR256C,YJR103W,0,0.022069301,0.10134758800268173,0.9054726362228394,0.8073036670684814
YOL149W,YGR122W,1,0.02204096,0.10144766420125961,0.9064676761627197,0.8073036670684814
YDR463W,YPL222W,0,0.022014584,0.10143636912107468,0.9064676761627197,0.8074036836624146
YJR040W,YIL004C,0,0.021743316,0.10142507404088974,0.9064676761627197,0.8075037598609924
YPR003C,YHR204W,0,0.021692183,0.1014137789607048,0.9064676761627197,0.8076037764549255
YLR023C,YDR148C,0,0.020829078,0.10140249133110046,0.9064676761627197,0.8077038526535034
YBR275C,YMR084W,0,0.020734262,0.10139121115207672,0.9064676761627197,0.8078039288520813
YDL079C,YBR025C,0,0.020619925,0.10137992352247238,0.9064676761627197,0.8079039454460144
YIL156W,YPR086W,0,0.020608488,0.10136864334344864,0.9064676761627197,0.8080040216445923
YAL054C,YOR141C,0,0.02039447,0.1013573631644249,0.9064676761627197,0.8081040382385254
YOR294W,YPR138C,0,0.020066734,0.10134609043598175,0.9064676761627197,0.8082041144371033
YGL026C,YPR009W,0,0.020063188,0.1013348177075386,0.9064676761627197,0.8083041310310364
YLR095C,YOL032W,0,0.019982662,0.10132354497909546,0.9064676761627197,0.8084042072296143
YMR295C,YJL154C,0,0.019916829,0.10131227970123291,0.9064676761627197,0.8085042238235474
YKL186C,YHR039C-A,0,0.019448388,0.10130101442337036,0.9064676761627197,0.8086043000221252
YGR244C,YOR094W,0,0.018780645,0.10128974914550781,0.9064676761627197,0.8087043762207031
YDL095W,YIL176C,0,0.018586464,0.10127849131822586,0.9064676761627197,0.8088043928146362
YJL094C,YER092W,0,0.018019464,0.10126723349094391,0.9064676761627197,0.8089044690132141
YMR076C,YGL043W,0,0.01794007,0.10125597566366196,0.9064676761627197,0.8090044856071472
YIR031C,YLR134W,0,0.017885681,0.10124471783638,0.9064676761627197,0.8091045618057251
YGL237C,YNL264C,0,0.017775204,0.10123346745967865,0.9064676761627197,0.8092045783996582
YDL233W,YER052C,0,0.017411735,0.10122222453355789,0.9064676761627197,0.8093046545982361
YDR409W,YDR518W,0,0.01735958,0.10121097415685654,0.9064676761627197,0.809404730796814
YHL018W,YFL059W,0,0.017090943,0.10119973123073578,0.9064676761627197,0.8095047473907471
YOR190W,YNL191W,0,0.017089974,0.10118849575519562,0.9064676761627197,0.809604823589325
YER167W,YNR010W,0,0.016135272,0.10117725282907486,0.9064676761627197,0.8097048401832581
YKL133C,YLL006W,0,0.015844163,0.1011660173535347,0.9064676761627197,0.8098049163818359
YMR220W,YLR266C,0,0.015541475,0.10115478932857513,0.9064676761627197,0.809904932975769
YHR182W,YKL140W,0,0.015318926,0.10114355385303497,0.9064676761627197,0.8100050091743469
YOL019W,YDR432W,0,0.015056338,0.10113232582807541,0.9064676761627197,0.81010502576828
YOL139C,YMR116C,1,0.014829334,0.10123210400342941,0.9074627161026001,0.81010502576828
YLR417W,YGL259W,0,0.01440933,0.10122086852788925,0.9074627161026001,0.8102051019668579
YDR211W,YBR139W,0,0.013987135,0.10120963305234909,0.9074627161026001,0.8103051781654358
YDR089W,YJR159W,0,0.013682034,0.10119840502738953,0.9074627161026001,0.8104051947593689
YML095C,YDR233C,0,0.013013165,0.10118717700242996,0.9074627161026001,0.8105052709579468
YMR053C,YNL279W,0,0.01270273,0.1011759489774704,0.9074627161026001,0.8106052875518799
YOR191W,YMR056C,0,0.012134757,0.10116472840309143,0.9074627161026001,0.8107053637504578
YDR028C,YKR095W,0,0.011684682,0.10115350782871246,0.9074627161026001,0.8108053803443909
YMR295C,YLR295C,0,0.010876086,0.1011422872543335,0.9074627161026001,0.8109054565429688
YOR060C,YHL042W,0,0.010864582,0.10113107413053513,0.9074627161026001,0.8110054731369019
YMR113W,YPR124W,0,0.010838371,0.10111986100673676,0.9074627161026001,0.8111055493354797
YDL030W,YDL182W,0,0.009867411,0.10110864788293839,0.9074627161026001,0.8112056255340576
YML010W,YLR417W,0,0.009721663,0.10109744220972061,0.9074627161026001,0.8113056421279907
YGR058W,YLR266C,0,0.008985724,0.10108623653650284,0.9074627161026001,0.8114057183265686
YLR277C,YEL064C,0,0.008942287,0.10107503086328506,0.9074627161026001,0.8115057349205017
YLR095C,YKL011C,0,0.008941006,0.10106383264064789,0.9074627161026001,0.8116058111190796
YNL158W,YMR158W,0,0.008756664,0.10105263441801071,0.9074627161026001,0.8117058277130127
YDL064W,YDL119C,0,0.008365329,0.10104143619537354,0.9074627161026001,0.8118059039115906
YOR032C,YFL014W,0,0.007909875,0.10103024542331696,0.9074627161026001,0.8119059801101685
YPL168W,YNL020C,0,0.007892188,0.10101905465126038,0.9074627161026001,0.8120059967041016
YNL196C,YPL076W,0,0.007746961,0.1010078638792038,0.9074627161026001,0.8121060729026794
YOL033W,YKL217W,0,0.0076576136,0.10099668055772781,0.9074627161026001,0.8122060894966125
YNR036C,YNL264C,0,0.00733098,0.10098549723625183,0.9074627161026001,0.8123061656951904
YBR136W,YCR024C,0,0.0071825944,0.10097431391477585,0.9074627161026001,0.8124061822891235
YDL099W,YDR178W,0,0.0067195557,0.10096313804388046,0.9074627161026001,0.8125062584877014
YJL155C,YER069W,0,0.006334927,0.10095196217298508,0.9074627161026001,0.8126062750816345
YNL115C,YIL177C,0,0.0062034093,0.10094078630208969,0.9074627161026001,0.8127063512802124
YCL008C,YLR422W,0,0.0059387945,0.1009296178817749,0.9074627161026001,0.8128064274787903
YDR270W,YOR255W,0,0.0059035458,0.10091844946146011,0.9074627161026001,0.8129064440727234
YBR173C,YKL095W,0,0.0056970827,0.10090728104114532,0.9074627161026001,0.8130065202713013
YHR010W,YKR065C,0,0.0054582916,0.10089612007141113,0.9074627161026001,0.8131065368652344
YDR293C,YHR033W,0,0.005098399,0.10088495910167694,0.9074627161026001,0.8132066130638123
YDL235C,YIR003W,0,0.0046954006,0.10087379813194275,0.9074627161026001,0.8133066296577454
YLR383W,YLL056C,0,0.004227519,0.10086264461278915,0.9074627161026001,0.8134067058563232
YOR241W,YMR316C-A,0,0.0037183128,0.10085148364305496,0.9074627161026001,0.8135067820549011
YER010C,YLR151C,0,0.003588114,0.10084033757448196,0.9074627161026001,0.8136067986488342
YHR160C,YOL124C,0,0.0028203987,0.10082918405532837,0.9074627161026001,0.8137068748474121
YFR044C,YNL190W,0,0.002660539,0.10081803798675537,0.9074627161026001,0.8138068914413452
YMR024W,YLR319C,0,0.002395507,0.10080689936876297,0.9074627161026001,0.8139069676399231
YGL115W,YHL002W,0,0.0021854304,0.10079575330018997,0.9074627161026001,0.8140069842338562
YDL120W,YMR264W,0,0.0021807812,0.10078461468219757,0.9074627161026001,0.8141070604324341
YLR034C,YPL101W,0,0.0015349351,0.10077348351478577,0.9074627161026001,0.8142070770263672
YML095C,YLL056C,0,0.0009886585,0.10076234489679337,0.9074627161026001,0.8143071532249451
YPR073C,YDL128W,0,0.0009138547,0.10075121372938156,0.9074627161026001,0.814407229423523
YBR026C,YIL176C,0,0.00064366683,0.10074008256196976,0.9074627161026001,0.814507246017456
YGR270W,YDR432W,0,0.0006095655,0.10072895884513855,0.9074627161026001,0.8146073222160339
YLR239C,YBR072W,0,0.00058206543,0.10071783512830734,0.9074627161026001,0.814707338809967
YOR371C,YGR183C,0,0.00021600351,0.10070671141147614,0.9074627161026001,0.8148074150085449
YGR206W,YHR210C,0,0.00014003739,0.10069559514522552,0.9074627161026001,0.814907431602478
YMR154C,YDR440W,0,5.8125705e-05,0.10068447887897491,0.9074627161026001,0.8150075078010559
YOR064C,YLR114C,0,-3.1664968e-07,0.1006733626127243,0.9074627161026001,0.815107524394989
YHR010W,YKR003W,0,-5.815178e-06,0.10066225379705429,0.9074627161026001,0.8152076005935669
YBR131W,YOR177C,0,-0.0002012141,0.10065114498138428,0.9074627161026001,0.8153076767921448
YDR148C,YML051W,0,-0.0007680841,0.10064003616571426,0.9074627161026001,0.8154076933860779
YDL066W,YMR142C,0,-0.0012807883,0.10062892735004425,0.9074627161026001,0.8155077695846558
YKL127W,YJL094C,0,-0.0014149286,0.10061782598495483,0.9074627161026001,0.8156077861785889
YHR110W,YKR061W,0,-0.0014763735,0.10060673207044601,0.9074627161026001,0.8157078623771667
YJR040W,YJL208C,0,-0.0017192252,0.1005956307053566,0.9074627161026001,0.8158078789710999
YPR002W,YDL137W,0,-0.0021048523,0.10058453679084778,0.9074627161026001,0.8159079551696777
YJL185C,YOR267C,0,-0.002190534,0.10057344287633896,0.9074627161026001,0.8160080313682556
YAL058W,YNL004W,0,-0.0022122823,0.10056235641241074,0.9074627161026001,0.8161080479621887
YBR111W-A,YJR091C,1,-0.0022372939,0.10066152364015579,0.9084576964378357,0.8161080479621887
YHR162W,YHL036W,0,-0.0024240352,0.10065042227506638,0.9084576964378357,0.8162081241607666
YPR201W,YLR178C,0,-0.0026148297,0.10063932836055756,0.9084576964378357,0.8163081407546997
YMR153W,YOR358W,0,-0.002676662,0.10062823444604874,0.9084576964378357,0.8164082169532776
YLR375W,YOR274W,0,-0.0028739385,0.10061714798212051,0.9084576964378357,0.8165082335472107
YBR204C,YDR126W,0,-0.00329772,0.10060606151819229,0.9084576964378357,0.8166083097457886
YNL196C,YNL134C,0,-0.0035602786,0.10059497505426407,0.9084576964378357,0.8167083263397217
YGR148C,YAL054C,0,-0.0037677623,0.10058389604091644,0.9084576964378357,0.8168084025382996
YDR279W,YLR345W,0,-0.004045937,0.10057281702756882,0.9084576964378357,0.8169084787368774
YIR014W,YBR208C,0,-0.004126806,0.10056173801422119,0.9084576964378357,0.8170084953308105
YMR244C-A,YHR090C,0,-0.004356388,0.10055065900087357,0.9084576964378357,0.8171085715293884
YGL080W,YNL095C,0,-0.0044271685,0.10053958743810654,0.9084576964378357,0.8172085881233215
YMR177W,YPR145W,0,-0.0047879554,0.10052851587533951,0.9084576964378357,0.8173086643218994
YGL175C,YOR010C,0,-0.004878942,0.10051745176315308,0.9084576964378357,0.8174086809158325
YDR093W,YEL024W,0,-0.004894886,0.10050638765096664,0.9084576964378357,0.8175087571144104
YGL060W,YBR094W,0,-0.0049202777,0.10049532353878021,0.9084576964378357,0.8176088333129883
YJL208C,YDR404C,1,-0.0051280595,0.10059431940317154,0.9094527363777161,0.8176088333129883
YIL065C,YLR337C,0,-0.00530592,0.10058324784040451,0.9094527363777161,0.8177088499069214
YBR059C,YBL106C,0,-0.0054072477,0.10057218372821808,0.9094527363777161,0.8178089261054993
YER007W,YBR298C,0,-0.0055254586,0.10056111961603165,0.9094527363777161,0.8179089426994324
YDR196C,YDR020C,0,-0.0060576834,0.10055005550384521,0.9094527363777161,0.8180090188980103
YKL038W,YKL133C,0,-0.0061176904,0.10053899139165878,0.9094527363777161,0.8181090354919434
YML046W,YNR050C,0,-0.0064869784,0.10052793473005295,0.9094527363777161,0.8182091116905212
YGL233W,YDR116C,0,-0.0066157915,0.10051687806844711,0.9094527363777161,0.8183091282844543
YIL154C,YLR277C,0,-0.0074608214,0.10050582885742188,0.9094527363777161,0.8184092044830322
YOL149W,YJR006W,1,-0.007563416,0.10060472786426544,0.9104477763175964,0.8184092044830322
YIL087C,YDL108W,0,-0.007972252,0.1005936712026596,0.9104477763175964,0.8185092806816101
YIL015W,YOR090C,0,-0.0080737285,0.10058260709047318,0.9104477763175964,0.8186092972755432
YDR040C,YIL034C,0,-0.008089546,0.10057155787944794,0.9104477763175964,0.8187093734741211
YIL119C,YMR101C,0,-0.008209143,0.1005605012178421,0.9104477763175964,0.8188093900680542
YKL222C,YLR417W,0,-0.00841843,0.10054945200681686,0.9104477763175964,0.8189094662666321
YOL152W,YIR024C,0,-0.008545164,0.10053840279579163,0.9104477763175964,0.8190094828605652
YDR183W,YML067C,0,-0.008656625,0.10052735358476639,0.9104477763175964,0.8191095590591431
YPL130W,YLL015W,0,-0.008837435,0.10051631182432175,0.9104477763175964,0.8192095756530762
YKL025C,YNL197C,1,-0.008882705,0.10061511397361755,0.911442756652832,0.8192095756530762
YPL280W,YOR185C,0,-0.009149615,0.10060406476259232,0.911442756652832,0.819309651851654
YLR423C,YMR171C,0,-0.009859297,0.10059301555156708,0.911442756652832,0.8194097280502319
YDR354W,YEL064C,0,-0.010102574,0.10058196634054184,0.911442756652832,0.819509744644165
YIL068C,YJL154C,0,-0.010593493,0.1005709245800972,0.911442756652832,0.8196098208427429
YOR158W,YJR017C,0,-0.011228416,0.10055988281965256,0.911442756652832,0.819709837436676
YOR175C,YJL047C,0,-0.01132511,0.10054884850978851,0.911442756652832,0.8198099136352539
YMR076C,YLR287C,0,-0.012148891,0.10053781419992447,0.911442756652832,0.819909930229187
YLR077W,YBL023C,0,-0.012189124,0.10052677989006042,0.911442756652832,0.8200100064277649
YFR044C,YOR089C,0,-0.012581024,0.10051574558019638,0.911442756652832,0.8201100826263428
YNR050C,YGR175C,0,-0.012748856,0.10050471872091293,0.911442756652832,0.8202100992202759
YGR003W,YGR157W,0,-0.013301704,0.10049369186162949,0.911442756652832,0.8203101754188538
YJL127C-B,YMR053C,0,-0.013362918,0.10048266500234604,0.911442756652832,0.8204101920127869
YML050W,YEL029C,0,-0.013562139,0.10047164559364319,0.911442756652832,0.8205102682113647
YGL091C,YAL054C,0,-0.01446091,0.10046062618494034,0.911442756652832,0.8206102848052979
YDL077C,YPL041C,0,-0.015006099,0.10044961422681808,0.911442756652832,0.8207103610038757
YBR030W,YDR155C,0,-0.01501045,0.10043859481811523,0.911442756652832,0.8208103775978088
YOL083W,YNL196C,0,-0.015131149,0.10042758285999298,0.911442756652832,0.8209104537963867
YKR029C,YPL118W,0,-0.015613552,0.10041657835245132,0.911442756652832,0.8210105299949646
YOL019W,YER101C,0,-0.015725467,0.10040556639432907,0.911442756652832,0.8211105465888977
YLR337C,YOR267C,0,-0.016566727,0.10039456188678741,0.911442756652832,0.8212106227874756
YIL009C-A,YAL031C,0,-0.016644318,0.10038356482982635,0.911442756652832,0.8213106393814087
YPL014W,YGR157W,0,-0.01674484,0.1003725603222847,0.911442756652832,0.8214107155799866
YOL059W,YIL111W,0,-0.016907591,0.10036156326532364,0.911442756652832,0.8215107321739197
YGL187C,YKL088W,0,-0.016931672,0.10035056620836258,0.911442756652832,0.8216108083724976
YMR160W,YDL087C,0,-0.017306957,0.10033957660198212,0.911442756652832,0.8217108845710754
YOR358W,YPL173W,0,-0.017425094,0.10032858699560165,0.911442756652832,0.8218109011650085
YKR082W,YKL217W,0,-0.017659996,0.10031759738922119,0.911442756652832,0.8219109773635864
YFR008W,YNL314W,0,-0.01767898,0.10030661523342133,0.911442756652832,0.8220109939575195
YOR223W,YMR036C,0,-0.01793963,0.10029563307762146,0.911442756652832,0.8221110701560974
YNL084C,YDR208W,0,-0.017957035,0.1002846509218216,0.911442756652832,0.8222110867500305
YML069W,YBR282W,0,-0.018286988,0.10027367621660233,0.911442756652832,0.8223111629486084
YBR200W,YGR254W,0,-0.018374879,0.10026269406080246,0.911442756652832,0.8224111795425415
YDL160C,YJR091C,1,-0.018554915,0.100361168384552,0.9124377965927124,0.8224111795425415
YBR085W,YLR095C,0,-0.018627826,0.10035018622875214,0.9124377965927124,0.8225112557411194
YML001W,YOR044W,0,-0.018819902,0.10033920407295227,0.9124377965927124,0.8226113319396973
YGL045W,YGR175C,0,-0.019032452,0.100328229367733,0.9124377965927124,0.8227113485336304
YJR017C,YGL095C,0,-0.019240234,0.10031725466251373,0.9124377965927124,0.8228114247322083
YLR383W,YMR104C,0,-0.020022009,0.10030627995729446,0.9124377965927124,0.8229114413261414
YFL014W,YGR180C,0,-0.020665202,0.1002953052520752,0.9124377965927124,0.8230115175247192
YHL021C,YPL084W,0,-0.021162514,0.10028433799743652,0.9124377965927124,0.8231115341186523
YPR067W,YLR287C,0,-0.021166537,0.10027337074279785,0.9124377965927124,0.8232116103172302
YDL171C,YER073W,0,-0.02118403,0.10026241093873978,0.9124377965927124,0.8233116269111633
YIL151C,YOR173W,1,-0.021299932,0.10036077350378036,0.9134328365325928,0.8233116269111633
YDR254W,YDR469W,0,-0.021466468,0.1003498062491417,0.9134328365325928,0.8234117031097412
YKL039W,YNL323W,0,-0.021703217,0.10033883154392242,0.9134328365325928,0.8235117793083191
YDL035C,YOL105C,0,-0.021909032,0.10032787173986435,0.9134328365325928,0.8236117959022522
YDR281C,YDR489W,0,-0.022054248,0.10031690448522568,0.9134328365325928,0.8237118721008301
YER015W,YDR105C,0,-0.022532467,0.1003059446811676,0.9134328365325928,0.8238118886947632
YDL004W,YKR051W,0,-0.022646744,0.10029498487710953,0.9134328365325928,0.8239119648933411
YGL026C,YNL097C,0,-0.022667203,0.10028403252363205,0.9134328365325928,0.8240119814872742
YIL009C-A,YOR270C,0,-0.022893969,0.10027307271957397,0.9134328365325928,0.824112057685852
YGR096W,YOL019W,0,-0.023016263,0.1002621203660965,0.9134328365325928,0.8242121338844299
YHL036W,YHR171W,0,-0.023062203,0.10025117546319962,0.9134328365325928,0.824312150478363
YBR265W,YHR114W,0,-0.023114372,0.10024023056030273,0.9134328365325928,0.8244122266769409
YHR177W,YFL042C,0,-0.023200225,0.10022928565740585,0.9134328365325928,0.824512243270874
YPL178W,YML081C-A,0,-0.023541164,0.10021834075450897,0.9134328365325928,0.8246123194694519
YPL055C,YMR315W,0,-0.02390847,0.10020740330219269,0.9134328365325928,0.824712336063385
YOR205C,YOL058W,0,-0.024256948,0.1001964658498764,0.9134328365325928,0.8248124122619629
YOL058W,YDR481C,0,-0.024275158,0.10018552839756012,0.9134328365325928,0.824912428855896
YLR392C,YOL075C,0,-0.024540838,0.10017459839582443,0.9134328365325928,0.8250125050544739
YNL190W,YER068W,0,-0.024813462,0.10016366839408875,0.9134328365325928,0.8251125812530518
YDL109C,YGL209W,0,-0.025025297,0.10015273839235306,0.9134328365325928,0.8252125978469849
YFR015C,YKR036C,0,-0.025389168,0.10014181584119797,0.9134328365325928,0.8253126740455627
YNL167C,YPL270W,0,-0.025512237,0.10013089329004288,0.9134328365325928,0.8254126906394958
YOR077W,YLR154W-C,0,-0.02668393,0.10011997073888779,0.9134328365325928,0.8255127668380737
YOR316C,YLR165C,0,-0.026899535,0.1001090481877327,0.9134328365325928,0.8256127834320068
YIL068C,YLR173W,0,-0.027023036,0.1000981330871582,0.9134328365325928,0.8257128596305847
YLL015W,YMR136W,0,-0.027526084,0.1000872254371643,0.9134328365325928,0.8258129358291626
YLL024C,YDR380W,0,-0.028058562,0.10007631033658981,0.9134328365325928,0.8259129524230957
YLR099W-A,YER048C,0,-0.028164003,0.10006540268659592,0.9134328365325928,0.8260130286216736
YDR420W,YJR137C,0,-0.028319124,0.10005449503660202,0.9134328365325928,0.8261130452156067
YBR177C,YLR378C,0,-0.028816152,0.10004359483718872,0.9134328365325928,0.8262131214141846
YHR005C,YER072W,0,-0.02907471,0.10003268718719482,0.9134328365325928,0.8263131380081177
YDR251W,YMR198W,0,-0.029568885,0.10002179443836212,0.9134328365325928,0.8264132142066956
YOL078W,YGL085W,0,-0.02965701,0.10001089423894882,0.9134328365325928,0.8265132308006287
YHR168W,YLL006W,0,-0.030077461,0.10000000149011612,0.9134328365325928,0.8266133069992065
YJL144W,YOR141C,0,-0.030283902,0.09998910874128342,0.9134328365325928,0.8267133831977844
YIR014W,YFR044C,0,-0.030304734,0.09997821599245071,0.9134328365325928,0.8268133997917175
YKR065C,YGL173C,0,-0.030856196,0.09996733069419861,0.9134328365325928,0.8269134759902954
YGR250C,YMR001C,0,-0.031440485,0.0999564453959465,0.9134328365325928,0.8270134925842285
YNR040W,YPL095C,0,-0.032404575,0.0999455600976944,0.9134328365325928,0.8271135687828064
YBR115C,YBL023C,0,-0.032546464,0.09993468225002289,0.9134328365325928,0.8272135853767395
YGL122C,YKL023W,1,-0.03275356,0.10003265738487244,0.9144278764724731,0.8272135853767395
YDR153C,YNR071C,0,-0.032762174,0.10002176463603973,0.9144278764724731,0.8273136615753174
YBL098W,YDR198C,0,-0.032859843,0.10001087933778763,0.9144278764724731,0.8274136781692505
YJR055W,YGL011C,0,-0.033649657,0.10000000149011612,0.9144278764724731,0.8275137543678284
YLR178C,YDR529C,0,-0.034273963,0.09998911619186401,0.9144278764724731,0.8276138305664062
YLR289W,YIR024C,0,-0.03429118,0.0999782383441925,0.9144278764724731,0.8277138471603394
YGL207W,YPL270W,0,-0.034396265,0.09996736794710159,0.9144278764724731,0.8278139233589172
YGR092W,YDR456W,0,-0.03459512,0.09995649009943008,0.9144278764724731,0.8279139399528503
YAL019W,YCL026C-A,0,-0.03467161,0.09994561970233917,0.9144278764724731,0.8280140161514282
YBR251W,YLL056C,0,-0.034771983,0.09993475675582886,0.9144278764724731,0.8281140327453613
YOR068C,YER101C,0,-0.03498024,0.09992388635873795,0.9144278764724731,0.8282141089439392
YGR235C,YDR155C,0,-0.03501678,0.09991302341222763,0.9144278764724731,0.8283141851425171
YDR409W,YBR161W,0,-0.035120104,0.09990216046571732,0.9144278764724731,0.8284142017364502
YNL260C,YOR125C,0,-0.035211716,0.0998913049697876,0.9144278764724731,0.8285142779350281
YJR049C,YHR101C,0,-0.035521258,0.09988044947385788,0.9144278764724731,0.8286142945289612
YPR200C,YJL090C,0,-0.03584068,0.09986959397792816,0.9144278764724731,0.8287143707275391
YGL064C,YPL149W,0,-0.035864968,0.09985873848199844,0.9144278764724731,0.8288143873214722
YEL061C,YMR315W,0,-0.03597415,0.09984789043664932,0.9144278764724731,0.82891446352005
YKL127W,YJR113C,0,-0.03654008,0.0998370423913002,0.9144278764724731,0.8290144801139832
YPL179W,YDR333C,0,-0.037361298,0.09982620179653168,0.9144278764724731,0.829114556312561
YHR142W,YEL061C,0,-0.03743497,0.09981536120176315,0.9144278764724731,0.8292146325111389
YLR119W,YHR151C,0,-0.038343105,0.09980452060699463,0.9144278764724731,0.829314649105072
YCR037C,YBR077C,0,-0.038917992,0.0997936800122261,0.9144278764724731,0.8294147253036499
YPR149W,YOR213C,0,-0.039230857,0.09978284686803818,0.9144278764724731,0.829514741897583
YOR110W,YMR142C,0,-0.039337907,0.09977201372385025,0.9144278764724731,0.8296148180961609
YDL243C,YPL110C,0,-0.03938747,0.09976118057966232,0.9144278764724731,0.829714834690094
YPL192C,YLR098C,0,-0.03951258,0.09975035488605499,0.9144278764724731,0.8298149108886719
YMR210W,YBL045C,0,-0.039930735,0.09973952919244766,0.9144278764724731,0.8299149870872498
YHL002W,YMR220W,0,-0.04035351,0.09972870349884033,0.9144278764724731,0.8300150036811829
YNL142W,YPL069C,0,-0.04075933,0.0997178852558136,0.9144278764724731,0.8301150798797607
YBL010C,YGR179C,0,-0.040773813,0.09970705956220627,0.9144278764724731,0.8302150964736938
YDR099W,YIL013C,0,-0.040791888,0.09969624876976013,0.9144278764724731,0.8303151726722717
YHL035C,YBR004C,0,-0.041005168,0.0996854305267334,0.9144278764724731,0.8304151892662048
YKR051W,YER065C,0,-0.04118744,0.09967461973428726,0.9144278764724731,0.8305152654647827
YOR068C,YDL108W,0,-0.041295197,0.09966380894184113,0.9144278764724731,0.8306152820587158
YBR139W,YBR080C,0,-0.04136691,0.09965300559997559,0.9144278764724731,0.8307153582572937
YNL202W,YBR092C,0,-0.041588876,0.09964220225811005,0.9144278764724731,0.8308154344558716
YJL194W,YHL021C,0,-0.041749094,0.0996313989162445,0.9144278764724731,0.8309154510498047
YOR191W,YOR093C,0,-0.04199898,0.09962059557437897,0.9144278764724731,0.8310155272483826
YKL126W,YDR529C,0,-0.042725984,0.09960979968309402,0.9144278764724731,0.8311155438423157
YNL115C,YDR089W,0,-0.042763148,0.09959900379180908,0.9144278764724731,0.8312156200408936
YGL233W,YCR052W,0,-0.04303435,0.09958820790052414,0.9144278764724731,0.8313156366348267
YDR343C,YBR216C,0,-0.043054406,0.0995774194598198,0.9144278764724731,0.8314157128334045
YLL024C,YDR444W,0,-0.04334421,0.09956663101911545,0.9144278764724731,0.8315157294273376
YPL036W,YER027C,0,-0.043666754,0.0995558425784111,0.9144278764724731,0.8316158056259155
YFL062W,YDR529C,0,-0.043909643,0.09954506158828735,0.9144278764724731,0.8317158818244934
YDR468C,YPL041C,0,-0.043959204,0.0995342805981636,0.9144278764724731,0.8318158984184265
YOR176W,YDR296W,0,-0.044387687,0.09952349960803986,0.9144278764724731,0.8319159746170044
YGR276C,YGR282C,0,-0.044475023,0.0995127260684967,0.9144278764724731,0.8320159912109375
YGL048C,YDR172W,1,-0.044729862,0.09961022436618805,0.9154228568077087,0.8320159912109375
YGR168C,YMR264W,0,-0.04475561,0.0995994359254837,0.9154228568077087,0.8321160674095154
YMR111C,YGL150C,0,-0.045018006,0.09958865493535995,0.9154228568077087,0.8322160840034485
YDL004W,YBL058W,0,-0.045829196,0.0995778739452362,0.9154228568077087,0.8323161602020264
YOR173W,YBL051C,1,-0.04613282,0.09967532753944397,0.9164178967475891,0.8323161602020264
YPR198W,YHL036W,0,-0.04687241,0.09966453909873962,0.9164178967475891,0.8324162364006042
YIL087C,YKL209C,0,-0.04739544,0.09965375810861588,0.9164178967475891,0.8325162529945374
YGL139W,YBR056W,0,-0.047842745,0.09964296966791153,0.9164178967475891,0.8326163291931152
YML091C,YBL103C,0,-0.048065443,0.09963219612836838,0.9164178967475891,0.8327163457870483
YJR017C,YPR165W,0,-0.048433803,0.09962141513824463,0.9164178967475891,0.8328164219856262
YJL014W,YNR050C,0,-0.048451487,0.09961064159870148,0.9164178967475891,0.8329164385795593
YOL033W,YDR089W,0,-0.04853839,0.09959986805915833,0.9164178967475891,0.8330165147781372
YCL056C,YOL058W,0,-0.048943613,0.09958910197019577,0.9164178967475891,0.8331165313720703
YER048W-A,YPR124W,0,-0.049451564,0.09957833588123322,0.9164178967475891,0.8332166075706482
YJR161C,YGL246C,0,-0.049453806,0.09956756979227066,0.9164178967475891,0.8333166837692261
YDR437W,YCL040W,0,-0.049454663,0.0995568037033081,0.9164178967475891,0.8334167003631592
YBR173C,YDR489W,0,-0.05010164,0.09954604506492615,0.9164178967475891,0.8335167765617371
YAL056W,YMR036C,0,-0.05062126,0.09953528642654419,0.9164178967475891,0.8336167931556702
YML118W,YNL118C,1,-0.05097333,0.09963259100914001,0.9174129366874695,0.8336167931556702
YGR213C,YDR456W,0,-0.05243734,0.09962182492017746,0.9174129366874695,0.833716869354248
YOR316C,YHR033W,0,-0.052536402,0.0996110662817955,0.9174129366874695,0.8338168859481812
YIL156W,YGL208W,0,-0.053738944,0.09960030019283295,0.9174129366874695,0.833916962146759
YMR013C,YGR075C,0,-0.05388089,0.09958954155445099,0.9174129366874695,0.8340169787406921
YMR115W,YOL059W,0,-0.05406109,0.09957879036664963,0.9174129366874695,0.83411705493927
YIR024C,YIL176C,0,-0.054333184,0.09956803172826767,0.9174129366874695,0.8342171311378479
YCL075W,YPL026C,0,-0.054551724,0.09955728054046631,0.9174129366874695,0.834317147731781
YDR113C,YGR104C,0,-0.054673087,0.09954653680324554,0.9174129366874695,0.8344172239303589
YML014W,YLL055W,0,-0.05473909,0.09953578561544418,0.9174129366874695,0.834517240524292
YNL191W,YKL216W,0,-0.055267934,0.09952504187822342,0.9174129366874695,0.8346173167228699
YDR264C,YNR055C,0,-0.055335585,0.09951429814100266,0.9174129366874695,0.834717333316803
YLR098C,YEL052W,0,-0.05559353,0.09950356185436249,0.9174129366874695,0.8348174095153809
YDR356W,YEL061C,0,-0.055769328,0.09949282556772232,0.9174129366874695,0.8349174857139587
YNR044W,YBR216C,0,-0.055816595,0.09948208928108215,0.9174129366874695,0.8350175023078918
YMR272C,YNL075W,0,-0.056028787,0.09947135299444199,0.9174129366874695,0.8351175785064697
YLL007C,YJL024C,0,-0.056117374,0.09946062415838242,0.9174129366874695,0.8352175951004028
YBR170C,YKL023W,1,-0.056460086,0.09955775737762451,0.9184079766273499,0.8352175951004028
YPR023C,YDR151C,1,-0.05654389,0.09965487569570541,0.9194029569625854,0.8352175951004028
YMR153W,YDR126W,0,-0.057844523,0.09964412450790405,0.9194029569625854,0.8353176712989807
YOR316C,YJL030W,0,-0.05816171,0.09963338077068329,0.9194029569625854,0.8354176878929138
YER050C,YOR141C,0,-0.05832498,0.09962264448404312,0.9194029569625854,0.8355177640914917
YGR168C,YOR211C,0,-0.058670003,0.09961190074682236,0.9194029569625854,0.8356177806854248
YLR080W,YLR287C,0,-0.059131738,0.09960116446018219,0.9194029569625854,0.8357178568840027
YDL004W,YHR033W,0,-0.059498463,0.09959042817354202,0.9194029569625854,0.8358179330825806
YAL048C,YPR057W,0,-0.059563253,0.09957969933748245,0.9194029569625854,0.8359179496765137
YPR068C,YJL178C,0,-0.05957577,0.09956896305084229,0.9194029569625854,0.8360180258750916
YDR283C,YHR155W,0,-0.05979616,0.09955823421478271,0.9194029569625854,0.8361180424690247
YGL091C,YPL027W,0,-0.05987728,0.09954751282930374,0.9194029569625854,0.8362181186676025
YCL058C,YGR279C,0,-0.060134564,0.09953678399324417,0.9194029569625854,0.8363181352615356
YNL251C,YBR212W,1,-0.06037228,0.09963377565145493,0.9203979969024658,0.8363181352615356
YHR115C,YBR293W,0,-0.060969036,0.09962304681539536,0.9203979969024658,0.8364182114601135
YKL190W,YMR073C,0,-0.061395627,0.09961231797933578,0.9203979969024658,0.8365182876586914
YMR085W,YML031W,0,-0.061525617,0.09960159659385681,0.9203979969024658,0.8366183042526245
YKR049C,YGL080W,0,-0.06173155,0.09959086775779724,0.9203979969024658,0.8367183804512024
YOL148C,YGL115W,0,-0.06195121,0.09958014637231827,0.9203979969024658,0.8368183970451355
YOL151W,YMR027W,0,-0.062315825,0.09956943243741989,0.9203979969024658,0.8369184732437134
YGR055W,YBR025C,0,-0.0627476,0.09955871105194092,0.9203979969024658,0.8370184898376465
YPL280W,YDR135C,0,-0.06296532,0.09954799711704254,0.9203979969024658,0.8371185660362244
YPR198W,YJL094C,0,-0.06301722,0.09953728318214417,0.9203979969024658,0.8372185826301575
YEL062W,YMR196W,0,-0.063793,0.09952657669782639,0.9203979969024658,0.8373186588287354
YDL114W,YJL216C,0,-0.0639185,0.0995158702135086,0.9203979969024658,0.8374187350273132
YML001W,YOR003W,0,-0.06408712,0.09950516372919083,0.9203979969024658,0.8375187516212463
YER088C,YNL025C,0,-0.06422609,0.09949445724487305,0.9203979969024658,0.8376188278198242
YNR048W,YPL199C,0,-0.06495321,0.09948375821113586,0.9203979969024658,0.8377188444137573
YDR151C,YHR071W,0,-0.06530699,0.09947305917739868,0.9203979969024658,0.8378189206123352
YPL150W,YDR254W,0,-0.06622651,0.0994623675942421,0.9203979969024658,0.8379189372062683
YPR193C,YPR026W,0,-0.066453114,0.09945166856050491,0.9203979969024658,0.8380190134048462
YOR077W,YDR359C,0,-0.06649089,0.09944097697734833,0.9203979969024658,0.8381190299987793
YFR043C,YBR211C,0,-0.067261815,0.09943029284477234,0.9203979969024658,0.8382191061973572
YGR168C,YGL009C,0,-0.06736305,0.09941960126161575,0.9203979969024658,0.8383191823959351
YGL230C,YKL140W,0,-0.067983896,0.09940891712903976,0.9203979969024658,0.8384191989898682
YNL157W,YFL038C,1,-0.06835668,0.09950569272041321,0.9213930368423462,0.8384191989898682
YKR101W,YAL054C,0,-0.06855431,0.09949500113725662,0.9213930368423462,0.838519275188446
YER181C,YGL058W,0,-0.069559425,0.09948431700468063,0.9213930368423462,0.8386192917823792
YKL204W,YDL126C,1,-0.070175216,0.0995810478925705,0.9223880767822266,0.8386192917823792
YDR164C,YGL039W,0,-0.07033029,0.09957035630941391,0.9223880767822266,0.838719367980957
YMR004W,YIL034C,0,-0.070387006,0.09955965727567673,0.9223880767822266,0.8388193845748901
YOR175C,YDR511W,0,-0.07130399,0.09954896569252014,0.9223880767822266,0.838919460773468
YGL189C,YNR040W,0,-0.07141906,0.09953828155994415,0.9223880767822266,0.8390195369720459
YMR115W,YNL330C,0,-0.071576625,0.09952758997678757,0.9223880767822266,0.839119553565979
YNR036C,YOR291W,0,-0.071936935,0.09951690584421158,0.9223880767822266,0.8392196297645569
YGR199W,YKL140W,0,-0.072081715,0.09950622916221619,0.9223880767822266,0.83931964635849
YCR011C,YAL054C,0,-0.07217342,0.0994955450296402,0.9223880767822266,0.8394197225570679
YFL014W,YDL135C,0,-0.07229221,0.0994848683476448,0.9223880767822266,0.839519739151001
YHL002W,YBR045C,0,-0.07258205,0.09947419166564941,0.9223880767822266,0.8396198153495789
YKR051W,YNL218W,0,-0.072688565,0.09946352243423462,0.9223880767822266,0.839719831943512
YPR124W,YNL091W,0,-0.0726974,0.09945284575223923,0.9223880767822266,0.8398199081420898
YGR068C,YMR274C,0,-0.072805375,0.09944217652082443,0.9223880767822266,0.8399199843406677
YBR160W,YNR060W,0,-0.07296261,0.09943151473999023,0.9223880767822266,0.8400200009346008
YPL159C,YER181C,0,-0.07314268,0.09942085295915604,0.9223880767822266,0.8401200771331787
YGR213C,YGR013W,0,-0.07329005,0.09941019117832184,0.9223880767822266,0.8402200937271118
YDR389W,YOL089C,0,-0.07331862,0.09939952939748764,0.9223880767822266,0.8403201699256897
YDR296W,YNL006W,0,-0.07391673,0.09938886761665344,0.9223880767822266,0.8404201865196228
YNL239W,YPL150W,0,-0.073952764,0.09937821328639984,0.9223880767822266,0.8405202627182007
YOL060C,YER066W,0,-0.07412103,0.09936756640672684,0.9223880767822266,0.8406203389167786
YGR250C,YOL137W,0,-0.07447834,0.09935691207647324,0.9223880767822266,0.8407203555107117
YOR172W,YPL196W,0,-0.07473101,0.09934626519680023,0.9223880767822266,0.8408204317092896
YMR312W,YPR193C,0,-0.07489586,0.09933561831712723,0.9223880767822266,0.8409204483032227
YCR057C,YKL217W,0,-0.075023144,0.09932497888803482,0.9223880767822266,0.8410205245018005
YKL009W,YOL021C,1,-0.07504435,0.09942147135734558,0.9233830571174622,0.8410205245018005
YNR076W,YKR085C,0,-0.075069755,0.09941081702709198,0.9233830571174622,0.8411205410957336
YHR210C,YDL146W,0,-0.07513884,0.09940017014741898,0.9233830571174622,0.8412206172943115
YMR287C,YLL056C,0,-0.07523042,0.09938952326774597,0.9233830571174622,0.8413206338882446
YNR010W,YDR153C,0,-0.07547948,0.09937888383865356,0.9233830571174622,0.8414207100868225
YNR022C,YLR333C,0,-0.07594332,0.09936824440956116,0.9233830571174622,0.8415207862854004
YMR295C,YLR228C,0,-0.07612693,0.09935760498046875,0.9233830571174622,0.8416208028793335
YPR201W,YOR003W,0,-0.07619846,0.09934696555137634,0.9233830571174622,0.8417208790779114
YMR284W,YBR173C,0,-0.07641785,0.09933633357286453,0.9233830571174622,0.8418208956718445
YKL129C,YDL119C,0,-0.07659306,0.09932570159435272,0.9233830571174622,0.8419209718704224
YDR532C,YNL213C,0,-0.07665056,0.09931506961584091,0.9233830571174622,0.8420209884643555
YLR118C,YJR017C,0,-0.076667175,0.0993044376373291,0.9233830571174622,0.8421210646629333
YBR107C,YCR100C,0,-0.076955885,0.09929381310939789,0.9233830571174622,0.8422210812568665
YPR129W,YBL045C,0,-0.07703692,0.09928319603204727,0.9233830571174622,0.8423211574554443
YGR157W,YNL312W,0,-0.07721302,0.09927257150411606,0.9233830571174622,0.8424212336540222
YGL077C,YER048C,0,-0.07770765,0.09926195442676544,0.9233830571174622,0.8425212502479553
YBR279W,YHR079C-A,0,-0.079034716,0.09925133734941483,0.9233830571174622,0.8426213264465332
YHR005C,YPL183W-A,0,-0.07939874,0.09924072027206421,0.9233830571174622,0.8427213430404663
YNL020C,YBL037W,0,-0.079420075,0.09923011064529419,0.9233830571174622,0.8428214192390442
YJL072C,YNL031C,0,-0.07954854,0.09921950101852417,0.9233830571174622,0.8429214358329773
YER001W,YKL013C,0,-0.07956228,0.09920889139175415,0.9233830571174622,0.8430215120315552
YLR118C,YGR174C,0,-0.07998529,0.09919828921556473,0.9233830571174622,0.8431215882301331
YJR057W,YOR304C-A,0,-0.080577224,0.0991876870393753,0.9233830571174622,0.8432216048240662
YDR264C,YDR489W,0,-0.08107516,0.09917708486318588,0.9233830571174622,0.843321681022644
YDR208W,YNR022C,0,-0.08143547,0.09916649013757706,0.9233830571174622,0.8434216976165771
YDL004W,YJL155C,0,-0.08165923,0.09915589541196823,0.9233830571174622,0.843521773815155
YMR153W,YNL202W,0,-0.08205365,0.0991453006863594,0.9233830571174622,0.8436217904090881
YML050W,YDR188W,0,-0.08228871,0.09913470596075058,0.9233830571174622,0.843721866607666
YIL087C,YDR343C,0,-0.08244729,0.09912411868572235,0.9233830571174622,0.8438218832015991
YMR024W,YLR064W,0,-0.08288565,0.09911353141069412,0.9233830571174622,0.843921959400177
YDR188W,YNL036W,0,-0.082905844,0.0991029441356659,0.9233830571174622,0.8440220355987549
YCR100C,YPR127W,0,-0.082975,0.09909236431121826,0.9233830571174622,0.844122052192688
YLR239C,YDR196C,0,-0.08298533,0.09908178448677063,0.9233830571174622,0.8442221283912659
YKR065C,YHL019C,0,-0.083086565,0.099071204662323,0.9233830571174622,0.844322144985199
YCL001W-A,YGR030C,1,-0.08331382,0.09916737675666809,0.9243780970573425,0.844322144985199
YLR453C,YDL245C,0,-0.0833645,0.09915679693222046,0.9243780970573425,0.8444222211837769
YGL131C,YCR106W,0,-0.083419904,0.09914620965719223,0.9243780970573425,0.84452223777771
YBR129C,YNR022C,0,-0.083613336,0.0991356298327446,0.9243780970573425,0.8446223139762878
YDR266C,YKR084C,1,-0.08367473,0.09923175722360611,0.9253731369972229,0.8446223139762878
YMR088C,YFR038W,0,-0.08381459,0.09922116994857788,0.9253731369972229,0.8447223901748657
YDR098C-B,YMR143W,0,-0.084061146,0.09921058267354965,0.9253731369972229,0.8448224067687988
YIL030C,YJL162C,0,-0.08423828,0.09920000284910202,0.9253731369972229,0.8449224829673767
YJR074W,YHR101C,0,-0.084349126,0.09918942302465439,0.9253731369972229,0.8450224995613098
YPL220W,YGL077C,0,-0.0846366,0.09917884320020676,0.9253731369972229,0.8451225757598877
YMR284W,YNL006W,0,-0.085611835,0.09916826337575912,0.9253731369972229,0.8452225923538208
YPL127C,YPL149W,0,-0.08599864,0.09915769100189209,0.9253731369972229,0.8453226685523987
YPR086W,YHR199C,0,-0.086229056,0.09914711862802505,0.9253731369972229,0.8454226851463318
YMR133W,YOR267C,0,-0.086451024,0.09913655370473862,0.9253731369972229,0.8455227613449097
YGR104C,YBR059C,0,-0.08653425,0.09912598878145218,0.9253731369972229,0.8456228375434875
YDR343C,YGR048W,0,-0.086835295,0.09911542385816574,0.9253731369972229,0.8457228541374207
YGL085W,YCR102C,0,-0.08721551,0.0991048589348793,0.9253731369972229,0.8458229303359985
YGL237C,YLR098C,0,-0.08764913,0.09909430146217346,0.9253731369972229,0.8459229469299316
YNL081C,YLR422W,0,-0.08788282,0.09908374398946762,0.9253731369972229,0.8460230231285095
YML091C,YLR256W,0,-0.088254124,0.09907318651676178,0.9253731369972229,0.8461230397224426
YDR074W,YDR529C,0,-0.08826041,0.09906263649463654,0.9253731369972229,0.8462231159210205
YLR001C,YNR076W,0,-0.088659674,0.0990520790219307,0.9253731369972229,0.8463231325149536
YER083C,YBR278W,0,-0.088845,0.09904153645038605,0.9253731369972229,0.8464232087135315
YLR023C,YDL106C,0,-0.088880554,0.0990309864282608,0.9253731369972229,0.8465232849121094
YLR070C,YDL119C,0,-0.08930136,0.09902044385671616,0.9253731369972229,0.8466233015060425
YGL246C,YEL052W,0,-0.089791715,0.09900990128517151,0.9253731369972229,0.8467233777046204
YPL183W-A,YPL095C,0,-0.090289146,0.09899935871362686,0.9253731369972229,0.8468233942985535
YPL101W,YDL128W,0,-0.09029761,0.09898882359266281,0.9253731369972229,0.8469234704971313
YPL271W,YBR208C,0,-0.09036937,0.09897828847169876,0.9253731369972229,0.8470234870910645
YNL216W,YGL183C,0,-0.09037906,0.09896775335073471,0.9253731369972229,0.8471235632896423
YGR270W,YNL260C,0,-0.0903977,0.09895722568035126,0.9253731369972229,0.8472236394882202
YBR216C,YDR481C,0,-0.09043208,0.0989466980099678,0.9253731369972229,0.8473236560821533
YGR047C,YGL051W,0,-0.09055665,0.09893617033958435,0.9253731369972229,0.8474237322807312
YDL066W,YBR139W,0,-0.091019884,0.0989256426692009,0.9253731369972229,0.8475237488746643
YNR040W,YDL044C,0,-0.09119658,0.09891512244939804,0.9253731369972229,0.8476238250732422
YPR067W,YAL048C,0,-0.09120768,0.09890460222959518,0.9253731369972229,0.8477238416671753
YJR131W,YJR033C,0,-0.09146057,0.09889408946037292,0.9253731369972229,0.8478239178657532
YPL256C,YPL183W-A,0,-0.09153226,0.09888356924057007,0.9253731369972229,0.8479239344596863
YDR147W,YPL076W,0,-0.09203687,0.09887305647134781,0.9253731369972229,0.8480240106582642
YKL200C,YGL045W,0,-0.09288344,0.09886255115270615,0.9253731369972229,0.848124086856842
YCR084C,YMR001C,0,-0.09289792,0.09885203838348389,0.9253731369972229,0.8482241034507751
YDL108W,YGL121C,0,-0.09317839,0.09884153306484222,0.9253731369972229,0.848324179649353
YGL077C,YPR057W,0,-0.0937188,0.09883102774620056,0.9253731369972229,0.8484241962432861
YDL004W,YNR030W,0,-0.0938659,0.0988205298781395,0.9253731369972229,0.848524272441864
YLR054C,YCR024C,0,-0.094801724,0.09881003201007843,0.9253731369972229,0.8486242890357971
YKL208W,YOL058W,0,-0.09481332,0.09879953414201736,0.9253731369972229,0.848724365234375
YNL219C,YGR067C,0,-0.09504594,0.0987890362739563,0.9253731369972229,0.8488244414329529
YMR077C,YOR255W,0,-0.095896065,0.09877854585647583,0.9253731369972229,0.848924458026886
YGL234W,YGR096W,0,-0.09633258,0.09876805543899536,0.9253731369972229,0.8490245342254639
YDL171C,YJR151C,0,-0.09682831,0.09875756502151489,0.9253731369972229,0.849124550819397
YDL114W,YKR027W,0,-0.09690359,0.09874708205461502,0.9253731369972229,0.8492246270179749
YCL008C,YKL043W,0,-0.09785575,0.09873659908771515,0.9253731369972229,0.849324643611908
YHR101C,YPL196W,0,-0.098044366,0.09872611612081528,0.9253731369972229,0.8494247198104858
YMR148W,YDR529C,0,-0.09816274,0.0987156331539154,0.9253731369972229,0.849524736404419
YML050W,YNL025C,0,-0.09889679,0.09870515763759613,0.9253731369972229,0.8496248126029968
YLR371W,YPL041C,0,-0.09898038,0.09869468212127686,0.9253731369972229,0.8497248888015747
YIL016W,YER007W,0,-0.09929326,0.09868421405553818,0.9253731369972229,0.8498249053955078
YNL164C,YHR101C,0,-0.09945494,0.0986737385392189,0.9253731369972229,0.8499249815940857
YOL013C,YER101C,0,-0.09992924,0.09866327047348022,0.9253731369972229,0.8500249981880188
YOR264W,YBR278W,0,-0.100506425,0.09865280240774155,0.9253731369972229,0.8501250743865967
YMR174C,YLR453C,0,-0.100744575,0.09864234179258347,0.9253731369972229,0.8502250909805298
YBR161W,YKL032C,0,-0.100819394,0.09863188117742538,0.9253731369972229,0.8503251671791077
YBL100W-B,YJR035W,0,-0.10170299,0.0986214205622673,0.9253731369972229,0.8504251837730408
YJR088C,YMR004W,0,-0.101958886,0.09861096739768982,0.9253731369972229,0.8505252599716187
YLR173W,YGR058W,0,-0.102062136,0.09860050678253174,0.9253731369972229,0.8506253361701965
YEL048C,YEL029C,0,-0.10208593,0.09859005361795425,0.9253731369972229,0.8507253527641296
YBR147W,YNL081C,0,-0.1021336,0.09857960790395737,0.9253731369972229,0.8508254289627075
YLR097C,YGR013W,0,-0.10244486,0.09856915473937988,0.9253731369972229,0.8509254455566406
YGL143C,YNL330C,0,-0.1024645,0.098558709025383,0.9253731369972229,0.8510255217552185
YER088C,YGL094C,0,-0.10304406,0.0985482707619667,0.9253731369972229,0.8511255383491516
YLR034C,YDR178W,0,-0.1034801,0.09853782504796982,0.9253731369972229,0.8512256145477295
YPL256C,YCR014C,0,-0.104094416,0.09852738678455353,0.9253731369972229,0.8513256907463074
YGL243W,YKR058W,0,-0.10433227,0.09851694852113724,0.9253731369972229,0.8514257073402405
YGR003W,YPR011C,0,-0.1045807,0.09850651770830154,0.9253731369972229,0.8515257835388184
YPR200C,YOR223W,0,-0.10459976,0.09849607944488525,0.9253731369972229,0.8516258001327515
YPR067W,YMR044W,0,-0.10519031,0.09848564863204956,0.9253731369972229,0.8517258763313293
YNL280C,YBR030W,0,-0.10520382,0.09847522526979446,0.9253731369972229,0.8518258929252625
YDR028C,YGL230C,0,-0.105376005,0.09846479445695877,0.9253731369972229,0.8519259691238403
YPR200C,YNL240C,0,-0.10718939,0.09845437109470367,0.9253731369972229,0.8520259857177734
YJL155C,YJR100C,0,-0.10785812,0.09844394773244858,0.9253731369972229,0.8521260619163513
YMR251W-A,YNL312W,0,-0.108021766,0.09843353182077408,0.9253731369972229,0.8522261381149292
YDL120W,YOR381W,0,-0.10813597,0.09842311590909958,0.9253731369972229,0.8523261547088623
YCR024C,YLR183C,0,-0.108365,0.09841269999742508,0.9253731369972229,0.8524262309074402
YOR141C,YIL013C,0,-0.1089569,0.09840228408575058,0.9253731369972229,0.8525262475013733
YNL149C,YOL113W,0,-0.109017506,0.09839187562465668,0.9253731369972229,0.8526263236999512
YMR210W,YOL155C,0,-0.109393775,0.09838146716356277,0.9253731369972229,0.8527263402938843
YMR148W,YBR188C,0,-0.10945901,0.09837105870246887,0.9253731369972229,0.8528264164924622
YIL041W,YPL222W,0,-0.10961412,0.09836065769195557,0.9253731369972229,0.85292649269104
YCL040W,YMR251W-A,0,-0.109983,0.09835025668144226,0.9253731369972229,0.8530265092849731
YIL041W,YCR084C,0,-0.11086415,0.09833985567092896,0.9253731369972229,0.853126585483551
YKL011C,YHL036W,0,-0.111561775,0.09832945466041565,0.9253731369972229,0.8532266020774841
YOR264W,YLR183C,0,-0.11199851,0.09831906110048294,0.9253731369972229,0.853326678276062
YFL042C,YMR101C,0,-0.11251363,0.09830866754055023,0.9253731369972229,0.8534266948699951
YNR022C,YER068W,0,-0.11267111,0.09829827398061752,0.9253731369972229,0.853526771068573
YOR090C,YNL020C,0,-0.112743065,0.09828788787126541,0.9253731369972229,0.8536267876625061
YMR244C-A,YJR137C,0,-0.11307907,0.0982775017619133,0.9253731369972229,0.853726863861084
YLR442C,YJR091C,1,-0.11339165,0.09837277978658676,0.9263681769371033,0.853726863861084
YGL187C,YDL064W,0,-0.11356935,0.09836238622665405,0.9263681769371033,0.8538269400596619
YPL047W,YOL156W,0,-0.11390406,0.09835200011730194,0.9263681769371033,0.853926956653595
YER167W,YLR080W,0,-0.11420497,0.09834160655736923,0.9263681769371033,0.8540270328521729
YDR248C,YBR131W,0,-0.114634454,0.09833122044801712,0.9263681769371033,0.854127049446106
YDL095W,YGL208W,0,-0.11469193,0.09832083433866501,0.9263681769371033,0.8542271256446838
YNR076W,YMR287C,0,-0.11518802,0.0983104556798935,0.9263681769371033,0.8543271422386169
YHL018W,YDR178W,0,-0.11551729,0.09830007702112198,0.9263681769371033,0.8544272184371948
YMR056C,YDR497C,0,-0.11552605,0.09828969836235046,0.9263681769371033,0.8545272350311279
YBR175W,YDR001C,0,-0.11606863,0.09827931970357895,0.9263681769371033,0.8546273112297058
YIL009C-A,YNR040W,0,-0.116550714,0.09826894849538803,0.9263681769371033,0.8547273874282837
YPR111W,YGL222C,1,-0.11657411,0.09836411476135254,0.9273631572723389,0.8547273874282837
YKL222C,YDR151C,0,-0.11682159,0.09835373610258102,0.9273631572723389,0.8548274040222168
YPL163C,YIL005W,0,-0.11688416,0.09834335744380951,0.9273631572723389,0.8549274802207947
YPR129W,YMR174C,0,-0.11702433,0.098332978785038,0.9273631572723389,0.8550274968147278
YDR117C,YDL137W,0,-0.11726165,0.09832260757684708,0.9273631572723389,0.8551275730133057
YGL147C,YNR060W,0,-0.11736521,0.09831223636865616,0.9273631572723389,0.8552275896072388
YDL120W,YPL101W,0,-0.11750759,0.09830186516046524,0.9273631572723389,0.8553276658058167
YNR036C,YJL162C,0,-0.11773148,0.09829150140285492,0.9273631572723389,0.8554277420043945
YKL059C,YDR524C,0,-0.117945194,0.0982811376452446,0.9273631572723389,0.8555277585983276
YKL222C,YBL106C,0,-0.11828685,0.09827077388763428,0.9273631572723389,0.8556278347969055
YML010W,YOL152W,0,-0.118361354,0.09826041013002396,0.9273631572723389,0.8557278513908386
YCR037C,YPL027W,0,-0.11854921,0.09825005382299423,0.9273631572723389,0.8558279275894165
YCL057W,YCR100C,0,-0.11888257,0.09823969751596451,0.9273631572723389,0.8559279441833496
YLR070C,YLR073C,0,-0.11964229,0.09822934120893478,0.9273631572723389,0.8560280203819275
YOR358W,YLL054C,0,-0.11984563,0.09821899235248566,0.9273631572723389,0.8561280369758606
YDL193W,YJL225C,0,-0.1199899,0.09820864349603653,0.9273631572723389,0.8562281131744385
YKR065C,YCR052W,0,-0.12010917,0.0981982946395874,0.9273631572723389,0.8563281893730164
YNL064C,YNL075W,0,-0.120298475,0.09818794578313828,0.9273631572723389,0.8564282059669495
YER156C,YBR186W,0,-0.1204043,0.09817760437726974,0.9273631572723389,0.8565282821655273
YLR239C,YPR098C,0,-0.12084296,0.09816726297140121,0.9273631572723389,0.8566282987594604
YBR265W,YAR015W,0,-0.12141256,0.09815692156553268,0.9273631572723389,0.8567283749580383
YDR059C,YLR417W,0,-0.12183152,0.09814658761024475,0.9273631572723389,0.8568283915519714
YGL051W,YEL061C,0,-0.12195212,0.09813625365495682,0.9273631572723389,0.8569284677505493
YEL038W,YDR059C,0,-0.12206617,0.09812591969966888,0.9273631572723389,0.8570285439491272
YGR042W,YBR275C,0,-0.12228869,0.09811559319496155,0.9273631572723389,0.8571285605430603
YBR235W,YML015C,0,-0.12246667,0.09810526669025421,0.9273631572723389,0.8572286367416382
YML091C,YAL031C,0,-0.12302902,0.09809494018554688,0.9273631572723389,0.8573286533355713
YOL019W,YPR175W,0,-0.12305808,0.09808461368083954,0.9273631572723389,0.8574287295341492
YMR053C,YLR081W,0,-0.12363291,0.0980742946267128,0.9273631572723389,0.8575287461280823
YDR270W,YML081C-A,0,-0.12363842,0.09806397557258606,0.9273631572723389,0.8576288223266602
YER052C,YJL191W,0,-0.123916,0.09805365651845932,0.9273631572723389,0.8577288389205933
YDR040C,YJR100C,0,-0.12392342,0.09804333746433258,0.9273631572723389,0.8578289151191711
YIL087C,YJR050W,0,-0.12466927,0.09803302586078644,0.9273631572723389,0.857928991317749
YOR205C,YLR064W,0,-0.1252317,0.0980227142572403,0.9273631572723389,0.8580290079116821
YOL013C,YHR155W,0,-0.12536247,0.09801241010427475,0.9273631572723389,0.85812908411026
YDL099W,YHL002W,0,-0.12570967,0.0980021059513092,0.9273631572723389,0.8582291007041931
YDL085W,YOR316C,0,-0.12588406,0.09799180179834366,0.9273631572723389,0.858329176902771
YFL018C,YLR004C,0,-0.126104,0.09798149764537811,0.9273631572723389,0.8584291934967041
YPR027C,YNL176C,0,-0.12639388,0.09797120094299316,0.9273631572723389,0.858529269695282
YOL083W,YNR073C,0,-0.12654445,0.09796089679002762,0.9273631572723389,0.8586292862892151
YMR275C,YDR196C,0,-0.12726966,0.09795060753822327,0.9273631572723389,0.858729362487793
YOR167C,YOR270C,0,-0.12731618,0.09794031083583832,0.9273631572723389,0.8588294386863708
YLL015W,YLR423C,0,-0.12746502,0.09793002158403397,0.9273631572723389,0.858929455280304
YBR072W,YBL106C,0,-0.12774399,0.09791973233222961,0.9273631572723389,0.8590295314788818
YNL239W,YPL049C,0,-0.12820734,0.09790944308042526,0.9273631572723389,0.8591295480728149
YPR198W,YOL125W,0,-0.12839594,0.09789916127920151,0.9273631572723389,0.8592296242713928
YOR211C,YNL322C,0,-0.12842396,0.09788887947797775,0.9273631572723389,0.8593296408653259
YNR010W,YPL270W,0,-0.1286752,0.097878597676754,0.9273631572723389,0.8594297170639038
YLR404W,YIL118W,0,-0.12895775,0.09786831587553024,0.9273631572723389,0.8595297932624817
YDL132W,YPL041C,0,-0.12898315,0.09785804152488708,0.9273631572723389,0.8596298098564148
YOL002C,YOL041C,0,-0.12932064,0.09784776717424393,0.9273631572723389,0.8597298860549927
YIR033W,YJR043C,1,-0.1296366,0.09794247150421143,0.9283581972122192,0.8597298860549927
YML050W,YML069W,0,-0.1297579,0.09793218970298767,0.9283581972122192,0.8598299026489258
YLR408C,YKR027W,0,-0.12981616,0.09792191535234451,0.9283581972122192,0.8599299788475037
YPL252C,YDR529C,0,-0.1299093,0.09791164100170135,0.9283581972122192,0.8600299954414368
YLR392C,YGL058W,0,-0.12998514,0.0979013666510582,0.9283581972122192,0.8601300716400146
YPR067W,YDL210W,0,-0.1303153,0.09789109230041504,0.9283581972122192,0.8602300882339478
YKL133C,YGL039W,0,-0.13068044,0.09788082540035248,0.9283581972122192,0.8603301644325256
YGL091C,YKL129C,0,-0.13116014,0.09787055850028992,0.9283581972122192,0.8604302406311035
YOL002C,YLR291C,0,-0.1314114,0.09786029160022736,0.9283581972122192,0.8605302572250366
YKL181W,YJL093C,0,-0.13148503,0.0978500247001648,0.9283581972122192,0.8606303334236145
YKL208W,YHR071W,0,-0.13178918,0.09783976525068283,0.9283581972122192,0.8607303500175476
YMR282C,YEL052W,0,-0.13181683,0.09782950580120087,0.9283581972122192,0.8608304262161255
YBR115C,YJL044C,0,-0.1318377,0.0978192463517189,0.9283581972122192,0.8609304428100586
YMR073C,YBL019W,0,-0.13283119,0.09780899435281754,0.9283581972122192,0.8610305190086365
YOL110W,YML066C,0,-0.13332334,0.09779874235391617,0.9283581972122192,0.8611305356025696
YNL244C,YOR175C,0,-0.13350084,0.0977884903550148,0.9283581972122192,0.8612306118011475
YGL048C,YDR315C,1,-0.13368516,0.09788304567337036,0.9293532371520996,0.8612306118011475
YPL163C,YDR148C,0,-0.13373914,0.0978727862238884,0.9293532371520996,0.8613306879997253
YDR089W,YLR408C,0,-0.13411745,0.09786253422498703,0.9293532371520996,0.8614307045936584
YKL087C,YBR199W,0,-0.13468519,0.09785228222608566,0.9293532371520996,0.8615307807922363
YGL234W,YOR167C,0,-0.1354115,0.0978420302271843,0.9293532371520996,0.8616307973861694
YOR230W,YLR077W,0,-0.13570483,0.09783177822828293,0.9293532371520996,0.8617308735847473
YHR123W,YDL128W,0,-0.13633771,0.09782153367996216,0.9293532371520996,0.8618308901786804
YMR029C,YDL078C,0,-0.13678393,0.09781128913164139,0.9293532371520996,0.8619309663772583
YNR030W,YMR027W,0,-0.13696413,0.09780104458332062,0.9293532371520996,0.8620310425758362
YER010C,YNL219C,0,-0.13730411,0.09779080748558044,0.9293532371520996,0.8621310591697693
YMR172W,YPR001W,0,-0.13806115,0.09778057038784027,0.9293532371520996,0.8622311353683472
YGR244C,YLR226W,0,-0.1382629,0.0977703332901001,0.9293532371520996,0.8623311519622803
YDL229W,YEL052W,0,-0.1383057,0.09776010364294052,0.9293532371520996,0.8624312281608582
YJL127C-B,YCR014C,0,-0.13835177,0.09774986654520035,0.9293532371520996,0.8625312447547913
YER101C,YAR019C,0,-0.13927916,0.09773963689804077,0.9293532371520996,0.8626313209533691
YML024W,YHR042W,0,-0.13993803,0.09772941470146179,0.9293532371520996,0.8627313375473022
YKL149C,YDR333C,0,-0.14052631,0.09771918505430222,0.9293532371520996,0.8628314137458801
YKL221W,YMR136W,0,-0.14069965,0.09770896285772324,0.9293532371520996,0.862931489944458
YGR046W,YDR393W,0,-0.14079443,0.09769874811172485,0.9293532371520996,0.8630315065383911
YOL032W,YDR460W,0,-0.1410293,0.09768852591514587,0.9293532371520996,0.863131582736969
YOL095C,YHR123W,0,-0.14128521,0.09767831116914749,0.9293532371520996,0.8632315993309021
YPR035W,YKL095W,0,-0.1415194,0.09766809642314911,0.9293532371520996,0.86333167552948
YBR216C,YLL056C,0,-0.14177239,0.09765788167715073,0.9293532371520996,0.8634316921234131
YGR042W,YNL264C,0,-0.14181769,0.09764767438173294,0.9293532371520996,0.863531768321991
YBR199W,YNL188W,0,-0.14221705,0.09763746708631516,0.9293532371520996,0.8636318445205688
YIL050W,YER070W,0,-0.14237201,0.09762725979089737,0.9293532371520996,0.863731861114502
YNL124W,YBR093C,0,-0.14306799,0.09761705994606018,0.9293532371520996,0.8638319373130798
YKR061W,YHR151C,0,-0.14316775,0.0976068526506424,0.9293532371520996,0.8639319539070129
YGL131C,YBR109C,0,-0.14350599,0.0975966528058052,0.9293532371520996,0.8640320301055908
YGL080W,YKL039W,0,-0.14403209,0.09758646041154861,0.9293532371520996,0.8641320466995239
YNL142W,YLR383W,0,-0.14417905,0.09757626056671143,0.9293532371520996,0.8642321228981018
YIL041W,YLR165C,0,-0.14516354,0.09756606817245483,0.9293532371520996,0.8643321394920349
YJL173C,YPR165W,0,-0.14561316,0.09755588322877884,0.9293532371520996,0.8644322156906128
YLR419W,YNL293W,0,-0.14566785,0.09754569083452225,0.9293532371520996,0.8645322918891907
YOL059W,YBR115C,0,-0.14583448,0.09753550589084625,0.9293532371520996,0.8646323084831238
YML081C-A,YGR279C,0,-0.14592096,0.09752532094717026,0.9293532371520996,0.8647323846817017
YLR264W,YGR235C,0,-0.14645973,0.09751513600349426,0.9293532371520996,0.8648324012756348
YML046W,YLL007C,0,-0.14666836,0.09750495851039886,0.9293532371520996,0.8649324774742126
YOR042W,YNL167C,0,-0.14672348,0.09749478101730347,0.9293532371520996,0.8650324940681458
YOL013C,YJR035W,0,-0.14676662,0.09748460352420807,0.9293532371520996,0.8651325702667236
YHR181W,YNL239W,0,-0.14707485,0.09747443348169327,0.9293532371520996,0.8652325868606567
YHR097C,YDR460W,0,-0.14709589,0.09746425598859787,0.9293532371520996,0.8653326630592346
YHL021C,YBR025C,0,-0.147432,0.09745409339666367,0.9293532371520996,0.8654327392578125
YMR256C,YJR049C,0,-0.14755407,0.09744392335414886,0.9293532371520996,0.8655327558517456
YLR070C,YJR033C,0,-0.14781106,0.09743376076221466,0.9293532371520996,0.8656328320503235
YIR031C,YOL103W,0,-0.14797619,0.09742359817028046,0.9293532371520996,0.8657328486442566
YOR194C,YBR072W,0,-0.14848566,0.09741343557834625,0.9293532371520996,0.8658329248428345
YPR048W,YKL039W,0,-0.14852026,0.09740327298641205,0.9293532371520996,0.8659329414367676
YIR031C,YMR027W,0,-0.14866206,0.09739311784505844,0.9293532371520996,0.8660330176353455
YLR378C,YDR359C,0,-0.14915387,0.09738296270370483,0.9293532371520996,0.8661330938339233
YIL041W,YHR019C,0,-0.1492444,0.09737280756235123,0.9293532371520996,0.8662331104278564
YDR096W,YHR199C,0,-0.1496148,0.09736265987157822,0.9293532371520996,0.8663331866264343
YOL146W,YBR221C,0,-0.1510051,0.0973525121808052,0.9293532371520996,0.8664332032203674
YGR094W,YKL217W,0,-0.15217486,0.0973423644900322,0.9293532371520996,0.8665332794189453
YMR156C,YOL058W,0,-0.15256204,0.09733222424983978,0.9293532371520996,0.8666332960128784
YDR174W,YBR025C,0,-0.15260626,0.09732207655906677,0.9293532371520996,0.8667333722114563
YOR380W,YLR114C,0,-0.15260768,0.09731193631887436,0.9293532371520996,0.8668333888053894
YMR282C,YJR103W,0,-0.1526334,0.09730180352926254,0.9293532371520996,0.8669334650039673
YER010C,YGR091W,0,-0.15307221,0.09729166328907013,0.9293532371520996,0.8670335412025452
YLR005W,YBR223C,0,-0.1533784,0.09728153049945831,0.9293532371520996,0.8671335577964783
YDR147W,YMR156C,0,-0.15345271,0.0972714051604271,0.9293532371520996,0.8672336339950562
YGR208W,YMR205C,0,-0.15365869,0.09726127237081528,0.9293532371520996,0.8673336505889893
YKR101W,YOL032W,0,-0.15373981,0.09725114703178406,0.9293532371520996,0.8674337267875671
YMR029C,YBR216C,0,-0.1546922,0.09724102169275284,0.9293532371520996,0.8675337433815002
YLR187W,YGR100W,0,-0.15511899,0.09723089635372162,0.9293532371520996,0.8676338195800781
YDL138W,YJL095W,0,-0.15558991,0.097220778465271,0.9293532371520996,0.867733895778656
YPL214C,YML067C,0,-0.15561098,0.09721066057682037,0.9293532371520996,0.8678339123725891
YJL006C,YCR048W,0,-0.15562479,0.09720054268836975,0.9293532371520996,0.867933988571167
YNL103W,YOR316C,0,-0.15628922,0.09719042479991913,0.9293532371520996,0.8680340051651001
YLR086W,YGR279C,0,-0.15655755,0.0971803143620491,0.9293532371520996,0.868134081363678
YMR053C,YFR038W,0,-0.1568461,0.09717020392417908,0.9293532371520996,0.8682340979576111
YLR048W,YFR032C-A,0,-0.15685728,0.09716009348630905,0.9293532371520996,0.868334174156189
YBR216C,YPR002W,0,-0.15692958,0.09714999049901962,0.9293532371520996,0.8684341907501221
YLL024C,YJR035W,0,-0.15712951,0.0971398875117302,0.9293532371520996,0.8685342669487
YNR066C,YKL190W,0,-0.15743756,0.09712978452444077,0.9293532371520996,0.8686343431472778
YBR293W,YJR029W,0,-0.15760931,0.09711968153715134,0.9293532371520996,0.8687343597412109
YOL156W,YBL023C,0,-0.15836495,0.0971095860004425,0.9293532371520996,0.8688344359397888
YGR042W,YFR015C,0,-0.15837234,0.09709949046373367,0.9293532371520996,0.8689344525337219
YMR251W-A,YDR489W,0,-0.15843748,0.09708939492702484,0.9293532371520996,0.8690345287322998
YJR159W,YNL136W,0,-0.1586283,0.0970793068408966,0.9293532371520996,0.8691345453262329
YOL044W,YPL270W,0,-0.15900216,0.09706921875476837,0.9293532371520996,0.8692346215248108
YDR468C,YNL312W,0,-0.15931696,0.09705913066864014,0.9293532371520996,0.8693346381187439
YPL163C,YPR119W,0,-0.16035298,0.0970490425825119,0.9293532371520996,0.8694347143173218
YGL130W,YKR051W,0,-0.16081616,0.09703896194696426,0.9293532371520996,0.8695347905158997
YJR088C,YNR030W,0,-0.16110322,0.09702888131141663,0.9293532371520996,0.8696348071098328
YDR529C,YBL085W,0,-0.16169341,0.09701880067586899,0.9293532371520996,0.8697348833084106
YOR136W,YBR014C,0,-0.16189995,0.09700872749090195,0.9293532371520996,0.8698348999023438
YOR294W,YDL243C,0,-0.1621441,0.09699864685535431,0.9293532371520996,0.8699349761009216
YGR048W,YMR264W,0,-0.16227531,0.09698857367038727,0.9293532371520996,0.8700349926948547
YDR354W,YIL115C,0,-0.1625011,0.09697850793600082,0.9293532371520996,0.8701350688934326
YPL101W,YLR064W,0,-0.16257215,0.09696844220161438,0.9293532371520996,0.8702351450920105
YNL136W,YDL087C,0,-0.16266543,0.09695836901664734,0.9293532371520996,0.8703351616859436
YBL042C,YBL058W,0,-0.16273978,0.09694831073284149,0.9293532371520996,0.8704352378845215
YCL008C,YDR155C,0,-0.16365735,0.09693824499845505,0.9293532371520996,0.8705352544784546
YOR063W,YNL002C,0,-0.16414574,0.0969281867146492,0.9293532371520996,0.8706353306770325
YDL210W,YJL030W,0,-0.16431513,0.09691812843084335,0.9293532371520996,0.8707353472709656
YIL005W,YDR325W,0,-0.1644349,0.0969080701470375,0.9293532371520996,0.8708354234695435
YCR105W,YDR393W,0,-0.16455282,0.09689801931381226,0.9293532371520996,0.8709354400634766
YFL062W,YDR261C,0,-0.1646643,0.096887968480587,0.9293532371520996,0.8710355162620544
YLR005W,YLR432W,0,-0.1656389,0.09687791764736176,0.9293532371520996,0.8711355924606323
YDL126C,YLR363C,1,-0.16718486,0.09697158634662628,0.93034827709198,0.8711355924606323
YOR093C,YPR055W,0,-0.16782185,0.09696152806282043,0.93034827709198,0.8712356090545654
YKR095W,YBR221C,0,-0.16784787,0.09695146977901459,0.93034827709198,0.8713356852531433
YBR147W,YBR139W,0,-0.16809022,0.09694141894578934,0.93034827709198,0.8714357018470764
YPL002C,YLR392C,0,-0.16879612,0.09693136811256409,0.93034827709198,0.8715357780456543
YOL060C,YIL005W,0,-0.169219,0.09692132472991943,0.93034827709198,0.8716357946395874
YOL013C,YLR183C,0,-0.17005385,0.09691127389669418,0.93034827709198,0.8717358708381653
YIL050W,YJL014W,0,-0.1704107,0.09690123051404953,0.93034827709198,0.8718359470367432
YPL047W,YGR075C,0,-0.17085935,0.09689119458198547,0.93034827709198,0.8719359636306763
YLR432W,YNL031C,0,-0.1729796,0.09688115119934082,0.93034827709198,0.8720360398292542
YKL204W,YML118W,1,-0.17308119,0.09697472304105759,0.9313432574272156,0.8720360398292542
YJL185C,YLR118C,0,-0.17340502,0.09696467220783234,0.9313432574272156,0.8721360564231873
YFR015C,YNL260C,0,-0.17344591,0.09695462882518768,0.9313432574272156,0.8722361326217651
YMR243C,YPR057W,0,-0.1737538,0.09694458544254303,0.9313432574272156,0.8723361492156982
YCR092C,YMR111C,0,-0.17425072,0.09693454951047897,0.9313432574272156,0.8724362254142761
YOR264W,YDL233W,0,-0.17453451,0.09692451357841492,0.9313432574272156,0.8725362420082092
YPL075W,YOR303W,0,-0.17505756,0.09691447764635086,0.9313432574272156,0.8726363182067871
YGR052W,YGR068C,0,-0.1750823,0.0969044417142868,0.9313432574272156,0.872736394405365
YDL025C,YDL245C,0,-0.17520487,0.09689441323280334,0.9313432574272156,0.8728364109992981
YMR024W,YKR101W,0,-0.17535837,0.09688437730073929,0.9313432574272156,0.872936487197876
YJL024C,YKL086W,0,-0.17538023,0.09687435626983643,0.9313432574272156,0.8730365037918091
YBR009C,YBR216C,0,-0.17572932,0.09686432778835297,0.9313432574272156,0.873136579990387
YDL135C,YJL123C,0,-0.17644303,0.0968543067574501,0.9313432574272156,0.8732365965843201
YMR244C-A,YBL058W,0,-0.17708263,0.09684428572654724,0.9313432574272156,0.873336672782898
YOR177C,YLR314C,0,-0.17715728,0.09683426469564438,0.9313432574272156,0.873436689376831
YBR235W,YKL095W,0,-0.17724252,0.09682425111532211,0.9313432574272156,0.8735367655754089
YJL214W,YLR114C,0,-0.17768759,0.09681423008441925,0.9313432574272156,0.8736368417739868
YJL047C,YNL136W,0,-0.17808703,0.09680421650409698,0.9313432574272156,0.8737368583679199
YLR227C,YDR117C,0,-0.17896757,0.09679421037435532,0.9313432574272156,0.8738369345664978
YJL004C,YJL144W,0,-0.17934698,0.09678419679403305,0.9313432574272156,0.8739369511604309
YMR145C,YDR105C,0,-0.17960605,0.09677419066429138,0.9313432574272156,0.8740370273590088
YPL010W,YGR013W,0,-0.17970482,0.09676419198513031,0.9313432574272156,0.8741370439529419
YDL160C,YGL173C,1,-0.1802123,0.09685755521059036,0.932338297367096,0.8741370439529419
YMR031C,YJR100C,0,-0.1802521,0.0968475416302681,0.932338297367096,0.8742371201515198
YBR208C,YKL011C,0,-0.18042052,0.09683753550052643,0.932338297367096,0.8743371963500977
YOR136W,YJL225C,0,-0.18067646,0.09682752937078476,0.932338297367096,0.8744372129440308
YFR043C,YMR088C,0,-0.18117018,0.09681752324104309,0.932338297367096,0.8745372891426086
YNL097C,YCL056C,0,-0.18179081,0.09680752456188202,0.932338297367096,0.8746373057365417
YER068W,YDL224C,1,-0.18179727,0.0969008281826973,0.9333333373069763,0.8746373057365417
YKL133C,YDR345C,0,-0.18212414,0.09689081460237503,0.9333333373069763,0.8747373819351196
YMR244C-A,YJL093C,0,-0.18247975,0.09688080847263336,0.9333333373069763,0.8748373985290527
YNR030W,YJR137C,0,-0.18271649,0.0968708023428917,0.9333333373069763,0.8749374747276306
YOL009C,YHR089C,0,-0.18333493,0.09686080366373062,0.9333333373069763,0.8750374913215637
YLR423C,YDL159W,0,-0.18335456,0.09685079753398895,0.9333333373069763,0.8751375675201416
YLR119W,YNL103W,0,-0.18357459,0.09684079885482788,0.9333333373069763,0.8752376437187195
YKL060C,YML067C,0,-0.1837421,0.0968308076262474,0.9333333373069763,0.8753376603126526
YGL058W,YJR033C,0,-0.18392682,0.09682080894708633,0.9333333373069763,0.8754377365112305
YFR044C,YER157W,0,-0.18430279,0.09681081771850586,0.9333333373069763,0.8755377531051636
YPR023C,YGR122W,1,-0.18488282,0.09690402448177338,0.9343283772468567,0.8755377531051636
YLL024C,YMR074C,0,-0.18496147,0.0968940258026123,0.9343283772468567,0.8756378293037415
YJL214W,YHR104W,0,-0.18700215,0.09688402712345123,0.9343283772468567,0.8757378458976746
YJR113C,YKL140W,0,-0.18747786,0.09687403589487076,0.9343283772468567,0.8758379220962524
YDR168W,YNL213C,0,-0.18839756,0.09686403721570969,0.9343283772468567,0.8759379982948303
YNR060W,YLR039C,0,-0.1886794,0.09685404598712921,0.9343283772468567,0.8760380148887634
YPR124W,YDL130W,0,-0.18871191,0.09684406220912933,0.9343283772468567,0.8761380910873413
YDR074W,YPL270W,0,-0.18871486,0.09683407098054886,0.9343283772468567,0.8762381076812744
YPL183W-A,YDR135C,0,-0.18993492,0.09682408720254898,0.9343283772468567,0.8763381838798523
YLR461W,YPL084W,0,-0.19006357,0.0968141034245491,0.9343283772468567,0.8764382004737854
YNL115C,YIL009C-A,0,-0.19017935,0.09680412709712982,0.9343283772468567,0.8765382766723633
YBR030W,YDR135C,0,-0.1915028,0.09679414331912994,0.9343283772468567,0.8766382932662964
YLL057C,YMR051C,0,-0.19176686,0.09678416699171066,0.9343283772468567,0.8767383694648743
YLR455W,YMR287C,0,-0.19202855,0.09677419066429138,0.9343283772468567,0.8768384456634521
YHL007C,YNL219C,0,-0.19228576,0.0967642217874527,0.9343283772468567,0.8769384622573853
YKL209C,YOL058W,0,-0.19372264,0.09675425291061401,0.9343283772468567,0.8770385384559631
YML097C,YBR008C,0,-0.19466108,0.09674428403377533,0.9343283772468567,0.8771385550498962
YMR112C,YFL062W,0,-0.19469205,0.09673431515693665,0.9343283772468567,0.8772386312484741
YLL033W,YAL012W,0,-0.1948834,0.09672435373067856,0.9343283772468567,0.8773386478424072
YDR522C,YBL019W,0,-0.19504693,0.09671439230442047,0.9343283772468567,0.8774387240409851
YKL186C,YKL140W,0,-0.1970838,0.09670443087816238,0.9343283772468567,0.8775387406349182
YLR378C,YJR137C,0,-0.19770281,0.0966944694519043,0.9343283772468567,0.8776388168334961
YOL009C,YKL126W,0,-0.19837743,0.0966845154762268,0.9343283772468567,0.877738893032074
YMR145C,YDR261C,0,-0.19875693,0.09667456150054932,0.9343283772468567,0.8778389096260071
YLR466W,YML006C,0,-0.19905262,0.09666460752487183,0.9343283772468567,0.877938985824585
YBR139W,YMR158W,0,-0.19915408,0.09665466099977493,0.9343283772468567,0.8780390024185181
YGL009C,YJL095W,0,-0.1998801,0.09664470702409744,0.9343283772468567,0.878139078617096
YPL270W,YOR251C,0,-0.20020446,0.09663476049900055,0.9343283772468567,0.878239095211029
YPR067W,YCR102C,0,-0.20084411,0.09662482142448425,0.9343283772468567,0.8783391714096069
YGL230C,YNL156C,0,-0.2009983,0.09661487489938736,0.9343283772468567,0.8784392476081848
YBR278W,YHR104W,0,-0.20231943,0.09660493582487106,0.9343283772468567,0.8785392642021179
YJL090C,YDL245C,0,-0.20287803,0.09659500420093536,0.9343283772468567,0.8786393404006958
YNL081C,YPR001W,0,-0.20307457,0.09658506512641907,0.9343283772468567,0.8787393569946289
YPL066W,YPR055W,0,-0.20319381,0.09657513350248337,0.9343283772468567,0.8788394331932068
YER015W,YLR238W,0,-0.2041826,0.09656520187854767,0.9343283772468567,0.8789394497871399
YPR198W,YDR356W,0,-0.20421427,0.09655527025461197,0.9343283772468567,0.8790395259857178
YLR241W,YBL103C,0,-0.20436183,0.09654534608125687,0.9343283772468567,0.8791395425796509
YAL007C,YER027C,0,-0.20458531,0.09653541445732117,0.9343283772468567,0.8792396187782288
YLR372W,YMR243C,0,-0.20516893,0.09652549028396606,0.9343283772468567,0.8793396949768066
YKL127W,YNL149C,0,-0.20545545,0.09651557356119156,0.9343283772468567,0.8794397115707397
YKR036C,YPL196W,0,-0.20583928,0.09650564938783646,0.9343283772468567,0.8795397877693176
YPR023C,YDR279W,1,-0.20630723,0.09659849852323532,0.9353233575820923,0.8795397877693176
YCL040W,YPR086W,0,-0.20661315,0.09658857434988022,0.9353233575820923,0.8796398043632507
YER118C,YDR135C,0,-0.20679688,0.09657865017652512,0.9353233575820923,0.8797398805618286
YLR422W,YGR140W,0,-0.20706749,0.09656872600317001,0.9353233575820923,0.8798398971557617
YNL157W,YJR043C,1,-0.20767146,0.0966615304350853,0.9363183975219727,0.8798398971557617
YDR483W,YNL305C,0,-0.20824072,0.0966515988111496,0.9363183975219727,0.8799399733543396
YCL047C,YDL108W,0,-0.20896217,0.0966416746377945,0.9363183975219727,0.8800400495529175
YDL230W,YER020W,0,-0.20923921,0.09663175046443939,0.9363183975219727,0.8801400661468506
YOL063C,YLL013C,1,-0.20981905,0.0967245101928711,0.937313437461853,0.8801400661468506
YKR065C,YMR284W,0,-0.21014087,0.0967145785689354,0.937313437461853,0.8802401423454285
YGL148W,YHR025W,0,-0.21097307,0.0967046469449997,0.937313437461853,0.8803401589393616
YDR105C,YDR468C,0,-0.21100405,0.09669472277164459,0.937313437461853,0.8804402351379395
YFR030W,YCL059C,0,-0.2112034,0.09668479859828949,0.937313437461853,0.8805402517318726
YCL073C,YPL091W,0,-0.21158573,0.09667487442493439,0.937313437461853,0.8806403279304504
YDL126C,YFL038C,1,-0.21306276,0.09676757454872131,0.9383084774017334,0.8806403279304504
YGR157W,YIL082W-A,0,-0.2131465,0.09675764292478561,0.9383084774017334,0.8807403445243835
YER010C,YJR100C,0,-0.21332395,0.09674771875143051,0.9383084774017334,0.8808404207229614
YER167W,YLR023C,0,-0.21396896,0.09673779457807541,0.9383084774017334,0.8809404969215393
YJR159W,YLR165C,0,-0.21418369,0.0967278704047203,0.9383084774017334,0.8810405135154724
YGR270W,YNL314W,0,-0.2143068,0.0967179462313652,0.9383084774017334,0.8811405897140503
YMR274C,YML069W,0,-0.21480724,0.0967080295085907,0.9383084774017334,0.8812406063079834
YLR337C,YJR113C,0,-0.21509607,0.09669811278581619,0.9383084774017334,0.8813406825065613
YJR074W,YLR165C,0,-0.21566606,0.09668819606304169,0.9383084774017334,0.8814406991004944
YJL006C,YDR155C,0,-0.21608686,0.09667828679084778,0.9383084774017334,0.8815407752990723
YMR284W,YBR077C,0,-0.2163229,0.09666837751865387,0.9383084774017334,0.8816407918930054
YBL098W,YPL222W,0,-0.21676302,0.09665846824645996,0.9383084774017334,0.8817408680915833
YOL139C,YOL058W,0,-0.21680787,0.09664855897426605,0.9383084774017334,0.8818409442901611
YML050W,YOR003W,0,-0.21731612,0.09663865715265274,0.9383084774017334,0.8819409608840942
YGL037C,YGL095C,0,-0.21756622,0.09662875533103943,0.9383084774017334,0.8820410370826721
YML091C,YDR135C,0,-0.21790037,0.09661885350942612,0.9383084774017334,0.8821410536766052
YNR067C,YGL208W,0,-0.21844724,0.0966089516878128,0.9383084774017334,0.8822411298751831
YDR164C,YBR106W,0,-0.21870767,0.09659905731678009,0.9383084774017334,0.8823411464691162
YHL007C,YBL071W-A,0,-0.21951675,0.09658916294574738,0.9383084774017334,0.8824412226676941
YPR009W,YHR047C,0,-0.22006656,0.09657926857471466,0.9383084774017334,0.882541298866272
YGR096W,YOR176W,0,-0.22071236,0.09656938165426254,0.9383084774017334,0.8826413154602051
YER070W,YHR024C,0,-0.2210795,0.09655949473381042,0.9383084774017334,0.882741391658783
YLR378C,YJR051W,0,-0.22110698,0.0965496078133583,0.9383084774017334,0.8828414082527161
YNL219C,YFL062W,0,-0.22217962,0.09653972089290619,0.9383084774017334,0.882941484451294
YCR011C,YER088C,0,-0.22263122,0.09652984142303467,0.9383084774017334,0.883041501045227
YDR085C,YNL267W,0,-0.22435571,0.09651996195316315,0.9383084774017334,0.8831415772438049
YML081C-A,YLR190W,0,-0.22457863,0.09651008248329163,0.9383084774017334,0.883241593837738
YMR112C,YMR271C,0,-0.22459127,0.0965002030134201,0.9383084774017334,0.8833416700363159
YKR096W,YER068W,1,-0.22518748,0.09659264981746674,0.939303457736969,0.8833416700363159
YOR175C,YBL011W,0,-0.22522706,0.09658277034759521,0.939303457736969,0.8834417462348938
YAR020C,YMR205C,0,-0.22587913,0.0965728908777237,0.939303457736969,0.8835417628288269
YOR230W,YMR001C,0,-0.2260192,0.09656301140785217,0.939303457736969,0.8836418390274048
YBR167C,YDL007W,1,-0.22623837,0.09665541350841522,0.9402984976768494,0.8836418390274048
YOR191W,YMR315W,0,-0.226955,0.0966455340385437,0.9402984976768494,0.8837418556213379
YPL270W,YGL208W,0,-0.22707194,0.09663564711809158,0.9402984976768494,0.8838419318199158
YML042W,YER115C,0,-0.22728828,0.09662576764822006,0.9402984976768494,0.8839419484138489
YLR227C,YEL052W,0,-0.22736923,0.09661588817834854,0.9402984976768494,0.8840420246124268
YLR227C,YOR090C,0,-0.22745417,0.09660600870847702,0.9402984976768494,0.8841421008110046
YBL010C,YIR024C,0,-0.22849697,0.0965961366891861,0.9402984976768494,0.8842421174049377
YBR136W,YPL015C,0,-0.22851515,0.09658626466989517,0.9402984976768494,0.8843421936035156
YDL126C,YJL087C,1,-0.22881746,0.09667859226465225,0.9412935376167297,0.8843421936035156
YGL009C,YNR060W,0,-0.22887269,0.09666871279478073,0.9412935376167297,0.8844422101974487
YOR090C,YHR042W,0,-0.2291393,0.09665883332490921,0.9412935376167297,0.8845422863960266
YJL047C,YML051W,0,-0.22952737,0.09664896130561829,0.9412935376167297,0.8846423029899597
YPR120C,YIL013C,0,-0.23034737,0.09663908183574677,0.9412935376167297,0.8847423791885376
YBR146W,YEL038W,0,-0.23037758,0.09662920981645584,0.9412935376167297,0.8848423957824707
YPL014W,YIL082W-A,0,-0.23076203,0.09661934524774551,0.9412935376167297,0.8849424719810486
YDR359C,YIR021W,0,-0.23106065,0.09660948067903519,0.9412935376167297,0.8850425481796265
YDR151C,YDR370C,1,-0.23125112,0.0967017263174057,0.9422885775566101,0.8850425481796265
YDL004W,YMR316C-A,0,-0.23169851,0.09669185429811478,0.9422885775566101,0.8851425647735596
YHR110W,YDR148C,0,-0.23223157,0.09668198227882385,0.9422885775566101,0.8852426409721375
YBR072W,YHR114W,0,-0.23273304,0.09667211025953293,0.9422885775566101,0.8853426575660706
YHL039W,YLR256W,0,-0.23279732,0.0966622456908226,0.9422885775566101,0.8854427337646484
YHL024W,YLR190W,0,-0.23399588,0.09665238112211227,0.9422885775566101,0.8855427503585815
YDR009W,YLR256W,0,-0.23427376,0.09664251655340195,0.9422885775566101,0.8856428265571594
YOR211C,YGL095C,0,-0.23451304,0.09663265198469162,0.9422885775566101,0.8857428431510925
YDR264C,YNL293W,0,-0.23510559,0.09662279486656189,0.9422885775566101,0.8858429193496704
YOL059W,YDL166C,0,-0.23512629,0.09661293774843216,0.9422885775566101,0.8859429955482483
YGL246C,YOL059W,0,-0.23563641,0.09660308063030243,0.9422885775566101,0.8860430121421814
YGL130W,YFL018C,0,-0.23575613,0.0965932309627533,0.9422885775566101,0.8861430883407593
YHL021C,YPL149W,0,-0.23594788,0.09658337384462357,0.9422885775566101,0.8862431049346924
YGR180C,YDR345C,0,-0.23598436,0.09657352417707443,0.9422885775566101,0.8863431811332703
YBL080C,YBR160W,0,-0.23604763,0.0965636819601059,0.9422885775566101,0.8864431977272034
YLR204W,YHL002W,0,-0.23619623,0.09655383229255676,0.9422885775566101,0.8865432739257812
YLL053C,YLR417W,0,-0.23650986,0.09654399007558823,0.9422885775566101,0.8866433501243591
YGR089W,YNL176C,0,-0.23664713,0.09653414785861969,0.9422885775566101,0.8867433667182922
YKL025C,YNL288W,1,-0.23686767,0.09662623703479767,0.9432835578918457,0.8867433667182922
YER015W,YPL095C,0,-0.23697859,0.09661638736724854,0.9432835578918457,0.8868434429168701
YOL060C,YEL024W,0,-0.23707975,0.09660654515028,0.9432835578918457,0.8869434595108032
YLR187W,YDL119C,0,-0.2380454,0.09659669548273087,0.9432835578918457,0.8870435357093811
YLR135W,YMR160W,0,-0.23813045,0.09658685326576233,0.9432835578918457,0.8871435523033142
YPL040C,YDL223C,0,-0.23832919,0.09657701849937439,0.9432835578918457,0.8872436285018921
YIL005W,YAL023C,0,-0.23842116,0.09656717628240585,0.9432835578918457,0.8873436450958252
YMR282C,YDL078C,0,-0.23967275,0.09655734151601791,0.9432835578918457,0.8874437212944031
YKL222C,YFL042C,0,-0.23971885,0.09654750674962997,0.9432835578918457,0.887543797492981
YHR168W,YOL032W,0,-0.2400124,0.09653767943382263,0.9432835578918457,0.8876438140869141
YOR359W,YDR196C,0,-0.24027872,0.09652785211801529,0.9432835578918457,0.8877438902854919
YNR055C,YBR119W,0,-0.24036364,0.09651801735162735,0.9432835578918457,0.887843906879425
YLR378C,YLL007C,0,-0.24040905,0.0965081974864006,0.9432835578918457,0.8879439830780029
YIL087C,YHR168W,0,-0.2406966,0.09649837017059326,0.9432835578918457,0.888043999671936
YDR096W,YDL132W,0,-0.24133825,0.09648855030536652,0.9432835578918457,0.8881440758705139
YNL202W,YIR021W,0,-0.24170236,0.09647873044013977,0.9432835578918457,0.888244092464447
YER035W,YHR041C,0,-0.24237984,0.09646891057491302,0.9432835578918457,0.8883441686630249
YJL097W,YLR039C,0,-0.24270836,0.09645909816026688,0.9432835578918457,0.8884442448616028
YER065C,YKR003W,0,-0.24338077,0.09644928574562073,0.9432835578918457,0.8885442614555359
YDR174W,YGR013W,0,-0.24358231,0.09643947333097458,0.9432835578918457,0.8886443376541138
YMR244C-A,YDR009W,0,-0.24374887,0.09642966091632843,0.9432835578918457,0.8887443542480469
YCR057C,YGR254W,0,-0.24396582,0.09641985595226288,0.9432835578918457,0.8888444304466248
YER035W,YMR027W,0,-0.24454208,0.09641005098819733,0.9432835578918457,0.8889444470405579
YDR518W,YNR055C,0,-0.24456942,0.09640024602413177,0.9432835578918457,0.8890445232391357
YJL004C,YBR199W,0,-0.24520896,0.09639044106006622,0.9432835578918457,0.8891445994377136
YPR098C,YJR017C,0,-0.24526846,0.09638064354658127,0.9432835578918457,0.8892446160316467
YMR272C,YCR024C,0,-0.24534997,0.09637084603309631,0.9432835578918457,0.8893446922302246
YIL154C,YER030W,0,-0.24569777,0.09636104851961136,0.9432835578918457,0.8894447088241577
YJR161C,YAL042W,0,-0.24572212,0.096351258456707,0.9432835578918457,0.8895447850227356
YJR105W,YHR183W,0,-0.24605861,0.09634146094322205,0.9432835578918457,0.8896448016166687
YOR125C,YAL051W,0,-0.24681118,0.09633167088031769,0.9432835578918457,0.8897448778152466
YOR283W,YMR054W,0,-0.2475563,0.09632188826799393,0.9432835578918457,0.8898448944091797
YNR040W,YHL002W,0,-0.24772198,0.09631209820508957,0.9432835578918457,0.8899449706077576
YLL055W,YNL260C,0,-0.24813259,0.09630231559276581,0.9432835578918457,0.8900450468063354
YNL081C,YMR186W,0,-0.24842973,0.09629253298044205,0.9432835578918457,0.8901450634002686
YDL178W,YDR151C,0,-0.24894539,0.09628275781869888,0.9432835578918457,0.8902451395988464
YPL049C,YPL015C,0,-0.24897274,0.09627297520637512,0.9432835578918457,0.8903451561927795
YNL283C,YMR053C,0,-0.24911225,0.09626320004463196,0.9432835578918457,0.8904452323913574
YOR045W,YMR316C-A,0,-0.24996266,0.0962534248828888,0.9432835578918457,0.8905452489852905
YER046W,YDR524C,0,-0.25001898,0.09624365717172623,0.9432835578918457,0.8906453251838684
YGR254W,YCR106W,0,-0.25004953,0.09623388200998306,0.9432835578918457,0.8907454013824463
YJR088C,YER027C,0,-0.25101432,0.0962241142988205,0.9432835578918457,0.8908454179763794
YHR160C,YML038C,0,-0.25107604,0.09621435403823853,0.9432835578918457,0.8909454941749573
YFL018C,YOR205C,0,-0.25147673,0.09620458632707596,0.9432835578918457,0.8910455107688904
YJL144W,YBR077C,0,-0.25206742,0.09619482606649399,0.9432835578918457,0.8911455869674683
YGR047C,YPL036W,0,-0.25324893,0.09618506580591202,0.9432835578918457,0.8912456035614014
YHR089C,YGR279C,0,-0.25475052,0.09617530554533005,0.9432835578918457,0.8913456797599792
YNL240C,YOL044W,0,-0.25495213,0.09616555273532867,0.9432835578918457,0.8914456963539124
YNL283C,YLL006W,0,-0.2550106,0.0961557999253273,0.9432835578918457,0.8915457725524902
YJR082C,YKL126W,0,-0.25520727,0.09614604711532593,0.9432835578918457,0.8916458487510681
YHR025W,YDR296W,0,-0.2552672,0.09613629430532455,0.9432835578918457,0.8917458653450012
YOR093C,YOR316C,0,-0.25531697,0.09612654894590378,0.9432835578918457,0.8918459415435791
YNL260C,YLR333C,0,-0.25571793,0.096116803586483,0.9432835578918457,0.8919459581375122
YHL024W,YJR017C,0,-0.25663662,0.09610705822706223,0.9432835578918457,0.8920460343360901
YNL325C,YCR015C,0,-0.25710586,0.09609731286764145,0.9432835578918457,0.8921460509300232
YOR100C,YLR314C,0,-0.25737604,0.09608757495880127,0.9432835578918457,0.8922461271286011
YEL024W,YLR081W,0,-0.2574171,0.09607783704996109,0.9432835578918457,0.8923461437225342
YGL131C,YER048W-A,0,-0.25807562,0.09606809914112091,0.9432835578918457,0.8924462199211121
YGL183C,YMR318C,0,-0.2581006,0.09605836123228073,0.9432835578918457,0.8925462961196899
YLR392C,YDR519W,0,-0.25896338,0.09604863077402115,0.9432835578918457,0.892646312713623
YDR254W,YKR058W,0,-0.25953737,0.09603890031576157,0.9432835578918457,0.8927463889122009
YGR148C,YNR050C,0,-0.25961798,0.09602916985750198,0.9432835578918457,0.892846405506134
YMR274C,YGL064C,0,-0.25980064,0.096019446849823,0.9432835578918457,0.8929464817047119
YBR045C,YPL084W,0,-0.26026902,0.09600972384214401,0.9432835578918457,0.893046498298645
YER035W,YAL031C,0,-0.2602785,0.09600000083446503,0.9432835578918457,0.8931465744972229
YDL171C,YLR241W,0,-0.26045617,0.09599027782678604,0.9432835578918457,0.8932466506958008
YLL024C,YOL013C,0,-0.2604717,0.09598056226968765,0.9432835578918457,0.8933466672897339
YOR264W,YDR155C,0,-0.2604842,0.09597084671258926,0.9432835578918457,0.8934467434883118
YLR453C,YGL173C,0,-0.26052487,0.09596113115549088,0.9432835578918457,0.8935467600822449
YGL243W,YPL252C,0,-0.26089343,0.09595141559839249,0.9432835578918457,0.8936468362808228
YPR098C,YHR155W,0,-0.26130322,0.0959417074918747,0.9432835578918457,0.8937468528747559
YNL158W,YDL079C,0,-0.2617819,0.0959319993853569,0.9432835578918457,0.8938469290733337
YOR089C,YNL335W,0,-0.26239267,0.09592229127883911,0.9432835578918457,0.8939469456672668
YKL060C,YMR205C,0,-0.26253676,0.09591258317232132,0.9432835578918457,0.8940470218658447
YOL123W,YBL051C,1,-0.2625434,0.09600404649972916,0.9442785978317261,0.8940470218658447
YOL107W,YJR159W,0,-0.26260936,0.09599433839321136,0.9442785978317261,0.8941470980644226
YCL073C,YGL244W,0,-0.2636453,0.09598462283611298,0.9442785978317261,0.8942471146583557
YMR295C,YKR058W,0,-0.2643354,0.09597492218017578,0.9442785978317261,0.8943471908569336
YOR044W,YNL006W,0,-0.2647075,0.09596521407365799,0.9442785978317261,0.8944472074508667
YFL017W-A,YDR135C,0,-0.26489288,0.0959555134177208,0.9442785978317261,0.8945472836494446
YDL146W,YBR173C,0,-0.2654253,0.0959458127617836,0.9442785978317261,0.8946473002433777
YAL042W,YIL153W,0,-0.2654611,0.0959361121058464,0.9442785978317261,0.8947473764419556
YKL074C,YPR098C,0,-0.26573703,0.09592641144990921,0.9442785978317261,0.8948474526405334
YHL007C,YOR291W,0,-0.26610935,0.09591671824455261,0.9442785978317261,0.8949474692344666
YPL010W,YDL101C,0,-0.26678956,0.09590702503919601,0.9442785978317261,0.8950475454330444
YLR241W,YGR013W,0,-0.26685935,0.09589733183383942,0.9442785978317261,0.8951475620269775
YOL155C,YPR127W,0,-0.26697275,0.09588764607906342,0.9442785978317261,0.8952476382255554
YDR522C,YJL162C,0,-0.2670145,0.09587795287370682,0.9442785978317261,0.8953476548194885
YAR020C,YOL044W,0,-0.26760277,0.09586826711893082,0.9442785978317261,0.8954477310180664
YER027C,YJR100C,0,-0.26790184,0.09585858881473541,0.9442785978317261,0.8955477476119995
YIL134W,YJL154C,0,-0.26813862,0.09584890305995941,0.9442785978317261,0.8956478238105774
YHR039C-A,YIL009C-A,0,-0.26828486,0.09583922475576401,0.9442785978317261,0.8957479000091553
YGR213C,YLR135W,0,-0.26845086,0.0958295464515686,0.9442785978317261,0.8958479166030884
YBR147W,YOR124C,0,-0.26882556,0.0958198681473732,0.9442785978317261,0.8959479928016663
YJL072C,YEL052W,0,-0.26897424,0.09581019729375839,0.9442785978317261,0.8960480093955994
YOR381W,YKL209C,0,-0.2704033,0.09580052644014359,0.9442785978317261,0.8961480855941772
YIL087C,YHR038W,0,-0.2706107,0.09579085558652878,0.9442785978317261,0.8962481021881104
YJR151C,YIL034C,0,-0.2709094,0.09578118473291397,0.9442785978317261,0.8963481783866882
YDR270W,YGL203C,0,-0.2711894,0.09577152132987976,0.9442785978317261,0.8964481949806213
YPL159C,YLR295C,0,-0.27120364,0.09576185792684555,0.9442785978317261,0.8965482711791992
YOR381W,YCL056C,0,-0.2712188,0.09575219452381134,0.9442785978317261,0.8966483473777771
YDL101C,YKL057C,0,-0.27135226,0.09574253112077713,0.9442785978317261,0.8967483639717102
YMR186W,YKL025C,0,-0.27297372,0.09573287516832352,0.9442785978317261,0.8968484401702881
YMR039C,YJL095W,0,-0.27307802,0.0957232192158699,0.9442785978317261,0.8969484567642212
YPL178W,YPL123C,1,-0.27338037,0.09581442177295685,0.9452736377716064,0.8969484567642212
YLR392C,YNL293W,0,-0.27393323,0.09580475836992264,0.9452736377716064,0.8970485329627991
YDR099W,YHL021C,0,-0.27401677,0.09579510241746902,0.9452736377716064,0.8971485495567322
YML051W,YPL214C,0,-0.27427688,0.09578543901443481,0.9452736377716064,0.8972486257553101
YFR030W,YLR238W,0,-0.27432,0.0957757830619812,0.9452736377716064,0.8973487019538879
YOR076C,YGR048W,1,-0.27432874,0.09586693346500397,0.9462686777114868,0.8973487019538879
YDR074W,YDR135C,0,-0.2744055,0.09585727006196976,0.9462686777114868,0.897448718547821
YCR068W,YHR114W,0,-0.2744417,0.09584761410951614,0.9462686777114868,0.8975487947463989
YPR027C,YIL050W,0,-0.27543274,0.09583795070648193,0.9462686777114868,0.897648811340332
YNL239W,YDR511W,0,-0.2764018,0.09582829475402832,0.9462686777114868,0.8977488875389099
YGR168C,YJL162C,0,-0.27662933,0.09581863880157471,0.9462686777114868,0.897848904132843
YPL118W,YLR039C,0,-0.27666166,0.0958089828491211,0.9462686777114868,0.8979489803314209
YCR011C,YMR284W,0,-0.27688515,0.09579933434724808,0.9462686777114868,0.898048996925354
YBR129C,YHL012W,0,-0.2774096,0.09578968584537506,0.9462686777114868,0.8981490731239319
YLR398C,YDL007W,1,-0.27743977,0.09588075429201126,0.9472636580467224,0.8981490731239319
YDR346C,YOR136W,0,-0.27747446,0.09587109833955765,0.9472636580467224,0.8982491493225098
YCL067C,YDR511W,0,-0.27752542,0.09586144238710403,0.9472636580467224,0.8983491659164429
YAL056W,YNL156C,0,-0.27762005,0.09585179388523102,0.9472636580467224,0.8984492421150208
YDR105C,YOR003W,0,-0.27789894,0.095842145383358,0.9472636580467224,0.8985492587089539
YDL046W,YKL054C,0,-0.27792367,0.09583249688148499,0.9472636580467224,0.8986493349075317
YCR011C,YDL128W,0,-0.27801368,0.09582284837961197,0.9472636580467224,0.8987493515014648
YPL214C,YOR303W,0,-0.27810732,0.09581320732831955,0.9472636580467224,0.8988494277000427
YIR014W,YOL008W,0,-0.27822435,0.09580355882644653,0.9472636580467224,0.8989495038986206
YDR151C,YGL208W,0,-0.2783559,0.09579392522573471,0.9472636580467224,0.8990495204925537
YIL005W,YKL054C,0,-0.27894458,0.09578428417444229,0.9472636580467224,0.8991495966911316
YHR041C,YHR114W,0,-0.27909216,0.09577465057373047,0.9472636580467224,0.8992496132850647
YLR163C,YDR380W,0,-0.27949396,0.09576501697301865,0.9472636580467224,0.8993496894836426
YLR173W,YBR072W,0,-0.27984014,0.09575538337230682,0.9472636580467224,0.8994497060775757
YGL183C,YML066C,0,-0.27992415,0.095745749771595,0.9472636580467224,0.8995497822761536
YOL002C,YBR115C,0,-0.28125274,0.09573612362146378,0.9472636580467224,0.8996497988700867
YJR050W,YCL040W,0,-0.2812946,0.09572649747133255,0.9472636580467224,0.8997498750686646
YMR044W,YIL034C,0,-0.28154516,0.09571687132120132,0.9472636580467224,0.8998499512672424
YBR059C,YMR160W,0,-0.2818554,0.0957072451710701,0.9472636580467224,0.8999499678611755
YIR014W,YJR100C,0,-0.28250533,0.09569762647151947,0.9472636580467224,0.9000500440597534
YPR196W,YGR052W,0,-0.2826383,0.09568800777196884,0.9472636580467224,0.9001500606536865
YOL019W,YGL175C,0,-0.2829822,0.09567838907241821,0.9472636580467224,0.9002501368522644
YER010C,YLL056C,0,-0.2831616,0.09566877782344818,0.9472636580467224,0.9003501534461975
YDL165W,YFL038C,1,-0.2833824,0.09575964510440826,0.9482586979866028,0.9003501534461975
YDR279W,YPL091W,0,-0.28400332,0.09575002640485764,0.9482586979866028,0.9004502296447754
YAL048C,YOR100C,0,-0.28456575,0.095740407705307,0.9482586979866028,0.9005502462387085
YMR111C,YDR456W,0,-0.28519824,0.09573078900575638,0.9482586979866028,0.9006503224372864
YDR254W,YGL226C-A,0,-0.28669032,0.09572117030620575,0.9482586979866028,0.9007503986358643
YDR099W,YPL270W,0,-0.28838953,0.09571155905723572,0.9482586979866028,0.9008504152297974
YOR032C,YOL013C,0,-0.2884595,0.09570194780826569,0.9482586979866028,0.9009504914283752
YDR233C,YPR165W,0,-0.28955874,0.09569233655929565,0.9482586979866028,0.9010505080223083
YBR160W,YMR220W,0,-0.28993466,0.09568273276090622,0.9482586979866028,0.9011505842208862
YKL129C,YHL040C,0,-0.29016453,0.09567312151193619,0.9482586979866028,0.9012506008148193
YOR090C,YBR080C,0,-0.29045063,0.09566351771354675,0.9482586979866028,0.9013506770133972
YOR175C,YBR214W,0,-0.2904599,0.09565392136573792,0.9482586979866028,0.9014507532119751
YKL149C,YLR378C,0,-0.29057047,0.09564431756734848,0.9482586979866028,0.9015507698059082
YGR052W,YHR042W,0,-0.2906644,0.09563472121953964,0.9482586979866028,0.9016508460044861
YMR174C,YMR243C,0,-0.29074267,0.0956251248717308,0.9482586979866028,0.9017508625984192
YKR093W,YNL218W,0,-0.29078355,0.09561552852392197,0.9482586979866028,0.9018509387969971
YOL083W,YOR185C,0,-0.29088977,0.09560593962669373,0.9482586979866028,0.9019509553909302
YML118W,YGR174C,0,-0.29101232,0.09559635072946548,0.9482586979866028,0.9020510315895081
YHR183W,YOL125W,0,-0.29107338,0.09558676183223724,0.9482586979866028,0.9021510481834412
YAR015W,YMR205C,0,-0.29115698,0.095577172935009,0.9482586979866028,0.902251124382019
YBR026C,YPL199C,0,-0.29116237,0.09556759148836136,0.9482586979866028,0.9023512005805969
YDR110W,YPR035W,0,-0.29126126,0.09555801004171371,0.9482586979866028,0.90245121717453
YKR065C,YNL004W,0,-0.29156342,0.09554842859506607,0.9482586979866028,0.9025512933731079
YER046W,YJL047C,0,-0.29211855,0.09553884714841843,0.9482586979866028,0.902651309967041
YMR088C,YDR437W,0,-0.29474446,0.09552927315235138,0.9482586979866028,0.9027513861656189
YLR461W,YBR033W,0,-0.29592875,0.09551969170570374,0.9482586979866028,0.902851402759552
YLL057C,YEL038W,0,-0.29692045,0.09551012516021729,0.9482586979866028,0.9029514789581299
YGL021W,YMR040W,0,-0.29737994,0.09550055116415024,0.9482586979866028,0.9030515551567078
YOR090C,YKL112W,0,-0.29744464,0.09549098461866379,0.9482586979866028,0.9031515717506409
YMR175W,YKL086W,0,-0.29757893,0.09548141807317734,0.9482586979866028,0.9032516479492188
YOR175C,YBR173C,0,-0.29784247,0.09547185152769089,0.9482586979866028,0.9033516645431519
YGL203C,YEL064C,0,-0.2982801,0.09546228498220444,0.9482586979866028,0.9034517407417297
YBL103C,YDR519W,0,-0.29866317,0.09545272588729858,0.9482586979866028,0.9035517573356628
YDR128W,YOR134W,0,-0.2989862,0.09544316679239273,0.9482586979866028,0.9036518335342407
YGR250C,YOR110W,0,-0.29941335,0.09543360769748688,0.9482586979866028,0.9037518501281738
YKR103W,YOR267C,0,-0.2994821,0.09542404860258102,0.9482586979866028,0.9038519263267517
YKL039W,YER083C,0,-0.29993078,0.09541449695825577,0.9482586979866028,0.9039520025253296
YLR408C,YDL128W,0,-0.30123535,0.09540494531393051,0.9482586979866028,0.9040520191192627
YDL089W,YMR196W,0,-0.30172488,0.09539539366960526,0.9482586979866028,0.9041520953178406
YAL013W,YJR159W,0,-0.30216607,0.0953858494758606,0.9482586979866028,0.9042521119117737
YGL187C,YKL012W,0,-0.30217293,0.09537629783153534,0.9482586979866028,0.9043521881103516
YBR204C,YIL013C,0,-0.30274162,0.09536675363779068,0.9482586979866028,0.9044522047042847
YBR221C,YDL135C,0,-0.3030007,0.09535721689462662,0.9482586979866028,0.9045522809028625
YKR055W,YGR100W,0,-0.30304426,0.09534767270088196,0.9482586979866028,0.9046522974967957
YCR011C,YHR101C,0,-0.30309397,0.0953381359577179,0.9482586979866028,0.9047523736953735
YDL106C,YLR097C,0,-0.3035836,0.09532859921455383,0.9482586979866028,0.9048524498939514
YBR211C,YEL064C,0,-0.3037592,0.09531906247138977,0.9482586979866028,0.9049524664878845
YNL025C,YNL176C,0,-0.30418503,0.0953095331788063,0.9482586979866028,0.9050525426864624
YDL004W,YKL043W,0,-0.30449238,0.09529999643564224,0.9482586979866028,0.9051525592803955
YMR080C,YNL157W,1,-0.30646738,0.09539046138525009,0.9492537379264832,0.9051525592803955
YBR131W,YPR098C,0,-0.30739382,0.09538092464208603,0.9492537379264832,0.9052526354789734
YGL037C,YJR017C,0,-0.30774382,0.09537138789892197,0.9492537379264832,0.9053526520729065
YER088C,YCR048W,0,-0.30817172,0.0953618586063385,0.9492537379264832,0.9054527282714844
YGR199W,YDR148C,0,-0.30851412,0.09535232186317444,0.9492537379264832,0.9055528044700623
YIL005W,YDR178W,0,-0.30875033,0.09534279257059097,0.9492537379264832,0.9056528210639954
YNL260C,YGL208W,0,-0.30896202,0.09533326327800751,0.9492537379264832,0.9057528972625732
YDR147W,YMR104C,0,-0.30919763,0.09532374143600464,0.9492537379264832,0.9058529138565063
YLR207W,YMR036C,0,-0.30942133,0.09531421959400177,0.9492537379264832,0.9059529900550842
YBR200W,YBR214W,0,-0.30947107,0.0953046977519989,0.9492537379264832,0.9060530066490173
YLR034C,YKL190W,0,-0.3100406,0.09529517590999603,0.9492537379264832,0.9061530828475952
YDR248C,YCR079W,0,-0.31032047,0.09528565406799316,0.9492537379264832,0.9062530994415283
YPR124W,YHR014W,0,-0.31175575,0.09527613967657089,0.9492537379264832,0.9063531756401062
YPL179W,YPL123C,0,-0.31203517,0.09526662528514862,0.9492537379264832,0.9064532518386841
YBR045C,YPL214C,0,-0.31382826,0.09525711089372635,0.9492537379264832,0.9065532684326172
YNL239W,YGL170C,0,-0.31437987,0.09524760395288467,0.9492537379264832,0.9066533446311951
YPL178W,YBL106C,0,-0.31440166,0.095238097012043,0.9492537379264832,0.9067533612251282
YAL042W,YDL137W,0,-0.3146453,0.09522859007120132,0.9492537379264832,0.906853437423706
YOR125C,YPL041C,0,-0.31479803,0.09521908313035965,0.9492537379264832,0.9069534540176392
YMR295C,YPL159C,0,-0.3148735,0.09520958364009857,0.9492537379264832,0.907053530216217
YGR157W,YOR274W,0,-0.3152659,0.0952000766992569,0.9492537379264832,0.9071536064147949
YIL111W,YMR287C,0,-0.31718275,0.09519057720899582,0.9492537379264832,0.907253623008728
YOR291W,YJL014W,0,-0.31733736,0.09518108516931534,0.9492537379264832,0.9073536992073059
YBR122C,YJR151C,0,-0.31753376,0.09517158567905426,0.9492537379264832,0.907453715801239
YMR244C-A,YML067C,0,-0.31770286,0.09516209363937378,0.9492537379264832,0.9075537919998169
YGR122W,YIL038C,1,-0.31773686,0.09525234252214432,0.9502487778663635,0.9075537919998169
YPL179W,YKL095W,0,-0.31809294,0.09524284303188324,0.9502487778663635,0.90765380859375
YKR101W,YJR155W,0,-0.31833228,0.09523334354162216,0.9502487778663635,0.9077538847923279
YKR055W,YMR315W,0,-0.31900397,0.09522385150194168,0.9502487778663635,0.907853901386261
YPR200C,YLR034C,0,-0.31949046,0.0952143594622612,0.9502487778663635,0.9079539775848389
YLR207W,YKL086W,0,-0.3197932,0.09520486742258072,0.9502487778663635,0.9080540537834167
YPL130W,YMR158W,0,-0.31983986,0.09519537538290024,0.9502487778663635,0.9081540703773499
YHR142W,YPL149W,0,-0.3198693,0.09518588334321976,0.9502487778663635,0.9082541465759277
YGR042W,YKL060C,0,-0.31993547,0.09517639875411987,0.9502487778663635,0.9083541631698608
YDL170W,YDR126W,0,-0.31993723,0.09516691416501999,0.9502487778663635,0.9084542393684387
YCR037C,YNL036W,0,-0.3201414,0.0951574295759201,0.9502487778663635,0.9085542559623718
YKL209C,YGL196W,0,-0.320488,0.09514795243740082,0.9502487778663635,0.9086543321609497
YDL165W,YBL018C,1,-0.3206307,0.095238097012043,0.9512437582015991,0.9086543321609497
YDR293C,YKL023W,1,-0.32153803,0.09532821923494339,0.9522387981414795,0.9086543321609497
YNL196C,YHR160C,0,-0.32191005,0.09531872719526291,0.9522387981414795,0.9087543487548828
YNL167C,YHR104W,0,-0.32353798,0.09530923515558243,0.9522387981414795,0.9088544249534607
YMR053C,YGR089W,0,-0.32368824,0.09529974311590195,0.9522387981414795,0.9089545011520386
YPR201W,YBR033W,0,-0.32386434,0.09529025107622147,0.9522387981414795,0.9090545177459717
YGL060W,YBR279W,0,-0.3248561,0.09528076648712158,0.9522387981414795,0.9091545939445496
YDR074W,YGL245W,0,-0.3250709,0.0952712818980217,0.9522387981414795,0.9092546105384827
YJL093C,YDR448W,0,-0.32776737,0.09526179730892181,0.9522387981414795,0.9093546867370605
YOL054W,YML081C-A,0,-0.3285484,0.09525231271982193,0.9522387981414795,0.9094547033309937
YIL050W,YGL258W,0,-0.32871383,0.09524283558130264,0.9522387981414795,0.9095547795295715
YGL187C,YIL154C,0,-0.3287778,0.09523335844278336,0.9522387981414795,0.9096548557281494
YKR023W,YGR075C,0,-0.3298526,0.09522388130426407,0.9522387981414795,0.9097548723220825
YHR175W,YMR264W,0,-0.33087146,0.09521440416574478,0.9522387981414795,0.9098549485206604
YPL036W,YDR324C,0,-0.33320725,0.09520493447780609,0.9522387981414795,0.9099549651145935
YMR234W,YDL165W,1,-0.33341518,0.09529493749141693,0.9532338380813599,0.9099549651145935
YBR056W,YPR138C,0,-0.3334824,0.09528546035289764,0.9532338380813599,0.9100550413131714
YPR073C,YCL026C-A,0,-0.33462492,0.09527598321437836,0.9532338380813599,0.9101550579071045
YKR065C,YJL173C,0,-0.334855,0.09526650607585907,0.9532338380813599,0.9102551341056824
YDR356W,YCR024C,0,-0.33537897,0.09525703638792038,0.9532338380813599,0.9103551506996155
YER001W,YBR251W,0,-0.3356174,0.09524756669998169,0.9532338380813599,0.9104552268981934
YNL115C,YGL021W,0,-0.33609608,0.095238097012043,0.9532338380813599,0.9105553030967712
YGR157W,YOR210W,0,-0.3361129,0.09522862732410431,0.9532338380813599,0.9106553196907043
YOR070C,YFL018C,0,-0.33848527,0.09521916508674622,0.9532338380813599,0.9107553958892822
YMR076C,YOL155C,0,-0.33867496,0.09520970284938812,0.9532338380813599,0.9108554124832153
YIL065C,YER115C,0,-0.33877587,0.09520024061203003,0.9532338380813599,0.9109554886817932
YNL283C,YPR127W,0,-0.33922684,0.09519077837467194,0.9532338380813599,0.9110555052757263
YML015C,YGL259W,0,-0.33944073,0.09518132358789444,0.9532338380813599,0.9111555814743042
YHL021C,YDR481C,0,-0.33949605,0.09517186880111694,0.9532338380813599,0.9112555980682373
YGL077C,YMR049C,0,-0.33977702,0.09516241401433945,0.9532338380813599,0.9113556742668152
YBR115C,YBR172C,0,-0.3398115,0.09515295922756195,0.9532338380813599,0.9114557504653931
YGR042W,YBL011W,0,-0.34074014,0.09514351189136505,0.9532338380813599,0.9115557670593262
YLR007W,YOL123W,0,-0.34079817,0.09513406455516815,0.9532338380813599,0.911655843257904
YMR272C,YBR199W,0,-0.3410525,0.09512461721897125,0.9532338380813599,0.9117558598518372
YDR040C,YLR039C,0,-0.34112984,0.09511516988277435,0.9532338380813599,0.911855936050415
YDR518W,YKL216W,0,-0.34184864,0.09510572999715805,0.9532338380813599,0.9119559526443481
YHR175W,YMR236W,0,-0.3420775,0.09509629011154175,0.9532338380813599,0.912056028842926
YLR241W,YLR095C,0,-0.342453,0.09508685022592545,0.9532338380813599,0.9121561050415039
YER048W-A,YMR115W,0,-0.34253046,0.09507741034030914,0.9532338380813599,0.912256121635437
YLR423C,YKL208W,0,-0.34297305,0.09506797790527344,0.9532338380813599,0.9123561978340149
YJL216C,YKL025C,0,-0.34352311,0.09505854547023773,0.9532338380813599,0.912456214427948
YML091C,YOL156W,0,-0.34354112,0.09504911303520203,0.9532338380813599,0.9125562906265259
YAL010C,YPR002W,0,-0.34363422,0.09503968060016632,0.9532338380813599,0.912656307220459
YPL173W,YOL105C,0,-0.34399292,0.09503025561571121,0.9532338380813599,0.9127563834190369
YJL097W,YPR149W,0,-0.3442182,0.0950208306312561,0.9532338380813599,0.91285640001297
YDR251W,YOR267C,0,-0.3451633,0.095011405646801,0.9532338380813599,0.9129564762115479
YDR113C,YOR269W,0,-0.34527865,0.09500198066234589,0.9532338380813599,0.9130565524101257
YJL162C,YNL196C,0,-0.34585008,0.09499256312847137,0.9532338380813599,0.9131565690040588
YGL060W,YMR224C,0,-0.34617388,0.09498314559459686,0.9532338380813599,0.9132566452026367
YNL219C,YBR231C,0,-0.34625062,0.09497372806072235,0.9532338380813599,0.9133566617965698
YOR275C,YDL044C,0,-0.34626302,0.09496431052684784,0.9532338380813599,0.9134567379951477
YOR304C-A,YHR114W,0,-0.34764314,0.09495490044355392,0.9532338380813599,0.9135567545890808
YOR223W,YLR371W,0,-0.34812918,0.09494549036026001,0.9532338380813599,0.9136568307876587
YDR251W,YHL036W,0,-0.34835872,0.0949360802769661,0.9532338380813599,0.9137569069862366
YMR271C,YMR313C,0,-0.34844497,0.09492667764425278,0.9532338380813599,0.9138569235801697
YGL077C,YGL009C,0,-0.34854037,0.09491726756095886,0.9532338380813599,0.9139569997787476
YMR133W,YBL011W,0,-0.3486787,0.09490786492824554,0.9532338380813599,0.9140570163726807
YIL154C,YGR036C,0,-0.3487258,0.09489846229553223,0.9532338380813599,0.9141570925712585
YML023C,YDL247W,0,-0.34875172,0.0948890671133995,0.9532338380813599,0.9142571091651917
YNL081C,YOR241W,0,-0.3488764,0.09487966448068619,0.9532338380813599,0.9143571853637695
YIL087C,YLR266C,0,-0.34921473,0.09487026929855347,0.9532338380813599,0.9144572019577026
YMR318C,YLR256W,0,-0.349421,0.09486087411642075,0.9532338380813599,0.9145572781562805
YCR093W,YDR159W,1,-0.349976,0.09495049715042114,0.9542288780212402,0.9145572781562805
YLR001C,YMR054W,0,-0.3501034,0.09494109451770782,0.9542288780212402,0.9146573543548584
YDR490C,YGL173C,1,-0.35084072,0.09503068774938583,0.9552238583564758,0.9146573543548584
YMR256C,YPL005W,0,-0.3511795,0.09502127766609192,0.9552238583564758,0.9147573709487915
YPL270W,YLL029W,0,-0.35194176,0.0950118750333786,0.9552238583564758,0.9148574471473694
YKR055W,YNL224C,0,-0.3522036,0.09500247240066528,0.9552238583564758,0.9149574637413025
YLR408C,YLR228C,0,-0.35263923,0.09499306976795197,0.9552238583564758,0.9150575399398804
YMR077C,YNL305C,0,-0.3527114,0.09498367458581924,0.9552238583564758,0.9151575565338135
YOL123W,YNL264C,0,-0.35378623,0.09497427940368652,0.9552238583564758,0.9152576327323914
YMR154C,YBR172C,0,-0.3543642,0.0949648842215538,0.9552238583564758,0.9153576493263245
YDL089W,YGR168C,0,-0.35496095,0.09495548903942108,0.9552238583564758,0.9154577255249023
YJL033W,YDR101C,0,-0.35588208,0.09494610130786896,0.9552238583564758,0.9155578017234802
YBR045C,YHR114W,0,-0.356556,0.09493670612573624,0.9552238583564758,0.9156578183174133
YER167W,YBL045C,0,-0.3566963,0.09492731839418411,0.9552238583564758,0.9157578945159912
YJR050W,YBR004C,0,-0.35670236,0.09491793811321259,0.9552238583564758,0.9158579111099243
YMR111C,YKR058W,0,-0.35685682,0.09490855038166046,0.9552238583564758,0.9159579873085022
YML051W,YAR019C,0,-0.3571489,0.09489917010068893,0.9552238583564758,0.9160580039024353
YDR123C,YMR115W,0,-0.35776082,0.09488978981971741,0.9552238583564758,0.9161580801010132
YNL325C,YKL221W,0,-0.35842934,0.09488040953874588,0.9552238583564758,0.9162581562995911
YPL127C,YMR175W,0,-0.35875654,0.09487103670835495,0.9552238583564758,0.9163581728935242
YPR149W,YBR204C,0,-0.35877016,0.09486165642738342,0.9552238583564758,0.916458249092102
YMR024W,YDR251W,0,-0.3589853,0.09485229104757309,0.9552238583564758,0.9165582656860352
YDL165W,YKL023W,1,-0.35914102,0.09494171291589737,0.9562188982963562,0.9165582656860352
YPR145W,YKR057W,0,-0.35953388,0.09493233263492584,0.9562188982963562,0.916658341884613
YGR287C,YHR199C,0,-0.36192027,0.09492295235395432,0.9562188982963562,0.9167583584785461
YDR490C,YOL123W,1,-0.3624948,0.09501234441995621,0.9572139382362366,0.9167583584785461
YPR193C,YNL335W,0,-0.3635058,0.09500296413898468,0.9572139382362366,0.916858434677124
YGL208W,YDL137W,0,-0.36370054,0.09499358385801315,0.9572139382362366,0.9169584512710571
YER048W-A,YJL173C,0,-0.3637162,0.09498420357704163,0.9572139382362366,0.917058527469635
YLR312W-A,YKL217W,0,-0.36398935,0.0949748232960701,0.9572139382362366,0.9171586036682129
YLR001C,YLR371W,0,-0.3645384,0.09496545046567917,0.9572139382362366,0.917258620262146
YMR312W,YOR048C,0,-0.36486953,0.09495607763528824,0.9572139382362366,0.9173586964607239
YER048W-A,YBR077C,0,-0.36516333,0.09494670480489731,0.9572139382362366,0.917458713054657
YML078W,YOR177C,0,-0.3655227,0.09493733197450638,0.9572139382362366,0.9175587892532349
YDR096W,YLL015W,0,-0.36586124,0.09492796659469604,0.9572139382362366,0.917658805847168
YML051W,YBL019W,0,-0.36638126,0.09491860121488571,0.9572139382362366,0.9177588820457458
YLR207W,YKR001C,0,-0.36670497,0.09490923583507538,0.9572139382362366,0.9178589582443237
YER069W,YMR084W,0,-0.36716387,0.09489987045526505,0.9572139382362366,0.9179589748382568
YMR275C,YMR315W,0,-0.36801335,0.09489051252603531,0.9572139382362366,0.9180590510368347
YLR378C,YGL208W,0,-0.3682026,0.09488115459680557,0.9572139382362366,0.9181590676307678
YIL151C,YJR006W,1,-0.36881366,0.09497041255235672,0.9582089781761169,0.9181590676307678
YIL065C,YHR115C,0,-0.36898223,0.09496104717254639,0.9582089781761169,0.9182591438293457
YJL047C,YDR293C,1,-0.36900645,0.09505028277635574,0.9592039585113525,0.9182591438293457
YGR275W,YHR042W,0,-0.36904836,0.09504091739654541,0.9592039585113525,0.9183591604232788
YOR241W,YBR014C,0,-0.3692699,0.09503154456615448,0.9592039585113525,0.9184592366218567
YJR153W,YBR282W,0,-0.37092733,0.09502217918634415,0.9592039585113525,0.9185592532157898
YOL041C,YKL001C,0,-0.37097162,0.09501281380653381,0.9592039585113525,0.9186593294143677
YGL011C,YBR119W,0,-0.37223005,0.09500344842672348,0.9592039585113525,0.9187594056129456
YPL081W,YNL196C,0,-0.37295362,0.09499409049749374,0.9592039585113525,0.9188594222068787
YBR109C,YLR098C,0,-0.37419668,0.09498472511768341,0.9592039585113525,0.9189594984054565
YKL209C,YLR114C,0,-0.37466314,0.09497536718845367,0.9592039585113525,0.9190595149993896
YOR185C,YDR148C,0,-0.37466472,0.09496601670980453,0.9592039585113525,0.9191595911979675
YPL159C,YPL041C,0,-0.3752958,0.0949566587805748,0.9592039585113525,0.9192596077919006
YGL187C,YMR186W,0,-0.37531236,0.09494730830192566,0.9592039585113525,0.9193596839904785
YLR408C,YCL040W,0,-0.37615398,0.09493795782327652,0.9592039585113525,0.9194597005844116
YDL046W,YDL155W,0,-0.37727004,0.09492860734462738,0.9592039585113525,0.9195597767829895
YBR068C,YKL054C,0,-0.37760133,0.09491925686597824,0.9592039585113525,0.9196598529815674
YGR175C,YJL187C,0,-0.3776076,0.0949099138379097,0.9592039585113525,0.9197598695755005
YAL012W,YJL191W,0,-0.37814125,0.09490057080984116,0.9592039585113525,0.9198599457740784
YGL246C,YGL009C,0,-0.37830177,0.09489122778177261,0.9592039585113525,0.9199599623680115
YOR090C,YOR185C,0,-0.3784671,0.09488189220428467,0.9592039585113525,0.9200600385665894
YDR196C,YBR217W,0,-0.3785499,0.09487254917621613,0.9592039585113525,0.9201600551605225
YDR296W,YLL061W,0,-0.37881345,0.09486321359872818,0.9592039585113525,0.9202601313591003
YPR011C,YOL105C,0,-0.37938094,0.09485387802124023,0.9592039585113525,0.9203602075576782
YEL038W,YDR264C,0,-0.37943527,0.09484454989433289,0.9592039585113525,0.9204602241516113
YCR093W,YOL072W,1,-0.38086626,0.09493359923362732,0.9601989984512329,0.9204602241516113
YBR191W,YIL050W,0,-0.38136676,0.09492425620555878,0.9601989984512329,0.9205603003501892
YDR343C,YDR155C,0,-0.38141897,0.09491492062807083,0.9601989984512329,0.9206603169441223
YMR153W,YJL038C,0,-0.38183987,0.09490558505058289,0.9601989984512329,0.9207603931427002
YOL059W,YML024W,0,-0.38225803,0.09489625692367554,0.9601989984512329,0.9208604097366333
YDR463W,YDL193W,0,-0.38309583,0.09488692134618759,0.9601989984512329,0.9209604859352112
YMR113W,YDR105C,0,-0.3837766,0.09487759321928024,0.9601989984512329,0.9210605025291443
YJR159W,YOR134W,0,-0.38422474,0.0948682650923729,0.9601989984512329,0.9211605787277222
YBL035C,YHR199C,0,-0.38424066,0.09485893696546555,0.9601989984512329,0.9212606549263
YNL103W,YDR497C,0,-0.38504705,0.0948496162891388,0.9601989984512329,0.9213606715202332
YER073W,YGL183C,0,-0.38540357,0.09484029561281204,0.9601989984512329,0.921460747718811
YOL044W,YDR293C,0,-0.38569576,0.09483097493648529,0.9601989984512329,0.9215607643127441
YBR261C,YDL210W,0,-0.38687703,0.09482165426015854,0.9601989984512329,0.921660840511322
YOL161C,YGR036C,0,-0.38811517,0.09481234103441238,0.9601989984512329,0.9217608571052551
YDR028C,YKL129C,0,-0.3886947,0.09480302780866623,0.9601989984512329,0.921860933303833
YOR381W,YHR039C-A,0,-0.38939992,0.09479371458292007,0.9601989984512329,0.9219610095024109
YLR375W,YBR173C,0,-0.3895159,0.09478440135717392,0.9601989984512329,0.922061026096344
YLR417W,YDL137W,0,-0.38971338,0.09477509558200836,0.9601989984512329,0.9221611022949219
YAL056W,YEL052W,0,-0.39064947,0.0947657898068428,0.9601989984512329,0.922261118888855
YMR076C,YMR315W,0,-0.39155555,0.09475648403167725,0.9601989984512329,0.9223611950874329
YOR134W,YOR274W,0,-0.39197612,0.09474717825651169,0.9601989984512329,0.922461211681366
YOR155C,YKL095W,0,-0.3921205,0.09473787248134613,0.9601989984512329,0.9225612878799438
YPL137C,YDR067C,0,-0.39235312,0.09472857415676117,0.9601989984512329,0.922661304473877
YIL015W,YLR213C,0,-0.392536,0.09471927583217621,0.9601989984512329,0.9227613806724548
YDR522C,YLR249W,0,-0.39299935,0.09470998495817184,0.9601989984512329,0.9228614568710327
YGR180C,YLR256W,0,-0.393382,0.09470068663358688,0.9601989984512329,0.9229614734649658
YPL202C,YOR267C,0,-0.39349312,0.09469139575958252,0.9601989984512329,0.9230615496635437
YDR490C,YNL197C,1,-0.39432392,0.09478022158145905,0.9611940383911133,0.9230615496635437
YJL006C,YBR072W,0,-0.39485055,0.09477092325687408,0.9611940383911133,0.9231615662574768
YIL004C,YKL057C,0,-0.3949979,0.09476162493228912,0.9611940383911133,0.9232616424560547
YNR067C,YHR187W,0,-0.39506808,0.09475232660770416,0.9611940383911133,0.9233616590499878
YJL144W,YBR217W,0,-0.395725,0.0947430357336998,0.9611940383911133,0.9234617352485657
YGR068C,YGL245W,0,-0.3957794,0.09473374485969543,0.9611940383911133,0.9235617518424988
YMR215W,YBR188C,0,-0.3965668,0.09472445398569107,0.9611940383911133,0.9236618280410767
YGR075C,YBR186W,0,-0.3966752,0.0947151705622673,0.9611940383911133,0.9237619042396545
YNL020C,YHR199C,0,-0.39694512,0.09470587968826294,0.9611940383911133,0.9238619208335876
YGL259W,YBR014C,0,-0.3969499,0.09469659626483917,0.9611940383911133,0.9239619970321655
YML118W,YPL168W,0,-0.39788994,0.0946873128414154,0.9611940383911133,0.9240620136260986
YIR031C,YDR164C,0,-0.39808556,0.09467803686857224,0.9611940383911133,0.9241620898246765
YJL095W,YLR417W,0,-0.39818886,0.09466876089572906,0.9611940383911133,0.9242621064186096
YMR013C,YDR409W,0,-0.39891273,0.0946594774723053,0.9611940383911133,0.9243621826171875
YER118C,YDR359C,0,-0.3989179,0.09465020895004272,0.9611940383911133,0.9244622588157654
YMR013C,YDR001C,0,-0.3990077,0.09464093297719955,0.9611940383911133,0.9245622754096985
YBL032W,YJL047C,1,-0.39927346,0.09472962468862534,0.9621890783309937,0.9245622754096985
YHL038C,YPL118W,0,-0.399597,0.09472034126520157,0.9621890783309937,0.9246623516082764
YPL026C,YMR316C-A,0,-0.4009236,0.0947110652923584,0.9621890783309937,0.9247623682022095
YPL118W,YLR054C,0,-0.40130892,0.09470178931951523,0.9621890783309937,0.9248624444007874
YBL080C,YOL155C,0,-0.4015049,0.09469252079725266,0.9621890783309937,0.9249624609947205
YPR023C,YGL107C,1,-0.40152737,0.09478116035461426,0.9631840586662292,0.9249624609947205
YER146W,YOL012C,1,-0.4023509,0.09486978501081467,0.9641790986061096,0.9249624609947205
YIL015W,YDR519W,0,-0.40293205,0.0948605015873909,0.9641790986061096,0.9250625371932983
YHL038C,YOR136W,0,-0.4031184,0.09485121071338654,0.9641790986061096,0.9251625537872314
YHR168W,YPL252C,0,-0.40323392,0.09484192728996277,0.9641790986061096,0.9252626299858093
YOR275C,YDR135C,0,-0.40392825,0.0948326513171196,0.9641790986061096,0.9253627061843872
YCR026C,YBR004C,0,-0.4050968,0.09482336789369583,0.9641790986061096,0.9254627227783203
YHL021C,YBL019W,0,-0.40510792,0.09481409192085266,0.9641790986061096,0.9255627989768982
YOR316C,YGL226C-A,0,-0.40583706,0.09480481594800949,0.9641790986061096,0.9256628155708313
YOR089C,YBR056W,0,-0.40589646,0.09479553997516632,0.9641790986061096,0.9257628917694092
YDR248C,YKL112W,0,-0.40591094,0.09478626400232315,0.9641790986061096,0.9258629083633423
YDR096W,YPL066W,0,-0.4059706,0.09477699548006058,0.9641790986061096,0.9259629845619202
YJL094C,YIL119C,0,-0.4061996,0.094767726957798,0.9641790986061096,0.926063060760498
YER010C,YOL113W,0,-0.40637305,0.09475845843553543,0.9641790986061096,0.9261630773544312
YGL213C,YBR170C,1,-0.40725067,0.09484697133302689,0.96517413854599,0.9261630773544312
YLL013C,YPL029W,1,-0.4076834,0.09493546932935715,0.9661691784858704,0.9261630773544312
YDR490C,YDL160C,1,-0.40770638,0.09502395242452621,0.967164158821106,0.9261630773544312
YKR052C,YDL080C,0,-0.40783012,0.09501466155052185,0.967164158821106,0.926263153553009
YLR404W,YPL118W,0,-0.40830114,0.09500537812709808,0.967164158821106,0.9263631701469421
YLR021W,YPR042C,1,-0.4102336,0.09509382396936417,0.9681591987609863,0.9263631701469421
YGR092W,YNL293W,0,-0.41109958,0.0950845330953598,0.9681591987609863,0.92646324634552
YNL325C,YHR199C,0,-0.41156492,0.09507524222135544,0.9681591987609863,0.9265632629394531
YBR040W,YMR318C,0,-0.4119332,0.09506595134735107,0.9681591987609863,0.926663339138031
YPL011C,YGL121C,0,-0.4121193,0.09505666047334671,0.9681591987609863,0.9267633557319641
YLR114C,YDR421W,0,-0.4124159,0.09504737704992294,0.9681591987609863,0.926863431930542
YLR345W,YPL214C,0,-0.41315594,0.09503809362649918,0.9681591987609863,0.9269635081291199
YBR059C,YMR056C,0,-0.41342327,0.09502881020307541,0.9681591987609863,0.927063524723053
YEL062W,YMR158W,0,-0.413495,0.09501953423023224,0.9681591987609863,0.9271636009216309
YKR065C,YDL106C,0,-0.41355833,0.09501025080680847,0.9681591987609863,0.927263617515564
YHR047C,YMR246W,0,-0.4137308,0.0950009748339653,0.9681591987609863,0.9273636937141418
YKL126W,YBR056W,0,-0.41397122,0.09499169886112213,0.9681591987609863,0.927463710308075
YPR201W,YKL216W,0,-0.4140769,0.09498243033885956,0.9681591987609863,0.9275637865066528
YAL013W,YJL214W,0,-0.41494673,0.09497315436601639,0.9681591987609863,0.9276638031005859
YOL075C,YDL128W,0,-0.41499433,0.09496388584375381,0.9681591987609863,0.9277638792991638
YKL086W,YNL335W,0,-0.41582838,0.09495461732149124,0.9681591987609863,0.9278639554977417
YFL018C,YJL014W,0,-0.416012,0.09494535624980927,0.9681591987609863,0.9279639720916748
YPR023C,YBL105C,1,-0.4168757,0.095033660531044,0.9691542387008667,0.9279639720916748
YDL243C,YOR003W,0,-0.41707835,0.09502439200878143,0.9691542387008667,0.9280640482902527
YHR090C,YPL196W,0,-0.4170784,0.09501512348651886,0.9691542387008667,0.9281640648841858
YGL121C,YEL059C-A,0,-0.4173042,0.09500585496425629,0.9691542387008667,0.9282641410827637
YOR275C,YBL045C,0,-0.41746077,0.09499658644199371,0.9691542387008667,0.9283641576766968
YDR483W,YNR010W,0,-0.4184793,0.09498732537031174,0.9691542387008667,0.9284642338752747
YPL127C,YDL223C,0,-0.41864926,0.09497805684804916,0.9691542387008667,0.9285643100738525
YLL015W,YOL044W,0,-0.41904703,0.09496879577636719,0.9691542387008667,0.9286643266677856
YMR313C,YDR293C,0,-0.41985044,0.09495954215526581,0.9691542387008667,0.9287644028663635
YDR356W,YER112W,0,-0.42001668,0.09495028108358383,0.9691542387008667,0.9288644194602966
YDL235C,YGL183C,0,-0.42090133,0.09494102746248245,0.9691542387008667,0.9289644956588745
YFL018C,YJR151C,0,-0.42266867,0.09493177384138107,0.9691542387008667,0.9290645122528076
YNR060W,YKR027W,0,-0.4256532,0.0949225202202797,0.9691542387008667,0.9291645884513855
YLR419W,YMR076C,0,-0.42589062,0.09491327404975891,0.9691542387008667,0.9292646050453186
YDR089W,YPL196W,0,-0.42602283,0.09490402787923813,0.9691542387008667,0.9293646812438965
YLR097C,YGL244W,0,-0.4263749,0.09489477425813675,0.9691542387008667,0.9294647574424744
YGR129W,YIL117C,0,-0.42643237,0.09488553553819656,0.9691542387008667,0.9295647740364075
YPR191W,YPR002W,0,-0.42647246,0.09487628936767578,0.9691542387008667,0.9296648502349854
YNL038W,YDR178W,0,-0.42696187,0.0948670506477356,0.9691542387008667,0.9297648668289185
YIL082W-A,YPL095C,0,-0.4270912,0.09485781192779541,0.9691542387008667,0.9298649430274963
YDR099W,YDR460W,0,-0.42709365,0.09484857320785522,0.9691542387008667,0.9299649596214294
YNR048W,YDL106C,0,-0.4286328,0.09483933448791504,0.9691542387008667,0.9300650358200073
YGL121C,YDR151C,0,-0.42946836,0.09483010321855545,0.9691542387008667,0.9301651120185852
YER035W,YDL230W,0,-0.43025783,0.09482087194919586,0.9691542387008667,0.9302651286125183
YHR158C,YBL019W,0,-0.430809,0.09481164067983627,0.9691542387008667,0.9303652048110962
YNR044W,YDR529C,0,-0.43089345,0.09480241686105728,0.9691542387008667,0.9304652214050293
YCR095C,YNR076W,0,-0.43097684,0.09479318559169769,0.9691542387008667,0.9305652976036072
YDL132W,YFL018C,0,-0.4310656,0.0947839617729187,0.9691542387008667,0.9306653141975403
YLR095C,YOR251C,0,-0.432418,0.09477473795413971,0.9691542387008667,0.9307653903961182
YOR358W,YGL051W,0,-0.4324617,0.09476552158594131,0.9691542387008667,0.9308654069900513
YMR031C,YHR051W,0,-0.43266955,0.09475629776716232,0.9691542387008667,0.9309654831886292
YGR058W,YIL153W,0,-0.43377706,0.09474708139896393,0.9691542387008667,0.931065559387207
YDR296W,YGR282C,0,-0.43408036,0.09473786503076553,0.9691542387008667,0.9311655759811401
YLR408C,YIL118W,0,-0.43501163,0.09472864866256714,0.9691542387008667,0.931265652179718
YLR001C,YDL025C,0,-0.4356702,0.09471943974494934,0.9691542387008667,0.9313656687736511
YPR129W,YIL075C,0,-0.43591705,0.09471023082733154,0.9691542387008667,0.931465744972229
YIL065C,YGL207W,0,-0.43626133,0.09470102190971375,0.9691542387008667,0.9315657615661621
YCR024C,YLR097C,0,-0.43633956,0.09469181299209595,0.9691542387008667,0.93166583776474
YGR199W,YDR389W,0,-0.43788007,0.09468261152505875,0.9691542387008667,0.9317658543586731
YJR161C,YPR001W,0,-0.43810663,0.09467340260744095,0.9691542387008667,0.931865930557251
YGL189C,YJR153W,0,-0.43881947,0.09466420114040375,0.9691542387008667,0.9319660067558289
YDR096W,YDL095W,0,-0.4388863,0.09465500712394714,0.9691542387008667,0.932066023349762
YDL193W,YNL330C,0,-0.43942907,0.09464580565690994,0.9691542387008667,0.9321660995483398
YLR023C,YJR155W,0,-0.4409182,0.09463661164045334,0.9691542387008667,0.932266116142273
YDR233C,YHL036W,0,-0.4413673,0.09462741762399673,0.9691542387008667,0.9323661923408508
YBR115C,YDL128W,0,-0.441583,0.09461822360754013,0.9691542387008667,0.9324662089347839
YLR097C,YER020W,0,-0.4416835,0.09460903704166412,0.9691542387008667,0.9325662851333618
YPR067W,YIR021W,0,-0.44193107,0.09459984302520752,0.9691542387008667,0.9326663613319397
YCR077C,YPL123C,1,-0.44252875,0.09468777477741241,0.9701492786407471,0.9326663613319397
YMR142C,YGR175C,0,-0.4433116,0.09467858076095581,0.9701492786407471,0.9327663779258728
YJL072C,YDL182W,0,-0.44345143,0.0946693867444992,0.9701492786407471,0.9328664541244507
YNL202W,YIL009C-A,0,-0.44450235,0.0946601927280426,0.9701492786407471,0.9329664707183838
YMR243C,YBR025C,0,-0.4446949,0.0946510061621666,0.9701492786407471,0.9330665469169617
YOR070C,YMR209C,0,-0.44493493,0.09464181959629059,0.9701492786407471,0.9331665635108948
YOL060C,YMR158W,0,-0.44515377,0.09463263303041458,0.9701492786407471,0.9332666397094727
YGR100W,YNL006W,0,-0.44598266,0.09462344646453857,0.9701492786407471,0.9333666563034058
YGR217W,YNL031C,0,-0.44661286,0.09461426734924316,0.9701492786407471,0.9334667325019836
YER065C,YDR155C,0,-0.4468321,0.09460508078336716,0.9701492786407471,0.9335668087005615
YMR284W,YKR027W,0,-0.44741067,0.09459590911865234,0.9701492786407471,0.9336668252944946
YLR461W,YFL017W-A,0,-0.44742808,0.09458673000335693,0.9701492786407471,0.9337669014930725
YHR025W,YDR325W,0,-0.44758078,0.09457755088806152,0.9701492786407471,0.9338669180870056
YKL181W,YDR059C,0,-0.44782647,0.09456837922334671,0.9701492786407471,0.9339669942855835
YLL033W,YOR003W,0,-0.4483098,0.0945592075586319,0.9701492786407471,0.9340670108795166
YGL060W,YBL037W,0,-0.44835725,0.09455003589391708,0.9701492786407471,0.9341670870780945
YOL008W,YGR279C,0,-0.44937885,0.09454087167978287,0.9701492786407471,0.9342671632766724
YOR371C,YMR274C,0,-0.45082998,0.09453170746564865,0.9701492786407471,0.9343671798706055
YHR104W,YDL119C,0,-0.45136043,0.09452254325151443,0.9701492786407471,0.9344672560691833
YCR014C,YPL168W,0,-0.45181003,0.09451337903738022,0.9701492786407471,0.9345672726631165
YLR419W,YMR039C,0,-0.45181358,0.094504214823246,0.9701492786407471,0.9346673488616943
YML050W,YGR282C,0,-0.4522338,0.09449505805969238,0.9701492786407471,0.9347673654556274
YBR106W,YHR019C,0,-0.45298132,0.09448590129613876,0.9701492786407471,0.9348674416542053
YJL102W,YPL196W,0,-0.45307794,0.09447674453258514,0.9701492786407471,0.9349674582481384
YMR148W,YLR337C,0,-0.45350388,0.09446758776903152,0.9701492786407471,0.9350675344467163
YOL054W,YPR124W,0,-0.45456094,0.0944584384560585,0.9701492786407471,0.9351676106452942
YLR204W,YPR127W,0,-0.4561115,0.09444928914308548,0.9701492786407471,0.9352676272392273
YOL089C,YJR051W,0,-0.45713472,0.09444013983011246,0.9701492786407471,0.9353677034378052
YMR088C,YHL019C,0,-0.4575415,0.09443099051713943,0.9701492786407471,0.9354677200317383
YBR221C,YMR088C,0,-0.45762548,0.09442184865474701,0.9701492786407471,0.9355677962303162
YDL004W,YLR064W,0,-0.45784867,0.09441270679235458,0.9701492786407471,0.9356678128242493
YPL091W,YOL044W,0,-0.459517,0.09440356492996216,0.9701492786407471,0.9357678890228271
YGL237C,YER052C,0,-0.46097222,0.09439442306756973,0.9701492786407471,0.9358679056167603
YPR027C,YCR068W,0,-0.46225834,0.0943852886557579,0.9701492786407471,0.9359679818153381
YIL041W,YPL009C,0,-0.46229345,0.09437614679336548,0.9701492786407471,0.936068058013916
YDL106C,YLR238W,0,-0.46345267,0.09436701238155365,0.9701492786407471,0.9361680746078491
YOL013C,YBR216C,0,-0.46383798,0.09435788542032242,0.9701492786407471,0.936268150806427
YPR149W,YPL026C,0,-0.46397564,0.09434875100851059,0.9701492786407471,0.9363681674003601
YER112W,YER103W,0,-0.46423873,0.09433962404727936,0.9701492786407471,0.936468243598938
YCL040W,YAL051W,0,-0.46508995,0.09433049708604813,0.9701492786407471,0.9365682601928711
YOR090C,YOR391C,0,-0.46571139,0.0943213701248169,0.9701492786407471,0.936668336391449
YNL240C,YOL032W,0,-0.4658542,0.09431224316358566,0.9701492786407471,0.9367684125900269
YLR204W,YBR056W,0,-0.4658965,0.09430312365293503,0.9701492786407471,0.93686842918396
YMR284W,YHR038W,0,-0.4661362,0.0942940041422844,0.9701492786407471,0.9369685053825378
YAL012W,YGL055W,0,-0.46631745,0.09428488463163376,0.9701492786407471,0.937068521976471
YAL051W,YPL222W,0,-0.46649116,0.09427576512098312,0.9701492786407471,0.9371685981750488
YAL012W,YLR295C,0,-0.46650183,0.09426665306091309,0.9701492786407471,0.9372686147689819
YIL119C,YJR051W,0,-0.4671166,0.09425754100084305,0.9701492786407471,0.9373686909675598
YCR011C,YLR266C,0,-0.46723273,0.09424842894077301,0.9701492786407471,0.9374687075614929
YPL002C,YMR077C,0,-0.46838012,0.09423931688070297,0.9701492786407471,0.9375687837600708
YNL142W,YBR014C,0,-0.46893576,0.09423021227121353,0.9701492786407471,0.9376688599586487
YGL045W,YJR059W,0,-0.46948868,0.09422110766172409,0.9701492786407471,0.9377688765525818
YDR456W,YNL236W,0,-0.46988714,0.09421200305223465,0.9701492786407471,0.9378689527511597
YNR010W,YOR316C,0,-0.46992132,0.09420289844274521,0.9701492786407471,0.9379689693450928
YDR074W,YHR162W,0,-0.4706742,0.09419380128383636,0.9701492786407471,0.9380690455436707
YDR074W,YBR080C,0,-0.47161162,0.09418469667434692,0.9701492786407471,0.9381690621376038
YJR082C,YJR103W,0,-0.47172812,0.09417559951543808,0.9701492786407471,0.9382691383361816
YPL214C,YPL222W,0,-0.472679,0.09416650235652924,0.9701492786407471,0.9383691549301147
YPL178W,YDR148C,0,-0.47289926,0.09415741264820099,0.9701492786407471,0.9384692311286926
YKL209C,YOR315W,0,-0.4729445,0.09414832293987274,0.9701492786407471,0.9385693073272705
YBR221C,YFR008W,0,-0.47332492,0.0941392332315445,0.9701492786407471,0.9386693239212036
YKL039W,YOL113W,0,-0.474076,0.09413014352321625,0.9701492786407471,0.9387694001197815
YLR337C,YMR275C,0,-0.4746052,0.094121053814888,0.9701492786407471,0.9388694167137146
YDL146W,YBR202W,0,-0.4748256,0.09411197155714035,0.9701492786407471,0.9389694929122925
YER046W,YLR097C,0,-0.47487354,0.0941028892993927,0.9701492786407471,0.9390695095062256
YBR216C,YAL056W,0,-0.47510108,0.09409380704164505,0.9701492786407471,0.9391695857048035
YLR337C,YPL149W,0,-0.47524267,0.0940847247838974,0.9701492786407471,0.9392696619033813
YDR296W,YGL259W,0,-0.47577378,0.09407564997673035,0.9701492786407471,0.9393696784973145
YNL075W,YJR151C,0,-0.47596535,0.0940665677189827,0.9701492786407471,0.9394697546958923
YLR204W,YPR002W,0,-0.4763295,0.09405749291181564,0.9701492786407471,0.9395697712898254
YDR059C,YCR079W,0,-0.47658655,0.09404842555522919,0.9701492786407471,0.9396698474884033
YOR291W,YLL056C,0,-0.47707373,0.09403935074806213,0.9701492786407471,0.9397698640823364
YDL193W,YPL270W,0,-0.47969595,0.09403028339147568,0.9701492786407471,0.9398699402809143
YJR119C,YNL251C,1,-0.47982422,0.0941176488995552,0.9711442589759827,0.9398699402809143
YMR136W,YNR060W,0,-0.48049405,0.09410857409238815,0.9711442589759827,0.9399699568748474
YMR215W,YHR021C,0,-0.48137254,0.0940994992852211,0.9711442589759827,0.9400700330734253
YML046W,YLR064W,0,-0.48247707,0.09409042447805405,0.9711442589759827,0.9401701092720032
YBR235W,YNL264C,0,-0.4828554,0.09408135712146759,0.9711442589759827,0.9402701258659363
YMR251W-A,YGR005C,0,-0.48308644,0.09407228976488113,0.9711442589759827,0.9403702020645142
YPR186C,YEL059C-A,0,-0.48311445,0.09406322240829468,0.9711442589759827,0.9404702186584473
YBR080C,YNL091W,0,-0.48331043,0.09405415505170822,0.9711442589759827,0.9405702948570251
YLL003W,YMR251W-A,0,-0.48429894,0.09404509514570236,0.9711442589759827,0.9406703114509583
YGL121C,YKL086W,0,-0.48445073,0.0940360352396965,0.9711442589759827,0.9407703876495361
YDL035C,YLR080W,0,-0.48462656,0.09402697533369064,0.9711442589759827,0.940870463848114
YDR093W,YMR133W,0,-0.48498067,0.09401791542768478,0.9711442589759827,0.9409704804420471
YMR236W,YOR125C,0,-0.48575437,0.09400886297225952,0.9711442589759827,0.941070556640625
YGR215W,YOL152W,0,-0.48636472,0.09399981051683426,0.9711442589759827,0.9411705732345581
YPL195W,YOR044W,0,-0.48648432,0.093990758061409,0.9711442589759827,0.941270649433136
YJR135W-A,YGL064C,0,-0.48666194,0.09398170560598373,0.9711442589759827,0.9413706660270691
YDR251W,YKR061W,0,-0.48891962,0.09397265315055847,0.9711442589759827,0.941470742225647
YJL178C,YHL040C,0,-0.48948792,0.0939636081457138,0.9711442589759827,0.9415707588195801
YBR026C,YLR070C,0,-0.4895541,0.09395456314086914,0.9711442589759827,0.941670835018158
YAR009C,YDR270W,0,-0.48961928,0.09394551813602448,0.9711442589759827,0.9417709112167358
YBR298C,YOL161C,0,-0.49049625,0.0939364805817604,0.9711442589759827,0.941870927810669
YOL078W,YCR011C,0,-0.49085164,0.09392743557691574,0.9711442589759827,0.9419710040092468
YHR047C,YJL024C,0,-0.4925805,0.09391839802265167,0.9711442589759827,0.9420710206031799
YGR058W,YGR254W,0,-0.49265704,0.0939093604683876,0.9711442589759827,0.9421710968017578
YLR228C,YGR036C,0,-0.4927476,0.09390033036470413,0.9711442589759827,0.9422711133956909
YLR204W,YHR038W,0,-0.49385086,0.09389129281044006,0.9711442589759827,0.9423711895942688
YIL117C,YIL156W,0,-0.49406385,0.09388226270675659,0.9711442589759827,0.9424712061882019
YDL046W,YPL195W,0,-0.49570253,0.09387323260307312,0.9711442589759827,0.9425712823867798
YER035W,YER092W,0,-0.49587646,0.09386420249938965,0.9711442589759827,0.9426713585853577
YLR404W,YOL151W,0,-0.49619326,0.09385517984628677,0.9711442589759827,0.9427713751792908
YNL025C,YGL259W,0,-0.4962931,0.0938461571931839,0.9711442589759827,0.9428714513778687
YER001W,YBR214W,0,-0.49643007,0.09383713454008102,0.9711442589759827,0.9429714679718018
YML046W,YDR302W,0,-0.4965197,0.09382811188697815,0.9711442589759827,0.9430715441703796
YIL134W,YGL077C,0,-0.49743253,0.09381908923387527,0.9711442589759827,0.9431715607643127
YOL151W,YBR173C,0,-0.49771518,0.093810074031353,0.9711442589759827,0.9432716369628906
YMR115W,YDL210W,0,-0.49784625,0.09380105882883072,0.9711442589759827,0.9433717131614685
YPR200C,YHL035C,0,-0.49790692,0.09379204362630844,0.9711442589759827,0.9434717297554016
YOL033W,YJL143W,0,-0.49847206,0.09378302842378616,0.9711442589759827,0.9435718059539795
YGR048W,YBR014C,0,-0.4989351,0.09377402067184448,0.9711442589759827,0.9436718225479126
YOR213C,YNL322C,0,-0.49904373,0.0937650129199028,0.9711442589759827,0.9437718987464905
YMR056C,YOR274W,0,-0.49940088,0.09375600516796112,0.9711442589759827,0.9438719153404236
YKR052C,YGR067C,0,-0.50062215,0.09374699741601944,0.9711442589759827,0.9439719915390015
YLL057C,YLR190W,0,-0.5006632,0.09373799711465836,0.9711442589759827,0.9440720081329346
YBR199W,YNR060W,0,-0.5007043,0.09372898936271667,0.9711442589759827,0.9441720843315125
YKL038W,YLR238W,0,-0.50091493,0.09371998906135559,0.9711442589759827,0.9442721605300903
YER015W,YLL029W,0,-0.5014985,0.0937109962105751,0.9711442589759827,0.9443721771240234
YGR048W,YPR193C,0,-0.50160086,0.09370199590921402,0.9711442589759827,0.9444722533226013
YBR175W,YNL213C,0,-0.5028304,0.09369300305843353,0.9711442589759827,0.9445722699165344
YNL305C,YDR264C,0,-0.50338376,0.09368401020765305,0.9711442589759827,0.9446723461151123
YKL087C,YFL018C,0,-0.5035121,0.09367501735687256,0.9711442589759827,0.9447723627090454
YLR080W,YCR079W,0,-0.50393707,0.09366602450609207,0.9711442589759827,0.9448724389076233
YDR465C,YGR055W,0,-0.50417626,0.09365703910589218,0.9711442589759827,0.9449725151062012
YKL208W,YDR033W,0,-0.5045656,0.09364805370569229,0.9711442589759827,0.9450725317001343
YNR048W,YOL033W,0,-0.5059006,0.0936390683054924,0.9711442589759827,0.9451726078987122
YPL036W,YFR015C,0,-0.5062212,0.09363008290529251,0.9711442589759827,0.9452726244926453
YOR391C,YIL013C,0,-0.5063479,0.09362110495567322,0.9711442589759827,0.9453727006912231
YDL004W,YGR067C,0,-0.50711364,0.09361212700605392,0.9711442589759827,0.9454727172851562
YKR049C,YIL117C,0,-0.507128,0.09360314905643463,0.9711442589759827,0.9455727934837341
YGL011C,YJR049C,0,-0.507693,0.09359417110681534,0.9711442589759827,0.9456728100776672
YLR207W,YDR135C,0,-0.5083572,0.09358519315719604,0.9711442589759827,0.9457728862762451
YNR036C,YOL054W,0,-0.5085518,0.09357622265815735,0.9711442589759827,0.945872962474823
YHL024W,YDR380W,0,-0.50949246,0.09356725215911865,0.9711442589759827,0.9459729790687561
YDL155W,YHR024C,0,-0.5095206,0.09355828166007996,0.9711442589759827,0.946073055267334
YMR174C,YOR177C,0,-0.5107625,0.09354931116104126,0.9711442589759827,0.9461730718612671
YML091C,YDL233W,0,-0.5112051,0.09354034811258316,0.9711442589759827,0.946273148059845
YOR380W,YGR099W,0,-0.5115041,0.09353138506412506,0.9711442589759827,0.9463731646537781
YHR025W,YLR060W,0,-0.5129373,0.09352242201566696,0.9711442589759827,0.946473240852356
YKR065C,YJL123C,0,-0.5129756,0.09351345896720886,0.9711442589759827,0.9465732574462891
YAL012W,YAL023C,0,-0.5137968,0.09350450336933136,0.9711442589759827,0.9466733336448669
YOR042W,YJL044C,0,-0.5138608,0.09349554777145386,0.9711442589759827,0.9467734098434448
YOL013C,YLR378C,0,-0.5144394,0.09348659217357635,0.9711442589759827,0.9468734264373779
YBR129C,YHL042W,0,-0.5148266,0.09347763657569885,0.9711442589759827,0.9469735026359558
YNL239W,YOR274W,0,-0.51616937,0.09346868097782135,0.9711442589759827,0.9470735192298889
YOL032W,YPR138C,0,-0.5163312,0.09345973283052444,0.9711442589759827,0.9471735954284668
YNL157W,YGL048C,1,-0.516746,0.09354653209447861,0.972139298915863,0.9471735954284668
YML038C,YOL105C,0,-0.51807797,0.0935375764966011,0.972139298915863,0.9472736120223999
YDR164C,YOR380W,0,-0.51816577,0.0935286208987236,0.972139298915863,0.9473736882209778
YKL011C,YOR010C,0,-0.5185844,0.0935196727514267,0.972139298915863,0.9474737644195557
YGR068C,YLL042C,0,-0.51946974,0.0935107171535492,0.972139298915863,0.9475737810134888
YDR489W,YDR421W,0,-0.5202963,0.09350176900625229,0.972139298915863,0.9476738572120667
YBL032W,YOL156W,0,-0.52066284,0.09349282085895538,0.972139298915863,0.9477738738059998
YIL065C,YKR058W,0,-0.5207381,0.09348388016223907,0.972139298915863,0.9478739500045776
YLR095C,YPL015C,0,-0.52221227,0.09347493201494217,0.972139298915863,0.9479739665985107
YMR256C,YPR105C,0,-0.52345866,0.09346599131822586,0.972139298915863,0.9480740427970886
YNR048W,YPR068C,0,-0.52564454,0.09345705062150955,0.972139298915863,0.9481740593910217
YGR254W,YBR056W,0,-0.52569324,0.09344810992479324,0.972139298915863,0.9482741355895996
YPL220W,YDR127W,0,-0.5277795,0.09343917667865753,0.972139298915863,0.9483742117881775
YNL156C,YDR135C,0,-0.52803916,0.09343023598194122,0.972139298915863,0.9484742283821106
YMR085W,YLL025W,0,-0.52815616,0.09342130273580551,0.972139298915863,0.9485743045806885
YDR251W,YDR188W,0,-0.5282918,0.0934123694896698,0.972139298915863,0.9486743211746216
YDR522C,YAL048C,0,-0.52981555,0.09340344369411469,0.972139298915863,0.9487743973731995
YBR068C,YOR136W,0,-0.53015155,0.09339451044797897,0.972139298915863,0.9488744139671326
YGR047C,YDR264C,0,-0.530812,0.09338558465242386,0.972139298915863,0.9489744901657104
YDL035C,YMR160W,0,-0.5310962,0.09337665885686874,0.972139298915863,0.9490745663642883
YJL107C,YEL038W,0,-0.5313213,0.09336774051189423,0.972139298915863,0.9491745829582214
YDL035C,YGR254W,0,-0.53214777,0.09335881471633911,0.972139298915863,0.9492746591567993
YGL196W,YFL062W,0,-0.5324285,0.0933498963713646,0.972139298915863,0.9493746757507324
YGR046W,YDR067C,0,-0.53248006,0.09334097802639008,0.972139298915863,0.9494747519493103
YKR052C,YOR038C,0,-0.53296113,0.09333205968141556,0.972139298915863,0.9495747685432434
YER159C,YDR261C,0,-0.5357545,0.09332314133644104,0.972139298915863,0.9496748447418213
YHR142W,YLR277C,0,-0.5369191,0.09331423044204712,0.972139298915863,0.9497748613357544
YER154W,YEL024W,0,-0.53855497,0.0933053195476532,0.972139298915863,0.9498749375343323
YJL093C,YDR178W,0,-0.5393863,0.09329640865325928,0.972139298915863,0.9499750137329102
YOL032W,YDR389W,0,-0.53948975,0.09328749775886536,0.972139298915863,0.9500750303268433
YMR209C,YNL312W,0,-0.5405186,0.09327859431505203,0.972139298915863,0.9501751065254211
YIL065C,YKL011C,0,-0.54113203,0.09326969087123871,0.972139298915863,0.9502751231193542
YPL159C,YOL161C,0,-0.5412183,0.09326078742742538,0.972139298915863,0.9503751993179321
YCR105W,YIL156W,0,-0.5414887,0.09325188398361206,0.972139298915863,0.9504752159118652
YIL065C,YOR316C,0,-0.54155123,0.09324298799037933,0.972139298915863,0.9505752921104431
YFR015C,YMR175W,0,-0.5415959,0.09323408454656601,0.972139298915863,0.9506753087043762
YLR023C,YLR312W-A,0,-0.5425781,0.09322518855333328,0.972139298915863,0.9507753849029541
YAL042W,YMR053C,0,-0.54269075,0.09321629256010056,0.972139298915863,0.950875461101532
YLR461W,YAL051W,0,-0.5434992,0.09320740401744843,0.972139298915863,0.9509754776954651
YJL006C,YBR040W,0,-0.544956,0.0931985154747963,0.972139298915863,0.951075553894043
YHR142W,YMR073C,0,-0.5465489,0.09318961948156357,0.972139298915863,0.9511755704879761
YPL049C,YDR001C,0,-0.5486093,0.09318073093891144,0.972139298915863,0.951275646686554
YDL193W,YNL136W,0,-0.55225426,0.0931718498468399,0.972139298915863,0.9513756632804871
YHL035C,YBL085W,0,-0.55231136,0.09316296130418777,0.972139298915863,0.9514757394790649
YOL072W,YDR293C,1,-0.5542632,0.09324942529201508,0.9731343388557434,0.9514757394790649
YOR291W,YKR082W,0,-0.55472934,0.09324053674936295,0.9731343388557434,0.9515758156776428
YPL178W,YDL128W,0,-0.5555065,0.09323164820671082,0.9731343388557434,0.9516758322715759
YGR046W,YFL014W,0,-0.5556209,0.09322275966405869,0.9731343388557434,0.9517759084701538
YDL193W,YLR422W,0,-0.55663985,0.09321387857198715,0.9731343388557434,0.9518759250640869
YKL043W,YDL088C,0,-0.5574941,0.09320499747991562,0.9731343388557434,0.9519760012626648
YDR028C,YGR089W,0,-0.55838525,0.09319610893726349,0.9731343388557434,0.9520760178565979
YMR263W,YDR345C,0,-0.5587471,0.09318723529577255,0.9731343388557434,0.9521760940551758
YOL060C,YLR165C,0,-0.558888,0.09317835420370102,0.9731343388557434,0.9522761106491089
YGL080W,YKL190W,0,-0.55918723,0.09316948056221008,0.9731343388557434,0.9523761868476868
YGR250C,YHR168W,0,-0.5600607,0.09316059947013855,0.9731343388557434,0.9524762630462646
YDR105C,YNR060W,0,-0.56030184,0.09315172582864761,0.9731343388557434,0.9525762796401978
YIR031C,YJL133W,0,-0.56165487,0.09314285963773727,0.9731343388557434,0.9526763558387756
YBR199W,YLR165C,0,-0.5636565,0.09313398599624634,0.9731343388557434,0.9527763724327087
YJR161C,YDR333C,0,-0.5638988,0.093125119805336,0.9731343388557434,0.9528764486312866
YHR158C,YGR244C,0,-0.5647637,0.09311625361442566,0.9731343388557434,0.9529764652252197
YOL152W,YDR117C,0,-0.5650486,0.09310738742351532,0.9731343388557434,0.9530765414237976
YBR199W,YML006C,0,-0.56580645,0.09309852123260498,0.9731343388557434,0.9531766176223755
YOL110W,YBR119W,0,-0.5666659,0.09308966249227524,0.9731343388557434,0.9532766342163086
YOL013C,YPL015C,0,-0.5677481,0.0930808037519455,0.9731343388557434,0.9533767104148865
YAL007C,YKR082W,0,-0.56859565,0.09307194501161575,0.9731343388557434,0.9534767270088196
YJR050W,YOL083W,0,-0.569022,0.09306308627128601,0.9731343388557434,0.9535768032073975
YAL035W,YLR060W,0,-0.5699341,0.09305423498153687,0.9731343388557434,0.9536768198013306
YJR161C,YIL177C,0,-0.57110935,0.09304538369178772,0.9731343388557434,0.9537768959999084
YGL085W,YOR267C,0,-0.5715967,0.09303653240203857,0.9731343388557434,0.9538769125938416
YBR200W,YPR026W,0,-0.5722603,0.09302768111228943,0.9731343388557434,0.9539769887924194
YLR001C,YHR038W,0,-0.5738448,0.09301882982254028,0.9731343388557434,0.9540770649909973
YPR124W,YML038C,0,-0.5739454,0.09300998598337173,0.9731343388557434,0.9541770815849304
YOL059W,YNR055C,0,-0.5744751,0.09300114214420319,0.9731343388557434,0.9542771577835083
YKR065C,YER065C,0,-0.5748612,0.09299229830503464,0.9731343388557434,0.9543771743774414
YNL158W,YOR125C,0,-0.5755874,0.09298345446586609,0.9731343388557434,0.9544772505760193
YOR391C,YIL034C,0,-0.57643586,0.09297461807727814,0.9731343388557434,0.9545772671699524
YDL095W,YBR122C,0,-0.5768312,0.09296578168869019,0.9731343388557434,0.9546773433685303
YCR093W,YLL013C,1,-0.5769209,0.09305199235677719,0.9741293787956238,0.9546773433685303
YLR119W,YJL154C,0,-0.57943416,0.09304314851760864,0.9741293787956238,0.9547773599624634
YIR022W,YDR359C,0,-0.58209485,0.0930343046784401,0.9741293787956238,0.9548774361610413
YPL076W,YHR104W,0,-0.58225644,0.09302546828985214,0.9741293787956238,0.9549775123596191
YGR206W,YBR231C,0,-0.58664936,0.0930166244506836,0.9741293787956238,0.9550775289535522
YOR223W,YNL006W,0,-0.586778,0.09300778806209564,0.9741293787956238,0.9551776051521301
YOL110W,YNL134C,0,-0.58852905,0.09299895167350769,0.9741293787956238,0.9552776217460632
YPR026W,YDR088C,0,-0.5904056,0.09299012273550034,0.9741293787956238,0.9553776979446411
YAL010C,YBL037W,0,-0.5906532,0.09298128634691238,0.9741293787956238,0.9554777145385742
YDR001C,YGL021W,0,-0.59070134,0.09297245740890503,0.9741293787956238,0.9555777907371521
YMR264W,YIL062C,0,-0.5921109,0.09296362847089767,0.9741293787956238,0.95567786693573
YML066C,YGR055W,0,-0.5925982,0.09295480698347092,0.9741293787956238,0.9557778835296631
YOR316C,YDR460W,0,-0.59305435,0.09294597804546356,0.9741293787956238,0.955877959728241
YML091C,YER089C,0,-0.59529334,0.0929371565580368,0.9741293787956238,0.9559779763221741
YFR044C,YLR098C,0,-0.59680575,0.09292833507061005,0.9741293787956238,0.956078052520752
YOL063C,YJR091C,1,-0.59743375,0.0930144265294075,0.9751243591308594,0.956078052520752
YMR133W,YIL126W,0,-0.60214454,0.09300559759140015,0.9751243591308594,0.9561780691146851
YML095C,YBR072W,0,-0.60350794,0.09299677610397339,0.9751243591308594,0.9562781453132629
YLR023C,YPL195W,0,-0.6039787,0.09298794716596603,0.9751243591308594,0.956378161907196
YGR046W,YMR051C,0,-0.60402435,0.09297912567853928,0.9751243591308594,0.9564782381057739
YDR028C,YDR074W,0,-0.608051,0.09297030419111252,0.9751243591308594,0.9565783143043518
YMR211W,YDL066W,0,-0.6111392,0.09296149015426636,0.9751243591308594,0.9566783308982849
YOR100C,YKR058W,0,-0.6113619,0.0929526686668396,0.9751243591308594,0.9567784070968628
YLL045C,YFL059W,0,-0.61145097,0.09294385462999344,0.9751243591308594,0.9568784236907959
YLR270W,YBL032W,1,-0.611937,0.09302987158298492,0.9761193990707397,0.9568784236907959
YDR511W,YDR174W,0,-0.61250037,0.09302105009555817,0.9761193990707397,0.9569784998893738
YPR198W,YBL019W,0,-0.612546,0.09301222860813141,0.9761193990707397,0.9570785164833069
YPR055W,YHL036W,0,-0.61358505,0.09300341457128525,0.9761193990707397,0.9571785926818848
YGL222C,YML118W,1,-0.6149975,0.09308939427137375,0.9771144390106201,0.9571785926818848
YOL013C,YNL330C,0,-0.6150588,0.0930805653333664,0.9771144390106201,0.9572786688804626
YDR283C,YKL013C,0,-0.61624444,0.09307174384593964,0.9771144390106201,0.9573786854743958
YDR483W,YLR461W,0,-0.6168666,0.09306292980909348,0.9771144390106201,0.9574787616729736
YGL115W,YBR056W,0,-0.61734873,0.09305410832166672,0.9771144390106201,0.9575787782669067
YBL037W,YDL044C,0,-0.61873263,0.09304529428482056,0.9771144390106201,0.9576788544654846
YOR068C,YDL146W,0,-0.618861,0.0930364727973938,0.9771144390106201,0.9577788710594177
YMR080C,YLR136C,1,-0.61894697,0.09312239289283752,0.9781094789505005,0.9577788710594177
YGR250C,YBR139W,0,-0.61907226,0.09311357140541077,0.9781094789505005,0.9578789472579956
YBR211C,YCR079W,0,-0.61961275,0.0931047573685646,0.9781094789505005,0.9579789638519287
YKL057C,YOR125C,0,-0.619848,0.09309593588113785,0.9781094789505005,0.9580790400505066
YDR188W,YDL135C,0,-0.6235617,0.09308712184429169,0.9781094789505005,0.9581791162490845
YBR221C,YBR188C,0,-0.6236297,0.09307830780744553,0.9781094789505005,0.9582791328430176
YDR088C,YDR460W,0,-0.6243692,0.09306949377059937,0.9781094789505005,0.9583792090415955
YMR013C,YDR264C,0,-0.6245641,0.0930606871843338,0.9781094789505005,0.9584792256355286
YMR088C,YJL094C,0,-0.6253515,0.09305187314748764,0.9781094789505005,0.9585793018341064
YDL193W,YML095C,0,-0.62596667,0.09304306656122208,0.9781094789505005,0.9586793184280396
YOR176W,YMR236W,0,-0.6260933,0.09303425997495651,0.9781094789505005,0.9587793946266174
YIR024C,YCR079W,0,-0.62647885,0.09302545338869095,0.9781094789505005,0.9588794112205505
YMR284W,YAL023C,0,-0.6269688,0.09301665425300598,0.9781094789505005,0.9589794874191284
YHR047C,YOR274W,0,-0.62814647,0.09300785511732101,0.9781094789505005,0.9590795636177063
YPR025C,YLR461W,0,-0.628784,0.09299905598163605,0.9781094789505005,0.9591795802116394
YBR175W,YDR511W,0,-0.63021743,0.09299025684595108,0.9781094789505005,0.9592796564102173
YOR380W,YOR267C,0,-0.6307047,0.09298145771026611,0.9781094789505005,0.9593796730041504
YLR375W,YNL134C,0,-0.632011,0.09297266602516174,0.9781094789505005,0.9594797492027283
YDR293C,YGL258W,0,-0.63413286,0.09296387434005737,0.9781094789505005,0.9595797657966614
YPR023C,YBL032W,1,-0.63598025,0.09304964542388916,0.9791044592857361,0.9595797657966614
YHR175W,YGR206W,0,-0.63646376,0.0930408462882042,0.9791044592857361,0.9596798419952393
YPL010W,YDL212W,0,-0.63823754,0.09303204715251923,0.9791044592857361,0.9597799181938171
YOL148C,YOL058W,0,-0.6404525,0.09302325546741486,0.9791044592857361,0.9598799347877502
YIL015W,YBR202W,0,-0.64053327,0.09301446378231049,0.9791044592857361,0.9599800109863281
YBR040W,YAL051W,0,-0.6408152,0.09300567209720612,0.9791044592857361,0.9600800275802612
YLR119W,YDR123C,0,-0.64120394,0.09299688041210175,0.9791044592857361,0.9601801037788391
YNR030W,YLR312W-A,0,-0.64203876,0.09298809617757797,0.9791044592857361,0.9602801203727722
YDR093W,YMR073C,0,-0.64258796,0.0929793044924736,0.9791044592857361,0.9603801965713501
YAL035W,YPR124W,0,-0.6432465,0.09297052025794983,0.9791044592857361,0.9604802131652832
YDL111C,YGL048C,1,-0.6433217,0.09305620938539505,0.9800994992256165,0.9604802131652832
YHR110W,YJR135W-A,0,-0.64413905,0.09304741770029068,0.9800994992256165,0.9605802893638611
YCL026C-A,YKR061W,0,-0.6462595,0.0930386334657669,0.9800994992256165,0.960680365562439
YPL127C,YIL119C,0,-0.646329,0.09302984178066254,0.9800994992256165,0.9607803821563721
YAR015W,YER072W,0,-0.64723325,0.09302105754613876,0.9800994992256165,0.96088045835495
YDL080C,YPL015C,0,-0.65243405,0.09301227331161499,0.9800994992256165,0.9609804749488831
YER001W,YOR380W,0,-0.6525619,0.09300349652767181,0.9800994992256165,0.9610805511474609
YDR151C,YDR293C,1,-0.65407574,0.09308912605047226,0.9810945391654968,0.9610805511474609
YDR074W,YDL085W,0,-0.65428334,0.09308033436536789,0.9810945391654968,0.961180567741394
YJR131W,YGL055W,0,-0.6548396,0.09307155013084412,0.9810945391654968,0.9612806439399719
YJR105W,YJL191W,0,-0.6552891,0.09306276589632034,0.9810945391654968,0.9613807201385498
YAR020C,YBR160W,0,-0.65657294,0.09305398166179657,0.9810945391654968,0.9614807367324829
YDR028C,YDR148C,0,-0.657411,0.0930452048778534,0.9810945391654968,0.9615808129310608
YPL015C,YDL137W,0,-0.65789264,0.09303642064332962,0.9810945391654968,0.9616808295249939
YPR149W,YJR103W,0,-0.6597156,0.09302764385938644,0.9810945391654968,0.9617809057235718
YCR095C,YCR011C,0,-0.6622104,0.09301886707544327,0.9810945391654968,0.9618809223175049
YJR088C,YHR175W,0,-0.66272116,0.09301009029150009,0.9810945391654968,0.9619809985160828
YBR175W,YJL214W,0,-0.66331,0.09300132095813751,0.9810945391654968,0.9620810151100159
YOR125C,YMR027W,0,-0.6638101,0.09299255162477493,0.9810945391654968,0.9621810913085938
YOR241W,YOR267C,0,-0.6642715,0.09298378229141235,0.9810945391654968,0.9622811675071716
YIL111W,YEL064C,0,-0.66677994,0.09297501295804977,0.9810945391654968,0.9623811841011047
YHR175W,YMR251W-A,0,-0.66948944,0.0929662436246872,0.9810945391654968,0.9624812602996826
YPL091W,YDR127W,0,-0.6704028,0.09295748174190521,0.9810945391654968,0.9625812768936157
YDR059C,YNL264C,0,-0.6708268,0.09294871985912323,0.9810945391654968,0.9626813530921936
YMR224C,YOR380W,0,-0.6715477,0.09293995797634125,0.9810945391654968,0.9627813696861267
YCL040W,YNL218W,0,-0.67238355,0.09293119609355927,0.9810945391654968,0.9628814458847046
YNL081C,YHR090C,0,-0.6768719,0.09292244166135788,0.9810945391654968,0.9629814624786377
YDL138W,YML078W,0,-0.6769789,0.0929136797785759,0.9810945391654968,0.9630815386772156
YER167W,YNL036W,0,-0.6773042,0.09290492534637451,0.9810945391654968,0.9631816148757935
YGL085W,YNL213C,0,-0.6784411,0.09289617836475372,0.9810945391654968,0.9632816314697266
YJR088C,YIR003W,0,-0.67893416,0.09288742393255234,0.9810945391654968,0.9633817076683044
YPR198W,YBL011W,0,-0.6794869,0.09287867695093155,0.9810945391654968,0.9634817242622375
YGR254W,YMR198W,0,-0.67970014,0.09286992251873016,0.9810945391654968,0.9635818004608154
YLL003W,YPL015C,0,-0.6798302,0.09286117553710938,0.9810945391654968,0.9636818170547485
YBR008C,YDR196C,0,-0.6805331,0.09285243600606918,0.9810945391654968,0.9637818932533264
YPL271W,YGR046W,0,-0.6808494,0.0928436890244484,0.9810945391654968,0.9638819694519043
YDR343C,YKL112W,0,-0.6816264,0.0928349494934082,0.9810945391654968,0.9639819860458374
YMR111C,YDR481C,0,-0.6820857,0.09282620996236801,0.9810945391654968,0.9640820622444153
YKL087C,YBL080C,0,-0.6825128,0.09281747043132782,0.9810945391654968,0.9641820788383484
YKL025C,YDR293C,1,-0.68267584,0.09290286153554916,0.9820895791053772,0.9641820788383484
YCL057W,YAL023C,0,-0.6829272,0.09289411455392838,0.9820895791053772,0.9642821550369263
YEL038W,YHR183W,0,-0.68452585,0.09288537502288818,0.9820895791053772,0.9643821716308594
YPR175W,YMR051C,0,-0.6850333,0.09287663549184799,0.9820895791053772,0.9644822478294373
YPL075W,YPR105C,0,-0.68640625,0.0928678959608078,0.9820895791053772,0.9645822644233704
YOL103W,YOL105C,0,-0.68643457,0.09285915642976761,0.9820895791053772,0.9646823406219482
YJR161C,YER089C,0,-0.6865412,0.09285042434930801,0.9820895791053772,0.9647824168205261
YDR123C,YJR153W,0,-0.6891063,0.09284169226884842,0.9820895791053772,0.9648824334144592
YPL075W,YAR020C,0,-0.68925923,0.09283296018838882,0.9820895791053772,0.9649825096130371
YER103W,YLL025W,0,-0.68974453,0.09282422810792923,0.9820895791053772,0.9650825262069702
YBL032W,YBL080C,0,-0.69027466,0.09281549602746964,0.9820895791053772,0.9651826024055481
YKR103W,YOR191W,0,-0.6907713,0.09280677139759064,0.9820895791053772,0.9652826189994812
YDR486C,YOR158W,0,-0.69139963,0.09279804676771164,0.9820895791053772,0.9653826951980591
YMR318C,YEL024W,0,-0.6916724,0.09278932213783264,0.9820895791053772,0.9654827117919922
YFL053W,YOL060C,0,-0.6927157,0.09278059750795364,0.9820895791053772,0.9655827879905701
YDL233W,YDR059C,0,-0.6930321,0.09277188032865524,0.9820895791053772,0.965682864189148
YER070W,YKR059W,0,-0.6942753,0.09276315569877625,0.9820895791053772,0.965782880783081
YDR422C,YLR134W,0,-0.6949835,0.09275443851947784,0.9820895791053772,0.9658829569816589
YNR022C,YMR054W,0,-0.6963354,0.09274572134017944,0.9820895791053772,0.965982973575592
YDL146W,YLR228C,0,-0.6966174,0.09273701161146164,0.9820895791053772,0.9660830497741699
YNR044W,YHL024W,0,-0.6984044,0.09272829443216324,0.9820895791053772,0.966183066368103
YMR145C,YMR073C,0,-0.70015055,0.09271958470344543,0.9820895791053772,0.9662831425666809
YEL052W,YBR025C,0,-0.7003915,0.09271087497472763,0.9820895791053772,0.9663832187652588
YGR254W,YGL064C,0,-0.7011537,0.09270217269659042,0.9820895791053772,0.9664832353591919
YDR148C,YBR044C,0,-0.70158273,0.09269346296787262,0.9820895791053772,0.9665833115577698
YDR028C,YKR052C,0,-0.7017935,0.09268476068973541,0.9820895791053772,0.9666833281517029
YDR343C,YOL044W,0,-0.7034708,0.0926760584115982,0.9820895791053772,0.9667834043502808
YNL084C,YOR230W,0,-0.70392984,0.092667356133461,0.9820895791053772,0.9668834209442139
YDR135C,YPR165W,0,-0.7039469,0.09265865385532379,0.9820895791053772,0.9669834971427917
YGR255C,YMR031C,0,-0.7045074,0.09264995902776718,0.9820895791053772,0.9670835137367249
YLR249W,YMR142C,0,-0.7047803,0.09264126420021057,0.9820895791053772,0.9671835899353027
YIL009C-A,YPR138C,0,-0.7061168,0.09263256937265396,0.9820895791053772,0.9672836661338806
YEL077C,YPR119W,0,-0.7081768,0.09262387454509735,0.9820895791053772,0.9673836827278137
YPL075W,YPL036W,0,-0.7082636,0.09261517971754074,0.9820895791053772,0.9674837589263916
YDR354W,YIL119C,0,-0.7083543,0.09260649234056473,0.9820895791053772,0.9675837755203247
YBR109C,YDR001C,0,-0.7105443,0.09259780496358871,0.9820895791053772,0.9676838517189026
YHR041C,YBR065C,0,-0.71125,0.0925891175866127,0.9820895791053772,0.9677838683128357
YLL006W,YLR417W,0,-0.7119735,0.09258043020963669,0.9820895791053772,0.9678839445114136
YFR008W,YDR033W,0,-0.71197903,0.09257175028324127,0.9820895791053772,0.9679840207099915
YOL013C,YIL111W,0,-0.71554494,0.09256307035684586,0.9820895791053772,0.9680840373039246
YBR235W,YKR082W,0,-0.7163257,0.09255439043045044,0.9820895791053772,0.9681841135025024
YLR241W,YMR136W,0,-0.71633863,0.09254571050405502,0.9820895791053772,0.9682841300964355
YOR089C,YPL110C,0,-0.7173692,0.0925370305776596,0.9820895791053772,0.9683842062950134
YHR158C,YBL098W,0,-0.7176378,0.09252835810184479,0.9820895791053772,0.9684842228889465
YIL111W,YLR425W,0,-0.7181995,0.09251968562602997,0.9820895791053772,0.9685842990875244
YJR161C,YPL002C,0,-0.7184209,0.09251101315021515,0.9820895791053772,0.9686843156814575
YMR215W,YGR244C,0,-0.7203171,0.09250234067440033,0.9820895791053772,0.9687843918800354
YDL155W,YJR100C,0,-0.72056645,0.09249367564916611,0.9820895791053772,0.9688844680786133
YGR199W,YLL015W,0,-0.7275737,0.09248501062393188,0.9820895791053772,0.9689844846725464
YMR115W,YBR014C,0,-0.72859365,0.09247634559869766,0.9820895791053772,0.9690845608711243
YBR065C,YHL036W,0,-0.7300476,0.09246768057346344,0.9820895791053772,0.9691845774650574
YGR199W,YER048W-A,0,-0.73134786,0.09245901554822922,0.9820895791053772,0.9692846536636353
YNL239W,YLR118C,0,-0.731618,0.09245035797357559,0.9820895791053772,0.9693846702575684
YLL057C,YEL051W,0,-0.73327696,0.09244170039892197,0.9820895791053772,0.9694847464561462
YMR284W,YJL095W,0,-0.73345584,0.09243304282426834,0.9820895791053772,0.9695847630500793
YBR068C,YNL236W,0,-0.7339634,0.09242438524961472,0.9820895791053772,0.9696848392486572
YJL214W,YOR134W,0,-0.7368236,0.09241572767496109,0.9820895791053772,0.9697849154472351
YKR055W,YIL156W,0,-0.7369145,0.09240707755088806,0.9820895791053772,0.9698849320411682
YMR158W,YDR481C,0,-0.7386024,0.09239842742681503,0.9820895791053772,0.9699850082397461
YDL089W,YLR266C,0,-0.7390309,0.092389777302742,0.9820895791053772,0.9700850248336792
YPR026W,YBR094W,0,-0.7403822,0.09238112717866898,0.9820895791053772,0.9701851010322571
YLR136C,YML118W,1,-0.74071014,0.0924660712480545,0.9830845594406128,0.9701851010322571
YDL171C,YKL062W,0,-0.7420566,0.09245742112398148,0.9830845594406128,0.9702851176261902
YDR233C,YNL312W,0,-0.7455309,0.09244877099990845,0.9830845594406128,0.9703851938247681
YPL027W,YLL029W,0,-0.7467315,0.09244012087583542,0.9830845594406128,0.970485270023346
YOL097C,YBR085W,0,-0.7514376,0.09243147075176239,0.9830845594406128,0.970585286617279
YLL015W,YOR110W,0,-0.75210834,0.09242282807826996,0.9830845594406128,0.9706853628158569
YNR027W,YEL052W,0,-0.75293106,0.09241417795419693,0.9830845594406128,0.97078537940979
YOR064C,YDR033W,0,-0.75358504,0.0924055352807045,0.9830845594406128,0.9708854556083679
YGL233W,YLL054C,0,-0.75414866,0.09239689260721207,0.9830845594406128,0.970985472202301
YDL106C,YJR017C,0,-0.75427705,0.09238825738430023,0.9830845594406128,0.9710855484008789
YDR164C,YDR519W,0,-0.7548687,0.0923796147108078,0.9830845594406128,0.971185564994812
YGR255C,YCR048W,0,-0.7558304,0.09237097948789597,0.9830845594406128,0.9712856411933899
YDR093W,YKL095W,0,-0.75624615,0.09236234426498413,0.9830845594406128,0.9713857173919678
YKL217W,YFL062W,0,-0.7571147,0.0923537090420723,0.9830845594406128,0.9714857339859009
YCR068W,YPL179W,0,-0.7582888,0.09234508126974106,0.9830845594406128,0.9715858101844788
YDL223C,YIL062C,0,-0.7582988,0.09233644604682922,0.9830845594406128,0.9716858267784119
YPL168W,YDR460W,0,-0.75945556,0.09232781827449799,0.9830845594406128,0.9717859029769897
YGR052W,YMR036C,0,-0.75971985,0.09231919050216675,0.9830845594406128,0.9718859195709229
YAL042W,YHR051W,0,-0.7603859,0.09231057018041611,0.9830845594406128,0.9719859957695007
YDR490C,YER035W,1,-0.7611867,0.0923953652381897,0.9840795993804932,0.9719859957695007
YDL030W,YOL058W,0,-0.7618582,0.09238673746585846,0.9840795993804932,0.9720860719680786
YOL009C,YLR375W,0,-0.7629778,0.09237810224294662,0.9840795993804932,0.9721860885620117
YDR489W,YHL021C,0,-0.7630282,0.09236947447061539,0.9840795993804932,0.9722861647605896
YLL033W,YLR423C,0,-0.76319784,0.09236085414886475,0.9840795993804932,0.9723861813545227
YPL178W,YML069W,0,-0.76392215,0.09235222637653351,0.9840795993804932,0.9724862575531006
YPR023C,YJL124C,1,-0.7642465,0.09243697673082352,0.9850746393203735,0.9724862575531006
YKL038W,YHR114W,0,-0.7647403,0.09242834150791168,0.9850746393203735,0.9725862741470337
YMR198W,YNL330C,0,-0.7658882,0.09241971373558044,0.9850746393203735,0.9726863503456116
YMR275C,YOL083W,0,-0.7665413,0.0924110859632492,0.9850746393203735,0.9727863669395447
YLR023C,YMR284W,0,-0.7680144,0.09240246564149857,0.9850746393203735,0.9728864431381226
YER068W,YBR212W,1,-0.7684162,0.0924871638417244,0.9860696792602539,0.9728864431381226
YNR044W,YDR093W,0,-0.76856315,0.09247853606939316,0.9860696792602539,0.9729865193367004
YKR055W,YDL159W,0,-0.76936454,0.09246990829706192,0.9860696792602539,0.9730865359306335
YMR088C,YDR151C,0,-0.7698328,0.09246128052473068,0.9860696792602539,0.9731866121292114
YCL057W,YHR101C,0,-0.77005553,0.09245265275239944,0.9860696792602539,0.9732866287231445
YDR189W,YDL132W,0,-0.77168745,0.0924440324306488,0.9860696792602539,0.9733867049217224
YLR178C,YJL030W,0,-0.77250755,0.09243540465831757,0.9860696792602539,0.9734867215156555
YDR409W,YOR003W,0,-0.7748148,0.09242678433656693,0.9860696792602539,0.9735867977142334
YGL080W,YBL058W,0,-0.77722365,0.09241816401481628,0.9860696792602539,0.9736868143081665
YIL016W,YGL077C,0,-0.777441,0.09240955114364624,0.9860696792602539,0.9737868905067444
YGR250C,YLR098C,0,-0.77759427,0.0924009308218956,0.9860696792602539,0.9738869667053223
YDR074W,YBR068C,0,-0.7790945,0.09239231795072556,0.9860696792602539,0.9739869832992554
YPR003C,YAL048C,0,-0.7794657,0.09238370507955551,0.9860696792602539,0.9740870594978333
YBL105C,YJR091C,1,-0.7803684,0.09246830642223358,0.9870646595954895,0.9740870594978333
YJR040W,YDR390C,0,-0.7851172,0.09245968610048294,0.9870646595954895,0.9741870760917664
YJL094C,YHR110W,0,-0.7851652,0.0924510732293129,0.9870646595954895,0.9742871522903442
YBR293W,YLR371W,0,-0.78628176,0.09244245290756226,0.9870646595954895,0.9743871688842773
YPR193C,YOR267C,0,-0.78701514,0.09243384003639221,0.9870646595954895,0.9744872450828552
YPR120C,YOL152W,0,-0.78961986,0.09242522716522217,0.9870646595954895,0.9745873212814331
YHR142W,YLR289W,0,-0.79000014,0.09241662174463272,0.9870646595954895,0.9746873378753662
YML097C,YMR154C,0,-0.79081845,0.09240800887346268,0.9870646595954895,0.9747874140739441
YMR285C,YGL226C-A,0,-0.79134774,0.09239940345287323,0.9870646595954895,0.9748874306678772
YLL029W,YHR104W,0,-0.79170316,0.09239079803228378,0.9870646595954895,0.9749875068664551
YPR098C,YJL154C,0,-0.79196495,0.09238219261169434,0.9870646595954895,0.9750875234603882
YIL153W,YHR101C,0,-0.7926136,0.09237359464168549,0.9870646595954895,0.9751875996589661
YML078W,YPR124W,0,-0.7950034,0.09236498922109604,0.9870646595954895,0.9752876162528992
YIL117C,YKL129C,0,-0.79917806,0.09235639125108719,0.9870646595954895,0.975387692451477
YIR003W,YPR073C,0,-0.80146587,0.09234779328107834,0.9870646595954895,0.9754877686500549
YLR005W,YDR151C,0,-0.8025322,0.09233919531106949,0.9870646595954895,0.975587785243988
YBR279W,YOL058W,0,-0.8037104,0.09233060479164124,0.9870646595954895,0.9756878614425659
YLR034C,YGL095C,0,-0.8065648,0.09232200682163239,0.9870646595954895,0.975787878036499
YHL035C,YBR146W,0,-0.80687755,0.09231341630220413,0.9870646595954895,0.9758879542350769
YPL159C,YKL190W,0,-0.8071972,0.09230482578277588,0.9870646595954895,0.97598797082901
YER035W,YNL288W,1,-0.808596,0.09238927811384201,0.9880596995353699,0.97598797082901
YMR076C,YHR183W,0,-0.81167006,0.09238068759441376,0.9880596995353699,0.9760880470275879
YLR213C,YAL051W,0,-0.8118703,0.09237208962440491,0.9880596995353699,0.9761881232261658
YLR270W,YCR077C,1,-0.81311053,0.09245651215314865,0.9890547394752502,0.9761881232261658
YDL132W,YOR155C,0,-0.81351095,0.0924479141831398,0.9890547394752502,0.9762881398200989
YKR055W,YCR079W,0,-0.8140674,0.09243931621313095,0.9890547394752502,0.9763882160186768
YKL057C,YIL111W,0,-0.81467175,0.0924307256937027,0.9890547394752502,0.9764882326126099
YLR114C,YPL015C,0,-0.81538445,0.09242212772369385,0.9890547394752502,0.9765883088111877
YER015W,YDR059C,0,-0.8154667,0.0924135372042656,0.9890547394752502,0.9766883254051208
YNL136W,YOR010C,0,-0.8155829,0.09240494668483734,0.9890547394752502,0.9767884016036987
YPR011C,YFL062W,0,-0.8182649,0.09239635616540909,0.9890547394752502,0.9768884181976318
YOR381W,YCL026C-A,0,-0.81865126,0.09238776564598083,0.9890547394752502,0.9769884943962097
YDL085W,YLL025W,0,-0.81950325,0.09237918257713318,0.9890547394752502,0.9770885705947876
YJR049C,YDL210W,0,-0.82010496,0.09237059950828552,0.9890547394752502,0.9771885871887207
YLR295C,YGR279C,0,-0.8201576,0.09236201643943787,0.9890547394752502,0.9772886633872986
YOL083W,YLR333C,0,-0.82158774,0.09235343337059021,0.9890547394752502,0.9773886799812317
YJR131W,YML038C,0,-0.82160527,0.09234485030174255,0.9890547394752502,0.9774887561798096
YDR421W,YGL259W,0,-0.8218678,0.0923362746834755,0.9890547394752502,0.9775887727737427
YMR077C,YOL151W,0,-0.82294077,0.09232769906520844,0.9890547394752502,0.9776888489723206
YHR021C,YOR042W,0,-0.82418805,0.09231912344694138,0.9890547394752502,0.9777888655662537
YER010C,YNL036W,0,-0.8309524,0.09231054782867432,0.9890547394752502,0.9778889417648315
YOR381W,YHR115C,0,-0.83178705,0.09230197966098785,0.9890547394752502,0.9779890179634094
YOR381W,YHL035C,0,-0.832326,0.0922934040427208,0.9890547394752502,0.9780890345573425
YDL066W,YPL203W,0,-0.8330137,0.09228483587503433,0.9890547394752502,0.9781891107559204
YDR522C,YLR337C,0,-0.8387433,0.09227627515792847,0.9890547394752502,0.9782891273498535
YDR270W,YBR278W,0,-0.8440272,0.092267706990242,0.9890547394752502,0.9783892035484314
YBR026C,YER088C,0,-0.84730643,0.09225913882255554,0.9890547394752502,0.9784892201423645
YPL195W,YPL123C,0,-0.8474738,0.09225057810544968,0.9890547394752502,0.9785892963409424
YOR076C,YPR042C,1,-0.8478605,0.0923348218202591,0.9900497794151306,0.9785892963409424
YML046W,YBR199W,0,-0.8487596,0.09232625365257263,0.9900497794151306,0.9786893725395203
YML118W,YMR056C,0,-0.8740064,0.09231768548488617,0.9900497794151306,0.9787893891334534
YOR175C,YER112W,0,-0.87495047,0.09230911731719971,0.9900497794151306,0.9788894653320312
YMR053C,YOL019W,0,-0.87925774,0.09230055660009384,0.9900497794151306,0.9789894819259644
YAL042W,YAL007C,0,-0.8801996,0.09229199588298798,0.9900497794151306,0.9790895581245422
YMR133W,YER089C,0,-0.88035995,0.09228343516588211,0.9900497794151306,0.9791895747184753
YNR048W,YDR393W,0,-0.8850567,0.09227487444877625,0.9900497794151306,0.9792896509170532
YKR095W,YPR193C,0,-0.8904444,0.09226632118225098,0.9900497794151306,0.9793896675109863
YCR037C,YNL325C,0,-0.8915643,0.09225776791572571,0.9900497794151306,0.9794897437095642
YHR115C,YBR014C,0,-0.89229,0.09224921464920044,0.9900497794151306,0.9795898199081421
YER154W,YBL080C,0,-0.89375263,0.09224066138267517,0.9900497794151306,0.9796898365020752
YGR254W,YMR049C,0,-0.8985523,0.0922321081161499,0.9900497794151306,0.9797899127006531
YGL130W,YGL196W,0,-0.8987034,0.09222356230020523,0.9900497794151306,0.9798899292945862
YAL010C,YDR456W,0,-0.8992955,0.09221501648426056,0.9900497794151306,0.9799900054931641
YDR096W,YGL208W,0,-0.90064526,0.09220647066831589,0.9900497794151306,0.9800900220870972
YOR032C,YDR105C,0,-0.9014606,0.09219792485237122,0.9900497794151306,0.980190098285675
YDL243C,YMR056C,0,-0.9045988,0.09218937903642654,0.9900497794151306,0.9802901744842529
YKR093W,YLR098C,0,-0.905134,0.09218084067106247,0.9900497794151306,0.980390191078186
YOR089C,YLR371W,0,-0.9056672,0.0921723023056984,0.9900497794151306,0.9804902672767639
YOR205C,YCR024C,0,-0.9073683,0.09216376394033432,0.9900497794151306,0.980590283870697
YKR029C,YOR003W,0,-0.9075325,0.09215522557497025,0.9900497794151306,0.9806903600692749
YHR105W,YAL048C,0,-0.90793115,0.09214669466018677,0.9900497794151306,0.980790376663208
YGR215W,YDL137W,0,-0.9090683,0.09213816374540329,0.9900497794151306,0.9808904528617859
YGR275W,YKR093W,0,-0.91090465,0.09212963283061981,0.9900497794151306,0.980990469455719
YDL035C,YGR075C,0,-0.9129736,0.09212110191583633,0.9900497794151306,0.9810905456542969
YAL007C,YBR211C,0,-0.9143437,0.09211257100105286,0.9900497794151306,0.9811906218528748
YDR096W,YBR045C,0,-0.91538984,0.09210404753684998,0.9900497794151306,0.9812906384468079
YKR065C,YDR293C,0,-0.91755897,0.0920955166220665,0.9900497794151306,0.9813907146453857
YLR077W,YGR216C,0,-0.9180289,0.09208699315786362,0.9900497794151306,0.9814907312393188
YOL083W,YGL115W,0,-0.9197962,0.09207847714424133,0.9900497794151306,0.9815908074378967
YOR070C,YOR110W,0,-0.92115927,0.09206995368003845,0.9900497794151306,0.9816908240318298
YLR134W,YJR151C,0,-0.92152447,0.09206143766641617,0.9900497794151306,0.9817909002304077
YIL062C,YOR125C,0,-0.92232794,0.09205292165279388,0.9900497794151306,0.9818909168243408
YOL144W,YOL058W,0,-0.92513037,0.0920444056391716,0.9900497794151306,0.9819909930229187
YPR111W,YLR270W,1,-0.92538035,0.09212838858366013,0.9910447597503662,0.9819909930229187
YJR057W,YIL009C-A,0,-0.9312344,0.09211986511945724,0.9910447597503662,0.9820910692214966
YJL094C,YLR097C,0,-0.93144274,0.09211134910583496,0.9910447597503662,0.9821910858154297
YLR270W,YOL063C,1,-0.9324246,0.0921953022480011,0.9920397996902466,0.9821910858154297
YLR207W,YBR014C,0,-0.93390524,0.09218677878379822,0.9920397996902466,0.9822911620140076
YMR186W,YDR001C,0,-0.9342791,0.09217825531959534,0.9920397996902466,0.9823911786079407
YDR270W,YDR196C,0,-0.9344542,0.09216973185539246,0.9920397996902466,0.9824912548065186
YGL037C,YLR425W,0,-0.9353484,0.09216121584177017,0.9920397996902466,0.9825912714004517
YJR049C,YGL037C,0,-0.9361861,0.09215269237756729,0.9920397996902466,0.9826913475990295
YHR006W,YMR295C,0,-0.93800694,0.09214417636394501,0.9920397996902466,0.9827914237976074
YDL235C,YNL136W,0,-0.93829876,0.09213566035032272,0.9920397996902466,0.9828914403915405
YMR297W,YNL147W,0,-0.9383386,0.09212715178728104,0.9920397996902466,0.9829915165901184
YKR031C,YDL193W,0,-0.938816,0.09211863577365875,0.9920397996902466,0.9830915331840515
YOL042W,YLR021W,1,-0.9389437,0.09220251441001892,0.993034839630127,0.9830915331840515
YDR168W,YDR105C,0,-0.9410727,0.09219399839639664,0.993034839630127,0.9831916093826294
YOR003W,YMR073C,0,-0.94198936,0.09218548238277435,0.993034839630127,0.9832916259765625
YJL155C,YML069W,0,-0.94205576,0.09217696636915207,0.993034839630127,0.9833917021751404
YHR114W,YGL259W,0,-0.944961,0.09216845035552979,0.993034839630127,0.9834917187690735
YNL064C,YOL058W,0,-0.951575,0.0921599417924881,0.993034839630127,0.9835917949676514
YGL147C,YGR055W,0,-0.95433325,0.09215143322944641,0.993034839630127,0.9836918711662292
YER035W,YPL049C,0,-0.95672375,0.09214292466640472,0.993034839630127,0.9837918877601624
YGL080W,YPL002C,0,-0.9590847,0.09213441610336304,0.993034839630127,0.9838919639587402
YDR164C,YLR371W,0,-0.96424717,0.09212591499090195,0.993034839630127,0.9839919805526733
YCR097W,YBR009C,0,-0.9700785,0.09211740642786026,0.993034839630127,0.9840920567512512
YLR106C,YOR315W,0,-0.9743256,0.09210890531539917,0.993034839630127,0.9841920733451843
YDL106C,YGL058W,0,-0.9749115,0.09210040420293808,0.993034839630127,0.9842921495437622
YMR088C,YBR177C,0,-0.9784157,0.09209191054105759,0.993034839630127,0.9843922257423401
YMR112C,YJR153W,0,-0.97948015,0.0920834094285965,0.993034839630127,0.9844922423362732
YKL149C,YKL060C,0,-0.98080224,0.092074915766716,0.993034839630127,0.9845923185348511
YLR270W,YER035W,1,-0.9814396,0.09215867519378662,0.9940298795700073,0.9845923185348511
YML112W,YMR315W,0,-0.9825149,0.09215017408132553,0.9940298795700073,0.9846923351287842
YBR026C,YJR035W,0,-0.9840246,0.09214167296886444,0.9940298795700073,0.9847924113273621
YNL202W,YGL115W,0,-0.9876809,0.09213317185640335,0.9940298795700073,0.9848924279212952
YNL219C,YMR004W,0,-0.99240625,0.09212467819452286,0.9940298795700073,0.984992504119873
YIL111W,YDR497C,0,-0.99343467,0.09211618453264236,0.9940298795700073,0.9850925207138062
YPR191W,YLR054C,0,-0.99562013,0.09210769087076187,0.9940298795700073,0.985192596912384
YNL065W,YNL036W,0,-0.99777496,0.09209919720888138,0.9940298795700073,0.9852926731109619
YGL091C,YLR054C,0,-0.9980802,0.09209071099758148,0.9940298795700073,0.985392689704895
YHR021C,YKR057W,0,-1.0021249,0.09208221733570099,0.9940298795700073,0.9854927659034729
YLR150W,YLR106C,0,-1.008096,0.09207373112440109,0.9940298795700073,0.985592782497406
YKR061W,YPL095C,0,-1.0148726,0.0920652449131012,0.9940298795700073,0.9856928586959839
YLR277C,YHR123W,0,-1.0179442,0.0920567661523819,0.9940298795700073,0.985792875289917
YPR035W,YCR053W,0,-1.0179751,0.092048279941082,0.9940298795700073,0.9858929514884949
YNL239W,YFR044C,0,-1.0185325,0.0920398011803627,0.9940298795700073,0.985992968082428
YOR191W,YDR456W,0,-1.0226864,0.0920313224196434,0.9940298795700073,0.9860930442810059
YHR047C,YEL061C,0,-1.0230019,0.0920228436589241,0.9940298795700073,0.9861931204795837
YLL048C,YIL062C,0,-1.0274528,0.0920143648982048,0.9940298795700073,0.9862931370735168
YOR155C,YGR075C,0,-1.0280646,0.0920058935880661,0.9940298795700073,0.9863932132720947
YDR270W,YAL051W,0,-1.0293227,0.0919974222779274,0.9940298795700073,0.9864932298660278
YIR021W,YFL062W,0,-1.0326263,0.0919889509677887,0.9940298795700073,0.9865933060646057
YDR483W,YMR174C,0,-1.0330951,0.09198047965765,0.9940298795700073,0.9866933226585388
YNL239W,YOR094W,0,-1.033915,0.09197201579809189,0.9940298795700073,0.9867933988571167
YPL271W,YBR202W,0,-1.0364287,0.09196354448795319,0.9940298795700073,0.9868934750556946
YNR010W,YLR178C,0,-1.0366896,0.09195508062839508,0.9940298795700073,0.9869934916496277
YPR002W,YNL156C,0,-1.0379953,0.09194661676883698,0.9940298795700073,0.9870935678482056
YMR256C,YOL110W,0,-1.0394808,0.09193815290927887,0.9940298795700073,0.9871935844421387
YJR040W,YHR123W,0,-1.0419658,0.09192969650030136,0.9940298795700073,0.9872936606407166
YPR025C,YOL113W,0,-1.0447842,0.09192124009132385,0.9940298795700073,0.9873936772346497
YDR251W,YLR417W,0,-1.0485669,0.09191277623176575,0.9940298795700073,0.9874937534332275
YKL039W,YLR178C,0,-1.0497671,0.09190432727336884,0.9940298795700073,0.9875937700271606
YPL095C,YBR107C,0,-1.0591812,0.09189587086439133,0.9940298795700073,0.9876938462257385
YOR216C,YMR004W,0,-1.0593433,0.09188741445541382,0.9940298795700073,0.9877939224243164
YPL110C,YBR119W,0,-1.0593588,0.0918789654970169,0.9940298795700073,0.9878939390182495
YGL011C,YBR072W,0,-1.0601358,0.09187051653862,0.9940298795700073,0.9879940152168274
YHR047C,YFL062W,0,-1.0611322,0.09186206758022308,0.9940298795700073,0.9880940318107605
YHR142W,YBL085W,0,-1.0618554,0.09185362607240677,0.9940298795700073,0.9881941080093384
YBR008C,YLL006W,0,-1.0626872,0.09184517711400986,0.9940298795700073,0.9882941246032715
YHR175W,YBR107C,0,-1.0656292,0.09183673560619354,0.9940298795700073,0.9883942008018494
YKL013C,YBL080C,0,-1.0681369,0.09182829409837723,0.9940298795700073,0.9884942173957825
YCR026C,YJL093C,0,-1.0693204,0.09181985259056091,0.9940298795700073,0.9885942935943604
YJR151C,YLR238W,0,-1.0698624,0.0918114110827446,0.9940298795700073,0.9886943697929382
YOR173W,YNL288W,1,-1.073065,0.09189487248659134,0.9950248599052429,0.9886943697929382
YBR200W,YLR375W,0,-1.0763544,0.09188643097877502,0.9950248599052429,0.9887943863868713
YMR013C,YKR001C,0,-1.0777661,0.09187798947095871,0.9950248599052429,0.9888944625854492
YHR183W,YGL226C-A,0,-1.0786166,0.0918695479631424,0.9950248599052429,0.9889944791793823
YGL080W,YBR033W,0,-1.0829396,0.09186110645532608,0.9950248599052429,0.9890945553779602
YPL203W,YGL203C,0,-1.0832492,0.09185266494750977,0.9950248599052429,0.9891945719718933
YCR079W,YER020W,0,-1.089299,0.09184423089027405,0.9950248599052429,0.9892946481704712
YOL148C,YIL111W,0,-1.0924807,0.09183579683303833,0.9950248599052429,0.9893947243690491
YBL080C,YKR085C,0,-1.0933704,0.09182736277580261,0.9950248599052429,0.9894947409629822
YNL081C,YER048W-A,0,-1.1012774,0.09181893616914749,0.9950248599052429,0.9895948171615601
YDL155W,YHL021C,0,-1.1169734,0.09181050211191177,0.9950248599052429,0.9896948337554932
YOL060C,YOL110W,0,-1.1242476,0.09180207550525665,0.9950248599052429,0.989794909954071
YJR035W,YJL155C,0,-1.124806,0.09179364889860153,0.9950248599052429,0.9898949265480042
YML042W,YMR104C,0,-1.1325548,0.09178522229194641,0.9950248599052429,0.989995002746582
YGR206W,YER068W,0,-1.1329212,0.09177679568529129,0.9950248599052429,0.9900950193405151
YOL060C,YJL155C,0,-1.1382322,0.09176837652921677,0.9950248599052429,0.990195095539093
YOR173W,YDL126C,1,-1.1421154,0.09185171872377396,0.9960198998451233,0.990195095539093
YMR256C,YGL187C,0,-1.1432781,0.09184328466653824,0.9960198998451233,0.9902951717376709
YDR127W,YMR142C,0,-1.1482892,0.09183486551046371,0.9960198998451233,0.990395188331604
YMR313C,YPL123C,0,-1.1490065,0.0918264389038086,0.9960198998451233,0.9904952645301819
YPR026W,YGL095C,0,-1.1510034,0.09181801229715347,0.9960198998451233,0.990595281124115
YOL009C,YDL243C,0,-1.1510677,0.09180959314107895,0.9960198998451233,0.9906953573226929
YNR044W,YDR448W,0,-1.1516361,0.09180117398500443,0.9960198998451233,0.990795373916626
YDL146W,YOL155C,0,-1.1524495,0.0917927548289299,0.9960198998451233,0.9908954501152039
YHR181W,YLR023C,0,-1.1545932,0.09178433567285538,0.9960198998451233,0.9909955263137817
YBR298C,YMR220W,0,-1.1585176,0.09177592396736145,0.9960198998451233,0.9910955429077148
YBR146W,YJR153W,0,-1.162162,0.09176751226186752,0.9960198998451233,0.9911956191062927
YOR371C,YER103W,0,-1.1625463,0.0917591005563736,0.9960198998451233,0.9912956357002258
YJL102W,YPR138C,0,-1.1694539,0.09175068885087967,0.9960198998451233,0.9913957118988037
YER052C,YNR050C,0,-1.1707442,0.09174227714538574,0.9960198998451233,0.9914957284927368
YIL050W,YJR103W,0,-1.1709245,0.09173387289047241,0.9960198998451233,0.9915958046913147
YFL014W,YMR112C,0,-1.170987,0.09172546863555908,0.9960198998451233,0.9916958212852478
YBR107C,YPR127W,0,-1.1724968,0.09171706438064575,0.9960198998451233,0.9917958974838257
YDR105C,YLR371W,0,-1.1729974,0.09170866012573242,0.9960198998451233,0.9918959736824036
YIL062C,YMR040W,0,-1.1763228,0.09170025587081909,0.9960198998451233,0.9919959902763367
YNL239W,YNR076W,0,-1.1789494,0.09169185906648636,0.9960198998451233,0.9920960664749146
YOR158W,YIR024C,0,-1.18855,0.09168345481157303,0.9960198998451233,0.9921960830688477
YMR156C,YOR267C,0,-1.1888776,0.09167506545782089,0.9960198998451233,0.9922961592674255
YDR001C,YPL222W,0,-1.194826,0.09166666865348816,0.9960198998451233,0.9923961758613586
YOR316C,YMR251W-A,0,-1.1970115,0.09165827184915543,0.9960198998451233,0.9924962520599365
YGL037C,YER020W,0,-1.1985886,0.09164988249540329,0.9960198998451233,0.9925962686538696
YKL126W,YBR014C,0,-1.2058583,0.09164149314165115,0.9960198998451233,0.9926963448524475
YDR251W,YOR316C,0,-1.2144543,0.09163310378789902,0.9960198998451233,0.9927964210510254
YER048W-A,YFL062W,0,-1.217907,0.09162471443414688,0.9960198998451233,0.9928964376449585
YNL116W,YDL247W,0,-1.2252839,0.09161632508039474,0.9960198998451233,0.9929965138435364
YPL222W,YKL025C,0,-1.2341541,0.0916079431772232,0.9960198998451233,0.9930965304374695
YLR422W,YKR001C,0,-1.2367225,0.09159956127405167,0.9960198998451233,0.9931966066360474
YMR272C,YNL284C,0,-1.2376008,0.09159117937088013,0.9960198998451233,0.9932966232299805
YGL233W,YFL062W,0,-1.2534053,0.09158279746770859,0.9960198998451233,0.9933966994285583
YEL038W,YDR481C,0,-1.2579579,0.09157442301511765,0.9960198998451233,0.9934967756271362
YOR042W,YML067C,0,-1.2589507,0.0915660411119461,0.9960198998451233,0.9935967922210693
YPL036W,YKL039W,0,-1.2650676,0.09155766665935516,0.9960198998451233,0.9936968684196472
YOL063C,YLR398C,1,-1.2679931,0.09164075553417206,0.9970149397850037,0.9936968684196472
YOL019W,YER030W,0,-1.2728006,0.09163237363100052,0.9970149397850037,0.9937968850135803
YML081C-A,YOR045W,0,-1.2768494,0.09162399172782898,0.9970149397850037,0.9938969612121582
YBR146W,YOR136W,0,-1.2805758,0.09161561727523804,0.9970149397850037,0.9939969778060913
YJR161C,YFL014W,0,-1.2811103,0.0916072428226471,0.9970149397850037,0.9940970540046692
YHR175W,YDR117C,0,-1.2916245,0.09159886837005615,0.9970149397850037,0.9941970705986023
YKL126W,YKL208W,0,-1.2940845,0.09159049391746521,0.9970149397850037,0.9942971467971802
YKL087C,YDR511W,0,-1.3080087,0.09158211946487427,0.9970149397850037,0.9943972229957581
YOR175C,YGR005C,0,-1.3094543,0.09157375246286392,0.9970149397850037,0.9944972395896912
YDR343C,YJR100C,0,-1.319042,0.09156538546085358,0.9970149397850037,0.994597315788269
YDR270W,YDR389W,0,-1.3302286,0.09155701845884323,0.9970149397850037,0.9946973323822021
YPL252C,YLR054C,0,-1.3354733,0.09154865145683289,0.9970149397850037,0.99479740858078
YMR210W,YLL029W,0,-1.3356562,0.09154029190540314,0.9970149397850037,0.9948974251747131
YDR422C,YPL203W,0,-1.3396653,0.09153192490339279,0.9970149397850037,0.994997501373291
YNL115C,YJL178C,0,-1.3435576,0.09152356535196304,0.9970149397850037,0.9950975775718689
YCL067C,YBR072W,0,-1.3455169,0.0915152058005333,0.9970149397850037,0.995197594165802
YHR115C,YLR466W,0,-1.353345,0.09150684624910355,0.9970149397850037,0.9952976703643799
YHR162W,YOR316C,0,-1.3589596,0.0914984941482544,0.9970149397850037,0.995397686958313
YJR040W,YML001W,0,-1.3618313,0.09149014204740524,0.9970149397850037,0.9954977631568909
YNL156C,YML001W,0,-1.3841078,0.0914817824959755,0.9970149397850037,0.995597779750824
YML091C,YEL024W,0,-1.3868155,0.09147343784570694,0.9970149397850037,0.9956978559494019
YJR151C,YDL137W,0,-1.3990272,0.09146508574485779,0.9970149397850037,0.995797872543335
YHL021C,YHR151C,0,-1.4018992,0.09145673364400864,0.9970149397850037,0.9958979487419128
YKR029C,YOR316C,0,-1.4106851,0.09144838899374008,0.9970149397850037,0.9959980249404907
YOR176W,YBR278W,0,-1.4126236,0.09144004434347153,0.9970149397850037,0.9960980415344238
YGL037C,YNL116W,0,-1.4247646,0.09143169969320297,0.9970149397850037,0.9961981177330017
YNL284C,YLR295C,0,-1.4274762,0.09142335504293442,0.9970149397850037,0.9962981343269348
YFR015C,YNL164C,0,-1.4327888,0.09141501784324646,0.9970149397850037,0.9963982105255127
YDR251W,YML051W,0,-1.4401832,0.0914066806435585,0.9970149397850037,0.9964982271194458
YGL150C,YGL259W,0,-1.4454768,0.09139834344387054,0.9970149397850037,0.9965983033180237
YPR067W,YDR456W,0,-1.4485549,0.09139000624418259,0.9970149397850037,0.9966983199119568
YDL099W,YER083C,0,-1.4661043,0.09138166904449463,0.9970149397850037,0.9967983961105347
YPR023C,YPR042C,1,-1.4737966,0.09146452695131302,0.998009979724884,0.9967983961105347
YMR054W,YEL052W,0,-1.4742097,0.09145618975162506,0.998009979724884,0.9968984723091125
YKL190W,YGR282C,0,-1.4772638,0.0914478451013565,0.998009979724884,0.9969984889030457
YBR122C,YDR468C,0,-1.49103,0.09143950790166855,0.998009979724884,0.9970985651016235
YDR324C,YOL152W,0,-1.5014366,0.09143117815256119,0.998009979724884,0.9971985816955566
YBR109C,YER048C,0,-1.5056312,0.09142284095287323,0.998009979724884,0.9972986578941345
YHL035C,YLR118C,0,-1.5078347,0.09141451120376587,0.998009979724884,0.9973986744880676
YOL013C,YDL146W,0,-1.5099823,0.09140618145465851,0.998009979724884,0.9974987506866455
YOR042W,YPL183W-A,0,-1.5121874,0.09139785170555115,0.998009979724884,0.9975988268852234
YNR036C,YMR158W,0,-1.512983,0.09138952195644379,0.998009979724884,0.9976988434791565
YLR077W,YML067C,0,-1.5445793,0.09138119220733643,0.998009979724884,0.9977989196777344
YLR178C,YIL153W,0,-1.5527172,0.09137286990880966,0.998009979724884,0.9978989362716675
YLR312W-A,YDR456W,0,-1.5637411,0.0913645476102829,0.998009979724884,0.9979990124702454
YOL110W,YJR032W,0,-1.5640802,0.09135622531175613,0.998009979724884,0.9980990290641785
YPL013C,YKL126W,0,-1.6169491,0.09134790301322937,0.998009979724884,0.9981991052627563
YAL054C,YML125C,0,-1.6466677,0.0913395881652832,0.998009979724884,0.9982991218566895
YBR147W,YKR001C,0,-1.6502864,0.09133126586675644,0.998009979724884,0.9983991980552673
YMR024W,YDR486C,0,-1.6536496,0.09132295101881027,0.998009979724884,0.9984992742538452
YMR274C,YLR207W,0,-1.6595454,0.0913146361708641,0.998009979724884,0.9985992908477783
YDR283C,YOR316C,0,-1.6758218,0.09130632877349854,0.998009979724884,0.9986993670463562
YMR297W,YGL064C,0,-1.6857963,0.09129801392555237,0.998009979724884,0.9987993836402893
YKL186C,YDR261C,0,-1.7109393,0.0912897065281868,0.998009979724884,0.9988994598388672
YER035W,YMR004W,0,-1.722076,0.09128139913082123,0.998009979724884,0.9989994764328003
YGL011C,YHR171W,0,-1.7484697,0.09127309173345566,0.998009979724884,0.9990995526313782
YGL173C,YPL190C,1,-1.760103,0.09135577827692032,0.9990049600601196,0.9990995526313782
YHL024W,YPL013C,0,-1.7825012,0.09134746342897415,0.9990049600601196,0.999199628829956
YOR173W,YJR091C,1,-1.8019781,0.09143012762069702,1.0,0.999199628829956
YGL237C,YDR059C,0,-1.8752071,0.09142181277275085,1.0,0.9992996454238892
YGR199W,YER050C,0,-1.9462719,0.09141349792480469,1.0,0.999399721622467
YDL099W,YMR297W,0,-1.9470948,0.09140518307685852,1.0,0.9994997382164001
YPL173W,YDR148C,0,-2.049882,0.09139686822891235,1.0,0.999599814414978
YMR236W,YPL013C,0,-2.13895,0.09138856083154678,1.0,0.9996998310089111
YOR045W,YCR079W,0,-2.3190298,0.09138025343418121,1.0,0.999799907207489
YOR230W,YBR014C,0,-2.35064,0.09137194603681564,1.0,0.9998999238014221
YJR161C,YGR206W,0,-3.2117956,0.09136363863945007,1.0,1.0
