Gene A,Gene B,Label,Score,Precision,Recall,False Positive Rate
YCL024W,YMR179W,0,-2.9337418,0.0,0.0,0.00024630542611703277
YHR166C,YDR113C,1,-3.1184204,0.5,0.002463054144755006,0.00024630542611703277
YNL233W,YNL082W,0,-3.253296,0.3333333432674408,0.002463054144755006,0.0004926108522340655
YLR096W,YLR071C,0,-3.361906,0.25,0.002463054144755006,0.0007389162783510983
YDL056W,YDR303C,0,-3.3709612,0.20000000298023224,0.002463054144755006,0.000985221704468131
YBL085W,YLR305C,0,-3.430113,0.1666666716337204,0.002463054144755006,0.001231527072377503
YMR048W,YDR113C,1,-3.446414,0.2857142984867096,0.004926108289510012,0.001231527072377503
YGL241W,YCL024W,0,-3.4502897,0.25,0.004926108289510012,0.0014778325567021966
YKL089W,YMR117C,1,-3.4582953,0.3333333432674408,0.007389162667095661,0.0014778325567021966
YNL233W,YML076C,0,-3.5226345,0.30000001192092896,0.007389162667095661,0.0017241379246115685
YKL049C,YKL089W,1,-3.581901,0.3636363744735718,0.009852216579020023,0.0017241379246115685
YMR075W,YJL127C,0,-3.58498,0.3333333432674408,0.009852216579020023,0.001970443408936262
YLR102C,YKL049C,1,-3.601635,0.38461539149284363,0.012315270490944386,0.001970443408936262
YHR166C,YFR036W,1,-3.6148634,0.4285714328289032,0.014778325334191322,0.001970443408936262
YKL049C,YMR048W,1,-3.6218598,0.46666666865348816,0.017241379246115685,0.001970443408936262
YLR210W,YJL187C,0,-3.623408,0.4375,0.017241379246115685,0.002216748660430312
YNL233W,YHR058C,0,-3.62782,0.4117647111415863,0.017241379246115685,0.002463054144755006
YML036W,YLR182W,0,-3.6308024,0.3888888955116272,0.017241379246115685,0.0027093596290796995
YMR207C,YML109W,0,-3.6381764,0.3684210479259491,0.017241379246115685,0.002955665113404393
YFR036W,YKL049C,1,-3.668672,0.4000000059604645,0.019704433158040047,0.002955665113404393
YBL085W,YLR376C,0,-3.6886375,0.380952388048172,0.019704433158040047,0.0032019703648984432
YKL049C,YDR113C,1,-3.7075732,0.40909090638160706,0.02216748706996441,0.0032019703648984432
YGR098C,YIL126W,1,-3.7116804,0.43478259444236755,0.02463054098188877,0.0032019703648984432
YPL178W,YPL045W,0,-3.7155457,0.4166666567325592,0.02463054098188877,0.003448275849223137
YJR013W,YGR206W,0,-3.7177563,0.4000000059604645,0.02463054098188877,0.0036945813335478306
YJR060W,YKL089W,1,-3.7186313,0.42307692766189575,0.027093596756458282,0.0036945813335478306
YNR013C,YLR071C,0,-3.7308931,0.40740740299224854,0.027093596756458282,0.003940886817872524
YML048W,YNL287W,0,-3.7328,0.3928571343421936,0.027093596756458282,0.004187192302197218
YGL213C,YBR216C,0,-3.7333488,0.37931033968925476,0.027093596756458282,0.004433497320860624
YLR226W,YMR048W,1,-3.7351103,0.4000000059604645,0.029556650668382645,0.004433497320860624
YGR098C,YOR156C,1,-3.739102,0.4193548262119293,0.03201970458030701,0.004433497320860624
YJL201W,YCR052W,0,-3.7419453,0.40625,0.03201970458030701,0.004679802805185318
YMR299C,YNL325C,0,-3.7425065,0.39393940567970276,0.03201970458030701,0.004926108289510012
YMR163C,YMR075W,0,-3.744688,0.38235294818878174,0.03201970458030701,0.005172413773834705
YPR031W,YPL120W,0,-3.7454693,0.37142857909202576,0.03201970458030701,0.005418719258159399
YPL249C,YKR029C,0,-3.7544878,0.3611111044883728,0.03201970458030701,0.005665024742484093
YOL149W,YDR272W,0,-3.7578325,0.3513513505458832,0.03201970458030701,0.005911330226808786
YDR503C,YNL272C,0,-3.7592955,0.34210526943206787,0.03201970458030701,0.006157635245472193
YGR098C,YDR113C,1,-3.7616973,0.3589743673801422,0.03448275849223137,0.006157635245472193
YGL211W,YPR056W,0,-3.7636359,0.3499999940395355,0.03448275849223137,0.0064039407297968864
YGR098C,YOL006C,1,-3.768518,0.3658536672592163,0.03694581240415573,0.0064039407297968864
YBL074C,YER104W,0,-3.7694468,0.3571428656578064,0.03694581240415573,0.00665024621412158
YGR004W,YOR068C,0,-3.7708168,0.3488371968269348,0.03694581240415573,0.006896551698446274
YGR231C,YDR004W,0,-3.7712293,0.34090909361839294,0.03694581240415573,0.0071428571827709675
YER173W,YLR182W,0,-3.78189,0.3333333432674408,0.03694581240415573,0.007389162667095661
YLR418C,YGL211W,0,-3.7820363,0.32608696818351746,0.03694581240415573,0.007635468151420355
YKL089W,YDR113C,1,-3.7856064,0.3404255211353302,0.03940886631608009,0.007635468151420355
YHR166C,YMR048W,1,-3.7863164,0.3541666567325592,0.041871920228004456,0.007635468151420355
YGL075C,YDR392W,0,-3.798616,0.3469387888908386,0.041871920228004456,0.007881773635745049
YDR183W,YOR089C,0,-3.8021317,0.3400000035762787,0.041871920228004456,0.008128078654408455
YDR192C,YGL213C,0,-3.8057437,0.3333333432674408,0.041871920228004456,0.008374384604394436
YKL089W,YJR112W,1,-3.8059223,0.3461538553237915,0.04433497413992882,0.008374384604394436
YKL013C,YGL051W,0,-3.813976,0.3396226465702057,0.04433497413992882,0.008620689623057842
YDL178W,YDR069C,0,-3.8146877,0.3333333432674408,0.04433497413992882,0.008866994641721249
YJR060W,YMR117C,1,-3.8149123,0.34545454382896423,0.04679802805185318,0.008866994641721249
YPL115C,YMR207C,0,-3.8171806,0.3392857015132904,0.04679802805185318,0.00911330059170723
YJR055W,YBR153W,0,-3.8206873,0.3333333432674408,0.04679802805185318,0.009359605610370636
YDR113C,YIL126W,1,-3.8215482,0.3448275923728943,0.04926108196377754,0.009359605610370636
YMR163C,YPL083C,0,-3.8227842,0.33898305892944336,0.04926108196377754,0.009605911560356617
YDR113C,YOL006C,1,-3.8235004,0.3499999940395355,0.0517241396009922,0.009605911560356617
YIL021W,YDR472W,0,-3.8264549,0.3442623019218445,0.0517241396009922,0.009852216579020023
YJL186W,YLR032W,0,-3.8290896,0.33870968222618103,0.0517241396009922,0.010098522529006004
YFR036W,YDR113C,1,-3.8294158,0.3492063581943512,0.054187193512916565,0.010098522529006004
YMR207C,YGL113W,0,-3.8301513,0.34375,0.054187193512916565,0.01034482754766941
YOR298W,YDR523C,0,-3.8306954,0.3384615480899811,0.054187193512916565,0.010591132566332817
YPR176C,YKL057C,0,-3.837472,0.3333333432674408,0.054187193512916565,0.010837438516318798
YLR226W,YKL089W,1,-3.8399334,0.34328359365463257,0.05665024742484093,0.010837438516318798
YGR037C,YOR045W,0,-3.8451643,0.3382352888584137,0.05665024742484093,0.011083743534982204
YKR082W,YJR066W,0,-3.8481784,0.3333333432674408,0.05665024742484093,0.011330049484968185
YGR098C,YPL204W,1,-3.8508005,0.34285715222358704,0.05911330133676529,0.011330049484968185
YBR195C,YPL045W,0,-3.8514817,0.3380281627178192,0.05911330133676529,0.011576354503631592
YMR213W,YPR179C,0,-3.8551018,0.3333333432674408,0.05911330133676529,0.011822660453617573
YMR048W,YJR112W,1,-3.8553486,0.34246575832366943,0.06157635524868965,0.011822660453617573
YNL325C,YDR080W,0,-3.857657,0.3378378450870514,0.06157635524868965,0.01206896547228098
YKR083C,YLL031C,0,-3.8582592,0.3333333432674408,0.06157635524868965,0.012315270490944386
YLL001W,YOR244W,0,-3.861618,0.32894736528396606,0.06157635524868965,0.012561576440930367
YER166W,YPL214C,0,-3.8638844,0.3246753215789795,0.06157635524868965,0.012807881459593773
YGR098C,YKL089W,1,-3.8668346,0.3333333432674408,0.06403940916061401,0.012807881459593773
YPL267W,YLR210W,0,-3.873641,0.3291139304637909,0.06403940916061401,0.013054187409579754
YCR063W,YLL038C,0,-3.8752556,0.32499998807907104,0.06403940916061401,0.01330049242824316
YNL082W,YLR396C,0,-3.8753686,0.32098764181137085,0.06403940916061401,0.013546798378229141
YLR330W,YNL177C,0,-3.8777297,0.31707316637039185,0.06403940916061401,0.013793103396892548
YLR226W,YGR089W,1,-3.8794253,0.3253012001514435,0.06650245934724808,0.013793103396892548
YOL076W,YHR133C,0,-3.8797486,0.3214285671710968,0.06650245934724808,0.014039408415555954
YFR027W,YKL089W,1,-3.8803725,0.3294117748737335,0.06896551698446274,0.014039408415555954
YER122C,YBL004W,0,-3.8837903,0.3255814015865326,0.06896551698446274,0.014285714365541935
YKL092C,YOR151C,0,-3.8846734,0.3218390941619873,0.06896551698446274,0.014532019384205341
YDR073W,YDR334W,0,-3.8865404,0.3181818127632141,0.06896551698446274,0.014778325334191322
YDR183W,YBR153W,0,-3.8906612,0.31460675597190857,0.06896551698446274,0.015024630352854729
YPR176C,YLL031C,0,-3.8963099,0.31111112236976624,0.06896551698446274,0.01527093630284071
YFR027W,YMR117C,1,-3.8964472,0.3186813294887543,0.0714285746216774,0.01527093630284071
YJR060W,YFR027W,1,-3.9004183,0.32608696818351746,0.07389162480831146,0.01527093630284071
YDR138W,YPR168W,0,-3.9006906,0.32258063554763794,0.07389162480831146,0.015517241321504116
YLR102C,YHR166C,1,-3.9028902,0.3297872245311737,0.07635468244552612,0.015517241321504116
YHR166C,YKL049C,1,-3.9064922,0.3368421196937561,0.07881773263216019,0.015517241321504116
YNL001W,YDL108W,0,-3.907646,0.3333333432674408,0.07881773263216019,0.015763547271490097
YKR083C,YAR003W,0,-3.9102755,0.3298968970775604,0.07881773263216019,0.016009852290153503
YGR101W,YLL040C,0,-3.9135332,0.3265306055545807,0.07881773263216019,0.01625615730881691
YMR048W,YGR098C,1,-3.9151266,0.3333333432674408,0.08128079026937485,0.01625615730881691
YMR048W,YKL089W,1,-3.9191504,0.3400000035762787,0.08374384045600891,0.01625615730881691
YKL049C,YJR112W,1,-3.9199207,0.3465346395969391,0.08620689809322357,0.01625615730881691
YFR036W,YMR048W,1,-3.920403,0.3529411852359772,0.08866994827985764,0.01625615730881691
YOR033C,YNL261W,0,-3.9211931,0.34951457381248474,0.08866994827985764,0.016502462327480316
YMR207C,YGL112C,0,-3.9217823,0.3461538553237915,0.08866994827985764,0.016748769208788872
YPL112C,YDR292C,0,-3.9287057,0.34285715222358704,0.08866994827985764,0.016995074227452278
YCL061C,YBL088C,0,-3.9289582,0.3396226465702057,0.08866994827985764,0.017241379246115685
YHR166C,YOL006C,1,-3.9304144,0.3457943797111511,0.0911330059170723,0.017241379246115685
YAL029C,YGL112C,0,-3.9342408,0.34259259700775146,0.0911330059170723,0.01748768426477909
YBR215W,YPR107C,0,-3.938158,0.33944955468177795,0.0911330059170723,0.017733989283442497
YLR275W,YJL176C,0,-3.9424772,0.33636364340782166,0.0911330059170723,0.017980296164751053
YPR179C,YNL082W,0,-3.946043,0.3333333432674408,0.0911330059170723,0.01822660118341446
YCR077C,YOL006C,1,-3.9470894,0.3392857015132904,0.09359605610370636,0.01822660118341446
YHR133C,YKL119C,0,-3.9473205,0.3362831771373749,0.09359605610370636,0.018472906202077866
YJR001W,YKR083C,0,-3.9493573,0.3333333432674408,0.09359605610370636,0.018719211220741272
YFR027W,YER147C,1,-3.9495459,0.3391304314136505,0.09605911374092102,0.018719211220741272
YGL086W,YOR359W,0,-3.9499264,0.3362068831920624,0.09605911374092102,0.018965518102049828
YDL207W,YPR179C,0,-3.950447,0.3333333432674408,0.09605911374092102,0.019211823120713234
YLR450W,YNL071W,0,-3.9579587,0.3305084705352783,0.09605911374092102,0.01945812813937664
YCL011C,YGL086W,0,-3.958888,0.32773110270500183,0.09605911374092102,0.019704433158040047
YHR166C,YKL089W,1,-3.9600763,0.3333333432674408,0.09852216392755508,0.019704433158040047
YHR166C,YFR027W,1,-3.9631,0.3388429880142212,0.10098522156476974,0.019704433158040047
YGL086W,YBL004W,0,-3.9654396,0.3360655605792999,0.10098522156476974,0.019950738176703453
YLL004W,YPL045W,0,-3.966282,0.3333333432674408,0.10098522156476974,0.02019704505801201
YOR151C,YHR206W,0,-3.9672103,0.3306451737880707,0.10098522156476974,0.020443350076675415
YKR029C,YPR189W,0,-3.9761715,0.328000009059906,0.10098522156476974,0.02068965509533882
YMR023C,YDR484W,0,-3.976358,0.3253968358039856,0.10098522156476974,0.020935960114002228
YLR115W,YBR216C,0,-3.9776301,0.32283464074134827,0.10098522156476974,0.021182265132665634
YGR038W,YLR396C,0,-3.9778323,0.3203125,0.10098522156476974,0.02142857201397419
YGL211W,YDL043C,0,-3.978132,0.3178294599056244,0.10098522156476974,0.021674877032637596
YKL089W,YOL006C,1,-3.979624,0.32307693362236023,0.1034482792019844,0.021674877032637596
YKL189W,YEL013W,0,-3.983251,0.3206106722354889,0.1034482792019844,0.021921182051301003
YGR238C,YLR383W,0,-3.9833121,0.3181818127632141,0.1034482792019844,0.02216748706996441
YDR311W,YKR060W,0,-3.9855227,0.31578946113586426,0.1034482792019844,0.022413793951272964
YNL314W,YLR080W,0,-3.987589,0.31343284249305725,0.1034482792019844,0.02266009896993637
YFR036W,YPL204W,1,-3.9917502,0.3185185194015503,0.10591132938861847,0.02266009896993637
YER029C,YDR395W,0,-3.9922652,0.31617647409439087,0.10591132938861847,0.022906403988599777
YLR418C,YBR173C,0,-3.9924552,0.31386861205101013,0.10591132938861847,0.023152709007263184
YER105C,YPL045W,0,-3.993097,0.3115941882133484,0.10591132938861847,0.02339901402592659
YCR077C,YLR357W,1,-3.994032,0.316546767950058,0.10837438702583313,0.02339901402592659
YMR048W,YMR117C,1,-3.9977822,0.3214285671710968,0.1108374372124672,0.02339901402592659
YOR033C,YER027C,0,-3.9980488,0.3191489279270172,0.1108374372124672,0.023645320907235146
YFR027W,YIL126W,1,-3.9992833,0.3239436745643616,0.11330049484968185,0.023645320907235146
YML104C,YOR368W,0,-3.9995286,0.3216783106327057,0.11330049484968185,0.023891625925898552
YPL053C,YCR035C,0,-4.005498,0.3194444477558136,0.11330049484968185,0.02413793094456196
YGL051W,YML115C,0,-4.0069866,0.317241370677948,0.11330049484968185,0.024384235963225365
YGR120C,YPR107C,0,-4.0070477,0.31506848335266113,0.11330049484968185,0.02463054098188877
YFR027W,YLR357W,1,-4.0082965,0.31972789764404297,0.11576354503631592,0.02463054098188877
YHR166C,YGR098C,1,-4.010591,0.3243243098258972,0.11822660267353058,0.02463054098188877
YFL058W,YDR246W,0,-4.011281,0.3221476376056671,0.11822660267353058,0.024876847863197327
YGL240W,YJL019W,1,-4.012354,0.3266666531562805,0.12068965286016464,0.024876847863197327
YER147C,YIR011C,1,-4.0132074,0.33112582564353943,0.1231527104973793,0.024876847863197327
YIR023W,YJL187C,0,-4.017185,0.32894736528396606,0.1231527104973793,0.025123152881860733
YER083C,YDL005C,0,-4.020182,0.32679739594459534,0.1231527104973793,0.02536945790052414
YPL115C,YHR079C,0,-4.0218053,0.3246753215789795,0.1231527104973793,0.025615762919187546
YKR029C,YML115C,0,-4.0222406,0.32258063554763794,0.1231527104973793,0.0258620698004961
YKL089W,YIR011C,1,-4.0225606,0.32692307233810425,0.12561576068401337,0.0258620698004961
YKL049C,YGR098C,1,-4.023175,0.331210196018219,0.12807881832122803,0.0258620698004961
YKL089W,YBR156C,1,-4.024891,0.33544304966926575,0.1305418759584427,0.0258620698004961
YDR303C,YGL113W,0,-4.027306,0.3333333432674408,0.1305418759584427,0.026108374819159508
YMR023C,YJR052W,0,-4.0273194,0.33125001192092896,0.1305418759584427,0.026354679837822914
YGL241W,YBL046W,0,-4.028359,0.32919254899024963,0.1305418759584427,0.02660098485648632
YGR134W,YMR239C,0,-4.028923,0.327160507440567,0.1305418759584427,0.026847289875149727
YPR176C,YBR153W,0,-4.0310063,0.3251533806324005,0.1305418759584427,0.027093596756458282
YPL084W,YGL051W,0,-4.0311923,0.3231707215309143,0.1305418759584427,0.02733990177512169
YJR053W,YPR175W,0,-4.031324,0.32121211290359497,0.1305418759584427,0.027586206793785095
YPL115C,YLR396C,0,-4.0316978,0.3192771077156067,0.1305418759584427,0.0278325118124485
YNL038W,YPR179C,0,-4.033214,0.31736525893211365,0.1305418759584427,0.028078816831111908
YJR021C,YMR030W,0,-4.033682,0.3154761791229248,0.1305418759584427,0.028325123712420464
YIR023W,YDR138W,0,-4.035465,0.3136094808578491,0.1305418759584427,0.02857142873108387
YOL033W,YKL057C,0,-4.0370274,0.3117647171020508,0.1305418759584427,0.028817733749747276
YOL033W,YNL139C,0,-4.037813,0.30994153022766113,0.1305418759584427,0.029064038768410683
YOR201C,YJR043C,0,-4.0387163,0.30813953280448914,0.1305418759584427,0.02931034564971924
YPL084W,YDR292C,0,-4.039825,0.30635836720466614,0.1305418759584427,0.029556650668382645
YER109C,YBL052C,0,-4.0412173,0.3045977056026459,0.1305418759584427,0.02980295568704605
YDR463W,YDR395W,0,-4.0428934,0.3028571307659149,0.1305418759584427,0.030049260705709457
YOR381W,YDR217C,0,-4.043249,0.3011363744735718,0.1305418759584427,0.030295565724372864
YCL038C,YLR035C,0,-4.04589,0.299435019493103,0.1305418759584427,0.03054187260568142
YKL092C,YLR378C,0,-4.046469,0.2977527976036072,0.1305418759584427,0.030788177624344826
YNL038W,YDR045C,0,-4.048311,0.29608938097953796,0.1305418759584427,0.031034482643008232
YER105C,YLR383W,0,-4.0486474,0.2944444417953491,0.1305418759584427,0.03128078952431679
YLR418C,YCL034W,0,-4.0538473,0.2928176820278168,0.1305418759584427,0.031527094542980194
YJR121W,YLR115W,0,-4.0564017,0.29120880365371704,0.1305418759584427,0.0317733995616436
YDR113C,YBR156C,1,-4.058541,0.2950819730758667,0.13300491869449615,0.0317733995616436
YOR237W,YPL175W,0,-4.0586834,0.29347825050354004,0.13300491869449615,0.03201970458030701
YCL024W,YLR451W,0,-4.059563,0.2918919026851654,0.13300491869449615,0.03226600959897041
YIL140W,YKL130C,0,-4.0613976,0.29032257199287415,0.13300491869449615,0.03251231461763382
YLR226W,YMR117C,1,-4.0630355,0.29411765933036804,0.13546797633171082,0.03251231461763382
YOR156C,YIL126W,1,-4.0678716,0.2978723347187042,0.13793103396892548,0.03251231461763382
YGR089W,YOL006C,1,-4.071262,0.30158731341362,0.14039409160614014,0.03251231461763382
YGR238C,YFL060C,0,-4.072248,0.30000001192092896,0.14039409160614014,0.032758619636297226
YOR156C,YCR077C,1,-4.0757203,0.3036649227142334,0.1428571492433548,0.032758619636297226
YLR363C,YDL159W,0,-4.0768914,0.3020833432674408,0.1428571492433548,0.03300492465496063
YKR083C,YJL179W,0,-4.077696,0.30051812529563904,0.1428571492433548,0.03325122967362404
YML104C,YGR004W,0,-4.077809,0.2989690601825714,0.1428571492433548,0.033497538417577744
YLR148W,YBL088C,0,-4.0814915,0.2974359095096588,0.1428571492433548,0.03374384343624115
YML121W,YNL297C,0,-4.0826225,0.29591837525367737,0.1428571492433548,0.033990148454904556
YNL287W,YOR043W,0,-4.087817,0.29441624879837036,0.1428571492433548,0.03423645347356796
YPR186C,YPL175W,0,-4.0908413,0.2929292917251587,0.1428571492433548,0.03448275849223137
YMR048W,YIL126W,1,-4.091295,0.2964824140071869,0.14532019197940826,0.03448275849223137
YNL314W,YFL058W,0,-4.091413,0.29499998688697815,0.14532019197940826,0.034729063510894775
YPL115C,YKL113C,0,-4.091577,0.2935323417186737,0.14532019197940826,0.03497536852955818
YBR070C,YLR032W,0,-4.0932775,0.29207921028137207,0.14532019197940826,0.03522167354822159
YDL043C,YDR080W,0,-4.09329,0.29064038395881653,0.14532019197940826,0.035467978566884995
YDR219C,YIR009W,0,-4.093577,0.28921568393707275,0.14532019197940826,0.0357142873108387
YHL038C,YMR207C,0,-4.093941,0.28780487179756165,0.14532019197940826,0.035960592329502106
YOR201C,YLR055C,0,-4.0950418,0.2864077687263489,0.14532019197940826,0.03620689734816551
YOR112W,YPL047W,0,-4.0952783,0.28502416610717773,0.14532019197940826,0.03645320236682892
YBR215W,YDR303C,0,-4.0988455,0.2836538553237915,0.14532019197940826,0.036699507385492325
YMR172W,YLR396C,0,-4.1005683,0.28229665756225586,0.14532019197940826,0.03694581240415573
YJR112W,YIL126W,1,-4.1005793,0.2857142984867096,0.14778324961662292,0.03694581240415573
YDR427W,YOR117W,0,-4.101965,0.28436020016670227,0.14778324961662292,0.03719211742281914
YGR120C,YLR200W,0,-4.102798,0.2830188572406769,0.14778324961662292,0.037438422441482544
YMR186W,YHL034C,0,-4.1034565,0.28169015049934387,0.14778324961662292,0.03768472746014595
YOR174W,YLR396C,0,-4.104736,0.28037384152412415,0.14778324961662292,0.037931036204099655
YKL007W,YOR020C,0,-4.1055117,0.27906978130340576,0.14778324961662292,0.03817734122276306
YLR013W,YGR038W,0,-4.1069813,0.2777777910232544,0.14778324961662292,0.03842364624142647
YLR115W,YDR176W,0,-4.1071415,0.2764976918697357,0.14778324961662292,0.038669951260089874
YML019W,YDR470C,0,-4.1074195,0.2752293646335602,0.14778324961662292,0.03891625627875328
YGR092W,YIL143C,0,-4.109136,0.27397260069847107,0.14778324961662292,0.03916256129741669
YDL005C,YMR179W,0,-4.109644,0.27272728085517883,0.14778324961662292,0.03940886631608009
YLR102C,YDR113C,1,-4.109799,0.2760181128978729,0.15024630725383759,0.03940886631608009
YKL089W,YER147C,1,-4.1106706,0.27927929162979126,0.15270936489105225,0.03940886631608009
YGR098C,YLR357W,1,-4.1121464,0.2825112044811249,0.1551724076271057,0.03940886631608009
YMR048W,YOR156C,1,-4.1135297,0.2857142984867096,0.15763546526432037,0.03940886631608009
YJR013W,YNL073W,0,-4.1194105,0.2844444513320923,0.15763546526432037,0.0396551713347435
YKL013C,YDL065C,0,-4.120782,0.28318583965301514,0.15763546526432037,0.039901476353406906
YJR060W,YDR113C,1,-4.123017,0.28634360432624817,0.16009852290153503,0.039901476353406906
YDR184C,YKL057C,0,-4.12558,0.2850877046585083,0.16009852290153503,0.04014778509736061
YKL049C,YOR156C,1,-4.125956,0.28820961713790894,0.1625615805387497,0.04014778509736061
YNL001W,YDR198C,0,-4.1278124,0.2869565188884735,0.1625615805387497,0.04039409011602402
YNL314W,YLR148W,0,-4.127881,0.2857142984867096,0.1625615805387497,0.040640395134687424
YLR071C,YLR385C,0,-4.1282806,0.2844827473163605,0.1625615805387497,0.04088670015335083
YJR132W,YOR353C,0,-4.1290503,0.28326180577278137,0.1625615805387497,0.041133005172014236
YHR108W,YIL153W,0,-4.129462,0.28205129504203796,0.1625615805387497,0.04137931019067764
YBR119W,YGR274C,0,-4.1315446,0.2808510661125183,0.1625615805387497,0.04162561520934105
YER104W,YKR050W,0,-4.1315727,0.27966102957725525,0.1625615805387497,0.041871920228004456
YLR115W,YIL150C,0,-4.1334176,0.27848100662231445,0.1625615805387497,0.04211822524666786
YNL038W,YJR055W,0,-4.133883,0.27731093764305115,0.1625615805387497,0.04236453026533127
YBR200W,YOR259C,0,-4.1361012,0.2761506140232086,0.1625615805387497,0.04261083900928497
YKL149C,YLR427W,0,-4.1398134,0.2750000059604645,0.1625615805387497,0.04285714402794838
YHR079C,YGR077C,0,-4.1400857,0.2738589346408844,0.1625615805387497,0.043103449046611786
YJR060W,YLR357W,1,-4.1406093,0.27685949206352234,0.16502462327480316,0.043103449046611786
YPL204W,YDR113C,1,-4.1414165,0.27983540296554565,0.16748768091201782,0.043103449046611786
YBL097W,YFR036W,1,-4.14252,0.28278687596321106,0.16995073854923248,0.043103449046611786
YLR226W,YGR098C,1,-4.1434813,0.2857142984867096,0.17241379618644714,0.043103449046611786
YDL209C,YCL024W,0,-4.1445236,0.28455284237861633,0.17241379618644714,0.04334975406527519
YDL164C,YGR252W,0,-4.145815,0.2834008038043976,0.17241379618644714,0.0435960590839386
YLR115W,YGR206W,0,-4.1460333,0.2822580635547638,0.17241379618644714,0.043842364102602005
YOR156C,YMR117C,1,-4.1469784,0.2851405739784241,0.1748768538236618,0.043842364102602005
YBR119W,YGL113W,0,-4.1484213,0.2840000092983246,0.1748768538236618,0.04408866912126541
YDR501W,YJR035W,0,-4.149722,0.28286853432655334,0.1748768538236618,0.04433497413992882
YNL233W,YDR364C,0,-4.150424,0.2817460298538208,0.1748768538236618,0.044581279158592224
YKL089W,YJL019W,1,-4.1508036,0.28458496928215027,0.17733989655971527,0.044581279158592224
YNL291C,YDR292C,0,-4.1516943,0.28346458077430725,0.17733989655971527,0.04482758790254593
YML112W,YOR368W,0,-4.152563,0.2823529541492462,0.17733989655971527,0.045073892921209335
YGR004W,YER029C,0,-4.152648,0.28125,0.17733989655971527,0.04532019793987274
YJR043C,YDR419W,0,-4.1531634,0.28015562891960144,0.17733989655971527,0.04556650295853615
YHR129C,YGR221C,0,-4.1536665,0.27906978130340576,0.17733989655971527,0.045812807977199554
YDR501W,YLR453C,0,-4.1540384,0.27799227833747864,0.17733989655971527,0.04605911299586296
YBR135W,YLL031C,0,-4.1543922,0.2769230902194977,0.17733989655971527,0.04630541801452637
YPR179C,YLR035C,0,-4.1552334,0.27586206793785095,0.17733989655971527,0.046551723033189774
YDL092W,YJL176C,0,-4.1592884,0.2748091518878937,0.17733989655971527,0.04679802805185318
YLR226W,YOR156C,1,-4.159456,0.2775665521621704,0.17980295419692993,0.04679802805185318
YBR195C,YOL072W,0,-4.1603365,0.2765151560306549,0.17980295419692993,0.047044336795806885
YHR123W,YGR038W,0,-4.1607447,0.27547168731689453,0.17980295419692993,0.04729064181447029
YKL046C,YKR061W,0,-4.162632,0.2744360864162445,0.17980295419692993,0.0475369468331337
YNL169C,YER118C,0,-4.1630287,0.2734082341194153,0.17980295419692993,0.047783251851797104
YKR035W-A,YHR058C,0,-4.1631975,0.2723880708217621,0.17980295419692993,0.04802955687046051
YLR226W,YJR112W,1,-4.164135,0.2750929296016693,0.1822660118341446,0.04802955687046051
YHR123W,YOR115C,0,-4.164693,0.27407407760620117,0.1822660118341446,0.04827586188912392
YOL003C,YDR501W,0,-4.1656384,0.27306273579597473,0.1822660118341446,0.04852216690778732
YKL130C,YOL125W,0,-4.16603,0.2720588147640228,0.1822660118341446,0.04876847192645073
YMR299C,YFL060C,0,-4.1666245,0.27106228470802307,0.1822660118341446,0.049014776945114136
YLR361C,YPR189W,0,-4.17025,0.2700729966163635,0.1822660118341446,0.04926108196377754
YIR023W,YLR383W,0,-4.1727934,0.2690909206867218,0.1822660118341446,0.04950739070773125
YHR164C,YCL034W,0,-4.1731043,0.26811593770980835,0.1822660118341446,0.04975369572639465
YOR058C,YMR023C,0,-4.1733246,0.2671480178833008,0.1822660118341446,0.05000000074505806
YKL089W,YIL126W,1,-4.1734595,0.26978418231010437,0.18472906947135925,0.05000000074505806
YDL005C,YLR045C,0,-4.1751633,0.2688172161579132,0.18472906947135925,0.050246305763721466
YPL175W,YDR392W,0,-4.17558,0.2678571343421936,0.18472906947135925,0.05049261078238487
YMR075W,YGR195W,0,-4.1760855,0.26690390706062317,0.18472906947135925,0.05073891580104828
YGR075C,YLR275W,0,-4.1791472,0.26595744490623474,0.18472906947135925,0.050985220819711685
YML036W,YJL073W,0,-4.180291,0.26501765847206116,0.18472906947135925,0.05123152583837509
YGL254W,YDR176W,0,-4.180437,0.26408451795578003,0.18472906947135925,0.0514778308570385
YER168C,YJR043C,0,-4.1813097,0.2631579041481018,0.18472906947135925,0.0517241396009922
YKL092C,YLR330W,0,-4.1833887,0.2622377574443817,0.18472906947135925,0.05197044461965561
YHR058C,YKR085C,0,-4.185594,0.26132404804229736,0.18472906947135925,0.052216749638319016
YJR112W,YOL006C,1,-4.1868205,0.2638888955116272,0.18719211220741272,0.052216749638319016
YDR054C,YPR073C,0,-4.187542,0.2629757821559906,0.18719211220741272,0.05246305465698242
YKL089W,YOR156C,1,-4.1878667,0.2655172348022461,0.18965516984462738,0.05246305465698242
YBL097W,YLR357W,1,-4.188167,0.2680412232875824,0.19211822748184204,0.05246305465698242
YJL030W,YPL083C,0,-4.1882696,0.267123281955719,0.19211822748184204,0.05270935967564583
YOR244W,YLR275W,0,-4.18957,0.266211599111557,0.19211822748184204,0.052955664694309235
YOR117W,YHL034C,0,-4.191859,0.26530611515045166,0.19211822748184204,0.05320196971297264
YKR099W,YMR299C,0,-4.1934404,0.2644067704677582,0.19211822748184204,0.05344827473163605
YER157W,YDL015C,0,-4.1936626,0.2635135054588318,0.19211822748184204,0.053694579750299454
YMR163C,YDR219C,0,-4.194153,0.2626262605190277,0.19211822748184204,0.05394088849425316
YMR048W,YFR027W,1,-4.1945753,0.2651006579399109,0.1945812851190567,0.05394088849425316
YOR156C,YLR357W,1,-4.194822,0.2675585150718689,0.19704432785511017,0.05394088849425316
YDR303C,YER129W,0,-4.1980557,0.2666666805744171,0.19704432785511017,0.054187193512916565
YGL187C,YDR470C,0,-4.19835,0.2657807171344757,0.19704432785511017,0.05443349853157997
YKR035W-A,YKL140W,0,-4.1983614,0.26490065455436707,0.19704432785511017,0.05467980355024338
YBR070C,YER109C,0,-4.198776,0.264026403427124,0.19704432785511017,0.054926108568906784
YLR357W,YJL080C,1,-4.199609,0.26644736528396606,0.19950738549232483,0.054926108568906784
YAL038W,YLR113W,0,-4.1996155,0.26557376980781555,0.19950738549232483,0.05517241358757019
YDR113C,YLR357W,1,-4.1998796,0.2679738700389862,0.2019704431295395,0.05517241358757019
YGR134W,YER109C,0,-4.202399,0.267100989818573,0.2019704431295395,0.0554187186062336
YGL216W,YKR082W,0,-4.202866,0.26623377203941345,0.2019704431295395,0.055665023624897
YLR357W,YOL006C,1,-4.2029676,0.268608421087265,0.20443350076675415,0.055665023624897
YDR311W,YDR120C,0,-4.203449,0.26774194836616516,0.20443350076675415,0.05591132864356041
YGL168W,YCL061C,0,-4.2047563,0.2668810188770294,0.20443350076675415,0.056157633662223816
YJR112W,YMR117C,1,-4.206049,0.26923078298568726,0.2068965584039688,0.056157633662223816
YPL050C,YOR368W,0,-4.2065105,0.2683705985546112,0.2068965584039688,0.05640394240617752
YBR215W,YML104C,0,-4.2076154,0.2675159275531769,0.2068965584039688,0.05665024742484093
YOR067C,YLL006W,0,-4.2090015,0.2666666805744171,0.2068965584039688,0.056896552443504333
YER017C,YLR045C,0,-4.210723,0.26582279801368713,0.2068965584039688,0.05714285746216774
YJR053W,YNL283C,0,-4.212957,0.26498422026634216,0.2068965584039688,0.057389162480831146
YFR047C,YDR517W,0,-4.213005,0.2641509473323822,0.2068965584039688,0.05763546749949455
YDL065C,YCR035C,0,-4.213151,0.2633228898048401,0.2068965584039688,0.05788177251815796
YPR168W,YNL082W,0,-4.213839,0.26249998807907104,0.2068965584039688,0.058128077536821365
YNR032C-A,YGL086W,0,-4.2143803,0.2616822421550751,0.2068965584039688,0.05837438255548477
YBR070C,YIR009W,0,-4.2145996,0.260869562625885,0.2068965584039688,0.05862069129943848
YNR033W,YKR035W-A,0,-4.2167883,0.26006191968917847,0.2068965584039688,0.05886699631810188
YMR081C,YPL083C,0,-4.216884,0.25925925374031067,0.2068965584039688,0.05911330133676529
YLR451W,YDR164C,0,-4.217303,0.25846153497695923,0.2068965584039688,0.059359606355428696
YNL001W,YDR121W,0,-4.2191424,0.25766870379447937,0.2068965584039688,0.0596059113740921
YHR077C,YDR080W,0,-4.219411,0.2568807303905487,0.2068965584039688,0.05985221639275551
YKR099W,YHR077C,0,-4.2198887,0.25609755516052246,0.2068965584039688,0.060098521411418915
YDR194C,YNL139C,0,-4.2199254,0.25531914830207825,0.2068965584039688,0.06034482643008232
YFR036W,YKL089W,1,-4.2202625,0.25757575035095215,0.20935960114002228,0.06034482643008232
YHR166C,YGL240W,1,-4.221017,0.2598187327384949,0.21182265877723694,0.06034482643008232
YBL099W,YGL038C,0,-4.221219,0.2590361535549164,0.21182265877723694,0.06059113144874573
YGR004W,YPR125W,0,-4.2221227,0.25825825333595276,0.21182265877723694,0.06083744019269943
YFR036W,YOL006C,1,-4.2221794,0.26047903299331665,0.2142857164144516,0.06083744019269943
YJL019W,YMR117C,1,-4.222657,0.2626865804195404,0.21674877405166626,0.06083744019269943
YLR451W,YIL115C,0,-4.2240405,0.261904776096344,0.21674877405166626,0.06108374521136284
YLR088W,YLR039C,0,-4.2252197,0.2611275911331177,0.21674877405166626,0.061330050230026245
YDL165W,YDL164C,0,-4.225316,0.26035502552986145,0.21674877405166626,0.06157635524868965
YML077W,YCR092C,0,-4.2263656,0.25958701968193054,0.21674877405166626,0.06182266026735306
YLL038C,YNR043W,0,-4.2265253,0.25882354378700256,0.21674877405166626,0.062068965286016464
YOR174W,YKR087C,0,-4.2283006,0.25806450843811035,0.21674877405166626,0.06231527030467987
YKL013C,YKR083C,0,-4.228442,0.2573099434375763,0.21674877405166626,0.06256157904863358
YJL030W,YNL246W,0,-4.229174,0.2565597593784332,0.21674877405166626,0.06280788034200668
YJL071W,YAR014C,0,-4.230644,0.25581395626068115,0.21674877405166626,0.06305418908596039
YDR039C,YML048W,0,-4.2307587,0.2550724744796753,0.21674877405166626,0.0633004903793335
YGR257C,YFL060C,0,-4.2316732,0.2543352544307709,0.21674877405166626,0.0635467991232872
YIR028W,YNL093W,0,-4.2322445,0.2536022961139679,0.21674877405166626,0.06379310041666031
YMR075W,YGR245C,0,-4.2324953,0.25287356972694397,0.21674877405166626,0.06403940916061401
YDR176W,YDR080W,0,-4.2346654,0.25214898586273193,0.21674877405166626,0.06428571790456772
YNR013C,YOR368W,0,-4.235063,0.2514285743236542,0.21674877405166626,0.06453201919794083
YKL013C,YBL056W,0,-4.2352405,0.25071224570274353,0.21674877405166626,0.06477832794189453
YML077W,YER105C,0,-4.235302,0.25,0.21674877405166626,0.06502462923526764
YNL291C,YPR056W,0,-4.23773,0.2492917776107788,0.21674877405166626,0.06527093797922134
YDR176W,YPL047W,0,-4.240329,0.24858756363391876,0.21674877405166626,0.06551723927259445
YLR148W,YDR484W,0,-4.241395,0.24788732826709747,0.21674877405166626,0.06576354801654816
YMR163C,YMR059W,0,-4.2432632,0.24719101190567017,0.21674877405166626,0.06600984930992126
YPL084W,YDL092W,0,-4.245143,0.24649859964847565,0.21674877405166626,0.06625615805387497
YMR207C,YPL083C,0,-4.2465515,0.24581006169319153,0.21674877405166626,0.06650245934724808
YGR075C,YPL047W,0,-4.2491746,0.24512535333633423,0.21674877405166626,0.06674876809120178
YCL029C,YLR115W,0,-4.2495017,0.24444444477558136,0.21674877405166626,0.06699507683515549
YLR376C,YPL045W,0,-4.250008,0.24376730620861053,0.21674877405166626,0.0672413781285286
YKR035W-A,YGL233W,0,-4.251328,0.24309392273426056,0.21674877405166626,0.0674876868724823
YDR016C,YDR470C,0,-4.2528324,0.24242424964904785,0.21674877405166626,0.06773398816585541
YIL126W,YOL006C,1,-4.253172,0.24450549483299255,0.21921181678771973,0.06773398816585541
YJR112W,YLR357W,1,-4.2563915,0.24657534062862396,0.2216748744249344,0.06773398816585541
YFR027W,YJR112W,1,-4.2565675,0.24863387644290924,0.22413793206214905,0.06773398816585541
YGL133W,YFR004W,0,-4.2566733,0.24795641005039215,0.22413793206214905,0.06798029690980911
YOL149W,YKL084W,0,-4.2590036,0.24728260934352875,0.22413793206214905,0.06822659820318222
YNL082W,YML011C,0,-4.259474,0.24661245942115784,0.22413793206214905,0.06847290694713593
YBL052C,YBR216C,0,-4.2608833,0.24594594538211823,0.22413793206214905,0.06871920824050903
YGR089W,YCR077C,1,-4.2610226,0.24797843396663666,0.2266009896993637,0.06871920824050903
YLR357W,YER147C,1,-4.262271,0.25,0.22906403243541718,0.06871920824050903
YML006C,YER040W,0,-4.2624273,0.24932976067066193,0.22906403243541718,0.06896551698446274
YDR292C,YOR043W,0,-4.265357,0.24866309762001038,0.22906403243541718,0.06921182572841644
YKL092C,YBL088C,0,-4.26582,0.24799999594688416,0.22906403243541718,0.06945812702178955
YKL092C,YPL164C,0,-4.2676888,0.24734042584896088,0.22906403243541718,0.06970443576574326
YBR055C,YKR029C,0,-4.2677503,0.24668435752391815,0.22906403243541718,0.06995073705911636
YIR023W,YER129W,0,-4.2678814,0.2460317462682724,0.22906403243541718,0.07019704580307007
YER157W,YDR472W,0,-4.2680044,0.24538259208202362,0.22906403243541718,0.07044334709644318
YDR217C,YGL233W,0,-4.269515,0.24473683536052704,0.22906403243541718,0.07068965584039688
YJL019W,YLR357W,1,-4.2702265,0.24671916663646698,0.23152709007263184,0.07068965584039688
YFR027W,YGR098C,1,-4.2715173,0.24869109690189362,0.2339901477098465,0.07068965584039688
YIL140W,YLL006W,0,-4.272278,0.2480417788028717,0.2339901477098465,0.07093595713376999
YDR503C,YGR038W,0,-4.2723627,0.2473958283662796,0.2339901477098465,0.0711822658777237
YKL049C,YFR027W,1,-4.2738333,0.2493506520986557,0.23645320534706116,0.0711822658777237
YEL069C,YJL013C,0,-4.274725,0.24870465695858002,0.23645320534706116,0.0714285746216774
YBR215W,YNL291C,0,-4.2769127,0.24806201457977295,0.23645320534706116,0.0716748759150505
YDR512C,YPR179C,0,-4.2780733,0.24742268025875092,0.23645320534706116,0.07192118465900421
YLR226W,YFR027W,1,-4.2782497,0.24935732781887054,0.23891626298427582,0.07192118465900421
YDR503C,YMR133W,0,-4.278306,0.24871794879436493,0.23891626298427582,0.07216748595237732
YDR113C,YML085C,1,-4.279382,0.2506393790245056,0.24137930572032928,0.07216748595237732
YDL174C,YPR073C,0,-4.28019,0.25,0.24137930572032928,0.07241379469633102
YKR085C,YDR501W,0,-4.2821565,0.24936386942863464,0.24137930572032928,0.07266009598970413
YKL046C,YNL038W,0,-4.284419,0.24873095750808716,0.24137930572032928,0.07290640473365784
YDL065C,YLR383W,0,-4.284604,0.24810126423835754,0.24137930572032928,0.07315270602703094
YLR154C,YDR523C,0,-4.285511,0.24747474491596222,0.24137930572032928,0.07339901477098465
YGR098C,YMR117C,1,-4.286356,0.249370276927948,0.24384236335754395,0.07339901477098465
YMR299C,YML043C,0,-4.286725,0.2487437129020691,0.24384236335754395,0.07364532351493835
YJR043C,YPR009W,0,-4.288287,0.24812030792236328,0.24384236335754395,0.07389162480831146
YGR112W,YLR354C,0,-4.2883215,0.2475000023841858,0.24384236335754395,0.07413793355226517
YNR030W,YDL188C,0,-4.2884073,0.24688279628753662,0.24384236335754395,0.07438423484563828
YPR179C,YKL140W,0,-4.288411,0.24626865983009338,0.24384236335754395,0.07463054358959198
YNL001W,YBL052C,0,-4.28874,0.2456575632095337,0.24384236335754395,0.07487684488296509
YMR127C,YJR066W,0,-4.288804,0.24504950642585754,0.24384236335754395,0.07512315362691879
YKR083C,YLL027W,0,-4.290291,0.24444444477558136,0.24384236335754395,0.0753694549202919
YOR201C,YLR453C,0,-4.2910824,0.24384236335754395,0.24384236335754395,0.0756157636642456
YLR430W,YML076C,0,-4.291665,0.2432432472705841,0.24384236335754395,0.07586207240819931
YMR059W,YMR227C,0,-4.2918386,0.24264705181121826,0.24384236335754395,0.07610837370157242
YFR036W,YER147C,1,-4.2920766,0.24449877440929413,0.2463054209947586,0.07610837370157242
YEL053C,YMR247C,0,-4.2921753,0.24390244483947754,0.2463054209947586,0.07635468244552612
YJR060W,YER147C,1,-4.29434,0.2457420974969864,0.24876847863197327,0.07635468244552612
YBL097W,YJR112W,1,-4.2943783,0.24757280945777893,0.25123152136802673,0.07635468244552612
YHR123W,YGR221C,0,-4.2944717,0.24697336554527283,0.25123152136802673,0.07660098373889923
YGR098C,YML085C,1,-4.295109,0.24879227578639984,0.2536945939064026,0.07660098373889923
YOR363C,YML076C,0,-4.2952685,0.24819277226924896,0.2536945939064026,0.07684729248285294
YDR323C,YJL176C,0,-4.296527,0.2475961595773697,0.2536945939064026,0.07709359377622604
YLR088W,YPL112C,0,-4.2970815,0.24700239300727844,0.2536945939064026,0.07733990252017975
YKL026C,YMR133W,0,-4.2983303,0.2464114874601364,0.2536945939064026,0.07758620381355286
YHR079C,YOR363C,0,-4.299819,0.24582338333129883,0.2536945939064026,0.07783251255750656
YGR075C,YNL049C,0,-4.302037,0.24523809552192688,0.2536945939064026,0.07807882130146027
YOL100W,YFL049W,0,-4.303591,0.244655579328537,0.2536945939064026,0.07832512259483337
YOR126C,YMR023C,0,-4.3037763,0.24407583475112915,0.2536945939064026,0.07857143133878708
YER173W,YJL127C,0,-4.3040676,0.2434988170862198,0.2536945939064026,0.07881773263216019
YGL051W,YLL004W,0,-4.3044896,0.2429245263338089,0.2536945939064026,0.07906404137611389
YDR294C,YGR241C,0,-4.3045464,0.2423529475927353,0.2536945939064026,0.079310342669487
YDL209C,YJR153W,0,-4.304618,0.24178403615951538,0.2536945939064026,0.0795566514134407
YGR171C,YDR004W,0,-4.3049383,0.24121779203414917,0.2536945939064026,0.07980295270681381
YLR148W,YOL011W,0,-4.305349,0.24065420031547546,0.2536945939064026,0.08004926145076752
YMR023C,YML076C,0,-4.3058114,0.24009324610233307,0.2536945939064026,0.08029557019472122
YBR188C,YBL011W,0,-4.3065863,0.2395348846912384,0.2536945939064026,0.08054187148809433
YML094W,YOR089C,0,-4.3071823,0.23897911608219147,0.2536945939064026,0.08078818023204803
YLR361C,YPR179C,0,-4.307939,0.23842592537403107,0.2536945939064026,0.08103448152542114
YLR190W,YMR179W,0,-4.3084993,0.23787528276443481,0.2536945939064026,0.08128079026937485
YPL204W,YCR077C,1,-4.308769,0.23963133990764618,0.25615763664245605,0.08128079026937485
YGR098C,YER147C,1,-4.3088765,0.24137930572032928,0.2586206793785095,0.08128079026937485
YMR048W,YGL240W,1,-4.310008,0.2431192696094513,0.2610837519168854,0.08128079026937485
YOR253W,YEL013W,0,-4.3101797,0.242562934756279,0.2610837519168854,0.08152709156274796
YER083C,YDR295C,0,-4.3107696,0.24200913310050964,0.2610837519168854,0.08177340030670166
YLR226W,YIR011C,1,-4.3115196,0.24373576045036316,0.26354679465293884,0.08177340030670166
YML006C,YDR080W,0,-4.311881,0.24318182468414307,0.26354679465293884,0.08201970160007477
YFR009W,YBR080C,0,-4.312112,0.24263039231300354,0.26354679465293884,0.08226601034402847
YKL213C,YDR513W,0,-4.3138685,0.2420814484357834,0.26354679465293884,0.08251231163740158
YGL051W,YPR108W,0,-4.3140516,0.2415349930524826,0.26354679465293884,0.08275862038135529
YFR027W,YJL019W,1,-4.315856,0.2432432472705841,0.2660098373889923,0.08275862038135529
YOR067C,YDR292C,0,-4.316128,0.2426966279745102,0.2660098373889923,0.08300492912530899
YKL089W,YLR357W,1,-4.3169823,0.24439461529254913,0.26847290992736816,0.08300492912530899
YJR112W,YDR113C,1,-4.3189507,0.2460850179195404,0.27093595266342163,0.08300492912530899
YLR226W,YGL240W,1,-4.319255,0.2477678507566452,0.2733990252017975,0.08300492912530899
YNR013C,YMR127C,0,-4.31968,0.24721603095531464,0.2733990252017975,0.0832512304186821
YKL130C,YGL213C,0,-4.3197474,0.24666666984558105,0.2733990252017975,0.0834975391626358
YMR127C,YMR179W,0,-4.3197722,0.24611973762512207,0.2733990252017975,0.08374384045600891
YHR079C,YGR171C,0,-4.320143,0.2455752193927765,0.2733990252017975,0.08399014919996262
YNL272C,YKL014C,0,-4.3203754,0.2450331151485443,0.2733990252017975,0.08423645049333572
YPL050C,YNL049C,0,-4.3205137,0.24449339509010315,0.2733990252017975,0.08448275923728943
YBR119W,YGR038W,0,-4.3210163,0.2439560443162918,0.2733990252017975,0.08472906053066254
YGL254W,YPR107C,0,-4.321363,0.2434210479259491,0.2733990252017975,0.08497536927461624
YNL133C,YOR089C,0,-4.3220634,0.242888405919075,0.2733990252017975,0.08522167801856995
YJL157C,YLR451W,0,-4.3221235,0.24235807359218597,0.2733990252017975,0.08546797931194305
YDR264C,YML077W,0,-4.324223,0.24183006584644318,0.2733990252017975,0.08571428805589676
YDR138W,YNL291C,0,-4.3246946,0.24130435287952423,0.2733990252017975,0.08596058934926987
YNL325C,YGL112C,0,-4.324857,0.24078090488910675,0.2733990252017975,0.08620689809322357
YLR226W,YIL126W,1,-4.3251143,0.24242424964904785,0.27586206793785095,0.08620689809322357
YLR361C,YDR138W,0,-4.327298,0.24190065264701843,0.27586206793785095,0.08645319938659668
YDR054C,YCR052W,0,-4.327442,0.24137930572032928,0.27586206793785095,0.08669950813055038
YML036W,YIR008C,0,-4.3283253,0.2408602088689804,0.27586206793785095,0.08694580942392349
YOR388C,YOL065C,0,-4.3283944,0.2403433471918106,0.27586206793785095,0.0871921181678772
YLR102C,YOR156C,1,-4.3286195,0.2419700175523758,0.2783251106739044,0.0871921181678772
YML016C,YPR056W,0,-4.3288474,0.24145299196243286,0.2783251106739044,0.0874384269118309
YNL001W,YKR087C,0,-4.331601,0.24093817174434662,0.2783251106739044,0.08768472820520401
YER027C,YER100W,0,-4.331753,0.24042552709579468,0.2783251106739044,0.08793103694915771
YHL027W,YPL047W,0,-4.332149,0.23991507291793823,0.2783251106739044,0.08817733824253082
YAL023C,YJL176C,0,-4.3323746,0.2394067794084549,0.2783251106739044,0.08842364698648453
YGR098C,YJR112W,1,-4.33305,0.24101479351520538,0.2807881832122803,0.08842364698648453
YCL011C,YBL046W,0,-4.3332176,0.2405063360929489,0.2807881832122803,0.08866994827985764
YGL222C,YMR030W,0,-4.3334994,0.23999999463558197,0.2807881832122803,0.08891625702381134
YGL254W,YOR068C,0,-4.3337855,0.23949579894542694,0.2807881832122803,0.08916255831718445
YKR083C,YJR094C,0,-4.3349314,0.23899370431900024,0.2807881832122803,0.08940886706113815
YLR226W,YJL019W,1,-4.3349767,0.24058577418327332,0.28325122594833374,0.08940886706113815
YBL015W,YPR093C,0,-4.3354387,0.2400835007429123,0.28325122594833374,0.08965517580509186
YDR072C,YEL013W,0,-4.3355994,0.2395833283662796,0.28325122594833374,0.08990147709846497
YLR357W,YMR117C,1,-4.335715,0.24116423726081848,0.2857142984867096,0.08990147709846497
YJL039C,YMR129W,0,-4.3361826,0.24066390097141266,0.2857142984867096,0.09014778584241867
YGL051W,YDR392W,0,-4.3362484,0.24016563594341278,0.2857142984867096,0.09039408713579178
YFR036W,YCR077C,1,-4.3365207,0.2417355328798294,0.28817734122276306,0.09039408713579178
YBL007C,YEL013W,0,-4.336643,0.2412371188402176,0.28817734122276306,0.09064039587974548
YIL007C,YJL041W,0,-4.3374443,0.24074074625968933,0.28817734122276306,0.09088669717311859
YBR135W,YIL121W,0,-4.3375115,0.24024640023708344,0.28817734122276306,0.0911330059170723
YLR035C,YLR305C,0,-4.3376207,0.2397540956735611,0.28817734122276306,0.0913793072104454
YNL272C,YPL047W,0,-4.3379674,0.23926380276679993,0.28817734122276306,0.09162561595439911
YDL092W,YBR173C,0,-4.3383274,0.23877550661563873,0.28817734122276306,0.09187192469835281
YPR108W,YDL092W,0,-4.3386717,0.23828920722007751,0.28817734122276306,0.09211822599172592
YNL233W,YML112W,0,-4.339042,0.23780487477779388,0.28817734122276306,0.09236453473567963
YPL116W,YNL236W,0,-4.3399396,0.23732250928878784,0.28817734122276306,0.09261083602905273
YCR077C,YER147C,1,-4.340056,0.2388664036989212,0.29064038395881653,0.09261083602905273
YGL051W,YGR206W,0,-4.340785,0.23838384449481964,0.29064038395881653,0.09285714477300644
YGL240W,YGR098C,1,-4.34093,0.23991934955120087,0.2931034564971924,0.09285714477300644
YOR047C,YJL029C,0,-4.341353,0.23943662643432617,0.2931034564971924,0.09310344606637955
YLL031C,YMR200W,0,-4.3420186,0.23895582556724548,0.2931034564971924,0.09334975481033325
YER125W,YKL140W,0,-4.342039,0.2384769469499588,0.2931034564971924,0.09359605610370636
YER083C,YJR059W,0,-4.342785,0.23800000548362732,0.2931034564971924,0.09384236484766006
YDR038C,YPR189W,0,-4.343908,0.23752495646476746,0.2931034564971924,0.09408867359161377
YHR123W,YGL022W,0,-4.3445535,0.2370517998933792,0.2931034564971924,0.09433497488498688
YDR292C,YAL011W,0,-4.344809,0.2365805208683014,0.2931034564971924,0.09458128362894058
YFR050C,YDR494W,0,-4.346311,0.2361111044883728,0.2931034564971924,0.09482758492231369
YBR153W,YDR470C,0,-4.3484488,0.23564356565475464,0.2931034564971924,0.0950738936662674
YML048W,YFL005W,0,-4.348589,0.23517785966396332,0.2931034564971924,0.0953201949596405
YMR168C,YLL036C,0,-4.348674,0.23471400141716003,0.2931034564971924,0.09556650370359421
YLR115W,YOR381W,0,-4.3497415,0.2342519611120224,0.2931034564971924,0.09581280499696732
YDL108W,YMR247C,0,-4.3497524,0.2337917536497116,0.2931034564971924,0.09605911374092102
YDL178W,YML094W,0,-4.349799,0.23333333432674408,0.2931034564971924,0.09630541503429413
YKR025W,YPL045W,0,-4.351058,0.232876718044281,0.2931034564971924,0.09655172377824783
YDR113C,YMR117C,1,-4.3511353,0.234375,0.29556649923324585,0.09655172377824783
YBL082C,YLL038C,0,-4.351357,0.23391813039779663,0.29556649923324585,0.09679803252220154
YJR094C,YGR241C,0,-4.35138,0.23346303403377533,0.29556649923324585,0.09704433381557465
YDR099W,YGL233W,0,-4.352087,0.2330097109079361,0.29556649923324585,0.09729064255952835
YOR156C,YDR113C,1,-4.353892,0.2344961166381836,0.2980295419692993,0.09729064255952835
YJL019W,YJR112W,1,-4.3542824,0.23597678542137146,0.30049261450767517,0.09729064255952835
YER109C,YPL002C,0,-4.354426,0.23552124202251434,0.30049261450767517,0.09753694385290146
YAL029C,YGL094C,0,-4.354934,0.2350674420595169,0.30049261450767517,0.09778325259685516
YNL139C,YOR353C,0,-4.3549495,0.23461538553237915,0.30049261450767517,0.09802955389022827
YGL094C,YDR011W,0,-4.355272,0.23416507244110107,0.30049261450767517,0.09827586263418198
YJR121W,YKR087C,0,-4.357381,0.2337164729833603,0.30049261450767517,0.09852216392755508
YPL055C,YLR055C,0,-4.3575068,0.233269602060318,0.30049261450767517,0.09876847267150879
YGR089W,YMR117C,1,-4.3576384,0.23473282158374786,0.30295565724372864,0.09876847267150879
YPL204W,YGR089W,1,-4.357718,0.23619048297405243,0.3054187297821045,0.09876847267150879
YER083C,YNL106C,0,-4.358696,0.23574145138263702,0.3054187297821045,0.0990147814154625
YLR246W,YDR140W,0,-4.3588786,0.23529411852359772,0.3054187297821045,0.0992610827088356
YLR032W,YLL040C,0,-4.3597636,0.2348484843969345,0.3054187297821045,0.0995073914527893
YNL038W,YML043C,0,-4.360535,0.2344045341014862,0.3054187297821045,0.09975369274616241
YGL240W,YLR357W,1,-4.3609424,0.2358490526676178,0.30788177251815796,0.09975369274616241
YIR011C,YOL006C,1,-4.3610344,0.23728813230991364,0.3103448152542114,0.09975369274616241
YIL062C,YOL003C,0,-4.362569,0.2368421107530594,0.3103448152542114,0.10000000149011612
YDR164C,YML041C,0,-4.362854,0.23639774322509766,0.3103448152542114,0.10024630278348923
YLL031C,YMR023C,0,-4.363433,0.23595505952835083,0.3103448152542114,0.10049261152744293
YDR252W,YPR107C,0,-4.365466,0.23551401495933533,0.3103448152542114,0.10073891282081604
YLR154C,YPL065W,0,-4.366391,0.23507462441921234,0.3103448152542114,0.10098522156476974
YBL097W,YKL089W,1,-4.3673916,0.23649907112121582,0.3128078877925873,0.10098522156476974
YFR036W,YJR112W,1,-4.369216,0.2379182130098343,0.31527093052864075,0.10098522156476974
YBL085W,YOR368W,0,-4.3710666,0.23747681081295013,0.31527093052864075,0.10123153030872345
YML067C,YGL241W,0,-4.371148,0.2370370328426361,0.31527093052864075,0.10147783160209656
YLR450W,YML019W,0,-4.3711834,0.2365988940000534,0.31527093052864075,0.10172414034605026
YJR147W,YBL011W,0,-4.3717637,0.23616236448287964,0.31527093052864075,0.10197044163942337
YJR094C,YDL005C,0,-4.3718696,0.2357274442911148,0.31527093052864075,0.10221675038337708
YPR179C,YOL065C,0,-4.371973,0.23529411852359772,0.31527093052864075,0.10246305167675018
YDL005C,YDR419W,0,-4.372534,0.23486238718032837,0.31527093052864075,0.10270936042070389
YLR080W,YGR209C,0,-4.3725348,0.23443223536014557,0.31527093052864075,0.102955661714077
YOL006C,YML124C,1,-4.37256,0.23583181202411652,0.3177340030670166,0.102955661714077
YGL240W,YMR117C,1,-4.3733788,0.23722627758979797,0.32019704580307007,0.102955661714077
YIL140W,YNL106C,0,-4.3742905,0.23679417371749878,0.32019704580307007,0.1032019704580307
YIL140W,YCR052W,0,-4.3750343,0.23636363446712494,0.32019704580307007,0.1034482792019844
YOR187W,YKL119C,0,-4.3764615,0.23593465983867645,0.32019704580307007,0.10369458049535751
YER083C,YDR011W,0,-4.3767285,0.23550724983215332,0.32019704580307007,0.10394088923931122
YIR028W,YMR172W,0,-4.3772783,0.23508137464523315,0.32019704580307007,0.10418719053268433
YKR087C,YLL004W,0,-4.377391,0.23465703427791595,0.32019704580307007,0.10443349927663803
YKL092C,YNL073W,0,-4.377847,0.23423422873020172,0.32019704580307007,0.10467980057001114
YMR145C,YJL029C,0,-4.3784127,0.23381294310092926,0.32019704580307007,0.10492610931396484
YDR138W,YOL072W,0,-4.3786864,0.23339317739009857,0.32019704580307007,0.10517241060733795
YLR357W,YIL126W,1,-4.378948,0.23476701974868774,0.32266008853912354,0.10517241060733795
YML077W,YNL283C,0,-4.3792257,0.23434704542160034,0.32266008853912354,0.10541871935129166
YGL075C,YLR363C,0,-4.3797693,0.23392857611179352,0.32266008853912354,0.10566502809524536
YGR098C,YML124C,1,-4.380073,0.23529411852359772,0.3251231610774994,0.10566502809524536
YNL216W,YLR154C,0,-4.3801622,0.23487544059753418,0.3251231610774994,0.10591132938861847
YGL129C,YOR327C,0,-4.3803177,0.23445825278759003,0.3251231610774994,0.10615763813257217
YGL153W,YPR108W,0,-4.382985,0.23404255509376526,0.3251231610774994,0.10640393942594528
YER026C,YER166W,0,-4.383059,0.2336283177137375,0.3251231610774994,0.10665024816989899
YMR145C,YGR077C,0,-4.3830867,0.2332155406475067,0.3251231610774994,0.1068965494632721
YMR129W,YGL233W,0,-4.3830886,0.23280423879623413,0.3251231610774994,0.1071428582072258
YBL097W,YMR048W,1,-4.384411,0.23415492475032806,0.32758620381355286,0.1071428582072258
YOR353C,YPR088C,0,-4.384478,0.23374341428279877,0.32758620381355286,0.10738915950059891
YMR058W,YML074C,0,-4.385417,0.23333333432674408,0.32758620381355286,0.10763546824455261
YDR292C,YHL007C,0,-4.3868303,0.2329246997833252,0.32758620381355286,0.10788177698850632
YDR339C,YPL254W,0,-4.386943,0.23251748085021973,0.32758620381355286,0.10812807828187943
YLL001W,YLR148W,0,-4.387175,0.23211169242858887,0.32758620381355286,0.10837438702583313
YFR036W,YMR117C,1,-4.3874454,0.23344947397708893,0.3300492465496063,0.10837438702583313
YDR219C,YER173W,0,-4.387926,0.23304347693920135,0.3300492465496063,0.10862068831920624
YBR017C,YJL041W,0,-4.3901567,0.2326388955116272,0.3300492465496063,0.10886699706315994
YCR018C,YBR069C,0,-4.3902683,0.23223569989204407,0.3300492465496063,0.10911329835653305
YNR057C,YBR195C,0,-4.3906646,0.23183390498161316,0.3300492465496063,0.10935960710048676
YJR132W,YKR060W,0,-4.391904,0.23143351078033447,0.3300492465496063,0.10960590839385986
YPL115C,YHR123W,0,-4.392086,0.23103448748588562,0.3300492465496063,0.10985221713781357
YLR071C,YMR127C,0,-4.392627,0.2306368350982666,0.3300492465496063,0.11009852588176727
YMR117C,YOL006C,1,-4.3928323,0.2319587618112564,0.3325123190879822,0.11009852588176727
YER173W,YDR494W,0,-4.393327,0.23156088590621948,0.3325123190879822,0.11034482717514038
YLR102C,YKL089W,1,-4.394243,0.232876718044281,0.33497536182403564,0.11034482717514038
YHR058C,YMR127C,0,-4.3943233,0.23247863352298737,0.33497536182403564,0.11059113591909409
YFR036W,YGR098C,1,-4.394761,0.233788400888443,0.3374384343624115,0.11059113591909409
YNL051W,YDL015C,0,-4.3948917,0.23339012265205383,0.3374384343624115,0.1108374372124672
YLR102C,YLR226W,1,-4.3964987,0.23469388484954834,0.33990147709846497,0.1108374372124672
YGL240W,YIR011C,1,-4.39704,0.23599320650100708,0.34236451983451843,0.1108374372124672
YBL097W,YGL240W,1,-4.39843,0.23728813230991364,0.3448275923728943,0.1108374372124672
YOR316C,YOR368W,0,-4.3993473,0.2368866354227066,0.3448275923728943,0.1110837459564209
YPL112C,YGR274C,0,-4.400092,0.23648647964000702,0.3448275923728943,0.111330047249794
YKR035W-A,YHR178W,0,-4.400498,0.23608769476413727,0.3448275923728943,0.11157635599374771
YFL049W,YDR484W,0,-4.4010143,0.23569023609161377,0.3448275923728943,0.11182265728712082
YJL201W,YDR183W,0,-4.4023404,0.23529411852359772,0.3448275923728943,0.11206896603107452
YIR009W,YJL041W,0,-4.4028177,0.23489932715892792,0.3448275923728943,0.11231526732444763
YBR035C,YGR209C,0,-4.4030495,0.23450586199760437,0.3448275923728943,0.11256157606840134
YOR201C,YGR101W,0,-4.403518,0.23411370813846588,0.3448275923728943,0.11280788481235504
YDL174C,YGR046W,0,-4.404111,0.23372286558151245,0.3448275923728943,0.11305418610572815
YLR190W,YGR206W,0,-4.404337,0.23333333432674408,0.3448275923728943,0.11330049484968185
YML112W,YLR182W,0,-4.4047074,0.23294508457183838,0.3448275923728943,0.11354679614305496
YMR059W,YOR089C,0,-4.4051967,0.23255814611911774,0.3448275923728943,0.11379310488700867
YOR381W,YPR179C,0,-4.4053183,0.23217247426509857,0.3448275923728943,0.11403940618038177
YKL145W,YKR037C,0,-4.4087725,0.23178808391094208,0.3448275923728943,0.11428571492433548
YBR086C,YML104C,0,-4.408927,0.23140496015548706,0.3448275923728943,0.11453201621770859
YGR238C,YDR303C,0,-4.4093504,0.23102310299873352,0.3448275923728943,0.11477832496166229
YDL113C,YBL056W,0,-4.410349,0.23064249753952026,0.3448275923728943,0.115024633705616
YOL065C,YLR362W,0,-4.412512,0.23026315867900848,0.3448275923728943,0.1152709349989891
YOR033C,YKL113C,0,-4.412633,0.2298850566148758,0.3448275923728943,0.11551724374294281
YDL046W,YDR334W,0,-4.413065,0.2295081913471222,0.3448275923728943,0.11576354503631592
YHL034C,YJR044C,0,-4.4135485,0.22913256287574768,0.3448275923728943,0.11600985378026962
YGL075C,YOR068C,0,-4.413599,0.22875817120075226,0.3448275923728943,0.11625615507364273
YGR098C,YJL019W,1,-4.414461,0.2300163060426712,0.34729063510894775,0.11625615507364273
YML006C,YIL110W,0,-4.416251,0.22964169085025787,0.34729063510894775,0.11650246381759644
YLR096W,YKR060W,0,-4.4194427,0.22926829755306244,0.34729063510894775,0.11674876511096954
YDL159W,YGR020C,0,-4.419796,0.2288961112499237,0.34729063510894775,0.11699507385492325
YEL069C,YHR079C,0,-4.4209347,0.22852511703968048,0.34729063510894775,0.11724138259887695
YEL069C,YIR008C,0,-4.4214168,0.22815534472465515,0.34729063510894775,0.11748768389225006
YLR363C,YJR043C,0,-4.4219103,0.22778674960136414,0.34729063510894775,0.11773399263620377
YLR229C,YCR052W,0,-4.4235134,0.22741936147212982,0.34729063510894775,0.11798029392957687
YPR073C,YFR004W,0,-4.42609,0.22705313563346863,0.34729063510894775,0.11822660267353058
YOR253W,YPL232W,0,-4.4263134,0.22668810188770294,0.34729063510894775,0.11847290396690369
YKL125W,YGL113W,0,-4.4266496,0.22632423043251038,0.34729063510894775,0.11871921271085739
YDL207W,YMR080C,0,-4.4281354,0.22596153616905212,0.34729063510894775,0.1189655140042305
YLR102C,YGL240W,1,-4.4282584,0.2272000014781952,0.3497537076473236,0.1189655140042305
YMR048W,YER147C,1,-4.4293056,0.2284345030784607,0.3522167503833771,0.1189655140042305
YDR427W,YDR011W,0,-4.4295664,0.22807016968727112,0.3522167503833771,0.1192118227481842
YBR243C,YDR194C,0,-4.4299803,0.22770701348781586,0.3522167503833771,0.11945813149213791
YDR079W,YKR029C,0,-4.4303303,0.22734498977661133,0.3522167503833771,0.11970443278551102
YJL106W,YLR154C,0,-4.4308453,0.22698412835597992,0.3522167503833771,0.11995074152946472
YML011C,YAR003W,0,-4.430859,0.22662439942359924,0.3522167503833771,0.12019704282283783
YJR060W,YGR098C,1,-4.4316382,0.2278480976819992,0.35467979311943054,0.12019704282283783
YDR339C,YHR077C,0,-4.4320536,0.22748814523220062,0.35467979311943054,0.12044335156679153
YGR037C,YDL188C,0,-4.432937,0.22712934017181396,0.35467979311943054,0.12068965286016464
YJR001W,YIL049W,0,-4.4330664,0.22677165269851685,0.35467979311943054,0.12093596160411835
YFR027W,YOL006C,1,-4.433225,0.22798742353916168,0.3571428656578064,0.12093596160411835
YMR227C,YNL247W,0,-4.4340086,0.22762951254844666,0.3571428656578064,0.12118226289749146
YGL043W,YNL163C,0,-4.434802,0.22727273404598236,0.3571428656578064,0.12142857164144516
YBR200W,YIR009W,0,-4.4348927,0.2269170582294464,0.3571428656578064,0.12167488038539886
YIL140W,YBR216C,0,-4.4359326,0.2265625,0.3571428656578064,0.12192118167877197
YGL240W,YFR027W,1,-4.436055,0.22776910662651062,0.35960590839385986,0.12192118167877197
YNL261W,YDR484W,0,-4.436367,0.2274143248796463,0.35960590839385986,0.12216749042272568
YLR096W,YER190W,0,-4.436491,0.22706064581871033,0.35960590839385986,0.12241379171609879
YKL049C,YOL006C,1,-4.4368744,0.22826087474822998,0.36206895112991333,0.12241379171609879
YPL204W,YKL089W,1,-4.43705,0.22945736348628998,0.3645320236682892,0.12241379171609879
YLR102C,YFR027W,1,-4.4383984,0.2306501567363739,0.36699506640434265,0.12241379171609879
YKL007W,YOR115C,0,-4.438657,0.2302936613559723,0.36699506640434265,0.12266010046005249
YDL108W,YDL007W,0,-4.4387226,0.22993826866149902,0.36699506640434265,0.1229064017534256
YJL019W,YCR077C,1,-4.439218,0.23112480342388153,0.3694581389427185,0.1229064017534256
YMR048W,YOL006C,1,-4.4392557,0.23230768740177155,0.371921181678772,0.1229064017534256
YIL049W,YKL119C,0,-4.440675,0.23195084929466248,0.371921181678772,0.1231527104973793
YNL139C,YGR044C,0,-4.441816,0.23159509897232056,0.371921181678772,0.12339901179075241
YJL201W,YKR026C,0,-4.4418535,0.2312404215335846,0.371921181678772,0.12364532053470612
YER027C,YPL254W,0,-4.4418993,0.23088684678077698,0.371921181678772,0.12389162927865982
YDL165W,YKL014C,0,-4.4435573,0.23053434491157532,0.371921181678772,0.12413793057203293
YJL219W,YAR035W,0,-4.443619,0.2301829308271408,0.371921181678772,0.12438423931598663
YKL089W,YGR089W,1,-4.4439554,0.23135463893413544,0.37438422441482544,0.12438423931598663
YNL001W,YDR011W,0,-4.444338,0.2310030460357666,0.37438422441482544,0.12463054060935974
YLR102C,YGR098C,1,-4.444851,0.2321699559688568,0.3768472969532013,0.12463054060935974
YMR100W,YLR383W,0,-4.445648,0.23181818425655365,0.3768472969532013,0.12487684935331345
YML077W,YDL065C,0,-4.447961,0.23146747052669525,0.3768472969532013,0.12512315809726715
YMR048W,YLR357W,1,-4.449493,0.23262840509414673,0.37931033968925476,0.12512315809726715
YJR053W,YGR075C,0,-4.4509864,0.2322775274515152,0.37931033968925476,0.12536945939064026
YPR189W,YMR241W,0,-4.451234,0.23192770779132843,0.37931033968925476,0.12561576068401337
YDL056W,YJL186W,0,-4.452451,0.23157894611358643,0.37931033968925476,0.12586206197738647
YNR016C,YER083C,0,-4.4527225,0.231231227517128,0.37931033968925476,0.12610837817192078
YBL074C,YOR372C,0,-4.4531612,0.23088455200195312,0.37931033968925476,0.12635467946529388
YAL029C,YLR130C,0,-4.453335,0.23053891956806183,0.37931033968925476,0.126600980758667
YKL049C,YER147C,1,-4.453624,0.23168909549713135,0.3817734122276306,0.126600980758667
YOL076W,YER104W,0,-4.4538097,0.23134328424930573,0.3817734122276306,0.1268472969532013
YLR088W,YLR071C,0,-4.454921,0.23099851608276367,0.3817734122276306,0.1270935982465744
YER009W,YMR267W,0,-4.4550867,0.2306547611951828,0.3817734122276306,0.1273398995399475
YER173W,YPL047W,0,-4.4550924,0.2303120344877243,0.3817734122276306,0.12758620083332062
YDR140W,YNL049C,0,-4.456325,0.229970321059227,0.3817734122276306,0.12783251702785492
YJL002C,YGR075C,0,-4.4573727,0.22962963581085205,0.3817734122276306,0.12807881832122803
YCL024W,YDR427W,0,-4.459097,0.2292899340391159,0.3817734122276306,0.12832511961460114
YGL240W,YML124C,1,-4.4591255,0.23042836785316467,0.3842364549636841,0.12832511961460114
YPL178W,YHL038C,0,-4.459648,0.2300885021686554,0.3842364549636841,0.12857143580913544
YPL213W,YER171W,0,-4.4613805,0.2297496348619461,0.3842364549636841,0.12881773710250854
YDR121W,YDL043C,0,-4.461391,0.2294117659330368,0.3842364549636841,0.12906403839588165
YGR098C,YGR089W,1,-4.4618783,0.230543315410614,0.38669949769973755,0.12906403839588165
YMR207C,YNL218W,0,-4.4620357,0.23020528256893158,0.38669949769973755,0.12931033968925476
YGL129C,YPR139C,0,-4.462411,0.22986823320388794,0.38669949769973755,0.12955665588378906
YBL097W,YMR117C,1,-4.462493,0.23099415004253387,0.3891625702381134,0.12955665588378906
YPR189W,YER093C,0,-4.463197,0.2306569367647171,0.3891625702381134,0.12980295717716217
YER014C-A,YMR133W,0,-4.4634156,0.23032070696353912,0.3891625702381134,0.13004925847053528
YGR120C,YLR055C,0,-4.464073,0.22998544573783875,0.3891625702381134,0.1302955597639084
YGL216W,YOR363C,0,-4.4648685,0.22965116798877716,0.3891625702381134,0.1305418759584427
YBL007C,YPR107C,0,-4.464916,0.22931785881519318,0.3891625702381134,0.1307881772518158
YER109C,YER044C-A,0,-4.4655247,0.2289855033159256,0.3891625702381134,0.1310344785451889
YML006C,YNL049C,0,-4.465612,0.22865413129329681,0.3891625702381134,0.1312807947397232
YDR072C,YKR087C,0,-4.4680495,0.22832369804382324,0.3891625702381134,0.1315270960330963
YLR226W,YDR113C,1,-4.4681444,0.2294372320175171,0.39162561297416687,0.1315270960330963
YGL113W,YOR353C,0,-4.469458,0.22910663485527039,0.39162561297416687,0.13177339732646942
YDR507C,YLR363C,0,-4.4695683,0.2287769764661789,0.39162561297416687,0.13201969861984253
YBL097W,YGR089W,1,-4.4699335,0.2298850566148758,0.39408865571022034,0.13201969861984253
YGL129C,YPL120W,0,-4.4712486,0.22955523431301117,0.39408865571022034,0.13226601481437683
YMR129W,YAR003W,0,-4.471599,0.22922636568546295,0.39408865571022034,0.13251231610774994
YPL055C,YPR186C,0,-4.471881,0.22889842092990875,0.39408865571022034,0.13275861740112305
YFR036W,YFR027W,1,-4.472625,0.23000000417232513,0.3965517282485962,0.13275861740112305
YGL240W,YKL089W,1,-4.4736753,0.23109842836856842,0.39901477098464966,0.13275861740112305
YDL165W,YLR039C,0,-4.4739237,0.23076923191547394,0.39901477098464966,0.13300491869449615
YLR032W,YBR216C,0,-4.4745417,0.23044097423553467,0.39901477098464966,0.13325123488903046
YKL113C,YLR396C,0,-4.4747906,0.23011364042758942,0.39901477098464966,0.13349753618240356
YIL150C,YJR132W,0,-4.4753284,0.22978723049163818,0.39901477098464966,0.13374383747577667
YDR323C,YBL052C,0,-4.475443,0.22946175932884216,0.39901477098464966,0.13399015367031097
YJR013W,YGL168W,0,-4.476473,0.22913719713687897,0.39901477098464966,0.13423645496368408
YER014C-A,YNL139C,0,-4.476969,0.2288135588169098,0.39901477098464966,0.1344827562570572
YNL216W,YNL272C,0,-4.4789095,0.22849082946777344,0.39901477098464966,0.1347290575504303
YMR117C,YIR011C,1,-4.47956,0.2295774668455124,0.4014778435230255,0.1347290575504303
YMR168C,YDL209C,0,-4.4797244,0.2292545735836029,0.4014778435230255,0.1349753737449646
YNR033W,YBR288C,0,-4.479774,0.22893258929252625,0.4014778435230255,0.1352216750383377
YNL133C,YFL018W-A,0,-4.4804764,0.22861149907112122,0.4014778435230255,0.13546797633171082
YMR213W,YGL211W,0,-4.480855,0.228291317820549,0.4014778435230255,0.13571429252624512
YIL062C,YGR080W,0,-4.480989,0.22797203063964844,0.4014778435230255,0.13596059381961823
YKL213C,YBR126C,0,-4.4813595,0.2276536375284195,0.4014778435230255,0.13620689511299133
YKL201C,YMR133W,0,-4.4814634,0.227336123585701,0.4014778435230255,0.13645319640636444
YGL158W,YLR119W,0,-4.4817266,0.2270195037126541,0.4014778435230255,0.13669951260089874
YGL112C,YKR001C,0,-4.481819,0.22670374810695648,0.4014778435230255,0.13694581389427185
YBR086C,YGL112C,0,-4.481936,0.22638888657093048,0.4014778435230255,0.13719211518764496
YNL133C,YNL177C,0,-4.4822745,0.22607488930225372,0.4014778435230255,0.13743841648101807
YLR246W,YDR217C,0,-4.4825926,0.2257617712020874,0.4014778435230255,0.13768473267555237
YNL106C,YNL169C,0,-4.4831944,0.22544951736927032,0.4014778435230255,0.13793103396892548
YER172C,YML076C,0,-4.483742,0.2251381278038025,0.4014778435230255,0.13817733526229858
YBL099W,YGR101W,0,-4.4839206,0.2248275876045227,0.4014778435230255,0.13842365145683289
YKL046C,YBL046W,0,-4.4849434,0.22451791167259216,0.4014778435230255,0.138669952750206
YGR089W,YIL126W,1,-4.48518,0.22558459639549255,0.403940886259079,0.138669952750206
YHR166C,YJR112W,1,-4.4855204,0.22664834558963776,0.40640392899513245,0.138669952750206
YJL071W,YGL130W,0,-4.4861703,0.22633744776248932,0.40640392899513245,0.1389162540435791
YIL140W,YGR165W,0,-4.486268,0.22602739930152893,0.40640392899513245,0.1391625553369522
YJL073W,YAL029C,0,-4.486669,0.2257182002067566,0.40640392899513245,0.1394088715314865
YPL204W,YLR357W,1,-4.4868045,0.22677595913410187,0.4088670015335083,0.1394088715314865
YOR067C,YOR043W,0,-4.487257,0.2264665812253952,0.4088670015335083,0.13965517282485962
YNL051W,YNL036W,0,-4.4878893,0.2261580377817154,0.4088670015335083,0.13990147411823273
YBL082C,YPR024W,0,-4.4880657,0.22585034370422363,0.4088670015335083,0.14014779031276703
YDR384C,YNR060W,0,-4.4887133,0.22554348409175873,0.4088670015335083,0.14039409160614014
YGL216W,YPR088C,0,-4.489482,0.22523744404315948,0.4088670015335083,0.14064039289951324
YAR014C,YNL325C,0,-4.4896255,0.2249322533607483,0.4088670015335083,0.14088669419288635
YDR138W,YCL061C,0,-4.4912243,0.22462788224220276,0.4088670015335083,0.14113301038742065
YIL115C,YDR395W,0,-4.4920535,0.2243243306875229,0.4088670015335083,0.14137931168079376
YFR027W,YOR156C,1,-4.4930863,0.2253711223602295,0.41133004426956177,0.14137931168079376
YMR030W,YPL176C,0,-4.4940577,0.2250673919916153,0.41133004426956177,0.14162561297416687
YKL049C,YML124C,1,-4.494995,0.22611036896705627,0.4137931168079376,0.14162561297416687
YDR113C,YER147C,1,-4.495344,0.2271505445241928,0.4162561595439911,0.14162561297416687
YGL240W,YJR112W,1,-4.496207,0.2281879186630249,0.41871920228004456,0.14162561297416687
YML077W,YLR453C,0,-4.4974213,0.2278820425271988,0.41871920228004456,0.14187191426753998
YNL314W,YOR115C,0,-4.498164,0.22757697105407715,0.41871920228004456,0.14211823046207428
YKL052C,YDR071C,0,-4.4985642,0.22727273404598236,0.41871920228004456,0.1423645317554474
YDR323C,YLR071C,0,-4.499035,0.22696928679943085,0.41871920228004456,0.1426108330488205
YLR226W,YFR036W,1,-4.499275,0.2280000001192093,0.4211822748184204,0.1426108330488205
YER104W,YPL047W,0,-4.4992914,0.22769640386104584,0.4211822748184204,0.1428571492433548
YFR009W,YBL004W,0,-4.4999113,0.22739361226558685,0.4211822748184204,0.1431034505367279
YIL115C,YDL065C,0,-4.5009155,0.22709164023399353,0.4211822748184204,0.143349751830101
YLR450W,YBR035C,0,-4.5009375,0.22679045796394348,0.4211822748184204,0.14359605312347412
YLR361C,YNL283C,0,-4.501789,0.2264900654554367,0.4211822748184204,0.14384236931800842
YOR237W,YGL051W,0,-4.5018387,0.2261904776096344,0.4211822748184204,0.14408867061138153
YGL241W,YGR231C,0,-4.5026593,0.22589167952537537,0.4211822748184204,0.14433497190475464
YIL049W,YDL224C,0,-4.502985,0.2255936712026596,0.4211822748184204,0.14458128809928894
YGL113W,YHR111W,0,-4.5041323,0.22529643774032593,0.4211822748184204,0.14482758939266205
YML077W,YNL038W,0,-4.504748,0.22499999403953552,0.4211822748184204,0.14507389068603516
YDR016C,YIL121W,0,-4.5058813,0.2247043401002884,0.4211822748184204,0.14532019197940826
YAL029C,YCR018C,0,-4.5065007,0.22440944612026215,0.4211822748184204,0.14556650817394257
YJL019W,YML085C,1,-4.506586,0.22542594373226166,0.4236453175544739,0.14556650817394257
YKL149C,YDL065C,0,-4.5081587,0.22513088583946228,0.4236453175544739,0.14581280946731567
YIL049W,YER104W,0,-4.509894,0.22483660280704498,0.4236453175544739,0.14605911076068878
YFR047C,YER052C,0,-4.510166,0.22454307973384857,0.4236453175544739,0.1463054120540619
YPL055C,YDR392W,0,-4.511087,0.22425033152103424,0.4236453175544739,0.1465517282485962
YGR183C,YLR305C,0,-4.513094,0.2239583283662796,0.4236453175544739,0.1467980295419693
YER143W,YJR043C,0,-4.5135,0.22366710007190704,0.4236453175544739,0.1470443308353424
YDR164C,YLR383W,0,-4.5137725,0.22337661683559418,0.4236453175544739,0.1472906470298767
YLL004W,YNL169C,0,-4.514121,0.2230868935585022,0.4236453175544739,0.14753694832324982
YDR043C,YDR436W,0,-4.5142717,0.2227979302406311,0.4236453175544739,0.14778324961662292
YCR077C,YDR113C,1,-4.515072,0.2238033562898636,0.42610836029052734,0.14778324961662292
YHR164C,YBR173C,0,-4.515167,0.22351421415805817,0.42610836029052734,0.14802955090999603
YFR027W,YCR077C,1,-4.5164657,0.2245161235332489,0.4285714328289032,0.14802955090999603
YJL179W,YLR376C,0,-4.5176506,0.22422680258750916,0.4285714328289032,0.14827586710453033
YBL011W,YMR273C,0,-4.518664,0.2239382266998291,0.4285714328289032,0.14852216839790344
YBL097W,YLR226W,1,-4.519433,0.22493572533130646,0.43103447556495667,0.14852216839790344
YBR086C,YBR265W,0,-4.520243,0.22464698553085327,0.43103447556495667,0.14876846969127655
YHR206W,YKL014C,0,-4.5206733,0.22435897588729858,0.43103447556495667,0.14901477098464966
YGL206C,YGL104C,0,-4.5223265,0.2240716964006424,0.43103447556495667,0.14926108717918396
YGL191W,YNL071W,0,-4.522423,0.2237851619720459,0.43103447556495667,0.14950738847255707
YLR189C,YOR231W,0,-4.523817,0.2234993577003479,0.43103447556495667,0.14975368976593018
YDR364C,YMR192W,0,-4.5242596,0.2232142835855484,0.43103447556495667,0.15000000596046448
YOL100W,YAR044W,0,-4.5249443,0.2229299396276474,0.43103447556495667,0.15024630725383759
YBL007C,YKR050W,0,-4.5261693,0.2226463109254837,0.43103447556495667,0.1504926085472107
YER145C,YPR179C,0,-4.528081,0.2223634123802185,0.43103447556495667,0.1507389098405838
YOL111C,YOR117W,0,-4.5287704,0.22208121418952942,0.43103447556495667,0.1509852260351181
YJR105W,YHR072W-A,0,-4.5290284,0.22179974615573883,0.43103447556495667,0.1512315273284912
YJL039C,YBR265W,0,-4.5295014,0.22151899337768555,0.43103447556495667,0.15147782862186432
YGR098C,YCR077C,1,-4.52969,0.2225031554698944,0.4334975481033325,0.15147782862186432
YBL097W,YFR027W,1,-4.5296903,0.2234848439693451,0.435960590839386,0.15147782862186432
YDR221W,YER100W,0,-4.5302024,0.22320303320884705,0.435960590839386,0.15172414481639862
YHR108W,YJL002C,0,-4.530347,0.22292190790176392,0.435960590839386,0.15197044610977173
YMR030W,YBL007C,0,-4.530877,0.22264151275157928,0.435960590839386,0.15221674740314484
YHR166C,YPL204W,1,-4.531178,0.22361809015274048,0.43842363357543945,0.15221674740314484
YNL038W,YGR172C,0,-4.531782,0.22333751618862152,0.43842363357543945,0.15246304869651794
YML104C,YBR055C,0,-4.532767,0.22305764257907867,0.43842363357543945,0.15270936489105225
YKL013C,YNL291C,0,-4.533113,0.22277846932411194,0.43842363357543945,0.15295566618442535
YGR238C,YGL213C,0,-4.5331507,0.2224999964237213,0.43842363357543945,0.15320196747779846
YOR033C,YBL052C,0,-4.5332813,0.2222222238779068,0.43842363357543945,0.15344826877117157
YER118C,YLR045C,0,-4.5335083,0.2219451367855072,0.43842363357543945,0.15369458496570587
YGR253C,YJR044C,0,-4.53438,0.22166873514652252,0.43842363357543945,0.15394088625907898
YIL062C,YJR043C,0,-4.534684,0.22139303386211395,0.43842363357543945,0.1541871875524521
YBR086C,YOR288C,0,-4.5347853,0.2211180180311203,0.43842363357543945,0.1544335037469864
YPL214C,YOR068C,0,-4.535285,0.22084367275238037,0.43842363357543945,0.1546798050403595
YAL020C,YIL115C,0,-4.5355234,0.22057001292705536,0.43842363357543945,0.1549261063337326
YPL204W,YOL006C,1,-4.535802,0.22153465449810028,0.4408867061138153,0.1549261063337326
YKR037C,YGL104C,0,-4.5361986,0.22126081585884094,0.4408867061138153,0.1551724076271057
YGL211W,YBR043C,0,-4.53678,0.22098764777183533,0.4408867061138153,0.15541872382164001
YER122C,YKR029C,0,-4.5374775,0.22071516513824463,0.4408867061138153,0.15566502511501312
YER027C,YPL164C,0,-4.537594,0.22044335305690765,0.4408867061138153,0.15591132640838623
YEL069C,YML109W,0,-4.5379934,0.2201721966266632,0.4408867061138153,0.15615764260292053
YER147C,YMR117C,1,-4.538306,0.22113022208213806,0.4433497488498688,0.15615764260292053
YML094W,YDR311W,0,-4.538376,0.22085890173912048,0.4433497488498688,0.15640394389629364
YKR099W,YKL068W,0,-4.5383863,0.22058823704719543,0.4433497488498688,0.15665024518966675
YLR385C,YJL012C,0,-4.5400276,0.2203182429075241,0.4433497488498688,0.15689654648303986
YKR029C,YAR003W,0,-4.540315,0.2200489044189453,0.4433497488498688,0.15714286267757416
YML115C,YBR216C,0,-4.5403256,0.21978022158145905,0.4433497488498688,0.15738916397094727
YJR112W,YGR089W,1,-4.5404363,0.2207317054271698,0.44581282138824463,0.15738916397094727
YPR175W,YHR058C,0,-4.5409393,0.2204628437757492,0.44581282138824463,0.15763546526432037
YPR056W,YOR359W,0,-4.541262,0.22019465267658234,0.44581282138824463,0.15788176655769348
YDR099W,YJL005W,0,-4.5422974,0.2199271023273468,0.44581282138824463,0.15812808275222778
YFR027W,YML085C,1,-4.542447,0.22087378799915314,0.4482758641242981,0.15812808275222778
YLL001W,YNL287W,0,-4.543439,0.22060605883598328,0.4482758641242981,0.1583743840456009
YOR120W,YPL249C,0,-4.543746,0.22033898532390594,0.4482758641242981,0.158620685338974
YMR292W,YHR072W-A,0,-4.5438547,0.22007255256175995,0.4482758641242981,0.1588670015335083
YEL069C,YNL283C,0,-4.5441103,0.2198067605495453,0.4482758641242981,0.1591133028268814
YOR298W,YDR176W,0,-4.5444856,0.21954160928726196,0.4482758641242981,0.15935960412025452
YDR501W,YCR035C,0,-4.5448112,0.21927711367607117,0.4482758641242981,0.15960590541362762
YPR021C,YPL092W,0,-4.54499,0.2190132439136505,0.4482758641242981,0.15985222160816193
YMR309C,YGR272C,0,-4.545355,0.21875,0.4482758641242981,0.16009852290153503
YMR200W,YMR125W,0,-4.545571,0.21848739683628082,0.4482758641242981,0.16034482419490814
YJL019W,YER147C,1,-4.545653,0.21942445635795593,0.45073890686035156,0.16034482419490814
YJR001W,YPL175W,0,-4.546753,0.21916167438030243,0.45073890686035156,0.16059114038944244
YKL206C,YPL028W,0,-4.5474243,0.21889951825141907,0.45073890686035156,0.16083744168281555
YKL046C,YBR188C,0,-4.5474586,0.21863798797130585,0.45073890686035156,0.16108374297618866
YHR133C,YHR206W,0,-4.548992,0.21837708353996277,0.45073890686035156,0.16133004426956177
YNL261W,YMR059W,0,-4.5491967,0.21811680495738983,0.45073890686035156,0.16157636046409607
YGL017W,YER040W,0,-4.5493236,0.21785713732242584,0.45073890686035156,0.16182266175746918
YJL110C,YPR168W,0,-4.551604,0.217598095536232,0.45073890686035156,0.16206896305084229
YDL209C,YOR259C,0,-4.5516386,0.2173396646976471,0.45073890686035156,0.1623152643442154
YMR048W,YJL019W,1,-4.5516534,0.21826809644699097,0.4532019793987274,0.1623152643442154
YBL097W,YIL126W,1,-4.552539,0.21919430792331696,0.4556650221347809,0.1623152643442154
YML077W,YJR044C,0,-4.5539875,0.21893490850925446,0.4556650221347809,0.1625615805387497
YGL168W,YLR071C,0,-4.5540447,0.2186761200428009,0.4556650221347809,0.1628078818321228
YPR143W,YFL018W-A,0,-4.554155,0.2184179425239563,0.4556650221347809,0.1630541831254959
YOR174W,YDR447C,0,-4.5552745,0.21816037595272064,0.4556650221347809,0.1633004993200302
YKL007W,YKL130C,0,-4.556322,0.21790342032909393,0.4556650221347809,0.16354680061340332
YDL164C,YER166W,0,-4.556656,0.21764706075191498,0.4556650221347809,0.16379310190677643
YDL092W,YJL056C,0,-4.5568075,0.21739129722118378,0.4556650221347809,0.16403940320014954
YML043C,YLR224W,0,-4.55691,0.21713614463806152,0.4556650221347809,0.16428571939468384
YER044C-A,YDR164C,0,-4.5572767,0.21688158810138702,0.4556650221347809,0.16453202068805695
YAL011W,YML115C,0,-4.558437,0.21662762761116028,0.4556650221347809,0.16477832198143005
YKR083C,YDR138W,0,-4.558841,0.2163742631673813,0.4556650221347809,0.16502462327480316
YMR058W,YER190W,0,-4.558895,0.21612149477005005,0.4556650221347809,0.16527093946933746
YLR226W,YKL049C,1,-4.559253,0.217036172747612,0.45812806487083435,0.16527093946933746
YMR117C,YML085C,1,-4.5601625,0.21794871985912323,0.4605911374092102,0.16527093946933746
YMR128W,YGL113W,0,-4.561045,0.21769499778747559,0.4605911374092102,0.16551724076271057
YNL048W,YBL030C,0,-4.5611916,0.2174418568611145,0.4605911374092102,0.16576354205608368
YER166W,YLR113W,0,-4.5614815,0.21718931198120117,0.4605911374092102,0.16600985825061798
YHR164C,YIL121W,0,-4.5618477,0.2169373482465744,0.4605911374092102,0.1662561595439911
YLR427W,YDR303C,0,-4.561987,0.21668598055839539,0.4605911374092102,0.1665024608373642
YKL213C,YBL011W,0,-4.5624633,0.21643517911434174,0.4605911374092102,0.1667487621307373
YML006C,YNL002C,0,-4.562953,0.21618497371673584,0.4605911374092102,0.1669950783252716
YML006C,YBR080C,0,-4.5631404,0.2159353345632553,0.4605911374092102,0.16724137961864471
YOR126C,YLR165C,0,-4.5633616,0.21568627655506134,0.4605911374092102,0.16748768091201782
YBR084W,YBR119W,0,-4.56615,0.21543778479099274,0.4605911374092102,0.16773399710655212
YPR051W,YPL175W,0,-4.5665755,0.2151898741722107,0.4605911374092102,0.16798029839992523
YMR207C,YGL153W,0,-4.5667744,0.21494252979755402,0.4605911374092102,0.16822659969329834
YBR247C,YDR311W,0,-4.566826,0.2146957516670227,0.4605911374092102,0.16847290098667145
YKL130C,YDR080W,0,-4.566869,0.21444953978061676,0.4605911374092102,0.16871921718120575
YOR253W,YPR056W,0,-4.567321,0.21420389413833618,0.4605911374092102,0.16896551847457886
YGL216W,YMR004W,0,-4.568115,0.21395881474018097,0.4605911374092102,0.16921181976795197
YJR060W,YMR048W,1,-4.5688996,0.21485714614391327,0.46305418014526367,0.16921181976795197
YHR164C,YKR082W,0,-4.569145,0.21461187303066254,0.46305418014526367,0.16945812106132507
YBL046W,YFL018W-A,0,-4.570419,0.21436716616153717,0.46305418014526367,0.16970443725585938
YFR027W,YIR011C,1,-4.570464,0.21526196599006653,0.4655172526836395,0.16970443725585938
YDR038C,YER190W,0,-4.5704784,0.21501706540584564,0.4655172526836395,0.16995073854923248
YER109C,YER093C,0,-4.5713634,0.21477273106575012,0.4655172526836395,0.1701970398426056
YKL089W,YML085C,1,-4.572017,0.21566401422023773,0.467980295419693,0.1701970398426056
YBL071W-A,YLR154C,0,-4.5724325,0.21541950106620789,0.467980295419693,0.1704433560371399
YBR288C,YPL084W,0,-4.5729113,0.2151755392551422,0.467980295419693,0.170689657330513
YGL240W,YOR156C,1,-4.5729275,0.21606335043907166,0.47044333815574646,0.170689657330513
YER056C,YLR224W,0,-4.573412,0.21581920981407166,0.47044333815574646,0.1709359586238861
YGL133W,YNL177C,0,-4.573534,0.21557562053203583,0.47044333815574646,0.17118225991725922
YPR051W,YER129W,0,-4.5740557,0.21533258259296417,0.47044333815574646,0.17142857611179352
YOR316C,YFR009W,0,-4.574333,0.2150900959968567,0.47044333815574646,0.17167487740516663
YGL216W,YHL028W,0,-4.574913,0.21484814584255219,0.47044333815574646,0.17192117869853973
YLR226W,YBR156C,1,-4.575323,0.21573033928871155,0.4729064106941223,0.17192117869853973
YDR252W,YCL052C,0,-4.5762544,0.21548821032047272,0.4729064106941223,0.17216749489307404
YLR096W,YJL012C,0,-4.576483,0.21524663269519806,0.4729064106941223,0.17241379618644714
YNL314W,YGL233W,0,-4.577299,0.21500560641288757,0.4729064106941223,0.17266009747982025
YBL088C,YPR107C,0,-4.5777044,0.21476510167121887,0.4729064106941223,0.17290639877319336
YNR013C,YCR035C,0,-4.577734,0.21452513337135315,0.4729064106941223,0.17315271496772766
YLR450W,YGR221C,0,-4.5779104,0.2142857164144516,0.4729064106941223,0.17339901626110077
YCR020C,YPL047W,0,-4.578319,0.21404682099819183,0.4729064106941223,0.17364531755447388
YFR001W,YIL115C,0,-4.578519,0.21380846202373505,0.4729064106941223,0.17389161884784698
YPL057C,YEL013W,0,-4.578847,0.21357063949108124,0.4729064106941223,0.1741379350423813
YDL095W,YOR068C,0,-4.578875,0.2133333384990692,0.4729064106941223,0.1743842363357544
YNR032C-A,YNL066W,0,-4.579942,0.21309655904769897,0.4729064106941223,0.1746305376291275
YGL075C,YLR148W,0,-4.582153,0.2128603160381317,0.4729064106941223,0.1748768538236618
YCR077C,YIL126W,1,-4.5823426,0.21373200416564941,0.4753694534301758,0.1748768538236618
YNR032C-A,YPL045W,0,-4.582408,0.21349558234214783,0.4753694534301758,0.1751231551170349
YOL065C,YJL173C,0,-4.5825257,0.21325966715812683,0.4753694534301758,0.17536945641040802
YOR253W,YGR020C,0,-4.584319,0.2130242884159088,0.4753694534301758,0.17561575770378113
YLR210W,YNR032C-A,0,-4.5859027,0.2127894163131714,0.4753694534301758,0.17586207389831543
YDR198C,YFL018W-A,0,-4.5859694,0.21255506575107574,0.4753694534301758,0.17610837519168854
YJL002C,YDR088C,0,-4.585988,0.2123212367296219,0.4753694534301758,0.17635467648506165
YJL039C,YDR164C,0,-4.5861254,0.21208791434764862,0.4753694534301758,0.17660097777843475
YML042W,YER030W,0,-4.586284,0.21185509860515594,0.4753694534301758,0.17684729397296906
YDR295C,YNL106C,0,-4.586293,0.21162280440330505,0.4753694534301758,0.17709359526634216
YPR189W,YBR265W,0,-4.586563,0.21139101684093475,0.4753694534301758,0.17733989655971527
YDL165W,YKL149C,0,-4.5872064,0.21115973591804504,0.4753694534301758,0.17758621275424957
YPL053C,YML058W,0,-4.58749,0.21092896163463593,0.4753694534301758,0.17783251404762268
YGL017W,YFR037C,0,-4.5881023,0.2106986939907074,0.4753694534301758,0.1780788153409958
YGR193C,YKL140W,0,-4.58829,0.21046891808509827,0.4753694534301758,0.1783251166343689
YJR001W,YKL007W,0,-4.5896597,0.21023964881896973,0.4753694534301758,0.1785714328289032
YML036W,YBL090W,0,-4.5897007,0.21001088619232178,0.4753694534301758,0.1788177341222763
YJL095W,YMR200W,0,-4.5897827,0.20978261530399323,0.4753694534301758,0.17906403541564941
YGR221C,YKR001C,0,-4.5900187,0.20955483615398407,0.4753694534301758,0.17931035161018372
YJR043C,YPL002C,0,-4.5902467,0.2093275487422943,0.4753694534301758,0.17955665290355682
YFL022C,YNL218W,0,-4.5910244,0.20910075306892395,0.4753694534301758,0.17980295419692993
YML104C,YLL006W,0,-4.59111,0.20887446403503418,0.4753694534301758,0.18004925549030304
YLR039C,YER021W,0,-4.5919194,0.2086486518383026,0.4753694534301758,0.18029557168483734
YHR038W,YDR292C,0,-4.591972,0.20842333137989044,0.4753694534301758,0.18054187297821045
YHR088W,YPR189W,0,-4.592177,0.20819848775863647,0.4753694534301758,0.18078817427158356
YGL240W,YIL126W,1,-4.5932846,0.2090517282485962,0.47783252596855164,0.18078817427158356
YCR005C,YDR483W,0,-4.5951843,0.2088266909122467,0.47783252596855164,0.18103447556495667
YER014C-A,YMR239C,0,-4.59521,0.2086021453142166,0.47783252596855164,0.18128079175949097
YMR117C,YIL126W,1,-4.595282,0.20945219695568085,0.4802955687046051,0.18128079175949097
YLL035W,YAR003W,0,-4.595317,0.20922747254371643,0.4802955687046051,0.18152709305286407
YML094W,YOR368W,0,-4.5955076,0.20900321006774902,0.4802955687046051,0.18177339434623718
YLR013W,YEL020W-A,0,-4.596077,0.208779439330101,0.4802955687046051,0.18201971054077148
YKL046C,YML041C,0,-4.597581,0.2085561454296112,0.4802955687046051,0.1822660118341446
YBL097W,YHR166C,1,-4.5981417,0.2094017118215561,0.48275861144065857,0.1822660118341446
YLR226W,YPL204W,1,-4.598175,0.21024546027183533,0.4852216839790344,0.1822660118341446
YLR055C,YNL246W,0,-4.5991087,0.21002131700515747,0.4852216839790344,0.1825123131275177
YGL168W,YHR133C,0,-4.5991793,0.20979765057563782,0.4852216839790344,0.1827586144208908
YER044C-A,YMR247C,0,-4.5994897,0.20957446098327637,0.4852216839790344,0.1830049306154251
YJL019W,YOR156C,1,-4.5995235,0.21041445434093475,0.4876847267150879,0.1830049306154251
YML048W,YDL159W,0,-4.6000237,0.21019108593463898,0.4876847267150879,0.18325123190879822
YPR167C,YIR009W,0,-4.600405,0.2099681794643402,0.4876847267150879,0.18349753320217133
YER166W,YGL253W,0,-4.6004453,0.20974576473236084,0.4876847267150879,0.18374384939670563
YMR081C,YAR035W,0,-4.600648,0.20952381193637848,0.4876847267150879,0.18399015069007874
YNL261W,YGR042W,0,-4.601071,0.20930232107639313,0.4876847267150879,0.18423645198345184
YDR121W,YHR069C,0,-4.6020803,0.20908130705356598,0.4876847267150879,0.18448275327682495
YBR200W,YER014C-A,0,-4.602423,0.20886075496673584,0.4876847267150879,0.18472906947135925
YLR182W,YOL125W,0,-4.603513,0.2086406797170639,0.4876847267150879,0.18497537076473236
YHL020C,YLR398C,0,-4.604999,0.20842105150222778,0.4876847267150879,0.18522167205810547
YCL011C,YDR217C,0,-4.605969,0.20820190012454987,0.4876847267150879,0.18546797335147858
YDL165W,YKR060W,0,-4.606468,0.20798319578170776,0.4876847267150879,0.18571428954601288
YGR089W,YLR357W,1,-4.606569,0.20881426334381104,0.49014776945114136,0.18571428954601288
YER122C,YBR215W,0,-4.6066794,0.2085953950881958,0.49014776945114136,0.185960590839386
YHR166C,YML085C,1,-4.6075053,0.20942407846450806,0.4926108419895172,0.185960590839386
YDR292C,YOL109W,0,-4.607701,0.2092050164937973,0.4926108419895172,0.1862068921327591
YGL222C,YIL125W,0,-4.609607,0.20898641645908356,0.4926108419895172,0.1864532083272934
YGR101W,YGL153W,0,-4.6098204,0.20876826345920563,0.4926108419895172,0.1866995096206665
YIR008C,YLR039C,0,-4.610495,0.2085505723953247,0.4926108419895172,0.1869458109140396
YER154W,YPR088C,0,-4.610569,0.2083333283662796,0.4926108419895172,0.18719211220741272
YPR031W,YKL075C,0,-4.610795,0.2081165462732315,0.4926108419895172,0.18743842840194702
YKR082W,YEL020W-A,0,-4.6119127,0.20790021121501923,0.4926108419895172,0.18768472969532013
YPL204W,YMR117C,1,-4.613471,0.20872274041175842,0.4950738847255707,0.18768472969532013
YGR193C,YLR313C,0,-4.6139903,0.20850622653961182,0.4950738847255707,0.18793103098869324
YNL051W,YLL004W,0,-4.6142616,0.20829015970230103,0.4950738847255707,0.18817734718322754
YLR226W,YHR166C,1,-4.614479,0.20910972356796265,0.49753695726394653,0.18817734718322754
YDL024C,YDL065C,0,-4.614837,0.20889347791671753,0.49753695726394653,0.18842364847660065
YPR176C,YPR024W,0,-4.6148777,0.20867767930030823,0.49753695726394653,0.18866994976997375
YLR226W,YOL006C,1,-4.6151795,0.20949432253837585,0.5,0.18866994976997375
YFR027W,YBR156C,1,-4.6154394,0.21030928194522858,0.5024630427360535,0.18866994976997375
YJR013W,YDL056W,0,-4.615488,0.210092693567276,0.5024630427360535,0.18891625106334686
YBL071W-A,YJR143C,0,-4.617129,0.20987653732299805,0.5024630427360535,0.18916256725788116
YCL029C,YBR080C,0,-4.6171722,0.2096608430147171,0.5024630427360535,0.18940886855125427
YLR246W,YOR363C,0,-4.617551,0.20944558084011078,0.5024630427360535,0.18965516984462738
YBR017C,YOR151C,0,-4.6178656,0.20923076570034027,0.5024630427360535,0.1899014711380005
YLR361C,YLL040C,0,-4.617968,0.20901639759540558,0.5024630427360535,0.1901477873325348
YOR112W,YDR140W,0,-4.6189303,0.2088024616241455,0.5024630427360535,0.1903940886259079
YDR219C,YMR129W,0,-4.6194754,0.20858895778656006,0.5024630427360535,0.190640389919281
YPL196W,YMR133W,0,-4.6196113,0.20837590098381042,0.5024630427360535,0.1908867061138153
YHR166C,YOR156C,1,-4.619722,0.2091836780309677,0.5049260854721069,0.1908867061138153
YOR231W,YER129W,0,-4.619728,0.20897044241428375,0.5049260854721069,0.19113300740718842
YLR210W,YDR412W,0,-4.6198726,0.20875763893127441,0.5049260854721069,0.19137930870056152
YGL130W,YPR107C,0,-4.620184,0.2085452675819397,0.5049260854721069,0.19162560999393463
YOR316C,YDR503C,0,-4.6208935,0.2083333283662796,0.5049260854721069,0.19187192618846893
YGL133W,YGR231C,0,-4.621809,0.20812182128429413,0.5049260854721069,0.19211822748184204
YCR077C,YML124C,1,-4.6220684,0.20892494916915894,0.5073891878128052,0.19211822748184204
YCR077C,YMR117C,1,-4.6222057,0.20972643792629242,0.5098522305488586,0.19211822748184204
YDR483W,YHL034C,0,-4.622829,0.20951417088508606,0.5098522305488586,0.19236452877521515
YHL022C,YDR080W,0,-4.6231546,0.20930232107639313,0.5098522305488586,0.19261083006858826
YJL071W,YFR037C,0,-4.6235523,0.20909090340137482,0.5098522305488586,0.19285714626312256
YLR119W,YPR139C,0,-4.624052,0.20887991786003113,0.5098522305488586,0.19310344755649567
YGR257C,YOR153W,0,-4.6242867,0.20866934955120087,0.5098522305488586,0.19334974884986877
YCR077C,YML085C,1,-4.624357,0.20946626365184784,0.5123152732849121,0.19334974884986877
YBR153W,YKL145W,0,-4.6250896,0.20925553143024445,0.5123152732849121,0.19359606504440308
YIL115C,YOR261C,0,-4.625489,0.20904523134231567,0.5123152732849121,0.19384236633777618
YHR206W,YDR463W,0,-4.62591,0.20883534848690033,0.5123152732849121,0.1940886676311493
YEL020W-A,YBR216C,0,-4.6276503,0.2086258828639984,0.5123152732849121,0.1943349689245224
YLR276C,YKR037C,0,-4.628125,0.20841683447360992,0.5123152732849121,0.1945812851190567
YJL073W,YJL056C,0,-4.6286607,0.20820820331573486,0.5123152732849121,0.1948275864124298
YMR100W,YPR088C,0,-4.6315074,0.20800000429153442,0.5123152732849121,0.19507388770580292
YCR035C,YDR080W,0,-4.632093,0.20779220759868622,0.5123152732849121,0.19532020390033722
YOR240W,YHL007C,0,-4.6320963,0.20758482813835144,0.5123152732849121,0.19556650519371033
YKL092C,YGL168W,0,-4.63218,0.2073778659105301,0.5123152732849121,0.19581280648708344
YHR108W,YDR517W,0,-4.633543,0.20717132091522217,0.5123152732849121,0.19605910778045654
YPL232W,YER093C,0,-4.6337037,0.20696517825126648,0.5123152732849121,0.19630542397499084
YFL038C,YPR107C,0,-4.6342125,0.20675943791866302,0.5123152732849121,0.19655172526836395
YLL038C,YJL176C,0,-4.6342793,0.206554114818573,0.5123152732849121,0.19679802656173706
YML011C,YNL313C,0,-4.6348343,0.2063492089509964,0.5123152732849121,0.19704432785511017
YBL097W,YDR113C,1,-4.6349926,0.20713578164577484,0.5147783160209656,0.19704432785511017
YMR023C,YLR071C,0,-4.6350265,0.20693069696426392,0.5147783160209656,0.19729064404964447
YKL046C,YGR183C,0,-4.6354675,0.20672601461410522,0.5147783160209656,0.19753694534301758
YFR004W,YLR398C,0,-4.635695,0.20652173459529877,0.5147783160209656,0.19778324663639069
YHR166C,YIL126W,1,-4.6365895,0.20730502903461456,0.517241358757019,0.19778324663639069
YOR143C,YKL075C,0,-4.637601,0.20710058510303497,0.517241358757019,0.198029562830925
YOL065C,YGL129C,0,-4.637643,0.2068965584039688,0.517241358757019,0.1982758641242981
YPR176C,YEL020W-A,0,-4.638847,0.2066929191350937,0.517241358757019,0.1985221654176712
YJL106W,YCL052C,0,-4.6389704,0.2064896821975708,0.517241358757019,0.1987684667110443
YPR186C,YDL159W,0,-4.639491,0.20628683269023895,0.517241358757019,0.1990147829055786
YOR058C,YDR045C,0,-4.6396456,0.20608440041542053,0.517241358757019,0.19926108419895172
YJR052W,YPR056W,0,-4.6402645,0.20588235557079315,0.517241358757019,0.19950738549232483
YPR176C,YPL041C,0,-4.640519,0.2056806981563568,0.517241358757019,0.19975370168685913
YLR189C,YBR216C,0,-4.6407213,0.2054794579744339,0.517241358757019,0.20000000298023224
YGR257C,YLL004W,0,-4.6420774,0.20527859032154083,0.517241358757019,0.20024630427360535
YBR070C,YDR073W,0,-4.6428413,0.205078125,0.517241358757019,0.20049260556697845
YFR036W,YBR156C,1,-4.643245,0.2058536559343338,0.5197044610977173,0.20049260556697845
YPL267W,YJL002C,0,-4.643283,0.20565302670001984,0.5197044610977173,0.20073892176151276
YFL055W,YDR436W,0,-4.6439133,0.20545276999473572,0.5197044610977173,0.20098522305488586
YDR113C,YML124C,1,-4.6443167,0.2062256783246994,0.5221675038337708,0.20098522305488586
YDR447C,YNL272C,0,-4.6449213,0.20602527260780334,0.5221675038337708,0.20123152434825897
YLR102C,YFR036W,1,-4.645067,0.20679610967636108,0.5246305465698242,0.20123152434825897
YKL049C,YIL126W,1,-4.645341,0.20756547152996063,0.5270935893058777,0.20123152434825897
YLR102C,YOL006C,1,-4.645509,0.2083333283662796,0.5295566320419312,0.20123152434825897
YMR255W,YPL254W,0,-4.64639,0.20813165605068207,0.5295566320419312,0.20147782564163208
YER109C,YFL005W,0,-4.646404,0.20793037116527557,0.5295566320419312,0.20172414183616638
YPL254W,YOR353C,0,-4.6474113,0.20772947371006012,0.5295566320419312,0.2019704431295395
YDR299W,YOL076W,0,-4.6474524,0.2075289636850357,0.5295566320419312,0.2022167444229126
YGR193C,YPL175W,0,-4.648356,0.20732882618904114,0.5295566320419312,0.2024630606174469
YBR070C,YJR052W,0,-4.6485586,0.2071290910243988,0.5295566320419312,0.20270936191082
YJR060W,YGL240W,1,-4.648718,0.20789220929145813,0.5320196747779846,0.20270936191082
YGL047W,YKR029C,0,-4.6492424,0.20769231021404266,0.5320196747779846,0.20295566320419312
YLR088W,YKL057C,0,-4.649476,0.20749279856681824,0.5320196747779846,0.20320196449756622
YOL100W,YBL052C,0,-4.6502056,0.20729365944862366,0.5320196747779846,0.20344828069210052
YHR166C,YBR156C,1,-4.6504307,0.20805369317531586,0.5344827771186829,0.20344828069210052
YBL097W,YJR060W,1,-4.6504807,0.20881226658821106,0.5369458198547363,0.20344828069210052
YGR089W,YIR011C,1,-4.6506906,0.20956937968730927,0.5394088625907898,0.20344828069210052
YNL106C,YKL119C,0,-4.652061,0.2093690186738968,0.5394088625907898,0.20369458198547363
YPR031W,YDL201W,0,-4.6521645,0.20916905999183655,0.5394088625907898,0.20394088327884674
YKL046C,YPR167C,0,-4.6522436,0.20896945893764496,0.5394088625907898,0.20418719947338104
YER157W,YNL246W,0,-4.652758,0.2087702602148056,0.5394088625907898,0.20443350076675415
YKL049C,YMR117C,1,-4.653054,0.20952381193637848,0.5418719053268433,0.20443350076675415
YLL036C,YER125W,0,-4.653674,0.209324449300766,0.5418719053268433,0.20467980206012726
YKL188C,YLR453C,0,-4.654376,0.20912547409534454,0.5418719053268433,0.20492610335350037
YIL007C,YLL040C,0,-4.6549597,0.20892687141895294,0.5418719053268433,0.20517241954803467
YIL143C,YOR115C,0,-4.6575594,0.20872865617275238,0.5418719053268433,0.20541872084140778
YER017C,YNL080C,0,-4.6588397,0.20853079855442047,0.5418719053268433,0.20566502213478088
YGR252W,YHL022C,0,-4.6589017,0.2083333283662796,0.5418719053268433,0.205911323428154
YER014C-A,YJL176C,0,-4.6599874,0.20813623070716858,0.5418719053268433,0.2061576396226883
YOL149W,YNL313C,0,-4.6606693,0.2079395055770874,0.5418719053268433,0.2064039409160614
YHL038C,YML112W,0,-4.6610265,0.20774315297603607,0.5418719053268433,0.2066502422094345
YGL133W,YPL083C,0,-4.662751,0.2075471729040146,0.5418719053268433,0.2068965584039688
YDR512C,YDL043C,0,-4.6628,0.20735155045986176,0.5418719053268433,0.20714285969734192
YDL159W,YDR395W,0,-4.664383,0.20715631544589996,0.5418719053268433,0.20738916099071503
YFR036W,YGR089W,1,-4.6645446,0.20790216326713562,0.5443349480628967,0.20738916099071503
YPL213W,YPL065W,0,-4.6647606,0.2077067643404007,0.5443349480628967,0.20763546228408813
YMR135C,YGL051W,0,-4.665163,0.20751173794269562,0.5443349480628967,0.20788177847862244
YER172C,YHR079C,0,-4.666111,0.2073170691728592,0.5443349480628967,0.20812807977199554
YER147C,YML085C,1,-4.666126,0.20805998146533966,0.546798050403595,0.20812807977199554
YGL211W,YLR182W,0,-4.6662016,0.2078651636838913,0.546798050403595,0.20837438106536865
YHR166C,YML124C,1,-4.6664,0.20860616862773895,0.5492610931396484,0.20837438106536865
YDR039C,YEL053C,0,-4.6664515,0.20841121673583984,0.5492610931396484,0.20862068235874176
YKL049C,YIR011C,1,-4.667051,0.20915032923221588,0.5517241358757019,0.20862068235874176
YLL016W,YBR118W,0,-4.6677637,0.20895522832870483,0.5517241358757019,0.20886699855327606
YJL071W,YPL083C,0,-4.66797,0.20876048505306244,0.5517241358757019,0.20911329984664917
YMR168C,YOL065C,0,-4.6682444,0.2085661143064499,0.5517241358757019,0.20935960114002228
YER166W,YAL011W,0,-4.6694117,0.2083720862865448,0.5517241358757019,0.20960591733455658
YHR129C,YNL119W,0,-4.6697955,0.20817844569683075,0.5517241358757019,0.2098522186279297
YBL097W,YOR156C,1,-4.6699266,0.208913654088974,0.5541871786117554,0.2098522186279297
YNR058W,YDL092W,0,-4.670367,0.20871984958648682,0.5541871786117554,0.2100985199213028
YPL083C,YLR398C,0,-4.6710696,0.20852641761302948,0.5541871786117554,0.2103448212146759
YML067C,YBL056W,0,-4.6712875,0.2083333283662796,0.5541871786117554,0.2105911374092102
YKR061W,YNL049C,0,-4.6717186,0.20814061164855957,0.5541871786117554,0.2108374387025833
YDR088C,YER049W,0,-4.6722326,0.207948237657547,0.5541871786117554,0.21108373999595642
YLR340W,YBR118W,0,-4.672576,0.20775623619556427,0.5541871786117554,0.21133005619049072
YFL058W,YDR484W,0,-4.673271,0.207564577460289,0.5541871786117554,0.21157635748386383
YIL140W,YGL222C,0,-4.673976,0.20737327635288239,0.5541871786117554,0.21182265877723694
YGR193C,YDR088C,0,-4.674466,0.20718231797218323,0.5541871786117554,0.21206896007061005
YIL062C,YGR101W,0,-4.6747375,0.20699171721935272,0.5541871786117554,0.21231527626514435
YNR033W,YPL232W,0,-4.67481,0.20680147409439087,0.5541871786117554,0.21256157755851746
YGL047W,YGR044C,0,-4.675107,0.20661157369613647,0.5541871786117554,0.21280787885189056
YJL095W,YER044C-A,0,-4.675242,0.20642201602458954,0.5541871786117554,0.21305418014526367
YDR073W,YAR035W,0,-4.6756334,0.20623281598091125,0.5541871786117554,0.21330049633979797
YDL165W,YNL333W,0,-4.6762524,0.20604395866394043,0.5541871786117554,0.21354679763317108
YCR063W,YOL111C,0,-4.6765156,0.20585544407367706,0.5541871786117554,0.2137930989265442
YDR011W,YPL176C,0,-4.6777587,0.20566727221012115,0.5541871786117554,0.2140394151210785
YPL115C,YOR174W,0,-4.678206,0.2054794579744339,0.5541871786117554,0.2142857164144516
YJR153W,YIL121W,0,-4.678347,0.2052919715642929,0.5541871786117554,0.2145320177078247
YPL204W,YJR112W,1,-4.678694,0.206016406416893,0.5566502213478088,0.2145320177078247
YDR219C,YER120W,0,-4.680789,0.20582878589630127,0.5566502213478088,0.21477831900119781
YDR392W,YGR005C,0,-4.681527,0.2056414932012558,0.5566502213478088,0.21502463519573212
YMR025W,YDR306C,0,-4.6821685,0.20545454323291779,0.5566502213478088,0.21527093648910522
YBR200W,YEL069C,0,-4.6840076,0.20526793599128723,0.5566502213478088,0.21551723778247833
YGL216W,YLR126C,0,-4.6843705,0.20508167147636414,0.5566502213478088,0.21576355397701263
YLR144C,YPR031W,0,-4.684446,0.2048957347869873,0.5566502213478088,0.21600985527038574
YGL168W,YMR179W,0,-4.685399,0.20471014082431793,0.5566502213478088,0.21625615656375885
YJR060W,YJL019W,1,-4.685646,0.20542986690998077,0.5591133236885071,0.21625615656375885
YGR288W,YAL011W,0,-4.6859627,0.20524412393569946,0.5591133236885071,0.21650245785713196
YFL022C,YHR092C,0,-4.686269,0.2050587236881256,0.5591133236885071,0.21674877405166626
YCR026C,YJL012C,0,-4.6868143,0.20487365126609802,0.5591133236885071,0.21699507534503937
YDR427W,YLR119W,0,-4.687502,0.2046889066696167,0.5591133236885071,0.21724137663841248
YOL065C,YPR107C,0,-4.6875544,0.20450450479984283,0.5591133236885071,0.21748767793178558
YNR057C,YDR080W,0,-4.6884823,0.20432043075561523,0.5591133236885071,0.21773399412631989
YBL097W,YJL019W,1,-4.689068,0.2050359696149826,0.5615763664245605,0.21773399412631989
YMR168C,YOR288C,0,-4.690496,0.20485174655914307,0.5615763664245605,0.217980295419693
YLL040C,YHL012W,0,-4.690868,0.204667866230011,0.5615763664245605,0.2182265967130661
YJR112W,YER147C,1,-4.691206,0.20538116991519928,0.564039409160614,0.2182265967130661
YMR292W,YDL056W,0,-4.691264,0.20519712567329407,0.564039409160614,0.2184729129076004
YPR176C,YOL072W,0,-4.6928163,0.2050134241580963,0.564039409160614,0.2187192142009735
YLR305C,YIL135C,0,-4.692971,0.20483005046844482,0.564039409160614,0.21896551549434662
YHR178W,YHR111W,0,-4.6932964,0.2046470046043396,0.564039409160614,0.21921181678771973
YLR172C,YMR045C,0,-4.6935077,0.20446428656578064,0.564039409160614,0.21945813298225403
YCR052W,YPL232W,0,-4.6936364,0.20428189635276794,0.564039409160614,0.21970443427562714
YPL267W,YOR117W,0,-4.6942024,0.20409981906414032,0.564039409160614,0.21995073556900024
YBL097W,YCR077C,1,-4.69437,0.2048085480928421,0.5665024518966675,0.21995073556900024
YOR174W,YER105C,0,-4.695533,0.20462633669376373,0.5665024518966675,0.22019705176353455
YNL314W,YML067C,0,-4.6957417,0.20444443821907043,0.5665024518966675,0.22044335305690765
YKR085C,YGR101W,0,-4.6968946,0.2042628824710846,0.5665024518966675,0.22068965435028076
YDR183W,YHR038W,0,-4.6980867,0.20408163964748383,0.5665024518966675,0.22093595564365387
YAL029C,YKR087C,0,-4.6985674,0.20390070974826813,0.5665024518966675,0.22118227183818817
YJR013W,YHR058C,0,-4.6987195,0.2037201076745987,0.5665024518966675,0.22142857313156128
YNR013C,YMR059W,0,-4.6989136,0.20353981852531433,0.5665024518966675,0.2216748744249344
YCR047C,YLR430W,0,-4.7000484,0.20335985720157623,0.5665024518966675,0.2219211757183075
YJR060W,YHR166C,1,-4.700594,0.20406360924243927,0.568965494632721,0.2219211757183075
YJL201W,YHL007C,0,-4.7006836,0.20388349890708923,0.568965494632721,0.2221674919128418
YAL029C,YJR153W,0,-4.701414,0.20370370149612427,0.568965494632721,0.2224137932062149
YDR272W,YKL148C,0,-4.7024455,0.20352423191070557,0.568965494632721,0.222660094499588
YGL158W,YDR472W,0,-4.702834,0.20334507524967194,0.568965494632721,0.22290641069412231
YGL113W,YFL018W-A,0,-4.703108,0.20316623151302338,0.568965494632721,0.22315271198749542
YOR150W,YJR052W,0,-4.7034626,0.2029877007007599,0.568965494632721,0.22339901328086853
YOR316C,YKL189W,0,-4.703497,0.20280948281288147,0.568965494632721,0.22364531457424164
YDL113C,YML077W,0,-4.7035427,0.20263157784938812,0.568965494632721,0.22389163076877594
YFR036W,YGL240W,1,-4.703687,0.2033304125070572,0.5714285969734192,0.22389163076877594
YGL213C,YMR302C,0,-4.703841,0.2031523585319519,0.5714285969734192,0.22413793206214905
YFR001W,YNL102W,0,-4.704362,0.20297463238239288,0.5714285969734192,0.22438423335552216
YML041C,YLR132C,0,-4.706188,0.20279720425605774,0.5714285969734192,0.22463053464889526
YJR060W,YOR156C,1,-4.7063313,0.20349344611167908,0.5738916397094727,0.22463053464889526
YER044C-A,YNL093W,0,-4.7066393,0.2033158838748932,0.5738916397094727,0.22487685084342957
YLL016W,YDL201W,0,-4.706717,0.20313861966133118,0.5738916397094727,0.22512315213680267
YLR418C,YDR016C,0,-4.7068453,0.20296166837215424,0.5738916397094727,0.22536945343017578
YGL240W,YOL006C,1,-4.7102976,0.20365534722805023,0.5763546824455261,0.22536945343017578
YPL249C,YPL196W,0,-4.710495,0.20347826182842255,0.5763546824455261,0.22561576962471008
YJR060W,YIL126W,1,-4.71088,0.20417028665542603,0.5788177251815796,0.22561576962471008
YJL179W,YKR060W,0,-4.7110124,0.2039930522441864,0.5788177251815796,0.2258620709180832
YDR272W,YMR023C,0,-4.711097,0.20381613075733185,0.5788177251815796,0.2261083722114563
YLL004W,YLR055C,0,-4.7113724,0.20363950729370117,0.5788177251815796,0.2263546735048294
YLL027W,YLR376C,0,-4.7114315,0.20346319675445557,0.5788177251815796,0.2266009896993637
YPL217C,YLL016W,0,-4.711579,0.20328719913959503,0.5788177251815796,0.22684729099273682
YKL089W,YCR077C,1,-4.7120066,0.20397579669952393,0.5812807679176331,0.22684729099273682
YNL049C,YML109W,0,-4.7122297,0.20379965007305145,0.5812807679176331,0.22709359228610992
YDR183W,YLL036C,0,-4.7122364,0.20362381637096405,0.5812807679176331,0.22733990848064423
YDR334W,YAR035W,0,-4.7131996,0.20344828069210052,0.5812807679176331,0.22758620977401733
YMR292W,YER129W,0,-4.7143044,0.20327304303646088,0.5812807679176331,0.22783251106739044
YHR098C,YPL041C,0,-4.715085,0.2030981034040451,0.5812807679176331,0.22807881236076355
YKL052C,YML058W,0,-4.715803,0.2029234766960144,0.5812807679176331,0.22832512855529785
YGL181W,YDR303C,0,-4.71586,0.20274914801120758,0.5812807679176331,0.22857142984867096
YOR316C,YLR430W,0,-4.715937,0.20257510244846344,0.5812807679176331,0.22881773114204407
YDR016C,YMR075W,0,-4.71648,0.20240136981010437,0.5812807679176331,0.22906403243541718
YJR143C,YLR055C,0,-4.716677,0.20222793519496918,0.5812807679176331,0.22931034862995148
YML104C,YML016C,0,-4.7170315,0.20205479860305786,0.5812807679176331,0.22955664992332458
YLR035C,YPL036W,0,-4.7173414,0.20188194513320923,0.5812807679176331,0.2298029512166977
YDR224C,YBL090W,0,-4.7175117,0.20170940458774567,0.5812807679176331,0.230049267411232
YDR054C,YML109W,0,-4.71913,0.2015371471643448,0.5812807679176331,0.2302955687046051
YDR099W,YOR353C,0,-4.719627,0.20136518776416779,0.5812807679176331,0.2305418699979782
YML110C,YNL333W,0,-4.719739,0.20119352638721466,0.5812807679176331,0.23078817129135132
YMR303C,YMR050C,0,-4.7198253,0.20102214813232422,0.5812807679176331,0.23103448748588562
YJL013C,YMR030W,0,-4.720233,0.20085106790065765,0.5812807679176331,0.23128078877925873
YPR168W,YFL005W,0,-4.7212334,0.20068027079105377,0.5812807679176331,0.23152709007263184
YOR047C,YLR224W,0,-4.721341,0.20050977170467377,0.5812807679176331,0.23177340626716614
YDL159W,YLR130C,0,-4.7228656,0.20033955574035645,0.5812807679176331,0.23201970756053925
YGL086W,YJL012C,0,-4.7237964,0.200169637799263,0.5812807679176331,0.23226600885391235
YMR048W,YGR089W,1,-4.723899,0.20084746181964874,0.5837438702583313,0.23226600885391235
YMR048W,YML085C,1,-4.7245483,0.20152413845062256,0.5862069129943848,0.23226600885391235
YKR025W,YHR206W,0,-4.7249236,0.20135363936424255,0.5862069129943848,0.23251231014728546
YDR419W,YPR041W,0,-4.725342,0.20118343830108643,0.5862069129943848,0.23275862634181976
YJL029C,YFL038C,0,-4.726093,0.20101352035999298,0.5862069129943848,0.23300492763519287
YJL019W,YDR113C,1,-4.727048,0.2016877681016922,0.5886699557304382,0.23300492763519287
YDR252W,YHL034C,0,-4.727192,0.20151770114898682,0.5886699557304382,0.23325122892856598
YER093C,YJL012C,0,-4.727196,0.2013479322195053,0.5886699557304382,0.2334975302219391
YLR080W,YLR383W,0,-4.727521,0.2011784464120865,0.5886699557304382,0.2337438464164734
YBR043C,YLR396C,0,-4.728046,0.20100925862789154,0.5886699557304382,0.2339901477098465
YML048W,YGL094C,0,-4.728637,0.20084033906459808,0.5886699557304382,0.2342364490032196
YAR014C,YAL029C,0,-4.7286835,0.2006717026233673,0.5886699557304382,0.2344827651977539
YDR113C,YIR011C,1,-4.7288117,0.20134228467941284,0.5911329984664917,0.2344827651977539
YFR036W,YML124C,1,-4.729048,0.20201173424720764,0.5935960412025452,0.2344827651977539
YAR003W,YJL029C,0,-4.72909,0.2018425464630127,0.5935960412025452,0.23472906649112701
YIL150C,YMR267W,0,-4.7293,0.20167364180088043,0.5935960412025452,0.23497536778450012
YJL005W,YCR026C,0,-4.7301188,0.20150502026081085,0.5935960412025452,0.23522166907787323
YPR175W,YBR195C,0,-4.730832,0.20133668184280396,0.5935960412025452,0.23546798527240753
YNL177C,YBL011W,0,-4.7309566,0.20116861164569855,0.5935960412025452,0.23571428656578064
YGR004W,YGR172C,0,-4.731102,0.20100083947181702,0.5935960412025452,0.23596058785915375
YFR027W,YGR089W,1,-4.7311344,0.2016666680574417,0.5960590839385986,0.23596058785915375
YFR050C,YNL139C,0,-4.7322803,0.20149874687194824,0.5960590839385986,0.23620688915252686
YJR143C,YPL065W,0,-4.7334642,0.20133110880851746,0.5960590839385986,0.23645320534706116
YOR240W,YGL213C,0,-4.734419,0.20116375386714935,0.5960590839385986,0.23669950664043427
YBR188C,YDR073W,0,-4.7349744,0.20099668204784393,0.5960590839385986,0.23694580793380737
YKL204W,YHR077C,0,-4.7355375,0.20082987844944,0.5960590839385986,0.23719212412834167
YPL116W,YER029C,0,-4.7355423,0.20066334307193756,0.5960590839385986,0.23743842542171478
YDR246W,YMR302C,0,-4.7355804,0.200497105717659,0.5960590839385986,0.2376847267150879
YDR176W,YMR059W,0,-4.735598,0.20033112168312073,0.5960590839385986,0.237931028008461
YNL232W,YOR201C,0,-4.7356853,0.20016542077064514,0.5960590839385986,0.2381773442029953
YBR153W,YGR112W,0,-4.735916,0.20000000298023224,0.5960590839385986,0.2384236454963684
YEL069C,YDR194C,0,-4.7363815,0.19983485341072083,0.5960590839385986,0.23866994678974152
YGL222C,YNL247W,0,-4.7378206,0.1996699720621109,0.5960590839385986,0.23891626298427582
YNR030W,YPL115C,0,-4.738167,0.19950535893440247,0.5960590839385986,0.23916256427764893
YDR303C,YOL072W,0,-4.738461,0.19934101402759552,0.5960590839385986,0.23940886557102203
YLR330W,YAR044W,0,-4.7385883,0.19917695224285126,0.5960590839385986,0.23965516686439514
YJL019W,YJL080C,1,-4.7397065,0.19983552396297455,0.5985221862792969,0.23965516686439514
YDR512C,YLR385C,0,-4.7400994,0.19967132806777954,0.5985221862792969,0.23990148305892944
YJR013W,YLR126C,0,-4.7401495,0.19950738549232483,0.5985221862792969,0.24014778435230255
YGL043W,YHL012W,0,-4.7405834,0.1993437260389328,0.5985221862792969,0.24039408564567566
YPL050C,YOR353C,0,-4.7408056,0.19918033480644226,0.5985221862792969,0.24064038693904877
YHR085W,YDR311W,0,-4.740897,0.19901719689369202,0.5985221862792969,0.24088670313358307
YLR190W,YMR247C,0,-4.7416,0.19885434210300446,0.5985221862792969,0.24113300442695618
YJL106W,YAR044W,0,-4.741761,0.1986917406320572,0.5985221862792969,0.24137930572032928
YHL038C,YMR093W,0,-4.742546,0.1985294073820114,0.5985221862792969,0.2416256219148636
YIR028W,YOL100W,0,-4.7425632,0.19836734235286713,0.5985221862792969,0.2418719232082367
YHR143W,YDL095W,0,-4.743001,0.19820554554462433,0.5985221862792969,0.2421182245016098
YPL204W,YML124C,1,-4.743189,0.19885900616645813,0.6009852290153503,0.2421182245016098
YER014C-A,YKR035W-A,0,-4.743273,0.1986970752477646,0.6009852290153503,0.2423645257949829
YKL149C,YML067C,0,-4.744325,0.19853539764881134,0.6009852290153503,0.2426108419895172
YLR080W,YDL015C,0,-4.744424,0.19837398827075958,0.6009852290153503,0.24285714328289032
YBR055C,YIL121W,0,-4.7444386,0.19821283221244812,0.6009852290153503,0.24310344457626343
YGR286C,YMR050C,0,-4.7445197,0.19805194437503815,0.6009852290153503,0.24334976077079773
YBL090W,YCR026C,0,-4.745218,0.19789132475852966,0.6009852290153503,0.24359606206417084
YHR072W-A,YHR069C,0,-4.745557,0.19773095846176147,0.6009852290153503,0.24384236335754395
YOR067C,YLR426W,0,-4.746741,0.19757084548473358,0.6009852290153503,0.24408866465091705
YPR176C,YCL029C,0,-4.74722,0.19741100072860718,0.6009852290153503,0.24433498084545135
YLR450W,YOR081C,0,-4.747385,0.19725140929222107,0.6009852290153503,0.24458128213882446
YNL080C,YER118C,0,-4.747731,0.19709208607673645,0.6009852290153503,0.24482758343219757
YLR357W,YML085C,1,-4.747916,0.1977401077747345,0.6034482717514038,0.24482758343219757
YJL112W,YGR165W,0,-4.7481823,0.19758065044879913,0.6034482717514038,0.24507388472557068
YGR004W,YHR056C,0,-4.7487144,0.19742143154144287,0.6034482717514038,0.24532020092010498
YDR323C,YDR306C,0,-4.748823,0.1972624808549881,0.6034482717514038,0.2455665022134781
YKL213C,YPL089C,0,-4.7493753,0.19710378348827362,0.6034482717514038,0.2458128035068512
YLR427W,YPL094C,0,-4.7496037,0.19694533944129944,0.6034482717514038,0.2460591197013855
YKL188C,YPL276W,0,-4.7497253,0.19678714871406555,0.6034482717514038,0.2463054209947586
YJL157C,YNR032C-A,0,-4.7500963,0.19662921130657196,0.6034482717514038,0.2465517222881317
YGL104C,YER190W,0,-4.75056,0.19647152721881866,0.6034482717514038,0.24679802358150482
YKL013C,YDR272W,0,-4.7505846,0.19631409645080566,0.6034482717514038,0.24704433977603912
YFR009W,YDR517W,0,-4.7509613,0.19615691900253296,0.6034482717514038,0.24729064106941223
YNL106C,YPL094C,0,-4.7510777,0.19599999487400055,0.6034482717514038,0.24753694236278534
YNL283C,YPR125W,0,-4.751155,0.19584332406520844,0.6034482717514038,0.24778325855731964
YER118C,YJL012C-A,0,-4.75121,0.19568690657615662,0.6034482717514038,0.24802955985069275
YJL127C,YLR126C,0,-4.752057,0.1955307275056839,0.6034482717514038,0.24827586114406586
YDR507C,YML048W,0,-4.7521815,0.19537480175495148,0.6034482717514038,0.24852216243743896
YLR246W,YJR077C,0,-4.7522287,0.19521912932395935,0.6034482717514038,0.24876847863197327
YIL125W,YDL188C,0,-4.7522726,0.19506369531154633,0.6034482717514038,0.24901477992534637
YPR056W,YER093C,0,-4.7533054,0.1949085146188736,0.6034482717514038,0.24926108121871948
YER166W,YKL113C,0,-4.753922,0.19475357234477997,0.6034482717514038,0.2495073825120926
YMR133W,YDR115W,0,-4.7553935,0.19459888339042664,0.6034482717514038,0.2497536987066269
YER083C,YNL261W,0,-4.7554536,0.1944444477558136,0.6034482717514038,0.25
YGR252W,YGL038C,0,-4.7558417,0.19429025053977966,0.6034482717514038,0.2502463161945343
YBL007C,YBR118W,0,-4.7562327,0.19413629174232483,0.6034482717514038,0.2504926025867462
YJR060W,YBR156C,1,-4.756359,0.1947743445634842,0.6059113144874573,0.2504926025867462
YER105C,YLR376C,0,-4.7566013,0.1946202516555786,0.6059113144874573,0.2507389187812805
YJL039C,YML043C,0,-4.7567444,0.19446639716625214,0.6059113144874573,0.2509852349758148
YIL085C,YOR341W,0,-4.7569103,0.19431279599666595,0.6059113144874573,0.25123152136802673
YLL001W,YLR450W,0,-4.7569904,0.19415943324565887,0.6059113144874573,0.25147783756256104
YAL020C,YGR241C,0,-4.757764,0.1940063089132309,0.6059113144874573,0.25172412395477295
YKL092C,YJL179W,0,-4.7579026,0.19385342299938202,0.6059113144874573,0.25197044014930725
YJL116C,YMR030W,0,-4.758667,0.19370079040527344,0.6059113144874573,0.25221675634384155
YDL113C,YIL049W,0,-4.7588634,0.19354838132858276,0.6059113144874573,0.25246304273605347
YPL204W,YBR156C,1,-4.7590237,0.1941823959350586,0.6083743572235107,0.25246304273605347
YKR087C,YDL092W,0,-4.7590466,0.19402985274791718,0.6083743572235107,0.25270935893058777
YMR025W,YCR020C-A,0,-4.7592697,0.19387754797935486,0.6083743572235107,0.25295567512512207
YNL314W,YKR001C,0,-4.75951,0.19372549653053284,0.6083743572235107,0.253201961517334
YFL060C,YMR241W,0,-4.759878,0.19357366859912872,0.6083743572235107,0.2534482777118683
YMR133W,YFL018W-A,0,-4.759885,0.1934220790863037,0.6083743572235107,0.2536945939064026
YML112W,YPR168W,0,-4.760542,0.193270742893219,0.6083743572235107,0.2539408802986145
YHL038C,YNL297C,0,-4.760607,0.19311963021755219,0.6083743572235107,0.2541871964931488
YMR059W,YKL119C,0,-4.76073,0.19296875596046448,0.6083743572235107,0.2544334828853607
YFR027W,YML124C,1,-4.760842,0.19359874725341797,0.610837459564209,0.2544334828853607
YDR176W,YCR035C,0,-4.7626033,0.19344773888587952,0.610837459564209,0.254679799079895
YOR028C,YER109C,0,-4.7626395,0.19329695403575897,0.610837459564209,0.2549261152744293
YIL126W,YML124C,1,-4.7628217,0.19392523169517517,0.6133005023002625,0.2549261152744293
YGR120C,YJR153W,0,-4.7630725,0.19377431273460388,0.6133005023002625,0.25517240166664124
YOR195W,YBL088C,0,-4.7644973,0.1936236321926117,0.6133005023002625,0.25541871786117554
YKL007W,YFL018W-A,0,-4.7649746,0.1934731900691986,0.6133005023002625,0.25566503405570984
YGR089W,YJL080C,1,-4.765236,0.19409938156604767,0.6157635450363159,0.25566503405570984
YGR037C,YDL118W,0,-4.76553,0.19394879043102264,0.6157635450363159,0.25591132044792175
YBL071W-A,YPL176C,0,-4.765729,0.19379845261573792,0.6157635450363159,0.25615763664245605
YIL150C,YLR055C,0,-4.7659287,0.1936483383178711,0.6157635450363159,0.25640395283699036
YJR021C,YKL119C,0,-4.7662907,0.19349844753742218,0.6157635450363159,0.25665023922920227
YMR207C,YAL029C,0,-4.76656,0.19334879517555237,0.6157635450363159,0.2568965554237366
YGR165W,YER105C,0,-4.7677827,0.19319938123226166,0.6157635450363159,0.2571428716182709
YJL019W,YML124C,1,-4.768318,0.19382239878177643,0.6182265877723694,0.2571428716182709
YGL183C,YER105C,0,-4.7687836,0.19367283582687378,0.6182265877723694,0.2573891580104828
YEL053C,YGR042W,0,-4.768899,0.19352351129055023,0.6182265877723694,0.2576354742050171
YML046W,YDR030C,0,-4.7694464,0.1933744251728058,0.6182265877723694,0.257881760597229
YPL266W,YPR031W,0,-4.7696295,0.19322556257247925,0.6182265877723694,0.2581280767917633
YJL201W,YGR257C,0,-4.7704535,0.19307692348957062,0.6182265877723694,0.2583743929862976
YOR156C,YOL006C,1,-4.770668,0.19369715452194214,0.6206896305084229,0.2583743929862976
YCR020C,YER029C,0,-4.7707005,0.19354838132858276,0.6206896305084229,0.2586206793785095
YNL256W,YKL057C,0,-4.7708254,0.1933998465538025,0.6206896305084229,0.2588669955730438
YDR339C,YNL236W,0,-4.770865,0.19325153529644012,0.6206896305084229,0.2591133117675781
YBR243C,YML001W,0,-4.7712545,0.19310344755649567,0.6206896305084229,0.25935959815979004
YML057W,YGR252W,0,-4.7712917,0.19295558333396912,0.6206896305084229,0.25960591435432434
YBR080C,YJR066W,0,-4.7716403,0.19280795753002167,0.6206896305084229,0.25985223054885864
YBR080C,YLR224W,0,-4.7728853,0.19266055524349213,0.6206896305084229,0.26009851694107056
YML112W,YFR050C,0,-4.7730894,0.1925133615732193,0.6206896305084229,0.26034483313560486
YGR077C,YMR045C,0,-4.773298,0.19236640632152557,0.6206896305084229,0.2605911195278168
YDR484W,YKL075C,0,-4.773392,0.19221967458724976,0.6206896305084229,0.2608374357223511
YML110C,YOR089C,0,-4.773822,0.19207316637039185,0.6206896305084229,0.2610837519168854
YDR503C,YJR141W,0,-4.7738814,0.19192688167095184,0.6206896305084229,0.2613300383090973
YKL204W,YOR110W,0,-4.774188,0.19178082048892975,0.6206896305084229,0.2615763545036316
YGL181W,YMR200W,0,-4.774245,0.19163498282432556,0.6206896305084229,0.2618226706981659
YGR075C,YER125W,0,-4.7743406,0.19148936867713928,0.6206896305084229,0.2620689570903778
YDR507C,YOR150W,0,-4.7743855,0.19134396314620972,0.6206896305084229,0.2623152732849121
YNR032C-A,YCL052C,0,-4.7743983,0.19119878113269806,0.6206896305084229,0.2625615894794464
YGR029W,YKL145W,0,-4.7746706,0.1910538226366043,0.6206896305084229,0.2628078758716583
YGL240W,YBR156C,1,-4.7755346,0.19166666269302368,0.6231527328491211,0.2628078758716583
YDR192C,YGR272C,0,-4.775602,0.1915215700864792,0.6231527328491211,0.2630541920661926
YMR097C,YNL091W,0,-4.775783,0.1913767009973526,0.6231527328491211,0.26330047845840454
YOR240W,YLR045C,0,-4.775808,0.19123205542564392,0.6231527328491211,0.26354679465293884
YDR513W,YJL030W,0,-4.7761564,0.19108761847019196,0.6231527328491211,0.26379311084747314
YJL112W,YOR359W,0,-4.776639,0.1909433901309967,0.6231527328491211,0.26403939723968506
YNL256W,YPR051W,0,-4.777018,0.19079940021038055,0.6231527328491211,0.26428571343421936
YML048W,YBR173C,0,-4.777615,0.19065561890602112,0.6231527328491211,0.26453202962875366
YML019W,YGR075C,0,-4.777796,0.1905120462179184,0.6231527328491211,0.2647783160209656
YLR226W,YJR060W,1,-4.7778683,0.1911211460828781,0.6256157755851746,0.2647783160209656
YHR178W,YPR056W,0,-4.778642,0.19097743928432465,0.6256157755851746,0.2650246322154999
YCR063W,YHR038W,0,-4.7788544,0.1908339560031891,0.6256157755851746,0.2652709484100342
YKL049C,YGR089W,1,-4.7790956,0.19144144654273987,0.628078818321228,0.2652709484100342
YBL085W,YDR306C,0,-4.779131,0.19129782915115356,0.628078818321228,0.2655172348022461
YDR507C,YNL163C,0,-4.7804594,0.19115442037582397,0.628078818321228,0.2657635509967804
YOR033C,YGL254W,0,-4.780591,0.1910112351179123,0.628078818321228,0.2660098373889923
YKL049C,YPL204W,1,-4.7808347,0.19161677360534668,0.6305418610572815,0.2660098373889923
YDR507C,YHR072W-A,0,-4.781256,0.19147345423698425,0.6305418610572815,0.2662561535835266
YJR055W,YJR066W,0,-4.78184,0.19133034348487854,0.6305418610572815,0.2665024697780609
YHR166C,YCR077C,1,-4.781968,0.191934272646904,0.633004903793335,0.2665024697780609
YPR167C,YJL127C,0,-4.7820253,0.19179104268550873,0.633004903793335,0.2667487561702728
YBR135W,YBL051C,0,-4.7821026,0.19164802134037018,0.633004903793335,0.26699507236480713
YPR073C,YGR112W,0,-4.782276,0.19150522351264954,0.633004903793335,0.26724138855934143
YBR213W,YKR042W,0,-4.7832613,0.19136261940002441,0.633004903793335,0.26748767495155334
YJR013W,YML046W,0,-4.783758,0.1912202388048172,0.633004903793335,0.26773399114608765
YER109C,YPL164C,0,-4.784032,0.1910780668258667,0.633004903793335,0.26798030734062195
YBL099W,YDL095W,0,-4.7853856,0.1909361034631729,0.633004903793335,0.26822659373283386
YGR038W,YOR153W,0,-4.785623,0.19079436361789703,0.633004903793335,0.26847290992736816
YJR153W,YGL213C,0,-4.7859983,0.19065281748771667,0.633004903793335,0.26871922612190247
YJR143C,YLR453C,0,-4.786612,0.19051149487495422,0.633004903793335,0.2689655125141144
YGL022W,YGR274C,0,-4.7866945,0.1903703659772873,0.633004903793335,0.2692118287086487
YLL038C,YBL056W,0,-4.7867985,0.19022946059703827,0.633004903793335,0.2694581151008606
YMR004W,YOR117W,0,-4.7868166,0.19008876383304596,0.633004903793335,0.2697044312953949
YBL099W,YBL071W-A,0,-4.7872143,0.18994826078414917,0.633004903793335,0.2699507474899292
YJL110C,YOL003C,0,-4.787264,0.1898079812526703,0.633004903793335,0.2701970338821411
YOR381W,YDR138W,0,-4.787829,0.18966789543628693,0.633004903793335,0.2704433500766754
YOR143C,YPL257W-A,0,-4.789899,0.18952801823616028,0.633004903793335,0.2706896662712097
YNR043W,YIL135C,0,-4.7902107,0.18938834965229034,0.633004903793335,0.27093595266342163
YDR252W,YJR021C,0,-4.7906923,0.18924888968467712,0.633004903793335,0.27118226885795593
YCL044C,YMR302C,0,-4.790838,0.18910963833332062,0.633004903793335,0.27142858505249023
YPL055C,YGR231C,0,-4.791341,0.18897059559822083,0.633004903793335,0.27167487144470215
YMR192W,YLR396C,0,-4.7916946,0.18883174657821655,0.633004903793335,0.27192118763923645
YDR503C,YKL200C,0,-4.7926064,0.1886930912733078,0.633004903793335,0.27216747403144836
YPR179C,YOR207C,0,-4.7931347,0.18855465948581696,0.633004903793335,0.27241379022598267
YNR058W,YBR055C,0,-4.7931933,0.18841642141342163,0.633004903793335,0.27266010642051697
YDL047W,YLR383W,0,-4.7933216,0.18827839195728302,0.633004903793335,0.2729063928127289
YER061C,YGR042W,0,-4.79385,0.18814055621623993,0.633004903793335,0.2731527090072632
YHR058C,YDR212W,0,-4.793857,0.18800292909145355,0.633004903793335,0.2733990252017975
YPR031W,YDR395W,0,-4.7946053,0.1878654956817627,0.633004903793335,0.2736453115940094
YKR087C,YLR313C,0,-4.7947664,0.18772827088832855,0.633004903793335,0.2738916277885437
YOR207C,YHR056C,0,-4.7950015,0.18759123980998993,0.633004903793335,0.274137943983078
YOL158C,YDR306C,0,-4.7957077,0.18745441734790802,0.633004903793335,0.2743842303752899
YPR189W,YJL114W,0,-4.7958884,0.18731778860092163,0.633004903793335,0.2746305465698242
YDL065C,YDR034C-D,0,-4.7959833,0.18718135356903076,0.633004903793335,0.27487683296203613
YMR048W,YML124C,1,-4.7960324,0.1877729296684265,0.6354680061340332,0.27487683296203613
YGL251C,YNR013C,0,-4.796178,0.1876363605260849,0.6354680061340332,0.27512314915657043
YKL057C,YJR141W,0,-4.7967243,0.1875,0.6354680061340332,0.27536946535110474
YKR067W,YPR056W,0,-4.7967587,0.18736383318901062,0.6354680061340332,0.27561575174331665
YLR418C,YLR362W,0,-4.796959,0.18722786009311676,0.6354680061340332,0.27586206793785095
YIL062C,YCL067C,0,-4.7970843,0.18709209561347961,0.6354680061340332,0.27610838413238525
YER147C,YBR156C,1,-4.7972074,0.1876811534166336,0.6379310488700867,0.27610838413238525
YPL015C,YKL145W,0,-4.797472,0.18754525482654572,0.6379310488700867,0.27635467052459717
YBL007C,YML058W,0,-4.797694,0.18740954995155334,0.6379310488700867,0.27660098671913147
YOL100W,YPL257W-A,0,-4.7980604,0.1872740387916565,0.6379310488700867,0.27684730291366577
YHL034C,YDL015C,0,-4.7988324,0.18713872134685516,0.6379310488700867,0.2770935893058777
YIR008C,YHR178W,0,-4.7990427,0.18700361251831055,0.6379310488700867,0.277339905500412
YJR112W,YIR011C,1,-4.799094,0.18759018182754517,0.6403940916061401,0.277339905500412
YPL084W,YOR054C,0,-4.799559,0.1874549388885498,0.6403940916061401,0.2775862216949463
YNR030W,YLL040C,0,-4.800247,0.18731988966464996,0.6403940916061401,0.2778325080871582
YGL225W,YJL012C,0,-4.8004017,0.18718501925468445,0.6403940916061401,0.2780788242816925
YMR292W,YGR251W,0,-4.8005705,0.18705035746097565,0.6403940916061401,0.2783251106739044
YLR324W,YLR383W,0,-4.801319,0.18691588938236237,0.6403940916061401,0.2785714268684387
YKL189W,YGL153W,0,-4.8013554,0.1867816150188446,0.6403940916061401,0.278817743062973
YBR086C,YLR119W,0,-4.8014135,0.18664751946926117,0.6403940916061401,0.27906402945518494
YNR030W,YPR051W,0,-4.801862,0.18651363253593445,0.6403940916061401,0.27931034564971924
YNR007C,YPL187W,0,-4.8021603,0.18637992441654205,0.6403940916061401,0.27955666184425354
YGR098C,YBR156C,1,-4.802504,0.18696275353431702,0.6428571343421936,0.27955666184425354
YKR025W,YJR141W,0,-4.802743,0.18682892620563507,0.6428571343421936,0.27980294823646545
YGR046W,YPL176C,0,-4.8035326,0.18669527769088745,0.6428571343421936,0.28004926443099976
YIL150C,YHR088W,0,-4.8038044,0.18656182289123535,0.6428571343421936,0.28029558062553406
YGL191W,YPL015C,0,-4.8041673,0.18642857670783997,0.6428571343421936,0.28054186701774597
YDL108W,YML109W,0,-4.8046017,0.1862955093383789,0.6428571343421936,0.2807881832122803
YMR133W,YGL096W,0,-4.805008,0.18616262078285217,0.6428571343421936,0.2810344696044922
YMR100W,YML046W,0,-4.80614,0.18602994084358215,0.6428571343421936,0.2812807857990265
YBL097W,YKL049C,1,-4.8077335,0.18660968542099,0.6453201770782471,0.2812807857990265
YPR073C,YFL060C,0,-4.8079853,0.18647687137126923,0.6453201770782471,0.2815271019935608
YOR240W,YFL022C,0,-4.808703,0.1863442361354828,0.6453201770782471,0.2817733883857727
YDR513W,YPR024W,0,-4.808895,0.18621179461479187,0.6453201770782471,0.282019704580307
YMR168C,YKL148C,0,-4.8091702,0.18607954680919647,0.6453201770782471,0.2822660207748413
YJR132W,YMR059W,0,-4.8091846,0.1859474778175354,0.6453201770782471,0.2825123071670532
YGR134W,YKR001C,0,-4.8092947,0.18581560254096985,0.6453201770782471,0.2827586233615875
YNR016C,YGL206C,0,-4.8096495,0.18568390607833862,0.6453201770782471,0.2830049395561218
YER172C,YDL153C,0,-4.809675,0.18555240333080292,0.6453201770782471,0.28325122594833374
YPR009W,YML115C,0,-4.809843,0.18542109429836273,0.6453201770782471,0.28349754214286804
YGL222C,YPL041C,0,-4.809868,0.18528996407985687,0.6453201770782471,0.28374382853507996
YNL133C,YJR156C,0,-4.810396,0.18515901267528534,0.6453201770782471,0.28399014472961426
YIL049W,YGR193C,0,-4.8104095,0.18502825498580933,0.6453201770782471,0.28423646092414856
YIL052C,YPL276W,0,-4.8109965,0.18489767611026764,0.6453201770782471,0.2844827473163605
YBL097W,YGR098C,1,-4.8113117,0.1854725033044815,0.6477832794189453,0.2844827473163605
YGL254W,YDL118W,0,-4.811532,0.18534179031848907,0.6477832794189453,0.2847290635108948
YCR031C,YGR109W-B,0,-4.811954,0.18521127104759216,0.6477832794189453,0.2849753797054291
YDR494W,YDR073W,0,-4.81374,0.18508093059062958,0.6477832794189453,0.285221666097641
YER014C-A,YGR253C,0,-4.81398,0.18495076894760132,0.6477832794189453,0.2854679822921753
YIL049W,YOR372C,0,-4.814109,0.18482080101966858,0.6477832794189453,0.2857142984867096
YGL240W,YCR077C,1,-4.8147616,0.18539325892925262,0.6502463221549988,0.2857142984867096
YJL114W,YPL041C,0,-4.8150477,0.18526315689086914,0.6502463221549988,0.2859605848789215
YDR465C,YFL049W,0,-4.815114,0.18513323366641998,0.6502463221549988,0.2862069010734558
YCR005C,YAR044W,0,-4.8152,0.18500350415706635,0.6502463221549988,0.2864531874656677
YKL092C,YDR060W,0,-4.815254,0.18487395346164703,0.6502463221549988,0.286699503660202
YFR001W,YGL112C,0,-4.81569,0.18474458158016205,0.6502463221549988,0.28694581985473633
YPR051W,YLR071C,0,-4.815954,0.1846153885126114,0.6502463221549988,0.28719210624694824
YKR061W,YOR174W,0,-4.816027,0.18448637425899506,0.6502463221549988,0.28743842244148254
YJL112W,YLL004W,0,-4.816414,0.18435753881931305,0.6502463221549988,0.28768473863601685
YEL053C,YGR288W,0,-4.8166656,0.18422889709472656,0.6502463221549988,0.28793102502822876
YNR058W,YLR092W,0,-4.8175416,0.1841004192829132,0.6502463221549988,0.28817734122276306
YPL187W,YPL060C-A,0,-4.8178015,0.18397212028503418,0.6502463221549988,0.28842365741729736
YCR077C,YIR011C,1,-4.8178926,0.18454039096832275,0.6527093648910522,0.28842365741729736
YNL163C,YJL114W,0,-4.818017,0.18441197276115417,0.6527093648910522,0.2886699438095093
YJL186W,YJL002C,0,-4.818131,0.18428373336791992,0.6527093648910522,0.2889162600040436
YMR145C,YDR392W,0,-4.8182883,0.1841556578874588,0.6527093648910522,0.2891625761985779
YLR013W,YPR101W,0,-4.8185263,0.1840277761220932,0.6527093648910522,0.2894088625907898
YLR113W,YOR150W,0,-4.8185444,0.18390007317066193,0.6527093648910522,0.2896551787853241
YIL140W,YJL012C,0,-4.818649,0.18377253413200378,0.6527093648910522,0.289901465177536
YOR240W,YER056C,0,-4.819291,0.18364518880844116,0.6527093648910522,0.2901477813720703
YDR512C,YJL041W,0,-4.8193645,0.18351800739765167,0.6527093648910522,0.2903940975666046
YAR014C,YNL091W,0,-4.8195467,0.1833910048007965,0.6527093648910522,0.29064038395881653
YMR165C,YGL233W,0,-4.819648,0.18326418101787567,0.6527093648910522,0.29088670015335083
YLR039C,YMR045C,0,-4.8199444,0.18313752114772797,0.6527093648910522,0.29113301634788513
YKL013C,YLR080W,0,-4.8201733,0.18301105499267578,0.6527093648910522,0.29137930274009705
YCR020C,YJR043C,0,-4.8203554,0.18288475275039673,0.6527093648910522,0.29162561893463135
YDR272W,YJL112W,0,-4.820363,0.1827586144208908,0.6527093648910522,0.29187193512916565
YML042W,YJL013C,0,-4.820449,0.1826326698064804,0.6527093648910522,0.29211822152137756
YJL030W,YNL283C,0,-4.821608,0.18250688910484314,0.6527093648910522,0.29236453771591187
YKL092C,YGR206W,0,-4.821823,0.1823812872171402,0.6527093648910522,0.2926108241081238
YJL095W,YJL173C,0,-4.8223767,0.1822558492422104,0.6527093648910522,0.2928571403026581
YOR381W,YKR050W,0,-4.8226557,0.1821305900812149,0.6527093648910522,0.2931034564971924
YKR083C,YNL291C,0,-4.824287,0.18200549483299255,0.6527093648910522,0.2933497428894043
YLR466W,YDL118W,0,-4.824333,0.18188057839870453,0.6527093648910522,0.2935960590839386
YOR316C,YGL046W,0,-4.82444,0.18175582587718964,0.6527093648910522,0.2938423752784729
YCL024W,YOR305W,0,-4.824586,0.18163125216960907,0.6527093648910522,0.2940886616706848
YGR274C,YKL075C,0,-4.824841,0.18150684237480164,0.6527093648910522,0.2943349778652191
YBL051C,YDR292C,0,-4.8253517,0.18138261139392853,0.6527093648910522,0.2945812940597534
YIL150C,YNR003C,0,-4.825469,0.18125854432582855,0.6527093648910522,0.29482758045196533
YLL035W,YGR172C,0,-4.8258386,0.1811346560716629,0.6527093648910522,0.29507389664649963
YNR030W,YDR513W,0,-4.826047,0.18101093173027039,0.6527093648910522,0.29532018303871155
YPL254W,YOR110W,0,-4.826079,0.180887371301651,0.6527093648910522,0.29556649923324585
YLR398C,YPL041C,0,-4.826769,0.18076398968696594,0.6527093648910522,0.29581281542778015
YNR007C,YOR115C,0,-4.827277,0.18064075708389282,0.6527093648910522,0.29605910181999207
YJR060W,YOL006C,1,-4.8273277,0.18119890987873077,0.6551724076271057,0.29605910181999207
YCL034W,YLR039C,0,-4.827626,0.1810755580663681,0.6551724076271057,0.29630541801452637
YLL031C,YML043C,0,-4.827936,0.18095238506793976,0.6551724076271057,0.29655173420906067
YDL113C,YAL011W,0,-4.8285246,0.18082936108112335,0.6551724076271057,0.2967980206012726
YPL050C,YDR484W,0,-4.828533,0.18070651590824127,0.6551724076271057,0.2970443367958069
YDL065C,YDR306C,0,-4.8287635,0.18058384954929352,0.6551724076271057,0.2972906529903412
YHR176W,YNL133C,0,-4.8289957,0.1804613322019577,0.6551724076271057,0.2975369393825531
YOR020C,YJR052W,0,-4.82913,0.18033897876739502,0.6551724076271057,0.2977832555770874
YKL052C,YBR298C,0,-4.82937,0.18021680414676666,0.6551724076271057,0.2980295419692993
YAL023C,YJR143C,0,-4.8295603,0.18009479343891144,0.6551724076271057,0.2982758581638336
YDR080W,YGR251W,0,-4.829846,0.17997293174266815,0.6551724076271057,0.2985221743583679
YJL106W,YMR133W,0,-4.8300805,0.1798512488603592,0.6551724076271057,0.29876846075057983
YPL053C,YLR398C,0,-4.830158,0.17972972989082336,0.6551724076271057,0.29901477694511414
YBL097W,YPL204W,1,-4.8304625,0.1802835911512375,0.6576354503631592,0.29901477694511414
YAR015W,YPL276W,0,-4.8309364,0.18016193807125092,0.6576354503631592,0.29926109313964844
YLR102C,YIR011C,1,-4.831346,0.18071477115154266,0.6600984930992126,0.29926109313964844
YMR127C,YDL224C,0,-4.8313665,0.18059299886226654,0.6600984930992126,0.29950737953186035
YJL219W,YNL036W,0,-4.83158,0.18047137558460236,0.6600984930992126,0.29975369572639465
YKR083C,YHR072W-A,0,-4.831816,0.1803499311208725,0.6600984930992126,0.30000001192092896
YER172C,YLR246W,0,-4.8320494,0.18022865056991577,0.6600984930992126,0.30024629831314087
YMR163C,YIL135C,0,-4.832052,0.18010753393173218,0.6600984930992126,0.30049261450767517
YGL241W,YCR035C,0,-4.832179,0.17998656630516052,0.6600984930992126,0.3007389307022095
YIR008C,YJR066W,0,-4.832392,0.1798657774925232,0.6600984930992126,0.3009852170944214
YML019W,YNL247W,0,-4.8324995,0.1797451376914978,0.6600984930992126,0.3012315332889557
YGR005C,YHL028W,0,-4.83275,0.17962466180324554,0.6600984930992126,0.3014778196811676
YAL038W,YGR109W-B,0,-4.8331122,0.17950434982776642,0.6600984930992126,0.3017241358757019
YKL049C,YGL240W,1,-4.833368,0.18005354702472687,0.6625615954399109,0.3017241358757019
YHR038W,YNL093W,0,-4.833628,0.1799331158399582,0.6625615954399109,0.3019704520702362
YPL084W,YNR013C,0,-4.834062,0.17981283366680145,0.6625615954399109,0.3022167384624481
YNL073W,YDR176W,0,-4.834219,0.17969271540641785,0.6625615954399109,0.3024630546569824
YCR092C,YML058W,0,-4.834474,0.17957276105880737,0.6625615954399109,0.3027093708515167
YMR168C,YHL012W,0,-4.8351164,0.17945297062397003,0.6625615954399109,0.30295565724372864
YGL240W,YER147C,1,-4.8353558,0.18000000715255737,0.6650246381759644,0.30295565724372864
YOR381W,YPR168W,0,-4.8354106,0.1798800826072693,0.6650246381759644,0.30320197343826294
YER030W,YGR072W,0,-4.835799,0.17976032197475433,0.6650246381759644,0.30344828963279724
YHR088W,YKL130C,0,-4.836918,0.1796407252550125,0.6650246381759644,0.30369457602500916
YDL247W,YNL216W,0,-4.8371587,0.17952127754688263,0.6650246381759644,0.30394089221954346
YML019W,YKL130C,0,-4.837427,0.17940199375152588,0.6650246381759644,0.30418717861175537
YFR036W,YLR357W,1,-4.8377714,0.1799468845129013,0.6674876809120178,0.30418717861175537
YBL071W-A,YKR001C,0,-4.837906,0.1798274666070938,0.6674876809120178,0.3044334948062897
YHR190W,YLR055C,0,-4.8386164,0.17970822751522064,0.6674876809120178,0.304679811000824
YIL085C,YMR030W,0,-4.8386745,0.1795891374349594,0.6674876809120178,0.3049260973930359
YNL325C,YER145C,0,-4.838957,0.17947019636631012,0.6674876809120178,0.3051724135875702
YER109C,YJL179W,0,-4.8393555,0.17935141921043396,0.6674876809120178,0.3054187297821045
YGL181W,YGL094C,0,-4.8394394,0.17923280596733093,0.6674876809120178,0.3056650161743164
YKL049C,YJL019W,1,-4.8410144,0.17977528274059296,0.6699507236480713,0.3056650161743164
YBL085W,YDR194C,0,-4.84161,0.17965653538703918,0.6699507236480713,0.3059113323688507
YOR240W,YBR265W,0,-4.841688,0.17953795194625854,0.6699507236480713,0.306157648563385
YKL052C,YER190W,0,-4.842042,0.17941953241825104,0.6699507236480713,0.3064039349555969
YBR200W,YPR167C,0,-4.843346,0.17930124700069427,0.6699507236480713,0.3066502511501312
YBL052C,YOR047C,0,-4.843645,0.17918314039707184,0.6699507236480713,0.30689653754234314
YDR494W,YDR212W,0,-4.8440695,0.17906516790390015,0.6699507236480713,0.30714285373687744
YHR075C,YAR044W,0,-4.8443303,0.17894737422466278,0.6699507236480713,0.30738916993141174
YMR213W,YKL201C,0,-4.8445706,0.17882971465587616,0.6699507236480713,0.30763545632362366
YGR075C,YKL188C,0,-4.8450546,0.17871221899986267,0.6699507236480713,0.30788177251815796
YJR055W,YDL007W,0,-4.845353,0.17859487235546112,0.6699507236480713,0.30812808871269226
YHR166C,YER147C,1,-4.8454895,0.17913386225700378,0.6724137663841248,0.30812808871269226
YJR060W,YFR036W,1,-4.84563,0.17967213690280914,0.674876868724823,0.30812808871269226
YER014C-A,YFR009W,0,-4.845752,0.17955438792705536,0.674876868724823,0.3083743751049042
YNL156C,YLR376C,0,-4.8459215,0.1794368028640747,0.674876868724823,0.3086206912994385
YBR288C,YJL114W,0,-4.845972,0.179319366812706,0.674876868724823,0.3088670074939728
YNL256W,YDR080W,0,-4.8461266,0.1792020946741104,0.674876868724823,0.3091132938861847
YGR092W,YPL257W-A,0,-4.846305,0.17908497154712677,0.674876868724823,0.309359610080719
YLR129W,YGR027W-A,0,-4.8481717,0.17896799743175507,0.674876868724823,0.3096058964729309
YPL047W,YGR046W,0,-4.848563,0.1788511723279953,0.674876868724823,0.3098522126674652
YOL077C,YBL100W-A,0,-4.8485866,0.17873451113700867,0.674876868724823,0.3100985288619995
YPL178W,YIL121W,0,-4.8486137,0.17861799895763397,0.674876868724823,0.3103448152542114
YOR317W,YGR183C,0,-4.848651,0.17850163578987122,0.674876868724823,0.3105911314487457
YIL021W,YPR088C,0,-4.8489,0.1783854216337204,0.674876868724823,0.31083744764328003
YBR017C,YDR395W,0,-4.848971,0.17826935648918152,0.674876868724823,0.31108373403549194
YEL053C,YLR071C,0,-4.8496428,0.17815344035625458,0.674876868724823,0.31133005023002625
YMR163C,YHR077C,0,-4.849904,0.17803768813610077,0.674876868724823,0.31157636642456055
YDL165W,YML115C,0,-4.850013,0.1779220849275589,0.674876868724823,0.31182265281677246
YGL046W,YER029C,0,-4.850234,0.17780661582946777,0.674876868724823,0.31206896901130676
YOR240W,YDR292C,0,-4.8505063,0.17769131064414978,0.674876868724823,0.31231528520584106
YER109C,YPR139C,0,-4.850601,0.17757615447044373,0.674876868724823,0.312561571598053
YJR060W,YJR112W,1,-4.8508983,0.178108811378479,0.6773399114608765,0.312561571598053
YGL206C,YML130C,0,-4.85174,0.1779935210943222,0.6773399114608765,0.3128078877925873
YOL149W,YBR195C,0,-4.851973,0.17787839472293854,0.6773399114608765,0.3130541741847992
YMR081C,YJL176C,0,-4.8520055,0.1777634173631668,0.6773399114608765,0.3133004903793335
YGL240W,YPL204W,1,-4.852474,0.1782945692539215,0.6798029541969299,0.3133004903793335
YLR080W,YGL158W,0,-4.8529773,0.17817947268486023,0.6798029541969299,0.3135468065738678
YLR088W,YOR237W,0,-4.854762,0.1780645102262497,0.6798029541969299,0.3137930929660797
YGR286C,YNL093W,0,-4.856877,0.1779497116804123,0.6798029541969299,0.314039409160614
YNR013C,YNL054W-B,0,-4.857711,0.17783504724502563,0.6798029541969299,0.3142857253551483
YNR007C,YDR073W,0,-4.8577547,0.1777205467224121,0.6798029541969299,0.31453201174736023
YLR430W,YNL244C,0,-4.8577685,0.17760618031024933,0.6798029541969299,0.31477832794189453
YBL015W,YER104W,0,-4.85784,0.1774919629096985,0.6798029541969299,0.31502464413642883
YKL052C,YHL028W,0,-4.8586817,0.17737789452075958,0.6798029541969299,0.31527093052864075
YFR036W,YIR011C,1,-4.8594275,0.17790623009204865,0.6822659969329834,0.31527093052864075
YGL233W,YEL020W-A,0,-4.8594465,0.1777920424938202,0.6822659969329834,0.31551724672317505
YBR288C,YDL092W,0,-4.859667,0.17767800390720367,0.6822659969329834,0.31576353311538696
YGL216W,YMR045C,0,-4.8596754,0.1775640994310379,0.6822659969329834,0.31600984930992126
YMR292W,YBR119W,0,-4.8596897,0.17745035886764526,0.6822659969329834,0.31625616550445557
YJL219W,YGL129C,0,-4.8600774,0.17733675241470337,0.6822659969329834,0.3165024518966675
YDR507C,YDR292C,0,-4.861223,0.1772232949733734,0.6822659969329834,0.3167487680912018
YIR023W,YGR020C,0,-4.861485,0.1771099716424942,0.6822659969329834,0.3169950842857361
YKL113C,YDL047W,0,-4.861577,0.17699681222438812,0.6822659969329834,0.317241370677948
YPR049C,YDR011W,0,-4.861882,0.1768837869167328,0.6822659969329834,0.3174876868724823
YGR120C,YJR094C,0,-4.862066,0.1767708957195282,0.6822659969329834,0.3177340030670166
YOL086C,YER009W,0,-4.86231,0.17665816843509674,0.6822659969329834,0.3179802894592285
YDR176W,YDL047W,0,-4.862519,0.17654557526111603,0.6822659969329834,0.3182266056537628
YLR330W,YDR217C,0,-4.8626075,0.17643311619758606,0.6822659969329834,0.31847289204597473
YDL095W,YLR224W,0,-4.862633,0.17632082104682922,0.6822659969329834,0.31871920824050903
YNL314W,YLR385C,0,-4.862978,0.17620864510536194,0.6822659969329834,0.31896552443504333
YMR081C,YPL276W,0,-4.863946,0.17609663307666779,0.6822659969329834,0.31921181082725525
YJL187C,YHR214C-C,0,-4.8643293,0.17598475515842438,0.6822659969329834,0.31945812702178955
YGL075C,YDR306C,0,-4.8645964,0.1758730113506317,0.6822659969329834,0.31970444321632385
YOL100W,YOR117W,0,-4.8646693,0.175761416554451,0.6822659969329834,0.31995072960853577
YDR072C,YOR187W,0,-4.864854,0.1756499707698822,0.6822659969329834,0.32019704580307007
YMR080C,YER002W,0,-4.8649173,0.17553865909576416,0.6822659969329834,0.32044336199760437
YIR023W,YLR126C,0,-4.8649178,0.17542748153209686,0.6822659969329834,0.3206896483898163
YGR278W,YGR020C,0,-4.865163,0.1753164529800415,0.6822659969329834,0.3209359645843506
YMR023C,YGR183C,0,-4.865177,0.17520557343959808,0.6822659969329834,0.3211822807788849
YDR025W,YLR224W,0,-4.8655252,0.1750948131084442,0.6822659969329834,0.3214285671710968
YNL291C,YFR037C,0,-4.8657866,0.17498420178890228,0.6822659969329834,0.3216748833656311
YJL080C,YIL126W,1,-4.8658814,0.17550505697727203,0.6847290396690369,0.3216748833656311
YAR014C,YPR101W,0,-4.8660755,0.17539432644844055,0.6847290396690369,0.321921169757843
YMR135C,YDR088C,0,-4.8663416,0.17528373003005981,0.6847290396690369,0.3221674859523773
YJR001W,YDR088C,0,-4.8664656,0.17517328262329102,0.6847290396690369,0.3224138021469116
YJR060W,YCR077C,1,-4.8670263,0.17569269239902496,0.6871921420097351,0.3224138021469116
YOR156C,YGR089W,1,-4.868018,0.17621144652366638,0.6896551847457886,0.3224138021469116
YDR392W,YGR251W,0,-4.8680735,0.17610062658786774,0.6896551847457886,0.32266008853912354
YHR176W,YDL188C,0,-4.8680773,0.17598994076251984,0.6896551847457886,0.32290640473365784
YNL156C,YJL056C,0,-4.8693385,0.17587940394878387,0.6896551847457886,0.32315272092819214
YOL100W,YOR192C-B,0,-4.8696547,0.17576898634433746,0.6896551847457886,0.32339900732040405
YLR102C,YGR089W,1,-4.8703446,0.17628607153892517,0.692118227481842,0.32339900732040405
YDR164C,YGL213C,0,-4.8705835,0.1761755496263504,0.692118227481842,0.32364532351493835
YCL034W,YKL200C,0,-4.870895,0.17606516182422638,0.692118227481842,0.32389163970947266
YHR108W,YOL072W,0,-4.871975,0.1759549081325531,0.692118227481842,0.32413792610168457
YOL065C,YOR288C,0,-4.8721666,0.17584480345249176,0.692118227481842,0.32438424229621887
YNL272C,YNL247W,0,-4.872199,0.17573483288288116,0.692118227481842,0.3246305286884308
YNR033W,YER157W,0,-4.8722134,0.1756249964237213,0.692118227481842,0.3248768448829651
YDR023W,YMR045C,0,-4.872962,0.1755153089761734,0.692118227481842,0.3251231610774994
YPL055C,YKL075C,0,-4.8732,0.17540574073791504,0.692118227481842,0.3253694474697113
YNL233W,YDL118W,0,-4.8734083,0.17529632151126862,0.692118227481842,0.3256157636642456
YMR133W,YDL007W,0,-4.8736267,0.17518703639507294,0.692118227481842,0.3258620798587799
YCL011C,YPR168W,0,-4.874155,0.175077885389328,0.692118227481842,0.3261083662509918
YDR264C,YOR363C,0,-4.8743362,0.1749688684940338,0.692118227481842,0.3263546824455261
YGL051W,YOR110W,0,-4.8745003,0.17485998570919037,0.692118227481842,0.3266009986400604
YBL046W,YHL034C,0,-4.8745356,0.17475123703479767,0.692118227481842,0.32684728503227234
YOL003C,YIL021W,0,-4.8745875,0.1746426373720169,0.692118227481842,0.32709360122680664
YOR081C,YLR426W,0,-4.8750157,0.1745341569185257,0.692118227481842,0.32733988761901855
YML006C,YGL129C,0,-4.8752756,0.17442582547664642,0.692118227481842,0.32758620381355286
YGR112W,YGR080W,0,-4.875352,0.1743176132440567,0.692118227481842,0.32783252000808716
YJR121W,YCL034W,0,-4.8763447,0.17420955002307892,0.692118227481842,0.3280788064002991
YBL046W,YAR035W,0,-4.877016,0.17410160601139069,0.692118227481842,0.3283251225948334
YDR011W,YGR005C,0,-4.8771696,0.1739938110113144,0.692118227481842,0.3285714387893677
YHR038W,YPL120W,0,-4.877858,0.17388613522052765,0.692118227481842,0.3288177251815796
YPR049C,YML046W,0,-4.8783813,0.17377860844135284,0.692118227481842,0.3290640413761139
YJL110C,YBR086C,0,-4.878633,0.1736712008714676,0.692118227481842,0.3293103575706482
YBR043C,YLR055C,0,-4.8794847,0.17356392741203308,0.692118227481842,0.3295566439628601
YJL127C,YLR227W-A,0,-4.8795457,0.17345678806304932,0.692118227481842,0.3298029601573944
YOR288C,YIL135C,0,-4.8800497,0.1733497828245163,0.692118227481842,0.3300492465496063
YJL187C,YNL247W,0,-4.880501,0.17324291169643402,0.692118227481842,0.3302955627441406
YHR129C,YBR188C,0,-4.880715,0.1731361746788025,0.692118227481842,0.3305418789386749
YMR168C,YPL249C,0,-4.8807745,0.1730295568704605,0.692118227481842,0.33078816533088684
YKL149C,YBL051C,0,-4.8810053,0.17292307317256927,0.692118227481842,0.33103448152542114
YML110C,YDR513W,0,-4.881167,0.17281672358512878,0.692118227481842,0.33128079771995544
YJL110C,YDR073W,0,-4.8815813,0.17271050810813904,0.692118227481842,0.33152708411216736
YKL092C,YOR028C,0,-4.881988,0.17260442674160004,0.692118227481842,0.33177340030670166
YER014C-A,YIL085C,0,-4.8822618,0.17249846458435059,0.692118227481842,0.33201971650123596
YBR243C,YMR051C,0,-4.8824005,0.17239263653755188,0.692118227481842,0.3322660028934479
YIR028W,YNL036W,0,-4.8824463,0.17228694260120392,0.692118227481842,0.3325123190879822
YOR240W,YGL038C,0,-4.882752,0.1721813678741455,0.692118227481842,0.3327586352825165
YBL097W,YML085C,1,-4.8831697,0.1726883053779602,0.6945812702178955,0.3327586352825165
YNL325C,YOL011W,0,-4.8832984,0.17258262634277344,0.6945812702178955,0.3330049216747284
YML048W,YJL012C,0,-4.8833203,0.17247706651687622,0.6945812702178955,0.3332512378692627
YKL189W,YMR247C,0,-4.8834925,0.17237164080142975,0.6945812702178955,0.3334975242614746
YAL038W,YNL236W,0,-4.884259,0.17226633429527283,0.6945812702178955,0.3337438404560089
YKR099W,YPL178W,0,-4.8845544,0.17216117680072784,0.6945812702178955,0.3339901566505432
YLR418C,YGR175C,0,-4.8853397,0.1720561385154724,0.6945812702178955,0.3342364430427551
YJR105W,YPR125W,0,-4.885468,0.17195121943950653,0.6945812702178955,0.33448275923728943
YER021W,YMR045C,0,-4.8856025,0.1718464344739914,0.6945812702178955,0.33472907543182373
YMR213W,YDR261W-B,0,-4.8856473,0.171741783618927,0.6945812702178955,0.33497536182403564
YKR039W,YLR224W,0,-4.8859215,0.17163725197315216,0.6945812702178955,0.33522167801856995
YKL092C,YBR117C,0,-4.886051,0.17153283953666687,0.6945812702178955,0.33546799421310425
YGR238C,YKR085C,0,-4.886084,0.17142857611179352,0.6945812702178955,0.33571428060531616
YDR252W,YLR363C,0,-4.886118,0.17132441699504852,0.6945812702178955,0.33596059679985046
YJR147W,YIL150C,0,-4.886281,0.17122040688991547,0.6945812702178955,0.3362068831920624
YBR070C,YNL236W,0,-4.886282,0.17111650109291077,0.6945812702178955,0.3364531993865967
YNL102W,YER049W,0,-4.8865385,0.1710127294063568,0.6945812702178955,0.336699515581131
YGR278W,YGL046W,0,-4.8869066,0.1709090918302536,0.6945812702178955,0.3369458019733429
YBR135W,YOR388C,0,-4.887368,0.17080557346343994,0.6945812702178955,0.3371921181678772
YGR257C,YLR426W,0,-4.887659,0.17070217430591583,0.6945812702178955,0.3374384343624115
YDR264C,YCL024W,0,-4.8877583,0.17059890925884247,0.6945812702178955,0.3376847207546234
YMR145C,YGR251W,0,-4.888086,0.17049576342105865,0.6945812702178955,0.3379310369491577
YIL126W,YIR011C,1,-4.8882446,0.17099697887897491,0.697044312953949,0.3379310369491577
YJR094C,YJL012C-A,0,-4.888422,0.17089371383190155,0.697044312953949,0.338177353143692
YLR189C,YAL068C,0,-4.8886027,0.17079058289527893,0.697044312953949,0.33842363953590393
YML042W,YJL112W,0,-4.88931,0.17068757116794586,0.697044312953949,0.33866995573043823
YCR010C,YMR172W,0,-4.889412,0.17058469355106354,0.697044312953949,0.33891624212265015
YHL024W,YDR170W-A,0,-4.889455,0.17048193514347076,0.697044312953949,0.33916255831718445
YDL153C,YDR392W,0,-4.8894916,0.17037929594516754,0.697044312953949,0.33940887451171875
YKL149C,YGR245C,0,-4.8911533,0.17027677595615387,0.697044312953949,0.33965516090393066
YMR097C,YDR140W,0,-4.891411,0.17017439007759094,0.697044312953949,0.33990147709846497
YFL022C,YMR163C,0,-4.891492,0.17007210850715637,0.697044312953949,0.34014779329299927
YPL243W,YKR001C,0,-4.8917,0.16996997594833374,0.697044312953949,0.3403940796852112
YMR004W,YOL003C,0,-4.8921843,0.16986794769763947,0.697044312953949,0.3406403958797455
YPL047W,YHR206W,0,-4.892621,0.16976605355739594,0.697044312953949,0.3408867120742798
YHR075C,YGL046W,0,-4.893753,0.16966426372528076,0.697044312953949,0.3411329984664917
YGR286C,YDL224C,0,-4.894557,0.16956260800361633,0.697044312953949,0.341379314661026
YDR412W,YLR126C,0,-4.8946123,0.16946107149124146,0.697044312953949,0.3416256010532379
YBR188C,YFL049W,0,-4.8947344,0.16935966908931732,0.697044312953949,0.3418719172477722
YKR026C,YGL075C,0,-4.895584,0.16925837099552155,0.697044312953949,0.3421182334423065
YLR096W,YHR066W,0,-4.895776,0.1691572070121765,0.697044312953949,0.34236451983451843
YKL068W,YPR101W,0,-4.8958344,0.16905614733695984,0.697044312953949,0.34261083602905273
YPR168W,YBL100W-A,0,-4.896117,0.1689552217721939,0.697044312953949,0.34285715222358704
YGR092W,YML007W,0,-4.896856,0.16885441541671753,0.697044312953949,0.34310343861579895
YPL002C,YGR072W,0,-4.8968887,0.1687537282705307,0.697044312953949,0.34334975481033325
YOR110W,YJL138C,0,-4.897029,0.16865316033363342,0.697044312953949,0.34359607100486755
YER030W,YHL007C,0,-4.8971786,0.1685527116060257,0.697044312953949,0.34384235739707947
YER145C,YOL111C,0,-4.8971853,0.16845238208770752,0.697044312953949,0.34408867359161377
YNR032C-A,YNL106C,0,-4.897256,0.1683521717786789,0.697044312953949,0.34433498978614807
YKL206C,YPL254W,0,-4.8976393,0.16825208067893982,0.697044312953949,0.34458127617836
YML036W,YER009W,0,-4.897644,0.1681521087884903,0.697044312953949,0.3448275923728943
YOR126C,YJR052W,0,-4.898158,0.16805225610733032,0.697044312953949,0.3450738787651062
YJR077C,YNL247W,0,-4.8983326,0.1679525226354599,0.697044312953949,0.3453201949596405
YDL046W,YPR125W,0,-4.8996043,0.16785290837287903,0.697044312953949,0.3455665111541748
YPL028W,YML058W,0,-4.899782,0.1677534133195877,0.697044312953949,0.3458127975463867
YJL019W,YBR156C,1,-4.901334,0.16824644804000854,0.6995074152946472,0.3458127975463867
YHR166C,YLR357W,1,-4.901713,0.16873890161514282,0.7019704580307007,0.3458127975463867
YGL043W,YDR192C,0,-4.901798,0.16863904893398285,0.7019704580307007,0.346059113740921
YPL213W,YPL045W,0,-4.9020405,0.16853933036327362,0.7019704580307007,0.3463054299354553
YAR044W,YPL019C,0,-4.902202,0.16843971610069275,0.7019704580307007,0.34655171632766724
YGR165W,YGL022W,0,-4.9027863,0.16834022104740143,0.7019704580307007,0.34679803252220154
YLR451W,YGR178C,0,-4.9030886,0.16824084520339966,0.7019704580307007,0.34704434871673584
YLR088W,YDR183W,0,-4.9035025,0.16814158856868744,0.7019704580307007,0.34729063510894775
YBR156C,YOL006C,1,-4.9036956,0.16863207519054413,0.7044335007667542,0.34729063510894775
YCR052W,YDL118W,0,-4.9037266,0.16853269934654236,0.7044335007667542,0.34753695130348206
YBR195C,YDR334W,0,-4.9041452,0.16843345761299133,0.7044335007667542,0.34778323769569397
YLR096W,YFL005W,0,-4.904672,0.16833432018756866,0.7044335007667542,0.34802955389022827
YMR048W,YIR011C,1,-4.9050617,0.16882352530956268,0.7068965435028076,0.34802955389022827
YGR172C,YJL114W,0,-4.9057336,0.16872428357601166,0.7068965435028076,0.3482758700847626
YDR252W,YDL005C,0,-4.9063864,0.168625146150589,0.7068965435028076,0.3485221564769745
YML112W,YHR066W,0,-4.9066353,0.16852612793445587,0.7068965435028076,0.3487684726715088
YNL314W,YOL109W,0,-4.9070425,0.1684272289276123,0.7068965435028076,0.3490147888660431
YDL165W,YLL001W,0,-4.9071894,0.1683284491300583,0.7068965435028076,0.349261075258255
YBL097W,YJL080C,1,-4.9075956,0.16881594061851501,0.7093595862388611,0.349261075258255
YNL135C,YKR085C,0,-4.907812,0.16871704161167145,0.7093595862388611,0.3495073914527893
YBL071W-A,YHR133C,0,-4.9081874,0.16861826181411743,0.7093595862388611,0.3497537076473236
YDL164C,YHR133C,0,-4.908332,0.16851960122585297,0.7093595862388611,0.3499999940395355
YOR126C,YFL018W-A,0,-4.908346,0.16842105984687805,0.7093595862388611,0.3502463102340698
YHR143W,YGL113W,0,-4.908638,0.1683226227760315,0.7093595862388611,0.35049259662628174
YOR156C,YML124C,1,-4.9086795,0.16880841553211212,0.7118226885795593,0.35049259662628174
YER104W,YLR227W-B,0,-4.9088206,0.168709859251976,0.7118226885795593,0.35073891282081604
YLR190W,YHR098C,0,-4.90892,0.16861143708229065,0.7118226885795593,0.35098522901535034
YCL011C,YDR170W-A,0,-4.9091177,0.16851311922073364,0.7118226885795593,0.35123151540756226
YBL074C,YBR119W,0,-4.909355,0.1684149205684662,0.7118226885795593,0.35147783160209656
YDR121W,YGL051W,0,-4.9108214,0.1683168262243271,0.7118226885795593,0.35172414779663086
YMR239C,YPR101W,0,-4.9116855,0.16821886599063873,0.7118226885795593,0.3519704341888428
YJL176C,YDL201W,0,-4.9120865,0.16812099516391754,0.7118226885795593,0.3522167503833771
YDR339C,YCL061C,0,-4.912113,0.1680232584476471,0.7118226885795593,0.3524630665779114
YMR135C,YJL114W,0,-4.912467,0.167925626039505,0.7118226885795593,0.3527093529701233
YLR129W,YPL041C,0,-4.912946,0.16782811284065247,0.7118226885795593,0.3529556691646576
YER083C,YHR072W-A,0,-4.91297,0.16773070394992828,0.7118226885795593,0.3532019555568695
YGL158W,YKR042W,0,-4.9130554,0.16763341426849365,0.7118226885795593,0.3534482717514038
YDR507C,YDR004W,0,-4.9131675,0.16753622889518738,0.7118226885795593,0.3536945879459381
YGR221C,YDR170W-A,0,-4.9134345,0.16743916273117065,0.7118226885795593,0.35394087433815
YGL028C,YNL283C,0,-4.913452,0.16734221577644348,0.7118226885795593,0.3541871905326843
YLR354C,YOR115C,0,-4.913595,0.16724537312984467,0.7118226885795593,0.35443350672721863
YMR299C,YKR001C,0,-4.91372,0.1671486347913742,0.7118226885795593,0.35467979311943054
YML058W,YDR484W,0,-4.9139023,0.1670520305633545,0.7118226885795593,0.35492610931396484
YMR172W,YOR201C,0,-4.915177,0.16695551574230194,0.7118226885795593,0.35517242550849915
YJR112W,YBR156C,1,-4.915238,0.16743649542331696,0.7142857313156128,0.35517242550849915
YAL038W,YML067C,0,-4.915247,0.16733987629413605,0.7142857313156128,0.35541871190071106
YNL287W,YPR125W,0,-4.9156437,0.1672433614730835,0.7142857313156128,0.35566502809524536
YGL094C,YMR133W,0,-4.9164705,0.1671469807624817,0.7142857313156128,0.35591134428977966
YOR178C,YMR145C,0,-4.9165497,0.16705068945884705,0.7142857313156128,0.3561576306819916
YBL056W,YNL216W,0,-4.9172354,0.16695451736450195,0.7142857313156128,0.3564039468765259
YLR357W,YBR156C,1,-4.917261,0.16743382811546326,0.7167487740516663,0.3564039468765259
YDL174C,YPL060C-A,0,-4.917626,0.1673375517129898,0.7167487740516663,0.3566502332687378
YGR178C,YPR041W,0,-4.918128,0.16724137961864471,0.7167487740516663,0.3568965494632721
YDL113C,YNL073W,0,-4.918729,0.16714531183242798,0.7167487740516663,0.3571428656578064
YER104W,YDR092W,0,-4.9189134,0.1670493632555008,0.7167487740516663,0.3573891520500183
YDR364C,YBR086C,0,-4.9196053,0.16695353388786316,0.7167487740516663,0.3576354682445526
YFL018W-A,YLR182W,0,-4.919741,0.1668577939271927,0.7167487740516663,0.3578817844390869
YLR154C,YOL109W,0,-4.920471,0.16676217317581177,0.7167487740516663,0.35812807083129883
YOR388C,YDR194C,0,-4.921089,0.1666666716337204,0.7167487740516663,0.35837438702583313
YKL089W,YML124C,1,-4.921517,0.16714367270469666,0.7192118167877197,0.35837438702583313
YFL035C-A,YJL140W,0,-4.921705,0.16704805195331573,0.7192118167877197,0.35862070322036743
YGL254W,YLR305C,0,-4.9219112,0.16695255041122437,0.7192118167877197,0.35886698961257935
YNL163C,YDR306C,0,-4.921912,0.16685713827610016,0.7192118167877197,0.35911330580711365
YGL113W,YLR426W,0,-4.9221354,0.1667618453502655,0.7192118167877197,0.35935959219932556
YLR102C,YER147C,1,-4.922249,0.16723744571208954,0.7216748595237732,0.35935959219932556
YPR073C,YDL047W,0,-4.922945,0.16714204847812653,0.7216748595237732,0.35960590839385986
YKL206C,YDL005C,0,-4.9234176,0.16704675555229187,0.7216748595237732,0.35985222458839417
YJR094C,YDR219C,0,-4.92396,0.16695156693458557,0.7216748595237732,0.3600985109806061
YLR080W,YDR176W,0,-4.9245834,0.16685649752616882,0.7216748595237732,0.3603448271751404
YGR075C,YNL287W,0,-4.924694,0.16676153242588043,0.7216748595237732,0.3605911433696747
YIR009W,YDR030C,0,-4.9252462,0.1666666716337204,0.7216748595237732,0.3608374297618866
YOR156C,YJR112W,1,-4.92566,0.1671404242515564,0.7241379022598267,0.3608374297618866
YDR016C,YHR123W,0,-4.925935,0.167045459151268,0.7241379022598267,0.3610837459564209
YHR085W,YNR013C,0,-4.926613,0.16695059835910797,0.7241379022598267,0.3613300621509552
YKL213C,YOL033W,0,-4.9266233,0.1668558418750763,0.7241379022598267,0.3615763485431671
YCR047C,YJL222W,0,-4.9267526,0.16676120460033417,0.7241379022598267,0.3618226647377014
YLL016W,YOR081C,0,-4.926832,0.1666666716337204,0.7241379022598267,0.36206895112991333
YDL007W,YER190W,0,-4.926962,0.16657224297523499,0.7241379022598267,0.36231526732444763
YLL004W,YDL153C,0,-4.9269814,0.16647791862487793,0.7241379022598267,0.36256158351898193
YMR058W,YDR261W-B,0,-4.9272504,0.16638369858264923,0.7241379022598267,0.36280786991119385
YLR013W,YML060W,0,-4.927783,0.16628959774971008,0.7241379022598267,0.36305418610572815
YML075C,YJL012C-A,0,-4.928104,0.1661955863237381,0.7241379022598267,0.36330050230026245
YPR189W,YJL012C-A,0,-4.9281645,0.16610169410705566,0.7241379022598267,0.36354678869247437
YJR001W,YBL071W-A,0,-4.9281807,0.1660079061985016,0.7241379022598267,0.36379310488700867
YDR483W,YML001W,0,-4.928272,0.16591422259807587,0.7241379022598267,0.36403942108154297
YDR246W,YNL054W-B,0,-4.9283395,0.1658206433057785,0.7241379022598267,0.3642857074737549
YDL188C,YBR265W,0,-4.9285398,0.1657271683216095,0.7241379022598267,0.3645320236682892
YLR047C,YNL272C,0,-4.9302034,0.16563379764556885,0.7241379022598267,0.3647783398628235
YFR036W,YOR156C,1,-4.9303794,0.16610360145568848,0.7266010046005249,0.3647783398628235
YLL035W,YJL186W,0,-4.930505,0.16601012647151947,0.7266010046005249,0.3650246262550354
YIL049W,YML121W,0,-4.931123,0.16591675579547882,0.7266010046005249,0.3652709424495697
YKL189W,YER173W,0,-4.9317,0.16582348942756653,0.7266010046005249,0.3655172288417816
YMR133W,YDR306C,0,-4.931827,0.1657303422689438,0.7266010046005249,0.3657635450363159
YLR102C,YMR048W,1,-4.9323716,0.1661987602710724,0.7290640473365784,0.3657635450363159
YNR033W,YGL183C,0,-4.9324694,0.1661054939031601,0.7290640473365784,0.3660098612308502
YOR187W,YGR109W-B,0,-4.9326477,0.16601233184337616,0.7290640473365784,0.36625614762306213
YNL261W,YGR027W-A,0,-4.9326477,0.16591928899288177,0.7290640473365784,0.36650246381759644
YOR372C,YKL120W,0,-4.9332914,0.16582633554935455,0.7290640473365784,0.36674878001213074
YGL153W,YGR241C,0,-4.9333835,0.1657334864139557,0.7290640473365784,0.36699506640434265
YLR013W,YMR081C,0,-4.9338226,0.16564074158668518,0.7290640473365784,0.36724138259887695
YDR470C,YMR051C,0,-4.934141,0.16554810106754303,0.7290640473365784,0.36748769879341125
YIL085C,YPL041C,0,-4.935127,0.16545556485652924,0.7290640473365784,0.36773398518562317
YCL034W,YAR003W,0,-4.935543,0.1653631329536438,0.7290640473365784,0.36798030138015747
YDR072C,YDR470C,0,-4.9356923,0.16527080535888672,0.7290640473365784,0.3682265877723694
YDR164C,YPL094C,0,-4.9357705,0.1651785671710968,0.7290640473365784,0.3684729039669037
YJL080C,YML085C,1,-4.935856,0.16564416885375977,0.7315270900726318,0.3684729039669037
YJR121W,YOR081C,0,-4.9363074,0.16555184125900269,0.7315270900726318,0.368719220161438
YHL038C,YDR261W-B,0,-4.93659,0.16545960307121277,0.7315270900726318,0.3689655065536499
YNL133C,YMR145C,0,-4.936895,0.1653674840927124,0.7315270900726318,0.3692118227481842
YER026C,YLR224W,0,-4.9371605,0.1652754545211792,0.7315270900726318,0.3694581389427185
YCR026C,YDL188C,0,-4.9371724,0.16518354415893555,0.7315270900726318,0.3697044253349304
YNL071W,YGR044C,0,-4.937991,0.16509172320365906,0.7315270900726318,0.3699507415294647
YPR179C,YHL012W,0,-4.938455,0.16500000655651093,0.7315270900726318,0.370197057723999
YDL024C,YER100W,0,-4.9390683,0.16490837931632996,0.7315270900726318,0.37044334411621094
YOR020C,YGR206W,0,-4.93917,0.16481687128543854,0.7315270900726318,0.37068966031074524
YNR060W,YML011C,0,-4.9393373,0.16472545266151428,0.7315270900726318,0.37093594670295715
YFR027W,YDR113C,1,-4.9393463,0.1651884764432907,0.7339901328086853,0.37093594670295715
YDR503C,YMR227C,0,-4.939743,0.1650969535112381,0.7339901328086853,0.37118226289749146
YDR507C,YDR295C,0,-4.9399266,0.16500553488731384,0.7339901328086853,0.37142857909202576
YER109C,YML016C,0,-4.940102,0.16491422057151794,0.7339901328086853,0.37167486548423767
YBR200W,YHL020C,0,-4.9405856,0.1648230105638504,0.7339901328086853,0.371921181678772
YBR118W,YOR115C,0,-4.940732,0.16473188996315002,0.7339901328086853,0.3721674978733063
YDR121W,YOR047C,0,-4.940769,0.1646408885717392,0.7339901328086853,0.3724137842655182
YBL071W-A,YNL297C,0,-4.9408607,0.16454997658729553,0.7339901328086853,0.3726601004600525
YHR190W,YFL035C-A,0,-4.940964,0.16445915400981903,0.7339901328086853,0.3729064166545868
YDR294C,YEL024W,0,-4.941025,0.16436845064163208,0.7339901328086853,0.3731527030467987
YJR132W,YNL272C,0,-4.9416466,0.1642778366804123,0.7339901328086853,0.373399019241333
YKR037C,YNL247W,0,-4.941739,0.16418732702732086,0.7339901328086853,0.3736453056335449
YOR261C,YDR073W,0,-4.942052,0.1640969216823578,0.7339901328086853,0.3738916218280792
YDL165W,YER166W,0,-4.942453,0.16400660574436188,0.7339901328086853,0.3741379380226135
YBR215W,YJL030W,0,-4.9427004,0.16391639411449432,0.7339901328086853,0.37438422441482544
YDL207W,YMR050C,0,-4.9434443,0.16382627189159393,0.7339901328086853,0.37463054060935974
YGL183C,YHL024W,0,-4.943853,0.1637362688779831,0.7339901328086853,0.37487685680389404
YDL153C,YLR383W,0,-4.9439154,0.16364635527133942,0.7339901328086853,0.37512314319610596
YLR102C,YIL126W,1,-4.9443035,0.1641053855419159,0.7364531755447388,0.37512314319610596
YNL325C,YNL169C,0,-4.944335,0.16401535272598267,0.7364531755447388,0.37536945939064026
YDR419W,YAR044W,0,-4.9447002,0.163925439119339,0.7364531755447388,0.37561577558517456
YHR166C,YMR117C,1,-4.944969,0.16438356041908264,0.738916277885437,0.37561577558517456
YCR010C,YLR148W,0,-4.9450235,0.1642935425043106,0.738916277885437,0.3758620619773865
YBR086C,YPL187W,0,-4.945785,0.16420361399650574,0.738916277885437,0.3761083781719208
YHR088W,YBL100W-A,0,-4.94631,0.16411378979682922,0.738916277885437,0.3763546943664551
YLR035C,YML016C,0,-4.9463468,0.16402405500411987,0.738916277885437,0.376600980758667
YPL028W,YDR470C,0,-4.946536,0.16393442451953888,0.738916277885437,0.3768472969532013
YGR005C,YDR170W-A,0,-4.9467735,0.16384489834308624,0.738916277885437,0.3770935833454132
YDR252W,YML115C,0,-4.9468184,0.16375546157360077,0.738916277885437,0.3773398995399475
YCL038C,YLR148W,0,-4.9469266,0.16366611421108246,0.738916277885437,0.3775862157344818
YLR148W,YAR044W,0,-4.946973,0.1635768860578537,0.738916277885437,0.3778325021266937
YBR243C,YLR378C,0,-4.9477897,0.1634877324104309,0.738916277885437,0.378078818321228
YML067C,YJR021C,0,-4.94804,0.16339869797229767,0.738916277885437,0.37832513451576233
YOR253W,YPR041W,0,-4.948102,0.1633097380399704,0.738916277885437,0.37857142090797424
YKL149C,YNL313C,0,-4.9481335,0.16322089731693268,0.738916277885437,0.37881773710250854
YOR288C,YOL011W,0,-4.948268,0.16313213109970093,0.738916277885437,0.37906405329704285
YMR128W,YKR061W,0,-4.948736,0.16304348409175873,0.738916277885437,0.37931033968925476
YPR049C,YKL189W,0,-4.948811,0.1629549115896225,0.738916277885437,0.37955665588378906
YER100W,YLR126C,0,-4.948835,0.16286644339561462,0.738916277885437,0.379802942276001
YGL233W,YDR484W,0,-4.949317,0.1627780795097351,0.738916277885437,0.3800492584705353
YLR196W,YPL045W,0,-4.949335,0.16268980503082275,0.738916277885437,0.3802955746650696
YHL007C,YDL015C,0,-4.9496446,0.16260161995887756,0.738916277885437,0.3805418610572815
YLR039C,YBL007C,0,-4.9498096,0.16251353919506073,0.738916277885437,0.3807881772518158
YLR390W-A,YOR043W,0,-4.9510536,0.16242554783821106,0.738916277885437,0.3810344934463501
YBR084W,YJL222W,0,-4.951765,0.16233766078948975,0.738916277885437,0.381280779838562
YBR216C,YGR109W-A,0,-4.951937,0.1622498631477356,0.738916277885437,0.3815270960330963
YOR259C,YGL104C,0,-4.9519634,0.1621621549129486,0.738916277885437,0.3817734122276306
YOR156C,YBR156C,1,-4.95313,0.16261480748653412,0.7413793206214905,0.3817734122276306
YNL216W,YKR060W,0,-4.953171,0.16252699494361877,0.7413793206214905,0.38201969861984253
YHR123W,YOR045W,0,-4.9544907,0.1624392867088318,0.7413793206214905,0.38226601481437683
YER014C-A,YDL046W,0,-4.954542,0.16235166788101196,0.7413793206214905,0.38251230120658875
YKL013C,YGR278W,0,-4.9556417,0.1622641533613205,0.7413793206214905,0.38275861740112305
YLR129W,YDR303C,0,-4.956522,0.1621767282485962,0.7413793206214905,0.38300493359565735
YPL179W,YIR008C,0,-4.956846,0.16208939254283905,0.7413793206214905,0.38325121998786926
YLR190W,YOR122C,0,-4.9569693,0.16200214624404907,0.7413793206214905,0.38349753618240356
YFL035C-A,YOR047C,0,-4.9571,0.16191500425338745,0.7413793206214905,0.38374385237693787
YLR148W,YIL153W,0,-4.9575024,0.161827951669693,0.7413793206214905,0.3839901387691498
YPL187W,YHL034C,0,-4.957651,0.1617410033941269,0.7413793206214905,0.3842364549636841
YJL201W,YHL034C,0,-4.957691,0.16165412962436676,0.7413793206214905,0.3844827711582184
YJL112W,YGR251W,0,-4.9578233,0.16156736016273499,0.7413793206214905,0.3847290575504303
YFR036W,YML085C,1,-4.9581394,0.16201716661453247,0.743842363357544,0.3847290575504303
YDR384C,YMR163C,0,-4.958678,0.16193029284477234,0.743842363357544,0.3849753737449646
YFR036W,YJL019W,1,-4.9593453,0.1623794138431549,0.7463054060935974,0.3849753737449646
YIL140W,YDL005C,0,-4.959761,0.1622924506664276,0.7463054060935974,0.3852216601371765
YJL002C,YLR039C,0,-4.9602075,0.1622055619955063,0.7463054060935974,0.3854679763317108
YNL001W,YPR088C,0,-4.96042,0.16211877763271332,0.7463054060935974,0.3857142925262451
YHR069C,YDR484W,0,-4.9606056,0.1620320826768875,0.7463054060935974,0.38596057891845703
YLR039C,YPL041C,0,-4.961261,0.16194547712802887,0.7463054060935974,0.38620689511299133
YAL038W,YLR224W,0,-4.961357,0.16185897588729858,0.7463054060935974,0.38645321130752563
YGR089W,YDR113C,1,-4.961384,0.16230645775794983,0.7487684488296509,0.38645321130752563
YKR099W,YML121W,0,-4.9615216,0.1622198522090912,0.7487684488296509,0.38669949769973755
YJR060W,YJL080C,1,-4.9619045,0.1626666635274887,0.7512315511703491,0.38669949769973755
YLR167W,YER120W,0,-4.961918,0.1625799536705017,0.7512315511703491,0.38694581389427185
YPL217C,YAR014C,0,-4.9622126,0.16249333322048187,0.7512315511703491,0.38719213008880615
YPR031W,YLR466W,0,-4.9626756,0.1624068170785904,0.7512315511703491,0.38743841648101807
YGL251C,YNL247W,0,-4.9626837,0.16232039034366608,0.7512315511703491,0.38768473267555237
YDR303C,YDR170W-A,0,-4.963149,0.16223403811454773,0.7512315511703491,0.38793104887008667
YHL020C,YGR075C,0,-4.9636602,0.16214779019355774,0.7512315511703491,0.3881773352622986
YOL158C,YJR132W,0,-4.964388,0.1620616316795349,0.7512315511703491,0.3884236514568329
YNL314W,YFL035C-A,0,-4.9644017,0.16197557747364044,0.7512315511703491,0.3886699378490448
YOR122C,YKR042W,0,-4.964711,0.16188959777355194,0.7512315511703491,0.3889162540435791
YDR073W,YJR141W,0,-4.9648495,0.1618037074804306,0.7512315511703491,0.3891625702381134
YGR142W,YKL075C,0,-4.965103,0.16171792149543762,0.7512315511703491,0.3894088566303253
YMR081C,YIL150C,0,-4.9656157,0.1616322249174118,0.7512315511703491,0.3896551728248596
YJR077C,YOR327C,0,-4.9659376,0.16154660284519196,0.7512315511703491,0.3899014890193939
YDL113C,YGR193C,0,-4.9662466,0.16146108508110046,0.7512315511703491,0.39014777541160583
YGR257C,YLR224W,0,-4.966284,0.16137565672397614,0.7512315511703491,0.39039409160614014
YGR172C,YPL041C,0,-4.966877,0.16129031777381897,0.7512315511703491,0.39064040780067444
YOR317W,YCL034W,0,-4.9669247,0.16120506823062897,0.7512315511703491,0.39088669419288635
YGL181W,YLR466W,0,-4.967016,0.16111990809440613,0.7512315511703491,0.39113301038742065
YOR020C,YNL272C,0,-4.967799,0.16103485226631165,0.7512315511703491,0.39137929677963257
YNL333W,YML001W,0,-4.9680395,0.16094987094402313,0.7512315511703491,0.39162561297416687
YBR213W,YLR130C,0,-4.968138,0.16086497902870178,0.7512315511703491,0.39187192916870117
YFR036W,YIL126W,1,-4.968526,0.16130731999874115,0.7536945939064026,0.39187192916870117
YFL035C-A,YOL033W,0,-4.9685845,0.16122233867645264,0.7536945939064026,0.3921182155609131
YER030W,YNL073W,0,-4.968648,0.1611374467611313,0.7536945939064026,0.3923645317554474
YNL071W,YAR003W,0,-4.968768,0.1610526293516159,0.7536945939064026,0.3926108479499817
YLR361C,YPR088C,0,-4.9690423,0.16096791625022888,0.7536945939064026,0.3928571343421936
YER036C,YDR364C,0,-4.969516,0.16088327765464783,0.7536945939064026,0.3931034505367279
YMR239C,YPL060C-A,0,-4.9700255,0.16079874336719513,0.7536945939064026,0.3933497667312622
YLR189C,YBR188C,0,-4.970089,0.1607142835855484,0.7536945939064026,0.3935960531234741
YER166W,YLR190W,0,-4.9704456,0.16062992811203003,0.7536945939064026,0.3938423693180084
YNL133C,YDR323C,0,-4.9704666,0.16054564714431763,0.7536945939064026,0.39408865571022034
YBR244W,YDR261C-C,0,-4.9711246,0.1604614555835724,0.7536945939064026,0.39433497190475464
YGR289C,YPL092W,0,-4.971153,0.1603773534297943,0.7536945939064026,0.39458128809928894
YDL207W,YER190W,0,-4.971301,0.1602933406829834,0.7536945939064026,0.39482757449150085
YER157W,YDR255C,0,-4.971569,0.16020941734313965,0.7536945939064026,0.39507389068603516
YGL133W,YPL164C,0,-4.9717097,0.16012558341026306,0.7536945939064026,0.39532020688056946
YLR226W,YLR357W,1,-4.972311,0.1605648547410965,0.756157636642456,0.39532020688056946
YBR055C,YLR409C,0,-4.9726734,0.16048091650009155,0.756157636642456,0.39556649327278137
YDL209C,YDR164C,0,-4.972951,0.16039706766605377,0.756157636642456,0.3958128094673157
YDR264C,YCL044C,0,-4.9732203,0.16031332314014435,0.756157636642456,0.39605912566185
YDL188C,YKL145W,0,-4.973391,0.1602296382188797,0.756157636642456,0.3963054120540619
YLR378C,YDR463W,0,-4.9741335,0.1601460576057434,0.756157636642456,0.3965517282485962
YPL267W,YOR020C,0,-4.9741745,0.16006256639957428,0.756157636642456,0.3967980444431305
YER061C,YDL056W,0,-4.9745183,0.15997914969921112,0.756157636642456,0.3970443308353424
YDR039C,YDR198C,0,-4.9746547,0.15989583730697632,0.756157636642456,0.3972906470298767
YOR240W,YPR179C,0,-4.9750643,0.15981259942054749,0.756157636642456,0.3975369334220886
YDR054C,YKL120W,0,-4.975127,0.15972945094108582,0.756157636642456,0.3977832496166229
YNR060W,YJL114W,0,-4.975166,0.1596463918685913,0.756157636642456,0.3980295658111572
YOL065C,YLR154C,0,-4.9753466,0.15956340730190277,0.756157636642456,0.39827585220336914
YKR083C,YDR212W,0,-4.975956,0.1594805121421814,0.756157636642456,0.39852216839790344
YOR156C,YIR011C,1,-4.9767275,0.1599169224500656,0.7586206793785095,0.39852216839790344
YOL011W,YNL054W-B,0,-4.976946,0.15983393788337708,0.7586206793785095,0.39876848459243774
YLR035C,YDR306C,0,-4.9772363,0.1597510427236557,0.7586206793785095,0.39901477098464966
YNR043W,YKR050W,0,-4.9780197,0.1596682220697403,0.7586206793785095,0.39926108717918396
YGR193C,YNL054W-B,0,-4.9780984,0.15958549082279205,0.7586206793785095,0.39950740337371826
YDR194C,YIR008C,0,-4.978344,0.15950284898281097,0.7586206793785095,0.3997536897659302
YJR060W,YML085C,1,-4.9786377,0.15993788838386536,0.761083722114563,0.3997536897659302
YOR067C,YDR045C,0,-4.9787364,0.15985514223575592,0.761083722114563,0.4000000059604645
YNL216W,YER100W,0,-4.978753,0.15977248549461365,0.761083722114563,0.4002462923526764
YNR058W,YNL272C,0,-4.978939,0.15968991816043854,0.761083722114563,0.4004926085472107
YPR186C,YDL224C,0,-4.9790773,0.1596074402332306,0.761083722114563,0.400738924741745
YDR272W,YOR192C-B,0,-4.9794326,0.1595250368118286,0.761083722114563,0.4009852111339569
YDR004W,YML109W,0,-4.979529,0.1594427227973938,0.761083722114563,0.4012315273284912
YOR341W,YGR042W,0,-4.9797206,0.15936049818992615,0.761083722114563,0.4014778435230255
YOR288C,YJR043C,0,-4.980339,0.15927834808826447,0.761083722114563,0.4017241299152374
YJL173C,YBR118W,0,-4.980727,0.15919628739356995,0.761083722114563,0.40197044610977173
YFL055W,YIL062C,0,-4.9809976,0.1591143161058426,0.761083722114563,0.40221676230430603
YDR071C,YPL045W,0,-4.9810753,0.1590324193239212,0.761083722114563,0.40246304869651794
YMR207C,YFL018W-A,0,-4.981324,0.15895061194896698,0.761083722114563,0.40270936489105225
YHR214C-C,YNL054W-B,0,-4.9814043,0.15886889398097992,0.761083722114563,0.40295565128326416
YOR126C,YNL333W,0,-4.9815025,0.15878725051879883,0.761083722114563,0.40320196747779846
YGR172C,YJL056C,0,-4.9823914,0.1587056964635849,0.761083722114563,0.40344828367233276
YDR140W,YDR412W,0,-4.9827204,0.15862423181533813,0.761083722114563,0.4036945700645447
YBR156C,YIR011C,1,-4.9830008,0.1590559333562851,0.7635468244552612,0.4036945700645447
YLL036C,YLR275W,0,-4.9830112,0.15897436439990997,0.7635468244552612,0.403940886259079
YLR276C,YOR298W,0,-4.983323,0.15889286994934082,0.7635468244552612,0.4041872024536133
YER052C,YPL045W,0,-4.983432,0.15881147980690002,0.7635468244552612,0.4044334888458252
YDR038C,YDR306C,0,-4.9834404,0.1587301641702652,0.7635468244552612,0.4046798050403595
YJR001W,YAR014C,0,-4.9839196,0.15864892303943634,0.7635468244552612,0.4049261212348938
YBL097W,YOL006C,1,-4.983921,0.15907928347587585,0.7660098671913147,0.4049261212348938
YLR453C,YHR111W,0,-4.9842296,0.15899795293807983,0.7660098671913147,0.4051724076271057
YPR175W,YLR227W-B,0,-4.9844213,0.15891671180725098,0.7660098671913147,0.40541872382164
YGL222C,YPR101W,0,-4.98448,0.1588355451822281,0.7660098671913147,0.40566501021385193
YPR051W,YLR163C,0,-4.9846206,0.15875446796417236,0.7660098671913147,0.40591132640838623
YEL069C,YGL120C,0,-4.985046,0.1586734652519226,0.7660098671913147,0.40615764260292053
YLR340W,YCR052W,0,-4.98524,0.15859255194664001,0.7660098671913147,0.40640392899513245
YHR190W,YOL033W,0,-4.9859324,0.15851172804832458,0.7660098671913147,0.40665024518966675
YBR153W,YFL018W-A,0,-4.9860964,0.15843097865581512,0.7660098671913147,0.40689656138420105
YDL113C,YBR126C,0,-4.9861674,0.15835030376911163,0.7660098671913147,0.40714284777641296
YJR043C,YHL022C,0,-4.986359,0.1582697182893753,0.7660098671913147,0.40738916397094727
YOR126C,YDR043C,0,-4.9865155,0.15818922221660614,0.7660098671913147,0.40763548016548157
YGL153W,YKL145W,0,-4.986601,0.15810880064964294,0.7660098671913147,0.4078817665576935
YER105C,YGR161C-C,0,-4.986697,0.15802845358848572,0.7660098671913147,0.4081280827522278
YDR176W,YER104W,0,-4.986909,0.15794819593429565,0.7660098671913147,0.4083743989467621
YMR023C,YNL283C,0,-4.987008,0.15786802768707275,0.7660098671913147,0.408620685338974
YER147C,YIL126W,1,-4.987341,0.15829528868198395,0.7684729099273682,0.408620685338974
YML016C,YDR412W,0,-4.987405,0.1582150161266327,0.7684729099273682,0.4088670015335083
YNR057C,YPL164C,0,-4.9874687,0.1581348180770874,0.7684729099273682,0.4091132879257202
YKR039W,YML058W,0,-4.9877753,0.15805470943450928,0.7684729099273682,0.4093596041202545
YHR058C,YDR170W-A,0,-4.987978,0.15797469019889832,0.7684729099273682,0.4096059203147888
YBL074C,YOR110W,0,-4.9882665,0.15789473056793213,0.7684729099273682,0.40985220670700073
YNL233W,YIL019W,0,-4.9885273,0.1578148752450943,0.7684729099273682,0.41009852290153503
YOR316C,YOL076W,0,-4.989047,0.15773507952690125,0.7684729099273682,0.41034483909606934
YOR381W,YPL179W,0,-4.9890947,0.15765538811683655,0.7684729099273682,0.41059112548828125
YKL188C,YHL034C,0,-4.989163,0.15757575631141663,0.7684729099273682,0.41083744168281555
YGR245C,YDR170W-A,0,-4.9895644,0.15749621391296387,0.7684729099273682,0.41108375787734985
YKL149C,YDR412W,0,-4.990049,0.15741674602031708,0.7684729099273682,0.41133004426956177
YKL082C,YMR127C,0,-4.9901757,0.15733736753463745,0.7684729099273682,0.41157636046409607
YGR238C,YGL096W,0,-4.9902277,0.1572580635547638,0.7684729099273682,0.411822646856308
YGL112C,YGR161C-C,0,-4.990367,0.1571788340806961,0.7684729099273682,0.4120689630508423
YDR323C,YDL118W,0,-4.9904356,0.15709969401359558,0.7684729099273682,0.4123152792453766
YPL267W,YDR261W-B,0,-4.9906454,0.15702062845230103,0.7684729099273682,0.4125615656375885
YNL091W,YKR060W,0,-4.99088,0.15694165229797363,0.7684729099273682,0.4128078818321228
YLR129W,YCL011C,0,-4.9911013,0.1568627506494522,0.7684729099273682,0.4130541980266571
YOR244W,YMR081C,0,-4.9911256,0.15678392350673676,0.7684729099273682,0.413300484418869
YML074C,YLR126C,0,-4.991785,0.15670517086982727,0.7684729099273682,0.4135468006134033
YER052C,YGR251W,0,-4.992092,0.15662650763988495,0.7684729099273682,0.4137931168079376
YDL043C,YFL060C,0,-4.9923577,0.1565479189157486,0.7684729099273682,0.41403940320014954
YOL086C,YGL253W,0,-4.992875,0.1564694046974182,0.7684729099273682,0.41428571939468384
YGR286C,YBR086C,0,-4.993601,0.156390979886055,0.7684729099273682,0.41453200578689575
YKR026C,YBL004W,0,-4.993778,0.15631262958049774,0.7684729099273682,0.41477832198143005
YJR094C,YHR178W,0,-4.99424,0.15623435378074646,0.7684729099273682,0.41502463817596436
YMR048W,YCR077C,1,-4.9944086,0.1566566526889801,0.7709359526634216,0.41502463817596436
YPR168W,YJR143C,0,-4.994702,0.15657828748226166,0.7709359526634216,0.41527092456817627
YLR102C,YJR060W,1,-4.9951043,0.15700000524520874,0.7733989953994751,0.41527092456817627
YMR255W,YKL113C,0,-4.9951315,0.15692153573036194,0.7733989953994751,0.41551724076271057
YPR093C,YGL233W,0,-4.9956217,0.1568431556224823,0.7733989953994751,0.4157635569572449
YOR381W,YDL188C,0,-4.996004,0.15676485002040863,0.7733989953994751,0.4160098433494568
YGL183C,YGR042W,0,-4.996181,0.15668663382530212,0.7733989953994751,0.4162561595439911
YER147C,YML124C,1,-4.996567,0.15710723400115967,0.7758620977401733,0.4162561595439911
YOR298W,YPL232W,0,-4.9969234,0.1570289134979248,0.7758620977401733,0.4165024757385254
YJR047C,YBR086C,0,-4.9972205,0.1569506675004959,0.7758620977401733,0.4167487621307373
YOR112W,YMR267W,0,-4.9982376,0.15687251091003418,0.7758620977401733,0.4169950783252716
YPL196W,YHR214C-C,0,-4.9992805,0.15679442882537842,0.7758620977401733,0.4172413647174835
YHR065C,YKR029C,0,-4.999582,0.15671642124652863,0.7758620977401733,0.4174876809120178
YGL113W,YOR192C-A,0,-4.9998093,0.1566384881734848,0.7758620977401733,0.4177339971065521
YGL183C,YOR150W,0,-4.999836,0.15656062960624695,0.7758620977401733,0.41798028349876404
YGR089W,YBR156C,1,-5.0000067,0.15697963535785675,0.7783251404762268,0.41798028349876404
YDR463W,YDR365W-A,0,-5.0001793,0.15690168738365173,0.7783251404762268,0.41822659969329834
YOR208W,YLR354C,0,-5.000929,0.15682381391525269,0.7783251404762268,0.41847291588783264
YMR168C,YDR365W-A,0,-5.0019255,0.1567460298538208,0.7783251404762268,0.41871920228004456
YLR305C,YDR449C,0,-5.002182,0.15666832029819489,0.7783251404762268,0.41896551847457886
YNR033W,YNL073W,0,-5.003006,0.15659068524837494,0.7783251404762268,0.41921183466911316
YPR049C,YJR053W,0,-5.0030327,0.15651312470436096,0.7783251404762268,0.4194581210613251
YIL140W,YEL024W,0,-5.0030456,0.15643563866615295,0.7783251404762268,0.4197044372558594
YDR110W,YPL050C,0,-5.003108,0.1563582420349121,0.7783251404762268,0.4199507534503937
YPL047W,YNL054W-B,0,-5.0031443,0.15628090500831604,0.7783251404762268,0.4201970398426056
YOR208W,YDL159W,0,-5.003234,0.15620365738868713,0.7783251404762268,0.4204433560371399
YEL020W-A,YNL247W,0,-5.003251,0.1561264842748642,0.7783251404762268,0.4206896424293518
YLR129W,YDR156W,0,-5.0034533,0.15604938566684723,0.7783251404762268,0.4209359586238861
YGR175C,YPR010C,0,-5.0035524,0.15597236156463623,0.7783251404762268,0.4211822748184204
YER173W,YOR261C,0,-5.0038514,0.1558954119682312,0.7783251404762268,0.4214285612106323
YOR195W,YPL243W,0,-5.0040703,0.15581853687763214,0.7783251404762268,0.4216748774051666
YLR324W,YLR227W-B,0,-5.0042057,0.15574175119400024,0.7783251404762268,0.4219211935997009
YGR257C,YLR410W-A,0,-5.0043654,0.15566502511501312,0.7783251404762268,0.42216747999191284
YMR058W,YER029C,0,-5.0053515,0.15558837354183197,0.7783251404762268,0.42241379618644714
YBR156C,YMR117C,1,-5.0056124,0.156003937125206,0.7807881832122803,0.42241379618644714
YOL149W,YER190W,0,-5.0057273,0.15592719614505768,0.7807881832122803,0.42266011238098145
YLR088W,YKR061W,0,-5.0058913,0.15585054457187653,0.7807881832122803,0.42290639877319336
YMR081C,YOR305W,0,-5.00596,0.15577395260334015,0.7807881832122803,0.42315271496772766
YDR508C,YMR127C,0,-5.006455,0.15569745004177094,0.7807881832122803,0.4233990013599396
YDR071C,YDR183W,0,-5.006553,0.1556210070848465,0.7807881832122803,0.4236453175544739
YDR299W,YER093C,0,-5.0066204,0.15554465353488922,0.7807881832122803,0.4238916337490082
YDR198C,YGR027W-A,0,-5.0068407,0.15546835958957672,0.7807881832122803,0.4241379201412201
YHR094C,YNL139C,0,-5.007398,0.15539215505123138,0.7807881832122803,0.4243842363357544
YFR004W,YPL041C,0,-5.0084267,0.15531602501869202,0.7807881832122803,0.4246305525302887
YDR192C,YMR133W,0,-5.0086145,0.15523995459079742,0.7807881832122803,0.4248768389225006
YBR017C,YPL214C,0,-5.008637,0.15516397356987,0.7807881832122803,0.4251231551170349
YDR038C,YJR035W,0,-5.008914,0.15508806705474854,0.7807881832122803,0.4253694713115692
YOR288C,YKL130C,0,-5.0097933,0.15501222014427185,0.7807881832122803,0.42561575770378113
YGR252W,YOR253W,0,-5.010191,0.15493646264076233,0.7807881832122803,0.42586207389831543
YLL004W,YDR080W,0,-5.010255,0.15486076474189758,0.7807881832122803,0.42610836029052734
YFR009W,YKL200C,0,-5.0104446,0.15478515625,0.7807881832122803,0.42635467648506165
YMR080C,YDL153C,0,-5.0107117,0.1547096073627472,0.7807881832122803,0.42660099267959595
YDR264C,YOR192C-A,0,-5.011219,0.15463414788246155,0.7807881832122803,0.42684727907180786
YOR316C,YMR309C,0,-5.0114603,0.15455874800682068,0.7807881832122803,0.42709359526634216
YGL240W,YDR113C,1,-5.0116086,0.15497076511383057,0.7832512259483337,0.42709359526634216
YML036W,YKR061W,0,-5.011833,0.15489527583122253,0.7832512259483337,0.42733991146087646
YGL094C,YGL158W,0,-5.0119066,0.15481986105442047,0.7832512259483337,0.4275861978530884
YDR176W,YDR365W-A,0,-5.011938,0.15474452078342438,0.7832512259483337,0.4278325140476227
YOL006C,YML085C,1,-5.012352,0.15515564382076263,0.7857142686843872,0.4278325140476227
YOR120W,YOR126C,0,-5.012393,0.15508021414279938,0.7857142686843872,0.428078830242157
YLR189C,YFL058W,0,-5.012507,0.1550048589706421,0.7857142686843872,0.4283251166343689
YCL067C,YNL002C,0,-5.0125475,0.15492957830429077,0.7857142686843872,0.4285714328289032
YER100W,YLR410W-A,0,-5.012703,0.15485437214374542,0.7857142686843872,0.4288177192211151
YER017C,YDR110W,0,-5.012726,0.15477924048900604,0.7857142686843872,0.4290640354156494
YKL113C,YFR004W,0,-5.014342,0.15470416843891144,0.7857142686843872,0.4293103516101837
YFR047C,YLR453C,0,-5.0144944,0.154629185795784,0.7857142686843872,0.42955663800239563
YHR178W,YDR212W,0,-5.014533,0.15455426275730133,0.7857142686843872,0.42980295419692993
YDR071C,YNL054W-B,0,-5.0147486,0.15447941422462463,0.7857142686843872,0.43004927039146423
YER049W,YPL276W,0,-5.0152893,0.1544046401977539,0.7857142686843872,0.43029555678367615
YKR099W,YOR192C-B,0,-5.015397,0.15432994067668915,0.7857142686843872,0.43054187297821045
YPL196W,YPL232W,0,-5.0158463,0.15425531566143036,0.7857142686843872,0.43078818917274475
YOR208W,YOR151C,0,-5.01597,0.15418076515197754,0.7857142686843872,0.43103447556495667
YLR075W,YLR409C,0,-5.0163,0.1541062742471695,0.7857142686843872,0.43128079175949097
YKL189W,YOR192C-A,0,-5.016477,0.1540318727493286,0.7857142686843872,0.43152710795402527
YPR107C,YKL075C,0,-5.016697,0.1539575308561325,0.7857142686843872,0.4317733943462372
YHR166C,YIR011C,1,-5.0171804,0.1543656587600708,0.7881773114204407,0.4317733943462372
YGL130W,YML019W,0,-5.018116,0.15429122745990753,0.7881773114204407,0.4320197105407715
YDR523C,YPL257W-A,0,-5.01826,0.15421687066555023,0.7881773114204407,0.4322659969329834
YMR048W,YPL204W,1,-5.0194893,0.15462428331375122,0.7906404137611389,0.4322659969329834
YGR193C,YDR011W,0,-5.0196075,0.15454983711242676,0.7906404137611389,0.4325123131275177
YML042W,YDL178W,0,-5.019719,0.15447545051574707,0.7906404137611389,0.432758629322052
YBR119W,YHL028W,0,-5.0201197,0.15440115332603455,0.7906404137611389,0.4330049157142639
YGL222C,YPL249C,0,-5.0201645,0.1543269157409668,0.7906404137611389,0.4332512319087982
YDR294C,YPL257W-A,0,-5.0202045,0.1542527675628662,0.7906404137611389,0.4334975481033325
YAR035W,YLR426W,0,-5.020508,0.1541786789894104,0.7906404137611389,0.43374383449554443
YNL073W,YOR372C,0,-5.0208116,0.15410465002059937,0.7906404137611389,0.43399015069007874
YLR165C,YBR216C,0,-5.020944,0.1540307104587555,0.7906404137611389,0.43423646688461304
YER036C,YPL037C,0,-5.0209484,0.1539568305015564,0.7906404137611389,0.43448275327682495
YLR418C,YML024W,0,-5.0216103,0.15388302505016327,0.7906404137611389,0.43472906947135925
YMR322C,YOR068C,0,-5.0221214,0.1538092941045761,0.7906404137611389,0.43497535586357117
YDR294C,YJR052W,0,-5.0222263,0.15373563766479492,0.7906404137611389,0.43522167205810547
YBL088C,YJL056C,0,-5.022868,0.1536620408296585,0.7906404137611389,0.43546798825263977
YPL115C,YGR195W,0,-5.022873,0.15358851850032806,0.7906404137611389,0.4357142746448517
YDR503C,YMR165C,0,-5.023556,0.1535150706768036,0.7906404137611389,0.435960590839386
YOL109W,YJL114W,0,-5.023612,0.1534416824579239,0.7906404137611389,0.4362069070339203
YCL029C,YHL020C,0,-5.0237513,0.15336836874485016,0.7906404137611389,0.4364531934261322
YJL116C,YLR126C,0,-5.0242643,0.1532951295375824,0.7906404137611389,0.4366995096206665
YDL153C,YBL088C,0,-5.0245323,0.1532219499349594,0.7906404137611389,0.4369458258152008
YLL004W,YPR143W,0,-5.0252943,0.1531488597393036,0.7906404137611389,0.4371921122074127
YJL030W,YGR183C,0,-5.0253606,0.15307582914829254,0.7906404137611389,0.437438428401947
YMR213W,YKL140W,0,-5.0258,0.15300285816192627,0.7906404137611389,0.43768471479415894
YLL001W,YJR153W,0,-5.026148,0.15292996168136597,0.7906404137611389,0.43793103098869324
YML007W,YDR115W,0,-5.0263333,0.15285713970661163,0.7906404137611389,0.43817734718322754
YOR174W,YBR043C,0,-5.026648,0.15278439223766327,0.7906404137611389,0.43842363357543945
YLR102C,YBL097W,1,-5.0266585,0.15318743884563446,0.7931034564971924,0.43842363357543945
YKL082C,YCR018C,0,-5.0268474,0.15311460196971893,0.7931034564971924,0.43866994976997375
YGR231C,YKL075C,0,-5.027014,0.15304182469844818,0.7931034564971924,0.43891626596450806
YOL158C,YPL028W,0,-5.027191,0.1529691219329834,0.7931034564971924,0.43916255235671997
YDR483W,YGR251W,0,-5.0276074,0.15289649367332458,0.7931034564971924,0.4394088685512543
YLR390W-A,YBL100W-A,0,-5.0277176,0.15282392501831055,0.7931034564971924,0.4396551847457886
YHR129C,YGR161C-C,0,-5.0291095,0.15275141596794128,0.7931034564971924,0.4399014711380005
YMR163C,YDR334W,0,-5.0297804,0.15267899632453918,0.7931034564971924,0.4401477873325348
YLR453C,YLR136C,0,-5.029876,0.15260663628578186,0.7931034564971924,0.4403941035270691
YCR018C,YGR109W-A,0,-5.0300536,0.1525343507528305,0.7931034564971924,0.440640389919281
YLR390W-A,YBR117C,0,-5.0300627,0.15246212482452393,0.7931034564971924,0.4408867061138153
YDR292C,YDL118W,0,-5.030097,0.15238997340202332,0.7931034564971924,0.4411329925060272
YJR053W,YHR038W,0,-5.0301476,0.15231788158416748,0.7931034564971924,0.4413793087005615
YOR372C,YGR042W,0,-5.030559,0.15224586427211761,0.7931034564971924,0.4416256248950958
YNR043W,YGL225W,0,-5.030582,0.15217390656471252,0.7931034564971924,0.44187191128730774
YML085C,YML124C,1,-5.030629,0.15257440507411957,0.7955664992332458,0.44187191128730774
YER104W,YFL018W-A,0,-5.03188,0.15250235795974731,0.7955664992332458,0.44211822748184204
YMR048W,YBR156C,1,-5.0321198,0.15290230512619019,0.7980295419692993,0.44211822748184204
YGL240W,YML085C,1,-5.032218,0.1533018797636032,0.8004925847053528,0.44211822748184204
YPL204W,YML085C,1,-5.0323024,0.1537010818719864,0.802955687046051,0.44211822748184204
YFR009W,YDL046W,0,-5.032361,0.1536286473274231,0.802955687046051,0.44236454367637634
YFL022C,YGR077C,0,-5.032505,0.15355628728866577,0.802955687046051,0.44261083006858826
YML075C,YML115C,0,-5.0327063,0.15348398685455322,0.802955687046051,0.44285714626312256
YLR035C,YGR161C-C,0,-5.0342627,0.15341176092624664,0.802955687046051,0.44310346245765686
YCL038C,YDL178W,0,-5.0343056,0.15333960950374603,0.802955687046051,0.4433497488498688
YPL187W,YGL028C,0,-5.0345488,0.1532675176858902,0.802955687046051,0.4435960650444031
YCL052C,YJL114W,0,-5.035012,0.15319548547267914,0.802955687046051,0.443842351436615
YBR086C,YDR494W,0,-5.035637,0.15312352776527405,0.802955687046051,0.4440886676311493
YDR184C,YLR227W-A,0,-5.03623,0.15305164456367493,0.802955687046051,0.4443349838256836
YOR207C,YLR313C,0,-5.036246,0.15297982096672058,0.802955687046051,0.4445812702178955
YNL256W,YPR139C,0,-5.036395,0.1529080718755722,0.802955687046051,0.4448275864124298
YMR145C,YDL159W,0,-5.0372963,0.1528363823890686,0.802955687046051,0.4450739026069641
YPL037C,YOR110W,0,-5.037605,0.15276476740837097,0.802955687046051,0.445320188999176
YNL156C,YMR165C,0,-5.0388427,0.15269321203231812,0.802955687046051,0.4455665051937103
YBR043C,YOR110W,0,-5.039357,0.15262171626091003,0.802955687046051,0.44581282138824463
YNL232W,YER104W,0,-5.0397882,0.15255030989646912,0.802955687046051,0.44605910778045654
YGR120C,YDR170W-A,0,-5.040225,0.15247894823551178,0.802955687046051,0.44630542397499084
YOR327C,YHL022C,0,-5.040389,0.1524076610803604,0.802955687046051,0.44655171036720276
YLR035C,YGR027W-A,0,-5.04083,0.15233644843101501,0.802955687046051,0.44679802656173706
YDL065C,YGL022W,0,-5.041104,0.1522652953863144,0.802955687046051,0.44704434275627136
YDR294C,YIL150C,0,-5.0413694,0.15219421684741974,0.802955687046051,0.4472906291484833
YBR070C,YDR092W,0,-5.04238,0.15212319791316986,0.802955687046051,0.4475369453430176
YOR028C,YPL257W-A,0,-5.042671,0.15205223858356476,0.802955687046051,0.4477832615375519
YBR244W,YLR426W,0,-5.042735,0.15198135375976562,0.802955687046051,0.4480295479297638
YDR339C,YCL011C,0,-5.043149,0.15191052854061127,0.802955687046051,0.4482758641242981
YDR072C,YDR217C,0,-5.043461,0.15183977782726288,0.802955687046051,0.4485221803188324
YGL094C,YGR241C,0,-5.0435095,0.15176908671855927,0.802955687046051,0.4487684667110443
YMR100W,YJR156C,0,-5.044546,0.15169847011566162,0.802955687046051,0.4490147829055786
YHR056C,YML001W,0,-5.0446005,0.15162791311740875,0.802955687046051,0.4492610692977905
YHR066W,YOL072W,0,-5.045564,0.15155741572380066,0.802955687046051,0.44950738549232483
YGL017W,YNR058W,0,-5.046429,0.15148699283599854,0.802955687046051,0.44975370168685913
YPL178W,YOR192C-A,0,-5.0467196,0.1514166295528412,0.802955687046051,0.44999998807907104
YBL011W,YLR126C,0,-5.047232,0.1513463258743286,0.802955687046051,0.45024630427360535
YDR252W,YMR050C,0,-5.0472527,0.151276096701622,0.802955687046051,0.45049262046813965
YDL159W,YGR161C-C,0,-5.047902,0.15120594203472137,0.802955687046051,0.45073890686035156
YER168C,YPL045W,0,-5.048172,0.15113583207130432,0.802955687046051,0.45098522305488586
YLR275W,YGR161C-C,0,-5.0482283,0.15106579661369324,0.802955687046051,0.45123153924942017
YNL297C,YLR385C,0,-5.048638,0.15099583566188812,0.802955687046051,0.4514778256416321
YBL011W,YGR161C-C,0,-5.0492067,0.1509259194135666,0.802955687046051,0.4517241418361664
YOR231W,YDR261W-B,0,-5.049268,0.15085609257221222,0.802955687046051,0.4519704580307007
YJL106W,YNL049C,0,-5.0493264,0.15078631043434143,0.802955687046051,0.4522167444229126
YNL232W,YPL060C-A,0,-5.0493903,0.1507166028022766,0.802955687046051,0.4524630606174469
YPR093C,YDR192C,0,-5.0495405,0.15064695477485657,0.802955687046051,0.4527093470096588
YAL068C,YOR115C,0,-5.050157,0.1505773663520813,0.802955687046051,0.4529556632041931
YMR309C,YDL159W,0,-5.050501,0.150507852435112,0.802955687046051,0.4532019793987274
YML077W,YDR069C,0,-5.0506315,0.15043839812278748,0.802955687046051,0.45344826579093933
YDL164C,YHR056C,0,-5.0507116,0.15036900341510773,0.802955687046051,0.45369458198547363
YLR190W,YBL004W,0,-5.0508976,0.15029968321323395,0.802955687046051,0.45394089818000793
YMR303C,YLR126C,0,-5.0510807,0.15023040771484375,0.802955687046051,0.45418718457221985
YJL080C,YOL006C,1,-5.051125,0.15062183141708374,0.8054187297821045,0.45418718457221985
YLR246W,YOR192C-A,0,-5.0513735,0.15055248141288757,0.8054187297821045,0.45443350076675415
YOR028C,YOR081C,0,-5.051546,0.15048320591449738,0.8054187297821045,0.45467981696128845
YMR133W,YPR101W,0,-5.0517273,0.15041399002075195,0.8054187297821045,0.45492610335350037
YHR075C,YDR306C,0,-5.0522733,0.1503448337316513,0.8054187297821045,0.45517241954803467
YPL204W,YIL126W,1,-5.0523195,0.1507352888584137,0.807881772518158,0.45517241954803467
YNL133C,YDR011W,0,-5.0524073,0.15066605806350708,0.807881772518158,0.4554187059402466
YLR390W-A,YBR153W,0,-5.052529,0.15059687197208405,0.807881772518158,0.4556650221347809
YNR016C,YOR195W,0,-5.052726,0.15052776038646698,0.807881772518158,0.4559113383293152
YFL005W,YPL257W-A,0,-5.0527725,0.1504587084054947,0.807881772518158,0.4561576247215271
YLR340W,YDL118W,0,-5.0528326,0.15038973093032837,0.807881772518158,0.4564039409160614
YJR060W,YML124C,1,-5.0533085,0.1507790982723236,0.8103448152542114,0.4564039409160614
YGR288W,YOR208W,0,-5.0544767,0.15071003139019012,0.8103448152542114,0.4566502571105957
YOR112W,YOR028C,0,-5.055057,0.15064102411270142,0.8103448152542114,0.4568965435028076
YGL183C,YKL145W,0,-5.055159,0.15057207643985748,0.8103448152542114,0.4571428596973419
YGL046W,YER190W,0,-5.0561957,0.15050320327281952,0.8103448152542114,0.4573891758918762
YBR043C,YOR116C,0,-5.0563664,0.15043438971042633,0.8103448152542114,0.45763546228408813
YGR092W,YDR120C,0,-5.0569377,0.15036563575267792,0.8103448152542114,0.45788177847862244
YNL048W,YAR014C,0,-5.057228,0.15029694139957428,0.8103448152542114,0.45812806487083435
YLL038C,YOR143C,0,-5.05788,0.15022830665111542,0.8103448152542114,0.45837438106536865
YOR240W,YNL325C,0,-5.0579967,0.15015974640846252,0.8103448152542114,0.45862069725990295
YDR339C,YMR239C,0,-5.0584164,0.1500912457704544,0.8103448152542114,0.45886698365211487
YJL116C,YMR045C,0,-5.0584235,0.15002280473709106,0.8103448152542114,0.45911329984664917
YMR117C,YML124C,1,-5.0584974,0.15041020512580872,0.8128078579902649,0.45911329984664917
YMR255W,YKR061W,0,-5.0588107,0.1503416895866394,0.8128078579902649,0.45935961604118347
YHR129C,YDR365W-A,0,-5.058857,0.15027321875095367,0.8128078579902649,0.4596059024333954
YOR261C,YJR156C,0,-5.059031,0.1502048224210739,0.8128078579902649,0.4598522186279297
YER030W,YHL012W,0,-5.0595293,0.15013648569583893,0.8128078579902649,0.460098534822464
YJR060W,YKL049C,1,-5.0598264,0.15052296221256256,0.8152709603309631,0.460098534822464
YJL219W,YGR161C-C,0,-5.0600986,0.1504545509815216,0.8152709603309631,0.4603448212146759
YGL120C,YBL088C,0,-5.0602484,0.15038618445396423,0.8152709603309631,0.4605911374092102
YBR017C,YBR043C,0,-5.060482,0.15031789243221283,0.8152709603309631,0.4608374238014221
YML006C,YJL029C,0,-5.060772,0.1502496600151062,0.8152709603309631,0.4610837399959564
YDR054C,YDR261W-B,0,-5.0611963,0.15018148720264435,0.8152709603309631,0.4613300561904907
YGR165W,YLR410W-A,0,-5.0615225,0.15011337399482727,0.8152709603309631,0.46157634258270264
YKL049C,YCR077C,1,-5.062115,0.1504986435174942,0.8177340030670166,0.46157634258270264
YDR412W,YGR109W-A,0,-5.0621176,0.15043045580387115,0.8177340030670166,0.46182265877723694
YPR049C,YFR037C,0,-5.062265,0.1503623127937317,0.8177340030670166,0.46206897497177124
YGL241W,YLR092W,0,-5.0627112,0.1502942442893982,0.8177340030670166,0.46231526136398315
YER036C,YCR018C,0,-5.0634356,0.15022625029087067,0.8177340030670166,0.46256157755851746
YPL204W,YOR156C,1,-5.063628,0.15061058104038239,0.8201970458030701,0.46256157755851746
YML048W,YNL093W,0,-5.063841,0.1505424976348877,0.8201970458030701,0.46280789375305176
YHR129C,YHL034C,0,-5.0648623,0.15047447383403778,0.8201970458030701,0.46305418014526367
YMR165C,YGR274C,0,-5.0653715,0.15040650963783264,0.8201970458030701,0.463300496339798
YJL019W,YOL006C,1,-5.0655003,0.15079006552696228,0.8226600885391235,0.463300496339798
YGR142W,YOL111C,0,-5.0655103,0.15072202682495117,0.8226600885391235,0.4635468125343323
YCR020C-A,YLR227W-B,0,-5.066183,0.15065403282642365,0.8226600885391235,0.4637930989265442
YMR081C,YOR192C-B,0,-5.0661974,0.1505861133337021,0.8226600885391235,0.4640394151210785
YJL176C,YDR034C-D,0,-5.0668945,0.1505182534456253,0.8226600885391235,0.4642857015132904
YGL047W,YER145C,0,-5.066985,0.1504504531621933,0.8226600885391235,0.4645320177078247
YGR005C,YNL054W-B,0,-5.067728,0.15038271248340607,0.8226600885391235,0.464778333902359
YBL074C,YBR069C,0,-5.0678816,0.1503150314092636,0.8226600885391235,0.4650246202945709
YOR372C,YPL041C,0,-5.068079,0.15024740993976593,0.8226600885391235,0.4652709364891052
YOL033W,YOL011W,0,-5.068654,0.15017986297607422,0.8226600885391235,0.4655172526836395
YPL267W,YKL125W,0,-5.068816,0.1501123607158661,0.8226600885391235,0.46576353907585144
YHR133C,YKR087C,0,-5.0688977,0.15004491806030273,0.8226600885391235,0.46600985527038574
YGR044C,YMR045C,0,-5.0690393,0.14997754991054535,0.8226600885391235,0.46625617146492004
YLR119W,YDL118W,0,-5.0691066,0.14991022646427155,0.8226600885391235,0.46650245785713196
YBL015W,YDR323C,0,-5.0693007,0.1498429775238037,0.8226600885391235,0.46674877405166626
YDR436W,YDR164C,0,-5.069312,0.14977578818798065,0.8226600885391235,0.4669950604438782
YDR039C,YGL046W,0,-5.0694923,0.14970864355564117,0.8226600885391235,0.4672413766384125
YHL020C,YLR385C,0,-5.0699415,0.14964157342910767,0.8226600885391235,0.4674876928329468
YLR330W,YKL075C,0,-5.0700684,0.14957456290721893,0.8226600885391235,0.4677339792251587
YDR224C,YHL022C,0,-5.070849,0.14950761198997498,0.8226600885391235,0.467980295419693
YLR144C,YGR020C,0,-5.0709524,0.1494407206773758,0.8226600885391235,0.4682266116142273
YGR221C,YGR161C-C,0,-5.071007,0.1493738889694214,0.8226600885391235,0.4684728980064392
YNL106C,YLR227W-A,0,-5.0711555,0.14930710196495056,0.8226600885391235,0.4687192142009735
YML019W,YMR045C,0,-5.0713034,0.1492403894662857,0.8226600885391235,0.4689655303955078
YBR213W,YDR210W-D,0,-5.0717707,0.14917373657226562,0.8226600885391235,0.4692118167877197
YNL038W,YDR014W-A,0,-5.0717707,0.14910714328289032,0.8226600885391235,0.46945813298225403
YDR014W-A,YJL106W,0,-5.0717707,0.1490406095981598,0.8226600885391235,0.46970441937446594
YPL267W,YDR014W-A,0,-5.0717707,0.14897413551807404,0.8226600885391235,0.46995073556900024
YLL008W,YNL284C-A,0,-5.0717707,0.14890770614147186,0.8226600885391235,0.47019705176353455
YKR001C,YML045W-A,0,-5.0717707,0.14884135127067566,0.8226600885391235,0.47044333815574646
YDR014W-A,YOR043W,0,-5.0717707,0.14877505600452423,0.8226600885391235,0.47068965435028076
YBR244W,YML045W-A,0,-5.0717707,0.14870882034301758,0.8226600885391235,0.47093597054481506
YOR151C,YDR210W-D,0,-5.0717707,0.1486426293849945,0.8226600885391235,0.471182256937027
YDR463W,YHL009W-A,0,-5.0717707,0.1485765129327774,0.8226600885391235,0.4714285731315613
YFR047C,YML045W-A,0,-5.0717707,0.14851045608520508,0.8226600885391235,0.4716748893260956
YGR101W,YHL009W-A,0,-5.0717707,0.14844444394111633,0.8226600885391235,0.4719211757183075
YDR014W-A,YJL127C,0,-5.0717707,0.14837849140167236,0.8226600885391235,0.4721674919128418
YDR014W-A,YMR080C,0,-5.0717707,0.14831261336803436,0.8226600885391235,0.4724137783050537
YNL216W,YDR261C-C,0,-5.0717707,0.14824678003787994,0.8226600885391235,0.472660094499588
YDR342C,YDR210W-D,0,-5.0717707,0.1481810063123703,0.8226600885391235,0.4729064106941223
YDR513W,YDR014W-A,0,-5.0717707,0.14811529219150543,0.8226600885391235,0.47315269708633423
YOR120W,YML045W-A,0,-5.0717707,0.14804965257644653,0.8226600885391235,0.47339901328086853
YDL159W,YHL009W-A,0,-5.0717707,0.14798404276371002,0.8226600885391235,0.47364532947540283
YKL200C,YDR261W-B,0,-5.0717707,0.14791850745677948,0.8226600885391235,0.47389161586761475
YKL206C,YNL284C-A,0,-5.0717707,0.1478530317544937,0.8226600885391235,0.47413793206214905
YHL038C,YNL284C-A,0,-5.0717707,0.14778761565685272,0.8226600885391235,0.47438424825668335
YHR108W,YML045W-A,0,-5.0717707,0.1477222442626953,0.8226600885391235,0.47463053464889526
YOL076W,YML045W-A,0,-5.0717707,0.14765694737434387,0.8226600885391235,0.47487685084342957
YOR288C,YML045W-A,0,-5.0717707,0.147591695189476,0.8226600885391235,0.47512316703796387
YDR224C,YML045W-A,0,-5.0717707,0.14752650260925293,0.8226600885391235,0.4753694534301758
YBR069C,YML045W-A,0,-5.0717707,0.14746136963367462,0.8226600885391235,0.4756157696247101
YDR384C,YDR365W-A,0,-5.0717707,0.1473962962627411,0.8226600885391235,0.475862056016922
YJL157C,YDR014W-A,0,-5.0717707,0.14733126759529114,0.8226600885391235,0.4761083722114563
YDR392W,YML045W-A,0,-5.0717707,0.14726631343364716,0.8226600885391235,0.4763546884059906
YHR066W,YNL284C-A,0,-5.0717707,0.14720140397548676,0.8226600885391235,0.4766009747982025
YER017C,YDR261W-B,0,-5.0717707,0.14713656902313232,0.8226600885391235,0.4768472909927368
YDR014W-A,YDL043C,0,-5.0717707,0.14707177877426147,0.8226600885391235,0.4770936071872711
YPR051W,YDR210W-D,0,-5.0717707,0.1470070481300354,0.8226600885391235,0.47733989357948303
YGR092W,YML045W-A,0,-5.0717707,0.1469423621892929,0.8226600885391235,0.47758620977401733
YJL095W,YDR210W-D,0,-5.0717707,0.14687775075435638,0.8226600885391235,0.47783252596855164
YOR353C,YDR210W-D,0,-5.0717707,0.14681318402290344,0.8226600885391235,0.47807881236076355
YDR014W-A,YML016C,0,-5.0717707,0.14674867689609528,0.8226600885391235,0.47832512855529785
YML115C,YNL284C-A,0,-5.0717707,0.14668422937393188,0.8226600885391235,0.47857141494750977
YDR060W,YNL284C-A,0,-5.0717707,0.14661984145641327,0.8226600885391235,0.47881773114204407
YPR167C,YML045W-A,0,-5.0717707,0.14655551314353943,0.8226600885391235,0.47906404733657837
YDR014W-A,YOR192C-B,0,-5.0717707,0.14649122953414917,0.8226600885391235,0.4793103337287903
YDR014W-A,YGR241C,0,-5.0717707,0.1464270055294037,0.8226600885391235,0.4795566499233246
YHR072W-A,YHL009W-A,0,-5.0717707,0.14636284112930298,0.8226600885391235,0.4798029661178589
YOR240W,YDR306C,0,-5.0717707,0.14629873633384705,0.8226600885391235,0.4800492525100708
YIL052C,YML045W-A,0,-5.0717707,0.1462346762418747,0.8226600885391235,0.4802955687046051
YER143W,YDR210W-D,0,-5.0717707,0.14617067575454712,0.8226600885391235,0.4805418848991394
YBL071W-A,YML045W-A,0,-5.0717707,0.14610673487186432,0.8226600885391235,0.4807881712913513
YDR306C,YHR214C-C,0,-5.0717707,0.1460428535938263,0.8226600885391235,0.4810344874858856
YER120W,YNL284C-A,0,-5.0717707,0.14597901701927185,0.8226600885391235,0.48128077387809753
YER104W,YHL009W-A,0,-5.0717707,0.14591524004936218,0.8226600885391235,0.48152709007263184
YHR069C,YML045W-A,0,-5.0717707,0.1458515226840973,0.8226600885391235,0.48177340626716614
YDR110W,YHL009W-A,0,-5.0717707,0.14578786492347717,0.8226600885391235,0.48201969265937805
YIL007C,YNL284C-A,0,-5.0717707,0.14572425186634064,0.8226600885391235,0.48226600885391235
YCL052C,YNL284C-A,0,-5.0717707,0.14566071331501007,0.8226600885391235,0.48251232504844666
YFL035C-A,YDR115W,0,-5.0717707,0.1455972045660019,0.8226600885391235,0.48275861144065857
YDR014W-A,YER052C,0,-5.0717707,0.14553377032279968,0.8226600885391235,0.48300492763519287
YGR178C,YHL009W-A,0,-5.0717707,0.14547038078308105,0.8226600885391235,0.4832512438297272
YPL095C,YHL009W-A,0,-5.0717707,0.1454070508480072,0.8226600885391235,0.4834975302219391
YPR139C,YNL284C-A,0,-5.0717707,0.14534378051757812,0.8226600885391235,0.4837438464164734
YHL009W-A,YJR141W,0,-5.0717707,0.14528055489063263,0.8226600885391235,0.4839901626110077
YDR339C,YDR210W-D,0,-5.0717707,0.1452173888683319,0.8226600885391235,0.4842364490032196
YDR014W-A,YPL055C,0,-5.0717707,0.14515428245067596,0.8226600885391235,0.4844827651977539
YIL140W,YLR092W,0,-5.071822,0.1450912207365036,0.8226600885391235,0.4847290515899658
YGR193C,YML011C,0,-5.0729933,0.145028218626976,0.8226600885391235,0.4849753677845001
YOR381W,YHR072W-A,0,-5.073019,0.1449652761220932,0.8226600885391235,0.4852216839790344
YGL240W,YGR089W,1,-5.073201,0.14533622562885284,0.825123131275177,0.4852216839790344
YGR075C,YOR353C,0,-5.0733743,0.14527319371700287,0.825123131275177,0.48546797037124634
YBR084W,YLR032W,0,-5.073506,0.14521023631095886,0.825123131275177,0.48571428656578064
YBR195C,YPL019C,0,-5.0736885,0.14514730870723724,0.825123131275177,0.48596060276031494
YLR080W,YNL082W,0,-5.073726,0.1450844556093216,0.825123131275177,0.48620688915252686
YDR523C,YDR306C,0,-5.0750456,0.14502164721488953,0.825123131275177,0.48645320534706116
YDL056W,YML118W,0,-5.0751247,0.14495889842510223,0.825123131275177,0.48669952154159546
YDR295C,YOR231W,0,-5.075221,0.14489619433879852,0.825123131275177,0.4869458079338074
YKR087C,YLR227W-A,0,-5.0752487,0.1448335498571396,0.825123131275177,0.4871921241283417
YNR058W,YGR109W-A,0,-5.0759377,0.14477096498012543,0.825123131275177,0.4874384105205536
YDR054C,YGL120C,0,-5.0760612,0.14470842480659485,0.825123131275177,0.4876847267150879
YGR278W,YPL060C-A,0,-5.0766087,0.14464594423770905,0.825123131275177,0.4879310429096222
YNL036W,YHL012W,0,-5.0768943,0.14458350837230682,0.825123131275177,0.4881773293018341
YHR077C,YMR093W,0,-5.0769105,0.14452113211154938,0.825123131275177,0.4884236454963684
YER122C,YDL118W,0,-5.0769424,0.1444588154554367,0.825123131275177,0.4886699616909027
YKL149C,YDR261C-C,0,-5.0770273,0.1443965584039688,0.825123131275177,0.4889162480831146
YEL024W,YOR192C-A,0,-5.0770564,0.1443343460559845,0.825123131275177,0.4891625642776489
YHR176W,YDR470C,0,-5.0773697,0.14427217841148376,0.825123131275177,0.4894088804721832
YGR288W,YLL016W,0,-5.078204,0.1442100703716278,0.825123131275177,0.48965516686439514
YDL207W,YJL186W,0,-5.0784354,0.14414802193641663,0.825123131275177,0.48990148305892944
YPL112C,YOR192C-A,0,-5.078503,0.14408601820468903,0.825123131275177,0.49014776945114136
YDR110W,YDR365W-A,0,-5.078595,0.1440240740776062,0.825123131275177,0.49039408564567566
YKR082W,YLR410W-A,0,-5.078655,0.14396218955516815,0.825123131275177,0.49064040184020996
YOR151C,YBR173C,0,-5.078741,0.14390034973621368,0.825123131275177,0.4908866882324219
YER157W,YLR172C,0,-5.078766,0.1438385546207428,0.825123131275177,0.4911330044269562
YHR214C-C,YNL313C,0,-5.0788307,0.1437768191099167,0.825123131275177,0.4913793206214905
YOR067C,YJR132W,0,-5.0788603,0.14371514320373535,0.825123131275177,0.4916256070137024
YJL002C,YNL216W,0,-5.078866,0.1436535120010376,0.825123131275177,0.4918719232082367
YGL181W,YGR075C,0,-5.079282,0.14359194040298462,0.825123131275177,0.492118239402771
YDR225W,YNL106C,0,-5.079382,0.14353041350841522,0.825123131275177,0.4923645257949829
YGR171C,YOR122C,0,-5.079508,0.1434689462184906,0.825123131275177,0.4926108419895172
YPR073C,YPR088C,0,-5.079585,0.14340753853321075,0.825123131275177,0.4928571283817291
YGR274C,YDR115W,0,-5.079662,0.1433461755514145,0.825123131275177,0.4931034445762634
YGL225W,YOR192C-A,0,-5.0796824,0.1432848572731018,0.825123131275177,0.49334976077079773
YFL055W,YDL108W,0,-5.0802584,0.1432235985994339,0.825123131275177,0.49359604716300964
YBR070C,YMR227C,0,-5.0803013,0.14316239953041077,0.825123131275177,0.49384236335754395
YGL075C,YDR120C,0,-5.0804567,0.14310124516487122,0.825123131275177,0.49408867955207825
YPR176C,YKL200C,0,-5.080543,0.14304013550281525,0.825123131275177,0.49433496594429016
YCL034W,YPL179W,0,-5.0806694,0.14297908544540405,0.825123131275177,0.49458128213882446
YDL005C,YGR161C-C,0,-5.080929,0.14291809499263763,0.825123131275177,0.49482759833335876
YDR073W,YGR109W-A,0,-5.081068,0.1428571492433548,0.825123131275177,0.4950738847255707
YMR004W,YPR186C,0,-5.081135,0.14279624819755554,0.825123131275177,0.495320200920105
YJL095W,YNL054W-B,0,-5.081996,0.14273540675640106,0.825123131275177,0.4955665171146393
YGR288W,YDR183W,0,-5.0820484,0.14267461001873016,0.825123131275177,0.4958128035068512
YML074C,YDR034C-D,0,-5.0832353,0.14261387288570404,0.825123131275177,0.4960591197013855
YER017C,YML016C,0,-5.083419,0.1425531953573227,0.825123131275177,0.4963054060935974
YJR132W,YAR044W,0,-5.083421,0.14249256253242493,0.825123131275177,0.4965517222881317
YDR311W,YML076C,0,-5.083503,0.14243197441101074,0.825123131275177,0.496798038482666
YPL187W,YDR198C,0,-5.083577,0.14237144589424133,0.825123131275177,0.49704432487487793
YDL224C,YDR365W-A,0,-5.0841756,0.1423109620809555,0.825123131275177,0.49729064106941223
YCL011C,YIL110W,0,-5.085417,0.14225053787231445,0.825123131275177,0.49753695726394653
YLR427W,YNL054W-B,0,-5.0854316,0.14219015836715698,0.825123131275177,0.49778324365615845
YFR047C,YOR126C,0,-5.0854945,0.1421298235654831,0.825123131275177,0.49802955985069275
YBL085W,YLR430W,0,-5.085666,0.14206954836845398,0.825123131275177,0.49827587604522705
YDR194C,YNL156C,0,-5.085762,0.14200933277606964,0.825123131275177,0.49852216243743896
YPL187W,YDR484W,0,-5.086025,0.1419491469860077,0.825123131275177,0.49876847863197327
YJR043C,YCR018C,0,-5.086053,0.1418890357017517,0.825123131275177,0.4990147650241852
YMR135C,YDR034C-D,0,-5.0861855,0.14182895421981812,0.825123131275177,0.4992610812187195
YGR252W,YNL054W-B,0,-5.0868187,0.1417689323425293,0.825123131275177,0.4995073974132538
YMR302C,YLR466W,0,-5.0872955,0.14170897006988525,0.825123131275177,0.4997536838054657
YDR054C,YLR088W,0,-5.088087,0.1416490525007248,0.825123131275177,0.5
YDR252W,YPL060C-A,0,-5.0885,0.1415891796350479,0.825123131275177,0.5002462863922119
YKR099W,YPL213W,0,-5.0886564,0.1415293663740158,0.825123131275177,0.5004926323890686
YNL080C,YPL057C,0,-5.0889387,0.14146959781646729,0.825123131275177,0.5007389187812805
YOR126C,YGR080W,0,-5.0889645,0.14140987396240234,0.825123131275177,0.5009852051734924
YML057W,YJL114W,0,-5.0891953,0.14135020971298218,0.825123131275177,0.5012315511703491
YGR289C,YDR261W-B,0,-5.0896535,0.1412905901670456,0.825123131275177,0.501477837562561
YGL211W,YGR109W-A,0,-5.089666,0.14123103022575378,0.825123131275177,0.501724123954773
YLR113W,YOR201C,0,-5.0898724,0.14117151498794556,0.825123131275177,0.5019704699516296
YGR112W,YGR161C-C,0,-5.09005,0.1411120444536209,0.825123131275177,0.5022167563438416
YGR142W,YHR178W,0,-5.090816,0.14105263352394104,0.825123131275177,0.5024630427360535
YKR026C,YGR251W,0,-5.0908813,0.14099326729774475,0.825123131275177,0.5027093887329102
YCR018C,YOR047C,0,-5.0911613,0.14093394577503204,0.825123131275177,0.5029556751251221
YNR057C,YHR206W,0,-5.0915117,0.1408746838569641,0.825123131275177,0.503201961517334
YDR099W,YLR418C,0,-5.091612,0.14081546664237976,0.825123131275177,0.5034482479095459
YPL179W,YGR027W-A,0,-5.09281,0.14075630903244019,0.825123131275177,0.5036945939064026
YJL073W,YOL109W,0,-5.09286,0.140697181224823,0.825123131275177,0.5039408802986145
YDR513W,YKL130C,0,-5.093186,0.14063811302185059,0.825123131275177,0.5041871666908264
YMR255W,YPL094C,0,-5.093217,0.14057910442352295,0.825123131275177,0.5044335126876831
YLL038C,YDR261C-C,0,-5.0932264,0.1405201405286789,0.825123131275177,0.504679799079895
YBL090W,YBL011W,0,-5.0933495,0.14046122133731842,0.825123131275177,0.5049260854721069
YER093C,YGR109W-A,0,-5.0934906,0.14040234684944153,0.825123131275177,0.5051724314689636
YJL110C,YGR042W,0,-5.093574,0.1403435319662094,0.825123131275177,0.5054187178611755
YGR172C,YGR161C-C,0,-5.093806,0.14028476178646088,0.825123131275177,0.5056650042533875
YER118C,YPL019C,0,-5.0939407,0.14022603631019592,0.825123131275177,0.5059113502502441
YOR372C,YGL120C,0,-5.0951347,0.14016737043857574,0.825123131275177,0.506157636642456
YML112W,YLR227W-A,0,-5.095156,0.14010873436927795,0.825123131275177,0.506403923034668
YAL068C,YOR045W,0,-5.095204,0.14005017280578613,0.825123131275177,0.5066502690315247
YBL097W,YML124C,1,-5.0952463,0.14040952920913696,0.8275862336158752,0.5066502690315247
YPL243W,YJL056C,0,-5.0954547,0.14035087823867798,0.8275862336158752,0.5068965554237366
YDR121W,YGR109W-A,0,-5.0954714,0.14029227197170258,0.8275862336158752,0.5071428418159485
YOL111C,YMR179W,0,-5.096031,0.14023372530937195,0.8275862336158752,0.5073891878128052
YLR113W,YNR043W,0,-5.096203,0.1401752233505249,0.8275862336158752,0.5076354742050171
YPL254W,YML007W,0,-5.0977497,0.14011676609516144,0.8275862336158752,0.507881760597229
YLR430W,YGR109W-B,0,-5.097991,0.14005835354328156,0.8275862336158752,0.5081281065940857
YAR014C,YDR339C,0,-5.0981674,0.14000000059604645,0.8275862336158752,0.5083743929862976
YPL095C,YPL057C,0,-5.09826,0.13994169235229492,0.8275862336158752,0.5086206793785095
YML042W,YBR119W,0,-5.098325,0.13988342881202698,0.8275862336158752,0.5088669657707214
YNL218W,YGR161C-C,0,-5.098435,0.1398252248764038,0.8275862336158752,0.5091133117675781
YMR302C,YGR027W-A,0,-5.0984907,0.13976705074310303,0.8275862336158752,0.50935959815979
YDR507C,YLR165C,0,-5.0985513,0.13970893621444702,0.8275862336158752,0.509605884552002
YLL040C,YGR109W-A,0,-5.098646,0.1396508663892746,0.8275862336158752,0.5098522305488586
YPR093C,YHL028W,0,-5.098934,0.13959285616874695,0.8275862336158752,0.5100985169410706
YDR156W,YIL052C,0,-5.0993214,0.13953489065170288,0.8275862336158752,0.5103448033332825
YBL051C,YER049W,0,-5.099325,0.1394769549369812,0.8275862336158752,0.5105911493301392
YKL013C,YPL060C-A,0,-5.099781,0.1394190937280655,0.8275862336158752,0.5108374357223511
YEL069C,YOL011W,0,-5.0998154,0.13936126232147217,0.8275862336158752,0.511083722114563
YOL065C,YFR050C,0,-5.1004076,0.13930347561836243,0.8275862336158752,0.5113300681114197
YMR093W,YGR042W,0,-5.1007805,0.13924574851989746,0.8275862336158752,0.5115763545036316
YNR032C-A,YBR043C,0,-5.1011705,0.13918806612491608,0.8275862336158752,0.5118226408958435
YBR135W,YDR261W-B,0,-5.1013155,0.13913042843341827,0.8275862336158752,0.5120689868927002
YOR187W,YGR109W-A,0,-5.101751,0.13907285034656525,0.8275862336158752,0.5123152732849121
YLR092W,YMR273C,0,-5.1018696,0.1390153020620346,0.8275862336158752,0.512561559677124
YKL092C,YIL135C,0,-5.1020193,0.13895781338214874,0.8275862336158752,0.5128079056739807
YDR069C,YLR410W-A,0,-5.102408,0.13890036940574646,0.8275862336158752,0.5130541920661926
YDR429C,YDR034C-D,0,-5.102421,0.13884297013282776,0.8275862336158752,0.5133004784584045
YDL130W,YLR410W-A,0,-5.102664,0.13878563046455383,0.8275862336158752,0.5135468244552612
YCR031C,YBL100W-A,0,-5.1028676,0.1387283205986023,0.8275862336158752,0.5137931108474731
YML057W,YLR410W-A,0,-5.102891,0.13867107033729553,0.8275862336158752,0.5140393972396851
YPL084W,YGR027W-A,0,-5.102931,0.13861386477947235,0.8275862336158752,0.5142857432365417
YPL037C,YOR192C-B,0,-5.1029744,0.13855670392513275,0.8275862336158752,0.5145320296287537
YGR257C,YDR034C-D,0,-5.1030445,0.13849958777427673,0.8275862336158752,0.5147783160209656
YDL201W,YOR089C,0,-5.10322,0.1384425163269043,0.8275862336158752,0.5150246024131775
YGR209C,YGR109W-B,0,-5.1032867,0.13838550448417664,0.8275862336158752,0.5152709484100342
YAL020C,YOR192C-B,0,-5.1033034,0.13832853734493256,0.8275862336158752,0.5155172348022461
YDR192C,YDR470C,0,-5.103385,0.13827160000801086,0.8275862336158752,0.515763521194458
YMR179W,YDR365W-A,0,-5.1035705,0.13821472227573395,0.8275862336158752,0.5160098671913147
YOR126C,YLR227W-A,0,-5.1038947,0.1381578892469406,0.8275862336158752,0.5162561535835266
YER056C,YPL257W-A,0,-5.103986,0.13810111582279205,0.8275862336158752,0.5165024399757385
YFR004W,YGR109W-A,0,-5.1040316,0.13804437220096588,0.8275862336158752,0.5167487859725952
YDR140W,YGR027W-A,0,-5.104228,0.1379876732826233,0.8275862336158752,0.5169950723648071
YMR186W,YMR004W,0,-5.104332,0.13793103396892548,0.8275862336158752,0.517241358757019
YKL013C,YOR195W,0,-5.104492,0.13787443935871124,0.8275862336158752,0.5174877047538757
YHR085W,YBR119W,0,-5.104694,0.1378178894519806,0.8275862336158752,0.5177339911460876
YFL060C,YDR365W-A,0,-5.1048093,0.13776138424873352,0.8275862336158752,0.5179802775382996
YBR216C,YOR192C-A,0,-5.105004,0.13770492374897003,0.8275862336158752,0.5182266235351562
YMR292W,YDR261W-B,0,-5.105099,0.13764850795269012,0.8275862336158752,0.5184729099273682
YER166W,YML075C,0,-5.1055827,0.1375921368598938,0.8275862336158752,0.5187191963195801
YGR171C,YDR412W,0,-5.1057215,0.13753581047058105,0.8275862336158752,0.5189655423164368
YBR070C,YLR410W-A,0,-5.105745,0.13747954368591309,0.8275862336158752,0.5192118287086487
YDR121W,YOR192C-B,0,-5.1058106,0.1374233067035675,0.8275862336158752,0.5194581151008606
YLR189C,YOR192C-A,0,-5.1061387,0.1373671293258667,0.8275862336158752,0.5197044610977173
YEL012W,YDR261W-B,0,-5.1061907,0.13731099665164948,0.8275862336158752,0.5199507474899292
YGL113W,YPL060C-A,0,-5.1068053,0.13725490868091583,0.8275862336158752,0.5201970338821411
YCL038C,YPL045W,0,-5.1068473,0.13719885051250458,0.8275862336158752,0.520443320274353
YML016C,YDR365W-A,0,-5.1070094,0.1371428519487381,0.8275862336158752,0.5206896662712097
YKR087C,YNL139C,0,-5.1070986,0.1370868980884552,0.8275862336158752,0.5209359526634216
YOR122C,YKL119C,0,-5.107506,0.13703098893165588,0.8275862336158752,0.5211822390556335
YOL086C,YHR092C,0,-5.1075506,0.13697513937950134,0.8275862336158752,0.5214285850524902
YOR153W,YLR227W-B,0,-5.1076884,0.1369193196296692,0.8275862336158752,0.5216748714447021
YKL213C,YGR109W-A,0,-5.1078315,0.13686354458332062,0.8275862336158752,0.5219211578369141
YKL213C,YHR214C-C,0,-5.107959,0.13680781424045563,0.8275862336158752,0.5221675038337708
YER157W,YOR192C-B,0,-5.1081266,0.1367521435022354,0.8275862336158752,0.5224137902259827
YOL111C,YPL257W-A,0,-5.1082754,0.13669650256633759,0.8275862336158752,0.5226600766181946
YNL133C,YOR192C-A,0,-5.108392,0.13664090633392334,0.8275862336158752,0.5229064226150513
YLR418C,YLR410W-A,0,-5.108531,0.13658536970615387,0.8275862336158752,0.5231527090072632
YGL130W,YOR192C-A,0,-5.1091323,0.1365298628807068,0.8275862336158752,0.5233989953994751
YPL196W,YDR365W-A,0,-5.1091523,0.13647441565990448,0.8275862336158752,0.5236453413963318
YBL056W,YLR227W-B,0,-5.109355,0.13641899824142456,0.8275862336158752,0.5238916277885437
YNL036W,YML041C,0,-5.1095705,0.13636364042758942,0.8275862336158752,0.5241379141807556
YHR206W,YGR027W-A,0,-5.1096053,0.13630831241607666,0.8275862336158752,0.5243842601776123
YOR156C,YER147C,1,-5.109896,0.13665854930877686,0.8300492763519287,0.5243842601776123
YNL169C,YNL054W-B,0,-5.1100173,0.13660316169261932,0.8300492763519287,0.5246305465698242
YHR085W,YLR227W-B,0,-5.110343,0.13654781877994537,0.8300492763519287,0.5248768329620361
YOR208W,YML001W,0,-5.1103935,0.1364925056695938,0.8300492763519287,0.5251231789588928
YMR207C,YOR192C-A,0,-5.110454,0.13643725216388702,0.8300492763519287,0.5253694653511047
YIL019W,YDR170W-A,0,-5.1104817,0.13638202846050262,0.8300492763519287,0.5256157517433167
YIL062C,YOR192C-A,0,-5.1106205,0.136326864361763,0.8300492763519287,0.5258620977401733
YDR272W,YGR171C,0,-5.1108007,0.13627173006534576,0.8300492763519287,0.5261083841323853
YLR165C,YDL118W,0,-5.1108274,0.1362166553735733,0.8300492763519287,0.5263546705245972
YPR010C,YLR227W-A,0,-5.110901,0.13616161048412323,0.8300492763519287,0.5266009569168091
YML024W,YPL047W,0,-5.1109495,0.13610662519931793,0.8300492763519287,0.5268473029136658
YGL191W,YGR161C-C,0,-5.11098,0.13605166971683502,0.8300492763519287,0.5270935893058777
YDR517W,YGR109W-B,0,-5.1111107,0.1359967738389969,0.8300492763519287,0.5273398756980896
YDR080W,YDR034C-D,0,-5.111128,0.13594190776348114,0.8300492763519287,0.5275862216949463
YDR016C,YDR365W-A,0,-5.1111817,0.13588710129261017,0.8300492763519287,0.5278325080871582
YPL084W,YPR125W,0,-5.11122,0.13583232462406158,0.8300492763519287,0.5280787944793701
YPL084W,YPL060C-A,0,-5.1113,0.13577759265899658,0.8300492763519287,0.5283251404762268
YNL256W,YNL102W,0,-5.111344,0.13572292029857635,0.8300492763519287,0.5285714268684387
YER100W,YOR192C-A,0,-5.111372,0.13566827774047852,0.8300492763519287,0.5288177132606506
YGR274C,YGR027W-A,0,-5.1114197,0.13561367988586426,0.8300492763519287,0.5290640592575073
YNL169C,YOR192C-A,0,-5.1114416,0.13555912673473358,0.8300492763519287,0.5293103456497192
YER029C,YMR045C,0,-5.111823,0.1355046182870865,0.8300492763519287,0.5295566320419312
YER154W,YKL140W,0,-5.1125965,0.13545015454292297,0.8300492763519287,0.5298029780387878
YER044C-A,YBR213W,0,-5.1128297,0.13539573550224304,0.8300492763519287,0.5300492644309998
YOR028C,YDR419W,0,-5.1132503,0.1353413611650467,0.8300492763519287,0.5302955508232117
YGL181W,YOR110W,0,-5.1133595,0.13528703153133392,0.8300492763519287,0.5305418968200684
YKL013C,YGL043W,0,-5.113446,0.13523274660110474,0.8300492763519287,0.5307881832122803
YLR035C,YPL092W,0,-5.114108,0.13517850637435913,0.8300492763519287,0.5310344696044922
YER040W,YMR241W,0,-5.1144133,0.1351242959499359,0.8300492763519287,0.5312808156013489
YJL039C,YML052W,0,-5.1147757,0.13507014513015747,0.8300492763519287,0.5315271019935608
YLR096W,YKR050W,0,-5.1150303,0.13501602411270142,0.8300492763519287,0.5317733883857727
YGL222C,YPR073C,0,-5.115184,0.13496194779872894,0.8300492763519287,0.5320196747779846
YML115C,YJL222W,0,-5.1155686,0.13490793108940125,0.8300492763519287,0.5322660207748413
YHR092C,YGR038W,0,-5.116575,0.13485394418239594,0.8300492763519287,0.5325123071670532
YER145C,YLR130C,0,-5.1167736,0.1348000019788742,0.8300492763519287,0.5327585935592651
YLR398C,YPR056W,0,-5.1172395,0.13474610447883606,0.8300492763519287,0.5330049395561218
YDR073W,YJL029C,0,-5.117324,0.1346922516822815,0.8300492763519287,0.5332512259483337
YNR058W,YPL041C,0,-5.1174574,0.13463842868804932,0.8300492763519287,0.5334975123405457
YLR229C,YHR058C,0,-5.1175528,0.13458466529846191,0.8300492763519287,0.5337438583374023
YJL112W,YNL246W,0,-5.11837,0.1345309317111969,0.8300492763519287,0.5339901447296143
YER173W,YJL012C,0,-5.118528,0.13447725772857666,0.8300492763519287,0.5342364311218262
YER026C,YJL186W,0,-5.118888,0.1344236135482788,0.8300492763519287,0.5344827771186829
YKL148C,YJR156C,0,-5.1190567,0.13437001407146454,0.8300492763519287,0.5347290635108948
YLL027W,YDR011W,0,-5.1190867,0.13431645929813385,0.8300492763519287,0.5349753499031067
YJR035W,YBL007C,0,-5.119935,0.13426294922828674,0.8300492763519287,0.5352216958999634
YKL049C,YML085C,1,-5.119978,0.13460773229599,0.8325123190879822,0.5352216958999634
YPL232W,YDL118W,0,-5.120055,0.13455413281917572,0.8325123190879822,0.5354679822921753
YOR201C,YFL049W,0,-5.1204824,0.13450059294700623,0.8325123190879822,0.5357142686843872
YPL254W,YNL119W,0,-5.1205955,0.1344470977783203,0.8325123190879822,0.5359606146812439
YDR054C,YDR225W,0,-5.120812,0.1343936324119568,0.8325123190879822,0.5362069010734558
YLR450W,YOR363C,0,-5.120833,0.13434022665023804,0.8325123190879822,0.5364531874656677
YDR073W,YDR011W,0,-5.120863,0.13428685069084167,0.8325123190879822,0.5366995334625244
YOR178C,YOR372C,0,-5.1209316,0.1342335194349289,0.8325123190879822,0.5369458198547363
YJR055W,YBL100W-A,0,-5.1218414,0.1341802328824997,0.8325123190879822,0.5371921062469482
YLR013W,YIL143C,0,-5.1219273,0.13412699103355408,0.8325123190879822,0.5374384522438049
YJR053W,YLL036C,0,-5.122036,0.13407377898693085,0.8325123190879822,0.5376847386360168
YER025W,YNL066W,0,-5.1224313,0.1340206116437912,0.8325123190879822,0.5379310250282288
YOR112W,YGL254W,0,-5.122548,0.13396750390529633,0.8325123190879822,0.5381773114204407
YLR427W,YER154W,0,-5.123251,0.13391442596912384,0.8325123190879822,0.5384236574172974
YGR029W,YLR378C,0,-5.123518,0.13386139273643494,0.8325123190879822,0.5386699438095093
YBL082C,YKL092C,0,-5.124467,0.13380838930606842,0.8325123190879822,0.5389162302017212
YBR188C,YDR306C,0,-5.1254463,0.13375544548034668,0.8325123190879822,0.5391625761985779
YML121W,YJL176C,0,-5.1254644,0.13370253145694733,0.8325123190879822,0.5394088625907898
YPL028W,YER044C-A,0,-5.1258206,0.13364966213703156,0.8325123190879822,0.5396551489830017
YGR178C,YNL333W,0,-5.1271443,0.13359683752059937,0.8325123190879822,0.5399014949798584
YGL240W,YJL080C,1,-5.1285768,0.13393916189670563,0.8349753618240356,0.5399014949798584
YKL013C,YJL110C,0,-5.1289215,0.13388626277446747,0.8349753618240356,0.5401477813720703
YJR001W,YDR073W,0,-5.1293197,0.1338333934545517,0.8349753618240356,0.5403940677642822
YLR102C,YJL019W,1,-5.1297817,0.13417521119117737,0.8374384045600891,0.5403940677642822
YMR213W,YPL002C,0,-5.1299767,0.13412228226661682,0.8374384045600891,0.5406404137611389
YMR100W,YOR047C,0,-5.1301713,0.13406939804553986,0.8374384045600891,0.5408867001533508
YDR501W,YEL024W,0,-5.1303377,0.13401655852794647,0.8374384045600891,0.5411329865455627
YJL095W,YOR115C,0,-5.1305885,0.13396374881267548,0.8374384045600891,0.5413793325424194
YCL052C,YLR362W,0,-5.130923,0.13391098380088806,0.8374384045600891,0.5416256189346313
YBL074C,YLL016W,0,-5.1309752,0.13385826349258423,0.8374384045600891,0.5418719053268433
YNR057C,YGL168W,0,-5.131071,0.13380558788776398,0.8374384045600891,0.5421182513237
YPL249C,YBR017C,0,-5.1310835,0.1337529569864273,0.8374384045600891,0.5423645377159119
YKR087C,YDR447C,0,-5.1320906,0.13370035588741302,0.8374384045600891,0.5426108241081238
YOR288C,YDL092W,0,-5.1322517,0.13364779949188232,0.8374384045600891,0.5428571701049805
YJR147W,YOR043W,0,-5.132667,0.1335952877998352,0.8374384045600891,0.5431034564971924
YBL099W,YNL247W,0,-5.1327133,0.13354280591011047,0.8374384045600891,0.5433497428894043
YOR178C,YDR246W,0,-5.1343064,0.13349038362503052,0.8374384045600891,0.543596088886261
YOR372C,YOR145C,0,-5.1348066,0.13343799114227295,0.8374384045600891,0.5438423752784729
YJR053W,YER122C,0,-5.134951,0.13338564336299896,0.8374384045600891,0.5440886616706848
YGR098C,YJL080C,1,-5.135212,0.13372549414634705,0.8399015069007874,0.5440886616706848
YLR102C,YML085C,1,-5.1357965,0.13406507670879364,0.8423645496368408,0.5440886616706848
YER143W,YDR303C,0,-5.1366835,0.13401253521442413,0.8423645496368408,0.5443349480628967
YHR088W,YGR042W,0,-5.1372137,0.1339600533246994,0.8423645496368408,0.5445812940597534
YPL249C,YDL095W,0,-5.137651,0.13390760123729706,0.8423645496368408,0.5448275804519653
YPL178W,YLR324W,0,-5.1380444,0.1338551789522171,0.8423645496368408,0.5450738668441772
YIL085C,YNL049C,0,-5.1381464,0.13380281627178192,0.8423645496368408,0.5453202128410339
YPL036W,YHL024W,0,-5.1382923,0.13375048339366913,0.8423645496368408,0.5455664992332458
YER036C,YJR094C,0,-5.1386056,0.13369819521903992,0.8423645496368408,0.5458127856254578
YBR288C,YGL153W,0,-5.1388593,0.1336459517478943,0.8423645496368408,0.5460591316223145
YLR165C,YML041C,0,-5.139345,0.13359375298023224,0.8423645496368408,0.5463054180145264
YER026C,YIR008C,0,-5.139409,0.13354158401489258,0.8423645496368408,0.5465517044067383
YMR135C,YJR044C,0,-5.1395993,0.1334894597530365,0.8423645496368408,0.546798050403595
YGL028C,YLR130C,0,-5.1398783,0.133437380194664,0.8423645496368408,0.5470443367958069
YHR007C,YLL031C,0,-5.1402664,0.1333853304386139,0.8423645496368408,0.5472906231880188
YER027C,YML118W,0,-5.140542,0.13333334028720856,0.8423645496368408,0.5475369691848755
YER044C-A,YNL073W,0,-5.140694,0.13328136503696442,0.8423645496368408,0.5477832555770874
YBR070C,YDR484W,0,-5.141143,0.13322944939136505,0.8423645496368408,0.5480295419692993
YJL071W,YLL016W,0,-5.141323,0.13317756354808807,0.8423645496368408,0.548275887966156
YBL030C,YCR052W,0,-5.141864,0.13312572240829468,0.8423645496368408,0.5485221743583679
YLR113W,YGR253C,0,-5.142496,0.13307392597198486,0.8423645496368408,0.5487684607505798
YNR016C,YKL075C,0,-5.142546,0.13302217423915863,0.8423645496368408,0.5490148067474365
YBR243C,YGL104C,0,-5.143094,0.13297045230865479,0.8423645496368408,0.5492610931396484
YNL256W,YDL007W,0,-5.144412,0.13291877508163452,0.8423645496368408,0.5495073795318604
YDR080W,YDR115W,0,-5.1455812,0.13286712765693665,0.8423645496368408,0.5497536659240723
YCL052C,YKL075C,0,-5.146044,0.13281553983688354,0.8423645496368408,0.550000011920929
YDL113C,YNR057C,0,-5.14668,0.13276398181915283,0.8423645496368408,0.5502462983131409
YML016C,YER118C,0,-5.14744,0.1327124536037445,0.8423645496368408,0.5504925847053528
YGL051W,YGL158W,0,-5.1477346,0.13266097009181976,0.8423645496368408,0.5507389307022095
YJR094C,YJR066W,0,-5.147785,0.1326095312833786,0.8423645496368408,0.5509852170944214
YER025W,YKL130C,0,-5.1480875,0.13255813717842102,0.8423645496368408,0.5512315034866333
YHR069C,YLR426W,0,-5.149146,0.13250677287578583,0.8423645496368408,0.55147784948349
YKL082C,YJL029C,0,-5.149575,0.1324554681777954,0.8423645496368408,0.5517241358757019
YPR031W,YGR178C,0,-5.1495814,0.1324041783809662,0.8423645496368408,0.5519704222679138
YJL110C,YER118C,0,-5.149743,0.13235294818878174,0.8423645496368408,0.5522167682647705
YLR449W,YDR419W,0,-5.1498837,0.13230174779891968,0.8423645496368408,0.5524630546569824
YLR276C,YDR219C,0,-5.1502957,0.13225057721138,0.8423645496368408,0.5527093410491943
YJR112W,YML085C,1,-5.1503143,0.13258600234985352,0.8448275923728943,0.5527093410491943
YLR074C,YKR042W,0,-5.150698,0.13253477215766907,0.8448275923728943,0.552955687046051
YJL030W,YPL243W,0,-5.1528378,0.1324835866689682,0.8448275923728943,0.5532019734382629
YLR102C,YPL204W,1,-5.1531296,0.1328185349702835,0.8472906351089478,0.5532019734382629
YNL325C,YPL057C,0,-5.153146,0.13276727497577667,0.8472906351089478,0.5534482598304749
YML104C,YGL038C,0,-5.153366,0.13271604478359222,0.8472906351089478,0.5536946058273315
YDR039C,YHL020C,0,-5.153437,0.13266487419605255,0.8472906351089478,0.5539408922195435
YOR237W,YMR045C,0,-5.153737,0.13261371850967407,0.8472906351089478,0.5541871786117554
YER143W,YMR058W,0,-5.1540117,0.13256262242794037,0.8472906351089478,0.5544335246086121
YDR069C,YAR003W,0,-5.1541758,0.13251155614852905,0.8472906351089478,0.554679811000824
YLL008W,YJL179W,0,-5.154209,0.13246053457260132,0.8472906351089478,0.5549260973930359
YPR093C,YGR080W,0,-5.154231,0.13240954279899597,0.8472906351089478,0.5551724433898926
YBL090W,YPL057C,0,-5.1542444,0.1323585957288742,0.8472906351089478,0.5554187297821045
YLR398C,YOR047C,0,-5.15556,0.13230769336223602,0.8472906351089478,0.5556650161743164
YER166W,YPR167C,0,-5.1555624,0.13225682079792023,0.8472906351089478,0.5559113025665283
YHL027W,YER104W,0,-5.156376,0.132205992937088,0.8472906351089478,0.556157648563385
YBR213W,YBR173C,0,-5.1564617,0.13215520977973938,0.8472906351089478,0.5564039349555969
YOR195W,YML052W,0,-5.15681,0.13210445642471313,0.8472906351089478,0.5566502213478088
YKL125W,YDR470C,0,-5.1571016,0.13205374777317047,0.8472906351089478,0.5568965673446655
YPL084W,YOR327C,0,-5.1572976,0.1320030689239502,0.8472906351089478,0.5571428537368774
YBL051C,YPL065W,0,-5.1576595,0.1319524347782135,0.8472906351089478,0.5573891401290894
YDL209C,YOR043W,0,-5.157662,0.1319018453359604,0.8472906351089478,0.557635486125946
YML043C,YDR115W,0,-5.157751,0.13185128569602966,0.8472906351089478,0.557881772518158
YLR013W,YLR154C,0,-5.15933,0.13180077075958252,0.8472906351089478,0.5581280589103699
YKR034W,YNL080C,0,-5.159563,0.13175028562545776,0.8472906351089478,0.5583744049072266
YNL073W,YCR018C,0,-5.159943,0.1316998451948166,0.8472906351089478,0.5586206912994385
YOR237W,YOR261C,0,-5.160098,0.131649449467659,0.8472906351089478,0.5588669776916504
YKL092C,YNR043W,0,-5.1605673,0.1315990835428238,0.8472906351089478,0.5591133236885071
YIL007C,YMR051C,0,-5.1609993,0.13154876232147217,0.8472906351089478,0.559359610080719
YER025W,YHL012W,0,-5.1611433,0.13149847090244293,0.8472906351089478,0.5596058964729309
YOR317W,YDL015C,0,-5.161539,0.13144822418689728,0.8472906351089478,0.5598522424697876
YDR517W,YML048W,0,-5.162263,0.131398007273674,0.8472906351089478,0.5600985288619995
YMR075W,YLL016W,0,-5.162323,0.13134784996509552,0.8472906351089478,0.5603448152542114
YPR179C,YPL187W,0,-5.1623583,0.13129770755767822,0.8472906351089478,0.5605911612510681
YPL254W,YEL053C,0,-5.1625605,0.1312476098537445,0.8472906351089478,0.56083744764328
YER056C,YGR042W,0,-5.1641035,0.13119755685329437,0.8472906351089478,0.5610837340354919
YPR143W,YPL065W,0,-5.16426,0.13114753365516663,0.8472906351089478,0.5613300204277039
YDR523C,YBR265W,0,-5.1651173,0.13109755516052246,0.8472906351089478,0.5615763664245605
YJR077C,YMR200W,0,-5.166752,0.13104762136936188,0.8472906351089478,0.5618226528167725
YJL110C,YFR001W,0,-5.1669216,0.13099771738052368,0.8472906351089478,0.5620689392089844
YBL099W,YLR119W,0,-5.1672564,0.13094784319400787,0.8472906351089478,0.5623152852058411
YOR145C,YML046W,0,-5.1674833,0.13089802861213684,0.8472906351089478,0.562561571598053
YKR061W,YPL232W,0,-5.1675863,0.130848228931427,0.8472906351089478,0.5628078579902649
YJR143C,YML109W,0,-5.1678295,0.13079847395420074,0.8472906351089478,0.5630542039871216
YGR120C,YDR449C,0,-5.1679564,0.13074876368045807,0.8472906351089478,0.5633004903793335
YDR427W,YAR035W,0,-5.168321,0.13069908320903778,0.8472906351089478,0.5635467767715454
YLR418C,YGR251W,0,-5.168851,0.13064944744110107,0.8472906351089478,0.5637931227684021
YOR153W,YMR247C,0,-5.1692758,0.13059984147548676,0.8472906351089478,0.564039409160614
YNL177C,YBR118W,0,-5.1694565,0.13055028021335602,0.8472906351089478,0.5642856955528259
YFR009W,YNL283C,0,-5.1696367,0.13050076365470886,0.8472906351089478,0.5645320415496826
YML057W,YGR112W,0,-5.169648,0.1304512768983841,0.8472906351089478,0.5647783279418945
YHL022C,YEL013W,0,-5.1714387,0.1304018199443817,0.8472906351089478,0.5650246143341064
YBR156C,YIL126W,1,-5.1720614,0.13073134422302246,0.8497536778450012,0.5650246143341064
YNR060W,YCR031C,0,-5.1723623,0.1306818127632141,0.8497536778450012,0.5652709603309631
YLR276C,YOL149W,0,-5.1730156,0.13063234090805054,0.8497536778450012,0.565517246723175
YJR112W,YML124C,1,-5.173442,0.13096138834953308,0.8522167205810547,0.565517246723175
YGR098C,YIR011C,1,-5.1735897,0.13129019737243652,0.8546798229217529,0.565517246723175
YFR047C,YGL158W,0,-5.173754,0.13124054670333862,0.8546798229217529,0.565763533115387
YPR193C,YDR483W,0,-5.174878,0.1311909258365631,0.8546798229217529,0.5660098791122437
YNL049C,YLL040C,0,-5.174966,0.13114134967327118,0.8546798229217529,0.5662561655044556
YML104C,YIL153W,0,-5.1755757,0.13109180331230164,0.8546798229217529,0.5665024518966675
YBL064C,YOR195W,0,-5.176104,0.13104230165481567,0.8546798229217529,0.5667487978935242
YKL049C,YLR357W,1,-5.1765623,0.13137033581733704,0.8571428656578064,0.5667487978935242
YLR376C,YJL114W,0,-5.176832,0.1313207596540451,0.8571428656578064,0.5669950842857361
YOR240W,YER002W,0,-5.177133,0.13127121329307556,0.8571428656578064,0.567241370677948
YNR030W,YIL143C,0,-5.177553,0.1312217265367508,0.8571428656578064,0.5674876570701599
YKL052C,YNL093W,0,-5.177579,0.13117225468158722,0.8571428656578064,0.5677340030670166
YMR025W,YIR023W,0,-5.1783323,0.13112282752990723,0.8571428656578064,0.5679802894592285
YOR156C,YJL080C,1,-5.1790724,0.1314500868320465,0.8596059083938599,0.5679802894592285
YIL110W,YKL113C,0,-5.179145,0.13140060007572174,0.8596059083938599,0.5682265758514404
YML016C,YIL021W,0,-5.179243,0.13135114312171936,0.8596059083938599,0.5684729218482971
YLR226W,YER147C,1,-5.1793633,0.13167795538902283,0.8620689511299133,0.5684729218482971
YKL189W,YLR165C,0,-5.1799297,0.13162843883037567,0.8620689511299133,0.568719208240509
YDL113C,YJR021C,0,-5.180195,0.1315789520740509,0.8620689511299133,0.568965494632721
YPL112C,YBL007C,0,-5.18089,0.13152949512004852,0.8620689511299133,0.5692118406295776
YGR252W,YOR359W,0,-5.181716,0.13148008286952972,0.8620689511299133,0.5694581270217896
YNL051W,YMR192W,0,-5.18184,0.1314307153224945,0.8620689511299133,0.5697044134140015
YGR142W,YAL068C,0,-5.182062,0.13138137757778168,0.8620689511299133,0.5699507594108582
YEL013W,YGL104C,0,-5.182384,0.13133208453655243,0.8620689511299133,0.5701970458030701
YOL158C,YKR061W,0,-5.182583,0.13128282129764557,0.8620689511299133,0.570443332195282
YJL187C,YLR224W,0,-5.1827583,0.1312336027622223,0.8620689511299133,0.5706896781921387
YLR088W,YOR178C,0,-5.183671,0.1311844140291214,0.8620689511299133,0.5709359645843506
YNL001W,YDR465C,0,-5.1845517,0.1311352550983429,0.8620689511299133,0.5711822509765625
YGL222C,YOR259C,0,-5.1845617,0.13108614087104797,0.8620689511299133,0.5714285969734192
YIL125W,YGL022W,0,-5.1848593,0.13103707134723663,0.8620689511299133,0.5716748833656311
YJR055W,YOL100W,0,-5.1851287,0.1309880167245865,0.8620689511299133,0.571921169757843
YLR378C,YJR066W,0,-5.186254,0.13093902170658112,0.8620689511299133,0.5721675157546997
YOR316C,YER056C,0,-5.1865826,0.13089005649089813,0.8620689511299133,0.5724138021469116
YLR102C,YJR112W,1,-5.1866984,0.1312149465084076,0.8645319938659668,0.5724138021469116
YGL133W,YBL030C,0,-5.188793,0.13116592168807983,0.8645319938659668,0.5726600885391235
YPL055C,YMR145C,0,-5.1890345,0.13111692667007446,0.8645319938659668,0.5729063749313354
YGL130W,YLR035C,0,-5.1896243,0.13106796145439148,0.8645319938659668,0.5731527209281921
YLR390W-A,YER120W,0,-5.19069,0.13101904094219208,0.8645319938659668,0.573399007320404
YDL047W,YHR111W,0,-5.190746,0.13097015023231506,0.8645319938659668,0.573645293712616
YMR135C,YLR383W,0,-5.1917596,0.13092130422592163,0.8645319938659668,0.5738916397094727
YKR099W,YKL148C,0,-5.191828,0.13087248802185059,0.8645319938659668,0.5741379261016846
YHR085W,YNL102W,0,-5.192531,0.13082370162010193,0.8645319938659668,0.5743842124938965
YLR102C,YLR357W,1,-5.1925697,0.13114753365516663,0.866995096206665,0.5743842124938965
YBR055C,YOR353C,0,-5.192586,0.1310987025499344,0.866995096206665,0.5746305584907532
YOR208W,YBR126C,0,-5.194088,0.13104988634586334,0.866995096206665,0.5748768448829651
YNL001W,YGR101W,0,-5.194371,0.13100111484527588,0.866995096206665,0.575123131275177
YHR007C,YGR161C,0,-5.194805,0.130952388048172,0.866995096206665,0.5753694772720337
YMR192W,YPR110C,0,-5.1949205,0.1309036761522293,0.866995096206665,0.5756157636642456
YDR364C,YHR007C,0,-5.194971,0.1308550238609314,0.866995096206665,0.5758620500564575
YMR247C,YDR115W,0,-5.1951046,0.13080638647079468,0.866995096206665,0.5761083960533142
YPL055C,YDR334W,0,-5.1957083,0.13075779378414154,0.866995096206665,0.5763546824455261
YPL196W,YOR363C,0,-5.1960797,0.13070924580097198,0.866995096206665,0.576600968837738
YJL005W,YKR050W,0,-5.196417,0.13066072762012482,0.866995096206665,0.5768473148345947
YJL080C,YML124C,1,-5.1972036,0.13098330795764923,0.8694581389427185,0.5768473148345947
YKL084W,YOR116C,0,-5.1978593,0.1309347152709961,0.8694581389427185,0.5770936012268066
YOR259C,YNL333W,0,-5.198954,0.13088616728782654,0.8694581389427185,0.5773398876190186
YER040W,YKL113C,0,-5.1994095,0.13083766400814056,0.8694581389427185,0.5775862336158752
YOL033W,YMR165C,0,-5.1995068,0.13078917562961578,0.8694581389427185,0.5778325200080872
YNR030W,YOR244W,0,-5.1995482,0.13074074685573578,0.8694581389427185,0.5780788064002991
YMR081C,YDR079W,0,-5.1997457,0.13069233298301697,0.8694581389427185,0.5783251523971558
YER056C,YDR115W,0,-5.2000036,0.13064396381378174,0.8694581389427185,0.5785714387893677
YMR023C,YLR466W,0,-5.2002764,0.1305956393480301,0.8694581389427185,0.5788177251815796
YNL236W,YBL100W-A,0,-5.2010508,0.13054734468460083,0.8694581389427185,0.5790640115737915
YDR224C,YPR108W,0,-5.2024,0.13049907982349396,0.8694581389427185,0.5793103575706482
YCL034W,YNR043W,0,-5.2026525,0.13045084476470947,0.8694581389427185,0.5795566439628601
YNR057C,YMR186W,0,-5.20275,0.13040265440940857,0.8694581389427185,0.579802930355072
YGR289C,YMR200W,0,-5.2034826,0.13035450875759125,0.8694581389427185,0.5800492763519287
YDR039C,YDR472W,0,-5.2045264,0.1303063929080963,0.8694581389427185,0.5802955627441406
YOR174W,YPR110C,0,-5.20481,0.13025830686092377,0.8694581389427185,0.5805418491363525
YER025W,YMR127C,0,-5.204921,0.1302102506160736,0.8694581389427185,0.5807881951332092
YNR043W,YER021W,0,-5.2050915,0.13016223907470703,0.8694581389427185,0.5810344815254211
YOR298W,YMR227C,0,-5.205143,0.13011425733566284,0.8694581389427185,0.5812807679176331
YMR186W,YDR463W,0,-5.2051663,0.13006632030010223,0.8694581389427185,0.5815271139144897
YMR059W,YDR463W,0,-5.205168,0.130018413066864,0.8694581389427185,0.5817734003067017
YHR143W,YGR241C,0,-5.2053647,0.12997055053710938,0.8694581389427185,0.5820196866989136
YGL043W,YFR001W,0,-5.2059107,0.12992270290851593,0.8694581389427185,0.5822660326957703
YNL051W,YOR122C,0,-5.2065897,0.12987491488456726,0.8694581389427185,0.5825123190879822
YHR075C,YJR156C,0,-5.2076435,0.12982714176177979,0.8694581389427185,0.5827586054801941
YHR085W,YML052W,0,-5.208863,0.1297794133424759,0.8694581389427185,0.5830049514770508
YCR020C-A,YGR288W,0,-5.2094326,0.12973171472549438,0.8694581389427185,0.5832512378692627
YLR148W,YPL002C,0,-5.2097077,0.12968406081199646,0.8694581389427185,0.5834975242614746
YPL094C,YBR216C,0,-5.209889,0.12963643670082092,0.8694581389427185,0.5837438702583313
YFR027W,YJL080C,1,-5.210722,0.1299559473991394,0.871921181678772,0.5837438702583313
YNR058W,YBR034C,0,-5.210731,0.1299082636833191,0.871921181678772,0.5839901566505432
YPR073C,YER002W,0,-5.2121496,0.12986059486865997,0.871921181678772,0.5842364430427551
YGR089W,YML124C,1,-5.2125893,0.13017968833446503,0.8743842244148254,0.5842364430427551
YGL051W,YPL276W,0,-5.213591,0.13013195991516113,0.8743842244148254,0.584482729434967
YCL038C,YAL011W,0,-5.213731,0.13008427619934082,0.8743842244148254,0.5847290754318237
YBR195C,YJR143C,0,-5.2137747,0.1300366371870041,0.8743842244148254,0.5849753618240356
YJL019W,YIL126W,1,-5.213809,0.13035517930984497,0.8768472671508789,0.5849753618240356
YNL256W,YGR020C,0,-5.2138534,0.13030746579170227,0.8768472671508789,0.5852216482162476
YCL052C,YPR088C,0,-5.213908,0.13025978207588196,0.8768472671508789,0.5854679942131042
YNL163C,YDR120C,0,-5.2139816,0.13021214306354523,0.8768472671508789,0.5857142806053162
YJL157C,YOL011W,0,-5.214903,0.13016453385353088,0.8768472671508789,0.5859605669975281
YDL164C,YDL007W,0,-5.2150145,0.13011695444583893,0.8768472671508789,0.5862069129943848
YER109C,YBR118W,0,-5.2157335,0.13006941974163055,0.8768472671508789,0.5864531993865967
YLR324W,YGL129C,0,-5.2158966,0.13002191483974457,0.8768472671508789,0.5866994857788086
YCR047C,YGR042W,0,-5.217195,0.12997443974018097,0.8768472671508789,0.5869458317756653
YER157W,YNL002C,0,-5.217387,0.12992700934410095,0.8768472671508789,0.5871921181678772
YOR237W,YGR038W,0,-5.2177973,0.12987960875034332,0.8768472671508789,0.5874384045600891
YLL038C,YGR245C,0,-5.2186985,0.12983223795890808,0.8768472671508789,0.5876847505569458
YIL115C,YDL201W,0,-5.2187457,0.12978491187095642,0.8768472671508789,0.5879310369491577
YML067C,YDR071C,0,-5.218821,0.12973761558532715,0.8768472671508789,0.5881773233413696
YGL254W,YOL033W,0,-5.2192283,0.12969034910202026,0.8768472671508789,0.5884236693382263
YGR288W,YGR274C,0,-5.21993,0.12964311242103577,0.8768472671508789,0.5886699557304382
YGL158W,YDR412W,0,-5.220023,0.12959592044353485,0.8768472671508789,0.5889162421226501
YPL249C,YML011C,0,-5.2209954,0.12954875826835632,0.8768472671508789,0.5891625881195068
YDR039C,YGL225W,0,-5.221368,0.12950164079666138,0.8768472671508789,0.5894088745117188
YNL232W,YMR023C,0,-5.2218027,0.12945453822612762,0.8768472671508789,0.5896551609039307
YKL143W,YGR251W,0,-5.2222285,0.12940749526023865,0.8768472671508789,0.5899015069007874
YOR298W,YOL072W,0,-5.222351,0.12936046719551086,0.8768472671508789,0.5901477932929993
YLR226W,YCR077C,1,-5.2225037,0.1296767145395279,0.8793103694915771,0.5901477932929993
YIL085C,YER049W,0,-5.2227955,0.12962962687015533,0.8793103694915771,0.5903940796852112
YOR201C,YOR047C,0,-5.2228928,0.12958258390426636,0.8793103694915771,0.5906403660774231
YOR316C,YOR020C,0,-5.2229986,0.12953555583953857,0.8793103694915771,0.5908867120742798
YLR144C,YKL113C,0,-5.2232866,0.12948857247829437,0.8793103694915771,0.5911329984664917
YDL223C,YPL065W,0,-5.223324,0.12944161891937256,0.8793103694915771,0.5913792848587036
YGR231C,YPL276W,0,-5.2244816,0.12939471006393433,0.8793103694915771,0.5916256308555603
YKL201C,YBR195C,0,-5.2258453,0.12934783101081848,0.8793103694915771,0.5918719172477722
YCR077C,YBR156C,1,-5.225943,0.12966316938400269,0.8817734122276306,0.5918719172477722
YLR074C,YDR334W,0,-5.228075,0.12961621582508087,0.8817734122276306,0.5921182036399841
YPR009W,YPL120W,0,-5.2282677,0.12956930696964264,0.8817734122276306,0.5923645496368408
YBR070C,YOR261C,0,-5.2284446,0.1295224279165268,0.8817734122276306,0.5926108360290527
YCR077C,YJL080C,1,-5.228603,0.1298372447490692,0.8842364549636841,0.5926108360290527
YOR122C,YNL247W,0,-5.2289705,0.1297903060913086,0.8842364549636841,0.5928571224212646
YBR017C,YJL173C,0,-5.229349,0.12974339723587036,0.8842364549636841,0.5931034684181213
YDR246W,YOR068C,0,-5.2305145,0.1296965330839157,0.8842364549636841,0.5933497548103333
YLL008W,YJL187C,0,-5.2315006,0.12964969873428345,0.8842364549636841,0.5935960412025452
YLR357W,YML124C,1,-5.2320237,0.12996390461921692,0.8866994976997375,0.5935960412025452
YDL247W,YBR055C,0,-5.2322607,0.1299169957637787,0.8866994976997375,0.5938423871994019
YDR492W,YDR192C,0,-5.2323513,0.12987013161182404,0.8866994976997375,0.5940886735916138
YBL097W,YER147C,1,-5.23248,0.13018392026424408,0.889162540435791,0.5940886735916138
YOR174W,YLR398C,0,-5.2326646,0.13013698160648346,0.889162540435791,0.5943349599838257
YLR096W,YGR103W,0,-5.2340965,0.13009008765220642,0.889162540435791,0.5945813059806824
YOL158C,YIL085C,0,-5.2358727,0.13004322350025177,0.889162540435791,0.5948275923728943
YER017C,YLR275W,0,-5.2360764,0.1299964040517807,0.889162540435791,0.5950738787651062
YGR029W,YDR217C,0,-5.2365255,0.12994959950447083,0.889162540435791,0.5953202247619629
YIL052C,YLR305C,0,-5.2368493,0.12990283966064453,0.889162540435791,0.5955665111541748
YBR135W,YPL057C,0,-5.2374825,0.12985610961914062,0.889162540435791,0.5958127975463867
YLR376C,YLR092W,0,-5.2382674,0.1298094242811203,0.889162540435791,0.5960590839385986
YMR200W,YDL092W,0,-5.2385435,0.12976275384426117,0.889162540435791,0.5963054299354553
YAR014C,YHR038W,0,-5.2386303,0.12971612811088562,0.889162540435791,0.5965517163276672
YHR085W,YCR020C,0,-5.238778,0.12966954708099365,0.889162540435791,0.5967980027198792
YIR023W,YDR060W,0,-5.239162,0.12962298095226288,0.889162540435791,0.5970443487167358
YHR038W,YLR132C,0,-5.240717,0.12957645952701569,0.889162540435791,0.5972906351089478
YOL097C,YER190W,0,-5.2417583,0.12952996790409088,0.889162540435791,0.5975369215011597
YLR035C,YDR427W,0,-5.2424707,0.12948350608348846,0.889162540435791,0.5977832674980164
YLR226W,YJL080C,1,-5.243134,0.1297956258058548,0.8916256427764893,0.5977832674980164
YIL062C,YER100W,0,-5.2434664,0.1297491043806076,0.8916256427764893,0.5980295538902283
YMR309C,YOR115C,0,-5.2435226,0.1297026127576828,0.8916256427764893,0.5982758402824402
YNL048W,YNR060W,0,-5.243845,0.12965616583824158,0.8916256427764893,0.5985221862792969
YER002W,YGL233W,0,-5.2438536,0.12960973381996155,0.8916256427764893,0.5987684726715088
YPL050C,YEL024W,0,-5.243999,0.1295633465051651,0.8916256427764893,0.5990147590637207
YER166W,YMR133W,0,-5.2444534,0.12951698899269104,0.8916256427764893,0.5992611050605774
YJL005W,YER122C,0,-5.2445097,0.12947067618370056,0.8916256427764893,0.5995073914527893
YKL084W,YDR219C,0,-5.2448974,0.12942437827587128,0.8916256427764893,0.5997536778450012
YLR451W,YOR054C,0,-5.2466774,0.12937812507152557,0.8916256427764893,0.6000000238418579
YCL067C,YOR261C,0,-5.2471,0.12933190166950226,0.8916256427764893,0.6002463102340698
YPL267W,YHR079C,0,-5.247143,0.12928570806980133,0.8916256427764893,0.6004925966262817
YNR016C,YDR073W,0,-5.2477818,0.12923955917358398,0.8916256427764893,0.6007389426231384
YPL267W,YHR108W,0,-5.2477922,0.12919344007968903,0.8916256427764893,0.6009852290153503
YGL153W,YIL135C,0,-5.248025,0.12914733588695526,0.8916256427764893,0.6012315154075623
YLR363C,YOR187W,0,-5.2482834,0.12910129129886627,0.8916256427764893,0.601477861404419
YNR058W,YDL060W,0,-5.2488813,0.12905526161193848,0.8916256427764893,0.6017241477966309
YMR100W,YPL019C,0,-5.2491684,0.12900926172733307,0.8916256427764893,0.6019704341888428
YGL254W,YAL023C,0,-5.2496824,0.12896330654621124,0.8916256427764893,0.6022167205810547
YIR011C,YML124C,1,-5.249697,0.12927350401878357,0.8940886855125427,0.6022167205810547
YLR096W,YDL130W,0,-5.249881,0.12922748923301697,0.8940886855125427,0.6024630665779114
YKR099W,YML094W,0,-5.2503457,0.12918148934841156,0.8940886855125427,0.6027093529701233
YLR275W,YLR136C,0,-5.250508,0.12913553416728973,0.8940886855125427,0.6029556393623352
YPL053C,YKR042W,0,-5.2517266,0.1290896087884903,0.8940886855125427,0.6032019853591919
YBR118W,YBL004W,0,-5.2539206,0.12904372811317444,0.8940886855125427,0.6034482717514038
YJR156C,YBR117C,0,-5.254313,0.12899786233901978,0.8940886855125427,0.6036945581436157
YNL001W,YLR409C,0,-5.2557487,0.1289520412683487,0.8940886855125427,0.6039409041404724
YER036C,YHL027W,0,-5.256372,0.12890625,0.8940886855125427,0.6041871905326843
YPL204W,YER147C,1,-5.256487,0.12921547889709473,0.8965517282485962,0.6041871905326843
YHR075C,YKR001C,0,-5.2567177,0.12916962802410126,0.8965517282485962,0.6044334769248962
YLL036C,YHL034C,0,-5.256875,0.12912380695343018,0.8965517282485962,0.6046798229217529
YPL092W,YDR484W,0,-5.2586713,0.12907801568508148,0.8965517282485962,0.6049261093139648
YHL007C,YOR143C,0,-5.258715,0.12903225421905518,0.8965517282485962,0.6051723957061768
YOR231W,YGR253C,0,-5.258953,0.12898653745651245,0.8965517282485962,0.6054187417030334
YGL017W,YAL068C,0,-5.25912,0.12894085049629211,0.8965517282485962,0.6056650280952454
YBL085W,YGR101W,0,-5.260459,0.12889517843723297,0.8965517282485962,0.6059113144874573
YNR007C,YER109C,0,-5.260792,0.1288495510816574,0.8965517282485962,0.606157660484314
YLR305C,YBR126C,0,-5.260918,0.12880396842956543,0.8965517282485962,0.6064039468765259
YDR252W,YER061C,0,-5.2609224,0.12875840067863464,0.8965517282485962,0.6066502332687378
YBR288C,YIL049W,0,-5.2612615,0.12871287763118744,0.8965517282485962,0.6068965792655945
YBR135W,YMR100W,0,-5.26246,0.12866736948490143,0.8965517282485962,0.6071428656578064
YMR292W,YMR004W,0,-5.263641,0.128621906042099,0.8965517282485962,0.6073891520500183
YGL096W,YGR241C,0,-5.2640657,0.12857647240161896,0.8965517282485962,0.6076354384422302
YPL002C,YMR051C,0,-5.265148,0.1285310685634613,0.8965517282485962,0.6078817844390869
YIL121W,YPL243W,0,-5.266061,0.12848570942878723,0.8965517282485962,0.6081280708312988
YAR003W,YDR472W,0,-5.2662845,0.12844036519527435,0.8965517282485962,0.6083743572235107
YKR037C,YPL057C,0,-5.266398,0.12839506566524506,0.8965517282485962,0.6086207032203674
YER129W,YBR216C,0,-5.2664566,0.12834978103637695,0.8965517282485962,0.6088669896125793
YMR255W,YDR072C,0,-5.2666097,0.12830454111099243,0.8965517282485962,0.6091132760047913
YMR213W,YLR092W,0,-5.2671914,0.1282593309879303,0.8965517282485962,0.609359622001648
YNL071W,YEL024W,0,-5.267704,0.12821416556835175,0.8965517282485962,0.6096059083938599
YAR014C,YDR025W,0,-5.267784,0.1281690150499344,0.8965517282485962,0.6098521947860718
YBL074C,YBR188C,0,-5.267952,0.12812389433383942,0.8965517282485962,0.6100985407829285
YAL038W,YBR043C,0,-5.2683992,0.12807881832122803,0.8965517282485962,0.6103448271751404
YPL249C,YML075C,0,-5.268588,0.12803377211093903,0.8965517282485962,0.6105911135673523
YKL057C,YLR136C,0,-5.2689724,0.12798874080181122,0.8965517282485962,0.610837459564209
YML075C,YPL092W,0,-5.2697015,0.127943754196167,0.8965517282485962,0.6110837459564209
YHR143W,YJL073W,0,-5.270293,0.12789881229400635,0.8965517282485962,0.6113300323486328
YGL187C,YJR044C,0,-5.271532,0.1278538852930069,0.8965517282485962,0.6115763783454895
YDL113C,YGL075C,0,-5.272052,0.12780898809432983,0.8965517282485962,0.6118226647377014
YDR043C,YLR362W,0,-5.2721186,0.12776412069797516,0.8965517282485962,0.6120689511299133
YML011C,YDR115W,0,-5.2737074,0.12771929800510406,0.8965517282485962,0.61231529712677
YDR523C,YNL283C,0,-5.276116,0.12767450511455536,0.8965517282485962,0.6125615835189819
YER143W,YOR327C,0,-5.2762847,0.12762972712516785,0.8965517282485962,0.6128078699111938
YML019W,YPR010C,0,-5.2766085,0.12758499383926392,0.8965517282485962,0.6130542159080505
YBR126C,YPL176C,0,-5.277753,0.12754029035568237,0.8965517282485962,0.6133005023002625
YGR075C,YGR209C,0,-5.2782164,0.12749561667442322,0.8965517282485962,0.6135467886924744
YPR167C,YJR077C,0,-5.2782764,0.12745098769664764,0.8965517282485962,0.6137930750846863
YOR067C,YOR237W,0,-5.278591,0.12740637362003326,0.8965517282485962,0.614039421081543
YKR029C,YLR092W,0,-5.2785935,0.12736178934574127,0.8965517282485962,0.6142857074737549
YDR483W,YDR176W,0,-5.278657,0.12731724977493286,0.8965517282485962,0.6145319938659668
YKL206C,YOR040W,0,-5.2791195,0.12727272510528564,0.8965517282485962,0.6147783398628235
YCR018C,YJL222W,0,-5.279565,0.127228245139122,0.8965517282485962,0.6150246262550354
YER171W,YER120W,0,-5.279629,0.12718379497528076,0.8965517282485962,0.6152709126472473
YER143W,YBL007C,0,-5.280097,0.1271393597126007,0.8965517282485962,0.615517258644104
YDL051W,YHR206W,0,-5.280794,0.12709496915340424,0.8965517282485962,0.6157635450363159
YLR144C,YML060W,0,-5.2808247,0.12705060839653015,0.8965517282485962,0.6160098314285278
YCR020C-A,YOR043W,0,-5.281421,0.12700627744197845,0.8965517282485962,0.6162561774253845
YDR224C,YDR030C,0,-5.2817154,0.12696197628974915,0.8965517282485962,0.6165024638175964
YMR255W,YDR311W,0,-5.283691,0.12691771984100342,0.8965517282485962,0.6167487502098083
YNL135C,YGR101W,0,-5.2838593,0.12687347829341888,0.8965517282485962,0.616995096206665
YPL164C,YJR052W,0,-5.2844095,0.12682926654815674,0.8965517282485962,0.617241382598877
YDR513W,YPR056W,0,-5.285204,0.12678509950637817,0.8965517282485962,0.6174876689910889
YPL267W,YJR141W,0,-5.2852926,0.1267409473657608,0.8965517282485962,0.6177340149879456
YOR237W,YLR396C,0,-5.285301,0.12669683992862701,0.8965517282485962,0.6179803013801575
YJR047C,YNL244C,0,-5.28613,0.12665274739265442,0.8965517282485962,0.6182265877723694
YOR381W,YGR044C,0,-5.286521,0.1266086995601654,0.8965517282485962,0.6184729337692261
YKL082C,YGR274C,0,-5.286988,0.12656466662883759,0.8965517282485962,0.618719220161438
YDR054C,YLR224W,0,-5.287175,0.12652067840099335,0.8965517282485962,0.6189655065536499
YDR264C,YER049W,0,-5.2881737,0.1264767199754715,0.8965517282485962,0.6192117929458618
YNR060W,YOR116C,0,-5.288443,0.12643279135227203,0.8965517282485962,0.6194581389427185
YLR096W,YGL233W,0,-5.2887745,0.12638889253139496,0.8965517282485962,0.6197044253349304
YLR229C,YDL164C,0,-5.289131,0.12634502351284027,0.8965517282485962,0.6199507117271423
YKL007W,YDL024C,0,-5.289176,0.12630118429660797,0.8965517282485962,0.620197057723999
YNR033W,YCR020C-A,0,-5.289911,0.12625737488269806,0.8965517282485962,0.6204433441162109
YBL097W,YIR011C,1,-5.2905054,0.12656033039093018,0.8990147709846497,0.6204433441162109
YLR418C,YHR092C,0,-5.2905354,0.1265164613723755,0.8990147709846497,0.6206896305084229
YBR200W,YAL055W,0,-5.290537,0.1264726221561432,0.8990147709846497,0.6209359765052795
YDR221W,YOR143C,0,-5.2909346,0.12642881274223328,0.8990147709846497,0.6211822628974915
YLR226W,YML124C,1,-5.2910814,0.12673130631446838,0.9014778137207031,0.6211822628974915
YGR120C,YIL153W,0,-5.291384,0.1266874372959137,0.9014778137207031,0.6214285492897034
YDR494W,YKL014C,0,-5.2919426,0.1266435980796814,0.9014778137207031,0.6216748952865601
YBR055C,YNL093W,0,-5.2921524,0.12659978866577148,0.9014778137207031,0.621921181678772
YHR143W,YNL244C,0,-5.2922173,0.12655602395534515,0.9014778137207031,0.6221674680709839
YGR278W,YER056C,0,-5.2923703,0.12651227414608002,0.9014778137207031,0.6224138140678406
YER145C,YJL106W,0,-5.29257,0.12646855413913727,0.9014778137207031,0.6226601004600525
YDL024C,YDR121W,0,-5.2926126,0.1264248639345169,0.9014778137207031,0.6229063868522644
YLR390W-A,YDR436W,0,-5.2935767,0.12638121843338013,0.9014778137207031,0.6231527328491211
YLR055C,YDR092W,0,-5.2937393,0.12633758783340454,0.9014778137207031,0.623399019241333
YPL204W,YJL080C,1,-5.2937565,0.12663906812667847,0.9039409160614014,0.623399019241333
YDR503C,YAL029C,0,-5.294068,0.1265953779220581,0.9039409160614014,0.6236453056335449
YPR049C,YIL019W,0,-5.294318,0.12655171751976013,0.9039409160614014,0.6238916516304016
YER009W,YLR376C,0,-5.2945194,0.12650810182094574,0.9039409160614014,0.6241379380226135
YOL100W,YDL095W,0,-5.294794,0.12646450102329254,0.9039409160614014,0.6243842244148254
YJR043C,YDR412W,0,-5.294794,0.12642094492912292,0.9039409160614014,0.6246305704116821
YOR178C,YML076C,0,-5.295684,0.1263774037361145,0.9039409160614014,0.624876856803894
YLL038C,YNL002C,0,-5.2956853,0.12633390724658966,0.9039409160614014,0.625123143196106
YER172C,YCR047C,0,-5.296299,0.1262904405593872,0.9039409160614014,0.6253694295883179
YKR025W,YKL082C,0,-5.2964535,0.12624698877334595,0.9039409160614014,0.6256157755851746
YNR043W,YPL057C,0,-5.2976036,0.12620358169078827,0.9039409160614014,0.6258620619773865
YPL164C,YNL287W,0,-5.2979097,0.12616018950939178,0.9039409160614014,0.6261083483695984
YLR378C,YHR178W,0,-5.2984257,0.12611684203147888,0.9039409160614014,0.6263546943664551
YDR412W,YFR037C,0,-5.298491,0.12607350945472717,0.9039409160614014,0.626600980758667
YLR427W,YPR110C,0,-5.2992625,0.12603022158145905,0.9039409160614014,0.6268472671508789
YKR085C,YNL156C,0,-5.2995872,0.1259869486093521,0.9039409160614014,0.6270936131477356
YML060W,YPR107C,0,-5.2999253,0.12594372034072876,0.9039409160614014,0.6273398995399475
YIR011C,YML085C,1,-5.3000994,0.12624356150627136,0.9064039587974548,0.6273398995399475
YBL082C,YKL140W,0,-5.3004236,0.12620027363300323,0.9064039587974548,0.6275861859321594
YMR023C,YOR359W,0,-5.3007226,0.1261570155620575,0.9064039587974548,0.6278325319290161
YGR080W,YMR241W,0,-5.301259,0.12611377239227295,0.9064039587974548,0.628078818321228
YCR020C,YDR115W,0,-5.301331,0.12607057392597198,0.9064039587974548,0.6283251047134399
YOR201C,YDR465C,0,-5.301342,0.12602739036083221,0.9064039587974548,0.6285714507102966
YDL165W,YAL059W,0,-5.301381,0.12598425149917603,0.9064039587974548,0.6288177371025085
YMR227C,YKR001C,0,-5.3017664,0.12594114243984222,0.9064039587974548,0.6290640234947205
YPL116W,YNL015W,0,-5.3018436,0.12589804828166962,0.9064039587974548,0.6293103694915771
YIL062C,YEL053C,0,-5.3019037,0.1258549988269806,0.9064039587974548,0.6295566558837891
YLR210W,YNL287W,0,-5.3020763,0.12581196427345276,0.9064039587974548,0.629802942276001
YBR086C,YAL023C,0,-5.302127,0.1257689744234085,0.9064039587974548,0.6300492882728577
YNL232W,YBR118W,0,-5.3028126,0.12572599947452545,0.9064039587974548,0.6302955746650696
YKL013C,YKR025W,0,-5.30305,0.12568305432796478,0.9064039587974548,0.6305418610572815
YNL066W,YMR227C,0,-5.3032203,0.1256401538848877,0.9064039587974548,0.6307882070541382
YHR088W,YLR130C,0,-5.303486,0.1255972683429718,0.9064039587974548,0.6310344934463501
YIL019W,YBR244W,0,-5.3042994,0.1255544126033783,0.9064039587974548,0.631280779838562
YOR028C,YGL222C,0,-5.3043785,0.12551160156726837,0.9064039587974548,0.6315270662307739
YKR061W,YLR163C,0,-5.304586,0.12546880543231964,0.9064039587974548,0.6317734122276306
YIL101C,YLR126C,0,-5.305179,0.1254260390996933,0.9064039587974548,0.6320196986198425
YER030W,YDR060W,0,-5.3067894,0.12538330256938934,0.9064039587974548,0.6322659850120544
YPL115C,YKL120W,0,-5.3076153,0.12534059584140778,0.9064039587974548,0.6325123310089111
YER145C,YKL057C,0,-5.3078527,0.1252979189157486,0.9064039587974548,0.632758617401123
YOR028C,YPL176C,0,-5.308565,0.1252552717924118,0.9064039587974548,0.633004903793335
YOR058C,YMR128W,0,-5.3087015,0.1252126544713974,0.9064039587974548,0.6332512497901917
YBR200W,YDR492W,0,-5.309156,0.12517006695270538,0.9064039587974548,0.6334975361824036
YLR229C,YDR045C,0,-5.3094735,0.12512750923633575,0.9064039587974548,0.6337438225746155
YPR041W,YGR221C,0,-5.3095784,0.1250849813222885,0.9064039587974548,0.6339901685714722
YFL022C,YDL007W,0,-5.3096247,0.12504246830940247,0.9064039587974548,0.6342364549636841
YNL071W,YCR092C,0,-5.309673,0.125,0.9064039587974548,0.634482741355896
YDR492W,YLR126C,0,-5.3098764,0.12495755404233932,0.9064039587974548,0.6347290873527527
YKR034W,YGR257C,0,-5.3099303,0.12491513788700104,0.9064039587974548,0.6349753737449646
YNR043W,YAL023C,0,-5.3103933,0.12487275153398514,0.9064039587974548,0.6352216601371765
YBL015W,YLR088W,0,-5.31124,0.12483039498329163,0.9064039587974548,0.6354680061340332
YJR105W,YOR353C,0,-5.311775,0.1247880607843399,0.9064039587974548,0.6357142925262451
YDL130W,YGL112C,0,-5.311791,0.12474576383829117,0.9064039587974548,0.635960578918457
YDR038C,YLL035W,0,-5.3123198,0.12470348924398422,0.9064039587974548,0.6362069249153137
YNL261W,YGL120C,0,-5.312928,0.12466124445199966,0.9064039587974548,0.6364532113075256
YEL069C,YML016C,0,-5.312935,0.1246190294623375,0.9064039587974548,0.6366994976997375
YBR119W,YOR081C,0,-5.3132563,0.12457684427499771,0.9064039587974548,0.6369457840919495
YGL181W,YKR037C,0,-5.313331,0.12453468888998032,0.9064039587974548,0.6371921300888062
YER030W,YLR172C,0,-5.3134937,0.12449255585670471,0.9064039587974548,0.6374384164810181
YHR077C,YGL028C,0,-5.315075,0.12445046007633209,0.9064039587974548,0.63768470287323
YLL031C,YLR221C,0,-5.3151503,0.12440838664770126,0.9064039587974548,0.6379310488700867
YGL130W,YHR079C,0,-5.3154635,0.12436634302139282,0.9064039587974548,0.6381773352622986
YCL067C,YJR059W,0,-5.3155127,0.12432432174682617,0.9064039587974548,0.6384236216545105
YDR392W,YPL057C,0,-5.3158584,0.1242823377251625,0.9064039587974548,0.6386699676513672
YNL119W,YBL051C,0,-5.315939,0.12424037605524063,0.9064039587974548,0.6389162540435791
YGR257C,YKL075C,0,-5.3164845,0.12419844418764114,0.9064039587974548,0.639162540435791
YFR036W,YJL080C,1,-5.317095,0.12449392676353455,0.9088670015335083,0.639162540435791
YDL247W,YLR032W,0,-5.318207,0.12445194274187088,0.9088670015335083,0.6394088864326477
YOR150W,YPL041C,0,-5.318228,0.124409981071949,0.9088670015335083,0.6396551728248596
YDL207W,YDL153C,0,-5.319457,0.12436804920434952,0.9088670015335083,0.6399014592170715
YHR069C,YDR212W,0,-5.319732,0.12432614713907242,0.9088670015335083,0.6401478052139282
YKR025W,YNL313C,0,-5.320301,0.12428426742553711,0.9088670015335083,0.6403940916061401
YOR327C,YDR449C,0,-5.3208685,0.12424242496490479,0.9088670015335083,0.640640377998352
YGR037C,YPL002C,0,-5.321024,0.12420060485601425,0.9088670015335083,0.6408867239952087
YJR013W,YHL007C,0,-5.3224583,0.1241588145494461,0.9088670015335083,0.6411330103874207
YIL126W,YML085C,1,-5.3229685,0.12445341050624847,0.9113300442695618,0.6411330103874207
YER056C,YMR309C,0,-5.32393,0.12441156804561615,0.9113300442695618,0.6413792967796326
YKL143W,YLR130C,0,-5.325338,0.12436974793672562,0.9113300442695618,0.6416256427764893
YPR102C,YBL004W,0,-5.3254194,0.12432795763015747,0.9113300442695618,0.6418719291687012
YLR047C,YDR198C,0,-5.327365,0.12428619712591171,0.9113300442695618,0.6421182155609131
YPR051W,YDR140W,0,-5.327928,0.12424445897340775,0.9113300442695618,0.6423645615577698
YMR241W,YLR466W,0,-5.3289404,0.12420275062322617,0.9113300442695618,0.6426108479499817
YJL039C,YGR245C,0,-5.329109,0.12416107207536697,0.9113300442695618,0.6428571343421936
YNR033W,YCL011C,0,-5.329648,0.12411942332983017,0.9113300442695618,0.6431034207344055
YOR058C,YIL121W,0,-5.3302584,0.12407779693603516,0.9113300442695618,0.6433497667312622
YMR025W,YJR044C,0,-5.33043,0.12403620779514313,0.9113300442695618,0.6435960531234741
YHR176W,YDL056W,0,-5.3306274,0.12399464100599289,0.9113300442695618,0.643842339515686
YPL217C,YPL084W,0,-5.3307533,0.12395309656858444,0.9113300442695618,0.6440886855125427
YJL219W,YOR359W,0,-5.331228,0.12391158938407898,0.9113300442695618,0.6443349719047546
YML046W,YOL097C,0,-5.3314924,0.12387010455131531,0.9113300442695618,0.6445812582969666
YJR001W,YDR212W,0,-5.3315525,0.12382864952087402,0.9113300442695618,0.6448276042938232
YDL113C,YLR115W,0,-5.3316574,0.12378721684217453,0.9113300442695618,0.6450738906860352
YOR112W,YLR132C,0,-5.331939,0.12374582141637802,0.9113300442695618,0.6453201770782471
YGR029W,YGR080W,0,-5.3325224,0.1237044483423233,0.9113300442695618,0.6455665230751038
YOL077C,YIL143C,0,-5.3325434,0.12366310507059097,0.9113300442695618,0.6458128094673157
YDR252W,YPL036W,0,-5.3325644,0.12362178415060043,0.9113300442695618,0.6460590958595276
YJL005W,YDR039C,0,-5.3330426,0.12358049303293228,0.9113300442695618,0.6463054418563843
YNR030W,YFL060C,0,-5.3335133,0.12353923171758652,0.9113300442695618,0.6465517282485962
YEL053C,YOL097C,0,-5.3344326,0.12349800020456314,0.9113300442695618,0.6467980146408081
YJR121W,YPL065W,0,-5.3347826,0.12345679104328156,0.9113300442695618,0.6470443606376648
YOR208W,YMR179W,0,-5.334914,0.12341561168432236,0.9113300442695618,0.6472906470298767
YJL186W,YDR427W,0,-5.3352547,0.12337445467710495,0.9113300442695618,0.6475369334220886
YLR357W,YIR011C,1,-5.3353643,0.1236666664481163,0.9137930870056152,0.6475369334220886
YDL174C,YCR052W,0,-5.336072,0.12362545728683472,0.9137930870056152,0.6477832794189453
YHR206W,YOR110W,0,-5.336857,0.12358427792787552,0.9137930870056152,0.6480295658111572
YLR013W,YDR483W,0,-5.3372583,0.12354312092065811,0.9137930870056152,0.6482758522033691
YOL033W,YFR004W,0,-5.3373017,0.12350199371576309,0.9137930870056152,0.648522138595581
YDR384C,YPL164C,0,-5.33749,0.12346089631319046,0.9137930870056152,0.6487684845924377
YPL084W,YPR041W,0,-5.337514,0.12341982871294022,0.9137930870056152,0.6490147709846497
YCL029C,YKL140W,0,-5.337885,0.12337878346443176,0.9137930870056152,0.6492610573768616
YKL143W,YDL092W,0,-5.3383703,0.1233377680182457,0.9137930870056152,0.6495074033737183
YGR175C,YNL002C,0,-5.338564,0.12329677492380142,0.9137930870056152,0.6497536897659302
YMR133W,YGR241C,0,-5.3389573,0.12325581163167953,0.9137930870056152,0.6499999761581421
YPR143W,YOR110W,0,-5.3403506,0.12321487814188004,0.9137930870056152,0.6502463221549988
YBR156C,YML085C,1,-5.340557,0.12350597977638245,0.9162561297416687,0.6502463221549988
YLR080W,YCR092C,0,-5.3420973,0.12346498668193817,0.9162561297416687,0.6504926085472107
YML110C,YER052C,0,-5.3429565,0.12342402338981628,0.9162561297416687,0.6507388949394226
YNL291C,YOR208W,0,-5.3434772,0.12338308244943619,0.9162561297416687,0.6509852409362793
YDR110W,YML048W,0,-5.3437653,0.12334217876195908,0.9162561297416687,0.6512315273284912
YLR167W,YCR018C,0,-5.343794,0.12330128997564316,0.9162561297416687,0.6514778137207031
YGR245C,YOR110W,0,-5.344046,0.12326043844223022,0.9162561297416687,0.6517241597175598
YDL043C,YLR430W,0,-5.344271,0.12321960926055908,0.9162561297416687,0.6519704461097717
YLR246W,YDR224C,0,-5.344549,0.12317880988121033,0.9162561297416687,0.6522167325019836
YDL130W,YKL082C,0,-5.344944,0.12313803285360336,0.9162561297416687,0.6524630784988403
YHR176W,YIL021W,0,-5.345556,0.12309728562831879,0.9162561297416687,0.6527093648910522
YPL204W,YIR011C,1,-5.3460264,0.12338736653327942,0.9187192320823669,0.6527093648910522
YJL179W,YNL246W,0,-5.3474245,0.12334655970335007,0.9187192320823669,0.6529556512832642
YKR026C,YMR163C,0,-5.3475456,0.1233057826757431,0.9187192320823669,0.6532019972801208
YNR013C,YFL038C,0,-5.347807,0.12326503545045853,0.9187192320823669,0.6534482836723328
YPL095C,YOL125W,0,-5.348674,0.12322431802749634,0.9187192320823669,0.6536945700645447
YPL176C,YNL093W,0,-5.349124,0.12318362295627594,0.9187192320823669,0.6539409160614014
YJR013W,YDR517W,0,-5.3497853,0.12314295023679733,0.9187192320823669,0.6541872024536133
YBL097W,YBR156C,1,-5.3502216,0.12343234568834305,0.9211822748184204,0.6541872024536133
YKL052C,YLR324W,0,-5.351014,0.12339162081480026,0.9211822748184204,0.6544334888458252
YKR025W,YDR429C,0,-5.3511763,0.12335092574357986,0.9211822748184204,0.6546797752380371
YBL074C,YBR035C,0,-5.351462,0.12331025302410126,0.9211822748184204,0.6549261212348938
YDL113C,YHR092C,0,-5.3517075,0.12326961010694504,0.9211822748184204,0.6551724076271057
YGL181W,YKL201C,0,-5.3518176,0.1232289969921112,0.9211822748184204,0.6554186940193176
YJR143C,YFL049W,0,-5.352315,0.12318840622901917,0.9211822748184204,0.6556650400161743
YML094W,YGR238C,0,-5.352476,0.12314784526824951,0.9211822748184204,0.6559113264083862
YNR016C,YOR327C,0,-5.353119,0.12310730665922165,0.9211822748184204,0.6561576128005981
YJR105W,YKL213C,0,-5.3532047,0.12306679785251617,0.9211822748184204,0.6564039587974548
YDR255C,YHR056C,0,-5.3538256,0.12302631884813309,0.9211822748184204,0.6566502451896667
YPL083C,YDL060W,0,-5.3541975,0.12298586219549179,0.9211822748184204,0.6568965315818787
YFR004W,YPL232W,0,-5.354604,0.12294542789459229,0.9211822748184204,0.6571428775787354
YJR105W,YMR165C,0,-5.3561506,0.12290503084659576,0.9211822748184204,0.6573891639709473
YCR063W,YGR238C,0,-5.3563466,0.12286464869976044,0.9211822748184204,0.6576354503631592
YIL019W,YBL051C,0,-5.356905,0.1228243038058281,0.9211822748184204,0.6578817963600159
YDR071C,YPL175W,0,-5.357051,0.12278398126363754,0.9211822748184204,0.6581280827522278
YPL094C,YNL283C,0,-5.357288,0.12274368107318878,0.9211822748184204,0.6583743691444397
YDR512C,YER154W,0,-5.3573866,0.12270341068506241,0.9211822748184204,0.6586207151412964
YMR267W,YLR032W,0,-5.3576646,0.12266317009925842,0.9211822748184204,0.6588670015335083
YDL051W,YAL029C,0,-5.3577213,0.12262295186519623,0.9211822748184204,0.6591132879257202
YBR215W,YJL013C,0,-5.3578777,0.12258276343345642,0.9211822748184204,0.6593596339225769
YPR102C,YLR340W,0,-5.357945,0.1225425973534584,0.9211822748184204,0.6596059203147888
YHR123W,YDL153C,0,-5.358123,0.12250245362520218,0.9211822748184204,0.6598522067070007
YNL233W,YFL005W,0,-5.358419,0.12246234714984894,0.9211822748184204,0.6600984930992126
YMR267W,YDL159W,0,-5.3585515,0.12242225557565689,0.9211822748184204,0.6603448390960693
YNR058W,YER030W,0,-5.3589444,0.12238220125436783,0.9211822748184204,0.6605911254882812
YFR009W,YLR450W,0,-5.359044,0.12234216183423996,0.9211822748184204,0.6608374118804932
YCR020C-A,YJL179W,0,-5.3597217,0.12230215966701508,0.9211822748184204,0.6610837578773499
YNL256W,YER049W,0,-5.3599887,0.12226217985153198,0.9211822748184204,0.6613300442695618
YDL130W,YMR241W,0,-5.3602114,0.12222222238779068,0.9211822748184204,0.6615763306617737
YBL030C,YLR383W,0,-5.3613195,0.12218229472637177,0.9211822748184204,0.6618226766586304
YKR035W-A,YPR143W,0,-5.3616877,0.12214238941669464,0.9211822748184204,0.6620689630508423
YDR339C,YLR305C,0,-5.361974,0.1221025139093399,0.9211822748184204,0.6623152494430542
YIL140W,YIL135C,0,-5.3621597,0.12206266075372696,0.9211822748184204,0.6625615954399109
YPL175W,YOR110W,0,-5.3624363,0.1220228374004364,0.9211822748184204,0.6628078818321228
YPR073C,YER120W,0,-5.3627567,0.12198303639888763,0.9211822748184204,0.6630541682243347
YOR156C,YML085C,1,-5.363229,0.12226931750774384,0.9236453175544739,0.6630541682243347
YER049W,YLR132C,0,-5.3634753,0.12222946435213089,0.9236453175544739,0.6633005142211914
YNL119W,YMR050C,0,-5.3643723,0.12218964099884033,0.9236453175544739,0.6635468006134033
YLR418C,YFL060C,0,-5.3646545,0.12214983999729156,0.9236453175544739,0.6637930870056152
YDR470C,YGR251W,0,-5.365984,0.12211006134748459,0.9236453175544739,0.6640394330024719
YLR189C,YKL057C,0,-5.3660846,0.1220703125,0.9236453175544739,0.6642857193946838
YOR316C,YKL130C,0,-5.366432,0.1220305860042572,0.9236453175544739,0.6645320057868958
YBR156C,YML124C,1,-5.367972,0.12231620401144028,0.9261083602905273,0.6645320057868958
YML057W,YML130C,0,-5.3688164,0.1222764253616333,0.9261083602905273,0.6647783517837524
YPL094C,YJR066W,0,-5.3695493,0.12223666906356812,0.9261083602905273,0.6650246381759644
YPR110C,YDL015C,0,-5.3702664,0.12219694256782532,0.9261083602905273,0.6652709245681763
YHL024W,YMR200W,0,-5.370802,0.12215724587440491,0.9261083602905273,0.665517270565033
YHR088W,YDL007W,0,-5.3708544,0.12211757153272629,0.9261083602905273,0.6657635569572449
YPL175W,YJL138C,0,-5.371105,0.12207791954278946,0.9261083602905273,0.6660098433494568
YJL080C,YMR117C,1,-5.3714,0.12236286699771881,0.9285714030265808,0.6660098433494568
YDR225W,YGR042W,0,-5.3718657,0.1223231703042984,0.9285714030265808,0.6662561297416687
YIR009W,YKR042W,0,-5.37257,0.12228348851203918,0.9285714030265808,0.6665024757385254
YDR039C,YGL181W,0,-5.3732004,0.12224383652210236,0.9285714030265808,0.6667487621307373
YPR031W,YLR362W,0,-5.373497,0.12220421433448792,0.9285714030265808,0.6669950485229492
YOR145C,YLR305C,0,-5.3738203,0.12216461449861526,0.9285714030265808,0.6672413945198059
YMR081C,YIL115C,0,-5.3750553,0.1221250370144844,0.9285714030265808,0.6674876809120178
YLR144C,YOR388C,0,-5.375472,0.12208548933267593,0.9285714030265808,0.6677339673042297
YOR372C,YMR059W,0,-5.375974,0.12204597145318985,0.9285714030265808,0.6679803133010864
YLR361C,YJL029C,0,-5.376007,0.12200647592544556,0.9285714030265808,0.6682265996932983
YLR013W,YDR513W,0,-5.376108,0.12196700274944305,0.9285714030265808,0.6684728860855103
YOR208W,YDL015C,0,-5.376446,0.12192755192518234,0.9285714030265808,0.6687192320823669
YNR033W,YBR213W,0,-5.3773108,0.12188813090324402,0.9285714030265808,0.6689655184745789
YKR025W,YBL052C,0,-5.3774524,0.12184873968362808,0.9285714030265808,0.6692118048667908
YNL256W,YMR292W,0,-5.378064,0.12180937081575394,0.9285714030265808,0.6694581508636475
YDR339C,YPR139C,0,-5.3786316,0.12177002429962158,0.9285714030265808,0.6697044372558594
YCL024W,YNL244C,0,-5.3788204,0.12173070758581161,0.9285714030265808,0.6699507236480713
YOR151C,YDR212W,0,-5.379459,0.12169141322374344,0.9285714030265808,0.670197069644928
YLR102C,YCR077C,1,-5.379485,0.12197483330965042,0.931034505367279,0.670197069644928
YOR381W,YKL084W,0,-5.3796635,0.12193548679351807,0.931034505367279,0.6704433560371399
YOR388C,YJL056C,0,-5.379765,0.1218961626291275,0.931034505367279,0.6706896424293518
YDL174C,YBL064C,0,-5.3810105,0.12185686826705933,0.931034505367279,0.6709359884262085
YNR057C,YBL052C,0,-5.3815727,0.12181759625673294,0.931034505367279,0.6711822748184204
YGR103W,YLR148W,0,-5.381586,0.12177835404872894,0.931034505367279,0.6714285612106323
YER017C,YLR189C,0,-5.382199,0.12173912674188614,0.931034505367279,0.6716748476028442
YFL005W,YER049W,0,-5.3826237,0.12169993668794632,0.931034505367279,0.6719211935997009
YMR058W,YDR427W,0,-5.3826685,0.12166076898574829,0.931034505367279,0.6721674799919128
YLL031C,YML007W,0,-5.3826785,0.12162162363529205,0.931034505367279,0.6724137663841248
YJL110C,YGR103W,0,-5.382784,0.1215825006365776,0.931034505367279,0.6726601123809814
YPR073C,YEL024W,0,-5.3833027,0.12154340744018555,0.931034505367279,0.6729063987731934
YPL213W,YBR035C,0,-5.383462,0.12150433659553528,0.931034505367279,0.6731526851654053
YPR093C,YBR215W,0,-5.3834677,0.1214652955532074,0.931034505367279,0.673399031162262
YER052C,YDL065C,0,-5.3854923,0.12142627686262131,0.931034505367279,0.6736453175544739
YLR163C,YCR018C,0,-5.3857303,0.12138728052377701,0.931034505367279,0.6738916039466858
YJR035W,YLR398C,0,-5.3858976,0.1213483139872551,0.931034505367279,0.6741379499435425
YHR085W,YGR171C,0,-5.3862286,0.12130936980247498,0.931034505367279,0.6743842363357544
YHR007C,YER093C,0,-5.3862906,0.12127045542001724,0.931034505367279,0.6746305227279663
YPL213W,YBR117C,0,-5.3867855,0.1212315559387207,0.931034505367279,0.674876868724823
YAR015W,YLR363C,0,-5.3875504,0.12119268625974655,0.931034505367279,0.6751231551170349
YDR004W,YMR247C,0,-5.387582,0.12115384638309479,0.931034505367279,0.6753694415092468
YJR060W,YPL204W,1,-5.3881025,0.12143544107675552,0.9334975481033325,0.6753694415092468
YLR074C,YMR179W,0,-5.38855,0.12139654159545898,0.9334975481033325,0.6756157875061035
YGL211W,YNL093W,0,-5.3890576,0.12135767191648483,0.9334975481033325,0.6758620738983154
YLR427W,YLL006W,0,-5.38906,0.12131882458925247,0.9334975481033325,0.6761083602905273
YNL272C,YNL093W,0,-5.3893967,0.1212799996137619,0.9334975481033325,0.676354706287384
YOL158C,YPL176C,0,-5.389659,0.12124120444059372,0.9334975481033325,0.676600992679596
YPL213W,YOR115C,0,-5.390112,0.12120243161916733,0.9334975481033325,0.6768472790718079
YCR026C,YER154W,0,-5.390358,0.12116368114948273,0.9334975481033325,0.6770936250686646
YMR309C,YJL222W,0,-5.3906307,0.12112496048212051,0.9334975481033325,0.6773399114608765
YNL119W,YAR003W,0,-5.3911667,0.12108626216650009,0.9334975481033325,0.6775861978530884
YPL213W,YBL007C,0,-5.3915014,0.12104758620262146,0.9334975481033325,0.6778324842453003
YOL149W,YLR092W,0,-5.3936014,0.12100894004106522,0.9334975481033325,0.678078830242157
YDL209C,YGL233W,0,-5.3936176,0.12097031623125076,0.9334975481033325,0.6783251166343689
YJL041W,YER103W,0,-5.3938885,0.1209317147731781,0.9334975481033325,0.6785714030265808
YNL291C,YMR030W,0,-5.3942566,0.12089314311742783,0.9334975481033325,0.6788177490234375
YIL021W,YOR054C,0,-5.39546,0.12085459381341934,0.9334975481033325,0.6790640354156494
YDR272W,YOR151C,0,-5.3964024,0.12081606686115265,0.9334975481033325,0.6793103218078613
YOL011W,YOL125W,0,-5.3965073,0.12077756226062775,0.9334975481033325,0.679556667804718
YPL213W,YOR253W,0,-5.39743,0.12073908746242523,0.9334975481033325,0.6798029541969299
YDR140W,YMR093W,0,-5.397777,0.12070063501596451,0.9334975481033325,0.6800492405891418
YDR513W,YLR182W,0,-5.3980193,0.12066221237182617,0.9334975481033325,0.6802955865859985
YPL214C,YBR216C,0,-5.398382,0.12062380462884903,0.9334975481033325,0.6805418729782104
YHR065C,YNL313C,0,-5.3988543,0.12058542668819427,0.9334975481033325,0.6807881593704224
YOL077C,YOR081C,0,-5.399196,0.12054707109928131,0.9334975481033325,0.681034505367279
YHR088W,YMR127C,0,-5.399332,0.12050874531269073,0.9334975481033325,0.681280791759491
YAR015W,YGL253W,0,-5.3993993,0.12047044187784195,0.9334975481033325,0.6815270781517029
YHR072W-A,YBR035C,0,-5.400672,0.12043216079473495,0.9334975481033325,0.6817734241485596
YER027C,YMR227C,0,-5.4010477,0.12039390206336975,0.9334975481033325,0.6820197105407715
YDR225W,YAL055W,0,-5.4015865,0.12035566568374634,0.9334975481033325,0.6822659969329834
YHR166C,YJL019W,1,-5.401802,0.12063492089509964,0.935960590839386,0.6822659969329834
YDR465C,YDR164C,0,-5.4036694,0.12059663236141205,0.935960590839386,0.6825123429298401
YAL023C,YGL112C,0,-5.4042177,0.12055837363004684,0.935960590839386,0.682758629322052
YHR176W,YKR067W,0,-5.404385,0.12052013725042343,0.935960590839386,0.6830049157142639
YOR145C,YDR080W,0,-5.4044356,0.1204819306731224,0.935960590839386,0.6832512021064758
YFL055W,YJR043C,0,-5.4055367,0.12044373899698257,0.935960590839386,0.6834975481033325
YER109C,YMR145C,0,-5.406397,0.12040557712316513,0.935960590839386,0.6837438344955444
YKL084W,YML046W,0,-5.4073567,0.12036743760108948,0.935960590839386,0.6839901208877563
YJL110C,YDR246W,0,-5.407799,0.12032932043075562,0.935960590839386,0.684236466884613
YBR243C,YLR390W-A,0,-5.4078345,0.12029123306274414,0.935960590839386,0.684482753276825
YJR047C,YHR092C,0,-5.4081793,0.12025316804647446,0.935960590839386,0.6847290396690369
YPL094C,YLR275W,0,-5.4085507,0.12021512538194656,0.935960590839386,0.6849753856658936
YPR093C,YOR174W,0,-5.408841,0.12017710506916046,0.935960590839386,0.6852216720581055
YGR120C,YAL068C,0,-5.4088583,0.12013910710811615,0.935960590839386,0.6854679584503174
YDR299W,YJR132W,0,-5.4093723,0.12010113894939423,0.935960590839386,0.6857143044471741
YAR014C,YFR050C,0,-5.409567,0.12006319314241409,0.935960590839386,0.685960590839386
YIL125W,YPL055C,0,-5.409832,0.12002526968717575,0.935960590839386,0.6862068772315979
YGL017W,YNL169C,0,-5.4103894,0.1199873685836792,0.935960590839386,0.6864532232284546
YAL059W,YDL005C,0,-5.410679,0.11994949728250504,0.935960590839386,0.6866995096206665
YDR156W,YIL135C,0,-5.4110317,0.11991164088249207,0.935960590839386,0.6869457960128784
YEL024W,YLR154C,0,-5.4114857,0.11987381428480148,0.935960590839386,0.6871921420097351
YCL034W,YMR247C,0,-5.4116573,0.11983601748943329,0.935960590839386,0.687438428401947
YPL112C,YDL060W,0,-5.412818,0.11979823559522629,0.935960590839386,0.6876847147941589
YNL049C,YOR054C,0,-5.4128437,0.11976047605276108,0.935960590839386,0.6879310607910156
YJR094C,YJR132W,0,-5.4131155,0.11972274631261826,0.935960590839386,0.6881773471832275
YDL065C,YIL143C,0,-5.413153,0.11968503892421722,0.935960590839386,0.6884236335754395
YNL015W,YDR080W,0,-5.4137506,0.11964735388755798,0.935960590839386,0.6886699795722961
YNL156C,YDR212W,0,-5.4145384,0.11960969120264053,0.935960590839386,0.6889162659645081
YPL179W,YNL292W,0,-5.414578,0.11957205832004547,0.935960590839386,0.68916255235672
YLR129W,YML067C,0,-5.416215,0.1195344477891922,0.935960590839386,0.6894088387489319
YLR088W,YOR145C,0,-5.417898,0.11949685215950012,0.935960590839386,0.6896551847457886
YHR166C,YGR089W,1,-5.418097,0.11977365612983704,0.9384236335754395,0.6896551847457886
YOL033W,YLR398C,0,-5.418297,0.11973601579666138,0.9384236335754395,0.6899014711380005
YDR069C,YLR313C,0,-5.418526,0.11969839781522751,0.9384236335754395,0.6901477575302124
YDR121W,YDR079W,0,-5.4192877,0.11966080218553543,0.9384236335754395,0.6903941035270691
YDR264C,YKL113C,0,-5.4198394,0.11962323635816574,0.9384236335754395,0.690640389919281
YDR219C,YBR084W,0,-5.4210787,0.11958568543195724,0.9384236335754395,0.6908866763114929
YOR067C,YLR074C,0,-5.421341,0.11954816430807114,0.9384236335754395,0.6911330223083496
YLR102C,YML124C,1,-5.421812,0.11982434242963791,0.9408866763114929,0.6911330223083496
YAR015W,YJR043C,0,-5.422678,0.11978676915168762,0.9408866763114929,0.6913793087005615
YOL086C,YGL038C,0,-5.4230957,0.11974921822547913,0.9408866763114929,0.6916255950927734
YBL085W,YBR117C,0,-5.423329,0.11971168965101242,0.9408866763114929,0.6918719410896301
YDR183W,YIL101C,0,-5.424007,0.1196741834282875,0.9408866763114929,0.692118227481842
YOR261C,YER120W,0,-5.4241295,0.11963670700788498,0.9408866763114929,0.692364513874054
YML024W,YJL176C,0,-5.425303,0.11959924548864365,0.9408866763114929,0.6926108598709106
YLL038C,YGL183C,0,-5.425564,0.1195618137717247,0.9408866763114929,0.6928571462631226
YDL007W,YGL104C,0,-5.427394,0.11952440440654755,0.9408866763114929,0.6931034326553345
YLR362W,YNL093W,0,-5.429635,0.11948701739311218,0.9408866763114929,0.6933497786521912
YBR043C,YPR041W,0,-5.430345,0.11944965273141861,0.9408866763114929,0.6935960650444031
YJL005W,YOR327C,0,-5.430707,0.11941231787204742,0.9408866763114929,0.693842351436615
YGL094C,YDL153C,0,-5.4311953,0.11937499791383743,0.9408866763114929,0.6940886974334717
YER036C,YOR201C,0,-5.4315233,0.11933770775794983,0.9408866763114929,0.6943349838256836
YJR147W,YJL187C,0,-5.4323854,0.11930043995380402,0.9408866763114929,0.6945812702178955
YJR043C,YJL138C,0,-5.432411,0.1192631870508194,0.9408866763114929,0.6948275566101074
YBR070C,YDL165W,0,-5.432502,0.11922596395015717,0.9408866763114929,0.6950739026069641
YGL130W,YJR143C,0,-5.432621,0.11918877065181732,0.9408866763114929,0.695320188999176
YDR069C,YOL011W,0,-5.4330444,0.11915159225463867,0.9408866763114929,0.6955664753913879
YER036C,YOL077C,0,-5.4330626,0.11911443620920181,0.9408866763114929,0.6958128213882446
YDR429C,YOR115C,0,-5.4338775,0.11907730996608734,0.9408866763114929,0.6960591077804565
YJL186W,YLR275W,0,-5.4342184,0.11904019862413406,0.9408866763114929,0.6963053941726685
YER103W,YDR306C,0,-5.4345083,0.11900311708450317,0.9408866763114929,0.6965517401695251
YOR244W,YGL094C,0,-5.43454,0.11896605789661407,0.9408866763114929,0.6967980265617371
YNR057C,YGL120C,0,-5.4349194,0.11892901360988617,0.9408866763114929,0.697044312953949
YEL024W,YOR054C,0,-5.4350214,0.11889199912548065,0.9408866763114929,0.6972906589508057
YML067C,YLR055C,0,-5.435355,0.11885500699281693,0.9408866763114929,0.6975369453430176
YHR058C,YJR156C,0,-5.43544,0.11881803721189499,0.9408866763114929,0.6977832317352295
YHL007C,YNL283C,0,-5.435703,0.11878109723329544,0.9408866763114929,0.6980295777320862
YGR231C,YPL047W,0,-5.4363384,0.11874417215585709,0.9408866763114929,0.6982758641242981
YNR007C,YMR247C,0,-5.436661,0.11870726943016052,0.9408866763114929,0.69852215051651
YDR295C,YLR427W,0,-5.43718,0.11867039650678635,0.9408866763114929,0.6987684965133667
YER061C,YMR097C,0,-5.4373355,0.11863353848457336,0.9408866763114929,0.6990147829055786
YJL012C,YLR466W,0,-5.437347,0.11859671026468277,0.9408866763114929,0.6992610692977905
YNL291C,YHL020C,0,-5.437509,0.11855990439653397,0.9408866763114929,0.6995074152946472
YJR053W,YLR466W,0,-5.438156,0.11852311342954636,0.9408866763114929,0.6997537016868591
YDL178W,YMR128W,0,-5.4381943,0.11848635226488113,0.9408866763114929,0.699999988079071
YKL145W,YKR050W,0,-5.4386983,0.1184496134519577,0.9408866763114929,0.7002463340759277
YGR286C,YNL247W,0,-5.4392633,0.11841289699077606,0.9408866763114929,0.7004926204681396
YJR121W,YCR031C,0,-5.43983,0.11837620288133621,0.9408866763114929,0.7007389068603516
YEL042W,YDR115W,0,-5.4400196,0.11833953112363815,0.9408866763114929,0.7009851932525635
YKL113C,YHR069C,0,-5.4401135,0.11830288171768188,0.9408866763114929,0.7012315392494202
YDR264C,YDR463W,0,-5.440478,0.11826625466346741,0.9408866763114929,0.7014778256416321
YOR231W,YDR501W,0,-5.440503,0.11822964996099472,0.9408866763114929,0.701724112033844
YOR174W,YPR010C,0,-5.4405713,0.11819306761026382,0.9408866763114929,0.7019704580307007
YOR231W,YGL213C,0,-5.441601,0.11815650761127472,0.9408866763114929,0.7022167444229126
YGL153W,YBL004W,0,-5.4419413,0.118119977414608,0.9408866763114929,0.7024630308151245
YBR244W,YLR324W,0,-5.4419723,0.11808346211910248,0.9408866763114929,0.7027093768119812
YNL233W,YIL052C,0,-5.442541,0.11804696917533875,0.9408866763114929,0.7029556632041931
YER172C,YDR073W,0,-5.4427605,0.1180105060338974,0.9408866763114929,0.703201949596405
YPL053C,YAR035W,0,-5.443239,0.11797405779361725,0.9408866763114929,0.7034482955932617
YNR058W,YPL095C,0,-5.4436183,0.11793763190507889,0.9408866763114929,0.7036945819854736
YBR043C,YKR042W,0,-5.444687,0.11790123581886292,0.9408866763114929,0.7039408683776855
YIR023W,YOR208W,0,-5.444882,0.11786485463380814,0.9408866763114929,0.7041872143745422
YOR279C,YOL097C,0,-5.445092,0.11782850325107574,0.9408866763114929,0.7044335007667542
YML074C,YMR125W,0,-5.4459043,0.11779216676950455,0.9408866763114929,0.7046797871589661
YDR023W,YFL049W,0,-5.4460278,0.11775586009025574,0.9408866763114929,0.7049261331558228
YPL095C,YLR427W,0,-5.4463043,0.11771956831216812,0.9408866763114929,0.7051724195480347
YDR225W,YGR195W,0,-5.447385,0.1176832988858223,0.9408866763114929,0.7054187059402466
YGR029W,YGR238C,0,-5.4477954,0.11764705926179886,0.9408866763114929,0.7056650519371033
YLL008W,YDL007W,0,-5.4482455,0.11761083453893661,0.9408866763114929,0.7059113383293152
YGL222C,YGR245C,0,-5.4488363,0.11757463961839676,0.9408866763114929,0.7061576247215271
YML121W,YDR484W,0,-5.4490194,0.1175384595990181,0.9408866763114929,0.706403911113739
YDR183W,YPL176C,0,-5.4492083,0.11750230938196182,0.9408866763114929,0.7066502571105957
YAL020C,YPL196W,0,-5.4494543,0.11746617406606674,0.9408866763114929,0.7068965435028076
YML006C,YIL101C,0,-5.450042,0.11743006110191345,0.9408866763114929,0.7071428298950195
YER014C-A,YBR126C,0,-5.4511576,0.11739397794008255,0.9408866763114929,0.7073891758918762
YNR030W,YBL090W,0,-5.451512,0.11735790967941284,0.9408866763114929,0.7076354622840881
YKL084W,YLR305C,0,-5.451537,0.11732186377048492,0.9408866763114929,0.7078817486763
YDR516C,YLR119W,0,-5.4517794,0.1172858476638794,0.9408866763114929,0.7081280946731567
YKR039W,YDL223C,0,-5.4531837,0.11724984645843506,0.9408866763114929,0.7083743810653687
YMR145C,YMR227C,0,-5.4537444,0.11721386760473251,0.9408866763114929,0.7086206674575806
YMR135C,YDR092W,0,-5.4540443,0.11717791110277176,0.9408866763114929,0.7088670134544373
YJR121W,YLR130C,0,-5.4545054,0.11714198440313339,0.9408866763114929,0.7091132998466492
YNL015W,YER120W,0,-5.454955,0.11710607260465622,0.9408866763114929,0.7093595862388611
YFR009W,YDL201W,0,-5.4551563,0.11707018315792084,0.9408866763114929,0.7096059322357178
YDR272W,YMR051C,0,-5.4552646,0.11703431606292725,0.9408866763114929,0.7098522186279297
YDR072C,YLR324W,0,-5.4554253,0.11699847131967545,0.9408866763114929,0.7100985050201416
YDR184C,YGL211W,0,-5.4559803,0.11696264892816544,0.9408866763114929,0.7103448510169983
YLR451W,YLR190W,0,-5.456484,0.11692684143781662,0.9408866763114929,0.7105911374092102
YOL086C,YER025W,0,-5.4569135,0.11689106374979019,0.9408866763114929,0.7108374238014221
YNL001W,YGR241C,0,-5.457105,0.11685530841350555,0.9408866763114929,0.7110837697982788
YFR047C,YOR040W,0,-5.457285,0.11681957542896271,0.9408866763114929,0.7113300561904907
YDL201W,YDL118W,0,-5.4573,0.11678385734558105,0.9408866763114929,0.7115763425827026
YJR137C,YER027C,0,-5.458495,0.11674816906452179,0.9408866763114929,0.7118226885795593
YBR200W,YPR102C,0,-5.4587703,0.11671249568462372,0.9408866763114929,0.7120689749717712
YER009W,YDR395W,0,-5.459254,0.11667684465646744,0.9408866763114929,0.7123152613639832
YER021W,YOR047C,0,-5.4593616,0.11664122343063354,0.9408866763114929,0.7125615477561951
YOL033W,YNL292W,0,-5.4596186,0.11660561710596085,0.9408866763114929,0.7128078937530518
YBR119W,YGL038C,0,-5.4601884,0.11657003313302994,0.9408866763114929,0.7130541801452637
YNL287W,YFL058W,0,-5.4605074,0.11653447151184082,0.9408866763114929,0.7133004665374756
YLR102C,YMR117C,1,-5.4630623,0.11680390685796738,0.9433497786521912,0.7133004665374756
YGR112W,YLR466W,0,-5.4631286,0.11676829308271408,0.9433497786521912,0.7135468125343323
YNL071W,YGR209C,0,-5.4637136,0.11673270165920258,0.9433497786521912,0.7137930989265442
YLR449W,YML076C,0,-5.4637737,0.11669713258743286,0.9433497786521912,0.7140393853187561
YDR292C,YNL066W,0,-5.463878,0.11666159331798553,0.9433497786521912,0.7142857313156128
YKR087C,YHL028W,0,-5.463984,0.1166260689496994,0.9433497786521912,0.7145320177078247
YGR142W,YFR037C,0,-5.464036,0.11659055948257446,0.9433497786521912,0.7147783041000366
YHR129C,YHR007C,0,-5.464166,0.11655507981777191,0.9433497786521912,0.7150246500968933
YOR298W,YFR004W,0,-5.464595,0.11651962250471115,0.9433497786521912,0.7152709364891052
YPL213W,YLL016W,0,-5.464953,0.11648418754339218,0.9433497786521912,0.7155172228813171
YLR449W,YGL233W,0,-5.4652443,0.1164487674832344,0.9433497786521912,0.7157635688781738
YFR027W,YPL204W,1,-5.4653096,0.11671732366085052,0.9458128213882446,0.7157635688781738
YNR058W,YOR020C,0,-5.4664197,0.11668185889720917,0.9458128213882446,0.7160098552703857
YKL046C,YOR341W,0,-5.466488,0.1166464164853096,0.9458128213882446,0.7162561416625977
YJR060W,YGR089W,1,-5.466904,0.11691466718912125,0.9482758641242981,0.7162561416625977
YHR094C,YLR305C,0,-5.4673266,0.1168791726231575,0.9482758641242981,0.7165024876594543
YDR294C,YOR151C,0,-5.4677644,0.11684370040893555,0.9482758641242981,0.7167487740516663
YBR126C,YMR302C,0,-5.4678826,0.11680825054645538,0.9482758641242981,0.7169950604438782
YKL089W,YJL080C,1,-5.4691076,0.11707612872123718,0.9507389068603516,0.7169950604438782
YOL086C,YCR047C,0,-5.4693904,0.11704063415527344,0.9507389068603516,0.7172414064407349
YDR224C,YOR231W,0,-5.4702187,0.11700515449047089,0.9507389068603516,0.7174876928329468
YIR023W,YPL179W,0,-5.4702215,0.11696969717741013,0.9507389068603516,0.7177339792251587
YKR034W,YDR523C,0,-5.4702444,0.11693426221609116,0.9507389068603516,0.7179803252220154
YDL024C,YBR118W,0,-5.4704747,0.11689884960651398,0.9507389068603516,0.7182266116142273
YBL051C,YBR043C,0,-5.470475,0.11686345934867859,0.9507389068603516,0.7184728980064392
YKL189W,YJR044C,0,-5.471595,0.1168280839920044,0.9507389068603516,0.7187191843986511
YKR099W,YOL077C,0,-5.4716716,0.11679273843765259,0.9507389068603516,0.7189655303955078
YKL141W,YJL056C,0,-5.4716783,0.11675740778446198,0.9507389068603516,0.7192118167877197
YAL029C,YKL145W,0,-5.472004,0.11672210693359375,0.9507389068603516,0.7194581031799316
YDR447C,YPR125W,0,-5.472658,0.11668682098388672,0.9507389068603516,0.7197044491767883
YHR075C,YHR056C,0,-5.4728923,0.11665155738592148,0.9507389068603516,0.7199507355690002
YOR288C,YMR267W,0,-5.472894,0.11661631613969803,0.9507389068603516,0.7201970219612122
YAL023C,YHL028W,0,-5.47373,0.11658108979463577,0.9507389068603516,0.7204433679580688
YGR204W,YIL052C,0,-5.4745398,0.1165458932518959,0.9507389068603516,0.7206896543502808
YGL043W,YGR206W,0,-5.474665,0.11651071906089783,0.9507389068603516,0.7209359407424927
YOR043W,YLR466W,0,-5.4746737,0.11647555977106094,0.9507389068603516,0.7211822867393494
YGR038W,YER049W,0,-5.4752207,0.11644042283296585,0.9507389068603516,0.7214285731315613
YGL168W,YOR117W,0,-5.476623,0.11640530824661255,0.9507389068603516,0.7216748595237732
YKL046C,YBR195C,0,-5.476836,0.11637021601200104,0.9507389068603516,0.7219212055206299
YKL120W,YGL112C,0,-5.477036,0.11633513867855072,0.9507389068603516,0.7221674919128418
YOR207C,YAL011W,0,-5.4771366,0.11630009114742279,0.9507389068603516,0.7224137783050537
YML074C,YNR003C,0,-5.4788885,0.11626505851745605,0.9507389068603516,0.7226601243019104
YKL084W,YML043C,0,-5.479723,0.11623004823923111,0.9507389068603516,0.7229064106941223
YFL005W,YLR130C,0,-5.4798956,0.11619506031274796,0.9507389068603516,0.7231526970863342
YKL148C,YJL056C,0,-5.480296,0.11616009473800659,0.9507389068603516,0.7233990430831909
YGL043W,YPR088C,0,-5.480977,0.11612515151500702,0.9507389068603516,0.7236453294754028
YKR026C,YMR207C,0,-5.481015,0.11609022319316864,0.9507389068603516,0.7238916158676147
YDR342C,YJR141W,0,-5.4815197,0.11605532467365265,0.9507389068603516,0.7241379022598267
YKL084W,YIL135C,0,-5.484598,0.11602044105529785,0.9507389068603516,0.7243842482566833
YLR275W,YLR092W,0,-5.4848557,0.11598557978868484,0.9507389068603516,0.7246305346488953
YGL206C,YBR126C,0,-5.4849634,0.11595073342323303,0.9507389068603516,0.7248768210411072
YKL149C,YAL023C,0,-5.4866385,0.11591591686010361,0.9507389068603516,0.7251231670379639
YOR115C,YGR251W,0,-5.487502,0.11588111519813538,0.9507389068603516,0.7253694534301758
YOR201C,YLR119W,0,-5.4876094,0.11584633588790894,0.9507389068603516,0.7256157398223877
YLR047C,YMR129W,0,-5.4879355,0.11581157892942429,0.9507389068603516,0.7258620858192444
YHR007C,YMR163C,0,-5.488138,0.11577684432268143,0.9507389068603516,0.7261083722114563
YER125W,YLR136C,0,-5.4884214,0.11574213206768036,0.9507389068603516,0.7263546586036682
YHR092C,YGL094C,0,-5.489792,0.11570743471384048,0.9507389068603516,0.7266010046005249
YHR056C,YOR143C,0,-5.490426,0.1156727597117424,0.9507389068603516,0.7268472909927368
YDL188C,YPL047W,0,-5.4906116,0.11563810706138611,0.9507389068603516,0.7270935773849487
YOR237W,YPL243W,0,-5.491148,0.1156034767627716,0.9507389068603516,0.7273399233818054
YLR013W,YOR208W,0,-5.491371,0.1155688613653183,0.9507389068603516,0.7275862097740173
YOL086C,YCL011C,0,-5.491596,0.11553426831960678,0.9507389068603516,0.7278324961662292
YBL074C,YMR145C,0,-5.4926205,0.11549969762563705,0.9507389068603516,0.7280788421630859
YJR047C,YDR217C,0,-5.49324,0.11546514928340912,0.9507389068603516,0.7283251285552979
YER025W,YOR116C,0,-5.4952717,0.11543062329292297,0.9507389068603516,0.7285714149475098
YLR074C,YJL173C,0,-5.4952826,0.11539611220359802,0.9507389068603516,0.7288177609443665
YFL055W,YGL028C,0,-5.4969187,0.11536162346601486,0.9507389068603516,0.7290640473365784
YML067C,YOR040W,0,-5.4971333,0.11532715708017349,0.9507389068603516,0.7293103337287903
YKL007W,YPL057C,0,-5.497781,0.11529271304607391,0.9507389068603516,0.729556679725647
YGR238C,YOR045W,0,-5.498267,0.11525828391313553,0.9507389068603516,0.7298029661178589
YHR123W,YOL100W,0,-5.499669,0.11522387713193893,0.9507389068603516,0.7300492525100708
YER143W,YML118W,0,-5.499855,0.11518949270248413,0.9507389068603516,0.7302955389022827
YER002W,YOR207C,0,-5.4999228,0.11515513062477112,0.9507389068603516,0.7305418848991394
YDL065C,YBR216C,0,-5.5005,0.1151207908987999,0.9507389068603516,0.7307881712913513
YNR033W,YDR342C,0,-5.5017076,0.11508646607398987,0.9507389068603516,0.7310344576835632
YEL042W,YOR288C,0,-5.502023,0.11505216360092163,0.9507389068603516,0.7312808036804199
YPL214C,YJL222W,0,-5.502552,0.11501787602901459,0.9507389068603516,0.7315270900726318
YOL077C,YGR005C,0,-5.502809,0.11498361825942993,0.9507389068603516,0.7317733764648438
YMR030W,YER129W,0,-5.502864,0.11494937539100647,0.9507389068603516,0.7320197224617004
YCR031C,YKL075C,0,-5.5046372,0.1149151548743248,0.9507389068603516,0.7322660088539124
YNR016C,YJR047C,0,-5.5055323,0.11488094925880432,0.9507389068603516,0.7325122952461243
YER017C,YNR058W,0,-5.505927,0.11484677344560623,0.9507389068603516,0.732758641242981
YJR121W,YJL127C,0,-5.5061045,0.11481261253356934,0.9507389068603516,0.7330049276351929
YBR188C,YKL120W,0,-5.506209,0.11477847397327423,0.9507389068603516,0.7332512140274048
YGL183C,YDL153C,0,-5.5071735,0.11474435031414032,0.9507389068603516,0.7334975600242615
YKL007W,YNL333W,0,-5.5075645,0.1147102490067482,0.9507389068603516,0.7337438464164734
YDR194C,YLR165C,0,-5.50777,0.11467617005109787,0.9507389068603516,0.7339901328086853
YOL158C,YER118C,0,-5.508392,0.11464211344718933,0.9507389068603516,0.734236478805542
YER168C,YDL247W,0,-5.508888,0.11460807919502258,0.9507389068603516,0.7344827651977539
YMR081C,YPL175W,0,-5.5089135,0.11457405984401703,0.9507389068603516,0.7347290515899658
YGL075C,YJR143C,0,-5.508939,0.11454006284475327,0.9507389068603516,0.7349753975868225
YGL130W,YHR123W,0,-5.5089474,0.1145060807466507,0.9507389068603516,0.7352216839790344
YHR092C,YOR054C,0,-5.509491,0.11447212100028992,0.9507389068603516,0.7354679703712463
YAL059W,YOR259C,0,-5.5097113,0.11443818360567093,0.9507389068603516,0.7357142567634583
YBL099W,YJL030W,0,-5.509931,0.11440426856279373,0.9507389068603516,0.7359606027603149
YDL095W,YLR055C,0,-5.510397,0.11437036842107773,0.9507389068603516,0.7362068891525269
YPL187W,YGR274C,0,-5.5106006,0.11433649063110352,0.9507389068603516,0.7364531755447388
YPL037C,YNL139C,0,-5.5106883,0.1143026351928711,0.9507389068603516,0.7366995215415955
YOL077C,YCR035C,0,-5.5118656,0.11426879465579987,0.9507389068603516,0.7369458079338074
YER120W,YBR126C,0,-5.5125284,0.11423498392105103,0.9507389068603516,0.7371920943260193
YNL015W,YPL175W,0,-5.5131407,0.11420118063688278,0.9507389068603516,0.737438440322876
YDR303C,YKR042W,0,-5.5131707,0.11416740715503693,0.9507389068603516,0.7376847267150879
YLR226W,YML085C,1,-5.515411,0.11442933231592178,0.953201949596405,0.7376847267150879
YDR069C,YDR156W,0,-5.5158796,0.11439550668001175,0.953201949596405,0.7379310131072998
YGL181W,YOR261C,0,-5.5164175,0.1143617033958435,0.953201949596405,0.7381773591041565
YFL022C,YER171W,0,-5.517235,0.11432791501283646,0.953201949596405,0.7384236454963684
YFL022C,YHR094C,0,-5.517256,0.1142941489815712,0.953201949596405,0.7386699318885803
YKL013C,YJL138C,0,-5.517463,0.11426040530204773,0.953201949596405,0.738916277885437
YLL027W,YML118W,0,-5.517473,0.11422668397426605,0.953201949596405,0.7391625642776489
YDR138W,YPL015C,0,-5.5181923,0.11419297754764557,0.953201949596405,0.7394088506698608
YBR213W,YPL092W,0,-5.518502,0.11415929347276688,0.953201949596405,0.7396551966667175
YLR035C,YPL050C,0,-5.518664,0.11412562429904938,0.953201949596405,0.7399014830589294
YLR074C,YJR052W,0,-5.519294,0.11409197747707367,0.953201949596405,0.7401477694511414
YKL148C,YPL120W,0,-5.519725,0.11405835300683975,0.953201949596405,0.740394115447998
YML016C,YPL092W,0,-5.520975,0.11402475088834763,0.953201949596405,0.74064040184021
YKL068W,YIL135C,0,-5.521351,0.1139911636710167,0.953201949596405,0.7408866882324219
YDR255C,YCR052W,0,-5.5214343,0.11395759880542755,0.953201949596405,0.7411330342292786
YOL011W,YOR279C,0,-5.521598,0.1139240488409996,0.953201949596405,0.7413793206214905
YGL047W,YOR353C,0,-5.522193,0.11389052122831345,0.953201949596405,0.7416256070137024
YLR102C,YBR156C,1,-5.522731,0.11415122449398041,0.9556650519371033,0.7416256070137024
YJR121W,YLR075W,0,-5.522768,0.11411764472723007,0.9556650519371033,0.7418718934059143
YLR276C,YJL073W,0,-5.523177,0.11408409476280212,0.9556650519371033,0.742118239402771
YOL158C,YGR020C,0,-5.523864,0.11405055969953537,0.9556650519371033,0.7423645257949829
YJR121W,YML024W,0,-5.524344,0.1140170469880104,0.9556650519371033,0.7426108121871948
YDR507C,YAL029C,0,-5.5249443,0.11398354917764664,0.9556650519371033,0.7428571581840515
YLR390W-A,YGR193C,0,-5.525598,0.11395007371902466,0.9556650519371033,0.7431034445762634
YER062C,YDL224C,0,-5.526132,0.11391662061214447,0.9556650519371033,0.7433497309684753
YLR136C,YOL125W,0,-5.5261774,0.11388318240642548,0.9556650519371033,0.743596076965332
YGL130W,YDR194C,0,-5.526498,0.11384976655244827,0.9556650519371033,0.743842363357544
YMR128W,YGL225W,0,-5.5268583,0.11381636559963226,0.9556650519371033,0.7440886497497559
YER147C,YOL006C,1,-5.5277615,0.11407624930143356,0.9581280946731567,0.7440886497497559
YOR145C,YCR035C,0,-5.5279665,0.11404280364513397,0.9581280946731567,0.7443349957466125
YIL019W,YOR151C,0,-5.528009,0.11400938034057617,0.9581280946731567,0.7445812821388245
YHR123W,YPL055C,0,-5.5290947,0.11397597193717957,0.9581280946731567,0.7448275685310364
YMR247C,YLR136C,0,-5.5298076,0.11394258588552475,0.9581280946731567,0.7450739145278931
YCR020C,YHR066W,0,-5.5309377,0.11390922218561172,0.9581280946731567,0.745320200920105
YDR016C,YEL024W,0,-5.5309753,0.11387588083744049,0.9581280946731567,0.7455664873123169
YNL292W,YOR151C,0,-5.532117,0.11384255439043045,0.9581280946731567,0.7458128333091736
YJR112W,YJL080C,1,-5.5325365,0.11410181224346161,0.9605911374092102,0.7458128333091736
YGR134W,YLR449W,0,-5.5328417,0.11406844109296799,0.9605911374092102,0.7460591197013855
YHR094C,YHL034C,0,-5.5333776,0.11403508484363556,0.9605911374092102,0.7463054060935974
YCL029C,YLR354C,0,-5.5336432,0.11400175094604492,0.9605911374092102,0.7465517520904541
YER056C,YMR302C,0,-5.537566,0.11396843940019608,0.9605911374092102,0.746798038482666
YDR483W,YNL119W,0,-5.5412436,0.11393514275550842,0.9605911374092102,0.7470443248748779
YBR084W,YGR195W,0,-5.5416703,0.11390186846256256,0.9605911374092102,0.7472906112670898
YGR286C,YPR175W,0,-5.542907,0.11386861652135849,0.9605911374092102,0.7475369572639465
YHR206W,YPL092W,0,-5.543065,0.11383537948131561,0.9605911374092102,0.7477832436561584
YMR292W,YMR030W,0,-5.5441313,0.11380215734243393,0.9605911374092102,0.7480295300483704
YKR026C,YDR115W,0,-5.5441556,0.11376896500587463,0.9605911374092102,0.748275876045227
YDL060W,YPR125W,0,-5.5451703,0.11373578011989594,0.9605911374092102,0.748522162437439
YPL217C,YFL060C,0,-5.5454273,0.11370262503623962,0.9605911374092102,0.7487684488296509
YER002W,YLR430W,0,-5.545451,0.1136694848537445,0.9605911374092102,0.7490147948265076
YOL100W,YPR101W,0,-5.546467,0.11363636702299118,0.9605911374092102,0.7492610812187195
YHR123W,YLR451W,0,-5.5464993,0.11360326409339905,0.9605911374092102,0.7495073676109314
YPR031W,YAL023C,0,-5.546889,0.1135701835155487,0.9605911374092102,0.7497537136077881
YNL001W,YMR133W,0,-5.547181,0.11353711783885956,0.9605911374092102,0.75
YER036C,YLR466W,0,-5.5476465,0.1135040745139122,0.9605911374092102,0.7502462863922119
YOR122C,YOR043W,0,-5.5479927,0.11347105354070663,0.9605911374092102,0.7504926323890686
YDR507C,YGR077C,0,-5.5483747,0.11343804746866226,0.9605911374092102,0.7507389187812805
YPR102C,YGR072W,0,-5.549535,0.11340505629777908,0.9605911374092102,0.7509852051734924
YMR292W,YFR004W,0,-5.5500803,0.11337209492921829,0.9605911374092102,0.7512315511703491
YCL029C,YGR286C,0,-5.5502763,0.1133391484618187,0.9605911374092102,0.751477837562561
YOL111C,YPR167C,0,-5.5512037,0.11330621689558029,0.9605911374092102,0.751724123954773
YPL217C,YKL014C,0,-5.55243,0.11327330768108368,0.9605911374092102,0.7519704699516296
YMR058W,YPL116W,0,-5.5532055,0.11324042081832886,0.9605911374092102,0.7522167563438416
YFR047C,YLL004W,0,-5.5549736,0.11320754885673523,0.9605911374092102,0.7524630427360535
YGR288W,YMR165C,0,-5.555481,0.1131746917963028,0.9605911374092102,0.7527093887329102
YGR029W,YGR195W,0,-5.5555587,0.11314186453819275,0.9605911374092102,0.7529556751251221
YNR057C,YLR229C,0,-5.556918,0.1131090521812439,0.9605911374092102,0.753201961517334
YLR039C,YHL028W,0,-5.5576963,0.11307625472545624,0.9605911374092102,0.7534482479095459
YIL085C,YBR126C,0,-5.5600076,0.11304347962141037,0.9605911374092102,0.7536945939064026
YBR080C,YML052W,0,-5.560522,0.1130107194185257,0.9605911374092102,0.7539408802986145
YMR163C,YDL051W,0,-5.5620017,0.11297798156738281,0.9605911374092102,0.7541871666908264
YDR176W,YGR103W,0,-5.562275,0.11294526606798172,0.9605911374092102,0.7544335126876831
YER166W,YGR175C,0,-5.5625734,0.11291256546974182,0.9605911374092102,0.754679799079895
YAR014C,YLR330W,0,-5.5626774,0.11287988722324371,0.9605911374092102,0.7549260854721069
YJR143C,YLR075W,0,-5.562919,0.1128472238779068,0.9605911374092102,0.7551724314689636
YNR013C,YPL092W,0,-5.563697,0.11281457543373108,0.9605911374092102,0.7554187178611755
YDR517W,YAL055W,0,-5.5646267,0.11278195679187775,0.9605911374092102,0.7556650042533875
YDR501W,YPL094C,0,-5.56533,0.11274935305118561,0.9605911374092102,0.7559113502502441
YDL209C,YPL019C,0,-5.5660553,0.11271676421165466,0.9605911374092102,0.756157636642456
YPL055C,YOR327C,0,-5.566254,0.11268419772386551,0.9605911374092102,0.756403923034668
YLR172C,YOR359W,0,-5.5671163,0.11265164613723755,0.9605911374092102,0.7566502690315247
YPL095C,YNL256W,0,-5.5675306,0.11261911690235138,0.9605911374092102,0.7568965554237366
YJR043C,YEL012W,0,-5.56842,0.1125866025686264,0.9605911374092102,0.7571428418159485
YPR193C,YNL283C,0,-5.5691605,0.11255411058664322,0.9605911374092102,0.7573891878128052
YER036C,YNL051W,0,-5.569357,0.11252164095640182,0.9605911374092102,0.7576354742050171
YER056C,YCL011C,0,-5.5693974,0.11248918622732162,0.9605911374092102,0.757881760597229
YHR094C,YML016C,0,-5.569887,0.11245674639940262,0.9605911374092102,0.7581281065940857
YJR112W,YCR077C,1,-5.5704794,0.11271259933710098,0.9630541801452637,0.7581281065940857
YGR204W,YBL030C,0,-5.570651,0.1126801148056984,0.9630541801452637,0.7583743929862976
YGL181W,YLR224W,0,-5.571024,0.1126476526260376,0.9630541801452637,0.7586206793785095
YGR134W,YOR327C,0,-5.571229,0.112615205347538,0.9630541801452637,0.7588669657707214
YNL135C,YMR192W,0,-5.5715957,0.11258278042078018,0.9630541801452637,0.7591133117675781
YLL001W,YGL043W,0,-5.5719423,0.11255037784576416,0.9630541801452637,0.75935959815979
YIL052C,YDR292C,0,-5.5723248,0.11251798272132874,0.9630541801452637,0.759605884552002
YOL158C,YOL033W,0,-5.5729065,0.1124856173992157,0.9630541801452637,0.7598522305488586
YOR028C,YOR054C,0,-5.57374,0.11245326697826385,0.9630541801452637,0.7600985169410706
YDR072C,YML011C,0,-5.573809,0.1124209314584732,0.9630541801452637,0.7603448033332825
YLR361C,YDR224C,0,-5.574948,0.11238861829042435,0.9630541801452637,0.7605911493301392
YBR214W,YAL011W,0,-5.57504,0.11235632002353668,0.9630541801452637,0.7608374357223511
YGR142W,YBR213W,0,-5.5758348,0.11232404410839081,0.9630541801452637,0.761083722114563
YPL095C,YDR043C,0,-5.578293,0.11229178309440613,0.9630541801452637,0.7613300681114197
YCR010C,YLR354C,0,-5.57848,0.11225954443216324,0.9630541801452637,0.7615763545036316
YHR166C,YJL080C,1,-5.579974,0.11251435428857803,0.9655172228813171,0.7615763545036316
YNL216W,YLR119W,0,-5.5802054,0.11248206347227097,0.9655172228813171,0.7618226408958435
YGL028C,YJL176C,0,-5.5802064,0.11244980245828629,0.9655172228813171,0.7620689868927002
YER002W,YLR196W,0,-5.580288,0.1124175488948822,0.9655172228813171,0.7623152732849121
YGR089W,YML085C,1,-5.5803823,0.11267201602458954,0.9679803252220154,0.7623152732849121
YFR050C,YOR207C,0,-5.5828013,0.11263972520828247,0.9679803252220154,0.762561559677124
YDR507C,YOR043W,0,-5.5840125,0.1126074492931366,0.9679803252220154,0.7628079056739807
YPL204W,YJL019W,1,-5.584409,0.11286164075136185,0.9704433679580688,0.7628079056739807
YJL106W,YER094C,0,-5.5847373,0.11282932758331299,0.9704433679580688,0.7630541920661926
YGR092W,YDR156W,0,-5.584773,0.11279702186584473,0.9704433679580688,0.7633004784584045
YPL053C,YPL196W,0,-5.5848746,0.11276473850011826,0.9704433679580688,0.7635468244552612
YGL047W,YML121W,0,-5.585547,0.11273247748613358,0.9704433679580688,0.7637931108474731
YLR291C,YBL090W,0,-5.587006,0.11270023137331009,0.9704433679580688,0.7640393972396851
YGL047W,YOR153W,0,-5.5875134,0.1126680001616478,0.9704433679580688,0.7642857432365417
YGR171C,YML041C,0,-5.5888023,0.1126357913017273,0.9704433679580688,0.7645320296287537
YPR056W,YDR246W,0,-5.588888,0.11260359734296799,0.9704433679580688,0.7647783160209656
YDR294C,YJR156C,0,-5.5891485,0.11257142573595047,0.9704433679580688,0.7650246024131775
YJL116C,YPL196W,0,-5.5895224,0.11253927648067474,0.9704433679580688,0.7652709484100342
YHR111W,YNL283C,0,-5.5896735,0.11250714212656021,0.9704433679580688,0.7655172348022461
YLR115W,YOR237W,0,-5.5897064,0.11247502267360687,0.9704433679580688,0.765763521194458
YPL095C,YFL038C,0,-5.5908837,0.11244292557239532,0.9704433679580688,0.7660098671913147
YGL251C,YDR156W,0,-5.5910883,0.11241084337234497,0.9704433679580688,0.7662561535835266
YGR089W,YER147C,1,-5.5910974,0.11266400665044785,0.9729064106941223,0.7662561535835266
YEL024W,YBL004W,0,-5.5914354,0.11263187974691391,0.9729064106941223,0.7665024399757385
YPL028W,YNL036W,0,-5.591545,0.11259977519512177,0.9729064106941223,0.7667487859725952
YPL089C,YGR080W,0,-5.5918016,0.11256768554449081,0.9729064106941223,0.7669950723648071
YER083C,YLR167W,0,-5.591909,0.11253561079502106,0.9729064106941223,0.767241358757019
YOR054C,YPR125W,0,-5.5923023,0.11250355839729309,0.9729064106941223,0.7674877047538757
YER143W,YJR066W,0,-5.592463,0.11247152835130692,0.9729064106941223,0.7677339911460876
YML060W,YGL094C,0,-5.5929527,0.11243951320648193,0.9729064106941223,0.7679802775382996
YDR156W,YHR178W,0,-5.593294,0.11240751296281815,0.9729064106941223,0.7682266235351562
YOR110W,YGR080W,0,-5.5942492,0.11237553507089615,0.9729064106941223,0.7684729099273682
YGR142W,YLR466W,0,-5.5944357,0.11234357208013535,0.9729064106941223,0.7687191963195801
YLR451W,YAL023C,0,-5.59505,0.11231163144111633,0.9729064106941223,0.7689655423164368
YER052C,YOR288C,0,-5.595137,0.11227970570325851,0.9729064106941223,0.7692118287086487
YDR072C,YLR119W,0,-5.5954733,0.11224779486656189,0.9729064106941223,0.7694581151008606
YOR173W,YPL036W,0,-5.5960574,0.11221590638160706,0.9729064106941223,0.7697044610977173
YLL027W,YOR363C,0,-5.5962543,0.11218404024839401,0.9729064106941223,0.7699507474899292
YOR298W,YBR117C,0,-5.5965056,0.11215218901634216,0.9729064106941223,0.7701970338821411
YMR133W,YGR161C,0,-5.5982285,0.11212035268545151,0.9729064106941223,0.770443320274353
YDR060W,YLR130C,0,-5.598317,0.11208853870630264,0.9729064106941223,0.7706896662712097
YBL004W,YGR241C,0,-5.5992584,0.11205673962831497,0.9729064106941223,0.7709359526634216
YFL055W,YBL004W,0,-5.599758,0.1120249554514885,0.9729064106941223,0.7711822390556335
YLR096W,YER120W,0,-5.6000757,0.11199319362640381,0.9729064106941223,0.7714285850524902
YOR207C,YDR164C,0,-5.6003222,0.11196145415306091,0.9729064106941223,0.7716748714447021
YBR084W,YGL211W,0,-5.6004047,0.11192972213029861,0.9729064106941223,0.7719211578369141
YFR047C,YGR241C,0,-5.6006455,0.1118980199098587,0.9729064106941223,0.7721675038337708
YKR099W,YIL121W,0,-5.6029825,0.11186632513999939,0.9729064106941223,0.7724137902259827
YPL015C,YPL243W,0,-5.603961,0.11183465272188187,0.9729064106941223,0.7726600766181946
YMR136W,YMR125W,0,-5.604677,0.11180300265550613,0.9729064106941223,0.7729064226150513
YGR221C,YER049W,0,-5.6065817,0.1117713674902916,0.9729064106941223,0.7731527090072632
YGL043W,YOR231W,0,-5.60808,0.11173974722623825,0.9729064106941223,0.7733989953994751
YJL112W,YOL097C,0,-5.608174,0.1117081418633461,0.9729064106941223,0.7736453413963318
YAR015W,YGL216W,0,-5.609026,0.11167655885219574,0.9729064106941223,0.7738916277885437
YML121W,YCR052W,0,-5.6092987,0.11164499819278717,0.9729064106941223,0.7741379141807556
YLL035W,YBR080C,0,-5.6108284,0.1116134524345398,0.9729064106941223,0.7743842601776123
YOL158C,YDR092W,0,-5.6108418,0.11158192157745361,0.9729064106941223,0.7746305465698242
YGR165W,YPR010C,0,-5.6118126,0.11155041307210922,0.9729064106941223,0.7748768329620361
YER056C,YPL213W,0,-5.6130543,0.11151891946792603,0.9729064106941223,0.7751231789588928
YPL267W,YKR050W,0,-5.6158705,0.11148744076490402,0.9729064106941223,0.7753694653511047
YBL099W,YER172C,0,-5.6163244,0.11145598441362381,0.9729064106941223,0.7756157517433167
YGL253W,YGR005C,0,-5.6166506,0.11142454296350479,0.9729064106941223,0.7758620977401733
YDR025W,YFL005W,0,-5.617605,0.11139311641454697,0.9729064106941223,0.7761083841323853
YAR015W,YIL085C,0,-5.618181,0.11136171221733093,0.9729064106941223,0.7763546705245972
YGL104C,YGL225W,0,-5.6184635,0.11133033037185669,0.9729064106941223,0.7766009569168091
YEL053C,YPL214C,0,-5.618655,0.11129895597696304,0.9729064106941223,0.7768473029136658
YLR362W,YAR035W,0,-5.6191397,0.11126760393381119,0.9729064106941223,0.7770935893058777
YER172C,YML057W,0,-5.619758,0.11123627424240112,0.9729064106941223,0.7773398756980896
YGL130W,YGR193C,0,-5.6199107,0.11120495200157166,0.9729064106941223,0.7775862216949463
YLR119W,YDR463W,0,-5.620883,0.11117365956306458,0.9729064106941223,0.7778325080871582
YLR129W,YOL003C,0,-5.62103,0.11114237457513809,0.9729064106941223,0.7780787944793701
YEL042W,YFL049W,0,-5.621328,0.1111111119389534,0.9729064106941223,0.7783251404762268
YGL051W,YKL068W,0,-5.6216555,0.1110798642039299,0.9729064106941223,0.7785714268684387
YDR384C,YNL246W,0,-5.6226244,0.1110486388206482,0.9729064106941223,0.7788177132606506
YAL059W,YDR140W,0,-5.6230073,0.11101742833852768,0.9729064106941223,0.7790640592575073
YGR289C,YLR378C,0,-5.6238523,0.11098623275756836,0.9729064106941223,0.7793103456497192
YNL333W,YDR311W,0,-5.6245184,0.11095505952835083,0.9729064106941223,0.7795566320419312
YGL047W,YLL036C,0,-5.6246486,0.1109239012002945,0.9729064106941223,0.7798029780387878
YPL037C,YHR206W,0,-5.625425,0.11089275777339935,0.9729064106941223,0.7800492644309998
YBL074C,YPL092W,0,-5.6255655,0.110861636698246,0.9729064106941223,0.7802955508232117
YKL026C,YNR032C-A,0,-5.6261234,0.11083053052425385,0.9729064106941223,0.7805418968200684
YCR047C,YDL164C,0,-5.6272244,0.11079943925142288,0.9729064106941223,0.7807881832122803
YPR010C,YPR139C,0,-5.627566,0.11076837033033371,0.9729064106941223,0.7810344696044922
YLR324W,YNL333W,0,-5.6280026,0.11073731631040573,0.9729064106941223,0.7812808156013489
YNL091W,YPR041W,0,-5.6280355,0.11070627719163895,0.9729064106941223,0.7815271019935608
YJL106W,YBR086C,0,-5.6281633,0.11067526042461395,0.9729064106941223,0.7817733883857727
YJL019W,YGR089W,1,-5.6299295,0.1109243705868721,0.9753694534301758,0.7817733883857727
YDR465C,YLR430W,0,-5.630152,0.11089330911636353,0.9753694534301758,0.7820196747779846
YDR513W,YPL092W,0,-5.631265,0.11086226254701614,0.9753694534301758,0.7822660207748413
YDR071C,YDR120C,0,-5.63188,0.11083123087882996,0.9753694534301758,0.7825123071670532
YOR341W,YKR001C,0,-5.63419,0.11080022156238556,0.9753694534301758,0.7827585935592651
YIR028W,YBR117C,0,-5.6343336,0.11076922714710236,0.9753694534301758,0.7830049395561218
YDR043C,YLR313C,0,-5.6343403,0.11073825508356094,0.9753694534301758,0.7832512259483337
YDL108W,YGR080W,0,-5.6354737,0.11070729792118073,0.9753694534301758,0.7834975123405457
YGL168W,YNL066W,0,-5.636286,0.1106763556599617,0.9753694534301758,0.7837438583374023
YNR057C,YGR161C,0,-5.636324,0.11064542829990387,0.9753694534301758,0.7839901447296143
YHR066W,YPR125W,0,-5.6363716,0.11061452329158783,0.9753694534301758,0.7842364311218262
YGR161C,YML109W,0,-5.636446,0.11058363318443298,0.9753694534301758,0.7844827771186829
YAL020C,YDR224C,0,-5.636609,0.11055276542901993,0.9753694534301758,0.7847290635108948
YER044C-A,YJL138C,0,-5.636693,0.11052191257476807,0.9753694534301758,0.7849753499031067
YDR516C,YDR071C,0,-5.6370173,0.1104910746216774,0.9753694534301758,0.7852216958999634
YGL181W,YHR133C,0,-5.6374435,0.11046025156974792,0.9753694534301758,0.7854679822921753
YGR278W,YEL042W,0,-5.6382227,0.11042945086956024,0.9753694534301758,0.7857142686843872
YPR051W,YHL020C,0,-5.638246,0.11039866507053375,0.9753694534301758,0.7859606146812439
YLR449W,YDR011W,0,-5.638399,0.11036789417266846,0.9753694534301758,0.7862069010734558
YDR299W,YGL206C,0,-5.639164,0.11033713817596436,0.9753694534301758,0.7864531874656677
YJR132W,YOR045W,0,-5.6394677,0.11030640453100204,0.9753694534301758,0.7866995334625244
YML011C,YGR046W,0,-5.6398916,0.11027568578720093,0.9753694534301758,0.7869458198547363
YHR129C,YKL143W,0,-5.640017,0.1102449893951416,0.9753694534301758,0.7871921062469482
YOR115C,YAR035W,0,-5.6400437,0.11021430790424347,0.9753694534301758,0.7874384522438049
YGL028C,YBR069C,0,-5.6412697,0.11018364131450653,0.9753694534301758,0.7876847386360168
YCR047C,YJL173C,0,-5.641637,0.11015298962593079,0.9753694534301758,0.7879310250282288
YGR142W,YPL053C,0,-5.6416683,0.11012236028909683,0.9753694534301758,0.7881773114204407
YDR039C,YPL179W,0,-5.6422124,0.11009174585342407,0.9753694534301758,0.7884236574172974
YHR176W,YDL092W,0,-5.6423798,0.1100611463189125,0.9753694534301758,0.7886699438095093
YHL024W,YER100W,0,-5.642559,0.11003056168556213,0.9753694534301758,0.7889162302017212
YHR094C,YCR020C-A,0,-5.6453543,0.10999999940395355,0.9753694534301758,0.7891625761985779
YGR193C,YER029C,0,-5.647206,0.10996945202350616,0.9753694534301758,0.7894088625907898
YNL091W,YLR165C,0,-5.6478367,0.10993891954421997,0.9753694534301758,0.7896551489830017
YML118W,YOR115C,0,-5.6480494,0.10990840941667557,0.9753694534301758,0.7899014949798584
YLR229C,YER171W,0,-5.6499615,0.10987791419029236,0.9753694534301758,0.7901477813720703
YLR013W,YDR060W,0,-5.6499844,0.10984743386507034,0.9753694534301758,0.7903940677642822
YNL287W,YAR035W,0,-5.6499877,0.10981696844100952,0.9753694534301758,0.7906404137611389
YDL223C,YDR492W,0,-5.6502357,0.10978652536869049,0.9753694534301758,0.7908867001533508
YGL133W,YPL089C,0,-5.6509113,0.10975609719753265,0.9753694534301758,0.7911329865455627
YML077W,YHR170W,0,-5.6510906,0.10972568392753601,0.9753694534301758,0.7913793325424194
YDR299W,YDR212W,0,-5.653209,0.10969529300928116,0.9753694534301758,0.7916256189346313
YDR342C,YOR348C,0,-5.6536484,0.1096649095416069,0.9753694534301758,0.7918719053268433
YOR341W,YGR251W,0,-5.6548643,0.10963454842567444,0.9753694534301758,0.7921182513237
YMR025W,YLR130C,0,-5.654933,0.10960420966148376,0.9753694534301758,0.7923645377159119
YMR128W,YMR322C,0,-5.6551065,0.10957387834787369,0.9753694534301758,0.7926108241081238
YCR092C,YJL116C,0,-5.6555185,0.1095435693860054,0.9753694534301758,0.7928571701049805
YOR047C,YGL225W,0,-5.6562395,0.10951327532529831,0.9753694534301758,0.7931034564971924
YHR072W-A,YBR126C,0,-5.656376,0.10948299616575241,0.9753694534301758,0.7933497428894043
YKL204W,YML075C,0,-5.6566577,0.1094527393579483,0.9753694534301758,0.793596088886261
YMR136W,YER173W,0,-5.656742,0.10942249000072479,0.9753694534301758,0.7938423752784729
YDR294C,YLL027W,0,-5.6573124,0.10939226299524307,0.9753694534301758,0.7940886616706848
YNL135C,YLR363C,0,-5.6574206,0.10936205834150314,0.9753694534301758,0.7943349480628967
YMR186W,YHL007C,0,-5.6586514,0.10933186113834381,0.9753694534301758,0.7945812940597534
YNR016C,YLR378C,0,-5.6590424,0.10930168628692627,0.9753694534301758,0.7948275804519653
YGL022W,YOL109W,0,-5.6595693,0.10927152633666992,0.9753694534301758,0.7950738668441772
YOR173W,YOL033W,0,-5.660172,0.10924138128757477,0.9753694534301758,0.7953202128410339
YJR094C,YOR201C,0,-5.66208,0.10921125113964081,0.9753694534301758,0.7955664992332458
YBR244W,YPL196W,0,-5.6632776,0.10918114334344864,0.9753694534301758,0.7958127856254578
YCR047C,YOL097C,0,-5.66364,0.10915105044841766,0.9753694534301758,0.7960591316223145
YLR276C,YFR037C,0,-5.6640778,0.10912097245454788,0.9753694534301758,0.7963054180145264
YDR342C,YLR182W,0,-5.6648293,0.1090909093618393,0.9753694534301758,0.7965517044067383
YDR224C,YOR298W,0,-5.666594,0.1090608611702919,0.9753694534301758,0.796798050403595
YMR207C,YDL015C,0,-5.667145,0.1090308353304863,0.9753694534301758,0.7970443367958069
YGR175C,YDR339C,0,-5.66746,0.10900082439184189,0.9753694534301758,0.7972906231880188
YBR119W,YPR102C,0,-5.6675196,0.10897082835435867,0.9753694534301758,0.7975369691848755
YGL187C,YNL236W,0,-5.6681066,0.10894085466861725,0.9753694534301758,0.7977832555770874
YER157W,YBR126C,0,-5.66833,0.10891088843345642,0.9753694534301758,0.7980295419692993
YKL143W,YPL243W,0,-5.6689806,0.10888094455003738,0.9753694534301758,0.798275887966156
YDR184C,YIL115C,0,-5.6692185,0.10885101556777954,0.9753694534301758,0.7985221743583679
YER026C,YOR089C,0,-5.6692634,0.10882110148668289,0.9753694534301758,0.7987684607505798
YGR142W,YKL141W,0,-5.669326,0.10879120975732803,0.9753694534301758,0.7990148067474365
YML118W,YNL287W,0,-5.6695943,0.10876133292913437,0.9753694534301758,0.7992610931396484
YDR110W,YIL052C,0,-5.6697235,0.1087314635515213,0.9753694534301758,0.7995073795318604
YLR129W,YLR200W,0,-5.6699305,0.10870161652565002,0.9753694534301758,0.7997536659240723
YIL153W,YOL072W,0,-5.669983,0.10867179185152054,0.9753694534301758,0.800000011920929
YDR099W,YOR116C,0,-5.670687,0.10864197462797165,0.9753694534301758,0.8002462983131409
YKL120W,YDR246W,0,-5.6713676,0.10861217975616455,0.9753694534301758,0.8004925847053528
YGL183C,YOR187W,0,-5.6725163,0.10858239978551865,0.9753694534301758,0.8007389307022095
YPL116W,YPR143W,0,-5.673259,0.10855263471603394,0.9753694534301758,0.8009852170944214
YML118W,YGL213C,0,-5.673588,0.10852288454771042,0.9753694534301758,0.8012315034866333
YER122C,YDR436W,0,-5.674094,0.1084931492805481,0.9753694534301758,0.80147784948349
YKR026C,YER049W,0,-5.674479,0.10846343636512756,0.9753694534301758,0.8017241358757019
YBR243C,YKL130C,0,-5.674819,0.10843373835086823,0.9753694534301758,0.8019704222679138
YHR066W,YBR069C,0,-5.675136,0.10840404778718948,0.9753694534301758,0.8022167682647705
YNR058W,YOL003C,0,-5.6754932,0.10837438702583313,0.9753694534301758,0.8024630546569824
YLR229C,YDR342C,0,-5.676308,0.10834473371505737,0.9753694534301758,0.8027093410491943
YJL080C,YIR011C,1,-5.6764975,0.10858862102031708,0.9778324961662292,0.8027093410491943
YLR276C,YJL186W,0,-5.676529,0.10855893045663834,0.9778324961662292,0.802955687046051
YJL219W,YGL038C,0,-5.6775784,0.10852924734354019,0.9778324961662292,0.8032019734382629
YOR067C,YOL077C,0,-5.677726,0.10849958658218384,0.9778324961662292,0.8034482598304749
YDR384C,YGR101W,0,-5.678499,0.10846994817256927,0.9778324961662292,0.8036946058273315
YPL213W,YGR241C,0,-5.679107,0.10844031721353531,0.9778324961662292,0.8039408922195435
YCL044C,YOL125W,0,-5.6794233,0.10841070115566254,0.9778324961662292,0.8041871786117554
YPL037C,YDR192C,0,-5.6794453,0.10838110744953156,0.9778324961662292,0.8044335246086121
YML118W,YFR004W,0,-5.679945,0.10835152864456177,0.9778324961662292,0.804679811000824
YGL206C,YER029C,0,-5.6805506,0.10832196474075317,0.9778324961662292,0.8049260973930359
YDR121W,YBL051C,0,-5.680723,0.10829241573810577,0.9778324961662292,0.8051724433898926
YKL141W,YPL041C,0,-5.681137,0.10826288163661957,0.9778324961662292,0.8054187297821045
YHR088W,YDR470C,0,-5.6812725,0.10823336988687515,0.9778324961662292,0.8056650161743164
YMR292W,YIL125W,0,-5.6819534,0.10820387303829193,0.9778324961662292,0.8059113025665283
YBR043C,YPL019C,0,-5.6822214,0.1081743836402893,0.9778324961662292,0.806157648563385
YIL021W,YLR092W,0,-5.6823626,0.10814491659402847,0.9778324961662292,0.8064039349555969
YER062C,YMR267W,0,-5.6830025,0.10811547189950943,0.9778324961662292,0.8066502213478088
YCR031C,YLR126C,0,-5.685001,0.10808603465557098,0.9778324961662292,0.8068965673446655
YLL006W,YGR072W,0,-5.6858206,0.10805661231279373,0.9778324961662292,0.8071428537368774
YIL007C,YJR059W,0,-5.68643,0.10802721232175827,0.9778324961662292,0.8073891401290894
YDR045C,YNL244C,0,-5.6867194,0.107997827231884,0.9778324961662292,0.807635486125946
YJR013W,YDR465C,0,-5.686749,0.10796844959259033,0.9778324961662292,0.807881772518158
YHR092C,YDR342C,0,-5.686885,0.10793909430503845,0.9778324961662292,0.8081280589103699
YNL049C,YBR126C,0,-5.687446,0.10790976136922836,0.9778324961662292,0.8083744049072266
YMR058W,YDR219C,0,-5.687914,0.10788043588399887,0.9778324961662292,0.8086206912994385
YLR449W,YOL076W,0,-5.6881084,0.10785112529993057,0.9778324961662292,0.8088669776916504
YDR183W,YML052W,0,-5.688436,0.10782183706760406,0.9778324961662292,0.8091133236885071
YDR342C,YOR288C,0,-5.6888995,0.10779256373643875,0.9778324961662292,0.809359610080719
YGL168W,YGR046W,0,-5.691964,0.10776329785585403,0.9778324961662292,0.8096058964729309
YIL143C,YPR009W,0,-5.6932306,0.10773405432701111,0.9778324961662292,0.8098522424697876
YBR288C,YOR122C,0,-5.694974,0.10770482569932938,0.9778324961662292,0.8100985288619995
YLR172C,YER122C,0,-5.6952095,0.10767561942338943,0.9778324961662292,0.8103448152542114
YAL029C,YDR334W,0,-5.695384,0.10764642059803009,0.9778324961662292,0.8105911612510681
YGL253W,YJL056C,0,-5.695761,0.10761724412441254,0.9778324961662292,0.81083744764328
YPL028W,YLR376C,0,-5.6959047,0.10758807510137558,0.9778324961662292,0.8110837340354919
YER030W,YNL291C,0,-5.696212,0.10755892843008041,0.9778324961662292,0.8113300204277039
YGR204W,YDR004W,0,-5.696605,0.10752979665994644,0.9778324961662292,0.8115763664245605
YFR009W,YPR041W,0,-5.6987815,0.10750067979097366,0.9778324961662292,0.8118226528167725
YHR143W,YPR088C,0,-5.7011156,0.10747157782316208,0.9778324961662292,0.8120689392089844
YLR074C,YPR125W,0,-5.7017374,0.10744249075651169,0.9778324961662292,0.8123152852058411
YLR167W,YOR143C,0,-5.7028,0.10741341859102249,0.9778324961662292,0.812561571598053
YJR060W,YIR011C,1,-5.7041187,0.10765485465526581,0.9802955389022827,0.812561571598053
YNL314W,YMR239C,0,-5.704601,0.10762574523687363,0.9802955389022827,0.8128078579902649
YDR492W,YAR035W,0,-5.7051163,0.10759665071964264,0.9802955389022827,0.8130542039871216
YJL186W,YPR010C,0,-5.7056713,0.10756757110357285,0.9802955389022827,0.8133004903793335
YKR039W,YOL076W,0,-5.705969,0.10753850638866425,0.9802955389022827,0.8135467767715454
YDR184C,YNL216W,0,-5.7060094,0.10750945657491684,0.9802955389022827,0.8137931227684021
YCR047C,YOL111C,0,-5.706116,0.10748042166233063,0.9802955389022827,0.814039409160614
YLR390W-A,YOL111C,0,-5.706462,0.10745140165090561,0.9802955389022827,0.8142856955528259
YAL068C,YHL024W,0,-5.706473,0.10742240399122238,0.9802955389022827,0.8145320415496826
YGL094C,YHR088W,0,-5.7069955,0.10739341378211975,0.9802955389022827,0.8147783279418945
YJL186W,YLR167W,0,-5.7075844,0.10736444592475891,0.9802955389022827,0.8150246143341064
YBR070C,YBR213W,0,-5.7079887,0.10733549296855927,0.9802955389022827,0.8152709603309631
YPL094C,YPL019C,0,-5.708067,0.10730655491352081,0.9802955389022827,0.815517246723175
YHR092C,YOR353C,0,-5.709046,0.10727762430906296,0.9802955389022827,0.815763533115387
YML130C,YNR060W,0,-5.7094574,0.10724872350692749,0.9802955389022827,0.8160098791122437
YEL053C,YPL092W,0,-5.709482,0.10721983015537262,0.9802955389022827,0.8162561655044556
YKL201C,YCR035C,0,-5.711005,0.10719095170497894,0.9802955389022827,0.8165024518966675
YDR045C,YBR117C,0,-5.711235,0.10716208815574646,0.9802955389022827,0.8167487978935242
YPL028W,YKR039W,0,-5.711284,0.10713324695825577,0.9802955389022827,0.8169950842857361
YLR418C,YER056C,0,-5.7114944,0.10710441321134567,0.9802955389022827,0.817241370677948
YDL188C,YDR198C,0,-5.713281,0.10707560181617737,0.9802955389022827,0.8174876570701599
YKR099W,YIL052C,0,-5.713792,0.10704679787158966,0.9802955389022827,0.8177340030670166
YBR086C,YNL002C,0,-5.7159786,0.10701801627874374,0.9802955389022827,0.8179802894592285
YKR067W,YPL213W,0,-5.7175875,0.10698924958705902,0.9802955389022827,0.8182265758514404
YDR073W,YGL225W,0,-5.718279,0.10696049779653549,0.9802955389022827,0.8184729218482971
YDR419W,YLR092W,0,-5.71838,0.10693175345659256,0.9802955389022827,0.818719208240509
YDL178W,YGR289C,0,-5.7185836,0.10690303146839142,0.9802955389022827,0.818965494632721
YKL049C,YBR156C,1,-5.721032,0.1071428582072258,0.982758641242981,0.818965494632721
YJR047C,YIL049W,0,-5.7210927,0.10711409151554108,0.982758641242981,0.8192118406295776
YLR189C,YML115C,0,-5.7217946,0.10708534717559814,0.982758641242981,0.8194581270217896
YPR102C,YML052W,0,-5.7225094,0.10705661028623581,0.982758641242981,0.8197044134140015
YGL158W,YCR031C,0,-5.7244062,0.10702789574861526,0.982758641242981,0.8199507594108582
YCL038C,YHR206W,0,-5.724967,0.10699919611215591,0.982758641242981,0.8201970458030701
YLR013W,YLR466W,0,-5.7255754,0.10697051137685776,0.982758641242981,0.820443332195282
YGR134W,YDR224C,0,-5.726101,0.1069418415427208,0.982758641242981,0.8206896781921387
YGR175C,YLL040C,0,-5.7262697,0.10691318660974503,0.982758641242981,0.8209359645843506
YML118W,YLR466W,0,-5.72685,0.10688454657793045,0.982758641242981,0.8211822509765625
YGL187C,YER109C,0,-5.7271333,0.10685592144727707,0.982758641242981,0.8214285969734192
YOR028C,YMR292W,0,-5.7274833,0.10682731121778488,0.982758641242981,0.8216748833656311
YDR184C,YMR212C,0,-5.727831,0.10679871588945389,0.982758641242981,0.821921169757843
YER105C,YNL333W,0,-5.7279577,0.10677013546228409,0.982758641242981,0.8221675157546997
YNL163C,YDR092W,0,-5.730903,0.10674156993627548,0.982758641242981,0.8224138021469116
YDR184C,YPR110C,0,-5.7313566,0.10671302676200867,0.982758641242981,0.8226600885391235
YEL024W,YGR274C,0,-5.7313724,0.10668449103832245,0.982758641242981,0.8229063749313354
YPL028W,YJL029C,0,-5.7320766,0.10665597766637802,0.982758641242981,0.8231527209281921
YIL125W,YLR451W,0,-5.7322826,0.10662747174501419,0.982758641242981,0.823399007320404
YNR033W,YEL042W,0,-5.7342725,0.10659898817539215,0.982758641242981,0.823645293712616
YLR045C,YOL097C,0,-5.7364173,0.10657051205635071,0.982758641242981,0.8238916397094727
YKL206C,YML060W,0,-5.736727,0.10654205828905106,0.982758641242981,0.8241379261016846
YOR143C,YKR042W,0,-5.7378573,0.106513611972332,0.982758641242981,0.8243842124938965
YHR092C,YBR043C,0,-5.737894,0.10648518800735474,0.982758641242981,0.8246305584907532
YGL254W,YPL065W,0,-5.739764,0.10645677894353867,0.982758641242981,0.8248768448829651
YML024W,YNL246W,0,-5.739897,0.10642837733030319,0.982758641242981,0.825123131275177
YOR112W,YPR110C,0,-5.740607,0.10639999806880951,0.982758641242981,0.8253694772720337
YPR176C,YKL143W,0,-5.741197,0.10637163370847702,0.982758641242981,0.8256157636642456
YGR175C,YHR176W,0,-5.741459,0.10634328424930573,0.982758641242981,0.8258620500564575
YBR117C,YDR092W,0,-5.741566,0.10631494969129562,0.982758641242981,0.8261083960533142
YBR084W,YGR020C,0,-5.742132,0.10628663003444672,0.982758641242981,0.8263546824455261
YPL187W,YDL159W,0,-5.742653,0.106258325278759,0.982758641242981,0.826600968837738
YAR015W,YOL109W,0,-5.7429667,0.10623003542423248,0.982758641242981,0.8268473148345947
YCL029C,YDR225W,0,-5.7429686,0.10620175302028656,0.982758641242981,0.8270936012268066
YOR120W,YJR021C,0,-5.743393,0.10617349296808243,0.982758641242981,0.8273398876190186
YEL042W,YDR071C,0,-5.745084,0.10614524781703949,0.982758641242981,0.8275862336158752
YIR008C,YGR245C,0,-5.746479,0.10611701756715775,0.982758641242981,0.8278325200080872
YGR161C,YCR018C,0,-5.748356,0.10608880966901779,0.982758641242981,0.8280788064002991
YKL049C,YJL080C,1,-5.7490096,0.10632642358541489,0.9852216839790344,0.8280788064002991
YMR080C,YOR145C,0,-5.749426,0.10629816353321075,0.9852216839790344,0.8283251523971558
YHR069C,YJL222W,0,-5.750387,0.10626992583274841,0.9852216839790344,0.8285714387893677
YER056C,YLR150W,0,-5.750989,0.10624170303344727,0.9852216839790344,0.8288177251815796
YNL325C,YOR298W,0,-5.752475,0.10621348768472672,0.9852216839790344,0.8290640115737915
YGR289C,YGR257C,0,-5.7529407,0.10618529468774796,0.9852216839790344,0.8293103575706482
YNL133C,YER125W,0,-5.7534094,0.10615710914134979,0.9852216839790344,0.8295566439628601
YPL015C,YOR143C,0,-5.75443,0.10612894594669342,0.9852216839790344,0.829802930355072
YMR309C,YDR045C,0,-5.754774,0.10610079765319824,0.9852216839790344,0.8300492763519287
YJL019W,YIR011C,1,-5.7552857,0.10633783787488937,0.9876847267150879,0.8300492763519287
YKR061W,YDL056W,0,-5.758179,0.10630965232849121,0.9876847267150879,0.8302955627441406
YML057W,YML046W,0,-5.7582493,0.10628147423267365,0.9876847267150879,0.8305418491363525
YLR080W,YPL047W,0,-5.7588043,0.10625331103801727,0.9876847267150879,0.8307881951332092
YOR033C,YNR060W,0,-5.7620234,0.1062251627445221,0.9876847267150879,0.8310344815254211
YBR070C,YOL125W,0,-5.7631197,0.10619703680276871,0.9876847267150879,0.8312807679176331
YDR516C,YJL012C,0,-5.7638655,0.10616891831159592,0.9876847267150879,0.8315271139144897
YKR039W,YBR298C,0,-5.764246,0.10614081472158432,0.9876847267150879,0.8317734003067017
YJL080C,YBR156C,1,-5.764576,0.10637734830379486,0.9901477694511414,0.8317734003067017
YHR007C,YGL038C,0,-5.766738,0.10634920746088028,0.9901477694511414,0.8320196866989136
YBL074C,YIL062C,0,-5.766793,0.10632108151912689,0.9901477694511414,0.8322660326957703
YPL028W,YIL021W,0,-5.769701,0.1062929630279541,0.9901477694511414,0.8325123190879822
YGR289C,YER105C,0,-5.7697496,0.1062648668885231,0.9901477694511414,0.8327586054801941
YMR080C,YLR136C,0,-5.7704372,0.1062367856502533,0.9901477694511414,0.8330049514770508
YLR035C,YLR196W,0,-5.7708282,0.10620871931314468,0.9901477694511414,0.8332512378692627
YER173W,YLR200W,0,-5.771707,0.10618066787719727,0.9901477694511414,0.8334975242614746
YHR075C,YGR020C,0,-5.774477,0.10615262389183044,0.9901477694511414,0.8337438702583313
YGR289C,YML060W,0,-5.775168,0.10612460225820541,0.9901477694511414,0.8339901566505432
YDR299W,YML121W,0,-5.7756824,0.10609659552574158,0.9901477694511414,0.8342364430427551
YCR010C,YKL143W,0,-5.7757354,0.10606860369443893,0.9901477694511414,0.834482729434967
YDL165W,YGL187C,0,-5.7759724,0.10604061931371689,0.9901477694511414,0.8347290754318237
YLR190W,YIL135C,0,-5.7764864,0.10601265728473663,0.9901477694511414,0.8349753618240356
YOR388C,YOR208W,0,-5.777391,0.10598471015691757,0.9901477694511414,0.8352216482162476
YKL201C,YLR167W,0,-5.7783685,0.10595677047967911,0.9901477694511414,0.8354679942131042
YJL201W,YHL027W,0,-5.778607,0.10592885315418243,0.9901477694511414,0.8357142806053162
YDR512C,YLL004W,0,-5.779187,0.10590095072984695,0.9901477694511414,0.8359605669975281
YNR016C,YGR092W,0,-5.7792144,0.10587305575609207,0.9901477694511414,0.8362069129943848
YIL052C,YLR396C,0,-5.779498,0.10584518313407898,0.9901477694511414,0.8364531993865967
YHR092C,YJL041W,0,-5.7801313,0.10581731796264648,0.9901477694511414,0.8366994857788086
YLL008W,YOL111C,0,-5.7803993,0.10578947514295578,0.9901477694511414,0.8369458317756653
YDR299W,YLR163C,0,-5.784754,0.10576163977384567,0.9901477694511414,0.8371921181678772
YIL110W,YNL169C,0,-5.785449,0.10573382675647736,0.9901477694511414,0.8374384045600891
YDR080W,YMR241W,0,-5.788473,0.10570602118968964,0.9901477694511414,0.8376847505569458
YPL232W,YPR024W,0,-5.7887726,0.10567823052406311,0.9901477694511414,0.8379310369491577
YIL110W,YOR145C,0,-5.789509,0.10565046221017838,0.9901477694511414,0.8381773233413696
YIL062C,YBR214W,0,-5.7899275,0.10562270134687424,0.9901477694511414,0.8384236693382263
YCR010C,YIL021W,0,-5.7912006,0.10559495538473129,0.9901477694511414,0.8386699557304382
YGR103W,YGL233W,0,-5.792755,0.10556722432374954,0.9901477694511414,0.8389162421226501
YBR034C,YDR470C,0,-5.793122,0.10553950816392899,0.9901477694511414,0.8391625881195068
YER052C,YJR066W,0,-5.793921,0.10551181435585022,0.9901477694511414,0.8394088745117188
YGL183C,YBR118W,0,-5.793947,0.10548412799835205,0.9901477694511414,0.8396551609039307
YGR288W,YGL028C,0,-5.796275,0.10545645654201508,0.9901477694511414,0.8399015069007874
YPL267W,YHR007C,0,-5.7964945,0.1054287925362587,0.9901477694511414,0.8401477932929993
YHR065C,YGR005C,0,-5.796544,0.10540115088224411,0.9901477694511414,0.8403940796852112
YMR135C,YGR075C,0,-5.796668,0.10537352412939072,0.9901477694511414,0.8406403660774231
YDR494W,YHR206W,0,-5.798376,0.10534591227769852,0.9901477694511414,0.8408867120742798
YOR298W,YPL092W,0,-5.7986073,0.10531831532716751,0.9901477694511414,0.8411329984664917
YBR034C,YDR043C,0,-5.799695,0.1052907258272171,0.9901477694511414,0.8413792848587036
YER002W,YJL012C,0,-5.799964,0.10526315867900848,0.9901477694511414,0.8416256308555603
YOR045W,YJL056C,0,-5.8002024,0.10523559898138046,0.9901477694511414,0.8418719172477722
YBL082C,YDR121W,0,-5.8006926,0.10520806163549423,0.9901477694511414,0.8421182036399841
YMR213W,YOL158C,0,-5.802491,0.1051805317401886,0.9901477694511414,0.8423645496368408
YOR120W,YPR108W,0,-5.803602,0.10515302419662476,0.9901477694511414,0.8426108360290527
YLL036C,YJR156C,0,-5.805485,0.10512552410364151,0.9901477694511414,0.8428571224212646
YGR289C,YLR305C,0,-5.8068438,0.10509803891181946,0.9901477694511414,0.8431034684181213
YOR178C,YMR080C,0,-5.8069453,0.1050705686211586,0.9901477694511414,0.8433497548103333
YDR252W,YDR395W,0,-5.8091764,0.10504311323165894,0.9901477694511414,0.8435960412025452
YNL015W,YPR189W,0,-5.810012,0.10501567274332047,0.9901477694511414,0.8438423871994019
YML060W,YDL188C,0,-5.810468,0.10498824715614319,0.9901477694511414,0.8440886735916138
YPL196W,YPL112C,0,-5.8108616,0.1049608364701271,0.9901477694511414,0.8443349599838257
YLR092W,YPL065W,0,-5.8114023,0.10493344068527222,0.9901477694511414,0.8445813059806824
YDR429C,YOR043W,0,-5.8123384,0.10490605235099792,0.9901477694511414,0.8448275923728943
YCR020C,YPR010C,0,-5.8130007,0.10487868636846542,0.9901477694511414,0.8450738787651062
YMR163C,YIL052C,0,-5.814421,0.10485132783651352,0.9901477694511414,0.8453202247619629
YEL042W,YER052C,0,-5.815125,0.1048239916563034,0.9901477694511414,0.8455665111541748
YOL003C,YOL125W,0,-5.816968,0.10479666292667389,0.9901477694511414,0.8458127975463867
YER120W,YKR050W,0,-5.817234,0.10476934909820557,0.9901477694511414,0.8460590839385986
YER025W,YDR073W,0,-5.8173523,0.10474205017089844,0.9901477694511414,0.8463054299354553
YER030W,YPL092W,0,-5.8174767,0.1047147661447525,0.9901477694511414,0.8465517163276672
YNL232W,YDR025W,0,-5.8176646,0.10468749701976776,0.9901477694511414,0.8467980027198792
YNL051W,YDR492W,0,-5.820254,0.10466024279594421,0.9901477694511414,0.8470443487167358
YJR047C,YNL093W,0,-5.820385,0.10463300347328186,0.9901477694511414,0.8472906351089478
YIR009W,YPR010C,0,-5.8213325,0.1046057790517807,0.9901477694511414,0.8475369215011597
YBL099W,YDR023W,0,-5.8215365,0.10457856208086014,0.9901477694511414,0.8477832674980164
YDR492W,YMR080C,0,-5.8235164,0.10455136746168137,0.9901477694511414,0.8480295538902283
YLR119W,YOR045W,0,-5.823855,0.10452418029308319,0.9901477694511414,0.8482758402824402
YKL013C,YFL022C,0,-5.8254366,0.10449700802564621,0.9901477694511414,0.8485221862792969
YLR136C,YOL097C,0,-5.828079,0.10446985810995102,0.9901477694511414,0.8487684726715088
YJL112W,YER100W,0,-5.8291216,0.10444271564483643,0.9901477694511414,0.8490147590637207
YOR381W,YCL044C,0,-5.829632,0.10441558808088303,0.9901477694511414,0.8492611050605774
YDR016C,YGL254W,0,-5.8308253,0.10438846796751022,0.9901477694511414,0.8495073914527893
YLR074C,YOR231W,0,-5.8340006,0.10436137020587921,0.9901477694511414,0.8497536778450012
YCL038C,YPR101W,0,-5.834047,0.1043342873454094,0.9901477694511414,0.8500000238418579
YGL254W,YOR043W,0,-5.8357983,0.10430721193552017,0.9901477694511414,0.8502463102340698
YGR161C,YGL104C,0,-5.836681,0.10428015887737274,0.9901477694511414,0.8504925966262817
YML121W,YLR324W,0,-5.8369904,0.10425311326980591,0.9901477694511414,0.8507389426231384
YOR122C,YFR037C,0,-5.837016,0.10422608256340027,0.9901477694511414,0.8509852290153503
YBL015W,YOL086C,0,-5.8386445,0.10419906675815582,0.9901477694511414,0.8512315154075623
YNR016C,YPL196W,0,-5.838874,0.10417206585407257,0.9901477694511414,0.851477861404419
YLL001W,YML043C,0,-5.8394637,0.10414507985115051,0.9901477694511414,0.8517241477966309
YDL164C,YDR508C,0,-5.840372,0.10411810129880905,0.9901477694511414,0.8519704341888428
YDR176W,YER009W,0,-5.8407035,0.10409114509820938,0.9901477694511414,0.8522167205810547
YPL249C,YOR081C,0,-5.8413467,0.10406419634819031,0.9901477694511414,0.8524630665779114
YER025W,YLR039C,0,-5.8414664,0.10403726994991302,0.9901477694511414,0.8527093529701233
YDR069C,YMR165C,0,-5.842305,0.10401035100221634,0.9901477694511414,0.8529556393623352
YBR086C,YER044C-A,0,-5.842546,0.10398344695568085,0.9901477694511414,0.8532019853591919
YOR201C,YML118W,0,-5.842574,0.10395655781030655,0.9901477694511414,0.8534482717514038
YOL033W,YDR043C,0,-5.842601,0.10392967611551285,0.9901477694511414,0.8536945581436157
YLR129W,YIL052C,0,-5.844287,0.10390281677246094,0.9901477694511414,0.8539409041404724
YDR069C,YKL026C,0,-5.8465915,0.10387597233057022,0.9901477694511414,0.8541871905326843
YPR101W,YLR150W,0,-5.848264,0.1038491353392601,0.9901477694511414,0.8544334769248962
YDL247W,YLR409C,0,-5.84972,0.10382231324911118,0.9901477694511414,0.8546798229217529
YML077W,YNL015W,0,-5.849856,0.10379550606012344,0.9901477694511414,0.8549261093139648
YBR086C,YLR196W,0,-5.851794,0.1037687137722969,0.9901477694511414,0.8551723957061768
YML112W,YER103W,0,-5.8525724,0.10374193638563156,0.9901477694511414,0.8554187417030334
YGL251C,YER002W,0,-5.8539853,0.10371517390012741,0.9901477694511414,0.8556650280952454
YJL095W,YNL135C,0,-5.8540974,0.10368841886520386,0.9901477694511414,0.8559113144874573
YMR303C,YBR086C,0,-5.8541107,0.1036616787314415,0.9901477694511414,0.856157660484314
YKR085C,YER103W,0,-5.8544645,0.10363496094942093,0.9901477694511414,0.8564039468765259
YPL196W,YBR153W,0,-5.8561816,0.10360825061798096,0.9901477694511414,0.8566502332687378
YGR103W,YKL120W,0,-5.8562684,0.10358154773712158,0.9901477694511414,0.8568965792655945
YMR136W,YOR081C,0,-5.8564157,0.103554867208004,0.9901477694511414,0.8571428656578064
YKL189W,YDR194C,0,-5.856959,0.10352820158004761,0.9901477694511414,0.8573891520500183
YLR362W,YPR024W,0,-5.859723,0.10350154340267181,0.9901477694511414,0.8576354384422302
YDL178W,YKL082C,0,-5.8599386,0.10347490012645721,0.9901477694511414,0.8578817844390869
YPL217C,YKL201C,0,-5.860321,0.1034482792019844,0.9901477694511414,0.8581280708312988
YKL082C,YOR045W,0,-5.8603277,0.1034216582775116,0.9901477694511414,0.8583743572235107
YER061C,YCR031C,0,-5.8603616,0.10339505970478058,0.9901477694511414,0.8586207032203674
YFR047C,YPR168W,0,-5.8606534,0.10336847603321075,0.9901477694511414,0.8588669896125793
YHR164C,YDR043C,0,-5.8615894,0.10334189981222153,0.9901477694511414,0.8591132760047913
YNL292W,YDR412W,0,-5.861952,0.10331534594297409,0.9901477694511414,0.859359622001648
YKL201C,YPR031W,0,-5.8621445,0.10328879952430725,0.9901477694511414,0.8596059083938599
YCL061C,YDL060W,0,-5.863084,0.1032622680068016,0.9901477694511414,0.8598521947860718
YHR088W,YGR112W,0,-5.8633,0.10323574393987656,0.9901477694511414,0.8600985407829285
YDR184C,YHR170W,0,-5.8649235,0.1032092422246933,0.9901477694511414,0.8603448271751404
YDR016C,YFL058W,0,-5.8663173,0.10318274796009064,0.9901477694511414,0.8605911135673523
YDR225W,YML076C,0,-5.8664317,0.10315627604722977,0.9901477694511414,0.860837459564209
YER009W,YLR409C,0,-5.867406,0.1031298115849495,0.9901477694511414,0.8610837459564209
YBR214W,YLR126C,0,-5.8678493,0.10310336202383041,0.9901477694511414,0.8613300323486328
YDR224C,YHR065C,0,-5.868368,0.10307691991329193,0.9901477694511414,0.8615763783454895
YLR165C,YPL057C,0,-5.8690963,0.10305050015449524,0.9901477694511414,0.8618226647377014
YOR067C,YGR142W,0,-5.8697777,0.10302408784627914,0.9901477694511414,0.8620689511299133
YML094W,YKL120W,0,-5.870336,0.10299769043922424,0.9901477694511414,0.86231529712677
YMR128W,YGL181W,0,-5.870811,0.10297130793333054,0.9901477694511414,0.8625615835189819
YCL052C,YDR023W,0,-5.8713655,0.10294494032859802,0.9901477694511414,0.8628078699111938
YPR031W,YBR126C,0,-5.8729024,0.1029185876250267,0.9901477694511414,0.8630542159080505
YLR418C,YGR289C,0,-5.8729105,0.10289224237203598,0.9901477694511414,0.8633005023002625
YGR193C,YPL057C,0,-5.876044,0.10286591947078705,0.9901477694511414,0.8635467886924744
YLR129W,YJL056C,0,-5.876425,0.10283960402011871,0.9901477694511414,0.8637930750846863
YNL292W,YGR046W,0,-5.8773546,0.10281329602003098,0.9901477694511414,0.864039421081543
YGR178C,YDL153C,0,-5.8778067,0.10278701037168503,0.9901477694511414,0.8642857074737549
YPL243W,YDR449C,0,-5.878122,0.10276073962450027,0.9901477694511414,0.8645319938659668
YPL217C,YPR167C,0,-5.880413,0.10273447632789612,0.9901477694511414,0.8647783398628235
YLR172C,YOL033W,0,-5.881501,0.10270822793245316,0.9901477694511414,0.8650246262550354
YGL181W,YBL064C,0,-5.881803,0.10268199443817139,0.9901477694511414,0.8652709126472473
YML075C,YDR183W,0,-5.881861,0.10265576839447021,0.9901477694511414,0.865517258644104
YDR194C,YJL116C,0,-5.881974,0.10262956470251083,0.9901477694511414,0.8657635450363159
YDR492W,YGL233W,0,-5.882041,0.10260336846113205,0.9901477694511414,0.8660098314285278
YNR016C,YMR059W,0,-5.882307,0.10257718712091446,0.9901477694511414,0.8662561774253845
YML094W,YML075C,0,-5.8823404,0.10255102068185806,0.9901477694511414,0.8665024638175964
YDR060W,YBL030C,0,-5.8823586,0.10252486914396286,0.9901477694511414,0.8667487502098083
YDR194C,YOL011W,0,-5.8827953,0.10249872505664825,0.9901477694511414,0.866995096206665
YNL080C,YML075C,0,-5.882824,0.10247259587049484,0.9901477694511414,0.867241382598877
YBR244W,YPR041W,0,-5.8836594,0.10244648158550262,0.9901477694511414,0.8674876689910889
YPR093C,YNL001W,0,-5.884419,0.1024203822016716,0.9901477694511414,0.8677340149879456
YGL251C,YKR025W,0,-5.8873806,0.10239429771900177,0.9901477694511414,0.8679803013801575
YER056C,YMR267W,0,-5.8893747,0.10236822068691254,0.9901477694511414,0.8682265877723694
YJR059W,YLR075W,0,-5.889894,0.1023421585559845,0.9901477694511414,0.8684729337692261
YBR086C,YER009W,0,-5.8919253,0.10231611132621765,0.9901477694511414,0.868719220161438
YLR229C,YMR165C,0,-5.894475,0.102290078997612,0.9901477694511414,0.8689655065536499
YOR316C,YNR003C,0,-5.894558,0.10226405411958694,0.9901477694511414,0.8692117929458618
YER154W,YOL109W,0,-5.8951874,0.10223804414272308,0.9901477694511414,0.8694581389427185
YGR204W,YBR153W,0,-5.8982096,0.10221204906702042,0.9901477694511414,0.8697044253349304
YMR292W,YNL015W,0,-5.8990593,0.10218606889247894,0.9901477694511414,0.8699507117271423
YGR238C,YGR172C,0,-5.899626,0.10216010361909866,0.9901477694511414,0.870197057723999
YHR143W,YDR219C,0,-5.899748,0.10213414579629898,0.9901477694511414,0.8704433441162109
YOR033C,YDR011W,0,-5.9006786,0.10210820287466049,0.9901477694511414,0.8706896305084229
YPL213W,YHR066W,0,-5.902248,0.1020822748541832,0.9901477694511414,0.8709359765052795
YJR077C,YGR253C,0,-5.903322,0.1020563617348671,0.9901477694511414,0.8711822628974915
YMR239C,YMR322C,0,-5.9039745,0.10203045606613159,0.9901477694511414,0.8714285492897034
YER168C,YML112W,0,-5.9050994,0.10200456529855728,0.9901477694511414,0.8716748952865601
YOR120W,YGL096W,0,-5.9065695,0.10197868943214417,0.9901477694511414,0.871921181678772
YPL266W,YOR020C,0,-5.9087586,0.10195282846689224,0.9901477694511414,0.8721674680709839
YHR092C,YCL034W,0,-5.909316,0.10192697495222092,0.9901477694511414,0.8724138140678406
YDR121W,YPR031W,0,-5.9103265,0.10190114378929138,0.9901477694511414,0.8726601004600525
YER052C,YKL148C,0,-5.9116526,0.10187532007694244,0.9901477694511414,0.8729063868522644
YER168C,YPL164C,0,-5.912685,0.1018495038151741,0.9901477694511414,0.8731527328491211
YOL086C,YPL002C,0,-5.9127,0.10182370990514755,0.9901477694511414,0.873399019241333
YGR245C,YML052W,0,-5.9129467,0.1017979234457016,0.9901477694511414,0.8736453056335449
YGL183C,YMR200W,0,-5.9133167,0.10177215188741684,0.9901477694511414,0.8738916516304016
YDR184C,YML077W,0,-5.9135647,0.10174639523029327,0.9901477694511414,0.8741379380226135
YFL055W,YLR200W,0,-5.9136705,0.1017206460237503,0.9901477694511414,0.8743842244148254
YOL086C,YML094W,0,-5.914481,0.10169491171836853,0.9901477694511414,0.8746305704116821
YNL119W,YGR221C,0,-5.914972,0.10166919231414795,0.9901477694511414,0.874876856803894
YOR067C,YIL007C,0,-5.9156537,0.10164348781108856,0.9901477694511414,0.875123143196106
YER052C,YPR143W,0,-5.917182,0.10161779820919037,0.9901477694511414,0.8753694295883179
YKR067W,YGL181W,0,-5.9175425,0.10159211605787277,0.9901477694511414,0.8756157755851746
YGR142W,YOR047C,0,-5.9213595,0.10156644880771637,0.9901477694511414,0.8758620619773865
YML057W,YPR009W,0,-5.922018,0.10154079645872116,0.9901477694511414,0.8761083483695984
YNR033W,YGR204W,0,-5.9227867,0.10151515156030655,0.9901477694511414,0.8763546943664551
YNR007C,YGL028C,0,-5.9228086,0.10148952156305313,0.9901477694511414,0.876600980758667
YHR077C,YER103W,0,-5.923958,0.10146390646696091,0.9901477694511414,0.8768472671508789
YGL130W,YPL213W,0,-5.92686,0.10143830627202988,0.9901477694511414,0.8770936131477356
YMR059W,YER118C,0,-5.927342,0.10141271352767944,0.9901477694511414,0.8773398995399475
YDR342C,YBR188C,0,-5.9276714,0.1013871356844902,0.9901477694511414,0.8775861859321594
YOR028C,YGL181W,0,-5.929047,0.10136157274246216,0.9901477694511414,0.8778325319290161
YPL217C,YHL034C,0,-5.930505,0.1013360247015953,0.9901477694511414,0.878078818321228
YGR161C,YBR216C,0,-5.932253,0.10131048411130905,0.9901477694511414,0.8783251047134399
YNL091W,YDR463W,0,-5.9325304,0.10128495842218399,0.9901477694511414,0.8785714507102966
YHR085W,YJR077C,0,-5.9338226,0.10125944763422012,0.9901477694511414,0.8788177371025085
YCR020C-A,YLR340W,0,-5.9345713,0.10123394429683685,0.9901477694511414,0.8790640234947205
YBR288C,YOR178C,0,-5.93462,0.10120845586061478,0.9901477694511414,0.8793103694915771
YDR517W,YKL188C,0,-5.935889,0.1011829823255539,0.9901477694511414,0.8795566558837891
YOL086C,YLR119W,0,-5.936404,0.1011575236916542,0.9901477694511414,0.879802942276001
YLR390W-A,YMR239C,0,-5.9375296,0.10113207250833511,0.9901477694511414,0.8800492882728577
YLR047C,YGR245C,0,-5.9377546,0.10110663622617722,0.9901477694511414,0.8802955746650696
YBR034C,YKR001C,0,-5.938247,0.10108121484518051,0.9901477694511414,0.8805418610572815
YJR053W,YLR167W,0,-5.9396486,0.101055808365345,0.9901477694511414,0.8807882070541382
YPL179W,YDR120C,0,-5.9398317,0.10103040933609009,0.9901477694511414,0.8810344934463501
YJR156C,YJL138C,0,-5.940316,0.10100502520799637,0.9901477694511414,0.881280779838562
YGL017W,YPL092W,0,-5.941369,0.10097965598106384,0.9901477694511414,0.8815270662307739
YJL002C,YHR065C,0,-5.9415836,0.10095429420471191,0.9901477694511414,0.8817734122276306
YNR016C,YKR042W,0,-5.944374,0.10092894732952118,0.9901477694511414,0.8820196986198425
YPL028W,YER056C,0,-5.9444904,0.10090361535549164,0.9901477694511414,0.8822659850120544
YOR341W,YBR173C,0,-5.946206,0.1008782908320427,0.9901477694511414,0.8825123310089111
YMR048W,YJL080C,1,-5.948516,0.10110386461019516,0.9926108121871948,0.8825123310089111
YJR137C,YGR162W,0,-5.952006,0.10107850283384323,0.9926108121871948,0.882758617401123
YBL099W,YLR136C,0,-5.9522076,0.1010531559586525,0.9926108121871948,0.883004903793335
YOL086C,YOR327C,0,-5.9534383,0.10102782398462296,0.9926108121871948,0.8832512497901917
YPL095C,YAR035W,0,-5.9543,0.10100250691175461,0.9926108121871948,0.8834975361824036
YBR298C,YGR172C,0,-5.9557824,0.10097719728946686,0.9926108121871948,0.8837438225746155
YGL038C,YER049W,0,-5.956091,0.1009519025683403,0.9926108121871948,0.8839901685714722
YMR303C,YKR085C,0,-5.9576545,0.10092662274837494,0.9926108121871948,0.8842364549636841
YDR513W,YNR013C,0,-5.9600935,0.10090135037899017,0.9926108121871948,0.884482741355896
YCL024W,YKR061W,0,-5.9602613,0.1008760929107666,0.9926108121871948,0.8847290873527527
YNL256W,YMR241W,0,-5.9605536,0.10085085034370422,0.9926108121871948,0.8849753737449646
YMR129W,YGR245C,0,-5.9613914,0.10082562267780304,0.9926108121871948,0.8852216601371765
YGR175C,YBR119W,0,-5.9616146,0.10080040246248245,0.9926108121871948,0.8854680061340332
YDR294C,YKL125W,0,-5.9626184,0.10077519714832306,0.9926108121871948,0.8857142925262451
YOR028C,YML024W,0,-5.9659452,0.10074999928474426,0.9926108121871948,0.885960578918457
YIL140W,YLR172C,0,-5.965988,0.10072481632232666,0.9926108121871948,0.8862069249153137
YGR103W,YJL056C,0,-5.968375,0.10069964826107025,0.9926108121871948,0.8864532113075256
YLR035C,YGR103W,0,-5.968964,0.10067449510097504,0.9926108121871948,0.8866994976997375
YLR196W,YMR125W,0,-5.969657,0.10064934939146042,0.9926108121871948,0.8869457840919495
YDR412W,YPL094C,0,-5.9705744,0.100624218583107,0.9926108121871948,0.8871921300888062
YLL035W,YML007W,0,-5.9713745,0.10059910267591476,0.9926108121871948,0.8874384164810181
YMR128W,YJL222W,0,-5.97213,0.10057399421930313,0.9926108121871948,0.88768470287323
YBL090W,YGR162W,0,-5.9728565,0.10054890066385269,0.9926108121871948,0.8879310488700867
YDL165W,YJL138C,0,-5.973625,0.10052382200956345,0.9926108121871948,0.8881773352622986
YOL003C,YOR145C,0,-5.975339,0.1004987508058548,0.9926108121871948,0.8884236216545105
YDL247W,YDR449C,0,-5.9762344,0.10047369450330734,0.9926108121871948,0.8886699676513672
YGL187C,YJL138C,0,-5.9783645,0.10044865310192108,0.9926108121871948,0.8889162540435791
YMR145C,YPL094C,0,-5.9790525,0.10042362660169601,0.9926108121871948,0.889162540435791
YJR121W,YDR060W,0,-5.9805913,0.10039860755205154,0.9926108121871948,0.8894088864326477
YDR436W,YKL145W,0,-5.980968,0.10037359595298767,0.9926108121871948,0.8896551728248596
YAL020C,YOR120W,0,-5.9810667,0.10034860670566559,0.9926108121871948,0.8899014592170715
YJR105W,YOR388C,0,-5.981819,0.1003236249089241,0.9926108121871948,0.8901478052139282
YBL030C,YHR088W,0,-5.9821405,0.10029865801334381,0.9926108121871948,0.8903940916061401
YOR231W,YKR085C,0,-5.982688,0.10027369856834412,0.9926108121871948,0.890640377998352
YPL089C,YDL201W,0,-5.9832973,0.10024875402450562,0.9926108121871948,0.8908867239952087
YLR172C,YBR244W,0,-5.9835124,0.10022382438182831,0.9926108121871948,0.8911330103874207
YML112W,YEL012W,0,-5.987056,0.1001989096403122,0.9926108121871948,0.8913792967796326
YGL047W,YPR051W,0,-5.9871836,0.10017400234937668,0.9926108121871948,0.8916256427764893
YMR136W,YOR117W,0,-5.988643,0.10014910250902176,0.9926108121871948,0.8918719291687012
YOR020C,YDR072C,0,-5.98884,0.10012422502040863,0.9926108121871948,0.8921182155609131
YDR225W,YDR449C,0,-5.98899,0.1000993549823761,0.9926108121871948,0.8923645615577698
YER025W,YAR035W,0,-5.9958916,0.10007449984550476,0.9926108121871948,0.8926108479499817
YAL029C,YJL116C,0,-5.9963536,0.10004965215921402,0.9926108121871948,0.8928571343421936
YJL201W,YOR327C,0,-5.998452,0.10002481937408447,0.9926108121871948,0.8931034207344055
YDR110W,YEL024W,0,-6.003746,0.10000000149011612,0.9926108121871948,0.8933497667312622
YLR362W,YLR409C,0,-6.004562,0.09997519105672836,0.9926108121871948,0.8935960531234741
YBL030C,YHR111W,0,-6.005035,0.0999503955245018,0.9926108121871948,0.893842339515686
YLR172C,YHR092C,0,-6.0059223,0.09992561489343643,0.9926108121871948,0.8940886855125427
YLR039C,YLR075W,0,-6.0078106,0.09990084171295166,0.9926108121871948,0.8943349719047546
YER145C,YMR135C,0,-6.0080423,0.09987608343362808,0.9926108121871948,0.8945812582969666
YAR015W,YKR060W,0,-6.0106254,0.0998513400554657,0.9926108121871948,0.8948276042938232
YNL080C,YNL093W,0,-6.0113997,0.09982660412788391,0.9926108121871948,0.8950738906860352
YOR120W,YMR172W,0,-6.0122147,0.09980188310146332,0.9926108121871948,0.8953201770782471
YGR286C,YHR133C,0,-6.0125713,0.09977716952562332,0.9926108121871948,0.8955665230751038
YKL120W,YGR172C,0,-6.015623,0.09975247830152512,0.9926108121871948,0.8958128094673157
YHR123W,YDL065C,0,-6.017986,0.09972778707742691,0.9926108121871948,0.8960590958595276
YER168C,YNL135C,0,-6.0191216,0.0997031182050705,0.9926108121871948,0.8963054418563843
YER122C,YLR136C,0,-6.019725,0.09967845678329468,0.9926108121871948,0.8965517282485962
YLR167W,YGR245C,0,-6.0203285,0.09965381026268005,0.9926108121871948,0.8967980146408081
YJR053W,YKL026C,0,-6.02045,0.09962917119264603,0.9926108121871948,0.8970443606376648
YML057W,YOR195W,0,-6.0210238,0.0996045470237732,0.9926108121871948,0.8972906470298767
YLL035W,YKR001C,0,-6.0255914,0.09957993775606155,0.9926108121871948,0.8975369334220886
YIL153W,YPR041W,0,-6.0286336,0.09955533593893051,0.9926108121871948,0.8977832794189453
YML006C,YDR342C,0,-6.028984,0.09953074902296066,0.9926108121871948,0.8980295658111572
YDR384C,YKL084W,0,-6.0300407,0.09950616955757141,0.9926108121871948,0.8982758522033691
YHR069C,YLR378C,0,-6.0301104,0.09948161244392395,0.9926108121871948,0.898522138595581
YKL026C,YLR427W,0,-6.03373,0.09945705533027649,0.9926108121871948,0.8987684845924377
YDR060W,YLR340W,0,-6.034333,0.09943252056837082,0.9926108121871948,0.8990147709846497
YIL125W,YML019W,0,-6.035084,0.09940799325704575,0.9926108121871948,0.8992610573768616
YJR047C,YPR167C,0,-6.0371175,0.09938348084688187,0.9926108121871948,0.8995074033737183
YJL140W,YPR143W,0,-6.0373406,0.09935897588729858,0.9926108121871948,0.8997536897659302
YKL201C,YML052W,0,-6.0374084,0.0993344858288765,0.9926108121871948,0.8999999761581421
YGR142W,YMR125W,0,-6.037551,0.099310003221035,0.9926108121871948,0.9002463221549988
YLR167W,YGR112W,0,-6.0379114,0.0992855355143547,0.9926108121871948,0.9004926085472107
YBR188C,YPR110C,0,-6.040949,0.0992610827088356,0.9926108121871948,0.9007388949394226
YLR291C,YHR065C,0,-6.0435,0.09923664480447769,0.9926108121871948,0.9009852409362793
YDL051W,YLR376C,0,-6.0437865,0.09921221435070038,0.9926108121871948,0.9012315273284912
YDL223C,YOR081C,0,-6.043844,0.09918779134750366,0.9926108121871948,0.9014778137207031
YDR492W,YLR163C,0,-6.044833,0.09916338324546814,0.9926108121871948,0.9017241597175598
YDL051W,YJL030W,0,-6.0452986,0.09913899004459381,0.9926108121871948,0.9019704461097717
YER061C,YAL059W,0,-6.0464554,0.09911461174488068,0.9926108121871948,0.9022167325019836
YGR209C,YNL313C,0,-6.0481606,0.09909024089574814,0.9926108121871948,0.9024630784988403
YPL094C,YPR101W,0,-6.0484524,0.0990658774971962,0.9926108121871948,0.9027093648910522
YBL082C,YNL093W,0,-6.0495853,0.09904153645038605,0.9926108121871948,0.9029556512832642
YER056C,YLR136C,0,-6.0505514,0.0990171954035759,0.9926108121871948,0.9032019972801208
YLR172C,YGR209C,0,-6.05282,0.09899287670850754,0.9926108121871948,0.9034482836723328
YNL036W,YLR378C,0,-6.0546246,0.09896856546401978,0.9926108121871948,0.9036945700645447
YHR170W,YHL027W,0,-6.055173,0.0989442691206932,0.9926108121871948,0.9039409160614014
YKR039W,YBR017C,0,-6.0561256,0.09891998022794724,0.9926108121871948,0.9041872024536133
YKR083C,YML024W,0,-6.05885,0.09889570623636246,0.9926108121871948,0.9044334888458252
YOL072W,YBR265W,0,-6.06065,0.09887143969535828,0.9926108121871948,0.9046797752380371
YGR175C,YOR353C,0,-6.0616407,0.09884718805551529,0.9926108121871948,0.9049261212348938
YML112W,YML024W,0,-6.062108,0.0988229513168335,0.9926108121871948,0.9051724076271057
YDR516C,YDL130W,0,-6.0623407,0.0987987220287323,0.9926108121871948,0.9054186940193176
YML060W,YGR080W,0,-6.062727,0.0987745076417923,0.9926108121871948,0.9056650400161743
YOR153W,YMR322C,0,-6.064196,0.09875030815601349,0.9926108121871948,0.9059113264083862
YGL253W,YDR501W,0,-6.067045,0.09872611612081528,0.9926108121871948,0.9061576128005981
YML057W,YHR094C,0,-6.0674996,0.09870193153619766,0.9926108121871948,0.9064039587974548
YOL149W,YIL052C,0,-6.0690484,0.09867776930332184,0.9926108121871948,0.9066502451896667
YNL314W,YDR025W,0,-6.0691013,0.09865360707044601,0.9926108121871948,0.9068965315818787
YMR165C,YPR041W,0,-6.071065,0.09862946718931198,0.9926108121871948,0.9071428775787354
YER009W,YNL093W,0,-6.0712366,0.09860533475875854,0.9926108121871948,0.9073891639709473
YIL085C,YGL028C,0,-6.071763,0.0985812097787857,0.9926108121871948,0.9076354503631592
YLR172C,YJL219W,0,-6.072384,0.09855710715055466,0.9926108121871948,0.9078817963600159
YOL077C,YLR129W,0,-6.073238,0.09853300452232361,0.9926108121871948,0.9081280827522278
YBR135W,YER103W,0,-6.073781,0.09850892424583435,0.9926108121871948,0.9083743691444397
YGR178C,YMR133W,0,-6.0753493,0.09848485141992569,0.9926108121871948,0.9086207151412964
YMR303C,YKL014C,0,-6.0768547,0.09846078604459763,0.9926108121871948,0.9088670015335083
YEL042W,YGR245C,0,-6.0809703,0.09843673557043076,0.9926108121871948,0.9091132879257202
YBR288C,YGR044C,0,-6.082723,0.09841269999742508,0.9926108121871948,0.9093596339225769
YLR154C,YOR043W,0,-6.083701,0.098388671875,0.9926108121871948,0.9096059203147888
YPR021C,YGR195W,0,-6.084181,0.09836465865373611,0.9926108121871948,0.9098522067070007
YNL066W,YBR173C,0,-6.088662,0.09834065288305283,0.9926108121871948,0.9100984930992126
YMR025W,YJR147W,0,-6.0888634,0.09831666201353073,0.9926108121871948,0.9103448390960693
YOL086C,YBL090W,0,-6.0891256,0.09829268604516983,0.9926108121871948,0.9105911254882812
YAL029C,YKL113C,0,-6.089155,0.09826871752738953,0.9926108121871948,0.9108374118804932
YLR276C,YBR069C,0,-6.0895147,0.09824475646018982,0.9926108121871948,0.9110837578773499
YDR140W,YPR102C,0,-6.089757,0.0982208177447319,0.9926108121871948,0.9113300442695618
YGL251C,YLR340W,0,-6.0899057,0.09819687902927399,0.9926108121871948,0.9115763306617737
YOR261C,YPL092W,0,-6.0899534,0.09817296266555786,0.9926108121871948,0.9118226766586304
YAL055W,YLR167W,0,-6.0899806,0.09814905375242233,0.9926108121871948,0.9120689630508423
YJR047C,YKL013C,0,-6.091056,0.0981251522898674,0.9926108121871948,0.9123152494430542
YLR113W,YGR103W,0,-6.091324,0.09810126572847366,0.9926108121871948,0.9125615954399109
YOL086C,YOR368W,0,-6.0915327,0.09807739406824112,0.9926108121871948,0.9128078818321228
YDR492W,YPR102C,0,-6.094637,0.09805352985858917,0.9926108121871948,0.9130541682243347
YGL187C,YDR429C,0,-6.0951223,0.09802967309951782,0.9926108121871948,0.9133005142211914
YGR204W,YJL116C,0,-6.095605,0.09800583869218826,0.9926108121871948,0.9135468006134033
YOR388C,YPR167C,0,-6.09622,0.0979820117354393,0.9926108121871948,0.9137930870056152
YLL001W,YDR449C,0,-6.0968494,0.09795819222927094,0.9926108121871948,0.9140394330024719
YOR145C,YDR484W,0,-6.099619,0.09793438762426376,0.9926108121871948,0.9142857193946838
YBR086C,YPR125W,0,-6.1007624,0.09791059046983719,0.9926108121871948,0.9145320057868958
YMR136W,YER154W,0,-6.101147,0.09788680821657181,0.9926108121871948,0.9147783517837524
YGL211W,YHR170W,0,-6.103413,0.09786304086446762,0.9926108121871948,0.9150246381759644
YOR047C,YBR069C,0,-6.10555,0.09783928096294403,0.9926108121871948,0.9152709245681763
YIL052C,YDL159W,0,-6.105573,0.09781553596258163,0.9926108121871948,0.915517270565033
YDL051W,YNR043W,0,-6.1055965,0.09779179841279984,0.9926108121871948,0.9157635569572449
YKL204W,YNL133C,0,-6.1082983,0.09776807576417923,0.9926108121871948,0.9160098433494568
YER147C,YJL080C,1,-6.1098213,0.09798689931631088,0.9950739145278931,0.9160098433494568
YPL249C,YOR327C,0,-6.1114073,0.09796313941478729,0.9950739145278931,0.9162561297416687
YJR055W,YDR436W,0,-6.111567,0.0979393944144249,0.9950739145278931,0.9165024757385254
YHR085W,YMR093W,0,-6.112588,0.0979156568646431,0.9950739145278931,0.9167487621307373
YKL082C,YGR046W,0,-6.113161,0.09789193421602249,0.9950739145278931,0.9169950485229492
YML036W,YIL101C,0,-6.114691,0.09786821901798248,0.9950739145278931,0.9172413945198059
YHR143W,YPL089C,0,-6.1150174,0.09784451127052307,0.9950739145278931,0.9174876809120178
YLR075W,YLR136C,0,-6.1165366,0.09782082587480545,0.9950739145278931,0.9177339673042297
YOR231W,YNL015W,0,-6.1172748,0.09779714047908783,0.9950739145278931,0.9179803133010864
YDR038C,YJR143C,0,-6.119752,0.097773477435112,0.9950739145278931,0.9182265996932983
YEL053C,YOR372C,0,-6.1258945,0.09774982184171677,0.9950739145278931,0.9184728860855103
YNL133C,YLR450W,0,-6.1260223,0.09772617369890213,0.9950739145278931,0.9187192320823669
YNL133C,YDL223C,0,-6.1263657,0.09770254045724869,0.9950739145278931,0.9189655184745789
YPL267W,YKL213C,0,-6.1271772,0.09767891466617584,0.9950739145278931,0.9192118048667908
YML046W,YGL104C,0,-6.1278114,0.09765530377626419,0.9950739145278931,0.9194581508636475
YMR133W,YBR069C,0,-6.1278815,0.09763170778751373,0.9950739145278931,0.9197044372558594
YBR034C,YER118C,0,-6.1279383,0.09760811924934387,0.9950739145278931,0.9199507236480713
YKL206C,YHR143W,0,-6.128147,0.09758453816175461,0.9950739145278931,0.920197069644928
YGR278W,YHR092C,0,-6.1285915,0.09756097197532654,0.9950739145278931,0.9204433560371399
YMR200W,YPR102C,0,-6.132227,0.09753742069005966,0.9950739145278931,0.9206896424293518
YBL051C,YLR167W,0,-6.1332273,0.09751387685537338,0.9950739145278931,0.9209359884262085
YHR066W,YLR362W,0,-6.1345444,0.0974903479218483,0.9950739145278931,0.9211822748184204
YJL030W,YGR161C,0,-6.1353703,0.09746682643890381,0.9950739145278931,0.9214285612106323
YJL002C,YBR117C,0,-6.138866,0.09744331985712051,0.9950739145278931,0.9216748476028442
YPL028W,YFR001W,0,-6.139559,0.09741982072591782,0.9950739145278931,0.9219211935997009
YNL232W,YGR077C,0,-6.14037,0.09739633649587631,0.9950739145278931,0.9221674799919128
YDL153C,YLR362W,0,-6.143068,0.0973728597164154,0.9950739145278931,0.9224137663841248
YIL062C,YJR147W,0,-6.144308,0.09734939783811569,0.9950739145278931,0.9226601123809814
YER025W,YOR145C,0,-6.145101,0.09732594341039658,0.9950739145278931,0.9229063987731934
YER036C,YGL120C,0,-6.145363,0.09730250388383865,0.9950739145278931,0.9231526851654053
YDR516C,YPL175W,0,-6.146022,0.09727907180786133,0.9950739145278931,0.923399031162262
YLR167W,YAR003W,0,-6.1500206,0.0972556546330452,0.9950739145278931,0.9236453175544739
YLR390W-A,YNR003C,0,-6.1551795,0.09723225235939026,0.9950739145278931,0.9238916039466858
YJR047C,YCL011C,0,-6.156084,0.09720885753631592,0.9950739145278931,0.9241379499435425
YJR137C,YDR494W,0,-6.1567454,0.09718547016382217,0.9950739145278931,0.9243842363357544
YAL038W,YMR081C,0,-6.158066,0.09716209769248962,0.9950739145278931,0.9246305227279663
YOL077C,YJR153W,0,-6.159074,0.09713873267173767,0.9950739145278931,0.924876868724823
YOL077C,YGL022W,0,-6.1597023,0.09711538255214691,0.9950739145278931,0.9251231551170349
YNL015W,YPL214C,0,-6.160199,0.09709204733371735,0.9950739145278931,0.9253694415092468
YOR298W,YPL036W,0,-6.161022,0.09706871956586838,0.9950739145278931,0.9256157875061035
YDR113C,YJL080C,1,-6.164097,0.09728561341762543,0.9975369572639465,0.9256157875061035
YDR516C,YDR427W,0,-6.1651745,0.09726224839687347,0.9975369572639465,0.9258620738983154
YLR189C,YPL178W,0,-6.168674,0.09723889827728271,0.9975369572639465,0.9261083602905273
YDR184C,YML075C,0,-6.173705,0.09721555560827255,0.9975369572639465,0.926354706287384
YPL089C,YDR025W,0,-6.1792974,0.09719222784042358,0.9975369572639465,0.926600992679596
YER166W,YKL125W,0,-6.1798487,0.09716890752315521,0.9975369572639465,0.9268472790718079
YOL033W,YDL130W,0,-6.1827965,0.09714560210704803,0.9975369572639465,0.9270936250686646
YNL119W,YMR309C,0,-6.195086,0.09712230414152145,0.9975369572639465,0.9273399114608765
YDR384C,YOL111C,0,-6.1955404,0.09709901362657547,0.9975369572639465,0.9275861978530884
YOR363C,YLR075W,0,-6.1966753,0.09707574546337128,0.9975369572639465,0.9278324842453003
YAR015W,YLR189C,0,-6.197115,0.09705247730016708,0.9975369572639465,0.928078830242157
YML094W,YPR102C,0,-6.197798,0.09702923148870468,0.9975369572639465,0.9283251166343689
YDR513W,YER171W,0,-6.199181,0.09700598567724228,0.9975369572639465,0.9285714030265808
YLR150W,YPL120W,0,-6.1996937,0.09698276221752167,0.9975369572639465,0.9288177490234375
YER143W,YML046W,0,-6.200625,0.09695953875780106,0.9975369572639465,0.9290640354156494
YIL021W,YGR162W,0,-6.20132,0.09693633019924164,0.9975369572639465,0.9293103218078613
YHR123W,YIL007C,0,-6.201351,0.09691313654184341,0.9975369572639465,0.929556667804718
YER143W,YBL004W,0,-6.2025146,0.09688995033502579,0.9975369572639465,0.9298029541969299
YER036C,YKL143W,0,-6.203268,0.09686677902936935,0.9975369572639465,0.9300492405891418
YML130C,YLR449W,0,-6.2061768,0.09684361517429352,0.9975369572639465,0.9302955865859985
YGR193C,YHR065C,0,-6.207487,0.09682046622037888,0.9975369572639465,0.9305418729782104
YDR516C,YLR150W,0,-6.2083406,0.09679732471704483,0.9975369572639465,0.9307881593704224
YOR040W,YGR245C,0,-6.2134166,0.09677419066429138,0.9975369572639465,0.931034505367279
YML130C,YLR045C,0,-6.2135086,0.09675107151269913,0.9975369572639465,0.931280791759491
YLR210W,YHR190W,0,-6.2138186,0.09672796726226807,0.9975369572639465,0.9315270781517029
YGR005C,YOR054C,0,-6.215372,0.0967048704624176,0.9975369572639465,0.9317734241485596
YNL135C,YPL164C,0,-6.217223,0.09668178856372833,0.9975369572639465,0.9320197105407715
YOL100W,YHR066W,0,-6.2183094,0.09665871411561966,0.9975369572639465,0.9322659969329834
YMR303C,YOR259C,0,-6.218793,0.09663564711809158,0.9975369572639465,0.9325123429298401
YAL038W,YOR298W,0,-6.220145,0.0966125950217247,0.9975369572639465,0.932758629322052
YHR170W,YJL140W,0,-6.220381,0.09658955037593842,0.9975369572639465,0.9330049157142639
YAL059W,YPR041W,0,-6.223255,0.09656652063131332,0.9975369572639465,0.9332512021064758
YOL086C,YMR030W,0,-6.2250376,0.09654350578784943,0.9975369572639465,0.9334975481033325
YER172C,YOR348C,0,-6.2251067,0.09652049839496613,0.9975369572639465,0.9337438344955444
YGR206W,YGL120C,0,-6.2260413,0.09649749845266342,0.9975369572639465,0.9339901208877563
YIL085C,YHL024W,0,-6.226119,0.09647451341152191,0.9975369572639465,0.934236466884613
YNL177C,YGR245C,0,-6.2290974,0.096451535820961,0.9975369572639465,0.934482753276825
YDR523C,YMR302C,0,-6.2303,0.09642857313156128,0.9975369572639465,0.9347290396690369
YOL100W,YBR265W,0,-6.2307734,0.09640561789274216,0.9975369572639465,0.9349753856658936
YML118W,YPR088C,0,-6.231127,0.09638267755508423,0.9975369572639465,0.9352216720581055
YJL116C,YJR143C,0,-6.2334557,0.0963597446680069,0.9975369572639465,0.9354679584503174
YLR172C,YGL211W,0,-6.2347608,0.09633681923151016,0.9975369572639465,0.9357143044471741
YDL174C,YHR088W,0,-6.235372,0.09631390869617462,0.9975369572639465,0.935960590839386
YLR154C,YLR092W,0,-6.235957,0.09629101306200027,0.9975369572639465,0.9362068772315979
YOR120W,YLL036C,0,-6.2379537,0.09626812487840652,0.9975369572639465,0.9364532232284546
YOR317W,YLL036C,0,-6.2388926,0.09624524414539337,0.9975369572639465,0.9366995096206665
YLL008W,YPR193C,0,-6.2421556,0.09622237831354141,0.9975369572639465,0.9369457960128784
YDR384C,YDR299W,0,-6.243597,0.09619952738285065,0.9975369572639465,0.9371921420097351
YLR449W,YKR061W,0,-6.245966,0.09617667645215988,0.9975369572639465,0.937438428401947
YDR429C,YOR054C,0,-6.2485733,0.09615384787321091,0.9975369572639465,0.9376847147941589
YHR085W,YBR298C,0,-6.2497754,0.09613102674484253,0.9975369572639465,0.9379310607910156
YHR007C,YBR126C,0,-6.2500434,0.09610821306705475,0.9975369572639465,0.9381773471832275
YCR010C,YHR092C,0,-6.250373,0.09608540683984756,0.9975369572639465,0.9384236335754395
YMR303C,YOR381W,0,-6.2504835,0.09606261551380157,0.9975369572639465,0.9386699795722961
YGR289C,YNL015W,0,-6.2520638,0.09603983908891678,0.9975369572639465,0.9389162659645081
YDR513W,YJR143C,0,-6.2557144,0.09601707011461258,0.9975369572639465,0.93916255235672
YDR184C,YLR074C,0,-6.258106,0.09599430859088898,0.9975369572639465,0.9394088387489319
YGR238C,YHR069C,0,-6.26005,0.09597156196832657,0.9975369572639465,0.9396551847457886
YAR015W,YMR303C,0,-6.2713847,0.09594883024692535,0.9975369572639465,0.9399014711380005
YGR103W,YPR125W,0,-6.271716,0.09592609852552414,0.9975369572639465,0.9401477575302124
YJR047C,YMR299C,0,-6.2733226,0.09590338915586472,0.9975369572639465,0.9403941035270691
YML042W,YDL095W,0,-6.2737694,0.09588067978620529,0.9975369572639465,0.940640389919281
YIL062C,YML060W,0,-6.2761784,0.09585798531770706,0.9975369572639465,0.9408866763114929
YOR150W,YMR322C,0,-6.2819905,0.09583530575037003,0.9975369572639465,0.9411330223083496
YGR288W,YHL024W,0,-6.2825294,0.09581263363361359,0.9975369572639465,0.9413793087005615
YPL213W,YLR427W,0,-6.28323,0.09578996896743774,0.9975369572639465,0.9416255950927734
YLR172C,YJL106W,0,-6.284005,0.0957673192024231,0.9975369572639465,0.9418719410896301
YKL143W,YIL153W,0,-6.2851677,0.09574468433856964,0.9975369572639465,0.942118227481842
YKL026C,YNL313C,0,-6.286748,0.09572204947471619,0.9975369572639465,0.942364513874054
YPR176C,YDL153C,0,-6.2879696,0.09569942951202393,0.9975369572639465,0.9426108598709106
YFR047C,YNL292W,0,-6.288515,0.09567682445049286,0.9975369572639465,0.9428571462631226
YNL002C,YPL214C,0,-6.2894545,0.09565422683954239,0.9975369572639465,0.9431034326553345
YDR299W,YDR449C,0,-6.2913256,0.09563164412975311,0.9975369572639465,0.9433497786521912
YGR142W,YMR136W,0,-6.2938175,0.09560906887054443,0.9975369572639465,0.9435960650444031
YFR047C,YDL051W,0,-6.294916,0.09558650106191635,0.9975369572639465,0.943842351436615
YPR093C,YJR001W,0,-6.3053102,0.09556394815444946,0.9975369572639465,0.9440886974334717
YBR117C,YDL060W,0,-6.3072023,0.09554140269756317,0.9975369572639465,0.9443349838256836
YMR303C,YPR031W,0,-6.3080044,0.09551886469125748,0.9975369572639465,0.9445812702178955
YER056C,YJR052W,0,-6.309917,0.09549634158611298,0.9975369572639465,0.9448275566101074
YCR005C,YLR210W,0,-6.311797,0.09547383338212967,0.9975369572639465,0.9450739026069641
YJR047C,YPL178W,0,-6.31264,0.09545133262872696,0.9975369572639465,0.945320188999176
YOL077C,YHR108W,0,-6.3143935,0.09542883932590485,0.9975369572639465,0.9455664753913879
YMR135C,YDR212W,0,-6.3152475,0.09540636092424393,0.9975369572639465,0.9458128213882446
YJR047C,YEL020W-A,0,-6.316724,0.0953838899731636,0.9975369572639465,0.9460591077804565
YLR330W,YLR340W,0,-6.3185577,0.09536143392324448,0.9975369572639465,0.9463053941726685
YDR364C,YPL019C,0,-6.322332,0.09533898532390594,0.9975369572639465,0.9465517401695251
YOR317W,YOR116C,0,-6.3230586,0.09531654417514801,0.9975369572639465,0.9467980265617371
YDR294C,YHR066W,0,-6.323427,0.09529411792755127,0.9975369572639465,0.947044312953949
YPR108W,YDL130W,0,-6.3342304,0.09527169913053513,0.9975369572639465,0.9472906589508057
YJR137C,YDR246W,0,-6.34353,0.09524929523468018,0.9975369572639465,0.9475369453430176
YGR183C,YKR025W,0,-6.34398,0.09522689878940582,0.9975369572639465,0.9477832317352295
YJR052W,YDR429C,0,-6.34439,0.09520450979471207,0.9975369572639465,0.9480295777320862
YFR001W,YDR045C,0,-6.345211,0.0951821357011795,0.9975369572639465,0.9482758641242981
YJL013C,YKR025W,0,-6.3452616,0.09515977650880814,0.9975369572639465,0.94852215051651
YML075C,YLR196W,0,-6.3453045,0.09513741731643677,0.9975369572639465,0.9487684965133667
YKL013C,YNR003C,0,-6.3480024,0.09511508047580719,0.9975369572639465,0.9490147829055786
YGR257C,YPL196W,0,-6.3520308,0.09509274363517761,0.9975369572639465,0.9492610692977905
YJR047C,YNL314W,0,-6.3526673,0.09507042169570923,0.9975369572639465,0.9495074152946472
YER056C,YKR067W,0,-6.356454,0.09504810720682144,0.9975369572639465,0.9497537016868591
YER036C,YPL266W,0,-6.3609715,0.09502580761909485,0.9975369572639465,0.949999988079071
YNL156C,YJL138C,0,-6.3677816,0.09500351548194885,0.9975369572639465,0.9502463340759277
YNL163C,YDL201W,0,-6.37294,0.09498123824596405,0.9975369572639465,0.9504926204681396
YLR172C,YNL093W,0,-6.3765883,0.09495896846055984,0.9975369572639465,0.9507389068603516
YOL077C,YDR120C,0,-6.380929,0.09493670612573624,0.9975369572639465,0.9509851932525635
YMR058W,YBL011W,0,-6.384857,0.09491445869207382,0.9975369572639465,0.9512315392494202
YOR020C,YNR013C,0,-6.388916,0.094892218708992,0.9975369572639465,0.9514778256416321
YLR324W,YPL094C,0,-6.3889275,0.09486999362707138,0.9975369572639465,0.951724112033844
YML130C,YOR145C,0,-6.389398,0.09484777599573135,0.9975369572639465,0.9519704580307007
YGR142W,YOR298W,0,-6.390978,0.09482556581497192,0.9975369572639465,0.9522167444229126
YBR043C,YML024W,0,-6.3947496,0.09480337053537369,0.9975369572639465,0.9524630308151245
YOR173W,YKR035W-A,0,-6.397113,0.09478118270635605,0.9975369572639465,0.9527093768119812
YMR136W,YHR065C,0,-6.3977914,0.0947590097784996,0.9975369572639465,0.9529556632041931
YCL052C,YKL014C,0,-6.4015846,0.09473684430122375,0.9975369572639465,0.953201949596405
YDR121W,YIL125W,0,-6.402378,0.0947146862745285,0.9975369572639465,0.9534482955932617
YGL251C,YDL060W,0,-6.410218,0.09469254314899445,0.9975369572639465,0.9536945819854736
YDR513W,YBR069C,0,-6.410238,0.09467040747404099,0.9975369572639465,0.9539408683776855
YDR194C,YOR348C,0,-6.413583,0.09464827924966812,0.9975369572639465,0.9541872143745422
YKL213C,YDR060W,0,-6.416102,0.09462616592645645,0.9975369572639465,0.9544335007667542
YOR317W,YCR018C,0,-6.4225426,0.09460406750440598,0.9975369572639465,0.9546797871589661
YCL024W,YDR023W,0,-6.424891,0.0945819690823555,0.9975369572639465,0.9549261331558228
YLR449W,YFR050C,0,-6.429223,0.09455988556146622,0.9975369572639465,0.9551724195480347
YHR075C,YHL007C,0,-6.4308424,0.09453781694173813,0.9975369572639465,0.9554187059402466
YAL023C,YMR093W,0,-6.441655,0.09451575577259064,0.9975369572639465,0.9556650519371033
YLR449W,YOR020C,0,-6.442521,0.09449370205402374,0.9975369572639465,0.9559113383293152
YDR025W,YJR156C,0,-6.4437013,0.09447165578603745,0.9975369572639465,0.9561576247215271
YAR015W,YKL188C,0,-6.444336,0.09444962441921234,0.9975369572639465,0.956403911113739
YML060W,YGL104C,0,-6.4444375,0.09442760795354843,0.9975369572639465,0.9566502571105957
YDR342C,YHR066W,0,-6.445177,0.09440559148788452,0.9975369572639465,0.9568965435028076
YPR051W,YER103W,0,-6.4491243,0.0943835899233818,0.9975369572639465,0.9571428298950195
YML077W,YMR136W,0,-6.4501133,0.09436160326004028,0.9975369572639465,0.9573891758918762
YNL071W,YHR065C,0,-6.4518604,0.09433962404727936,0.9975369572639465,0.9576354622840881
YHR133C,YLL040C,0,-6.4525404,0.09431765228509903,0.9975369572639465,0.9578817486763
YKL120W,YNL002C,0,-6.453909,0.0942956954240799,0.9975369572639465,0.9581280946731567
YEL042W,YDR043C,0,-6.4546456,0.09427374601364136,0.9975369572639465,0.9583743810653687
YHL038C,YGR161C,0,-6.45556,0.09425180405378342,0.9975369572639465,0.9586206674575806
YNR043W,YPR101W,0,-6.4594946,0.09422987699508667,0.9975369572639465,0.9588670134544373
YGL191W,YIL121W,0,-6.4652944,0.09420795738697052,0.9975369572639465,0.9591132998466492
YIL052C,YBR080C,0,-6.4684706,0.09418604522943497,0.9975369572639465,0.9593595862388611
YBR084W,YOR363C,0,-6.477332,0.09416414797306061,0.9975369572639465,0.9596059322357178
YER062C,YOR116C,0,-6.480748,0.09414225816726685,0.9975369572639465,0.9598522186279297
YOR363C,YDL153C,0,-6.48382,0.09412038326263428,0.9975369572639465,0.9600985050201416
YER154W,YHR065C,0,-6.485381,0.0940985158085823,0.9975369572639465,0.9603448510169983
YDR512C,YDR516C,0,-6.4914694,0.09407665580511093,0.9975369572639465,0.9605911374092102
YDL223C,YLL004W,0,-6.4947147,0.09405481070280075,0.9975369572639465,0.9608374238014221
YGL253W,YKL125W,0,-6.4978156,0.09403297305107117,0.9975369572639465,0.9610837697982788
YAR015W,YLR362W,0,-6.497918,0.09401114284992218,0.9975369572639465,0.9613300561904907
YDR508C,YOR143C,0,-6.498705,0.09398932754993439,0.9975369572639465,0.9615763425827026
YJL179W,YHL024W,0,-6.503371,0.09396751970052719,0.9975369572639465,0.9618226885795593
YGR289C,YNL119W,0,-6.5060806,0.09394571930170059,0.9975369572639465,0.9620689749717712
YMR165C,YNL244C,0,-6.521073,0.09392393380403519,0.9975369572639465,0.9623152613639832
YJL140W,YOR116C,0,-6.52729,0.09390215575695038,0.9975369572639465,0.9625615477561951
YER062C,YDR004W,0,-6.52795,0.09388039261102676,0.9975369572639465,0.9628078937530518
YER062C,YDR412W,0,-6.543133,0.09385862946510315,0.9975369572639465,0.9630541801452637
YLR362W,YDL201W,0,-6.549709,0.09383688867092133,0.9975369572639465,0.9633004665374756
YOR317W,YER025W,0,-6.562154,0.0938151478767395,0.9975369572639465,0.9635468125343323
YLR451W,YBL064C,0,-6.5631814,0.09379342198371887,0.9975369572639465,0.9637930989265442
YNR007C,YPL050C,0,-6.564913,0.09377170354127884,0.9975369572639465,0.9640393853187561
YOL077C,YOR288C,0,-6.566238,0.09375,0.9975369572639465,0.9642857313156128
YJR047C,YNL283C,0,-6.567284,0.09372830390930176,0.9975369572639465,0.9645320177078247
YLL008W,YOR040W,0,-6.5680923,0.09370661526918411,0.9975369572639465,0.9647783041000366
YLL006W,YKL082C,0,-6.582495,0.09368494153022766,0.9975369572639465,0.9650246500968933
YDR384C,YIL121W,0,-6.582507,0.0936632752418518,0.9975369572639465,0.9652709364891052
YPL196W,YLR167W,0,-6.5843697,0.09364161640405655,0.9975369572639465,0.9655172228813171
YOL077C,YOR178C,0,-6.5862665,0.09361997246742249,0.9975369572639465,0.9657635688781738
YCL011C,YKL026C,0,-6.5889006,0.09359833598136902,0.9975369572639465,0.9660098552703857
YOR054C,YNL093W,0,-6.5908833,0.09357670694589615,0.9975369572639465,0.9662561416625977
YHL024W,YOR143C,0,-6.5950465,0.09355509281158447,0.9975369572639465,0.9665024876594543
YPL243W,YIL101C,0,-6.600878,0.0935334861278534,0.9975369572639465,0.9667487740516663
YPL217C,YDR342C,0,-6.6054792,0.09351189434528351,0.9975369572639465,0.9669950604438782
YNL119W,YBR035C,0,-6.607206,0.09349030256271362,0.9975369572639465,0.9672414064407349
YBR017C,YBR214W,0,-6.609947,0.09346872568130493,0.9975369572639465,0.9674876928329468
YPR176C,YLR074C,0,-6.626255,0.09344716370105743,0.9975369572639465,0.9677339792251587
YPR021C,YLR196W,0,-6.6279416,0.09342560917139053,0.9975369572639465,0.9679803252220154
YER143W,YPR143W,0,-6.63731,0.09340406209230423,0.9975369572639465,0.9682266116142273
YDR299W,YOR153W,0,-6.6394825,0.09338252246379852,0.9975369572639465,0.9684728980064392
YER062C,YMR247C,0,-6.6458735,0.09336099773645401,0.9975369572639465,0.9687191843986511
YDR516C,YNL066W,0,-6.652444,0.0933394804596901,0.9975369572639465,0.9689655303955078
YLR449W,YBL007C,0,-6.6534743,0.09331797063350677,0.9975369572639465,0.9692118167877197
YCR031C,YFL058W,0,-6.655778,0.09329647570848465,0.9975369572639465,0.9694581031799316
YAR014C,YMR136W,0,-6.672326,0.09327498823404312,0.9975369572639465,0.9697044491767883
YGR238C,YOL097C,0,-6.6738653,0.09325350821018219,0.9975369572639465,0.9699507355690002
YLR189C,YHR066W,0,-6.6763616,0.09323204308748245,0.9975369572639465,0.9701970219612122
YFR047C,YER002W,0,-6.679926,0.09321058541536331,0.9975369572639465,0.9704433679580688
YMR133W,YIL052C,0,-6.683489,0.09318914264440536,0.9975369572639465,0.9706896543502808
YNL156C,YKL082C,0,-6.6929884,0.09316769987344742,0.9975369572639465,0.9709359407424927
YBL064C,YDR303C,0,-6.696596,0.09314627200365067,0.9975369572639465,0.9711822867393494
YAL059W,YKL120W,0,-6.697037,0.0931248590350151,0.9975369572639465,0.9714285731315613
YOL065C,YKR025W,0,-6.6989317,0.09310344606637955,0.9975369572639465,0.9716748595237732
YMR303C,YDR138W,0,-6.706867,0.09308204799890518,0.9975369572639465,0.9719212055206299
YDR492W,YGL120C,0,-6.712169,0.09306066483259201,0.9975369572639465,0.9721674919128418
YKL026C,YJR043C,0,-6.7155814,0.09303928166627884,0.9975369572639465,0.9724137783050537
YNL073W,YOL125W,0,-6.7232723,0.09301791340112686,0.9975369572639465,0.9726601243019104
YLR080W,YLR340W,0,-6.7256403,0.09299655258655548,0.9975369572639465,0.9729064106941223
YDR339C,YGL181W,0,-6.733144,0.0929752066731453,0.9975369572639465,0.9731526970863342
YNR016C,YNL002C,0,-6.751018,0.0929538682103157,0.9975369572639465,0.9733990430831909
YDR060W,YLR324W,0,-6.7585406,0.09293253719806671,0.9975369572639465,0.9736453294754028
YJR105W,YBR214W,0,-6.7840624,0.09291122108697891,0.9975369572639465,0.9738916158676147
YGR112W,YNL066W,0,-6.7894497,0.09288990497589111,0.9975369572639465,0.9741379022598267
YCL038C,YMR309C,0,-6.791921,0.0928686112165451,0.9975369572639465,0.9743842482566833
YOL100W,YDR395W,0,-6.799575,0.0928473174571991,0.9975369572639465,0.9746305346488953
YLR172C,YPL214C,0,-6.801717,0.09282603859901428,0.9975369572639465,0.9748768210411072
YMR255W,YNL066W,0,-6.804517,0.09280476719141006,0.9975369572639465,0.9751231670379639
YDL209C,YOR317W,0,-6.804746,0.09278350323438644,0.9975369572639465,0.9753694534301758
YMR303C,YBR043C,0,-6.8305683,0.09276225417852402,0.9975369572639465,0.9756157398223877
YDL174C,YBR247C,0,-6.835539,0.09274101257324219,0.9975369572639465,0.9758620858192444
YLL006W,YGR103W,0,-6.83818,0.09271977841854095,0.9975369572639465,0.9761083722114563
YGR044C,YKR060W,0,-6.840931,0.09269855916500092,0.9975369572639465,0.9763546586036682
YHR170W,YHR066W,0,-6.847151,0.09267734736204147,0.9975369572639465,0.9766010046005249
YGR142W,YLR167W,0,-6.854276,0.09265614300966263,0.9975369572639465,0.9768472909927368
YLR189C,YGR162W,0,-6.8560247,0.09263494610786438,0.9975369572639465,0.9770935773849487
YDR069C,YMR309C,0,-6.877427,0.09261376410722733,0.9975369572639465,0.9773399233818054
YKL068W,YIL101C,0,-6.8797574,0.09259258955717087,0.9975369572639465,0.9775862097740173
YLR074C,YNL002C,0,-6.885335,0.0925714299082756,0.9975369572639465,0.9778324961662292
YLR074C,YIL125W,0,-6.8856354,0.09255027770996094,0.9975369572639465,0.9780788421630859
YAL059W,YOR145C,0,-6.8965144,0.09252913296222687,0.9975369572639465,0.9783251285552979
YDR264C,YBR214W,0,-6.8998113,0.0925079956650734,0.9975369572639465,0.9785714149475098
YDR513W,YHR069C,0,-6.903468,0.09248686581850052,0.9975369572639465,0.9788177609443665
YFR047C,YLL027W,0,-6.904563,0.09246575087308884,0.9975369572639465,0.9790640473365784
YLL001W,YIL019W,0,-6.907775,0.09244465082883835,0.9975369572639465,0.9793103337287903
YLR276C,YNL093W,0,-6.9096184,0.09242355078458786,0.9975369572639465,0.979556679725647
YNL163C,YGR161C,0,-6.91042,0.09240246564149857,0.9975369572639465,0.9798029661178589
YDL051W,YHR111W,0,-6.9106917,0.09238138794898987,0.9975369572639465,0.9800492525100708
YDR513W,YNL066W,0,-6.914378,0.09236031770706177,0.9975369572639465,0.9802955389022827
YKL120W,YIL101C,0,-6.9173956,0.09233926236629486,0.9975369572639465,0.9805418848991394
YDL024C,YMR136W,0,-6.925174,0.09231821447610855,0.9975369572639465,0.9807881712913513
YKL026C,YML046W,0,-6.926917,0.09229717403650284,0.9975369572639465,0.9810344576835632
YPR110C,YGR245C,0,-6.9296236,0.09227614849805832,0.9975369572639465,0.9812808036804199
YNL256W,YBL064C,0,-6.930168,0.0922551229596138,0.9975369572639465,0.9815270900726318
YMR303C,YJL179W,0,-6.93143,0.09223411232233047,0.9975369572639465,0.9817733764648438
YER062C,YIL115C,0,-6.9337654,0.09221311658620834,0.9975369572639465,0.9820197224617004
YML094W,YDR492W,0,-6.9355526,0.09219212085008621,0.9975369572639465,0.9822660088539124
YCR047C,YLR080W,0,-6.945773,0.09217114001512527,0.9975369572639465,0.9825122952461243
YDR492W,YGR253C,0,-6.9516478,0.09215017408132553,0.9975369572639465,0.982758641242981
YMR136W,YMR309C,0,-6.9616375,0.09212920814752579,0.9975369572639465,0.9830049276351929
YBR247C,YLR449W,0,-6.962864,0.09210825711488724,0.9975369572639465,0.9832512140274048
YGR231C,YDL060W,0,-6.970079,0.09208731353282928,0.9975369572639465,0.9834975600242615
YDR513W,YMR192W,0,-6.9727716,0.09206637740135193,0.9975369572639465,0.9837438464164734
YDR120C,YOR054C,0,-6.9756694,0.09204545617103577,0.9975369572639465,0.9839901328086853
YBL082C,YOR348C,0,-6.986801,0.0920245423913002,0.9975369572639465,0.984236478805542
YNL292W,YKL148C,0,-6.9877467,0.09200363606214523,0.9975369572639465,0.9844827651977539
YAL038W,YLR324W,0,-6.987907,0.09198273718357086,0.9975369572639465,0.9847290515899658
YDR429C,YGL104C,0,-7.0006275,0.09196185320615768,0.9975369572639465,0.9849753975868225
YDR512C,YHR206W,0,-7.00303,0.0919409766793251,0.9975369572639465,0.9852216839790344
YLR102C,YJL080C,1,-7.0162325,0.09214707463979721,1.0,0.9852216839790344
YER062C,YCR052W,0,-7.0451818,0.09212616086006165,1.0,0.9854679703712463
YPL266W,YLL008W,0,-7.0620146,0.09210526198148727,1.0,0.9857142567634583
YOR288C,YDR465C,0,-7.080562,0.0920843705534935,1.0,0.9859606027603149
YER036C,YCL052C,0,-7.101881,0.09206349402666092,1.0,0.9862068891525269
YHR190W,YLR409C,0,-7.1093965,0.09204261749982834,1.0,0.9864531755447388
YHL024W,YKL082C,0,-7.1124077,0.09202175587415695,1.0,0.9866995215415955
YLR075W,YJR156C,0,-7.115743,0.09200090914964676,1.0,0.9869458079338074
YPR193C,YGL225W,0,-7.1172304,0.09198006242513657,1.0,0.9871920943260193
YIL062C,YAL059W,0,-7.1426907,0.09195923060178757,1.0,0.987438440322876
YLR080W,YHR066W,0,-7.149684,0.09193840622901917,1.0,0.9876847267150879
YKL213C,YLR409C,0,-7.1703405,0.09191758930683136,1.0,0.9879310131072998
YML057W,YKL082C,0,-7.1809635,0.09189678728580475,1.0,0.9881773591041565
YLL008W,YML118W,0,-7.2046027,0.09187599271535873,1.0,0.9884236454963684
YKR039W,YDR508C,0,-7.231919,0.09185520559549332,1.0,0.9886699318885803
YIL125W,YKL082C,0,-7.233978,0.0918344259262085,1.0,0.988916277885437
YOR317W,YNL119W,0,-7.2412386,0.09181366115808487,1.0,0.9891625642776489
YCR005C,YOR145C,0,-7.2423954,0.09179290384054184,1.0,0.9894088506698608
YML042W,YIL110W,0,-7.2549844,0.0917721539735794,1.0,0.9896551966667175
YDR184C,YNL073W,0,-7.2598124,0.09175141155719757,1.0,0.9899014830589294
YDL024C,YLR150W,0,-7.2728066,0.09173068404197693,1.0,0.9901477694511414
YLR324W,YPR010C,0,-7.28123,0.09170996397733688,1.0,0.990394115447998
YMR136W,YOL097C,0,-7.3101234,0.09168925136327744,1.0,0.99064040184021
YIL019W,YNL156C,0,-7.31217,0.09166854619979858,1.0,0.9908866882324219
YEL024W,YDL060W,0,-7.31637,0.09164785593748093,1.0,0.9911330342292786
YIL125W,YDL153C,0,-7.316873,0.09162717312574387,1.0,0.9913793206214905
YOR173W,YMR127C,0,-7.343631,0.0916064977645874,1.0,0.9916256070137024
YBR084W,YBR126C,0,-7.3539457,0.09158582985401154,1.0,0.9918718934059143
YDL223C,YHR170W,0,-7.360758,0.09156517684459686,1.0,0.992118239402771
YIL007C,YOL097C,0,-7.3940144,0.09154453128576279,1.0,0.9923645257949829
YGR253C,YOR348C,0,-7.4129834,0.09152389317750931,1.0,0.9926108121871948
YLR449W,YKL141W,0,-7.4203477,0.09150326997041702,1.0,0.9928571581840515
YOR120W,YML094W,0,-7.4226565,0.09148264676332474,1.0,0.9931034445762634
YLR129W,YMR030W,0,-7.4241567,0.09146203845739365,1.0,0.9933497309684753
YHR123W,YNL036W,0,-7.4345164,0.09144144505262375,1.0,0.993596076965332
YOR173W,YER056C,0,-7.474352,0.09142085164785385,1.0,0.993842363357544
YBL015W,YDL201W,0,-7.4888067,0.09140027314424515,1.0,0.9940886497497559
YAL059W,YKL026C,0,-7.505192,0.09137970209121704,1.0,0.9943349957466125
YBL015W,YMR239C,0,-7.509614,0.09135913848876953,1.0,0.9945812821388245
YLR189C,YLR172C,0,-7.511378,0.09133858233690262,1.0,0.9948275685310364
YGL187C,YJL140W,0,-7.514624,0.0913180410861969,1.0,0.9950739145278931
YNR057C,YDR516C,0,-7.5185757,0.09129750728607178,1.0,0.995320200920105
YLR189C,YOR145C,0,-7.557324,0.09127698093652725,1.0,0.9955664873123169
YOR173W,YML074C,0,-7.5591993,0.09125646203756332,1.0,0.9958128333091736
YMR135C,YDR120C,0,-7.638404,0.09123595803976059,1.0,0.9960591197013855
YLR074C,YOR120W,0,-7.6498213,0.09121545404195786,1.0,0.9963054060935974
YIL125W,YPR110C,0,-7.7296076,0.09119496494531631,1.0,0.9965517520904541
YOR173W,YLR451W,0,-7.7422075,0.09117449074983597,1.0,0.996798038482666
YML060W,YPL196W,0,-7.8040695,0.09115401655435562,1.0,0.9970443248748779
YHR075C,YKL082C,0,-7.8259983,0.09113355726003647,1.0,0.9972906112670898
YLR129W,YNL015W,0,-7.845899,0.09111310541629791,1.0,0.9975369572639465
YOR173W,YOR207C,0,-7.884156,0.09109266102313995,1.0,0.9977832436561584
YJR059W,YDL153C,0,-7.973059,0.09107223153114319,1.0,0.9980295300483704
YDL051W,YNL015W,0,-8.183675,0.09105180203914642,1.0,0.998275876045227
YDR516C,YDR449C,0,-8.345482,0.09103138744831085,1.0,0.998522162437439
YLR276C,YOR348C,0,-8.371637,0.09101098775863647,1.0,0.9987684488296509
YDR465C,YBR126C,0,-8.3978195,0.0909905880689621,1.0,0.9990147948265076
YLR449W,YBL064C,0,-8.478241,0.09097019582986832,1.0,0.9992610812187195
YLR196W,YGR044C,0,-8.49497,0.09094981849193573,1.0,0.9995073676109314
YIL110W,YBL064C,0,-8.570337,0.09092944860458374,1.0,0.9997537136077881
YDL051W,YBR214W,0,-9.313166,0.09090909361839294,1.0,1.0
