Gene A,Gene B,Label,Score,Precision,Recall,False Positive Rate
YJL172W,YNL153C,1,30.611105,1.0,0.0009699321235530078,0.0
YPR103W,YLR178C,0,22.401169,0.5,0.0009699321235530078,0.0001003109646262601
YMR223W,YOL082W,1,22.153984,0.6666666865348816,0.0019398642471060157,0.0001003109646262601
YJR052W,YIL148W,1,20.72343,0.75,0.0029097963124513626,0.0001003109646262601
YBR169C,YMR214W,1,20.584072,0.800000011920929,0.0038797284942120314,0.0001003109646262601
YFL062W,YKR094C,1,19.934368,0.8333333134651184,0.0048496606759727,0.0001003109646262601
YIL097W,YKR094C,1,19.810707,0.8571428656578064,0.005819592624902725,0.0001003109646262601
YHR200W,YBR169C,1,19.352116,0.875,0.00678952457383275,0.0001003109646262601
YHL002W,YKR094C,1,18.204435,0.8888888955116272,0.007759456988424063,0.0001003109646262601
YGL121C,YOR198C,0,18.07864,0.800000011920929,0.007759456988424063,0.0002006219292525202
YPL154C,YNL153C,1,17.397514,0.8181818127632141,0.008729388937354088,0.0002006219292525202
YLL039C,YJL073W,1,17.347832,0.8333333134651184,0.0096993213519454,0.0002006219292525202
YPR103W,YDR258C,0,17.251444,0.7692307829856873,0.0096993213519454,0.0003009328793268651
YLL039C,YMR214W,1,17.160124,0.7857142686843872,0.010669252835214138,0.0003009328793268651
YCL044C,YGR135W,1,17.155434,0.800000011920929,0.01163918524980545,0.0003009328793268651
YDL095W,YMR135C,1,17.026726,0.8125,0.012609117664396763,0.0003009328793268651
YBR169C,YLR208W,1,16.501509,0.8235294222831726,0.0135790491476655,0.0003009328793268651
YFL044C,YBR101C,1,16.476282,0.8333333134651184,0.014548981562256813,0.0003009328793268651
YML024W,YPR185W,0,16.319757,0.7894737124443054,0.014548981562256813,0.0004012438585050404
YDR358W,YCL043C,1,16.169203,0.800000011920929,0.015518913976848125,0.0004012438585050404
YGL116W,YBR114W,1,16.121693,0.8095238208770752,0.016488846391439438,0.0004012438585050404
YCL039W,YPR103W,1,16.081194,0.8181818127632141,0.017458777874708176,0.0004012438585050404
YPL152W,YGR148C,0,15.935598,0.782608687877655,0.017458777874708176,0.0005015548085793853
YER012W,YDR273W,1,15.898436,0.7916666865348816,0.018428709357976913,0.0005015548085793853
YNR006W,YAL023C,1,15.824709,0.800000011920929,0.0193986427038908,0.0005015548085793853
YLR025W,YBR169C,1,15.790401,0.807692289352417,0.02036857418715954,0.0005015548085793853
YBR280C,YMR214W,1,15.708801,0.8148148059844971,0.021338505670428276,0.0005015548085793853
YDR139C,YJL048C,1,15.70242,0.8214285969734192,0.022308439016342163,0.0005015548085793853
YIL030C,YEL012W,1,15.6851635,0.8275862336158752,0.0232783704996109,0.0005015548085793853
YDR043C,YJL002C,0,15.664513,0.800000011920929,0.0232783704996109,0.0006018657586537302
YOR362C,YFL062W,1,15.452589,0.8064516186714172,0.02424830198287964,0.0006018657586537302
YBR114W,YKR094C,1,15.39484,0.8125,0.025218235328793526,0.0006018657586537302
YBL075C,YOR257W,1,15.095986,0.8181818127632141,0.026188166812062263,0.0006018657586537302
YPL106C,YOL013C,1,15.088201,0.8235294222831726,0.027158098295331,0.0006018657586537302
YFL062W,YLR216C,0,14.969343,0.800000011920929,0.027158098295331,0.0007021767669357359
YOR173W,YCL011C,0,14.908958,0.7777777910232544,0.027158098295331,0.0008024877170100808
YHR203C,YLR178C,0,14.8145,0.7567567825317383,0.027158098295331,0.0009027986670844257
YMR077C,YBR041W,1,14.784521,0.7631579041481018,0.02812803164124489,0.0009027986670844257
YBR126C,YOR234C,0,14.782986,0.7435897588729858,0.02812803164124489,0.0010031096171587706
YCL044C,YKL145W,1,14.553865,0.75,0.029097963124513626,0.0010031096171587706
YML092C,YKL010C,1,14.526548,0.7560975551605225,0.030067894607782364,0.0010031096171587706
YMR260C,YNL336W,0,14.517382,0.738095223903656,0.030067894607782364,0.0011034206254407763
YBR170C,YJL001W,1,14.504156,0.7441860437393188,0.03103782795369625,0.0011034206254407763
YHR196W,YLR178C,0,14.455862,0.7272727489471436,0.03103782795369625,0.0012037315173074603
YMR304W,YDR273W,1,14.417671,0.7333333492279053,0.03200776129961014,0.0012037315173074603
YJR117W,YER143W,1,14.405346,0.739130437374115,0.032977692782878876,0.0012037315173074603
YBR114W,YOR042W,1,14.258684,0.7446808218955994,0.033947624266147614,0.0012037315173074603
YMR171C,YJL048C,1,14.15169,0.75,0.03491755574941635,0.0012037315173074603
YFR010W,YLL024C,1,14.046328,0.7551020383834839,0.03588748723268509,0.0012037315173074603
YKL210W,YJL048C,1,14.02857,0.7599999904632568,0.03685741871595383,0.0012037315173074603
YGL001C,YLR174W,0,13.761536,0.7450980544090271,0.03685741871595383,0.001304042525589466
YIL017C,YGR135W,1,13.65792,0.75,0.03782735392451286,0.001304042525589466
YBR280C,YDL191W,0,13.59606,0.7358490824699402,0.03782735392451286,0.0014043535338714719
YJL034W,YLL039C,1,13.50613,0.7407407164573669,0.0387972854077816,0.0014043535338714719
YMR214W,YBL101C,0,13.488395,0.7272727489471436,0.0387972854077816,0.0015046644257381558
YOR362C,YJL048C,1,13.484512,0.7321428656578064,0.03976721689105034,0.0015046644257381558
YKL210W,YIL148W,1,13.4817,0.7368420958518982,0.04073714837431908,0.0015046644257381558
YNR006W,YBL075C,1,13.471237,0.7413793206214905,0.041707079857587814,0.0015046644257381558
YER054C,YJL138C,0,13.447115,0.7288135886192322,0.041707079857587814,0.0016049754340201616
YKL034W,YPL106C,1,13.412363,0.7333333492279053,0.04267701134085655,0.0016049754340201616
YFR050C,YBL022C,1,13.371328,0.7377049326896667,0.04364694654941559,0.0016049754340201616
YFR050C,YEL037C,1,13.315666,0.7419354915618896,0.044616878032684326,0.0016049754340201616
YPR108W,YBR158W,1,13.309666,0.7460317611694336,0.045586809515953064,0.0016049754340201616
YLR406C,YOR245C,0,13.303536,0.734375,0.045586809515953064,0.0017052864423021674
YDL095W,YGL227W,1,13.243347,0.7384615540504456,0.0465567409992218,0.0017052864423021674
YER116C,YKR094C,1,13.180686,0.7424242496490479,0.04752667248249054,0.0017052864423021674
YML092C,YFL062W,1,13.133016,0.746268630027771,0.04849660396575928,0.0017052864423021674
YFL062W,YGR184C,1,12.97567,0.75,0.049466539174318314,0.0017052864423021674
YKL091C,YJL177W,0,12.909736,0.739130437374115,0.049466539174318314,0.0018055973341688514
YBR280C,YPR103W,1,12.897083,0.7428571581840515,0.05043647065758705,0.0018055973341688514
YCL044C,YLR097C,1,12.834438,0.7464788556098938,0.05140640214085579,0.0018055973341688514
YBR126C,YMR067C,0,12.8197155,0.7361111044883728,0.05140640214085579,0.0019059083424508572
YDL190C,YBR170C,1,12.794493,0.7397260069847107,0.05237633362412453,0.0019059083424508572
YFR050C,YMR314W,1,12.767752,0.7432432174682617,0.053346265107393265,0.0019059083424508572
YIL117C,YLR406C,0,12.766743,0.7333333492279053,0.053346265107393265,0.002006219234317541
YIL097W,YBR173C,1,12.748995,0.7368420958518982,0.054316196590662,0.002006219234317541
YGR295C,YMR314W,1,12.71962,0.7402597665786743,0.05528613179922104,0.002006219234317541
YDR427W,YDR358W,1,12.677889,0.7435897588729858,0.05625606328248978,0.002006219234317541
YGR048W,YGR295C,1,12.655239,0.746835470199585,0.057225994765758514,0.002006219234317541
YOL115W,YLL039C,0,12.638818,0.737500011920929,0.057225994765758514,0.0021065303590148687
YIL017C,YJL001W,1,12.625973,0.7407407164573669,0.05819592624902725,0.0021065303590148687
YER021W,YMR314W,1,12.566575,0.7439024448394775,0.05916585773229599,0.0021065303590148687
YNL007C,YMR264W,1,12.565069,0.7469879388809204,0.06013578921556473,0.0021065303590148687
YMR171C,YEL012W,1,12.542372,0.75,0.061105724424123764,0.0021065303590148687
YAL023C,YDR255C,1,12.520824,0.7529411911964417,0.0620756559073925,0.0021065303590148687
YDR427W,YFL016C,1,12.436298,0.7558139562606812,0.06304558366537094,0.0021065303590148687
YGR048W,YFR010W,1,12.426294,0.7586206793785095,0.06401552259922028,0.0021065303590148687
YDL091C,YBL041W,1,12.422565,0.7613636255264282,0.06498545408248901,0.0021065303590148687
YCL044C,YKL010C,1,12.347671,0.7640449404716492,0.06595538556575775,0.0021065303590148687
YKL034W,YDL007W,1,12.329682,0.7666666507720947,0.06692531704902649,0.0021065303590148687
YDR411C,YLL039C,1,12.315373,0.7692307829856873,0.06789524853229523,0.0021065303590148687
YML092C,YGR135W,1,12.312601,0.77173912525177,0.06886518001556396,0.0021065303590148687
YCL033C,YML026C,0,12.299957,0.7634408473968506,0.06886518001556396,0.0022068412508815527
YFL025C,YEL012W,1,12.252289,0.7659574747085571,0.0698351114988327,0.0022068412508815527
YER068W,YBR105C,1,12.164375,0.7684210538864136,0.07080504298210144,0.0022068412508815527
YDR069C,YMR067C,1,12.134672,0.7708333134651184,0.07177497446537018,0.0022068412508815527
YGL116W,YNL336W,1,12.104315,0.7731958627700806,0.07274490594863892,0.0022068412508815527
YKL035W,YAR014C,0,12.0129,0.7653061151504517,0.07274490594863892,0.0023071521427482367
YEL012W,YMR214W,1,11.975653,0.7676767706871033,0.07371483743190765,0.0023071521427482367
YDL091C,YDR002W,1,11.971994,0.7699999809265137,0.07468476891517639,0.0023071521427482367
YFR052W,YGR048W,1,11.962489,0.7722772359848022,0.07565470784902573,0.0023071521427482367
YMR304W,YKR094C,1,11.930727,0.7745097875595093,0.07662463933229446,0.0023071521427482367
YPR108W,YEL052W,1,11.926715,0.7766990065574646,0.0775945708155632,0.0023071521427482367
YJR019C,YOR133W,0,11.911394,0.7692307829856873,0.0775945708155632,0.0024074630346149206
YPL154C,YKL041W,1,11.909704,0.7714285850524902,0.07856450229883194,0.0024074630346149206
YMR030W,YGL008C,0,11.9083,0.7641509175300598,0.07856450229883194,0.0025077741593122482
YBL075C,YMR314W,1,11.870001,0.7663551568984985,0.07953443378210068,0.0025077741593122482
YDR216W,YBR199W,0,11.852703,0.7592592835426331,0.07953443378210068,0.002608085051178932
YMR260C,YPL249C,0,11.841055,0.752293586730957,0.07953443378210068,0.002708395943045616
YCL039W,YPR131C,1,11.803942,0.7545454502105713,0.08050436526536942,0.002708395943045616
YFR010W,YDR059C,1,11.795988,0.7567567825317383,0.08147429674863815,0.002708395943045616
YIL017C,YBR105C,1,11.768569,0.7589285969734192,0.08244422823190689,0.002708395943045616
YGL121C,YLR022C,0,11.652641,0.752212405204773,0.08244422823190689,0.0028087070677429438
YNL067W,YKL035W,0,11.63218,0.7456140518188477,0.08244422823190689,0.0029090179596096277
YIL030C,YCL039W,1,11.630874,0.747826099395752,0.08341415971517563,0.0029090179596096277
YBR302C,YJL042W,0,11.583176,0.7413793206214905,0.08341415971517563,0.0030093288514763117
YBL058W,YNL336W,1,11.540436,0.7435897588729858,0.08438409119844437,0.0030093288514763117
YKL188C,YPR103W,0,11.539476,0.7372881174087524,0.08438409119844437,0.0031096399761736393
YGR048W,YER068W,1,11.442067,0.7394958138465881,0.0853540226817131,0.0031096399761736393
YCL044C,YEL037C,1,11.424065,0.7416666746139526,0.08632395416498184,0.0031096399761736393
YLR167W,YPL096W,1,11.410614,0.7438016533851624,0.08729389309883118,0.0031096399761736393
YKR086W,YLR178C,0,11.38299,0.7377049326896667,0.08729389309883118,0.0032099508680403233
YDL097C,YHR027C,1,11.337306,0.7398374080657959,0.08826382458209991,0.0032099508680403233
YPL037C,YNL009W,0,11.332422,0.7338709831237793,0.08826382458209991,0.0033102617599070072
YIR011C,YEL012W,1,11.329874,0.7360000014305115,0.08923375606536865,0.0033102617599070072
YDR058C,YOR007C,0,11.31732,0.7301587462425232,0.08923375606536865,0.003410572884604335
YDL095W,YKL010C,1,11.315383,0.7322834730148315,0.09020368754863739,0.003410572884604335
YDR177W,YBL041W,1,11.303085,0.734375,0.09117361903190613,0.003410572884604335
YBL058W,YLL024C,1,11.269396,0.7364341020584106,0.09214355051517487,0.003410572884604335
YHR216W,YJL137C,0,11.264915,0.7307692170143127,0.09214355051517487,0.003510883776471019
YGL003C,YJL073W,1,11.254385,0.732824444770813,0.0931134819984436,0.003510883776471019
YGR253C,YOR124C,1,11.254265,0.7348484992980957,0.09408341348171234,0.003510883776471019
YFR052W,YEL012W,1,11.242558,0.7368420958518982,0.09505334496498108,0.003510883776471019
YIL010W,YGL008C,0,11.240555,0.7313432693481445,0.09505334496498108,0.0036111946683377028
YPL065W,YAL023C,1,11.239607,0.7333333492279053,0.09602327644824982,0.0036111946683377028
YGR136W,YGR225W,1,11.211237,0.7352941036224365,0.09699320793151855,0.0036111946683377028
YJR117W,YLR097C,1,11.210793,0.7372262477874756,0.09796313941478729,0.0036111946683377028
YDL095W,YDR069C,1,11.199233,0.739130437374115,0.09893307834863663,0.0036111946683377028
YIL075C,YLL024C,1,11.191629,0.7410072088241577,0.09990300983190536,0.0036111946683377028
YAL023C,YNL336W,1,11.187646,0.7428571581840515,0.1008729413151741,0.0036111946683377028
YFL062W,YML007W,0,11.178513,0.73758864402771,0.1008729413151741,0.0037115055602043867
YOR261C,YDL095W,1,11.170007,0.7394366264343262,0.10184287279844284,0.0037115055602043867
YDR177W,YMR184W,1,11.168037,0.7412587404251099,0.10281280428171158,0.0037115055602043867
YJR161C,YER143W,1,11.160601,0.7430555820465088,0.10378273576498032,0.0037115055602043867
YEL011W,YIL129C,0,11.145559,0.7379310131072998,0.10378273576498032,0.0038118166849017143
YMR223W,YMR135C,1,11.135662,0.7397260069847107,0.10475266724824905,0.0038118166849017143
YLL024C,YHL030W,1,11.134447,0.7414966225624084,0.10572259873151779,0.0038118166849017143
YIL075C,YOR362C,1,11.131367,0.7432432174682617,0.10669253021478653,0.0038118166849017143
YFR052W,YDR394W,1,11.12432,0.744966447353363,0.10766246169805527,0.0038118166849017143
YBR158W,YLL024C,1,11.112985,0.746666669845581,0.108632393181324,0.0038118166849017143
YLR216C,YGR098C,0,11.108994,0.7417218685150146,0.108632393181324,0.003912127576768398
YJR052W,YMR223W,1,11.09187,0.7434210777282715,0.10960232466459274,0.003912127576768398
YJR047C,YDR043C,0,11.081561,0.7385621070861816,0.10960232466459274,0.004012438468635082
YBR280C,YMR247C,1,11.050642,0.7402597665786743,0.11057226359844208,0.004012438468635082
YML132W,YDR457W,1,11.045177,0.7419354915618896,0.11154219508171082,0.004012438468635082
YNL172W,YBR170C,1,11.04014,0.7435897588729858,0.11251212656497955,0.004012438468635082
YGL047W,YNL113W,0,11.01295,0.7388535141944885,0.11251212656497955,0.004112749360501766
YEL037C,YMR314W,1,11.005785,0.7405063509941101,0.11348205804824829,0.004112749360501766
YER068W,YFL062W,1,10.932068,0.7421383857727051,0.11445198953151703,0.004112749360501766
YBR077C,YNL067W,0,10.928277,0.737500011920929,0.11445198953151703,0.0042130607180297375
YPL154C,YMR314W,1,10.914396,0.739130437374115,0.11542192101478577,0.0042130607180297375
YGR253C,YBR173C,1,10.903763,0.7407407164573669,0.1163918524980545,0.0042130607180297375
YFR052W,YIL046W,1,10.899005,0.7423312664031982,0.11736178398132324,0.0042130607180297375
YGR136W,YOL054W,1,10.893875,0.7439024448394775,0.11833171546459198,0.0042130607180297375
YOL133W,YMR304W,1,10.875773,0.7454545497894287,0.11930164694786072,0.0042130607180297375
YOR249C,YAL005C,1,10.870897,0.7469879388809204,0.12027157843112946,0.0042130607180297375
YCL008C,YNL007C,1,10.859768,0.7485029697418213,0.1212415099143982,0.0042130607180297375
YDR430C,YFR004W,1,10.855951,0.75,0.12221144884824753,0.0042130607180297375
YCL052C,YNL064C,1,10.8376665,0.7514792680740356,0.12318138033151627,0.0042130607180297375
YCL038C,YJL138C,0,10.82687,0.7470588088035583,0.12318138033151627,0.004313371609896421
YNR006W,YKL210W,1,10.814194,0.7485380172729492,0.124151311814785,0.004313371609896421
YHR104W,YML007W,0,10.813255,0.7441860437393188,0.124151311814785,0.004413682501763105
YPL152W,YBR171W,0,10.804289,0.7398843765258789,0.124151311814785,0.004513993393629789
YDL097C,YFR010W,1,10.803461,0.7413793206214905,0.12512123584747314,0.004513993393629789
YJL172W,YGR135W,1,10.793666,0.7428571581840515,0.12609116733074188,0.004513993393629789
YIL075C,YFR010W,1,10.767065,0.7443181872367859,0.12706109881401062,0.004513993393629789
YPL152W,YNL069C,0,10.749371,0.7401130199432373,0.12706109881401062,0.004614304285496473
YLR340W,YGL013C,0,10.730806,0.7359550595283508,0.12706109881401062,0.004714615177363157
YKL041W,YLL039C,1,10.728577,0.7374301552772522,0.12803104519844055,0.004714615177363157
YMR077C,YDL091C,1,10.727381,0.7388888597488403,0.1290009766817093,0.004714615177363157
YCL039W,YFR010W,1,10.725622,0.7403314709663391,0.12997090816497803,0.004714615177363157
YMR223W,YGR295C,1,10.725617,0.7417582273483276,0.13094083964824677,0.004714615177363157
YPR103W,YGL047W,0,10.69994,0.7377049326896667,0.13094083964824677,0.004814926069229841
YPL020C,YER004W,0,10.663645,0.7336956262588501,0.13094083964824677,0.0049152374267578125
YJL177W,YCR079W,0,10.631967,0.7297297120094299,0.13094083964824677,0.0050155483186244965
YBR302C,YJL036W,0,10.627476,0.725806474685669,0.13094083964824677,0.00511585921049118
YGL121C,YBL027W,0,10.590746,0.7219251394271851,0.13094083964824677,0.005216170102357864
YDL091C,YIL017W,1,10.582191,0.7234042286872864,0.1319107711315155,0.005216170102357864
YDR394W,YIL097W,1,10.578741,0.7248677015304565,0.13288070261478424,0.005216170102357864
YHR104W,YNL229C,0,10.573887,0.7210526466369629,0.13288070261478424,0.005316480994224548
YCL044C,YDR330W,1,10.534914,0.7225130796432495,0.13385063409805298,0.005316480994224548
YOR362C,YOR256C,1,10.526249,0.7239583134651184,0.13482056558132172,0.005316480994224548
YBR173C,YBR105C,1,10.511634,0.7253885865211487,0.13579049706459045,0.005316480994224548
YJL001W,YDR002W,1,10.503425,0.7268041372299194,0.1367604285478592,0.005316480994224548
YKR094C,YBR273C,1,10.49766,0.728205144405365,0.13773036003112793,0.005316480994224548
YPR103W,YMR115W,1,10.471937,0.7295918464660645,0.13870029151439667,0.005316480994224548
YER169W,YLR178C,0,10.471642,0.7258883118629456,0.13870029151439667,0.005416791886091232
YGR136W,YMR100W,1,10.470161,0.7272727489471436,0.1396702229976654,0.005416791886091232
YMR276W,YIR011C,1,10.469464,0.7286432385444641,0.14064015448093414,0.005416791886091232
YLR378C,YGL227W,1,10.468217,0.7300000190734863,0.14161008596420288,0.005416791886091232
YPL096W,YER068W,1,10.461966,0.7313432693481445,0.14258001744747162,0.005416791886091232
YDR358W,YMR022W,1,10.437639,0.7326732873916626,0.14354994893074036,0.005416791886091232
YMR077C,YDR057W,1,10.416109,0.7339901328086853,0.1445198804140091,0.005416791886091232
YGR209C,YNL220W,0,10.403461,0.7303921580314636,0.1445198804140091,0.005517103243619204
YEL037C,YJL001W,1,10.354638,0.7317073345184326,0.14548981189727783,0.005517103243619204
YGR135W,YMR314W,1,10.343106,0.7330096960067749,0.14645974338054657,0.005517103243619204
YDR139C,YNL230C,1,10.329379,0.7342995405197144,0.1474296748638153,0.005517103243619204
YDR363W-A,YOL082W,1,10.327197,0.7355769276618958,0.14839960634708405,0.005517103243619204
YHR141C,YER004W,0,10.291695,0.7320573925971985,0.14839960634708405,0.0056174141354858875
YJL034W,YBL041W,1,10.288603,0.7333333492279053,0.14936953783035278,0.0056174141354858875
YIL148W,YBR273C,1,10.285017,0.7345971465110779,0.15033946931362152,0.0056174141354858875
YIL046W,YDL248W,1,10.284167,0.7358490824699402,0.15130941569805145,0.0056174141354858875
YNL008C,YJL197W,1,10.271655,0.737089216709137,0.1522793471813202,0.0056174141354858875
YGL011C,YHR019C,0,10.268543,0.7336448431015015,0.1522793471813202,0.0057177250273525715
YJL154C,YGR284C,0,10.258367,0.7302325367927551,0.1522793471813202,0.0058180359192192554
YBR280C,YLR024C,1,10.240517,0.7314814925193787,0.15324927866458893,0.0058180359192192554
YOR261C,YBR280C,1,10.240107,0.7327188849449158,0.15421921014785767,0.0058180359192192554
YPL176C,YOL038W,1,10.211161,0.7339449524879456,0.1551891416311264,0.0058180359192192554
YOR117W,YER143W,1,10.18392,0.7351598143577576,0.15615907311439514,0.0058180359192192554
YJL123C,YPL152W,0,10.152016,0.7318181991577148,0.15615907311439514,0.005918346811085939
YOL013C,YMR189W,0,10.140834,0.7285068035125732,0.15615907311439514,0.006018657702952623
YKL146W,YMR170C,0,10.134179,0.7252252101898193,0.15615907311439514,0.006118968594819307
YJR019C,YKL216W,0,10.131456,0.7219731211662292,0.15615907311439514,0.006219279952347279
YEL012W,YDR131C,1,10.119635,0.7232142686843872,0.15712900459766388,0.006219279952347279
YHL002W,YDL014W,0,10.115572,0.7200000286102295,0.15712900459766388,0.0063195908442139626
YNL159C,YDR049W,1,10.098814,0.721238911151886,0.15809893608093262,0.0063195908442139626
YKL091C,YOR362C,0,10.069071,0.7180616855621338,0.15809893608093262,0.0064199017360806465
YJL034W,YMR022W,1,10.068192,0.719298243522644,0.15906886756420135,0.0064199017360806465
YPR061C,YJL002C,0,10.065151,0.7161571979522705,0.15906886756420135,0.0065202126279473305
YJR102C,YER068W,1,10.056784,0.717391312122345,0.1600387990474701,0.0065202126279473305
YKL210W,YML132W,1,10.052961,0.7186146974563599,0.16100873053073883,0.0065202126279473305
YDR430C,YBR170C,1,10.047242,0.7198275923728943,0.16197866201400757,0.0065202126279473305
YJL048C,YDR177W,1,10.040886,0.721030056476593,0.1629485934972763,0.0065202126279473305
YPR108W,YJL149W,1,10.010031,0.7222222089767456,0.16391852498054504,0.0065202126279473305
YNR006W,YOR157C,1,9.995406,0.7234042286872864,0.16488845646381378,0.0065202126279473305
YJL197W,YOR157C,1,9.993853,0.7245762944221497,0.16585838794708252,0.0065202126279473305
YDR171W,YGL032C,0,9.990951,0.7215189933776855,0.16585838794708252,0.0066205235198140144
YIL075C,YPL052W,1,9.953111,0.7226890921592712,0.16682831943035126,0.0066205235198140144
YDL095W,YDR118W,1,9.953008,0.723849356174469,0.16779825091362,0.0066205235198140144
YFR050C,YMR077C,1,9.932266,0.7250000238418579,0.16876818239688873,0.0066205235198140144
YOL119C,YBR088C,0,9.912178,0.7219917178153992,0.16876818239688873,0.006720834411680698
YMR115W,YDR394W,1,9.912038,0.7231404781341553,0.16973811388015747,0.006720834411680698
YKL213C,YMR184W,1,9.906276,0.7242798209190369,0.1707080453634262,0.006720834411680698
YFR004W,YBR273C,1,9.879152,0.7254098653793335,0.17167797684669495,0.006720834411680698
YLR002C,YNL336W,0,9.869835,0.722449004650116,0.17167797684669495,0.00682114576920867
YDR427W,YOL082W,1,9.865932,0.7235772609710693,0.17264790832996368,0.00682114576920867
YOL060C,YDL147W,0,9.840714,0.7206477522850037,0.17264790832996368,0.006921456661075354
YMR276W,YKL002W,1,9.837593,0.7217742204666138,0.17361783981323242,0.006921456661075354
YDR427W,YOR157C,1,9.830144,0.7228915691375732,0.17458778619766235,0.006921456661075354
YMR115W,YFL062W,1,9.814579,0.7239999771118164,0.1755577176809311,0.006921456661075354
YDL132W,YFL062W,1,9.811149,0.7250996232032776,0.17652764916419983,0.006921456661075354
YKL002W,YOR362C,1,9.802084,0.726190447807312,0.17749758064746857,0.006921456661075354
YFL044C,YJR102C,1,9.789169,0.7272727489471436,0.1784675121307373,0.006921456661075354
YDR139C,YIL017C,1,9.782438,0.7283464670181274,0.17943744361400604,0.006921456661075354
YMR171C,YJR099W,1,9.78158,0.729411780834198,0.18040737509727478,0.006921456661075354
YFL044C,YER143W,1,9.779155,0.73046875,0.18137730658054352,0.006921456661075354
YNL209W,YML118W,0,9.760277,0.7276264429092407,0.18137730658054352,0.007021767552942038
YPL283C,YGR098C,0,9.757202,0.7248061895370483,0.18137730658054352,0.0071220784448087215
YIL075C,YLR025W,1,9.7426605,0.7258687019348145,0.18234723806381226,0.0071220784448087215
YMR223W,YHR027C,1,9.734556,0.7269230484962463,0.183317169547081,0.0071220784448087215
YLR064W,YGL153W,0,9.728195,0.7241379022598267,0.183317169547081,0.0072223893366754055
YHR098C,YMR197C,0,9.725809,0.7213740348815918,0.183317169547081,0.0073227002285420895
YCL039W,YNL230C,1,9.706524,0.7224334478378296,0.18428710103034973,0.0073227002285420895
YER094C,YLL039C,1,9.695629,0.7234848737716675,0.18525703251361847,0.0073227002285420895
YDR430C,YIL046W,1,9.695553,0.7245283126831055,0.1862269639968872,0.0073227002285420895
YOR173W,YLR216C,0,9.688929,0.7218044996261597,0.1862269639968872,0.007423011120408773
YKL010C,YBR290W,1,9.685362,0.7228464484214783,0.18719689548015594,0.007423011120408773
YDL010W,YNL327W,0,9.684988,0.7201492786407471,0.18719689548015594,0.007523322477936745
YPL154C,YFR004W,1,9.6722975,0.7211896181106567,0.18816682696342468,0.007523322477936745
YCL052C,YKL054C,1,9.666672,0.7222222089767456,0.18913675844669342,0.007523322477936745
YPR103W,YGL240W,1,9.622309,0.723247230052948,0.19010668992996216,0.007523322477936745
YOR362C,YDL139C,1,9.61841,0.7242646813392639,0.1910766214132309,0.007523322477936745
YLL039C,YOL034W,0,9.61514,0.721611738204956,0.1910766214132309,0.007623633369803429
YBR290W,YHR098C,0,9.611416,0.7189781069755554,0.1910766214132309,0.007723944261670113
YGR253C,YIL148W,1,9.595884,0.7200000286102295,0.19204655289649963,0.007723944261670113
YOR117W,YPR103W,1,9.592469,0.7210144996643066,0.19301648437976837,0.007723944261670113
YKR067W,YML130C,0,9.575747,0.7184115648269653,0.19301648437976837,0.007824255153536797
YGL130W,YLL039C,0,9.5722885,0.7158273458480835,0.19301648437976837,0.00792456604540348
YPL152W,YER021W,0,9.56888,0.7132616639137268,0.19301648437976837,0.008024876937270164
YJL034W,YDL008W,1,9.568627,0.7142857313156128,0.1939864158630371,0.008024876937270164
YBR280C,YMR100W,1,9.522955,0.7153024673461914,0.19495634734630585,0.008024876937270164
YJL048C,YMR314W,1,9.5225935,0.716312050819397,0.19592627882957458,0.008024876937270164
YOL068C,YLR178C,0,9.506872,0.71378093957901,0.19592627882957458,0.008125187829136848
YPL084W,YDR177W,1,9.5036125,0.7147887349128723,0.19689621031284332,0.008125187829136848
YDL132W,YER094C,1,9.480303,0.7157894968986511,0.19786615669727325,0.008125187829136848
YOR362C,YHR102W,0,9.473281,0.7132866978645325,0.19786615669727325,0.008225498721003532
YPL002C,YBR041W,1,9.465545,0.7142857313156128,0.198836088180542,0.008225498721003532
YPR103W,YOR100C,0,9.460848,0.7118055820465088,0.198836088180542,0.008325809612870216
YFR052W,YHR200W,1,9.455577,0.7128027677536011,0.19980601966381073,0.008325809612870216
YOR117W,YGR135W,1,9.451801,0.7137930989265442,0.20077595114707947,0.008325809612870216
YCL052C,YIL030C,1,9.439913,0.7147766351699829,0.2017458826303482,0.008325809612870216
YBL057C,YER143W,1,9.438414,0.715753436088562,0.20271581411361694,0.008325809612870216
YBR280C,YNL312W,0,9.423166,0.7133105993270874,0.20271581411361694,0.008426121436059475
YER035W,YAL042W,0,9.42304,0.7108843326568604,0.20271581411361694,0.008526432327926159
YLR240W,YDR037W,0,9.422489,0.7084745764732361,0.20271581411361694,0.008626743219792843
YML026C,YDL147W,0,9.422107,0.7060810923576355,0.20271581411361694,0.008727054111659527
YFR050C,YMR276W,1,9.410397,0.7070707082748413,0.20368574559688568,0.008727054111659527
YBR114W,YPL002C,1,9.409876,0.708053708076477,0.20465567708015442,0.008727054111659527
YPL081W,YOR005C,0,9.392319,0.7056856155395508,0.20465567708015442,0.00882736500352621
YOR361C,YEL060C,0,9.386265,0.70333331823349,0.20465567708015442,0.008927675895392895
YBR173C,YBL041W,1,9.382573,0.7043189406394958,0.20562560856342316,0.008927675895392895
YJL151C,YDR258C,0,9.375714,0.7019867300987244,0.20562560856342316,0.009027986787259579
YML092C,YOL054W,1,9.351434,0.7029703259468079,0.2065955400466919,0.009027986787259579
YCL008C,YDL095W,1,9.350041,0.7039473652839661,0.20756547152996063,0.009027986787259579
YLR097C,YMR184W,1,9.319258,0.7049180269241333,0.20853540301322937,0.009027986787259579
YJL034W,YDR394W,1,9.316325,0.7058823704719543,0.2095053344964981,0.009027986787259579
YNL007C,YGR135W,1,9.31481,0.7068403959274292,0.21047526597976685,0.009027986787259579
YGR209C,YML014W,0,9.307747,0.7045454382896423,0.21047526597976685,0.009128297679126263
YMR171C,YFL016C,1,9.288767,0.7055016160011292,0.21144519746303558,0.009128297679126263
YGL227W,YJL073W,1,9.284569,0.7064515948295593,0.21241512894630432,0.009128297679126263
YDR131C,YDR059C,1,9.267612,0.7073954939842224,0.21338506042957306,0.009128297679126263
YER021W,YKL010C,1,9.257815,0.7083333134651184,0.2143549919128418,0.009128297679126263
YER004W,YDL147W,0,9.257666,0.7060703039169312,0.2143549919128418,0.009228608570992947
YDR358W,YDR394W,1,9.256899,0.7070063948631287,0.21532492339611053,0.009228608570992947
YBR056W,YLR003C,0,9.255129,0.7047619223594666,0.21532492339611053,0.00932891946285963
YGR253C,YGR135W,1,9.243546,0.7056962251663208,0.21629485487937927,0.00932891946285963
YLR388W,YML007W,0,9.23663,0.7034700512886047,0.21629485487937927,0.009429230354726315
YPL081W,YNL009W,0,9.234823,0.7012578845024109,0.21629485487937927,0.009529541246592999
YDR001C,YGR261C,0,9.232107,0.6990595459938049,0.21629485487937927,0.009629852138459682
YMR121C,YER169W,0,9.223053,0.6968749761581421,0.21629485487937927,0.009730163961648941
YNL209W,YER018C,0,9.209554,0.6947040557861328,0.21629485487937927,0.009830474853515625
YDR030C,YGL048C,1,9.205843,0.695652186870575,0.217264786362648,0.009830474853515625
YDR139C,YOR042W,1,9.191293,0.6965944170951843,0.21823471784591675,0.009830474853515625
YJL034W,YLR207W,1,9.177954,0.6975308656692505,0.21920464932918549,0.009830474853515625
YGR209C,YLR275W,0,9.168117,0.6953846216201782,0.21920464932918549,0.009930785745382309
YIL040W,YDR258C,0,9.161091,0.6932515501976013,0.21920464932918549,0.010031096637248993
YFL016C,YGL048C,1,9.152818,0.6941896080970764,0.22017458081245422,0.010031096637248993
YGL011C,YGL121C,0,9.148931,0.6920731663703918,0.22017458081245422,0.010131407529115677
YBL057C,YNR006W,1,9.148254,0.6930091381072998,0.22114452719688416,0.010131407529115677
YKL035W,YLR275W,0,9.145779,0.6909090876579285,0.22114452719688416,0.01023171842098236
YIL075C,YML029W,1,9.142443,0.6918429136276245,0.2221144586801529,0.01023171842098236
YOR124C,YER143W,1,9.129494,0.6927710771560669,0.22308439016342163,0.01023171842098236
YDR221W,YLL039C,0,9.124054,0.6906906962394714,0.22308439016342163,0.010332029312849045
YGL141W,YHR204W,1,9.094554,0.6916167736053467,0.22405432164669037,0.010332029312849045
YBL058W,YMR077C,1,9.0938835,0.6925373077392578,0.2250242531299591,0.010332029312849045
YBR082C,YJR131W,1,9.077822,0.6934523582458496,0.22599418461322784,0.010332029312849045
YHR104W,YOR321W,0,9.066847,0.6913946866989136,0.22599418461322784,0.010432340204715729
YGR209C,YBR079C,0,9.06377,0.6893491148948669,0.22599418461322784,0.010532651096582413
YML026C,YLR133W,0,9.05044,0.6873156428337097,0.22599418461322784,0.010632961988449097
YIL156W,YPR103W,1,9.044701,0.6882352828979492,0.22696411609649658,0.010632961988449097
YMR304W,YLR208W,1,9.0323305,0.6891495585441589,0.22793404757976532,0.010632961988449097
YMR135C,YGL201C,0,9.022837,0.6871345043182373,0.22793404757976532,0.01073327288031578
YDR411C,YMR135C,1,9.011938,0.6880466341972351,0.22890397906303406,0.01073327288031578
YBL040C,YGL048C,0,9.008623,0.6860465407371521,0.22890397906303406,0.010833583772182465
YKL100C,YKR094C,1,9.004649,0.686956524848938,0.2298739105463028,0.010833583772182465
YFR050C,YGL240W,1,9.002272,0.6878612637519836,0.23084384202957153,0.010833583772182465
YFR050C,YLR097C,1,9.00203,0.6887608170509338,0.23181377351284027,0.010833583772182465
YJR161C,YLR417W,1,9.001132,0.6896551847457886,0.232783704996109,0.010833583772182465
YGR023W,YML026C,0,9.000057,0.68767911195755,0.232783704996109,0.010933894664049149
YOR329C,YDL191W,0,8.960695,0.6857143044471741,0.232783704996109,0.011034206487238407
YKL096W,YHR188C,0,8.950441,0.6837607026100159,0.232783704996109,0.011134517379105091
YHR200W,YNL230C,1,8.943393,0.6846590638160706,0.23375363647937775,0.011134517379105091
YDL190C,YKL041W,1,8.930328,0.6855524182319641,0.23472356796264648,0.011134517379105091
YNL071W,YLR421C,0,8.925297,0.6836158037185669,0.23472356796264648,0.011234828270971775
YBL022C,YOL038W,1,8.917736,0.6845070719718933,0.23569349944591522,0.011234828270971775
YIL097W,YOR257W,1,8.905319,0.6853932738304138,0.23666343092918396,0.011234828270971775
YPL065W,YPR103W,1,8.881679,0.686274528503418,0.2376333624124527,0.011234828270971775
YBR114W,YKL213C,1,8.879515,0.6871508359909058,0.23860329389572144,0.011234828270971775
YFL044C,YER068W,1,8.874831,0.688022255897522,0.23957322537899017,0.011234828270971775
YGL156W,YLR424W,0,8.872404,0.6861110925674438,0.23957322537899017,0.011335139162838459
YOR293W,YNL265C,0,8.865595,0.6842105388641357,0.23957322537899017,0.011435450054705143
YER021W,YGL166W,0,8.863559,0.6823204159736633,0.23957322537899017,0.011535760946571827
YOR261C,YIL005W,1,8.857117,0.6831955909729004,0.2405431568622589,0.011535760946571827
YOR128C,YCR083W,0,8.838732,0.6813187003135681,0.2405431568622589,0.011636071838438511
YBR114W,YML029W,1,8.836191,0.682191789150238,0.24151308834552765,0.011636071838438511
YCL052C,YMR264W,1,8.830489,0.6830601096153259,0.2424830198287964,0.011636071838438511
YGR003W,YAL005C,1,8.827353,0.6839237213134766,0.24345295131206512,0.011636071838438511
YDR430C,YPR108W,1,8.826759,0.6847826242446899,0.24442289769649506,0.011636071838438511
YPL176C,YGR135W,1,8.805583,0.6856368780136108,0.2453928291797638,0.011636071838438511
YDR191W,YGL156W,0,8.804203,0.683783769607544,0.2453928291797638,0.011736382730305195
YJR052W,YHR204W,1,8.803943,0.684636116027832,0.24636276066303253,0.011736382730305195
YJL034W,YPR103W,1,8.799045,0.6854838728904724,0.24733269214630127,0.011736382730305195
YGL116W,YBR273C,1,8.788645,0.6863270998001099,0.24830262362957,0.011736382730305195
YAL020C,YDR328C,1,8.7687645,0.6871657967567444,0.24927255511283875,0.011736382730305195
YIL075C,YNL230C,1,8.767512,0.6880000233650208,0.2502424716949463,0.011736382730305195
YKL059C,YMR314W,1,8.767445,0.688829779624939,0.2512124180793762,0.011736382730305195
YGL001C,YIL017C,0,8.721283,0.6870026588439941,0.2512124180793762,0.011836693622171879
YGL004C,YDR394W,1,8.716511,0.6878306865692139,0.25218233466148376,0.011836693622171879
YML130C,YPL124W,0,8.71534,0.6860158443450928,0.25218233466148376,0.011937004514038563
YDR058C,YDR432W,0,8.704689,0.6842105388641357,0.25218233466148376,0.012037315405905247
YDR358W,YBR290W,1,8.699351,0.6850393414497375,0.2531522810459137,0.012037315405905247
YER021W,YOL082W,1,8.693162,0.6858638525009155,0.25412219762802124,0.012037315405905247
YGR048W,YEL011W,0,8.68968,0.6840730905532837,0.25412219762802124,0.01213762629777193
YBL022C,YBR082C,1,8.667945,0.6848958134651184,0.25509214401245117,0.01213762629777193
YDR184C,YBR056W,0,8.664174,0.6831169128417969,0.25509214401245117,0.012237937189638615
YBR056W,YLR222C,0,8.647806,0.681347131729126,0.25509214401245117,0.012338249012827873
YLL052C,YOL058W,0,8.647147,0.6795865893363953,0.25509214401245117,0.012438559904694557
YBR258C,YAL005C,0,8.645439,0.6778350472450256,0.25509214401245117,0.012538870796561241
YER012W,YIL156W,1,8.637807,0.6786632537841797,0.2560620903968811,0.012538870796561241
YDR294C,YIL040W,0,8.636681,0.6769230961799622,0.2560620903968811,0.012639181688427925
YMR135C,YHR098C,0,8.6313305,0.6751918196678162,0.2560620903968811,0.012739492580294609
YJL042W,YOR234C,0,8.625323,0.6734693646430969,0.2560620903968811,0.012839803472161293
YOL088C,YPL079W,0,8.618484,0.6717557311058044,0.2560620903968811,0.012940114364027977
YNL186W,YMR170C,0,8.603144,0.6700507402420044,0.2560620903968811,0.013040425255894661
YLR417W,YCL039W,1,8.602673,0.6708860993385315,0.25703200697898865,0.013040425255894661
YOR261C,YBL057C,1,8.602019,0.6717171669006348,0.2580019533634186,0.013040425255894661
YFL007W,YBL041W,1,8.599426,0.6725440621376038,0.2589718699455261,0.013040425255894661
YPL096W,YOL038W,1,8.584506,0.6733668446540833,0.25994181632995605,0.013040425255894661
YKL213C,YMR314W,1,8.583285,0.6741854548454285,0.2609117329120636,0.013040425255894661
YGL121C,YNL327W,0,8.57136,0.6725000143051147,0.2609117329120636,0.013140736147761345
YFR004W,YOR007C,1,8.570571,0.6733167171478271,0.26188167929649353,0.013140736147761345
YNL064C,YJL042W,0,8.566788,0.6716417670249939,0.26188167929649353,0.013241047039628029
YMR304W,YNL153C,1,8.558482,0.6724565625190735,0.2628515958786011,0.013241047039628029
YFR036W,YDL091C,1,8.554521,0.6732673048973083,0.263821542263031,0.013241047039628029
YMR276W,YJR052W,1,8.551598,0.6740740537643433,0.26479145884513855,0.013241047039628029
YER100W,YDL091C,1,8.541611,0.674876868724823,0.2657614052295685,0.013241047039628029
YPR024W,YIL030C,1,8.515927,0.6756756901741028,0.266731321811676,0.013241047039628029
YLR024C,YFL062W,1,8.514744,0.6764705777168274,0.26770126819610596,0.013241047039628029
YFR051C,YPR061C,0,8.510614,0.6748166084289551,0.26770126819610596,0.013341357931494713
YLR417W,YML132W,1,8.507814,0.6756097674369812,0.2686711847782135,0.013341357931494713
YDR214W,YDL147W,0,8.503099,0.6739659309387207,0.2686711847782135,0.013441668823361397
YLR070C,YEL042W,0,8.501232,0.6723300814628601,0.2686711847782135,0.01354197971522808
YGL099W,YDR255C,0,8.492702,0.6707021594047546,0.2686711847782135,0.01364229153841734
YPR103W,YJL144W,1,8.487968,0.6714975833892822,0.26964113116264343,0.01364229153841734
YDL126C,YEL012W,1,8.479186,0.6722891330718994,0.270611047744751,0.01364229153841734
YNL064C,YMR022W,1,8.443218,0.6730769276618958,0.2715809941291809,0.01364229153841734
YDR030C,YDL248W,1,8.43609,0.6738609075546265,0.27255091071128845,0.01364229153841734
YIL156W,YDR273W,1,8.432665,0.6746411323547363,0.2735208570957184,0.01364229153841734
YNL007C,YML132W,1,8.429023,0.6754176616668701,0.2744907736778259,0.01364229153841734
YOR173W,YHR203C,0,8.402123,0.6738095283508301,0.2744907736778259,0.013742602430284023
YKL091C,YML046W,0,8.400344,0.6722090244293213,0.2744907736778259,0.013842913322150707
YMR260C,YPL015C,0,8.3975315,0.670616090297699,0.2744907736778259,0.013943224214017391
YHR200W,YAL005C,1,8.390836,0.6713948249816895,0.27546072006225586,0.013943224214017391
YLR378C,YOR007C,1,8.379492,0.6721698045730591,0.2764306366443634,0.013943224214017391
YGR275W,YBR229C,0,8.3774395,0.6705882549285889,0.2764306366443634,0.014043535105884075
YMR276W,YGL003C,1,8.372657,0.67136150598526,0.27740058302879333,0.014043535105884075
YGL011C,YOR157C,1,8.352819,0.6721311211585999,0.2783704996109009,0.014043535105884075
YJL151C,YLR275W,0,8.342822,0.6705607771873474,0.2783704996109009,0.014143845997750759
YNL209W,YOR035C,0,8.335533,0.6689976453781128,0.2783704996109009,0.014244156889617443
YOR007C,YML024W,0,8.333625,0.6674418449401855,0.2783704996109009,0.014344467781484127
YNL064C,YDL248W,1,8.321154,0.6682134866714478,0.2793404459953308,0.014344467781484127
YGL255W,YKL163W,0,8.317919,0.6666666865348816,0.2793404459953308,0.014444778673350811
YLR167W,YDR430C,1,8.31659,0.6674364805221558,0.28031039237976074,0.014444778673350811
YCR034W,YCR097W,0,8.31488,0.6658986210823059,0.28031039237976074,0.014545089565217495
YFR004W,YGL048C,1,8.314268,0.6666666865348816,0.2812803089618683,0.014545089565217495
YOR259C,YLR208W,1,8.305495,0.6674311757087708,0.2822502553462982,0.014545089565217495
YDL150W,YNL336W,0,8.30131,0.6659038662910461,0.2822502553462982,0.014645400457084179
YDL020C,YBL027W,0,8.297265,0.664383590221405,0.2822502553462982,0.014745711348950863
YOR249C,YLL039C,1,8.292317,0.6651480793952942,0.28322017192840576,0.014745711348950863
YNL316C,YML118W,0,8.292278,0.6636363863945007,0.28322017192840576,0.014846022240817547
YCR067C,YGR209C,0,8.290842,0.6621315479278564,0.28322017192840576,0.014946334064006805
YAL005C,YBL018C,0,8.290447,0.6606335043907166,0.28322017192840576,0.01504664495587349
YBR114W,YBR062C,1,8.288886,0.6613995432853699,0.2841901183128357,0.01504664495587349
YBL022C,YFR004W,1,8.280904,0.662162184715271,0.28516003489494324,0.01504664495587349
YGR135W,YJL073W,1,8.2802305,0.6629213690757751,0.28612998127937317,0.01504664495587349
YMR079W,YKL193C,0,8.26826,0.6614349484443665,0.28612998127937317,0.015146955847740173
YLR406C,YOR362C,0,8.233536,0.6599552631378174,0.28612998127937317,0.015247266739606857
YJL091C,YDL147W,0,8.233205,0.6584821343421936,0.28612998127937317,0.015347577631473541
YDL126C,YMR314W,1,8.231883,0.6592427492141724,0.2870998978614807,0.015347577631473541
YNL064C,YMR104C,0,8.230648,0.6577777862548828,0.2870998978614807,0.015447888523340225
YLR406C,YGL153W,0,8.220875,0.6563193202018738,0.2870998978614807,0.01554819941520691
YDL126C,YLR022C,0,8.220246,0.6548672318458557,0.2870998978614807,0.015648510307073593
YDL232W,YKL213C,0,8.210889,0.6534216403961182,0.2870998978614807,0.015748821198940277
YBR179C,YDR208W,0,8.204396,0.6519823670387268,0.2870998978614807,0.01584913209080696
YJL154C,YKL216W,0,8.190424,0.6505494713783264,0.2870998978614807,0.015949442982673645
YBR158W,YMR100W,1,8.1816435,0.6513158082962036,0.28806984424591064,0.015949442982673645
YFR052W,YDR177W,1,8.17941,0.6520787477493286,0.2890397608280182,0.015949442982673645
YGL011C,YGL048C,1,8.176797,0.652838408946991,0.2900097072124481,0.015949442982673645
YML130C,YER021W,0,8.175389,0.6514161229133606,0.2900097072124481,0.01604975387454033
YCR034W,YKL065C,0,8.160803,0.6499999761581421,0.2900097072124481,0.016150064766407013
YGR003W,YCL043C,1,8.142715,0.650759220123291,0.29097962379455566,0.016150064766407013
YMR161W,YMR121C,0,8.138862,0.649350643157959,0.29097962379455566,0.016250375658273697
YMR280C,YDR324C,0,8.133862,0.647948145866394,0.29097962379455566,0.01635068655014038
YGL001C,YDR163W,0,8.130107,0.6465517282485962,0.29097962379455566,0.016450997442007065
YJR099W,YFL025C,1,8.129163,0.647311806678772,0.2919495701789856,0.016450997442007065
YOR261C,YDR427W,1,8.121944,0.6480686664581299,0.29291948676109314,0.016450997442007065
YDL097C,YHR200W,1,8.118581,0.6488222479820251,0.29388943314552307,0.016450997442007065
YFR050C,YPL096W,1,8.116439,0.6495726704597473,0.2948593497276306,0.016450997442007065
YKL034W,YLR097C,1,8.101427,0.6503198146820068,0.29582929611206055,0.016450997442007065
YHL002W,YEL012W,1,8.093567,0.651063859462738,0.2967992126941681,0.016450997442007065
YDR219C,YDL007W,1,8.092319,0.6518046855926514,0.297769159078598,0.016450997442007065
YJR161C,YDL201W,0,8.086593,0.6504237055778503,0.297769159078598,0.01655130833387375
YHL033C,YNL009W,0,8.079266,0.6490486264228821,0.297769159078598,0.016651619225740433
YDL095W,YKL022C,1,8.0754795,0.649789035320282,0.29873907566070557,0.016651619225740433
YBR290W,YBR204C,0,8.071039,0.648421049118042,0.29873907566070557,0.016751930117607117
YMR115W,YOR124C,1,8.056062,0.6491596698760986,0.2997090220451355,0.016751930117607117
YGR157W,YOL039W,0,8.039215,0.6477987170219421,0.2997090220451355,0.01685224287211895
YKL145W,YHR108W,1,8.028985,0.6485355496406555,0.30067893862724304,0.01685224287211895
YOR362C,YGR013W,0,8.024467,0.6471816301345825,0.30067893862724304,0.016952553763985634
YMR247C,YBR158W,1,7.9990864,0.6479166746139526,0.301648885011673,0.016952553763985634
YER094C,YHR108W,1,7.9950294,0.6486486196517944,0.3026188313961029,0.016952553763985634
YLL015W,YBR154C,0,7.994924,0.6473029255867004,0.3026188313961029,0.017052864655852318
YNL067W,YLR256W,0,7.991827,0.6459627151489258,0.3026188313961029,0.017153175547719002
YOL097C,YJR099W,0,7.9707,0.64462810754776,0.3026188313961029,0.017253486439585686
YDR314C,YOL039W,0,7.9697275,0.6432989835739136,0.3026188313961029,0.01735379733145237
YOR128C,YML008C,0,7.9528923,0.6419752836227417,0.3026188313961029,0.017454108223319054
YGL011C,YNL116W,1,7.952052,0.6427104473114014,0.30358874797821045,0.017454108223319054
YBR126C,YGR109C,0,7.9451704,0.6413934230804443,0.30358874797821045,0.017554419115185738
YKL022C,YNL007C,1,7.942792,0.6421267986297607,0.3045586943626404,0.017554419115185738
YLR240W,YJR044C,0,7.936932,0.640816330909729,0.3045586943626404,0.01765473000705242
YGR209C,YGR261C,0,7.935689,0.639511227607727,0.3045586943626404,0.017755040898919106
YMR276W,YPL052W,1,7.9267855,0.6402438879013062,0.3055286109447479,0.017755040898919106
YDR057W,YBR062C,1,7.9243984,0.6409736275672913,0.30649855732917786,0.017755040898919106
YMR077C,YOR197W,1,7.916543,0.6417003870010376,0.3074684739112854,0.017755040898919106
YCL044C,YLR417W,1,7.912286,0.6424242258071899,0.30843842029571533,0.017755040898919106
YKL100C,YMR115W,1,7.911001,0.6431451439857483,0.3094083368778229,0.017755040898919106
YHR200W,YMR135C,1,7.908374,0.6438632011413574,0.3103782832622528,0.017755040898919106
YMR276W,YLR389C,1,7.9053206,0.6445783376693726,0.31134819984436035,0.017755040898919106
YML092C,YIL030C,1,7.9037275,0.6452905535697937,0.3123181462287903,0.017755040898919106
YML088W,YDR430C,1,7.898936,0.6460000276565552,0.3132880628108978,0.017755040898919106
YIL156W,YMR067C,1,7.8922186,0.6467065811157227,0.31425800919532776,0.017755040898919106
YNL153C,YGL003C,1,7.889494,0.6474103331565857,0.3152279257774353,0.017755040898919106
YNL097C,YGL012W,0,7.8815064,0.6461232900619507,0.3152279257774353,0.01785535179078579
YDR294C,YMR236W,0,7.87749,0.6448412537574768,0.3152279257774353,0.017955662682652473
YLR340W,YDL020C,0,7.870222,0.6435643434524536,0.3152279257774353,0.018055973574519157
YGR225W,YKL041W,1,7.8696566,0.6442687511444092,0.31619787216186523,0.018055973574519157
YDR221W,YOR362C,0,7.8688707,0.6429980397224426,0.31619787216186523,0.01815628446638584
YBL050W,YFL022C,0,7.865229,0.6417322754859924,0.31619787216186523,0.018256595358252525
YKL091C,YLR378C,0,7.8617907,0.6404715180397034,0.31619787216186523,0.01835690625011921
YBR127C,YLR178C,0,7.8405833,0.6392157077789307,0.31619787216186523,0.018457217141985893
YDR324C,YLR155C,0,7.8293266,0.6379647850990295,0.31619787216186523,0.018557528033852577
YML131W,YHL033C,0,7.8230295,0.63671875,0.31619787216186523,0.01865783892571926
YPR108W,YMR264W,1,7.8191147,0.6374269127845764,0.3171677887439728,0.01865783892571926
YDR219C,YNL230C,1,7.806327,0.6381322741508484,0.3181377351284027,0.01865783892571926
YKL124W,YGR184C,1,7.805586,0.6388349533081055,0.31910765171051025,0.01865783892571926
YOR190W,YPR181C,0,7.8005085,0.6375969052314758,0.31910765171051025,0.018758149817585945
YKL091C,YGR192C,0,7.788986,0.6363636255264282,0.31910765171051025,0.01885846070945263
YGR157W,YKR086W,0,7.788355,0.6351351141929626,0.31910765171051025,0.018958771601319313
YGL048C,YMR271C,0,7.787651,0.6339113712310791,0.31910765171051025,0.019059082493185997
YLR336C,YLR155C,0,7.7813377,0.6326923370361328,0.31910765171051025,0.01915939338505268
YDR427W,YBR290W,1,7.76503,0.6333973407745361,0.3200775980949402,0.01915939338505268
YFR052W,YOR257W,1,7.761115,0.6340996026992798,0.32104751467704773,0.01915939338505268
YBR298C,YDL191W,0,7.760012,0.6328871846199036,0.32104751467704773,0.019259704276919365
YGL008C,YLR119W,0,7.755085,0.6316794157028198,0.32104751467704773,0.01936001516878605
YCR069W,YER094C,0,7.75244,0.630476176738739,0.32104751467704773,0.019460327923297882
YOR362C,YEL003W,0,7.751047,0.6292775869369507,0.32104751467704773,0.019560638815164566
YGL004C,YER143W,1,7.7462234,0.6299810409545898,0.32201746106147766,0.019560638815164566
YMR170C,YDR450W,0,7.7377477,0.6287878751754761,0.32201746106147766,0.01966094970703125
YMR113W,YBR204C,0,7.731205,0.6275992393493652,0.32201746106147766,0.019761260598897934
YNL336W,YDL058W,0,7.727037,0.6264150738716125,0.32201746106147766,0.019861571490764618
YNL053W,YLR178C,0,7.7269797,0.625235378742218,0.32201746106147766,0.019961882382631302
YKL145W,YHR027C,1,7.7267914,0.6259398460388184,0.3229873776435852,0.019961882382631302
YKL146W,YFR004W,0,7.721183,0.6247654557228088,0.3229873776435852,0.020062193274497986
YHR204W,YBR062C,1,7.711647,0.6254681944847107,0.32395732402801514,0.020062193274497986
YIL023C,YFL016C,0,7.7102365,0.6242990493774414,0.32395732402801514,0.02016250416636467
YCR097W,YBL027W,0,7.7094727,0.6231343150138855,0.32395732402801514,0.020262815058231354
YEL063C,YJL036W,0,7.7065015,0.6219739317893982,0.32395732402801514,0.020363125950098038
YGL240W,YOR157C,1,7.7024126,0.6226765513420105,0.3249272406101227,0.020363125950098038
YPL065W,YKL210W,1,7.690433,0.6233766078948975,0.3258971869945526,0.020363125950098038
YFL044C,YKL054C,1,7.6896024,0.6240741014480591,0.32686713337898254,0.020363125950098038
YBL022C,YJR161C,1,7.687236,0.6247689723968506,0.3278370499610901,0.020363125950098038
YER073W,YBR014C,0,7.6871266,0.6236162185668945,0.3278370499610901,0.02046343684196472
YKL124W,YPR131C,1,7.686423,0.6243094205856323,0.32880699634552,0.02046343684196472
YDR219C,YJL048C,1,7.686353,0.625,0.32977691292762756,0.02046343684196472
YHR039C,YDR480W,0,7.6849985,0.6238532066345215,0.32977691292762756,0.020563747733831406
YBR056W,YOR133W,0,7.682542,0.622710645198822,0.32977691292762756,0.02066405862569809
YFL044C,YBR273C,1,7.6624007,0.6234003901481628,0.3307468593120575,0.02066405862569809
YIR034C,YJR014W,0,7.6537724,0.6222627758979797,0.3307468593120575,0.020764369517564774
YJR152W,YDR001C,0,7.651315,0.6211293339729309,0.3307468593120575,0.020864680409431458
YLL024C,YHR108W,1,7.6506724,0.6218181848526001,0.33171677589416504,0.020864680409431458
YLL039C,YJL100W,0,7.637287,0.6206896305084229,0.33171677589416504,0.02096499130129814
YLR224W,YBR273C,1,7.635457,0.6213768124580383,0.33268672227859497,0.02096499130129814
YML088W,YAL023C,1,7.6345596,0.6220614910125732,0.3336566388607025,0.02096499130129814
YGR284C,YLR022C,0,7.634037,0.6209385991096497,0.3336566388607025,0.021065302193164825
YOR245C,YPL249C,0,7.6323833,0.6198198199272156,0.3336566388607025,0.02116561308503151
YMR264W,YOR007C,1,7.628752,0.6205036044120789,0.33462658524513245,0.02116561308503151
YDR202C,YHR200W,0,7.625245,0.6193895936012268,0.33462658524513245,0.021265923976898193
YFR050C,YAL005C,1,7.6221666,0.6200717091560364,0.33559650182724,0.021265923976898193
YML130C,YDR294C,0,7.619993,0.6189624071121216,0.33559650182724,0.021366234868764877
YBR062C,YJL149W,1,7.608757,0.6196428537368774,0.3365664482116699,0.021366234868764877
YML029W,YBR170C,1,7.605231,0.6203208565711975,0.33753636479377747,0.021366234868764877
YDL052C,YNL336W,0,7.5974035,0.6192170977592468,0.33753636479377747,0.02146654576063156
YBR132C,YOR361C,0,7.5973663,0.6181172132492065,0.33753636479377747,0.021566856652498245
YLR341W,YKR046C,0,7.5938315,0.6170212626457214,0.33753636479377747,0.02166716754436493
YKL096W,YDL044C,0,7.581334,0.6159291863441467,0.33753636479377747,0.021767478436231613
YGR209C,YOR140W,0,7.580701,0.6148409843444824,0.33753636479377747,0.021867789328098297
YDR307W,YOR245C,0,7.5802145,0.6137565970420837,0.33753636479377747,0.02196810021996498
YGL004C,YBR062C,1,7.5781064,0.6144366264343262,0.3385063111782074,0.02196810021996498
YDL008W,YMR115W,1,7.575552,0.6151142120361328,0.33947622776031494,0.02196810021996498
YKL010C,YAL005C,1,7.574969,0.6157894730567932,0.3404461741447449,0.02196810021996498
YPL024W,YBL027W,0,7.5718536,0.6147110462188721,0.3404461741447449,0.022068412974476814
YPL002C,YBR105C,1,7.569105,0.6153846383094788,0.3414160907268524,0.022068412974476814
YKL096W,YPR079W,0,7.566724,0.614310622215271,0.3414160907268524,0.022168723866343498
YKR098C,YLR340W,0,7.5655875,0.6132404208183289,0.3414160907268524,0.022269034758210182
YFR036W,YDR177W,1,7.5625014,0.6139130592346191,0.34238603711128235,0.022269034758210182
YER021W,YOR293W,0,7.557107,0.6128472089767456,0.34238603711128235,0.022369345650076866
YLR378C,YMR068W,0,7.5560675,0.6117851138114929,0.34238603711128235,0.02246965654194355
YNL209W,YER094C,0,7.5548687,0.6107266545295715,0.34238603711128235,0.022569967433810234
YBL058W,YER098W,1,7.5531807,0.6113989353179932,0.3433559536933899,0.022569967433810234
YGL022W,YPL057C,0,7.5492034,0.6103448271751404,0.3433559536933899,0.022670278325676918
YMR115W,YDR131C,1,7.54758,0.6110154986381531,0.3443259000778198,0.022670278325676918
YOR307C,YJR125C,0,7.538567,0.6099656224250793,0.3443259000778198,0.022770589217543602
YFR010W,YDR219C,1,7.538246,0.6106346249580383,0.34529581665992737,0.022770589217543602
YLL024C,YDR131C,1,7.5302877,0.6113013625144958,0.3462657630443573,0.022770589217543602
YCL047C,YBR201W,1,7.528837,0.6119658350944519,0.34723567962646484,0.022770589217543602
YOR261C,YLR421C,1,7.5256615,0.6126279830932617,0.3482056260108948,0.022770589217543602
YBR126C,YNL099C,0,7.5252514,0.6115843057632446,0.3482056260108948,0.022870900109410286
YDL168W,YOR367W,0,7.524469,0.6105442047119141,0.3482056260108948,0.02297121100127697
YLR155C,YOR344C,0,7.522366,0.6095076203346252,0.3482056260108948,0.023071521893143654
YCR069W,YMR067C,0,7.5217915,0.6084745526313782,0.3482056260108948,0.023171832785010338
YHL002W,YBR169C,1,7.5146255,0.6091370582580566,0.3491755723953247,0.023171832785010338
YHR200W,YOR007C,1,7.5126534,0.6097972989082336,0.35014548897743225,0.023171832785010338
YGL121C,YLR210W,0,7.504852,0.6087689995765686,0.35014548897743225,0.023272143676877022
YGL004C,YMR184W,1,7.5009336,0.6094276309013367,0.3511154353618622,0.023272143676877022
YDR427W,YLR421C,1,7.500885,0.610084056854248,0.3520853519439697,0.023272143676877022
YER100W,YDL126C,1,7.483782,0.6107382774353027,0.35305529832839966,0.023272143676877022
YBL016W,YGR289C,0,7.4826946,0.6097152233123779,0.35305529832839966,0.023372454568743706
YDR349C,YMR067C,0,7.481998,0.6086956262588501,0.35305529832839966,0.02347276546061039
YGL013C,YNL097C,0,7.475918,0.6076794862747192,0.35305529832839966,0.023573076352477074
YNR049C,YBR008C,0,7.4695654,0.6066666841506958,0.35305529832839966,0.023673387244343758
YBR280C,YFL025C,1,7.4647236,0.6073211431503296,0.3540252149105072,0.023673387244343758
YLL039C,YML111W,0,7.4534483,0.6063122749328613,0.3540252149105072,0.02377369813621044
YHR043C,YBR104W,0,7.452506,0.6053068041801453,0.3540252149105072,0.023874009028077126
YFR050C,YDL008W,1,7.4510546,0.6059602499008179,0.35499516129493713,0.023874009028077126
YML118W,YML014W,0,7.4468827,0.6049586534500122,0.35499516129493713,0.02397431991994381
YKL213C,YJL002C,0,7.443976,0.603960394859314,0.35499516129493713,0.024074630811810493
YGR136W,YDR430C,1,7.441059,0.6046128273010254,0.3559650778770447,0.024074630811810493
YDR214W,YJL111W,0,7.439912,0.6036184430122375,0.3559650778770447,0.024174941703677177
YFL062W,YBR008C,0,7.4389515,0.6026272773742676,0.3559650778770447,0.02427525259554386
YMR161W,YER042W,0,7.436288,0.6016393303871155,0.3559650778770447,0.024375563487410545
YGR148C,YJL093C,0,7.43036,0.600654661655426,0.3559650778770447,0.02447587437927723
YPR024W,YER068W,1,7.429615,0.601307213306427,0.3569350242614746,0.02447587437927723
YDR030C,YJR052W,1,7.4265633,0.6019575595855713,0.35790494084358215,0.02447587437927723
YGR048W,YLR127C,1,7.4137945,0.6026058793067932,0.3588748872280121,0.02447587437927723
YER003C,YCL040W,0,7.4113054,0.6016260385513306,0.3588748872280121,0.024576185271143913
YOR259C,YDR002W,1,7.409033,0.6022727489471436,0.35984480381011963,0.024576185271143913
YOR328W,YOR293W,0,7.4086847,0.601296603679657,0.35984480381011963,0.024676498025655746
YMR119W,YEL037C,1,7.40485,0.6019417643547058,0.36081475019454956,0.024676498025655746
YLR352W,YDR059C,1,7.402006,0.6025848388671875,0.3617846667766571,0.024676498025655746
YKL100C,YBL041W,1,7.3999786,0.603225827217102,0.36275461316108704,0.024676498025655746
YOR328W,YER021W,0,7.3941402,0.6022544503211975,0.36275461316108704,0.02477680891752243
YKR080W,YNL125C,0,7.3926363,0.6012861728668213,0.36275461316108704,0.024877119809389114
YGR108W,YFR004W,0,7.3899355,0.6003210544586182,0.36275461316108704,0.0249774307012558
YPR108W,YJL197W,1,7.3839226,0.6009615659713745,0.3637245297431946,0.0249774307012558
YER144C,YOR007C,1,7.3824263,0.6015999913215637,0.3646944761276245,0.0249774307012558
YMR171C,YDL139C,1,7.3746004,0.6022364497184753,0.36566439270973206,0.0249774307012558
YGL184C,YLR298C,0,7.360321,0.6012759208679199,0.36566439270973206,0.025077741593122482
YOR336W,YOR259C,1,7.3564086,0.6019108295440674,0.366634339094162,0.025077741593122482
YDR139C,YGL116W,1,7.352524,0.6025437116622925,0.36760425567626953,0.025077741593122482
YKL059C,YDL132W,1,7.3520923,0.60317462682724,0.36857420206069946,0.025077741593122482
YGL017W,YBR114W,1,7.3514214,0.6038035154342651,0.369544118642807,0.025077741593122482
YDR450W,YOL058W,0,7.3503933,0.6028481125831604,0.369544118642807,0.025178052484989166
YMR022W,YLR057W,1,7.3386765,0.6034755110740662,0.37051406502723694,0.025178052484989166
YBL040C,YDL132W,0,7.3371253,0.602523684501648,0.37051406502723694,0.02527836337685585
YIL005W,YMR067C,1,7.328561,0.6031495928764343,0.3714839816093445,0.02527836337685585
YJR117W,YMR247C,1,7.327233,0.6037735939025879,0.3724539279937744,0.02527836337685585
YPL047W,YBR126C,0,7.3233795,0.6028257608413696,0.3724539279937744,0.025378674268722534
YEL052W,YOR157C,1,7.3122873,0.6034482717514038,0.37342387437820435,0.025378674268722534
YLR127C,YOR157C,1,7.310641,0.6040688753128052,0.3743937909603119,0.025378674268722534
YML088W,YCL052C,1,7.2930675,0.604687511920929,0.3753637373447418,0.025378674268722534
YJR117W,YOR249C,1,7.291258,0.6053042411804199,0.37633365392684937,0.025378674268722534
YLR207W,YPR103W,1,7.2900825,0.6059190034866333,0.3773036003112793,0.025378674268722534
YPL152W,YEL042W,0,7.287666,0.6049766540527344,0.3773036003112793,0.025478985160589218
YLR372W,YHR152W,0,7.2841864,0.6040372848510742,0.3773036003112793,0.025579296052455902
YGL048C,YDR294C,0,7.265175,0.6031007766723633,0.3773036003112793,0.025679606944322586
YKL041W,YJR131W,1,7.2525964,0.603715181350708,0.37827351689338684,0.025679606944322586
YOR261C,YGL058W,1,7.25243,0.6043276786804199,0.3792434632778168,0.025679606944322586
YML088W,YMR314W,1,7.2494392,0.604938268661499,0.3802133798599243,0.025679606944322586
YPL065W,YDR059C,1,7.245391,0.6055470108985901,0.38118332624435425,0.025679606944322586
YLR262C,YML029W,0,7.2360277,0.6046153903007507,0.38118332624435425,0.02577991783618927
YIL075C,YDR427W,1,7.2356725,0.605222761631012,0.3821532428264618,0.02577991783618927
YML092C,YNL064C,1,7.2277975,0.6058282256126404,0.3831231892108917,0.02577991783618927
YGL156W,YDL236W,0,7.217325,0.6049004793167114,0.3831231892108917,0.025880228728055954
YBR126C,YGL166W,0,7.2117405,0.6039755344390869,0.3831231892108917,0.025980539619922638
YIL117C,YAL009W,0,7.2116494,0.6030534505844116,0.3831231892108917,0.026080850511789322
YLR352W,YFR004W,1,7.2079077,0.6036585569381714,0.38409310579299927,0.026080850511789322
YOR336W,YDL097C,1,7.205945,0.6042618155479431,0.3850630521774292,0.026080850511789322
YBR082C,YKL054C,1,7.2050295,0.6048632264137268,0.38603296875953674,0.026080850511789322
YPL176C,YNL123W,1,7.1956744,0.6054628491401672,0.3870029151439667,0.026080850511789322
YDR139C,YDR059C,1,7.1893387,0.6060606241226196,0.3879728317260742,0.026080850511789322
YMR170C,YAR014C,0,7.1870527,0.6051437258720398,0.3879728317260742,0.026181161403656006
YMR214W,YJR125C,0,7.185339,0.6042296290397644,0.3879728317260742,0.02628147229552269
YHR039C,YGL044C,0,7.18525,0.6033182740211487,0.3879728317260742,0.026381783187389374
YHR143W-A,YLR155C,0,7.1820393,0.6024096608161926,0.3879728317260742,0.026482094079256058
YLR408C,YOR141C,0,7.18192,0.6015037298202515,0.3879728317260742,0.02658240497112274
YPR108W,YDR328C,1,7.149672,0.6021021008491516,0.38894277811050415,0.02658240497112274
YCL039W,YKL041W,1,7.148057,0.6026986241340637,0.3899126946926117,0.02658240497112274
YBR133C,YGL121C,0,7.1477833,0.6017963886260986,0.3899126946926117,0.026682715862989426
YIL017C,YJR102C,1,7.1447115,0.6023916006088257,0.3908826410770416,0.026682715862989426
YHL030W,YOL013C,1,7.1413584,0.6029850840568542,0.39185255765914917,0.026682715862989426
YJR117W,YMR184W,1,7.1388445,0.6035767793655396,0.3928225040435791,0.026682715862989426
YMR268C,YDR258C,0,7.137866,0.6026785969734192,0.3928225040435791,0.02678302675485611
YKL086W,YGR261C,0,7.1342173,0.601783037185669,0.3928225040435791,0.026883337646722794
YPR107C,YDL147W,0,7.1318173,0.6008902192115784,0.3928225040435791,0.026983648538589478
YFL009W,YOR362C,1,7.131319,0.6014814972877502,0.39379242062568665,0.026983648538589478
YAL005C,YOR339C,1,7.128317,0.6020709872245789,0.3947623670101166,0.026983648538589478
YHR104W,YPL005W,0,7.115658,0.60118168592453,0.3947623670101166,0.02708395943045616
YBR280C,YGL020C,0,7.1099424,0.6002950072288513,0.3947623670101166,0.027184270322322845
YOL038W,YMR022W,1,7.1091366,0.6008836627006531,0.3957323133945465,0.027184270322322845
YPR075C,YPL212C,0,7.1016026,0.6000000238418579,0.3957323133945465,0.02728458307683468
YGL004C,YFR010W,1,7.082056,0.6005873680114746,0.39670222997665405,0.02728458307683468
YKL124W,YDR177W,1,7.080205,0.6011730432510376,0.397672176361084,0.02728458307683468
YDR030C,YNL230C,1,7.074035,0.6017569303512573,0.39864209294319153,0.02728458307683468
YDR171W,YJR017C,0,7.068056,0.6008771657943726,0.39864209294319153,0.027384893968701363
YDR058C,YOR303W,0,7.06695,0.6000000238418579,0.39864209294319153,0.027485204860568047
YEL060C,YNL125C,0,7.066842,0.5991253852844238,0.39864209294319153,0.02758551575243473
YLR406C,YLR431C,0,7.057157,0.5982532501220703,0.39864209294319153,0.027685826644301414
YLR376C,YGL234W,0,7.045534,0.5973837375640869,0.39864209294319153,0.0277861375361681
YHL002W,YMR067C,1,7.044959,0.5979680418968201,0.39961203932762146,0.0277861375361681
YBL057C,YPL002C,1,7.04224,0.5985507369041443,0.400581955909729,0.0277861375361681
YLR378C,YDR177W,1,7.040312,0.59913170337677,0.40155190229415894,0.0277861375361681
YKL091C,YJL036W,0,7.0311213,0.5982658863067627,0.40155190229415894,0.027886448428034782
YER006W,YOL060C,0,7.029209,0.5974025726318359,0.40155190229415894,0.027986759319901466
YDR349C,YDR043C,0,7.0260973,0.5965417623519897,0.40155190229415894,0.02808707021176815
YDR432W,YJL137C,0,7.025401,0.5956834554672241,0.40155190229415894,0.028187381103634834
YJR047C,YNL265C,0,7.0150223,0.5948275923728943,0.40155190229415894,0.028287691995501518
YJR161C,YFR010W,1,7.010876,0.5954089164733887,0.4025218188762665,0.028287691995501518
YPR024W,YLR417W,1,7.007681,0.5959885120391846,0.4034917652606964,0.028287691995501518
YGL004C,YCL047C,1,7.0069485,0.5965664982795715,0.40446168184280396,0.028287691995501518
YDR085C,YHR034C,0,7.0066743,0.595714271068573,0.40446168184280396,0.028388002887368202
YER162C,YLR352W,1,7.0051126,0.5962910056114197,0.4054316282272339,0.028388002887368202
YGL048C,YOR190W,0,7.004839,0.5954415798187256,0.4054316282272339,0.028488313779234886
YPR145W,YOR007C,0,7.000903,0.5945945978164673,0.4054316282272339,0.02858862467110157
YNL064C,YDR394W,1,6.9956274,0.5951704382896423,0.40640154480934143,0.02858862467110157
YER021W,YER151C,1,6.990074,0.5957446694374084,0.40737149119377136,0.02858862467110157
YDR411C,YER094C,1,6.98935,0.5963172912597656,0.4083414077758789,0.02858862467110157
YPL152W,YCR034W,0,6.9850254,0.5954738259315491,0.4083414077758789,0.028688935562968254
YDR462W,YDL020C,0,6.9849625,0.5946327447891235,0.4083414077758789,0.028789246454834938
YBR298C,YLR216C,0,6.982826,0.593794047832489,0.4083414077758789,0.028889557346701622
YER021W,YCL052C,1,6.982663,0.594366192817688,0.40931135416030884,0.028889557346701622
YMR247C,YGR295C,1,6.964237,0.594936728477478,0.4102812707424164,0.028889557346701622
YOR249C,YOR007C,1,6.96132,0.5955055952072144,0.4112512171268463,0.028889557346701622
YLR406C,YBR221C,0,6.9576674,0.5946704149246216,0.4112512171268463,0.028989868238568306
YGL003C,YMR214W,1,6.9542074,0.5952380895614624,0.41222113370895386,0.028989868238568306
YPL037C,YHR102W,0,6.95103,0.5944055914878845,0.41222113370895386,0.02909017913043499
YCL008C,YDL190C,1,6.947235,0.5949720740318298,0.4131910800933838,0.02909017913043499
YHR200W,YNR039C,0,6.9466553,0.5941422581672668,0.4131910800933838,0.029190490022301674
YHR141C,YOR005C,0,6.941415,0.5933147668838501,0.4131910800933838,0.029290800914168358
YKL163W,YMR116C,0,6.9368167,0.5924895405769348,0.4131910800933838,0.029391111806035042
YDL097C,YLR378C,1,6.934224,0.5930555462837219,0.41416099667549133,0.029391111806035042
YDR382W,YFR004W,0,6.9288583,0.5922330021858215,0.41416099667549133,0.029491422697901726
YBL050W,YJL138C,0,6.919321,0.5914127230644226,0.41416099667549133,0.02959173358976841
YNR039C,YDR001C,0,6.911845,0.5905947685241699,0.41416099667549133,0.029692044481635094
YKL146W,YJR099W,0,6.911805,0.5897790193557739,0.41416099667549133,0.029792355373501778
YPL065W,YGR295C,1,6.909692,0.5903448462486267,0.41513094305992126,0.029792355373501778
YDL248W,YLR421C,1,6.9066343,0.5909090638160706,0.4161008596420288,0.029792355373501778
YDR346C,YLR308W,0,6.90366,0.5900962948799133,0.4161008596420288,0.02989266812801361
YPR108W,YLR208W,1,6.8996325,0.5906593203544617,0.41707080602645874,0.02989266812801361
YEL060C,YDR037W,0,6.8995132,0.5898491144180298,0.41707080602645874,0.029992979019880295
YGL099W,YJL036W,0,6.8890567,0.5890411138534546,0.41707080602645874,0.03009328991174698
YDR452W,YDR037W,0,6.888871,0.5882353186607361,0.41707080602645874,0.030193600803613663
YFL055W,YHR196W,0,6.886244,0.5874316692352295,0.41707080602645874,0.030293911695480347
YML130C,YLR002C,0,6.8793373,0.5866302847862244,0.41707080602645874,0.03039422258734703
YMR197C,YHR200W,0,6.877271,0.5858310461044312,0.41707080602645874,0.030494533479213715
YGL133W,YNL336W,0,6.86351,0.5850340127944946,0.41707080602645874,0.0305948443710804
YDR294C,YPL003W,0,6.8603306,0.58423912525177,0.41707080602645874,0.030695155262947083
YOL097C,YDL066W,0,6.8597426,0.5834463834762573,0.41707080602645874,0.030795466154813766
YEL052W,YGL227W,1,6.8577514,0.5840108394622803,0.4180407226085663,0.030795466154813766
YGR048W,YLR389C,1,6.854599,0.5845737457275391,0.4190106689929962,0.030795466154813766
YKL210W,YMR100W,1,6.8473306,0.5851351618766785,0.41998061537742615,0.030795466154813766
YJR137C,YLR421C,0,6.8389874,0.5843454599380493,0.41998061537742615,0.03089577704668045
YHL002W,YDL091C,1,6.835722,0.5849056839942932,0.4209505319595337,0.03089577704668045
YIL023C,YMR170C,0,6.8259974,0.5841184258460999,0.4209505319595337,0.030996087938547134
YGR209C,YHR196W,0,6.8203316,0.5833333134651184,0.4209505319595337,0.03109639883041382
YDR073W,YLR355C,0,6.815874,0.5825503468513489,0.4209505319595337,0.031196709722280502
YAL047C,YLR178C,0,6.814802,0.5817694664001465,0.4209505319595337,0.031297020614147186
YIL117C,YKL113C,0,6.8063564,0.5809906125068665,0.4209505319595337,0.03139733150601387
YDR306C,YDL190C,1,6.805176,0.5815507769584656,0.4219204783439636,0.03139733150601387
YIL097W,YGL240W,1,6.803183,0.5821094512939453,0.42289039492607117,0.03139733150601387
YFL009W,YLL039C,1,6.800886,0.5826666951179504,0.4238603413105011,0.03139733150601387
YER151C,YFR010W,1,6.800396,0.5832223892211914,0.42483025789260864,0.03139733150601387
YIL117C,YDR084C,0,6.7905064,0.582446813583374,0.42483025789260864,0.031497642397880554
YFR004W,YNR049C,0,6.780776,0.5816733241081238,0.42483025789260864,0.03159795328974724
YJL151C,YKL213C,0,6.7769585,0.5809018611907959,0.42483025789260864,0.03169826418161392
YGL141W,YOR080W,1,6.776,0.5814569592475891,0.4258002042770386,0.03169826418161392
YKL163W,YOR005C,0,6.7750874,0.5806878209114075,0.4258002042770386,0.031798575073480606
YDR057W,YOR257W,1,6.7715254,0.5812417268753052,0.4267701208591461,0.031798575073480606
YOR329C,YJR125C,0,6.7675204,0.5804749131202698,0.4267701208591461,0.03189888596534729
YLR423C,YOR362C,0,6.763715,0.5797101259231567,0.4267701208591461,0.031999196857213974
YGL047W,YML121W,0,6.754553,0.5789473652839661,0.4267701208591461,0.03209950774908066
YOR293W,YDR208W,0,6.752531,0.578186571598053,0.4267701208591461,0.03219981864094734
YKL096W,YJL076W,0,6.751282,0.5774278044700623,0.4267701208591461,0.032300129532814026
YHR141C,YLR216C,0,6.7498093,0.5766710638999939,0.4267701208591461,0.03240044042468071
YHL002W,YBR171W,0,6.749807,0.5759162306785583,0.4267701208591461,0.032500751316547394
YDR382W,YJL020C,0,6.7438293,0.5751634240150452,0.4267701208591461,0.03260106220841408
YMR170C,YMR060C,0,6.737644,0.5744125247001648,0.4267701208591461,0.03270137310028076
YLR178C,YNL279W,0,6.7358313,0.5736636519432068,0.4267701208591461,0.032801683992147446
YBR290W,YPR075C,0,6.732828,0.5729166865348816,0.4267701208591461,0.03290199488401413
YGL017W,YMR314W,1,6.7312393,0.5734720230102539,0.42774006724357605,0.03290199488401413
YKL049C,YMR092C,0,6.728173,0.5727272629737854,0.42774006724357605,0.033002305775880814
YLR298C,YJR161C,0,6.7261386,0.5719844102859497,0.42774006724357605,0.0331026166677475
YML013W,YKL100C,1,6.725564,0.5725388526916504,0.4287099838256836,0.0331026166677475
YOR234C,YMR280C,0,6.724825,0.5717982053756714,0.4287099838256836,0.03320292755961418
YGR013W,YFR004W,0,6.721038,0.5710594058036804,0.4287099838256836,0.033303238451480865
YPR103W,YBR041W,1,6.7133927,0.5716128945350647,0.4296799302101135,0.033303238451480865
YGR136W,YNL336W,1,6.710296,0.5721649527549744,0.43064984679222107,0.033303238451480865
YDR054C,YLL024C,1,6.707416,0.5727155804634094,0.431619793176651,0.033303238451480865
YNL064C,YPL084W,1,6.7035728,0.5732647776603699,0.43258970975875854,0.033303238451480865
YOL097C,YHR124W,0,6.697085,0.5725288987159729,0.43258970975875854,0.03340354934334755
YGR253C,YGL011C,1,6.6946635,0.5730769038200378,0.4335596561431885,0.03340354934334755
YOL016C,YOR362C,0,6.69154,0.5723431706428528,0.4335596561431885,0.03350386023521423
YML029W,YMR214W,1,6.6742635,0.572890043258667,0.434529572725296,0.03350386023521423
YHR065C,YGR284C,0,6.6710663,0.5721583366394043,0.434529572725296,0.03360417112708092
YMR121C,YDR480W,0,6.6708145,0.5714285969734192,0.434529572725296,0.0337044857442379
YBR101C,YMR022W,1,6.670691,0.571974515914917,0.43549951910972595,0.0337044857442379
YER094C,YDR457W,1,6.6651335,0.572519063949585,0.4364694356918335,0.0337044857442379
YER100W,YJR131W,1,6.6647477,0.5730622410774231,0.4374393820762634,0.0337044857442379
YDL044C,YJR161C,0,6.6637945,0.5723350048065186,0.4374393820762634,0.033804796636104584
YNL172W,YML013W,1,6.6593084,0.572877049446106,0.43840929865837097,0.033804796636104584
YBR105C,YNL230C,1,6.65755,0.5734177231788635,0.4393792450428009,0.033804796636104584
YGL227W,YDR131C,1,6.6536336,0.5739570260047913,0.44034916162490845,0.033804796636104584
YJR117W,YER116C,1,6.6366625,0.5744949579238892,0.4413191080093384,0.033804796636104584
YMR170C,YBR083W,0,6.6339564,0.5737704634666443,0.4413191080093384,0.03390510752797127
YKL188C,YML130C,0,6.6170053,0.5730478763580322,0.4413191080093384,0.03400541841983795
YKL091C,YDL132W,0,6.61522,0.5723270177841187,0.4413191080093384,0.034105729311704636
YPL106C,YAL020C,1,6.6147785,0.572864294052124,0.4422890543937683,0.034105729311704636
YIR034C,YDR394W,0,6.6134114,0.5721455216407776,0.4422890543937683,0.03420604020357132
YJL137C,YHR200W,0,6.6120744,0.5714285969734192,0.4422890543937683,0.034306351095438004
YOR336W,YFL016C,1,6.607031,0.5719649791717529,0.44325897097587585,0.034306351095438004
YPR151C,YJR125C,0,6.604276,0.5712500214576721,0.44325897097587585,0.03440666198730469
YKL163W,YMR154C,0,6.599825,0.5705368518829346,0.44325897097587585,0.03450697287917137
YDR163W,YOR133W,0,6.596224,0.5698254108428955,0.44325897097587585,0.034607283771038055
YML093W,YDR258C,0,6.5958214,0.5691158175468445,0.44325897097587585,0.03470759466290474
YER144C,YDR273W,1,6.5934463,0.56965172290802,0.4442289173603058,0.03470759466290474
YJR088C,YGR231C,0,6.5890017,0.5689440965652466,0.4442289173603058,0.03480790555477142
YOL013C,YLR388W,0,6.5786853,0.5682381987571716,0.4442289173603058,0.03490821644663811
YLR388W,YEL020C,0,6.576768,0.5675340890884399,0.4442289173603058,0.03500852733850479
YLR025W,YOR259C,1,6.5755615,0.5680692791938782,0.44519883394241333,0.03500852733850479
YJR099W,YMR276W,1,6.5724735,0.5686032176017761,0.44616878032684326,0.03500852733850479
YGR209C,YDL161W,0,6.5663633,0.5679012537002563,0.44616878032684326,0.035108838230371475
YCR067C,YJL145W,0,6.561943,0.5672009587287903,0.44616878032684326,0.03520914912223816
YOL133W,YBR058C,1,6.5615005,0.5677340030670166,0.4471386969089508,0.03520914912223816
YAL005C,YNL230C,1,6.559453,0.5682656764984131,0.44810864329338074,0.03520914912223816
YGR136W,YAL005C,1,6.5594435,0.5687960982322693,0.4490785598754883,0.03520914912223816
YOL060C,YLR378C,0,6.555814,0.5680981874465942,0.4490785598754883,0.03530946001410484
YER035W,YGL150C,0,6.5485225,0.5674019455909729,0.4490785598754883,0.03540977090597153
YER162C,YLR127C,1,6.546999,0.5679314732551575,0.4500485062599182,0.03540977090597153
YOR321W,YGL166W,0,6.5409074,0.567237138748169,0.4500485062599182,0.03551008179783821
YLR216C,YLR095C,0,6.5348806,0.5665445923805237,0.4500485062599182,0.035610392689704895
YDL191W,YGL012W,0,6.5326734,0.5658536553382874,0.4500485062599182,0.03571070358157158
YDR346C,YNL009W,0,6.5301137,0.5651644468307495,0.4500485062599182,0.03581101447343826
YGR184C,YDR255C,1,6.5282226,0.5656934380531311,0.45101842284202576,0.03581101447343826
YLR127C,YPR103W,1,6.5214314,0.5662211179733276,0.4519883692264557,0.03581101447343826
YOL054W,YIL030C,1,6.515431,0.5667475461959839,0.45295828580856323,0.03581101447343826
YDR394W,YJL076W,0,6.514453,0.5660606026649475,0.45295828580856323,0.03591132536530495
YOR080W,YNL230C,1,6.5137978,0.5665859580039978,0.45392823219299316,0.03591132536530495
YBL058W,YPR131C,1,6.510483,0.5671100616455078,0.4548981487751007,0.03591132536530495
YKL133C,YKL034W,1,6.5097494,0.5676328539848328,0.45586809515953064,0.03591132536530495
YDR294C,YGL032C,0,6.5071464,0.5669481158256531,0.45586809515953064,0.03601163625717163
YLL039C,YBR014C,0,6.5071173,0.5662650465965271,0.45586809515953064,0.036111947149038315
YMR171C,YDR306C,1,6.5017514,0.5667870044708252,0.4568380117416382,0.036111947149038315
YIL162W,YJR105W,0,6.4981413,0.5661057829856873,0.4568380117416382,0.036212258040905
YGL116W,YHR200W,1,6.495571,0.5666266679763794,0.4578079581260681,0.036212258040905
YML068W,YBR105C,1,6.482656,0.5671463012695312,0.45877787470817566,0.036212258040905
YLR240W,YFL002C,0,6.478783,0.5664670467376709,0.45877787470817566,0.03631256893277168
YDR177W,YBR041W,1,6.4782248,0.5669856667518616,0.4597478210926056,0.03631256893277168
YBR302C,YBL067C,1,6.4781866,0.5675029754638672,0.46071773767471313,0.03631256893277168
YDR057W,YIR025W,1,6.477456,0.5680190920829773,0.46168768405914307,0.03631256893277168
YOR362C,YLR229C,0,6.47579,0.5673421025276184,0.46168768405914307,0.03641287982463837
YML013W,YCL047C,1,6.4751472,0.5678571462631226,0.4626576006412506,0.03641287982463837
YPR075C,YBR077C,0,6.4738154,0.5671819448471069,0.4626576006412506,0.03651319071650505
YOR329C,YDR163W,0,6.459771,0.5665082931518555,0.4626576006412506,0.036613501608371735
YIL017C,YDL236W,0,6.458703,0.5658363103866577,0.4626576006412506,0.03671381250023842
YGL017W,YDL007W,1,6.448586,0.5663506984710693,0.46362754702568054,0.03671381250023842
YGR206W,YKR039W,0,6.4443474,0.5656804442405701,0.46362754702568054,0.0368141233921051
YCL044C,YDR131C,1,6.442231,0.5661938786506653,0.4645974636077881,0.0368141233921051
YLR408C,YHR128W,0,6.441766,0.5655254125595093,0.4645974636077881,0.036914434283971786
YLR240W,YIR022W,0,6.441658,0.5648584961891174,0.4645974636077881,0.03701474517583847
YJR014W,YOL060C,0,6.440621,0.5641931891441345,0.4645974636077881,0.037115056067705154
YDR394W,YPL015C,0,6.437228,0.5635294318199158,0.4645974636077881,0.03721536695957184
YPR108W,YBR058C,1,6.4351053,0.564042329788208,0.465567409992218,0.03721536695957184
YKL096W,YIL121W,0,6.4323273,0.5633803009986877,0.465567409992218,0.03731567785143852
YJR099W,YHL030W,1,6.426483,0.563892126083374,0.46653735637664795,0.03731567785143852
YKL127W,YGL153W,0,6.4264774,0.5632318258285522,0.46653735637664795,0.037415988743305206
YGR186W,YJL036W,0,6.4233913,0.5625730752944946,0.46653735637664795,0.03751629963517189
YBL057C,YFL044C,1,6.4178243,0.5630841255187988,0.4675072729587555,0.03751629963517189
YGR135W,YBR041W,1,6.4163775,0.5635939240455627,0.4684772193431854,0.03751629963517189
YDR214W,YML038C,0,6.414601,0.5629370808601379,0.4684772193431854,0.037616610527038574
YPL249C-A,YMR197C,0,6.407075,0.5622817277908325,0.4684772193431854,0.03771692141890526
YDL126C,YER075C,0,6.406464,0.5616279244422913,0.4684772193431854,0.03781723231077194
YJR088C,YBR014C,0,6.4030027,0.5609756112098694,0.4684772193431854,0.037917543202638626
YJL177W,YDR540C,0,6.399255,0.5603248476982117,0.4684772193431854,0.03801785409450531
YDL232W,YFL016C,0,6.3893538,0.5596755743026733,0.4684772193431854,0.038118164986371994
YDR139C,YFR004W,1,6.385599,0.5601851940155029,0.46944713592529297,0.038118164986371994
YMR276W,YBR058C,1,6.3828945,0.560693621635437,0.4704170823097229,0.038118164986371994
YNR012W,YDL010W,0,6.3822937,0.5600461959838867,0.4704170823097229,0.03821847587823868
YLR242C,YLR136C,0,6.3804617,0.5594002604484558,0.4704170823097229,0.03831878677010536
YPR108W,YGL058W,1,6.3790665,0.559907853603363,0.47138699889183044,0.03831878677010536
YIL148W,YPR131C,1,6.376861,0.5604142546653748,0.4723569452762604,0.03831878677010536
YOR362C,YMR162C,0,6.3628798,0.5597701072692871,0.4723569452762604,0.038419097661972046
YJR161C,YJL073W,1,6.3603363,0.5602755546569824,0.4733268618583679,0.038419097661972046
YLR417W,YDL122W,1,6.3588986,0.5607798099517822,0.47429680824279785,0.038419097661972046
YGL130W,YNL037C,0,6.35868,0.5601374506950378,0.47429680824279785,0.03851940855383873
YGL013C,YKL065C,0,6.358368,0.5594965815544128,0.47429680824279785,0.038619719445705414
YIL105C,YDL222C,0,6.352148,0.5588571429252625,0.47429680824279785,0.0387200303375721
YOR208W,YIR003W,0,6.3498564,0.5582191944122314,0.47429680824279785,0.03882034122943878
YOR249C,YOR362C,1,6.341223,0.5587229132652283,0.4752667248249054,0.03882034122943878
YCR097W,YGR289C,0,6.3404818,0.5580865740776062,0.4752667248249054,0.038920655846595764
YGL166W,YDL239C,0,6.3346996,0.5574516654014587,0.4752667248249054,0.03902096673846245
YGR253C,YGL116W,1,6.3320484,0.5579545497894287,0.4762366712093353,0.03902096673846245
YGR287C,YLR003C,0,6.3291817,0.5573212504386902,0.4762366712093353,0.03912127763032913
YFL034C-B,YDR001C,0,6.32769,0.5566893219947815,0.4762366712093353,0.039221588522195816
YNL116W,YOL082W,1,6.3260503,0.5571913719177246,0.47720658779144287,0.039221588522195816
YOR173W,YJL115W,0,6.3237066,0.5565611124038696,0.47720658779144287,0.0393218994140625
YDR214W,YNL229C,0,6.322419,0.5559322237968445,0.47720658779144287,0.039422210305929184
YER144C,YDR427W,1,6.321662,0.556433379650116,0.4781765341758728,0.039422210305929184
YCL040W,YKL139W,0,6.3151956,0.5558061003684998,0.4781765341758728,0.03952252119779587
YOR234C,YPL270W,0,6.3145614,0.5551801919937134,0.4781765341758728,0.03962283208966255
YBL040C,YDR255C,0,6.3097377,0.5545556545257568,0.4781765341758728,0.039723142981529236
YER021W,YOL054W,1,6.3073745,0.5550561547279358,0.47914645075798035,0.039723142981529236
YBR062C,YBR170C,1,6.3073063,0.5555555820465088,0.4801163971424103,0.039723142981529236
YML088W,YDR177W,1,6.3039675,0.5560538172721863,0.4810863137245178,0.039723142981529236
YGR209C,YGR013W,0,6.2955523,0.5554311275482178,0.4810863137245178,0.03982345387339592
YJL001W,YGL048C,1,6.2939315,0.5559284090995789,0.48205626010894775,0.03982345387339592
YBR302C,YDR452W,0,6.2933683,0.5553072690963745,0.48205626010894775,0.039923764765262604
YDL193W,YHR112C,0,6.2926636,0.5546875,0.48205626010894775,0.04002407565712929
YDL248W,YHR027C,1,6.2921286,0.5551839470863342,0.4830261766910553,0.04002407565712929
YOR293W,YPL046C,0,6.290029,0.5545657277107239,0.4830261766910553,0.04012438654899597
YDL126C,YEL052W,1,6.2823405,0.5550611615180969,0.48399612307548523,0.04012438654899597
YDR139C,YEL037C,1,6.2790856,0.5555555820465088,0.4849660396575928,0.04012438654899597
YIL016W,YLR155C,0,6.2721477,0.5549389719963074,0.4849660396575928,0.040224697440862656
YER026C,YJL184W,0,6.2581263,0.5543237328529358,0.4849660396575928,0.04032500833272934
YPR079W,YPR165W,0,6.2554274,0.553709864616394,0.4849660396575928,0.040425319224596024
YIL040W,YBR244W,0,6.2483435,0.5530973672866821,0.4849660396575928,0.04052563011646271
YJL144W,YNL336W,1,6.247108,0.5535911321640015,0.4859359860420227,0.04052563011646271
YBR062C,YGL048C,1,6.245516,0.5540838837623596,0.48690590262413025,0.04052563011646271
YLL039C,YOR178C,0,6.24208,0.5534729957580566,0.48690590262413025,0.04062594100832939
YOR362C,YPL270W,0,6.241605,0.5528634190559387,0.48690590262413025,0.040726251900196075
YOL054W,YKL010C,1,6.237278,0.55335533618927,0.4878758490085602,0.040726251900196075
YNL153C,YER151C,1,6.2168627,0.5538461804389954,0.4888457953929901,0.040726251900196075
YLR388W,YNL097C,0,6.216653,0.5532382130622864,0.4888457953929901,0.04082656279206276
YDR054C,YNL008C,1,6.2083178,0.5537280440330505,0.48981571197509766,0.04082656279206276
YDR163W,YHR019C,0,6.205864,0.5531215667724609,0.48981571197509766,0.04092687368392944
YMR247C,YMR119W,1,6.1997023,0.5536105036735535,0.4907856583595276,0.04092687368392944
YJR044C,YKR024C,0,6.185997,0.5530054569244385,0.4907856583595276,0.04102718457579613
YKL073W,YJR125C,0,6.1859903,0.5524017214775085,0.4907856583595276,0.04112749546766281
YHR043C,YER169W,0,6.185391,0.5517993569374084,0.4907856583595276,0.041227806359529495
YGL047W,YEL071W,0,6.1852884,0.5511982440948486,0.4907856583595276,0.04132811725139618
YLL039C,YHR152W,0,6.1767406,0.5505985021591187,0.4907856583595276,0.04142842814326286
YHR200W,YPL057C,0,6.1764755,0.550000011920929,0.4907856583595276,0.04152873903512955
YBR258C,YML026C,0,6.1646376,0.5494028329849243,0.4907856583595276,0.04162904992699623
YKL124W,YLR207W,1,6.162136,0.5498915314674377,0.49175557494163513,0.04162904992699623
YPR107C,YGL130W,0,6.159341,0.5492957830429077,0.49175557494163513,0.041729360818862915
YHR043C,YNR039C,0,6.1525135,0.548701286315918,0.49175557494163513,0.0418296717107296
YPR181C,YBR057C,0,6.1507654,0.5481081008911133,0.49175557494163513,0.04192998260259628
YJR161C,YDR059C,1,6.1489005,0.5485960841178894,0.49272552132606506,0.04192998260259628
YJL149W,YLR104W,1,6.1482973,0.5490830540657043,0.4936954379081726,0.04192998260259628
YCL008C,YEL037C,1,6.1447163,0.5495689511299133,0.49466538429260254,0.04192998260259628
YPR023C,YAL014C,0,6.1327763,0.5489773750305176,0.49466538429260254,0.04203029349446297
YPR024W,YGL003C,1,6.130844,0.5494623780250549,0.4956353008747101,0.04203029349446297
YGL184C,YNL088W,0,6.1254063,0.548872172832489,0.4956353008747101,0.04213060438632965
YJL151C,YHR141C,0,6.1252427,0.5482832789421082,0.4956353008747101,0.042230915278196335
YOL016C,YPR181C,0,6.1184645,0.5476955771446228,0.4956353008747101,0.04233122617006302
YCL038C,YNR046W,0,6.1128426,0.5471091866493225,0.4956353008747101,0.0424315370619297
YJL123C,YJR019C,0,6.1094446,0.5465240478515625,0.4956353008747101,0.04253184795379639
YAR014C,YJR019C,0,6.106061,0.5459401607513428,0.4956353008747101,0.04263215884566307
YCL038C,YML007W,0,6.1055226,0.5453575253486633,0.4956353008747101,0.042732469737529755
YDR258C,YJL093C,0,6.099714,0.5447761416435242,0.4956353008747101,0.04283278062939644
YBR273C,YJL047C,1,6.0994935,0.5452609062194824,0.49660524725914,0.04283278062939644
YPR145W,YMR251W-A,0,6.0954742,0.5446808338165283,0.49660524725914,0.04293309152126312
YJL042W,YFR009W,0,6.095277,0.5441020131111145,0.49660524725914,0.043033402413129807
YKL213C,YGL047W,0,6.0937386,0.543524444103241,0.49660524725914,0.04313371330499649
YIR022W,YBR088C,0,6.093625,0.5429480671882629,0.49660524725914,0.043234024196863174
YJR019C,YMR029C,0,6.093373,0.5423728823661804,0.49660524725914,0.04333433508872986
YKL002W,YNL186W,1,6.0900574,0.5428571701049805,0.49757516384124756,0.04333433508872986
YOL088C,YBR154C,0,6.0892296,0.542283296585083,0.49757516384124756,0.04343464598059654
YAL058W,YOR124C,1,6.0879803,0.5427666306495667,0.4985451102256775,0.04343464598059654
YCR067C,YFL034C-A,0,6.087424,0.5421940684318542,0.4985451102256775,0.043534956872463226
YKL022C,YGR295C,1,6.0863204,0.5426765084266663,0.49951502680778503,0.043534956872463226
YEL026W,YJR017C,0,6.080415,0.5421052575111389,0.49951502680778503,0.04363526776432991
YBL057C,YPR108W,1,6.075862,0.5425867438316345,0.5004849433898926,0.04363526776432991
YCR067C,YGL099W,0,6.074547,0.5420168042182922,0.5004849433898926,0.043735578656196594
YER166W,YDR037W,0,6.066859,0.5414480566978455,0.5004849433898926,0.04383588954806328
YGL116W,YDL126C,1,6.0657854,0.5419287085533142,0.5014548897743225,0.04383588954806328
YMR278W,YOR303W,0,6.0629063,0.5413612723350525,0.5014548897743225,0.04393620043992996
YCL030C,YOR245C,0,6.060978,0.5407949686050415,0.5014548897743225,0.044036511331796646
YLR024C,YCL047C,1,6.059992,0.5412748456001282,0.5024248361587524,0.044036511331796646
YPL176C,YDR273W,1,6.0513315,0.5417536497116089,0.5033947825431824,0.044036511331796646
YLR388W,YOR256C,0,6.050311,0.5411887168884277,0.5033947825431824,0.04413682594895363
YKL124W,YGL048C,1,6.050049,0.5416666865348816,0.5043646693229675,0.04413682594895363
YKR086W,YAL055W,0,6.0489864,0.5411030054092407,0.5043646693229675,0.04423713684082031
YOR336W,YKL216W,0,6.0485544,0.5405405163764954,0.5043646693229675,0.044337447732686996
YDR302W,YGL133W,0,6.03868,0.5399792194366455,0.5043646693229675,0.04443775862455368
YCL038C,YLR449W,0,6.0343904,0.5394191145896912,0.5043646693229675,0.044538069516420364
YPL154C,YGL048C,1,6.0307717,0.5398963689804077,0.5053346157073975,0.044538069516420364
YMR189W,YGR038W,0,6.030102,0.5393374562263489,0.5053346157073975,0.04463838040828705
YGL017W,YGL011C,1,6.027587,0.5398138761520386,0.5063045620918274,0.04463838040828705
YBR136W,YGL011C,0,6.0175996,0.53925621509552,0.5063045620918274,0.04473869130015373
YOR080W,YKL054C,1,6.0049133,0.5397316813468933,0.5072745084762573,0.04473869130015373
YMR263W,YJR044C,0,6.0006747,0.539175271987915,0.5072745084762573,0.044839002192020416
YCL052C,YLR207W,1,5.996048,0.5396498441696167,0.5082443952560425,0.044839002192020416
YDR030C,YML029W,1,5.9956865,0.540123462677002,0.5092143416404724,0.044839002192020416
YOL039W,YGR013W,0,5.9933653,0.5395683646202087,0.5092143416404724,0.0449393130838871
YLR119W,YLR352W,1,5.9885573,0.5400410890579224,0.5101842880249023,0.0449393130838871
YKL096W,YOL017W,0,5.983698,0.5394871830940247,0.5101842880249023,0.045039623975753784
YPR183W,YOR017W,0,5.982691,0.5389344096183777,0.5101842880249023,0.04513993486762047
YDR030C,YEL052W,1,5.981728,0.5394063591957092,0.5111542344093323,0.04513993486762047
YGR207C,YBR014C,0,5.9777236,0.5388547778129578,0.5111542344093323,0.04524024575948715
YOR173W,YDL161W,0,5.975692,0.5383043885231018,0.5111542344093323,0.045340556651353836
YGL013C,YMR029C,0,5.9680595,0.5377551317214966,0.5111542344093323,0.04544086754322052
YOR257W,YAL058W,1,5.9625115,0.538226306438446,0.5121241807937622,0.04544086754322052
YFL024C,YLR372W,0,5.962183,0.5376781821250916,0.5121241807937622,0.045541178435087204
YJL123C,YML024W,0,5.960965,0.5371312499046326,0.5121241807937622,0.04564148932695389
YLR262C,YCL040W,0,5.960001,0.5365853905677795,0.5121241807937622,0.04574180021882057
YBR079C,YER169W,0,5.9554586,0.5360406041145325,0.5121241807937622,0.045842111110687256
YGR038W,YHR166C,0,5.954117,0.5354969501495361,0.5121241807937622,0.04594242200255394
YHL002W,YER166W,0,5.951807,0.5349544286727905,0.5121241807937622,0.046042732894420624
YDR058C,YOR362C,0,5.9515257,0.5344129800796509,0.5121241807937622,0.04614304378628731
YBR056W,YMR068W,0,5.948102,0.5338726043701172,0.5121241807937622,0.04624335467815399
YPL164C,YOR362C,0,5.946409,0.5333333611488342,0.5121241807937622,0.046343665570020676
YER151C,YKL145W,1,5.9436865,0.5338042378425598,0.5130940675735474,0.046343665570020676
YPL176C,YFL044C,1,5.9427843,0.5342742204666138,0.5140640139579773,0.046343665570020676
YKL046C,YBR068C,0,5.9394374,0.5337361693382263,0.5140640139579773,0.04644397646188736
YDR324C,YGL181W,0,5.9376903,0.5331991910934448,0.5140640139579773,0.046544287353754044
YOL006C,YFL016C,0,5.9361153,0.5326633453369141,0.5140640139579773,0.04664459824562073
YPR145W,YGL250W,0,5.933819,0.5321285128593445,0.5140640139579773,0.04674490913748741
YDR153C,YPL003W,0,5.929004,0.5315948128700256,0.5140640139579773,0.046845220029354095
YOR234C,YDR141C,0,5.9217625,0.531062126159668,0.5140640139579773,0.04694553092122078
YHL002W,YML131W,0,5.921664,0.5305305123329163,0.5140640139579773,0.04704584181308746
YPR075C,YLR022C,0,5.919735,0.5299999713897705,0.5140640139579773,0.04714615270495415
YBR290W,YBR106W,0,5.9155903,0.5294705033302307,0.5140640139579773,0.04724646359682083
YDL126C,YGL044C,0,5.9139166,0.5289421081542969,0.5140640139579773,0.047346774488687515
YCL039W,YJL047C,1,5.9115934,0.529411792755127,0.5150339603424072,0.047346774488687515
YDL013W,YIL097W,1,5.9104977,0.5298804640769958,0.5160039067268372,0.047346774488687515
YBL040C,YBL101C,0,5.909729,0.5293532609939575,0.5160039067268372,0.0474470853805542
YGR048W,YDR328C,1,5.907768,0.5298210978507996,0.5169737935066223,0.0474470853805542
YMR067C,YOR303W,0,5.9049845,0.5292949080467224,0.5169737935066223,0.04754739627242088
YDR057W,YBR170C,1,5.904608,0.5297619104385376,0.5179437398910522,0.04754739627242088
YGR087C,YLR003C,0,5.89784,0.5292368531227112,0.5179437398910522,0.04764770716428757
YDL132W,YER021W,1,5.896266,0.5297029614448547,0.5189136862754822,0.04764770716428757
YBR290W,YMR030W,0,5.8955154,0.529179036617279,0.5189136862754822,0.04774801805615425
YML058W,YPL270W,0,5.889203,0.5286561250686646,0.5189136862754822,0.047848328948020935
YGR133W,YLR372W,0,5.8890653,0.5281342267990112,0.5189136862754822,0.04794863983988762
YLR127C,YHR027C,1,5.8878827,0.5285996198654175,0.5198836326599121,0.04794863983988762
YLR275W,YML025C,0,5.8878155,0.5280787944793701,0.5198836326599121,0.0480489507317543
YJR007W,YBR056W,0,5.8807554,0.5275590419769287,0.5198836326599121,0.04814926162362099
YBR201W,YOR245C,0,5.877554,0.5270403027534485,0.5198836326599121,0.04824957251548767
YDR155C,YGL047W,0,5.8751993,0.5265225768089294,0.5198836326599121,0.048349883407354355
YLR216C,YGR231C,0,5.8666115,0.5260058641433716,0.5198836326599121,0.04845019429922104
YPL047W,YKR039W,0,5.86617,0.5254902243614197,0.5198836326599121,0.04855050519108772
YDR221W,YDL010W,0,5.8637867,0.5249755382537842,0.5198836326599121,0.04865081608295441
YGL141W,YKL124W,1,5.8637295,0.5254403352737427,0.5208535194396973,0.04865081608295441
YAL005C,YDR485C,0,5.8635316,0.5249266624450684,0.5208535194396973,0.04875112697482109
YMR135C,YDR119W,0,5.859962,0.5244140625,0.5208535194396973,0.048851437866687775
YBR139W,YPL266W,0,5.8599176,0.523902416229248,0.5208535194396973,0.04895174875855446
YLR174W,YGL257C,0,5.8578706,0.5233917832374573,0.5208535194396973,0.04905205965042114
YKL127W,YCR097W,0,5.8568497,0.5228821635246277,0.5208535194396973,0.04915237054228783
YJL144W,YGL058W,1,5.847873,0.5233463048934937,0.5218234658241272,0.04915237054228783
YKL213C,YDR059C,1,5.845791,0.523809552192688,0.5227934122085571,0.04915237054228783
YPL047W,YCR088W,0,5.845324,0.5233009457588196,0.5227934122085571,0.04925268515944481
YMR236W,YMR116C,0,5.843526,0.5227934122085571,0.5227934122085571,0.04935299605131149
YIL117C,YBR139W,0,5.83987,0.5222868323326111,0.5227934122085571,0.04945330694317818
YOR321W,YPR079W,0,5.8386965,0.5217812061309814,0.5227934122085571,0.04955361783504486
YPL124W,YMR271C,0,5.838545,0.521276593208313,0.5227934122085571,0.049653928726911545
YGR048W,YPL084W,1,5.837247,0.52173912525177,0.5237633585929871,0.049653928726911545
YDL020C,YNL116W,0,5.836364,0.5212355256080627,0.5237633585929871,0.04975423961877823
YPL002C,YJL197W,1,5.834009,0.5216972231864929,0.5247332453727722,0.04975423961877823
YJL091C,YER042W,0,5.831709,0.521194577217102,0.5247332453727722,0.04985455051064491
YJR017C,YHR027C,1,5.824852,0.5216554403305054,0.5257031917572021,0.04985455051064491
YPL152W,YGL023C,0,5.82223,0.5211538672447205,0.5257031917572021,0.0499548614025116
YJL138C,YGR132C,0,5.818145,0.520653247833252,0.5257031917572021,0.05005517229437828
YER073W,YGR065C,0,5.813724,0.5201535224914551,0.5257031917572021,0.050155483186244965
YMR052W,YPL128C,0,5.8105526,0.5196548700332642,0.5257031917572021,0.05025579407811165
YGL141W,YGR184C,1,5.8089905,0.5201149582862854,0.5266731381416321,0.05025579407811165
YOR190W,YNL312W,0,5.8083515,0.5196171998977661,0.5266731381416321,0.05035610496997833
YCR067C,YAR008W,0,5.8082047,0.519120454788208,0.5266731381416321,0.050456415861845016
YPR107C,YNL093W,0,5.8065815,0.5186246633529663,0.5266731381416321,0.0505567267537117
YOL130W,YJR125C,0,5.80552,0.5181297659873962,0.5266731381416321,0.050657037645578384
YML130C,YFR028C,0,5.804429,0.5176358222961426,0.5266731381416321,0.05075734853744507
YML029W,YBR041W,1,5.800698,0.5180952548980713,0.527643084526062,0.05075734853744507
YDL132W,YIL097W,1,5.8000693,0.5185537338256836,0.5286129713058472,0.05075734853744507
YER151C,YGR135W,1,5.79902,0.519011378288269,0.5295829176902771,0.05075734853744507
YIL117C,YBR179C,0,5.797562,0.5185185074806213,0.5295829176902771,0.05085765942931175
YNL172W,YOL013C,1,5.794237,0.5189753174781799,0.530552864074707,0.05085765942931175
YER144C,YOR157C,1,5.784734,0.5194312930107117,0.531522810459137,0.05085765942931175
YGR152C,YBR008C,0,5.7843485,0.5189393758773804,0.531522810459137,0.050957970321178436
YIL030C,YAL020C,1,5.7827597,0.5193945169448853,0.5324926972389221,0.050957970321178436
YLR340W,YML118W,0,5.7823915,0.5189036130905151,0.5324926972389221,0.05105828121304512
YBR132C,YLR242C,0,5.7814407,0.5184136033058167,0.5324926972389221,0.051158592104911804
YBR126C,YLR034C,0,5.7729063,0.5179245471954346,0.5324926972389221,0.05125890299677849
YNL037C,YGL133W,0,5.7651176,0.5174363851547241,0.5324926972389221,0.05135921388864517
YBR290W,YGL227W,1,5.760844,0.5178907513618469,0.533462643623352,0.05135921388864517
YER162C,YPL065W,1,5.751656,0.5183442831039429,0.534432590007782,0.05135921388864517
YDR394W,YBL101C,0,5.7465954,0.5178571343421936,0.534432590007782,0.051459524780511856
YPR183W,YKL112W,0,5.7430086,0.517370879650116,0.534432590007782,0.05155983567237854
YDR430C,YHL048W,1,5.7313137,0.5178236365318298,0.5354025363922119,0.05155983567237854
YCL033C,YBR227C,0,5.7287235,0.5173383355140686,0.5354025363922119,0.051660146564245224
YKL146W,YDL213C,0,5.725067,0.516853928565979,0.5354025363922119,0.05176045745611191
YMR189W,YGR198W,0,5.7237215,0.516370415687561,0.5354025363922119,0.05186076834797859
YGR186W,YML029W,0,5.7174225,0.5158878564834595,0.5354025363922119,0.051961079239845276
YBR135W,YNL272C,0,5.7107067,0.5154061913490295,0.5354025363922119,0.05206139013171196
YGR209C,YHR123W,0,5.7106447,0.5149253606796265,0.5354025363922119,0.052161701023578644
YBL058W,YGR225W,1,5.7077475,0.5153774619102478,0.5363724827766418,0.052161701023578644
YHL009C,YJR161C,0,5.700906,0.5148975849151611,0.5363724827766418,0.05226201191544533
YER146W,YGL121C,0,5.698019,0.5144186019897461,0.5363724827766418,0.05236232280731201
YFL016C,YAL058W,1,5.697439,0.5148698687553406,0.537342369556427,0.05236232280731201
YIL117C,YOR205C,0,5.695401,0.5143918395042419,0.537342369556427,0.052462633699178696
YGL011C,YKL208W,0,5.6929064,0.5139146447181702,0.537342369556427,0.05256294459104538
YCR069W,YPR107C,0,5.690568,0.51343834400177,0.537342369556427,0.052663255482912064
YJR159W,YFR055W,0,5.687573,0.5129629373550415,0.537342369556427,0.05276356637477875
YDL188C,YGL011C,0,5.6853657,0.5124884247779846,0.537342369556427,0.05286387726664543
YER016W,YJR137C,0,5.6798644,0.5120148062705994,0.537342369556427,0.052964188158512115
YPL020C,YBR127C,0,5.6796894,0.511542022228241,0.537342369556427,0.0530644990503788
YHR098C,YDL147W,0,5.6745505,0.5110701322555542,0.537342369556427,0.05316480994224548
YOL119C,YBR008C,0,5.667637,0.5105990767478943,0.537342369556427,0.05326512083411217
YHR141C,YNL224C,0,5.6614127,0.510128915309906,0.537342369556427,0.05336543172597885
YOR128C,YMR251W-A,0,5.659581,0.5096595883369446,0.537342369556427,0.053465742617845535
YGR271C-A,YER054C,0,5.6446376,0.5091911554336548,0.537342369556427,0.05356605350971222
YPR061C,YAL042W,0,5.6444206,0.5087236166000366,0.537342369556427,0.0536663644015789
YPR065W,YKL148C,0,5.6392155,0.5082568526268005,0.537342369556427,0.05376667529344559
YPR024W,YPL106C,1,5.6384754,0.508707582950592,0.5383123159408569,0.05376667529344559
YMR047C,YOR255W,0,5.637332,0.5082417726516724,0.5383123159408569,0.05386698618531227
YDR358W,YNL116W,1,5.630343,0.508691668510437,0.5392822623252869,0.05386698618531227
YMR092C,YKR001C,0,5.629528,0.5082266926765442,0.5392822623252869,0.053967297077178955
YBR302C,YJL076W,0,5.626749,0.5077625513076782,0.5392822623252869,0.05406760796904564
YMR161W,YJL154C,0,5.6236587,0.5072992444038391,0.5392822623252869,0.05416791886091232
YJR047C,YMR293C,0,5.623617,0.5068368315696716,0.5392822623252869,0.05426822975277901
YGL011C,YOR171C,0,5.6212626,0.506375253200531,0.5392822623252869,0.05436854064464569
YKR098C,YGR295C,1,5.6199965,0.5068243741989136,0.5402522087097168,0.05436854064464569
YBL022C,YLR378C,1,5.6155605,0.5072727203369141,0.541222095489502,0.05436854064464569
YDR382W,YKL065C,0,5.6132402,0.5068119764328003,0.541222095489502,0.05446885526180267
YDR457W,YDR255C,1,5.6125484,0.5072595477104187,0.5421920418739319,0.05446885526180267
YNL305C,YBR154C,0,5.612013,0.5067996382713318,0.5421920418739319,0.05456916615366936
YBR280C,YJR052W,1,5.6111727,0.5072463750839233,0.5431619882583618,0.05456916615366936
YKL096W,YPR101W,0,5.609173,0.5067873597145081,0.5431619882583618,0.05466947704553604
YEL034W,YOL113W,0,5.604984,0.5063291192054749,0.5431619882583618,0.054769787937402725
YPR151C,YAL055W,0,5.603983,0.5058717131614685,0.5431619882583618,0.05487009882926941
YBR173C,YIL017W,1,5.5901003,0.506317675113678,0.5441319346427917,0.05487009882926941
YBR062C,YPL002C,1,5.5876045,0.5067628622055054,0.5451018214225769,0.05487009882926941
YML092C,YDR131C,1,5.585984,0.5072072148323059,0.5460717678070068,0.05487009882926941
YLR362W,YER075C,0,5.584495,0.5067507028579712,0.5460717678070068,0.05497040972113609
YHR039C,YMR047C,0,5.579668,0.5062949657440186,0.5460717678070068,0.05507072061300278
YOL119C,YGL245W,0,5.576366,0.5058400630950928,0.5460717678070068,0.05517103150486946
YJR007W,YGL013C,0,5.5753546,0.5053859949111938,0.5460717678070068,0.055271342396736145
YPR094W,YLR372W,0,5.57291,0.5049327611923218,0.5460717678070068,0.05537165328860283
YBL040C,YLR362W,0,5.5695477,0.5044803023338318,0.5460717678070068,0.05547196418046951
YFL062W,YJL047C,1,5.569297,0.5049238801002502,0.5470417141914368,0.05547196418046951
YBR179C,YOL001W,0,5.568272,0.5044722557067871,0.5470417141914368,0.0555722750723362
YNL264C,YBR215W,0,5.5666013,0.5040214657783508,0.5470417141914368,0.05567258596420288
YBR290W,YDR484W,0,5.566372,0.5035714507102966,0.5470417141914368,0.055772896856069565
YPR107C,YKL176C,0,5.563755,0.5031222105026245,0.5470417141914368,0.05587320774793625
YDR104C,YKL073W,0,5.5631123,0.5026738047599792,0.5470417141914368,0.05597351863980293
YNL241C,YDL161W,0,5.5610023,0.5022261738777161,0.5470417141914368,0.05607382953166962
YOL013C,YKL065C,0,5.5606194,0.5017793774604797,0.5470417141914368,0.0561741404235363
YFL016C,YDR162C,0,5.5588384,0.5013333559036255,0.5470417141914368,0.056274451315402985
YIL156W,YNL230C,1,5.558422,0.5017762184143066,0.5480116605758667,0.056274451315402985
YLR051C,YNL037C,0,5.5569596,0.5013309717178345,0.5480116605758667,0.05637476220726967
YKL041W,YDR219C,1,5.5545864,0.5017730593681335,0.5489815473556519,0.05637476220726967
YIL117C,YKL208W,0,5.5527897,0.5013285875320435,0.5489815473556519,0.05647507309913635
YGR231C,YBR110W,0,5.5520935,0.5008849501609802,0.5489815473556519,0.056575383991003036
YDR519W,YJL093C,0,5.54843,0.5004420876502991,0.5489815473556519,0.05667569488286972
YLR128W,YDR171W,0,5.5474257,0.5,0.5489815473556519,0.056776005774736404
YDL126C,YOR042W,1,5.5458813,0.500441312789917,0.5499514937400818,0.056776005774736404
YNR006W,YJR099W,1,5.5419383,0.5008818507194519,0.5509214401245117,0.056776005774736404
YNL064C,YPL020C,0,5.534546,0.5004405379295349,0.5509214401245117,0.05687631666660309
YOL110W,YDR485C,0,5.5305834,0.5,0.5509214401245117,0.05697662755846977
YDL126C,YDR457W,1,5.525345,0.5004397630691528,0.5518913865089417,0.05697662755846977
YEL037C,YML068W,1,5.524079,0.5008787512779236,0.5528612732887268,0.05697662755846977
YPL020C,YLR089C,0,5.5155463,0.5004389882087708,0.5528612732887268,0.057076938450336456
YMR119W,YGL008C,0,5.5144854,0.5,0.5528612732887268,0.05717724934220314
YOL039W,YDL010W,0,5.5111294,0.49956178665161133,0.5528612732887268,0.057277560234069824
YDR153C,YLR378C,0,5.505069,0.49912434816360474,0.5528612732887268,0.05737787112593651
YKR013W,YML026C,0,5.5043716,0.49868765473365784,0.5528612732887268,0.05747818201780319
YDR153C,YLR133W,0,5.503974,0.498251736164093,0.5528612732887268,0.057578492909669876
YDR171W,YKR001C,0,5.503746,0.4978165924549103,0.5528612732887268,0.05767880380153656
YIL010W,YOR360C,0,5.4972506,0.49738219380378723,0.5528612732887268,0.057779114693403244
YOR249C,YHR027C,1,5.492136,0.4978204071521759,0.5538312196731567,0.057779114693403244
YDR182W,YFL062W,0,5.4855857,0.49738675355911255,0.5538312196731567,0.05787942558526993
YDR316W,YNL336W,0,5.4846964,0.4969538748264313,0.5538312196731567,0.05797973647713661
YPL045W,YOR003W,0,5.482383,0.4965217411518097,0.5538312196731567,0.058080047369003296
YJR064W,YGR261C,0,5.480657,0.4960903525352478,0.5538312196731567,0.05818035826086998
YKL146W,YDR348C,0,5.4801736,0.4956597089767456,0.5538312196731567,0.058280669152736664
YGR209C,YIL105C,0,5.4793167,0.4952298402786255,0.5538312196731567,0.05838098004460335
YGR003W,YER068W,1,5.4781938,0.4956672489643097,0.5548011660575867,0.05838098004460335
YJL210W,YKL193C,0,5.476214,0.4952380955219269,0.5548011660575867,0.05848129093647003
YOR329C,YGL166W,0,5.476126,0.49480968713760376,0.5548011660575867,0.058581601828336716
YCL052C,YOR256C,1,5.4746294,0.4952463209629059,0.5557711124420166,0.058581601828336716
YKR023W,YPR108W,1,5.466544,0.4956822097301483,0.5567409992218018,0.058581601828336716
YOL034W,YML024W,0,5.465604,0.4952545166015625,0.5567409992218018,0.0586819127202034
YGR087C,YNR046W,0,5.4653673,0.49482759833335876,0.5567409992218018,0.058782223612070084
YAL005C,YOL027C,0,5.451909,0.49440136551856995,0.5567409992218018,0.05888253450393677
YGL166W,YPL249C,0,5.450654,0.4939759075641632,0.5567409992218018,0.05898284539580345
YJL177W,YNL272C,0,5.4438133,0.4935511648654938,0.5567409992218018,0.059083156287670135
YKL096W,YOR293W,0,5.439873,0.49312713742256165,0.5567409992218018,0.05918346717953682
YER054C,YCR008W,0,5.438772,0.4927038550376892,0.5567409992218018,0.0592837780714035
YJR088C,YOL044W,0,5.4385457,0.49228131771087646,0.5567409992218018,0.05938408896327019
YMR189W,YDR382W,0,5.4360423,0.49185946583747864,0.5567409992218018,0.05948439985513687
YJR091C,YMR121C,0,5.429971,0.4914383590221405,0.5567409992218018,0.059584710747003555
YBL022C,YBR041W,1,5.427975,0.4918733835220337,0.5577109456062317,0.059584710747003555
YDR037W,YOR303W,0,5.4249835,0.49145299196243286,0.5577109456062317,0.05968502536416054
YBR217W,YOR362C,0,5.4235024,0.49103331565856934,0.5577109456062317,0.05978533625602722
YJL144W,YCL043C,1,5.419029,0.49146756529808044,0.5586808919906616,0.05978533625602722
YKR067W,YKL125W,0,5.4181,0.4910486042499542,0.5586808919906616,0.059885647147893906
YNL336W,YBR199W,0,5.4166446,0.4906303286552429,0.5586808919906616,0.05998595803976059
YMR280C,YEL042W,0,5.4143944,0.4902127683162689,0.5586808919906616,0.060086268931627274
YCL052C,YPL046C,1,5.411665,0.49064627289772034,0.5596508383750916,0.060086268931627274
YBL016W,YLR136C,0,5.409345,0.49022939801216125,0.5596508383750916,0.06018657982349396
YDR214W,YGL013C,0,5.408812,0.4898132383823395,0.5596508383750916,0.06028689071536064
YER068W,YHR204W,1,5.4062967,0.4902459681034088,0.5606207847595215,0.06028689071536064
YLR310C,YDR171W,0,5.40552,0.48983049392700195,0.5606207847595215,0.060387201607227325
YMR260C,YGL257C,0,5.401835,0.4894157350063324,0.5606207847595215,0.06048751249909401
YCL040W,YBL101C,0,5.398132,0.48900169134140015,0.5606207847595215,0.06058782339096069
YLR104W,YMR022W,1,5.3976893,0.4894336462020874,0.5615906715393066,0.06058782339096069
YJR017C,YDL147W,0,5.394691,0.4890202581882477,0.5615906715393066,0.06068813428282738
YPL152W,YHR084W,0,5.3923235,0.48860758543014526,0.5615906715393066,0.06078844517469406
YPR185W,YML058W,0,5.391844,0.48819562792778015,0.5615906715393066,0.060888756066560745
YBR234C,YOR303W,0,5.388658,0.48778432607650757,0.5615906715393066,0.06098906695842743
YLR240W,YER035W,0,5.388426,0.4873737394809723,0.5615906715393066,0.06108937785029411
YKL035W,YOR141C,0,5.3862247,0.48696383833885193,0.5615906715393066,0.0611896887421608
YOL119C,YNL265C,0,5.385707,0.4865546226501465,0.5615906715393066,0.06128999963402748
YJL151C,YHR191C,0,5.383852,0.48614609241485596,0.5615906715393066,0.061390310525894165
YKL091C,YKL112W,0,5.381723,0.48573824763298035,0.5615906715393066,0.06149062141776085
YLR423C,YFL062W,0,5.381139,0.48533108830451965,0.5615906715393066,0.06159093230962753
YDR457W,YOL013C,1,5.3735704,0.4857621490955353,0.5625606179237366,0.06159093230962753
YER003C,YMR067C,0,5.372386,0.4853556454181671,0.5625606179237366,0.06169124320149422
YGL207W,YLR275W,0,5.369863,0.48494982719421387,0.5625606179237366,0.0617915540933609
YPL037C,YNL305C,0,5.3595705,0.48454469442367554,0.5625606179237366,0.061891864985227585
YBR133C,YCL038C,0,5.358864,0.4841402471065521,0.5625606179237366,0.06199217587709427
YNL300W,YCR097W,0,5.356894,0.48373645544052124,0.5625606179237366,0.06209248676896095
YGL250W,YMR164C,0,5.3566175,0.4833333194255829,0.5625606179237366,0.06219279766082764
YER003C,YJL020C,0,5.355094,0.48293089866638184,0.5625606179237366,0.06229310855269432
YCR042C,YKL092C,0,5.3488073,0.4825291037559509,0.5625606179237366,0.062393419444561005
YJR102C,YDL139C,1,5.346477,0.4829592704772949,0.5635305643081665,0.062393419444561005
YPL024W,YJL159W,0,5.3459053,0.48255813121795654,0.5635305643081665,0.06249373033642769
YOL110W,YIR010W,0,5.34362,0.4821576774120331,0.5635305643081665,0.06259404122829437
YKR067W,YPL108W,0,5.3391256,0.48175787925720215,0.5635305643081665,0.06269435584545135
YML088W,YIL156W,1,5.3384676,0.4821872413158417,0.5645005106925964,0.06269435584545135
YHL013C,YGL179C,0,5.337836,0.4817880690097809,0.5645005106925964,0.06279466301202774
YMR014W,YBL100W-A,0,5.3354416,0.481389582157135,0.5645005106925964,0.06289497762918472
YKL163W,YNL326C,0,5.3333426,0.4809917211532593,0.5645005106925964,0.06299528479576111
YLR408C,YLR155C,0,5.3268166,0.48059454560279846,0.5645005106925964,0.06309559941291809
YGL001C,YMR021C,0,5.321451,0.4801980257034302,0.5645005106925964,0.06319590657949448
YFL062W,YDR119W,0,5.3200693,0.47980213165283203,0.5645005106925964,0.06329622119665146
YPL055C,YDR382W,0,5.3146214,0.4794069230556488,0.5645005106925964,0.06339652836322784
YJR017C,YOR035C,0,5.3085847,0.4790123403072357,0.5645005106925964,0.06349684298038483
YBL067C,YJR125C,0,5.3085766,0.47861841320991516,0.5645005106925964,0.06359715014696121
YIR003W,YOL060C,0,5.30673,0.47822514176368713,0.5645005106925964,0.0636974647641182
YNL327W,YGR206W,0,5.305973,0.47783252596855164,0.5645005106925964,0.06379777193069458
YDL008W,YGL048C,1,5.305785,0.47826087474823,0.5654703974723816,0.06379777193069458
YMR170C,YER035W,0,5.303646,0.47786885499954224,0.5654703974723816,0.06389808654785156
YNL067W,YBR004C,0,5.303378,0.477477490901947,0.5654703974723816,0.06399839371442795
YGL133W,YJL002C,0,5.30042,0.47708675265312195,0.5654703974723816,0.06409870833158493
YFL025C,YOR371C,1,5.2977276,0.4775142967700958,0.5664403438568115,0.06409870833158493
YDR363W-A,YHR200W,1,5.29581,0.4779411852359772,0.5674102902412415,0.06409870833158493
YKL125W,YOR245C,0,5.2949314,0.47755101323127747,0.5674102902412415,0.06419901549816132
YPR020W,YDR225W,0,5.2947083,0.4771614968776703,0.5674102902412415,0.0642993301153183
YKR013W,YGL121C,0,5.2876234,0.47677260637283325,0.5674102902412415,0.06439963728189468
YER068W,YMR100W,1,5.2869844,0.47719869017601013,0.5683802366256714,0.06439963728189468
YOR298C-A,YJL020C,0,5.2852154,0.47681042551994324,0.5683802366256714,0.06449995189905167
YAL005C,YJL159W,0,5.280465,0.4764227569103241,0.5683802366256714,0.06460025906562805
YFR036W,YNL230C,1,5.2795067,0.4768480956554413,0.5693501234054565,0.06460025906562805
YLR378C,YBR227C,1,5.2790127,0.47727271914482117,0.5703200697898865,0.06460025906562805
YKL002W,YGL058W,1,5.27829,0.4776966869831085,0.5712900161743164,0.06460025906562805
YLR310C,YOR007C,0,5.2746644,0.47730955481529236,0.5712900161743164,0.06470057368278503
YPL009C,YBR110W,0,5.2702303,0.4769230782985687,0.5712900161743164,0.06480088084936142
YIL099W,YEL020C,0,5.2669625,0.47653722763061523,0.5712900161743164,0.0649011954665184
YKL010C,YDR118W,1,5.2660418,0.4769603908061981,0.5722599625587463,0.0649011954665184
YPL065W,YDR118W,1,5.2644825,0.4773828685283661,0.5732298493385315,0.0649011954665184
YBR290W,YGR186W,0,5.2532687,0.47699758410453796,0.5732298493385315,0.06500150263309479
YIL005W,YDR177W,1,5.250534,0.47741934657096863,0.5741997957229614,0.06500150263309479
YOL128C,YOL016C,0,5.2437744,0.47703465819358826,0.5741997957229614,0.06510181725025177
YOR173W,YMR154C,0,5.2365274,0.47665056586265564,0.5741997957229614,0.06520212441682816
YOR115C,YPR023C,0,5.23308,0.47626709938049316,0.5741997957229614,0.06530243903398514
YOL013C,YHR098C,0,5.2291946,0.47588425874710083,0.5741997957229614,0.06540274620056152
YJR095W,YJL138C,0,5.22705,0.47550201416015625,0.5741997957229614,0.0655030608177185
YGR038W,YGL181W,0,5.2266426,0.4751203954219818,0.5741997957229614,0.06560336798429489
YLR298C,YOL119C,0,5.224948,0.4747393727302551,0.5741997957229614,0.06570368260145187
YBR126C,YNL053W,0,5.2234097,0.4743589758872986,0.5741997957229614,0.06580398976802826
YER012W,YLR097C,1,5.221675,0.47477981448173523,0.5751697421073914,0.06580398976802826
YHR083W,YGL153W,0,5.221468,0.47440001368522644,0.5751697421073914,0.06590430438518524
YLR352W,YBR041W,1,5.2153254,0.4748201370239258,0.5761396884918213,0.06590430438518524
YBR228W,YNR032W,0,5.2101493,0.47444090247154236,0.5761396884918213,0.06600461155176163
YMR077C,YOR371C,1,5.21013,0.4748603403568268,0.5771095752716064,0.06600461155176163
YER021W,YHR001W,0,5.209773,0.4744816720485687,0.5771095752716064,0.06610492616891861
YDR153C,YEL071W,0,5.2084603,0.4741035997867584,0.5771095752716064,0.066205233335495
YLR342W,YOR284W,0,5.2062106,0.4737261235713959,0.5771095752716064,0.06630554795265198
YOR080W,YOL013C,1,5.2013245,0.4741447865962982,0.5780795216560364,0.06630554795265198
YMR115W,YDR255C,1,5.199918,0.47456279397010803,0.5790494680404663,0.06630554795265198
YDR085C,YBR008C,0,5.1986346,0.47418585419654846,0.5790494680404663,0.06640585511922836
YDR394W,YBR204C,0,5.1961374,0.47380951046943665,0.5790494680404663,0.06650616973638535
YHR098C,YGR231C,0,5.19573,0.47343379259109497,0.5790494680404663,0.06660647690296173
YJL034W,YDR131C,1,5.1823897,0.4738510251045227,0.5800194144248962,0.06660647690296173
YFR051C,YGL043W,0,5.1823454,0.473475843667984,0.5800194144248962,0.06670679152011871
YDR097C,YLR378C,0,5.1809926,0.47310125827789307,0.5800194144248962,0.0668070986866951
YHR124W,YBR244W,0,5.1807404,0.4727272689342499,0.5800194144248962,0.06690741330385208
YGL058W,YNL123W,1,5.1795177,0.4731437563896179,0.5809893012046814,0.06690741330385208
YIL017C,YDR177W,1,5.176352,0.47355958819389343,0.5819592475891113,0.06690741330385208
YGR003W,YGR184C,1,5.1733603,0.4739747643470764,0.5829291939735413,0.06690741330385208
YER116C,YOL038W,1,5.1718736,0.47438928484916687,0.5838991403579712,0.06690741330385208
YPL012W,YJR019C,0,5.1685324,0.4740157425403595,0.5838991403579712,0.06700772047042847
YBR139W,YGR231C,0,5.167795,0.4736427962779999,0.5838991403579712,0.06710803508758545
YMR092C,YKR029C,0,5.164141,0.473270446062088,0.5838991403579712,0.06720834225416183
YGL124C,YEL011W,0,5.1618204,0.4728986620903015,0.5838991403579712,0.06730865687131882
YGL022W,YDL010W,0,5.161114,0.47252747416496277,0.5838991403579712,0.0674089714884758
YDR306C,YGR003W,1,5.1599665,0.47294119000434875,0.5848690867424011,0.0674089714884758
YML110C,YOR303W,0,5.158748,0.472570538520813,0.5848690867424011,0.06750927865505219
YDL236W,YBR014C,0,5.157713,0.472200483083725,0.5848690867424011,0.06760959327220917
YAL014C,YBR229C,0,5.153702,0.47183099389076233,0.5848690867424011,0.06770990043878555
YDL226C,YMR278W,0,5.1525435,0.47146207094192505,0.5848690867424011,0.06781021505594254
YPL152W,YBR056W,0,5.151041,0.4710937440395355,0.5848690867424011,0.06791052222251892
YML088W,YOR259C,1,5.146658,0.47150662541389465,0.5858389735221863,0.06791052222251892
YJR117W,YIL030C,1,5.1431594,0.47191888093948364,0.5868089199066162,0.06791052222251892
YGR275W,YHR016C,0,5.1303716,0.4715510606765747,0.5868089199066162,0.0680108368396759
YFL062W,YLR148W,0,5.128499,0.47118380665779114,0.5868089199066162,0.06811114400625229
YMR121C,YPL008W,0,5.127898,0.47081711888313293,0.5868089199066162,0.06821145862340927
YNL225C,YLR341W,0,5.1273456,0.4704509973526001,0.5868089199066162,0.06831176578998566
YJL002C,YER073W,0,5.122165,0.470085471868515,0.5868089199066162,0.06841208040714264
YML064C,YDR001C,0,5.1187534,0.4697204828262329,0.5868089199066162,0.06851238757371902
YHR016C,YOR360C,0,5.113331,0.46935608983039856,0.5868089199066162,0.06861270219087601
YKR080W,YLL052C,0,5.1117773,0.4689922332763672,0.5868089199066162,0.06871300935745239
YNR026C,YHR102W,0,5.111732,0.46862897276878357,0.5868089199066162,0.06881332397460938
YIL065C,YIL129C,0,5.1111565,0.46826624870300293,0.5868089199066162,0.06891363114118576
YDR221W,YPR079W,0,5.109146,0.46790409088134766,0.5868089199066162,0.06901394575834274
YHR115C,YOL082W,1,5.106241,0.4683153033256531,0.5877788662910461,0.06901394575834274
YKL025C,YBR088C,0,5.1014934,0.4679536819458008,0.5877788662910461,0.06911425292491913
YFL062W,YNL336W,1,5.0973334,0.4683642089366913,0.5887488126754761,0.06911425292491913
YDR519W,YGL207W,0,5.095439,0.4680030941963196,0.5887488126754761,0.06921456754207611
YGL001C,YPL030W,0,5.09494,0.46764251589775085,0.5887488126754761,0.0693148747086525
YPL052W,YBR114W,1,5.0903854,0.46805235743522644,0.5897186994552612,0.0693148747086525
YNL064C,YDL191W,0,5.089173,0.4676923155784607,0.5897186994552612,0.06941518932580948
YHR016C,YDL150W,0,5.086943,0.4673328101634979,0.5897186994552612,0.06951549649238586
YHL002W,YDL025C,0,5.085259,0.4669739007949829,0.5897186994552612,0.06961581110954285
YOR371C,YIL017W,1,5.081612,0.4673829674720764,0.5906886458396912,0.06961581110954285
YBR133C,YMR121C,0,5.078664,0.4670245349407196,0.5906886458396912,0.06971611827611923
YDR142C,YNL336W,0,5.0779552,0.46666666865348816,0.5906886458396912,0.06981643289327621
YBL057C,YGR136W,1,5.0763683,0.46707504987716675,0.5916585922241211,0.06981643289327621
YJR117W,YBL084C,1,5.0740376,0.4674827754497528,0.592628538608551,0.06981643289327621
YKL086W,YDL147W,0,5.0736613,0.46712538599967957,0.592628538608551,0.0699167400598526
YCL011C,YHR188C,0,5.068607,0.4667685329914093,0.592628538608551,0.07001705467700958
YHR043C,YLR355C,0,5.0663233,0.466412216424942,0.592628538608551,0.07011736184358597
YOR362C,YIL040W,0,5.0648575,0.4660564363002777,0.592628538608551,0.07021767646074295
YHL002W,YNL299W,0,5.0641623,0.46570122241973877,0.592628538608551,0.07031798362731934
YOR173W,YPL057C,0,5.0633903,0.4653465449810028,0.592628538608551,0.07041829824447632
YER021W,YNL116W,1,5.061233,0.465753436088562,0.5935984253883362,0.07041829824447632
YPR029C,YDL168W,0,5.057931,0.46539923548698425,0.5935984253883362,0.0705186054110527
YOR336W,YGL245W,0,5.0574617,0.46504560112953186,0.5935984253883362,0.07061892002820969
YBL006C,YGL124C,0,5.056994,0.46469247341156006,0.5935984253883362,0.07071922719478607
YNL230C,YLR421C,1,5.055196,0.46509861946105957,0.5945683717727661,0.07071922719478607
YDR073W,YJL020C,0,5.0540686,0.46474602818489075,0.5945683717727661,0.07081954181194305
YDR216W,YBR229C,0,5.0539727,0.4643939435482025,0.5945683717727661,0.07091984897851944
YER094C,YGL153W,0,5.0537624,0.46404239535331726,0.5945683717727661,0.07102016359567642
YOR033C,YEL060C,0,5.053032,0.463691383600235,0.5945683717727661,0.07112047076225281
YLL023C,YLR117C,0,5.0519867,0.4633408784866333,0.5945683717727661,0.07122078537940979
YDR058C,YLR421C,0,5.0509973,0.462990939617157,0.5945683717727661,0.07132109254598618
YOR259C,YNL155W,1,5.0484347,0.46339622139930725,0.595538318157196,0.07132109254598618
YEL060C,YBR265W,0,5.041634,0.46304675936698914,0.595538318157196,0.07142140716314316
YJL123C,YDR408C,0,5.04111,0.4626978039741516,0.595538318157196,0.07152171432971954
YGR256W,YEL003W,0,5.038209,0.46234938502311707,0.595538318157196,0.07162202894687653
YJL034W,YJL073W,1,5.035832,0.46275395154953003,0.596508264541626,0.07162202894687653
YGL166W,YOR367W,0,5.035677,0.4624060094356537,0.596508264541626,0.07172233611345291
YLR342W,YGR186W,0,5.035287,0.4620586037635803,0.596508264541626,0.0718226507306099
YPR103W,YJL093C,0,5.0346446,0.46171170473098755,0.596508264541626,0.07192295789718628
YBR126C,YHR176W,0,5.0329456,0.46136534214019775,0.596508264541626,0.07202327251434326
YLR034C,YGL012W,0,5.03134,0.46101948618888855,0.596508264541626,0.07212357968091965
YMR190C,YBL027W,0,5.0293183,0.4606741666793823,0.596508264541626,0.07222389429807663
YJL207C,YBR110W,0,5.0253344,0.4603293538093567,0.596508264541626,0.07232420146465302
YDR363W,YFL022C,0,5.0236855,0.45998504757881165,0.596508264541626,0.07242451608181
YGL121C,YBL067C,0,5.021884,0.4596412479877472,0.596508264541626,0.07252482324838638
YIR011C,YDR457W,1,5.0216517,0.460044801235199,0.5974781513214111,0.07252482324838638
YGL004C,YOL013C,1,5.013962,0.460447758436203,0.5984480977058411,0.07252482324838638
YAL005C,YDR119W,0,5.0053835,0.46010440587997437,0.5984480977058411,0.07262513786554337
YMR106C,YBR070C,0,5.0048575,0.4597615599632263,0.5984480977058411,0.07272545248270035
YPL217C,YJR125C,0,5.00388,0.45941922068595886,0.5984480977058411,0.07282575964927673
YPL084W,YOL082W,1,5.0002365,0.4598214328289032,0.599418044090271,0.07282575964927673
YKL073W,YCR097W,0,4.9958324,0.45947954058647156,0.599418044090271,0.07292607426643372
YNL090W,YDR043C,0,4.9929495,0.4591381847858429,0.599418044090271,0.0730263814330101
YHR104W,YLL005C,0,4.9922132,0.4587973356246948,0.599418044090271,0.07312669605016708
YCL038C,YOL021C,0,4.9914503,0.45845696330070496,0.599418044090271,0.07322700321674347
YMR060C,YDR037W,0,4.990583,0.45811712741851807,0.599418044090271,0.07332731783390045
YBL050W,YKL160W,0,4.989167,0.4577777683734894,0.599418044090271,0.07342762500047684
YBR290W,YIR008C,0,4.9881215,0.45743894577026367,0.599418044090271,0.07352793961763382
YML069W,YNL134C,0,4.9874363,0.45710060000419617,0.599418044090271,0.0736282467842102
YDL126C,YOL089C,0,4.986622,0.45676276087760925,0.599418044090271,0.07372856140136719
YPR079W,YOR360C,0,4.9849577,0.45642539858818054,0.599418044090271,0.07382886856794357
YDR221W,YPR185W,0,4.983948,0.4560885727405548,0.599418044090271,0.07392918318510056
YOR080W,YPL002C,1,4.9832926,0.4564896821975708,0.6003879904747009,0.07392918318510056
YMR288W,YDR001C,0,4.980405,0.4561532735824585,0.6003879904747009,0.07402949035167694
YPL055C,YEL020C,0,4.9803486,0.4558173716068268,0.6003879904747009,0.07412980496883392
YKL096W,YER118C,0,4.9795213,0.45548197627067566,0.6003879904747009,0.07423011213541031
YLR127C,YML068W,1,4.977149,0.45588234066963196,0.6013578772544861,0.07423011213541031
YDR382W,YKL221W,0,4.9769955,0.45554739236831665,0.6013578772544861,0.07433042675256729
YKL112W,YGL121C,0,4.9757447,0.45521292090415955,0.6013578772544861,0.07443073391914368
YJR099W,YMR115W,1,4.975356,0.4556126296520233,0.602327823638916,0.07443073391914368
YNL316C,YEL060C,0,4.9720654,0.455278605222702,0.602327823638916,0.07453104853630066
YBR056W,YFL002C,0,4.9718804,0.45494505763053894,0.602327823638916,0.07463135570287704
YBR084C-A,YMR291W,0,4.9688044,0.45461201667785645,0.602327823638916,0.07473167032003403
YMR113W,YAL061W,0,4.9675674,0.45427945256233215,0.602327823638916,0.07483197748661041
YLR064W,YGL121C,0,4.966677,0.45394736528396606,0.602327823638916,0.0749322921037674
YLR352W,YOR256C,1,4.9661007,0.454346239566803,0.603297770023346,0.0749322921037674
YJL034W,YNL116W,1,4.961956,0.45474451780319214,0.6042677164077759,0.0749322921037674
YMR288W,YML024W,0,4.960434,0.4544128477573395,0.6042677164077759,0.07503259927034378
YHR098C,YNL014W,0,4.959959,0.45408162474632263,0.6042677164077759,0.07513291388750076
YMR214W,YML007W,0,4.9594812,0.4537509083747864,0.6042677164077759,0.07523322105407715
YFL062W,YJR002W,0,4.959133,0.4534206688404083,0.6042677164077759,0.07533353567123413
YPR183W,YPL230W,0,4.958872,0.4530909061431885,0.6042677164077759,0.07543384283781052
YOR153W,YBR154C,0,4.952141,0.45276162028312683,0.6042677164077759,0.0755341574549675
YLR272C,YNR032W,0,4.948875,0.4524328112602234,0.6042677164077759,0.07563446462154388
YKR098C,YBR133C,0,4.947938,0.45210450887680054,0.6042677164077759,0.07573477923870087
YDR043C,YPR140W,0,4.9475784,0.4517766535282135,0.6042677164077759,0.07583508640527725
YDR221W,YEL020C,0,4.9461136,0.45144927501678467,0.6042677164077759,0.07593540102243423
YER119C,YJL020C,0,4.9459944,0.45112237334251404,0.6042677164077759,0.07603570818901062
YHR128W,YMR271C,0,4.945321,0.4507959485054016,0.6042677164077759,0.0761360228061676
YPL164C,YDL014W,0,4.944446,0.4504700005054474,0.6042677164077759,0.07623632997274399
YJL197W,YHR108W,1,4.9440928,0.45086705684661865,0.6052376627922058,0.07623632997274399
YDR104C,YPL230W,0,4.9437833,0.45054152607917786,0.6052376627922058,0.07633664458990097
YKL124W,YIL097W,1,4.942314,0.450937956571579,0.606207549571991,0.07633664458990097
YCL047C,YLR104W,1,4.941741,0.45133382081985474,0.6071774959564209,0.07633664458990097
YOR173W,YPR066W,0,4.939042,0.4510086476802826,0.6071774959564209,0.07643695175647736
YPL047W,YKL163W,0,4.937402,0.45068395137786865,0.6071774959564209,0.07653726637363434
YHR083W,YIL129C,0,4.9367485,0.4503597021102905,0.6071774959564209,0.07663757354021072
YLR388W,YNL134C,0,4.934889,0.450035959482193,0.6071774959564209,0.0767378881573677
YOR173W,YLR027C,0,4.9341636,0.4497126340866089,0.6071774959564209,0.07683819532394409
YBR068C,YOR133W,0,4.9320793,0.44938981533050537,0.6071774959564209,0.07693850994110107
YPR183W,YDL010W,0,4.928978,0.44906744360923767,0.6071774959564209,0.07703881710767746
YGL255W,YOR190W,0,4.928441,0.4487455189228058,0.6071774959564209,0.07713913172483444
YDR330W,YJR131W,1,4.9257364,0.44914039969444275,0.6081474423408508,0.07713913172483444
YLR225C,YLR362W,0,4.924581,0.4488188922405243,0.6081474423408508,0.07723943889141083
YHR200W,YBR227C,1,4.924506,0.4492131471633911,0.6091173887252808,0.07723943889141083
YPL237W,YLR027C,0,4.923409,0.4488920569419861,0.6091173887252808,0.07733975350856781
YJR105W,YOR344C,0,4.9228373,0.44857141375541687,0.6091173887252808,0.0774400606751442
YCR067C,YGR186W,0,4.9216843,0.44825124740600586,0.6091173887252808,0.07754037529230118
YBR227C,YHR200W,1,4.921653,0.4486447870731354,0.6100872755050659,0.07754037529230118
YNL064C,YNL209W,0,4.9212284,0.4483250081539154,0.6100872755050659,0.07764068245887756
YDR073W,YJL177W,0,4.920677,0.44800570607185364,0.6100872755050659,0.07774099707603455
YLR342W,YDR538W,0,4.920426,0.4476868212223053,0.6100872755050659,0.07784131169319153
YNR012W,YDR394W,0,4.9191093,0.44736841320991516,0.6100872755050659,0.07794161885976791
YKL210W,YKL010C,1,4.9167433,0.447761207818985,0.6110572218894958,0.07794161885976791
YBR302C,YGL224C,0,4.9117513,0.4474431872367859,0.6110572218894958,0.0780419334769249
YGR271C-A,YLR070C,0,4.911052,0.4471256136894226,0.6110572218894958,0.07814224064350128
YDL126C,YOR141C,0,4.9088564,0.44680851697921753,0.6110572218894958,0.07824255526065826
YER146W,YLR332W,0,4.908531,0.4464918375015259,0.6110572218894958,0.07834286242723465
YKL008C,YIR021W,0,4.9053106,0.44617563486099243,0.6110572218894958,0.07844317704439163
YCR048W,YOR367W,0,4.903181,0.4458598792552948,0.6110572218894958,0.07854348421096802
YIL041W,YLR308W,0,4.9027586,0.4455445408821106,0.6110572218894958,0.078643798828125
YCR066W,YLL023C,0,4.9011803,0.4452296793460846,0.6110572218894958,0.07874410599470139
YLR310C,YBR244W,0,4.8987207,0.4449152648448944,0.6110572218894958,0.07884442061185837
YML013W,YDR255C,1,4.8978486,0.4453069865703583,0.6120271682739258,0.07884442061185837
YGR209C,YBR106W,0,4.8967853,0.44499295949935913,0.6120271682739258,0.07894472777843475
YBR088C,YDL066W,0,4.895935,0.4446793496608734,0.6120271682739258,0.07904504239559174
YNL264C,YPL046C,0,4.8938246,0.4443661868572235,0.6120271682739258,0.07914534956216812
YDL132W,YGR074W,0,4.8918886,0.4440534710884094,0.6120271682739258,0.0792456641793251
YKL091C,YBL105C,0,4.8903337,0.44374120235443115,0.6120271682739258,0.07934597134590149
YDR363W-A,YDR177W,1,4.8855944,0.44413211941719055,0.6129971146583557,0.07934597134590149
YMR014W,YOR100C,0,4.8849807,0.4438202381134033,0.6129971146583557,0.07944628596305847
YDR394W,YNL305C,0,4.882187,0.4435087740421295,0.6129971146583557,0.07954659312963486
YOR173W,YLR155C,0,4.8788548,0.44319775700569153,0.6129971146583557,0.07964690774679184
YOL097C,YIL121W,0,4.8763647,0.44288718700408936,0.6129971146583557,0.07974721491336823
YPR023C,YIL131C,0,4.8758664,0.4425770342350006,0.6129971146583557,0.07984752953052521
YOR336W,YLR362W,0,4.87373,0.4422673285007477,0.6129971146583557,0.07994783669710159
YER162C,YOR257W,1,4.871502,0.44265735149383545,0.6139670014381409,0.07994783669710159
YOR336W,YNL009W,0,4.8714733,0.44234800338745117,0.6139670014381409,0.08004815131425858
YJL145W,YDR225W,0,4.869808,0.4420391023159027,0.6139670014381409,0.08014845848083496
YHR098C,YPL230W,0,4.869767,0.44173064827919006,0.6139670014381409,0.08024877309799194
YER144C,YKR098C,1,4.868466,0.4421199560165405,0.6149369478225708,0.08024877309799194
YGL134W,YBR088C,0,4.8658347,0.44181185960769653,0.6149369478225708,0.08034908026456833
YCL045C,YLR369W,0,4.8654838,0.44150418043136597,0.6149369478225708,0.08044939488172531
YPL016W,YGR256W,0,4.863273,0.4411969482898712,0.6149369478225708,0.0805497020483017
YKL160W,YBR229C,0,4.8621855,0.4408901333808899,0.6149369478225708,0.08065001666545868
YFL062W,YCR066W,0,4.8612366,0.440583735704422,0.6149369478225708,0.08075032383203506
YBR200W,YCR069W,0,4.86089,0.4402777850627899,0.6149369478225708,0.08085063844919205
YJR099W,YIL040W,0,4.8604817,0.43997225165367126,0.6149369478225708,0.08095094561576843
YDR333C,YDR394W,1,4.8565865,0.4403606057167053,0.6159068942070007,0.08095094561576843
YJL159W,YMR060C,0,4.8551836,0.4400554299354553,0.6159068942070007,0.08105126023292542
YDR001C,YOR133W,0,4.8548236,0.43975070118904114,0.6159068942070007,0.0811515673995018
YBR293W,YDL191W,0,4.8541617,0.439446359872818,0.6159068942070007,0.08125188201665878
YDR394W,YPR079W,0,4.85212,0.43914246559143066,0.6159068942070007,0.08135218918323517
YPL023C,YMR197C,0,4.8500357,0.43883898854255676,0.6159068942070007,0.08145250380039215
YJR099W,YOR371C,1,4.848107,0.43922650814056396,0.6168768405914307,0.08145250380039215
YKL065C,YNR046W,0,4.846447,0.4389233887195587,0.6168768405914307,0.08155281096696854
YFR051C,YNL225C,0,4.8446827,0.4386206865310669,0.6168768405914307,0.08165312558412552
YGL047W,YOL034W,0,4.843814,0.4383184015750885,0.6168768405914307,0.0817534327507019
YBR126C,YNL003C,0,4.843609,0.43801653385162354,0.6168768405914307,0.08185374736785889
YKL073W,YNL279W,0,4.8434505,0.437715083360672,0.6168768405914307,0.08195405453443527
YHR079C-A,YLR216C,0,4.841693,0.4374140202999115,0.6168768405914307,0.08205436915159225
YKL133C,YOR256C,1,4.841119,0.43780067563056946,0.6178467273712158,0.08205436915159225
YML069W,YBR014C,0,4.838893,0.4375,0.6178467273712158,0.08215467631816864
YFL016C,YMR058W,0,4.836155,0.4371997117996216,0.6178467273712158,0.08225499093532562
YIL117C,YNL279W,0,4.8342433,0.436899870634079,0.6178467273712158,0.08235529810190201
YDL126C,YJL149W,1,4.83073,0.43728581070899963,0.6188166737556458,0.08235529810190201
YEL060C,YDR084C,0,4.8247943,0.4369862973690033,0.6188166737556458,0.08245561271905899
YNL224C,YBR110W,0,4.8239794,0.4366872012615204,0.6188166737556458,0.08255591988563538
YHR016C,YAL014C,0,4.823763,0.4363885223865509,0.6188166737556458,0.08265623450279236
YHR187W,YNL321W,0,4.8236856,0.43609023094177246,0.6188166737556458,0.08275654166936874
YDL232W,YBR293W,0,4.821683,0.43579235672950745,0.6188166737556458,0.08285685628652573
YMR161W,YIL017W,1,4.821291,0.43617746233940125,0.6197866201400757,0.08285685628652573
YDL190C,YGL263W,1,4.8210907,0.43656206130981445,0.6207565665245056,0.08285685628652573
YHR188C,YLR117C,0,4.8180757,0.4362644851207733,0.6207565665245056,0.08295717090368271
YML118W,YLR431C,0,4.8175745,0.4359672963619232,0.6207565665245056,0.0830574780702591
YOL133W,YNL008C,1,4.8159323,0.4363512694835663,0.6217264533042908,0.0830574780702591
YFR046C,YDR156W,0,4.815461,0.43605440855026245,0.6217264533042908,0.08315779268741608
YKL096W,YGL055W,0,4.8150897,0.43575799465179443,0.6217264533042908,0.08325809985399246
YGR152C,YNL321W,0,4.813404,0.43546196818351746,0.6217264533042908,0.08335841447114944
YDL193W,YKL216W,0,4.8111157,0.4351663291454315,0.6217264533042908,0.08345872163772583
YGL150C,YPR065W,0,4.8105383,0.434871107339859,0.6217264533042908,0.08355903625488281
YLR408C,YKR003W,0,4.8096504,0.43457627296447754,0.6217264533042908,0.0836593434214592
YOR208W,YNL305C,0,4.805357,0.4342818558216095,0.6217264533042908,0.08375965803861618
YHR178W,YDR255C,0,4.8042808,0.4339878261089325,0.6217264533042908,0.08385996520519257
YHL022C,YDR208W,0,4.80143,0.43369418382644653,0.6217264533042908,0.08396027982234955
YNR023W,YER119C,0,4.800532,0.433400958776474,0.6217264533042908,0.08406058698892593
YEL060C,YLR355C,0,4.7999063,0.4331081211566925,0.6217264533042908,0.08416090160608292
YOR197W,YGL012W,0,4.797128,0.43281567096710205,0.6217264533042908,0.0842612087726593
YCR024C-A,YHR200W,0,4.787446,0.43252360820770264,0.6217264533042908,0.08436152338981628
YER003C,YNL279W,0,4.7873116,0.43223196268081665,0.6217264533042908,0.08446183055639267
YOL110W,YIL015W,0,4.7866707,0.4319407045841217,0.6217264533042908,0.08456214517354965
YDR030C,YOR197W,1,4.781023,0.43232324719429016,0.6226963996887207,0.08456214517354965
YBR127C,YLR155C,0,4.778125,0.4320322871208191,0.6226963996887207,0.08466245234012604
YLR336C,YPL015C,0,4.7776814,0.43174177408218384,0.6226963996887207,0.08476276695728302
YMR251W-A,YGL008C,0,4.7737246,0.43145161867141724,0.6226963996887207,0.0848630741238594
YER119C,YDR258C,0,4.7659397,0.4311618506908417,0.6226963996887207,0.08496338874101639
YBR215W,YHR016C,0,4.7644696,0.43087247014045715,0.6226963996887207,0.08506369590759277
YIL117C,YOR371C,0,4.763098,0.43058350682258606,0.6226963996887207,0.08516401052474976
YIL041W,YEL026W,0,4.762721,0.4302949011325836,0.6226963996887207,0.08526431769132614
YKL208W,YLR378C,0,4.7623315,0.4300067126750946,0.6226963996887207,0.08536463230848312
YJL172W,YKL124W,1,4.761414,0.4303882122039795,0.6236663460731506,0.08536463230848312
YGL250W,YBR204C,0,4.758597,0.43010032176971436,0.6236663460731506,0.08546493947505951
YHL002W,YJR093C,0,4.7518854,0.42981284856796265,0.6236663460731506,0.08556525409221649
YDR216W,YGL125W,0,4.750917,0.4295257329940796,0.6236663460731506,0.08566556125879288
YLR408C,YBR057C,0,4.7473507,0.4292389750480652,0.6236663460731506,0.08576587587594986
YPR165W,YIL065C,0,4.7462025,0.4289526343345642,0.6236663460731506,0.08586618304252625
YDL193W,YMR236W,0,4.743015,0.4286666810512543,0.6236663460731506,0.08596649765968323
YHR039C,YMR189W,0,4.7393184,0.428381085395813,0.6236663460731506,0.08606680482625961
YAL005C,YGR249W,0,4.7391267,0.42809587717056274,0.6236663460731506,0.0861671194434166
YGL121C,YPL005W,0,4.7381783,0.42781105637550354,0.6236663460731506,0.08626742660999298
YKL145W,YDR255C,1,4.7379756,0.42819148302078247,0.6246362924575806,0.08626742660999298
YIL049W,YCL020W,0,4.737756,0.42790699005126953,0.6246362924575806,0.08636774122714996
YJR161C,YOR197W,1,4.7360945,0.4282868504524231,0.6256061792373657,0.08636774122714996
YPL256C,YJR017C,0,4.735758,0.42800265550613403,0.6256061792373657,0.08646804839372635
YKL124W,YMR119W,1,4.7339277,0.42838194966316223,0.6265761256217957,0.08646804839372635
YKR023W,YCL043C,1,4.7324734,0.4287607669830322,0.6275460720062256,0.08646804839372635
YMR236W,YOL039W,0,4.731371,0.42847681045532227,0.6275460720062256,0.08656836301088333
YGL184C,YBL046W,0,4.731353,0.42819324135780334,0.6275460720062256,0.08666867017745972
YKL046C,YOR293W,0,4.729673,0.42791005969047546,0.6275460720062256,0.0867689847946167
YHR039C,YCR089W,0,4.7262726,0.42762723565101624,0.6275460720062256,0.08686929196119308
YBR228W,YPR025C,0,4.723746,0.42734476923942566,0.6275460720062256,0.08696960657835007
YML123C,YNR075W,0,4.719098,0.4270627200603485,0.6275460720062256,0.08706991374492645
YOR362C,YDL178W,0,4.717981,0.4267809987068176,0.6275460720062256,0.08717022836208344
YPR151C,YOR198C,0,4.715185,0.4264996647834778,0.6275460720062256,0.08727053552865982
YDR104C,YBR201W,0,4.713988,0.426218718290329,0.6275460720062256,0.0873708501458168
YNL126W,YOR003W,0,4.7110434,0.42593812942504883,0.6275460720062256,0.08747115731239319
YHR178W,YLL023C,0,4.710741,0.42565789818763733,0.6275460720062256,0.08757147192955017
YKL127W,YLR341W,0,4.7090964,0.42537805438041687,0.6275460720062256,0.08767177909612656
YLR233C,YJR105W,0,4.7068577,0.42509856820106506,0.6275460720062256,0.08777209371328354
YDR118W,YDR255C,1,4.7066126,0.4254760444164276,0.6285160183906555,0.08777209371328354
YPR075C,YDL214C,0,4.7044425,0.4251968562602997,0.6285160183906555,0.08787240087985992
YLR224W,YJL073W,1,4.703102,0.42557376623153687,0.6294859647750854,0.08787240087985992
YIL099W,YGL097W,0,4.7027802,0.4252948760986328,0.6294859647750854,0.0879727154970169
YKL034W,YDR255C,1,4.701497,0.425671249628067,0.6304558515548706,0.0879727154970169
YMR164C,YLR408C,0,4.6989713,0.42539265751838684,0.6304558515548706,0.08807302266359329
YPR058W,YPL181W,0,4.69716,0.4251144528388977,0.6304558515548706,0.08817333728075027
YBR132C,YFL016C,0,4.696636,0.4248366057872772,0.6304558515548706,0.08827365189790726
YGL048C,YDL165W,0,4.6955104,0.4245591163635254,0.6304558515548706,0.08837395906448364
YNL154C,YNL037C,0,4.6879444,0.4242819845676422,0.6304558515548706,0.08847427368164062
YGR003W,YNL230C,1,4.6877127,0.42465752363204956,0.6314257979393005,0.08847427368164062
YGL022W,YKR087C,0,4.6870723,0.42438068985939026,0.6314257979393005,0.08857458084821701
YOR256C,YMR264W,1,4.687001,0.42475569248199463,0.6323957443237305,0.08857458084821701
YER012W,YER116C,1,4.686981,0.4251302182674408,0.6333656907081604,0.08857458084821701
YKL091C,YBR280C,0,4.686369,0.4248536229133606,0.6333656907081604,0.08867489546537399
YFL008W,YPL079W,0,4.686164,0.42457738518714905,0.6333656907081604,0.08877520263195038
YGL022W,YKL139W,0,4.684285,0.42430150508880615,0.6333656907081604,0.08887551724910736
YDR142C,YEL055C,0,4.6828876,0.4240259826183319,0.6333656907081604,0.08897582441568375
YGR125W,YGL156W,0,4.6786985,0.4237508177757263,0.6333656907081604,0.08907613903284073
YPR107C,YMR236W,0,4.6732907,0.4234760105609894,0.6333656907081604,0.08917644619941711
YMR092C,YAR014C,0,4.6679635,0.4232015609741211,0.6333656907081604,0.0892767608165741
YLR298C,YGL179C,0,4.6666956,0.42292746901512146,0.6333656907081604,0.08937706798315048
YBR161W,YMR271C,0,4.665411,0.4226537346839905,0.6333656907081604,0.08947738260030746
YHR187W,YKR065C,0,4.6629615,0.42238032817840576,0.6333656907081604,0.08957768976688385
YAL005C,YOR196C,0,4.6618066,0.4221073091030121,0.6333656907081604,0.08967800438404083
YDR354W,YGL153W,0,4.660742,0.4218346178531647,0.6333656907081604,0.08977831155061722
YGL160W,YDR255C,0,4.655884,0.4215622842311859,0.6333656907081604,0.0898786261677742
YER006W,YJL036W,0,4.655157,0.4212903082370758,0.6333656907081604,0.08997893333435059
YDL168W,YIL110W,0,4.652706,0.42101868987083435,0.6333656907081604,0.09007924795150757
YOR336W,YNL064C,1,4.6504135,0.4213917553424835,0.6343355774879456,0.09007924795150757
YGL047W,YBL009W,0,4.650323,0.42112040519714355,0.6343355774879456,0.09017955511808395
YLR406C,YOR178C,0,4.649451,0.42084941267967224,0.6343355774879456,0.09027986973524094
YIL010W,YFL034C-A,0,4.6466217,0.4205787777900696,0.6343355774879456,0.09038017690181732
YCR042C,YAL009W,0,4.645254,0.4203084707260132,0.6343355774879456,0.0904804915189743
YML026C,YGL012W,0,4.636453,0.42003852128982544,0.6343355774879456,0.09058079868555069
YCL052C,YGL240W,1,4.632386,0.42041078209877014,0.6353055238723755,0.09058079868555069
YOR128C,YOL008W,0,4.631266,0.4201411306858063,0.6353055238723755,0.09068111330270767
YBR290W,YIL044C,0,4.6295133,0.41987180709838867,0.6353055238723755,0.09078142046928406
YGL048C,YOL013C,1,4.6294084,0.42024344205856323,0.6362754702568054,0.09078142046928406
YML130C,YNL270C,0,4.6292105,0.4199743866920471,0.6362754702568054,0.09088173508644104
YBR293W,YFR004W,0,4.62633,0.41970568895339966,0.6362754702568054,0.09098204225301743
YPL170W,YHR043C,0,4.625351,0.41943734884262085,0.6362754702568054,0.09108235687017441
YCL040W,YDR141C,0,4.6227865,0.4191693365573883,0.6362754702568054,0.0911826640367508
YJR067C,YNL336W,0,4.6167316,0.418901652097702,0.6362754702568054,0.09128297865390778
YOL146W,YDL132W,0,4.6154103,0.4186343252658844,0.6362754702568054,0.09138328582048416
YER144C,YNL008C,1,4.614496,0.4190050959587097,0.6372454166412354,0.09138328582048416
YGR133W,YER004W,0,4.611258,0.4187380373477936,0.6372454166412354,0.09148360043764114
YGR038W,YPR079W,0,4.6106358,0.4184713363647461,0.6372454166412354,0.09158390760421753
YOR328W,YNL099C,0,4.609996,0.4182049632072449,0.6372454166412354,0.09168422222137451
YMR171C,YOR336W,1,4.6098766,0.41857507824897766,0.6382153034210205,0.09168422222137451
YOR293W,YIL031W,0,4.6075845,0.41830897331237793,0.6382153034210205,0.0917845293879509
YLR272C,YNL305C,0,4.6064415,0.41804319620132446,0.6382153034210205,0.09188484400510788
YBR103W,YJR159W,0,4.6038713,0.41777777671813965,0.6382153034210205,0.09198515117168427
YDR016C,YPR181C,0,4.6024504,0.4175126850605011,0.6382153034210205,0.09208546578884125
YBL102W,YJL076W,0,4.6009665,0.4172479510307312,0.6382153034210205,0.09218577295541763
YJL154C,YNL256W,0,4.598947,0.4169835150241852,0.6382153034210205,0.09228608757257462
YGR013W,YMR309C,0,4.598346,0.4167194366455078,0.6382153034210205,0.092386394739151
YFR042W,YNL312W,0,4.596382,0.4164556860923767,0.6382153034210205,0.09248670935630798
YGR038W,YNL093W,0,4.5945063,0.41619229316711426,0.6382153034210205,0.09258701652288437
YMR116C,YPL005W,0,4.5931473,0.4159291982650757,0.6382153034210205,0.09268733114004135
YEL034W,YDL236W,0,4.5912495,0.41566646099090576,0.6382153034210205,0.09278763830661774
YBR039W,YPR033C,0,4.5893745,0.4154040515422821,0.6382153034210205,0.09288795292377472
YCL020W,YOR153W,0,4.588155,0.4151419699192047,0.6382153034210205,0.0929882600903511
YNL125C,YLL036C,0,4.587406,0.4148802161216736,0.6382153034210205,0.09308857470750809
YPL212C,YNL134C,0,4.58529,0.4146187901496887,0.6382153034210205,0.09318888187408447
YNL264C,YKL139W,0,4.581298,0.4143576920032501,0.6382153034210205,0.09328919649124146
YDL155W,YIL121W,0,4.581273,0.4140969216823578,0.6382153034210205,0.09338951110839844
YDL052C,YBL101C,0,4.581068,0.4138364791870117,0.6382153034210205,0.09348981827497482
YDR073W,YGL150C,0,4.5808525,0.4135763645172119,0.6382153034210205,0.0935901328921318
YAL014C,YNL224C,0,4.5798054,0.4133165776729584,0.6382153034210205,0.09369044005870819
YGL048C,YHR102W,0,4.577509,0.4130571186542511,0.6382153034210205,0.09379075467586517
YOL097C,YML130C,0,4.5754075,0.4127979874610901,0.6382153034210205,0.09389106184244156
YFR051C,YGR098C,0,4.5722756,0.41253918409347534,0.6382153034210205,0.09399137645959854
YIR022W,YML022W,0,4.571987,0.41228070855140686,0.6382153034210205,0.09409168362617493
YHL002W,YDR142C,0,4.571754,0.41202253103256226,0.6382153034210205,0.09419199824333191
YER021W,YKR086W,0,4.5713267,0.4117647111415863,0.6382153034210205,0.0942923054099083
YFR042W,YBL101C,0,4.5710964,0.41150718927383423,0.6382153034210205,0.09439262002706528
YOL110W,YIL016W,0,4.5710354,0.4112499952316284,0.6382153034210205,0.09449292719364166
YER019W,YDR485C,0,4.567918,0.41099312901496887,0.6382153034210205,0.09459324181079865
YFL062W,YDR161W,1,4.5676556,0.41136080026626587,0.6391852498054504,0.09459324181079865
YDL005C,YNL321W,0,4.5648184,0.4111041724681854,0.6391852498054504,0.09469354897737503
YPL268W,YGR038W,0,4.5643864,0.41084787249565125,0.6391852498054504,0.09479386359453201
YBR068C,YBL100W-A,0,4.56195,0.41059190034866333,0.6391852498054504,0.0948941707611084
YLR034C,YNR051C,0,4.561694,0.4103362262248993,0.6391852498054504,0.09499448537826538
YDR104C,YCL033C,0,4.5583887,0.4100809097290039,0.6391852498054504,0.09509479254484177
YOR149C,YML007W,0,4.554295,0.40982586145401,0.6391852498054504,0.09519510716199875
YJR088C,YGL150C,0,4.553733,0.40957117080688477,0.6391852498054504,0.09529541432857513
YHR112C,YMR014W,0,4.5533905,0.4093167781829834,0.6391852498054504,0.09539572894573212
YBL050W,YHR196W,0,4.5517178,0.4090626835823059,0.6391852498054504,0.0954960361123085
YNL014W,YOR153W,0,4.5499125,0.40880894660949707,0.6391852498054504,0.09559635072946548
YKR023W,YGR136W,1,4.5490465,0.40917545557022095,0.6401551961898804,0.09559635072946548
YOL128C,YDL161W,0,4.5490046,0.4089219272136688,0.6401551961898804,0.09569665789604187
YJR044C,YJL076W,0,4.5486555,0.40866872668266296,0.6401551961898804,0.09579697251319885
YKL133C,YJL073W,1,4.548165,0.4090346395969391,0.6411251425743103,0.09579697251319885
YBL036C,YBR210W,0,4.546213,0.4087817072868347,0.6411251425743103,0.09589727967977524
YKR080W,YHR188C,0,4.544237,0.40852904319763184,0.6411251425743103,0.09599759429693222
YNL312W,YDL201W,0,4.5403028,0.4082767069339752,0.6411251425743103,0.0960979014635086
YLR064W,YGL029W,0,4.5400114,0.40802469849586487,0.6411251425743103,0.09619821608066559
YER054C,YER157W,0,4.539469,0.4077729880809784,0.6411251425743103,0.09629852324724197
YLL039C,YOL049W,0,4.536129,0.4075215756893158,0.6411251425743103,0.09639883786439896
YLR064W,YLR222C,0,4.5351768,0.40727049112319946,0.6411251425743103,0.09649914503097534
YOR208W,YKL073W,0,4.5277452,0.407019704580307,0.6411251425743103,0.09659945964813232
YDL013W,YKL010C,1,4.5251036,0.40738460421562195,0.6420950293540955,0.09659945964813232
YBL084C,YGL054C,0,4.5238547,0.407134085893631,0.6420950293540955,0.09669976681470871
YGL011C,YBR161W,0,4.5236664,0.4068838357925415,0.6420950293540955,0.09680008143186569
YDL193W,YNL305C,0,4.5222826,0.4066339135169983,0.6420950293540955,0.09690038859844208
YLR417W,YBR201W,1,4.52222,0.4069981575012207,0.6430649757385254,0.09690038859844208
YDL168W,YNR049C,0,4.5214624,0.4067484736442566,0.6430649757385254,0.09700070321559906
YDR139C,YPL002C,1,4.520372,0.4071122109889984,0.6440349221229553,0.09700070321559906
YOR371C,YMR214W,1,4.5163345,0.4074755012989044,0.6450048685073853,0.09700070321559906
YML088W,YOR336W,1,4.5138803,0.4078383445739746,0.6459747552871704,0.09700070321559906
YPR025C,YHR001W,0,4.5111,0.40758875012397766,0.6459747552871704,0.09710101038217545
YCL030C,YNL197C,0,4.5095663,0.4073394536972046,0.6459747552871704,0.09720132499933243
YEL063C,YPL249C,0,4.5041075,0.4070904552936554,0.6459747552871704,0.09730163216590881
YHR112C,YJL050W,0,4.501193,0.40684178471565247,0.6459747552871704,0.0974019467830658
YFR042W,YML024W,0,4.500766,0.4065934121608734,0.6459747552871704,0.09750225394964218
YLR224W,YNL230C,1,4.5000176,0.40695545077323914,0.6469447016716003,0.09750225394964218
YOR190W,YKL073W,0,4.4995613,0.4067073166370392,0.6469447016716003,0.09760256856679916
YOR140W,YLR110C,0,4.499319,0.4064594805240631,0.6469447016716003,0.09770287573337555
YKL055C,YNR051C,0,4.497496,0.4062119424343109,0.6469447016716003,0.09780319035053253
YJL091C,YDR198C,0,4.4947033,0.4059647023677826,0.6469447016716003,0.09790349751710892
YMR216C,YAL061W,0,4.493926,0.40571776032447815,0.6469447016716003,0.0980038121342659
YJR093C,YPL181W,0,4.493253,0.4054711163043976,0.6469447016716003,0.09810411930084229
YKR001C,YGR261C,0,4.492,0.4052248001098633,0.6469447016716003,0.09820443391799927
YLR424W,YGL150C,0,4.489048,0.40497875213623047,0.6469447016716003,0.09830474108457565
YHR043C,YKL193C,0,4.488393,0.40473300218582153,0.6469447016716003,0.09840505570173264
YJR105W,YNL272C,0,4.4854803,0.40448758006095886,0.6469447016716003,0.09850537031888962
YKL091C,YGR163W,0,4.4851003,0.4042424261569977,0.6469447016716003,0.098605677485466
YGL017W,YFL062W,1,4.4839153,0.4046032726764679,0.6479146480560303,0.098605677485466
YGL234W,YIL017C,0,4.4832516,0.4043583571910858,0.6479146480560303,0.09870599210262299
YGL250W,YKL211C,0,4.482576,0.4041137397289276,0.6479146480560303,0.09880629926919937
YOR344C,YLR110C,0,4.481951,0.4038694202899933,0.6479146480560303,0.09890661388635635
YML029W,YGL181W,0,4.480207,0.40362536907196045,0.6479146480560303,0.09900692105293274
YML046W,YBL101C,0,4.479799,0.4033816456794739,0.6479146480560303,0.09910723567008972
YDL010W,YOR003W,0,4.477653,0.4031381905078888,0.6479146480560303,0.09920754283666611
YPR145W,YBR008C,0,4.4769516,0.40289506316185,0.6479146480560303,0.09930785745382309
YGL121C,YBL105C,0,4.4768887,0.40265220403671265,0.6479146480560303,0.09940816462039948
YER042W,YLR133W,0,4.475836,0.4024096429347992,0.6479146480560303,0.09950847923755646
YPL152W,YJL020C,0,4.473276,0.4021673798561096,0.6479146480560303,0.09960878640413284
YCR069W,YPR009W,0,4.4713106,0.40192538499832153,0.6479146480560303,0.09970910102128983
YCR069W,YPR181C,0,4.4710174,0.4016837179660797,0.6479146480560303,0.09980940818786621
YBR132C,YLR135W,0,4.4699574,0.4014423191547394,0.6479146480560303,0.0999097228050232
YDR333C,YFR010W,1,4.46726,0.40180179476737976,0.6488845944404602,0.0999097228050232
YOL017W,YEL042W,0,4.466736,0.40156063437461853,0.6488845944404602,0.10001002997159958
YKR060W,YPR185W,0,4.46328,0.4013197422027588,0.6488845944404602,0.10011034458875656
YJL144W,YLR208W,1,4.4631186,0.4016786515712738,0.6498544812202454,0.10011034458875656
YDR118W,YDR177W,1,4.4579277,0.4020371437072754,0.6508244276046753,0.10011034458875656
YDL092W,YKL065C,0,4.4557557,0.4017964005470276,0.6508244276046753,0.10021065175533295
YDR237W,YJR137C,0,4.4546847,0.40155595541000366,0.6508244276046753,0.10031096637248993
YLR205C,YGL065C,0,4.4543366,0.4013157784938812,0.6508244276046753,0.10041127353906631
YNL159C,YBR058C,1,4.4526205,0.40167364478111267,0.6517943739891052,0.10041127353906631
YHR216W,YPL181W,0,4.4499264,0.40143370628356934,0.6517943739891052,0.1005115881562233
YML088W,YLR352W,1,4.449697,0.4017910361289978,0.6527643203735352,0.1005115881562233
YCR042C,YCL040W,0,4.449463,0.4015513062477112,0.6527643203735352,0.10061189532279968
YOR190W,YJL159W,0,4.448988,0.40131187438964844,0.6527643203735352,0.10071220993995667
YNL064C,YHR204W,1,4.4472113,0.4016686677932739,0.6537342667579651,0.10071220993995667
YDL005C,YKL035W,0,4.445917,0.4014294147491455,0.6537342667579651,0.10081251710653305
YLR136C,YBR044C,0,4.444724,0.40119048953056335,0.6537342667579651,0.10091283172369003
YBR014C,YLR229C,0,4.4435472,0.4009518027305603,0.6537342667579651,0.10101313889026642
YBR126C,YJL209W,0,4.443162,0.4007134437561035,0.6537342667579651,0.1011134535074234
YER078C,YCL019W,0,4.4416676,0.4004753530025482,0.6537342667579651,0.10121376067399979
YGL038C,YDL147W,0,4.441267,0.4002375304698944,0.6537342667579651,0.10131407529115677
YOL088C,YMR278W,0,4.440395,0.4000000059604645,0.6537342667579651,0.10141438245773315
YBL036C,YBR199W,0,4.4383073,0.39976274967193604,0.6537342667579651,0.10151469707489014
YBL067C,YJL149W,1,4.437925,0.40011855959892273,0.6547041535377502,0.10151469707489014
YNL315C,YLL028W,0,4.435568,0.399881511926651,0.6547041535377502,0.10161500424146652
YJR125C,YML075C,0,4.435546,0.39964476227760315,0.6547041535377502,0.1017153188586235
YDR184C,YPR075C,0,4.4320383,0.3994082808494568,0.6547041535377502,0.10181562602519989
YBL006C,YML118W,0,4.4316053,0.3991720974445343,0.6547041535377502,0.10191594064235687
YIL005W,YPL046C,1,4.4283857,0.3995271921157837,0.6556740999221802,0.10191594064235687
YIL046W,YJR017C,1,4.4271784,0.39988186955451965,0.6566440463066101,0.10191594064235687
YLR340W,YOL089C,0,4.42275,0.3996458053588867,0.6566440463066101,0.10201624780893326
YPL023C,YPR185W,0,4.422694,0.39941003918647766,0.6566440463066101,0.10211656242609024
YJR090C,YLR421C,1,4.4198294,0.39976415038108826,0.65761399269104,0.10211656242609024
YMR197C,YGL207W,0,4.419141,0.3995285928249359,0.65761399269104,0.10221686959266663
YCR023C,YKL092C,0,4.4167004,0.39929327368736267,0.65761399269104,0.10231718420982361
YOR362C,YBR201W,1,4.411503,0.3996468484401703,0.6585838794708252,0.10231718420982361
YER019W,YPR065W,0,4.4099317,0.39941176772117615,0.6585838794708252,0.1024174913764
YKL146W,YLR431C,0,4.409117,0.3991769552230835,0.6585838794708252,0.10251780599355698
YDL052C,YNL037C,0,4.407363,0.39894241094589233,0.6585838794708252,0.10261811316013336
YHR104W,YKL176C,0,4.404081,0.39870816469192505,0.6585838794708252,0.10271842777729034
YLR423C,YJR067C,0,4.4018855,0.39847418665885925,0.6585838794708252,0.10281873494386673
YFL062W,YDR314C,0,4.401179,0.39824047684669495,0.6585838794708252,0.10291904956102371
YBR077C,YIL017C,0,4.399445,0.39800703525543213,0.6585838794708252,0.1030193567276001
YMR304W,YLR417W,1,4.3991876,0.3983596861362457,0.6595538258552551,0.1030193567276001
YEL060C,YCR043C,0,4.398623,0.3981264531612396,0.6595538258552551,0.10311967134475708
YNL209W,YLR393W,0,4.397131,0.3978935182094574,0.6595538258552551,0.10321997851133347
YLR378C,YLR003C,0,4.396986,0.3976608216762543,0.6595538258552551,0.10332029312849045
YPL256C,YGL125W,0,4.39114,0.39742839336395264,0.6595538258552551,0.10342060029506683
YDR147W,YJR161C,0,4.386369,0.3971962630748749,0.6595538258552551,0.10352091491222382
YNL153C,YDR118W,1,4.3851805,0.3975481688976288,0.6605237722396851,0.10352091491222382
YGR059W,YIL023C,0,4.3849998,0.39731621742248535,0.6605237722396851,0.1036212220788002
YNL014W,YJL036W,0,4.3849773,0.3970845341682434,0.6605237722396851,0.10372153669595718
YGR186W,YJL154C,0,4.3841114,0.39685314893722534,0.6605237722396851,0.10382185131311417
YPR061C,YHR065C,0,4.3838196,0.3966220021247864,0.6605237722396851,0.10392215847969055
YDR540C,YDR450W,0,4.3809257,0.3963911533355713,0.6605237722396851,0.10402247309684753
YGL181W,YNL312W,0,4.3800707,0.3961605727672577,0.6605237722396851,0.10412278026342392
YKL125W,YFR044C,0,4.3780737,0.3959302306175232,0.6605237722396851,0.1042230948805809
YOR208W,YJL111W,0,4.377249,0.3957001864910126,0.6605237722396851,0.10432340204715729
YJR088C,YDR258C,0,4.3757973,0.39547038078308105,0.6605237722396851,0.10442371666431427
YJL139C,YDL165W,0,4.372442,0.3952408730983734,0.6605237722396851,0.10452402383089066
YOR007C,YNL106C,0,4.371614,0.3950116038322449,0.6605237722396851,0.10462433844804764
YKR098C,YOR022C,0,4.3699694,0.3947826027870178,0.6605237722396851,0.10472464561462402
YER141W,YDR051C,0,4.369334,0.39455386996269226,0.6605237722396851,0.104824960231781
YNL064C,YLR378C,1,4.3688583,0.3949044644832611,0.661493718624115,0.104824960231781
YDR182W,YNL229C,0,4.367279,0.39467594027519226,0.661493718624115,0.10492526739835739
YGR148C,YGL257C,0,4.365394,0.3944476544857025,0.661493718624115,0.10502558201551437
YMR214W,YLR027C,0,4.365146,0.39421966671943665,0.661493718624115,0.10512588918209076
YLR119W,YKL219W,1,4.36488,0.39456960558891296,0.6624636054039001,0.10512588918209076
YDR446W,YDL222C,0,4.364435,0.3943417966365814,0.6624636054039001,0.10522620379924774
YJR159W,YER166W,0,4.3631964,0.39411425590515137,0.6624636054039001,0.10532651096582413
YJR014W,YLR362W,0,4.3630857,0.3938869535923004,0.6624636054039001,0.10542682558298111
YOL119C,YLR003C,0,4.361305,0.39365994930267334,0.6624636054039001,0.1055271327495575
YBR253W,YGR261C,0,4.3606224,0.39343318343162537,0.6624636054039001,0.10562744736671448
YOR312C,YML121W,0,4.3598833,0.3932066857814789,0.6624636054039001,0.10572775453329086
YJL036W,YDR352W,0,4.3598776,0.3929804265499115,0.6624636054039001,0.10582806915044785
YDR394W,YOL082W,1,4.3597507,0.3933295011520386,0.6634335517883301,0.10582806915044785
YAL005C,YCL030C,0,4.359184,0.3931034505367279,0.6634335517883301,0.10592837631702423
YDR408C,YBR014C,0,4.3591285,0.3928776681423187,0.6634335517883301,0.10602869093418121
YGL255W,YGR048W,0,4.355657,0.39265212416648865,0.6634335517883301,0.1061289981007576
YOR094W,YHR098C,0,4.3548875,0.39242684841156006,0.6634335517883301,0.10622931271791458
YBR088C,YER021W,0,4.3483353,0.39220184087753296,0.6634335517883301,0.10632961988449097
YJL154C,YER075C,0,4.3470984,0.39197707176208496,0.6634335517883301,0.10642993450164795
YPL009C,YDR255C,1,4.3444295,0.3923253118991852,0.66440349817276,0.10642993450164795
YGR289C,YOR077W,0,4.3443904,0.3921007513999939,0.66440349817276,0.10653024166822433
YJR099W,YOR022C,0,4.341897,0.3918764293193817,0.66440349817276,0.10663055628538132
YML118W,YGL044C,0,4.338305,0.391652375459671,0.66440349817276,0.1067308634519577
YLR166C,YDL207W,0,4.337185,0.39142856001853943,0.66440349817276,0.10683117806911469
YPR107C,YGR278W,0,4.3362303,0.3912050127983093,0.66440349817276,0.10693148523569107
YBR056W,YOL060C,0,4.3348293,0.3909817337989807,0.66440349817276,0.10703179985284805
YBR132C,YJL091C,0,4.3347178,0.3907586932182312,0.66440349817276,0.10713210701942444
YPL227C,YER004W,0,4.3344884,0.3905359208583832,0.66440349817276,0.10723242163658142
YPR024W,YHR108W,1,4.3334904,0.3908831775188446,0.6653734445571899,0.10723242163658142
YMR135C,YGR065C,0,4.3295517,0.3906605839729309,0.6653734445571899,0.1073327288031578
YBR258C,YMR167W,0,4.32564,0.3904382586479187,0.6653734445571899,0.10743304342031479
YOR118W,YJL138C,0,4.323452,0.3902161419391632,0.6653734445571899,0.10753335058689117
YKL210W,YNL186W,1,4.3223023,0.39056283235549927,0.6663433313369751,0.10753335058689117
YDL132W,YER026C,0,4.3210716,0.3903408944606781,0.6663433313369751,0.10763366520404816
YLR368W,YHR043C,0,4.3208346,0.3901192545890808,0.6663433313369751,0.10773397237062454
YJL172W,YDR430C,1,4.3205037,0.3904653787612915,0.667313277721405,0.10773397237062454
YDR311W,YML024W,0,4.3188667,0.39024388790130615,0.667313277721405,0.10783428698778152
YGR038W,YBL067C,0,4.318576,0.3900226652622223,0.667313277721405,0.10793459415435791
YLR066W,YPL181W,0,4.3181453,0.3898017108440399,0.667313277721405,0.10803490877151489
YBL040C,YOL097C,0,4.317282,0.38958096504211426,0.667313277721405,0.10813521593809128
YCR068W,YMR260C,0,4.316022,0.3893604874610901,0.667313277721405,0.10823553055524826
YPR024W,YKL022C,1,4.315191,0.3897058963775635,0.668283224105835,0.10823553055524826
YBR139W,YNR051C,0,4.3095994,0.38948559761047363,0.668283224105835,0.10833583772182465
YML131W,YML058W,0,4.3073454,0.3892655372619629,0.668283224105835,0.10843615233898163
YPR075C,YKL193C,0,4.3041034,0.38904574513435364,0.668283224105835,0.10853645950555801
YMR214W,YNL116W,1,4.3029327,0.3893905282020569,0.6692531704902649,0.10853645950555801
YIL017C,YDR143C,1,4.302047,0.3897349238395691,0.67022305727005,0.10853645950555801
YOR328W,YJL047C,0,4.300649,0.389515221118927,0.67022305727005,0.108636774122715
YDR519W,YGR087C,0,4.299966,0.3892957866191864,0.67022305727005,0.10873708128929138
YNL116W,YOR245C,0,4.299704,0.3890765905380249,0.67022305727005,0.10883739590644836
YPR183W,YGL125W,0,4.2996345,0.3888576328754425,0.67022305727005,0.10893771052360535
YMR119W,YGL058W,1,4.298832,0.3892013430595398,0.67119300365448,0.10893771052360535
YDL248W,YJL048C,1,4.29628,0.38954469561576843,0.6721629500389099,0.10893771052360535
YBL036C,YFR004W,0,4.29607,0.3893258571624756,0.6721629500389099,0.10903801769018173
YEL063C,YHR166C,0,4.2947245,0.38910725712776184,0.6721629500389099,0.10913833230733871
YER119C,YBR154C,0,4.2946835,0.3888888955116272,0.6721629500389099,0.1092386394739151
YDL168W,YOR056C,0,4.2937856,0.38867077231407166,0.6721629500389099,0.10933895409107208
YDR216W,YMR067C,0,4.287148,0.3884529173374176,0.6721629500389099,0.10943926125764847
YBL016W,YNR049C,0,4.28375,0.38823530077934265,0.6721629500389099,0.10953957587480545
YDR085C,YBR070C,0,4.283168,0.3880179226398468,0.6721629500389099,0.10963988304138184
YLR275W,YKR087C,0,4.282755,0.38780078291893005,0.6721629500389099,0.10974019765853882
YJR064W,YGR231C,0,4.280877,0.3875838816165924,0.6721629500389099,0.1098405048251152
YNL064C,YDR255C,1,4.271678,0.38792622089385986,0.6731328964233398,0.1098405048251152
YPR075C,YGL100W,0,4.271572,0.38770949840545654,0.6731328964233398,0.10994081944227219
YER039C,YER003C,0,4.2707524,0.3874930143356323,0.6731328964233398,0.11004112660884857
YGR109C,YER073W,0,4.2695827,0.3872767984867096,0.6731328964233398,0.11014144122600555
YIR003W,YDR477W,0,4.2638416,0.3870607912540436,0.6731328964233398,0.11024174839258194
YDL248W,YNL230C,1,4.2638397,0.3874024450778961,0.674102783203125,0.11024174839258194
YKL167C,YBR204C,0,4.2637844,0.38718661665916443,0.674102783203125,0.11034206300973892
YBR227C,YGR231C,0,4.2636747,0.38697105646133423,0.674102783203125,0.11044237017631531
YNL275W,YLR216C,0,4.262586,0.38675570487976074,0.674102783203125,0.11054268479347229
YLR310C,YHR065C,0,4.2597485,0.38654059171676636,0.674102783203125,0.11064299196004868
YLR166C,YBR008C,0,4.2575583,0.38632574677467346,0.674102783203125,0.11074330657720566
YDR306C,YDL126C,1,4.2572565,0.3866666555404663,0.6750727295875549,0.11074330657720566
YLR332W,YKL193C,0,4.256262,0.38645195960998535,0.6750727295875549,0.11084361374378204
YDR349C,YDR293C,0,4.254517,0.3862375020980835,0.6750727295875549,0.11094392836093903
YPR061C,YHR107C,0,4.253234,0.38602328300476074,0.6750727295875549,0.11104423552751541
YGL250W,YDR354W,0,4.2501345,0.3858093023300171,0.6750727295875549,0.1111445501446724
YMR288W,YBR229C,0,4.2496877,0.38559556007385254,0.6750727295875549,0.11124485731124878
YJL151C,YJL145W,0,4.2459517,0.3853820562362671,0.6750727295875549,0.11134517192840576
YLR119W,YEL012W,1,4.245899,0.38572219014167786,0.6760426759719849,0.11134517192840576
YDR306C,YDR427W,1,4.2437267,0.3860619366168976,0.6770126223564148,0.11134517192840576
YLR116W,YGL012W,0,4.2431374,0.3858485221862793,0.6770126223564148,0.11144547909498215
YBR154C,YDL222C,0,4.2418623,0.3856353461742401,0.6770126223564148,0.11154579371213913
YNL125C,YKR046C,0,4.2400074,0.38542240858078003,0.6770126223564148,0.11164610087871552
YLR272C,YOR003W,0,4.234628,0.38520970940589905,0.6770126223564148,0.1117464154958725
YGL184C,YER157W,0,4.2326374,0.38499724864959717,0.6770126223564148,0.11184672266244888
YJL151C,YPL088W,0,4.227857,0.384784996509552,0.6770126223564148,0.11194703727960587
YNR075W,YMR135C,1,4.2276306,0.38512396812438965,0.6779825687408447,0.11194703727960587
YDR485C,YLR408C,0,4.227452,0.3849118947982788,0.6779825687408447,0.11204734444618225
YFL007W,YML088W,1,4.2260237,0.38525041937828064,0.6789524555206299,0.11204734444618225
YBR290W,YNL222W,0,4.224781,0.38503849506378174,0.6789524555206299,0.11214765906333923
YPR023C,YBR135W,0,4.2244663,0.3848268389701843,0.6789524555206299,0.11224796622991562
YMR014W,YKL208W,0,4.223036,0.38461539149284363,0.6789524555206299,0.1123482808470726
YOR362C,YGL257C,0,4.2198267,0.38440418243408203,0.6789524555206299,0.11244858801364899
YDL190C,YOR080W,1,4.218837,0.38474205136299133,0.6799224019050598,0.11244858801364899
YER162C,YML013W,1,4.216368,0.3850795328617096,0.6808923482894897,0.11244858801364899
YLR034C,YGR041W,0,4.2159576,0.38486841320991516,0.6808923482894897,0.11254890263080597
YDR043C,YEL003W,0,4.21585,0.38465753197669983,0.6808923482894897,0.11264920979738235
YML110C,YPL128C,0,4.2099853,0.3844468891620636,0.6808923482894897,0.11274952441453934
YMR216C,YCR003W,0,4.2098317,0.3842364549636841,0.6808923482894897,0.11284983158111572
YHR104W,YNL222W,0,4.2082906,0.38402625918388367,0.6808923482894897,0.1129501461982727
YHR200W,YFL002C,0,4.206785,0.38381630182266235,0.6808923482894897,0.11305045336484909
YOL006C,YCL040W,0,4.206122,0.38360655307769775,0.6808923482894897,0.11315076798200607
YPL164C,YKR046C,0,4.2053585,0.38339704275131226,0.6808923482894897,0.11325107514858246
YHR072W,YLR372W,0,4.20377,0.38318777084350586,0.6808923482894897,0.11335138976573944
YCR067C,YBR139W,0,4.201361,0.38297873735427856,0.6808923482894897,0.11345169693231583
YJR117W,YNL186W,1,4.200951,0.38331514596939087,0.6818622946739197,0.11345169693231583
YHR141C,YGL011C,0,4.200316,0.3831062614917755,0.6818622946739197,0.11355201154947281
YJR017C,YDR316W,0,4.2001004,0.38289761543273926,0.6818622946739197,0.1136523187160492
YDL122W,YBR041W,1,4.2000313,0.38323354721069336,0.6828321814537048,0.1136523187160492
YHL020C,YDR258C,0,4.195526,0.38302502036094666,0.6828321814537048,0.11375263333320618
YBR258C,YKR018C,0,4.19475,0.38281676173210144,0.6828321814537048,0.11385294049978256
YBR290W,YOR188W,0,4.193694,0.38260868191719055,0.6828321814537048,0.11395325511693954
YJL139C,YBR008C,0,4.1927443,0.38240087032318115,0.6828321814537048,0.11405356973409653
YGR261C,YNL265C,0,4.1921983,0.38219326734542847,0.6828321814537048,0.11415387690067291
YNL329C,YDL165W,0,4.189919,0.3819859027862549,0.6828321814537048,0.1142541915178299
YLR127C,YCL043C,1,4.1872363,0.3823210299015045,0.6838021278381348,0.1142541915178299
YLR064W,YML008C,0,4.182948,0.38211381435394287,0.6838021278381348,0.11435449868440628
YML130C,YCR068W,0,4.1815925,0.3819068372249603,0.6838021278381348,0.11445481330156326
YNL329C,YJL014W,0,4.1786704,0.3817000687122345,0.6838021278381348,0.11455512046813965
YKR023W,YER068W,1,4.177953,0.38203462958335876,0.6847720742225647,0.11455512046813965
YEL063C,YGR231C,0,4.1770434,0.3818280100822449,0.6847720742225647,0.11465543508529663
YJR091C,YLR449W,0,4.176708,0.3816216289997101,0.6847720742225647,0.11475574225187302
YGR209C,YEL003W,0,4.1762295,0.381415456533432,0.6847720742225647,0.11485605686903
YLR132C,YCR008W,0,4.1749506,0.38120949268341064,0.6847720742225647,0.11495636403560638
YOR231W,YKL167C,0,4.1744385,0.3810037672519684,0.6847720742225647,0.11505667865276337
YKL211C,YNL134C,0,4.1736436,0.3807982802391052,0.6847720742225647,0.11515698581933975
YCL033C,YGR128C,0,4.173066,0.3805930018424988,0.6847720742225647,0.11525730043649673
YOR361C,YIL010W,0,4.1711974,0.38038793206214905,0.6847720742225647,0.11535760760307312
YEL060C,YGR013W,0,4.170596,0.3801831007003784,0.6847720742225647,0.1154579222202301
YLR225C,YBR070C,0,4.167917,0.3799784779548645,0.6847720742225647,0.11555822938680649
YOL091W,YKL073W,0,4.1632733,0.3797740638256073,0.6847720742225647,0.11565854400396347
YGL047W,YNL134C,0,4.162678,0.3795698881149292,0.6847720742225647,0.11575885117053986
YPL053C,YIL129C,0,4.1615925,0.3793659210205078,0.6847720742225647,0.11585916578769684
YHR007C,YKR098C,0,4.1612415,0.3791621923446655,0.6847720742225647,0.11595947295427322
YPL236C,YKR024C,0,4.160673,0.37895867228507996,0.6847720742225647,0.1160597875714302
YDL066W,YGL044C,0,4.154193,0.3787553608417511,0.6847720742225647,0.11616009473800659
YML069W,YBR154C,0,4.153984,0.37855228781700134,0.6847720742225647,0.11626040935516357
YER143W,YJR017C,1,4.153679,0.37888532876968384,0.6857420206069946,0.11626040935516357
YOR080W,YBR158W,1,4.151637,0.3792179822921753,0.6867119073867798,0.11626040935516357
YBL101C,YIL097W,0,4.1506824,0.3790149986743927,0.6867119073867798,0.11636071652173996
YLR378C,YLR368W,1,4.146452,0.3793472349643707,0.6876818537712097,0.11636071652173996
YBR298C,YHR019C,0,4.146158,0.3791443705558777,0.6876818537712097,0.11646103113889694
YGR136W,YPL176C,1,4.1460414,0.3794762194156647,0.6886518001556396,0.11646103113889694
YDL212W,YML121W,0,4.145523,0.37927350401878357,0.6886518001556396,0.11656133830547333
YNL323W,YBR021W,0,4.14266,0.3790709972381592,0.6886518001556396,0.11666165292263031
YLR275W,YPR004C,0,4.1396575,0.3788687288761139,0.6886518001556396,0.1167619600892067
YIR022W,YGR048W,0,4.1391454,0.3786666691303253,0.6886518001556396,0.11686227470636368
YEL060C,YFL002C,0,4.139139,0.37846481800079346,0.6886518001556396,0.11696258187294006
YLR135W,YAL014C,0,4.1379976,0.3782631754875183,0.6886518001556396,0.11706289649009705
YHR016C,YJL036W,0,4.137434,0.37806177139282227,0.6886518001556396,0.11716320365667343
YOR321W,YLR066W,0,4.137241,0.37786057591438293,0.6886518001556396,0.11726351827383041
YJR056C,YDR143C,0,4.1340537,0.3776595890522003,0.6886518001556396,0.1173638254404068
YJR047C,YPR061C,0,4.1303616,0.3774588108062744,0.6886518001556396,0.11746414005756378
YPL212C,YDR163W,0,4.1302395,0.3772582411766052,0.6886518001556396,0.11756444722414017
YEL071W,YIL044C,0,4.1293845,0.37705788016319275,0.6886518001556396,0.11766476184129715
YOL133W,YOR256C,1,4.1284823,0.37738853693008423,0.6896217465400696,0.11766476184129715
YNL002C,YDR043C,0,4.1271677,0.3771883249282837,0.6896217465400696,0.11776506900787354
YJR088C,YNR049C,0,4.1266994,0.37698832154273987,0.6896217465400696,0.11786538362503052
YCR067C,YNL336W,0,4.126179,0.37678855657577515,0.6896217465400696,0.1179656907916069
YBL102W,YDR184C,0,4.1248913,0.37658897042274475,0.6896217465400696,0.11806600540876389
YPL236C,YJR014W,0,4.121867,0.37638962268829346,0.6896217465400696,0.11816631257534027
YDR358W,YDR069C,1,4.1206985,0.37671956419944763,0.6905916333198547,0.11816631257534027
YHR178W,YGL234W,0,4.119855,0.3765203654766083,0.6905916333198547,0.11826662719249725
YPL055C,YDR141C,0,4.118388,0.37632134556770325,0.6905916333198547,0.11836693435907364
YBR200W,YJL154C,0,4.118209,0.3761225640773773,0.6905916333198547,0.11846724897623062
YKL163W,YIR010W,0,4.117821,0.3759239614009857,0.6905916333198547,0.118567556142807
YEL046C,YKL092C,0,4.117432,0.3757255971431732,0.6905916333198547,0.11866787075996399
YJR019C,YGR065C,0,4.1166773,0.37552741169929504,0.6905916333198547,0.11876817792654037
YLR167W,YJL073W,1,4.1155505,0.3758566081523895,0.6915615797042847,0.11876817792654037
YDR293C,YBR110W,0,4.1137776,0.3756586015224457,0.6915615797042847,0.11886849254369736
YBR229C,YOR005C,0,4.1120405,0.37546077370643616,0.6915615797042847,0.11896879971027374
YKL213C,YDR191W,0,4.1118355,0.37526315450668335,0.6915615797042847,0.11906911432743073
YNL075W,YLL039C,0,4.1114626,0.37506574392318726,0.6915615797042847,0.11916942149400711
YMR214W,YOR371C,1,4.109671,0.3753943145275116,0.6925315260887146,0.11916942149400711
YGL250W,YGR207C,0,4.1086407,0.37519705295562744,0.6925315260887146,0.11926973611116409
YOL006C,YOR321W,0,4.106122,0.375,0.6925315260887146,0.11937005072832108
YHR042W,YOR122C,0,4.1059895,0.3748031556606293,0.6925315260887146,0.11947035789489746
YPR079W,YNL093W,0,4.10548,0.37460651993751526,0.6925315260887146,0.11957067251205444
YIL065C,YKR042W,0,4.1030817,0.37441006302833557,0.6925315260887146,0.11967097967863083
YHR183W,YGL181W,0,4.1022267,0.374213844537735,0.6925315260887146,0.11977129429578781
YBR110W,YNL279W,0,4.102149,0.3740178048610687,0.6925315260887146,0.1198716014623642
YPL256C,YGL124C,0,4.09824,0.37382200360298157,0.6925315260887146,0.11997191607952118
YBR280C,YNL265C,0,4.0978794,0.37362638115882874,0.6925315260887146,0.12007222324609756
YIL117C,YKR046C,0,4.0971603,0.3734309673309326,0.6925315260887146,0.12017253786325455
YKL163W,YKL137W,0,4.0960617,0.3732357621192932,0.6925315260887146,0.12027284502983093
YPL046C,YDR291W,0,4.095147,0.3730407655239105,0.6925315260887146,0.12037315964698792
YFL034C-B,YBR204C,0,4.0945077,0.37284594774246216,0.6925315260887146,0.1204734668135643
YKL091C,YDR452W,0,4.0944347,0.3726513683795929,0.6925315260887146,0.12057378143072128
YLR224W,YML029W,1,4.0923977,0.3729785978794098,0.6935014724731445,0.12057378143072128
YAR050W,YML110C,0,4.091951,0.3727841377258301,0.6935014724731445,0.12067408859729767
YPL152W,YLL023C,0,4.0882187,0.3725898861885071,0.6935014724731445,0.12077440321445465
YBR280C,YCL038C,0,4.086933,0.3723958432674408,0.6935014724731445,0.12087471038103104
YER039C,YOL013C,0,4.086501,0.37220197916030884,0.6935014724731445,0.12097502499818802
YDR311W,YJR017C,0,4.0814075,0.3720083236694336,0.6935014724731445,0.1210753321647644
YER144C,YPL079W,0,4.079187,0.37181487679481506,0.6935014724731445,0.12117564678192139
YKL113C,YDR264C,0,4.077462,0.37162160873413086,0.6935014724731445,0.12127595394849777
YDL103C,YEL020C,0,4.076672,0.37142857909202576,0.6935014724731445,0.12137626856565475
YFR051C,YNL275W,0,4.076574,0.371235728263855,0.6935014724731445,0.12147657573223114
YML130C,YER075C,0,4.074825,0.3710430860519409,0.6935014724731445,0.12157689034938812
YNL072W,YKR046C,0,4.0744147,0.3708506226539612,0.6935014724731445,0.12167719751596451
YOR249C,YGR184C,1,4.0727825,0.3711767792701721,0.6944713592529297,0.12167719751596451
YIR034C,YJR113C,0,4.072726,0.3709844648838043,0.6944713592529297,0.12177751213312149
YOL097C,YKL127W,0,4.071297,0.37079232931137085,0.6944713592529297,0.12187781929969788
YPL065W,YNL064C,1,4.071109,0.3711180090904236,0.6954413056373596,0.12187781929969788
YER116C,YFR010W,1,4.0698175,0.37144336104393005,0.6964112520217896,0.12187781929969788
YNR026C,YLL015W,0,4.069055,0.37125128507614136,0.6964112520217896,0.12197813391685486
YER172C,YMR083W,0,4.06861,0.3710594177246094,0.6964112520217896,0.12207844108343124
YOL013C,YIL040W,0,4.0669756,0.3708677589893341,0.6964112520217896,0.12217875570058823
YPR151C,YDR506C,0,4.066463,0.37067630887031555,0.6964112520217896,0.12227906286716461
YJL159W,YIL114C,0,4.0653753,0.3704850375652313,0.6964112520217896,0.1223793774843216
YKL163W,YDL165W,0,4.0646057,0.3702939748764038,0.6964112520217896,0.12247968465089798
YNL014W,YOR303W,0,4.060442,0.3701030910015106,0.6964112520217896,0.12257999926805496
YGL255W,YJR152W,0,4.059563,0.36991241574287415,0.6964112520217896,0.12268030643463135
YIL075C,YHR166C,1,4.0594273,0.370236873626709,0.6973811984062195,0.12268030643463135
YPR075C,YBL101C,0,4.059356,0.37004631757736206,0.6973811984062195,0.12278062105178833
YGL208W,YDR163W,0,4.058095,0.36985597014427185,0.6973811984062195,0.12288092821836472
YKL213C,YOL021C,0,4.0568542,0.36966580152511597,0.6973811984062195,0.1229812428355217
YDR051C,YGL160W,0,4.055883,0.3694758415222168,0.6973811984062195,0.12308155000209808
YLR027C,YGL153W,0,4.055807,0.36928609013557434,0.6973811984062195,0.12318186461925507
YGL234W,YNL336W,0,4.053835,0.3690965175628662,0.6973811984062195,0.12328217178583145
YCL052C,YDL248W,1,4.0501337,0.36942023038864136,0.6983511447906494,0.12328217178583145
YPL005W,YLL023C,0,4.0481243,0.3692307770252228,0.6983511447906494,0.12338248640298843
YJL210W,YGR249W,0,4.0467973,0.3690415024757385,0.6983511447906494,0.12348279356956482
YDL193W,YNL316C,0,4.0448503,0.3688524663448334,0.6983511447906494,0.1235831081867218
YJR099W,YPR101W,0,4.0427113,0.36866360902786255,0.6983511447906494,0.12368341535329819
YOL017W,YNL087W,0,4.0415874,0.36847493052482605,0.6983511447906494,0.12378372997045517
YJL002C,YHR042W,0,4.0408916,0.3682864308357239,0.6983511447906494,0.12388403713703156
YBR290W,YER006W,0,4.0401325,0.3680981695652008,0.6983511447906494,0.12398435175418854
YOL039W,YOR255W,0,4.0400867,0.3679100573062897,0.6983511447906494,0.12408465892076492
YJL113W,YHL013C,0,4.039523,0.36772215366363525,0.6983511447906494,0.1241849735379219
YJR088C,YOR058C,0,4.0393558,0.36753445863723755,0.6983511447906494,0.12428528070449829
YHR063C,YEL060C,0,4.032866,0.36734694242477417,0.6983511447906494,0.12438559532165527
YMR189W,YKR003W,0,4.0284286,0.3671596050262451,0.6983511447906494,0.12448590993881226
YDL126C,YPR009W,0,4.026632,0.3669724762439728,0.6983511447906494,0.12458621710538864
YJL123C,YBR154C,0,4.0250854,0.36678552627563477,0.6983511447906494,0.12468653172254562
YER146W,YDR452W,0,4.0220733,0.36659878492355347,0.6983511447906494,0.12478683888912201
YPL227C,YJL093C,0,4.021278,0.3664122223854065,0.6983511447906494,0.12488715350627899
YLR406C,YDR016C,0,4.0207896,0.36622583866119385,0.6983511447906494,0.12498746067285538
YGL184C,YDL052C,0,4.019063,0.3660396635532379,0.6983511447906494,0.12508776783943176
YGL047W,YNL035C,0,4.0184355,0.3658536672592163,0.6983511447906494,0.12518808245658875
YPR025C,YGL160W,0,4.017849,0.36566784977912903,0.6983511447906494,0.12528839707374573
YLR368W,YHR108W,1,4.017687,0.3659898340702057,0.6993210315704346,0.12528839707374573
YKL022C,YER068W,1,4.017556,0.36631152033805847,0.7002909779548645,0.12528839707374573
YNL037C,YGL234W,0,4.016725,0.36612576246261597,0.7002909779548645,0.1253887116909027
YCR068W,YMR092C,0,4.0164623,0.3659401834011078,0.7002909779548645,0.1254890114068985
YPL170W,YOR153W,0,4.016445,0.3657548129558563,0.7002909779548645,0.12558932602405548
YKL091C,YGR289C,0,4.0145,0.3655696213245392,0.7002909779548645,0.12568964064121246
YPL268W,YBR139W,0,4.0137415,0.36538460850715637,0.7002909779548645,0.12578995525836945
YLR135W,YHR200W,0,4.0131445,0.3651998043060303,0.7002909779548645,0.12589025497436523
YGL013C,YBR201W,0,4.012768,0.3650151789188385,0.7002909779548645,0.12599056959152222
YGR090W,YJR091C,0,4.008016,0.36483073234558105,0.7002909779548645,0.1260908842086792
YJR099W,YLR417W,1,4.0072327,0.3651515245437622,0.7012609243392944,0.1260908842086792
YML008C,YHR128W,0,4.006954,0.3649671971797943,0.7012609243392944,0.12619119882583618
YBL050W,YBR110W,0,4.005207,0.36478304862976074,0.7012609243392944,0.12629149854183197
YDL191W,YIR008C,0,4.0042048,0.3645990788936615,0.7012609243392944,0.12639181315898895
YML007W,YNL305C,0,4.0027065,0.36441531777381897,0.7012609243392944,0.12649212777614594
YAL058W,YBR227C,1,3.9998202,0.36473551392555237,0.7022308707237244,0.12649212777614594
YFL007W,YOR259C,1,3.9997644,0.3650553822517395,0.7032007575035095,0.12649212777614594
YFL009W,YOL082W,1,3.9988346,0.36537492275238037,0.7041707038879395,0.12649212777614594
YGR148C,YER011W,0,3.9978814,0.36519116163253784,0.7041707038879395,0.12659244239330292
YJR052W,YHR115C,1,3.9969943,0.36551031470298767,0.7051406502723694,0.12659244239330292
YDR258C,YKL167C,0,3.9955406,0.3653266429901123,0.7051406502723694,0.1266927421092987
YKL091C,YLR051C,0,3.9934285,0.36514315009117126,0.7051406502723694,0.1267930567264557
YML058W,YOR198C,0,3.9929233,0.36495983600616455,0.7051406502723694,0.12689337134361267
YLL036C,YLR178C,0,3.9916844,0.36477673053741455,0.7051406502723694,0.12699368596076965
YJL159W,YPL005W,0,3.9916606,0.3645937740802765,0.7051406502723694,0.12709398567676544
YDR147W,YBR008C,0,3.991263,0.36441102623939514,0.7051406502723694,0.12719430029392242
YLR372W,YOR367W,0,3.9895387,0.3642284572124481,0.7051406502723694,0.1272946149110794
YGL013C,YPR066W,0,3.9865456,0.3640460669994354,0.7051406502723694,0.1273949295282364
YDR043C,YNL256W,0,3.9834006,0.36386385560035706,0.7051406502723694,0.12749522924423218
YDR143C,YIL017C,1,3.9782114,0.36418208479881287,0.7061105966567993,0.12749522924423218
YGL011C,YIL103W,0,3.9777215,0.36399999260902405,0.7061105966567993,0.12759554386138916
YMR236W,YJL036W,0,3.9767241,0.36381807923316956,0.7061105966567993,0.12769585847854614
YIR022W,YKL152C,0,3.9764955,0.3636363744735718,0.7061105966567993,0.12779617309570312
YDR058C,YCR069W,0,3.976124,0.36345481872558594,0.7061105966567993,0.1278964728116989
YER004W,YER170W,0,3.975597,0.3632734417915344,0.7061105966567993,0.1279967874288559
YGL001C,YKL055C,0,3.9755552,0.3630922734737396,0.7061105966567993,0.12809710204601288
YML064C,YBL100W-A,0,3.9714456,0.36291125416755676,0.7061105966567993,0.12819741666316986
YDR182W,YDL020C,0,3.9709523,0.3627304434776306,0.7061105966567993,0.12829771637916565
YER035W,YHR083W,0,3.9708188,0.3625498116016388,0.7061105966567993,0.12839803099632263
YLR057W,YIR003W,0,3.9653316,0.3623693287372589,0.7061105966567993,0.12849834561347961
YMR104C,YER026C,0,3.960343,0.36218905448913574,0.7061105966567993,0.1285986602306366
YDR394W,YDR131C,1,3.959531,0.3625062108039856,0.7070804834365845,0.1285986602306366
YMR216C,YNR069C,0,3.9595146,0.362326055765152,0.7070804834365845,0.12869895994663239
YLR340W,YGL044C,0,3.9556649,0.3621460497379303,0.7070804834365845,0.12879927456378937
YKL146W,YOR368W,0,3.9555385,0.36196622252464294,0.7070804834365845,0.12889958918094635
YBR293W,YPL158C,0,3.9534948,0.3617866039276123,0.7070804834365845,0.12899990379810333
YJL115W,YIR035C,0,3.9506292,0.3616071343421936,0.7070804834365845,0.12910020351409912
YLR128W,YJL020C,0,3.9471061,0.3614278733730316,0.7070804834365845,0.1292005181312561
YPL002C,YIL017W,1,3.946892,0.36174431443214417,0.7080504298210144,0.1292005181312561
YOR234C,YLR408C,0,3.9449258,0.36156514286994934,0.7080504298210144,0.12930083274841309
YBR103W,YNL154C,0,3.9442048,0.36138615012168884,0.7080504298210144,0.12940114736557007
YDL126C,YLR069C,0,3.942781,0.36120733618736267,0.7080504298210144,0.12950144708156586
YDL188C,YBR139W,0,3.942038,0.36102867126464844,0.7080504298210144,0.12960176169872284
YAL032C,YOR133W,0,3.940689,0.3608502149581909,0.7080504298210144,0.12970207631587982
YDR519W,YJL091C,0,3.9379048,0.3606719374656677,0.7080504298210144,0.1298023909330368
YJL177W,YOL001W,0,3.9378343,0.36049383878707886,0.7080504298210144,0.1299027055501938
YIL117C,YDR267C,0,3.9374835,0.36031588912010193,0.7080504298210144,0.13000300526618958
YGL029W,YNL336W,0,3.936438,0.3601381480693817,0.7080504298210144,0.13010331988334656
YER069W,YIR033W,0,3.932166,0.35996055603027344,0.7080504298210144,0.13020363450050354
YFR042W,YIL065C,0,3.9307652,0.3597831428050995,0.7080504298210144,0.13030394911766052
YBR302C,YNL270C,0,3.9301038,0.35960590839385986,0.7080504298210144,0.1304042488336563
YGL020C,YER124C,0,3.9271827,0.35942885279655457,0.7080504298210144,0.1305045634508133
YLR128W,YDR214W,0,3.927109,0.3592519760131836,0.7080504298210144,0.13060487806797028
YKL125W,YCR003W,0,3.9268706,0.35907524824142456,0.7080504298210144,0.13070519268512726
YBR239C,YPL057C,0,3.9264789,0.35889872908592224,0.7080504298210144,0.13080549240112305
YMR278W,YOR003W,0,3.9236116,0.35872235894203186,0.7080504298210144,0.13090580701828003
YDR073W,YKL152C,0,3.9202268,0.3585461676120758,0.7080504298210144,0.131006121635437
YDR216W,YIL158W,0,3.9190714,0.3583701550960541,0.7080504298210144,0.131106436252594
YGR227W,YPR107C,0,3.9179442,0.3581943213939667,0.7080504298210144,0.13120673596858978
YOR128C,YJR064W,0,3.9172537,0.3580186367034912,0.7080504298210144,0.13130705058574677
YFL031W,YNL014W,0,3.9171455,0.3578431308269501,0.7080504298210144,0.13140736520290375
YLR225C,YLR222C,0,3.9164448,0.35766780376434326,0.7080504298210144,0.13150767982006073
YMR119W,YJR088C,0,3.9153266,0.3574926555156708,0.7080504298210144,0.13160797953605652
YDR085C,YBR139W,0,3.9133363,0.35731765627861023,0.7080504298210144,0.1317082941532135
YGL048C,YHR039C,0,3.913144,0.3571428656578064,0.7080504298210144,0.13180860877037048
YGR207C,YLR089C,0,3.9114199,0.3569682240486145,0.7080504298210144,0.13190892338752747
YJL002C,YJR161C,0,3.909787,0.35679373145103455,0.7080504298210144,0.13200922310352325
YLR025W,YBR227C,1,3.9095817,0.3571079671382904,0.7090203762054443,0.13200922310352325
YLR148W,YML025C,0,3.909061,0.35693359375,0.7090203762054443,0.13210953772068024
YBR103W,YNL169C,0,3.9058652,0.3567593991756439,0.7090203762054443,0.13220985233783722
YJR091C,YLR070C,0,3.9055662,0.3565853536128998,0.7090203762054443,0.1323101669549942
YDR104C,YNR049C,0,3.9038062,0.35641151666641235,0.7090203762054443,0.13241046667099
YGL208W,YDR171W,0,3.903132,0.35623782873153687,0.7090203762054443,0.13251078128814697
YNL229C,YIL129C,0,3.8998947,0.3560642898082733,0.7090203762054443,0.13261109590530396
YLR421C,YDR198C,0,3.8988388,0.3558909296989441,0.7090203762054443,0.13271141052246094
YDR119W,YLR421C,0,3.898568,0.3557177484035492,0.7090203762054443,0.13281171023845673
YPL211W,YGL011C,0,3.896166,0.3555447459220886,0.7090203762054443,0.1329120248556137
YDR210W,YOR245C,0,3.8959656,0.35537189245224,0.7090203762054443,0.1330123394727707
YKR067W,YPL003W,0,3.895091,0.3551992177963257,0.7090203762054443,0.13311265408992767
YBL045C,YBR244W,0,3.8938844,0.3550267219543457,0.7090203762054443,0.13321295380592346
YBR103W,YOR198C,0,3.8919077,0.35485437512397766,0.7090203762054443,0.13331326842308044
YKL096W,YML046W,0,3.8918362,0.35468220710754395,0.7090203762054443,0.13341358304023743
YKL120W,YOR360C,0,3.8914504,0.35451018810272217,0.7090203762054443,0.1335138976573944
YCL045C,YCR073C,0,3.890588,0.3543383479118347,0.7090203762054443,0.1336141973733902
YBR236C,YGR163W,0,3.8901234,0.3541666567325592,0.7090203762054443,0.13371451199054718
YKR018C,YNL093W,0,3.8901024,0.353995144367218,0.7090203762054443,0.13381482660770416
YKL184W,YPR185W,0,3.8899887,0.35382381081581116,0.7090203762054443,0.13391514122486115
YOL119C,YPL081W,0,3.8873663,0.35365262627601624,0.7090203762054443,0.13401544094085693
YGL001C,YHR115C,0,3.883051,0.35348162055015564,0.7090203762054443,0.13411575555801392
YOL008W,YOR298C-A,0,3.8801694,0.353310763835907,0.7090203762054443,0.1342160701751709
YLR342W,YGR284C,0,3.8795536,0.35314008593559265,0.7090203762054443,0.13431638479232788
YLR431C,YLR222C,0,3.8791373,0.35296958684921265,0.7090203762054443,0.13441668450832367
YBR004C,YMR067C,0,3.8784218,0.3527992367744446,0.7090203762054443,0.13451699912548065
YPL047W,YGL008C,0,3.8781486,0.35262903571128845,0.7090203762054443,0.13461731374263763
YDR394W,YGL153W,0,3.871714,0.35245901346206665,0.7090203762054443,0.13471762835979462
YPL084W,YBR171W,0,3.8710504,0.3522891700267792,0.7090203762054443,0.1348179429769516
YFL062W,YDR162C,0,3.8699574,0.35211944580078125,0.7090203762054443,0.1349182426929474
YPR145W,YHR191C,0,3.869254,0.35194993019104004,0.7090203762054443,0.13501855731010437
YKL096W,YLL028W,0,3.8683803,0.35178056359291077,0.7090203762054443,0.13511887192726135
YBR216C,YGR280C,0,3.8681045,0.35161134600639343,0.7090203762054443,0.13521918654441833
YCL033C,YGL020C,0,3.8680177,0.3514423072338104,0.7090203762054443,0.13531948626041412
YPR025C,YBR236C,0,3.8678637,0.35127341747283936,0.7090203762054443,0.1354198008775711
YLL039C,YDL174C,0,3.866862,0.3511047065258026,0.7090203762054443,0.1355201154947281
YOR210W,YIL097W,0,3.8663507,0.3509361445903778,0.7090203762054443,0.13562043011188507
YMR161W,YJR017C,1,3.8635852,0.3512476086616516,0.7099903225898743,0.13562043011188507
YIL082W-A,YGL029W,0,3.8614619,0.35107913613319397,0.7099903225898743,0.13572072982788086
YIL041W,YPR101W,0,3.8602934,0.35091084241867065,0.7099903225898743,0.13582104444503784
YGL184C,YHR050W,0,3.8595483,0.3507426977157593,0.7099903225898743,0.13592135906219482
YBR103W,YLR002C,0,3.8585382,0.35057470202445984,0.7099903225898743,0.1360216736793518
YHL002W,YPL190C,0,3.8576179,0.3504068851470947,0.7099903225898743,0.1361219733953476
YNL124W,YMR280C,0,3.8572812,0.35023924708366394,0.7099903225898743,0.13622228801250458
YJR052W,YBR201W,1,3.8567524,0.35054996609687805,0.7109602093696594,0.13622228801250458
YMR135C,YHR034C,0,3.8562846,0.35038241744041443,0.7109602093696594,0.13632260262966156
YKL146W,YNL083W,0,3.8548412,0.35021498799324036,0.7109602093696594,0.13642291724681854
YJR088C,YPL181W,0,3.8530777,0.350047767162323,0.7109602093696594,0.13652321696281433
YHR001W,YLR136C,0,3.8519063,0.3498806655406952,0.7109602093696594,0.1366235315799713
YKR067W,YNL336W,0,3.8509731,0.3497137427330017,0.7109602093696594,0.1367238461971283
YKL035W,YJL111W,0,3.8503704,0.34954696893692017,0.7109602093696594,0.13682416081428528
YPL211W,YGR067C,0,3.8499916,0.34938037395477295,0.7109602093696594,0.13692446053028107
YKL096W,YOR321W,0,3.8489578,0.3492138981819153,0.7109602093696594,0.13702477514743805
YHR034C,YOR336W,0,3.845703,0.34904763102531433,0.7109602093696594,0.13712508976459503
YPL256C,YOR371C,0,3.8446536,0.34888148307800293,0.7109602093696594,0.13722540438175201
YPR020W,YLR378C,0,3.8444324,0.34871551394462585,0.7109602093696594,0.1373257040977478
YML001W,YDR291W,0,3.8436823,0.3485496938228607,0.7109602093696594,0.13742601871490479
YBR290W,YKL220C,0,3.8400927,0.3483840227127075,0.7109602093696594,0.13752633333206177
YGR125W,YHR003C,0,3.840014,0.34821853041648865,0.7109602093696594,0.13762664794921875
YKL213C,YNL003C,0,3.8393068,0.3480531871318817,0.7109602093696594,0.13772694766521454
YOR080W,YDR328C,1,3.8388715,0.34836259484291077,0.7119301557540894,0.13772694766521454
YPL118W,YML121W,0,3.838707,0.348197340965271,0.7119301557540894,0.13782726228237152
YBR290W,YLL042C,0,3.8379893,0.34803223609924316,0.7119301557540894,0.1379275768995285
YLR240W,YBR070C,0,3.8373742,0.34786731004714966,0.7119301557540894,0.13802789151668549
YOR249C,YOR336W,1,3.8348823,0.3481762111186981,0.7129001021385193,0.13802789151668549
YHR108W,YLR208W,1,3.8336596,0.3484848439693451,0.7138700485229492,0.13802789151668549
YFL062W,YKR017C,1,3.8326993,0.3487931787967682,0.7148399353027344,0.13802789151668549
YER019W,YAL055W,0,3.8309317,0.3486281931400299,0.7148399353027344,0.13812819123268127
YIR011C,YDR049W,1,3.8285081,0.34893617033958435,0.7158098816871643,0.13812819123268127
YBR106W,YOR140W,0,3.8282144,0.34877127408981323,0.7158098816871643,0.13822850584983826
YDR363W-A,YDL097C,1,3.8278098,0.349078893661499,0.7167798280715942,0.13822850584983826
YAL005C,YHR062C,0,3.8270168,0.3489140570163727,0.7167798280715942,0.13832882046699524
YNL327W,YDR331W,0,3.8266573,0.34874939918518066,0.7167798280715942,0.13842913508415222
YOR035C,YNL220W,0,3.8262367,0.348584920167923,0.7167798280715942,0.138529434800148
YMR162C,YBR288C,0,3.8256378,0.34842056035995483,0.7167798280715942,0.138629749417305
YPL152W,YBR019C,0,3.8254292,0.34825634956359863,0.7167798280715942,0.13873006403446198
YOR329C,YPL015C,0,3.8227162,0.34809231758117676,0.7167798280715942,0.13883037865161896
YGR227W,YDR225W,0,3.8219323,0.3479284346103668,0.7167798280715942,0.13893067836761475
YCL052C,YIL097W,1,3.8198292,0.34823527932167053,0.7177497744560242,0.13893067836761475
YOR133W,YPL079W,0,3.8196876,0.34807148575782776,0.7177497744560242,0.13903099298477173
YKR098C,YBR062C,1,3.8184936,0.3483780026435852,0.7187196612358093,0.13903099298477173
YGR074W,YGL121C,0,3.8150337,0.3482142984867096,0.7187196612358093,0.1391313076019287
YIL091C,YDR506C,0,3.8140182,0.34805071353912354,0.7187196612358093,0.1392316222190857
YCL038C,YBR088C,0,3.8128128,0.3478873372077942,0.7187196612358093,0.13933192193508148
YDR294C,YDL201W,0,3.8118443,0.3477240800857544,0.7187196612358093,0.13943223655223846
YOR173W,YOR255W,0,3.8107767,0.34756097197532654,0.7187196612358093,0.13953255116939545
YOR329C,YLR155C,0,3.8091893,0.347398042678833,0.7187196612358093,0.13963286578655243
YKL025C,YMR214W,0,3.8090994,0.34723523259162903,0.7187196612358093,0.13973316550254822
YLR144C,YPL046C,0,3.8085012,0.3470726013183594,0.7187196612358093,0.1398334801197052
YOR208W,YBL018C,0,3.8079734,0.34691011905670166,0.7187196612358093,0.13993379473686218
YER012W,YPL052W-A,1,3.8065076,0.3472157120704651,0.7196896076202393,0.13993379473686218
YHR016C,YDR099W,0,3.8045127,0.34705331921577454,0.7196896076202393,0.14003410935401917
YJR161C,YER116C,1,3.804336,0.3473585844039917,0.7206595540046692,0.14003410935401917
YOL130W,YGL179C,0,3.804253,0.3471962511539459,0.7206595540046692,0.14013442397117615
YGR098C,YLR119W,0,3.803666,0.3470340967178345,0.7206595540046692,0.14023472368717194
YJR161C,YBR167C,0,3.803551,0.34687209129333496,0.7206595540046692,0.14033503830432892
YFR042W,YFR009W,0,3.7991707,0.346710205078125,0.7206595540046692,0.1404353529214859
YGL017W,YCR003W,0,3.7989788,0.34654849767684937,0.7206595540046692,0.14053566753864288
YKL022C,YNL336W,1,3.7979958,0.3468531370162964,0.7216295003890991,0.14053566753864288
YLR226W,YDR237W,0,3.7961683,0.3466915190219879,0.7216295003890991,0.14063596725463867
YOR173W,YGL077C,0,3.7885911,0.3465300500392914,0.7216295003890991,0.14073628187179565
YJL172W,YGR295C,1,3.7875004,0.346834272146225,0.722599446773529,0.14073628187179565
YBR132C,YDL103C,0,3.7873988,0.3466728627681732,0.722599446773529,0.14083659648895264
YDR156W,YOR122C,0,3.7865229,0.3465116322040558,0.722599446773529,0.14093691110610962
YER144C,YPL046C,1,3.7864575,0.34681543707847595,0.7235693335533142,0.14093691110610962
YDR294C,YML069W,0,3.7848516,0.3466542661190033,0.7235693335533142,0.1410372108221054
YHR141C,YEL004W,0,3.7845066,0.34649327397346497,0.7235693335533142,0.1411375254392624
YDR382W,YHR102W,0,3.783393,0.3463324010372162,0.7235693335533142,0.14123784005641937
YIL041W,YGL086W,0,3.781271,0.34617170691490173,0.7235693335533142,0.14133815467357635
YGR275W,YNL305C,0,3.7801344,0.34601113200187683,0.7235693335533142,0.14143845438957214
YER011W,YEL060C,0,3.7794528,0.34585070610046387,0.7235693335533142,0.14153876900672913
YDL181W,YDR382W,0,3.778273,0.34569045901298523,0.7235693335533142,0.1416390836238861
YJR113C,YKL184W,0,3.7747607,0.34553033113479614,0.7235693335533142,0.1417393982410431
YHL001W,YBR229C,0,3.7734747,0.3453703820705414,0.7235693335533142,0.14183969795703888
YLR408C,YGR166W,0,3.7732587,0.34521055221557617,0.7235693335533142,0.14194001257419586
YJL042W,YHR003C,0,3.7727802,0.3450508713722229,0.7235693335533142,0.14204032719135284
YKL027W,YBR139W,0,3.7701406,0.34489136934280396,0.7235693335533142,0.14214064180850983
YPL084W,YGL086W,0,3.7699473,0.34473198652267456,0.7235693335533142,0.14224094152450562
YIL085C,YNL336W,0,3.7684958,0.3445727527141571,0.7235693335533142,0.1423412561416626
YLR216C,YLR319C,0,3.7680469,0.3444136679172516,0.7235693335533142,0.14244157075881958
YPR103W,YKR003W,0,3.7658958,0.344254732131958,0.7235693335533142,0.14254188537597656
YLR148W,YLR256W,0,3.765586,0.34409594535827637,0.7235693335533142,0.14264218509197235
YBR215W,YDR156W,0,3.7648113,0.34393730759620667,0.7235693335533142,0.14274249970912933
YLR320W,YFR051C,0,3.7646756,0.3437787890434265,0.7235693335533142,0.14284281432628632
YPL053C,YER004W,0,3.7599897,0.3436204493045807,0.7235693335533142,0.1429431289434433
YDL212W,YGR048W,0,3.7589607,0.3434622585773468,0.7235693335533142,0.1430434286594391
YMR079W,YMR280C,0,3.7585335,0.34330418705940247,0.7235693335533142,0.14314374327659607
YDR363W-A,YOR256C,1,3.7530012,0.34360626339912415,0.7245392799377441,0.14314374327659607
YGL116W,YBR158W,1,3.752992,0.34390804171562195,0.7255092263221741,0.14314374327659607
YDR522C,YPR181C,0,3.7520103,0.34375,0.7255092263221741,0.14324405789375305
YPL108W,YDR001C,0,3.749801,0.34359210729599,0.7255092263221741,0.14334437251091003
YIL046W,YDL122W,1,3.7496295,0.34389346837997437,0.726479172706604,0.14334437251091003
YER098W,YOR042W,1,3.7489219,0.34419459104537964,0.7274490594863892,0.14334437251091003
YDL103C,YOR210W,0,3.7484584,0.34403669834136963,0.7274490594863892,0.14344467222690582
YLL039C,YKR099C-A,0,3.747947,0.34387895464897156,0.7274490594863892,0.1435449868440628
YBR171W,YGL166W,0,3.7447453,0.3437213599681854,0.7274490594863892,0.1436453014612198
YOR140W,YBL003C,0,3.7432756,0.34356391429901123,0.7274490594863892,0.14374561607837677
YLR224W,YOR080W,1,3.7424493,0.34386447072029114,0.7284190058708191,0.14374561607837677
YJL115W,YLR155C,0,3.7411253,0.3437070846557617,0.7284190058708191,0.14384591579437256
YJR099W,YHR018C,0,3.7388926,0.3435498774051666,0.7284190058708191,0.14394623041152954
YPL045W,YNL053W,0,3.738102,0.3433927893638611,0.7284190058708191,0.14404654502868652
YGR240C,YER124C,0,3.7374024,0.3432358205318451,0.7284190058708191,0.1441468596458435
YBR103W,YNL087W,0,3.7358627,0.3430790305137634,0.7284190058708191,0.1442471593618393
YKL086W,YDR210W,0,3.7345862,0.3429223597049713,0.7284190058708191,0.14434747397899628
YKL035W,YDR363W,0,3.7345414,0.3427658677101135,0.7284190058708191,0.14444778859615326
YDL005C,YDR058C,0,3.7335963,0.3426094949245453,0.7284190058708191,0.14454810321331024
YGL002W,YDR302W,0,3.7316775,0.342453271150589,0.7284190058708191,0.14464840292930603
YPL084W,YHR115C,1,3.7308846,0.34275296330451965,0.729388952255249,0.14464840292930603
YDL207W,YPL084W,0,3.7300391,0.34259679913520813,0.729388952255249,0.144748717546463
YML092C,YDR333C,1,3.7299101,0.34289616346359253,0.730358898639679,0.144748717546463
YER018C,YPL228W,0,3.7291517,0.34274008870124817,0.730358898639679,0.14484903216362
YDR452W,YBR179C,0,3.7287817,0.34258416295051575,0.730358898639679,0.14494934678077698
YML110C,YOR141C,0,3.7235465,0.34242838621139526,0.730358898639679,0.14504964649677277
YCR067C,YBR068C,0,3.7221022,0.34227272868156433,0.730358898639679,0.14514996111392975
YPR101W,YNL241C,0,3.7199898,0.34211722016334534,0.730358898639679,0.14525027573108673
YNL088W,YPR079W,0,3.717886,0.3419618606567383,0.730358898639679,0.1453505903482437
YKR023W,YFR010W,1,3.7163332,0.34226053953170776,0.7313287854194641,0.1453505903482437
YNL254C,YJR161C,0,3.7161796,0.34210526943206787,0.7313287854194641,0.1454509049654007
YCR066W,YBR280C,0,3.7152572,0.34195011854171753,0.7313287854194641,0.14555120468139648
YBR132C,YIL129C,0,3.714633,0.3417951166629791,0.7313287854194641,0.14565151929855347
YOL094C,YGL047W,0,3.713023,0.3416402339935303,0.7313287854194641,0.14575183391571045
YER119C,YBR021W,0,3.7127743,0.34148550033569336,0.7313287854194641,0.14585214853286743
YDL126C,YLR155C,0,3.7113338,0.3413309156894684,0.7313287854194641,0.14595244824886322
YBL006C,YGR289C,0,3.7113094,0.34117648005485535,0.7313287854194641,0.1460527628660202
YBR004C,YBR110W,0,3.7111676,0.34102216362953186,0.7313287854194641,0.14615307748317719
YOR198C,YGR289C,0,3.710326,0.3408679962158203,0.7313287854194641,0.14625339210033417
YNL069C,YGR287C,0,3.7098174,0.3407139778137207,0.7313287854194641,0.14635369181632996
YJL151C,YDR085C,0,3.7074933,0.34056007862091064,0.7313287854194641,0.14645400643348694
YFL062W,YGR121C,0,3.70314,0.3404063284397125,0.7313287854194641,0.14655432105064392
YMR052W,YPR004C,0,3.7024155,0.34025269746780396,0.7313287854194641,0.1466546356678009
YML007W,YNL134C,0,3.701993,0.3400992453098297,0.7313287854194641,0.1467549353837967
YJR064W,YLR027C,0,3.698689,0.33994588255882263,0.7313287854194641,0.14685525000095367
YAL061W,YGR206W,0,3.6952672,0.3397926986217499,0.7313287854194641,0.14695556461811066
YPR061C,YJL076W,0,3.694438,0.3396396338939667,0.7313287854194641,0.14705587923526764
YCR024C-A,YER001W,0,3.693295,0.3394867181777954,0.7313287854194641,0.14715617895126343
YGR087C,YKL127W,0,3.6928835,0.3393339216709137,0.7313287854194641,0.1472564935684204
YJL123C,YOL049W,0,3.6925602,0.3391812741756439,0.7313287854194641,0.1473568081855774
YOR284W,YJR019C,0,3.6918173,0.3390287756919861,0.7313287854194641,0.14745712280273438
YML046W,YKL148C,0,3.6883779,0.3388763964176178,0.7313287854194641,0.14755742251873016
YBL102W,YNL087W,0,3.6877413,0.33872416615486145,0.7313287854194641,0.14765773713588715
YMR288W,YDR216W,0,3.684871,0.33857208490371704,0.7313287854194641,0.14775805175304413
YCR066W,YJR137C,0,3.6779053,0.3384200930595398,0.7313287854194641,0.1478583663702011
YJR137C,YIL129C,0,3.6750574,0.3382682800292969,0.7313287854194641,0.1479586660861969
YMR190C,YGL047W,0,3.6738005,0.3381165862083435,0.7313287854194641,0.14805898070335388
YLR408C,YEL055C,0,3.6729827,0.3379650413990021,0.7313287854194641,0.14815929532051086
YJR137C,YKL073W,0,3.6725314,0.3378136157989502,0.7313287854194641,0.14825960993766785
YML062C,YGL160W,0,3.6707153,0.33766233921051025,0.7313287854194641,0.14835990965366364
YDR541C,YJR159W,0,3.6703076,0.33751118183135986,0.7313287854194641,0.14846022427082062
YPL268W,YER016W,0,3.6700706,0.3373601734638214,0.7313287854194641,0.1485605388879776
YPR075C,YLR138W,0,3.6696749,0.3372093141078949,0.7313287854194641,0.14866085350513458
YGR028W,YOR245C,0,3.6680539,0.33705857396125793,0.7313287854194641,0.14876115322113037
YHL002W,YDR191W,0,3.6677256,0.3369079530239105,0.7313287854194641,0.14886146783828735
YIR003W,YGL181W,0,3.6667833,0.33675748109817505,0.7313287854194641,0.14896178245544434
YKR098C,YKL176C,0,3.6662154,0.3366071283817291,0.7313287854194641,0.14906209707260132
YOR197W,YBR158W,1,3.6630063,0.3369031548500061,0.732298731803894,0.14906209707260132
YGR038W,YDR153C,0,3.6586819,0.33675289154052734,0.732298731803894,0.1491623967885971
YLL039C,YJL092W,0,3.6555862,0.3366027772426605,0.732298731803894,0.1492627114057541
YLR117C,YDR037W,0,3.6553206,0.33645275235176086,0.732298731803894,0.14936302602291107
YBL050W,YOL013C,0,3.6536214,0.33630290627479553,0.732298731803894,0.14946334064006805
YHR152W,YER004W,0,3.653403,0.33615314960479736,0.732298731803894,0.14956364035606384
YPL283C,YIL040W,0,3.6532102,0.3360035717487335,0.732298731803894,0.14966395497322083
YKR087C,YIL010W,0,3.6531682,0.33585408329963684,0.732298731803894,0.1497642695903778
YER001W,YOL068C,0,3.6524818,0.3357047438621521,0.732298731803894,0.1498645842075348
YOL017W,YKL018W,0,3.65074,0.3355555534362793,0.732298731803894,0.14996488392353058
YHR003C,YPL249C,0,3.6505623,0.33540648221969604,0.732298731803894,0.15006519854068756
YLR388W,YMR199W,0,3.6466417,0.33525756001472473,0.732298731803894,0.15016551315784454
YDR214W,YIL110W,0,3.6447167,0.33510875701904297,0.732298731803894,0.15026582777500153
YHL009C,YMR119W,0,3.6426215,0.33496007323265076,0.732298731803894,0.1503661423921585
YNL090W,YDR485C,0,3.641971,0.3348115384578705,0.732298731803894,0.1504664421081543
YKL049C,YHR094C,0,3.640483,0.33466312289237976,0.732298731803894,0.15056675672531128
YOR329C,YBR253W,0,3.6403165,0.334514856338501,0.732298731803894,0.15066707134246826
YJR047C,YDL147W,0,3.63778,0.33436670899391174,0.732298731803894,0.15076738595962524
YPR094W,YGL121C,0,3.6372488,0.33421868085861206,0.732298731803894,0.15086768567562103
YDL248W,YJR090C,1,3.6363516,0.33451327681541443,0.733268678188324,0.15086768567562103
YNR032W,YOR133W,0,3.635818,0.3343653380870819,0.733268678188324,0.15096800029277802
YNL329C,YGL150C,0,3.6356955,0.33421751856803894,0.733268678188324,0.151068314909935
YNL225C,YCR083W,0,3.6352506,0.3340698182582855,0.733268678188324,0.15116862952709198
YHL002W,YJR090C,1,3.6338515,0.3343639671802521,0.7342386245727539,0.15116862952709198
YDR519W,YFL022C,0,3.6320865,0.33421632647514343,0.7342386245727539,0.15126892924308777
YHR187W,YGL125W,0,3.6292398,0.33406883478164673,0.7342386245727539,0.15136924386024475
YHR007C,YOR130C,0,3.62883,0.33392149209976196,0.7342386245727539,0.15146955847740173
YDL002C,YHR019C,0,3.6283548,0.33377423882484436,0.7342386245727539,0.15156987309455872
YHR063C,YDR307W,0,3.6267424,0.3336271345615387,0.7342386245727539,0.1516701728105545
YDR210W,YMR231W,0,3.6265707,0.33348017930984497,0.7342386245727539,0.1517704874277115
YCL045C,YJR144W,0,3.625876,0.3333333432674408,0.7342386245727539,0.15187080204486847
YBR139W,YMR029C,0,3.6251888,0.33318662643432617,0.7342386245727539,0.15197111666202545
YKL213C,YGL184C,0,3.62469,0.3330400288105011,0.7342386245727539,0.15207141637802124
YGR038W,YBL105C,0,3.6235387,0.33289358019828796,0.7342386245727539,0.15217173099517822
YOR064C,YMR083W,0,3.6212468,0.3327472507953644,0.7342386245727539,0.1522720456123352
YHR166C,YBR227C,1,3.620102,0.33304041624069214,0.7352085113525391,0.1522720456123352
YKR098C,YIL040W,0,3.6199825,0.33289414644241333,0.7352085113525391,0.1523723602294922
YPR061C,YDL092W,0,3.6193652,0.33274802565574646,0.7352085113525391,0.15247265994548798
YOR256C,YML024W,0,3.6182911,0.33260202407836914,0.7352085113525391,0.15257297456264496
YBR132C,YLR431C,0,3.618008,0.33245614171028137,0.7352085113525391,0.15267328917980194
YFR051C,YFR028C,0,3.6179523,0.33231037855148315,0.7352085113525391,0.15277360379695892
YML110C,YCR020W-B,0,3.6139355,0.3321647644042969,0.7352085113525391,0.1528739035129547
YER068W,YDL248W,1,3.613883,0.3324573040008545,0.736178457736969,0.1528739035129547
YML022W,YNR049C,0,3.6112013,0.3323117196559906,0.736178457736969,0.1529742181301117
YLR166C,YBR217W,0,3.610149,0.33216631412506104,0.736178457736969,0.15307453274726868
YGR048W,YPR140W,0,3.6091785,0.33202099800109863,0.736178457736969,0.15317484736442566
YPL227C,YLR034C,0,3.6089337,0.33187583088874817,0.736178457736969,0.15327514708042145
YDL014W,YGR065C,0,3.6082604,0.33173078298568726,0.736178457736969,0.15337546169757843
YIL041W,YGR048W,0,3.6047554,0.3315858542919159,0.736178457736969,0.1534757763147354
YGR038W,YPL265W,0,3.6029053,0.3314410448074341,0.736178457736969,0.1535760909318924
YLR174W,YJR007W,0,3.6027334,0.3312963843345642,0.736178457736969,0.15367639064788818
YDR385W,YDL222C,0,3.6011865,0.3311518430709839,0.736178457736969,0.15377670526504517
YMR291W,YJL154C,0,3.6001167,0.3310074210166931,0.736178457736969,0.15387701988220215
YGR152C,YFL009W,0,3.5987844,0.3308631181716919,0.736178457736969,0.15397733449935913
YIL010W,YOR245C,0,3.5985727,0.3307189643383026,0.736178457736969,0.15407763421535492
YPL237W,YMR189W,0,3.5973756,0.3305748999118805,0.736178457736969,0.1541779488325119
YGL156W,YJR161C,0,3.5951934,0.3304309844970703,0.736178457736969,0.15427826344966888
YNL323W,YDL092W,0,3.5931587,0.33028721809387207,0.736178457736969,0.15437857806682587
YML001W,YOR245C,0,3.5912504,0.330143541097641,0.736178457736969,0.15447887778282166
YDR171W,YMR154C,0,3.5911846,0.33000001311302185,0.736178457736969,0.15457919239997864
YCL038C,YPL084W,0,3.5896773,0.3298565745353699,0.736178457736969,0.15467950701713562
YBR079C,YLR027C,0,3.5888362,0.32971328496932983,0.736178457736969,0.1547798216342926
YMR164C,YKL065C,0,3.5878832,0.32957011461257935,0.736178457736969,0.1548801213502884
YDL025C,YDR147W,0,3.5863101,0.3294270932674408,0.736178457736969,0.15498043596744537
YOR336W,YCR020W-B,0,3.5855663,0.3292841613292694,0.736178457736969,0.15508075058460236
YER003C,YKL152C,0,3.5844526,0.32914137840270996,0.736178457736969,0.15518106520175934
YBL040C,YKL125W,0,3.5829463,0.3289986848831177,0.736178457736969,0.15528136491775513
YGR203W,YEL047C,0,3.5814862,0.32885614037513733,0.736178457736969,0.1553816795349121
YGL017W,YLR027C,0,3.579823,0.32871371507644653,0.736178457736969,0.1554819941520691
YBR171W,YOL021C,0,3.57915,0.3285714387893677,0.736178457736969,0.15558230876922607
YKR017C,YGR066C,1,3.5785155,0.32886195182800293,0.7371484041213989,0.15558230876922607
YDL214C,YPR065W,0,3.5762115,0.32871973514556885,0.7371484041213989,0.15568262338638306
YCL045C,YDR331W,0,3.5755334,0.32857760787010193,0.7371484041213989,0.15578292310237885
YOR141C,YML121W,0,3.5753298,0.32843559980392456,0.7371484041213989,0.15588323771953583
YPL045W,YLR119W,0,3.5745738,0.32829374074935913,0.7371484041213989,0.1559835523366928
YBR077C,YKR086W,0,3.572189,0.32815200090408325,0.7371484041213989,0.1560838669538498
YKL041W,YPL046C,1,3.571891,0.32844194769859314,0.7381183505058289,0.1560838669538498
YLR119W,YOR371C,1,3.5718174,0.3287316560745239,0.739088237285614,0.1560838669538498
YLR262C,YNL272C,0,3.5707693,0.32858991622924805,0.739088237285614,0.15618416666984558
YLR342W,YDL214C,0,3.5691648,0.32844826579093933,0.739088237285614,0.15628448128700256
YBR293W,YLR022C,0,3.5666363,0.32830676436424255,0.739088237285614,0.15638479590415955
YKR022C,YOL049W,0,3.5658226,0.3281653821468353,0.739088237285614,0.15648511052131653
YKL152C,YMR251W-A,0,3.5630717,0.32802411913871765,0.739088237285614,0.15658541023731232
YER021W,YGR091W,0,3.5620518,0.32788294553756714,0.739088237285614,0.1566857248544693
YAR014C,YOR298C-A,0,3.5608888,0.32774192094802856,0.739088237285614,0.15678603947162628
YGR271C-A,YJR161C,0,3.5607154,0.32760104537010193,0.739088237285614,0.15688635408878326
YJL042W,YOR133W,0,3.5592647,0.32746025919914246,0.739088237285614,0.15698665380477905
YPL009C,YOR259C,1,3.558959,0.3277491331100464,0.740058183670044,0.15698665380477905
YOL133W,YKR023W,1,3.5575123,0.3280377984046936,0.7410281300544739,0.15698665380477905
YOL146W,YGR092W,0,3.5564446,0.32789698243141174,0.7410281300544739,0.15708696842193604
YLR064W,YGR065C,0,3.5549798,0.3277563154697418,0.7410281300544739,0.15718728303909302
YNL071W,YBR201W,0,3.5473487,0.32761576771736145,0.7410281300544739,0.15728759765625
YDL193W,YOR058C,0,3.5464897,0.32747533917427063,0.7410281300544739,0.1573878973722458
YIL156W,YML068W,1,3.5464356,0.32776349782943726,0.7419980764389038,0.1573878973722458
YOL021C,YOR303W,0,3.5464153,0.3276231288909912,0.7419980764389038,0.15748821198940277
YPL045W,YBR229C,0,3.5460172,0.3274828791618347,0.7419980764389038,0.15758852660655975
YIL041W,YBL050W,0,3.5458455,0.3273427486419678,0.7419980764389038,0.15768884122371674
YBR133C,YKL157W,0,3.5451927,0.3272027373313904,0.7419980764389038,0.15778914093971252
YKL025C,YKL137W,0,3.5451312,0.32706284523010254,0.7419980764389038,0.1578894555568695
YGL125W,YOR198C,0,3.5444024,0.32692307233810425,0.7419980764389038,0.1579897701740265
YLR417W,YDR219C,1,3.543138,0.32721060514450073,0.742967963218689,0.1579897701740265
YNL186W,YIL010W,0,3.542715,0.3270708918571472,0.742967963218689,0.15809008479118347
YDL159W,YLR119W,0,3.5427032,0.32693129777908325,0.742967963218689,0.15819038450717926
YNL257C,YJL091C,0,3.5421805,0.32679182291030884,0.742967963218689,0.15829069912433624
YLR388W,YOR153W,0,3.5419333,0.3266524374485016,0.742967963218689,0.15839101374149323
YMR135C,YGR125W,0,3.5400226,0.3265132009983063,0.742967963218689,0.1584913283586502
YHR183W,YMR309C,0,3.5381927,0.3263740837574005,0.742967963218689,0.158591628074646
YDL132W,YIL044C,0,3.5373855,0.3262350857257843,0.742967963218689,0.15869194269180298
YBR133C,YOR336W,0,3.5373058,0.32609620690345764,0.742967963218689,0.15879225730895996
YKL184W,YMR162C,0,3.5365405,0.32595744729042053,0.742967963218689,0.15889257192611694
YNR026C,YBL100W-A,0,3.5355873,0.325818806886673,0.742967963218689,0.15899287164211273
YOL110W,YDR143C,0,3.5349364,0.32568028569221497,0.742967963218689,0.15909318625926971
YCL033C,YGL124C,0,3.533133,0.3255418539047241,0.742967963218689,0.1591935008764267
YBR265W,YGL257C,0,3.5324554,0.3254035711288452,0.742967963218689,0.15929381549358368
YGL011C,YNL279W,0,3.5316262,0.32526540756225586,0.742967963218689,0.15939411520957947
YGR108W,YBR068C,0,3.5301995,0.32512733340263367,0.742967963218689,0.15949442982673645
YJL123C,YKR001C,0,3.528113,0.324989378452301,0.742967963218689,0.15959474444389343
YDL126C,YNL155W,1,3.525258,0.3252756595611572,0.7439379096031189,0.15959474444389343
YER119C,YML010W,0,3.5247693,0.32513776421546936,0.7439379096031189,0.15969505906105042
YLR408C,YER073W,0,3.5229063,0.32499998807907104,0.7439379096031189,0.1597953587770462
YML131W,YBR106W,0,3.5219445,0.32486236095428467,0.7439379096031189,0.15989567339420319
YDR302W,YFR055W,0,3.519836,0.32472482323646545,0.7439379096031189,0.15999598801136017
YDR540C,YJL014W,0,3.5194225,0.3245873749256134,0.7439379096031189,0.16009630262851715
YKR080W,YKL152C,0,3.5193248,0.3244500756263733,0.7439379096031189,0.16019660234451294
YKR023W,YNL230C,1,3.516324,0.32473573088645935,0.7449078559875488,0.16019660234451294
YGL048C,YKR046C,0,3.5161028,0.324598491191864,0.7449078559875488,0.16029691696166992
YJL063C,YAL042W,0,3.5146112,0.32446134090423584,0.7449078559875488,0.1603972315788269
YER021W,YPL158C,0,3.514148,0.3243243098258972,0.7449078559875488,0.1604975461959839
YLR310C,YDR293C,0,3.5111537,0.32418742775917053,0.7449078559875488,0.16059784591197968
YLR064W,YMR268C,0,3.5107675,0.324050635099411,0.7449078559875488,0.16069816052913666
YLR410W,YJR091C,0,3.5097775,0.32391396164894104,0.7449078559875488,0.16079847514629364
YOR298C-A,YNL327W,0,3.5054312,0.3237774074077606,0.7449078559875488,0.16089878976345062
YDR216W,YPL032C,0,3.5032134,0.32364097237586975,0.7449078559875488,0.1609991043806076
YDL103C,YPL023C,0,3.50252,0.32350462675094604,0.7449078559875488,0.1610994040966034
YGL086W,YGL156W,0,3.5020843,0.3233684301376343,0.7449078559875488,0.16119971871376038
YKL133C,YMR161W,1,3.4995244,0.3236531913280487,0.7458778023719788,0.16119971871376038
YJL099W,YPR065W,0,3.4984837,0.3235170245170593,0.7458778023719788,0.16130003333091736
YPL246C,YER073W,0,3.4979434,0.3233810067176819,0.7458778023719788,0.16140034794807434
YOR141C,YIL010W,0,3.4977617,0.3232450485229492,0.7458778023719788,0.16150064766407013
YNR032W,YPL265W,0,3.4972725,0.3231092393398285,0.7458778023719788,0.1616009622812271
YOR362C,YJL002C,0,3.496985,0.3229735493659973,0.7458778023719788,0.1617012768983841
YEL004W,YHR152W,0,3.4952846,0.3228379487991333,0.7458778023719788,0.16180159151554108
YGL099W,YEL020C,0,3.4951174,0.32270246744155884,0.7458778023719788,0.16190189123153687
YKL120W,YDL147W,0,3.4943442,0.3225671052932739,0.7458778023719788,0.16200220584869385
YOR095C,YBL050W,0,3.4913971,0.32243186235427856,0.7458778023719788,0.16210252046585083
YFR042W,YLR022C,0,3.4893804,0.32229673862457275,0.7458778023719788,0.1622028350830078
YLR368W,YLR066W,0,3.4880514,0.3221617043018341,0.7458778023719788,0.1623031347990036
YKL046C,YHR143W-A,0,3.4872262,0.322026789188385,0.7458778023719788,0.16240344941616058
YIL046W,YKR087C,1,3.4860435,0.32231059670448303,0.7468477487564087,0.16240344941616058
YMR189W,YGL008C,0,3.4846778,0.3221757411956787,0.7468477487564087,0.16250376403331757
YJR086W,YJL076W,0,3.4835896,0.32204097509384155,0.7468477487564087,0.16260407865047455
YNL064C,YDL194W,0,3.482613,0.32190635800361633,0.7468477487564087,0.16270437836647034
YKL018W,YLL015W,0,3.4808202,0.3217718303203583,0.7468477487564087,0.16280469298362732
YER018C,YHL020C,0,3.479919,0.32163742184638977,0.7468477487564087,0.1629050076007843
YJR141W,YOR007C,1,3.4797585,0.3219206631183624,0.7478176355361938,0.1629050076007843
YER146W,YIL097W,0,3.479629,0.3217863142490387,0.7478176355361938,0.16300532221794128
YML110C,YBR079C,0,3.478358,0.32165205478668213,0.7478176355361938,0.16310562193393707
YDR311W,YJL154C,0,3.4763763,0.3215179443359375,0.7478176355361938,0.16320593655109406
YBL006C,YDR484W,0,3.4759233,0.32138392329216003,0.7478176355361938,0.16330625116825104
YGR209C,YEL071W,0,3.4756215,0.32124999165534973,0.7478176355361938,0.16340656578540802
YOR083W,YKL012W,0,3.474123,0.32111620903015137,0.7478176355361938,0.1635068655014038
YOR321W,YDR186C,0,3.4718747,0.32098251581192017,0.7478176355361938,0.1636071801185608
YLR297W,YPR009W,0,3.4695952,0.3208489418029785,0.7478176355361938,0.16370749473571777
YBR216C,YGL224C,0,3.4691377,0.3207154870033264,0.7478176355361938,0.16380780935287476
YKR013W,YER172C,0,3.4675312,0.3205821216106415,0.7478176355361938,0.16390810906887054
YCL010C,YOL058W,0,3.4656124,0.3204488754272461,0.7478176355361938,0.16400842368602753
YCR088W,YDR198C,0,3.4642568,0.32031574845314026,0.7478176355361938,0.1641087383031845
YMR121C,YMR060C,0,3.4623544,0.3201827108860016,0.7478176355361938,0.1642090529203415
YGL254W,YJL014W,0,3.46176,0.32004982233047485,0.7478176355361938,0.16430935263633728
YFL062W,YDR352W,0,3.4587898,0.3199170231819153,0.7478176355361938,0.16440966725349426
YDR182W,YKL046C,0,3.457297,0.3197843134403229,0.7478176355361938,0.16450998187065125
YOR344C,YPL079W,0,3.4572582,0.3196517527103424,0.7478176355361938,0.16461029648780823
YJL151C,YGL150C,0,3.4566774,0.3195192813873291,0.7478176355361938,0.16471059620380402
YOL006C,YIL157C,0,3.4558554,0.31938689947128296,0.7478176355361938,0.164810910820961
YIL127C,YKL107W,0,3.4557223,0.31925466656684875,0.7478176355361938,0.16491122543811798
YBR058C,YDL248W,1,3.4528422,0.319536417722702,0.7487875819206238,0.16491122543811798
YLR369W,YER118C,0,3.452427,0.3194042146205902,0.7487875819206238,0.16501154005527496
YOL039W,YEL004W,0,3.452395,0.31927213072776794,0.7487875819206238,0.16511183977127075
YBR004C,YDL165W,0,3.451981,0.31914013624191284,0.7487875819206238,0.16521215438842773
YPR107C,YPR065W,0,3.4507792,0.3190082609653473,0.7487875819206238,0.16531246900558472
YKL124W,YKL022C,1,3.4501522,0.31928953528404236,0.7497575283050537,0.16531246900558472
YLR449W,YOR303W,0,3.4493833,0.3191577196121216,0.7497575283050537,0.1654127836227417
YLR272C,YJR017C,0,3.446193,0.31902599334716797,0.7497575283050537,0.1655130833387375
YNL329C,YPL249C,0,3.4453554,0.3188943862915039,0.7497575283050537,0.16561339795589447
YML062C,YJL159W,0,3.444875,0.3187628984451294,0.7497575283050537,0.16571371257305145
YGR207C,YKR025W,0,3.4446325,0.31863150000572205,0.7497575283050537,0.16581402719020844
YDL168W,YJL047C,0,3.4432201,0.31850022077560425,0.7497575283050537,0.16591434180736542
YDR155C,YMR121C,0,3.4367595,0.3183690309524536,0.7497575283050537,0.1660146415233612
YCL045C,YPL270W,0,3.4363368,0.31823796033859253,0.7497575283050537,0.1661149561405182
YDR155C,YPR033C,0,3.4362884,0.318107008934021,0.7497575283050537,0.16621527075767517
YHR098C,YDL213C,0,3.435682,0.3179761469364166,0.7497575283050537,0.16631558537483215
YNL067W,YML010W,0,3.4356384,0.3178454041481018,0.7497575283050537,0.16641588509082794
YBR171W,YDR331W,0,3.4319966,0.31771475076675415,0.7497575283050537,0.16651619970798492
YFL062W,YHR045W,0,3.4302018,0.31758421659469604,0.7497575283050537,0.1666165143251419
YDR147W,YGR209C,0,3.4270592,0.3174538016319275,0.7497575283050537,0.1667168289422989
YKR098C,YMR030W,0,3.4267573,0.3173234760761261,0.7497575283050537,0.16681712865829468
YML118W,YHR203C,0,3.4262166,0.31719326972961426,0.7497575283050537,0.16691744327545166
YGR198W,YER094C,0,3.4254503,0.3170631527900696,0.7497575283050537,0.16701775789260864
YOR245C,YEL047C,0,3.4250274,0.31693315505981445,0.7497575283050537,0.16711807250976562
YDR349C,YGR277C,0,3.4250205,0.3168032765388489,0.7497575283050537,0.1672183722257614
YLR064W,YIL121W,0,3.4242902,0.31667348742485046,0.7497575283050537,0.1673186868429184
YIR021W,YPR065W,0,3.4233737,0.3165438175201416,0.7497575283050537,0.16741900146007538
YBR084C-A,YIL097W,0,3.42158,0.3164142370223999,0.7497575283050537,0.16751931607723236
YGR253C,YPL052W-A,1,3.4211123,0.3166939318180084,0.7507274746894836,0.16751931607723236
YLR240W,YDL188C,0,3.420419,0.3165644109249115,0.7507274746894836,0.16761961579322815
YDR221W,YOR005C,0,3.4196172,0.3164350092411041,0.7507274746894836,0.16771993041038513
YGL156W,YOR035C,0,3.4171464,0.31630566716194153,0.7507274746894836,0.16782024502754211
YLR071C,YEL020C,0,3.4165912,0.31617647409439087,0.7507274746894836,0.1679205596446991
YNL067W,YFR055W,0,3.4165058,0.3160473704338074,0.7507274746894836,0.16802085936069489
YKL145W,YLR104W,1,3.415657,0.3163265287876129,0.7516973614692688,0.16802085936069489
YLR342W,YKL211C,0,3.4150176,0.3161974847316742,0.7516973614692688,0.16812117397785187
YLR225C,YAL001C,0,3.4148588,0.31606853008270264,0.7516973614692688,0.16822148859500885
YPL009C,YOL060C,0,3.413949,0.31593966484069824,0.7516973614692688,0.16832180321216583
YDR202C,YPL212C,0,3.4123254,0.3158109188079834,0.7516973614692688,0.16842210292816162
YGL065C,YLR117C,0,3.4110003,0.3156822919845581,0.7516973614692688,0.1685224175453186
YNL125C,YKL120W,0,3.41026,0.3155537545681,0.7516973614692688,0.16862273216247559
YGR183C,YHL001W,0,3.408543,0.315425306558609,0.7516973614692688,0.16872304677963257
YBR084C-A,YCR023C,0,3.4084852,0.3152969777584076,0.7516973614692688,0.16882334649562836
YGL013C,YDR291W,0,3.4074595,0.3151687681674957,0.7516973614692688,0.16892366111278534
YPL020C,YER035W,0,3.4071217,0.315040647983551,0.7516973614692688,0.16902397572994232
YJR088C,YJL100W,0,3.406683,0.3149126470088959,0.7516973614692688,0.1691242903470993
YOR329C,YPL124W,0,3.4066143,0.3147847354412079,0.7516973614692688,0.1692245900630951
YNL186W,YBR008C,0,3.4063816,0.31465691328048706,0.7516973614692688,0.16932490468025208
YHR091C,YLR275W,0,3.403955,0.3145292103290558,0.7516973614692688,0.16942521929740906
YKR098C,YPL270W,0,3.4029653,0.31440162658691406,0.7516973614692688,0.16952553391456604
YPR107C,YNL299W,0,3.4020183,0.3142741322517395,0.7516973614692688,0.16962583363056183
YPL268W,YDL168W,0,3.401393,0.3141467273235321,0.7516973614692688,0.1697261482477188
YOR094W,YKR018C,0,3.4012365,0.31401944160461426,0.7516973614692688,0.1698264628648758
YPL045W,YDR432W,0,3.4002461,0.31389227509498596,0.7516973614692688,0.16992677748203278
YDL214C,YBR221C,0,3.3993309,0.31376516819000244,0.7516973614692688,0.17002707719802856
YGL022W,YKL092C,0,3.3963733,0.31363821029663086,0.7516973614692688,0.17012739181518555
YDR267C,YGR132C,0,3.395388,0.31351131200790405,0.7516973614692688,0.17022770643234253
YLR274W,YGL156W,0,3.39258,0.3133845627307892,0.7516973614692688,0.1703280210494995
YPL052W,YER098W,1,3.3918674,0.3136620819568634,0.7526673078536987,0.1703280210494995
YOR035C,YDR198C,0,3.3917627,0.3135353624820709,0.7526673078536987,0.1704283207654953
YGL048C,YGL160W,0,3.3890376,0.3134087324142456,0.7526673078536987,0.17052863538265228
YML046W,YMR083W,0,3.3877754,0.31328219175338745,0.7526673078536987,0.17062894999980927
YCL047C,YBR173C,1,3.3876684,0.31355932354927063,0.7536372542381287,0.17062894999980927
YPL023C,YJL099W,0,3.3871658,0.31343284249305725,0.7536372542381287,0.17072926461696625
YBR019C,YHR203C,0,3.3867984,0.31330645084381104,0.7536372542381287,0.17082956433296204
YAL014C,YKR065C,0,3.386435,0.31318017840385437,0.7536372542381287,0.17092987895011902
YDR155C,YKR065C,0,3.3849306,0.31305399537086487,0.7536372542381287,0.171030193567276
YLR119W,YJR102C,1,3.3848152,0.31333065032958984,0.7546072006225586,0.171030193567276
YHR042W,YHR166C,0,3.3834496,0.31320449709892273,0.7546072006225586,0.17113050818443298
YBR103W,YDL025C,0,3.3832502,0.31307846307754517,0.7546072006225586,0.17123082280158997
YDR432W,YPL020C,0,3.3822796,0.31295254826545715,0.7546072006225586,0.17133112251758575
YIL017C,YPL015C,0,3.3810701,0.3128266930580139,0.7546072006225586,0.17143143713474274
YDR330W,YOR339C,1,3.3800516,0.3131029009819031,0.7555770874023438,0.17143143713474274
YIL127C,YIR034C,0,3.3792155,0.3129771053791046,0.7555770874023438,0.17153175175189972
YNL069C,YDL058W,0,3.3771129,0.3128513991832733,0.7555770874023438,0.1716320663690567
YGR172C,YJL036W,0,3.3747873,0.31272581219673157,0.7555770874023438,0.1717323660850525
YGR125W,YGR132C,0,3.3741508,0.312600314617157,0.7555770874023438,0.17183268070220947
YMR030W,YNL229C,0,3.3726292,0.31247493624687195,0.7555770874023438,0.17193299531936646
YKL071W,YHL001W,0,3.3706758,0.3123496472835541,0.7555770874023438,0.17203330993652344
YAL032C,YGR172C,0,3.3705573,0.31222444772720337,0.7555770874023438,0.17213360965251923
YKL213C,YIL099W,0,3.369972,0.3120993673801422,0.7555770874023438,0.1722339242696762
YLR362W,YOL058W,0,3.3685784,0.3119743764400482,0.7555770874023438,0.1723342388868332
YHR115C,YNL125C,0,3.3670769,0.3118494749069214,0.7555770874023438,0.17243455350399017
YHR104W,YDR488C,0,3.365911,0.3117246925830841,0.7555770874023438,0.17253485321998596
YDL004W,YNL329C,0,3.3635542,0.311599999666214,0.7555770874023438,0.17263516783714294
YLR002C,YOR122C,0,3.3622007,0.31147539615631104,0.7555770874023438,0.17273548245429993
YBR039W,YOL119C,0,3.361514,0.31135091185569763,0.7555770874023438,0.1728357970714569
YMR164C,YGR074W,0,3.355063,0.3112265169620514,0.7555770874023438,0.1729360967874527
YNL321W,YAL055W,0,3.353919,0.3111022412776947,0.7555770874023438,0.17303641140460968
YGL048C,YDR162C,0,3.35067,0.3109780550003052,0.7555770874023438,0.17313672602176666
YKR098C,YLR421C,1,3.350644,0.31125298142433167,0.7565470337867737,0.17313672602176666
YNR023W,YER035W,0,3.3505013,0.3111288249492645,0.7565470337867737,0.17323704063892365
YER003C,YJR044C,0,3.3504686,0.31100478768348694,0.7565470337867737,0.17333734035491943
YER146W,YNR036C,0,3.35009,0.3108808398246765,0.7565470337867737,0.17343765497207642
YDR519W,YDL014W,0,3.3497226,0.31075698137283325,0.7565470337867737,0.1735379695892334
YKL152C,YPL232W,0,3.3489518,0.31063321232795715,0.7565470337867737,0.17363828420639038
YDR202C,YOR017W,0,3.3478124,0.3105095624923706,0.7565470337867737,0.17373858392238617
YIL005W,YBR201W,1,3.3473003,0.31078392267227173,0.7575169801712036,0.17373858392238617
YDR214W,YOR196C,0,3.3472967,0.31066030263900757,0.7575169801712036,0.17383889853954315
YBR217W,YNL169C,0,3.3446405,0.31053677201271057,0.7575169801712036,0.17393921315670013
YOL016C,YOL039W,0,3.3438425,0.3104133605957031,0.7575169801712036,0.17403952777385712
YPL037C,YBL027W,0,3.3397503,0.31029003858566284,0.7575169801712036,0.1741398274898529
YBR136W,YMR029C,0,3.3381295,0.3101668059825897,0.7575169801712036,0.1742401421070099
YPL236C,YDR432W,0,3.3377697,0.31004366278648376,0.7575169801712036,0.17434045672416687
YER119C,YJR091C,0,3.3375676,0.30992063879966736,0.7575169801712036,0.17444077134132385
YER048C,YHR200W,0,3.331245,0.3097977042198181,0.7575169801712036,0.17454107105731964
YOL044W,YJL020C,0,3.3286262,0.30967485904693604,0.7575169801712036,0.17464138567447662
YKL049C,YBR110W,0,3.3262653,0.3095521330833435,0.7575169801712036,0.1747417002916336
YJL123C,YPL020C,0,3.3260705,0.30942946672439575,0.7575169801712036,0.1748420149087906
YGL145W,YOR003W,0,3.322682,0.30930691957473755,0.7575169801712036,0.17494231462478638
YPR079W,YOR005C,0,3.3226533,0.3091844916343689,0.7575169801712036,0.17504262924194336
YML111W,YCR003W,0,3.322239,0.309062123298645,0.7575169801712036,0.17514294385910034
YGL011C,YDR143C,1,3.321208,0.3093354403972626,0.7584869265556335,0.17514294385910034
YHR063C,YKL065C,0,3.3193061,0.30921313166618347,0.7584869265556335,0.17524325847625732
YHR045W,YBR167C,0,3.3189507,0.30909091234207153,0.7584869265556335,0.1753435581922531
YNL090W,YLR148W,0,3.3166792,0.30896878242492676,0.7584869265556335,0.1754438728094101
YDL002C,YHR042W,0,3.3156862,0.30884677171707153,0.7584869265556335,0.17554418742656708
YLR148W,YER169W,0,3.315274,0.3087248206138611,0.7584869265556335,0.17564450204372406
YOL054W,YBR227C,1,3.3147898,0.30899763107299805,0.7594568133354187,0.17564450204372406
YMR047C,YPL232W,0,3.3138833,0.3088757395744324,0.7594568133354187,0.17574480175971985
YGL099W,YAL009W,0,3.3121002,0.30875393748283386,0.7594568133354187,0.17584511637687683
YLR064W,YPR004C,0,3.3108318,0.3086322546005249,0.7594568133354187,0.1759454309940338
YHR063C,YPR181C,0,3.3092375,0.3085106313228607,0.7594568133354187,0.1760457456111908
YJL042W,YPL108W,0,3.3079534,0.3083891272544861,0.7594568133354187,0.17614604532718658
YJL197W,YJL047C,1,3.307447,0.30866143107414246,0.7604267597198486,0.17614604532718658
YKL092C,YGL054C,0,3.3073556,0.3085399568080902,0.7604267597198486,0.17624635994434357
YJR088C,YOR360C,0,3.3070126,0.3084185719490051,0.7604267597198486,0.17634667456150055
YBL003C,YPL057C,0,3.305748,0.3082972764968872,0.7604267597198486,0.17644698917865753
YPL236C,YOR367W,0,3.3056679,0.30817610025405884,0.7604267597198486,0.17654730379581451
YOL049W,YML121W,0,3.3035173,0.30805501341819763,0.7604267597198486,0.1766476035118103
YJR047C,YKL157W,0,3.3032832,0.3079340159893036,0.7604267597198486,0.17674791812896729
YDR142C,YGR128C,0,3.303244,0.3078131079673767,0.7604267597198486,0.17684823274612427
YJR088C,YHR196W,0,3.3012767,0.3076923191547394,0.7604267597198486,0.17694854736328125
YGL002W,YGL097W,0,3.3009925,0.3075715899467468,0.7604267597198486,0.17704884707927704
YBR068C,YPL265W,0,3.3009393,0.3074509799480438,0.7604267597198486,0.17714916169643402
YNL154C,YDL122W,0,3.299005,0.307330459356308,0.7604267597198486,0.177249476313591
YBR239C,YPL029W,0,3.2969472,0.3072100281715393,0.7604267597198486,0.17734979093074799
YER146W,YBL016W,0,3.2946854,0.3070896863937378,0.7604267597198486,0.17745009064674377
YCR067C,YGR287C,0,3.2937603,0.30696946382522583,0.7604267597198486,0.17755040526390076
YNL064C,YHL001W,0,3.2935102,0.30684930086135864,0.7604267597198486,0.17765071988105774
YDL005C,YPR183W,0,3.2929735,0.306729257106781,0.7604267597198486,0.17775103449821472
YMR030W,YOR198C,0,3.2923546,0.30660930275917053,0.7604267597198486,0.1778513342142105
YCR024C-A,YCR097W,0,3.2923021,0.3064894378185272,0.7604267597198486,0.1779516488313675
YCL045C,YMR199W,0,3.287726,0.3063696622848511,0.7604267597198486,0.17805196344852448
YER116C,YDR177W,1,3.2874792,0.306640625,0.7613967061042786,0.17805196344852448
YGR140W,YBL101C,0,3.2860289,0.30652087926864624,0.7613967061042786,0.17815227806568146
YKR013W,YBR171W,0,3.284772,0.30640125274658203,0.7613967061042786,0.17825257778167725
YBR068C,YGL150C,0,3.2846274,0.306281715631485,0.7613967061042786,0.17835289239883423
YOR003W,YDR266C,0,3.2829273,0.3061622381210327,0.7613967061042786,0.1784532070159912
YPL081W,YER075C,0,3.2815402,0.30604287981987,0.7613967061042786,0.1785535216331482
YDR349C,YIL099W,0,3.2808566,0.30592361092567444,0.7613967061042786,0.17865382134914398
YOR017W,YFR004W,0,3.2808118,0.30580443143844604,0.7613967061042786,0.17875413596630096
YML069W,YJL036W,0,3.2797232,0.3056853711605072,0.7613967061042786,0.17885445058345795
YJR099W,YLR027C,0,3.2785902,0.30556637048721313,0.7613967061042786,0.17895476520061493
YKL100C,YPR131C,1,3.2758498,0.30583658814430237,0.7623666524887085,0.17895476520061493
YFL024C,YGR109C,0,3.2756639,0.3057176172733307,0.7623666524887085,0.17905506491661072
YDL025C,YNL030W,0,3.27528,0.30559876561164856,0.7623666524887085,0.1791553795337677
YDR180W,YNL279W,0,3.2738674,0.3054799735546112,0.7623666524887085,0.17925569415092468
YIL156W,YMR161W,1,3.2697625,0.3057498037815094,0.7633365392684937,0.17925569415092468
YPL227C,YMR052W,0,3.2685623,0.3056310713291168,0.7633365392684937,0.17935600876808167
YMR119W,YGR108W,0,3.2681577,0.3055124282836914,0.7633365392684937,0.17945630848407745
YFR036W,YMR161W,1,3.267452,0.30578193068504333,0.7643064856529236,0.17945630848407745
YOL060C,YLR117C,0,3.2645333,0.3056633174419403,0.7643064856529236,0.17955662310123444
YHL002W,YCL033C,0,3.2634578,0.30554479360580444,0.7643064856529236,0.17965693771839142
YDL168W,YLR155C,0,3.2631502,0.30542635917663574,0.7643064856529236,0.1797572523355484
YEL004W,YHR196W,0,3.260367,0.3053080141544342,0.7643064856529236,0.1798575520515442
YKL091C,YER119C,0,3.2594428,0.3051897883415222,0.7643064856529236,0.17995786666870117
YOR178C,YER021W,0,3.259405,0.305071622133255,0.7643064856529236,0.18005818128585815
YNL275W,YPR140W,0,3.2581556,0.30495357513427734,0.7643064856529236,0.18015849590301514
YJR088C,YDR266C,0,3.25811,0.30483558773994446,0.7643064856529236,0.18025879561901093
YGR003W,YER116C,1,3.2578313,0.30510440468788147,0.7652764320373535,0.18025879561901093
YBR253W,YML069W,0,3.255916,0.30498647689819336,0.7652764320373535,0.1803591102361679
YDL207W,YDL104C,0,3.2538693,0.3048686385154724,0.7652764320373535,0.1804594248533249
YBR201W,YGL153W,0,3.2532587,0.30475085973739624,0.7652764320373535,0.18055973947048187
YOR229W,YDR237W,0,3.2504778,0.3046332001686096,0.7652764320373535,0.18066003918647766
YPL009C,YJL099W,0,3.2492871,0.30451563000679016,0.7652764320373535,0.18076035380363464
YOR321W,YJL159W,0,3.2489989,0.30439814925193787,0.7652764320373535,0.18086066842079163
YDL239C,YDR480W,0,3.2486823,0.30428075790405273,0.7652764320373535,0.1809609830379486
YBR132C,YGR091W,0,3.2461343,0.30416345596313477,0.7652764320373535,0.1810612827539444
YOL013C,YCR033W,0,3.2456896,0.30404624342918396,0.7652764320373535,0.18116159737110138
YOL146W,YKR018C,0,3.245358,0.3039291203022003,0.7652764320373535,0.18126191198825836
YJL172W,YBR041W,1,3.2451658,0.30419716238975525,0.7662463784217834,0.18126191198825836
YMR247C,YAL058W,1,3.2428696,0.3044649660587311,0.7672162652015686,0.18126191198825836
YGL201C,YNR032W,0,3.2416434,0.30434781312942505,0.7672162652015686,0.18136222660541534
YCR033W,YCR097W,0,3.2404814,0.30423077940940857,0.7672162652015686,0.18146254122257233
YKR086W,YMR291W,0,3.2395258,0.30411380529403687,0.7672162652015686,0.18156284093856812
YHR016C,YKL211C,0,3.236032,0.3039969205856323,0.7672162652015686,0.1816631555557251
YOR307C,YLR110C,0,3.234542,0.30388012528419495,0.7672162652015686,0.18176347017288208
YLR069C,YJR044C,0,3.2336493,0.3037634491920471,0.7672162652015686,0.18186378479003906
YHL020C,YKL148C,0,3.232421,0.30364683270454407,0.7672162652015686,0.18196408450603485
YOR256C,YDL165W,0,3.2321353,0.3035303056240082,0.7672162652015686,0.18206439912319183
YNL090W,YKL163W,0,3.231657,0.30341389775276184,0.7672162652015686,0.18216471374034882
YBL022C,YOR371C,1,3.2308683,0.30368098616600037,0.7681862115859985,0.18216471374034882
YPR082C,YHR143W-A,0,3.2300239,0.30356457829475403,0.7681862115859985,0.1822650283575058
YLR297W,YNL093W,0,3.2282288,0.30344828963279724,0.7681862115859985,0.1823653280735016
YLR166C,YOR133W,0,3.2278218,0.30333206057548523,0.7681862115859985,0.18246564269065857
YPR025C,YOR003W,0,3.2276883,0.3032159209251404,0.7681862115859985,0.18256595730781555
YBR083W,YPL230W,0,3.2274318,0.3030998706817627,0.7681862115859985,0.18266627192497253
YIL127C,YDR452W,0,3.2259703,0.30298393964767456,0.7681862115859985,0.18276657164096832
YGR284C,YPL265W,0,3.2251005,0.3028680682182312,0.7681862115859985,0.1828668862581253
YGL047W,YNL148C,0,3.2248662,0.302752286195755,0.7681862115859985,0.1829672008752823
YJL116C,YCR083W,0,3.2245855,0.30263659358024597,0.7681862115859985,0.18306751549243927
YBR126C,YGL023C,0,3.2245,0.3025210201740265,0.7681862115859985,0.18316781520843506
YDL126C,YDR219C,1,3.2240334,0.30278733372688293,0.7691561579704285,0.18316781520843506
YLR408C,YER004W,0,3.223693,0.30267176032066345,0.7691561579704285,0.18326812982559204
YHR039C,YPL069C,0,3.2232914,0.30255627632141113,0.7691561579704285,0.18336844444274902
YML092C,YDR049W,1,3.2227423,0.3028222620487213,0.7701261043548584,0.18336844444274902
YBR077C,YNL154C,0,3.2217736,0.30270683765411377,0.7701261043548584,0.183468759059906
YHL007C,YDR294C,0,3.2213178,0.302591472864151,0.7701261043548584,0.1835690587759018
YDL002C,YGL245W,0,3.2211044,0.3024761974811554,0.7701261043548584,0.18366937339305878
YBR062C,YGL058W,1,3.2197409,0.3027418255805969,0.7710960507392883,0.18366937339305878
YBR088C,YOR197W,0,3.2196906,0.3026265799999237,0.7710960507392883,0.18376968801021576
YPR029C,YIR022W,0,3.2195387,0.30251142382621765,0.7710960507392883,0.18387000262737274
YGR059W,YGR172C,0,3.217809,0.30239635705947876,0.7710960507392883,0.18397030234336853
YOR234C,YAL014C,0,3.2166662,0.30228137969970703,0.7710960507392883,0.1840706169605255
YJL159W,YPL249C,0,3.2162368,0.3021664619445801,0.7710960507392883,0.1841709315776825
YJR052W,YGR066C,1,3.2132144,0.3024316132068634,0.7720659375190735,0.1841709315776825
YHR191C,YGL208W,0,3.2114396,0.3023167550563812,0.7720659375190735,0.18427124619483948
YOL068C,YNL272C,0,3.210721,0.3022019863128662,0.7720659375190735,0.18437154591083527
YLR368W,YGL032C,0,3.2107148,0.30208727717399597,0.7720659375190735,0.18447186052799225
YMR116C,YDR141C,0,3.209198,0.3019726872444153,0.7720659375190735,0.18457217514514923
YML014W,YPL015C,0,3.2090735,0.30185818672180176,0.7720659375190735,0.1846724897623062
YPR145W,YDR519W,0,3.2083478,0.301743745803833,0.7720659375190735,0.184772789478302
YJL151C,YPR052C,0,3.2066872,0.3016293942928314,0.7720659375190735,0.18487310409545898
YDR307W,YNL326C,0,3.2052712,0.3015151619911194,0.7720659375190735,0.18497341871261597
YCL045C,YJL207C,0,3.2051969,0.3014009892940521,0.7720659375190735,0.18507373332977295
YHR079C-A,YNL067W,0,3.2039983,0.301286906003952,0.7720659375190735,0.18517403304576874
YER016W,YDL214C,0,3.202712,0.3011729121208191,0.7720659375190735,0.18527434766292572
YGR157W,YGR240C,0,3.20092,0.3010590076446533,0.7720659375190735,0.1853746622800827
YHR063C,YGL153W,0,3.2008047,0.3009451925754547,0.7720659375190735,0.18547497689723969
YNL305C,YDR489W,0,3.200377,0.3008314371109009,0.7720659375190735,0.18557527661323547
YFL009W,YER125W,1,3.1996608,0.301095575094223,0.7730358839035034,0.18557527661323547
YMR283C,YGL008C,0,3.1990218,0.30098187923431396,0.7730358839035034,0.18567559123039246
YML126C,YDL014W,0,3.19879,0.3008682429790497,0.7730358839035034,0.18577590584754944
YOR173W,YML069W,0,3.1977203,0.30075472593307495,0.7730358839035034,0.18587622046470642
YPR079W,YNR051C,0,3.1973748,0.300641268491745,0.7730358839035034,0.1859765201807022
YOL110W,YLR256W,0,3.195912,0.3005279004573822,0.7730358839035034,0.1860768347978592
YLR166C,YPL236C,0,3.1943607,0.3004146218299866,0.7730358839035034,0.18617714941501617
YBR056W,YGR140W,0,3.192947,0.3003014326095581,0.7730358839035034,0.18627746403217316
YOL133W,YDR333C,1,3.1920018,0.3005649745464325,0.7740058302879333,0.18627746403217316
YCL011C,YGL077C,0,3.1915073,0.3004518151283264,0.7740058302879333,0.18637776374816895
YGL022W,YCR048W,0,3.1910374,0.3003387153148651,0.7740058302879333,0.18647807836532593
YER146W,YJL093C,0,3.1905203,0.30022573471069336,0.7740058302879333,0.1865783929824829
YJR086W,YKR001C,0,3.189241,0.3001128137111664,0.7740058302879333,0.1866787075996399
YDL168W,YKL065C,0,3.1889572,0.30000001192092896,0.7740058302879333,0.18677902221679688
YDL126C,YKL100C,1,3.18824,0.30026304721832275,0.7749757766723633,0.18677902221679688
YDL168W,YNL009W,0,3.1871858,0.3001502752304077,0.7749757766723633,0.18687932193279266
YCR027C,YKL222C,0,3.1867552,0.30003756284713745,0.7749757766723633,0.18697963654994965
YDR202C,YKL127W,0,3.1858823,0.29992491006851196,0.7749757766723633,0.18707995116710663
YIL158W,YLR256W,0,3.1853232,0.299812376499176,0.7749757766723633,0.1871802657842636
YGR059W,YDL213C,0,3.184644,0.29969993233680725,0.7749757766723633,0.1872805655002594
YLR077W,YKR087C,0,3.1841054,0.29958754777908325,0.7749757766723633,0.18738088011741638
YJR047C,YMR190C,0,3.183628,0.2994752526283264,0.7749757766723633,0.18748119473457336
YDR191W,YDL147W,0,3.182825,0.29936304688453674,0.7749757766723633,0.18758150935173035
YDR306C,YBL084C,1,3.1828117,0.2996254563331604,0.7759456634521484,0.18758150935173035
YHL022C,YER094C,0,3.1812778,0.2995132803916931,0.7759456634521484,0.18768180906772614
YGL184C,YLR081W,0,3.180007,0.299401193857193,0.7759456634521484,0.18778212368488312
YER157W,YDR488C,0,3.1777735,0.29928919672966003,0.7759456634521484,0.1878824383020401
YMR171C,YJL197W,1,3.177082,0.29955124855041504,0.7769156098365784,0.1878824383020401
YAL001C,YNL220W,0,3.176959,0.2994392514228821,0.7769156098365784,0.18798275291919708
YHR134W,YKL127W,0,3.1762633,0.2993273437023163,0.7769156098365784,0.18808305263519287
YBR161W,YDL150W,0,3.1757584,0.29921552538871765,0.7769156098365784,0.18818336725234985
YDR349C,YNL229C,0,3.1735976,0.2991037964820862,0.7769156098365784,0.18828368186950684
YML022W,YGL160W,0,3.1722612,0.2989921569824219,0.7769156098365784,0.18838399648666382
YMR161W,YGL097W,0,3.1718419,0.29888060688972473,0.7769156098365784,0.1884842962026596
YCR089W,YNR049C,0,3.1714013,0.29876911640167236,0.7769156098365784,0.1885846108198166
YML014W,YIL065C,0,3.1710184,0.29865771532058716,0.7769156098365784,0.18868492543697357
YBL016W,YDR348C,0,3.170772,0.2985464036464691,0.7769156098365784,0.18878524005413055
YIR007W,YJL154C,0,3.169404,0.29843518137931824,0.7769156098365784,0.18888553977012634
YGL001C,YCR003W,0,3.1674845,0.29832401871681213,0.7769156098365784,0.18898585438728333
YHR134W,YPL024W,0,3.166462,0.2982129454612732,0.7769156098365784,0.1890861690044403
YMR044W,YBL101C,0,3.1664195,0.2981019616127014,0.7769156098365784,0.1891864836215973
YBR221C,YJL020C,0,3.1657681,0.2979910671710968,0.7769156098365784,0.18928678333759308
YHR091C,YBR227C,0,3.1644647,0.29788026213645935,0.7769156098365784,0.18938709795475006
YBR103W,YGR090W,0,3.1636674,0.2977695167064667,0.7769156098365784,0.18948741257190704
YDL168W,YPR079W,0,3.1636643,0.29765886068344116,0.7769156098365784,0.18958772718906403
YGR148C,YIR008C,0,3.1593187,0.2975482940673828,0.7769156098365784,0.18968802690505981
YJL137C,YNL005C,0,3.1585407,0.29743778705596924,0.7769156098365784,0.1897883415222168
YHL020C,YEL042W,0,3.1574144,0.2973273992538452,0.7769156098365784,0.18988865613937378
YNL299W,YKR018C,0,3.1573637,0.29721707105636597,0.7769156098365784,0.18998897075653076
YDR027C,YEL060C,0,3.1567686,0.2971068322658539,0.7769156098365784,0.19008927047252655
YOR214C,YOR125C,0,3.1567063,0.2969966530799866,0.7769156098365784,0.19018958508968353
YDR084C,YML046W,0,3.1563048,0.2968865931034088,0.7769156098365784,0.19028989970684052
YBL040C,YKL160W,0,3.1557207,0.29677659273147583,0.7769156098365784,0.1903902143239975
YGL166W,YDR307W,0,3.1553755,0.2966666519641876,0.7769156098365784,0.1904905140399933
YKR098C,YJL036W,0,3.1550016,0.29655683040618896,0.7769156098365784,0.19059082865715027
YKR003W,YPL266W,0,3.1549304,0.2964470684528351,0.7769156098365784,0.19069114327430725
YMR104C,YGL245W,0,3.1546962,0.29633739590644836,0.7769156098365784,0.19079145789146423
YJR091C,YPL069C,0,3.1542373,0.2962278127670288,0.7769156098365784,0.19089175760746002
YKL176C,YDR307W,0,3.1541057,0.29611828923225403,0.7769156098365784,0.190992072224617
YKL213C,YDR206W,0,3.1537704,0.2960088551044464,0.7769156098365784,0.191092386841774
YKL208W,YOR141C,0,3.1531348,0.29589951038360596,0.7769156098365784,0.19119270145893097
YMR134W,YMR271C,0,3.1530132,0.29579025506973267,0.7769156098365784,0.19129300117492676
YNL047C,YKR046C,0,3.1517787,0.29568105936050415,0.7769156098365784,0.19139331579208374
YLR272C,YER122C,0,3.1513643,0.2955719530582428,0.7769156098365784,0.19149363040924072
YKL008C,YOL039W,0,3.1512923,0.2954629361629486,0.7769156098365784,0.1915939450263977
YIL073C,YDL213C,0,3.1503909,0.2953539788722992,0.7769156098365784,0.1916942447423935
YBL022C,YLR127C,1,3.1492562,0.29561370611190796,0.7778855562210083,0.1916942447423935
YOR371C,YNL123W,1,3.148337,0.2958732545375824,0.7788555026054382,0.1916942447423935
YOL068C,YPL066W,0,3.1478035,0.2957642674446106,0.7788555026054382,0.19179455935955048
YPL268W,YGR074W,0,3.1476364,0.29565536975860596,0.7788555026054382,0.19189487397670746
YGL208W,YLR178C,0,3.1461258,0.2955465614795685,0.7788555026054382,0.19199518859386444
YCR071C,YDR163W,0,3.1454096,0.2954378128051758,0.7788555026054382,0.19209550321102142
YDR202C,YLR089C,0,3.144301,0.29532915353775024,0.7788555026054382,0.1921958029270172
YIL131C,YDL236W,0,3.1429236,0.29522058367729187,0.7788555026054382,0.1922961175441742
YDL181W,YGR240C,0,3.140141,0.29511210322380066,0.7788555026054382,0.19239643216133118
YBR018C,YMR067C,0,3.1392968,0.2950036823749542,0.7788555026054382,0.19249674677848816
YMR214W,YLR389C,1,3.1375144,0.29526257514953613,0.7798253893852234,0.19249674677848816
YDL052C,YBR152W,0,3.136725,0.2951541841030121,0.7798253893852234,0.19259704649448395
YGR257C,YBR139W,0,3.1364453,0.2950458824634552,0.7798253893852234,0.19269736111164093
YKL046C,YGL038C,0,3.135562,0.2949376404285431,0.7798253893852234,0.1927976757287979
YHR072W-A,YDL239C,0,3.1355553,0.29482948780059814,0.7798253893852234,0.1928979903459549
YDL161W,YDR037W,0,3.134867,0.294721394777298,0.7798253893852234,0.19299829006195068
YHR016C,YLR155C,0,3.1347249,0.29461342096328735,0.7798253893852234,0.19309860467910767
YER039C,YML058W,0,3.1343904,0.2945055067539215,0.7798253893852234,0.19319891929626465
YCR067C,YIR034C,0,3.1341171,0.29439765214920044,0.7798253893852234,0.19329923391342163
YLR116W,YGR278W,0,3.13335,0.29428988695144653,0.7798253893852234,0.19339953362941742
YBR200W,YOR361C,0,3.1329098,0.2941822111606598,0.7798253893852234,0.1934998482465744
YKL100C,YPL046C,1,3.1314497,0.2944403886795044,0.7807953357696533,0.1934998482465744
YGL065C,YMR162C,0,3.124156,0.29433271288871765,0.7807953357696533,0.19360016286373138
YHR121W,YNL116W,0,3.1241055,0.29422515630722046,0.7807953357696533,0.19370047748088837
YDR184C,YML130C,0,3.1235037,0.29411765933036804,0.7807953357696533,0.19380077719688416
YPL055C,YPR140W,0,3.1227505,0.2940102219581604,0.7807953357696533,0.19390109181404114
YOR022C,YOL089C,0,3.1225834,0.2939028739929199,0.7807953357696533,0.19400140643119812
YJL042W,YBR077C,0,3.1210942,0.2937956154346466,0.7807953357696533,0.1941017210483551
YMR266W,YOR321W,0,3.12016,0.29368844628334045,0.7807953357696533,0.1942020207643509
YGR227W,YOR362C,0,3.1196434,0.2935813367366791,0.7807953357696533,0.19430233538150787
YGR048W,YGL179C,0,3.1152346,0.2934742867946625,0.7807953357696533,0.19440264999866486
YGL013C,YKR003W,0,3.1143532,0.2933673560619354,0.7807953357696533,0.19450296461582184
YBR227C,YGR092W,0,3.1125064,0.29326048493385315,0.7807953357696533,0.19460326433181763
YDR104C,YGL181W,0,3.1120663,0.29315367341041565,0.7807953357696533,0.1947035789489746
YBR133C,YIL017C,0,3.110416,0.2930469512939453,0.7807953357696533,0.1948038935661316
YPR101W,YHR121W,0,3.1098886,0.29294031858444214,0.7807953357696533,0.19490420818328857
YKR023W,YJR102C,1,3.1095357,0.29319751262664795,0.7817652821540833,0.19490420818328857
YDR522C,YOR197W,0,3.1092448,0.29309090971946716,0.7817652821540833,0.19500450789928436
YKL160W,YDR354W,0,3.108643,0.29298436641693115,0.7817652821540833,0.19510482251644135
YGR183C,YDR171W,0,3.10792,0.2928779125213623,0.7817652821540833,0.19520513713359833
YJR099W,YDR208W,0,3.107116,0.29277151823043823,0.7817652821540833,0.1953054517507553
YHR039C,YHR065C,0,3.106591,0.2926652133464813,0.7817652821540833,0.1954057514667511
YGL131C,YEL003W,0,3.105159,0.2925589978694916,0.7817652821540833,0.19550606608390808
YOR005C,YBR135W,0,3.1037412,0.2924528419971466,0.7817652821540833,0.19560638070106506
YBR221C,YLR421C,0,3.1028955,0.2923467457294464,0.7817652821540833,0.19570669531822205
YIL063C,YDR266C,0,3.1020174,0.29224076867103577,0.7817652821540833,0.19580699503421783
YDR191W,YPL086C,0,3.1016629,0.2921348214149475,0.7817652821540833,0.19590730965137482
YDL212W,YER172C,0,3.1012635,0.2920289933681488,0.7817652821540833,0.1960076242685318
YER004W,YDR255C,0,3.1001983,0.2919232249259949,0.7817652821540833,0.19610793888568878
YOR329C,YIL099W,0,3.098909,0.2918175160884857,0.7817652821540833,0.19620823860168457
YDL020C,YGR065C,0,3.097491,0.2917118966579437,0.7817652821540833,0.19630855321884155
YCL020W,YDL122W,0,3.0948968,0.2916063666343689,0.7817652821540833,0.19640886783599854
YGL116W,YER151C,1,3.0945203,0.2918625771999359,0.7827352285385132,0.19640886783599854
YLR166C,YOL119C,0,3.0944014,0.2917570471763611,0.7827352285385132,0.19650918245315552
YOL017W,YOL027C,0,3.0929856,0.2916516065597534,0.7827352285385132,0.1966094821691513
YDR104C,YLR070C,0,3.0911436,0.2915462553501129,0.7827352285385132,0.1967097967863083
YMR263W,YKR046C,0,3.0903077,0.2914409637451172,0.7827352285385132,0.19681011140346527
YGL008C,YNL270C,0,3.0867734,0.29133573174476624,0.7827352285385132,0.19691042602062225
YDR258C,YLR095C,0,3.0836148,0.29123058915138245,0.7827352285385132,0.19701074063777924
YGL131C,YBR068C,0,3.0833726,0.2911255359649658,0.7827352285385132,0.19711104035377502
YDR104C,YKL157W,0,3.083163,0.29102054238319397,0.7827352285385132,0.197211354970932
YPL249C-A,YNL245C,0,3.0829577,0.2909156382083893,0.7827352285385132,0.197311669588089
YGR028W,YDR541C,0,3.0821505,0.29081082344055176,0.7827352285385132,0.19741198420524597
YDL239C,YOR360C,0,3.081729,0.2907060384750366,0.7827352285385132,0.19751228392124176
YDL126C,YFL018C,0,3.0804162,0.29060137271881104,0.7827352285385132,0.19761259853839874
YOR362C,YDR206W,0,3.0794847,0.2904967665672302,0.7827352285385132,0.19771291315555573
YLR225C,YDR432W,0,3.076895,0.2903922200202942,0.7827352285385132,0.1978132277727127
YDR541C,YHR034C,0,3.0767639,0.2902877628803253,0.7827352285385132,0.1979135274887085
YJR014W,YNL312W,0,3.0764508,0.2901833951473236,0.7827352285385132,0.19801384210586548
YML130C,YLR051C,0,3.0763235,0.2900790870189667,0.7827352285385132,0.19811415672302246
YOL013C,YCR048W,0,3.0756083,0.2899748384952545,0.7827352285385132,0.19821447134017944
YPL020C,YPL088W,0,3.0748415,0.2898706793785095,0.7827352285385132,0.19831477105617523
YKR099C-A,YHR102W,0,3.071007,0.2897666096687317,0.7827352285385132,0.19841508567333221
YKL086W,YDR142C,0,3.0676258,0.28966259956359863,0.7827352285385132,0.1985154002904892
YKL086W,YDL159W,0,3.0673194,0.28955867886543274,0.7827352285385132,0.19861571490764618
YOR371C,YGR278W,0,3.0663543,0.2894548177719116,0.7827352285385132,0.19871601462364197
YDR354W,YLR136C,0,3.0660734,0.2893510162830353,0.7827352285385132,0.19881632924079895
YBR161W,YOL041C,0,3.0646918,0.2892473042011261,0.7827352285385132,0.19891664385795593
YGL079W,YMR268C,0,3.062146,0.2891436815261841,0.7827352285385132,0.19901695847511292
YDR485C,YGR038W,0,3.061523,0.28904011845588684,0.7827352285385132,0.1991172581911087
YHR216W,YER001W,0,3.0611234,0.2889366149902344,0.7827352285385132,0.19921757280826569
YDR006C,YJL099W,0,3.0596914,0.2888332009315491,0.7827352285385132,0.19931788742542267
YDR058C,YOR307C,0,3.0594978,0.28872987627983093,0.7827352285385132,0.19941820204257965
YBR088C,YPL270W,0,3.0581126,0.28862661123275757,0.7827352285385132,0.19951850175857544
YGL250W,YBL046W,0,3.0573065,0.288523405790329,0.7827352285385132,0.19961881637573242
YFL016C,YIL131C,0,3.0565646,0.28842028975486755,0.7827352285385132,0.1997191309928894
YMR283C,YBL003C,0,3.0561914,0.2883172631263733,0.7827352285385132,0.1998194456100464
YGR109C,YOR303W,0,3.0558352,0.2882142961025238,0.7827352285385132,0.19991974532604218
YDR330W,YOL013C,1,3.0545335,0.2884683907032013,0.7837051153182983,0.19991974532604218
YBL040C,YOL091W,0,3.0539322,0.2883654534816742,0.7837051153182983,0.20002005994319916
YIL063C,YJR161C,0,3.0538692,0.28826257586479187,0.7837051153182983,0.20012037456035614
YJL034W,YJR017C,1,3.0537596,0.28851640224456787,0.7846750617027283,0.20012037456035614
YDR153C,YMR216C,0,3.050108,0.28841355443000793,0.7846750617027283,0.20022068917751312
YFL016C,YMR113W,0,3.0493515,0.2883107662200928,0.7846750617027283,0.2003209888935089
YGL210W-A,YDR522C,0,3.0474806,0.2882080376148224,0.7846750617027283,0.2004213035106659
YLR297W,YGL099W,0,3.0474155,0.28810539841651917,0.7846750617027283,0.20052161812782288
YGL254W,YBR288C,0,3.04709,0.2880028486251831,0.7846750617027283,0.20062193274497986
YKL163W,YJR017C,0,3.046895,0.2879003584384918,0.7846750617027283,0.20072223246097565
YBL102W,YOL001W,0,3.0458293,0.2877979278564453,0.7846750617027283,0.20082254707813263
YPL236C,YIL031W,0,3.045133,0.28769558668136597,0.7846750617027283,0.2009228616952896
YBR056W,YNL106C,0,3.0437608,0.2875933051109314,0.7846750617027283,0.2010231763124466
YDL193W,YOR312C,0,3.040535,0.287491112947464,0.7846750617027283,0.20112347602844238
YER078C,YBR110W,0,3.0401406,0.28738898038864136,0.7846750617027283,0.20122379064559937
YHR112C,YEL042W,0,3.03933,0.2872869372367859,0.7846750617027283,0.20132410526275635
YOR125C,YLR066W,0,3.0392275,0.2871849536895752,0.7846750617027283,0.20142441987991333
YIL117C,YBR228W,0,3.0388737,0.2870830297470093,0.7846750617027283,0.20152471959590912
YLR225C,YBR057C,0,3.037371,0.2869811952114105,0.7846750617027283,0.2016250342130661
YGR152C,YIL067C,0,3.0368938,0.28687942028045654,0.7846750617027283,0.20172534883022308
YAL005C,YGR108W,0,3.0368319,0.2867777347564697,0.7846750617027283,0.20182566344738007
YFR036W,YKL041W,1,3.034855,0.28703048825263977,0.7856450080871582,0.20182566344738007
YNL209W,YNL326C,0,3.0329638,0.28692880272865295,0.7856450080871582,0.20192596316337585
YLR226W,YNL030W,0,3.0298705,0.2868272066116333,0.7856450080871582,0.20202627778053284
YIL158W,YOR073W,0,3.0290859,0.2867256700992584,0.7856450080871582,0.20212659239768982
YBR293W,YGL153W,0,3.0271885,0.2866241931915283,0.7856450080871582,0.2022269070148468
YOR361C,YLR378C,0,3.0269794,0.2865228056907654,0.7856450080871582,0.20232722163200378
YDL095W,YDR457W,1,3.026472,0.2867751121520996,0.7866149544715881,0.20232722163200378
YJL204C,YGL166W,0,3.0251794,0.28667372465133667,0.7866149544715881,0.20242752134799957
YGR240C,YOR083W,0,3.0241756,0.2865724265575409,0.7866149544715881,0.20252783596515656
YPL009C,YPR061C,0,3.024019,0.2864712178707123,0.7866149544715881,0.20262815058231354
YOR118W,YLR081W,0,3.0238662,0.28637006878852844,0.7866149544715881,0.20272846519947052
YDL232W,YBL019W,0,3.0223966,0.2862689793109894,0.7866149544715881,0.2028287649154663
YGR163W,YGR261C,0,3.0213125,0.2861679494380951,0.7866149544715881,0.2029290795326233
YAL001C,YNL245C,0,3.021029,0.28606700897216797,0.7866149544715881,0.20302939414978027
YIL049W,YDR348C,0,3.0209732,0.285966157913208,0.7866149544715881,0.20312970876693726
YPL176C,YOR336W,1,3.020481,0.2862178385257721,0.7875848412513733,0.20312970876693726
YPR023C,YGR231C,0,3.0197558,0.28611698746681213,0.7875848412513733,0.20323000848293304
YHL002W,YOR030W,0,3.0197475,0.28601619601249695,0.7875848412513733,0.20333032310009003
YLR342W,YPL265W,0,3.018811,0.2859154939651489,0.7875848412513733,0.203430637717247
YNL329C,YKR018C,0,3.0178328,0.2858148515224457,0.7875848412513733,0.203530952334404
YKL100C,YMR135C,1,3.0168676,0.2860661447048187,0.7885547876358032,0.203530952334404
YDR016C,YBR227C,0,3.0143073,0.28596553206443787,0.7885547876358032,0.20363125205039978
YFL007W,YOR157C,1,3.0138593,0.2862165868282318,0.7895247340202332,0.20363125205039978
YLR310C,YDL010W,0,3.010785,0.28611600399017334,0.7895247340202332,0.20373156666755676
YPR101W,YKL055C,0,3.0106053,0.28601545095443726,0.7895247340202332,0.20383188128471375
YDR155C,YDR450W,0,3.0103662,0.28591498732566833,0.7895247340202332,0.20393219590187073
YPL065W,YJR090C,1,3.010264,0.2861657440662384,0.7904946804046631,0.20393219590187073
YPL096W,YBR201W,1,3.0101626,0.28641629219055176,0.791464626789093,0.20393219590187073
YDR073W,YMR291W,0,3.006697,0.28631579875946045,0.791464626789093,0.20403249561786652
YKL160W,YOR058C,0,3.0054984,0.2862153649330139,0.791464626789093,0.2041328102350235
YHR001W,YKR087C,0,3.0052836,0.28611502051353455,0.791464626789093,0.20423312485218048
YBR136W,YDR264C,0,3.0046043,0.28601473569869995,0.791464626789093,0.20433343946933746
YLR216C,YPL008W,0,3.0040927,0.28591451048851013,0.791464626789093,0.20443373918533325
YDR142C,YHR196W,0,3.0031538,0.2858143746852875,0.791464626789093,0.20453405380249023
YHR098C,YEL047C,0,3.0022926,0.2857142984867096,0.791464626789093,0.20463436841964722
YNL037C,YOL137W,0,3.001233,0.2856142818927765,0.791464626789093,0.2047346830368042
YER116C,YHL030W,1,2.9994664,0.2858642339706421,0.7924345135688782,0.2047346830368042
YBR133C,YCR088W,0,2.9962633,0.28576424717903137,0.7924345135688782,0.2048349827528
YCR024C-A,YKR065C,0,2.9954963,0.2856643497943878,0.7924345135688782,0.20493529736995697
YBR200W,YLR398C,0,2.9948506,0.28556448221206665,0.7924345135688782,0.20503561198711395
YBL036C,YIL065C,0,2.9924743,0.28546470403671265,0.7924345135688782,0.20513592660427094
YNL126W,YKR018C,0,2.9916105,0.2853650152683258,0.7924345135688782,0.20523622632026672
YNL154C,YGR132C,0,2.991477,0.28526535630226135,0.7924345135688782,0.2053365409374237
YJR099W,YER157W,0,2.9914517,0.28516578674316406,0.7924345135688782,0.2054368555545807
YHR063C,YLR070C,0,2.990854,0.28506630659103394,0.7924345135688782,0.20553717017173767
YJR047C,YBR088C,0,2.98947,0.2849668562412262,0.7924345135688782,0.20563746988773346
YIL117C,YOR083W,0,2.9890802,0.2848674952983856,0.7924345135688782,0.20573778450489044
YDR104C,YBR084C-A,0,2.9888225,0.2847682237625122,0.7924345135688782,0.20583809912204742
YGR157W,YLR174W,0,2.9872468,0.2846689820289612,0.7924345135688782,0.2059384137392044
YDL193W,YNL014W,0,2.9859257,0.2845698297023773,0.7924345135688782,0.2060387134552002
YPL249C-A,YGL055W,0,2.9854832,0.2844707667827606,0.7924345135688782,0.20613902807235718
YLR342W,YDL049C,0,2.9848585,0.2843717336654663,0.7924345135688782,0.20623934268951416
YIL023C,YJR019C,0,2.9820318,0.28427278995513916,0.7924345135688782,0.20633965730667114
YPR164W,YML121W,0,2.9792879,0.2841739058494568,0.7924345135688782,0.20643995702266693
YPL237W,YOL049W,0,2.979012,0.2840751111507416,0.7924345135688782,0.2065402716398239
YDR202C,YGR198W,0,2.978435,0.28397637605667114,0.7924345135688782,0.2066405862569809
YBR088C,YLR081W,0,2.977694,0.2838777005672455,0.7924345135688782,0.20674090087413788
YGL017W,YPL009C,1,2.9771595,0.2841264307498932,0.7934044599533081,0.20674090087413788
YML022W,YDL147W,0,2.9764633,0.2840277850627899,0.7934044599533081,0.20684120059013367
YLR174W,YPR058W,0,2.9744267,0.2839291989803314,0.7934044599533081,0.20694151520729065
YDR221W,YFL018C,0,2.970281,0.2838306725025177,0.7934044599533081,0.20704182982444763
YDR385W,YGR183C,0,2.9651828,0.28373223543167114,0.7934044599533081,0.20714214444160461
YPL132W,YNL275W,0,2.964625,0.283633828163147,0.7934044599533081,0.2072424441576004
YGR038W,YEL042W,0,2.9632797,0.28353554010391235,0.7934044599533081,0.20734275877475739
YEL034W,YDR237W,0,2.9600306,0.2834372818470001,0.7934044599533081,0.20744307339191437
YKL208W,YDL165W,0,2.9593992,0.28333911299705505,0.7934044599533081,0.20754338800907135
YFR042W,YIR003W,0,2.9592054,0.28324100375175476,0.7934044599533081,0.20764370262622833
YOL001W,YCR097W,0,2.95718,0.28314295411109924,0.7934044599533081,0.20774400234222412
YKL137W,YOR336W,0,2.956932,0.2830449938774109,0.7934044599533081,0.2078443169593811
YIL099W,YOL060C,0,2.9537976,0.2829470634460449,0.7934044599533081,0.20794463157653809
YNL072W,YBR221C,0,2.9529362,0.2828492522239685,0.7934044599533081,0.20804494619369507
YER119C,YDR264C,0,2.9518383,0.2827514708042145,0.7934044599533081,0.20814524590969086
YLR132C,YKL073W,0,2.9503582,0.2826537787914276,0.7934044599533081,0.20824556052684784
YIL105C,YDR484W,0,2.945126,0.28255611658096313,0.7934044599533081,0.20834587514400482
YIL097W,YOL082W,1,2.9450927,0.28280386328697205,0.794374406337738,0.20834587514400482
YGL004C,YJR017C,1,2.9449835,0.28305143117904663,0.795344352722168,0.20834587514400482
YMR021C,YLR155C,0,2.942551,0.28295376896858215,0.795344352722168,0.2084461897611618
YDR184C,YDR519W,0,2.941753,0.28285616636276245,0.795344352722168,0.2085464894771576
YOR007C,YOR344C,0,2.939989,0.2827586233615875,0.795344352722168,0.20864680409431458
YGR215W,YPR065W,0,2.9389968,0.2826611399650574,0.795344352722168,0.20874711871147156
YDR488C,YGL181W,0,2.9378774,0.2825637459754944,0.795344352722168,0.20884743332862854
YOL013C,YJR067C,0,2.9376101,0.28246641159057617,0.795344352722168,0.20894773304462433
YKL046C,YML025C,0,2.9369419,0.28236913681030273,0.795344352722168,0.2090480476617813
YGL008C,YLR117C,0,2.9365606,0.28227195143699646,0.795344352722168,0.2091483622789383
YLR148W,YLL015W,0,2.9351368,0.2821747958660126,0.795344352722168,0.20924867689609528
YOR328W,YPR181C,0,2.9349508,0.28207772970199585,0.795344352722168,0.20934897661209106
YPL228W,YLL010C,0,2.9343286,0.2819807529449463,0.795344352722168,0.20944929122924805
YKL211C,YGL044C,0,2.9318752,0.2818838059902191,0.795344352722168,0.20954960584640503
YMR115W,YGR066C,1,2.9314623,0.2821305990219116,0.7963142395019531,0.20954960584640503
YGL134W,YBR102C,0,2.930378,0.28203365206718445,0.7963142395019531,0.209649920463562
YJL093C,YGL097W,0,2.9297254,0.2819368243217468,0.7963142395019531,0.2097502201795578
YDR450W,YNL097C,0,2.9295707,0.2818400263786316,0.7963142395019531,0.20985053479671478
YGL131C,YBR227C,0,2.9291892,0.2817433178424835,0.7963142395019531,0.20995084941387177
YMR197C,YPR165W,0,2.9283671,0.2816466689109802,0.7963142395019531,0.21005116403102875
YPL268W,YHR039C,0,2.9273822,0.2815500795841217,0.7963142395019531,0.21015146374702454
YIL082W-A,YOR202W,0,2.9257967,0.28145354986190796,0.7963142395019531,0.21025177836418152
YOR328W,YEL004W,0,2.9248512,0.281357079744339,0.7963142395019531,0.2103520929813385
YGR186W,YCR023C,0,2.9223247,0.2812606990337372,0.7963142395019531,0.21045240759849548
YNL264C,YJL020C,0,2.921399,0.28116437792778015,0.7963142395019531,0.21055270731449127
YHR039C,YGR140W,0,2.9210868,0.2810681164264679,0.7963142395019531,0.21065302193164825
YDR216W,YLR057W,0,2.91988,0.2809719443321228,0.7963142395019531,0.21075333654880524
YML008C,YGR284C,0,2.9195611,0.2808758020401001,0.7963142395019531,0.21085365116596222
YNL299W,YNL321W,0,2.918863,0.28077974915504456,0.7963142395019531,0.210953950881958
YER003C,YHR083W,0,2.9173508,0.2806837558746338,0.7963142395019531,0.211054265499115
YGR280C,YNL279W,0,2.9161582,0.2805878221988678,0.7963142395019531,0.21115458011627197
YKL035W,YLR222C,0,2.915319,0.28049197793006897,0.7963142395019531,0.21125489473342896
YDR143C,YJR017C,1,2.9148195,0.2807376980781555,0.7972841858863831,0.21125489473342896
YDL232W,YOL016C,0,2.9126198,0.2806418538093567,0.7972841858863831,0.21135519444942474
YDR017C,YOR231W,0,2.9116967,0.28054606914520264,0.7972841858863831,0.21145550906658173
YHL033C,YKR087C,0,2.9114828,0.28045034408569336,0.7972841858863831,0.2115558236837387
YKR081C,YOR245C,0,2.9103334,0.28035470843315125,0.7972841858863831,0.2116561383008957
YNL159C,YDL132W,1,2.909613,0.28060007095336914,0.798254132270813,0.2116561383008957
YMR278W,YDR085C,0,2.909346,0.280504435300827,0.798254132270813,0.21175643801689148
YBR217W,YGR163W,0,2.9084992,0.2804088592529297,0.798254132270813,0.21185675263404846
YER035W,YIL097W,0,2.9083235,0.2803133428096771,0.798254132270813,0.21195706725120544
YPR103W,YOL113W,0,2.9074109,0.2802179157733917,0.798254132270813,0.21205738186836243
YGR152C,YOL049W,0,2.9067757,0.2801225185394287,0.798254132270813,0.21215768158435822
YPL164C,YGL002W,0,2.9056902,0.28002721071243286,0.798254132270813,0.2122579962015152
YIR022W,YFR044C,0,2.905671,0.2799319624900818,0.798254132270813,0.21235831081867218
YBR234C,YOL034W,0,2.9047072,0.2798368036746979,0.798254132270813,0.21245862543582916
YOR033C,YBR056W,0,2.9039311,0.27974167466163635,0.798254132270813,0.21255894005298615
YCL047C,YFL016C,1,2.9037716,0.2799864113330841,0.7992240786552429,0.21255894005298615
YJL104W,YPR065W,0,2.9023712,0.27989131212234497,0.7992240786552429,0.21265923976898193
YDR162C,YER042W,0,2.9018855,0.2797962725162506,0.7992240786552429,0.21275955438613892
YGL038C,YDR324C,0,2.9014826,0.279701292514801,0.7992240786552429,0.2128598690032959
YBR280C,YOR344C,0,2.9012253,0.2796063721179962,0.7992240786552429,0.21296018362045288
YCL045C,YMR309C,0,2.8995724,0.27951154112815857,0.7992240786552429,0.21306048333644867
YOL115W,YBR004C,0,2.8988523,0.2794167399406433,0.7992240786552429,0.21316079795360565
YNL159C,YDR255C,1,2.8985958,0.27966102957725525,0.8001939654350281,0.21316079795360565
YGL145W,YFR004W,0,2.8984127,0.2795662581920624,0.8001939654350281,0.21326111257076263
YOR144C,YPL057C,0,2.8983746,0.2794715464115143,0.8001939654350281,0.21336142718791962
YGR186W,YMR106C,0,2.8977566,0.27937689423561096,0.8001939654350281,0.2134617269039154
YOL001W,YDL044C,0,2.8972883,0.2792823314666748,0.8001939654350281,0.2135620415210724
YNR075W,YDR328C,1,2.8967874,0.2795262336730957,0.801163911819458,0.2135620415210724
YKL163W,YMR047C,0,2.8966875,0.27943167090415955,0.801163911819458,0.21366235613822937
YGL086W,YMR068W,0,2.8962526,0.27933716773986816,0.801163911819458,0.21376267075538635
YBR077C,YNR046W,0,2.8945925,0.27924272418022156,0.801163911819458,0.21386297047138214
YOL006C,YOL017W,0,2.8943331,0.2791483700275421,0.801163911819458,0.21396328508853912
YCR034W,YMR044W,0,2.892561,0.27905404567718506,0.801163911819458,0.2140635997056961
YPL023C,YPL005W,0,2.8919928,0.27895981073379517,0.801163911819458,0.2141639143228531
YJL123C,YOL041C,0,2.890417,0.27886563539505005,0.801163911819458,0.21426421403884888
YHR196W,YML001W,0,2.88984,0.2787715196609497,0.801163911819458,0.21436452865600586
YDL103C,YLR035C,0,2.8896148,0.27867746353149414,0.801163911819458,0.21446484327316284
YPR023C,YOL060C,0,2.8890443,0.27858346700668335,0.801163911819458,0.21456515789031982
YPL170W,YPR052C,0,2.8887048,0.2784895598888397,0.801163911819458,0.2146654576063156
YNL021W,YIL097W,0,2.887296,0.2783956825733185,0.801163911819458,0.2147657722234726
YMR199W,YDL236W,0,2.88693,0.2783018946647644,0.801163911819458,0.21486608684062958
YGL017W,YKL213C,1,2.8868647,0.27854496240615845,0.8021338582038879,0.21486608684062958
YER078C,YBR199W,0,2.8865666,0.27845117449760437,0.8021338582038879,0.21496640145778656
YKL059C,YKR098C,1,2.8851545,0.2786940336227417,0.8031038045883179,0.21496640145778656
YCR067C,YLR242C,0,2.8827689,0.27860027551651,0.8031038045883179,0.21506670117378235
YGR148C,YGR108W,0,2.8820095,0.2785065472126007,0.8031038045883179,0.21516701579093933
YOL013C,YDL155W,0,2.8807278,0.27841290831565857,0.8031038045883179,0.2152673304080963
YPR065W,YDR291W,0,2.8804345,0.2783193290233612,0.8031038045883179,0.2153676450252533
YOR064C,YIL065C,0,2.8797235,0.2782258093357086,0.8031038045883179,0.21546794474124908
YPL088W,YOR367W,0,2.8789353,0.2781323492527008,0.8031038045883179,0.21556825935840607
YGL099W,YDR208W,0,2.8787987,0.27803894877433777,0.8031038045883179,0.21566857397556305
YOR022C,YGL054C,0,2.8782852,0.2779456079006195,0.8031038045883179,0.21576888859272003
YMR170C,YHR050W,0,2.8778744,0.2778523564338684,0.8031038045883179,0.21586918830871582
YER035W,YJL203W,0,2.877854,0.2777591347694397,0.8031038045883179,0.2159695029258728
YLR421C,YNL270C,0,2.87783,0.27766600251197815,0.8031038045883179,0.21606981754302979
YLR240W,YNL154C,0,2.876407,0.277572900056839,0.8031038045883179,0.21617013216018677
YKR098C,YDL248W,1,2.8763738,0.2778150141239166,0.804073691368103,0.21617013216018677
YJL123C,YCR027C,0,2.87494,0.27772194147109985,0.804073691368103,0.21627043187618256
YCR067C,YHR191C,0,2.874443,0.27762892842292786,0.804073691368103,0.21637074649333954
YGL124C,YER054C,0,2.8738873,0.27753597497940063,0.804073691368103,0.21647106111049652
YKL213C,YGR261C,0,2.873437,0.2774431109428406,0.804073691368103,0.2165713757276535
YER146W,YGL013C,0,2.8729033,0.2773502767086029,0.804073691368103,0.2166716754436493
YNR073C,YGR132C,0,2.8723667,0.2772575318813324,0.804073691368103,0.21677199006080627
YEL060C,YFR044C,0,2.871384,0.2771648168563843,0.804073691368103,0.21687230467796326
YER035W,YPL128C,0,2.8700676,0.2770721912384033,0.804073691368103,0.21697261929512024
YDL155W,YHR083W,0,2.867567,0.27697962522506714,0.804073691368103,0.21707291901111603
YMR197C,YBL066C,0,2.8666024,0.27688711881637573,0.804073691368103,0.217173233628273
YGR133W,YPL181W,0,2.8664517,0.2767946720123291,0.804073691368103,0.21727354824543
YKR023W,YPR024W,1,2.8657863,0.27703604102134705,0.805043637752533,0.21727354824543
YMR280C,YFL034C-A,0,2.865601,0.2769436240196228,0.805043637752533,0.21737386286258698
YDR522C,YOR231W,0,2.8647766,0.27685123682022095,0.805043637752533,0.21747416257858276
YGR157W,YPR052C,0,2.8637624,0.27675890922546387,0.805043637752533,0.21757447719573975
YPL128C,YPR022C,0,2.863695,0.27666667103767395,0.805043637752533,0.21767479181289673
YNL229C,YBL105C,0,2.8634806,0.2765744626522064,0.805043637752533,0.2177751064300537
YEL034W,YML058W,0,2.8618524,0.27648234367370605,0.805043637752533,0.2178754210472107
YHR115C,YMR162C,0,2.8618217,0.27639028429985046,0.805043637752533,0.21797572076320648
YDR058C,YBR201W,0,2.860495,0.27629825472831726,0.805043637752533,0.21807603538036346
YIR008C,YDR001C,0,2.860494,0.2762063145637512,0.805043637752533,0.21817634999752045
YCL019W,YGL044C,0,2.8598785,0.27611443400382996,0.805043637752533,0.21827666461467743
YJL151C,YDR450W,0,2.859233,0.27602261304855347,0.805043637752533,0.21837696433067322
YLR240W,YPR020W,0,2.8584728,0.27593085169792175,0.805043637752533,0.2184772789478302
YGR023W,YOL033W,0,2.8562388,0.2758391499519348,0.805043637752533,0.21857759356498718
YFL009W,YMR223W,1,2.8560252,0.2760797441005707,0.8060135841369629,0.21857759356498718
YDL025C,YML046W,0,2.8554957,0.27598804235458374,0.8060135841369629,0.21867790818214417
YGL160W,YLL023C,0,2.8548229,0.2758964002132416,0.8060135841369629,0.21877820789813995
YDR006C,YKL046C,0,2.85436,0.2758048474788666,0.8060135841369629,0.21887852251529694
YLR069C,YLR226W,0,2.8516173,0.27571332454681396,0.8060135841369629,0.21897883713245392
YKL188C,YHR016C,0,2.8504052,0.2756218910217285,0.8060135841369629,0.2190791517496109
YBR170C,YJR017C,1,2.849569,0.27586206793785095,0.8069835305213928,0.2190791517496109
YMR278W,YBR135W,0,2.8484678,0.2757706344127655,0.8069835305213928,0.2191794514656067
YKL086W,YBR102C,0,2.847164,0.27567926049232483,0.8069835305213928,0.21927976608276367
YDR058C,YMR268C,0,2.8468156,0.27558794617652893,0.8069835305213928,0.21938008069992065
YKR029C,YLR341W,0,2.845405,0.2754966914653778,0.8069835305213928,0.21948039531707764
YNL116W,YDR131C,1,2.844187,0.2757365107536316,0.807953417301178,0.21948039531707764
YHR007C,YPR104C,0,2.843921,0.27564525604248047,0.807953417301178,0.21958069503307343
YCR008W,YOR198C,0,2.8437276,0.2755540907382965,0.807953417301178,0.2196810096502304
YPL268W,YGL002W,0,2.842545,0.27546295523643494,0.807953417301178,0.2197813242673874
YJL151C,YJL111W,0,2.841617,0.2753719091415405,0.807953417301178,0.21988163888454437
YGR157W,YEL034W,0,2.8413181,0.2752808928489685,0.807953417301178,0.21998193860054016
YER144C,YOR371C,1,2.839302,0.27552032470703125,0.8089233636856079,0.21998193860054016
YBR253W,YBL005W-A,0,2.8387682,0.2754293382167816,0.8089233636856079,0.22008225321769714
YKL071W,YNL125C,0,2.8387094,0.27533838152885437,0.8089233636856079,0.22018256783485413
YOR336W,YBR170C,1,2.8381941,0.2755775451660156,0.8098933100700378,0.22018256783485413
YGL124C,YDR541C,0,2.8378067,0.27548664808273315,0.8098933100700378,0.2202828824520111
YER069W,YGL038C,0,2.833114,0.27539578080177307,0.8098933100700378,0.2203831821680069
YOR249C,YHL030W,1,2.831551,0.27563467621803284,0.8108632564544678,0.2203831821680069
YLR262C,YOR196C,0,2.8315125,0.27554383873939514,0.8108632564544678,0.22048349678516388
YOL027C,YDR293C,0,2.8310003,0.2754530608654022,0.8108632564544678,0.22058381140232086
YER004W,YLR319C,0,2.8294165,0.2753623127937317,0.8108632564544678,0.22068412601947784
YDL155W,YFR055W,0,2.828154,0.2752716541290283,0.8108632564544678,0.22078442573547363
YLR064W,YGR128C,0,2.8259287,0.27518102526664734,0.8108632564544678,0.22088474035263062
YHR072W,YML075C,0,2.8257637,0.2750904858112335,0.8108632564544678,0.2209850549697876
YLR393W,YPL081W,0,2.8256063,0.2750000059604645,0.8108632564544678,0.22108536958694458
YGR068C,YLR216C,0,2.8252473,0.2749095559120178,0.8108632564544678,0.22118566930294037
YML126C,YCR083W,0,2.822617,0.27481919527053833,0.8108632564544678,0.22128598392009735
YGL048C,YLR274W,0,2.8212943,0.2747288942337036,0.8108632564544678,0.22138629853725433
YJL123C,YJL100W,0,2.8199954,0.2746386229991913,0.8108632564544678,0.22148661315441132
YJL159W,YNL270C,0,2.8196068,0.2745484411716461,0.8108632564544678,0.2215869128704071
YDR302W,YGR132C,0,2.819349,0.2744583189487457,0.8108632564544678,0.2216872274875641
YKL188C,YGL254W,0,2.8181212,0.2743682265281677,0.8108632564544678,0.22178754210472107
YFL055W,YMR197C,0,2.8155015,0.2742782235145569,0.8108632564544678,0.22188785672187805
YBR203W,YLR225C,0,2.815432,0.27418825030326843,0.8108632564544678,0.22198815643787384
YDR214W,YDL178W,0,2.8153346,0.27409836649894714,0.8108632564544678,0.22208847105503082
YIL091C,YGR048W,0,2.8127398,0.27400851249694824,0.8108632564544678,0.2221887856721878
YLR297W,YGL224C,0,2.8127308,0.2739187479019165,0.8108632564544678,0.2222891002893448
YBR103W,YGL002W,0,2.8110757,0.27382901310920715,0.8108632564544678,0.22238940000534058
YBR217W,YDR264C,0,2.8106647,0.27373936772346497,0.8108632564544678,0.22248971462249756
YJL111W,YCR033W,0,2.8095503,0.27364975214004517,0.8108632564544678,0.22259002923965454
YKR018C,YGL029W,0,2.808658,0.27356019616127014,0.8108632564544678,0.22269034385681152
YMR119W,YHR115C,1,2.808106,0.2737978398799896,0.8118331432342529,0.22269034385681152
YGL130W,YOR375C,0,2.8071747,0.273708313703537,0.8118331432342529,0.2227906435728073
YFL007W,YKL002W,1,2.8065166,0.27394571900367737,0.8128030896186829,0.2227906435728073
YDR349C,YGL160W,0,2.8052552,0.2738562226295471,0.8128030896186829,0.2228909581899643
YLR225C,YBR044C,0,2.8047347,0.27376675605773926,0.8128030896186829,0.22299127280712128
YOR329C,YNL093W,0,2.8037615,0.27367734909057617,0.8128030896186829,0.22309158742427826
YKL112W,YML029W,0,2.803616,0.2735879719257355,0.8128030896186829,0.22319190204143524
YPL047W,YCR034W,0,2.801749,0.27349868416786194,0.8128030896186829,0.22329220175743103
YNL093W,YIL129C,0,2.8014193,0.2734094560146332,0.8128030896186829,0.223392516374588
YOR210W,YAL061W,0,2.801381,0.2733202874660492,0.8128030896186829,0.223492830991745
YJR064W,YGR289C,0,2.8010135,0.27323117852211,0.8128030896186829,0.22359314560890198
YBR234C,YFL016C,0,2.800803,0.27314209938049316,0.8128030896186829,0.22369344532489777
YLL023C,YNL220W,0,2.8006027,0.2730531096458435,0.8128030896186829,0.22379375994205475
YOR080W,YEL037C,1,2.8004684,0.27328988909721375,0.8137730360031128,0.22379375994205475
YFL009W,YHR166C,1,2.8003945,0.27352654933929443,0.8147429823875427,0.22379375994205475
YCR083W,YBR199W,0,2.7979739,0.2734375,0.8147429823875427,0.22389407455921173
YDR210W,YEL047C,0,2.7955546,0.27334851026535034,0.8147429823875427,0.2239943891763687
YGR186W,YNL125C,0,2.7951195,0.27325960993766785,0.8147429823875427,0.2240946888923645
YHR107C,YJL036W,0,2.7950642,0.27317073941230774,0.8147429823875427,0.22419500350952148
YLR342W,YOR122C,0,2.7912192,0.2730819284915924,0.8147429823875427,0.22429531812667847
YDL066W,YPL158C,0,2.791072,0.27299317717552185,0.8147429823875427,0.22439563274383545
YGR277C,YBR288C,0,2.7903593,0.27290448546409607,0.8147429823875427,0.22449593245983124
YOR028C,YBL100W-A,0,2.7896852,0.27281585335731506,0.8147429823875427,0.22459624707698822
YDL207W,YDR363W,0,2.78961,0.27272728085517883,0.8147429823875427,0.2246965616941452
YFL031W,YHR045W,0,2.7889574,0.2726387679576874,0.8147429823875427,0.22479687631130219
YLR144C,YJR099W,0,2.7876244,0.2725502848625183,0.8147429823875427,0.22489717602729797
YIL091C,YPL008W,0,2.7850966,0.2724618911743164,0.8147429823875427,0.22499749064445496
YDR333C,YER151C,1,2.782369,0.2726978063583374,0.8157129287719727,0.22499749064445496
YPL053C,YNL037C,0,2.7820747,0.2726094126701355,0.8157129287719727,0.22509780526161194
YHR112C,YLR064W,0,2.7817383,0.272521048784256,0.8157129287719727,0.22519811987876892
YER042W,YIL031W,0,2.7816288,0.27243277430534363,0.8157129287719727,0.2252984195947647
YNL186W,YPL008W,0,2.7798388,0.27234455943107605,0.8157129287719727,0.2253987342119217
YIL040W,YJL104W,0,2.7793345,0.27225640416145325,0.8157129287719727,0.22549904882907867
YHR007C,YBR210W,0,2.7776117,0.27216827869415283,0.8157129287719727,0.22559936344623566
YDL002C,YBL045C,0,2.7772722,0.2720802426338196,0.8157129287719727,0.22569966316223145
YMR164C,YEL011W,0,2.7770877,0.2719922363758087,0.8157129287719727,0.22579997777938843
YDR210W,YOR003W,0,2.776542,0.2719042897224426,0.8157129287719727,0.2259002923965454
YLR388W,YLR319C,0,2.7763557,0.2718164324760437,0.8157129287719727,0.2260006070137024
YHR098C,YCR008W,0,2.7761793,0.27172860503196716,0.8157129287719727,0.22610090672969818
YHL001W,YJL099W,0,2.7758698,0.2716408371925354,0.8157129287719727,0.22620122134685516
YEL020C,YGR289C,0,2.7755044,0.2715531289577484,0.8157129287719727,0.22630153596401215
YGL048C,YBL027W,0,2.775469,0.2714654505252838,0.8157129287719727,0.22640185058116913
YJL172W,YPL009C,1,2.7753131,0.27170056104660034,0.8166828155517578,0.22640185058116913
YNL275W,YOR367W,0,2.7751894,0.27161291241645813,0.8166828155517578,0.22650215029716492
YIL131C,YOR298C-A,0,2.7751837,0.2715253233909607,0.8166828155517578,0.2266024649143219
YMR052W,YFR009W,0,2.7746432,0.27143779397010803,0.8166828155517578,0.22670277953147888
YMR047C,YPR065W,0,2.77419,0.27135029435157776,0.8166828155517578,0.22680309414863586
YIL015W,YML111W,0,2.7737327,0.27126288414001465,0.8166828155517578,0.22690339386463165
YCL011C,YPL230W,0,2.7720685,0.2711755335330963,0.8166828155517578,0.22700370848178864
YML114C,YJL104W,0,2.771792,0.27108821272850037,0.8166828155517578,0.22710402309894562
YOR371C,YJL138C,0,2.7715502,0.2710009515285492,0.8166828155517578,0.2272043377161026
YGL013C,YNL106C,0,2.770685,0.2709137797355652,0.8166828155517578,0.2273046374320984
YHR191C,YOR312C,0,2.7691765,0.27082663774490356,0.8166828155517578,0.22740495204925537
YDR147W,YNL321W,0,2.7686949,0.2707395553588867,0.8166828155517578,0.22750526666641235
YFL034C-B,YOR007C,0,2.7685862,0.27065253257751465,0.8166828155517578,0.22760558128356934
YKL213C,YJL047C,1,2.7685728,0.2708868980407715,0.8176527619361877,0.22760558128356934
YNL002C,YLR034C,0,2.7680745,0.2707998752593994,0.8176527619361877,0.22770588099956512
YGR087C,YKR003W,0,2.7679818,0.2707129120826721,0.8176527619361877,0.2278061956167221
YDR142C,YDR266C,0,2.7670407,0.2706260085105896,0.8176527619361877,0.2279065102338791
YLR369W,YJL210W,0,2.7658162,0.27053916454315186,0.8176527619361877,0.22800682485103607
YLR376C,YCR097W,0,2.7649777,0.2704523503780365,0.8176527619361877,0.22810713946819305
YOR336W,YML072C,0,2.7645721,0.2703656256198883,0.8176527619361877,0.22820743918418884
YMR162C,YJL014W,0,2.7636466,0.2702789306640625,0.8176527619361877,0.22830775380134583
YML066C,YPR079W,0,2.7631605,0.27019229531288147,0.8176527619361877,0.2284080684185028
YMR171C,YDR457W,1,2.7628815,0.2704261541366577,0.8186227083206177,0.2284080684185028
YJR159W,YKR001C,0,2.7624185,0.2703395187854767,0.8186227083206177,0.2285083830356598
YGL055W,YCR043C,0,2.7620254,0.2702529728412628,0.8186227083206177,0.22860868275165558
YOR354C,YDR352W,0,2.7610683,0.27016645669937134,0.8186227083206177,0.22870899736881256
YEL060C,YPL030W,0,2.7583194,0.27008000016212463,0.8186227083206177,0.22880931198596954
YFR042W,YKL188C,0,2.7576036,0.2699936032295227,0.8186227083206177,0.22890962660312653
YDR307W,YOR171C,0,2.7563107,0.26990726590156555,0.8186227083206177,0.22900992631912231
YNL116W,YLR449W,0,2.75627,0.2698209583759308,0.8186227083206177,0.2291102409362793
YOR339C,YML132W,1,2.7553067,0.27005434036254883,0.8195926547050476,0.2291102409362793
YER003C,YOR030W,0,2.7515223,0.26996806263923645,0.8195926547050476,0.22921055555343628
YBL022C,YGR066C,1,2.751059,0.2702012062072754,0.8205625414848328,0.22921055555343628
YLR077W,YPL128C,0,2.7501116,0.270114928483963,0.8205625414848328,0.22931087017059326
YGL254W,YKL209C,0,2.7500288,0.2700287401676178,0.8205625414848328,0.22941116988658905
YGL038C,YGL160W,0,2.7499704,0.2699425518512726,0.8205625414848328,0.22951148450374603
YOR329C,YKL035W,0,2.749817,0.26985645294189453,0.8205625414848328,0.22961179912090302
YJL042W,YER169W,0,2.7487063,0.26977041363716125,0.8205625414848328,0.22971211373806
YNL224C,YER094C,0,2.7486703,0.26968440413475037,0.8205625414848328,0.2298124134540558
YFL024C,YMR083W,0,2.7486148,0.26959848403930664,0.8205625414848328,0.22991272807121277
YML131W,YNL225C,0,2.7470167,0.2695125937461853,0.8205625414848328,0.23001304268836975
YDR311W,YPR103W,0,2.7470078,0.26942676305770874,0.8205625414848328,0.23011335730552673
YLR057W,YKR003W,0,2.7464995,0.26934096217155457,0.8205625414848328,0.23021365702152252
YIL157C,YGL012W,0,2.7464213,0.26925525069236755,0.8205625414848328,0.2303139716386795
YOR298C-A,YMR268C,0,2.7460341,0.26916956901550293,0.8205625414848328,0.2304142862558365
YMR170C,YCR003W,0,2.7423584,0.26908397674560547,0.8205625414848328,0.23051460087299347
YPL190C,YLR362W,0,2.7420301,0.2689984142780304,0.8205625414848328,0.23061490058898926
YKL025C,YKR039W,0,2.7417853,0.2689129114151001,0.8205625414848328,0.23071521520614624
YNL329C,YDR293C,0,2.741344,0.2688274681568146,0.8205625414848328,0.23081552982330322
YDL207W,YLL032C,0,2.7405274,0.26874205470085144,0.8205625414848328,0.2309158444404602
YBR098W,YGR091W,0,2.7400737,0.26865673065185547,0.8205625414848328,0.231016144156456
YCR097W,YML111W,0,2.7391613,0.2685714364051819,0.8205625414848328,0.23111645877361298
YLR132C,YLR138W,0,2.7388177,0.2684862017631531,0.8205625414848328,0.23121677339076996
YHR188C,YIL010W,0,2.738284,0.26840102672576904,0.8205625414848328,0.23131708800792694
YBR204C,YLR089C,0,2.7379825,0.2683158814907074,0.8205625414848328,0.23141738772392273
YKR081C,YJR105W,0,2.7366242,0.2682308256626129,0.8205625414848328,0.2315177023410797
YER144C,YDR216W,0,2.7366223,0.2681457996368408,0.8205625414848328,0.2316180169582367
YDR316W,YGR289C,0,2.7364314,0.2680608332157135,0.8205625414848328,0.23171833157539368
YLR423C,YJR019C,0,2.7357874,0.26797592639923096,0.8205625414848328,0.23181863129138947
YKR087C,YBR227C,1,2.7341533,0.26820772886276245,0.8215324878692627,0.23181863129138947
YIR021W,YPR023C,0,2.7330694,0.2681228220462799,0.8215324878692627,0.23191894590854645
YJL139C,YKL137W,0,2.7329457,0.26803797483444214,0.8215324878692627,0.23201926052570343
YPR061C,YML118W,0,2.732293,0.26795318722724915,0.8215324878692627,0.2321195751428604
YAL055W,YGR289C,0,2.7321954,0.26786842942237854,0.8215324878692627,0.2322198748588562
YJR086W,YKL065C,0,2.732131,0.2677837610244751,0.8215324878692627,0.23232018947601318
YKL184W,YHR166C,0,2.7318501,0.26769912242889404,0.8215324878692627,0.23242050409317017
YIL099W,YFL034C-A,0,2.7318387,0.26761454343795776,0.8215324878692627,0.23252081871032715
YER003C,YLL015W,0,2.730636,0.26752999424934387,0.8215324878692627,0.23262111842632294
YOR202W,YLR421C,0,2.7305365,0.26744553446769714,0.8215324878692627,0.23272143304347992
YOL021C,YLL010C,0,2.7295094,0.2673611044883728,0.8215324878692627,0.2328217476606369
YKL086W,YDR186C,0,2.7293458,0.26727673411369324,0.8215324878692627,0.23292206227779388
YNL327W,YNL097C,0,2.7288494,0.26719242334365845,0.8215324878692627,0.23302236199378967
YDR462W,YLR205C,0,2.7281756,0.26710817217826843,0.8215324878692627,0.23312267661094666
YER026C,YPL158C,0,2.7275128,0.2670239508152008,0.8215324878692627,0.23322299122810364
YER144C,YOR210W,0,2.7273903,0.26693981885910034,0.8215324878692627,0.23332330584526062
YHR034C,YNL312W,0,2.726618,0.26685571670532227,0.8215324878692627,0.2334236204624176
YKL022C,YKR087C,1,2.7262921,0.26708662509918213,0.8225024342536926,0.2334236204624176
YOR144C,YJL014W,0,2.7251883,0.26700252294540405,0.8225024342536926,0.2335239201784134
YOR362C,YER073W,0,2.72362,0.26691848039627075,0.8225024342536926,0.23362423479557037
YPR023C,YJR017C,0,2.7218022,0.2668344974517822,0.8225024342536926,0.23372454941272736
YKR003W,YPL128C,0,2.7215886,0.2667505443096161,0.8225024342536926,0.23382486402988434
YMR134W,YIL010W,0,2.7213964,0.2666666805744171,0.8225024342536926,0.23392516374588013
YNL264C,YIL105C,0,2.7213254,0.2665828466415405,0.8225024342536926,0.2340254783630371
YNL312W,YIL110W,0,2.7212992,0.26649904251098633,0.8225024342536926,0.2341257929801941
YKR098C,YOR371C,1,2.7204847,0.2667295038700104,0.8234723806381226,0.2341257929801941
YBR179C,YGR128C,0,2.7187817,0.26664572954177856,0.8234723806381226,0.23422610759735107
YOL094C,YDR293C,0,2.7183228,0.26656201481819153,0.8234723806381226,0.23432640731334686
YGL043W,YMR106C,0,2.7150538,0.2664783298969269,0.8234723806381226,0.23442672193050385
YJR091C,YPR185W,0,2.714938,0.2663947343826294,0.8234723806381226,0.23452703654766083
YEL063C,YGL250W,0,2.713987,0.2663111686706543,0.8234723806381226,0.2346273511648178
YGR133W,YER048C,0,2.7139363,0.266227662563324,0.8234723806381226,0.2347276508808136
YPL164C,YNL329C,0,2.712473,0.26614418625831604,0.8234723806381226,0.23482796549797058
YER094C,YHR115C,1,2.7108848,0.2663741707801819,0.8244422674179077,0.23482796549797058
YLR342W,YHR001W,0,2.7106366,0.26629072427749634,0.8244422674179077,0.23492828011512756
YPR029C,YPR023C,0,2.7101588,0.26620733737945557,0.8244422674179077,0.23502859473228455
YPR145W,YHR018C,0,2.7097812,0.2661239802837372,0.8244422674179077,0.23512889444828033
YJL204C,YJL020C,0,2.70934,0.2660406827926636,0.8244422674179077,0.23522920906543732
YML064C,YOR329C,0,2.707546,0.26595744490623474,0.8244422674179077,0.2353295236825943
YPL096W,YJL047C,1,2.707387,0.26618704199790955,0.8254122138023376,0.2353295236825943
YGL100W,YOR321W,0,2.7071497,0.2661038041114807,0.8254122138023376,0.23542983829975128
YIR021W,YPL088W,0,2.7064629,0.26602062582969666,0.8254122138023376,0.23553013801574707
YKL188C,YBR215W,0,2.703457,0.2659375071525574,0.8254122138023376,0.23563045263290405
YJL111W,YBR008C,0,2.7027764,0.2658544182777405,0.8254122138023376,0.23573076725006104
YER058W,YLR355C,0,2.7027664,0.26577138900756836,0.8254122138023376,0.23583108186721802
YBR293W,YOR312C,0,2.7023747,0.265688419342041,0.8254122138023376,0.2359313815832138
YNL154C,YDR307W,0,2.7020092,0.26560547947883606,0.8254122138023376,0.2360316962003708
YBL040C,YDR291W,0,2.7011237,0.26552262902259827,0.8254122138023376,0.23613201081752777
YOL091W,YMR189W,0,2.70112,0.26543980836868286,0.8254122138023376,0.23623232543468475
YKL152C,YGL181W,0,2.695987,0.26535701751708984,0.8254122138023376,0.23633262515068054
YBR217W,YIL023C,0,2.6946352,0.265274316072464,0.8254122138023376,0.23643293976783752
YKL146W,YJR152W,0,2.6936255,0.2651916444301605,0.8254122138023376,0.2365332543849945
YML131W,YER169W,0,2.693044,0.26510903239250183,0.8254122138023376,0.2366335690021515
YKL046C,YBR004C,0,2.6925712,0.2650264799594879,0.8254122138023376,0.23673386871814728
YLR341W,YML121W,0,2.6923976,0.2649439573287964,0.8254122138023376,0.23683418333530426
YKL146W,YJR056C,0,2.6921258,0.26486149430274963,0.8254122138023376,0.23693449795246124
YMR030W,YOR171C,0,2.6916497,0.26477909088134766,0.8254122138023376,0.23703481256961823
YJL074C,YPL015C,0,2.6904762,0.26469674706459045,0.8254122138023376,0.237135112285614
YCL011C,YMR113W,0,2.6902785,0.26461443305015564,0.8254122138023376,0.237235426902771
YDR006C,YLR378C,0,2.6890445,0.2645321786403656,0.8254122138023376,0.23733574151992798
YPL023C,YNL099C,0,2.688926,0.26444995403289795,0.8254122138023376,0.23743605613708496
YPR061C,YMR231W,0,2.687345,0.26436781883239746,0.8254122138023376,0.23753635585308075
YBL084C,YEL004W,0,2.686078,0.26428571343421936,0.8254122138023376,0.23763667047023773
YLR274W,YGL011C,0,2.6859474,0.26420366764068604,0.8254122138023376,0.23773698508739471
YGL124C,YGR256W,0,2.6854692,0.2641216516494751,0.8254122138023376,0.2378372997045517
YGL181W,YDL239C,0,2.6854005,0.2640397250652313,0.8254122138023376,0.23793759942054749
YCR066W,YAL009W,0,2.682484,0.26395782828330994,0.8254122138023376,0.23803791403770447
YHR123W,YHR143W-A,0,2.6811929,0.26387596130371094,0.8254122138023376,0.23813822865486145
YER146W,YGL150C,0,2.681098,0.2637941837310791,0.8254122138023376,0.23823854327201843
YGL043W,YDR198C,0,2.6774478,0.26371243596076965,0.8254122138023376,0.23833884298801422
YJR091C,YLR148W,0,2.6767547,0.2636307179927826,0.8254122138023376,0.2384391576051712
YJL042W,YBR204C,0,2.676147,0.2635490894317627,0.8254122138023376,0.23853947222232819
YBR056W,YDR331W,0,2.6747844,0.2634674906730652,0.8254122138023376,0.23863978683948517
YPL024W,YDL213C,0,2.6746047,0.26338595151901245,0.8254122138023376,0.23874010145664215
YDR058C,YPL030W,0,2.6739087,0.2633044421672821,0.8254122138023376,0.23884040117263794
YHL020C,YPR066W,0,2.6730409,0.2632230222225189,0.8254122138023376,0.23894071578979492
YBL006C,YDL159W,0,2.67278,0.2631416320800781,0.8254122138023376,0.2390410304069519
YLR262C,YCL045C,0,2.6711316,0.2630602717399597,0.8254122138023376,0.2391413450241089
YPL047W,YHR191C,0,2.6699758,0.26297900080680847,0.8254122138023376,0.23924164474010468
YDL159W,YDR153C,0,2.6699588,0.2628977596759796,0.8254122138023376,0.23934195935726166
YJL210W,YER183C,0,2.6686618,0.26281654834747314,0.8254122138023376,0.23944227397441864
YML118W,YIL017C,0,2.667935,0.26273542642593384,0.8254122138023376,0.23954258859157562
YHR063C,YML126C,0,2.6675463,0.2626543343067169,0.8254122138023376,0.2396428883075714
YNL224C,YOR133W,0,2.6674552,0.2625732719898224,0.8254122138023376,0.2397432029247284
YER094C,YNL220W,0,2.667409,0.262492299079895,0.8254122138023376,0.23984351754188538
YLR225C,YLR298C,0,2.666904,0.26241135597229004,0.8254122138023376,0.23994383215904236
YDL155W,YGR098C,0,2.666276,0.26233044266700745,0.8254122138023376,0.24004413187503815
YPR033C,YNL326C,0,2.6661093,0.262249618768692,0.8254122138023376,0.24014444649219513
YLR272C,YER094C,0,2.66537,0.262168824672699,0.8254122138023376,0.2402447611093521
YGL134W,YDR307W,0,2.6634293,0.2620880901813507,0.8254122138023376,0.2403450757265091
YDR333C,YOR197W,1,2.6616728,0.2623152732849121,0.8263821601867676,0.2403450757265091
YGR033C,YDR477W,0,2.6613922,0.26223453879356384,0.8263821601867676,0.24044537544250488
YJL154C,YPL108W,0,2.6613212,0.26215383410453796,0.8263821601867676,0.24054569005966187
YBR234C,YCR023C,0,2.661161,0.26207321882247925,0.8263821601867676,0.24064600467681885
YNL037C,YOL044W,0,2.6609178,0.2619926333427429,0.8263821601867676,0.24074631929397583
YLR421C,YHR166C,1,2.6603298,0.26221948862075806,0.8273521065711975,0.24074631929397583
YJL051W,YDR099W,0,2.6603255,0.26213890314102173,0.8273521065711975,0.24084661900997162
YDL103C,YML075C,0,2.660087,0.2620583772659302,0.8273521065711975,0.2409469336271286
YDR006C,YDL044C,0,2.6600113,0.261977881193161,0.8273521065711975,0.24104724824428558
YJR113C,YBR199W,0,2.6593952,0.2618974447250366,0.8273521065711975,0.24114756286144257
YCL010C,YBR171W,0,2.6591034,0.261817067861557,0.8273521065711975,0.24124786257743835
YDR331W,YML072C,0,2.6588566,0.2617367208003998,0.8273521065711975,0.24134817719459534
YBR235W,YDR484W,0,2.6581335,0.26165643334388733,0.8273521065711975,0.24144849181175232
YIL046W,YPL046C,1,2.6580307,0.26188287138938904,0.8283219933509827,0.24144849181175232
YGR157W,YJR067C,0,2.6574626,0.2618025839328766,0.8283219933509827,0.2415488064289093
YLR128W,YDL174C,0,2.6573572,0.2617223560810089,0.8283219933509827,0.2416491061449051
YER166W,YHR166C,0,2.6539297,0.2616421580314636,0.8283219933509827,0.24174942076206207
YFL024C,YHR121W,0,2.6539226,0.2615620195865631,0.8283219933509827,0.24184973537921906
YDL049C,YBR008C,0,2.6537948,0.2614819407463074,0.8283219933509827,0.24195004999637604
YGR227W,YIL017C,0,2.652598,0.261401891708374,0.8283219933509827,0.24205034971237183
YGL134W,YGL245W,0,2.6524935,0.26132190227508545,0.8283219933509827,0.2421506643295288
YMR121C,YCR003W,0,2.650869,0.26124197244644165,0.8283219933509827,0.2422509789466858
YLR369W,YGR098C,0,2.6491742,0.26116207242012024,0.8283219933509827,0.24235129356384277
YNL037C,YDR237W,0,2.6474543,0.2610822319984436,0.8283219933509827,0.24245159327983856
YDL025C,YBR239C,0,2.646385,0.26100245118141174,0.8283219933509827,0.24255190789699554
YHR191C,YKL222C,0,2.6453001,0.26092270016670227,0.8283219933509827,0.24265222251415253
YHR034C,YOL044W,0,2.6447442,0.2608430087566376,0.8283219933509827,0.2427525371313095
YKR080W,YPL084W,0,2.6437693,0.26076334714889526,0.8283219933509827,0.2428528368473053
YBR235W,YML131W,0,2.6434145,0.2606837749481201,0.8283219933509827,0.24295315146446228
YJL154C,YML072C,0,2.6426783,0.26060420274734497,0.8283219933509827,0.24305346608161926
YJL139C,YAL001C,0,2.6419868,0.260524719953537,0.8283219933509827,0.24315378069877625
YGL038C,YER166W,0,2.641422,0.2604452669620514,0.8283219933509827,0.24325408041477203
YEL060C,YKL220C,0,2.641334,0.2603658437728882,0.8283219933509827,0.24335439503192902
YGR215W,YMR216C,0,2.6412325,0.26028650999069214,0.8283219933509827,0.243454709649086
YPL045W,YBR014C,0,2.6401408,0.2602071762084961,0.8283219933509827,0.24355502426624298
YLR224W,YMR276W,1,2.6398363,0.26043254137039185,0.8292919397354126,0.24355502426624298
YOR361C,YNL265C,0,2.6391869,0.2603532373905182,0.8292919397354126,0.24365533888339996
YML130C,YOR196C,0,2.6386242,0.2602739632129669,0.8292919397354126,0.24375563859939575
YJL002C,YBR044C,0,2.6382575,0.2601947784423828,0.8292919397354126,0.24385595321655273
YAR050W,YOL044W,0,2.6380706,0.2601155936717987,0.8292919397354126,0.24395626783370972
YDR330W,YDR255C,1,2.6362731,0.2603406310081482,0.8302618861198425,0.24395626783370972
YBR019C,YPR079W,0,2.635559,0.2602614760398865,0.8302618861198425,0.2440565824508667
YGR028W,YNR051C,0,2.6349123,0.26018238067626953,0.8302618861198425,0.2441568821668625
YFR051C,YOL034W,0,2.6341598,0.260103315114975,0.8302618861198425,0.24425719678401947
YOL044W,YML065W,0,2.634128,0.2600243091583252,0.8302618861198425,0.24435751140117645
YKL221W,YKR042W,0,2.6339085,0.2599453330039978,0.8302618861198425,0.24445782601833344
YFL034C-B,YGR041W,0,2.6335428,0.2598664164543152,0.8302618861198425,0.24455812573432922
YDR104C,YLR342W,0,2.6313896,0.25978755950927734,0.8302618861198425,0.2446584403514862
YKR060W,YJR125C,0,2.6308832,0.2597087323665619,0.8302618861198425,0.2447587549686432
YHR204W,YLR368W,1,2.630133,0.2599332630634308,0.8312318325042725,0.2447587549686432
YIL099W,YCR048W,0,2.6301107,0.2598544657230377,0.8312318325042725,0.24485906958580017
YER001W,YDR409W,0,2.6299686,0.25977569818496704,0.8312318325042725,0.24495936930179596
YOR003W,YDL044C,0,2.629941,0.25969696044921875,0.8312318325042725,0.24505968391895294
YHR141C,YLR119W,0,2.6293674,0.2596183121204376,0.8312318325042725,0.24515999853610992
YPL108W,YCR003W,0,2.625833,0.2595396637916565,0.8312318325042725,0.2452603131532669
YGL002W,YIR022W,0,2.6257558,0.25946110486984253,0.8312318325042725,0.2453606128692627
YNR069C,YLL042C,0,2.6253366,0.25938257575035095,0.8312318325042725,0.24546092748641968
YGL001C,YGL044C,0,2.625051,0.25930407643318176,0.8312318325042725,0.24556124210357666
YGL124C,YOL017W,0,2.6244886,0.25922563672065735,0.8312318325042725,0.24566155672073364
YNR026C,YKL055C,0,2.6235294,0.2591472566127777,0.8312318325042725,0.24576185643672943
YGL001C,YLR449W,0,2.6226728,0.25906893610954285,0.8312318325042725,0.2458621710538864
YHR018C,YMR199W,0,2.6215277,0.25899064540863037,0.8312318325042725,0.2459624856710434
YBR201W,YMR067C,1,2.6208627,0.25921449065208435,0.8322017192840576,0.2459624856710434
YPR101W,YOR197W,0,2.6194959,0.2591361999511719,0.8322017192840576,0.24606280028820038
YOR354C,YLR368W,0,2.6187153,0.2590579688549042,0.8322017192840576,0.24616310000419617
YOL094C,YNL312W,0,2.6179364,0.25897976756095886,0.8322017192840576,0.24626341462135315
YDR363W,YJL002C,0,2.616013,0.2589016258716583,0.8322017192840576,0.24636372923851013
YEL034W,YJL100W,0,2.615057,0.25882354378700256,0.8322017192840576,0.24646404385566711
YHR062C,YOR336W,0,2.614591,0.2587454617023468,0.8322017192840576,0.2465643435716629
YPR023C,YPR185W,0,2.612133,0.2586674690246582,0.8322017192840576,0.24666465818881989
YOR307C,YNL305C,0,2.612033,0.258589506149292,0.8322017192840576,0.24676497280597687
YLR210W,YLR216C,0,2.6119792,0.25851160287857056,0.8322017192840576,0.24686528742313385
YMR214W,YDL103C,0,2.611832,0.2584337294101715,0.8322017192840576,0.24696558713912964
YKL127W,YLR362W,0,2.6109464,0.25835591554641724,0.8322017192840576,0.24706590175628662
YGR192C,YCR097W,0,2.6102273,0.25827813148498535,0.8322017192840576,0.2471662163734436
YKR013W,YDR462W,0,2.6086805,0.25820040702819824,0.8322017192840576,0.24726653099060059
YPL170W,YPL212C,0,2.607481,0.2581227421760559,0.8322017192840576,0.24736683070659637
YLR174W,YPL072W,0,2.606844,0.25804510712623596,0.8322017192840576,0.24746714532375336
YBR217W,YKL113C,0,2.6053593,0.2579675316810608,0.8322017192840576,0.24756745994091034
YGR240C,YKL211C,0,2.6049163,0.257889986038208,0.8322017192840576,0.24766777455806732
YLR205C,YDL079C,0,2.6041203,0.2578125,0.8322017192840576,0.2477680742740631
YGL017W,YDL066W,0,2.6024354,0.2577350437641144,0.8322017192840576,0.2478683888912201
YDR051C,YML019W,0,2.6016626,0.25765764713287354,0.8322017192840576,0.24796870350837708
YMR116C,YGL257C,0,2.6006064,0.25758031010627747,0.8322017192840576,0.24806901812553406
YIR008C,YOR303W,0,2.59783,0.2575030028820038,0.8322017192840576,0.24816931784152985
YJR002W,YOR122C,0,2.597098,0.2574257552623749,0.8322017192840576,0.24826963245868683
YIR034C,YJR067C,0,2.5963707,0.25734853744506836,0.8322017192840576,0.2483699470758438
YPL052W,YMR223W,1,2.5958622,0.2575712203979492,0.8331716656684875,0.2483699470758438
YJR105W,YPL030W,0,2.5956059,0.2574940025806427,0.8331716656684875,0.2484702616930008
YLR336C,YBR014C,0,2.5955203,0.25741684436798096,0.8331716656684875,0.24857056140899658
YDR155C,YHR196W,0,2.5954065,0.2573397159576416,0.8331716656684875,0.24867087602615356
YGR157W,YHR187W,0,2.5944967,0.257262647151947,0.8331716656684875,0.24877119064331055
YIL127C,YJL042W,0,2.5938606,0.2571856379508972,0.8331716656684875,0.24887150526046753
YHR003C,YBL067C,0,2.5934432,0.2571086585521698,0.8331716656684875,0.2489718198776245
YHL018W,YOR141C,0,2.592906,0.25703170895576477,0.8331716656684875,0.2490721195936203
YJL151C,YDR119W,0,2.5926957,0.2569548189640045,0.8331716656684875,0.24917243421077728
YDR294C,YDL226C,0,2.591032,0.25687798857688904,0.8331716656684875,0.24927274882793427
YPL217C,YIR035C,0,2.587033,0.25680118799209595,0.8331716656684875,0.24937306344509125
YMR278W,YJL154C,0,2.5850089,0.25672444701194763,0.8331716656684875,0.24947336316108704
YPR104C,YNL241C,0,2.5848756,0.2566477358341217,0.8331716656684875,0.24957367777824402
YFL018C,YPL170W,0,2.5848587,0.25657108426094055,0.8331716656684875,0.249673992395401
YFR042W,YJR047C,0,2.5839882,0.2564944624900818,0.8331716656684875,0.24977430701255798
YOL097C,YHR183W,0,2.5836825,0.2564179003238678,0.8331716656684875,0.24987460672855377
YDR206W,YKR046C,0,2.5826106,0.2563413977622986,0.8331716656684875,0.24997492134571075
YKR098C,YMR314W,1,2.5823443,0.2565632462501526,0.8341416120529175,0.24997492134571075
YER146W,YKR046C,0,2.581765,0.256486713886261,0.8341416120529175,0.25007522106170654
YDR540C,YML065W,0,2.5806928,0.25641027092933655,0.8341416120529175,0.2501755356788635
YPL084W,YBR244W,0,2.580248,0.2563338279724121,0.8341416120529175,0.2502758502960205
YBR104W,YGL153W,0,2.5796254,0.25625744462013245,0.8341416120529175,0.2503761649131775
YDR452W,YBR199W,0,2.5793147,0.25618112087249756,0.8341416120529175,0.2504764795303345
YCL045C,YHR102W,0,2.5792737,0.25610482692718506,0.8341416120529175,0.25057679414749146
YIL157C,YJR019C,0,2.5787494,0.25602859258651733,0.8341416120529175,0.25067710876464844
YDR058C,YMR113W,0,2.5783882,0.255952388048172,0.8341416120529175,0.2507774233818054
YDL153C,YBR229C,0,2.5783024,0.25587621331214905,0.8341416120529175,0.25087770819664
YBL050W,YHR107C,0,2.5757504,0.25580012798309326,0.8341416120529175,0.250978022813797
YBR126C,YNL134C,0,2.5751677,0.2557240426540375,0.8341416120529175,0.251078337430954
YDL168W,YBR201W,0,2.5738952,0.25564804673194885,0.8341416120529175,0.25117865204811096
YML110C,YDR216W,0,2.5738823,0.25557205080986023,0.8341416120529175,0.25127896666526794
YOR371C,YBR179C,0,2.573559,0.25549614429473877,0.8341416120529175,0.2513792812824249
YPR020W,YNL305C,0,2.5720625,0.2554202675819397,0.8341416120529175,0.2514795958995819
YDR016C,YDR307W,0,2.5719953,0.255344420671463,0.8341416120529175,0.2515799105167389
YMR021C,YOR361C,0,2.5709896,0.2552686333656311,0.8341416120529175,0.2516801953315735
YIR035C,YEL071W,0,2.5690775,0.2551928758621216,0.8341416120529175,0.25178050994873047
YMR164C,YAR003W,0,2.568595,0.25511717796325684,0.8341416120529175,0.25188082456588745
YBR079C,YIL017C,0,2.5684204,0.2550415098667145,0.8341416120529175,0.25198113918304443
YGR275W,YKL152C,0,2.5679321,0.2549659013748169,0.8341416120529175,0.2520814538002014
YNL186W,YHR124W,0,2.5674615,0.2548903524875641,0.8341416120529175,0.2521817684173584
YOR118W,YKL216W,0,2.5668619,0.2548148036003113,0.8341416120529175,0.2522820830345154
YPR165W,YOR077W,0,2.5667238,0.25473934412002563,0.8341416120529175,0.25238239765167236
YIR028W,YDR394W,0,2.565959,0.2546639144420624,0.8341416120529175,0.25248268246650696
YNL064C,YCR102C,0,2.5645595,0.2545885145664215,0.8341416120529175,0.25258299708366394
YDL052C,YER026C,0,2.5633879,0.2545131742954254,0.8341416120529175,0.2526833117008209
YCL045C,YGL012W,0,2.5611863,0.2544378638267517,0.8341416120529175,0.2527836263179779
YBR161W,YML046W,0,2.5602224,0.2543626129627228,0.8341416120529175,0.2528839409351349
YHR018C,YMR067C,0,2.5600777,0.25428739190101624,0.8341416120529175,0.25298425555229187
YIR025W,YEL052W,1,2.5598836,0.254507839679718,0.8351115584373474,0.25298425555229187
YMR214W,YLR336C,0,2.559544,0.2544326186180115,0.8351115584373474,0.25308457016944885
YDL079C,YDL020C,0,2.559373,0.2543574571609497,0.8351115584373474,0.25318488478660583
YKL018W,YLR095C,0,2.5580819,0.2542823255062103,0.8351115584373474,0.25328516960144043
YCR069W,YHR123W,0,2.5571434,0.2542072534561157,0.8351115584373474,0.2533854842185974
YCL033C,YOR022C,0,2.5564876,0.2541322410106659,0.8351115584373474,0.2534857988357544
YJL209W,YOL060C,0,2.5546145,0.25405725836753845,0.8351115584373474,0.2535861134529114
YNL186W,YCR097W,0,2.5537658,0.2539823055267334,0.8351115584373474,0.25368642807006836
YGL160W,YKL092C,0,2.5528202,0.2539074122905731,0.8351115584373474,0.25378674268722534
YKL084W,YOR367W,0,2.5525012,0.25383254885673523,0.8351115584373474,0.2538870573043823
YHL048W,YNL186W,1,2.5520384,0.25405246019363403,0.8360814452171326,0.2538870573043823
YDL155W,YBR244W,0,2.5515196,0.25397759675979614,0.8360814452171326,0.2539873719215393
YHR121W,YNL030W,0,2.5492055,0.253902792930603,0.8360814452171326,0.2540876865386963
YCL030C,YOL058W,0,2.546507,0.2538280189037323,0.8360814452171326,0.2541879713535309
YHR063C,YBR216C,0,2.5459368,0.25375330448150635,0.8360814452171326,0.25428828597068787
YIL131C,YOR245C,0,2.545437,0.2536786198616028,0.8360814452171326,0.25438860058784485
YMR283C,YPL003W,0,2.5436943,0.253603994846344,0.8360814452171326,0.25448891520500183
YDR119W,YMR060C,0,2.543291,0.2535293996334076,0.8360814452171326,0.2545892298221588
YGL011C,YOR017W,0,2.5431256,0.25345486402511597,0.8360814452171326,0.2546895444393158
YNL071W,YDR153C,0,2.541609,0.25338035821914673,0.8360814452171326,0.2547898590564728
YEL004W,YDL236W,0,2.5404968,0.25330591201782227,0.8360814452171326,0.25489017367362976
YDR346C,YER021W,0,2.5403497,0.2532314956188202,0.8360814452171326,0.25499045848846436
YPL053C,YJL177W,0,2.5400941,0.2531571090221405,0.8360814452171326,0.25509077310562134
YLR207W,YKR087C,1,2.5379848,0.25337639451026917,0.8370513916015625,0.25509077310562134
YER006W,YMR291W,0,2.5374384,0.25330203771591187,0.8370513916015625,0.2551910877227783
YPL072W,YMR264W,1,2.536879,0.2535211145877838,0.8380213379859924,0.2551910877227783
YOL058W,YDR198C,0,2.5367088,0.2534467577934265,0.8380213379859924,0.2552914023399353
YNL134C,YOR073W,0,2.5366237,0.2533724308013916,0.8380213379859924,0.2553917169570923
YCR067C,YPL029W,0,2.5348349,0.25329816341400146,0.8380213379859924,0.25549203157424927
YLR035C,YOR198C,0,2.5342107,0.2532239258289337,0.8380213379859924,0.25559234619140625
YGR125W,YPL265W,0,2.5337548,0.25314971804618835,0.8380213379859924,0.25569266080856323
YKL211C,YNL005C,0,2.5332336,0.25307556986808777,0.8380213379859924,0.2557929456233978
YDR541C,YJR125C,0,2.5330968,0.25300145149230957,0.8380213379859924,0.2558932602405548
YHR018C,YLR421C,0,2.5318515,0.25292739272117615,0.8380213379859924,0.2559935748577118
YDR349C,YDL214C,0,2.5304155,0.2528533935546875,0.8380213379859924,0.2560938894748688
YGL023C,YNR032W,0,2.5299666,0.25277939438819885,0.8380213379859924,0.25619420409202576
YJL204C,YDR302W,0,2.529602,0.252705454826355,0.8380213379859924,0.25629451870918274
YGL013C,YLL036C,0,2.5295105,0.2526315748691559,0.8380213379859924,0.2563948333263397
YCL011C,YER169W,0,2.5291584,0.2525577247142792,0.8380213379859924,0.2564951479434967
YOR141C,YBR161W,0,2.5238872,0.25248393416404724,0.8380213379859924,0.2565954327583313
YML022W,YOR303W,0,2.5229402,0.2524101734161377,0.8380213379859924,0.2566957473754883
YLR064W,YKR087C,0,2.5215893,0.25233644247055054,0.8380213379859924,0.25679606199264526
YGL254W,YNL305C,0,2.5208156,0.25226277112960815,0.8380213379859924,0.25689637660980225
YDR452W,YNR051C,0,2.5206099,0.25218912959098816,0.8380213379859924,0.25699669122695923
YDR480W,YOR198C,0,2.5175693,0.25211554765701294,0.8380213379859924,0.2570970058441162
YCR071C,YIL082W-A,0,2.5175667,0.2520419955253601,0.8380213379859924,0.2571973204612732
YNR054C,YLL015W,0,2.5166621,0.25196850299835205,0.8380213379859924,0.2572976350784302
YML126C,YGR284C,0,2.514933,0.2518950402736664,0.8380213379859924,0.25739791989326477
YAR003W,YOL049W,0,2.5147543,0.2518216371536255,0.8380213379859924,0.25749823451042175
YOR125C,YGL044C,0,2.5143218,0.251748263835907,0.8380213379859924,0.25759854912757874
YCR023C,YML001W,0,2.5138135,0.25167492032051086,0.8380213379859924,0.2576988637447357
YBR103W,YBR290W,0,2.5110493,0.2516016364097595,0.8380213379859924,0.2577991783618927
YHR050W,YJL014W,0,2.5104165,0.25152838230133057,0.8380213379859924,0.2578994929790497
YKL152C,YOR140W,0,2.5101388,0.2514551877975464,0.8380213379859924,0.25799980759620667
YKL096W,YDR051C,0,2.5092168,0.2513820230960846,0.8380213379859924,0.25810012221336365
YPR151C,YDL150W,0,2.5091677,0.2513088881969452,0.8380213379859924,0.25820040702819824
YBR234C,YBL100W-A,0,2.508813,0.25123581290245056,0.8380213379859924,0.2583007216453552
YDL194W,YMR271C,0,2.5076115,0.2511627972126007,0.8380213379859924,0.2584010362625122
YDL159W,YBR135W,0,2.5070484,0.25108981132507324,0.8380213379859924,0.2585013508796692
YOL017W,YDL165W,0,2.5061724,0.25101685523986816,0.8380213379859924,0.25860166549682617
YDL132W,YKR080W,0,2.50586,0.25094395875930786,0.8380213379859924,0.25870198011398315
YBR235W,YNL329C,0,2.505705,0.25087109208106995,0.8380213379859924,0.25880229473114014
YJR159W,YDR208W,0,2.504201,0.2507982552051544,0.8380213379859924,0.2589026093482971
YPL053C,YIL067C,0,2.5040627,0.25072547793388367,0.8380213379859924,0.2590028941631317
YBL006C,YJL047C,0,2.5039663,0.2506527304649353,0.8380213379859924,0.2591032087802887
YDL207W,YCR008W,0,2.5034943,0.2505800426006317,0.8380213379859924,0.2592035233974457
YJL137C,YJR064W,0,2.5025449,0.2505073845386505,0.8380213379859924,0.25930383801460266
YJL042W,YML007W,0,2.5012417,0.2504347860813141,0.8380213379859924,0.25940415263175964
YOL088C,YFL002C,0,2.500175,0.25036221742630005,0.8380213379859924,0.2595044672489166
YDL005C,YGL153W,0,2.4998841,0.2502896785736084,0.8380213379859924,0.2596047818660736
YMR047C,YER021W,0,2.4992049,0.2502171993255615,0.8380213379859924,0.2597050964832306
YMR214W,YJR017C,1,2.4992008,0.2504342794418335,0.8389912843704224,0.2597050964832306
YDL207W,YBR004C,0,2.4989123,0.2503618001937866,0.8389912843704224,0.2598054111003876
YJL151C,YJR113C,0,2.4988658,0.25028935074806213,0.8389912843704224,0.25990569591522217
YGL048C,YER141W,0,2.4985867,0.2502169609069824,0.8389912843704224,0.26000601053237915
YIL091C,YLR155C,0,2.497096,0.2501446008682251,0.8389912843704224,0.26010632514953613
YER019W,YML065W,0,2.49663,0.25007227063179016,0.8389912843704224,0.2602066397666931
YHL009C,YBR201W,0,2.4950223,0.25,0.8389912843704224,0.2603069543838501
YJR105W,YLR222C,0,2.494339,0.24992775917053223,0.8389912843704224,0.2604072690010071
YKL188C,YDL201W,0,2.494255,0.24985557794570923,0.8389912843704224,0.26050758361816406
YIL041W,YNL124W,0,2.4941287,0.24978342652320862,0.8389912843704224,0.26060789823532104
YNL053W,YKL035W,0,2.4938252,0.2497113198041916,0.8389912843704224,0.26070818305015564
YFL062W,YAR003W,0,2.4934535,0.24963924288749695,0.8389912843704224,0.2608084976673126
YNL037C,YJR093C,0,2.4931688,0.24956722557544708,0.8389912843704224,0.2609088122844696
YNL064C,YGL234W,0,2.4931588,0.2494952380657196,0.8389912843704224,0.2610091269016266
YBL102W,YPR185W,0,2.4923112,0.2494232952594757,0.8389912843704224,0.26110944151878357
YHL001W,YML007W,0,2.4917574,0.2493513971567154,0.8389912843704224,0.26120975613594055
YGR163W,YPR056W,0,2.4907627,0.24927954375743866,0.8389912843704224,0.26131007075309753
YDR477W,YGL150C,0,2.4901848,0.24920772016048431,0.8389912843704224,0.2614103853702545
YNL005C,YPL066W,0,2.4889727,0.24913594126701355,0.8389912843704224,0.2615106701850891
YKR067W,YMR079W,0,2.4873295,0.24906420707702637,0.8389912843704224,0.2616109848022461
YNL315C,YOR339C,0,2.4872203,0.24899251759052277,0.8389912843704224,0.2617112994194031
YGR049W,YOR190W,0,2.4867396,0.24892085790634155,0.8389912843704224,0.26181161403656006
YPL236C,YLR117C,0,2.485725,0.24884925782680511,0.8389912843704224,0.26191192865371704
YBR236C,YOL001W,0,2.4856572,0.24877768754959106,0.8389912843704224,0.262012243270874
YNL125C,YLR431C,0,2.4834523,0.2487061470746994,0.8389912843704224,0.262112557888031
YOL027C,YHR050W,0,2.4821863,0.24863466620445251,0.8389912843704224,0.262212872505188
YHR007C,YHR134W,0,2.4818969,0.24856321513652802,0.8389912843704224,0.2623131573200226
YNL064C,YIL049W,0,2.4802206,0.2484918087720871,0.8389912843704224,0.26241347193717957
YOL016C,YLR226W,0,2.4800687,0.24842044711112976,0.8389912843704224,0.26251378655433655
YKR017C,YDL007W,1,2.4778934,0.24863623082637787,0.8399612307548523,0.26251378655433655
YFL031W,YJL160C,0,2.476779,0.24856486916542053,0.8399612307548523,0.26261410117149353
YGL131C,YLR372W,0,2.4758391,0.24849353730678558,0.8399612307548523,0.2627144157886505
YDR073W,YER141W,0,2.4753351,0.2484222650527954,0.8399612307548523,0.2628147304058075
YLR240W,YNL256W,0,2.474983,0.24835102260112762,0.8399612307548523,0.2629150450229645
YDR522C,YDL147W,0,2.4748657,0.24827980995178223,0.8399612307548523,0.26301535964012146
YIL049W,YKL012W,0,2.4748554,0.2482086569070816,0.8399612307548523,0.26311564445495605
YBR235W,YMR167W,0,2.4739242,0.24813753366470337,0.8399612307548523,0.26321595907211304
YLR406C,YGL008C,0,2.4733863,0.24806645512580872,0.8399612307548523,0.26331627368927
YDR085C,YDL092W,0,2.4725974,0.24799542129039764,0.8399612307548523,0.263416588306427
YGR231C,YLR453C,0,2.4722924,0.24792441725730896,0.8399612307548523,0.263516902923584
YIR033W,YER042W,0,2.4715998,0.24785345792770386,0.8399612307548523,0.26361721754074097
YOL006C,YOL060C,0,2.4715307,0.24778254330158234,0.8399612307548523,0.26371753215789795
YJR161C,YMR161W,1,2.4712973,0.2479977160692215,0.8409311175346375,0.26371753215789795
YKL184W,YNL197C,0,2.4696918,0.24792680144309998,0.8409311175346375,0.26381784677505493
YML026C,YCR003W,0,2.4684834,0.24785591661930084,0.8409311175346375,0.2639181315898895
YNL082W,YNL197C,0,2.4682918,0.2477850764989853,0.8409311175346375,0.2640184462070465
YKL035W,YLR216C,0,2.4676266,0.24771428108215332,0.8409311175346375,0.2641187608242035
YGL065C,YGR163W,0,2.4659047,0.24764353036880493,0.8409311175346375,0.2642190754413605
YKL002W,YGR066C,1,2.4653912,0.24785836040973663,0.8419010639190674,0.2642190754413605
YIL127C,YCR089W,0,2.4653306,0.24778760969638824,0.8419010639190674,0.26431939005851746
YGR278W,YNL097C,0,2.465265,0.24771688878536224,0.8419010639190674,0.26441970467567444
YJR007W,YKL073W,0,2.4644656,0.24764621257781982,0.8419010639190674,0.2645200192928314
YDR307W,YGR261C,0,2.46392,0.247575581073761,0.8419010639190674,0.2646203339099884
YPL242C,YBR154C,0,2.463012,0.24750499427318573,0.8419010639190674,0.2647206485271454
YJR093C,YIL044C,0,2.4628875,0.24743443727493286,0.8419010639190674,0.26482093334198
YGR240C,YJL093C,0,2.462537,0.24736392498016357,0.8419010639190674,0.26492124795913696
YDL066W,YER004W,0,2.460101,0.24729344248771667,0.8419010639190674,0.26502156257629395
YIR013C,YBR227C,0,2.459553,0.24722301959991455,0.8419010639190674,0.2651218771934509
YPR101W,YGL130W,0,2.4587083,0.24715262651443481,0.8419010639190674,0.2652221918106079
YPR024W,YDR143C,1,2.4584434,0.24736692011356354,0.8428710103034973,0.2652221918106079
YDR162C,YAL001C,0,2.4565167,0.2472965270280838,0.8428710103034973,0.2653225064277649
YGR183C,YKR046C,0,2.4542713,0.24722617864608765,0.8428710103034973,0.2654228210449219
YBL006C,YLR117C,0,2.4537525,0.24715586006641388,0.8428710103034973,0.26552313566207886
YGL047W,YIL044C,0,2.452762,0.2470855861902237,0.8428710103034973,0.26562342047691345
YGR133W,YPL045W,0,2.451126,0.2470153570175171,0.8428710103034973,0.26572373509407043
YER039C,YKL071W,0,2.449943,0.24694515764713287,0.8428710103034973,0.2658240497112274
YCR073C,YPL283C,0,2.4491844,0.24687500298023224,0.8428710103034973,0.2659243643283844
YLR376C,YBR179C,0,2.4489985,0.246804878115654,0.8428710103034973,0.2660246789455414
YML131W,YGR166W,0,2.4486065,0.24673481285572052,0.8428710103034973,0.26612499356269836
YGL133W,YBL019W,0,2.4466667,0.24666477739810944,0.8428710103034973,0.26622530817985535
YLR128W,YML118W,0,2.4459863,0.24659477174282074,0.8428710103034973,0.26632562279701233
YIL016W,YNL097C,0,2.4454308,0.24652482569217682,0.8428710103034973,0.2664259076118469
YLR240W,YGR108W,0,2.4449334,0.24645490944385529,0.8428710103034973,0.2665262222290039
YOL130W,YOR245C,0,2.4437993,0.24638502299785614,0.8428710103034973,0.2666265368461609
YBR227C,YBR008C,0,2.44269,0.24631519615650177,0.8428710103034973,0.26672685146331787
YLR035C,YGL097W,0,2.4415188,0.2462453991174698,0.8428710103034973,0.26682716608047485
YGR023W,YEL011W,0,2.441059,0.2461756318807602,0.8428710103034973,0.26692748069763184
YKR010C,YHR188C,0,2.4406197,0.24610592424869537,0.8428710103034973,0.2670277953147888
YDR338C,YJR014W,0,2.440607,0.24603624641895294,0.8428710103034973,0.2671281099319458
YDR349C,YKL107W,0,2.4401073,0.2459665983915329,0.8428710103034973,0.2672283947467804
YNL083W,YKR086W,0,2.4396749,0.24589699506759644,0.8428710103034973,0.2673287093639374
YBL102W,YGL099W,0,2.4388127,0.24582743644714355,0.8428710103034973,0.26742902398109436
YER054C,YAL001C,0,2.4373336,0.24575792253017426,0.8428710103034973,0.26752933859825134
YGR152C,YML110C,0,2.435782,0.24568843841552734,0.8428710103034973,0.2676296532154083
YFR042W,YOL068C,0,2.4336796,0.245618999004364,0.8428710103034973,0.2677299678325653
YLR225C,YGL099W,0,2.4329479,0.24554958939552307,0.8428710103034973,0.2678302824497223
YKL188C,YGL208W,0,2.4301653,0.2454802244901657,0.8428710103034973,0.2679305970668793
YPL005W,YOR030W,0,2.430068,0.24541090428829193,0.8428710103034973,0.26803088188171387
YDL193W,YLR034C,0,2.4289982,0.24534161388874054,0.8428710103034973,0.26813119649887085
YGL254W,YGL153W,0,2.428991,0.24527236819267273,0.8428710103034973,0.26823151111602783
YKL152C,YBR098W,0,2.4283748,0.2452031672000885,0.8428710103034973,0.2683318257331848
YDR194C,YDL122W,0,2.4282355,0.24513399600982666,0.8428710103034973,0.2684321403503418
YER058W,YOR153W,0,2.4272935,0.2450648546218872,0.8428710103034973,0.2685324549674988
YER118C,YHR050W,0,2.4249182,0.24499577283859253,0.8428710103034973,0.26863276958465576
YBR136W,YGR132C,0,2.42428,0.24492672085762024,0.8428710103034973,0.26873308420181274
YLR410W,YOR022C,0,2.422631,0.24485771358013153,0.8428710103034973,0.26883336901664734
YMR021C,YML126C,0,2.4222243,0.2447887361049652,0.8428710103034973,0.2689336836338043
YKL127W,YER172C,0,2.4219248,0.24471980333328247,0.8428710103034973,0.2690339982509613
YOR361C,YOL089C,0,2.4215407,0.24465090036392212,0.8428710103034973,0.2691343128681183
YLR240W,YKL055C,0,2.4213333,0.24458204209804535,0.8428710103034973,0.26923462748527527
YGR033C,YDR085C,0,2.4194741,0.24451322853565216,0.8428710103034973,0.26933494210243225
YMR104C,YBR008C,0,2.4189913,0.24444444477558136,0.8428710103034973,0.26943525671958923
YLR376C,YBL050W,0,2.4180593,0.24437570571899414,0.8428710103034973,0.2695355713367462
YGR033C,YPR056W,0,2.4169745,0.2443069964647293,0.8428710103034973,0.2696358859539032
YGL022W,YGL257C,0,2.413881,0.24423833191394806,0.8428710103034973,0.2697361707687378
YKL027W,YOR153W,0,2.413505,0.2441697120666504,0.8428710103034973,0.2698364853858948
YPL268W,YOL088C,0,2.4131045,0.2441011220216751,0.8428710103034973,0.26993680000305176
YMR092C,YJR137C,0,2.4127247,0.2440325766801834,0.8428710103034973,0.27003711462020874
YHR018C,YDL174C,0,2.4124954,0.2439640611410141,0.8428710103034973,0.2701374292373657
YCL038C,YNL241C,0,2.4104657,0.24389559030532837,0.8428710103034973,0.2702377438545227
YMR047C,YOR202W,0,2.4101396,0.24382716417312622,0.8428710103034973,0.2703380584716797
YBR204C,YKR065C,0,2.4098134,0.24375876784324646,0.8428710103034973,0.27043837308883667
YLR320W,YML007W,0,2.4097996,0.24369041621685028,0.8428710103034973,0.27053865790367126
YLR127C,YIL017W,1,2.4091043,0.24390244483947754,0.8438409566879272,0.27053865790367126
YKL046C,YER026C,0,2.4089758,0.24383407831192017,0.8438409566879272,0.27063897252082825
YDR202C,YJL014W,0,2.4078581,0.24376575648784637,0.8438409566879272,0.27073928713798523
YIL085C,YOL013C,0,2.4066105,0.24369747936725616,0.8438409566879272,0.2708396017551422
YMR011W,YBR139W,0,2.4062092,0.24362923204898834,0.8438409566879272,0.2709399163722992
YCR070W,YGR289C,0,2.4057002,0.2435610294342041,0.8438409566879272,0.2710402309894562
YJL139C,YLR064W,0,2.4056563,0.24349285662174225,0.8438409566879272,0.27114054560661316
YLR119W,YMR077C,1,2.4044814,0.24370452761650085,0.8448108434677124,0.27114054560661316
YHR039C,YER026C,0,2.404464,0.2436363697052002,0.8448108434677124,0.27124086022377014
YML078W,YJR137C,0,2.404317,0.24356822669506073,0.8448108434677124,0.27134114503860474
YMR104C,YKR046C,0,2.4040692,0.24350014328956604,0.8448108434677124,0.2714414596557617
YML131W,YHR134W,0,2.4031575,0.24343208968639374,0.8448108434677124,0.2715417742729187
YCR083W,YOR073W,0,2.4027753,0.24336406588554382,0.8448108434677124,0.2716420888900757
YCL010C,YHR043C,0,2.4022882,0.2432960867881775,0.8448108434677124,0.27174240350723267
YGL001C,YCR088W,0,2.4016566,0.24322815239429474,0.8448108434677124,0.27184271812438965
YGL004C,YFL016C,1,2.3987713,0.2434394210577011,0.8457807898521423,0.27184271812438965
YMR106C,YPL181W,0,2.3984044,0.24337147176265717,0.8457807898521423,0.27194303274154663
YIL067C,YGR261C,0,2.3980064,0.2433035671710968,0.8457807898521423,0.2720433473587036
YNR054C,YBR098W,0,2.3967118,0.24323570728302002,0.8457807898521423,0.2721436321735382
YFL016C,YOR058C,0,2.395838,0.24316787719726562,0.8457807898521423,0.2722439467906952
YPL237W,YPR066W,0,2.3951426,0.24310007691383362,0.8457807898521423,0.2723442614078522
YBR216C,YDR293C,0,2.394966,0.2430323362350464,0.8457807898521423,0.27244457602500916
YDL002C,YGL079W,0,2.3948703,0.24296461045742035,0.8457807898521423,0.27254489064216614
YBR126C,YOR030W,0,2.393849,0.2428969293832779,0.8457807898521423,0.2726452052593231
YOL013C,YOL137W,0,2.393144,0.24282929301261902,0.8457807898521423,0.2727455198764801
YLR216C,YCR020W-B,0,2.3912318,0.24276168644428253,0.8457807898521423,0.2728458344936371
YNR026C,YGL133W,0,2.3883057,0.24269412457942963,0.8457807898521423,0.2729461193084717
YFL024C,YBL002W,0,2.3878,0.2426265925168991,0.8457807898521423,0.27304643392562866
YPL008W,YDR264C,0,2.3875966,0.24255910515785217,0.8457807898521423,0.27314674854278564
YKL046C,YDR302W,0,2.387173,0.24249166250228882,0.8457807898521423,0.2732470631599426
YKR098C,YIL023C,0,2.386756,0.24242424964904785,0.8457807898521423,0.2733473777770996
YKL096W,YEL004W,0,2.3866994,0.24235686659812927,0.8457807898521423,0.2734476923942566
YPR023C,YER172C,0,2.3857074,0.24228952825069427,0.8457807898521423,0.2735480070114136
YIR025W,YDR131C,1,2.3844466,0.24250000715255737,0.8467507362365723,0.2735480070114136
YGL086W,YMR134W,0,2.3823724,0.24243265390396118,0.8467507362365723,0.27364832162857056
YMR079W,YDL165W,0,2.382215,0.24236534535884857,0.8467507362365723,0.27374860644340515
YOR371C,YDR219C,1,2.3816147,0.24257563054561615,0.8477206826210022,0.27374860644340515
YJR113C,YBR139W,0,2.379034,0.24250832200050354,0.8477206826210022,0.27384892106056213
YNL264C,YJL092W,0,2.3787575,0.2424410581588745,0.8477206826210022,0.2739492356777191
YPR101W,YJR014W,0,2.378452,0.24237382411956787,0.8477206826210022,0.2740495502948761
YAR003W,YBR014C,0,2.3780236,0.24230661988258362,0.8477206826210022,0.2741498649120331
YPR018W,YBR139W,0,2.3779368,0.24223947525024414,0.8477206826210022,0.27425017952919006
YHR072W,YBR179C,0,2.377841,0.24217234551906586,0.8477206826210022,0.27435049414634705
YGR163W,YDL165W,0,2.3778028,0.24210526049137115,0.8477206826210022,0.27445080876350403
YEL020C,YLR424W,0,2.3774662,0.24203822016716003,0.8477206826210022,0.2745510935783386
YCR069W,YDR143C,0,2.3767145,0.2419712096452713,0.8477206826210022,0.2746514081954956
YCR023C,YJR088C,0,2.3747425,0.24190422892570496,0.8477206826210022,0.2747517228126526
YBR265W,YCR083W,0,2.373664,0.2418372929096222,0.8477206826210022,0.27485203742980957
YBR235W,YDL044C,0,2.3729448,0.241770401597023,0.8477206826210022,0.27495235204696655
YAL032C,YKL012W,0,2.3726273,0.24170354008674622,0.8477206826210022,0.27505266666412354
YDL002C,YNL197C,0,2.3725567,0.2416367083787918,0.8477206826210022,0.2751529812812805
YCR008W,YHR200W,0,2.3714926,0.24156992137432098,0.8477206826210022,0.2752532958984375
YDL097C,YGR066C,1,2.371172,0.24177949130535126,0.8486905694007874,0.2752532958984375
YKL127W,YGL179C,0,2.3675454,0.24171270430088043,0.8486905694007874,0.2753536105155945
YML072C,YHR026W,0,2.3662336,0.241645947098732,0.8486905694007874,0.2754538953304291
YGR087C,YPL030W,0,2.3661473,0.24157923460006714,0.8486905694007874,0.27555420994758606
YDR104C,YKL046C,0,2.366121,0.24151255190372467,0.8486905694007874,0.27565452456474304
YER048C,YNL229C,0,2.365702,0.24144591391086578,0.8486905694007874,0.2757548391819
YLR342W,YOR329C,0,2.3640077,0.24137930572032928,0.8486905694007874,0.275855153799057
YLR262C,YNR049C,0,2.3630886,0.24131274223327637,0.8486905694007874,0.275955468416214
YDR216W,YML058W,0,2.3623505,0.24124620854854584,0.8486905694007874,0.27605578303337097
YGL048C,YHL033C,0,2.3620284,0.2411797195672989,0.8486905694007874,0.27615609765052795
YJL137C,YAL061W,0,2.3614683,0.24111326038837433,0.8486905694007874,0.27625638246536255
YKL034W,YDR049W,1,2.3601131,0.24132230877876282,0.8496605157852173,0.27625638246536255
YER078C,YBR126C,0,2.3597655,0.24125584959983826,0.8496605157852173,0.27635669708251953
YER119C,YNL005C,0,2.3595028,0.24118942022323608,0.8496605157852173,0.2764570116996765
YJL151C,YDR446W,0,2.3586645,0.2411230355501175,0.8496605157852173,0.2765573263168335
YMR276W,YDR143C,1,2.358004,0.24133186042308807,0.8506304621696472,0.2765573263168335
YCR027C,YBR110W,0,2.356456,0.24126547574996948,0.8506304621696472,0.2766576409339905
YGR227W,YOR173W,0,2.3548198,0.24119912087917328,0.8506304621696472,0.27675795555114746
YDR333C,YIR025W,1,2.3526795,0.24140775203704834,0.8516004085540771,0.27675795555114746
YDR155C,YMR106C,0,2.352542,0.24134139716625214,0.8516004085540771,0.27685827016830444
YOL008W,YLR340W,0,2.352311,0.24127507209777832,0.8516004085540771,0.2769585847854614
YGL086W,YOR141C,0,2.3508794,0.24120879173278809,0.8516004085540771,0.277058869600296
YGR240C,YGR261C,0,2.3478549,0.24114254117012024,0.8516004085540771,0.277159184217453
YHL009C,YBR004C,0,2.3478513,0.24107633531093597,0.8516004085540771,0.27725949883461
YDR084C,YLR222C,0,2.347578,0.2410101592540741,0.8516004085540771,0.27735981345176697
YHR039C,YHR102W,0,2.3470078,0.2409440129995346,0.8516004085540771,0.27746012806892395
YGR023W,YJL115W,0,2.3461764,0.2408779114484787,0.8516004085540771,0.27756044268608093
YJL063C,YGR065C,0,2.345963,0.24081185460090637,0.8516004085540771,0.2776607573032379
YIL023C,YKR018C,0,2.34489,0.24074581265449524,0.8516004085540771,0.2777610719203949
YBR073W,YML014W,0,2.3448074,0.24067983031272888,0.8516004085540771,0.2778613567352295
YIL041W,YML001W,0,2.344779,0.24061386287212372,0.8516004085540771,0.2779616713523865
YPL016W,YFR051C,0,2.3422186,0.24054794013500214,0.8516004085540771,0.27806198596954346
YMR044W,YIR008C,0,2.3401904,0.24048206210136414,0.8516004085540771,0.27816230058670044
YJR043C,YOR022C,0,2.340157,0.24041621387004852,0.8516004085540771,0.2782626152038574
YDR446W,YGL150C,0,2.3391695,0.2403503954410553,0.8516004085540771,0.2783629298210144
YOL128C,YBR056W,0,2.338913,0.24028462171554565,0.8516004085540771,0.2784632444381714
YCR020W-B,YAL042W,0,2.3386948,0.2402188777923584,0.8516004085540771,0.27856355905532837
YKR067W,YPR022C,0,2.3376665,0.24015317857265472,0.8516004085540771,0.27866384387016296
YGL131C,YMR092C,0,2.3368115,0.24008750915527344,0.8516004085540771,0.27876415848731995
YOL008W,YER122C,0,2.3367298,0.24002186954021454,0.8516004085540771,0.27886447310447693
YOL089C,YPL192C,0,2.3366683,0.23995627462863922,0.8516004085540771,0.2789647877216339
YHR183W,YMR277W,0,2.336339,0.2398907095193863,0.8516004085540771,0.2790651023387909
YGR192C,YDR255C,0,2.3335865,0.23982518911361694,0.8516004085540771,0.2791654169559479
YPL084W,YML029W,1,2.3330684,0.24003276228904724,0.8525702953338623,0.2791654169559479
YDL232W,YGL131C,0,2.33306,0.2399672418832779,0.8525702953338623,0.27926573157310486
YML078W,YNL229C,0,2.3322253,0.23990175127983093,0.8525702953338623,0.27936604619026184
YKL101W,YDL066W,0,2.3314915,0.23983629047870636,0.8525702953338623,0.27946633100509644
YIL066C,YML121W,0,2.3314478,0.23977087438106537,0.8525702953338623,0.2795666456222534
YIL162W,YGL012W,0,2.3312285,0.23970548808574677,0.8525702953338623,0.2796669602394104
YGL224C,YOR367W,0,2.331008,0.23964013159275055,0.8525702953338623,0.2797672748565674
YAL001C,YBR088C,0,2.328136,0.23957481980323792,0.8525702953338623,0.27986758947372437
YGL048C,YGR166W,0,2.3260515,0.23950953781604767,0.8525702953338623,0.27996790409088135
YBR253W,YHR141C,0,2.3247628,0.239444300532341,0.8525702953338623,0.28006821870803833
YNL097C,YBR014C,0,2.3243356,0.23937907814979553,0.8525702953338623,0.2801685333251953
YER065C,YIL097W,0,2.3243303,0.23931391537189484,0.8525702953338623,0.2802688479423523
YDL013W,YNL116W,1,2.3242137,0.23952095210552216,0.8535402417182922,0.2802688479423523
YBR235W,YGL017W,0,2.3221097,0.23945578932762146,0.8535402417182922,0.2803691327571869
YHR121W,YOR321W,0,2.3210263,0.23939064145088196,0.8535402417182922,0.28046944737434387
YML069W,YML001W,0,2.3209665,0.23932553827762604,0.8535402417182922,0.28056976199150085
YGR148C,YLR424W,0,2.3204198,0.2392604649066925,0.8535402417182922,0.28067007660865784
YDR506C,YKL216W,0,2.319106,0.23919543623924255,0.8535402417182922,0.2807703912258148
YKR080W,YEL009C,0,2.3187923,0.239130437374115,0.8535402417182922,0.2808707058429718
YLR066W,YLL010C,0,2.3164456,0.23906546831130981,0.8535402417182922,0.2809710204601288
YLR408C,YLR135W,0,2.316263,0.23900054395198822,0.8535402417182922,0.28107133507728577
YBL084C,YKR039W,0,2.3143399,0.238935649394989,0.8535402417182922,0.28117161989212036
YOL133W,YBL084C,1,2.3136787,0.23914223909378052,0.8545101881027222,0.28117161989212036
YOL001W,YDR255C,0,2.3136723,0.2390773445367813,0.8545101881027222,0.28127193450927734
YPR025C,YDL161W,0,2.3125734,0.2390124797821045,0.8545101881027222,0.2813722491264343
YML110C,YBR253W,0,2.3118727,0.23894765973091125,0.8545101881027222,0.2814725637435913
YKR013W,YPR022C,0,2.311161,0.2388828694820404,0.8545101881027222,0.2815728783607483
YPR101W,YJR044C,0,2.3098247,0.23881810903549194,0.8545101881027222,0.2816731929779053
YGR278W,YOR198C,0,2.3090973,0.23875339329242706,0.8545101881027222,0.28177350759506226
YPL084W,YLR449W,0,2.3081307,0.23868870735168457,0.8545101881027222,0.28187382221221924
YCL045C,YML072C,0,2.308003,0.23862405121326447,0.8545101881027222,0.28197410702705383
YPR107C,YPR121W,0,2.307786,0.23855943977832794,0.8545101881027222,0.2820744216442108
YJR113C,YNR032W,0,2.3065653,0.2384948581457138,0.8545101881027222,0.2821747362613678
YJL104W,YNL272C,0,2.306273,0.23843030631542206,0.8545101881027222,0.2822750508785248
YPL164C,YOL068C,0,2.3058052,0.2383657991886139,0.8545101881027222,0.28237536549568176
YMR134W,YKL073W,0,2.3049567,0.2383013218641281,0.8545101881027222,0.28247568011283875
YPL211W,YOL049W,0,2.3049386,0.23823688924312592,0.8545101881027222,0.2825759947299957
YKR065C,YOR205C,0,2.3046365,0.2381724864244461,0.8545101881027222,0.2826763093471527
YDR348C,YMR092C,0,2.3044295,0.23810811340808868,0.8545101881027222,0.2827765941619873
YDR408C,YIL044C,0,2.3041468,0.23804377019405365,0.8545101881027222,0.2828769087791443
YLR297W,YKL139W,0,2.303348,0.2379794716835022,0.8545101881027222,0.28297722339630127
YML008C,YOR133W,0,2.3026657,0.23791520297527313,0.8545101881027222,0.28307753801345825
YKL086W,YLR135W,0,2.3023143,0.23785097897052765,0.8545101881027222,0.28317785263061523
YER125W,YLR352W,1,2.301828,0.23805667459964752,0.8554801344871521,0.28317785263061523
YNL134C,YML075C,0,2.301756,0.23799245059490204,0.8554801344871521,0.2832781672477722
YOR229W,YPL032C,0,2.30166,0.23792824149131775,0.8554801344871521,0.2833784818649292
YHR063C,YDR255C,0,2.3013554,0.23786407709121704,0.8554801344871521,0.2834787964820862
YJL116C,YJR125C,0,2.3012328,0.23779994249343872,0.8554801344871521,0.2835790812969208
YKL100C,YDR457W,1,2.3009953,0.2380053848028183,0.8564500212669373,0.2835790812969208
YNL099C,YLR256W,0,2.3008149,0.23794125020503998,0.8564500212669373,0.28367939591407776
YDR182W,YIL105C,0,2.2979867,0.23787716031074524,0.8564500212669373,0.28377971053123474
YJR056C,YKL055C,0,2.2967088,0.2378130853176117,0.8564500212669373,0.2838800251483917
YOR197W,YOR256C,1,2.29646,0.23801830410957336,0.8574199676513672,0.2838800251483917
YGL184C,YDR017C,0,2.295229,0.237954244017601,0.8574199676513672,0.2839803397655487
YHR063C,YLR133W,0,2.292227,0.23789019882678986,0.8574199676513672,0.2840806543827057
YIR013C,YJL111W,0,2.2906942,0.23782619833946228,0.8574199676513672,0.28418096899986267
YEL047C,YNL220W,0,2.290617,0.2377622425556183,0.8574199676513672,0.28428128361701965
YER003C,YOR321W,0,2.2906122,0.23769830167293549,0.8574199676513672,0.28438156843185425
YDR016C,YER118C,0,2.2905347,0.23763440549373627,0.8574199676513672,0.28448188304901123
YGR275W,YAR003W,0,2.2902956,0.23757053911685944,0.8574199676513672,0.2845821976661682
YKR022C,YFR055W,0,2.2896776,0.2375067174434662,0.8574199676513672,0.2846825122833252
YDL168W,YCR097W,0,2.288525,0.23744292557239532,0.8574199676513672,0.2847828269004822
YJL151C,YMR134W,0,2.2877073,0.23737916350364685,0.8574199676513672,0.28488314151763916
YML029W,YKL120W,0,2.2854996,0.23731543123722076,0.8574199676513672,0.28498345613479614
YPR121W,YMR083W,0,2.2841883,0.23725174367427826,0.8574199676513672,0.2850837707519531
YBR161W,YNL229C,0,2.2839377,0.23718808591365814,0.8574199676513672,0.2851840853691101
YPL086C,YDL239C,0,2.2834005,0.2371244579553604,0.8574199676513672,0.2852843701839447
YML121W,YGR206W,0,2.2830741,0.23706087470054626,0.8574199676513672,0.2853846848011017
YBR210W,YBR288C,0,2.2816887,0.2369973212480545,0.8574199676513672,0.28548499941825867
YDR385W,YNL222W,0,2.2816832,0.23693379759788513,0.8574199676513672,0.28558531403541565
YBR228W,YDL165W,0,2.2812433,0.23687030375003815,0.8574199676513672,0.28568562865257263
YMR068W,YOR245C,0,2.2778268,0.23680685460567474,0.8574199676513672,0.2857859432697296
YPL268W,YLR424W,0,2.2773821,0.23674343526363373,0.8574199676513672,0.2858862578868866
YNL072W,YBR057C,0,2.2762024,0.2366800606250763,0.8574199676513672,0.2859865725040436
YIR021W,YKL073W,0,2.2761934,0.23661670088768005,0.8574199676513672,0.2860868573188782
YJL047C,YGL020C,0,2.276084,0.2365533858537674,0.8574199676513672,0.28618717193603516
YBR302C,YAL042W,0,2.2760224,0.23649010062217712,0.8574199676513672,0.28628748655319214
YLR262C,YLR332W,0,2.2738383,0.23642684519290924,0.8574199676513672,0.2863878011703491
YHR187W,YFL052W,0,2.2734232,0.23636363446712494,0.8574199676513672,0.2864881157875061
YER170W,YJL036W,0,2.2721236,0.23630045354366302,0.8574199676513672,0.2865884304046631
YJL010C,YGR203W,0,2.271264,0.2362373024225235,0.8574199676513672,0.28668874502182007
YCR017C,YER166W,0,2.2712092,0.23617419600486755,0.8574199676513672,0.28678905963897705
YER146W,YDR162C,0,2.2700346,0.2361111044883728,0.8574199676513672,0.28688934445381165
YMR266W,YDL174C,0,2.2695944,0.23604805767536163,0.8574199676513672,0.28698965907096863
YDR394W,YJR017C,1,2.2694883,0.23625199496746063,0.8583899140357971,0.28698965907096863
YIL066C,YKL213C,0,2.2693548,0.23618894815444946,0.8583899140357971,0.2870899736881256
YOR367W,YGL179C,0,2.2677057,0.23612593114376068,0.8583899140357971,0.2871902883052826
YKR067W,YCR003W,0,2.2676969,0.2360629439353943,0.8583899140357971,0.2872906029224396
YKL027W,YER166W,0,2.2671733,0.23600000143051147,0.8583899140357971,0.28739091753959656
YBR216C,YAR003W,0,2.2668328,0.23593708872795105,0.8583899140357971,0.28749123215675354
YEL060C,YPR112C,0,2.264743,0.235874205827713,0.8583899140357971,0.2875915467739105
YLL052C,YPL118W,0,2.263453,0.23581135272979736,0.8583899140357971,0.2876918315887451
YDL132W,YLR148W,0,2.2633991,0.2357485294342041,0.8583899140357971,0.2877921462059021
YKL073W,YLR095C,0,2.2627764,0.23568575084209442,0.8583899140357971,0.2878924608230591
YDR097C,YKL055C,0,2.261642,0.23562300205230713,0.8583899140357971,0.28799277544021606
YIL041W,YJL210W,0,2.260643,0.23556028306484222,0.8583899140357971,0.28809309005737305
YLR148W,YOR298C-A,0,2.259193,0.2354976087808609,0.8583899140357971,0.28819340467453003
YLR336C,YJL118W,0,2.2575393,0.23543494939804077,0.8583899140357971,0.288293719291687
YAR066W,YNL005C,0,2.2563365,0.23537233471870422,0.8583899140357971,0.288394033908844
YMR116C,YBR102C,0,2.2554307,0.23530976474285126,0.8583899140357971,0.2884943187236786
YLR274W,YER054C,0,2.2553852,0.23524720966815948,0.8583899140357971,0.28859463334083557
YNL064C,YLR003C,0,2.2534657,0.2351846992969513,0.8583899140357971,0.28869494795799255
YDL132W,YKR086W,0,2.2528613,0.2351222038269043,0.8583899140357971,0.28879526257514954
YOR362C,YPR020W,0,2.251501,0.23505976796150208,0.8583899140357971,0.2888955771923065
YHR216W,YOR284W,0,2.250444,0.23499734699726105,0.8583899140357971,0.2889958918094635
YGR172C,YEL003W,0,2.2502027,0.2349349558353424,0.8583899140357971,0.2890962064266205
YBL102W,YDR142C,0,2.2495465,0.23487260937690735,0.8583899140357971,0.28919652104377747
YGR049W,YOR007C,0,2.2494278,0.23481029272079468,0.8583899140357971,0.28929680585861206
YCL040W,YPL232W,0,2.2481906,0.2347480058670044,0.8583899140357971,0.28939712047576904
YML078W,YKR046C,0,2.2479067,0.2346857637166977,0.8583899140357971,0.289497435092926
YLR069C,YBR221C,0,2.2459023,0.23462353646755219,0.8583899140357971,0.289597749710083
YNR032W,YML075C,0,2.244691,0.23456135392189026,0.8583899140357971,0.28969806432724
YBR290W,YOL115W,0,2.2403479,0.23449920117855072,0.8583899140357971,0.289798378944397
YMR202W,YML001W,0,2.23914,0.23443709313869476,0.8583899140357971,0.28989869356155396
YCL011C,YHL018W,0,2.2390637,0.234375,0.8583899140357971,0.28999900817871094
YLR240W,YMR068W,0,2.2382097,0.23431295156478882,0.8583899140357971,0.29009929299354553
YPR082C,YLR275W,0,2.23721,0.23425093293190002,0.8583899140357971,0.2901996076107025
YLR297W,YMR271C,0,2.2342472,0.23418894410133362,0.8583899140357971,0.2902999222278595
YPL055C,YOR130C,0,2.2340446,0.2341269850730896,0.8583899140357971,0.2904002368450165
YBR139W,YJR017C,0,2.233508,0.23406505584716797,0.8583899140357971,0.29050055146217346
YGR287C,YMR293C,0,2.2332144,0.23400317132472992,0.8583899140357971,0.29060086607933044
YLR378C,YLR089C,0,2.2323074,0.23394131660461426,0.8583899140357971,0.2907011806964874
YEL020C,YJL093C,0,2.2314978,0.23387949168682098,0.8583899140357971,0.2908014953136444
YGR257C,YKR046C,0,2.231277,0.2338176965713501,0.8583899140357971,0.2909018099308014
YHR187W,YGR163W,0,2.2312398,0.2337559461593628,0.8583899140357971,0.291002094745636
YJL154C,YKR046C,0,2.2310975,0.23369421064853668,0.8583899140357971,0.29110240936279297
YPL055C,YPR018W,0,2.2299585,0.23363251984119415,0.8583899140357971,0.29120272397994995
YKL091C,YOR100C,0,2.2291906,0.233570858836174,0.8583899140357971,0.29130303859710693
YHL009C,YCR024C-A,0,2.2290359,0.23350922763347626,0.8583899140357971,0.2914033532142639
YNL097C,YHR166C,0,2.2288923,0.23344764113426208,0.8583899140357971,0.2915036678314209
YOR293W,YGR172C,0,2.228176,0.2333860695362091,0.8583899140357971,0.2916039824485779
YGL160W,YNR069C,0,2.227893,0.2333245426416397,0.8583899140357971,0.29170429706573486
YPL020C,YJL115W,0,2.2257564,0.2332630455493927,0.8583899140357971,0.29180458188056946
YHR166C,YAL058W,1,2.225717,0.23346509039402008,0.859359860420227,0.29180458188056946
YHR191C,YBR298C,0,2.2256703,0.23340357840061188,0.859359860420227,0.29190489649772644
YGL134W,YER172C,0,2.2245355,0.23334211111068726,0.859359860420227,0.2920052111148834
YFL024C,YDR354W,0,2.2241952,0.23328067362308502,0.859359860420227,0.2921055257320404
YKL125W,YNL148C,0,2.2236834,0.23321926593780518,0.859359860420227,0.2922058403491974
YHR141C,YNL021W,0,2.2236037,0.23315788805484772,0.859359860420227,0.29230615496635437
YPR145W,YBR039W,0,2.222938,0.23309655487537384,0.859359860420227,0.29240646958351135
YGR028W,YGL234W,0,2.2210567,0.23303525149822235,0.859359860420227,0.29250678420066833
YLR376C,YOR367W,0,2.2197175,0.23297396302223206,0.859359860420227,0.29260706901550293
YDL168W,YMR199W,0,2.2189875,0.23291271924972534,0.859359860420227,0.2927073836326599
YDR408C,YMR092C,0,2.2188582,0.23285150527954102,0.859359860420227,0.2928076982498169
YPL084W,YML019W,0,2.218587,0.23279033601284027,0.859359860420227,0.2929080128669739
YPL162C,YDR450W,0,2.217854,0.23272918164730072,0.859359860420227,0.29300832748413086
YHR007C,YGR087C,0,2.2178268,0.23266807198524475,0.859359860420227,0.29310864210128784
YKL113C,YJR152W,0,2.2173502,0.23260697722434998,0.859359860420227,0.2932089567184448
YBR199W,YPL228W,0,2.215602,0.23254592716693878,0.859359860420227,0.2933092713356018
YPR121W,YLR095C,0,2.2154403,0.23248490691184998,0.859359860420227,0.2934095561504364
YGR090W,YER048C,0,2.2141187,0.23242393136024475,0.859359860420227,0.2935098707675934
YMR247C,YLR127C,1,2.2134047,0.23262523114681244,0.8603297472000122,0.2935098707675934
YMR202W,YBL003C,0,2.212399,0.23256424069404602,0.8603297472000122,0.29361018538475037
YDR408C,YBL003C,0,2.2121935,0.232503280043602,0.8603297472000122,0.29371050000190735
YLR070C,YPR094W,0,2.2120705,0.23244234919548035,0.8603297472000122,0.29381081461906433
YBL016W,YBR004C,0,2.2120209,0.2323814481496811,0.8603297472000122,0.2939111292362213
YIL041W,YDL174C,0,2.2118201,0.23232059180736542,0.8603297472000122,0.2940114438533783
YHL009C,YGR247W,0,2.21132,0.23225975036621094,0.8603297472000122,0.2941117584705353
YKR080W,YPL158C,0,2.2108767,0.23219895362854004,0.8603297472000122,0.2942120432853699
YPL152W,YPR066W,0,2.2103987,0.23213818669319153,0.8603297472000122,0.29431235790252686
YCR042C,YPL270W,0,2.210255,0.2320774495601654,0.8603297472000122,0.29441267251968384
YPR018W,YBR019C,0,2.2101953,0.23201674222946167,0.8603297472000122,0.2945129871368408
YBL102W,YNL264C,0,2.2100222,0.23195606470108032,0.8603297472000122,0.2946133017539978
YKR098C,YGL086W,0,2.2099676,0.23189543187618256,0.8603297472000122,0.2947136163711548
YLR034C,YGL181W,0,2.209474,0.23183481395244598,0.8603297472000122,0.29481393098831177
YKL133C,YGR184C,1,2.209305,0.2320355325937271,0.8612996935844421,0.29481393098831177
YPL217C,YEL020C,0,2.2084951,0.23197491466999054,0.8612996935844421,0.29491424560546875
YMR260C,YMR044W,0,2.2082546,0.23191434144973755,0.8612996935844421,0.29501453042030334
YPL256C,YJL036W,0,2.207961,0.23185378313064575,0.8612996935844421,0.2951148450374603
YMR266W,YKR065C,0,2.2072444,0.23179326951503754,0.8612996935844421,0.2952151596546173
YKL152C,YLR066W,0,2.2071369,0.23173277080059052,0.8612996935844421,0.2953154742717743
YMR304W,YER125W,1,2.2035367,0.23193320631980896,0.8622696399688721,0.2953154742717743
YPR183W,YHR098C,0,2.2032366,0.23187272250652313,0.8622696399688721,0.2954157888889313
YPL275W,YDL191W,0,2.2030077,0.2318122535943985,0.8622696399688721,0.29551610350608826
YOR178C,YAL014C,0,2.2029853,0.23175182938575745,0.8622696399688721,0.29561641812324524
YDL092W,YNL099C,0,2.2017503,0.2316914200782776,0.8622696399688721,0.2957167327404022
YIR003W,YDR208W,0,2.2010758,0.2316310554742813,0.8622696399688721,0.2958170473575592
YGL160W,YDR186C,0,2.2004237,0.23157072067260742,0.8622696399688721,0.2959173321723938
YBR152W,YDR264C,0,2.2000263,0.23151041567325592,0.8622696399688721,0.2960176467895508
YOR336W,YLR207W,1,2.1991944,0.2317104935646057,0.863239586353302,0.2960176467895508
YJL154C,YLR089C,0,2.1989613,0.2316501885652542,0.863239586353302,0.29611796140670776
YLR369W,YOR245C,0,2.198317,0.2315898984670639,0.863239586353302,0.29621827602386475
YER069W,YLR081W,0,2.1982512,0.23152965307235718,0.863239586353302,0.29631859064102173
YJL172W,YIL030C,1,2.1980567,0.23172952234745026,0.8642095327377319,0.29631859064102173
YIL066C,YKR081C,0,2.1972313,0.23166926205158234,0.8642095327377319,0.2964189052581787
YML058W,YOR245C,0,2.1967459,0.231609046459198,0.8642095327377319,0.2965192198753357
YDR051C,YBR167C,0,2.1960516,0.23154886066913605,0.8642095327377319,0.2966195344924927
YPL020C,YMR154C,0,2.1960168,0.23148870468139648,0.8642095327377319,0.29671981930732727
YIL127C,YOR344C,0,2.1955972,0.2314285784959793,0.8642095327377319,0.29682013392448425
YKL113C,YKL152C,0,2.1951523,0.23136848211288452,0.8642095327377319,0.29692044854164124
YIL049W,YKR098C,0,2.1947184,0.23130841553211212,0.8642095327377319,0.2970207631587982
YAL047C,YDL191W,0,2.1939182,0.2312483787536621,0.8642095327377319,0.2971210777759552
YNL186W,YKR094C,1,2.1928713,0.23144784569740295,0.8651794195175171,0.2971210777759552
YPR052C,YDL174C,0,2.1918302,0.23138780891895294,0.8651794195175171,0.2972213923931122
YOR190W,YJR019C,0,2.191549,0.23132780194282532,0.8651794195175171,0.29732170701026917
YOL075C,YPL118W,0,2.1904345,0.23126782476902008,0.8651794195175171,0.29742202162742615
YGL131C,YEL004W,0,2.1898074,0.23120787739753723,0.8651794195175171,0.29752230644226074
YNL305C,YMR271C,0,2.1898043,0.23114795982837677,0.8651794195175171,0.2976226210594177
YHL009C,YJR091C,0,2.1895628,0.2310880869626999,0.8651794195175171,0.2977229356765747
YMR263W,YBR154C,0,2.1890826,0.2310282289981842,0.8651794195175171,0.2978232502937317
YNR075W,YLR208W,1,2.1887054,0.2312273383140564,0.866149365901947,0.2978232502937317
YGR287C,YBR201W,0,2.1881976,0.2311674803495407,0.866149365901947,0.29792356491088867
YFR009W,YNR049C,0,2.1879268,0.2311076670885086,0.866149365901947,0.29802387952804565
YHR143W-A,YJL138C,0,2.1863017,0.2310478687286377,0.866149365901947,0.29812419414520264
YPL053C,YPR165W,0,2.1862195,0.23098810017108917,0.866149365901947,0.2982245087623596
YDR186C,YPR052C,0,2.1859007,0.23092836141586304,0.866149365901947,0.2983247935771942
YGR186W,YBL027W,0,2.1851795,0.23086866736412048,0.866149365901947,0.2984251081943512
YDR006C,YCR083W,0,2.1841369,0.23080898821353912,0.866149365901947,0.2985254228115082
YOR256C,YPL079W,0,2.1837966,0.23074935376644135,0.866149365901947,0.29862573742866516
YML131W,YDL213C,0,2.1836557,0.23068974912166595,0.866149365901947,0.29872605204582214
YJR129C,YHR042W,0,2.1831727,0.23063015937805176,0.866149365901947,0.2988263666629791
YKL071W,YOR178C,0,2.182892,0.23057061433792114,0.866149365901947,0.2989266812801361
YGL125W,YBR179C,0,2.182575,0.23051109910011292,0.866149365901947,0.2990269958972931
YLR132C,YPL164C,0,2.1797414,0.23045161366462708,0.866149365901947,0.2991272807121277
YGL145W,YLR035C,0,2.1794207,0.23039215803146362,0.866149365901947,0.29922759532928467
YNL245C,YPL249C,0,2.1779852,0.23033273220062256,0.866149365901947,0.29932790994644165
YJL063C,YOR197W,0,2.1779037,0.23027333617210388,0.866149365901947,0.29942822456359863
YPL003W,YBR110W,0,2.1775706,0.2302139699459076,0.866149365901947,0.2995285391807556
YDL248W,YMR135C,1,2.1773987,0.23041236400604248,0.867119312286377,0.2995285391807556
YOL039W,YFL018C,0,2.1770115,0.2303529977798462,0.867119312286377,0.2996288537979126
YDL156W,YLR119W,0,2.1765647,0.2302936613559723,0.867119312286377,0.2997291684150696
YPL045W,YNL312W,0,2.1751175,0.23023435473442078,0.867119312286377,0.29982948303222656
YOR118W,YLR022C,0,2.1746926,0.23017507791519165,0.867119312286377,0.29992976784706116
YER078C,YLR133W,0,2.173638,0.2301158308982849,0.867119312286377,0.30003008246421814
YIL117C,YDL150W,0,2.173417,0.23005661368370056,0.867119312286377,0.3001303970813751
YDR153C,YOR030W,0,2.1727464,0.2299974262714386,0.867119312286377,0.3002307116985321
YML078W,YML072C,0,2.1718864,0.22993826866149902,0.867119312286377,0.3003310263156891
YBR133C,YDR485C,0,2.170061,0.22987914085388184,0.867119312286377,0.30043134093284607
YHR079C-A,YPR165W,0,2.1697638,0.22982005774974823,0.867119312286377,0.30053165555000305
YLR342W,YFL050C,0,2.1685517,0.22976098954677582,0.867119312286377,0.30063197016716003
YMR047C,YLR275W,0,2.1681175,0.2297019511461258,0.867119312286377,0.300732284784317
YKL160W,YDR484W,0,2.167847,0.22964294254779816,0.867119312286377,0.3008325695991516
YBR293W,YGR231C,0,2.1671214,0.2295839786529541,0.867119312286377,0.3009328842163086
YBR258C,YMR216C,0,2.1668284,0.22952502965927124,0.867119312286377,0.3010331988334656
YLL036C,YGL179C,0,2.1667707,0.22946612536907196,0.867119312286377,0.30113351345062256
YDR363W-A,YGR003W,1,2.1653204,0.22966384887695312,0.8680892586708069,0.30113351345062256
YNL139C,YBR280C,0,2.1646826,0.22960492968559265,0.8680892586708069,0.30123382806777954
YNL053W,YML111W,0,2.1646502,0.22954604029655457,0.8680892586708069,0.3013341426849365
YDR346C,YBL036C,0,2.1634357,0.22948718070983887,0.8680892586708069,0.3014344573020935
YGL160W,YCR023C,0,2.1632984,0.22942835092544556,0.8680892586708069,0.3015347719192505
YKL184W,YPL270W,0,2.1623864,0.22936955094337463,0.8680892586708069,0.3016350567340851
YJL104W,YNL326C,0,2.160301,0.2293107807636261,0.8680892586708069,0.30173537135124207
YMR104C,YJR064W,0,2.1593266,0.22925205528736115,0.8680892586708069,0.30183568596839905
YML118W,YKL137W,0,2.1582465,0.22919334471225739,0.8680892586708069,0.30193600058555603
YPL084W,YHR091C,0,2.1564984,0.229134663939476,0.8680892586708069,0.302036315202713
YJR159W,YNL279W,0,2.156039,0.22907601296901703,0.8680892586708069,0.30213662981987
YCR088W,YNL312W,0,2.155956,0.22901740670204163,0.8680892586708069,0.302236944437027
YPR101W,YML111W,0,2.1554859,0.22895881533622742,0.8680892586708069,0.30233725905418396
YJR047C,YPL053C,0,2.1550846,0.2289002537727356,0.8680892586708069,0.30243754386901855
YER068W,YFR036W,1,2.15486,0.2290974110364914,0.869059145450592,0.30243754386901855
YML033W,YGL257C,0,2.1541889,0.22903884947299957,0.869059145450592,0.30253785848617554
YBL084C,YPR124W,0,2.1531281,0.22898031771183014,0.869059145450592,0.3026381731033325
YER124C,YGR206W,0,2.152655,0.2289218157529831,0.869059145450592,0.3027384877204895
YDL178W,YER172C,0,2.1516397,0.22886334359645844,0.869059145450592,0.3028388023376465
YPR151C,YER016W,0,2.1481717,0.22880490124225616,0.869059145450592,0.30293911695480347
YPR103W,YDR143C,1,2.1472824,0.22900179028511047,0.870029091835022,0.30293911695480347
YJL063C,YCL045C,0,2.1466281,0.228943333029747,0.870029091835022,0.30303943157196045
YMR197C,YBR244W,0,2.1464498,0.22888492047786713,0.870029091835022,0.30313974618911743
YOR256C,YIL157C,0,2.1461499,0.22882653772830963,0.870029091835022,0.303240031003952
YER065C,YNL099C,0,2.1458583,0.22876816987991333,0.870029091835022,0.303340345621109
YKR098C,YNR032W,0,2.1452103,0.2287098467350006,0.870029091835022,0.303440660238266
YJR105W,YNL222W,0,2.1448386,0.22865153849124908,0.870029091835022,0.303540974855423
YKL096W,YLR341W,0,2.1443489,0.22859327495098114,0.870029091835022,0.30364128947257996
YDL002C,YGR183C,0,2.1431925,0.2285350263118744,0.870029091835022,0.30374160408973694
YOL033W,YBL067C,0,2.1428683,0.22847682237625122,0.870029091835022,0.3038419187068939
YIL015W,YPL228W,0,2.14266,0.22841863334178925,0.870029091835022,0.3039422333240509
YNL090W,YOR208W,0,2.1425343,0.22836048901081085,0.870029091835022,0.3040425181388855
YOR056C,YNL097C,0,2.142384,0.22830235958099365,0.870029091835022,0.3041428327560425
YBR133C,YPR052C,0,2.141891,0.22824427485466003,0.870029091835022,0.30424314737319946
YML013W,YPL084W,1,2.1413798,0.22844059765338898,0.8709990382194519,0.30424314737319946
YLR424W,YDR450W,0,2.1411932,0.22838249802589417,0.8709990382194519,0.30434346199035645
YDR506C,YIL063C,0,2.1406744,0.22832442820072174,0.8709990382194519,0.3044437766075134
YMR189W,YGR261C,0,2.1400962,0.2282663881778717,0.8709990382194519,0.3045440912246704
YOR100C,YOL077W-A,0,2.1399806,0.22820839285850525,0.8709990382194519,0.3046444058418274
YLR378C,YDL104C,0,2.1398149,0.2281504124403,0.8709990382194519,0.3047447204589844
YPR183W,YDR450W,0,2.139133,0.22809246182441711,0.8709990382194519,0.30484500527381897
YIL085C,YEL071W,0,2.1385603,0.22803454101085663,0.8709990382194519,0.30494531989097595
YDR097C,YFL050C,0,2.138354,0.22797664999961853,0.8709990382194519,0.30504563450813293
YNL224C,YBL101C,0,2.1375935,0.22791878879070282,0.8709990382194519,0.3051459491252899
YJR090C,YLR376C,0,2.1371856,0.2278609424829483,0.8709990382194519,0.3052462637424469
YBR234C,YBL019W,0,2.136867,0.22780314087867737,0.8709990382194519,0.3053465783596039
YBR235W,YOR367W,0,2.1368237,0.22774536907672882,0.8709990382194519,0.30544689297676086
YJR099W,YOR202W,0,2.1367226,0.22768762707710266,0.8709990382194519,0.30554720759391785
YLR166C,YDR293C,0,2.136695,0.2276299148797989,0.8709990382194519,0.30564749240875244
YNL082W,YHR098C,0,2.1365705,0.2275722324848175,0.8709990382194519,0.3057478070259094
YDR104C,YEL042W,0,2.1355286,0.22751456499099731,0.8709990382194519,0.3058481216430664
YBL084C,YIL010W,0,2.1350622,0.2274569422006607,0.8709990382194519,0.3059484362602234
YDR084C,YOR005C,0,2.1350057,0.2273993343114853,0.8709990382194519,0.30604875087738037
YAR050W,YBR132C,0,2.134552,0.22734177112579346,0.8709990382194519,0.30614906549453735
YJR088C,YML075C,0,2.1344485,0.227284237742424,0.8709990382194519,0.30624938011169434
YDL190C,YBR302C,1,2.134414,0.2274797558784485,0.8719689846038818,0.30624938011169434
YNL009W,YIR010W,0,2.134069,0.22742220759391785,0.8719689846038818,0.3063496947288513
YCR067C,YGR038W,0,2.1337698,0.2273646891117096,0.8719689846038818,0.3064500093460083
YPL029W,YKR065C,0,2.1331942,0.22730720043182373,0.8719689846038818,0.3065502941608429
YOR128C,YDR123C,0,2.1331618,0.22724974155426025,0.8719689846038818,0.3066506087779999
YDR171W,YBR083W,0,2.1331215,0.22719231247901917,0.8719689846038818,0.30675092339515686
YBR265W,YFL022C,0,2.1325383,0.22713491320610046,0.8719689846038818,0.30685123801231384
YGL038C,YBR199W,0,2.132451,0.22707754373550415,0.8719689846038818,0.3069515526294708
YJL099W,YER172C,0,2.132416,0.22702020406723022,0.8719689846038818,0.3070518672466278
YBR215W,YNL241C,0,2.13209,0.2269628942012787,0.8719689846038818,0.3071521818637848
YMR058W,YJL203W,0,2.1320865,0.22690559923648834,0.8719689846038818,0.3072524964809418
YGL210W-A,YKR065C,0,2.1311035,0.22684834897518158,0.8719689846038818,0.30735278129577637
YDR237W,YOL058W,0,2.129508,0.226791113615036,0.8719689846038818,0.30745309591293335
YBR126C,YKR039W,0,2.128667,0.22673392295837402,0.8719689846038818,0.30755341053009033
YBR179C,YPR121W,0,2.1286602,0.22667674720287323,0.8719689846038818,0.3076537251472473
YIL091C,YPR023C,0,2.1285877,0.22661961615085602,0.8719689846038818,0.3077540397644043
YNL035C,YPR185W,0,2.1284056,0.2265625,0.8719689846038818,0.3078543543815613
YJR064W,YJL138C,0,2.1279929,0.22650541365146637,0.8719689846038818,0.30795466899871826
YDR180W,YBL005W-A,0,2.1272578,0.22644835710525513,0.8719689846038818,0.30805498361587524
YGL131C,YNL169C,0,2.1270125,0.22639133036136627,0.8719689846038818,0.30815526843070984
YGR049W,YKL065C,0,2.125727,0.2263343334197998,0.8719689846038818,0.3082555830478668
YNL323W,YBR161W,0,2.1252751,0.22627736628055573,0.8719689846038818,0.3083558976650238
YLR034C,YMR202W,0,2.1251493,0.22622042894363403,0.8719689846038818,0.3084562122821808
YLR320W,YPL192C,0,2.1245685,0.22616352140903473,0.8719689846038818,0.30855652689933777
YER011W,YOR188W,0,2.1230006,0.2261066436767578,0.8719689846038818,0.30865684151649475
YLR297W,YGL022W,0,2.12269,0.2260497808456421,0.8719689846038818,0.30875715613365173
YIL063C,YHR178W,0,2.1224952,0.22599296271800995,0.8719689846038818,0.3088574707508087
YKR013W,YBR019C,0,2.1213305,0.225936159491539,0.8719689846038818,0.3089577555656433
YKR003W,YGL156W,0,2.1207917,0.22587940096855164,0.8719689846038818,0.3090580701828003
YDR331W,YDR264C,0,2.120217,0.22582265734672546,0.8719689846038818,0.3091583847999573
YOR056C,YOR255W,0,2.1201873,0.22576594352722168,0.8719689846038818,0.30925869941711426
YMR161W,YKL120W,0,2.1199684,0.22570925951004028,0.8719689846038818,0.30935901403427124
YPR023C,YML072C,0,2.119463,0.22565260529518127,0.8719689846038818,0.3094593286514282
YDR142C,YOR153W,0,2.1189847,0.22559598088264465,0.8719689846038818,0.3095596432685852
YFL024C,YNL241C,0,2.118114,0.22553938627243042,0.8719689846038818,0.3096599578857422
YER124C,YBR161W,0,2.1178398,0.22548282146453857,0.8719689846038818,0.3097602427005768
YCR048W,YCR070W,0,2.11699,0.22542627155780792,0.8719689846038818,0.30986055731773376
YOR056C,YIL082W-A,0,2.1163259,0.22536976635456085,0.8719689846038818,0.30996087193489075
YNL003C,YOR245C,0,2.1145205,0.22531327605247498,0.8719689846038818,0.31006118655204773
YPR033C,YJR144W,0,2.1138964,0.22525683045387268,0.8719689846038818,0.3101615011692047
YKL163W,YGL086W,0,2.1136854,0.22520039975643158,0.8719689846038818,0.3102618157863617
YCR020W-B,YDR258C,0,2.1133475,0.22514399886131287,0.8719689846038818,0.3103621304035187
YBR126C,YMR021C,0,2.112814,0.22508762776851654,0.8719689846038818,0.31046244502067566
YNL014W,YOL148C,0,2.112808,0.2250312864780426,0.8719689846038818,0.31056272983551025
YPR079W,YJR002W,0,2.1122596,0.22497497498989105,0.8719689846038818,0.31066304445266724
YPL023C,YNL148C,0,2.110919,0.2249186933040619,0.8719689846038818,0.3107633590698242
YGL097W,YIL129C,0,2.1097424,0.22486242651939392,0.8719689846038818,0.3108636736869812
YHR166C,YKR017C,1,2.1092148,0.2250562608242035,0.872938871383667,0.3108636736869812
YEL011W,YLR155C,0,2.1089852,0.22499999403953552,0.872938871383667,0.3109639883041382
YBL045C,YIL129C,0,2.1084123,0.22494375705718994,0.872938871383667,0.31106430292129517
YLR307W,YJL002C,0,2.1067998,0.22488754987716675,0.872938871383667,0.31116461753845215
YKL035W,YLR002C,0,2.106753,0.22483137249946594,0.872938871383667,0.31126493215560913
YAL001C,YCR033W,0,2.106463,0.22477522492408752,0.872938871383667,0.3113652467727661
YKL071W,YOL021C,0,2.1060824,0.2247191071510315,0.872938871383667,0.3114655315876007
YLL023C,YDR208W,0,2.1048024,0.22466300427913666,0.872938871383667,0.3115658462047577
YOL115W,YKR018C,0,2.1034412,0.2246069312095642,0.872938871383667,0.3116661608219147
YGR074W,YKR039W,0,2.1030254,0.22455090284347534,0.872938871383667,0.31176647543907166
YDR214W,YIR034C,0,2.1020515,0.22449488937854767,0.872938871383667,0.31186679005622864
YDR153C,YDR206W,0,2.1016016,0.22443890571594238,0.872938871383667,0.3119671046733856
YHL009C,YDR255C,0,2.1004214,0.22438295185565948,0.872938871383667,0.3120674192905426
YDL066W,YPR185W,0,2.10009,0.22432701289653778,0.872938871383667,0.3121677339076996
YDL207W,YMR106C,0,2.0993102,0.22427111864089966,0.872938871383667,0.3122680187225342
YBR133C,YGR033C,0,2.097813,0.22421523928642273,0.872938871383667,0.31236833333969116
YDL212W,YDL155W,0,2.095589,0.22415940463542938,0.872938871383667,0.31246864795684814
YIL110W,YER001W,0,2.0937896,0.22410358488559723,0.872938871383667,0.3125689625740051
YDL025C,YGR206W,0,2.0911548,0.22404779493808746,0.872938871383667,0.3126692771911621
YJR044C,YLR089C,0,2.0909097,0.22399203479290009,0.872938871383667,0.3127695918083191
YMR278W,YNL326C,0,2.0907993,0.2239363044500351,0.872938871383667,0.3128699064254761
YCL010C,YCR043C,0,2.089169,0.2238806039094925,0.872938871383667,0.31297022104263306
YOR171C,YDL222C,0,2.08867,0.22382491827011108,0.872938871383667,0.31307050585746765
YDR432W,YHR045W,0,2.0868812,0.22376926243305206,0.872938871383667,0.31317082047462463
YDR394W,YHR128W,0,2.085494,0.22371365129947662,0.872938871383667,0.3132711350917816
YKL071W,YER054C,0,2.0832152,0.22365805506706238,0.872938871383667,0.3133714497089386
YOR149C,YMR083W,0,2.0804255,0.22360248863697052,0.872938871383667,0.3134717643260956
YER119C,YHR072W-A,0,2.0787163,0.22354695200920105,0.872938871383667,0.31357207894325256
YIL040W,YLL032C,0,2.077767,0.22349143028259277,0.872938871383667,0.31367239356040955
YBR077C,YNL083W,0,2.0773163,0.22343595325946808,0.872938871383667,0.31377270817756653
YDL005C,YGL207W,0,2.0770485,0.22338049113750458,0.872938871383667,0.3138729929924011
YDL049C,YMR231W,0,2.0769434,0.22332505881786346,0.872938871383667,0.3139733076095581
YJL092W,YML025C,0,2.0762255,0.22326965630054474,0.872938871383667,0.3140736222267151
YOL016C,YNL152W,0,2.0755165,0.2232142835855484,0.872938871383667,0.31417393684387207
YPL236C,YLR272C,0,2.0753875,0.22315894067287445,0.872938871383667,0.31427425146102905
YDR541C,YMR244C-A,0,2.0745084,0.2231036126613617,0.872938871383667,0.31437456607818604
YKL112W,YFL016C,0,2.0730839,0.22304832935333252,0.872938871383667,0.314474880695343
YOL016C,YNR049C,0,2.0724692,0.22299306094646454,0.872938871383667,0.3145751953125
YFR051C,YKR099C-A,0,2.0723896,0.22293782234191895,0.872938871383667,0.3146754801273346
YLR132C,YGR152C,0,2.0703895,0.22288261353969574,0.872938871383667,0.3147757947444916
YHR115C,YCL030C,0,2.0690696,0.22282743453979492,0.872938871383667,0.31487610936164856
YPL084W,YKL120W,0,2.0681305,0.2227722704410553,0.872938871383667,0.31497642397880554
YMR134W,YIR010W,0,2.0675454,0.22271715104579926,0.872938871383667,0.3150767385959625
YKL027W,YMR113W,0,2.0665104,0.2226620465517044,0.872938871383667,0.3151770532131195
YJL050W,YHR188C,0,2.0664742,0.22260697185993195,0.872938871383667,0.3152773678302765
YIR013C,YHR019C,0,2.0655522,0.22255192697048187,0.872938871383667,0.31537768244743347
YMR135C,YAR014C,0,2.0654159,0.2224969118833542,0.872938871383667,0.31547796726226807
YJL010C,YOL075C,0,2.065378,0.2224419116973877,0.872938871383667,0.31557828187942505
YDR182W,YBR127C,0,2.0650377,0.22238695621490479,0.872938871383667,0.31567859649658203
YJR090C,YML062C,0,2.0649157,0.22233201563358307,0.872938871383667,0.315778911113739
YBL027W,YCR043C,0,2.0647054,0.22227710485458374,0.872938871383667,0.315879225730896
YEL034W,YGL012W,0,2.0646434,0.2222222238779068,0.872938871383667,0.315979540348053
YBR234C,YDR266C,0,2.0640464,0.22216737270355225,0.872938871383667,0.31607985496520996
YKR087C,YMR060C,0,2.0639732,0.2221125364303589,0.872938871383667,0.31618016958236694
YML118W,YHR045W,0,2.0635288,0.22205772995948792,0.872938871383667,0.3162804841995239
YER078C,YOL119C,0,2.0625148,0.22200295329093933,0.872938871383667,0.3163807690143585
YGR195W,YDR293C,0,2.0615551,0.22194820642471313,0.872938871383667,0.3164810836315155
YMR161W,YDR363W,0,2.0609312,0.22189348936080933,0.872938871383667,0.3165813982486725
YOL060C,YOL148C,0,2.0606062,0.2218388020992279,0.872938871383667,0.31668171286582947
YNL099C,YML065W,0,2.058552,0.22178412973880768,0.872938871383667,0.31678202748298645
YML111W,YGR098C,0,2.0575924,0.22172948718070984,0.872938871383667,0.31688234210014343
YNL083W,YIL114C,0,2.0561411,0.2216748744249344,0.872938871383667,0.3169826567173004
YNL075W,YJL113W,0,2.0551393,0.22162029147148132,0.872938871383667,0.3170829713344574
YMR044W,YER075C,0,2.0550845,0.22156573832035065,0.872938871383667,0.317183256149292
YPR061C,YLR274W,0,2.055064,0.22151120007038116,0.872938871383667,0.317283570766449
YCR017C,YOR030W,0,2.053073,0.22145669162273407,0.872938871383667,0.31738388538360596
YDR186C,YPR140W,0,2.0522268,0.22140221297740936,0.872938871383667,0.31748420000076294
YHL020C,YLR035C,0,2.0521526,0.22134776413440704,0.872938871383667,0.3175845146179199
YLR070C,YIL010W,0,2.0511768,0.22129333019256592,0.872938871383667,0.3176848292350769
YMR280C,YBR135W,0,2.0500083,0.22123894095420837,0.872938871383667,0.3177851438522339
YKL188C,YCL038C,0,2.04898,0.22118456661701202,0.872938871383667,0.31788545846939087
YMR309C,YKR029C,0,2.0489714,0.22113022208213806,0.872938871383667,0.31798574328422546
YML007W,YMR244C-A,0,2.0477033,0.2210759073495865,0.872938871383667,0.31808605790138245
YMR030W,YKL167C,0,2.0462306,0.2210216075181961,0.872938871383667,0.31818637251853943
YLR071C,YCR003W,0,2.046203,0.2209673523902893,0.872938871383667,0.3182866871356964
YJL014W,YLR308W,0,2.0461454,0.2209131121635437,0.872938871383667,0.3183870017528534
YGR090W,YIL157C,0,2.0458708,0.22085890173912048,0.872938871383667,0.3184873163700104
YGR096W,YML111W,0,2.0456557,0.22080470621585846,0.872938871383667,0.31858763098716736
YDR043C,YML046W,0,2.0438476,0.22075055539608002,0.872938871383667,0.31868794560432434
YOR077W,YIL017C,0,2.0434337,0.22069641947746277,0.872938871383667,0.31878823041915894
YHR112C,YDR538W,0,2.0426264,0.2206423133611679,0.872938871383667,0.3188885450363159
YDR043C,YOL075C,0,2.0425577,0.22058823704719543,0.872938871383667,0.3189888596534729
YNL064C,YKL160W,0,2.0423179,0.22053417563438416,0.872938871383667,0.3190891742706299
YNL030W,YPL046C,0,2.0418777,0.22048015892505646,0.872938871383667,0.31918948888778687
YDR020C,YPR121W,0,2.0414815,0.22042615711688995,0.872938871383667,0.31928980350494385
YBL084C,YNL257C,0,2.0406551,0.22037218511104584,0.872938871383667,0.31939011812210083
YNL090W,YML075C,0,2.0405226,0.2203182429075241,0.872938871383667,0.3194904327392578
YOR354C,YBR139W,0,2.0392387,0.22026431560516357,0.872938871383667,0.3195907175540924
YBL016W,YDL020C,0,2.038563,0.22021041810512543,0.872938871383667,0.3196910321712494
YBR073W,YLR229C,0,2.0384176,0.22015655040740967,0.872938871383667,0.31979134678840637
YDL064W,YBR204C,0,2.0374672,0.2201027125120163,0.872938871383667,0.31989166140556335
YOL016C,YNL326C,0,2.0374215,0.2200489044189453,0.872938871383667,0.31999197602272034
YMR162C,YOR005C,0,2.0367892,0.21999511122703552,0.872938871383667,0.3200922906398773
YMR113W,YHL020C,0,2.035875,0.21994134783744812,0.872938871383667,0.3201926052570343
YOR197W,YOR295W,0,2.0353992,0.2198876142501831,0.872938871383667,0.3202929198741913
YDR017C,YDL222C,0,2.0348897,0.21983391046524048,0.872938871383667,0.3203932046890259
YHR079C-A,YHR200W,0,2.0348117,0.21978022158145905,0.872938871383667,0.32049351930618286
YDR457W,YLR057W,1,2.0339737,0.219970703125,0.8739088177680969,0.32049351930618286
YFR042W,YPL227C,0,2.0334153,0.21991701424121857,0.8739088177680969,0.32059383392333984
YDR485C,YJR044C,0,2.0332916,0.21986335515975952,0.8739088177680969,0.3206941485404968
YNL139C,YKR003W,0,2.0332367,0.21980971097946167,0.8739088177680969,0.3207944631576538
YKR067W,YDR119W,0,2.0332184,0.2197560966014862,0.8739088177680969,0.3208947777748108
YLR274W,YKL157W,0,2.0316198,0.21970251202583313,0.8739088177680969,0.3209950923919678
YDR450W,YPL008W,0,2.029839,0.21964895725250244,0.8739088177680969,0.32109540700912476
YDR352W,YBR008C,0,2.0289545,0.21959541738033295,0.8739088177680969,0.32119569182395935
YCR083W,YEL047C,0,2.0286798,0.21954190731048584,0.8739088177680969,0.32129600644111633
YLR408C,YOR231W,0,2.0285861,0.21948842704296112,0.8739088177680969,0.3213963210582733
YBR152W,YJR137C,0,2.0269737,0.2194349765777588,0.8739088177680969,0.3214966356754303
YIR033W,YGL012W,0,2.02686,0.21938154101371765,0.8739088177680969,0.3215969502925873
YBR199W,YDR480W,0,2.0262299,0.2193281352519989,0.8739088177680969,0.32169726490974426
YLL039C,YOL077W-A,0,2.0254796,0.21927475929260254,0.8739088177680969,0.32179757952690125
YNL090W,YFL052W,0,2.0253549,0.21922141313552856,0.8739088177680969,0.3218978941440582
YDR182W,YIL010W,0,2.0252109,0.21916808187961578,0.8739088177680969,0.3219982087612152
YPL020C,YGL207W,0,2.0250216,0.2191147804260254,0.8739088177680969,0.3220984935760498
YPL268W,YMR030W,0,2.02501,0.21906150877475739,0.8739088177680969,0.3221988081932068
YGR287C,YDL004W,0,2.0245545,0.21900826692581177,0.8739088177680969,0.32229912281036377
YEL020C,YML062C,0,2.0219235,0.21895503997802734,0.8739088177680969,0.32239943742752075
YLR342W,YOR295W,0,2.0218859,0.2189018428325653,0.8739088177680969,0.32249975204467773
YMR288W,YHR034C,0,2.0215392,0.21884867548942566,0.8739088177680969,0.3226000666618347
YPL009C,YJL139C,0,2.0197854,0.2187955379486084,0.8739088177680969,0.3227003812789917
YDL165W,YDR291W,0,2.0195813,0.21874241530895233,0.8739088177680969,0.3228006958961487
YHR121W,YNR032W,0,2.0192761,0.21868932247161865,0.8739088177680969,0.3229009807109833
YGL210W-A,YKR001C,0,2.0172763,0.21863625943660736,0.8739088177680969,0.32300129532814026
YDR540C,YOL034W,0,2.017273,0.21858321130275726,0.8739088177680969,0.32310160994529724
YGL207W,YGL038C,0,2.014473,0.21853019297122955,0.8739088177680969,0.3232019245624542
YIL049W,YMR113W,0,2.014137,0.21847720444202423,0.8739088177680969,0.3233022391796112
YDR267C,YDR264C,0,2.0139246,0.2184242457151413,0.8739088177680969,0.3234025537967682
YBL036C,YNL087W,0,2.0134306,0.21837130188941956,0.8739088177680969,0.32350286841392517
YDL052C,YIL063C,0,2.0133905,0.2183183878660202,0.8739088177680969,0.32360318303108215
YNR073C,YJL210W,0,2.0124505,0.21826550364494324,0.8739088177680969,0.32370346784591675
YNL315C,YER035W,0,2.0101871,0.21821264922618866,0.8739088177680969,0.32380378246307373
YER125W,YKL213C,1,2.0101707,0.2184019386768341,0.8748787641525269,0.32380378246307373
YGL002W,YHR034C,0,2.0100126,0.21834906935691833,0.8748787641525269,0.3239040970802307
YIR028W,YOR007C,0,2.008822,0.21829622983932495,0.8748787641525269,0.3240044116973877
YMR170C,YNL148C,0,2.0086696,0.21824340522289276,0.8748787641525269,0.3241047263145447
YDR382W,YBR161W,0,2.008501,0.21819061040878296,0.8748787641525269,0.32420504093170166
YER039C,YOR196C,0,2.0077596,0.21813784539699554,0.8748787641525269,0.32430535554885864
YBL102W,YNL030W,0,2.007378,0.21808511018753052,0.8748787641525269,0.3244056701660156
YBL042C,YDL212W,0,2.0036097,0.21803238987922668,0.8748787641525269,0.3245059549808502
YDR519W,YDR156W,0,2.0033493,0.21797969937324524,0.8748787641525269,0.3246062695980072
YMR214W,YOR255W,0,2.0032413,0.21792703866958618,0.8748787641525269,0.3247065842151642
YBL045C,YKL055C,0,2.0030324,0.21787439286708832,0.8748787641525269,0.32480689883232117
YOL146W,YCR003W,0,2.0024185,0.21782177686691284,0.8748787641525269,0.32490721344947815
YBR103W,YPL005W,0,2.002339,0.21776919066905975,0.8748787641525269,0.32500752806663513
YPL055C,YGL044C,0,2.0023346,0.21771663427352905,0.8748787641525269,0.3251078426837921
YMR068W,YIL050W,0,2.0008585,0.21766409277915955,0.8748787641525269,0.3252081573009491
YPR185W,YLL042C,0,2.0002382,0.21761158108711243,0.8748787641525269,0.3253084421157837
YDL002C,YGL065C,0,2.0000749,0.2175590991973877,0.8748787641525269,0.3254087567329407
YJL002C,YML111W,0,1.9995763,0.21750663220882416,0.8748787641525269,0.32550907135009766
YLR307W,YPL057C,0,1.9992917,0.217454195022583,0.8748787641525269,0.32560938596725464
YDL212W,YEL026W,0,1.9983492,0.21740178763866425,0.8748787641525269,0.3257097005844116
YHR115C,YJL177W,0,1.9974217,0.21734939515590668,0.8748787641525269,0.3258100152015686
YGL141W,YDR161W,1,1.997027,0.21753793954849243,0.8758487105369568,0.3258100152015686
YPL084W,YBR227C,1,1.9947767,0.21772639453411102,0.8768185973167419,0.3258100152015686
YKL220C,YDL191W,0,1.9947699,0.21767397224903107,0.8768185973167419,0.3259103298187256
YJR090C,YLR340W,0,1.9947314,0.2176215648651123,0.8768185973167419,0.32601064443588257
YGR096W,YDR255C,0,1.9945333,0.21756918728351593,0.8768185973167419,0.32611092925071716
YOR153W,YDL058W,0,1.9940512,0.21751683950424194,0.8768185973167419,0.32621124386787415
YLR205C,YKL220C,0,1.9936601,0.21746452152729034,0.8768185973167419,0.32631155848503113
YBR056W,YBR244W,0,1.9935399,0.21741221845149994,0.8768185973167419,0.3264118731021881
YPL002C,YKR017C,1,1.9918721,0.21760039031505585,0.8777885437011719,0.3264118731021881
YFL024C,YFR009W,0,1.9912956,0.21754807233810425,0.8777885437011719,0.3265121877193451
YKL091C,YLR070C,0,1.9911275,0.21749579906463623,0.8777885437011719,0.3266125023365021
YOL060C,YJR088C,0,1.9910238,0.2174435406923294,0.8777885437011719,0.32671281695365906
YDL207W,YOL021C,0,1.9903145,0.21739129722118378,0.8777885437011719,0.32681313157081604
YHR187W,YER144C,0,1.9881502,0.21733909845352173,0.8777885437011719,0.326913446187973
YBR229C,YKR099C-A,0,1.9879568,0.21728691458702087,0.8777885437011719,0.3270137310028076
YNL186W,YLR421C,1,1.9878893,0.2174748033285141,0.8787584900856018,0.3270137310028076
YCR079W,YGL257C,0,1.9868362,0.21742260456085205,0.8787584900856018,0.3271140456199646
YHR094C,YDR316W,0,1.9860585,0.2173704355955124,0.8787584900856018,0.3272143602371216
YDL155W,YPL181W,0,1.985557,0.21731829643249512,0.8787584900856018,0.32731467485427856
YLR119W,YKL022C,1,1.985428,0.21750599145889282,0.8797284364700317,0.32731467485427856
YDL194W,YJR161C,0,1.9851615,0.21745385229587555,0.8797284364700317,0.32741498947143555
YMR236W,YEL026W,0,1.9839128,0.21740172803401947,0.8797284364700317,0.32751530408859253
YLR272C,YDR352W,0,1.9827952,0.21734963357448578,0.8797284364700317,0.3276156187057495
YDR184C,YLR013W,0,1.9827285,0.21729755401611328,0.8797284364700317,0.3277159333229065
YBR019C,YHR016C,0,1.9818624,0.21724550426006317,0.8797284364700317,0.3278162181377411
YML001W,YGL054C,0,1.9815239,0.21719348430633545,0.8797284364700317,0.32791653275489807
YBR127C,YGL008C,0,1.9799153,0.21714149415493011,0.8797284364700317,0.32801684737205505
YPR165W,YLR095C,0,1.9786346,0.21708951890468597,0.8797284364700317,0.32811716198921204
YPL242C,YOR336W,0,1.9784482,0.21703757345676422,0.8797284364700317,0.328217476606369
YOL110W,YDR307W,0,1.9784448,0.21698564291000366,0.8797284364700317,0.328317791223526
YHR050W,YBR057C,0,1.9775556,0.2169337421655655,0.8797284364700317,0.328418105840683
YNL169C,YDR051C,0,1.9772674,0.2168818712234497,0.8797284364700317,0.32851842045783997
YIL066C,YCR017C,0,1.9771199,0.2168300300836563,0.8797284364700317,0.32861870527267456
YBL027W,YPL228W,0,1.9740603,0.2167782038450241,0.8797284364700317,0.32871901988983154
YER042W,YGR140W,0,1.9733423,0.2167264074087143,0.8797284364700317,0.3288193345069885
YNL154C,YKL157W,0,1.972993,0.21667462587356567,0.8797284364700317,0.3289196491241455
YEL060C,YDR266C,0,1.9725816,0.21662287414073944,0.8797284364700317,0.3290199637413025
YPL088W,YJL091C,0,1.9724416,0.2165711522102356,0.8797284364700317,0.3291202783584595
YPR025C,YGL179C,0,1.9719626,0.21651946008205414,0.8797284364700317,0.32922059297561646
YMR244C-A,YNL005C,0,1.9717038,0.21646778285503387,0.8797284364700317,0.32932090759277344
YIL031W,YML072C,0,1.9713815,0.216416135430336,0.8797284364700317,0.32942119240760803
YHR019C,YPR004C,0,1.9713581,0.21636450290679932,0.8797284364700317,0.329521507024765
YBR203W,YPL012W,0,1.9712301,0.21631290018558502,0.8797284364700317,0.329621821641922
YOR128C,YDR027C,0,1.9710727,0.21626132726669312,0.8797284364700317,0.329722136259079
YLR148W,YMR106C,0,1.9703456,0.2162097692489624,0.8797284364700317,0.32982245087623596
YDR058C,YPR023C,0,1.9693449,0.21615824103355408,0.8797284364700317,0.32992276549339294
YDR307W,YGR256W,0,1.9692239,0.21610674262046814,0.8797284364700317,0.3300230801105499
YMR283C,YNL220W,0,1.9691894,0.2160552591085434,0.8797284364700317,0.3301233947277069
YGR066C,YLR208W,1,1.9691275,0.2162419557571411,0.8806983232498169,0.3301233947277069
YKR013W,YPL108W,0,1.9691006,0.21619047224521637,0.8806983232498169,0.3302236795425415
YML118W,YGL032C,0,1.968621,0.216139018535614,0.8806983232498169,0.3303239941596985
YGL201C,YJR159W,0,1.9681652,0.21608757972717285,0.8806983232498169,0.33042430877685547
YPL237W,YJL093C,0,1.968127,0.21603617072105408,0.8806983232498169,0.33052462339401245
YPR183W,YOR058C,0,1.9675488,0.2159847766160965,0.8806983232498169,0.33062493801116943
YNL071W,YGL207W,0,1.9670826,0.2159334123134613,0.8806983232498169,0.3307252526283264
YBR280C,YOR197W,1,1.9670825,0.21611982583999634,0.8816682696342468,0.3307252526283264
YBL036C,YMR162C,0,1.9669615,0.21606846153736115,0.8816682696342468,0.3308255672454834
YBL040C,YBR239C,0,1.9654123,0.21601711213588715,0.8816682696342468,0.3309258818626404
YFL016C,YLL023C,0,1.9653661,0.21596579253673553,0.8816682696342468,0.331026166677475
YLR421C,YJR144W,0,1.964807,0.21591448783874512,0.8816682696342468,0.33112648129463196
YHL002W,YDR266C,0,1.964419,0.2158632129430771,0.8816682696342468,0.33122679591178894
YBR203W,YBR077C,0,1.964271,0.21581196784973145,0.8816682696342468,0.3313271105289459
YMR030W,YBL009W,0,1.9635521,0.215760737657547,0.8816682696342468,0.3314274251461029
YGR013W,YLR089C,0,1.9617441,0.21570953726768494,0.8816682696342468,0.3315277397632599
YHR188C,YLR081W,0,1.9611202,0.21565836668014526,0.8816682696342468,0.33162805438041687
YBL084C,YOR256C,1,1.9606507,0.21584440767765045,0.8826382160186768,0.33162805438041687
YHR034C,YGL065C,0,1.9595011,0.21579322218894958,0.8826382160186768,0.33172836899757385
YNL254C,YOR058C,0,1.9588495,0.2157420516014099,0.8826382160186768,0.33182868361473083
YJL137C,YER160C,0,1.9587166,0.21569092571735382,0.8826382160186768,0.33192896842956543
YMR202W,YNL088W,0,1.957888,0.21563981473445892,0.8826382160186768,0.3320292830467224
YOR056C,YGL207W,0,1.95662,0.21558871865272522,0.8826382160186768,0.3321295976638794
YFL009W,YOL089C,0,1.9562492,0.2155376672744751,0.8826382160186768,0.3322299122810364
YDR338C,YLR077W,0,1.9559677,0.21548661589622498,0.8826382160186768,0.33233022689819336
YER124C,YNL220W,0,1.9557804,0.21543560922145844,0.8826382160186768,0.33243054151535034
YDR432W,YDR484W,0,1.9542043,0.2153846174478531,0.8826382160186768,0.3325308561325073
YCR073C,YIL129C,0,1.9540502,0.21533365547657013,0.8826382160186768,0.3326311707496643
YBR203W,YKL055C,0,1.9528819,0.21528270840644836,0.8826382160186768,0.3327314555644989
YNR023W,YMR029C,0,1.9526327,0.215231791138649,0.8826382160186768,0.3328317701816559
YKL113C,YPR023C,0,1.9518454,0.2151808887720108,0.8826382160186768,0.33293208479881287
YKL071W,YMR052W,0,1.9511197,0.215130016207695,0.8826382160186768,0.33303239941596985
YGR087C,YAL009W,0,1.9510505,0.2150791734457016,0.8826382160186768,0.33313271403312683
YCL043C,YJR017C,1,1.950412,0.21526464819908142,0.8836081624031067,0.33313271403312683
YHR034C,YNL326C,0,1.9503026,0.21521379053592682,0.8836081624031067,0.3332330286502838
YKL133C,YOR249C,1,1.9502752,0.2153991460800171,0.8845781087875366,0.3332330286502838
YNL154C,YDR409W,0,1.9495907,0.2153482884168625,0.8845781087875366,0.3333333432674408
YKL096W,YIL103W,0,1.9491527,0.21529744565486908,0.8845781087875366,0.3334336578845978
YNL083W,YDR255C,0,1.9480393,0.21524663269519806,0.8845781087875366,0.3335339426994324
YDL005C,YDL214C,0,1.9469621,0.21519584953784943,0.8845781087875366,0.33363425731658936
YER019W,YGL181W,0,1.9463687,0.215145081281662,0.8845781087875366,0.33373457193374634
YKL152C,YOR007C,0,1.9458761,0.21509434282779694,0.8845781087875366,0.3338348865509033
YLR148W,YPR121W,0,1.9454745,0.21504361927509308,0.8845781087875366,0.3339352011680603
YPL152W,YIR028W,0,1.9449807,0.2149929255247116,0.8845781087875366,0.3340355157852173
YKL107W,YDR043C,0,1.9448348,0.21494226157665253,0.8845781087875366,0.33413583040237427
YLR388W,YOR231W,0,1.9436563,0.21489161252975464,0.8845781087875366,0.33423614501953125
YDR057W,YNL116W,1,1.9434923,0.21507656574249268,0.8855479955673218,0.33423614501953125
YBL005W-A,YBL003C,0,1.9420677,0.2150259017944336,0.8855479955673218,0.33433642983436584
YPR103W,YPL072W,1,1.9418495,0.21521073579788208,0.8865179419517517,0.33433642983436584
YDR016C,YGL145W,0,1.9398375,0.215160071849823,0.8865179419517517,0.3344367444515228
YAR050W,YDR314C,0,1.9371512,0.2151094377040863,0.8865179419517517,0.3345370590686798
YPL046C,YER143W,1,1.9364889,0.21529412269592285,0.8874878883361816,0.3345370590686798
YNL154C,YDR147W,0,1.9364388,0.21524347364902496,0.8874878883361816,0.3346373736858368
YHR083W,YGL029W,0,1.9359858,0.21519285440444946,0.8874878883361816,0.3347376883029938
YOL089C,YLL054C,0,1.9338529,0.21514225006103516,0.8874878883361816,0.33483800292015076
YLR423C,YGL002W,0,1.9307977,0.21509167551994324,0.8874878883361816,0.33493831753730774
YIL097W,YKR025W,0,1.9299841,0.2150411307811737,0.8874878883361816,0.3350386321544647
YER026C,YFL022C,0,1.929827,0.21499060094356537,0.8874878883361816,0.3351389169692993
YPL268W,YDL126C,0,1.9291828,0.21494010090827942,0.8874878883361816,0.3352392315864563
YMR288W,YMR116C,0,1.9291708,0.21488961577415466,0.8874878883361816,0.3353395462036133
YGL017W,YBR253W,0,1.9286348,0.2148391604423523,0.8874878883361816,0.33543986082077026
YBR228W,YMR291W,0,1.9279916,0.21478873491287231,0.8874878883361816,0.33554017543792725
YCR027C,YDR506C,0,1.9253436,0.21473832428455353,0.8874878883361816,0.33564049005508423
YKR087C,YJL047C,1,1.9245739,0.21492257714271545,0.8884578347206116,0.33564049005508423
YPR082C,YDL025C,0,1.9244887,0.21487215161323547,0.8884578347206116,0.3357408046722412
YGR013W,YLR453C,0,1.9236844,0.21482177078723907,0.8884578347206116,0.3358411192893982
YHR166C,YDR255C,1,1.922569,0.21500585973262787,0.8894277215003967,0.3358411192893982
YDL193W,YPL053C,0,1.9225687,0.21495546400547028,0.8894277215003967,0.3359414041042328
YBR132C,YCR008W,0,1.9223022,0.21490508317947388,0.8894277215003967,0.33604171872138977
YJL116C,YDL188C,0,1.9212905,0.21485473215579987,0.8894277215003967,0.33614203333854675
YGR257C,YLR225C,0,1.9209101,0.21480441093444824,0.8894277215003967,0.33624234795570374
YDL232W,YDR541C,0,1.9194237,0.2147541046142578,0.8894277215003967,0.3363426625728607
YML014W,YPL108W,0,1.9183664,0.21470381319522858,0.8894277215003967,0.3364429771900177
YDR006C,YNL139C,0,1.9178433,0.21465355157852173,0.8894277215003967,0.3365432918071747
YMR030W,YOR005C,0,1.9176227,0.21460331976413727,0.8894277215003967,0.33664360642433167
YJL177W,YNR036C,0,1.9166489,0.2145531177520752,0.8894277215003967,0.33674389123916626
YOL115W,YGR033C,0,1.9163207,0.21450293064117432,0.8894277215003967,0.33684420585632324
YGR059W,YMR251W-A,0,1.9149683,0.21445275843143463,0.8894277215003967,0.3369445204734802
YDR432W,YBR019C,0,1.9144313,0.21440261602401733,0.8894277215003967,0.3370448350906372
YLR166C,YML062C,0,1.9141273,0.21435250341892242,0.8894277215003967,0.3371451497077942
YML130C,YDR255C,0,1.9140748,0.2143024057149887,0.8894277215003967,0.33724546432495117
YCR023C,YBR139W,0,1.9139574,0.21425233781337738,0.8894277215003967,0.33734577894210815
YPL170W,YHR102W,0,1.9134105,0.21420228481292725,0.8894277215003967,0.33744609355926514
YMR236W,YNL106C,0,1.9130602,0.2141522616147995,0.8894277215003967,0.3375464081764221
YCR068W,YBR171W,0,1.9122458,0.21410226821899414,0.8894277215003967,0.3376466929912567
YHR043C,YGL179C,0,1.9111955,0.21405228972434998,0.8894277215003967,0.3377470076084137
YML110C,YGL254W,0,1.910938,0.2140023410320282,0.8894277215003967,0.3378473222255707
YDL212W,YOR030W,0,1.9088043,0.21395240724086761,0.8894277215003967,0.33794763684272766
YAL009W,YPL270W,0,1.9078982,0.21390250325202942,0.8894277215003967,0.33804795145988464
YAL061W,YNR075W,0,1.9077619,0.21385261416435242,0.8894277215003967,0.3381482660770416
YEL034W,YBR288C,0,1.9070601,0.2138027548789978,0.8894277215003967,0.3382485806941986
YDR118W,YPL046C,1,1.9067972,0.21398600935935974,0.8903976678848267,0.3382485806941986
YML019W,YDL058W,0,1.9065094,0.21393615007400513,0.8903976678848267,0.3383488953113556
YDR484W,YGL153W,0,1.9061284,0.2138863056898117,0.8903976678848267,0.3384491801261902
YOR371C,YPR094W,0,1.9060012,0.21383647620677948,0.8903976678848267,0.33854949474334717
YCR089W,YGR041W,0,1.9058595,0.21378667652606964,0.8903976678848267,0.33864980936050415
YFL050C,YML029W,0,1.9058286,0.2137369066476822,0.8903976678848267,0.33875012397766113
YHR187W,YEL034W,0,1.9057273,0.21368715167045593,0.8903976678848267,0.3388504385948181
YPR121W,YPL124W,0,1.9013233,0.21363742649555206,0.8903976678848267,0.3389507532119751
YHR003C,YKL012W,0,1.9009076,0.2135877162218094,0.8903976678848267,0.3390510678291321
YEL004W,YNL152W,0,1.899375,0.2135380357503891,0.8903976678848267,0.33915138244628906
YPL020C,YKL160W,0,1.8985097,0.21348837018013,0.8903976678848267,0.33925166726112366
YPR023C,YBR152W,0,1.8973737,0.2134387344121933,0.8903976678848267,0.33935198187828064
YFL055W,YHR178W,0,1.8969616,0.21338912844657898,0.8903976678848267,0.3394522964954376
YFL044C,YLR057W,1,1.8963425,0.2135719209909439,0.8913676142692566,0.3394522964954376
YNL139C,YDR331W,0,1.8957357,0.2135223001241684,0.8913676142692566,0.3395526111125946
YBR019C,YLR405W,0,1.895021,0.21347270905971527,0.8913676142692566,0.3396529257297516
YFR046C,YPL081W,0,1.8941027,0.21342313289642334,0.8913676142692566,0.33975324034690857
YDR210W,YGR092W,0,1.8940496,0.2133735716342926,0.8913676142692566,0.33985355496406555
YGR186W,YGL043W,0,1.8940065,0.21332405507564545,0.8913676142692566,0.33995386958122253
YER183C,YPR185W,0,1.8938739,0.2132745385169983,0.8913676142692566,0.34005415439605713
YGL032C,YJL160C,0,1.8931185,0.21322505176067352,0.8913676142692566,0.3401544690132141
YNL037C,YGL097W,0,1.8930417,0.21317559480667114,0.8913676142692566,0.3402547836303711
YBL050W,YJR067C,0,1.8917172,0.21312615275382996,0.8913676142692566,0.3403550982475281
YGR163W,YHR102W,0,1.8907473,0.21307674050331116,0.8913676142692566,0.34045541286468506
YPL009C,YPR185W,0,1.8905703,0.21302735805511475,0.8913676142692566,0.34055572748184204
YLR372W,YPR052C,0,1.8896776,0.21297799050807953,0.8913676142692566,0.340656042098999
YHR019C,YOL058W,0,1.8890932,0.2129286378622055,0.8913676142692566,0.340756356716156
YNL088W,YCR023C,0,1.8884137,0.21287931501865387,0.8913676142692566,0.3408566415309906
YKL213C,YMR030W,0,1.8882699,0.21283000707626343,0.8913676142692566,0.3409569561481476
YLR342W,YMR067C,0,1.8882419,0.21278072893619537,0.8913676142692566,0.34105727076530457
YDR191W,YJL159W,0,1.8875362,0.2127314805984497,0.8913676142692566,0.34115758538246155
YJR047C,YOR017W,0,1.8866088,0.21268224716186523,0.8913676142692566,0.34125789999961853
YGR038W,YOL075C,0,1.8856971,0.21263304352760315,0.8913676142692566,0.3413582146167755
YLR297W,YGL043W,0,1.8855929,0.21258385479450226,0.8913676142692566,0.3414585292339325
YGR038W,YFR028C,0,1.8850012,0.21253469586372375,0.8913676142692566,0.3415588438510895
YHR063C,YJL160C,0,1.884626,0.21248555183410645,0.8913676142692566,0.3416591286659241
YLR423C,YNL186W,0,1.8841733,0.21243643760681152,0.8913676142692566,0.34175944328308105
YNR032W,YNL097C,0,1.8829167,0.2123873382806778,0.8913676142692566,0.34185975790023804
YOR196C,YKL208W,0,1.8826575,0.21233826875686646,0.8913676142692566,0.341960072517395
YJL010C,YGL254W,0,1.882422,0.2122892141342163,0.8913676142692566,0.342060387134552
YHL002W,YPR004C,0,1.8815122,0.21224018931388855,0.8913676142692566,0.342160701751709
YLR369W,YPR101W,0,1.8802146,0.21219117939472198,0.8913676142692566,0.34226101636886597
YGL121C,YOL075C,0,1.8801796,0.2121421992778778,0.8913676142692566,0.34236133098602295
YKL027W,YPL084W,0,1.8792086,0.21209323406219482,0.8913676142692566,0.34246164560317993
YIL067C,YDL222C,0,1.8787215,0.21204429864883423,0.8913676142692566,0.3425619304180145
YLR320W,YOR022C,0,1.877317,0.21199539303779602,0.8913676142692566,0.3426622450351715
YDR073W,YCR048W,0,1.8770354,0.2119464874267578,0.8913676142692566,0.3427625596523285
YDL193W,YNL058C,0,1.876333,0.21189762651920319,0.8913676142692566,0.3428628742694855
YGR183C,YPL158C,0,1.8744868,0.21184878051280975,0.8913676142692566,0.34296318888664246
YDR202C,YGL210W-A,0,1.8722167,0.21179994940757751,0.8913676142692566,0.34306350350379944
YGL011C,YLR368W,1,1.8720348,0.21198156476020813,0.8923375606536865,0.34306350350379944
YGR108W,YKL127W,0,1.8694057,0.2119327336549759,0.8923375606536865,0.3431638181209564
YGL043W,YGR277C,0,1.8692049,0.21188391745090485,0.8923375606536865,0.3432641327381134
YPL009C,YPL181W,0,1.8689084,0.2118351310491562,0.8923375606536865,0.343364417552948
YLR057W,YNL230C,1,1.8658742,0.21201656758785248,0.8933074474334717,0.343364417552948
YOL119C,YLR319C,0,1.8654926,0.21196778118610382,0.8933074474334717,0.343464732170105
YJL160C,YCR043C,0,1.8654574,0.21191900968551636,0.8933074474334717,0.34356504678726196
YGR023W,YNL097C,0,1.8636243,0.2118702530860901,0.8933074474334717,0.34366536140441895
YPL052W-A,YLR207W,1,1.8623044,0.21205151081085205,0.8942773938179016,0.34366536140441895
YDL066W,YJL036W,0,1.8615336,0.21200275421142578,0.8942773938179016,0.3437656760215759
YOR128C,YJL113W,0,1.857205,0.2119540274143219,0.8942773938179016,0.3438659906387329
YMR079W,YPL249C,0,1.8566492,0.2119053155183792,0.8942773938179016,0.3439663052558899
YBR201W,YJL020C,0,1.8563108,0.21185661852359772,0.8942773938179016,0.3440666198730469
YBR070C,YKR018C,0,1.8558755,0.2118079513311386,0.8942773938179016,0.34416690468788147
YBR019C,YNL093W,0,1.8557651,0.2117592990398407,0.8942773938179016,0.34426721930503845
YGR028W,YNL067W,0,1.8552246,0.21171067655086517,0.8942773938179016,0.34436753392219543
YPL170W,YBR288C,0,1.8544979,0.21166206896305084,0.8942773938179016,0.3444678485393524
YKL112W,YBR244W,0,1.8544416,0.2116134911775589,0.8942773938179016,0.3445681631565094
YDR182W,YJL204C,0,1.8539019,0.21156494319438934,0.8942773938179016,0.3446684777736664
YDR214W,YKR025W,0,1.8537419,0.21151641011238098,0.8942773938179016,0.34476879239082336
YDR333C,YDR219C,1,1.853061,0.21169725060462952,0.8952473402023315,0.34476879239082336
YNL088W,YFL034C-B,0,1.8529186,0.21164870262145996,0.8952473402023315,0.34486910700798035
YGL002W,YPR079W,0,1.8522636,0.2116001844406128,0.8952473402023315,0.34496939182281494
YLR406C,YDR541C,0,1.8510698,0.21155168116092682,0.8952473402023315,0.3450697064399719
YDL049C,YBR199W,0,1.8510444,0.21150320768356323,0.8952473402023315,0.3451700210571289
YJL177W,YNL124W,0,1.8498518,0.21145474910736084,0.8952473402023315,0.3452703356742859
YGR256W,YGR289C,0,1.8490138,0.21140632033348083,0.8952473402023315,0.34537065029144287
YPL132W,YHR003C,0,1.8483831,0.21135790646076202,0.8952473402023315,0.34547096490859985
YBR234C,YDL104C,0,1.8480306,0.2113095223903656,0.8952473402023315,0.34557127952575684
YER018C,YHR045W,0,1.8474419,0.21126115322113037,0.8952473402023315,0.3456715941429138
YOR144C,YJR064W,0,1.8467325,0.21121281385421753,0.8952473402023315,0.3457718789577484
YPL016W,YDL132W,0,1.8442459,0.21116448938846588,0.8952473402023315,0.3458721935749054
YHR050W,YBL009W,0,1.842941,0.21111619472503662,0.8952473402023315,0.3459725081920624
YHR191C,YKR080W,0,1.8425109,0.21106791496276855,0.8952473402023315,0.34607282280921936
YBR103W,YLR210W,0,1.8425106,0.21101966500282288,0.8952473402023315,0.34617313742637634
YGR275W,YJL076W,0,1.8418148,0.2109714299440384,0.8952473402023315,0.3462734520435333
YMR268C,YER094C,0,1.8413455,0.2109232246875763,0.8952473402023315,0.3463737666606903
YNR056C,YDR155C,0,1.8411242,0.2108750343322754,0.8952473402023315,0.3464740812778473
YGL124C,YDL178W,0,1.8406591,0.21082685887813568,0.8952473402023315,0.3465743660926819
YOL137W,YGR163W,0,1.8387523,0.21077871322631836,0.8952473402023315,0.34667468070983887
YCR023C,YML014W,0,1.8385042,0.21073059737682343,0.8952473402023315,0.34677499532699585
YIR028W,YOR005C,0,1.8369241,0.21068249642848969,0.8952473402023315,0.34687530994415283
YGR275W,YJL210W,0,1.8367853,0.21063441038131714,0.8952473402023315,0.3469756245613098
YOL027C,YLR133W,0,1.8355411,0.21058635413646698,0.8952473402023315,0.3470759391784668
YML130C,YIL103W,0,1.835253,0.2105383276939392,0.8952473402023315,0.3471762537956238
YBR132C,YOR144C,0,1.8348839,0.21049030125141144,0.8952473402023315,0.34727656841278076
YGR203W,YBR179C,0,1.8347356,0.21044231951236725,0.8952473402023315,0.34737688302993774
YCR079W,YBR154C,0,1.8346307,0.21039435267448425,0.8952473402023315,0.34747716784477234
YGL245W,YDR331W,0,1.8341738,0.21034640073776245,0.8952473402023315,0.3475774824619293
YIL162W,YIL110W,0,1.833961,0.21029847860336304,0.8952473402023315,0.3476777970790863
YEL046C,YKL073W,0,1.8331885,0.21025057137012482,0.8952473402023315,0.3477781116962433
YGR186W,YML046W,0,1.8325386,0.21020269393920898,0.8952473402023315,0.34787842631340027
YKR098C,YGL240W,1,1.8314915,0.21038250625133514,0.8962172865867615,0.34787842631340027
YLR070C,YER166W,0,1.8311411,0.2103346288204193,0.8962172865867615,0.34797874093055725
YFL024C,YOR083W,0,1.8308182,0.21028675138950348,0.8962172865867615,0.34807905554771423
YKR092C,YMR083W,0,1.829447,0.21023890376091003,0.8962172865867615,0.3481793701648712
YMR189W,YGR256W,0,1.8285801,0.21019108593463898,0.8962172865867615,0.3482796549797058
YNL186W,YDR538W,0,1.8285491,0.2101432830095291,0.8962172865867615,0.3483799695968628
YDL193W,YIL049W,0,1.8283219,0.21009549498558044,0.8962172865867615,0.3484802842140198
YLR132C,YDR519W,0,1.8271728,0.21004773676395416,0.8962172865867615,0.34858059883117676
YDR104C,YHR050W,0,1.8254441,0.20999999344348907,0.8962172865867615,0.34868091344833374
YGR003W,YMR161W,1,1.8254199,0.21017950773239136,0.8971871733665466,0.34868091344833374
YCR028C-A,YJL210W,0,1.8254025,0.21013176441192627,0.8971871733665466,0.3487812280654907
YNL323W,YDL188C,0,1.8247747,0.21008403599262238,0.8971871733665466,0.3488815426826477
YJL204C,YDR477W,0,1.8243454,0.21003633737564087,0.8971871733665466,0.3489818572998047
YBL019W,YDL161W,0,1.8239763,0.20998865365982056,0.8971871733665466,0.3490821421146393
YJL123C,YDR097C,0,1.8235186,0.20994098484516144,0.8971871733665466,0.34918245673179626
YDR333C,YPL176C,1,1.8230888,0.21012026071548462,0.8981571197509766,0.34918245673179626
YLL036C,YNL326C,0,1.8228657,0.2100725919008255,0.8981571197509766,0.34928277134895325
YPR065W,YCR043C,0,1.8224194,0.21002495288848877,0.8981571197509766,0.34938308596611023
YPL029W,YJR017C,0,1.8218491,0.20997732877731323,0.8981571197509766,0.3494834005832672
YAL014C,YJL076W,0,1.8215368,0.2099297195672989,0.8981571197509766,0.3495837152004242
YPL190C,YHR032W,0,1.8206751,0.20988214015960693,0.8981571197509766,0.3496840298175812
YLR132C,YLR388W,0,1.8200665,0.20983457565307617,0.8981571197509766,0.34978434443473816
YIL127C,YJL118W,0,1.8198721,0.2097870409488678,0.8981571197509766,0.34988462924957275
YCR079W,YML001W,0,1.8191702,0.20973952114582062,0.8981571197509766,0.34998494386672974
YML064C,YDL104C,0,1.8173184,0.20969203114509583,0.8981571197509766,0.3500852584838867
YOL016C,YNL134C,0,1.8170042,0.20964455604553223,0.8981571197509766,0.3501855731010437
YHR178W,YBR154C,0,1.8161621,0.20959709584712982,0.8981571197509766,0.3502858877182007
YGR013W,YLL054C,0,1.8161159,0.2095496654510498,0.8981571197509766,0.35038620233535767
YIR022W,YGL179C,0,1.8155874,0.20950226485729218,0.8981571197509766,0.35048651695251465
YGR247W,YOR073W,0,1.8153725,0.20945487916469574,0.8981571197509766,0.35058683156967163
YMR288W,YPR022C,0,1.8150494,0.2094075083732605,0.8981571197509766,0.3506871163845062
YGR257C,YIL105C,0,1.8144587,0.20936016738414764,0.8981571197509766,0.3507874310016632
YBR203W,YBR139W,0,1.8130369,0.20931284129619598,0.8981571197509766,0.3508877456188202
YPL190C,YKL211C,0,1.8129104,0.20926553010940552,0.8981571197509766,0.3509880602359772
YBL105C,YDL092W,0,1.8125434,0.20921824872493744,0.8981571197509766,0.35108837485313416
YDR104C,YJL137C,0,1.8124659,0.20917099714279175,0.8981571197509766,0.35118868947029114
YPL118W,YEL047C,0,1.812134,0.20912376046180725,0.8981571197509766,0.3512890040874481
YOR361C,YOR360C,0,1.8107123,0.20907653868198395,0.8981571197509766,0.3513893187046051
YDL232W,YKL152C,0,1.8098962,0.20902934670448303,0.8981571197509766,0.3514896035194397
YPL275W,YBL003C,0,1.8093024,0.2089821696281433,0.8981571197509766,0.3515899181365967
YMR293C,YLR408C,0,1.8092387,0.20893502235412598,0.8981571197509766,0.35169023275375366
YNL064C,YHR107C,0,1.8092324,0.20888788998126984,0.8981571197509766,0.35179054737091064
YNL071W,YEL055C,0,1.8091398,0.2088407725095749,0.8981571197509766,0.3518908619880676
YMR189W,YEL020C,0,1.8090056,0.20879368484020233,0.8981571197509766,0.3519911766052246
YHL009C,YGL065C,0,1.8074495,0.20874661207199097,0.8981571197509766,0.3520914912223816
YLL054C,YBR014C,0,1.8065398,0.208699569106102,0.8981571197509766,0.3521918058395386
YDR266C,YOR010C,0,1.8056909,0.2086525410413742,0.8981571197509766,0.35229209065437317
YOR205C,YER074W-A,0,1.8055718,0.2086055427789688,0.8981571197509766,0.35239240527153015
YDR073W,YOR149C,0,1.8049635,0.2085585594177246,0.8981571197509766,0.35249271988868713
YBR171W,YER157W,0,1.8032824,0.2085115909576416,0.8981571197509766,0.3525930345058441
YDR358W,YPL072W,1,1.8029441,0.20868977904319763,0.8991270661354065,0.3525930345058441
YHL009C,YML069W,0,1.8028457,0.20864281058311462,0.8991270661354065,0.3526933491230011
YOR144C,YJL093C,0,1.8025088,0.2085958570241928,0.8991270661354065,0.3527936637401581
YCR066W,YHR098C,0,1.8002813,0.20854893326759338,0.8991270661354065,0.35289397835731506
YDR506C,YGL054C,0,1.8000679,0.20850202441215515,0.8991270661354065,0.35299429297447205
YBR018C,YJR129C,0,1.7991564,0.2084551453590393,0.8991270661354065,0.35309460759162903
YJL210W,YKL137W,0,1.7990006,0.20840826630592346,0.8991270661354065,0.3531948924064636
YBR253W,YMR216C,0,1.7987471,0.2083614319562912,0.8991270661354065,0.3532952070236206
YGR192C,YGR207C,0,1.7975104,0.20831461250782013,0.8991270661354065,0.3533955216407776
YBR258C,YFL055W,0,1.7973578,0.20826780796051025,0.8991270661354065,0.35349583625793457
YJR105W,YAR071W,0,1.7961564,0.20822101831436157,0.8991270661354065,0.35359615087509155
YBR068C,YBL101C,0,1.7961129,0.20817425847053528,0.8991270661354065,0.35369646549224854
YJR113C,YGR013W,0,1.7958552,0.20812752842903137,0.8991270661354065,0.3537967801094055
YBR084C-A,YER094C,0,1.7951503,0.20808081328868866,0.8991270661354065,0.3538970947265625
YIL091C,YLR135W,0,1.7945085,0.20803411304950714,0.8991270661354065,0.3539973795413971
YDL044C,YDR409W,0,1.7938962,0.207987442612648,0.8991270661354065,0.3540976941585541
YMR011W,YBL066C,0,1.7938242,0.20794078707695007,0.8991270661354065,0.35419800877571106
YJL137C,YNL327W,0,1.793561,0.20789414644241333,0.8991270661354065,0.35429832339286804
YGR203W,YNL312W,0,1.7926656,0.20784753561019897,0.8991270661354065,0.354398638010025
YMR236W,YHR018C,0,1.7911391,0.2078009396791458,0.8991270661354065,0.354498952627182
YGR121C,YOR100C,0,1.7908179,0.20775437355041504,0.8991270661354065,0.354599267244339
YKL027W,YML026C,0,1.79069,0.20770782232284546,0.8991270661354065,0.35469958186149597
YBR221C,YBR004C,0,1.7888256,0.20766128599643707,0.8991270661354065,0.35479986667633057
YIR008C,YBR110W,0,1.7878183,0.20761477947235107,0.8991270661354065,0.35490018129348755
YKR018C,YLR022C,0,1.7869754,0.20756828784942627,0.8991270661354065,0.35500049591064453
YKL188C,YPL158C,0,1.786113,0.20752182602882385,0.8991270661354065,0.3551008105278015
YHR091C,YDR163W,0,1.7847236,0.20747537910938263,0.8991270661354065,0.3552011251449585
YKR098C,YNL230C,1,1.784414,0.2076527178287506,0.9000970125198364,0.3552011251449585
YCR033W,YDR001C,0,1.7842139,0.2076062709093094,0.9000970125198364,0.3553014397621155
YHR188C,YML075C,0,1.7840734,0.20755982398986816,0.9000970125198364,0.35540175437927246
YPL190C,YBR204C,0,1.783566,0.20751342177391052,0.9000970125198364,0.35550206899642944
YLR342W,YJL137C,0,1.7827687,0.20746701955795288,0.9000970125198364,0.35560235381126404
YOR083W,YML058W,0,1.7824588,0.20742064714431763,0.9000970125198364,0.355702668428421
YJL139C,YMR214W,0,1.7820654,0.20737430453300476,0.9000970125198364,0.355802983045578
YGL234W,YDL122W,0,1.7816333,0.2073279768228531,0.9000970125198364,0.355903297662735
YLR138W,YER169W,0,1.7806463,0.2072816640138626,0.9000970125198364,0.35600361227989197
YBR019C,YNR075W,0,1.7797239,0.20723536610603333,0.9000970125198364,0.35610392689704895
YOR117W,YLR368W,1,1.7792897,0.20741236209869385,0.9010668992996216,0.35610392689704895
YOL097C,YML029W,0,1.779081,0.20736606419086456,0.9010668992996216,0.35620424151420593
YLR144C,YIR034C,0,1.7776532,0.20731979608535767,0.9010668992996216,0.3563045561313629
YKL125W,YLL023C,0,1.777646,0.20727354288101196,0.9010668992996216,0.3564048409461975
YGR192C,YLR216C,0,1.7755036,0.20722730457782745,0.9010668992996216,0.3565051555633545
YGR227W,YNL083W,0,1.7752944,0.20718108117580414,0.9010668992996216,0.3566054701805115
YDR348C,YMR052W,0,1.7750363,0.2071348875761032,0.9010668992996216,0.35670578479766846
YKR086W,YDR037W,0,1.7747339,0.20708872377872467,0.9010668992996216,0.35680609941482544
YGR133W,YDR142C,0,1.7746139,0.20704255998134613,0.9010668992996216,0.3569064140319824
YDL214C,YNL148C,0,1.7738256,0.20699644088745117,0.9010668992996216,0.3570067286491394
YGR152C,YNL030W,0,1.7734898,0.2069503217935562,0.9010668992996216,0.3571070432662964
YDR210W,YKL167C,0,1.7732053,0.20690423250198364,0.9010668992996216,0.357207328081131
YIR003W,YCR088W,0,1.7724483,0.20685815811157227,0.9010668992996216,0.35730764269828796
YJL073W,YJL047C,1,1.7723898,0.20703472197055817,0.9020368456840515,0.35730764269828796
YBR135W,YDL191W,0,1.7715933,0.2069886475801468,0.9020368456840515,0.35740795731544495
YFL007W,YBR227C,1,1.7707175,0.20716510713100433,0.9030067920684814,0.35740795731544495
YIL066C,YNR075W,0,1.7691365,0.20711901783943176,0.9030067920684814,0.35750827193260193
YHR176W,YOR198C,0,1.7679628,0.20707295835018158,0.9030067920684814,0.3576085865497589
YOL097C,YML072C,0,1.7673856,0.2070269137620926,0.9030067920684814,0.3577089011669159
YHR115C,YML065W,0,1.7659485,0.2069808840751648,0.9030067920684814,0.3578092157840729
YHR121W,YPL072W,0,1.7657855,0.2069348692893982,0.9030067920684814,0.35790953040122986
YKL184W,YHR019C,0,1.7656955,0.20688888430595398,0.9030067920684814,0.35800984501838684
YKL092C,YBR008C,0,1.765125,0.20684292912483215,0.9030067920684814,0.35811012983322144
YML046W,YGR067C,0,1.7649083,0.20679697394371033,0.9030067920684814,0.3582104444503784
YER078C,YLR027C,0,1.764709,0.2067510485649109,0.9030067920684814,0.3583107590675354
YPL088W,YGR231C,0,1.7644264,0.20670515298843384,0.9030067920684814,0.3584110736846924
YNL113W,YDR208W,0,1.7639968,0.20665927231311798,0.9030067920684814,0.35851138830184937
YAL009W,YGL044C,0,1.7637727,0.20661340653896332,0.9030067920684814,0.35861170291900635
YBL036C,YFL055W,0,1.7632923,0.20656755566596985,0.9030067920684814,0.35871201753616333
YPL053C,YDR354W,0,1.7631041,0.20652173459529877,0.9030067920684814,0.3588123321533203
YBL102W,YER065C,0,1.762701,0.20647594332695007,0.9030067920684814,0.3589126169681549
YMR164C,YMR291W,0,1.7611974,0.20643015205860138,0.9030067920684814,0.3590129315853119
YMR135C,YPR140W,0,1.7603523,0.20638439059257507,0.9030067920684814,0.35911324620246887
YBR236C,YOL021C,0,1.7594161,0.20633865892887115,0.9030067920684814,0.35921356081962585
YDR006C,YGL133W,0,1.7588707,0.20629292726516724,0.9030067920684814,0.35931387543678284
YCR071C,YPL046C,0,1.7570547,0.2062472254037857,0.9030067920684814,0.3594141900539398
YGL079W,YDR156W,0,1.7569351,0.20620155334472656,0.9030067920684814,0.3595145046710968
YIL049W,YER004W,0,1.7568133,0.2061558961868286,0.9030067920684814,0.3596148192882538
YOL091W,YDR147W,0,1.7555217,0.20611025393009186,0.9030067920684814,0.3597151041030884
YKL107W,YOR367W,0,1.7528757,0.2060646265745163,0.9030067920684814,0.35981541872024536
YHR121W,YPR164W,0,1.7496197,0.20601902902126312,0.9030067920684814,0.35991573333740234
YOR312C,YLR421C,0,1.7494111,0.20597344636917114,0.9030067920684814,0.3600160479545593
YLR388W,YML072C,0,1.749111,0.20592789351940155,0.9030067920684814,0.3601163625717163
YBR057C,YOR197W,0,1.7489848,0.20588235557079315,0.9030067920684814,0.3602166771888733
YDL194W,YDL214C,0,1.7488321,0.20583683252334595,0.9030067920684814,0.3603169918060303
YER026C,YIL157C,0,1.7488283,0.20579133927822113,0.9030067920684814,0.36041730642318726
YHR045W,YOR153W,0,1.7486998,0.2057458609342575,0.9030067920684814,0.36051759123802185
YIL091C,YKL163W,0,1.7478591,0.20570039749145508,0.9030067920684814,0.36061790585517883
YPR104C,YCR073C,0,1.7477405,0.20565496385097504,0.9030067920684814,0.3607182204723358
YOL039W,YKL152C,0,1.747467,0.2056095451116562,0.9030067920684814,0.3608185350894928
YHR188C,YGR172C,0,1.7469511,0.20556414127349854,0.9030067920684814,0.3609188497066498
YER039C,YOL008W,0,1.746281,0.20551876723766327,0.9030067920684814,0.36101916432380676
YOR149C,YML118W,0,1.7457061,0.2054734081029892,0.9030067920684814,0.36111947894096375
YGR074W,YML062C,0,1.7454954,0.20542806386947632,0.9030067920684814,0.3612197935581207
YLR376C,YBR102C,0,1.7454731,0.20538274943828583,0.9030067920684814,0.3613200783729553
YHR063C,YNL225C,0,1.744415,0.20533744990825653,0.9030067920684814,0.3614203929901123
YFL024C,YGR140W,0,1.7443136,0.20529216527938843,0.9030067920684814,0.3615207076072693
YKL025C,YOR339C,0,1.7442755,0.2052469104528427,0.9030067920684814,0.36162102222442627
YOL016C,YER075C,0,1.7434561,0.2052016705274582,0.9030067920684814,0.36172133684158325
YLR077W,YBR102C,0,1.7429823,0.20515646040439606,0.9030067920684814,0.36182165145874023
YAL001C,YPR004C,0,1.7427194,0.20511126518249512,0.9030067920684814,0.3619219660758972
YNL126W,YGL224C,0,1.7425865,0.20506608486175537,0.9030067920684814,0.3620222806930542
YLR127C,YMR161W,1,1.7410078,0.2052411437034607,0.9039767384529114,0.3620222806930542
YDR049W,YMR067C,1,1.7405968,0.20541611313819885,0.9049466252326965,0.3620222806930542
YGL201C,YCR068W,0,1.7396882,0.20537090301513672,0.9049466252326965,0.3621225655078888
YFL055W,YCR043C,0,1.7395461,0.20532570779323578,0.9049466252326965,0.3622228801250458
YMR189W,YHL020C,0,1.7390106,0.20528052747249603,0.9049466252326965,0.36232319474220276
YGL130W,YHR176W,0,1.7387316,0.20523537695407867,0.9049466252326965,0.36242350935935974
YDR346C,YLR081W,0,1.7383986,0.2051902413368225,0.9049466252326965,0.3625238239765167
YKL213C,YPR079W,0,1.7380619,0.20514512062072754,0.9049466252326965,0.3626241385936737
YNR051C,YDR352W,0,1.7369709,0.20510001480579376,0.9049466252326965,0.3627244532108307
YMR021C,YGR065C,0,1.736114,0.20505493879318237,0.9049466252326965,0.36282476782798767
YOR229W,YER011W,0,1.7356749,0.20500989258289337,0.9049466252326965,0.36292508244514465
YGL038C,YPR165W,0,1.7331848,0.20496484637260437,0.9049466252326965,0.36302536725997925
YGL079W,YBR229C,0,1.7320967,0.20491982996463776,0.9049466252326965,0.36312568187713623
YGL086W,YCR088W,0,1.7304933,0.20487482845783234,0.9049466252326965,0.3632259964942932
YGR048W,YLR013W,0,1.7302141,0.2048298567533493,0.9049466252326965,0.3633263111114502
YBR228W,YMR154C,0,1.7295576,0.20478489995002747,0.9049466252326965,0.3634266257286072
YDL214C,YJR088C,0,1.7285371,0.20473995804786682,0.9049466252326965,0.36352694034576416
YJL151C,YDR221W,0,1.7283365,0.20469504594802856,0.9049466252326965,0.36362725496292114
YIL085C,YDL025C,0,1.7271199,0.2046501487493515,0.9049466252326965,0.3637275695800781
YDR180W,YGR091W,0,1.7270719,0.20460526645183563,0.9049466252326965,0.3638278543949127
YLR275W,YDR206W,0,1.7264132,0.20456039905548096,0.9049466252326965,0.3639281690120697
YGR028W,YIL105C,0,1.7245963,0.20451556146144867,0.9049466252326965,0.3640284836292267
YDR182W,YCL010C,0,1.7245828,0.20447073876857758,0.9049466252326965,0.36412879824638367
YNL083W,YGR163W,0,1.7245677,0.20442594587802887,0.9049466252326965,0.36422911286354065
YEL020C,YGL079W,0,1.7245543,0.20438116788864136,0.9049466252326965,0.36432942748069763
YHR039C,YGL234W,0,1.7242278,0.20433640480041504,0.9049466252326965,0.3644297420978546
YML131W,YPL242C,0,1.7223175,0.20429165661334991,0.9049466252326965,0.3645300567150116
YLR376C,YLR144C,0,1.7215227,0.20424693822860718,0.9049466252326965,0.3646303415298462
YDL052C,YGR172C,0,1.7211334,0.20420223474502563,0.9049466252326965,0.3647306561470032
YCL038C,YPR140W,0,1.721037,0.20415754616260529,0.9049466252326965,0.36483097076416016
YDR307W,YOR339C,0,1.7209051,0.20411288738250732,0.9049466252326965,0.36493128538131714
YGL038C,YOL089C,0,1.7205904,0.20406824350357056,0.9049466252326965,0.3650315999984741
YEL052W,YGR295C,1,1.7197435,0.2042422890663147,0.9059165716171265,0.3650315999984741
YER146W,YER183C,0,1.7196352,0.20419764518737793,0.9059165716171265,0.3651319146156311
YGL011C,YML111W,0,1.7191036,0.20415300130844116,0.9059165716171265,0.3652322292327881
YKR010C,YLR205C,0,1.7189735,0.20410838723182678,0.9059165716171265,0.36533254384994507
YEL077C,YGR128C,0,1.7189445,0.2040638029575348,0.9059165716171265,0.36543282866477966
YDR225W,YMR231W,0,1.7187723,0.2040192186832428,0.9059165716171265,0.36553314328193665
YNL264C,YLR336C,0,1.7185826,0.2039746642112732,0.9059165716171265,0.36563345789909363
YNL172W,YLR352W,1,1.7184031,0.20414847135543823,0.9068865180015564,0.36563345789909363
YCL038C,YHR091C,0,1.7179797,0.20410390198230743,0.9068865180015564,0.3657337725162506
YBR253W,YGL020C,0,1.7173243,0.20405936241149902,0.9068865180015564,0.3658340871334076
YLR225C,YKL096W,0,1.7168247,0.2040148377418518,0.9068865180015564,0.3659344017505646
YGL224C,YDR293C,0,1.7156307,0.20397032797336578,0.9068865180015564,0.36603471636772156
YDL058W,YBL071W-A,0,1.7150936,0.20392584800720215,0.9068865180015564,0.36613503098487854
YCL011C,YGL207W,0,1.7125558,0.2038813829421997,0.9068865180015564,0.36623531579971313
YGR231C,YIR010W,0,1.7124658,0.20383693277835846,0.9068865180015564,0.3663356304168701
YNL186W,YER021W,1,1.7123568,0.20401045680046082,0.9078564643859863,0.3663356304168701
YDR333C,YHR166C,1,1.7118394,0.2041839212179184,0.9088264107704163,0.3663356304168701
YGL079W,YOR058C,0,1.7116504,0.20413942635059357,0.9088264107704163,0.3664359450340271
YPR101W,YNL329C,0,1.710332,0.20409496128559113,0.9088264107704163,0.3665362596511841
YCL011C,YNL272C,0,1.7102277,0.20405052602291107,0.9088264107704163,0.36663657426834106
YML078W,YOR256C,0,1.7094678,0.20400609076023102,0.9088264107704163,0.36673688888549805
YBL084C,YDR457W,1,1.7080739,0.20417936146259308,0.9097962975502014,0.36673688888549805
YFL024C,YML029W,0,1.7072443,0.20413492619991302,0.9097962975502014,0.36683720350265503
YNL323W,YNL272C,0,1.706929,0.20409052073955536,0.9097962975502014,0.366937518119812
YMR079W,YKL152C,0,1.7069261,0.2040461152791977,0.9097962975502014,0.3670378029346466
YCR102C,YMR058W,0,1.7063794,0.20400173962116241,0.9097962975502014,0.3671381175518036
YBR258C,YDL147W,0,1.7045015,0.20395737886428833,0.9097962975502014,0.36723843216896057
YDR051C,YBL067C,0,1.7037752,0.20391304790973663,0.9097962975502014,0.36733874678611755
YML118W,YOL148C,0,1.702821,0.20386871695518494,0.9097962975502014,0.36743906140327454
YKL146W,YDR191W,0,1.7026619,0.20382443070411682,0.9097962975502014,0.3675393760204315
YGR157W,YJL091C,0,1.7017215,0.2037801444530487,0.9097962975502014,0.3676396906375885
YDL188C,YDR267C,0,1.701586,0.20373588800430298,0.9097962975502014,0.3677400052547455
YPL211W,YOR122C,0,1.7002001,0.20369164645671844,0.9097962975502014,0.3678402900695801
YOL013C,YLR035C,0,1.7001927,0.2036474198102951,0.9097962975502014,0.36794060468673706
YPR023C,YBL100W-A,0,1.7001694,0.20360320806503296,0.9097962975502014,0.36804091930389404
YNL323W,YGL008C,0,1.7000769,0.2035590261220932,0.9097962975502014,0.368141233921051
YJR152W,YKL160W,0,1.69915,0.20351485908031464,0.9097962975502014,0.368241548538208
YDR073W,YDR339C,0,1.698442,0.20347072184085846,0.9097962975502014,0.368341863155365
YBL042C,YGR284C,0,1.6979316,0.20342658460140228,0.9097962975502014,0.368442177772522
YBR127C,YOL044W,0,1.6978346,0.2033824771642685,0.9097962975502014,0.36854249238967896
YJL184W,YKR099C-A,0,1.6973222,0.2033383846282959,0.9097962975502014,0.36864280700683594
YML131W,YCR024C-A,0,1.6965474,0.2032943218946457,0.9097962975502014,0.36874309182167053
YAL001C,YBR018C,0,1.6944818,0.20325027406215668,0.9097962975502014,0.3688434064388275
YGL125W,YER124C,0,1.6935568,0.20320624113082886,0.9097962975502014,0.3689437210559845
YFR046C,YDL066W,0,1.6933119,0.20316222310066223,0.9097962975502014,0.3690440356731415
YHL007C,YDR163W,0,1.6932963,0.203118234872818,0.9097962975502014,0.36914435029029846
YIR003W,YML075C,0,1.6931921,0.20307426154613495,0.9097962975502014,0.36924466490745544
YER016W,YKL216W,0,1.6927171,0.2030303031206131,0.9097962975502014,0.3693449795246124
YFL009W,YHR016C,0,1.6906452,0.20298635959625244,0.9097962975502014,0.3694452941417694
YGR133W,YOL044W,0,1.6902208,0.20294244587421417,0.9097962975502014,0.369545578956604
YDL064W,YDL161W,0,1.6893849,0.2028985470533371,0.9097962975502014,0.369645893573761
YGL250W,YCR020W-B,0,1.6888783,0.2028546780347824,0.9097962975502014,0.36974620819091797
YJR091C,YIR010W,0,1.6886046,0.20281080901622772,0.9097962975502014,0.36984652280807495
YER118C,YOR231W,0,1.6881669,0.20276696979999542,0.9097962975502014,0.36994683742523193
YBR216C,YJL204C,0,1.6877424,0.20272314548492432,0.9097962975502014,0.3700471520423889
YDL168W,YLR117C,0,1.6876421,0.2026793360710144,0.9097962975502014,0.3701474666595459
YIR022W,YDL153C,0,1.6862473,0.20263555645942688,0.9097962975502014,0.3702477812767029
YPL008W,YMR154C,0,1.6847707,0.20259179174900055,0.9097962975502014,0.3703480660915375
YLR081W,YMR216C,0,1.6846125,0.2025480419397354,0.9097962975502014,0.37044838070869446
YDR311W,YER074W-A,0,1.6841251,0.20250432193279266,0.9097962975502014,0.37054869532585144
YNR075W,YOR261C,1,1.6838343,0.2026764452457428,0.9107662439346313,0.37054869532585144
YBL105C,YDR037W,0,1.6825995,0.20263271033763885,0.9107662439346313,0.3706490099430084
YMR119W,YMR202W,0,1.6815333,0.2025889903306961,0.9107662439346313,0.3707493245601654
YDR338C,YDR180W,0,1.6814826,0.20254530012607574,0.9107662439346313,0.3708496391773224
YOR298C-A,YML046W,0,1.6811632,0.20250162482261658,0.9107662439346313,0.37094995379447937
YER124C,YNL097C,0,1.6810528,0.2024579495191574,0.9107662439346313,0.37105026841163635
YNL257C,YOR058C,0,1.6804699,0.20241431891918182,0.9107662439346313,0.37115055322647095
YAR050W,YER172C,0,1.6796285,0.20237068831920624,0.9107662439346313,0.37125086784362793
YOR371C,YPL108W,0,1.6794238,0.20232708752155304,0.9107662439346313,0.3713511824607849
YKL025C,YMR119W,0,1.678485,0.20228350162506104,0.9107662439346313,0.3714514970779419
YNL257C,YGR172C,0,1.6773487,0.20223993062973022,0.9107662439346313,0.3715518116950989
YIR010W,YDR352W,0,1.6761379,0.2021963894367218,0.9107662439346313,0.37165212631225586
YJL123C,YML065W,0,1.6747899,0.20215284824371338,0.9107662439346313,0.37175244092941284
YCL045C,YPL255W,0,1.6746228,0.20210933685302734,0.9107662439346313,0.3718527555465698
YMR291W,YLR229C,0,1.6728426,0.2020658552646637,0.9107662439346313,0.3719530403614044
YGR090W,YDR488C,0,1.6727911,0.20202237367630005,0.9107662439346313,0.3720533549785614
YFL050C,YMR067C,0,1.6725659,0.2019789218902588,0.9107662439346313,0.3721536695957184
YKL025C,YOL016C,0,1.6722662,0.20193548500537872,0.9107662439346313,0.37225398421287537
YGR278W,YMR231W,0,1.6712451,0.20189206302165985,0.9107662439346313,0.37235429883003235
YGL145W,YBR221C,0,1.6696925,0.20184867084026337,0.9107662439346313,0.37245461344718933
YBR216C,YPR140W,0,1.668858,0.20180529356002808,0.9107662439346313,0.3725549280643463
YGR257C,YNL186W,0,1.6682189,0.20176193118095398,0.9107662439346313,0.3726552426815033
YPL268W,YMR216C,0,1.6678858,0.20171858370304108,0.9107662439346313,0.3727555274963379
YLR069C,YGL054C,0,1.6674768,0.20167525112628937,0.9107662439346313,0.3728558421134949
YKR018C,YLL023C,0,1.6666971,0.20163194835186005,0.9107662439346313,0.37295615673065186
YKR067W,YKL137W,0,1.6662605,0.20158866047859192,0.9107662439346313,0.37305647134780884
YNR023W,YBR154C,0,1.6637713,0.20154540240764618,0.9107662439346313,0.3731567859649658
YPL009C,YHR200W,1,1.6627228,0.20171673595905304,0.9117361903190613,0.3731567859649658
YPL242C,YLR133W,0,1.661926,0.2016734629869461,0.9117361903190613,0.3732571005821228
YLR393W,YER074W-A,0,1.6617513,0.20163020491600037,0.9117361903190613,0.3733574151992798
YKR098C,YGR277C,0,1.6615005,0.20158696174621582,0.9117361903190613,0.37345772981643677
YER141W,YHR176W,0,1.6614072,0.20154373347759247,0.9117361903190613,0.37355804443359375
YBR136W,YDR267C,0,1.6608895,0.2015005350112915,0.9117361903190613,0.37365832924842834
YGR091W,YKL148C,0,1.660787,0.20145735144615173,0.9117361903190613,0.3737586438655853
YPL176C,YNL186W,1,1.6605959,0.20162846148014069,0.9127061367034912,0.3737586438655853
YLR013W,YJL050W,0,1.6604185,0.20158526301383972,0.9127061367034912,0.3738589584827423
YMR202W,YPR058W,0,1.6597109,0.20154207944869995,0.9127061367034912,0.3739592730998993
YOL033W,YLR368W,0,1.6594708,0.20149892568588257,0.9127061367034912,0.3740595877170563
YBL067C,YDL236W,0,1.6593887,0.20145578682422638,0.9127061367034912,0.37415990233421326
YKL025C,YGL179C,0,1.6586735,0.20141267776489258,0.9127061367034912,0.37426021695137024
YDL188C,YML065W,0,1.6584786,0.20136956870555878,0.9127061367034912,0.3743605315685272
YNR032W,YOL113W,0,1.6581502,0.20132648944854736,0.9127061367034912,0.3744608163833618
YMR244C-A,YPL158C,0,1.6581241,0.20128342509269714,0.9127061367034912,0.3745611310005188
YOR128C,YDL207W,0,1.6577084,0.20124037563800812,0.9127061367034912,0.3746614456176758
YOL027C,YBR004C,0,1.6574993,0.20119735598564148,0.9127061367034912,0.37476176023483276
YFR042W,YHR152W,0,1.6560924,0.20115433633327484,0.9127061367034912,0.37486207485198975
YOR196C,YBL101C,0,1.6560473,0.2011113464832306,0.9127061367034912,0.37496238946914673
YCR068W,YHL013C,0,1.6555554,0.20106837153434753,0.9127061367034912,0.3750627040863037
YBR073W,YOR141C,0,1.6548946,0.20102542638778687,0.9127061367034912,0.3751630187034607
YIL023C,YLR110C,0,1.6541127,0.2009824812412262,0.9127061367034912,0.3752633035182953
YLR388W,YGR172C,0,1.6537943,0.20093956589698792,0.9127061367034912,0.37536361813545227
YDR143C,YDR219C,1,1.6535506,0.20111016929149628,0.9136760234832764,0.37536361813545227
YIL066C,YAR014C,0,1.6529728,0.2010672390460968,0.9136760234832764,0.37546393275260925
YPL084W,YDR186C,0,1.6529229,0.20102432370185852,0.9136760234832764,0.37556424736976624
YBL002W,YNL229C,0,1.6524464,0.20098143815994263,0.9136760234832764,0.3756645619869232
YGL181W,YPL005W,0,1.6521232,0.20093856751918793,0.9136760234832764,0.3757648766040802
YGL033W,YNL169C,0,1.6517111,0.20089571177959442,0.9136760234832764,0.3758651912212372
YIL117C,YLL010C,0,1.6516418,0.2008528858423233,0.9136760234832764,0.37596550583839417
YKR080W,YNL058C,0,1.6515446,0.20081005990505219,0.9136760234832764,0.37606579065322876
YML110C,YER074W-A,0,1.6515193,0.20076726377010345,0.9136760234832764,0.37616610527038574
YKR013W,YEL077C,0,1.6501613,0.20072448253631592,0.9136760234832764,0.3762664198875427
YDR155C,YJL122W,0,1.6490529,0.20068171620368958,0.9136760234832764,0.3763667345046997
YDR006C,YNL272C,0,1.648646,0.20063897967338562,0.9136760234832764,0.3764670491218567
YGL187C,YIL129C,0,1.6479964,0.20059625804424286,0.9136760234832764,0.37656736373901367
YKR087C,YBR057C,0,1.6474295,0.2005535513162613,0.9136760234832764,0.37666767835617065
YHL002W,YNL252C,0,1.647036,0.20051085948944092,0.9136760234832764,0.37676799297332764
YBR210W,YOR196C,0,1.6469429,0.20046818256378174,0.9136760234832764,0.37686827778816223
YBR073W,YGL124C,0,1.6468517,0.20042553544044495,0.9136760234832764,0.3769685924053192
YLR320W,YNL083W,0,1.6460288,0.20038290321826935,0.9136760234832764,0.3770689070224762
YBR133C,YDR538W,0,1.6453896,0.20034028589725494,0.9136760234832764,0.3771692216396332
YHR084W,YLR066W,0,1.645348,0.20029768347740173,0.9136760234832764,0.37726953625679016
YOL146W,YDR171W,0,1.6447395,0.20025509595870972,0.9136760234832764,0.37736985087394714
YLR226W,YNL093W,0,1.6440403,0.2002125382423401,0.9136760234832764,0.3774701654911041
YDL155W,YNL030W,0,1.643193,0.20016999542713165,0.9136760234832764,0.3775704801082611
YDL193W,YEL004W,0,1.6421177,0.2001274675130844,0.9136760234832764,0.3776707649230957
YOR190W,YDL239C,0,1.6415143,0.20008495450019836,0.9136760234832764,0.3777710795402527
YGR148C,YPL060C-A,0,1.64145,0.2000424712896347,0.9136760234832764,0.37787139415740967
YDR293C,YNL252C,0,1.641186,0.20000000298023224,0.9136760234832764,0.37797170877456665
YOR118W,YGR203W,0,1.641161,0.19995754957199097,0.9136760234832764,0.37807202339172363
YER146W,YKL139W,0,1.6411064,0.1999151110649109,0.9136760234832764,0.3781723380088806
YPR201W,YOL089C,0,1.639926,0.199872687458992,0.9136760234832764,0.3782726526260376
YGL043W,YOR293W,0,1.6393625,0.1998302936553955,0.9136760234832764,0.3783729672431946
YBR215W,YJL118W,0,1.6393595,0.1997879147529602,0.9136760234832764,0.37847328186035156
YNL209W,YER157W,0,1.6392313,0.1997455507516861,0.9136760234832764,0.37857356667518616
YDL005C,YFL034C-B,0,1.638391,0.19970320165157318,0.9136760234832764,0.37867388129234314
YDR302W,YFL034C-A,0,1.6377425,0.19966086745262146,0.9136760234832764,0.3787741959095001
YGR271C-A,YDL165W,0,1.6359127,0.19961856305599213,0.9136760234832764,0.3788745105266571
YCR073C,YDR162C,0,1.6356813,0.199576273560524,0.9136760234832764,0.3789748251438141
YJL137C,YMR052W,0,1.6349528,0.19953399896621704,0.9136760234832764,0.37907513976097107
YCR008W,YNL305C,0,1.6345226,0.1994917392730713,0.9136760234832764,0.37917545437812805
YNR012W,YCR023C,0,1.6339823,0.19944950938224792,0.9136760234832764,0.37927576899528503
YJL203W,YGR067C,0,1.632222,0.19940727949142456,0.9136760234832764,0.37937605381011963
YDL005C,YCR003W,0,1.6318544,0.19936507940292358,0.9136760234832764,0.3794763684272766
YKL084W,YBR008C,0,1.6314774,0.1993228942155838,0.9136760234832764,0.3795766830444336
YAL055W,YGL181W,0,1.6307259,0.1992807239294052,0.9136760234832764,0.3796769976615906
YHR063C,YBR004C,0,1.6289214,0.199238583445549,0.9136760234832764,0.37977731227874756
YHR112C,YNL329C,0,1.627212,0.1991964429616928,0.9136760234832764,0.37987762689590454
YNL336W,YKR025W,0,1.6269379,0.199154332280159,0.9136760234832764,0.3799779415130615
YLR095C,YBL101C,0,1.6264676,0.19911223649978638,0.9136760234832764,0.3800782561302185
YGL124C,YHL020C,0,1.6257781,0.19907015562057495,0.9136760234832764,0.3801785409450531
YGR090W,YER016W,0,1.6256636,0.1990281045436859,0.9136760234832764,0.3802788555622101
YKL091C,YER065C,0,1.6252813,0.19898605346679688,0.9136760234832764,0.38037917017936707
YDR266C,YBL101C,0,1.6249357,0.19894403219223022,0.9136760234832764,0.38047948479652405
YDR073W,YKL027W,0,1.6243314,0.19890202581882477,0.9136760234832764,0.38057979941368103
YPL045W,YPL265W,0,1.6236901,0.1988600343465805,0.9136760234832764,0.380680114030838
YER073W,YGR172C,0,1.6231368,0.19881807267665863,0.9136760234832764,0.380780428647995
YGL047W,YJL203W,0,1.6231163,0.19877611100673676,0.9136760234832764,0.380880743265152
YGR257C,YGR092W,0,1.6229073,0.19873417913913727,0.9136760234832764,0.3809810280799866
YCR017C,YPR079W,0,1.6223147,0.19869226217269897,0.9136760234832764,0.38108134269714355
YPR023C,YNL035C,0,1.6221206,0.19865036010742188,0.9136760234832764,0.38118165731430054
YEL011W,YGL234W,0,1.6214772,0.19860847294330597,0.9136760234832764,0.3812819719314575
YGR249W,YDR316W,0,1.6209111,0.19856661558151245,0.9136760234832764,0.3813822865486145
YKL059C,YJR141W,1,1.6203552,0.19873550534248352,0.9146459698677063,0.3813822865486145
YJR090C,YJR152W,0,1.6177127,0.1986936330795288,0.9146459698677063,0.3814826011657715
YPR029C,YPL081W,0,1.6175382,0.1986517757177353,0.9146459698677063,0.38158291578292847
YDR153C,YIL044C,0,1.6166481,0.19860994815826416,0.9146459698677063,0.38168323040008545
YGR257C,YKL160W,0,1.6164324,0.19856812059879303,0.9146459698677063,0.38178351521492004
YKL209C,YOR298C-A,0,1.6162368,0.1985263228416443,0.9146459698677063,0.381883829832077
YPL009C,YOR171C,0,1.616066,0.19848452508449554,0.9146459698677063,0.381984144449234
YNL315C,YLR341W,0,1.6159494,0.1984427571296692,0.9146459698677063,0.382084459066391
YBR103W,YDR085C,0,1.6158288,0.19840100407600403,0.9146459698677063,0.382184773683548
YGL124C,YBR039W,0,1.6123581,0.19835928082466125,0.9146459698677063,0.38228508830070496
YBR152W,YIL067C,0,1.6121869,0.19831755757331848,0.9146459698677063,0.38238540291786194
YPL047W,YDL020C,0,1.6117964,0.1982758641242981,0.9146459698677063,0.3824857175350189
YLR070C,YBR056W,0,1.6116691,0.1982341855764389,0.9146459698677063,0.3825860023498535
YPL192C,YOR088W,0,1.6112766,0.1981925219297409,0.9146459698677063,0.3826863169670105
YML110C,YDR097C,0,1.6102406,0.1981508731842041,0.9146459698677063,0.3827866315841675
YLL032C,YKR046C,0,1.607347,0.1981092393398285,0.9146459698677063,0.38288694620132446
YPL242C,YML046W,0,1.6067941,0.19806763529777527,0.9146459698677063,0.38298726081848145
YCR102C,YER004W,0,1.6059852,0.19802604615688324,0.9146459698677063,0.3830875754356384
YNL323W,YPL158C,0,1.6059589,0.1979844570159912,0.9146459698677063,0.3831878900527954
YBR228W,YJR137C,0,1.6054654,0.19794289767742157,0.9146459698677063,0.3832882046699524
YOR178C,YBR139W,0,1.6049404,0.19790136814117432,0.9146459698677063,0.383388489484787
YNL169C,YHR034C,0,1.6040524,0.19785983860492706,0.9146459698677063,0.38348880410194397
YLR242C,YPL242C,0,1.604051,0.1978183388710022,0.9146459698677063,0.38358911871910095
YNL069C,YBR293W,0,1.6040056,0.19777683913707733,0.9146459698677063,0.38368943333625793
YOR149C,YBR236C,0,1.6038127,0.19773536920547485,0.9146459698677063,0.3837897479534149
YMR216C,YMR083W,0,1.6035553,0.19769391417503357,0.9146459698677063,0.3838900625705719
YML131W,YOR094W,0,1.6030328,0.19765248894691467,0.9146459698677063,0.3839903771877289
YPL037C,YDR354W,0,1.6029859,0.19761106371879578,0.9146459698677063,0.38409069180488586
YDL002C,YML064C,0,1.602664,0.19756966829299927,0.9146459698677063,0.38419100642204285
YKL152C,YML008C,0,1.6014142,0.19752827286720276,0.9146459698677063,0.38429129123687744
YOL097C,YBL005W-A,0,1.6012819,0.19748690724372864,0.9146459698677063,0.3843916058540344
YDR073W,YER019W,0,1.601197,0.1974455565214157,0.9146459698677063,0.3844919204711914
YNL008C,YOR339C,1,1.6006112,0.19761356711387634,0.9156159162521362,0.3844919204711914
YNL300W,YML008C,0,1.5997217,0.19757220149040222,0.9156159162521362,0.3845922350883484
YLR057W,YBL005W-A,0,1.5994327,0.1975308656692505,0.9156159162521362,0.38469254970550537
YAL001C,YIR008C,0,1.5992205,0.19748954474925995,0.9156159162521362,0.38479286432266235
YOL016C,YHR115C,0,1.5985031,0.1974482387304306,0.9156159162521362,0.38489317893981934
YCR102C,YBR056W,0,1.5976999,0.19740694761276245,0.9156159162521362,0.3849934935569763
YEL046C,YOL058W,0,1.5966828,0.1973656713962555,0.9156159162521362,0.3850937783718109
YPL047W,YLR148W,0,1.5954565,0.19732441008090973,0.9156159162521362,0.3851940929889679
YDR216W,YER169W,0,1.5952085,0.19728317856788635,0.9156159162521362,0.3852944076061249
YJL091C,YHR084W,0,1.5950698,0.19724196195602417,0.9156159162521362,0.38539472222328186
YDR085C,YPR009W,0,1.5949599,0.197200745344162,0.9156159162521362,0.38549503684043884
YDL159W,YPL265W,0,1.5946635,0.1971595585346222,0.9156159162521362,0.3855953514575958
YKL220C,YEL071W,0,1.594235,0.19711840152740479,0.9156159162521362,0.3856956660747528
YDL092W,YNR051C,0,1.5941706,0.19707724452018738,0.9156159162521362,0.3857959806919098
YNR036C,YBR139W,0,1.5938303,0.19703610241413116,0.9156159162521362,0.3858962655067444
YMR197C,YOR205C,0,1.5937264,0.19699499011039734,0.9156159162521362,0.38599658012390137
YGR087C,YML014W,0,1.5912335,0.1969538927078247,0.9156159162521362,0.38609689474105835
YIR034C,YMR164C,0,1.5903347,0.19691281020641327,0.9156159162521362,0.38619720935821533
YMR288W,YPL158C,0,1.590276,0.19687174260616302,0.9156159162521362,0.3862975239753723
YBR103W,YOR190W,0,1.5899806,0.19683068990707397,0.9156159162521362,0.3863978385925293
YHR112C,YEL009C,0,1.5899783,0.1967896670103073,0.9156159162521362,0.3864981532096863
YGL054C,YBR044C,0,1.5893896,0.19674864411354065,0.9156159162521362,0.38659846782684326
YPL108W,YLL010C,0,1.5883937,0.19670765101909637,0.9156159162521362,0.38669875264167786
YDR006C,YLR423C,0,1.5883304,0.1966666728258133,0.9156159162521362,0.38679906725883484
YER078C,YIR010W,0,1.5867184,0.1966257095336914,0.9156159162521362,0.3868993818759918
YBR200W,YKL152C,0,1.5863258,0.1965847611427307,0.9156159162521362,0.3869996964931488
YBR234C,YBR152W,0,1.586252,0.1965438276529312,0.9156159162521362,0.3871000111103058
YBR210W,YPL020C,0,1.5844437,0.1965029090642929,0.9156159162521362,0.38720032572746277
YGL124C,YOR056C,0,1.5831944,0.196462020277977,0.9156159162521362,0.38730064034461975
YOL001W,YPR165W,0,1.5824362,0.19642114639282227,0.9156159162521362,0.38740095496177673
YNR006W,YLR368W,1,1.5816116,0.19658830761909485,0.9165858626365662,0.38740095496177673
YGR227W,YNL009W,0,1.5815121,0.19654741883277893,0.9165858626365662,0.38750123977661133
YDR162C,YMR277W,0,1.5813247,0.1965065449476242,0.9165858626365662,0.3876015543937683
YBR215W,YNL229C,0,1.580802,0.19646570086479187,0.9165858626365662,0.3877018690109253
YER078C,YJL111W,0,1.5803679,0.19642485678195953,0.9165858626365662,0.3878021836280823
YHL002W,YGR215W,0,1.5801609,0.19638404250144958,0.9165858626365662,0.38790249824523926
YHR123W,YDL222C,0,1.5796897,0.19634324312210083,0.9165858626365662,0.38800281286239624
YOR003W,YOR295W,0,1.5793216,0.19630244374275208,0.9165858626365662,0.3881031274795532
YDR104C,YMR024W,0,1.5790939,0.1962616890668869,0.9165858626365662,0.3882034420967102
YBR265W,YER075C,0,1.578671,0.19622093439102173,0.9165858626365662,0.3883037269115448
YIL082W-A,YLR066W,0,1.5783691,0.19618019461631775,0.9165858626365662,0.3884040415287018
YCR079W,YPL265W,0,1.5783641,0.19613946974277496,0.9165858626365662,0.38850435614585876
YIL041W,YNR036C,0,1.578258,0.19609877467155457,0.9165858626365662,0.38860467076301575
YGL017W,YNL272C,0,1.5770965,0.19605809450149536,0.9165858626365662,0.38870498538017273
YML131W,YJL203W,0,1.5770044,0.19601742923259735,0.9165858626365662,0.3888052999973297
YLR423C,YHL020C,0,1.576028,0.19597677886486053,0.9165858626365662,0.3889056146144867
YNL090W,YPL069C,0,1.5755994,0.1959361433982849,0.9165858626365662,0.3890059292316437
YIL085C,YDL194W,0,1.5754341,0.19589552283287048,0.9165858626365662,0.38910624384880066
YOR329C,YOR360C,0,1.5749975,0.19585491716861725,0.9165858626365662,0.38920652866363525
YNL229C,YKL167C,0,1.5745914,0.1958143413066864,0.9165858626365662,0.38930684328079224
YHR039C,YLR272C,0,1.5734346,0.19577376544475555,0.9165858626365662,0.3894071578979492
YLR225C,YOL017W,0,1.573317,0.1957332193851471,0.9165858626365662,0.3895074725151062
YMR161W,YOR077W,0,1.5731725,0.19569268822669983,0.9165858626365662,0.3896077871322632
YGL099W,YMR244C-A,0,1.5726902,0.19565217196941376,0.9165858626365662,0.38970810174942017
YBR217W,YOL089C,0,1.572608,0.19561167061328888,0.9165858626365662,0.38980841636657715
YLL039C,YKL193C,0,1.5722461,0.1955711990594864,0.9165858626365662,0.38990873098373413
YNL134C,YGL175C,0,1.5718112,0.1955307275056839,0.9165858626365662,0.3900090157985687
YCR023C,YOR198C,0,1.5710218,0.1954902708530426,0.9165858626365662,0.3901093304157257
YPL072W,YOR245C,0,1.5708797,0.1954498440027237,0.9165858626365662,0.3902096450328827
YJL063C,YKR098C,0,1.570396,0.19540943205356598,0.9165858626365662,0.3903099596500397
YOR234C,YMR047C,0,1.5700773,0.19536903500556946,0.9165858626365662,0.39041027426719666
YGR028W,YNL090W,0,1.569899,0.19532865285873413,0.9165858626365662,0.39051058888435364
YJL010C,YDL155W,0,1.5694838,0.19528828561306,0.9165858626365662,0.3906109035015106
YER078C,YLR336C,0,1.5677763,0.19524793326854706,0.9165858626365662,0.3907112181186676
YGL043W,YKL152C,0,1.5675747,0.1952075958251953,0.9165858626365662,0.3908115029335022
YBR171W,YBR004C,0,1.565946,0.19516728818416595,0.9165858626365662,0.3909118175506592
YBR210W,YDR255C,0,1.5657285,0.1951269805431366,0.9165858626365662,0.39101213216781616
YIR007W,YIR010W,0,1.5654079,0.19508670270442963,0.9165858626365662,0.39111244678497314
YBR056W,YNL220W,0,1.5652083,0.19504643976688385,0.9165858626365662,0.3912127614021301
YOR188W,YEL047C,0,1.5640473,0.19500619173049927,0.9165858626365662,0.3913130760192871
YHR115C,YCR089W,0,1.5640082,0.19496595859527588,0.9165858626365662,0.3914133906364441
YML038C,YDR480W,0,1.5635879,0.19492574036121368,0.9165858626365662,0.3915137052536011
YJR137C,YNL327W,0,1.56286,0.19488553702831268,0.9165858626365662,0.39161399006843567
YGR087C,YDL236W,0,1.5621216,0.19484536349773407,0.9165858626365662,0.39171430468559265
YPL009C,YIL162W,0,1.5617259,0.19480518996715546,0.9165858626365662,0.39181461930274963
YLL032C,YIL114C,0,1.5606008,0.19476504623889923,0.9165858626365662,0.3919149339199066
YCR024C-A,YIL073C,0,1.5603266,0.1947249174118042,0.9165858626365662,0.3920152485370636
YML038C,YNL053W,0,1.5595858,0.19468480348587036,0.9165858626365662,0.3921155631542206
YJR043C,YDR394W,0,1.5592946,0.19464468955993652,0.9165858626365662,0.39221587777137756
YGL033W,YAL009W,0,1.559152,0.19460460543632507,0.9165858626365662,0.39231619238853455
YNL090W,YDL104C,0,1.5587379,0.194564551115036,0.9165858626365662,0.39241647720336914
YPL212C,YIR035C,0,1.5579247,0.19452449679374695,0.9165858626365662,0.3925167918205261
YHR216W,YCL027C-A,0,1.5578218,0.19448445737361908,0.9165858626365662,0.3926171064376831
YJL047C,YCL030C,0,1.5572363,0.1944444477558136,0.9165858626365662,0.3927174210548401
YIL063C,YJL002C,0,1.5571661,0.19440443813800812,0.9165858626365662,0.39281773567199707
YKL220C,YLR421C,0,1.5570309,0.19436445832252502,0.9165858626365662,0.39291805028915405
YGR096W,YOR368W,0,1.5565645,0.19432449340820312,0.9165858626365662,0.39301836490631104
YGL065C,YGL257C,0,1.5565103,0.19428454339504242,0.9165858626365662,0.393118679523468
YKL035W,YPL212C,0,1.5553315,0.1942446082830429,0.9165858626365662,0.3932189643383026
YOR256C,YNL177C,0,1.5550959,0.1942046880722046,0.9165858626365662,0.3933192789554596
YBL016W,YKL084W,0,1.5548592,0.19416478276252747,0.9165858626365662,0.3934195935726166
YDR162C,YBR236C,0,1.5543104,0.19412489235401154,0.9165858626365662,0.39351990818977356
YKL096W,YML058W,0,1.5536481,0.194085031747818,0.9165858626365662,0.39362022280693054
YFL052W,YLR022C,0,1.5528162,0.19404517114162445,0.9165858626365662,0.3937205374240875
YPL237W,YNL329C,0,1.552277,0.1940053403377533,0.9165858626365662,0.3938208520412445
YBL050W,YDR085C,0,1.5521705,0.19396552443504333,0.9165858626365662,0.3939211666584015
YNL058C,YOR312C,0,1.5515077,0.19392570853233337,0.9165858626365662,0.39402148127555847
YGR284C,YNR075W,0,1.5510646,0.1938859224319458,0.9165858626365662,0.39412176609039307
YMR268C,YJL118W,0,1.5509666,0.19384615123271942,0.9165858626365662,0.39422208070755005
YOL091W,YPL032C,0,1.5508348,0.19380639493465424,0.9165858626365662,0.39432239532470703
YJL113W,YML065W,0,1.5503744,0.19376665353775024,0.9165858626365662,0.394422709941864
YMR119W,YLR002C,0,1.5499954,0.19372694194316864,0.9165858626365662,0.394523024559021
YML033W,YOR188W,0,1.5495152,0.19368723034858704,0.9165858626365662,0.394623339176178
YHR115C,YJL138C,0,1.5495124,0.19364753365516663,0.9165858626365662,0.39472365379333496
YJL074C,YNL229C,0,1.5490619,0.1936078667640686,0.9165858626365662,0.39482396841049194
YKR024C,YHR166C,0,1.5488446,0.19356821477413177,0.9165858626365662,0.39492425322532654
YLR035C,YGL008C,0,1.5485165,0.19352856278419495,0.9165858626365662,0.3950245678424835
YOR328W,YGR240C,0,1.5483599,0.1934889405965805,0.9165858626365662,0.3951248824596405
YGR257C,YLR205C,0,1.5483255,0.19344933331012726,0.9165858626365662,0.3952251970767975
YMR293C,YBL100W-A,0,1.5470464,0.1934097409248352,0.9165858626365662,0.39532551169395447
YBR133C,YBR057C,0,1.546114,0.19337016344070435,0.9165858626365662,0.39542582631111145
YGR275W,YJL207C,0,1.5454794,0.19333060085773468,0.9165858626365662,0.39552614092826843
YNL139C,YOR368W,0,1.5448172,0.1932910680770874,0.9165858626365662,0.3956264555454254
YPR061C,YPL029W,0,1.5447094,0.19325153529644012,0.9165858626365662,0.39572674036026
YBR235W,YJL014W,0,1.5437279,0.19321201741695404,0.9165858626365662,0.395827054977417
YBR167C,YGR206W,0,1.5426581,0.19317252933979034,0.9165858626365662,0.395927369594574
YJL139C,YPR121W,0,1.5424027,0.19313304126262665,0.9165858626365662,0.39602768421173096
YDL005C,YDR020C,0,1.5421873,0.19309358298778534,0.9165858626365662,0.39612799882888794
YML025C,YCR003W,0,1.5403342,0.19305413961410522,0.9165858626365662,0.3962283134460449
YGL023C,YIL010W,0,1.5402387,0.1930147111415863,0.9165858626365662,0.3963286280632019
YNR012W,YMR291W,0,1.5401468,0.19297529757022858,0.9165858626365662,0.3964289426803589
YBR152W,YBR068C,0,1.5401238,0.19293589890003204,0.9165858626365662,0.3965292274951935
YDR266C,YOL148C,0,1.5400423,0.1928965151309967,0.9165858626365662,0.39662954211235046
YJL111W,YKR001C,0,1.5396891,0.19285714626312256,0.9165858626365662,0.39672985672950745
YOL088C,YOL034W,0,1.5390837,0.1928177922964096,0.9165858626365662,0.39683017134666443
YGR033C,YLR355C,0,1.5389376,0.19277845323085785,0.9165858626365662,0.3969304859638214
YOR190W,YOR256C,0,1.5385901,0.19273914396762848,0.9165858626365662,0.3970308005809784
YDR017C,YER124C,0,1.538073,0.1926998347043991,0.9165858626365662,0.3971311151981354
YBR154C,YLL054C,0,1.5379508,0.19266055524349213,0.9165858626365662,0.39723142981529236
YDR385W,YPL045W,0,1.537846,0.19262127578258514,0.9165858626365662,0.39733171463012695
YPL158C,YHR026W,0,1.5377553,0.19258202612400055,0.9165858626365662,0.39743202924728394
YDL020C,YNL254C,0,1.5376104,0.19254279136657715,0.9165858626365662,0.3975323438644409
YGL184C,YNL093W,0,1.5371647,0.19250357151031494,0.9165858626365662,0.3976326584815979
YNL186W,YNL097C,0,1.5370181,0.19246435165405273,0.9165858626365662,0.3977329730987549
YJL210W,YLL036C,0,1.53579,0.19242516160011292,0.9165858626365662,0.39783328771591187
YAL042W,YPL249C,0,1.5357442,0.1923859864473343,0.9165858626365662,0.39793360233306885
YJL177W,YMR029C,0,1.5353789,0.19234684109687805,0.9165858626365662,0.39803391695022583
YPL072W,YAL061W,0,1.5348513,0.19230769574642181,0.9165858626365662,0.3981342017650604
YMR067C,YBL071W-A,0,1.5346901,0.19226856529712677,0.9165858626365662,0.3982345163822174
YDR354W,YMR244C-A,0,1.5345585,0.19222944974899292,0.9165858626365662,0.3983348309993744
YER069W,YDR316W,0,1.5335264,0.19219036400318146,0.9165858626365662,0.39843514561653137
YBL067C,YGL004C,1,1.5316718,0.19235461950302124,0.9175557494163513,0.39843514561653137
YLR298C,YKR022C,0,1.5315287,0.1923155039548874,0.9175557494163513,0.39853546023368835
YGR109C,YPL212C,0,1.5298595,0.19227641820907593,0.9175557494163513,0.39863577485084534
YER157W,YGL179C,0,1.5297964,0.19223734736442566,0.9175557494163513,0.3987360894680023
YJL051W,YBR019C,0,1.5288115,0.19219829142093658,0.9175557494163513,0.3988364040851593
YDR462W,YMR197C,0,1.5287267,0.1921592503786087,0.9175557494163513,0.3989366888999939
YER078C,YPL032C,0,1.5280399,0.19212022423744202,0.9175557494163513,0.3990370035171509
YER039C,YDR058C,0,1.5269835,0.19208121299743652,0.9175557494163513,0.39913731813430786
YIR025W,YJR017C,1,1.5255531,0.1922452300786972,0.9185256958007812,0.39913731813430786
YAR050W,YLR410W,0,1.5249134,0.19220620393753052,0.9185256958007812,0.39923763275146484
YNL327W,YJL100W,0,1.524507,0.19216720759868622,0.9185256958007812,0.3993379473686218
YHL009C,YNL053W,0,1.5244343,0.1921282261610031,0.9185256958007812,0.3994382619857788
YHR065C,YOR197W,0,1.524113,0.19208924472332,0.9185256958007812,0.3995385766029358
YCR073C,YKL046C,0,1.5235785,0.1920502930879593,0.9185256958007812,0.3996388912200928
YOL034W,YBR044C,0,1.5235548,0.19201135635375977,0.9185256958007812,0.39973920583724976
YCR088W,YPL181W,0,1.5233797,0.19197243452072144,0.9185256958007812,0.39983949065208435
YCR033W,YHR045W,0,1.5232044,0.1919335275888443,0.9185256958007812,0.39993980526924133
YBL050W,YOR125C,0,1.522813,0.19189463555812836,0.9185256958007812,0.4000401198863983
YBR265W,YKL148C,0,1.5223975,0.1918557584285736,0.9185256958007812,0.4001404345035553
YJL076W,YMR024W,0,1.521961,0.19181689620018005,0.9185256958007812,0.4002407491207123
YPL228W,YGR067C,0,1.5217338,0.1917780488729477,0.9185256958007812,0.40034106373786926
YDR084C,YER073W,0,1.5209134,0.19173921644687653,0.9185256958007812,0.40044137835502625
YPL047W,YOL027C,0,1.5207187,0.19170039892196655,0.9185256958007812,0.4005416929721832
YPL275W,YGL029W,0,1.520292,0.19166161119937897,0.9185256958007812,0.4006419777870178
YLR071C,YCR097W,0,1.5201588,0.19162282347679138,0.9185256958007812,0.4007422924041748
YJR091C,YJR067C,0,1.5200841,0.19158406555652618,0.9185256958007812,0.4008426070213318
YGR090W,YML075C,0,1.5190198,0.191545307636261,0.9185256958007812,0.40094292163848877
YGR186W,YGR091W,0,1.5189407,0.19150657951831818,0.9185256958007812,0.40104323625564575
YER069W,YPL230W,0,1.5181222,0.19146785140037537,0.9185256958007812,0.40114355087280273
YIR035C,YOL068C,0,1.5175474,0.19142915308475494,0.9185256958007812,0.4012438654899597
YGL023C,YKR098C,0,1.5163234,0.19139045476913452,0.9185256958007812,0.4013441801071167
YPL164C,YJR129C,0,1.5161119,0.1913517862558365,0.9185256958007812,0.4014444649219513
YHR123W,YJL138C,0,1.5148343,0.19131313264369965,0.9185256958007812,0.4015447795391083
YLR116W,YKL221W,0,1.5141017,0.191274493932724,0.9185256958007812,0.40164509415626526
YOR022C,YLR449W,0,1.5135796,0.19123587012290955,0.9185256958007812,0.40174540877342224
YJL115W,YNL047C,0,1.5132353,0.1911972612142563,0.9185256958007812,0.4018457233905792
YGL160W,YIL168W,0,1.5125508,0.19115865230560303,0.9185256958007812,0.4019460380077362
YIL016W,YCR071C,0,1.5118991,0.19112008810043335,0.9185256958007812,0.4020463526248932
YPL190C,YNL134C,0,1.5113139,0.19108152389526367,0.9185256958007812,0.40214666724205017
YLR332W,YGR048W,0,1.510937,0.1910429745912552,0.9185256958007812,0.40224695205688477
YML025C,YAL055W,0,1.5099581,0.1910044401884079,0.9185256958007812,0.40234726667404175
YLR132C,YIL114C,0,1.509855,0.1909659206867218,0.9185256958007812,0.40244758129119873
YOL008W,YHR034C,0,1.5093646,0.1909274160861969,0.9185256958007812,0.4025478959083557
YOR118W,YLR372W,0,1.5090832,0.1908889263868332,0.9185256958007812,0.4026482105255127
YER048C,YLR341W,0,1.5088261,0.19085046648979187,0.9185256958007812,0.4027485251426697
YGR028W,YGL201C,0,1.507716,0.19081200659275055,0.9185256958007812,0.40284883975982666
YGL255W,YCL011C,0,1.5065928,0.19077357649803162,0.9185256958007812,0.40294915437698364
YDR099W,YPR033C,0,1.5060362,0.19073514640331268,0.9185256958007812,0.40304943919181824
YML131W,YDR191W,0,1.5023782,0.19069673120975494,0.9185256958007812,0.4031497538089752
YJL010C,YPR075C,0,1.5023191,0.1906583458185196,0.9185256958007812,0.4032500684261322
YGL134W,YMR277W,0,1.5022663,0.19061996042728424,0.9185256958007812,0.4033503830432892
YDR214W,YEL046C,0,1.502218,0.19058160483837128,0.9185256958007812,0.40345069766044617
YMR202W,YJL076W,0,1.5009651,0.1905432641506195,0.9185256958007812,0.40355101227760315
YBR302C,YNR075W,1,1.4988023,0.19070608913898468,0.9194956421852112,0.40355101227760315
YPL246C,YFR044C,0,1.4978789,0.19066773355007172,0.9194956421852112,0.40365132689476013
YDR099W,YPL190C,0,1.4977263,0.19062939286231995,0.9194956421852112,0.4037516415119171
YPL016W,YKL027W,0,1.497285,0.19059106707572937,0.9194956421852112,0.4038519263267517
YPL053C,YOR375C,0,1.4969724,0.19055277109146118,0.9194956421852112,0.4039522409439087
YKL107W,YHR001W,0,1.4964969,0.190514475107193,0.9194956421852112,0.4040525555610657
YNL327W,YGR067C,0,1.4962819,0.190476194024086,0.9194956421852112,0.40415287017822266
YNL014W,YBR221C,0,1.4947379,0.1904379278421402,0.9194956421852112,0.40425318479537964
YDR394W,YOL041C,0,1.4946096,0.1903996765613556,0.9194956421852112,0.4043534994125366
YKL027W,YAR014C,0,1.4945889,0.19036144018173218,0.9194956421852112,0.4044538140296936
YCL020W,YPL030W,0,1.4942019,0.19032323360443115,0.9194956421852112,0.4045541286468506
YDR452W,YLR355C,0,1.49266,0.19028502702713013,0.9194956421852112,0.40465444326400757
YJL116C,YCR034W,0,1.492414,0.1902468353509903,0.9194956421852112,0.40475472807884216
YGR028W,YDL156W,0,1.4922066,0.19020867347717285,0.9194956421852112,0.40485504269599915
YOL016C,YPR023C,0,1.492148,0.1901705116033554,0.9194956421852112,0.40495535731315613
YJL204C,YKL008C,0,1.4912581,0.19013236463069916,0.9194956421852112,0.4050556719303131
YPL152W,YPL158C,0,1.4901364,0.1900942474603653,0.9194956421852112,0.4051559865474701
YPL158C,YLR256W,0,1.4898226,0.19005613029003143,0.9194956421852112,0.4052563011646271
YMR199W,YKR042W,0,1.4885342,0.19001804292201996,0.9194956421852112,0.40535661578178406
YOL006C,YNL229C,0,1.488426,0.18997995555400848,0.9194956421852112,0.40545693039894104
YPL009C,YIL046W,1,1.4882549,0.19014225900173187,0.9204655885696411,0.40545693039894104
YLL005C,YKL167C,0,1.4881212,0.1901041716337204,0.9204655885696411,0.40555721521377563
YBL099W,YCR070W,0,1.4880563,0.19006609916687012,0.9204655885696411,0.4056575298309326
YDR073W,YML072C,0,1.4879775,0.19002802670001984,0.9204655885696411,0.4057578444480896
YAR050W,YDL132W,0,1.487806,0.18998998403549194,0.9204655885696411,0.4058581590652466
YMR068W,YJR017C,0,1.4874719,0.18995195627212524,0.9204655885696411,0.40595847368240356
YJL028W,YLR155C,0,1.4865739,0.18991394340991974,0.9204655885696411,0.40605878829956055
YBR103W,YNL315C,0,1.4856135,0.18987594544887543,0.9204655885696411,0.40615910291671753
YPL118W,YJL100W,0,1.4854226,0.1898379623889923,0.9204655885696411,0.4062594175338745
YMR134W,YNL279W,0,1.4844214,0.18979999423027039,0.9204655885696411,0.4063597023487091
YEL003W,YDR264C,0,1.4841042,0.18976204097270966,0.9204655885696411,0.4064600169658661
YJR152W,YHR084W,0,1.4840597,0.1897241175174713,0.9204655885696411,0.40656033158302307
YGL201C,YJL137C,0,1.4837599,0.18968619406223297,0.9204655885696411,0.40666064620018005
YKR013W,YOR030W,0,1.4834819,0.18964828550815582,0.9204655885696411,0.40676096081733704
YHR079C-A,YOL060C,0,1.4830709,0.18961039185523987,0.9204655885696411,0.406861275434494
YPL030W,YOR312C,0,1.4824932,0.1895725131034851,0.9204655885696411,0.406961590051651
YBR133C,YLR205C,0,1.4820075,0.18953464925289154,0.9204655885696411,0.407061904668808
YNL264C,YHR188C,0,1.4819909,0.18949680030345917,0.9204655885696411,0.4071621894836426
YFL052W,YGR256W,0,1.4812379,0.18945898115634918,0.9204655885696411,0.40726250410079956
YOR128C,YLR307W,0,1.4812161,0.1894211620092392,0.9204655885696411,0.40736281871795654
YBR265W,YMR231W,0,1.4805293,0.1893833577632904,0.9204655885696411,0.4074631333351135
YGL022W,YGR256W,0,1.4805088,0.1893455684185028,0.9204655885696411,0.4075634479522705
YIL023C,YHR003C,0,1.4798534,0.1893077939748764,0.9204655885696411,0.4076637625694275
YJL047C,YCL010C,0,1.4789166,0.1892700493335724,0.9204655885696411,0.4077640771865845
YBR132C,YFL018C,0,1.4786355,0.18923230469226837,0.9204655885696411,0.40786439180374146
YCR023C,YDL066W,0,1.4786168,0.18919457495212555,0.9204655885696411,0.40796467661857605
YDR182W,YHR039C,0,1.4785112,0.18915686011314392,0.9204655885696411,0.40806499123573303
YHR115C,YCR079W,0,1.4783547,0.18911917507648468,0.9204655885696411,0.40816530585289
YLR174W,YLR210W,0,1.4783474,0.18908149003982544,0.9204655885696411,0.408265620470047
YOL006C,YNL154C,0,1.4782636,0.1890438199043274,0.9204655885696411,0.408365935087204
YDR462W,YDL092W,0,1.4779314,0.18900617957115173,0.9204655885696411,0.40846624970436096
YHR115C,YMR197C,0,1.4760942,0.18896853923797607,0.9204655885696411,0.40856656432151794
YDR194C,YPL081W,0,1.4759711,0.1889309138059616,0.9204655885696411,0.4086668789386749
YJL151C,YNL279W,0,1.4759257,0.18889331817626953,0.9204655885696411,0.4087671637535095
YLR069C,YBR167C,0,1.4757241,0.18885572254657745,0.9204655885696411,0.4088674783706665
YDR432W,YPL128C,0,1.4756846,0.18881814181804657,0.9204655885696411,0.4089677929878235
YIL091C,YDR480W,0,1.4754608,0.18878059089183807,0.9204655885696411,0.40906810760498047
YKR018C,YLR341W,0,1.4745765,0.18874303996562958,0.9204655885696411,0.40916842222213745
YBL084C,YMR197C,0,1.4745648,0.18870550394058228,0.9204655885696411,0.40926873683929443
YHR134W,YOR196C,0,1.4745647,0.18866799771785736,0.9204655885696411,0.4093690514564514
YJL137C,YKL012W,0,1.4739265,0.18863049149513245,0.9204655885696411,0.4094693660736084
YML110C,YPL029W,0,1.4737552,0.18859300017356873,0.9204655885696411,0.4095696806907654
YDR432W,YFL050C,0,1.4737325,0.1885555386543274,0.9204655885696411,0.4096699655056
YJL092W,YPR022C,0,1.4714231,0.18851807713508606,0.9204655885696411,0.40977028012275696
YPL055C,YIL067C,0,1.46982,0.18848063051700592,0.9204655885696411,0.40987059473991394
YGL224C,YKL046C,0,1.4683251,0.18844321370124817,0.9204655885696411,0.4099709093570709
YJL210W,YNL030W,0,1.4681259,0.18840579688549042,0.9204655885696411,0.4100712239742279
YHR063C,YFR004W,0,1.4674325,0.18836839497089386,0.9204655885696411,0.4101715385913849
YJL123C,YHR026W,0,1.4673253,0.1883310228586197,0.9204655885696411,0.41027185320854187
YNL264C,YGL077C,0,1.4669995,0.18829365074634552,0.9204655885696411,0.41037216782569885
YDL226C,YOR255W,0,1.4662492,0.18825629353523254,0.9204655885696411,0.41047245264053345
YML110C,YGL245W,0,1.4650309,0.18821896612644196,0.9204655885696411,0.41057276725769043
YLR410W,YGL160W,0,1.4642515,0.18818163871765137,0.9204655885696411,0.4106730818748474
YBR258C,YJR086W,0,1.4642098,0.18814432621002197,0.9204655885696411,0.4107733964920044
YNL035C,YER170W,0,1.4640139,0.18810704350471497,0.9204655885696411,0.4108737111091614
YGL086W,YJL203W,0,1.4638933,0.18806976079940796,0.9204655885696411,0.41097402572631836
YBL084C,YML064C,0,1.4634936,0.18803249299526215,0.9204655885696411,0.41107434034347534
YPL241C,YPL069C,0,1.462775,0.18799524009227753,0.9204655885696411,0.4111746549606323
YJR137C,YBR104W,0,1.4611363,0.1879580169916153,0.9204655885696411,0.4112749397754669
YMR068W,YNR069C,0,1.4609847,0.18792079389095306,0.9204655885696411,0.4113752543926239
YCR042C,YKR018C,0,1.4608545,0.18788358569145203,0.9204655885696411,0.4114755690097809
YLR336C,YBR004C,0,1.460012,0.18784639239311218,0.9204655885696411,0.41157588362693787
YMR280C,YDR489W,0,1.4587628,0.18780922889709473,0.9204655885696411,0.41167619824409485
YLR205C,YGR132C,0,1.4585539,0.18777206540107727,0.9204655885696411,0.41177651286125183
YLR242C,YMR236W,0,1.4585209,0.187734916806221,0.9204655885696411,0.4118768274784088
YGL054C,YOR360C,0,1.4584336,0.18769778311252594,0.9204655885696411,0.4119771420955658
YAL047C,YHR026W,0,1.4581532,0.18766066431999207,0.9204655885696411,0.4120774269104004
YKR060W,YBR070C,0,1.4575067,0.18762356042861938,0.9204655885696411,0.4121777415275574
YML069W,YDR540C,0,1.456823,0.1875864863395691,0.9204655885696411,0.41227805614471436
YJL063C,YMR067C,0,1.4563518,0.1875494122505188,0.9204655885696411,0.41237837076187134
YDL188C,YJR007W,0,1.4556761,0.1875123530626297,0.9204655885696411,0.4124786853790283
YDR171W,YMR190C,0,1.4555663,0.1874753087759018,0.9204655885696411,0.4125789999961853
YGR157W,YGR198W,0,1.4553154,0.18743827939033508,0.9204655885696411,0.4126793146133423
YLR144C,YDR221W,0,1.4552737,0.18740126490592957,0.9204655885696411,0.41277962923049927
YKL152C,YHR084W,0,1.4551625,0.18736426532268524,0.9204655885696411,0.41287991404533386
YIL091C,YDR294C,0,1.4540107,0.1873272806406021,0.9204655885696411,0.41298022866249084
YLR135W,YKR022C,0,1.4539834,0.18729031085968018,0.9204655885696411,0.4130805432796478
YHR007C,YBL002W,0,1.4539326,0.18725335597991943,0.9204655885696411,0.4131808578968048
YCL019W,YKR060W,0,1.4539298,0.18721641600131989,0.9204655885696411,0.4132811725139618
YBR234C,YER146W,0,1.4536372,0.18717949092388153,0.9204655885696411,0.4133814871311188
YGL121C,YLR256W,0,1.4527057,0.18714258074760437,0.9204655885696411,0.41348180174827576
YBR039W,YDR450W,0,1.4520121,0.1871056854724884,0.9204655885696411,0.41358211636543274
YGR227W,YJR113C,0,1.4515815,0.18706879019737244,0.9204655885696411,0.41368240118026733
YDL010W,YOL075C,0,1.4506328,0.18703192472457886,0.9204655885696411,0.4137827157974243
YFL034C-B,YBR227C,0,1.4505765,0.18699507415294647,0.9204655885696411,0.4138830304145813
YKR045C,YGL175C,0,1.4501169,0.18695823848247528,0.9204655885696411,0.4139833450317383
YER119C,YEL047C,0,1.4500953,0.18692141771316528,0.9204655885696411,0.41408365964889526
YIL085C,YER016W,0,1.4499494,0.18688459694385529,0.9204655885696411,0.41418397426605225
YDR382W,YHR152W,0,1.4499155,0.18684780597686768,0.9204655885696411,0.41428428888320923
YLR155C,YLL042C,0,1.4488688,0.18681102991104126,0.9204655885696411,0.4143846035003662
YMR251W-A,YER074W-A,0,1.4486679,0.18677425384521484,0.9204655885696411,0.4144848883152008
YOL128C,YOL044W,0,1.4484422,0.18673750758171082,0.9204655885696411,0.4145852029323578
YGL121C,YPR052C,0,1.4477335,0.1867007613182068,0.9204655885696411,0.41468551754951477
YBR253W,YLR336C,0,1.4448106,0.18666404485702515,0.9204655885696411,0.41478583216667175
YKL160W,YDR237W,0,1.4447882,0.1866273283958435,0.9204655885696411,0.41488614678382874
YHR191C,YBR104W,0,1.4437027,0.18659064173698425,0.9204655885696411,0.4149864614009857
YER039C,YPL217C,0,1.443576,0.186553955078125,0.9204655885696411,0.4150867760181427
YDL004W,YJR125C,0,1.4422958,0.18651729822158813,0.9204655885696411,0.4151870906352997
YNR023W,YPR023C,0,1.4401476,0.18648064136505127,0.9204655885696411,0.41528740525245667
YGR203W,YKL092C,0,1.438711,0.1864440143108368,0.9204655885696411,0.41538769006729126
YJL209W,YBL027W,0,1.4380713,0.18640738725662231,0.9204655885696411,0.41548800468444824
YBR234C,YGR109C,0,1.4375122,0.18637077510356903,0.9204655885696411,0.4155883193016052
YCL019W,YJL159W,0,1.4373896,0.18633417785167694,0.9204655885696411,0.4156886339187622
YMR164C,YIL082W-A,0,1.437375,0.18629761040210724,0.9204655885696411,0.4157889485359192
YGR133W,YGR195W,0,1.4372463,0.18626104295253754,0.9204655885696411,0.41588926315307617
YGL210W-A,YOR231W,0,1.4358383,0.18622449040412903,0.9204655885696411,0.41598957777023315
YCR088W,YOR336W,0,1.4355998,0.1861879527568817,0.9204655885696411,0.41608989238739014
YGR186W,YBL067C,0,1.4334881,0.1861514300107956,0.9204655885696411,0.41619017720222473
YBL006C,YOR336W,0,1.4329422,0.18611492216587067,0.9204655885696411,0.4162904918193817
YDR338C,YDR194C,0,1.4318776,0.18607842922210693,0.9204655885696411,0.4163908064365387
YNL257C,YLR077W,0,1.4316808,0.1860419511795044,0.9204655885696411,0.4164911210536957
YMR288W,YBR161W,0,1.4313756,0.18600548803806305,0.9204655885696411,0.41659143567085266
YGL181W,YPR065W,0,1.4304631,0.1859690397977829,0.9204655885696411,0.41669175028800964
YJL209W,YDL092W,0,1.4297433,0.18593260645866394,0.9204655885696411,0.4167920649051666
YGR277C,YIL031W,0,1.4268056,0.18589617311954498,0.9204655885696411,0.4168923795223236
YAL032C,YDR186C,0,1.426722,0.1858597695827484,0.9204655885696411,0.4169926643371582
YPL246C,YBL101C,0,1.4265025,0.18582338094711304,0.9204655885696411,0.4170929789543152
YGR192C,YGL011C,0,1.4259745,0.18578700721263885,0.9204655885696411,0.41719329357147217
YCR017C,YOR028C,0,1.4252439,0.18575063347816467,0.9204655885696411,0.41729360818862915
YJL115W,YNL116W,0,1.4248823,0.18571428954601288,0.9204655885696411,0.41739392280578613
YGR195W,YER166W,0,1.4243186,0.18567794561386108,0.9204655885696411,0.4174942374229431
YCR083W,YPL181W,0,1.4223174,0.18564163148403168,0.9204655885696411,0.4175945520401001
YPL037C,YKL092C,0,1.4219495,0.18560531735420227,0.9204655885696411,0.4176948666572571
YER078C,YOR173W,0,1.4218862,0.18556903302669525,0.9204655885696411,0.4177951514720917
YLR340W,YPL242C,0,1.4214913,0.18553274869918823,0.9204655885696411,0.41789546608924866
YJL177W,YBL097W,0,1.4182887,0.1854964792728424,0.9204655885696411,0.41799578070640564
YBL084C,YPR056W,0,1.4174759,0.18546022474765778,0.9204655885696411,0.4180960953235626
YDR162C,YCR043C,0,1.4174163,0.18542400002479553,0.9204655885696411,0.4181964099407196
YKR067W,YGR092W,0,1.4169683,0.1853877753019333,0.9204655885696411,0.4182967245578766
YGL166W,YDR186C,0,1.4166664,0.18535156548023224,0.9204655885696411,0.41839703917503357
YBR084C-A,YPR181C,0,1.415595,0.18531537055969238,0.9204655885696411,0.41849735379219055
YHR134W,YDR291W,0,1.4154508,0.18527919054031372,0.9204655885696411,0.41859763860702515
YPL230W,YOL068C,0,1.4149779,0.18524302542209625,0.9204655885696411,0.41869795322418213
YGR225W,YLR104W,1,1.4143925,0.1854020357131958,0.9214354753494263,0.41869795322418213
YNL071W,YLR144C,0,1.4134371,0.18536585569381714,0.9214354753494263,0.4187982678413391
YGL133W,YLL054C,0,1.4131393,0.18532969057559967,0.9214354753494263,0.4188985824584961
YGR278W,YML024W,0,1.4130957,0.1852935403585434,0.9214354753494263,0.4189988970756531
YMR291W,YJL076W,0,1.4129834,0.18525740504264832,0.9214354753494263,0.41909921169281006
YDR084C,YJR137C,0,1.41254,0.18522128462791443,0.9214354753494263,0.41919952630996704
YLR274W,YOL119C,0,1.411769,0.18518517911434174,0.9214354753494263,0.419299840927124
YHR065C,YOL075C,0,1.4114445,0.18514908850193024,0.9214354753494263,0.4194001257419586
YMR079W,YJL093C,0,1.4109972,0.18511301279067993,0.9214354753494263,0.4195004403591156
YPL055C,YER016W,0,1.4109588,0.18507695198059082,0.9214354753494263,0.4196007549762726
YPL249C-A,YPL046C,0,1.4109244,0.1850409060716629,0.9214354753494263,0.41970106959342957
YGL017W,YBR179C,0,1.4101832,0.18500487506389618,0.9214354753494263,0.41980138421058655
YOR362C,YOR064C,0,1.4099553,0.18496884405612946,0.9214354753494263,0.41990169882774353
YLR307W,YHR050W,0,1.4098604,0.18493284285068512,0.9214354753494263,0.4200020134449005
YGL224C,YJL111W,0,1.4097617,0.18489684164524078,0.9214354753494263,0.4201023280620575
YOR095C,YJL100W,0,1.409003,0.18486087024211884,0.9214354753494263,0.4202026426792145
YIR033W,YML007W,0,1.4086035,0.1848248988389969,0.9214354753494263,0.4203029274940491
YMR190C,YML075C,0,1.4069159,0.18478895723819733,0.9214354753494263,0.42040324211120605
YDL052C,YER018C,0,1.406147,0.18475301563739777,0.9214354753494263,0.42050355672836304
YOR229W,YML131W,0,1.4053898,0.1847170889377594,0.9214354753494263,0.42060387134552
YJL210W,YDR266C,0,1.405351,0.18468117713928223,0.9214354753494263,0.420704185962677
YNL139C,YKL157W,0,1.4034343,0.18464528024196625,0.9214354753494263,0.420804500579834
YDR043C,YJL154C,0,1.4033855,0.18460939824581146,0.9214354753494263,0.42090481519699097
YPL086C,YDR186C,0,1.4030651,0.18457353115081787,0.9214354753494263,0.42100512981414795
YJR129C,YKL216W,0,1.4028254,0.18453767895698547,0.9214354753494263,0.42110541462898254
YJL139C,YHR034C,0,1.4025486,0.18450184166431427,0.9214354753494263,0.4212057292461395
YHR003C,YNL003C,0,1.4024981,0.18446601927280426,0.9214354753494263,0.4213060438632965
YIL162W,YLR069C,0,1.4023099,0.18443021178245544,0.9214354753494263,0.4214063584804535
YML069W,YEL055C,0,1.4011803,0.18439440429210663,0.9214354753494263,0.4215066730976105
YNL126W,YMR135C,0,1.4007511,0.1843586266040802,0.9214354753494263,0.42160698771476746
YLR027C,YPL108W,0,1.4002943,0.18432284891605377,0.9214354753494263,0.42170730233192444
YCR068W,YCL020W,0,1.3995447,0.18428710103034973,0.9214354753494263,0.4218076169490814
YJL145W,YNL220W,0,1.3992021,0.1842513531446457,0.9214354753494263,0.421907901763916
YBR167C,YER166W,0,1.3988729,0.18421563506126404,0.9214354753494263,0.422008216381073
YNR073C,YLR378C,0,1.3971952,0.18417991697788239,0.9214354753494263,0.42210853099823
YOR094W,YKR087C,0,1.3971593,0.18414421379566193,0.9214354753494263,0.42220884561538696
YOR100C,YMR167W,0,1.3970305,0.18410852551460266,0.9214354753494263,0.42230916023254395
YPL227C,YDL044C,0,1.3960745,0.1840728521347046,0.9214354753494263,0.4224094748497009
YCR079W,YOR368W,0,1.3950723,0.1840371936559677,0.9214354753494263,0.4225097894668579
YPL237W,YNL090W,0,1.3943168,0.18400155007839203,0.9214354753494263,0.4226101040840149
YDL155W,YIL050W,0,1.3936726,0.18396592140197754,0.9214354753494263,0.4227103888988495
YPR052C,YLL010C,0,1.3936332,0.18393029272556305,0.9214354753494263,0.42281070351600647
YER054C,YJR129C,0,1.3936135,0.18389469385147095,0.9214354753494263,0.42291101813316345
YJR137C,YPL015C,0,1.3935534,0.18385910987854004,0.9214354753494263,0.42301133275032043
YKR022C,YLR119W,0,1.3931162,0.18382352590560913,0.9214354753494263,0.4231116473674774
YGR287C,YIL129C,0,1.3929424,0.1837879717350006,0.9214354753494263,0.4232119619846344
YNR026C,YFR009W,0,1.3921773,0.1837524175643921,0.9214354753494263,0.4233122766017914
YGR028W,YHR001W,0,1.3920827,0.18371687829494476,0.9214354753494263,0.42341259121894836
YLR368W,YBL101C,0,1.3914951,0.18368135392665863,0.9214354753494263,0.42351287603378296
YBR136W,YLL010C,0,1.3912169,0.18364585936069489,0.9214354753494263,0.42361319065093994
YER069W,YGL055W,0,1.3907298,0.18361036479473114,0.9214354753494263,0.4237135052680969
YIL082W-A,YLR027C,0,1.3900437,0.1835748851299286,0.9214354753494263,0.4238138198852539
YJL145W,YGR186W,0,1.3874359,0.18353940546512604,0.9214354753494263,0.4239141345024109
YDR156W,YGR261C,0,1.3845832,0.18350395560264587,0.9214354753494263,0.42401444911956787
YER016W,YDR143C,0,1.3836434,0.1834685206413269,0.9214354753494263,0.42411476373672485
YDL025C,YLR089C,0,1.3828033,0.18343310058116913,0.9214354753494263,0.42421507835388184
YPR082C,YNL058C,0,1.3826319,0.18339768052101135,0.9214354753494263,0.42431536316871643
YGL130W,YDL104C,0,1.3824692,0.18336229026317596,0.9214354753494263,0.4244156777858734
YDR085C,YDR316W,0,1.3822297,0.18332690000534058,0.9214354753494263,0.4245159924030304
YPL053C,YDL064W,0,1.3817759,0.18329152464866638,0.9214354753494263,0.4246163070201874
YGL130W,YBR098W,0,1.3815447,0.18325617909431458,0.9214354753494263,0.42471662163734436
YBR204C,YPL158C,0,1.3812287,0.18322083353996277,0.9214354753494263,0.42481693625450134
YNR073C,YGR209C,0,1.3808324,0.18318550288677216,0.9214354753494263,0.4249172508716583
YLR013W,YJL014W,0,1.3801496,0.18315018713474274,0.9214354753494263,0.4250175654888153
YMR134W,YBL105C,0,1.3790145,0.1831148862838745,0.9214354753494263,0.4251178801059723
YBR019C,YPL108W,0,1.3789303,0.1830795854330063,0.9214354753494263,0.4252181649208069
YDR191W,YOR339C,0,1.378158,0.18304431438446045,0.9214354753494263,0.42531847953796387
YJR056C,YGR231C,0,1.3780365,0.1830090582370758,0.9214354753494263,0.42541879415512085
YPL088W,YPR056W,0,1.3776084,0.18297380208969116,0.9214354753494263,0.42551910877227783
YKL049C,YJL184W,0,1.3768821,0.1829385757446289,0.9214354753494263,0.4256194233894348
YJR095W,YKR018C,0,1.3740218,0.18290334939956665,0.9214354753494263,0.4257197380065918
YFL024C,YKL139W,0,1.3734443,0.1828681379556656,0.9214354753494263,0.4258200526237488
YML008C,YPL057C,0,1.3726554,0.18283294141292572,0.9214354753494263,0.42592036724090576
YKL046C,YHR178W,0,1.3725973,0.18279777467250824,0.9214354753494263,0.42602065205574036
YIL066C,YNL093W,0,1.3725624,0.18276260793209076,0.9214354753494263,0.42612096667289734
YNL009W,YNL134C,0,1.3719797,0.18272744119167328,0.9214354753494263,0.4262212812900543
YLR352W,YHR204W,1,1.3715104,0.18288461863994598,0.9224054217338562,0.4262212812900543
YBR217W,YOL088C,0,1.3709844,0.1828494518995285,0.9224054217338562,0.4263215959072113
YHL022C,YLR035C,0,1.3703966,0.18281430006027222,0.9224054217338562,0.4264219105243683
YLR368W,YDL122W,1,1.370233,0.18297135829925537,0.9233753681182861,0.4264219105243683
YKL025C,YMR244C-A,0,1.3701994,0.18293620645999908,0.9233753681182861,0.42652222514152527
YIL162W,YNR075W,0,1.3698981,0.1829010546207428,0.9233753681182861,0.42662253975868225
YBR102C,YDL066W,0,1.3698401,0.1828659176826477,0.9233753681182861,0.42672285437583923
YOR214C,YIL050W,0,1.3694974,0.182830810546875,0.9233753681182861,0.42682313919067383
YDR385W,YOR295W,0,1.369153,0.1827957034111023,0.9233753681182861,0.4269234538078308
YDL155W,YKL209C,0,1.3685845,0.18276061117649078,0.9233753681182861,0.4270237684249878
YAR014C,YOR375C,0,1.3679122,0.18272553384304047,0.9233753681182861,0.4271240830421448
YGR186W,YHR128W,0,1.3677956,0.18269045650959015,0.9233753681182861,0.42722439765930176
YPL060C-A,YEL055C,0,1.3676765,0.18265540897846222,0.9233753681182861,0.42732471227645874
YHR121W,YDR316W,0,1.3672445,0.18262037634849548,0.9233753681182861,0.4274250268936157
YGL145W,YPR121W,0,1.3665094,0.18258534371852875,0.9233753681182861,0.4275253415107727
YGR033C,YGL133W,0,1.3661257,0.1825503408908844,0.9233753681182861,0.4276256263256073
YIR007W,YDL174C,0,1.3650765,0.18251533806324005,0.9233753681182861,0.4277259409427643
YFL016C,YKR025W,0,1.3649019,0.1824803501367569,0.9233753681182861,0.42782625555992126
YER021W,YML075C,0,1.3643621,0.18244537711143494,0.9233753681182861,0.42792657017707825
YNL275W,YBR044C,0,1.3622822,0.18241041898727417,0.9233753681182861,0.42802688479423523
YMR164C,YNL154C,0,1.3608232,0.1823754757642746,0.9233753681182861,0.4281271994113922
YGR186W,YPR056W,0,1.3607271,0.18234054744243622,0.9233753681182861,0.4282275140285492
YDR171W,YAR066W,0,1.3601866,0.18230563402175903,0.9233753681182861,0.4283278286457062
YHR032W,YLR178C,0,1.359669,0.18227072060108185,0.9233753681182861,0.42842811346054077
YJR093C,YKL092C,0,1.359306,0.18223583698272705,0.9233753681182861,0.42852842807769775
YOR149C,YBR018C,0,1.3571292,0.18220095336437225,0.9233753681182861,0.42862874269485474
YBR057C,YPL124W,0,1.3569368,0.18216609954833984,0.9233753681182861,0.4287290573120117
YML025C,YOR336W,0,1.356678,0.18213124573230743,0.9233753681182861,0.4288293719291687
YDR216W,YER141W,0,1.3564522,0.18209640681743622,0.9233753681182861,0.4289296865463257
YBR158W,YBR227C,1,1.3560185,0.18225282430648804,0.9243453145027161,0.4289296865463257
YJL099W,YKR039W,0,1.3555505,0.18221797049045563,0.9243453145027161,0.42903000116348267
YLR240W,YBL019W,0,1.3554767,0.1821831315755844,0.9243453145027161,0.42913031578063965
YOR321W,YCL030C,0,1.355391,0.18214832246303558,0.9243453145027161,0.42923060059547424
YOL008W,YDR153C,0,1.3552486,0.18211351335048676,0.9243453145027161,0.4293309152126312
YCR008W,YGR092W,0,1.3552248,0.18207871913909912,0.9243453145027161,0.4294312298297882
YGR227W,YJR056C,0,1.3543348,0.18204393982887268,0.9243453145027161,0.4295315444469452
YPL084W,YNL148C,0,1.3542113,0.18200916051864624,0.9243453145027161,0.4296318590641022
YML110C,YOR122C,0,1.3541701,0.1819744110107422,0.9243453145027161,0.42973217368125916
YGR277C,YPR065W,0,1.3538206,0.18193967640399933,0.9243453145027161,0.42983248829841614
YEL063C,YPL242C,0,1.3537166,0.18190494179725647,0.9243453145027161,0.4299328029155731
YDR338C,YGR096W,0,1.3534942,0.1818702220916748,0.9243453145027161,0.4300330877304077
YPL046C,YGR067C,0,1.3525431,0.18183553218841553,0.9243453145027161,0.4301334023475647
YPL008W,YPL066W,0,1.3523037,0.18180084228515625,0.9243453145027161,0.4302337169647217
YNR023W,YFL009W,0,1.3520961,0.18176616728305817,0.9243453145027161,0.43033403158187866
YNL125C,YCL027C-A,0,1.3517296,0.18173150718212128,0.9243453145027161,0.43043434619903564
YPL084W,YLR066W,0,1.3511922,0.1816968470811844,0.9243453145027161,0.4305346608161926
YDR385W,YDR210W,0,1.3503431,0.18166221678256989,0.9243453145027161,0.4306349754333496
YER065C,YJL118W,0,1.3498238,0.18162760138511658,0.9243453145027161,0.4307352900505066
YNL329C,YNL265C,0,1.3497285,0.18159298598766327,0.9243453145027161,0.4308356046676636
YGL086W,YPL181W,0,1.3492894,0.18155838549137115,0.9243453145027161,0.43093588948249817
YNL139C,YKR001C,0,1.3489474,0.18152381479740143,0.9243453145027161,0.43103620409965515
YKL220C,YGR092W,0,1.3484805,0.1814892441034317,0.9243453145027161,0.43113651871681213
YHR216W,YDR142C,0,1.3482356,0.18145468831062317,0.9243453145027161,0.4312368333339691
YFL055W,YFR009W,0,1.3480866,0.18142014741897583,0.9243453145027161,0.4313371479511261
YKL188C,YHR026W,0,1.3476584,0.1813856065273285,0.9243453145027161,0.4314374625682831
YFR042W,YCR020W-B,0,1.3467042,0.18135109543800354,0.9243453145027161,0.43153777718544006
YDR480W,YIR008C,0,1.3463666,0.1813165843486786,0.9243453145027161,0.43163809180259705
YDL025C,YIL017C,0,1.3462086,0.18128210306167603,0.9243453145027161,0.43173837661743164
YBL099W,YKR025W,0,1.3460481,0.18124762177467346,0.9243453145027161,0.4318386912345886
YER016W,YGL245W,0,1.3457338,0.1812131553888321,0.9243453145027161,0.4319390058517456
YGR157W,YPL118W,0,1.3457081,0.18117870390415192,0.9243453145027161,0.4320393204689026
YMR197C,YCR070W,0,1.3450353,0.18114426732063293,0.9243453145027161,0.43213963508605957
YER011W,YNL265C,0,1.3410262,0.18110984563827515,0.9243453145027161,0.43223994970321655
YGL017W,YLR117C,0,1.3409386,0.18107543885707855,0.9243453145027161,0.43234026432037354
YNL047C,YDR001C,0,1.3402834,0.18104103207588196,0.9243453145027161,0.4324405789375305
YOR284W,YMR134W,0,1.3399534,0.18100665509700775,0.9243453145027161,0.4325408637523651
YKL213C,YOR017W,0,1.3397857,0.18097227811813354,0.9243453145027161,0.4326411783695221
YPR185W,YFL008W,0,1.3397079,0.18093791604042053,0.9243453145027161,0.4327414929866791
YGL263W,YPL106C,1,1.3395694,0.18109339475631714,0.9253152012825012,0.4327414929866791
YBR203W,YDR202C,0,1.3389387,0.18105901777744293,0.9253152012825012,0.43284180760383606
YBL099W,YLR378C,0,1.3385761,0.1810246706008911,0.9253152012825012,0.43294212222099304
YDR506C,YOR367W,0,1.3383684,0.1809903234243393,0.9253152012825012,0.43304243683815
YGR249W,YNL134C,0,1.3381528,0.18095599114894867,0.9253152012825012,0.433142751455307
YDR237W,YOR064C,0,1.3377447,0.18092167377471924,0.9253152012825012,0.433243066072464
YLR297W,YCL038C,0,1.3372595,0.180887371301651,0.9253152012825012,0.4333433508872986
YOL115W,YIL023C,0,1.3370944,0.18085308372974396,0.9253152012825012,0.43344366550445557
YDR316W,YLR117C,0,1.3357553,0.18081879615783691,0.9253152012825012,0.43354398012161255
YGR207C,YEL047C,0,1.3354383,0.18078453838825226,0.9253152012825012,0.43364429473876953
YJL151C,YLR136C,0,1.3343117,0.1807502806186676,0.9253152012825012,0.4337446093559265
YML118W,YNR069C,0,1.3336027,0.18071603775024414,0.9253152012825012,0.4338449239730835
YOR115C,YJL111W,0,1.3334749,0.18068182468414307,0.9253152012825012,0.4339452385902405
YDL155W,YBR236C,0,1.3332672,0.180647611618042,0.9253152012825012,0.43404555320739746
YKL025C,YBL050W,0,1.3332424,0.18061339855194092,0.9253152012825012,0.43414583802223206
YNL088W,YDR382W,0,1.3332138,0.18057921528816223,0.9253152012825012,0.43424615263938904
YPR018W,YOR141C,0,1.332589,0.18054504692554474,0.9253152012825012,0.434346467256546
YIL041W,YOR130C,0,1.3319385,0.18051087856292725,0.9253152012825012,0.434446781873703
YJR129C,YGR207C,0,1.3318422,0.18047672510147095,0.9253152012825012,0.43454709649086
YHR039C,YKL046C,0,1.3314632,0.18044260144233704,0.9253152012825012,0.43464741110801697
YBR253W,YGR028W,0,1.3313658,0.18040847778320312,0.9253152012825012,0.43474772572517395
YDL188C,YER172C,0,1.3313102,0.1803743690252304,0.9253152012825012,0.43484804034233093
YJL116C,YDR171W,0,1.3301218,0.1803402602672577,0.9253152012825012,0.4349483251571655
YPL241C,YGL013C,0,1.3274405,0.18030618131160736,0.9253152012825012,0.4350486397743225
YBL100W-A,YIL017C,0,1.327282,0.18027210235595703,0.9253152012825012,0.4351489543914795
YGR287C,YAL047C,0,1.326462,0.1802380532026291,0.9253152012825012,0.4352492690086365
YLR226W,YLL054C,0,1.3258204,0.18020400404930115,0.9253152012825012,0.43534958362579346
YNL083W,YPL181W,0,1.3252863,0.1801699697971344,0.9253152012825012,0.43544989824295044
YGR033C,YIR022W,0,1.3248179,0.18013595044612885,0.9253152012825012,0.4355502128601074
YDR156W,YJR144W,0,1.3246139,0.18010194599628448,0.9253152012825012,0.4356505274772644
YHR188C,YOL148C,0,1.3245687,0.18006795644760132,0.9253152012825012,0.4357508420944214
YCL020W,YMR083W,0,1.3244921,0.18003396689891815,0.9253152012825012,0.435851126909256
YKL127W,YCL020W,0,1.3238552,0.18000000715255737,0.9253152012825012,0.43595144152641296
YNL124W,YGL121C,0,1.3226447,0.1799660474061966,0.9253152012825012,0.43605175614356995
YLR135W,YHR188C,0,1.321917,0.179932102560997,0.9253152012825012,0.43615207076072693
YLR064W,YOR197W,0,1.3210862,0.17989817261695862,0.9253152012825012,0.4362523853778839
YPR183W,YNL088W,0,1.3209432,0.17986425757408142,0.9253152012825012,0.4363526999950409
YCR073C,YJL100W,0,1.3204793,0.17983034253120422,0.9253152012825012,0.4364530146121979
YPL211W,YEL077C,0,1.3203118,0.17979645729064941,0.9253152012825012,0.43655332922935486
YHR063C,YDL147W,0,1.3201227,0.1797625720500946,0.9253152012825012,0.43665361404418945
YBL102W,YOR141C,0,1.3198313,0.17972871661186218,0.9253152012825012,0.43675392866134644
YMR263W,YGR074W,0,1.3196771,0.17969486117362976,0.9253152012825012,0.4368542432785034
YHR115C,YLL028W,0,1.3193665,0.17966102063655853,0.9253152012825012,0.4369545578956604
YEL004W,YJL002C,0,1.319319,0.1796271950006485,0.9253152012825012,0.4370548725128174
YKL101W,YMR291W,0,1.3191707,0.17959336936473846,0.9253152012825012,0.43715518712997437
YGR231C,YJL100W,0,1.3186195,0.17955957353115082,0.9253152012825012,0.43725550174713135
YLR378C,YKL220C,0,1.3170966,0.17952577769756317,0.9253152012825012,0.43735581636428833
YMR092C,YDR156W,0,1.3167233,0.17949199676513672,0.9253152012825012,0.4374561011791229
YFL050C,YJL020C,0,1.3159628,0.17945824563503265,0.9253152012825012,0.4375564157962799
YNL067W,YJR093C,0,1.3132626,0.1794244945049286,0.9253152012825012,0.4376567304134369
YMR231W,YIR010W,0,1.3129683,0.17939074337482452,0.9253152012825012,0.43775704503059387
YHR045W,YJR125C,0,1.3125945,0.17935702204704285,0.9253152012825012,0.43785735964775085
YCR042C,YKL222C,0,1.3110691,0.17932331562042236,0.9253152012825012,0.43795767426490784
YKL091C,YER042W,0,1.3109605,0.17928960919380188,0.9253152012825012,0.4380579888820648
YHR152W,YBL100W-A,0,1.3108417,0.1792559176683426,0.9253152012825012,0.4381583034992218
YJR113C,YEL020C,0,1.309835,0.1792222410440445,0.9253152012825012,0.4382585883140564
YJR064W,YDL122W,0,1.309504,0.1791885793209076,0.9253152012825012,0.4383589029312134
YER042W,YNL220W,0,1.3087603,0.17915493249893188,0.9253152012825012,0.43845921754837036
YML114C,YLR372W,0,1.308325,0.17912128567695618,0.9253152012825012,0.43855953216552734
YLR166C,YML110C,0,1.3081096,0.17908766865730286,0.9253152012825012,0.4386598467826843
YFL050C,YDR452W,0,1.3073968,0.17905405163764954,0.9253152012825012,0.4387601613998413
YML130C,YLL042C,0,1.3069217,0.1790204495191574,0.9253152012825012,0.4388604760169983
YGR215W,YJL099W,0,1.3067417,0.17898686230182648,0.9253152012825012,0.4389607906341553
YJR159W,YML008C,0,1.3066478,0.17895328998565674,0.9253152012825012,0.43906107544898987
YPR029C,YKL107W,0,1.3055037,0.1789197325706482,0.9253152012825012,0.43916139006614685
YDL159W,YDL044C,0,1.3053838,0.17888617515563965,0.9253152012825012,0.43926170468330383
YGR287C,YJR088C,0,1.3049649,0.1788526475429535,0.9253152012825012,0.4393620193004608
YFR046C,YPL088W,0,1.3046107,0.17881911993026733,0.9253152012825012,0.4394623339176178
YLR144C,YLR066W,0,1.3044515,0.17878560721874237,0.9253152012825012,0.4395626485347748
YJL145W,YMR244C-A,0,1.3044198,0.1787521094083786,0.9253152012825012,0.43966296315193176
YOR022C,YJL014W,0,1.3032942,0.17871862649917603,0.9253152012825012,0.43976327776908875
YMR119W,YLR274W,0,1.3030959,0.17868514358997345,0.9253152012825012,0.43986356258392334
YLR077W,YNL186W,0,1.3028069,0.17865169048309326,0.9253152012825012,0.4399638772010803
YFR051C,YBR135W,0,1.3023515,0.17861823737621307,0.9253152012825012,0.4400641918182373
YMR079W,YEL046C,0,1.3022132,0.17858479917049408,0.9253152012825012,0.4401645064353943
YMR309C,YKR065C,0,1.3019289,0.17855137586593628,0.9253152012825012,0.44026482105255127
YBR056W,YBL097W,0,1.3013988,0.17851796746253967,0.9253152012825012,0.44036513566970825
YOR361C,YHR072W-A,0,1.3013124,0.17848455905914307,0.9253152012825012,0.44046545028686523
YER122C,YOR375C,0,1.3012929,0.17845118045806885,0.9253152012825012,0.4405657649040222
YHR152W,YGR098C,0,1.3011775,0.17841780185699463,0.9253152012825012,0.4406660795211792
YLR148W,YDL104C,0,1.3004684,0.1783844381570816,0.9253152012825012,0.4407663643360138
YGR157W,YER078C,0,1.3002825,0.17835108935832977,0.9253152012825012,0.4408666789531708
YGL255W,YDL025C,0,1.2992771,0.17831775546073914,0.9253152012825012,0.44096699357032776
YOR229W,YBR068C,0,1.2982888,0.1782844364643097,0.9253152012825012,0.44106730818748474
YDL207W,YDR354W,0,1.2971114,0.17825111746788025,0.9253152012825012,0.4411676228046417
YNL002C,YDR394W,0,1.2966926,0.1782178282737732,0.9253152012825012,0.4412679374217987
YHL022C,YLR136C,0,1.2953717,0.17818453907966614,0.9253152012825012,0.4413682520389557
YJR064W,YPL069C,0,1.291043,0.17815126478672028,0.9253152012825012,0.44146856665611267
YER069W,YGL044C,0,1.2898389,0.1781180053949356,0.9253152012825012,0.44156885147094727
YDL010W,YDR267C,0,1.2896566,0.17808474600315094,0.9253152012825012,0.44166916608810425
YGL038C,YGR256W,0,1.2894613,0.17805151641368866,0.9253152012825012,0.44176948070526123
YNR026C,YBL005W-A,0,1.2893295,0.17801828682422638,0.9253152012825012,0.4418697953224182
YER021W,YJL115W,0,1.2890894,0.1779850721359253,0.9253152012825012,0.4419701099395752
YPR121W,YER018C,0,1.2890875,0.1779518723487854,0.9253152012825012,0.4420704245567322
YKR081C,YCR068W,0,1.2880611,0.1779186874628067,0.9253152012825012,0.44217073917388916
YMR024W,YCR033W,0,1.287501,0.1778855174779892,0.9253152012825012,0.44227105379104614
YOR115C,YDR155C,0,1.2862735,0.1778523474931717,0.9253152012825012,0.44237133860588074
YPR061C,YHR196W,0,1.2841827,0.17781919240951538,0.9253152012825012,0.4424716532230377
YIR022W,YDR354W,0,1.2839844,0.17778606712818146,0.9253152012825012,0.4425719678401947
YIL066C,YLR077W,0,1.2826445,0.17775294184684753,0.9253152012825012,0.4426722824573517
YPL029W,YGL181W,0,1.2824365,0.1777198165655136,0.9253152012825012,0.44277259707450867
YJL145W,YER065C,0,1.2824239,0.17768672108650208,0.9253152012825012,0.44287291169166565
YPL081W,YOR058C,0,1.2821258,0.17765362560749054,0.9253152012825012,0.44297322630882263
YGL100W,YHR166C,0,1.2815105,0.1776205599308014,0.9253152012825012,0.4430735409259796
YGL224C,YGL008C,0,1.2808213,0.17758749425411224,0.9253152012825012,0.4431738257408142
YGL013C,YPL124W,0,1.2796671,0.1775544434785843,0.9253152012825012,0.4432741403579712
YGR048W,YJR141W,1,1.2789857,0.1777074784040451,0.9262851476669312,0.4432741403579712
YNL037C,YOR214C,0,1.2788942,0.17767441272735596,0.9262851476669312,0.4433744549751282
YPL020C,YHR084W,0,1.2784369,0.177641361951828,0.9262851476669312,0.44347476959228516
YLR148W,YER122C,0,1.27789,0.17760832607746124,0.9262851476669312,0.44357508420944214
YIL099W,YDR363W,0,1.2773783,0.17757530510425568,0.9262851476669312,0.4436753988265991
YDL020C,YGL054C,0,1.2771844,0.1775422990322113,0.9262851476669312,0.4437757134437561
YMR106C,YGL153W,0,1.2770145,0.17750929296016693,0.9262851476669312,0.4438760280609131
YOR361C,YGL160W,0,1.2768524,0.17747630178928375,0.9262851476669312,0.4439763128757477
YOR007C,YKR003W,0,1.276717,0.17744332551956177,0.9262851476669312,0.44407662749290466
YDL005C,YOR017W,0,1.2746935,0.17741036415100098,0.9262851476669312,0.44417694211006165
YHR094C,YKL084W,0,1.2738115,0.17737741768360138,0.9262851476669312,0.44427725672721863
YPR029C,YDR221W,0,1.2722306,0.17734447121620178,0.9262851476669312,0.4443775713443756
YDR162C,YIL044C,0,1.2718354,0.17731155455112457,0.9262851476669312,0.4444778859615326
YPR082C,YCR071C,0,1.270668,0.17727863788604736,0.9262851476669312,0.4445782005786896
YBR004C,YIL031W,0,1.2704918,0.17724573612213135,0.9262851476669312,0.44467851519584656
YJL184W,YBL071W-A,0,1.2695286,0.17721283435821533,0.9262851476669312,0.44477880001068115
YPL256C,YOL089C,0,1.2692487,0.1771799623966217,0.9262851476669312,0.44487911462783813
YBR103W,YNR073C,0,1.2682793,0.17714709043502808,0.9262851476669312,0.4449794292449951
YOR256C,YDR161W,1,1.2673345,0.17729970812797546,0.9272550940513611,0.4449794292449951
YKL071W,YOL044W,0,1.2668076,0.17726682126522064,0.9272550940513611,0.4450797438621521
YBR216C,YIR008C,0,1.266035,0.1772339642047882,0.9272550940513611,0.4451800584793091
YOR368W,YJL154C,0,1.2654911,0.17720110714435577,0.9272550940513611,0.44528037309646606
YDR027C,YKR046C,0,1.2654552,0.17716827988624573,0.9272550940513611,0.44538068771362305
YHL009C,YGR203W,0,1.2652373,0.17713545262813568,0.9272550940513611,0.44548100233078003
YNL058C,YPR004C,0,1.2651135,0.17710262537002563,0.9272550940513611,0.4455812871456146
YGR133W,YIR033W,0,1.2643884,0.17706982791423798,0.9272550940513611,0.4456816017627716
YKL188C,YPL029W,0,1.2631426,0.17703703045845032,0.9272550940513611,0.4457819163799286
YDR210W,YPL088W,0,1.2625419,0.17700426280498505,0.9272550940513611,0.44588223099708557
YJL145W,YER172C,0,1.2619268,0.17697149515151978,0.9272550940513611,0.44598254561424255
YPL118W,YKL157W,0,1.2598296,0.1769387423992157,0.9272550940513611,0.44608286023139954
YFL050C,YPL069C,0,1.2584639,0.17690598964691162,0.9272550940513611,0.4461831748485565
YBR201W,YMR251W-A,0,1.2573574,0.17687326669692993,0.9272550940513611,0.4462834894657135
YCL026C-A,YNL093W,0,1.2572079,0.17684054374694824,0.9272550940513611,0.4463838040828705
YLR166C,YGL121C,0,1.2570722,0.17680783569812775,0.9272550940513611,0.4464840888977051
YKL213C,YJR067C,0,1.2567751,0.17677514255046844,0.9272550940513611,0.44658440351486206
YDR311W,YHL009C,0,1.2566588,0.17674246430397034,0.9272550940513611,0.44668471813201904
YKL163W,YGL121C,0,1.2564608,0.17670980095863342,0.9272550940513611,0.446785032749176
YPL241C,YIR035C,0,1.2557849,0.1766771376132965,0.9272550940513611,0.446885347366333
YHR191C,YIR028W,0,1.2549585,0.1766444891691208,0.9272550940513611,0.44698566198349
YDR073W,YIL063C,0,1.2545345,0.17661185562610626,0.9272550940513611,0.447085976600647
YHR183W,YIL122W,0,1.2538223,0.17657923698425293,0.9272550940513611,0.44718629121780396
YHR050W,YJR067C,0,1.2534833,0.1765466332435608,0.9272550940513611,0.44728657603263855
YDR446W,YPR124W,0,1.2520201,0.17651402950286865,0.9272550940513611,0.44738689064979553
YLR144C,YHR026W,0,1.251554,0.1764814406633377,0.9272550940513611,0.4474872052669525
YPL237W,YLR431C,0,1.2501192,0.17644886672496796,0.9272550940513611,0.4475875198841095
YAL009W,YGL097W,0,1.2496554,0.1764163076877594,0.9272550940513611,0.4476878345012665
YBR073W,YGR068C,0,1.2488673,0.17638376355171204,0.9272550940513611,0.44778814911842346
YKL184W,YGL179C,0,1.2475536,0.17635121941566467,0.9272550940513611,0.44788846373558044
YGL133W,YPL005W,0,1.2471176,0.1763187050819397,0.9272550940513611,0.4479887783527374
YDR180W,YJL154C,0,1.2461194,0.17628619074821472,0.9272550940513611,0.448089063167572
YKR080W,YML058W,0,1.2450726,0.17625369131565094,0.9272550940513611,0.448189377784729
YHL022C,YKL137W,0,1.244907,0.17622119188308716,0.9272550940513611,0.448289692401886
YOL058W,YML065W,0,1.2447095,0.17618872225284576,0.9272550940513611,0.44839000701904297
YJR043C,YBR239C,0,1.2446557,0.17615625262260437,0.9272550940513611,0.44849032163619995
YDR394W,YPL012W,0,1.2445805,0.17612379789352417,0.9272550940513611,0.44859063625335693
YFR042W,YNL030W,0,1.2445168,0.17609135806560516,0.9272550940513611,0.4486909508705139
YML110C,YLR069C,0,1.2442483,0.17605893313884735,0.9272550940513611,0.4487912654876709
YBR199W,YIL097W,0,1.2436872,0.17602650821208954,0.9272550940513611,0.4488915503025055
YFL018C,YML008C,0,1.2433596,0.1759941130876541,0.9272550940513611,0.4489918649196625
YDL002C,YNL009W,0,1.2428865,0.1759617179632187,0.9272550940513611,0.44909217953681946
YGR247W,YOR339C,0,1.2428848,0.17592933773994446,0.9272550940513611,0.44919249415397644
YNL058C,YFL008W,0,1.2424636,0.17589695751667023,0.9272550940513611,0.4492928087711334
YER183C,YIL110W,0,1.242342,0.17586460709571838,0.9272550940513611,0.4493931233882904
YDR311W,YHR124W,0,1.2416308,0.17583225667476654,0.9272550940513611,0.4494934380054474
YBR084C-A,YJL138C,0,1.2411448,0.1757999211549759,0.9272550940513611,0.44959375262260437
YGL043W,YHR018C,0,1.2403877,0.17576760053634644,0.9272550940513611,0.44969403743743896
YGL245W,YDR480W,0,1.2400953,0.17573529481887817,0.9272550940513611,0.44979435205459595
YAR050W,YDL147W,0,1.2393875,0.1757029891014099,0.9272550940513611,0.44989466667175293
YPR058W,YKL193C,0,1.2389055,0.17567071318626404,0.9272550940513611,0.4499949812889099
YDR314C,YLR027C,0,1.2388537,0.17563843727111816,0.9272550940513611,0.4500952959060669
YLR297W,YKR025W,0,1.2378383,0.17560617625713348,0.9272550940513611,0.4501956105232239
YKR010C,YLR225C,0,1.2369642,0.1755739152431488,0.9272550940513611,0.45029592514038086
YCR027C,YLR424W,0,1.236501,0.1755416840314865,0.9272550940513611,0.45039623975753784
YNL082W,YBR215W,0,1.236438,0.17550945281982422,0.9272550940513611,0.45049652457237244
YDR147W,YLL054C,0,1.2359571,0.17547723650932312,0.9272550940513611,0.4505968391895294
YKL071W,YPL005W,0,1.2355102,0.17544503509998322,0.9272550940513611,0.4506971538066864
YKR067W,YDL159W,0,1.2352931,0.1754128485918045,0.9272550940513611,0.4507974684238434
YPL029W,YPR140W,0,1.2346207,0.1753806620836258,0.9272550940513611,0.45089778304100037
YJR047C,YMR119W,0,1.2345188,0.17534849047660828,0.9272550940513611,0.45099809765815735
YML078W,YAR003W,0,1.2344967,0.17531633377075195,0.9272550940513611,0.45109841227531433
YFL062W,YLR027C,0,1.2338855,0.17528419196605682,0.9272550940513611,0.4511987268924713
YPR151C,YHL020C,0,1.2335851,0.1752520650625229,0.9272550940513611,0.4512990415096283
YOR368W,YKR029C,0,1.2318195,0.17521993815898895,0.9272550940513611,0.4513993263244629
YKL113C,YML058W,0,1.2315044,0.1751878261566162,0.9272550940513611,0.4514996409416199
YPR025C,YDR489W,0,1.2313565,0.17515572905540466,0.9272550940513611,0.45159995555877686
YCR069W,YHR045W,0,1.2307154,0.1751236468553543,0.9272550940513611,0.45170027017593384
YDR142C,YGL134W,0,1.2302911,0.17509157955646515,0.9272550940513611,0.4518005847930908
YLR024C,YOR249C,1,1.2302587,0.17524263262748718,0.928225040435791,0.4518005847930908
YDL212W,YPL016W,0,1.225484,0.17521055042743683,0.928225040435791,0.4519008994102478
YGR287C,YDL155W,0,1.2249938,0.17517846822738647,0.928225040435791,0.4520012140274048
YCL045C,YLR449W,0,1.2228067,0.1751464158296585,0.928225040435791,0.45210152864456177
YKR087C,YML065W,0,1.2223427,0.17511436343193054,0.928225040435791,0.45220181345939636
YGR287C,YNL009W,0,1.2222365,0.17508232593536377,0.928225040435791,0.45230212807655334
YOR312C,YBR008C,0,1.2212083,0.1750503033399582,0.928225040435791,0.4524024426937103
YBR216C,YIL031W,0,1.2209661,0.1750182956457138,0.928225040435791,0.4525027573108673
YLR421C,YLR095C,0,1.2209475,0.17498628795146942,0.928225040435791,0.4526030719280243
YEL077C,YDR489W,0,1.220878,0.17495429515838623,0.928225040435791,0.4527033865451813
YNL082W,YJR056C,0,1.2194564,0.17492231726646423,0.928225040435791,0.45280370116233826
YML064C,YMR052W,0,1.2191688,0.17489035427570343,0.928225040435791,0.45290401577949524
YMR021C,YGR033C,0,1.2182618,0.17485839128494263,0.928225040435791,0.45300430059432983
YJL042W,YGR247W,0,1.2175653,0.1748264580965042,0.928225040435791,0.4531046152114868
YGR192C,YGL181W,0,1.2175391,0.1747945249080658,0.928225040435791,0.4532049298286438
YNL323W,YPL037C,0,1.2169287,0.17476260662078857,0.928225040435791,0.4533052444458008
YOL033W,YAL014C,0,1.2146416,0.17473068833351135,0.928225040435791,0.45340555906295776
YIR010W,YBL019W,0,1.2136965,0.17469879984855652,0.928225040435791,0.45350587368011475
YDR311W,YML064C,0,1.2134129,0.17466691136360168,0.928225040435791,0.45360618829727173
YLR057W,YOR210W,0,1.2127004,0.17463503777980804,0.928225040435791,0.4537065029144287
YDL025C,YKR087C,0,1.2116952,0.1746031790971756,0.928225040435791,0.4538067877292633
YOL128C,YGL131C,0,1.2109426,0.17457132041454315,0.928225040435791,0.4539071023464203
YOR312C,YML010W,0,1.2109047,0.1745394915342331,0.928225040435791,0.45400741696357727
YBR235W,YGR038W,0,1.2096918,0.17450766265392303,0.928225040435791,0.45410773158073425
YIL066C,YOR094W,0,1.2090998,0.17447584867477417,0.928225040435791,0.45420804619789124
YDR097C,YIL110W,0,1.2084658,0.1744440346956253,0.928225040435791,0.4543083608150482
YOL054W,YJR141W,1,1.2083132,0.17459449172019958,0.9291949272155762,0.4543083608150482
YOL075C,YLL015W,0,1.2080231,0.17456267774105072,0.9291949272155762,0.4544086754322052
YKL035W,YGL079W,0,1.2078844,0.17453087866306305,0.9291949272155762,0.4545089900493622
YIL099W,YOR371C,0,1.2074101,0.17449909448623657,0.9291949272155762,0.4546092748641968
YNL327W,YIL168W,0,1.2062538,0.1744673103094101,0.9291949272155762,0.45470958948135376
YHR001W,YOR231W,0,1.2055895,0.1744355410337448,0.9291949272155762,0.45480990409851074
YGL017W,YKL157W,0,1.2048221,0.17440378665924072,0.9291949272155762,0.4549102187156677
YER078C,YNL329C,0,1.2040775,0.17437204718589783,0.9291949272155762,0.4550105333328247
YNL064C,YAR008W,0,1.2033387,0.17434030771255493,0.9291949272155762,0.4551108479499817
YEL034W,YDL147W,0,1.2025862,0.17430858314037323,0.9291949272155762,0.45521116256713867
YPR029C,YJR019C,0,1.201872,0.17427687346935272,0.9291949272155762,0.45531147718429565
YPL024W,YCR043C,0,1.2004747,0.1742451786994934,0.9291949272155762,0.45541176199913025
YHR188C,YOL058W,0,1.2003155,0.1742134988307953,0.9291949272155762,0.45551207661628723
YIR003W,YHR188C,0,1.1979411,0.17418181896209717,0.9291949272155762,0.4556123912334442
YGL156W,YDR186C,0,1.1978918,0.17415015399456024,0.9291949272155762,0.4557127058506012
YOL130W,YDL122W,0,1.1973656,0.1741185039281845,0.9291949272155762,0.4558130204677582
YJR056C,YGR091W,0,1.1964803,0.17408686876296997,0.9291949272155762,0.45591333508491516
YCR034W,YGR163W,0,1.1963272,0.17405523359775543,0.9291949272155762,0.45601364970207214
YDR216W,YIL082W-A,0,1.1960404,0.1740236133337021,0.9291949272155762,0.4561139643192291
YDR506C,YPL181W,0,1.1943657,0.17399200797080994,0.9291949272155762,0.4562142789363861
YDL104C,YDR001C,0,1.193785,0.17396041750907898,0.9291949272155762,0.4563145637512207
YHR123W,YGL245W,0,1.1934216,0.17392882704734802,0.9291949272155762,0.4564148783683777
YDR084C,YOR153W,0,1.1923845,0.17389726638793945,0.9291949272155762,0.45651519298553467
YHR134W,YNL083W,0,1.1921196,0.17386570572853088,0.9291949272155762,0.45661550760269165
YKL027W,YDR267C,0,1.1912738,0.17383414506912231,0.9291949272155762,0.45671582221984863
YBR221C,YHR176W,0,1.1912489,0.17380261421203613,0.9291949272155762,0.4568161368370056
YNL037C,YCR023C,0,1.1909957,0.17377108335494995,0.9291949272155762,0.4569164514541626
YGR108W,YBL019W,0,1.1908315,0.17373956739902496,0.9291949272155762,0.4570167660713196
YGR287C,YDR349C,0,1.190332,0.17370806634426117,0.9291949272155762,0.4571170508861542
YPR121W,YOR003W,0,1.1899581,0.17367658019065857,0.9291949272155762,0.45721736550331116
YJL076W,YOL049W,0,1.1885006,0.17364509403705597,0.9291949272155762,0.45731768012046814
YML131W,YBR221C,0,1.187613,0.17361362278461456,0.9291949272155762,0.4574179947376251
YML131W,YJL091C,0,1.1864657,0.17358216643333435,0.9291949272155762,0.4575183093547821
YNL053W,YBR098W,0,1.1862528,0.17355072498321533,0.9291949272155762,0.4576186239719391
YLR128W,YDL236W,0,1.185441,0.1735192835330963,0.9291949272155762,0.45771893858909607
YAL001C,YGL032C,0,1.1853511,0.17348787188529968,0.9291949272155762,0.45781925320625305
YOR035C,YPL192C,0,1.1851981,0.17345646023750305,0.9291949272155762,0.45791953802108765
YGL255W,YNL139C,0,1.1815102,0.17342504858970642,0.9291949272155762,0.45801985263824463
YDL064W,YLR035C,0,1.1798596,0.17339366674423218,0.9291949272155762,0.4581201672554016
YBR084C-A,YIR003W,0,1.1782374,0.17336228489875793,0.9291949272155762,0.4582204818725586
YGR287C,YDL178W,0,1.1779829,0.17333091795444489,0.9291949272155762,0.4583207964897156
YBR265W,YJL118W,0,1.1768122,0.17329956591129303,0.9291949272155762,0.45842111110687256
YHR128W,YPL015C,0,1.175931,0.17326822876930237,0.9291949272155762,0.45852142572402954
YOR284W,YLR398C,0,1.1759282,0.1732368916273117,0.9291949272155762,0.4586217403411865
YBL005W-A,YMR231W,0,1.1757319,0.17320556938648224,0.9291949272155762,0.4587220251560211
YOR173W,YLR095C,0,1.1754588,0.17317426204681396,0.9291949272155762,0.4588223397731781
YGR172C,YGR261C,0,1.1751813,0.1731429547071457,0.9291949272155762,0.4589226543903351
YGL255W,YOL027C,0,1.1740255,0.1731116771697998,0.9291949272155762,0.45902296900749207
YBR152W,YJL002C,0,1.1739336,0.17308039963245392,0.9291949272155762,0.45912328362464905
YML029W,YDR409W,0,1.1731418,0.17304913699626923,0.9291949272155762,0.45922359824180603
YFR046C,YLR225C,0,1.1716542,0.17301787436008453,0.9291949272155762,0.459323912858963
YLR132C,YER141W,0,1.1712093,0.17298664152622223,0.9291949272155762,0.45942422747612
YBL046W,YGL131C,0,1.1690642,0.17295540869235992,0.9291949272155762,0.4595245122909546
YKL208W,YIL044C,0,1.1686952,0.1729241907596588,0.9291949272155762,0.4596248269081116
YGR121C,YMR121C,0,1.1686916,0.1728929728269577,0.9291949272155762,0.45972514152526855
YHR062C,YDR001C,0,1.1672323,0.17286178469657898,0.9291949272155762,0.45982545614242554
YJR152W,YLR275W,0,1.1658417,0.17283059656620026,0.9291949272155762,0.4599257707595825
YCR073C,YAR071W,0,1.1657233,0.17279942333698273,0.9291949272155762,0.4600260853767395
YDR184C,YBR084C-A,0,1.1652876,0.1727682650089264,0.9291949272155762,0.4601263999938965
YBR077C,YKR099C-A,0,1.1647956,0.17273710668087006,0.9291949272155762,0.46022671461105347
YPL275W,YJL203W,0,1.163995,0.17270596325397491,0.9291949272155762,0.46032699942588806
YDR225W,YBR056W,0,1.1639632,0.17267483472824097,0.9291949272155762,0.46042731404304504
YMR293C,YGR284C,0,1.1633743,0.1726437211036682,0.9291949272155762,0.460527628660202
YKL188C,YAL001C,0,1.1627778,0.17261260747909546,0.9291949272155762,0.460627943277359
YLR398C,YNL106C,0,1.1621355,0.1725815236568451,0.9291949272155762,0.460728257894516
YLR406C,YBR236C,0,1.1611322,0.17255042493343353,0.9291949272155762,0.460828572511673
YJR129C,YNL305C,0,1.1609573,0.17251935601234436,0.9291949272155762,0.46092888712882996
YJR105W,YKR022C,0,1.1601299,0.17248830199241638,0.9291949272155762,0.46102920174598694
YBR229C,YLL042C,0,1.1590674,0.1724572479724884,0.9291949272155762,0.46112948656082153
YCL062W,YLL039C,0,1.158583,0.17242620885372162,0.9291949272155762,0.4612298011779785
YKR029C,YOL068C,0,1.1578,0.17239518463611603,0.9291949272155762,0.4613301157951355
YLL052C,YJL014W,0,1.1570708,0.17236416041851044,0.9291949272155762,0.4614304304122925
YJL092W,YOR073W,0,1.156887,0.17233315110206604,0.9291949272155762,0.46153074502944946
YJL207C,YNL169C,0,1.1560514,0.17230215668678284,0.9291949272155762,0.46163105964660645
YMR214W,YBR167C,0,1.1557937,0.17227117717266083,0.9291949272155762,0.4617313742637634
YNL088W,YDL092W,0,1.1556793,0.17224019765853882,0.9291949272155762,0.4618316888809204
YAL001C,YGL097W,0,1.1543332,0.172209233045578,0.9291949272155762,0.4619320034980774
YIL010W,YPL230W,0,1.1543021,0.17217828333377838,0.9291949272155762,0.462032288312912
YFL050C,YDL010W,0,1.1538749,0.17214734852313995,0.9291949272155762,0.46213260293006897
YNL186W,YBR227C,1,1.153712,0.17229607701301575,0.9301648736000061,0.46213260293006897
YLR372W,YLR110C,0,1.1536582,0.17226512730121613,0.9301648736000061,0.46223291754722595
YLR138W,YOR367W,0,1.153407,0.1722341924905777,0.9301648736000061,0.46233323216438293
YNL053W,YLR210W,0,1.1533656,0.17220327258110046,0.9301648736000061,0.4624335467815399
YKR003W,YDR489W,0,1.1533413,0.17217235267162323,0.9301648736000061,0.4625338613986969
YDR054C,YLR368W,1,1.152362,0.17232094705104828,0.931134819984436,0.4625338613986969
YLR298C,YDR156W,0,1.1519653,0.17229002714157104,0.931134819984436,0.4626341760158539
YDL079C,YGL156W,0,1.1518714,0.1722591072320938,0.931134819984436,0.46273449063301086
YDR027C,YBR135W,0,1.1513021,0.17222820222377777,0.931134819984436,0.46283477544784546
YBR293W,YCR083W,0,1.150733,0.17219731211662292,0.931134819984436,0.46293509006500244
YML114C,YDR338C,0,1.1501952,0.17216642200946808,0.931134819984436,0.4630354046821594
YBR079C,YGL181W,0,1.1495733,0.17213556170463562,0.931134819984436,0.4631357192993164
YDR339C,YML026C,0,1.1490983,0.17210470139980316,0.931134819984436,0.4632360339164734
YBL102W,YML064C,0,1.148144,0.1720738410949707,0.931134819984436,0.46333634853363037
YHR079C-A,YKL139W,0,1.1480554,0.17204301059246063,0.931134819984436,0.46343666315078735
YGR287C,YBL097W,0,1.1475103,0.17201218008995056,0.931134819984436,0.46353697776794434
YHR187W,YML111W,0,1.1466966,0.17198136448860168,0.931134819984436,0.46363726258277893
YCL040W,YBR221C,0,1.1463642,0.171950563788414,0.931134819984436,0.4637375771999359
YCR048W,YDL174C,0,1.1458127,0.1719197779893875,0.931134819984436,0.4638378918170929
YBR215W,YMR134W,0,1.1451916,0.17188899219036102,0.931134819984436,0.4639382064342499
YJR090C,YNL229C,0,1.1443789,0.17185822129249573,0.931134819984436,0.46403852105140686
YFR052W,YGL263W,1,1.1440912,0.17200644314289093,0.932104766368866,0.46403852105140686
YBR088C,YDL174C,0,1.1422822,0.17197565734386444,0.932104766368866,0.46413883566856384
YKL025C,YGR172C,0,1.1417619,0.17194488644599915,0.932104766368866,0.4642391502857208
YLR081W,YNR032W,0,1.1413792,0.17191413044929504,0.932104766368866,0.4643394649028778
YLR242C,YNL125C,0,1.139816,0.17188338935375214,0.932104766368866,0.4644397497177124
YLR205C,YBR152W,0,1.1385922,0.17185264825820923,0.932104766368866,0.4645400643348694
YDR147W,YGL133W,0,1.1378658,0.17182192206382751,0.932104766368866,0.46464037895202637
YJL051W,YBR227C,0,1.1376696,0.171791210770607,0.932104766368866,0.46474069356918335
YPL046C,YKR039W,0,1.1372428,0.17176049947738647,0.932104766368866,0.46484100818634033
YHR039C,YMR216C,0,1.1366427,0.17172980308532715,0.932104766368866,0.4649413228034973
YPL275W,YGR261C,0,1.1359285,0.17169912159442902,0.932104766368866,0.4650416374206543
YJL074C,YKL055C,0,1.1354446,0.17166845500469208,0.932104766368866,0.4651419520378113
YLR077W,YPL084W,0,1.1345239,0.17163778841495514,0.932104766368866,0.4652422368526459
YJR067C,YPL108W,0,1.1344521,0.1716071367263794,0.932104766368866,0.46534255146980286
YBL084C,YDR538W,0,1.1340154,0.17157649993896484,0.932104766368866,0.46544286608695984
YOL089C,YNL093W,0,1.1334609,0.1715458780527115,0.932104766368866,0.4655431807041168
YGR257C,YGR098C,0,1.1318475,0.17151525616645813,0.932104766368866,0.4656434953212738
YJL177W,YJR105W,0,1.131041,0.17148464918136597,0.932104766368866,0.4657438099384308
YNL329C,YCR043C,0,1.1307834,0.171454057097435,0.932104766368866,0.46584412455558777
YJR159W,YLR368W,0,1.1306697,0.17142347991466522,0.932104766368866,0.46594443917274475
YEL071W,YOR198C,0,1.1293765,0.17139290273189545,0.932104766368866,0.46604472398757935
YOR344C,YPL108W,0,1.1292297,0.17136234045028687,0.932104766368866,0.46614503860473633
YIR034C,YLR393W,0,1.1266322,0.17133179306983948,0.932104766368866,0.4662453532218933
YNL069C,YGR092W,0,1.1260872,0.1713012456893921,0.932104766368866,0.4663456678390503
YHR042W,YGL012W,0,1.1258936,0.1712707132101059,0.932104766368866,0.4664459824562073
YFL034C-B,YIL031W,0,1.1254419,0.1712401956319809,0.932104766368866,0.46654629707336426
YDR006C,YOR095C,0,1.1253926,0.1712096929550171,0.932104766368866,0.46664661169052124
YEL077C,YOR339C,0,1.1250582,0.17117919027805328,0.932104766368866,0.4667469263076782
YDR354W,YBR154C,0,1.1246341,0.17114870250225067,0.932104766368866,0.4668472409248352
YMR164C,YJR002W,0,1.1242082,0.17111822962760925,0.932104766368866,0.4669475257396698
YKL176C,YMR047C,0,1.123179,0.17108777165412903,0.932104766368866,0.4670478403568268
YIL091C,YNR032W,0,1.1228139,0.1710573136806488,0.932104766368866,0.46714815497398376
YOL088C,YKL096W,0,1.1205239,0.17102687060832977,0.932104766368866,0.46724846959114075
YGR133W,YLR393W,0,1.12022,0.17099644243717194,0.932104766368866,0.46734878420829773
YML069W,YGR128C,0,1.1201785,0.1709660142660141,0.932104766368866,0.4674490988254547
YBR228W,YGR092W,0,1.1193147,0.17093561589717865,0.932104766368866,0.4675494134426117
YIL082W-A,YHR143W-A,0,1.1173465,0.1709052175283432,0.932104766368866,0.4676497280597687
YDR311W,YBR227C,0,1.1172614,0.17087481915950775,0.932104766368866,0.46775001287460327
YJR056C,YOR171C,0,1.117246,0.1708444505929947,0.932104766368866,0.46785032749176025
YIL162W,YBL099W,0,1.1162344,0.17081408202648163,0.932104766368866,0.46795064210891724
YBR083W,YNL014W,0,1.1161977,0.17078372836112976,0.932104766368866,0.4680509567260742
YHR019C,YOL021C,0,1.1160629,0.1707533746957779,0.932104766368866,0.4681512713432312
YGR109C,YIR013C,0,1.1159205,0.17072303593158722,0.932104766368866,0.4682515859603882
YNL264C,YOL001W,0,1.1155698,0.17069271206855774,0.932104766368866,0.46835190057754517
YDR210W,YMR291W,0,1.1147828,0.17066240310668945,0.932104766368866,0.46845221519470215
YDR311W,YCR017C,0,1.1146767,0.17063210904598236,0.932104766368866,0.46855250000953674
YER065C,YPL079W,0,1.1143342,0.17060181498527527,0.932104766368866,0.4686528146266937
YHR191C,YBL071W-A,0,1.1127317,0.17057153582572937,0.932104766368866,0.4687531292438507
YPR066W,YOR303W,0,1.1126039,0.17054125666618347,0.932104766368866,0.4688534438610077
YPR082C,YIL122W,0,1.1125208,0.17051100730895996,0.932104766368866,0.4689537584781647
YML126C,YCR089W,0,1.1114111,0.17048075795173645,0.932104766368866,0.46905407309532166
YNR054C,YER018C,0,1.1113435,0.17045050859451294,0.932104766368866,0.46915438771247864
YGR287C,YML007W,0,1.1113296,0.17042028903961182,0.932104766368866,0.4692547023296356
YDR194C,YML072C,0,1.1110172,0.1703900694847107,0.932104766368866,0.4693549871444702
YGR240C,YPL012W,0,1.1109064,0.17035986483097076,0.932104766368866,0.4694553017616272
YFL009W,YHR115C,1,1.1108015,0.17050690948963165,0.9330747127532959,0.4694553017616272
YER146W,YKL176C,0,1.1105793,0.17047668993473053,0.9330747127532959,0.4695556163787842
YKL125W,YHR050W,0,1.1103139,0.1704464852809906,0.9330747127532959,0.46965593099594116
YPR033C,YGR065C,0,1.110238,0.17041629552841187,0.9330747127532959,0.46975624561309814
YPL023C,YLR256W,0,1.1099784,0.17038612067699432,0.9330747127532959,0.4698565602302551
YHR091C,YMR134W,0,1.1095259,0.17035594582557678,0.9330747127532959,0.4699568748474121
YNL186W,YBR265W,0,1.1092646,0.17032578587532043,0.9330747127532959,0.4700571894645691
YFL055W,YCL010C,0,1.108851,0.1702956259250641,0.9330747127532959,0.4701574742794037
YGL032C,YIL050W,0,1.1085168,0.17026548087596893,0.9330747127532959,0.47025778889656067
YMR190C,YMR244C-A,0,1.1067351,0.17023535072803497,0.9330747127532959,0.47035810351371765
YNR073C,YFL034C-A,0,1.1057993,0.1702052354812622,0.9330747127532959,0.47045841813087463
YPR029C,YML121W,0,1.1056044,0.17017513513565063,0.9330747127532959,0.4705587327480316
YBR239C,YER075C,0,1.1054323,0.17014503479003906,0.9330747127532959,0.4706590473651886
YPR181C,YOR295W,0,1.1053416,0.17011494934558868,0.9330747127532959,0.4707593619823456
YDL159W,YOR083W,0,1.104953,0.1700848639011383,0.9330747127532959,0.47085967659950256
YGL254W,YJR129C,0,1.1045215,0.17005479335784912,0.9330747127532959,0.47095996141433716
YDR142C,YHL020C,0,1.1042626,0.17002473771572113,0.9330747127532959,0.47106027603149414
YLR077W,YPR124W,0,1.1040626,0.16999469697475433,0.9330747127532959,0.4711605906486511
YGR257C,YKL193C,0,1.1023407,0.16996467113494873,0.9330747127532959,0.4712609052658081
YBL084C,YCR066W,0,1.1001406,0.16993464529514313,0.9330747127532959,0.4713612198829651
YIL041W,YBL003C,0,1.0998174,0.16990463435649872,0.9330747127532959,0.47146153450012207
YBL097W,YLR089C,0,1.0992649,0.1698746234178543,0.9330747127532959,0.47156184911727905
YER035W,YJL160C,0,1.0988381,0.1698446273803711,0.9330747127532959,0.47166216373443604
YDR182W,YLR319C,0,1.0988268,0.16981464624404907,0.9330747127532959,0.471762478351593
YAL005C,YPL158C,0,1.098,0.16978468000888824,0.9330747127532959,0.4718627631664276
YJL207C,YOL089C,0,1.097964,0.16975471377372742,0.9330747127532959,0.4719630777835846
YJL010C,YEL047C,0,1.0978032,0.16972477734088898,0.9330747127532959,0.4720633924007416
YGR059W,YJR129C,0,1.0976144,0.16969482600688934,0.9330747127532959,0.47216370701789856
YEL055C,YNR032W,0,1.0974009,0.1696649044752121,0.9330747127532959,0.47226402163505554
YLR132C,YPL237W,0,1.0953895,0.16963498294353485,0.9330747127532959,0.4723643362522125
YNR075W,YPL052W-A,1,1.0952417,0.1697813868522644,0.934044599533081,0.4723643362522125
YDR016C,YMR244C-A,0,1.094838,0.16975145041942596,0.934044599533081,0.4724646508693695
YDR333C,YGL263W,1,1.0931123,0.16989777982234955,0.935014545917511,0.4724646508693695
YBR018C,YER169W,0,1.092912,0.1698678433895111,0.935014545917511,0.4725649654865265
YPL072W,YDR255C,1,1.0926838,0.17001409828662872,0.9359844923019409,0.4725649654865265
YJL160C,YMR305C,0,1.0925509,0.1699841469526291,0.9359844923019409,0.4726652503013611
YMR106C,YBL009W,0,1.09254,0.16995421051979065,0.9359844923019409,0.47276556491851807
YLR051C,YBR070C,0,1.0925313,0.1699242889881134,0.9359844923019409,0.47286587953567505
YIR033W,YNL169C,0,1.0924575,0.16989436745643616,0.9359844923019409,0.47296619415283203
YJR064W,YIL044C,0,1.0919526,0.1698644608259201,0.9359844923019409,0.473066508769989
YPL016W,YNL323W,0,1.0912867,0.16983456909656525,0.9359844923019409,0.473166823387146
YHR178W,YPL228W,0,1.0905018,0.1698046773672104,0.9359844923019409,0.473267138004303
YMR135C,YMR164C,0,1.0900815,0.16977480053901672,0.9359844923019409,0.47336745262145996
YBR136W,YKL065C,0,1.0892302,0.16974493861198425,0.9359844923019409,0.47346773743629456
YDR104C,YNL329C,0,1.0885656,0.16971509158611298,0.9359844923019409,0.47356805205345154
YGL160W,YMR244C-A,0,1.0883759,0.1696852445602417,0.9359844923019409,0.4736683666706085
YHR115C,YMR264W,1,1.0882682,0.16983121633529663,0.9369544386863708,0.4736683666706085
YIL162W,YBR056W,0,1.0880018,0.16980136930942535,0.9369544386863708,0.4737686812877655
YNL152W,YER122C,0,1.0878854,0.16977152228355408,0.9369544386863708,0.4738689959049225
YER166W,YGL008C,0,1.0877587,0.169741690158844,0.9369544386863708,0.47396931052207947
YKR081C,YPL046C,0,1.0876589,0.1697118729352951,0.9369544386863708,0.47406962513923645
YPR094W,YER157W,0,1.0875525,0.1696820706129074,0.9369544386863708,0.47416993975639343
YDR156W,YER073W,0,1.0875059,0.16965226829051971,0.9369544386863708,0.474270224571228
YPL060C-A,YER001W,0,1.0873052,0.1696224808692932,0.9369544386863708,0.474370539188385
YGL250W,YOL013C,0,1.0867815,0.1695926934480667,0.9369544386863708,0.474470853805542
YER019W,YHR143W-A,0,1.086318,0.1695629209280014,0.9369544386863708,0.474571168422699
YDR408C,YDL194W,0,1.0860059,0.1695331633090973,0.9369544386863708,0.47467148303985596
YBL105C,YKL065C,0,1.085296,0.16950342059135437,0.9369544386863708,0.47477179765701294
YPL053C,YGR074W,0,1.0852034,0.16947367787361145,0.9369544386863708,0.4748721122741699
YEL077C,YJL002C,0,1.0833848,0.16944395005702972,0.9369544386863708,0.4749724268913269
YGR023W,YDR191W,0,1.0829611,0.1694142371416092,0.9369544386863708,0.4750727117061615
YBR210W,YHR026W,0,1.0829499,0.16938453912734985,0.9369544386863708,0.4751730263233185
YNL053W,YPR009W,0,1.082922,0.16935484111309052,0.9369544386863708,0.47527334094047546
YJR044C,YNL058C,0,1.0824502,0.16932515799999237,0.9369544386863708,0.47537365555763245
YGR068C,YGL008C,0,1.0823419,0.16929547488689423,0.9369544386863708,0.47547397017478943
YDR446W,YIR010W,0,1.0817809,0.16926580667495728,0.9369544386863708,0.4755742847919464
YBL016W,YCR023C,0,1.0815411,0.16923615336418152,0.9369544386863708,0.4756745994091034
YGL201C,YMR161W,0,1.0811921,0.16920651495456696,0.9369544386863708,0.4757749140262604
YDR171W,YGR140W,0,1.0798515,0.1691768765449524,0.9369544386863708,0.47587519884109497
YBL084C,YOL115W,0,1.0794153,0.16914725303649902,0.9369544386863708,0.47597551345825195
YLR057W,YER004W,0,1.0781245,0.16911764442920685,0.9369544386863708,0.47607582807540894
YLR297W,YGL208W,0,1.0779235,0.16908805072307587,0.9369544386863708,0.4761761426925659
YDR338C,YLR148W,0,1.075414,0.16905845701694489,0.9369544386863708,0.4762764573097229
YDL095W,YGL263W,1,1.0753505,0.16920384764671326,0.937924325466156,0.4762764573097229
YCR071C,YLL010C,0,1.0752591,0.16917425394058228,0.937924325466156,0.4763767719268799
YNL037C,YGL038C,0,1.0749214,0.1691446602344513,0.937924325466156,0.47647708654403687
YGR198W,YKL160W,0,1.0745153,0.1691150814294815,0.937924325466156,0.47657740116119385
YPL268W,YNL035C,0,1.0741193,0.16908550262451172,0.937924325466156,0.47667768597602844
YDR119W,YHR123W,0,1.0739543,0.16905593872070312,0.937924325466156,0.4767780005931854
YLR342W,YJL210W,0,1.0732421,0.16902638971805573,0.937924325466156,0.4768783152103424
YPR164W,YDR266C,0,1.0730181,0.16899685561656952,0.937924325466156,0.4769786298274994
YJL209W,YGR231C,0,1.0727389,0.1689673215150833,0.937924325466156,0.47707894444465637
YGR108W,YBL071W-A,0,1.0722406,0.1689378023147583,0.937924325466156,0.47717925906181335
YNL315C,YFL018C,0,1.071075,0.16890829801559448,0.937924325466156,0.47727957367897034
YLR084C,YKL160W,0,1.0698665,0.16887879371643066,0.937924325466156,0.4773798882961273
YLR132C,YJR144W,0,1.0696485,0.16884930431842804,0.937924325466156,0.4774802029132843
YDL002C,YDR432W,0,1.0696021,0.1688198298215866,0.937924325466156,0.4775804877281189
YPR145W,YPL066W,0,1.0690674,0.16879037022590637,0.937924325466156,0.4776808023452759
YPL072W,YEL003W,0,1.0690292,0.16876091063022614,0.937924325466156,0.47778111696243286
YML007W,YHR018C,0,1.0689144,0.1687314659357071,0.937924325466156,0.47788143157958984
YCL045C,YBR021W,0,1.0687099,0.16870202124118805,0.937924325466156,0.4779817461967468
YPL170W,YHR084W,0,1.0680277,0.1686725914478302,0.937924325466156,0.4780820608139038
YLR410W,YMR268C,0,1.0665848,0.16864317655563354,0.937924325466156,0.4781823754310608
YMR058W,YBR110W,0,1.066496,0.16861377656459808,0.937924325466156,0.4782826900482178
YGR287C,YNL003C,0,1.0643563,0.16858437657356262,0.937924325466156,0.47838297486305237
YKL146W,YPL283C,0,1.0643076,0.16855499148368835,0.937924325466156,0.47848328948020935
YOR196C,YGR092W,0,1.0635793,0.16852562129497528,0.937924325466156,0.47858360409736633
YER146W,YBR235W,0,1.0634712,0.1684962511062622,0.937924325466156,0.4786839187145233
YLL052C,YPL066W,0,1.0629056,0.16846689581871033,0.937924325466156,0.4787842333316803
YJL204C,YGR125W,0,1.0625614,0.16843755543231964,0.937924325466156,0.4788845479488373
YJL116C,YIR008C,0,1.0624646,0.16840821504592896,0.937924325466156,0.47898486256599426
YHR107C,YML025C,0,1.0601604,0.16837888956069946,0.937924325466156,0.47908517718315125
YKR010C,YNL229C,0,1.0598521,0.16834957897663116,0.937924325466156,0.47918546199798584
YDL049C,YDR477W,0,1.0598272,0.16832028329372406,0.937924325466156,0.4792857766151428
YBR018C,YGR013W,0,1.0598118,0.16829098761081696,0.937924325466156,0.4793860912322998
YDR266C,YML111W,0,1.0589378,0.16826170682907104,0.937924325466156,0.4794864058494568
YIL099W,YGL044C,0,1.0586302,0.16823242604732513,0.937924325466156,0.47958672046661377
YIL091C,YNL275W,0,1.0584538,0.16820316016674042,0.937924325466156,0.47968703508377075
YLR368W,YOR295W,0,1.0584223,0.1681739091873169,0.937924325466156,0.47978734970092773
YGL131C,YMR280C,0,1.0583681,0.16814467310905457,0.937924325466156,0.4798876643180847
YDL079C,YEL077C,0,1.0580785,0.16811543703079224,0.937924325466156,0.4799879491329193
YBL099W,YJR014W,0,1.057461,0.1680862158536911,0.937924325466156,0.4800882637500763
YKR023W,YPL072W,1,1.0562494,0.168230801820755,0.9388942718505859,0.4800882637500763
YFR051C,YMR104C,0,1.0561355,0.16820156574249268,0.9388942718505859,0.4801885783672333
YLR393W,YKR029C,0,1.0560219,0.16817234456539154,0.9388942718505859,0.48028889298439026
YDR202C,YPR140W,0,1.0543259,0.1681431233882904,0.9388942718505859,0.48038920760154724
YGR023W,YMR266W,0,1.0538192,0.16811393201351166,0.9388942718505859,0.4804895222187042
YMR280C,YML019W,0,1.0528356,0.1680847406387329,0.9388942718505859,0.4805898368358612
YDR348C,YOL058W,0,1.0524731,0.16805554926395416,0.9388942718505859,0.4806901514530182
YNL177C,YML046W,0,1.051858,0.1680263876914978,0.9388942718505859,0.4807904362678528
YMR079W,YGR121C,0,1.0485567,0.16799722611904144,0.9388942718505859,0.48089075088500977
YML010W,YJL100W,0,1.0483854,0.16796807944774628,0.9388942718505859,0.48099106550216675
YJR090C,YJR131W,1,1.0483451,0.16811242699623108,0.9398642182350159,0.48099106550216675
YJR067C,YAL009W,0,1.0481348,0.16808326542377472,0.9398642182350159,0.48109138011932373
YBR083W,YKL012W,0,1.0480878,0.16805410385131836,0.9398642182350159,0.4811916947364807
YBR126C,YLR274W,0,1.0475234,0.1680249720811844,0.9398642182350159,0.4812920093536377
YMR161W,YPL032C,0,1.0474429,0.16799584031105042,0.9398642182350159,0.4813923239707947
YBR253W,YML126C,0,1.0473988,0.16796672344207764,0.9398642182350159,0.48149263858795166
YER058W,YGR128C,0,1.047358,0.16793760657310486,0.9398642182350159,0.48159292340278625
YBR152W,YKR001C,0,1.0467647,0.16790850460529327,0.9398642182350159,0.48169323801994324
YGL020C,YNL272C,0,1.0464845,0.16787941753864288,0.9398642182350159,0.4817935526371002
YJR113C,YNL083W,0,1.0461582,0.1678503304719925,0.9398642182350159,0.4818938672542572
YKL018W,YNR075W,0,1.045833,0.1678212732076645,0.9398642182350159,0.4819941818714142
YLR340W,YBR244W,0,1.0457265,0.1677922010421753,0.9398642182350159,0.48209449648857117
YKR045C,YKL065C,0,1.0456328,0.16776315867900848,0.9398642182350159,0.48219481110572815
YIR028W,YCR088W,0,1.0436422,0.16773411631584167,0.9398642182350159,0.48229512572288513
YLR002C,YKL065C,0,1.043623,0.16770508885383606,0.9398642182350159,0.4823954403400421
YDR191W,YOR007C,0,1.0434804,0.16767606139183044,0.9398642182350159,0.4824957251548767
YNL021W,YPL162C,0,1.043427,0.16764706373214722,0.9398642182350159,0.4825960397720337
YLR071C,YBR019C,0,1.0433657,0.167618066072464,0.9398642182350159,0.4826963543891907
YPL228W,YER166W,0,1.0429329,0.16758906841278076,0.9398642182350159,0.48279666900634766
YBL067C,YMR134W,0,1.0422857,0.16756008565425873,0.9398642182350159,0.48289698362350464
YHR032W,YIR008C,0,1.0421401,0.1675311177968979,0.9398642182350159,0.4829972982406616
YPL275W,YOR077W,0,1.0414999,0.16750216484069824,0.9398642182350159,0.4830976128578186
YOL013C,YNL152W,0,1.040397,0.1674732118844986,0.9398642182350159,0.4831979274749756
YBR186W,YNL125C,0,1.0387837,0.16744427382946014,0.9398642182350159,0.4832982122898102
YOR003W,YJL118W,0,1.0384265,0.1674153357744217,0.9398642182350159,0.48339852690696716
YLR205C,YPR079W,0,1.0380714,0.16738642752170563,0.9398642182350159,0.48349884152412415
YAL009W,YGL012W,0,1.0378869,0.16735751926898956,0.9398642182350159,0.48359915614128113
YLR119W,YPL072W,1,1.0376148,0.167501300573349,0.9408341646194458,0.48359915614128113
YKR045C,YDR266C,0,1.0372654,0.16747237741947174,0.9408341646194458,0.4836994707584381
YNL088W,YJR161C,0,1.0367151,0.16744346916675568,0.9408341646194458,0.4837997853755951
YDR225W,YOL039W,0,1.0355635,0.1674145609140396,0.9408341646194458,0.4839000999927521
YCR020W-B,YGL150C,0,1.0352987,0.16738568246364594,0.9408341646194458,0.48400041460990906
YDL212W,YJL209W,0,1.0350224,0.16735680401325226,0.9408341646194458,0.48410069942474365
YJL047C,YMR060C,0,1.0349318,0.16732792556285858,0.9408341646194458,0.48420101404190063
YGL250W,YOL075C,0,1.0338193,0.1672990620136261,0.9408341646194458,0.4843013286590576
YOR339C,YPL230W,0,1.0334353,0.1672702133655548,0.9408341646194458,0.4844016432762146
YOR362C,YHR045W,0,1.0330844,0.16724137961864471,0.9408341646194458,0.4845019578933716
YJL116C,YIL082W-A,0,1.0321236,0.16721254587173462,0.9408341646194458,0.48460227251052856
YJL145W,YHR203C,0,1.0320926,0.16718372702598572,0.9408341646194458,0.48470258712768555
YCR066W,YFR004W,0,1.0318916,0.167154923081398,0.9408341646194458,0.48480290174484253
YGR157W,YPL124W,0,1.0317602,0.1671261191368103,0.9408341646194458,0.4849031865596771
YNL071W,YER172C,0,1.0297854,0.1670973300933838,0.9408341646194458,0.4850035011768341
YKL049C,YEL003W,0,1.0294151,0.16706855595111847,0.9408341646194458,0.4851038157939911
YBR126C,YPR121W,0,1.0290066,0.16703978180885315,0.9408341646194458,0.48520413041114807
YGL017W,YPR052C,0,1.0268651,0.16701102256774902,0.9408341646194458,0.48530444502830505
YCL045C,YEL077C,0,1.0263793,0.1669822633266449,0.9408341646194458,0.48540475964546204
YJL028W,YHR003C,0,1.0253904,0.16695353388786316,0.9408341646194458,0.485505074262619
YPL053C,YGR277C,0,1.024822,0.16692480444908142,0.9408341646194458,0.485605388879776
YGR240C,YGL032C,0,1.023614,0.16689607501029968,0.9408341646194458,0.4857056736946106
YGL100W,YDR316W,0,1.0234131,0.16686736047267914,0.9408341646194458,0.4858059883117676
YOL097C,YER074W-A,0,1.0232861,0.1668386608362198,0.9408341646194458,0.48590630292892456
YML062C,YNL009W,0,1.0231682,0.16680997610092163,0.9408341646194458,0.48600661754608154
YIR035C,YMR309C,0,1.0231559,0.16678129136562347,0.9408341646194458,0.4861069321632385
YMR278W,YML025C,0,1.0218267,0.1667526215314865,0.9408341646194458,0.4862072467803955
YBR133C,YBR215W,0,1.0214825,0.16672396659851074,0.9408341646194458,0.4863075613975525
YPL088W,YBR104W,0,1.021163,0.16669531166553497,0.9408341646194458,0.4864078760147095
YMR154C,YGL257C,0,1.0203989,0.1666666716337204,0.9408341646194458,0.48650816082954407
YNL072W,YER169W,0,1.0203648,0.16663803160190582,0.9408341646194458,0.48660847544670105
YJR043C,YMR067C,0,1.0199467,0.16660940647125244,0.9408341646194458,0.48670879006385803
YGR287C,YGR284C,0,1.0194151,0.16658079624176025,0.9408341646194458,0.486809104681015
YLR388W,YJL203W,0,1.0186043,0.16655220091342926,0.9408341646194458,0.486909419298172
YIL158W,YGR109C,0,1.018535,0.16652360558509827,0.9408341646194458,0.487009733915329
YIL156W,YLR057W,1,1.0184245,0.1666666716337204,0.941804051399231,0.487009733915329
YPR151C,YDL178W,0,1.018408,0.1666380614042282,0.941804051399231,0.48711004853248596
YPL088W,YMR244C-A,0,1.0184042,0.16660946607589722,0.941804051399231,0.48721036314964294
YDR153C,YML062C,0,1.0176135,0.16658088564872742,0.941804051399231,0.4873106777667999
YER124C,YNR069C,0,1.0171258,0.1665523201227188,0.941804051399231,0.4874109625816345
YDR085C,YOR255W,0,1.0154965,0.1665237545967102,0.941804051399231,0.4875112771987915
YNL134C,YER166W,0,1.0149697,0.1664952039718628,0.941804051399231,0.4876115918159485
YDR214W,YKL035W,0,1.0149477,0.16646665334701538,0.941804051399231,0.48771190643310547
YCR102C,YIL023C,0,1.0145655,0.16643811762332916,0.941804051399231,0.48781222105026245
YBL040C,YMR199W,0,1.0135789,0.16640959680080414,0.941804051399231,0.48791253566741943
YBR298C,YAL032C,0,1.013443,0.1663810759782791,0.941804051399231,0.4880128502845764
YDL042C,YDR382W,0,1.013394,0.16635258495807648,0.941804051399231,0.4881131649017334
YKL112W,YHL020C,0,1.0131845,0.16632407903671265,0.941804051399231,0.488213449716568
YML110C,YGR203W,0,1.0127299,0.1662956029176712,0.941804051399231,0.488313764333725
YHR032W,YGL150C,0,1.0120074,0.16626712679862976,0.941804051399231,0.48841407895088196
YDR194C,YBL003C,0,1.0118914,0.16623865067958832,0.941804051399231,0.48851439356803894
YDL064W,YOR007C,0,1.010196,0.16621020436286926,0.941804051399231,0.4886147081851959
YPL128C,YJL154C,0,1.0101752,0.1661817580461502,0.941804051399231,0.4887150228023529
YMR216C,YNL327W,0,1.0089393,0.16615332663059235,0.941804051399231,0.4888153374195099
YAR050W,YNL082W,0,1.0081315,0.16612489521503448,0.941804051399231,0.48891565203666687
YJR014W,YPL265W,0,1.0080973,0.16609647870063782,0.941804051399231,0.48901593685150146
YDR480W,YIL050W,0,1.0076067,0.16606806218624115,0.941804051399231,0.48911625146865845
YDR506C,YEL055C,0,1.0061544,0.16603967547416687,0.941804051399231,0.48921656608581543
YKR003W,YMR121C,0,1.0044545,0.1660112887620926,0.941804051399231,0.4893168807029724
YER018C,YOR339C,0,1.0044019,0.1659829020500183,0.941804051399231,0.4894171953201294
YIR021W,YJR093C,0,1.0039318,0.16595453023910522,0.941804051399231,0.4895175099372864
YJR044C,YPL072W,0,1.0024502,0.16592617332935333,0.941804051399231,0.48961782455444336
YBR084C-A,YML123C,0,1.0016943,0.16589783132076263,0.941804051399231,0.48971813917160034
YBR217W,YCR068W,0,1.0012852,0.16586948931217194,0.941804051399231,0.48981842398643494
YOR255W,YML065W,0,1.0011165,0.16584116220474243,0.941804051399231,0.4899187386035919
YDL005C,YBR104W,0,1.0010802,0.16581283509731293,0.941804051399231,0.4900190532207489
YHR003C,YOR295W,0,1.0009228,0.1657845377922058,0.941804051399231,0.4901193678379059
YMR263W,YBR235W,0,0.9999965,0.1657562255859375,0.941804051399231,0.49021968245506287
YIR022W,YJR002W,0,0.9996205,0.16572794318199158,0.941804051399231,0.49031999707221985
YDR462W,YLR256W,0,0.9991967,0.16569966077804565,0.941804051399231,0.49042031168937683
YGL250W,YGR231C,0,0.9991618,0.16567139327526093,0.941804051399231,0.4905206263065338
YGL255W,YJL104W,0,0.99894637,0.1656431257724762,0.941804051399231,0.4906209111213684
YGL166W,YOR130C,0,0.998693,0.16561487317085266,0.941804051399231,0.4907212257385254
YJL137C,YIL017C,0,0.99792504,0.16558663547039032,0.941804051399231,0.4908215403556824
YNL224C,YML010W,0,0.99708116,0.16555839776992798,0.941804051399231,0.49092185497283936
YDR058C,YDR480W,0,0.9970797,0.16553017497062683,0.941804051399231,0.49102216958999634
YBR057C,YOR295W,0,0.996087,0.16550196707248688,0.941804051399231,0.4911224842071533
YNL005C,YLR399C,0,0.99570924,0.16547375917434692,0.941804051399231,0.4912227988243103
YLL015W,YER166W,0,0.99526745,0.16544556617736816,0.941804051399231,0.4913231134414673
YOR022C,YHR018C,0,0.99497414,0.1654173731803894,0.941804051399231,0.4914233982563019
YAR014C,YLR355C,0,0.9947994,0.16538919508457184,0.941804051399231,0.49152371287345886
YGL044C,YPR052C,0,0.9944773,0.16536103188991547,0.941804051399231,0.49162402749061584
YIR003W,YLR110C,0,0.9935902,0.1653328835964203,0.941804051399231,0.4917243421077728
YOL146W,YGR183C,0,0.9922243,0.1653047353029251,0.941804051399231,0.4918246567249298
YMR052W,YKL221W,0,0.9918995,0.16527660191059113,0.941804051399231,0.4919249713420868
YLR423C,YNL279W,0,0.9917016,0.16524846851825714,0.941804051399231,0.4920252859592438
YKL176C,YLR431C,0,0.99053407,0.16522035002708435,0.941804051399231,0.49212560057640076
YBR258C,YHR166C,0,0.9893944,0.16519224643707275,0.941804051399231,0.49222588539123535
YGR125W,YOL058W,0,0.9879496,0.16516414284706116,0.941804051399231,0.49232620000839233
YOL034W,YKL073W,0,0.987762,0.16513605415821075,0.941804051399231,0.4924265146255493
YLR095C,YER166W,0,0.98739016,0.16510798037052155,0.941804051399231,0.4925268292427063
YLR128W,YMR164C,0,0.98684573,0.16507990658283234,0.941804051399231,0.4926271438598633
YDR162C,YKR086W,0,0.98676527,0.16505184769630432,0.941804051399231,0.49272745847702026
YHR107C,YIL065C,0,0.98672855,0.1650237888097763,0.941804051399231,0.49282777309417725
YKL209C,YEL042W,0,0.98589814,0.16499574482440948,0.941804051399231,0.49292808771133423
YLR272C,YOL130W,0,0.98501873,0.16496771574020386,0.941804051399231,0.4930284023284912
YER054C,YFL031W,0,0.9849421,0.16493970155715942,0.941804051399231,0.4931286871433258
YMR161W,YLR226W,0,0.9844783,0.164911687374115,0.941804051399231,0.4932290017604828
YML038C,YJL118W,0,0.98436743,0.16488368809223175,0.941804051399231,0.49332931637763977
YGL124C,YLR081W,0,0.9842457,0.1648556888103485,0.941804051399231,0.49342963099479675
YOR284W,YPL023C,0,0.98382837,0.16482770442962646,0.941804051399231,0.49352994561195374
YBL005W-A,YDR237W,0,0.98324347,0.1647997349500656,0.941804051399231,0.4936302602291107
YPR151C,YHR072W,0,0.9816391,0.16477176547050476,0.941804051399231,0.4937305748462677
YAR003W,YKL209C,0,0.9792761,0.1647438108921051,0.941804051399231,0.4938308894634247
YKL160W,YOL148C,0,0.97925335,0.16471585631370544,0.941804051399231,0.4939311742782593
YBR021W,YJL118W,0,0.9790501,0.16468791663646698,0.941804051399231,0.49403148889541626
YOR115C,YHR045W,0,0.97888327,0.1646599918603897,0.941804051399231,0.49413180351257324
YLR262C,YDR541C,0,0.97766525,0.16463208198547363,0.941804051399231,0.4942321181297302
YDR097C,YGR240C,0,0.9766469,0.16460417211055756,0.941804051399231,0.4943324327468872
YKL107W,YKR024C,0,0.97663724,0.16457627713680267,0.941804051399231,0.4944327473640442
YPL268W,YDR085C,0,0.9765751,0.1645483821630478,0.941804051399231,0.49453306198120117
YHR079C-A,YGR133W,0,0.976524,0.1645205020904541,0.941804051399231,0.49463337659835815
YMR268C,YPR033C,0,0.97650814,0.1644926369190216,0.941804051399231,0.49473366141319275
YCR069W,YIL015W,0,0.9751407,0.1644647717475891,0.941804051399231,0.49483397603034973
YCR033W,YOR005C,0,0.97466004,0.1644369214773178,0.941804051399231,0.4949342906475067
YJR105W,YCR070W,0,0.9737959,0.1644090712070465,0.941804051399231,0.4950346052646637
YLR119W,YOR339C,1,0.9734336,0.1645505279302597,0.9427739977836609,0.4950346052646637
YAR003W,YPR185W,0,0.9726484,0.1645226776599884,0.9427739977836609,0.4951349198818207
YNL071W,YDL153C,0,0.9720916,0.1644948422908783,0.9427739977836609,0.49523523449897766
YOL049W,YDR480W,0,0.9720508,0.1644670069217682,0.9427739977836609,0.49533554911613464
YJR152W,YLR148W,0,0.9711845,0.16443918645381927,0.9427739977836609,0.4954358637332916
YKL091C,YHL022C,0,0.97027135,0.16441136598587036,0.9427739977836609,0.4955361485481262
YNL082W,YKR087C,0,0.96967757,0.16438356041908264,0.9427739977836609,0.4956364631652832
YMR104C,YPR185W,0,0.9694598,0.16435576975345612,0.9427739977836609,0.4957367777824402
YOR229W,YDR485C,0,0.9691473,0.1643279790878296,0.9427739977836609,0.49583709239959717
YGL043W,YIL073C,0,0.96832484,0.16430020332336426,0.9427739977836609,0.49593740701675415
YOL008W,YNL336W,0,0.96829325,0.16427244246006012,0.9427739977836609,0.49603772163391113
YML008C,YGR280C,0,0.96825707,0.16424468159675598,0.9427739977836609,0.4961380362510681
YOR173W,YDL222C,0,0.9677567,0.16421693563461304,0.9427739977836609,0.4962383508682251
YGR028W,YMR244C-A,0,0.96702373,0.1641891896724701,0.9427739977836609,0.4963386356830597
YPL005W,YDR037W,0,0.96659946,0.16416145861148834,0.9427739977836609,0.4964389503002167
YOR128C,YKL127W,0,0.96630716,0.16413374245166779,0.9427739977836609,0.49653926491737366
YCR017C,YHL009W-A,0,0.96533346,0.16410602629184723,0.9427739977836609,0.49663957953453064
YML126C,YNL116W,0,0.9652439,0.16407832503318787,0.9427739977836609,0.4967398941516876
YDL049C,YBR221C,0,0.96493447,0.1640506386756897,0.9427739977836609,0.4968402087688446
YDR485C,YLR138W,0,0.96455884,0.16402295231819153,0.9427739977836609,0.4969405233860016
YEL063C,YHR019C,0,0.9637629,0.16399528086185455,0.9427739977836609,0.49704083800315857
YIL063C,YOR196C,0,0.9633386,0.16396760940551758,0.9427739977836609,0.49714112281799316
YDR541C,YLL028W,0,0.9631219,0.1639399528503418,0.9427739977836609,0.49724143743515015
YKL101W,YNL245C,0,0.96302223,0.1639123111963272,0.9427739977836609,0.49734175205230713
YDR182W,YGR148C,0,0.96292186,0.16388466954231262,0.9427739977836609,0.4974420666694641
YDR006C,YHR107C,0,0.96234,0.16385704278945923,0.9427739977836609,0.4975423812866211
YPL242C,YOR205C,0,0.96219957,0.16382943093776703,0.9427739977836609,0.4976426959037781
YCR020W-B,YDL239C,0,0.96190655,0.16380181908607483,0.9427739977836609,0.49774301052093506
YML110C,YOR100C,0,0.9616113,0.16377422213554382,0.9427739977836609,0.49784332513809204
YBR203W,YOR329C,0,0.960853,0.16374662518501282,0.9427739977836609,0.497943639755249
YBR234C,YNL113W,0,0.9598684,0.163719043135643,0.9427739977836609,0.4980439245700836
YER003C,YML072C,0,0.95968485,0.1636914759874344,0.9427739977836609,0.4981442391872406
YDR104C,YDR225W,0,0.9596158,0.16366392374038696,0.9427739977836609,0.4982445538043976
YGL156W,YLL042C,0,0.9595941,0.16363635659217834,0.9427739977836609,0.49834486842155457
YBR019C,YOL137W,0,0.9584003,0.16360881924629211,0.9427739977836609,0.49844518303871155
YKL071W,YGL054C,0,0.9573655,0.16358128190040588,0.9427739977836609,0.49854549765586853
YKL216W,YDR264C,0,0.95731175,0.16355375945568085,0.9427739977836609,0.4986458122730255
YER146W,YMR047C,0,0.95676976,0.163526251912117,0.9427739977836609,0.4987461268901825
YBR293W,YGL038C,0,0.95512575,0.16349874436855316,0.9427739977836609,0.4988464117050171
YER054C,YGR289C,0,0.954804,0.16347123682498932,0.9427739977836609,0.4989467263221741
YBR084C-A,YDR352W,0,0.9547249,0.16344375908374786,0.9427739977836609,0.49904704093933105
YOL115W,YGL254W,0,0.95465285,0.1634162813425064,0.9427739977836609,0.49914735555648804
YOR022C,YGR280C,0,0.9540822,0.16338880360126495,0.9427739977836609,0.499247670173645
YML029W,YMR024W,0,0.95321244,0.1633613407611847,0.9427739977836609,0.499347984790802
YML131W,YDL079C,0,0.9531195,0.16333389282226562,0.9427739977836609,0.499448299407959
YLR262C,YHR187W,0,0.95271903,0.16330644488334656,0.9427739977836609,0.49954861402511597
YNR073C,YCL045C,0,0.95253885,0.16327901184558868,0.9427739977836609,0.49964889883995056
YPR101W,YDR522C,0,0.9517345,0.163251593708992,0.9427739977836609,0.49974921345710754
YOR298C-A,YPL069C,0,0.9513558,0.16322417557239532,0.9427739977836609,0.4998495280742645
YHR018C,YBL105C,0,0.95122755,0.16319677233695984,0.9427739977836609,0.4999498426914215
YOR231W,YDR489W,0,0.9507865,0.16316938400268555,0.9427739977836609,0.5000501275062561
YDR293C,YOR214C,0,0.9506346,0.16314199566841125,0.9427739977836609,0.5001504421234131
YJL091C,YDL049C,0,0.95001537,0.16311462223529816,0.9427739977836609,0.5002507567405701
YCR102C,YPL045W,0,0.94901335,0.16308724880218506,0.9427739977836609,0.500351071357727
YPR164W,YBR204C,0,0.94882685,0.16305989027023315,0.9427739977836609,0.500451385974884
YDR506C,YER166W,0,0.948396,0.16303254663944244,0.9427739977836609,0.500551700592041
YOR298C-A,YIL031W,0,0.94748175,0.16300520300865173,0.9427739977836609,0.500652015209198
YDL004W,YKR099C-A,0,0.9458865,0.16297787427902222,0.9427739977836609,0.500752329826355
YLR057W,YBL018C,0,0.9456481,0.1629505455493927,0.9427739977836609,0.500852644443512
YER146W,YNL139C,0,0.9440512,0.16292323172092438,0.9427739977836609,0.500952959060669
YBR070C,YGR132C,0,0.9439604,0.16289593279361725,0.9427739977836609,0.5010532736778259
YOL017W,YBR136W,0,0.94315356,0.16286863386631012,0.9427739977836609,0.5011535882949829
YGR096W,YIL063C,0,0.9418257,0.16284134984016418,0.9427739977836609,0.5012539029121399
YBL046W,YBR236C,0,0.9407016,0.16281406581401825,0.9427739977836609,0.5013542175292969
YEL063C,YHR039C,0,0.94030166,0.1627867966890335,0.9427739977836609,0.5014545321464539
YML062C,YNL058C,0,0.93981254,0.16275954246520996,0.9427739977836609,0.5015548467636108
YDR522C,YIL031W,0,0.93932855,0.1627322882413864,0.9427739977836609,0.501655101776123
YLR226W,YER073W,0,0.93918514,0.16270504891872406,0.9427739977836609,0.50175541639328
YIL099W,YGL130W,0,0.9383439,0.1626778244972229,0.9427739977836609,0.501855731010437
YDR452W,YOL034W,0,0.93817085,0.16265060007572174,0.9427739977836609,0.501956045627594
YNL299W,YHR176W,0,0.93806094,0.16262339055538177,0.9427739977836609,0.502056360244751
YHR016C,YDR477W,0,0.9361092,0.1625961810350418,0.9427739977836609,0.502156674861908
YOR144C,YGL166W,0,0.93579996,0.16256898641586304,0.9427739977836609,0.5022569894790649
YPL055C,YBR018C,0,0.9334767,0.16254180669784546,0.9427739977836609,0.5023573040962219
YER183C,YFR044C,0,0.93313,0.16251462697982788,0.9427739977836609,0.5024576187133789
YDR339C,YML111W,0,0.93276215,0.1624874621629715,0.9427739977836609,0.5025579333305359
YER124C,YGR163W,0,0.9327005,0.1624602973461151,0.9427739977836609,0.5026582479476929
YCL033C,YJL063C,0,0.9323554,0.16243316233158112,0.9427739977836609,0.5027585625648499
YHR003C,YOL044W,0,0.9321083,0.16240601241588593,0.9427739977836609,0.5028588771820068
YHR123W,YDL236W,0,0.9320691,0.16237887740135193,0.9427739977836609,0.5029591917991638
YKL107W,YGR163W,0,0.9314517,0.16235175728797913,0.9427739977836609,0.5030595064163208
YEL055C,YNL030W,0,0.93069977,0.16232465207576752,0.9427739977836609,0.5031598210334778
YJL207C,YBL071W-A,0,0.93022287,0.1622975468635559,0.9427739977836609,0.5032601356506348
YIL162W,YOR367W,0,0.92999125,0.1622704565525055,0.9427739977836609,0.503360390663147
YER016W,YPL024W,0,0.9298166,0.16224336624145508,0.9427739977836609,0.503460705280304
YDL079C,YGR207C,0,0.9296949,0.16221629083156586,0.9427739977836609,0.5035610198974609
YNR054C,YJL042W,0,0.9296148,0.16218921542167664,0.9427739977836609,0.5036613345146179
YOR118W,YML062C,0,0.9294907,0.1621621549129486,0.9427739977836609,0.5037616491317749
YKL091C,YBL100W-A,0,0.9283651,0.16213510930538177,0.9427739977836609,0.5038619637489319
YJL092W,YML029W,0,0.9283573,0.16210807859897614,0.9427739977836609,0.5039622783660889
YKL213C,YHR003C,0,0.9279026,0.1620810478925705,0.9427739977836609,0.5040625929832458
YPL005W,YBR135W,0,0.927438,0.16205401718616486,0.9427739977836609,0.5041629076004028
YDR171W,YPR004C,0,0.9267728,0.1620270013809204,0.9427739977836609,0.5042632222175598
YNL058C,YGR261C,0,0.9265714,0.16200000047683716,0.9427739977836609,0.5043635368347168
YCR102C,YOR033C,0,0.92643404,0.1619729995727539,0.9427739977836609,0.5044638514518738
YOR361C,YIL031W,0,0.92597675,0.16194601356983185,0.9427739977836609,0.5045641660690308
YER146W,YPR033C,0,0.9258307,0.16191904246807098,0.9427739977836609,0.5046644806861877
YER078C,YML078W,0,0.9255663,0.16189207136631012,0.9427739977836609,0.5047647953033447
YNL083W,YHR018C,0,0.9252419,0.16186511516571045,0.9427739977836609,0.5048651099205017
YAL023C,YDR161W,1,0.92486775,0.16200466454029083,0.9437439441680908,0.5048651099205017
YKR086W,YKR039W,0,0.9239118,0.16197769343852997,0.9437439441680908,0.5049653649330139
YFL009W,YDR219C,1,0.9234899,0.16211718320846558,0.9447138905525208,0.5049653649330139
YNL058C,YJR019C,0,0.92288184,0.16209019720554352,0.9447138905525208,0.5050656795501709
YLR116W,YLR275W,0,0.9224872,0.16206322610378265,0.9447138905525208,0.5051659941673279
YDR143C,YPL052W,1,0.92227024,0.1622026264667511,0.9456837773323059,0.5051659941673279
YMR119W,YPL046C,1,0.9210542,0.16234198212623596,0.9466537237167358,0.5051659941673279
YIL082W-A,YJL138C,0,0.9204305,0.1623149812221527,0.9466537237167358,0.5052663087844849
YDR027C,YDR142C,0,0.92002267,0.16228799521923065,0.9466537237167358,0.5053666234016418
YJL042W,YNL097C,0,0.91941094,0.1622610092163086,0.9466537237167358,0.5054669380187988
YDR143C,YJR088C,0,0.9182359,0.16223403811454773,0.9466537237167358,0.5055672526359558
YEL020C,YPL283C,0,0.91742074,0.16220708191394806,0.9466537237167358,0.5056675672531128
YLR376C,YOR328W,0,0.91734385,0.1621801257133484,0.9466537237167358,0.5057678818702698
YKR087C,YDR409W,0,0.9168649,0.1621531844139099,0.9466537237167358,0.5058681964874268
YBL099W,YJR091C,0,0.91684556,0.16212624311447144,0.9466537237167358,0.5059685111045837
YDR184C,YNL125C,0,0.91678303,0.16209931671619415,0.9466537237167358,0.5060688257217407
YOR329C,YPL212C,0,0.9166353,0.16207240521907806,0.9466537237167358,0.5061691403388977
YML110C,YHR084W,0,0.9155599,0.16204549372196198,0.9466537237167358,0.5062694549560547
YPL124W,YMR244C-A,0,0.9155204,0.16201859712600708,0.9466537237167358,0.5063697695732117
YPL084W,YMR058W,0,0.91472787,0.16199170053005219,0.9466537237167358,0.5064700841903687
YNL186W,YIL023C,0,0.9142863,0.16196481883525848,0.9466537237167358,0.5065703392028809
YDL168W,YPL236C,0,0.9120133,0.16193795204162598,0.9466537237167358,0.5066706538200378
YIL131C,YGL012W,0,0.9118711,0.16191108524799347,0.9466537237167358,0.5067709684371948
YOL049W,YNL099C,0,0.9117914,0.16188423335552216,0.9466537237167358,0.5068712830543518
YKR086W,YJL115W,0,0.9083276,0.16185738146305084,0.9466537237167358,0.5069715976715088
YHL048W,YLR368W,1,0.9082497,0.16199634969234467,0.9476236701011658,0.5069715976715088
YMR134W,YHR043C,0,0.9082112,0.16196949779987335,0.9476236701011658,0.5070719122886658
YDR462W,YOR234C,0,0.90611,0.16194264590740204,0.9476236701011658,0.5071722269058228
YOR328W,YPL023C,0,0.9055793,0.16191580891609192,0.9476236701011658,0.5072725415229797
YPL211W,YNL257C,0,0.9054183,0.161888986825943,0.9476236701011658,0.5073728561401367
YJL042W,YOR125C,0,0.90403676,0.16186216473579407,0.9476236701011658,0.5074731707572937
YDR462W,YNL009W,0,0.9033832,0.16183534264564514,0.9476236701011658,0.5075734853744507
YPL227C,YPL158C,0,0.90326595,0.1618085503578186,0.9476236701011658,0.5076737999916077
YJL159W,YPR052C,0,0.90282446,0.16178175806999207,0.9476236701011658,0.5077741146087646
YNR036C,YHR094C,0,0.9012196,0.16175496578216553,0.9476236701011658,0.5078744292259216
YML114C,YAR066W,0,0.8997884,0.16172818839550018,0.9476236701011658,0.5079747438430786
YPR121W,YDR037W,0,0.89949614,0.16170142590999603,0.9476236701011658,0.5080750584602356
YDL155W,YHR128W,0,0.89878273,0.16167466342449188,0.9476236701011658,0.5081753730773926
YDR349C,YDL004W,0,0.8982034,0.16164791584014893,0.9476236701011658,0.5082756280899048
YBR084C-A,YIL067C,0,0.897062,0.16162116825580597,0.9476236701011658,0.5083759427070618
YML126C,YML010W,0,0.8966087,0.1615944355726242,0.9476236701011658,0.5084762573242188
YOR255W,YOL148C,0,0.8965227,0.16156771779060364,0.9476236701011658,0.5085765719413757
YBR126C,YNL087W,0,0.8963697,0.16154100000858307,0.9476236701011658,0.5086768865585327
YFR044C,YDR001C,0,0.89598656,0.1615142971277237,0.9476236701011658,0.5087772011756897
YDL005C,YGR091W,0,0.89496315,0.1614876091480255,0.9476236701011658,0.5088775157928467
YCL038C,YPR022C,0,0.89469564,0.16146092116832733,0.9476236701011658,0.5089778304100037
YCR073C,YGL181W,0,0.89411294,0.16143423318862915,0.9476236701011658,0.5090781450271606
YML029W,YPL008W,0,0.8939297,0.16140756011009216,0.9476236701011658,0.5091784596443176
YDL226C,YKR099C-A,0,0.8926047,0.16138090193271637,0.9476236701011658,0.5092787742614746
YBR298C,YDR153C,0,0.8924447,0.16135425865650177,0.9476236701011658,0.5093790888786316
YHR187W,YIL121W,0,0.89235854,0.16132761538028717,0.9476236701011658,0.5094794034957886
YJL028W,YEL020C,0,0.8919496,0.16130097210407257,0.9476236701011658,0.5095797181129456
YKL107W,YOR198C,0,0.8919112,0.16127434372901917,0.9476236701011658,0.5096800327301025
YFL009W,YML068W,1,0.8912239,0.16141277551651,0.9485936164855957,0.5096800327301025
YGR049W,YBL004W,0,0.89121866,0.1613861322402954,0.9485936164855957,0.5097803473472595
YGR033C,YML029W,0,0.8910872,0.1613595187664032,0.9485936164855957,0.5098806023597717
YBL084C,YAL047C,0,0.8898021,0.1613328903913498,0.9485936164855957,0.5099809169769287
YKL107W,YDR051C,0,0.8897803,0.16130627691745758,0.9485936164855957,0.5100812315940857
YDR354W,YKL139W,0,0.8896485,0.16127967834472656,0.9485936164855957,0.5101815462112427
YHR107C,YOR339C,0,0.88958246,0.16125309467315674,0.9485936164855957,0.5102818608283997
YNR073C,YNL300W,0,0.88957775,0.16122651100158691,0.9485936164855957,0.5103821754455566
YJR129C,YOL075C,0,0.888608,0.1611999273300171,0.9485936164855957,0.5104824900627136
YGL201C,YIL168W,0,0.8884238,0.16117337346076965,0.9485936164855957,0.5105828046798706
YGR049W,YBL027W,0,0.88804954,0.16114680469036102,0.9485936164855957,0.5106831192970276
YBR019C,YNL005C,0,0.8864691,0.16112026572227478,0.9485936164855957,0.5107834339141846
YLR089C,YOR122C,0,0.8862298,0.16109372675418854,0.9485936164855957,0.5108837485313416
YIL067C,YDR352W,0,0.8851831,0.1610671877861023,0.9485936164855957,0.5109840631484985
YDR030C,YPL046C,1,0.88506925,0.16120533645153046,0.9495635032653809,0.5109840631484985
YMR266W,YJL020C,0,0.8850356,0.1611787974834442,0.9495635032653809,0.5110843777656555
YGR275W,YPL162C,0,0.8845693,0.16115225851535797,0.9495635032653809,0.5111846923828125
YKL167C,YLR229C,0,0.8844119,0.16112573444843292,0.9495635032653809,0.5112850069999695
YGR023W,YMR236W,0,0.88431865,0.16109922528266907,0.9495635032653809,0.5113853216171265
YCR089W,YNR032W,0,0.8842287,0.1610727161169052,0.9495635032653809,0.5114855766296387
YOR022C,YMR044W,0,0.88356817,0.16104622185230255,0.9495635032653809,0.5115858912467957
YML118W,YPL266W,0,0.8827234,0.16101974248886108,0.9495635032653809,0.5116862058639526
YHR063C,YGL099W,0,0.8811297,0.16099326312541962,0.9495635032653809,0.5117865204811096
YNR054C,YHR115C,0,0.8803487,0.16096678376197815,0.9495635032653809,0.5118868350982666
YOR339C,YOR124C,1,0.8796194,0.1611047238111496,0.9505334496498108,0.5118868350982666
YBR132C,YDL064W,0,0.87961483,0.16107824444770813,0.9505334496498108,0.5119871497154236
YBR057C,YAL047C,0,0.8793129,0.16105176508426666,0.9505334496498108,0.5120874643325806
YER118C,YFL016C,0,0.87908053,0.1610253006219864,0.9505334496498108,0.5121877789497375
YHL018W,YKL208W,0,0.87903345,0.1609988510608673,0.9505334496498108,0.5122880935668945
YML019W,YGL160W,0,0.8788028,0.16097240149974823,0.9505334496498108,0.5123884081840515
YDR346C,YLR022C,0,0.87876755,0.16094596683979034,0.9505334496498108,0.5124887228012085
YJR086W,YKL160W,0,0.87876195,0.16091954708099365,0.9505334496498108,0.5125890374183655
YLR002C,YBR199W,0,0.87870824,0.16089312732219696,0.9505334496498108,0.5126893520355225
YDR119W,YDL174C,0,0.8778502,0.16086670756340027,0.9505334496498108,0.5127896666526794
YER048C,YKR045C,0,0.8776219,0.16084030270576477,0.9505334496498108,0.5128899812698364
YMR021C,YJL209W,0,0.8768815,0.16081391274929047,0.9505334496498108,0.5129902958869934
YOL128C,YOR141C,0,0.87658674,0.16078753769397736,0.9505334496498108,0.5130906105041504
YOR371C,YMR260C,0,0.8764433,0.16076114773750305,0.9505334496498108,0.5131908655166626
YCR023C,YCR043C,0,0.87610537,0.16073478758335114,0.9505334496498108,0.5132911801338196
YGR275W,YFL009W,0,0.8760835,0.16070842742919922,0.9505334496498108,0.5133914947509766
YKR086W,YKL157W,0,0.87606263,0.1606820821762085,0.9505334496498108,0.5134918093681335
YML033W,YNL252C,0,0.875592,0.16065573692321777,0.9505334496498108,0.5135921239852905
YOR208W,YDR255C,0,0.8751643,0.16062940657138824,0.9505334496498108,0.5136924386024475
YFL055W,YHR203C,0,0.8748795,0.16060307621955872,0.9505334496498108,0.5137927532196045
YGL044C,YBL100W-A,0,0.8747803,0.16057676076889038,0.9505334496498108,0.5138930678367615
YNL002C,YGL255W,0,0.87464386,0.16055046021938324,0.9505334496498108,0.5139933824539185
YNL229C,YPR066W,0,0.8746419,0.1605241596698761,0.9505334496498108,0.5140936970710754
YNL126W,YAL061W,0,0.87460047,0.16049787402153015,0.9505334496498108,0.5141940116882324
YER078C,YGL029W,0,0.8741168,0.1604715883731842,0.9505334496498108,0.5142943263053894
YOR035C,YJL118W,0,0.87377685,0.16044531762599945,0.9505334496498108,0.5143946409225464
YDR104C,YBR136W,0,0.87325215,0.1604190468788147,0.9505334496498108,0.5144949555397034
YLR342W,YML064C,0,0.8727608,0.16039280593395233,0.9505334496498108,0.5145952701568604
YNR069C,YJL203W,0,0.87236357,0.16036655008792877,0.9505334496498108,0.5146955847740173
YFL006W,YHR108W,1,0.87160075,0.16050392389297485,0.9515033960342407,0.5146955847740173
YPL066W,YEL047C,0,0.87113124,0.1604776680469513,0.9515033960342407,0.5147958397865295
YLR135W,YNR063W,0,0.8704809,0.16045142710208893,0.9515033960342407,0.5148961544036865
YLR421C,YGL175C,0,0.8703244,0.16042518615722656,0.9515033960342407,0.5149964690208435
YDR446W,YMR116C,0,0.87027895,0.1603989601135254,0.9515033960342407,0.5150967836380005
YGR148C,YPL227C,0,0.8702514,0.16037273406982422,0.9515033960342407,0.5151970982551575
YER026C,YKL055C,0,0.87022454,0.16034652292728424,0.9515033960342407,0.5152974128723145
YFL031W,YKR039W,0,0.87016195,0.16032031178474426,0.9515033960342407,0.5153977274894714
YGL100W,YGL086W,0,0.8699037,0.16029411554336548,0.9515033960342407,0.5154980421066284
YJL145W,YEL003W,0,0.86938924,0.1602679342031479,0.9515033960342407,0.5155983567237854
YNR075W,YJR141W,1,0.8687142,0.16040509939193726,0.9524733424186707,0.5155983567237854
YDR506C,YGL038C,0,0.868046,0.16037890315055847,0.9524733424186707,0.5156986713409424
YHR034C,YLR117C,0,0.8679897,0.1603527069091797,0.9524733424186707,0.5157989859580994
YOL041C,YKL193C,0,0.867738,0.1603265255689621,0.9524733424186707,0.5158993005752563
YNL257C,YOL058W,0,0.8673699,0.1603003591299057,0.9524733424186707,0.5159996151924133
YBR098W,YER073W,0,0.86709714,0.1602741926908493,0.9524733424186707,0.5160999298095703
YGL017W,YOL113W,0,0.867091,0.1602480411529541,0.9524733424186707,0.5162002444267273
YHR001W,YOR312C,0,0.8665409,0.1602218896150589,0.9524733424186707,0.5163005590438843
YGR183C,YNL312W,0,0.8642649,0.1601957529783249,0.9524733424186707,0.5164008140563965
YNL326C,YPL108W,0,0.86418843,0.16016963124275208,0.9524733424186707,0.5165011286735535
YDR339C,YER122C,0,0.86221707,0.16014350950717926,0.9524733424186707,0.5166014432907104
YFR046C,YIR035C,0,0.8618698,0.16011740267276764,0.9524733424186707,0.5167017579078674
YJL207C,YHR001W,0,0.86108106,0.16009129583835602,0.9524733424186707,0.5168020725250244
YBR136W,YOR256C,0,0.86073536,0.1600652039051056,0.9524733424186707,0.5169023871421814
YNL075W,YPL015C,0,0.86014634,0.16003911197185516,0.9524733424186707,0.5170027017593384
YML114C,YGR172C,0,0.8568272,0.16001303493976593,0.9524733424186707,0.5171030163764954
YDL155W,YDR143C,0,0.8555311,0.1599869728088379,0.9524733424186707,0.5172033309936523
YOR367W,YDR352W,0,0.8555078,0.15996091067790985,0.9524733424186707,0.5173036456108093
YOL008W,YLR095C,0,0.85504985,0.1599348485469818,0.9524733424186707,0.5174039602279663
YJL177W,YER048C,0,0.85474336,0.15990881621837616,0.9524733424186707,0.5175042748451233
YPL236C,YMR104C,0,0.8545153,0.15988276898860931,0.9524733424186707,0.5176045894622803
YKL027W,YDL194W,0,0.8534862,0.15985675156116486,0.9524733424186707,0.5177049040794373
YML038C,YKL208W,0,0.85145724,0.1598307341337204,0.9524733424186707,0.5178052186965942
YDR446W,YAL047C,0,0.8512406,0.15980471670627594,0.9524733424186707,0.5179055333137512
YDL042C,YLL042C,0,0.85002154,0.15977871417999268,0.9524733424186707,0.5180057883262634
YPL217C,YGL022W,0,0.84930503,0.1597527265548706,0.9524733424186707,0.5181061029434204
YJL014W,YCR043C,0,0.84851664,0.15972673892974854,0.9524733424186707,0.5182064175605774
YKR087C,YDR198C,0,0.84829295,0.15970076620578766,0.9524733424186707,0.5183067321777344
YGL255W,YGL086W,0,0.8480904,0.15967479348182678,0.9524733424186707,0.5184070467948914
YGL160W,YMR309C,0,0.84742606,0.1596488356590271,0.9524733424186707,0.5185073614120483
YMR288W,YOR321W,0,0.8462999,0.1596228927373886,0.9524733424186707,0.5186076760292053
YLR069C,YMR216C,0,0.8462605,0.15959694981575012,0.9524733424186707,0.5187079906463623
YDL132W,YER065C,0,0.8457368,0.15957100689411163,0.9524733424186707,0.5188083052635193
YFR046C,YGL022W,0,0.8455243,0.15954507887363434,0.9524733424186707,0.5189086198806763
YKL163W,YIL073C,0,0.8450036,0.15951916575431824,0.9524733424186707,0.5190089344978333
YLL036C,YGL054C,0,0.84487915,0.15949325263500214,0.9524733424186707,0.5191092491149902
YGL250W,YDR079C-A,0,0.8447275,0.15946735441684723,0.9524733424186707,0.5192095637321472
YNL254C,YDR186C,0,0.84457994,0.15944147109985352,0.9524733424186707,0.5193098783493042
YMR276W,YLR104W,1,0.8442087,0.15957792103290558,0.9534432291984558,0.5193098783493042
YOR368W,YDR186C,0,0.84382176,0.15955202281475067,0.9534432291984558,0.5194101929664612
YBL050W,YMR044W,0,0.84300214,0.15952612459659576,0.9534432291984558,0.5195105075836182
YER003C,YKL184W,0,0.8424758,0.15950024127960205,0.9534432291984558,0.5196108222007751
YDR346C,YER183C,0,0.84191895,0.15947437286376953,0.9534432291984558,0.5197110772132874
YNR073C,YIL040W,0,0.8412082,0.159448504447937,0.9534432291984558,0.5198113918304443
YBR302C,YKL184W,0,0.8405061,0.1594226360321045,0.9534432291984558,0.5199117064476013
YFR055W,YDR264C,0,0.8396388,0.15939678251743317,0.9534432291984558,0.5200120210647583
YDL126C,YGR066C,1,0.83939236,0.1595330685377121,0.9544131755828857,0.5200120210647583
YDR143C,YML121W,0,0.8389822,0.15950721502304077,0.9544131755828857,0.5201123356819153
YGL131C,YOR303W,0,0.8387796,0.15948136150836945,0.9544131755828857,0.5202126502990723
YLR081W,YOR375C,0,0.83714885,0.15945552289485931,0.9544131755828857,0.5203129649162292
YKR087C,YLR210W,0,0.8367367,0.15942968428134918,0.9544131755828857,0.5204132795333862
YOR144C,YML069W,0,0.8364321,0.15940386056900024,0.9544131755828857,0.5205135941505432
YCR102C,YKR086W,0,0.835067,0.1593780368566513,0.9544131755828857,0.5206139087677002
YOL091W,YCR089W,0,0.8348348,0.15935222804546356,0.9544131755828857,0.5207142233848572
YKL113C,YML123C,0,0.83427924,0.15932641923427582,0.9544131755828857,0.5208145380020142
YML066C,YLR372W,0,0.83309543,0.15930062532424927,0.9544131755828857,0.5209148526191711
YPL055C,YHR196W,0,0.83304185,0.1592748463153839,0.9544131755828857,0.5210151672363281
YML046W,YER073W,0,0.8330358,0.15924906730651855,0.9544131755828857,0.5211154818534851
YDR506C,YPL069C,0,0.83299774,0.1592233031988144,0.9544131755828857,0.5212157964706421
YBR215W,YKR042W,0,0.831638,0.15919753909111023,0.9544131755828857,0.5213160514831543
YGL002W,YPR004C,0,0.83158946,0.15917178988456726,0.9544131755828857,0.5214163661003113
YEL077C,YPL192C,0,0.8313513,0.1591460406780243,0.9544131755828857,0.5215166807174683
YDR155C,YAR003W,0,0.83132994,0.15912030637264252,0.9544131755828857,0.5216169953346252
YBR133C,YDR153C,0,0.831252,0.15909458696842194,0.9544131755828857,0.5217173099517822
YGR287C,YGR256W,0,0.8304193,0.15906886756420135,0.9544131755828857,0.5218176245689392
YOR354C,YJL104W,0,0.8304174,0.15904314815998077,0.9544131755828857,0.5219179391860962
YER019W,YLR240W,0,0.8297832,0.15901745855808258,0.9544131755828857,0.5220182538032532
YDL002C,YPL020C,0,0.82928455,0.1589917540550232,0.9544131755828857,0.5221185684204102
YJL209W,YKL222C,0,0.829,0.1589660793542862,0.9544131755828857,0.5222188830375671
YPL020C,YMR024W,0,0.8263422,0.1589404046535492,0.9544131755828857,0.5223191976547241
YPR075C,YDL079C,0,0.8262328,0.1589147299528122,0.9544131755828857,0.5224195122718811
YLR110C,YHR166C,0,0.8244554,0.1588890701532364,0.9544131755828857,0.5225198268890381
YGL079W,YIL010W,0,0.82396156,0.15886341035366058,0.9544131755828857,0.5226201415061951
YIL049W,YOR321W,0,0.82326394,0.15883776545524597,0.9544131755828857,0.522720456123352
YBR298C,YNL125C,0,0.8232521,0.15881213545799255,0.9544131755828857,0.522820770740509
YPL086C,YNL097C,0,0.82315356,0.15878650546073914,0.9544131755828857,0.5229210257530212
YNL169C,YDR394W,0,0.82307327,0.1587608903646469,0.9544131755828857,0.5230213403701782
YBR068C,YIL103W,0,0.8226185,0.1587352752685547,0.9544131755828857,0.5231216549873352
YLR340W,YJR152W,0,0.8224689,0.15870967507362366,0.9544131755828857,0.5232219696044922
YBR098W,YGR098C,0,0.8223023,0.15868408977985382,0.9544131755828857,0.5233222842216492
YML126C,YDR264C,0,0.82088137,0.15865850448608398,0.9544131755828857,0.5234225988388062
YGL048C,YJL118W,0,0.8206668,0.15863291919231415,0.9544131755828857,0.5235229134559631
YDL207W,YHR107C,0,0.81916493,0.1586073487997055,0.9544131755828857,0.5236232280731201
YNL300W,YOL044W,0,0.81871617,0.15858179330825806,0.9544131755828857,0.5237235426902771
YGL023C,YDL214C,0,0.8174223,0.1585562378168106,0.9544131755828857,0.5238238573074341
YDL049C,YBR135W,0,0.8155861,0.15853069722652435,0.9544131755828857,0.5239241719245911
YBR216C,YNL275W,0,0.8152132,0.1585051566362381,0.9544131755828857,0.524024486541748
YGL181W,YNR051C,0,0.81519747,0.15847963094711304,0.9544131755828857,0.524124801158905
YGL017W,YOR249C,1,0.8133069,0.1586151421070099,0.9553831219673157,0.524124801158905
YFL055W,YEL004W,0,0.8132177,0.15858960151672363,0.9553831219673157,0.524225115776062
YFR051C,YDR156W,0,0.8131738,0.15856407582759857,0.9553831219673157,0.524325430393219
YJL074C,YPR056W,0,0.8117637,0.1585385501384735,0.9553831219673157,0.524425745010376
YDR446W,YER001W,0,0.8114896,0.15851303935050964,0.9553831219673157,0.524526059627533
YBR239C,YMR083W,0,0.81140274,0.15848752856254578,0.9553831219673157,0.5246263146400452
YGL124C,YGL065C,0,0.80925775,0.1584620326757431,0.9553831219673157,0.5247266292572021
YJL139C,YKL148C,0,0.8090784,0.15843655169010162,0.9553831219673157,0.5248269438743591
YLR342W,YPR018W,0,0.8088554,0.15841107070446014,0.9553831219673157,0.5249272584915161
YBR179C,YOR073W,0,0.8085533,0.15838558971881866,0.9553831219673157,0.5250275731086731
YPL132W,YPR165W,0,0.80838156,0.15836012363433838,0.9553831219673157,0.5251278877258301
YHR183W,YOR022C,0,0.80817914,0.1583346724510193,0.9553831219673157,0.5252282023429871
YLR410W,YOR295W,0,0.8075158,0.1583092212677002,0.9553831219673157,0.525328516960144
YBR073W,YNL265C,0,0.80699915,0.1582837849855423,0.9553831219673157,0.525428831577301
YCR102C,YMR202W,0,0.8067315,0.1582583487033844,0.9553831219673157,0.525529146194458
YML123C,YNR063W,0,0.80663455,0.1582329273223877,0.9553831219673157,0.525629460811615
YLR308W,YPL158C,0,0.8063216,0.15820752084255219,0.9553831219673157,0.525729775428772
YNR049C,YOR367W,0,0.805887,0.15818211436271667,0.9553831219673157,0.525830090045929
YAR008W,YOR022C,0,0.80574745,0.15815670788288116,0.9553831219673157,0.5259304046630859
YFL050C,YGL207W,0,0.80553365,0.15813131630420685,0.9553831219673157,0.5260307192802429
YPL162C,YOR064C,0,0.80539674,0.15810593962669373,0.9553831219673157,0.5261310338973999
YGL099W,YDL058W,0,0.80462474,0.1580805629491806,0.9553831219673157,0.5262312889099121
YER065C,YJR152W,0,0.80418706,0.15805520117282867,0.9553831219673157,0.5263316035270691
YOR339C,YKL100C,1,0.803456,0.1581902801990509,0.9563530683517456,0.5263316035270691
YPL052W,YOR339C,1,0.802722,0.15832531452178955,0.9573230147361755,0.5263316035270691
YMR293C,YER004W,0,0.80253124,0.15829992294311523,0.9573230147361755,0.5264319181442261
YBR070C,YBL019W,0,0.80210257,0.15827453136444092,0.9573230147361755,0.5265322327613831
YLR408C,YHR124W,0,0.79976887,0.1582491546869278,0.9573230147361755,0.52663254737854
YLR077W,YOR344C,0,0.7976798,0.15822379291057587,0.9573230147361755,0.526732861995697
YMR011W,YAL001C,0,0.79645085,0.15819843113422394,0.9573230147361755,0.526833176612854
YDL226C,YER166W,0,0.79486144,0.1581730842590332,0.9573230147361755,0.526933491230011
YBR216C,YML111W,0,0.7945538,0.15814773738384247,0.9573230147361755,0.527033805847168
YCR071C,YIL065C,0,0.7944448,0.15812239050865173,0.9573230147361755,0.527134120464325
YIR013C,YMR231W,0,0.79426056,0.1580970734357834,0.9573230147361755,0.5272344350814819
YGR157W,YDL239C,0,0.79385567,0.15807174146175385,0.9573230147361755,0.5273347496986389
YHL018W,YKL055C,0,0.7927791,0.1580464392900467,0.9573230147361755,0.5274350643157959
YOR329C,YNL005C,0,0.7921462,0.15802113711833954,0.9573230147361755,0.5275353789329529
YIL040W,YOR058C,0,0.79212934,0.15799583494663239,0.9573230147361755,0.5276356935501099
YNL209W,YGL207W,0,0.7915656,0.15797054767608643,0.9573230147361755,0.5277360081672668
YOR005C,YJL160C,0,0.79123116,0.15794527530670166,0.9573230147361755,0.527836263179779
YOL097C,YIR034C,0,0.79081553,0.1579200029373169,0.9573230147361755,0.527936577796936
YHR102W,YGL175C,0,0.7908102,0.15789473056793213,0.9573230147361755,0.528036892414093
YPR145W,YKL055C,0,0.79079384,0.15786948800086975,0.9573230147361755,0.52813720703125
YCL038C,YOL089C,0,0.7899915,0.15784423053264618,0.9573230147361755,0.528237521648407
YJR014W,YIL122W,0,0.78960603,0.157819002866745,0.9573230147361755,0.528337836265564
YNL014W,YOL075C,0,0.78863734,0.15779376029968262,0.9573230147361755,0.528438150882721
YOL115W,YCR088W,0,0.78686523,0.15776854753494263,0.9573230147361755,0.5285384654998779
YLR297W,YMR214W,0,0.78666985,0.15774333477020264,0.9573230147361755,0.5286387801170349
YGL124C,YJL122W,0,0.7862869,0.15771812200546265,0.9573230147361755,0.5287390947341919
YOR118W,YKL084W,0,0.7861721,0.15769292414188385,0.9573230147361755,0.5288394093513489
YDR141C,YOL058W,0,0.7857721,0.15766772627830505,0.9573230147361755,0.5289397239685059
YJL074C,YDR099W,0,0.78554136,0.15764254331588745,0.9573230147361755,0.5290400385856628
YGL086W,YDL104C,0,0.7845315,0.15761737525463104,0.9573230147361755,0.5291403532028198
YJR125C,YOR375C,0,0.7842747,0.15759220719337463,0.9573230147361755,0.5292406678199768
YHR176W,YOR122C,0,0.7840818,0.15756705403327942,0.9573230147361755,0.5293409824371338
YBR258C,YDR194C,0,0.78403777,0.1575419008731842,0.9573230147361755,0.5294412970542908
YHR001W,YJR161C,0,0.78339976,0.15751676261425018,0.9573230147361755,0.529541552066803
YGL017W,YBR288C,0,0.78291976,0.15749162435531616,0.9573230147361755,0.52964186668396
YER073W,YLL054C,0,0.78200257,0.15746650099754333,0.9573230147361755,0.5297421813011169
YHR079C-A,YPL030W,0,0.7817446,0.1574413776397705,0.9573230147361755,0.5298424959182739
YML088W,YJL197W,1,0.7798339,0.15757575631141663,0.9582929015159607,0.5298424959182739
YML062C,YLR027C,0,0.7791217,0.1575506329536438,0.9582929015159607,0.5299428105354309
YOR231W,YPR033C,0,0.7790544,0.15752550959587097,0.9582929015159607,0.5300431251525879
YBL099W,YDL214C,0,0.77740777,0.15750040113925934,0.9582929015159607,0.5301434397697449
YKL209C,YKL193C,0,0.77707714,0.1574752926826477,0.9582929015159607,0.5302437543869019
YPL108W,YNR046W,0,0.77614176,0.15745019912719727,0.9582929015159607,0.5303440690040588
YKL025C,YAL047C,0,0.77595073,0.15742510557174683,0.9582929015159607,0.5304443836212158
YIR034C,YLR095C,0,0.77581775,0.15740002691745758,0.9582929015159607,0.5305446982383728
YHR003C,YER018C,0,0.77505255,0.15737496316432953,0.9582929015159607,0.5306450128555298
YOL146W,YNL257C,0,0.7745677,0.15734989941120148,0.9582929015159607,0.5307453274726868
YGL100W,YDR180W,0,0.77421105,0.15732483565807343,0.9582929015159607,0.5308456420898438
YDR194C,YIL168W,0,0.773978,0.15729978680610657,0.9582929015159607,0.5309459567070007
YKR003W,YGR261C,0,0.7729985,0.1572747528553009,0.9582929015159607,0.5310462713241577
YNL035C,YBL019W,0,0.7720896,0.15724971890449524,0.9582929015159607,0.5311465263366699
YNL069C,YGR091W,0,0.7706317,0.15722469985485077,0.9582929015159607,0.5312468409538269
YCR042C,YLR368W,0,0.7704581,0.1571996808052063,0.9582929015159607,0.5313471555709839
YOR229W,YBL006C,0,0.7702717,0.15717467665672302,0.9582929015159607,0.5314474701881409
YDR142C,YNL058C,0,0.7698368,0.15714967250823975,0.9582929015159607,0.5315477848052979
YJL145W,YDL150W,0,0.7698139,0.15712468326091766,0.9582929015159607,0.5316480994224548
YCR042C,YNL093W,0,0.76975155,0.15709969401359558,0.9582929015159607,0.5317484140396118
YHR123W,YBR068C,0,0.76948357,0.1570747196674347,0.9582929015159607,0.5318487286567688
YNL300W,YHR124W,0,0.7694759,0.157049760222435,0.9582929015159607,0.5319490432739258
YBR018C,YHR128W,0,0.769466,0.1570248007774353,0.9582929015159607,0.5320493578910828
YNR073C,YPL232W,0,0.7693471,0.1569998413324356,0.9582929015159607,0.5321496725082397
YPR101W,YJR152W,0,0.7687617,0.1569748967885971,0.9582929015159607,0.5322499871253967
YMR014W,YOR198C,0,0.7678684,0.1569499671459198,0.9582929015159607,0.5323503017425537
YGR203W,YNR036C,0,0.76671827,0.1569250375032425,0.9582929015159607,0.5324506163597107
YJL116C,YDR307W,0,0.76541734,0.15690010786056519,0.9582929015159607,0.5325509309768677
YNL257C,YKL167C,0,0.76474464,0.15687519311904907,0.9582929015159607,0.5326512455940247
YLR320W,YCR023C,0,0.7647383,0.15685029327869415,0.9582929015159607,0.5327515006065369
YKL055C,YPL108W,0,0.76449513,0.15682539343833923,0.9582929015159607,0.5328518152236938
YDR058C,YJL092W,0,0.7635244,0.1568005084991455,0.9582929015159607,0.5329521298408508
YPR066W,YDL165W,0,0.7628748,0.15677562355995178,0.9582929015159607,0.5330524444580078
YMR134W,YER169W,0,0.76286244,0.15675075352191925,0.9582929015159607,0.5331527590751648
YBR133C,YKL018W,0,0.7627688,0.15672588348388672,0.9582929015159607,0.5332530736923218
YOR256C,YDL150W,0,0.7626566,0.15670102834701538,0.9582929015159607,0.5333533883094788
YGL208W,YNL113W,0,0.76244664,0.15667618811130524,0.9582929015159607,0.5334537029266357
YLR320W,YDR216W,0,0.76235205,0.1566513329744339,0.9582929015159607,0.5335540175437927
YGR090W,YML111W,0,0.7617881,0.15662650763988495,0.9582929015159607,0.5336543321609497
YHL018W,YHR094C,0,0.7611457,0.156601682305336,0.9582929015159607,0.5337546467781067
YDL025C,YHR083W,0,0.7608683,0.15657685697078705,0.9582929015159607,0.5338549613952637
YPL088W,YGL150C,0,0.7607764,0.1565520465373993,0.9582929015159607,0.5339552760124207
YEL011W,YDR079C-A,0,0.76036084,0.15652725100517273,0.9582929015159607,0.5340555906295776
YJR113C,YGL044C,0,0.75981116,0.15650245547294617,0.9582929015159607,0.5341559052467346
YNL222W,YFL002C,0,0.75903976,0.1564776748418808,0.9582929015159607,0.5342562198638916
YER065C,YJL122W,0,0.7589352,0.15645289421081543,0.9582929015159607,0.5343565344810486
YDR147W,YKL193C,0,0.7586047,0.15642811357975006,0.9582929015159607,0.5344567894935608
YDR006C,YOL033W,0,0.75856185,0.15640336275100708,0.9582929015159607,0.5345571041107178
YJL028W,YLR133W,0,0.7581849,0.1563785970211029,0.9582929015159607,0.5346574187278748
YCR102C,YDR097C,0,0.7578252,0.15635384619235992,0.9582929015159607,0.5347577333450317
YPL256C,YGR013W,0,0.75756985,0.15632911026477814,0.9582929015159607,0.5348580479621887
YJL139C,YOR371C,0,0.7574106,0.15630438923835754,0.9582929015159607,0.5349583625793457
YBR228W,YCR043C,0,0.75621253,0.15627965331077576,0.9582929015159607,0.5350586771965027
YNR073C,YBR110W,0,0.75589406,0.15625494718551636,0.9582929015159607,0.5351589918136597
YOR077W,YGL153W,0,0.7556617,0.15623024106025696,0.9582929015159607,0.5352593064308167
YIL040W,YHR072W-A,0,0.7542957,0.15620553493499756,0.9582929015159607,0.5353596210479736
YKL071W,YGL038C,0,0.75313115,0.15618084371089935,0.9582929015159607,0.5354599356651306
YOR115C,YOL016C,0,0.7530195,0.15615615248680115,0.9582929015159607,0.5355602502822876
YIL099W,YLL005C,0,0.75250274,0.15613147616386414,0.9582929015159607,0.5356605648994446
YMR164C,YPR058W,0,0.7524635,0.15610681474208832,0.9582929015159607,0.5357608795166016
YLR077W,YJR129C,0,0.7516989,0.1560821533203125,0.9582929015159607,0.5358611941337585
YKL112W,YJL118W,0,0.749542,0.15605749189853668,0.9582929015159607,0.5359615087509155
YKL025C,YGR067C,0,0.7493743,0.15603284537792206,0.9582929015159607,0.5360617637634277
YGR247W,YDR302W,0,0.74911,0.15600821375846863,0.9582929015159607,0.5361620783805847
YNL177C,YDL092W,0,0.74872243,0.1559835821390152,0.9582929015159607,0.5362623929977417
YPL242C,YJL210W,0,0.74848664,0.15595896542072296,0.9582929015159607,0.5363627076148987
YHL030W,YGR066C,1,0.7480218,0.15609216690063477,0.9592628479003906,0.5363627076148987
YKL091C,YFR044C,0,0.7480099,0.15606753528118134,0.9592628479003906,0.5364630222320557
YER019W,YHR176W,0,0.74705946,0.1560429185628891,0.9592628479003906,0.5365633368492126
YLR225C,YBR136W,0,0.74681866,0.15601830184459686,0.9592628479003906,0.5366636514663696
YDR180W,YKL018W,0,0.7458302,0.15599368512630463,0.9592628479003906,0.5367639660835266
YGR048W,YFL006W,1,0.74512696,0.15612679719924927,0.9602327942848206,0.5367639660835266
YER003C,YKL137W,0,0.7442776,0.15610218048095703,0.9602327942848206,0.5368642807006836
YOR144C,YGR023W,0,0.7437265,0.1560775637626648,0.9602327942848206,0.5369645953178406
YDR006C,YEL077C,0,0.7429646,0.15605296194553375,0.9602327942848206,0.5370649099349976
YFR044C,YDL213C,0,0.74238974,0.1560283750295639,0.9602327942848206,0.5371652245521545
YLL015W,YGR092W,0,0.7420952,0.15600378811359406,0.9602327942848206,0.5372655391693115
YNL014W,YIL157C,0,0.74205136,0.1559792011976242,0.9602327942848206,0.5373658537864685
YOR100C,YBR229C,0,0.74087167,0.15595462918281555,0.9602327942848206,0.5374661684036255
YOL146W,YKR099C-A,0,0.74054515,0.1559300720691681,0.9602327942848206,0.5375664830207825
YLR376C,YPR079W,0,0.7400945,0.15590551495552063,0.9602327942848206,0.5376667380332947
YKL163W,YPL187W,0,0.7398993,0.15588095784187317,0.9602327942848206,0.5377670526504517
YDR311W,YOR255W,0,0.739344,0.1558564305305481,0.9602327942848206,0.5378673672676086
YDR099W,YOR010C,0,0.73912466,0.15583188831806183,0.9602327942848206,0.5379676818847656
YPL052W-A,YBR290W,1,0.7389862,0.15596474707126617,0.9612027406692505,0.5379676818847656
YOL091W,YIL016W,0,0.7389238,0.1559402048587799,0.9612027406692505,0.5380679965019226
YBR235W,YCR088W,0,0.73844045,0.15591567754745483,0.9612027406692505,0.5381683111190796
YJL051W,YDR382W,0,0.7381183,0.15589115023612976,0.9612027406692505,0.5382686257362366
YNL315C,YKR099C-A,0,0.7365827,0.1558666229248047,0.9612027406692505,0.5383689403533936
YGL134W,YDR162C,0,0.73602104,0.1558421105146408,0.9612027406692505,0.5384692549705505
YPR018W,YDR119W,0,0.7360071,0.15581761300563812,0.9612027406692505,0.5385695695877075
YFR042W,YCR048W,0,0.73527014,0.15579311549663544,0.9612027406692505,0.5386698842048645
YJL207C,YDR085C,0,0.7350713,0.15576863288879395,0.9612027406692505,0.5387701988220215
YCR089W,YBR014C,0,0.73496056,0.15574415028095245,0.9612027406692505,0.5388705134391785
YNL336W,YFR055W,0,0.7343211,0.15571966767311096,0.9612027406692505,0.5389708280563354
YGR157W,YDL010W,0,0.7342746,0.15569521486759186,0.9612027406692505,0.5390711426734924
YJL018W,YDL201W,0,0.73380935,0.15567074716091156,0.9612027406692505,0.5391714572906494
YLR034C,YBR044C,0,0.73311555,0.15564629435539246,0.9612027406692505,0.5392717719078064
YNL222W,YHR166C,0,0.73301303,0.15562185645103455,0.9612027406692505,0.5393720269203186
YNL088W,YDR237W,0,0.7329587,0.15559741854667664,0.9612027406692505,0.5394723415374756
YGR227W,YGL055W,0,0.7327099,0.15557299554347992,0.9612027406692505,0.5395726561546326
YMR021C,YLR388W,0,0.7325095,0.1555485725402832,0.9612027406692505,0.5396729707717896
YDR291W,YOR077W,0,0.7323973,0.15552416443824768,0.9612027406692505,0.5397732853889465
YOR115C,YCR048W,0,0.7298938,0.15549977123737335,0.9612027406692505,0.5398736000061035
YLR307W,YBR298C,0,0.72946703,0.15547536313533783,0.9612027406692505,0.5399739146232605
YKL137W,YDR208W,0,0.72920185,0.1554509848356247,0.9612027406692505,0.5400742292404175
YJL116C,YDR506C,0,0.7282276,0.15542660653591156,0.9612027406692505,0.5401745438575745
YJL123C,YBL046W,0,0.72779846,0.15540222823619843,0.9612027406692505,0.5402748584747314
YGL033W,YBR179C,0,0.72708714,0.15537786483764648,0.9612027406692505,0.5403751730918884
YER075C,YDR352W,0,0.72708666,0.15535350143909454,0.9612027406692505,0.5404754877090454
YLR240W,YFL024C,0,0.7269005,0.1553291529417038,0.9612027406692505,0.5405758023262024
YHR065C,YGR013W,0,0.7268172,0.15530480444431305,0.9612027406692505,0.5406761169433594
YJR137C,YOL001W,0,0.7267271,0.1552804708480835,0.9612027406692505,0.5407764315605164
YMR197C,YDR237W,0,0.7267191,0.15525615215301514,0.9612027406692505,0.5408767461776733
YDL049C,YOR367W,0,0.7257882,0.15523183345794678,0.9612027406692505,0.5409770011901855
YKL027W,YDR354W,0,0.7248931,0.15520751476287842,0.9612027406692505,0.5410773158073425
YNL256W,YBR199W,0,0.7247666,0.15518321096897125,0.9612027406692505,0.5411776304244995
YJL050W,YJL160C,0,0.7246833,0.15515892207622528,0.9612027406692505,0.5412779450416565
YGR013W,YGL257C,0,0.7245057,0.1551346331834793,0.9612027406692505,0.5413782596588135
YIL041W,YPL024W,0,0.7239983,0.15511034429073334,0.9612027406692505,0.5414785742759705
YDR191W,YDR113C,0,0.7239114,0.15508607029914856,0.9612027406692505,0.5415788888931274
YDR017C,YHR065C,0,0.72360235,0.15506181120872498,0.9612027406692505,0.5416792035102844
YNR073C,YBR018C,0,0.7233629,0.1550375521183014,0.9612027406692505,0.5417795181274414
YKL107W,YNR063W,0,0.72144365,0.1550132930278778,0.9612027406692505,0.5418798327445984
YOL016C,YCR083W,0,0.7201252,0.15498904883861542,0.9612027406692505,0.5419801473617554
YLR138W,YHR191C,0,0.71971226,0.15496481955051422,0.9612027406692505,0.5420804619789124
YOL115W,YPR075C,0,0.71821046,0.15494059026241302,0.9612027406692505,0.5421807765960693
YKL137W,YGL156W,0,0.7179353,0.15491636097431183,0.9612027406692505,0.5422810912132263
YFL009W,YLR319C,0,0.7160352,0.15489214658737183,0.9612027406692505,0.5423814058303833
YOL013C,YLR431C,0,0.71581876,0.15486794710159302,0.9612027406692505,0.5424817204475403
YDR153C,YMR047C,0,0.71554476,0.1548437476158142,0.9612027406692505,0.5425819754600525
YLR071C,YDR162C,0,0.7148766,0.1548195630311966,0.9612027406692505,0.5426822900772095
YOR328W,YLR070C,0,0.71472824,0.15479537844657898,0.9612027406692505,0.5427826046943665
YDL232W,YOL017W,0,0.7143198,0.15477119386196136,0.9612027406692505,0.5428829193115234
YKL092C,YER122C,0,0.7133813,0.15474703907966614,0.9612027406692505,0.5429832339286804
YML078W,YIL162W,0,0.7132238,0.15472286939620972,0.9612027406692505,0.5430835485458374
YBR239C,YLR453C,0,0.713072,0.1546987146139145,0.9612027406692505,0.5431838631629944
YAR008W,YLR155C,0,0.71218896,0.15467457473278046,0.9612027406692505,0.5432841777801514
YDR519W,YCR033W,0,0.7117773,0.15465043485164642,0.9612027406692505,0.5433844923973083
YOR095C,YCR043C,0,0.7108899,0.15462630987167358,0.9612027406692505,0.5434848070144653
YOR360C,YER170W,0,0.7105581,0.15460218489170074,0.9612027406692505,0.5435851216316223
YOL110W,YJR159W,0,0.708585,0.1545780748128891,0.9612027406692505,0.5436854362487793
YJR091C,YGR247W,0,0.7085811,0.15455396473407745,0.9612027406692505,0.5437857508659363
YIL073C,YNL005C,0,0.70851755,0.1545298546552658,0.9612027406692505,0.5438860654830933
YBR039W,YOR007C,0,0.7084949,0.15450577437877655,0.9612027406692505,0.5439863801002502
YOL013C,YFL022C,0,0.70818484,0.1544816792011261,0.9612027406692505,0.5440866947174072
YPR201W,YDR171W,0,0.7080107,0.15445759892463684,0.9612027406692505,0.5441870093345642
YER039C,YLR066W,0,0.70725906,0.15443353354930878,0.9612027406692505,0.5442872643470764
YOR118W,YPL283C,0,0.7068656,0.1544094681739807,0.9612027406692505,0.5443875789642334
YKL092C,YLR022C,0,0.70651984,0.15438541769981384,0.9612027406692505,0.5444878935813904
YDR184C,YLR256W,0,0.7064249,0.15436136722564697,0.9612027406692505,0.5445882081985474
YFR028C,YDR477W,0,0.7063054,0.1543373316526413,0.9612027406692505,0.5446885228157043
YHR098C,YPR009W,0,0.7057059,0.15431329607963562,0.9612027406692505,0.5447888374328613
YFL050C,YNL245C,0,0.70541656,0.15428927540779114,0.9612027406692505,0.5448891520500183
YGL250W,YDR085C,0,0.7053989,0.15426525473594666,0.9612027406692505,0.5449894666671753
YOR368W,YPL079W,0,0.70538545,0.15424124896526337,0.9612027406692505,0.5450897812843323
YMR202W,YPL053C,0,0.70507145,0.15421724319458008,0.9612027406692505,0.5451900959014893
YFL031W,YPL158C,0,0.7049701,0.15419325232505798,0.9612027406692505,0.5452904105186462
YDR338C,YBR201W,0,0.704779,0.1541692614555359,0.9612027406692505,0.5453907251358032
YLR369W,YER074W-A,0,0.70317084,0.154145285487175,0.9612027406692505,0.5454910397529602
YOL094C,YPR052C,0,0.7009579,0.1541213095188141,0.9612027406692505,0.5455913543701172
YJL118W,YBR008C,0,0.6999382,0.15409734845161438,0.9612027406692505,0.5456916689872742
YCR102C,YOL113W,0,0.69927734,0.15407338738441467,0.9612027406692505,0.5457919836044312
YGL022W,YGL175C,0,0.699183,0.15404942631721497,0.9612027406692505,0.5458922386169434
YKL022C,YDR049W,1,0.69879746,0.15418091416358948,0.9621726274490356,0.5458922386169434
YIL023C,YFL022C,0,0.69768685,0.15415695309638977,0.9621726274490356,0.5459925532341003
YDR141C,YMR271C,0,0.69765437,0.15413300693035126,0.9621726274490356,0.5460928678512573
YER157W,YPL008W,0,0.6971023,0.15410906076431274,0.9621726274490356,0.5461931824684143
YGR257C,YBR110W,0,0.6971021,0.15408511459827423,0.9621726274490356,0.5462934970855713
YML058W,YGL153W,0,0.69561446,0.1540611833333969,0.9621726274490356,0.5463938117027283
YFL006W,YBR158W,1,0.694701,0.15419255197048187,0.9631425738334656,0.5463938117027283
YLR205C,YDR162C,0,0.6946622,0.15416860580444336,0.9631425738334656,0.5464941263198853
YLR410W,YOL044W,0,0.6944476,0.15414467453956604,0.9631425738334656,0.5465944409370422
YHL022C,YNL152W,0,0.69418395,0.15412075817584991,0.9631425738334656,0.5466947555541992
YER116C,YFL062W,1,0.69363743,0.15425202250480652,0.9641125202178955,0.5466947555541992
YMR106C,YBL019W,0,0.69344676,0.154228076338768,0.9641125202178955,0.5467950701713562
YIL099W,YPL008W,0,0.6932206,0.15420415997505188,0.9641125202178955,0.5468953847885132
YBR070C,YPR121W,0,0.69302654,0.15418024361133575,0.9641125202178955,0.5469956994056702
YIL127C,YAL032C,0,0.6929597,0.15415632724761963,0.9641125202178955,0.5470960140228271
YPR101W,YAL009W,0,0.6916473,0.1541324257850647,0.9641125202178955,0.5471963286399841
YER119C,YKL176C,0,0.6913964,0.15410852432250977,0.9641125202178955,0.5472966432571411
YKL220C,YPR112C,0,0.68882406,0.15408463776111603,0.9641125202178955,0.5473969578742981
YBR298C,YKR003W,0,0.68714213,0.1540607511997223,0.9641125202178955,0.5474972128868103
YLR128W,YDR408C,0,0.6863416,0.15403687953948975,0.9641125202178955,0.5475975275039673
YML033W,YPL015C,0,0.68612665,0.1540130078792572,0.9641125202178955,0.5476978421211243
YOL013C,YEL077C,0,0.6860217,0.15398915112018585,0.9641125202178955,0.5477981567382812
YFL008W,YKR042W,0,0.6855156,0.1539653092622757,0.9641125202178955,0.5478984713554382
YDL013W,YPL009C,1,0.682623,0.1540963351726532,0.9650824666023254,0.5478984713554382
YGL043W,YCR034W,0,0.68231404,0.15407246351242065,0.9650824666023254,0.5479987859725952
YKL101W,YLR256W,0,0.68222284,0.1540486216545105,0.9650824666023254,0.5480991005897522
YKR080W,YPR094W,0,0.6818174,0.15402476489543915,0.9650824666023254,0.5481994152069092
YFL055W,YGR074W,0,0.6817623,0.154000923037529,0.9650824666023254,0.5482997298240662
YDR311W,YKL146W,0,0.6809635,0.15397709608078003,0.9650824666023254,0.5484000444412231
YDL212W,YPL170W,0,0.68050474,0.15395326912403107,0.9650824666023254,0.5485003590583801
YLR424W,YPL249C,0,0.6800207,0.1539294570684433,0.9650824666023254,0.5486006736755371
YNL088W,YDL010W,0,0.6798618,0.15390564501285553,0.9650824666023254,0.5487009882926941
YHL048W,YKR087C,1,0.6798368,0.1540364921092987,0.9660523533821106,0.5487009882926941
YGR203W,YPL170W,0,0.6795599,0.15401268005371094,0.9660523533821106,0.5488013029098511
YIL016W,YGL032C,0,0.6794298,0.15398886799812317,0.9660523533821106,0.5489016175270081
YEL020C,YHR018C,0,0.6792613,0.1539650708436966,0.9660523533821106,0.549001932144165
YGR038C-B,YLR453C,0,0.6792418,0.15394127368927002,0.9660523533821106,0.5491021871566772
YJR141W,YJL144W,1,0.67903143,0.15407201647758484,0.9670222997665405,0.5491021871566772
YDL005C,YKR087C,0,0.6782192,0.15404820442199707,0.9670222997665405,0.5492025017738342
YGL207W,YNL327W,0,0.67796624,0.1540244072675705,0.9670222997665405,0.5493028163909912
YJL028W,YEL026W,0,0.67673427,0.15400062501430511,0.9670222997665405,0.5494031310081482
YJL092W,YBR199W,0,0.67621297,0.15397682785987854,0.9670222997665405,0.5495034456253052
YBR106W,YBL019W,0,0.6761639,0.15395306050777435,0.9670222997665405,0.5496037602424622
YGR013W,YOR064C,0,0.67536974,0.15392929315567017,0.9670222997665405,0.5497040748596191
YHR178W,YMR244C-A,0,0.67434174,0.15390552580356598,0.9670222997665405,0.5498043894767761
YER183C,YBR008C,0,0.6743279,0.15388177335262299,0.9670222997665405,0.5499047040939331
YKR080W,YHR026W,0,0.6732461,0.15385802090168,0.9670222997665405,0.5500050187110901
YOR214C,YGL150C,0,0.6718867,0.1538342833518982,0.9670222997665405,0.5501053333282471
YMR263W,YGR195W,0,0.6705098,0.1538105458021164,0.9670222997665405,0.550205647945404
YOR171C,YMR083W,0,0.6702117,0.1537868231534958,0.9670222997665405,0.550305962562561
YLR408C,YGL125W,0,0.6699944,0.15376311540603638,0.9670222997665405,0.550406277179718
YKL120W,YOL089C,0,0.6688546,0.15373939275741577,0.9670222997665405,0.550506591796875
YGR157W,YHR102W,0,0.66852325,0.15371569991111755,0.9670222997665405,0.550606906414032
YBR210W,YPR124W,0,0.66843444,0.15369199216365814,0.9670222997665405,0.550707221031189
YGR087C,YLR095C,0,0.66803503,0.15366831421852112,0.9670222997665405,0.5508074760437012
YGR121C,YGL210W-A,0,0.66793495,0.1536446362733841,0.9670222997665405,0.5509077906608582
YOR328W,YHR141C,0,0.6676276,0.15362095832824707,0.9670222997665405,0.5510081052780151
YOR202W,YER160C,0,0.66698575,0.15359729528427124,0.9670222997665405,0.5511084198951721
YMR021C,YEL026W,0,0.66524434,0.1535736322402954,0.9670222997665405,0.5512087345123291
YIL127C,YMR244C-A,0,0.6651299,0.15354998409748077,0.9670222997665405,0.5513090491294861
YHR079C-A,YBR102C,0,0.66431105,0.15352633595466614,0.9670222997665405,0.5514093637466431
YGR240C,YPL190C,0,0.66361547,0.1535026878118515,0.9670222997665405,0.5515096783638
YGR186W,YFL034C-A,0,0.6631412,0.15347906947135925,0.9670222997665405,0.551609992980957
YPR183W,YLL054C,0,0.6624226,0.1534554362297058,0.9670222997665405,0.551710307598114
YMR104C,YML072C,0,0.6617379,0.15343181788921356,0.9670222997665405,0.551810622215271
YPL256C,YJR113C,0,0.66172284,0.1534082144498825,0.9670222997665405,0.551910936832428
YLR057W,YLR002C,0,0.6614347,0.15338461101055145,0.9670222997665405,0.552011251449585
YDL004W,YGR125W,0,0.66075546,0.1533610224723816,0.9670222997665405,0.5521115660667419
YBR288C,YOR171C,0,0.6576011,0.15333743393421173,0.9670222997665405,0.5522118806838989
YOR073W,YOR122C,0,0.6573518,0.15331386029720306,0.9670222997665405,0.5523121953010559
YJR095W,YPL086C,0,0.65704834,0.1532902866601944,0.9670222997665405,0.5524124503135681
YPL009C,YNL106C,0,0.6567234,0.15326671302318573,0.9670222997665405,0.5525127649307251
YBR293W,YKL208W,0,0.65664244,0.15324315428733826,0.9670222997665405,0.5526130795478821
YNL071W,YGR203W,0,0.6555069,0.15321961045265198,0.9670222997665405,0.5527133941650391
YNL139C,YAL032C,0,0.65419674,0.1531960666179657,0.9670222997665405,0.552813708782196
YPL055C,YOR307C,0,0.65261316,0.1531725376844406,0.9670222997665405,0.552914023399353
YJL111W,YHR001W,0,0.6525892,0.15314900875091553,0.9670222997665405,0.55301433801651
YBR216C,YIR033W,0,0.65214115,0.15312547981739044,0.9670222997665405,0.553114652633667
YNL126W,YCL033C,0,0.65158457,0.15310196578502655,0.9670222997665405,0.553214967250824
YDL042C,YNL321W,0,0.65155065,0.15307845175266266,0.9670222997665405,0.553315281867981
YNL053W,YGR038W,0,0.65147954,0.15305495262145996,0.9670222997665405,0.5534155964851379
YGR275W,YLR069C,0,0.65024793,0.15303146839141846,0.9670222997665405,0.5535159111022949
YEL077C,YLR110C,0,0.64937437,0.15300798416137695,0.9670222997665405,0.5536162257194519
YDL155W,YFL022C,0,0.648708,0.15298449993133545,0.9670222997665405,0.5537165403366089
YOR035C,YDR484W,0,0.6483436,0.15296103060245514,0.9670222997665405,0.5538168549537659
YML008C,YGL207W,0,0.6479722,0.15293756127357483,0.9670222997665405,0.5539171695709229
YGL210W-A,YJR144W,0,0.64787966,0.1529141068458557,0.9670222997665405,0.5540174245834351
YKL049C,YDL079C,0,0.6476493,0.1528906673192978,0.9670222997665405,0.554117739200592
YDR541C,YIL121W,0,0.64752513,0.15286721289157867,0.9670222997665405,0.554218053817749
YJL047C,YGR092W,0,0.6473945,0.15284378826618195,0.9670222997665405,0.554318368434906
YJR129C,YER001W,0,0.6467921,0.15282034873962402,0.9670222997665405,0.554418683052063
YDR446W,YPL158C,0,0.6459914,0.1527969390153885,0.9670222997665405,0.55451899766922
YPR025C,YNL256W,0,0.6457764,0.15277351438999176,0.9670222997665405,0.554619312286377
YDR186C,YGR289C,0,0.6450727,0.15275011956691742,0.9670222997665405,0.5547196269035339
YPL249C-A,YOR255W,0,0.6443774,0.15272670984268188,0.9670222997665405,0.5548199415206909
YER078C,YGL208W,0,0.64382744,0.15270332992076874,0.9670222997665405,0.5549202561378479
YLR310C,YMR271C,0,0.6432986,0.1526799350976944,0.9670222997665405,0.5550205707550049
YNL047C,YGR067C,0,0.64257133,0.15265655517578125,0.9670222997665405,0.5551208853721619
YBL102W,YER157W,0,0.6422466,0.1526331901550293,0.9670222997665405,0.5552211999893188
YLR408C,YPL023C,0,0.6417415,0.15260982513427734,0.9670222997665405,0.5553215146064758
YHR188C,YCR023C,0,0.64165187,0.15258647501468658,0.9670222997665405,0.5554218292236328
YPL047W,YBR186W,0,0.6413733,0.15256312489509583,0.9670222997665405,0.5555221438407898
YBR210W,YDR267C,0,0.6409174,0.15253977477550507,0.9670222997665405,0.5556224584579468
YLR051C,YNL326C,0,0.6402572,0.1525164395570755,0.9670222997665405,0.555722713470459
YGR277C,YGR280C,0,0.6400627,0.15249311923980713,0.9670222997665405,0.555823028087616
YHL009C,YCR067C,0,0.6395562,0.15246979892253876,0.9670222997665405,0.555923342704773
YBR057C,YDR206W,0,0.6388967,0.15244647860527039,0.9670222997665405,0.5560236573219299
YLR410W,YNL003C,0,0.6388669,0.1524231731891632,0.9670222997665405,0.5561239719390869
YLR035C,YAL061W,0,0.6382474,0.15239988267421722,0.9670222997665405,0.5562242865562439
YHR134W,YPL060C-A,0,0.6366869,0.15237659215927124,0.9670222997665405,0.5563246011734009
YBL097W,YMR231W,0,0.63656497,0.15235330164432526,0.9670222997665405,0.5564249157905579
YDR349C,YHR183W,0,0.63647306,0.15233002603054047,0.9670222997665405,0.5565252304077148
YOR229W,YPR145W,0,0.6360587,0.15230675041675568,0.9670222997665405,0.5566255450248718
YGL048C,YBR239C,0,0.63502884,0.15228348970413208,0.9670222997665405,0.5567258596420288
YMR214W,YER048C,0,0.63486546,0.15226022899150848,0.9670222997665405,0.5568261742591858
YOR234C,YLR319C,0,0.63458186,0.15223698318004608,0.9670222997665405,0.5569264888763428
YIR022W,YKL012W,0,0.63378155,0.15221373736858368,0.9670222997665405,0.5570268034934998
YLR035C,YMR199W,0,0.63327754,0.15219050645828247,0.9670222997665405,0.5571271181106567
YGR087C,YNL275W,0,0.6329398,0.15216727554798126,0.9670222997665405,0.5572274327278137
YLR272C,YLL015W,0,0.63273317,0.15214405953884125,0.9670222997665405,0.5573276877403259
YPL047W,YML033W,0,0.63184047,0.15212084352970123,0.9670222997665405,0.5574280023574829
YKL211C,YOR064C,0,0.63175726,0.1520976424217224,0.9670222997665405,0.5575283169746399
YJL076W,YDR264C,0,0.6316673,0.1520744413137436,0.9670222997665405,0.5576286315917969
YGL100W,YGR277C,0,0.6316444,0.15205124020576477,0.9670222997665405,0.5577289462089539
YGL250W,YAR066W,0,0.630229,0.15202805399894714,0.9670222997665405,0.5578292608261108
YFL016C,YER011W,0,0.6298678,0.1520048826932907,0.9670222997665405,0.5579295754432678
YLL005C,YML111W,0,0.62971526,0.15198171138763428,0.9670222997665405,0.5580298900604248
YGR203W,YBR018C,0,0.6293548,0.15195854008197784,0.9670222997665405,0.5581302046775818
YDL005C,YMR323W,0,0.629179,0.1519353836774826,0.9670222997665405,0.5582305192947388
YKR001C,YML010W,0,0.6282465,0.15191224217414856,0.9670222997665405,0.5583308339118958
YLR119W,YNL279W,0,0.6282433,0.15188908576965332,0.9670222997665405,0.5584311485290527
YKL112W,YDL064W,0,0.6280417,0.15186595916748047,0.9670222997665405,0.5585314631462097
YLR069C,YIL168W,0,0.6273011,0.15184283256530762,0.9670222997665405,0.5586317777633667
YDR084C,YNL327W,0,0.6265278,0.15181970596313477,0.9670222997665405,0.5587320923805237
YGR227W,YPR164W,0,0.6260334,0.1517965942621231,0.9670222997665405,0.5588324069976807
YLR307W,YHL018W,0,0.6258477,0.15177348256111145,0.9670222997665405,0.5589326620101929
YKR003W,YPR165W,0,0.6256281,0.151750385761261,0.9670222997665405,0.5590329766273499
YDR216W,YOL137W,0,0.6251551,0.15172728896141052,0.9670222997665405,0.5591332912445068
YBL045C,YPL015C,0,0.6249882,0.15170420706272125,0.9670222997665405,0.5592336058616638
YLR262C,YPL069C,0,0.6244625,0.15168112516403198,0.9670222997665405,0.5593339204788208
YPR082C,YDL010W,0,0.62443435,0.1516580432653427,0.9670222997665405,0.5594342350959778
YKL086W,YIR022W,0,0.62330467,0.15163497626781464,0.9670222997665405,0.5595345497131348
YBR235W,YBR098W,0,0.6228728,0.15161192417144775,0.9670222997665405,0.5596348643302917
YGL002W,YBR239C,0,0.6220943,0.15158887207508087,0.9670222997665405,0.5597351789474487
YIR007W,YLR393W,0,0.6194798,0.151565819978714,0.9670222997665405,0.5598354935646057
YLR077W,YCR043C,0,0.618628,0.1515427827835083,0.9670222997665405,0.5599358081817627
YDR324C,YNL116W,0,0.61789083,0.1515197604894638,0.9670222997665405,0.5600361227989197
YLR406C,YPL008W,0,0.6176209,0.1514967381954193,0.9670222997665405,0.5601364374160767
YOR210W,YOL075C,0,0.61695355,0.15147371590137482,0.9670222997665405,0.5602367520332336
YCL010C,YDR394W,0,0.61578333,0.15145070850849152,0.9670222997665405,0.5603370666503906
YOR339C,YOR130C,0,0.61541736,0.15142770111560822,0.9670222997665405,0.5604373812675476
YBL102W,YJR044C,0,0.615277,0.1514047086238861,0.9670222997665405,0.5605376958847046
YGR152C,YDL092W,0,0.61493754,0.151381716132164,0.9670222997665405,0.5606379508972168
YCR102C,YGL020C,0,0.61458015,0.1513587385416031,0.9670222997665405,0.5607382655143738
YIL085C,YIL121W,0,0.61405087,0.15133576095104218,0.9670222997665405,0.5608385801315308
YBR280C,YNL005C,0,0.61393917,0.15131279826164246,0.9670222997665405,0.5609388947486877
YPR104C,YMR106C,0,0.61359394,0.15128983557224274,0.9670222997665405,0.5610392093658447
YGR275W,YDR237W,0,0.6129509,0.15126687288284302,0.9670222997665405,0.5611395239830017
YCR070W,YHR084W,0,0.61218905,0.1512439250946045,0.9670222997665405,0.5612398386001587
YBR253W,YMR231W,0,0.6110858,0.15122099220752716,0.9670222997665405,0.5613401532173157
YJR141W,YHL030W,1,0.6107577,0.15134970843791962,0.9679922461509705,0.5613401532173157
YDR210W,YLL036C,0,0.6106859,0.1513267606496811,0.9679922461509705,0.5614404678344727
YDR485C,YPL072W,0,0.61067593,0.15130382776260376,0.9679922461509705,0.5615407824516296
YLR431C,YGR289C,0,0.6105337,0.15128087997436523,0.9679922461509705,0.5616410970687866
YJR056C,YIR010W,0,0.609886,0.1512579619884491,0.9679922461509705,0.5617414116859436
YDL002C,YGL131C,0,0.60979474,0.15123502910137177,0.9679922461509705,0.5618417263031006
YDR182W,YNR036C,0,0.6092853,0.15121212601661682,0.9679922461509705,0.5619420409202576
YHR003C,YDR141C,0,0.60858977,0.15118920803070068,0.9679922461509705,0.5620423555374146
YDL159W,YJR014W,0,0.60855526,0.15116631984710693,0.9679922461509705,0.5621426701545715
YDR446W,YOL077W-A,0,0.60685843,0.151143416762352,0.9679922461509705,0.5622429251670837
YLL036C,YLR133W,0,0.6063498,0.15112052857875824,0.9679922461509705,0.5623432397842407
YLR272C,YKL167C,0,0.60628206,0.15109765529632568,0.9679922461509705,0.5624435544013977
YCL030C,YNL099C,0,0.6061821,0.15107478201389313,0.9679922461509705,0.5625438690185547
YPL003W,YDL222C,0,0.6049502,0.15105190873146057,0.9679922461509705,0.5626441836357117
YGL255W,YKL184W,0,0.6047309,0.1510290503501892,0.9679922461509705,0.5627444982528687
YDR182W,YDL092W,0,0.6040516,0.15100620687007904,0.9679922461509705,0.5628448128700256
YDR079C-A,YGR206W,0,0.6025943,0.15098336338996887,0.9679922461509705,0.5629451274871826
YML069W,YPR164W,0,0.6025932,0.1509605199098587,0.9679922461509705,0.5630454421043396
YEL077C,YMR113W,0,0.6002581,0.15093769133090973,0.9679922461509705,0.5631457567214966
YNL072W,YDL025C,0,0.59978527,0.15091486275196075,0.9679922461509705,0.5632460713386536
YDR202C,YBL050W,0,0.5997071,0.15089204907417297,0.9679922461509705,0.5633463859558105
YKL092C,YLL028W,0,0.5988801,0.1508692353963852,0.9679922461509705,0.5634467005729675
YKL208W,YMR167W,0,0.5981265,0.1508464366197586,0.9679922461509705,0.5635470151901245
YIR003W,YMR044W,0,0.597937,0.15082363784313202,0.9679922461509705,0.5636473298072815
YNL139C,YNL241C,0,0.59790987,0.15080083906650543,0.9679922461509705,0.5637476444244385
YGR166W,YBR236C,0,0.5973546,0.15077807009220123,0.9679922461509705,0.5638478994369507
YFL050C,YOR196C,0,0.5970155,0.15075528621673584,0.9679922461509705,0.5639482140541077
YDR202C,YER054C,0,0.59555566,0.15073251724243164,0.9679922461509705,0.5640485286712646
YDL156W,YDR354W,0,0.5952883,0.15070974826812744,0.9679922461509705,0.5641488432884216
YBR239C,YDR354W,0,0.59441054,0.15068699419498444,0.9679922461509705,0.5642491579055786
YDR346C,YBR171W,0,0.59390825,0.15066425502300262,0.9679922461509705,0.5643494725227356
YCR048W,YDR206W,0,0.59283185,0.1506415158510208,0.9679922461509705,0.5644497871398926
YHR063C,YAR066W,0,0.59272003,0.150618776679039,0.9679922461509705,0.5645501017570496
YNR069C,YML001W,0,0.5926543,0.15059605240821838,0.9679922461509705,0.5646504163742065
YPR025C,YOR088W,0,0.59174496,0.15057332813739777,0.9679922461509705,0.5647507309913635
YNL197C,YDL239C,0,0.5915553,0.15055060386657715,0.9679922461509705,0.5648510456085205
YLR174W,YPL192C,0,0.59148765,0.15052790939807892,0.9679922461509705,0.5649513602256775
YOR354C,YLR157C-A,0,0.5913583,0.1505052000284195,0.9679922461509705,0.5650516748428345
YDR184C,YDL104C,0,0.59134614,0.15048250555992126,0.9679922461509705,0.5651519894599915
YKR067W,YNL327W,0,0.5911659,0.15045982599258423,0.9679922461509705,0.5652523040771484
YIL041W,YOL097C,0,0.5906395,0.1504371464252472,0.9679922461509705,0.5653526186943054
YER019W,YDR162C,0,0.59052694,0.15041446685791016,0.9679922461509705,0.5654529333114624
YKR098C,YGR140W,0,0.5900358,0.15039180219173431,0.9679922461509705,0.5655531883239746
YGL145W,YLR095C,0,0.5897546,0.15036913752555847,0.9679922461509705,0.5656535029411316
YNL082W,YGR074W,0,0.58907306,0.15034648776054382,0.9679922461509705,0.5657538175582886
YLR376C,YAR003W,0,0.58887506,0.15032383799552917,0.9679922461509705,0.5658541321754456
YLR262C,YMR113W,0,0.5879922,0.15030120313167572,0.9679922461509705,0.5659544467926025
YCL033C,YDR267C,0,0.5873057,0.15027856826782227,0.9679922461509705,0.5660547614097595
YKL220C,YBR135W,0,0.5871433,0.15025594830513,0.9679922461509705,0.5661550760269165
YFR004W,YCR097W,0,0.5868361,0.15023332834243774,0.9679922461509705,0.5662553906440735
YDL002C,YBR102C,0,0.5864434,0.15021072328090668,0.9679922461509705,0.5663557052612305
YDR020C,YLR256W,0,0.5855179,0.1501881182193756,0.9679922461509705,0.5664560198783875
YOR307C,YNR046W,0,0.5854924,0.15016551315784454,0.9679922461509705,0.5665563344955444
YPL037C,YOR073W,0,0.58510804,0.15014292299747467,0.9679922461509705,0.5666566491127014
YOR115C,YKL046C,0,0.5845545,0.1501203328371048,0.9679922461509705,0.5667569637298584
YKR017C,YLR421C,1,0.5840157,0.15024815499782562,0.9689621925354004,0.5667569637298584
YLR398C,YPL030W,0,0.58154047,0.15022556483745575,0.9689621925354004,0.5668572783470154
YDR162C,YEL077C,0,0.58134365,0.15020297467708588,0.9689621925354004,0.5669575929641724
YDR119W,YMR244C-A,0,0.58113843,0.1501803994178772,0.9689621925354004,0.5670579075813293
YNR073C,YIR022W,0,0.5806505,0.15015782415866852,0.9689621925354004,0.5671581625938416
YHL002W,YBL018C,0,0.5802394,0.15013526380062103,0.9689621925354004,0.5672584772109985
YCL062W,YPR121W,0,0.57912564,0.15011270344257355,0.9689621925354004,0.5673587918281555
YPL132W,YOR017W,0,0.5787622,0.15009014308452606,0.9689621925354004,0.5674591064453125
YBR228W,YLR089C,0,0.57824016,0.15006759762763977,0.9689621925354004,0.5675594210624695
YMR288W,YNL090W,0,0.5771852,0.15004505217075348,0.9689621925354004,0.5676597356796265
YMR104C,YEL077C,0,0.57699126,0.15002252161502838,0.9689621925354004,0.5677600502967834
YML064C,YDR452W,0,0.5767522,0.15000000596046448,0.9689621925354004,0.5678603649139404
YMR068W,YGR172C,0,0.5761938,0.14997747540473938,0.9689621925354004,0.5679606795310974
YPL162C,YJR088C,0,0.57604885,0.14995497465133667,0.9689621925354004,0.5680609941482544
YFR052W,YFL006W,1,0.5756793,0.1500825434923172,0.9699320793151855,0.5680609941482544
YDR097C,YDR051C,0,0.5754965,0.1500600278377533,0.9699320793151855,0.5681613087654114
YBR073W,YDR113C,0,0.57505715,0.1500375121831894,0.9699320793151855,0.5682616233825684
YJL159W,YKL073W,0,0.5746299,0.1500149965286255,0.9699320793151855,0.5683619379997253
YCR102C,YOL091W,0,0.57367194,0.14999249577522278,0.9699320793151855,0.5684622526168823
YDR314C,YGR109C,0,0.57256544,0.14997000992298126,0.9699320793151855,0.5685625672340393
YDR349C,YLR051C,0,0.57219374,0.14994752407073975,0.9699320793151855,0.5686628818511963
YGR277C,YLR341W,0,0.57187945,0.14992503821849823,0.9699320793151855,0.5687631368637085
YAR050W,YKR045C,0,0.57178277,0.1499025672674179,0.9699320793151855,0.5688634514808655
YGL124C,YEL077C,0,0.57069314,0.14988009631633759,0.9699320793151855,0.5689637660980225
YBR288C,YDR480W,0,0.5704593,0.14985764026641846,0.9699320793151855,0.5690640807151794
YFL009W,YER116C,1,0.5699385,0.14998501539230347,0.9709020256996155,0.5690640807151794
YDR519W,YLL036C,0,0.5676938,0.14996254444122314,0.9709020256996155,0.5691643953323364
YAR050W,YGL234W,0,0.567685,0.14994008839130402,0.9709020256996155,0.5692647099494934
YOR007C,YGR140W,0,0.5668279,0.1499176323413849,0.9709020256996155,0.5693650245666504
YMR121C,YEL042W,0,0.5667251,0.14989517629146576,0.9709020256996155,0.5694653391838074
YKL221W,YLR117C,0,0.5662364,0.14987273514270782,0.9709020256996155,0.5695656538009644
YDR225W,YDL049C,0,0.5655583,0.1498502939939499,0.9709020256996155,0.5696659684181213
YMR197C,YOR339C,0,0.5634364,0.14982786774635315,0.9709020256996155,0.5697662830352783
YKL071W,YAL061W,0,0.56315666,0.1498054414987564,0.9709020256996155,0.5698665976524353
YOL146W,YIL049W,0,0.5615434,0.14978303015232086,0.9709020256996155,0.5699669122695923
YMR236W,YGL133W,0,0.5609474,0.14976061880588531,0.9709020256996155,0.5700672268867493
YDR324C,YIR035C,0,0.56080866,0.14973822236061096,0.9709020256996155,0.5701675415039062
YBL036C,YJR007W,0,0.5603661,0.1497158259153366,0.9709020256996155,0.5702678561210632
YBR228W,YBL100W-A,0,0.56007653,0.14969342947006226,0.9709020256996155,0.5703681707382202
YDR020C,YGR207C,0,0.55896574,0.1496710479259491,0.9709020256996155,0.5704684257507324
YDL132W,YIL010W,0,0.5584708,0.14964868128299713,0.9709020256996155,0.5705687403678894
YCR102C,YKR065C,0,0.55825335,0.14962631464004517,0.9709020256996155,0.5706690549850464
YDR084C,YDR119W,0,0.5579657,0.1496039479970932,0.9709020256996155,0.5707693696022034
YIL066C,YDR488C,0,0.55781305,0.14958159625530243,0.9709020256996155,0.5708696842193604
YLR393W,YOR214C,0,0.55717134,0.14955924451351166,0.9709020256996155,0.5709699988365173
YHL009C,YKR086W,0,0.5567669,0.1495368927717209,0.9709020256996155,0.5710703134536743
YNL072W,YOL013C,0,0.55568147,0.1495145559310913,0.9709020256996155,0.5711706280708313
YPR164W,YBR008C,0,0.5556128,0.14949223399162292,0.9709020256996155,0.5712709426879883
YLR393W,YDR051C,0,0.55534524,0.14946991205215454,0.9709020256996155,0.5713712573051453
YLR128W,YBL019W,0,0.5546305,0.14944759011268616,0.9709020256996155,0.5714715719223022
YNL229C,YDL239C,0,0.55386543,0.14942528307437897,0.9709020256996155,0.5715718865394592
YLR372W,YHR123W,0,0.55303407,0.14940299093723297,0.9709020256996155,0.5716722011566162
YDR049W,YNL123W,1,0.5527601,0.14952991902828217,0.9718719720840454,0.5716722011566162
YML022W,YBR135W,0,0.5510728,0.14950761198997498,0.9718719720840454,0.5717725157737732
YIL131C,YBR239C,0,0.5488671,0.14948530495166779,0.9718719720840454,0.5718728303909302
YCR027C,YDR354W,0,0.5485231,0.1494630128145218,0.9718719720840454,0.5719731450080872
YGR059W,YDR147W,0,0.5484953,0.1494407206773758,0.9718719720840454,0.5720734000205994
YDR084C,YPL192C,0,0.5483717,0.1494184285402298,0.9718719720840454,0.5721737146377563
YGL079W,YLR095C,0,0.54653865,0.149396151304245,0.9718719720840454,0.5722740292549133
YDL002C,YMR197C,0,0.54627717,0.1493738889694214,0.9718719720840454,0.5723743438720703
YOR354C,YLR157C-B,0,0.5460607,0.14935161173343658,0.9718719720840454,0.5724746584892273
YHR032W,YNL270C,0,0.5457398,0.14932936429977417,0.9718719720840454,0.5725749731063843
YNL197C,YNL270C,0,0.54553366,0.14930710196495056,0.9718719720840454,0.5726752877235413
YGR231C,YMR154C,0,0.54546744,0.14928486943244934,0.9718719720840454,0.5727756023406982
YJL123C,YCR048W,0,0.5441228,0.14926262199878693,0.9718719720840454,0.5728759169578552
YHL033C,YBR088C,0,0.5438051,0.1492403894662857,0.9718719720840454,0.5729762315750122
YBR235W,YKL184W,0,0.5428834,0.14921817183494568,0.9718719720840454,0.5730765461921692
YGL184C,YIR035C,0,0.54254085,0.14919595420360565,0.9718719720840454,0.5731768608093262
YLR319C,YKR046C,0,0.54214716,0.14917373657226562,0.9718719720840454,0.5732771754264832
YHR203C,YLR355C,0,0.5416677,0.1491515338420868,0.9718719720840454,0.5733774900436401
YPR151C,YBL004W,0,0.54125345,0.14912933111190796,0.9718719720840454,0.5734778046607971
YLR034C,YER074W-A,0,0.54015315,0.14910714328289032,0.9718719720840454,0.5735781192779541
YBL067C,YPL190C,0,0.5396554,0.14908495545387268,0.9718719720840454,0.5736783742904663
YLL036C,YBR044C,0,0.5395442,0.14906278252601624,0.9718719720840454,0.5737786889076233
YIL158W,YNR075W,0,0.5394237,0.1490406095981598,0.9718719720840454,0.5738790035247803
YNL124W,YBR136W,0,0.539191,0.14901843667030334,0.9718719720840454,0.5739793181419373
YGL079W,YER074W-A,0,0.5391807,0.1489962786436081,0.9718719720840454,0.5740796327590942
YGL124C,YDR540C,0,0.5384705,0.14897413551807404,0.9718719720840454,0.5741799473762512
YDR034C-D,YNL030W,0,0.53761065,0.14895197749137878,0.9718719720840454,0.5742802619934082
YGL156W,YPL230W,0,0.5371139,0.14892984926700592,0.9718719720840454,0.5743805766105652
YBL005W-A,YBR229C,0,0.5365963,0.14890770614147186,0.9718719720840454,0.5744808912277222
YKL101W,YDR480W,0,0.53632295,0.1488855928182602,0.9718719720840454,0.5745812058448792
YDR216W,YNL082W,0,0.53610146,0.14886346459388733,0.9718719720840454,0.5746815204620361
YGR133W,YJR105W,0,0.5359318,0.14884135127067566,0.9718719720840454,0.5747818350791931
YHR187W,YFL034C-A,0,0.5357634,0.14881925284862518,0.9718719720840454,0.5748821496963501
YGL201C,YKR029C,0,0.5355312,0.1487971544265747,0.9718719720840454,0.5749824643135071
YGL023C,YKL092C,0,0.5339947,0.14877505600452423,0.9718719720840454,0.5750827789306641
YDR311W,YOR028C,0,0.53358114,0.14875297248363495,0.9718719720840454,0.575183093547821
YBR114W,YFL006W,1,0.5330973,0.14887931942939758,0.9728419184684753,0.575183093547821
YIL091C,YPL023C,0,0.53244257,0.1488572210073471,0.9728419184684753,0.575283408164978
YPL009C,YOR231W,0,0.5314748,0.14883513748645782,0.9728419184684753,0.5753836631774902
YNL154C,YDL132W,0,0.53039944,0.14881305396556854,0.9728419184684753,0.5754839777946472
YGR059W,YFL002C,0,0.5303675,0.14879098534584045,0.9728419184684753,0.5755842924118042
YBR073W,YDL044C,0,0.5303111,0.14876891672611237,0.9728419184684753,0.5756846070289612
YBL006C,YPL275W,0,0.5302235,0.14874684810638428,0.9728419184684753,0.5757849216461182
YJL028W,YKL184W,0,0.52988607,0.14872479438781738,0.9728419184684753,0.5758852362632751
YOR361C,YDR302W,0,0.5297788,0.1487027406692505,0.9728419184684753,0.5759855508804321
YNL053W,YCR033W,0,0.52868193,0.1486807018518448,0.9728419184684753,0.5760858654975891
YFL052W,YMR197C,0,0.5277907,0.1486586630344391,0.9728419184684753,0.5761861801147461
YAR014C,YDR206W,0,0.52768326,0.14863663911819458,0.9728419184684753,0.5762864947319031
YOR354C,YLR003C,0,0.52765334,0.14861461520195007,0.9728419184684753,0.5763868093490601
YJL042W,YDR267C,0,0.5270202,0.14859259128570557,0.9728419184684753,0.576487123966217
YAR003W,YCL026C-A,0,0.5267481,0.14857058227062225,0.9728419184684753,0.576587438583374
YFR028C,YDL049C,0,0.5264118,0.14854857325553894,0.9728419184684753,0.576687753200531
YBL005W-A,YGL008C,0,0.52517503,0.14852657914161682,0.9728419184684753,0.576788067817688
YJL184W,YKL193C,0,0.5249722,0.1485045850276947,0.9728419184684753,0.576888382434845
YMR113W,YLR399C,0,0.5247302,0.14848260581493378,0.9728419184684753,0.5769886374473572
YDR017C,YIR028W,0,0.52394414,0.14846062660217285,0.9728419184684753,0.5770889520645142
YDR051C,YKR025W,0,0.52379704,0.14843866229057312,0.9728419184684753,0.5771892666816711
YGL011C,YDL156W,0,0.52350694,0.1484166979789734,0.9728419184684753,0.5772895812988281
YBR018C,YBL003C,0,0.5227748,0.14839473366737366,0.9728419184684753,0.5773898959159851
YDL079C,YJR093C,0,0.5221635,0.14837278425693512,0.9728419184684753,0.5774902105331421
YDL104C,YPR066W,0,0.5219159,0.14835083484649658,0.9728419184684753,0.5775905251502991
YBR221C,YLR222C,0,0.52175725,0.14832890033721924,0.9728419184684753,0.577690839767456
YPR183W,YDL052C,0,0.52110076,0.1483069658279419,0.9728419184684753,0.577791154384613
YLR342W,YPL228W,0,0.52009356,0.14828503131866455,0.9728419184684753,0.57789146900177
YMR277W,YLR089C,0,0.5188098,0.1482631117105484,0.9728419184684753,0.577991783618927
YOR190W,YNL272C,0,0.51830685,0.14824120700359344,0.9728419184684753,0.578092098236084
YOR100C,YBR199W,0,0.5176931,0.1482193022966385,0.9728419184684753,0.578192412853241
YER039C,YKL148C,0,0.51764303,0.14819739758968353,0.9728419184684753,0.578292727470398
YER124C,YLR378C,0,0.51699877,0.14817550778388977,0.9728419184684753,0.5783930420875549
YGR028W,YMR154C,0,0.5165626,0.148153617978096,0.9728419184684753,0.5784933567047119
YJL111W,YMR058W,0,0.5161173,0.14813174307346344,0.9728419184684753,0.5785936117172241
YDR408C,YPL124W,0,0.5160427,0.14810986816883087,0.9728419184684753,0.5786939263343811
YNL035C,YER001W,0,0.5146637,0.1480879932641983,0.9728419184684753,0.5787942409515381
YMR189W,YCR088W,0,0.5144063,0.14806613326072693,0.9728419184684753,0.5788945555686951
YLR166C,YML072C,0,0.5143765,0.14804427325725555,0.9728419184684753,0.578994870185852
YML019W,YGL054C,0,0.5136948,0.14802242815494537,0.9728419184684753,0.579095184803009
YLR013W,YKR045C,0,0.51334286,0.1480005830526352,0.9728419184684753,0.579195499420166
YPR104C,YJL100W,0,0.513275,0.1479787528514862,0.9728419184684753,0.579295814037323
YHL018W,YGR231C,0,0.51304376,0.14795692265033722,0.9728419184684753,0.57939612865448
YBL102W,YNL097C,0,0.5111529,0.14793510735034943,0.9728419184684753,0.579496443271637
YPL275W,YKR065C,0,0.5108416,0.14791329205036163,0.9728419184684753,0.579596757888794
YNL067W,YJR088C,0,0.51083183,0.14789147675037384,0.9728419184684753,0.5796970725059509
YPL237W,YIL122W,0,0.5100691,0.14786967635154724,0.9728419184684753,0.5797973871231079
YGR203W,YHR034C,0,0.5093748,0.14784787595272064,0.9728419184684753,0.5798977017402649
YBL018C,YER172C,0,0.50883436,0.14782609045505524,0.9728419184684753,0.5799980163574219
YJL115W,YAL009W,0,0.5085664,0.14780430495738983,0.9728419184684753,0.5800983309745789
YDR338C,YGR261C,0,0.50786304,0.14778251945972443,0.9728419184684753,0.5801985859870911
YDR147W,YMR231W,0,0.50727665,0.14776074886322021,0.9728419184684753,0.580298900604248
YJR152W,YLL015W,0,0.50623584,0.1477389931678772,0.9728419184684753,0.580399215221405
YBR228W,YPL057C,0,0.5062055,0.14771723747253418,0.9728419184684753,0.580499529838562
YPL024W,YLR405W,0,0.5061617,0.14769548177719116,0.9728419184684753,0.580599844455719
YDR339C,YOR153W,0,0.5041476,0.14767374098300934,0.9728419184684753,0.580700159072876
YGR186W,YNL058C,0,0.5039705,0.14765200018882751,0.9728419184684753,0.580800473690033
YDL042C,YOR088W,0,0.50264823,0.1476302593946457,0.9728419184684753,0.5809007883071899
YDR311W,YDR452W,0,0.5024048,0.14760853350162506,0.9728419184684753,0.5810011029243469
YKL008C,YER006W,0,0.5021508,0.14758682250976562,0.9728419184684753,0.5811014175415039
YGL020C,YBR079C,0,0.5004243,0.147565096616745,0.9728419184684753,0.5812017321586609
YBL067C,YBL019W,0,0.5003655,0.14754340052604675,0.9728419184684753,0.5813020467758179
YLR417W,YBL067C,1,0.4998241,0.1476687788963318,0.9738118052482605,0.5813020467758179
YFL055W,YPL046C,0,0.49978194,0.14764705300331116,0.9738118052482605,0.5814023613929749
YGR023W,YOR035C,0,0.49970636,0.14762534201145172,0.9738118052482605,0.5815026760101318
YNR032W,YML072C,0,0.49892658,0.14760364592075348,0.9738118052482605,0.5816029906272888
YCR102C,YNL053W,0,0.49708346,0.14758194983005524,0.9738118052482605,0.5817033052444458
YDL002C,YPL283C,0,0.49695683,0.147560253739357,0.9738118052482605,0.5818036198616028
YKL146W,YHR032W,0,0.49678293,0.14753857254981995,0.9738118052482605,0.581903874874115
YNL209W,YLR355C,0,0.49663475,0.1475168913602829,0.9738118052482605,0.582004189491272
YOL097C,YNL124W,0,0.49651158,0.14749522507190704,0.9738118052482605,0.582104504108429
YOR208W,YLL054C,0,0.49494985,0.1474735587835312,0.9738118052482605,0.5822048187255859
YIL099W,YKL055C,0,0.49419644,0.14745190739631653,0.9738118052482605,0.5823051333427429
YMR214W,YKR039W,0,0.49375403,0.14743025600910187,0.9738118052482605,0.5824054479598999
YGL033W,YLR002C,0,0.4922752,0.1474086046218872,0.9738118052482605,0.5825057625770569
YGR068C,YLL054C,0,0.49219337,0.14738696813583374,0.9738118052482605,0.5826060771942139
YKR022C,YOR190W,0,0.49210003,0.14736533164978027,0.9738118052482605,0.5827063918113708
YJL116C,YBR019C,0,0.49143386,0.147343710064888,0.9738118052482605,0.5828067064285278
YPL246C,YOR115C,0,0.4886734,0.14732208847999573,0.9738118052482605,0.5829070210456848
YHR091C,YIL031W,0,0.48863563,0.14730046689510345,0.9738118052482605,0.5830073356628418
YPR020W,YGL153W,0,0.48817164,0.14727886021137238,0.9738118052482605,0.5831076502799988
YOL119C,YIL031W,0,0.48780662,0.1472572535276413,0.9738118052482605,0.5832079648971558
YLR376C,YER074W-A,0,0.48761246,0.1472356617450714,0.9738118052482605,0.5833082795143127
YDR462W,YDR084C,0,0.4864342,0.14721406996250153,0.9738118052482605,0.5834085941314697
YBR210W,YNL265C,0,0.48498252,0.14719249308109283,0.9738118052482605,0.5835088491439819
YDR538W,YLR066W,0,0.48483005,0.14717091619968414,0.9738118052482605,0.5836091637611389
YCL038C,YNL305C,0,0.48327166,0.14714935421943665,0.9738118052482605,0.5837094783782959
YLR388W,YDR324C,0,0.48320413,0.14712777733802795,0.9738118052482605,0.5838097929954529
YOR115C,YDR099W,0,0.48247722,0.14710623025894165,0.9738118052482605,0.5839101076126099
YDR113C,YOR295W,0,0.48230273,0.14708468317985535,0.9738118052482605,0.5840104222297668
YHR187W,YLR242C,0,0.4812854,0.14706313610076904,0.9738118052482605,0.5841107368469238
YDR385W,YPL060C-A,0,0.48010963,0.14704158902168274,0.9738118052482605,0.5842110514640808
YPL072W,YBR041W,1,0.47958562,0.14716649055480957,0.9747817516326904,0.5842110514640808
YGL257C,YHR128W,0,0.47949404,0.14714494347572327,0.9747817516326904,0.5843113660812378
YGR275W,YGR067C,0,0.47735357,0.14712341129779816,0.9747817516326904,0.5844116806983948
YDR156W,YDL174C,0,0.47702205,0.14710187911987305,0.9747817516326904,0.5845119953155518
YIL127C,YDR302W,0,0.47693008,0.14708034694194794,0.9747817516326904,0.5846123099327087
YKL221W,YIL067C,0,0.47657278,0.14705882966518402,0.9747817516326904,0.5847126245498657
YDR147W,YFL052W,0,0.4748348,0.1470373123884201,0.9747817516326904,0.5848129391670227
YIR007W,YGR096W,0,0.47344017,0.1470157951116562,0.9747817516326904,0.5849132537841797
YGL130W,YJL113W,0,0.47264713,0.14699429273605347,0.9747817516326904,0.5850135684013367
YML029W,YNL329C,0,0.47264665,0.14697280526161194,0.9747817516326904,0.5851138234138489
YNR073C,YOL017W,0,0.47247845,0.14695130288600922,0.9747817516326904,0.5852141380310059
YHR176W,YPL158C,0,0.47236255,0.14692983031272888,0.9747817516326904,0.5853144526481628
YHR141C,YPL124W,0,0.47198522,0.14690834283828735,0.9747817516326904,0.5854147672653198
YGR048W,YOR190W,0,0.4716339,0.14688687026500702,0.9747817516326904,0.5855150818824768
YKL107W,YBR239C,0,0.47079408,0.14686541259288788,0.9747817516326904,0.5856153964996338
YPL232W,YLR002C,0,0.46989322,0.14684395492076874,0.9747817516326904,0.5857157111167908
YHL013C,YOR231W,0,0.46916074,0.1468224972486496,0.9747817516326904,0.5858160257339478
YCR088W,YMR044W,0,0.4691084,0.14680105447769165,0.9747817516326904,0.5859163403511047
YNL116W,YKR099C-A,0,0.46718705,0.1467796117067337,0.9747817516326904,0.5860166549682617
YGR186W,YHL020C,0,0.46717525,0.14675818383693695,0.9747817516326904,0.5861169695854187
YIL082W-A,YPL012W,0,0.46532187,0.1467367559671402,0.9747817516326904,0.5862172842025757
YKL084W,YDR208W,0,0.46317217,0.14671532809734344,0.9747817516326904,0.5863175988197327
YOL077W-A,YBR014C,0,0.46307206,0.14669391512870789,0.9747817516326904,0.5864179134368896
YHR091C,YOR197W,0,0.4628361,0.14667250216007233,0.9747817516326904,0.5865182280540466
YFL050C,YOR295W,0,0.46156427,0.14665110409259796,0.9747817516326904,0.5866185426712036
YOL039W,YNL229C,0,0.46053562,0.1466297060251236,0.9747817516326904,0.5867188572883606
YBR039W,YBR265W,0,0.46030515,0.14660830795764923,0.9747817516326904,0.5868191123008728
YJL042W,YPR058W,0,0.4601543,0.14658692479133606,0.9747817516326904,0.5869194269180298
YNL009W,YGR098C,0,0.4593037,0.14656555652618408,0.9747817516326904,0.5870197415351868
YDR016C,YPL170W,0,0.45885506,0.1465441882610321,0.9747817516326904,0.5871200561523438
YJL204C,YDR119W,0,0.45838833,0.14652281999588013,0.9747817516326904,0.5872203707695007
YGR148C,YDR294C,0,0.4579413,0.14650145173072815,0.9747817516326904,0.5873206853866577
YDR186C,YDL161W,0,0.45754588,0.14648009836673737,0.9747817516326904,0.5874210000038147
YKL146W,YMR058W,0,0.4574752,0.14645875990390778,0.9747817516326904,0.5875213146209717
YGR059W,YCL038C,0,0.45746958,0.14643742144107819,0.9747817516326904,0.5876216292381287
YIL091C,YPL032C,0,0.457273,0.1464160829782486,0.9747817516326904,0.5877219438552856
YEL077C,YKL167C,0,0.45515996,0.1463947594165802,0.9747817516326904,0.5878222584724426
YBR200W,YDR097C,0,0.45501035,0.1463734358549118,0.9747817516326904,0.5879225730895996
YPR022C,YHR176W,0,0.4538645,0.1463521122932434,0.9747817516326904,0.5880228877067566
YEL047C,YFL002C,0,0.45353317,0.1463308036327362,0.9747817516326904,0.5881232023239136
YGL134W,YER124C,0,0.45347953,0.1463095098733902,0.9747817516326904,0.5882235169410706
YNR039C,YOR030W,0,0.45287836,0.1462882161140442,0.9747817516326904,0.5883238315582275
YPR020W,YER141W,0,0.45279002,0.14626692235469818,0.9747817516326904,0.5884240865707397
YPR020W,YCR088W,0,0.45089722,0.14624562859535217,0.9747817516326904,0.5885244011878967
YGR278W,YOR005C,0,0.45075303,0.14622434973716736,0.9747817516326904,0.5886247158050537
YJR007W,YFL008W,0,0.4507066,0.14620308578014374,0.9747817516326904,0.5887250304222107
YLL054C,YMR083W,0,0.45046765,0.14618182182312012,0.9747817516326904,0.5888253450393677
YJL115W,YDR293C,0,0.45034382,0.1461605578660965,0.9747817516326904,0.5889256596565247
YDR097C,YPL242C,0,0.44998527,0.14613930881023407,0.9747817516326904,0.5890259742736816
YNL327W,YHR203C,0,0.44955704,0.14611805975437164,0.9747817516326904,0.5891262888908386
YLR034C,YLR027C,0,0.4475484,0.14609681069850922,0.9747817516326904,0.5892266035079956
YNR073C,YPL032C,0,0.4460699,0.14607557654380798,0.9747817516326904,0.5893269181251526
YDR058C,YLR319C,0,0.44530278,0.14605435729026794,0.9747817516326904,0.5894272327423096
YJR014W,YNR075W,0,0.44450614,0.1460331231355667,0.9747817516326904,0.5895275473594666
YBL067C,YDL044C,0,0.44261488,0.14601191878318787,0.9747817516326904,0.5896278619766235
YDL232W,YOL068C,0,0.4406944,0.14599069952964783,0.9747817516326904,0.5897281765937805
YJL209W,YOL137W,0,0.43879515,0.14596949517726898,0.9747817516326904,0.5898284912109375
YLR144C,YEL042W,0,0.43863332,0.14594830572605133,0.9747817516326904,0.5899288058280945
YLR013W,YHR123W,0,0.43836313,0.14592711627483368,0.9747817516326904,0.5900290608406067
YCR024C-A,YGR240C,0,0.43781942,0.14590592682361603,0.9747817516326904,0.5901293754577637
YNL312W,YML065W,0,0.43741363,0.14588473737239838,0.9747817516326904,0.5902296900749207
YER069W,YOL033W,0,0.43690237,0.1458635777235031,0.9747817516326904,0.5903300046920776
YJR093C,YER073W,0,0.43685842,0.14584240317344666,0.9747817516326904,0.5904303193092346
YKL152C,YHR034C,0,0.43653804,0.1458212435245514,0.9747817516326904,0.5905306339263916
YPL052W-A,YML029W,1,0.43649438,0.14594516158103943,0.9757516980171204,0.5905306339263916
YGL150C,YOR028C,0,0.43649155,0.14592398703098297,0.9757516980171204,0.5906309485435486
YLR376C,YOR256C,0,0.43464255,0.1459028273820877,0.9757516980171204,0.5907312631607056
YGL134W,YOL130W,0,0.43445528,0.14588166773319244,0.9757516980171204,0.5908315777778625
YAR071W,YGL054C,0,0.43431264,0.14586052298545837,0.9757516980171204,0.5909318923950195
YER016W,YBR004C,0,0.433908,0.1458393782377243,0.9757516980171204,0.5910322070121765
YHL033C,YGR092W,0,0.43233752,0.14581823348999023,0.9757516980171204,0.5911325216293335
YPL268W,YNL222W,0,0.43168938,0.14579710364341736,0.9757516980171204,0.5912328362464905
YML038C,YMR014W,0,0.43055785,0.14577597379684448,0.9757516980171204,0.5913331508636475
YDR307W,YHR072W-A,0,0.43025985,0.1457548588514328,0.9757516980171204,0.5914334654808044
YGR277C,YJR129C,0,0.43015194,0.14573374390602112,0.9757516980171204,0.5915337800979614
YHR115C,YPR058W,0,0.42965835,0.14571262896060944,0.9757516980171204,0.5916340947151184
YMR068W,YPL108W,0,0.42927876,0.14569152891635895,0.9757516980171204,0.5917343497276306
YGR271C-A,YLR013W,0,0.42887416,0.14567042887210846,0.9757516980171204,0.5918346643447876
YNL037C,YOR017W,0,0.4278146,0.14564934372901917,0.9757516980171204,0.5919349789619446
YPR029C,YOR073W,0,0.42758965,0.14562825858592987,0.9757516980171204,0.5920352935791016
YLR233C,YDR020C,0,0.42722866,0.14560717344284058,0.9757516980171204,0.5921356081962585
YGR166W,YOR064C,0,0.42704028,0.14558610320091248,0.9757516980171204,0.5922359228134155
YNL090W,YPL162C,0,0.42615747,0.14556504786014557,0.9757516980171204,0.5923362374305725
YHR063C,YOR214C,0,0.42606407,0.14554397761821747,0.9757516980171204,0.5924365520477295
YPR018W,YNL106C,0,0.42590782,0.14552292227745056,0.9757516980171204,0.5925368666648865
YOR298C-A,YMR134W,0,0.42545095,0.14550188183784485,0.9757516980171204,0.5926371812820435
YNL152W,YIL097W,0,0.42534405,0.14548084139823914,0.9757516980171204,0.5927374958992004
YML092C,YJR141W,1,0.42418382,0.14560440182685852,0.9767216444015503,0.5927374958992004
YIL049W,YGL234W,0,0.42184946,0.1455833464860916,0.9767216444015503,0.5928378105163574
YHR107C,YPL081W,0,0.4211328,0.1455623060464859,0.9767216444015503,0.5929381251335144
YFR042W,YNL003C,0,0.41899708,0.1455412656068802,0.9767216444015503,0.5930384397506714
YDR446W,YKL018W,0,0.4184043,0.14552022516727448,0.9767216444015503,0.5931387543678284
YOL091W,YJL099W,0,0.4180079,0.14549919962882996,0.9767216444015503,0.5932390689849854
YER035W,YCR083W,0,0.41767251,0.14547818899154663,0.9767216444015503,0.5933393239974976
YPL241C,YMR244C-A,0,0.41714126,0.1454571783542633,0.9767216444015503,0.5934396386146545
YDR104C,YHR003C,0,0.4170413,0.14543616771697998,0.9767216444015503,0.5935399532318115
YPR079W,YNL327W,0,0.41633648,0.14541515707969666,0.9767216444015503,0.5936402678489685
YJL203W,YDR409W,0,0.4158829,0.14539416134357452,0.9767216444015503,0.5937405824661255
YHR188C,YER074W-A,0,0.41585594,0.1453731805086136,0.9767216444015503,0.5938408970832825
YPR052C,YIL065C,0,0.41572315,0.14535219967365265,0.9767216444015503,0.5939412117004395
YGR240C,YPL066W,0,0.41561764,0.1453312188386917,0.9767216444015503,0.5940415263175964
YPR009W,YGL077C,0,0.4153561,0.14531023800373077,0.9767216444015503,0.5941418409347534
YOL001W,YOR088W,0,0.41366586,0.14528928697109222,0.9767216444015503,0.5942421555519104
YKL113C,YLL015W,0,0.4126134,0.14526832103729248,0.9767216444015503,0.5943424701690674
YCL062W,YKR086W,0,0.4122877,0.14524737000465393,0.9767216444015503,0.5944427847862244
YIL066C,YJR129C,0,0.41104686,0.14522641897201538,0.9767216444015503,0.5945430994033813
YOR190W,YOL089C,0,0.41054603,0.14520548284053802,0.9767216444015503,0.5946434140205383
YJR090C,YKL046C,0,0.41054472,0.14518454670906067,0.9767216444015503,0.5947437286376953
YGR066C,YJR131W,1,0.41052043,0.1453077644109726,0.9776915907859802,0.5947437286376953
YOR100C,YLR341W,0,0.41029885,0.14528682827949524,0.9776915907859802,0.5948440432548523
YLR320W,YIR013C,0,0.4100127,0.14526589214801788,0.9776915907859802,0.5949442982673645
YBR293W,YGR013W,0,0.40964058,0.14524495601654053,0.9776915907859802,0.5950446128845215
YGL100W,YNL154C,0,0.40898514,0.14522403478622437,0.9776915907859802,0.5951449275016785
YDR162C,YCR003W,0,0.4085082,0.1452031135559082,0.9776915907859802,0.5952452421188354
YOR022C,YGL257C,0,0.4084183,0.14518219232559204,0.9776915907859802,0.5953455567359924
YGR257C,YNL169C,0,0.40823328,0.14516128599643707,0.9776915907859802,0.5954458713531494
YGL086W,YER001W,0,0.40778384,0.1451403945684433,0.9776915907859802,0.5955461859703064
YPL266W,YBR201W,0,0.40755308,0.14511948823928833,0.9776915907859802,0.5956465005874634
YDR017C,YEL003W,0,0.40525576,0.14509859681129456,0.9776915907859802,0.5957468152046204
YDR348C,YMR083W,0,0.40520233,0.14507772028446198,0.9776915907859802,0.5958471298217773
YLR128W,YGL054C,0,0.4051606,0.1450568437576294,0.9776915907859802,0.5959474444389343
YIR034C,YFR009W,0,0.40476382,0.14503596723079681,0.9776915907859802,0.5960477590560913
YDR153C,YPR058W,0,0.40382347,0.14501510560512543,0.9776915907859802,0.5961480736732483
YGR166W,YMR044W,0,0.4029901,0.14499424397945404,0.9776915907859802,0.5962483882904053
YPL227C,YCL011C,0,0.40290627,0.14497339725494385,0.9776915907859802,0.5963487029075623
YGL184C,YLR002C,0,0.40090626,0.14495255053043365,0.9776915907859802,0.5964490175247192
YOR298C-A,YGL175C,0,0.40079588,0.14493170380592346,0.9776915907859802,0.5965493321418762
YMR309C,YER160C,0,0.4005317,0.14491087198257446,0.9776915907859802,0.5966495871543884
YIR007W,YDL079C,0,0.39979944,0.14489004015922546,0.9776915907859802,0.5967499017715454
YDR214W,YKL184W,0,0.39942724,0.14486920833587646,0.9776915907859802,0.5968502163887024
YLR057W,YLR081W,0,0.39928657,0.14484839141368866,0.9776915907859802,0.5969505310058594
YGR240C,YLL054C,0,0.39779192,0.14482758939266205,0.9776915907859802,0.5970508456230164
YLR332W,YCR008W,0,0.39743662,0.14480678737163544,0.9776915907859802,0.5971511602401733
YDR191W,YKR099C-A,0,0.39652026,0.14478598535060883,0.9776915907859802,0.5972514748573303
YNL316C,YCL020W,0,0.3958351,0.14476518332958221,0.9776915907859802,0.5973517894744873
YNR051C,YDR409W,0,0.39477503,0.1447443962097168,0.9776915907859802,0.5974521040916443
YPL242C,YBR139W,0,0.393301,0.14472362399101257,0.9776915907859802,0.5975524187088013
YJL018W,YBR004C,0,0.39160904,0.14470283687114716,0.9776915907859802,0.5976527333259583
YDR163W,YNL254C,0,0.39109328,0.14468207955360413,0.9776915907859802,0.5977530479431152
YKL208W,YJL093C,0,0.39079863,0.1446613073348999,0.9776915907859802,0.5978533625602722
YGR249W,YNL058C,0,0.390728,0.14464055001735687,0.9776915907859802,0.5979536771774292
YGR203W,YGR041W,0,0.390487,0.14461979269981384,0.9776915907859802,0.5980539917945862
YPL008W,YDR208W,0,0.38943747,0.144599050283432,0.9776915907859802,0.5981543064117432
YNL125C,YOL001W,0,0.38940352,0.14457830786705017,0.9776915907859802,0.5982545614242554
YCR028C-A,YOR245C,0,0.38887924,0.14455758035182953,0.9776915907859802,0.5983548760414124
YMR164C,YMR162C,0,0.38861197,0.1445368528366089,0.9776915907859802,0.5984551906585693
YDR210W,YML075C,0,0.3884282,0.14451612532138824,0.9776915907859802,0.5985555052757263
YDR294C,YJR002W,0,0.38832963,0.1444954127073288,0.9776915907859802,0.5986558198928833
YHR034C,YGL133W,0,0.38796383,0.14447470009326935,0.9776915907859802,0.5987561345100403
YJL020C,YPR004C,0,0.38753098,0.1444540023803711,0.9776915907859802,0.5988564491271973
YLR342W,YOR133W,0,0.3863632,0.14443330466747284,0.9776915907859802,0.5989567637443542
YBR236C,YNL106C,0,0.3851202,0.14441260695457458,0.9776915907859802,0.5990570783615112
YBR152W,YPL072W,0,0.38488734,0.14439192414283752,0.9776915907859802,0.5991573929786682
YBR186W,YOR064C,0,0.38482618,0.14437124133110046,0.9776915907859802,0.5992577075958252
YPR094W,YMR030W,0,0.38482323,0.1443505585193634,0.9776915907859802,0.5993580222129822
YPR061C,YDL239C,0,0.3845439,0.14432989060878754,0.9776915907859802,0.5994583368301392
YHR187W,YIR010W,0,0.38405392,0.14430923759937286,0.9776915907859802,0.5995586514472961
YMR247C,YFR036W,1,0.38326532,0.1444317251443863,0.9786614775657654,0.5995586514472961
YPL016W,YDL064W,0,0.38044685,0.14441104233264923,0.9786614775657654,0.5996589660644531
YLR077W,YBL099W,0,0.38021484,0.14439038932323456,0.9786614775657654,0.5997592806816101
YLR297W,YML069W,0,0.3800121,0.1443697214126587,0.9786614775657654,0.5998595356941223
YGR152C,YER048C,0,0.37899488,0.14434906840324402,0.9786614775657654,0.5999598503112793
YKL071W,YIR022W,0,0.3780669,0.14432841539382935,0.9786614775657654,0.6000601649284363
YHL018W,YDL049C,0,0.37665138,0.14430777728557587,0.9786614775657654,0.6001604795455933
YGR240C,YKL084W,0,0.3766071,0.1442871391773224,0.9786614775657654,0.6002607941627502
YER039C,YLL028W,0,0.37649593,0.1442665159702301,0.9786614775657654,0.6003611087799072
YGL124C,YMR083W,0,0.37619007,0.14424589276313782,0.9786614775657654,0.6004614233970642
YLR342W,YBR171W,0,0.37579656,0.14422526955604553,0.9786614775657654,0.6005617380142212
YHL013C,YKL084W,0,0.3748967,0.14420466125011444,0.9786614775657654,0.6006620526313782
YPL016W,YOL060C,0,0.37480348,0.14418405294418335,0.9786614775657654,0.6007623672485352
YDL232W,YJR067C,0,0.37468076,0.14416344463825226,0.9786614775657654,0.6008626818656921
YNL152W,YDL156W,0,0.37446433,0.14414285123348236,0.9786614775657654,0.6009629964828491
YNR073C,YBL099W,0,0.37428522,0.14412227272987366,0.9786614775657654,0.6010633111000061
YOR360C,YIL168W,0,0.37404707,0.14410167932510376,0.9786614775657654,0.6011636257171631
YLR057W,YGR278W,0,0.37393668,0.14408110082149506,0.9786614775657654,0.6012639403343201
YGR038C-A,YMR216C,0,0.37270966,0.14406053721904755,0.9786614775657654,0.601364254951477
YOL008W,YPR124W,0,0.3726719,0.14403997361660004,0.9786614775657654,0.601464569568634
YMR268C,YIR008C,0,0.3721698,0.14401941001415253,0.9786614775657654,0.6015648245811462
YBL018C,YBR161W,0,0.37194902,0.1439988613128662,0.9786614775657654,0.6016651391983032
YNL106C,YLL042C,0,0.37157285,0.1439783126115799,0.9786614775657654,0.6017654538154602
YPR082C,YPL079W,0,0.37112996,0.14395776391029358,0.9786614775657654,0.6018657684326172
YPR164W,YDR540C,0,0.3692085,0.14393723011016846,0.9786614775657654,0.6019660830497742
YJL145W,YDR198C,0,0.36905104,0.14391669631004333,0.9786614775657654,0.6020663976669312
YMR167W,YKL065C,0,0.36801308,0.1438961774110794,0.9786614775657654,0.6021667122840881
YLR307W,YCR043C,0,0.367513,0.14387565851211548,0.9786614775657654,0.6022670269012451
YPR023C,YER169W,0,0.3675096,0.14385513961315155,0.9786614775657654,0.6023673415184021
YMR164C,YBR102C,0,0.3673195,0.14383463561534882,0.9786614775657654,0.6024676561355591
YGL201C,YML025C,0,0.367247,0.14381414651870728,0.9786614775657654,0.6025679707527161
YOR255W,YBL071W-A,0,0.36622202,0.14379364252090454,0.9786614775657654,0.602668285369873
YJL111W,YFL008W,0,0.3655923,0.143773153424263,0.9786614775657654,0.60276859998703
YNL024C-A,YCL040W,0,0.36444864,0.14375266432762146,0.9786614775657654,0.602868914604187
YGL207W,YDR302W,0,0.3632834,0.1437321901321411,0.9786614775657654,0.602969229221344
YHL007C,YNR049C,0,0.36198562,0.14371171593666077,0.9786614775657654,0.603069543838501
YOL039W,YEL071W,0,0.36111313,0.1436912566423416,0.9786614775657654,0.6031697988510132
YNL069C,YLR035C,0,0.35876966,0.14367079734802246,0.9786614775657654,0.6032701134681702
YBR098W,YDL010W,0,0.35774678,0.1436503380537033,0.9786614775657654,0.6033704280853271
YNR063W,YLL042C,0,0.35599363,0.14362989366054535,0.9786614775657654,0.6034707427024841
YPR025C,YLR210W,0,0.355627,0.1436094492673874,0.9786614775657654,0.6035710573196411
YGR074W,YOR077W,0,0.35533315,0.14358901977539062,0.9786614775657654,0.6036713719367981
YGR038W,YIR013C,0,0.3546355,0.14356857538223267,0.9786614775657654,0.6037716865539551
YMR113W,YKR099C-A,0,0.35429025,0.1435481607913971,0.9786614775657654,0.6038720011711121
YLR013W,YOR088W,0,0.35389435,0.14352773129940033,0.9786614775657654,0.603972315788269
YHR001W,YDL174C,0,0.35306576,0.14350733160972595,0.9786614775657654,0.604072630405426
YCR068W,YML007W,0,0.35302463,0.14348691701889038,0.9786614775657654,0.604172945022583
YKL046C,YBR084C-A,0,0.35241273,0.143466517329216,0.9786614775657654,0.60427325963974
YOR354C,YFR044C,0,0.3521654,0.14344611763954163,0.9786614775657654,0.604373574256897
YOR329C,YDR261C-C,0,0.35181198,0.14342573285102844,0.9786614775657654,0.604473888874054
YCR008W,YPR066W,0,0.35109678,0.14340534806251526,0.9786614775657654,0.6045742034912109
YDL178W,YPR124W,0,0.35094655,0.14338496327400208,0.9786614775657654,0.6046745181083679
YLR242C,YKR045C,0,0.35027093,0.14336459338665009,0.9786614775657654,0.6047747731208801
YBR210W,YDL201W,0,0.3483159,0.1433442234992981,0.9786614775657654,0.6048750877380371
YLR144C,YMR293C,0,0.347787,0.1433238685131073,0.9786614775657654,0.6049754023551941
YGR215W,YCL027C-A,0,0.3474213,0.1433035135269165,0.9786614775657654,0.6050757169723511
YKL025C,YPL275W,0,0.3461455,0.1432831585407257,0.9786614775657654,0.6051760315895081
YNL272C,YDL161W,0,0.34521508,0.1432628184556961,0.9786614775657654,0.605276346206665
YDL178W,YIL050W,0,0.34498355,0.1432424783706665,0.9786614775657654,0.605376660823822
YMR278W,YDR198C,0,0.34482703,0.1432221382856369,0.9786614775657654,0.605476975440979
YDR432W,YLR117C,0,0.34413606,0.1432018131017685,0.9786614775657654,0.605577290058136
YDR113C,YKR039W,0,0.34397653,0.14318150281906128,0.9786614775657654,0.605677604675293
YEL046C,YBR044C,0,0.34224427,0.14316117763519287,0.9786614775657654,0.60577791929245
YOL110W,YDR446W,0,0.34202802,0.14314086735248566,0.9786614775657654,0.6058782339096069
YGL130W,YGR087C,0,0.34188032,0.14312057197093964,0.9786614775657654,0.6059785485267639
YJR086W,YOR058C,0,0.34096223,0.14310027658939362,0.9786614775657654,0.6060788631439209
YKL096W,YCR071C,0,0.34008962,0.1430799812078476,0.9786614775657654,0.6061791777610779
YGR186W,YHL013C,0,0.3400821,0.14305968582630157,0.9786614775657654,0.6062794923782349
YOR190W,YCR043C,0,0.3387329,0.14303940534591675,0.9786614775657654,0.6063798069953918
YFR051C,YNL252C,0,0.33836627,0.14301913976669312,0.9786614775657654,0.606480062007904
YGR049W,YGR013W,0,0.33780354,0.1429988592863083,0.9786614775657654,0.606580376625061
YGR074W,YLL054C,0,0.3375395,0.14297860860824585,0.9786614775657654,0.606680691242218
YDL168W,YIR010W,0,0.33669072,0.14295834302902222,0.9786614775657654,0.606781005859375
YCL033C,YDL156W,0,0.33590835,0.14293809235095978,0.9786614775657654,0.606881320476532
YBL046W,YLR398C,0,0.3353238,0.14291784167289734,0.9786614775657654,0.606981635093689
YML078W,YDR363W,0,0.3335633,0.1428976058959961,0.9786614775657654,0.607081949710846
YLR378C,YFL002C,0,0.33248678,0.14287737011909485,0.9786614775657654,0.6071822643280029
YDR314C,YIR003W,0,0.33198196,0.1428571492433548,0.9786614775657654,0.6072825789451599
YCR070W,YNL116W,0,0.33179158,0.14283691346645355,0.9786614775657654,0.6073828935623169
YHR072W,YLR226W,0,0.33136111,0.1428167074918747,0.9786614775657654,0.6074832081794739
YGR183C,YCR008W,0,0.33103544,0.14279648661613464,0.9786614775657654,0.6075835227966309
YOR210W,YMR030W,0,0.32985353,0.1427762806415558,0.9786614775657654,0.6076838374137878
YNL082W,YGL020C,0,0.32857057,0.14275608956813812,0.9786614775657654,0.6077841520309448
YCR102C,YGL043W,0,0.32806778,0.14273588359355927,0.9786614775657654,0.6078844666481018
YML062C,YDR079C-A,0,0.32803947,0.1427157074213028,0.9786614775657654,0.6079847812652588
YOL128C,YDR198C,0,0.32740575,0.14269551634788513,0.9786614775657654,0.608085036277771
YBR039W,YMR058W,0,0.32706076,0.14267534017562866,0.9786614775657654,0.608185350894928
YCR068W,YHR196W,0,0.3262936,0.1426551640033722,0.9786614775657654,0.608285665512085
YDL239C,YLR319C,0,0.32595018,0.14263500273227692,0.9786614775657654,0.6083859801292419
YGL079W,YJR077C,0,0.32554147,0.14261484146118164,0.9786614775657654,0.6084862947463989
YIL049W,YOR197W,0,0.32517773,0.14259468019008636,0.9786614775657654,0.6085866093635559
YKL008C,YJL113W,0,0.3250721,0.14257453382015228,0.9786614775657654,0.6086869239807129
YIR022W,YNL047C,0,0.32493412,0.1425543874502182,0.9786614775657654,0.6087872385978699
YOR128C,YKR042W,0,0.32387304,0.1425342559814453,0.9786614775657654,0.6088875532150269
YLR013W,YHR188C,0,0.32361597,0.14251412451267242,0.9786614775657654,0.6089878678321838
YFL052W,YOR140W,0,0.32317978,0.14249399304389954,0.9786614775657654,0.6090881824493408
YPR101W,YNL035C,0,0.32244107,0.14247387647628784,0.9786614775657654,0.6091884970664978
YJL122W,YLR229C,0,0.32186115,0.14245375990867615,0.9786614775657654,0.6092888116836548
YLL015W,YLL010C,0,0.32169366,0.14243365824222565,0.9786614775657654,0.6093891263008118
YPR164W,YGL234W,0,0.32080418,0.14241355657577515,0.9786614775657654,0.6094894409179688
YLR376C,YBR077C,0,0.32078212,0.14239345490932465,0.9786614775657654,0.6095897555351257
YLR272C,YOR088W,0,0.3200324,0.14237335324287415,0.9786614775657654,0.6096900105476379
YGR166W,YNL003C,0,0.31864923,0.14235326647758484,0.9786614775657654,0.6097903251647949
YGR152C,YGR277C,0,0.3180628,0.14233319461345673,0.9786614775657654,0.6098906397819519
YPL045W,YMR104C,0,0.3179952,0.1423131227493286,0.9786614775657654,0.6099909543991089
YCR068W,YPL066W,0,0.31713486,0.1422930508852005,0.9786614775657654,0.6100912690162659
YLR174W,YLR308W,0,0.31709975,0.1422729790210724,0.9786614775657654,0.6101915836334229
YMR104C,YCL040W,0,0.31589055,0.14225292205810547,0.9786614775657654,0.6102918982505798
YDR314C,YDR307W,0,0.31549692,0.14223287999629974,0.9786614775657654,0.6103922128677368
YJR043C,YGR065C,0,0.3149951,0.14221282303333282,0.9786614775657654,0.6104925274848938
YCL026C-A,YNR049C,0,0.31480247,0.1421927809715271,0.9786614775657654,0.6105928421020508
YLR157C-A,YGL179C,0,0.31443825,0.14217275381088257,0.9786614775657654,0.6106931567192078
YBR200W,YDR162C,0,0.31367832,0.14215271174907684,0.9786614775657654,0.6107934713363647
YBR084C-A,YHR094C,0,0.31363362,0.1421326994895935,0.9786614775657654,0.6108937859535217
YNL069C,YGR249W,0,0.31344604,0.14211267232894897,0.9786614775657654,0.6109941005706787
YLR157C-B,YLR117C,0,0.312406,0.14209266006946564,0.9786614775657654,0.6110944151878357
YML121W,YOR122C,0,0.31171572,0.1420726627111435,0.9786614775657654,0.6111947298049927
YLR077W,YLR388W,0,0.31123245,0.14205265045166016,0.9786614775657654,0.6112949848175049
YDR016C,YLR272C,0,0.31050897,0.142032653093338,0.9786614775657654,0.6113952994346619
YGR195W,YHR178W,0,0.31003392,0.14201267063617706,0.9786614775657654,0.6114956140518188
YHR191C,YLR275W,0,0.30980816,0.1419926881790161,0.9786614775657654,0.6115959286689758
YOL044W,YGR206W,0,0.30920157,0.14197270572185516,0.9786614775657654,0.6116962432861328
YDR348C,YOL119C,0,0.3084856,0.1419527232646942,0.9786614775657654,0.6117965579032898
YER048C,YGR198W,0,0.30831903,0.14193275570869446,0.9786614775657654,0.6118968725204468
YDR184C,YPL055C,0,0.3078771,0.1419128030538559,0.9786614775657654,0.6119971871376038
YMR052W,YPL265W,0,0.30775875,0.14189283549785614,0.9786614775657654,0.6120975017547607
YPR029C,YBR084C-A,0,0.30641776,0.14187289774417877,0.9786614775657654,0.6121978163719177
YJR129C,YMR271C,0,0.30559552,0.1418529450893402,0.9786614775657654,0.6122981309890747
YDR113C,YPR181C,0,0.3046005,0.14183300733566284,0.9786614775657654,0.6123984456062317
YGL029W,YMR305C,0,0.30453658,0.14181306958198547,0.9786614775657654,0.6124987602233887
YMR161W,YHR094C,0,0.3043052,0.1417931467294693,0.9786614775657654,0.6125990748405457
YJR093C,YNL148C,0,0.30386615,0.14177322387695312,0.9786614775657654,0.6126993894577026
YLR393W,YIL114C,0,0.3036362,0.14175330102443695,0.9786614775657654,0.6127997040748596
YDR540C,YPR033C,0,0.30345076,0.14173339307308197,0.9786614775657654,0.6129000186920166
YFL052W,YPL118W,0,0.30317265,0.141713485121727,0.9786614775657654,0.6130002737045288
YOL039W,YGL038C,0,0.30284628,0.141693577170372,0.9786614775657654,0.6131005883216858
YDR477W,YHR128W,0,0.30244508,0.14167368412017822,0.9786614775657654,0.6132009029388428
YDR156W,YBR008C,0,0.3023638,0.14165379106998444,0.9786614775657654,0.6133012175559998
YJL092W,YGL077C,0,0.3021117,0.14163391292095184,0.9786614775657654,0.6134015321731567
YHR042W,YOR088W,0,0.30075282,0.14161403477191925,0.9786614775657654,0.6135018467903137
YGR108W,YOR214C,0,0.2998395,0.14159415662288666,0.9786614775657654,0.6136021614074707
YJR129C,YMR044W,0,0.2995761,0.14157429337501526,0.9786614775657654,0.6137024760246277
YNL254C,YOR344C,0,0.29891038,0.14155443012714386,0.9786614775657654,0.6138027906417847
YDR302W,YER170W,0,0.29863018,0.14153458178043365,0.9786614775657654,0.6139031052589417
YNL275W,YBR161W,0,0.29854885,0.14151473343372345,0.9786614775657654,0.6140034198760986
YBR068C,YPR056W,0,0.29845023,0.14149488508701324,0.9786614775657654,0.6141037344932556
YPR029C,YOR077W,0,0.29753342,0.14147503674030304,0.9786614775657654,0.6142040491104126
YML126C,YDL044C,0,0.29718465,0.14145520329475403,0.9786614775657654,0.6143043637275696
YBR210W,YLR393W,0,0.29683006,0.1414353847503662,0.9786614775657654,0.6144046783447266
YBR235W,YLR002C,0,0.29562208,0.1414155513048172,0.9786614775657654,0.6145049929618835
YKL188C,YDL159W,0,0.295362,0.14139573276042938,0.9786614775657654,0.6146052479743958
YMR079W,YOR198C,0,0.2946928,0.14137592911720276,0.9786614775657654,0.6147055625915527
YNL154C,YDR163W,0,0.29458398,0.14135612547397614,0.9786614775657654,0.6148058772087097
YMR060C,YLR022C,0,0.2945823,0.1413363218307495,0.9786614775657654,0.6149061918258667
YOR149C,YPR181C,0,0.29401535,0.14131653308868408,0.9786614775657654,0.6150065064430237
YIR021W,YDL150W,0,0.29316095,0.14129674434661865,0.9786614775657654,0.6151068210601807
YGL224C,YGR203W,0,0.2923293,0.14127695560455322,0.9786614775657654,0.6152071356773376
YLR002C,YLR424W,0,0.29215676,0.141257181763649,0.9786614775657654,0.6153074502944946
YML126C,YAR066W,0,0.29214337,0.14123740792274475,0.9786614775657654,0.6154077649116516
YBR102C,YOR133W,0,0.29181564,0.14121763408184052,0.9786614775657654,0.6155080795288086
YDR446W,YBR215W,0,0.29074913,0.14119787514209747,0.9786614775657654,0.6156083941459656
YLR342W,YNL075W,0,0.29045236,0.14117811620235443,0.9786614775657654,0.6157087087631226
YGR227W,YDR034C-D,0,0.29027057,0.14115837216377258,0.9786614775657654,0.6158090233802795
YHR003C,YNL245C,0,0.2901495,0.14113862812519073,0.9786614775657654,0.6159093379974365
YEL046C,YER018C,0,0.28891468,0.1411188840866089,0.9786614775657654,0.6160096526145935
YFL055W,YDR171W,0,0.2885828,0.14109914004802704,0.9786614775657654,0.6161099672317505
YDL232W,YPL066W,0,0.28712678,0.14107941091060638,0.9786614775657654,0.6162102222442627
YNL257C,YBR019C,0,0.28675866,0.14105969667434692,0.9786614775657654,0.6163105368614197
YML093W,YMR167W,0,0.28615785,0.14103998243808746,0.9786614775657654,0.6164108514785767
YHR187W,YGR195W,0,0.28566977,0.141020268201828,0.9786614775657654,0.6165111660957336
YJR002W,YOR153W,0,0.2856083,0.14100055396556854,0.9786614775657654,0.6166114807128906
YLR034C,YOR010C,0,0.2851835,0.14098085463047028,0.9786614775657654,0.6167117953300476
YPL283C,YBR057C,0,0.28511238,0.140961155295372,0.9786614775657654,0.6168121099472046
YPR185W,YER074W-A,0,0.28431416,0.14094147086143494,0.9786614775657654,0.6169124245643616
YGR231C,YGR067C,0,0.28370023,0.14092178642749786,0.9786614775657654,0.6170127391815186
YBR235W,YER074W-A,0,0.2834984,0.1409021019935608,0.9786614775657654,0.6171130537986755
YPL088W,YNL152W,0,0.28347528,0.1408824324607849,0.9786614775657654,0.6172133684158325
YPL275W,YOR205C,0,0.28239894,0.14086276292800903,0.9786614775657654,0.6173136830329895
YIL127C,YLR095C,0,0.2820817,0.14084310829639435,0.9786614775657654,0.6174139976501465
YCR068W,YMR170C,0,0.28206912,0.14082345366477966,0.9786614775657654,0.6175143122673035
YMR121C,YNR046W,0,0.28074837,0.14080379903316498,0.9786614775657654,0.6176146268844604
YBR229C,YGL008C,0,0.28049153,0.1407841444015503,0.9786614775657654,0.6177149415016174
YER003C,YBR070C,0,0.2796778,0.1407645046710968,0.9786614775657654,0.6178152561187744
YOR293W,YGL145W,0,0.2788053,0.1407448798418045,0.9786614775657654,0.6179155111312866
YJL074C,YML111W,0,0.27850723,0.140725240111351,0.9786614775657654,0.6180158257484436
YIR033W,YHR123W,0,0.2784896,0.14070561528205872,0.9786614775657654,0.6181161403656006
YFL018C,YIL040W,0,0.2782969,0.1406860053539276,0.9786614775657654,0.6182164549827576
YOL094C,YNL257C,0,0.2779048,0.14066638052463531,0.9786614775657654,0.6183167695999146
YOR362C,YBR021W,0,0.27768195,0.1406467854976654,0.9786614775657654,0.6184170842170715
YLR393W,YMR068W,0,0.27568126,0.1406271755695343,0.9786614775657654,0.6185173988342285
YBR133C,YOR130C,0,0.27529162,0.1406075805425644,0.9786614775657654,0.6186177134513855
YOR149C,YDL226C,0,0.27501217,0.14058798551559448,0.9786614775657654,0.6187180280685425
YFL009W,YKL208W,0,0.27495003,0.14056840538978577,0.9786614775657654,0.6188183426856995
YKL176C,YGR206W,0,0.27494767,0.14054882526397705,0.9786614775657654,0.6189186573028564
YMR309C,YHR102W,0,0.27408695,0.14052924513816833,0.9786614775657654,0.6190189719200134
YOL017W,YBR227C,0,0.2728377,0.1405096799135208,0.9786614775657654,0.6191192865371704
YCR089W,YOR375C,0,0.27212524,0.1404901146888733,0.9786614775657654,0.6192196011543274
YMR119W,YKL018W,0,0.27180833,0.14047054946422577,0.9786614775657654,0.6193199157714844
YBL067C,YKL211C,0,0.27119264,0.14045099914073944,0.9786614775657654,0.6194202303886414
YLR226W,YAL047C,0,0.2706769,0.1404314488172531,0.9786614775657654,0.6195204854011536
YPL275W,YDR316W,0,0.2702759,0.14041191339492798,0.9786614775657654,0.6196208000183105
YJR056C,YCR008W,0,0.26844248,0.14039237797260284,0.9786614775657654,0.6197211146354675
YDR261C-C,YML072C,0,0.267479,0.1403728425502777,0.9786614775657654,0.6198214292526245
YNL315C,YGR277C,0,0.26714197,0.14035332202911377,0.9786614775657654,0.6199217438697815
YKL160W,YPR185W,0,0.266878,0.14033380150794983,0.9786614775657654,0.6200220584869385
YHR001W,YER075C,0,0.26646158,0.1403142809867859,0.9786614775657654,0.6201223731040955
YDR462W,YNL225C,0,0.2662468,0.14029477536678314,0.9786614775657654,0.6202226877212524
YNR063W,YBR161W,0,0.26595765,0.1402752697467804,0.9786614775657654,0.6203230023384094
YHL033C,YKL208W,0,0.26548496,0.14025576412677765,0.9786614775657654,0.6204233169555664
YDR333C,YHR108W,1,0.26532727,0.1403752565383911,0.9796314239501953,0.6204233169555664
YPL055C,YMR236W,0,0.26527193,0.14035575091838837,0.9796314239501953,0.6205236315727234
YLR174W,YGR067C,0,0.2649307,0.14033624529838562,0.9796314239501953,0.6206239461898804
YLR135W,YAR003W,0,0.2648677,0.14031675457954407,0.9796314239501953,0.6207242608070374
YDL025C,YPL270W,0,0.26453236,0.14029726386070251,0.9796314239501953,0.6208245754241943
YIL121W,YAR014C,0,0.26125765,0.14027777314186096,0.9796314239501953,0.6209248900413513
YKL213C,YLR222C,0,0.26123428,0.1402582973241806,0.9796314239501953,0.6210252046585083
YCR003W,YOR205C,0,0.26121032,0.14023882150650024,0.9796314239501953,0.6211254596710205
YBR133C,YNL099C,0,0.2607556,0.14021934568881989,0.9796314239501953,0.6212257742881775
YOR284W,YDR085C,0,0.26023108,0.14019988477230072,0.9796314239501953,0.6213260889053345
YBR088C,YLR275W,0,0.25994322,0.14018042385578156,0.9796314239501953,0.6214264035224915
YLR216C,YIL168W,0,0.2594512,0.14016097784042358,0.9796314239501953,0.6215267181396484
YIL066C,YGR256W,0,0.25938994,0.1401415318250656,0.9796314239501953,0.6216270327568054
YGR074W,YDR331W,0,0.25887102,0.14012208580970764,0.9796314239501953,0.6217273473739624
YKR018C,YGR041W,0,0.25882453,0.14010265469551086,0.9796314239501953,0.6218276619911194
YOR149C,YNR063W,0,0.25833783,0.1400832235813141,0.9796314239501953,0.6219279766082764
YDR409W,YGL077C,0,0.25814736,0.1400637924671173,0.9796314239501953,0.6220282912254333
YHR034C,YGL044C,0,0.2579534,0.14004437625408173,0.9796314239501953,0.6221286058425903
YNR073C,YIR028W,0,0.2571358,0.14002496004104614,0.9796314239501953,0.6222289204597473
YGR028W,YKL127W,0,0.25712317,0.14000554382801056,0.9796314239501953,0.6223292350769043
YOL130W,YGL044C,0,0.25626978,0.13998614251613617,0.9796314239501953,0.6224295496940613
YDR210W,YKR045C,0,0.2561986,0.13996674120426178,0.9796314239501953,0.6225298643112183
YGL255W,YJL207C,0,0.2561865,0.1399473398923874,0.9796314239501953,0.6226301789283752
YOL094C,YBR200W,0,0.256158,0.1399279534816742,0.9796314239501953,0.6227304935455322
YGR198W,YOR100C,0,0.25534087,0.1399085819721222,0.9796314239501953,0.6228307485580444
YOL094C,YBR288C,0,0.25505525,0.139889195561409,0.9796314239501953,0.6229310631752014
YER054C,YOR339C,0,0.25487292,0.139869824051857,0.9796314239501953,0.6230313777923584
YJR129C,YOR197W,0,0.25347102,0.139850452542305,0.9796314239501953,0.6231316924095154
YNL275W,YDR163W,0,0.2531923,0.13983109593391418,0.9796314239501953,0.6232320070266724
YOR035C,YJL093C,0,0.25307354,0.13981173932552338,0.9796314239501953,0.6233323216438293
YNL014W,YGR013W,0,0.25293672,0.13979238271713257,0.9796314239501953,0.6234326362609863
YEL046C,YBR083W,0,0.25288254,0.13977304100990295,0.9796314239501953,0.6235329508781433
YPL227C,YML014W,0,0.25276726,0.13975369930267334,0.9796314239501953,0.6236332654953003
YCR102C,YKR003W,0,0.25217664,0.13973437249660492,0.9796314239501953,0.6237335801124573
YPL236C,YOR083W,0,0.25161248,0.1397150307893753,0.9796314239501953,0.6238338947296143
YHL009W-A,YLR256W,0,0.25037017,0.13969571888446808,0.9796314239501953,0.6239342093467712
YDR348C,YBR004C,0,0.2487253,0.13967639207839966,0.9796314239501953,0.6240345239639282
YIL063C,YLR002C,0,0.24755502,0.13965708017349243,0.9796314239501953,0.6241348385810852
YLR157C-B,YBR199W,0,0.2469016,0.1396377682685852,0.9796314239501953,0.6242351531982422
YBL105C,YPL181W,0,0.24648005,0.13961847126483917,0.9796314239501953,0.6243354678153992
YHR134W,YBR068C,0,0.24626923,0.13959917426109314,0.9796314239501953,0.6244357228279114
YBR018C,YNL197C,0,0.2458893,0.1395798772573471,0.9796314239501953,0.6245360374450684
YGR287C,YOR077W,0,0.2453599,0.13956059515476227,0.9796314239501953,0.6246363520622253
YBR186W,YBR068C,0,0.24521136,0.13954131305217743,0.9796314239501953,0.6247366666793823
YFR028C,YOR190W,0,0.2448527,0.1395220309495926,0.9796314239501953,0.6248369812965393
YHR187W,YDR155C,0,0.24387239,0.13950276374816895,0.9796314239501953,0.6249372959136963
YBR133C,YHR019C,0,0.2433837,0.1394834965467453,0.9796314239501953,0.6250376105308533
YPL069C,YHR128W,0,0.24247049,0.13946422934532166,0.9796314239501953,0.6251379251480103
YGR028W,YKL101W,0,0.24135852,0.1394449770450592,0.9796314239501953,0.6252382397651672
YBR234C,YKR092C,0,0.24050534,0.13942572474479675,0.9796314239501953,0.6253385543823242
YFL052W,YER058W,0,0.2401503,0.1394064873456955,0.9796314239501953,0.6254388689994812
YPL052W,YNL230C,1,0.23998517,0.13952524960041046,0.9806013703346252,0.6254388689994812
YKR098C,YPL029W,0,0.23899671,0.139505997300148,0.9806013703346252,0.6255391836166382
YJR086W,YGR067C,0,0.2389845,0.13948675990104675,0.9806013703346252,0.6256394982337952
YGL133W,YLR424W,0,0.23897333,0.1394675076007843,0.9806013703346252,0.6257398128509521
YCR028C-A,YHR084W,0,0.23845401,0.13944827020168304,0.9806013703346252,0.6258401274681091
YLR116W,YMR231W,0,0.23795497,0.13942904770374298,0.9806013703346252,0.6259404420852661
YEL020C,YHR072W-A,0,0.23738539,0.13940982520580292,0.9806013703346252,0.6260406970977783
YHR032W,YOR245C,0,0.23716496,0.13939060270786285,0.9806013703346252,0.6261410117149353
YFL003C,YIL050W,0,0.23624605,0.1393713802099228,0.9806013703346252,0.6262413263320923
YDR141C,YDR489W,0,0.23610978,0.13935217261314392,0.9806013703346252,0.6263416409492493
YIL099W,YHR123W,0,0.23551276,0.13933296501636505,0.9806013703346252,0.6264419555664062
YDR346C,YML072C,0,0.2354863,0.13931377232074738,0.9806013703346252,0.6265422701835632
YLR369W,YJL207C,0,0.23528928,0.1392945647239685,0.9806013703346252,0.6266425848007202
YLR226W,YOR030W,0,0.23430857,0.13927538692951202,0.9806013703346252,0.6267428994178772
YNR012W,YER160C,0,0.23430502,0.13925619423389435,0.9806013703346252,0.6268432140350342
YDR488C,YCR033W,0,0.234032,0.13923701643943787,0.9806013703346252,0.6269435286521912
YKL107W,YGR091W,0,0.23397903,0.13921785354614258,0.9806013703346252,0.6270438432693481
YJR099W,YKL055C,0,0.23365435,0.1391986757516861,0.9806013703346252,0.6271441578865051
YJL209W,YHR045W,0,0.23341492,0.1391795128583908,0.9806013703346252,0.6272444725036621
YKL184W,YBL071W-A,0,0.2325161,0.1391603648662567,0.9806013703346252,0.6273447871208191
YJL010C,YDR450W,0,0.2319999,0.13914120197296143,0.9806013703346252,0.6274451017379761
YFL052W,YDR291W,0,0.23140803,0.13912205398082733,0.9806013703346252,0.6275454163551331
YCR023C,YGR038C-B,0,0.22887716,0.13910292088985443,0.9806013703346252,0.62764573097229
YNL106C,YJR019C,0,0.2285841,0.13908378779888153,0.9806013703346252,0.6277459859848022
YKL071W,YJL137C,0,0.22857067,0.13906465470790863,0.9806013703346252,0.6278463006019592
YCR102C,YGL175C,0,0.22828922,0.13904552161693573,0.9806013703346252,0.6279466152191162
YBL006C,YBR057C,0,0.22816074,0.13902640342712402,0.9806013703346252,0.6280469298362732
YJL028W,YCR003W,0,0.22806811,0.13900728523731232,0.9806013703346252,0.6281472444534302
YOR149C,YMR029C,0,0.22732574,0.1389881819486618,0.9806013703346252,0.6282475590705872
YCR073C,YNR032W,0,0.22711098,0.1389690786600113,0.9806013703346252,0.6283478736877441
YLR233C,YJL047C,0,0.22674114,0.13894997537136078,0.9806013703346252,0.6284481883049011
YNR036C,YGL160W,0,0.22627729,0.13893087208271027,0.9806013703346252,0.6285485029220581
YKR001C,YER160C,0,0.22534323,0.13891178369522095,0.9806013703346252,0.6286488175392151
YKR081C,YLR307W,0,0.22496033,0.13889271020889282,0.9806013703346252,0.6287491321563721
YOL041C,YMR167W,0,0.22358243,0.1388736218214035,0.9806013703346252,0.628849446773529
YDR085C,YNL177C,0,0.2229895,0.13885454833507538,0.9806013703346252,0.628949761390686
YGR152C,YDL165W,0,0.22259253,0.13883548974990845,0.9806013703346252,0.629050076007843
YDR339C,YOR303W,0,0.22212219,0.13881641626358032,0.9806013703346252,0.629150390625
YCR069W,YNR075W,0,0.22209322,0.1387973576784134,0.9806013703346252,0.629250705242157
YNR063W,YDL222C,0,0.22200528,0.13877831399440765,0.9806013703346252,0.6293509602546692
YLR272C,YOR140W,0,0.2213184,0.13875927031040192,0.9806013703346252,0.6294512748718262
YNL225C,YJL104W,0,0.22052115,0.13874022662639618,0.9806013703346252,0.6295515894889832
YDR225W,YPR052C,0,0.21832812,0.13872118294239044,0.9806013703346252,0.6296519041061401
YJL018W,YJR093C,0,0.21549639,0.1387021541595459,0.9806013703346252,0.6297522187232971
YOR234C,YDR156W,0,0.21336523,0.13868312537670135,0.9806013703346252,0.6298525333404541
YPL187W,YLL054C,0,0.2132777,0.138664111495018,0.9806013703346252,0.6299528479576111
YBL006C,YJL137C,0,0.21212944,0.13864509761333466,0.9806013703346252,0.6300531625747681
YGL065C,YDR538W,0,0.21129486,0.1386260837316513,0.9806013703346252,0.630153477191925
YPR018W,YPR082C,0,0.2102021,0.13860706984996796,0.9806013703346252,0.630253791809082
YIL040W,YNL035C,0,0.20987965,0.1385880708694458,0.9806013703346252,0.630354106426239
YDR462W,YDR085C,0,0.20967297,0.13856907188892365,0.9806013703346252,0.630454421043396
YER026C,YLR355C,0,0.2088598,0.13855008780956268,0.9806013703346252,0.630554735660553
YBR152W,YMR167W,0,0.2079674,0.13853110373020172,0.9806013703346252,0.63065505027771
YNL058C,YBL071W-A,0,0.20782503,0.13851211965084076,0.9806013703346252,0.6307553648948669
YNL148C,YLR256W,0,0.2076397,0.138493150472641,0.9806013703346252,0.6308556795120239
YJR090C,YJL137C,0,0.2072441,0.13847418129444122,0.9806013703346252,0.6309559345245361
YDR020C,YMR167W,0,0.20717093,0.13845521211624146,0.9806013703346252,0.6310562491416931
YLR406C,YGL043W,0,0.20647,0.13843625783920288,0.9806013703346252,0.6311565637588501
YML110C,YGL131C,0,0.20630193,0.1384173035621643,0.9806013703346252,0.6312568783760071
YLR298C,YNL087W,0,0.20530939,0.13839836418628693,0.9806013703346252,0.6313571929931641
YLR242C,YAL032C,0,0.20523852,0.13837940990924835,0.9806013703346252,0.631457507610321
YNL058C,YPR066W,0,0.20437099,0.13836047053337097,0.9806013703346252,0.631557822227478
YDR540C,YML010W,0,0.20376456,0.13834154605865479,0.9806013703346252,0.631658136844635
YIL158W,YBR229C,0,0.20297319,0.1383226215839386,0.9806013703346252,0.631758451461792
YGR023W,YCR024C-A,0,0.20262206,0.1383036971092224,0.9806013703346252,0.631858766078949
YGL124C,YHL018W,0,0.20095025,0.13828477263450623,0.9806013703346252,0.631959080696106
YJL010C,YPR124W,0,0.20054913,0.13826586306095123,0.9806013703346252,0.6320593953132629
YPL016W,YDL161W,0,0.20042026,0.13824695348739624,0.9806013703346252,0.6321597099304199
YLR431C,YPR022C,0,0.19984134,0.13822805881500244,0.9806013703346252,0.6322600245475769
YLR166C,YPL046C,0,0.1994791,0.13820916414260864,0.9806013703346252,0.6323603391647339
YGL054C,YOR030W,0,0.19870374,0.13819026947021484,0.9806013703346252,0.6324606537818909
YOL089C,YFL002C,0,0.19814274,0.13817137479782104,0.9806013703346252,0.6325609683990479
YNL316C,YJL076W,0,0.19773489,0.13815249502658844,0.9806013703346252,0.6326612234115601
YPL016W,YIL063C,0,0.19764653,0.13813363015651703,0.9806013703346252,0.632761538028717
YDL122W,YKR017C,1,0.19742028,0.13825136423110962,0.9815713167190552,0.632761538028717
YDR119W,YIR008C,0,0.19702327,0.13823248445987701,0.9815713167190552,0.632861852645874
YML001W,YMR167W,0,0.1967271,0.1382136046886444,0.9815713167190552,0.632962167263031
YNL225C,YNL030W,0,0.19644718,0.1381947249174118,0.9815713167190552,0.633062481880188
YDR020C,YJR088C,0,0.19560415,0.1381758600473404,0.9815713167190552,0.633162796497345
YGR157W,YLR405W,0,0.19558334,0.13815699517726898,0.9815713167190552,0.633263111114502
YNR026C,YDR432W,0,0.1954337,0.13813814520835876,0.9815713167190552,0.6333634257316589
YMR058W,YOL060C,0,0.1950652,0.13811928033828735,0.9815713167190552,0.6334637403488159
YBL084C,YPL024W,0,0.19365174,0.13810043036937714,0.9815713167190552,0.6335640549659729
YBR253W,YGL012W,0,0.19304013,0.1380815953016281,0.9815713167190552,0.6336643695831299
YHR062C,YLR117C,0,0.19135529,0.1380627602338791,0.9815713167190552,0.6337646842002869
YGR157W,YMR079W,0,0.19094418,0.13804392516613007,0.9815713167190552,0.6338649988174438
YHR063C,YNL047C,0,0.19067857,0.13802509009838104,0.9815713167190552,0.6339653134346008
YBR298C,YCR071C,0,0.19005662,0.1380062699317932,0.9815713167190552,0.6340656280517578
YLR406C,YDR198C,0,0.1895115,0.13798744976520538,0.9815713167190552,0.6341659426689148
YOR336W,YAL009W,0,0.18884563,0.13796864449977875,0.9815713167190552,0.634266197681427
YMR119W,YOL130W,0,0.18883383,0.1379498392343521,0.9815713167190552,0.634366512298584
YIR007W,YBL097W,0,0.18839875,0.13793103396892548,0.9815713167190552,0.634466826915741
YDR333C,YFL006W,1,0.1881984,0.13804851472377777,0.9825412034988403,0.634466826915741
YJR095W,YEL003W,0,0.18809128,0.13802970945835114,0.9825412034988403,0.634567141532898
YDR382W,YOR312C,0,0.1879878,0.1380109041929245,0.9825412034988403,0.6346674561500549
YMR277W,YDL104C,0,0.18731254,0.13799209892749786,0.9825412034988403,0.6347677707672119
YNL316C,YNL106C,0,0.18671149,0.13797330856323242,0.9825412034988403,0.6348680853843689
YOR196C,YOR022C,0,0.18617691,0.13795451819896698,0.9825412034988403,0.6349684000015259
YGL207W,YMR291W,0,0.18566519,0.13793572783470154,0.9825412034988403,0.6350687146186829
YLR320W,YNL116W,0,0.18541819,0.1379169523715973,0.9825412034988403,0.6351690292358398
YBR039W,YBR070C,0,0.18506475,0.13789817690849304,0.9825412034988403,0.6352693438529968
YGL047W,YFR055W,0,0.18458652,0.1378794014453888,0.9825412034988403,0.6353696584701538
YKL027W,YLR399C,0,0.18374662,0.13786064088344574,0.9825412034988403,0.6354699730873108
YLR095C,YLL010C,0,0.18368547,0.13784188032150269,0.9825412034988403,0.6355702877044678
YOL097C,YAR066W,0,0.18335345,0.13782313466072083,0.9825412034988403,0.6356706023216248
YDL181W,YER160C,0,0.18264651,0.13780437409877777,0.9825412034988403,0.6357709169387817
YOL075C,YGL012W,0,0.18234877,0.1377856433391571,0.9825412034988403,0.635871171951294
YLR240W,YPL012W,0,0.18223071,0.13776689767837524,0.9825412034988403,0.6359714865684509
YEL077C,YHR016C,0,0.1821177,0.13774816691875458,0.9825412034988403,0.6360718011856079
YNL090W,YHR091C,0,0.1806956,0.1377294361591339,0.9825412034988403,0.6361721158027649
YMR135C,YGR028W,0,0.18046898,0.13771070539951324,0.9825412034988403,0.6362724304199219
YJL018W,YDL150W,0,0.1802561,0.13769198954105377,0.9825412034988403,0.6363727450370789
YJR144W,YDR291W,0,0.17949831,0.1376732736825943,0.9825412034988403,0.6364730596542358
YER065C,YCL011C,0,0.17910953,0.13765457272529602,0.9825412034988403,0.6365733742713928
YBR239C,YGL179C,0,0.17879367,0.13763587176799774,0.9825412034988403,0.6366736888885498
YHL022C,YLR378C,0,0.17821822,0.13761717081069946,0.9825412034988403,0.6367740035057068
YIL099W,YJR086W,0,0.17739686,0.13759848475456238,0.9825412034988403,0.6368743181228638
YBL004W,YJL047C,0,0.17708659,0.1375797837972641,0.9825412034988403,0.6369746327400208
YDR541C,YAL047C,0,0.17670716,0.1375611126422882,0.9825412034988403,0.6370749473571777
YDR339C,YNL067W,0,0.17626923,0.13754242658615112,0.9825412034988403,0.6371752619743347
YNL254C,YKL220C,0,0.17577615,0.13752375543117523,0.9825412034988403,0.6372755765914917
YDR409W,YDR208W,0,0.17550775,0.13750508427619934,0.9825412034988403,0.6373758912086487
YNR073C,YML118W,0,0.1753776,0.13748642802238464,0.9825412034988403,0.6374762058258057
YBR217W,YKL120W,0,0.17497933,0.13746777176856995,0.9825412034988403,0.6375764608383179
YGR247W,YAL061W,0,0.1746057,0.13744911551475525,0.9825412034988403,0.6376767754554749
YDR385W,YJR086W,0,0.17445403,0.13743047416210175,0.9825412034988403,0.6377770900726318
YKL073W,YKL148C,0,0.17363483,0.13741183280944824,0.9825412034988403,0.6378774046897888
YKL071W,YGL131C,0,0.17314357,0.13739319145679474,0.9825412034988403,0.6379777193069458
YHL009W-A,YFL034C-A,0,0.17292744,0.13737456500530243,0.9825412034988403,0.6380780339241028
YKL152C,YHL009W-A,0,0.17277338,0.13735593855381012,0.9825412034988403,0.6381783485412598
YOR128C,YLR157C-A,0,0.17236315,0.1373373121023178,0.9825412034988403,0.6382786631584167
YFR044C,YOR028C,0,0.17233503,0.1373187005519867,0.9825412034988403,0.6383789777755737
YPR022C,YFL008W,0,0.17175321,0.13730007410049438,0.9825412034988403,0.6384792923927307
YLR148W,YLR453C,0,0.17168157,0.13728147745132446,0.9825412034988403,0.6385796070098877
YBL006C,YHR094C,0,0.17110837,0.13726286590099335,0.9825412034988403,0.6386799216270447
YOR033C,YIL015W,0,0.17055774,0.13724426925182343,0.9825412034988403,0.6387802362442017
YCR088W,YKR039W,0,0.17016883,0.1372256875038147,0.9825412034988403,0.6388805508613586
YDL159W,YOR339C,0,0.1693539,0.13720709085464478,0.9825412034988403,0.6389808654785156
YPL230W,YMR271C,0,0.16864759,0.13718850910663605,0.9825412034988403,0.6390811800956726
YDR142C,YLR089C,0,0.16832083,0.1371699422597885,0.9825412034988403,0.6391814351081848
YLR077W,YFL008W,0,0.16824383,0.13715136051177979,0.9825412034988403,0.6392817497253418
YKL125W,YCR097W,0,0.1675582,0.13713279366493225,0.9825412034988403,0.6393820643424988
YOR245C,YOR295W,0,0.16705361,0.1371142417192459,0.9825412034988403,0.6394823789596558
YAR050W,YPR112C,0,0.16687602,0.13709568977355957,0.9825412034988403,0.6395826935768127
YDR385W,YGL166W,0,0.16664231,0.13707713782787323,0.9825412034988403,0.6396830081939697
YJL018W,YDL236W,0,0.1649731,0.1370585858821869,0.9825412034988403,0.6397833228111267
YKL113C,YJL014W,0,0.16497147,0.13704004883766174,0.9825412034988403,0.6398836374282837
YHR079C-A,YCR033W,0,0.16481873,0.1370215117931366,0.9825412034988403,0.6399839520454407
YCL010C,YGL055W,0,0.1647306,0.13700297474861145,0.9825412034988403,0.6400842666625977
YML064C,YPR079W,0,0.1632019,0.1369844526052475,0.9825412034988403,0.6401845812797546
YKR010C,YOR360C,0,0.16286048,0.13696593046188354,0.9825412034988403,0.6402848958969116
YBR073W,YJL076W,0,0.1627462,0.1369474083185196,0.9825412034988403,0.6403852105140686
YCR023C,YML058W,0,0.16252512,0.13692890107631683,0.9825412034988403,0.6404855251312256
YDR267C,YKL167C,0,0.16202997,0.13691039383411407,0.9825412034988403,0.6405858397483826
YJL018W,YDR349C,0,0.16018489,0.13689188659191132,0.9825412034988403,0.6406861543655396
YGR108W,YOR003W,0,0.159756,0.13687339425086975,0.9825412034988403,0.6407864093780518
YDR182W,YOR188W,0,0.15905738,0.13685490190982819,0.9825412034988403,0.6408867239952087
YER146W,YBL046W,0,0.15820912,0.13683642446994781,0.9825412034988403,0.6409870386123657
YIL117C,YIL049W,0,0.15784025,0.13681793212890625,0.9825412034988403,0.6410873532295227
YOR178C,YPR022C,0,0.156748,0.13679945468902588,0.9825412034988403,0.6411876678466797
YNL005C,YOR367W,0,0.15646233,0.1367809921503067,0.9825412034988403,0.6412879824638367
YMR104C,YDL161W,0,0.1560685,0.13676251471042633,0.9825412034988403,0.6413882970809937
YGR028W,YHR091C,0,0.15569383,0.13674406707286835,0.9825412034988403,0.6414886116981506
YDR210W,YGR132C,0,0.15535387,0.13672560453414917,0.9825412034988403,0.6415889263153076
YNL209W,YHR019C,0,0.15520442,0.1367071568965912,0.9825412034988403,0.6416892409324646
YNL222W,YNL005C,0,0.15486312,0.1366887092590332,0.9825412034988403,0.6417895555496216
YOR178C,YIL067C,0,0.15406959,0.13667026162147522,0.9825412034988403,0.6418898701667786
YAR066W,YBL071W-A,0,0.15404731,0.13665182888507843,0.9825412034988403,0.6419901847839355
YPL268W,YGR289C,0,0.15387824,0.13663339614868164,0.9825412034988403,0.6420904994010925
YPL236C,YER166W,0,0.15349066,0.13661496341228485,0.9825412034988403,0.6421908140182495
YIL041W,YPL230W,0,0.15348566,0.13659654557704926,0.9825412034988403,0.6422911286354065
YLR369W,YML014W,0,0.1530686,0.13657812774181366,0.9825412034988403,0.6423913836479187
YNR063W,YHR203C,0,0.15298812,0.13655972480773926,0.9825412034988403,0.6424916982650757
YPR121W,YMR167W,0,0.15293472,0.13654130697250366,0.9825412034988403,0.6425920128822327
YCR017C,YHR001W,0,0.15286916,0.13652290403842926,0.9825412034988403,0.6426923274993896
YPL132W,YGR038W,0,0.15270466,0.13650451600551605,0.9825412034988403,0.6427926421165466
YDR214W,YGR198W,0,0.1522848,0.13648612797260284,0.9825412034988403,0.6428929567337036
YPL081W,YNL005C,0,0.15164769,0.13646773993968964,0.9825412034988403,0.6429932713508606
YDR043C,YMR106C,0,0.15109462,0.13644935190677643,0.9825412034988403,0.6430935859680176
YLR342W,YBR133C,0,0.15049338,0.13643097877502441,0.9825412034988403,0.6431939005851746
YPL227C,YKL160W,0,0.15022549,0.1364126056432724,0.9825412034988403,0.6432942152023315
YMR052W,YBR167C,0,0.15001541,0.13639423251152039,0.9825412034988403,0.6433945298194885
YNL021W,YCR097W,0,0.1491507,0.13637587428092957,0.9825412034988403,0.6434948444366455
YBR236C,YNL225C,0,0.14783281,0.13635751605033875,0.9825412034988403,0.6435951590538025
YMR277W,YPL162C,0,0.14767441,0.13633917272090912,0.9825412034988403,0.6436954736709595
YCL019W,YOR190W,0,0.14691558,0.1363208144903183,0.9825412034988403,0.6437957882881165
YJL207C,YPL023C,0,0.14656101,0.13630247116088867,0.9825412034988403,0.6438961029052734
YJL099W,YCL010C,0,0.14590216,0.13628414273262024,0.9825412034988403,0.6439964175224304
YNL321W,YGR132C,0,0.14576566,0.1362657994031906,0.9825412034988403,0.6440966725349426
YLR148W,YGL145W,0,0.14555562,0.13624747097492218,0.9825412034988403,0.6441969871520996
YCR042C,YOR130C,0,0.14551786,0.13622915744781494,0.9825412034988403,0.6442973017692566
YKL146W,YLR157C-B,0,0.14520608,0.1362108439207077,0.9825412034988403,0.6443976163864136
YFL034C-B,YKL137W,0,0.14509952,0.13619253039360046,0.9825412034988403,0.6444979310035706
YKR092C,YGR065C,0,0.14331448,0.13617421686649323,0.9825412034988403,0.6445982456207275
YIL041W,YHR134W,0,0.14321059,0.13615591824054718,0.9825412034988403,0.6446985602378845
YCR071C,YCR070W,0,0.14312619,0.13613761961460114,0.9825412034988403,0.6447988748550415
YNR023W,YMR268C,0,0.1427621,0.1361193209886551,0.9825412034988403,0.6448991894721985
YKL163W,YHR102W,0,0.14262891,0.13610103726387024,0.9825412034988403,0.6449995040893555
YFL050C,YKL157W,0,0.14195411,0.1360827535390854,0.9825412034988403,0.6450998187065125
YPL237W,YLR135W,0,0.14190504,0.13606446981430054,0.9825412034988403,0.6452001333236694
YOR095C,YHL009W-A,0,0.14185384,0.13604620099067688,0.9825412034988403,0.6453004479408264
YCL062W,YPL029W,0,0.14082474,0.13602793216705322,0.9825412034988403,0.6454007625579834
YFR009W,YPL162C,0,0.14020626,0.13600966334342957,0.9825412034988403,0.6455010771751404
YPL029W,YIL044C,0,0.13964924,0.1359914094209671,0.9825412034988403,0.6456013917922974
YGL099W,YPL265W,0,0.13886032,0.13597315549850464,0.9825412034988403,0.6457016468048096
YML029W,YBR079C,0,0.13881257,0.13595490157604218,0.9825412034988403,0.6458019614219666
YPR164W,YNL003C,0,0.13869983,0.1359366625547409,0.9825412034988403,0.6459022760391235
YER011W,YGR209C,0,0.13840051,0.13591842353343964,0.9825412034988403,0.6460025906562805
YPL086C,YPL037C,0,0.1382784,0.13590018451213837,0.9825412034988403,0.6461029052734375
YDR097C,YPL005W,0,0.13808873,0.1358819603919983,0.9825412034988403,0.6462032198905945
YJL209W,YDL236W,0,0.13797648,0.13586373627185822,0.9825412034988403,0.6463035345077515
YIL157C,YHR166C,0,0.13717797,0.13584551215171814,0.9825412034988403,0.6464038491249084
YPL268W,YPR164W,0,0.13683084,0.13582730293273926,0.9825412034988403,0.6465041637420654
YKR010C,YKL120W,0,0.13497382,0.13580909371376038,0.9825412034988403,0.6466044783592224
YDR365W-B,YLR205C,0,0.13492577,0.1357908844947815,0.9825412034988403,0.6467047929763794
YML069W,YOR010C,0,0.13479257,0.1357726901769638,0.9825412034988403,0.6468051075935364
YPL060C-A,YNL279W,0,0.13427863,0.13575449585914612,0.9825412034988403,0.6469054222106934
YGR271C-A,YCL010C,0,0.13392526,0.13573630154132843,0.9825412034988403,0.6470057368278503
YOL146W,YHR045W,0,0.13379154,0.13571810722351074,0.9825412034988403,0.6471060514450073
YFL055W,YMR030W,0,0.13219737,0.13569992780685425,0.9825412034988403,0.6472063660621643
YML008C,YNL256W,0,0.1317063,0.13568176329135895,0.9825412034988403,0.6473066210746765
YGR275W,YJR002W,0,0.13121599,0.13566358387470245,0.9825412034988403,0.6474069356918335
YEL046C,YKR087C,0,0.13025886,0.13564541935920715,0.9825412034988403,0.6475072503089905
YDL168W,YDL004W,0,0.12964559,0.13562725484371185,0.9825412034988403,0.6476075649261475
YDR016C,YBR084C-A,0,0.12959898,0.13560910522937775,0.9825412034988403,0.6477078795433044
YML126C,YOR088W,0,0.12941504,0.13559095561504364,0.9825412034988403,0.6478081941604614
YDL025C,YNL125C,0,0.1287367,0.13557280600070953,0.9825412034988403,0.6479085087776184
YFL034C-A,YKR001C,0,0.12867713,0.13555465638637543,0.9825412034988403,0.6480088233947754
YIL085C,YMR244C-A,0,0.1284307,0.13553652167320251,0.9825412034988403,0.6481091380119324
YDL058W,YGL012W,0,0.12816924,0.1355184018611908,0.9825412034988403,0.6482094526290894
YBR239C,YHR032W,0,0.12810074,0.13550026714801788,0.9825412034988403,0.6483097672462463
YPL132W,YBR210W,0,0.12570238,0.13548214733600616,0.9825412034988403,0.6484100818634033
YDR314C,YBR239C,0,0.12550765,0.13546402752399445,0.9825412034988403,0.6485103964805603
YBL008W-A,YER065C,0,0.12535267,0.13544592261314392,0.9825412034988403,0.6486107110977173
YPR158W-A,YGR231C,0,0.12508145,0.1354278028011322,0.9825412034988403,0.6487110257148743
YBR302C,YDR034C-D,0,0.12366621,0.13540969789028168,0.9825412034988403,0.6488113403320312
YOL075C,YOR030W,0,0.12351609,0.13539160788059235,0.9825412034988403,0.6489116549491882
YER144C,YIR033W,0,0.1223948,0.13537351787090302,0.9825412034988403,0.6490119099617004
YLL036C,YPL005W,0,0.12181084,0.13535542786121368,0.9825412034988403,0.6491122245788574
YCR020W-B,YDR316W,0,0.121061385,0.13533733785152435,0.9825412034988403,0.6492125391960144
YML064C,YDL156W,0,0.120624185,0.13531926274299622,0.9825412034988403,0.6493128538131714
YOR196C,YML007W,0,0.12013441,0.13530118763446808,0.9825412034988403,0.6494131684303284
YJL018W,YHL013C,0,0.11869209,0.13528311252593994,0.9825412034988403,0.6495134830474854
YBR217W,YLR256W,0,0.11827323,0.135265052318573,0.9825412034988403,0.6496137976646423
YGR133W,YCL020W,0,0.11715937,0.13524699211120605,0.9825412034988403,0.6497141122817993
YGR198W,YGR284C,0,0.11665064,0.1352289468050003,0.9825412034988403,0.6498144268989563
YOR130C,YLR368W,0,0.11657892,0.13521088659763336,0.9825412034988403,0.6499147415161133
YPL170W,YLR319C,0,0.115923464,0.1351928412914276,0.9825412034988403,0.6500150561332703
YDR191W,YCR020W-B,0,0.115735486,0.13517481088638306,0.9825412034988403,0.6501153707504272
YDR541C,YJL113W,0,0.11501455,0.1351567655801773,0.9825412034988403,0.6502156853675842
YML111W,YML065W,0,0.11477053,0.13513873517513275,0.9825412034988403,0.6503159999847412
YBR077C,YGL029W,0,0.11385965,0.1351207196712494,0.9825412034988403,0.6504163146018982
YER141W,YDR267C,0,0.11299366,0.13510268926620483,0.9825412034988403,0.6505166292190552
YKL101W,YDR084C,0,0.112808585,0.13508467376232147,0.9825412034988403,0.6506168842315674
YBR077C,YMR106C,0,0.11247642,0.1350666731595993,0.9825412034988403,0.6507171988487244
YLL032C,YGL245W,0,0.112433486,0.13504865765571594,0.9825412034988403,0.6508175134658813
YHR115C,YDL042C,0,0.11230692,0.13503065705299377,0.9825412034988403,0.6509178280830383
YKL025C,YML010W,0,0.112199284,0.1350126564502716,0.9825412034988403,0.6510181427001953
YGR096W,YOR088W,0,0.11210028,0.13499467074871063,0.9825412034988403,0.6511184573173523
YNL186W,YGR278W,0,0.11144794,0.13497668504714966,0.9825412034988403,0.6512187719345093
YBR298C,YGR092W,0,0.11095637,0.13495869934558868,0.9825412034988403,0.6513190865516663
YAR050W,YOR214C,0,0.11020663,0.1349407285451889,0.9825412034988403,0.6514194011688232
YGR028W,YKL160W,0,0.11018312,0.13492274284362793,0.9825412034988403,0.6515197157859802
YLR225C,YCL026C-A,0,0.109371826,0.13490478694438934,0.9825412034988403,0.6516200304031372
YBR021W,YKR003W,0,0.10918462,0.13488681614398956,0.9825412034988403,0.6517203450202942
YDR141C,YDR267C,0,0.10885835,0.13486886024475098,0.9825412034988403,0.6518206596374512
YLR057W,YNL252C,0,0.10724789,0.1348509043455124,0.9825412034988403,0.6519209742546082
YHL022C,YHR034C,0,0.10673109,0.134832963347435,0.9825412034988403,0.6520212888717651
YPR164W,YML118W,0,0.10558862,0.1348150074481964,0.9825412034988403,0.6521216034889221
YPR158W-A,YOR141C,0,0.10543662,0.13479706645011902,0.9825412034988403,0.6522218585014343
YKR010C,YOL110W,0,0.10500157,0.13477914035320282,0.9825412034988403,0.6523221731185913
YPL162C,YDL044C,0,0.1043562,0.13476121425628662,0.9825412034988403,0.6524224877357483
YLR057W,YGR256W,0,0.10409367,0.13474328815937042,0.9825412034988403,0.6525228023529053
YMR288W,YDR540C,0,0.10334654,0.13472536206245422,0.9825412034988403,0.6526231169700623
YPR107C,YGR256W,0,0.10318509,0.13470745086669922,0.9825412034988403,0.6527234315872192
YNL024C-A,YLR369W,0,0.10266398,0.1346895396709442,0.9825412034988403,0.6528237462043762
YDL049C,YKR042W,0,0.102337,0.1346716284751892,0.9825412034988403,0.6529240608215332
YFL052W,YCR097W,0,0.10161102,0.1346537321805954,0.9825412034988403,0.6530243754386902
YOR173W,YLR071C,0,0.10151863,0.1346358358860016,0.9825412034988403,0.6531246900558472
YKR022C,YKL092C,0,0.10092771,0.13461793959140778,0.9825412034988403,0.6532250046730042
YDR034C-D,YGR206W,0,0.100250095,0.13460005819797516,0.9825412034988403,0.6533253192901611
YFL052W,YER035W,0,0.09982146,0.13458217680454254,0.9825412034988403,0.6534256339073181
YDR099W,YDL214C,0,0.099395856,0.13456429541110992,0.9825412034988403,0.6535259485244751
YMR216C,YKR025W,0,0.098804116,0.1345464140176773,0.9825412034988403,0.6536262631416321
YPL108W,YMR231W,0,0.0984292,0.13452854752540588,0.9825412034988403,0.6537265777587891
YGR240C,YGL097W,0,0.09746313,0.13451069593429565,0.9825412034988403,0.653826892375946
YOR173W,YGR038C-B,0,0.09691748,0.13449282944202423,0.9825412034988403,0.6539271473884583
YJL204C,YHR091C,0,0.095479995,0.134474977850914,0.9825412034988403,0.6540274620056152
YDR314C,YGR096W,0,0.09523666,0.13445712625980377,0.9825412034988403,0.6541277766227722
YBR179C,YCR070W,0,0.094984114,0.13443928956985474,0.9825412034988403,0.6542280912399292
YJL210W,YHR166C,0,0.09491916,0.1344214379787445,0.9825412034988403,0.6543284058570862
YGL240W,YLR378C,1,0.09485358,0.1345362812280655,0.9835111498832703,0.6543284058570862
YMR079W,YNL113W,0,0.09466697,0.13451844453811646,0.9835111498832703,0.6544287204742432
YER124C,YOR005C,0,0.09377843,0.13450059294700623,0.9835111498832703,0.6545290350914001
YHR063C,YDR237W,0,0.092956126,0.1344827562570572,0.9835111498832703,0.6546293497085571
YLL052C,YCR003W,0,0.09271282,0.13446491956710815,0.9835111498832703,0.6547296643257141
YNL069C,YMR116C,0,0.091099344,0.1344470977783203,0.9835111498832703,0.6548299789428711
YCL011C,YML111W,0,0.0904164,0.13442927598953247,0.9835111498832703,0.6549302935600281
YNL021W,YIL067C,0,0.09007393,0.13441145420074463,0.9835111498832703,0.6550306081771851
YGL047W,YCR089W,0,0.08894843,0.1343936324119568,0.9835111498832703,0.655130922794342
YHR042W,YFR055W,0,0.08889809,0.13437582552433014,0.9835111498832703,0.655231237411499
YOR214C,YOR153W,0,0.087807454,0.1343580186367035,0.9835111498832703,0.655331552028656
YKL127W,YML058W,0,0.086161315,0.13434022665023804,0.9835111498832703,0.655431866645813
YIL041W,YHL018W,0,0.08592293,0.1343224197626114,0.9835111498832703,0.6555321216583252
YGR133W,YDR119W,0,0.085832894,0.13430464267730713,0.9835111498832703,0.6556324362754822
YLR138W,YCR023C,0,0.08514209,0.13428685069084167,0.9835111498832703,0.6557327508926392
YDR162C,YLR089C,0,0.084503055,0.13426907360553741,0.9835111498832703,0.6558330655097961
YOR284W,YNL265C,0,0.08432655,0.13425129652023315,0.9835111498832703,0.6559333801269531
YNL106C,YPR066W,0,0.08382483,0.1342335194349289,0.9835111498832703,0.6560336947441101
YDL004W,YKR087C,0,0.08345747,0.13421575725078583,0.9835111498832703,0.6561340093612671
YCR033W,YJR144W,0,0.08323592,0.13419799506664276,0.9835111498832703,0.6562343239784241
YBL046W,YMR083W,0,0.083205655,0.1341802328824997,0.9835111498832703,0.656334638595581
YDR261C-C,YER001W,0,0.083139524,0.13416247069835663,0.9835111498832703,0.656434953212738
YBL045C,YAR071W,0,0.082591295,0.13414472341537476,0.9835111498832703,0.656535267829895
YMR323W,YBR239C,0,0.082356155,0.13412699103355408,0.9835111498832703,0.656635582447052
YMR323W,YMR060C,0,0.08225578,0.1341092437505722,0.9835111498832703,0.656735897064209
YJL018W,YNL058C,0,0.0821818,0.13409151136875153,0.9835111498832703,0.656836211681366
YDR085C,YGR163W,0,0.08184819,0.13407377898693085,0.9835111498832703,0.656936526298523
YGR038C-A,YJR056C,0,0.08181991,0.13405606150627136,0.9835111498832703,0.6570368409156799
YDR540C,YKR042W,0,0.08141631,0.13403832912445068,0.9835111498832703,0.6571370959281921
YIL066C,YPL162C,0,0.08118832,0.1340206116437912,0.9835111498832703,0.6572374105453491
YBR135W,YLR399C,0,0.081124365,0.1340029090642929,0.9835111498832703,0.6573377251625061
YFR052W,YJR141W,1,0.08035986,0.13411733508110046,0.9844810962677002,0.6573377251625061
YGR038W,YKL018W,0,0.07873678,0.13409961760044098,0.9844810962677002,0.6574380397796631
YLR225C,YKL160W,0,0.07729547,0.1340819001197815,0.9844810962677002,0.6575383543968201
YLR157C-A,YGL065C,0,0.07695727,0.1340641975402832,0.9844810962677002,0.657638669013977
YML064C,YCR079W,0,0.07631571,0.13404648005962372,0.9844810962677002,0.657738983631134
YGR038C-B,YJL020C,0,0.076164946,0.13402879238128662,0.9844810962677002,0.657839298248291
YIL131C,YGL245W,0,0.076062955,0.13401108980178833,0.9844810962677002,0.657939612865448
YDR506C,YBL100W-A,0,0.07597931,0.13399340212345123,0.9844810962677002,0.658039927482605
YFL009W,YBL067C,1,0.07587324,0.13410770893096924,0.9854510426521301,0.658039927482605
YJL018W,YBL036C,0,0.07465487,0.13409000635147095,0.9854510426521301,0.658140242099762
YNL082W,YPL124W,0,0.07440513,0.13407231867313385,0.9854510426521301,0.658240556716919
YJL018W,YBR139W,0,0.073864505,0.13405463099479675,0.9854510426521301,0.6583408713340759
YIL157C,YOR295W,0,0.07354072,0.13403694331645966,0.9854510426521301,0.6584411859512329
YLR369W,YNL113W,0,0.07113302,0.13401925563812256,0.9854510426521301,0.6585415005683899
YLR013W,YPL066W,0,0.07035306,0.13400158286094666,0.9854510426521301,0.6586418151855469
YOR255W,YNL272C,0,0.06997317,0.13398391008377075,0.9854510426521301,0.6587421298027039
YMR106C,YLR399C,0,0.06922078,0.13396623730659485,0.9854510426521301,0.6588423848152161
YPL060C-A,YLR229C,0,0.06897761,0.13394857943058014,0.9854510426521301,0.658942699432373
YGL224C,YGL013C,0,0.06855267,0.13393092155456543,0.9854510426521301,0.65904301404953
YDR142C,YDR489W,0,0.068408266,0.13391327857971191,0.9854510426521301,0.659143328666687
YJL203W,YIL168W,0,0.06771086,0.1338956207036972,0.9854510426521301,0.659243643283844
YPR164W,YJR017C,0,0.06712322,0.1338779777288437,0.9854510426521301,0.659343957901001
YJL028W,YLR233C,0,0.06656042,0.13386034965515137,0.9854510426521301,0.659444272518158
YNL152W,YNL058C,0,0.06653868,0.13384270668029785,0.9854510426521301,0.6595445871353149
YKL160W,YDR123C,0,0.06567943,0.13382507860660553,0.9854510426521301,0.6596449017524719
YHR079C-A,YLR157C-A,0,0.06492457,0.1338074505329132,0.9854510426521301,0.6597452163696289
YNL139C,YNL321W,0,0.06430191,0.13378983736038208,0.9854510426521301,0.6598455309867859
YJL051W,YOR284W,0,0.06415476,0.13377222418785095,0.9854510426521301,0.6599458456039429
YGL134W,YGL099W,0,0.0640999,0.13375461101531982,0.9854510426521301,0.6600461602210999
YMR014W,YHR124W,0,0.06409907,0.1337369978427887,0.9854510426521301,0.6601464748382568
YJR099W,YCR028C-A,0,0.06246136,0.13371939957141876,0.9854510426521301,0.6602467894554138
YHL020C,YFL002C,0,0.061318263,0.13370180130004883,0.9854510426521301,0.6603471040725708
YDL103C,YHR188C,0,0.0604285,0.1336842179298401,0.9854510426521301,0.660447359085083
YNL021W,YBR021W,0,0.060381606,0.13366661965847015,0.9854510426521301,0.66054767370224
YNL024C-A,YGR132C,0,0.060332436,0.1336490362882614,0.9854510426521301,0.660647988319397
YGL033W,YML007W,0,0.05799088,0.13363146781921387,0.9854510426521301,0.660748302936554
YKR080W,YLR449W,0,0.05723247,0.13361388444900513,0.9854510426521301,0.6608486175537109
YLL042C,YLR117C,0,0.057156503,0.13359631597995758,0.9854510426521301,0.6609489321708679
YPL024W,YOR344C,0,0.056246758,0.13357874751091003,0.9854510426521301,0.6610492467880249
YDR524C-B,YKL018W,0,0.055597097,0.13356119394302368,0.9854510426521301,0.6611495614051819
YHR003C,YER073W,0,0.054627404,0.13354364037513733,0.9854510426521301,0.6612498760223389
YDL178W,YKL221W,0,0.05438739,0.13352608680725098,0.9854510426521301,0.6613501906394958
YOL016C,YPL057C,0,0.05412829,0.13350854814052582,0.9854510426521301,0.6614505052566528
YHL033C,YOR088W,0,0.053831816,0.13349099457263947,0.9854510426521301,0.6615508198738098
YNL148C,YLR119W,0,0.052539468,0.1334734559059143,0.9854510426521301,0.6616511344909668
YDL159W,YOR210W,0,0.05204636,0.13345593214035034,0.9854510426521301,0.6617514491081238
YPR029C,YDR198C,0,0.051589668,0.13343840837478638,0.9854510426521301,0.6618517637252808
YNL090W,YOR371C,0,0.051093042,0.1334208846092224,0.9854510426521301,0.6619520783424377
YLR157C-B,YJL020C,0,0.050570242,0.13340336084365845,0.9854510426521301,0.66205233335495
YBL006C,YNR051C,0,0.05013445,0.13338585197925568,0.9854510426521301,0.6621526479721069
YOR344C,YER169W,0,0.04869777,0.1333683431148529,0.9854510426521301,0.6622529625892639
YBR021W,YDR267C,0,0.04867123,0.13335083425045013,0.9854510426521301,0.6623532772064209
YMR164C,YLR157C-B,0,0.04855128,0.13333334028720856,0.9854510426521301,0.6624535918235779
YGR059W,YMR162C,0,0.04730034,0.1333158314228058,0.9854510426521301,0.6625539064407349
YBL084C,YNR075W,1,0.046780825,0.13342954218387604,0.9864209294319153,0.6625539064407349
YNL003C,YBL009W,0,0.04577446,0.13341204822063446,0.9864209294319153,0.6626542210578918
YNL071W,YER141W,0,0.045674056,0.1333945393562317,0.9864209294319153,0.6627545356750488
YPL055C,YDL064W,0,0.04562682,0.1333770453929901,0.9864209294319153,0.6628548502922058
YOR229W,YOR140W,0,0.04463826,0.13335956633090973,0.9864209294319153,0.6629551649093628
YOR115C,YKL092C,0,0.043870553,0.13334207236766815,0.9864209294319153,0.6630554795265198
YEL009C,YCR043C,0,0.043355405,0.13332459330558777,0.9864209294319153,0.6631557941436768
YLR233C,YJL020C,0,0.043049634,0.13330711424350739,0.9864209294319153,0.6632561087608337
YOR030W,YPL228W,0,0.04251769,0.1332896500825882,0.9864209294319153,0.6633564233779907
YPR165W,YIL050W,0,0.041841388,0.133272185921669,0.9864209294319153,0.6634567379951477
YIL099W,YPL241C,0,0.041280538,0.13325472176074982,0.9864209294319153,0.6635570526123047
YGR240C,YKR018C,0,0.040658772,0.13323725759983063,0.9864209294319153,0.6636573672294617
YDR143C,YDR480W,0,0.040426344,0.13321980834007263,0.9864209294319153,0.6637576222419739
YJR090C,YFL018C,0,0.03978613,0.13320235908031464,0.9864209294319153,0.6638579368591309
YAL047C,YJL014W,0,0.039452255,0.13318490982055664,0.9864209294319153,0.6639582514762878
YDR020C,YGR013W,0,0.03870052,0.13316747546195984,0.9864209294319153,0.6640585660934448
YAR050W,YNL177C,0,0.038520753,0.13315004110336304,0.9864209294319153,0.6641588807106018
YDL188C,YDR079C-A,0,0.03814616,0.13313260674476624,0.9864209294319153,0.6642591953277588
YJL139C,YPL084W,0,0.038066402,0.13311518728733063,0.9864209294319153,0.6643595099449158
YMR119W,YDR221W,0,0.03793621,0.13309776782989502,0.9864209294319153,0.6644598245620728
YNL252C,YAL042W,0,0.03701967,0.1330803483724594,0.9864209294319153,0.6645601391792297
YPL072W,YLR378C,1,0.036790013,0.13319377601146698,0.9873908758163452,0.6645601391792297
YIR033W,YJR088C,0,0.035758853,0.13317634165287018,0.9873908758163452,0.6646604537963867
YHR072W,YDL178W,0,0.03575039,0.13315892219543457,0.9873908758163452,0.6647607684135437
YJR113C,YKR086W,0,0.034956157,0.13314151763916016,0.9873908758163452,0.6648610830307007
YNR039C,YPR066W,0,0.0333108,0.13312409818172455,0.9873908758163452,0.6649613976478577
YDL159W,YGR132C,0,0.033202197,0.13310669362545013,0.9873908758163452,0.6650617122650146
YLR307W,YBR102C,0,0.03267935,0.13308928906917572,0.9873908758163452,0.6651620268821716
YKL101W,YHR123W,0,0.032507777,0.1330718994140625,0.9873908758163452,0.6652623414993286
YBR088C,YPL081W,0,0.032241672,0.13305450975894928,0.9873908758163452,0.6653625965118408
YLR081W,YGR140W,0,0.03223449,0.13303712010383606,0.9873908758163452,0.6654629111289978
YFL034C-B,YNL087W,0,0.032022774,0.13301973044872284,0.9873908758163452,0.6655632257461548
YOR190W,YDR324C,0,0.031468272,0.1330023556947708,0.9873908758163452,0.6656635403633118
YDR408C,YML123C,0,0.029064655,0.1329849809408188,0.9873908758163452,0.6657638549804688
YPR158W-A,YDR206W,0,0.028989762,0.13296760618686676,0.9873908758163452,0.6658641695976257
YCR023C,YNL093W,0,0.028011013,0.13295024633407593,0.9873908758163452,0.6659644842147827
YKL071W,YKL209C,0,0.027910978,0.1329328864812851,0.9873908758163452,0.6660647988319397
YNL125C,YDL014W,0,0.027704954,0.13291552662849426,0.9873908758163452,0.6661651134490967
YGL224C,YLR355C,0,0.02759961,0.13289816677570343,0.9873908758163452,0.6662654280662537
YKL176C,YCR043C,0,0.027343452,0.1328808218240738,0.9873908758163452,0.6663657426834106
YBR021W,YKL084W,0,0.02698183,0.13286347687244415,0.9873908758163452,0.6664660573005676
YNR073C,YBR104W,0,0.025924742,0.1328461468219757,0.9873908758163452,0.6665663719177246
YER026C,YER183C,0,0.02511555,0.13282881677150726,0.9873908758163452,0.6666666865348816
YNL024C-A,YGR163W,0,0.024850406,0.13281148672103882,0.9873908758163452,0.6667670011520386
YDL005C,YDR485C,0,0.024691701,0.13279415667057037,0.9873908758163452,0.6668673157691956
YAR071W,YLR424W,0,0.024093032,0.13277684152126312,0.9873908758163452,0.6669675707817078
YGL038C,YLR319C,0,0.02373762,0.13275952637195587,0.9873908758163452,0.6670678853988647
YBR021W,YKR046C,0,0.022847235,0.13274221122264862,0.9873908758163452,0.6671682000160217
YDL155W,YPL072W,0,0.022727728,0.13272489607334137,0.9873908758163452,0.6672685146331787
YHR203C,YMR167W,0,0.02223286,0.1327075958251953,0.9873908758163452,0.6673688292503357
YHL009C,YDR210W-A,0,0.02184838,0.13269029557704926,0.9873908758163452,0.6674691438674927
YMR170C,YER170W,0,0.021337688,0.1326730102300644,0.9873908758163452,0.6675694584846497
YNL125C,YPL069C,0,0.020978272,0.13265572488307953,0.9873908758163452,0.6676697731018066
YGR257C,YIR035C,0,0.020878412,0.13263843953609467,0.9873908758163452,0.6677700877189636
YBR044C,YLL010C,0,0.020557143,0.1326211541891098,0.9873908758163452,0.6678704023361206
YGR023W,YLR421C,0,0.019864231,0.13260388374328613,0.9873908758163452,0.6679707169532776
YLR405W,YHR094C,0,0.018101633,0.13258661329746246,0.9873908758163452,0.6680710315704346
YJR067C,YOL077W-A,0,0.017592967,0.1325693428516388,0.9873908758163452,0.6681713461875916
YKR010C,YPL023C,0,0.01724425,0.13255208730697632,0.9873908758163452,0.6682716608047485
YBR210W,YDR020C,0,0.016860798,0.13253483176231384,0.9873908758163452,0.6683719754219055
YBR235W,YDL226C,0,0.01650795,0.13251757621765137,0.9873908758163452,0.6684722900390625
YDR261C-C,YPL283C,0,0.015340358,0.1325003206729889,0.9873908758163452,0.6685726046562195
YOL033W,YGL077C,0,0.014407277,0.1324830800294876,0.9873908758163452,0.6686728596687317
YNL071W,YNR075W,0,0.014107406,0.13246583938598633,0.9873908758163452,0.6687731742858887
YDL079C,YPL029W,0,0.013459802,0.13244861364364624,0.9873908758163452,0.6688734889030457
YBL102W,YHR050W,0,0.0124768615,0.13243137300014496,0.9873908758163452,0.6689738035202026
YDL042C,YDR186C,0,0.012301922,0.13241414725780487,0.9873908758163452,0.6690741181373596
YDR346C,YDR221W,0,0.012219027,0.13239693641662598,0.9873908758163452,0.6691744327545166
YKL139W,YDL165W,0,0.011982083,0.1323797106742859,0.9873908758163452,0.6692747473716736
YDR027C,YGR013W,0,0.0119090825,0.132362499833107,0.9873908758163452,0.6693750619888306
YLR157C-B,YOL027C,0,0.010742173,0.1323452889919281,0.9873908758163452,0.6694753766059875
YAR050W,YCL011C,0,0.010731518,0.1323280930519104,0.9873908758163452,0.6695756912231445
YNR073C,YLR242C,0,0.010632262,0.1323108971118927,0.9873908758163452,0.6696760058403015
YEL004W,YKR039W,0,0.009817898,0.132293701171875,0.9873908758163452,0.6697763204574585
YHR083W,YER166W,0,0.009640694,0.1322765052318573,0.9873908758163452,0.6698766350746155
YGR257C,YCL020W,0,0.008969754,0.1322593241930008,0.9873908758163452,0.6699769496917725
YLR157C-A,YJL154C,0,0.008567579,0.1322421431541443,0.9873908758163452,0.6700772643089294
YHR124W,YBR098W,0,0.008565128,0.13222496211528778,0.9873908758163452,0.6701775789260864
YFL053W,YFL003C,0,0.008505225,0.13220779597759247,0.9873908758163452,0.6702778339385986
YIL049W,YOR339C,0,0.008287713,0.13219062983989716,0.9873908758163452,0.6703781485557556
YOR256C,YKL209C,0,0.008253813,0.13217346370220184,0.9873908758163452,0.6704784631729126
YPR052C,YLL023C,0,0.008063257,0.13215629756450653,0.9873908758163452,0.6705787777900696
YPL072W,YHR176W,0,0.007053703,0.1321391463279724,0.9873908758163452,0.6706790924072266
YMR288W,YNL139C,0,0.006384045,0.1321219950914383,0.9873908758163452,0.6707794070243835
YMR164C,YPL030W,0,0.006239772,0.13210485875606537,0.9873908758163452,0.6708797216415405
YGR231C,YGR027W-A,0,0.005924913,0.13208770751953125,0.9873908758163452,0.6709800362586975
YKL084W,YFL002C,0,0.0057931542,0.13207057118415833,0.9873908758163452,0.6710803508758545
YGR280C,YJL100W,0,0.0056693554,0.1320534497499466,0.9873908758163452,0.6711806654930115
YBR229C,YOR198C,0,0.005631864,0.13203631341457367,0.9873908758163452,0.6712809801101685
YGR148C,YOL006C,0,0.005437374,0.13201919198036194,0.9873908758163452,0.6713812947273254
YEL034W,YGL160W,0,0.0052036643,0.1320020705461502,0.9873908758163452,0.6714816093444824
YIL162W,YHR072W-A,0,0.0019007996,0.13198496401309967,0.9873908758163452,0.6715819239616394
YER026C,YKL092C,0,0.0015536547,0.13196785748004913,0.9873908758163452,0.6716822385787964
YMR154C,YDR264C,0,-0.00027284026,0.1319507509469986,0.9873908758163452,0.6717825531959534
YER039C,YBR068C,0,-0.00091133267,0.13193364441394806,0.9873908758163452,0.6718828082084656
YCR033W,YDR186C,0,-0.0012106597,0.13191655278205872,0.9873908758163452,0.6719831228256226
YCR102C,YGR038C-A,0,-0.0014920272,0.13189946115016937,0.9873908758163452,0.6720834374427795
YHR065C,YGR027W-A,0,-0.0021839105,0.13188236951828003,0.9873908758163452,0.6721837520599365
YKL163W,YEL042W,0,-0.0026654005,0.13186527788639069,0.9873908758163452,0.6722840666770935
YBL008W-A,YDR180W,0,-0.0030345619,0.13184820115566254,0.9873908758163452,0.6723843812942505
YJL028W,YLR157C-B,0,-0.0031573325,0.1318311244249344,0.9873908758163452,0.6724846959114075
YIR033W,YFR004W,0,-0.003910452,0.13181406259536743,0.9873908758163452,0.6725850105285645
YAR003W,YPL255W,0,-0.0051223487,0.13179700076580048,0.9873908758163452,0.6726853251457214
YML038C,YBL105C,0,-0.0057570934,0.13177993893623352,0.9873908758163452,0.6727856397628784
YNL154C,YLR035C,0,-0.0058881044,0.13176287710666656,0.9873908758163452,0.6728859543800354
YLR157C-B,YHR043C,0,-0.0062130988,0.1317458301782608,0.9873908758163452,0.6729862689971924
YPL256C,YJR099W,0,-0.007256508,0.13172878324985504,0.9873908758163452,0.6730865836143494
YOR128C,YOL034W,0,-0.007451296,0.13171173632144928,0.9873908758163452,0.6731868982315063
YMR104C,YER065C,0,-0.0076277703,0.13169468939304352,0.9873908758163452,0.6732872128486633
YDL025C,YLR013W,0,-0.008003965,0.13167765736579895,0.9873908758163452,0.6733875274658203
YDR073W,YNL275W,0,-0.008450791,0.13166062533855438,0.9873908758163452,0.6734877824783325
YNL275W,YHR128W,0,-0.00850454,0.131643608212471,0.9873908758163452,0.6735880970954895
YGR148C,YEL026W,0,-0.008702189,0.13162659108638763,0.9873908758163452,0.6736884117126465
YBL006C,YDL212W,0,-0.008933961,0.13160957396030426,0.9873908758163452,0.6737887263298035
YER144C,YFL002C,0,-0.009042025,0.1315925568342209,0.9873908758163452,0.6738890409469604
YPL032C,YDL122W,0,-0.009306587,0.1315755397081375,0.9873908758163452,0.6739893555641174
YGR108W,YHR091C,0,-0.009506583,0.13155853748321533,0.9873908758163452,0.6740896701812744
YBL102W,YOR210W,0,-0.010493547,0.13154155015945435,0.9873908758163452,0.6741899847984314
YPL256C,YGR247W,0,-0.010790825,0.13152454793453217,0.9873908758163452,0.6742902994155884
YPL283C,YIR028W,0,-0.011445463,0.13150756061077118,0.9873908758163452,0.6743906140327454
YOR229W,YJL014W,0,-0.012049019,0.1314905732870102,0.9873908758163452,0.6744909286499023
YKL027W,YEL055C,0,-0.012566984,0.1314735859632492,0.9873908758163452,0.6745912432670593
YBR216C,YGR161C-C,0,-0.012604818,0.13145661354064941,0.9873908758163452,0.6746915578842163
YHR178W,YHL020C,0,-0.013695955,0.13143964111804962,0.9873908758163452,0.6747918725013733
YIL085C,YDR210W-A,0,-0.014226869,0.13142266869544983,0.9873908758163452,0.6748921871185303
YHL020C,YKR024C,0,-0.015020743,0.13140571117401123,0.9873908758163452,0.6749925017356873
YIR035C,YKL084W,0,-0.015109114,0.13138873875141144,0.9873908758163452,0.6750928163528442
YDL178W,YHR065C,0,-0.015643954,0.13137179613113403,0.9873908758163452,0.6751930713653564
YLR274W,YGR087C,0,-0.015848294,0.13135483860969543,0.9873908758163452,0.6752933859825134
YGR278W,YMR216C,0,-0.016898453,0.13133789598941803,0.9873908758163452,0.6753937005996704
YNL024C-A,YHR191C,0,-0.017854597,0.13132095336914062,0.9873908758163452,0.6754940152168274
YPL217C,YDR221W,0,-0.01801078,0.13130401074886322,0.9873908758163452,0.6755943298339844
YMR288W,YGL175C,0,-0.018547073,0.131287083029747,0.9873908758163452,0.6756946444511414
YOL115W,YPR065W,0,-0.019301295,0.1312701553106308,0.9873908758163452,0.6757949590682983
YLR369W,YMR244C-A,0,-0.01942791,0.1312532275915146,0.9873908758163452,0.6758952736854553
YNR012W,YER122C,0,-0.019591302,0.13123629987239838,0.9873908758163452,0.6759955883026123
YHL018W,YML019W,0,-0.020411685,0.13121938705444336,0.9873908758163452,0.6760959029197693
YOR190W,YBR152W,0,-0.021857768,0.13120247423648834,0.9873908758163452,0.6761962175369263
YLL005C,YLR368W,0,-0.022909872,0.13118556141853333,0.9873908758163452,0.6762965321540833
YPL032C,YIR013C,0,-0.02471596,0.1311686635017395,0.9873908758163452,0.6763968467712402
YNL072W,YPL060C-A,0,-0.025222465,0.13115176558494568,0.9873908758163452,0.6764971613883972
YGL017W,YDL226C,0,-0.025350481,0.13113486766815186,0.9873908758163452,0.6765974760055542
YIL085C,YJR056C,0,-0.025854766,0.13111798465251923,0.9873908758163452,0.6766977906227112
YBR083W,YJR067C,0,-0.025953412,0.1311011016368866,0.9873908758163452,0.6767980456352234
YPR107C,YDL201W,0,-0.026721954,0.13108421862125397,0.9873908758163452,0.6768983602523804
YBR215W,YER075C,0,-0.027992368,0.13106733560562134,0.9873908758163452,0.6769986748695374
YOR144C,YHR141C,0,-0.028161198,0.1310504674911499,0.9873908758163452,0.6770989894866943
YPL275W,YNL097C,0,-0.028180964,0.13103359937667847,0.9873908758163452,0.6771993041038513
YDR314C,YOR141C,0,-0.029278547,0.13101673126220703,0.9873908758163452,0.6772996187210083
YBR018C,YBR083W,0,-0.029735804,0.1309998780488968,0.9873908758163452,0.6773999333381653
YHR050W,YDR331W,0,-0.029759698,0.13098300993442535,0.9873908758163452,0.6775002479553223
YDR097C,YNL014W,0,-0.03086245,0.1309661716222763,0.9873908758163452,0.6776005625724792
YOR149C,YMR216C,0,-0.031501144,0.13094931840896606,0.9873908758163452,0.6777008771896362
YDR210W-A,YNL272C,0,-0.033873975,0.13093248009681702,0.9873908758163452,0.6778011918067932
YCR067C,YER011W,0,-0.03487885,0.13091564178466797,0.9873908758163452,0.6779015064239502
YIL157C,YJL104W,0,-0.035108835,0.13089880347251892,0.9873908758163452,0.6780018210411072
YOL001W,YCR043C,0,-0.03522009,0.13088198006153107,0.9873908758163452,0.6781021356582642
YBL005W-A,YAL061W,0,-0.035233438,0.1308651566505432,0.9873908758163452,0.6782024502754211
YNL064C,YJR144W,0,-0.03590119,0.13084833323955536,0.9873908758163452,0.6783027648925781
YNR054C,YGR261C,0,-0.03712082,0.1308315098285675,0.9873908758163452,0.6784030199050903
YNL088W,YOR153W,0,-0.037315547,0.13081470131874084,0.9873908758163452,0.6785033345222473
YNL177C,YOR030W,0,-0.03751996,0.13079789280891418,0.9873908758163452,0.6786036491394043
YMR278W,YPL030W,0,-0.038030624,0.13078108429908752,0.9873908758163452,0.6787039637565613
YCL033C,YKL152C,0,-0.038222075,0.13076429069042206,0.9873908758163452,0.6788042783737183
YGR271C-A,YPR022C,0,-0.03826619,0.1307474970817566,0.9873908758163452,0.6789045929908752
YNL106C,YML010W,0,-0.039167523,0.13073070347309113,0.9873908758163452,0.6790049076080322
YNL134C,YER058W,0,-0.03921911,0.13071392476558685,0.9873908758163452,0.6791052222251892
YDR113C,YNL224C,0,-0.040127292,0.1306971311569214,0.9873908758163452,0.6792055368423462
YKR086W,YBR244W,0,-0.04052286,0.13068035244941711,0.9873908758163452,0.6793058514595032
YDR485C,YOR375C,0,-0.042312324,0.13066358864307404,0.9873908758163452,0.6794061660766602
YDL194W,YNR049C,0,-0.04304892,0.13064680993556976,0.9873908758163452,0.6795064806938171
YOL006C,YMR277W,0,-0.04308456,0.13063004612922668,0.9873908758163452,0.6796067953109741
YOR196C,YDR255C,0,-0.043221086,0.1306132972240448,0.9873908758163452,0.6797071099281311
YPL053C,YLR341W,0,-0.04348065,0.13059653341770172,0.9873908758163452,0.6798074245452881
YPL246C,YHR128W,0,-0.043507755,0.13057978451251984,0.9873908758163452,0.6799077391624451
YPL249C-A,YDL150W,0,-0.044234484,0.13056303560733795,0.9873908758163452,0.680008053779602
YLR376C,YCR003W,0,-0.04542038,0.13054628670215607,0.9873908758163452,0.6801083087921143
YPL060C-A,YOR178C,0,-0.04554525,0.13052955269813538,0.9873908758163452,0.6802086234092712
YDL214C,YOR083W,0,-0.045967534,0.13051281869411469,0.9873908758163452,0.6803089380264282
YBR039W,YOR256C,0,-0.04627067,0.130496084690094,0.9873908758163452,0.6804092526435852
YGR275W,YHL009W-A,0,-0.0463148,0.1304793655872345,0.9873908758163452,0.6805095672607422
YOR256C,YOR064C,0,-0.046560705,0.130462646484375,0.9873908758163452,0.6806098818778992
YHR187W,YPR009W,0,-0.04687904,0.1304459273815155,0.9873908758163452,0.6807101964950562
YDL188C,YHL009W-A,0,-0.04720861,0.130429208278656,0.9873908758163452,0.6808105111122131
YDR324C,YCR043C,0,-0.04805875,0.1304125040769577,0.9873908758163452,0.6809108257293701
YGR059W,YDR261C-C,0,-0.048353583,0.1303957998752594,0.9873908758163452,0.6810111403465271
YLR128W,YPL016W,0,-0.049628973,0.1303790956735611,0.9873908758163452,0.6811114549636841
YPL024W,YGR249W,0,-0.050731122,0.130362406373024,0.9873908758163452,0.6812117695808411
YDL103C,YHR128W,0,-0.05093026,0.13034571707248688,0.9873908758163452,0.681312084197998
YGL022W,YLR002C,0,-0.053637505,0.13032902777194977,0.9873908758163452,0.681412398815155
YDR349C,YNL299W,0,-0.055037856,0.13031233847141266,0.9873908758163452,0.681512713432312
YPL227C,YHR091C,0,-0.055981696,0.13029566407203674,0.9873908758163452,0.681613028049469
YBL084C,YMR060C,0,-0.056598604,0.13027898967266083,0.9873908758163452,0.6817132830619812
YEL046C,YDR538W,0,-0.058410645,0.1302623152732849,0.9873908758163452,0.6818135976791382
YJL074C,YGR249W,0,-0.058937013,0.1302456557750702,0.9873908758163452,0.6819139122962952
YJR017C,YFR055W,0,-0.060065687,0.13022898137569427,0.9873908758163452,0.6820142269134521
YKR099C-A,YLL028W,0,-0.0603339,0.13021233677864075,0.9873908758163452,0.6821145415306091
YDR365W-B,YGR132C,0,-0.060476683,0.13019567728042603,0.9873908758163452,0.6822148561477661
YNL024C-A,YOR064C,0,-0.061003394,0.1301790326833725,0.9873908758163452,0.6823151707649231
YHR183W,YGL145W,0,-0.061400414,0.13016238808631897,0.9873908758163452,0.6824154853820801
YGR161C-C,YDR017C,0,-0.06167257,0.13014574348926544,0.9873908758163452,0.6825157999992371
YHR115C,YBR083W,0,-0.061951533,0.1301291137933731,0.9873908758163452,0.682616114616394
YDR314C,YHR178W,0,-0.062047273,0.13011246919631958,0.9873908758163452,0.682716429233551
YLR081W,YLR453C,0,-0.062446162,0.13009583950042725,0.9873908758163452,0.682816743850708
YOL130W,YDR409W,0,-0.06276381,0.1300792247056961,0.9873908758163452,0.682917058467865
YOR007C,YML033W,0,-0.062765144,0.13006260991096497,0.9873908758163452,0.683017373085022
YLR369W,YLR157C-B,0,-0.06441453,0.13004599511623383,0.9873908758163452,0.683117687702179
YLL032C,YFL034C-A,0,-0.06481373,0.13002938032150269,0.9873908758163452,0.6832180023193359
YGL017W,YDR142C,0,-0.064905226,0.13001276552677155,0.9873908758163452,0.6833182573318481
YLR071C,YGL207W,0,-0.06550181,0.1299961656332016,0.9873908758163452,0.6834185719490051
YDR051C,YMR060C,0,-0.06600076,0.12997956573963165,0.9873908758163452,0.6835188865661621
YBL045C,YCL027C-A,0,-0.06678909,0.1299629807472229,0.9873908758163452,0.6836192011833191
YJL047C,YKR024C,0,-0.067730784,0.12994638085365295,0.9873908758163452,0.6837195158004761
YBR068C,YBR201W,0,-0.06803587,0.1299297958612442,0.9873908758163452,0.6838198304176331
YPL227C,YPL012W,0,-0.06812075,0.12991322576999664,0.9873908758163452,0.68392014503479
YAL001C,YKL012W,0,-0.06835054,0.1298966407775879,0.9873908758163452,0.684020459651947
YJL123C,YIL122W,0,-0.06852427,0.12988007068634033,0.9873908758163452,0.684120774269104
YNL082W,YHR032W,0,-0.069088235,0.12986350059509277,0.9873908758163452,0.684221088886261
YPL012W,YLR066W,0,-0.06920421,0.1298469454050064,0.9873908758163452,0.684321403503418
YGL210W-A,YOR312C,0,-0.0698538,0.12983037531375885,0.9873908758163452,0.684421718120575
YER069W,YJR088C,0,-0.070237964,0.12981382012367249,0.9873908758163452,0.6845220327377319
YDR382W,YBL071W-A,0,-0.070721254,0.12979726493358612,0.9873908758163452,0.6846223473548889
YDR477W,YNR051C,0,-0.0711658,0.12978072464466095,0.9873908758163452,0.6847226619720459
YDL049C,YGR027W-A,0,-0.07156773,0.12976418435573578,0.9873908758163452,0.6848229765892029
YPR009W,YOL049W,0,-0.07211262,0.1297476440668106,0.9873908758163452,0.6849232912063599
YDL226C,YBL019W,0,-0.07212424,0.12973110377788544,0.9873908758163452,0.6850235462188721
YAL055W,YOR005C,0,-0.07229942,0.12971457839012146,0.9873908758163452,0.685123860836029
YDL064W,YER183C,0,-0.07282522,0.12969805300235748,0.9873908758163452,0.685224175453186
YLR070C,YNL125C,0,-0.07407153,0.1296815276145935,0.9873908758163452,0.685324490070343
YHR072W,YDR079C-A,0,-0.07420555,0.12966501712799072,0.9873908758163452,0.6854248046875
YOR255W,YNL003C,0,-0.07442963,0.12964849174022675,0.9873908758163452,0.685525119304657
YEL077C,YGR091W,0,-0.07494021,0.12963198125362396,0.9873908758163452,0.685625433921814
YJR093C,YDL201W,0,-0.07570196,0.12961548566818237,0.9873908758163452,0.685725748538971
YPL052W-A,YML132W,1,-0.077464536,0.12972629070281982,0.9883608222007751,0.685725748538971
YDL042C,YHL009W-A,0,-0.07753892,0.12970978021621704,0.9883608222007751,0.6858260631561279
YLR205C,YLL052C,0,-0.07849358,0.12969326972961426,0.9883608222007751,0.6859263777732849
YDR147W,YOR088W,0,-0.078832954,0.12967675924301147,0.9883608222007751,0.6860266923904419
YJR091C,YPR140W,0,-0.079274714,0.12966026365756989,0.9883608222007751,0.6861270070075989
YAR066W,YKL012W,0,-0.07934067,0.1296437680721283,0.9883608222007751,0.6862273216247559
YGR038C-B,YIL067C,0,-0.0793978,0.1296272724866867,0.9883608222007751,0.6863276362419128
YJL063C,YFL008W,0,-0.07968849,0.1296107918024063,0.9883608222007751,0.6864279508590698
YOL115W,YER001W,0,-0.08018631,0.12959429621696472,0.9883608222007751,0.6865282654762268
YKL112W,YNL245C,0,-0.08035761,0.12957783043384552,0.9883608222007751,0.686628520488739
YGL002W,YCR027C,0,-0.08393246,0.12956134974956512,0.9883608222007751,0.686728835105896
YJL160C,YNR075W,0,-0.08501476,0.12954488396644592,0.9883608222007751,0.686829149723053
YBR210W,YPR101W,0,-0.08538902,0.12952840328216553,0.9883608222007751,0.68692946434021
YPL132W,YNL064C,0,-0.08606976,0.12951195240020752,0.9883608222007751,0.6870297789573669
YOR141C,YNL279W,0,-0.08736254,0.12949548661708832,0.9883608222007751,0.6871300935745239
YML029W,YMR199W,0,-0.08774501,0.1294790357351303,0.9883608222007751,0.6872304081916809
YKL209C,YOR367W,0,-0.08812088,0.1294625848531723,0.9883608222007751,0.6873307228088379
YOR095C,YER075C,0,-0.08812389,0.1294461339712143,0.9883608222007751,0.6874310374259949
YLR051C,YLR229C,0,-0.08866969,0.12942969799041748,0.9883608222007751,0.6875313520431519
YML069W,YBL097W,0,-0.08869541,0.12941326200962067,0.9883608222007751,0.6876316666603088
YOR329C,YDR156W,0,-0.088891745,0.12939682602882385,0.9883608222007751,0.6877319812774658
YDR506C,YPL015C,0,-0.08921876,0.12938039004802704,0.9883608222007751,0.6878322958946228
YHL009W-A,YER172C,0,-0.089509234,0.12936396896839142,0.9883608222007751,0.6879326105117798
YDR408C,YDR339C,0,-0.089759514,0.1293475478887558,0.9883608222007751,0.6880329251289368
YBL008W-A,YKL146W,0,-0.08992478,0.12933112680912018,0.9883608222007751,0.6881332397460938
YGR108W,YDR409W,0,-0.09111869,0.12931472063064575,0.9883608222007751,0.688233494758606
YLR341W,YGL257C,0,-0.09185785,0.12929831445217133,0.9883608222007751,0.6883338093757629
YOL077W-A,YOR133W,0,-0.091945305,0.1292819082736969,0.9883608222007751,0.6884341239929199
YGR038C-A,YHR083W,0,-0.0926462,0.12926550209522247,0.9883608222007751,0.6885344386100769
YGL043W,YDR210W-A,0,-0.09510639,0.12924911081790924,0.9883608222007751,0.6886347532272339
YNL024C-A,YBR135W,0,-0.09577428,0.129232719540596,0.9883608222007751,0.6887350678443909
YJR090C,YPL066W,0,-0.09617901,0.12921632826328278,0.9883608222007751,0.6888353824615479
YER146W,YLR372W,0,-0.0963949,0.12919995188713074,0.9883608222007751,0.6889356970787048
YLR070C,YKL137W,0,-0.096678674,0.1291835755109787,0.9883608222007751,0.6890360116958618
YNL305C,YOR295W,0,-0.097622156,0.12916719913482666,0.9883608222007751,0.6891363263130188
YIL158W,YPL066W,0,-0.09879324,0.12915082275867462,0.9883608222007751,0.6892366409301758
YIL040W,YPL069C,0,-0.09885806,0.12913446128368378,0.9883608222007751,0.6893369555473328
YJL209W,YOR022C,0,-0.10012939,0.12911809980869293,0.9883608222007751,0.6894372701644897
YPL084W,YMR167W,0,-0.10054487,0.1291017383337021,0.9883608222007751,0.6895375847816467
YML069W,YAR066W,0,-0.1006874,0.12908537685871124,0.9883608222007751,0.6896378993988037
YGR278W,YLL052C,0,-0.10105395,0.1290690302848816,0.9883608222007751,0.6897382140159607
YJL010C,YDL156W,0,-0.10243109,0.12905268371105194,0.9883608222007751,0.6898385286331177
YHR187W,YCL045C,0,-0.102725886,0.1290363371372223,0.9883608222007751,0.6899387836456299
YDR182W,YKL096W,0,-0.10302332,0.12902000546455383,0.9883608222007751,0.6900390982627869
YBL006C,YKL160W,0,-0.10384822,0.12900367379188538,0.9883608222007751,0.6901394128799438
YNL256W,YMR044W,0,-0.1039004,0.12898734211921692,0.9883608222007751,0.6902397274971008
YBR133C,YCL030C,0,-0.10399036,0.12897101044654846,0.9883608222007751,0.6903400421142578
YJL138C,YPL008W,0,-0.10470757,0.1289546936750412,0.9883608222007751,0.6904403567314148
YCL038C,YPR009W,0,-0.10544789,0.12893837690353394,0.9883608222007751,0.6905406713485718
YLR406C,YBR265W,0,-0.10582483,0.12892206013202667,0.9883608222007751,0.6906409859657288
YDR194C,YNL053W,0,-0.106723316,0.1289057582616806,0.9883608222007751,0.6907413005828857
YPL283C,YGR166W,0,-0.106812954,0.12888945639133453,0.9883608222007751,0.6908416152000427
YKL184W,YDL239C,0,-0.10748422,0.12887315452098846,0.9883608222007751,0.6909419298171997
YBR103W,YPR201W,0,-0.1076674,0.1288568526506424,0.9883608222007751,0.6910422444343567
YDR186C,YOR077W,0,-0.10784478,0.12884056568145752,0.9883608222007751,0.6911425590515137
YHR121W,YLR210W,0,-0.10952878,0.12882427871227264,0.9883608222007751,0.6912428736686707
YJL063C,YGR166W,0,-0.1097097,0.12880799174308777,0.9883608222007751,0.6913431882858276
YNL256W,YGR092W,0,-0.111028075,0.1287917047739029,0.9883608222007751,0.6914435029029846
YNL222W,YHR050W,0,-0.11152431,0.1287754327058792,0.9883608222007751,0.6915437579154968
YDR322C-A,YOR205C,0,-0.11198053,0.12875916063785553,0.9883608222007751,0.6916440725326538
YKL163W,YLR157C-B,0,-0.11381498,0.12874288856983185,0.9883608222007751,0.6917443871498108
YGR121C,YNL125C,0,-0.11438614,0.12872663140296936,0.9883608222007751,0.6918447017669678
YHR063C,YDL044C,0,-0.11446953,0.12871037423610687,0.9883608222007751,0.6919450163841248
YJL145W,YJL177W,0,-0.11502254,0.12869411706924438,0.9883608222007751,0.6920453310012817
YDR147W,YBR021W,0,-0.11506608,0.1286778599023819,0.9883608222007751,0.6921456456184387
YNL316C,YIL044C,0,-0.11791771,0.1286616176366806,0.9883608222007751,0.6922459602355957
YMR291W,YAL061W,0,-0.118945,0.1286453753709793,0.9883608222007751,0.6923462748527527
YJL047C,YKR025W,0,-0.11906397,0.12862913310527802,0.9883608222007751,0.6924465894699097
YHR065C,YKR029C,0,-0.1191715,0.12861290574073792,0.9883608222007751,0.6925469040870667
YPL081W,YBL071W-A,0,-0.119457535,0.12859666347503662,0.9883608222007751,0.6926472187042236
YLR340W,YLR013W,0,-0.11956209,0.12858043611049652,0.9883608222007751,0.6927475333213806
YIL016W,YJR093C,0,-0.12013638,0.12856422364711761,0.9883608222007751,0.6928478479385376
YHR094C,YDL092W,0,-0.120155826,0.12854799628257751,0.9883608222007751,0.6929481625556946
YGL224C,YBR019C,0,-0.1211918,0.1285317838191986,0.9883608222007751,0.6930484771728516
YIL005W,YFL006W,1,-0.121618524,0.12864169478416443,0.9893307685852051,0.6930484771728516
YKL222C,YEL004W,0,-0.12165713,0.12862546741962433,0.9893307685852051,0.6931487321853638
YPL170W,YOL130W,0,-0.12253678,0.12860925495624542,0.9893307685852051,0.6932490468025208
YKL220C,YJR017C,0,-0.12301415,0.12859304249286652,0.9893307685852051,0.6933493614196777
YDR522C,YGL047W,0,-0.12338066,0.1285768300294876,0.9893307685852051,0.6934496760368347
YDR034C-D,YLR144C,0,-0.12542087,0.1285606324672699,0.9893307685852051,0.6935499906539917
YGR152C,YER169W,0,-0.12714036,0.128544420003891,0.9893307685852051,0.6936503052711487
YDR365W-B,YGL134W,0,-0.12756056,0.12852822244167328,0.9893307685852051,0.6937506198883057
YCL038C,YML075C,0,-0.12764153,0.12851202487945557,0.9893307685852051,0.6938509345054626
YDR034C-D,YBR210W,0,-0.12961581,0.12849584221839905,0.9893307685852051,0.6939512491226196
YGL250W,YDR034C-D,0,-0.13001113,0.12847965955734253,0.9893307685852051,0.6940515637397766
YPL037C,YEL042W,0,-0.13025102,0.128463476896286,0.9893307685852051,0.6941518783569336
YOR095C,YGL257C,0,-0.13050693,0.1284472942352295,0.9893307685852051,0.6942521929740906
YIL023C,YML072C,0,-0.13235918,0.12843112647533417,0.9893307685852051,0.6943525075912476
YNL139C,YPR140W,0,-0.13239674,0.12841495871543884,0.9893307685852051,0.6944528222084045
YKL101W,YKL176C,0,-0.13270283,0.12839879095554352,0.9893307685852051,0.6945531368255615
YDL207W,YLR157C-B,0,-0.13462412,0.1283826231956482,0.9893307685852051,0.6946534514427185
YKL112W,YDL042C,0,-0.13585113,0.12836647033691406,0.9893307685852051,0.6947537660598755
YOR144C,YJR014W,0,-0.13695033,0.12835031747817993,0.9893307685852051,0.6948540210723877
YKR010C,YHR112C,0,-0.13732594,0.128334179520607,0.9893307685852051,0.6949543356895447
YNL124W,YML069W,0,-0.13745011,0.12831802666187286,0.9893307685852051,0.6950546503067017
YGR048W,YLR003C,0,-0.13862133,0.12830188870429993,0.9893307685852051,0.6951549649238586
YER118C,YLL028W,0,-0.13873947,0.128285750746727,0.9893307685852051,0.6952552795410156
YDR123C,YMR167W,0,-0.13988513,0.12826961278915405,0.9893307685852051,0.6953555941581726
YDL052C,YJR002W,0,-0.1403214,0.1282534897327423,0.9893307685852051,0.6954559087753296
YJL018W,YHR094C,0,-0.14057077,0.12823736667633057,0.9893307685852051,0.6955562233924866
YHR063C,YNL316C,0,-0.14063111,0.12822124361991882,0.9893307685852051,0.6956565380096436
YDR020C,YHR121W,0,-0.14069325,0.12820513546466827,0.9893307685852051,0.6957568526268005
YOR118W,YNL106C,0,-0.14116886,0.12818901240825653,0.9893307685852051,0.6958571672439575
YKL222C,YHL009W-A,0,-0.14132875,0.12817290425300598,0.9893307685852051,0.6959574818611145
YMR268C,YKR099C-A,0,-0.14201641,0.12815681099891663,0.9893307685852051,0.6960577964782715
YIL067C,YNL326C,0,-0.1421149,0.12814070284366608,0.9893307685852051,0.6961581110954285
YLR369W,YLR205C,0,-0.14233899,0.12812460958957672,0.9893307685852051,0.6962584257125854
YIL049W,YOR344C,0,-0.14279848,0.12810851633548737,0.9893307685852051,0.6963587403297424
YFR051C,YNL087W,0,-0.14370173,0.128092423081398,0.9893307685852051,0.6964589953422546
YIL127C,YIL016W,0,-0.14415738,0.12807634472846985,0.9893307685852051,0.6965593099594116
YGR161C-C,YKR024C,0,-0.14623486,0.1280602663755417,0.9893307685852051,0.6966596245765686
YMR214W,YLL054C,0,-0.14690936,0.12804418802261353,0.9893307685852051,0.6967599391937256
YPL249C-A,YLR066W,0,-0.14726585,0.12802810966968536,0.9893307685852051,0.6968602538108826
YNR046W,YCL027C-A,0,-0.14779705,0.1280120462179184,0.9893307685852051,0.6969605684280396
YIL121W,YLR398C,0,-0.14792866,0.12799598276615143,0.9893307685852051,0.6970608830451965
YDR338C,YML075C,0,-0.1483103,0.12797991931438446,0.9893307685852051,0.6971611976623535
YKL125W,YDL058W,0,-0.14860255,0.1279638707637787,0.9893307685852051,0.6972615122795105
YDR184C,YKL120W,0,-0.14935312,0.1279478222131729,0.9893307685852051,0.6973618268966675
YML110C,YJL160C,0,-0.14943916,0.12793177366256714,0.9893307685852051,0.6974621415138245
YPL132W,YHR019C,0,-0.15023327,0.12791572511196136,0.9893307685852051,0.6975624561309814
YOR234C,YDL014W,0,-0.15030032,0.12789969146251678,0.9893307685852051,0.6976627707481384
YOL097C,YLR066W,0,-0.15091924,0.1278836578130722,0.9893307685852051,0.6977630853652954
YPR112C,YLR355C,0,-0.15191314,0.12786762416362762,0.9893307685852051,0.6978633999824524
YHR188C,YHL009W-A,0,-0.15232047,0.12785159051418304,0.9893307685852051,0.6979637145996094
YPL227C,YPR164W,0,-0.15239757,0.12783557176589966,0.9893307685852051,0.6980639696121216
YKL046C,YOL137W,0,-0.15244865,0.12781955301761627,0.9893307685852051,0.6981642842292786
YER183C,YHR026W,0,-0.15413691,0.12780353426933289,0.9893307685852051,0.6982645988464355
YPL009C,YPL249C-A,0,-0.15439415,0.1277875155210495,0.9893307685852051,0.6983649134635925
YLR069C,YKL092C,0,-0.15542182,0.1277715116739273,0.9893307685852051,0.6984652280807495
YNL088W,YOR088W,0,-0.15592769,0.12775550782680511,0.9893307685852051,0.6985655426979065
YBL036C,YBL100W-A,0,-0.15593871,0.12773951888084412,0.9893307685852051,0.6986658573150635
YDR027C,YNL116W,0,-0.15659763,0.12772351503372192,0.9893307685852051,0.6987661719322205
YOR321W,YPL266W,0,-0.15727717,0.12770752608776093,0.9893307685852051,0.6988664865493774
YGR278W,YOR255W,0,-0.15789619,0.12769153714179993,0.9893307685852051,0.6989668011665344
YML001W,YML111W,0,-0.15808481,0.12767554819583893,0.9893307685852051,0.6990671157836914
YPL072W,YJL104W,0,-0.16034949,0.12765957415103912,0.9893307685852051,0.6991674304008484
YFL052W,YFL003C,0,-0.16101313,0.12764360010623932,0.9893307685852051,0.6992677450180054
YNR073C,YHR152W,0,-0.16151083,0.12762762606143951,0.9893307685852051,0.6993680596351624
YPR066W,YBR014C,0,-0.16268447,0.1276116669178009,0.9893307685852051,0.6994683742523193
YHL022C,YIL122W,0,-0.16352224,0.1275956928730011,0.9893307685852051,0.6995686888694763
YDR202C,YNL035C,0,-0.16388072,0.1275797337293625,0.9893307685852051,0.6996690034866333
YNL315C,YCR024C-A,0,-0.16497946,0.12756377458572388,0.9893307685852051,0.6997692584991455
YNL069C,YPL266W,0,-0.16505247,0.12754783034324646,0.9893307685852051,0.6998695731163025
YOL008W,YPL217C,0,-0.16555084,0.12753188610076904,0.9893307685852051,0.6999698877334595
YKL125W,YIR008C,0,-0.16557895,0.12751594185829163,0.9893307685852051,0.7000702023506165
YMR104C,YGR215W,0,-0.16583332,0.1274999976158142,0.9893307685852051,0.7001705169677734
YCL062W,YNL148C,0,-0.16586864,0.12748406827449799,0.9893307685852051,0.7002708315849304
YDR143C,YBR057C,0,-0.16633701,0.12746813893318176,0.9893307685852051,0.7003711462020874
YFL062W,YCL027C-A,0,-0.1666725,0.12745220959186554,0.9893307685852051,0.7004714608192444
YLR398C,YMR044W,0,-0.1672141,0.12743628025054932,0.9893307685852051,0.7005717754364014
YPR158W-A,YKR086W,0,-0.16881213,0.1274203658103943,0.9893307685852051,0.7006720900535583
YDL010W,YPL008W,0,-0.16986674,0.12740445137023926,0.9893307685852051,0.7007724046707153
YBL009W,YGR065C,0,-0.17131591,0.12738853693008423,0.9893307685852051,0.7008727192878723
YDR522C,YBR083W,0,-0.17144293,0.1273726224899292,0.9893307685852051,0.7009730339050293
YDR322C-A,YPR079W,0,-0.17163238,0.12735672295093536,0.9893307685852051,0.7010733485221863
YLR013W,YOL001W,0,-0.1726218,0.12734082341194153,0.9893307685852051,0.7011736631393433
YGR038C-A,YDL153C,0,-0.17320779,0.1273249238729477,0.9893307685852051,0.7012739777565002
YEL042W,YML010W,0,-0.17364371,0.12730903923511505,0.9893307685852051,0.7013742327690125
YER048C,YOR028C,0,-0.17429149,0.1272931545972824,0.9893307685852051,0.7014745473861694
YDR349C,YCL027C-A,0,-0.17463782,0.12727726995944977,0.9893307685852051,0.7015748620033264
YDR017C,YDR484W,0,-0.17466938,0.12726138532161713,0.9893307685852051,0.7016751766204834
YDR324C,YEL003W,0,-0.17504323,0.12724551558494568,0.9893307685852051,0.7017754912376404
YAR050W,YCL038C,0,-0.17515664,0.12722963094711304,0.9893307685852051,0.7018758058547974
YDL155W,YNL272C,0,-0.17637293,0.12721377611160278,0.9893307685852051,0.7019761204719543
YPR082C,YHR178W,0,-0.17639041,0.12719790637493134,0.9893307685852051,0.7020764350891113
YLR262C,YOL094C,0,-0.17667079,0.12718205153942108,0.9893307685852051,0.7021767497062683
YPL230W,YPR004C,0,-0.17813161,0.12716618180274963,0.9893307685852051,0.7022770643234253
YOL077W-A,YBL019W,0,-0.1785872,0.12715034186840057,0.9893307685852051,0.7023773789405823
YDR155C,YPL066W,0,-0.17866394,0.12713448703289032,0.9893307685852051,0.7024776935577393
YPL029W,YCL027C-A,0,-0.17885917,0.12711864709854126,0.9893307685852051,0.7025780081748962
YPR058W,YBR167C,0,-0.18015338,0.1271028071641922,0.9893307685852051,0.7026783227920532
YGL020C,YMR309C,0,-0.18019944,0.12708696722984314,0.9893307685852051,0.7027786374092102
YNL186W,YBL008W-A,0,-0.18098925,0.12707114219665527,0.9893307685852051,0.7028789520263672
YBR239C,YGL077C,0,-0.1811508,0.1270553022623062,0.9893307685852051,0.7029792070388794
YLR275W,YBR167C,0,-0.18163815,0.12703947722911835,0.9893307685852051,0.7030795216560364
YLR157C-A,YDR541C,0,-0.18164814,0.12702366709709167,0.9893307685852051,0.7031798362731934
YDR210W-A,YKL148C,0,-0.1830421,0.1270078420639038,0.9893307685852051,0.7032801508903503
YBL006C,YER075C,0,-0.18363768,0.12699203193187714,0.9893307685852051,0.7033804655075073
YBL005W-A,YER018C,0,-0.18442284,0.12697622179985046,0.9893307685852051,0.7034807801246643
YNL264C,YGR033C,0,-0.18473838,0.1269604116678238,0.9893307685852051,0.7035810947418213
YLL032C,YDL156W,0,-0.18515778,0.1269446164369583,0.9893307685852051,0.7036814093589783
YBL045C,YDR210W-A,0,-0.18524013,0.12692882120609283,0.9893307685852051,0.7037817239761353
YOL119C,YDR079C-A,0,-0.1863536,0.12691302597522736,0.9893307685852051,0.7038820385932922
YOL077W-A,YOR153W,0,-0.18645796,0.12689723074436188,0.9893307685852051,0.7039823532104492
YLR308W,YLR449W,0,-0.18684977,0.1268814504146576,0.9893307685852051,0.7040826678276062
YDR261C-C,YML062C,0,-0.18755616,0.1268656700849533,0.9893307685852051,0.7041829824447632
YML110C,YML025C,0,-0.18765777,0.12684988975524902,0.9893307685852051,0.7042832970619202
YLL005C,YDR488C,0,-0.18773955,0.12683412432670593,0.9893307685852051,0.7043836116790771
YDL064W,YER075C,0,-0.1880376,0.12681834399700165,0.9893307685852051,0.7044839262962341
YBL008W-A,YGR028W,0,-0.18808551,0.12680257856845856,0.9893307685852051,0.7045841813087463
YPL009C,YGL029W,0,-0.188287,0.12678682804107666,0.9893307685852051,0.7046844959259033
YEL077C,YBR154C,0,-0.1886636,0.12677106261253357,0.9893307685852051,0.7047848105430603
YFR028C,YNR075W,0,-0.18882996,0.12675531208515167,0.9893307685852051,0.7048851251602173
YHR152W,YOL044W,0,-0.18921162,0.12673956155776978,0.9893307685852051,0.7049854397773743
YNR073C,YGR041W,0,-0.18940893,0.12672381103038788,0.9893307685852051,0.7050857543945312
YLR398C,YHR128W,0,-0.1895659,0.12670807540416718,0.9893307685852051,0.7051860690116882
YDL066W,YLR089C,0,-0.1895833,0.12669233977794647,0.9893307685852051,0.7052863836288452
YPR029C,YOR005C,0,-0.18961209,0.12667660415172577,0.9893307685852051,0.7053866982460022
YPR082C,YDR524C-B,0,-0.18997161,0.12666086852550507,0.9893307685852051,0.7054870128631592
YHL007C,YGR240C,0,-0.19008896,0.12664514780044556,0.9893307685852051,0.7055873274803162
YKL092C,YPR056W,0,-0.19012794,0.12662942707538605,0.9893307685852051,0.7056876420974731
YLR320W,YPL005W,0,-0.19042973,0.12661370635032654,0.9893307685852051,0.7057879567146301
YDR324C,YLL054C,0,-0.19081032,0.12659798562526703,0.9893307685852051,0.7058882713317871
YDR142C,YJL160C,0,-0.19266638,0.1265822798013687,0.9893307685852051,0.7059885859489441
YMR052W,YAR071W,0,-0.19304687,0.1265665739774704,0.9893307685852051,0.7060889005661011
YCR102C,YOR064C,0,-0.19318336,0.12655086815357208,0.9893307685852051,0.7061892151832581
YNL323W,YLL054C,0,-0.19487934,0.12653516232967377,0.9893307685852051,0.7062894701957703
YKL160W,YKL148C,0,-0.19518042,0.12651947140693665,0.9893307685852051,0.7063897848129272
YBR098W,YLR399C,0,-0.19522922,0.12650378048419952,0.9893307685852051,0.7064900994300842
YAR066W,YNR069C,0,-0.19562156,0.1264880895614624,0.9893307685852051,0.7065904140472412
YLR166C,YLL010C,0,-0.19582385,0.12647241353988647,0.9893307685852051,0.7066907286643982
YBL008W-A,YPR079W,0,-0.19609095,0.12645673751831055,0.9893307685852051,0.7067910432815552
YFL050C,YHR094C,0,-0.196378,0.12644106149673462,0.9893307685852051,0.7068913578987122
YPL132W,YJL137C,0,-0.19700101,0.1264253854751587,0.9893307685852051,0.7069916725158691
YDR524C-B,YGL077C,0,-0.197211,0.12640970945358276,0.9893307685852051,0.7070919871330261
YOR149C,YBR039W,0,-0.1977315,0.12639404833316803,0.9893307685852051,0.7071923017501831
YOL088C,YPR020W,0,-0.19790483,0.1263783872127533,0.9893307685852051,0.7072926163673401
YER146W,YDR432W,0,-0.19953135,0.12636274099349976,0.9893307685852051,0.7073929309844971
YKR045C,YPR022C,0,-0.20020756,0.12634707987308502,0.9893307685852051,0.707493245601654
YBR021W,YER122C,0,-0.20044973,0.12633143365383148,0.9893307685852051,0.707593560218811
YJL207C,YDR409W,0,-0.20091751,0.12631578743457794,0.9893307685852051,0.707693874835968
YDR104C,YPL227C,0,-0.20138067,0.1263001412153244,0.9893307685852051,0.707794189453125
YBR088C,YBL067C,0,-0.20184827,0.12628450989723206,0.9893307685852051,0.7078944444656372
YGR038C-A,YHL022C,0,-0.2023585,0.1262688785791397,0.9893307685852051,0.7079947590827942
YFR042W,YER170W,0,-0.2027717,0.12625324726104736,0.9893307685852051,0.7080950736999512
YLR376C,YDL103C,0,-0.20310344,0.1262376308441162,0.9893307685852051,0.7081953883171082
YKL091C,YGR161C-C,0,-0.2032399,0.12622199952602386,0.9893307685852051,0.7082957029342651
YJR113C,YOR088W,0,-0.20336436,0.1262063831090927,0.9893307685852051,0.7083960175514221
YKL222C,YDL014W,0,-0.20376027,0.12619076669216156,0.9893307685852051,0.7084963321685791
YBL006C,YMR199W,0,-0.20490408,0.1261751651763916,0.9893307685852051,0.7085966467857361
YOR173W,YJL207C,0,-0.20516759,0.12615954875946045,0.9893307685852051,0.7086969614028931
YGL029W,YGR231C,0,-0.20557463,0.1261439472436905,0.9893307685852051,0.70879727602005
YBL084C,YCR020W-B,0,-0.2057336,0.12612836062908173,0.9893307685852051,0.708897590637207
YNL252C,YIR008C,0,-0.20593876,0.12611275911331177,0.9893307685852051,0.708997905254364
YKL211C,YCL027C-A,0,-0.20654824,0.126097172498703,0.9893307685852051,0.709098219871521
YPL023C,YPR112C,0,-0.20687142,0.12608158588409424,0.9893307685852051,0.709198534488678
YDR446W,YHR188C,0,-0.20690863,0.12606599926948547,0.9893307685852051,0.709298849105835
YBR039W,YJR129C,0,-0.2070446,0.1260504275560379,0.9893307685852051,0.7093991637229919
YBR235W,YBL097W,0,-0.20815703,0.12603484094142914,0.9893307685852051,0.7094994187355042
YDL193W,YMR293C,0,-0.2088668,0.12601926922798157,0.9893307685852051,0.7095997333526611
YPR009W,YJL154C,0,-0.20912701,0.1260037124156952,0.9893307685852051,0.7097000479698181
YDR365W-B,YIL073C,0,-0.20943834,0.12598814070224762,0.9893307685852051,0.7098003625869751
YHR079C-A,YLR424W,0,-0.2119892,0.12597258388996124,0.9893307685852051,0.7099006772041321
YBR084C-A,YDR484W,0,-0.21249485,0.12595702707767487,0.9893307685852051,0.7100009918212891
YNL315C,YAR014C,0,-0.21389282,0.1259414702653885,0.9893307685852051,0.710101306438446
YKR086W,YOR360C,0,-0.21433134,0.1259259283542633,0.9893307685852051,0.710201621055603
YDR430C,YGL263W,1,-0.21443793,0.12603382766246796,0.9903006553649902,0.710201621055603
YNL312W,YOR171C,0,-0.21470147,0.12601827085018158,0.9903006553649902,0.71030193567276
YJR043C,YDR255C,0,-0.21492186,0.1260027140378952,0.9903006553649902,0.710402250289917
YBR018C,YGR092W,0,-0.2153463,0.12598717212677002,0.9903006553649902,0.710502564907074
YDR261C-C,YGR183C,0,-0.21537974,0.12597161531448364,0.9903006553649902,0.710602879524231
YOR171C,YNL220W,0,-0.21576056,0.12595608830451965,0.9903006553649902,0.7107031941413879
YPL275W,YHR018C,0,-0.2166082,0.12594054639339447,0.9903006553649902,0.7108035087585449
YJR002W,YML026C,0,-0.21757555,0.12592501938343048,0.9903006553649902,0.7109038233757019
YML008C,YML121W,0,-0.21831423,0.1259094774723053,0.9903006553649902,0.7110041379928589
YML126C,YBR110W,0,-0.2203278,0.1258939653635025,0.9903006553649902,0.7111044526100159
YKL188C,YPL045W,0,-0.2204705,0.1258784383535385,0.9903006553649902,0.7112047076225281
YOR033C,YLR027C,0,-0.22065498,0.12586292624473572,0.9903006553649902,0.7113050222396851
YCL045C,YGR128C,0,-0.2210769,0.12584739923477173,0.9903006553649902,0.711405336856842
YDR182W,YOR058C,0,-0.22114262,0.12583190202713013,0.9903006553649902,0.711505651473999
YKL152C,YGR249W,0,-0.2214396,0.12581638991832733,0.9903006553649902,0.711605966091156
YOR064C,YIL114C,0,-0.22147402,0.12580089271068573,0.9903006553649902,0.711706280708313
YJL123C,YHL009W-A,0,-0.22155777,0.12578539550304413,0.9903006553649902,0.71180659532547
YFR042W,YDR354W,0,-0.22163057,0.12576989829540253,0.9903006553649902,0.711906909942627
YLR070C,YBR088C,0,-0.22215867,0.12575440108776093,0.9903006553649902,0.7120072245597839
YLR216C,YCL027C-A,0,-0.2239244,0.12573891878128052,0.9903006553649902,0.7121075391769409
YGR192C,YBR127C,0,-0.22424081,0.1257234364748001,0.9903006553649902,0.7122078537940979
YML078W,YPL124W,0,-0.22491714,0.1257079541683197,0.9903006553649902,0.7123081684112549
YOR095C,YAL009W,0,-0.22499609,0.1256924718618393,0.9903006553649902,0.7124084830284119
YBL008W-A,YMR029C,0,-0.22525238,0.12567700445652008,0.9903006553649902,0.7125087976455688
YBL097W,YER094C,0,-0.22529331,0.12566153705120087,0.9903006553649902,0.7126091122627258
YBR021W,YER021W,0,-0.22593233,0.12564606964588165,0.9903006553649902,0.7127094268798828
YKR098C,YER001W,0,-0.22601664,0.12563061714172363,0.9903006553649902,0.712809681892395
YAR050W,YGR038C-A,0,-0.22604923,0.1256151646375656,0.9903006553649902,0.712909996509552
YGR161C-C,YGR183C,0,-0.22653675,0.1255997121334076,0.9903006553649902,0.713010311126709
YDR522C,YMR106C,0,-0.22680946,0.12558425962924957,0.9903006553649902,0.713110625743866
YNL024C-A,YFL055W,0,-0.22823848,0.12556880712509155,0.9903006553649902,0.713210940361023
YOL033W,YJL160C,0,-0.22901776,0.12555336952209473,0.9903006553649902,0.7133112549781799
YDR153C,YPR094W,0,-0.22907871,0.1255379319190979,0.9903006553649902,0.7134115695953369
YGR249W,YDR480W,0,-0.22941482,0.12552249431610107,0.9903006553649902,0.7135118842124939
YNL186W,YJL209W,0,-0.2301957,0.12550707161426544,0.9903006553649902,0.7136121988296509
YKL137W,YJL184W,0,-0.23163342,0.1254916489124298,0.9903006553649902,0.7137125134468079
YBL008W-A,YPR112C,0,-0.23201089,0.12547622621059418,0.9903006553649902,0.7138128280639648
YML114C,YPL192C,0,-0.23317781,0.12546080350875854,0.9903006553649902,0.7139131426811218
YML114C,YER069W,0,-0.23348743,0.1254453808069229,0.9903006553649902,0.7140134572982788
YFL018C,YNR075W,0,-0.23399372,0.12542997300624847,0.9903006553649902,0.7141137719154358
YPL164C,YFL008W,0,-0.23487511,0.12541456520557404,0.9903006553649902,0.7142140865325928
YJR129C,YJL122W,0,-0.23594376,0.1253991574048996,0.9903006553649902,0.7143144011497498
YCR066W,YPR124W,0,-0.23597723,0.12538376450538635,0.9903006553649902,0.714414656162262
YML066C,YPR004C,0,-0.2360603,0.1253683716058731,0.9903006553649902,0.714514970779419
YMR068W,YDR352W,0,-0.23610234,0.12535297870635986,0.9903006553649902,0.7146152853965759
YOL089C,YNL116W,0,-0.23717836,0.12533758580684662,0.9903006553649902,0.7147156000137329
YIL085C,YFL034C-B,0,-0.23843583,0.12532220780849457,0.9903006553649902,0.7148159146308899
YLR242C,YMR202W,0,-0.23933557,0.12530682981014252,0.9903006553649902,0.7149162292480469
YDR349C,YKL084W,0,-0.23934868,0.12529145181179047,0.9903006553649902,0.7150165438652039
YKL101W,YPL275W,0,-0.23958717,0.12527607381343842,0.9903006553649902,0.7151168584823608
YGL043W,YLL032C,0,-0.24055806,0.12526071071624756,0.9903006553649902,0.7152171730995178
YCL062W,YER073W,0,-0.2414459,0.1252453327178955,0.9903006553649902,0.7153174877166748
YGR284C,YOR058C,0,-0.2419529,0.12522996962070465,0.9903006553649902,0.7154178023338318
YJL018W,YOR077W,0,-0.24196069,0.125214621424675,0.9903006553649902,0.7155181169509888
YAR003W,YHR042W,0,-0.24216038,0.12519925832748413,0.9903006553649902,0.7156184315681458
YCL030C,YNL256W,0,-0.2422903,0.12518391013145447,0.9903006553649902,0.7157187461853027
YPL246C,YIL162W,0,-0.24242884,0.1251685619354248,0.9903006553649902,0.7158190608024597
YDR540C,YMR244C-A,0,-0.24343944,0.12515322864055634,0.9903006553649902,0.7159193754196167
YDL014W,YHR045W,0,-0.2434772,0.12513788044452667,0.9903006553649902,0.7160196900367737
YPR158W-A,YKL055C,0,-0.24373975,0.1251225471496582,0.9903006553649902,0.7161199450492859
YLR128W,YCR020W-B,0,-0.2451064,0.12510721385478973,0.9903006553649902,0.7162202596664429
YDR365W-B,YEL060C,0,-0.2456463,0.12509189546108246,0.9903006553649902,0.7163205742835999
YML130C,YJR095W,0,-0.24650109,0.125076562166214,0.9903006553649902,0.7164208889007568
YPL060C-A,YKR039W,0,-0.24696039,0.1250612437725067,0.9903006553649902,0.7165212035179138
YDR034C-D,YOR231W,0,-0.24708426,0.12504592537879944,0.9903006553649902,0.7166215181350708
YMR106C,YDR123C,0,-0.24733579,0.12503062188625336,0.9903006553649902,0.7167218327522278
YFR046C,YKR024C,0,-0.24752164,0.12501530349254608,0.9903006553649902,0.7168221473693848
YBR018C,YOR130C,0,-0.24853137,0.125,0.9903006553649902,0.7169224619865417
YMR104C,YKL184W,0,-0.24916089,0.12498469650745392,0.9903006553649902,0.7170227766036987
YHR107C,YCL010C,0,-0.2499935,0.12496940046548843,0.9903006553649902,0.7171230912208557
YGR161C-C,YHL020C,0,-0.25041187,0.12495410442352295,0.9903006553649902,0.7172234058380127
YJL074C,YDR079C-A,0,-0.2511061,0.12493881583213806,0.9903006553649902,0.7173237204551697
YBR234C,YKL148C,0,-0.25137693,0.12492352724075317,0.9903006553649902,0.7174240350723267
YOR056C,YMR154C,0,-0.25235495,0.12490824609994888,0.9903006553649902,0.7175243496894836
YBR200W,YBR068C,0,-0.25245517,0.12489296495914459,0.9903006553649902,0.7176246643066406
YDR221W,YMR323W,0,-0.25526732,0.1248776912689209,0.9903006553649902,0.7177249193191528
YIL085C,YCR028C-A,0,-0.25536123,0.1248624175786972,0.9903006553649902,0.7178252339363098
YER011W,YGR091W,0,-0.25584954,0.12484715133905411,0.9903006553649902,0.7179255485534668
YMR044W,YNR039C,0,-0.25637388,0.12483188509941101,0.9903006553649902,0.7180258631706238
YNL024C-A,YDL194W,0,-0.25657845,0.12481662631034851,0.9903006553649902,0.7181261777877808
YMR119W,YLR081W,0,-0.25696787,0.12480136752128601,0.9903006553649902,0.7182264924049377
YGL086W,YML014W,0,-0.2575722,0.12478611618280411,0.9903006553649902,0.7183268070220947
YAR066W,YDL092W,0,-0.25850692,0.1247708648443222,0.9903006553649902,0.7184271216392517
YNL090W,YIL110W,0,-0.26010907,0.1247556209564209,0.9903006553649902,0.7185274362564087
YDR141C,YPR022C,0,-0.26079452,0.12474037706851959,0.9903006553649902,0.7186277508735657
YGL043W,YCR071C,0,-0.260899,0.12472514063119888,0.9903006553649902,0.7187280654907227
YML038C,YKR022C,0,-0.261019,0.12470990419387817,0.9903006553649902,0.7188283801078796
YJL018W,YBR244W,0,-0.2613265,0.12469467520713806,0.9903006553649902,0.7189286947250366
YML123C,YOR197W,0,-0.26163724,0.12467944622039795,0.9903006553649902,0.7190290093421936
YDL181W,YPR065W,0,-0.26176107,0.12466422468423843,0.9903006553649902,0.7191293239593506
YDR237W,YHR083W,0,-0.2619842,0.12464900314807892,0.9903006553649902,0.7192296385765076
YBL066C,YGL133W,0,-0.2623376,0.1246337890625,0.9903006553649902,0.7193298935890198
YOR128C,YKR099C-A,0,-0.2624683,0.12461857497692108,0.9903006553649902,0.7194302082061768
YPL268W,YGR161C-C,0,-0.26273784,0.12460336834192276,0.9903006553649902,0.7195305228233337
YDR034C-D,YJR086W,0,-0.26274502,0.12458816170692444,0.9903006553649902,0.7196308374404907
YDR034C-D,YGL184C,0,-0.2634344,0.12457296252250671,0.9903006553649902,0.7197311520576477
YKL086W,YOL034W,0,-0.26347265,0.12455776333808899,0.9903006553649902,0.7198314666748047
YCR034W,YDR079C-A,0,-0.26355743,0.12454257160425186,0.9903006553649902,0.7199317812919617
YOR100C,YLR399C,0,-0.26360583,0.12452737987041473,0.9903006553649902,0.7200320959091187
YNL154C,YJR077C,0,-0.2640069,0.1245121955871582,0.9903006553649902,0.7201324105262756
YJR056C,YIL103W,0,-0.2648762,0.12449701130390167,0.9903006553649902,0.7202327251434326
YEL063C,YGL001C,0,-0.26533258,0.12448183447122574,0.9903006553649902,0.7203330397605896
YJL209W,YDL150W,0,-0.2670904,0.1244666576385498,0.9903006553649902,0.7204333543777466
YIR021W,YIR010W,0,-0.2686293,0.12445148825645447,0.9903006553649902,0.7205336689949036
YJL184W,YCR043C,0,-0.2698595,0.12443631887435913,0.9903006553649902,0.7206339836120605
YNL197C,YPL230W,0,-0.26996112,0.12442115694284439,0.9903006553649902,0.7207342982292175
YGR038C-A,YJL111W,0,-0.27018768,0.12440599501132965,0.9903006553649902,0.7208346128463745
YPL005W,YDL122W,0,-0.2704569,0.12439084053039551,0.9903006553649902,0.7209349274635315
YLR320W,YJR091C,0,-0.27065808,0.12437568604946136,0.9903006553649902,0.7210351824760437
YDR348C,YBR201W,0,-0.2708286,0.12436053901910782,0.9903006553649902,0.7211354970932007
YGR038C-B,YIL044C,0,-0.270985,0.12434539198875427,0.9903006553649902,0.7212358117103577
YKL025C,YJL076W,0,-0.27223855,0.12433024495840073,0.9903006553649902,0.7213361263275146
YBL046W,YLR341W,0,-0.27258483,0.12431511282920837,0.9903006553649902,0.7214364409446716
YGR038C-A,YGR067C,0,-0.2726065,0.12429997324943542,0.9903006553649902,0.7215367555618286
YOR094W,YJR064W,0,-0.27270865,0.12428484112024307,0.9903006553649902,0.7216370701789856
YJL028W,YKL152C,0,-0.27272284,0.12426971644163132,0.9903006553649902,0.7217373847961426
YGL263W,YGL003C,1,-0.27277192,0.12437628954648972,0.9912706017494202,0.7217373847961426
YGR161C-C,YPL008W,0,-0.27414086,0.12436115741729736,0.9912706017494202,0.7218376994132996
YFL052W,YML033W,0,-0.2743318,0.12434602528810501,0.9912706017494202,0.7219380140304565
YKR080W,YOR210W,0,-0.2751473,0.12433090060949326,0.9912706017494202,0.7220383286476135
YMR202W,YJR105W,0,-0.27522126,0.1243157759308815,0.9912706017494202,0.7221386432647705
YDL156W,YML058W,0,-0.27529478,0.12430065870285034,0.9912706017494202,0.7222389578819275
YKL096W,YEL060C,0,-0.2754426,0.12428554147481918,0.9912706017494202,0.7223392724990845
YPL164C,YNL177C,0,-0.27575374,0.12427043169736862,0.9912706017494202,0.7224395871162415
YDL159W,YBR221C,0,-0.2761082,0.12425532191991806,0.9912706017494202,0.7225399017333984
YPL060C-A,YBR021W,0,-0.27735293,0.1242402121424675,0.9912706017494202,0.7226401567459106
YHR001W,YPL192C,0,-0.27893913,0.12422510981559753,0.9912706017494202,0.7227404713630676
YLR369W,YML046W,0,-0.27895096,0.12421001493930817,0.9912706017494202,0.7228407859802246
YAL042W,YER160C,0,-0.27948898,0.1241949200630188,0.9912706017494202,0.7229411005973816
YDL194W,YJL020C,0,-0.27956226,0.12417983263731003,0.9912706017494202,0.7230414152145386
YNL224C,YHR084W,0,-0.27992553,0.12416474521160126,0.9912706017494202,0.7231417298316956
YBL067C,YLL032C,0,-0.28020105,0.12414965778589249,0.9912706017494202,0.7232420444488525
YML123C,YDR477W,0,-0.2805636,0.12413457781076431,0.9912706017494202,0.7233423590660095
YML114C,YGR249W,0,-0.2811229,0.12411950528621674,0.9912706017494202,0.7234426736831665
YHR063C,YLR272C,0,-0.28134924,0.12410443276166916,0.9912706017494202,0.7235429883003235
YHR183W,YJL138C,0,-0.28494233,0.12408936023712158,0.9912706017494202,0.7236433029174805
YHL001W,YBR088C,0,-0.2851169,0.1240743026137352,0.9912706017494202,0.7237436175346375
YMR266W,YHL018W,0,-0.28681192,0.12405923753976822,0.9912706017494202,0.7238439321517944
YGR038C-A,YNL197C,0,-0.28687492,0.12404417991638184,0.9912706017494202,0.7239442467689514
YDR432W,YBR083W,0,-0.2869951,0.12402912974357605,0.9912706017494202,0.7240445613861084
YLR262C,YNR075W,0,-0.28706872,0.12401407957077026,0.9912706017494202,0.7241448760032654
YFR046C,YPR124W,0,-0.28738168,0.12399902939796448,0.9912706017494202,0.7242451310157776
YGL023C,YIL049W,0,-0.28830844,0.12398398667573929,0.9912706017494202,0.7243454456329346
YGR038C-B,YHR019C,0,-0.28837225,0.1239689439535141,0.9912706017494202,0.7244457602500916
YCR023C,YMR199W,0,-0.28844863,0.1239539086818695,0.9912706017494202,0.7245460748672485
YLR332W,YIR021W,0,-0.28876495,0.12393888086080551,0.9912706017494202,0.7246463894844055
YFR028C,YLL005C,0,-0.28991744,0.12392385303974152,0.9912706017494202,0.7247467041015625
YER078C,YML033W,0,-0.2910519,0.12390882521867752,0.9912706017494202,0.7248470187187195
YDR073W,YGR038C-A,0,-0.2914202,0.12389380484819412,0.9912706017494202,0.7249473333358765
YIL162W,YOR017W,0,-0.2922563,0.12387878447771072,0.9912706017494202,0.7250476479530334
YJR090C,YEL009C,0,-0.29328704,0.12386377155780792,0.9912706017494202,0.7251479625701904
YDR349C,YDR261C-C,0,-0.29384744,0.12384876608848572,0.9912706017494202,0.7252482771873474
YIL127C,YOR077W,0,-0.2942715,0.12383376061916351,0.9912706017494202,0.7253485918045044
YLR013W,YOR141C,0,-0.2945874,0.12381875514984131,0.9912706017494202,0.7254489064216614
YGR038C-B,YBR008C,0,-0.29481187,0.1238037571310997,0.9912706017494202,0.7255492210388184
YNL087W,YDR264C,0,-0.2949177,0.1237887591123581,0.9912706017494202,0.7256495356559753
YPR101W,YOR298C-A,0,-0.29533818,0.12377376854419708,0.9912706017494202,0.7257498502731323
YGR109C,YGL179C,0,-0.29652822,0.12375877797603607,0.9912706017494202,0.7258501648902893
YML024W,YDR331W,0,-0.2968148,0.12374379485845566,0.9912706017494202,0.7259504199028015
YPL211W,YDR365W-B,0,-0.29697198,0.12372881174087524,0.9912706017494202,0.7260507345199585
YLR368W,YKL139W,0,-0.29699874,0.12371383607387543,0.9912706017494202,0.7261510491371155
YLR128W,YDR079C-A,0,-0.29735565,0.12369886040687561,0.9912706017494202,0.7262513637542725
YBR258C,YNL113W,0,-0.29771185,0.12368389219045639,0.9912706017494202,0.7263516783714294
YDR034C-D,YNL220W,0,-0.29810393,0.12366892397403717,0.9912706017494202,0.7264519929885864
YPL236C,YPL060C-A,0,-0.29822862,0.12365396320819855,0.9912706017494202,0.7265523076057434
YPR101W,YMR162C,0,-0.29825118,0.12363900244235992,0.9912706017494202,0.7266526222229004
YIL031W,YBL019W,0,-0.29901007,0.1236240491271019,0.9912706017494202,0.7267529368400574
YHL018W,YNL030W,0,-0.29957104,0.12360909581184387,0.9912706017494202,0.7268532514572144
YBL008W-A,YNL088W,0,-0.30073816,0.12359414994716644,0.9912706017494202,0.7269535660743713
YCR068W,YHR001W,0,-0.3008204,0.12357920408248901,0.9912706017494202,0.7270538806915283
YLR069C,YJR144W,0,-0.3023324,0.12356425821781158,0.9912706017494202,0.7271541953086853
YBL006C,YPL024W,0,-0.30272543,0.12354931980371475,0.9912706017494202,0.7272545099258423
YDR294C,YPL283C,0,-0.30473828,0.12353438884019852,0.9912706017494202,0.7273548245429993
YOR171C,YNL265C,0,-0.3048492,0.12351945787668228,0.9912706017494202,0.7274551391601562
YPR201W,YJL093C,0,-0.30540544,0.12350453436374664,0.9912706017494202,0.7275553941726685
YHL001W,YNL254C,0,-0.3070048,0.123489610850811,0.9912706017494202,0.7276557087898254
YGR247W,YPR052C,0,-0.3071658,0.12347468733787537,0.9912706017494202,0.7277560234069824
YJR129C,YPR066W,0,-0.30784106,0.12345977127552032,0.9912706017494202,0.7278563380241394
YDR348C,YLR275W,0,-0.30805382,0.12344486266374588,0.9912706017494202,0.7279566526412964
YJR159W,YJR014W,0,-0.30900443,0.12342995405197144,0.9912706017494202,0.7280569672584534
YBR019C,YOL049W,0,-0.3091597,0.12341504544019699,0.9912706017494202,0.7281572818756104
YBR235W,YMR190C,0,-0.30962265,0.12340014427900314,0.9912706017494202,0.7282575964927673
YHR107C,YGR038C-B,0,-0.31021178,0.12338525056838989,0.9912706017494202,0.7283579111099243
YER172C,YFR055W,0,-0.31041232,0.12337034940719604,0.9912706017494202,0.7284582257270813
YHR141C,YNL124W,0,-0.3104251,0.12335546314716339,0.9912706017494202,0.7285585403442383
YFR046C,YDL079C,0,-0.31146723,0.12334057688713074,0.9912706017494202,0.7286588549613953
YDL005C,YNL053W,0,-0.31176373,0.12332569062709808,0.9912706017494202,0.7287591695785522
YKR099C-A,YLL054C,0,-0.31248063,0.12331081181764603,0.9912706017494202,0.7288594841957092
YOL049W,YOR343C-B,0,-0.31248063,0.12329593300819397,0.9912706017494202,0.7289597988128662
YDR210W-D,YHR143W-A,0,-0.31248063,0.12328106164932251,0.9912706017494202,0.7290601134300232
YBR084C-A,YOR343C-B,0,-0.31248063,0.12326619029045105,0.9912706017494202,0.7291603684425354
YGL210W-A,YOR022C,0,-0.31248063,0.12325132638216019,0.9912706017494202,0.7292606830596924
YDR210W-D,YNL336W,0,-0.31248063,0.12323646247386932,0.9912706017494202,0.7293609976768494
YJR056C,YCL027C-A,0,-0.31248063,0.12322160601615906,0.9912706017494202,0.7294613122940063
YPL060C-A,YGL210W-A,0,-0.31248063,0.12320674955844879,0.9912706017494202,0.7295616269111633
YGR132C,YOR343C-B,0,-0.31248063,0.12319190055131912,0.9912706017494202,0.7296619415283203
YDR210W-D,YOR095C,0,-0.31248063,0.12317705154418945,0.9912706017494202,0.7297622561454773
YKL152C,YOR343C-B,0,-0.31248063,0.12316220998764038,0.9912706017494202,0.7298625707626343
YCL062W,YLR157C-B,0,-0.31248063,0.12314736843109131,0.9912706017494202,0.7299628853797913
YDL159W,YOR343C-B,0,-0.31248063,0.12313252687454224,0.9912706017494202,0.7300631999969482
YDR210W-D,YDR180W,0,-0.31248063,0.12311770021915436,0.9912706017494202,0.7301635146141052
YLR272C,YOR343C-B,0,-0.31248063,0.12310286611318588,0.9912706017494202,0.7302638292312622
YKL027W,YGL210W-A,0,-0.31248063,0.123088039457798,0.9912706017494202,0.7303641438484192
YOL058W,YOR343C-B,0,-0.31248063,0.12307322025299072,0.9912706017494202,0.7304644584655762
YMR202W,YOR343C-B,0,-0.31248063,0.12305840104818344,0.9912706017494202,0.7305647730827332
YMR263W,YOR343C-B,0,-0.31248063,0.12304358184337616,0.9912706017494202,0.7306650876998901
YBL008W-A,YPR158W-A,0,-0.31248063,0.12302877008914948,0.9912706017494202,0.7307654023170471
YGR049W,YDR210W-D,0,-0.31248063,0.12301396578550339,0.9912706017494202,0.7308656573295593
YNL082W,YOR343C-B,0,-0.31248063,0.1229991540312767,0.9912706017494202,0.7309659719467163
YDR210W-D,YJR017C,0,-0.31248063,0.12298435717821121,0.9912706017494202,0.7310662865638733
YNL152W,YOR343C-B,0,-0.31248063,0.12296956032514572,0.9912706017494202,0.7311666011810303
YDR210W-D,YGL208W,0,-0.31248063,0.12295476347208023,0.9912706017494202,0.7312669157981873
YER078C,YOR343C-B,0,-0.31248063,0.12293997406959534,0.9912706017494202,0.7313672304153442
YDR210W-D,YOR336W,0,-0.31248063,0.12292518466711044,0.9912706017494202,0.7314675450325012
YDR210W-D,YOR328W,0,-0.31248063,0.12291040271520615,0.9912706017494202,0.7315678596496582
YDR210W-D,YNL082W,0,-0.31248063,0.12289562076330185,0.9912706017494202,0.7316681742668152
YJL177W,YOR343C-B,0,-0.31248063,0.12288084626197815,0.9912706017494202,0.7317684888839722
YDR210W-D,YGL160W,0,-0.31248063,0.12286607176065445,0.9912706017494202,0.7318688035011292
YOR073W,YOR343C-B,0,-0.31248063,0.12285130470991135,0.9912706017494202,0.7319691181182861
YDR210W-D,YOL017W,0,-0.31248063,0.12283653765916824,0.9912706017494202,0.7320694327354431
YIR033W,YOR336W,0,-0.31323096,0.12282177805900574,0.9912706017494202,0.7321697473526001
YHR134W,YNL224C,0,-0.31340003,0.12280701845884323,0.9912706017494202,0.7322700619697571
YBR235W,YBL066C,0,-0.313795,0.12279225885868073,0.9912706017494202,0.7323703765869141
YDL025C,YBR167C,0,-0.31481785,0.12277751415967941,0.9912706017494202,0.7324706315994263
YDR104C,YPL242C,0,-0.31489035,0.1227627620100975,0.9912706017494202,0.7325709462165833
YDR261C-C,YPL236C,0,-0.31495005,0.12274801731109619,0.9912706017494202,0.7326712608337402
YNL148C,YPR022C,0,-0.3152267,0.12273328006267548,0.9912706017494202,0.7327715754508972
YPL055C,YGR249W,0,-0.31806934,0.12271854281425476,0.9912706017494202,0.7328718900680542
YDR097C,YBR019C,0,-0.31904614,0.12270380556583405,0.9912706017494202,0.7329722046852112
YPL029W,YCR048W,0,-0.31923628,0.12268907576799393,0.9912706017494202,0.7330725193023682
YLR274W,YDR051C,0,-0.31928375,0.12267434597015381,0.9912706017494202,0.7331728339195251
YLR222C,YCR003W,0,-0.31943977,0.12265962362289429,0.9912706017494202,0.7332731485366821
YLR157C-A,YIL063C,0,-0.31989273,0.12264490872621536,0.9912706017494202,0.7333734631538391
YKL125W,YKR024C,0,-0.31994492,0.12263018637895584,0.9912706017494202,0.7334737777709961
YPL128C,YGL077C,0,-0.3200097,0.12261547893285751,0.9912706017494202,0.7335740923881531
YIL066C,YER122C,0,-0.32128656,0.12260076403617859,0.9912706017494202,0.7336744070053101
YMR079W,YPR201W,0,-0.32143456,0.12258606404066086,0.9912706017494202,0.733774721622467
YBL045C,YDL174C,0,-0.32174245,0.12257135659456253,0.9912706017494202,0.733875036239624
YMR283C,YLR013W,0,-0.32215726,0.1225566640496254,0.9912706017494202,0.733975350856781
YIR033W,YKR080W,0,-0.32225752,0.12254196405410767,0.9912706017494202,0.7340756058692932
YDR034C-D,YKL137W,0,-0.32274795,0.12252727150917053,0.9912706017494202,0.7341759204864502
YER144C,YGR198W,0,-0.32395718,0.122512586414814,0.9912706017494202,0.7342762351036072
YML123C,YML033W,0,-0.32397443,0.12249790132045746,0.9912706017494202,0.7343765497207642
YGR027W-A,YOR205C,0,-0.3260756,0.12248322367668152,0.9912706017494202,0.7344768643379211
YMR106C,YLR133W,0,-0.32656366,0.12246854603290558,0.9912706017494202,0.7345771789550781
YAL042W,YGR065C,0,-0.32662985,0.12245386838912964,0.9912706017494202,0.7346774935722351
YKL213C,YER170W,0,-0.32669002,0.1224391981959343,0.9912706017494202,0.7347778081893921
YIL016W,YKR024C,0,-0.32704422,0.12242453545331955,0.9912706017494202,0.7348781228065491
YHR094C,YER075C,0,-0.3277675,0.1224098727107048,0.9912706017494202,0.734978437423706
YCR027C,YHL022C,0,-0.32784835,0.12239520996809006,0.9912706017494202,0.735078752040863
YLR128W,YPR124W,0,-0.32808173,0.12238055467605591,0.9912706017494202,0.73517906665802
YJL028W,YLR095C,0,-0.3303784,0.12236589938402176,0.9912706017494202,0.735279381275177
YER146W,YJL002C,0,-0.33114433,0.1223512515425682,0.9912706017494202,0.735379695892334
YER183C,YDL156W,0,-0.33189186,0.12233660370111465,0.9912706017494202,0.735480010509491
YGL038C,YGL077C,0,-0.33321875,0.1223219633102417,0.9912706017494202,0.735580325126648
YLR051C,YDL174C,0,-0.3340659,0.12230732291936874,0.9912706017494202,0.7356805801391602
YBR298C,YKR092C,0,-0.33429146,0.12229268997907639,0.9912706017494202,0.7357808947563171
YIR034C,YDR143C,0,-0.3349372,0.12227805703878403,0.9912706017494202,0.7358812093734741
YHR178W,YOL077W-A,0,-0.33583814,0.12226343154907227,0.9912706017494202,0.7359815239906311
YNL222W,YNL125C,0,-0.33592683,0.1222488060593605,0.9912706017494202,0.7360818386077881
YLR369W,YDL079C,0,-0.33680132,0.12223418056964874,0.9912706017494202,0.7361821532249451
YKR098C,YLR135W,0,-0.33814365,0.12221956253051758,0.9912706017494202,0.736282467842102
YDR210W,YJL076W,0,-0.33977172,0.12220495194196701,0.9912706017494202,0.736382782459259
YDR385W,YJR067C,0,-0.3403511,0.12219034135341644,0.9912706017494202,0.736483097076416
YDR365W-B,YLR319C,0,-0.34047204,0.12217573076486588,0.9912706017494202,0.736583411693573
YBL045C,YHR045W,0,-0.34116197,0.1221611276268959,0.9912706017494202,0.73668372631073
YEL034W,YHR152W,0,-0.34122294,0.12214652448892593,0.9912706017494202,0.736784040927887
YML064C,YGL130W,0,-0.34149468,0.12213192880153656,0.9912706017494202,0.736884355545044
YNL024C-A,YHR003C,0,-0.34169364,0.12211734056472778,0.9912706017494202,0.7369846701622009
YHR112C,YLR157C-B,0,-0.3423754,0.12210274487733841,0.9912706017494202,0.7370849847793579
YGR278W,YGR206W,0,-0.34254527,0.12208816409111023,0.9912706017494202,0.7371852993965149
YLR298C,YNL312W,0,-0.3427093,0.12207357585430145,0.9912706017494202,0.7372856140136719
YCR102C,YGR166W,0,-0.34288976,0.12205900251865387,0.9912706017494202,0.7373858690261841
YDR017C,YLR453C,0,-0.34465143,0.12204442173242569,0.9912706017494202,0.7374861836433411
YJR090C,YPL128C,0,-0.3446772,0.1220298483967781,0.9912706017494202,0.737586498260498
YER146W,YOR188W,0,-0.34536532,0.12201528251171112,0.9912706017494202,0.737686812877655
YLR233C,YJR077C,0,-0.34602675,0.12200071662664413,0.9912706017494202,0.737787127494812
YLR274W,YDL064W,0,-0.34621355,0.12198615074157715,0.9912706017494202,0.737887442111969
YDR385W,YNL005C,0,-0.3476581,0.12197159230709076,0.9912706017494202,0.737987756729126
YHR050W,YPL230W,0,-0.3497928,0.12195704132318497,0.9912706017494202,0.738088071346283
YBL008W-A,YHR072W,0,-0.34981132,0.12194249033927917,0.9912706017494202,0.7381883859634399
YKR060W,YHR191C,0,-0.3504057,0.12192793935537338,0.9912706017494202,0.7382887005805969
YOL146W,YML014W,0,-0.35122,0.12191339582204819,0.9912706017494202,0.7383890151977539
YNL315C,YDL042C,0,-0.35227644,0.12189885228872299,0.9912706017494202,0.7384893298149109
YLR340W,YKR092C,0,-0.35430953,0.1218843162059784,0.9912706017494202,0.7385896444320679
YOL075C,YNL224C,0,-0.3545882,0.1218697801232338,0.9912706017494202,0.7386899590492249
YPR158W-A,YMR058W,0,-0.35474092,0.1218552514910698,0.9912706017494202,0.7387902736663818
YBR133C,YLR110C,0,-0.3553331,0.12184072285890579,0.9912706017494202,0.7388905882835388
YJL151C,YDR123C,0,-0.35561824,0.12182620167732239,0.9912706017494202,0.738990843296051
YDR261C-C,YHR045W,0,-0.35563755,0.12181168049573898,0.9912706017494202,0.739091157913208
YLR002C,YGL065C,0,-0.35576236,0.12179716676473618,0.9912706017494202,0.739191472530365
YHR216W,YIL162W,0,-0.35621142,0.12178265303373337,0.9912706017494202,0.739291787147522
YGR128C,YJR019C,0,-0.35622716,0.12176813930273056,0.9912706017494202,0.739392101764679
YDR311W,YLR057W,0,-0.35624284,0.12175363302230835,0.9912706017494202,0.7394924163818359
YBL008W-A,YOL049W,0,-0.35731906,0.12173912674188614,0.9912706017494202,0.7395927309989929
YDR034C-D,YKL167C,0,-0.3580107,0.12172462791204453,0.9912706017494202,0.7396930456161499
YMR283C,YGR065C,0,-0.3582854,0.12171013653278351,0.9912706017494202,0.7397933602333069
YPL060C-A,YIL082W-A,0,-0.36019772,0.12169564515352249,0.9912706017494202,0.7398936748504639
YKL222C,YDL104C,0,-0.3615716,0.12168115377426147,0.9912706017494202,0.7399939894676208
YLR157C-B,YLR119W,0,-0.36221007,0.12166666984558105,0.9912706017494202,0.7400943040847778
YNL252C,YDL236W,0,-0.36496526,0.12165218591690063,0.9912706017494202,0.7401946187019348
YFR046C,YHL022C,0,-0.36547074,0.12163770198822021,0.9912706017494202,0.7402949333190918
YNL014W,YNL058C,0,-0.36589134,0.12162323296070099,0.9912706017494202,0.7403952479362488
YPR151C,YDR267C,0,-0.36590087,0.12160875648260117,0.9912706017494202,0.7404955625534058
YDL010W,YOR339C,0,-0.36655325,0.12159428745508194,0.9912706017494202,0.740595817565918
YGR161C-C,YOL068C,0,-0.3673488,0.12157982587814331,0.9912706017494202,0.740696132183075
YDR194C,YKR099C-A,0,-0.36862218,0.12156536430120468,0.9912706017494202,0.7407964468002319
YCL062W,YMR170C,0,-0.3692497,0.12155090272426605,0.9912706017494202,0.7408967614173889
YGL250W,YML072C,0,-0.36931685,0.12153644859790802,0.9912706017494202,0.7409970760345459
YPR158W-A,YBR044C,0,-0.36972463,0.12152199447154999,0.9912706017494202,0.7410973906517029
YML093W,YML001W,0,-0.37106365,0.12150754779577255,0.9912706017494202,0.7411977052688599
YBL084C,YOR196C,0,-0.3713456,0.12149310857057571,0.9912706017494202,0.7412980198860168
YOR214C,YIL031W,0,-0.37239432,0.12147866189479828,0.9912706017494202,0.7413983345031738
YOL006C,YHR062C,0,-0.37261048,0.12146422266960144,0.9912706017494202,0.7414986491203308
YGR215W,YPR033C,0,-0.372684,0.1214497908949852,0.9912706017494202,0.7415989637374878
YER118C,YEL071W,0,-0.37274545,0.12143535912036896,0.9912706017494202,0.7416992783546448
YPR201W,YLR117C,0,-0.3731017,0.12142093479633331,0.9912706017494202,0.7417995929718018
YGR028W,YLR138W,0,-0.373182,0.12140651047229767,0.9912706017494202,0.7418999075889587
YLR297W,YJL118W,0,-0.37325138,0.12139208614826202,0.9912706017494202,0.7420002222061157
YML130C,YAR066W,0,-0.37400645,0.12137766927480698,0.9912706017494202,0.7421005368232727
YJR137C,YLR229C,0,-0.3747871,0.12136325985193253,0.9912706017494202,0.7422008514404297
YMR288W,YDR210W-A,0,-0.3753624,0.12134885042905807,0.9912706017494202,0.7423011064529419
YPR023C,YPR121W,0,-0.3769325,0.12133444100618362,0.9912706017494202,0.7424014210700989
YBR258C,YKR029C,0,-0.37706682,0.12132003903388977,0.9912706017494202,0.7425017356872559
YLR410W,YDL104C,0,-0.37737882,0.12130563706159592,0.9912706017494202,0.7426020503044128
YPL045W,YEL009C,0,-0.37782365,0.12129124253988266,0.9912706017494202,0.7427023649215698
YLR116W,YDR314C,0,-0.37814748,0.1212768480181694,0.9912706017494202,0.7428026795387268
YBR019C,YCR020W-B,0,-0.3787377,0.12126246094703674,0.9912706017494202,0.7429029941558838
YJL018W,YMR199W,0,-0.37914467,0.12124807387590408,0.9912706017494202,0.7430033087730408
YCR073C,YBR039W,0,-0.3793547,0.12123368680477142,0.9912706017494202,0.7431036233901978
YFL052W,YER073W,0,-0.38055822,0.12121930718421936,0.9912706017494202,0.7432039380073547
YGR278W,YIR013C,0,-0.38181776,0.1212049350142479,0.9912706017494202,0.7433042526245117
YCL045C,YBL008W-A,0,-0.38280517,0.12119056284427643,0.9912706017494202,0.7434045672416687
YPR121W,YOR171C,0,-0.38342,0.12117619067430496,0.9912706017494202,0.7435048818588257
YNL321W,YCL010C,0,-0.38350457,0.12116182595491409,0.9912706017494202,0.7436051964759827
YCR097W,YGL097W,0,-0.38498178,0.12114746123552322,0.9912706017494202,0.7437055110931396
YPL060C-A,YJL160C,0,-0.38565287,0.12113310396671295,0.9912706017494202,0.7438058257102966
YDR538W,YOR064C,0,-0.3861903,0.12111874669790268,0.9912706017494202,0.7439060807228088
YMR104C,YPL015C,0,-0.38643572,0.121104396879673,0.9912706017494202,0.7440063953399658
YHR079C-A,YMR167W,0,-0.38704896,0.12109004706144333,0.9912706017494202,0.7441067099571228
YKL035W,YKL107W,0,-0.3872407,0.12107570469379425,0.9912706017494202,0.7442070245742798
YKL086W,YIL121W,0,-0.3876644,0.12106136232614517,0.9912706017494202,0.7443073391914368
YPL016W,YDR097C,0,-0.3886006,0.1210470199584961,0.9912706017494202,0.7444076538085938
YDL188C,YDR210W-A,0,-0.38897648,0.12103268504142761,0.9912706017494202,0.7445079684257507
YJR113C,YGL133W,0,-0.3891294,0.12101835757493973,0.9912706017494202,0.7446082830429077
YPR065W,YGR280C,0,-0.38968265,0.12100402265787125,0.9912706017494202,0.7447085976600647
YDR210W-A,YDR484W,0,-0.38974482,0.12098970264196396,0.9912706017494202,0.7448089122772217
YKL127W,YDR354W,0,-0.38993382,0.12097537517547607,0.9912706017494202,0.7449092268943787
YLR336C,YOR133W,0,-0.3919894,0.12096106261014938,0.9912706017494202,0.7450095415115356
YOR354C,YKL046C,0,-0.39209917,0.1209467425942421,0.9912706017494202,0.7451098561286926
YNL075W,YBR004C,0,-0.39232248,0.120932437479496,0.9912706017494202,0.7452101707458496
YBR088C,YDR524C-B,0,-0.3924227,0.12091812491416931,0.9912706017494202,0.7453104853630066
YBL084C,YPL072W,1,-0.3926459,0.12102212011814117,0.9922405481338501,0.7453104853630066
YDR225W,YIR010W,0,-0.39272755,0.12100780755281448,0.9922405481338501,0.7454107999801636
YDR519W,YJL092W,0,-0.3933701,0.12099349498748779,0.9922405481338501,0.7455110549926758
YNL009W,YOR064C,0,-0.39386263,0.1209791898727417,0.9922405481338501,0.7456113696098328
YLL052C,YDL165W,0,-0.39598763,0.1209648847579956,0.9922405481338501,0.7457116842269897
YML058W,YBR014C,0,-0.39654142,0.12095057964324951,0.9922405481338501,0.7458119988441467
YPR124W,YGR027W-A,0,-0.3965834,0.12093628197908401,0.9922405481338501,0.7459123134613037
YHR141C,YDR099W,0,-0.39807904,0.12092198431491852,0.9922405481338501,0.7460126280784607
YER011W,YPL192C,0,-0.3986381,0.12090769410133362,0.9922405481338501,0.7461129426956177
YJR091C,YCR079W,0,-0.39907318,0.12089340388774872,0.9922405481338501,0.7462132573127747
YCR027C,YLR421C,0,-0.3995176,0.12087912112474442,0.9922405481338501,0.7463135719299316
YIL015W,YNL106C,0,-0.3995982,0.12086483836174011,0.9922405481338501,0.7464138865470886
YJL092W,YPR124W,0,-0.40052426,0.1208505630493164,0.9922405481338501,0.7465142011642456
YKL113C,YOR010C,0,-0.4015929,0.1208362877368927,0.9922405481338501,0.7466145157814026
YML064C,YNR063W,0,-0.40306127,0.120822012424469,0.9922405481338501,0.7467148303985596
YIL099W,YFL053W,0,-0.4042298,0.12080774456262589,0.9922405481338501,0.7468151450157166
YJL113W,YDR210W-A,0,-0.40530872,0.12079348415136337,0.9922405481338501,0.7469154596328735
YGR038C-B,YDR264C,0,-0.40545586,0.12077922374010086,0.9922405481338501,0.7470157742500305
YDL064W,YOR153W,0,-0.4060634,0.12076496332883835,0.9922405481338501,0.7471160888671875
YAL009W,YHR176W,0,-0.40633297,0.12075071036815643,0.9922405481338501,0.7472163438796997
YER026C,YDL058W,0,-0.4064821,0.12073645740747452,0.9922405481338501,0.7473166584968567
YDR027C,YLR138W,0,-0.406485,0.1207222118973732,0.9922405481338501,0.7474169731140137
YJL115W,YGR128C,0,-0.40676168,0.12070796638727188,0.9922405481338501,0.7475172877311707
YDR538W,YOL044W,0,-0.40792513,0.12069372087717056,0.9922405481338501,0.7476176023483276
YGR287C,YHL009W-A,0,-0.40904376,0.12067948281764984,0.9922405481338501,0.7477179169654846
YJR093C,YJL184W,0,-0.4094011,0.12066525220870972,0.9922405481338501,0.7478182315826416
YJR141W,YFR010W,1,-0.4098459,0.1207689568400383,0.99321049451828,0.7478182315826416
YBR083W,YML025C,0,-0.40986696,0.12075471878051758,0.99321049451828,0.7479185461997986
YMR014W,YHL020C,0,-0.41073355,0.12074048072099686,0.99321049451828,0.7480188608169556
YNL315C,YPL162C,0,-0.4107394,0.12072624266147614,0.99321049451828,0.7481191754341125
YGL245W,YGL175C,0,-0.41159293,0.12071201205253601,0.99321049451828,0.7482194900512695
YPL024W,YDR208W,0,-0.41444564,0.12069778144359589,0.99321049451828,0.7483198046684265
YFR046C,YDL239C,0,-0.41475943,0.12068355828523636,0.99321049451828,0.7484201192855835
YMR283C,YNL099C,0,-0.41481835,0.12066933512687683,0.99321049451828,0.7485204339027405
YGR068C,YDL194W,0,-0.41514158,0.1206551194190979,0.99321049451828,0.7486207485198975
YDR142C,YKR086W,0,-0.4151445,0.12064090371131897,0.99321049451828,0.7487210631370544
YDR034C-D,YKL073W,0,-0.41567492,0.12062669545412064,0.99321049451828,0.7488213181495667
YNR075W,YDL201W,0,-0.41571993,0.1206124871969223,0.99321049451828,0.7489216327667236
YLR157C-A,YPL012W,0,-0.41791385,0.12059827893972397,0.99321049451828,0.7490219473838806
YGL048C,YGR161C-C,0,-0.4187703,0.12058407813310623,0.99321049451828,0.7491222620010376
YBL008W-A,YCR102C,0,-0.41933703,0.12056988477706909,0.99321049451828,0.7492225766181946
YHR072W-A,YGL245W,0,-0.42250988,0.12055568397045135,0.99321049451828,0.7493228912353516
YMR011W,YDL150W,0,-0.42335618,0.12054149806499481,0.99321049451828,0.7494232058525085
YNL124W,YGR289C,0,-0.4253732,0.12052730470895767,0.99321049451828,0.7495235204696655
YJR099W,YBR152W,0,-0.42592007,0.12051311880350113,0.99321049451828,0.7496238350868225
YPL012W,YFL003C,0,-0.4261202,0.12049894034862518,0.99321049451828,0.7497241497039795
YHR166C,YKR087C,1,-0.42634696,0.12060242146253586,0.9941803812980652,0.7497241497039795
YOL027C,YIL103W,0,-0.42651603,0.12058823555707932,0.9941803812980652,0.7498244643211365
YIL091C,YOL130W,0,-0.4273703,0.12057404965162277,0.9941803812980652,0.7499247789382935
YGL150C,YGR280C,0,-0.42740858,0.12055987119674683,0.9941803812980652,0.7500250935554504
YIL066C,YGL179C,0,-0.42795902,0.12054569274187088,0.9941803812980652,0.7501254081726074
YDL104C,YIR008C,0,-0.42853755,0.12053151428699493,0.9941803812980652,0.7502257227897644
YML131W,YPR158W-A,0,-0.4289381,0.12051734328269958,0.9941803812980652,0.7503260374069214
YGL210W-A,YNL265C,0,-0.42904234,0.12050317227840424,0.9941803812980652,0.7504262924194336
YLR066W,YNL087W,0,-0.4293012,0.12048900872468948,0.9941803812980652,0.7505266070365906
YDR522C,YMR030W,0,-0.43107307,0.12047484517097473,0.9941803812980652,0.7506269216537476
YGL023C,YCR073C,0,-0.4313737,0.12046068906784058,0.9941803812980652,0.7507272362709045
YBL045C,YML118W,0,-0.43229675,0.12044653296470642,0.9941803812980652,0.7508275508880615
YBR234C,YGR161C-C,0,-0.43321759,0.12043238431215286,0.9941803812980652,0.7509278655052185
YPL023C,YHR062C,0,-0.4332349,0.1204182356595993,0.9941803812980652,0.7510281801223755
YNL315C,YJL093C,0,-0.43382695,0.12040408700704575,0.9941803812980652,0.7511284947395325
YFR046C,YBR167C,0,-0.43399668,0.12038994580507278,0.9941803812980652,0.7512288093566895
YHR191C,YCR033W,0,-0.43435472,0.12037580460309982,0.9941803812980652,0.7513291239738464
YDR020C,YGR198W,0,-0.43481618,0.12036167085170746,0.9941803812980652,0.7514294385910034
YCL026C-A,YNL279W,0,-0.43578732,0.1203475371003151,0.9941803812980652,0.7515297532081604
YKL101W,YMR067C,0,-0.4361269,0.12033341079950333,0.9941803812980652,0.7516300678253174
YBL046W,YOR293W,0,-0.4368387,0.12031928449869156,0.9941803812980652,0.7517303824424744
YOL077W-A,YOR375C,0,-0.43899065,0.12030516564846039,0.9941803812980652,0.7518306970596313
YPL212C,YGR027W-A,0,-0.4406439,0.12029104679822922,0.9941803812980652,0.7519310116767883
YMR079W,YKL008C,0,-0.44064718,0.12027692794799805,0.9941803812980652,0.7520313262939453
YJL010C,YBR227C,0,-0.4409688,0.12026281654834747,0.9941803812980652,0.7521315813064575
YDR446W,YOR003W,0,-0.44103044,0.1202487125992775,0.9941803812980652,0.7522318959236145
YHR191C,YCL020W,0,-0.4420147,0.12023460119962692,0.9941803812980652,0.7523322105407715
YJR043C,YPR201W,0,-0.44220385,0.12022050470113754,0.9941803812980652,0.7524325251579285
YDL232W,YDL213C,0,-0.4428592,0.12020640075206757,0.9941803812980652,0.7525328397750854
YJL115W,YIL073C,0,-0.4432658,0.12019230425357819,0.9941803812980652,0.7526331543922424
YGR161C-C,YOR205C,0,-0.44480652,0.1201782152056694,0.9941803812980652,0.7527334690093994
YCR088W,YGR027W-A,0,-0.44487405,0.12016412615776062,0.9941803812980652,0.7528337836265564
YLR157C-A,YKL157W,0,-0.4450178,0.12015004456043243,0.9941803812980652,0.7529340982437134
YPR029C,YER069W,0,-0.445583,0.12013595551252365,0.9941803812980652,0.7530344128608704
YGR161C-C,YMR068W,0,-0.44574285,0.12012188136577606,0.9941803812980652,0.7531347274780273
YLR013W,YMR190C,0,-0.44631147,0.12010780721902847,0.9941803812980652,0.7532350420951843
YGL097W,YCL027C-A,0,-0.44693708,0.12009373307228088,0.9941803812980652,0.7533353567123413
YDL079C,YBR057C,0,-0.44792205,0.1200796589255333,0.9941803812980652,0.7534356713294983
YJR095W,YML001W,0,-0.4480084,0.1200655996799469,0.9941803812980652,0.7535359859466553
YGL150C,YLR308W,0,-0.44815582,0.12005153298377991,0.9941803812980652,0.7536363005638123
YGR227W,YKR025W,0,-0.44964468,0.12003747373819351,0.9941803812980652,0.7537365555763245
YOR095C,YDR365W-B,0,-0.45024174,0.12002342194318771,0.9941803812980652,0.7538368701934814
YJR047C,YBR133C,0,-0.4510405,0.12000937014818192,0.9941803812980652,0.7539371848106384
YDR385W,YCL011C,0,-0.45181626,0.11999531835317612,0.9941803812980652,0.7540374994277954
YIR034C,YHR050W,0,-0.4524281,0.11998127400875092,0.9941803812980652,0.7541378140449524
YMR263W,YGL038C,0,-0.45290357,0.11996722966432571,0.9941803812980652,0.7542381286621094
YGL121C,YPL255W,0,-0.45389384,0.11995318531990051,0.9941803812980652,0.7543384432792664
YKL184W,YBR044C,0,-0.4539925,0.1199391558766365,0.9941803812980652,0.7544387578964233
YBR019C,YBL101C,0,-0.45419657,0.1199251189827919,0.9941803812980652,0.7545390725135803
YIL015W,YLR256W,0,-0.45435435,0.1199110895395279,0.9941803812980652,0.7546393871307373
YGR163W,YDL201W,0,-0.45454952,0.11989706754684448,0.9941803812980652,0.7547397017478943
YNL315C,YBR204C,0,-0.45461667,0.11988303810358047,0.9941803812980652,0.7548400163650513
YGR023W,YCR102C,0,-0.45462167,0.11986902356147766,0.9941803812980652,0.7549403309822083
YIL117C,YNL300W,0,-0.4550506,0.11985500156879425,0.9941803812980652,0.7550406455993652
YOR058C,YKL193C,0,-0.4554782,0.11984099447727203,0.9941803812980652,0.7551409602165222
YOR339C,YOL113W,0,-0.45562452,0.11982697993516922,0.9941803812980652,0.7552412748336792
YPR158W-A,YLR136C,0,-0.45596057,0.119812972843647,0.9941803812980652,0.7553415298461914
YJL063C,YNL024C-A,0,-0.45617622,0.11979897320270538,0.9941803812980652,0.7554418444633484
YPL055C,YOR188W,0,-0.457084,0.11978497356176376,0.9941803812980652,0.7555421590805054
YMR079W,YMR154C,0,-0.4582002,0.11977097392082214,0.9941803812980652,0.7556424736976624
YNL053W,YDR210W-A,0,-0.4589438,0.11975698173046112,0.9941803812980652,0.7557427883148193
YFL008W,YHR166C,0,-0.45950115,0.1197429895401001,0.9941803812980652,0.7558431029319763
YBL008W-A,YMR216C,0,-0.45954937,0.11972900480031967,0.9941803812980652,0.7559434175491333
YGR161C-C,YDR506C,0,-0.46020642,0.11971502006053925,0.9941803812980652,0.7560437321662903
YBL046W,YJL076W,0,-0.4623232,0.11970104277133942,0.9941803812980652,0.7561440467834473
YMR288W,YDR261C-C,0,-0.46234587,0.11968706548213959,0.9941803812980652,0.7562443614006042
YDR184C,YGL257C,0,-0.4626818,0.11967308819293976,0.9941803812980652,0.7563446760177612
YLR132C,YKR099C-A,0,-0.4628969,0.11965911835432053,0.9941803812980652,0.7564449906349182
YGL255W,YOL006C,0,-0.4647147,0.1196451485157013,0.9941803812980652,0.7565453052520752
YGR152C,YLR431C,0,-0.4656226,0.11963118612766266,0.9941803812980652,0.7566456198692322
YPL230W,YLR178C,0,-0.46582282,0.11961722373962402,0.9941803812980652,0.7567459344863892
YGR087C,YBR110W,0,-0.4661705,0.11960326880216599,0.9941803812980652,0.7568462491035461
YHL009W-A,YOR245C,0,-0.46715128,0.11958931386470795,0.9941803812980652,0.7569465637207031
YDR034C-D,YHL020C,0,-0.46788675,0.11957535892724991,0.9941803812980652,0.7570468187332153
YLR135W,YIL063C,0,-0.46815458,0.11956141144037247,0.9941803812980652,0.7571471333503723
YDR524C-B,YGR172C,0,-0.46849972,0.11954747140407562,0.9941803812980652,0.7572474479675293
YDR034C-D,YLR229C,0,-0.46899807,0.11953353136777878,0.9941803812980652,0.7573477625846863
YJL137C,YPL072W,0,-0.46952713,0.11951959133148193,0.9941803812980652,0.7574480772018433
YDR006C,YBR152W,0,-0.47016406,0.11950565129518509,0.9941803812980652,0.7575483918190002
YOR130C,YLR355C,0,-0.47055495,0.11949172616004944,0.9941803812980652,0.7576487064361572
YOL097C,YNR075W,0,-0.4712643,0.11947779357433319,0.9941803812980652,0.7577490210533142
YBR215W,YOR210W,0,-0.47185057,0.11946386843919754,0.9941803812980652,0.7578493356704712
YDL005C,YGR068C,0,-0.47226024,0.11944995075464249,0.9941803812980652,0.7579496502876282
YHR176W,YHR166C,0,-0.4726568,0.11943602561950684,0.9941803812980652,0.7580499649047852
YPL060C-A,YDR099W,0,-0.4734462,0.11942211538553238,0.9941803812980652,0.7581502795219421
YBR021W,YOL130W,0,-0.47404093,0.11940819770097733,0.9941803812980652,0.7582505941390991
YBR239C,YKR039W,0,-0.4743029,0.11939429491758347,0.9941803812980652,0.7583509087562561
YPR164W,YOR141C,0,-0.47462448,0.11938038468360901,0.9941803812980652,0.7584512233734131
YOR229W,YGL134W,0,-0.4758437,0.11936648190021515,0.9941803812980652,0.7585515379905701
YDR261C-C,YGL150C,0,-0.47788483,0.11935258656740189,0.9941803812980652,0.7586517930030823
YBR258C,YDL004W,0,-0.47802866,0.11933869123458862,0.9941803812980652,0.7587521076202393
YGR023W,YNL003C,0,-0.47804728,0.11932479590177536,0.9941803812980652,0.7588524222373962
YDL044C,YIL122W,0,-0.47869587,0.1193109080195427,0.9941803812980652,0.7589527368545532
YGR038C-A,YKL127W,0,-0.47917262,0.11929702013731003,0.9941803812980652,0.7590530514717102
YBR088C,YDL201W,0,-0.48083955,0.11928313970565796,0.9941803812980652,0.7591533660888672
YPL162C,YKR046C,0,-0.48137522,0.11926925927400589,0.9941803812980652,0.7592536807060242
YNL053W,YNL327W,0,-0.48179245,0.11925537884235382,0.9941803812980652,0.7593539953231812
YNL024C-A,YDR314C,0,-0.48273632,0.11924150586128235,0.9941803812980652,0.7594543099403381
YJL145W,YLR035C,0,-0.48332834,0.11922764033079147,0.9941803812980652,0.7595546245574951
YHR107C,YKL137W,0,-0.48369431,0.11921376734972,0.9941803812980652,0.7596549391746521
YER122C,YGR067C,0,-0.4877314,0.11919990926980972,0.9941803812980652,0.7597552537918091
YPR124W,YER075C,0,-0.4881186,0.11918604373931885,0.9941803812980652,0.7598555684089661
YKL211C,YOL113W,0,-0.48879537,0.11917218565940857,0.9941803812980652,0.759955883026123
YIL085C,YIL067C,0,-0.48880562,0.11915833503007889,0.9941803812980652,0.76005619764328
YMR323W,YKL209C,0,-0.48920172,0.1191444844007492,0.9941803812980652,0.760156512260437
YLR135W,YGL020C,0,-0.4893321,0.11913063377141953,0.9941803812980652,0.7602567672729492
YDR147W,YIL082W-A,0,-0.48971105,0.11911679059267044,0.9941803812980652,0.7603570818901062
YDL181W,YDR016C,0,-0.4904964,0.11910295486450195,0.9941803812980652,0.7604573965072632
YDR261C-C,YDR162C,0,-0.49095708,0.11908911168575287,0.9941803812980652,0.7605577111244202
YGR192C,YNR046W,0,-0.4911328,0.11907527595758438,0.9941803812980652,0.7606580257415771
YOR361C,YNL035C,0,-0.49173367,0.11906144767999649,0.9941803812980652,0.7607583403587341
YHR115C,YOL137W,0,-0.49226066,0.1190476194024086,0.9941803812980652,0.7608586549758911
YJR159W,YPL266W,0,-0.492988,0.11903379112482071,0.9941803812980652,0.7609589695930481
YER026C,YNL030W,0,-0.4931184,0.11901997029781342,0.9941803812980652,0.7610592842102051
YDR034C-D,YPL170W,0,-0.4936468,0.11900615692138672,0.9941803812980652,0.7611595988273621
YOR094W,YOR133W,0,-0.4946959,0.11899233609437943,0.9941803812980652,0.761259913444519
YEL071W,YOR122C,0,-0.49579126,0.11897852271795273,0.9941803812980652,0.761360228061676
YGR227W,YPR052C,0,-0.4961275,0.11896471679210663,0.9941803812980652,0.761460542678833
YML066C,YBR235W,0,-0.49618182,0.11895091086626053,0.9941803812980652,0.76156085729599
YJR067C,YDR198C,0,-0.49627388,0.11893710494041443,0.9941803812980652,0.761661171913147
YBR228W,YBL018C,0,-0.5016803,0.11892330646514893,0.9941803812980652,0.761761486530304
YNL082W,YAL001C,0,-0.5016999,0.11890951544046402,0.9941803812980652,0.7618618011474609
YDR506C,YER011W,0,-0.5017814,0.11889571696519852,0.9941803812980652,0.7619620561599731
YJR007W,YLR355C,0,-0.50654244,0.11888193339109421,0.9941803812980652,0.7620623707771301
YML066C,YKL148C,0,-0.5071509,0.1188681423664093,0.9941803812980652,0.7621626853942871
YLR342W,YPL187W,0,-0.50767887,0.11885435879230499,0.9941803812980652,0.7622630000114441
YPR029C,YOL077W-A,0,-0.50843424,0.11884058266878128,0.9941803812980652,0.7623633146286011
YHR063C,YCL027C-A,0,-0.5103374,0.11882679909467697,0.9941803812980652,0.7624636292457581
YPL232W,YBR161W,0,-0.51064086,0.11881303042173386,0.9941803812980652,0.762563943862915
YJR067C,YER172C,0,-0.511123,0.11879926174879074,0.9941803812980652,0.762664258480072
YBR298C,YBL071W-A,0,-0.5111355,0.11878549307584763,0.9941803812980652,0.762764573097229
YIL117C,YHL009W-A,0,-0.5113463,0.11877172440290451,0.9941803812980652,0.762864887714386
YHR107C,YIR013C,0,-0.51157176,0.11875796318054199,0.9941803812980652,0.762965202331543
YKL113C,YGL254W,0,-0.5128816,0.11874420940876007,0.9941803812980652,0.7630655169487
YKR045C,YOR153W,0,-0.5134053,0.11873045563697815,0.9941803812980652,0.7631658315658569
YEL026W,YPR079W,0,-0.5134387,0.11871670186519623,0.9941803812980652,0.7632661461830139
YDR348C,YLL032C,0,-0.5143975,0.1187029555439949,0.9941803812980652,0.7633664608001709
YER048C,YDR198C,0,-0.5149292,0.11868920922279358,0.9941803812980652,0.7634667754173279
YOL094C,YKL221W,0,-0.5155523,0.11867546290159225,0.9941803812980652,0.7635670304298401
YCR066W,YOR064C,0,-0.5172866,0.11866172403097153,0.9941803812980652,0.7636673450469971
YNL300W,YDR016C,0,-0.5177348,0.1186479926109314,0.9941803812980652,0.763767659664154
YGL017W,YOR140W,0,-0.5186578,0.11863426119089127,0.9941803812980652,0.763867974281311
YFL024C,YNR075W,0,-0.51941735,0.11862052977085114,0.9941803812980652,0.763968288898468
YFR009W,YGR027W-A,0,-0.5197608,0.1186068058013916,0.9941803812980652,0.764068603515625
YPR201W,YJL076W,0,-0.5199283,0.11859308183193207,0.9941803812980652,0.764168918132782
YNL021W,YOR307C,0,-0.521564,0.11857935786247253,0.9941803812980652,0.764269232749939
YOL094C,YGR092W,0,-0.52214026,0.1185656413435936,0.9941803812980652,0.764369547367096
YPL255W,YAL061W,0,-0.52221215,0.11855193227529526,0.9941803812980652,0.7644698619842529
YGL023C,YGR038C-B,0,-0.52229524,0.11853822320699692,0.9941803812980652,0.7645701766014099
YFL050C,YER170W,0,-0.52262396,0.11852451413869858,0.9941803812980652,0.7646704912185669
YJL018W,YNL088W,0,-0.5229118,0.11851081252098083,0.9941803812980652,0.7647708058357239
YNL323W,YGL022W,0,-0.52291965,0.11849711090326309,0.9941803812980652,0.7648711204528809
YDR524C-B,YBR201W,0,-0.52306986,0.11848340928554535,0.9941803812980652,0.7649714350700378
YIL066C,YLR084C,0,-0.5233177,0.1184697151184082,0.9941803812980652,0.7650717496871948
YDR261C-C,YHR107C,0,-0.5236577,0.11845602840185165,0.9941803812980652,0.765172004699707
YOL039W,YHR183W,0,-0.5239766,0.1184423416852951,0.9941803812980652,0.765272319316864
YJR141W,YMR314W,1,-0.52434903,0.11854419112205505,0.9951503276824951,0.765272319316864
YMR293C,YKR025W,0,-0.52440155,0.11853049695491791,0.9951503276824951,0.765372633934021
YNL256W,YOR083W,0,-0.5245568,0.11851681023836136,0.9951503276824951,0.765472948551178
YEL055C,YNL326C,0,-0.5247045,0.11850311607122421,0.9951503276824951,0.765573263168335
YLR057W,YGR027W-A,0,-0.5249642,0.11848942935466766,0.9951503276824951,0.7656735777854919
YLR116W,YJL151C,0,-0.5260308,0.11847575008869171,0.9951503276824951,0.7657738924026489
YHL018W,YMR305C,0,-0.52619976,0.11846207082271576,0.9951503276824951,0.7658742070198059
YGR059W,YJR159W,0,-0.52646613,0.1184483990073204,0.9951503276824951,0.7659745216369629
YER118C,YDR519W,0,-0.526623,0.11843471974134445,0.9951503276824951,0.7660748362541199
YNL014W,YMR305C,0,-0.52675444,0.1184210553765297,0.9951503276824951,0.7661751508712769
YDR034C-D,YGR247W,0,-0.52778137,0.11840738356113434,0.9951503276824951,0.7662754654884338
YIL066C,YNL082W,0,-0.52846444,0.11839371919631958,0.9951503276824951,0.7663757801055908
YOR033C,YDL010W,0,-0.528491,0.11838006228208542,0.9951503276824951,0.7664760947227478
YNL024C-A,YPL158C,0,-0.5294621,0.11836640536785126,0.9951503276824951,0.7665764093399048
YNL326C,YIL050W,0,-0.52972054,0.1183527484536171,0.9951503276824951,0.7666767239570618
YLR310C,YKL148C,0,-0.5307897,0.11833909898996353,0.9951503276824951,0.766776978969574
YHR115C,YMR167W,0,-0.53082526,0.11832544952630997,0.9951503276824951,0.766877293586731
YHR115C,YHL013C,0,-0.53228074,0.118311807513237,0.9951503276824951,0.7669776082038879
YJL203W,YGR027W-A,0,-0.5324776,0.11829816550016403,0.9951503276824951,0.7670779228210449
YAR066W,YER073W,0,-0.5336981,0.11828453093767166,0.9951503276824951,0.7671782374382019
YIL091C,YER073W,0,-0.5337019,0.11827089637517929,0.9951503276824951,0.7672785520553589
YDR143C,YBR135W,0,-0.5356567,0.11825726181268692,0.9951503276824951,0.7673788666725159
YPR082C,YGL254W,0,-0.53581166,0.11824363470077515,0.9951503276824951,0.7674791812896729
YBR019C,YGR027W-A,0,-0.5359138,0.11823000758886337,0.9951503276824951,0.7675794959068298
YJL209W,YKL167C,0,-0.5361106,0.1182163879275322,0.9951503276824951,0.7676798105239868
YAL055W,YJR002W,0,-0.5372077,0.11820276826620102,0.9951503276824951,0.7677801251411438
YIL127C,YLR027C,0,-0.53781337,0.11818914860486984,0.9951503276824951,0.7678804397583008
YJR095W,YMR060C,0,-0.540069,0.11817553639411926,0.9951503276824951,0.7679807543754578
YBR039W,YKL193C,0,-0.54035157,0.11816192418336868,0.9951503276824951,0.7680810689926147
YKL071W,YDL066W,0,-0.5412034,0.1181483194231987,0.9951503276824951,0.7681813836097717
YJL184W,YGR013W,0,-0.5414202,0.11813471466302872,0.9951503276824951,0.7682816982269287
YGR049W,YPL081W,0,-0.5420691,0.11812111735343933,0.9951503276824951,0.7683820128440857
YDL194W,YJR014W,0,-0.54212135,0.11810752004384995,0.9951503276824951,0.7684822678565979
YDR314C,YDR020C,0,-0.54214066,0.11809392273426056,0.9951503276824951,0.7685825824737549
YCR024C-A,YLR229C,0,-0.5424511,0.11808033287525177,0.9951503276824951,0.7686828970909119
YDR006C,YOR118W,0,-0.54282665,0.11806674301624298,0.9951503276824951,0.7687832117080688
YLR423C,YNL177C,0,-0.54366034,0.11805316060781479,0.9951503276824951,0.7688835263252258
YPL047W,YIL082W-A,0,-0.5444448,0.1180395781993866,0.9951503276824951,0.7689838409423828
YDL004W,YOR371C,0,-0.54449177,0.1180259957909584,0.9951503276824951,0.7690841555595398
YKR013W,YFL003C,0,-0.5445451,0.11801242083311081,0.9951503276824951,0.7691844701766968
YOR284W,YIL015W,0,-0.54515123,0.11799885332584381,0.9951503276824951,0.7692847847938538
YBR280C,YOR083W,0,-0.5458824,0.11798527836799622,0.9951503276824951,0.7693850994110107
YDR113C,YKR029C,0,-0.5466236,0.11797171086072922,0.9951503276824951,0.7694854140281677
YOL115W,YGL179C,0,-0.54700506,0.11795815080404282,0.9951503276824951,0.7695857286453247
YGR161C-C,YCR068W,0,-0.5471989,0.11794459074735641,0.9951503276824951,0.7696860432624817
YBR201W,YNR051C,0,-0.54729885,0.11793103814125061,0.9951503276824951,0.7697863578796387
YGR186W,YPL187W,0,-0.5473502,0.11791747808456421,0.9951503276824951,0.7698866724967957
YLR174W,YNL256W,0,-0.54772824,0.117903932929039,0.9951503276824951,0.7699869871139526
YKL137W,YCR008W,0,-0.5486521,0.1178903803229332,0.9951503276824951,0.7700872421264648
YGL255W,YHL022C,0,-0.5504478,0.11787683516740799,0.9951503276824951,0.7701875567436218
YLR233C,YHR112C,0,-0.55072296,0.11786329746246338,0.9951503276824951,0.7702878713607788
YPR033C,YOR083W,0,-0.5519603,0.11784975975751877,0.9951503276824951,0.7703881859779358
YNL024C-A,YMR189W,0,-0.5519917,0.11783622205257416,0.9951503276824951,0.7704885005950928
YER016W,YFR004W,0,-0.5539276,0.11782269179821014,0.9951503276824951,0.7705888152122498
YCL033C,YLR133W,0,-0.55397904,0.11780916154384613,0.9951503276824951,0.7706891298294067
YPR158W-A,YMR154C,0,-0.5540321,0.11779563874006271,0.9951503276824951,0.7707894444465637
YMR068W,YBL027W,0,-0.5546068,0.1177821159362793,0.9951503276824951,0.7708897590637207
YKL209C,YGL153W,0,-0.55568314,0.11776859313249588,0.9951503276824951,0.7709900736808777
YOL110W,YPR158W-A,0,-0.55599403,0.11775507777929306,0.9951503276824951,0.7710903882980347
YGR161C-C,YIL040W,0,-0.556321,0.11774156242609024,0.9951503276824951,0.7711907029151917
YOL091W,YLL023C,0,-0.55671865,0.11772805452346802,0.9951503276824951,0.7712910175323486
YLR431C,YML033W,0,-0.55998075,0.1177145466208458,0.9951503276824951,0.7713913321495056
YIL099W,YBL097W,0,-0.55998516,0.11770104616880417,0.9951503276824951,0.7714916467666626
YML078W,YGL065C,0,-0.5609966,0.11768754571676254,0.9951503276824951,0.7715919613838196
YFR046C,YHR176W,0,-0.56103677,0.11767404526472092,0.9951503276824951,0.7716922163963318
YGL023C,YOR361C,0,-0.5622291,0.11766055226325989,0.9951503276824951,0.7717925310134888
YDR104C,YOL006C,0,-0.5630917,0.11764705926179886,0.9951503276824951,0.7718928456306458
YDR408C,YGL201C,0,-0.5634363,0.11763357371091843,0.9951503276824951,0.7719931602478027
YMR058W,YNR069C,0,-0.5638059,0.117620088160038,0.9951503276824951,0.7720934748649597
YOR149C,YDR349C,0,-0.5646245,0.11760660260915756,0.9951503276824951,0.7721937894821167
YKL163W,YNL037C,0,-0.5651245,0.11759312450885773,0.9951503276824951,0.7722941040992737
YBR258C,YBL045C,0,-0.5668164,0.11757964640855789,0.9951503276824951,0.7723944187164307
YDR034C-D,YPR121W,0,-0.5673788,0.11756617575883865,0.9951503276824951,0.7724947333335876
YJR095W,YJL160C,0,-0.56791186,0.11755270510911942,0.9951503276824951,0.7725950479507446
YKL160W,YJR159W,0,-0.5680477,0.11753923445940018,0.9951503276824951,0.7726953625679016
YOL094C,YMR305C,0,-0.56831527,0.11752577126026154,0.9951503276824951,0.7727956771850586
YMR263W,YNL030W,0,-0.56863505,0.11751231551170349,0.9951503276824951,0.7728959918022156
YOR100C,YMR060C,0,-0.5689943,0.11749885231256485,0.9951503276824951,0.7729963064193726
YHR018C,YLL015W,0,-0.57127106,0.1174853965640068,0.9951503276824951,0.7730966210365295
YBR152W,YIR008C,0,-0.5712823,0.11747194826602936,0.9951503276824951,0.7731969356536865
YDL122W,YDR069C,1,-0.57206947,0.11757298558950424,0.996120274066925,0.7731969356536865
YKL176C,YLR405W,0,-0.57385933,0.1175595223903656,0.996120274066925,0.7732972502708435
YGR087C,YGL210W-A,0,-0.5740019,0.11754606664180756,0.996120274066925,0.7733975052833557
YLL036C,YHR176W,0,-0.57485455,0.11753261834383011,0.996120274066925,0.7734978199005127
YPL132W,YMR268C,0,-0.57490236,0.11751917004585266,0.996120274066925,0.7735981345176697
YOL033W,YOR073W,0,-0.575249,0.11750572174787521,0.996120274066925,0.7736984491348267
YIL049W,YGR125W,0,-0.5752765,0.11749228090047836,0.996120274066925,0.7737987637519836
YGR038C-A,YCR068W,0,-0.5767499,0.11747884005308151,0.996120274066925,0.7738990783691406
YMR323W,YBL100W-A,0,-0.5786988,0.11746539920568466,0.996120274066925,0.7739993929862976
YCR071C,YJL160C,0,-0.5789562,0.11745196580886841,0.996120274066925,0.7740997076034546
YMR113W,YBL003C,0,-0.5799211,0.11743853986263275,0.996120274066925,0.7742000222206116
YOR144C,YJL207C,0,-0.580008,0.1174251064658165,0.996120274066925,0.7743003368377686
YDL132W,YPR158W-A,0,-0.5800538,0.11741168051958084,0.996120274066925,0.7744006514549255
YPL047W,YHR072W-A,0,-0.5814036,0.11739826202392578,0.996120274066925,0.7745009660720825
YDL194W,YOR307C,0,-0.5829881,0.11738484352827072,0.996120274066925,0.7746012806892395
YOR354C,YJR007W,0,-0.58427787,0.11737142503261566,0.996120274066925,0.7747015953063965
YMR190C,YMR068W,0,-0.58429855,0.1173580139875412,0.996120274066925,0.7748019099235535
YDL132W,YER074W-A,0,-0.5846244,0.11734461039304733,0.996120274066925,0.7749022245407104
YDR184C,YCL062W,0,-0.5849418,0.11733119934797287,0.996120274066925,0.7750024795532227
YDR141C,YLR319C,0,-0.5853907,0.117317795753479,0.996120274066925,0.7751027941703796
YGR068C,YJR093C,0,-0.58561915,0.11730439960956573,0.996120274066925,0.7752031087875366
YER118C,YNL327W,0,-0.58567595,0.11729100346565247,0.996120274066925,0.7753034234046936
YML111W,YPR056W,0,-0.5875652,0.1172776073217392,0.996120274066925,0.7754037380218506
YDR365W-B,YPR121W,0,-0.58873075,0.11726421862840652,0.996120274066925,0.7755040526390076
YPL029W,YGL065C,0,-0.5903423,0.11725082993507385,0.996120274066925,0.7756043672561646
YPL088W,YIL073C,0,-0.59055525,0.11723744124174118,0.996120274066925,0.7757046818733215
YPR158W-A,YOR255W,0,-0.5908635,0.1172240599989891,0.996120274066925,0.7758049964904785
YHR107C,YNL312W,0,-0.59174037,0.11721068620681763,0.996120274066925,0.7759053111076355
YNR063W,YJL154C,0,-0.59246683,0.11719730496406555,0.996120274066925,0.7760056257247925
YOR210W,YPR094W,0,-0.59474134,0.11718393117189407,0.996120274066925,0.7761059403419495
YDL155W,YGR183C,0,-0.59587556,0.11717056483030319,0.996120274066925,0.7762062549591064
YDR156W,YCR003W,0,-0.5959466,0.11715719848871231,0.996120274066925,0.7763065695762634
YGL207W,YIL157C,0,-0.5966966,0.11714383214712143,0.996120274066925,0.7764068841934204
YDR524C-B,YJL122W,0,-0.5993352,0.11713047325611115,0.996120274066925,0.7765071988105774
YDR524C-B,YFL034C-A,0,-0.5994723,0.11711711436510086,0.996120274066925,0.7766074538230896
YGR161C-C,YPR056W,0,-0.5996436,0.11710376292467117,0.996120274066925,0.7767077684402466
YML022W,YNR063W,0,-0.5998128,0.11709041148424149,0.996120274066925,0.7768080830574036
YGR249W,YOL044W,0,-0.6000613,0.1170770600438118,0.996120274066925,0.7769083976745605
YJL092W,YAL001C,0,-0.6006979,0.11706371605396271,0.996120274066925,0.7770087122917175
YHR079C-A,YKR022C,0,-0.60094523,0.11705037951469421,0.996120274066925,0.7771090269088745
YGL054C,YHR128W,0,-0.6013806,0.11703703552484512,0.996120274066925,0.7772093415260315
YBL004W,YMR134W,0,-0.6020467,0.11702369898557663,0.996120274066925,0.7773096561431885
YHR121W,YKL221W,0,-0.60284877,0.11701036989688873,0.996120274066925,0.7774099707603455
YDL159W,YMR231W,0,-0.60306156,0.11699704080820084,0.996120274066925,0.7775102853775024
YDR346C,YDL150W,0,-0.60346127,0.11698371171951294,0.996120274066925,0.7776105999946594
YBR253W,YAL032C,0,-0.6048907,0.11697039008140564,0.996120274066925,0.7777109146118164
YJL051W,YNL326C,0,-0.6049517,0.11695706844329834,0.996120274066925,0.7778112292289734
YNL075W,YMR154C,0,-0.6054465,0.11694374680519104,0.996120274066925,0.7779115438461304
YMR263W,YPL024W,0,-0.6056014,0.11693043261766434,0.996120274066925,0.7780118584632874
YDR084C,YOR360C,0,-0.6056707,0.11691711843013763,0.996120274066925,0.7781121730804443
YJR137C,YGR027W-A,0,-0.6059781,0.11690381169319153,0.996120274066925,0.7782124876976013
YGR059W,YIL105C,0,-0.6073321,0.11689050495624542,0.996120274066925,0.7783127427101135
YDR365W-B,YPR104C,0,-0.6075146,0.11687720566987991,0.996120274066925,0.7784130573272705
YNL003C,YCR083W,0,-0.60825336,0.1168639063835144,0.996120274066925,0.7785133719444275
YNL321W,YIL015W,0,-0.6086731,0.1168506070971489,0.996120274066925,0.7786136865615845
YOR368W,YPL072W,0,-0.608753,0.11683731526136398,0.996120274066925,0.7787140011787415
YPL255W,YMR268C,0,-0.60910904,0.11682402342557907,0.996120274066925,0.7788143157958984
YDR348C,YOR360C,0,-0.6093898,0.11681073904037476,0.996120274066925,0.7789146304130554
YDR541C,YPR158W-A,0,-0.6124131,0.11679745465517044,0.996120274066925,0.7790149450302124
YCR066W,YLR089C,0,-0.61305344,0.11678417026996613,0.996120274066925,0.7791152596473694
YMR323W,YFL031W,0,-0.6132502,0.11677089333534241,0.996120274066925,0.7792155742645264
YOR190W,YDR264C,0,-0.61391264,0.11675761640071869,0.996120274066925,0.7793158888816833
YNL126W,YPL275W,0,-0.6143825,0.11674434691667557,0.996120274066925,0.7794162034988403
YOR190W,YBR021W,0,-0.6148875,0.11673107743263245,0.996120274066925,0.7795165181159973
YDR365W-B,YHR065C,0,-0.61515176,0.11671780794858932,0.996120274066925,0.7796168327331543
YPL045W,YIL162W,0,-0.6156106,0.1167045459151268,0.996120274066925,0.7797171473503113
YDL064W,YOL077W-A,0,-0.61622727,0.11669128388166428,0.996120274066925,0.7798174619674683
YAL032C,YOR083W,0,-0.618718,0.11667802929878235,0.996120274066925,0.7799177169799805
YNL154C,YOR188W,0,-0.6189561,0.11666477471590042,0.996120274066925,0.7800180315971375
YDR538W,YOR375C,0,-0.61913335,0.1166515201330185,0.996120274066925,0.7801183462142944
YER124C,YOR133W,0,-0.6198054,0.11663827300071716,0.996120274066925,0.7802186608314514
YLR226W,YJR002W,0,-0.6200079,0.11662502586841583,0.996120274066925,0.7803189754486084
YHL022C,YER169W,0,-0.62106633,0.1166117861866951,0.996120274066925,0.7804192900657654
YPL217C,YGL257C,0,-0.6212341,0.11659854650497437,0.996120274066925,0.7805196046829224
YHR079C-A,YOR094W,0,-0.6223655,0.11658530682325363,0.996120274066925,0.7806199193000793
YIL065C,YGR256W,0,-0.62295735,0.1165720745921135,0.996120274066925,0.7807202339172363
YNL139C,YJL203W,0,-0.6254689,0.11655884981155396,0.996120274066925,0.7808205485343933
YOL091W,YPL005W,0,-0.62837654,0.11654561758041382,0.996120274066925,0.7809208631515503
YBR161W,YDL236W,0,-0.62846553,0.11653239279985428,0.996120274066925,0.7810211777687073
YCR023C,YPR079W,0,-0.62929416,0.11651917546987534,0.996120274066925,0.7811214923858643
YOR190W,YBR044C,0,-0.63061285,0.11650595813989639,0.996120274066925,0.7812218070030212
YNL072W,YIL016W,0,-0.6318635,0.11649274080991745,0.996120274066925,0.7813221216201782
YGL100W,YDR143C,0,-0.63219386,0.1164795309305191,0.996120274066925,0.7814224362373352
YKL025C,YJR007W,0,-0.6328366,0.11646632105112076,0.996120274066925,0.7815226912498474
YKL086W,YLR157C-B,0,-0.6344322,0.11645311117172241,0.996120274066925,0.7816230058670044
YAR003W,YFL003C,0,-0.6363559,0.11643990874290466,0.996120274066925,0.7817233204841614
YOL115W,YJR091C,0,-0.6368638,0.11642670631408691,0.996120274066925,0.7818236351013184
YLR013W,YNL037C,0,-0.6384375,0.11641351133584976,0.996120274066925,0.7819239497184753
YMR047C,YDR210W-A,0,-0.64000297,0.11640031635761261,0.996120274066925,0.7820242643356323
YNL152W,YNR051C,0,-0.64027715,0.11638712882995605,0.996120274066925,0.7821245789527893
YCR069W,YEL077C,0,-0.6406203,0.1163739413022995,0.996120274066925,0.7822248935699463
YDL004W,YDR141C,0,-0.6411221,0.11636075377464294,0.996120274066925,0.7823252081871033
YBR103W,YKL209C,0,-0.64158547,0.11634756624698639,0.996120274066925,0.7824255228042603
YKL112W,YIL131C,0,-0.6420715,0.11633439362049103,0.996120274066925,0.7825258374214172
YJL018W,YOR375C,0,-0.6439423,0.11632121354341507,0.996120274066925,0.7826261520385742
YBR070C,YDL104C,0,-0.64406323,0.11630804091691971,0.996120274066925,0.7827264666557312
YGR152C,YDR143C,0,-0.64487284,0.11629486829042435,0.996120274066925,0.7828267812728882
YGL207W,YJR161C,0,-0.6451365,0.11628170311450958,0.996120274066925,0.7829270958900452
YBR021W,YIR035C,0,-0.6453455,0.11626853793859482,0.996120274066925,0.7830274105072021
YPL009C,YOR095C,0,-0.6457742,0.11625538021326065,0.996120274066925,0.7831277251243591
YDR261C-C,YPR025C,0,-0.6458676,0.11624221503734589,0.996120274066925,0.7832279801368713
YLR262C,YKR024C,0,-0.64600605,0.11622906476259232,0.996120274066925,0.7833282947540283
YIR028W,YMR029C,0,-0.6460115,0.11621590703725815,0.996120274066925,0.7834286093711853
YHR091C,YPR052C,0,-0.6476445,0.11620276421308517,0.996120274066925,0.7835289239883423
YCR048W,YOR375C,0,-0.6478099,0.1161896139383316,0.996120274066925,0.7836292386054993
YOR095C,YIR021W,0,-0.64914095,0.11617647111415863,0.996120274066925,0.7837295532226562
YOR307C,YKR099C-A,0,-0.6496538,0.11616332828998566,0.996120274066925,0.7838298678398132
YEL004W,YOR153W,0,-0.65056163,0.11615019291639328,0.996120274066925,0.7839301824569702
YBR136W,YLR022C,0,-0.65456545,0.1161370575428009,0.996120274066925,0.7840304970741272
YJL047C,YNR075W,1,-0.6557992,0.11623699963092804,0.997090220451355,0.7840304970741272
YCR028C-A,YDR156W,0,-0.65597343,0.11622385680675507,0.997090220451355,0.7841308116912842
YPL190C,YDL014W,0,-0.65980136,0.11621071398258209,0.997090220451355,0.7842311263084412
YKL107W,YGL055W,0,-0.6598604,0.11619757860898972,0.997090220451355,0.7843314409255981
YIL049W,YNL116W,0,-0.66001177,0.11618445068597794,0.997090220451355,0.7844317555427551
YPL246C,YNL139C,0,-0.6602423,0.11617131531238556,0.997090220451355,0.7845320701599121
YOR095C,YNL005C,0,-0.66191053,0.11615819483995438,0.997090220451355,0.7846323847770691
YPL255W,YIL050W,0,-0.66203165,0.1161450669169426,0.997090220451355,0.7847326993942261
YML019W,YBL105C,0,-0.6620499,0.11613194644451141,0.997090220451355,0.7848329544067383
YPR025C,YGR249W,0,-0.6624732,0.11611883342266083,0.997090220451355,0.7849332690238953
YDR034C-D,YJL113W,0,-0.6641648,0.11610571295022964,0.997090220451355,0.7850335836410522
YOR229W,YOR128C,0,-0.66450804,0.11609259992837906,0.997090220451355,0.7851338982582092
YPL268W,YDL122W,0,-0.66516924,0.11607949435710907,0.997090220451355,0.7852342128753662
YAL047C,YKL167C,0,-0.66525733,0.11606638878583908,0.997090220451355,0.7853345274925232
YBR171W,YJR067C,0,-0.6656672,0.11605328321456909,0.997090220451355,0.7854348421096802
YBL102W,YNL024C-A,0,-0.66593367,0.1160401850938797,0.997090220451355,0.7855351567268372
YOR354C,YOR141C,0,-0.6661971,0.11602708697319031,0.997090220451355,0.7856354713439941
YDR348C,YDR524C-B,0,-0.6667634,0.11601399630308151,0.997090220451355,0.7857357859611511
YBL004W,YER042W,0,-0.6672503,0.11600090563297272,0.997090220451355,0.7858361005783081
YKR067W,YDL201W,0,-0.66751134,0.11598781496286392,0.997090220451355,0.7859364151954651
YKL184W,YGR249W,0,-0.6683855,0.11597473174333572,0.997090220451355,0.7860367298126221
YDR293C,YGR041W,0,-0.66840315,0.11596164852380753,0.997090220451355,0.786137044429779
YBL016W,YOR003W,0,-0.66860265,0.11594856530427933,0.997090220451355,0.786237359046936
YDR202C,YGR161C-C,0,-0.66909426,0.11593548953533173,0.997090220451355,0.786337673664093
YDL132W,YGR109C,0,-0.67008096,0.11592242121696472,0.997090220451355,0.7864379286766052
YGR049W,YER004W,0,-0.67032444,0.11590934544801712,0.997090220451355,0.7865382432937622
YOR371C,YCL026C-A,0,-0.6705036,0.11589627712965012,0.997090220451355,0.7866385579109192
YLR336C,YDR079C-A,0,-0.67124104,0.11588321626186371,0.997090220451355,0.7867388725280762
YBR068C,YCR048W,0,-0.6715173,0.1158701553940773,0.997090220451355,0.7868391871452332
YBR203W,YBR200W,0,-0.67259717,0.1158570945262909,0.997090220451355,0.7869395017623901
YLR424W,YLR453C,0,-0.67367923,0.11584404110908508,0.997090220451355,0.7870398163795471
YGL017W,YNL177C,0,-0.67441714,0.11583098769187927,0.997090220451355,0.7871401309967041
YJL050W,YOL058W,0,-0.6768036,0.11581793427467346,0.997090220451355,0.7872404456138611
YNL257C,YFL034C-B,0,-0.67716086,0.11580488830804825,0.997090220451355,0.7873407602310181
YDR365W-B,YLR423C,0,-0.67733943,0.11579184234142303,0.997090220451355,0.787441074848175
YBR201W,YPR066W,0,-0.6774413,0.11577880382537842,0.997090220451355,0.787541389465332
YKL008C,YMR216C,0,-0.6779702,0.1157657653093338,0.997090220451355,0.787641704082489
YDR524C-B,YNL087W,0,-0.6781954,0.11575273424386978,0.997090220451355,0.787742018699646
YGL134W,YNL225C,0,-0.67928237,0.11573969572782516,0.997090220451355,0.787842333316803
YKL107W,YLR256W,0,-0.67983,0.11572667211294174,0.997090220451355,0.78794264793396
YLR336C,YER018C,0,-0.6816417,0.11571364104747772,0.997090220451355,0.7880429625511169
YDR477W,YIL168W,0,-0.6817198,0.1157006174325943,0.997090220451355,0.7881432175636292
YPL283C,YMR277W,0,-0.6820129,0.11568760126829147,0.997090220451355,0.7882435321807861
YOR196C,YLL032C,0,-0.68281007,0.11567457765340805,0.997090220451355,0.7883438467979431
YHR072W-A,YLR341W,0,-0.6837324,0.11566156893968582,0.997090220451355,0.7884441614151001
YMR214W,YIL158W,0,-0.68414146,0.115648552775383,0.997090220451355,0.7885444760322571
YIL066C,YLR393W,0,-0.6846714,0.11563554406166077,0.997090220451355,0.7886447906494141
YNL126W,YBR136W,0,-0.68487716,0.11562254279851913,0.997090220451355,0.788745105266571
YNL323W,YDL014W,0,-0.6853594,0.1156095340847969,0.997090220451355,0.788845419883728
YGL255W,YDR084C,0,-0.68607163,0.11559654027223587,0.997090220451355,0.788945734500885
YIL066C,YJL113W,0,-0.68829775,0.11558353900909424,0.997090220451355,0.789046049118042
YFR028C,YGR038C-B,0,-0.69187194,0.1155705451965332,0.997090220451355,0.789146363735199
YCR088W,YML111W,0,-0.69235015,0.11555755138397217,0.997090220451355,0.789246678352356
YGL017W,YFL034C-A,0,-0.6926596,0.11554456502199173,0.997090220451355,0.7893469929695129
YKR098C,YOR368W,0,-0.6932284,0.11553157866001129,0.997090220451355,0.7894473075866699
YKR086W,YFL034C-A,0,-0.69325316,0.11551859974861145,0.997090220451355,0.7895476222038269
YGR121C,YGL055W,0,-0.6938192,0.11550562083721161,0.997090220451355,0.7896479368209839
YML072C,YGL187C,0,-0.69522655,0.11549264192581177,0.997090220451355,0.7897481918334961
YBR253W,YKL107W,0,-0.6954601,0.11547967046499252,0.997090220451355,0.7898485064506531
YMR266W,YPR201W,0,-0.6960713,0.11546669900417328,0.997090220451355,0.7899488210678101
YPL009C,YLR210W,0,-0.6963208,0.11545372754335403,0.997090220451355,0.790049135684967
YHL002W,YLR256W,0,-0.6980572,0.11544076353311539,0.997090220451355,0.790149450302124
YMR263W,YOR295W,0,-0.6983307,0.11542779952287674,0.997090220451355,0.790249764919281
YDR034C-D,YNL035C,0,-0.6992364,0.11541484296321869,0.997090220451355,0.790350079536438
YDL004W,YNR075W,0,-0.70015013,0.11540188640356064,0.997090220451355,0.790450394153595
YNL169C,YLR431C,0,-0.7006178,0.11538892984390259,0.997090220451355,0.790550708770752
YDR446W,YDL153C,0,-0.7008396,0.11537598073482513,0.997090220451355,0.7906510233879089
YHR107C,YDR382W,0,-0.70273864,0.11536303162574768,0.997090220451355,0.7907513380050659
YKL112W,YBL005W-A,0,-0.7035584,0.11535008996725082,0.997090220451355,0.7908516526222229
YLR297W,YPR101W,0,-0.70507836,0.11533714830875397,0.997090220451355,0.7909519672393799
YKR045C,YIR008C,0,-0.70622575,0.11532420665025711,0.997090220451355,0.7910522818565369
YHL007C,YOR077W,0,-0.7065079,0.11531127244234085,0.997090220451355,0.7911525964736938
YGL017W,YGR198W,0,-0.70818746,0.11529833823442459,0.997090220451355,0.7912529110908508
YFR046C,YDR540C,0,-0.709381,0.11528541147708893,0.997090220451355,0.791353166103363
YAR014C,YIL105C,0,-0.7130197,0.11527248471975327,0.997090220451355,0.79145348072052
YDL052C,YHR203C,0,-0.71350455,0.1152595579624176,0.997090220451355,0.791553795337677
YDR261C-C,YHR152W,0,-0.7137455,0.11524663865566254,0.997090220451355,0.791654109954834
YER146W,YOL137W,0,-0.71415436,0.11523371934890747,0.997090220451355,0.791754424571991
YOL033W,YJR064W,0,-0.71642506,0.1152208000421524,0.997090220451355,0.791854739189148
YBR298C,YHR084W,0,-0.7174256,0.11520788818597794,0.997090220451355,0.7919550538063049
YJR090C,YGR240C,0,-0.7179778,0.11519497632980347,0.997090220451355,0.7920553684234619
YBR070C,YIR008C,0,-0.71798533,0.1151820719242096,0.997090220451355,0.7921556830406189
YDR261C-C,YMR293C,0,-0.71832675,0.11516916751861572,0.997090220451355,0.7922559976577759
YNR051C,YOR360C,0,-0.71895397,0.11515627056360245,0.997090220451355,0.7923563122749329
YNL072W,YBR239C,0,-0.72032547,0.11514336615800858,0.997090220451355,0.7924566268920898
YAR066W,YOR205C,0,-0.72188747,0.1151304766535759,0.997090220451355,0.7925569415092468
YNL072W,YIL122W,0,-0.72206676,0.11511757969856262,0.997090220451355,0.7926572561264038
YNL323W,YGR027W-A,0,-0.72738796,0.11510469019412994,0.997090220451355,0.7927575707435608
YPL037C,YPL079W,0,-0.7296825,0.11509180814027786,0.997090220451355,0.7928578853607178
YGR227W,YDR119W,0,-0.7297281,0.11507891863584518,0.997090220451355,0.7929581999778748
YIL066C,YGL047W,0,-0.7302187,0.1150660365819931,0.997090220451355,0.793058454990387
YLR081W,YGL077C,0,-0.7308255,0.11505316197872162,0.997090220451355,0.793158769607544
YKL209C,YJR064W,0,-0.73133063,0.11504028737545013,0.997090220451355,0.7932590842247009
YOL110W,YML078W,0,-0.7317034,0.11502741277217865,0.997090220451355,0.7933593988418579
YNL024C-A,YLR229C,0,-0.7318394,0.11501454561948776,0.997090220451355,0.7934597134590149
YDR194C,YPL158C,0,-0.73202527,0.11500167846679688,0.997090220451355,0.7935600280761719
YNR075W,YCL052C,1,-0.7320835,0.1151006743311882,0.9980601072311401,0.7935600280761719
YGL048C,YER160C,0,-0.732213,0.11508779972791672,0.9980601072311401,0.7936603426933289
YBL046W,YML075C,0,-0.7323156,0.11507492512464523,0.9980601072311401,0.7937606573104858
YGR090W,YGR038W,0,-0.7323224,0.11506205797195435,0.9980601072311401,0.7938609719276428
YOR173W,YLR229C,0,-0.7327876,0.11504919826984406,0.9980601072311401,0.7939612865447998
YHR094C,YGL077C,0,-0.7342326,0.11503633111715317,0.9980601072311401,0.7940616011619568
YJL204C,YCR043C,0,-0.73424554,0.11502347141504288,0.9980601072311401,0.7941619157791138
YOR125C,YNL279W,0,-0.73430073,0.11501061916351318,0.9980601072311401,0.7942622303962708
YJL050W,YNL116W,0,-0.73494214,0.11499776691198349,0.9980601072311401,0.7943625450134277
YLR166C,YLR128W,0,-0.7357409,0.1149849146604538,0.9980601072311401,0.7944628596305847
YDR261C-C,YOR005C,0,-0.736477,0.1149720698595047,0.9980601072311401,0.7945631742477417
YLR051C,YNL067W,0,-0.736527,0.1149592250585556,0.9980601072311401,0.7946634292602539
YOR149C,YDL194W,0,-0.7371167,0.1149463802576065,0.9980601072311401,0.7947637438774109
YFL052W,YOR214C,0,-0.73769206,0.114933542907238,0.9980601072311401,0.7948640584945679
YNL257C,YER001W,0,-0.73783356,0.1149207055568695,0.9980601072311401,0.7949643731117249
YLR117C,YIL122W,0,-0.7378644,0.1149078756570816,0.9980601072311401,0.7950646877288818
YHR143W-A,YOR133W,0,-0.7379948,0.1148950457572937,0.9980601072311401,0.7951650023460388
YML093W,YOR133W,0,-0.7391902,0.1148822158575058,0.9980601072311401,0.7952653169631958
YJL028W,YDR331W,0,-0.740535,0.11486939340829849,0.9980601072311401,0.7953656315803528
YGR108W,YGL002W,0,-0.7410584,0.11485657095909119,0.9980601072311401,0.7954659461975098
YAR008W,YNL279W,0,-0.7430172,0.11484374850988388,0.9980601072311401,0.7955662608146667
YLR138W,YPR058W,0,-0.7431412,0.11483093351125717,0.9980601072311401,0.7956665754318237
YBR258C,YKL167C,0,-0.74359053,0.11481811851263046,0.9980601072311401,0.7957668900489807
YHR007C,YNL245C,0,-0.7461039,0.11480531096458435,0.9980601072311401,0.7958672046661377
YOR205C,YDR198C,0,-0.74636936,0.11479250341653824,0.9980601072311401,0.7959675192832947
YHR107C,YCR083W,0,-0.74656886,0.11477969586849213,0.9980601072311401,0.7960678339004517
YGR109C,YMR231W,0,-0.7467345,0.11476689577102661,0.9980601072311401,0.7961681485176086
YJL207C,YJL100W,0,-0.7468462,0.1147540956735611,0.9980601072311401,0.7962684035301208
YDR314C,YOL049W,0,-0.7486557,0.11474130302667618,0.9980601072311401,0.7963687181472778
YNL257C,YNL075W,0,-0.7490244,0.11472851037979126,0.9980601072311401,0.7964690327644348
YCL020W,YLR095C,0,-0.75032157,0.11471571773290634,0.9980601072311401,0.7965693473815918
YGR038C-A,YOL119C,0,-0.75112677,0.11470293253660202,0.9980601072311401,0.7966696619987488
YBR057C,YLR355C,0,-0.7528513,0.1146901473402977,0.9980601072311401,0.7967699766159058
YCL026C-A,YLR368W,0,-0.7541171,0.11467736214399338,0.9980601072311401,0.7968702912330627
YML114C,YGL257C,0,-0.7550223,0.11466458439826965,0.9980601072311401,0.7969706058502197
YGR166W,YLR421C,0,-0.7562975,0.11465181410312653,0.9980601072311401,0.7970709204673767
YHR121W,YGR096W,0,-0.7575127,0.1146390363574028,0.9980601072311401,0.7971712350845337
YNL169C,YDL049C,0,-0.7589451,0.11462626606225967,0.9980601072311401,0.7972715497016907
YOR095C,YGR038C-B,0,-0.76022536,0.11461350321769714,0.9980601072311401,0.7973718643188477
YKL113C,YCL011C,0,-0.7606369,0.11460073292255402,0.9980601072311401,0.7974721789360046
YCL062W,YGL054C,0,-0.7625597,0.11458797007799149,0.9980601072311401,0.7975724935531616
YHR063C,YNL152W,0,-0.76303625,0.11457521468400955,0.9980601072311401,0.7976728081703186
YPR082C,YIL110W,0,-0.7660141,0.11456245929002762,0.9980601072311401,0.7977731227874756
YLR406C,YIL105C,0,-0.7664351,0.11454970389604568,0.9980601072311401,0.7978733777999878
YOR003W,YJL100W,0,-0.76671493,0.11453695595264435,0.9980601072311401,0.7979736924171448
YMR011W,YMR029C,0,-0.7670946,0.11452420800924301,0.9980601072311401,0.7980740070343018
YDR155C,YDR079C-A,0,-0.76732564,0.11451146006584167,0.9980601072311401,0.7981743216514587
YPL227C,YOR284W,0,-0.7674771,0.11449871957302094,0.9980601072311401,0.7982746362686157
YMR293C,YHR026W,0,-0.76870894,0.1144859790802002,0.9980601072311401,0.7983749508857727
YHR187W,YDR180W,0,-0.76897264,0.11447324603796005,0.9980601072311401,0.7984752655029297
YKR092C,YML010W,0,-0.76910746,0.11446051299571991,0.9980601072311401,0.7985755801200867
YCL020W,YOR295W,0,-0.7691097,0.11444777995347977,0.9980601072311401,0.7986758947372437
YPL217C,YGL131C,0,-0.7704588,0.11443505436182022,0.9980601072311401,0.7987762093544006
YGR038C-A,YGR038W,0,-0.7709058,0.11442232877016068,0.9980601072311401,0.7988765239715576
YJL050W,YGL181W,0,-0.7721674,0.11440960317850113,0.9980601072311401,0.7989768385887146
YML130C,YGL187C,0,-0.77228785,0.11439688503742218,0.9980601072311401,0.7990771532058716
YHR072W-A,YHR200W,0,-0.7723851,0.11438417434692383,0.9980601072311401,0.7991774678230286
YIL157C,YKR042W,0,-0.77405506,0.11437145620584488,0.9980601072311401,0.7992777824401855
YDR432W,YLR398C,0,-0.7750803,0.11435874551534653,0.9980601072311401,0.7993780970573425
YPL053C,YNR036C,0,-0.77538437,0.11434603482484818,0.9980601072311401,0.7994784116744995
YBR293W,YHR018C,0,-0.7766264,0.11433333158493042,0.9980601072311401,0.7995786666870117
YAR050W,YLR051C,0,-0.777459,0.11432062834501266,0.9980601072311401,0.7996789813041687
YKL025C,YOR188W,0,-0.77928495,0.1143079325556755,0.9980601072311401,0.7997792959213257
YDR339C,YOR122C,0,-0.7798567,0.11429523676633835,0.9980601072311401,0.7998796105384827
YHR079C-A,YBR039W,0,-0.7798798,0.11428254097700119,0.9980601072311401,0.7999799251556396
YKR042W,YKR065C,0,-0.7819548,0.11426985263824463,0.9980601072311401,0.8000802397727966
YKL071W,YKL193C,0,-0.7824227,0.11425716429948807,0.9980601072311401,0.8001805543899536
YMR092C,YOR202W,0,-0.7831808,0.1142444759607315,0.9980601072311401,0.8002808690071106
YOR196C,YJL207C,0,-0.78371197,0.11423179507255554,0.9980601072311401,0.8003811836242676
YML014W,YMR154C,0,-0.78395367,0.11421911418437958,0.9980601072311401,0.8004814982414246
YLL005C,YMR167W,0,-0.78463626,0.11420644074678421,0.9980601072311401,0.8005818128585815
YHR065C,YHR166C,0,-0.7847127,0.11419375985860825,0.9980601072311401,0.8006821274757385
YPR151C,YFL031W,0,-0.78561616,0.11418109387159348,0.9980601072311401,0.8007824420928955
YGR257C,YNL323W,0,-0.78728855,0.11416842043399811,0.9980601072311401,0.8008827567100525
YNL323W,YDL194W,0,-0.7877324,0.11415575444698334,0.9980601072311401,0.8009830713272095
YKL049C,YLR424W,0,-0.78816074,0.11414309591054916,0.9980601072311401,0.8010833859443665
YLR233C,YDR538W,0,-0.7886497,0.11413043737411499,0.9980601072311401,0.8011836409568787
YGL245W,YNL087W,0,-0.78872013,0.11411777883768082,0.9980601072311401,0.8012839555740356
YHR034C,YHR176W,0,-0.7889737,0.11410512030124664,0.9980601072311401,0.8013842701911926
YDL150W,YER058W,0,-0.7894151,0.11409246921539307,0.9980601072311401,0.8014845848083496
YDR432W,YIL121W,0,-0.7895886,0.11407982558012009,0.9980601072311401,0.8015848994255066
YJR152W,YHL018W,0,-0.7896771,0.11406717449426651,0.9980601072311401,0.8016852140426636
YBR132C,YDR225W,0,-0.7897639,0.11405453085899353,0.9980601072311401,0.8017855286598206
YNR023W,YOL137W,0,-0.79150844,0.11404189467430115,0.9980601072311401,0.8018858432769775
YJL074C,YLR066W,0,-0.7920108,0.11402925848960876,0.9980601072311401,0.8019861578941345
YPL046C,YIL122W,0,-0.7939246,0.11401662230491638,0.9980601072311401,0.8020864725112915
YBR253W,YER141W,0,-0.795586,0.114003986120224,0.9980601072311401,0.8021867871284485
YPL108W,YHR128W,0,-0.79569757,0.11399135738611221,0.9980601072311401,0.8022871017456055
YLR233C,YDR208W,0,-0.7964392,0.11397873610258102,0.9980601072311401,0.8023874163627625
YDL178W,YLR119W,0,-0.7965552,0.11396610736846924,0.9980601072311401,0.8024877309799194
YDR446W,YDR163W,0,-0.7967004,0.11395348608493805,0.9980601072311401,0.8025880455970764
YEL063C,YDR210W,0,-0.7999703,0.11394087225198746,0.9980601072311401,0.8026883602142334
YOR375C,YDL222C,0,-0.80393195,0.11392825841903687,0.9980601072311401,0.8027886152267456
YGR277C,YKL216W,0,-0.8057034,0.11391564458608627,0.9980601072311401,0.8028889298439026
YPL069C,YEL003W,0,-0.8059752,0.11390303075313568,0.9980601072311401,0.8029892444610596
YOR033C,YNL275W,0,-0.80610913,0.11389042437076569,0.9980601072311401,0.8030895590782166
YDR104C,YOL091W,0,-0.8063918,0.11387782543897629,0.9980601072311401,0.8031898736953735
YGL043W,YDR450W,0,-0.80644053,0.11386521905660629,0.9980601072311401,0.8032901883125305
YBR253W,YBR293W,0,-0.80686283,0.1138526201248169,0.9980601072311401,0.8033905029296875
YIL158W,YNL177C,0,-0.80809546,0.1138400286436081,0.9980601072311401,0.8034908175468445
YOR354C,YDL213C,0,-0.80814123,0.11382743716239929,0.9980601072311401,0.8035911321640015
YML019W,YOR130C,0,-0.80848515,0.11381484568119049,0.9980601072311401,0.8036914467811584
YOR190W,YLR117C,0,-0.8095009,0.11380225419998169,0.9980601072311401,0.8037917613983154
YNL245C,YDR119W,0,-0.81226933,0.11378967016935349,0.9980601072311401,0.8038920760154724
YGR090W,YBR039W,0,-0.81228256,0.11377708613872528,0.9980601072311401,0.8039923906326294
YJL091C,YLL052C,0,-0.81230795,0.11376450955867767,0.9980601072311401,0.8040927052497864
YHR152W,YKR065C,0,-0.8138132,0.11375193297863007,0.9980601072311401,0.8041930198669434
YDR163W,YPR112C,0,-0.8146661,0.11373936384916306,0.9980601072311401,0.8042933344841003
YDR524C-B,YJR129C,0,-0.8151501,0.11372678726911545,0.9980601072311401,0.8043936491012573
YPR158W-A,YBR201W,0,-0.8151725,0.11371422559022903,0.9980601072311401,0.8044939041137695
YBL005W-A,YLR449W,0,-0.8160454,0.11370165646076202,0.9980601072311401,0.8045942187309265
YJL010C,YNL265C,0,-0.8174906,0.11368909478187561,0.9980601072311401,0.8046945333480835
YDR182W,YOR083W,0,-0.81758374,0.1136765331029892,0.9980601072311401,0.8047948479652405
YNL072W,YAL042W,0,-0.8200035,0.11366397887468338,0.9980601072311401,0.8048951625823975
YDR202C,YFL018C,0,-0.8201264,0.11365142464637756,0.9980601072311401,0.8049954771995544
YDR322C-A,YNL169C,0,-0.8215525,0.11363887041807175,0.9980601072311401,0.8050957918167114
YJR105W,YNL152W,0,-0.821692,0.11362632364034653,0.9980601072311401,0.8051961064338684
YGL224C,YOR010C,0,-0.82194775,0.11361377686262131,0.9980601072311401,0.8052964210510254
YKL055C,YIL010W,0,-0.8230519,0.11360123753547668,0.9980601072311401,0.8053967356681824
YHR216W,YCR073C,0,-0.82328635,0.11358869820833206,0.9980601072311401,0.8054970502853394
YNL315C,YJL210W,0,-0.8233466,0.11357615888118744,0.9980601072311401,0.8055973649024963
YIL041W,YDR488C,0,-0.82395995,0.11356362700462341,0.9980601072311401,0.8056976795196533
YPL009C,YNL002C,0,-0.82459426,0.11355109512805939,0.9980601072311401,0.8057979941368103
YLR376C,YGR013W,0,-0.824775,0.11353856325149536,0.9980601072311401,0.8058983087539673
YDR043C,YPR004C,0,-0.82482326,0.11352603882551193,0.9980601072311401,0.8059986233711243
YNL067W,YOR210W,0,-0.82486343,0.1135135143995285,0.9980601072311401,0.8060988783836365
YBR216C,YOL091W,0,-0.82572746,0.11350098997354507,0.9980601072311401,0.8061991930007935
YDR184C,YPL124W,0,-0.82613987,0.11348847299814224,0.9980601072311401,0.8062995076179504
YDR485C,YKL209C,0,-0.8262478,0.11347595602273941,0.9980601072311401,0.8063998222351074
YBR084C-A,YGR278W,0,-0.82656634,0.11346344649791718,0.9980601072311401,0.8065001368522644
YCL040W,YPL265W,0,-0.8268236,0.11345093697309494,0.9980601072311401,0.8066004514694214
YGL100W,YMR116C,0,-0.82687515,0.1134384274482727,0.9980601072311401,0.8067007660865784
YLR071C,YER183C,0,-0.8295538,0.11342592537403107,0.9980601072311401,0.8068010807037354
YIR021W,YPR066W,0,-0.829583,0.11341342329978943,0.9980601072311401,0.8069013953208923
YBL066C,YLL015W,0,-0.8312384,0.11340092867612839,0.9980601072311401,0.8070017099380493
YOR354C,YGR215W,0,-0.83236235,0.11338842660188675,0.9980601072311401,0.8071020245552063
YPL118W,YFL034C-A,0,-0.8349539,0.1133759394288063,0.9980601072311401,0.8072023391723633
YDR506C,YKL152C,0,-0.83733594,0.11336344480514526,0.9980601072311401,0.8073026537895203
YIR028W,YGL038C,0,-0.83819413,0.11335095763206482,0.9980601072311401,0.8074029684066772
YOR173W,YML001W,0,-0.83854985,0.11333847045898438,0.9980601072311401,0.8075032830238342
YGR027W-A,YNL113W,0,-0.83991075,0.11332599073648453,0.9980601072311401,0.8076035976409912
YJL111W,YDR143C,0,-0.8401749,0.11331351101398468,0.9980601072311401,0.8077038526535034
YNL009W,YOL148C,0,-0.8427249,0.11330103129148483,0.9980601072311401,0.8078041672706604
YJR090C,YDR385W,0,-0.84432423,0.11328855901956558,0.9980601072311401,0.8079044818878174
YKR010C,YGL133W,0,-0.8446431,0.11327608674764633,0.9980601072311401,0.8080047965049744
YLR376C,YGL207W,0,-0.8458908,0.11326362192630768,0.9980601072311401,0.8081051111221313
YOR208W,YBL005W-A,0,-0.8469373,0.11325115710496902,0.9980601072311401,0.8082054257392883
YIL040W,YOR202W,0,-0.84890735,0.11323869228363037,0.9980601072311401,0.8083057403564453
YKL086W,YPL241C,0,-0.84936416,0.11322623491287231,0.9980601072311401,0.8084060549736023
YNL139C,YGR195W,0,-0.8496574,0.11321377754211426,0.9980601072311401,0.8085063695907593
YDL104C,YDL201W,0,-0.85001045,0.1132013201713562,0.9980601072311401,0.8086066842079163
YNR069C,YCL020W,0,-0.8502051,0.11318887025117874,0.9980601072311401,0.8087069988250732
YER170W,YGR261C,0,-0.8502896,0.11317642033100128,0.9980601072311401,0.8088073134422302
YBL002W,YDR198C,0,-0.85283285,0.11316397041082382,0.9980601072311401,0.8089076280593872
YJL207C,YDL044C,0,-0.8531604,0.11315152794122696,0.9980601072311401,0.8090079426765442
YDR180W,YER170W,0,-0.85349804,0.1131390854716301,0.9980601072311401,0.8091082572937012
YKR010C,YDR408C,0,-0.85510546,0.11312665045261383,0.9980601072311401,0.8092085719108582
YNL002C,YLR355C,0,-0.8552681,0.11311421543359756,0.9980601072311401,0.8093088865280151
YLR138W,YLR210W,0,-0.85639584,0.1131017804145813,0.9980601072311401,0.8094091415405273
YPL232W,YNL148C,0,-0.85663366,0.11308935284614563,0.9980601072311401,0.8095094561576843
YBR083W,YDR123C,0,-0.8570248,0.11307692527770996,0.9980601072311401,0.8096097707748413
YJR095W,YPR124W,0,-0.85737026,0.11306449770927429,0.9980601072311401,0.8097100853919983
YPR018W,YGR247W,0,-0.85743296,0.11305207759141922,0.9980601072311401,0.8098104000091553
YOL137W,YHR084W,0,-0.85756654,0.11303965747356415,0.9980601072311401,0.8099107146263123
YOR256C,YLL005C,0,-0.85770273,0.11302723735570908,0.9980601072311401,0.8100110292434692
YHR063C,YDR322C-A,0,-0.85869044,0.1130148246884346,0.9980601072311401,0.8101113438606262
YGR271C-A,YLR136C,0,-0.8600253,0.11300241947174072,0.9980601072311401,0.8102116584777832
YGR027W-A,YBR244W,0,-0.8605138,0.11299000680446625,0.9980601072311401,0.8103119730949402
YNR023W,YDR409W,0,-0.8620728,0.11297760158777237,0.9980601072311401,0.8104122877120972
YNL139C,YLL052C,0,-0.8624522,0.11296519637107849,0.9980601072311401,0.8105126023292542
YDR073W,YLR117C,0,-0.86248195,0.11295279860496521,0.9980601072311401,0.8106129169464111
YBR217W,YHL009W-A,0,-0.8625932,0.11294040083885193,0.9980601072311401,0.8107132315635681
YBR217W,YLR069C,0,-0.8638973,0.11292801052331924,0.9980601072311401,0.8108135461807251
YIR007W,YHR007C,0,-0.8660138,0.11291561275720596,0.9980601072311401,0.8109138607978821
YGR192C,YML111W,0,-0.86620474,0.11290322244167328,0.9980601072311401,0.8110141158103943
YPR158W-A,YPL162C,0,-0.8666366,0.11289083957672119,0.9980601072311401,0.8111144304275513
YOR056C,YMR268C,0,-0.8672794,0.1128784567117691,0.9980601072311401,0.8112147450447083
YPL132W,YJR125C,0,-0.86803925,0.11286607384681702,0.9980601072311401,0.8113150596618652
YML024W,YBR057C,0,-0.86808336,0.11285369843244553,0.9980601072311401,0.8114153742790222
YCR071C,YGR038C-B,0,-0.86836004,0.11284132301807404,0.9980601072311401,0.8115156888961792
YCR071C,YNL197C,0,-0.87183875,0.11282894760370255,0.9980601072311401,0.8116160035133362
YGR271C-A,YNR049C,0,-0.87264335,0.11281657963991165,0.9980601072311401,0.8117163181304932
YOR178C,YLL010C,0,-0.87315387,0.11280421167612076,0.9980601072311401,0.8118166327476501
YHR065C,YML014W,0,-0.8745687,0.11279184371232986,0.9980601072311401,0.8119169473648071
YHL013C,YHR032W,0,-0.8749586,0.11277948319911957,0.9980601072311401,0.8120172619819641
YKR045C,YGL054C,0,-0.8750993,0.11276712268590927,0.9980601072311401,0.8121175765991211
YOL039W,YHR084W,0,-0.8792399,0.11275476962327957,0.9980601072311401,0.8122178912162781
YMR288W,YFL018C,0,-0.87939525,0.11274240911006927,0.9980601072311401,0.8123182058334351
YKL211C,YJR002W,0,-0.8796075,0.11273006349802017,0.9980601072311401,0.812418520450592
YIL157C,YLR110C,0,-0.88025296,0.11271771043539047,0.9980601072311401,0.812518835067749
YDR489W,YMR083W,0,-0.8805986,0.11270536482334137,0.9980601072311401,0.8126190900802612
YPR020W,YJR159W,0,-0.881948,0.11269302666187286,0.9980601072311401,0.8127194046974182
YMR199W,YGR092W,0,-0.8832702,0.11268068104982376,0.9980601072311401,0.8128197193145752
YGL023C,YBR298C,0,-0.8840312,0.11266834288835526,0.9980601072311401,0.8129200339317322
YGR059W,YOL044W,0,-0.8843553,0.11265601217746735,0.9980601072311401,0.8130203485488892
YCR008W,YOL068C,0,-0.88720465,0.11264368146657944,0.9980601072311401,0.8131206631660461
YFR055W,YDR208W,0,-0.8883663,0.11263135075569153,0.9980601072311401,0.8132209777832031
YMR293C,YGL134W,0,-0.88887674,0.11261902004480362,0.9980601072311401,0.8133212924003601
YHR063C,YJL113W,0,-0.8916315,0.11260669678449631,0.9980601072311401,0.8134216070175171
YDR142C,YDR162C,0,-0.8924988,0.112594373524189,0.9980601072311401,0.8135219216346741
YLR275W,YGL254W,0,-0.8925178,0.11258205771446228,0.9980601072311401,0.813622236251831
YGR227W,YDR354W,0,-0.8945817,0.11256974190473557,0.9980601072311401,0.813722550868988
YDL010W,YBL003C,0,-0.89468884,0.11255742609500885,0.9980601072311401,0.813822865486145
YER183C,YDL161W,0,-0.89604247,0.11254511773586273,0.9980601072311401,0.813923180103302
YFL053W,YNL014W,0,-0.89975584,0.11253280937671661,0.9980601072311401,0.814023494720459
YFL050C,YIR008C,0,-0.90119183,0.1125205010175705,0.9980601072311401,0.814123809337616
YOL027C,YML111W,0,-0.90261936,0.11250820010900497,0.9980601072311401,0.814224123954773
YNR023W,YCL038C,0,-0.9039799,0.11249589920043945,0.9980601072311401,0.8143243789672852
YGR231C,YBR044C,0,-0.90508413,0.11248360574245453,0.9980601072311401,0.8144246935844421
YOL006C,YPR009W,0,-0.905303,0.11247130483388901,0.9980601072311401,0.8145250082015991
YJR017C,YDR489W,0,-0.9056777,0.11245901882648468,0.9980601072311401,0.8146253228187561
YML078W,YBL016W,0,-0.9060232,0.11244672536849976,0.9980601072311401,0.8147256374359131
YIR033W,YGR087C,0,-0.9082189,0.11243443936109543,0.9980601072311401,0.8148259520530701
YOL094C,YMR263W,0,-0.90832347,0.1124221533536911,0.9980601072311401,0.814926266670227
YPL217C,YDL236W,0,-0.908602,0.11240987479686737,0.9980601072311401,0.815026581287384
YOL034W,YML010W,0,-0.9090785,0.11239759624004364,0.9980601072311401,0.815126895904541
YPR151C,YKL221W,0,-0.90959406,0.11238531768321991,0.9980601072311401,0.815227210521698
YOR344C,YMR044W,0,-0.90968794,0.11237304657697678,0.9980601072311401,0.815327525138855
YJL074C,YGR132C,0,-0.9102224,0.11236077547073364,0.9980601072311401,0.815427839756012
YNL090W,YJR091C,0,-0.91409385,0.1123485118150711,0.9980601072311401,0.815528154373169
YLR013W,YGR038C-B,0,-0.91736805,0.11233624815940857,0.9980601072311401,0.8156284689903259
YEL042W,YOR198C,0,-0.91857886,0.11232398450374603,0.9980601072311401,0.8157287836074829
YHR152W,YDR206W,0,-0.92199117,0.1123117208480835,0.9980601072311401,0.8158290982246399
YDR314C,YER073W,0,-0.92227024,0.11229946464300156,0.9980601072311401,0.8159293532371521
YPR018W,YPL241C,0,-0.92435634,0.11228720843791962,0.9980601072311401,0.8160296678543091
YDR073W,YLR423C,0,-0.924805,0.11227495968341827,0.9980601072311401,0.8161299824714661
YBL018C,YPL266W,0,-0.92600095,0.11226271092891693,0.9980601072311401,0.816230297088623
YBR126C,YHR016C,0,-0.9270819,0.11225046217441559,0.9980601072311401,0.81633061170578
YFL034C-B,YMR309C,0,-0.927774,0.11223822087049484,0.9980601072311401,0.816430926322937
YGL033W,YGL013C,0,-0.92824197,0.1122259795665741,0.9980601072311401,0.816531240940094
YPL003W,YPL187W,0,-0.92994356,0.11221373826265335,0.9980601072311401,0.816631555557251
YNR056C,YML038C,0,-0.93176436,0.1122015044093132,0.9980601072311401,0.816731870174408
YCL040W,YBL018C,0,-0.9322307,0.11218927055597305,0.9980601072311401,0.8168321847915649
YFL034C-B,YNR075W,0,-0.9329932,0.1121770441532135,0.9980601072311401,0.8169324994087219
YER141W,YER157W,0,-0.93358064,0.11216481029987335,0.9980601072311401,0.8170328140258789
YJR067C,YNL327W,0,-0.93359506,0.1121525913476944,0.9980601072311401,0.8171331286430359
YNL126W,YKR099C-A,0,-0.9369184,0.11214036494493484,0.9980601072311401,0.8172334432601929
YLR342W,YNL005C,0,-0.93726546,0.11212814599275589,0.9980601072311401,0.8173337578773499
YGL250W,YGR249W,0,-0.93727744,0.11211592704057693,0.9980601072311401,0.8174340724945068
YER065C,YFL022C,0,-0.9380397,0.11210371553897858,0.9980601072311401,0.817534327507019
YGR195W,YOL130W,0,-0.9389759,0.11209150403738022,0.9980601072311401,0.817634642124176
YNL090W,YDR147W,0,-0.9394716,0.11207929253578186,0.9980601072311401,0.817734956741333
YMR199W,YPL192C,0,-0.94060826,0.1120670884847641,0.9980601072311401,0.81783527135849
YFR028C,YBL071W-A,0,-0.9416125,0.11205488443374634,0.9980601072311401,0.817935585975647
YAR050W,YCR066W,0,-0.94316155,0.11204268038272858,0.9980601072311401,0.818035900592804
YLR013W,YNL087W,0,-0.9443466,0.11203048378229141,0.9980601072311401,0.8181362152099609
YNL300W,YFR055W,0,-0.94436026,0.11201828718185425,0.9980601072311401,0.8182365298271179
YPL241C,YAR066W,0,-0.9456159,0.11200609803199768,0.9980601072311401,0.8183368444442749
YOL115W,YIL031W,0,-0.94594884,0.11199390143156052,0.9980601072311401,0.8184371590614319
YLR069C,YLR110C,0,-0.9474561,0.11198171973228455,0.9980601072311401,0.8185374736785889
YNR063W,YOL068C,0,-0.94789386,0.11196953058242798,0.9980601072311401,0.8186377882957458
YBR217W,YCL027C-A,0,-0.94847536,0.11195734888315201,0.9980601072311401,0.8187381029129028
YER124C,YJL036W,0,-0.9500124,0.11194516718387604,0.9980601072311401,0.8188384175300598
YCR042C,YKL221W,0,-0.9508369,0.11193299293518066,0.9980601072311401,0.8189387321472168
YCR089W,YBR167C,0,-0.95149714,0.11192081868648529,0.9980601072311401,0.8190390467643738
YLR166C,YCR033W,0,-0.95178807,0.11190864443778992,0.9980601072311401,0.8191393613815308
YJL145W,YDL236W,0,-0.95181805,0.11189647763967514,0.9980601072311401,0.819239616394043
YIL105C,YHR166C,0,-0.9521781,0.11188431084156036,0.9980601072311401,0.8193399310112
YFL050C,YER157W,0,-0.9525592,0.11187214404344559,0.9980601072311401,0.8194402456283569
YBL042C,YIR008C,0,-0.9525932,0.11185998469591141,0.9980601072311401,0.8195405602455139
YNR054C,YKL139W,0,-0.9537164,0.11184782534837723,0.9980601072311401,0.8196408748626709
YPL053C,YAR008W,0,-0.95590925,0.11183567345142365,0.9980601072311401,0.8197411894798279
YNL300W,YKR001C,0,-0.9562668,0.11182351410388947,0.9980601072311401,0.8198415040969849
YIL158W,YNL229C,0,-0.9563229,0.11181136220693588,0.9980601072311401,0.8199418187141418
YPR145W,YLR002C,0,-0.95671284,0.1117992177605629,0.9980601072311401,0.8200421333312988
YGL099W,YNL197C,0,-0.95897377,0.11178707331418991,0.9980601072311401,0.8201424479484558
YPL212C,YEL003W,0,-0.96056604,0.11177492886781693,0.9980601072311401,0.8202427625656128
YGR133W,YHR062C,0,-0.96057373,0.11176279187202454,0.9980601072311401,0.8203430771827698
YBL084C,YPR009W,0,-0.9617253,0.11175065487623215,0.9980601072311401,0.8204433917999268
YLR340W,YNL252C,0,-0.96263,0.11173851788043976,0.9980601072311401,0.8205437064170837
YOR196C,YNL275W,0,-0.9629323,0.11172638088464737,0.9980601072311401,0.8206440210342407
YFR042W,YHR007C,0,-0.9646173,0.11171425133943558,0.9980601072311401,0.8207443356513977
YPL132W,YKL176C,0,-0.9649854,0.11170212924480438,0.9980601072311401,0.8208445906639099
YKL049C,YGR027W-A,0,-0.9664469,0.11168999969959259,0.9980601072311401,0.8209449052810669
YPL016W,YOR077W,0,-0.96710175,0.11167788505554199,0.9980601072311401,0.8210452198982239
YNL315C,YFL002C,0,-0.9681814,0.1116657629609108,0.9980601072311401,0.8211455345153809
YNL252C,YPL072W,0,-0.96853244,0.1116536483168602,0.9980601072311401,0.8212458491325378
YEL055C,YMR190C,0,-0.96868926,0.1116415336728096,0.9980601072311401,0.8213461637496948
YML062C,YOR073W,0,-0.9688102,0.111629419028759,0.9980601072311401,0.8214464783668518
YLR226W,YOL130W,0,-0.97128844,0.111617311835289,0.9980601072311401,0.8215467929840088
YDR538W,YGR172C,0,-0.97254336,0.111605204641819,0.9980601072311401,0.8216471076011658
YJR067C,YMR199W,0,-0.9734662,0.1115931048989296,0.9980601072311401,0.8217474222183228
YBL027W,YLR095C,0,-0.9739289,0.11158100515604019,0.9980601072311401,0.8218477368354797
YBR253W,YDL156W,0,-0.97492146,0.11156890541315079,0.9980601072311401,0.8219480514526367
YDL002C,YDR163W,0,-0.97504836,0.11155680567026138,0.9980601072311401,0.8220483660697937
YGR278W,YDR051C,0,-0.9792719,0.11154471337795258,0.9980601072311401,0.8221486806869507
YAR071W,YKR024C,0,-0.98219246,0.11153262853622437,0.9980601072311401,0.8222489953041077
YIR028W,YLR035C,0,-0.98246986,0.11152053624391556,0.9980601072311401,0.8223493099212646
YBR235W,YMR106C,0,-0.98258567,0.11150845140218735,0.9980601072311401,0.8224495649337769
YIL091C,YPL232W,0,-0.98295367,0.11149636656045914,0.9980601072311401,0.8225498795509338
YDR462W,YER118C,0,-0.98364997,0.11148428916931152,0.9980601072311401,0.8226501941680908
YKL176C,YKR045C,0,-0.9839912,0.11147221177816391,0.9980601072311401,0.8227505087852478
YJL204C,YGL234W,0,-0.98408407,0.1114601418375969,0.9980601072311401,0.8228508234024048
YKR010C,YLR136C,0,-0.98421764,0.11144806444644928,0.9980601072311401,0.8229511380195618
YGR207C,YOR295W,0,-0.9856259,0.11143599450588226,0.9980601072311401,0.8230514526367188
YIL091C,YEL071W,0,-0.98635554,0.11142393201589584,0.9980601072311401,0.8231517672538757
YBL084C,YJL100W,0,-0.986376,0.11141186952590942,0.9980601072311401,0.8232520818710327
YLR336C,YML008C,0,-0.98660654,0.111399807035923,0.9980601072311401,0.8233523964881897
YPL030W,YOR205C,0,-0.9869224,0.11138774454593658,0.9980601072311401,0.8234527111053467
YNL222W,YJL118W,0,-0.9874828,0.11137568950653076,0.9980601072311401,0.8235530257225037
YBR298C,YKL065C,0,-0.9875995,0.11136363446712494,0.9980601072311401,0.8236533403396606
YER183C,YOR339C,0,-0.9877598,0.11135158687829971,0.9980601072311401,0.8237536549568176
YKL127W,YLL054C,0,-0.9922223,0.11133953928947449,0.9980601072311401,0.8238539695739746
YER001W,YER094C,0,-0.9943696,0.11132749170064926,0.9980601072311401,0.8239542841911316
YOL097C,YMR277W,0,-0.99512184,0.11131545156240463,0.9980601072311401,0.8240545988082886
YBL100W-A,YPR056W,0,-0.9959924,0.1113034039735794,0.9980601072311401,0.8241548538208008
YLR084C,YIL063C,0,-0.9960759,0.11129137128591537,0.9980601072311401,0.8242551684379578
YDR119W,YLL032C,0,-0.99688596,0.11127933114767075,0.9980601072311401,0.8243554830551147
YLR116W,YNR046W,0,-0.99827003,0.11126729846000671,0.9980601072311401,0.8244557976722717
YNL124W,YNL106C,0,-1.0017673,0.11125527322292328,0.9980601072311401,0.8245561122894287
YER172C,YOR197W,0,-1.0020008,0.11124324053525925,0.9980601072311401,0.8246564269065857
YFR046C,YGR132C,0,-1.0022435,0.11123121529817581,0.9980601072311401,0.8247567415237427
YOL115W,YNL315C,0,-1.0026901,0.11121919751167297,0.9980601072311401,0.8248570561408997
YNL075W,YKL018W,0,-1.0029745,0.11120717972517014,0.9980601072311401,0.8249573707580566
YPL227C,YPL086C,0,-1.0040712,0.1111951619386673,0.9980601072311401,0.8250576853752136
YNR012W,YGL012W,0,-1.0045482,0.11118314415216446,0.9980601072311401,0.8251579999923706
YNL088W,YOR017W,0,-1.0075499,0.11117113381624222,0.9980601072311401,0.8252583146095276
YDR058C,YCL026C-A,0,-1.0079356,0.11115912348031998,0.9980601072311401,0.8253586292266846
YJR159W,YNL014W,0,-1.0085465,0.11114711314439774,0.9980601072311401,0.8254589438438416
YDR184C,YDR382W,0,-1.0130012,0.11113511025905609,0.9980601072311401,0.8255592584609985
YKR045C,YPL008W,0,-1.0151036,0.11112310737371445,0.9980601072311401,0.8256595730781555
YBL036C,YHL013C,0,-1.0162387,0.1111111119389534,0.9980601072311401,0.8257598280906677
YHR216W,YFL018C,0,-1.0175455,0.11109911650419235,0.9980601072311401,0.8258601427078247
YMR190C,YKL120W,0,-1.0191591,0.1110871210694313,0.9980601072311401,0.8259604573249817
YDL161W,YGL175C,0,-1.0196269,0.11107513308525085,0.9980601072311401,0.8260607719421387
YOL094C,YJL074C,0,-1.0198848,0.11106313765048981,0.9980601072311401,0.8261610865592957
YDL226C,YHR019C,0,-1.0215387,0.11105115711688995,0.9980601072311401,0.8262614011764526
YIL073C,YBR014C,0,-1.021723,0.1110391691327095,0.9980601072311401,0.8263617157936096
YDL226C,YMR323W,0,-1.0218716,0.11102718859910965,0.9980601072311401,0.8264620304107666
YER026C,YAL055W,0,-1.0232205,0.1110152155160904,0.9980601072311401,0.8265623450279236
YDR119W,YBL100W-A,0,-1.0248055,0.11100323498249054,0.9980601072311401,0.8266626596450806
YPL016W,YLR226W,0,-1.0252763,0.11099126189947128,0.9980601072311401,0.8267629742622375
YEL063C,YGR148C,0,-1.0280967,0.11097928881645203,0.9980601072311401,0.8268632888793945
YPL211W,YBR216C,0,-1.0288206,0.11096732318401337,0.9980601072311401,0.8269636034965515
YKL209C,YHR128W,0,-1.0294158,0.11095535755157471,0.9980601072311401,0.8270639181137085
YBR210W,YLL005C,0,-1.0298984,0.11094339936971664,0.9980601072311401,0.8271642327308655
YNL075W,YML121W,0,-1.0304013,0.11093143373727798,0.9980601072311401,0.8272645473480225
YHR112C,YJR113C,0,-1.0306551,0.11091947555541992,0.9980601072311401,0.8273648023605347
YBR098W,YCR034W,0,-1.0308781,0.11090752482414246,0.9980601072311401,0.8274651169776917
YOL113W,YGR027W-A,0,-1.0335279,0.11089557409286499,0.9980601072311401,0.8275654315948486
YBL066C,YDL161W,0,-1.0338181,0.11088362336158752,0.9980601072311401,0.8276657462120056
YHR187W,YNR051C,0,-1.0344584,0.11087167263031006,0.9980601072311401,0.8277660608291626
YPR058W,YKR045C,0,-1.0347738,0.11085972934961319,0.9980601072311401,0.8278663754463196
YOL033W,YGL187C,0,-1.0371513,0.11084778606891632,0.9980601072311401,0.8279666900634766
YNL071W,YDR506C,0,-1.0376488,0.11083585023880005,0.9980601072311401,0.8280670046806335
YGR186W,YDL150W,0,-1.0388409,0.11082390695810318,0.9980601072311401,0.8281673192977905
YER183C,YEL071W,0,-1.0402545,0.1108119785785675,0.9980601072311401,0.8282676339149475
YNL024C-A,YPL079W,0,-1.040662,0.11080004274845123,0.9980601072311401,0.8283679485321045
YML038C,YML062C,0,-1.0415621,0.11078811436891556,0.9980601072311401,0.8284682631492615
YPR058W,YDR198C,0,-1.0427371,0.11077618598937988,0.9980601072311401,0.8285685777664185
YPR058W,YPL170W,0,-1.0429615,0.1107642650604248,0.9980601072311401,0.8286688923835754
YNL047C,YNL256W,0,-1.0432152,0.11075234413146973,0.9980601072311401,0.8287692070007324
YIL065C,YLR453C,0,-1.0443568,0.11074042320251465,0.9980601072311401,0.8288695216178894
YIR021W,YGL234W,0,-1.0445046,0.11072850227355957,0.9980601072311401,0.8289697766304016
YNL241C,YGR163W,0,-1.0450875,0.11071658879518509,0.9980601072311401,0.8290700912475586
YFL024C,YBL005W-A,0,-1.0455332,0.1107046827673912,0.9980601072311401,0.8291704058647156
YPR020W,YDR484W,0,-1.0459986,0.11069276928901672,0.9980601072311401,0.8292707204818726
YOL146W,YBR039W,0,-1.0465167,0.11068086326122284,0.9980601072311401,0.8293710350990295
YBL050W,YDR314C,0,-1.047686,0.11066896468400955,0.9980601072311401,0.8294713497161865
YDL150W,YLR022C,0,-1.0478222,0.11065705865621567,0.9980601072311401,0.8295716643333435
YLR138W,YEL026W,0,-1.048914,0.11064516007900238,0.9980601072311401,0.8296719789505005
YBR077C,YDL052C,0,-1.0492324,0.11063326895236969,0.9980601072311401,0.8297722935676575
YIL157C,YOR010C,0,-1.0503572,0.1106213703751564,0.9980601072311401,0.8298726081848145
YMR202W,YKL176C,0,-1.0510606,0.11060947924852371,0.9980601072311401,0.8299729228019714
YMR288W,YFL002C,0,-1.0514333,0.11059759557247162,0.9980601072311401,0.8300732374191284
YOL097C,YBR021W,0,-1.0520895,0.11058570444583893,0.9980601072311401,0.8301735520362854
YCR073C,YIL099W,0,-1.0526878,0.11057382076978683,0.9980601072311401,0.8302738666534424
YHR003C,YHL013C,0,-1.0528922,0.11056194454431534,0.9980601072311401,0.8303741812705994
YOR010C,YDL122W,0,-1.0558472,0.11055006086826324,0.9980601072311401,0.8304744958877563
YOR017W,YJL203W,0,-1.0563729,0.11053819209337234,0.9980601072311401,0.8305748105049133
YBL016W,YKR039W,0,-1.0569642,0.11052631586790085,0.9980601072311401,0.8306750655174255
YJR137C,YKR046C,0,-1.0596706,0.11051444709300995,0.9980601072311401,0.8307753801345825
YPL256C,YML065W,0,-1.0600464,0.11050257831811905,0.9980601072311401,0.8308756947517395
YDL020C,YBR014C,0,-1.06094,0.11049070954322815,0.9980601072311401,0.8309760093688965
YDR506C,YDR522C,0,-1.0614927,0.11047884821891785,0.9980601072311401,0.8310763239860535
YGL224C,YKL152C,0,-1.0625031,0.11046698689460754,0.9980601072311401,0.8311766386032104
YBR021W,YOR188W,0,-1.0625789,0.11045513302087784,0.9980601072311401,0.8312769532203674
YKR092C,YOR133W,0,-1.0626732,0.11044327914714813,0.9980601072311401,0.8313772678375244
YPL023C,YBR083W,0,-1.0628068,0.11043142527341843,0.9980601072311401,0.8314775824546814
YFL034C-B,YLR355C,0,-1.0631931,0.11041957139968872,0.9980601072311401,0.8315778970718384
YIR034C,YKL084W,0,-1.0642356,0.11040772497653961,0.9980601072311401,0.8316782116889954
YAL014C,YER160C,0,-1.0649004,0.1103958785533905,0.9980601072311401,0.8317785263061523
YKR010C,YGL153W,0,-1.0663468,0.11038403958082199,0.9980601072311401,0.8318788409233093
YKR067W,YPL266W,0,-1.067677,0.11037220060825348,0.9980601072311401,0.8319791555404663
YPL255W,YDL150W,0,-1.0677086,0.11036036163568497,0.9980601072311401,0.8320794701576233
YKL160W,YDL010W,0,-1.0683123,0.11034852266311646,0.9980601072311401,0.8321797847747803
YDL155W,YCR034W,0,-1.0702667,0.11033669114112854,0.9980601072311401,0.8322800397872925
YOR188W,YPL066W,0,-1.0725343,0.11032485961914062,0.9980601072311401,0.8323803544044495
YKL137W,YGR041W,0,-1.0734314,0.1103130355477333,0.9980601072311401,0.8324806690216064
YPL227C,YKL120W,0,-1.0741146,0.11030121147632599,0.9980601072311401,0.8325809836387634
YDR540C,YDR409W,0,-1.0741576,0.11028938740491867,0.9980601072311401,0.8326812982559204
YAL032C,YER074W-A,0,-1.0754654,0.11027757078409195,0.9980601072311401,0.8327816128730774
YBL042C,YPL164C,0,-1.075749,0.11026575416326523,0.9980601072311401,0.8328819274902344
YDL212W,YDR027C,0,-1.0764129,0.11025393754243851,0.9980601072311401,0.8329822421073914
YHR079C-A,YML029W,0,-1.0766149,0.11024212837219238,0.9980601072311401,0.8330825567245483
YER016W,YML010W,0,-1.0770247,0.11023031920194626,0.9980601072311401,0.8331828713417053
YJR014W,YOR360C,0,-1.0786119,0.11021851003170013,0.9980601072311401,0.8332831859588623
YHR072W,YFR028C,0,-1.0793657,0.11020670086145401,0.9980601072311401,0.8333835005760193
YMR113W,YGL257C,0,-1.0807669,0.11019489914178848,0.9980601072311401,0.8334838151931763
YGR096W,YHL013C,0,-1.0807949,0.11018310487270355,0.9980601072311401,0.8335841298103333
YLR372W,YNL256W,0,-1.082855,0.11017130315303802,0.9980601072311401,0.8336844444274902
YNL139C,YBL099W,0,-1.0831695,0.1101595088839531,0.9980601072311401,0.8337847590446472
YLR405W,YPR185W,0,-1.083844,0.11014772206544876,0.9980601072311401,0.8338850140571594
YMR197C,YIL168W,0,-1.0843763,0.11013592779636383,0.9980601072311401,0.8339853286743164
YDR462W,YOR368W,0,-1.0862684,0.1101241409778595,0.9980601072311401,0.8340856432914734
YNL097C,YIL122W,0,-1.0868634,0.11011236160993576,0.9980601072311401,0.8341859579086304
YNL067W,YGL201C,0,-1.0876622,0.11010057479143143,0.9980601072311401,0.8342862725257874
YGL023C,YLR393W,0,-1.0881355,0.11008879542350769,0.9980601072311401,0.8343865871429443
YHL007C,YNL067W,0,-1.088147,0.11007702350616455,0.9980601072311401,0.8344869017601013
YOR368W,YLR275W,0,-1.088772,0.11006524413824081,0.9980601072311401,0.8345872163772583
YLR057W,YNL169C,0,-1.0919218,0.11005347222089767,0.9980601072311401,0.8346875309944153
YBL099W,YJR161C,0,-1.0921398,0.11004170775413513,0.9980601072311401,0.8347878456115723
YBR258C,YAL055W,0,-1.093209,0.11002994328737259,0.9980601072311401,0.8348881602287292
YPR145W,YLR071C,0,-1.0940839,0.11001817882061005,0.9980601072311401,0.8349884748458862
YLL052C,YNL220W,0,-1.0954674,0.1100064143538475,0.9980601072311401,0.8350887894630432
YAR050W,YBL040C,0,-1.0957065,0.10999465733766556,0.9980601072311401,0.8351891040802002
YNL169C,YER001W,0,-1.0978007,0.10998290032148361,0.9980601072311401,0.8352894186973572
YER146W,YLR210W,0,-1.098102,0.10997114330530167,0.9980601072311401,0.8353897333145142
YKL167C,YLR308W,0,-1.0981454,0.10995939373970032,0.9980601072311401,0.8354900479316711
YNL245C,YNL265C,0,-1.0983067,0.10994764417409897,0.9980601072311401,0.8355903029441833
YLR135W,YLR066W,0,-1.0985426,0.10993589460849762,0.9980601072311401,0.8356906175613403
YDR006C,YGR289C,0,-1.1016974,0.10992415249347687,0.9980601072311401,0.8357909321784973
YMR293C,YLL010C,0,-1.1023586,0.10991241037845612,0.9980601072311401,0.8358912467956543
YGL023C,YIL015W,0,-1.1032968,0.10990067571401596,0.9980601072311401,0.8359915614128113
YIL162W,YLR410W,0,-1.1057582,0.10988893359899521,0.9980601072311401,0.8360918760299683
YHR104W,YER001W,0,-1.1063428,0.10987719893455505,0.9980601072311401,0.8361921906471252
YBR004C,YIL122W,0,-1.1075734,0.1098654717206955,0.9980601072311401,0.8362925052642822
YDL207W,YKL160W,0,-1.108208,0.10985374450683594,0.9980601072311401,0.8363928198814392
YPL212C,YBL097W,0,-1.1085281,0.10984201729297638,0.9980601072311401,0.8364931344985962
YPL132W,YCR088W,0,-1.1088672,0.10983029007911682,0.9980601072311401,0.8365934491157532
YFL052W,YNL047C,0,-1.1094003,0.10981857031583786,0.9980601072311401,0.8366937637329102
YDR363W,YGL175C,0,-1.1094047,0.1098068505525589,0.9980601072311401,0.8367940783500671
YOL094C,YMR283C,0,-1.1104419,0.10979513078927994,0.9980601072311401,0.8368943929672241
YLL036C,YKR029C,0,-1.1126806,0.10978341847658157,0.9980601072311401,0.8369947075843811
YPR145W,YPL255W,0,-1.1149561,0.10977170616388321,0.9980601072311401,0.8370950222015381
YJR007W,YDR489W,0,-1.1154819,0.10976000130176544,0.9980601072311401,0.8371952772140503
YGL023C,YOR144C,0,-1.1160235,0.10974829643964767,0.9980601072311401,0.8372955918312073
YNL072W,YJL099W,0,-1.1187563,0.10973659157752991,0.9980601072311401,0.8373959064483643
YCR066W,YDR180W,0,-1.119172,0.10972488671541214,0.9980601072311401,0.8374962210655212
YHR007C,YBL100W-A,0,-1.1193027,0.10971318930387497,0.9980601072311401,0.8375965356826782
YGL234W,YIL015W,0,-1.1198376,0.1097014918923378,0.9980601072311401,0.8376968502998352
YNL315C,YDL156W,0,-1.1203507,0.10968980193138123,0.9980601072311401,0.8377971649169922
YHR107C,YIL073C,0,-1.121228,0.10967810451984406,0.9980601072311401,0.8378974795341492
YGR068C,YMR134W,0,-1.1216909,0.10966641455888748,0.9980601072311401,0.8379977941513062
YNL126W,YML078W,0,-1.1219045,0.1096547320485115,0.9980601072311401,0.8380981087684631
YFR028C,YKL220C,0,-1.1232262,0.10964304953813553,0.9980601072311401,0.8381984233856201
YLR116W,YOR197W,0,-1.1252632,0.10963136702775955,0.9980601072311401,0.8382987380027771
YPL241C,YJL118W,0,-1.1257753,0.10961968451738358,0.9980601072311401,0.8383990526199341
YDR408C,YML065W,0,-1.1258428,0.1096080094575882,0.9980601072311401,0.8384993672370911
YPL152W,YML019W,0,-1.1265416,0.10959633439779282,0.9980601072311401,0.838599681854248
YPL217C,YOL017W,0,-1.1267831,0.10958466678857803,0.9980601072311401,0.838699996471405
YKR098C,YJL113W,0,-1.1278305,0.10957299172878265,0.9980601072311401,0.8388002514839172
YOR354C,YGL044C,0,-1.1279228,0.10956133157014847,0.9980601072311401,0.8389005661010742
YDR016C,YNR026C,0,-1.1286898,0.10954966396093369,0.9980601072311401,0.8390008807182312
YAR050W,YKL220C,0,-1.1298871,0.1095380038022995,0.9980601072311401,0.8391011953353882
YGR121C,YDR452W,0,-1.1299449,0.10952634364366531,0.9980601072311401,0.8392015099525452
YGL254W,YCR089W,0,-1.1312025,0.10951468348503113,0.9980601072311401,0.8393018245697021
YBR018C,YOL034W,0,-1.1323292,0.10950303077697754,0.9980601072311401,0.8394021391868591
YDR147W,YBR044C,0,-1.1335402,0.10949137806892395,0.9980601072311401,0.8395024538040161
YER118C,YDR162C,0,-1.134082,0.10947973281145096,0.9980601072311401,0.8396027684211731
YBL105C,YIL122W,0,-1.1357719,0.10946808755397797,0.9980601072311401,0.8397030830383301
YOL146W,YGR038C-A,0,-1.138052,0.10945644229650497,0.9980601072311401,0.8398033976554871
YDR184C,YIL168W,0,-1.1388955,0.10944479703903198,0.9980601072311401,0.839903712272644
YLR084C,YKR018C,0,-1.1389804,0.10943315923213959,0.9980601072311401,0.840004026889801
YPL032C,YBR079C,0,-1.1408471,0.10942152142524719,0.9980601072311401,0.840104341506958
YHR016C,YCL026C-A,0,-1.1409037,0.1094098910689354,0.9980601072311401,0.840204656124115
YBR083W,YDR079C-A,0,-1.1424103,0.109398253262043,0.9980601072311401,0.840304970741272
YNL035C,YDR489W,0,-1.1425765,0.1093866303563118,0.9980601072311401,0.840405285358429
YNL072W,YGL023C,0,-1.1432611,0.109375,0.9980601072311401,0.8405055403709412
YML078W,YDR208W,0,-1.1439775,0.1093633770942688,0.9980601072311401,0.8406058549880981
YDR194C,YBR154C,0,-1.1440356,0.1093517541885376,0.9980601072311401,0.8407061696052551
YNL021W,YEL004W,0,-1.1457,0.1093401312828064,0.9980601072311401,0.8408064842224121
YOL097C,YKL137W,0,-1.146562,0.10932851582765579,0.9980601072311401,0.8409067988395691
YEL063C,YOL113W,0,-1.147134,0.10931690037250519,0.9980601072311401,0.8410071134567261
YJL091C,YDR538W,0,-1.1499465,0.10930529236793518,0.9980601072311401,0.8411074280738831
YKR010C,YGR215W,0,-1.1508276,0.10929367691278458,0.9980601072311401,0.84120774269104
YBL004W,YER016W,0,-1.1518571,0.10928207635879517,0.9980601072311401,0.841308057308197
YDR084C,YMR199W,0,-1.151981,0.10927046835422516,0.9980601072311401,0.841408371925354
YLR341W,YNR049C,0,-1.1526034,0.10925886780023575,0.9980601072311401,0.841508686542511
YGL043W,YGL145W,0,-1.1532989,0.10924726724624634,0.9980601072311401,0.841609001159668
YOR128C,YPL003W,0,-1.155644,0.10923566669225693,0.9980601072311401,0.841709315776825
YDL002C,YPL237W,0,-1.1570771,0.10922407358884811,0.9980601072311401,0.8418096303939819
YDR097C,YOR196C,0,-1.1571878,0.1092124804854393,0.9980601072311401,0.8419099450111389
YOR354C,YDR382W,0,-1.1576731,0.10920089483261108,0.9980601072311401,0.8420102596282959
YOR196C,YDR522C,0,-1.1581371,0.10918930172920227,0.9980601072311401,0.8421105146408081
YOR234C,YNL254C,0,-1.1585939,0.10917771607637405,0.9980601072311401,0.8422108292579651
YGL245W,YDL174C,0,-1.159271,0.10916613787412643,0.9980601072311401,0.8423111438751221
YGL043W,YML062C,0,-1.1597589,0.10915455967187881,0.9980601072311401,0.842411458492279
YNL299W,YGL044C,0,-1.1607223,0.1091429814696312,0.9980601072311401,0.842511773109436
YIL023C,YHR094C,0,-1.1624727,0.10913140326738358,0.9980601072311401,0.842612087726593
YDR123C,YDR141C,0,-1.1632252,0.10911983251571655,0.9980601072311401,0.84271240234375
YMR079W,YKL167C,0,-1.1632636,0.10910826176404953,0.9980601072311401,0.842812716960907
YBR265W,YJR067C,0,-1.1637796,0.10909669101238251,0.9980601072311401,0.842913031578064
YPL212C,YPL024W,0,-1.1645455,0.10908512771129608,0.9980601072311401,0.843013346195221
YKR013W,YDL103C,0,-1.16548,0.10907356441020966,0.9980601072311401,0.8431136608123779
YGR090W,YLR376C,0,-1.1665623,0.10906200110912323,0.9980601072311401,0.8432139754295349
YKL163W,YGL125W,0,-1.1671937,0.1090504452586174,0.9980601072311401,0.8433142900466919
YJR091C,YPL230W,0,-1.1686106,0.10903888940811157,0.9980601072311401,0.8434146046638489
YFR009W,YOR312C,0,-1.1688651,0.10902733355760574,0.9980601072311401,0.8435149192810059
YMR190C,YHR084W,0,-1.1690317,0.10901578515768051,0.9980601072311401,0.8436152338981628
YJL051W,YLL036C,0,-1.1707499,0.10900423675775528,0.9980601072311401,0.843715488910675
YML118W,YKL120W,0,-1.1749928,0.10899268835783005,0.9980601072311401,0.843815803527832
YLR406C,YGL175C,0,-1.177003,0.10898114740848541,0.9980601072311401,0.843916118144989
YFL009W,YML123C,0,-1.1770288,0.10896960645914078,0.9980601072311401,0.844016432762146
YLR388W,YBL009W,0,-1.1780071,0.10895806550979614,0.9980601072311401,0.844116747379303
YCL026C-A,YOL049W,0,-1.1790845,0.1089465320110321,0.9980601072311401,0.84421706199646
YBL084C,YJL203W,0,-1.1807387,0.10893499851226807,0.9980601072311401,0.8443173766136169
YAR008W,YOR284W,0,-1.1808797,0.10892346501350403,0.9980601072311401,0.8444176912307739
YPR079W,YNR075W,0,-1.1830202,0.10891193896532059,0.9980601072311401,0.8445180058479309
YNL257C,YDR141C,0,-1.1833466,0.10890041291713715,0.9980601072311401,0.8446183204650879
YGR247W,YER058W,0,-1.183394,0.1088888868689537,0.9980601072311401,0.8447186350822449
YPL069C,YOR375C,0,-1.1837116,0.10887736827135086,0.9980601072311401,0.8448189496994019
YER157W,YNL256W,0,-1.1851428,0.10886584967374802,0.9980601072311401,0.8449192643165588
YNL148C,YJL100W,0,-1.1862183,0.10885433107614517,0.9980601072311401,0.8450195789337158
YNR056C,YHR072W,0,-1.1863921,0.10884281992912292,0.9980601072311401,0.8451198935508728
YGR271C-A,YKL148C,0,-1.1868424,0.10883130878210068,0.9980601072311401,0.8452202081680298
YAL032C,YMR167W,0,-1.1870952,0.10881979763507843,0.9980601072311401,0.8453205227851868
YJR091C,YHR203C,0,-1.1874937,0.10880828648805618,0.9980601072311401,0.845420777797699
YPL088W,YJL113W,0,-1.1885773,0.10879678279161453,0.9980601072311401,0.845521092414856
YOL110W,YNL106C,0,-1.189322,0.10878528654575348,0.9980601072311401,0.8456214070320129
YML118W,YNL252C,0,-1.1893637,0.10877378284931183,0.9980601072311401,0.8457217216491699
YKL113C,YNL030W,0,-1.1901183,0.10876228660345078,0.9980601072311401,0.8458220362663269
YGL017W,YLR233C,0,-1.1910567,0.10875079035758972,0.9980601072311401,0.8459223508834839
YGR041W,YPR022C,0,-1.1924714,0.10873930156230927,0.9980601072311401,0.8460226655006409
YHR001W,YGL257C,0,-1.1957655,0.10872781276702881,0.9980601072311401,0.8461229801177979
YDR450W,YGL077C,0,-1.1958221,0.10871632397174835,0.9980601072311401,0.8462232947349548
YGR203W,YER183C,0,-1.197597,0.1087048351764679,0.9980601072311401,0.8463236093521118
YBR293W,YHR196W,0,-1.2024177,0.10869335383176804,0.9980601072311401,0.8464239239692688
YJR161C,YJR077C,0,-1.2041075,0.10868187248706818,0.9980601072311401,0.8465242385864258
YKL096W,YDL014W,0,-1.2051361,0.10867039859294891,0.9980601072311401,0.8466245532035828
YHR134W,YIL050W,0,-1.2053336,0.10865892469882965,0.9980601072311401,0.8467248678207397
YJL074C,YOR077W,0,-1.2055882,0.10864745080471039,0.9980601072311401,0.8468251824378967
YFL034C-B,YNR051C,0,-1.2056739,0.10863597691059113,0.9980601072311401,0.8469254970550537
YNL124W,YHR143W-A,0,-1.2067125,0.10862451046705246,0.9980601072311401,0.8470257520675659
YHR062C,YOR133W,0,-1.2069218,0.1086130440235138,0.9980601072311401,0.8471260666847229
YKR013W,YPL128C,0,-1.2070919,0.10860158503055573,0.9980601072311401,0.8472263813018799
YLR233C,YGR091W,0,-1.2072951,0.10859012603759766,0.9980601072311401,0.8473266959190369
YPL227C,YHR141C,0,-1.2076246,0.10857866704463959,0.9980601072311401,0.8474270105361938
YCR024C-A,YMR231W,0,-1.2094404,0.10856720805168152,0.9980601072311401,0.8475273251533508
YML019W,YDL236W,0,-1.2103721,0.10855575650930405,0.9980601072311401,0.8476276397705078
YDR485C,YIL082W-A,0,-1.2116098,0.10854430496692657,0.9980601072311401,0.8477279543876648
YPL045W,YLR135W,0,-1.2132,0.1085328534245491,0.9980601072311401,0.8478282690048218
YDR016C,YLR070C,0,-1.2156928,0.10852140933275223,0.9980601072311401,0.8479285836219788
YJL014W,YJR077C,0,-1.2161559,0.10850996524095535,0.9980601072311401,0.8480288982391357
YJL111W,YFL034C-A,0,-1.2167628,0.10849852114915848,0.9980601072311401,0.8481292128562927
YDR180W,YNL220W,0,-1.2179537,0.1084870845079422,0.9980601072311401,0.8482295274734497
YJL113W,YLR341W,0,-1.2184793,0.10847564786672592,0.9980601072311401,0.8483298420906067
YDL005C,YCL019W,0,-1.2187401,0.10846421122550964,0.9980601072311401,0.8484301567077637
YGL001C,YGL179C,0,-1.2208147,0.10845278203487396,0.9980601072311401,0.8485304713249207
YEL060C,YDL042C,0,-1.221113,0.10844135284423828,0.9980601072311401,0.8486307263374329
YHR007C,YCR079W,0,-1.2211398,0.1084299236536026,0.9980601072311401,0.8487310409545898
YGL134W,YPR065W,0,-1.2232835,0.10841850191354752,0.9980601072311401,0.8488313555717468
YLR002C,YDR484W,0,-1.2237189,0.10840708017349243,0.9980601072311401,0.8489316701889038
YCR027C,YOL001W,0,-1.2251899,0.10839565843343735,0.9980601072311401,0.8490319848060608
YJL209W,YCL026C-A,0,-1.2252208,0.10838424414396286,0.9980601072311401,0.8491322994232178
YOR083W,YLR319C,0,-1.2257562,0.10837282985448837,0.9980601072311401,0.8492326140403748
YBL006C,YBL018C,0,-1.2270031,0.10836141556501389,0.9980601072311401,0.8493329286575317
YPL232W,YKL209C,0,-1.2276952,0.10835000872612,0.9980601072311401,0.8494332432746887
YPL283C,YPR025C,0,-1.2282495,0.10833859443664551,0.9980601072311401,0.8495335578918457
YDR084C,YJR159W,0,-1.2285799,0.10832719504833221,0.9980601072311401,0.8496338725090027
YHR183W,YPR185W,0,-1.2296547,0.10831578820943832,0.9980601072311401,0.8497341871261597
YOL039W,YDR382W,0,-1.2304116,0.10830438882112503,0.9980601072311401,0.8498345017433167
YBR127C,YHR178W,0,-1.2311538,0.10829298943281174,0.9980601072311401,0.8499348163604736
YPL045W,YCR048W,0,-1.2315245,0.10828159749507904,0.9980601072311401,0.8500351309776306
YAR066W,YFL022C,0,-1.2320497,0.10827020555734634,0.9980601072311401,0.8501354455947876
YIL085C,YGL054C,0,-1.2330189,0.10825881361961365,0.9980601072311401,0.8502357602119446
YDR540C,YPL057C,0,-1.2338288,0.10824742168188095,0.9980601072311401,0.8503360152244568
YML038C,YGR271C-A,0,-1.2338638,0.10823603719472885,0.9980601072311401,0.8504363298416138
YDR522C,YFR055W,0,-1.2345394,0.10822465270757675,0.9980601072311401,0.8505366444587708
YDR485C,YKL221W,0,-1.2373289,0.10821326822042465,0.9980601072311401,0.8506369590759277
YOL001W,YOR028C,0,-1.2380073,0.10820189118385315,0.9980601072311401,0.8507372736930847
YNL124W,YNL035C,0,-1.239418,0.10819051414728165,0.9980601072311401,0.8508375883102417
YMR216C,YGR256W,0,-1.2396456,0.10817914456129074,0.9980601072311401,0.8509379029273987
YMR190C,YMR277W,0,-1.2402745,0.10816776752471924,0.9980601072311401,0.8510382175445557
YDR142C,YDR522C,0,-1.2408575,0.10815639793872833,0.9980601072311401,0.8511385321617126
YPL192C,YPL270W,0,-1.2409499,0.10814503580331802,0.9980601072311401,0.8512388467788696
YGL254W,YMR231W,0,-1.2427597,0.10813366621732712,0.9980601072311401,0.8513391613960266
YOL128C,YMR277W,0,-1.2439501,0.10812230408191681,0.9980601072311401,0.8514394760131836
YCR020W-B,YJL203W,0,-1.2443196,0.1081109493970871,0.9980601072311401,0.8515397906303406
YPL128C,YER160C,0,-1.2461501,0.10809958726167679,0.9980601072311401,0.8516401052474976
YJR095W,YML123C,0,-1.2465084,0.10808823257684708,0.9980601072311401,0.8517404198646545
YML033W,YLL015W,0,-1.2466092,0.10807688534259796,0.9980601072311401,0.8518407344818115
YGR198W,YER160C,0,-1.2469413,0.10806553065776825,0.9980601072311401,0.8519409894943237
YCR089W,YFR055W,0,-1.248138,0.10805418342351913,0.9980601072311401,0.8520413041114807
YJL063C,YIL127C,0,-1.2489147,0.10804283618927002,0.9980601072311401,0.8521416187286377
YOR094W,YGL032C,0,-1.249656,0.1080314964056015,0.9980601072311401,0.8522419333457947
YDL181W,YGL156W,0,-1.2498914,0.10802015662193298,0.9980601072311401,0.8523422479629517
YBR258C,YBL042C,0,-1.2507764,0.10800881683826447,0.9980601072311401,0.8524425625801086
YDL181W,YAL009W,0,-1.2514448,0.10799748450517654,0.9980601072311401,0.8525428771972656
YBL046W,YFL002C,0,-1.2517064,0.10798614472150803,0.9980601072311401,0.8526431918144226
YPL020C,YLR022C,0,-1.2521054,0.1079748198390007,0.9980601072311401,0.8527435064315796
YOR141C,YKL209C,0,-1.2529713,0.10796348750591278,0.9980601072311401,0.8528438210487366
YJL063C,YBR019C,0,-1.2533495,0.10795216262340546,0.9980601072311401,0.8529441356658936
YER157W,YJL002C,0,-1.2549424,0.10794083774089813,0.9980601072311401,0.8530444502830505
YDR485C,YOR344C,0,-1.2571888,0.10792951285839081,0.9980601072311401,0.8531447649002075
YPR164W,YIL110W,0,-1.257243,0.10791819542646408,0.9980601072311401,0.8532450795173645
YCR068W,YFL018C,0,-1.2578245,0.10790687799453735,0.9980601072311401,0.8533453941345215
YNL002C,YJL159W,0,-1.2578385,0.10789556801319122,0.9980601072311401,0.8534457087516785
YOL008W,YLR138W,0,-1.2579439,0.1078842505812645,0.9980601072311401,0.8535459637641907
YER065C,YPR164W,0,-1.258326,0.10787294059991837,0.9980601072311401,0.8536462783813477
YPL242C,YOL001W,0,-1.2612298,0.10786163806915283,0.9980601072311401,0.8537465929985046
YOR368W,YPL030W,0,-1.2614722,0.1078503280878067,0.9980601072311401,0.8538469076156616
YGR186W,YOR188W,0,-1.2647933,0.10783902555704117,0.9980601072311401,0.8539472222328186
YNL315C,YFL022C,0,-1.2658472,0.10782773047685623,0.9980601072311401,0.8540475368499756
YGL134W,YKR099C-A,0,-1.2659333,0.1078164279460907,0.9980601072311401,0.8541478514671326
YOL027C,YLL005C,0,-1.2665844,0.10780513286590576,0.9980601072311401,0.8542481660842896
YOR056C,YLR274W,0,-1.267086,0.10779383778572083,0.9980601072311401,0.8543484807014465
YOR190W,YKL209C,0,-1.2677717,0.10778255015611649,0.9980601072311401,0.8544487953186035
YMR266W,YLR399C,0,-1.2683381,0.10777126252651215,0.9980601072311401,0.8545491099357605
YOL097C,YGR166W,0,-1.2690276,0.1077599748969078,0.9980601072311401,0.8546494245529175
YOR293W,YOR344C,0,-1.2706451,0.10774869471788406,0.9980601072311401,0.8547497391700745
YMR278W,YDR363W,0,-1.2728274,0.10773740708827972,0.9980601072311401,0.8548500537872314
YHR094C,YDR266C,0,-1.2731369,0.10772613435983658,0.9980601072311401,0.8549503684043884
YML066C,YOR144C,0,-1.2753145,0.10771485418081284,0.9980601072311401,0.8550506830215454
YJR090C,YCR027C,0,-1.2761979,0.10770358145236969,0.9980601072311401,0.8551509976387024
YLR166C,YKL139W,0,-1.2763941,0.10769230872392654,0.9980601072311401,0.8552512526512146
YLR410W,YBR070C,0,-1.2768016,0.1076810359954834,0.9980601072311401,0.8553515672683716
YDL153C,YDR085C,0,-1.279448,0.10766977071762085,0.9980601072311401,0.8554518818855286
YGR256W,YBR014C,0,-1.2802551,0.1076585054397583,0.9980601072311401,0.8555521965026855
YMR011W,YGL121C,0,-1.2802604,0.10764724016189575,0.9980601072311401,0.8556525111198425
YLR274W,YLR226W,0,-1.2812138,0.1076359823346138,0.9980601072311401,0.8557528257369995
YHR072W,YFL034C-B,0,-1.2821608,0.10762472450733185,0.9980601072311401,0.8558531403541565
YDR446W,YLR002C,0,-1.2825757,0.1076134666800499,0.9980601072311401,0.8559534549713135
YEL063C,YGL033W,0,-1.2833266,0.10760221630334854,0.9980601072311401,0.8560537695884705
YER016W,YBL005W-A,0,-1.2834449,0.10759096592664719,0.9980601072311401,0.8561540842056274
YBL099W,YLR095C,0,-1.2837449,0.10757971554994583,0.9980601072311401,0.8562543988227844
YER183C,YKL127W,0,-1.2841994,0.10756847262382507,0.9980601072311401,0.8563547134399414
YMR014W,YBR008C,0,-1.2855088,0.10755722969770432,0.9980601072311401,0.8564550280570984
YNL152W,YPL030W,0,-1.285933,0.10754598677158356,0.9980601072311401,0.8565553426742554
YER144C,YFR055W,0,-1.286715,0.1075347512960434,0.9980601072311401,0.8566556572914124
YOR035C,YHR203C,0,-1.2878367,0.10752350836992264,0.9980601072311401,0.8567559719085693
YHR079C-A,YGR172C,0,-1.2886779,0.10751228034496307,0.9980601072311401,0.8568562269210815
YLR307W,YNL099C,0,-1.2899244,0.10750104486942291,0.9980601072311401,0.8569565415382385
YDR408C,YNL072W,0,-1.2905245,0.10748981684446335,0.9980601072311401,0.8570568561553955
YNL305C,YLR178C,0,-1.291277,0.10747858881950378,0.9980601072311401,0.8571571707725525
YJR152W,YJL122W,0,-1.2918133,0.10746736079454422,0.9980601072311401,0.8572574853897095
YHL007C,YOL137W,0,-1.292244,0.10745614022016525,0.9980601072311401,0.8573578000068665
YMR154C,YER074W-A,0,-1.2936472,0.10744491964578629,0.9980601072311401,0.8574581146240234
YIL040W,YDL201W,0,-1.2945071,0.10743369907140732,0.9980601072311401,0.8575584292411804
YIL131C,YIL168W,0,-1.2948405,0.10742248594760895,0.9980601072311401,0.8576587438583374
YHR216W,YDR153C,0,-1.2950608,0.10741127282381058,0.9980601072311401,0.8577590584754944
YDR311W,YDR339C,0,-1.2956281,0.10740005970001221,0.9980601072311401,0.8578593730926514
YMR079W,YKR042W,0,-1.2957838,0.10738885402679443,0.9980601072311401,0.8579596877098083
YLR138W,YML065W,0,-1.2958709,0.10737764835357666,0.9980601072311401,0.8580600023269653
YGR192C,YLR355C,0,-1.2962636,0.10736644268035889,0.9980601072311401,0.8581603169441223
YLR166C,YAR066W,0,-1.296275,0.10735524445772171,0.9980601072311401,0.8582606315612793
YLR070C,YOR064C,0,-1.2972565,0.10734404623508453,0.9980601072311401,0.8583609461784363
YIL067C,YMR154C,0,-1.2974596,0.10733284801244736,0.9980601072311401,0.8584612011909485
YAR071W,YOL049W,0,-1.2981584,0.10732164978981018,0.9980601072311401,0.8585615158081055
YDR073W,YPL069C,0,-1.2989181,0.1073104590177536,0.9980601072311401,0.8586618304252625
YPL030W,YMR199W,0,-1.2993941,0.10729926824569702,0.9980601072311401,0.8587621450424194
YJL138C,YDL174C,0,-1.3008022,0.10728808492422104,0.9980601072311401,0.8588624596595764
YOL091W,YFR028C,0,-1.3012503,0.10727689415216446,0.9980601072311401,0.8589627742767334
YKL127W,YIL073C,0,-1.3023652,0.10726571828126907,0.9980601072311401,0.8590630888938904
YGR186W,YJL050W,0,-1.3032951,0.10725453495979309,0.9980601072311401,0.8591634035110474
YBR203W,YML014W,0,-1.3042336,0.1072433590888977,0.9980601072311401,0.8592637181282043
YGR068C,YKL046C,0,-1.307085,0.10723218321800232,0.9980601072311401,0.8593640327453613
YBR021W,YEL071W,0,-1.3071262,0.10722100734710693,0.9980601072311401,0.8594643473625183
YIR021W,YDR540C,0,-1.307302,0.10720983892679214,0.9980601072311401,0.8595646619796753
YKR010C,YOR125C,0,-1.3077713,0.10719866305589676,0.9980601072311401,0.8596649765968323
YHL020C,YNL087W,0,-1.30925,0.10718750208616257,0.9980601072311401,0.8597652912139893
YJL051W,YGR125W,0,-1.3095195,0.10717633366584778,0.9980601072311401,0.8598656058311462
YDR339C,YDR450W,0,-1.3104763,0.10716517269611359,0.9980601072311401,0.8599659204483032
YLR340W,YNL209W,0,-1.3120595,0.1071540117263794,0.9980601072311401,0.8600661754608154
YDL212W,YKL220C,0,-1.3142716,0.1071428582072258,0.9980601072311401,0.8601664900779724
YKL073W,YCR033W,0,-1.317821,0.1071317046880722,0.9980601072311401,0.8602668046951294
YBR073W,YEL026W,0,-1.3181283,0.10712055116891861,0.9980601072311401,0.8603671193122864
YLR051C,YGR231C,0,-1.3197806,0.10710939764976501,0.9980601072311401,0.8604674339294434
YLR342W,YNL312W,0,-1.319804,0.10709825158119202,0.9980601072311401,0.8605677485466003
YOR149C,YKR025W,0,-1.3218782,0.10708710551261902,0.9980601072311401,0.8606680631637573
YMR121C,YLR003C,0,-1.3221922,0.10707595944404602,0.9980601072311401,0.8607683777809143
YPR009W,YPR066W,0,-1.3236187,0.10706482082605362,0.9980601072311401,0.8608686923980713
YML093W,YBL003C,0,-1.3236489,0.10705368220806122,0.9980601072311401,0.8609690070152283
YGR192C,YCR017C,0,-1.3247678,0.10704254359006882,0.9980601072311401,0.8610693216323853
YER011W,YMR268C,0,-1.326693,0.10703141242265701,0.9980601072311401,0.8611696362495422
YIL066C,YDL079C,0,-1.3268812,0.10702028125524521,0.9980601072311401,0.8612699508666992
YDR385W,YGR207C,0,-1.3278189,0.1070091500878334,0.9980601072311401,0.8613702654838562
YPR104C,YGL207W,0,-1.3292544,0.1069980263710022,0.9980601072311401,0.8614705801010132
YHR007C,YAL061W,0,-1.3298796,0.10698690265417099,0.9980601072311401,0.8615708947181702
YHL007C,YLR342W,0,-1.3305385,0.10697577893733978,0.9980601072311401,0.8616712093353271
YBR216C,YIL103W,0,-1.3306706,0.10696465522050858,0.9980601072311401,0.8617714643478394
YOR284W,YHR183W,0,-1.3307301,0.10695353895425797,0.9980601072311401,0.8618717789649963
YOL128C,YNL254C,0,-1.3310964,0.10694242268800735,0.9980601072311401,0.8619720935821533
YGL048C,YPR183W,0,-1.3334467,0.10693131387233734,0.9980601072311401,0.8620724081993103
YDR225W,YCL020W,0,-1.3344376,0.10692019760608673,0.9980601072311401,0.8621727228164673
YFL050C,YOL089C,0,-1.3356307,0.10690908879041672,0.9980601072311401,0.8622730374336243
YDR324C,YCR003W,0,-1.3371841,0.1068979874253273,0.9980601072311401,0.8623733520507812
YPR018W,YJR014W,0,-1.3373439,0.10688687860965729,0.9980601072311401,0.8624736666679382
YMR044W,YML026C,0,-1.3385038,0.10687577724456787,0.9980601072311401,0.8625739812850952
YEL055C,YDR450W,0,-1.3391218,0.10686468333005905,0.9980601072311401,0.8626742959022522
YHR123W,YJL076W,0,-1.3462662,0.10685358196496964,0.9980601072311401,0.8627746105194092
YOR005C,YLR256W,0,-1.3467361,0.10684248805046082,0.9980601072311401,0.8628749251365662
YDR162C,YPR201W,0,-1.3473151,0.106831394135952,0.9980601072311401,0.8629752397537231
YDR017C,YNL256W,0,-1.3501141,0.10682030767202377,0.9980601072311401,0.8630755543708801
YIL016W,YML123C,0,-1.3509231,0.10680921375751495,0.9980601072311401,0.8631758689880371
YMR161W,YNR046W,0,-1.353995,0.10679813474416733,0.9980601072311401,0.8632761836051941
YGR013W,YBR167C,0,-1.354846,0.1067870482802391,0.9980601072311401,0.8633764386177063
YBR104W,YBR167C,0,-1.3549851,0.10677596926689148,0.9980601072311401,0.8634767532348633
YFL024C,YCR068W,0,-1.3555174,0.10676489025354385,0.9980601072311401,0.8635770678520203
YNR032W,YPL230W,0,-1.3559811,0.10675381124019623,0.9980601072311401,0.8636773824691772
YOR140W,YER074W-A,0,-1.3571044,0.1067427396774292,0.9980601072311401,0.8637776970863342
YBR186W,YGR284C,0,-1.3586266,0.10673166811466217,0.9980601072311401,0.8638780117034912
YBR073W,YJR113C,0,-1.3604748,0.10672059655189514,0.9980601072311401,0.8639783263206482
YCR079W,YMR052W,0,-1.3612374,0.10670953243970871,0.9980601072311401,0.8640786409378052
YBR098W,YCL010C,0,-1.3618143,0.10669846832752228,0.9980601072311401,0.8641789555549622
YJL104W,YKR039W,0,-1.3640221,0.10668740421533585,0.9980601072311401,0.8642792701721191
YKR025W,YLR399C,0,-1.3640662,0.10667634010314941,0.9980601072311401,0.8643795847892761
YMR288W,YLR405W,0,-1.3645055,0.10666528344154358,0.9980601072311401,0.8644798994064331
YOL113W,YLR308W,0,-1.3676323,0.10665422677993774,0.9980601072311401,0.8645802140235901
YNL069C,YFR028C,0,-1.3689632,0.1066431775689125,0.9980601072311401,0.8646805286407471
YOR144C,YDL156W,0,-1.3690022,0.10663212090730667,0.9980601072311401,0.864780843257904
YJR047C,YCR071C,0,-1.3718104,0.10662107914686203,0.9980601072311401,0.864881157875061
YGR215W,YPL086C,0,-1.3720737,0.10661002993583679,0.9980601072311401,0.8649814128875732
YJL207C,YOL068C,0,-1.3737907,0.10659898817539215,0.9980601072311401,0.8650817275047302
YHL009C,YIL082W-A,0,-1.3741437,0.10658794641494751,0.9980601072311401,0.8651820421218872
YNR054C,YKL208W,0,-1.3744333,0.10657690465450287,0.9980601072311401,0.8652823567390442
YDR339C,YOL137W,0,-1.3745391,0.10656586289405823,0.9980601072311401,0.8653826713562012
YDR058C,YBR068C,0,-1.3745483,0.10655482858419418,0.9980601072311401,0.8654829859733582
YDL181W,YJL209W,0,-1.3751816,0.10654379427433014,0.9980601072311401,0.8655833005905151
YNR054C,YLR307W,0,-1.3753363,0.10653276741504669,0.9980601072311401,0.8656836152076721
YLL015W,YGL179C,0,-1.3780954,0.10652174055576324,0.9980601072311401,0.8657839298248291
YLR272C,YML010W,0,-1.3789265,0.1065107136964798,0.9980601072311401,0.8658842444419861
YDR027C,YDR267C,0,-1.3844638,0.10649968683719635,0.9980601072311401,0.8659845590591431
YOL146W,YJL010C,0,-1.3862156,0.1064886674284935,0.9980601072311401,0.8660848736763
YBL046W,YGL077C,0,-1.3863206,0.10647764801979065,0.9980601072311401,0.866185188293457
YKR010C,YMR083W,0,-1.3890269,0.1064666286110878,0.9980601072311401,0.866285502910614
YGR275W,YAL047C,0,-1.3927573,0.10645561665296555,0.9980601072311401,0.866385817527771
YPL211W,YDL155W,0,-1.3951734,0.10644460469484329,0.9980601072311401,0.866486132144928
YJL051W,YOL039W,0,-1.3957847,0.10643359273672104,0.9980601072311401,0.866586446762085
YNL002C,YPL232W,0,-1.3968619,0.10642258822917938,0.9980601072311401,0.8666867017745972
YMR011W,YLR069C,0,-1.3990868,0.10641158372163773,0.9980601072311401,0.8667870163917542
YPL029W,YLR110C,0,-1.3991098,0.10640057921409607,0.9980601072311401,0.8668873310089111
YDR385W,YAR008W,0,-1.4013401,0.10638957470655441,0.9980601072311401,0.8669876456260681
YOR178C,YER166W,0,-1.4015105,0.10637857764959335,0.9980601072311401,0.8670879602432251
YDR141C,YEL009C,0,-1.4028168,0.1063675805926323,0.9980601072311401,0.8671882748603821
YDL002C,YKR098C,0,-1.403753,0.10635659098625183,0.9980601072311401,0.8672885894775391
YJR152W,YGR249W,0,-1.4044713,0.10634559392929077,0.9980601072311401,0.867388904094696
YKL101W,YLL015W,0,-1.4062395,0.10633460432291031,0.9980601072311401,0.867489218711853
YPR052C,YIL122W,0,-1.4065053,0.10632362216711044,0.9980601072311401,0.86758953332901
YLR233C,YKR098C,0,-1.4068813,0.10631263256072998,0.9980601072311401,0.867689847946167
YGR133W,YML008C,0,-1.408005,0.10630165040493011,0.9980601072311401,0.867790162563324
YPR101W,YKL139W,0,-1.408802,0.10629067569971085,0.9980601072311401,0.867890477180481
YOR196C,YDR001C,0,-1.4145544,0.10627969354391098,0.9980601072311401,0.8679907917976379
YGR059W,YOR149C,0,-1.4167049,0.10626871883869171,0.9980601072311401,0.8680911064147949
YGR033C,YOR010C,0,-1.4189093,0.10625774413347244,0.9980601072311401,0.8681914210319519
YGL033W,YBR199W,0,-1.4198508,0.10624677687883377,0.9980601072311401,0.8682916760444641
YFL055W,YDR225W,0,-1.422319,0.1062358021736145,0.9980601072311401,0.8683919906616211
YOL034W,YHR084W,0,-1.4226143,0.10622483491897583,0.9980601072311401,0.8684923052787781
YDL079C,YPR094W,0,-1.422805,0.10621387511491776,0.9980601072311401,0.8685926198959351
YOR295W,YLR355C,0,-1.4228212,0.10620290786027908,0.9980601072311401,0.868692934513092
YNL116W,YIR008C,0,-1.4234123,0.10619194805622101,0.9980601072311401,0.868793249130249
YBL040C,YOL115W,0,-1.425035,0.10618099570274353,0.9980601072311401,0.868893563747406
YOR196C,YHR094C,0,-1.4253808,0.10617003589868546,0.9980601072311401,0.868993878364563
YGL134W,YHR084W,0,-1.4266243,0.10615908354520798,0.9980601072311401,0.86909419298172
YNR012W,YLR332W,0,-1.4270664,0.1061481311917305,0.9980601072311401,0.869194507598877
YPL047W,YHL020C,0,-1.4327383,0.10613718628883362,0.9980601072311401,0.8692948222160339
YOR033C,YCL027C-A,0,-1.433742,0.10612623393535614,0.9980601072311401,0.8693951368331909
YPL230W,YLR095C,0,-1.4341325,0.10611529648303986,0.9980601072311401,0.8694954514503479
YDR255C,YMR251W-A,0,-1.4343487,0.10610435158014297,0.9980601072311401,0.8695957660675049
YPL249C-A,YGR166W,0,-1.4345912,0.10609341412782669,0.9980601072311401,0.8696960806846619
YBR239C,YDR119W,0,-1.4349828,0.1060824766755104,0.9980601072311401,0.8697963953018188
YBR088C,YHR176W,0,-1.4356011,0.10607153922319412,0.9980601072311401,0.869896650314331
YOL119C,YPL162C,0,-1.4368544,0.10606060922145844,0.9980601072311401,0.869996964931488
YBR019C,YBL067C,0,-1.4390743,0.10604967176914215,0.9980601072311401,0.870097279548645
YML007W,YOR058C,0,-1.4396508,0.10603874921798706,0.9980601072311401,0.870197594165802
YKL208W,YHR084W,0,-1.4407547,0.10602781921625137,0.9980601072311401,0.870297908782959
YKR080W,YGR013W,0,-1.4408681,0.10601689666509628,0.9980601072311401,0.870398223400116
YDL153C,YOR368W,0,-1.4414542,0.10600597411394119,0.9980601072311401,0.870498538017273
YCL019W,YML078W,0,-1.4434543,0.1059950590133667,0.9980601072311401,0.8705988526344299
YBR210W,YNL014W,0,-1.4439402,0.10598413646221161,0.9980601072311401,0.8706991672515869
YLR262C,YLR084C,0,-1.4462473,0.10597322136163712,0.9980601072311401,0.8707994818687439
YMR161W,YKL216W,0,-1.4463458,0.10596231371164322,0.9980601072311401,0.8708997964859009
YKL101W,YJR144W,0,-1.4487895,0.10595139861106873,0.9980601072311401,0.8710001111030579
YHL013C,YMR216C,0,-1.4491173,0.10594049096107483,0.9980601072311401,0.8711004257202148
YNL126W,YKR086W,0,-1.4501901,0.10592958331108093,0.9980601072311401,0.8712007403373718
YDL178W,YCR024C-A,0,-1.4503232,0.10591868311166763,0.9980601072311401,0.8713010549545288
YGL023C,YBR021W,0,-1.4509537,0.10590778291225433,0.9980601072311401,0.8714013695716858
YDL002C,YMR199W,0,-1.4510902,0.10589688271284103,0.9980601072311401,0.8715016841888428
YKR010C,YFL003C,0,-1.452419,0.10588598251342773,0.9980601072311401,0.871601939201355
YMR260C,YCR033W,0,-1.4601116,0.10587508976459503,0.9980601072311401,0.871702253818512
YNR023W,YIL015W,0,-1.4604104,0.10586419701576233,0.9980601072311401,0.871802568435669
YLR002C,YFL034C-A,0,-1.4604704,0.10585330426692963,0.9980601072311401,0.8719028830528259
YGR284C,YOR188W,0,-1.4619662,0.10584241896867752,0.9980601072311401,0.8720031976699829
YDR266C,YDR206W,0,-1.4624553,0.10583153367042542,0.9980601072311401,0.8721035122871399
YDL159W,YMR309C,0,-1.462474,0.10582064837217331,0.9980601072311401,0.8722038269042969
YGR192C,YJL074C,0,-1.4633728,0.1058097705245018,0.9980601072311401,0.8723041415214539
YAR071W,YMR277W,0,-1.4633898,0.10579889267683029,0.9980601072311401,0.8724044561386108
YHR007C,YGR038W,0,-1.463983,0.10578801482915878,0.9980601072311401,0.8725047707557678
YCR073C,YML069W,0,-1.4646573,0.10577713698148727,0.9980601072311401,0.8726050853729248
YDR182W,YPL227C,0,-1.4650567,0.10576626658439636,0.9980601072311401,0.8727053999900818
YDR540C,YDR488C,0,-1.4679168,0.10575539618730545,0.9980601072311401,0.8728057146072388
YPR104C,YKL012W,0,-1.4689755,0.10574452579021454,0.9980601072311401,0.8729060292243958
YNL088W,YCL011C,0,-1.4692059,0.10573366284370422,0.9980601072311401,0.8730063438415527
YOR210W,YNL099C,0,-1.4708736,0.10572279989719391,0.9980601072311401,0.8731066584587097
YKR067W,YGR249W,0,-1.4713091,0.1057119369506836,0.9980601072311401,0.8732069134712219
YOL115W,YFL053W,0,-1.4731592,0.10570108145475388,0.9980601072311401,0.8733072280883789
YGR166W,YDR382W,0,-1.4739103,0.10569021850824356,0.9980601072311401,0.8734075427055359
YHR143W-A,YHL020C,0,-1.4788785,0.10567937046289444,0.9980601072311401,0.8735078573226929
YOR190W,YGL125W,0,-1.4791789,0.10566851496696472,0.9980601072311401,0.8736081719398499
YLR320W,YNL124W,0,-1.4801278,0.1056576669216156,0.9980601072311401,0.8737084865570068
YPL132W,YNL021W,0,-1.480264,0.10564681887626648,0.9980601072311401,0.8738088011741638
YHL001W,YEL003W,0,-1.4818865,0.10563597083091736,0.9980601072311401,0.8739091157913208
YLR342W,YER019W,0,-1.4846926,0.10562513023614883,0.9980601072311401,0.8740094304084778
YML066C,YKR001C,0,-1.4848545,0.10561428964138031,0.9980601072311401,0.8741097450256348
YNL014W,YNL327W,0,-1.4852604,0.10560344904661179,0.9980601072311401,0.8742100596427917
YPL029W,YER018C,0,-1.4860073,0.10559260845184326,0.9980601072311401,0.8743103742599487
YJL177W,YCL027C-A,0,-1.4869962,0.10558177530765533,0.9980601072311401,0.8744106888771057
YIL049W,YJR043C,0,-1.4879473,0.10557094216346741,0.9980601072311401,0.8745110034942627
YDR104C,YOR077W,0,-1.4891472,0.10556011646986008,0.9980601072311401,0.8746113181114197
YLR320W,YIL105C,0,-1.4891827,0.10554929077625275,0.9980601072311401,0.8747116327285767
YLR340W,YNL222W,0,-1.4906356,0.10553846508264542,0.9980601072311401,0.8748118877410889
YIL121W,YPL057C,0,-1.4912715,0.10552763938903809,0.9980601072311401,0.8749122023582458
YGR090W,YBL018C,0,-1.4915729,0.10551681369543076,0.9980601072311401,0.8750125169754028
YDR302W,YDR324C,0,-1.4918464,0.10550599545240402,0.9980601072311401,0.8751128315925598
YLR002C,YLR216C,0,-1.4922302,0.10549518465995789,0.9980601072311401,0.8752131462097168
YHR007C,YMR154C,0,-1.4935601,0.10548436641693115,0.9980601072311401,0.8753134608268738
YIL049W,YDL226C,0,-1.4956878,0.10547355562448502,0.9980601072311401,0.8754137754440308
YHR216W,YPL066W,0,-1.4958613,0.10546274483203888,0.9980601072311401,0.8755140900611877
YGR247W,YKL084W,0,-1.4958686,0.10545193403959274,0.9980601072311401,0.8756144046783447
YJL204C,YDR191W,0,-1.4966747,0.1054411306977272,0.9980601072311401,0.8757147192955017
YIL131C,YDR331W,0,-1.4972323,0.10543032735586166,0.9980601072311401,0.8758150339126587
YEL034W,YFL002C,0,-1.498846,0.10541952401399612,0.9980601072311401,0.8759153485298157
YIL049W,YGL020C,0,-1.4990858,0.10540872812271118,0.9980601072311401,0.8760156631469727
YPL242C,YDR206W,0,-1.4991809,0.10539793223142624,0.9980601072311401,0.8761159777641296
YOR196C,YBR288C,0,-1.5006667,0.1053871363401413,0.9980601072311401,0.8762162923812866
YER157W,YDL214C,0,-1.5007856,0.10537634044885635,0.9980601072311401,0.8763166069984436
YCL040W,YNL169C,0,-1.5015206,0.10536555200815201,0.9980601072311401,0.8764169216156006
YDL004W,YBL046W,0,-1.5085948,0.10535476356744766,0.9980601072311401,0.8765171766281128
YBR298C,YHR026W,0,-1.5087378,0.10534398257732391,0.9980601072311401,0.8766174912452698
YER026C,YKL167C,0,-1.508852,0.10533319413661957,0.9980601072311401,0.8767178058624268
YDR084C,YDR324C,0,-1.5091465,0.10532241314649582,0.9980601072311401,0.8768181204795837
YNL126W,YAL032C,0,-1.5095797,0.10531163960695267,0.9980601072311401,0.8769184350967407
YML066C,YCR083W,0,-1.5099361,0.10530085861682892,0.9980601072311401,0.8770187497138977
YKL096W,YNL139C,0,-1.5121375,0.10529008507728577,0.9980601072311401,0.8771190643310547
YJL051W,YIR022W,0,-1.5126286,0.10527931153774261,0.9980601072311401,0.8772193789482117
YKR010C,YAL042W,0,-1.5141698,0.10526854544878006,0.9980601072311401,0.8773196935653687
YOL027C,YNL256W,0,-1.514794,0.10525777190923691,0.9980601072311401,0.8774200081825256
YPR066W,YCL027C-A,0,-1.5169351,0.10524700582027435,0.9980601072311401,0.8775203227996826
YML022W,YNL087W,0,-1.5170069,0.1052362471818924,0.9980601072311401,0.8776206374168396
YDR085C,YFR044C,0,-1.5173001,0.10522548109292984,0.9980601072311401,0.8777209520339966
YLR410W,YGR280C,0,-1.517702,0.10521472245454788,0.9980601072311401,0.8778212666511536
YGL133W,YDL191W,0,-1.5213643,0.10520396381616592,0.9980601072311401,0.8779215812683105
YLR135W,YPL086C,0,-1.5268189,0.10519321262836456,0.9980601072311401,0.8780218958854675
YDR142C,YCL020W,0,-1.5278053,0.1051824614405632,0.9980601072311401,0.8781221508979797
YCR028C-A,YPR201W,0,-1.5280123,0.10517171025276184,0.9980601072311401,0.8782224655151367
YER157W,YOL068C,0,-1.529304,0.10516095906496048,0.9980601072311401,0.8783227801322937
YNL139C,YCR097W,0,-1.5293622,0.10515021532773972,0.9980601072311401,0.8784230947494507
YIR021W,YFL016C,0,-1.5304604,0.10513947159051895,0.9980601072311401,0.8785234093666077
YJR086W,YDR540C,0,-1.5311103,0.10512872785329819,0.9980601072311401,0.8786237239837646
YPL037C,YNL148C,0,-1.5312234,0.10511799156665802,0.9980601072311401,0.8787240386009216
YFL022C,YOR130C,0,-1.5339152,0.10510725528001785,0.9980601072311401,0.8788243532180786
YLR368W,YJL047C,1,-1.5341313,0.10519865155220032,0.9990300536155701,0.8788243532180786
YJL204C,YOR140W,0,-1.5343252,0.10518790781497955,0.9990300536155701,0.8789246678352356
YOR210W,YNL224C,0,-1.5391707,0.10517716407775879,0.9990300536155701,0.8790249824523926
YPL268W,YKR092C,0,-1.5392916,0.10516642779111862,0.9990300536155701,0.8791252970695496
YHL013C,YOR100C,0,-1.5411271,0.10515569150447845,0.9990300536155701,0.8792256116867065
YLR138W,YJR002W,0,-1.541331,0.10514495521783829,0.9990300536155701,0.8793259263038635
YPL283C,YKL221W,0,-1.5415437,0.10513422638177872,0.9990300536155701,0.8794262409210205
YBL042C,YML038C,0,-1.5430051,0.10512349754571915,0.9990300536155701,0.8795265555381775
YML114C,YNL124W,0,-1.543339,0.10511276870965958,0.9990300536155701,0.8796268701553345
YKL101W,YLR410W,0,-1.5449585,0.1051020398736,0.9990300536155701,0.8797271251678467
YBL046W,YLR372W,0,-1.5451299,0.10509131848812103,0.9990300536155701,0.8798274397850037
YPR018W,YCR024C-A,0,-1.5468853,0.10508059710264206,0.9990300536155701,0.8799277544021606
YLR135W,YBR104W,0,-1.5469452,0.10506987571716309,0.9990300536155701,0.8800280690193176
YPL212C,YMR167W,0,-1.5521181,0.10505916178226471,0.9990300536155701,0.8801283836364746
YNR054C,YBR236C,0,-1.5539337,0.10504844784736633,0.9990300536155701,0.8802286982536316
YCR024C-A,YKR029C,0,-1.5541039,0.10503773391246796,0.9990300536155701,0.8803290128707886
YJL209W,YDR339C,0,-1.5557573,0.10502701997756958,0.9990300536155701,0.8804293274879456
YPL242C,YHR018C,0,-1.5562029,0.1050163134932518,0.9990300536155701,0.8805296421051025
YKL209C,YFL008W,0,-1.556576,0.10500560700893402,0.9990300536155701,0.8806299567222595
YHR123W,YNL093W,0,-1.5568675,0.10499490052461624,0.9990300536155701,0.8807302713394165
YNL075W,YDR020C,0,-1.5581228,0.10498420149087906,0.9990300536155701,0.8808305859565735
YOL016C,YKL176C,0,-1.5590732,0.10497350245714188,0.9990300536155701,0.8809309005737305
YOR202W,YBR265W,0,-1.5597646,0.1049628034234047,0.9990300536155701,0.8810312151908875
YGR041W,YIL067C,0,-1.5607219,0.10495211184024811,0.9990300536155701,0.8811315298080444
YJL042W,YBL002W,0,-1.5620797,0.10494141280651093,0.9990300536155701,0.8812318444252014
YDL181W,YBR098W,0,-1.5642629,0.10493072867393494,0.9990300536155701,0.8813321590423584
YBL006C,YLL036C,0,-1.5656732,0.10492003709077835,0.9990300536155701,0.8814324140548706
YHR091C,YOL041C,0,-1.5664381,0.10490935295820236,0.9990300536155701,0.8815327286720276
YMR277W,YOR375C,0,-1.5676992,0.10489866882562637,0.9990300536155701,0.8816330432891846
YLR128W,YDR314C,0,-1.575584,0.10488798469305038,0.9990300536155701,0.8817333579063416
YLR128W,YMR202W,0,-1.5765322,0.1048773005604744,0.9990300536155701,0.8818336725234985
YDL226C,YLR210W,0,-1.5802577,0.104866623878479,0.9990300536155701,0.8819339871406555
YFL018C,YDL104C,0,-1.5811013,0.10485594719648361,0.9990300536155701,0.8820343017578125
YJR095W,YCR069W,0,-1.583811,0.10484527796506882,0.9990300536155701,0.8821346163749695
YOL115W,YMR047C,0,-1.5848234,0.10483460873365402,0.9990300536155701,0.8822349309921265
YFL050C,YHR084W,0,-1.5872138,0.10482393950223923,0.9990300536155701,0.8823352456092834
YLL042C,YBR044C,0,-1.5879288,0.10481327027082443,0.9990300536155701,0.8824355602264404
YNL053W,YER006W,0,-1.5882037,0.10480260848999023,0.9990300536155701,0.8825358748435974
YLR116W,YJR043C,0,-1.5885664,0.10479193925857544,0.9990300536155701,0.8826361894607544
YGL179C,YDL222C,0,-1.5902025,0.10478128492832184,0.9990300536155701,0.8827365040779114
YNL090W,YLR069C,0,-1.5920044,0.10477062314748764,0.9990300536155701,0.8828368186950684
YNL152W,YCR043C,0,-1.5927349,0.10475996881723404,0.9990300536155701,0.8829371333122253
YPL192C,YIL122W,0,-1.5936205,0.10474931448698044,0.9990300536155701,0.8830373883247375
YDR182W,YLR342W,0,-1.594396,0.10473866015672684,0.9990300536155701,0.8831377029418945
YIL040W,YEL026W,0,-1.5953515,0.10472801327705383,0.9990300536155701,0.8832380175590515
YJL050W,YML010W,0,-1.5969746,0.10471736639738083,0.9990300536155701,0.8833383321762085
YIL049W,YFL055W,0,-1.5972846,0.10470671951770782,0.9990300536155701,0.8834386467933655
YLR081W,YOR198C,0,-1.6035073,0.10469608008861542,0.9990300536155701,0.8835389614105225
YCR027C,YDL159W,0,-1.6036346,0.10468543320894241,0.9990300536155701,0.8836392760276794
YGL201C,YLR210W,0,-1.6063281,0.10467479377985,0.9990300536155701,0.8837395906448364
YCL062W,YGL181W,0,-1.6074826,0.1046641618013382,0.9990300536155701,0.8838399052619934
YIR013C,YML058W,0,-1.6075602,0.10465352237224579,0.9990300536155701,0.8839402198791504
YOL006C,YCL020W,0,-1.6079928,0.10464289039373398,0.9990300536155701,0.8840405344963074
YIL105C,YIL122W,0,-1.6095359,0.10463226586580276,0.9990300536155701,0.8841408491134644
YHR007C,YJR043C,0,-1.6109607,0.10462163388729095,0.9990300536155701,0.8842411637306213
YER166W,YML065W,0,-1.6121018,0.10461100935935974,0.9990300536155701,0.8843414783477783
YOR115C,YBR152W,0,-1.6126142,0.10460038483142853,0.9990300536155701,0.8844417929649353
YHL022C,YGR215W,0,-1.6137942,0.10458976775407791,0.9990300536155701,0.8845421075820923
YHL033C,YOR017W,0,-1.6139019,0.1045791432261467,0.9990300536155701,0.8846423625946045
YDR538W,YML014W,0,-1.614896,0.10456852614879608,0.9990300536155701,0.8847426772117615
YHR091C,YOL077W-A,0,-1.6152763,0.10455791652202606,0.9990300536155701,0.8848429918289185
YJL137C,YKL221W,0,-1.6153686,0.10454729944467545,0.9990300536155701,0.8849433064460754
YJL207C,YOR293W,0,-1.6174548,0.10453668981790543,0.9990300536155701,0.8850436210632324
YCR097W,YBL100W-A,0,-1.618355,0.1045260801911354,0.9990300536155701,0.8851439356803894
YKR087C,YNL047C,0,-1.6188492,0.10451547801494598,0.9990300536155701,0.8852442502975464
YPL032C,YDR484W,0,-1.6218019,0.10450486838817596,0.9990300536155701,0.8853445649147034
YKL137W,YKR024C,0,-1.6251422,0.10449426621198654,0.9990300536155701,0.8854448795318604
YBR234C,YNR063W,0,-1.6262665,0.10448367148637772,0.9990300536155701,0.8855451941490173
YDR541C,YPL266W,0,-1.6272333,0.1044730693101883,0.9990300536155701,0.8856455087661743
YDR113C,YML058W,0,-1.6276443,0.10446247458457947,0.9990300536155701,0.8857458233833313
YPL255W,YCR083W,0,-1.6295561,0.10445187985897064,0.9990300536155701,0.8858461380004883
YLR226W,YLL042C,0,-1.6314244,0.10444129258394241,0.9990300536155701,0.8859464526176453
YPL237W,YPL030W,0,-1.6345096,0.10443069785833359,0.9990300536155701,0.8860467672348022
YBL045C,YBL019W,0,-1.6345108,0.10442011058330536,0.9990300536155701,0.8861470818519592
YLR332W,YNL197C,0,-1.6353569,0.10440953075885773,0.9990300536155701,0.8862473964691162
YIL131C,YPL128C,0,-1.6359017,0.1043989434838295,0.9990300536155701,0.8863476514816284
YBL066C,YHR143W-A,0,-1.639733,0.10438836365938187,0.9990300536155701,0.8864479660987854
YDR156W,YNR069C,0,-1.641152,0.10437778383493423,0.9990300536155701,0.8865482807159424
YDR119W,YPL012W,0,-1.6416436,0.1043672114610672,0.9990300536155701,0.8866485953330994
YDL178W,YER001W,0,-1.6418761,0.10435663908720016,0.9990300536155701,0.8867489099502563
YMR202W,YOR368W,0,-1.6434534,0.10434606671333313,0.9990300536155701,0.8868492245674133
YLR342W,YIR021W,0,-1.6451548,0.1043354943394661,0.9990300536155701,0.8869495391845703
YPL249C-A,YER001W,0,-1.6498213,0.10432492941617966,0.9990300536155701,0.8870498538017273
YJL104W,YBR135W,0,-1.6499734,0.10431436449289322,0.9990300536155701,0.8871501684188843
YJR095W,YNL177C,0,-1.6511478,0.10430379956960678,0.9990300536155701,0.8872504830360413
YER119C,YNR063W,0,-1.653894,0.10429323464632034,0.9990300536155701,0.8873507976531982
YGR068C,YNL058C,0,-1.654557,0.1042826771736145,0.9990300536155701,0.8874511122703552
YKR045C,YPL030W,0,-1.6562493,0.10427211970090866,0.9990300536155701,0.8875514268875122
YPL217C,YER122C,0,-1.6563177,0.10426156222820282,0.9990300536155701,0.8876517415046692
YDR210W,YDL014W,0,-1.6587136,0.10425101220607758,0.9990300536155701,0.8877520561218262
YGR240C,YCR048W,0,-1.6589127,0.10424046218395233,0.9990300536155701,0.8878523707389832
YNL106C,YPL270W,0,-1.6610386,0.10422991216182709,0.9990300536155701,0.8879526257514954
YDR348C,YOR190W,0,-1.6610651,0.10421936959028244,0.9990300536155701,0.8880529403686523
YKL101W,YGR098C,0,-1.6621764,0.1042088195681572,0.9990300536155701,0.8881532549858093
YIL082W-A,YIL073C,0,-1.6633072,0.10419827699661255,0.9990300536155701,0.8882535696029663
YDL159W,YNL222W,0,-1.6634439,0.1041877418756485,0.9990300536155701,0.8883538842201233
YGL086W,YML093W,0,-1.6646574,0.10417719930410385,0.9990300536155701,0.8884541988372803
YNL075W,YDL207W,0,-1.6648568,0.1041666641831398,0.9990300536155701,0.8885545134544373
YNL152W,YER073W,0,-1.6648855,0.10415613651275635,0.9990300536155701,0.8886548280715942
YPL217C,YDR432W,0,-1.6660562,0.1041456013917923,0.9990300536155701,0.8887551426887512
YKL101W,YKL211C,0,-1.6672442,0.10413507372140884,0.9990300536155701,0.8888554573059082
YPL045W,YIR013C,0,-1.6673037,0.10412454605102539,0.9990300536155701,0.8889557719230652
YGL017W,YLR272C,0,-1.6697034,0.10411401838064194,0.9990300536155701,0.8890560865402222
YBR132C,YML058W,0,-1.6698334,0.10410349816083908,0.9990300536155701,0.8891564011573792
YPR029C,YOL113W,0,-1.6701963,0.10409297794103622,0.9990300536155701,0.8892567157745361
YBL042C,YHR183W,0,-1.6705157,0.10408245772123337,0.9990300536155701,0.8893570303916931
YMR293C,YPL187W,0,-1.6729681,0.10407193750143051,0.9990300536155701,0.8894573450088501
YOR094W,YBR154C,0,-1.6751142,0.10406142473220825,0.9990300536155701,0.8895576000213623
YLR071C,YBR152W,0,-1.6758745,0.10405091196298599,0.9990300536155701,0.8896579146385193
YGR198W,YLR341W,0,-1.6792537,0.10404040664434433,0.9990300536155701,0.8897582292556763
YKL113C,YML111W,0,-1.6802218,0.10402989387512207,0.9990300536155701,0.8898585438728333
YHR079C-A,YGR140W,0,-1.6853217,0.10401938855648041,0.9990300536155701,0.8899588584899902
YGR240C,YCL026C-A,0,-1.6856153,0.10400888323783875,0.9990300536155701,0.8900591731071472
YER039C,YFL018C,0,-1.6857961,0.10399838536977768,0.9990300536155701,0.8901594877243042
YGR049W,YHR102W,0,-1.6859128,0.10398788750171661,0.9990300536155701,0.8902598023414612
YDL153C,YCL011C,0,-1.6862353,0.10397738963365555,0.9990300536155701,0.8903601169586182
YKL137W,YGL234W,0,-1.6864278,0.10396689176559448,0.9990300536155701,0.8904604315757751
YMR277W,YGR261C,0,-1.6875076,0.10395640134811401,0.9990300536155701,0.8905607461929321
YAR003W,YLL042C,0,-1.6889888,0.10394591093063354,0.9990300536155701,0.8906610608100891
YHR187W,YOR210W,0,-1.6920636,0.10393542051315308,0.9990300536155701,0.8907613754272461
YDR314C,YIR008C,0,-1.6926584,0.10392493009567261,0.9990300536155701,0.8908616900444031
YLR424W,YAL047C,0,-1.6968813,0.10391444712877274,0.9990300536155701,0.8909620046615601
YDR293C,YLR222C,0,-1.6969159,0.10390396416187286,0.9990300536155701,0.891062319278717
YER006W,YJL020C,0,-1.6969352,0.10389348119497299,0.9990300536155701,0.8911625742912292
YEL003W,YDL201W,0,-1.7033775,0.10388300567865372,0.9990300536155701,0.8912628889083862
YGR140W,YOR005C,0,-1.7051982,0.10387253016233444,0.9990300536155701,0.8913632035255432
YFR051C,YNL169C,0,-1.7053168,0.10386205464601517,0.9990300536155701,0.8914635181427002
YHR062C,YMR231W,0,-1.7055694,0.10385158658027649,0.9990300536155701,0.8915638327598572
YGL033W,YBR044C,0,-1.7079065,0.10384111106395721,0.9990300536155701,0.8916641473770142
YPR101W,YPL228W,0,-1.708129,0.10383064299821854,0.9990300536155701,0.8917644619941711
YJL051W,YOR140W,0,-1.708981,0.10382018238306046,0.9990300536155701,0.8918647766113281
YHR107C,YKL208W,0,-1.7090387,0.10380971431732178,0.9990300536155701,0.8919650912284851
YOR208W,YGR183C,0,-1.7094439,0.1037992537021637,0.9990300536155701,0.8920654058456421
YMR014W,YIR008C,0,-1.71011,0.10378879308700562,0.9990300536155701,0.8921657204627991
YPR061C,YFL008W,0,-1.7109959,0.10377833992242813,0.9990300536155701,0.892266035079956
YKR092C,YJR088C,0,-1.7116058,0.10376787930727005,0.9990300536155701,0.892366349697113
YDR184C,YNL088W,0,-1.7124482,0.10375742614269257,0.9990300536155701,0.89246666431427
YJL116C,YNL088W,0,-1.7147734,0.10374698042869568,0.9990300536155701,0.892566978931427
YHR007C,YMR021C,0,-1.7151868,0.1037365272641182,0.9990300536155701,0.892667293548584
YLR233C,YLR378C,0,-1.7162311,0.10372608155012131,0.9990300536155701,0.892767608165741
YDL174C,YNL093W,0,-1.7163286,0.10371563583612442,0.9990300536155701,0.8928678631782532
YDR322C-A,YMR116C,0,-1.7218013,0.10370519757270813,0.9990300536155701,0.8929681777954102
YJL042W,YLR095C,0,-1.721804,0.10369475185871124,0.9990300536155701,0.8930684924125671
YJL063C,YAR008W,0,-1.7220938,0.10368431359529495,0.9990300536155701,0.8931688070297241
YMR266W,YOR312C,0,-1.7258235,0.10367388278245926,0.9990300536155701,0.8932691216468811
YGR275W,YDR432W,0,-1.7269498,0.10366344451904297,0.9990300536155701,0.8933694362640381
YOR115C,YJL002C,0,-1.7278152,0.10365301370620728,0.9990300536155701,0.8934697508811951
YCR068W,YHR123W,0,-1.7296095,0.10364258289337158,0.9990300536155701,0.893570065498352
YDR324C,YMR305C,0,-1.7354431,0.10363215953111649,0.9990300536155701,0.893670380115509
YIL085C,YLR003C,0,-1.7358053,0.10362172871828079,0.9990300536155701,0.893770694732666
YPL045W,YNR046W,0,-1.7372328,0.1036113053560257,0.9990300536155701,0.893871009349823
YKL125W,YDR020C,0,-1.7382739,0.1036008819937706,0.9990300536155701,0.89397132396698
YDR104C,YJR077C,0,-1.7412874,0.1035904660820961,0.9990300536155701,0.894071638584137
YDL181W,YGL047W,0,-1.7439114,0.1035800501704216,0.9990300536155701,0.894171953201294
YDR314C,YLR069C,0,-1.7450144,0.1035696342587471,0.9990300536155701,0.8942722678184509
YPL227C,YOR058C,0,-1.7461338,0.1035592183470726,0.9990300536155701,0.8943725824356079
YGR249W,YDL174C,0,-1.746813,0.1035488098859787,0.9990300536155701,0.8944728374481201
YEL055C,YNR063W,0,-1.7471391,0.1035384014248848,0.9990300536155701,0.8945731520652771
YHR079C-A,YER058W,0,-1.7513967,0.1035279929637909,0.9990300536155701,0.8946734666824341
YOR371C,YPL086C,0,-1.7553037,0.10351758450269699,0.9990300536155701,0.8947737812995911
YPR145W,YIL131C,0,-1.7568623,0.10350718349218369,0.9990300536155701,0.894874095916748
YDL159W,YPL020C,0,-1.7571858,0.10349678248167038,0.9990300536155701,0.894974410533905
YPL072W,YPL249C,0,-1.7572386,0.10348638892173767,0.9990300536155701,0.895074725151062
YDR156W,YBR004C,0,-1.7573025,0.10347598791122437,0.9990300536155701,0.895175039768219
YNL323W,YHR143W-A,0,-1.7603526,0.10346559435129166,0.9990300536155701,0.895275354385376
YNL126W,YOL115W,0,-1.7611032,0.10345520079135895,0.9990300536155701,0.895375669002533
YJR095W,YBR201W,0,-1.7641548,0.10344481468200684,0.9990300536155701,0.8954759836196899
YNL002C,YKL084W,0,-1.7642355,0.10343442112207413,0.9990300536155701,0.8955762982368469
YPL212C,YML026C,0,-1.764936,0.10342403501272202,0.9990300536155701,0.8956766128540039
YNL209W,YER124C,0,-1.7654009,0.1034136563539505,0.9990300536155701,0.8957769274711609
YJR067C,YOR140W,0,-1.7664682,0.10340327024459839,0.9990300536155701,0.8958772420883179
YGL038C,YPL012W,0,-1.7669411,0.10339289158582687,0.9990300536155701,0.8959775567054749
YKR081C,YNL035C,0,-1.767015,0.10338251292705536,0.9990300536155701,0.8960778117179871
YAR071W,YMR106C,0,-1.7672673,0.10337214171886444,0.9990300536155701,0.896178126335144
YGR275W,YDR324C,0,-1.769129,0.10336176306009293,0.9990300536155701,0.896278440952301
YDR314C,YKL221W,0,-1.7693383,0.10335139185190201,0.9990300536155701,0.896378755569458
YDR266C,YGR128C,0,-1.7714152,0.10334102809429169,0.9990300536155701,0.896479070186615
YGR049W,YJL100W,0,-1.7726154,0.10333065688610077,0.9990300536155701,0.896579384803772
YBR258C,YGR128C,0,-1.7742018,0.10332029312849045,0.9990300536155701,0.896679699420929
YDR097C,YPL283C,0,-1.7743384,0.10330992937088013,0.9990300536155701,0.8967800140380859
YHR216W,YDR331W,0,-1.7756056,0.1032995656132698,0.9990300536155701,0.8968803286552429
YJL210W,YNL275W,0,-1.776983,0.10328920930624008,0.9990300536155701,0.8969806432723999
YJR113C,YKL092C,0,-1.7778352,0.10327885299921036,0.9990300536155701,0.8970809578895569
YPL047W,YKR060W,0,-1.780004,0.10326849669218063,0.9990300536155701,0.8971812725067139
YOR361C,YMR116C,0,-1.7826316,0.1032581478357315,0.9990300536155701,0.8972815871238708
YJL116C,YLR034C,0,-1.7829571,0.10324779152870178,0.9990300536155701,0.8973819017410278
YDR348C,YIR028W,0,-1.7844145,0.10323744267225266,0.9990300536155701,0.8974822163581848
YLR051C,YPR101W,0,-1.7866786,0.10322710126638412,0.9990300536155701,0.8975825309753418
YMR323W,YOR256C,0,-1.790021,0.103216752409935,0.9990300536155701,0.8976828455924988
YGR198W,YHR178W,0,-1.7924778,0.10320641100406647,0.9990300536155701,0.897783100605011
YKL096W,YKR039W,0,-1.7925942,0.10319606959819794,0.9990300536155701,0.897883415222168
YPR033C,YBR154C,0,-1.7936349,0.10318573564291,0.9990300536155701,0.897983729839325
YCR027C,YML022W,0,-1.7940216,0.10317540168762207,0.9990300536155701,0.8980840444564819
YBL005W-A,YNL265C,0,-1.8010983,0.10316506773233414,0.9990300536155701,0.8981843590736389
YGR247W,YCL026C-A,0,-1.8013221,0.1031547337770462,0.9990300536155701,0.8982846736907959
YOR130C,YGL175C,0,-1.8055556,0.10314439982175827,0.9990300536155701,0.8983849883079529
YNR039C,YFR055W,0,-1.8088756,0.10313407331705093,0.9990300536155701,0.8984853029251099
YOR208W,YOL130W,0,-1.8092997,0.1031237468123436,0.9990300536155701,0.8985856175422668
YGR271C-A,YCL038C,0,-1.810359,0.10311342775821686,0.9990300536155701,0.8986859321594238
YAL042W,YOL077W-A,0,-1.8142354,0.10310310125350952,0.9990300536155701,0.8987862467765808
YKL092C,YJL020C,0,-1.8155158,0.10309278219938278,0.9990300536155701,0.8988865613937378
YML114C,YKL065C,0,-1.8168231,0.10308246314525604,0.9990300536155701,0.8989868760108948
YDR446W,YOR140W,0,-1.8211391,0.1030721515417099,0.9990300536155701,0.8990871906280518
YKR010C,YMR277W,0,-1.8226204,0.10306183993816376,0.9990300536155701,0.8991875052452087
YJL104W,YML058W,0,-1.8228848,0.10305152833461761,0.9990300536155701,0.8992878198623657
YGR256W,YER170W,0,-1.8236295,0.10304121673107147,0.9990300536155701,0.8993880748748779
YAR050W,YMR079W,0,-1.8317726,0.10303091257810593,0.9990300536155701,0.8994883894920349
YGL048C,YPR164W,0,-1.8337519,0.10302060097455978,0.9990300536155701,0.8995887041091919
YDR017C,YHR026W,0,-1.8357236,0.10301030427217484,0.9990300536155701,0.8996890187263489
YGL130W,YLR003C,0,-1.8365035,0.10300000011920929,0.9990300536155701,0.8997893333435059
YDR194C,YPL230W,0,-1.84066,0.10298970341682434,0.9990300536155701,0.8998896479606628
YCR028C-A,YDR017C,0,-1.8414261,0.10297940671443939,0.9990300536155701,0.8999899625778198
YBR298C,YDR198C,0,-1.8431035,0.10296911001205444,0.9990300536155701,0.9000902771949768
YGR152C,YOR017W,0,-1.8436904,0.1029588133096695,0.9990300536155701,0.9001905918121338
YNL154C,YHR176W,0,-1.8439205,0.10294852405786514,0.9990300536155701,0.9002909064292908
YDR446W,YGR074W,0,-1.8464992,0.10293823480606079,0.9990300536155701,0.9003912210464478
YDR016C,YLR081W,0,-1.8468547,0.10292795300483704,0.9990300536155701,0.9004915356636047
YIL162W,YMR067C,0,-1.8477314,0.10291766375303268,0.9990300536155701,0.9005918502807617
YNR012W,YPR124W,0,-1.8491273,0.10290738195180893,0.9990300536155701,0.9006921648979187
YFL034C-B,YPR124W,0,-1.850404,0.10289710015058517,0.9990300536155701,0.9007924795150757
YMR202W,YNL252C,0,-1.8509831,0.10288682579994202,0.9990300536155701,0.9008927941322327
YGL023C,YJR002W,0,-1.8534865,0.10287655144929886,0.9990300536155701,0.9009930491447449
YJR095W,YOR371C,0,-1.8573111,0.1028662770986557,0.9990300536155701,0.9010933637619019
YNR075W,YGR092W,0,-1.8604121,0.10285600274801254,0.9990300536155701,0.9011936783790588
YMR202W,YNL326C,0,-1.8606232,0.10284572839736938,0.9990300536155701,0.9012939929962158
YML014W,YOR188W,0,-1.8609765,0.10283546149730682,0.9990300536155701,0.9013943076133728
YJL184W,YBL009W,0,-1.8616399,0.10282519459724426,0.9990300536155701,0.9014946222305298
YPL237W,YPR112C,0,-1.864775,0.1028149351477623,0.9990300536155701,0.9015949368476868
YHR203C,YOL148C,0,-1.8649652,0.10280466824769974,0.9990300536155701,0.9016952514648438
YGL033W,YDR264C,0,-1.8662369,0.10279440879821777,0.9990300536155701,0.9017955660820007
YJL074C,YCR034W,0,-1.8669734,0.1027841567993164,0.9990300536155701,0.9018958806991577
YJL074C,YLR133W,0,-1.8677697,0.10277389734983444,0.9990300536155701,0.9019961953163147
YGR275W,YPR018W,0,-1.8685191,0.10276364535093307,0.9990300536155701,0.9020965099334717
YDR385W,YBL009W,0,-1.8687758,0.10275339335203171,0.9990300536155701,0.9021968245506287
YLR210W,YJR144W,0,-1.8708074,0.10274314135313034,0.9990300536155701,0.9022971391677856
YDR324C,YIL044C,0,-1.8737354,0.10273289680480957,0.9990300536155701,0.9023974537849426
YML007W,YML010W,0,-1.8744972,0.1027226522564888,0.9990300536155701,0.9024977684020996
YGR059W,YDL236W,0,-1.875566,0.10271240770816803,0.9990300536155701,0.9025980830192566
YKL120W,YGL175C,0,-1.8767244,0.10270216315984726,0.9990300536155701,0.9026983380317688
YNL126W,YNR063W,0,-1.8775722,0.10269192606210709,0.9990300536155701,0.9027986526489258
YOR321W,YGL187C,0,-1.8781539,0.10268168896436691,0.9990300536155701,0.9028989672660828
YER118C,YMR047C,0,-1.8795385,0.10267145186662674,0.9990300536155701,0.9029992818832397
YLR332W,YLR431C,0,-1.8813632,0.10266121476888657,0.9990300536155701,0.9030995965003967
YNL126W,YPR009W,0,-1.8814425,0.10265098512172699,0.9990300536155701,0.9031999111175537
YJR090C,YGR023W,0,-1.8834456,0.10264075547456741,0.9990300536155701,0.9033002257347107
YNR056C,YDR186C,0,-1.8852296,0.10263053327798843,0.9990300536155701,0.9034005403518677
YLR116W,YGR133W,0,-1.8855491,0.10262030363082886,0.9990300536155701,0.9035008549690247
YDR322C-A,YCL010C,0,-1.8857455,0.10261008143424988,0.9990300536155701,0.9036011695861816
YML064C,YAR071W,0,-1.8865284,0.1025998592376709,0.9990300536155701,0.9037014842033386
YJL111W,YLL052C,0,-1.887544,0.10258964449167252,0.9990300536155701,0.9038017988204956
YNL256W,YHR128W,0,-1.8890839,0.10257942229509354,0.9990300536155701,0.9039021134376526
YGR133W,YNL169C,0,-1.889179,0.10256920754909515,0.9990300536155701,0.9040024280548096
YOL016C,YMR104C,0,-1.8901858,0.10255899280309677,0.9990300536155701,0.9041027426719666
YNL316C,YOR202W,0,-1.8933767,0.10254878550767899,0.9990300536155701,0.9042030572891235
YBL006C,YKL120W,0,-1.8942678,0.1025385782122612,0.9990300536155701,0.9043033123016357
YGR033C,YDR123C,0,-1.8958349,0.10252837091684341,0.9990300536155701,0.9044036269187927
YLR272C,YOL049W,0,-1.8960245,0.10251816362142563,0.9990300536155701,0.9045039415359497
YJL139C,YGR249W,0,-1.8961849,0.10250796377658844,0.9990300536155701,0.9046042561531067
YKL049C,YML062C,0,-1.8967876,0.10249776393175125,0.9990300536155701,0.9047045707702637
YMR154C,YML010W,0,-1.8990978,0.10248756408691406,0.9990300536155701,0.9048048853874207
YPL217C,YCR003W,0,-1.900136,0.10247736424207687,0.9990300536155701,0.9049052000045776
YJL063C,YML046W,0,-1.9008278,0.10246717184782028,0.9990300536155701,0.9050055146217346
YGR028W,YCL020W,0,-1.9009706,0.10245697945356369,0.9990300536155701,0.9051058292388916
YIR021W,YNL327W,0,-1.9010835,0.1024467870593071,0.9990300536155701,0.9052061438560486
YDR488C,YER058W,0,-1.9026592,0.1024366021156311,0.9990300536155701,0.9053064584732056
YKL101W,YLL005C,0,-1.9059205,0.10242640972137451,0.9990300536155701,0.9054067730903625
YLR166C,YEL003W,0,-1.9062703,0.10241622477769852,0.9990300536155701,0.9055070877075195
YBR152W,YOR140W,0,-1.9066561,0.10240604728460312,0.9990300536155701,0.9056074023246765
YLR084C,YDR302W,0,-1.9068152,0.10239586234092712,0.9990300536155701,0.9057077169418335
YNL315C,YDR155C,0,-1.9111178,0.10238568484783173,0.9990300536155701,0.9058080315589905
YLR332W,YOR083W,0,-1.9115847,0.10237550735473633,0.9990300536155701,0.9059082865715027
YLR242C,YLR084C,0,-1.9134604,0.10236533731222153,0.9990300536155701,0.9060086011886597
YHL022C,YML014W,0,-1.9154783,0.10235515981912613,0.9990300536155701,0.9061089158058167
YMR288W,YDL153C,0,-1.9164922,0.10234498977661133,0.9990300536155701,0.9062092304229736
YDR382W,YLR421C,0,-1.9181378,0.10233482718467712,0.9990300536155701,0.9063095450401306
YLR336C,YML065W,0,-1.9200313,0.10232465714216232,0.9990300536155701,0.9064098596572876
YPL053C,YOL033W,0,-1.923246,0.10231449455022812,0.9990300536155701,0.9065101742744446
YDL153C,YOL039W,0,-1.9232955,0.10230433195829391,0.9990300536155701,0.9066104888916016
YPL053C,YOR073W,0,-1.9234787,0.10229416936635971,0.9990300536155701,0.9067108035087585
YBR021W,YGL207W,0,-1.9296796,0.1022840142250061,0.9990300536155701,0.9068111181259155
YNL252C,YDL150W,0,-1.9299991,0.1022738590836525,0.9990300536155701,0.9069114327430725
YER157W,YER166W,0,-1.9331763,0.10226370394229889,0.9990300536155701,0.9070117473602295
YBL004W,YJL207C,0,-1.9334328,0.10225354880094528,0.9990300536155701,0.9071120619773865
YDL181W,YNL327W,0,-1.9359682,0.10224340111017227,0.9990300536155701,0.9072123765945435
YNL053W,YOR010C,0,-1.9382997,0.10223325341939926,0.9990300536155701,0.9073126912117004
YDR488C,YDL174C,0,-1.9396907,0.10222310572862625,0.9990300536155701,0.9074130058288574
YDL153C,YGR247W,0,-1.9401834,0.10221295803785324,0.9990300536155701,0.9075133204460144
YPR018W,YMR277W,0,-1.9440631,0.10220281779766083,0.9990300536155701,0.9076135754585266
YDL042C,YNR075W,0,-1.945371,0.10219267755746841,0.9990300536155701,0.9077138900756836
YBL066C,YIL010W,0,-1.9454902,0.102182537317276,0.9990300536155701,0.9078142046928406
YGL201C,YIR010W,0,-1.9460042,0.10217240452766418,0.9990300536155701,0.9079145193099976
YPL047W,YOR255W,0,-1.946536,0.10216227173805237,0.9990300536155701,0.9080148339271545
YHR034C,YJL203W,0,-1.9498272,0.10215213894844055,0.9990300536155701,0.9081151485443115
YOL097C,YNL252C,0,-1.9536691,0.10214200615882874,0.9990300536155701,0.9082154631614685
YOL130W,YLR133W,0,-1.9540615,0.10213188081979752,0.9990300536155701,0.9083157777786255
YGR023W,YPR164W,0,-1.9548621,0.1021217554807663,0.9990300536155701,0.9084160923957825
YBL018C,YHL013C,0,-1.9574963,0.10211163014173508,0.9990300536155701,0.9085164070129395
YOR115C,YPR020W,0,-1.958142,0.10210150480270386,0.9990300536155701,0.9086167216300964
YLR393W,YLR002C,0,-1.9608206,0.10209138691425323,0.9990300536155701,0.9087170362472534
YMR214W,YPL029W,0,-1.9611511,0.10208126902580261,0.9990300536155701,0.9088173508644104
YLR388W,YDR331W,0,-1.9629159,0.10207115113735199,0.9990300536155701,0.9089176654815674
YJL047C,YNL327W,0,-1.9669923,0.10206104069948196,0.9990300536155701,0.9090179800987244
YDR322C-A,YOL130W,0,-1.9713837,0.10205092281103134,0.9990300536155701,0.9091182947158813
YPR020W,YJL047C,0,-1.9716841,0.10204081982374191,0.9990300536155701,0.9092185497283936
YLR342W,YDR143C,0,-1.9724791,0.10203070938587189,0.9990300536155701,0.9093188643455505
YIR021W,YOR056C,0,-1.9725212,0.10202059894800186,0.9990300536155701,0.9094191789627075
YLR405W,YEL047C,0,-1.9730203,0.10201049596071243,0.9990300536155701,0.9095194935798645
YDL004W,YKL084W,0,-1.9736373,0.102000392973423,0.9990300536155701,0.9096198081970215
YML064C,YNR026C,0,-1.9752172,0.10199029743671417,0.9990300536155701,0.9097201228141785
YJL091C,YOR058C,0,-1.9757576,0.10198019444942474,0.9990300536155701,0.9098204374313354
YDR156W,YHR196W,0,-1.9764252,0.10197009891271591,0.9990300536155701,0.9099207520484924
YBL066C,YKR024C,0,-1.9820439,0.10196001082658768,0.9990300536155701,0.9100210666656494
YPL047W,YFL003C,0,-1.9826326,0.10194991528987885,0.9990300536155701,0.9101213812828064
YGR140W,YER058W,0,-1.9838755,0.10193982720375061,0.9990300536155701,0.9102216958999634
YBR039W,YGL020C,0,-1.9869097,0.10192973911762238,0.9990300536155701,0.9103220105171204
YDL004W,YBR019C,0,-1.9885395,0.10191965103149414,0.9990300536155701,0.9104223251342773
YER048C,YPL072W,0,-1.988667,0.1019095703959465,0.9990300536155701,0.9105226397514343
YFL034C-A,YPR052C,0,-1.9909773,0.10189948230981827,0.9990300536155701,0.9106229543685913
YBL042C,YNL116W,0,-1.991684,0.10188940912485123,0.9990300536155701,0.9107232689857483
YML093W,YDL236W,0,-1.9937792,0.10187932848930359,0.9990300536155701,0.9108235239982605
YIL031W,YBR104W,0,-1.99409,0.10186924785375595,0.9990300536155701,0.9109238386154175
YGL099W,YHR091C,0,-1.9945071,0.10185917466878891,0.9990300536155701,0.9110241532325745
YFL018C,YPR009W,0,-1.9949487,0.10184910148382187,0.9990300536155701,0.9111244678497314
YBR084C-A,YDR314C,0,-1.9984877,0.10183903574943542,0.9990300536155701,0.9112247824668884
YBR083W,YOL148C,0,-2.0007546,0.10182897001504898,0.9990300536155701,0.9113250970840454
YKR080W,YLR003C,0,-2.0023222,0.10181890428066254,0.9990300536155701,0.9114254117012024
YBL045C,YLL052C,0,-2.0067565,0.10180883854627609,0.9990300536155701,0.9115257263183594
YMR079W,YNL270C,0,-2.0070915,0.10179877281188965,0.9990300536155701,0.9116260409355164
YMR079W,YOR010C,0,-2.009361,0.1017887145280838,0.9990300536155701,0.9117263555526733
YNL169C,YER074W-A,0,-2.00985,0.10177865624427795,0.9990300536155701,0.9118266701698303
YOR094W,YGL245W,0,-2.0103185,0.1017685979604721,0.9990300536155701,0.9119269847869873
YPR029C,YIL168W,0,-2.011205,0.10175854712724686,0.9990300536155701,0.9120272994041443
YNR069C,YER170W,0,-2.0134885,0.1017484962940216,0.9990300536155701,0.9121276140213013
YEL026W,YNL275W,0,-2.013821,0.10173844546079636,0.9990300536155701,0.9122279286384583
YPL211W,YGL029W,0,-2.0185142,0.1017283946275711,0.9990300536155701,0.9123282432556152
YHL007C,YOL091W,0,-2.0191407,0.10171835124492645,0.9990300536155701,0.9124285578727722
YOR371C,YOR188W,0,-2.0214539,0.1017083078622818,0.9990300536155701,0.9125288128852844
YNL069C,YML062C,0,-2.023807,0.10169826447963715,0.9990300536155701,0.9126291275024414
YOR073W,YGL077C,0,-2.0238833,0.10168822109699249,0.9990300536155701,0.9127294421195984
YER118C,YIL097W,0,-2.0243437,0.10167818516492844,0.9990300536155701,0.9128297567367554
YNR023W,YMR309C,0,-2.0252678,0.10166814923286438,0.9990300536155701,0.9129300713539124
YJL122W,YPR112C,0,-2.0284553,0.10165811330080032,0.9990300536155701,0.9130303859710693
YHR121W,YGL175C,0,-2.030248,0.10164807736873627,0.9990300536155701,0.9131307005882263
YDL042C,YOR375C,0,-2.0314665,0.10163804888725281,0.9990300536155701,0.9132310152053833
YML123C,YPR066W,0,-2.034975,0.10162802040576935,0.9990300536155701,0.9133313298225403
YBR018C,YDL156W,0,-2.0358906,0.10161799192428589,0.9990300536155701,0.9134316444396973
YOL146W,YCL020W,0,-2.0361114,0.10160797089338303,0.9990300536155701,0.9135319590568542
YLR376C,YIL122W,0,-2.0363555,0.10159794986248016,0.9990300536155701,0.9136322736740112
YNR023W,YOR010C,0,-2.037165,0.1015879288315773,0.9990300536155701,0.9137325882911682
YLR298C,YNR046W,0,-2.037972,0.10157790780067444,0.9990300536155701,0.9138329029083252
YCR034W,YGL054C,0,-2.0431213,0.10156789422035217,0.9990300536155701,0.9139332175254822
YCR073C,YFR044C,0,-2.0479763,0.10155788064002991,0.9990300536155701,0.9140335321426392
YDR446W,YGR128C,0,-2.049616,0.10154786705970764,0.9990300536155701,0.9141337871551514
YPL055C,YOL033W,0,-2.0504014,0.10153785347938538,0.9990300536155701,0.9142341017723083
YOR017W,YGL055W,0,-2.051444,0.10152784734964371,0.9990300536155701,0.9143344163894653
YJL010C,YMR268C,0,-2.0519736,0.10151784121990204,0.9990300536155701,0.9144347310066223
YHR062C,YGL077C,0,-2.0521743,0.10150783509016037,0.9990300536155701,0.9145350456237793
YDR322C-A,YER183C,0,-2.0533514,0.1014978289604187,0.9990300536155701,0.9146353602409363
YFR028C,YGR261C,0,-2.0559237,0.10148783028125763,0.9990300536155701,0.9147356748580933
YPL227C,YEL042W,0,-2.0559673,0.10147783160209656,0.9990300536155701,0.9148359894752502
YCR027C,YKR025W,0,-2.060164,0.10146783292293549,0.9990300536155701,0.9149363040924072
YFR028C,YPR056W,0,-2.0608287,0.10145784169435501,0.9990300536155701,0.9150366187095642
YNL139C,YKL148C,0,-2.0643613,0.10144785046577454,0.9990300536155701,0.9151369333267212
YKL113C,YNR046W,0,-2.0649316,0.10143785923719406,0.9990300536155701,0.9152372479438782
YIL073C,YER074W-A,0,-2.0674415,0.10142786800861359,0.9990300536155701,0.9153375625610352
YDL079C,YKR065C,0,-2.0682487,0.10141788423061371,0.9990300536155701,0.9154378771781921
YIR021W,YIR013C,0,-2.068924,0.10140789300203323,0.9990300536155701,0.9155381917953491
YIL073C,YBL100W-A,0,-2.0695004,0.10139791667461395,0.9990300536155701,0.9156385064125061
YBR253W,YDL214C,0,-2.0708835,0.10138793289661407,0.9990300536155701,0.9157387614250183
YGL002W,YMR323W,0,-2.074894,0.1013779491186142,0.9990300536155701,0.9158390760421753
YER018C,YMR251W-A,0,-2.0751681,0.10136797279119492,0.9990300536155701,0.9159393906593323
YNL124W,YKR042W,0,-2.0754204,0.10135800391435623,0.9990300536155701,0.9160397052764893
YGR249W,YLR222C,0,-2.0756855,0.10134802758693695,0.9990300536155701,0.9161400198936462
YDL042C,YNL270C,0,-2.0762808,0.10133805871009827,0.9990300536155701,0.9162403345108032
YPL187W,YOR077W,0,-2.0772495,0.10132808983325958,0.9990300536155701,0.9163406491279602
YDL181W,YGL134W,0,-2.077548,0.1013181209564209,0.9990300536155701,0.9164409637451172
YJL184W,YPL187W,0,-2.0782528,0.10130815207958221,0.9990300536155701,0.9165412783622742
YJL122W,YML001W,0,-2.0813181,0.10129819065332413,0.9990300536155701,0.9166415929794312
YFR051C,YJL050W,0,-2.08173,0.10128822922706604,0.9990300536155701,0.9167419075965881
YBL009W,YBR135W,0,-2.0830266,0.10127826780080795,0.9990300536155701,0.9168422222137451
YIL023C,YNL124W,0,-2.083572,0.10126831382513046,0.9990300536155701,0.9169425368309021
YDL025C,YPR009W,0,-2.084106,0.10125835984945297,0.9990300536155701,0.9170428514480591
YJR043C,YAR008W,0,-2.0881717,0.10124840587377548,0.9990300536155701,0.9171431660652161
YGR227W,YAL009W,0,-2.0913029,0.10123845189809799,0.9990300536155701,0.917243480682373
YNL069C,YIL157C,0,-2.0987735,0.1012284979224205,0.9990300536155701,0.91734379529953
YML069W,YNL087W,0,-2.1043272,0.10121855139732361,0.9990300536155701,0.9174440503120422
YPR140W,YOR028C,0,-2.1077762,0.10120860487222672,0.9990300536155701,0.9175443649291992
YEL003W,YOR073W,0,-2.1079013,0.10119866579771042,0.9990300536155701,0.9176446795463562
YDR104C,YOR056C,0,-2.1115632,0.10118871927261353,0.9990300536155701,0.9177449941635132
YMR011W,YFL016C,0,-2.111669,0.10117878019809723,0.9990300536155701,0.9178453087806702
YNR023W,YOL034W,0,-2.1145735,0.10116884112358093,0.9990300536155701,0.9179456233978271
YDR538W,YPL008W,0,-2.1147535,0.10115890949964523,0.9990300536155701,0.9180459380149841
YHR216W,YHR065C,0,-2.1166277,0.10114897042512894,0.9990300536155701,0.9181462526321411
YPR009W,YDL201W,0,-2.1168485,0.10113903880119324,0.9990300536155701,0.9182465672492981
YGR090W,YLR095C,0,-2.1190372,0.10112911462783813,0.9990300536155701,0.9183468818664551
YER035W,YMR199W,0,-2.1191492,0.10111918300390244,0.9990300536155701,0.9184471964836121
YOL033W,YKL148C,0,-2.1220274,0.10110925883054733,0.9990300536155701,0.918547511100769
YDL168W,YAR071W,0,-2.1229334,0.10109933465719223,0.9990300536155701,0.918647825717926
YMR277W,YMR251W-A,0,-2.1235275,0.10108941048383713,0.9990300536155701,0.918748140335083
YGR192C,YBL009W,0,-2.127626,0.10107948631048203,0.9990300536155701,0.91884845495224
YER069W,YDR522C,0,-2.1302428,0.10106956958770752,0.9990300536155701,0.918948769569397
YNL327W,YOL148C,0,-2.131126,0.10105965286493301,0.9990300536155701,0.9190490245819092
YJL207C,YBR083W,0,-2.1329384,0.1010497435927391,0.9990300536155701,0.9191493391990662
YDL155W,YCR070W,0,-2.1359499,0.1010398268699646,0.9990300536155701,0.9192496538162231
YML019W,YDR143C,0,-2.139082,0.10102991759777069,0.9990300536155701,0.9193499684333801
YLR319C,YOR077W,0,-2.1403334,0.10102000832557678,0.9990300536155701,0.9194502830505371
YDR043C,YBR167C,0,-2.1420507,0.10101009905338287,0.9990300536155701,0.9195505976676941
YDL168W,YGL210W-A,0,-2.146064,0.10100019723176956,0.9990300536155701,0.9196509122848511
YBR039W,YBL101C,0,-2.1493664,0.10099029541015625,0.9990300536155701,0.9197512269020081
YHL007C,YNR075W,0,-2.1504388,0.10098039358854294,0.9990300536155701,0.919851541519165
YOL115W,YOL068C,0,-2.1506603,0.10097049176692963,0.9990300536155701,0.919951856136322
YER019W,YER074W-A,0,-2.1545362,0.10096059739589691,0.9990300536155701,0.920052170753479
YDR394W,YCL027C-A,0,-2.1561422,0.1009507030248642,0.9990300536155701,0.920152485370636
YNL254C,YPR052C,0,-2.1600566,0.10094080865383148,0.9990300536155701,0.920252799987793
YBR019C,YNL087W,0,-2.1603851,0.10093091428279877,0.9990300536155701,0.92035311460495
YHR107C,YHR128W,0,-2.1638558,0.10092102736234665,0.9990300536155701,0.9204534292221069
YNL254C,YNR039C,0,-2.1647544,0.10091114044189453,0.9990300536155701,0.9205537438392639
YFL055W,YIL110W,0,-2.1648395,0.10090125352144241,0.9990300536155701,0.9206539988517761
YMR283C,YPL192C,0,-2.1669974,0.10089137405157089,0.9990300536155701,0.9207543134689331
YDR162C,YNR075W,0,-2.1669986,0.10088148713111877,0.9990300536155701,0.9208546280860901
YGR271C-A,YGR207C,0,-2.168952,0.10087160766124725,0.9990300536155701,0.9209549427032471
YBR070C,YLR081W,0,-2.1699018,0.10086172819137573,0.9990300536155701,0.921055257320404
YJR043C,YOL130W,0,-2.1706886,0.10085185617208481,0.9990300536155701,0.921155571937561
YNL197C,YLR117C,0,-2.1721177,0.10084198415279388,0.9990300536155701,0.921255886554718
YPL128C,YOR064C,0,-2.1747332,0.10083211213350296,0.9990300536155701,0.921356201171875
YHL007C,YOR196C,0,-2.1757703,0.10082224011421204,0.9990300536155701,0.921456515789032
YBL042C,YCL027C-A,0,-2.1759026,0.10081236809492111,0.9990300536155701,0.921556830406189
YLR393W,YKR086W,0,-2.179097,0.10080250352621078,0.9990300536155701,0.921657145023346
YNL186W,YLR449W,0,-2.1797154,0.10079263895750046,0.9990300536155701,0.9217574596405029
YBR229C,YCR048W,0,-2.185019,0.10078278183937073,0.9990300536155701,0.9218577742576599
YDR354W,YGR128C,0,-2.1859953,0.1007729172706604,0.9990300536155701,0.9219580888748169
YDR017C,YHR084W,0,-2.1867225,0.10076306015253067,0.9990300536155701,0.9220584034919739
YKL035W,YNL177C,0,-2.189867,0.10075320303440094,0.9990300536155701,0.9221587181091309
YJL204C,YGL134W,0,-2.1906404,0.10074334591627121,0.9990300536155701,0.9222589731216431
YIR007W,YJL113W,0,-2.1909795,0.10073349624872208,0.9990300536155701,0.9223592877388
YGR108W,YGR074W,0,-2.19259,0.10072364658117294,0.9990300536155701,0.922459602355957
YLR307W,YLR155C,0,-2.194425,0.10071379691362381,0.9990300536155701,0.922559916973114
YGR271C-A,YBR288C,0,-2.197783,0.10070394724607468,0.9990300536155701,0.922660231590271
YIL082W-A,YPL046C,0,-2.2023275,0.10069410502910614,0.9990300536155701,0.922760546207428
YLR388W,YFL022C,0,-2.2032495,0.1006842628121376,0.9990300536155701,0.922860860824585
YDR113C,YOL137W,0,-2.2041316,0.10067442059516907,0.9990300536155701,0.9229611754417419
YPR201W,YOR210W,0,-2.2059984,0.10066457837820053,0.9990300536155701,0.9230614900588989
YPL023C,YML093W,0,-2.2086473,0.10065474361181259,0.9990300536155701,0.9231618046760559
YNL315C,YER073W,0,-2.2099528,0.10064490884542465,0.9990300536155701,0.9232621192932129
YDR162C,YJR077C,0,-2.210829,0.10063507407903671,0.9990300536155701,0.9233624339103699
YFL018C,YBR239C,0,-2.2109504,0.10062524676322937,0.9990300536155701,0.9234627485275269
YOR095C,YOL013C,0,-2.2166226,0.10061541199684143,0.9990300536155701,0.9235630631446838
YDL004W,YLL039C,0,-2.2188706,0.10060558468103409,0.9990300536155701,0.9236633777618408
YPR145W,YBR186W,0,-2.2221274,0.10059576481580734,0.9990300536155701,0.9237636923789978
YER118C,YNL154C,0,-2.2235384,0.1005859375,0.9990300536155701,0.9238640069961548
YDR346C,YNL113W,0,-2.2238538,0.10057611763477325,0.9990300536155701,0.923964262008667
YCR083W,YMR199W,0,-2.2247615,0.10056629776954651,0.9990300536155701,0.924064576625824
YLR336C,YML046W,0,-2.227246,0.10055647790431976,0.9990300536155701,0.924164891242981
YOL091W,YLL010C,0,-2.2309427,0.10054665803909302,0.9990300536155701,0.9242652058601379
YLR166C,YNL299W,0,-2.2332747,0.10053684562444687,0.9990300536155701,0.9243655204772949
YDL155W,YGL175C,0,-2.2350922,0.10052703320980072,0.9990300536155701,0.9244658350944519
YLR342W,YML066C,0,-2.2397614,0.10051722824573517,0.9990300536155701,0.9245661497116089
YML008C,YMR024W,0,-2.2450829,0.10050741583108902,0.9990300536155701,0.9246664643287659
YEL055C,YPR079W,0,-2.2464664,0.10049761086702347,0.9990300536155701,0.9247667789459229
YPL012W,YGL175C,0,-2.247502,0.10048780590295792,0.9990300536155701,0.9248670935630798
YBR132C,YBR265W,0,-2.2477806,0.10047800093889236,0.9990300536155701,0.9249674081802368
YGR152C,YML111W,0,-2.2493396,0.10046820342540741,0.9990300536155701,0.9250677227973938
YGL130W,YCL020W,0,-2.2512755,0.10045840591192245,0.9990300536155701,0.9251680374145508
YBR186W,YDL079C,0,-2.25342,0.1004486083984375,0.9990300536155701,0.9252683520317078
YJL116C,YGR013W,0,-2.2536612,0.10043881088495255,0.9990300536155701,0.9253686666488647
YJR067C,YIL110W,0,-2.2570152,0.10042902082204819,0.9990300536155701,0.9254689812660217
YBR200W,YPL162C,0,-2.2572668,0.10041922330856323,0.9990300536155701,0.9255692362785339
YGR049W,YNL083W,0,-2.2598557,0.10040943324565887,0.9990300536155701,0.9256695508956909
YLR242C,YNL113W,0,-2.261979,0.10039965063333511,0.9990300536155701,0.9257698655128479
YNL124W,YMR116C,0,-2.2622495,0.10038986057043076,0.9990300536155701,0.9258701801300049
YGR109C,YFL008W,0,-2.2636364,0.100380077958107,0.9990300536155701,0.9259704947471619
YNL072W,YHR019C,0,-2.263886,0.10037029534578323,0.9990300536155701,0.9260708093643188
YKL163W,YPR112C,0,-2.2675042,0.10036052018404007,0.9990300536155701,0.9261711239814758
YPR094W,YKR024C,0,-2.2718573,0.10035073757171631,0.9990300536155701,0.9262714385986328
YBR265W,YDR258C,0,-2.273139,0.10034096240997314,0.9990300536155701,0.9263717532157898
YLR136C,YPR052C,0,-2.2738788,0.10033118724822998,0.9990300536155701,0.9264720678329468
YGR028W,YKL148C,0,-2.2757022,0.10032141953706741,0.9990300536155701,0.9265723824501038
YNL245C,YPL086C,0,-2.276516,0.10031164437532425,0.9990300536155701,0.9266726970672607
YPL283C,YDR258C,0,-2.2795508,0.10030187666416168,0.9990300536155701,0.9267730116844177
YBR132C,YLR084C,0,-2.2858913,0.10029211640357971,0.9990300536155701,0.9268733263015747
YDR194C,YFR028C,0,-2.288093,0.10028234869241714,0.9990300536155701,0.9269736409187317
YDR385W,YKL101W,0,-2.2907104,0.10027258843183517,0.9990300536155701,0.9270739555358887
YKL092C,YHR152W,0,-2.2908356,0.1002628281712532,0.9990300536155701,0.9271742105484009
YPR029C,YKL160W,0,-2.2918017,0.10025306791067123,0.9990300536155701,0.9272745251655579
YLR406C,YBR133C,0,-2.2927215,0.10024330765008926,0.9990300536155701,0.9273748397827148
YNL106C,YBR244W,0,-2.2930427,0.10023355484008789,0.9990300536155701,0.9274751543998718
YOL146W,YOL021C,0,-2.2938585,0.10022380203008652,0.9990300536155701,0.9275754690170288
YDR156W,YPL030W,0,-2.2953053,0.10021404922008514,0.9990300536155701,0.9276757836341858
YDL153C,YOL119C,0,-2.2982204,0.10020429641008377,0.9990300536155701,0.9277760982513428
YPL212C,YML065W,0,-2.3002803,0.100194551050663,0.9990300536155701,0.9278764128684998
YIL121W,YML058W,0,-2.3012528,0.10018480569124222,0.9990300536155701,0.9279767274856567
YEL063C,YDL188C,0,-2.3035598,0.10017506033182144,0.9990300536155701,0.9280770421028137
YDR142C,YIL015W,0,-2.3048987,0.10016532242298126,0.9990300536155701,0.9281773567199707
YDR143C,YBR079C,0,-2.3075776,0.10015558451414108,0.9990300536155701,0.9282776713371277
YMR293C,YGL054C,0,-2.3091908,0.1001458466053009,0.9990300536155701,0.9283779859542847
YPL217C,YHR203C,0,-2.3096209,0.10013610869646072,0.9990300536155701,0.9284783005714417
YBR215W,YPL128C,0,-2.310522,0.10012637078762054,0.9990300536155701,0.9285786151885986
YMR278W,YOL137W,0,-2.3107913,0.10011664032936096,0.9990300536155701,0.9286789298057556
YOL115W,YOR198C,0,-2.3120775,0.10010690987110138,0.9990300536155701,0.9287792444229126
YCL010C,YIL073C,0,-2.3121586,0.1000971794128418,0.9990300536155701,0.9288794994354248
YDR316W,YCL027C-A,0,-2.316237,0.10008745640516281,0.9990300536155701,0.9289798140525818
YBR104W,YIR010W,0,-2.3165915,0.10007773339748383,0.9990300536155701,0.9290801286697388
YJR095W,YJR014W,0,-2.3194056,0.10006801038980484,0.9990300536155701,0.9291804432868958
YLR002C,YDR264C,0,-2.31959,0.10005828738212585,0.9990300536155701,0.9292807579040527
YOL094C,YHL033C,0,-2.3226447,0.10004856437444687,0.9990300536155701,0.9293810725212097
YPL132W,YKL127W,0,-2.3243437,0.10003884881734848,0.9990300536155701,0.9294813871383667
YGR049W,YGL201C,0,-2.3252177,0.10002913326025009,0.9990300536155701,0.9295817017555237
YJL092W,YDL042C,0,-2.331965,0.1000194177031517,0.9990300536155701,0.9296820163726807
YKL216W,YPL079W,0,-2.332593,0.10000970959663391,0.9990300536155701,0.9297823309898376
YBL045C,YMR106C,0,-2.3340113,0.10000000149011612,0.9990300536155701,0.9298826456069946
YKL092C,YGR132C,0,-2.3382595,0.09999029338359833,0.9990300536155701,0.9299829602241516
YMR058W,YKL012W,0,-2.3398638,0.09998058527708054,0.9990300536155701,0.9300832748413086
YEL063C,YBL018C,0,-2.3412848,0.09997088462114334,0.9990300536155701,0.9301835894584656
YKR081C,YDR191W,0,-2.341679,0.09996117651462555,0.9990300536155701,0.9302839040756226
YEL063C,YNL186W,0,-2.342729,0.09995148330926895,0.9990300536155701,0.9303842186927795
YIL049W,YCR068W,0,-2.344126,0.09994178265333176,0.9990300536155701,0.9304844737052917
YPL217C,YIR034C,0,-2.3461409,0.09993208199739456,0.9990300536155701,0.9305847883224487
YKL221W,YGR249W,0,-2.3501327,0.09992238879203796,0.9990300536155701,0.9306851029396057
YGL055W,YJL093C,0,-2.3510354,0.09991269558668137,0.9990300536155701,0.9307854175567627
YML066C,YPL212C,0,-2.3533597,0.09990300983190536,0.9990300536155701,0.9308857321739197
YNL305C,YKL084W,0,-2.3534236,0.09989331662654877,0.9990300536155701,0.9309860467910767
YGR090W,YGR215W,0,-2.3542511,0.09988363087177277,0.9990300536155701,0.9310863614082336
YBR136W,YPL187W,0,-2.3568428,0.09987394511699677,0.9990300536155701,0.9311866760253906
YIR028W,YGL175C,0,-2.3614078,0.09986425936222076,0.9990300536155701,0.9312869906425476
YMR266W,YMR260C,0,-2.3626142,0.09985458105802536,0.9990300536155701,0.9313873052597046
YDR017C,YKL208W,0,-2.3649576,0.09984490275382996,0.9990300536155701,0.9314876198768616
YKL120W,YOR339C,0,-2.365114,0.09983522444963455,0.9990300536155701,0.9315879344940186
YJR095W,YGR183C,0,-2.3695245,0.09982554614543915,0.9990300536155701,0.9316882491111755
YIL049W,YGR023W,0,-2.3736932,0.09981587529182434,0.9990300536155701,0.9317885637283325
YGR109C,YKL148C,0,-2.3743925,0.09980620443820953,0.9990300536155701,0.9318888783454895
YBL042C,YOR255W,0,-2.3746421,0.09979653358459473,0.9990300536155701,0.9319891929626465
YHR124W,YPR058W,0,-2.374937,0.09978686273097992,0.9990300536155701,0.9320894479751587
YOR293W,YJL104W,0,-2.3751733,0.09977719932794571,0.9990300536155701,0.9321897625923157
YKR024C,YOR303W,0,-2.3759456,0.0997675284743309,0.9990300536155701,0.9322900772094727
YIR034C,YOR153W,0,-2.383023,0.09975787252187729,0.9990300536155701,0.9323903918266296
YNL067W,YDL153C,0,-2.3844619,0.09974820911884308,0.9990300536155701,0.9324907064437866
YMR266W,YOL137W,0,-2.3871255,0.09973854571580887,0.9990300536155701,0.9325910210609436
YOL146W,YEL026W,0,-2.3890529,0.09972888976335526,0.9990300536155701,0.9326913356781006
YNR056C,YKL211C,0,-2.3899312,0.09971923381090164,0.9990300536155701,0.9327916502952576
YJL051W,YPL266W,0,-2.3923995,0.09970958530902863,0.9990300536155701,0.9328919649124146
YKL113C,YJR067C,0,-2.3929703,0.09969992935657501,0.9990300536155701,0.9329922795295715
YPL266W,YJR077C,0,-2.3970468,0.099690280854702,0.9990300536155701,0.9330925941467285
YIL103W,YKL184W,0,-2.3993208,0.09968063235282898,0.9990300536155701,0.9331929087638855
YAR008W,YFL008W,0,-2.3995056,0.09967099130153656,0.9990300536155701,0.9332932233810425
YDR097C,YER006W,0,-2.400097,0.09966134279966354,0.9990300536155701,0.9333935379981995
YML066C,YPL086C,0,-2.4008267,0.09965170174837112,0.9990300536155701,0.9334938526153564
YDL153C,YLL052C,0,-2.403613,0.0996420606970787,0.9990300536155701,0.9335941672325134
YFL053W,YLR424W,0,-2.4042425,0.09963242709636688,0.9990300536155701,0.9336944818496704
YJR095W,YKL220C,0,-2.40774,0.09962278604507446,0.9990300536155701,0.9337947368621826
YGL255W,YJL076W,0,-2.4078884,0.09961315244436264,0.9990300536155701,0.9338950514793396
YJL184W,YJL203W,0,-2.4125519,0.09960351884365082,0.9990300536155701,0.9339953660964966
YBL006C,YLR022C,0,-2.41287,0.09959389269351959,0.9990300536155701,0.9340956807136536
YGL255W,YAL047C,0,-2.4237995,0.09958425909280777,0.9990300536155701,0.9341959953308105
YML026C,YNR075W,0,-2.435255,0.09957463294267654,0.9990300536155701,0.9342963099479675
YDR408C,YKR024C,0,-2.4371266,0.09956500679254532,0.9990300536155701,0.9343966245651245
YGL234W,YMR167W,0,-2.4392967,0.09955538064241409,0.9990300536155701,0.9344969391822815
YNR056C,YOL033W,0,-2.4403915,0.09954576194286346,0.9990300536155701,0.9345972537994385
YKL176C,YNL299W,0,-2.443349,0.09953614324331284,0.9990300536155701,0.9346975684165955
YJL074C,YHR062C,0,-2.4435616,0.09952652454376221,0.9990300536155701,0.9347978830337524
YER073W,YKR001C,0,-2.4453568,0.09951690584421158,0.9990300536155701,0.9348981976509094
YJR043C,YMR024W,0,-2.445526,0.09950729459524155,0.9990300536155701,0.9349985122680664
YDL153C,YCR003W,0,-2.4464953,0.09949768334627151,0.9990300536155701,0.9350988268852234
YER006W,YNL097C,0,-2.4492192,0.09948807209730148,0.9990300536155701,0.9351991415023804
YKL084W,YOR188W,0,-2.4501066,0.09947846084833145,0.9990300536155701,0.9352994561195374
YFL053W,YBR199W,0,-2.4510486,0.09946885704994202,0.9990300536155701,0.9353997111320496
YNL071W,YER069W,0,-2.4560196,0.09945925325155258,0.9990300536155701,0.9355000257492065
YDR346C,YLR089C,0,-2.4623594,0.09944964945316315,0.9990300536155701,0.9356003403663635
YER019W,YGR289C,0,-2.4627728,0.09944004565477371,0.9990300536155701,0.9357006549835205
YGR152C,YGR163W,0,-2.4651468,0.09943044930696487,0.9990300536155701,0.9358009696006775
YGR109C,YGL054C,0,-2.4653268,0.09942085295915604,0.9990300536155701,0.9359012842178345
YOR368W,YLR081W,0,-2.4741485,0.0994112566113472,0.9990300536155701,0.9360015988349915
YMR011W,YGL054C,0,-2.4760077,0.09940166026353836,0.9990300536155701,0.9361019134521484
YDR488C,YKR065C,0,-2.4771104,0.09939207136631012,0.9990300536155701,0.9362022280693054
YAR050W,YCL030C,0,-2.4885893,0.09938247501850128,0.9990300536155701,0.9363025426864624
YLR449W,YER074W-A,0,-2.4909775,0.09937288612127304,0.9990300536155701,0.9364028573036194
YGR198W,YHR091C,0,-2.4936082,0.0993633046746254,0.9990300536155701,0.9365031719207764
YPR018W,YML024W,0,-2.4973316,0.09935371577739716,0.9990300536155701,0.9366034865379333
YML064C,YPL086C,0,-2.5008464,0.09934413433074951,0.9990300536155701,0.9367038011550903
YGL054C,YDL213C,0,-2.5040393,0.09933455288410187,0.9990300536155701,0.9368041157722473
YJL076W,YPR009W,0,-2.5084922,0.09932497888803482,0.9990300536155701,0.9369044303894043
YMR283C,YBL005W-A,0,-2.518417,0.09931539744138718,0.9990300536155701,0.9370046854019165
YOR128C,YMR167W,0,-2.5197105,0.09930582344532013,0.9990300536155701,0.9371050000190735
YJR159W,YER018C,0,-2.5251503,0.09929624944925308,0.9990300536155701,0.9372053146362305
YPR058W,YHR062C,0,-2.526146,0.09928667545318604,0.9990300536155701,0.9373056292533875
YMR202W,YIL158W,0,-2.5281036,0.09927710890769958,0.9990300536155701,0.9374059438705444
YFR046C,YDR450W,0,-2.5300634,0.09926754236221313,0.9990300536155701,0.9375062584877014
YLR071C,YIL015W,0,-2.530427,0.09925797581672668,0.9990300536155701,0.9376065731048584
YNL254C,YPL192C,0,-2.5323749,0.09924840927124023,0.9990300536155701,0.9377068877220154
YKL055C,YOR339C,0,-2.5326343,0.09923885017633438,0.9990300536155701,0.9378072023391724
YML029W,YCR034W,0,-2.5371547,0.09922928363084793,0.9990300536155701,0.9379075169563293
YMR323W,YNL009W,0,-2.5385687,0.09921973198652267,0.9990300536155701,0.9380078315734863
YLR336C,YKR042W,0,-2.544764,0.09921017289161682,0.9990300536155701,0.9381081461906433
YML123C,YOL001W,0,-2.5455744,0.09920061379671097,0.9990300536155701,0.9382084608078003
YHR072W,YDR001C,0,-2.545987,0.09919106215238571,0.9990300536155701,0.9383087754249573
YBL018C,YAL047C,0,-2.5465286,0.09918151050806046,0.9990300536155701,0.9384090900421143
YPR101W,YOR178C,0,-2.5540814,0.0991719588637352,0.9990300536155701,0.9385094046592712
YNR056C,YBR127C,0,-2.5556831,0.09916241466999054,0.9990300536155701,0.9386097192764282
YIL097W,YCL027C-A,0,-2.5557919,0.09915287047624588,0.9990300536155701,0.9387099742889404
YOL097C,YIL131C,0,-2.557024,0.09914332628250122,0.9990300536155701,0.9388102889060974
YDR162C,YIL131C,0,-2.5573962,0.09913378208875656,0.9990300536155701,0.9389106035232544
YPL227C,YLR081W,0,-2.5581448,0.0991242453455925,0.9990300536155701,0.9390109181404114
YMR190C,YOR188W,0,-2.5607862,0.09911470115184784,0.9990300536155701,0.9391112327575684
YGR049W,YBR133C,0,-2.5616465,0.09910516440868378,0.9990300536155701,0.9392115473747253
YDL214C,YNL256W,0,-2.5643244,0.09909563511610031,0.9990300536155701,0.9393118619918823
YHR183W,YPL066W,0,-2.5650456,0.09908609837293625,0.9990300536155701,0.9394121766090393
YPR101W,YBR083W,0,-2.567864,0.09907656908035278,0.9990300536155701,0.9395124912261963
YOR188W,YIR008C,0,-2.57018,0.09906703978776932,0.9990300536155701,0.9396128058433533
YDL049C,YGR132C,0,-2.5710535,0.09905751049518585,0.9990300536155701,0.9397131204605103
YLR166C,YMR280C,0,-2.5817423,0.09904798865318298,0.9990300536155701,0.9398134350776672
YIR033W,YNL009W,0,-2.5832129,0.09903845936059952,0.9990300536155701,0.9399137496948242
YDL193W,YPR201W,0,-2.5837042,0.09902893751859665,0.9990300536155701,0.9400140643119812
YEL034W,YDR264C,0,-2.5866194,0.09901941567659378,0.9990300536155701,0.9401143789291382
YER118C,YJL092W,0,-2.5892587,0.09900990128517151,0.9990300536155701,0.9402146935462952
YHR107C,YDL222C,0,-2.5919447,0.09900038689374924,0.9990300536155701,0.9403149485588074
YBR200W,YJL050W,0,-2.5926776,0.09899087250232697,0.9990300536155701,0.9404152631759644
YIL066C,YKR029C,0,-2.5927968,0.0989813581109047,0.9990300536155701,0.9405155777931213
YGL002W,YKR092C,0,-2.5929875,0.09897184371948242,0.9990300536155701,0.9406158924102783
YBL042C,YDR099W,0,-2.5931365,0.09896233677864075,0.9990300536155701,0.9407162070274353
YDR302W,YMR058W,0,-2.5953155,0.09895282983779907,0.9990300536155701,0.9408165216445923
YDL014W,YBL027W,0,-2.5978744,0.0989433228969574,0.9990300536155701,0.9409168362617493
YHR115C,YDL201W,0,-2.5980318,0.09893382340669632,0.9990300536155701,0.9410171508789062
YOR361C,YBR154C,0,-2.599008,0.09892431646585464,0.9990300536155701,0.9411174654960632
YOL041C,YBR167C,0,-2.6020617,0.09891481697559357,0.9990300536155701,0.9412177801132202
YDR314C,YJL093C,0,-2.606788,0.09890531748533249,0.9990300536155701,0.9413180947303772
YJL204C,YOR010C,0,-2.6082852,0.09889582544565201,0.9990300536155701,0.9414184093475342
YBR236C,YIL103W,0,-2.6095896,0.09888632595539093,0.9990300536155701,0.9415187239646912
YPL217C,YJR064W,0,-2.6108656,0.09887683391571045,0.9990300536155701,0.9416190385818481
YPL047W,YJL122W,0,-2.6135256,0.09886734187602997,0.9990300536155701,0.9417193531990051
YBL042C,YMR189W,0,-2.6151743,0.09885785728693008,0.9990300536155701,0.9418196678161621
YGR172C,YLR399C,0,-2.6195729,0.0988483652472496,0.9990300536155701,0.9419199228286743
YAR008W,YLR405W,0,-2.6202393,0.09883888065814972,0.9990300536155701,0.9420202374458313
YMR263W,YIL103W,0,-2.6222458,0.09882939606904984,0.9990300536155701,0.9421205520629883
YLR222C,YBL027W,0,-2.628232,0.09881991893053055,0.9990300536155701,0.9422208666801453
YNL126W,YDR267C,0,-2.6296725,0.09881043434143066,0.9990300536155701,0.9423211812973022
YPL045W,YLR081W,0,-2.6297996,0.09880095720291138,0.9990300536155701,0.9424214959144592
YPL246C,YOR153W,0,-2.6333823,0.09879148006439209,0.9990300536155701,0.9425218105316162
YFL009W,YLR341W,0,-2.6350055,0.0987820103764534,0.9990300536155701,0.9426221251487732
YHR091C,YDR522C,0,-2.6418624,0.09877253323793411,0.9990300536155701,0.9427224397659302
YGL023C,YBL002W,0,-2.6422276,0.09876306354999542,0.9990300536155701,0.9428227543830872
YJR152W,YBR068C,0,-2.6442466,0.09875359386205673,0.9990300536155701,0.9429230690002441
YJL116C,YLR336C,0,-2.6459553,0.09874413162469864,0.9990300536155701,0.9430233836174011
YOL041C,YDL191W,0,-2.6519945,0.09873466193675995,0.9990300536155701,0.9431236982345581
YIL158W,YML062C,0,-2.654704,0.09872519969940186,0.9990300536155701,0.9432240128517151
YKR098C,YNR075W,1,-2.6548138,0.098811574280262,1.0,0.9432240128517151
YNL124W,YAL047C,0,-2.6604238,0.0988021045923233,1.0,0.9433243274688721
YBR084C-A,YML069W,0,-2.6606352,0.09879264235496521,1.0,0.943424642086029
YKL112W,YPL012W,0,-2.662571,0.09878317266702652,1.0,0.943524956703186
YPL255W,YBR244W,0,-2.6656756,0.09877371042966843,1.0,0.9436252117156982
YOR178C,YBR167C,0,-2.6669102,0.09876424819231033,1.0,0.9437255263328552
YBR004C,YGL032C,0,-2.6695538,0.09875478595495224,1.0,0.9438258409500122
YBL050W,YAR071W,0,-2.6710386,0.09874533116817474,1.0,0.9439261555671692
YHR183W,YOL113W,0,-2.6756184,0.09873587638139725,1.0,0.9440264701843262
YFR028C,YOR028C,0,-2.6777456,0.09872642159461975,1.0,0.9441267848014832
YGR152C,YER058W,0,-2.6783788,0.09871696680784225,1.0,0.9442270994186401
YMR266W,YNL097C,0,-2.683429,0.09870751202106476,1.0,0.9443274140357971
YJR090C,YDR354W,0,-2.684667,0.09869806468486786,1.0,0.9444277286529541
YLR233C,YMR113W,0,-2.6858335,0.09868861734867096,1.0,0.9445280432701111
YNL148C,YPR052C,0,-2.6904156,0.09867917001247406,1.0,0.9446283578872681
YKL209C,YPL266W,0,-2.6907272,0.09866973012685776,1.0,0.944728672504425
YPL132W,YNL113W,0,-2.6927786,0.09866029024124146,1.0,0.944828987121582
YGR198W,YDR324C,0,-2.6927965,0.09865085035562515,1.0,0.944929301738739
YHR007C,YJL204C,0,-2.696765,0.09864141047000885,1.0,0.945029616355896
YNL037C,YPL032C,0,-2.6967943,0.09863197058439255,1.0,0.945129930973053
YGR068C,YDR084C,0,-2.7059817,0.09862253814935684,1.0,0.9452301859855652
YLR071C,YDL058W,0,-2.7069163,0.09861310571432114,1.0,0.9453305006027222
YGR192C,YLL005C,0,-2.7072918,0.09860367327928543,1.0,0.9454308152198792
YBR039W,YML008C,0,-2.7084973,0.09859424084424973,1.0,0.9455311298370361
YPR181C,YGL175C,0,-2.7128735,0.09858481585979462,1.0,0.9456314444541931
YIL127C,YFL034C-A,0,-2.7173653,0.09857539087533951,1.0,0.9457317590713501
YGR166W,YHR042W,0,-2.717407,0.0985659658908844,1.0,0.9458320736885071
YOL033W,YPL232W,0,-2.721647,0.09855654090642929,1.0,0.9459323883056641
YDL002C,YGR249W,0,-2.7237954,0.09854712337255478,1.0,0.946032702922821
YHL013C,YPL057C,0,-2.7277274,0.09853770583868027,1.0,0.946133017539978
YOR115C,YCR034W,0,-2.728485,0.09852828830480576,1.0,0.946233332157135
YOL115W,YAL009W,0,-2.7296283,0.09851887077093124,1.0,0.946333646774292
YNL126W,YCR003W,0,-2.73732,0.09850946068763733,1.0,0.946433961391449
YOL021C,YHR128W,0,-2.7384672,0.09850005060434341,1.0,0.946534276008606
YNL300W,YBL067C,0,-2.7480092,0.0984906405210495,1.0,0.9466345906257629
YNL316C,YNL245C,0,-2.7581594,0.09848123043775558,1.0,0.9467349052429199
YPL132W,YKR022C,0,-2.760401,0.09847182780504227,1.0,0.9468351602554321
YER157W,YOR375C,0,-2.7653944,0.09846241772174835,1.0,0.9469354748725891
YLR372W,YPR112C,0,-2.7660587,0.09845301508903503,1.0,0.9470357894897461
YML066C,YAL047C,0,-2.7670703,0.09844361990690231,1.0,0.9471361041069031
YMR323W,YPL192C,0,-2.7676344,0.098434217274189,1.0,0.9472364187240601
YDR194C,YOR284W,0,-2.7677884,0.09842482209205627,1.0,0.947336733341217
YBL004W,YCR048W,0,-2.7689292,0.09841542690992355,1.0,0.947437047958374
YMR305C,YNL270C,0,-2.769166,0.09840603172779083,1.0,0.947537362575531
YLR071C,YDR432W,0,-2.7715511,0.09839664399623871,1.0,0.947637677192688
YLR205C,YOR058C,0,-2.774249,0.09838724881410599,1.0,0.947737991809845
YDR322C-A,YOR058C,0,-2.7764497,0.09837786108255386,1.0,0.947838306427002
YOL115W,YNL087W,0,-2.778006,0.09836847335100174,1.0,0.9479386210441589
YHL001W,YPR065W,0,-2.7875965,0.09835909307003021,1.0,0.9480389356613159
YHR065C,YDL049C,0,-2.7882514,0.09834970533847809,1.0,0.9481392502784729
YPL268W,YNL299W,0,-2.7946146,0.09834032505750656,1.0,0.9482395648956299
YPR009W,YOL044W,0,-2.795391,0.09833095222711563,1.0,0.9483398795127869
YPR058W,YGL121C,0,-2.7958274,0.0983215719461441,1.0,0.9484401941299438
YLR051C,YDR198C,0,-2.79645,0.09831219911575317,1.0,0.948540449142456
YGR148C,YIL127C,0,-2.797792,0.09830281883478165,1.0,0.948640763759613
YPL237W,YNL148C,0,-2.801393,0.09829345345497131,1.0,0.94874107837677
YBL045C,YKL209C,0,-2.805397,0.09828408062458038,1.0,0.948841392993927
YCL030C,YPR112C,0,-2.8057022,0.09827471524477005,1.0,0.948941707611084
YLR332W,YJL076W,0,-2.808398,0.09826534241437912,1.0,0.949042022228241
YLR388W,YER006W,0,-2.8196325,0.09825597703456879,1.0,0.949142336845398
YDR216W,YFL053W,0,-2.8238392,0.09824661910533905,1.0,0.9492426514625549
YBL018C,YOR312C,0,-2.8244736,0.09823725372552872,1.0,0.9493429660797119
YDL181W,YPR185W,0,-2.8274662,0.09822789579629898,1.0,0.9494432806968689
YIL103W,YOR030W,0,-2.8314388,0.09821853786706924,1.0,0.9495435953140259
YLR262C,YPL192C,0,-2.8346744,0.09820917993783951,1.0,0.9496439099311829
YOL016C,YLR405W,0,-2.834994,0.09819982945919037,1.0,0.9497442245483398
YLR274W,YEL042W,0,-2.8360417,0.09819047898054123,1.0,0.9498445391654968
YIL157C,YNR075W,0,-2.8399148,0.09818112850189209,1.0,0.9499448537826538
YKL176C,YAR071W,0,-2.840208,0.09817177802324295,1.0,0.9500451683998108
YDR182W,YOR130C,0,-2.8453493,0.09816242754459381,1.0,0.950145423412323
YKL113C,YDL213C,0,-2.852034,0.09815308451652527,1.0,0.95024573802948
YDR184C,YLR336C,0,-2.8577156,0.09814374148845673,1.0,0.950346052646637
YBL046W,YDR324C,0,-2.8641582,0.09813439846038818,1.0,0.950446367263794
YKR010C,YGR278W,0,-2.864853,0.09812506288290024,1.0,0.9505466818809509
YNR039C,YNL279W,0,-2.8649178,0.0981157198548317,1.0,0.9506469964981079
YER172C,YPL030W,0,-2.8660164,0.09810638427734375,1.0,0.9507473111152649
YEL004W,YGR280C,0,-2.8669608,0.0980970486998558,1.0,0.9508476257324219
YDR180W,YGR166W,0,-2.8724813,0.09808772057294846,1.0,0.9509479403495789
YHR187W,YMR323W,0,-2.877076,0.09807838499546051,1.0,0.9510482549667358
YIL127C,YKR086W,0,-2.8772483,0.09806905686855316,1.0,0.9511485695838928
YCR028C-A,YBR044C,0,-2.8777442,0.09805972874164581,1.0,0.9512488842010498
YIL127C,YML026C,0,-2.8805366,0.09805040061473846,1.0,0.9513491988182068
YIL127C,YGL187C,0,-2.8808918,0.09804107993841171,1.0,0.9514495134353638
YLR051C,YOL137W,0,-2.8837073,0.09803175926208496,1.0,0.9515498280525208
YLL042C,YGL097W,0,-2.886848,0.09802243858575821,1.0,0.9516501426696777
YPR164W,YGL029W,0,-2.8905504,0.09801311790943146,1.0,0.9517503976821899
YBR102C,YMR277W,0,-2.8911457,0.0980038046836853,1.0,0.9518507122993469
YKL220C,YHR042W,0,-2.8931217,0.09799448400735855,1.0,0.9519510269165039
YMR323W,YDL213C,0,-2.8991818,0.0979851707816124,1.0,0.9520513415336609
YOR017W,YLR003C,0,-2.9026356,0.09797586500644684,1.0,0.9521516561508179
YDR339C,YLR226W,0,-2.9053364,0.09796655178070068,1.0,0.9522519707679749
YOL128C,YLR449W,0,-2.9116833,0.09795724600553513,1.0,0.9523522853851318
YGR148C,YIL091C,0,-2.919088,0.09794794023036957,1.0,0.9524526000022888
YKL049C,YKL216W,0,-2.9194808,0.09793863445520401,1.0,0.9525529146194458
YMR011W,YLR138W,0,-2.9231706,0.09792932868003845,1.0,0.9526532292366028
YDL079C,YMR024W,0,-2.9269323,0.09792003035545349,1.0,0.9527535438537598
YDL079C,YLR226W,0,-2.928462,0.09791073203086853,1.0,0.9528538584709167
YDR058C,YBR298C,0,-2.9299655,0.09790143370628357,1.0,0.9529541730880737
YGR074W,YFL002C,0,-2.9312983,0.09789213538169861,1.0,0.9530544877052307
YJL010C,YNL124W,0,-2.9327893,0.09788284450769424,1.0,0.9531548023223877
YPR124W,YLL023C,0,-2.933744,0.09787355363368988,1.0,0.9532551169395447
YPL217C,YGR186W,0,-2.9361587,0.09786426275968552,1.0,0.9533553719520569
YHL007C,YIL103W,0,-2.9379277,0.09785497188568115,1.0,0.9534556865692139
YJR095W,YCR042C,0,-2.9432158,0.09784568846225739,1.0,0.9535560011863708
YAR003W,YLR222C,0,-2.9436464,0.09783640503883362,1.0,0.9536563158035278
YLR405W,YOR198C,0,-2.9477954,0.09782712161540985,1.0,0.9537566304206848
YGR271C-A,YDL150W,0,-2.9520137,0.09781783819198608,1.0,0.9538569450378418
YKL018W,YJR002W,0,-2.952551,0.09780855476856232,1.0,0.9539572596549988
YML025C,YOR312C,0,-2.957524,0.09779927879571915,1.0,0.9540575742721558
YOR371C,YJL050W,0,-2.9590526,0.09779000282287598,1.0,0.9541578888893127
YPL211W,YGR261C,0,-2.9684186,0.0977807268500328,1.0,0.9542582035064697
YDR339C,YIL031W,0,-2.9694562,0.09777145832777023,1.0,0.9543585181236267
YDL181W,YML065W,0,-2.9722931,0.09776218235492706,1.0,0.9544588327407837
YBR021W,YLR027C,0,-2.9726787,0.09775291383266449,1.0,0.9545591473579407
YJL145W,YOL041C,0,-2.9795318,0.09774364531040192,1.0,0.9546594619750977
YJR095W,YGR048W,0,-2.9813201,0.09773438423871994,1.0,0.9547597765922546
YDR097C,YOR188W,0,-2.9842503,0.09772511571645737,1.0,0.9548600912094116
YBR088C,YNL093W,0,-2.9846158,0.09771585464477539,1.0,0.9549604058265686
YFL053W,YDR237W,0,-2.9854748,0.09770659357309341,1.0,0.9550606608390808
YDR221W,YER160C,0,-2.9895635,0.09769733995199203,1.0,0.9551609754562378
YDR311W,YNL299W,0,-2.9898846,0.09768807888031006,1.0,0.9552612900733948
YGR109C,YEL026W,0,-2.9908762,0.09767882525920868,1.0,0.9553616046905518
YML078W,YOL148C,0,-2.9954574,0.0976695716381073,1.0,0.9554619193077087
YGL210W-A,YPR140W,0,-3.0048378,0.09766031801700592,1.0,0.9555622339248657
YOR354C,YLR110C,0,-3.0075202,0.09765107184648514,1.0,0.9556625485420227
YPR201W,YNR046W,0,-3.0098042,0.09764182567596436,1.0,0.9557628631591797
YIL066C,YDR314C,0,-3.0101993,0.09763257205486298,1.0,0.9558631777763367
YBR154C,YDL201W,0,-3.0105898,0.09762333333492279,1.0,0.9559634923934937
YOR196C,YKR099C-A,0,-3.0109086,0.09761408716440201,1.0,0.9560638070106506
YGR068C,YOL034W,0,-3.0116944,0.09760484844446182,1.0,0.9561641216278076
YBL040C,YBR083W,0,-3.0147715,0.09759560972452164,1.0,0.9562644362449646
YNR032W,YLR110C,0,-3.020496,0.09758637100458145,1.0,0.9563647508621216
YGL044C,YNR075W,0,-3.0218031,0.09757713228464127,1.0,0.9564650654792786
YML066C,YKL146W,0,-3.0254245,0.09756790101528168,1.0,0.9565653800964355
YPL187W,YKL157W,0,-3.0259342,0.09755866974592209,1.0,0.9566656351089478
YNL124W,YLR003C,0,-3.0281558,0.0975494384765625,1.0,0.9567659497261047
YGL224C,YGR280C,0,-3.0282133,0.09754020720720291,1.0,0.9568662643432617
YPL230W,YOR375C,0,-3.0352,0.09753098338842392,1.0,0.9569665789604187
YKR024C,YOR205C,0,-3.035458,0.09752175211906433,1.0,0.9570668935775757
YBL050W,YFL031W,0,-3.039811,0.09751252830028534,1.0,0.9571672081947327
YBL005W-A,YNR039C,0,-3.044748,0.09750331193208694,1.0,0.9572675228118896
YKR092C,YKR001C,0,-3.0470972,0.09749408811330795,1.0,0.9573678374290466
YFL018C,YJL050W,0,-3.0495622,0.09748487174510956,1.0,0.9574681520462036
YPL255W,YDR488C,0,-3.0518365,0.09747565537691116,1.0,0.9575684666633606
YLR084C,YGR195W,0,-3.0521615,0.09746643900871277,1.0,0.9576687812805176
YPL032C,YPR079W,0,-3.0523415,0.09745723009109497,1.0,0.9577690958976746
YPL032C,YPL249C,0,-3.0525608,0.09744801372289658,1.0,0.9578694105148315
YLR166C,YAR008W,0,-3.0546885,0.09743880480527878,1.0,0.9579697251319885
YKL113C,YGR140W,0,-3.0587866,0.09742959588766098,1.0,0.9580700397491455
YML007W,YBL009W,0,-3.060386,0.09742039442062378,1.0,0.9581703543663025
YDL153C,YML069W,0,-3.0631626,0.09741118550300598,1.0,0.9582706093788147
YOR229W,YMR305C,0,-3.0643606,0.09740198403596878,1.0,0.9583709239959717
YNR012W,YOR028C,0,-3.0650587,0.09739278256893158,1.0,0.9584712386131287
YDR346C,YJL076W,0,-3.069989,0.09738358110189438,1.0,0.9585715532302856
YIL049W,YNL124W,0,-3.0701423,0.09737438708543777,1.0,0.9586718678474426
YJR043C,YJL159W,0,-3.071508,0.09736519306898117,1.0,0.9587721824645996
YBL004W,YGL022W,0,-3.0737545,0.09735599905252457,1.0,0.9588724970817566
YBL100W-A,YLR117C,0,-3.0754027,0.09734680503606796,1.0,0.9589728116989136
YNL082W,YLR393W,0,-3.0800126,0.09733761101961136,1.0,0.9590731263160706
YBL018C,YPL212C,0,-3.0811374,0.09732842445373535,1.0,0.9591734409332275
YDL159W,YOR130C,0,-3.0812528,0.09731923788785934,1.0,0.9592737555503845
YDR446W,YGL125W,0,-3.0813627,0.09731005132198334,1.0,0.9593740701675415
YIR033W,YNL270C,0,-3.0882015,0.09730086475610733,1.0,0.9594743847846985
YOR153W,YPL192C,0,-3.0947354,0.09729168564081192,1.0,0.9595746994018555
YNL075W,YFR055W,0,-3.1058464,0.09728250652551651,1.0,0.9596750140190125
YPR164W,YER074W-A,0,-3.1076365,0.0972733274102211,1.0,0.9597753286361694
YOL115W,YKL148C,0,-3.1099882,0.09726414829492569,1.0,0.9598756432533264
YOR094W,YPL012W,0,-3.1135433,0.09725497663021088,1.0,0.9599758982658386
YOR321W,YLL052C,0,-3.1223156,0.09724580496549606,1.0,0.9600762128829956
YOR188W,YKL012W,0,-3.1238108,0.09723663330078125,1.0,0.9601765275001526
YMR323W,YDL104C,0,-3.1275349,0.09722746163606644,1.0,0.9602768421173096
YGL124C,YDR123C,0,-3.1276417,0.09721828997135162,1.0,0.9603771567344666
YKL096W,YHR016C,0,-3.1324515,0.09720912575721741,1.0,0.9604774713516235
YDR322C-A,YOL033W,0,-3.1328747,0.09719996154308319,1.0,0.9605777859687805
YOR153W,YOR073W,0,-3.134952,0.09719079732894897,1.0,0.9606781005859375
YBR217W,YMR014W,0,-3.1410487,0.09718164056539536,1.0,0.9607784152030945
YOR178C,YHR026W,0,-3.1413436,0.09717247635126114,1.0,0.9608787298202515
YJL115W,YOR188W,0,-3.1477938,0.09716331958770752,1.0,0.9609790444374084
YDR184C,YGR038W,0,-3.147924,0.0971541628241539,1.0,0.9610793590545654
YMR047C,YMR305C,0,-3.150907,0.09714501351118088,1.0,0.9611796736717224
YBR019C,YJL137C,0,-3.1556866,0.09713585674762726,1.0,0.9612799882888794
YGR013W,YFL034C-A,0,-3.1583784,0.09712670743465424,1.0,0.9613803029060364
YAR008W,YBL099W,0,-3.1677501,0.09711755812168121,1.0,0.9614806175231934
YNL300W,YOR339C,0,-3.1692045,0.09710840880870819,1.0,0.9615808725357056
YIR021W,YDR237W,0,-3.169481,0.09709926694631577,1.0,0.9616811871528625
YER016W,YER170W,0,-3.1725364,0.09709012508392334,1.0,0.9617815017700195
YGL145W,YDL214C,0,-3.1757832,0.09708097577095032,1.0,0.9618818163871765
YMR011W,YHR121W,0,-3.1764092,0.09707184135913849,1.0,0.9619821310043335
YNL069C,YPR018W,0,-3.1810637,0.09706269949674606,1.0,0.9620824456214905
YNL053W,YPL086C,0,-3.1858602,0.09705356508493423,1.0,0.9621827602386475
YKL092C,YCL027C-A,0,-3.1873937,0.0970444306731224,1.0,0.9622830748558044
YBR039W,YJR159W,0,-3.1900976,0.09703529626131058,1.0,0.9623833894729614
YJL050W,YJL104W,0,-3.1907754,0.09702616184949875,1.0,0.9624837040901184
YML008C,YLR405W,0,-3.190829,0.09701703488826752,1.0,0.9625840187072754
YKR081C,YHL001W,0,-3.1926236,0.09700790047645569,1.0,0.9626843333244324
YNL245C,YOR140W,0,-3.1941943,0.09699877351522446,1.0,0.9627846479415894
YNL126W,YFL008W,0,-3.1985216,0.09698965400457382,1.0,0.9628849625587463
YML123C,YGR206W,0,-3.2098274,0.09698052704334259,1.0,0.9629852771759033
YPL032C,YPR094W,0,-3.2161772,0.09697140753269196,1.0,0.9630855917930603
YBL067C,YCL030C,0,-3.222128,0.09696228802204132,1.0,0.9631858468055725
YDL025C,YEL011W,0,-3.2245069,0.09695316851139069,1.0,0.9632861614227295
YCL062W,YGR132C,0,-3.22551,0.09694404900074005,1.0,0.9633864760398865
YLR272C,YCL026C-A,0,-3.2261672,0.09693493694067001,1.0,0.9634867906570435
YJR047C,YBR265W,0,-3.2325776,0.09692582488059998,1.0,0.9635871052742004
YDR540C,YOR030W,0,-3.2372203,0.09691671282052994,1.0,0.9636874198913574
YNL299W,YJR067C,0,-3.2379184,0.0969076007604599,1.0,0.9637877345085144
YBR236C,YGL029W,0,-3.238122,0.09689849615097046,1.0,0.9638880491256714
YER141W,YOR178C,0,-3.2400177,0.09688939154148102,1.0,0.9639883637428284
YPR201W,YNL177C,0,-3.2435443,0.09688028693199158,1.0,0.9640886783599854
YIL066C,YHR034C,0,-3.2464547,0.09687118232250214,1.0,0.9641889929771423
YDL042C,YDL201W,0,-3.2537346,0.09686208516359329,1.0,0.9642893075942993
YJL116C,YOR140W,0,-3.2537909,0.09685298055410385,1.0,0.9643896222114563
YOR095C,YOR354C,0,-3.253944,0.09684388339519501,1.0,0.9644899368286133
YLL052C,YGR206W,0,-3.2584333,0.09683478623628616,1.0,0.9645902514457703
YDL214C,YGR041W,0,-3.2679236,0.09682569652795792,1.0,0.9646905660629272
YJL111W,YPL079W,0,-3.268623,0.09681659936904907,1.0,0.9647908806800842
YNR054C,YJL122W,0,-3.2782712,0.09680750966072083,1.0,0.9648911356925964
YDR339C,YGL029W,0,-3.2801704,0.09679841995239258,1.0,0.9649914503097534
YPL032C,YAL047C,0,-3.2805092,0.09678933769464493,1.0,0.9650917649269104
YLR307W,YNL047C,0,-3.2866035,0.09678024798631668,1.0,0.9651920795440674
YGR195W,YHR019C,0,-3.2866287,0.09677116572856903,1.0,0.9652923941612244
YAL055W,YDL201W,0,-3.2937572,0.09676208347082138,1.0,0.9653927087783813
YGL033W,YAL061W,0,-3.2955484,0.09675300121307373,1.0,0.9654930233955383
YLR116W,YGL020C,0,-3.2967167,0.09674392640590668,1.0,0.9655933380126953
YDL212W,YKL025C,0,-3.2972584,0.09673484414815903,1.0,0.9656936526298523
YJL116C,YBL099W,0,-3.2985334,0.09672576934099197,1.0,0.9657939672470093
YDR225W,YER170W,0,-3.2993507,0.09671669453382492,1.0,0.9658942818641663
YPR020W,YIL103W,0,-3.3012972,0.09670762717723846,1.0,0.9659945964813232
YLR398C,YPL187W,0,-3.3070712,0.09669855237007141,1.0,0.9660949110984802
YIL063C,YNR075W,0,-3.310911,0.09668948501348495,1.0,0.9661952257156372
YPL032C,YNL329C,0,-3.312101,0.0966804176568985,1.0,0.9662955403327942
YMR323W,YBL003C,0,-3.3167458,0.09667135775089264,1.0,0.9663958549499512
YPL211W,YBR288C,0,-3.3243165,0.09666229039430618,1.0,0.9664961099624634
YKR010C,YJR077C,0,-3.326813,0.09665323048830032,1.0,0.9665964245796204
YGR256W,YMR029C,0,-3.328662,0.09664417058229446,1.0,0.9666967391967773
YCR042C,YIL040W,0,-3.3429782,0.0966351106762886,1.0,0.9667970538139343
YDR084C,YNL197C,0,-3.3437052,0.09662605077028275,1.0,0.9668973684310913
YER118C,YKR039W,0,-3.346625,0.09661699831485748,1.0,0.9669976830482483
YKR092C,YOR256C,0,-3.3466406,0.09660794585943222,1.0,0.9670979976654053
YPR151C,YKL157W,0,-3.3469944,0.09659889340400696,1.0,0.9671983122825623
YDL004W,YGR163W,0,-3.348767,0.0965898409485817,1.0,0.9672986268997192
YDR143C,YCR034W,0,-3.3523073,0.09658079594373703,1.0,0.9673989415168762
YNR054C,YOR205C,0,-3.3656754,0.09657175093889236,1.0,0.9674992561340332
YNL106C,YPL266W,0,-3.366956,0.0965627059340477,1.0,0.9675995707511902
YIL085C,YLR222C,0,-3.3701425,0.09655366092920303,1.0,0.9676998853683472
YLR342W,YFL053W,0,-3.3747036,0.09654462337493896,1.0,0.9678001999855042
YPL047W,YHR128W,0,-3.3759573,0.0965355783700943,1.0,0.9679005146026611
YKR010C,YIL063C,0,-3.3786814,0.09652654081583023,1.0,0.9680008292198181
YNL069C,YNL315C,0,-3.3811002,0.09651750326156616,1.0,0.9681010842323303
YGR192C,YLR369W,0,-3.3834357,0.09650847315788269,1.0,0.9682013988494873
YER146W,YML123C,0,-3.393877,0.09649943560361862,1.0,0.9683017134666443
YOL039W,YNL312W,0,-3.4017346,0.09649040549993515,1.0,0.9684020280838013
YNL126W,YLR275W,0,-3.4059327,0.09648137539625168,1.0,0.9685023427009583
YKL025C,YMR305C,0,-3.4062808,0.0964723527431488,1.0,0.9686026573181152
YOR095C,YMR260C,0,-3.4092505,0.09646332263946533,1.0,0.9687029719352722
YKR025W,YHR166C,0,-3.4164739,0.09645429998636246,1.0,0.9688032865524292
YBL045C,YJR067C,0,-3.4276998,0.09644527733325958,1.0,0.9689036011695862
YER119C,YDL153C,0,-3.4277744,0.09643625468015671,1.0,0.9690039157867432
YKR060W,YPR079W,0,-3.4334426,0.09642723202705383,1.0,0.9691042304039001
YDR363W,YKR024C,0,-3.4368534,0.09641821682453156,1.0,0.9692045450210571
YKR060W,YMR068W,0,-3.4527097,0.09640920162200928,1.0,0.9693048596382141
YLR233C,YMR251W-A,0,-3.460465,0.096400186419487,1.0,0.9694051742553711
YLR406C,YDR206W,0,-3.463527,0.09639117121696472,1.0,0.9695054888725281
YMR266W,YJL177W,0,-3.466547,0.09638216346502304,1.0,0.9696058034896851
YKL216W,YPR112C,0,-3.4680176,0.09637315571308136,1.0,0.969706118106842
YBL045C,YDR331W,0,-3.4699187,0.09636414796113968,1.0,0.9698063731193542
YPL086C,YDL201W,0,-3.4716806,0.096355140209198,1.0,0.9699066877365112
YPR029C,YJL122W,0,-3.4726148,0.09634613245725632,1.0,0.9700070023536682
YBR018C,YDL042C,0,-3.4782596,0.09633713215589523,1.0,0.9701073169708252
YBR298C,YAL061W,0,-3.4844987,0.09632813185453415,1.0,0.9702076315879822
YOL044W,YNL113W,0,-3.5062551,0.09631913155317307,1.0,0.9703079462051392
YLR084C,YLR155C,0,-3.5074983,0.09631013870239258,1.0,0.9704082608222961
YLR084C,YOR140W,0,-3.5113122,0.0963011384010315,1.0,0.9705085754394531
YFL018C,YLR405W,0,-3.519877,0.09629214555025101,1.0,0.9706088900566101
YOL001W,YGL055W,0,-3.5210242,0.09628315269947052,1.0,0.9707092046737671
YDL178W,YAL061W,0,-3.5310302,0.09627415984869003,1.0,0.9708095192909241
YPR009W,YOR303W,0,-3.5312743,0.09626517444849014,1.0,0.970909833908081
YNL316C,YAR071W,0,-3.5323844,0.09625618159770966,1.0,0.971010148525238
YER016W,YHR128W,0,-3.542543,0.09624719619750977,1.0,0.971110463142395
YKR092C,YLR398C,0,-3.5564036,0.09623821824789047,1.0,0.971210777759552
YHR134W,YNL148C,0,-3.556642,0.09622923284769058,1.0,0.971311092376709
YKR060W,YPR164W,0,-3.5568175,0.09622025489807129,1.0,0.9714113473892212
YIL091C,YDR156W,0,-3.5613148,0.0962112694978714,1.0,0.9715116620063782
YBR234C,YJR095W,0,-3.5620716,0.0962022989988327,1.0,0.9716119766235352
YML066C,YHR141C,0,-3.5639982,0.09619332104921341,1.0,0.9717122912406921
YOR328W,YER073W,0,-3.5679924,0.09618434309959412,1.0,0.9718126058578491
YGL023C,YLR233C,0,-3.5724115,0.09617537260055542,1.0,0.9719129204750061
YPL211W,YJL139C,0,-3.576325,0.09616640210151672,1.0,0.9720132350921631
YBL004W,YMR268C,0,-3.5804853,0.09615743160247803,1.0,0.9721135497093201
YOL146W,YNR012W,0,-3.5828238,0.09614846855401993,1.0,0.972213864326477
YNR054C,YNL087W,0,-3.5859184,0.09613949805498123,1.0,0.972314178943634
YIL085C,YOL041C,0,-3.5879574,0.09613053500652313,1.0,0.972414493560791
YPL047W,YFL002C,0,-3.589861,0.09612157195806503,1.0,0.972514808177948
YLR332W,YDL014W,0,-3.5938187,0.09611261636018753,1.0,0.972615122795105
YER039C,YJR077C,0,-3.597753,0.09610365331172943,1.0,0.972715437412262
YOL097C,YHR091C,0,-3.6021907,0.09609469771385193,1.0,0.972815752029419
YFL034C-B,YML022W,0,-3.609127,0.09608574211597443,1.0,0.9729160666465759
YLR233C,YDL004W,0,-3.6123774,0.09607678651809692,1.0,0.9730163216590881
YKL101W,YLL036C,0,-3.613899,0.09606783092021942,1.0,0.9731166362762451
YDR006C,YER074W-A,0,-3.6149938,0.09605888277292252,1.0,0.9732169508934021
YLL005C,YOR133W,0,-3.6152163,0.09604993462562561,1.0,0.9733172655105591
YBL099W,YBL004W,0,-3.6208692,0.0960409864783287,1.0,0.9734175801277161
YNR054C,YOL039W,0,-3.6355963,0.0960320383310318,1.0,0.973517894744873
YBL018C,YGR240C,0,-3.650491,0.09602309763431549,1.0,0.97361820936203
YDR225W,YDR171W,0,-3.6507266,0.09601415693759918,1.0,0.973718523979187
YOL034W,YJL104W,0,-3.6547766,0.09600521624088287,1.0,0.973818838596344
YOR005C,YLR003C,0,-3.6591165,0.09599627554416656,1.0,0.973919153213501
YIL049W,YBR265W,0,-3.661272,0.09598733484745026,1.0,0.974019467830658
YCR073C,YIL017C,0,-3.6637208,0.09597840160131454,1.0,0.9741197824478149
YPR009W,YOR295W,0,-3.677301,0.09596946835517883,1.0,0.9742200970649719
YBL102W,YDR540C,0,-3.6982112,0.09596053510904312,1.0,0.9743204116821289
YPL086C,YKL167C,0,-3.7003784,0.09595160186290741,1.0,0.9744207262992859
YOR115C,YGL099W,0,-3.7017336,0.0959426760673523,1.0,0.9745210409164429
YMR266W,YHR128W,0,-3.7024357,0.09593375027179718,1.0,0.9746213555335999
YPL211W,YOR144C,0,-3.703002,0.09592482447624207,1.0,0.9747216105461121
YHR065C,YFL022C,0,-3.7039065,0.09591589868068695,1.0,0.974821925163269
YNR054C,YDR037W,0,-3.7167716,0.09590698033571243,1.0,0.974922239780426
YNL229C,YGR249W,0,-3.7387164,0.09589805454015732,1.0,0.975022554397583
YPL255W,YPR140W,0,-3.7455626,0.0958891361951828,1.0,0.97512286901474
YDL153C,YMR044W,0,-3.7472029,0.09588021785020828,1.0,0.975223183631897
YJL203W,YKR024C,0,-3.7523334,0.09587130695581436,1.0,0.975323498249054
YJL209W,YML123C,0,-3.756569,0.09586238861083984,1.0,0.9754238128662109
YLR084C,YIL105C,0,-3.7582219,0.09585347771644592,1.0,0.9755241274833679
YCR028C-A,YIR028W,0,-3.767131,0.095844566822052,1.0,0.9756244421005249
YGR065C,YGL179C,0,-3.7709088,0.09583565592765808,1.0,0.9757247567176819
YBL042C,YGL133W,0,-3.7735977,0.09582675248384476,1.0,0.9758250713348389
YJL010C,YDR225W,0,-3.7737398,0.09581784158945084,1.0,0.9759253859519958
YGR195W,YNR051C,0,-3.7750976,0.09580893814563751,1.0,0.9760257005691528
YKL101W,YOL033W,0,-3.7788289,0.09580003470182419,1.0,0.9761260151863098
YJR113C,YPR124W,0,-3.7814386,0.09579113870859146,1.0,0.9762263298034668
YNR056C,YNR069C,0,-3.7933993,0.09578223526477814,1.0,0.976326584815979
YML093W,YGL029W,0,-3.7957454,0.09577333927154541,1.0,0.976426899433136
YGR166W,YMR199W,0,-3.7962089,0.09576444327831268,1.0,0.976527214050293
YML123C,YGR128C,0,-3.796719,0.09575554728507996,1.0,0.97662752866745
YPL217C,YDR339C,0,-3.80175,0.09574665874242783,1.0,0.9767278432846069
YGR068C,YMR083W,0,-3.8019848,0.0957377627491951,1.0,0.9768281579017639
YNL113W,YDR409W,0,-3.8101206,0.09572887420654297,1.0,0.9769284725189209
YBL097W,YIL110W,0,-3.811008,0.09571998566389084,1.0,0.9770287871360779
YFR028C,YJL122W,0,-3.8129683,0.0957111045718193,1.0,0.9771291017532349
YKR060W,YBR152W,0,-3.814243,0.09570221602916718,1.0,0.9772294163703918
YER073W,YML014W,0,-3.815908,0.09569333493709564,1.0,0.9773297309875488
YDL004W,YDL150W,0,-3.8314338,0.09568445384502411,1.0,0.9774300456047058
YJL051W,YLR222C,0,-3.835091,0.09567557275295258,1.0,0.9775303602218628
YJR095W,YLR421C,0,-3.8378437,0.09566669911146164,1.0,0.9776306748390198
YJR002W,YDL239C,0,-3.8441591,0.0956578180193901,1.0,0.9777309894561768
YMR011W,YDL064W,0,-3.8482676,0.09564894437789917,1.0,0.9778313040733337
YNL002C,YDR027C,0,-3.86446,0.09564007073640823,1.0,0.977931559085846
YOL130W,YDL014W,0,-3.8679338,0.0956312045454979,1.0,0.9780318737030029
YLR002C,YOR130C,0,-3.8700304,0.09562233090400696,1.0,0.9781321883201599
YDL014W,YFL002C,0,-3.8726473,0.09561346471309662,1.0,0.9782325029373169
YCR069W,YIL073C,0,-3.8860638,0.09560459852218628,1.0,0.9783328175544739
YNR051C,YPL057C,0,-3.8885403,0.09559573233127594,1.0,0.9784331321716309
YPR018W,YPL230W,0,-3.9008832,0.0955868735909462,1.0,0.9785334467887878
YGL023C,YHR124W,0,-3.9045148,0.09557800740003586,1.0,0.9786337614059448
YGR271C-A,YCL027C-A,0,-3.9121938,0.09556914865970612,1.0,0.9787340760231018
YGR271C-A,YOL130W,0,-3.9202938,0.09556028991937637,1.0,0.9788343906402588
YEL055C,YIL168W,0,-3.9207911,0.09555143862962723,1.0,0.9789347052574158
YDL181W,YOR284W,0,-3.9211056,0.09554257988929749,1.0,0.9790350198745728
YOL097C,YHR065C,0,-3.9240773,0.09553372859954834,1.0,0.9791353344917297
YFL018C,YLL042C,0,-3.9432583,0.0955248773097992,1.0,0.9792356491088867
YIL121W,YDR123C,0,-3.9470968,0.09551602602005005,1.0,0.9793359637260437
YPL241C,YBR154C,0,-3.950389,0.0955071821808815,1.0,0.9794362783432007
YBR102C,YNR075W,0,-3.9527578,0.09549833089113235,1.0,0.9795365929603577
YPR058W,YML093W,0,-3.9702754,0.0954894870519638,1.0,0.9796368479728699
YPR164W,YJL100W,0,-3.9846706,0.09548064321279526,1.0,0.9797371625900269
YNR012W,YHR091C,0,-3.9872537,0.09547179937362671,1.0,0.9798374772071838
YMR263W,YDL014W,0,-3.9923558,0.09546296298503876,1.0,0.9799377918243408
YLR013W,YCL026C-A,0,-3.994357,0.0954541265964508,1.0,0.9800381064414978
YHR062C,YLR449W,0,-4.0001354,0.09544529020786285,1.0,0.9801384210586548
YJR095W,YGR140W,0,-4.003885,0.0954364538192749,1.0,0.9802387356758118
YIL127C,YER006W,0,-4.0062556,0.09542761743068695,1.0,0.9803390502929688
YGR140W,YJR144W,0,-4.011121,0.0954187884926796,1.0,0.9804393649101257
YNR056C,YNL124W,0,-4.012376,0.09540995955467224,1.0,0.9805396795272827
YPL241C,YNL014W,0,-4.020939,0.09540113061666489,1.0,0.9806399941444397
YDR385W,YGL099W,0,-4.023454,0.09539230167865753,1.0,0.9807403087615967
YAR008W,YPL029W,0,-4.0445447,0.09538348019123077,1.0,0.9808406233787537
YNR056C,YKL120W,0,-4.051568,0.09537465125322342,1.0,0.9809409379959106
YCL040W,YNL256W,0,-4.052955,0.09536582976579666,1.0,0.9810412526130676
YNL021W,YEL009C,0,-4.057375,0.0953570082783699,1.0,0.9811415672302246
YMR202W,YLL052C,0,-4.0742116,0.09534819424152374,1.0,0.9812418222427368
YCL033C,YAR071W,0,-4.075173,0.09533937275409698,1.0,0.9813421368598938
YGR257C,YNL075W,0,-4.1071205,0.09533055871725082,1.0,0.9814424514770508
YMR202W,YPL046C,0,-4.112709,0.09532174468040466,1.0,0.9815427660942078
YPL211W,YOR033C,0,-4.117623,0.0953129306435585,1.0,0.9816430807113647
YOR094W,YPL212C,0,-4.118545,0.09530412405729294,1.0,0.9817433953285217
YNL069C,YNL254C,0,-4.121927,0.09529531747102737,1.0,0.9818437099456787
YGL099W,YOL021C,0,-4.122759,0.09528650343418121,1.0,0.9819440245628357
YKL163W,YLL052C,0,-4.127536,0.09527770429849625,1.0,0.9820443391799927
YLR166C,YBR154C,0,-4.158271,0.09526889771223068,1.0,0.9821446537971497
YLR233C,YMR305C,0,-4.166649,0.09526009112596512,1.0,0.9822449684143066
YDR485C,YPL266W,0,-4.1792693,0.09525129199028015,1.0,0.9823452830314636
YAR071W,YGL254W,0,-4.1802716,0.09524249285459518,1.0,0.9824455976486206
YKL113C,YBR088C,0,-4.188826,0.09523369371891022,1.0,0.9825459122657776
YCR068W,YPL192C,0,-4.1979485,0.09522490203380585,1.0,0.9826462268829346
YBL100W-A,YIL097W,0,-4.201794,0.09521610289812088,1.0,0.9827465415000916
YBL016W,YER074W-A,0,-4.2065835,0.09520731121301651,1.0,0.9828467965126038
YPL211W,YER016W,0,-4.224519,0.09519851952791214,1.0,0.9829471111297607
YGR166W,YNL256W,0,-4.2263737,0.09518973529338837,1.0,0.9830474257469177
YGR096W,YDL049C,0,-4.23021,0.095180943608284,1.0,0.9831477403640747
YNR026C,YOR293W,0,-4.257671,0.09517215937376022,1.0,0.9832480549812317
YNR056C,YJL076W,0,-4.261372,0.09516337513923645,1.0,0.9833483695983887
YDR522C,YIL122W,0,-4.2659206,0.09515459090471268,1.0,0.9834486842155457
YKR092C,YOR005C,0,-4.266519,0.0951458066701889,1.0,0.9835489988327026
YHR065C,YJR002W,0,-4.296665,0.09513702988624573,1.0,0.9836493134498596
YKR092C,YHL013C,0,-4.3048534,0.09512825310230255,1.0,0.9837496280670166
YML123C,YER122C,0,-4.3126445,0.09511947631835938,1.0,0.9838499426841736
YMR104C,YCR089W,0,-4.3489656,0.0951106995344162,1.0,0.9839502573013306
YER118C,YBL004W,0,-4.355564,0.09510193020105362,1.0,0.9840505719184875
YIL066C,YPR025C,0,-4.3557124,0.09509315341711044,1.0,0.9841508865356445
YNL300W,YGL048C,0,-4.3579245,0.09508438408374786,1.0,0.9842512011528015
YHR007C,YFL031W,0,-4.3619976,0.09507561475038528,1.0,0.9843515157699585
YEL063C,YOR188W,0,-4.380233,0.0950668528676033,1.0,0.9844517707824707
YNR054C,YOL033W,0,-4.384117,0.09505808353424072,1.0,0.9845520853996277
YDR354W,YMR167W,0,-4.394646,0.09504932165145874,1.0,0.9846524000167847
YCR028C-A,YFL053W,0,-4.401611,0.09504055976867676,1.0,0.9847527146339417
YNR056C,YMR271C,0,-4.4156556,0.09503179788589478,1.0,0.9848530292510986
YER157W,YLR110C,0,-4.4190636,0.09502304345369339,1.0,0.9849533438682556
YOL097C,YGR280C,0,-4.4223795,0.09501428157091141,1.0,0.9850536584854126
YML062C,YHR196W,0,-4.424024,0.09500552713871002,1.0,0.9851539731025696
YPL266W,YFL008W,0,-4.4412723,0.09499677270650864,1.0,0.9852542877197266
YIR033W,YKL220C,0,-4.441643,0.09498802572488785,1.0,0.9853546023368835
YGR121C,YPR165W,0,-4.451094,0.09497927129268646,1.0,0.9854549169540405
YBL042C,YER166W,0,-4.451969,0.09497052431106567,1.0,0.9855552315711975
YHR107C,YFR055W,0,-4.456037,0.09496177732944489,1.0,0.9856555461883545
YOR210W,YML065W,0,-4.4666142,0.0949530303478241,1.0,0.9857558608055115
YLR069C,YPL072W,0,-4.4686856,0.09494428336620331,1.0,0.9858561754226685
YCL011C,YGR280C,0,-4.48706,0.09493554383516312,1.0,0.9859564900398254
YJR043C,YHL013C,0,-4.4938498,0.09492680430412292,1.0,0.9860568046569824
YNL256W,YER074W-A,0,-4.4947157,0.09491806477308273,1.0,0.9861570596694946
YER026C,YDL213C,0,-4.5026217,0.09490932524204254,1.0,0.9862573742866516
YNL316C,YER011W,0,-4.504179,0.09490058571100235,1.0,0.9863576889038086
YGR121C,YBL099W,0,-4.5046687,0.09489185363054276,1.0,0.9864580035209656
YPL032C,YLR319C,0,-4.5082374,0.09488312155008316,1.0,0.9865583181381226
YOR153W,YOR083W,0,-4.514587,0.09487438946962357,1.0,0.9866586327552795
YJL063C,YPL266W,0,-4.514625,0.09486565738916397,1.0,0.9867589473724365
YNL256W,YLR449W,0,-4.5275736,0.09485693275928497,1.0,0.9868592619895935
YNL124W,YBR083W,0,-4.529157,0.09484820812940598,1.0,0.9869595766067505
YPL241C,YPR020W,0,-4.5326395,0.09483948349952698,1.0,0.9870598912239075
YER011W,YNL125C,0,-4.554285,0.09483075886964798,1.0,0.9871602058410645
YAR071W,YIL114C,0,-4.5645523,0.09482203423976898,1.0,0.9872605204582214
YNL126W,YHR196W,0,-4.5862284,0.09481331706047058,1.0,0.9873608350753784
YNL126W,YPR020W,0,-4.5873566,0.09480459988117218,1.0,0.9874611496925354
YGR128C,YOL148C,0,-4.593979,0.09479588270187378,1.0,0.9875614643096924
YKR025W,YFL002C,0,-4.5992327,0.09478716552257538,1.0,0.9876617789268494
YPL023C,YER160C,0,-4.6064215,0.09477844834327698,1.0,0.9877620339393616
YJR095W,YFR028C,0,-4.607423,0.09476973861455917,1.0,0.9878623485565186
YPR018W,YOR293W,0,-4.6160383,0.09476102888584137,1.0,0.9879626631736755
YLR051C,YDR180W,0,-4.628528,0.09475231915712357,1.0,0.9880629777908325
YNR056C,YCR097W,0,-4.646941,0.09474361687898636,1.0,0.9881632924079895
YNL075W,YLR362W,0,-4.676446,0.09473490715026855,1.0,0.9882636070251465
YFR042W,YPL032C,0,-4.680337,0.09472620487213135,1.0,0.9883639216423035
YOL137W,YMR305C,0,-4.6850796,0.09471750259399414,1.0,0.9884642362594604
YOR368W,YGL187C,0,-4.687686,0.09470880031585693,1.0,0.9885645508766174
YER048C,YCL026C-A,0,-4.7190223,0.09470009803771973,1.0,0.9886648654937744
YML093W,YKL065C,0,-4.722034,0.09469140321016312,1.0,0.9887651801109314
YDR027C,YLR222C,0,-4.729034,0.0946827083826065,1.0,0.9888654947280884
YPR201W,YKR092C,0,-4.7301927,0.0946740135550499,1.0,0.9889658093452454
YJL184W,YOR140W,0,-4.7344275,0.09466531872749329,1.0,0.9890661239624023
YDR163W,YOR140W,0,-4.7483664,0.09465663135051727,1.0,0.9891664385795593
YML123C,YPR112C,0,-4.750016,0.09464793652296066,1.0,0.9892667531967163
YGR128C,YOR077W,0,-4.752472,0.09463924914598465,1.0,0.9893670082092285
YMR011W,YDL042C,0,-4.759594,0.09463056176900864,1.0,0.9894673228263855
YKR060W,YPL029W,0,-4.770201,0.09462188184261322,1.0,0.9895676374435425
YLR051C,YKL012W,0,-4.779583,0.09461319446563721,1.0,0.9896679520606995
YMR058W,YIL103W,0,-4.823516,0.09460451453924179,1.0,0.9897682666778564
YLR272C,YOR010C,0,-4.8560915,0.09459583461284637,1.0,0.9898685812950134
YIL105C,YOR028C,0,-4.8646307,0.09458715468645096,1.0,0.9899688959121704
YNL002C,YAL014C,0,-4.86534,0.09457848221063614,1.0,0.9900692105293274
YOL130W,YJR077C,0,-4.8840623,0.09456980228424072,1.0,0.9901695251464844
YFL009W,YHR062C,0,-4.884506,0.0945611298084259,1.0,0.9902698397636414
YPL032C,YNR075W,0,-4.8861523,0.09455245733261108,1.0,0.9903701543807983
YNL002C,YMR190C,0,-4.894417,0.09454378485679626,1.0,0.9904704689979553
YNR054C,YNR036C,0,-4.9106708,0.09453511983156204,1.0,0.9905707836151123
YNL254C,YML001W,0,-4.91277,0.09452644735574722,1.0,0.9906710982322693
YHR091C,YGR128C,0,-4.9163175,0.094517782330513,1.0,0.9907714128494263
YFL053W,YOR202W,0,-4.9329553,0.09450911730527878,1.0,0.9908717274665833
YBL046W,YDL014W,0,-4.9386516,0.09450045973062515,1.0,0.9909720420837402
YKR081C,YCL026C-A,0,-4.9406157,0.09449179470539093,1.0,0.9910722970962524
YPL265W,YNR049C,0,-4.9718513,0.0944831371307373,1.0,0.9911726117134094
YDR147W,YPL230W,0,-4.9723945,0.09447447955608368,1.0,0.9912729263305664
YOR178C,YPR052C,0,-4.9808636,0.09446582198143005,1.0,0.9913732409477234
YNR056C,YHR091C,0,-4.983913,0.09445717185735703,1.0,0.9914735555648804
YER006W,YOL148C,0,-4.992907,0.0944485142827034,1.0,0.9915738701820374
YLR084C,YFL053W,0,-4.9968166,0.09443986415863037,1.0,0.9916741847991943
YHR007C,YLR226W,0,-5.0005546,0.09443121403455734,1.0,0.9917744994163513
YLR051C,YIL031W,0,-5.0070457,0.09442256391048431,1.0,0.9918748140335083
YEL055C,YLR002C,0,-5.0074587,0.09441392123699188,1.0,0.9919751286506653
YDL042C,YPL266W,0,-5.0197077,0.09440527111291885,1.0,0.9920754432678223
YPR183W,YPR121W,0,-5.023079,0.09439662843942642,1.0,0.9921757578849792
YBR298C,YKL209C,0,-5.0368223,0.09438798576593399,1.0,0.9922760725021362
YML123C,YNL152W,0,-5.0383534,0.09437935054302216,1.0,0.9923763871192932
YMR011W,YGL133W,0,-5.053847,0.09437070786952972,1.0,0.9924767017364502
YJR043C,YHR062C,0,-5.1282277,0.09436207264661789,1.0,0.9925770163536072
YOR354C,YNL256W,0,-5.1359806,0.09435343742370605,1.0,0.9926772713661194
YPR020W,YPL192C,0,-5.1509676,0.09434480220079422,1.0,0.9927775859832764
YLR166C,YLR399C,0,-5.1546803,0.09433616697788239,1.0,0.9928779006004333
YNL069C,YJL104W,0,-5.1636267,0.09432753920555115,1.0,0.9929782152175903
YML062C,YBR079C,0,-5.166385,0.09431891143321991,1.0,0.9930785298347473
YKR081C,YNL002C,0,-5.1729097,0.09431028366088867,1.0,0.9931788444519043
YBL016W,YGL187C,0,-5.179906,0.09430165588855743,1.0,0.9932791590690613
YBR079C,YLR003C,0,-5.2061605,0.0942930281162262,1.0,0.9933794736862183
YER011W,YNL047C,0,-5.206448,0.09428440779447556,1.0,0.9934797883033752
YMR323W,YOR122C,0,-5.2094307,0.09427578747272491,1.0,0.9935801029205322
YOR095C,YOL033W,0,-5.24312,0.09426716715097427,1.0,0.9936804175376892
YNL148C,YBL009W,0,-5.2460136,0.09425854682922363,1.0,0.9937807321548462
YKL101W,YBR039W,0,-5.2504063,0.09424993395805359,1.0,0.9938810467720032
YKL092C,YIL168W,0,-5.253474,0.09424131363630295,1.0,0.9939813613891602
YIL121W,YJL203W,0,-5.2551394,0.0942327007651329,1.0,0.9940816760063171
YJR043C,YFL053W,0,-5.26091,0.09422408789396286,1.0,0.9941819906234741
YFL053W,YER058W,0,-5.2855954,0.09421548247337341,1.0,0.9942822456359863
YOR328W,YJL104W,0,-5.3034477,0.09420686960220337,1.0,0.9943825602531433
YOR231W,YDL014W,0,-5.304265,0.09419826418161392,1.0,0.9944828748703003
YKR081C,YJL203W,0,-5.341607,0.09418965876102448,1.0,0.9945831894874573
YPL266W,YDR316W,0,-5.3554373,0.09418105334043503,1.0,0.9946835041046143
YJR086W,YCR068W,0,-5.3692408,0.09417244791984558,1.0,0.9947838187217712
YFL053W,YER157W,0,-5.374414,0.09416384994983673,1.0,0.9948841333389282
YMR011W,YER144C,0,-5.4075007,0.09415525197982788,1.0,0.9949844479560852
YFL053W,YKR029C,0,-5.4204674,0.09414665400981903,1.0,0.9950847625732422
YOL091W,YOR178C,0,-5.4446983,0.09413805603981018,1.0,0.9951850771903992
YOL128C,YGL234W,0,-5.4491253,0.09412946552038193,1.0,0.9952853918075562
YDL014W,YLL028W,0,-5.4787755,0.09412086755037308,1.0,0.9953857064247131
YKR092C,YOR371C,0,-5.480405,0.09411227703094482,1.0,0.9954860210418701
YNR012W,YML093W,0,-5.498431,0.09410368651151657,1.0,0.9955863356590271
YNR046W,YGR280C,0,-5.511082,0.09409509599208832,1.0,0.9956866502761841
YGR215W,YLR372W,0,-5.544734,0.09408651292324066,1.0,0.9957869648933411
YKL213C,YGL055W,0,-5.560872,0.094077929854393,1.0,0.995887279510498
YPL032C,YLL052C,0,-5.5994864,0.09406934678554535,1.0,0.9959875345230103
YBR217W,YKR060W,0,-5.6194215,0.09406076371669769,1.0,0.9960878491401672
YHL013C,YGR128C,0,-5.6543603,0.09405218064785004,1.0,0.9961881637573242
YNL002C,YNR051C,0,-5.66813,0.09404359757900238,1.0,0.9962884783744812
YPR124W,YOR375C,0,-5.671779,0.09403502196073532,1.0,0.9963887929916382
YPL032C,YPL029W,0,-5.676854,0.09402644634246826,1.0,0.9964891076087952
YBL045C,YPL187W,0,-5.7017026,0.0940178707242012,1.0,0.9965894222259521
YGL255W,YDL201W,0,-5.701999,0.09400930255651474,1.0,0.9966897368431091
YLR166C,YGL033W,0,-5.7062078,0.09400072693824768,1.0,0.9967900514602661
YKL209C,YIL103W,0,-5.750365,0.09399215877056122,1.0,0.9968903660774231
YNR056C,YER065C,0,-5.8054934,0.09398359060287476,1.0,0.9969906806945801
YML123C,YDL150W,0,-5.860579,0.0939750224351883,1.0,0.9970909953117371
YNR056C,YOR321W,0,-5.8810906,0.09396646171808243,1.0,0.997191309928894
YLR166C,YGR271C-A,0,-5.92865,0.09395789355039597,1.0,0.997291624546051
YPL032C,YHR196W,0,-5.9642754,0.0939493328332901,1.0,0.997391939163208
YMR266W,YLR210W,0,-6.052012,0.09394077211618423,1.0,0.997492253780365
YGR140W,YOL148C,0,-6.0821705,0.09393221884965897,1.0,0.9975925087928772
YML110C,YJR095W,0,-6.111094,0.0939236581325531,1.0,0.9976928234100342
YDR171W,YGL055W,0,-6.288271,0.09391510486602783,1.0,0.9977931380271912
YDR113C,YOR100C,0,-6.3370657,0.09390655159950256,1.0,0.9978934526443481
YBL042C,YGR013W,0,-6.3592024,0.0938979983329773,1.0,0.9979937672615051
YER011W,YKL073W,0,-6.3729877,0.09388944506645203,1.0,0.9980940818786621
YDL103C,YFL053W,0,-6.596482,0.09388089925050735,1.0,0.9981943964958191
YOR010C,YGL153W,0,-6.7137656,0.09387234598398209,1.0,0.9982947111129761
YFL009W,YPL012W,0,-6.719036,0.09386380016803741,1.0,0.9983950257301331
YPL118W,YGR280C,0,-6.8644733,0.09385525435209274,1.0,0.99849534034729
YEL063C,YML093W,0,-7.2970033,0.09384671598672867,1.0,0.998595654964447
YMR202W,YBR021W,0,-7.4612956,0.093838170170784,1.0,0.998695969581604
YMR011W,YOR188W,0,-7.701448,0.09382963180541992,1.0,0.998796284198761
YFL018C,YNL254C,0,-7.7350492,0.09382109344005585,1.0,0.998896598815918
YKR092C,YOR003W,0,-7.7599797,0.09381255507469177,1.0,0.998996913433075
YKR025W,YDL201W,0,-7.9869313,0.0938040241599083,1.0,0.9990972280502319
YLR405W,YMR068W,0,-8.07635,0.09379548579454422,1.0,0.9991974830627441
YEL060C,YGL055W,0,-8.577613,0.09378695487976074,1.0,0.9992977976799011
YOL119C,YPL266W,0,-8.822757,0.09377842396497726,1.0,0.9993981122970581
YGR109C,YER058W,0,-9.087133,0.09376989305019379,1.0,0.9994984269142151
YEL063C,YGR049W,0,-9.239763,0.0937613695859909,1.0,0.9995987415313721
YNR056C,YIL122W,0,-9.632414,0.09375283867120743,1.0,0.999699056148529
YLR166C,YFL053W,0,-10.355039,0.09374431520700455,1.0,0.999799370765686
YMR068W,YGR280C,0,-10.673847,0.09373579174280167,1.0,0.999899685382843
YLR423C,YJR077C,0,-11.072037,0.09372727572917938,1.0,1.0
