Gene A,Gene B,Label,Score,Precision,Recall,False Positive Rate
YBR066C,YOR212W,1,43.466072,1.0,0.0010000000474974513,0.0
YBR066C,YHL007C,1,36.342518,1.0,0.0020000000949949026,0.0
YBR066C,YGL121C,1,34.361847,1.0,0.003000000026077032,0.0
YBR066C,YDL035C,1,34.299034,1.0,0.004000000189989805,0.0
YDR480W,YNL119W,1,33.70188,1.0,0.004999999888241291,0.0
YDR480W,YDL035C,1,33.526497,1.0,0.006000000052154064,0.0
YBR066C,YER027C,1,33.21333,1.0,0.007000000216066837,0.0
YHL007C,YDL035C,1,32.45226,1.0,0.00800000037997961,0.0
YHL007C,YER027C,1,30.745468,1.0,0.008999999612569809,0.0
YGL046W,YBR066C,1,30.27645,1.0,0.009999999776482582,0.0
YDR392W,YDL159W,1,28.915565,1.0,0.010999999940395355,0.0
YDR477W,YHL007C,1,28.769472,1.0,0.012000000104308128,0.0
YGL121C,YHL007C,1,28.292873,1.0,0.013000000268220901,0.0
YDR480W,YBR095C,1,27.039536,1.0,0.014000000432133675,0.0
YDR103W,YBR066C,1,26.82497,1.0,0.014999999664723873,0.0
YDR480W,YNL197C,1,25.628235,1.0,0.01600000075995922,0.0
YDR480W,YOR212W,1,25.305439,1.0,0.017000000923871994,0.0
YOR275C,YGL046W,1,25.111637,1.0,0.017999999225139618,0.0
YDR480W,YGL121C,1,24.814487,1.0,0.01899999938905239,0.0
YGL046W,YHL007C,1,24.79134,1.0,0.019999999552965164,0.0
YOR275C,YAL056W,1,24.50156,1.0,0.020999999716877937,0.0
YDR392W,YER027C,1,24.481909,1.0,0.02199999988079071,0.0
YDR480W,YGL046W,1,24.06185,1.0,0.023000000044703484,0.0
YDR480W,YDR103W,1,23.896051,1.0,0.024000000208616257,0.0
YLR362W,YBR066C,1,23.785355,1.0,0.02500000037252903,0.0
YDR392W,YBR095C,1,23.68435,1.0,0.026000000536441803,0.0
YBR066C,YOR127W,1,23.3849,1.0,0.027000000700354576,0.0
YBR066C,YAL056W,1,23.332253,1.0,0.02800000086426735,0.0
YAL041W,YGL046W,1,23.264116,1.0,0.028999999165534973,0.0
YGL046W,YOR212W,1,23.102997,1.0,0.029999999329447746,0.0
YLR362W,YOR212W,1,23.029648,1.0,0.03099999949336052,0.0
YGL046W,YDR043C,1,22.910187,1.0,0.03200000151991844,0.0
YOR371C,YOR212W,1,22.909725,1.0,0.032999999821186066,0.0
YDR480W,YLR362W,1,22.639874,1.0,0.03400000184774399,0.0
YOR371C,YBR066C,1,22.262304,1.0,0.03500000014901161,0.0
YDR480W,YDR477W,1,22.096945,1.0,0.035999998450279236,0.0
YGL121C,YDL159W,1,21.800783,1.0,0.03700000047683716,0.0
YDR043C,YAL056W,1,21.512676,1.0,0.03799999877810478,0.0
YDR480W,YLR229C,1,21.30703,1.0,0.039000000804662704,0.0
YMR316W,YBR066C,1,21.283617,1.0,0.03999999910593033,0.0
YBR066C,YNL119W,1,20.921873,1.0,0.04100000113248825,0.0
YGL121C,YOR212W,1,20.857098,1.0,0.041999999433755875,0.0
YNL197C,YDL159W,1,20.577412,1.0,0.0430000014603138,0.0
YDR392W,YHL007C,1,20.496086,1.0,0.04399999976158142,0.0
YBR066C,YDL159W,1,20.46945,1.0,0.04500000178813934,0.0
YOR212W,YHL007C,1,20.362215,1.0,0.04600000008940697,0.0
YBR066C,YLR229C,1,20.300035,1.0,0.04699999839067459,0.0
YDR480W,YDL024C,1,20.005081,1.0,0.04800000041723251,0.0
YBR066C,YDR107C,1,19.848558,1.0,0.04899999871850014,0.0
YDR043C,YBR066C,1,19.712978,1.0,0.05000000074505806,0.0
YBR066C,YPL049C,1,19.492434,1.0,0.050999999046325684,0.0
YGR024C,YOR081C,0,19.424818,0.9807692170143127,0.050999999046325684,9.999999747378752e-05
YDR480W,YER027C,1,19.400028,0.9811320900917053,0.052000001072883606,9.999999747378752e-05
YDR480W,YDR392W,1,18.759617,0.9814814925193787,0.05299999937415123,9.999999747378752e-05
YAL041W,YBR095C,1,18.223782,0.9818181991577148,0.05400000140070915,9.999999747378752e-05
YLR083C,YBR066C,1,18.215485,0.9821428656578064,0.054999999701976776,9.999999747378752e-05
YNL119W,YHL007C,1,18.150394,0.9824561476707458,0.0560000017285347,9.999999747378752e-05
YDR480W,YDR043C,1,18.05946,0.982758641242981,0.05700000002980232,9.999999747378752e-05
YJR108W,YIL018W,0,17.844978,0.9661017060279846,0.05700000002980232,0.00019999999494757503
YIL052C,YIL018W,0,17.776787,0.949999988079071,0.05700000002980232,0.0003000000142492354
YNL298W,YOR212W,1,17.6391,0.9508196711540222,0.057999998331069946,0.0003000000142492354
YNL119W,YOR212W,1,17.487545,0.9516128897666931,0.05900000035762787,0.0003000000142492354
YBR066C,YMR116C,1,17.289087,0.9523809552192688,0.05999999865889549,0.0003000000142492354
YOR371C,YHL007C,1,17.231422,0.953125,0.061000000685453415,0.0003000000142492354
YDR392W,YNL119W,1,17.13927,0.9538461565971375,0.06199999898672104,0.0003000000142492354
YBL016W,YBR066C,1,16.865978,0.9545454382896423,0.06300000101327896,0.0003000000142492354
YDR043C,YGL121C,1,16.62677,0.9552238583564758,0.06400000303983688,0.0003000000142492354
YGL046W,YNL119W,1,16.592798,0.9558823704719543,0.06499999761581421,0.0003000000142492354
YJR102C,YLR196W,0,16.555302,0.9420289993286133,0.06499999761581421,0.00039999998989515007
YER113C,YBR066C,1,16.542501,0.9428571462631226,0.06599999964237213,0.00039999998989515007
YDL159W,YDL035C,1,16.35584,0.9436619877815247,0.06700000166893005,0.00039999998989515007
YOR275C,YOR212W,1,16.294142,0.9444444179534912,0.06800000369548798,0.00039999998989515007
YOR212W,YDR107C,1,16.288582,0.9452054500579834,0.0689999982714653,0.00039999998989515007
YDR392W,YDR107C,1,16.22797,0.9459459185600281,0.07000000029802322,0.00039999998989515007
YAL041W,YHL007C,1,16.22722,0.9466666579246521,0.07100000232458115,0.00039999998989515007
YLR229C,YHL007C,1,16.170244,0.9473684430122375,0.07199999690055847,0.00039999998989515007
YDR480W,YMR316W,1,15.953217,0.948051929473877,0.0729999989271164,0.00039999998989515007
YDR392W,YDR043C,1,15.887878,0.9487179517745972,0.07400000095367432,0.00039999998989515007
YDR103W,YHL007C,1,15.868248,0.949367105960846,0.07500000298023224,0.00039999998989515007
YOR275C,YNL197C,1,15.845383,0.949999988079071,0.07599999755620956,0.00039999998989515007
YNL197C,YOR212W,1,15.772613,0.9506173133850098,0.07699999958276749,0.00039999998989515007
YBR095C,YHL007C,1,15.725395,0.9512194991111755,0.07800000160932541,0.00039999998989515007
YNL119W,YAL056W,1,15.664274,0.9518072009086609,0.07900000363588333,0.00039999998989515007
YDR043C,YNL298W,1,15.642672,0.9523809552192688,0.07999999821186066,0.00039999998989515007
YOR275C,YDL159W,1,15.631199,0.9529411792755127,0.08100000023841858,0.00039999998989515007
YAL041W,YOR212W,1,15.520617,0.9534883499145508,0.0820000022649765,0.00039999998989515007
YGL067W,YBR248C,0,15.471915,0.9425287246704102,0.0820000022649765,0.0005000000237487257
YIR019C,YBR066C,1,15.433529,0.9431818127632141,0.08299999684095383,0.0005000000237487257
YDL024C,YOR212W,1,15.419888,0.9438202381134033,0.08399999886751175,0.0005000000237487257
YNL298W,YNL197C,1,15.285805,0.9444444179534912,0.08500000089406967,0.0005000000237487257
YNL298W,YHL007C,1,15.22868,0.9450549483299255,0.0860000029206276,0.0005000000237487257
YOR212W,YER027C,1,15.176504,0.945652186870575,0.08699999749660492,0.0005000000237487257
YMR316W,YDR392W,1,15.01891,0.9462365508079529,0.08799999952316284,0.0005000000237487257
YGL046W,YDL035C,1,14.997711,0.9468085169792175,0.08900000154972076,0.0005000000237487257
YNL119W,YER027C,1,14.972454,0.9473684430122375,0.09000000357627869,0.0005000000237487257
YHR011W,YBR066C,1,14.842693,0.9479166865348816,0.09099999815225601,0.0005000000237487257
YDR043C,YDL159W,1,14.748169,0.9484536051750183,0.09200000017881393,0.0005000000237487257
YGL046W,YGL121C,1,14.737326,0.9489796161651611,0.09300000220537186,0.0005000000237487257
YGL046W,YLR229C,1,14.629271,0.9494949579238892,0.09399999678134918,0.0005000000237487257
YDR480W,YOR127W,1,14.599249,0.949999988079071,0.0949999988079071,0.0005000000237487257
YAL041W,YDR043C,1,14.588121,0.9504950642585754,0.09600000083446503,0.0005000000237487257
YGL046W,YBR095C,1,14.552977,0.9509803652763367,0.09700000286102295,0.0005000000237487257
YOR212W,YAL056W,1,14.483285,0.9514563083648682,0.09799999743700027,0.0005000000237487257
YNL197C,YER027C,1,14.41028,0.9519230723381042,0.0989999994635582,0.0005000000237487257
YDL105W,YBL051C,0,14.404928,0.9428571462631226,0.0989999994635582,0.0006000000284984708
YNL197C,YAL056W,1,14.367582,0.9433962106704712,0.10000000149011612,0.0006000000284984708
YLR229C,YER027C,1,14.281313,0.9439252614974976,0.10100000351667404,0.0006000000284984708
YBR095C,YDL159W,1,14.239466,0.9444444179534912,0.10199999809265137,0.0006000000284984708
YGL121C,YER027C,1,14.219572,0.9449541568756104,0.10300000011920929,0.0006000000284984708
YNL298W,YDL159W,1,14.149248,0.9454545378684998,0.10400000214576721,0.0006000000284984708
YDR480W,YHR084W,1,14.064812,0.9459459185600281,0.10499999672174454,0.0006000000284984708
YDR103W,YGL046W,1,14.057838,0.9464285969734192,0.10599999874830246,0.0006000000284984708
YER113C,YGL046W,1,14.01651,0.9469026327133179,0.10700000077486038,0.0006000000284984708
YAL041W,YLR229C,1,14.005184,0.9473684430122375,0.1080000028014183,0.0006000000284984708
YAL041W,YNL119W,1,13.996304,0.947826087474823,0.10899999737739563,0.0006000000284984708
YOR275C,YAL041W,1,13.99106,0.9482758641242981,0.10999999940395355,0.0006000000284984708
YAL041W,YER027C,1,13.981746,0.9487179517745972,0.11100000143051147,0.0006000000284984708
YGL121C,YDL035C,1,13.956583,0.9491525292396545,0.1120000034570694,0.0006000000284984708
YDR480W,YJL089W,1,13.754131,0.9495798349380493,0.11299999803304672,0.0006000000284984708
YDR019C,YML047C,0,13.745611,0.9416666626930237,0.11299999803304672,0.000699999975040555
YOR275C,YGL121C,1,13.630644,0.942148745059967,0.11400000005960464,0.000699999975040555
YAL041W,YGL121C,1,13.607878,0.9426229596138,0.11500000208616257,0.000699999975040555
YDR480W,YOR275C,1,13.602019,0.9430894255638123,0.11599999666213989,0.000699999975040555
YDL035C,YER027C,1,13.57357,0.9435483813285828,0.11699999868869781,0.000699999975040555
YNL025C,YGR138C,0,13.499382,0.9359999895095825,0.11699999868869781,0.0007999999797903001
YMR316W,YOR275C,1,13.457964,0.9365079402923584,0.11800000071525574,0.0007999999797903001
YNL119W,YDL159W,1,13.413914,0.9370078444480896,0.11900000274181366,0.0007999999797903001
YGL067W,YKL149C,0,13.366961,0.9296875,0.11900000274181366,0.0008999999845400453
YDR043C,YER027C,1,13.354715,0.930232584476471,0.11999999731779099,0.0008999999845400453
YOR275C,YLR229C,1,13.316694,0.9307692050933838,0.12099999934434891,0.0008999999845400453
YGL196W,YFR016C,0,13.192247,0.9236640930175781,0.12099999934434891,0.0010000000474974513
YNL298W,YER027C,1,13.144935,0.9242424368858337,0.12200000137090683,0.0010000000474974513
YNL119W,YDL035C,1,13.088251,0.9248120188713074,0.12300000339746475,0.0010000000474974513
YDL024C,YDR392W,1,12.993974,0.9253731369972229,0.12399999797344208,0.0010000000474974513
YMR316W,YOR212W,1,12.970682,0.9259259104728699,0.125,0.0010000000474974513
YFR010W,YNL025C,0,12.930734,0.9191176295280457,0.125,0.0010999999940395355
YLR345W,YFL018W-A,0,12.928948,0.9124087691307068,0.125,0.0012000000569969416
YAL041W,YDR477W,1,12.900244,0.9130434989929199,0.12600000202655792,0.0012000000569969416
YBR095C,YER027C,1,12.792702,0.9136690497398376,0.12700000405311584,0.0012000000569969416
YDL024C,YHL007C,1,12.773928,0.9142857193946838,0.12800000607967377,0.0012000000569969416
YDR103W,YGL121C,1,12.758587,0.914893627166748,0.1289999932050705,0.0012000000569969416
YAL041W,YBL016W,1,12.7552,0.9154929518699646,0.12999999523162842,0.0012000000569969416
YDR392W,YER113C,1,12.751028,0.9160839319229126,0.13099999725818634,0.0012000000569969416
YNL298W,YNL119W,1,12.635805,0.9166666865348816,0.13199999928474426,0.0012000000569969416
YBR095C,YLR229C,1,12.544798,0.9172413945198059,0.13300000131130219,0.0012000000569969416
YHR011W,YOR371C,1,12.544228,0.9178082346916199,0.1340000033378601,0.0012000000569969416
YDR392W,YLR229C,1,12.535252,0.918367326259613,0.13500000536441803,0.0012000000569969416
YHR011W,YER027C,1,12.482593,0.9189189076423645,0.13600000739097595,0.0012000000569969416
YDR480W,YER113C,1,12.464619,0.9194630980491638,0.13699999451637268,0.0012000000569969416
YLR362W,YAL041W,1,12.437349,0.9200000166893005,0.1379999965429306,0.0012000000569969416
YDR480W,YDR107C,1,12.345095,0.9205297827720642,0.13899999856948853,0.0012000000569969416
YGL196W,YGR266W,0,12.3238535,0.9144737124443054,0.13899999856948853,0.0013000000035390258
YAL041W,YNL298W,1,12.311386,0.915032684803009,0.14000000059604645,0.0013000000035390258
YLR083C,YDR043C,1,12.271244,0.9155844449996948,0.14100000262260437,0.0013000000035390258
YOR275C,YOR371C,1,12.254276,0.9161290526390076,0.1420000046491623,0.0013000000035390258
YDR392W,YNL197C,1,12.205482,0.9166666865348816,0.14300000667572021,0.0013000000035390258
YER113C,YNL298W,1,12.189945,0.9171974658966064,0.14399999380111694,0.0013000000035390258
YGL121C,YNL119W,1,12.186052,0.9177215099334717,0.14499999582767487,0.0013000000035390258
YLR362W,YDR103W,1,12.180374,0.9182389974594116,0.1459999978542328,0.0013000000035390258
YHR149C,YBR060C,0,12.140169,0.9125000238418579,0.1459999978542328,0.00139999995008111
YGL046W,YOR371C,1,12.136692,0.9130434989929199,0.1469999998807907,0.00139999995008111
YFR025C,YIL018W,0,12.134687,0.9074074029922485,0.1469999998807907,0.001500000013038516
YDR004W,YOR011W,0,12.129294,0.9018405079841614,0.1469999998807907,0.0015999999595806003
YER113C,YOR212W,1,12.0903425,0.9024389982223511,0.14800000190734863,0.0015999999595806003
YER113C,YDL159W,1,12.082115,0.903030276298523,0.14900000393390656,0.0015999999595806003
YDL024C,YGL046W,1,12.031034,0.9036144614219666,0.15000000596046448,0.0015999999595806003
YDR379W,YBR066C,1,11.994383,0.9041916131973267,0.1509999930858612,0.0015999999595806003
YGL121C,YLR229C,1,11.980227,0.9047619104385376,0.15199999511241913,0.0015999999595806003
YNL197C,YHL007C,1,11.962877,0.9053254723548889,0.15299999713897705,0.0015999999595806003
YAL041W,YDL159W,1,11.954361,0.9058823585510254,0.15399999916553497,0.0015999999595806003
YDL024C,YER113C,1,11.9423275,0.9064327478408813,0.1550000011920929,0.0015999999595806003
YJL089W,YBR066C,1,11.806475,0.9069767594337463,0.15600000321865082,0.0015999999595806003
YNL183C,YNR052C,0,11.675289,0.9017341136932373,0.15600000321865082,0.0017000000225380063
YGL046W,YDL159W,1,11.587181,0.9022988677024841,0.15700000524520874,0.0017000000225380063
YDR392W,YAL041W,1,11.514025,0.9028571248054504,0.15800000727176666,0.0017000000225380063
YGL121C,YDR477W,1,11.511087,0.9034090638160706,0.1589999943971634,0.0017000000225380063
YDR480W,YIR019C,1,11.478434,0.903954803943634,0.1599999964237213,0.0017000000225380063
YER056C,YPL040C,0,11.465462,0.898876428604126,0.1599999964237213,0.0017999999690800905
YJR150C,YDR135C,0,11.401729,0.8938547372817993,0.1599999964237213,0.0019000000320374966
YAL041W,YDR107C,1,11.381578,0.894444465637207,0.16099999845027924,0.0019000000320374966
YDR480W,YOR371C,1,11.300058,0.8950276374816895,0.16200000047683716,0.0019000000320374966
YLR083C,YHL007C,1,11.265275,0.8956043720245361,0.16300000250339508,0.0019000000320374966
YPR034W,YLR196W,0,11.236323,0.8907103538513184,0.16300000250339508,0.0020000000949949026
YLR362W,YGL046W,1,11.214276,0.8913043737411499,0.164000004529953,0.0020000000949949026
YLR362W,YHL007C,1,11.204695,0.8918918967247009,0.16500000655651093,0.0020000000949949026
YOR236W,YBR016W,0,11.204413,0.8870967626571655,0.16500000655651093,0.002099999925121665
YDL159W,YDR107C,1,11.194492,0.8877005577087402,0.16599999368190765,0.002099999925121665
YDL024C,YER027C,1,11.101374,0.8882978558540344,0.16699999570846558,0.002099999925121665
YGL121C,YAL056W,1,11.099892,0.8888888955116272,0.1679999977350235,0.002099999925121665
YOR045W,YHR014W,0,11.098719,0.8842105269432068,0.1679999977350235,0.002199999988079071
YIR019C,YOR275C,1,11.085158,0.8848167657852173,0.16899999976158142,0.002199999988079071
YBR095C,YGL121C,1,11.084082,0.8854166865348816,0.17000000178813934,0.002199999988079071
YHR011W,YNL119W,1,11.082708,0.8860103487968445,0.17100000381469727,0.002199999988079071
YNL298W,YDL035C,1,11.018134,0.8865979313850403,0.1720000058412552,0.002199999988079071
YHR011W,YBR095C,1,10.975031,0.8871794939041138,0.17299999296665192,0.002199999988079071
YDR392W,YOR212W,1,10.973756,0.8877550959587097,0.17399999499320984,0.002199999988079071
YMR316W,YNL197C,1,10.886437,0.8883248567581177,0.17499999701976776,0.002199999988079071
YNL298W,YDR107C,1,10.863361,0.8888888955116272,0.17599999904632568,0.002199999988079071
YMR225C,YDR110W,0,10.856764,0.8844221234321594,0.17599999904632568,0.002300000051036477
YHR113W,YFR034C,0,10.791911,0.8799999952316284,0.17599999904632568,0.002400000113993883
YOR371C,YDL035C,1,10.787095,0.8805969953536987,0.1770000010728836,0.002400000113993883
YBR083W,YDL035C,1,10.7847,0.8811880946159363,0.17800000309944153,0.002400000113993883
YDR103W,YDR043C,1,10.77719,0.8817734122276306,0.17900000512599945,0.002400000113993883
YNL137C,YOL055C,0,10.718085,0.8774510025978088,0.17900000512599945,0.0024999999441206455
YDL024C,YOR371C,1,10.623341,0.8780487775802612,0.18000000715255737,0.0024999999441206455
YGL196W,YBR189W,0,10.611746,0.8737863898277283,0.18000000715255737,0.0026000000070780516
YHR011W,YGL046W,1,10.593672,0.8743961453437805,0.1809999942779541,0.0026000000070780516
YHR084W,YDR103W,1,10.530775,0.875,0.18199999630451202,0.0026000000070780516
YDR392W,YDR477W,1,10.526225,0.8755980730056763,0.18299999833106995,0.0026000000070780516
YAL041W,YNL197C,1,10.473755,0.8761904835700989,0.18400000035762787,0.0026000000070780516
YHR011W,YDL159W,1,10.472261,0.8767772316932678,0.1850000023841858,0.0026000000070780516
YDR103W,YNL298W,1,10.468364,0.8773584961891174,0.1860000044107437,0.0026000000070780516
YOL084W,YJL168C,0,10.467906,0.8732394576072693,0.1860000044107437,0.0027000000700354576
YMR316W,YDR043C,1,10.463816,0.8738317489624023,0.18700000643730164,0.0027000000700354576
YHR113W,YBR193C,0,10.451555,0.869767427444458,0.18700000643730164,0.00279999990016222
YMR316W,YBR095C,1,10.442524,0.8703703880310059,0.18799999356269836,0.00279999990016222
YOR080W,YDL035C,1,10.423651,0.8709677457809448,0.1889999955892563,0.00279999990016222
YDR392W,YDL035C,1,10.390171,0.8715596199035645,0.1899999976158142,0.00279999990016222
YOR275C,YMR116C,1,10.389876,0.8721461296081543,0.19099999964237213,0.00279999990016222
YBL080C,YNL025C,0,10.348137,0.8681818246841431,0.19099999964237213,0.002899999963119626
YDR004W,YBR100W,0,10.327467,0.8642534017562866,0.19099999964237213,0.003000000026077032
YGL046W,YNL298W,1,10.301552,0.8648648858070374,0.19200000166893005,0.003000000026077032
YDR107C,YHL007C,1,10.275775,0.865470826625824,0.19300000369548798,0.003000000026077032
YLR362W,YDL159W,1,10.253291,0.8660714030265808,0.1940000057220459,0.003000000026077032
YDR392W,YOL116W,1,10.241581,0.8666666746139526,0.19499999284744263,0.003000000026077032
YMR274C,YOR136W,0,10.186072,0.8628318309783936,0.19499999284744263,0.003100000089034438
YDR107C,YER027C,1,10.161586,0.8634361028671265,0.19599999487400055,0.003100000089034438
YLR362W,YGL121C,1,10.121618,0.8640350699424744,0.19699999690055847,0.003100000089034438
YHR142W,YLR196W,0,10.08721,0.8602620363235474,0.19699999690055847,0.0031999999191612005
YOR371C,YDR043C,1,10.08625,0.8608695864677429,0.1979999989271164,0.0031999999191612005
YJL089W,YPL168W,0,10.0798435,0.8571428656578064,0.1979999989271164,0.0032999999821186066
YLL067C,YMR156C,0,10.066065,0.8534482717514038,0.1979999989271164,0.0034000000450760126
YDR392W,YOR127W,1,9.998824,0.8540772795677185,0.19900000095367432,0.0034000000450760126
YDL159W,YOR127W,1,9.995575,0.8547008633613586,0.20000000298023224,0.0034000000450760126
YNL119W,YNL197C,1,9.9798,0.8553191423416138,0.20100000500679016,0.0034000000450760126
YDR480W,YBR083W,1,9.962301,0.8559321761131287,0.20200000703334808,0.0034000000450760126
YBR095C,YOR212W,1,9.943512,0.8565400838851929,0.2029999941587448,0.0034000000450760126
YDL024C,YNL197C,1,9.933798,0.8571428656578064,0.20399999618530273,0.0034000000450760126
YOR267C,YGR224W,0,9.923401,0.8535565137863159,0.20399999618530273,0.0035000001080334187
YDL024C,YBR095C,1,9.9186535,0.8541666865348816,0.20499999821186066,0.0035000001080334187
YOR127W,YDR477W,1,9.916771,0.8547717928886414,0.20600000023841858,0.0035000001080334187
YDR103W,YNL119W,1,9.881332,0.85537189245224,0.2070000022649765,0.0035000001080334187
YDR392W,YAL056W,1,9.864265,0.855967104434967,0.20800000429153442,0.0035000001080334187
YBL016W,YNL119W,1,9.858271,0.8565573692321777,0.20900000631809235,0.0035000001080334187
YDR379W,YGL046W,1,9.858082,0.8571428656578064,0.20999999344348907,0.0035000001080334187
YKL069W,YPR174C,0,9.790872,0.8536585569381714,0.20999999344348907,0.003599999938160181
YGR040W,YBR066C,1,9.739351,0.8542510271072388,0.210999995470047,0.003599999938160181
YDL159W,YER027C,1,9.707427,0.8548387289047241,0.21199999749660492,0.003599999938160181
YFR040W,YBL025W,0,9.672621,0.8514056205749512,0.21199999749660492,0.003700000001117587
YHR113W,YDL209C,0,9.630863,0.8479999899864197,0.21199999749660492,0.003800000064074993
YDL024C,YAL041W,1,9.627371,0.8486055731773376,0.21299999952316284,0.003800000064074993
YOR371C,YDL159W,1,9.605965,0.8492063283920288,0.21400000154972076,0.003800000064074993
YOR371C,YNL119W,1,9.59682,0.8498023748397827,0.2150000035762787,0.003800000064074993
YLR083C,YNL119W,1,9.59464,0.8503937125205994,0.2160000056028366,0.003800000064074993
YDR392W,YBL016W,1,9.577101,0.8509804010391235,0.21699999272823334,0.003800000064074993
YDR043C,YOR127W,1,9.573885,0.8515625,0.21799999475479126,0.003800000064074993
YDR004W,YDR359C,0,9.564179,0.8482490181922913,0.21799999475479126,0.0038999998942017555
YOR275C,YBR095C,1,9.560665,0.8488371968269348,0.21899999678134918,0.0038999998942017555
YDL024C,YLR362W,1,9.540121,0.8494208455085754,0.2199999988079071,0.0038999998942017555
YDL024C,YDR043C,1,9.5397005,0.8500000238418579,0.22100000083446503,0.0038999998942017555
YHR011W,YOR127W,1,9.532029,0.8505747318267822,0.22200000286102295,0.0038999998942017555
YGL046W,YMR116C,1,9.505584,0.8511450290679932,0.22300000488758087,0.0038999998942017555
YHR011W,YDR480W,1,9.488955,0.8517110347747803,0.2240000069141388,0.0038999998942017555
YML045W,YGL194C,0,9.487577,0.8484848737716675,0.2240000069141388,0.004000000189989805
YGL046W,YBR083W,1,9.486329,0.849056601524353,0.22499999403953552,0.004000000189989805
YDR379W,YGL121C,1,9.4623375,0.8496240377426147,0.22599999606609344,0.004000000189989805
YLR362W,YER027C,1,9.440763,0.8501872420310974,0.22699999809265137,0.004000000189989805
YLR362W,YLR229C,1,9.40324,0.8507462739944458,0.2280000001192093,0.004000000189989805
YDR480W,YDR379W,1,9.381721,0.8513011336326599,0.2290000021457672,0.004000000189989805
YMR116C,YHL007C,1,9.34771,0.8518518805503845,0.23000000417232513,0.004000000189989805
YDL159W,YOR212W,1,9.333916,0.8523985147476196,0.23100000619888306,0.004000000189989805
YMR316W,YNL119W,1,9.329726,0.8529411554336548,0.23199999332427979,0.004000000189989805
YOR371C,YNL197C,1,9.326715,0.8534798622131348,0.2329999953508377,0.004000000189989805
YGL121C,YDR107C,1,9.317438,0.8540145754814148,0.23399999737739563,0.004000000189989805
YOR127W,YMR116C,1,9.301111,0.8545454740524292,0.23499999940395355,0.004000000189989805
YBR066C,YOL116W,1,9.296731,0.8550724387168884,0.23600000143051147,0.004000000189989805
YMR001C,YER129W,0,9.290176,0.8519855737686157,0.23600000143051147,0.004100000020116568
YHR011W,YLR229C,1,9.247798,0.8525179624557495,0.2370000034570694,0.004100000020116568
YGL196W,YML031W,0,9.235242,0.8494623899459839,0.2370000034570694,0.00419999985024333
YAL041W,YOR371C,1,9.19314,0.8500000238418579,0.23800000548362732,0.00419999985024333
YER113C,YOR127W,1,9.175583,0.8505337834358215,0.23899999260902405,0.00419999985024333
YMR316W,YAL041W,1,9.108597,0.8510638475418091,0.23999999463558197,0.00419999985024333
YHR011W,YAL041W,1,9.080358,0.851590096950531,0.2409999966621399,0.00419999985024333
YDR477W,YOR212W,1,9.06081,0.8521126508712769,0.24199999868869781,0.00419999985024333
YDR043C,YNL197C,1,9.048624,0.8526315689086914,0.24300000071525574,0.00419999985024333
YHR011W,YNL298W,1,9.046137,0.8531468510627747,0.24400000274181366,0.00419999985024333
YBL016W,YOR212W,1,9.011879,0.8536585569381714,0.24500000476837158,0.00419999985024333
YNR019W,YOR060C,0,9.010525,0.8506944179534912,0.24500000476837158,0.00430000014603138
YNL119W,YOR127W,1,8.967649,0.8512110710144043,0.2460000067949295,0.00430000014603138
YDR477W,YMR116C,1,8.939617,0.8517241477966309,0.24699999392032623,0.00430000014603138
YDR103W,YOR212W,1,8.931412,0.8522336483001709,0.24799999594688416,0.00430000014603138
YOL055C,YHR113W,0,8.927723,0.8493150472640991,0.24799999594688416,0.004399999976158142
YNL119W,YDR107C,1,8.922311,0.849829375743866,0.24899999797344208,0.004399999976158142
YER113C,YNL197C,1,8.913034,0.8503401279449463,0.25,0.004399999976158142
YDR043C,YDR107C,1,8.908863,0.8508474826812744,0.25099998712539673,0.004399999976158142
YDR103W,YNL197C,1,8.780898,0.8513513803482056,0.25200000405311584,0.004399999976158142
YAL007C,YDR040C,0,8.7779,0.8484848737716675,0.25200000405311584,0.0044999998062849045
YER113C,YBR095C,1,8.75556,0.8489933013916016,0.2529999911785126,0.0044999998062849045
YNL197C,YLR229C,1,8.75008,0.8494983315467834,0.2540000081062317,0.0044999998062849045
YPL049C,YHL007C,1,8.721893,0.8500000238418579,0.2549999952316284,0.0044999998062849045
YBL087C,YGR245C,0,8.673199,0.8471760749816895,0.2549999952316284,0.004600000102072954
YDL247W,YCL001W,0,8.671228,0.8443708419799805,0.2549999952316284,0.004699999932199717
YCL051W,YHR142W,0,8.653717,0.8415841460227966,0.2549999952316284,0.004800000227987766
YLR229C,YDR477W,1,8.64471,0.8421052694320679,0.25600001215934753,0.004800000227987766
YDR043C,YDL035C,1,8.6217785,0.8426229357719421,0.25699999928474426,0.004800000227987766
YDR392W,YNL294C,1,8.59857,0.843137264251709,0.257999986410141,0.004800000227987766
YOR275C,YNL119W,1,8.5937195,0.8436481952667236,0.2590000033378601,0.004800000227987766
YNL243W,YKR095W-A,0,8.572851,0.8409090638160706,0.2590000033378601,0.004900000058114529
YDR379W,YOR127W,1,8.558942,0.8414239287376404,0.25999999046325684,0.004900000058114529
YBR095C,YNL298W,1,8.525392,0.8419354557991028,0.26100000739097595,0.004900000058114529
YDL024C,YDL159W,1,8.51649,0.8424437046051025,0.2619999945163727,0.004900000058114529
YDR043C,YLR229C,1,8.516085,0.8429487347602844,0.2630000114440918,0.004900000058114529
YBR095C,YNL119W,1,8.509586,0.8434504866600037,0.2639999985694885,0.004900000058114529
YOR002W,YGR208W,0,8.50845,0.8407643437385559,0.2639999985694885,0.004999999888241291
YOR080W,YDR477W,1,8.500983,0.841269850730896,0.26499998569488525,0.004999999888241291
YDR379W,YDL159W,1,8.483982,0.8417721390724182,0.26600000262260437,0.004999999888241291
YMR316W,YGL046W,1,8.467628,0.8422712683677673,0.2669999897480011,0.004999999888241291
YMR116C,YDL035C,1,8.462383,0.8427672982215881,0.2680000066757202,0.004999999888241291
YGL121C,YOR127W,1,8.458725,0.8432601690292358,0.26899999380111694,0.004999999888241291
YLR362W,YNL197C,1,8.425999,0.84375,0.27000001072883606,0.004999999888241291
YKL138C-A,YIL018W,0,8.423546,0.84112149477005,0.27000001072883606,0.005100000184029341
YGL045W,YDL159W,1,8.41795,0.8416149020195007,0.2709999978542328,0.005100000184029341
YOR371C,YLR229C,1,8.4154215,0.8421052694320679,0.2720000147819519,0.005100000184029341
YOR275C,YDR392W,1,8.401384,0.8425925970077515,0.27300000190734863,0.005100000184029341
YOR275C,YDR107C,1,8.3649,0.8430769443511963,0.27399998903274536,0.005100000184029341
YER113C,YAL056W,1,8.327126,0.8435583114624023,0.2750000059604645,0.005100000184029341
YDL159W,YMR116C,1,8.311901,0.8440366983413696,0.2759999930858612,0.005100000184029341
YDR392W,YOR371C,1,8.294888,0.8445122241973877,0.2770000100135803,0.005100000184029341
YHR113W,YNL240C,0,8.2717495,0.8419452905654907,0.2770000100135803,0.005200000014156103
YGL006W,YHR142W,0,8.271124,0.8393939137458801,0.2770000100135803,0.0052999998442828655
YDR379W,YDR392W,1,8.2704,0.8398791551589966,0.27799999713897705,0.0052999998442828655
YML067C,YAL007C,0,8.247184,0.8373494148254395,0.27799999713897705,0.005400000140070915
YLR229C,YAL056W,1,8.242336,0.837837815284729,0.27900001406669617,0.005400000140070915
YNL025C,YNL142W,0,8.167256,0.8353293538093567,0.27900001406669617,0.005499999970197678
YCR021C,YOR343C-A,0,8.159308,0.8328357934951782,0.27900001406669617,0.00559999980032444
YDR379W,YNL197C,1,8.149384,0.8333333134651184,0.2800000011920929,0.00559999980032444
YJR102C,YER102W,0,8.133279,0.8308605551719666,0.2800000011920929,0.00570000009611249
YOR016C,YBR162C,0,8.099644,0.8284023404121399,0.2800000011920929,0.005799999926239252
YHR011W,YDR107C,1,8.055159,0.8289085626602173,0.2809999883174896,0.005799999926239252
YOR275C,YBL016W,1,8.050965,0.8294117450714111,0.28200000524520874,0.005799999926239252
YHR011W,YBR083W,1,8.046829,0.829912006855011,0.28299999237060547,0.005799999926239252
YFL005W,YNL221C,0,8.030324,0.8274853825569153,0.28299999237060547,0.005900000222027302
YMR316W,YDR107C,1,8.018648,0.82798832654953,0.2840000092983246,0.005900000222027302
YDR103W,YER027C,1,8.001165,0.8284883499145508,0.2849999964237213,0.005900000222027302
YDR107C,YDL035C,1,7.9864397,0.8289855122566223,0.28600001335144043,0.005900000222027302
YHR011W,YDL024C,1,7.9530807,0.8294797539710999,0.28700000047683716,0.005900000222027302
YNL221C,YGL238W,0,7.9395275,0.8270893096923828,0.28700000047683716,0.006000000052154064
YLR362W,YER113C,1,7.922945,0.8275862336158752,0.2879999876022339,0.006000000052154064
YGR178C,YOR065W,0,7.922846,0.8252149224281311,0.2879999876022339,0.006099999882280827
YGL246C,YLR442C,0,7.9188857,0.822857141494751,0.2879999876022339,0.006200000178068876
YHR001W-A,YLR189C,0,7.891682,0.8205128312110901,0.2879999876022339,0.006300000008195639
YER113C,YDR107C,1,7.881037,0.8210227489471436,0.289000004529953,0.006300000008195639
YHR011W,YDR477W,1,7.8687887,0.821529746055603,0.28999999165534973,0.006300000008195639
YPL115C,YBR066C,1,7.838665,0.8220338821411133,0.29100000858306885,0.006300000008195639
YBL016W,YMR116C,1,7.83446,0.8225352168083191,0.2919999957084656,0.006300000008195639
YGR283C,YNL029C,0,7.815458,0.8202247023582458,0.2919999957084656,0.006399999838322401
YER176W,YCR065W,0,7.8137126,0.8179271817207336,0.2919999957084656,0.006500000134110451
YDL024C,YNL298W,1,7.8047585,0.8184357285499573,0.2930000126361847,0.006500000134110451
YDR477W,YER027C,1,7.798026,0.8189415335655212,0.2939999997615814,0.006500000134110451
YNL197C,YDR107C,1,7.7790995,0.8194444179534912,0.29499998688697815,0.006500000134110451
YGR174C,YGL078C,0,7.7592893,0.81717449426651,0.29499998688697815,0.006599999964237213
YDL024C,YAL056W,1,7.720304,0.8176795840263367,0.29600000381469727,0.006599999964237213
YMR316W,YDL035C,1,7.714962,0.8181818127632141,0.296999990940094,0.006599999964237213
YER113C,YGL121C,1,7.709794,0.8186812996864319,0.2980000078678131,0.006599999964237213
YDR235W,YBL051C,0,7.680823,0.8164383769035339,0.2980000078678131,0.0066999997943639755
YLR248W,YNR059W,0,7.652418,0.8142076730728149,0.2980000078678131,0.006800000090152025
YOR127W,YAL056W,1,7.647133,0.8147138953208923,0.29899999499320984,0.006800000090152025
YNL164C,YCR021C,0,7.631015,0.8125,0.29899999499320984,0.006899999920278788
YNL031C,YCL051W,0,7.627749,0.8102980852127075,0.29899999499320984,0.007000000216066837
YLR442C,YGL139W,0,7.616555,0.8081080913543701,0.29899999499320984,0.0071000000461936
YBR095C,YDR107C,1,7.613759,0.808625340461731,0.30000001192092896,0.0071000000461936
YOR275C,YOR127W,1,7.5969515,0.8091397881507874,0.3009999990463257,0.0071000000461936
YHR011W,YBL016W,1,7.5928383,0.8096514940261841,0.3019999861717224,0.0071000000461936
YBR083W,YAL056W,1,7.578976,0.8101603984832764,0.30300000309944153,0.0071000000461936
YMR059W,YPR174C,0,7.574317,0.8080000281333923,0.30300000309944153,0.007199999876320362
YPR003C,YCL012W,0,7.5468783,0.8058510422706604,0.30300000309944153,0.007300000172108412
YGL053W,YKR049C,0,7.501942,0.8037135004997253,0.30300000309944153,0.007400000002235174
YAL041W,YBR083W,1,7.481058,0.8042327761650085,0.30399999022483826,0.007400000002235174
YHR113W,YFL049W,0,7.45216,0.8021107912063599,0.30399999022483826,0.007499999832361937
YBR095C,YDR477W,1,7.4453154,0.8026315569877625,0.3050000071525574,0.007499999832361937
YNL025C,YMR261C,0,7.4233932,0.8005249500274658,0.3050000071525574,0.007600000128149986
YKL081W,YLR313C,0,7.4174395,0.7984293103218079,0.3050000071525574,0.007699999958276749
YOR045W,YHR033W,0,7.416892,0.7963446378707886,0.3050000071525574,0.007799999788403511
YER108C,YDR480W,1,7.4163785,0.796875,0.3059999942779541,0.007799999788403511
YNL197C,YDR477W,1,7.385682,0.7974026203155518,0.3070000112056732,0.007799999788403511
YGL073W,YER176W,0,7.368205,0.7953367829322815,0.3070000112056732,0.007899999618530273
YNL183C,YPR055W,0,7.360897,0.7932816743850708,0.3070000112056732,0.00800000037997961
YPR199C,YDR019C,0,7.3562927,0.7912371158599854,0.3070000112056732,0.008100000210106373
YPR003C,YGL053W,0,7.3447933,0.7892031073570251,0.3070000112056732,0.008200000040233135
YDL024C,YDL035C,1,7.324426,0.7897436022758484,0.30799999833106995,0.008200000040233135
YLR362W,YAL056W,1,7.2855177,0.790281355381012,0.3089999854564667,0.008200000040233135
YLR362W,YOR127W,1,7.2711935,0.7908163070678711,0.3100000023841858,0.008200000040233135
YBR095C,YOR371C,1,7.2631154,0.7913485765457153,0.3109999895095825,0.008200000040233135
YER113C,YDL035C,1,7.2622395,0.7918781638145447,0.31200000643730164,0.008200000040233135
YMR316W,YNL298W,1,7.24603,0.7924050688743591,0.31299999356269836,0.008200000040233135
YOR267C,YGL194C,0,7.242976,0.7904040217399597,0.31299999356269836,0.008299999870359898
YMR316W,YLR362W,1,7.2213187,0.7909319996833801,0.3140000104904175,0.008299999870359898
YDR103W,YER113C,1,7.2205586,0.7914572954177856,0.3149999976158142,0.008299999870359898
YLR362W,YBL016W,1,7.205345,0.791979968547821,0.3160000145435333,0.008299999870359898
YDL024C,YDR107C,1,7.1964607,0.7925000190734863,0.31700000166893005,0.008299999870359898
YGL121C,YBR083W,1,7.195299,0.7930174469947815,0.3179999887943268,0.008299999870359898
YHR084W,YNL119W,1,7.192637,0.7935323119163513,0.3190000057220459,0.008299999870359898
YCR045C,YGR170W,0,7.1925774,0.7915632724761963,0.3190000057220459,0.00839999970048666
YBR083W,YOR212W,1,7.1884193,0.7920792102813721,0.3199999928474426,0.00839999970048666
YDR379W,YER113C,1,7.177007,0.7925925850868225,0.32100000977516174,0.00839999970048666
YBR066C,YGL045W,1,7.171811,0.7931034564971924,0.32199999690055847,0.00839999970048666
YFR031C-A,YDR213W,0,7.1698833,0.7911548018455505,0.32199999690055847,0.008500000461935997
YBL016W,YGL046W,1,7.165405,0.7916666865348816,0.3230000138282776,0.008500000461935997
YOL122C,YOR157C,0,7.155469,0.7897310256958008,0.3230000138282776,0.00860000029206276
YOR371C,YDR107C,1,7.153206,0.790243923664093,0.3240000009536743,0.00860000029206276
YNL025C,YER102W,0,7.148123,0.7883211970329285,0.3240000009536743,0.008700000122189522
YHR113W,YOR254C,0,7.147956,0.7864077687263489,0.3240000009536743,0.008799999952316284
YDL159W,YLR229C,1,7.1467886,0.7869249582290649,0.32499998807907104,0.008799999952316284
YER113C,YDR043C,1,7.136506,0.7874395847320557,0.32600000500679016,0.008799999952316284
YNL145W,YDR002W,0,7.131376,0.7855421900749207,0.32600000500679016,0.008899999782443047
YDR379W,YAL056W,1,7.1305475,0.786057710647583,0.3269999921321869,0.008899999782443047
YHR073W,YHR005C,0,7.1276484,0.7841726541519165,0.3269999921321869,0.008999999612569809
YNL137C,YDL124W,0,7.115845,0.7822966575622559,0.3269999921321869,0.009100000374019146
YNL119W,YBR083W,1,7.0934467,0.7828162312507629,0.328000009059906,0.009100000374019146
YER056C,YNL233W,0,7.089322,0.7809523940086365,0.328000009059906,0.009200000204145908
YMR015C,YGL111W,0,7.073261,0.7790973782539368,0.328000009059906,0.00930000003427267
YNL068C,YPL254W,0,7.053617,0.7772511839866638,0.328000009059906,0.009399999864399433
YPL234C,YMR153W,0,7.0457654,0.7754136919975281,0.328000009059906,0.009499999694526196
YGL208W,YBR083W,1,7.006756,0.775943398475647,0.32899999618530273,0.009499999694526196
YDR367W,YDR301W,0,7.005922,0.774117648601532,0.32899999618530273,0.009600000455975533
YOR275C,YER113C,1,6.995284,0.7746478915214539,0.33000001311302185,0.009600000455975533
YNL025C,YDL220C,0,6.979459,0.7728337049484253,0.33000001311302185,0.009700000286102295
YOR080W,YNL197C,1,6.9786663,0.7733644843101501,0.3310000002384186,0.009700000286102295
YBL016W,YOR127W,1,6.97815,0.7738927602767944,0.3319999873638153,0.009700000286102295
YHR011W,YMR316W,1,6.968871,0.7744185924530029,0.3330000042915344,0.009700000286102295
YBL016W,YDL159W,1,6.9657893,0.7749419808387756,0.33399999141693115,0.009700000286102295
YBL038W,YJL168C,0,6.963858,0.7731481194496155,0.33399999141693115,0.009800000116229057
YBR083W,YER027C,1,6.958128,0.7736720442771912,0.33500000834465027,0.009800000116229057
YBR066C,YBR083W,1,6.956877,0.774193525314331,0.335999995470047,0.009800000116229057
YHR006W,YMR225C,0,6.955702,0.7724137902259827,0.335999995470047,0.00989999994635582
YNL119W,YLR229C,1,6.9501214,0.7729358077049255,0.3370000123977661,0.00989999994635582
YIL156W,YLR061W,0,6.9367285,0.7711670398712158,0.3370000123977661,0.009999999776482582
YAL030W,YNL065W,0,6.935652,0.7694063782691956,0.3370000123977661,0.010099999606609344
YDR379W,YHL007C,1,6.9305754,0.7699316740036011,0.33799999952316284,0.010099999606609344
YOR080W,YDR107C,1,6.92258,0.7704545259475708,0.33899998664855957,0.010099999606609344
YNL298W,YDR477W,1,6.9016867,0.7709750533103943,0.3400000035762787,0.010099999606609344
YDR350C,YDR289C,0,6.8852816,0.7692307829856873,0.3400000035762787,0.010200000368058681
YGL208W,YOR127W,1,6.835266,0.7697516679763794,0.3409999907016754,0.010200000368058681
YMR192W,YPL010W,0,6.834264,0.7680180072784424,0.3409999907016754,0.010300000198185444
YNL298W,YMR116C,1,6.8316536,0.768539309501648,0.34200000762939453,0.010300000198185444
YNL197C,YBR083W,1,6.794803,0.7690582871437073,0.34299999475479126,0.010300000198185444
YLR085C,YDR438W,0,6.79433,0.7673377990722656,0.34299999475479126,0.010400000028312206
YOR127W,YOR212W,1,6.775956,0.7678571343421936,0.3440000116825104,0.010400000028312206
YDR480W,YAL056W,1,6.742362,0.7683741450309753,0.3449999988079071,0.010400000028312206
YMR316W,YBL016W,1,6.7396755,0.7688888907432556,0.34599998593330383,0.010400000028312206
YDR103W,YOR127W,1,6.7324204,0.7694013118743896,0.34700000286102295,0.010400000028312206
YNL025C,YNL081C,0,6.7298937,0.767699122428894,0.34700000286102295,0.010499999858438969
YMR192W,YOR343C-A,0,6.708575,0.7660044431686401,0.34700000286102295,0.010599999688565731
YNL298W,YLR229C,1,6.702486,0.7665198445320129,0.3479999899864197,0.010599999688565731
YLR229C,YDR107C,1,6.7012405,0.7670329809188843,0.3490000069141388,0.010599999688565731
YDR407C,YPR097W,0,6.621287,0.765350878238678,0.3490000069141388,0.010700000450015068
YLR229C,YOR127W,1,6.621109,0.7658643126487732,0.3499999940395355,0.010700000450015068
YHR011W,YER113C,1,6.618493,0.7663755416870117,0.35100001096725464,0.010700000450015068
YBR211C,YJL168C,0,6.6129436,0.7647058963775635,0.35100001096725464,0.01080000028014183
YDL098C,YJL168C,0,6.6080937,0.7630434632301331,0.35100001096725464,0.010900000110268593
YDR103W,YLR229C,1,6.598549,0.763557493686676,0.35199999809265137,0.010900000110268593
YFR031C-A,YLR284C,0,6.5965047,0.761904776096344,0.35199999809265137,0.010999999940395355
YGL208W,YER113C,1,6.590529,0.7624189853668213,0.3529999852180481,0.010999999940395355
YDL098C,YJR048W,0,6.5779667,0.7607758641242981,0.3529999852180481,0.011099999770522118
YLR362W,YDR107C,1,6.554471,0.7612903118133545,0.3540000021457672,0.011099999770522118
YDR103W,YHR073W,1,6.533748,0.7618025541305542,0.35499998927116394,0.011099999770522118
YMR316W,YAL056W,1,6.5336914,0.762312650680542,0.35600000619888306,0.011099999770522118
YJL174W,YDR039C,0,6.525432,0.7606837749481201,0.35600000619888306,0.01119999960064888
YDL024C,YDR103W,1,6.523753,0.7611940503120422,0.3569999933242798,0.01119999960064888
YGL208W,YGL121C,1,6.5217657,0.7617021203041077,0.3580000102519989,0.01119999960064888
YDL024C,YMR116C,1,6.520288,0.7622080445289612,0.35899999737739563,0.01119999960064888
YBR095C,YMR116C,1,6.5109296,0.7627118825912476,0.36000001430511475,0.01119999960064888
YOR065W,YNL214W,0,6.4993477,0.7610993385314941,0.36000001430511475,0.011300000362098217
YAL056W,YHL007C,1,6.4784627,0.7616033554077148,0.3610000014305115,0.011300000362098217
YIL013C,YHR193C,0,6.4659815,0.7599999904632568,0.3610000014305115,0.01140000019222498
YPR143W,YAL007C,0,6.463584,0.7584033608436584,0.3610000014305115,0.011500000022351742
YPL175W,YMR125W,0,6.4584875,0.7568134069442749,0.3610000014305115,0.011599999852478504
YHR011W,YHR084W,1,6.447765,0.7573221921920776,0.3619999885559082,0.011599999852478504
YNL294C,YBR066C,1,6.44579,0.7578288316726685,0.3630000054836273,0.011599999852478504
YHR084W,YDR392W,1,6.418253,0.7583333253860474,0.36399999260902405,0.011599999852478504
YBL016W,YDL035C,1,6.402892,0.7588357329368591,0.36500000953674316,0.011599999852478504
YML133C,YJR150C,0,6.3996043,0.7572613954544067,0.36500000953674316,0.011699999682605267
YHR210C,YGR283C,0,6.396775,0.7556935548782349,0.36500000953674316,0.011800000444054604
YDR480W,YGL208W,1,6.396474,0.7561983466148376,0.3659999966621399,0.011800000444054604
YMR063W,YOR157C,0,6.389271,0.7546391487121582,0.3659999966621399,0.011900000274181366
YFR031C-A,YNL167C,0,6.388494,0.7530864477157593,0.3659999966621399,0.012000000104308128
YLR229C,YMR116C,1,6.3835087,0.7535934448242188,0.367000013589859,0.012000000104308128
YGL208W,YGL046W,1,6.3790236,0.7540983557701111,0.36800000071525574,0.012000000104308128
YGL208W,YDR392W,1,6.370878,0.754601240158081,0.36899998784065247,0.012000000104308128
YDR289C,YGL078C,0,6.3657665,0.7530612349510193,0.36899998784065247,0.01209999993443489
YOL042W,YHL003C,0,6.364459,0.7515274882316589,0.36899998784065247,0.012199999764561653
YER113C,YOR371C,1,6.3427114,0.7520325183868408,0.3700000047683716,0.012199999764561653
YNL284C-B,YCR021C,0,6.325059,0.750507116317749,0.3700000047683716,0.012299999594688416
YDL003W,YDR399W,0,6.3247495,0.7489878535270691,0.3700000047683716,0.012400000356137753
YAL041W,YOR080W,1,6.301906,0.7494949698448181,0.3709999918937683,0.012400000356137753
YJL012C,YER176W,0,6.300399,0.7479838728904724,0.3709999918937683,0.012500000186264515
YER113C,YAL041W,1,6.2953653,0.7484909296035767,0.3720000088214874,0.012500000186264515
YER038C,YMR313C,0,6.2904387,0.7469879388809204,0.3720000088214874,0.012600000016391277
YNL119W,YMR116C,1,6.2730246,0.7474949955940247,0.37299999594688416,0.012600000016391277
YNL041C,YOR079C,0,6.255781,0.7459999918937683,0.37299999594688416,0.01269999984651804
YER014W,YPL168W,0,6.252455,0.7445109486579895,0.37299999594688416,0.012799999676644802
YLR362W,YDL035C,1,6.2444115,0.7450199127197266,0.37400001287460327,0.012799999676644802
YHR084W,YGL121C,1,6.232946,0.7455268502235413,0.375,0.012799999676644802
YIL156W,YMR055C,0,6.231674,0.7440476417541504,0.375,0.012900000438094139
YBL016W,YBR083W,1,6.2316422,0.7445544600486755,0.37599998712539673,0.012900000438094139
YDR480W,YPL115C,1,6.229381,0.7450593113899231,0.37700000405311584,0.012900000438094139
YBL016W,YNL197C,1,6.2282877,0.7455621361732483,0.3779999911785126,0.012900000438094139
YHR084W,YAL041W,1,6.2199707,0.7460629940032959,0.3790000081062317,0.012900000438094139
YLR362W,YOR371C,1,6.198195,0.7465618848800659,0.3799999952316284,0.012900000438094139
YMR116C,YDR107C,1,6.179796,0.7470588088035583,0.38100001215934753,0.012900000438094139
YDR244W,YER167W,0,6.165001,0.7455968856811523,0.38100001215934753,0.013000000268220901
YML081W,YEL006W,0,6.162108,0.744140625,0.38100001215934753,0.013100000098347664
YGL208W,YLR229C,1,6.1604223,0.7446393966674805,0.38199999928474426,0.013100000098347664
YHR084W,YOR080W,1,6.145855,0.7451362013816833,0.382999986410141,0.013100000098347664
YER113C,YMR116C,1,6.1280637,0.7456310391426086,0.3840000033378601,0.013100000098347664
YOR080W,YOR212W,1,6.0801024,0.7461240291595459,0.38499999046325684,0.013100000098347664
YLL066C,YGL111W,0,6.07821,0.7446808218955994,0.38499999046325684,0.013199999928474426
YAL030W,YHR194W,0,6.04345,0.7432432174682617,0.38499999046325684,0.013299999758601189
YFR047C,YEL051W,0,6.04078,0.7418111562728882,0.38499999046325684,0.013399999588727951
YOL154W,YOR009W,0,6.028045,0.7403846383094788,0.38499999046325684,0.013500000350177288
YCR021C,YMR035W,0,6.022835,0.7389635443687439,0.38499999046325684,0.01360000018030405
YER072W,YOR343C-A,0,6.019002,0.7375478744506836,0.38499999046325684,0.013700000010430813
YDR379W,YAL041W,1,6.008527,0.7380496859550476,0.38600000739097595,0.013700000010430813
YOR081C,YMR237W,0,6.0041275,0.7366412281990051,0.38600000739097595,0.013799999840557575
YNL025C,YMR110C,0,5.9952874,0.7352380752563477,0.38600000739097595,0.013899999670684338
YAR033W,YLR409C,0,5.985206,0.73384028673172,0.38600000739097595,0.014000000432133675
YOR065W,YDL145C,0,5.9832973,0.7324478030204773,0.38600000739097595,0.014100000262260437
YML021C,YLL067C,0,5.9809175,0.7310606241226196,0.38600000739097595,0.0142000000923872
YLR362W,YBR095C,1,5.975253,0.7315689921379089,0.3869999945163727,0.0142000000923872
YLR362W,YNL119W,1,5.9629235,0.7320754528045654,0.3880000114440918,0.0142000000923872
YDL024C,YLR229C,1,5.959667,0.7325800657272339,0.3889999985694885,0.0142000000923872
YAL041W,YAL056W,1,5.936707,0.7330827116966248,0.38999998569488525,0.0142000000923872
YJR035W,YNL294C,0,5.924855,0.7317073345184326,0.38999998569488525,0.014299999922513962
YHR084W,YER113C,1,5.918519,0.7322097420692444,0.39100000262260437,0.014299999922513962
YGL243W,YML004C,0,5.918492,0.7308411002159119,0.39100000262260437,0.014399999752640724
YPL076W,YHL035C,0,5.914403,0.72947758436203,0.39100000262260437,0.014499999582767487
YBR107C,YJR123W,0,5.9136095,0.7281191945075989,0.39100000262260437,0.014600000344216824
YHR084W,YLR229C,1,5.908866,0.7286245226860046,0.3919999897480011,0.014600000344216824
YBR095C,YDR043C,1,5.9059906,0.7291280031204224,0.3930000066757202,0.014600000344216824
YKL155C,YNL247W,0,5.9005547,0.7277777791023254,0.3930000066757202,0.014700000174343586
YHR084W,YOR371C,1,5.8970504,0.7282809615135193,0.39399999380111694,0.014700000174343586
YJL089W,YHL007C,1,5.885029,0.7287822961807251,0.39500001072883606,0.014700000174343586
YHR149C,YPR169W,0,5.869215,0.7274401187896729,0.39500001072883606,0.014800000004470348
YBL035C,YCL044C,0,5.866985,0.7261029481887817,0.39500001072883606,0.01489999983459711
YDL024C,YBR083W,1,5.866454,0.7266054749488831,0.3959999978542328,0.01489999983459711
YBR180W,YHR080C,0,5.863123,0.7252747416496277,0.3959999978542328,0.014999999664723873
YER100W,YPR067W,0,5.8479815,0.7239488363265991,0.3959999978542328,0.01510000042617321
YHR011W,YLR362W,1,5.8446293,0.724452555179596,0.3970000147819519,0.01510000042617321
YDR103W,YBL016W,1,5.8406363,0.7249544858932495,0.39800000190734863,0.01510000042617321
YHR011W,YMR116C,1,5.834824,0.725454568862915,0.39899998903274536,0.01510000042617321
YJR073C,YKL194C,0,5.8344913,0.7241379022598267,0.39899998903274536,0.015200000256299973
YML011C,YBR094W,0,5.820443,0.7228260636329651,0.39899998903274536,0.015300000086426735
YER007C-A,YPL215W,0,5.8202076,0.7215189933776855,0.39899998903274536,0.015399999916553497
YHR073W,YAL056W,1,5.817652,0.7220216393470764,0.4000000059604645,0.015399999916553497
YOR275C,YBR083W,1,5.8073936,0.722522497177124,0.4009999930858612,0.015399999916553497
YER044C-A,YBL031W,0,5.8072314,0.721222996711731,0.4009999930858612,0.01549999974668026
YHR084W,YOR212W,1,5.802326,0.7217234969139099,0.4020000100135803,0.01549999974668026
YJL094C,YBR188C,0,5.792867,0.7204301357269287,0.4020000100135803,0.015599999576807022
YNR048W,YDR160W,0,5.78633,0.7191413044929504,0.4020000100135803,0.015699999406933784
YJL059W,YDR002W,0,5.7853107,0.7178571224212646,0.4020000100135803,0.015799999237060547
YPR154W,YCL051W,0,5.7814736,0.7165775299072266,0.4020000100135803,0.01590000092983246
YPR114W,YDR188W,0,5.780304,0.7153024673461914,0.4020000100135803,0.01600000075995922
YOR101W,YLR196W,0,5.7649393,0.714031994342804,0.4020000100135803,0.016100000590085983
YDR103W,YAL041W,1,5.764104,0.7145389914512634,0.40299999713897705,0.016100000590085983
YHR005C,YNL176C,0,5.7450933,0.713274359703064,0.40299999713897705,0.016200000420212746
YCL068C,YCR035C,0,5.7353354,0.7120141386985779,0.40299999713897705,0.016300000250339508
YPL133C,YGR283C,0,5.7105837,0.71075838804245,0.40299999713897705,0.01640000008046627
YHR084W,YDR107C,1,5.6772676,0.7112675905227661,0.40400001406669617,0.01640000008046627
YER038C,YDR110W,0,5.676136,0.7100175619125366,0.40400001406669617,0.016499999910593033
YOR127W,YBR083W,1,5.672058,0.7105262875556946,0.4050000011920929,0.016499999910593033
YHR139C,YGR142W,0,5.666527,0.7092819809913635,0.4050000011920929,0.016599999740719795
YDR308C,YDL119C,0,5.6480284,0.7080419659614563,0.4050000011920929,0.016699999570846558
YGL092W,YGL194C,0,5.633413,0.7068063020706177,0.4050000011920929,0.01679999940097332
YGL208W,YDR107C,1,5.6244087,0.707317054271698,0.4059999883174896,0.01679999940097332
YBR095C,YOR127W,1,5.6241646,0.7078260779380798,0.40700000524520874,0.01679999940097332
YKR049C,YGR017W,0,5.616602,0.7065972089767456,0.40700000524520874,0.016899999231100082
YAL041W,YMR116C,1,5.6031227,0.7071056962013245,0.40799999237060547,0.016899999231100082
YIR019C,YGL121C,1,5.6003976,0.7076124548912048,0.4090000092983246,0.016899999231100082
YGR212W,YJR048W,0,5.5926895,0.7063903212547302,0.4090000092983246,0.017000000923871994
YDR434W,YMR225C,0,5.589898,0.7051724195480347,0.4090000092983246,0.017100000753998756
YBR083W,YDR107C,1,5.5893297,0.7056798338890076,0.4099999964237213,0.017100000753998756
YOR045W,YBR015C,0,5.5856504,0.7044673562049866,0.4099999964237213,0.01720000058412552
YCL068C,YML013W,0,5.5847726,0.7032589912414551,0.4099999964237213,0.01730000041425228
YDR379W,YOR080W,1,5.556216,0.7037671208381653,0.41100001335144043,0.01730000041425228
YNL294C,YBR083W,1,5.5307317,0.704273521900177,0.41200000047683716,0.01730000041425228
YMR232W,YDR328C,0,5.52365,0.703071653842926,0.41200000047683716,0.017400000244379044
YGL208W,YBL016W,1,5.522326,0.7035775184631348,0.4129999876022339,0.017400000244379044
YOR334W,YGR046W,0,5.5049844,0.7023809552192688,0.4129999876022339,0.017500000074505806
YJL089W,YAL041W,1,5.5008435,0.7028862237930298,0.414000004529953,0.017500000074505806
YHR073W,YNL119W,1,5.498969,0.7033898234367371,0.41499999165534973,0.017500000074505806
YGL092W,YOR059C,0,5.49642,0.7021996378898621,0.41499999165534973,0.01759999990463257
YPL013C,YHL021C,0,5.4739904,0.7010135054588318,0.41499999165534973,0.01769999973475933
YHR084W,YNL197C,1,5.4704356,0.7015177011489868,0.41600000858306885,0.01769999973475933
YDR500C,YAL007C,0,5.4634647,0.7003366947174072,0.41600000858306885,0.017799999564886093
YPR169W,YDR019C,0,5.450695,0.6991596817970276,0.41600000858306885,0.017899999395012856
YPR128C,YLR001C,0,5.448985,0.6979866027832031,0.41600000858306885,0.017999999225139618
YHR084W,YBR066C,1,5.422709,0.6984924674034119,0.4169999957084656,0.017999999225139618
YDR103W,YAL056W,1,5.416703,0.6989966630935669,0.4180000126361847,0.017999999225139618
YGL208W,YBR066C,1,5.411643,0.6994991898536682,0.4189999997615814,0.017999999225139618
YLR362W,YMR116C,1,5.3770466,0.699999988079071,0.41999998688697815,0.017999999225139618
YLR362W,YDR477W,1,5.373396,0.7004991769790649,0.42100000381469727,0.017999999225139618
YPR174C,YBR028C,0,5.3724775,0.6993355751037598,0.42100000381469727,0.01810000091791153
YPR175W,YPL262W,0,5.37097,0.6981757879257202,0.42100000381469727,0.018200000748038292
YGL208W,YDR103W,1,5.360981,0.6986755132675171,0.421999990940094,0.018200000748038292
YAL041W,YIL008W,1,5.3573084,0.6991735696792603,0.4230000078678131,0.018200000748038292
YGL067W,YMR015C,0,5.3560843,0.698019802570343,0.4230000078678131,0.018300000578165054
YJL012C,YKR088C,0,5.3525333,0.6968698501586914,0.4230000078678131,0.018400000408291817
YOR080W,YHL007C,1,5.3374696,0.6973684430122375,0.42399999499320984,0.018400000408291817
YPR097W,YOR113W,0,5.337123,0.6962233185768127,0.42399999499320984,0.01850000023841858
YDR379W,YBR083W,1,5.3288937,0.6967213153839111,0.42500001192092896,0.01850000023841858
YAL030W,YDR045C,0,5.3232565,0.6955810189247131,0.42500001192092896,0.01860000006854534
YKR049C,YAL068C,0,5.3219995,0.6944444179534912,0.42500001192092896,0.018699999898672104
YOL122C,YKL197C,0,5.3191395,0.6933115720748901,0.42500001192092896,0.018799999728798866
YBL016W,YGL121C,1,5.2946463,0.6938110589981079,0.4259999990463257,0.018799999728798866
YOR371C,YER027C,1,5.283085,0.6943089365959167,0.4269999861717224,0.018799999728798866
YJL089W,YGL121C,1,5.273446,0.6948052048683167,0.42800000309944153,0.018799999728798866
YOL122C,YKL150W,0,5.2722063,0.6936790943145752,0.42800000309944153,0.01889999955892563
YJL096W,YOR065W,0,5.2698,0.692556619644165,0.42800000309944153,0.01899999938905239
YFR010W,YPR007C,0,5.2691073,0.6914377808570862,0.42800000309944153,0.019099999219179153
YGR017W,YMR156C,0,5.268382,0.6903225779533386,0.42800000309944153,0.019200000911951065
YGR024C,YJL179W,0,5.2635465,0.6892109513282776,0.42800000309944153,0.019300000742077827
YAR033W,YNL287W,0,5.259195,0.6881029009819031,0.42800000309944153,0.01940000057220459
YGR017W,YKL077W,0,5.2581143,0.6869983673095703,0.42800000309944153,0.019500000402331352
YPR055W,YDR021W,0,5.2564683,0.6858974099159241,0.42800000309944153,0.019600000232458115
YDR379W,YMR116C,1,5.253754,0.6863999962806702,0.42899999022483826,0.019600000232458115
YHR079C-B,YGR083C,0,5.250386,0.6853035092353821,0.42899999022483826,0.019700000062584877
YHR011W,YOR212W,1,5.2498426,0.6858054399490356,0.4300000071525574,0.019700000062584877
YBL016W,YDR043C,1,5.241892,0.6863057613372803,0.4309999942779541,0.019700000062584877
YML100W,YOR262W,0,5.234361,0.685214638710022,0.4309999942779541,0.01979999989271164
YHR084W,YBL016W,1,5.2324715,0.6857143044471741,0.4320000112056732,0.01979999989271164
YDL024C,YBL016W,1,5.2210097,0.6862123608589172,0.43299999833106995,0.01979999989271164
YML041C,YNL233W,0,5.2090836,0.6851266026496887,0.43299999833106995,0.019899999722838402
YOR372C,YNL065W,0,5.2052407,0.6840442419052124,0.43299999833106995,0.019999999552965164
YJR123W,YML016C,0,5.1904793,0.6829652786254883,0.43299999833106995,0.020099999383091927
YNL298W,YOR127W,1,5.183861,0.6834645867347717,0.4339999854564667,0.020099999383091927
YAL041W,YOR127W,1,5.1771197,0.6839622855186462,0.4350000023841858,0.020099999383091927
YOR081C,YBR180W,0,5.176906,0.6828885674476624,0.4350000023841858,0.02019999921321869
YGL208W,YDR477W,1,5.175886,0.6833855509757996,0.4359999895095825,0.02019999921321869
YGL046W,YPL049C,1,5.1744175,0.6838810443878174,0.43700000643730164,0.02019999921321869
YLR131C,YFL061W,0,5.162087,0.682812511920929,0.43700000643730164,0.0203000009059906
YIL137C,YOL051W,0,5.148944,0.6817472577095032,0.43700000643730164,0.020400000736117363
YLR362W,YBR083W,1,5.132945,0.6822429895401001,0.43799999356269836,0.020400000736117363
YMR316W,YER027C,1,5.130788,0.6827371716499329,0.4390000104904175,0.020400000736117363
YGL208W,YDR379W,1,5.115609,0.6832298040390015,0.4399999976158142,0.020400000736117363
YOR016C,YBR094W,0,5.1065965,0.682170569896698,0.4399999976158142,0.020500000566244125
YJR150C,YKL138C-A,0,5.0990734,0.6811145544052124,0.4399999976158142,0.020600000396370888
YDR078C,YPR097W,0,5.0955462,0.6800618171691895,0.4399999976158142,0.02070000022649765
YBL016W,YER027C,1,5.0775633,0.6805555820465088,0.4410000145435333,0.02070000022649765
YNL051W,YBR295W,0,5.075526,0.6795069575309753,0.4410000145435333,0.020800000056624413
YPR128C,YHR154W,0,5.070939,0.6784615516662598,0.4410000145435333,0.020899999886751175
YER100W,YHR114W,0,5.0631695,0.6774193644523621,0.4410000145435333,0.020999999716877937
YMR316W,YDR477W,1,5.0578575,0.6779140830039978,0.44200000166893005,0.020999999716877937
YGL046W,YOL116W,1,5.0478673,0.6784073710441589,0.4429999887943268,0.020999999716877937
YDL135C,YLR220W,0,5.044773,0.677370011806488,0.4429999887943268,0.0210999995470047
YJR084W,YLR196W,0,5.0193715,0.676335871219635,0.4429999887943268,0.021199999377131462
YDR103W,YBR083W,1,4.987401,0.6768292784690857,0.4440000057220459,0.021199999377131462
YLR299W,YPL040C,0,4.984094,0.6757990717887878,0.4440000057220459,0.021299999207258224
YGL194C,YDL211C,0,4.982198,0.6747720241546631,0.4440000057220459,0.021400000900030136
YKL016C,YDR244W,0,4.971218,0.6737480759620667,0.4440000057220459,0.0215000007301569
YPL183C,YPL076W,0,4.9635673,0.6727272868156433,0.4440000057220459,0.02160000056028366
YGR204W,YDR367W,0,4.9537272,0.6717095375061035,0.4440000057220459,0.021700000390410423
YHR011W,YDR379W,1,4.9396544,0.6722054481506348,0.4449999928474426,0.021700000390410423
YFR031C-A,YFL026W,0,4.938561,0.6711915731430054,0.4449999928474426,0.021800000220537186
YJR073C,YBR268W,0,4.933221,0.6701807379722595,0.4449999928474426,0.021900000050663948
YHR084W,YER027C,1,4.9062204,0.6706767082214355,0.44600000977516174,0.021900000050663948
YPR097W,YJL208C,0,4.903274,0.6696696877479553,0.44600000977516174,0.02199999988079071
YNL250W,YBR162C,0,4.9017267,0.6686656475067139,0.44600000977516174,0.022099999710917473
YOR371C,YOR127W,1,4.894558,0.6691616773605347,0.44699999690055847,0.022099999710917473
YMR274C,YDR276C,0,4.8915243,0.6681614518165588,0.44699999690055847,0.022199999541044235
YNL250W,YER038C,0,4.88363,0.6671642065048218,0.44699999690055847,0.022299999371170998
YDR176W,YBR188C,0,4.8734846,0.6661698818206787,0.44699999690055847,0.02239999920129776
YHR084W,YGL046W,1,4.863141,0.6666666865348816,0.4480000138282776,0.02239999920129776
YIR019C,YOR212W,1,4.861375,0.6671619415283203,0.4490000009536743,0.02239999920129776
YAL041W,YDL035C,1,4.839359,0.6676557660102844,0.44999998807907104,0.02239999920129776
YDR091C,YIL018W,0,4.83698,0.6666666865348816,0.44999998807907104,0.02250000089406967
YDR103W,YOR371C,1,4.836718,0.6671597361564636,0.45100000500679016,0.02250000089406967
YDL135C,YJL216C,0,4.8353653,0.6661742925643921,0.45100000500679016,0.022600000724196434
YOR371C,YGL121C,1,4.828083,0.6666666865348816,0.4519999921321869,0.022600000724196434
YER113C,YOL116W,1,4.8221507,0.6671575903892517,0.453000009059906,0.022600000724196434
YER102W,YNL278W,0,4.820156,0.6661764979362488,0.453000009059906,0.022700000554323196
YOR192C,YNL130C,0,4.8175855,0.6651982665061951,0.453000009059906,0.02280000038444996
YDR392W,YGL121C,1,4.8128147,0.6656891703605652,0.45399999618530273,0.02280000038444996
YGR024C,YPL189W,0,4.800257,0.664714515209198,0.45399999618530273,0.02290000021457672
YJL026W,YBL091C,0,4.79103,0.6637426614761353,0.45399999618530273,0.023000000044703484
YDR039C,YJL167W,0,4.78826,0.6627737283706665,0.45399999618530273,0.023099999874830246
YKL016C,YDL105W,0,4.7859654,0.6618075966835022,0.45399999618530273,0.02319999970495701
YPR008W,YDR217C,0,4.7748857,0.6608442664146423,0.45399999618530273,0.02329999953508377
YNL068C,YHL021C,0,4.770509,0.6598837375640869,0.45399999618530273,0.023399999365210533
YKL029C,YHR149C,0,4.7582526,0.6589259505271912,0.45399999618530273,0.023499999195337296
YCR107W,YLR313C,0,4.757258,0.6579710245132446,0.45399999618530273,0.023600000888109207
YDR308C,YBR065C,0,4.7561255,0.6570188403129578,0.45399999618530273,0.02370000071823597
YMR316W,YBR083W,1,4.7534437,0.6575144529342651,0.45500001311302185,0.02370000071823597
YPL013C,YJL208C,0,4.748343,0.6565656661987305,0.45500001311302185,0.023800000548362732
YMR274C,YKR095W,0,4.744109,0.6556196212768555,0.45500001311302185,0.023900000378489494
YLR190W,YGL238W,0,4.7424836,0.6546762585639954,0.45500001311302185,0.024000000208616257
YGL208W,YAL041W,1,4.7372065,0.6551724076271057,0.4560000002384186,0.024000000208616257
YGL208W,YDR043C,1,4.7367544,0.6556671261787415,0.4569999873638153,0.024000000208616257
YAR033W,YNL025C,0,4.730427,0.6547278165817261,0.4569999873638153,0.02410000003874302
YMR316W,YDR103W,1,4.7276783,0.6552217602729797,0.4580000042915344,0.02410000003874302
YDR435C,YGR283C,0,4.722111,0.654285728931427,0.4580000042915344,0.02419999986886978
YDL159W,YBR083W,1,4.716162,0.6547788977622986,0.45899999141693115,0.02419999986886978
YDR043C,YOL116W,1,4.7150087,0.6552706360816956,0.46000000834465027,0.02419999986886978
YIL030C,YOR253W,0,4.7116175,0.654338538646698,0.46000000834465027,0.024299999698996544
YER014W,YHR113W,0,4.7104855,0.6534090638160706,0.46000000834465027,0.024399999529123306
YLR362W,YNL294C,1,4.7059064,0.653900682926178,0.460999995470047,0.024399999529123306
YCL051W,YHR150W,0,4.7046356,0.6529744863510132,0.460999995470047,0.02449999935925007
YLR328W,YHL035C,0,4.70457,0.6520509123802185,0.460999995470047,0.02459999918937683
YPL063W,YDL211C,0,4.6848197,0.651129961013794,0.460999995470047,0.024700000882148743
YJL089W,YOR080W,1,4.682843,0.6516219973564148,0.4620000123977661,0.024700000882148743
YDR379W,YDR043C,1,4.6673856,0.6521126627922058,0.46299999952316284,0.024700000882148743
YLR167W,YNL038W,0,4.6567354,0.6511955261230469,0.46299999952316284,0.024800000712275505
YNL103W,YPL061W,0,4.651873,0.6502808928489685,0.46299999952316284,0.024900000542402267
YJL167W,YMR101C,0,4.648373,0.6493688821792603,0.46299999952316284,0.02500000037252903
YLR367W,YHR142W,0,4.646873,0.6484593749046326,0.46299999952316284,0.025100000202655792
YHR084W,YPL049C,1,4.644778,0.6489510536193848,0.46399998664855957,0.025100000202655792
YBR083W,YHL007C,1,4.636144,0.6494413614273071,0.4650000035762787,0.025100000202655792
YHR194W,YEL051W,0,4.628392,0.6485355496406555,0.4650000035762787,0.025200000032782555
YDR111C,YNL041C,0,4.624199,0.6476323008537292,0.4650000035762787,0.025299999862909317
YML120C,YOR254C,0,4.622367,0.6467315554618835,0.4650000035762787,0.02539999969303608
YKL032C,YNL176C,0,4.614009,0.6458333134651184,0.4650000035762787,0.025499999523162842
YPR071W,YOR079C,0,4.6118536,0.6449375748634338,0.4650000035762787,0.025599999353289604
YPR174C,YNL066W,0,4.5870066,0.6440443396568298,0.4650000035762787,0.025699999183416367
YDR477W,YAL056W,1,4.581379,0.6445366740226746,0.4659999907016754,0.025699999183416367
YGL067W,YER038C,0,4.57348,0.6436464190483093,0.4659999907016754,0.025800000876188278
YOR119C,YBR268W,0,4.562376,0.6427586078643799,0.4659999907016754,0.02590000070631504
YMR262W,YOR059C,0,4.555394,0.641873300075531,0.4659999907016754,0.026000000536441803
YGL098W,YNL199C,0,4.5443115,0.6409903764724731,0.4659999907016754,0.026100000366568565
YJR108W,YPR169W,0,4.5415044,0.6401098966598511,0.4659999907016754,0.026200000196695328
YOR045W,YGL231C,0,4.515695,0.63923180103302,0.4659999907016754,0.02630000002682209
YAL056W,YDL035C,1,4.50714,0.6397260427474976,0.46700000762939453,0.02630000002682209
YHR204W,YBR162W-A,0,4.4965296,0.6388508677482605,0.46700000762939453,0.026399999856948853
YBL016W,YNL298W,1,4.4928265,0.6393442749977112,0.46799999475479126,0.026399999856948853
YER113C,YNL119W,1,4.486557,0.639836311340332,0.4690000116825104,0.026399999856948853
YNL176C,YLR067C,0,4.478893,0.6389645934104919,0.4690000116825104,0.026499999687075615
YFL061W,YCL012W,0,4.474057,0.6380952596664429,0.4690000116825104,0.026599999517202377
YAL007C,YGR003W,0,4.4636087,0.63722825050354,0.4690000116825104,0.02669999934732914
YNL103W,YHR103W,0,4.4631777,0.6363636255264282,0.4690000116825104,0.026799999177455902
YOR189W,YIL018W,0,4.4555745,0.6355013847351074,0.4690000116825104,0.026900000870227814
YPL203W,YGR017W,0,4.45303,0.6346414089202881,0.4690000116825104,0.027000000700354576
YDL220C,YPL253C,0,4.444765,0.633783757686615,0.4690000116825104,0.02710000053048134
YDL240W,YNL132W,0,4.425948,0.6329284906387329,0.4690000116825104,0.0272000003606081
YIR019C,YDL159W,1,4.4216924,0.6334232091903687,0.4699999988079071,0.0272000003606081
YOL122C,YBR112C,0,4.417381,0.6325706839561462,0.4699999988079071,0.027300000190734863
YPR110C,YBR065C,0,4.413696,0.6317204236984253,0.4699999988079071,0.027400000020861626
YER113C,YDR477W,1,4.405785,0.6322147846221924,0.47099998593330383,0.027400000020861626
YNL145W,YKL110C,0,4.4044914,0.6313672661781311,0.47099998593330383,0.027499999850988388
YMR316W,YOR371C,1,4.3984084,0.6318607926368713,0.47200000286102295,0.027499999850988388
YLL067C,YBL025W,0,4.3957186,0.6310160160064697,0.47200000286102295,0.02759999968111515
YDR043C,YPL049C,1,4.393884,0.6315087080001831,0.4729999899864197,0.02759999968111515
YML041C,YPL013C,0,4.3898287,0.6306666731834412,0.4729999899864197,0.027699999511241913
YHR084W,YER109C,1,4.379263,0.6311584711074829,0.4740000069141388,0.027699999511241913
YJL089W,YHR073W,1,4.3768287,0.6316489577293396,0.4749999940395355,0.027699999511241913
YER113C,YNL294C,1,4.3746214,0.6321381330490112,0.47600001096725464,0.027699999511241913
YPR008W,YNL094W,0,4.349789,0.6312997341156006,0.47600001096725464,0.027799999341368675
YOR192C,YOR065W,0,4.3462253,0.6304636001586914,0.47600001096725464,0.027899999171495438
YOR189W,YDR028C,0,4.333366,0.6296296119689941,0.47600001096725464,0.02800000086426735
YPL105C,YCL051W,0,4.3296633,0.6287978887557983,0.47600001096725464,0.02810000069439411
YGL144C,YGL116W,0,4.3265066,0.6279683113098145,0.47600001096725464,0.028200000524520874
YEL019C,YDR110W,0,4.323619,0.627140998840332,0.47600001096725464,0.028300000354647636
YMR243C,YOL069W,0,4.321559,0.6263157725334167,0.47600001096725464,0.0284000001847744
YPL049C,YBR083W,1,4.3199515,0.6268068552017212,0.47699999809265137,0.0284000001847744
YGL167C,YPL221W,0,4.319012,0.625984251499176,0.47699999809265137,0.02850000001490116
YJL059W,YGR142W,0,4.31781,0.6251638531684875,0.47699999809265137,0.028599999845027924
YIR019C,YNL197C,1,4.3161616,0.6256544589996338,0.4779999852180481,0.028599999845027924
YHR111W,YOR065W,0,4.3161545,0.6248366236686707,0.4779999852180481,0.028699999675154686
YPL115C,YDL159W,1,4.308093,0.62532639503479,0.4790000021457672,0.028699999675154686
YOR189W,YIL030C,0,4.2934494,0.6245110630989075,0.4790000021457672,0.02879999950528145
YMR001C,YDR303C,0,4.287294,0.6236979365348816,0.4790000021457672,0.02889999933540821
YHR154W,YMR153W,0,4.2862062,0.6228868365287781,0.4790000021457672,0.028999999165534973
YPL169C,YGL196W,0,4.273449,0.6220779418945312,0.4790000021457672,0.029100000858306885
YBR218C,YCR021C,0,4.262353,0.6212710738182068,0.4790000021457672,0.029200000688433647
YCR045C,YLR248W,0,4.2600875,0.6204662919044495,0.4790000021457672,0.02930000051856041
YDR019C,YHR138C,0,4.2510443,0.619663655757904,0.4790000021457672,0.029400000348687172
YKL029C,YBL025W,0,4.2489357,0.618863046169281,0.4790000021457672,0.029500000178813934
YFR014C,YLR432W,0,4.2374554,0.6180645227432251,0.4790000021457672,0.029600000008940697
YER060W,YDL223C,0,4.2373824,0.6172680258750916,0.4790000021457672,0.02969999983906746
YJL174W,YMR050C,0,4.2348423,0.6164736151695251,0.4790000021457672,0.02979999966919422
YPL235W,YNL029C,0,4.234091,0.6156812310218811,0.4790000021457672,0.029899999499320984
YKL081W,YHR157W,0,4.213764,0.6148908734321594,0.4790000021457672,0.029999999329447746
YMR192W,YKL063C,0,4.2136364,0.6141025424003601,0.4790000021457672,0.03009999915957451
YDR243C,YFR053C,0,4.2122436,0.6133162379264832,0.4790000021457672,0.03020000085234642
YEL018W,YOR343C-A,0,4.2005553,0.6125319600105286,0.4790000021457672,0.030300000682473183
YKL026C,YAL007C,0,4.195044,0.6117497086524963,0.4790000021457672,0.030400000512599945
YDL100C,YGR094W,0,4.194102,0.6109693646430969,0.4790000021457672,0.030500000342726707
YDR091C,YKR077W,0,4.1931925,0.6101911067962646,0.4790000021457672,0.03060000017285347
YBL016W,YAL056W,1,4.18965,0.6106870174407959,0.47999998927116394,0.03060000017285347
YOR065W,YOR249C,0,4.1887937,0.6099110841751099,0.47999998927116394,0.030700000002980232
YLR362W,YLR083C,1,4.1859007,0.6104061007499695,0.48100000619888306,0.030700000002980232
YBL013W,YNL181W,0,4.1708565,0.6096324324607849,0.48100000619888306,0.030799999833106995
YDL159W,YDR477W,1,4.1699286,0.6101265549659729,0.4819999933242798,0.030799999833106995
YMR318C,YER032W,0,4.1690307,0.6093552708625793,0.4819999933242798,0.030899999663233757
YLR382C,YDR399W,0,4.1677275,0.6085858345031738,0.4819999933242798,0.03099999949336052
YIL119C,YPR131C,0,4.147822,0.6078184247016907,0.4819999933242798,0.031099999323487282
YLR083C,YDR107C,1,4.1441946,0.6083123683929443,0.4830000102519989,0.031099999323487282
YNL328C,YPL141C,0,4.1314545,0.6075471639633179,0.4830000102519989,0.031199999153614044
YLL024C,YLR055C,0,4.121212,0.606783926486969,0.4830000102519989,0.031300000846385956
YHL017W,YGL226W,0,4.12033,0.6060225963592529,0.4830000102519989,0.03139999881386757
YBR119W,YNL247W,0,4.1200266,0.6052631735801697,0.4830000102519989,0.03150000050663948
YDL024C,YHR084W,1,4.116584,0.6057571768760681,0.48399999737739563,0.03150000050663948
YIR019C,YDR107C,1,4.1123238,0.606249988079071,0.48500001430511475,0.03150000050663948
YOR253W,YIL008W,0,4.097649,0.6054931282997131,0.48500001430511475,0.031599998474121094
YGR170W,YMR050C,0,4.0900126,0.604738175868988,0.48500001430511475,0.031700000166893005
YER109C,YBR083W,1,4.0826473,0.6052303910255432,0.4860000014305115,0.031700000166893005
YHR210C,YPR007C,0,4.0807705,0.60447758436203,0.4860000014305115,0.03180000185966492
YOR034C,YMR225C,0,4.0807595,0.6037266850471497,0.4860000014305115,0.03189999982714653
YER044C-A,YDR160W,0,4.0628424,0.6029776930809021,0.4860000014305115,0.03200000151991844
YNL062C,YKL099C,0,4.0585155,0.6022304892539978,0.4860000014305115,0.032099999487400055
YPR055W,YDR268W,0,4.051692,0.6014851331710815,0.4860000014305115,0.03220000118017197
YNL288W,YJL216C,0,4.0452485,0.6007416844367981,0.4860000014305115,0.03229999914765358
YER176W,YER028C,0,4.029829,0.6000000238418579,0.4860000014305115,0.03240000084042549
YAL056W,YER027C,1,4.0177183,0.6004931926727295,0.4869999885559082,0.03240000084042549
YHR009C,YHR157W,0,4.012063,0.5997536778450012,0.4869999885559082,0.032499998807907104
YKL150W,YKL032C,0,3.9973655,0.599016010761261,0.4869999885559082,0.032600000500679016
YFR027W,YLR115W,0,3.9958344,0.5982800722122192,0.4869999885559082,0.03269999846816063
YER038C,YML102W,0,3.9933517,0.5975460410118103,0.4869999885559082,0.03280000016093254
YDR257C,YGL049C,0,3.9776273,0.5968137383460999,0.4869999885559082,0.03290000185370445
YML120C,YBL014C,0,3.9761622,0.5960832238197327,0.4869999885559082,0.032999999821186066
YMR101C,YBR162C,0,3.957161,0.5953544974327087,0.4869999885559082,0.03310000151395798
YJR073C,YGL115W,0,3.9475207,0.5946276187896729,0.4869999885559082,0.03319999948143959
YDR379W,YDR477W,1,3.9363575,0.5951219797134399,0.4880000054836273,0.03319999948143959
YOR080W,YDL159W,1,3.931613,0.5956150889396667,0.48899999260902405,0.03319999948143959
YLR083C,YDL035C,1,3.9273582,0.5961070656776428,0.49000000953674316,0.03319999948143959
YER176W,YIL107C,0,3.9230423,0.5953827500343323,0.49000000953674316,0.0333000011742115
YGR193C,YGL061C,0,3.9181597,0.594660222530365,0.49000000953674316,0.033399999141693115
YAL007C,YJL127C,0,3.9138331,0.5939394235610962,0.49000000953674316,0.03350000083446503
YBR046C,YJL094C,0,3.9117439,0.5932203531265259,0.49000000953674316,0.03359999880194664
YGL208W,YER027C,1,3.9113479,0.5937122106552124,0.4909999966621399,0.03359999880194664
YHR084W,YDR043C,1,3.91011,0.5942028760910034,0.492000013589859,0.03359999880194664
YKR089C,YDR528W,0,3.8973393,0.5934861302375793,0.492000013589859,0.03370000049471855
YDR500C,YDR217C,0,3.8970058,0.5927711129188538,0.492000013589859,0.033799998462200165
YOR156C,YNL247W,0,3.896531,0.5920577645301819,0.492000013589859,0.033900000154972076
YNL183C,YDR002W,0,3.8957698,0.5913461446762085,0.492000013589859,0.03400000184774399
YLR083C,YDR477W,1,3.8926334,0.5918367505073547,0.49300000071525574,0.03400000184774399
YHR084W,YNL294C,1,3.8889797,0.5923261642456055,0.49399998784065247,0.03400000184774399
YKL141W,YGR253C,0,3.8853939,0.5916167497634888,0.49399998784065247,0.0340999998152256
YLR362W,YPL049C,1,3.8846636,0.5921052694320679,0.4950000047683716,0.0340999998152256
YNL246W,YHR080C,0,3.8816986,0.5913978219032288,0.4950000047683716,0.03420000150799751
YDR188W,YNL247W,0,3.8814034,0.5906921029090881,0.4950000047683716,0.034299999475479126
YCR024C,YHR014W,0,3.8775063,0.5899880528450012,0.4950000047683716,0.03440000116825104
YFR031C-A,YAR033W,0,3.875047,0.5892857313156128,0.4950000047683716,0.03449999913573265
YHR084W,YDR379W,1,3.867816,0.5897740721702576,0.4959999918937683,0.03449999913573265
YMR015C,YDL117W,0,3.8639078,0.589073657989502,0.4959999918937683,0.03460000082850456
YKR064W,YBR060C,0,3.8625944,0.5883748531341553,0.4959999918937683,0.034699998795986176
YPR034W,YDR176W,0,3.8598185,0.5876777172088623,0.4959999918937683,0.03480000048875809
YKL149C,YGR003W,0,3.8557994,0.586982250213623,0.4959999918937683,0.0348999984562397
YDR379W,YOR371C,1,3.8556836,0.5874704718589783,0.4970000088214874,0.0348999984562397
YDR150W,YML086C,0,3.8528404,0.586776852607727,0.4970000088214874,0.03500000014901161
YPL171C,YCL012W,0,3.8512275,0.5860849022865295,0.4970000088214874,0.035100001841783524
YCL068C,YMR055C,0,3.8480995,0.585394561290741,0.4970000088214874,0.03519999980926514
YMR316W,YOR127W,1,3.8476648,0.5858823657035828,0.49799999594688416,0.03519999980926514
YLR007W,YDR300C,0,3.8394094,0.5851938724517822,0.49799999594688416,0.03530000150203705
YIL033C,YMR002W,0,3.8383603,0.5845070481300354,0.49799999594688416,0.03539999946951866
YDR350C,YDR430C,0,3.8331594,0.5838218331336975,0.49799999594688416,0.03550000116229057
YOL069W,YOR272W,0,3.8318338,0.5831381678581238,0.49799999594688416,0.035599999129772186
YBR114W,YPR105C,0,3.8256733,0.582456111907959,0.49799999594688416,0.0357000008225441
YPR106W,YDR108W,0,3.822966,0.5817757248878479,0.49799999594688416,0.03579999879002571
YNL167C,YLL066C,0,3.8216844,0.5810968279838562,0.49799999594688416,0.03590000048279762
YFL005W,YGL018C,0,3.8125606,0.5804196000099182,0.49799999594688416,0.035999998450279236
YER100W,YMR275C,0,3.8079019,0.5797438621520996,0.49799999594688416,0.03610000014305115
YLR093C,YER129W,0,3.8029966,0.5790697932243347,0.49799999594688416,0.03620000183582306
YMR232W,YLR059C,0,3.8021436,0.5783972144126892,0.49799999594688416,0.03629999980330467
YPR106W,YML081W,0,3.8021097,0.5777262449264526,0.49799999594688416,0.036400001496076584
YLR382C,YLR058C,0,3.7996852,0.5770567655563354,0.49799999594688416,0.0364999994635582
YDR103W,YOR080W,1,3.7962012,0.5775462985038757,0.49900001287460327,0.0364999994635582
YKL029C,YDL123W,0,3.7890382,0.5768786072731018,0.49900001287460327,0.03660000115633011
YER113C,YBL016W,1,3.7812471,0.5773671865463257,0.5,0.03660000115633011
YIL096C,YHR080C,0,3.7734995,0.576701283454895,0.5,0.03669999912381172
YGL028C,YJL059W,0,3.7586021,0.5760368704795837,0.5,0.03680000081658363
YHR084W,YOR127W,1,3.7569685,0.5765247344970703,0.5009999871253967,0.03680000081658363
YDR021W,YDR080W,0,3.7516422,0.5758620500564575,0.5009999871253967,0.03689999878406525
YPR169W,YIL173W,0,3.7506385,0.5752009153366089,0.5009999871253967,0.03700000047683716
YHR011W,YPL049C,1,3.7496006,0.5756880640983582,0.5019999742507935,0.03700000047683716
YIR019C,YHR073W,1,3.747419,0.5761741399765015,0.503000020980835,0.03700000047683716
YDR092W,YGR244C,0,3.7365656,0.5755148530006409,0.503000020980835,0.03709999844431877
YGL208W,YOR212W,1,3.731826,0.5759999752044678,0.5040000081062317,0.03709999844431877
YGL194C,YBR100W,0,3.7304277,0.5753424763679504,0.5040000081062317,0.03720000013709068
YHR033W,YER102W,0,3.7275968,0.5746864080429077,0.5040000081062317,0.037300001829862595
YOR189W,YPR057W,0,3.7244039,0.5740318894386292,0.5040000081062317,0.03739999979734421
YJR150C,YJR131W,0,3.7180228,0.57337886095047,0.5040000081062317,0.03750000149011612
YBR065C,YOR078W,0,3.702352,0.5727272629737854,0.5040000081062317,0.03759999945759773
YOL042W,YLL067C,0,3.701216,0.572077214717865,0.5040000081062317,0.037700001150369644
YNL214W,YPL117C,0,3.6928337,0.5714285969734192,0.5040000081062317,0.03779999911785126
YBL063W,YHR014W,0,3.6907759,0.570781409740448,0.5040000081062317,0.03790000081062317
YOR250C,YLR175W,0,3.6845956,0.570135772228241,0.5040000081062317,0.03799999877810478
YFL011W,YGR224W,0,3.678214,0.5694915056228638,0.5040000081062317,0.038100000470876694
YMR234W,YKL079W,0,3.6757107,0.568848729133606,0.5040000081062317,0.03819999843835831
YDR145W,YLL024C,0,3.671974,0.5682074427604675,0.5040000081062317,0.03830000013113022
YFR024C,YML102W,0,3.670122,0.5675675868988037,0.5040000081062317,0.03840000182390213
YLR194C,YBR091C,0,3.6696725,0.5669291615486145,0.5040000081062317,0.03849999979138374
YLR190W,YOR330C,0,3.6684527,0.5662921071052551,0.5040000081062317,0.038600001484155655
YHR005C,YLR435W,0,3.6614878,0.5656565427780151,0.5040000081062317,0.03869999945163727
YKL149C,YBR208C,0,3.6538498,0.5650224089622498,0.5040000081062317,0.03880000114440918
YNL076W,YDR397C,0,3.6475387,0.564389705657959,0.5040000081062317,0.03889999911189079
YNL137C,YNL045W,0,3.6455681,0.563758373260498,0.5040000081062317,0.039000000804662704
YHR214C-C,YIL005W,0,3.6450608,0.5631284713745117,0.5040000081062317,0.03909999877214432
YBL016W,YOR080W,1,3.6425948,0.5636160969734192,0.5049999952316284,0.03909999877214432
YMR316W,YGL208W,1,3.6381664,0.5641025900840759,0.5059999823570251,0.03909999877214432
YHR113W,YFR030W,0,3.6326323,0.5634744167327881,0.5059999823570251,0.03920000046491623
YNL167C,YGL006W,0,3.6315546,0.5628476142883301,0.5059999823570251,0.03929999843239784
YGL093W,YDR244W,0,3.6275952,0.5622222423553467,0.5059999823570251,0.039400000125169754
YER176W,YDR080W,0,3.6246681,0.5615982413291931,0.5059999823570251,0.039500001817941666
YBL038W,YBR028C,0,3.6175263,0.5609756112098694,0.5059999823570251,0.03959999978542328
YLR347C,YDL247W,0,3.6140394,0.5603543519973755,0.5059999823570251,0.03970000147819519
YDR188W,YHR001W-A,0,3.6125455,0.5597345232963562,0.5059999823570251,0.039799999445676804
YML021C,YFL061W,0,3.6122365,0.559116005897522,0.5059999823570251,0.039900001138448715
YML021C,YNL247W,0,3.6118221,0.5584989190101624,0.5059999823570251,0.03999999910593033
YOL012C,YHR138C,0,3.6042957,0.5578831434249878,0.5059999823570251,0.04010000079870224
YGR044C,YNL065W,0,3.603111,0.5572687387466431,0.5059999823570251,0.04019999876618385
YNL054W,YCR016W,0,3.598926,0.5566556453704834,0.5059999823570251,0.040300000458955765
YIL154C,YMR313C,0,3.597539,0.5560439825057983,0.5059999823570251,0.04039999842643738
YIL156W,YML082W,0,3.589378,0.5554335713386536,0.5059999823570251,0.04050000011920929
YCL051W,YKR027W,0,3.587748,0.5548245906829834,0.5059999823570251,0.0406000018119812
YDR287W,YDR515W,0,3.5868406,0.5542168617248535,0.5059999823570251,0.040699999779462814
YDR379W,YLR229C,1,3.5864985,0.5547046065330505,0.5070000290870667,0.040699999779462814
YPL138C,YOL154W,0,3.57951,0.55409836769104,0.5070000290870667,0.040800001472234726
YDR002W,YGL194C,0,3.5763776,0.5534934401512146,0.5070000290870667,0.04089999943971634
YKL149C,YGL049C,0,3.5716074,0.552889883518219,0.5070000290870667,0.04100000113248825
YFR031C-A,YKR049C,0,3.5676742,0.5522875785827637,0.5070000290870667,0.041099999099969864
YJL181W,YAL007C,0,3.558938,0.5516866445541382,0.5070000290870667,0.041200000792741776
YBL031W,YBR272C,0,3.55517,0.551086962223053,0.5070000290870667,0.04129999876022339
YER032W,YLR435W,0,3.5492554,0.5504885911941528,0.5070000290870667,0.0414000004529953
YKR085C,YGR260W,0,3.5410388,0.5498915314674377,0.5070000290870667,0.04149999842047691
YBR208C,YPL063W,0,3.5393229,0.5492957830429077,0.5070000290870667,0.041600000113248825
YDR379W,YER109C,1,3.5297053,0.5497835278511047,0.5080000162124634,0.041600000113248825
YOR156C,YPL130W,0,3.5263033,0.5491892099380493,0.5080000162124634,0.04170000180602074
YMR274C,YER028C,0,3.5201664,0.5485960841178894,0.5080000162124634,0.04179999977350235
YML098W,YHR001W-A,0,3.5191574,0.5480043292045593,0.5080000162124634,0.04190000146627426
YJR035W,YJL089W,0,3.518818,0.5474137663841248,0.5080000162124634,0.041999999433755875
YMR101C,YNR053C,0,3.500246,0.5468245148658752,0.5080000162124634,0.042100001126527786
YML011C,YDR091C,0,3.4859672,0.5462365746498108,0.5080000162124634,0.0421999990940094
YOL020W,YIL144W,0,3.4818406,0.5456498265266418,0.5080000162124634,0.04230000078678131
YFL049W,YOR254C,0,3.4774053,0.545064389705658,0.5080000162124634,0.042399998754262924
YKL138C-A,YPL183C,0,3.4751368,0.5444801449775696,0.5080000162124634,0.042500000447034836
YNR048W,YIR019C,0,3.4746513,0.5438972115516663,0.5080000162124634,0.04259999841451645
YNL025C,YLR248W,0,3.455604,0.5433155298233032,0.5080000162124634,0.04270000010728836
YGL046W,YPL115C,1,3.4530425,0.5438033938407898,0.5090000033378601,0.04270000010728836
YDR490C,YDL135C,0,3.4490309,0.5432230234146118,0.5090000033378601,0.04280000180006027
YDR500C,YPR174C,0,3.443201,0.5426439046859741,0.5090000033378601,0.042899999767541885
YLR044C,YGL053W,0,3.4412174,0.5420660376548767,0.5090000033378601,0.0430000014603138
YOR080W,YOL116W,1,3.4377644,0.542553186416626,0.5099999904632568,0.0430000014603138
YLR258W,YHR157W,0,3.4366179,0.5419766306877136,0.5099999904632568,0.04309999942779541
YNL250W,YHL035C,0,3.4318051,0.5414012670516968,0.5099999904632568,0.04320000112056732
YOL122C,YPL179W,0,3.4302049,0.5408271551132202,0.5099999904632568,0.043299999088048935
YBR109C,YKL081W,0,3.427518,0.5402542352676392,0.5099999904632568,0.04340000078082085
YLR061W,YMR183C,0,3.4154925,0.5396825671195984,0.5099999904632568,0.04349999874830246
YGR078C,YIL123W,0,3.4114633,0.5391120314598083,0.5099999904632568,0.04360000044107437
YAL041W,YPL115C,1,3.3901904,0.5395987033843994,0.5109999775886536,0.04360000044107437
YDR043C,YBR083W,1,3.3874948,0.5400843620300293,0.5120000243186951,0.04360000044107437
YDR091C,YPL254W,0,3.3853843,0.5395152568817139,0.5120000243186951,0.043699998408555984
YOR034C,YNL081C,0,3.381316,0.538947343826294,0.5120000243186951,0.043800000101327896
YBR162W-A,YJL168C,0,3.3788373,0.5383806228637695,0.5120000243186951,0.04390000179409981
YNL176C,YLR068W,0,3.3764699,0.5378151535987854,0.5120000243186951,0.04399999976158142
YIL052C,YKR064W,0,3.3726974,0.5372507572174072,0.5120000243186951,0.04410000145435333
YMR316W,YNL294C,1,3.3681235,0.5377358198165894,0.5130000114440918,0.04410000145435333
YEL005C,YJL026W,0,3.3623686,0.537172794342041,0.5130000114440918,0.044199999421834946
YGL070C,YGR003W,0,3.3611364,0.5366109013557434,0.5130000114440918,0.04430000111460686
YLR167W,YNR071C,0,3.3603044,0.5360501408576965,0.5130000114440918,0.04439999908208847
YGL208W,YNL119W,1,3.356997,0.5365344285964966,0.5139999985694885,0.04439999908208847
YMR242C,YJL168C,0,3.3532012,0.5359749794006348,0.5139999985694885,0.04450000077486038
YGR283C,YOR341W,0,3.3508403,0.5354166626930237,0.5139999985694885,0.044599998742341995
YJL089W,YDR103W,1,3.345223,0.5359001159667969,0.5149999856948853,0.044599998742341995
YMR059W,YFL049W,0,3.3432207,0.5353430509567261,0.5149999856948853,0.04470000043511391
YDR043C,YIL008W,1,3.342658,0.5358255505561829,0.515999972820282,0.04470000043511391
YDR379W,YBL016W,1,3.3369055,0.5363070368766785,0.5170000195503235,0.04470000043511391
YAL007C,YDR135C,0,3.3320677,0.5357512831687927,0.5170000195503235,0.04479999840259552
YGL121C,YIL008W,1,3.327353,0.5362318754196167,0.5180000066757202,0.04479999840259552
YBR069C,YJL058C,0,3.3267303,0.5356773734092712,0.5180000066757202,0.04490000009536743
YOL055C,YML127W,0,3.3093011,0.5351239442825317,0.5180000066757202,0.04500000178813934
YBL016W,YDR477W,1,3.3079767,0.5356037020683289,0.5189999938011169,0.04500000178813934
YCL017C,YER038C,0,3.3053443,0.5350515246391296,0.5189999938011169,0.045099999755620956
YPR134W,YDR002W,0,3.301258,0.5345005393028259,0.5189999938011169,0.04520000144839287
YGL238W,YHL035C,0,3.2939987,0.5339506268501282,0.5189999938011169,0.04529999941587448
YDL124W,YHR170W,0,3.2937117,0.5334018468856812,0.5189999938011169,0.04540000110864639
YBR069C,YFR040W,0,3.2911386,0.5328541994094849,0.5189999938011169,0.045499999076128006
YPL018W,YNL029C,0,3.2894754,0.5323076844215393,0.5189999938011169,0.04560000076889992
YMR076C,YML101C,0,3.284919,0.5317623019218445,0.5189999938011169,0.04569999873638153
YDR361C,YKR100C,0,3.280436,0.5312179923057556,0.5189999938011169,0.04580000042915344
YPL013C,YML102W,0,3.2800088,0.5306748747825623,0.5189999938011169,0.045899998396635056
YMR110C,YER038C,0,3.276676,0.5301327705383301,0.5189999938011169,0.04600000008940697
YOL012C,YJL212C,0,3.2763696,0.5295918583869934,0.5189999938011169,0.04610000178217888
YDR235W,YHL003C,0,3.2724082,0.5290519595146179,0.5189999938011169,0.04619999974966049
YGR040W,YHL007C,1,3.2711616,0.5295315384864807,0.5199999809265137,0.04619999974966049
YOL154W,YPL117C,0,3.2711391,0.5289928913116455,0.5199999809265137,0.046300001442432404
YOR371C,YAL056W,1,3.2708182,0.5294715166091919,0.5210000276565552,0.046300001442432404
YAL056W,YOR132W,0,3.2686408,0.5289340019226074,0.5210000276565552,0.04639999940991402
YDR023W,YPR131C,0,3.2591562,0.5283975601196289,0.5210000276565552,0.04650000110268593
YBR095C,YPL049C,1,3.2568812,0.5288753509521484,0.5220000147819519,0.04650000110268593
YDL024C,YGL208W,1,3.2484763,0.5293522477149963,0.5230000019073486,0.04650000110268593
YCR024C,YBR112C,0,3.2459803,0.5288169980049133,0.5230000019073486,0.04659999907016754
YHL028W,YDR040C,0,3.2438092,0.5282828211784363,0.5230000019073486,0.04670000076293945
YDR148C,YKR072C,0,3.243646,0.52774977684021,0.5230000019073486,0.046799998730421066
YDR261C,YDR165W,0,3.2376094,0.5272177457809448,0.5230000019073486,0.04690000042319298
YMR316W,YHR084W,1,3.2347162,0.5276938676834106,0.5239999890327454,0.04690000042319298
YLR061W,YNL176C,0,3.2320924,0.5271629691123962,0.5239999890327454,0.04699999839067459
YKL077W,YHL021C,0,3.2307603,0.5266331434249878,0.5239999890327454,0.0471000000834465
YML004C,YGR094W,0,3.2288806,0.5261043906211853,0.5239999890327454,0.047200001776218414
YNL250W,YHR005C,0,3.222205,0.5255767107009888,0.5239999890327454,0.04729999974370003
YHR149C,YDR437W,0,3.22132,0.5250501036643982,0.5239999890327454,0.04740000143647194
YNL317W,YNL180C,0,3.2179148,0.5245245099067688,0.5239999890327454,0.04749999940395355
YDR427W,YPL262W,0,3.213749,0.5239999890327454,0.5239999890327454,0.047600001096725464
YHR197W,YPL193W,0,3.213744,0.5234765410423279,0.5239999890327454,0.04769999906420708
YOR119C,YKL197C,0,3.2106063,0.5229541063308716,0.5239999890327454,0.04780000075697899
YAL056W,YOR019W,0,3.2028775,0.5224326848983765,0.5239999890327454,0.0478999987244606
YJL059W,YMR035W,0,3.2003896,0.5219123363494873,0.5239999890327454,0.04800000041723251
YJL127C,YGL053W,0,3.199904,0.5213930606842041,0.5239999890327454,0.04809999838471413
YIR019C,YDR477W,1,3.1971703,0.5218687653541565,0.5249999761581421,0.04809999838471413
YDR217C,YLR154W-C,0,3.19673,0.5213505625724792,0.5249999761581421,0.04820000007748604
YDR517W,YGL053W,0,3.1954165,0.5208333134651184,0.5249999761581421,0.04830000177025795
YML120C,YJL003W,0,3.195331,0.5203171372413635,0.5249999761581421,0.04839999973773956
YLR001C,YOL051W,0,3.1940486,0.5198019742965698,0.5249999761581421,0.048500001430511475
YDR075W,YOR343C-A,0,3.1940465,0.5192878246307373,0.5249999761581421,0.04859999939799309
YCR024C,YLL067C,0,3.1901238,0.518774688243866,0.5249999761581421,0.048700001090765
YFR050C,YNL081C,0,3.1858568,0.5182625651359558,0.5249999761581421,0.04879999905824661
YGR055W,YPL239W,0,3.1831322,0.5177514553070068,0.5249999761581421,0.048900000751018524
YGL025C,YHR169W,0,3.1778066,0.517241358757019,0.5249999761581421,0.04899999871850014
YBR066C,YER109C,1,3.164039,0.5177165269851685,0.5260000228881836,0.04899999871850014
YDR043C,YOR080W,1,3.1615295,0.5181907415390015,0.5270000100135803,0.04899999871850014
YBR066C,YOR080W,1,3.1554308,0.5186640620231628,0.527999997138977,0.04899999871850014
YER062C,YDL087C,0,3.1544528,0.518155038356781,0.527999997138977,0.04910000041127205
YDR043C,YGL045W,1,3.1540074,0.5186274647712708,0.5289999842643738,0.04910000041127205
YLL031C,YPL126W,0,3.1530294,0.5181195139884949,0.5289999842643738,0.04919999837875366
YHR113W,YNR030W,0,3.1497426,0.5176125168800354,0.5289999842643738,0.049300000071525574
YHL006C,YPR086W,0,3.146935,0.5171065330505371,0.5289999842643738,0.049400001764297485
YNL076W,YOR249C,0,3.1467838,0.5166015625,0.5289999842643738,0.0494999997317791
YPL001W,YKR085C,0,3.145691,0.5160975456237793,0.5289999842643738,0.04960000142455101
YJL167W,YNL180C,0,3.1423297,0.5155945420265198,0.5289999842643738,0.04969999939203262
YKR064W,YCL054W,0,3.140002,0.5150924921035767,0.5289999842643738,0.049800001084804535
YJL059W,YNL068C,0,3.1362476,0.5145914554595947,0.5289999842643738,0.04989999905228615
YIR019C,YDR379W,1,3.1356068,0.5150631666183472,0.5299999713897705,0.04989999905228615
YML023C,YPR097W,0,3.13373,0.5145630836486816,0.5299999713897705,0.05000000074505806
YGR083C,YDR395W,0,3.1311607,0.5140640139579773,0.5299999713897705,0.05009999871253967
YML041C,YDR135C,0,3.1275067,0.5135658979415894,0.5299999713897705,0.050200000405311584
YHR149C,YPL239W,0,3.1266837,0.5130687355995178,0.5299999713897705,0.0502999983727932
YGL208W,YOR080W,1,3.1260083,0.5135396718978882,0.531000018119812,0.0502999983727932
YBR095C,YAL056W,1,3.124327,0.5140096545219421,0.5320000052452087,0.0502999983727932
YBR131W,YEL044W,0,3.121314,0.5135135054588318,0.5320000052452087,0.05040000006556511
YLR093C,YJL196C,0,3.1176984,0.5130183100700378,0.5320000052452087,0.05050000175833702
YMR232W,YAR042W,0,3.1147084,0.5125240683555603,0.5320000052452087,0.050599999725818634
YAR033W,YBL038W,0,3.1118505,0.5120307803153992,0.5320000052452087,0.050700001418590546
YDR210C-D,YDR235W,0,3.107179,0.5115384459495544,0.5320000052452087,0.05079999938607216
YBR069C,YLR413W,0,3.103553,0.5110470652580261,0.5320000052452087,0.05090000107884407
YIR019C,YDR103W,1,3.1016526,0.5115163326263428,0.5329999923706055,0.05090000107884407
YDR300C,YPL248C,0,3.1014147,0.5110259056091309,0.5329999923706055,0.050999999046325684
YBR046C,YER178W,0,3.1004775,0.5105363726615906,0.5329999923706055,0.051100000739097595
YOR049C,YGL142C,0,3.0956798,0.5100478529930115,0.5329999923706055,0.05119999870657921
YGL208W,YNL298W,1,3.0936153,0.5105162262916565,0.5339999794960022,0.05119999870657921
YNL133C,YLR196W,0,3.0894902,0.5100286602973938,0.5339999794960022,0.05130000039935112
YPL043W,YOR319W,0,3.0894463,0.5095419883728027,0.5339999794960022,0.05139999836683273
YHR011W,YLR083C,1,3.0840023,0.5100095272064209,0.5350000262260437,0.05139999836683273
YOR262W,YNL167C,0,3.0771115,0.5095238089561462,0.5350000262260437,0.051500000059604645
YGL006W,YHR096C,0,3.0744915,0.5090389847755432,0.5350000262260437,0.051600001752376556
YDL113C,YML086C,0,3.0702133,0.5085551142692566,0.5350000262260437,0.05169999971985817
YMR316W,YLR229C,1,3.0687652,0.5090218186378479,0.5360000133514404,0.05169999971985817
YEL001C,YFR034C,0,3.0643141,0.5085389018058777,0.5360000133514404,0.05180000141263008
YDL135C,YJL094C,0,3.0641854,0.5080568790435791,0.5360000133514404,0.051899999380111694
YJL181W,YGR030C,0,3.0604062,0.5075757503509521,0.5360000133514404,0.052000001072883606
YOR371C,YOR080W,1,3.0551026,0.5080416202545166,0.5370000004768372,0.052000001072883606
YGL167C,YML086C,0,3.0549822,0.507561445236206,0.5370000004768372,0.05209999904036522
YLR377C,YLR367W,0,3.053953,0.5070821642875671,0.5370000004768372,0.05220000073313713
YOR068C,YIL087C,0,3.0497565,0.5066037774085999,0.5370000004768372,0.052299998700618744
YFR038W,YPL117C,0,3.0494761,0.5061262845993042,0.5370000004768372,0.052400000393390656
YER109C,YHL007C,1,3.0485282,0.5065913200378418,0.5379999876022339,0.052400000393390656
YDR300C,YLR200W,0,3.0449977,0.5061147809028625,0.5379999876022339,0.05249999836087227
YPL004C,YPR095C,0,3.0443025,0.5056390762329102,0.5379999876022339,0.05260000005364418
YER149C,YOR109W,0,3.0418415,0.5051643252372742,0.5379999876022339,0.05270000174641609
YNL298W,YPL049C,1,3.0392756,0.5056285262107849,0.5389999747276306,0.05270000174641609
YOR241W,YPR131C,0,3.0388384,0.5051546096801758,0.5389999747276306,0.052799999713897705
YEL001C,YMR015C,0,3.036621,0.5046816468238831,0.5389999747276306,0.05290000140666962
YGR055W,YLR263W,0,3.0347724,0.5042095184326172,0.5389999747276306,0.05299999937415123
YJL089W,YDL035C,1,3.0324993,0.5046728849411011,0.5400000214576721,0.05299999937415123
YNR048W,YBR091C,0,3.0324426,0.5042017102241516,0.5400000214576721,0.05310000106692314
YLR044C,YPL239W,0,3.0280206,0.503731369972229,0.5400000214576721,0.053199999034404755
YBR069C,YDR365C,0,3.0272279,0.5032618641853333,0.5400000214576721,0.053300000727176666
YDL012C,YGL064C,0,3.0265756,0.5027933120727539,0.5400000214576721,0.05339999869465828
YLR442C,YPL001W,0,3.0252934,0.5023255944252014,0.5400000214576721,0.05350000038743019
YDR256C,YHR197W,0,3.0223703,0.5018587112426758,0.5400000214576721,0.053599998354911804
YIL008W,YOR212W,1,3.0206769,0.5023212432861328,0.5410000085830688,0.053599998354911804
YER072W,YIL087C,0,3.016072,0.5018553137779236,0.5410000085830688,0.053700000047683716
YER113C,YIL008W,1,3.015118,0.502316951751709,0.5419999957084656,0.053700000047683716
YKL006C-A,YKL138C-A,0,3.0095282,0.5018518567085266,0.5419999957084656,0.05380000174045563
YNR048W,YKR034W,0,3.0033932,0.5013875961303711,0.5419999957084656,0.05389999970793724
YPR008W,YBL035C,0,2.9983706,0.5009242296218872,0.5419999957084656,0.05400000140070915
YER109C,YDR107C,1,2.993602,0.5013850331306458,0.5429999828338623,0.05400000140070915
YDR103W,YOL116W,1,2.992552,0.5018450021743774,0.5440000295639038,0.05400000140070915
YCR018C,YLL067C,0,2.9882717,0.5013824701309204,0.5440000295639038,0.054099999368190765
YGL139W,YLL014W,0,2.9851658,0.500920832157135,0.5440000295639038,0.05420000106096268
YMR316W,YOR080W,1,2.9824839,0.5013799667358398,0.5450000166893005,0.05420000106096268
YDR212W,YBR005W,0,2.9788806,0.5009191036224365,0.5450000166893005,0.05429999902844429
YHR084W,YMR116C,1,2.977226,0.5013774037361145,0.5460000038146973,0.05429999902844429
YNL062C,YOR132W,0,2.9752316,0.5009174346923828,0.5460000038146973,0.0544000007212162
YOR129C,YKL150W,0,2.9710538,0.500458300113678,0.5460000038146973,0.054499998688697815
YCR045C,YEL051W,0,2.95451,0.5,0.5460000038146973,0.05460000038146973
YOR247W,YBR094W,0,2.9474573,0.4995425343513489,0.5460000038146973,0.05469999834895134
YNL137C,YBL008W,0,2.9394386,0.499085932970047,0.5460000038146973,0.05480000004172325
YDL154W,YIL148W,0,2.939131,0.4986301362514496,0.5460000038146973,0.05490000173449516
YKL063C,YPR141C,0,2.9353333,0.49817517399787903,0.5460000038146973,0.054999999701976776
YJL089W,YHR111W,1,2.9349117,0.49863263964653015,0.546999990940094,0.054999999701976776
YOL061W,YEL051W,0,2.9338892,0.49817851185798645,0.546999990940094,0.05510000139474869
YER113C,YBR083W,1,2.923783,0.49863511323928833,0.5479999780654907,0.05510000139474869
YPL169C,YJR109C,0,2.9228673,0.4981818199157715,0.5479999780654907,0.0551999993622303
YOR080W,YLR229C,1,2.916348,0.4986376166343689,0.5490000247955322,0.0551999993622303
YLR083C,YDL159W,1,2.9150703,0.49909254908561707,0.550000011920929,0.0551999993622303
YMR015C,YEL051W,0,2.9089985,0.4986400604248047,0.550000011920929,0.05530000105500221
YPL203W,YKR095W,0,2.9064677,0.49818840622901917,0.550000011920929,0.055399999022483826
YBL087C,YGR266W,0,2.9063926,0.4977375566959381,0.550000011920929,0.05550000071525574
YJR118C,YLR189C,0,2.9063642,0.4972875118255615,0.550000011920929,0.05559999868273735
YLR055C,YPL135W,0,2.9050446,0.4968383014202118,0.550000011920929,0.05570000037550926
YOL122C,YOR383C,0,2.9044325,0.49638989567756653,0.550000011920929,0.055799998342990875
YJL013C,YLR220W,0,2.9029403,0.49594229459762573,0.550000011920929,0.05590000003576279
YPR008W,YCL054W,0,2.902321,0.4954954981803894,0.550000011920929,0.0560000017285347
YMR063W,YPL210C,0,2.9002109,0.49504950642585754,0.550000011920929,0.05609999969601631
YLR347C,YLL006W,0,2.896102,0.49460431933403015,0.550000011920929,0.05620000138878822
YBR091C,YLR092W,0,2.8955662,0.4941599369049072,0.550000011920929,0.056299999356269836
YOR253W,YOR086C,0,2.8945727,0.4937163293361664,0.550000011920929,0.05640000104904175
YLR083C,YMR116C,1,2.8932586,0.4941703975200653,0.5509999990463257,0.05640000104904175
YKR083C,YBR100W,0,2.8929238,0.49372759461402893,0.5509999990463257,0.05649999901652336
YGR080W,YHR006W,0,2.8921826,0.493285596370697,0.5509999990463257,0.05660000070929527
YDL081C,YDL117W,0,2.8912883,0.4928443729877472,0.5509999990463257,0.056699998676776886
YGL045W,YDR107C,1,2.8864477,0.4932975769042969,0.5519999861717224,0.056699998676776886
YFL026W,YPR097W,0,2.884396,0.4928571283817291,0.5519999861717224,0.0568000003695488
YMR234W,YGR017W,0,2.88164,0.49241748452186584,0.5519999861717224,0.05689999833703041
YGR138C,YMR183C,0,2.8809524,0.49197861552238464,0.5519999861717224,0.05700000002980232
YER176W,YLR361C,0,2.8777642,0.4915405213832855,0.5519999861717224,0.057100001722574234
YOR262W,YPR106W,0,2.876875,0.4911032021045685,0.5519999861717224,0.05719999969005585
YIR019C,YOR371C,1,2.8758943,0.4915555417537689,0.5529999732971191,0.05719999969005585
YDR441C,YPL262W,0,2.875283,0.49111899733543396,0.5529999732971191,0.05730000138282776
YJL174W,YCR016W,0,2.872941,0.4906832277774811,0.5529999732971191,0.05739999935030937
YPR110C,YIL043C,0,2.872445,0.4902482330799103,0.5529999732971191,0.057500001043081284
YMR072W,YHR106W,0,2.868312,0.48981398344039917,0.5529999732971191,0.0575999990105629
YNR048W,YJL013C,0,2.8594232,0.48938053846359253,0.5529999732971191,0.05770000070333481
YHR103W,YOR078W,0,2.8547864,0.4889478385448456,0.5529999732971191,0.05779999867081642
YLL066C,YDR468C,0,2.8531578,0.4885159134864807,0.5529999732971191,0.05790000036358833
YOR080W,YAL056W,1,2.8516288,0.48896732926368713,0.5540000200271606,0.05790000036358833
YBR162W-A,YDR435C,0,2.851107,0.48853614926338196,0.5540000200271606,0.057999998331069946
YDR381W,YGL151W,0,2.8502178,0.4881057143211365,0.5540000200271606,0.05810000002384186
YMR015C,YJL208C,0,2.8492079,0.48767605423927307,0.5540000200271606,0.05820000171661377
YDR381W,YMR153W,0,2.8475986,0.48724713921546936,0.5540000200271606,0.05829999968409538
YGL208W,YER109C,1,2.8466828,0.4876977205276489,0.5550000071525574,0.05829999968409538
YIL022W,YJL168C,0,2.842066,0.4872695207595825,0.5550000071525574,0.058400001376867294
YOR252W,YPL140C,0,2.8339438,0.4868420958518982,0.5550000071525574,0.05849999934434891
YGL027C,YDR399W,0,2.8333855,0.48641541600227356,0.5550000071525574,0.05860000103712082
YLR004C,YKR085C,0,2.8331013,0.4859894812107086,0.5550000071525574,0.05869999900460243
YDR379W,YHR111W,1,2.8202705,0.48643919825553894,0.5559999942779541,0.05869999900460243
YOR027W,YIR031C,0,2.8193936,0.4860139787197113,0.5559999942779541,0.058800000697374344
YHR096C,YIL096C,0,2.8131874,0.48558953404426575,0.5559999942779541,0.05889999866485596
YNL250W,YDR040C,0,2.8102703,0.4851658046245575,0.5559999942779541,0.05900000035762787
YMR059W,YJL094C,0,2.810163,0.48474282026290894,0.5559999942779541,0.05909999832510948
YNL199C,YGR007W,0,2.8100116,0.4843205511569977,0.5559999942779541,0.05920000001788139
YER100W,YNR053C,0,2.809705,0.4838990569114685,0.5559999942779541,0.059300001710653305
YBR038W,YJL168C,0,2.8077173,0.48347824811935425,0.5559999942779541,0.05939999967813492
YDR545W,YGL053W,0,2.79988,0.48305821418762207,0.5559999942779541,0.05950000137090683
YOR078W,YDL031W,0,2.79464,0.4826388955116272,0.5559999942779541,0.05959999933838844
YPL133C,YCL048W,0,2.7917833,0.48222029209136963,0.5559999942779541,0.059700001031160355
YMR048W,YHR148W,0,2.784884,0.48180243372917175,0.5559999942779541,0.05979999899864197
YGL092W,YLR143W,0,2.7774239,0.4813852906227112,0.5559999942779541,0.05990000069141388
YOR252W,YAL026C,0,2.7755136,0.4809688627719879,0.5559999942779541,0.05999999865889549
YPL171C,YEL001C,0,2.7742796,0.48055315017700195,0.5559999942779541,0.060100000351667404
YJL059W,YHR088W,0,2.7733402,0.4801381826400757,0.5559999942779541,0.06019999831914902
YJR153W,YGL226W,0,2.7694626,0.47972390055656433,0.5559999942779541,0.06030000001192093
YBR268W,YBR168W,0,2.7693756,0.4793103337287903,0.5559999942779541,0.06040000170469284
YHR158C,YHR142W,0,2.7644544,0.4788975119590759,0.5559999942779541,0.060499999672174454
YPR199C,YGR040W,0,2.7595322,0.4784853756427765,0.5559999942779541,0.060600001364946365
YHR154W,YPL193W,0,2.7553544,0.47807395458221436,0.5559999942779541,0.06069999933242798
YLR220W,YBR094W,0,2.7536707,0.47766321897506714,0.5559999942779541,0.06080000102519989
YNL298W,YBR083W,1,2.752975,0.47811159491539,0.5569999814033508,0.06080000102519989
YBL005W,YLR337C,0,2.7528048,0.4777015447616577,0.5569999814033508,0.0608999989926815
YLR196W,YNL161W,0,2.7522006,0.4772922098636627,0.5569999814033508,0.061000000685453415
YEL020W-A,YOL121C,0,2.7472486,0.47688356041908264,0.5569999814033508,0.06109999865293503
YHR185C,YDR365W-A,0,2.7467823,0.47647562623023987,0.5569999814033508,0.06120000034570694
YGL208W,YDL159W,1,2.7444592,0.4769230782985687,0.5580000281333923,0.06120000034570694
YPL183C,YMR050C,0,2.7437112,0.4765157997608185,0.5580000281333923,0.06129999831318855
YPR114W,YFR050C,0,2.7432656,0.47610920667648315,0.5580000281333923,0.061400000005960464
YJR049C,YHR142W,0,2.7423136,0.47570332884788513,0.5580000281333923,0.061500001698732376
YDR392W,YGL045W,1,2.741225,0.47614991664886475,0.5590000152587891,0.061500001698732376
YDL091C,YHR113W,0,2.728856,0.47574469447135925,0.5590000152587891,0.06159999966621399
YKR053C,YKR064W,0,2.7267787,0.4753401279449463,0.5590000152587891,0.0617000013589859
YAL002W,YBR005W,0,2.7209008,0.47493627667427063,0.5590000152587891,0.061799999326467514
YDR210C-D,YER123W,0,2.7190788,0.4745331108570099,0.5590000152587891,0.061900001019239426
YHR214C-C,YBR301W,0,2.7176356,0.47413063049316406,0.5590000152587891,0.06199999898672104
YCL044C,YER109C,0,2.7170215,0.47372880578041077,0.5590000152587891,0.06210000067949295
YPR055W,YDR234W,0,2.71676,0.4733276963233948,0.5590000152587891,0.062199998646974564
YLR093C,YOR079C,0,2.7120283,0.4729272425174713,0.5590000152587891,0.062300000339746475
YBR016W,YOR341W,0,2.7101376,0.47252747416496277,0.5590000152587891,0.06239999830722809
YJL013C,YBR028C,0,2.7085726,0.47212839126586914,0.5590000152587891,0.0625
YIL030C,YDL124W,0,2.7073321,0.47172996401786804,0.5590000152587891,0.06260000169277191
YOL055C,YLR059C,0,2.7046247,0.47133222222328186,0.5590000152587891,0.06270000338554382
YJL078C,YOR372C,0,2.7023373,0.4709351360797882,0.5590000152587891,0.06279999762773514
YOL122C,YPL262W,0,2.700802,0.4705387353897095,0.5590000152587891,0.06289999932050705
YNL183C,YPL234C,0,2.7002075,0.47014299035072327,0.5590000152587891,0.06300000101327896
YKL016C,YLR167W,0,2.6975446,0.4697479009628296,0.5590000152587891,0.06310000270605087
YDR379W,YDR107C,1,2.695859,0.47019311785697937,0.5600000023841858,0.06310000270605087
YNL173C,YHL006C,0,2.6920123,0.46979865431785583,0.5600000023841858,0.06319999694824219
YML045W,YBL051C,0,2.690754,0.4694048762321472,0.5600000023841858,0.0632999986410141
YIR019C,YGL208W,1,2.6884384,0.46984925866127014,0.5609999895095825,0.0632999986410141
YGR165W,YNL066W,0,2.6874585,0.4694560766220093,0.5609999895095825,0.06340000033378601
YLR196W,YCR063W,0,2.6872585,0.46906355023384094,0.5609999895095825,0.06350000202655792
YPL115C,YBR083W,1,2.6868486,0.469507098197937,0.5619999766349792,0.06350000202655792
YKL033W,YHL025W,0,2.6843657,0.4691151976585388,0.5619999766349792,0.06360000371932983
YGL208W,YHR084W,1,2.6786056,0.4695579707622528,0.5630000233650208,0.06360000371932983
YPL141C,YLR060W,0,2.6785245,0.46916666626930237,0.5630000233650208,0.06369999796152115
YOR172W,YGL139W,0,2.6775684,0.46877601742744446,0.5630000233650208,0.06379999965429306
YPL049C,YDL159W,1,2.6751723,0.4692179560661316,0.5640000104904175,0.06379999965429306
YOR032C,YGR017W,0,2.6721196,0.4688279330730438,0.5640000104904175,0.06390000134706497
YDR379W,YNL119W,1,2.6706567,0.4692690968513489,0.5649999976158142,0.06390000134706497
YPL043W,YNL029C,0,2.6706452,0.46887966990470886,0.5649999976158142,0.06400000303983688
YDL247W,YFL018W-A,0,2.6703224,0.468490868806839,0.5649999976158142,0.0640999972820282
YIL156W,YMR175W,0,2.6601207,0.46810272336006165,0.5649999976158142,0.06419999897480011
YOL042W,YHL035C,0,2.6574347,0.46771523356437683,0.5649999976158142,0.06430000066757202
YML102W,YLR067C,0,2.6568975,0.46732836961746216,0.5649999976158142,0.06440000236034393
YOL012C,YDR021W,0,2.6563764,0.46694216132164,0.5649999976158142,0.06449999660253525
YGR138C,YDL119C,0,2.6558833,0.466556578874588,0.5649999976158142,0.06459999829530716
YKL016C,YBR188C,0,2.6554039,0.46617162227630615,0.5649999976158142,0.06469999998807907
YPR097W,YNL029C,0,2.6537702,0.46578729152679443,0.5649999976158142,0.06480000168085098
YOR275C,YDR379W,1,2.6500504,0.46622735261917114,0.5659999847412109,0.06480000168085098
YHR205W,YLR259C,0,2.6477242,0.4658436179161072,0.5659999847412109,0.0649000033736229
YJL057C,YOL121C,0,2.6459785,0.46546053886413574,0.5659999847412109,0.06499999761581421
YHR035W,YKL016C,0,2.639266,0.46507805585861206,0.5659999847412109,0.06509999930858612
YOR087W,YMR225C,0,2.6376133,0.4646962285041809,0.5659999847412109,0.06520000100135803
YOR081C,YER040W,0,2.63698,0.4643150269985199,0.5659999847412109,0.06530000269412994
YPR169W,YPR174C,0,2.6288311,0.46393442153930664,0.5659999847412109,0.06539999693632126
YPR100W,YIL008W,0,2.62877,0.4635544717311859,0.5659999847412109,0.06549999862909317
YPL001W,YDL113C,0,2.6282444,0.46317511796951294,0.5659999847412109,0.06560000032186508
YGL126W,YDR004W,0,2.6267285,0.4627963900566101,0.5659999847412109,0.065700002014637
YER100W,YKL196C,0,2.6254296,0.4624182879924774,0.5659999847412109,0.0658000037074089
YPR110C,YBR091C,0,2.623819,0.46204081177711487,0.5659999847412109,0.06589999794960022
YPL115C,YDL035C,1,2.620652,0.4624796211719513,0.5669999718666077,0.06589999794960022
YGL189C,YDR469W,0,2.619311,0.4621026813983917,0.5669999718666077,0.06599999964237213
YFR047C,YCR018C,0,2.6190166,0.4617263972759247,0.5669999718666077,0.06610000133514404
YMR226C,YOR330C,0,2.6162038,0.461350679397583,0.5669999718666077,0.06620000302791595
YEL019C,YHR110W,0,2.6159348,0.46097561717033386,0.5669999718666077,0.06629999727010727
YOR080W,YPL049C,1,2.61406,0.4614134728908539,0.5680000185966492,0.06629999727010727
YDR343C,YLR299W,0,2.6131241,0.4610389471054077,0.5680000185966492,0.06639999896287918
YOR129C,YDL117W,0,2.6115077,0.4606650471687317,0.5680000185966492,0.06650000065565109
YNL199C,YFL018W-A,0,2.6111221,0.4602917432785034,0.5680000185966492,0.066600002348423
YDR308C,YJR108W,0,2.6085193,0.4599190354347229,0.5680000185966492,0.06669999659061432
YCL017C,YPL130W,0,2.602133,0.45954692363739014,0.5680000185966492,0.06679999828338623
YLR426W,YDL223C,0,2.6015449,0.4591754376888275,0.5680000185966492,0.06689999997615814
YLR017W,YDR259C,0,2.599564,0.45880451798439026,0.5680000185966492,0.06700000166893005
YDR379W,YGL045W,1,2.5993562,0.4592413306236267,0.5690000057220459,0.06700000166893005
YLR068W,YPL254W,0,2.5955944,0.4588709771633148,0.5690000057220459,0.06710000336170197
YKR077W,YLR466W,0,2.594675,0.4585012197494507,0.5690000057220459,0.06719999760389328
YLR442C,YDR397C,0,2.5896196,0.4581320583820343,0.5690000057220459,0.06729999929666519
YGL142C,YOL096C,0,2.5885925,0.4577634632587433,0.5690000057220459,0.0674000009894371
YNL103W,YDR381W,0,2.5884483,0.4573954939842224,0.5690000057220459,0.06750000268220901
YGL028C,YGL194C,0,2.5878196,0.4570281207561493,0.5690000057220459,0.06759999692440033
YHR120W,YMR226C,0,2.5875165,0.45666131377220154,0.5690000057220459,0.06769999861717224
YNL247W,YIL018W,0,2.5873122,0.45629510283470154,0.5690000057220459,0.06780000030994415
YGL196W,YGL194C,0,2.5835516,0.4559294879436493,0.5690000057220459,0.06790000200271606
YLR190W,YKR072C,0,2.5804658,0.4555644392967224,0.5690000057220459,0.06800000369548798
YBR065C,YER178W,0,2.5788803,0.4551999866962433,0.5690000057220459,0.06809999793767929
YLR260W,YLR323C,0,2.5783665,0.4548361301422119,0.5690000057220459,0.0681999996304512
YML081W,YJL083W,0,2.5781074,0.4544728398323059,0.5690000057220459,0.06830000132322311
YBR003W,YGR208W,0,2.577212,0.45411014556884766,0.5690000057220459,0.06840000301599503
YKR077W,YMR226C,0,2.5762386,0.45374801754951477,0.5690000057220459,0.06849999725818634
YFR010W,YDR135C,0,2.5714746,0.45338645577430725,0.5690000057220459,0.06859999895095825
YDR210C-D,YOR027W,0,2.5684714,0.4530254900455475,0.5690000057220459,0.06870000064373016
YNL328C,YLR093C,0,2.5642717,0.4526650607585907,0.5690000057220459,0.06880000233650208
YNL031C,YAL068C,0,2.5539236,0.45230525732040405,0.5690000057220459,0.06889999657869339
YKL185W,YDR528W,0,2.5530508,0.4519459903240204,0.5690000057220459,0.0689999982714653
YLR360W,YLR220W,0,2.551761,0.4515872895717621,0.5690000057220459,0.06909999996423721
YOR172W,YDR087C,0,2.5514987,0.45122918486595154,0.5690000057220459,0.06920000165700912
YNL059C,YER005W,0,2.5509744,0.45087164640426636,0.5690000057220459,0.06930000334978104
YLR390W-A,YKR085C,0,2.5485954,0.45051464438438416,0.5690000057220459,0.06939999759197235
YHR202W,YHR157W,0,2.5484867,0.4501582384109497,0.5690000057220459,0.06949999928474426
YKL150W,YER071C,0,2.5471237,0.44980236887931824,0.5690000057220459,0.06960000097751617
YGL121C,YER109C,1,2.543797,0.450236976146698,0.5699999928474426,0.06960000097751617
YOL126C,YMR133W,0,2.5436249,0.4498816132545471,0.5699999928474426,0.06970000267028809
YHL028W,YNL025C,0,2.5423396,0.4495268166065216,0.5699999928474426,0.0697999969124794
YDR490C,YIL154C,0,2.540852,0.44917258620262146,0.5699999928474426,0.06989999860525131
YPL239W,YIL005W,0,2.540312,0.4488188922405243,0.5699999928474426,0.07000000029802322
YDR129C,YGR266W,0,2.532664,0.4484657645225525,0.5699999928474426,0.07010000199079514
YJR102C,YJR052W,0,2.5311446,0.44811320304870605,0.5699999928474426,0.07020000368356705
YIL018W,YCL035C,0,2.5275865,0.447761207818985,0.5699999928474426,0.07029999792575836
YDL105W,YHR037W,0,2.5268288,0.4474097192287445,0.5699999928474426,0.07039999961853027
YFR031C-A,YML057W,0,2.5239859,0.4470588266849518,0.5699999928474426,0.07050000131130219
YDR379W,YBR095C,1,2.5182214,0.44749215245246887,0.5709999799728394,0.07050000131130219
YDR092W,YCR058C,0,2.511102,0.44714173674583435,0.5709999799728394,0.0706000030040741
YCR105W,YGL151W,0,2.508247,0.4467918574810028,0.5709999799728394,0.07069999724626541
YAL007C,YBL051C,0,2.504368,0.44644254446029663,0.5709999799728394,0.07079999893903732
YIL154C,YKR088C,0,2.5038266,0.44609373807907104,0.5709999799728394,0.07090000063180923
YIL056W,YLR007W,0,2.4963539,0.4457454979419708,0.5709999799728394,0.07100000232458115
YER100W,YPR034W,0,2.4962678,0.44539782404899597,0.5709999799728394,0.07109999656677246
YDR256C,YIL013C,0,2.4941812,0.4450506567955017,0.5709999799728394,0.07119999825954437
YKL069W,YBR121C,0,2.4934332,0.4447040557861328,0.5709999799728394,0.07129999995231628
YDL100C,YOR253W,0,2.4919891,0.4443579912185669,0.5709999799728394,0.0714000016450882
YGL243W,YHR096C,0,2.4799094,0.44401243329048157,0.5709999799728394,0.07150000333786011
YHR096C,YDL102W,0,2.4792418,0.4436674416065216,0.5709999799728394,0.07159999758005142
YIL069C,YKR099W,0,2.471129,0.4433229863643646,0.5709999799728394,0.07169999927282333
YLR234W,YHL021C,0,2.4710162,0.4429790675640106,0.5709999799728394,0.07180000096559525
YDL247W,YOR011W,0,2.4647021,0.4426356554031372,0.5709999799728394,0.07190000265836716
YOR258W,YLL014W,0,2.4642653,0.44229280948638916,0.5709999799728394,0.07199999690055847
YCR016W,YER071C,0,2.46418,0.4419504702091217,0.5709999799728394,0.07209999859333038
YIL008W,YHR080C,0,2.4636376,0.4416086673736572,0.5709999799728394,0.0722000002861023
YNL240C,YPL117C,0,2.4631093,0.4412674009799957,0.5709999799728394,0.0723000019788742
YMR081C,YNL278W,0,2.460462,0.4409266412258148,0.5709999799728394,0.07240000367164612
YDR300C,YGL085W,0,2.460198,0.4405864179134369,0.5709999799728394,0.07249999791383743
YLR442C,YDR122W,0,2.458918,0.44024673104286194,0.5709999799728394,0.07259999960660934
YPL146C,YFR053C,0,2.45546,0.4399075508117676,0.5709999799728394,0.07270000129938126
YDR256C,YBR090C-A,0,2.455089,0.4395689070224762,0.5709999799728394,0.07280000299215317
YDR021W,YCR021C,0,2.4536493,0.4392307698726654,0.5709999799728394,0.07289999723434448
YOR262W,YLR284C,0,2.444123,0.4388931691646576,0.5709999799728394,0.0729999989271164
YPL004C,YGR142W,0,2.4431148,0.43855607509613037,0.5709999799728394,0.0731000006198883
YML076C,YGL192W,0,2.4425635,0.43821948766708374,0.5709999799728394,0.07320000231266022
YBL016W,YGL045W,1,2.441957,0.43865031003952026,0.5720000267028809,0.07320000231266022
YDR041W,YCR044C,0,2.438444,0.43831416964530945,0.5720000267028809,0.07329999655485153
YKL191W,YLR060W,0,2.4367926,0.4379785656929016,0.5720000267028809,0.07339999824762344
YOL121C,YLR056W,0,2.4345083,0.43764346837997437,0.5720000267028809,0.07349999994039536
YHR084W,YJL089W,1,2.4341924,0.43807339668273926,0.5730000138282776,0.07349999994039536
YGL006W,YPL063W,0,2.4332561,0.4377387464046478,0.5730000138282776,0.07360000163316727
YJR102C,YMR192W,0,2.4307141,0.4374045729637146,0.5730000138282776,0.07370000332593918
YNL041C,YPL254W,0,2.4288812,0.43707093596458435,0.5730000138282776,0.0737999975681305
YPR106W,YCL054W,0,2.4235735,0.4367378056049347,0.5730000138282776,0.0738999992609024
YLR442C,YAL068C,0,2.416619,0.4364051818847656,0.5730000138282776,0.07400000095367432
YHR111W,YOR212W,1,2.406318,0.43683409690856934,0.5740000009536743,0.07400000095367432
YOR262W,YML055W,0,2.3992438,0.4365018904209137,0.5740000009536743,0.07410000264644623
YJL012C,YGR224W,0,2.396785,0.43617022037506104,0.5740000009536743,0.07419999688863754
YGR055W,YKL063C,0,2.3951664,0.4358390271663666,0.5740000009536743,0.07429999858140945
YER056C,YBR301W,0,2.3948586,0.4355083405971527,0.5740000009536743,0.07440000027418137
YCL035C,YGL049C,0,2.3926964,0.43517816066741943,0.5740000009536743,0.07450000196695328
YIL153W,YLR056W,0,2.3922124,0.43484848737716675,0.5740000009536743,0.07460000365972519
YOR049C,YLR277C,0,2.391502,0.43451929092407227,0.5740000009536743,0.0746999979019165
YDR110W,YPL117C,0,2.388908,0.43419063091278076,0.5740000009536743,0.07479999959468842
YER100W,YPL100W,0,2.3882852,0.43386244773864746,0.5740000009536743,0.07490000128746033
YHR202W,YHR090C,0,2.38303,0.43353474140167236,0.5740000009536743,0.07500000298023224
YNL328C,YOL132W,0,2.3823738,0.43320754170417786,0.5740000009536743,0.07509999722242355
YKL191W,YDR276C,0,2.3811166,0.43288084864616394,0.5740000009536743,0.07519999891519547
YGR193C,YGR057C,0,2.380541,0.4325546324253082,0.5740000009536743,0.07530000060796738
YDR468C,YNL065W,0,2.3758218,0.4322289228439331,0.5740000009536743,0.07540000230073929
YJL003W,YPL097W,0,2.3737822,0.4319036900997162,0.5740000009536743,0.0754999965429306
YGR030C,YGL105W,0,2.3701634,0.43157893419265747,0.5740000009536743,0.07559999823570251
YHR118C,YGR296W,0,2.3650155,0.43125468492507935,0.5740000009536743,0.07569999992847443
YNL063W,YDL102W,0,2.3628728,0.4309309422969818,0.5740000009536743,0.07580000162124634
YJL089W,YOR371C,1,2.358529,0.43135783076286316,0.574999988079071,0.07580000162124634
YLR083C,YOL116W,1,2.3556292,0.43178409337997437,0.5759999752044678,0.07580000162124634
YPL120W,YAL028W,0,2.3534794,0.4314606785774231,0.5759999752044678,0.07590000331401825
YJL078C,YLR093C,0,2.3531137,0.43113771080970764,0.5759999752044678,0.07599999755620956
YHR108W,YIL030C,0,2.3524578,0.4308152496814728,0.5759999752044678,0.07609999924898148
YBR043C,YOR060C,0,2.3470926,0.4304932653903961,0.5759999752044678,0.07620000094175339
YGL208W,YOR371C,1,2.3423645,0.4309186041355133,0.5770000219345093,0.07620000094175339
YLR150W,YKL077W,0,2.3408031,0.4305970072746277,0.5770000219345093,0.0763000026345253
YHL028W,YDR435C,0,2.338501,0.43027591705322266,0.5770000219345093,0.07639999687671661
YBL016W,YNL294C,1,2.33359,0.4307004511356354,0.578000009059906,0.07639999687671661
YCR045C,YGL189C,0,2.333047,0.4303797483444214,0.578000009059906,0.07649999856948853
YMR175W,YCR036W,0,2.3328137,0.4300595223903656,0.578000009059906,0.07660000026226044
YPL021W,YCL054W,0,2.3314924,0.429739773273468,0.578000009059906,0.07670000195503235
YDR092W,YOL095C,0,2.3310945,0.42942050099372864,0.578000009059906,0.07680000364780426
YEL048C,YLR007W,0,2.328226,0.42910170555114746,0.578000009059906,0.07689999788999557
YML011C,YLR292C,0,2.32757,0.4287833869457245,0.578000009059906,0.07699999958276749
YPL105C,YMR274C,0,2.3270738,0.42846551537513733,0.578000009059906,0.0771000012755394
YDR243C,YLR299W,0,2.32615,0.42814815044403076,0.578000009059906,0.07720000296831131
YDR528W,YFR050C,0,2.323428,0.42783123254776,0.578000009059906,0.07729999721050262
YNL059C,YDR135C,0,2.3221543,0.42751479148864746,0.578000009059906,0.07739999890327454
YKL149C,YDR168W,0,2.3174753,0.4271988272666931,0.578000009059906,0.07750000059604645
YJR035W,YLL067C,0,2.3163605,0.4268833100795746,0.578000009059906,0.07760000228881836
YGL208W,YBR095C,1,2.3148665,0.42730626463890076,0.5789999961853027,0.07760000228881836
YOR011W,YGL018C,0,2.3138046,0.42699116468429565,0.5789999961853027,0.07769999653100967
YGL067W,YJL179W,0,2.313622,0.426676481962204,0.5789999961853027,0.07779999822378159
YJL059W,YJL035C,0,2.3111594,0.4263623058795929,0.5789999961853027,0.0778999999165535
YGR235C,YDR276C,0,2.3086033,0.4260485768318176,0.5789999961853027,0.07800000160932541
YNL287W,YJL197W,0,2.30853,0.4257352948188782,0.5789999961853027,0.07810000330209732
YDR430C,YBR295W,0,2.3082445,0.4254224896430969,0.5789999961853027,0.07819999754428864
YOL042W,YHR194W,0,2.3079958,0.4251101315021515,0.5789999961853027,0.07829999923706055
YBR162W-A,YPL203W,0,2.305919,0.42479825019836426,0.5789999961853027,0.07840000092983246
YNL137C,YCR105W,0,2.3050158,0.42448681592941284,0.5789999961853027,0.07850000262260437
YPL058C,YDR395W,0,2.3035555,0.42417582869529724,0.5789999961853027,0.07859999686479568
YML081W,YMR156C,0,2.3026433,0.42386528849601746,0.5789999961853027,0.0786999985575676
YMR205C,YNR052C,0,2.2986903,0.4235552251338959,0.5789999961853027,0.07880000025033951
YGR040W,YDR392W,1,2.2974453,0.4239766001701355,0.5799999833106995,0.07880000025033951
YPL105C,YMR050C,0,2.2936125,0.42366692423820496,0.5799999833106995,0.07890000194311142
YOR192C,YJL021C,0,2.2909713,0.42335766553878784,0.5799999833106995,0.07900000363588333
YKR075C,YLR023C,0,2.290779,0.42304888367652893,0.5799999833106995,0.07909999787807465
YLR023C,YGL226W,0,2.290779,0.42274051904678345,0.5799999833106995,0.07919999957084656
YPL203W,YAL056W,1,2.2897205,0.42316097021102905,0.5809999704360962,0.07919999957084656
YGR212W,YDR160W,0,2.2884517,0.4228529930114746,0.5809999704360962,0.07930000126361847
YML004C,YMR131C,0,2.2862482,0.422545462846756,0.5809999704360962,0.07940000295639038
YCL005W-A,YAR009C,0,2.2857838,0.42223837971687317,0.5809999704360962,0.0794999971985817
YDR103W,YPL049C,1,2.2848065,0.42265796661376953,0.5820000171661377,0.0794999971985817
YPL225W,YOR343C-A,0,2.2841606,0.42235124111175537,0.5820000171661377,0.07959999889135361
YFL056C,YPL179W,0,2.2819452,0.422044962644577,0.5820000171661377,0.07970000058412552
YLR362W,YHR084W,1,2.2802172,0.4224637746810913,0.5830000042915344,0.07970000058412552
YDR200C,YDL139C,0,2.2786918,0.4221578538417816,0.5830000042915344,0.07980000227689743
YGL189C,YOR192C,0,2.2786283,0.42185238003730774,0.5830000042915344,0.07989999651908875
YDR148C,YJL133C-A,0,2.2744946,0.4215473532676697,0.5830000042915344,0.07999999821186066
YHR205W,YGL096W,0,2.2739952,0.42124277353286743,0.5830000042915344,0.08009999990463257
YPR128C,YNL240C,0,2.2733629,0.420938640832901,0.5830000042915344,0.08020000159740448
YOR034C,YMR177W,0,2.2695003,0.420634925365448,0.5830000042915344,0.08030000329017639
YGL208W,YJL089W,1,2.2671576,0.42105263471603394,0.5839999914169312,0.08030000329017639
YJL089W,YLR017W,0,2.266129,0.4207492768764496,0.5839999914169312,0.0803999975323677
YDL230W,YKL077W,0,2.2655573,0.42044636607170105,0.5839999914169312,0.08049999922513962
YLL066C,YHL031C,0,2.2650523,0.42014387249946594,0.5839999914169312,0.08060000091791153
YKL062W,YBR121C,0,2.2649765,0.41984182596206665,0.5839999914169312,0.08070000261068344
YNL263C,YMR234W,0,2.2616858,0.4195402264595032,0.5839999914169312,0.08079999685287476
YGL070C,YNR019W,0,2.2585094,0.4192390441894531,0.5839999914169312,0.08089999854564667
YIL052C,YGR055W,0,2.2570632,0.4189383089542389,0.5839999914169312,0.08100000023841858
YGL098W,YGR181W,0,2.253829,0.4186379909515381,0.5839999914169312,0.08110000193119049
YLL026W,YHR197W,0,2.2523646,0.4183381199836731,0.5839999914169312,0.0812000036239624
YLL014W,YPL040C,0,2.2448924,0.41803866624832153,0.5839999914169312,0.08129999786615372
YPL146C,YNL246W,0,2.2437758,0.4177396297454834,0.5839999914169312,0.08139999955892563
YDR201W,YKR053C,0,2.2424474,0.4174410402774811,0.5839999914169312,0.08150000125169754
YDR392W,YER109C,1,2.2418618,0.4178571403026581,0.5849999785423279,0.08150000125169754
YLR019W,YNR033W,0,2.2381306,0.417558878660202,0.5849999785423279,0.08160000294446945
YDR004W,YMR242C,0,2.2364998,0.4172610640525818,0.5849999785423279,0.08169999718666077
YBR162W-A,YHR005C,0,2.2343316,0.4169636368751526,0.5849999785423279,0.08179999887943268
YJL026W,YKL063C,0,2.2343292,0.4166666567325592,0.5849999785423279,0.08190000057220459
YOR068C,YDR234W,0,2.2313058,0.41637009382247925,0.5849999785423279,0.0820000022649765
YPL043W,YHR142W,0,2.2260356,0.4160739779472351,0.5849999785423279,0.08209999650716782
YDR021W,YNL068C,0,2.2259693,0.415778249502182,0.5849999785423279,0.08219999819993973
YHR165C,YOL012C,0,2.2227907,0.4154829680919647,0.5849999785423279,0.08229999989271164
YMR230W,YHR149C,0,2.2226424,0.4151880741119385,0.5849999785423279,0.08240000158548355
YJL054W,YCR045C,0,2.2189357,0.41489362716674805,0.5849999785423279,0.08250000327825546
YGL053W,YPL117C,0,2.2171025,0.41459956765174866,0.5849999785423279,0.08259999752044678
YPL049C,YNL119W,1,2.215046,0.4150141775608063,0.5860000252723694,0.08259999752044678
YNL137C,YDR545W,0,2.2133212,0.41472044587135315,0.5860000252723694,0.08269999921321869
YFL005W,YOR258W,0,2.2123187,0.41442716121673584,0.5860000252723694,0.0828000009059906
YBR233W-A,YJR123W,0,2.2122486,0.41413426399230957,0.5860000252723694,0.08290000259876251
YLR102C,YML086C,0,2.207741,0.4138418138027191,0.5860000252723694,0.08299999684095383
YHR009C,YDR227W,0,2.2057822,0.4135497510433197,0.5860000252723694,0.08309999853372574
YBR091C,YOR009W,0,2.2027578,0.4132581055164337,0.5860000252723694,0.08320000022649765
YDR430C,YBR193C,0,2.2023485,0.41296687722206116,0.5860000252723694,0.08330000191926956
YML100W,YPR095C,0,2.2006516,0.412676066160202,0.5860000252723694,0.08340000361204147
YMR175W,YIL130W,0,2.198422,0.41238564252853394,0.5860000252723694,0.08349999785423279
YAL015C,YIL130W,0,2.1978874,0.4120956361293793,0.5860000252723694,0.0835999995470047
YHR011W,YIL008W,1,2.1948361,0.4125087857246399,0.5870000123977661,0.0835999995470047
YNL167C,YER102W,0,2.194608,0.4122191071510315,0.5870000123977661,0.08370000123977661
YMR234W,YJR041C,0,2.1934643,0.41192981600761414,0.5870000123977661,0.08380000293254852
YIL075C,YNL066W,0,2.193371,0.4116409420967102,0.5870000123977661,0.08389999717473984
YOL116W,YER027C,1,2.1914964,0.41205325722694397,0.5879999995231628,0.08389999717473984
YJL013C,YLR263W,0,2.1837623,0.4117647111415863,0.5879999995231628,0.08399999886751175
YBR109C,YKL039W,0,2.181391,0.4114765524864197,0.5879999995231628,0.08410000056028366
YOR267C,YGL098W,0,2.176692,0.4111888110637665,0.5879999995231628,0.08420000225305557
YOR065W,YER155C,0,2.1751108,0.4109014570713043,0.5879999995231628,0.08429999649524689
YLR083C,YHR138C,0,2.1750946,0.4106145203113556,0.5879999995231628,0.0843999981880188
YHR210C,YDL124W,0,2.1737893,0.4103279709815979,0.5879999995231628,0.08449999988079071
YDR204W,YJL013C,0,2.1674685,0.41004183888435364,0.5879999995231628,0.08460000157356262
YDR397C,YDL134C,0,2.1673748,0.4097560942173004,0.5879999995231628,0.08470000326633453
YML045W,YLR023C,0,2.1671164,0.4094707667827606,0.5879999995231628,0.08479999750852585
YLR442C,YHR214C-C,0,2.1640978,0.4091857969760895,0.5879999995231628,0.08489999920129776
YLR093C,YOR254C,0,2.1615276,0.40890124440193176,0.5879999995231628,0.08500000089406967
YJL162C,YKL006W,0,2.1590703,0.4086171090602875,0.5879999995231628,0.08510000258684158
YDR160W,YDL139C,0,2.1579323,0.40833333134651184,0.5879999995231628,0.0851999968290329
YOL095C,YGL064C,0,2.1573772,0.40804997086524963,0.5879999995231628,0.08529999852180481
YDL240W,YDR300C,0,2.1572037,0.40776699781417847,0.5879999995231628,0.08540000021457672
YOR080W,YGL121C,1,2.1538434,0.4081774055957794,0.5889999866485596,0.08540000021457672
YPL183C,YBR272C,0,2.1533196,0.40789473056793213,0.5889999866485596,0.08550000190734863
YHR202W,YBR100W,0,2.1511602,0.4076124429702759,0.5889999866485596,0.08560000360012054
YPL141C,YKR100C,0,2.149688,0.40733057260513306,0.5889999866485596,0.08569999784231186
YDR103W,YPL115C,1,2.1496553,0.40774014592170715,0.5899999737739563,0.08569999784231186
YPL203W,YBR083W,1,2.1486788,0.40814918279647827,0.5910000205039978,0.08569999784231186
YKR064W,YFL011W,0,2.1484637,0.4078674912452698,0.5910000205039978,0.08579999953508377
YDR039C,YER053C-A,0,2.147059,0.4075862169265747,0.5910000205039978,0.08590000122785568
YML127W,YBR180W,0,2.1443007,0.4073053002357483,0.5910000205039978,0.0860000029206276
YBL016W,YHR073W,1,2.143838,0.40771350264549255,0.5920000076293945,0.0860000029206276
YOR264W,YDR045C,0,2.1430726,0.40743288397789,0.5920000076293945,0.08609999716281891
YKR077W,YDL211C,0,2.1423368,0.4071526825428009,0.5920000076293945,0.08619999885559082
YJL078C,YHR157W,0,2.1341176,0.40687283873558044,0.5920000076293945,0.08630000054836273
YML127W,YKL051W,0,2.1340837,0.4065934121608734,0.5920000076293945,0.08640000224113464
YOR079C,YLR288C,0,2.1330285,0.40631434321403503,0.5920000076293945,0.08649999648332596
YOR272W,YPL076W,0,2.1302195,0.4060356616973877,0.5920000076293945,0.08659999817609787
YIR004W,YJL197W,0,2.1264505,0.4057573676109314,0.5920000076293945,0.08669999986886978
YDR490C,YML100W,0,2.1257408,0.40547946095466614,0.5920000076293945,0.0868000015616417
YML011C,YIL037C,0,2.124731,0.40520191192626953,0.5920000076293945,0.0869000032544136
YHR084W,YPL115C,1,2.123024,0.40560874342918396,0.5929999947547913,0.0869000032544136
YGR253C,YHR194W,0,2.121221,0.4053315222263336,0.5929999947547913,0.08699999749660492
YLR347C,YLR175W,0,2.120802,0.40505465865135193,0.5929999947547913,0.08709999918937683
YFR047C,YPL120W,0,2.120586,0.4047781527042389,0.5929999947547913,0.08720000088214874
YLR085C,YHL028W,0,2.1196346,0.4045020341873169,0.5929999947547913,0.08730000257492065
YBL016W,YOL116W,1,2.1168494,0.4049079716205597,0.593999981880188,0.08730000257492065
YOR236W,YPR034W,0,2.1156626,0.4046321511268616,0.593999981880188,0.08739999681711197
YGR254W,YLR360W,0,2.1148887,0.4043567180633545,0.593999981880188,0.08749999850988388
YOR156C,YNL161W,0,2.1142104,0.40408164262771606,0.593999981880188,0.08760000020265579
YNL233W,YNL065W,0,2.1139786,0.4038069248199463,0.593999981880188,0.0877000018954277
YMR072W,YHL035C,0,2.1118534,0.40353259444236755,0.593999981880188,0.08780000358819962
YPR095C,YDR359C,0,2.1110888,0.40325865149497986,0.593999981880188,0.08789999783039093
YLL031C,YML081W,0,2.1051092,0.4029850661754608,0.593999981880188,0.08799999952316284
YBR054W,YOL122C,0,2.10321,0.4027118682861328,0.593999981880188,0.08810000121593475
YBR016W,YDR381W,0,2.1026564,0.40243902802467346,0.593999981880188,0.08820000290870667
YOR080W,YNL119W,1,2.0999093,0.4028435945510864,0.5950000286102295,0.08820000290870667
YOR193W,YJL216C,0,2.0994153,0.40257105231285095,0.5950000286102295,0.08829999715089798
YOR049C,YOL122C,0,2.099178,0.40229883790016174,0.5950000286102295,0.08839999884366989
YDR276C,YHR080C,0,2.09788,0.40202704071998596,0.5950000286102295,0.0885000005364418
YJL094C,YNL278W,0,2.096697,0.40175557136535645,0.5950000286102295,0.08860000222921371
YGL076C,YKL194C,0,2.0937696,0.40148448944091797,0.5950000286102295,0.08869999647140503
YGR046W,YCL048W,0,2.0931473,0.40121376514434814,0.5950000286102295,0.08879999816417694
YPR067W,YLR007W,0,2.091419,0.400943398475647,0.5950000286102295,0.08889999985694885
YLR315W,YER129W,0,2.0871463,0.40067338943481445,0.5950000286102295,0.08900000154972076
YOR009W,YPL018W,0,2.0867796,0.400403767824173,0.5950000286102295,0.08910000324249268
YOL069W,YGR296W,0,2.086183,0.40013450384140015,0.5950000286102295,0.08919999748468399
YIL014W,YDR045C,0,2.085312,0.39986559748649597,0.5950000286102295,0.0892999991774559
YPL013C,YKR079C,0,2.0845523,0.39959704875946045,0.5950000286102295,0.08940000087022781
YLR411W,YOR079C,0,2.0812058,0.3993288576602936,0.5950000286102295,0.08950000256299973
YAL028W,YLL057C,0,2.0808187,0.39906102418899536,0.5950000286102295,0.08959999680519104
YBR060C,YPL097W,0,2.0798364,0.3987935781478882,0.5950000286102295,0.08969999849796295
YOL061W,YHL035C,0,2.0771685,0.39852645993232727,0.5950000286102295,0.08980000019073486
YHR073W,YNL023C,0,2.0770838,0.398259699344635,0.5950000286102295,0.08990000188350677
YNL130C,YKL080W,0,2.0766811,0.3979932963848114,0.5950000286102295,0.09000000357627869
YNL054W-A,YLR288C,0,2.0745046,0.39772728085517883,0.5950000286102295,0.09009999781847
YNR048W,YJL174W,0,2.0741665,0.39746159315109253,0.5950000286102295,0.09019999951124191
YPR055W,YML057W,0,2.0741515,0.3971962630748749,0.5950000286102295,0.09030000120401382
YGR138C,YKL087C,0,2.0723112,0.3969312906265259,0.5950000286102295,0.09040000289678574
YFR040W,YKL063C,0,2.0719562,0.39666667580604553,0.5950000286102295,0.09049999713897705
YDR091C,YDR200C,0,2.0715976,0.39640238881111145,0.5950000286102295,0.09059999883174896
YOR264W,YKL099C,0,2.0714316,0.3961384892463684,0.5950000286102295,0.09070000052452087
YGL192W,YKL039W,0,2.0706334,0.39587491750717163,0.5950000286102295,0.09080000221729279
YOR068C,YGR097W,0,2.0700927,0.3956117033958435,0.5950000286102295,0.0908999964594841
YDR210W-C,YNL278W,0,2.0696533,0.39534884691238403,0.5950000286102295,0.09099999815225601
YDR379W,YNL294C,1,2.0676587,0.39575034379959106,0.5960000157356262,0.09099999815225601
YML107C,YDR545W,0,2.0659933,0.3954877257347107,0.5960000157356262,0.09109999984502792
YJL212C,YKR079C,0,2.0658007,0.395225465297699,0.5960000157356262,0.09120000153779984
YLL016W,YFR030W,0,2.0653088,0.3949635624885559,0.5960000157356262,0.09130000323057175
YML023C,YJL013C,0,2.06513,0.3947019875049591,0.5960000157356262,0.09139999747276306
YDL160C,YPL010W,0,2.063199,0.39444077014923096,0.5960000157356262,0.09149999916553497
YHR084W,YAL056W,1,2.059507,0.3948412835597992,0.597000002861023,0.09149999916553497
YBR095C,YBR083W,1,2.0577097,0.39524123072624207,0.5979999899864197,0.09149999916553497
YHR148W,YPR003C,0,2.0560083,0.39498019218444824,0.5979999899864197,0.09160000085830688
YPL049C,YAL056W,1,2.0556927,0.39537954330444336,0.5989999771118164,0.09160000085830688
YER014W,YBL013W,0,2.054882,0.39511874318122864,0.5989999771118164,0.0917000025510788
YHR084W,YPL203W,1,2.0540168,0.3955174684524536,0.6000000238418579,0.0917000025510788
YLR006C,YMR215W,0,2.0520403,0.395256906747818,0.6000000238418579,0.09179999679327011
YGL208W,YPL049C,1,2.0513184,0.3956550359725952,0.6010000109672546,0.09179999679327011
YOR049C,YGR007W,0,2.0510023,0.3953947424888611,0.6010000109672546,0.09189999848604202
YHR148W,YCR044C,0,2.0498695,0.3951347768306732,0.6010000109672546,0.09200000017881393
YJL013C,YDR210W-C,0,2.0495708,0.394875168800354,0.6010000109672546,0.09210000187158585
YPL221W,YDL134C,0,2.0462654,0.39461588859558105,0.6010000109672546,0.09220000356435776
YDR002W,YPL233W,0,2.045966,0.39435696601867676,0.6010000109672546,0.09229999780654907
YDR148C,YDR375C,0,2.0438008,0.3940983712673187,0.6010000109672546,0.09239999949932098
YNL284C-B,YMR275C,0,2.0433276,0.39384010434150696,0.6010000109672546,0.0925000011920929
YOL121C,YCL035C,0,2.0419278,0.39358219504356384,0.6010000109672546,0.09260000288486481
YEL024W,YGL045W,0,2.039031,0.393324613571167,0.6010000109672546,0.09269999712705612
YHR139C,YDR021W,0,2.0369637,0.3930673599243164,0.6010000109672546,0.09279999881982803
YJL133C-A,YLR017W,0,2.0364568,0.3928104639053345,0.6010000109672546,0.09290000051259995
YPL100W,YDR528W,0,2.0326245,0.3925538957118988,0.6010000109672546,0.09300000220537186
YNL137C,YBR028C,0,2.0313997,0.3922976553440094,0.6010000109672546,0.09309999644756317
YDR469W,YLR313C,0,2.0284147,0.39204174280166626,0.6010000109672546,0.09319999814033508
YIR031C,YHR080C,0,2.0263534,0.3917861878871918,0.6010000109672546,0.093299999833107
YIR019C,YER113C,1,2.0262928,0.3921824097633362,0.6019999980926514,0.093299999833107
YDL081C,YGL092W,0,2.025424,0.3919270932674408,0.6019999980926514,0.0934000015258789
YDR386W,YPL253C,0,2.0203156,0.3916720747947693,0.6019999980926514,0.09350000321865082
YNR048W,YGR245C,0,2.011627,0.39141741394996643,0.6019999980926514,0.09359999746084213
YDR379W,YPL115C,1,2.0098488,0.39181286096572876,0.6029999852180481,0.09359999746084213
YHL038C,YHL003C,0,2.0096772,0.391558438539505,0.6029999852180481,0.09369999915361404
YLR196W,YOR086C,0,2.0090392,0.3913043439388275,0.6029999852180481,0.09380000084638596
YML120C,YPL193W,0,2.0069947,0.3910505771636963,0.6029999852180481,0.09390000253915787
YOR026W,YFL018W-A,0,2.006232,0.39079713821411133,0.6029999852180481,0.09399999678134918
YAL011W,YIR031C,0,2.0032961,0.39054402709007263,0.6029999852180481,0.0940999984741211
YCL017C,YHR210C,0,2.0014958,0.3902912735939026,0.6029999852180481,0.094200000166893
YKL062W,YLL014W,0,2.0011919,0.3900388181209564,0.6029999852180481,0.09430000185966492
YOR026W,YMR149W,0,1.9929451,0.3897866904735565,0.6029999852180481,0.09440000355243683
YBL063W,YDR437W,0,1.9862113,0.3895348906517029,0.6029999852180481,0.09449999779462814
YOR016C,YLR001C,0,1.9858551,0.3892834186553955,0.6029999852180481,0.09459999948740005
YLR059C,YAL030W,0,1.9830984,0.389032244682312,0.6029999852180481,0.09470000118017197
YPL115C,YNL197C,1,1.9803247,0.38942617177963257,0.6039999723434448,0.09470000118017197
YMR225C,YDR284C,0,1.9714913,0.38917526602745056,0.6039999723434448,0.09480000287294388
YNL173C,YML047C,0,1.9702727,0.38892465829849243,0.6039999723434448,0.09489999711513519
YLR362W,YER109C,1,1.9685448,0.38931789994239807,0.6050000190734863,0.09489999711513519
YDL134C-A,YIL144W,0,1.9665971,0.38906753063201904,0.6050000190734863,0.0949999988079071
YJL183W,YDR343C,0,1.9627516,0.3888174891471863,0.6050000190734863,0.09510000050067902
YLR085C,YBL063W,0,1.9611536,0.3885677456855774,0.6050000190734863,0.09520000219345093
YDR103W,YPL203W,1,1.9576325,0.38896021246910095,0.6060000061988831,0.09520000219345093
YBL016W,YER109C,1,1.956134,0.38935214281082153,0.6069999933242798,0.09520000219345093
YPR003C,YJL013C,0,1.9557781,0.389102578163147,0.6069999933242798,0.09529999643564224
YML100W,YDR435C,0,1.955562,0.3888533115386963,0.6069999933242798,0.09539999812841415
YLR102C,YBR121C,0,1.9517566,0.3886043429374695,0.6069999933242798,0.09549999982118607
YGR204W,YPL004C,0,1.9458461,0.38835573196411133,0.6069999933242798,0.09560000151395798
YOL098C,YBR086C,0,1.945745,0.38810741901397705,0.6069999933242798,0.09570000320672989
YBR218C,YGR060W,0,1.9421405,0.38785943388938904,0.6069999933242798,0.0957999974489212
YDR516C,YKL080W,0,1.9410888,0.3876117467880249,0.6069999933242798,0.09589999914169312
YPL209C,YPL178W,0,1.9382744,0.38736438751220703,0.6069999933242798,0.09600000083446503
YGR030C,YOR059C,0,1.9374955,0.3871173560619354,0.6069999933242798,0.09610000252723694
YNL103W,YAL059W,0,1.9370917,0.3868706226348877,0.6069999933242798,0.09619999676942825
YDR098C,YNL287W,0,1.933785,0.38662421703338623,0.6069999933242798,0.09629999846220016
YLR426W,YBR272C,0,1.9334334,0.38637810945510864,0.6069999933242798,0.09640000015497208
YMR192W,YLR058C,0,1.929696,0.3861323297023773,0.6069999933242798,0.09650000184774399
YFL035C-B,YOR032C,0,1.9272363,0.3858868479728699,0.6069999933242798,0.0966000035405159
YER041W,YGL151W,0,1.9250257,0.3856416642665863,0.6069999933242798,0.09669999778270721
YHR158C,YLR259C,0,1.9243045,0.3853968381881714,0.6069999933242798,0.09679999947547913
YDL003W,YNL180C,0,1.921979,0.38515228033065796,0.6069999933242798,0.09690000116825104
YDR189W,YOR078W,0,1.9216212,0.3849080502986908,0.6069999933242798,0.09700000286102295
YPL141C,YIL130W,0,1.9191949,0.3846641182899475,0.6069999933242798,0.09709999710321426
YJL133C-A,YGL194C,0,1.9183797,0.3844205141067505,0.6069999933242798,0.09719999879598618
YMR063W,YLR361C,0,1.9154971,0.38417720794677734,0.6069999933242798,0.09730000048875809
YOR034C,YPR128C,0,1.9151342,0.38393422961235046,0.6069999933242798,0.09740000218153
YDR078C,YBL063W,0,1.914885,0.3836915194988251,0.6069999933242798,0.09749999642372131
YPL203W,YOR127W,1,1.9121177,0.3840808570384979,0.6079999804496765,0.09749999642372131
YOR189W,YPL235W,0,1.9103903,0.38383838534355164,0.6079999804496765,0.09759999811649323
YIL008W,YDR284C,0,1.9056859,0.3835962116718292,0.6079999804496765,0.09769999980926514
YFL061W,YKL138C-A,0,1.9040068,0.3833543360233307,0.6079999804496765,0.09780000150203705
YGL092W,YDR317W,0,1.9000918,0.3831127882003784,0.6079999804496765,0.09790000319480896
YPL175W,YPL075W,0,1.8997486,0.38287153840065,0.6079999804496765,0.09799999743700027
YMR192W,YOL012C,0,1.8992403,0.3826305866241455,0.6079999804496765,0.09809999912977219
YCR016W,YPL189W,0,1.8989662,0.38238993287086487,0.6079999804496765,0.0982000008225441
YGL025C,YHR193C,0,1.8979572,0.3821495771408081,0.6079999804496765,0.09830000251531601
YBL091C,YBR121C,0,1.8969021,0.3819095492362976,0.6079999804496765,0.09839999675750732
YDL230W,YIL052C,0,1.892575,0.381669819355011,0.6079999804496765,0.09849999845027924
YGL067W,YPR131C,0,1.8912674,0.38143035769462585,0.6079999804496765,0.09860000014305115
YLR131C,YCR021C,0,1.891128,0.381191223859787,0.6079999804496765,0.09870000183582306
YIL013C,YAL026C,0,1.8871267,0.380952388048172,0.6079999804496765,0.09880000352859497
YPR175W,YOL059W,0,1.8850298,0.3807138502597809,0.6079999804496765,0.09889999777078629
YOR049C,YLR360W,0,1.8841374,0.38047558069229126,0.6079999804496765,0.0989999994635582
YKL048C,YPL156C,0,1.8796206,0.3802376389503479,0.6079999804496765,0.09910000115633011
YJL057C,YNR030W,0,1.8779778,0.3799999952316284,0.6079999804496765,0.09920000284910202
YJL054W,YDR210W-C,0,1.8742759,0.3797626495361328,0.6079999804496765,0.09929999709129333
YGR078C,YCL051W,0,1.8700545,0.3795256018638611,0.6079999804496765,0.09939999878406525
YAR042W,YLR411W,0,1.8680195,0.37928882241249084,0.6079999804496765,0.09950000047683716
YGR202C,YHR096C,0,1.8673983,0.37905237078666687,0.6079999804496765,0.09960000216960907
YJL174W,YOR059C,0,1.861974,0.3788161873817444,0.6079999804496765,0.09969999641180038
YLL031C,YDR439W,0,1.8611608,0.37858033180236816,0.6079999804496765,0.0997999981045723
YER113C,YHR111W,1,1.8608513,0.3789670169353485,0.609000027179718,0.0997999981045723
YPR143W,YNR019W,0,1.8601536,0.3787313401699066,0.609000027179718,0.09989999979734421
YKL194C,YGR224W,0,1.8598204,0.3784959614276886,0.609000027179718,0.10000000149011612
YOR275C,YOR080W,1,1.8596199,0.3788819909095764,0.6100000143051147,0.10000000149011612
YGL070C,YAL056W,0,1.8586398,0.3786467909812927,0.6100000143051147,0.10010000318288803
YOL084W,YFR040W,0,1.8582716,0.3784119188785553,0.6100000143051147,0.10019999742507935
YPR034W,YJL003W,0,1.8561828,0.37817731499671936,0.6100000143051147,0.10029999911785126
YPR003C,YBR109C,0,1.8540566,0.3779430091381073,0.6100000143051147,0.10040000081062317
YFR047C,YHR146W,0,1.8536551,0.37770897150039673,0.6100000143051147,0.10050000250339508
YBR131W,YML082W,0,1.8520694,0.3774752616882324,0.6100000143051147,0.1005999967455864
YNL214W,YEL032W,0,1.8497983,0.3772418200969696,0.6100000143051147,0.1006999984383583
YDL081C,YKL114C,0,1.847017,0.3770086467266083,0.6100000143051147,0.10080000013113022
YDR075W,YPL221W,0,1.8436267,0.3767758011817932,0.6100000143051147,0.10090000182390213
YBR107C,YJL069C,0,1.8414427,0.37654322385787964,0.6100000143051147,0.10100000351667404
YIL030C,YBR188C,0,1.8375959,0.37631091475486755,0.6100000143051147,0.10109999775886536
YCL044C,YDR316W-B,0,1.8360807,0.37607890367507935,0.6100000143051147,0.10119999945163727
YBL007C,YLR060W,0,1.8338181,0.375847190618515,0.6100000143051147,0.10130000114440918
YOR262W,YHL003C,0,1.8328245,0.37561577558517456,0.6100000143051147,0.10140000283718109
YLR083C,YAL041W,1,1.8317704,0.37599998712539673,0.6110000014305115,0.10140000283718109
YGL171W,YLR260W,0,1.8266057,0.3757687509059906,0.6110000014305115,0.1014999970793724
YAL002W,YML098W,0,1.825667,0.37553781270980835,0.6110000014305115,0.10159999877214432
YER033C,YJL069C,0,1.8255436,0.3753071129322052,0.6110000014305115,0.10170000046491623
YJL174W,YDL134C,0,1.8254263,0.3750767409801483,0.6110000014305115,0.10180000215768814
YDR145W,YGR161C-D,0,1.8249137,0.3748466372489929,0.6110000014305115,0.10189999639987946
YDR516C,YIL087C,0,1.8217548,0.374616801738739,0.6110000014305115,0.10199999809265137
YBR189W,YOR358W,0,1.8216009,0.374387264251709,0.6110000014305115,0.10209999978542328
YGR224W,YCL048W,0,1.8207422,0.37415799498558044,0.6110000014305115,0.10220000147819519
YGR040W,YER109C,1,1.8193281,0.3745410144329071,0.6119999885559082,0.10220000147819519
YHR073W,YKR049C,0,1.8176272,0.3743119239807129,0.6119999885559082,0.1023000031709671
YOL144W,YKR007W,0,1.8174925,0.37408313155174255,0.6119999885559082,0.10239999741315842
YKL191W,YEL032W,0,1.814217,0.3738546073436737,0.6119999885559082,0.10249999910593033
YDL046W,YOR086C,0,1.809992,0.37362638115882874,0.6119999885559082,0.10260000079870224
YJL089W,YER109C,1,1.8057978,0.37400853633880615,0.6129999756813049,0.10260000079870224
YNL142W,YGR165W,0,1.80547,0.3737804889678955,0.6129999756813049,0.10270000249147415
YKR027W,YGR253C,0,1.8039243,0.37355270981788635,0.6129999756813049,0.10279999673366547
YLL016W,YPL198W,0,1.8038505,0.3733251988887787,0.6129999756813049,0.10289999842643738
YNL103W,YNL243W,0,1.8018308,0.3730979859828949,0.6129999756813049,0.10300000011920929
YPL175W,YKR072C,0,1.8006941,0.3728710412979126,0.6129999756813049,0.1031000018119812
YMR105C,YIL153W,0,1.799717,0.3726443648338318,0.6129999756813049,0.10320000350475311
YCR036W,YDR365W-A,0,1.7994362,0.37241798639297485,0.6129999756813049,0.10329999774694443
YDR490C,YDR009W,0,1.7960467,0.3721918761730194,0.6129999756813049,0.10339999943971634
YDL098C,YLR190W,0,1.7946435,0.37196603417396545,0.6129999756813049,0.10350000113248825
YBR112C,YBR168W,0,1.792816,0.371740460395813,0.6129999756813049,0.10360000282526016
YOR080W,YNL298W,1,1.7861234,0.3721212148666382,0.6140000224113464,0.10360000282526016
YGR103W,YGL093W,0,1.7788868,0.37189581990242004,0.6140000224113464,0.10369999706745148
YMR050C,YOR019W,0,1.7786024,0.3716706931591034,0.6140000224113464,0.10379999876022339
YDR256C,YIL043C,0,1.775581,0.3714458644390106,0.6140000224113464,0.1039000004529953
YOR002W,YOR258W,0,1.7755483,0.37122127413749695,0.6140000224113464,0.10400000214576721
YDR463W,YGR007W,0,1.7747672,0.37099698185920715,0.6140000224113464,0.10409999638795853
YNL059C,YNR038W,0,1.7719958,0.37077295780181885,0.6140000224113464,0.10419999808073044
YFR016C,YDR135C,0,1.7705745,0.37054917216300964,0.6140000224113464,0.10429999977350235
YPL036W,YOR330C,0,1.769725,0.3703256845474243,0.6140000224113464,0.10440000146627426
YOR078W,YOR158W,0,1.7693353,0.3701024651527405,0.6140000224113464,0.10450000315904617
YDR345C,YKR052C,0,1.7669697,0.36987951397895813,0.6140000224113464,0.10459999740123749
YHR110W,YLR200W,0,1.7598639,0.36965683102607727,0.6140000224113464,0.1046999990940094
YOR250C,YER038C,0,1.7595532,0.3694344162940979,0.6140000224113464,0.10480000078678131
YER178W,YML082W,0,1.7573603,0.36921226978302,0.6140000224113464,0.10490000247955322
YNR048W,YGL167C,0,1.7566451,0.36899039149284363,0.6140000224113464,0.10499999672174454
YJR046W,YGL192W,0,1.7526819,0.3687687814235687,0.6140000224113464,0.10509999841451645
YNL183C,YMR261C,0,1.7507828,0.3685474097728729,0.6140000224113464,0.10520000010728836
YPR175W,YMR237W,0,1.7482462,0.368326336145401,0.6140000224113464,0.10530000180006027
YOR103C,YLR189C,0,1.7465365,0.3681055009365082,0.6140000224113464,0.10540000349283218
YER179W,YPR106W,0,1.7453719,0.36788496375083923,0.6140000224113464,0.1054999977350235
YKR077W,YPR007C,0,1.7445862,0.3676646649837494,0.6140000224113464,0.10559999942779541
YBL013W,YBR089C-A,0,1.7443572,0.36744463443756104,0.6140000224113464,0.10570000112056732
YDL209C,YER109C,0,1.7421583,0.36722487211227417,0.6140000224113464,0.10580000281333923
YER142C,YOR358W,0,1.7407311,0.3670053780078888,0.6140000224113464,0.10589999705553055
YLR006C,YHR114W,0,1.7393655,0.3667861521244049,0.6140000224113464,0.10599999874830246
YGR024C,YGL058W,0,1.7351704,0.3665671646595001,0.6140000224113464,0.10610000044107437
YER044C-A,YOR009W,0,1.7349461,0.3663484454154968,0.6140000224113464,0.10620000213384628
YER143W,YBR100W,0,1.7343392,0.366129994392395,0.6140000224113464,0.1062999963760376
YDR189W,YOR048C,0,1.7331389,0.3659118115901947,0.6140000224113464,0.10639999806880951
YDR078C,YNL066W,0,1.7330492,0.3656938672065735,0.6140000224113464,0.10649999976158142
YOL144W,YJL094C,0,1.7315693,0.36547619104385376,0.6140000224113464,0.10660000145435333
YLL067C,YLL057C,0,1.729149,0.3652587831020355,0.6140000224113464,0.10670000314712524
YMR316W,YMR116C,1,1.7286582,0.3656361401081085,0.6150000095367432,0.10670000314712524
YML011C,YKR095W,0,1.7285289,0.3654188811779022,0.6150000095367432,0.10679999738931656
YLR175W,YHL035C,0,1.7273839,0.3652018904685974,0.6150000095367432,0.10689999908208847
YPL126W,YOR026W,0,1.7273313,0.3649851679801941,0.6150000095367432,0.10700000077486038
YHR194W,YDR317W,0,1.725827,0.3647686839103699,0.6150000095367432,0.1071000024676323
YBR016W,YDR246W,0,1.722475,0.36455246806144714,0.6150000095367432,0.10719999670982361
YJL089W,YBR095C,1,1.7197168,0.3649289011955261,0.6159999966621399,0.10719999670982361
YHL017W,YHR073W,0,1.7172875,0.36471283435821533,0.6159999966621399,0.10729999840259552
YDR379W,YPL203W,1,1.7167811,0.3650887608528137,0.6169999837875366,0.10729999840259552
YJL059W,YLR061W,0,1.7163646,0.36487284302711487,0.6169999837875366,0.10740000009536743
YPL235W,YLR068W,0,1.7114143,0.3646572232246399,0.6169999837875366,0.10750000178813934
YLR227W-A,YKL062W,0,1.7104791,0.36444181203842163,0.6169999837875366,0.10760000348091125
YHR148W,YLR432W,0,1.7090443,0.36422666907310486,0.6169999837875366,0.10769999772310257
YOR027W,YNR071C,0,1.7079451,0.3640117943286896,0.6169999837875366,0.10779999941587448
YOL055C,YHR197W,0,1.7077105,0.3637971580028534,0.6169999837875366,0.10790000110864639
YGL144C,YDR300C,0,1.7071447,0.3635827898979187,0.6169999837875366,0.1080000028014183
YIL096C,YOR227W,0,1.705003,0.3633686602115631,0.6169999837875366,0.10809999704360962
YGL098W,YDR040C,0,1.7029191,0.363154798746109,0.6169999837875366,0.10819999873638153
YHR011W,YJL089W,1,1.7011805,0.36352941393852234,0.6179999709129333,0.10819999873638153
YKL033W,YBR169C,0,1.7009524,0.3633157014846802,0.6179999709129333,0.10830000042915344
YHR120W,YGL053W,0,1.7003126,0.3631022274494171,0.6179999709129333,0.10840000212192535
YLR442C,YHL015W,0,1.6986322,0.36288902163505554,0.6179999709129333,0.10849999636411667
YFL035C-B,YML098W,0,1.6947,0.36267605423927307,0.6179999709129333,0.10859999805688858
YOL051W,YPL254W,0,1.691496,0.3624633550643921,0.6179999709129333,0.10869999974966049
YIL156W,YCL068C,0,1.6886991,0.3622508645057678,0.6179999709129333,0.1088000014424324
YBR153W,YBR146W,0,1.6876342,0.36203867197036743,0.6179999709129333,0.10890000313520432
YNL294C,YHR106W,0,1.6875497,0.36182668805122375,0.6179999709129333,0.10899999737739563
YPL120W,YBR100W,0,1.6870561,0.36161497235298157,0.6179999709129333,0.10909999907016754
YGR055W,YOR079C,0,1.6866446,0.3614034950733185,0.6179999709129333,0.10920000076293945
YJL057C,YNL020C,0,1.6861895,0.3611922860145569,0.6179999709129333,0.10930000245571136
YNL132W,YDR300C,0,1.6821241,0.3609813153743744,0.6179999709129333,0.10939999669790268
YDL247W,YHR096C,0,1.6819313,0.360770583152771,0.6179999709129333,0.10949999839067459
YER007C-A,YGL238W,0,1.6773554,0.3605600893497467,0.6179999709129333,0.1096000000834465
YBR090C-A,YMR195W,0,1.6768618,0.3603498637676239,0.6179999709129333,0.10970000177621841
YDR040C,YIL008W,0,1.6741698,0.3601398468017578,0.6179999709129333,0.10980000346899033
YPR134W,YDR178W,0,1.6659995,0.3599300980567932,0.6179999709129333,0.10989999771118164
YJL089W,YPR100W,0,1.6655073,0.3597206175327301,0.6179999709129333,0.10999999940395355
YPL049C,YDR107C,1,1.6649492,0.3600930869579315,0.6190000176429749,0.10999999940395355
YML092C,YNL123W,0,1.6644082,0.35988372564315796,0.6190000176429749,0.11010000109672546
YIL018W,YLR292C,0,1.6635087,0.3596746027469635,0.6190000176429749,0.11020000278949738
YMR015C,YMR156C,0,1.6626561,0.35946574807167053,0.6190000176429749,0.11029999703168869
YDR150W,YLR075W,0,1.6622921,0.3592571020126343,0.6190000176429749,0.1103999987244606
YBR112C,YBR100W,0,1.6598253,0.3590487241744995,0.6190000176429749,0.11050000041723251
YPL043W,YBR131W,0,1.6594578,0.35884058475494385,0.6190000176429749,0.11060000211000443
YPR095C,YFL018W-A,0,1.659318,0.3586326837539673,0.6190000176429749,0.11069999635219574
YDR201W,YKL006W,0,1.6570497,0.3584250211715698,0.6190000176429749,0.11079999804496765
YOR087W,YDR399W,0,1.6568749,0.35821759700775146,0.6190000176429749,0.11089999973773956
YLR154W-C,YPL156C,0,1.6563742,0.3580104112625122,0.6190000176429749,0.11100000143051147
YAL059W,YLR323C,0,1.6540024,0.35780346393585205,0.6190000176429749,0.11110000312328339
YOR250C,YPR100W,0,1.6510441,0.357596755027771,0.6190000176429749,0.1111999973654747
YHR111W,YOR080W,1,1.6507473,0.35796767473220825,0.6200000047683716,0.1111999973654747
YDL091C,YPR199C,0,1.6503778,0.35776111483573914,0.6200000047683716,0.11129999905824661
YPR095C,YIL137C,0,1.6499007,0.3575547933578491,0.6200000047683716,0.11140000075101852
YML102W,YKL039W,0,1.6455188,0.3573487102985382,0.6200000047683716,0.11150000244379044
YDR098C-A,YKL062W,0,1.6442878,0.3571428656578064,0.6200000047683716,0.11159999668598175
YER014W,YHR154W,0,1.6425538,0.3569372594356537,0.6200000047683716,0.11169999837875366
YDR323C,YJL035C,0,1.6421249,0.3567318618297577,0.6200000047683716,0.11180000007152557
YML045W,YKR085C,0,1.6418738,0.3565267324447632,0.6200000047683716,0.11190000176429749
YGR004W,YOL135C,0,1.6417549,0.3563218414783478,0.6200000047683716,0.1120000034570694
YGR030C,YCL067C,0,1.6395141,0.3561171889305115,0.6200000047683716,0.11209999769926071
YBL063W,YPL061W,0,1.6367834,0.3559127449989319,0.6200000047683716,0.11219999939203262
YOR018W,YOR258W,0,1.636126,0.3557085394859314,0.6200000047683716,0.11230000108480453
YML107C,YOR060C,0,1.6350899,0.35550457239151,0.6200000047683716,0.11240000277757645
YMR072W,YNL247W,0,1.632235,0.3553008735179901,0.6200000047683716,0.11249999701976776
YDR515W,YER071C,0,1.6307181,0.35509735345840454,0.6200000047683716,0.11259999871253967
YOR004W,YLR337C,0,1.6296699,0.35489410161972046,0.6200000047683716,0.11270000040531158
YNL054W,YPL254W,0,1.6251864,0.3546910881996155,0.6200000047683716,0.1128000020980835
YLR200W,YIL033C,0,1.6232145,0.3544882833957672,0.6200000047683716,0.11289999634027481
YDR343C,YML013W,0,1.6198937,0.35428571701049805,0.6200000047683716,0.11299999803304672
YJR035W,YJR123W,0,1.612798,0.354083389043808,0.6200000047683716,0.11309999972581863
YOL116W,YER167W,0,1.6114981,0.35388126969337463,0.6200000047683716,0.11320000141859055
YPL146C,YBR162C,0,1.6100029,0.3536794185638428,0.6200000047683716,0.11330000311136246
YBR130C,YBL072C,0,1.6085719,0.3534777760505676,0.6200000047683716,0.11339999735355377
YMR050C,YLR189C,0,1.6083117,0.3532763421535492,0.6200000047683716,0.11349999904632568
YLR227W-A,YOR090C,0,1.6047448,0.35307517647743225,0.6200000047683716,0.1136000007390976
YDR545W,YPL176C,0,1.6045378,0.352874219417572,0.6200000047683716,0.1137000024318695
YHR139C,YDR168W,0,1.6030247,0.3526735007762909,0.6200000047683716,0.11379999667406082
YGL067W,YML013W,0,1.6021494,0.3524729907512665,0.6200000047683716,0.11389999836683273
YPL130W,YBL091C,0,1.5991683,0.35227271914482117,0.6200000047683716,0.11400000005960464
YIL052C,YPL021W,0,1.5979162,0.35207268595695496,0.6200000047683716,0.11410000175237656
YDL100C,YJL180C,0,1.5962477,0.35187286138534546,0.6200000047683716,0.11420000344514847
YOL126C,YGR060W,0,1.5962042,0.35167327523231506,0.6200000047683716,0.11429999768733978
YDL113C,YBR193C,0,1.5924463,0.35147392749786377,0.6200000047683716,0.1143999993801117
YDL134C-A,YOR236W,0,1.5875818,0.3512747883796692,0.6200000047683716,0.1145000010728836
YML041C,YMR243C,0,1.5870967,0.3510758876800537,0.6200000047683716,0.11460000276565552
YMR205C,YMR072W,0,1.5843698,0.35087719559669495,0.6200000047683716,0.11469999700784683
YIL036W,YOR264W,0,1.5838444,0.3506787419319153,0.6200000047683716,0.11479999870061874
YLR426W,YPR071W,0,1.5828938,0.35048049688339233,0.6200000047683716,0.11490000039339066
YER041W,YML133C,0,1.5824023,0.3502824902534485,0.6200000047683716,0.11500000208616257
YJR102C,YMR225C,0,1.5812168,0.35008469223976135,0.6200000047683716,0.11509999632835388
YPR128C,YMR156C,0,1.5799409,0.3498871326446533,0.6200000047683716,0.1151999980211258
YOL116W,YBR083W,1,1.5737522,0.3502538204193115,0.6209999918937683,0.1151999980211258
YMR063W,YHL025W,0,1.5662521,0.35005638003349304,0.6209999918937683,0.1152999997138977
YDR075W,YOL012C,0,1.5650394,0.3498591482639313,0.6209999918937683,0.11540000140666962
YHR088W,YGR208W,0,1.5645058,0.3496621549129486,0.6209999918937683,0.11550000309944153
YPL169C,YMR175W,0,1.5627443,0.34946539998054504,0.6209999918937683,0.11559999734163284
YJL094C,YNL132W,0,1.5619378,0.3492688536643982,0.6209999918937683,0.11569999903440475
YDL003W,YLR085C,0,1.5617126,0.34907251596450806,0.6209999918937683,0.11580000072717667
YMR243C,YPR106W,0,1.5615786,0.348876416683197,0.6209999918937683,0.11590000241994858
YMR316W,YIL008W,1,1.5609578,0.3492420017719269,0.621999979019165,0.11590000241994858
YEL019C,YJL174W,0,1.5604641,0.3490460216999054,0.621999979019165,0.11599999666213989
YLR007W,YDR045C,0,1.5601478,0.3488502502441406,0.621999979019165,0.1160999983549118
YLR367W,YJL196C,0,1.5581257,0.34865471720695496,0.621999979019165,0.11620000004768372
YMR076C,YMR081C,0,1.5579377,0.348459392786026,0.621999979019165,0.11630000174045563
YGR122W,YOR086C,0,1.5572286,0.34826427698135376,0.621999979019165,0.11640000343322754
YDR129C,YFL061W,0,1.5569966,0.3480693995952606,0.621999979019165,0.11649999767541885
YHR073W,YER109C,1,1.5561314,0.3484340012073517,0.6230000257492065,0.11649999767541885
YLL024C,YOL069W,0,1.5549331,0.3482392430305481,0.6230000257492065,0.11659999936819077
YGL025C,YNR053C,0,1.5547872,0.3480446934700012,0.6230000257492065,0.11670000106096268
YDL134C-A,YLR315W,0,1.5466788,0.34785035252571106,0.6230000257492065,0.11680000275373459
YJL181W,YCL035C,0,1.5459414,0.34765625,0.6230000257492065,0.1168999969959259
YDR430C,YJL058C,0,1.5440441,0.34746235609054565,0.6230000257492065,0.11699999868869781
YMR261C,YDR040C,0,1.5438292,0.347268670797348,0.6230000257492065,0.11710000038146973
YDR343C,YHR090C,0,1.5436287,0.3470751941204071,0.6230000257492065,0.11720000207424164
YLR442C,YML055W,0,1.5431261,0.3468819558620453,0.6230000257492065,0.11729999631643295
YJL212C,YPL076W,0,1.5427983,0.3466889262199402,0.6230000257492065,0.11739999800920486
YLR001C,YOR158W,0,1.5417846,0.3464961051940918,0.6230000257492065,0.11749999970197678
YMR234W,YKL114C,0,1.5403892,0.3463034927845001,0.6230000257492065,0.11760000139474869
YPR154W,YPR100W,0,1.5401025,0.34611111879348755,0.6230000257492065,0.1177000030875206
YCR086W,YMR261C,0,1.539979,0.3459189236164093,0.6230000257492065,0.11779999732971191
YPL115C,YDR043C,1,1.5378997,0.34628191590309143,0.6240000128746033,0.11779999732971191
YJR123W,YPL063W,0,1.5368234,0.34608983993530273,0.6240000128746033,0.11789999902248383
YGL018C,YER032W,0,1.5358831,0.34589800238609314,0.6240000128746033,0.11800000071525574
YMR220W,YPR068C,0,1.5318556,0.34570637345314026,0.6240000128746033,0.11810000240802765
YCL068C,YDR292C,0,1.5317279,0.3455149531364441,0.6240000128746033,0.11819999665021896
YPL169C,YIL130W,0,1.5299748,0.34532374143600464,0.6240000128746033,0.11829999834299088
YOR158W,YER071C,0,1.526518,0.3451327383518219,0.6240000128746033,0.11840000003576279
YLL024C,YHR157W,0,1.5248243,0.3449419438838959,0.6240000128746033,0.1185000017285347
YPL203W,YOR212W,1,1.5241082,0.34530386328697205,0.625,0.1185000017285347
YPL203W,YDR092W,0,1.5221096,0.34511318802833557,0.625,0.11860000342130661
YHR139C,YOL116W,0,1.5215261,0.3449227511882782,0.625,0.11869999766349792
YFR024C,YBR268W,0,1.5196232,0.34473249316215515,0.625,0.11879999935626984
YDR430C,YGR253C,0,1.5188777,0.3445424437522888,0.625,0.11890000104904175
YNL023C,YHR149C,0,1.5153589,0.3443526029586792,0.625,0.11900000274181366
YER178W,YCR063W,0,1.5137737,0.3441630005836487,0.625,0.11909999698400497
YPR003C,YNR024W,0,1.5132034,0.3439735770225525,0.625,0.11919999867677689
YOR250C,YJR131W,0,1.5085258,0.3437843918800354,0.625,0.1193000003695488
YJR132W,YKL080W,0,1.5077738,0.34359538555145264,0.625,0.11940000206232071
YMR076C,YLL057C,0,1.5069001,0.3434065878391266,0.625,0.11949999630451202
YKR049C,YBR193C,0,1.5060263,0.34321799874305725,0.625,0.11959999799728394
YJL089W,YOL116W,1,1.5025365,0.3435784876346588,0.6259999871253967,0.11959999799728394
YBL051C,YNL081C,0,1.5012313,0.34339001774787903,0.6259999871253967,0.11969999969005585
YPR199C,YNR059W,0,1.5002205,0.34320175647735596,0.6259999871253967,0.11980000138282776
YHR194W,YBR193C,0,1.498764,0.3430137038230896,0.6259999871253967,0.11990000307559967
YHR165C,YAL051W,0,1.4971375,0.34282585978507996,0.6259999871253967,0.11999999731779099
YJL035C,YFR053C,0,1.4958961,0.34263819456100464,0.6259999871253967,0.1200999990105629
YKL014C,YCR105W,0,1.4956008,0.3424507677555084,0.6259999871253967,0.12020000070333481
YDR528W,YER123W,0,1.4917408,0.34226351976394653,0.6259999871253967,0.12030000239610672
YBR054W,YIL144W,0,1.4911997,0.34207651019096375,0.6259999871253967,0.12039999663829803
YOL012C,YGL107C,0,1.4910284,0.3418896794319153,0.6259999871253967,0.12049999833106995
YDR100W,YMR242C,0,1.4905825,0.34170305728912354,0.6259999871253967,0.12060000002384186
YGL046W,YOR080W,1,1.4905005,0.34206220507621765,0.6269999742507935,0.12060000002384186
YLR007W,YLR189C,0,1.4903045,0.34187567234039307,0.6269999742507935,0.12070000171661377
YGL098W,YLR004C,0,1.4877928,0.3416893780231476,0.6269999742507935,0.12080000340938568
YDR365C,YNL081C,0,1.4866657,0.3415032625198364,0.6269999742507935,0.120899997651577
YML041C,YMR225C,0,1.4853843,0.341317355632782,0.6269999742507935,0.12099999934434891
YDR361C,YCL068C,0,1.4852985,0.34113165736198425,0.6269999742507935,0.12110000103712082
YPR148C,YCL048W,0,1.4848425,0.34094616770744324,0.6269999742507935,0.12120000272989273
YIL144W,YGR083C,0,1.4827477,0.34076085686683655,0.6269999742507935,0.12129999697208405
YDR375C,YJL003W,0,1.4823998,0.34057578444480896,0.6269999742507935,0.12139999866485596
YLR083C,YOR127W,1,1.4812485,0.34093376994132996,0.628000020980835,0.12139999866485596
YDR212W,YDR213W,0,1.4785646,0.34074878692626953,0.628000020980835,0.12150000035762787
YOR192C,YMR313C,0,1.4782164,0.34056398272514343,0.628000020980835,0.12160000205039978
YBR248C,YML096W,0,1.4779773,0.34037941694259644,0.628000020980835,0.1216999962925911
YLL026W,YGR094W,0,1.4776758,0.34019502997398376,0.628000020980835,0.121799997985363
YOR060C,YDR179C,0,1.4773495,0.3400108218193054,0.628000020980835,0.12189999967813492
YOR371C,YBR083W,1,1.4769053,0.34036797285079956,0.6290000081062317,0.12189999967813492
YOL103W-A,YNR071C,0,1.4761963,0.34018388390541077,0.6290000081062317,0.12200000137090683
YKL069W,YDR427W,0,1.4757239,0.3400000035762787,0.6290000081062317,0.12210000306367874
YKL014C,YIL030C,0,1.4751612,0.33981630206108093,0.6290000081062317,0.12219999730587006
YPR169W,YOL051W,0,1.4751577,0.3396328389644623,0.6290000081062317,0.12229999899864197
YOR275C,YGL208W,1,1.4739078,0.33998921513557434,0.6299999952316284,0.12229999899864197
YKR100C,YLR337C,0,1.4729488,0.33980581164360046,0.6299999952316284,0.12240000069141388
YER056C,YIL120W,0,1.4709469,0.3396226465702057,0.6299999952316284,0.12250000238418579
YGR266W,YOR086C,0,1.4674221,0.33943966031074524,0.6299999952316284,0.1225999966263771
YKR095W-A,YCL044C,0,1.4649979,0.3392568528652191,0.6299999952316284,0.12269999831914902
YPL004C,YMR015C,0,1.4635254,0.3390742838382721,0.6299999952316284,0.12280000001192093
YPL043W,YLR200W,0,1.4604148,0.338891863822937,0.6299999952316284,0.12290000170469284
YMR316W,YPL115C,1,1.459486,0.33924731612205505,0.6309999823570251,0.12290000170469284
YOL144W,YER123W,0,1.4591922,0.3390650153160095,0.6309999823570251,0.12300000339746475
YKR089C,YGR161C,0,1.4570601,0.3388829231262207,0.6309999823570251,0.12309999763965607
YNL059C,YJR050W,0,1.4566568,0.3387010097503662,0.6309999823570251,0.12319999933242798
YDR028C,YNL180C,0,1.4554346,0.33851930499076843,0.6309999823570251,0.12330000102519989
YIR019C,YDL035C,1,1.4553422,0.3388739824295044,0.6320000290870667,0.12330000102519989
YBR107C,YJL212C,0,1.4549574,0.33869239687919617,0.6320000290870667,0.1234000027179718
YMR118C,YMR153W,0,1.451988,0.33851099014282227,0.6320000290870667,0.12349999696016312
YHL038C,YFL035C-B,0,1.4497764,0.3383297622203827,0.6320000290870667,0.12359999865293503
YDR381W,YBR015C,0,1.4469435,0.33814874291419983,0.6320000290870667,0.12370000034570694
YBL016W,YHR111W,1,1.4457567,0.3385026752948761,0.6330000162124634,0.12370000034570694
YJL162C,YHR073W,0,1.4442633,0.3383217453956604,0.6330000162124634,0.12380000203847885
YEL019C,YPL049C,0,1.4442089,0.3381410241127014,0.6330000162124634,0.12389999628067017
YNR048W,YIL123W,0,1.4438965,0.33796048164367676,0.6330000162124634,0.12399999797344208
YBR114W,YFR050C,0,1.443545,0.3377801477909088,0.6330000162124634,0.12409999966621399
YMR322C,YIL005W,0,1.4419898,0.3375999927520752,0.6330000162124634,0.1242000013589859
YOL009C,YBL100W-B,0,1.4372909,0.3374200463294983,0.6330000162124634,0.12430000305175781
YJL026W,YLR060W,0,1.4335151,0.3372402787208557,0.6330000162124634,0.12439999729394913
YBR028C,YGL111W,0,1.4334476,0.33706068992614746,0.6330000162124634,0.12449999898672104
YOL144W,YEL051W,0,1.4329963,0.3368813097476959,0.6330000162124634,0.12460000067949295
YDR280W,YIL018W,0,1.4318547,0.3367021381855011,0.6330000162124634,0.12470000237226486
YER063W,YNL251C,0,1.4303386,0.3365231156349182,0.6330000162124634,0.12479999661445618
YDL145C,YPL063W,0,1.4276174,0.33634430170059204,0.6330000162124634,0.12489999830722809
YNL164C,YMR207C,0,1.4265237,0.3361656963825226,0.6330000162124634,0.125
YKL048C,YLR259C,0,1.4261674,0.33598726987838745,0.6330000162124634,0.1251000016927719
YDR023W,YDR289C,0,1.4257417,0.33580902218818665,0.6330000162124634,0.12520000338554382
YLR258W,YCR036W,0,1.4248841,0.33563095331192017,0.6330000162124634,0.12530000507831573
YDL160C,YLR360W,0,1.4246826,0.3354530930519104,0.6330000162124634,0.12540000677108765
YGR254W,YOR316C,0,1.4237231,0.33527541160583496,0.6330000162124634,0.12549999356269836
YCR036W,YLR409C,0,1.4198802,0.33509793877601624,0.6330000162124634,0.12559999525547028
YMR009W,YOL078W,0,1.4198143,0.33492064476013184,0.6330000162124634,0.1256999969482422
YDR075W,YDR100W,0,1.4165709,0.33474352955818176,0.6330000162124634,0.1257999986410141
YOR262W,YNL020C,0,1.4152172,0.334566593170166,0.6330000162124634,0.125900000333786
YOR262W,YOR065W,0,1.4138108,0.334389865398407,0.6330000162124634,0.12600000202655792
YMR232W,YLR223C,0,1.4113421,0.3342133164405823,0.6330000162124634,0.12610000371932983
YDR308C,YGL116W,0,1.4108193,0.3340369462966919,0.6330000162124634,0.12620000541210175
YLR333C,YPR169W,0,1.4107202,0.33386075496673584,0.6330000162124634,0.12630000710487366
YPL168W,YLR001C,0,1.4088256,0.3336847722530365,0.6330000162124634,0.12639999389648438
YHR111W,YGL045W,1,1.4079263,0.33403581380844116,0.6340000033378601,0.12639999389648438
YPL280W,YJL078C,0,1.407183,0.333859920501709,0.6340000033378601,0.1264999955892563
YGL096W,YBR149W,0,1.4034333,0.33368420600891113,0.6340000033378601,0.1265999972820282
YHR122W,YDR105C,0,1.4021482,0.3335086703300476,0.6340000033378601,0.1266999989748001
YML127W,YOR273C,0,1.4018605,0.3333333432674408,0.6340000033378601,0.12680000066757202
YPL049C,YDR477W,1,1.4011276,0.33368366956710815,0.6349999904632568,0.12680000066757202
YDR427W,YHR214C-C,0,1.399565,0.3335084021091461,0.6349999904632568,0.12690000236034393
YPR008W,YBR109C,0,1.3943307,0.3333333432674408,0.6349999904632568,0.12700000405311584
YOR086C,YDL211C,0,1.3930595,0.3331584334373474,0.6349999904632568,0.12710000574588776
YDL124W,YGR044C,0,1.3929678,0.33298373222351074,0.6349999904632568,0.12720000743865967
YNR038W,YOR272W,0,1.391294,0.3328092098236084,0.6349999904632568,0.12729999423027039
YHR214C-C,YHR194W,0,1.3894471,0.33263489603996277,0.6349999904632568,0.1273999959230423
YLR167W,YKL052C,0,1.3881552,0.3324607312679291,0.6349999904632568,0.1274999976158142
YHR014W,YGL049C,0,1.387409,0.3322867751121521,0.6349999904632568,0.12759999930858612
YDR490C,YGR082W,0,1.3871543,0.33211296796798706,0.6349999904632568,0.12770000100135803
YMR225C,YAL026C,0,1.3818142,0.33193936944007874,0.6349999904632568,0.12780000269412994
YGR082W,YCR005C,0,1.3802096,0.33176594972610474,0.6349999904632568,0.12790000438690186
YHL003C,YDR098C-B,0,1.3794954,0.3315926790237427,0.6349999904632568,0.12800000607967377
YLR193C,YOR330C,0,1.376754,0.33141961693763733,0.6349999904632568,0.12809999287128448
YCR035C,YFR053C,0,1.3754113,0.3312467336654663,0.6349999904632568,0.1281999945640564
YPL239W,YLR001C,0,1.3750823,0.3310740292072296,0.6349999904632568,0.1282999962568283
YNL250W,YJL035C,0,1.3709948,0.33090150356292725,0.6349999904632568,0.12839999794960022
YDL024C,YOL116W,1,1.369763,0.33125001192092896,0.6359999775886536,0.12839999794960022
YBR043C,YCR038C,0,1.369161,0.33107757568359375,0.6359999775886536,0.12849999964237213
YLR007W,YDR135C,0,1.3673676,0.33090531826019287,0.6359999775886536,0.12860000133514404
YJL059W,YLR377C,0,1.3668634,0.3307332396507263,0.6359999775886536,0.12870000302791595
YHR165C,YMR243C,0,1.366581,0.3305613398551941,0.6359999775886536,0.12880000472068787
YOR065W,YMR195W,0,1.364822,0.3303896188735962,0.6359999775886536,0.12890000641345978
YLR083C,YDR379W,1,1.3637773,0.33073729276657104,0.6370000243186951,0.12890000641345978
YLR258W,YCR031C,0,1.3614585,0.3305656313896179,0.6370000243186951,0.1289999932050705
YOR247W,YGL151W,0,1.3596908,0.3303941786289215,0.6370000243186951,0.1290999948978424
YDL098C,YMR230W,0,1.3583038,0.3302229046821594,0.6370000243186951,0.12919999659061432
YGR004W,YLL067C,0,1.3533492,0.33005180954933167,0.6370000243186951,0.12929999828338623
YGL121C,YPL203W,1,1.347033,0.3303987681865692,0.6380000114440918,0.12929999828338623
YBL014C,YLR068W,0,1.3467312,0.33022773265838623,0.6380000114440918,0.12939999997615814
YGL070C,YDR246W,0,1.3466091,0.33005690574645996,0.6380000114440918,0.12950000166893005
YIL019W,YFR053C,0,1.3455546,0.329886257648468,0.6380000114440918,0.12960000336170197
YKR085C,YNL065W,0,1.3424633,0.329715758562088,0.6380000114440918,0.12970000505447388
YLL024C,YMR322C,0,1.3402216,0.3295454680919647,0.6380000114440918,0.1298000067472458
YPL146C,YHR024C,0,1.3397143,0.32937532663345337,0.6380000114440918,0.1298999935388565
YML021C,YKR075C,0,1.3392634,0.32920536398887634,0.6380000114440918,0.12999999523162842
YOR189W,YGL144C,0,1.33865,0.32903558015823364,0.6380000114440918,0.13009999692440033
YJL089W,YNL197C,1,1.3379545,0.32938143610954285,0.6389999985694885,0.13009999692440033
YLR039C,YLR190W,0,1.33755,0.3292117416858673,0.6389999985694885,0.13019999861717224
YGR142W,YKR099W,0,1.3348477,0.3290422260761261,0.6389999985694885,0.13030000030994415
YLR131C,YBR193C,0,1.3348193,0.3288728892803192,0.6389999985694885,0.13040000200271606
YMR110C,YGR040W,0,1.3345314,0.32870370149612427,0.6389999985694885,0.13050000369548798
YDR392W,YOR080W,1,1.3337852,0.32904884219169617,0.6399999856948853,0.13050000369548798
YER063W,YLR299W,0,1.3314258,0.3288797438144684,0.6399999856948853,0.1306000053882599
YNR055C,YJL069C,0,1.3308661,0.3287108242511749,0.6399999856948853,0.1307000070810318
YLR288C,YGL238W,0,1.3307991,0.3285420835018158,0.6399999856948853,0.13079999387264252
YBR189W,YLR259C,0,1.3283236,0.328373521566391,0.6399999856948853,0.13089999556541443
YKL060C,YLR115W,0,1.32736,0.3282051384449005,0.6399999856948853,0.13099999725818634
YER113C,YPL203W,1,1.3259943,0.32854947447776794,0.640999972820282,0.13099999725818634
YOL020W,YLR200W,0,1.3256321,0.32838115096092224,0.640999972820282,0.13109999895095825
YGR046W,YAL028W,0,1.3249546,0.32821300625801086,0.640999972820282,0.13120000064373016
YJR132W,YGR046W,0,1.324361,0.3280450403690338,0.640999972820282,0.13130000233650208
YIL137C,YDR028C,0,1.3236927,0.3278772234916687,0.640999972820282,0.131400004029274
YDL145C,YCL035C,0,1.3228017,0.3277096152305603,0.640999972820282,0.1315000057220459
YGL189C,YGR080W,0,1.322073,0.32754215598106384,0.640999972820282,0.1316000074148178
YOR026W,YOL116W,0,1.3218138,0.3273748755455017,0.640999972820282,0.13169999420642853
YDL235C,YNL247W,0,1.3216858,0.3272077739238739,0.640999972820282,0.13179999589920044
YER053C-A,YDL211C,0,1.3204682,0.32704082131385803,0.640999972820282,0.13189999759197235
YML101C,YHR142W,0,1.3203377,0.3268740475177765,0.640999972820282,0.13199999928474426
YDR004W,YLR435W,0,1.316041,0.3267074525356293,0.640999972820282,0.13210000097751617
YDR210W-C,YPR046W,0,1.313675,0.326541006565094,0.640999972820282,0.13220000267028809
YJL089W,YDR379W,1,1.3135902,0.3268839120864868,0.6420000195503235,0.13220000267028809
YKL191W,YMR237W,0,1.3122004,0.3267175555229187,0.6420000195503235,0.13230000436306
YHL050C,YKL051W,0,1.31194,0.3265513777732849,0.6420000195503235,0.1324000060558319
YGR004W,YDL102W,0,1.3112184,0.32638534903526306,0.6420000195503235,0.13249999284744263
YNL081C,YIL123W,0,1.310748,0.32621949911117554,0.6420000195503235,0.13259999454021454
YEL039C,YKL039W,0,1.3090184,0.32605382800102234,0.6420000195503235,0.13269999623298645
YPL179W,YNL216W,0,1.3089286,0.32588833570480347,0.6420000195503235,0.13279999792575836
YEL024W,YLR075W,0,1.3083572,0.32572299242019653,0.6420000195503235,0.13289999961853027
YDR201W,YBL013W,0,1.3053176,0.32555779814720154,0.6420000195503235,0.13300000131130219
YHR073W,YER027C,1,1.3034137,0.3258996307849884,0.6430000066757202,0.13300000131130219
YPR003C,YLR056W,0,1.3016374,0.32573455572128296,0.6430000066757202,0.1331000030040741
YJL078C,YBR272C,0,1.2992244,0.32556962966918945,0.6430000066757202,0.133200004696846
YKR095W,YGL238W,0,1.2989705,0.3254048526287079,0.6430000066757202,0.13330000638961792
YOL132W,YDR045C,0,1.2980456,0.32524025440216064,0.6430000066757202,0.13339999318122864
YAL041W,YHR073W,1,1.2980171,0.3255814015865326,0.6439999938011169,0.13339999318122864
YKR095W-A,YGL144C,0,1.2975281,0.3254168629646301,0.6439999938011169,0.13349999487400055
YML107C,YHR214W,0,1.2968271,0.3252525329589844,0.6439999938011169,0.13359999656677246
YNL076W,YOL095C,0,1.293959,0.32508835196495056,0.6439999938011169,0.13369999825954437
YPL203W,YHR154W,0,1.2881517,0.3249243199825287,0.6439999938011169,0.13379999995231628
YLR315W,YGR122W,0,1.28753,0.32476046681404114,0.6439999938011169,0.1339000016450882
YFR014C,YER060W-A,0,1.2870488,0.3245967626571655,0.6439999938011169,0.1340000033378601
YLR345W,YHR114W,0,1.2866925,0.32443323731422424,0.6439999938011169,0.13410000503063202
YAL028W,YJR118C,0,1.2866136,0.3242698907852173,0.6439999938011169,0.13420000672340393
YNL051W,YDR257C,0,1.2860546,0.32410669326782227,0.6439999938011169,0.13429999351501465
YFL026W,YGR017W,0,1.282817,0.3239436745643616,0.6439999938011169,0.13439999520778656
YLR324W,YPL234C,0,1.2798835,0.3237808048725128,0.6439999938011169,0.13449999690055847
YHR210C,YNL164C,0,1.2793565,0.323618084192276,0.6439999938011169,0.13459999859333038
YKR077W,YKL099C,0,1.2783866,0.3234555423259735,0.6439999938011169,0.1347000002861023
YHR090C,YPR100W,0,1.277658,0.32329317927360535,0.6439999938011169,0.1348000019788742
YLR432W,YDR135C,0,1.277463,0.3231309652328491,0.6439999938011169,0.13490000367164612
YLR118C,YOR019W,0,1.2732819,0.32296890020370483,0.6439999938011169,0.13500000536441803
YPR110C,YOR019W,0,1.2711759,0.3228070139884949,0.6439999938011169,0.13510000705718994
YDR045C,YBR162C,0,1.2709113,0.32264527678489685,0.6439999938011169,0.13519999384880066
YDR386W,YLR181C,0,1.2673974,0.32248371839523315,0.6439999938011169,0.13529999554157257
YOR019W,YDR438W,0,1.2665861,0.3223223090171814,0.6439999938011169,0.13539999723434448
YLR426W,YOR189W,0,1.2664548,0.32216107845306396,0.6439999938011169,0.1354999989271164
YOR250C,YPL161C,0,1.2657214,0.32199999690055847,0.6439999938011169,0.1356000006198883
YHR149C,YPL221W,0,1.2643747,0.3218390941619873,0.6439999938011169,0.13570000231266022
YOL122C,YER053C-A,0,1.2637308,0.3216783106327057,0.6439999938011169,0.13580000400543213
YNL051W,YGR120C,0,1.259058,0.3215177357196808,0.6439999938011169,0.13590000569820404
YLL024C,YMR149W,0,1.2578106,0.32135728001594543,0.6439999938011169,0.13600000739097595
YGR181W,YIL096C,0,1.2569528,0.3211970031261444,0.6439999938011169,0.13609999418258667
YER062C,YPL215W,0,1.2545615,0.3210368752479553,0.6439999938011169,0.13619999587535858
YKR075C,YHL035C,0,1.2538795,0.32087692618370056,0.6439999938011169,0.1362999975681305
YIL037C,YBR003W,0,1.2536943,0.32071712613105774,0.6439999938011169,0.1363999992609024
YOR227W,YDR438W,0,1.2533922,0.32055750489234924,0.6439999938011169,0.13650000095367432
YOR319W,YNL161W,0,1.253135,0.3203980028629303,0.6439999938011169,0.13660000264644623
YLR284C,YHR193C,0,1.252956,0.3202386796474457,0.6439999938011169,0.13670000433921814
YER033C,YCL048W,0,1.2527328,0.3200795352458954,0.6439999938011169,0.13680000603199005
YPL133C,YDR028C,0,1.252033,0.31992051005363464,0.6439999938011169,0.13689999282360077
YGR024C,YOR002W,0,1.2498507,0.3197616636753082,0.6439999938011169,0.13699999451637268
YKL132C,YPR046W,0,1.2497576,0.31960296630859375,0.6439999938011169,0.1370999962091446
YJL167W,YDR188W,0,1.2476618,0.3194444477558136,0.6439999938011169,0.1371999979019165
YLR007W,YLR328W,0,1.2470173,0.3192860782146454,0.6439999938011169,0.13729999959468842
YML081W,YDR303C,0,1.2452784,0.3191278576850891,0.6439999938011169,0.13740000128746033
YOR267C,YMR118C,0,1.2451223,0.3189697861671448,0.6439999938011169,0.13750000298023224
YER056C,YFL026W,0,1.2429507,0.31881189346313477,0.6439999938011169,0.13760000467300415
YMR192W,YAL068C,0,1.2388427,0.3186541199684143,0.6439999938011169,0.13770000636577606
YPL141C,YBR100W,0,1.2380848,0.3184965252876282,0.6439999938011169,0.13779999315738678
YLR363C,YHR194W,0,1.2375749,0.31833910942077637,0.6439999938011169,0.1378999948501587
YDR110W,YMR149W,0,1.2350764,0.3181818127632141,0.6439999938011169,0.1379999965429306
YKR078W,YPL117C,0,1.2338194,0.3180246949195862,0.6439999938011169,0.13809999823570251
YFL035C-B,YKL077W,0,1.233387,0.3178677260875702,0.6439999938011169,0.13819999992847443
YDR430C,YPL156C,0,1.2316713,0.31771090626716614,0.6439999938011169,0.13830000162124634
YLR466W,YOR254C,0,1.2310253,0.317554235458374,0.6439999938011169,0.13840000331401825
YOR380W,YML013W,0,1.2305179,0.31739774346351624,0.6439999938011169,0.13850000500679016
YBL016W,YPL049C,1,1.2302172,0.3177340030670166,0.6449999809265137,0.13850000500679016
YFR027W,YOR158W,0,1.2300828,0.3175775408744812,0.6449999809265137,0.13860000669956207
YDR204W,YBR131W,0,1.2287726,0.3174212574958801,0.6449999809265137,0.1386999934911728
YLL018C,YDR213W,0,1.2252257,0.317265123128891,0.6449999809265137,0.1387999951839447
YOR316C,YJL058C,0,1.2247089,0.3171091377735138,0.6449999809265137,0.1388999968767166
YOL011W,YOR113W,0,1.2243534,0.3169533312320709,0.6449999809265137,0.13899999856948853
YOR016C,YBR162W-A,0,1.2238799,0.3167976438999176,0.6449999809265137,0.13910000026226044
YKL062W,YDR200C,0,1.2232109,0.3166421353816986,0.6449999809265137,0.13920000195503235
YIL022W,YMR175W,0,1.2229375,0.31648674607276917,0.6449999809265137,0.13930000364780426
YJR048W,YNR038W,0,1.2220585,0.31633153557777405,0.6449999809265137,0.13940000534057617
YPL049C,YOR212W,1,1.2219565,0.3166666626930237,0.6460000276565552,0.13940000534057617
YPL043W,YOR343C-A,0,1.220552,0.31651151180267334,0.6460000276565552,0.13950000703334808
YDR427W,YLR367W,0,1.2202661,0.31635650992393494,0.6460000276565552,0.1395999938249588
YJL089W,YDL093W,0,1.2198348,0.31620165705680847,0.6460000276565552,0.1396999955177307
YPR003C,YPL135W,0,1.2185559,0.31604695320129395,0.6460000276565552,0.13979999721050262
YNR048W,YPL193W,0,1.2171042,0.31589242815971375,0.6460000276565552,0.13989999890327454
YHR204W,YHR149C,0,1.2154181,0.3157380223274231,0.6460000276565552,0.14000000059604645
YMR243C,YDL123W,0,1.2151068,0.3155837953090668,0.6460000276565552,0.14010000228881836
YGR174C,YLL006W,0,1.2134707,0.3154296875,0.6460000276565552,0.14020000398159027
YOL132W,YEL024W,0,1.2132647,0.31527575850486755,0.6460000276565552,0.14030000567436218
YNL051W,YGR007W,0,1.2107637,0.31512194871902466,0.6460000276565552,0.1404000073671341
YKL191W,YHR138C,0,1.2105967,0.3149683177471161,0.6460000276565552,0.1404999941587448
YDR244W,YMR035W,0,1.2102048,0.31481480598449707,0.6460000276565552,0.14059999585151672
YOL012C,YNL288W,0,1.2096368,0.3146614730358124,0.6460000276565552,0.14069999754428864
YML098W,YER123W,0,1.2078372,0.3145082890987396,0.6460000276565552,0.14079999923706055
YER108C,YOR275C,1,1.2056204,0.3148418366909027,0.6470000147819519,0.14079999923706055
YDR175C,YFR038W,0,1.2055019,0.31468871235847473,0.6470000147819519,0.14090000092983246
YOL135C,YKR077W,0,1.2051644,0.3145357370376587,0.6470000147819519,0.14100000262260437
YLR258W,YPL117C,0,1.2023137,0.3143829107284546,0.6470000147819519,0.14110000431537628
YBR146W,YIL130W,0,1.2012737,0.31423020362854004,0.6470000147819519,0.1412000060081482
YDR160W,YGL127C,0,1.2003458,0.3140776753425598,0.6470000147819519,0.1412999927997589
YER109C,YAL056W,1,1.1993234,0.3144104778766632,0.6480000019073486,0.1412999927997589
YJR131W,YOR009W,0,1.1978464,0.31425800919532776,0.6480000019073486,0.14139999449253082
YLR083C,YHR073W,1,1.1966431,0.3145903944969177,0.6489999890327454,0.14139999449253082
YHR165C,YAL030W,0,1.195317,0.31443798542022705,0.6489999890327454,0.14149999618530273
YPL115C,YDR477W,1,1.1948303,0.314769983291626,0.6499999761581421,0.14149999618530273
YER108C,YDL024C,1,1.1901798,0.31510165333747864,0.6510000228881836,0.14149999618530273
YHR113W,YCR035C,0,1.1888136,0.3149492144584656,0.6510000228881836,0.14159999787807465
YML086C,YNR038W,0,1.1871814,0.31479689478874207,0.6510000228881836,0.14169999957084656
YBR162W-A,YGR120C,0,1.1865654,0.3146447539329529,0.6510000228881836,0.14180000126361847
YDR434W,YBR295W,0,1.1849306,0.31449276208877563,0.6510000228881836,0.14190000295639038
YML021C,YJL089W,0,1.1842039,0.31434088945388794,0.6510000228881836,0.1420000046491623
YGR040W,YDR043C,1,1.1825105,0.3146718144416809,0.6520000100135803,0.1420000046491623
YOR260W,YGL238W,0,1.1823504,0.3145200312137604,0.6520000100135803,0.1421000063419342
YDL105W,YDR261C,0,1.1783209,0.3143683671951294,0.6520000100135803,0.14219999313354492
YPL262W,YHR202W,0,1.1753073,0.31421688199043274,0.6520000100135803,0.14229999482631683
YML081W,YCR024C,0,1.1735855,0.31406551599502563,0.6520000100135803,0.14239999651908875
YJR102C,YHR090C,0,1.1734412,0.31391429901123047,0.6520000100135803,0.14249999821186066
YLR039C,YNL041C,0,1.1719096,0.31376323103904724,0.6520000100135803,0.14259999990463257
YBR211C,YAL056W,0,1.1712632,0.31361231207847595,0.6520000100135803,0.14270000159740448
YPR008W,YDR160W,0,1.1696968,0.3134615421295166,0.6520000100135803,0.1428000032901764
YDL160C,YGR170W,0,1.169014,0.3133109211921692,0.6520000100135803,0.1429000049829483
YER109C,YJL208C,0,1.1675911,0.31316041946411133,0.6520000100135803,0.14300000667572021
YNL130C,YOR343C-A,0,1.1673672,0.3130100667476654,0.6520000100135803,0.14309999346733093
YDR268W,YMR149W,0,1.1661704,0.3128598928451538,0.6520000100135803,0.14319999516010284
YOR380W,YOL055C,0,1.1660498,0.31270983815193176,0.6520000100135803,0.14329999685287476
YNL062C,YJL003W,0,1.1658275,0.31255993247032166,0.6520000100135803,0.14339999854564667
YPL280W,YMR133W,0,1.1657704,0.3124101459980011,0.6520000100135803,0.14350000023841858
YGR120C,YNL118C,0,1.1649435,0.31226053833961487,0.6520000100135803,0.1436000019311905
YBR162W-A,YHR157W,0,1.1645207,0.3121110498905182,0.6520000100135803,0.1437000036239624
YDR490C,YPL120W,0,1.1644574,0.31196171045303345,0.6520000100135803,0.14380000531673431
YKL062W,YBR109C,0,1.1602138,0.31181252002716064,0.6520000100135803,0.14390000700950623
YOR032C,YHR005C,0,1.1597035,0.3116634786128998,0.6520000100135803,0.14399999380111694
YDR092W,YNL111C,0,1.1568186,0.31151458621025085,0.6520000100135803,0.14409999549388885
YPR095C,YER102W,0,1.1562469,0.3113658130168915,0.6520000100135803,0.14419999718666077
YFR040W,YLR056W,0,1.1543512,0.31121718883514404,0.6520000100135803,0.14429999887943268
YMR205C,YKR049C,0,1.1515255,0.31106871366500854,0.6520000100135803,0.1444000005722046
YGR181W,YLR337C,0,1.1510444,0.3109203577041626,0.6520000100135803,0.1445000022649765
YNL094W,YNL176C,0,1.1495519,0.3107721507549286,0.6520000100135803,0.1446000039577484
YFL025C,YKL063C,0,1.1476519,0.3106240928173065,0.6520000100135803,0.14470000565052032
YNR048W,YGR260W,0,1.1469592,0.3104761838912964,0.6520000100135803,0.14480000734329224
YOR252W,YIL173W,0,1.1468765,0.3103284239768982,0.6520000100135803,0.14489999413490295
YJR117W,YBR200W-A,0,1.1466887,0.31018078327178955,0.6520000100135803,0.14499999582767487
YHR170W,YHL015W,0,1.1465755,0.31003329157829285,0.6520000100135803,0.14509999752044678
YBL087C,YOL042W,0,1.1445562,0.3098859190940857,0.6520000100135803,0.1451999992132187
YFL061W,YDL154W,0,1.1433609,0.30973872542381287,0.6520000100135803,0.1453000009059906
YPL224C,YOR019W,0,1.1428387,0.3095916509628296,0.6520000100135803,0.1454000025987625
YIR031C,YDL031W,0,1.142714,0.30944469571113586,0.6520000100135803,0.14550000429153442
YHR111W,YER027C,1,1.1415834,0.3097722828388214,0.652999997138977,0.14550000429153442
YJR108W,YFR030W,0,1.1409049,0.30962541699409485,0.652999997138977,0.14560000598430634
YLR058C,YMR091C,0,1.1402947,0.30947867035865784,0.652999997138977,0.14569999277591705
YKR079C,YOR059C,0,1.1348361,0.30933207273483276,0.652999997138977,0.14579999446868896
YLR167W,YPR105C,0,1.134014,0.30918559432029724,0.652999997138977,0.14589999616146088
YDL243C,YLR248W,0,1.133172,0.30903929471969604,0.652999997138977,0.1459999978542328
YMR261C,YGL171W,0,1.1328003,0.308893084526062,0.652999997138977,0.1460999995470047
YBL080C,YDR080W,0,1.1276202,0.3087470531463623,0.652999997138977,0.1462000012397766
YLR323C,YDR179C,0,1.1254809,0.30860114097595215,0.652999997138977,0.14630000293254852
YDL135C,YPR068C,0,1.1227415,0.30845534801483154,0.652999997138977,0.14640000462532043
YHL025W,YGR161C-D,0,1.1224699,0.30830973386764526,0.652999997138977,0.14650000631809235
YGR170W,YPR034W,0,1.121433,0.30816423892974854,0.652999997138977,0.14659999310970306
YGL045W,YMR116C,1,1.1212,0.3084905743598938,0.6539999842643738,0.14659999310970306
YGL092W,YKL077W,0,1.120784,0.30834510922431946,0.6539999842643738,0.14669999480247498
YLR083C,YGL046W,1,1.1203859,0.3086710572242737,0.6549999713897705,0.14669999480247498
YGL139W,YGL129C,0,1.1203672,0.3085256814956665,0.6549999713897705,0.1467999964952469
YDR375C,YAL011W,0,1.1182878,0.3083804249763489,0.6549999713897705,0.1468999981880188
YOR193W,YER178W,0,1.1179937,0.3082352876663208,0.6549999713897705,0.1469999998807907
YPR154W,YER071C,0,1.1156391,0.30809029936790466,0.6549999713897705,0.14710000157356262
YOR343C-A,YBL025W,0,1.1153709,0.30794546008110046,0.6549999713897705,0.14720000326633453
YOL055C,YGL064C,0,1.1143059,0.3078007400035858,0.6549999713897705,0.14730000495910645
YML055W,YKL099C,0,1.1141363,0.3076561689376831,0.6549999713897705,0.14740000665187836
YDR235W,YML086C,0,1.1141008,0.30751174688339233,0.6549999713897705,0.14749999344348907
YKR100C,YER155C,0,1.1137052,0.3073674440383911,0.6549999713897705,0.147599995136261
YER028C,YML004C,0,1.1133509,0.30722326040267944,0.6549999713897705,0.1476999968290329
YMR105C,YPL239W,0,1.1132222,0.3070792257785797,0.6549999713897705,0.1477999985218048
YBR083W,YMR116C,1,1.1104741,0.30740392208099365,0.656000018119812,0.1477999985218048
YFR010W,YMR001C,0,1.1101917,0.3072599470615387,0.656000018119812,0.14790000021457672
YOR103C,YER167W,0,1.1092737,0.3071160912513733,0.656000018119812,0.14800000190734863
YKR064W,YOL011W,0,1.1090133,0.3069723844528198,0.656000018119812,0.14810000360012054
YNR037C,YGR040W,0,1.1080028,0.3068288266658783,0.656000018119812,0.14820000529289246
YMR110C,YLR154W-C,0,1.1079658,0.30668535828590393,0.656000018119812,0.14830000698566437
YBL013W,YDR111C,0,1.1077812,0.3065420687198639,0.656000018119812,0.14839999377727509
YPR037C,YER102W,0,1.1075478,0.306398868560791,0.656000018119812,0.148499995470047
YLR150W,YOR109W,0,1.1070974,0.30625584721565247,0.656000018119812,0.1485999971628189
YLR004C,YPL146C,0,1.1058209,0.3061129152774811,0.656000018119812,0.14869999885559082
YFR050C,YHL011C,0,1.1047747,0.305970162153244,0.656000018119812,0.14880000054836273
YCL017C,YDR350C,0,1.1044599,0.3058274984359741,0.656000018119812,0.14890000224113464
YGL092W,YHR014W,0,1.103905,0.30568498373031616,0.656000018119812,0.14900000393390656
YNL284C-B,YKL006C-A,0,1.1029652,0.30554261803627014,0.656000018119812,0.14910000562667847
YNL263C,YKL069W,0,1.1025044,0.30540037155151367,0.656000018119812,0.14920000731945038
YDR213W,YIR019C,0,1.0998037,0.30525827407836914,0.656000018119812,0.1492999941110611
YIL068C,YOL051W,0,1.0983806,0.3051162660121918,0.656000018119812,0.149399995803833
YNL294C,YIL062C,0,1.0975237,0.30497443675994873,0.656000018119812,0.14949999749660492
YBR162W-A,YLR194C,0,1.0968926,0.30483272671699524,0.656000018119812,0.14959999918937683
YML100W,YJL133C-A,0,1.095677,0.3046911358833313,0.656000018119812,0.14970000088214874
YGR283C,YML055W,0,1.0904814,0.3045496642589569,0.656000018119812,0.14980000257492065
YDL012C,YML082W,0,1.0897636,0.30440834164619446,0.656000018119812,0.14990000426769257
YDR345C,YBL100W-B,0,1.0866319,0.30426716804504395,0.656000018119812,0.15000000596046448
YJL183W,YOR009W,0,1.0864264,0.304126113653183,0.656000018119812,0.1500999927520752
YAL011W,YNL059C,0,1.0854104,0.3039851784706116,0.656000018119812,0.1501999944448471
YFR047C,YFL018W-A,0,1.0851787,0.3038443624973297,0.656000018119812,0.15029999613761902
YDR268W,YCR035C,0,1.0829195,0.3037036955356598,0.656000018119812,0.15039999783039093
YPR097W,YCL048W,0,1.0802891,0.3035631775856018,0.656000018119812,0.15049999952316284
YAL007C,YLR328W,0,1.0797113,0.303422749042511,0.656000018119812,0.15060000121593475
YMR076C,YDL124W,0,1.0792768,0.3032824695110321,0.656000018119812,0.15070000290870667
YBR091C,YPR155C,0,1.0766407,0.30314233899116516,0.656000018119812,0.15080000460147858
YLR017W,YDR395W,0,1.0764167,0.3030022978782654,0.656000018119812,0.1509000062942505
YLR259C,YKL087C,0,1.0759835,0.30286240577697754,0.656000018119812,0.1509999930858612
YOR103C,YPL239W,0,1.0735096,0.30272266268730164,0.656000018119812,0.15109999477863312
YJR132W,YCR021C,0,1.0723972,0.3025830388069153,0.656000018119812,0.15119999647140503
YOL078W,YHR118C,0,1.0723349,0.3024435341358185,0.656000018119812,0.15129999816417694
YDR516C,YER038C,0,1.0691425,0.30230414867401123,0.656000018119812,0.15139999985694885
YNL137C,YPR071W,0,1.068478,0.3021649122238159,0.656000018119812,0.15150000154972076
YML013W,YDR244W,0,1.0684395,0.30202579498291016,0.656000018119812,0.15160000324249268
YAL002W,YMR207C,0,1.0677515,0.30188679695129395,0.656000018119812,0.1517000049352646
YNL167C,YIL013C,0,1.0676639,0.3017479181289673,0.656000018119812,0.1518000066280365
YER109C,YCR038C,0,1.0661234,0.30160918831825256,0.656000018119812,0.15189999341964722
YMR063W,YJL026W,0,1.0661024,0.3014705777168274,0.656000018119812,0.15199999511241913
YML057W,YHR080C,0,1.0658191,0.30133211612701416,0.656000018119812,0.15209999680519104
YDL135C,YNL216W,0,1.065478,0.3011937439441681,0.656000018119812,0.15219999849796295
YLR234W,YKL048C,0,1.0654023,0.30105552077293396,0.656000018119812,0.15230000019073486
YBR279W,YDL149W,0,1.0647297,0.3009174168109894,0.656000018119812,0.15240000188350677
YER041W,YHR111W,0,1.0639946,0.30077946186065674,0.656000018119812,0.1525000035762787
YML011C,YHR194W,0,1.0639571,0.30064162611961365,0.656000018119812,0.1526000052690506
YGL208W,YAL056W,1,1.0626721,0.300961971282959,0.6570000052452087,0.1526000052690506
YOR260W,YIL062C,0,1.0623807,0.3008241653442383,0.6570000052452087,0.1527000069618225
YOR032C,YEL024W,0,1.0623006,0.3006865084171295,0.6570000052452087,0.15279999375343323
YJR073C,YHR193C,0,1.0614676,0.3005489408969879,0.6570000052452087,0.15289999544620514
YMR232W,YBR114W,0,1.0603067,0.30041152238845825,0.6570000052452087,0.15299999713897705
YPL075W,YPL063W,0,1.0602334,0.30027422308921814,0.6570000052452087,0.15309999883174896
YCR016W,YNL076W,0,1.0602106,0.3001370429992676,0.6570000052452087,0.15320000052452087
YNL038W,YER108C,0,1.0571104,0.30000001192092896,0.6570000052452087,0.15330000221729279
YPR055W,YBR272C,0,1.055481,0.2998630702495575,0.6570000052452087,0.1534000039100647
YFL049W,YDR395W,0,1.0541015,0.299726277589798,0.6570000052452087,0.1535000056028366
YOL009C,YDR110W,0,1.0524907,0.299589604139328,0.6570000052452087,0.15360000729560852
YIL008W,YBR083W,1,1.0512464,0.299908846616745,0.6579999923706055,0.15360000729560852
YAL007C,YBR086C,0,1.0506576,0.2997722029685974,0.6579999923706055,0.15369999408721924
YLR131C,YPR067W,0,1.0501039,0.29963570833206177,0.6579999923706055,0.15379999577999115
YHL031C,YLR092W,0,1.0483613,0.2994993031024933,0.6579999923706055,0.15389999747276306
YHR084W,YHL007C,1,1.0482194,0.2998180091381073,0.6589999794960022,0.15389999747276306
YDR127W,YLR259C,0,1.0459045,0.2996816635131836,0.6589999794960022,0.15399999916553497
YPL004C,YOR078W,0,1.045006,0.2995454668998718,0.6589999794960022,0.15410000085830688
YLR056W,YHR080C,0,1.0447346,0.2994093596935272,0.6589999794960022,0.1542000025510788
YDL160C,YBL014C,0,1.0445064,0.29927340149879456,0.6589999794960022,0.1543000042438507
YIL156W,YPR120C,0,1.042227,0.29913753271102905,0.6589999794960022,0.15440000593662262
YOR192C,YGL107C,0,1.0421505,0.2990018129348755,0.6589999794960022,0.15449999272823334
YOL116W,YIL008W,1,1.0409583,0.29931971430778503,0.6600000262260437,0.15449999272823334
YDL091C,YPL175W,0,1.039244,0.29918405413627625,0.6600000262260437,0.15459999442100525
YHR011W,YOL116W,1,1.036673,0.29950159788131714,0.6610000133514404,0.15459999442100525
YDR122W,YNL181W,0,1.0320749,0.29936593770980835,0.6610000133514404,0.15469999611377716
YKR096W,YER100W,0,1.0316788,0.2992304265499115,0.6610000133514404,0.15479999780654907
YOL009C,YMR133W,0,1.0312266,0.2990950345993042,0.6610000133514404,0.15489999949932098
YKR079C,YGR245C,0,1.0291647,0.29895973205566406,0.6610000133514404,0.1550000011920929
YGL085W,YDR135C,0,1.027293,0.29882457852363586,0.6610000133514404,0.1551000028848648
YHR006W,YDR179C,0,1.0255088,0.2986895740032196,0.6610000133514404,0.15520000457763672
YBR101C,YOR086C,0,1.0235622,0.2985546588897705,0.6610000133514404,0.15530000627040863
YOR267C,YOR266W,0,1.0232193,0.29841986298561096,0.6610000133514404,0.15539999306201935
YPL004C,YHR120W,0,1.0201306,0.29828518629074097,0.6610000133514404,0.15549999475479126
YGR244C,YPL018W,0,1.0199182,0.2981506586074829,0.6610000133514404,0.15559999644756317
YJR153W,YJR052W,0,1.015403,0.298016220331192,0.6610000133514404,0.15569999814033508
YOR034C,YDR176W,0,1.0152721,0.29788193106651306,0.6610000133514404,0.155799999833107
YFR010W,YOL132W,0,1.0144795,0.29774776101112366,0.6610000133514404,0.1559000015258789
YAL059W,YKR088C,0,1.0144005,0.2976136803627014,0.6610000133514404,0.15600000321865082
YNL038W,YDR080W,0,1.0142136,0.2974797487258911,0.6610000133514404,0.15610000491142273
YER176W,YDR308C,0,1.0132389,0.29734593629837036,0.6610000133514404,0.15620000660419464
YPR106W,YDR045C,0,1.013222,0.29721224308013916,0.6610000133514404,0.15629999339580536
YLR260W,YML096W,0,1.0126623,0.2970786392688751,0.6610000133514404,0.15639999508857727
YOL011W,YOR086C,0,1.011066,0.296945184469223,0.6610000133514404,0.15649999678134918
YLL021W,YCL064C,0,1.0108767,0.2968118488788605,0.6610000133514404,0.1565999984741211
YIL075C,YOR068C,0,1.0106449,0.2966786324977875,0.6610000133514404,0.156700000166893
YFR024C,YKL192C,0,1.0098104,0.29654553532600403,0.6610000133514404,0.15680000185966492
YFR024C,YER102W,0,1.008359,0.29641255736351013,0.6610000133514404,0.15690000355243683
YLR083C,YOR371C,1,1.0075203,0.2967279255390167,0.6620000004768372,0.15690000355243683
YGR254W,YNR032C-A,0,1.0069678,0.2965949773788452,0.6620000004768372,0.15700000524520874
YPL280W,YKR077W,0,1.0059292,0.29646214842796326,0.6620000004768372,0.15710000693798065
YLR442C,YJL026W,0,1.0053382,0.29632946848869324,0.6620000004768372,0.15719999372959137
YKL129C,YBR023C,0,1.0049984,0.2961968779563904,0.6620000004768372,0.15729999542236328
YDR292C,YNR033W,0,1.0040286,0.2960644066333771,0.6620000004768372,0.1573999971151352
YFR050C,YPL239W,0,1.003332,0.2959320545196533,0.6620000004768372,0.1574999988079071
YGR040W,YER027C,1,1.0032754,0.29624664783477783,0.6629999876022339,0.1574999988079071
YIL038C,YOL051W,0,1.002321,0.29611432552337646,0.6629999876022339,0.15760000050067902
YML098W,YCR024C,0,1.0008795,0.29598215222358704,0.6629999876022339,0.15770000219345093
YLR315W,YJR096W,0,1.0006167,0.29585006833076477,0.6629999876022339,0.15780000388622284
YFL035C-B,YER038C,0,1.0002275,0.29571810364723206,0.6629999876022339,0.15790000557899475
YKR096W,YHR111W,0,0.9972161,0.2955862581729889,0.6629999876022339,0.15800000727176666
YHR111W,YGL121C,1,0.9967413,0.2959001660346985,0.6639999747276306,0.15800000727176666
YJL133C-A,YKR072C,0,0.9967383,0.2957683801651001,0.6639999747276306,0.15809999406337738
YMR234W,YDR204W,0,0.99624175,0.29563668370246887,0.6639999747276306,0.1581999957561493
YGR181W,YLR092W,0,0.99577653,0.2955051064491272,0.6639999747276306,0.1582999974489212
YDL098C,YOR262W,0,0.9948909,0.29537367820739746,0.6639999747276306,0.15839999914169312
YBL013W,YJL001W,0,0.99486375,0.2952423393726349,0.6639999747276306,0.15850000083446503
YIL069C,YOR086C,0,0.99402076,0.29511111974716187,0.6639999747276306,0.15860000252723694
YLR039C,YDR105C,0,0.9932337,0.2949800193309784,0.6639999747276306,0.15870000422000885
YCL017C,YBR295W,0,0.9912219,0.2948490083217621,0.6639999747276306,0.15880000591278076
YKR085C,YER053C-A,0,0.9906865,0.2947181463241577,0.6639999747276306,0.15889999270439148
YNL055C,YJR096W,0,0.99037397,0.2945874035358429,0.6639999747276306,0.1589999943971634
YOR078W,YMR131C,0,0.98988694,0.29445675015449524,0.6639999747276306,0.1590999960899353
YPL049C,YDL035C,1,0.98802876,0.2947694957256317,0.6650000214576721,0.1590999960899353
YOR119C,YOL051W,0,0.98773,0.29463890194892883,0.6650000214576721,0.15919999778270721
YPR169W,YIL018W,0,0.9869466,0.2945084273815155,0.6650000214576721,0.15929999947547913
YDL247W,YDR150W,0,0.98523164,0.29437804222106934,0.6650000214576721,0.15940000116825104
YJL054W,YLR259C,0,0.9837644,0.2942477762699127,0.6650000214576721,0.15950000286102295
YER113C,YER109C,1,0.9810786,0.29455992579460144,0.6660000085830688,0.15950000286102295
YOR262W,YGR174C,0,0.97947586,0.2944297194480896,0.6660000085830688,0.15960000455379486
YIL118W,YDR289C,0,0.97776496,0.2942996025085449,0.6660000085830688,0.15970000624656677
YDR078C,YJR046W,0,0.97770584,0.2941696047782898,0.6660000085830688,0.1597999930381775
YNL286W,YJL197W,0,0.97570574,0.2940397262573242,0.6660000085830688,0.1598999947309494
YMR015C,YDL123W,0,0.9744345,0.2939099669456482,0.6660000085830688,0.1599999964237213
YGR217W,YLR037C,0,0.9737569,0.2937803268432617,0.6660000085830688,0.16009999811649323
YFL056C,YJR027W,0,0.9728097,0.2936508059501648,0.6660000085830688,0.16019999980926514
YEL018W,YDL235C,0,0.9727685,0.29352137446403503,0.6660000085830688,0.16030000150203705
YDL189W,YIL043C,0,0.97253823,0.2933920621871948,0.6660000085830688,0.16040000319480896
YDR261C,YNR059W,0,0.9721864,0.29326286911964417,0.6660000085830688,0.16050000488758087
YHL025W,YMR118C,0,0.97204685,0.29313379526138306,0.6660000085830688,0.16060000658035278
YLR223C,YJL013C,0,0.97193307,0.2930048406124115,0.6660000085830688,0.1606999933719635
YBR208C,YLR058C,0,0.9712784,0.2928759753704071,0.6660000085830688,0.1607999950647354
YDR160W,YAL026C,0,0.97046435,0.29274725914001465,0.6660000085830688,0.16089999675750732
YKL014C,YBR279W,0,0.96880805,0.29261863231658936,0.6660000085830688,0.16099999845027924
YMR015C,YER127W,0,0.96532834,0.2924901247024536,0.6660000085830688,0.16110000014305115
YNL250W,YPL004C,0,0.963639,0.29236170649528503,0.6660000085830688,0.16120000183582306
YER108C,YLR229C,1,0.96322024,0.29267221689224243,0.6669999957084656,0.16120000183582306
YHR194W,YDR438W,0,0.962676,0.29254385828971863,0.6669999957084656,0.16130000352859497
YPL146C,YMR226C,0,0.962626,0.2924156188964844,0.6669999957084656,0.16140000522136688
YMR156C,YLR067C,0,0.9609203,0.2922874689102173,0.6669999957084656,0.1615000069141388
YDR490C,YBR162C,0,0.9604985,0.29215943813323975,0.6669999957084656,0.1615999937057495
YDR043C,YER109C,1,0.9603888,0.2924693524837494,0.6679999828338623,0.1615999937057495
YNL132W,YJL003W,0,0.9599372,0.29234135150909424,0.6679999828338623,0.16169999539852142
YBR131W,YKR072C,0,0.9578498,0.29221346974372864,0.6679999828338623,0.16179999709129333
YMR225C,YDR365W-A,0,0.95709586,0.2920857071876526,0.6679999828338623,0.16189999878406525
YBL080C,YHR190W,0,0.9567752,0.2919580340385437,0.6679999828338623,0.16200000047683716
YLR362W,YOR080W,1,0.95428836,0.2922673523426056,0.6690000295639038,0.16200000047683716
YNL214W,YBR023C,0,0.95296293,0.2921397387981415,0.6690000295639038,0.16210000216960907
YKL069W,YJL057C,0,0.9525293,0.29201221466064453,0.6690000295639038,0.16220000386238098
YJL180C,YDL031W,0,0.9520266,0.29188480973243713,0.6690000295639038,0.1623000055551529
YPL049C,YOR127W,1,0.9509945,0.29219362139701843,0.6700000166893005,0.1623000055551529
YPR188C,YOR081C,0,0.9482598,0.2920662462711334,0.6700000166893005,0.1624000072479248
YOR079C,YLL057C,0,0.94771874,0.29193899035453796,0.6700000166893005,0.16249999403953552
YOR049C,YNL247W,0,0.94731164,0.29181185364723206,0.6700000166893005,0.16259999573230743
YDR350C,YPL233W,0,0.94595736,0.2916848063468933,0.6700000166893005,0.16269999742507935
YMR316W,YIR019C,1,0.9458411,0.29199305176734924,0.6710000038146973,0.16269999742507935
YLR061W,YMR195W,0,0.9456204,0.2918660342693329,0.6710000038146973,0.16279999911785126
YLR052W,YCL064C,0,0.9446331,0.2917391359806061,0.6710000038146973,0.16290000081062317
YGR060W,YDL139C,0,0.9431019,0.2916123569011688,0.6710000038146973,0.16300000250339508
YAR042W,YDR317W,0,0.94237554,0.29148566722869873,0.6710000038146973,0.163100004196167
YDL072C,YNL180C,0,0.9419526,0.2913590967655182,0.6710000038146973,0.1632000058889389
YGR046W,YFR014C,0,0.93978417,0.2912326455116272,0.6710000038146973,0.16329999268054962
YLR313C,YNL161W,0,0.9384161,0.29110628366470337,0.6710000038146973,0.16339999437332153
YGL073W,YDR165W,0,0.937804,0.2909800410270691,0.6710000038146973,0.16349999606609344
YLR239C,YCR018C,0,0.93749696,0.29085391759872437,0.6710000038146973,0.16359999775886536
YDR148C,YIL153W,0,0.93693197,0.2907279133796692,0.6710000038146973,0.16369999945163727
YNL103W,YBR193C,0,0.93655777,0.2906019985675812,0.6710000038146973,0.16380000114440918
YOR156C,YKR049C,0,0.9362351,0.2904762029647827,0.6710000038146973,0.1639000028371811
YCR036W,YOR343C-A,0,0.93535876,0.2903504967689514,0.6710000038146973,0.164000004529953
YHR001W-A,YFR034C,0,0.93246144,0.29022490978240967,0.6710000038146973,0.16410000622272491
YLR432W,YDL102W,0,0.93160844,0.29009944200515747,0.6710000038146973,0.16419999301433563
YIL052C,YPL239W,0,0.931079,0.28997406363487244,0.6710000038146973,0.16429999470710754
YDR127W,YOR189W,0,0.93080455,0.28984880447387695,0.6710000038146973,0.16439999639987946
YDR430C,YDR179C,0,0.9286939,0.289723664522171,0.6710000038146973,0.16449999809265137
YBR180W,YDL046W,0,0.92599875,0.28959861397743225,0.6710000038146973,0.16459999978542328
YLR284C,YGR138C,0,0.9252547,0.28947368264198303,0.6710000038146973,0.1647000014781952
YDR213W,YLR007W,0,0.9248479,0.28934887051582336,0.6710000038146973,0.1648000031709671
YAR033W,YDR135C,0,0.92484117,0.28922414779663086,0.6710000038146973,0.164900004863739
YKL141W,YER093C,0,0.9239869,0.2890995144844055,0.6710000038146973,0.16500000655651093
YPR100W,YKL099C,0,0.92358565,0.2889750301837921,0.6710000038146973,0.16509999334812164
YLR361C,YLR060W,0,0.92285854,0.2888506352901459,0.6710000038146973,0.16519999504089355
YBL038W,YKL029C,0,0.9219407,0.2887263298034668,0.6710000038146973,0.16529999673366547
YNL119W,YPL203W,1,0.9209898,0.2890322506427765,0.671999990940094,0.16529999673366547
YGL208W,YHR111W,1,0.9183589,0.2893379330635071,0.6729999780654907,0.16529999673366547
YLR118C,YOL126C,0,0.91721714,0.2892135679721832,0.6729999780654907,0.16539999842643738
YGR060W,YNL288W,0,0.916201,0.2890893518924713,0.6729999780654907,0.1655000001192093
YJL133C-A,YPL040C,0,0.9153479,0.28896522521972656,0.6729999780654907,0.1656000018119812
YGR024C,YKR064W,0,0.9151888,0.288841187953949,0.6729999780654907,0.1657000035047531
YHR185C,YLR460C,0,0.91491646,0.2887172996997833,0.6729999780654907,0.16580000519752502
YML101C,YHR114W,0,0.91374075,0.28859347105026245,0.6729999780654907,0.16590000689029694
YBR162W-A,YPR120C,0,0.9060072,0.2884697914123535,0.6729999780654907,0.16599999368190765
YBL013W,YMR242C,0,0.9049258,0.28834620118141174,0.6729999780654907,0.16609999537467957
YDR287W,YDR178W,0,0.9048934,0.28822270035743713,0.6729999780654907,0.16619999706745148
YFR024C,YBR208C,0,0.9040775,0.2880993187427521,0.6729999780654907,0.1662999987602234
YLR363C,YDL046W,0,0.9039777,0.2879760265350342,0.6729999780654907,0.1664000004529953
YBR211C,YDR545W,0,0.902425,0.28785285353660583,0.6729999780654907,0.1665000021457672
YIR019C,YHR084W,1,0.9023212,0.2881573438644409,0.6740000247955322,0.1665000021457672
YLR023C,YCL048W,0,0.90195906,0.28803420066833496,0.6740000247955322,0.16660000383853912
YIR019C,YOL116W,1,0.9007699,0.288338303565979,0.675000011920929,0.16660000383853912
YOR156C,YGR004W,0,0.9000015,0.28821519017219543,0.675000011920929,0.16670000553131104
YDL113C,YLR055C,0,0.8965994,0.2880921959877014,0.675000011920929,0.16680000722408295
YBR200W-A,YKR072C,0,0.8918492,0.28796929121017456,0.675000011920929,0.16689999401569366
YBR181C,YJL026W,0,0.89039886,0.28784647583961487,0.675000011920929,0.16699999570846558
YHR103W,YOR273C,0,0.88972175,0.2877237796783447,0.675000011920929,0.1670999974012375
YHR138C,YBL025W,0,0.8896106,0.28760120272636414,0.675000011920929,0.1671999990940094
YGL087C,YHR090C,0,0.8883861,0.2874787151813507,0.675000011920929,0.1673000007867813
YGL005C,YPR097W,0,0.88820016,0.28735631704330444,0.675000011920929,0.16740000247955322
YKR077W,YPL063W,0,0.88686603,0.28723403811454773,0.675000011920929,0.16750000417232513
YJR132W,YPL178W,0,0.88592714,0.28711187839508057,0.675000011920929,0.16760000586509705
YNL133C,YLR460C,0,0.8857934,0.28698980808258057,0.675000011920929,0.16769999265670776
YLR377C,YOL059W,0,0.88577485,0.28686782717704773,0.675000011920929,0.16779999434947968
YMR205C,YGR266W,0,0.8857331,0.28674596548080444,0.675000011920929,0.1678999960422516
YHR148W,YPR086W,0,0.8849106,0.2866241931915283,0.675000011920929,0.1679999977350235
YBR295W,YPL040C,0,0.8846352,0.28650254011154175,0.675000011920929,0.1680999994277954
YBR107C,YHR080C,0,0.8829074,0.2863810062408447,0.675000011920929,0.16820000112056732
YLR196W,YMR156C,0,0.88269585,0.2862595319747925,0.675000011920929,0.16830000281333923
YMR118C,YKL040C,0,0.8817233,0.2861382067203522,0.675000011920929,0.16840000450611115
YIL069C,YBR162C,0,0.880105,0.28601694107055664,0.675000011920929,0.16850000619888306
YLL067C,YBR131W,0,0.8796535,0.28589579463005066,0.675000011920929,0.16859999299049377
YCL068C,YCL035C,0,0.8790722,0.28577476739883423,0.675000011920929,0.16869999468326569
YPR148C,YLR432W,0,0.87816274,0.28565382957458496,0.675000011920929,0.1687999963760376
YLR083C,YIL008W,1,0.8771659,0.2859559953212738,0.6759999990463257,0.1687999963760376
YPL137C,YDR261C,0,0.8768903,0.2858350872993469,0.6759999990463257,0.1688999980688095
YER060W-A,YLR299W,0,0.8733628,0.2857142984867096,0.6759999990463257,0.16899999976158142
YMR313C,YER032W,0,0.87318087,0.28559356927871704,0.6759999990463257,0.16910000145435333
YBR233W-A,YIL052C,0,0.8686777,0.28547295928001404,0.6759999990463257,0.16920000314712524
YPL137C,YDL105W,0,0.8680322,0.2853524684906006,0.6759999990463257,0.16930000483989716
YFL018W-A,YOR259C,0,0.8674438,0.2852320671081543,0.6759999990463257,0.16940000653266907
YEL027W,YDL211C,0,0.86542046,0.28511175513267517,0.6759999990463257,0.16949999332427979
YOR156C,YBR188C,0,0.8653655,0.2849915623664856,0.6759999990463257,0.1695999950170517
YGR204W,YMR041C,0,0.86456954,0.2848714590072632,0.6759999990463257,0.1696999967098236
YOR016C,YCR031C,0,0.86451066,0.2847514748573303,0.6759999990463257,0.16979999840259552
YOL116W,YAL056W,1,0.8632481,0.285052627325058,0.6769999861717224,0.16979999840259552
YLR167W,YMR133W,0,0.8631983,0.2849326729774475,0.6769999861717224,0.16990000009536743
YDR021W,YLR175W,0,0.86302984,0.2848127782344818,0.6769999861717224,0.17000000178813934
YCL001W,YFL018W-A,0,0.86271286,0.28469303250312805,0.6769999861717224,0.17010000348091125
YHR214C-C,YCL001W,0,0.86266226,0.28457334637641907,0.6769999861717224,0.17020000517368317
YOL103W-A,YNL036W,0,0.86227256,0.28445377945899963,0.6769999861717224,0.17030000686645508
YAL015C,YGR003W,0,0.86217,0.28433430194854736,0.6769999861717224,0.1703999936580658
YLR185W,YGL049C,0,0.8603667,0.28421494364738464,0.6769999861717224,0.1704999953508377
YOR191W,YDR007W,0,0.858526,0.2840956747531891,0.6769999861717224,0.17059999704360962
YPL115C,YOR080W,1,0.8578595,0.2843959629535675,0.6779999732971191,0.17059999704360962
YPL176C,YBR060C,0,0.85684353,0.28427672386169434,0.6779999732971191,0.17069999873638153
YLR260W,YER129W,0,0.85244393,0.28415757417678833,0.6779999732971191,0.17080000042915344
YOR049C,YDL160C,0,0.8522661,0.2840385437011719,0.6779999732971191,0.17090000212192535
YMR316W,YHR111W,1,0.8508097,0.2843383550643921,0.6790000200271606,0.17090000212192535
YNR038W,YDL211C,0,0.84997654,0.28421932458877563,0.6790000200271606,0.17100000381469727
YIL120W,YHL011C,0,0.84925187,0.28410041332244873,0.6790000200271606,0.17110000550746918
YML102W,YDR021W,0,0.84760576,0.283981591463089,0.6790000200271606,0.1712000072002411
YCL012W,YPR133C,0,0.8473456,0.2838628888130188,0.6790000200271606,0.1712999939918518
YER109C,YML076C,0,0.84649175,0.2837442457675934,0.6790000200271606,0.17139999568462372
YDR201W,YMR195W,0,0.84631366,0.2836257219314575,0.6790000200271606,0.17149999737739563
YJR041C,YHR001W-A,0,0.8454461,0.2835073173046112,0.6790000200271606,0.17159999907016754
YHR084W,YHR073W,1,0.8452965,0.28380635380744934,0.6800000071525574,0.17159999907016754
YER113C,YPL049C,1,0.84399176,0.284105122089386,0.6809999942779541,0.17159999907016754
YKR089C,YHR118C,0,0.84355927,0.2839866578578949,0.6809999942779541,0.17170000076293945
YCR058C,YGR245C,0,0.8429843,0.28386828303337097,0.6809999942779541,0.17180000245571136
YGL070C,YHR190W,0,0.84175515,0.2837499976158142,0.6809999942779541,0.17190000414848328
YGR024C,YML098W,0,0.8412695,0.283631831407547,0.6809999942779541,0.1720000058412552
YER142C,YNR037C,0,0.8400773,0.28351372480392456,0.6809999942779541,0.1720999926328659
YJL045W,YFR034C,0,0.8400509,0.28339576721191406,0.6809999942779541,0.17219999432563782
YNL020C,YNL214W,0,0.8383584,0.28327786922454834,0.6809999942779541,0.17229999601840973
YMR041C,YOR136W,0,0.8383194,0.28316009044647217,0.6809999942779541,0.17239999771118164
YGL226W,YNL055C,0,0.8381854,0.28304240107536316,0.6809999942779541,0.17249999940395355
YGL028C,YHR005C,0,0.8377506,0.2829248011112213,0.6809999942779541,0.17260000109672546
YDR441C,YKL051W,0,0.8368708,0.282807320356369,0.6809999942779541,0.17270000278949738
YEL048C,YMR262W,0,0.8362428,0.2826898992061615,0.6809999942779541,0.1728000044822693
YDR122W,YFR049W,0,0.8354393,0.2825726270675659,0.6809999942779541,0.1729000061750412
YNL167C,YJR123W,0,0.8344854,0.2824554145336151,0.6809999942779541,0.17299999296665192
YDR469W,YOR109W,0,0.83427143,0.28233832120895386,0.6809999942779541,0.17309999465942383
YJR123W,YMR183C,0,0.8341005,0.2822212874889374,0.6809999942779541,0.17319999635219574
YGL087C,YBL063W,0,0.83399516,0.28210440278053284,0.6809999942779541,0.17329999804496765
YOR156C,YGL111W,0,0.8329134,0.28198757767677307,0.6809999942779541,0.17339999973773956
YAL002W,YOL103W-A,0,0.83233917,0.28187087178230286,0.6809999942779541,0.17350000143051147
YDR148C,YMR232W,0,0.8319145,0.2817542552947998,0.6809999942779541,0.1736000031232834
YHL017W,YOR026W,0,0.8317147,0.2816377282142639,0.6809999942779541,0.1737000048160553
YKL155C,YNL066W,0,0.83102465,0.2815212905406952,0.6809999942779541,0.1738000065088272
YIL022W,YMR048W,0,0.83052206,0.281404972076416,0.6809999942779541,0.17389999330043793
YOR254C,YKR052C,0,0.8303854,0.2812887132167816,0.6809999942779541,0.17399999499320984
YPL115C,YHR001W-A,0,0.82825416,0.28117257356643677,0.6809999942779541,0.17409999668598175
YHR001W-A,YHR080C,0,0.8276408,0.28105655312538147,0.6809999942779541,0.17419999837875366
YFR047C,YNL048W,0,0.8272164,0.28094059228897095,0.6809999942779541,0.17430000007152557
YDR280W,YKL063C,0,0.8270787,0.28082475066185,0.6809999942779541,0.17440000176429749
YML004C,YKR085C,0,0.8268008,0.28070899844169617,0.6809999942779541,0.1745000034570694
YFR024C,YML076C,0,0.8253927,0.2805933356285095,0.6809999942779541,0.1746000051498413
YOR191W,YOR019W,0,0.82472825,0.28047776222229004,0.6809999942779541,0.17470000684261322
YIL052C,YOR260W,0,0.8245699,0.2803622782230377,0.6809999942779541,0.17479999363422394
YFR014C,YLR460C,0,0.82446337,0.28024691343307495,0.6809999942779541,0.17489999532699585
YKL138C-A,YFR038W,0,0.82405865,0.28013163805007935,0.6809999942779541,0.17499999701976776
YKR096W,YER142C,0,0.81868047,0.2800164520740509,0.6809999942779541,0.17509999871253967
YML021C,YNL055C,0,0.81701946,0.2799013555049896,0.6809999942779541,0.17520000040531158
YJL196C,YHL006C,0,0.81637406,0.2797863483428955,0.6809999942779541,0.1753000020980835
YIL013C,YOR009W,0,0.81544024,0.27967146039009094,0.6809999942779541,0.1754000037908554
YJR109C,YPL215W,0,0.8133536,0.27955666184425354,0.6809999942779541,0.17550000548362732
YDR227W,YPL178W,0,0.8100054,0.2794419229030609,0.6809999942779541,0.17560000717639923
YKR064W,YOL061W,0,0.8094031,0.27932730317115784,0.6809999942779541,0.17569999396800995
YHR113W,YKL134C,0,0.8091616,0.2792128026485443,0.6809999942779541,0.17579999566078186
YML100W,YLR382C,0,0.8051231,0.27909836173057556,0.6809999942779541,0.17589999735355377
YJL012C,YLR154W-C,0,0.80348605,0.278984010219574,0.6809999942779541,0.17599999904632568
YOR091W,YPR034W,0,0.8033727,0.27886977791786194,0.6809999942779541,0.1761000007390976
YHR084W,YLR083C,1,0.8028507,0.27916496992111206,0.6819999814033508,0.1761000007390976
YNL041C,YGL078C,0,0.8022619,0.2790507376194,0.6819999814033508,0.1762000024318695
YDR213W,YKL134C,0,0.8010651,0.27893659472465515,0.6819999814033508,0.17630000412464142
YKL029C,YDR190C,0,0.80087304,0.27882257103919983,0.6819999814033508,0.17640000581741333
YDL100C,YHL035C,0,0.8005204,0.27870863676071167,0.6819999814033508,0.17649999260902405
YLL066C,YOL023W,0,0.79951525,0.2785947620868683,0.6819999814033508,0.17659999430179596
YOR127W,YER109C,1,0.7987828,0.27888932824134827,0.6830000281333923,0.17659999430179596
YIL030C,YIL173W,0,0.79838395,0.27877551317214966,0.6830000281333923,0.17669999599456787
YOR275C,YHR084W,1,0.79604024,0.27906978130340576,0.6840000152587891,0.17669999599456787
YJR131W,YCR063W,0,0.7919148,0.27895596623420715,0.6840000152587891,0.17679999768733978
YNL287W,YBR180W,0,0.79157555,0.2788422405719757,0.6840000152587891,0.1768999993801117
YER108C,YDR043C,1,0.79037434,0.2791360914707184,0.6850000023841858,0.1768999993801117
YJR109C,YKR077W,0,0.7897754,0.2790223956108093,0.6850000023841858,0.1770000010728836
YKR096W,YHR158C,0,0.78956926,0.27890878915786743,0.6850000023841858,0.17710000276565552
YDL230W,YLR367W,0,0.7893806,0.2787952721118927,0.6850000023841858,0.17720000445842743
YJL059W,YPR003C,0,0.788973,0.27868184447288513,0.6850000023841858,0.17730000615119934
YLR085C,YFR047C,0,0.78845346,0.2785685360431671,0.6850000023841858,0.17739999294281006
YLR248W,YMR118C,0,0.7859111,0.27845528721809387,0.6850000023841858,0.17749999463558197
YIL014W,YOR272W,0,0.78234404,0.2783421277999878,0.6850000023841858,0.17759999632835388
YGR094W,YHL021C,0,0.78041875,0.27822908759117126,0.6850000023841858,0.1776999980211258
YMR215W,YKL196C,0,0.78017324,0.2781161069869995,0.6850000023841858,0.1777999997138977
YJL045W,YGL115W,0,0.7801509,0.2780032455921173,0.6850000023841858,0.17790000140666962
YIL107C,YOR132W,0,0.7795098,0.27789047360420227,0.6850000023841858,0.17800000309944153
YGL208W,YHR073W,1,0.7783198,0.2781832814216614,0.6859999895095825,0.17800000309944153
YIL038C,YLR054C,0,0.7782403,0.2780705392360687,0.6859999895095825,0.17810000479221344
YOR264W,YPL176C,0,0.77699083,0.27795785665512085,0.6859999895095825,0.17820000648498535
YIR019C,YBR083W,1,0.77463555,0.2782503068447113,0.6869999766349792,0.17820000648498535
YML081W,YBR100W,0,0.7741384,0.2781376540660858,0.6869999766349792,0.17829999327659607
YEL018W,YPR100W,0,0.77256966,0.2780250906944275,0.6869999766349792,0.17839999496936798
YKR049C,YLL014W,0,0.77095604,0.27791261672973633,0.6869999766349792,0.1784999966621399
YFR016C,YLR292C,0,0.76954037,0.27780023217201233,0.6869999766349792,0.1785999983549118
YKL052C,YPR068C,0,0.7692657,0.2776879668235779,0.6869999766349792,0.17870000004768372
YOL098C,YMR220W,0,0.7691022,0.2775757610797882,0.6869999766349792,0.17880000174045563
YGL025C,YMR177W,0,0.7679933,0.2774636447429657,0.6869999766349792,0.17890000343322754
YNL145W,YDL102W,0,0.7678901,0.27735164761543274,0.6869999766349792,0.17900000512599945
YOL020W,YER100W,0,0.7675524,0.27723971009254456,0.6869999766349792,0.17910000681877136
YOR090C,YNL029C,0,0.7666199,0.27712786197662354,0.6869999766349792,0.17919999361038208
YPL168W,YPL183C,0,0.7663591,0.27701613306999207,0.6869999766349792,0.179299995303154
YBR069C,YHR154W,0,0.7652183,0.27690446376800537,0.6869999766349792,0.1793999969959259
YKR089C,YFR010W,0,0.7636833,0.2767929136753082,0.6869999766349792,0.17949999868869781
YDR103W,YIL008W,1,0.76052904,0.2770841717720032,0.6880000233650208,0.17949999868869781
YDR023W,YGR017W,0,0.75694793,0.27697262167930603,0.6880000233650208,0.17960000038146973
YLR315W,YLL014W,0,0.7569288,0.27686116099357605,0.6880000233650208,0.17970000207424164
YLR432W,YCL064C,0,0.75690156,0.27674978971481323,0.6880000233650208,0.17980000376701355
YGR217W,YDR200C,0,0.75671655,0.2766385078430176,0.6880000233650208,0.17990000545978546
YOL069W,YKL029C,0,0.75652164,0.2765273451805115,0.6880000233650208,0.18000000715255737
YHL031C,YDR041W,0,0.75586677,0.27641624212265015,0.6880000233650208,0.1800999939441681
YLL053C,YER178W,0,0.7545888,0.276305228471756,0.6880000233650208,0.18019999563694
YBR069C,YDR244W,0,0.75046337,0.276194304227829,0.6880000233650208,0.18029999732971191
YER041W,YKL155C,0,0.7502948,0.27608346939086914,0.6880000233650208,0.18039999902248383
YPR097W,YLR189C,0,0.7489672,0.27597272396087646,0.6880000233650208,0.18050000071525574
YHR150W,YOR227W,0,0.7488431,0.27586206793785095,0.6880000233650208,0.18060000240802765
YIR019C,YGL046W,1,0.74883974,0.2761523127555847,0.6890000104904175,0.18060000240802765
YJR153W,YBL091C,0,0.7487086,0.2760416567325592,0.6890000104904175,0.18070000410079956
YOR119C,YHL006C,0,0.7485534,0.27593111991882324,0.6890000104904175,0.18080000579357147
YGR174C,YDR365W-A,0,0.74651414,0.27582064270973206,0.6890000104904175,0.1808999925851822
YDR189W,YPL248C,0,0.74582326,0.2757102847099304,0.6890000104904175,0.1809999942779541
YKL062W,YDR005C,0,0.7452711,0.27559998631477356,0.6890000104904175,0.181099995970726
YPR095C,YIL068C,0,0.7436006,0.27548980712890625,0.6890000104904175,0.18119999766349792
YGR122W,YLR263W,0,0.74359727,0.2753796875476837,0.6890000104904175,0.18129999935626984
YNL286W,YIL038C,0,0.74311525,0.27526968717575073,0.6890000104904175,0.18140000104904175
YJR073C,YOR081C,0,0.7398188,0.2751597464084625,0.6890000104904175,0.18150000274181366
YAL041W,YER109C,1,0.7390616,0.27544909715652466,0.6899999976158142,0.18150000274181366
YLL016W,YCR044C,0,0.7386761,0.27533918619155884,0.6899999976158142,0.18160000443458557
YDR325W,YDL189W,0,0.7382201,0.2752293646335602,0.6899999976158142,0.18170000612735748
YNL263C,YOR383C,0,0.73692316,0.2751196026802063,0.6899999976158142,0.1817999929189682
YKL196C,YIL062C,0,0.73672104,0.27500995993614197,0.6899999976158142,0.1818999946117401
YDR103W,YER109C,1,0.7364613,0.2752988040447235,0.6909999847412109,0.1818999946117401
YGL046W,YER109C,1,0.7337836,0.27558740973472595,0.6919999718666077,0.1818999946117401
YKL040C,YMR035W,0,0.73234725,0.27547770738601685,0.6919999718666077,0.18199999630451202
YDR500C,YDL223C,0,0.7294843,0.2753680944442749,0.6919999718666077,0.18209999799728394
YJL167W,YOL032W,0,0.7293671,0.27525854110717773,0.6919999718666077,0.18219999969005585
YOR101W,YDR301W,0,0.7284419,0.2751491069793701,0.6919999718666077,0.18230000138282776
YPR095C,YOR253W,0,0.72671723,0.2750397324562073,0.6919999718666077,0.18240000307559967
YNL041C,YBR100W,0,0.72650504,0.274930477142334,0.6919999718666077,0.18250000476837158
YBR029C,YBL063W,0,0.7259092,0.27482128143310547,0.6919999718666077,0.1826000064611435
YKR096W,YER071C,0,0.72342336,0.2747121751308441,0.6919999718666077,0.1826999932527542
YHL017W,YDL220C,0,0.7228459,0.2746031880378723,0.6919999718666077,0.18279999494552612
YPR110C,YHR133C,0,0.7224194,0.2744942605495453,0.6919999718666077,0.18289999663829803
YLL026W,YKR075C,0,0.72218746,0.2743854224681854,0.6919999718666077,0.18299999833106995
YDR325W,YMR133W,0,0.7213594,0.27427664399147034,0.6919999718666077,0.18310000002384186
YDR256C,YBR169C,0,0.7207145,0.2741679847240448,0.6919999718666077,0.18320000171661377
YPL130W,YDR406W,0,0.72041374,0.2740594148635864,0.6919999718666077,0.18330000340938568
YFL005W,YNL164C,0,0.7191554,0.2739509046077728,0.6919999718666077,0.1834000051021576
YGL085W,YDR005C,0,0.7175369,0.2738425135612488,0.6919999718666077,0.1835000067949295
YDL003W,YDL211C,0,0.7138176,0.2737341821193695,0.6919999718666077,0.18359999358654022
YML031W,YCL001W,0,0.71317357,0.2736259400844574,0.6919999718666077,0.18369999527931213
YER063W,YJL094C,0,0.7124815,0.27351778745651245,0.6919999718666077,0.18379999697208405
YNL167C,YDR276C,0,0.71142685,0.27340972423553467,0.6919999718666077,0.18389999866485596
YHR122W,YFL025C,0,0.71112335,0.27330175042152405,0.6919999718666077,0.18400000035762787
YHL031C,YMR322C,0,0.71030474,0.2731938362121582,0.6919999718666077,0.18410000205039978
YBL031W,YEL032W,0,0.7099937,0.2730860412120819,0.6919999718666077,0.1842000037431717
YHR073W,YHR194W,0,0.7093015,0.2729783058166504,0.6919999718666077,0.1843000054359436
YKL062W,YNL221C,0,0.7084391,0.27287065982818604,0.6919999718666077,0.18440000712871552
YLR360W,YCL016C,0,0.70770127,0.27276310324668884,0.6919999718666077,0.18449999392032623
YEL005C,YDR438W,0,0.70691746,0.2726556360721588,0.6919999718666077,0.18459999561309814
YER109C,YOR212W,1,0.70576495,0.27294209599494934,0.6930000185966492,0.18459999561309814
YDL189W,YLR093C,0,0.70566356,0.2728346586227417,0.6930000185966492,0.18469999730587006
YLR367W,YNR053C,0,0.7052943,0.27272728085517883,0.6930000185966492,0.18479999899864197
YNL059C,YBL072C,0,0.7050406,0.27261999249458313,0.6930000185966492,0.18490000069141388
YMR009W,YKR072C,0,0.7030884,0.2725127935409546,0.6930000185966492,0.1850000023841858
YHR139C,YDR399W,0,0.7025976,0.2724056541919708,0.6930000185966492,0.1851000040769577
YKR053C,YDL093W,0,0.70149946,0.2722986340522766,0.6930000185966492,0.18520000576972961
YER108C,YGL208W,1,0.7009745,0.2725844383239746,0.6940000057220459,0.18520000576972961
YLR426W,YPL056C,0,0.6999225,0.2724774181842804,0.6940000057220459,0.18529999256134033
YPL013C,YLR154W-C,0,0.6996789,0.27237048745155334,0.6940000057220459,0.18539999425411224
YIL068C,YKL081W,0,0.6990973,0.27226364612579346,0.6940000057220459,0.18549999594688416
YDR375C,YOR241W,0,0.6961405,0.27215686440467834,0.6940000057220459,0.18559999763965607
YIL056W,YDL134C-A,0,0.6959558,0.2720501720905304,0.6940000057220459,0.18569999933242798
YNL076W,YDL223C,0,0.69452417,0.2719435691833496,0.6940000057220459,0.1858000010251999
YNL119W,YIL008W,1,0.6943523,0.27222874760627747,0.6949999928474426,0.1858000010251999
YER177W,YER176W,0,0.69365877,0.27212217450141907,0.6949999928474426,0.1859000027179718
YGL142C,YDR406W,0,0.69347364,0.27201566100120544,0.6949999928474426,0.1860000044107437
YDR111C,YHR214C-C,0,0.6915804,0.271909236907959,0.6949999928474426,0.18610000610351562
YLR193C,YDR111C,0,0.69111013,0.2718029022216797,0.6949999928474426,0.18619999289512634
YIL052C,YMR195W,0,0.6905098,0.27169662714004517,0.6949999928474426,0.18629999458789825
YDR280W,YHR110W,0,0.68954563,0.2715904712677002,0.6949999928474426,0.18639999628067017
YGL018C,YPL061W,0,0.6888997,0.271484375,0.6949999928474426,0.18649999797344208
YGR004W,YKL077W,0,0.6878881,0.27137836813926697,0.6949999928474426,0.186599999666214
YLR131C,YGR080W,0,0.68774456,0.2712724506855011,0.6949999928474426,0.1867000013589859
YJL212C,YOR195W,0,0.6860789,0.27116659283638,0.6949999928474426,0.1868000030517578
YDR427W,YLR323C,0,0.68534625,0.27106085419654846,0.6949999928474426,0.18690000474452972
YPR097W,YPL018W,0,0.6852766,0.2709551751613617,0.6949999928474426,0.18700000643730164
YBR119W,YLR288C,0,0.6838827,0.2708495855331421,0.6949999928474426,0.18709999322891235
YDR092W,YGL198W,0,0.6831687,0.27074405550956726,0.6949999928474426,0.18719999492168427
YMR048W,YPR007C,0,0.68306166,0.2706386148929596,0.6949999928474426,0.18729999661445618
YLR315W,YHR005C,0,0.68181646,0.2705332934856415,0.6949999928474426,0.1873999983072281
YLR194C,YDR430C,0,0.68134356,0.27042800188064575,0.6949999928474426,0.1875
YFR049W,YEL044W,0,0.6809259,0.2703228294849396,0.6949999928474426,0.1876000016927719
YIL014W,YNL023C,0,0.67962873,0.2702177166938782,0.6949999928474426,0.18770000338554382
YAR042W,YIL173W,0,0.6795564,0.2701127231121063,0.6949999928474426,0.18780000507831573
YJL089W,YDR107C,1,0.6774651,0.27039626240730286,0.6959999799728394,0.18780000507831573
YJL059W,YBR094W,0,0.6771735,0.270291268825531,0.6959999799728394,0.18790000677108765
YOR262W,YKL079W,0,0.67649806,0.27018633484840393,0.6959999799728394,0.18799999356269836
YCR091W,YCR044C,0,0.6759187,0.270081490278244,0.6959999799728394,0.18809999525547028
YKL141W,YOR357C,0,0.6755489,0.26997673511505127,0.6959999799728394,0.1881999969482422
YLR196W,YEL006W,0,0.67265934,0.2698720395565033,0.6959999799728394,0.1882999986410141
YOR264W,YCR035C,0,0.67093813,0.2697674334049225,0.6959999799728394,0.188400000333786
YKL029C,YLR054C,0,0.67086005,0.26966291666030884,0.6959999799728394,0.18850000202655792
YLR131C,YHR214W,0,0.66982526,0.26955848932266235,0.6959999799728394,0.18860000371932983
YHR011W,YER109C,1,0.6692115,0.2698412835597992,0.6970000267028809,0.18860000371932983
YOR191W,YGL194C,0,0.66792107,0.2697368562221527,0.6970000267028809,0.18870000541210175
YNL167C,YBR094W,0,0.6677031,0.269632488489151,0.6970000267028809,0.18880000710487366
YGR235C,YKL087C,0,0.66609734,0.26952823996543884,0.6970000267028809,0.18889999389648438
YFL061W,YOR059C,0,0.6655743,0.26942405104637146,0.6970000267028809,0.1889999955892563
YLR055C,YNL081C,0,0.6619463,0.26931995153427124,0.6970000267028809,0.1890999972820282
YLR039C,YOL126C,0,0.66054153,0.2692159116268158,0.6970000267028809,0.1891999989748001
YGR040W,YHR011W,1,0.6601351,0.2694980800151825,0.6980000138282776,0.1891999989748001
YGR235C,YOR019W,0,0.65955734,0.26939406991004944,0.6980000138282776,0.18930000066757202
YMR192W,YHR035W,0,0.6590675,0.26929011940956116,0.6980000138282776,0.18940000236034393
YDL159W,YIL008W,1,0.655572,0.2695719301700592,0.6990000009536743,0.18940000236034393
YOR045W,YHR110W,0,0.6539868,0.2694680094718933,0.6990000009536743,0.18950000405311584
YMR274C,YPL176C,0,0.6532884,0.2693641483783722,0.6990000009536743,0.18960000574588776
YLR154W-C,YPR155C,0,0.6523076,0.2692604064941406,0.6990000009536743,0.18970000743865967
YKL014C,YER127W,0,0.6511589,0.26915672421455383,0.6990000009536743,0.18979999423027039
YDR103W,YDR379W,1,0.64905214,0.2694380283355713,0.699999988079071,0.18979999423027039
YLR288C,YPL189W,0,0.6483786,0.2693343460559845,0.699999988079071,0.1898999959230423
YDR168W,YBL025W,0,0.64618963,0.26923078298568726,0.699999988079071,0.1899999976158142
YHR111W,YHL007C,1,0.6445888,0.26951172947883606,0.7009999752044678,0.1899999976158142
YLR059C,YBR034C,0,0.6437138,0.26940813660621643,0.7009999752044678,0.19009999930858612
YGL067W,YLR249W,0,0.6427653,0.26930466294288635,0.7009999752044678,0.19020000100135803
YLR426W,YOL051W,0,0.6424345,0.26920121908187866,0.7009999752044678,0.19030000269412994
YLR367W,YDR246W,0,0.6412777,0.2690978944301605,0.7009999752044678,0.19040000438690186
YMR105C,YMR118C,0,0.64115036,0.26899462938308716,0.7009999752044678,0.19050000607967377
YIL019W,YDR023W,0,0.64068204,0.26889145374298096,0.7009999752044678,0.19059999287128448
YDR325W,YLR193C,0,0.6394032,0.26878833770751953,0.7009999752044678,0.1906999945640564
YLR167W,YHL025W,0,0.63780975,0.26868531107902527,0.7009999752044678,0.1907999962568283
YAL028W,YNR024W,0,0.6375234,0.26858237385749817,0.7009999752044678,0.19089999794960022
YNL029C,YIL011W,0,0.6371906,0.26847949624061584,0.7009999752044678,0.19099999964237213
YGR097W,YKR083C,0,0.63718414,0.2683767080307007,0.7009999752044678,0.19110000133514404
YIL007C,YPR161C,0,0.6367229,0.2682740092277527,0.7009999752044678,0.19120000302791595
YJL058C,YDR087C,0,0.6360394,0.26817137002944946,0.7009999752044678,0.19130000472068787
YJL094C,YKL006W,0,0.63494754,0.2680688202381134,0.7009999752044678,0.19140000641345978
YDL091C,YBR200W-A,0,0.6333399,0.2679663598537445,0.7009999752044678,0.1914999932050705
YPL193W,YGL240W,0,0.63313913,0.2678639590740204,0.7009999752044678,0.1915999948978424
YCL017C,YER060W,0,0.63268685,0.2677616477012634,0.7009999752044678,0.19169999659061432
YOL126C,YBR078W,0,0.6295769,0.26765942573547363,0.7009999752044678,0.19179999828338623
YJL127C,YJR035W,0,0.6271894,0.2675572633743286,0.7009999752044678,0.19189999997615814
YOR264W,YMR242C,0,0.6269324,0.26745516061782837,0.7009999752044678,0.19200000166893005
YPL137C,YGL194C,0,0.6252812,0.2673531770706177,0.7009999752044678,0.19210000336170197
YHL038C,YDR122W,0,0.6247083,0.26725125312805176,0.7009999752044678,0.19220000505447388
YHL017W,YDR430C,0,0.62380135,0.2671493887901306,0.7009999752044678,0.1923000067472458
YER041W,YER060W-A,0,0.6217272,0.26704761385917664,0.7009999752044678,0.1923999935388565
YKR077W,YMR177W,0,0.62121576,0.2669459283351898,0.7009999752044678,0.19249999523162842
YFR027W,YDL091C,0,0.6210412,0.2668443024158478,0.7009999752044678,0.19259999692440033
YDR075W,YPL183C,0,0.6208001,0.2667427659034729,0.7009999752044678,0.19269999861717224
YHR073W,YDR107C,1,0.61937356,0.26702168583869934,0.7020000219345093,0.19269999861717224
YJL054W,YBL038W,0,0.6172112,0.26692014932632446,0.7020000219345093,0.19280000030994415
YOR334W,YHR096C,0,0.6170369,0.26681870222091675,0.7020000219345093,0.19290000200271606
YOR026W,YHR138C,0,0.61695254,0.2667173147201538,0.7020000219345093,0.19300000369548798
YOR264W,YDL247W,0,0.6155193,0.26661601662635803,0.7020000219345093,0.1931000053882599
YML120C,YKL051W,0,0.6121893,0.2665148079395294,0.7020000219345093,0.1932000070810318
YFL026W,YAL068C,0,0.6118618,0.2664136588573456,0.7020000219345093,0.19329999387264252
YGL005C,YKL197C,0,0.61112875,0.2663125991821289,0.7020000219345093,0.19339999556541443
YPL203W,YDL035C,1,0.6106583,0.26659083366394043,0.703000009059906,0.19339999556541443
YNL173C,YIL130W,0,0.6097032,0.26648977398872375,0.703000009059906,0.19349999725818634
YDL160C,YMR243C,0,0.60920554,0.26638877391815186,0.703000009059906,0.19359999895095825
YPL049C,YDL076C,0,0.6081605,0.2662878930568695,0.703000009059906,0.19370000064373016
YKL029C,YPL076W,0,0.60806537,0.26618704199790955,0.703000009059906,0.19380000233650208
YMR192W,YML004C,0,0.6048786,0.26608631014823914,0.703000009059906,0.193900004029274
YDR098C-B,YBL025W,0,0.60475594,0.2659856081008911,0.703000009059906,0.1940000057220459
YGL104C,YBR193C,0,0.60409003,0.26588502526283264,0.703000009059906,0.1941000074148178
YMR242C,YGR083C,0,0.6036946,0.26578450202941895,0.703000009059906,0.19419999420642853
YER143W,YDL117W,0,0.603199,0.26568403840065,0.703000009059906,0.19429999589920044
YDR041W,YPR180W,0,0.602412,0.26558369398117065,0.703000009059906,0.19439999759197235
YMR192W,YPR134W,0,0.602375,0.26548337936401367,0.703000009059906,0.19449999928474426
YMR234W,YOL144W,0,0.6008732,0.26538315415382385,0.703000009059906,0.19460000097751617
YNL103W,YBR112C,0,0.60047734,0.2652830183506012,0.703000009059906,0.19470000267028809
YLR426W,YDR213W,0,0.5999408,0.2651829421520233,0.703000009059906,0.19480000436306
YKL132C,YLR154W-C,0,0.59927213,0.2650829553604126,0.703000009059906,0.1949000060558319
YML067C,YJL174W,0,0.59862936,0.26498302817344666,0.703000009059906,0.19499999284744263
YDR372C,YDR381W,0,0.59784865,0.2648831903934479,0.703000009059906,0.19509999454021454
YJR073C,YLR175W,0,0.5975728,0.26478344202041626,0.703000009059906,0.19519999623298645
YMR215W,YOR259C,0,0.59703684,0.26468372344970703,0.703000009059906,0.19529999792575836
YKR064W,YER081W,0,0.5968397,0.26458412408828735,0.703000009059906,0.19539999961853027
YBR268W,YBR015C,0,0.5958731,0.26448458433151245,0.703000009059906,0.19550000131130219
YIR019C,YBL016W,1,0.5948782,0.26476117968559265,0.7039999961853027,0.19550000131130219
YMR081C,YDR244W,0,0.5947987,0.26466163992881775,0.7039999961853027,0.1956000030040741
YOR011W,YNL176C,0,0.59437907,0.26456218957901,0.7039999961853027,0.195700004696846
YLL006W,YOR109W,0,0.59278464,0.26446279883384705,0.7039999961853027,0.19580000638961792
YMR262W,YDR190C,0,0.5926275,0.26436349749565125,0.7039999961853027,0.19589999318122864
YGR080W,YIR031C,0,0.5910484,0.2642642557621002,0.7039999961853027,0.19599999487400055
YNL133C,YKL079W,0,0.59069705,0.26416510343551636,0.7039999961853027,0.19609999656677246
YDR078C,YIL173W,0,0.5899593,0.26406601071357727,0.7039999961853027,0.19619999825954437
YER113C,YGL045W,1,0.58978945,0.26434195041656494,0.7049999833106995,0.19619999825954437
YAR033W,YML076C,0,0.58955204,0.26424288749694824,0.7049999833106995,0.19629999995231628
YPL175W,YBL014C,0,0.58923733,0.2641438841819763,0.7049999833106995,0.1964000016450882
YLR377C,YMR035W,0,0.58731776,0.26404494047164917,0.7049999833106995,0.1965000033378601
YML102W,YBR208C,0,0.5858576,0.2639460861682892,0.7049999833106995,0.19660000503063202
YNL286W,YKR072C,0,0.58397114,0.263847291469574,0.7049999833106995,0.19670000672340393
YDR280W,YPR071W,0,0.5837591,0.2637485861778259,0.7049999833106995,0.19679999351501465
YML021C,YNL161W,0,0.5835668,0.26364997029304504,0.7049999833106995,0.19689999520778656
YGR254W,YJL186W,0,0.583243,0.26355141401290894,0.7049999833106995,0.19699999690055847
YJL133C-A,YHR142W,0,0.5832265,0.2634529173374176,0.7049999833106995,0.19709999859333038
YBR218C,YDL102W,0,0.5827924,0.26335451006889343,0.7049999833106995,0.1972000002861023
YDR517W,YDR021W,0,0.58074373,0.26325616240501404,0.7049999833106995,0.1973000019788742
YGR165W,YNL130C,0,0.5797012,0.2631579041481018,0.7049999833106995,0.19740000367164612
YER040W,YHR142W,0,0.578621,0.26305970549583435,0.7049999833106995,0.19750000536441803
YER031C,YGL076C,0,0.5783182,0.26296159625053406,0.7049999833106995,0.19760000705718994
YNL294C,YDR477W,1,0.5775975,0.263236403465271,0.7059999704360962,0.19760000705718994
YFR027W,YDR122W,0,0.5763681,0.2631382644176483,0.7059999704360962,0.19769999384880066
YML101C,YJL174W,0,0.5755502,0.2630402445793152,0.7059999704360962,0.19779999554157257
YIL038C,YER102W,0,0.5749176,0.26294228434562683,0.7059999704360962,0.19789999723434448
YOR380W,YDL124W,0,0.57487774,0.26284438371658325,0.7059999704360962,0.1979999989271164
YGR202C,YNL181W,0,0.57466006,0.26274654269218445,0.7059999704360962,0.1981000006198883
YJR131W,YOR078W,0,0.57418746,0.2626488208770752,0.7059999704360962,0.19820000231266022
YOR383C,YPR141C,0,0.5736326,0.26255112886428833,0.7059999704360962,0.19830000400543213
YGL073W,YJL003W,0,0.57096326,0.26245352625846863,0.7059999704360962,0.19840000569820404
YOR034C,YKR085C,0,0.5691748,0.2623560130596161,0.7059999704360962,0.19850000739097595
YHR006W,YHR005C,0,0.56826407,0.26225852966308594,0.7059999704360962,0.19859999418258667
YLR382C,YDL145C,0,0.56810224,0.26216116547584534,0.7059999704360962,0.19869999587535858
YGL126W,YFR034C,0,0.567734,0.2620638310909271,0.7059999704360962,0.1987999975681305
YDR039C,YOL051W,0,0.56765234,0.26196661591529846,0.7059999704360962,0.1988999992609024
YDR328C,YGL049C,0,0.5667849,0.2618694305419922,0.7059999704360962,0.19900000095367432
YOL020W,YER044C-A,0,0.5666825,0.2617723345756531,0.7059999704360962,0.19910000264644623
YMR110C,YKL155C,0,0.56668025,0.26167532801628113,0.7059999704360962,0.19920000433921814
YNL180C,YHL006C,0,0.5664378,0.26157835125923157,0.7059999704360962,0.19930000603199005
YML004C,YNR059W,0,0.5662718,0.26148149371147156,0.7059999704360962,0.19939999282360077
YDR189W,YHL035C,0,0.56603897,0.26138466596603394,0.7059999704360962,0.19949999451637268
YGR204W,YHL011C,0,0.5656342,0.2612879276275635,0.7059999704360962,0.1995999962091446
YOR156C,YJL003W,0,0.5652799,0.2611912786960602,0.7059999704360962,0.1996999979019165
YGL231C,YPR133C,0,0.5647405,0.26109468936920166,0.7059999704360962,0.19979999959468842
YDR280W,YLR299W,0,0.56251,0.2609981596469879,0.7059999704360962,0.19990000128746033
YLR227W-A,YBR091C,0,0.562227,0.26090168952941895,0.7059999704360962,0.20000000298023224
YJR073C,YDR129C,0,0.5617846,0.26080530881881714,0.7059999704360962,0.20010000467300415
YDR427W,YBR003W,0,0.56132334,0.2607090175151825,0.7059999704360962,0.20020000636577606
YJL013C,YPR057W,0,0.5588547,0.2606127858161926,0.7059999704360962,0.20029999315738678
YOR275C,YHR073W,1,0.5566235,0.2608855962753296,0.7070000171661377,0.20029999315738678
YJL167W,YNL036W,0,0.554993,0.2607893645763397,0.7070000171661377,0.2003999948501587
YLR227W-A,YOR110W,0,0.554539,0.260693222284317,0.7070000171661377,0.2004999965429306
YKL054C,YOR086C,0,0.55268216,0.2605971395969391,0.7070000171661377,0.20059999823570251
YDR098C-A,YOR258W,0,0.551584,0.26050111651420593,0.7070000171661377,0.20069999992847443
YGL139W,YGR211W,0,0.55078226,0.26040515303611755,0.7070000171661377,0.20080000162124634
YER023W,YNL180C,0,0.54820406,0.26030927896499634,0.7070000171661377,0.20090000331401825
YIL069C,YOR260W,0,0.5479109,0.2602134644985199,0.7070000171661377,0.20100000500679016
YDL098C,YPL137C,0,0.54764473,0.2601177394390106,0.7070000171661377,0.20110000669956207
YIL148W,YNL288W,0,0.54720753,0.2600220739841461,0.7070000171661377,0.2011999934911728
YPR128C,YJR046W,0,0.54644513,0.2599264681339264,0.7070000171661377,0.2012999951839447
YJL174W,YPL215W,0,0.54594135,0.25983095169067383,0.7070000171661377,0.2013999968767166
YBR200W-A,YBR016W,0,0.54509187,0.25973549485206604,0.7070000171661377,0.20149999856948853
YDR516C,YNL054W-A,0,0.5439578,0.259640097618103,0.7070000171661377,0.20160000026226044
YDR256C,YER142C,0,0.5431937,0.2595447897911072,0.7070000171661377,0.20170000195503235
YCR024C,YBR149W,0,0.5418086,0.2594495415687561,0.7070000171661377,0.20180000364780426
YDL081C,YHR079C-B,0,0.54114103,0.2593543529510498,0.7070000171661377,0.20190000534057617
YGR174C,YLR055C,0,0.5392715,0.25925925374031067,0.7070000171661377,0.20200000703334808
YHR111W,YPL049C,1,0.5389757,0.25953078269958496,0.7080000042915344,0.20200000703334808
YDR075W,YDR165W,0,0.53881437,0.2594356834888458,0.7080000042915344,0.2020999938249588
YLL024C,YGR044C,0,0.5387708,0.25934067368507385,0.7080000042915344,0.2021999955177307
YMR192W,YDL211C,0,0.5377064,0.25924569368362427,0.7080000042915344,0.20229999721050262
YDR235W,YDR007W,0,0.53739464,0.25915080308914185,0.7080000042915344,0.20239999890327454
YJL045W,YPR199C,0,0.5364989,0.2590559720993042,0.7080000042915344,0.20250000059604645
YGL005C,YDL154W,0,0.5364616,0.2589612305164337,0.7080000042915344,0.20260000228881836
YNL294C,YBR089C-A,0,0.5341792,0.258866548538208,0.7080000042915344,0.20270000398159027
YER108C,YGL121C,1,0.53386366,0.25913742184638977,0.7089999914169312,0.20270000398159027
YBR107C,YCR016W,0,0.5287789,0.25904273986816406,0.7089999914169312,0.20280000567436218
YBR268W,YJL035C,0,0.528568,0.2589481472969055,0.7089999914169312,0.2029000073671341
YKL069W,YIL008W,0,0.52784085,0.25885358452796936,0.7089999914169312,0.2029999941587448
YGR003W,YDR397C,0,0.5267601,0.25875911116600037,0.7089999914169312,0.20309999585151672
YPR131C,YJR050W,0,0.52546144,0.25866472721099854,0.7089999914169312,0.20319999754428864
YFL056C,YDL189W,0,0.52345216,0.2585703730583191,0.7089999914169312,0.20329999923706055
YDL145C,YOR059C,0,0.5233109,0.2584761083126068,0.7089999914169312,0.20340000092983246
YLR200W,YJR050W,0,0.5221338,0.2583819329738617,0.7089999914169312,0.20350000262260437
YAR042W,YOR032C,0,0.52147114,0.25828778743743896,0.7089999914169312,0.20360000431537628
YOR045W,YGR178C,0,0.52129173,0.2581937313079834,0.7089999914169312,0.2037000060081482
YKL033W,YLL067C,0,0.51931685,0.2580997347831726,0.7089999914169312,0.2037999927997589
YGL142C,YLR299W,0,0.51910675,0.258005827665329,0.7089999914169312,0.20389999449253082
YHR165C,YCR021C,0,0.5184888,0.2579119801521301,0.7089999914169312,0.20399999618530273
YPR007C,YBR301W,0,0.51760685,0.25781819224357605,0.7089999914169312,0.20409999787807465
YDR500C,YOR110W,0,0.5159292,0.25772446393966675,0.7089999914169312,0.20419999957084656
YPL013C,YHL011C,0,0.5156012,0.2576308250427246,0.7089999914169312,0.20430000126361847
YPL234C,YLR067C,0,0.51345295,0.25753724575042725,0.7089999914169312,0.20440000295639038
YLL024C,YNL055C,0,0.5111607,0.25744372606277466,0.7089999914169312,0.2045000046491623
YFR047C,YHR197W,0,0.51025987,0.25735026597976685,0.7089999914169312,0.2046000063419342
YGL098W,YFR025C,0,0.51010925,0.2572568953037262,0.7089999914169312,0.20469999313354492
YKR096W,YIL030C,0,0.5097637,0.2571635842323303,0.7089999914169312,0.20479999482631683
YML045W,YHR114W,0,0.5087291,0.2570703327655792,0.7089999914169312,0.20489999651908875
YPR100W,YOR330C,0,0.50785005,0.2569771707057953,0.7089999914169312,0.20499999821186066
YDR259C,YER032W,0,0.5078087,0.25688406825065613,0.7089999914169312,0.20509999990463257
YDR490C,YPR017C,0,0.5070143,0.25679102540016174,0.7089999914169312,0.20520000159740448
YER108C,YBR066C,1,0.50626254,0.25706011056900024,0.7099999785423279,0.20520000159740448
YBR279W,YMR274C,0,0.50454503,0.25696706771850586,0.7099999785423279,0.2053000032901764
YEL019C,YDR289C,0,0.50429726,0.25687408447265625,0.7099999785423279,0.2054000049829483
YGL243W,YDL124W,0,0.50429463,0.2567811906337738,0.7099999785423279,0.20550000667572021
YBR279W,YDR316W-B,0,0.5038512,0.25668835639953613,0.7099999785423279,0.20559999346733093
YER143W,YOL059W,0,0.50226647,0.25659558176994324,0.7099999785423279,0.20569999516010284
YOL084W,YPL156C,0,0.50216365,0.2565028965473175,0.7099999785423279,0.20579999685287476
YHL003C,YBL100W-B,0,0.5014742,0.25641027092933655,0.7099999785423279,0.20589999854564667
YBR153W,YNL076W,0,0.5010403,0.256317675113678,0.7099999785423279,0.20600000023841858
YGL098W,YPR174C,0,0.5007371,0.25622519850730896,0.7099999785423279,0.2061000019311905
YDR178W,YPL262W,0,0.49820632,0.25613275170326233,0.7099999785423279,0.2062000036239624
YPL115C,YPL049C,1,0.4976387,0.256401002407074,0.7110000252723694,0.2062000036239624
YBR248C,YPL254W,0,0.49697673,0.25630858540534973,0.7110000252723694,0.20630000531673431
YPR114W,YLR181C,0,0.49616897,0.25621622800827026,0.7110000252723694,0.20640000700950623
YDR127W,YPL225W,0,0.4951011,0.25612393021583557,0.7110000252723694,0.20649999380111694
YLR001C,YNL055C,0,0.49447948,0.25603169202804565,0.7110000252723694,0.20659999549388885
YML107C,YBR169C,0,0.4938742,0.2559395134449005,0.7110000252723694,0.20669999718666077
YHR033W,YBR090C-A,0,0.4926036,0.25584742426872253,0.7110000252723694,0.20679999887943268
YGR174C,YBL072C,0,0.48938763,0.25575539469718933,0.7110000252723694,0.2069000005722046
YCR105W,YLR337C,0,0.48839653,0.2556634247303009,0.7110000252723694,0.2070000022649765
YNL045W,YFR053C,0,0.4883027,0.25557154417037964,0.7110000252723694,0.2071000039577484
YPR134W,YPL049C,0,0.4860578,0.25547969341278076,0.7110000252723694,0.20720000565052032
YPR175W,YOR110W,0,0.48605606,0.25538793206214905,0.7110000252723694,0.20730000734329224
YJR073C,YLR284C,0,0.4853111,0.2552962303161621,0.7110000252723694,0.20739999413490295
YPR007C,YBR023C,0,0.4844824,0.25520458817481995,0.7110000252723694,0.20749999582767487
YDL105W,YBR200W-A,0,0.48418576,0.25511303544044495,0.7110000252723694,0.20759999752044678
YDR317W,YHL021C,0,0.48190993,0.25502151250839233,0.7110000252723694,0.2076999992132187
YMR274C,YJL196C,0,0.48167133,0.2549300789833069,0.7110000252723694,0.2078000009059906
YIL098C,YCL048W,0,0.48016316,0.2548387050628662,0.7110000252723694,0.2079000025987625
YJL089W,YBL016W,1,0.47940728,0.2551057040691376,0.7120000123977661,0.2079000025987625
YLR277C,YLR333C,0,0.47816753,0.2550143301486969,0.7120000123977661,0.20800000429153442
YPL203W,YDR045C,0,0.4760177,0.254923015832901,0.7120000123977661,0.20810000598430634
YMR237W,YDR395W,0,0.4758833,0.25483179092407227,0.7120000123977661,0.20819999277591705
YNL103W,YBR107C,0,0.47558185,0.2547405958175659,0.7120000123977661,0.20829999446868896
YNL094W,YLR337C,0,0.47552025,0.25464949011802673,0.7120000123977661,0.20839999616146088
YJL083W,YPL253C,0,0.47529316,0.2545584440231323,0.7120000123977661,0.2084999978542328
YML067C,YGR060W,0,0.47473276,0.2544674873352051,0.7120000123977661,0.2085999995470047
YBR211C,YML081W,0,0.47355065,0.2543765604496002,0.7120000123977661,0.2087000012397766
YMR076C,YBR146W,0,0.47160554,0.2542857229709625,0.7120000123977661,0.20880000293254852
YFL025C,YLR052W,0,0.47066718,0.2541949450969696,0.7120000123977661,0.20890000462532043
YIL120W,YIL033C,0,0.46943182,0.2541041970252991,0.7120000123977661,0.20900000631809235
YOR236W,YHR024C,0,0.4691863,0.2540135681629181,0.7120000123977661,0.20909999310970306
YDR439W,YBR168W,0,0.46593183,0.2539229691028595,0.7120000123977661,0.20919999480247498
YMR232W,YPL224C,0,0.46577096,0.2538324296474457,0.7120000123977661,0.2092999964952469
YLR451W,YER178W,0,0.4644012,0.253741979598999,0.7120000123977661,0.2093999981880188
YKL081W,YGL198W,0,0.4643345,0.25365158915519714,0.7120000123977661,0.2094999998807907
YAL011W,YMR072W,0,0.46313548,0.25356125831604004,0.7120000123977661,0.20960000157356262
YHR158C,YJL058C,0,0.46204865,0.2534709870815277,0.7120000123977661,0.20970000326633453
YLR259C,YGL078C,0,0.4615159,0.25338077545166016,0.7120000123977661,0.20980000495910645
YDR528W,YJL003W,0,0.4604708,0.25329065322875977,0.7120000123977661,0.20990000665187836
YDR323C,YPL280W,0,0.45960528,0.25320056080818176,0.7120000123977661,0.20999999344348907
YCL048W,YKR095W,0,0.45873618,0.2531105577945709,0.7120000123977661,0.210099995136261
YPR106W,YCR044C,0,0.45856816,0.25302061438560486,0.7120000123977661,0.2101999968290329
YOR264W,YFR034C,0,0.4584735,0.25293073058128357,0.7120000123977661,0.2102999985218048
YJR118C,YGR296W,0,0.45834357,0.25284090638160706,0.7120000123977661,0.21040000021457672
YGL144C,YNL066W,0,0.45698562,0.2527511417865753,0.7120000123977661,0.21050000190734863
YGR120C,YMR207C,0,0.4561192,0.25266146659851074,0.7120000123977661,0.21060000360012054
YHR024C,YGR094W,0,0.45384517,0.25257182121276855,0.7120000123977661,0.21070000529289246
YOR275C,YPL049C,1,0.45364594,0.2528368830680847,0.7129999995231628,0.21070000529289246
YPL171C,YNL054W,0,0.45301408,0.2527472674846649,0.7129999995231628,0.21080000698566437
YPL203W,YOR136W,0,0.4515892,0.2526576817035675,0.7129999995231628,0.21089999377727509
YIL147C,YPR097W,0,0.4504615,0.25256818532943726,0.7129999995231628,0.210999995470047
YNL294C,YIL008W,1,0.44979876,0.2528328597545624,0.7139999866485596,0.210999995470047
YOL009C,YGR097W,0,0.44892597,0.25274336338043213,0.7139999866485596,0.2110999971628189
YPR114W,YNL251C,0,0.44823307,0.25265392661094666,0.7139999866485596,0.21119999885559082
YHR202W,YKL032C,0,0.44695204,0.25256454944610596,0.7139999866485596,0.21130000054836273
YPL056C,YBR094W,0,0.44635195,0.2524752616882324,0.7139999866485596,0.21140000224113464
YFR010W,YBR180W,0,0.44562304,0.2523860037326813,0.7139999866485596,0.21150000393390656
YOR078W,YNL081C,0,0.4437272,0.2522968053817749,0.7139999866485596,0.21160000562667847
YBR248C,YFR049W,0,0.44359434,0.2522076964378357,0.7139999866485596,0.21170000731945038
YBR208C,YNL176C,0,0.44201446,0.25211864709854126,0.7139999866485596,0.2117999941110611
YML120C,YCR038C,0,0.4419352,0.2520296573638916,0.7139999866485596,0.211899995803833
YKL155C,YCL012W,0,0.44090652,0.2519407272338867,0.7139999866485596,0.21199999749660492
YDR098C-A,YIL008W,0,0.44061792,0.2518518567085266,0.7139999866485596,0.21209999918937683
YOR079C,YNL180C,0,0.44043624,0.2517630457878113,0.7139999866485596,0.21220000088214874
YLR196W,YHR080C,0,0.4403031,0.2516742944717407,0.7139999866485596,0.21230000257492065
YDR317W,YGR040W,0,0.43909758,0.25158563256263733,0.7139999866485596,0.21240000426769257
YDL145C,YOR079C,0,0.43889505,0.2514970004558563,0.7139999866485596,0.21250000596046448
YKR077W,YDL145C,0,0.43868566,0.2514084577560425,0.7139999866485596,0.2125999927520752
YPR180W,YGL238W,0,0.4377355,0.251319944858551,0.7139999866485596,0.2126999944448471
YGR046W,YDR108W,0,0.43513513,0.25123152136802673,0.7139999866485596,0.21279999613761902
YDL072C,YOL084W,0,0.43458807,0.2511431574821472,0.7139999866485596,0.21289999783039093
YPL141C,YNL161W,0,0.43443096,0.2510548532009125,0.7139999866485596,0.21299999952316284
YIL119C,YAL026C,0,0.43258047,0.2509666085243225,0.7139999866485596,0.21310000121593475
YDR217C,YBL025W,0,0.4299482,0.2508784234523773,0.7139999866485596,0.21320000290870667
YNL183C,YLR460C,0,0.42875272,0.2507902979850769,0.7139999866485596,0.21330000460147858
YHR113W,YJL083W,0,0.428721,0.25070226192474365,0.7139999866485596,0.2134000062942505
YER072W,YPR095C,0,0.42828247,0.2506142556667328,0.7139999866485596,0.2134999930858612
YBR162W-A,YIL069C,0,0.42783594,0.2505263090133667,0.7139999866485596,0.21359999477863312
YPL146C,YLL057C,0,0.42752123,0.2504384517669678,0.7139999866485596,0.21369999647140503
YFL061W,YCL035C,0,0.42674065,0.25035062432289124,0.7139999866485596,0.21379999816417694
YJL054W,YBR153W,0,0.42602038,0.25026288628578186,0.7139999866485596,0.21389999985694885
YHL028W,YPR008W,0,0.42416918,0.2501751780509949,0.7139999866485596,0.21400000154972076
YDR323C,YKL196C,0,0.4233715,0.25008755922317505,0.7139999866485596,0.21410000324249268
YAL011W,YMR158W,0,0.4229233,0.25,0.7139999866485596,0.2142000049352646
YOL132W,YFR040W,0,0.42281055,0.24991250038146973,0.7139999866485596,0.2143000066280365
YOR260W,YHR114W,0,0.42236072,0.24982504546642303,0.7139999866485596,0.21439999341964722
YDR150W,YPL189W,0,0.42118028,0.2497376650571823,0.7139999866485596,0.21449999511241913
YER123W,YMR002W,0,0.41910434,0.24965034425258636,0.7139999866485596,0.21459999680519104
YJL216C,YKL039W,0,0.4190035,0.2495630830526352,0.7139999866485596,0.21469999849796295
YCR036W,YLR328W,0,0.4180757,0.24947589635849,0.7139999866485596,0.21480000019073486
YHL011C,YOR157C,0,0.41666245,0.24938875436782837,0.7139999866485596,0.21490000188350677
YDL024C,YER109C,1,0.4156997,0.24965083599090576,0.7149999737739563,0.21490000188350677
YKR089C,YLL014W,0,0.4152828,0.24956369400024414,0.7149999737739563,0.2150000035762787
YEL039C,YDR190C,0,0.41502082,0.2494766265153885,0.7149999737739563,0.2151000052690506
YDR289C,YPL248C,0,0.41400108,0.24938960373401642,0.7149999737739563,0.2152000069618225
YDL124W,YLR092W,0,0.41232026,0.24930265545845032,0.7149999737739563,0.21529999375343323
YML067C,YLR409C,0,0.41204643,0.2492157518863678,0.7149999737739563,0.21539999544620514
YMR105C,YIL033C,0,0.41058052,0.24912892282009125,0.7149999737739563,0.21549999713897705
YPL183C,YDR098C-B,0,0.41005284,0.24904213845729828,0.7149999737739563,0.21559999883174896
YOR045W,YDR078C,0,0.41003507,0.24895542860031128,0.7149999737739563,0.21570000052452087
YDR343C,YEL032W,0,0.4099,0.24886877834796906,0.7149999737739563,0.21580000221729279
YGL104C,YJR117W,0,0.4085569,0.2487821877002716,0.7149999737739563,0.2159000039100647
YOR132W,YDR303C,0,0.40732372,0.24869565665721893,0.7149999737739563,0.2160000056028366
YGR181W,YKR075C,0,0.40639877,0.24860918521881104,0.7149999737739563,0.21610000729560852
YDR412W,YLR075W,0,0.40605626,0.2485227733850479,0.7149999737739563,0.21619999408721924
YDL072C,YPL233W,0,0.40548027,0.24843642115592957,0.7149999737739563,0.21629999577999115
YLR167W,YJL098W,0,0.40420902,0.248350128531456,0.7149999737739563,0.21639999747276306
YOR189W,YOR004W,0,0.40334058,0.2482638955116272,0.7149999737739563,0.21649999916553497
YLR313C,YKL196C,0,0.4024163,0.24817772209644318,0.7149999737739563,0.21660000085830688
YNL328C,YNL199C,0,0.40198568,0.24809160828590393,0.7149999737739563,0.2167000025510788
YBR016W,YIL123W,0,0.40142876,0.24800555408000946,0.7149999737739563,0.2168000042438507
YHR035W,YDR098C,0,0.40104198,0.24791955947875977,0.7149999737739563,0.21690000593662262
YAR033W,YMR131C,0,0.400939,0.24783362448215485,0.7149999737739563,0.21699999272823334
YLL016W,YLL006W,0,0.40022314,0.2477477490901947,0.7149999737739563,0.21709999442100525
YPR055W,YML102W,0,0.39853215,0.24766193330287933,0.7149999737739563,0.21719999611377716
YPR128C,YKL138C,0,0.39700645,0.24757617712020874,0.7149999737739563,0.21729999780654907
YER007C-A,YIL130W,0,0.3967548,0.24749048054218292,0.7149999737739563,0.21739999949932098
YKR089C,YLR150W,0,0.39644864,0.24740484356880188,0.7149999737739563,0.2175000011920929
YML004C,YER032W,0,0.3964169,0.2473192662000656,0.7149999737739563,0.2176000028848648
YDR328C,YOR079C,0,0.39623517,0.24723374843597412,0.7149999737739563,0.21770000457763672
YDR175C,YLR299W,0,0.39495963,0.2471482902765274,0.7149999737739563,0.21780000627040863
YKR079C,YOR358W,0,0.394769,0.24706289172172546,0.7149999737739563,0.21789999306201935
YBR233W-A,YJL208C,0,0.39437875,0.2469775527715683,0.7149999737739563,0.21799999475479126
YNL243W,YMR237W,0,0.39415678,0.24689225852489471,0.7149999737739563,0.21809999644756317
YIL098C,YDR434W,0,0.39380795,0.2468070387840271,0.7149999737739563,0.21819999814033508
YDL135C,YHL003C,0,0.39356175,0.24672187864780426,0.7149999737739563,0.218299999833107
YBR233W-A,YDR105C,0,0.39213166,0.2466367781162262,0.7149999737739563,0.2184000015258789
YJL094C,YIL148W,0,0.39161503,0.2465517222881317,0.7149999737739563,0.21850000321865082
YOL051W,YNL063W,0,0.3907488,0.2464667409658432,0.7149999737739563,0.21860000491142273
YDL235C,YJL098W,0,0.3896015,0.24638180434703827,0.7149999737739563,0.21870000660419464
YIL107C,YOL116W,0,0.3888346,0.2462969273328781,0.7149999737739563,0.21879999339580536
YHR154W,YKL192C,0,0.38719445,0.24621212482452393,0.7149999737739563,0.21889999508857727
YDR007W,YLR189C,0,0.38527215,0.24612736701965332,0.7149999737739563,0.21899999678134918
YPL176C,YDR210W-C,0,0.38420504,0.2460426688194275,0.7149999737739563,0.2190999984741211
YPL115C,YNL119W,1,0.3833171,0.2463020235300064,0.7160000205039978,0.2190999984741211
YJL212C,YLL021W,0,0.38286638,0.24621732532978058,0.7160000205039978,0.219200000166893
YOR273C,YIL008W,0,0.38256544,0.24613268673419952,0.7160000205039978,0.21930000185966492
YCR086W,YDR309C,0,0.38228852,0.24604810774326324,0.7160000205039978,0.21940000355243683
YHR148W,YPL253C,0,0.38164705,0.24596358835697174,0.7160000205039978,0.21950000524520874
YPL056C,YMR242C,0,0.38038886,0.24587911367416382,0.7160000205039978,0.21960000693798065
YOR002W,YDR105C,0,0.38038433,0.24579471349716187,0.7160000205039978,0.21969999372959137
YDR078C,YOR372C,0,0.37965712,0.2457103580236435,0.7160000205039978,0.21979999542236328
YIL120W,YGL192W,0,0.37916785,0.2456260770559311,0.7160000205039978,0.2198999971151352
YOL144W,YER044C-A,0,0.37823266,0.24554184079170227,0.7160000205039978,0.2199999988079071
YEL005C,YIL148W,0,0.37742388,0.24545766413211823,0.7160000205039978,0.22010000050067902
YFR034C,YER060W,0,0.37681672,0.24537354707717896,0.7160000205039978,0.22020000219345093
YER108C,YDL035C,1,0.37660265,0.24563206732273102,0.7170000076293945,0.22020000219345093
YLR442C,YBR193C,0,0.37608922,0.24554795026779175,0.7170000076293945,0.22030000388622284
YNL164C,YBR193C,0,0.37598854,0.24546387791633606,0.7170000076293945,0.22040000557899475
YHR165C,YMR048W,0,0.37415612,0.24537988007068634,0.7170000076293945,0.22050000727176666
YKL197C,YNL054W-A,0,0.3729123,0.2452959269285202,0.7170000076293945,0.22059999406337738
YNL137C,YCR086W,0,0.3726881,0.24521203339099884,0.7170000076293945,0.2206999957561493
YGR103W,YML098W,0,0.37265074,0.24512819945812225,0.7170000076293945,0.2207999974489212
YMR059W,YNR038W,0,0.3723184,0.24504442512989044,0.7170000076293945,0.22089999914169312
YDR323C,YIL119C,0,0.37179607,0.2449607104063034,0.7170000076293945,0.22100000083446503
YMR076C,YBR107C,0,0.36975992,0.24487705528736115,0.7170000076293945,0.22110000252723694
YOR119C,YPR134W,0,0.36903673,0.24479344487190247,0.7170000076293945,0.22120000422000885
YPL063W,YKR095W,0,0.36884952,0.24470989406108856,0.7170000076293945,0.22130000591278076
YFL011W,YCL012W,0,0.36762866,0.24462640285491943,0.7170000076293945,0.22139999270439148
YIL064W,YOL122C,0,0.36711776,0.24454297125339508,0.7170000076293945,0.2214999943971634
YFL061W,YGL231C,0,0.36601955,0.2444595992565155,0.7170000076293945,0.2215999960899353
YCL017C,YOL061W,0,0.36586797,0.2443762719631195,0.7170000076293945,0.22169999778270721
YOR027W,YAL030W,0,0.36488166,0.24429301917552948,0.7170000076293945,0.22179999947547913
YPL171C,YLR345W,0,0.36479926,0.24420981109142303,0.7170000076293945,0.22190000116825104
YDR468C,YOR372C,0,0.36396432,0.24412666261196136,0.7170000076293945,0.22200000286102295
YPL133C,YKL063C,0,0.3638022,0.24404357373714447,0.7170000076293945,0.22210000455379486
YHR142W,YER108C,0,0.36358798,0.24396052956581116,0.7170000076293945,0.22220000624656677
YDR300C,YDL123W,0,0.3633302,0.24387754499912262,0.7170000076293945,0.2222999930381775
YOR032C,YHR142W,0,0.36227345,0.24379463493824005,0.7170000076293945,0.2223999947309494
YDR129C,YIL173W,0,0.36207187,0.24371175467967987,0.7170000076293945,0.2224999964237213
YHR169W,YEL039C,0,0.3614511,0.24362894892692566,0.7170000076293945,0.22259999811649323
YOR330C,YML031W,0,0.36127692,0.24354620277881622,0.7170000076293945,0.22269999980926514
YMR053C,YKL138C-A,0,0.36038923,0.24346350133419037,0.7170000076293945,0.22280000150203705
YKR088C,YGL064C,0,0.35967708,0.2433808594942093,0.7170000076293945,0.22290000319480896
YDR150W,YNL118C,0,0.35965925,0.2432982623577118,0.7170000076293945,0.22300000488758087
YJR153W,YPL225W,0,0.35964456,0.24321573972702026,0.7170000076293945,0.22310000658035278
YKR075C,YPL224C,0,0.35872716,0.24313326179981232,0.7170000076293945,0.2231999933719635
YNL173C,YOL078W,0,0.35858798,0.24305084347724915,0.7170000076293945,0.2232999950647354
YLR382C,YLR068W,0,0.3575213,0.24296848475933075,0.7170000076293945,0.22339999675750732
YOL078W,YOR019W,0,0.35741782,0.24288618564605713,0.7170000076293945,0.22349999845027924
YMR261C,YDR381W,0,0.35703087,0.2428039312362671,0.7170000076293945,0.22360000014305115
YLR417W,YML081W,0,0.35504115,0.24272173643112183,0.7170000076293945,0.22370000183582306
YFR047C,YDR100W,0,0.3550223,0.24263960123062134,0.7170000076293945,0.22380000352859497
YDR041W,YBR169C,0,0.35488677,0.24255751073360443,0.7170000076293945,0.22390000522136688
YBR153W,YBR149W,0,0.35469046,0.2424754798412323,0.7170000076293945,0.2240000069141388
YOR254C,YFR053C,0,0.35217422,0.24239350855350494,0.7170000076293945,0.2240999937057495
YML067C,YAL019W,0,0.35139027,0.24231159687042236,0.7170000076293945,0.22419999539852142
YEL048C,YLR200W,0,0.350931,0.24222972989082336,0.7170000076293945,0.22429999709129333
YER108C,YAL041W,1,0.350446,0.2424856424331665,0.7179999947547913,0.22429999709129333
YGR060W,YNL094W,0,0.35034332,0.2424037754535675,0.7179999947547913,0.22439999878406525
YPR175W,YDR430C,0,0.35031354,0.24232196807861328,0.7179999947547913,0.22450000047683716
YER033C,YDR292C,0,0.34971124,0.24224022030830383,0.7179999947547913,0.22460000216960907
YML133C,YOR227W,0,0.34767234,0.24215851724147797,0.7179999947547913,0.22470000386238098
YCR016W,YPR071W,0,0.3475967,0.24207687377929688,0.7179999947547913,0.2248000055551529
YHR073W,YDL035C,1,0.34620976,0.242332324385643,0.718999981880188,0.2248000055551529
YFR027W,YGL192W,0,0.34566945,0.24225068092346191,0.718999981880188,0.2249000072479248
YDR165W,YFR034C,0,0.3454088,0.2421690821647644,0.718999981880188,0.22499999403953552
YBR029C,YGR120C,0,0.34467822,0.24208754301071167,0.718999981880188,0.22509999573230743
YOR258W,YHR150W,0,0.3432423,0.2420060634613037,0.718999981880188,0.22519999742507935
YMR215W,YMR158W,0,0.3426029,0.24192462861537933,0.718999981880188,0.22529999911785126
YCL001W,YGL240W,0,0.3424219,0.24184325337409973,0.718999981880188,0.22540000081062317
YER108C,YDR103W,1,0.34167486,0.24209818243980408,0.7200000286102295,0.22540000081062317
YER108C,YDR477W,1,0.34149295,0.2423529475927353,0.7210000157356262,0.22540000081062317
YNL137C,YFL049W,0,0.3410295,0.2422715127468109,0.7210000157356262,0.22550000250339508
YOR034C,YHR088W,0,0.33981895,0.24219012260437012,0.7210000157356262,0.225600004196167
YCR105W,YOR048C,0,0.33897245,0.2421087920665741,0.7210000157356262,0.2257000058889389
YEL048C,YIL005W,0,0.3380537,0.24202752113342285,0.7210000157356262,0.22579999268054962
YER041W,YGR017W,0,0.33791327,0.24194630980491638,0.7210000157356262,0.22589999437332153
YMR050C,YHR114W,0,0.33764187,0.2418651431798935,0.7210000157356262,0.22599999606609344
YCR016W,YOR078W,0,0.33464497,0.24178403615951538,0.7210000157356262,0.22609999775886536
YGL208W,YPL115C,1,0.33359647,0.24203822016716003,0.722000002861023,0.22609999775886536
YPL140C,YLR189C,0,0.33335322,0.24195709824562073,0.722000002861023,0.22619999945163727
YEL005C,YFL061W,0,0.33159977,0.2418760508298874,0.722000002861023,0.22630000114440918
YBL035C,YHL021C,0,0.3315711,0.24179504811763763,0.722000002861023,0.2264000028371811
YML045W,YGL240W,0,0.3309927,0.24171409010887146,0.722000002861023,0.226500004529953
YEL019C,YGR244C,0,0.3306733,0.24163320660591125,0.722000002861023,0.22660000622272491
YHR001W-A,YKL051W,0,0.32958114,0.24155235290527344,0.722000002861023,0.22669999301433563
YBR086C,YCR038C,0,0.32888335,0.2414715737104416,0.722000002861023,0.22679999470710754
YPR143W,YOR079C,0,0.32869864,0.24139083921909332,0.722000002861023,0.22689999639987946
YLR039C,YGR094W,0,0.32770535,0.24131016433238983,0.722000002861023,0.22699999809265137
YPL262W,YHL006C,0,0.32669932,0.24122953414916992,0.722000002861023,0.22709999978542328
YLR056W,YDR284C,0,0.32658184,0.2411489635705948,0.722000002861023,0.2272000014781952
YGL104C,YHL003C,0,0.325319,0.24106845259666443,0.722000002861023,0.2273000031709671
YDR482C,YGL096W,0,0.32420254,0.24098798632621765,0.722000002861023,0.227400004863739
YJL059W,YDR397C,0,0.32300216,0.24090757966041565,0.722000002861023,0.22750000655651093
YHR108W,YER108C,0,0.32214552,0.24082721769809723,0.722000002861023,0.22759999334812164
YDR040C,YFR053C,0,0.32160604,0.24074691534042358,0.722000002861023,0.22769999504089355
YLR426W,YHR113W,0,0.3215407,0.24066667258739471,0.722000002861023,0.22779999673366547
YCL001W,YKL051W,0,0.32037824,0.24058647453784943,0.722000002861023,0.22789999842643738
YBL008W,YDR190C,0,0.31970775,0.2405063360929489,0.722000002861023,0.2280000001192093
YMR009W,YNL180C,0,0.31964955,0.24042624235153198,0.722000002861023,0.2281000018119812
YDL100C,YDL093W,0,0.3195656,0.24034620821475983,0.722000002861023,0.2282000035047531
YGR024C,YNL132W,0,0.31952548,0.24026621878147125,0.722000002861023,0.22830000519752502
YDR150W,YBR034C,0,0.31932604,0.24018628895282745,0.722000002861023,0.22840000689029694
YJL059W,YFL011W,0,0.31688553,0.24010641872882843,0.722000002861023,0.22849999368190765
YBR114W,YDR078C,0,0.31578296,0.240026593208313,0.722000002861023,0.22859999537467957
YAL015C,YBL100W-B,0,0.31509852,0.23994682729244232,0.722000002861023,0.22869999706745148
YER108C,YLR083C,1,0.31353652,0.24019934237003326,0.7229999899864197,0.22869999706745148
YMR230W,YLR189C,0,0.31318092,0.2401195615530014,0.7229999899864197,0.2287999987602234
YOL122C,YMR177W,0,0.31297073,0.24003984034061432,0.7229999899864197,0.2289000004529953
YGL028C,YML120C,0,0.31292674,0.239960178732872,0.7229999899864197,0.2290000021457672
YOR193W,YNL278W,0,0.31233788,0.23988056182861328,0.7229999899864197,0.22910000383853912
YPR128C,YKL048C,0,0.3105929,0.23980098962783813,0.7229999899864197,0.22920000553131104
YIR019C,YMR116C,1,0.30988097,0.24005305767059326,0.7239999771118164,0.22920000553131104
YMR076C,YDL154W,0,0.30968493,0.23997348546981812,0.7239999771118164,0.22930000722408295
YEL024W,YMR149W,0,0.30963987,0.23989397287368774,0.7239999771118164,0.22939999401569366
YDR145W,YOR002W,0,0.30879197,0.23981450498104095,0.7239999771118164,0.22949999570846558
YLR460C,YGL151W,0,0.3083622,0.23973509669303894,0.7239999771118164,0.2295999974012375
YBR162W-A,YKL138C,0,0.3082801,0.2396557480096817,0.7239999771118164,0.2296999990940094
YJL167W,YDL243C,0,0.30753142,0.23957644402980804,0.7239999771118164,0.2298000007867813
YLR417W,YGL053W,0,0.3046459,0.23949718475341797,0.7239999771118164,0.22990000247955322
YGL126W,YDL134C-A,0,0.3028556,0.23941798508167267,0.7239999771118164,0.23000000417232513
YDR028C,YBR121C,0,0.3027229,0.23933884501457214,0.7239999771118164,0.23010000586509705
YJL183W,YLR068W,0,0.3026392,0.2392597496509552,0.7239999771118164,0.23019999265670776
YOR380W,YOR258W,0,0.3025381,0.23918071389198303,0.7239999771118164,0.23029999434947968
YBR279W,YOR059C,0,0.30119753,0.23910172283649445,0.7239999771118164,0.2303999960422516
YGL076C,YIL118W,0,0.30095565,0.23902277648448944,0.7239999771118164,0.2304999977350235
YGR178C,YMR091C,0,0.29873854,0.2389438897371292,0.7239999771118164,0.2305999994277954
YGL067W,YIL043C,0,0.2976663,0.23886506259441376,0.7239999771118164,0.23070000112056732
YOR193W,YDR021W,0,0.29759324,0.23878628015518188,0.7239999771118164,0.23080000281333923
YKR077W,YDR234W,0,0.29718947,0.2387075573205948,0.7239999771118164,0.23090000450611115
YNL194C,YLR323C,0,0.2970004,0.23862887918949127,0.7239999771118164,0.23100000619888306
YDR111C,YKL002W,0,0.29570723,0.23855024576187134,0.7239999771118164,0.23109999299049377
YJL133C-A,YER040W,0,0.2953238,0.23847167193889618,0.7239999771118164,0.23119999468326569
YDR292C,YLR055C,0,0.29483855,0.2383931577205658,0.7239999771118164,0.2312999963760376
YFR027W,YDR127W,0,0.29364172,0.2383146733045578,0.7239999771118164,0.2313999980688095
YPL105C,YPL133C,0,0.29253107,0.23823626339435577,0.7239999771118164,0.23149999976158142
YML011C,YOL069W,0,0.2901175,0.23815789818763733,0.7239999771118164,0.23160000145435333
YKL006W,YOR330C,0,0.28944957,0.23807957768440247,0.7239999771118164,0.23170000314712524
YBL013W,YLR044C,0,0.28935242,0.23800131678581238,0.7239999771118164,0.23180000483989716
YPR110C,YLR115W,0,0.28754425,0.23792310059070587,0.7239999771118164,0.23190000653266907
YNL233W,YLR017W,0,0.28656355,0.23784494400024414,0.7239999771118164,0.23199999332427979
YMR215W,YDR087C,0,0.2848221,0.237766832113266,0.7239999771118164,0.2320999950170517
YJL054W,YPL193W,0,0.2842853,0.23768876492977142,0.7239999771118164,0.2321999967098236
YMR262W,YDL046W,0,0.28241777,0.23761075735092163,0.7239999771118164,0.23229999840259552
YGL006W,YBR094W,0,0.28187376,0.2375328093767166,0.7239999771118164,0.23240000009536743
YJL167W,YLR451W,0,0.2813459,0.23745490610599518,0.7239999771118164,0.23250000178813934
YBR189W,YNL066W,0,0.28094018,0.23737704753875732,0.7239999771118164,0.23260000348091125
YGL092W,YBL008W,0,0.28046572,0.23729924857616425,0.7239999771118164,0.23270000517368317
YPL133C,YDR399W,0,0.27968842,0.23722149431705475,0.7239999771118164,0.23280000686645508
YDR300C,YIL130W,0,0.27967343,0.23714379966259003,0.7239999771118164,0.2328999936580658
YKR078W,YPR158W-B,0,0.27964765,0.2370661497116089,0.7239999771118164,0.2329999953508377
YML004C,YNL068C,0,0.2761258,0.23698854446411133,0.7239999771118164,0.23309999704360962
YGR078C,YDR316W-B,0,0.27477843,0.23691099882125854,0.7239999771118164,0.23319999873638153
YLR190W,YBR131W,0,0.273431,0.23683349788188934,0.7239999771118164,0.23330000042915344
YDR243C,YDR025W,0,0.27288774,0.23675605654716492,0.7239999771118164,0.23340000212192535
YPL207W,YGL096W,0,0.2721488,0.23667865991592407,0.7239999771118164,0.23350000381469727
YNL294C,YNL298W,1,0.27159148,0.23692810535430908,0.7250000238418579,0.23350000381469727
YJR117W,YPR131C,0,0.26939762,0.23685070872306824,0.7250000238418579,0.23360000550746918
YLR363C,YNL176C,0,0.26715672,0.23677335679531097,0.7250000238418579,0.2337000072002411
YGR212W,YBR119W,0,0.26613533,0.2366960495710373,0.7250000238418579,0.2337999939918518
YHR079C-B,YGL129C,0,0.26599658,0.2366188019514084,0.7250000238418579,0.23389999568462372
YNL051W,YIL118W,0,0.26388204,0.23654159903526306,0.7250000238418579,0.23399999737739563
YOR048C,YHR114W,0,0.26266313,0.2364644557237625,0.7250000238418579,0.23409999907016754
YOR018W,YAL051W,0,0.26155686,0.23638734221458435,0.7250000238418579,0.23420000076293945
YLR167W,YDR200C,0,0.25938052,0.23631030321121216,0.7250000238418579,0.23430000245571136
YML100W,YGL151W,0,0.258677,0.23623329401016235,0.7250000238418579,0.23440000414848328
YPL115C,YLR229C,1,0.25861633,0.23648208379745483,0.7260000109672546,0.23440000414848328
YLR175W,YDR438W,0,0.2582879,0.23640507459640503,0.7260000109672546,0.2345000058412552
YFL026W,YMR133W,0,0.25705594,0.236328125,0.7260000109672546,0.2345999926328659
YLR284C,YMR261C,0,0.25561723,0.23625122010707855,0.7260000109672546,0.23469999432563782
YML004C,YGL064C,0,0.2544271,0.23617435991764069,0.7260000109672546,0.23479999601840973
YPL176C,YDL123W,0,0.25436708,0.2360975593328476,0.7260000109672546,0.23489999771118164
YOR068C,YLR175W,0,0.25117892,0.23602080345153809,0.7260000109672546,0.23499999940395355
YNL247W,YBR301W,0,0.2505177,0.23594410717487335,0.7260000109672546,0.23510000109672546
YDR189W,YPL161C,0,0.25011832,0.235867440700531,0.7260000109672546,0.23520000278949738
YBR109C,YER123W,0,0.24982119,0.23579083383083344,0.7260000109672546,0.2353000044822693
YPR003C,YHR113W,0,0.245404,0.23571428656578064,0.7260000109672546,0.2354000061750412
YNL173C,YNR038W,0,0.24459353,0.23563778400421143,0.7260000109672546,0.23549999296665192
YPR100W,YPL173W,0,0.24450833,0.2355613261461258,0.7260000109672546,0.23559999465942383
YGL246C,YPR199C,0,0.24372005,0.23548491299152374,0.7260000109672546,0.23569999635219574
YMR063W,YDR516C,0,0.24309075,0.23540855944156647,0.7260000109672546,0.23579999804496765
YOR236W,YOR132W,0,0.24158251,0.23533225059509277,0.7260000109672546,0.23589999973773956
YDR289C,YBL072C,0,0.24111712,0.23525600135326385,0.7260000109672546,0.23600000143051147
YOR045W,YER176W,0,0.23879492,0.23517978191375732,0.7260000109672546,0.2361000031232834
YKR100C,YJR118C,0,0.23858094,0.23510362207889557,0.7260000109672546,0.2362000048160553
YOL078W,YDR168W,0,0.23827004,0.2350275218486786,0.7260000109672546,0.2363000065088272
YML133C,YHR193C,0,0.23694244,0.234951451420784,0.7260000109672546,0.23639999330043793
YLR360W,YJL026W,0,0.23528914,0.23487544059753418,0.7260000109672546,0.23649999499320984
YPL056C,YDR316W-B,0,0.23499906,0.23479948937892914,0.7260000109672546,0.23659999668598175
YMR192W,YAL026C,0,0.23457837,0.23472356796264648,0.7260000109672546,0.23669999837875366
YGR217W,YOR172W,0,0.23338327,0.2346477061510086,0.7260000109672546,0.23680000007152557
YDL003W,YOR343C-A,0,0.23319316,0.2345718890428543,0.7260000109672546,0.23690000176429749
YHL017W,YEL048C,0,0.23182169,0.2344961166381836,0.7260000109672546,0.2370000034570694
YBR200W-A,YEL006W,0,0.2316519,0.23442040383815765,0.7260000109672546,0.2371000051498413
YLR118C,YIL037C,0,0.23105699,0.2343447357416153,0.7260000109672546,0.23720000684261322
YAR042W,YDL123W,0,0.23053968,0.23426911234855652,0.7260000109672546,0.23729999363422394
YKL045W,YPL061W,0,0.22811672,0.23419354856014252,0.7260000109672546,0.23739999532699585
YIL008W,YDR477W,1,0.22732402,0.23444050550460815,0.7269999980926514,0.23739999532699585
YMR322C,YPL156C,0,0.22719723,0.23436492681503296,0.7269999980926514,0.23749999701976776
YLR194C,YKL150W,0,0.22678079,0.23428939282894135,0.7269999980926514,0.23759999871253967
YOL011W,YDL211C,0,0.22497565,0.2342139184474945,0.7269999980926514,0.23770000040531158
YFR010W,YBR295W,0,0.22481859,0.23413848876953125,0.7269999980926514,0.2378000020980835
YNL167C,YPR105C,0,0.2229684,0.23406310379505157,0.7269999980926514,0.2379000037908554
YPL105C,YPR143W,0,0.22286397,0.23398776352405548,0.7269999980926514,0.23800000548362732
YNR052C,YJL069C,0,0.22097012,0.23391248285770416,0.7269999980926514,0.23810000717639923
YFR027W,YPL207W,0,0.22054505,0.23383724689483643,0.7269999980926514,0.23819999396800995
YMR076C,YMR205C,0,0.22054297,0.23376205563545227,0.7269999980926514,0.23829999566078186
YDL134C-A,YDR434W,0,0.21999359,0.2336869239807129,0.7269999980926514,0.23839999735355377
YNL132W,YDR317W,0,0.21989626,0.2336118221282959,0.7269999980926514,0.23849999904632568
YDL160C,YBL038W,0,0.21949196,0.23353677988052368,0.7269999980926514,0.2386000007390976
YHR088W,YPL146C,0,0.21747196,0.23346178233623505,0.7269999980926514,0.2387000024318695
YDR127W,YOR335C,0,0.21642303,0.2333868443965912,0.7269999980926514,0.23880000412464142
YOL051W,YIL008W,0,0.21526748,0.23331193625926971,0.7269999980926514,0.23890000581741333
YER108C,YHL007C,1,0.21187708,0.23355790972709656,0.7279999852180481,0.23890000581741333
YDR300C,YLR435W,0,0.21178472,0.23348300158977509,0.7279999852180481,0.23899999260902405
YJL045W,YPL006W,0,0.21177882,0.2334081381559372,0.7279999852180481,0.23909999430179596
YNL240C,YGR161C-D,0,0.21094537,0.23333333432674408,0.7279999852180481,0.23919999599456787
YGR170W,YOR078W,0,0.20702982,0.23325857520103455,0.7279999852180481,0.23929999768733978
YCL016C,YPR169W,0,0.20702505,0.2331838607788086,0.7279999852180481,0.2393999993801117
YJL054W,YJR102C,0,0.20570552,0.23310919106006622,0.7279999852180481,0.2395000010728836
YLR150W,YDL123W,0,0.20451745,0.23303456604480743,0.7279999852180481,0.23960000276565552
YJR118C,YDR028C,0,0.20341897,0.23296000063419342,0.7279999852180481,0.23970000445842743
YPL221W,YOR343C-A,0,0.20294452,0.232885479927063,0.7279999852180481,0.23980000615119934
YBR043C,YGL061C,0,0.1998801,0.23281100392341614,0.7279999852180481,0.23989999294281006
YKL194C,YML057W,0,0.19924623,0.23273657262325287,0.7279999852180481,0.23999999463558197
YKR085C,YDR246W,0,0.19919872,0.23266218602657318,0.7279999852180481,0.24009999632835388
YDR204W,YGL092W,0,0.19777898,0.23258785903453827,0.7279999852180481,0.2401999980211258
YJL059W,YDL081C,0,0.19735307,0.23251357674598694,0.7279999852180481,0.2402999997138977
YMR175W,YPR143W,0,0.19720821,0.2324393391609192,0.7279999852180481,0.24040000140666962
YOR262W,YCL005W-A,0,0.19613367,0.23236514627933502,0.7279999852180481,0.24050000309944153
YDR041W,YKL197C,0,0.19416153,0.23229099810123444,0.7279999852180481,0.24060000479221344
YLR200W,YPR155C,0,0.19410372,0.23221690952777863,0.7279999852180481,0.24070000648498535
YMR243C,YHR148W,0,0.19401383,0.2321428507566452,0.7279999852180481,0.24079999327659607
YOL061W,YMR177W,0,0.1936692,0.23206885159015656,0.7279999852180481,0.24089999496936798
YEL039C,YDR292C,0,0.19267902,0.2319948971271515,0.7279999852180481,0.2409999966621399
YLR058C,YER053C-A,0,0.19202149,0.23192098736763,0.7279999852180481,0.2410999983549118
YIR019C,YOR080W,1,0.19002378,0.2321656048297882,0.7289999723434448,0.2410999983549118
YLR363C,YPL063W,0,0.18926904,0.23209169507026672,0.7289999723434448,0.24120000004768372
YHR154W,YGL115W,0,0.18738413,0.23201783001422882,0.7289999723434448,0.24130000174045563
YIL019W,YOR320C,0,0.18730572,0.2319440096616745,0.7289999723434448,0.24140000343322754
YCL016C,YDR399W,0,0.18644962,0.23187023401260376,0.7289999723434448,0.24150000512599945
YLR083C,YER027C,1,0.18640639,0.23211446404457092,0.7300000190734863,0.24150000512599945
YFL035C-B,YJL094C,0,0.18492568,0.23204068839550018,0.7300000190734863,0.24160000681877136
YNL045W,YLR220W,0,0.18320072,0.23196695744991302,0.7300000190734863,0.24169999361038208
YDR430C,YJL212C,0,0.18302114,0.23189327120780945,0.7300000190734863,0.241799995303154
YJR041C,YDR438W,0,0.18299073,0.23181962966918945,0.7300000190734863,0.2418999969959259
YHR205W,YKL069W,0,0.18282622,0.23174603283405304,0.7300000190734863,0.24199999868869781
YGR040W,YMR116C,1,0.18221042,0.23198984563350677,0.7310000061988831,0.24199999868869781
YLR362W,YPL115C,1,0.18195894,0.23223350942134857,0.7319999933242798,0.24199999868869781
YIL118W,YDR105C,0,0.1819433,0.23215985298156738,0.7319999933242798,0.24210000038146973
YNL263C,YMR001C,0,0.1799891,0.23208624124526978,0.7319999933242798,0.24220000207424164
YOL116W,YPL049C,1,0.17868012,0.23232963681221008,0.7329999804496765,0.24220000207424164
YMR318C,YOL059W,0,0.17851233,0.23225602507591248,0.7329999804496765,0.24230000376701355
YDR098C-A,YAL015C,0,0.17778817,0.23218245804309845,0.7329999804496765,0.24240000545978546
YDL230W,YGR161C-D,0,0.17718482,0.232108935713768,0.7329999804496765,0.24250000715255737
YPR097W,YLR292C,0,0.17715764,0.23203545808792114,0.7329999804496765,0.2425999939441681
YPL225W,YDR165W,0,0.17710856,0.23196202516555786,0.7329999804496765,0.24269999563694
YKR075C,YBR090C-A,0,0.17617333,0.23188863694667816,0.7329999804496765,0.24279999732971191
YER142C,YMR035W,0,0.17540734,0.23181530833244324,0.7329999804496765,0.24289999902248383
YER177W,YGR097W,0,0.17533928,0.2317420244216919,0.7329999804496765,0.24300000071525574
YPL117C,YMR035W,0,0.17439067,0.23166877031326294,0.7329999804496765,0.24310000240802765
YCR065W,YOR260W,0,0.17405987,0.23159557580947876,0.7329999804496765,0.24320000410079956
YPL224C,YBR268W,0,0.17401624,0.23152242600917816,0.7329999804496765,0.24330000579357147
YCR035C,YMR050C,0,0.17374167,0.23144932091236115,0.7329999804496765,0.2433999925851822
YPR057W,YNL176C,0,0.17365944,0.2313762605190277,0.7329999804496765,0.2434999942779541
YJL096W,YFR038W,0,0.17283738,0.23130324482917786,0.7329999804496765,0.243599995970726
YKL014C,YEL019C,0,0.17243512,0.23123028874397278,0.7329999804496765,0.24369999766349792
YGR254W,YNL123W,0,0.17160112,0.2311573624610901,0.7329999804496765,0.24379999935626984
YEL001C,YOL078W,0,0.17121291,0.23108449578285217,0.7329999804496765,0.24390000104904175
YIL022W,YNL094W,0,0.16901693,0.23101165890693665,0.7329999804496765,0.24400000274181366
YER108C,YAL056W,1,0.16692889,0.23125393688678741,0.734000027179718,0.24400000274181366
YIL056W,YBR168W,0,0.16649073,0.2311811000108719,0.734000027179718,0.24410000443458557
YGL208W,YPL203W,1,0.16634965,0.23142316937446594,0.7350000143051147,0.24410000443458557
YIL069C,YKL058W,0,0.16634578,0.23135033249855042,0.7350000143051147,0.24420000612735748
YDR078C,YLR190W,0,0.16581255,0.23127754032611847,0.7350000143051147,0.2442999929189682
YPR057W,YOR103C,0,0.16447407,0.2312047779560089,0.7350000143051147,0.2443999946117401
YBR078W,YIR004W,0,0.16403836,0.23113207519054413,0.7350000143051147,0.24449999630451202
YOL116W,YNL119W,1,0.16345738,0.23137378692626953,0.7360000014305115,0.24449999630451202
YPL001W,YGR245C,0,0.16227514,0.23130106925964355,0.7360000014305115,0.24459999799728394
YIL096C,YCL064C,0,0.16205704,0.23122839629650116,0.7360000014305115,0.24469999969005585
YJR109C,YBR028C,0,0.16139185,0.23115578293800354,0.7360000014305115,0.24480000138282776
YJL045W,YIR019C,0,0.16134632,0.2310831993818283,0.7360000014305115,0.24490000307559967
YIL014W,YMR002W,0,0.16128448,0.23101067543029785,0.7360000014305115,0.24500000476837158
YLR059C,YNL036W,0,0.16065937,0.23093818128108978,0.7360000014305115,0.2451000064611435
YDR399W,YDR359C,0,0.15858346,0.2308657467365265,0.7360000014305115,0.2451999932527542
YPL146C,YOL051W,0,0.15720856,0.23079335689544678,0.7360000014305115,0.24529999494552612
YPL171C,YPL130W,0,0.15623036,0.23072099685668945,0.7360000014305115,0.24539999663829803
YDL091C,YIL011W,0,0.15570568,0.2306486964225769,0.7360000014305115,0.24549999833106995
YHR169W,YGR170W,0,0.15458834,0.23057644069194794,0.7360000014305115,0.24560000002384186
YJR035W,YDR190C,0,0.15405151,0.23050422966480255,0.7360000014305115,0.24570000171661377
YER038C,YOR113W,0,0.15330017,0.23043206334114075,0.7360000014305115,0.24580000340938568
YPL280W,YBR114W,0,0.15291119,0.23035994172096252,0.7360000014305115,0.2459000051021576
YNL243W,YGR030C,0,0.15106854,0.23028786480426788,0.7360000014305115,0.2460000067949295
YOR032C,YPL210C,0,0.15098494,0.23021583259105682,0.7360000014305115,0.24609999358654022
YDR392W,YHR073W,1,0.15097404,0.23045653104782104,0.7369999885559082,0.24609999358654022
YJL013C,YHR157W,0,0.15068492,0.23038449883460999,0.7369999885559082,0.24619999527931213
YPL115C,YDR107C,1,0.15064605,0.2306250035762787,0.7379999756813049,0.24619999527931213
YKR096W,YNL081C,0,0.1501413,0.23055295646190643,0.7379999756813049,0.24629999697208405
YKL006C-A,YKL192C,0,0.1494596,0.23048095405101776,0.7379999756813049,0.24639999866485596
YAR009C,YDL135C,0,0.14865673,0.23040899634361267,0.7379999756813049,0.24650000035762787
YPL183C,YOR319W,0,0.14863563,0.23033708333969116,0.7379999756813049,0.24660000205039978
YJL186W,YJL058C,0,0.14848137,0.23026521503925323,0.7379999756813049,0.2467000037431717
YNR033W,YFR053C,0,0.1475572,0.2301933914422989,0.7379999756813049,0.2468000054359436
YMR081C,YAL026C,0,0.14744765,0.23012161254882812,0.7379999756813049,0.24690000712871552
YJL089W,YLR229C,1,0.14691085,0.23036159574985504,0.7390000224113464,0.24690000712871552
YIR019C,YLR229C,1,0.14674222,0.23060142993927002,0.7400000095367432,0.24690000712871552
YKL048C,YDL134C,0,0.14528179,0.23052959144115448,0.7400000095367432,0.24699999392032623
YNL130C,YLR175W,0,0.14462209,0.23045779764652252,0.7400000095367432,0.24709999561309814
YKR085C,YDL145C,0,0.1444617,0.23038604855537415,0.7400000095367432,0.24719999730587006
YHR194W,YBR121C,0,0.14418972,0.23031434416770935,0.7400000095367432,0.24729999899864197
YJL054W,YBR189W,0,0.14345086,0.23024268448352814,0.7400000095367432,0.24740000069141388
YGL246C,YBR078W,0,0.14315516,0.2301710695028305,0.7400000095367432,0.2475000023841858
YIR019C,YOR241W,0,0.14254534,0.23009949922561646,0.7400000095367432,0.2476000040769577
YDR515W,YAL028W,0,0.14186239,0.230027973651886,0.7400000095367432,0.24770000576972961
YKR088C,YPL061W,0,0.14157695,0.2299564927816391,0.7400000095367432,0.24779999256134033
YMR215W,YER028C,0,0.13927254,0.2298850566148758,0.7400000095367432,0.24789999425411224
YLL006W,YPR100W,0,0.13873684,0.22981366515159607,0.7400000095367432,0.24799999594688416
YDR309C,YOR060C,0,0.13853717,0.22974231839179993,0.7400000095367432,0.24809999763965607
YDR111C,YPL130W,0,0.13809812,0.22967101633548737,0.7400000095367432,0.24819999933242798
YLR181C,YCR005C,0,0.1375665,0.2295997589826584,0.7400000095367432,0.2483000010251999
YHR150W,YOR011W,0,0.13680798,0.2295285314321518,0.7400000095367432,0.2484000027179718
YNR032C-A,YDL113C,0,0.1349926,0.22945736348628998,0.7400000095367432,0.2485000044107437
YBR043C,YMR009W,0,0.13458753,0.22938624024391174,0.7400000095367432,0.24860000610351562
YNL183C,YLR215C,0,0.13326973,0.2293151468038559,0.7400000095367432,0.24869999289512634
YOR090C,YDR280W,0,0.1321572,0.22924411296844482,0.7400000095367432,0.24879999458789825
YOL059W,YGL238W,0,0.13198447,0.22917312383651733,0.7400000095367432,0.24889999628067017
YKL150W,YMR002W,0,0.13195205,0.22910216450691223,0.7400000095367432,0.24899999797344208
YGL085W,YJL197W,0,0.13119686,0.2290312647819519,0.7400000095367432,0.249099999666214
YOL126C,YLR382C,0,0.13060045,0.22896039485931396,0.7400000095367432,0.2492000013589859
YPL146C,YML127W,0,0.12963095,0.2288895696401596,0.7400000095367432,0.2493000030517578
YPR158W-B,YHR120W,0,0.12961176,0.22881880402565002,0.7400000095367432,0.24940000474452972
YOL116W,YOR127W,1,0.1294058,0.2290571928024292,0.7409999966621399,0.24940000474452972
YPR110C,YJL098W,0,0.12929457,0.22898639738559723,0.7409999966621399,0.24950000643730164
YGL104C,YDR234W,0,0.12880707,0.22891566157341003,0.7409999966621399,0.24959999322891235
YDR122W,YHR139C,0,0.12749767,0.22884497046470642,0.7409999966621399,0.24969999492168427
YER041W,YIL069C,0,0.12705535,0.2287743091583252,0.7409999966621399,0.24979999661445618
YGR202C,YLR377C,0,0.1260683,0.22870370745658875,0.7409999966621399,0.2498999983072281
YGL195W,YDL031W,0,0.12571451,0.22863313555717468,0.7409999966621399,0.25
YLR426W,YDL134C-A,0,0.12559403,0.2285626083612442,0.7409999966621399,0.2500999867916107
YJL212C,YGR040W,0,0.124663055,0.2284921407699585,0.7409999966621399,0.2502000033855438
YCL005W-A,YDR317W,0,0.12434727,0.22842170298099518,0.7409999966621399,0.25029999017715454
YIL119C,YCL051W,0,0.1243273,0.22835130989551544,0.7409999966621399,0.25040000677108765
YIL019W,YHR122W,0,0.12301451,0.2282809615135193,0.7409999966621399,0.25049999356269836
YDR040C,YHL035C,0,0.12254059,0.2282106578350067,0.7409999966621399,0.25060001015663147
YBR162W-A,YKL002W,0,0.121637076,0.22814039885997772,0.7409999966621399,0.2506999969482422
YCL051W,YBR162C,0,0.121372044,0.22807016968727112,0.7409999966621399,0.2508000135421753
YER028C,YGL087C,0,0.11886883,0.2280000001192093,0.7409999966621399,0.250900000333786
YNR024W,YDL087C,0,0.11782995,0.22792986035346985,0.7409999966621399,0.25099998712539673
YFR027W,YBR208C,0,0.11743337,0.22785978019237518,0.7409999966621399,0.25110000371932983
YPL115C,YHL007C,1,0.116168916,0.22809714078903198,0.7419999837875366,0.25110000371932983
YDL145C,YLL021W,0,0.11536384,0.22802704572677612,0.7419999837875366,0.25119999051094055
YDR480W,YOR080W,1,0.11511648,0.2282642126083374,0.7429999709129333,0.25119999051094055
YGL005C,YOR272W,0,0.11475903,0.22819410264492035,0.7429999709129333,0.25130000710487366
YDR148C,YPL168W,0,0.114694834,0.22812403738498688,0.7429999709129333,0.2513999938964844
YKL026C,YDR422C,0,0.1142323,0.228054016828537,0.7429999709129333,0.2515000104904175
YGL046W,YPL203W,1,0.11311895,0.2282908856868744,0.7440000176429749,0.2515000104904175
YDR007W,YIL069C,0,0.11189392,0.2282208651304245,0.7440000176429749,0.2515999972820282
YLR259C,YOR009W,0,0.111353636,0.228150874376297,0.7440000176429749,0.2517000138759613
YGR078C,YDR111C,0,0.11118239,0.22808092832565308,0.7440000176429749,0.251800000667572
YOL012C,YDR407C,0,0.11094652,0.22801102697849274,0.7440000176429749,0.25189998745918274
YNL294C,YHL007C,1,0.1080091,0.22824755311012268,0.7450000047683716,0.25189998745918274
YKL197C,YAL051W,0,0.107215285,0.22817763686180115,0.7450000047683716,0.25200000405311584
YJR035W,YHL025W,0,0.10699828,0.2281077802181244,0.7450000047683716,0.25209999084472656
YMR081C,YPR057W,0,0.106880724,0.22803795337677002,0.7450000047683716,0.25220000743865967
YBR162W-A,YDR471W,0,0.1057899,0.22796817123889923,0.7450000047683716,0.2522999942302704
YGL025C,YMR131C,0,0.10568637,0.22789843380451202,0.7450000047683716,0.2524000108242035
YDL093W,YMR105C,0,0.104970455,0.2278287410736084,0.7450000047683716,0.2524999976158142
YER108C,YOL051W,0,0.10332811,0.22775909304618835,0.7450000047683716,0.2526000142097473
YHR073W,YGL046W,1,0.10320276,0.2279951125383377,0.7459999918937683,0.2526000142097473
YIL064W,YBR086C,0,0.10280371,0.22792544960975647,0.7459999918937683,0.25270000100135803
YOR189W,YOR357C,0,0.102777675,0.2278558313846588,0.7459999918937683,0.25279998779296875
YBR131W,YER071C,0,0.1021086,0.22778625786304474,0.7459999918937683,0.25290000438690186
YBR248C,YGR142W,0,0.10185209,0.22771672904491425,0.7459999918937683,0.2529999911785126
YER108C,YDR392W,1,0.101679415,0.22795239090919495,0.746999979019165,0.2529999911785126
YJL167W,YHR157W,0,0.101677924,0.22788286209106445,0.746999979019165,0.2531000077724457
YOR011W,YKL196C,0,0.101662755,0.22781336307525635,0.746999979019165,0.2531999945640564
YPL169C,YGL105W,0,0.10142359,0.22774390876293182,0.746999979019165,0.2533000111579895
YGR174C,YKR095W-A,0,0.101120174,0.2276744842529297,0.746999979019165,0.2533999979496002
YOR018W,YHL035C,0,0.10041869,0.22760511934757233,0.746999979019165,0.2535000145435333
YGR099W,YOL084W,0,0.09783268,0.22753578424453735,0.746999979019165,0.25360000133514404
YPR154W,YOR334W,0,0.09775126,0.22746650874614716,0.746999979019165,0.25369998812675476
YBR109C,YDR165W,0,0.09700513,0.22739726305007935,0.746999979019165,0.25380000472068787
YJL021C,YHL025W,0,0.09524888,0.22732806205749512,0.746999979019165,0.2538999915122986
YHL017W,YER007C-A,0,0.09520805,0.22725890576839447,0.746999979019165,0.2540000081062317
YHL015W,YBR045C,0,0.094457924,0.2271897792816162,0.746999979019165,0.2540999948978424
YMR175W,YHR210C,0,0.09441674,0.22712071239948273,0.746999979019165,0.2542000114917755
YKL141W,YKL032C,0,0.09377256,0.22705167531967163,0.746999979019165,0.25429999828338623
YIL154C,YBR218C,0,0.092875555,0.22698268294334412,0.746999979019165,0.25440001487731934
YPL013C,YER178W,0,0.09264201,0.22691373527050018,0.746999979019165,0.25450000166893005
YHR122W,YLR435W,0,0.09079754,0.22684481739997864,0.746999979019165,0.25459998846054077
YOR372C,YOR272W,0,0.09039879,0.22677595913410187,0.746999979019165,0.2547000050544739
YDL098C,YDR386W,0,0.089827605,0.22670713067054749,0.746999979019165,0.2547999918460846
YBR034C,YPL006W,0,0.0891943,0.22663834691047668,0.746999979019165,0.2549000084400177
YIL008W,YLR092W,0,0.08869684,0.22656960785388947,0.746999979019165,0.2549999952316284
YJL180C,YOR019W,0,0.08847846,0.22650091350078583,0.746999979019165,0.2551000118255615
YNL020C,YPL049C,0,0.08748597,0.22643224895000458,0.746999979019165,0.25519999861717224
YDR441C,YDL124W,0,0.087477714,0.2263636291027069,0.746999979019165,0.25529998540878296
YNL051W,YOR320C,0,0.08708617,0.22629506886005402,0.746999979019165,0.25540000200271606
YPL120W,YJL180C,0,0.08700955,0.22622652351856232,0.746999979019165,0.2554999887943268
YGL142C,YML057W,0,0.08593345,0.2261580377817154,0.746999979019165,0.2556000053882599
YHR073W,YOR080W,1,0.08560288,0.2263922542333603,0.7480000257492065,0.2556000053882599
YIL075C,YNL167C,0,0.0850122,0.22632375359535217,0.7480000257492065,0.2556999921798706
YDR490C,YBL025W,0,0.083741546,0.22625529766082764,0.7480000257492065,0.2558000087738037
YKL063C,YNR052C,0,0.08308232,0.2261868715286255,0.7480000257492065,0.25589999556541443
YBL013W,YIL005W,0,0.08229041,0.22611850500106812,0.7480000257492065,0.25600001215934753
YDR098C-A,YGL194C,0,0.081247985,0.22605016827583313,0.7480000257492065,0.25609999895095825
YGR040W,YIL008W,1,0.08108306,0.2262839823961258,0.7490000128746033,0.25609999895095825
YNL233W,YNL132W,0,0.08013302,0.2262156456708908,0.7490000128746033,0.25619998574256897
YHR009C,YMR133W,0,0.078652024,0.2261473387479782,0.7490000128746033,0.2563000023365021
YDL003W,YGR174C,0,0.07862985,0.2260790765285492,0.7490000128746033,0.2563999891281128
YPR037C,YNR024W,0,0.07655138,0.22601085901260376,0.7490000128746033,0.2565000057220459
YGL126W,YDR210W-C,0,0.07345736,0.2259426862001419,0.7490000128746033,0.2565999925136566
YGL104C,YDR021W,0,0.07314944,0.22587454319000244,0.7490000128746033,0.2567000091075897
YER108C,YER027C,1,0.07225156,0.22610792517662048,0.75,0.2567000091075897
YBR043C,YIR031C,0,0.07132959,0.22603978216648102,0.75,0.25679999589920044
YOR227W,YOL095C,0,0.070761144,0.22597168385982513,0.75,0.25690001249313354
YAL068C,YLR115W,0,0.07023817,0.22590361535549164,0.75,0.25699999928474426
YNL025C,YJL098W,0,0.069886684,0.22583559155464172,0.75,0.257099986076355
YKR083C,YMR149W,0,0.068418145,0.2257676124572754,0.75,0.2572000026702881
YGR254W,YJR150C,0,0.067881525,0.22569966316223145,0.75,0.2572999894618988
YOR193W,YAL026C,0,0.06727585,0.22563177347183228,0.75,0.2574000060558319
YDR190C,YBR168W,0,0.067110956,0.2255639135837555,0.75,0.2574999928474426
YOL116W,YPL203W,1,0.06681514,0.22579675912857056,0.7509999871253967,0.2574999928474426
YDR441C,YPL235W,0,0.06646925,0.22572888433933258,0.7509999871253967,0.25760000944137573
YIL018W,YDR179C,0,0.05981934,0.22566105425357819,0.7509999871253967,0.25769999623298645
YDR292C,YPL156C,0,0.05946338,0.22559326887130737,0.7509999871253967,0.25780001282691956
YPL115C,YAL056W,1,0.05917597,0.22582583129405975,0.7519999742507935,0.25780001282691956
YML041C,YGR181W,0,0.05913329,0.22575803101062775,0.7519999742507935,0.2578999996185303
YNL054W-A,YPL117C,0,0.05884993,0.22569027543067932,0.7519999742507935,0.257999986410141
YIL148W,YBR094W,0,0.05780244,0.22562256455421448,0.7519999742507935,0.2581000030040741
YMR076C,YKL069W,0,0.056461155,0.22555488348007202,0.7519999742507935,0.2581999897956848
YDL154W,YHR120W,0,0.056441963,0.22548726201057434,0.7519999742507935,0.2583000063896179
YER071C,YDR135C,0,0.055130303,0.22541967034339905,0.7519999742507935,0.25839999318122864
YHR006W,YDR002W,0,0.05365175,0.22535210847854614,0.7519999742507935,0.25850000977516174
YBR233W-A,YPL056C,0,0.052582845,0.225284606218338,0.7519999742507935,0.25859999656677246
YMR101C,YDR292C,0,0.051904112,0.22521713376045227,0.7519999742507935,0.25870001316070557
YMR220W,YNL142W,0,0.04974684,0.2251497060060501,0.7519999742507935,0.2587999999523163
YAR042W,YJL069C,0,0.047546655,0.22508230805397034,0.7519999742507935,0.258899986743927
YOR372C,YIL008W,0,0.047486253,0.22501495480537415,0.7519999742507935,0.2590000033378601
YOR273C,YBR191W,0,0.047168374,0.22494764626026154,0.7519999742507935,0.2590999901294708
YDL134C,YDR135C,0,0.046981633,0.2248803824186325,0.7519999742507935,0.25920000672340393
YCR107W,YLR006C,0,0.04696414,0.22481314837932587,0.7519999742507935,0.25929999351501465
YDR168W,YOR086C,0,0.046764195,0.2247459590435028,0.7519999742507935,0.25940001010894775
YNL183C,YDL160C,0,0.045969844,0.22467881441116333,0.7519999742507935,0.25949999690055847
YEL019C,YOR172W,0,0.0454399,0.22461171448230743,0.7519999742507935,0.2596000134944916
YHR120W,YIL038C,0,0.044929385,0.22454464435577393,0.7519999742507935,0.2597000002861023
YKR064W,YLR260W,0,0.044258,0.224477618932724,0.7519999742507935,0.259799987077713
YDL113C,YLR263W,0,0.043613374,0.22441062331199646,0.7519999742507935,0.2599000036716461
YDR381W,YNL118C,0,0.04336244,0.2243436723947525,0.7519999742507935,0.25999999046325684
YOR032C,YMR035W,0,0.04202479,0.22427676618099213,0.7519999742507935,0.26010000705718994
YOR002W,YDR309C,0,0.041235924,0.22420990467071533,0.7519999742507935,0.26019999384880066
YDR287W,YIR019C,0,0.040467262,0.22414307296276093,0.7519999742507935,0.26030001044273376
YOL103W-A,YGL049C,0,0.039342433,0.2240762859582901,0.7519999742507935,0.2603999972343445
YIR019C,YKL048C,0,0.039282717,0.22400952875614166,0.7519999742507935,0.2605000138282776
YDR490C,YDR040C,0,0.037885234,0.2239428162574768,0.7519999742507935,0.2606000006198883
YDL003W,YDR246W,0,0.03777498,0.22387614846229553,0.7519999742507935,0.260699987411499
YGL142C,YIL037C,0,0.037447035,0.22380952537059784,0.7519999742507935,0.26080000400543213
YIL064W,YLR432W,0,0.037319914,0.22374293208122253,0.7519999742507935,0.26089999079704285
YGR212W,YDR372C,0,0.036410093,0.2236763834953308,0.7519999742507935,0.26100000739097595
YML133C,YAL011W,0,0.035300642,0.22360986471176147,0.7519999742507935,0.26109999418258667
YOR019W,YOL051W,0,0.034195185,0.22354340553283691,0.7519999742507935,0.2612000107765198
YFL061W,YIL120W,0,0.033726066,0.22347697615623474,0.7519999742507935,0.2612999975681305
YBR114W,YOL095C,0,0.033073634,0.22341057658195496,0.7519999742507935,0.2614000141620636
YNL263C,YBR272C,0,0.032268107,0.22334422171115875,0.7519999742507935,0.2615000009536743
YPR046W,YBL091C,0,0.031894684,0.22327791154384613,0.7519999742507935,0.26159998774528503
YPL115C,YOR371C,1,0.031188965,0.22350846230983734,0.753000020980835,0.26159998774528503
YGR178C,YHR033W,0,0.030813456,0.22344213724136353,0.753000020980835,0.26170000433921814
YLR215C,YIL148W,0,0.030521542,0.2233758568763733,0.753000020980835,0.26179999113082886
YER142C,YNL221C,0,0.028277874,0.22330960631370544,0.753000020980835,0.26190000772476196
YKL132C,YLR075W,0,0.027412474,0.22324340045452118,0.753000020980835,0.2619999945163727
YGL126W,YLR247C,0,0.025897443,0.2231772392988205,0.753000020980835,0.2621000111103058
YOR258W,YEL032W,0,0.025344253,0.2231111079454422,0.753000020980835,0.2621999979019165
YDR407C,YPL021W,0,0.02423954,0.22304502129554749,0.753000020980835,0.2623000144958496
YBR005W,YGR057C,0,0.024109542,0.22297897934913635,0.753000020980835,0.2624000012874603
YJL174W,YBR169C,0,0.023407906,0.2229129672050476,0.753000020980835,0.26249998807907104
YHR006W,YDL031W,0,0.02310282,0.22284699976444244,0.753000020980835,0.26260000467300415
YOR267C,YDR517W,0,0.022455275,0.22278106212615967,0.753000020980835,0.26269999146461487
YKL138C,YGL078C,0,0.021931767,0.22271516919136047,0.753000020980835,0.262800008058548
YLR167W,YKL138C,0,0.021931767,0.22264932096004486,0.753000020980835,0.2628999948501587
YPR037C,YGR057C,0,0.020760179,0.22258350253105164,0.753000020980835,0.2630000114440918
YER108C,YOL116W,1,0.020412415,0.22281323373317719,0.7540000081062317,0.2630000114440918
YGL098W,YNL023C,0,0.020331554,0.22274741530418396,0.7540000081062317,0.2630999982357025
YDR256C,YGR174C,0,0.020251036,0.22268162667751312,0.7540000081062317,0.2632000148296356
YHL003C,YBR034C,0,0.02016306,0.22261588275432587,0.7540000081062317,0.26330000162124634
YGL139W,YKR072C,0,0.019623816,0.2225501835346222,0.7540000081062317,0.26339998841285706
YJL186W,YEL044W,0,0.019449294,0.2224845141172409,0.7540000081062317,0.26350000500679016
YPR148C,YOR086C,0,0.018726766,0.222418874502182,0.7540000081062317,0.2635999917984009
YBR069C,YMR002W,0,0.018427312,0.22235329449176788,0.7540000081062317,0.263700008392334
YBR114W,YNL247W,0,0.018050224,0.22228772938251495,0.7540000081062317,0.2637999951839447
YMR262W,YJL168C,0,0.017452836,0.2222222238779068,0.7540000081062317,0.2639000117778778
YOR136W,YJR027W,0,0.016382068,0.22215674817562103,0.7540000081062317,0.2639999985694885
YHR201C,YDR028C,0,0.01622796,0.22209131717681885,0.7540000081062317,0.26409998536109924
YIL098C,YDR175C,0,0.015857294,0.22202591598033905,0.7540000081062317,0.26420000195503235
YEL019C,YIL148W,0,0.015475497,0.22196055948734283,0.7540000081062317,0.26429998874664307
YKR027W,YHR079C-B,0,0.015402615,0.221895232796669,0.7540000081062317,0.26440000534057617
YBR005W,YJL180C,0,0.014304042,0.22182995080947876,0.7540000081062317,0.2644999921321869
YDR482C,YOR357C,0,0.013235927,0.2217646986246109,0.7540000081062317,0.26460000872612
YJR118C,YDR041W,0,0.013190627,0.22169950604438782,0.7540000081062317,0.2646999955177307
YMR316W,YLR083C,1,0.01289548,0.22192828357219696,0.7549999952316284,0.2646999955177307
YPL221W,YPL063W,0,0.012622058,0.2218630611896515,0.7549999952316284,0.2648000121116638
YGL025C,YDL031W,0,0.012104988,0.2217978835105896,0.7549999952316284,0.26489999890327454
YER038C,YHR150W,0,0.011363506,0.2217327505350113,0.7549999952316284,0.26499998569488525
YAL015C,YBR208C,0,0.010105014,0.22166764736175537,0.7549999952316284,0.26510000228881836
YBR016W,YNL164C,0,0.009789944,0.22160258889198303,0.7549999952316284,0.2651999890804291
YGR174C,YHL011C,0,0.008284897,0.22153756022453308,0.7549999952316284,0.2653000056743622
YLR039C,YLR075W,0,0.0053238273,0.2214725762605667,0.7549999952316284,0.2653999924659729
YCR045C,YFR014C,0,0.0040925294,0.22140762209892273,0.7549999952316284,0.265500009059906
YBL013W,YML086C,0,0.0040125623,0.22134271264076233,0.7549999952316284,0.2655999958515167
YGR254W,YJL012C,0,0.003980398,0.2212778478860855,0.7549999952316284,0.26570001244544983
YKL110C,YMR002W,0,0.0038256645,0.22121301293373108,0.7549999952316284,0.26579999923706055
YLL066C,YMR091C,0,0.0021721125,0.22114820778369904,0.7549999952316284,0.26589998602867126
YIL043C,YOR086C,0,0.0018407106,0.22108346223831177,0.7549999952316284,0.26600000262260437
YDR227W,YDL117W,0,0.0006330013,0.2210187315940857,0.7549999952316284,0.2660999894142151
YOR192C,YBR268W,0,0.0004969239,0.2209540605545044,0.7549999952316284,0.2662000060081482
YNL233W,YGR097W,0,-0.00070263445,0.2208894044160843,0.7549999952316284,0.2662999927997589
YEL039C,YIL069C,0,-0.0011124611,0.22082480788230896,0.7549999952316284,0.266400009393692
YKR027W,YDR437W,0,-0.0020023584,0.22076024115085602,0.7549999952316284,0.26649999618530273
YOR087W,YNL133C,0,-0.0025777817,0.22069570422172546,0.7549999952316284,0.26660001277923584
YHR035W,YOL132W,0,-0.004556179,0.2206312119960785,0.7549999952316284,0.26669999957084656
YBR272C,YKL039W,0,-0.0049938858,0.2205667495727539,0.7549999952316284,0.2667999863624573
YHR001W-A,YLR143W,0,-0.0058021545,0.2205023318529129,0.7549999952316284,0.2669000029563904
YLR367W,YNL055C,0,-0.006246984,0.22043795883655548,0.7549999952316284,0.2669999897480011
YKL016C,YLR258W,0,-0.0065563023,0.22037361562252045,0.7549999952316284,0.2671000063419342
YOR252W,YNL081C,0,-0.0068012476,0.2203093022108078,0.7549999952316284,0.2671999931335449
YDR145W,YJL186W,0,-0.0070376396,0.22024503350257874,0.7549999952316284,0.267300009727478
YDR175C,YPL013C,0,-0.0072728395,0.22018080949783325,0.7549999952316284,0.26739999651908875
YPL198W,YNL247W,0,-0.008104891,0.22011661529541016,0.7549999952316284,0.26750001311302185
YCR045C,YER142C,0,-0.00824669,0.22005246579647064,0.7549999952316284,0.26759999990463257
YLR037C,YBR086C,0,-0.0108127,0.21998834609985352,0.7549999952316284,0.2676999866962433
YPL209C,YLR131C,0,-0.012067229,0.21992427110671997,0.7549999952316284,0.2678000032901764
YPL075W,YCL054W,0,-0.013141632,0.2198602259159088,0.7549999952316284,0.2678999900817871
YLR361C,YGL018C,0,-0.013222486,0.21979621052742004,0.7549999952316284,0.2680000066757202
YJR123W,YMR195W,0,-0.013579786,0.21973223984241486,0.7549999952316284,0.26809999346733093
YDR227W,YER081W,0,-0.014485747,0.21966831386089325,0.7549999952316284,0.26820001006126404
YDR108W,YPR105C,0,-0.01470685,0.21960441768169403,0.7549999952316284,0.26829999685287476
YHR090C,YER167W,0,-0.016111016,0.2195405662059784,0.7549999952316284,0.26840001344680786
YBR181C,YPL253C,0,-0.016458273,0.21947674453258514,0.7549999952316284,0.2685000002384186
YDL154W,YLL021W,0,-0.016592681,0.21941296756267548,0.7549999952316284,0.2685999870300293
YDR212W,YHR005C,0,-0.01745677,0.2193492203950882,0.7549999952316284,0.2687000036239624
YFL025C,YLR361C,0,-0.017503954,0.2192855030298233,0.7549999952316284,0.2687999904155731
YIL056W,YDR234W,0,-0.017778635,0.219221830368042,0.7549999952316284,0.2689000070095062
YNR032C-A,YOR086C,0,-0.01797092,0.21915820240974426,0.7549999952316284,0.26899999380111694
YKL069W,YKL099C,0,-0.017992496,0.21909460425376892,0.7549999952316284,0.26910001039505005
YDL235C,YJL003W,0,-0.018806934,0.21903103590011597,0.7549999952316284,0.26919999718666077
YKL062W,YHR114W,0,-0.019079238,0.2189675122499466,0.7549999952316284,0.26930001378059387
YIL144W,YNL065W,0,-0.019371271,0.2189040333032608,0.7549999952316284,0.2694000005722046
YMR050C,YPL179W,0,-0.019730315,0.2188405841588974,0.7549999952316284,0.2694999873638153
YKL138C-A,YIL130W,0,-0.020797089,0.21877716481685638,0.7549999952316284,0.2696000039577484
YDL024C,YHR111W,1,-0.021060199,0.21900348365306854,0.7559999823570251,0.2696000039577484
YOL116W,YHL007C,1,-0.023307443,0.21922965347766876,0.7570000290870667,0.2696000039577484
YOR011W,YGR017W,0,-0.024277985,0.21916618943214417,0.7570000290870667,0.26969999074935913
YOL132W,YBL051C,0,-0.026047885,0.21910275518894196,0.7570000290870667,0.26980000734329224
YGR181W,YIL008W,0,-0.027178079,0.21903935074806213,0.7570000290870667,0.26989999413490295
YDR122W,YBL014C,0,-0.027302384,0.2189759910106659,0.7570000290870667,0.27000001072883606
YBL008W,YPR100W,0,-0.029448867,0.21891266107559204,0.7570000290870667,0.2700999975204468
YNL183C,YOR156C,0,-0.032352805,0.21884937584400177,0.7570000290870667,0.2702000141143799
YIL119C,YBR268W,0,-0.032636613,0.2187861204147339,0.7570000290870667,0.2703000009059906
YER028C,YPR169W,0,-0.036483794,0.21872290968894958,0.7570000290870667,0.2703999876976013
YEL006W,YPL221W,0,-0.036717474,0.21865972876548767,0.7570000290870667,0.2705000042915344
YGR266W,YKL081W,0,-0.037052885,0.21859659254550934,0.7570000290870667,0.27059999108314514
YPL049C,YPL203W,1,-0.03880334,0.2188221663236618,0.7580000162124634,0.27059999108314514
YDL160C,YBR023C,0,-0.039488852,0.21875901520252228,0.7580000162124634,0.27070000767707825
YMR192W,YLR390W-A,0,-0.03979659,0.21869590878486633,0.7580000162124634,0.27079999446868896
YOR273C,YLR451W,0,-0.039914995,0.21863281726837158,0.7580000162124634,0.27090001106262207
YER139C,YKL058W,0,-0.040044397,0.2185697853565216,0.7580000162124634,0.2709999978542328
YIR031C,YOR059C,0,-0.040426806,0.21850676834583282,0.7580000162124634,0.2711000144481659
YNL119W,YER109C,1,-0.04056801,0.21873198449611664,0.7590000033378601,0.2711000144481659
YGR099W,YJL012C,0,-0.042126298,0.21866896748542786,0.7590000033378601,0.2712000012397766
YOL132W,YDR381W,0,-0.043000817,0.21860599517822266,0.7590000033378601,0.27129998803138733
YNL054W,YIL120W,0,-0.04476303,0.21854305267333984,0.7590000033378601,0.27140000462532043
YOL009C,YDR395W,0,-0.045062184,0.21848013997077942,0.7590000033378601,0.27149999141693115
YKL016C,YPL013C,0,-0.045250744,0.21841727197170258,0.7590000033378601,0.27160000801086426
YCR058C,YER123W,0,-0.045742184,0.21835443377494812,0.7590000033378601,0.271699994802475
YDR435C,YIL038C,0,-0.046241194,0.21829162538051605,0.7590000033378601,0.2718000113964081
YOR359W,YNL065W,0,-0.046569347,0.21822886168956757,0.7590000033378601,0.2718999981880188
YDL091C,YDR002W,0,-0.048353672,0.21816614270210266,0.7590000033378601,0.2720000147819519
YBL038W,YDR179C,0,-0.048369557,0.21810345351696014,0.7590000033378601,0.2721000015735626
YCL017C,YBR107C,0,-0.049860895,0.21804079413414001,0.7590000033378601,0.27219998836517334
YDR350C,YIL144W,0,-0.051107824,0.21797817945480347,0.7590000033378601,0.27230000495910645
YGR099W,YLR460C,0,-0.052071154,0.2179155945777893,0.7590000033378601,0.27239999175071716
YMR053C,YCL016C,0,-0.052241325,0.21785303950309753,0.7590000033378601,0.27250000834465027
YKL110C,YBR301W,0,-0.05231774,0.21779052913188934,0.7590000033378601,0.272599995136261
YER041W,YOR259C,0,-0.0540601,0.21772804856300354,0.7590000033378601,0.2727000117301941
YIL030C,YMR002W,0,-0.05517447,0.21766561269760132,0.7590000033378601,0.2727999985218048
YFR050C,YJL212C,0,-0.05530715,0.21760320663452148,0.7590000033378601,0.2728999853134155
YNL142W,YMR242C,0,-0.055344105,0.21754084527492523,0.7590000033378601,0.27300000190734863
YKL062W,YER053C-A,0,-0.055603504,0.21747851371765137,0.7590000033378601,0.27309998869895935
YDL230W,YLL021W,0,-0.055640876,0.2174162119626999,0.7590000033378601,0.27320000529289246
YKR075C,YDR234W,0,-0.056705236,0.217353954911232,0.7590000033378601,0.2732999920845032
YKL032C,YIL062C,0,-0.05684316,0.2172917276620865,0.7590000033378601,0.2734000086784363
YDL134C-A,YHR157W,0,-0.057703495,0.21722953021526337,0.7590000033378601,0.273499995470047
YFR050C,YGR097W,0,-0.058009863,0.21716737747192383,0.7590000033378601,0.2736000120639801
YLR426W,YKL197C,0,-0.058272123,0.21710526943206787,0.7590000033378601,0.2736999988555908
YER108C,YGL046W,1,-0.05830264,0.21732914447784424,0.7599999904632568,0.2736999988555908
YDR513W,YOL012C,0,-0.058595717,0.2172670066356659,0.7599999904632568,0.27379998564720154
YNL045W,YER123W,0,-0.059363306,0.21720491349697113,0.7599999904632568,0.27390000224113464
YHR158C,YGL064C,0,-0.05976987,0.21714285016059875,0.7599999904632568,0.27399998903274536
YKL069W,YAR033W,0,-0.059906542,0.21708083152770996,0.7599999904632568,0.27410000562667847
YHR090C,YIL005W,0,-0.061374366,0.21701884269714355,0.7599999904632568,0.2741999924182892
YBR038W,YKL192C,0,-0.062586784,0.21695689857006073,0.7599999904632568,0.2743000090122223
YOR275C,YNL294C,1,-0.062907994,0.21718037128448486,0.7609999775886536,0.2743000090122223
YMR318C,YOR117W,0,-0.06402224,0.21711839735507965,0.7609999775886536,0.274399995803833
YFR030W,YHR138C,0,-0.06444824,0.21705646812915802,0.7609999775886536,0.2745000123977661
YIL052C,YGR266W,0,-0.06530133,0.21699458360671997,0.7609999775886536,0.27459999918937683
YPL176C,YIL173W,0,-0.06530565,0.2169327288866043,0.7609999775886536,0.27469998598098755
YGL208W,YGL045W,1,-0.06621232,0.21715588867664337,0.7620000243186951,0.27469998598098755
YNL284C-B,YKL033W,0,-0.06707597,0.21709401905536652,0.7620000243186951,0.27480000257492065
YDL081C,YHR110W,0,-0.07051635,0.21703217923641205,0.7620000243186951,0.27489998936653137
YIR019C,YLR362W,1,-0.07084876,0.2172551304101944,0.7630000114440918,0.27489998936653137
YEL019C,YDR463W,0,-0.07127361,0.21719327569007874,0.7630000114440918,0.2750000059604645
YKR089C,YER023W,0,-0.07128072,0.21713148057460785,0.7630000114440918,0.2750999927520752
YNL024C,YOR011W,0,-0.073576264,0.21706970036029816,0.7630000114440918,0.2752000093460083
YGR097W,YOR113W,0,-0.07537949,0.21700796484947205,0.7630000114440918,0.275299996137619
YOR272W,YML096W,0,-0.07690835,0.21694625914096832,0.7630000114440918,0.2754000127315521
YKR077W,YOR060C,0,-0.078476,0.21688459813594818,0.7630000114440918,0.27549999952316284
YDR292C,YPL253C,0,-0.079068124,0.21682296693325043,0.7630000114440918,0.27559998631477356
YKR089C,YER060W,0,-0.08032191,0.21676136553287506,0.7630000114440918,0.27570000290870667
YIL030C,YNR053C,0,-0.080465615,0.21669979393482208,0.7630000114440918,0.2757999897003174
YCL016C,YPL239W,0,-0.080705315,0.21663826704025269,0.7630000114440918,0.2759000062942505
YER063W,YOR081C,0,-0.08100879,0.21657678484916687,0.7630000114440918,0.2759999930858612
YHR165C,YBR091C,0,-0.08119452,0.21651531755924225,0.7630000114440918,0.2761000096797943
YML086C,YCL067C,0,-0.081365585,0.2164538949728012,0.7630000114440918,0.27619999647140503
YLR417W,YDL046W,0,-0.08201547,0.21639251708984375,0.7630000114440918,0.27630001306533813
YLR131C,YNL194C,0,-0.08210635,0.21633115410804749,0.7630000114440918,0.27639999985694885
YFL061W,YPR169W,0,-0.08282089,0.2162698358297348,0.7630000114440918,0.27649998664855957
YDR098C,YML102W,0,-0.082974255,0.2162085622549057,0.7630000114440918,0.2766000032424927
YBR130C,YDR463W,0,-0.08315015,0.2161473035812378,0.7630000114440918,0.2766999900341034
YKL032C,YGR094W,0,-0.08384344,0.21608608961105347,0.7630000114440918,0.2768000066280365
YBR005W,YML102W,0,-0.083931535,0.21602492034435272,0.7630000114440918,0.2768999934196472
YJR041C,YHR142W,0,-0.08658749,0.21596376597881317,0.7630000114440918,0.2770000100135803
YJR118C,YML047C,0,-0.0866307,0.2159026563167572,0.7630000114440918,0.27709999680519104
YKL033W,YDR217C,0,-0.08732736,0.21584159135818481,0.7630000114440918,0.27720001339912415
YLL066C,YLR347C,0,-0.08774614,0.21578054130077362,0.7630000114440918,0.27730000019073486
YBR034C,YJL058C,0,-0.08806318,0.215719535946846,0.7630000114440918,0.2773999869823456
YHR103W,YPL133C,0,-0.08933532,0.21565856039524078,0.7630000114440918,0.2775000035762787
YBR114W,YLR324W,0,-0.089458644,0.21559762954711914,0.7630000114440918,0.2775999903678894
YJL026W,YGL226W,0,-0.0895915,0.21553672850131989,0.7630000114440918,0.2777000069618225
YDR386W,YGR138C,0,-0.09018552,0.21547585725784302,0.7630000114440918,0.2777999937534332
YBR153W,YPL198W,0,-0.09050007,0.21541501581668854,0.7630000114440918,0.27790001034736633
YGR057C,YHR118C,0,-0.09054315,0.21535421907901764,0.7630000114440918,0.27799999713897705
YPL224C,YPL193W,0,-0.09590411,0.21529345214366913,0.7630000114440918,0.27810001373291016
YHR106W,YMR177W,0,-0.097382486,0.215232715010643,0.7630000114440918,0.2782000005245209
YIL119C,YML059C,0,-0.09784424,0.21517202258110046,0.7630000114440918,0.2782999873161316
YGL045W,YER027C,1,-0.09786174,0.2153932899236679,0.7639999985694885,0.2782999873161316
YDL024C,YPL203W,1,-0.09817886,0.2156144380569458,0.7649999856948853,0.2782999873161316
YKL191W,YLR435W,0,-0.098228455,0.2155536711215973,0.7649999856948853,0.2784000039100647
YDL098C,YHL050C,0,-0.09896445,0.21549296379089355,0.7649999856948853,0.2784999907016754
YNL194C,YJL208C,0,-0.09973037,0.215432271361351,0.7649999856948853,0.2786000072956085
YKL006C-A,YLR017W,0,-0.099731416,0.21537162363529205,0.7649999856948853,0.27869999408721924
YOL084W,YDL211C,0,-0.09998298,0.21531100571155548,0.7649999856948853,0.27880001068115234
YLR175W,YMR035W,0,-0.10039583,0.2152504175901413,0.7649999856948853,0.27889999747276306
YKL058W,YER053C-A,0,-0.10040939,0.2151898741722107,0.7649999856948853,0.27900001406669617
YKR089C,YLR328W,0,-0.100492686,0.21512936055660248,0.7649999856948853,0.2791000008583069
YGL231C,YDR210W-C,0,-0.10086703,0.21506887674331665,0.7649999856948853,0.2791999876499176
YEL020W-A,YLR189C,0,-0.10129714,0.2150084376335144,0.7649999856948853,0.2793000042438507
YDR098C,YNL288W,0,-0.101429775,0.21494801342487335,0.7649999856948853,0.2793999910354614
YGR202C,YCL051W,0,-0.10177404,0.21488763391971588,0.7649999856948853,0.27950000762939453
YLL066C,YIL148W,0,-0.10177711,0.214827299118042,0.7649999856948853,0.27959999442100525
YJL127C,YLR175W,0,-0.102292,0.2147669792175293,0.7649999856948853,0.27970001101493835
YBR016W,YGL058W,0,-0.10259935,0.21470670402050018,0.7649999856948853,0.2797999978065491
YOR380W,YDL113C,0,-0.102716506,0.21464645862579346,0.7649999856948853,0.2799000144004822
YLR154W-C,YLL053C,0,-0.10290992,0.2145862579345703,0.7649999856948853,0.2800000011920929
YDR075W,YDR019C,0,-0.103046775,0.21452608704566956,0.7649999856948853,0.2800999879837036
YIL037C,YLR299W,0,-0.10311818,0.21446593105793,0.7649999856948853,0.2802000045776367
YGR174C,YBR168W,0,-0.10351953,0.2144058346748352,0.7649999856948853,0.28029999136924744
YPR161C,YCL068C,0,-0.1037765,0.2143457531929016,0.7649999856948853,0.28040000796318054
YPR071W,YGR003W,0,-0.104065895,0.2142857164144516,0.7649999856948853,0.28049999475479126
YML133C,YGL085W,0,-0.1045866,0.21422570943832397,0.7649999856948853,0.28060001134872437
YDR399W,YKL192C,0,-0.105145276,0.21416573226451874,0.7649999856948853,0.2806999981403351
YGR217W,YJL133C-A,0,-0.10553411,0.21410579979419708,0.7649999856948853,0.2808000147342682
YJL133C-A,YDL087C,0,-0.10553411,0.21404588222503662,0.7649999856948853,0.2809000015258789
YFR049W,YNR030W,0,-0.10650626,0.21398600935935974,0.7649999856948853,0.2809999883174896
YLR154W-C,YDL139C,0,-0.10659778,0.21392618119716644,0.7649999856948853,0.28110000491142273
YGL098W,YGL127C,0,-0.1067816,0.21386636793613434,0.7649999856948853,0.28119999170303345
YGR003W,YPR141C,0,-0.10693425,0.21380659937858582,0.7649999856948853,0.28130000829696655
YLR345W,YPL145C,0,-0.10698897,0.21374686062335968,0.7649999856948853,0.28139999508857727
YML021C,YBR029C,0,-0.10778856,0.21368715167045593,0.7649999856948853,0.2815000116825104
YPL115C,YMR116C,1,-0.10816228,0.21390673518180847,0.765999972820282,0.2815000116825104
YJR102C,YMR158W,0,-0.10865897,0.21384701132774353,0.765999972820282,0.2815999984741211
YHL003C,YDR412W,0,-0.10958546,0.21378733217716217,0.765999972820282,0.2816999852657318
YPL126W,YLR017W,0,-0.10970211,0.2137276828289032,0.765999972820282,0.2818000018596649
YJR027W,YDR179C,0,-0.11180708,0.2136680632829666,0.765999972820282,0.28189998865127563
YGL076C,YIL014W,0,-0.11342633,0.21360847353935242,0.765999972820282,0.28200000524520874
YIL153W,YML102W,0,-0.113482475,0.2135489284992218,0.765999972820282,0.28209999203681946
YLR345W,YHL031C,0,-0.11436352,0.21348941326141357,0.765999972820282,0.28220000863075256
YDR439W,YFR049W,0,-0.11450541,0.21342992782592773,0.765999972820282,0.2822999954223633
YGR017W,YLR056W,0,-0.11463177,0.21337047219276428,0.765999972820282,0.2824000120162964
YPR067W,YPL193W,0,-0.11511788,0.2133110612630844,0.765999972820282,0.2824999988079071
YDL160C,YLR055C,0,-0.11611372,0.21325166523456573,0.765999972820282,0.2825999855995178
YDR129C,YMR041C,0,-0.11632177,0.21319231390953064,0.765999972820282,0.2827000021934509
YMR234W,YDL031W,0,-0.116451085,0.21313299238681793,0.765999972820282,0.28279998898506165
YPL001W,YDL046W,0,-0.11671066,0.2130737155675888,0.765999972820282,0.28290000557899475
YLR239C,YGL107C,0,-0.117962286,0.21301445364952087,0.765999972820282,0.28299999237060547
YBR272C,YMR226C,0,-0.117979765,0.21295523643493652,0.765999972820282,0.2831000089645386
YKR100C,YFR025C,0,-0.118385494,0.21289604902267456,0.765999972820282,0.2831999957561493
YGL194C,YGR260W,0,-0.11881469,0.21283690631389618,0.765999972820282,0.2833000123500824
YDL235C,YDR365C,0,-0.11947727,0.212777778506279,0.765999972820282,0.2833999991416931
YLR061W,YKL002W,0,-0.12067814,0.21271869540214539,0.765999972820282,0.28349998593330383
YML031W,YNR059W,0,-0.12317979,0.21265962719917297,0.765999972820282,0.28360000252723694
YLR118C,YDR028C,0,-0.12495351,0.21260060369968414,0.765999972820282,0.28369998931884766
YOR002W,YGR017W,0,-0.12523115,0.2125416249036789,0.765999972820282,0.28380000591278076
YKL145W,YOR272W,0,-0.12558517,0.21248266100883484,0.765999972820282,0.2838999927043915
YDR235W,YBR193C,0,-0.12685809,0.21242374181747437,0.765999972820282,0.2840000092983246
YHR165C,YGR193C,0,-0.12777245,0.21236485242843628,0.765999972820282,0.2840999960899353
YLR411W,YDR200C,0,-0.12868476,0.21230599284172058,0.765999972820282,0.2842000126838684
YCL048W,YLR260W,0,-0.12879819,0.21224716305732727,0.765999972820282,0.2842999994754791
YHR169W,YOL132W,0,-0.12922579,0.21218836307525635,0.765999972820282,0.28439998626708984
YAL059W,YNL130C,0,-0.13054979,0.212129607796669,0.765999972820282,0.28450000286102295
YMR081C,YLR154W-C,0,-0.13140905,0.21207086741924286,0.765999972820282,0.28459998965263367
YCR035C,YBR100W,0,-0.13382286,0.2120121717453003,0.765999972820282,0.2847000062465668
YER123W,YPL253C,0,-0.13479072,0.2119535207748413,0.765999972820282,0.2847999930381775
YLR288C,YNR052C,0,-0.13489288,0.21189488470554352,0.765999972820282,0.2849000096321106
YHR214W,YNL181W,0,-0.13606906,0.21183627843856812,0.765999972820282,0.2849999964237213
YLR102C,YPR017C,0,-0.13671309,0.2117777168750763,0.765999972820282,0.2851000130176544
YDR148C,YDR316W-B,0,-0.14284505,0.21171918511390686,0.765999972820282,0.28519999980926514
YKL014C,YPL248C,0,-0.14299732,0.21166068315505981,0.765999972820282,0.28529998660087585
YIL173W,YBR121C,0,-0.14300807,0.21160221099853516,0.765999972820282,0.28540000319480896
YMR205C,YKR079C,0,-0.1430304,0.21154376864433289,0.765999972820282,0.2854999899864197
YLR277C,YJL003W,0,-0.14307094,0.2114853709936142,0.765999972820282,0.2856000065803528
YMR076C,YBR119W,0,-0.1433272,0.2114269882440567,0.765999972820282,0.2856999933719635
YNR024W,YHR194W,0,-0.14353573,0.2113686501979828,0.765999972820282,0.2858000099658966
YGL058W,YLR288C,0,-0.14388907,0.21131034195423126,0.765999972820282,0.2858999967575073
YGR245C,YLR263W,0,-0.14502436,0.21125206351280212,0.765999972820282,0.28600001335144043
YGR202C,YMR081C,0,-0.14502642,0.21119382977485657,0.765999972820282,0.28610000014305115
YNL142W,YNR059W,0,-0.14508763,0.2111356109380722,0.765999972820282,0.28619998693466187
YDL160C,YPR174C,0,-0.14553863,0.21107743680477142,0.765999972820282,0.28630000352859497
YOR316C,YPR106W,0,-0.14646053,0.21101927757263184,0.765999972820282,0.2863999903202057
YJL216C,YPL233W,0,-0.14649868,0.21096116304397583,0.765999972820282,0.2865000069141388
YML045W,YHR157W,0,-0.14757496,0.2109030783176422,0.765999972820282,0.2865999937057495
YKR085C,YKR049C,0,-0.15039194,0.21084503829479218,0.765999972820282,0.2867000102996826
YIL069C,YER060W,0,-0.15117031,0.21078701317310333,0.765999972820282,0.28679999709129333
YPL203W,YER027C,1,-0.1519785,0.2110041230916977,0.7670000195503235,0.28679999709129333
YER014W,YBR094W,0,-0.15217225,0.21094609797000885,0.7670000195503235,0.28690001368522644
YKR007W,YNL068C,0,-0.15381289,0.2108880877494812,0.7670000195503235,0.28700000047683716
YML021C,YKL048C,0,-0.15564024,0.21083012223243713,0.7670000195503235,0.2870999872684479
YDR039C,YGL058W,0,-0.15612894,0.21077218651771545,0.7670000195503235,0.287200003862381
YLR001C,YDL123W,0,-0.15873992,0.21071428060531616,0.7670000195503235,0.2872999906539917
YLR190W,YOR103C,0,-0.1605762,0.21065641939640045,0.7670000195503235,0.2874000072479248
YLR361C,YER060W-A,0,-0.16105342,0.21059857308864594,0.7670000195503235,0.2874999940395355
YHR009C,YFR010W,0,-0.16159481,0.2105407565832138,0.7670000195503235,0.28760001063346863
YBL007C,YPL097W,0,-0.16235445,0.21048298478126526,0.7670000195503235,0.28769999742507935
YML021C,YDR234W,0,-0.16253233,0.2104252427816391,0.7670000195503235,0.28780001401901245
YMR316W,YPL049C,1,-0.16277143,0.2106418013572693,0.7680000066757202,0.28780001401901245
YCL044C,YBL051C,0,-0.16365474,0.21058404445648193,0.7680000066757202,0.28790000081062317
YPL115C,YDR080W,0,-0.16498177,0.21052631735801697,0.7680000066757202,0.2879999876022339
YIL130W,YGL111W,0,-0.16533852,0.2104686200618744,0.7680000066757202,0.288100004196167
YGL061C,YLR200W,0,-0.16561323,0.2104109525680542,0.7680000066757202,0.2881999909877777
YGL061C,YLR054C,0,-0.165658,0.2103533297777176,0.7680000066757202,0.2883000075817108
YIL154C,YOR103C,0,-0.166071,0.21029572188854218,0.7680000066757202,0.28839999437332153
YDL134C-A,YKL197C,0,-0.1663053,0.21023815870285034,0.7680000066757202,0.28850001096725464
YFR031C-A,YKL040C,0,-0.16774583,0.2101806253194809,0.7680000066757202,0.28859999775886536
YBR153W,YDR381W,0,-0.1690079,0.21012312173843384,0.7680000066757202,0.28870001435279846
YHR084W,YOL116W,1,-0.1711452,0.21033917367458344,0.7689999938011169,0.28870001435279846
YGL189C,YPR158W-B,0,-0.17264327,0.21028165519237518,0.7689999938011169,0.2888000011444092
YGL189C,YLR413W,0,-0.17275995,0.21022416651248932,0.7689999938011169,0.2888999879360199
YDR023W,YPR017C,0,-0.17302322,0.21016670763492584,0.7689999938011169,0.289000004529953
YJL186W,YDL102W,0,-0.1731745,0.21010929346084595,0.7689999938011169,0.2890999913215637
YIL064W,YPL061W,0,-0.17371371,0.21005189418792725,0.7689999938011169,0.2892000079154968
YLR324W,YER123W,0,-0.17431104,0.20999453961849213,0.7689999938011169,0.28929999470710754
YDL091C,YHR169W,0,-0.17473793,0.2099372148513794,0.7689999938011169,0.28940001130104065
YDL024C,YGL045W,1,-0.17479062,0.21015283465385437,0.7699999809265137,0.28940001130104065
YNL132W,YGL016W,0,-0.17604864,0.21009549498558044,0.7699999809265137,0.28949999809265137
YPR095C,YPR046W,0,-0.176516,0.2100381851196289,0.7699999809265137,0.2896000146865845
YMR053C,YDL102W,0,-0.17775726,0.20998090505599976,0.7699999809265137,0.2897000014781952
YDR176W,YDR301W,0,-0.17823946,0.2099236696958542,0.7699999809265137,0.2897999882698059
YDR361C,YLR054C,0,-0.17830002,0.2098664492368698,0.7699999809265137,0.289900004863739
YOR249C,YFR049W,0,-0.17848592,0.20980925858020782,0.7699999809265137,0.28999999165534973
YOL154W,YAL026C,0,-0.17926377,0.20975211262702942,0.7699999809265137,0.29010000824928284
YNL137C,YJR049C,0,-0.18141454,0.2096949964761734,0.7699999809265137,0.29019999504089355
YKL045W,YPL248C,0,-0.18192911,0.20963789522647858,0.7699999809265137,0.29030001163482666
YNL145W,YDR273W,0,-0.18197346,0.20958083868026733,0.7699999809265137,0.2903999984264374
YDL072C,YGR138C,0,-0.18332541,0.20952381193637848,0.7699999809265137,0.2904999852180481
YJL094C,YEL024W,0,-0.18347722,0.209466814994812,0.7699999809265137,0.2906000018119812
YOL122C,YMR050C,0,-0.18602166,0.20940984785556793,0.7699999809265137,0.2906999886035919
YLR052W,YOR250C,0,-0.18604088,0.20935291051864624,0.7699999809265137,0.290800005197525
YIL052C,YDR471W,0,-0.18739535,0.20929600298404694,0.7699999809265137,0.29089999198913574
YLL018C-A,YLR409C,0,-0.18919826,0.20923912525177002,0.7699999809265137,0.29100000858306885
YBR181C,YMR131C,0,-0.18963993,0.20918229222297668,0.7699999809265137,0.29109999537467957
YJL162C,YOL132W,0,-0.19013679,0.20912547409534454,0.7699999809265137,0.29120001196861267
YGR040W,YBR095C,1,-0.1906057,0.20934021472930908,0.7710000276565552,0.29120001196861267
YHR011W,YPL115C,1,-0.19366544,0.20955483615398407,0.7720000147819519,0.29120001196861267
YLR185W,YOL126C,0,-0.19370703,0.20949795842170715,0.7720000147819519,0.2912999987602234
YDL189W,YDR178W,0,-0.193849,0.20944112539291382,0.7720000147819519,0.2913999855518341
YLR284C,YMR002W,0,-0.19584137,0.20938432216644287,0.7720000147819519,0.2915000021457672
YGL104C,YLR075W,0,-0.19584882,0.2093275487422943,0.7720000147819519,0.29159998893737793
YNL286W,YLR181C,0,-0.19667551,0.20927080512046814,0.7720000147819519,0.29170000553131104
YER038C,YMR183C,0,-0.19671527,0.20921409130096436,0.7720000147819519,0.29179999232292175
YOR189W,YCR044C,0,-0.19757164,0.20915740728378296,0.7720000147819519,0.29190000891685486
YLL026W,YDR395W,0,-0.19772823,0.20910075306892395,0.7720000147819519,0.2919999957084656
YLL026W,YHR210C,0,-0.19867367,0.20904414355754852,0.7720000147819519,0.2921000123023987
YMR041C,YML076C,0,-0.19868183,0.2089875489473343,0.7720000147819519,0.2921999990940094
YDR397C,YFR034C,0,-0.1986965,0.20893098413944244,0.7720000147819519,0.2922999858856201
YBR200W-A,YMR275C,0,-0.19905195,0.20887446403503418,0.7720000147819519,0.2924000024795532
YFR027W,YKR075C,0,-0.20072863,0.2088179588317871,0.7720000147819519,0.29249998927116394
YKL141W,YLR023C,0,-0.20130357,0.20876149833202362,0.7720000147819519,0.29260000586509705
YDR178W,YGL111W,0,-0.20393951,0.20870505273342133,0.7720000147819519,0.29269999265670776
YLR185W,YJL021C,0,-0.20444942,0.2086486518383026,0.7720000147819519,0.29280000925064087
YKL063C,YBR162C,0,-0.20448738,0.2085922658443451,0.7720000147819519,0.2928999960422516
YLR442C,YNL062C,0,-0.20590684,0.20853592455387115,0.7720000147819519,0.2930000126361847
YNL294C,YPL115C,1,-0.20615458,0.2087496668100357,0.7730000019073486,0.2930000126361847
YLR039C,YBR208C,0,-0.20670521,0.20869331061840057,0.7730000019073486,0.2930999994277954
YDR434W,YER155C,0,-0.2068322,0.20863698422908783,0.7730000019073486,0.29319998621940613
YHR149C,YDL076C,0,-0.20695424,0.20858067274093628,0.7730000019073486,0.29330000281333923
YGL142C,YDR040C,0,-0.20758474,0.2085244059562683,0.7730000019073486,0.29339998960494995
YNL054W,YEL006W,0,-0.20772219,0.20846818387508392,0.7730000019073486,0.29350000619888306
YDR463W,YHR096C,0,-0.20792973,0.20841197669506073,0.7730000019073486,0.2935999929904938
YML100W,YLR001C,0,-0.20870793,0.20835579931735992,0.7730000019073486,0.2937000095844269
YPL116W,YJR131W,0,-0.20882964,0.2082996517419815,0.7730000019073486,0.2937999963760376
YJR046W,YOR048C,0,-0.20974635,0.20824353396892548,0.7730000019073486,0.2939000129699707
YDR023W,YGL093W,0,-0.21047872,0.20818744599819183,0.7730000019073486,0.2939999997615814
YOL020W,YFR025C,0,-0.21157604,0.20813138782978058,0.7730000019073486,0.29409998655319214
YLR058C,YMR177W,0,-0.21208745,0.2080753743648529,0.7730000019073486,0.29420000314712524
YHR111W,YBR045C,0,-0.21263617,0.20801937580108643,0.7730000019073486,0.29429998993873596
YCR045C,YOR117W,0,-0.21266969,0.20796340703964233,0.7730000019073486,0.29440000653266907
YGL151W,YDL046W,0,-0.21359545,0.20790748298168182,0.7730000019073486,0.2944999933242798
YAR042W,YGR260W,0,-0.21396565,0.2078515738248825,0.7730000019073486,0.2946000099182129
YOR045W,YMR118C,0,-0.21519396,0.20779569447040558,0.7730000019073486,0.2946999967098236
YDR427W,YCL016C,0,-0.21567255,0.20773985981941223,0.7730000019073486,0.2948000133037567
YJR035W,YMR125W,0,-0.21606052,0.20768404006958008,0.7730000019073486,0.29490000009536743
YOR016C,YCR035C,0,-0.21634495,0.2076282501220703,0.7730000019073486,0.29499998688697815
YDR345C,YNL054W-A,0,-0.21792331,0.20757250487804413,0.7730000019073486,0.29510000348091125
YLR390W-A,YMR183C,0,-0.21828192,0.20751677453517914,0.7730000019073486,0.295199990272522
YML100W,YPL130W,0,-0.21929191,0.20746108889579773,0.7730000019073486,0.2953000068664551
YJL089W,YPL115C,1,-0.22002757,0.20767372846603394,0.7739999890327454,0.2953000068664551
YNL156C,YPL063W,0,-0.22035453,0.20761802792549133,0.7739999890327454,0.2953999936580658
YPR174C,YFR053C,0,-0.22086644,0.20756234228610992,0.7739999890327454,0.2955000102519989
YER044C-A,YBR045C,0,-0.22138661,0.2075067013502121,0.7739999890327454,0.2955999970436096
YNL317W,YLR175W,0,-0.22167993,0.20745109021663666,0.7739999890327454,0.2957000136375427
YGL070C,YLR054C,0,-0.2218194,0.2073954939842224,0.7739999890327454,0.29580000042915344
YPL130W,YPL179W,0,-0.22216034,0.20733994245529175,0.7739999890327454,0.29589998722076416
YAL059W,YHR157W,0,-0.22248465,0.20728442072868347,0.7739999890327454,0.29600000381469727
YML045W,YPR174C,0,-0.22494426,0.2072289139032364,0.7739999890327454,0.296099990606308
YGL105W,YHR106W,0,-0.2250661,0.2071734517812729,0.7739999890327454,0.2962000072002411
YLL066C,YOL029C,0,-0.22565049,0.20711800456047058,0.7739999890327454,0.2962999939918518
YHR103W,YDR243C,0,-0.22619528,0.20706260204315186,0.7739999890327454,0.2964000105857849
YAR042W,YMR091C,0,-0.22686365,0.20700721442699432,0.7739999890327454,0.29649999737739563
YDR482C,YAL007C,0,-0.22851515,0.20695187151432037,0.7739999890327454,0.29660001397132874
YPR114W,YDR317W,0,-0.22916408,0.2068965584039688,0.7739999890327454,0.29670000076293945
YOR372C,YCL012W,0,-0.22942966,0.20684126019477844,0.7739999890327454,0.29679998755455017
YLL026W,YER072W,0,-0.22972655,0.20678600668907166,0.7739999890327454,0.2969000041484833
YJL098W,YPR071W,0,-0.22984326,0.20673076808452606,0.7739999890327454,0.296999990940094
YGR078C,YDR150W,0,-0.23034334,0.20667557418346405,0.7739999890327454,0.2971000075340271
YDR256C,YLR460C,0,-0.2308706,0.20662039518356323,0.7739999890327454,0.2971999943256378
YLL018C,YDR168W,0,-0.23096395,0.2065652459859848,0.7739999890327454,0.2973000109195709
YNL051W,YJR054W,0,-0.23101701,0.20651014149188995,0.7739999890327454,0.29739999771118164
YMR076C,YOL116W,0,-0.23119664,0.2064550518989563,0.7739999890327454,0.29750001430511475
YLR220W,YFR038W,0,-0.23123753,0.20640000700950623,0.7739999890327454,0.29760000109672546
YCR091W,YNL123W,0,-0.2313228,0.20634497702121735,0.7739999890327454,0.2976999878883362
YLR293C,YMR050C,0,-0.23154092,0.20628997683525085,0.7739999890327454,0.2978000044822693
YLR345W,YNL214W,0,-0.2329627,0.20623500645160675,0.7739999890327454,0.29789999127388
YML101C,YMR226C,0,-0.233984,0.20618008077144623,0.7739999890327454,0.2980000078678131
YBR005W,YDL223C,0,-0.23633492,0.2061251699924469,0.7739999890327454,0.29809999465942383
YLR085C,YJL196C,0,-0.2363621,0.20607028901576996,0.7739999890327454,0.29820001125335693
YLR143W,YDR025W,0,-0.23726365,0.2060154378414154,0.7739999890327454,0.29829999804496765
YPL280W,YPR141C,0,-0.23838949,0.20596061646938324,0.7739999890327454,0.29840001463890076
YER108C,YBL016W,1,-0.23880327,0.20617185533046722,0.7749999761581421,0.29840001463890076
YLR017W,YER127W,0,-0.23883414,0.20611701905727386,0.7749999761581421,0.2985000014305115
YLR023C,YDL139C,0,-0.23917317,0.2060622125864029,0.7749999761581421,0.2985999882221222
YIL056W,YKL080W,0,-0.24009025,0.2060074359178543,0.7749999761581421,0.2987000048160553
YNL059C,YPR120C,0,-0.24040398,0.2059527039527893,0.7749999761581421,0.298799991607666
YMR274C,YKL006C-A,0,-0.24049073,0.2058979868888855,0.7749999761581421,0.2989000082015991
YGR178C,YIL038C,0,-0.2420736,0.20584329962730408,0.7749999761581421,0.29899999499320984
YHL028W,YGR161C,0,-0.24228413,0.20578864216804504,0.7749999761581421,0.29910001158714294
YDR007W,YML102W,0,-0.24306303,0.2057339996099472,0.7749999761581421,0.29919999837875366
YPR134W,YCL016C,0,-0.24332073,0.20567940175533295,0.7749999761581421,0.2992999851703644
YDR190C,YDL046W,0,-0.24412209,0.20562483370304108,0.7749999761581421,0.2994000017642975
YOR045W,YDL102W,0,-0.24480423,0.2055702954530716,0.7749999761581421,0.2994999885559082
YPR071W,YGR007W,0,-0.24672344,0.2055157721042633,0.7749999761581421,0.2996000051498413
YPL133C,YMR110C,0,-0.24678448,0.2054612934589386,0.7749999761581421,0.299699991941452
YLL026W,YBL013W,0,-0.24689317,0.20540684461593628,0.7749999761581421,0.29980000853538513
YGR082W,YBL072C,0,-0.24700266,0.20535241067409515,0.7749999761581421,0.29989999532699585
YPR067W,YBR162C,0,-0.24725169,0.20529800653457642,0.7749999761581421,0.30000001192092896
YDL072C,YOL023W,0,-0.24795136,0.20524364709854126,0.7749999761581421,0.3000999987125397
YLR259C,YKL134C,0,-0.24860612,0.2051893025636673,0.7749999761581421,0.3001999855041504
YPL215W,YLR360W,0,-0.24912202,0.20513498783111572,0.7749999761581421,0.3003000020980835
YPL138C,YKR099W,0,-0.24972355,0.20508070290088654,0.7749999761581421,0.3003999888896942
YDR122W,YOR260W,0,-0.25135958,0.20502644777297974,0.7749999761581421,0.3005000054836273
YGR224W,YLR435W,0,-0.25152457,0.20497222244739532,0.7749999761581421,0.30059999227523804
YLR056W,YGR040W,0,-0.25322667,0.2049180269241333,0.7749999761581421,0.30070000886917114
YOR101W,YBR034C,0,-0.25340286,0.20486386120319366,0.7749999761581421,0.30079999566078186
YOR091W,YOR109W,0,-0.25385904,0.20480972528457642,0.7749999761581421,0.30090001225471497
YNL031C,YGL061C,0,-0.2539643,0.20475561916828156,0.7749999761581421,0.3009999990463257
YLR131C,YPR068C,0,-0.2544619,0.2047015279531479,0.7749999761581421,0.3010999858379364
YDR469W,YDR289C,0,-0.2545014,0.2046474814414978,0.7749999761581421,0.3012000024318695
YDR190C,YBR094W,0,-0.25518072,0.2045934498310089,0.7749999761581421,0.3012999892234802
YJL054W,YNL251C,0,-0.2558181,0.2045394629240036,0.7749999761581421,0.30140000581741333
YLR258W,YLR044C,0,-0.25656593,0.20448549091815948,0.7749999761581421,0.30149999260902405
YKL052C,YMR074C,0,-0.25663146,0.20443154871463776,0.7749999761581421,0.30160000920295715
YGR266W,YBL100W-B,0,-0.25802848,0.20437763631343842,0.7749999761581421,0.30169999599456787
YOL011W,YEL044W,0,-0.258775,0.20432375371456146,0.7749999761581421,0.301800012588501
YDL135C,YJL167W,0,-0.25960526,0.2042699009180069,0.7749999761581421,0.3018999993801117
YOR119C,YER005W,0,-0.2603936,0.20421607792377472,0.7749999761581421,0.3019999861717224
YMR158W,YDR381W,0,-0.2609409,0.20416226983070374,0.7749999761581421,0.3021000027656555
YDR268W,YHR193C,0,-0.26109046,0.20410850644111633,0.7749999761581421,0.30219998955726624
YMR053C,YOR157C,0,-0.26131827,0.20405477285385132,0.7749999761581421,0.30230000615119934
YNL020C,YDR437W,0,-0.2630576,0.2040010541677475,0.7749999761581421,0.30239999294281006
YML098W,YDR300C,0,-0.26448676,0.20394736528396606,0.7749999761581421,0.30250000953674316
YOR049C,YMR230W,0,-0.26472372,0.20389370620250702,0.7749999761581421,0.3025999963283539
YPL115C,YER109C,1,-0.26503447,0.20410309731960297,0.7760000228881836,0.3025999963283539
YLR004C,YBL008W,0,-0.2675861,0.20404943823814392,0.7760000228881836,0.302700012922287
YJL127C,YOL059W,0,-0.26760834,0.20399579405784607,0.7760000228881836,0.3027999997138977
YBR200W-A,YOR357C,0,-0.26817352,0.2039421796798706,0.7760000228881836,0.3028999865055084
YKL077W,YOR113W,0,-0.26832998,0.20388859510421753,0.7760000228881836,0.30300000309944153
YHR205W,YJL057C,0,-0.26866832,0.20383504033088684,0.7760000228881836,0.30309998989105225
YBR200W-A,YER093C,0,-0.26886842,0.20378151535987854,0.7760000228881836,0.30320000648498535
YLR361C,YDR469W,0,-0.26936537,0.20372800529003143,0.7760000228881836,0.30329999327659607
YJL216C,YJL208C,0,-0.27082253,0.2036745399236679,0.7760000228881836,0.3034000098705292
YNR048W,YBR191W,0,-0.2715823,0.20362108945846558,0.7760000228881836,0.3034999966621399
YDR437W,YDL139C,0,-0.27309763,0.20356768369674683,0.7760000228881836,0.303600013256073
YNL197C,YER109C,1,-0.27327654,0.203776553273201,0.7770000100135803,0.303600013256073
YAR042W,YDL135C,0,-0.2732821,0.20372313261032104,0.7770000100135803,0.3037000000476837
YER155C,YNL036W,0,-0.2741178,0.2036697268486023,0.7770000100135803,0.30379998683929443
YHR170W,YPL161C,0,-0.27517462,0.20361635088920593,0.7770000100135803,0.30390000343322754
YBL038W,YNL142W,0,-0.27541918,0.20356300473213196,0.7770000100135803,0.30399999022483826
YPL115C,YIL008W,1,-0.2755084,0.20377160608768463,0.777999997138977,0.30399999022483826
YHR111W,YPL173W,0,-0.27570373,0.20371824502944946,0.777999997138977,0.30410000681877136
YDR367W,YHR037W,0,-0.27727452,0.20366492867469788,0.777999997138977,0.3041999936103821
YNL051W,YKL196C,0,-0.27753615,0.20361162722110748,0.777999997138977,0.3043000102043152
YBR029C,YDR179C,0,-0.2777192,0.20355834066867828,0.777999997138977,0.3043999969959259
YML061C,YOR019W,0,-0.27785903,0.20350509881973267,0.777999997138977,0.304500013589859
YMR063W,YDR350C,0,-0.27859545,0.20345188677310944,0.777999997138977,0.3046000003814697
YML013W,YDL154W,0,-0.27883965,0.2033986896276474,0.777999997138977,0.30469998717308044
YOR027W,YOR241W,0,-0.27900818,0.20334553718566895,0.777999997138977,0.30480000376701355
YPL116W,YGR178C,0,-0.2808441,0.20329239964485168,0.777999997138977,0.30489999055862427
YPL176C,YDR276C,0,-0.2811151,0.2032392919063568,0.777999997138977,0.3050000071525574
YPL058C,YBR112C,0,-0.28238714,0.20318621397018433,0.777999997138977,0.3050999939441681
YLR001C,YHR080C,0,-0.28245378,0.20313316583633423,0.777999997138977,0.3052000105381012
YKL132C,YGL194C,0,-0.28282702,0.20308013260364532,0.777999997138977,0.3052999973297119
YLR360W,YKL051W,0,-0.2834102,0.20302714407444,0.777999997138977,0.305400013923645
YGL104C,YKL079W,0,-0.28403348,0.20297417044639587,0.777999997138977,0.30550000071525574
YOR273C,YBL100W-B,0,-0.28446043,0.20292122662067413,0.777999997138977,0.30559998750686646
YER028C,YGL226W,0,-0.28485736,0.20286831259727478,0.777999997138977,0.30570000410079956
YDR178W,YPL135W,0,-0.28566343,0.20281542837619781,0.777999997138977,0.3057999908924103
YLR131C,YDR005C,0,-0.28753972,0.20276257395744324,0.777999997138977,0.3059000074863434
YHR073W,YNL298W,1,-0.2886184,0.20297029614448547,0.7789999842643738,0.3059000074863434
YLR382C,YDR395W,0,-0.2905019,0.2029174268245697,0.7789999842643738,0.3059999942779541
YMR234W,YIL107C,0,-0.29058993,0.20286458730697632,0.7789999842643738,0.3061000108718872
YML107C,YFR038W,0,-0.29103744,0.20281176269054413,0.7789999842643738,0.3061999976634979
YPL043W,YLR248W,0,-0.29136837,0.20275898277759552,0.7789999842643738,0.30630001425743103
YAL030W,YER108C,0,-0.2918493,0.2027062177658081,0.7789999842643738,0.30640000104904175
YDR227W,YDR005C,0,-0.29220602,0.20265348255634308,0.7789999842643738,0.30649998784065247
YHR096C,YJR096W,0,-0.29438233,0.20260077714920044,0.7789999842643738,0.30660000443458557
YIL119C,YBR121C,0,-0.2954175,0.2025481015443802,0.7789999842643738,0.3066999912261963
YIL068C,YGR040W,0,-0.29564536,0.20249545574188232,0.7789999842643738,0.3068000078201294
YDR343C,YPR141C,0,-0.29593277,0.20244282484054565,0.7789999842643738,0.3068999946117401
YKR096W,YOR158W,0,-0.2961061,0.20239023864269257,0.7789999842643738,0.3070000112056732
YOR358W,YMR313C,0,-0.2963463,0.20233766734600067,0.7789999842643738,0.30709999799728394
YJL013C,YCL001W,0,-0.29729366,0.20228512585163116,0.7789999842643738,0.30720001459121704
YIL075C,YLR411W,0,-0.29735875,0.20223259925842285,0.7789999842643738,0.30730000138282776
YNL243W,YKL138C,0,-0.29739812,0.20218011736869812,0.7789999842643738,0.3073999881744385
YGL151W,YCR005C,0,-0.2978596,0.20212766528129578,0.7789999842643738,0.3075000047683716
YDR259C,YLR288C,0,-0.29835844,0.20207522809505463,0.7789999842643738,0.3075999915599823
YLR102C,YMR183C,0,-0.30058464,0.20202282071113586,0.7789999842643738,0.3077000081539154
YMR048W,YBL007C,0,-0.3013236,0.2019704431295395,0.7789999842643738,0.3077999949455261
YEL001C,YLR143W,0,-0.3016422,0.2019180953502655,0.7789999842643738,0.30790001153945923
YHR108W,YNL251C,0,-0.30195165,0.2018657624721527,0.7789999842643738,0.30799999833106995
YOR078W,YML082W,0,-0.30243173,0.2018134742975235,0.7789999842643738,0.30809998512268066
YLR315W,YAL026C,0,-0.30300897,0.20176120102405548,0.7789999842643738,0.30820000171661377
YKL014C,YNL181W,0,-0.30320475,0.20170895755290985,0.7789999842643738,0.3082999885082245
YOR090C,YJL059W,0,-0.3035193,0.2016567438840866,0.7789999842643738,0.3084000051021576
YBR109C,YOR103C,0,-0.30368388,0.20160456001758575,0.7789999842643738,0.3084999918937683
YNL180C,YMR133W,0,-0.30461395,0.2015523910522461,0.7789999842643738,0.3086000084877014
YLL016W,YOR320C,0,-0.3072788,0.20150025188922882,0.7789999842643738,0.30869999527931213
YLL031C,YML031W,0,-0.30759355,0.20144815742969513,0.7789999842643738,0.30880001187324524
YDR028C,YNL118C,0,-0.30854654,0.20139606297016144,0.7789999842643738,0.30889999866485596
YAR009C,YPL056C,0,-0.30905044,0.20134401321411133,0.7789999842643738,0.3089999854564667
YOR275C,YPL203W,1,-0.3099892,0.20155039429664612,0.7799999713897705,0.3089999854564667
YKL196C,YGR122W,0,-0.31044054,0.20149831473827362,0.7799999713897705,0.3091000020503998
YLR215C,YIL069C,0,-0.31071985,0.2014462798833847,0.7799999713897705,0.3091999888420105
YOL096C,YPL221W,0,-0.31152385,0.20139427483081818,0.7799999713897705,0.3093000054359436
YBR003W,YEL024W,0,-0.3134958,0.20134228467941284,0.7799999713897705,0.3093999922275543
YPL058C,YOL116W,0,-0.31397,0.2012903243303299,0.7799999713897705,0.3095000088214874
YPL058C,YER060W-A,0,-0.31405184,0.20123839378356934,0.7799999713897705,0.30959999561309814
YDR325W,YER177W,0,-0.315203,0.20118647813796997,0.7799999713897705,0.30970001220703125
YMR192W,YKR064W,0,-0.316543,0.2011346071958542,0.7799999713897705,0.30979999899864197
YGL061C,YKR088C,0,-0.31691235,0.2010827511548996,0.7799999713897705,0.3098999857902527
YGL246C,YOR357C,0,-0.31801486,0.2010309249162674,0.7799999713897705,0.3100000023841858
YML133C,YPR199C,0,-0.31855547,0.20097912847995758,0.7799999713897705,0.3100999891757965
YLR220W,YDR273W,0,-0.31995258,0.20092736184597015,0.7799999713897705,0.3102000057697296
YDL243C,YBR208C,0,-0.32008928,0.20087561011314392,0.7799999713897705,0.31029999256134033
YBR162W-A,YCL054W,0,-0.32020044,0.20082388818264008,0.7799999713897705,0.31040000915527344
YIL068C,YDR292C,0,-0.32039624,0.20077219605445862,0.7799999713897705,0.31049999594688416
YLR059C,YBR218C,0,-0.3207164,0.20072053372859955,0.7799999713897705,0.31060001254081726
YCL005W-A,YDR217C,0,-0.32161927,0.20066890120506287,0.7799999713897705,0.310699999332428
YGR181W,YKR079C,0,-0.32163537,0.20061728358268738,0.7799999713897705,0.3107999861240387
YAL059W,YLR292C,0,-0.32279718,0.20056569576263428,0.7799999713897705,0.3109000027179718
YCR031C,YKL138C-A,0,-0.3234181,0.20051413774490356,0.7799999713897705,0.3109999895095825
YAL041W,YPL049C,1,-0.3234564,0.20071960985660553,0.781000018119812,0.3109999895095825
YPR131C,YBR180W,0,-0.32411754,0.20066803693771362,0.781000018119812,0.3111000061035156
YDR103W,YHR111W,1,-0.3248335,0.20087336003780365,0.7820000052452087,0.3111000061035156
YOR032C,YNR024W,0,-0.3255104,0.20082177221775055,0.7820000052452087,0.31119999289512634
YDR150W,YKL006C-A,0,-0.32735634,0.20077021420001984,0.7820000052452087,0.31130000948905945
YPL198W,YBR188C,0,-0.32896882,0.2007186859846115,0.7820000052452087,0.31139999628067017
YNL137C,YPL100W,0,-0.32922968,0.20066717267036438,0.7820000052452087,0.31150001287460327
YLR060W,YDL211C,0,-0.32979894,0.20061570405960083,0.7820000052452087,0.311599999666214
YDR412W,YLR154W-C,0,-0.3299489,0.20056425034999847,0.7820000052452087,0.3116999864578247
YOR081C,YFL011W,0,-0.33201885,0.2005128264427185,0.7820000052452087,0.3118000030517578
YGR046W,YNL055C,0,-0.3320475,0.20046141743659973,0.7820000052452087,0.31189998984336853
YNL214W,YIL033C,0,-0.33209085,0.20041005313396454,0.7820000052452087,0.31200000643730164
YOL144W,YNL164C,0,-0.33452514,0.20035870373249054,0.7820000052452087,0.31209999322891235
YLR426W,YDR513W,0,-0.33494484,0.20030738413333893,0.7820000052452087,0.31220000982284546
YKL045W,YDR009W,0,-0.33570406,0.2002560794353485,0.7820000052452087,0.3122999966144562
YHR024C,YLR200W,0,-0.33607385,0.20020481944084167,0.7820000052452087,0.3124000132083893
YHR111W,YBR083W,1,-0.3367566,0.20040951669216156,0.7829999923706055,0.3124000132083893
YPL100W,YHR214W,0,-0.33901376,0.20035824179649353,0.7829999923706055,0.3125
YAL002W,YDR176W,0,-0.3393345,0.2003069818019867,0.7829999923706055,0.3125999867916107
YIL118W,YPL056C,0,-0.34121853,0.20025575160980225,0.7829999923706055,0.3127000033855438
YGL104C,YOR011W,0,-0.34135073,0.20020455121994019,0.7829999923706055,0.31279999017715454
YNL059C,YKL099C,0,-0.3426549,0.2001533806324005,0.7829999923706055,0.31290000677108765
YPL239W,YFL018W-A,0,-0.3443619,0.20010222494602203,0.7829999923706055,0.31299999356269836
YML107C,YNL025C,0,-0.3445142,0.20005109906196594,0.7829999923706055,0.31310001015663147
YDR468C,YPR007C,0,-0.34529552,0.20000000298023224,0.7829999923706055,0.3131999969482422
YER100W,YDL134C-A,0,-0.3462696,0.19994892179965973,0.7829999923706055,0.3133000135421753
YKL087C,YOR086C,0,-0.34636593,0.1998978853225708,0.7829999923706055,0.313400000333786
YDR430C,YJR052W,0,-0.3469354,0.19984686374664307,0.7829999923706055,0.31349998712539673
YJL054W,YFR027W,0,-0.34719127,0.19979587197303772,0.7829999923706055,0.31360000371932983
YKR053C,YOR048C,0,-0.34737188,0.19974489510059357,0.7829999923706055,0.31369999051094055
YOR045W,YCL035C,0,-0.3474564,0.199693962931633,0.7829999923706055,0.31380000710487366
YOR334W,YIL167W,0,-0.34874701,0.19964304566383362,0.7829999923706055,0.3138999938964844
YLR284C,YOR316C,0,-0.3491897,0.19959214329719543,0.7829999923706055,0.3140000104904175
YHR114W,YCL067C,0,-0.350096,0.19954128563404083,0.7829999923706055,0.3140999972820282
YLR039C,YGR161W-A,0,-0.35074735,0.19949044287204742,0.7829999923706055,0.3142000138759613
YOR113W,YNL055C,0,-0.35212025,0.1994396299123764,0.7829999923706055,0.314300000667572
YER129W,YBR121C,0,-0.3530699,0.19938884675502777,0.7829999923706055,0.31439998745918274
YLR194C,YMR091C,0,-0.3535948,0.19933807849884033,0.7829999923706055,0.31450000405311584
YPL061W,YER032W,0,-0.35545033,0.19928735494613647,0.7829999923706055,0.31459999084472656
YMR076C,YBL051C,0,-0.35563374,0.1992366462945938,0.7829999923706055,0.31470000743865967
YDR075W,YOR001W,0,-0.35564464,0.19918595254421234,0.7829999923706055,0.3147999942302704
YDR098C,YDR217C,0,-0.3557263,0.19913530349731445,0.7829999923706055,0.3149000108242035
YKL191W,YDR235W,0,-0.3564176,0.19908466935157776,0.7829999923706055,0.3149999976158142
YGR244C,YLR220W,0,-0.3575819,0.19903406500816345,0.7829999923706055,0.3151000142097473
YKR095W,YDR179C,0,-0.3576708,0.19898347556591034,0.7829999923706055,0.31520000100135803
YKR079C,YKL197C,0,-0.35813344,0.1989329308271408,0.7829999923706055,0.31529998779296875
YOR380W,YOR136W,0,-0.35818666,0.19888240098953247,0.7829999923706055,0.31540000438690186
YNL130C,YGR129W,0,-0.35964024,0.19883190095424652,0.7829999923706055,0.3154999911785126
YJR046W,YGR044C,0,-0.35985786,0.19878141582012177,0.7829999923706055,0.3156000077724457
YGL246C,YMR055C,0,-0.3601966,0.1987309604883194,0.7829999923706055,0.3156999945640564
YDR201W,YBR146W,0,-0.36145627,0.19868053495883942,0.7829999923706055,0.3158000111579895
YDR256C,YAL059W,0,-0.36178172,0.19863013923168182,0.7829999923706055,0.3158999979496002
YKR096W,YDR129C,0,-0.36294007,0.19857975840568542,0.7829999923706055,0.3160000145435333
YML023C,YBR054W,0,-0.36318234,0.1985294073820114,0.7829999923706055,0.31610000133514404
YDL149W,YCL067C,0,-0.36562622,0.1984790861606598,0.7829999923706055,0.31619998812675476
YKL016C,YJL196C,0,-0.36568955,0.19842879474163055,0.7829999923706055,0.31630000472068787
YJL003W,YNL111C,0,-0.36600238,0.1983785182237625,0.7829999923706055,0.3163999915122986
YPL115C,YOR271C,0,-0.368003,0.19832827150821686,0.7829999923706055,0.3165000081062317
YKL077W,YKL114C,0,-0.3680457,0.1982780396938324,0.7829999923706055,0.3165999948978424
YDL134C-A,YPL198W,0,-0.36838222,0.19822785258293152,0.7829999923706055,0.3167000114917755
YJR117W,YLR193C,0,-0.36870307,0.19817768037319183,0.7829999923706055,0.31679999828338623
YPR120C,YOR341W,0,-0.3695835,0.19812752306461334,0.7829999923706055,0.31690001487731934
YPL137C,YJR041C,0,-0.3703377,0.19807741045951843,0.7829999923706055,0.31700000166893005
YKL150W,YFR049W,0,-0.37085396,0.19802731275558472,0.7829999923706055,0.31709998846054077
YER041W,YOL084W,0,-0.37166563,0.1979772448539734,0.7829999923706055,0.3172000050544739
YMR322C,YHR020W,0,-0.37202305,0.19792719185352325,0.7829999923706055,0.3172999918460846
YGL070C,YDR301W,0,-0.37248743,0.1978771835565567,0.7829999923706055,0.3174000084400177
YHR035W,YPR134W,0,-0.37301204,0.19782719016075134,0.7829999923706055,0.3174999952316284
YOR032C,YGR161C,0,-0.37340045,0.19777721166610718,0.7829999923706055,0.3176000118255615
YOL096C,YHL026C,0,-0.374233,0.1977272778749466,0.7829999923706055,0.31769999861717224
YCR024C,YJL058C,0,-0.37503228,0.1976773589849472,0.7829999923706055,0.31779998540878296
YMR262W,YJR108W,0,-0.3759965,0.197627454996109,0.7829999923706055,0.31790000200271606
YGR165W,YLR189C,0,-0.37620282,0.1975775957107544,0.7829999923706055,0.3179999887943268
YMR009W,YMR050C,0,-0.37636387,0.19752775132656097,0.7829999923706055,0.3181000053882599
YDR287W,YDR284C,0,-0.3766151,0.19747793674468994,0.7829999923706055,0.3181999921798706
YNL328C,YML047C,0,-0.37723774,0.1974281370639801,0.7829999923706055,0.3183000087738037
YCR065W,YDR244W,0,-0.37808686,0.19737836718559265,0.7829999923706055,0.31839999556541443
YKL149C,YPR105C,0,-0.37821484,0.1973286271095276,0.7829999923706055,0.31850001215934753
YOR191W,YLR019W,0,-0.3788916,0.1972789168357849,0.7829999923706055,0.31859999895095825
YML004C,YDR412W,0,-0.3802089,0.19722922146320343,0.7829999923706055,0.31869998574256897
YDR200C,YDR135C,0,-0.3814022,0.19717955589294434,0.7829999923706055,0.3188000023365021
YGL126W,YKR099W,0,-0.38160393,0.19712990522384644,0.7829999923706055,0.3188999891281128
YML107C,YPL179W,0,-0.3821679,0.19708029925823212,0.7829999923706055,0.3190000057220459
YLR363C,YPL049C,0,-0.3827008,0.1970306932926178,0.7829999923706055,0.3190999925136566
YCR005C,YDR005C,0,-0.38331053,0.19698113203048706,0.7829999923706055,0.3192000091075897
YGR109W-A,YOR272W,0,-0.3834384,0.19693158566951752,0.7829999923706055,0.31929999589920044
YDR148C,YKR095W,0,-0.384278,0.19688206911087036,0.7829999923706055,0.31940001249313354
YIL119C,YOR254C,0,-0.38495803,0.1968325823545456,0.7829999923706055,0.31949999928474426
YOR260W,YHR005C,0,-0.38563716,0.19678311049938202,0.7829999923706055,0.319599986076355
YLR315W,YLR460C,0,-0.38584277,0.19673366844654083,0.7829999923706055,0.3197000026702881
YMR063W,YHR096C,0,-0.38636816,0.19668425619602203,0.7829999923706055,0.3197999894618988
YBR272C,YPL145C,0,-0.38684136,0.19663485884666443,0.7829999923706055,0.3199000060558319
YDR210C-D,YIL123W,0,-0.38959444,0.1965854912996292,0.7829999923706055,0.3199999928474426
YDL072C,YGL105W,0,-0.38981918,0.1965361386537552,0.7829999923706055,0.32010000944137573
YBL056W,YBR272C,0,-0.39059955,0.19648683071136475,0.7829999923706055,0.32019999623298645
YGL171W,YJL001W,0,-0.390905,0.1964375376701355,0.7829999923706055,0.32030001282691956
YOL144W,YJL180C,0,-0.39194632,0.19638825953006744,0.7829999923706055,0.3203999996185303
YHR197W,YCL067C,0,-0.3919469,0.19633901119232178,0.7829999923706055,0.320499986410141
YOR087W,YGR055W,0,-0.39219546,0.1962897926568985,0.7829999923706055,0.3206000030040741
YMR105C,YPR141C,0,-0.39223915,0.1962406039237976,0.7829999923706055,0.3206999897956848
YGL231C,YDR397C,0,-0.3924779,0.1961914300918579,0.7829999923706055,0.3208000063896179
YBR078W,YEL027W,0,-0.3924809,0.1961422860622406,0.7829999923706055,0.32089999318122864
YJR027W,YHR110W,0,-0.39269337,0.19609315693378448,0.7829999923706055,0.32100000977516174
YLR411W,YBL008W,0,-0.39300856,0.19604407250881195,0.7829999923706055,0.32109999656677246
YLR194C,YOR272W,0,-0.39322942,0.19599498808383942,0.7829999923706055,0.32120001316070557
YNL328C,YHR005C,0,-0.39351764,0.19594594836235046,0.7829999923706055,0.3212999999523163
YNL328C,YMR015C,0,-0.39351764,0.1958969235420227,0.7829999923706055,0.321399986743927
YKL052C,YFR014C,0,-0.3935715,0.19584792852401733,0.7829999923706055,0.3215000033378601
YGL006W,YDR328C,0,-0.39363503,0.19579894840717316,0.7829999923706055,0.3215999901294708
YDR513W,YLR059C,0,-0.39501667,0.19574999809265137,0.7829999923706055,0.32170000672340393
YIL123W,YNL055C,0,-0.39507192,0.19570107758045197,0.7829999923706055,0.32179999351501465
YLR006C,YLR190W,0,-0.397003,0.19565217196941376,0.7829999923706055,0.32190001010894775
YDR422C,YAL015C,0,-0.3970636,0.19560329616069794,0.7829999923706055,0.32199999690055847
YCL016C,YJL208C,0,-0.39753252,0.1955544501543045,0.7829999923706055,0.3221000134944916
YBR005W,YGL096W,0,-0.39948392,0.19550561904907227,0.7829999923706055,0.3222000002861023
YBR109C,YML047C,0,-0.39997464,0.19545681774616241,0.7829999923706055,0.322299987077713
YJL127C,YDR190C,0,-0.40111375,0.19540803134441376,0.7829999923706055,0.3224000036716461
YGR007W,YJL058C,0,-0.40138337,0.1953592747449875,0.7829999923706055,0.32249999046325684
YOL069W,YGR129W,0,-0.40367794,0.1953105479478836,0.7829999923706055,0.32260000705718994
YBR005W,YCR063W,0,-0.40374368,0.1952618509531021,0.7829999923706055,0.32269999384880066
YNL045W,YHR138C,0,-0.40395847,0.1952131688594818,0.7829999923706055,0.32280001044273376
YNL025C,YOR250C,0,-0.40400946,0.1951645016670227,0.7829999923706055,0.3228999972343445
YLR432W,YBL051C,0,-0.40417796,0.19511587917804718,0.7829999923706055,0.3230000138282776
YDL223C,YBL025W,0,-0.40856218,0.19506727159023285,0.7829999923706055,0.3231000006198883
YPL203W,YMR116C,1,-0.40894258,0.19526775181293488,0.7839999794960022,0.3231000006198883
YCR091W,YMR262W,0,-0.40922725,0.19521912932395935,0.7839999794960022,0.323199987411499
YNL243W,YML031W,0,-0.40943164,0.19517052173614502,0.7839999794960022,0.32330000400543213
YDL247W,YDL154W,0,-0.4110525,0.19512194395065308,0.7839999794960022,0.32339999079704285
YGR099W,YKR072C,0,-0.41295993,0.19507339596748352,0.7839999794960022,0.32350000739097595
YGR024C,YMR243C,0,-0.4131179,0.19502487778663635,0.7839999794960022,0.32359999418258667
YDR386W,YML055W,0,-0.41356182,0.19497637450695038,0.7839999794960022,0.3237000107765198
YDL135C,YGR109W-A,0,-0.41370547,0.1949279010295868,0.7839999794960022,0.3237999975681305
YGR040W,YNL298W,1,-0.41449785,0.19512800872325897,0.7850000262260437,0.3237999975681305
YJR073C,YDR078C,0,-0.41579756,0.1950795203447342,0.7850000262260437,0.3239000141620636
YOR334W,YLR059C,0,-0.41633505,0.1950310617685318,0.7850000262260437,0.3240000009536743
YDL134C-A,YOR129C,0,-0.41641188,0.1949826180934906,0.7850000262260437,0.32409998774528503
YKL063C,YLL021W,0,-0.41650388,0.1949341893196106,0.7850000262260437,0.32420000433921814
YHL038C,YDR308C,0,-0.4170341,0.19488580524921417,0.7850000262260437,0.32429999113082886
YKL155C,YIL167W,0,-0.4172564,0.19483743607997894,0.7850000262260437,0.32440000772476196
YHR122W,YDR268W,0,-0.41729742,0.1947890818119049,0.7850000262260437,0.3244999945163727
YDR323C,YOR357C,0,-0.4193676,0.19474075734615326,0.7850000262260437,0.3246000111103058
YMR048W,YDR040C,0,-0.41948885,0.194692462682724,0.7850000262260437,0.3246999979019165
YHR088W,YNL251C,0,-0.41953778,0.19464418292045593,0.7850000262260437,0.3248000144958496
YIL069C,YPL179W,0,-0.42019558,0.19459593296051025,0.7850000262260437,0.3249000012874603
YJL162C,YMR215W,0,-0.42140874,0.19454771280288696,0.7850000262260437,0.32499998807907104
YJR120W,YML013W,0,-0.42181844,0.19449950754642487,0.7850000262260437,0.32510000467300415
YIL007C,YJL197W,0,-0.42191052,0.19445133209228516,0.7850000262260437,0.32519999146461487
YGR109W-A,YPR133C,0,-0.42196935,0.19440317153930664,0.7850000262260437,0.325300008058548
YDR412W,YMR050C,0,-0.42246735,0.1943550407886505,0.7850000262260437,0.3253999948501587
YOR103C,YNL063W,0,-0.42282695,0.19430692493915558,0.7850000262260437,0.3255000114440918
YNL056W,YFL049W,0,-0.42294526,0.19425885379314423,0.7850000262260437,0.3255999982357025
YCL012W,YOR254C,0,-0.4230522,0.19421078264713287,0.7850000262260437,0.3257000148296356
YDR210W-C,YNL240C,0,-0.4234705,0.1941627562046051,0.7850000262260437,0.32580000162124634
YDR350C,YJR118C,0,-0.4237854,0.19411474466323853,0.7850000262260437,0.32589998841285706
YDR515W,YKR095W-A,0,-0.4239819,0.19406674802303314,0.7850000262260437,0.32600000500679016
YOR019W,YFR025C,0,-0.424318,0.19401878118515015,0.7850000262260437,0.3260999917984009
YFR047C,YPR097W,0,-0.42610115,0.19397084414958954,0.7850000262260437,0.326200008392334
YDR490C,YMR133W,0,-0.42851728,0.19392292201519012,0.7850000262260437,0.3262999951839447
YDL160C,YER081W,0,-0.4286002,0.1938750296831131,0.7850000262260437,0.3264000117778778
YLR451W,YHL006C,0,-0.4287421,0.19382716715335846,0.7850000262260437,0.3264999985694885
YJR041C,YOR319W,0,-0.42901692,0.19377931952476501,0.7850000262260437,0.32659998536109924
YKR096W,YDR365W-A,0,-0.43005598,0.19373148679733276,0.7850000262260437,0.32670000195503235
YLL053C,YOR059C,0,-0.4301514,0.1936836838722229,0.7850000262260437,0.32679998874664307
YCL016C,YDR300C,0,-0.43149585,0.19363591074943542,0.7850000262260437,0.32690000534057617
YDL209C,YHL050C,0,-0.43280655,0.19358816742897034,0.7850000262260437,0.3269999921321869
YGL028C,YDR359C,0,-0.43322945,0.19354043900966644,0.7850000262260437,0.32710000872612
YGR129W,YJL196C,0,-0.43348825,0.19349272549152374,0.7850000262260437,0.3271999955177307
YDR482C,YML045W,0,-0.433972,0.19344504177570343,0.7850000262260437,0.3273000121116638
YGL045W,YBR083W,1,-0.4342159,0.1936437487602234,0.7860000133514404,0.3273000121116638
YBR153W,YEL006W,0,-0.43507466,0.19359606504440308,0.7860000133514404,0.32739999890327454
YNL243W,YCR016W,0,-0.4358349,0.19354838132858276,0.7860000133514404,0.32749998569488525
YBL080C,YLL018C,0,-0.43631253,0.19350074231624603,0.7860000133514404,0.32760000228881836
YML107C,YPL130W,0,-0.43889317,0.1934531182050705,0.7860000133514404,0.3276999890804291
YPL141C,YML057W,0,-0.43956307,0.19340550899505615,0.7860000133514404,0.3278000056743622
YIL144W,YGL231C,0,-0.43985683,0.1933579295873642,0.7860000133514404,0.3278999924659729
YHL031C,YDR437W,0,-0.4406646,0.19331037998199463,0.7860000133514404,0.328000009059906
YGL025C,YHR033W,0,-0.44113547,0.19326284527778625,0.7860000133514404,0.3280999958515167
YPR007C,YOR001W,0,-0.44130576,0.19321534037590027,0.7860000133514404,0.32820001244544983
YBR200W-A,YPL063W,0,-0.44166481,0.19316785037517548,0.7860000133514404,0.32829999923706055
YDR078C,YJL212C,0,-0.44176888,0.19312039017677307,0.7860000133514404,0.32839998602867126
YIL019W,YPR133C,0,-0.44396865,0.19307295978069305,0.7860000133514404,0.32850000262260437
YJL057C,YKL016C,0,-0.44401717,0.19302554428577423,0.7860000133514404,0.3285999894142151
YBR078W,YLR115W,0,-0.44484824,0.1929781436920166,0.7860000133514404,0.3287000060081482
YDR280W,YBR049C,0,-0.4460847,0.19293078780174255,0.7860000133514404,0.3287999927997589
YJL174W,YOL052C-A,0,-0.4466338,0.1928834319114685,0.7860000133514404,0.328900009393692
YOR267C,YLL014W,0,-0.44799376,0.19283612072467804,0.7860000133514404,0.32899999618530273
YNL197C,YPL203W,1,-0.44819674,0.1930340975522995,0.7870000004768372,0.32899999618530273
YDL100C,YBR268W,0,-0.44866848,0.19298675656318665,0.7870000004768372,0.32910001277923584
YKL191W,YNL063W,0,-0.4491589,0.19293944537639618,0.7870000004768372,0.32919999957084656
YFR014C,YDL087C,0,-0.44999862,0.1928921639919281,0.7870000004768372,0.3292999863624573
YBL008W,YBL047C,0,-0.4504943,0.19284489750862122,0.7870000004768372,0.3294000029563904
YDR075W,YGL151W,0,-0.4524001,0.19279764592647552,0.7870000004768372,0.3294999897480011
YPL221W,YGL105W,0,-0.45310467,0.19275042414665222,0.7870000004768372,0.3296000063419342
YBR090C-A,YBR146W,0,-0.45660543,0.1927032321691513,0.7870000004768372,0.3296999931335449
YPL171C,YKL150W,0,-0.45667207,0.19265605509281158,0.7870000004768372,0.329800009727478
YBR218C,YCL067C,0,-0.45675638,0.19260890781879425,0.7870000004768372,0.32989999651908875
YPR007C,YPL178W,0,-0.45798934,0.1925617754459381,0.7870000004768372,0.33000001311302185
YJR049C,YDR438W,0,-0.45807767,0.19251467287540436,0.7870000004768372,0.33009999990463257
YJR102C,YDR434W,0,-0.45808613,0.192467600107193,0.7870000004768372,0.3301999866962433
YML107C,YDR292C,0,-0.45869568,0.19242054224014282,0.7870000004768372,0.3303000032901764
YHR009C,YJR049C,0,-0.4593948,0.19237349927425385,0.7870000004768372,0.3303999900817871
YOR002W,YOR192C,0,-0.45939627,0.19232648611068726,0.7870000004768372,0.3305000066757202
YJL059W,YHR190W,0,-0.45940262,0.19227950274944305,0.7870000004768372,0.33059999346733093
YOL132W,YOL061W,0,-0.46111602,0.19223253428936005,0.7870000004768372,0.33070001006126404
YCR091W,YLR154W-C,0,-0.4615487,0.19218559563159943,0.7870000004768372,0.33079999685287476
YPL137C,YDR259C,0,-0.4625198,0.192138671875,0.7870000004768372,0.33090001344680786
YDR210C-D,YDR204W,0,-0.46335667,0.19209177792072296,0.7870000004768372,0.3310000002384186
YMR316W,YPL203W,1,-0.46436954,0.19228892028331757,0.7879999876022339,0.3310000002384186
YDR039C,YML076C,0,-0.46504116,0.19224201142787933,0.7879999876022339,0.3310999870300293
YOR319W,YLR060W,0,-0.46586162,0.1921951174736023,0.7879999876022339,0.3312000036239624
YHR073W,YGR296W,0,-0.46638757,0.19214825332164764,0.7879999876022339,0.3312999904155731
YPR154W,YHL021C,0,-0.46818197,0.19210141897201538,0.7879999876022339,0.3314000070095062
YLL016W,YKL052C,0,-0.4685948,0.1920545995235443,0.7879999876022339,0.33149999380111694
YGL144C,YML102W,0,-0.46943265,0.19200779497623444,0.7879999876022339,0.33160001039505005
YGR193C,YOL135C,0,-0.46952832,0.19196102023124695,0.7879999876022339,0.33169999718666077
YER028C,YLR189C,0,-0.4706111,0.19191427528858185,0.7879999876022339,0.33180001378059387
YJR102C,YNR030W,0,-0.4710247,0.19186754524707794,0.7879999876022339,0.3319000005722046
YDR108W,YGR003W,0,-0.4718008,0.19182083010673523,0.7879999876022339,0.3319999873638153
YDR372C,YIL096C,0,-0.47183573,0.1917741596698761,0.7879999876022339,0.3321000039577484
YDR361C,YNL065W,0,-0.47215158,0.19172748923301697,0.7879999876022339,0.33219999074935913
YEL048C,YFR049W,0,-0.4722706,0.19168086349964142,0.7879999876022339,0.33230000734329224
YHR111W,YNL197C,1,-0.47296706,0.19187742471694946,0.7889999747276306,0.33230000734329224
YNL023C,YDL076C,0,-0.47350305,0.19183078408241272,0.7889999747276306,0.33239999413490295
YPL115C,YPL203W,1,-0.47381872,0.1920272260904312,0.7900000214576721,0.33239999413490295
YPL056C,YPR148C,0,-0.47396058,0.19198055565357208,0.7900000214576721,0.33250001072883606
YOR253W,YLR067C,0,-0.47467458,0.19193391501903534,0.7900000214576721,0.3325999975204468
YDR343C,YER040W,0,-0.47496825,0.1918872892856598,0.7900000214576721,0.3327000141143799
YBR101C,YEL024W,0,-0.47578993,0.19184069335460663,0.7900000214576721,0.3328000009059906
YPR155C,YLR299W,0,-0.47593445,0.19179412722587585,0.7900000214576721,0.3328999876976013
YPL209C,YOL059W,0,-0.4767238,0.19174757599830627,0.7900000214576721,0.3330000042915344
YDR468C,YGL016W,0,-0.47689813,0.1917010396718979,0.7900000214576721,0.33309999108314514
YDL072C,YIR026C,0,-0.4777413,0.1916545331478119,0.7900000214576721,0.33320000767707825
YPL049C,YMR116C,1,-0.47844225,0.19185058772563934,0.7910000085830688,0.33320000767707825
YOR380W,YLL031C,0,-0.4819485,0.19180406630039215,0.7910000085830688,0.33329999446868896
YHR110W,YML047C,0,-0.4819992,0.19175757467746735,0.7910000085830688,0.33340001106262207
YBL063W,YKL196C,0,-0.48305374,0.19171109795570374,0.7910000085830688,0.3334999978542328
YDR100W,YDR045C,0,-0.4843607,0.1916646510362625,0.7910000085830688,0.3336000144481659
YHR139C,YJL026W,0,-0.48493457,0.19161821901798248,0.7910000085830688,0.3337000012397766
YLR426W,YMR091C,0,-0.4850999,0.19157180190086365,0.7910000085830688,0.33379998803138733
YMR059W,YLR263W,0,-0.48585638,0.1915254294872284,0.7910000085830688,0.33390000462532043
YPL209C,YFR034C,0,-0.48615205,0.19147905707359314,0.7910000085830688,0.33399999141693115
YOL011W,YNR024W,0,-0.48655277,0.19143271446228027,0.7910000085830688,0.33410000801086426
YNL317W,YIL011W,0,-0.4878009,0.1913864016532898,0.7910000085830688,0.334199994802475
YCL017C,YOR117W,0,-0.4881754,0.1913401037454605,0.7910000085830688,0.3343000113964081
YOR119C,YCL012W,0,-0.4895703,0.1912938356399536,0.7910000085830688,0.3343999981880188
YML016C,YMR133W,0,-0.49041775,0.1912475824356079,0.7910000085830688,0.3345000147819519
YDR323C,YDR303C,0,-0.491093,0.1912013590335846,0.7910000085830688,0.3346000015735626
YBL035C,YDR168W,0,-0.4919505,0.19115515053272247,0.7910000085830688,0.33469998836517334
YKL026C,YPR106W,0,-0.49196517,0.19110895693302155,0.7910000085830688,0.33480000495910645
YKL058W,YDR179C,0,-0.49203032,0.1910628080368042,0.7910000085830688,0.33489999175071716
YHL038C,YDR435C,0,-0.49210832,0.19101665914058685,0.7910000085830688,0.33500000834465027
YPL137C,YJL216C,0,-0.4931094,0.1909705400466919,0.7910000085830688,0.335099995136261
YDL113C,YLR361C,0,-0.49425718,0.19092445075511932,0.7910000085830688,0.3352000117301941
YHR073W,YPL049C,1,-0.49489725,0.19111968576908112,0.7919999957084656,0.3352000117301941
YBR043C,YOR258W,0,-0.49516952,0.19107358157634735,0.7919999957084656,0.3352999985218048
YLR362W,YOL116W,1,-0.4952741,0.1912686973810196,0.7929999828338623,0.3352999985218048
YKL196C,YOR109W,0,-0.49600405,0.19122256338596344,0.7929999828338623,0.3353999853134155
YDL209C,YKR083C,0,-0.49730226,0.19117647409439087,0.7929999828338623,0.33550000190734863
YPL133C,YMR009W,0,-0.49784625,0.1911303997039795,0.7929999828338623,0.33559998869895935
YHR033W,YHR214C-C,0,-0.4986624,0.1910843402147293,0.7929999828338623,0.33570000529289246
YPL004C,YGL049C,0,-0.4987998,0.1910383105278015,0.7929999828338623,0.3357999920845032
YMR076C,YER176W,0,-0.4990486,0.1909922957420349,0.7929999828338623,0.3359000086784363
YOR247W,YER155C,0,-0.49919736,0.1909463107585907,0.7929999828338623,0.335999995470047
YBR162W-A,YNR037C,0,-0.49932134,0.19090034067630768,0.7929999828338623,0.3361000120639801
YDR463W,YOR335C,0,-0.5000594,0.19085438549518585,0.7929999828338623,0.3361999988555908
YJR041C,YPR086W,0,-0.50057256,0.1908084750175476,0.7929999828338623,0.33629998564720154
YIL069C,YDR176W,0,-0.5020844,0.19076256453990936,0.7929999828338623,0.33640000224113464
YNL023C,YOR357C,0,-0.5021061,0.1907166838645935,0.7929999828338623,0.33649998903274536
YIL043C,YLR413W,0,-0.5037879,0.19067083299160004,0.7929999828338623,0.33660000562667847
YPL116W,YJL021C,0,-0.5041865,0.19062499701976776,0.7929999828338623,0.3366999924182892
YKR075C,YNL173C,0,-0.5048627,0.19057919085025787,0.7929999828338623,0.3368000090122223
YOR316C,YJL127C,0,-0.5049194,0.19053339958190918,0.7929999828338623,0.336899995803833
YDR007W,YER143W,0,-0.5061233,0.19048762321472168,0.7929999828338623,0.3370000123977661
YDR323C,YGL194C,0,-0.50658023,0.19044187664985657,0.7929999828338623,0.33709999918937683
YNL199C,YHR033W,0,-0.5068106,0.19039615988731384,0.7929999828338623,0.33719998598098755
YLL024C,YKL099C,0,-0.5071498,0.1903504580259323,0.7929999828338623,0.33730000257492065
YCR035C,YFR049W,0,-0.50725937,0.19030477106571198,0.7929999828338623,0.33739998936653137
YNL284C-B,YLR432W,0,-0.5076033,0.19025911390781403,0.7929999828338623,0.3375000059604645
YOL055C,YJL197W,0,-0.5077467,0.19021348655223846,0.7929999828338623,0.3375999927520752
YDL145C,YHR170W,0,-0.5079646,0.1901678591966629,0.7929999828338623,0.3377000093460083
YNL059C,YPR169W,0,-0.5080907,0.19012227654457092,0.7929999828338623,0.337799996137619
YDR441C,YAL028W,0,-0.5080942,0.19007670879364014,0.7929999828338623,0.3379000127315521
YPR188C,YKL058W,0,-0.50822264,0.19003115594387054,0.7929999828338623,0.33799999952316284
YMR215W,YER149C,0,-0.5091425,0.18998561799526215,0.7929999828338623,0.33809998631477356
YKL016C,YOL121C,0,-0.50926816,0.18994012475013733,0.7929999828338623,0.33820000290870667
YDL124W,YNL094W,0,-0.5103003,0.1898946315050125,0.7929999828338623,0.3382999897003174
YLR234W,YHR037W,0,-0.5110414,0.18984916806221008,0.7929999828338623,0.3384000062942505
YOR103C,YGL198W,0,-0.51310307,0.18980373442173004,0.7929999828338623,0.3384999930858612
YML059C,YKL005C,0,-0.51343846,0.1897583156824112,0.7929999828338623,0.3386000096797943
YHR009C,YGL005C,0,-0.513681,0.18971291184425354,0.7929999828338623,0.33869999647140503
YKL155C,YBR023C,0,-0.513839,0.18966753780841827,0.7929999828338623,0.33880001306533813
YMR015C,YAL028W,0,-0.5154376,0.1896221935749054,0.7929999828338623,0.33889999985694885
YER108C,YPL049C,1,-0.5157301,0.1898159235715866,0.7940000295639038,0.33889999985694885
YDR463W,YDR261C,0,-0.5158608,0.18977054953575134,0.7940000295639038,0.33899998664855957
YGL167C,YML082W,0,-0.5161343,0.18972520530223846,0.7940000295639038,0.3391000032424927
YIL007C,YGL142C,0,-0.51747143,0.18967989087104797,0.7940000295639038,0.3391999900341034
YOL098C,YDR261C,0,-0.5182559,0.18963457643985748,0.7940000295639038,0.3393000066280365
YLR361C,YKR099W,0,-0.518541,0.18958930671215057,0.7940000295639038,0.3393999934196472
YBR162W-A,YOR136W,0,-0.5186734,0.18954403698444366,0.7940000295639038,0.3395000100135803
YMR195W,YCL067C,0,-0.5189673,0.18949881196022034,0.7940000295639038,0.33959999680519104
YOR275C,YGL045W,1,-0.5191035,0.1896921992301941,0.7950000166893005,0.33959999680519104
YDL220C,YGR083C,0,-0.5201963,0.18964694440364838,0.7950000166893005,0.33970001339912415
YNR055C,YPL178W,0,-0.5217005,0.18960171937942505,0.7950000166893005,0.33980000019073486
YGR193C,YOL096C,0,-0.5222389,0.18955650925636292,0.7950000166893005,0.3398999869823456
YBR078W,YPL061W,0,-0.5228857,0.18951132893562317,0.7950000166893005,0.3400000035762787
YMR207C,YBL005W,0,-0.52563137,0.18946616351604462,0.7950000166893005,0.3400999903678894
YMR040W,YKL080W,0,-0.5268832,0.18942101299762726,0.7950000166893005,0.3402000069618225
YML013W,YJL173C,0,-0.5270128,0.1893758922815323,0.7950000166893005,0.3402999937534332
YDL154W,YNL094W,0,-0.5271702,0.1893307864665985,0.7950000166893005,0.34040001034736633
YGL189C,YMR232W,0,-0.528746,0.18928571045398712,0.7950000166893005,0.34049999713897705
YGR040W,YDR477W,1,-0.52915126,0.18947869539260864,0.7960000038146973,0.34049999713897705
YLR058C,YDR244W,0,-0.5300081,0.18943360447883606,0.7960000038146973,0.34060001373291016
YHR169W,YOL069W,0,-0.53005904,0.18938852846622467,0.7960000038146973,0.3407000005245209
YGL092W,YOR372C,0,-0.53133845,0.18934348225593567,0.7960000038146973,0.3407999873161316
YBR043C,YPL176C,0,-0.53228796,0.18929845094680786,0.7960000038146973,0.3409000039100647
YDR148C,YFR038W,0,-0.5325635,0.18925344944000244,0.7960000038146973,0.3409999907016754
YOL132W,YHR154W,0,-0.5328803,0.18920846283435822,0.7960000038146973,0.3411000072956085
YNL103W,YGR211W,0,-0.5335343,0.18916349112987518,0.7960000038146973,0.34119999408721924
YCL005W-A,YNL130C,0,-0.5338966,0.18911854922771454,0.7960000038146973,0.34130001068115234
YDL081C,YGL005C,0,-0.5345903,0.18907363712787628,0.7960000038146973,0.34139999747276306
YDR213W,YLR263W,0,-0.5352571,0.18902873992919922,0.7960000038146973,0.34150001406669617
YGR005C,YNL094W,0,-0.53533924,0.18898385763168335,0.7960000038146973,0.3416000008583069
YDR091C,YKL192C,0,-0.5356292,0.18893900513648987,0.7960000038146973,0.3416999876499176
YER139C,YNL130C,0,-0.5358234,0.18889416754245758,0.7960000038146973,0.3418000042438507
YBR043C,YKL029C,0,-0.53677034,0.1888493448495865,0.7960000038146973,0.3418999910354614
YOR227W,YER081W,0,-0.5373679,0.18880455195903778,0.7960000038146973,0.34200000762939453
YKL054C,YDR399W,0,-0.53790885,0.18875978887081146,0.7960000038146973,0.34209999442100525
YGR211W,YDR080W,0,-0.53825754,0.18871502578258514,0.7960000038146973,0.34220001101493835
YML011C,YNL199C,0,-0.5384054,0.1886703073978424,0.7960000038146973,0.3422999978065491
YDR361C,YGL240W,0,-0.53876245,0.18862558901309967,0.7960000038146973,0.3424000144004822
YHR108W,YHL038C,0,-0.5400066,0.18858090043067932,0.7960000038146973,0.3425000011920929
YGR193C,YHR033W,0,-0.54046685,0.18853624165058136,0.7960000038146973,0.3425999879837036
YPL133C,YDR190C,0,-0.5411301,0.1884915977716446,0.7960000038146973,0.3427000045776367
YGL018C,YPL193W,0,-0.5417139,0.18844696879386902,0.7960000038146973,0.34279999136924744
YHR214W,YJR050W,0,-0.54188,0.18840236961841583,0.7960000038146973,0.34290000796318054
YKR079C,YGL115W,0,-0.5422008,0.18835778534412384,0.7960000038146973,0.34299999475479126
YDR039C,YPR071W,0,-0.5424975,0.18831323087215424,0.7960000038146973,0.34310001134872437
YPR134W,YJR153W,0,-0.5428956,0.18826869130134583,0.7960000038146973,0.3431999981403351
YMR318C,YPL058C,0,-0.5431217,0.1882241666316986,0.7960000038146973,0.3433000147342682
YGL045W,YLR229C,1,-0.5437872,0.18841607868671417,0.796999990940094,0.3433000147342682
YDR002W,YLR054C,0,-0.5438645,0.18837153911590576,0.796999990940094,0.3434000015258789
YIL120W,YPR133C,0,-0.54400563,0.18832702934741974,0.796999990940094,0.3434999883174896
YCR024C,YPR120C,0,-0.5444374,0.1882825493812561,0.796999990940094,0.34360000491142273
YOR264W,YLR333C,0,-0.545328,0.18823806941509247,0.796999990940094,0.34369999170303345
YAL015C,YDR273W,0,-0.54549736,0.18819361925125122,0.796999990940094,0.34380000829696655
YBR043C,YAL028W,0,-0.5460156,0.18814919888973236,0.796999990940094,0.34389999508857727
YHR185C,YKR053C,0,-0.54629135,0.1881047934293747,0.796999990940094,0.3440000116825104
YGL076C,YMR035W,0,-0.5466874,0.18806040287017822,0.796999990940094,0.3440999984741211
YBL056W,YLL021W,0,-0.5467446,0.18801604211330414,0.796999990940094,0.3441999852657318
YOL132W,YDR430C,0,-0.5470881,0.18797169625759125,0.796999990940094,0.3443000018596649
YOR258W,YDR168W,0,-0.5470946,0.18792738020420074,0.796999990940094,0.34439998865127563
YGL096W,YBL025W,0,-0.5475466,0.18788307905197144,0.796999990940094,0.34450000524520874
YKL129C,YPR155C,0,-0.5476383,0.18783879280090332,0.796999990940094,0.34459999203681946
YPL280W,YDL145C,0,-0.5485897,0.1877945363521576,0.796999990940094,0.34470000863075256
YER072W,YMR322C,0,-0.5486069,0.18775029480457306,0.796999990940094,0.3447999954223633
YHR113W,YOR330C,0,-0.5487591,0.1877060830593109,0.796999990940094,0.3449000120162964
YLR361C,YPR141C,0,-0.5499732,0.18766188621520996,0.796999990940094,0.3449999988079071
YBR211C,YJL186W,0,-0.55026877,0.1876177042722702,0.796999990940094,0.3450999855995178
YDR379W,YHR073W,1,-0.55053985,0.18780890107154846,0.7979999780654907,0.3450999855995178
YDR007W,YDL149W,0,-0.55074793,0.1877647042274475,0.7979999780654907,0.3452000021934509
YGR174C,YPR174C,0,-0.5510583,0.18772053718566895,0.7979999780654907,0.34529998898506165
YHR201C,YOL012C,0,-0.5511555,0.18767638504505157,0.7979999780654907,0.34540000557899475
YHR006W,YJL003W,0,-0.5522204,0.1876322627067566,0.7979999780654907,0.34549999237060547
YPR008W,YOR001W,0,-0.5523374,0.1875881552696228,0.7979999780654907,0.3456000089645386
YJL094C,YHR138C,0,-0.554374,0.1875440627336502,0.7979999780654907,0.3456999957561493
YDR002W,YMR275C,0,-0.55526173,0.1875,0.7979999780654907,0.3458000123500824
YMR274C,YOR004W,0,-0.555489,0.187455952167511,0.7979999780654907,0.3458999991416931
YLR413W,YLR288C,0,-0.5566156,0.18741193413734436,0.7979999780654907,0.34599998593330383
YPR174C,YBR188C,0,-0.5574466,0.18736793100833893,0.7979999780654907,0.34610000252723694
YOL055C,YOR383C,0,-0.5575729,0.1873239427804947,0.7979999780654907,0.34619998931884766
YCR086W,YPL075W,0,-0.5576414,0.18727998435497284,0.7979999780654907,0.34630000591278076
YGL126W,YNL048W,0,-0.5580982,0.18723604083061218,0.7979999780654907,0.3463999927043915
YPR106W,YER071C,0,-0.5582205,0.18719211220741272,0.7979999780654907,0.3465000092983246
YER062C,YGL064C,0,-0.5588374,0.18714821338653564,0.7979999780654907,0.3465999960899353
YNL317W,YER053C-A,0,-0.55889094,0.18710434436798096,0.7979999780654907,0.3467000126838684
YJR108W,YDL123W,0,-0.5597729,0.18706047534942627,0.7979999780654907,0.3467999994754791
YLR411W,YMR183C,0,-0.5607956,0.18701663613319397,0.7979999780654907,0.34689998626708984
YBR208C,YMR035W,0,-0.5610497,0.18697282671928406,0.7979999780654907,0.34700000286102295
YGL231C,YDR301W,0,-0.5614917,0.18692901730537415,0.7979999780654907,0.34709998965263367
YJL133C-A,YBR193C,0,-0.56182563,0.18688525259494781,0.7979999780654907,0.3472000062465668
YKL155C,YPL179W,0,-0.56302166,0.18684148788452148,0.7979999780654907,0.3472999930381775
YDR210W-C,YNL055C,0,-0.56364465,0.18679775297641754,0.7979999780654907,0.3474000096321106
YDL124W,YGL061C,0,-0.5637429,0.1867540329694748,0.7979999780654907,0.3474999964237213
YMR072W,YPL178W,0,-0.56404555,0.18671034276485443,0.7979999780654907,0.3476000130176544
YGR204W,YLR118C,0,-0.5644238,0.18666666746139526,0.7979999780654907,0.34769999980926514
YDR490C,YMR055C,0,-0.56472266,0.1866230070590973,0.7979999780654907,0.34779998660087585
YPL133C,YJR027W,0,-0.56490445,0.1865793764591217,0.7979999780654907,0.34790000319480896
YHR079C-B,YBL091C,0,-0.5675078,0.1865357607603073,0.7979999780654907,0.3479999899864197
YPL239W,YCR063W,0,-0.5681279,0.1864921748638153,0.7979999780654907,0.3481000065803528
YKL069W,YBR279W,0,-0.5690714,0.1864486038684845,0.7979999780654907,0.3481999933719635
YKL045W,YOR195W,0,-0.5695306,0.18640504777431488,0.7979999780654907,0.3483000099658966
YGR057C,YGL107C,0,-0.57061464,0.18636150658130646,0.7979999780654907,0.3483999967575073
YLL018C,YGR193C,0,-0.57122254,0.18631799519062042,0.7979999780654907,0.34850001335144043
YNL250W,YDL093W,0,-0.5727241,0.18627451360225677,0.7979999780654907,0.34860000014305115
YEL020W-A,YIR004W,0,-0.5730485,0.18623103201389313,0.7979999780654907,0.34869998693466187
YNL059C,YMR133W,0,-0.57327414,0.18618758022785187,0.7979999780654907,0.34880000352859497
YKR083C,YHR133C,0,-0.57429814,0.186144158244133,0.7979999780654907,0.3488999903202057
YDL072C,YER033C,0,-0.57442486,0.18610075116157532,0.7979999780654907,0.3490000069141388
YPL105C,YNL251C,0,-0.5756779,0.18605735898017883,0.7979999780654907,0.3490999937057495
YNL250W,YPR134W,0,-0.57641184,0.18601398169994354,0.7979999780654907,0.3492000102996826
YBR101C,YLR006C,0,-0.5773698,0.18597063422203064,0.7979999780654907,0.34929999709129333
YHR088W,YLR248W,0,-0.57841897,0.18592730164527893,0.7979999780654907,0.34940001368522644
YPL130W,YJL035C,0,-0.57996625,0.1858839988708496,0.7979999780654907,0.34950000047683716
YDR323C,YDR375C,0,-0.5802314,0.18584071099758148,0.7979999780654907,0.3495999872684479
YNL023C,YFR053C,0,-0.58141637,0.18579743802547455,0.7979999780654907,0.349700003862381
YPL116W,YPL004C,0,-0.581983,0.18575419485569,0.7979999780654907,0.3497999906539917
YDR201W,YAL068C,0,-0.582011,0.18571096658706665,0.7979999780654907,0.3499000072479248
YJR049C,YNL123W,0,-0.5828297,0.1856677532196045,0.7979999780654907,0.3499999940395355
YKR096W,YNL045W,0,-0.5841198,0.18562456965446472,0.7979999780654907,0.35010001063346863
YOR045W,YDR004W,0,-0.58555984,0.18558140099048615,0.7979999780654907,0.35019999742507935
YCR105W,YPL056C,0,-0.5858577,0.18553824722766876,0.7979999780654907,0.35030001401901245
YGR004W,YOL032W,0,-0.586027,0.18549512326717377,0.7979999780654907,0.35040000081062317
YHR169W,YIL008W,0,-0.58658373,0.18545201420783997,0.7979999780654907,0.3504999876022339
YMR313C,YML096W,0,-0.58731467,0.18540892004966736,0.7979999780654907,0.350600004196167
YER044C-A,YNL066W,0,-0.5873674,0.18536585569381714,0.7979999780654907,0.3506999909877777
YDR176W,YOR110W,0,-0.5876515,0.1853228062391281,0.7979999780654907,0.3508000075817108
YLR315W,YLR189C,0,-0.5882529,0.18527977168560028,0.7979999780654907,0.35089999437332153
YMR125W,YGR094W,0,-0.5892322,0.18523676693439484,0.7979999780654907,0.35100001096725464
YLL018C,YEL006W,0,-0.5902757,0.18519377708435059,0.7979999780654907,0.35109999775886536
YNL020C,YKL040C,0,-0.59045243,0.18515081703662872,0.7979999780654907,0.35120001435279846
YOR087W,YPL061W,0,-0.5915424,0.18510785698890686,0.7979999780654907,0.3513000011444092
YBR086C,YDR259C,0,-0.5918949,0.18506494164466858,0.7979999780654907,0.3513999879360199
YGL053W,YJL168C,0,-0.5928714,0.1850220263004303,0.7979999780654907,0.351500004529953
YER109C,YOR272W,0,-0.5930327,0.1849791407585144,0.7979999780654907,0.3515999913215637
YOR002W,YER093C,0,-0.59314775,0.1849362701177597,0.7979999780654907,0.3517000079154968
YHR033W,YPR057W,0,-0.59443444,0.1848934143781662,0.7979999780654907,0.35179999470710754
YHR146W,YAL030W,0,-0.5958422,0.18485058844089508,0.7979999780654907,0.35190001130104065
YNL194C,YNR053C,0,-0.5959327,0.18480777740478516,0.7979999780654907,0.35199999809265137
YPL207W,YOR078W,0,-0.5961062,0.18476499617099762,0.7979999780654907,0.3521000146865845
YPR100W,YKR072C,0,-0.59628284,0.18472221493721008,0.7979999780654907,0.3522000014781952
YIL053W,YGR004W,0,-0.5964117,0.18467947840690613,0.7979999780654907,0.3522999882698059
YPL133C,YDR359C,0,-0.59691954,0.18463674187660217,0.7979999780654907,0.352400004863739
YGL045W,YHL007C,1,-0.598024,0.1848253458738327,0.7990000247955322,0.352400004863739
YBR189W,YLL031C,0,-0.5984353,0.18478260934352875,0.7990000247955322,0.35249999165534973
YGL208W,YNL294C,1,-0.5987631,0.18497109413146973,0.800000011920929,0.35249999165534973
YML023C,YML013W,0,-0.6012139,0.18492834270000458,0.800000011920929,0.35260000824928284
YAL056W,YLR288C,0,-0.6012844,0.18488560616970062,0.800000011920929,0.35269999504089355
YFL025C,YLR220W,0,-0.6019188,0.18484288454055786,0.800000011920929,0.35280001163482666
YLR227W-A,YMR149W,0,-0.6023637,0.1848001778125763,0.800000011920929,0.3528999984264374
YOR090C,YLR154W-C,0,-0.6028301,0.18475750088691711,0.800000011920929,0.3529999852180481
YML100W,YKL039W,0,-0.60339767,0.18471485376358032,0.800000011920929,0.3531000018119812
YNR033W,YDR179C,0,-0.60462064,0.18467220664024353,0.800000011920929,0.3531999886035919
YBR211C,YLR037C,0,-0.60475385,0.18462958931922913,0.800000011920929,0.353300005197525
YDR412W,YLR200W,0,-0.60589546,0.18458698689937592,0.800000011920929,0.35339999198913574
YCL017C,YDR343C,0,-0.6069689,0.1845443993806839,0.800000011920929,0.35350000858306885
YNL190W,YKR079C,0,-0.6075679,0.18450184166431427,0.800000011920929,0.35359999537467957
YLR223C,YLR361C,0,-0.6078241,0.18445929884910583,0.800000011920929,0.35370001196861267
YNL183C,YML101C,0,-0.6090579,0.1844167858362198,0.800000011920929,0.3537999987602234
YJL021C,YHR118C,0,-0.6091684,0.18437427282333374,0.800000011920929,0.3538999855518341
YIL007C,YPL126W,0,-0.6091766,0.18433180451393127,0.800000011920929,0.3540000021457672
YKR093W,YDR435C,0,-0.61037934,0.1842893362045288,0.800000011920929,0.35409998893737793
YHR084W,YGL045W,1,-0.61047775,0.18447719514369965,0.8009999990463257,0.35409998893737793
YIL167W,YMR156C,0,-0.61121166,0.18443472683429718,0.8009999990463257,0.35420000553131104
YNL056W,YKL132C,0,-0.6123134,0.18439225852489471,0.8009999990463257,0.35429999232292175
YNR032C-A,YNL111C,0,-0.6128796,0.18434982001781464,0.8009999990463257,0.35440000891685486
YJR150C,YGR161C,0,-0.61338264,0.18430741131305695,0.8009999990463257,0.3544999957084656
YMR081C,YKL063C,0,-0.6134875,0.18426501750946045,0.8009999990463257,0.3546000123023987
YGR040W,YGL208W,1,-0.6135508,0.184452623128891,0.8019999861717224,0.3546000123023987
YOR258W,YDR019C,0,-0.6135911,0.1844102144241333,0.8019999861717224,0.3546999990940094
YDR482C,YKL081W,0,-0.61365676,0.1843678206205368,0.8019999861717224,0.3547999858856201
YIL022W,YDL160C,0,-0.6147021,0.1843254417181015,0.8019999861717224,0.3549000024795532
YNL038W,YJL058C,0,-0.61685884,0.1842830926179886,0.8019999861717224,0.35499998927116394
YJL174W,YML031W,0,-0.61809224,0.18424075841903687,0.8019999861717224,0.35510000586509705
YJR132W,YIL014W,0,-0.6184457,0.18419843912124634,0.8019999861717224,0.35519999265670776
YPL056C,YER108C,0,-0.6192763,0.1841561496257782,0.8019999861717224,0.35530000925064087
YJR117W,YGR138C,0,-0.6195574,0.18411386013031006,0.8019999861717224,0.3553999960422516
YLR258W,YHL006C,0,-0.6195853,0.1840716153383255,0.8019999861717224,0.3555000126361847
YOR247W,YOL059W,0,-0.62052613,0.18402937054634094,0.8019999861717224,0.3555999994277954
YLR039C,YFR053C,0,-0.62172496,0.18398715555667877,0.8019999861717224,0.35569998621940613
YPR131C,YCR018C,0,-0.62204385,0.1839449554681778,0.8019999861717224,0.35580000281333923
YCL012W,YFR038W,0,-0.62230146,0.183902770280838,0.8019999861717224,0.35589998960494995
YNL284C-B,YER143W,0,-0.6228174,0.18386061489582062,0.8019999861717224,0.35600000619888306
YBR268W,YLR382C,0,-0.62323725,0.18381847441196442,0.8019999861717224,0.3560999929904938
YBR189W,YLR023C,0,-0.62420726,0.1837763488292694,0.8019999861717224,0.3562000095844269
YPL234C,YER038C,0,-0.62440264,0.1837342530488968,0.8019999861717224,0.3562999963760376
YEL019C,YMR183C,0,-0.6247742,0.18369217216968536,0.8019999861717224,0.3564000129699707
YNL133C,YLR054C,0,-0.6249778,0.18365010619163513,0.8019999861717224,0.3564999997615814
YCR044C,YPL189W,0,-0.625241,0.1836080551147461,0.8019999861717224,0.35659998655319214
YFR031C-A,YER127W,0,-0.6271232,0.18356603384017944,0.8019999861717224,0.35670000314712524
YIL037C,YJR123W,0,-0.62793404,0.183524027466774,0.8019999861717224,0.35679998993873596
YHR073W,YMR116C,1,-0.62872756,0.18371082842350006,0.8029999732971191,0.35679998993873596
YBR095C,YGL045W,1,-0.6292367,0.18389752507209778,0.8040000200271606,0.35679998993873596
YCL048W,YOR132W,0,-0.63236964,0.18385547399520874,0.8040000200271606,0.35690000653266907
YGR181W,YGR004W,0,-0.632424,0.1838134378194809,0.8040000200271606,0.3569999933242798
YHR079C-B,YML047C,0,-0.633129,0.18377143144607544,0.8040000200271606,0.3571000099182129
YDR213W,YPL221W,0,-0.63323146,0.18372943997383118,0.8040000200271606,0.3571999967098236
YAL041W,YOL116W,1,-0.63334084,0.18391592800617218,0.8050000071525574,0.3571999967098236
YBR189W,YBR254C,0,-0.633704,0.18387392163276672,0.8050000071525574,0.3573000133037567
YPL209C,YLR413W,0,-0.63412976,0.18383193016052246,0.8050000071525574,0.35740000009536743
YNL173C,YPL049C,0,-0.6349984,0.1837899535894394,0.8050000071525574,0.35749998688697815
YGR005C,YDR200C,0,-0.6358268,0.1837480068206787,0.8050000071525574,0.35760000348091125
YCR016W,YER102W,0,-0.63605,0.18370607495307922,0.8050000071525574,0.357699990272522
YHR122W,YDR516C,0,-0.636226,0.18366415798664093,0.8050000071525574,0.3578000068664551
YHR194W,YNL118C,0,-0.63638914,0.18362225592136383,0.8050000071525574,0.3578999936580658
YKL087C,YPL178W,0,-0.6366774,0.18358038365840912,0.8050000071525574,0.3580000102519989
YGR244C,YGR040W,0,-0.6370056,0.1835385262966156,0.8050000071525574,0.3580999970436096
YGL045W,YPL018W,0,-0.6370442,0.18349669873714447,0.8050000071525574,0.3582000136375427
YPL133C,YAL015C,0,-0.63772297,0.18345487117767334,0.8050000071525574,0.35830000042915344
YDR316W-B,YIL043C,0,-0.63774455,0.1834130734205246,0.8050000071525574,0.35839998722076416
YJL094C,YBR094W,0,-0.63777214,0.18337130546569824,0.8050000071525574,0.35850000381469727
YML045W,YCR086W,0,-0.63902634,0.1833295375108719,0.8050000071525574,0.358599990606308
YHR073W,YDR043C,1,-0.64009804,0.1835154891014099,0.8059999942779541,0.358599990606308
YLR284C,YGR057C,0,-0.6401725,0.18347370624542236,0.8059999942779541,0.3587000072002411
YOR129C,YNL194C,0,-0.6405363,0.1834319531917572,0.8059999942779541,0.3587999939918518
YBL031W,YDR259C,0,-0.64148176,0.18339021503925323,0.8059999942779541,0.3589000105857849
YOL144W,YIL167W,0,-0.6414921,0.18334849178791046,0.8059999942779541,0.35899999737739563
YKL149C,YIR031C,0,-0.641765,0.18330679833889008,0.8059999942779541,0.35910001397132874
YGL104C,YLR442C,0,-0.6426351,0.18326511979103088,0.8059999942779541,0.35920000076293945
YBL016W,YPL203W,1,-0.6427078,0.18345078825950623,0.8069999814033508,0.35920000076293945
YOR049C,YIL062C,0,-0.64276266,0.18340909481048584,0.8069999814033508,0.35929998755455017
YHR014W,YJL196C,0,-0.6429537,0.18336741626262665,0.8069999814033508,0.3594000041484833
YGR004W,YDL154W,0,-0.64305985,0.18332576751708984,0.8069999814033508,0.359499990940094
YOR090C,YDR145W,0,-0.64402217,0.18328411877155304,0.8069999814033508,0.3596000075340271
YPL175W,YGL107C,0,-0.6453451,0.18324249982833862,0.8069999814033508,0.3596999943256378
YDL105W,YPL176C,0,-0.64559376,0.1832009106874466,0.8069999814033508,0.3598000109195709
YOL135C,YIL005W,0,-0.6458062,0.18315932154655457,0.8069999814033508,0.35989999771118164
YMR243C,YPL135W,0,-0.64648026,0.18311776220798492,0.8069999814033508,0.36000001430511475
YLL026W,YDR381W,0,-0.64694464,0.18307621777057648,0.8069999814033508,0.36010000109672546
YCR035C,YOR059C,0,-0.647414,0.18303470313549042,0.8069999814033508,0.3601999878883362
YKR079C,YPR120C,0,-0.64914227,0.18299320340156555,0.8069999814033508,0.3603000044822693
YJL094C,YDR308C,0,-0.64941466,0.18295171856880188,0.8069999814033508,0.36039999127388
YDR075W,YMR050C,0,-0.64958996,0.1829102486371994,0.8069999814033508,0.3605000078678131
YIL147C,YKR052C,0,-0.6498176,0.18286879360675812,0.8069999814033508,0.36059999465942383
YLR115W,YNL161W,0,-0.65141463,0.18282736837863922,0.8069999814033508,0.36070001125335693
YOR103C,YMR207C,0,-0.6514739,0.18278595805168152,0.8069999814033508,0.36079999804496765
YKL110C,YOR001W,0,-0.6516732,0.182744562625885,0.8069999814033508,0.36090001463890076
YFL026W,YLR413W,0,-0.6517198,0.1827031970024109,0.8069999814033508,0.3610000014305115
YDR080W,YIL173W,0,-0.65197325,0.18266183137893677,0.8069999814033508,0.3610999882221222
YDR480W,YER109C,1,-0.6535289,0.182846799492836,0.8080000281333923,0.3610999882221222
YDR178W,YLR017W,0,-0.6537999,0.18280543386936188,0.8080000281333923,0.3612000048160553
YHR122W,YMR262W,0,-0.6543326,0.18276408314704895,0.8080000281333923,0.361299991607666
YGR212W,YKL138C-A,0,-0.6560992,0.18272274732589722,0.8080000281333923,0.3614000082015991
YLR360W,YGL093W,0,-0.6562403,0.18268144130706787,0.8080000281333923,0.36149999499320984
YGL025C,YGR193C,0,-0.65666234,0.18264015018939972,0.8080000281333923,0.36160001158714294
YGR004W,YIL130W,0,-0.6574733,0.18259887397289276,0.8080000281333923,0.36169999837875366
YEL032W,YGR142W,0,-0.6579088,0.182557612657547,0.8080000281333923,0.3617999851703644
YFL005W,YDL145C,0,-0.6579467,0.18251638114452362,0.8080000281333923,0.3619000017642975
YNR030W,YMR149W,0,-0.6587248,0.18247516453266144,0.8080000281333923,0.3619999885559082
YGR057C,YLR019W,0,-0.658816,0.18243396282196045,0.8080000281333923,0.3621000051498413
YML011C,YOL052C-A,0,-0.65969247,0.18239277601242065,0.8080000281333923,0.362199991941452
YDR019C,YGR044C,0,-0.6597859,0.18235161900520325,0.8080000281333923,0.36230000853538513
YNL298W,YGL045W,1,-0.6601621,0.18253609538078308,0.8090000152587891,0.36230000853538513
YGR078C,YIL130W,0,-0.6603471,0.18249492347240448,0.8090000152587891,0.36239999532699585
YML021C,YDR165W,0,-0.6606693,0.18245376646518707,0.8090000152587891,0.36250001192092896
YDR515W,YNR038W,0,-0.66232413,0.18241262435913086,0.8090000152587891,0.3625999987125397
YHR073W,YDR227W,0,-0.66239864,0.18237151205539703,0.8090000152587891,0.3626999855041504
YKL129C,YER178W,0,-0.66260517,0.1823303997516632,0.8090000152587891,0.3628000020980835
YOR018W,YKR099W,0,-0.66340274,0.18228931725025177,0.8090000152587891,0.3628999888896942
YBR208C,YDL087C,0,-0.6634803,0.18224824965000153,0.8090000152587891,0.3630000054836273
YKR085C,YDR301W,0,-0.66471136,0.18220721185207367,0.8090000152587891,0.36309999227523804
YLR181C,YCL048W,0,-0.665526,0.1821661740541458,0.8090000152587891,0.36320000886917114
YGR266W,YIL008W,0,-0.6665987,0.18212516605854034,0.8090000152587891,0.36329999566078186
YIL148W,YDR105C,0,-0.66662693,0.18208417296409607,0.8090000152587891,0.36340001225471497
YDR435C,YML057W,0,-0.667994,0.18204320967197418,0.8090000152587891,0.3634999990463257
YAR042W,YBR268W,0,-0.6687913,0.1820022463798523,0.8090000152587891,0.3635999858379364
YDR148C,YMR242C,0,-0.6688068,0.1819613128900528,0.8090000152587891,0.3637000024318695
YBR200W-A,YJL026W,0,-0.6688882,0.1819203943014145,0.8090000152587891,0.3637999892234802
YBR003W,YGR044C,0,-0.6693881,0.18187949061393738,0.8090000152587891,0.36390000581741333
YFR024C,YER178W,0,-0.6697735,0.18183861672878265,0.8090000152587891,0.36399999260902405
YIL107C,YNR037C,0,-0.6725238,0.18179775774478912,0.8090000152587891,0.36410000920295715
YBR112C,YHR005C,0,-0.6736435,0.1817569136619568,0.8090000152587891,0.36419999599456787
YFR027W,YDL247W,0,-0.67371094,0.18171608448028564,0.8090000152587891,0.364300012588501
YCL016C,YNL251C,0,-0.67407686,0.1816752701997757,0.8090000152587891,0.3643999993801117
YDR178W,YPR097W,0,-0.67505705,0.18163448572158813,0.8090000152587891,0.3644999861717224
YNR024W,YGR138C,0,-0.67560804,0.18159371614456177,0.8090000152587891,0.3646000027656555
YNL167C,YOR266W,0,-0.67613196,0.1815529614686966,0.8090000152587891,0.36469998955726624
YML041C,YDR280W,0,-0.67716485,0.18151222169399261,0.8090000152587891,0.36480000615119934
YAL059W,YNR024W,0,-0.67772037,0.18147151172161102,0.8090000152587891,0.36489999294281006
YBR054W,YJR108W,0,-0.6790323,0.18143081665039062,0.8090000152587891,0.36500000953674316
YDR175C,YHR024C,0,-0.67960954,0.18139013648033142,0.8090000152587891,0.3650999963283539
YJR084W,YLR360W,0,-0.6803308,0.1813494712114334,0.8090000152587891,0.365200012922287
YCL048W,YJL001W,0,-0.6804954,0.1813088357448578,0.8090000152587891,0.3652999997138977
YOR319W,YMR177W,0,-0.6817512,0.18126820027828217,0.8090000152587891,0.3653999865055084
YGL092W,YCR038C,0,-0.68220145,0.18122759461402893,0.8090000152587891,0.36550000309944153
YLR324W,YDL220C,0,-0.6832535,0.1811870038509369,0.8090000152587891,0.36559998989105225
YGR103W,YLR234W,0,-0.6837047,0.18114644289016724,0.8090000152587891,0.36570000648498535
YER142C,YDR316W-B,0,-0.68418396,0.18110588192939758,0.8090000152587891,0.36579999327659607
YDR098C-A,YPL224C,0,-0.6852107,0.18106535077095032,0.8090000152587891,0.3659000098705292
YIL030C,YLR313C,0,-0.6852408,0.18102483451366425,0.8090000152587891,0.3659999966621399
YJR102C,YBL051C,0,-0.68576103,0.18098433315753937,0.8090000152587891,0.366100013256073
YPL115C,YCR024C,0,-0.68675125,0.18094386160373688,0.8090000152587891,0.3662000000476837
YDR323C,YMR041C,0,-0.6871782,0.18090340495109558,0.8090000152587891,0.36629998683929443
YJR120W,YGR161C,0,-0.6884228,0.18086294829845428,0.8090000152587891,0.36640000343322754
YLL026W,YKL005C,0,-0.688498,0.18082253634929657,0.8090000152587891,0.36649999022483826
YER108C,YNL197C,1,-0.6896762,0.1810055822134018,0.8100000023841858,0.36649999022483826
YDR127W,YLR460C,0,-0.6917765,0.1809651404619217,0.8100000023841858,0.36660000681877136
YLR293C,YNL156C,0,-0.69208074,0.18092472851276398,0.8100000023841858,0.3666999936103821
YJL078C,YBR049C,0,-0.69329226,0.18088431656360626,0.8100000023841858,0.3668000102043152
YOR316C,YMR101C,0,-0.6933278,0.18084393441677094,0.8100000023841858,0.3668999969959259
YBL007C,YGL127C,0,-0.695632,0.1808035671710968,0.8100000023841858,0.367000013589859
YLR239C,YLR006C,0,-0.69587183,0.18076322972774506,0.8100000023841858,0.3671000003814697
YNL048W,YOR079C,0,-0.6960434,0.1807228922843933,0.8100000023841858,0.36719998717308044
YBR054W,YGL105W,0,-0.6971737,0.18068258464336395,0.8100000023841858,0.36730000376701355
YDR098C-B,YHR079C-B,0,-0.69752294,0.1806422770023346,0.8100000023841858,0.36739999055862427
YGL085W,YDL076C,0,-0.6975891,0.18060201406478882,0.8100000023841858,0.3675000071525574
YMR207C,YDR179C,0,-0.6978171,0.18056175112724304,0.8100000023841858,0.3675999939441681
YJR118C,YDR316W-B,0,-0.6980461,0.18052150309085846,0.8100000023841858,0.3677000105381012
YLR044C,YBR191W,0,-0.6989351,0.18048128485679626,0.8100000023841858,0.3677999973297119
YFL025C,YDR040C,0,-0.69893825,0.18044108152389526,0.8100000023841858,0.367900013923645
YML011C,YGR097W,0,-0.7005024,0.18040089309215546,0.8100000023841858,0.36800000071525574
YHR096C,YAL068C,0,-0.7006197,0.18036071956157684,0.8100000023841858,0.36809998750686646
YER031C,YNL288W,0,-0.70094097,0.18032057583332062,0.8100000023841858,0.36820000410079956
YMR215W,YCL048W,0,-0.7010906,0.1802804321050644,0.8100000023841858,0.3682999908924103
YMR226C,YMR225C,0,-0.7011106,0.18024031817913055,0.8100000023841858,0.3684000074863434
YLR315W,YDR276C,0,-0.70118105,0.1802002191543579,0.8100000023841858,0.3684999942779541
YGR003W,YKL063C,0,-0.70130444,0.18016013503074646,0.8100000023841858,0.3686000108718872
YOR247W,YJL069C,0,-0.70261455,0.1801200807094574,0.8100000023841858,0.3686999976634979
YPR148C,YPL183C,0,-0.7030003,0.18008004128932953,0.8100000023841858,0.36880001425743103
YBR089C-A,YCR063W,0,-0.703101,0.18004000186920166,0.8100000023841858,0.36890000104904175
YDR212W,YNL062C,0,-0.7034812,0.18000000715255737,0.8100000023841858,0.36899998784065247
YNL051W,YOR249C,0,-0.7045897,0.17996001243591309,0.8100000023841858,0.36910000443458557
YDR261C,YCL012W,0,-0.7053378,0.17992003262043,0.8100000023841858,0.3691999912261963
YCL017C,YMR177W,0,-0.7056604,0.1798800826072693,0.8100000023841858,0.3693000078201294
YML133C,YDR430C,0,-0.7067442,0.17984014749526978,0.8100000023841858,0.3693999946117401
YJL045W,YML031W,0,-0.7079717,0.17980022728443146,0.8100000023841858,0.3695000112056732
YDR176W,YPL239W,0,-0.70916915,0.17976032197475433,0.8100000023841858,0.36959999799728394
YHR111W,YCL016C,0,-0.70938706,0.1797204315662384,0.8100000023841858,0.36970001459121704
YLR247C,YBR193C,0,-0.7100151,0.17968057096004486,0.8100000023841858,0.36980000138282776
YJL096W,YIL037C,0,-0.7102219,0.1796407252550125,0.8100000023841858,0.3698999881744385
YER044C-A,YKL196C,0,-0.71033466,0.17960087954998016,0.8100000023841858,0.3700000047683716
YDR515W,YLR001C,0,-0.71059287,0.1795610785484314,0.8100000023841858,0.3700999915599823
YML133C,YJL058C,0,-0.71406984,0.17952127754688263,0.8100000023841858,0.3702000081539154
YPL126W,YIL062C,0,-0.7147663,0.17948149144649506,0.8100000023841858,0.3702999949455261
YER113C,YPL115C,1,-0.7157585,0.1796632707118988,0.8109999895095825,0.3702999949455261
YGL243W,YJL045W,0,-0.7159378,0.17962348461151123,0.8109999895095825,0.37040001153945923
YJR041C,YDR395W,0,-0.7159808,0.17958369851112366,0.8109999895095825,0.37049999833106995
YDR004W,YLR367W,0,-0.7163398,0.17954394221305847,0.8109999895095825,0.37059998512268066
YER044C-A,YDR300C,0,-0.7164488,0.17950420081615448,0.8109999895095825,0.37070000171661377
YHR009C,YDR280W,0,-0.71682525,0.17946448922157288,0.8109999895095825,0.3707999885082245
YKR077W,YGL045W,0,-0.71708715,0.17942477762699127,0.8109999895095825,0.3709000051021576
YDR002W,YLR292C,0,-0.7172524,0.17938509583473206,0.8109999895095825,0.3709999918937683
YDL072C,YJL183W,0,-0.7175339,0.17934542894363403,0.8109999895095825,0.3711000084877014
YKL145W,YKL099C,0,-0.71795225,0.1793057769536972,0.8109999895095825,0.37119999527931213
YDR091C,YDR045C,0,-0.71884,0.17926613986492157,0.8109999895095825,0.37130001187324524
YDR287W,YPR037C,0,-0.7195849,0.17922651767730713,0.8109999895095825,0.37139999866485596
YOL116W,YLR229C,1,-0.72024655,0.17940786480903625,0.8119999766349792,0.37139999866485596
YDR150W,YNL059C,0,-0.72025347,0.17936822772026062,0.8119999766349792,0.3714999854564667
YLR193C,YCL067C,0,-0.7204416,0.17932862043380737,0.8119999766349792,0.3716000020503998
YDL243C,YBL091C,0,-0.7210119,0.17928902804851532,0.8119999766349792,0.3716999888420105
YGL096W,YAL068C,0,-0.7211882,0.17924945056438446,0.8119999766349792,0.3718000054359436
YOR119C,YMR035W,0,-0.7235829,0.1792098879814148,0.8119999766349792,0.3718999922275543
YPL138C,YKL054C,0,-0.7238085,0.17917034029960632,0.8119999766349792,0.3720000088214874
YHR118C,YGR161C-D,0,-0.7253254,0.17913082242012024,0.8119999766349792,0.37209999561309814
YDL105W,YOR259C,0,-0.72557616,0.17909130454063416,0.8119999766349792,0.37220001220703125
YCR016W,YLR249W,0,-0.72561604,0.17905181646347046,0.8119999766349792,0.37229999899864197
YLR196W,YDR365W-A,0,-0.7262589,0.17901234328746796,0.8119999766349792,0.3723999857902527
YGR217W,YHR201C,0,-0.7266747,0.17897288501262665,0.8119999766349792,0.3725000023841858
YDL081C,YOR249C,0,-0.7274037,0.17893345654010773,0.8119999766349792,0.3725999891757965
YCL048W,YKL077W,0,-0.7282082,0.1788940280675888,0.8119999766349792,0.3727000057697296
YIR019C,YMR074C,0,-0.728562,0.17885462939739227,0.8119999766349792,0.37279999256134033
YOL154W,YBL038W,0,-0.7292583,0.17881524562835693,0.8119999766349792,0.37290000915527344
YOR241W,YGL198W,0,-0.72959256,0.1787758767604828,0.8119999766349792,0.37299999594688416
YHL017W,YDR287W,0,-0.72995245,0.17873652279376984,0.8119999766349792,0.37310001254081726
YGL087C,YOR079C,0,-0.73018444,0.17869718372821808,0.8119999766349792,0.373199999332428
YEL018W,YDR528W,0,-0.7305634,0.17865785956382751,0.8119999766349792,0.3732999861240387
YDR002W,YGL018C,0,-0.7314787,0.17861856520175934,0.8119999766349792,0.3734000027179718
YPL280W,YGL016W,0,-0.73461664,0.17857928574085236,0.8119999766349792,0.3734999895095825
YJL133C-A,YLR154W-C,0,-0.73518765,0.17854002118110657,0.8119999766349792,0.3736000061035156
YOR060C,YIL008W,0,-0.73520386,0.17850077152252197,0.8119999766349792,0.37369999289512634
YMR041C,YNL317W,0,-0.7354603,0.17846153676509857,0.8119999766349792,0.37380000948905945
YOL154W,YDR189W,0,-0.7362764,0.17842233180999756,0.8119999766349792,0.37389999628067017
YPL138C,YNR030W,0,-0.73664963,0.17838312685489655,0.8119999766349792,0.37400001287460327
YPL115C,YLR259C,0,-0.7372038,0.17834395170211792,0.8119999766349792,0.374099999666214
YGR055W,YOR358W,0,-0.73741233,0.1783047914505005,0.8119999766349792,0.3741999864578247
YLR093C,YMR237W,0,-0.73779,0.17826564610004425,0.8119999766349792,0.3743000030517578
YML133C,YOR258W,0,-0.7382771,0.1782265156507492,0.8119999766349792,0.37439998984336853
YDR075W,YFR053C,0,-0.7392756,0.17818740010261536,0.8119999766349792,0.37450000643730164
YOR091W,YNL031C,0,-0.7399162,0.1781483143568039,0.8119999766349792,0.37459999322891235
YFR031C-A,YCR063W,0,-0.7410929,0.17810922861099243,0.8119999766349792,0.37470000982284546
YPR148C,YGR030C,0,-0.7414629,0.17807017266750336,0.8119999766349792,0.3747999966144562
YDR407C,YHR133C,0,-0.74220747,0.17803113162517548,0.8119999766349792,0.3749000132083893
YPL280W,YLR413W,0,-0.74233466,0.1779921054840088,0.8119999766349792,0.375
YDR406W,YLR189C,0,-0.74303234,0.1779530942440033,0.8119999766349792,0.3750999867916107
YJL127C,YIL068C,0,-0.7430839,0.1779141128063202,0.8119999766349792,0.3752000033855438
YCR036W,YBL100W-B,0,-0.74333435,0.17787513136863708,0.8119999766349792,0.37529999017715454
YER044C-A,YLR044C,0,-0.74335647,0.17783617973327637,0.8119999766349792,0.37540000677108765
YDR041W,YCL064C,0,-0.74400204,0.17779724299907684,0.8119999766349792,0.37549999356269836
YER056C,YEL006W,0,-0.7442931,0.1777583211660385,0.8119999766349792,0.37560001015663147
YDR325W,YPL013C,0,-0.7449401,0.17771941423416138,0.8119999766349792,0.3756999969482422
YHR185C,YFL035C-B,0,-0.7453871,0.17768052220344543,0.8119999766349792,0.3758000135421753
YOL122C,YIL043C,0,-0.74605036,0.17764165997505188,0.8119999766349792,0.375900000333786
YKR053C,YER109C,0,-0.7467474,0.17760279774665833,0.8119999766349792,0.37599998712539673
YKL138C,YMR001C,0,-0.7467663,0.17756396532058716,0.8119999766349792,0.37610000371932983
YGR040W,YOR127W,1,-0.750409,0.17774376273155212,0.8130000233650208,0.37610000371932983
YDR441C,YDR412W,0,-0.75056756,0.17770491540431976,0.8130000233650208,0.37619999051094055
YOL032W,YJL180C,0,-0.75092995,0.1776660829782486,0.8130000233650208,0.37630000710487366
YDR129C,YJL212C,0,-0.7515453,0.17762726545333862,0.8130000233650208,0.3763999938964844
YIL052C,YPL224C,0,-0.7515699,0.17758846282958984,0.8130000233650208,0.3765000104904175
YMR262W,YEL006W,0,-0.75175595,0.17754969000816345,0.8130000233650208,0.3765999972820282
YPR017C,YHR079C-B,0,-0.75189507,0.17751091718673706,0.8130000233650208,0.3767000138759613
YEL020W-A,YIL098C,0,-0.7519171,0.17747217416763306,0.8130000233650208,0.376800000667572
YKL014C,YHR001W-A,0,-0.75196314,0.17743343114852905,0.8130000233650208,0.37689998745918274
YNL059C,YPL224C,0,-0.75213194,0.17739471793174744,0.8130000233650208,0.37700000405311584
YHR108W,YNR038W,0,-0.75219774,0.17735601961612701,0.8130000233650208,0.37709999084472656
YHR073W,YBR083W,1,-0.75259995,0.17753544449806213,0.8140000104904175,0.37709999084472656
YGL167C,YNL048W,0,-0.75416267,0.17749673128128052,0.8140000104904175,0.37720000743865967
YNL284C-B,YNL056W,0,-0.75450367,0.1774580329656601,0.8140000104904175,0.3772999942302704
YOR357C,YLR466W,0,-0.75494003,0.17741934955120087,0.8140000104904175,0.3774000108242035
YOR262W,YGL087C,0,-0.7549891,0.17738069593906403,0.8140000104904175,0.3774999976158142
YHR205W,YDR179C,0,-0.75516856,0.17734204232692719,0.8140000104904175,0.3776000142097473
YER062C,YBR146W,0,-0.7553586,0.17730341851711273,0.8140000104904175,0.37770000100135803
YMR101C,YCR035C,0,-0.755434,0.17726480960845947,0.8140000104904175,0.37779998779296875
YJL181W,YBR109C,0,-0.7571085,0.1772262156009674,0.8140000104904175,0.37790000438690186
YMR262W,YLR115W,0,-0.7576482,0.17718763649463654,0.8140000104904175,0.3779999911785126
YKL033W,YHR111W,0,-0.75800204,0.17714907228946686,0.8140000104904175,0.3781000077724457
YKL016C,YPR180W,0,-0.75812805,0.17711053788661957,0.8140000104904175,0.3781999945640564
YNL247W,YGL064C,0,-0.76044464,0.17707200348377228,0.8140000104904175,0.3783000111579895
YBR054W,YDR261C,0,-0.76072836,0.17703349888324738,0.8140000104904175,0.3783999979496002
YOR034C,YDL189W,0,-0.7607955,0.17699499428272247,0.8140000104904175,0.3785000145435333
YNL076W,YOR343C-A,0,-0.7625512,0.17695651948451996,0.8140000104904175,0.37860000133514404
YIL013C,YIL062C,0,-0.76258665,0.17691805958747864,0.8140000104904175,0.37869998812675476
YDL098C,YGR202C,0,-0.76498413,0.1768796145915985,0.8140000104904175,0.37880000472068787
YHR006W,YDR386W,0,-0.76758486,0.17684118449687958,0.8140000104904175,0.3788999915122986
YOL121C,YGR245C,0,-0.7687094,0.17680278420448303,0.8140000104904175,0.3790000081062317
YBR268W,YHR190W,0,-0.76909256,0.1767643839120865,0.8140000104904175,0.3790999948978424
YDR098C,YLR260W,0,-0.76918286,0.17672601342201233,0.8140000104904175,0.3792000114917755
YMR048W,YJL096W,0,-0.7705139,0.17668764293193817,0.8140000104904175,0.37929999828338623
YIL096C,YER127W,0,-0.7705199,0.1766493022441864,0.8140000104904175,0.37940001487731934
YGR120C,YMR156C,0,-0.7706586,0.17661097645759583,0.8140000104904175,0.37950000166893005
YDR343C,YGL238W,0,-0.77256465,0.17657266557216644,0.8140000104904175,0.37959998846054077
YBL063W,YIL130W,0,-0.7728139,0.17653436958789825,0.8140000104904175,0.3797000050544739
YLR115W,YLL014W,0,-0.7739519,0.17649610340595245,0.8140000104904175,0.3797999918460846
YLR061W,YAL030W,0,-0.77399534,0.17645783722400665,0.8140000104904175,0.3799000084400177
YPL116W,YGR078C,0,-0.7747557,0.17641958594322205,0.8140000104904175,0.3799999952316284
YOR156C,YHR149C,0,-0.77495503,0.17638136446475983,0.8140000104904175,0.3801000118255615
YLR227W-A,YER028C,0,-0.7749727,0.1763431578874588,0.8140000104904175,0.38019999861717224
YBR114W,YPL262W,0,-0.7753469,0.17630496621131897,0.8140000104904175,0.38029998540878296
YDL243C,YGL116W,0,-0.7754582,0.17626678943634033,0.8140000104904175,0.38040000200271606
YGR161C,YLL067C,0,-0.7754603,0.1762286275625229,0.8140000104904175,0.3804999887943268
YER041W,YLR060W,0,-0.7756129,0.17619048058986664,0.8140000104904175,0.3806000053882599
YPL179W,YLR247C,0,-0.775732,0.17615234851837158,0.8140000104904175,0.3806999921798706
YDR482C,YDR259C,0,-0.77592874,0.17611423134803772,0.8140000104904175,0.3808000087738037
YEL032W,YDL031W,0,-0.7761345,0.17607614398002625,0.8140000104904175,0.38089999556541443
YNL251C,YGR044C,0,-0.7772027,0.17603805661201477,0.8140000104904175,0.38100001215934753
YML057W,YGR224W,0,-0.77787364,0.17599999904632568,0.8140000104904175,0.38109999895095825
YMR040W,YGL061C,0,-0.7787018,0.1759619563817978,0.8140000104904175,0.38119998574256897
YMR322C,YGL049C,0,-0.77871597,0.1759239286184311,0.8140000104904175,0.3813000023365021
YOR250C,YPL198W,0,-0.77896523,0.17588591575622559,0.8140000104904175,0.3813999891281128
YBR086C,YKL002W,0,-0.77919626,0.17584791779518127,0.8140000104904175,0.3815000057220459
YAL068C,YHR014W,0,-0.7802368,0.17580993473529816,0.8140000104904175,0.3815999925136566
YOR156C,YGR260W,0,-0.7802391,0.17577196657657623,0.8140000104904175,0.3817000091075897
YER031C,YBR119W,0,-0.7808858,0.1757340282201767,0.8140000104904175,0.38179999589920044
YKR088C,YLR363C,0,-0.78099203,0.17569608986377716,0.8140000104904175,0.38190001249313354
YDR441C,YFR027W,0,-0.7814489,0.1756581813097,0.8140000104904175,0.38199999928474426
YDR189W,YGR094W,0,-0.78147864,0.17562028765678406,0.8140000104904175,0.382099986076355
YLL031C,YDL117W,0,-0.7816508,0.1755823940038681,0.8140000104904175,0.3822000026702881
YMR242C,YDR040C,0,-0.7818068,0.17554453015327454,0.8140000104904175,0.3822999894618988
YDL230W,YHR106W,0,-0.781816,0.17550668120384216,0.8140000104904175,0.3824000060558319
YGR174C,YDR007W,0,-0.7819905,0.17546884715557098,0.8140000104904175,0.3824999928474426
YLR075W,YIL011W,0,-0.782004,0.175431028008461,0.8140000104904175,0.38260000944137573
YGR046W,YJL186W,0,-0.78270006,0.1753932386636734,0.8140000104904175,0.38269999623298645
YGL027C,YIL130W,0,-0.78276587,0.1753554493188858,0.8140000104904175,0.38280001282691956
YDR039C,YDR430C,0,-0.7829863,0.1753176897764206,0.8140000104904175,0.3828999996185303
YCR016W,YIR004W,0,-0.78365743,0.17527993023395538,0.8140000104904175,0.382999986410141
YBR038W,YNL063W,0,-0.7844244,0.17524220049381256,0.8140000104904175,0.3831000030040741
YDL119C,YGL198W,0,-0.7849704,0.17520447075366974,0.8140000104904175,0.3831999897956848
YHR088W,YDR007W,0,-0.78530777,0.1751667708158493,0.8140000104904175,0.3833000063896179
YPL203W,YHL007C,1,-0.78646237,0.17534422874450684,0.8149999976158142,0.3833000063896179
YPL116W,YER100W,0,-0.78676194,0.1753065139055252,0.8149999976158142,0.38339999318122864
YAL059W,YPL061W,0,-0.78817916,0.17526881396770477,0.8149999976158142,0.38350000977516174
YPL061W,YLR001C,0,-0.7882489,0.17523112893104553,0.8149999976158142,0.38359999656677246
YOL051W,YPL075W,0,-0.78868276,0.17519345879554749,0.8149999976158142,0.38370001316070557
YDR080W,YJL069C,0,-0.79001164,0.17515581846237183,0.8149999976158142,0.3837999999523163
YFL056C,YPR100W,0,-0.7903646,0.17511817812919617,0.8149999976158142,0.383899986743927
YER044C-A,YLR067C,0,-0.79047054,0.1750805526971817,0.8149999976158142,0.3840000033378601
YOR266W,YIR004W,0,-0.79086155,0.17504295706748962,0.8149999976158142,0.3840999901294708
YPR161C,YNR055C,0,-0.79216063,0.17500536143779755,0.8149999976158142,0.38420000672340393
YNL041C,YML082W,0,-0.79310834,0.17496779561042786,0.8149999976158142,0.38429999351501465
YFL056C,YKL079W,0,-0.793843,0.17493024468421936,0.8149999976158142,0.38440001010894775
YJR084W,YCL048W,0,-0.7967559,0.17489270865917206,0.8149999976158142,0.38449999690055847
YIL154C,YNR038W,0,-0.7968964,0.17485518753528595,0.8149999976158142,0.3846000134944916
YHR073W,YGL045W,1,-0.79732776,0.17503216862678528,0.8159999847412109,0.3846000134944916
YDL243C,YDR399W,0,-0.7974851,0.17499463260173798,0.8159999847412109,0.3847000002861023
YGL064C,YPL006W,0,-0.7990961,0.17495711147785187,0.8159999847412109,0.384799987077713
YLL031C,YPL262W,0,-0.7993745,0.17491962015628815,0.8159999847412109,0.3849000036716461
YCR091W,YKL029C,0,-0.79947084,0.17488212883472443,0.8159999847412109,0.38499999046325684
YOL012C,YGR007W,0,-0.7996027,0.1748446524143219,0.8159999847412109,0.38510000705718994
YPR100W,YPL253C,0,-0.80078757,0.17480719089508057,0.8159999847412109,0.38519999384880066
YPL193W,YGL194C,0,-0.8015331,0.17476975917816162,0.8159999847412109,0.38530001044273376
YER023W,YPR180W,0,-0.80349135,0.17473232746124268,0.8159999847412109,0.3853999972343445
YKR053C,YBR005W,0,-0.80425644,0.17469492554664612,0.8159999847412109,0.3855000138282776
YKL110C,YPL056C,0,-0.8048572,0.17465753853321075,0.8159999847412109,0.3856000006198883
YNL103W,YKL063C,0,-0.80488294,0.1746201515197754,0.8159999847412109,0.385699987411499
YGR253C,YDL139C,0,-0.80594885,0.17458279430866241,0.8159999847412109,0.38580000400543213
YBR065C,YGL195W,0,-0.80603904,0.17454545199871063,0.8159999847412109,0.38589999079704285
YLR390W-A,YHR193C,0,-0.80661345,0.17450812458992004,0.8159999847412109,0.38600000739097595
YGR003W,YDL102W,0,-0.8081528,0.17447081208229065,0.8159999847412109,0.38609999418258667
YHR084W,YHR111W,1,-0.809189,0.1746472865343094,0.8169999718666077,0.38609999418258667
YNL294C,YNL119W,1,-0.8093325,0.17482368648052216,0.8180000185966492,0.38609999418258667
YDR122W,YPL076W,0,-0.81100947,0.17478632926940918,0.8180000185966492,0.3862000107765198
YHL017W,YLL024C,0,-0.8111297,0.1747489869594574,0.8180000185966492,0.3862999975681305
YPL224C,YLR189C,0,-0.8116824,0.1747116595506668,0.8180000185966492,0.3864000141620636
YIL064W,YDR434W,0,-0.8126761,0.17467434704303741,0.8180000185966492,0.3865000009536743
YAL068C,YGL198W,0,-0.8126936,0.1746370643377304,0.8180000185966492,0.38659998774528503
YBR254C,YFL035C-A,0,-0.81284237,0.1745997816324234,0.8180000185966492,0.38670000433921814
YLR293C,YDR545W,0,-0.8134439,0.17456252872943878,0.8180000185966492,0.38679999113082886
YMR261C,YER139C,0,-0.81380296,0.17452527582645416,0.8180000185966492,0.38690000772476196
YBR114W,YPL061W,0,-0.8144768,0.17448805272579193,0.8180000185966492,0.3869999945163727
YGR170W,YJL035C,0,-0.8147499,0.1744508445262909,0.8180000185966492,0.3871000111103058
YPL115C,YHR111W,1,-0.8163949,0.17462687194347382,0.8190000057220459,0.3871000111103058
YNL038W,YGR142W,0,-0.81693816,0.1745896339416504,0.8190000057220459,0.3871999979019165
YCR086W,YNL059C,0,-0.8171544,0.17455242574214935,0.8190000057220459,0.3873000144958496
YHR108W,YER081W,0,-0.8172529,0.1745152324438095,0.8190000057220459,0.3874000012874603
YNL031C,YJR046W,0,-0.8188487,0.17447805404663086,0.8190000057220459,0.38749998807907104
YLR102C,YPR008W,0,-0.8189912,0.1744408905506134,0.8190000057220459,0.38760000467300415
YHR009C,YKR095W,0,-0.81914175,0.17440374195575714,0.8190000057220459,0.38769999146461487
YOL023W,YBL091C,0,-0.8204069,0.17436662316322327,0.8190000057220459,0.387800008058548
YOR371C,YIL008W,1,-0.8218849,0.1745423525571823,0.8199999928474426,0.387800008058548
YMR009W,YNL161W,0,-0.82194126,0.17450521886348724,0.8199999928474426,0.3878999948501587
YGR254W,YOR060C,0,-0.82200384,0.17446808516979218,0.8199999928474426,0.3880000114440918
YOR157C,YEL044W,0,-0.82228625,0.1744309663772583,0.8199999928474426,0.3880999982357025
YNL328C,YOR195W,0,-0.822561,0.17439387738704681,0.8199999928474426,0.3882000148296356
YAL015C,YER053C-A,0,-0.8227258,0.17435678839683533,0.8199999928474426,0.38830000162124634
YGR057C,YJL208C,0,-0.82351786,0.17431972920894623,0.8199999928474426,0.38839998841285706
YML023C,YHL015W,0,-0.8256791,0.17428268492221832,0.8199999928474426,0.38850000500679016
YOR087W,YIL096C,0,-0.8265994,0.17424564063549042,0.8199999928474426,0.3885999917984009
YJL212C,YFR049W,0,-0.82750916,0.1742086261510849,0.8199999928474426,0.388700008392334
YGL116W,YLR115W,0,-0.82790446,0.17417162656784058,0.8199999928474426,0.3887999951839447
YLR093C,YLR054C,0,-0.82824266,0.17413464188575745,0.8199999928474426,0.3889000117778778
YDR359C,YGL127C,0,-0.8303561,0.17409765720367432,0.8199999928474426,0.3889999985694885
YHR111W,YHR214W,0,-0.83140826,0.17406070232391357,0.8199999928474426,0.38909998536109924
YPR134W,YPL075W,0,-0.8315374,0.17402376234531403,0.8199999928474426,0.38920000195503235
YOR090C,YMR110C,0,-0.8315392,0.17398685216903687,0.8199999928474426,0.38929998874664307
YPL280W,YER056C,0,-0.8332689,0.1739499419927597,0.8199999928474426,0.38940000534057617
YPL036W,YDR175C,0,-0.8346759,0.17391304671764374,0.8199999928474426,0.3894999921321869
YKL033W,YDR287W,0,-0.8351183,0.17387616634368896,0.8199999928474426,0.38960000872612
YIL022W,YKL016C,0,-0.8351695,0.17383930087089539,0.8199999928474426,0.3896999955177307
YLR004C,YER005W,0,-0.83570856,0.1738024652004242,0.8199999928474426,0.3898000121116638
YNL167C,YLR315W,0,-0.83590204,0.173765629529953,0.8199999928474426,0.38989999890327454
YIL120W,YFR025C,0,-0.8360307,0.173728808760643,0.8199999928474426,0.38999998569488525
YKL141W,YLR451W,0,-0.8362788,0.1736920177936554,0.8199999928474426,0.39010000228881836
YGL116W,YGL238W,0,-0.83726025,0.17365522682666779,0.8199999928474426,0.3901999890804291
YMR131C,YBL047C,0,-0.8372729,0.17361846566200256,0.8199999928474426,0.3903000056743622
YDL160C,YNR052C,0,-0.8380604,0.17358170449733734,0.8199999928474426,0.3903999924659729
YDR427W,YOR157C,0,-0.83873445,0.1735449731349945,0.8199999928474426,0.390500009059906
YDR108W,YKL032C,0,-0.8391428,0.17350825667381287,0.8199999928474426,0.3905999958515167
YJL173C,YOL059W,0,-0.8394262,0.17347154021263123,0.8199999928474426,0.39070001244544983
YMR261C,YCL064C,0,-0.8394686,0.17343485355377197,0.8199999928474426,0.39079999923706055
YLR052W,YPR105C,0,-0.84043044,0.1733981817960739,0.8199999928474426,0.39089998602867126
YPR008W,YOR241W,0,-0.8406827,0.17336152493953705,0.8199999928474426,0.39100000262260437
YMR205C,YJR131W,0,-0.84092945,0.17332488298416138,0.8199999928474426,0.3910999894142151
YDL243C,YHL006C,0,-0.84149575,0.1732882559299469,0.8199999928474426,0.3912000060081482
YFR047C,YDR257C,0,-0.8442135,0.17325164377689362,0.8199999928474426,0.3912999927997589
YIL036W,YDR422C,0,-0.84463036,0.17321504652500153,0.8199999928474426,0.391400009393692
YPL075W,YJL001W,0,-0.8449643,0.17317846417427063,0.8199999928474426,0.39149999618530273
YPL221W,YLR352W,0,-0.84520197,0.17314189672470093,0.8199999928474426,0.39160001277923584
YHR165C,YBR121C,0,-0.84524745,0.17310534417629242,0.8199999928474426,0.39169999957084656
YAR033W,YFR040W,0,-0.8454025,0.1730688065290451,0.8199999928474426,0.3917999863624573
YDL113C,YKL192C,0,-0.8456516,0.17303228378295898,0.8199999928474426,0.3919000029563904
YLR083C,YOR212W,1,-0.8456988,0.17320674657821655,0.8209999799728394,0.3919000029563904
YPL130W,YLR150W,0,-0.84604263,0.17317022383213043,0.8209999799728394,0.3919999897480011
YBR107C,YFR034C,0,-0.8467983,0.1731337010860443,0.8209999799728394,0.3921000063419342
YDR212W,YNL111C,0,-0.8469728,0.17309719324111938,0.8209999799728394,0.3921999931335449
YML101C,YOL069W,0,-0.8471799,0.17306071519851685,0.8209999799728394,0.392300009727478
YLR223C,YDL046W,0,-0.8471855,0.1730242371559143,0.8209999799728394,0.39239999651908875
YIL056W,YCR065W,0,-0.84847945,0.17298777401447296,0.8209999799728394,0.39250001311302185
YFR024C,YOR273C,0,-0.84868395,0.172951340675354,0.8209999799728394,0.39259999990463257
YDR407C,YPR180W,0,-0.8500868,0.17291490733623505,0.8209999799728394,0.3926999866962433
YDR434W,YLR154W-C,0,-0.8511318,0.17287850379943848,0.8209999799728394,0.3928000032901764
YOL126C,YDR092W,0,-0.85174334,0.1728421002626419,0.8209999799728394,0.3928999900817871
YKR075C,YGR004W,0,-0.8524395,0.17280572652816772,0.8209999799728394,0.3930000066757202
YBR211C,YDL223C,0,-0.85316443,0.17276936769485474,0.8209999799728394,0.39309999346733093
YLR083C,YAR009C,0,-0.8544462,0.17273300886154175,0.8209999799728394,0.39320001006126404
YHR035W,YLR466W,0,-0.8557644,0.17269667983055115,0.8209999799728394,0.39329999685287476
YJR153W,YPR106W,0,-0.8565364,0.17266035079956055,0.8209999799728394,0.39340001344680786
YOR090C,YLR150W,0,-0.8571947,0.17262405157089233,0.8209999799728394,0.3935000002384186
YCR045C,YMR274C,0,-0.8575165,0.17258776724338531,0.8209999799728394,0.3935999870300293
YML011C,YDR517W,0,-0.8581848,0.1725514978170395,0.8209999799728394,0.3937000036239624
YGL098W,YLR460C,0,-0.85902923,0.17251522839069366,0.8209999799728394,0.3937999904155731
YFL005W,YJL208C,0,-0.85906523,0.17247898876667023,0.8209999799728394,0.3939000070095062
YHR120W,YOR078W,0,-0.85924953,0.17244276404380798,0.8209999799728394,0.39399999380111694
YOR156C,YDR122W,0,-0.85930973,0.17240655422210693,0.8209999799728394,0.39410001039505005
YJL089W,YPL233W,0,-0.85960186,0.17237035930156708,0.8209999799728394,0.39419999718666077
YBL051C,YNL063W,0,-0.859684,0.17233417928218842,0.8209999799728394,0.39430001378059387
YIL167W,YDR438W,0,-0.85970706,0.17229799926280975,0.8209999799728394,0.3944000005722046
YML004C,YJL216C,0,-0.8606514,0.17226184904575348,0.8209999799728394,0.3944999873638153
YEL020W-A,YJL069C,0,-0.861892,0.1722257137298584,0.8209999799728394,0.3946000039577484
YMR225C,YOR272W,0,-0.86195195,0.1721895933151245,0.8209999799728394,0.39469999074935913
YJL183W,YPL075W,0,-0.86255836,0.17215348780155182,0.8209999799728394,0.39480000734329224
YHR142W,YOR113W,0,-0.8628633,0.17211739718914032,0.8209999799728394,0.39489999413490295
YIL064W,YMR040W,0,-0.86300004,0.17208132147789001,0.8209999799728394,0.39500001072883606
YPR114W,YEL024W,0,-0.8643346,0.1720452606678009,0.8209999799728394,0.3950999975204468
YOR262W,YFR027W,0,-0.86458546,0.17200921475887299,0.8209999799728394,0.3952000141143799
YIR019C,YER109C,1,-0.86466897,0.17218264937400818,0.8220000267028809,0.3952000141143799
YIR019C,YNL294C,1,-0.8647312,0.1723560243844986,0.8230000138282776,0.3952000141143799
YLR193C,YPL225W,0,-0.86532104,0.1723199337720871,0.8230000138282776,0.3953000009059906
YOR250C,YHL021C,0,-0.8660153,0.1722838580608368,0.8230000138282776,0.3953999876976013
YOR192C,YKL005C,0,-0.8660399,0.17224779725074768,0.8230000138282776,0.3955000042915344
YDL209C,YJL173C,0,-0.86670387,0.17221176624298096,0.8230000138282776,0.39559999108314514
YOR193W,YDR386W,0,-0.8667179,0.17217573523521423,0.8230000138282776,0.39570000767707825
YIL053W,YDR200C,0,-0.866721,0.1721397191286087,0.8230000138282776,0.39579999446868896
YNL103W,YFL035C-B,0,-0.8667679,0.17210371792316437,0.8230000138282776,0.39590001106262207
YDR435C,YOR260W,0,-0.86728966,0.17206774652004242,0.8230000138282776,0.3959999978542328
YOR068C,YDR328C,0,-0.86784166,0.17203177511692047,0.8230000138282776,0.3961000144481659
YDR227W,YPR007C,0,-0.86784756,0.17199581861495972,0.8230000138282776,0.3962000012397766
YIL056W,YLR258W,0,-0.8679723,0.17195987701416016,0.8230000138282776,0.39629998803138733
YCL044C,YPL221W,0,-0.8683783,0.17192396521568298,0.8230000138282776,0.39640000462532043
YMR081C,YNL055C,0,-0.8685527,0.1718880534172058,0.8230000138282776,0.39649999141693115
YDR280W,YFR030W,0,-0.8685709,0.17185215651988983,0.8230000138282776,0.39660000801086426
YNL068C,YLR466W,0,-0.86889696,0.17181628942489624,0.8230000138282776,0.396699994802475
YLR377C,YLR361C,0,-0.8703042,0.17178042232990265,0.8230000138282776,0.3968000113964081
YFL005W,YBL005W,0,-0.8706036,0.17174457013607025,0.8230000138282776,0.3968999981880188
YOL069W,YLR417W,0,-0.870983,0.17170874774456024,0.8230000138282776,0.3970000147819519
YDR075W,YDR397C,0,-0.8725929,0.17167292535305023,0.8230000138282776,0.3971000015735626
YGR129W,YGL045W,0,-0.87292683,0.17163711786270142,0.8230000138282776,0.39719998836517334
YMR274C,YDR025W,0,-0.8730994,0.171601340174675,0.8230000138282776,0.39730000495910645
YGR235C,YNL045W,0,-0.8732071,0.17156556248664856,0.8230000138282776,0.39739999175071716
YNL142W,YLR054C,0,-0.8733037,0.17152979969978333,0.8230000138282776,0.39750000834465027
YER044C-A,YFL018W-A,0,-0.8733779,0.17149406671524048,0.8230000138282776,0.397599995136261
YKL033W,YDR005C,0,-0.8758435,0.17145833373069763,0.8230000138282776,0.3977000117301941
YNL038W,YBR131W,0,-0.875911,0.17142261564731598,0.8230000138282776,0.3977999985218048
YNL167C,YFR014C,0,-0.8764247,0.1713869273662567,0.8230000138282776,0.3978999853134155
YGR040W,YGL045W,1,-0.8777154,0.1715594381093979,0.8240000009536743,0.3978999853134155
YOR335C,YCL067C,0,-0.8778451,0.17152373492717743,0.8240000009536743,0.39800000190734863
YHR210C,YDR188W,0,-0.87797606,0.17148803174495697,0.8240000009536743,0.39809998869895935
YOL020W,YER060W-A,0,-0.8780787,0.1714523583650589,0.8240000009536743,0.39820000529289246
YIL098C,YBR218C,0,-0.8787538,0.17141668498516083,0.8240000009536743,0.3982999920845032
YKL141W,YNL145W,0,-0.8789091,0.17138102650642395,0.8240000009536743,0.3984000086784363
YMR072W,YOR259C,0,-0.8793385,0.17134539783000946,0.8240000009536743,0.398499995470047
YGL105W,YDL046W,0,-0.8794782,0.17130976915359497,0.8240000009536743,0.3986000120639801
YIL007C,YER044C-A,0,-0.87979317,0.17127417027950287,0.8240000009536743,0.3986999988555908
YCR044C,YKL099C,0,-0.88005996,0.17123857140541077,0.8240000009536743,0.39879998564720154
YER033C,YPR105C,0,-0.88123477,0.17120298743247986,0.8240000009536743,0.39890000224113464
YOL144W,YPL176C,0,-0.88180566,0.17116743326187134,0.8240000009536743,0.39899998903274536
YPR071W,YOR253W,0,-0.8818995,0.17113187909126282,0.8240000009536743,0.39910000562667847
YPL058C,YLR019W,0,-0.88251185,0.1710963398218155,0.8240000009536743,0.3991999924182892
YLR347C,YIL053W,0,-0.88351494,0.17106083035469055,0.8240000009536743,0.3993000090122223
YOR247W,YKL099C,0,-0.8836076,0.1710253208875656,0.8240000009536743,0.399399995803833
YNL059C,YLR260W,0,-0.8843011,0.17098982632160187,0.8240000009536743,0.3995000123977661
YKL014C,YCR063W,0,-0.8848184,0.1709543615579605,0.8240000009536743,0.39959999918937683
YLL006W,YPL173W,0,-0.8852523,0.17091889679431915,0.8240000009536743,0.39969998598098755
YDR350C,YBL063W,0,-0.885936,0.170883446931839,0.8240000009536743,0.39980000257492065
YER167W,YGL078C,0,-0.8861386,0.1708480268716812,0.8240000009536743,0.39989998936653137
YLR017W,YCR005C,0,-0.88816035,0.17081260681152344,0.8240000009536743,0.4000000059604645
YDR261C,YPR155C,0,-0.88819253,0.17077720165252686,0.8240000009536743,0.4000999927520752
YNL199C,YBR153W,0,-0.8892003,0.17074181139469147,0.8240000009536743,0.4002000093460083
YNL025C,YKR034W,0,-0.88927454,0.17070643603801727,0.8240000009536743,0.400299996137619
YCL051W,YOR032C,0,-0.8893573,0.17067109048366547,0.8240000009536743,0.4004000127315521
YLR293C,YGR245C,0,-0.88975155,0.17063574492931366,0.8240000009536743,0.40049999952316284
YBR091C,YIL053W,0,-0.89031106,0.17060041427612305,0.8240000009536743,0.40059998631477356
YHR011W,YHR073W,1,-0.8905029,0.17077209055423737,0.824999988079071,0.40059998631477356
YPL126W,YEL032W,0,-0.89199966,0.17073675990104675,0.824999988079071,0.40070000290870667
YGR142W,YKL114C,0,-0.8920128,0.17070142924785614,0.824999988079071,0.4007999897003174
YOL061W,YPL233W,0,-0.8920461,0.17066611349582672,0.824999988079071,0.4009000062942505
YDR127W,YCR024C,0,-0.8920859,0.1706308126449585,0.824999988079071,0.4009999930858612
YIL053W,YFL049W,0,-0.8928571,0.17059552669525146,0.824999988079071,0.4011000096797943
YOR252W,YJR048W,0,-0.8947079,0.17056027054786682,0.824999988079071,0.40119999647140503
YPL138C,YJR027W,0,-0.89471084,0.17052501440048218,0.824999988079071,0.40130001306533813
YDR145W,YOR195W,0,-0.89489084,0.17048977315425873,0.824999988079071,0.40139999985694885
YHR035W,YLR019W,0,-0.8954985,0.17045454680919647,0.824999988079071,0.40149998664855957
YBR016W,YJL179W,0,-0.89550096,0.1704193353652954,0.824999988079071,0.4016000032424927
YIL014W,YKL029C,0,-0.8955947,0.17038413882255554,0.824999988079071,0.4016999900341034
YBR034C,YCL064C,0,-0.8957174,0.17034895718097687,0.824999988079071,0.4018000066280365
YAL011W,YDR464W,0,-0.8967902,0.1703137904405594,0.824999988079071,0.4018999934196472
YJR049C,YBL014C,0,-0.8969671,0.1702786386013031,0.824999988079071,0.4020000100135803
YLR426W,YDR007W,0,-0.8970729,0.170243501663208,0.824999988079071,0.40209999680519104
YKL016C,YMR207C,0,-0.8974619,0.1702083796262741,0.824999988079071,0.40220001339912415
YIL148W,YNR055C,0,-0.8975302,0.1701732724905014,0.824999988079071,0.40230000019073486
YOR117W,YML004C,0,-0.8980768,0.1701381802558899,0.824999988079071,0.4023999869823456
YKL194C,YIL087C,0,-0.89837205,0.17010308802127838,0.824999988079071,0.4025000035762787
YKL155C,YGR142W,0,-0.8985814,0.17006802558898926,0.824999988079071,0.4025999903678894
YAL068C,YPL076W,0,-0.898716,0.17003297805786133,0.824999988079071,0.4027000069618225
YIL154C,YLL018C-A,0,-0.8988998,0.1699979454278946,0.824999988079071,0.4027999937534332
YOR383C,YDR108W,0,-0.89950764,0.16996291279792786,0.824999988079071,0.40290001034736633
YBR233W-A,YNL094W,0,-0.8998262,0.1699279099702835,0.824999988079071,0.40299999713897705
YGL104C,YKL192C,0,-0.90113634,0.16989292204380035,0.824999988079071,0.40310001373291016
YDL093W,YOR330C,0,-0.9013637,0.1698579341173172,0.824999988079071,0.4032000005245209
YDL098C,YHR154W,0,-0.9015126,0.16982297599315643,0.824999988079071,0.4032999873161316
YLR284C,YDR471W,0,-0.9017219,0.16978801786899567,0.824999988079071,0.4034000039100647
YPL001W,YEL039C,0,-0.90288377,0.1697530895471573,0.824999988079071,0.4034999907016754
YIL137C,YJL179W,0,-0.90383804,0.1697181612253189,0.824999988079071,0.4036000072956085
YJL089W,YAL056W,1,-0.9043831,0.1698889285326004,0.8259999752044678,0.4036000072956085
YDL235C,YHR001W-A,0,-0.9046905,0.16985400021076202,0.8259999752044678,0.40369999408721924
YPL075W,YBR149W,0,-0.90487313,0.16981907188892365,0.8259999752044678,0.40380001068115234
YNL132W,YOR078W,0,-0.9059528,0.16978417336940765,0.8259999752044678,0.40389999747276306
YBR038W,YNL194C,0,-0.90656435,0.16974927484989166,0.8259999752044678,0.40400001406669617
YBL007C,YBL072C,0,-0.9074376,0.16971440613269806,0.8259999752044678,0.4041000008583069
YDR482C,YKL145W,0,-0.90821296,0.16967953741550446,0.8259999752044678,0.4041999876499176
YHR090C,YHR138C,0,-0.9086548,0.16964468359947205,0.8259999752044678,0.4043000042438507
YDL135C,YKL006W,0,-0.91047966,0.16960985958576202,0.8259999752044678,0.4043999910354614
YKL016C,YLR435W,0,-0.91070414,0.169575035572052,0.8259999752044678,0.40450000762939453
YBR248C,YLR259C,0,-0.91141987,0.16954022645950317,0.8259999752044678,0.40459999442100525
YAL019W,YHR190W,0,-0.91147655,0.16950543224811554,0.8259999752044678,0.40470001101493835
YDL024C,YNL294C,1,-0.91248804,0.1696758270263672,0.8270000219345093,0.40470001101493835
YBR043C,YLL031C,0,-0.91272473,0.16964103281497955,0.8270000219345093,0.4047999978065491
YDR513W,YDR350C,0,-0.9131565,0.16960623860359192,0.8270000219345093,0.4049000144004822
YHR033W,YBL100W-B,0,-0.9136337,0.16957145929336548,0.8270000219345093,0.4050000011920929
YNL103W,YEL027W,0,-0.91399753,0.16953669488430023,0.8270000219345093,0.4050999879837036
YHR197W,YDR317W,0,-0.91413915,0.16950194537639618,0.8270000219345093,0.4052000045776367
YCL035C,YGL127C,0,-0.91450715,0.16946721076965332,0.8270000219345093,0.40529999136924744
YIL087C,YDR045C,0,-0.9149026,0.16943249106407166,0.8270000219345093,0.40540000796318054
YPL224C,YKR077W,0,-0.91496843,0.16939778625965118,0.8270000219345093,0.40549999475479126
YLL026W,YOR032C,0,-0.9152641,0.1693630963563919,0.8270000219345093,0.40560001134872437
YCR035C,YLR150W,0,-0.91598064,0.16932842135429382,0.8270000219345093,0.4056999981403351
YBL087C,YBR060C,0,-0.91702545,0.16929376125335693,0.8270000219345093,0.4058000147342682
YNL288W,YKL063C,0,-0.917212,0.16925910115242004,0.8270000219345093,0.4059000015258789
YFR010W,YBL100W-B,0,-0.91722447,0.16922447085380554,0.8270000219345093,0.4059999883174896
YHR202W,YDL117W,0,-0.9173397,0.16918985545635223,0.8270000219345093,0.40610000491142273
YGR040W,YDL159W,1,-0.917938,0.16935978829860687,0.828000009059906,0.40610000491142273
YHL003C,YGR007W,0,-0.9183457,0.16932515799999237,0.828000009059906,0.40619999170303345
YIL036W,YDR395W,0,-0.919139,0.16929052770137787,0.828000009059906,0.40630000829696655
YKL155C,YBR162C,0,-0.9197418,0.16925592720508575,0.828000009059906,0.40639999508857727
YBL007C,YGR142W,0,-0.9197898,0.16922134160995483,0.828000009059906,0.4065000116825104
YLR367W,YOR254C,0,-0.9202148,0.1691867560148239,0.828000009059906,0.4065999984741211
YLR023C,YDR176W,0,-0.9207141,0.16915220022201538,0.828000009059906,0.4066999852657318
YOR267C,YOL103W-A,0,-0.9209906,0.16911764442920685,0.828000009059906,0.4068000018596649
YMR205C,YCR035C,0,-0.92125595,0.1690831184387207,0.828000009059906,0.40689998865127563
YGR235C,YGR080W,0,-0.92127067,0.16904859244823456,0.828000009059906,0.40700000524520874
YPR017C,YMR091C,0,-0.92203903,0.1690140813589096,0.828000009059906,0.40709999203681946
YDR217C,YBR121C,0,-0.92228943,0.16897958517074585,0.828000009059906,0.40720000863075256
YPL049C,YMR149W,0,-0.9226817,0.16894511878490448,0.828000009059906,0.4072999954223633
YLL026W,YEL005C,0,-0.9237029,0.1689106523990631,0.828000009059906,0.4074000120162964
YGR078C,YJR041C,0,-0.9241329,0.16887620091438293,0.828000009059906,0.4074999988079071
YHR201C,YNL278W,0,-0.92417186,0.16884176433086395,0.828000009059906,0.4075999855995178
YIL053W,YDR259C,0,-0.9243864,0.16880734264850616,0.828000009059906,0.4077000021934509
YBR095C,YHR111W,1,-0.924538,0.1689767688512802,0.8289999961853027,0.4077000021934509
YML067C,YIL062C,0,-0.9263321,0.16894233226776123,0.8289999961853027,0.40779998898506165
YOR156C,YJR046W,0,-0.92728317,0.16890791058540344,0.8289999961853027,0.40790000557899475
YDR471W,YDR080W,0,-0.92818826,0.16887350380420685,0.8289999961853027,0.40799999237060547
YER176W,YDR105C,0,-0.9282918,0.16883909702301025,0.8289999961853027,0.4081000089645386
YPL115C,YJR041C,0,-0.9296276,0.16880472004413605,0.8289999961853027,0.4081999957561493
YGL045W,YNL197C,1,-0.9307034,0.16897393763065338,0.8299999833106995,0.4081999957561493
YHR108W,YML096W,0,-0.9309586,0.16893954575061798,0.8299999833106995,0.4083000123500824
YIL087C,YHR005C,0,-0.93251,0.16890516877174377,0.8299999833106995,0.4083999991416931
YPR114W,YDL223C,0,-0.9337901,0.16887080669403076,0.8299999833106995,0.40849998593330383
YDL081C,YML102W,0,-0.9338441,0.16883645951747894,0.8299999833106995,0.40860000252723694
YAR009C,YER023W,0,-0.93386257,0.16880211234092712,0.8299999833106995,0.40869998931884766
YLR193C,YMR015C,0,-0.93463373,0.1687677949666977,0.8299999833106995,0.40880000591278076
YJL133C-A,YDR412W,0,-0.935163,0.16873347759246826,0.8299999833106995,0.4088999927043915
YER149C,YKR077W,0,-0.9355238,0.16869919002056122,0.8299999833106995,0.4090000092983246
YPL224C,YMR230W,0,-0.9355969,0.16866490244865417,0.8299999833106995,0.4090999960899353
YNL194C,YGR122W,0,-0.93652004,0.16863064467906952,0.8299999833106995,0.4092000126838684
YHL031C,YDR316W-B,0,-0.9366848,0.16859638690948486,0.8299999833106995,0.4092999994754791
YPL262W,YCL068C,0,-0.93674195,0.1685621440410614,0.8299999833106995,0.40939998626708984
YPL176C,YNR059W,0,-0.9371044,0.16852791607379913,0.8299999833106995,0.40950000286102295
YMR232W,YGL027C,0,-0.93763685,0.16849370300769806,0.8299999833106995,0.40959998965263367
YDR482C,YOR260W,0,-0.939358,0.16845950484275818,0.8299999833106995,0.4097000062465668
YDR148C,YBR112C,0,-0.93937874,0.1684253215789795,0.8299999833106995,0.4097999930381775
YER177W,YPR120C,0,-0.9401502,0.168391153216362,0.8299999833106995,0.4099000096321106
YKL006C-A,YNL130C,0,-0.9402683,0.1683569997549057,0.8299999833106995,0.4099999964237213
YOR045W,YIL156W,0,-0.94097865,0.1683228611946106,0.8299999833106995,0.4101000130176544
YKL145W,YDL076C,0,-0.94136995,0.1682887226343155,0.8299999833106995,0.41019999980926514
YDL093W,YFR030W,0,-0.9418495,0.16825461387634277,0.8299999833106995,0.41029998660087585
YGL006W,YMR055C,0,-0.94213486,0.16822050511837006,0.8299999833106995,0.41040000319480896
YOL154W,YJR027W,0,-0.9425997,0.16818642616271973,0.8299999833106995,0.4104999899864197
YBR248C,YDR397C,0,-0.9436749,0.1681523472070694,0.8299999833106995,0.4106000065803528
YLL016W,YNL076W,0,-0.9436815,0.16811828315258026,0.8299999833106995,0.4106999933719635
YKL063C,YER108C,0,-0.94406205,0.1680842489004135,0.8299999833106995,0.4108000099658966
YEL001C,YPR017C,0,-0.9441153,0.16805021464824677,0.8299999833106995,0.4108999967575073
YER108C,YNL119W,1,-0.9449273,0.16821862757205963,0.8309999704360962,0.4108999967575073
YDL160C,YER176W,0,-0.94547886,0.1681845784187317,0.8309999704360962,0.41100001335144043
YOL103W-A,YPR155C,0,-0.94711167,0.16815054416656494,0.8309999704360962,0.41110000014305115
YMR081C,YGL018C,0,-0.94758475,0.1681165248155594,0.8309999704360962,0.41119998693466187
YGR040W,YBL016W,1,-0.9476197,0.16828478872776031,0.8320000171661377,0.41119998693466187
YLR293C,YDR386W,0,-0.9477351,0.16825075447559357,0.8320000171661377,0.41130000352859497
YLR118C,YER032W,0,-0.9480783,0.168216735124588,0.8320000171661377,0.4113999903202057
YOL020W,YMR050C,0,-0.948908,0.16818273067474365,0.8320000171661377,0.4115000069141388
YDR087C,YCR063W,0,-0.9490719,0.16814874112606049,0.8320000171661377,0.4115999937057495
YDR441C,YLR360W,0,-0.94970894,0.1681147664785385,0.8320000171661377,0.4117000102996826
YGR097W,YJL069C,0,-0.95026535,0.16808080673217773,0.8320000171661377,0.41179999709129333
YDR092W,YKR077W,0,-0.9508544,0.16804686188697815,0.8320000171661377,0.41190001368522644
YKL051W,YDR395W,0,-0.9508779,0.16801291704177856,0.8320000171661377,0.41200000047683716
YOR383C,YPL225W,0,-0.9516646,0.16797900199890137,0.8320000171661377,0.4120999872684479
YDL134C-A,YHL050C,0,-0.95180666,0.16794510185718536,0.8320000171661377,0.412200003862381
YMR242C,YDR395W,0,-0.9526221,0.16791120171546936,0.8320000171661377,0.4122999906539917
YLR333C,YBR301W,0,-0.9536679,0.16787731647491455,0.8320000171661377,0.4124000072479248
YBL031W,YPL198W,0,-0.95412093,0.16784346103668213,0.8320000171661377,0.4124999940395355
YBR119W,YLR260W,0,-0.9542176,0.1678096055984497,0.8320000171661377,0.41260001063346863
YKR064W,YFR034C,0,-0.9546076,0.16777576506137848,0.8320000171661377,0.41269999742507935
YNL214W,YPL075W,0,-0.95496714,0.16774193942546844,0.8320000171661377,0.41280001401901245
YPL262W,YNR071C,0,-0.9558907,0.1677081286907196,0.8320000171661377,0.41290000081062317
YDR471W,YPL049C,0,-0.9560054,0.16767431795597076,0.8320000171661377,0.4129999876022339
YCL068C,YPR141C,0,-0.9561758,0.1676405370235443,0.8320000171661377,0.413100004196167
YPR106W,YML047C,0,-0.9562967,0.16760677099227905,0.8320000171661377,0.4131999909877777
YJR150C,YDL119C,0,-0.95652294,0.1675730049610138,0.8320000171661377,0.4133000075817108
YNR048W,YNL287W,0,-0.9579085,0.16753926873207092,0.8320000171661377,0.41339999437332153
YOR192C,YHR106W,0,-0.95825875,0.16750553250312805,0.8320000171661377,0.41350001096725464
YGL028C,YKR095W,0,-0.95850426,0.16747182607650757,0.8320000171661377,0.41359999775886536
YHR169W,YFR034C,0,-0.9586641,0.16743811964988708,0.8320000171661377,0.41370001435279846
YOR253W,YCR018C,0,-0.95972645,0.1674044281244278,0.8320000171661377,0.4138000011444092
YGL045W,YAL056W,1,-0.9610331,0.16757191717624664,0.8330000042915344,0.4138000011444092
YGR082W,YHR005C,0,-0.9622953,0.16753821074962616,0.8330000042915344,0.4138999879360199
YPR161C,YNL023C,0,-0.9636075,0.16750451922416687,0.8330000042915344,0.414000004529953
YDR075W,YLR017W,0,-0.96427107,0.16747084259986877,0.8330000042915344,0.4140999913215637
YDL220C,YJL133C-A,0,-0.9643263,0.16743718087673187,0.8330000042915344,0.4142000079154968
YDL220C,YIL173W,0,-0.96464944,0.16740353405475616,0.8330000042915344,0.41429999470710754
YIL064W,YKR100C,0,-0.9669514,0.16736990213394165,0.8330000042915344,0.41440001130104065
YOR262W,YNL066W,0,-0.9671651,0.16733628511428833,0.8330000042915344,0.41449999809265137
YOR380W,YOR241W,0,-0.9697358,0.167302668094635,0.8330000042915344,0.4146000146865845
YPR106W,YGL238W,0,-0.9700446,0.16726908087730408,0.8330000042915344,0.4147000014781952
YOR117W,YKL054C,0,-0.9706375,0.16723549365997314,0.8330000042915344,0.4147999882698059
YER142C,YHL050C,0,-0.97227824,0.1672019213438034,0.8330000042915344,0.414900004863739
YHR142W,YBL051C,0,-0.97262514,0.16716837882995605,0.8330000042915344,0.41499999165534973
YDR127W,YER178W,0,-0.9731968,0.1671348363161087,0.8330000042915344,0.41510000824928284
YGR057C,YKL192C,0,-0.973389,0.16710130870342255,0.8330000042915344,0.41519999504089355
YJL078C,YFR050C,0,-0.9737654,0.16706779599189758,0.8330000042915344,0.41530001163482666
YKR053C,YBL063W,0,-0.97387475,0.16703428328037262,0.8330000042915344,0.4153999984264374
YPL013C,YJL003W,0,-0.974811,0.16700080037117004,0.8330000042915344,0.4154999852180481
YNL173C,YPL168W,0,-0.9759781,0.16696733236312866,0.8330000042915344,0.4156000018119812
YLR220W,YOR259C,0,-0.9768115,0.16693386435508728,0.8330000042915344,0.4156999886035919
YNL038W,YDR246W,0,-0.97700435,0.1669004261493683,0.8330000042915344,0.415800005197525
YMR101C,YPR169W,0,-0.97711897,0.1668669879436493,0.8330000042915344,0.41589999198913574
YGR283C,YDR365C,0,-0.9771712,0.1668335646390915,0.8330000042915344,0.41600000858306885
YDL072C,YCL067C,0,-0.9772351,0.16680015623569489,0.8330000042915344,0.41609999537467957
YBL025W,YDR179C,0,-0.9776991,0.16676676273345947,0.8330000042915344,0.41620001196861267
YPL248C,YKR031C,0,-0.9783801,0.16673338413238525,0.8330000042915344,0.4162999987602234
YDL160C,YGR211W,0,-0.9786049,0.16670002043247223,0.8330000042915344,0.4163999855518341
YIL064W,YJL183W,0,-0.9788562,0.1666666716337204,0.8330000042915344,0.4165000021457672
YDR545W,YKL087C,0,-0.9789294,0.16663332283496857,0.8330000042915344,0.41659998893737793
YPL115C,YLR432W,0,-0.97928685,0.16660000383853912,0.8330000042915344,0.41670000553131104
YGR217W,YHR079C-B,0,-0.9794481,0.16656668484210968,0.8330000042915344,0.41679999232292175
YHR090C,YGR260W,0,-0.98039305,0.16653338074684143,0.8330000042915344,0.41690000891685486
YDR280W,YKR095W-A,0,-0.98046297,0.16650010645389557,0.8330000042915344,0.4169999957084656
YML041C,YKL150W,0,-0.98048097,0.1664668321609497,0.8330000042915344,0.4171000123023987
YLL016W,YOL029C,0,-0.9824002,0.16643357276916504,0.8330000042915344,0.4171999990940094
YKL060C,YLR409C,0,-0.9825053,0.16640031337738037,0.8330000042915344,0.4172999858856201
YLR118C,YML076C,0,-0.9833736,0.1663670837879181,0.8330000042915344,0.4174000024795532
YJL045W,YFR016C,0,-0.98463464,0.166333869099617,0.8330000042915344,0.41749998927116394
YNR019W,YFR034C,0,-0.98492306,0.16630065441131592,0.8330000042915344,0.41760000586509705
YBR043C,YDR080W,0,-0.98520756,0.16626746952533722,0.8330000042915344,0.41769999265670776
YLR083C,YGL045W,1,-0.9852273,0.16643384099006653,0.8339999914169312,0.41769999265670776
YHR113W,YIR004W,0,-0.9854648,0.16640064120292664,0.8339999914169312,0.41780000925064087
YKR053C,YDR246W,0,-0.98549485,0.16636744141578674,0.8339999914169312,0.4178999960422516
YGL045W,YOR127W,1,-0.98642755,0.1665337085723877,0.8349999785423279,0.4178999960422516
YIL011W,YDL031W,0,-0.9867398,0.1665004938840866,0.8349999785423279,0.4180000126361847
YAR033W,YGL144C,0,-0.9870453,0.1664673089981079,0.8349999785423279,0.4180999994277954
YDL081C,YNL094W,0,-0.98721075,0.1664341241121292,0.8349999785423279,0.41819998621940613
YBL035C,YBR094W,0,-0.98749363,0.1664009541273117,0.8349999785423279,0.41830000281333923
YOL061W,YER015W,0,-0.9888929,0.1663677990436554,0.8349999785423279,0.41839998960494995
YBL063W,YBR090C-A,0,-0.9890713,0.16633465886116028,0.8349999785423279,0.41850000619888306
YGR204W,YER038C,0,-0.98915505,0.16630153357982635,0.8349999785423279,0.4185999929904938
YNL240C,YGL151W,0,-0.98949647,0.16626842319965363,0.8349999785423279,0.4187000095844269
YNL156C,YNL278W,0,-0.9899435,0.1662353128194809,0.8349999785423279,0.4187999963760376
YJL181W,YPR155C,0,-0.99011797,0.16620223224163055,0.8349999785423279,0.4189000129699707
YKR052C,YGL219C,0,-0.9918347,0.1661691516637802,0.8349999785423279,0.4189999997615814
YER005W,YJL069C,0,-0.9922767,0.16613608598709106,0.8349999785423279,0.41909998655319214
YPR158W-B,YBR146W,0,-0.99256563,0.1661030501127243,0.8349999785423279,0.41920000314712524
YIL053W,YER005W,0,-0.9928344,0.16607001423835754,0.8349999785423279,0.41929998993873596
YLR200W,YMR195W,0,-0.99312174,0.16603697836399078,0.8349999785423279,0.41940000653266907
YOR045W,YHR079C-B,0,-0.9954927,0.1660039722919464,0.8349999785423279,0.4194999933242798
YDR471W,YCR105W,0,-0.996268,0.16597098112106323,0.8349999785423279,0.4196000099182129
YOL144W,YIL009W,0,-0.9962737,0.16593798995018005,0.8349999785423279,0.4196999967098236
YEL018W,YPL049C,0,-0.9976983,0.16590502858161926,0.8349999785423279,0.4198000133037567
YGL028C,YHR073W,0,-0.9982858,0.16587206721305847,0.8349999785423279,0.41990000009536743
YOR027W,YJR150C,0,-1.0002961,0.16583912074565887,0.8349999785423279,0.41999998688697815
YBR211C,YBR086C,0,-1.0004146,0.16580618917942047,0.8349999785423279,0.42010000348091125
YGL053W,YDL018C,0,-1.0004243,0.16577327251434326,0.8349999785423279,0.420199990272522
YDL087C,YPL135W,0,-1.0013982,0.16574037075042725,0.8349999785423279,0.4203000068664551
YJR120W,YGR170W,0,-1.0026536,0.16570748388767242,0.8349999785423279,0.4203999936580658
YOR129C,YLR323C,0,-1.0030155,0.1656745970249176,0.8349999785423279,0.4205000102519989
YLR426W,YOR271C,0,-1.0039257,0.16564173996448517,0.8349999785423279,0.4205999970436096
YPL133C,YIL053W,0,-1.0040708,0.16560888290405273,0.8349999785423279,0.4207000136375427
YGR097W,YBR003W,0,-1.0046138,0.1655760407447815,0.8349999785423279,0.42080000042915344
YKR099W,YIL173W,0,-1.0048496,0.16554321348667145,0.8349999785423279,0.42089998722076416
YHR214W,YFL026W,0,-1.0055315,0.1655104011297226,0.8349999785423279,0.42100000381469727
YBR153W,YJR109C,0,-1.006314,0.16547760367393494,0.8349999785423279,0.421099990606308
YDR379W,YIL008W,1,-1.0063454,0.16564296185970306,0.8360000252723694,0.421099990606308
YLL018C,YAL011W,0,-1.0063622,0.1656101495027542,0.8360000252723694,0.4212000072002411
YIL018W,YPL040C,0,-1.0064437,0.16557733714580536,0.8360000252723694,0.4212999939918518
YER108C,YNL294C,1,-1.0065076,0.16574257612228394,0.8370000123977661,0.4212999939918518
YKL016C,YGL027C,0,-1.0076141,0.16570976376533508,0.8370000123977661,0.4214000105857849
YJL059W,YGL061C,0,-1.0078461,0.16567696630954742,0.8370000123977661,0.42149999737739563
YLR277C,YHR201C,0,-1.0082315,0.16564416885375977,0.8370000123977661,0.42160001397132874
YJR027W,YMR074C,0,-1.008671,0.1656114012002945,0.8370000123977661,0.42170000076293945
YJL054W,YPL179W,0,-1.0087346,0.16557863354682922,0.8370000123977661,0.42179998755455017
YBL016W,YIL008W,1,-1.0092766,0.1657436639070511,0.8379999995231628,0.42179998755455017
YER044C-A,YOR004W,0,-1.0094348,0.16571089625358582,0.8379999995231628,0.4219000041484833
YKL197C,YGL151W,0,-1.0110655,0.16567812860012054,0.8379999995231628,0.421999990940094
YPR106W,YFR049W,0,-1.0110824,0.16564539074897766,0.8379999995231628,0.4221000075340271
YNL020C,YGL096W,0,-1.0112448,0.16561265289783478,0.8379999995231628,0.4221999943256378
YGR057C,YBR181C,0,-1.0117289,0.1655799299478531,0.8379999995231628,0.4223000109195709
YDR276C,YEL024W,0,-1.0117688,0.1655472218990326,0.8379999995231628,0.42239999771118164
YKR031C,YJL197W,0,-1.0131103,0.1655145138502121,0.8379999995231628,0.42250001430511475
YPL175W,YNL278W,0,-1.0140773,0.165481835603714,0.8379999995231628,0.42260000109672546
YLR426W,YDR308C,0,-1.0144733,0.16544915735721588,0.8379999995231628,0.4226999878883362
YLL066C,YDR292C,0,-1.0154185,0.16541650891304016,0.8379999995231628,0.4228000044822693
YHR035W,YPL036W,0,-1.0154544,0.16538386046886444,0.8379999995231628,0.42289999127388
YPL043W,YBR272C,0,-1.0163122,0.16535122692584991,0.8379999995231628,0.4230000078678131
YER149C,YLR352W,0,-1.0164806,0.16531860828399658,0.8379999995231628,0.42309999465942383
YKR093W,YDR316W-B,0,-1.0168555,0.16528598964214325,0.8379999995231628,0.42320001125335693
YKL197C,YNR071C,0,-1.0173144,0.1652534008026123,0.8379999995231628,0.42329999804496765
YDR227W,YDL211C,0,-1.0173402,0.16522082686424255,0.8379999995231628,0.42340001463890076
YKL138C,YFR038W,0,-1.0177264,0.1651882529258728,0.8379999995231628,0.4235000014305115
YGL096W,YKL032C,0,-1.0181351,0.16515569388866425,0.8379999995231628,0.4235999882221222
YNL286W,YDR515W,0,-1.018685,0.16512314975261688,0.8379999995231628,0.4237000048160553
YML023C,YKL081W,0,-1.0195941,0.1650906205177307,0.8379999995231628,0.423799991607666
YMR110C,YOR004W,0,-1.0204779,0.16505810618400574,0.8379999995231628,0.4239000082015991
YDL145C,YOR343C-A,0,-1.0216709,0.16502560675144196,0.8379999995231628,0.42399999499320984
YNL240C,YBL072C,0,-1.0218596,0.16499310731887817,0.8379999995231628,0.42410001158714294
YGL061C,YCL039W,0,-1.0219805,0.16496062278747559,0.8379999995231628,0.42419999837875366
YGL196W,YPL061W,0,-1.0221441,0.16492816805839539,0.8379999995231628,0.4242999851703644
YGR202C,YPR114W,0,-1.0225203,0.16489571332931519,0.8379999995231628,0.4244000017642975
YGL226W,YMR133W,0,-1.0226613,0.16486327350139618,0.8379999995231628,0.4244999885559082
YMR275C,YLR019W,0,-1.02391,0.16483084857463837,0.8379999995231628,0.4246000051498413
YLL024C,YOR227W,0,-1.0258517,0.16479842364788055,0.8379999995231628,0.424699991941452
YBL038W,YCL035C,0,-1.0261362,0.16476602852344513,0.8379999995231628,0.42480000853538513
YOR081C,YGR244C,0,-1.0262818,0.1647336333990097,0.8379999995231628,0.42489999532699585
YLR037C,YOR249C,0,-1.0274869,0.16470125317573547,0.8379999995231628,0.42500001192092896
YIL068C,YOR227W,0,-1.02877,0.16466888785362244,0.8379999995231628,0.4250999987125397
YMR015C,YPR007C,0,-1.0295517,0.1646365374326706,0.8379999995231628,0.4251999855041504
YKL141W,YDR468C,0,-1.0303388,0.16460420191287994,0.8379999995231628,0.4253000020980835
YIL056W,YFL011W,0,-1.0304906,0.1645718812942505,0.8379999995231628,0.4253999888896942
YLR363C,YJL069C,0,-1.0305859,0.16453956067562103,0.8379999995231628,0.4255000054836273
YDR111C,YPR097W,0,-1.0308235,0.16450726985931396,0.8379999995231628,0.42559999227523804
YML098W,YPR114W,0,-1.031266,0.1644749790430069,0.8379999995231628,0.42570000886917114
YLR037C,YBR193C,0,-1.03131,0.16444270312786102,0.8379999995231628,0.42579999566078186
YDR246W,YDR284C,0,-1.0315827,0.16441044211387634,0.8379999995231628,0.42590001225471497
YLR017W,YPL161C,0,-1.0317218,0.16437818109989166,0.8379999995231628,0.4259999990463257
YLR194C,YJL127C,0,-1.0326045,0.16434594988822937,0.8379999995231628,0.4260999858379364
YPL116W,YGR097W,0,-1.0336117,0.16431371867656708,0.8379999995231628,0.4262000024318695
YGL104C,YDR468C,0,-1.0337468,0.16428151726722717,0.8379999995231628,0.4262999892234802
YAR042W,YOL029C,0,-1.0339285,0.16424931585788727,0.8379999995231628,0.42640000581741333
YPR158W-B,YAR042W,0,-1.0346287,0.16421712934970856,0.8379999995231628,0.42649999260902405
YGL195W,YPL135W,0,-1.0350332,0.16418495774269104,0.8379999995231628,0.42660000920295715
YOR034C,YOR383C,0,-1.035202,0.16415278613567352,0.8379999995231628,0.42669999599456787
YLR293C,YLR023C,0,-1.0353627,0.1641206443309784,0.8379999995231628,0.426800012588501
YFL011W,YHR014W,0,-1.035604,0.16408850252628326,0.8379999995231628,0.4268999993801117
YPR037C,YFR040W,0,-1.036307,0.16405637562274933,0.8379999995231628,0.4269999861717224
YLR277C,YOL042W,0,-1.0373354,0.1640242636203766,0.8379999995231628,0.4271000027656555
YDR482C,YOR087W,0,-1.0377198,0.16399216651916504,0.8379999995231628,0.42719998955726624
YDR325W,YML016C,0,-1.0380011,0.16396008431911469,0.8379999995231628,0.42730000615119934
YPL225W,YPR199C,0,-1.0381541,0.16392801702022552,0.8379999995231628,0.42739999294281006
YLR006C,YPL193W,0,-1.0392175,0.16389594972133636,0.8379999995231628,0.42750000953674316
YOR177C,YJL013C,0,-1.0394818,0.1638638973236084,0.8379999995231628,0.4275999963283539
YLR052W,YBR023C,0,-1.0400484,0.16383185982704163,0.8379999995231628,0.427700012922287
YNR024W,YHR037W,0,-1.0404761,0.16379983723163605,0.8379999995231628,0.4277999997138977
YPR133C,YGL127C,0,-1.0409355,0.16376782953739166,0.8379999995231628,0.4278999865055084
YHR103W,YLR075W,0,-1.0413649,0.16373583674430847,0.8379999995231628,0.42800000309944153
YOL059W,YLR328W,0,-1.0414813,0.16370384395122528,0.8379999995231628,0.42809998989105225
YNL156C,YOL095C,0,-1.0416931,0.16367188096046448,0.8379999995231628,0.42820000648498535
YDR234W,YDR284C,0,-1.0418335,0.16363991796970367,0.8379999995231628,0.42829999327659607
YGR040W,YAL041W,1,-1.0419966,0.16380320489406586,0.8389999866485596,0.42829999327659607
YIL144W,YLR019W,0,-1.0423995,0.16377122700214386,0.8389999866485596,0.4284000098705292
YLR023C,YGL194C,0,-1.0429305,0.16373926401138306,0.8389999866485596,0.4284999966621399
YJL127C,YIL005W,0,-1.0454814,0.16370731592178345,0.8389999866485596,0.428600013256073
YKL052C,YFR053C,0,-1.0459301,0.16367538273334503,0.8389999866485596,0.4287000000476837
YIL053W,YCR063W,0,-1.0462196,0.16364344954490662,0.8389999866485596,0.42879998683929443
YKR007W,YCL016C,0,-1.0476637,0.1636115461587906,0.8389999866485596,0.42890000343322754
YEL001C,YNL130C,0,-1.0477008,0.16357964277267456,0.8389999866485596,0.42899999022483826
YFR027W,YMR131C,0,-1.0500981,0.16354775428771973,0.8389999866485596,0.42910000681877136
YJL133C-A,YPL239W,0,-1.0511698,0.1635158807039261,0.8389999866485596,0.4291999936103821
YIL053W,YJL001W,0,-1.0514848,0.16348402202129364,0.8389999866485596,0.4293000102043152
YLR083C,YER109C,1,-1.0520988,0.16364699602127075,0.8399999737739563,0.4293000102043152
YNL233W,YPL097W,0,-1.052572,0.16361510753631592,0.8399999737739563,0.4293999969959259
YJL045W,YNL214W,0,-1.0528644,0.16358324885368347,0.8399999737739563,0.429500013589859
YHL038C,YMR041C,0,-1.0536606,0.16355140507221222,0.8399999737739563,0.4296000003814697
YPL100W,YPR169W,0,-1.0543741,0.16351956129074097,0.8399999737739563,0.42969998717308044
YJR132W,YGR161C-D,0,-1.0546441,0.1634877324104309,0.8399999737739563,0.42980000376701355
YIL037C,YDR041W,0,-1.0549881,0.16345591843128204,0.8399999737739563,0.42989999055862427
YEL020W-A,YOR189W,0,-1.0574647,0.16342411935329437,0.8399999737739563,0.4300000071525574
YER177W,YDR398W,0,-1.0577471,0.1633923351764679,0.8399999737739563,0.4300999939441681
YCR091W,YML031W,0,-1.0585713,0.1633605659008026,0.8399999737739563,0.4302000105381012
YLR451W,YCR018C,0,-1.0585737,0.16332879662513733,0.8399999737739563,0.4302999973297119
YPL169C,YIL147C,0,-1.0588048,0.16329704225063324,0.8399999737739563,0.430400013923645
YDR007W,YML096W,0,-1.0591025,0.16326530277729034,0.8399999737739563,0.43050000071525574
YOL061W,YGL049C,0,-1.0592299,0.16323357820510864,0.8399999737739563,0.43059998750686646
YLR006C,YFR016C,0,-1.0593449,0.16320186853408813,0.8399999737739563,0.43070000410079956
YOR081C,YNL221C,0,-1.0594372,0.16317015886306763,0.8399999737739563,0.4307999908924103
YOR262W,YDL106C,0,-1.0612175,0.1631384789943695,0.8399999737739563,0.4309000074863434
YDR463W,YER155C,0,-1.0615636,0.1631067991256714,0.8399999737739563,0.4309999942779541
YMR101C,YFR030W,0,-1.0616488,0.16307513415813446,0.8399999737739563,0.4311000108718872
YPL043W,YIL053W,0,-1.0623058,0.16304348409175873,0.8399999737739563,0.4311999976634979
YAL028W,YHR201C,0,-1.062819,0.163011834025383,0.8399999737739563,0.43130001425743103
YPR067W,YIR031C,0,-1.0635588,0.16298021376132965,0.8399999737739563,0.43140000104904175
YBR200W-A,YOL032W,0,-1.0641164,0.1629485934972763,0.8399999737739563,0.43149998784065247
YDR300C,YKR088C,0,-1.0642207,0.16291698813438416,0.8399999737739563,0.43160000443458557
YPL239W,YKL114C,0,-1.064232,0.1628853976726532,0.8399999737739563,0.4316999912261963
YDR004W,YBR045C,0,-1.06517,0.16285382211208344,0.8399999737739563,0.4318000078201294
YPL280W,YLL067C,0,-1.0660703,0.16282224655151367,0.8399999737739563,0.4318999946117401
YER033C,YOR271C,0,-1.0665447,0.1627907007932663,0.8399999737739563,0.4320000112056732
YKL149C,YLR058C,0,-1.0669112,0.16275915503501892,0.8399999737739563,0.43209999799728394
YNL103W,YDR434W,0,-1.067574,0.16272762417793274,0.8399999737739563,0.43220001459121704
YLR131C,YER176W,0,-1.0686039,0.16269610822200775,0.8399999737739563,0.43230000138282776
YJL045W,YKL006C-A,0,-1.0687714,0.16266460716724396,0.8399999737739563,0.4323999881744385
YDR213W,YOR156C,0,-1.0697957,0.16263310611248016,0.8399999737739563,0.4325000047683716
YAL059W,YOR132W,0,-1.0705342,0.16260161995887756,0.8399999737739563,0.4325999915599823
YFR016C,YPR133C,0,-1.0707712,0.16257016360759735,0.8399999737739563,0.4327000081539154
YPL215W,YLR292C,0,-1.0708455,0.16253869235515594,0.8399999737739563,0.4327999949455261
YOL011W,YLL018C-A,0,-1.0711915,0.16250725090503693,0.8399999737739563,0.43290001153945923
YMR175W,YGR161C-D,0,-1.0719155,0.1624758243560791,0.8399999737739563,0.43299999833106995
YER044C-A,YKL079W,0,-1.0719185,0.16244439780712128,0.8399999737739563,0.43309998512268066
YER155C,YBR045C,0,-1.0722898,0.16241298615932465,0.8399999737739563,0.43320000171661377
YMR215W,YKL197C,0,-1.0730991,0.1623815894126892,0.8399999737739563,0.4332999885082245
YNL181W,YBR090C-A,0,-1.0731578,0.16235020756721497,0.8399999737739563,0.4334000051021576
YGR161W-A,YNL156C,0,-1.0737904,0.16231884062290192,0.8399999737739563,0.4334999918937683
YIL053W,YDR087C,0,-1.0743457,0.16228747367858887,0.8399999737739563,0.4336000084877014
YOR267C,YNL118C,0,-1.0744444,0.1622561365365982,0.8399999737739563,0.43369999527931213
YJL054W,YLR131C,0,-1.0745039,0.16222479939460754,0.8399999737739563,0.43380001187324524
YPR158W-B,YOL009C,0,-1.0746465,0.16219347715377808,0.8399999737739563,0.43389999866485596
YDR098C-B,YDR135C,0,-1.0750736,0.1621621549129486,0.8399999737739563,0.4339999854564667
YBL013W,YHR001W-A,0,-1.0764402,0.16213086247444153,0.8399999737739563,0.4341000020503998
YFR047C,YPL058C,0,-1.0769217,0.16209957003593445,0.8399999737739563,0.4341999888420105
YLR131C,YHL021C,0,-1.0773568,0.16206830739974976,0.8399999737739563,0.4343000054359436
YBR131W,YKR099W,0,-1.0779269,0.16203702986240387,0.8399999737739563,0.4343999922275543
YPL141C,YLR299W,0,-1.0779322,0.16200578212738037,0.8399999737739563,0.4345000088214874
YIR019C,YPL115C,1,-1.0785346,0.16216737031936646,0.8410000205039978,0.4345000088214874
YER149C,YHR214C-C,0,-1.0786235,0.16213610768318176,0.8410000205039978,0.43459999561309814
YOL069W,YIR019C,0,-1.0786344,0.16210485994815826,0.8410000205039978,0.43470001220703125
YDR309C,YNL246W,0,-1.0787851,0.16207361221313477,0.8410000205039978,0.43479999899864197
YAL068C,YLR260W,0,-1.0789051,0.16204239428043365,0.8410000205039978,0.4348999857902527
YNL020C,YJL094C,0,-1.0790929,0.16201117634773254,0.8410000205039978,0.4350000023841858
YAR042W,YDL154W,0,-1.0796442,0.16197997331619263,0.8410000205039978,0.4350999891757965
YKR096W,YCR058C,0,-1.0798323,0.1619487702846527,0.8410000205039978,0.4352000057697296
YJR042W,YGL195W,0,-1.0799975,0.16191759705543518,0.8410000205039978,0.43529999256134033
YOR207C,YKL081W,0,-1.080343,0.16188642382621765,0.8410000205039978,0.43540000915527344
YDR098C-B,YHR114W,0,-1.0804796,0.1618552803993225,0.8410000205039978,0.43549999594688416
YDL247W,YLR189C,0,-1.0805207,0.16182412207126617,0.8410000205039978,0.43560001254081726
YKR053C,YPL146C,0,-1.0827336,0.16179299354553223,0.8410000205039978,0.435699999332428
YER108C,YIR019C,1,-1.0832938,0.16195422410964966,0.8420000076293945,0.435699999332428
YBR279W,YOL011W,0,-1.0834972,0.16192308068275452,0.8420000076293945,0.4357999861240387
YNL142W,YBR121C,0,-1.0837636,0.16189193725585938,0.8420000076293945,0.4359000027179718
YGR181W,YPR017C,0,-1.083863,0.16186082363128662,0.8420000076293945,0.4359999895095825
YDR261C,YNL176C,0,-1.0841413,0.16182971000671387,0.8420000076293945,0.4361000061035156
YDR148C,YPL018W,0,-1.0846215,0.1617986112833023,0.8420000076293945,0.43619999289512634
YLR417W,YHR214W,0,-1.0848006,0.16176752746105194,0.8420000076293945,0.43630000948905945
YOR117W,YIL062C,0,-1.085391,0.16173645853996277,0.8420000076293945,0.43639999628067017
YDR287W,YKL063C,0,-1.0854925,0.1617053896188736,0.8420000076293945,0.43650001287460327
YNL263C,YPR133C,0,-1.0863428,0.1616743505001068,0.8420000076293945,0.436599999666214
YNL056W,YNL020C,0,-1.0864153,0.16164331138134003,0.8420000076293945,0.4366999864578247
YPL137C,YOL078W,0,-1.087322,0.16161228716373444,0.8420000076293945,0.4368000030517578
YLL031C,YKL006C-A,0,-1.0877264,0.16158126294612885,0.8420000076293945,0.43689998984336853
YKL194C,YHR150W,0,-1.0893036,0.16155026853084564,0.8420000076293945,0.43700000643730164
YLR194C,YKL155C,0,-1.089909,0.16151927411556244,0.8420000076293945,0.43709999322891235
YPL248C,YOL051W,0,-1.0902061,0.16148829460144043,0.8420000076293945,0.43720000982284546
YDR023W,YER139C,0,-1.0906814,0.16145732998847961,0.8420000076293945,0.4372999966144562
YDL160C,YDR308C,0,-1.0907141,0.16142638027668,0.8420000076293945,0.4374000132083893
YJL174W,YDR350C,0,-1.0912768,0.16139543056488037,0.8420000076293945,0.4375
YJR150C,YIL011W,0,-1.0914919,0.16136451065540314,0.8420000076293945,0.4375999867916107
YIL107C,YDL046W,0,-1.091601,0.1613335907459259,0.8420000076293945,0.4377000033855438
YDR422C,YJR052W,0,-1.0922313,0.16130268573760986,0.8420000076293945,0.43779999017715454
YIL144W,YER060W-A,0,-1.0934446,0.16127178072929382,0.8420000076293945,0.43790000677108765
YDL100C,YAL028W,0,-1.0935433,0.16124090552330017,0.8420000076293945,0.43799999356269836
YER108C,YPL203W,1,-1.0937561,0.16140149533748627,0.8429999947547913,0.43799999356269836
YER041W,YDR513W,0,-1.0942322,0.16137059032917023,0.8429999947547913,0.43810001015663147
YMR055C,YIL005W,0,-1.0944434,0.16133971512317657,0.8429999947547913,0.4381999969482422
YDR080W,YGL240W,0,-1.0952623,0.16130883991718292,0.8429999947547913,0.4383000135421753
YHL025W,YCL035C,0,-1.0959749,0.16127797961235046,0.8429999947547913,0.438400000333786
YGL070C,YDR045C,0,-1.0962658,0.1612471342086792,0.8429999947547913,0.43849998712539673
YHR096C,YHR202W,0,-1.097003,0.16121628880500793,0.8429999947547913,0.43860000371932983
YJL212C,YKL196C,0,-1.0972248,0.16118547320365906,0.8429999947547913,0.43869999051094055
YLR360W,YEL032W,0,-1.0982772,0.16115465760231018,0.8429999947547913,0.43880000710487366
YGR161C,YGR030C,0,-1.0983938,0.1611238569021225,0.8429999947547913,0.4388999938964844
YNL180C,YKL005C,0,-1.0984831,0.16109305620193481,0.8429999947547913,0.4390000104904175
YDR110W,YHL025W,0,-1.0985076,0.16106228530406952,0.8429999947547913,0.4390999972820282
YOR316C,YNL251C,0,-1.0997331,0.16103151440620422,0.8429999947547913,0.4392000138759613
YGL104C,YJR109C,0,-1.0998914,0.16100075840950012,0.8429999947547913,0.439300000667572
YDR528W,YHR024C,0,-1.1003809,0.16097001731395721,0.8429999947547913,0.43939998745918274
YGR161W-A,YDR105C,0,-1.1005112,0.1609392911195755,0.8429999947547913,0.43950000405311584
YBR211C,YBR016W,0,-1.1006677,0.1609085649251938,0.8429999947547913,0.43959999084472656
YEL006W,YPL248C,0,-1.1012108,0.16087786853313446,0.8429999947547913,0.43970000743865967
YGL195W,YKL077W,0,-1.1014118,0.16084717214107513,0.8429999947547913,0.4397999942302704
YOL059W,YLR115W,0,-1.1014739,0.1608164757490158,0.8429999947547913,0.4399000108242035
YOR250C,YOR330C,0,-1.1020278,0.16078580915927887,0.8429999947547913,0.4399999976158142
YHR142W,YIL009W,0,-1.1020669,0.16075514256954193,0.8429999947547913,0.4401000142097473
YOL135C,YLR200W,0,-1.1036637,0.16072450578212738,0.8429999947547913,0.44020000100135803
YIL052C,YKL039W,0,-1.1057453,0.16069386899471283,0.8429999947547913,0.44029998779296875
YGL005C,YHR020W,0,-1.1058042,0.16066323220729828,0.8429999947547913,0.44040000438690186
YJR035W,YHR090C,0,-1.1063712,0.16063262522220612,0.8429999947547913,0.4404999911785126
YHR142W,YHL011C,0,-1.1068665,0.16060201823711395,0.8429999947547913,0.4406000077724457
YER028C,YHR190W,0,-1.1082025,0.16057142615318298,0.8429999947547913,0.4406999945640564
YLR223C,YPL075W,0,-1.1083846,0.1605408489704132,0.8429999947547913,0.4408000111579895
YIL007C,YNR019W,0,-1.1091498,0.16051028668880463,0.8429999947547913,0.4408999979496002
YMR076C,YHR201C,0,-1.109851,0.16047972440719604,0.8429999947547913,0.4410000145435333
YHR088W,YAL011W,0,-1.1103158,0.16044917702674866,0.8429999947547913,0.44110000133514404
YOR049C,YKL040C,0,-1.1106386,0.16041864454746246,0.8429999947547913,0.44119998812675476
YFL056C,YOR001W,0,-1.1110874,0.16038812696933746,0.8429999947547913,0.44130000472068787
YLR361C,YKL058W,0,-1.1117549,0.16035762429237366,0.8429999947547913,0.4413999915122986
YOL116W,YGL111W,0,-1.1132956,0.16032712161540985,0.8429999947547913,0.4415000081062317
YFL049W,YKL192C,0,-1.1134584,0.16029663383960724,0.8429999947547913,0.4415999948978424
YLR075W,YLR054C,0,-1.1139494,0.16026616096496582,0.8429999947547913,0.4417000114917755
YFL035C-B,YDR328C,0,-1.1144172,0.1602357029914856,0.8429999947547913,0.44179999828338623
YIL036W,YOR101W,0,-1.1145474,0.16020524501800537,0.8429999947547913,0.44190001487731934
YOL069W,YOR132W,0,-1.1148524,0.16017480194568634,0.8429999947547913,0.44200000166893005
YGL189C,YOL061W,0,-1.1166167,0.1601443737745285,0.8429999947547913,0.44209998846054077
YBR233W-A,YDR300C,0,-1.1172093,0.16011396050453186,0.8429999947547913,0.4422000050544739
YDR075W,YDL209C,0,-1.1172419,0.1600835621356964,0.8429999947547913,0.4422999918460846
YFR010W,YML076C,0,-1.1179178,0.16005316376686096,0.8429999947547913,0.4424000084400177
YIL154C,YDR246W,0,-1.1187367,0.1600227802991867,0.8429999947547913,0.4424999952316284
YDR427W,YBR162C,0,-1.1188821,0.15999241173267365,0.8429999947547913,0.4426000118255615
YOR156C,YJR041C,0,-1.1190816,0.15996204316616058,0.8429999947547913,0.44269999861717224
YNL288W,YHR037W,0,-1.119126,0.1599317044019699,0.8429999947547913,0.44279998540878296
YGR099W,YCR105W,0,-1.1193309,0.15990136563777924,0.8429999947547913,0.44290000200271606
YKL006W,YLR466W,0,-1.1198635,0.15987104177474976,0.8429999947547913,0.4429999887943268
YDR145W,YPL013C,0,-1.120028,0.15984073281288147,0.8429999947547913,0.4431000053882599
YPL203W,YDR107C,1,-1.120193,0.1599999964237213,0.843999981880188,0.4431000053882599
YDR160W,YGL105W,0,-1.1203303,0.15996967256069183,0.843999981880188,0.4431999921798706
YOL051W,YBR149W,0,-1.121458,0.15993936359882355,0.843999981880188,0.4433000087738037
YLR432W,YLR292C,0,-1.1218619,0.15990905463695526,0.843999981880188,0.44339999556541443
YPL207W,YDL117W,0,-1.1219258,0.15987876057624817,0.843999981880188,0.44350001215934753
YEL020W-A,YPR148C,0,-1.1225264,0.15984848141670227,0.843999981880188,0.44359999895095825
YOR253W,YDR303C,0,-1.1226501,0.15981821715831757,0.843999981880188,0.44369998574256897
YPL010W,YCL067C,0,-1.1231637,0.15978795289993286,0.843999981880188,0.4438000023365021
YBL087C,YOL069W,0,-1.123878,0.15975771844387054,0.843999981880188,0.4438999891281128
YDR273W,YBR131W,0,-1.1242338,0.15972748398780823,0.843999981880188,0.4440000057220459
YDL154W,YNL288W,0,-1.124824,0.1596972495317459,0.843999981880188,0.4440999925136566
YMR050C,YNL240C,0,-1.1249906,0.15966704487800598,0.843999981880188,0.4442000091075897
YLL066C,YPR128C,0,-1.1256104,0.15963684022426605,0.843999981880188,0.44429999589920044
YOR254C,YOR113W,0,-1.1262245,0.15960665047168732,0.843999981880188,0.44440001249313354
YIL156W,YIL011W,0,-1.1272355,0.15957647562026978,0.843999981880188,0.44449999928474426
YJR046W,YNL063W,0,-1.1273086,0.15954631567001343,0.843999981880188,0.444599986076355
YML092C,YGL144C,0,-1.1275887,0.15951615571975708,0.843999981880188,0.4447000026702881
YCL044C,YNL111C,0,-1.1277722,0.15948601067066193,0.843999981880188,0.4447999894618988
YGR103W,YOL116W,0,-1.1279043,0.15945588052272797,0.843999981880188,0.4449000060558319
YMR322C,YKL039W,0,-1.1291463,0.1594257652759552,0.843999981880188,0.4449999928474426
YCR058C,YBR131W,0,-1.1298119,0.15939565002918243,0.843999981880188,0.44510000944137573
YNR019W,YLR189C,0,-1.1308768,0.15936556458473206,0.843999981880188,0.44519999623298645
YKR100C,YBL063W,0,-1.1308872,0.15933547914028168,0.843999981880188,0.44530001282691956
YDR407C,YPL183C,0,-1.1313734,0.1593053936958313,0.843999981880188,0.4453999996185303
YER072W,YMR242C,0,-1.1322533,0.1592753380537033,0.843999981880188,0.445499986410141
YOL121C,YPL061W,0,-1.1324804,0.15924528241157532,0.843999981880188,0.4456000030040741
YOR371C,YOL116W,1,-1.1326969,0.15940389037132263,0.8450000286102295,0.4456000030040741
YLR189C,YJL208C,0,-1.1343913,0.15937381982803345,0.8450000286102295,0.4456999897956848
YNL051W,YEL027W,0,-1.1344582,0.15934376418590546,0.8450000286102295,0.4458000063896179
YPL115C,YOR127W,1,-1.1345165,0.15950226783752441,0.8460000157356262,0.4458000063896179
YKL006C-A,YMR050C,0,-1.1346352,0.15947219729423523,0.8460000157356262,0.44589999318122864
YLR004C,YGL129C,0,-1.1353933,0.15944214165210724,0.8460000157356262,0.44600000977516174
YNL214W,YDL139C,0,-1.136042,0.15941210091114044,0.8460000157356262,0.44609999656677246
YCR105W,YKL058W,0,-1.1362113,0.15938206017017365,0.8460000157356262,0.44620001316070557
YKL196C,YMR125W,0,-1.1367925,0.15935204923152924,0.8460000157356262,0.4462999999523163
YKL191W,YGR109W-A,0,-1.1371553,0.15932203829288483,0.8460000157356262,0.446399986743927
YPL116W,YNL156C,0,-1.1378384,0.1592920422554016,0.8460000157356262,0.4465000033378601
YKL052C,YPL173W,0,-1.1381859,0.1592620462179184,0.8460000157356262,0.4465999901294708
YJR102C,YHR020W,0,-1.1382558,0.15923206508159637,0.8460000157356262,0.44670000672340393
YHR073W,YPL115C,1,-1.1384037,0.15939028561115265,0.847000002861023,0.44670000672340393
YDR145W,YAR009C,0,-1.1404879,0.15936030447483063,0.847000002861023,0.44679999351501465
YPR034W,YPL189W,0,-1.1408483,0.1593303233385086,0.847000002861023,0.44690001010894775
YIL120W,YNL156C,0,-1.1409558,0.15930035710334778,0.847000002861023,0.44699999690055847
YPL075W,YFR053C,0,-1.1414819,0.15927040576934814,0.847000002861023,0.4471000134944916
YOR019W,YPL049C,0,-1.1415873,0.1592404544353485,0.847000002861023,0.4472000002861023
YKL138C-A,YOR001W,0,-1.1417651,0.15921053290367126,0.847000002861023,0.447299987077713
YLR442C,YPR169W,0,-1.1417991,0.15918061137199402,0.847000002861023,0.4474000036716461
YJL183W,YFR014C,0,-1.1430167,0.15915068984031677,0.847000002861023,0.44749999046325684
YLR442C,YBR279W,0,-1.1431568,0.15912079811096191,0.847000002861023,0.44760000705718994
YOR119C,YDR439W,0,-1.1436119,0.15909090638160706,0.847000002861023,0.44769999384880066
YLR466W,YHR133C,0,-1.143935,0.1590610295534134,0.847000002861023,0.44780001044273376
YPR131C,YKL196C,0,-1.1444715,0.15903116762638092,0.847000002861023,0.4478999972343445
YOL154W,YLR059C,0,-1.1447494,0.15900132060050964,0.847000002861023,0.4480000138282776
YKL016C,YPR105C,0,-1.1450151,0.15897147357463837,0.847000002861023,0.4481000006198883
YDR148C,YBR211C,0,-1.1453992,0.15894164144992828,0.847000002861023,0.448199987411499
YNL094W,YMR035W,0,-1.1454337,0.1589118242263794,0.847000002861023,0.44830000400543213
YKL058W,YOR026W,0,-1.1457565,0.1588820070028305,0.847000002861023,0.44839999079704285
YLR223C,YOR254C,0,-1.1458676,0.158852219581604,0.847000002861023,0.44850000739097595
YNL243W,YBR023C,0,-1.1474649,0.1588224321603775,0.847000002861023,0.44859999418258667
YNL199C,YEL001C,0,-1.1482645,0.158792644739151,0.847000002861023,0.4487000107765198
YLR200W,YOL086W-A,0,-1.148488,0.1587628871202469,0.847000002861023,0.4487999975681305
YLL016W,YDL149W,0,-1.1501493,0.15873312950134277,0.847000002861023,0.4489000141620636
YDR434W,YPR086W,0,-1.1503987,0.15870338678359985,0.847000002861023,0.4490000009536743
YPL115C,YDR009W,0,-1.1508728,0.15867365896701813,0.847000002861023,0.44909998774528503
YGL115W,YDR190C,0,-1.152571,0.1586439460515976,0.847000002861023,0.44920000433921814
YNL221C,YOL121C,0,-1.1531103,0.15861423313617706,0.847000002861023,0.44929999113082886
YCL001W,YBL014C,0,-1.153642,0.15858453512191772,0.847000002861023,0.44940000772476196
YHR118C,YER167W,0,-1.1538063,0.15855485200881958,0.847000002861023,0.4494999945163727
YLR039C,YBR086C,0,-1.1553988,0.15852516889572144,0.847000002861023,0.4496000111103058
YOR334W,YDR365W-A,0,-1.1556947,0.15849551558494568,0.847000002861023,0.4496999979019165
YDR316W-B,YCR044C,0,-1.156383,0.15846586227416992,0.847000002861023,0.4498000144958496
YGL067W,YLR083C,0,-1.1566029,0.15843620896339417,0.847000002861023,0.4499000012874603
YLR361C,YGR005C,0,-1.1568334,0.1584065854549408,0.847000002861023,0.44999998807907104
YLL016W,YDR025W,0,-1.1569523,0.15837696194648743,0.847000002861023,0.45010000467300415
YJR153W,YHR020W,0,-1.157067,0.15834735333919525,0.847000002861023,0.45019999146461487
YBR078W,YFR034C,0,-1.1574172,0.15831775963306427,0.847000002861023,0.450300008058548
YGR122W,YNL065W,0,-1.1579729,0.1582881659269333,0.847000002861023,0.4503999948501587
YJL078C,YHR037W,0,-1.1583877,0.1582586020231247,0.847000002861023,0.4505000114440918
YGR235C,YDR517W,0,-1.158402,0.1582290232181549,0.847000002861023,0.4505999982357025
YIL056W,YML081W,0,-1.1596498,0.1581994742155075,0.847000002861023,0.4507000148296356
YCR065W,YER032W,0,-1.1600858,0.1581699401140213,0.847000002861023,0.45080000162124634
YMR041C,YMR072W,0,-1.1604924,0.1581404060125351,0.847000002861023,0.45089998841285706
YDR482C,YDR422C,0,-1.1611834,0.15811088681221008,0.847000002861023,0.45100000500679016
YGL073W,YKL002W,0,-1.161432,0.15808136761188507,0.847000002861023,0.4510999917984009
YNL156C,YJR096W,0,-1.1622267,0.15805187821388245,0.847000002861023,0.451200008392334
YNL251C,YJL001W,0,-1.1623487,0.15802238881587982,0.847000002861023,0.4512999951839447
YHR111W,YAL056W,1,-1.1625228,0.15817944705486298,0.8479999899864197,0.4512999951839447
YDR110W,YGL127C,0,-1.1640892,0.15814994275569916,0.8479999899864197,0.4514000117778778
YPR154W,YGR161C-D,0,-1.1645032,0.15812045335769653,0.8479999899864197,0.4514999985694885
YHR205W,YPL075W,0,-1.1646214,0.1580909788608551,0.8479999899864197,0.45159998536109924
YJL054W,YDR039C,0,-1.1649022,0.15806150436401367,0.8479999899864197,0.45170000195503235
YHR111W,YDR107C,1,-1.1651886,0.1582184135913849,0.8489999771118164,0.45170000195503235
YMR261C,YER123W,0,-1.165548,0.15818893909454346,0.8489999771118164,0.45179998874664307
YDR398W,YMR156C,0,-1.1666183,0.15815946459770203,0.8489999771118164,0.45190000534057617
YGR097W,YER053C-A,0,-1.1676743,0.1581300050020218,0.8489999771118164,0.4519999921321869
YFL005W,YER167W,0,-1.1687486,0.15810056030750275,0.8489999771118164,0.45210000872612
YIL068C,YER015W,0,-1.169134,0.1580711156129837,0.8489999771118164,0.4521999955177307
YDR308C,YKL150W,0,-1.1698833,0.15804170072078705,0.8489999771118164,0.4523000121116638
YGR099W,YMR242C,0,-1.1703278,0.1580122858285904,0.8489999771118164,0.45239999890327454
YMR048W,YBL031W,0,-1.1710054,0.15798288583755493,0.8489999771118164,0.45249998569488525
YDR256C,YGL058W,0,-1.171155,0.15795348584651947,0.8489999771118164,0.45260000228881836
YFL035C-B,YGR165W,0,-1.17201,0.1579241007566452,0.8489999771118164,0.4526999890804291
YHR142W,YLR435W,0,-1.1721158,0.15789473056793213,0.8489999771118164,0.4528000056743622
YDR468C,YLR115W,0,-1.1726403,0.15786537528038025,0.8489999771118164,0.4528999924659729
YDR280W,YDL209C,0,-1.1727841,0.15783603489398956,0.8489999771118164,0.453000009059906
YGL061C,YHR150W,0,-1.173495,0.15780669450759888,0.8489999771118164,0.4530999958515167
YBR119W,YDL154W,0,-1.1735668,0.15777736902236938,0.8489999771118164,0.45320001244544983
YGL061C,YBR208C,0,-1.1754751,0.1577480435371399,0.8489999771118164,0.45329999923706055
YFR049W,YJL069C,0,-1.175623,0.1577187478542328,0.8489999771118164,0.45339998602867126
YBR279W,YNL156C,0,-1.1758448,0.15768945217132568,0.8489999771118164,0.45350000262260437
YCR086W,YCL016C,0,-1.176475,0.15766017138957977,0.8489999771118164,0.4535999894142151
YJR046W,YPL248C,0,-1.1767231,0.15763089060783386,0.8489999771118164,0.4537000060081482
YDR256C,YOR059C,0,-1.1767411,0.15760163962841034,0.8489999771118164,0.4537999927997589
YJL179W,YAL026C,0,-1.1780384,0.15757238864898682,0.8489999771118164,0.453900009393692
YER178W,YBL072C,0,-1.1783168,0.1575431376695633,0.8489999771118164,0.45399999618530273
YHR158C,YLR360W,0,-1.1785382,0.15751391649246216,0.8489999771118164,0.45410001277923584
YNL051W,YDR422C,0,-1.1787527,0.15748469531536102,0.8489999771118164,0.45419999957084656
YDL220C,YGL226W,0,-1.1792622,0.15745548903942108,0.8489999771118164,0.4542999863624573
YHR202W,YJL026W,0,-1.1795955,0.15742629766464233,0.8489999771118164,0.4544000029563904
YBR038W,YCL068C,0,-1.1797787,0.1573971062898636,0.8489999771118164,0.4544999897480011
YPL210C,YLR363C,0,-1.1803181,0.15736792981624603,0.8489999771118164,0.4546000063419342
YMR230W,YDR217C,0,-1.1804616,0.15733876824378967,0.8489999771118164,0.4546999931335449
YHR111W,YDR477W,1,-1.1807497,0.1574949026107788,0.8500000238418579,0.4546999931335449
YNL038W,YDR005C,0,-1.1813661,0.15746572613716125,0.8500000238418579,0.454800009727478
YHR148W,YHR024C,0,-1.1813889,0.1574365645647049,0.8500000238418579,0.45489999651908875
YKR099W,YPL049C,0,-1.1821699,0.15740740299224854,0.8500000238418579,0.45500001311302185
YOR380W,YDR276C,0,-1.1824213,0.15737825632095337,0.8500000238418579,0.45509999990463257
YMR055C,YBR090C-A,0,-1.1829085,0.1573491245508194,0.8500000238418579,0.4551999866962433
YLR083C,YDR217C,0,-1.1838303,0.15732000768184662,0.8500000238418579,0.4553000032901764
YOR258W,YHL026C,0,-1.184654,0.15729089081287384,0.8500000238418579,0.4553999900817871
YDR528W,YHR214C-C,0,-1.1849535,0.15726178884506226,0.8500000238418579,0.4555000066757202
YOR273C,YPR199C,0,-1.1851398,0.15723270177841187,0.8500000238418579,0.45559999346733093
YIL008W,YER109C,1,-1.1865854,0.1573885679244995,0.8510000109672546,0.45559999346733093
YCL016C,YLR068W,0,-1.1866099,0.15735946595668793,0.8510000109672546,0.45570001006126404
YLR227W-A,YGL098W,0,-1.1872813,0.15733037889003754,0.8510000109672546,0.45579999685287476
YGL142C,YKL052C,0,-1.1876856,0.15730129182338715,0.8510000109672546,0.45590001344680786
YML011C,YJR120W,0,-1.187841,0.15727221965789795,0.8510000109672546,0.4560000002384186
YDL134C-A,YKL155C,0,-1.1888113,0.15724316239356995,0.8510000109672546,0.4560999870300293
YJL183W,YGL111W,0,-1.1891916,0.15721412003040314,0.8510000109672546,0.4562000036239624
YJL180C,YLR413W,0,-1.1892444,0.15718507766723633,0.8510000109672546,0.4562999904155731
YDR325W,YJL001W,0,-1.1893052,0.1571560502052307,0.8510000109672546,0.4564000070095062
YPL145C,YBL005W,0,-1.189655,0.1571270376443863,0.8510000109672546,0.45649999380111694
YDR176W,YDR110W,0,-1.1912012,0.15709802508354187,0.8510000109672546,0.45660001039505005
YPR095C,YMR110C,0,-1.1914415,0.15706902742385864,0.8510000109672546,0.45669999718666077
YDR280W,YDR188W,0,-1.1916506,0.1570400446653366,0.8510000109672546,0.45680001378059387
YPL137C,YKL110C,0,-1.1923175,0.15701107680797577,0.8510000109672546,0.4569000005722046
YIL147C,YPL146C,0,-1.192709,0.15698210895061493,0.8510000109672546,0.4569999873638153
YHL003C,YDL243C,0,-1.1931119,0.15695315599441528,0.8510000109672546,0.4571000039577484
YOL132W,YPL176C,0,-1.1934444,0.15692421793937683,0.8510000109672546,0.45719999074935913
YDR025W,YJL083W,0,-1.1948185,0.15689527988433838,0.8510000109672546,0.45730000734329224
YBL014C,YML082W,0,-1.1956688,0.15686635673046112,0.8510000109672546,0.45739999413490295
YGL096W,YER102W,0,-1.1960343,0.15683744847774506,0.8510000109672546,0.45750001072883606
YIL053W,YHL026C,0,-1.1960514,0.15680855512619019,0.8510000109672546,0.4575999975204468
YMR175W,YMR081C,0,-1.1970209,0.15677966177463531,0.8510000109672546,0.4577000141143799
YJL127C,YKL051W,0,-1.1976709,0.15675078332424164,0.8510000109672546,0.4578000009059906
YBL100W-B,YDR384C,0,-1.199178,0.15672191977500916,0.8510000109672546,0.4578999876976013
YFR047C,YBR149W,0,-1.2000067,0.15669305622577667,0.8510000109672546,0.4580000042915344
YAL059W,YDR025W,0,-1.2000692,0.15666420757770538,0.8510000109672546,0.45809999108314514
YGR099W,YHL050C,0,-1.200452,0.1566353738307953,0.8510000109672546,0.45820000767707825
YBR112C,YKL081W,0,-1.2008867,0.1566065549850464,0.8510000109672546,0.45829999446868896
YBR200W-A,YHL025W,0,-1.2034764,0.15657773613929749,0.8510000109672546,0.45840001106262207
YFL005W,YOR101W,0,-1.2044544,0.15654893219470978,0.8510000109672546,0.4584999978542328
YLR194C,YDR439W,0,-1.2044544,0.15652014315128326,0.8510000109672546,0.4586000144481659
YOR193W,YGR266W,0,-1.2046722,0.15649135410785675,0.8510000109672546,0.4587000012397766
YLL031C,YOR195W,0,-1.2057754,0.15646257996559143,0.8510000109672546,0.45879998803138733
YDR350C,YDL139C,0,-1.2060726,0.1564338207244873,0.8510000109672546,0.45890000462532043
YHR073W,YPL203W,1,-1.2063241,0.1565888673067093,0.8519999980926514,0.45890000462532043
YPR003C,YPL176C,0,-1.206578,0.15656009316444397,0.8519999980926514,0.45899999141693115
YPL224C,YFR034C,0,-1.2070332,0.15653131902217865,0.8519999980926514,0.45910000801086426
YOR191W,YHR193C,0,-1.2079647,0.15650257468223572,0.8519999980926514,0.459199994802475
YML013W,YDR469W,0,-1.2087042,0.15647383034229279,0.8519999980926514,0.4593000113964081
YGL167C,YGL096W,0,-1.2089903,0.15644510090351105,0.8519999980926514,0.4593999981880188
YKL196C,YPL178W,0,-1.2092451,0.1564163714647293,0.8519999980926514,0.4595000147819519
YPR154W,YMR207C,0,-1.2094355,0.15638767182826996,0.8519999980926514,0.4596000015735626
YBR101C,YOL023W,0,-1.209712,0.1563589721918106,0.8519999980926514,0.45969998836517334
YDR372C,YKR052C,0,-1.2097366,0.15633027255535126,0.8519999980926514,0.45980000495910645
YDR243C,YLR292C,0,-1.21,0.1563016027212143,0.8519999980926514,0.45989999175071716
YHR148W,YNL287W,0,-1.2100359,0.15627293288707733,0.8519999980926514,0.46000000834465027
YHR096C,YJL001W,0,-1.210246,0.15624426305294037,0.8519999980926514,0.460099995136261
YNL243W,YDL105W,0,-1.2117869,0.1562156230211258,0.8519999980926514,0.4602000117301941
YPR133C,YDR005C,0,-1.2136081,0.15618698298931122,0.8519999980926514,0.4602999985218048
YPL209C,YOR002W,0,-1.2141058,0.15615835785865784,0.8519999980926514,0.4603999853134155
YER044C-A,YGL061C,0,-1.2145828,0.15612974762916565,0.8519999980926514,0.46050000190734863
YDR019C,YBL005W,0,-1.2155304,0.15610113739967346,0.8519999980926514,0.46059998869895935
YJR052W,YOL086W-A,0,-1.2160641,0.15607254207134247,0.8519999980926514,0.46070000529289246
YMR192W,YGR244C,0,-1.2161943,0.15604396164417267,0.8519999980926514,0.4607999920845032
YIL036W,YGL111W,0,-1.2164317,0.15601538121700287,0.8519999980926514,0.4609000086784363
YJR132W,YPL215W,0,-1.216928,0.15598681569099426,0.8519999980926514,0.460999995470047
YDR377W,YOR266W,0,-1.2177975,0.15595826506614685,0.8519999980926514,0.4611000120639801
YGR040W,YPL115C,1,-1.2182192,0.15611273050308228,0.8529999852180481,0.4611000120639801
YHL028W,YDR468C,0,-1.2187504,0.15608416497707367,0.8529999852180481,0.4611999988555908
YGR266W,YGL115W,0,-1.218859,0.15605561435222626,0.8529999852180481,0.46129998564720154
YAL068C,YCL012W,0,-1.2192194,0.15602707862854004,0.8529999852180481,0.46140000224113464
YBR200W-A,YDR412W,0,-1.2195678,0.15599854290485382,0.8529999852180481,0.46149998903274536
YML016C,YNR053C,0,-1.2205448,0.1559700071811676,0.8529999852180481,0.46160000562667847
YDL243C,YNL216W,0,-1.2212528,0.15594150125980377,0.8529999852180481,0.4616999924182892
YPL203W,YDR516C,0,-1.2215741,0.15591299533843994,0.8529999852180481,0.4618000090122223
YOR009W,YMR125W,0,-1.2220486,0.1558845043182373,0.8529999852180481,0.461899995803833
YOR316C,YER123W,0,-1.22234,0.15585601329803467,0.8529999852180481,0.4620000123977661
YGL126W,YOR132W,0,-1.2233623,0.15582755208015442,0.8529999852180481,0.46209999918937683
YIL068C,YER123W,0,-1.2234024,0.15579909086227417,0.8529999852180481,0.46219998598098755
YOR372C,YLR190W,0,-1.2237151,0.15577062964439392,0.8529999852180481,0.46230000257492065
YML031W,YGL016W,0,-1.2238461,0.15574219822883606,0.8529999852180481,0.46239998936653137
YPL169C,YML092C,0,-1.2240043,0.1557137668132782,0.8529999852180481,0.4625000059604645
YJL167W,YJL094C,0,-1.2244515,0.15568535029888153,0.8529999852180481,0.4625999927520752
YNL024C,YNL216W,0,-1.2258247,0.15565693378448486,0.8529999852180481,0.4627000093460083
YIL037C,YOL051W,0,-1.226596,0.1556285321712494,0.8529999852180481,0.462799996137619
YGR040W,YHR111W,1,-1.2278354,0.1557825654745102,0.8539999723434448,0.462799996137619
YNL156C,YGL192W,0,-1.2280979,0.15575414896011353,0.8539999723434448,0.4629000127315521
YHR142W,YDR190C,0,-1.2284778,0.15572574734687805,0.8539999723434448,0.46299999952316284
YDL189W,YHR079C-B,0,-1.2293112,0.15569736063480377,0.8539999723434448,0.46309998631477356
YLR223C,YPR057W,0,-1.2295134,0.1556689739227295,0.8539999723434448,0.46320000290870667
YBR146W,YDR395W,0,-1.229895,0.1556406021118164,0.8539999723434448,0.4632999897003174
YJR042W,YDL018C,0,-1.230181,0.15561224520206451,0.8539999723434448,0.4634000062942505
YPR097W,YMR074C,0,-1.230526,0.15558388829231262,0.8539999723434448,0.4634999930858612
YGR109W-A,YDL123W,0,-1.2309899,0.15555556118488312,0.8539999723434448,0.4636000096797943
YOR177C,YKL138C,0,-1.2323542,0.15552721917629242,0.8539999723434448,0.46369999647140503
YGL073W,YKL026C,0,-1.2325561,0.1554989069700241,0.8539999723434448,0.46380001306533813
YML086C,YNL038W,0,-1.2327454,0.1554705947637558,0.8539999723434448,0.46389999985694885
YGL087C,YPL056C,0,-1.2330258,0.15544229745864868,0.8539999723434448,0.46399998664855957
YDR160W,YPL135W,0,-1.2340127,0.15541401505470276,0.8539999723434448,0.4641000032424927
YOR320C,YFR050C,0,-1.2348034,0.15538573265075684,0.8539999723434448,0.4641999900341034
YIL148W,YDR261C,0,-1.2350488,0.1553574651479721,0.8539999723434448,0.4643000066280365
YLR333C,YBR168W,0,-1.2350546,0.15532921254634857,0.8539999723434448,0.4643999934196472
YOR158W,YBR188C,0,-1.2358258,0.15530095994472504,0.8539999723434448,0.4645000100135803
YFL026W,YGL053W,0,-1.2359939,0.1552727222442627,0.8539999723434448,0.46459999680519104
YMR081C,YLR413W,0,-1.23629,0.15524449944496155,0.8539999723434448,0.46470001339912415
YDR189W,YPR180W,0,-1.2381638,0.1552162915468216,0.8539999723434448,0.46480000019073486
YPL140C,YFR014C,0,-1.2386929,0.15518808364868164,0.8539999723434448,0.4648999869823456
YMR230W,YEL024W,0,-1.240334,0.15515989065170288,0.8539999723434448,0.4650000035762787
YHR108W,YPL234C,0,-1.2412155,0.15513169765472412,0.8539999723434448,0.4650999903678894
YBR101C,YDR407C,0,-1.2414032,0.15510351955890656,0.8539999723434448,0.4652000069618225
YPL120W,YDR276C,0,-1.2414353,0.15507535636425018,0.8539999723434448,0.4652999937534332
YHR148W,YKR034W,0,-1.2414361,0.155047208070755,0.8539999723434448,0.46540001034736633
YOR383C,YNL118C,0,-1.2415211,0.15501905977725983,0.8539999723434448,0.46549999713897705
YJR073C,YOR341W,0,-1.2418244,0.15499092638492584,0.8539999723434448,0.46560001373291016
YGR170W,YLL014W,0,-1.2419014,0.15496280789375305,0.8539999723434448,0.4657000005245209
YOR117W,YBR101C,0,-1.2422638,0.15493468940258026,0.8539999723434448,0.4657999873161316
YLR093C,YOR019W,0,-1.2431633,0.15490658581256866,0.8539999723434448,0.4659000039100647
YAL019W,YPL234C,0,-1.2434704,0.15487849712371826,0.8539999723434448,0.4659999907016754
YGL208W,YIL008W,1,-1.243604,0.1550317257642746,0.8550000190734863,0.4659999907016754
YHR033W,YFL049W,0,-1.2443862,0.155003622174263,0.8550000190734863,0.4661000072956085
YBR089C-A,YGL105W,0,-1.2450564,0.1549755334854126,0.8550000190734863,0.46619999408721924
YNL036W,YNL216W,0,-1.2463043,0.1549474447965622,0.8550000190734863,0.46630001068115234
YPL100W,YHR001W-A,0,-1.2466593,0.15491937100887299,0.8550000190734863,0.46639999747276306
YGL045W,YNL119W,1,-1.2468976,0.15507246553897858,0.8560000061988831,0.46639999747276306
YLR194C,YPL075W,0,-1.2474506,0.15504437685012817,0.8560000061988831,0.46650001406669617
YJL167W,YLR017W,0,-1.2475598,0.15501630306243896,0.8560000061988831,0.4666000008583069
YDR127W,YPL001W,0,-1.247767,0.15498822927474976,0.8560000061988831,0.4666999876499176
YOR236W,YHR033W,0,-1.248462,0.15496017038822174,0.8560000061988831,0.4668000042438507
YIL033C,YHR106W,0,-1.2486315,0.15493212640285492,0.8560000061988831,0.4668999910354614
YOR359W,YMR153W,0,-1.2497367,0.1549040824174881,0.8560000061988831,0.46700000762939453
YIL036W,YAL059W,0,-1.2507031,0.15487606823444366,0.8560000061988831,0.46709999442100525
YJL026W,YHR133C,0,-1.2509917,0.15484803915023804,0.8560000061988831,0.46720001101493835
YER031C,YIL062C,0,-1.2511115,0.1548200398683548,0.8560000061988831,0.4672999978065491
YMR261C,YMR009W,0,-1.2514808,0.15479204058647156,0.8560000061988831,0.4674000144004822
YGR224W,YKL039W,0,-1.2518274,0.1547640562057495,0.8560000061988831,0.4675000011920929
YHR146W,YBR016W,0,-1.2527213,0.15473608672618866,0.8560000061988831,0.4675999879837036
YBR091C,YOR258W,0,-1.2527679,0.1547081172466278,0.8560000061988831,0.4677000045776367
YBR043C,YPL225W,0,-1.2534301,0.15468016266822815,0.8560000061988831,0.46779999136924744
YKL197C,YJL179W,0,-1.253454,0.1546522080898285,0.8560000061988831,0.46790000796318054
YKL134C,YDR080W,0,-1.2542855,0.15462428331375122,0.8560000061988831,0.46799999475479126
YLR006C,YOR026W,0,-1.255182,0.15459635853767395,0.8560000061988831,0.46810001134872437
YOR117W,YER040W,0,-1.2553637,0.15456843376159668,0.8560000061988831,0.4681999981403351
YDL160C,YOR001W,0,-1.2555465,0.1545405238866806,0.8560000061988831,0.4683000147342682
YJR153W,YBR107C,0,-1.2564121,0.15451262891292572,0.8560000061988831,0.4684000015258789
YFR050C,YDR359C,0,-1.2566348,0.15448474884033203,0.8560000061988831,0.4684999883174896
YGR244C,YBL091C,0,-1.2566814,0.15445686876773834,0.8560000061988831,0.46860000491142273
YGR007W,YBR045C,0,-1.2570779,0.15442900359630585,0.8560000061988831,0.46869999170303345
YKL006C-A,YPR071W,0,-1.2574003,0.15440115332603455,0.8560000061988831,0.46880000829696655
YPL116W,YLR442C,0,-1.2582886,0.15437330305576324,0.8560000061988831,0.46889999508857727
YAL048C,YLR118C,0,-1.2595317,0.15434546768665314,0.8560000061988831,0.4690000116825104
YOR177C,YER033C,0,-1.2595931,0.15431764721870422,0.8560000061988831,0.4690999984741211
YCL016C,YPR174C,0,-1.2596545,0.1542898267507553,0.8560000061988831,0.4691999852657318
YOR189W,YDR412W,0,-1.260783,0.15426203608512878,0.8560000061988831,0.4693000018596649
YOL011W,YML076C,0,-1.2608454,0.15423423051834106,0.8560000061988831,0.46939998865127563
YGR129W,YPR133C,0,-1.2611628,0.15420645475387573,0.8560000061988831,0.46950000524520874
YJR153W,YAL068C,0,-1.2617494,0.1541786789894104,0.8560000061988831,0.46959999203681946
YHR122W,YFL011W,0,-1.2617676,0.15415090322494507,0.8560000061988831,0.46970000863075256
YLR248W,YDL076C,0,-1.2636584,0.15412315726280212,0.8560000061988831,0.4697999954223633
YLR059C,YOR253W,0,-1.2638004,0.15409541130065918,0.8560000061988831,0.4699000120162964
YOL103W-A,YNL156C,0,-1.2649616,0.15406768023967743,0.8560000061988831,0.4699999988079071
YPL183C,YOR341W,0,-1.2660893,0.15403994917869568,0.8560000061988831,0.4700999855995178
YGL171W,YDL076C,0,-1.266262,0.15401223301887512,0.8560000061988831,0.4702000021934509
YML023C,YER033C,0,-1.2667347,0.15398453176021576,0.8560000061988831,0.47029998898506165
YDL105W,YFR034C,0,-1.2681592,0.1539568305015564,0.8560000061988831,0.47040000557899475
YGR078C,YPR120C,0,-1.2686629,0.15392914414405823,0.8560000061988831,0.47049999237060547
YPL075W,YBL091C,0,-1.2688835,0.15390147268772125,0.8560000061988831,0.4706000089645386
YJL012C,YPL183C,0,-1.2690427,0.15387381613254547,0.8560000061988831,0.4706999957561493
YOL011W,YLL014W,0,-1.2718674,0.1538461595773697,0.8560000061988831,0.4708000123500824
YIL009W,YER178W,0,-1.2722689,0.1538185030221939,0.8560000061988831,0.4708999991416931
YOR241W,YEL006W,0,-1.2723234,0.15379087626934052,0.8560000061988831,0.47099998593330383
YCL017C,YER081W,0,-1.2734845,0.15376324951648712,0.8560000061988831,0.47110000252723694
YDR434W,YKL087C,0,-1.2744899,0.15373563766479492,0.8560000061988831,0.47119998931884766
YJL089W,YPR017C,0,-1.2753241,0.15370802581310272,0.8560000061988831,0.47130000591278076
YDL230W,YDR201W,0,-1.2754829,0.15368042886257172,0.8560000061988831,0.4713999927043915
YDR246W,YBR100W,0,-1.2765734,0.1536528468132019,0.8560000061988831,0.4715000092983246
YOR320C,YGR120C,0,-1.2770313,0.1536252647638321,0.8560000061988831,0.4715999960899353
YOR371C,YGL045W,1,-1.2777648,0.1537771373987198,0.8569999933242798,0.4715999960899353
YDL119C,YPL178W,0,-1.2789102,0.15374955534934998,0.8569999933242798,0.4717000126838684
YML081W,YPR148C,0,-1.2790837,0.15372197329998016,0.8569999933242798,0.4717999994754791
YMR048W,YLR001C,0,-1.2797927,0.15369440615177155,0.8569999933242798,0.47189998626708984
YJL054W,YBR130C,0,-1.2802322,0.15366683900356293,0.8569999933242798,0.47200000286102295
YDR092W,YPL176C,0,-1.2806965,0.1536393016576767,0.8569999933242798,0.47209998965263367
YDR482C,YGL127C,0,-1.2810237,0.15361176431179047,0.8569999933242798,0.4722000062465668
YDR434W,YNL173C,0,-1.2815626,0.15358422696590424,0.8569999933242798,0.4722999930381775
YKR075C,YLR093C,0,-1.2827309,0.1535567045211792,0.8569999933242798,0.4724000096321106
YCR018C,YNL130C,0,-1.2827804,0.15352919697761536,0.8569999933242798,0.4724999964237213
YGR212W,YNL036W,0,-1.2831494,0.1535017043352127,0.8569999933242798,0.4726000130176544
YML004C,YDR210W-C,0,-1.2835453,0.15347421169281006,0.8569999933242798,0.47269999980926514
YHL028W,YLL014W,0,-1.2837063,0.1534467339515686,0.8569999933242798,0.47279998660087585
YNR032C-A,YOR357C,0,-1.2843726,0.15341925621032715,0.8569999933242798,0.47290000319480896
YOR262W,YOR103C,0,-1.285366,0.15339180827140808,0.8569999933242798,0.4729999899864197
YOR227W,YNL278W,0,-1.2858317,0.15336434543132782,0.8569999933242798,0.4731000065803528
YCR065W,YKL080W,0,-1.2866175,0.15333691239356995,0.8569999933242798,0.4731999933719635
YBR254C,YLR001C,0,-1.2868488,0.15330947935581207,0.8569999933242798,0.4733000099658966
YFR040W,YKL192C,0,-1.2868862,0.1532820612192154,0.8569999933242798,0.4733999967575073
YML016C,YDL018C,0,-1.2869339,0.1532546430826187,0.8569999933242798,0.47350001335144043
YNL183C,YPR188C,0,-1.2881141,0.15322725474834442,0.8569999933242798,0.47360000014305115
YDL243C,YBL072C,0,-1.2887903,0.15319985151290894,0.8569999933242798,0.47369998693466187
YBR078W,YKL081W,0,-1.2888381,0.15317247807979584,0.8569999933242798,0.47380000352859497
YBR114W,YLR466W,0,-1.2888635,0.15314510464668274,0.8569999933242798,0.4738999903202057
YNR024W,YCR063W,0,-1.2891585,0.15311774611473083,0.8569999933242798,0.4740000069141388
YAR009C,YLR323C,0,-1.2896779,0.15309038758277893,0.8569999933242798,0.4740999937057495
YDR127W,YHL011C,0,-1.2898226,0.15306304395198822,0.8569999933242798,0.4742000102996826
YOR011W,YLR054C,0,-1.2902093,0.1530357152223587,0.8569999933242798,0.47429999709129333
YER062C,YDL102W,0,-1.2902749,0.1530083864927292,0.8569999933242798,0.47440001368522644
YIR019C,YBR095C,1,-1.2907075,0.15315958857536316,0.8579999804496765,0.47440001368522644
YPR154W,YIL056W,0,-1.2911105,0.15313224494457245,0.8579999804496765,0.47450000047683716
YDL093W,YOR172W,0,-1.2915075,0.15310493111610413,0.8579999804496765,0.4745999872684479
YIL056W,YLR044C,0,-1.2915713,0.1530776023864746,0.8579999804496765,0.474700003862381
YER072W,YDR412W,0,-1.2925172,0.15305030345916748,0.8579999804496765,0.4747999906539917
YGR217W,YDR217C,0,-1.2930595,0.15302300453186035,0.8579999804496765,0.4749000072479248
YNL145W,YOR079C,0,-1.2934104,0.15299572050571442,0.8579999804496765,0.4749999940395355
YOR191W,YPL075W,0,-1.2945395,0.15296843647956848,0.8579999804496765,0.47510001063346863
YOR034C,YHR157W,0,-1.2945464,0.15294118225574493,0.8579999804496765,0.47519999742507935
YPL100W,YDR308C,0,-1.2946837,0.1529139131307602,0.8579999804496765,0.47530001401901245
YLR004C,YOL009C,0,-1.2970743,0.15288667380809784,0.8579999804496765,0.47540000081062317
YFL035C-B,YIL005W,0,-1.2978771,0.15285943448543549,0.8579999804496765,0.4754999876022339
YFR014C,YHL011C,0,-1.2982624,0.15283221006393433,0.8579999804496765,0.475600004196167
YBR005W,YNL181W,0,-1.2985178,0.15280498564243317,0.8579999804496765,0.4756999909877777
YJL098W,YER005W,0,-1.2985847,0.1527777761220932,0.8579999804496765,0.4758000075817108
YDR407C,YLR075W,0,-1.2998607,0.15275058150291443,0.8579999804496765,0.47589999437332153
YBR279W,YOL023W,0,-1.3001505,0.15272338688373566,0.8579999804496765,0.47600001096725464
YER108C,YDR107C,1,-1.3003497,0.1528741717338562,0.859000027179718,0.47600001096725464
YBL087C,YOL095C,0,-1.3004452,0.15284697711467743,0.859000027179718,0.47609999775886536
YLR377C,YDR471W,0,-1.3013833,0.15281978249549866,0.859000027179718,0.47620001435279846
YJL180C,YNL156C,0,-1.3034335,0.15279260277748108,0.859000027179718,0.4763000011444092
YPR017C,YLL021W,0,-1.3035225,0.1527654230594635,0.859000027179718,0.4763999879360199
YNL051W,YBR121C,0,-1.3042226,0.15273825824260712,0.859000027179718,0.476500004529953
YPL013C,YLR092W,0,-1.3052919,0.15271110832691193,0.859000027179718,0.4765999913215637
YER093C,YKR083C,0,-1.3056757,0.15268397331237793,0.859000027179718,0.4767000079154968
YLR167W,YBR089C-A,0,-1.307302,0.15265683829784393,0.859000027179718,0.47679999470710754
YBR069C,YNL130C,0,-1.3092355,0.15262970328330994,0.859000027179718,0.47690001130104065
YMR261C,YPR133C,0,-1.3094629,0.15260259807109833,0.859000027179718,0.47699999809265137
YGR283C,YOR113W,0,-1.3094971,0.15257549285888672,0.859000027179718,0.4771000146865845
YOL009C,YGR245C,0,-1.3096788,0.1525483876466751,0.859000027179718,0.4772000014781952
YDR105C,YOR001W,0,-1.310676,0.1525213122367859,0.859000027179718,0.4772999882698059
YIL167W,YDL134C,0,-1.3116012,0.15249423682689667,0.859000027179718,0.477400004863739
YGR235C,YDR212W,0,-1.3116553,0.15246716141700745,0.859000027179718,0.47749999165534973
YMR230W,YBR034C,0,-1.3118775,0.15244010090827942,0.859000027179718,0.47760000824928284
YCR035C,YDL223C,0,-1.3127074,0.15241305530071259,0.859000027179718,0.47769999504089355
YHR009C,YIL147C,0,-1.3139572,0.15238602459430695,0.859000027179718,0.47780001163482666
YCL044C,YKL132C,0,-1.3144629,0.1523589938879013,0.859000027179718,0.4778999984264374
YPL203W,YMR262W,0,-1.3158109,0.15233197808265686,0.859000027179718,0.4779999852180481
YMR041C,YHL025W,0,-1.315836,0.15230496227741241,0.859000027179718,0.4781000018119812
YPL100W,YLR360W,0,-1.3161193,0.15227796137332916,0.859000027179718,0.4781999886035919
YDR189W,YAR009C,0,-1.3162614,0.1522509753704071,0.859000027179718,0.478300005197525
YOL098C,YKR085C,0,-1.3169811,0.15222398936748505,0.859000027179718,0.47839999198913574
YIL019W,YGL098W,0,-1.3185785,0.15219701826572418,0.859000027179718,0.47850000858306885
YPL001W,YGL231C,0,-1.3188294,0.1521700620651245,0.859000027179718,0.47859999537467957
YJL098W,YIL096C,0,-1.3193063,0.15214310586452484,0.859000027179718,0.47870001196861267
YBR069C,YPR133C,0,-1.320353,0.15211616456508636,0.859000027179718,0.4787999987602234
YGR097W,YGL151W,0,-1.3205578,0.15208923816680908,0.859000027179718,0.4788999855518341
YLR390W-A,YBR272C,0,-1.32112,0.1520623117685318,0.859000027179718,0.4790000021457672
YOR177C,YGL005C,0,-1.3222723,0.1520354002714157,0.859000027179718,0.47909998893737793
YOR316C,YER044C-A,0,-1.3226753,0.15200848877429962,0.859000027179718,0.47920000553131104
YML059C,YGL064C,0,-1.3236716,0.15198159217834473,0.859000027179718,0.47929999232292175
YCR016W,YDL113C,0,-1.3239682,0.15195471048355103,0.859000027179718,0.47940000891685486
YER044C-A,YPR120C,0,-1.3239841,0.15192784368991852,0.859000027179718,0.4794999957084656
YPL076W,YKR095W,0,-1.3242539,0.151900976896286,0.859000027179718,0.4796000123023987
YOR065W,YDR406W,0,-1.3244226,0.1518741101026535,0.859000027179718,0.4796999990940094
YCR018C,YOR132W,0,-1.3245002,0.15184727311134338,0.859000027179718,0.4797999858856201
YGR266W,YER060W,0,-1.3252753,0.15182043612003326,0.859000027179718,0.4799000024795532
YJL089W,YDR477W,1,-1.3264673,0.15197031199932098,0.8600000143051147,0.4799000024795532
YPL146C,YNL176C,0,-1.3266388,0.15194346010684967,0.8600000143051147,0.47999998927116394
YPL141C,YHL050C,0,-1.326657,0.15191662311553955,0.8600000143051147,0.48010000586509705
YKR078W,YNL156C,0,-1.3266906,0.15188978612422943,0.8600000143051147,0.48019999265670776
YOR068C,YPR199C,0,-1.327165,0.1518629640340805,0.8600000143051147,0.48030000925064087
YHR165C,YHR020W,0,-1.3275406,0.15183615684509277,0.8600000143051147,0.4803999960422516
YDL135C,YKR027W,0,-1.3280756,0.15180934965610504,0.8600000143051147,0.4805000126361847
YPL171C,YBR069C,0,-1.3288128,0.1517825573682785,0.8600000143051147,0.4805999994277954
YPL225W,YDR087C,0,-1.3291059,0.15175577998161316,0.8600000143051147,0.48069998621940613
YPL169C,YGR244C,0,-1.3293612,0.15172900259494781,0.8600000143051147,0.48080000281333923
YNL190W,YNL054W,0,-1.3296791,0.15170224010944366,0.8600000143051147,0.48089998960494995
YDL098C,YDR284C,0,-1.3299315,0.15167547762393951,0.8600000143051147,0.48100000619888306
YNL094W,YOR113W,0,-1.3300251,0.15164874494075775,0.8600000143051147,0.4810999929904938
YDL105W,YNL164C,0,-1.3323283,0.1516219973564148,0.8600000143051147,0.4812000095844269
YDR372C,YOR129C,0,-1.3329577,0.15159527957439423,0.8600000143051147,0.4812999963760376
YIL007C,YOR253W,0,-1.333062,0.15156856179237366,0.8600000143051147,0.4814000129699707
YMR205C,YCR038C,0,-1.333324,0.1515418440103531,0.8600000143051147,0.4814999997615814
YCL044C,YHR114W,0,-1.333474,0.1515151560306549,0.8600000143051147,0.48159998655319214
YHR120W,YMR002W,0,-1.3335209,0.15148846805095673,0.8600000143051147,0.48170000314712524
YNL284C-B,YHR122W,0,-1.3338153,0.15146178007125854,0.8600000143051147,0.48179998993873596
YJR117W,YDR188W,0,-1.334306,0.15143510699272156,0.8600000143051147,0.48190000653266907
YBR090C-A,YPL076W,0,-1.334402,0.15140844881534576,0.8600000143051147,0.4819999933242798
YNL190W,YGR224W,0,-1.3357332,0.15138180553913116,0.8600000143051147,0.4821000099182129
YPL146C,YDR009W,0,-1.3358543,0.15135516226291656,0.8600000143051147,0.4821999967098236
YOR189W,YDR407C,0,-1.3371083,0.15132851898670197,0.8600000143051147,0.4823000133037567
YOL032W,YDR019C,0,-1.337508,0.15130190551280975,0.8600000143051147,0.48240000009536743
YGR082W,YGL139W,0,-1.3377589,0.15127529203891754,0.8600000143051147,0.48249998688697815
YPL004C,YDL102W,0,-1.3382919,0.15124867856502533,0.8600000143051147,0.48260000348091125
YOL121C,YNL029C,0,-1.3383434,0.1512220799922943,0.8600000143051147,0.482699990272522
YLR288C,YFR049W,0,-1.3392794,0.1511954963207245,0.8600000143051147,0.4828000068664551
YLR288C,YPL253C,0,-1.3406037,0.15116892755031586,0.8600000143051147,0.4828999936580658
YKL191W,YPL175W,0,-1.3409911,0.15114235877990723,0.8600000143051147,0.4830000102519989
YKL194C,YPL262W,0,-1.3413665,0.1511157900094986,0.8600000143051147,0.4830999970436096
YLR411W,YKL032C,0,-1.3421422,0.15108925104141235,0.8600000143051147,0.4832000136375427
YDR439W,YBR100W,0,-1.3422922,0.1510627120733261,0.8600000143051147,0.48330000042915344
YAR009C,YPL168W,0,-1.3424593,0.15103617310523987,0.8600000143051147,0.48339998722076416
YER007C-A,YHR006W,0,-1.3431823,0.151009663939476,0.8600000143051147,0.48350000381469727
YLL016W,YDR041W,0,-1.343242,0.15098313987255096,0.8600000143051147,0.483599990606308
YDL072C,YPR037C,0,-1.3435528,0.1509566456079483,0.8600000143051147,0.4837000072002411
YPL175W,YLL053C,0,-1.3437853,0.15093015134334564,0.8600000143051147,0.4837999939918518
YAL048C,YOL078W,0,-1.3438168,0.15090367197990417,0.8600000143051147,0.4839000105857849
YOR192C,YLR409C,0,-1.3438728,0.1508771926164627,0.8600000143051147,0.48399999737739563
YNL051W,YNL023C,0,-1.3447824,0.15085072815418243,0.8600000143051147,0.48410001397132874
YPL203W,YER060W,0,-1.3457644,0.15082427859306335,0.8600000143051147,0.48420000076293945
YIL147C,YDL119C,0,-1.3473154,0.15079782903194427,0.8600000143051147,0.48429998755455017
YEL039C,YOR358W,0,-1.3473232,0.1507713943719864,0.8600000143051147,0.4844000041484833
YDL134C-A,YML047C,0,-1.3476005,0.1507449597120285,0.8600000143051147,0.484499990940094
YNL199C,YNL081C,0,-1.34818,0.1507185399532318,0.8600000143051147,0.4846000075340271
YDR392W,YIL008W,1,-1.3487257,0.15086735785007477,0.8610000014305115,0.4846000075340271
YPL173W,YBL005W,0,-1.3497887,0.15084092319011688,0.8610000014305115,0.4846999943256378
YIL013C,YDR257C,0,-1.3499734,0.1508145034313202,0.8610000014305115,0.4848000109195709
YGL098W,YPR134W,0,-1.351298,0.1507880836725235,0.8610000014305115,0.48489999771118164
YOR018W,YLR193C,0,-1.352143,0.1507616937160492,0.8610000014305115,0.48500001430511475
YBL013W,YPR120C,0,-1.3527352,0.1507352888584137,0.8610000014305115,0.48510000109672546
YGR212W,YNL156C,0,-1.3531036,0.15070891380310059,0.8610000014305115,0.4851999878883362
YBR109C,YMR001C,0,-1.3536296,0.15068253874778748,0.8610000014305115,0.4853000044822693
YPR158W-B,YHR142W,0,-1.3539867,0.15065616369247437,0.8610000014305115,0.48539999127388
YGR040W,YOR080W,1,-1.3553313,0.15080475807189941,0.8619999885559082,0.48539999127388
YMR048W,YIL068C,0,-1.3556368,0.1507783830165863,0.8619999885559082,0.4855000078678131
YPL171C,YGL189C,0,-1.355833,0.1507520079612732,0.8619999885559082,0.48559999465942383
YJL098W,YOR258W,0,-1.3564312,0.15072564780712128,0.8619999885559082,0.48570001125335693
YOR091W,YPR110C,0,-1.3566353,0.15069930255413055,0.8619999885559082,0.48579999804496765
YJL045W,YDR280W,0,-1.357184,0.15067295730113983,0.8619999885559082,0.48590001463890076
YOR371C,YER109C,1,-1.357242,0.15082138776779175,0.8629999756813049,0.48590001463890076
YDR268W,YPL225W,0,-1.3577371,0.15079504251480103,0.8629999756813049,0.4860000014305115
YML076C,YHL026C,0,-1.3586799,0.1507686972618103,0.8629999756813049,0.4860999882221222
YNL029C,YOR335C,0,-1.3594475,0.15074235200881958,0.8629999756813049,0.4862000048160553
YLR259C,YLR060W,0,-1.3633335,0.15071603655815125,0.8629999756813049,0.486299991607666
YHR165C,YDL154W,0,-1.3635108,0.1506897211074829,0.8629999756813049,0.4864000082015991
YEL039C,YLR451W,0,-1.36423,0.15066340565681458,0.8629999756813049,0.48649999499320984
YER108C,YDL159W,1,-1.3642364,0.15081165730953217,0.8640000224113464,0.48649999499320984
YDR243C,YHR214C-C,0,-1.3648875,0.15078534185886383,0.8640000224113464,0.48660001158714294
YDL024C,YIL008W,1,-1.3656585,0.15093351900577545,0.8650000095367432,0.48660001158714294
YCL016C,YJL035C,0,-1.3661731,0.15090718865394592,0.8650000095367432,0.48669999837875366
YDR422C,YGR122W,0,-1.366467,0.1508808583021164,0.8650000095367432,0.4867999851703644
YDR111C,YDR399W,0,-1.3667687,0.15085455775260925,0.8650000095367432,0.4869000017642975
YPL075W,YGR083C,0,-1.3668263,0.15082824230194092,0.8650000095367432,0.4869999885559082
YER033C,YMR125W,0,-1.3670794,0.15080195665359497,0.8650000095367432,0.4871000051498413
YFR014C,YER053C-A,0,-1.3701471,0.15077567100524902,0.8650000095367432,0.487199991941452
YJR046W,YPR046W,0,-1.370214,0.15074938535690308,0.8650000095367432,0.48730000853538513
YMR050C,YHR090C,0,-1.371943,0.15072312951087952,0.8650000095367432,0.48739999532699585
YMR225C,YOR109W,0,-1.3723239,0.15069685876369476,0.8650000095367432,0.48750001192092896
YJR049C,YOR078W,0,-1.3731887,0.1506706178188324,0.8650000095367432,0.4875999987125397
YAR033W,YBR208C,0,-1.3746628,0.15064437687397003,0.8650000095367432,0.4876999855041504
YGL006W,YGL049C,0,-1.3747947,0.15061815083026886,0.8650000095367432,0.4878000020980835
YGR055W,YLR360W,0,-1.3751833,0.1505919247865677,0.8650000095367432,0.4878999888896942
YGL189C,YPL183C,0,-1.3754328,0.1505657136440277,0.8650000095367432,0.4880000054836273
YDL003W,YPL133C,0,-1.3758683,0.15053950250148773,0.8650000095367432,0.48809999227523804
YDR480W,YIL008W,1,-1.3768559,0.1506873220205307,0.8659999966621399,0.48809999227523804
YGR170W,YLR115W,0,-1.3777031,0.15066109597682953,0.8659999966621399,0.48820000886917114
YIL147C,YKR088C,0,-1.3778263,0.15063489973545074,0.8659999966621399,0.48829999566078186
YER063W,YHR201C,0,-1.3781953,0.15060868859291077,0.8659999966621399,0.48840001225471497
YHR073W,YMR035W,0,-1.379247,0.15058250725269318,0.8659999966621399,0.4884999990463257
YGL194C,YHR020W,0,-1.3794656,0.15055632591247559,0.8659999966621399,0.4885999858379364
YGR040W,YDL024C,1,-1.3802803,0.15070398151874542,0.8669999837875366,0.4885999858379364
YLR288C,YGL105W,0,-1.3804185,0.15067778527736664,0.8669999837875366,0.4887000024318695
YIL064W,YLR249W,0,-1.3824991,0.15065160393714905,0.8669999837875366,0.4887999892234802
YLR181C,YFR049W,0,-1.3833799,0.15062543749809265,0.8669999837875366,0.48890000581741333
YMR048W,YMR313C,0,-1.3834715,0.15059927105903625,0.8669999837875366,0.48899999260902405
YGL167C,YDR268W,0,-1.3839543,0.15057311952114105,0.8669999837875366,0.48910000920295715
YJL127C,YNR071C,0,-1.385543,0.15054696798324585,0.8669999837875366,0.48919999599456787
YJR046W,YML031W,0,-1.3862939,0.15052083134651184,0.8669999837875366,0.489300012588501
YOR193W,YJL045W,0,-1.387486,0.15049470961093903,0.8669999837875366,0.4893999993801117
YOR009W,YOR335C,0,-1.3875196,0.1504685878753662,0.8669999837875366,0.4894999861717224
YHR011W,YPL203W,1,-1.387638,0.15061600506305695,0.8679999709129333,0.4894999861717224
YGR046W,YDL243C,0,-1.3880187,0.15058986842632294,0.8679999709129333,0.4896000027656555
YKL045W,YPR188C,0,-1.3886871,0.15056374669075012,0.8679999709129333,0.48969998955726624
YFL025C,YLR175W,0,-1.388955,0.1505376398563385,0.8679999709129333,0.48980000615119934
YLR460C,YCL067C,0,-1.389068,0.15051153302192688,0.8679999709129333,0.48989999294281006
YER149C,YNL180C,0,-1.3898032,0.15048544108867645,0.8679999709129333,0.49000000953674316
YDR407C,YEL027W,0,-1.390118,0.15045934915542603,0.8679999709129333,0.4900999963283539
YOL011W,YPL075W,0,-1.3914841,0.1504332721233368,0.8679999709129333,0.490200012922287
YJL098W,YMR230W,0,-1.3917999,0.15040720999240875,0.8679999709129333,0.4902999997138977
YJR035W,YNL068C,0,-1.3919766,0.1503811478614807,0.8679999709129333,0.4903999865055084
YHL003C,YOR335C,0,-1.3920544,0.15035510063171387,0.8679999709129333,0.49050000309944153
YER177W,YIL009W,0,-1.392949,0.15032906830310822,0.8679999709129333,0.49059998989105225
YMR059W,YMR183C,0,-1.3934457,0.15030303597450256,0.8679999709129333,0.49070000648498535
YOR316C,YJL035C,0,-1.3937833,0.1502770036458969,0.8679999709129333,0.49079999327659607
YIL007C,YLR292C,0,-1.3938196,0.15025100111961365,0.8679999709129333,0.4909000098705292
YCL017C,YOR078W,0,-1.3942192,0.15022499859333038,0.8679999709129333,0.4909999966621399
YFL005W,YEL006W,0,-1.3945062,0.15019899606704712,0.8679999709129333,0.491100013256073
YDR398W,YGL240W,0,-1.3956,0.15017300844192505,0.8679999709129333,0.4912000000476837
YGR046W,YKR052C,0,-1.3959196,0.15014703571796417,0.8679999709129333,0.49129998683929443
YLR193C,YBR268W,0,-1.3963027,0.1501210629940033,0.8679999709129333,0.49140000343322754
YGL096W,YOR271C,0,-1.3968246,0.1500951051712036,0.8679999709129333,0.49149999022483826
YKR007W,YCR035C,0,-1.3974152,0.15006916224956512,0.8679999709129333,0.49160000681877136
YLR247C,YDL134C,0,-1.3982927,0.15004321932792664,0.8679999709129333,0.4916999936103821
YKL191W,YBR268W,0,-1.3983568,0.15001727640628815,0.8679999709129333,0.4918000102043152
YKL191W,YDL134C-A,0,-1.3984872,0.14999136328697205,0.8679999709129333,0.4918999969959259
YNL023C,YNR052C,0,-1.3989371,0.14996545016765594,0.8679999709129333,0.492000013589859
YGR202C,YPL075W,0,-1.3990263,0.14993953704833984,0.8679999709129333,0.4921000003814697
YIR019C,YNL216W,0,-1.3992459,0.14991363883018494,0.8679999709129333,0.49219998717308044
YNL111C,YKR052C,0,-1.4007201,0.14988775551319122,0.8679999709129333,0.49230000376701355
YPR161C,YJL179W,0,-1.4011055,0.1498618721961975,0.8679999709129333,0.49239999055862427
YDR243C,YNL062C,0,-1.4021848,0.149836003780365,0.8679999709129333,0.4925000071525574
YHR096C,YCR021C,0,-1.4024147,0.14981015026569366,0.8679999709129333,0.4925999939441681
YMR076C,YML016C,0,-1.4028146,0.14978429675102234,0.8679999709129333,0.4927000105381012
YLR060W,YGR161C-D,0,-1.402828,0.1497584581375122,0.8679999709129333,0.4927999973297119
YIL013C,YDL031W,0,-1.4036624,0.14973261952400208,0.8679999709129333,0.492900013923645
YJR153W,YPL161C,0,-1.404613,0.14970679581165314,0.8679999709129333,0.49300000071525574
YHR214C-C,YBL091C,0,-1.4050802,0.1496809720993042,0.8679999709129333,0.49309998750686646
YDR437W,YER129W,0,-1.4053369,0.14965517818927765,0.8679999709129333,0.49320000410079956
YLR193C,YOR103C,0,-1.4059594,0.1496293693780899,0.8679999709129333,0.4932999908924103
YDR375C,YIL087C,0,-1.406741,0.14960359036922455,0.8679999709129333,0.4934000074863434
YDR098C-A,YGL107C,0,-1.4075923,0.1495778113603592,0.8679999709129333,0.4934999942779541
YPL056C,YGL096W,0,-1.4078981,0.14955203235149384,0.8679999709129333,0.4936000108718872
YMR230W,YER108C,0,-1.4080632,0.14952626824378967,0.8679999709129333,0.4936999976634979
YOR032C,YOR330C,0,-1.409004,0.1495005190372467,0.8679999709129333,0.49380001425743103
YDL124W,YHR202W,0,-1.4091971,0.14947476983070374,0.8679999709129333,0.49390000104904175
YPR154W,YER014W,0,-1.4097316,0.14944903552532196,0.8679999709129333,0.49399998784065247
YHR035W,YPR133C,0,-1.4098042,0.14942330121994019,0.8679999709129333,0.49410000443458557
YDR398W,YDR407C,0,-1.4099036,0.1493975967168808,0.8679999709129333,0.4941999912261963
YHR158C,YIL038C,0,-1.4107044,0.14937187731266022,0.8679999709129333,0.4943000078201294
YFL035C-B,YIL009W,0,-1.4108998,0.14934618771076202,0.8679999709129333,0.4943999946117401
YBR268W,YNL038W,0,-1.4124045,0.14932048320770264,0.8679999709129333,0.4945000112056732
YDL175C,YJL216C,0,-1.4134736,0.14929480850696564,0.8679999709129333,0.49459999799728394
YLR347C,YGL049C,0,-1.4135702,0.14926913380622864,0.8679999709129333,0.49470001459121704
YNL062C,YIL008W,0,-1.4136128,0.14924345910549164,0.8679999709129333,0.49480000138282776
YOL096C,YNL054W-A,0,-1.4141915,0.14921781420707703,0.8679999709129333,0.4948999881744385
YBL091C,YGL195W,0,-1.4142478,0.14919216930866241,0.8679999709129333,0.4950000047683716
YDR381W,YCL001W,0,-1.416398,0.1491665244102478,0.8679999709129333,0.4950999915599823
YLR345W,YMR242C,0,-1.416466,0.14914089441299438,0.8679999709129333,0.4952000081539154
YDR463W,YGL064C,0,-1.4165835,0.14911527931690216,0.8679999709129333,0.4952999949455261
YOR193W,YCL016C,0,-1.4176364,0.14908966422080994,0.8679999709129333,0.49540001153945923
YLL066C,YER028C,0,-1.4196317,0.1490640491247177,0.8679999709129333,0.49549999833106995
YNL181W,YMR091C,0,-1.4200771,0.14903846383094788,0.8679999709129333,0.49559998512268066
YNL132W,YIL167W,0,-1.4205432,0.14901287853717804,0.8679999709129333,0.49570000171661377
YHR033W,YKL052C,0,-1.4207426,0.1489872932434082,0.8679999709129333,0.4957999885082245
YMR322C,YNL068C,0,-1.4216888,0.14896172285079956,0.8679999709129333,0.4959000051021576
YHR158C,YNL287W,0,-1.4223926,0.1489361673593521,0.8679999709129333,0.4959999918937683
YCL029C,YBR065C,0,-1.4224769,0.14891061186790466,0.8679999709129333,0.4961000084877014
YBL056W,YLR150W,0,-1.4225806,0.1488850712776184,0.8679999709129333,0.49619999527931213
YML045W,YMR048W,0,-1.4232283,0.14885954558849335,0.8679999709129333,0.49630001187324524
YHR024C,YDL076C,0,-1.4236395,0.1488340198993683,0.8679999709129333,0.49639999866485596
YDR375C,YBL005W,0,-1.4240482,0.14880850911140442,0.8679999709129333,0.4964999854564667
YNR019W,YNL111C,0,-1.4247619,0.14878299832344055,0.8679999709129333,0.4966000020503998
YOR191W,YER041W,0,-1.4265361,0.14875750243663788,0.8679999709129333,0.4966999888420105
YER031C,YIL167W,0,-1.4269562,0.1487320065498352,0.8679999709129333,0.4968000054359436
YOR267C,YDR463W,0,-1.4270294,0.14870652556419373,0.8679999709129333,0.4968999922275543
YEL005C,YLR442C,0,-1.4272373,0.14868105947971344,0.8679999709129333,0.4970000088214874
YMR261C,YGR060W,0,-1.4280547,0.14865559339523315,0.8679999709129333,0.49709999561309814
YDR545W,YOR247W,0,-1.4282274,0.14863014221191406,0.8679999709129333,0.49720001220703125
YFR047C,YJL098W,0,-1.4283248,0.14860469102859497,0.8679999709129333,0.49729999899864197
YLR229C,YIL008W,1,-1.4283811,0.1487504243850708,0.8690000176429749,0.49729999899864197
YGR007W,YNL176C,0,-1.4285202,0.1487249732017517,0.8690000176429749,0.4973999857902527
YIL120W,YLR023C,0,-1.429282,0.14869952201843262,0.8690000176429749,0.4975000023841858
YLR315W,YHR001W-A,0,-1.4300735,0.14867408573627472,0.8690000176429749,0.4975999891757965
YOR045W,YML067C,0,-1.430617,0.14864864945411682,0.8690000176429749,0.4977000057697296
YIL019W,YGR005C,0,-1.4307278,0.14862322807312012,0.8690000176429749,0.49779999256134033
YDR127W,YJR109C,0,-1.431508,0.1485978066921234,0.8690000176429749,0.49790000915527344
YER056C,YAL028W,0,-1.4327375,0.1485724002122879,0.8690000176429749,0.49799999594688416
YER108C,YIL008W,1,-1.4329894,0.1487179547548294,0.8700000047683716,0.49799999594688416
YHL017W,YMR118C,0,-1.433232,0.1486925333738327,0.8700000047683716,0.49810001254081726
YDR350C,YGL070C,0,-1.4333873,0.1486671268939972,0.8700000047683716,0.498199999332428
YOR004W,YGR017W,0,-1.4340024,0.14864172041416168,0.8700000047683716,0.4982999861240387
YLR460C,YDR317W,0,-1.4341017,0.14861632883548737,0.8700000047683716,0.4984000027179718
YER072W,YLR068W,0,-1.4343274,0.14859095215797424,0.8700000047683716,0.4984999895095825
YDR234W,YOR341W,0,-1.4350923,0.14856557548046112,0.8700000047683716,0.4986000061035156
YBR119W,YNR059W,0,-1.4355346,0.1485402137041092,0.8700000047683716,0.49869999289512634
YEL020W-A,YER178W,0,-1.4357085,0.14851485192775726,0.8700000047683716,0.49880000948905945
YHR210C,YCR106W,0,-1.4366499,0.14848950505256653,0.8700000047683716,0.49889999628067017
YKR089C,YPL156C,0,-1.4367752,0.1484641581773758,0.8700000047683716,0.49900001287460327
YLR432W,YHR193C,0,-1.4369533,0.14843882620334625,0.8700000047683716,0.499099999666214
YGR099W,YEL039C,0,-1.4376106,0.1484135091304779,0.8700000047683716,0.4991999864578247
YJR035W,YKL150W,0,-1.4376982,0.14838819205760956,0.8700000047683716,0.4993000030517578
YOR258W,YDR210W-C,0,-1.4384551,0.1483628898859024,0.8700000047683716,0.49939998984336853
YOR090C,YLR083C,0,-1.4388249,0.14833760261535645,0.8700000047683716,0.49950000643730164
YPL049C,YIL008W,1,-1.4404416,0.1484827846288681,0.8709999918937683,0.49950000643730164
YDL175C,YEL048C,0,-1.4410521,0.14845746755599976,0.8709999918937683,0.49959999322891235
YMR081C,YDL135C,0,-1.4413463,0.1484321802854538,0.8709999918937683,0.49970000982284546
YOR260W,YPL049C,0,-1.4415358,0.14840687811374664,0.8709999918937683,0.4997999966144562
YNR048W,YPL056C,0,-1.4416487,0.14838160574436188,0.8709999918937683,0.4999000132083893
YOR016C,YLR190W,0,-1.4423838,0.1483563333749771,0.8709999918937683,0.5
YNL103W,YHL015W,0,-1.4429512,0.14833106100559235,0.8709999918937683,0.5001000165939331
YER044C-A,YPL049C,0,-1.4429808,0.14830580353736877,0.8709999918937683,0.5001999735832214
YPR003C,YIL005W,0,-1.4436054,0.1482805609703064,0.8709999918937683,0.5002999901771545
YGR245C,YOR113W,0,-1.4441257,0.14825531840324402,0.8709999918937683,0.5004000067710876
YOR316C,YMR205C,0,-1.4451884,0.14823009073734283,0.8709999918937683,0.5005000233650208
YJL110C,YOL052C-A,0,-1.4453461,0.14820486307144165,0.8709999918937683,0.5005999803543091
YDL175C,YMR156C,0,-1.4471438,0.14817965030670166,0.8709999918937683,0.5006999969482422
YJL110C,YPL215W,0,-1.4477528,0.14815445244312286,0.8709999918937683,0.5008000135421753
YGR165W,YNL081C,0,-1.4479063,0.14812925457954407,0.8709999918937683,0.5008999705314636
YBL080C,YOL086W-A,0,-1.4491171,0.14810405671596527,0.8709999918937683,0.5009999871253967
YMR286W,YER093C,0,-1.4498672,0.14807888865470886,0.8709999918937683,0.5011000037193298
YPR110C,YER100W,0,-1.4505684,0.14805372059345245,0.8709999918937683,0.5012000203132629
YNL103W,YHR118C,0,-1.450695,0.14802855253219604,0.8709999918937683,0.5012999773025513
YJL212C,YDL243C,0,-1.4508076,0.14800339937210083,0.8709999918937683,0.5013999938964844
YLR284C,YGR120C,0,-1.4508761,0.14797824621200562,0.8709999918937683,0.5015000104904175
YPR180W,YGL085W,0,-1.4509792,0.1479531228542328,0.8709999918937683,0.5016000270843506
YML057W,YPR148C,0,-1.4512228,0.14792798459529877,0.8709999918937683,0.5016999840736389
YDR365W-A,YJL197W,0,-1.4513191,0.14790287613868713,0.8709999918937683,0.501800000667572
YLR085C,YCL048W,0,-1.4516668,0.1478777527809143,0.8709999918937683,0.5019000172615051
YPL100W,YLR189C,0,-1.4518015,0.14785265922546387,0.8709999918937683,0.5019999742507935
YKL054C,YHR190W,0,-1.4518673,0.14782756567001343,0.8709999918937683,0.5020999908447266
YDL100C,YHR106W,0,-1.4518836,0.147802472114563,0.8709999918937683,0.5022000074386597
YPR071W,YLL014W,0,-1.452297,0.14777739346027374,0.8709999918937683,0.5023000240325928
YHR205W,YER155C,0,-1.4525309,0.1477523297071457,0.8709999918937683,0.5023999810218811
YHR148W,YJL133C-A,0,-1.4527097,0.14772726595401764,0.8709999918937683,0.5024999976158142
YPR034W,YAL026C,0,-1.4529266,0.14770221710205078,0.8709999918937683,0.5026000142097473
YDR025W,YJR096W,0,-1.4535081,0.14767718315124512,0.8709999918937683,0.5026999711990356
YML101C,YBL100W-B,0,-1.4536083,0.14765214920043945,0.8709999918937683,0.5027999877929688
YER063W,YPL203W,0,-1.4540504,0.1476271152496338,0.8709999918937683,0.5029000043869019
YHR210C,YKL155C,0,-1.4542198,0.14760209619998932,0.8709999918937683,0.503000020980835
YGR046W,YOR380W,0,-1.4542546,0.14757709205150604,0.8709999918937683,0.5030999779701233
YBR091C,YGR097W,0,-1.454516,0.14755208790302277,0.8709999918937683,0.5031999945640564
YDR041W,YNL094W,0,-1.4547284,0.14752709865570068,0.8709999918937683,0.5033000111579895
YIL069C,YOR357C,0,-1.4572582,0.1475021094083786,0.8709999918937683,0.5034000277519226
YPL116W,YOR247W,0,-1.4582617,0.1474771350622177,0.8709999918937683,0.5034999847412109
YOR383C,YIL053W,0,-1.4582691,0.14745217561721802,0.8709999918937683,0.503600001335144
YDR384C,YMR153W,0,-1.4584209,0.14742721617221832,0.8709999918937683,0.5037000179290771
YBR038W,YLR409C,0,-1.458673,0.14740227162837982,0.8709999918937683,0.5037999749183655
YHL038C,YER108C,0,-1.458889,0.14737732708454132,0.8709999918937683,0.5038999915122986
YFL026W,YOR078W,0,-1.4609245,0.147352397441864,0.8709999918937683,0.5040000081062317
YHR185C,YIL154C,0,-1.4613323,0.1473274677991867,0.8709999918937683,0.5041000247001648
YDR259C,YER071C,0,-1.4616088,0.1473025530576706,0.8709999918937683,0.5041999816894531
YBR254C,YDR261C,0,-1.4618437,0.14727765321731567,0.8709999918937683,0.5042999982833862
YLR039C,YNL161W,0,-1.4623897,0.14725275337696075,0.8709999918937683,0.5044000148773193
YPR110C,YGR080W,0,-1.4626865,0.14722785353660583,0.8709999918937683,0.5044999718666077
YBR233W-A,YDR025W,0,-1.4630835,0.1472029685974121,0.8709999918937683,0.5045999884605408
YER093C,YDL018C,0,-1.4633102,0.14717809855937958,0.8709999918937683,0.5047000050544739
YER007C-A,YOR019W,0,-1.4643891,0.14715322852134705,0.8709999918937683,0.504800021648407
YPL171C,YPL063W,0,-1.4648998,0.1471283733844757,0.8709999918937683,0.5048999786376953
YPL115C,YGL045W,1,-1.4659579,0.14727242290973663,0.871999979019165,0.5048999786376953
YDR528W,YLR056W,0,-1.4671077,0.1472475528717041,0.871999979019165,0.5049999952316284
YPL056C,YHR133C,0,-1.4678874,0.14722269773483276,0.871999979019165,0.5051000118255615
YOR273C,YGL027C,0,-1.468136,0.14719784259796143,0.871999979019165,0.5052000284194946
YIL008W,YMR177W,0,-1.4686621,0.14717300236225128,0.871999979019165,0.505299985408783
YNL294C,YPL203W,1,-1.4689982,0.14731690287590027,0.8730000257492065,0.505299985408783
YBL080C,YOR241W,0,-1.4690824,0.14729204773902893,0.8730000257492065,0.5054000020027161
YAL019W,YDR516C,0,-1.4691699,0.1472672075033188,0.8730000257492065,0.5055000185966492
YDR235W,YNL062C,0,-1.4703711,0.14724236726760864,0.8730000257492065,0.5055999755859375
YMR101C,YGL240W,0,-1.4707621,0.1472175419330597,0.8730000257492065,0.5056999921798706
YLR284C,YKL145W,0,-1.4710144,0.14719271659851074,0.8730000257492065,0.5058000087738037
YGL076C,YOL103W-A,0,-1.4714624,0.14716790616512299,0.8730000257492065,0.5059000253677368
YER033C,YKR079C,0,-1.4717963,0.14714309573173523,0.8730000257492065,0.5059999823570251
YKL141W,YPL161C,0,-1.4721588,0.14711830019950867,0.8730000257492065,0.5060999989509583
YOR091W,YBR028C,0,-1.4722087,0.1470935195684433,0.8730000257492065,0.5062000155448914
YOR320C,YIR019C,0,-1.4724605,0.14706873893737793,0.8730000257492065,0.5062999725341797
YPR128C,YDR517W,0,-1.4742292,0.14704395830631256,0.8730000257492065,0.5063999891281128
YJR102C,YDR150W,0,-1.4746771,0.1470191925764084,0.8730000257492065,0.5065000057220459
YMR076C,YBR045C,0,-1.4748534,0.1469944417476654,0.8730000257492065,0.506600022315979
YCR031C,YBR119W,0,-1.4752424,0.14696969091892242,0.8730000257492065,0.5066999793052673
YER031C,YPR057W,0,-1.4756327,0.14694495499134064,0.8730000257492065,0.5067999958992004
YLL066C,YAL059W,0,-1.4768208,0.14692023396492004,0.8730000257492065,0.5069000124931335
YAL048C,YNL023C,0,-1.477223,0.14689551293849945,0.8730000257492065,0.5070000290870667
YGR109W-A,YOR059C,0,-1.4773188,0.14687079191207886,0.8730000257492065,0.507099986076355
YEL018W,YDR234W,0,-1.477885,0.14684608578681946,0.8730000257492065,0.5072000026702881
YBR107C,YOR060C,0,-1.4780997,0.14682139456272125,0.8730000257492065,0.5073000192642212
YDR080W,YCL054W,0,-1.478243,0.14679670333862305,0.8730000257492065,0.5073999762535095
YBR086C,YDR190C,0,-1.478948,0.14677202701568604,0.8730000257492065,0.5074999928474426
YHR214C-C,YOL116W,0,-1.4801968,0.14674735069274902,0.8730000257492065,0.5076000094413757
YKL006W,YMR118C,0,-1.4807775,0.1467226892709732,0.8730000257492065,0.5077000260353088
YOR193W,YCR058C,0,-1.481144,0.1466980278491974,0.8730000257492065,0.5077999830245972
YPL209C,YLR293C,0,-1.4814202,0.14667338132858276,0.8730000257492065,0.5078999996185303
YDR386W,YGL231C,0,-1.4815087,0.14664874970912933,0.8730000257492065,0.5080000162124634
YIL144W,YOL029C,0,-1.4815319,0.1466241180896759,0.8730000257492065,0.5080999732017517
YOL023W,YJR027W,0,-1.4821013,0.14659950137138367,0.8730000257492065,0.5081999897956848
YGL104C,YGR142W,0,-1.482801,0.14657488465309143,0.8730000257492065,0.5083000063896179
YPL203W,YML127W,0,-1.4831476,0.1465502828359604,0.8730000257492065,0.508400022983551
YKL016C,YBR005W,0,-1.4831825,0.14652568101882935,0.8730000257492065,0.5084999799728394
YGL144C,YLR060W,0,-1.4847416,0.1465010941028595,0.8730000257492065,0.5085999965667725
YGL139W,YPL145C,0,-1.4855695,0.14647650718688965,0.8730000257492065,0.5087000131607056
YJL012C,YPR106W,0,-1.4857417,0.146451935172081,0.8730000257492065,0.5088000297546387
YBR153W,YIL144W,0,-1.4871093,0.14642737805843353,0.8730000257492065,0.508899986743927
YNL294C,YOR371C,1,-1.4881873,0.14657051861286163,0.8740000128746033,0.508899986743927
YDR345C,YGL018C,0,-1.4883169,0.14654594659805298,0.8740000128746033,0.5090000033378601
YNL328C,YKR034W,0,-1.4895493,0.14652137458324432,0.8740000128746033,0.5091000199317932
YCL068C,YIL062C,0,-1.4897101,0.14649681746959686,0.8740000128746033,0.5091999769210815
YMR110C,YMR133W,0,-1.4900274,0.1464722603559494,0.8740000128746033,0.5092999935150146
YCR091W,YDR437W,0,-1.4904085,0.14644771814346313,0.8740000128746033,0.5094000101089478
YDL240W,YDR212W,0,-1.4921867,0.14642319083213806,0.8740000128746033,0.5095000267028809
YLL018C-A,YIL009W,0,-1.492462,0.146398663520813,0.8740000128746033,0.5095999836921692
YAL026C,YHR020W,0,-1.4925115,0.14637413620948792,0.8740000128746033,0.5097000002861023
YLR052W,YDR384C,0,-1.4935532,0.14634963870048523,0.8740000128746033,0.5098000168800354
YOR264W,YLR352W,0,-1.4940734,0.14632512629032135,0.8740000128746033,0.5098999738693237
YHR024C,YCR005C,0,-1.4940876,0.14630062878131866,0.8740000128746033,0.5099999904632568
YNL199C,YER123W,0,-1.4946932,0.14627614617347717,0.8740000128746033,0.5101000070571899
YNL181W,YMR230W,0,-1.4947208,0.14625167846679688,0.8740000128746033,0.510200023651123
YLR435W,YDR179C,0,-1.4957869,0.14622721076011658,0.8740000128746033,0.5102999806404114
YOR004W,YNL118C,0,-1.4963986,0.14620274305343628,0.8740000128746033,0.5103999972343445
YDR004W,YJR050W,0,-1.4964094,0.14617829024791718,0.8740000128746033,0.5105000138282776
YER040W,YML082W,0,-1.4965243,0.14615385234355927,0.8740000128746033,0.5105999708175659
YBR091C,YBR212W,0,-1.4965731,0.14612941443920135,0.8740000128746033,0.510699987411499
YDR434W,YHR197W,0,-1.4969727,0.14610497653484344,0.8740000128746033,0.5108000040054321
YNL286W,YBR268W,0,-1.49725,0.14608056843280792,0.8740000128746033,0.5109000205993652
YLR382C,YIL009W,0,-1.498819,0.1460561454296112,0.8740000128746033,0.5109999775886536
YDL100C,YJR150C,0,-1.4989073,0.14603175222873688,0.8740000128746033,0.5110999941825867
YLR460C,YKR052C,0,-1.4989872,0.14600734412670135,0.8740000128746033,0.5112000107765198
YOR207C,YAL059W,0,-1.4993923,0.14598296582698822,0.8740000128746033,0.5113000273704529
YDR005C,YBR121C,0,-1.5001073,0.14595858752727509,0.8740000128746033,0.5113999843597412
YIL068C,YDR464W,0,-1.5003985,0.14593420922756195,0.8740000128746033,0.5115000009536743
YIL156W,YDR025W,0,-1.5018255,0.14590984582901,0.8740000128746033,0.5116000175476074
YOR383C,YKR034W,0,-1.5029631,0.14588549733161926,0.8740000128746033,0.5116999745368958
YOR156C,YCL044C,0,-1.5053514,0.14586114883422852,0.8740000128746033,0.5117999911308289
YPL100W,YNL156C,0,-1.5054309,0.14583681523799896,0.8740000128746033,0.511900007724762
YOR275C,YHR111W,1,-1.5070292,0.14597931504249573,0.875,0.511900007724762
YBR029C,YOR011W,0,-1.507036,0.14595496654510498,0.875,0.5120000243186951
YER108C,YMR116C,1,-1.5072101,0.14609739184379578,0.8759999871253967,0.5120000243186951
YBR016W,YBR089C-A,0,-1.5077546,0.14607304334640503,0.8759999871253967,0.5120999813079834
YDL240W,YGR046W,0,-1.5082705,0.1460486799478531,0.8759999871253967,0.5121999979019165
YDR045C,YNR030W,0,-1.5087042,0.14602433145046234,0.8759999871253967,0.5123000144958496
YDR122W,YBR168W,0,-1.5088497,0.1459999978542328,0.8759999871253967,0.5123999714851379
YLR413W,YLR460C,0,-1.5091428,0.14597566425800323,0.8759999871253967,0.512499988079071
YNL063W,YOR341W,0,-1.5096617,0.14595134556293488,0.8759999871253967,0.5126000046730042
YKL138C,YKR099W,0,-1.5098641,0.1459270417690277,0.8759999871253967,0.5127000212669373
YKL129C,YIL011W,0,-1.5098908,0.14590273797512054,0.8759999871253967,0.5127999782562256
YOR207C,YJL058C,0,-1.5099621,0.14587843418121338,0.8759999871253967,0.5128999948501587
YKR049C,YLR292C,0,-1.5101124,0.1458541452884674,0.8759999871253967,0.5130000114440918
YIL009W,YPL178W,0,-1.5104399,0.14582987129688263,0.8759999871253967,0.5131000280380249
YMR076C,YMR230W,0,-1.5106263,0.14580559730529785,0.8759999871253967,0.5131999850273132
YML016C,YOR103C,0,-1.5108565,0.14578132331371307,0.8759999871253967,0.5133000016212463
YPR100W,YNL130C,0,-1.5108964,0.1457570642232895,0.8759999871253967,0.5134000182151794
YPR100W,YNL246W,0,-1.5109279,0.1457328200340271,0.8759999871253967,0.5134999752044678
YIL120W,YHR214C-C,0,-1.5110861,0.1457085758447647,0.8759999871253967,0.5135999917984009
YFR024C,YHR185C,0,-1.5112243,0.1456843465566635,0.8759999871253967,0.513700008392334
YML133C,YOR273C,0,-1.5117753,0.1456601321697235,0.8759999871253967,0.5138000249862671
YGL126W,YNR059W,0,-1.5126473,0.14563590288162231,0.8759999871253967,0.5138999819755554
YNL025C,YDL139C,0,-1.5128956,0.1456117033958435,0.8759999871253967,0.5139999985694885
YIL022W,YOR157C,0,-1.5131743,0.1455875039100647,0.8759999871253967,0.5141000151634216
YER040W,YOR359W,0,-1.5143437,0.1455633044242859,0.8759999871253967,0.51419997215271
YLR059C,YOR129C,0,-1.5145204,0.14553911983966827,0.8759999871253967,0.5142999887466431
YBR091C,YGR245C,0,-1.5151054,0.14551495015621185,0.8759999871253967,0.5144000053405762
YEL018W,YBR090C-A,0,-1.5164627,0.14549078047275543,0.8759999871253967,0.5145000219345093
YKR089C,YGL115W,0,-1.517144,0.1454666256904602,0.8759999871253967,0.5145999789237976
YDR398W,YPL061W,0,-1.5172429,0.14544247090816498,0.8759999871253967,0.5146999955177307
YFR031C-A,YKL052C,0,-1.5183645,0.14541833102703094,0.8759999871253967,0.5148000121116638
YHR108W,YDR367W,0,-1.5199535,0.1453941911458969,0.8759999871253967,0.5149000287055969
YLR293C,YBL014C,0,-1.5203643,0.14537006616592407,0.8759999871253967,0.5149999856948853
YPR037C,YGR211W,0,-1.5209105,0.14534594118595123,0.8759999871253967,0.5151000022888184
YML102W,YHL006C,0,-1.5210183,0.1453218311071396,0.8759999871253967,0.5152000188827515
YLR227W-A,YCR036W,0,-1.521334,0.14529772102832794,0.8759999871253967,0.5152999758720398
YJL181W,YNL132W,0,-1.5225219,0.1452736258506775,0.8759999871253967,0.5153999924659729
YDR176W,YGR138C,0,-1.5228612,0.14524954557418823,0.8759999871253967,0.515500009059906
YDR268W,YDR289C,0,-1.5228622,0.14522546529769897,0.8759999871253967,0.5156000256538391
YKL006C-A,YOR358W,0,-1.5228877,0.14520138502120972,0.8759999871253967,0.5156999826431274
YDR075W,YBR180W,0,-1.5230985,0.14517733454704285,0.8759999871253967,0.5157999992370605
YER155C,YGL111W,0,-1.5233706,0.14515326917171478,0.8759999871253967,0.5159000158309937
YML100W,YDR317W,0,-1.5238092,0.1451292186975479,0.8759999871253967,0.515999972820282
YPL120W,YDR471W,0,-1.5240011,0.14510518312454224,0.8759999871253967,0.5160999894142151
YMR232W,YGR078C,0,-1.5244004,0.14508114755153656,0.8759999871253967,0.5162000060081482
YKL029C,YPL210C,0,-1.5247278,0.14505712687969208,0.8759999871253967,0.5163000226020813
YIL096C,YNL288W,0,-1.525255,0.1450331062078476,0.8759999871253967,0.5163999795913696
YKR100C,YBR003W,0,-1.5255479,0.1450091004371643,0.8759999871253967,0.5164999961853027
YMR183C,YOR259C,0,-1.5262625,0.1449851095676422,0.8759999871253967,0.5166000127792358
YGL171W,YNR055C,0,-1.5273207,0.14496111869812012,0.8759999871253967,0.516700029373169
YDL100C,YOR117W,0,-1.5284243,0.14493712782859802,0.8759999871253967,0.5167999863624573
YER142C,YJR131W,0,-1.5284538,0.14491315186023712,0.8759999871253967,0.5169000029563904
YGR103W,YDR438W,0,-1.5289084,0.14488917589187622,0.8759999871253967,0.5170000195503235
YGL046W,YHR111W,1,-1.5295608,0.14503058791160583,0.8769999742507935,0.5170000195503235
YDL098C,YDR384C,0,-1.5300796,0.14500661194324493,0.8769999742507935,0.5170999765396118
YGR161C,YBR121C,0,-1.5303922,0.14498263597488403,0.8769999742507935,0.5171999931335449
YNL094W,YLR175W,0,-1.5310744,0.14495867490768433,0.8769999742507935,0.517300009727478
YMR074C,YGL129C,0,-1.5316449,0.1449347287416458,0.8769999742507935,0.5174000263214111
YDL247W,YMR001C,0,-1.5321236,0.1449107676744461,0.8769999742507935,0.5174999833106995
YGR103W,YAR042W,0,-1.5328671,0.1448868364095688,0.8769999742507935,0.5175999999046326
YOL076W,YLR067C,0,-1.5328753,0.14486290514469147,0.8769999742507935,0.5177000164985657
YAL019W,YOR026W,0,-1.5329792,0.14483897387981415,0.8769999742507935,0.517799973487854
YEL018W,YPR174C,0,-1.5331619,0.14481505751609802,0.8769999742507935,0.5178999900817871
YPL116W,YGL058W,0,-1.5348023,0.1447911560535431,0.8769999742507935,0.5180000066757202
YDR377W,YIL087C,0,-1.5355843,0.14476725459098816,0.8769999742507935,0.5181000232696533
YDR375C,YBR005W,0,-1.535802,0.14474335312843323,0.8769999742507935,0.5181999802589417
YPR148C,YCL064C,0,-1.5366032,0.1447194665670395,0.8769999742507935,0.5182999968528748
YFL005W,YDR517W,0,-1.5367539,0.14469559490680695,0.8769999742507935,0.5184000134468079
YPL210C,YOL059W,0,-1.5367568,0.1446717232465744,0.8769999742507935,0.5184999704360962
YKL134C,YOR110W,0,-1.5374113,0.14464786648750305,0.8769999742507935,0.5185999870300293
YNL328C,YKL062W,0,-1.5374848,0.1446240097284317,0.8769999742507935,0.5187000036239624
YAL002W,YGR129W,0,-1.5375774,0.14460016787052155,0.8769999742507935,0.5188000202178955
YJL096W,YNL132W,0,-1.5375948,0.1445763260126114,0.8769999742507935,0.5188999772071838
YFR016C,YML013W,0,-1.537667,0.14455249905586243,0.8769999742507935,0.5189999938011169
YJR132W,YGR283C,0,-1.5384723,0.14452867209911346,0.8769999742507935,0.51910001039505
YJR041C,YOR103C,0,-1.5392884,0.1445048600435257,0.8769999742507935,0.5192000269889832
YAR009C,YGL111W,0,-1.540677,0.14448104798793793,0.8769999742507935,0.5192999839782715
YOR119C,YNL317W,0,-1.5411956,0.14445725083351135,0.8769999742507935,0.5194000005722046
YMR001C,YGL195W,0,-1.5424764,0.14443346858024597,0.8769999742507935,0.5195000171661377
YGL126W,YCL044C,0,-1.5432014,0.1444096863269806,0.8769999742507935,0.519599974155426
YJR102C,YBL025W,0,-1.5439708,0.1443859040737152,0.8769999742507935,0.5196999907493591
YGL073W,YPR133C,0,-1.5453901,0.14436213672161102,0.8769999742507935,0.5198000073432922
YBR200W-A,YFR038W,0,-1.54653,0.14433838427066803,0.8769999742507935,0.5199000239372253
YNL233W,YIL008W,0,-1.5470209,0.14431463181972504,0.8769999742507935,0.5199999809265137
YKL194C,YGL194C,0,-1.547336,0.14429087936878204,0.8769999742507935,0.5200999975204468
YDL175C,YER149C,0,-1.5482001,0.14426714181900024,0.8769999742507935,0.5202000141143799
YPL049C,YNR052C,0,-1.5482643,0.14424341917037964,0.8769999742507935,0.5202999711036682
YNR048W,YOR101W,0,-1.5486741,0.14421969652175903,0.8769999742507935,0.5203999876976013
YML098W,YHR014W,0,-1.5493011,0.14419598877429962,0.8769999742507935,0.5205000042915344
YBL080C,YDR439W,0,-1.5495524,0.1441722810268402,0.8769999742507935,0.5206000208854675
YOL116W,YNL298W,1,-1.5505214,0.14431294798851013,0.878000020980835,0.5206000208854675
YIL156W,YNL288W,0,-1.5509642,0.14428924024105072,0.878000020980835,0.5206999778747559
YOR253W,YDR080W,0,-1.5515131,0.1442655324935913,0.878000020980835,0.520799994468689
YNR048W,YGL061C,0,-1.5563285,0.1442418247461319,0.878000020980835,0.5209000110626221
YOR127W,YIL008W,1,-1.556354,0.14438238739967346,0.8790000081062317,0.5209000110626221
YKL016C,YNL056W,0,-1.5564052,0.14435867965221405,0.8790000081062317,0.5210000276565552
YDR217C,YJR096W,0,-1.5565534,0.14433497190475464,0.8790000081062317,0.5210999846458435
YLR288C,YPL006W,0,-1.5565916,0.14431127905845642,0.8790000081062317,0.5212000012397766
YDL018C,YPR155C,0,-1.5571659,0.1442875862121582,0.8790000081062317,0.5213000178337097
YIL148W,YDR301W,0,-1.557827,0.14426390826702118,0.8790000081062317,0.521399974822998
YPL146C,YOR266W,0,-1.5578815,0.14424023032188416,0.8790000081062317,0.5214999914169312
YDL230W,YHR148W,0,-1.558289,0.14421656727790833,0.8790000081062317,0.5216000080108643
YNL038W,YOR359W,0,-1.558954,0.1441929191350937,0.8790000081062317,0.5217000246047974
YCL017C,YOL009C,0,-1.559247,0.14416927099227905,0.8790000081062317,0.5217999815940857
YOR091W,YDR268W,0,-1.5593977,0.14414562284946442,0.8790000081062317,0.5218999981880188
YDR189W,YPL006W,0,-1.5594904,0.14412198960781097,0.8790000081062317,0.5220000147819519
YIL144W,YOL103W-A,0,-1.561167,0.14409835636615753,0.8790000081062317,0.5220999717712402
YNR024W,YPR174C,0,-1.5614551,0.14407473802566528,0.8790000081062317,0.5221999883651733
YJL094C,YLL014W,0,-1.561844,0.14405113458633423,0.8790000081062317,0.5223000049591064
YPR003C,YDR005C,0,-1.5621419,0.14402753114700317,0.8790000081062317,0.5224000215530396
YMR275C,YGL219C,0,-1.562232,0.14400392770767212,0.8790000081062317,0.5224999785423279
YIL106W,YKL051W,0,-1.5622898,0.14398033916950226,0.8790000081062317,0.522599995136261
YIL022W,YMR153W,0,-1.5625173,0.1439567655324936,0.8790000081062317,0.5227000117301941
YPL203W,YDR477W,1,-1.5631869,0.14409694075584412,0.8799999952316284,0.5227000117301941
YBR101C,YLR154W-C,0,-1.5632004,0.14407335221767426,0.8799999952316284,0.5228000283241272
YGL058W,YOR260W,0,-1.5633724,0.1440497636795044,0.8799999952316284,0.5228999853134155
YJL098W,YGR138C,0,-1.563886,0.14402619004249573,0.8799999952316284,0.5230000019073486
YMR040W,YMR074C,0,-1.5658864,0.14400261640548706,0.8799999952316284,0.5231000185012817
YDR175C,YFR049W,0,-1.5660561,0.1439790576696396,0.8799999952316284,0.5231999754905701
YDR007W,YDR397C,0,-1.5661271,0.14395549893379211,0.8799999952316284,0.5232999920845032
YKR075C,YML047C,0,-1.5663378,0.14393195509910583,0.8799999952316284,0.5234000086784363
YFL061W,YER142C,0,-1.5668036,0.14390842616558075,0.8799999952316284,0.5235000252723694
YGR060W,YLR466W,0,-1.5670263,0.14388489723205566,0.8799999952316284,0.5235999822616577
YLR060W,YMR118C,0,-1.5676261,0.14386136829853058,0.8799999952316284,0.5236999988555908
YPR037C,YPL043W,0,-1.567672,0.1438378542661667,0.8799999952316284,0.5238000154495239
YLL018C-A,YGR245C,0,-1.5680277,0.143814355134964,0.8799999952316284,0.5238999724388123
YNR032C-A,YHR148W,0,-1.5682149,0.1437908560037613,0.8799999952316284,0.5239999890327454
YLR118C,YJL098W,0,-1.5683272,0.1437673568725586,0.8799999952316284,0.5241000056266785
YAL002W,YKL016C,0,-1.5688382,0.1437438726425171,0.8799999952316284,0.5242000222206116
YDR398W,YLR181C,0,-1.5705285,0.14372040331363678,0.8799999952316284,0.5242999792098999
YLR083C,YPL049C,1,-1.5719073,0.14386022090911865,0.8809999823570251,0.5242999792098999
YIL130W,YER129W,0,-1.5739534,0.14383673667907715,0.8809999823570251,0.524399995803833
YFL056C,YKL129C,0,-1.5743494,0.14381325244903564,0.8809999823570251,0.5245000123977661
YLL018C,YGR266W,0,-1.5744418,0.14378978312015533,0.8809999823570251,0.5246000289916992
YCL001W,YOR109W,0,-1.5752752,0.14376631379127502,0.8809999823570251,0.5246999859809875
YDR343C,YJR027W,0,-1.5764644,0.1437428593635559,0.8809999823570251,0.5248000025749207
YGR040W,YNL119W,1,-1.5776917,0.14388254284858704,0.8820000290870667,0.5248000025749207
YOR273C,YIL173W,0,-1.5777731,0.14385907351970673,0.8820000290870667,0.5249000191688538
YMR261C,YBR218C,0,-1.5778552,0.1438356190919876,0.8820000290870667,0.5249999761581421
YPL239W,YEL024W,0,-1.5782976,0.1438121646642685,0.8820000290870667,0.5250999927520752
YLR006C,YEL032W,0,-1.5783613,0.14378872513771057,0.8820000290870667,0.5252000093460083
YKR077W,YLR067C,0,-1.5787408,0.14376528561115265,0.8820000290870667,0.5253000259399414
YIL068C,YAL056W,0,-1.5791891,0.14374184608459473,0.8820000290870667,0.5253999829292297
YOR091W,YER023W,0,-1.5799646,0.1437184363603592,0.8820000290870667,0.5254999995231628
YKL029C,YDR412W,0,-1.5839236,0.14369501173496246,0.8820000290870667,0.525600016117096
YKR079C,YNL181W,0,-1.5846803,0.14367160201072693,0.8820000290870667,0.5256999731063843
YDR176W,YHR190W,0,-1.5847647,0.1436482071876526,0.8820000290870667,0.5257999897003174
YDL098C,YOR081C,0,-1.5856458,0.14362481236457825,0.8820000290870667,0.5259000062942505
YNL031C,YFR047C,0,-1.5857781,0.1436014324426651,0.8820000290870667,0.5260000228881836
YKR095W-A,YHR120W,0,-1.5859807,0.14357805252075195,0.8820000290870667,0.5260999798774719
YOR252W,YMR101C,0,-1.5866224,0.1435546875,0.8820000290870667,0.526199996471405
YML045W,YCR038C,0,-1.5866575,0.14353132247924805,0.8820000290870667,0.5263000130653381
YKL196C,YLR067C,0,-1.5866787,0.1435079723596573,0.8820000290870667,0.5264000296592712
YAL002W,YGL151W,0,-1.5867325,0.14348462224006653,0.8820000290870667,0.5264999866485596
YNR032C-A,YPL058C,0,-1.5868627,0.14346128702163696,0.8820000290870667,0.5266000032424927
YML127W,YNL240C,0,-1.5873182,0.1434379518032074,0.8820000290870667,0.5267000198364258
YOR136W,YDR406W,0,-1.5873369,0.14341463148593903,0.8820000290870667,0.5267999768257141
YLR234W,YNL214W,0,-1.5891068,0.14339131116867065,0.8820000290870667,0.5268999934196472
YOR101W,YCR058C,0,-1.5905747,0.14336800575256348,0.8820000290870667,0.5270000100135803
YGR204W,YHL031C,0,-1.5910455,0.1433447152376175,0.8820000290870667,0.5271000266075134
YOR004W,YBR149W,0,-1.5917797,0.14332140982151031,0.8820000290870667,0.5271999835968018
YDR301W,YGL064C,0,-1.5919485,0.14329813420772552,0.8820000290870667,0.5273000001907349
YDR392W,YPL203W,1,-1.5922415,0.14343729615211487,0.8830000162124634,0.5273000001907349
YDR091C,YDL093W,0,-1.5928454,0.14341400563716888,0.8830000162124634,0.527400016784668
YKR095W-A,YLR466W,0,-1.5929904,0.1433907151222229,0.8830000162124634,0.5274999737739563
YNL251C,YPR100W,0,-1.5931216,0.14336742460727692,0.8830000162124634,0.5275999903678894
YDL100C,YEL044W,0,-1.5939326,0.14334414899349213,0.8830000162124634,0.5277000069618225
YER038C,YFR053C,0,-1.5942488,0.14332088828086853,0.8830000162124634,0.5278000235557556
YOL135C,YPL183C,0,-1.5946062,0.14329762756824493,0.8830000162124634,0.527899980545044
YFL025C,YMR183C,0,-1.5946591,0.14327438175678253,0.8830000162124634,0.527999997138977
YOL032W,YMR177W,0,-1.5947601,0.14325113594532013,0.8830000162124634,0.5281000137329102
YGL171W,YBR180W,0,-1.5948398,0.14322790503501892,0.8830000162124634,0.5281999707221985
YDR328C,YGL018C,0,-1.5960348,0.1432046741247177,0.8830000162124634,0.5282999873161316
YER093C,YDR317W,0,-1.596128,0.1431814432144165,0.8830000162124634,0.5284000039100647
YNL023C,YCL035C,0,-1.5971911,0.14315824210643768,0.8830000162124634,0.5285000205039978
YPL126W,YFR014C,0,-1.5981476,0.14313502609729767,0.8830000162124634,0.5285999774932861
YOR320C,YBR180W,0,-1.5992599,0.14311182498931885,0.8830000162124634,0.5286999940872192
YJR050W,YPL006W,0,-1.5994487,0.14308863878250122,0.8830000162124634,0.5288000106811523
YNL181W,YER032W,0,-1.5995655,0.1430654525756836,0.8830000162124634,0.5289000272750854
YIL154C,YPL207W,0,-1.6011167,0.14304228127002716,0.8830000162124634,0.5289999842643738
YGL045W,YDL035C,1,-1.6013169,0.14318108558654785,0.8840000033378601,0.5289999842643738
YEL020W-A,YIL064W,0,-1.6015983,0.14315789937973022,0.8840000033378601,0.5291000008583069
YDL175C,YKR072C,0,-1.6018367,0.1431347131729126,0.8840000033378601,0.52920001745224
YKR078W,YFR014C,0,-1.6023647,0.14311154186725616,0.8840000033378601,0.5292999744415283
YPL146C,YPL075W,0,-1.6024368,0.14308838546276093,0.8840000033378601,0.5293999910354614
YLR196W,YPL173W,0,-1.6037028,0.1430652141571045,0.8840000033378601,0.5295000076293945
YGL189C,YMR275C,0,-1.6039218,0.14304207265377045,0.8840000033378601,0.5296000242233276
YGR003W,YLR055C,0,-1.6054624,0.1430189311504364,0.8840000033378601,0.529699981212616
YDL175C,YBR100W,0,-1.6056103,0.14299578964710236,0.8840000033378601,0.5297999978065491
YBR005W,YDR343C,0,-1.6059574,0.1429726630449295,0.8840000033378601,0.5299000144004822
YGL087C,YMR230W,0,-1.60636,0.14294955134391785,0.8840000033378601,0.5299999713897705
YFR040W,YKL058W,0,-1.6070895,0.1429264396429062,0.8840000033378601,0.5300999879837036
YER072W,YKL129C,0,-1.6072865,0.14290332794189453,0.8840000033378601,0.5302000045776367
YBR180W,YML055W,0,-1.6082823,0.14288023114204407,0.8840000033378601,0.5303000211715698
YDR463W,YGL061C,0,-1.6084571,0.1428571492433548,0.8840000033378601,0.5303999781608582
YPL169C,YLR451W,0,-1.6107094,0.14283406734466553,0.8840000033378601,0.5304999947547913
YDL106C,YBR191W,0,-1.6109642,0.14281098544597626,0.8840000033378601,0.5306000113487244
YPL161C,YDL102W,0,-1.6117318,0.14278791844844818,0.8840000033378601,0.5307000279426575
YMR205C,YER071C,0,-1.6117456,0.1427648514509201,0.8840000033378601,0.5307999849319458
YLR193C,YNR052C,0,-1.6120754,0.14274179935455322,0.8840000033378601,0.5309000015258789
YAL019W,YDL123W,0,-1.6135602,0.14271876215934753,0.8840000033378601,0.531000018119812
YOL076W,YPR071W,0,-1.6136087,0.14269572496414185,0.8840000033378601,0.5310999751091003
YLR390W-A,YBR109C,0,-1.6141336,0.14267268776893616,0.8840000033378601,0.5311999917030334
YIL144W,YDR021W,0,-1.6142709,0.14264966547489166,0.8840000033378601,0.5313000082969666
YER072W,YDR100W,0,-1.6143867,0.14262665808200836,0.8840000033378601,0.5314000248908997
YDR204W,YHR139C,0,-1.6157775,0.14260365068912506,0.8840000033378601,0.531499981880188
YFL061W,YMR131C,0,-1.6158234,0.14258064329624176,0.8840000033378601,0.5315999984741211
YMR040W,YPR068C,0,-1.6168959,0.14255765080451965,0.8840000033378601,0.5317000150680542
YLR039C,YGL064C,0,-1.6182997,0.14253467321395874,0.8840000033378601,0.5317999720573425
YOL076W,YKR088C,0,-1.618552,0.14251168072223663,0.8840000033378601,0.5318999886512756
YLR234W,YOR320C,0,-1.6188626,0.14248871803283691,0.8840000033378601,0.5320000052452087
YDR045C,YBR208C,0,-1.6192715,0.1424657553434372,0.8840000033378601,0.5321000218391418
YDL175C,YOL121C,0,-1.6200387,0.14244279265403748,0.8840000033378601,0.5321999788284302
YHR009C,YOR101W,0,-1.6206799,0.14241984486579895,0.8840000033378601,0.5322999954223633
YBR130C,YBL031W,0,-1.6220315,0.14239691197872162,0.8840000033378601,0.5324000120162964
YFL025C,YJL001W,0,-1.6220742,0.1423739790916443,0.8840000033378601,0.5325000286102295
YLL018C-A,YMR242C,0,-1.6231306,0.14235104620456696,0.8840000033378601,0.5325999855995178
YCR086W,YDR328C,0,-1.6236618,0.14232812821865082,0.8840000033378601,0.5327000021934509
YNL183C,YDR045C,0,-1.6239198,0.14230521023273468,0.8840000033378601,0.532800018787384
YIL098C,YJR027W,0,-1.6243134,0.14228230714797974,0.8840000033378601,0.5328999757766724
YDR384C,YMR125W,0,-1.6243993,0.142259418964386,0.8840000033378601,0.5329999923706055
YKL149C,YPR106W,0,-1.6250718,0.14223653078079224,0.8840000033378601,0.5331000089645386
YFL035C-B,YLR068W,0,-1.6257333,0.1422136425971985,0.8840000033378601,0.5332000255584717
YOR090C,YPR007C,0,-1.6262072,0.14219076931476593,0.8840000033378601,0.53329998254776
YBR211C,YAL026C,0,-1.6262918,0.14216789603233337,0.8840000033378601,0.5333999991416931
YFR038W,YLL057C,0,-1.6264647,0.142145037651062,0.8840000033378601,0.5335000157356262
YKL054C,YBR168W,0,-1.6269515,0.14212217926979065,0.8840000033378601,0.5335999727249146
YCR065W,YGR142W,0,-1.6281722,0.14209933578968048,0.8840000033378601,0.5336999893188477
YOR363C,YCL051W,0,-1.6283044,0.1420765072107315,0.8840000033378601,0.5338000059127808
YER167W,YMR153W,0,-1.6283541,0.14205367863178253,0.8840000033378601,0.5339000225067139
YMR015C,YDR359C,0,-1.6298934,0.14203085005283356,0.8840000033378601,0.5339999794960022
YLR367W,YLR352W,0,-1.6298944,0.14200803637504578,0.8840000033378601,0.5340999960899353
YGR235C,YDR217C,0,-1.6299359,0.141985222697258,0.8840000033378601,0.5342000126838684
YHR169W,YOR271C,0,-1.6303797,0.1419624239206314,0.8840000033378601,0.5343000292778015
YCL029C,YDR098C-B,0,-1.6305596,0.14193962514400482,0.8840000033378601,0.5343999862670898
YFL056C,YPL130W,0,-1.6305602,0.14191684126853943,0.8840000033378601,0.534500002861023
YGR040W,YNL294C,1,-1.6307178,0.14205457270145416,0.8849999904632568,0.534500002861023
YIL014W,YOR258W,0,-1.631179,0.14203177392482758,0.8849999904632568,0.534600019454956
YDL113C,YKL145W,0,-1.6317717,0.14200899004936218,0.8849999904632568,0.5346999764442444
YDR500C,YIL069C,0,-1.6320753,0.1419862061738968,0.8849999904632568,0.5347999930381775
YER041W,YFR034C,0,-1.6323006,0.1419634222984314,0.8849999904632568,0.5349000096321106
YDR367W,YHL006C,0,-1.6324701,0.1419406533241272,0.8849999904632568,0.5350000262260437
YPR188C,YDR463W,0,-1.6325642,0.1419178992509842,0.8849999904632568,0.535099983215332
YMR110C,YCR106W,0,-1.6326082,0.1418951451778412,0.8849999904632568,0.5351999998092651
YOR189W,YBR212W,0,-1.6331452,0.14187239110469818,0.8849999904632568,0.5353000164031982
YMR243C,YGL219C,0,-1.6334543,0.14184965193271637,0.8849999904632568,0.5353999733924866
YMR059W,YDR384C,0,-1.6345384,0.14182692766189575,0.8849999904632568,0.5354999899864197
YHR122W,YDL189W,0,-1.6357385,0.14180420339107513,0.8849999904632568,0.5356000065803528
YFR050C,YCL039W,0,-1.6357477,0.14178147912025452,0.8849999904632568,0.5357000231742859
YNL103W,YOR091W,0,-1.6359847,0.1417587697505951,0.8849999904632568,0.5357999801635742
YHR088W,YGR007W,0,-1.636252,0.14173606038093567,0.8849999904632568,0.5358999967575073
YMR081C,YNL094W,0,-1.6366053,0.14171336591243744,0.8849999904632568,0.5360000133514404
YDL175C,YDR111C,0,-1.6368243,0.1416906863451004,0.8849999904632568,0.5360999703407288
YIL119C,YGL219C,0,-1.6370242,0.14166800677776337,0.8849999904632568,0.5361999869346619
YNL142W,YOR335C,0,-1.6374636,0.14164532721042633,0.8849999904632568,0.536300003528595
YMR232W,YMR125W,0,-1.6374896,0.1416226625442505,0.8849999904632568,0.5364000201225281
YML127W,YBR268W,0,-1.637917,0.14159999787807465,0.8849999904632568,0.5364999771118164
YHR073W,YOR127W,1,-1.6381679,0.14173732697963715,0.8859999775886536,0.5364999771118164
YOR363C,YNL041C,0,-1.6383624,0.1417146474123001,0.8859999775886536,0.5365999937057495
YPL198W,YMR002W,0,-1.6384605,0.14169198274612427,0.8859999775886536,0.5367000102996826
YLR200W,YML055W,0,-1.6394244,0.14166933298110962,0.8859999775886536,0.5368000268936157
YLR362W,YJL089W,1,-1.6399007,0.14180655777454376,0.8870000243186951,0.5368000268936157
YAL011W,YDR023W,0,-1.6399333,0.14178389310836792,0.8870000243186951,0.536899983882904
YML057W,YNL216W,0,-1.6400977,0.14176122844219208,0.8870000243186951,0.5370000004768372
YPL140C,YDR464W,0,-1.6412184,0.14173857867717743,0.8870000243186951,0.5371000170707703
YDR287W,YBR094W,0,-1.641542,0.14171592891216278,0.8870000243186951,0.5371999740600586
YDL175C,YCR036W,0,-1.6415694,0.14169329404830933,0.8870000243186951,0.5372999906539917
YLR324W,YOR079C,0,-1.6419667,0.14167065918445587,0.8870000243186951,0.5374000072479248
YER142C,YGL093W,0,-1.6426264,0.1416480392217636,0.8870000243186951,0.5375000238418579
YGL098W,YGL219C,0,-1.6430064,0.14162541925907135,0.8870000243186951,0.5375999808311462
YER142C,YPR106W,0,-1.6435355,0.14160281419754028,0.8870000243186951,0.5376999974250793
YMR205C,YHR190W,0,-1.6443876,0.14158020913600922,0.8870000243186951,0.5378000140190125
YDR464W,YDR210W-C,0,-1.6444637,0.14155761897563934,0.8870000243186951,0.5378999710083008
YMR207C,YNR052C,0,-1.6445934,0.14153502881526947,0.8870000243186951,0.5379999876022339
YIL156W,YDR111C,0,-1.6449566,0.1415124386548996,0.8870000243186951,0.538100004196167
YLR194C,YNL055C,0,-1.645265,0.14148986339569092,0.8870000243186951,0.5382000207901001
YIL005W,YMR183C,0,-1.6453439,0.14146730303764343,0.8870000243186951,0.5382999777793884
YOL076W,YDR381W,0,-1.6454129,0.14144474267959595,0.8870000243186951,0.5383999943733215
YOL061W,YPL221W,0,-1.6458151,0.14142219722270966,0.8870000243186951,0.5385000109672546
YGL028C,YDR517W,0,-1.6468358,0.14139965176582336,0.8870000243186951,0.5386000275611877
YBR054W,YDR398W,0,-1.6474235,0.14137710630893707,0.8870000243186951,0.5386999845504761
YGR055W,YIL009W,0,-1.6475924,0.14135457575321198,0.8870000243186951,0.5388000011444092
YIL009W,YMR177W,0,-1.6479857,0.14133206009864807,0.8870000243186951,0.5389000177383423
YJR117W,YIL009W,0,-1.6481967,0.14130954444408417,0.8870000243186951,0.5389999747276306
YCL017C,YDR439W,0,-1.6482022,0.14128702878952026,0.8870000243186951,0.5390999913215637
YCL068C,YDR384C,0,-1.6482987,0.14126452803611755,0.8870000243186951,0.5392000079154968
YJL133C-A,YDR025W,0,-1.649171,0.14124204218387604,0.8870000243186951,0.5393000245094299
YDR217C,YNL111C,0,-1.6504965,0.14121955633163452,0.8870000243186951,0.5393999814987183
YHR009C,YJR050W,0,-1.6507713,0.141197070479393,0.8870000243186951,0.5394999980926514
YGL139W,YLR363C,0,-1.6514113,0.14117459952831268,0.8870000243186951,0.5396000146865845
YDR464W,YJL197W,0,-1.6515112,0.14115212857723236,0.8870000243186951,0.5396999716758728
YER063W,YLR001C,0,-1.6519697,0.14112967252731323,0.8870000243186951,0.5397999882698059
YDR427W,YBR049C,0,-1.6522164,0.1411072164773941,0.8870000243186951,0.539900004863739
YJR132W,YJL183W,0,-1.6524962,0.14108477532863617,0.8870000243186951,0.5400000214576721
YML061C,YDR384C,0,-1.6528375,0.14106233417987823,0.8870000243186951,0.5400999784469604
YDR129C,YLR154W-C,0,-1.6537423,0.1410399079322815,0.8870000243186951,0.5401999950408936
YOL135C,YIL043C,0,-1.654094,0.14101748168468475,0.8870000243186951,0.5403000116348267
YAL019W,YDR517W,0,-1.6542307,0.1409950703382492,0.8870000243186951,0.5404000282287598
YHR009C,YBR218C,0,-1.6543894,0.14097265899181366,0.8870000243186951,0.5404999852180481
YDL175C,YOR081C,0,-1.6544149,0.1409502625465393,0.8870000243186951,0.5406000018119812
YGL105W,YER015W,0,-1.6546644,0.14092786610126495,0.8870000243186951,0.5407000184059143
YKL196C,YGL127C,0,-1.654738,0.1409054845571518,0.8870000243186951,0.5407999753952026
YDR439W,YHR024C,0,-1.6549795,0.14088310301303864,0.8870000243186951,0.5408999919891357
YOR091W,YOR252W,0,-1.656054,0.14086072146892548,0.8870000243186951,0.5410000085830688
YPR173C,YLR055C,0,-1.6577613,0.1408383548259735,0.8870000243186951,0.541100025177002
YFR047C,YLR263W,0,-1.6580608,0.14081600308418274,0.8870000243186951,0.5411999821662903
YCR058C,YKL080W,0,-1.6589142,0.14079365134239197,0.8870000243186951,0.5412999987602234
YDL175C,YNL038W,0,-1.6593661,0.1407712996006012,0.8870000243186951,0.5414000153541565
YKR096W,YGR193C,0,-1.6595069,0.14074896275997162,0.8870000243186951,0.5414999723434448
YKL052C,YOR249C,0,-1.6605769,0.14072664082050323,0.8870000243186951,0.5415999889373779
YJL045W,YFL011W,0,-1.6611671,0.14070431888103485,0.8870000243186951,0.541700005531311
YDR407C,YDR384C,0,-1.6611731,0.14068199694156647,0.8870000243186951,0.5418000221252441
YGR181W,YGL194C,0,-1.6614193,0.14065968990325928,0.8870000243186951,0.5418999791145325
YNL023C,YDR176W,0,-1.6621739,0.1406373828649521,0.8870000243186951,0.5419999957084656
YGL063W,YOR079C,0,-1.6627085,0.1406150907278061,0.8870000243186951,0.5421000123023987
YIL036W,YPR086W,0,-1.6627771,0.1405927985906601,0.8870000243186951,0.5422000288963318
YGL005C,YPR105C,0,-1.663311,0.1405705213546753,0.8870000243186951,0.5422999858856201
YDL072C,YCL029C,0,-1.6634488,0.1405482441186905,0.8870000243186951,0.5424000024795532
YLR384C,YGL078C,0,-1.6635969,0.14052598178386688,0.8870000243186951,0.5425000190734863
YDR441C,YGL127C,0,-1.6638968,0.14050371944904327,0.8870000243186951,0.5425999760627747
YLR023C,YGL127C,0,-1.6640985,0.14048147201538086,0.8870000243186951,0.5426999926567078
YOR247W,YLR263W,0,-1.66449,0.14045922458171844,0.8870000243186951,0.5428000092506409
YDR468C,YIL009W,0,-1.6651745,0.14043699204921722,0.8870000243186951,0.542900025844574
YBR046C,YOL051W,0,-1.6652026,0.140414759516716,0.8870000243186951,0.5429999828338623
YDR398W,YPL235W,0,-1.6658357,0.14039252698421478,0.8870000243186951,0.5430999994277954
YGR217W,YDR309C,0,-1.6663162,0.14037030935287476,0.8870000243186951,0.5432000160217285
YKL080W,YGR245C,0,-1.6670724,0.14034810662269592,0.8870000243186951,0.5432999730110168
YPR010C,YNL180C,0,-1.6674834,0.1403259038925171,0.8870000243186951,0.54339998960495
YGL028C,YPL233W,0,-1.6674933,0.14030370116233826,0.8870000243186951,0.5435000061988831
YIL106W,YHR214C-C,0,-1.6683301,0.14028151333332062,0.8870000243186951,0.5436000227928162
YDR392W,YHR111W,1,-1.6689055,0.1404174566268921,0.8880000114440918,0.5436000227928162
YNL251C,YMR035W,0,-1.6694188,0.14039525389671326,0.8880000114440918,0.5436999797821045
YLR193C,YBR131W,0,-1.6696764,0.14037306606769562,0.8880000114440918,0.5437999963760376
YBR023C,YCR106W,0,-1.6697527,0.14035087823867798,0.8880000114440918,0.5439000129699707
YPR131C,YDR365C,0,-1.6702209,0.14032869040966034,0.8880000114440918,0.5440000295639038
YIL153W,YLR363C,0,-1.6702963,0.1403065323829651,0.8880000114440918,0.5440999865531921
YNL190W,YAL019W,0,-1.671285,0.14028435945510864,0.8880000114440918,0.5442000031471252
YMR275C,YJL180C,0,-1.671297,0.1402622014284134,0.8880000114440918,0.5443000197410583
YIL019W,YJR120W,0,-1.6719673,0.14024004340171814,0.8880000114440918,0.5443999767303467
YJR118C,YBR248C,0,-1.672667,0.14021790027618408,0.8880000114440918,0.5444999933242798
YHR197W,YBR094W,0,-1.6733077,0.14019577205181122,0.8880000114440918,0.5446000099182129
YIL106W,YKR007W,0,-1.673466,0.14017364382743835,0.8880000114440918,0.544700026512146
YKL191W,YKL014C,0,-1.6740712,0.1401515156030655,0.8880000114440918,0.5447999835014343
YLR017W,YOR271C,0,-1.6744689,0.14012940227985382,0.8880000114440918,0.5449000000953674
YMR048W,YLR006C,0,-1.674571,0.14010728895664215,0.8880000114440918,0.5450000166893005
YHR122W,YDR150W,0,-1.675031,0.14008519053459167,0.8880000114440918,0.5450999736785889
YJL089W,YGL045W,1,-1.6754731,0.14022082090377808,0.8889999985694885,0.5450999736785889
YLR377C,YDR464W,0,-1.6754863,0.1401987075805664,0.8889999985694885,0.545199990272522
YDR261C,YIL173W,0,-1.6756309,0.14017659425735474,0.8889999985694885,0.5453000068664551
YNL024C,YDR021W,0,-1.6760458,0.14015449583530426,0.8889999985694885,0.5454000234603882
YMR261C,YLR382C,0,-1.6760879,0.14013241231441498,0.8889999985694885,0.5454999804496765
YIL106W,YNR048W,0,-1.6761584,0.1401103287935257,0.8889999985694885,0.5455999970436096
YBR272C,YGL016W,0,-1.6766022,0.1400882452726364,0.8889999985694885,0.5457000136375427
YNL288W,YER005W,0,-1.6767588,0.14006617665290833,0.8889999985694885,0.545799970626831
YBR038W,YOR207C,0,-1.677202,0.14004410803318024,0.8889999985694885,0.5458999872207642
YDL243C,YDR041W,0,-1.6777492,0.14002205431461334,0.8889999985694885,0.5460000038146973
YLL026W,YDL093W,0,-1.678088,0.14000000059604645,0.8889999985694885,0.5461000204086304
YJL058C,YOL086W-A,0,-1.6782815,0.13997796177864075,0.8889999985694885,0.5461999773979187
YDL175C,YLL024C,0,-1.6785059,0.13995592296123505,0.8889999985694885,0.5462999939918518
YMR076C,YKR095W-A,0,-1.679813,0.13993388414382935,0.8889999985694885,0.5464000105857849
YIL106W,YDR227W,0,-1.68012,0.13991186022758484,0.8889999985694885,0.546500027179718
YER142C,YPR010C,0,-1.680227,0.13988985121250153,0.8889999985694885,0.5465999841690063
YDR515W,YPL198W,0,-1.6802611,0.1398678421974182,0.8889999985694885,0.5467000007629395
YMR053C,YGR205W,0,-1.6804144,0.1398458331823349,0.8889999985694885,0.5468000173568726
YCR106W,YNR037C,0,-1.6806064,0.13982383906841278,0.8889999985694885,0.5468999743461609
YGR205W,YOR363C,0,-1.6806751,0.13980185985565186,0.8889999985694885,0.546999990940094
YFR024C,YGR205W,0,-1.6806834,0.13977988064289093,0.8889999985694885,0.5471000075340271
YPR010C,YDR257C,0,-1.6806996,0.13975790143013,0.8889999985694885,0.5472000241279602
YGR205W,YNL065W,0,-1.6807224,0.13973593711853027,0.8889999985694885,0.5472999811172485
YJL089W,YCR106W,0,-1.680742,0.13971397280693054,0.8889999985694885,0.5473999977111816
YDR377W,YOR195W,0,-1.6807544,0.139692023396492,0.8889999985694885,0.5475000143051147
YPR173C,YBL025W,0,-1.6807969,0.13967007398605347,0.8889999985694885,0.5475999712944031
YFR050C,YPR010C,0,-1.6810427,0.13964812457561493,0.8889999985694885,0.5476999878883362
YJL110C,YIL030C,0,-1.6810583,0.13962620496749878,0.8889999985694885,0.5478000044822693
YCL001W,YOR086C,0,-1.6810768,0.13960427045822144,0.8889999985694885,0.5479000210762024
YNL145W,YHR149C,0,-1.6811433,0.13958235085010529,0.8889999985694885,0.5479999780654907
YOL011W,YER159C,0,-1.681201,0.13956044614315033,0.8889999985694885,0.5480999946594238
YDR377W,YDR150W,0,-1.681201,0.13953852653503418,0.8889999985694885,0.5482000112533569
YGR204W,YKL043W,0,-1.681201,0.13951663672924042,0.8889999985694885,0.54830002784729
YDR057W,YPR141C,0,-1.681201,0.13949474692344666,0.8889999985694885,0.5483999848365784
YHR024C,YOR086C,0,-1.681201,0.1394728571176529,0.8889999985694885,0.5485000014305115
YBR248C,YKL043W,0,-1.681201,0.13945098221302032,0.8889999985694885,0.5486000180244446
YKL043W,YOR343C-A,0,-1.681201,0.13942910730838776,0.8889999985694885,0.5486999750137329
YLR227W-A,YKL043W,0,-1.681201,0.13940724730491638,0.8889999985694885,0.548799991607666
YIL106W,YHR001W-A,0,-1.681201,0.139385387301445,0.8889999985694885,0.5489000082015991
YDR025W,YNL130C,0,-1.681201,0.13936354219913483,0.8889999985694885,0.5490000247955322
YAL019W,YPL224C,0,-1.681201,0.13934169709682465,0.8889999985694885,0.5490999817848206
YBL013W,YKL043W,0,-1.681201,0.13931985199451447,0.8889999985694885,0.5491999983787537
YPR173C,YBR049C,0,-1.681201,0.13929802179336548,0.8889999985694885,0.5493000149726868
YLR011W,YDR301W,0,-1.681201,0.13927620649337769,0.8889999985694885,0.5493999719619751
YKL191W,YDR025W,0,-1.681201,0.1392543911933899,0.8889999985694885,0.5494999885559082
YLL018C,YCL016C,0,-1.681201,0.1392325758934021,0.8889999985694885,0.5496000051498413
YKR079C,YKL043W,0,-1.681201,0.1392107754945755,0.8889999985694885,0.5497000217437744
YKL043W,YGR122W,0,-1.681201,0.1391889750957489,0.8889999985694885,0.5497999787330627
YGR217W,YER159C,0,-1.681201,0.1391671895980835,0.8889999985694885,0.5498999953269958
YLR011W,YDR412W,0,-1.681201,0.1391454041004181,0.8889999985694885,0.550000011920929
YGR174C,YER159C,0,-1.681201,0.13912363350391388,0.8889999985694885,0.5501000285148621
YNL318C,YNL063W,0,-1.681201,0.13910186290740967,0.8889999985694885,0.5501999855041504
YGL126W,YKL043W,0,-1.681201,0.13908010721206665,0.8889999985694885,0.5503000020980835
YLR011W,YER129W,0,-1.681201,0.13905835151672363,0.8889999985694885,0.5504000186920166
YIL069C,YDR464W,0,-1.681201,0.13903659582138062,0.8889999985694885,0.5504999756813049
YLR011W,YDR246W,0,-1.681201,0.1390148550271988,0.8889999985694885,0.550599992275238
YDR398W,YAL030W,0,-1.681201,0.13899311423301697,0.8889999985694885,0.5507000088691711
YPL239W,YCR106W,0,-1.681201,0.13897138833999634,0.8889999985694885,0.5508000254631042
YPL115C,YLR011W,0,-1.681201,0.1389496773481369,0.8889999985694885,0.5508999824523926
YPR154W,YER159C,0,-1.681201,0.13892795145511627,0.8889999985694885,0.5509999990463257
YNL318C,YDR160W,0,-1.681201,0.13890625536441803,0.8889999985694885,0.5511000156402588
YJL054W,YNL318C,0,-1.681201,0.1388845443725586,0.8889999985694885,0.5511999726295471
YLR011W,YLR092W,0,-1.681201,0.13886284828186035,0.8889999985694885,0.5512999892234802
YNL318C,YMR220W,0,-1.681201,0.1388411670923233,0.8889999985694885,0.5514000058174133
YKL033W,YER159C,0,-1.681201,0.13881948590278625,0.8889999985694885,0.5515000224113464
YLR011W,YFR040W,0,-1.681201,0.1387978196144104,0.8889999985694885,0.5515999794006348
YER159C,YPL156C,0,-1.681201,0.13877615332603455,0.8889999985694885,0.5516999959945679
YPR131C,YKL043W,0,-1.681201,0.1387544870376587,0.8889999985694885,0.551800012588501
YAL019W,YHR001W-A,0,-1.681201,0.13873283565044403,0.8889999985694885,0.5519000291824341
YKL043W,YGR161C,0,-1.681201,0.13871118426322937,0.8889999985694885,0.5519999861717224
YNL318C,YNL076W,0,-1.681201,0.1386895477771759,0.8889999985694885,0.5521000027656555
YHR001W-A,YOL086W-A,0,-1.681201,0.13866791129112244,0.8889999985694885,0.5522000193595886
YIL098C,YKL043W,0,-1.681201,0.13864628970623016,0.8889999985694885,0.552299976348877
YNL318C,YEL032W,0,-1.681201,0.1386246681213379,0.8889999985694885,0.5523999929428101
YER041W,YER159C,0,-1.681201,0.1386030614376068,0.8889999985694885,0.5525000095367432
YNL318C,YDR545W,0,-1.681201,0.13858145475387573,0.8889999985694885,0.5526000261306763
YLR011W,YML096W,0,-1.681201,0.13855984807014465,0.8889999985694885,0.5526999831199646
YDR439W,YCR106W,0,-1.681201,0.13853825628757477,0.8889999985694885,0.5527999997138977
YNL318C,YGR080W,0,-1.681201,0.13851666450500488,0.8889999985694885,0.5529000163078308
YLL048C,YJR054W,0,-1.681201,0.1384950876235962,0.8889999985694885,0.5529999732971191
YDR057W,YBR121C,0,-1.681201,0.1384735256433487,0.8889999985694885,0.5530999898910522
YJR109C,YDR057W,0,-1.681201,0.13845194876194,0.8889999985694885,0.5532000064849854
YOR119C,YDR384C,0,-1.681201,0.1384304016828537,0.8889999985694885,0.5533000230789185
YNL318C,YHR133C,0,-1.681201,0.1384088397026062,0.8889999985694885,0.5533999800682068
YDR384C,YGL049C,0,-1.681201,0.1383872926235199,0.8889999985694885,0.5534999966621399
YMR220W,YDR057W,0,-1.681201,0.1383657604455948,0.8889999985694885,0.553600013256073
YKL043W,YOR330C,0,-1.681201,0.13834422826766968,0.8889999985694885,0.5536999702453613
YDR100W,YKL043W,0,-1.681201,0.13832269608974457,0.8889999985694885,0.5537999868392944
YPL036W,YPR133C,0,-1.681201,0.13830117881298065,0.8889999985694885,0.5539000034332275
YLR011W,YER127W,0,-1.681201,0.13827967643737793,0.8889999985694885,0.5540000200271606
YIL053W,YOR086C,0,-1.681201,0.138258159160614,0.8889999985694885,0.554099977016449
YOR049C,YER159C,0,-1.681201,0.13823667168617249,0.8889999985694885,0.5541999936103821
YNL024C,YGL151W,0,-1.681201,0.13821516931056976,0.8889999985694885,0.5543000102043152
YHR197W,YER159C,0,-1.681201,0.13819368183612823,0.8889999985694885,0.5544000267982483
YAL019W,YGR057C,0,-1.681201,0.1381722092628479,0.8889999985694885,0.5544999837875366
YAL048C,YPL203W,0,-1.681201,0.13815073668956757,0.8889999985694885,0.5546000003814697
YDR150W,YPR010C,0,-1.681201,0.13812927901744843,0.8889999985694885,0.5547000169754028
YNL328C,YDL175C,0,-1.681201,0.13810782134532928,0.8889999985694885,0.5547999739646912
YHL003C,YKL043W,0,-1.681201,0.13808636367321014,0.8889999985694885,0.5548999905586243
YDL160C,YJR054W,0,-1.681201,0.1380649209022522,0.8889999985694885,0.5550000071525574
YKL145W,YBR212W,0,-1.681201,0.13804347813129425,0.8889999985694885,0.5551000237464905
YDL113C,YNL024C,0,-1.681201,0.1380220502614975,0.8889999985694885,0.5551999807357788
YOR189W,YNL318C,0,-1.681201,0.13800062239170074,0.8889999985694885,0.5552999973297119
YPR007C,YER159C,0,-1.681201,0.13797920942306519,0.8889999985694885,0.555400013923645
YNL318C,YMR242C,0,-1.681201,0.13795779645442963,0.8889999985694885,0.5554999709129333
YKR095W-A,YDR057W,0,-1.681201,0.13793638348579407,0.8889999985694885,0.5555999875068665
YIL096C,YER159C,0,-1.681201,0.1379149854183197,0.8889999985694885,0.5557000041007996
YLR011W,YKR049C,0,-1.681201,0.13789358735084534,0.8889999985694885,0.5558000206947327
YNL318C,YOR357C,0,-1.681201,0.13787220418453217,0.8889999985694885,0.555899977684021
YMR002W,YAL026C,0,-1.681201,0.1378508359193802,0.8889999985694885,0.5559999942779541
YBR049C,YOR086C,0,-1.681201,0.13782945275306702,0.8889999985694885,0.5561000108718872
YKR075C,YKL043W,0,-1.681201,0.13780808448791504,0.8889999985694885,0.5562000274658203
YBR049C,YPL075W,0,-1.681201,0.13778673112392426,0.8889999985694885,0.5562999844551086
YLR083C,YNL318C,0,-1.681201,0.13776537775993347,0.8889999985694885,0.5564000010490417
YOR207C,YPL203W,0,-1.681201,0.13774403929710388,0.8889999985694885,0.5565000176429749
YNL294C,YER159C,0,-1.681201,0.1377227008342743,0.8889999985694885,0.5565999746322632
YLR324W,YNL318C,0,-1.681201,0.1377013623714447,0.8889999985694885,0.5566999912261963
YOR207C,YDL113C,0,-1.681201,0.1376800388097763,0.8889999985694885,0.5568000078201294
YER159C,YDL139C,0,-1.681201,0.1376587152481079,0.8889999985694885,0.5569000244140625
YER159C,YHR193C,0,-1.681201,0.1376374065876007,0.8889999985694885,0.5569999814033508
YGR170W,YDR057W,0,-1.681201,0.1376160979270935,0.8889999985694885,0.5570999979972839
YOL076W,YLR011W,0,-1.681201,0.1375948041677475,0.8889999985694885,0.557200014591217
YKL043W,YKL058W,0,-1.681201,0.1375735104084015,0.8889999985694885,0.5572999715805054
YOR189W,YLR011W,0,-1.681201,0.13755221664905548,0.8889999985694885,0.5573999881744385
YOR207C,YPL224C,0,-1.681201,0.13753093779087067,0.8889999985694885,0.5575000047683716
YGR109W-A,YER159C,0,-1.681201,0.13750967383384705,0.8889999985694885,0.5576000213623047
YPL169C,YNL318C,0,-1.681201,0.13748839497566223,0.8889999985694885,0.557699978351593
YLR011W,YGR122W,0,-1.681201,0.1374671459197998,0.8889999985694885,0.5577999949455261
YIL053W,YMR133W,0,-1.681201,0.13744588196277618,0.8889999985694885,0.5579000115394592
YOL032W,YER071C,0,-1.681201,0.13742464780807495,0.8889999985694885,0.5580000281333923
YDR025W,YER071C,0,-1.681201,0.13740339875221252,0.8889999985694885,0.5580999851226807
YBR130C,YNL318C,0,-1.681201,0.1373821645975113,0.8889999985694885,0.5582000017166138
YPR173C,YCR031C,0,-1.681201,0.13736094534397125,0.8889999985694885,0.5583000183105469
YPL056C,YJR054W,0,-1.681201,0.1373397260904312,0.8889999985694885,0.5583999752998352
YIL106W,YPL137C,0,-1.681201,0.13731850683689117,0.8889999985694885,0.5584999918937683
YPR034W,YKL043W,0,-1.681201,0.13729730248451233,0.8889999985694885,0.5586000084877014
YPR155C,YER159C,0,-1.681201,0.13727609813213348,0.8889999985694885,0.5587000250816345
YNL156C,YBR162C,0,-1.681201,0.13725490868091583,0.8889999985694885,0.5587999820709229
YOR363C,YPL176C,0,-1.6812558,0.13723371922969818,0.8889999985694885,0.558899998664856
YGR103W,YFR024C-A,0,-1.6812643,0.13721252977848053,0.8889999985694885,0.5590000152587891
YMR205C,YLR384C,0,-1.6812652,0.13719135522842407,0.8889999985694885,0.5590999722480774
YGR205W,YHR139C,0,-1.6812661,0.1371701955795288,0.8889999985694885,0.5591999888420105
YJL110C,YNL081C,0,-1.6812726,0.13714902102947235,0.8889999985694885,0.5593000054359436
YNL284C-B,YBR085W,0,-1.6812882,0.13712787628173828,0.8889999985694885,0.5594000220298767
YLL048C,YBR218C,0,-1.6812912,0.1371067315340042,0.8889999985694885,0.559499979019165
YDR377W,YPR155C,0,-1.681297,0.13708558678627014,0.8889999985694885,0.5595999956130981
YCL029C,YBR090C-A,0,-1.6813072,0.13706444203853607,0.8889999985694885,0.5597000122070312
YDR377W,YBR101C,0,-1.6813366,0.1370433121919632,0.8889999985694885,0.5598000288009644
YGL063W,YER072W,0,-1.6813371,0.1370221972465515,0.8889999985694885,0.5598999857902527
YCR058C,YPR010C,0,-1.6813588,0.13700108230113983,0.8889999985694885,0.5600000023841858
YDR361C,YPR010C,0,-1.6813636,0.13697996735572815,0.8889999985694885,0.5601000189781189
YCL029C,YKL002W,0,-1.6813841,0.13695886731147766,0.8889999985694885,0.5601999759674072
YLL048C,YNL081C,0,-1.6813889,0.13693776726722717,0.8889999985694885,0.5602999925613403
YCR106W,YLL021W,0,-1.6813965,0.13691668212413788,0.8889999985694885,0.5604000091552734
YCL029C,YMR207C,0,-1.681405,0.13689559698104858,0.8889999985694885,0.5605000257492065
YNL288W,YLR384C,0,-1.6814587,0.1368745118379593,0.8889999985694885,0.5605999827384949
YER109C,YBR212W,0,-1.6814682,0.1368534415960312,0.8889999985694885,0.560699999332428
YLL048C,YOR009W,0,-1.6814691,0.13683238625526428,0.8889999985694885,0.5608000159263611
YFR024C-A,YHR005C,0,-1.6814786,0.13681133091449738,0.8889999985694885,0.5608999729156494
YHR148W,YBR085W,0,-1.6814909,0.13679027557373047,0.8889999985694885,0.5609999895095825
YPR173C,YBR089C-A,0,-1.6814929,0.13676923513412476,0.8889999985694885,0.5611000061035156
YML098W,YCR106W,0,-1.6815039,0.13674819469451904,0.8889999985694885,0.5612000226974487
YCR106W,YIL173W,0,-1.681505,0.13672715425491333,0.8889999985694885,0.5612999796867371
YGR205W,YHR118C,0,-1.6815095,0.1367061287164688,0.8889999985694885,0.5613999962806702
YOL076W,YDL123W,0,-1.6815138,0.13668511807918549,0.8889999985694885,0.5615000128746033
YGR205W,YGR030C,0,-1.6815164,0.13666410744190216,0.8889999985694885,0.5616000294685364
YNL288W,YCR106W,0,-1.6815906,0.13664309680461884,0.8889999985694885,0.5616999864578247
YHR035W,YGL063W,0,-1.6816401,0.1366221010684967,0.8889999985694885,0.5618000030517578
YOL076W,YBL100W-B,0,-1.6816549,0.13660110533237457,0.8889999985694885,0.5619000196456909
YPR010C,YLR056W,0,-1.6816945,0.13658012449741364,0.8889999985694885,0.5619999766349792
YDR545W,YCR106W,0,-1.681794,0.1365591436624527,0.8889999985694885,0.5620999932289124
YLR377C,YOL076W,0,-1.68181,0.13653816282749176,0.8889999985694885,0.5622000098228455
YDL081C,YNL055C,0,-1.6818215,0.13651719689369202,0.8889999985694885,0.5623000264167786
YPR173C,YDL098C,0,-1.6822097,0.13649623095989227,0.8889999985694885,0.5623999834060669
YCR105W,YMR009W,0,-1.682264,0.13647527992725372,0.8889999985694885,0.5625
YIL106W,YMR261C,0,-1.6822993,0.13645432889461517,0.8889999985694885,0.5626000165939331
YLL031C,YLR060W,0,-1.6823719,0.13643339276313782,0.8889999985694885,0.5626999735832214
YCL029C,YJR118C,0,-1.6824048,0.13641245663166046,0.8889999985694885,0.5627999901771545
YGL063W,YGR138C,0,-1.682427,0.1363915354013443,0.8889999985694885,0.5629000067710876
YPR173C,YDR091C,0,-1.6825655,0.13637061417102814,0.8889999985694885,0.5630000233650208
YLL048C,YGL098W,0,-1.6826062,0.13634969294071198,0.8889999985694885,0.5630999803543091
YFR024C-A,YPR007C,0,-1.6826675,0.136328786611557,0.8889999985694885,0.5631999969482422
YGR205W,YAR042W,0,-1.6827178,0.13630788028240204,0.8889999985694885,0.5633000135421753
YPR188C,YBR090C-A,0,-1.6827312,0.13628698885440826,0.8889999985694885,0.5633999705314636
YGR205W,YPL130W,0,-1.6828188,0.1362660974264145,0.8889999985694885,0.5634999871253967
YFR024C-A,YLR001C,0,-1.682836,0.13624520599842072,0.8889999985694885,0.5636000037193298
YCL029C,YLR061W,0,-1.6829038,0.13622432947158813,0.8889999985694885,0.5637000203132629
YOL121C,YPL176C,0,-1.6829388,0.13620346784591675,0.8889999985694885,0.5637999773025513
YCR106W,YDR273W,0,-1.6829394,0.13618259131908417,0.8889999985694885,0.5638999938964844
YJL174W,YOL076W,0,-1.6829641,0.13616174459457397,0.8889999985694885,0.5640000104904175
YGR205W,YPR067W,0,-1.6829773,0.1361408829689026,0.8889999985694885,0.5641000270843506
YDR377W,YLR259C,0,-1.6830715,0.1361200362443924,0.8889999985694885,0.5641999840736389
YGR205W,YGR165W,0,-1.6832736,0.1360992044210434,0.8889999985694885,0.564300000667572
YOR267C,YBR212W,0,-1.6833851,0.1360783725976944,0.8889999985694885,0.5644000172615051
YJL110C,YPL076W,0,-1.6834657,0.1360575407743454,0.8889999985694885,0.5644999742507935
YML013W,YPR010C,0,-1.683532,0.1360367238521576,0.8889999985694885,0.5645999908447266
YER041W,YER038C,0,-1.6835878,0.1360159069299698,0.8889999985694885,0.5647000074386597
YML098W,YER033C,0,-1.6836522,0.13599510490894318,0.8889999985694885,0.5648000240325928
YGR181W,YPR010C,0,-1.6836579,0.13597430288791656,0.8889999985694885,0.5648999810218811
YDR148C,YPR010C,0,-1.6837476,0.13595351576805115,0.8889999985694885,0.5649999976158142
YBR085W,YKR095W,0,-1.6841111,0.13593272864818573,0.8889999985694885,0.5651000142097473
YJL110C,YML133C,0,-1.6842031,0.1359119415283203,0.8889999985694885,0.5651999711990356
YOL076W,YBR107C,0,-1.6843543,0.1358911693096161,0.8889999985694885,0.5652999877929688
YCL029C,YGL139W,0,-1.6844263,0.13587039709091187,0.8889999985694885,0.5654000043869019
YFR024C-A,YIL030C,0,-1.6844501,0.13584963977336884,0.8889999985694885,0.565500020980835
YLL048C,YPL043W,0,-1.6844547,0.1358288824558258,0.8889999985694885,0.5655999779701233
YOR018W,YPR173C,0,-1.6844813,0.13580812513828278,0.8889999985694885,0.5656999945640564
YGR205W,YLR060W,0,-1.6845077,0.13578738272190094,0.8889999985694885,0.5658000111579895
YCL029C,YBR168W,0,-1.6845293,0.1357666403055191,0.8889999985694885,0.5659000277519226
YFR024C-A,YMR183C,0,-1.6845331,0.13574591279029846,0.8889999985694885,0.5659999847412109
YOR032C,YBR212W,0,-1.6845338,0.13572518527507782,0.8889999985694885,0.566100001335144
YBR085W,YHR149C,0,-1.6845472,0.13570447266101837,0.8889999985694885,0.5662000179290771
YJL127C,YBR085W,0,-1.6846013,0.13568376004695892,0.8889999985694885,0.5662999749183655
YJL110C,YDL134C,0,-1.6846149,0.13566306233406067,0.8889999985694885,0.5663999915122986
YJL110C,YPR155C,0,-1.6846259,0.13564234972000122,0.8889999985694885,0.5665000081062317
YIL064W,YFR024C-A,0,-1.6846719,0.13562166690826416,0.8889999985694885,0.5666000247001648
YOL076W,YKL080W,0,-1.6847839,0.1356009691953659,0.8889999985694885,0.5666999816894531
YPR173C,YJR108W,0,-1.684799,0.13558030128479004,0.8889999985694885,0.5667999982833862
YLR185W,YLR384C,0,-1.6848513,0.13555961847305298,0.8889999985694885,0.5669000148773193
YGR205W,YAL068C,0,-1.6849351,0.1355389505624771,0.8889999985694885,0.5669999718666077
YKL026C,YHR111W,0,-1.6850533,0.13551829755306244,0.8889999985694885,0.5670999884605408
YOR363C,YNL123W,0,-1.6850902,0.13549764454364777,0.8889999985694885,0.5672000050544739
YNL161W,YGL219C,0,-1.685097,0.1354769915342331,0.8889999985694885,0.567300021648407
YDR398W,YLR292C,0,-1.6851008,0.13545635342597961,0.8889999985694885,0.5673999786376953
YBR085W,YKR034W,0,-1.6852431,0.13543571531772614,0.8889999985694885,0.5674999952316284
YML127W,YPR133C,0,-1.6852932,0.13541507720947266,0.8889999985694885,0.5676000118255615
YIL106W,YKL002W,0,-1.6854199,0.13539445400238037,0.8889999985694885,0.5677000284194946
YDR500C,YBR212W,0,-1.6854885,0.13537384569644928,0.8889999985694885,0.567799985408783
YOR087W,YOR372C,0,-1.6855695,0.135353222489357,0.8889999985694885,0.5679000020027161
YPR173C,YNL286W,0,-1.685634,0.1353326290845871,0.8889999985694885,0.5680000185966492
YER179W,YBR212W,0,-1.6856672,0.135312020778656,0.8889999985694885,0.5680999755859375
YOR363C,YNL240C,0,-1.6857105,0.1352914273738861,0.8889999985694885,0.5681999921798706
YHR201C,YHR001W-A,0,-1.6857431,0.1352708488702774,0.8889999985694885,0.5683000087738037
YGR161C,YNL216W,0,-1.6860301,0.1352502703666687,0.8889999985694885,0.5684000253677368
YGR205W,YAL030W,0,-1.6860912,0.13522969186306,0.8889999985694885,0.5684999823570251
YFR024C-A,YLR337C,0,-1.6861404,0.1352091282606125,0.8889999985694885,0.5685999989509583
YOR363C,YIL069C,0,-1.686203,0.13518856465816498,0.8889999985694885,0.5687000155448914
YHR204W,YBR085W,0,-1.6862522,0.13516801595687866,0.8889999985694885,0.5687999725341797
YCL029C,YDR023W,0,-1.6862843,0.13514746725559235,0.8889999985694885,0.5688999891281128
YGR211W,YLR384C,0,-1.6866305,0.13512691855430603,0.8889999985694885,0.5690000057220459
YLL048C,YGR161W-A,0,-1.6868223,0.1351063847541809,0.8889999985694885,0.569100022315979
YJL110C,YPR180W,0,-1.6869296,0.1350858509540558,0.8889999985694885,0.5691999793052673
YOL076W,YIL107C,0,-1.687026,0.13506533205509186,0.8889999985694885,0.5692999958992004
YPR010C,YPL097W,0,-1.6872385,0.13504481315612793,0.8889999985694885,0.5694000124931335
YPR173C,YGL085W,0,-1.6872861,0.135024294257164,0.8889999985694885,0.5695000290870667
YCL029C,YNL059C,0,-1.687389,0.13500379025936127,0.8889999985694885,0.569599986076355
YBR085W,YDR165W,0,-1.6874878,0.13498330116271973,0.8889999985694885,0.5697000026702881
YKL155C,YPR010C,0,-1.687495,0.13496281206607819,0.8889999985694885,0.5698000192642212
YIL064W,YDR040C,0,-1.6876729,0.13494232296943665,0.8889999985694885,0.5698999762535095
YGR007W,YBR212W,0,-1.6879184,0.1349218338727951,0.8889999985694885,0.5699999928474426
YKR078W,YCR106W,0,-1.6879799,0.13490135967731476,0.8889999985694885,0.5701000094413757
YCL029C,YKL079W,0,-1.6879934,0.1348809003829956,0.8889999985694885,0.5702000260353088
YCR091W,YPR010C,0,-1.6885142,0.13486044108867645,0.8889999985694885,0.5702999830245972
YFR024C-A,YPR120C,0,-1.6887298,0.1348399817943573,0.8889999985694885,0.5703999996185303
YDL175C,YFR025C,0,-1.6890203,0.13481953740119934,0.8889999985694885,0.5705000162124634
YDL235C,YGR205W,0,-1.6891592,0.13479909300804138,0.8889999985694885,0.5705999732017517
YPL120W,YNL181W,0,-1.6891809,0.13477864861488342,0.8889999985694885,0.5706999897956848
YNL251C,YER060W-A,0,-1.689405,0.13475821912288666,0.8889999985694885,0.5708000063896179
YGR080W,YBR085W,0,-1.6895818,0.1347378045320511,0.8889999985694885,0.570900022983551
YNL103W,YMR261C,0,-1.6901801,0.13471737504005432,0.8889999985694885,0.5709999799728394
YLR390W-A,YOR207C,0,-1.6907535,0.13469697535037994,0.8889999985694885,0.5710999965667725
YPR154W,YLR175W,0,-1.6908705,0.13467656075954437,0.8889999985694885,0.5712000131607056
YNL284C-B,YPL138C,0,-1.6915329,0.13465616106987,0.8889999985694885,0.5713000297546387
YOR363C,YBL072C,0,-1.6917291,0.1346357762813568,0.8889999985694885,0.571399986743927
YDR359C,YGL219C,0,-1.6917466,0.13461539149284363,0.8889999985694885,0.5715000033378601
YGL063W,YDR080W,0,-1.6919476,0.13459500670433044,0.8889999985694885,0.5716000199317932
YDR122W,YGL107C,0,-1.6922916,0.13457462191581726,0.8889999985694885,0.5716999769210815
YNL328C,YLR384C,0,-1.6927233,0.13455426692962646,0.8889999985694885,0.5717999935150146
YNL024C,YLR409C,0,-1.6928424,0.13453389704227448,0.8889999985694885,0.5719000101089478
YIL144W,YLR384C,0,-1.6932744,0.13451354205608368,0.8889999985694885,0.5720000267028809
YCL029C,YPL013C,0,-1.6934862,0.13449318706989288,0.8889999985694885,0.5720999836921692
YGL076C,YPR010C,0,-1.6935735,0.13447284698486328,0.8889999985694885,0.5722000002861023
YGR212W,YIL062C,0,-1.693577,0.13445250689983368,0.8889999985694885,0.5723000168800354
YML102W,YOL061W,0,-1.694056,0.13443218171596527,0.8889999985694885,0.5723999738693237
YCL029C,YDR438W,0,-1.694325,0.13441185653209686,0.8889999985694885,0.5724999904632568
YLR384C,YOR113W,0,-1.6947441,0.13439153134822845,0.8889999985694885,0.5726000070571899
YPR173C,YHR158C,0,-1.6950116,0.13437122106552124,0.8889999985694885,0.572700023651123
YDR464W,YNR037C,0,-1.695252,0.13435091078281403,0.8889999985694885,0.5727999806404114
YML061C,YLR154W-C,0,-1.6956813,0.134330615401268,0.8889999985694885,0.5728999972343445
YLR006C,YAL011W,0,-1.695863,0.13431032001972198,0.8889999985694885,0.5730000138282776
YPR173C,YGR205W,0,-1.6960809,0.13429002463817596,0.8889999985694885,0.5730999708175659
YIL106W,YMR015C,0,-1.6962332,0.13426974415779114,0.8889999985694885,0.573199987411499
YLR075W,YPL075W,0,-1.6963165,0.1342494785785675,0.8889999985694885,0.5733000040054321
YGR205W,YIL130W,0,-1.696709,0.13422919809818268,0.8889999985694885,0.5734000205993652
YPR010C,YLR263W,0,-1.698134,0.13420893251895905,0.8889999985694885,0.5734999775886536
YOL076W,YKL138C-A,0,-1.6984785,0.1341886818408966,0.8889999985694885,0.5735999941825867
YFL035C-B,YAL019W,0,-1.6986818,0.13416843116283417,0.8889999985694885,0.5737000107765198
YOR002W,YOL032W,0,-1.6988486,0.13414818048477173,0.8889999985694885,0.5738000273704529
YNL145W,YAL019W,0,-1.6995071,0.13412794470787048,0.8889999985694885,0.5738999843597412
YPR010C,YKL081W,0,-1.699584,0.13410770893096924,0.8889999985694885,0.5740000009536743
YDL160C,YHR014W,0,-1.6999042,0.1340874880552292,0.8889999985694885,0.5741000175476074
YLR384C,YKL079W,0,-1.7003024,0.13406726717948914,0.8889999985694885,0.5741999745368958
YLR215C,YGR170W,0,-1.7003481,0.13404704630374908,0.8889999985694885,0.5742999911308289
YBR085W,YGR003W,0,-1.7005975,0.13402684032917023,0.8889999985694885,0.574400007724762
YAR042W,YLR384C,0,-1.7007724,0.13400663435459137,0.8889999985694885,0.5745000243186951
YFL025C,YMR015C,0,-1.7007749,0.1339864283800125,0.8889999985694885,0.5745999813079834
YPL126W,YDL106C,0,-1.7008632,0.13396623730659485,0.8889999985694885,0.5746999979019165
YFR024C-A,YCL016C,0,-1.7010815,0.13394606113433838,0.8889999985694885,0.5748000144958496
YIL107C,YPL178W,0,-1.7016555,0.1339258849620819,0.8889999985694885,0.5748999714851379
YKL087C,YKR095W,0,-1.701658,0.13390570878982544,0.8889999985694885,0.574999988079071
YAL015C,YOR363C,0,-1.7021966,0.13388554751873016,0.8889999985694885,0.5751000046730042
YDR292C,YGL219C,0,-1.7027811,0.1338653862476349,0.8889999985694885,0.5752000212669373
YJL181W,YNR052C,0,-1.7028092,0.1338452249765396,0.8889999985694885,0.5752999782562256
YOR192C,YDR395W,0,-1.7030401,0.13382507860660553,0.8889999985694885,0.5753999948501587
YLR426W,YOR363C,0,-1.7032722,0.13380493223667145,0.8889999985694885,0.5755000114440918
YPR067W,YOL032W,0,-1.7036399,0.13378480076789856,0.8889999985694885,0.5756000280380249
YBR268W,YOR271C,0,-1.7043245,0.13376466929912567,0.8889999985694885,0.5756999850273132
YLR185W,YLL018C,0,-1.7047647,0.13374455273151398,0.8889999985694885,0.5758000016212463
YCL029C,YMR237W,0,-1.7049284,0.1337244212627411,0.8889999985694885,0.5759000182151794
YDR377W,YAL015C,0,-1.7051158,0.1337043195962906,0.8889999985694885,0.5759999752044678
YGR082W,YNR053C,0,-1.7052162,0.1336842179298401,0.8889999985694885,0.5760999917984009
YNL133C,YCL039W,0,-1.7055511,0.1336641162633896,0.8889999985694885,0.576200008392334
YOR253W,YDL076C,0,-1.7056675,0.1336440145969391,0.8889999985694885,0.5763000249862671
YFR031C-A,YJR109C,0,-1.7077863,0.13362392783164978,0.8889999985694885,0.5763999819755554
YER032W,YPL040C,0,-1.7083907,0.13360384106636047,0.8889999985694885,0.5764999985694885
YOR016C,YBR085W,0,-1.708505,0.13358376920223236,0.8889999985694885,0.5766000151634216
YPR034W,YDR384C,0,-1.7085541,0.13356369733810425,0.8889999985694885,0.57669997215271
YLR288C,YHL015W,0,-1.7092795,0.13354364037513733,0.8889999985694885,0.5767999887466431
YEL006W,YOL086W-A,0,-1.7093067,0.1335235834121704,0.8889999985694885,0.5769000053405762
YBR233W-A,YDL175C,0,-1.7095392,0.1335035264492035,0.8889999985694885,0.5770000219345093
YJL021C,YIL030C,0,-1.7098312,0.13348348438739777,0.8889999985694885,0.5770999789237976
YOL032W,YJL173C,0,-1.7099814,0.13346344232559204,0.8889999985694885,0.5771999955177307
YPR175W,YIL009W,0,-1.7101305,0.1334434151649475,0.8889999985694885,0.5773000121116638
YIL038C,YBR212W,0,-1.7107487,0.13342338800430298,0.8889999985694885,0.5774000287055969
YDL160C,YLR044C,0,-1.7112315,0.13340336084365845,0.8889999985694885,0.5774999856948853
YOL076W,YPL254W,0,-1.7115982,0.1333833485841751,0.8889999985694885,0.5776000022888184
YLL018C,YIL087C,0,-1.7117318,0.13336333632469177,0.8889999985694885,0.5777000188827515
YGL167C,YJR054W,0,-1.712064,0.13334333896636963,0.8889999985694885,0.5777999758720398
YNL076W,YLR352W,0,-1.7121878,0.13332334160804749,0.8889999985694885,0.5778999924659729
YMR262W,YPL183C,0,-1.7138782,0.13330334424972534,0.8889999985694885,0.578000009059906
YHR185C,YHL026C,0,-1.7140912,0.1332833617925644,0.8889999985694885,0.5781000256538391
YLR194C,YDL012C,0,-1.7142386,0.13326337933540344,0.8889999985694885,0.5781999826431274
YLR384C,YNL065W,0,-1.7151186,0.1332434117794037,0.8889999985694885,0.5782999992370605
YDR235W,YNL194C,0,-1.7155447,0.13322344422340393,0.8889999985694885,0.5784000158309937
YDR287W,YJL168C,0,-1.7156844,0.13320347666740417,0.8889999985694885,0.578499972820282
YOR258W,YCR106W,0,-1.7157696,0.1331835240125656,0.8889999985694885,0.5785999894142151
YER109C,YER027C,1,-1.715791,0.1333133578300476,0.8899999856948853,0.5785999894142151
YOL055C,YDR105C,0,-1.7158715,0.13329339027404785,0.8899999856948853,0.5787000060081482
YBR119W,YPR057W,0,-1.7159388,0.1332734376192093,0.8899999856948853,0.5788000226020813
YOL076W,YBR146W,0,-1.7169707,0.13325348496437073,0.8899999856948853,0.5788999795913696
YJL089W,YOR212W,1,-1.7171241,0.13338322937488556,0.890999972820282,0.5788999795913696
YGR103W,YML133C,0,-1.7173645,0.1333632618188858,0.890999972820282,0.5789999961853027
YMR261C,YJL083W,0,-1.7178187,0.13334330916404724,0.890999972820282,0.5791000127792358
YER155C,YPL018W,0,-1.7182379,0.13332335650920868,0.890999972820282,0.579200029373169
YCL029C,YKL016C,0,-1.7182552,0.13330340385437012,0.890999972820282,0.5792999863624573
YPL280W,YML101C,0,-1.7182755,0.13328346610069275,0.890999972820282,0.5794000029563904
YGL005C,YLR352W,0,-1.7186558,0.13326352834701538,0.890999972820282,0.5795000195503235
YDR309C,YLR432W,0,-1.7193801,0.1332436054944992,0.890999972820282,0.5795999765396118
YNL024C,YLR115W,0,-1.719647,0.13322368264198303,0.890999972820282,0.5796999931335449
YML098W,YGR245C,0,-1.7201769,0.13320377469062805,0.890999972820282,0.579800009727478
YPL280W,YOR363C,0,-1.7212776,0.13318385183811188,0.890999972820282,0.5799000263214111
YDR210W-C,YDR384C,0,-1.7215271,0.1331639587879181,0.890999972820282,0.5799999833106995
YBR085W,YNL247W,0,-1.722046,0.1331440508365631,0.890999972820282,0.5800999999046326
YKL040C,YDR284C,0,-1.7222956,0.13312415778636932,0.890999972820282,0.5802000164985657
YNL103W,YLR384C,0,-1.7231904,0.13310427963733673,0.890999972820282,0.580299973487854
YML055W,YLR337C,0,-1.7236128,0.13308438658714294,0.890999972820282,0.5803999900817871
YKR085C,YHL025W,0,-1.724071,0.13306452333927155,0.890999972820282,0.5805000066757202
YDR384C,YBR045C,0,-1.7242527,0.13304464519023895,0.890999972820282,0.5806000232696533
YBL035C,YMR133W,0,-1.7245182,0.13302478194236755,0.890999972820282,0.5806999802589417
YHR006W,YDR025W,0,-1.7250987,0.13300491869449615,0.890999972820282,0.5807999968528748
YOR247W,YFR030W,0,-1.7253625,0.13298507034778595,0.890999972820282,0.5809000134468079
YPR120C,YLR384C,0,-1.7253693,0.13296522200107574,0.890999972820282,0.5809999704360962
YDR468C,YOL076W,0,-1.7255139,0.13294538855552673,0.890999972820282,0.5810999870300293
YPL209C,YHR090C,0,-1.7255929,0.13292555510997772,0.890999972820282,0.5812000036239624
YDR261C,YNR071C,0,-1.7256415,0.1329057216644287,0.890999972820282,0.5813000202178955
YNL263C,YOR363C,0,-1.7257066,0.1328859031200409,0.890999972820282,0.5813999772071838
YOL116W,YGL045W,1,-1.72607,0.1330152153968811,0.8920000195503235,0.5813999772071838
YGL063W,YPR174C,0,-1.7261403,0.1329953819513321,0.8920000195503235,0.5814999938011169
YCR106W,YJL197W,0,-1.7263329,0.13297554850578308,0.8920000195503235,0.58160001039505
YLL048C,YPL254W,0,-1.7264773,0.13295572996139526,0.8920000195503235,0.5817000269889832
YDR028C,YJL208C,0,-1.7278234,0.13293591141700745,0.8920000195503235,0.5817999839782715
YBR212W,YHL021C,0,-1.7281369,0.13291610777378082,0.8920000195503235,0.5819000005722046
YKL029C,YMR050C,0,-1.728929,0.1328963041305542,0.8920000195503235,0.5820000171661377
YMR313C,YBR212W,0,-1.7289479,0.13287651538848877,0.8920000195503235,0.582099974155426
YFR024C-A,YDR092W,0,-1.7291377,0.13285671174526215,0.8920000195503235,0.5821999907493591
YCR091W,YLR247C,0,-1.7295625,0.1328369379043579,0.8920000195503235,0.5823000073432922
YDR377W,YDR105C,0,-1.7302856,0.13281714916229248,0.8920000195503235,0.5824000239372253
YIL019W,YDR515W,0,-1.7306505,0.13279737532138824,0.8920000195503235,0.5824999809265137
YER176W,YLR345W,0,-1.7317133,0.1327776163816452,0.8920000195503235,0.5825999975204468
YEL019C,YOL084W,0,-1.7318786,0.13275785744190216,0.8920000195503235,0.5827000141143799
YCL029C,YGR007W,0,-1.7321622,0.13273809850215912,0.8920000195503235,0.5827999711036682
YDR377W,YOR192C,0,-1.7322297,0.13271833956241608,0.8920000195503235,0.5828999876976013
YGR174C,YHR201C,0,-1.7324277,0.13269859552383423,0.8920000195503235,0.5830000042915344
YOR117W,YDR135C,0,-1.7324309,0.13267886638641357,0.8920000195503235,0.5831000208854675
YMR286W,YPL210C,0,-1.7330774,0.13265913724899292,0.8920000195503235,0.5831999778747559
YPL097W,YGL219C,0,-1.7332026,0.13263940811157227,0.8920000195503235,0.583299994468689
YFR016C,YGR097W,0,-1.7335794,0.1326196789741516,0.8920000195503235,0.5834000110626221
YDR377W,YLR417W,0,-1.7336649,0.13259996473789215,0.8920000195503235,0.5835000276565552
YLL048C,YDR438W,0,-1.734354,0.13258026540279388,0.8920000195503235,0.5835999846458435
YDR439W,YNR038W,0,-1.7344819,0.13256056606769562,0.8920000195503235,0.5837000012397766
YGR046W,YOL076W,0,-1.7354178,0.13254086673259735,0.8920000195503235,0.5838000178337097
YNL023C,YKR031C,0,-1.7360739,0.13252116739749908,0.8920000195503235,0.583899974822998
YLL031C,YOR363C,0,-1.7362542,0.132501482963562,0.8920000195503235,0.5839999914169312
YJL089W,YNL119W,1,-1.7365315,0.1326303333044052,0.8930000066757202,0.5839999914169312
YNL190W,YKR083C,0,-1.7366034,0.13261063396930695,0.8930000066757202,0.5841000080108643
YPR173C,YFR024C-A,0,-1.7369972,0.13259094953536987,0.8930000066757202,0.5842000246047974
YFR024C-A,YOR273C,0,-1.7374192,0.1325712651014328,0.8930000066757202,0.5842999815940857
YHL017W,YKR079C,0,-1.7374228,0.13255158066749573,0.8930000066757202,0.5843999981880188
YNL181W,YBR295W,0,-1.7375712,0.13253191113471985,0.8930000066757202,0.5845000147819519
YGR080W,YBR162C,0,-1.7378323,0.13251224160194397,0.8930000066757202,0.5845999717712402
YAL068C,YCR106W,0,-1.7382634,0.13249258697032928,0.8930000066757202,0.5846999883651733
YMR055C,YDR301W,0,-1.739132,0.1324729323387146,0.8930000066757202,0.5848000049591064
YER031C,YGR057C,0,-1.7396079,0.13245327770709991,0.8930000066757202,0.5849000215530396
YGL078C,YFL035C-A,0,-1.7397976,0.13243363797664642,0.8930000066757202,0.5849999785423279
YCR065W,YHL011C,0,-1.7399778,0.13241399824619293,0.8930000066757202,0.585099995136261
YGL025C,YGL063W,0,-1.7401809,0.13239437341690063,0.8930000066757202,0.5852000117301941
YFR024C,YBR149W,0,-1.7404602,0.13237473368644714,0.8930000066757202,0.5853000283241272
YCR016W,YOR241W,0,-1.7408776,0.13235512375831604,0.8930000066757202,0.5853999853134155
YNL199C,YBR054W,0,-1.740887,0.13233551383018494,0.8930000066757202,0.5855000019073486
YOL076W,YER155C,0,-1.7409842,0.13231590390205383,0.8930000066757202,0.5856000185012817
YBR085W,YGR208W,0,-1.7410226,0.13229629397392273,0.8930000066757202,0.5856999754905701
YBL038W,YBR212W,0,-1.741281,0.13227669894695282,0.8930000066757202,0.5857999920845032
YPL138C,YGL049C,0,-1.7416275,0.1322571039199829,0.8930000066757202,0.5859000086784363
YDR280W,YLR181C,0,-1.7417067,0.1322375237941742,0.8930000066757202,0.5860000252723694
YNL221C,YER129W,0,-1.7418579,0.13221794366836548,0.8930000066757202,0.5860999822616577
YKR089C,YGL219C,0,-1.7423701,0.13219837844371796,0.8930000066757202,0.5861999988555908
YDL175C,YDR471W,0,-1.7426397,0.13217879831790924,0.8930000066757202,0.5863000154495239
YDL072C,YDL175C,0,-1.7427664,0.1321592479944229,0.8930000066757202,0.5863999724388123
YDL154W,YDR289C,0,-1.7431476,0.1321396827697754,0.8930000066757202,0.5864999890327454
YIL119C,YDR464W,0,-1.7431586,0.13212013244628906,0.8930000066757202,0.5866000056266785
YNL167C,YNL130C,0,-1.7433813,0.13210059702396393,0.8930000066757202,0.5867000222206116
YNL250W,YJR150C,0,-1.7455002,0.1320810467004776,0.8930000066757202,0.5867999792098999
YBR130C,YGR080W,0,-1.7459661,0.13206152617931366,0.8930000066757202,0.586899995803833
YML057W,YOR026W,0,-1.7465516,0.13204199075698853,0.8930000066757202,0.5870000123977661
YDR377W,YER060W,0,-1.747138,0.13202247023582458,0.8930000066757202,0.5871000289916992
YDR384C,YPL254W,0,-1.7474608,0.13200294971466064,0.8930000066757202,0.5871999859809875
YGL070C,YBR212W,0,-1.7475882,0.1319834440946579,0.8930000066757202,0.5873000025749207
YHR001W-A,YKL032C,0,-1.7482297,0.13196393847465515,0.8930000066757202,0.5874000191688538
YPR173C,YDR399W,0,-1.7483821,0.1319444477558136,0.8930000066757202,0.5874999761581421
YOR193W,YBR090C-A,0,-1.7490143,0.13192495703697205,0.8930000066757202,0.5875999927520752
YHL050C,YJR054W,0,-1.7494551,0.1319054663181305,0.8930000066757202,0.5877000093460083
YFR024C-A,YPL189W,0,-1.7495,0.13188599050045013,0.8930000066757202,0.5878000259399414
YAL011W,YLR384C,0,-1.7503469,0.13186651468276978,0.8930000066757202,0.5878999829292297
YGR060W,YLR150W,0,-1.751225,0.13184703886508942,0.8930000066757202,0.5879999995231628
YKL032C,YJL197W,0,-1.7519327,0.13182757794857025,0.8930000066757202,0.588100016117096
YPL225W,YDR438W,0,-1.7525549,0.1318081170320511,0.8930000066757202,0.5881999731063843
YLR384C,YNR071C,0,-1.752983,0.13178867101669312,0.8930000066757202,0.5882999897003174
YNR024W,YPL075W,0,-1.7531761,0.13176922500133514,0.8930000066757202,0.5884000062942505
YPR173C,YOR090C,0,-1.7534446,0.13174977898597717,0.8930000066757202,0.5885000228881836
YLR362W,YIL008W,1,-1.7535148,0.1318778544664383,0.8939999938011169,0.5885000228881836
YPL179W,YBL025W,0,-1.75444,0.13185840845108032,0.8939999938011169,0.5885999798774719
YML098W,YGR205W,0,-1.7544886,0.13183896243572235,0.8939999938011169,0.588699996471405
YHL011C,YGR129W,0,-1.7545916,0.13181951642036438,0.8939999938011169,0.5888000130653381
YDR105C,YBR094W,0,-1.7549707,0.1318000853061676,0.8939999938011169,0.5889000296592712
YPL176C,YKL006W,0,-1.7553794,0.13178065419197083,0.8939999938011169,0.5889999866485596
YDR005C,YJL197W,0,-1.7557598,0.13176123797893524,0.8939999938011169,0.5891000032424927
YIL037C,YDR045C,0,-1.7563044,0.13174182176589966,0.8939999938011169,0.5892000198364258
YPR068C,YGR296W,0,-1.756628,0.13172240555286407,0.8939999938011169,0.5892999768257141
YLL048C,YFR016C,0,-1.7568318,0.13170300424098969,0.8939999938011169,0.5893999934196472
YAL059W,YGL107C,0,-1.7571589,0.1316836029291153,0.8939999938011169,0.5895000100135803
YDL175C,YBL013W,0,-1.757357,0.1316642165184021,0.8939999938011169,0.5896000266075134
YDR434W,YPR010C,0,-1.7578046,0.1316448301076889,0.8939999938011169,0.5896999835968018
YDL160C,YGL005C,0,-1.757987,0.1316254436969757,0.8939999938011169,0.5898000001907349
YNL199C,YMR002W,0,-1.7579968,0.1316060721874237,0.8939999938011169,0.589900016784668
YKR064W,YDL102W,0,-1.7580788,0.1315867006778717,0.8939999938011169,0.5899999737739563
YPL248C,YER060W-A,0,-1.7582588,0.1315673291683197,0.8939999938011169,0.5900999903678894
YOL132W,YBR295W,0,-1.7586311,0.1315479725599289,0.8939999938011169,0.5902000069618225
YHR214W,YER178W,0,-1.758781,0.13152861595153809,0.8939999938011169,0.5903000235557556
YML011C,YHR024C,0,-1.7588835,0.13150927424430847,0.8939999938011169,0.590399980545044
YBR130C,YDR464W,0,-1.7589296,0.13148991763591766,0.8939999938011169,0.590499997138977
YPR173C,YDR516C,0,-1.7591022,0.13147059082984924,0.8939999938011169,0.5906000137329102
YKR085C,YLR190W,0,-1.7593608,0.13145126402378082,0.8939999938011169,0.5906999707221985
YGL092W,YDR309C,0,-1.7595553,0.1314319372177124,0.8939999938011169,0.5907999873161316
YJL162C,YMR261C,0,-1.7596124,0.13141261041164398,0.8939999938011169,0.5909000039100647
YOL076W,YGL144C,0,-1.7597705,0.13139329850673676,0.8939999938011169,0.5910000205039978
YGL139W,YPR010C,0,-1.7603798,0.13137398660182953,0.8939999938011169,0.5910999774932861
YIL014W,YCR106W,0,-1.7603798,0.1313546895980835,0.8939999938011169,0.5911999940872192
YML092C,YIL137C,0,-1.762601,0.13133539259433746,0.8939999938011169,0.5913000106811523
YLR083C,YHR142W,0,-1.762816,0.13131609559059143,0.8939999938011169,0.5914000272750854
YLR181C,YLR292C,0,-1.7640114,0.1312968134880066,0.8939999938011169,0.5914999842643738
YDR398W,YNL065W,0,-1.764133,0.13127753138542175,0.8939999938011169,0.5916000008583069
YBL072C,YPL161C,0,-1.7644708,0.1312582641839981,0.8939999938011169,0.59170001745224
YPR173C,YNL023C,0,-1.7645621,0.13123899698257446,0.8939999938011169,0.5917999744415283
YOR049C,YBR254C,0,-1.7646725,0.13121972978115082,0.8939999938011169,0.5918999910354614
YOL076W,YER139C,0,-1.7648118,0.13120046257972717,0.8939999938011169,0.5920000076293945
YLR384C,YER081W,0,-1.7648787,0.13118122518062592,0.8939999938011169,0.5921000242233276
YLL048C,YER179W,0,-1.7651346,0.13116197288036346,0.8939999938011169,0.592199981212616
YLR260W,YDR317W,0,-1.7652187,0.1311427354812622,0.8939999938011169,0.5922999978065491
YJR084W,YPL056C,0,-1.7654958,0.13112349808216095,0.8939999938011169,0.5924000144004822
YLL048C,YGL053W,0,-1.765974,0.1311042606830597,0.8939999938011169,0.5924999713897705
YER033C,YBR112C,0,-1.7659873,0.13108503818511963,0.8939999938011169,0.5925999879837036
YOL076W,YOR132W,0,-1.7660341,0.13106583058834076,0.8939999938011169,0.5927000045776367
YOL076W,YPL049C,0,-1.766335,0.1310466080904007,0.8939999938011169,0.5928000211715698
YFR024C-A,YOR358W,0,-1.7664555,0.13102740049362183,0.8939999938011169,0.5928999781608582
YKR079C,YLR017W,0,-1.7664793,0.13100820779800415,0.8939999938011169,0.5929999947547913
YFR031C-A,YDR377W,0,-1.7666361,0.13098901510238647,0.8939999938011169,0.5931000113487244
YBL035C,YMR205C,0,-1.7675955,0.1309698224067688,0.8939999938011169,0.5932000279426575
YIL030C,YDR412W,0,-1.7678285,0.13095064461231232,0.8939999938011169,0.5932999849319458
YLR384C,YMR118C,0,-1.7678933,0.13093145191669464,0.8939999938011169,0.5934000015258789
YPL203W,YDR200C,0,-1.7681658,0.13091228902339935,0.8939999938011169,0.593500018119812
YIL013C,YHR210C,0,-1.7685461,0.13089311122894287,0.8939999938011169,0.5935999751091003
YNL142W,YBL100W-B,0,-1.7688308,0.13087396323680878,0.8939999938011169,0.5936999917030334
YGL016W,YMR035W,0,-1.7689995,0.1308548003435135,0.8939999938011169,0.5938000082969666
YLR390W-A,YDR464W,0,-1.7691066,0.1308356523513794,0.8939999938011169,0.5939000248908997
YPR148C,YNL094W,0,-1.7703239,0.1308165043592453,0.8939999938011169,0.593999981880188
YLR284C,YAR042W,0,-1.7708279,0.1307973712682724,0.8939999938011169,0.5940999984741211
YMR286W,YBL014C,0,-1.7708892,0.1307782381772995,0.8939999938011169,0.5942000150680542
YHR073W,YOR212W,1,-1.7711674,0.1309053748846054,0.8949999809265137,0.5942000150680542
YMR262W,YDR384C,0,-1.7712293,0.1308862268924713,0.8949999809265137,0.5942999720573425
YGR204W,YPL225W,0,-1.7720497,0.13086707890033722,0.8949999809265137,0.5943999886512756
YJR118C,YKR072C,0,-1.7720912,0.13084794580936432,0.8949999809265137,0.5945000052452087
YNL133C,YLR259C,0,-1.7725033,0.1308288276195526,0.8949999809265137,0.5946000218391418
YDR268W,YFL026W,0,-1.7727237,0.1308097094297409,0.8949999809265137,0.5946999788284302
YBR091C,YDR343C,0,-1.7727944,0.1307905912399292,0.8949999809265137,0.5947999954223633
YPL133C,YBR086C,0,-1.7731471,0.1307714730501175,0.8949999809265137,0.5949000120162964
YPR010C,YBR015C,0,-1.7732588,0.13075236976146698,0.8949999809265137,0.5950000286102295
YGR174C,YLR200W,0,-1.7736583,0.13073328137397766,0.8949999809265137,0.5950999855995178
YOR264W,YNL118C,0,-1.773939,0.13071417808532715,0.8949999809265137,0.5952000021934509
YPL175W,YNL024C,0,-1.7751237,0.13069508969783783,0.8949999809265137,0.595300018787384
YGL046W,YGL045W,1,-1.7758486,0.13082201778888702,0.8960000276565552,0.595300018787384
YGR055W,YJR118C,0,-1.7770267,0.1308029145002365,0.8960000276565552,0.5953999757766724
YOR316C,YNL055C,0,-1.7771549,0.1307838261127472,0.8960000276565552,0.5954999923706055
YER063W,YJL186W,0,-1.777231,0.13076473772525787,0.8960000276565552,0.5956000089645386
YHR142W,YGL058W,0,-1.7776004,0.13074566423892975,0.8960000276565552,0.5957000255584717
YJL127C,YNL024C,0,-1.7777896,0.13072657585144043,0.8960000276565552,0.59579998254776
YDL106C,YDL139C,0,-1.7781072,0.1307075172662735,0.8960000276565552,0.5958999991416931
YPL203W,YDL159W,1,-1.779607,0.13083431124687195,0.8970000147819519,0.5958999991416931
YCL029C,YLR299W,0,-1.7798465,0.13081522285938263,0.8970000147819519,0.5960000157356262
YHR073W,YOR359W,0,-1.7800333,0.1307961493730545,0.8970000147819519,0.5960999727249146
YLR167W,YER142C,0,-1.7802275,0.13077707588672638,0.8970000147819519,0.5961999893188477
YNL054W,YBR168W,0,-1.780329,0.13075801730155945,0.8970000147819519,0.5963000059127808
YPR106W,YGL151W,0,-1.7804321,0.13073895871639252,0.8970000147819519,0.5964000225067139
YML067C,YNL024C,0,-1.7812979,0.13071990013122559,0.8970000147819519,0.5964999794960022
YNL183C,YCR016W,0,-1.7813097,0.13070085644721985,0.8970000147819519,0.5965999960899353
YIL106W,YDR276C,0,-1.7817607,0.1306818127632141,0.8970000147819519,0.5967000126838684
YBR029C,YPL179W,0,-1.7819417,0.13066278398036957,0.8970000147819519,0.5968000292778015
YNL094W,YLR001C,0,-1.782371,0.13064375519752502,0.8970000147819519,0.5968999862670898
YOR207C,YDR316W-B,0,-1.7826781,0.13062472641468048,0.8970000147819519,0.597000002861023
YLL031C,YKL029C,0,-1.7835215,0.13060571253299713,0.8970000147819519,0.597100019454956
YJL216C,YHR014W,0,-1.7838113,0.13058669865131378,0.8970000147819519,0.5971999764442444
YIL106W,YFR030W,0,-1.7841203,0.13056768476963043,0.8970000147819519,0.5972999930381775
YPL001W,YPL058C,0,-1.7843719,0.13054868578910828,0.8970000147819519,0.5974000096321106
YDR398W,YNL278W,0,-1.7846707,0.13052968680858612,0.8970000147819519,0.5975000262260437
YNL263C,YGR244C,0,-1.7854877,0.13051068782806396,0.8970000147819519,0.597599983215332
YDR377W,YNR071C,0,-1.7857739,0.130491703748703,0.8970000147819519,0.5976999998092651
YBL100W-B,YOL086W-A,0,-1.7862334,0.13047273457050323,0.8970000147819519,0.5978000164031982
YIR019C,YPL049C,1,-1.7862545,0.13059918582439423,0.8980000019073486,0.5978000164031982
YDR398W,YGL231C,0,-1.7870725,0.13058020174503326,0.8980000019073486,0.5978999733924866
YLR007W,YLR249W,0,-1.7871187,0.1305612027645111,0.8980000019073486,0.5979999899864197
YJL089W,YDL159W,1,-1.7871852,0.13068759441375732,0.8989999890327454,0.5979999899864197
YGL076C,YPL075W,0,-1.7874388,0.13066861033439636,0.8989999890327454,0.5981000065803528
YNL286W,YER041W,0,-1.7883317,0.1306496113538742,0.8989999890327454,0.5982000231742859
YIL008W,YDL149W,0,-1.7884108,0.13063062727451324,0.8989999890327454,0.5982999801635742
YDL175C,YOL029C,0,-1.7888819,0.13061165809631348,0.8989999890327454,0.5983999967575073
YML081W,YDR343C,0,-1.7889893,0.13059267401695251,0.8989999890327454,0.5985000133514404
YOL126C,YLR044C,0,-1.7890983,0.13057370483875275,0.8989999890327454,0.5985999703407288
YOL096C,YNL048W,0,-1.7892172,0.13055475056171417,0.8989999890327454,0.5986999869346619
YGR266W,YER081W,0,-1.7893274,0.1305357962846756,0.8989999890327454,0.598800003528595
YGR217W,YGL151W,0,-1.7895613,0.13051684200763702,0.8989999890327454,0.5989000201225281
YOR383C,YGL238W,0,-1.7895942,0.13049790263175964,0.8989999890327454,0.5989999771118164
YGL196W,YOR001W,0,-1.7900151,0.13047894835472107,0.8989999890327454,0.5990999937057495
YOR320C,YMR156C,0,-1.7903025,0.13046002388000488,0.8989999890327454,0.5992000102996826
YGL142C,YDR075W,0,-1.7909538,0.1304410845041275,0.8989999890327454,0.5993000268936157
YBR233W-A,YIL137C,0,-1.7914014,0.13042216002941132,0.8989999890327454,0.599399983882904
YKR085C,YDR464W,0,-1.7915602,0.13040325045585632,0.8989999890327454,0.5995000004768372
YOR250C,YLR466W,0,-1.7920661,0.13038434088230133,0.8989999890327454,0.5996000170707703
YDR517W,YNR033W,0,-1.7920988,0.13036543130874634,0.8989999890327454,0.5996999740600586
YKR078W,YKL006W,0,-1.7927012,0.13034652173519135,0.8989999890327454,0.5997999906539917
YKL145W,YNL278W,0,-1.7928035,0.13032762706279755,0.8989999890327454,0.5999000072479248
YHR157W,YPL117C,0,-1.7931848,0.13030874729156494,0.8989999890327454,0.6000000238418579
YGR005C,YJR054W,0,-1.7932673,0.13028985261917114,0.8989999890327454,0.6000999808311462
YIL005W,YKL087C,0,-1.793638,0.13027097284793854,0.8989999890327454,0.6001999974250793
YLL018C,YLL057C,0,-1.7938898,0.13025210797786713,0.8989999890327454,0.6003000140190125
YHR201C,YGL171W,0,-1.7943449,0.13023322820663452,0.8989999890327454,0.6003999710083008
YAL068C,YLR263W,0,-1.7948663,0.1302143633365631,0.8989999890327454,0.6004999876022339
YOR136W,YNL038W,0,-1.7952118,0.1301955133676529,0.8989999890327454,0.600600004196167
YDL175C,YPL189W,0,-1.7953441,0.13017666339874268,0.8989999890327454,0.6007000207901001
YPL262W,YMR074C,0,-1.7953603,0.13015781342983246,0.8989999890327454,0.6007999777793884
YOR026W,YDL139C,0,-1.7954772,0.13013896346092224,0.8989999890327454,0.6008999943733215
YJL094C,YKL145W,0,-1.7957577,0.13012012839317322,0.8989999890327454,0.6010000109672546
YHR096C,YBR090C-A,0,-1.7961378,0.1301013082265854,0.8989999890327454,0.6011000275611877
YEL005C,YIL009W,0,-1.7965435,0.13008247315883636,0.8989999890327454,0.6011999845504761
YPL193W,YHR133C,0,-1.7966464,0.13006365299224854,0.8989999890327454,0.6013000011444092
YLR390W-A,YIR019C,0,-1.7968527,0.1300448477268219,0.8989999890327454,0.6014000177383423
YKL079W,YKR095W,0,-1.7969278,0.13002602756023407,0.8989999890327454,0.6014999747276306
YHR111W,YPL203W,1,-1.7972045,0.13015183806419373,0.8999999761581421,0.6014999747276306
YMR050C,YDR406W,0,-1.7975643,0.1301330178976059,0.8999999761581421,0.6015999913215637
YLR004C,YPR175W,0,-1.798189,0.13011421263217926,0.8999999761581421,0.6017000079154968
YFL056C,YJL179W,0,-1.7982727,0.13009540736675262,0.8999999761581421,0.6018000245094299
YNL054W-A,YER060W,0,-1.7983093,0.130076602101326,0.8999999761581421,0.6018999814987183
YJR118C,YEL006W,0,-1.7991705,0.13005779683589935,0.8999999761581421,0.6019999980926514
YOR207C,YKL039W,0,-1.7992555,0.1300390064716339,0.8999999761581421,0.6021000146865845
YPL137C,YBR168W,0,-1.7994938,0.13002023100852966,0.8999999761581421,0.6021999716758728
YDL175C,YOR011W,0,-1.7995329,0.13000144064426422,0.8999999761581421,0.6022999882698059
YFL056C,YBR149W,0,-1.7995477,0.12998266518115997,0.8999999761581421,0.602400004863739
YKR007W,YIL043C,0,-1.7995883,0.12996390461921692,0.8999999761581421,0.6025000214576721
YDR528W,YGR161C,0,-1.7997591,0.12994512915611267,0.8999999761581421,0.6025999784469604
YLR001C,YBR180W,0,-1.7997756,0.12992636859416962,0.8999999761581421,0.6026999950408936
YDL175C,YIL148W,0,-1.8004391,0.12990762293338776,0.8999999761581421,0.6028000116348267
YAL048C,YAL028W,0,-1.8014469,0.1298888772726059,0.8999999761581421,0.6029000282287598
YPL262W,YJL212C,0,-1.8017671,0.12987013161182404,0.8999999761581421,0.6029999852180481
YJR117W,YPR180W,0,-1.802155,0.12985138595104218,0.8999999761581421,0.6031000018119812
YPR188C,YCR106W,0,-1.8022636,0.1298326551914215,0.8999999761581421,0.6032000184059143
YFR027W,YML045W,0,-1.8025442,0.12981393933296204,0.8999999761581421,0.6032999753952026
YOR260W,YLR292C,0,-1.8025924,0.12979520857334137,0.8999999761581421,0.6033999919891357
YJL110C,YOR359W,0,-1.8027778,0.1297764927148819,0.8999999761581421,0.6035000085830688
YLR432W,YDR210W-C,0,-1.8028871,0.12975779175758362,0.8999999761581421,0.603600025177002
YKL141W,YDR308C,0,-1.8036814,0.12973907589912415,0.8999999761581421,0.6036999821662903
YDR323C,YOR086C,0,-1.8038492,0.12972037494182587,0.8999999761581421,0.6037999987602234
YIL106W,YKR088C,0,-1.8039458,0.12970168888568878,0.8999999761581421,0.6039000153541565
YKL149C,YNL118C,0,-1.8040378,0.1296830028295517,0.8999999761581421,0.6039999723434448
YDL081C,YGR174C,0,-1.8041353,0.1296643167734146,0.8999999761581421,0.6040999889373779
YNR032C-A,YDR412W,0,-1.8041406,0.12964563071727753,0.8999999761581421,0.604200005531311
YMR081C,YJL133C-A,0,-1.8048718,0.12962695956230164,0.8999999761581421,0.6043000221252441
YLR001C,YDR384C,0,-1.8049722,0.12960828840732574,0.8999999761581421,0.6043999791145325
YOR080W,YIL008W,1,-1.8053626,0.1297336220741272,0.9010000228881836,0.6043999791145325
YGR082W,YGR245C,0,-1.8057591,0.1297149509191513,0.9010000228881836,0.6044999957084656
YBR034C,YER081W,0,-1.8058053,0.12969626486301422,0.9010000228881836,0.6046000123023987
YOR016C,YBR153W,0,-1.8065559,0.12967760860919952,0.9010000228881836,0.6047000288963318
YLR293C,YDL087C,0,-1.8065746,0.12965893745422363,0.9010000228881836,0.6047999858856201
YLR347C,YDL018C,0,-1.8070433,0.12964028120040894,0.9010000228881836,0.6049000024795532
YIL106W,YMR195W,0,-1.8091067,0.12962163984775543,0.9010000228881836,0.6050000190734863
YPR154W,YHR194W,0,-1.8104272,0.12960299849510193,0.9010000228881836,0.6050999760627747
YOR016C,YDR412W,0,-1.810466,0.12958435714244843,0.9010000228881836,0.6051999926567078
YLR115W,YGL194C,0,-1.8106123,0.12956571578979492,0.9010000228881836,0.6053000092506409
YDR463W,YPL049C,0,-1.8106407,0.1295470893383026,0.9010000228881836,0.605400025844574
YLL018C-A,YKR034W,0,-1.8113828,0.1295284628868103,0.9010000228881836,0.6054999828338623
YGR005C,YPR174C,0,-1.8124249,0.1295098513364792,0.9010000228881836,0.6055999994277954
YOR192C,YER139C,0,-1.8126085,0.12949123978614807,0.9010000228881836,0.6057000160217285
YLR220W,YBR193C,0,-1.8127352,0.12947262823581696,0.9010000228881836,0.6057999730110168
YJR049C,YJL173C,0,-1.8128695,0.12945401668548584,0.9010000228881836,0.60589998960495
YOL076W,YKR052C,0,-1.8136435,0.12943542003631592,0.9010000228881836,0.6060000061988831
YER062C,YBR114W,0,-1.8147199,0.1294168382883072,0.9010000228881836,0.6061000227928162
YDR098C,YKL155C,0,-1.8147368,0.12939824163913727,0.9010000228881836,0.6061999797821045
YKL132C,YOR253W,0,-1.8151864,0.12937965989112854,0.9010000228881836,0.6062999963760376
YFL025C,YPL063W,0,-1.8153994,0.129361093044281,0.9010000228881836,0.6064000129699707
YPL036W,YDR398W,0,-1.8156714,0.12934252619743347,0.9010000228881836,0.6065000295639038
YGR224W,YEL044W,0,-1.8156977,0.12932395935058594,0.9010000228881836,0.6065999865531921
YOR241W,YLR007W,0,-1.8157513,0.1293053925037384,0.9010000228881836,0.6067000031471252
YER041W,YLR435W,0,-1.8159143,0.12928684055805206,0.9010000228881836,0.6068000197410583
YLR085C,YER179W,0,-1.8168235,0.12926828861236572,0.9010000228881836,0.6068999767303467
YLL018C,YOL135C,0,-1.8169067,0.12924975156784058,0.9010000228881836,0.6069999933242798
YFR016C,YOR250C,0,-1.818018,0.12923121452331543,0.9010000228881836,0.6071000099182129
YGR057C,YPR057W,0,-1.8189511,0.12921267747879028,0.9010000228881836,0.607200026512146
YCR058C,YGR260W,0,-1.8192062,0.12919415533542633,0.9010000228881836,0.6072999835014343
YHL017W,YNL123W,0,-1.8199131,0.12917563319206238,0.9010000228881836,0.6074000000953674
YJL179W,YBR146W,0,-1.8199975,0.12915711104869843,0.9010000228881836,0.6075000166893005
YDR045C,YOR330C,0,-1.8205,0.12913860380649567,0.9010000228881836,0.6075999736785889
YDR289C,YPL061W,0,-1.8208048,0.1291200965642929,0.9010000228881836,0.607699990272522
YER063W,YFR034C,0,-1.8213668,0.12910158932209015,0.9010000228881836,0.6078000068664551
YGR217W,YDR398W,0,-1.8221021,0.12908309698104858,0.9010000228881836,0.6079000234603882
YPL133C,YDR261C,0,-1.8236575,0.12906460464000702,0.9010000228881836,0.6079999804496765
YIL153W,YDR190C,0,-1.8237844,0.12904611229896545,0.9010000228881836,0.6080999970436096
YDR441C,YLR019W,0,-1.8240716,0.12902763485908508,0.9010000228881836,0.6082000136375427
YBR090C-A,YMR153W,0,-1.8246903,0.1290091574192047,0.9010000228881836,0.608299970626831
YBR119W,YLR060W,0,-1.8252442,0.12899069488048553,0.9010000228881836,0.6083999872207642
YPL120W,YMR074C,0,-1.8254493,0.12897223234176636,0.9010000228881836,0.6085000038146973
YPL126W,YOR103C,0,-1.8254766,0.12895376980304718,0.9010000228881836,0.6086000204086304
YOR004W,YLR150W,0,-1.8258967,0.1289353221654892,0.9010000228881836,0.6086999773979187
YOR189W,YDL031W,0,-1.826077,0.1289168745279312,0.9010000228881836,0.6087999939918518
YIL144W,YBR003W,0,-1.8261784,0.12889842689037323,0.9010000228881836,0.6089000105857849
YDR098C,YJL180C,0,-1.8275876,0.12887999415397644,0.9010000228881836,0.609000027179718
YDR078C,YIL009W,0,-1.8275995,0.12886156141757965,0.9010000228881836,0.6090999841690063
YOL122C,YIL009W,0,-1.8279912,0.12884312868118286,0.9010000228881836,0.6092000007629395
YLL018C,YPL176C,0,-1.8282666,0.12882471084594727,0.9010000228881836,0.6093000173568726
YEL018W,YJR109C,0,-1.8293074,0.12880629301071167,0.9010000228881836,0.6093999743461609
YIL068C,YNL173C,0,-1.8295094,0.12878787517547607,0.9010000228881836,0.609499990940094
YBR153W,YNL216W,0,-1.8296976,0.12876947224140167,0.9010000228881836,0.6096000075340271
YLR413W,YKL099C,0,-1.8298159,0.12875106930732727,0.9010000228881836,0.6097000241279602
YCR107W,YOR236W,0,-1.8301852,0.12873268127441406,0.9010000228881836,0.6097999811172485
YGL061C,YJR131W,0,-1.8304981,0.12871427834033966,0.9010000228881836,0.6098999977111816
YGR040W,YIR019C,1,-1.8306386,0.12883873283863068,0.9020000100135803,0.6098999977111816
YOR002W,YDL175C,0,-1.8308246,0.12882032990455627,0.9020000100135803,0.6100000143051147
YLR390W-A,YNR055C,0,-1.8308969,0.12880194187164307,0.9020000100135803,0.6100999712944031
YOL069W,YGR260W,0,-1.830898,0.12878355383872986,0.9020000100135803,0.6101999878883362
YLR417W,YKR031C,0,-1.8342481,0.12876516580581665,0.9020000100135803,0.6103000044822693
YDR189W,YMR322C,0,-1.8343735,0.12874679267406464,0.9020000100135803,0.6104000210762024
YHR009C,YFL018W-A,0,-1.8344244,0.12872841954231262,0.9020000100135803,0.6104999780654907
YJR109C,YGR122W,0,-1.8348489,0.1287100464105606,0.9020000100135803,0.6105999946594238
YDR127W,YHR001W-A,0,-1.8350452,0.1286916881799698,0.9020000100135803,0.6107000112533569
YDR422C,YKL114C,0,-1.8350976,0.12867332994937897,0.9020000100135803,0.61080002784729
YPR067W,YDR019C,0,-1.8359964,0.12865497171878815,0.9020000100135803,0.6108999848365784
YIL120W,YER123W,0,-1.8376446,0.12863662838935852,0.9020000100135803,0.6110000014305115
YDR148C,YLL021W,0,-1.838024,0.1286182850599289,0.9020000100135803,0.6111000180244446
YLR333C,YHR157W,0,-1.8384666,0.12859994173049927,0.9020000100135803,0.6111999750137329
YHR006W,YKR099W,0,-1.8390853,0.12858161330223083,0.9020000100135803,0.611299991607666
YJL162C,YHR158C,0,-1.8405724,0.1285632848739624,0.9020000100135803,0.6114000082015991
YGL076C,YPL198W,0,-1.8407182,0.12854495644569397,0.9020000100135803,0.6115000247955322
YPL169C,YIL087C,0,-1.8409628,0.12852664291858673,0.9020000100135803,0.6115999817848206
YLR052W,YDR528W,0,-1.8411515,0.1285083293914795,0.9020000100135803,0.6116999983787537
YDR259C,YML076C,0,-1.8414488,0.12849003076553345,0.9020000100135803,0.6118000149726868
YHL031C,YBR121C,0,-1.8415504,0.1284717321395874,0.9020000100135803,0.6118999719619751
YNR024W,YPL183C,0,-1.842948,0.12845343351364136,0.9020000100135803,0.6119999885559082
YKL052C,YHL031C,0,-1.8436056,0.1284351348876953,0.9020000100135803,0.6121000051498413
YJR049C,YNL055C,0,-1.8444039,0.12841685116291046,0.9020000100135803,0.6122000217437744
YGL142C,YMR274C,0,-1.8444555,0.1283985823392868,0.9020000100135803,0.6122999787330627
YGL129C,YJL197W,0,-1.844492,0.12838029861450195,0.9020000100135803,0.6123999953269958
YDR189W,YGL105W,0,-1.8446712,0.1283620297908783,0.9020000100135803,0.612500011920929
YMR232W,YNL024C,0,-1.8449448,0.12834376096725464,0.9020000100135803,0.6126000285148621
YOL076W,YLR337C,0,-1.8450246,0.12832550704479218,0.9020000100135803,0.6126999855041504
YJL181W,YPL135W,0,-1.8451648,0.1283072531223297,0.9020000100135803,0.6128000020980835
YDR189W,YOL052C-A,0,-1.8453931,0.12828899919986725,0.9020000100135803,0.6129000186920166
YBR248C,YOR048C,0,-1.8457466,0.12827076017856598,0.9020000100135803,0.6129999756813049
YDR145W,YJL021C,0,-1.8474998,0.1282525211572647,0.9020000100135803,0.613099992275238
YDL235C,YKL077W,0,-1.8477635,0.12823429703712463,0.9020000100135803,0.6132000088691711
YDR308C,YNL294C,0,-1.8477637,0.12821605801582336,0.9020000100135803,0.6133000254631042
YHL017W,YDR190C,0,-1.8481311,0.1281978338956833,0.9020000100135803,0.6133999824523926
YBR189W,YLR060W,0,-1.8487029,0.1281796246767044,0.9020000100135803,0.6134999990463257
YGR266W,YGR260W,0,-1.8491309,0.12816141545772552,0.9020000100135803,0.6136000156402588
YOL076W,YOR341W,0,-1.8500868,0.12814320623874664,0.9020000100135803,0.6136999726295471
YJL179W,YKR072C,0,-1.8506205,0.12812499701976776,0.9020000100135803,0.6137999892234802
YDL220C,YDR412W,0,-1.8512349,0.12810680270195007,0.9020000100135803,0.6139000058174133
YGL189C,YGL144C,0,-1.8517389,0.12808860838413239,0.9020000100135803,0.6140000224113464
YER177W,YHR133C,0,-1.8517866,0.1280704289674759,0.9020000100135803,0.6140999794006348
YKL058W,YLL014W,0,-1.853404,0.1280522495508194,0.9020000100135803,0.6141999959945679
YOL154W,YLR384C,0,-1.8538601,0.1280340701341629,0.9020000100135803,0.614300012588501
YBR016W,YHR150W,0,-1.853974,0.1280158907175064,0.9020000100135803,0.6144000291824341
YML107C,YDR384C,0,-1.8542196,0.1279977262020111,0.9020000100135803,0.6144999861717224
YKR093W,YAL048C,0,-1.8556006,0.1279795616865158,0.9020000100135803,0.6146000027656555
YFR014C,YLL067C,0,-1.85584,0.1279614120721817,0.9020000100135803,0.6147000193595886
YER007C-A,YJL045W,0,-1.8561118,0.1279432624578476,0.9020000100135803,0.614799976348877
YIR019C,YBL005W,0,-1.8567128,0.1279251128435135,0.9020000100135803,0.6148999929428101
YAL028W,YNL164C,0,-1.8567886,0.12790697813034058,0.9020000100135803,0.6150000095367432
YDL098C,YKR100C,0,-1.8568739,0.12788884341716766,0.9020000100135803,0.6151000261306763
YDR309C,YOR227W,0,-1.8575675,0.12787070870399475,0.9020000100135803,0.6151999831199646
YPL004C,YHR214C-C,0,-1.8578763,0.12785258889198303,0.9020000100135803,0.6152999997138977
YJL183W,YCR063W,0,-1.8579626,0.1278344690799713,0.9020000100135803,0.6154000163078308
YJL089W,YIL153W,0,-1.858138,0.1278163492679596,0.9020000100135803,0.6154999732971191
YLR337C,YKL005C,0,-1.8581719,0.12779824435710907,0.9020000100135803,0.6155999898910522
YLL031C,YPR134W,0,-1.860932,0.12778013944625854,0.9020000100135803,0.6157000064849854
YDR300C,YHR020W,0,-1.8613303,0.12776203453540802,0.9020000100135803,0.6158000230789185
YPL198W,YDR365C,0,-1.8614694,0.1277439445257187,0.9020000100135803,0.6158999800682068
YOL069W,YPR175W,0,-1.861521,0.12772585451602936,0.9020000100135803,0.6159999966621399
YDR023W,YBR180W,0,-1.8619529,0.12770777940750122,0.9020000100135803,0.616100013256073
YLR384C,YBL091C,0,-1.8628768,0.1276896893978119,0.9020000100135803,0.6161999702453613
YGR181W,YDR045C,0,-1.8636444,0.12767161428928375,0.9020000100135803,0.6162999868392944
YOR236W,YLR200W,0,-1.864951,0.1276535540819168,0.9020000100135803,0.6164000034332275
YML101C,YOL055C,0,-1.8651743,0.12763549387454987,0.9020000100135803,0.6165000200271606
YLR083C,YBR095C,1,-1.866411,0.1277589201927185,0.902999997138977,0.6165000200271606
YPL207W,YMR205C,0,-1.8664591,0.12774084508419037,0.902999997138977,0.616599977016449
YGL006W,YDR040C,0,-1.8670948,0.12772276997566223,0.902999997138977,0.6166999936103821
YKL016C,YDR359C,0,-1.8673787,0.1277047097682953,0.902999997138977,0.6168000102043152
YGL096W,YER032W,0,-1.8676435,0.12768664956092834,0.902999997138977,0.6169000267982483
YPL138C,YER032W,0,-1.8676435,0.1276686042547226,0.902999997138977,0.6169999837875366
YER044C-A,YJR041C,0,-1.8681698,0.12765054404735565,0.902999997138977,0.6171000003814697
YBL038W,YBR208C,0,-1.8682613,0.1276325136423111,0.902999997138977,0.6172000169754028
YOR334W,YGL058W,0,-1.8684901,0.12761446833610535,0.902999997138977,0.6172999739646912
YBL080C,YHR169W,0,-1.8686912,0.1275964379310608,0.902999997138977,0.6173999905586243
YHL038C,YDR427W,0,-1.8687243,0.12757840752601624,0.902999997138977,0.6175000071525574
YHL028W,YFL018W-A,0,-1.8687595,0.12756039202213287,0.902999997138977,0.6176000237464905
YDR041W,YBL072C,0,-1.8691355,0.1275423765182495,0.902999997138977,0.6176999807357788
YBL035C,YOR195W,0,-1.869293,0.12752436101436615,0.902999997138977,0.6177999973297119
YIR019C,YLR083C,1,-1.8697004,0.12764756381511688,0.9039999842643738,0.6177999973297119
YOL042W,YNL054W,0,-1.869796,0.12762953341007233,0.9039999842643738,0.617900013923645
YEL020W-A,YIL043C,0,-1.870037,0.12761151790618896,0.9039999842643738,0.6179999709129333
YGL243W,YER033C,0,-1.871088,0.1275935024023056,0.9039999842643738,0.6180999875068665
YJR132W,YLR284C,0,-1.871124,0.12757550179958344,0.9039999842643738,0.6182000041007996
YBL100W-B,YCR035C,0,-1.8712113,0.12755750119686127,0.9039999842643738,0.6183000206947327
YGL104C,YKL194C,0,-1.8712327,0.1275395005941391,0.9039999842643738,0.618399977684021
YAL048C,YJL001W,0,-1.8732407,0.12752151489257812,0.9039999842643738,0.6184999942779541
YAL048C,YGR083C,0,-1.873985,0.12750352919101715,0.9039999842643738,0.6186000108718872
YOR252W,YDR517W,0,-1.8745503,0.12748554348945618,0.9039999842643738,0.6187000274658203
YHL011C,YPL175W,0,-1.8748071,0.1274675726890564,0.9039999842643738,0.6187999844551086
YDR178W,YDR005C,0,-1.8749324,0.12744960188865662,0.9039999842643738,0.6189000010490417
YKL191W,YKL196C,0,-1.875112,0.12743163108825684,0.9039999842643738,0.6190000176429749
YDR325W,YGR030C,0,-1.8752743,0.12741367518901825,0.9039999842643738,0.6190999746322632
YDR280W,YJL197W,0,-1.8754656,0.12739571928977966,0.9039999842643738,0.6191999912261963
YHR154W,YDL154W,0,-1.8756119,0.12737776339054108,0.9039999842643738,0.6193000078201294
YDR041W,YBR049C,0,-1.8762672,0.12735982239246368,0.9039999842643738,0.6194000244140625
YCR086W,YPR095C,0,-1.8763187,0.1273418813943863,0.9039999842643738,0.6194999814033508
YOR371C,YHR111W,1,-1.8771838,0.12746478617191315,0.9049999713897705,0.6194999814033508
YGR030C,YCR005C,0,-1.8772106,0.12744684517383575,0.9049999713897705,0.6195999979972839
YIL173W,YNR033W,0,-1.8776534,0.12742888927459717,0.9049999713897705,0.619700014591217
YMR275C,YNL294C,0,-1.8786168,0.12741094827651978,0.9049999713897705,0.6197999715805054
YDR041W,YLL021W,0,-1.8787992,0.12739302217960358,0.9049999713897705,0.6198999881744385
YPL116W,YKL150W,0,-1.8794193,0.12737508118152618,0.9049999713897705,0.6200000047683716
YKL080W,YPL097W,0,-1.8802296,0.12735716998577118,0.9049999713897705,0.6201000213623047
YPL116W,YNL025C,0,-1.8804623,0.12733924388885498,0.9049999713897705,0.620199978351593
YHR165C,YMR055C,0,-1.8805279,0.12732133269309998,0.9049999713897705,0.6202999949455261
YLL018C,YJR096W,0,-1.8817186,0.12730342149734497,0.9049999713897705,0.6204000115394592
YLR451W,YLR175W,0,-1.8817333,0.12728551030158997,0.9049999713897705,0.6205000281333923
YDR108W,YBL014C,0,-1.8819728,0.12726761400699615,0.9049999713897705,0.6205999851226807
YHR014W,YML082W,0,-1.8821187,0.12724971771240234,0.9049999713897705,0.6207000017166138
YDR407C,YGR017W,0,-1.8831669,0.12723183631896973,0.9049999713897705,0.6208000183105469
YOR129C,YBR191W,0,-1.8835875,0.12721394002437592,0.9049999713897705,0.6208999752998352
YML120C,YAL019W,0,-1.8838422,0.1271960586309433,0.9049999713897705,0.6209999918937683
YMR286W,YLR247C,0,-1.8840305,0.12717819213867188,0.9049999713897705,0.6211000084877014
YNL059C,YDR005C,0,-1.8851213,0.12716032564640045,0.9049999713897705,0.6212000250816345
YHR170W,YGR044C,0,-1.8867251,0.12714245915412903,0.9049999713897705,0.6212999820709229
YBR016W,YDR168W,0,-1.8868687,0.1271245926618576,0.9049999713897705,0.621399998664856
YLR083C,YPL203W,1,-1.8875198,0.1272471845149994,0.906000018119812,0.621399998664856
YML086C,YDR105C,0,-1.8877417,0.12722931802272797,0.906000018119812,0.6215000152587891
YER179W,YGR161C-D,0,-1.8880208,0.12721145153045654,0.906000018119812,0.6215999722480774
YBR131W,YNL111C,0,-1.8880217,0.1271935999393463,0.906000018119812,0.6216999888420105
YNL076W,YLR175W,0,-1.8897549,0.12717574834823608,0.906000018119812,0.6218000054359436
YJL162C,YPR155C,0,-1.8908331,0.12715789675712585,0.906000018119812,0.6219000220298767
YOR117W,YKL052C,0,-1.8909833,0.12714004516601562,0.906000018119812,0.621999979019165
YDR464W,YHR079C-B,0,-1.8912144,0.1271222084760666,0.906000018119812,0.6220999956130981
YOR334W,YEL005C,0,-1.89143,0.12710437178611755,0.906000018119812,0.6222000122070312
YIL106W,YDR045C,0,-1.8915064,0.1270865499973297,0.906000018119812,0.6223000288009644
YAL048C,YBR089C-A,0,-1.8920004,0.12706872820854187,0.906000018119812,0.6223999857902527
YGL027C,YBL005W,0,-1.8929459,0.12705090641975403,0.906000018119812,0.6225000023841858
YDL024C,YPL115C,1,-1.8932624,0.1271733045578003,0.9070000052452087,0.6225000023841858
YNL167C,YPL137C,0,-1.8933454,0.12715546786785126,0.9070000052452087,0.6226000189781189
YAR033W,YLL014W,0,-1.893625,0.12713764607906342,0.9070000052452087,0.6226999759674072
YDL230W,YDR471W,0,-1.8938787,0.12711983919143677,0.9070000052452087,0.6227999925613403
YER007C-A,YPR133C,0,-1.8963339,0.12710201740264893,0.9070000052452087,0.6229000091552734
YBR153W,YMR183C,0,-1.8964177,0.12708421051502228,0.9070000052452087,0.6230000257492065
YDR098C,YDR040C,0,-1.8971779,0.12706640362739563,0.9070000052452087,0.6230999827384949
YPR133C,YLR175W,0,-1.8978562,0.12704861164093018,0.9070000052452087,0.623199999332428
YGR040W,YLR362W,1,-1.8979682,0.1271708756685257,0.9079999923706055,0.623199999332428
YIL069C,YGR060W,0,-1.8979853,0.12715305387973785,0.9079999923706055,0.6233000159263611
YLR061W,YIL005W,0,-1.8981236,0.1271352618932724,0.9079999923706055,0.6233999729156494
YAL068C,YMR118C,0,-1.8985548,0.12711745500564575,0.9079999923706055,0.6234999895095825
YNL251C,YHR106W,0,-1.8992614,0.1270996630191803,0.9079999923706055,0.6236000061035156
YDR235W,YOR343C-A,0,-1.9001856,0.12708187103271484,0.9079999923706055,0.6237000226974487
YNR019W,YIL009W,0,-1.9002945,0.12706409394741058,0.9079999923706055,0.6237999796867371
YDR325W,YDR176W,0,-1.9007394,0.12704631686210632,0.9079999923706055,0.6238999962806702
YPL138C,YPL116W,0,-1.9012316,0.12702853977680206,0.9079999923706055,0.6240000128746033
YLR060W,YLR115W,0,-1.901534,0.127010777592659,0.9079999923706055,0.6241000294685364
YNL103W,YDR398W,0,-1.9024892,0.12699300050735474,0.9079999923706055,0.6241999864578247
YGR202C,YHR020W,0,-1.9037261,0.12697525322437286,0.9079999923706055,0.6243000030517578
YJR132W,YLR249W,0,-1.9040095,0.1269574910402298,0.9079999923706055,0.6244000196456909
YKL033W,YBR043C,0,-1.9044049,0.12693974375724792,0.9079999923706055,0.6244999766349792
YML004C,YDR257C,0,-1.9045037,0.12692199647426605,0.9079999923706055,0.6245999932289124
YOL103W-A,YDL209C,0,-1.9045792,0.12690426409244537,0.9079999923706055,0.6247000098228455
YJL089W,YIL008W,1,-1.9046754,0.1270262748003006,0.9089999794960022,0.6247000098228455
YHL050C,YER129W,0,-1.9053298,0.12700852751731873,0.9089999794960022,0.6248000264167786
YKL145W,YLR260W,0,-1.9061056,0.12699078023433685,0.9089999794960022,0.6248999834060669
YER178W,YDR080W,0,-1.908737,0.12697304785251617,0.9089999794960022,0.625
YPR188C,YDL100C,0,-1.9100698,0.1269553005695343,0.9089999794960022,0.6251000165939331
YOL116W,YGL198W,0,-1.9105507,0.12693758308887482,0.9089999794960022,0.6251999735832214
YML021C,YAL059W,0,-1.9105849,0.12691985070705414,0.9089999794960022,0.6252999901771545
YBL056W,YBR060C,0,-1.911029,0.12690213322639465,0.9089999794960022,0.6254000067710876
YOR045W,YLR333C,0,-1.9111695,0.12688441574573517,0.9089999794960022,0.6255000233650208
YCR086W,YOL086W-A,0,-1.9112682,0.12686671316623688,0.9089999794960022,0.6255999803543091
YDR430C,YGL027C,0,-1.9113109,0.1268490105867386,0.9089999794960022,0.6256999969482422
YDR009W,YBL008W,0,-1.9118665,0.1268313080072403,0.9089999794960022,0.6258000135421753
YIL119C,YHR120W,0,-1.9129939,0.1268136203289032,0.9089999794960022,0.6258999705314636
YGL058W,YKL040C,0,-1.9131302,0.1267959326505661,0.9089999794960022,0.6259999871253967
YGL028C,YDL139C,0,-1.9135169,0.126778244972229,0.9089999794960022,0.6261000037193298
YPL100W,YOL096C,0,-1.9139643,0.1267605572938919,0.9089999794960022,0.6262000203132629
YER028C,YLR058C,0,-1.9142655,0.126742884516716,0.9089999794960022,0.6262999773025513
YOL103W-A,YGL096W,0,-1.9147959,0.1267252266407013,0.9089999794960022,0.6263999938964844
YKL155C,YGL111W,0,-1.9148567,0.1267075538635254,0.9089999794960022,0.6265000104904175
YNR032C-A,YDR301W,0,-1.9154911,0.12668989598751068,0.9089999794960022,0.6266000270843506
YJL045W,YMR220W,0,-1.9165697,0.12667223811149597,0.9089999794960022,0.6266999840736389
YJL045W,YMR059W,0,-1.9165697,0.12665459513664246,0.9089999794960022,0.626800000667572
YDR516C,YDL135C,0,-1.9175011,0.12663695216178894,0.9089999794960022,0.6269000172615051
YDR213W,YGR260W,0,-1.9175293,0.12661930918693542,0.9089999794960022,0.6269999742507935
YPL146C,YGR003W,0,-1.9185704,0.1266016662120819,0.9089999794960022,0.6270999908447266
YGL115W,YMR002W,0,-1.9188153,0.1265840381383896,0.9089999794960022,0.6272000074386597
YGR120C,YHR133C,0,-1.9193118,0.12656641006469727,0.9089999794960022,0.6273000240325928
YDR148C,YPL225W,0,-1.9194293,0.12654879689216614,0.9089999794960022,0.6273999810218811
YMR009W,YOR227W,0,-1.9196002,0.126531183719635,0.9089999794960022,0.6274999976158142
YGR142W,YBR301W,0,-1.9196041,0.12651357054710388,0.9089999794960022,0.6276000142097473
YJR102C,YOR335C,0,-1.9197963,0.12649595737457275,0.9089999794960022,0.6276999711990356
YDR025W,YOL116W,0,-1.9212077,0.12647835910320282,0.9089999794960022,0.6277999877929688
YKR064W,YDR316W-B,0,-1.921217,0.12646076083183289,0.9089999794960022,0.6279000043869019
YJL059W,YGL096W,0,-1.9216155,0.12644317746162415,0.9089999794960022,0.628000020980835
YJR118C,YBR180W,0,-1.9217358,0.1264255940914154,0.9089999794960022,0.6280999779701233
YDR464W,YKL058W,0,-1.9217933,0.12640801072120667,0.9089999794960022,0.6281999945640564
YJR052W,YLR092W,0,-1.925734,0.12639042735099792,0.9089999794960022,0.6283000111579895
YDR041W,YOR357C,0,-1.9257438,0.12637285888195038,0.9089999794960022,0.6284000277519226
YGR003W,YPR007C,0,-1.9265323,0.12635529041290283,0.9089999794960022,0.6284999847412109
YNR032C-A,YDL223C,0,-1.9266346,0.12633773684501648,0.9089999794960022,0.628600001335144
YPL036W,YHR133C,0,-1.9275959,0.12632018327713013,0.9089999794960022,0.6287000179290771
YGL142C,YPR114W,0,-1.9276737,0.12630262970924377,0.9089999794960022,0.6287999749183655
YEL018W,YDL139C,0,-1.9282029,0.12628507614135742,0.9089999794960022,0.6288999915122986
YML102W,YOR330C,0,-1.9282634,0.12626753747463226,0.9089999794960022,0.6290000081062317
YIL036W,YMR055C,0,-1.9286599,0.1262499988079071,0.9089999794960022,0.6291000247001648
YDR176W,YDR259C,0,-1.9294145,0.12623247504234314,0.9089999794960022,0.6291999816894531
YPL207W,YDR021W,0,-1.9307404,0.12621493637561798,0.9089999794960022,0.6292999982833862
YDR386W,YNL054W-A,0,-1.931283,0.12619741261005402,0.9089999794960022,0.6294000148773193
YMR261C,YMR230W,0,-1.9313456,0.12617990374565125,0.9089999794960022,0.6294999718666077
YOR247W,YDR179C,0,-1.9314114,0.12616237998008728,0.9089999794960022,0.6295999884605408
YOL009C,YER109C,0,-1.9316777,0.1261448860168457,0.9089999794960022,0.6297000050544739
YLR131C,YGL192W,0,-1.9318985,0.12612737715244293,0.9089999794960022,0.629800021648407
YOR316C,YOL012C,0,-1.9323065,0.12610988318920135,0.9089999794960022,0.6298999786376953
YIL019W,YNL246W,0,-1.9323283,0.12609238922595978,0.9089999794960022,0.6299999952316284
YLR377C,YBR279W,0,-1.9326146,0.1260748952627182,0.9089999794960022,0.6301000118255615
YLR056W,YPL021W,0,-1.932864,0.12605741620063782,0.9089999794960022,0.6302000284194946
YPR067W,YDR040C,0,-1.9336481,0.12603993713855743,0.9089999794960022,0.630299985408783
YIL019W,YLR175W,0,-1.933805,0.12602245807647705,0.9089999794960022,0.6304000020027161
YDL003W,YHR133C,0,-1.9342761,0.12600499391555786,0.9089999794960022,0.6305000185966492
YNL031C,YDR276C,0,-1.9351234,0.12598752975463867,0.9089999794960022,0.6305999755859375
YGL076C,YPL253C,0,-1.9361305,0.12597006559371948,0.9089999794960022,0.6306999921798706
YLR324W,YIL137C,0,-1.9366813,0.1259526163339615,0.9089999794960022,0.6308000087738037
YFL061W,YGR142W,0,-1.9376954,0.1259351670742035,0.9089999794960022,0.6309000253677368
YML133C,YNR053C,0,-1.937754,0.1259177178144455,0.9089999794960022,0.6309999823570251
YBL008W,YHL015W,0,-1.9379566,0.1259002834558487,0.9089999794960022,0.6310999989509583
YLL066C,YNL247W,0,-1.9380182,0.1258828490972519,0.9089999794960022,0.6312000155448914
YDR377W,YPL262W,0,-1.9388827,0.1258654147386551,0.9089999794960022,0.6312999725341797
YLR085C,YKR049C,0,-1.9393351,0.1258479803800583,0.9089999794960022,0.6313999891281128
YDR500C,YOR254C,0,-1.9399583,0.12583056092262268,0.9089999794960022,0.6315000057220459
YBR078W,YOR172W,0,-1.9405818,0.12581314146518707,0.9089999794960022,0.631600022315979
YML098W,YHR197W,0,-1.9406639,0.12579573690891266,0.9089999794960022,0.6316999793052673
YHR035W,YCL044C,0,-1.9406948,0.12577833235263824,0.9089999794960022,0.6317999958992004
YLR361C,YLR175W,0,-1.9429543,0.12576092779636383,0.9089999794960022,0.6319000124931335
YDR469W,YLR260W,0,-1.9431366,0.1257435381412506,0.9089999794960022,0.6320000290870667
YNL288W,YBR188C,0,-1.9437149,0.1257261484861374,0.9089999794960022,0.632099986076355
YPL146C,YMR242C,0,-1.9442508,0.12570875883102417,0.9089999794960022,0.6322000026702881
YIL022W,YLR061W,0,-1.9446628,0.12569136917591095,0.9089999794960022,0.6323000192642212
YGR005C,YIL043C,0,-1.9448485,0.12567399442195892,0.9089999794960022,0.6323999762535095
YIL052C,YDR398W,0,-1.9452163,0.1256566196680069,0.9089999794960022,0.6324999928474426
YMR175W,YDL135C,0,-1.9457896,0.12563925981521606,0.9089999794960022,0.6326000094413757
YKL081W,YBR149W,0,-1.9466479,0.12562188506126404,0.9089999794960022,0.6327000260353088
YGR235C,YPR158W-B,0,-1.9470196,0.1256045252084732,0.9089999794960022,0.6327999830245972
YGL025C,YGR208W,0,-1.9482226,0.12558718025684357,0.9089999794960022,0.6328999996185303
YER108C,YPL115C,1,-1.9484212,0.1257079690694809,0.9100000262260437,0.6328999996185303
YGR082W,YML102W,0,-1.9494687,0.12569060921669006,0.9100000262260437,0.6330000162124634
YDR009W,YDR098C-B,0,-1.9500107,0.12567324936389923,0.9100000262260437,0.6330999732017517
YIR019C,YML013W,0,-1.9505672,0.1256558895111084,0.9100000262260437,0.6331999897956848
YPL056C,YMR149W,0,-1.9506651,0.12563854455947876,0.9100000262260437,0.6333000063896179
YDL098C,YPL169C,0,-1.9512799,0.12562119960784912,0.9100000262260437,0.633400022983551
YOR258W,YOR319W,0,-1.9517457,0.12560386955738068,0.9100000262260437,0.6334999799728394
YMR183C,YJR054W,0,-1.9518559,0.12558652460575104,0.9100000262260437,0.6335999965667725
YKL029C,YDR317W,0,-1.9521587,0.1255691945552826,0.9100000262260437,0.6337000131607056
YJL098W,YDR292C,0,-1.9525998,0.12555187940597534,0.9100000262260437,0.6338000297546387
YER179W,YIR004W,0,-1.9533805,0.1255345493555069,0.9100000262260437,0.633899986743927
YJL021C,YDR365C,0,-1.9537437,0.12551723420619965,0.9100000262260437,0.6340000033378601
YBR112C,YDR284C,0,-1.9544754,0.1254999339580536,0.9100000262260437,0.6341000199317932
YFR016C,YOL121C,0,-1.9545046,0.12548261880874634,0.9100000262260437,0.6341999769210815
YNL054W,YGL198W,0,-1.9554386,0.12546531856060028,0.9100000262260437,0.6342999935150146
YDL175C,YER063W,0,-1.9565328,0.12544803321361542,0.9100000262260437,0.6344000101089478
YLR167W,YHR169W,0,-1.9582357,0.12543073296546936,0.9100000262260437,0.6345000267028809
YER123W,YHR190W,0,-1.9589999,0.1254134476184845,0.9100000262260437,0.6345999836921692
YGL058W,YCR005C,0,-1.9596679,0.12539616227149963,0.9100000262260437,0.6347000002861023
YDR367W,YJR120W,0,-1.9606965,0.12537889182567596,0.9100000262260437,0.6348000168800354
YIL064W,YBR091C,0,-1.9608932,0.1253616213798523,0.9100000262260437,0.6348999738693237
YKL054C,YOR359W,0,-1.9612143,0.12534435093402863,0.9100000262260437,0.6349999904632568
YNL036W,YPL178W,0,-1.9612986,0.12532709538936615,0.9100000262260437,0.6351000070571899
YAR033W,YMR074C,0,-1.9614384,0.12530982494354248,0.9100000262260437,0.635200023651123
YIL119C,YER015W,0,-1.9628445,0.1252925843000412,0.9100000262260437,0.6352999806404114
YHR073W,YNL197C,1,-1.9634145,0.12541300058364868,0.9110000133514404,0.6352999806404114
YLL018C-A,YBR016W,0,-1.9645998,0.125395730137825,0.9110000133514404,0.6353999972343445
YLR085C,YNL278W,0,-1.964736,0.12537847459316254,0.9110000133514404,0.6355000138282776
YGR165W,YLL053C,0,-1.9656315,0.12536121904850006,0.9110000133514404,0.6355999708175659
YOL116W,YDR395W,0,-1.9658954,0.12534397840499878,0.9110000133514404,0.635699987411499
YOR241W,YMR074C,0,-1.9669102,0.1253267228603363,0.9110000133514404,0.6358000040054321
YMR243C,YPL001W,0,-1.9670415,0.12530949711799622,0.9110000133514404,0.6359000205993652
YDR150W,YDL135C,0,-1.9670417,0.12529225647449493,0.9110000133514404,0.6359999775886536
YPL156C,YGL219C,0,-1.9678056,0.12527503073215485,0.9110000133514404,0.6360999941825867
YOR341W,YHL035C,0,-1.9679651,0.12525780498981476,0.9110000133514404,0.6362000107765198
YPR133C,YKL005C,0,-1.968193,0.12524057924747467,0.9110000133514404,0.6363000273704529
YOR172W,YLR150W,0,-1.9685097,0.12522336840629578,0.9110000133514404,0.6363999843597412
YNL031C,YGR094W,0,-1.9689171,0.12520615756511688,0.9110000133514404,0.6365000009536743
YDR345C,YGL219C,0,-1.9693193,0.125188946723938,0.9110000133514404,0.6366000175476074
YNL286W,YBR015C,0,-1.971353,0.1251717507839203,0.9110000133514404,0.6366999745368958
YGR161W-A,YPL179W,0,-1.9717115,0.1251545548439026,0.9110000133514404,0.6367999911308289
YNL020C,YLL006W,0,-1.9725134,0.1251373589038849,0.9110000133514404,0.636900007724762
YDR280W,YOR129C,0,-1.9729273,0.12512017786502838,0.9110000133514404,0.6370000243186951
YDR145W,YOR273C,0,-1.9733863,0.12510299682617188,0.9110000133514404,0.6370999813079834
YPR134W,YHR024C,0,-1.9736273,0.12508581578731537,0.9110000133514404,0.6371999979019165
YDR108W,YCL067C,0,-1.9743023,0.12506864964962006,0.9110000133514404,0.6373000144958496
YDR482C,YPR100W,0,-1.974354,0.12505146861076355,0.9110000133514404,0.6373999714851379
YKL129C,YOR254C,0,-1.9749371,0.12503431737422943,0.9110000133514404,0.637499988079071
YHR108W,YKL002W,0,-1.9753715,0.12501715123653412,0.9110000133514404,0.6376000046730042
YNR032C-A,YNR048W,0,-1.9756763,0.125,0.9110000133514404,0.6377000212669373
YML133C,YJL089W,0,-1.9757924,0.12498284876346588,0.9110000133514404,0.6377999782562256
YER007C-A,YJR084W,0,-1.9759495,0.12496570497751236,0.9110000133514404,0.6378999948501587
YJL057C,YGR057C,0,-1.9759648,0.12494856864213943,0.9110000133514404,0.6380000114440918
YDL091C,YHR033W,0,-1.9768428,0.12493143230676651,0.9110000133514404,0.6381000280380249
YHR157W,YML055W,0,-1.9769382,0.12491430342197418,0.9110000133514404,0.6381999850273132
YLR277C,YGR266W,0,-1.9775305,0.12489717453718185,0.9110000133514404,0.6383000016212463
YOR091W,YBR034C,0,-1.9776068,0.12488005310297012,0.9110000133514404,0.6384000182151794
YDR515W,YGL194C,0,-1.9780233,0.12486293911933899,0.9110000133514404,0.6384999752044678
YLR347C,YHR154W,0,-1.9784974,0.12484582513570786,0.9110000133514404,0.6385999917984009
YDR189W,YAL019W,0,-1.9790642,0.12482871860265732,0.9110000133514404,0.638700008392334
YDR075W,YKL192C,0,-1.9791642,0.12481161952018738,0.9110000133514404,0.6388000249862671
YIL014W,YAL056W,0,-1.9792997,0.12479452043771744,0.9110000133514404,0.6388999819755554
YDR246W,YDR365C,0,-1.9808341,0.1247774288058281,0.9110000133514404,0.6389999985694885
YCR091W,YBR109C,0,-1.9822373,0.12476033717393875,0.9110000133514404,0.6391000151634216
YNL048W,YHR194W,0,-1.983859,0.12474325299263,0.9110000133514404,0.63919997215271
YDL098C,YNR019W,0,-1.983996,0.12472617626190186,0.9110000133514404,0.6392999887466431
YBR181C,YCL048W,0,-1.984072,0.1247091069817543,0.9110000133514404,0.6394000053405762
YMR041C,YIL009W,0,-1.9841201,0.12469203025102615,0.9110000133514404,0.6395000219345093
YKL099C,YNL055C,0,-1.9879966,0.1246749684214592,0.9110000133514404,0.6395999789237976
YPL100W,YDL093W,0,-1.9891897,0.12465790659189224,0.9110000133514404,0.6396999955177307
YOR241W,YBR208C,0,-1.989279,0.12464085221290588,0.9110000133514404,0.6398000121116638
YLR092W,YPL156C,0,-1.9893657,0.12462380528450012,0.9110000133514404,0.6399000287055969
YJR042W,YDR039C,0,-1.9899604,0.12460675835609436,0.9110000133514404,0.6399999856948853
YML081W,YLR249W,0,-1.9915342,0.1245897188782692,0.9110000133514404,0.6401000022888184
YKL150W,YMR074C,0,-1.992739,0.12457267940044403,0.9110000133514404,0.6402000188827515
YLR367W,YOR011W,0,-1.9944524,0.12455564737319946,0.9110000133514404,0.6402999758720398
YHL015W,YLR460C,0,-1.9946553,0.12453862279653549,0.9110000133514404,0.6403999924659729
YDR210W-C,YPL117C,0,-1.9969162,0.12452159821987152,0.9110000133514404,0.640500009059906
YIL022W,YDR244W,0,-1.9979854,0.12450458109378815,0.9110000133514404,0.6406000256538391
YLR039C,YBR180W,0,-1.9980125,0.12448756396770477,0.9110000133514404,0.6406999826431274
YHR146W,YPL056C,0,-1.9983838,0.124470554292202,0.9110000133514404,0.6407999992370605
YBR049C,YOL116W,0,-1.9984651,0.12445355206727982,0.9110000133514404,0.6409000158309937
YNL051W,YJL045W,0,-1.9993079,0.12443654984235764,0.9110000133514404,0.640999972820282
YNL287W,YBL047C,0,-1.9994802,0.12441955506801605,0.9110000133514404,0.6410999894142151
YER129W,YGR122W,0,-2.0000947,0.12440256774425507,0.9110000133514404,0.6412000060081482
YJL180C,YGR253C,0,-2.0001044,0.12438558042049408,0.9110000133514404,0.6413000226020813
YOR189W,YOR207C,0,-2.0002382,0.12436860054731369,0.9110000133514404,0.6413999795913696
YNL317W,YJR096W,0,-2.000709,0.1243516206741333,0.9110000133514404,0.6414999961853027
YGL025C,YKL150W,0,-2.0017066,0.1243346557021141,0.9110000133514404,0.6416000127792358
YOR253W,YGL226W,0,-2.0022402,0.12431768327951431,0.9110000133514404,0.641700029373169
YKR064W,YMR002W,0,-2.0022476,0.12430072575807571,0.9110000133514404,0.6417999863624573
YER176W,YOR113W,0,-2.0061631,0.12428376823663712,0.9110000133514404,0.6419000029563904
YMR059W,YHR080C,0,-2.0066247,0.12426681071519852,0.9110000133514404,0.6420000195503235
YMR048W,YDR407C,0,-2.0068054,0.12424986064434052,0.9110000133514404,0.6420999765396118
YJL186W,YBL100W-B,0,-2.0071266,0.12423291802406311,0.9110000133514404,0.6421999931335449
YLL018C,YBL038W,0,-2.00735,0.1242159828543663,0.9110000133514404,0.642300009727478
YNL183C,YOR068C,0,-2.0073683,0.1241990476846695,0.9110000133514404,0.6424000263214111
YPL207W,YNL176C,0,-2.0079875,0.12418211251497269,0.9110000133514404,0.6424999833106995
YJR109C,YPL175W,0,-2.0081012,0.12416519224643707,0.9110000133514404,0.6425999999046326
YLR451W,YNL288W,0,-2.0082574,0.12414827197790146,0.9110000133514404,0.6427000164985657
YML031W,YPL135W,0,-2.0087094,0.12413135170936584,0.9110000133514404,0.642799973487854
YHR024C,YGL085W,0,-2.0087657,0.12411443889141083,0.9110000133514404,0.6428999900817871
YDR528W,YBR218C,0,-2.0091107,0.12409753352403641,0.9110000133514404,0.6430000066757202
YER142C,YPL233W,0,-2.009172,0.12408063560724258,0.9110000133514404,0.6431000232696533
YLR223C,YPL137C,0,-2.010694,0.12406373769044876,0.9110000133514404,0.6431999802589417
YMR215W,YIL062C,0,-2.0108407,0.12404683977365494,0.9110000133514404,0.6432999968528748
YNL031C,YMR105C,0,-2.0109863,0.12402994930744171,0.9110000133514404,0.6434000134468079
YNL059C,YLR115W,0,-2.0109909,0.12401306629180908,0.9110000133514404,0.6434999704360962
YDR309C,YBR193C,0,-2.0114095,0.12399619072675705,0.9110000133514404,0.6435999870300293
YGL243W,YPR120C,0,-2.0115838,0.12397931516170502,0.9110000133514404,0.6437000036239624
YHL038C,YBR191W,0,-2.0119104,0.12396244704723358,0.9110000133514404,0.6438000202178955
YLL018C,YKL032C,0,-2.0120676,0.12394557893276215,0.9110000133514404,0.6438999772071838
YOR156C,YHR202W,0,-2.0124383,0.12392871826887131,0.9110000133514404,0.6439999938011169
YHR108W,YDR188W,0,-2.0125628,0.12391185760498047,0.9110000133514404,0.64410001039505
YOR087W,YEL001C,0,-2.0134122,0.12389501184225082,0.9110000133514404,0.6442000269889832
YDL072C,YCL017C,0,-2.0141945,0.12387815862894058,0.9110000133514404,0.6442999839782715
YPR003C,YER127W,0,-2.0146291,0.12386132031679153,0.9110000133514404,0.6444000005722046
YLR181C,YLL057C,0,-2.0150223,0.12384448200464249,0.9110000133514404,0.6445000171661377
YOR049C,YMR072W,0,-2.015058,0.12382764369249344,0.9110000133514404,0.644599974155426
YGL196W,YER127W,0,-2.0151014,0.12381082028150558,0.9110000133514404,0.6446999907493591
YMR105C,YML047C,0,-2.0153608,0.12379399687051773,0.9110000133514404,0.6448000073432922
YKR034W,YNR053C,0,-2.0157087,0.12377717345952988,0.9110000133514404,0.6449000239372253
YDL081C,YPL210C,0,-2.0161712,0.12376035749912262,0.9110000133514404,0.6449999809265137
YFR027W,YBR162W-A,0,-2.016438,0.12374354898929596,0.9110000133514404,0.6450999975204468
YDL189W,YBR131W,0,-2.0167105,0.1237267404794693,0.9110000133514404,0.6452000141143799
YML016C,YER127W,0,-2.0171509,0.12370993942022324,0.9110000133514404,0.6452999711036682
YDL160C,YGR283C,0,-2.0171864,0.12369314581155777,0.9110000133514404,0.6453999876976013
YBL063W,YHR197W,0,-2.018882,0.1236763522028923,0.9110000133514404,0.6455000042915344
YOL032W,YKL079W,0,-2.0197031,0.12365956604480743,0.9110000133514404,0.6456000208854675
YLR194C,YJL058C,0,-2.0197349,0.12364277988672256,0.9110000133514404,0.6456999778747559
YAL041W,YNL294C,1,-2.020122,0.12376170605421066,0.9120000004768372,0.6456999778747559
YKL069W,YBR272C,0,-2.0223973,0.1237449124455452,0.9120000004768372,0.645799994468689
YOR207C,YNL059C,0,-2.0228727,0.12372812628746033,0.9120000004768372,0.6459000110626221
YBR153W,YDR175C,0,-2.023156,0.12371134012937546,0.9120000004768372,0.6460000276565552
YLR223C,YER007C-A,0,-2.0235307,0.12369456142187119,0.9120000004768372,0.6460999846458435
YDR345C,YDR098C-A,0,-2.0235398,0.12367779016494751,0.9120000004768372,0.6462000012397766
YPR003C,YDR384C,0,-2.023628,0.12366101890802383,0.9120000004768372,0.6463000178337097
YOR117W,YML059C,0,-2.0237904,0.12364425510168076,0.9120000004768372,0.646399974822998
YGR178C,YOR001W,0,-2.0249586,0.12362749129533768,0.9120000004768372,0.6464999914169312
YDR441C,YLR324W,0,-2.0254843,0.1236107349395752,0.9120000004768372,0.6466000080108643
YHR035W,YGL105W,0,-2.026483,0.12359398603439331,0.9120000004768372,0.6467000246047974
YLR284C,YKR075C,0,-2.0270123,0.12357723712921143,0.9120000004768372,0.6467999815940857
YCL029C,YCR091W,0,-2.0281148,0.12356049567461014,0.9120000004768372,0.6468999981880188
YHR009C,YNL123W,0,-2.0285947,0.12354375422000885,0.9120000004768372,0.6470000147819519
YKR089C,YGR174C,0,-2.0288527,0.12352702021598816,0.9120000004768372,0.6470999717712402
YBL063W,YBR248C,0,-2.0297236,0.12351029366254807,0.9120000004768372,0.6471999883651733
YML045W,YDR092W,0,-2.0314553,0.12349356710910797,0.9120000004768372,0.6473000049591064
YPR037C,YBR191W,0,-2.031502,0.12347684800624847,0.9120000004768372,0.6474000215530396
YDR463W,YMR158W,0,-2.0317059,0.12346013635396957,0.9120000004768372,0.6474999785423279
YFL035C-B,YLR249W,0,-2.0318487,0.12344342470169067,0.9120000004768372,0.647599995136261
YPR155C,YMR001C,0,-2.03268,0.12342671304941177,0.9120000004768372,0.6477000117301941
YML086C,YFR050C,0,-2.032724,0.12341001629829407,0.9120000004768372,0.6478000283241272
YLL018C,YGL025C,0,-2.033327,0.12339331954717636,0.9120000004768372,0.6478999853134155
YKL054C,YGR030C,0,-2.0351956,0.12337662279605865,0.9120000004768372,0.6480000019073486
YNL246W,YBR089C-A,0,-2.0352404,0.12335993349552155,0.9120000004768372,0.6481000185012817
YFR014C,YPR017C,0,-2.0355003,0.12334325164556503,0.9120000004768372,0.6481999754905701
YHL038C,YNL038W,0,-2.0355155,0.12332656979560852,0.9120000004768372,0.6482999920845032
YHR210C,YNL194C,0,-2.0360887,0.1233098953962326,0.9120000004768372,0.6484000086784363
YMR081C,YPR120C,0,-2.0366335,0.12329322844743729,0.9120000004768372,0.6485000252723694
YNL048W,YGL078C,0,-2.0382717,0.12327656149864197,0.9120000004768372,0.6485999822616577
YKL134C,YLR115W,0,-2.0387454,0.12325990200042725,0.9120000004768372,0.6486999988555908
YIL013C,YOL084W,0,-2.0388188,0.12324324250221252,0.9120000004768372,0.6488000154495239
YFR024C,YLR118C,0,-2.0394168,0.1232265904545784,0.9120000004768372,0.6488999724388123
YDR513W,YGR142W,0,-2.0397243,0.12320994585752487,0.9120000004768372,0.6489999890327454
YOL144W,YAR009C,0,-2.04016,0.12319330126047134,0.9120000004768372,0.6491000056266785
YOL086W-A,YNL055C,0,-2.0409644,0.12317666411399841,0.9120000004768372,0.6492000222206116
YDR212W,YLL018C,0,-2.0412245,0.12316002696752548,0.9120000004768372,0.6492999792098999
YDR178W,YLR360W,0,-2.0420747,0.12314339727163315,0.9120000004768372,0.649399995803833
YDR464W,YNL094W,0,-2.04219,0.12312677502632141,0.9120000004768372,0.6495000123977661
YMR076C,YGL194C,0,-2.0434768,0.12311015278100967,0.9120000004768372,0.6496000289916992
YLR004C,YHR009C,0,-2.044643,0.12309353798627853,0.9120000004768372,0.6496999859809875
YDR217C,YLR328W,0,-2.0451326,0.1230769231915474,0.9120000004768372,0.6498000025749207
YOR252W,YOR068C,0,-2.0452769,0.12306031584739685,0.9120000004768372,0.6499000191688538
YOR254C,YDR135C,0,-2.0459805,0.1230437159538269,0.9120000004768372,0.6499999761581421
YIL147C,YIR026C,0,-2.0480545,0.12302711606025696,0.9120000004768372,0.6500999927520752
YJR102C,YOR207C,0,-2.0481236,0.12301052361726761,0.9120000004768372,0.6502000093460083
YDR464W,YDR289C,0,-2.0497432,0.12299393117427826,0.9120000004768372,0.6503000259399414
YBR090C-A,YCR035C,0,-2.0500274,0.1229773461818695,0.9120000004768372,0.6503999829292297
YJL096W,YLR249W,0,-2.0503607,0.12296076864004135,0.9120000004768372,0.6504999995231628
YPR095C,YOL009C,0,-2.0504668,0.1229441910982132,0.9120000004768372,0.650600016117096
YHR096C,YHR079C-B,0,-2.0531292,0.12292762100696564,0.9120000004768372,0.6506999731063843
YMR048W,YLR044C,0,-2.0547266,0.12291105091571808,0.9120000004768372,0.6507999897003174
YLL018C,YOR019W,0,-2.05513,0.12289448827505112,0.9120000004768372,0.6509000062942505
YDR515W,YMR002W,0,-2.055245,0.12287793308496475,0.9120000004768372,0.6510000228881836
YHR006W,YLR288C,0,-2.055251,0.12286137789487839,0.9120000004768372,0.6510999798774719
YDR276C,YPR180W,0,-2.0564177,0.12284483015537262,0.9120000004768372,0.651199996471405
YLR131C,YLR054C,0,-2.0564756,0.12282828241586685,0.9120000004768372,0.6513000130653381
YCL017C,YPL075W,0,-2.056994,0.12281174212694168,0.9120000004768372,0.6514000296592712
YDR075W,YJL212C,0,-2.0576863,0.1227952092885971,0.9120000004768372,0.6514999866485596
YBR029C,YOR157C,0,-2.0578575,0.12277867645025253,0.9120000004768372,0.6516000032424927
YLL048C,YJL096W,0,-2.0594847,0.12276215106248856,0.9120000004768372,0.6517000198364258
YPL224C,YKR083C,0,-2.0595016,0.12274562567472458,0.9120000004768372,0.6517999768257141
YDR145W,YOL052C-A,0,-2.0595915,0.1227291077375412,0.9120000004768372,0.6518999934196472
YMR110C,YIL130W,0,-2.060187,0.12271259725093842,0.9120000004768372,0.6520000100135803
YBR095C,YOL116W,1,-2.0629523,0.12283062189817429,0.9129999876022339,0.6520000100135803
YPR110C,YNL081C,0,-2.063893,0.12281409651041031,0.9129999876022339,0.6521000266075134
YLL018C,YDL046W,0,-2.0648036,0.12279757857322693,0.9129999876022339,0.6521999835968018
YIL036W,YMR232W,0,-2.0648327,0.12278106808662415,0.9129999876022339,0.6523000001907349
YPL171C,YLR061W,0,-2.065555,0.12276455760002136,0.9129999876022339,0.652400016784668
YOL098C,YKR095W,0,-2.0662174,0.12274804711341858,0.9129999876022339,0.6524999737739563
YBR109C,YBR090C-A,0,-2.0663772,0.12273155152797699,0.9129999876022339,0.6525999903678894
YMR232W,YOR241W,0,-2.0663824,0.1227150559425354,0.9129999876022339,0.6527000069618225
YNL317W,YFL035C-A,0,-2.0664248,0.12269856035709381,0.9129999876022339,0.6528000235557556
YDR398W,YGR003W,0,-2.0667198,0.12268207222223282,0.9129999876022339,0.652899980545044
YIL014W,YGL058W,0,-2.06672,0.12266559153795242,0.9129999876022339,0.652999997138977
YAR009C,YKL006W,0,-2.0668907,0.12264911085367203,0.9129999876022339,0.6531000137329102
YBR046C,YOR192C,0,-2.0670853,0.12263263761997223,0.9129999876022339,0.6531999707221985
YNL133C,YOL086W-A,0,-2.0675187,0.12261617183685303,0.9129999876022339,0.6532999873161316
YPR110C,YGR245C,0,-2.068091,0.12259970605373383,0.9129999876022339,0.6534000039100647
YIL062C,YGR083C,0,-2.0683868,0.12258324027061462,0.9129999876022339,0.6535000205039978
YPL141C,YOL126C,0,-2.0692637,0.12256678938865662,0.9129999876022339,0.6535999774932861
YKL192C,YFL018W-A,0,-2.069919,0.12255033850669861,0.9129999876022339,0.6536999940872192
YML013W,YHR090C,0,-2.0700648,0.1225338876247406,0.9129999876022339,0.6538000106811523
YBR114W,YNL288W,0,-2.0708673,0.12251744419336319,0.9129999876022339,0.6539000272750854
YNL286W,YDR308C,0,-2.0709434,0.12250100821256638,0.9129999876022339,0.6539999842643738
YMR076C,YDR398W,0,-2.0721197,0.12248457223176956,0.9129999876022339,0.6541000008583069
YLR154W-C,YOR195W,0,-2.0721555,0.12246814370155334,0.9129999876022339,0.65420001745224
YOL144W,YNL130C,0,-2.0726292,0.12245171517133713,0.9129999876022339,0.6542999744415283
YFL026W,YLR093C,0,-2.073948,0.12243529409170151,0.9129999876022339,0.6543999910354614
YGL061C,YLR017W,0,-2.0742087,0.12241888046264648,0.9129999876022339,0.6545000076293945
YLR037C,YPL130W,0,-2.0742443,0.12240246683359146,0.9129999876022339,0.6546000242233276
YJR132W,YFR049W,0,-2.0749805,0.12238606065511703,0.9129999876022339,0.654699981212616
YEL048C,YDR469W,0,-2.0767787,0.12236965447664261,0.9129999876022339,0.6547999978065491
YLR284C,YBR069C,0,-2.0768888,0.12235325574874878,0.9129999876022339,0.6549000144004822
YGR120C,YFL035C-A,0,-2.078174,0.12233686447143555,0.9129999876022339,0.6549999713897705
YGL016W,YKL079W,0,-2.0782106,0.12232047319412231,0.9129999876022339,0.6550999879837036
YLR023C,YDL018C,0,-2.0796645,0.12230408936738968,0.9129999876022339,0.6552000045776367
YCR036W,YGL064C,0,-2.080243,0.12228770554065704,0.9129999876022339,0.6553000211715698
YAL051W,YAL026C,0,-2.0803814,0.122271329164505,0.9129999876022339,0.6553999781608582
YBR218C,YGR161C-D,0,-2.0807328,0.12225495278835297,0.9129999876022339,0.6554999947547913
YOR372C,YML047C,0,-2.081087,0.12223858386278152,0.9129999876022339,0.6556000113487244
YHR024C,YOR009W,0,-2.0816827,0.12222222238779068,0.9129999876022339,0.6557000279426575
YDL160C,YPR114W,0,-2.081699,0.12220586091279984,0.9129999876022339,0.6557999849319458
YPL203W,YLR229C,1,-2.0826695,0.12232334166765213,0.9139999747276306,0.6557999849319458
YOL132W,YPL056C,0,-2.082871,0.12230697274208069,0.9139999747276306,0.6559000015258789
YGR181W,YNL054W,0,-2.0829532,0.12229060381650925,0.9139999747276306,0.656000018119812
YLR361C,YBL091C,0,-2.0842588,0.122274249792099,0.9139999747276306,0.6560999751091003
YKL132C,YPL233W,0,-2.0847962,0.12225788831710815,0.9139999747276306,0.6561999917030334
YPL126W,YHR020W,0,-2.0848148,0.1222415417432785,0.9139999747276306,0.6563000082969666
YLR061W,YGR083C,0,-2.0870519,0.12222519516944885,0.9139999747276306,0.6564000248908997
YLR328W,YDR395W,0,-2.0876875,0.1222088485956192,0.9139999747276306,0.656499981880188
YGL067W,YDR257C,0,-2.0878048,0.12219251692295074,0.9139999747276306,0.6565999984741211
YLR143W,YGL116W,0,-2.0883868,0.12217617779970169,0.9139999747276306,0.6567000150680542
YKL191W,YHR190W,0,-2.0897799,0.12215985357761383,0.9139999747276306,0.6567999720573425
YGR266W,YGR004W,0,-2.0911033,0.12214352190494537,0.9139999747276306,0.6568999886512756
YJL098W,YLR220W,0,-2.0928397,0.12212720513343811,0.9139999747276306,0.6570000052452087
YML067C,YPL130W,0,-2.0930686,0.12211088836193085,0.9139999747276306,0.6571000218391418
YDR439W,YJL208C,0,-2.0934186,0.12209457904100418,0.9139999747276306,0.6571999788284302
YIL007C,YLL026W,0,-2.0945854,0.12207826972007751,0.9139999747276306,0.6572999954223633
YKR034W,YCR044C,0,-2.0963185,0.12206196784973145,0.9139999747276306,0.6574000120162964
YJR120W,YJR041C,0,-2.097233,0.12204566597938538,0.9139999747276306,0.6575000286102295
YCR018C,YMR074C,0,-2.0993335,0.1220293715596199,0.9139999747276306,0.6575999855995178
YKL063C,YMR074C,0,-2.100385,0.12201308459043503,0.9139999747276306,0.6577000021934509
YDR439W,YIL069C,0,-2.100742,0.12199679762125015,0.9139999747276306,0.657800018787384
YGR005C,YOR272W,0,-2.1014147,0.12198051810264587,0.9139999747276306,0.6578999757766724
YDR482C,YCR018C,0,-2.1026351,0.1219642385840416,0.9139999747276306,0.6579999923706055
YPL209C,YBR254C,0,-2.1026697,0.12194796651601791,0.9139999747276306,0.6581000089645386
YIL119C,YMR207C,0,-2.1033077,0.12193169444799423,0.9139999747276306,0.6582000255584717
YDR075W,YJL216C,0,-2.1036787,0.12191542983055115,0.9139999747276306,0.65829998254776
YDL105W,YOR060C,0,-2.1039243,0.12189917266368866,0.9139999747276306,0.6583999991416931
YGR244C,YFR034C,0,-2.1046495,0.12188291549682617,0.9139999747276306,0.6585000157356262
YHL017W,YDL100C,0,-2.104806,0.12186666578054428,0.9139999747276306,0.6585999727249146
YCL048W,YOR195W,0,-2.1056213,0.12185042351484299,0.9139999747276306,0.6586999893188477
YPL140C,YJL179W,0,-2.1066463,0.1218341812491417,0.9139999747276306,0.6588000059127808
YLR324W,YCL054W,0,-2.1068451,0.1218179389834404,0.9139999747276306,0.6589000225067139
YGR217W,YDL113C,0,-2.106948,0.1218017041683197,0.9139999747276306,0.6589999794960022
YPL133C,YLR460C,0,-2.1077523,0.1217854768037796,0.9139999747276306,0.6590999960899353
YHR204W,YPR017C,0,-2.1078036,0.1217692494392395,0.9139999747276306,0.6592000126838684
YBL072C,YMR149W,0,-2.109271,0.12175302952528,0.9139999747276306,0.6593000292778015
YIL022W,YFL035C-A,0,-2.1097026,0.12173681706190109,0.9139999747276306,0.6593999862670898
YAL048C,YPL178W,0,-2.1101298,0.12172060459852219,0.9139999747276306,0.659500002861023
YFL005W,YER023W,0,-2.1103382,0.12170439213514328,0.9139999747276306,0.659600019454956
YAL059W,YNL081C,0,-2.1110728,0.12168818712234497,0.9139999747276306,0.6596999764442444
YKL033W,YGL126W,0,-2.1134648,0.12167198956012726,0.9139999747276306,0.6597999930381775
YMR205C,YLL021W,0,-2.115081,0.12165579944849014,0.9139999747276306,0.6599000096321106
YDR398W,YDR292C,0,-2.1154683,0.12163960933685303,0.9139999747276306,0.6600000262260437
YER041W,YGR044C,0,-2.115692,0.12162341922521591,0.9139999747276306,0.660099983215332
YHR122W,YER149C,0,-2.115818,0.1216072365641594,0.9139999747276306,0.6601999998092651
YNL024C,YKR031C,0,-2.1158185,0.12159106135368347,0.9139999747276306,0.6603000164031982
YPR131C,YML061C,0,-2.1160123,0.12157488614320755,0.9139999747276306,0.6603999733924866
YHR088W,YIL144W,0,-2.116135,0.12155871838331223,0.9139999747276306,0.6604999899864197
YDR308C,YOR136W,0,-2.1162128,0.1215425506234169,0.9139999747276306,0.6606000065803528
YPL183C,YGR142W,0,-2.1172032,0.12152639031410217,0.9139999747276306,0.6607000231742859
YAL030W,YNL063W,0,-2.1181908,0.12151023745536804,0.9139999747276306,0.6607999801635742
YGR170W,YGR208W,0,-2.1183734,0.12149408459663391,0.9139999747276306,0.6608999967575073
YOR258W,YDL149W,0,-2.119076,0.12147793918848038,0.9139999747276306,0.6610000133514404
YJL054W,YKR049C,0,-2.1198516,0.12146179378032684,0.9139999747276306,0.6610999703407288
YDR261C,YML031W,0,-2.1204474,0.1214456558227539,0.9139999747276306,0.6611999869346619
YNL181W,YBR191W,0,-2.12125,0.12142951786518097,0.9139999747276306,0.661300003528595
YKR085C,YLR299W,0,-2.1212587,0.12141338735818863,0.9139999747276306,0.6614000201225281
YOR341W,YDL139C,0,-2.1213613,0.12139726430177689,0.9139999747276306,0.6614999771118164
YER023W,YFL035C-A,0,-2.1215994,0.12138114124536514,0.9139999747276306,0.6615999937057495
YIR019C,YHR111W,1,-2.1219475,0.12149780988693237,0.9150000214576721,0.6615999937057495
YER093C,YNL024C,0,-2.1222105,0.12148167937994003,0.9150000214576721,0.6617000102996826
YBR112C,YOR113W,0,-2.122632,0.12146554887294769,0.9150000214576721,0.6618000268936157
YER044C-A,YBR121C,0,-2.1239033,0.12144942581653595,0.9150000214576721,0.661899983882904
YBL056W,YIL118W,0,-2.1253138,0.1214333102107048,0.9150000214576721,0.6620000004768372
YHL011C,YOR103C,0,-2.1265852,0.12141719460487366,0.9150000214576721,0.6621000170707703
YEL039C,YKL002W,0,-2.126966,0.12140108644962311,0.9150000214576721,0.6621999740600586
YOR002W,YBR162W-A,0,-2.128304,0.12138498574495316,0.9150000214576721,0.6622999906539917
YBR181C,YBL100W-B,0,-2.1286044,0.1213688850402832,0.9150000214576721,0.6624000072479248
YDR189W,YLL014W,0,-2.1291368,0.12135278433561325,0.9150000214576721,0.6625000238418579
YDR127W,YKL155C,0,-2.1301665,0.1213366910815239,0.9150000214576721,0.6625999808311462
YHR139C,YGR004W,0,-2.1305254,0.12132060527801514,0.9150000214576721,0.6626999974250793
YPL138C,YDR227W,0,-2.130733,0.12130451947450638,0.9150000214576721,0.6628000140190125
YJL057C,YNL181W,0,-2.131157,0.12128844112157822,0.9150000214576721,0.6628999710083008
YBL031W,YGR120C,0,-2.1336675,0.12127236276865005,0.9150000214576721,0.6629999876022339
YPL105C,YNL167C,0,-2.1352315,0.12125629186630249,0.9150000214576721,0.663100004196167
YDR075W,YDL113C,0,-2.1354508,0.12124022841453552,0.9150000214576721,0.6632000207901001
YER109C,YOR011W,0,-2.136603,0.12122416496276855,0.9150000214576721,0.6632999777793884
YHR197W,YDR289C,0,-2.1375742,0.12120810896158218,0.9150000214576721,0.6633999943733215
YML057W,YGL198W,0,-2.1380806,0.12119205296039581,0.9150000214576721,0.6635000109672546
YLL066C,YDR246W,0,-2.1400013,0.12117600440979004,0.9150000214576721,0.6636000275611877
YOR049C,YKL132C,0,-2.1400738,0.12115995585918427,0.9150000214576721,0.6636999845504761
YML011C,YFL025C,0,-2.1413631,0.12114391475915909,0.9150000214576721,0.6638000011444092
YNL103W,YNL173C,0,-2.1415539,0.12112788110971451,0.9150000214576721,0.6639000177383423
YGL028C,YGL198W,0,-2.1415868,0.12111184746026993,0.9150000214576721,0.6639999747276306
YDR098C,YKL196C,0,-2.1427224,0.12109582126140594,0.9150000214576721,0.6640999913215637
YDR098C-B,YDL046W,0,-2.142958,0.12107979506254196,0.9150000214576721,0.6642000079154968
YKL045W,YDR350C,0,-2.1438708,0.12106377631425858,0.9150000214576721,0.6643000245094299
YAL048C,YNL025C,0,-2.1441216,0.12104775756597519,0.9150000214576721,0.6643999814987183
YBR095C,YPL203W,1,-2.14497,0.12116402387619019,0.9160000085830688,0.6643999814987183
YMR040W,YHL025W,0,-2.1451213,0.1211479976773262,0.9160000085830688,0.6644999980926514
YML081W,YJL180C,0,-2.146397,0.12113197892904282,0.9160000085830688,0.6646000146865845
YPR114W,YKL002W,0,-2.1464226,0.12111596018075943,0.9160000085830688,0.6646999716758728
YER033C,YDL139C,0,-2.1468005,0.12109994888305664,0.9160000085830688,0.6647999882698059
YOR004W,YDL209C,0,-2.1468449,0.12108393758535385,0.9160000085830688,0.664900004863739
YHR170W,YHR194W,0,-2.1475308,0.12106793373823166,0.9160000085830688,0.6650000214576721
YFR016C,YGR004W,0,-2.1479163,0.12105193734169006,0.9160000085830688,0.6650999784469604
YKL058W,YCL067C,0,-2.1481893,0.12103594094514847,0.9160000085830688,0.6651999950408936
YJR131W,YNL081C,0,-2.1499019,0.12101995199918747,0.9160000085830688,0.6653000116348267
YFL035C-B,YCR038C,0,-2.1505492,0.12100396305322647,0.9160000085830688,0.6654000282287598
YPL209C,YER176W,0,-2.150783,0.12098798155784607,0.9160000085830688,0.6654999852180481
YMR110C,YDL018C,0,-2.1511078,0.12097200006246567,0.9160000085830688,0.6656000018119812
YBR191W,YHL021C,0,-2.1512756,0.12095602601766586,0.9160000085830688,0.6657000184059143
YER062C,YLR131C,0,-2.1519363,0.12094005942344666,0.9160000085830688,0.6657999753952026
YPR154W,YER123W,0,-2.152229,0.12092409282922745,0.9160000085830688,0.6658999919891357
YFL005W,YKR072C,0,-2.1523724,0.12090813368558884,0.9160000085830688,0.6660000085830688
YLR023C,YLR189C,0,-2.1536288,0.12089217454195023,0.9160000085830688,0.666100025177002
YER108C,YHR111W,1,-2.153998,0.12100818008184433,0.9169999957084656,0.666100025177002
YJL186W,YOL103W-A,0,-2.1541948,0.12099221348762512,0.9169999957084656,0.6661999821662903
YDR412W,YLR259C,0,-2.154328,0.12097625434398651,0.9169999957084656,0.6662999987602234
YHR111W,YNL180C,0,-2.1547983,0.1209602952003479,0.9169999957084656,0.6664000153541565
YDL105W,YJR118C,0,-2.154809,0.12094434350728989,0.9169999957084656,0.6664999723434448
YDR287W,YHL025W,0,-2.1558528,0.12092839181423187,0.9169999957084656,0.6665999889373779
YOL154W,YDR210W-C,0,-2.156053,0.12091244757175446,0.9169999957084656,0.666700005531311
YJL216C,YFL035C-A,0,-2.1567135,0.12089650332927704,0.9169999957084656,0.6668000221252441
YER179W,YJR109C,0,-2.157175,0.12088056653738022,0.9169999957084656,0.6668999791145325
YBR107C,YCL016C,0,-2.158023,0.120864637196064,0.9169999957084656,0.6669999957084656
YLR328W,YBR301W,0,-2.158614,0.12084870785474777,0.9169999957084656,0.6671000123023987
YER123W,YEL032W,0,-2.1590135,0.12083278596401215,0.9169999957084656,0.6672000288963318
YGL243W,YBR023C,0,-2.15989,0.12081686407327652,0.9169999957084656,0.6672999858856201
YLR227W-A,YDR246W,0,-2.1616833,0.12080094963312149,0.9169999957084656,0.6674000024795532
YGR078C,YOR086C,0,-2.1623113,0.12078503519296646,0.9169999957084656,0.6675000190734863
YER028C,YOR273C,0,-2.1624045,0.12076912820339203,0.9169999957084656,0.6675999760627747
YNL190W,YFR038W,0,-2.162487,0.1207532286643982,0.9169999957084656,0.6676999926567078
YFR050C,YLR249W,0,-2.1629536,0.12073732912540436,0.9169999957084656,0.6678000092506409
YOL069W,YLR175W,0,-2.1638927,0.12072142958641052,0.9169999957084656,0.667900025844574
YDR210C-D,YLL018C-A,0,-2.1655054,0.12070554494857788,0.9169999957084656,0.6679999828338623
YBR180W,YKL080W,0,-2.1664274,0.12068965286016464,0.9169999957084656,0.6680999994277954
YKR007W,YGL219C,0,-2.167185,0.1206737756729126,0.9169999957084656,0.6682000160217285
YNL286W,YOR119C,0,-2.167852,0.12065789103507996,0.9169999957084656,0.6682999730110168
YGL028C,YKL054C,0,-2.1682427,0.12064202129840851,0.9169999957084656,0.66839998960495
YDL100C,YDR168W,0,-2.1692944,0.12062615156173706,0.9169999957084656,0.6685000061988831
YNL216W,YJR054W,0,-2.169869,0.12061028182506561,0.9169999957084656,0.6686000227928162
YFR027W,YLR220W,0,-2.170653,0.12059442698955536,0.9169999957084656,0.6686999797821045
YDR261C,YDR080W,0,-2.1706657,0.12057856470346451,0.9169999957084656,0.6687999963760376
YNL181W,YHR157W,0,-2.1708288,0.12056271731853485,0.9169999957084656,0.6689000129699707
YOR207C,YDR111C,0,-2.1710815,0.1205468624830246,0.9169999957084656,0.6690000295639038
YOL029C,YPL193W,0,-2.1712549,0.12053102254867554,0.9169999957084656,0.6690999865531921
YML067C,YGL061C,0,-2.1713264,0.12051518261432648,0.9169999957084656,0.6692000031471252
YLL057C,YGL198W,0,-2.1713793,0.12049934267997742,0.9169999957084656,0.6693000197410583
YIR019C,YGR120C,0,-2.171467,0.12048351019620895,0.9169999957084656,0.6693999767303467
YPL130W,YBR121C,0,-2.1723723,0.12046768516302109,0.9169999957084656,0.6694999933242798
YNL111C,YJR096W,0,-2.173654,0.12045186012983322,0.9169999957084656,0.6696000099182129
YJR042W,YCR065W,0,-2.1741428,0.12043604254722595,0.9169999957084656,0.669700026512146
YDR463W,YDR092W,0,-2.175105,0.12042022496461868,0.9169999957084656,0.6697999835014343
YLL018C,YMR009W,0,-2.1751285,0.12040441483259201,0.9169999957084656,0.6699000000953674
YLR006C,YML004C,0,-2.1751897,0.12038860470056534,0.9169999957084656,0.6700000166893005
YJR109C,YJR150C,0,-2.1752858,0.12037280201911926,0.9169999957084656,0.6700999736785889
YIL068C,YPL018W,0,-2.176435,0.12035699933767319,0.9169999957084656,0.670199990272522
YHR157W,YFR030W,0,-2.1769812,0.12034120410680771,0.9169999957084656,0.6703000068664551
YOR258W,YGR017W,0,-2.1770384,0.12032541632652283,0.9169999957084656,0.6704000234603882
YBR233W-A,YHR138C,0,-2.1770442,0.12030962854623795,0.9169999957084656,0.6704999804496765
YDR111C,YKL145W,0,-2.1774583,0.12029384821653366,0.9169999957084656,0.6705999970436096
YPR106W,YER023W,0,-2.1777453,0.12027806788682938,0.9169999957084656,0.6707000136375427
YDR204W,YMR074C,0,-2.1777558,0.12026229500770569,0.9169999957084656,0.670799970626831
YBL080C,YDR105C,0,-2.1778789,0.120246522128582,0.9169999957084656,0.6708999872207642
YJR102C,YCR065W,0,-2.1779168,0.12023075670003891,0.9169999957084656,0.6710000038146973
YAL002W,YGL238W,0,-2.1786213,0.12021499872207642,0.9169999957084656,0.6711000204086304
YFR031C-A,YDR482C,0,-2.1800773,0.12019924074411392,0.9169999957084656,0.6711999773979187
YNL094W,YDR005C,0,-2.180935,0.12018348276615143,0.9169999957084656,0.6712999939918518
YGR005C,YNL024C,0,-2.180966,0.12016773968935013,0.9169999957084656,0.6714000105857849
YPR133C,YGR245C,0,-2.1811843,0.12015198916196823,0.9169999957084656,0.671500027179718
YGL104C,YNL216W,0,-2.181384,0.12013625353574753,0.9169999957084656,0.6715999841690063
YML016C,YOL095C,0,-2.1817975,0.12012051045894623,0.9169999957084656,0.6717000007629395
YOL122C,YKR007W,0,-2.1821656,0.12010478228330612,0.9169999957084656,0.6718000173568726
YGL045W,YIL008W,1,-2.1829576,0.12022001296281815,0.9179999828338623,0.6718000173568726
YPR055W,YDL243C,0,-2.1833713,0.12020426988601685,0.9179999828338623,0.6718999743461609
YHR108W,YBR054W,0,-2.1840434,0.12018853425979614,0.9179999828338623,0.671999990940094
YFR027W,YML082W,0,-2.1841643,0.12017279863357544,0.9179999828338623,0.6721000075340271
YOR316C,YLR247C,0,-2.1841905,0.12015707045793533,0.9179999828338623,0.6722000241279602
YKL191W,YMR035W,0,-2.184202,0.12014134228229523,0.9179999828338623,0.6722999811172485
YJR049C,YER109C,0,-2.1854842,0.12012562155723572,0.9179999828338623,0.6723999977111816
YHR122W,YDR359C,0,-2.1861386,0.12010990083217621,0.9179999828338623,0.6725000143051147
YCL005W-A,YBR181C,0,-2.1866174,0.1200941950082779,0.9179999828338623,0.6725999712944031
YLR390W-A,YFR030W,0,-2.1867783,0.12007848173379898,0.9179999828338623,0.6726999878883362
YOL098C,YER060W-A,0,-2.1869578,0.12006277590990067,0.9179999828338623,0.6728000044822693
YJL098W,YLR352W,0,-2.1876726,0.12004707753658295,0.9179999828338623,0.6729000210762024
YOR266W,YGR094W,0,-2.187718,0.12003137916326523,0.9179999828338623,0.6729999780654907
YDR145W,YOR380W,0,-2.1878386,0.1200156882405281,0.9179999828338623,0.6730999946594238
YLR352W,YKR099W,0,-2.188339,0.11999999731779099,0.9179999828338623,0.6732000112533569
YDL235C,YER093C,0,-2.1886272,0.11998431384563446,0.9179999828338623,0.67330002784729
YDR111C,YOR157C,0,-2.1895227,0.11996863782405853,0.9179999828338623,0.6733999848365784
YGL104C,YDL134C,0,-2.1906257,0.1199529618024826,0.9179999828338623,0.6735000014305115
YOR060C,YKL051W,0,-2.1906638,0.11993728578090668,0.9179999828338623,0.6736000180244446
YOR320C,YJL094C,0,-2.1908576,0.11992161720991135,0.9179999828338623,0.6736999750137329
YDR469W,YGL144C,0,-2.1924195,0.11990595608949661,0.9179999828338623,0.673799991607666
YPR008W,YJL180C,0,-2.1955786,0.11989029496908188,0.9179999828338623,0.6739000082015991
YPL100W,YNL180C,0,-2.1968138,0.11987464129924774,0.9179999828338623,0.6740000247955322
YNR019W,YNL278W,0,-2.1974669,0.1198589876294136,0.9179999828338623,0.6740999817848206
YDL189W,YAL068C,0,-2.1976466,0.11984334141016006,0.9179999828338623,0.6741999983787537
YLR223C,YDR246W,0,-2.1981912,0.11982769519090652,0.9179999828338623,0.6743000149726868
YGR217W,YGL129C,0,-2.1990654,0.11981205642223358,0.9179999828338623,0.6743999719619751
YDR256C,YPL115C,0,-2.1992788,0.11979642510414124,0.9179999828338623,0.6744999885559082
YDR201W,YHR088W,0,-2.199576,0.11978079378604889,0.9179999828338623,0.6746000051498413
YGR235C,YFL011W,0,-2.1998768,0.11976516991853714,0.9179999828338623,0.6747000217437744
YCL016C,YDR100W,0,-2.2006989,0.11974954605102539,0.9179999828338623,0.6747999787330627
YDR023W,YPL176C,0,-2.2016518,0.11973392218351364,0.9179999828338623,0.6748999953269958
YOR191W,YKL194C,0,-2.2017436,0.11971831321716309,0.9179999828338623,0.675000011920929
YGR181W,YCR063W,0,-2.2020733,0.11970269680023193,0.9179999828338623,0.6751000285148621
YGL093W,YDR292C,0,-2.202374,0.11968709528446198,0.9179999828338623,0.6751999855041504
YLR451W,YMR237W,0,-2.2035494,0.11967148631811142,0.9179999828338623,0.6753000020980835
YLR193C,YOR236W,0,-2.2043366,0.11965589225292206,0.9179999828338623,0.6754000186920166
YJR150C,YHR037W,0,-2.2046833,0.1196402981877327,0.9179999828338623,0.6754999756813049
YDR268W,YDL145C,0,-2.2055407,0.11962470412254333,0.9179999828338623,0.675599992275238
YDR515W,YGL087C,0,-2.2060456,0.11960911750793457,0.9179999828338623,0.6757000088691711
YNL045W,YIL173W,0,-2.2082062,0.1195935383439064,0.9179999828338623,0.6758000254631042
YHL017W,YPR155C,0,-2.2086473,0.11957795917987823,0.9179999828338623,0.6758999824523926
YDR464W,YDL012C,0,-2.2086573,0.11956238746643066,0.9179999828338623,0.6759999990463257
YHR202W,YGL171W,0,-2.2086668,0.1195468157529831,0.9179999828338623,0.6761000156402588
YDR243C,YLR363C,0,-2.2088795,0.11953125149011612,0.9179999828338623,0.6761999726295471
YHR210C,YKR075C,0,-2.2095206,0.11951568722724915,0.9179999828338623,0.6762999892234802
YER100W,YJL083W,0,-2.210052,0.11950013041496277,0.9179999828338623,0.6764000058174133
YOL042W,YIL107C,0,-2.2101488,0.11948457360267639,0.9179999828338623,0.6765000224113464
YPR175W,YGR003W,0,-2.211176,0.11946902424097061,0.9179999828338623,0.6765999794006348
YIL013C,YIL043C,0,-2.2119818,0.11945348232984543,0.9179999828338623,0.6766999959945679
YER063W,YIL137C,0,-2.212215,0.11943794041872025,0.9179999828338623,0.676800012588501
YOR334W,YER177W,0,-2.2127073,0.11942239850759506,0.9179999828338623,0.6769000291824341
YFL011W,YBR112C,0,-2.2148752,0.11940687149763107,0.9179999828338623,0.6769999861717224
YGR040W,YPL049C,1,-2.2152812,0.11952139437198639,0.9190000295639038,0.6769999861717224
YGR078C,YDL113C,0,-2.2154598,0.1195058524608612,0.9190000295639038,0.6771000027656555
YAL011W,YDR040C,0,-2.215713,0.11949031054973602,0.9190000295639038,0.6772000193595886
YLR362W,YGL045W,1,-2.2190518,0.11960478127002716,0.9200000166893005,0.6772000193595886
YFL005W,YDR025W,0,-2.219366,0.11958923935890198,0.9200000166893005,0.677299976348877
YDR087C,YOR001W,0,-2.2194686,0.1195736974477768,0.9200000166893005,0.6773999929428101
YKR095W-A,YPL117C,0,-2.219627,0.11955815553665161,0.9200000166893005,0.6775000095367432
YKL032C,YLR175W,0,-2.2203372,0.11954262107610703,0.9200000166893005,0.6776000261306763
YPR161C,YJL212C,0,-2.220633,0.11952708661556244,0.9200000166893005,0.6776999831199646
YMR207C,YOL086W-A,0,-2.2222495,0.11951155960559845,0.9200000166893005,0.6777999997138977
YPL036W,YDR545W,0,-2.223289,0.11949604004621506,0.9200000166893005,0.6779000163078308
YML100W,YBR146W,0,-2.2234702,0.11948052048683167,0.9200000166893005,0.6779999732971191
YNL056W,YOR259C,0,-2.2237248,0.11946500092744827,0.9200000166893005,0.6780999898910522
YOR192C,YML133C,0,-2.223967,0.11944949626922607,0.9200000166893005,0.6782000064849854
YOR034C,YDR273W,0,-2.2241511,0.11943398416042328,0.9200000166893005,0.6783000230789185
YJL127C,YBR109C,0,-2.2246165,0.11941848695278168,0.9200000166893005,0.6783999800682068
YOL103W-A,YCR044C,0,-2.224779,0.11940298229455948,0.9200000166893005,0.6784999966621399
YAL059W,YLL057C,0,-2.2260842,0.11938749253749847,0.9200000166893005,0.678600013256073
YOR087W,YLR293C,0,-2.2263682,0.11937200278043747,0.9200000166893005,0.6786999702453613
YPL133C,YGL240W,0,-2.2278492,0.11935651302337646,0.9200000166893005,0.6787999868392944
YGR046W,YMR105C,0,-2.2278965,0.11934103071689606,0.9200000166893005,0.6789000034332275
YGL025C,YGL126W,0,-2.228373,0.11932554841041565,0.9200000166893005,0.6790000200271606
YOR241W,YDR246W,0,-2.2289987,0.11931007355451584,0.9200000166893005,0.679099977016449
YBR109C,YDR023W,0,-2.2290378,0.11929460614919662,0.9200000166893005,0.6791999936103821
YBL013W,YCR091W,0,-2.231607,0.11927913874387741,0.9200000166893005,0.6793000102043152
YOR027W,YDR041W,0,-2.2321029,0.1192636787891388,0.9200000166893005,0.6794000267982483
YBR114W,YOR068C,0,-2.2321382,0.11924821883440018,0.9200000166893005,0.6794999837875366
YHR088W,YOL078W,0,-2.2330089,0.11923276633024216,0.9200000166893005,0.6796000003814697
YLR131C,YBR168W,0,-2.233539,0.11921731382608414,0.9200000166893005,0.6797000169754028
YPR128C,YER060W,0,-2.2337642,0.11920186877250671,0.9200000166893005,0.6797999739646912
YDR545W,YML031W,0,-2.2366045,0.11918642371892929,0.9200000166893005,0.6798999905586243
YOL135C,YKL138C,0,-2.2371552,0.11917098611593246,0.9200000166893005,0.6800000071525574
YIL022W,YHR133C,0,-2.2378705,0.11915554851293564,0.9200000166893005,0.6801000237464905
YML059C,YJL167W,0,-2.239787,0.11914011836051941,0.9200000166893005,0.6801999807357788
YLR390W-A,YDR045C,0,-2.2403097,0.11912469565868378,0.9200000166893005,0.6802999973297119
YML076C,YGL195W,0,-2.2407866,0.11910927295684814,0.9200000166893005,0.680400013923645
YLR249W,YML076C,0,-2.2407866,0.11909385025501251,0.9200000166893005,0.6804999709129333
YCR031C,YOR247W,0,-2.241383,0.11907843500375748,0.9200000166893005,0.6805999875068665
YLR193C,YER123W,0,-2.242032,0.11906302720308304,0.9200000166893005,0.6807000041007996
YGL006W,YKR052C,0,-2.2427063,0.1190476194024086,0.9200000166893005,0.6808000206947327
YJR132W,YGL087C,0,-2.2429256,0.11903221905231476,0.9200000166893005,0.680899977684021
YDR343C,YLR054C,0,-2.2441537,0.11901681870222092,0.9200000166893005,0.6809999942779541
YML107C,YNR055C,0,-2.244271,0.11900142580270767,0.9200000166893005,0.6811000108718872
YDR490C,YAR009C,0,-2.2451596,0.11898603290319443,0.9200000166893005,0.6812000274658203
YKL048C,YDL145C,0,-2.2469373,0.11897064745426178,0.9200000166893005,0.6812999844551086
YJL054W,YGR193C,0,-2.2470217,0.11895526200532913,0.9200000166893005,0.6814000010490417
YOL023W,YPL173W,0,-2.24717,0.11893988400697708,0.9200000166893005,0.6815000176429749
YHL025W,YER127W,0,-2.248438,0.11892450600862503,0.9200000166893005,0.6815999746322632
YBR189W,YGL107C,0,-2.2486706,0.11890913546085358,0.9200000166893005,0.6816999912261963
YLR288C,YGR094W,0,-2.2519884,0.11889377236366272,0.9200000166893005,0.6818000078201294
YMR215W,YOR132W,0,-2.2524183,0.11887840926647186,0.9200000166893005,0.6819000244140625
YDR500C,YOL029C,0,-2.2525682,0.118863046169281,0.9200000166893005,0.6819999814033508
YKR095W,YNL055C,0,-2.254064,0.11884769052267075,0.9200000166893005,0.6820999979972839
YMR286W,YPR174C,0,-2.2546885,0.11883234232664108,0.9200000166893005,0.682200014591217
YPR097W,YBR168W,0,-2.2553885,0.11881699413061142,0.9200000166893005,0.6822999715805054
YPR154W,YNR033W,0,-2.2554548,0.11880165338516235,0.9200000166893005,0.6823999881744385
YDL243C,YNL164C,0,-2.2555335,0.11878631263971329,0.9200000166893005,0.6825000047683716
YNR038W,YLR056W,0,-2.2555473,0.11877097934484482,0.9200000166893005,0.6826000213623047
YKL185W,YGL115W,0,-2.2557163,0.11875564604997635,0.9200000166893005,0.682699978351593
YOR081C,YNR053C,0,-2.2573085,0.11874032020568848,0.9200000166893005,0.6827999949455261
YIL008W,YPL156C,0,-2.2585711,0.1187249943614006,0.9200000166893005,0.6829000115394592
YER179W,YBL014C,0,-2.2615743,0.11870967596769333,0.9200000166893005,0.6830000281333923
YJR153W,YMR009W,0,-2.2620473,0.11869436502456665,0.9200000166893005,0.6830999851226807
YKL052C,YHR194W,0,-2.2625597,0.11867905408143997,0.9200000166893005,0.6832000017166138
YHR073W,YML102W,0,-2.2639718,0.1186637431383133,0.9200000166893005,0.6833000183105469
YIL147C,YGR097W,0,-2.2651954,0.11864843964576721,0.9200000166893005,0.6833999752998352
YPL280W,YNL164C,0,-2.265956,0.11863314360380173,0.9200000166893005,0.6834999918937683
YML120C,YHR133C,0,-2.2668164,0.11861784756183624,0.9200000166893005,0.6836000084877014
YDR513W,YNL048W,0,-2.2678518,0.11860255151987076,0.9200000166893005,0.6837000250816345
YOL032W,YKL138C,0,-2.2684195,0.11858726292848587,0.9200000166893005,0.6837999820709229
YKL052C,YLR220W,0,-2.268834,0.11857198178768158,0.9200000166893005,0.683899998664856
YHR103W,YAR033W,0,-2.2701483,0.11855670064687729,0.9200000166893005,0.6840000152587891
YDR256C,YOR048C,0,-2.2702408,0.1185414269566536,0.9200000166893005,0.6840999722480774
YOR049C,YJL078C,0,-2.2707736,0.1185261532664299,0.9200000166893005,0.6841999888420105
YBR112C,YPR155C,0,-2.2711031,0.1185108870267868,0.9200000166893005,0.6843000054359436
YGL025C,YBR168W,0,-2.2715666,0.11849562078714371,0.9200000166893005,0.6844000220298767
YDR213W,YNR055C,0,-2.2734413,0.11848036199808121,0.9200000166893005,0.684499979019165
YDR111C,YHR080C,0,-2.273563,0.11846510320901871,0.9200000166893005,0.6845999956130981
YNL328C,YDR427W,0,-2.2736847,0.1184498518705368,0.9200000166893005,0.6847000122070312
YLR185W,YKL185W,0,-2.2739036,0.1184346005320549,0.9200000166893005,0.6848000288009644
YKL033W,YPR175W,0,-2.2747378,0.1184193566441536,0.9200000166893005,0.6848999857902527
YOR273C,YJL197W,0,-2.2748609,0.11840412020683289,0.9200000166893005,0.6850000023841858
YGR170W,YBR181C,0,-2.2752185,0.11838888376951218,0.9200000166893005,0.6851000189781189
YOR091W,YHR185C,0,-2.2755659,0.11837364733219147,0.9200000166893005,0.6851999759674072
YIL014W,YGL219C,0,-2.2756636,0.11835841834545135,0.9200000166893005,0.6852999925613403
YBR188C,YHL026C,0,-2.2760625,0.11834319680929184,0.9200000166893005,0.6854000091552734
YDR361C,YLR367W,0,-2.2763786,0.11832797527313232,0.9200000166893005,0.6855000257492065
YDR256C,YKL048C,0,-2.2777107,0.11831275373697281,0.9200000166893005,0.6855999827384949
YOR068C,YLR196W,0,-2.2782419,0.11829754710197449,0.9200000166893005,0.685699999332428
YHR194W,YFR053C,0,-2.2793448,0.11828233301639557,0.9200000166893005,0.6858000159263611
YGR024C,YPL021W,0,-2.2794986,0.11826712638139725,0.9200000166893005,0.6858999729156494
YKL141W,YPL221W,0,-2.2800515,0.11825192719697952,0.9200000166893005,0.6859999895095825
YDL243C,YER053C-A,0,-2.2801635,0.1182367280125618,0.9200000166893005,0.6861000061035156
YMR105C,YER040W,0,-2.2803953,0.11822153627872467,0.9200000166893005,0.6862000226974487
YNL142W,YPL117C,0,-2.280438,0.11820634454488754,0.9200000166893005,0.6862999796867371
YGR078C,YNL251C,0,-2.281961,0.11819116026163101,0.9200000166893005,0.6863999962806702
YNL029C,YGL219C,0,-2.2823143,0.11817597597837448,0.9200000166893005,0.6865000128746033
YPL179W,YOR249C,0,-2.2841048,0.11816079914569855,0.9200000166893005,0.6866000294685364
YBL038W,YMR262W,0,-2.2846918,0.11814562976360321,0.9200000166893005,0.6866999864578247
YDL145C,YKL006W,0,-2.2848315,0.11813046038150787,0.9200000166893005,0.6868000030517578
YDR105C,YGR260W,0,-2.2855206,0.11811529099941254,0.9200000166893005,0.6869000196456909
YML101C,YGR161C,0,-2.2855747,0.1181001290678978,0.9200000166893005,0.6869999766349792
YGR202C,YLR352W,0,-2.2864566,0.11808496713638306,0.9200000166893005,0.6870999932289124
YKL185W,YOR271C,0,-2.2869098,0.11806981265544891,0.9200000166893005,0.6872000098228455
YBR078W,YBR208C,0,-2.2870905,0.11805466562509537,0.9200000166893005,0.6873000264167786
YER028C,YOL059W,0,-2.2876985,0.11803951859474182,0.9200000166893005,0.6873999834060669
YPR143W,YOR101W,0,-2.2879078,0.11802437156438828,0.9200000166893005,0.6875
YGR212W,YGR109W-A,0,-2.2882495,0.11800923198461533,0.9200000166893005,0.6876000165939331
YDR513W,YKL138C-A,0,-2.2884073,0.11799409985542297,0.9200000166893005,0.6876999735832214
YLR004C,YBR279W,0,-2.2884524,0.11797896772623062,0.9200000166893005,0.6877999901771545
YDL243C,YNL180C,0,-2.2886763,0.11796384304761887,0.9200000166893005,0.6879000067710876
YPL120W,YBR015C,0,-2.2887526,0.11794871836900711,0.9200000166893005,0.6880000233650208
YDL024C,YJL089W,1,-2.2887936,0.11806178838014603,0.9210000038146973,0.6880000233650208
YER176W,YHR020W,0,-2.2899096,0.11804665625095367,0.9210000038146973,0.6880999803543091
YNL051W,YDR284C,0,-2.2909098,0.11803152412176132,0.9210000038146973,0.6881999969482422
YMR105C,YCL035C,0,-2.2915583,0.11801639944314957,0.9210000038146973,0.6883000135421753
YLR004C,YGL243W,0,-2.291957,0.11800128221511841,0.9210000038146973,0.6883999705314636
YBR107C,YLR323C,0,-2.2926764,0.11798616498708725,0.9210000038146973,0.6884999871253967
YLR194C,YNR024W,0,-2.2947326,0.11797105520963669,0.9210000038146973,0.6886000037193298
YNL284C-B,YER060W-A,0,-2.2959871,0.11795594543218613,0.9210000038146973,0.6887000203132629
YMR074C,YCR038C,0,-2.2960708,0.11794083565473557,0.9210000038146973,0.6887999773025513
YML107C,YPR128C,0,-2.2965717,0.1179257333278656,0.9210000038146973,0.6888999938964844
YOL116W,YMR116C,1,-2.2969093,0.11803866177797318,0.921999990940094,0.6888999938964844
YDR075W,YBR301W,0,-2.2970736,0.11802355200052261,0.921999990940094,0.6890000104904175
YMR286W,YDL223C,0,-2.297217,0.11800844967365265,0.921999990940094,0.6891000270843506
YDR201W,YMR101C,0,-2.2981112,0.11799334734678268,0.921999990940094,0.6891999840736389
YOR026W,YGR142W,0,-2.298166,0.11797824501991272,0.921999990940094,0.689300000667572
YER062C,YIL167W,0,-2.298511,0.11796315014362335,0.921999990940094,0.6894000172615051
YLL031C,YHR190W,0,-2.2998188,0.11794806271791458,0.921999990940094,0.6894999742507935
YIL154C,YER155C,0,-2.3005025,0.11793297529220581,0.921999990940094,0.6895999908447266
YPL173W,YBL014C,0,-2.3011298,0.11791789531707764,0.921999990940094,0.6897000074386597
YML021C,YIR031C,0,-2.3013613,0.11790281534194946,0.921999990940094,0.6898000240325928
YGL243W,YLR061W,0,-2.301601,0.11788773536682129,0.921999990940094,0.6898999810218811
YOL096C,YNL130C,0,-2.301664,0.11787267029285431,0.921999990940094,0.6899999976158142
YOR087W,YDR398W,0,-2.3023577,0.11785759776830673,0.921999990940094,0.6901000142097473
YDL117W,YDL211C,0,-2.3027484,0.11784253269433975,0.921999990940094,0.6901999711990356
YKR096W,YFR014C,0,-2.3032184,0.11782747507095337,0.921999990940094,0.6902999877929688
YCR105W,YER040W,0,-2.3045917,0.11781241744756699,0.921999990940094,0.6904000043869019
YPL209C,YLR352W,0,-2.3046923,0.1177973672747612,0.921999990940094,0.690500020980835
YFR031C-A,YBR146W,0,-2.3049598,0.11778231710195541,0.921999990940094,0.6905999779701233
YDR235W,YJL045W,0,-2.3055198,0.11776727437973022,0.921999990940094,0.6906999945640564
YNL240C,YOR271C,0,-2.305884,0.11775223165750504,0.921999990940094,0.6908000111579895
YLR052W,YJL069C,0,-2.3085742,0.11773719638586044,0.921999990940094,0.6909000277519226
YKL052C,YDR284C,0,-2.3091784,0.11772216856479645,0.921999990940094,0.6909999847412109
YPR154W,YPL253C,0,-2.309201,0.11770713329315186,0.921999990940094,0.691100001335144
YDR435C,YKR072C,0,-2.3095245,0.11769211292266846,0.921999990940094,0.6912000179290771
YHR035W,YJL026W,0,-2.3104148,0.11767709255218506,0.921999990940094,0.6912999749183655
YGR082W,YBR114W,0,-2.3111434,0.11766207218170166,0.921999990940094,0.6913999915122986
YIL019W,YIL118W,0,-2.3114238,0.11764705926179886,0.921999990940094,0.6915000081062317
YNL045W,YOR335C,0,-2.311511,0.11763204634189606,0.921999990940094,0.6916000247001648
YEL006W,YNL130C,0,-2.3117247,0.11761704087257385,0.921999990940094,0.6916999816894531
YDR028C,YKL058W,0,-2.3120148,0.11760204285383224,0.921999990940094,0.6917999982833862
YGR007W,YJL026W,0,-2.312379,0.11758704483509064,0.921999990940094,0.6919000148773193
YIL019W,YLR239C,0,-2.3127146,0.11757204681634903,0.921999990940094,0.6919999718666077
YIL052C,YDR309C,0,-2.3142676,0.11755705624818802,0.921999990940094,0.6920999884605408
YGL093W,YKL002W,0,-2.3143048,0.1175420731306076,0.921999990940094,0.6922000050544739
YKL063C,YDR395W,0,-2.3147883,0.11752709001302719,0.921999990940094,0.692300021648407
YIL156W,YDR234W,0,-2.3154936,0.11751210689544678,0.921999990940094,0.6923999786376953
YNL076W,YDL046W,0,-2.3158991,0.11749713122844696,0.921999990940094,0.6924999952316284
YPR180W,YPL193W,0,-2.3165994,0.11748216301202774,0.921999990940094,0.6926000118255615
YJL094C,YNL059C,0,-2.3172104,0.11746719479560852,0.921999990940094,0.6927000284194946
YDR039C,YDR268W,0,-2.3185456,0.1174522265791893,0.921999990940094,0.692799985408783
YOR027W,YGR138C,0,-2.3186274,0.11743726581335068,0.921999990940094,0.6929000020027161
YDR210C-D,YDR087C,0,-2.3187861,0.11742231249809265,0.921999990940094,0.6930000185966492
YLL031C,YHR114W,0,-2.3189898,0.11740735918283463,0.921999990940094,0.6930999755859375
YKR100C,YLR333C,0,-2.3209748,0.1173924133181572,0.921999990940094,0.6931999921798706
YNL294C,YLR150W,0,-2.3209903,0.11737746745347977,0.921999990940094,0.6933000087738037
YDL098C,YOR117W,0,-2.3211787,0.11736252903938293,0.921999990940094,0.6934000253677368
YLL026W,YPL198W,0,-2.321453,0.1173475906252861,0.921999990940094,0.6934999823570251
YOR002W,YGL061C,0,-2.3219433,0.11733265221118927,0.921999990940094,0.6935999989509583
YGR099W,YKR089C,0,-2.3239882,0.11731772124767303,0.921999990940094,0.6937000155448914
YBR130C,YMR195W,0,-2.324097,0.1173027977347374,0.921999990940094,0.6937999725341797
YOL009C,YFR014C,0,-2.3243613,0.11728787422180176,0.921999990940094,0.6938999891281128
YKR049C,YMR091C,0,-2.3246179,0.11727295815944672,0.921999990940094,0.6940000057220459
YDL113C,YNL023C,0,-2.3253946,0.11725804209709167,0.921999990940094,0.694100022315979
YOR177C,YML031W,0,-2.325657,0.11724313348531723,0.921999990940094,0.6941999793052673
YOR320C,YLR058C,0,-2.3272395,0.11722822487354279,0.921999990940094,0.6942999958992004
YHR111W,YDL035C,1,-2.3280773,0.11734045296907425,0.9229999780654907,0.6942999958992004
YGL104C,YFL018W-A,0,-2.3282876,0.11732553690671921,0.9229999780654907,0.6944000124931335
YBR211C,YNL059C,0,-2.3286412,0.11731062829494476,0.9229999780654907,0.6945000290870667
YEL020W-A,YMR002W,0,-2.3289857,0.11729571968317032,0.9229999780654907,0.694599986076355
YOR334W,YGL189C,0,-2.3293648,0.11728081107139587,0.9229999780654907,0.6947000026702881
YKL185W,YOR341W,0,-2.3299062,0.11726590991020203,0.9229999780654907,0.6948000192642212
YIL036W,YGL246C,0,-2.3301675,0.11725101619958878,0.9229999780654907,0.6948999762535095
YDR545W,YNL216W,0,-2.3305902,0.11723612248897552,0.9229999780654907,0.6949999928474426
YOL096C,YPR057W,0,-2.3305964,0.11722123622894287,0.9229999780654907,0.6951000094413757
YGR217W,YGL192W,0,-2.3308086,0.11720634996891022,0.9229999780654907,0.6952000260353088
YDR092W,YHR158C,0,-2.332677,0.11719147115945816,0.9229999780654907,0.6952999830245972
YNL246W,YPL161C,0,-2.3327653,0.1171765923500061,0.9229999780654907,0.6953999996185303
YKR100C,YFL035C-A,0,-2.332961,0.11716171354055405,0.9229999780654907,0.6955000162124634
YHR201C,YDL076C,0,-2.336247,0.11714684963226318,0.9229999780654907,0.6955999732017517
YDL093W,YDR292C,0,-2.337041,0.11713197827339172,0.9229999780654907,0.6956999897956848
YCL051W,YGR005C,0,-2.3378744,0.11711711436510086,0.9229999780654907,0.6958000063896179
YOR371C,YPL049C,1,-2.3391414,0.11722912639379501,0.9240000247955322,0.6958000063896179
YDR268W,YDL139C,0,-2.3414736,0.11721425503492355,0.9240000247955322,0.695900022983551
YHR205W,YDR463W,0,-2.3427117,0.11719939112663269,0.9240000247955322,0.6959999799728394
YLR258W,YAL028W,0,-2.3427715,0.11718452721834183,0.9240000247955322,0.6960999965667725
YKR007W,YKL005C,0,-2.3428445,0.11716967076063156,0.9240000247955322,0.6962000131607056
YOL098C,YDR381W,0,-2.3432064,0.1171548143029213,0.9240000247955322,0.6963000297546387
YML133C,YFL011W,0,-2.3434212,0.11713995784521103,0.9240000247955322,0.696399986743927
YHR142W,YJL083W,0,-2.343972,0.11712510883808136,0.9240000247955322,0.6965000033378601
YLL021W,YBR121C,0,-2.344944,0.11711026728153229,0.9240000247955322,0.6966000199317932
YDR437W,YPL075W,0,-2.3451996,0.11709542572498322,0.9240000247955322,0.6966999769210815
YKL192C,YPR046W,0,-2.345504,0.11708059161901474,0.9240000247955322,0.6967999935150146
YDL209C,YOL086W-A,0,-2.3460803,0.11706575751304626,0.9240000247955322,0.6969000101089478
YOR383C,YDL018C,0,-2.3466814,0.11705092340707779,0.9240000247955322,0.6970000267028809
YJL089W,YHL006C,0,-2.3471637,0.11703609675168991,0.9240000247955322,0.6970999836921692
YBR272C,YER060W,0,-2.3487835,0.11702127754688263,0.9240000247955322,0.6972000002861023
YER108C,YLR362W,1,-2.3489747,0.11713308840990067,0.925000011920929,0.6972000002861023
YHR149C,YBR188C,0,-2.3490307,0.11711825430393219,0.925000011920929,0.6973000168800354
YDR468C,YHR114W,0,-2.3492832,0.11710342764854431,0.925000011920929,0.6973999738693237
YML011C,YOR359W,0,-2.3493772,0.11708860844373703,0.925000011920929,0.6974999904632568
YIL013C,YEL032W,0,-2.3499227,0.11707378923892975,0.925000011920929,0.6976000070571899
YEL048C,YKR027W,0,-2.350675,0.11705897003412247,0.925000011920929,0.697700023651123
YOR032C,YNL076W,0,-2.3521504,0.11704415827989578,0.925000011920929,0.6977999806404114
YJL173C,YNL081C,0,-2.3524456,0.1170293539762497,0.925000011920929,0.6978999972343445
YDR464W,YLL006W,0,-2.3528323,0.11701454967260361,0.925000011920929,0.6980000138282776
YHL031C,YPL010W,0,-2.3529882,0.11699974536895752,0.925000011920929,0.6980999708175659
YGR296W,YGL195W,0,-2.3540015,0.11698494851589203,0.925000011920929,0.698199987411499
YDR150W,YNL066W,0,-2.3553557,0.11697015911340714,0.925000011920929,0.6983000040054321
YDR235W,YLL014W,0,-2.355681,0.11695536971092224,0.925000011920929,0.6984000205993652
YDR386W,YCL064C,0,-2.3558168,0.11694058030843735,0.925000011920929,0.6984999775886536
YDR308C,YPL179W,0,-2.3565075,0.11692579835653305,0.925000011920929,0.6985999941825867
YCR086W,YCL012W,0,-2.3565683,0.11691102385520935,0.925000011920929,0.6987000107765198
YOL032W,YML061C,0,-2.3570232,0.11689624935388565,0.925000011920929,0.6988000273704529
YMR118C,YGL194C,0,-2.3575244,0.11688147485256195,0.925000011920929,0.6988999843597412
YGL087C,YDR395W,0,-2.3585768,0.11686670780181885,0.925000011920929,0.6990000009536743
YAR009C,YOL032W,0,-2.358901,0.11685194820165634,0.925000011920929,0.6991000175476074
YPL138C,YOL096C,0,-2.3592043,0.11683718860149384,0.925000011920929,0.6991999745368958
YGL073W,YNR055C,0,-2.3599944,0.11682242900133133,0.925000011920929,0.6992999911308289
YER100W,YKL138C,0,-2.360125,0.11680767685174942,0.925000011920929,0.699400007724762
YBR188C,YHR193C,0,-2.3604994,0.11679293215274811,0.925000011920929,0.6995000243186951
YJL045W,YFR040W,0,-2.3614259,0.1167781874537468,0.925000011920929,0.6995999813079834
YFR040W,YPL061W,0,-2.3614259,0.11676344275474548,0.925000011920929,0.6996999979019165
YML011C,YJL183W,0,-2.3618498,0.11674870550632477,0.925000011920929,0.6998000144958496
YBR248C,YKL080W,0,-2.362434,0.11673397570848465,0.925000011920929,0.6998999714851379
YHR108W,YJL089W,0,-2.363196,0.11671924591064453,0.925000011920929,0.699999988079071
YKL032C,YPL006W,0,-2.3636386,0.11670451611280441,0.925000011920929,0.7001000046730042
YMR286W,YDR100W,0,-2.3637338,0.11668979376554489,0.925000011920929,0.7002000212669373
YPL116W,YLR058C,0,-2.3639123,0.11667507886886597,0.925000011920929,0.7002999782562256
YOR048C,YLL014W,0,-2.3650436,0.11666036397218704,0.925000011920929,0.7003999948501587
YKL132C,YNL180C,0,-2.3655734,0.11664564907550812,0.925000011920929,0.7005000114440918
YCL005W-A,YPL117C,0,-2.3657417,0.11663094162940979,0.925000011920929,0.7006000280380249
YKR100C,YLR056W,0,-2.368413,0.11661624163389206,0.925000011920929,0.7006999850273132
YDR160W,YDR284C,0,-2.3690233,0.11660153418779373,0.925000011920929,0.7008000016212463
YBR146W,YPL145C,0,-2.3702092,0.1165868416428566,0.925000011920929,0.7009000182151794
YDR122W,YLR328W,0,-2.370409,0.11657214909791946,0.925000011920929,0.7009999752044678
YOL032W,YOL061W,0,-2.3715253,0.11655745655298233,0.925000011920929,0.7010999917984009
YOR247W,YLR367W,0,-2.3722844,0.1165427714586258,0.925000011920929,0.701200008392334
YKL040C,YER081W,0,-2.3728323,0.11652809381484985,0.925000011920929,0.7013000249862671
YKL045W,YIR026C,0,-2.373127,0.11651341617107391,0.925000011920929,0.7013999819755554
YGR082W,YDR350C,0,-2.3731604,0.11649873852729797,0.925000011920929,0.7014999985694885
YBL056W,YPL058C,0,-2.3731675,0.11648406833410263,0.925000011920929,0.7016000151634216
YMR205C,YBR218C,0,-2.3734694,0.11646940559148788,0.925000011920929,0.70169997215271
YLL066C,YOR113W,0,-2.3736148,0.11645474284887314,0.925000011920929,0.7017999887466431
YBR218C,YBL100W-B,0,-2.3738792,0.11644008010625839,0.925000011920929,0.7019000053405762
YGL061C,YGL096W,0,-2.375212,0.11642542481422424,0.925000011920929,0.7020000219345093
YGL127C,YGL219C,0,-2.3752553,0.1164107695221901,0.925000011920929,0.7020999789237976
YKR079C,YHR037W,0,-2.3758888,0.11639612168073654,0.925000011920929,0.7021999955177307
YFL005W,YLR200W,0,-2.375935,0.11638148128986359,0.925000011920929,0.7023000121116638
YDL220C,YOL029C,0,-2.376133,0.11636684089899063,0.925000011920929,0.7024000287055969
YNR059W,YHR114W,0,-2.3780422,0.11635220050811768,0.925000011920929,0.7024999856948853
YHR210C,YER102W,0,-2.3782058,0.11633756756782532,0.925000011920929,0.7026000022888184
YJL094C,YPR169W,0,-2.3785145,0.11632293462753296,0.925000011920929,0.7027000188827515
YGR161C,YER108C,0,-2.3787835,0.1163083091378212,0.925000011920929,0.7027999758720398
YFL005W,YJR035W,0,-2.3791654,0.11629369109869003,0.925000011920929,0.7028999924659729
YGR202C,YPR133C,0,-2.379179,0.11627907305955887,0.925000011920929,0.703000009059906
YAL015C,YJL127C,0,-2.379315,0.1162644550204277,0.925000011920929,0.7031000256538391
YDR289C,YER060W,0,-2.3798897,0.11624984443187714,0.925000011920929,0.7031999826431274
YDL091C,YIL005W,0,-2.3808818,0.11623523384332657,0.925000011920929,0.7032999992370605
YDR490C,YOL086W-A,0,-2.3812892,0.1162206307053566,0.925000011920929,0.7034000158309937
YNL123W,YPL253C,0,-2.381584,0.11620602756738663,0.925000011920929,0.703499972820282
YJL057C,YMR226C,0,-2.3816285,0.11619143187999725,0.925000011920929,0.7035999894142151
YKL058W,YKR052C,0,-2.3824856,0.11617684364318848,0.925000011920929,0.7037000060081482
YLL018C-A,YDR002W,0,-2.3831916,0.1161622479557991,0.925000011920929,0.7038000226020813
YPL115C,YHR150W,0,-2.3838549,0.11614766716957092,0.925000011920929,0.7038999795913696
YER056C,YDR019C,0,-2.384498,0.11613307893276215,0.925000011920929,0.7039999961853027
YPL049C,YJL083W,0,-2.3865614,0.11611850559711456,0.925000011920929,0.7041000127792358
YML045W,YOL059W,0,-2.3868802,0.11610393226146698,0.925000011920929,0.704200029373169
YML045W,YOL116W,0,-2.3868802,0.1160893589258194,0.925000011920929,0.7042999863624573
YML092C,YFR049W,0,-2.3869843,0.11607479304075241,0.925000011920929,0.7044000029563904
YGR082W,YCL035C,0,-2.3874521,0.11606022715568542,0.925000011920929,0.7045000195503235
YOR247W,YHR114W,0,-2.3886356,0.11604566872119904,0.925000011920929,0.7045999765396118
YML004C,YHL011C,0,-2.388831,0.11603111028671265,0.925000011920929,0.7046999931335449
YNL045W,YMR009W,0,-2.3906875,0.11601655930280685,0.925000011920929,0.704800009727478
YMR234W,YBR016W,0,-2.3912358,0.11600200831890106,0.925000011920929,0.7049000263214111
YPR148C,YDR005C,0,-2.3921833,0.11598745733499527,0.925000011920929,0.7049999833106995
YNL062C,YKL114C,0,-2.392436,0.11597292125225067,0.925000011920929,0.7050999999046326
YBR060C,YIL167W,0,-2.392488,0.11595837771892548,0.925000011920929,0.7052000164985657
YJL078C,YPL010W,0,-2.3929458,0.11594384908676147,0.925000011920929,0.705299973487854
YNL263C,YPL049C,0,-2.3936744,0.11592931300401688,0.925000011920929,0.7053999900817871
YML081W,YDL076C,0,-2.39457,0.11591478437185287,0.925000011920929,0.7055000066757202
YDR372C,YBR003W,0,-2.3947334,0.11590026319026947,0.925000011920929,0.7056000232696533
YDR464W,YPL040C,0,-2.3953133,0.11588574200868607,0.925000011920929,0.7056999802589417
YPR154W,YGL129C,0,-2.3959904,0.11587122827768326,0.925000011920929,0.7057999968528748
YIL056W,YBR045C,0,-2.3968291,0.11585671454668045,0.925000011920929,0.7059000134468079
YBR078W,YIL118W,0,-2.397662,0.11584220081567764,0.925000011920929,0.7059999704360962
YNL094W,YJR108W,0,-2.398163,0.11582770198583603,0.925000011920929,0.7060999870300293
YLR249W,YDL123W,0,-2.3988495,0.11581319570541382,0.925000011920929,0.7062000036239624
YOL121C,YKL155C,0,-2.398935,0.1157986968755722,0.925000011920929,0.7063000202178955
YJR102C,YPR071W,0,-2.4007697,0.11578420549631119,0.925000011920929,0.7063999772071838
YNL284C-B,YDR361C,0,-2.4043503,0.11576971411705017,0.925000011920929,0.7064999938011169
YML021C,YGL087C,0,-2.40463,0.11575522273778915,0.925000011920929,0.70660001039505
YOR207C,YNR033W,0,-2.406361,0.11574073880910873,0.925000011920929,0.7067000269889832
YER177W,YAR009C,0,-2.4076567,0.11572626233100891,0.925000011920929,0.7067999839782715
YAL011W,YKL087C,0,-2.4078212,0.11571178585290909,0.925000011920929,0.7069000005722046
YGL092W,YKR007W,0,-2.4078794,0.11569730937480927,0.925000011920929,0.7070000171661377
YKL141W,YPR199C,0,-2.4081678,0.11568284034729004,0.925000011920929,0.707099974155426
YGL142C,YCL064C,0,-2.4084742,0.11566837877035141,0.925000011920929,0.7071999907493591
YDR217C,YOR341W,0,-2.4085321,0.11565391719341278,0.925000011920929,0.7073000073432922
YGR211W,YLR435W,0,-2.4087987,0.11563945561647415,0.925000011920929,0.7074000239372253
YNL190W,YPL253C,0,-2.409259,0.11562500149011612,0.925000011920929,0.7074999809265137
YFR024C,YBL031W,0,-2.411067,0.11561054736375809,0.925000011920929,0.7075999975204468
YPL262W,YOR357C,0,-2.411879,0.11559610068798065,0.925000011920929,0.7077000141143799
YER063W,YIL037C,0,-2.4132705,0.11558165401220322,0.925000011920929,0.7077999711036682
YPL049C,YJL196C,0,-2.4143548,0.11556721478700638,0.925000011920929,0.7078999876976013
YNL288W,YOR272W,0,-2.4164076,0.11555278301239014,0.925000011920929,0.7080000042915344
YBR272C,YNL130C,0,-2.416453,0.1155383437871933,0.925000011920929,0.7081000208854675
YPL171C,YML013W,0,-2.4166193,0.11552391946315765,0.925000011920929,0.7081999778747559
YBR272C,YOR335C,0,-2.4167392,0.11550948768854141,0.925000011920929,0.708299994468689
YKL191W,YOR129C,0,-2.417745,0.11549507081508636,0.925000011920929,0.7084000110626221
YJL183W,YDR188W,0,-2.4186015,0.11548064649105072,0.925000011920929,0.7085000276565552
YJL013C,YGR030C,0,-2.4187639,0.11546623706817627,0.925000011920929,0.7085999846458435
YGR040W,YDR103W,1,-2.418887,0.11557663232088089,0.9259999990463257,0.7085999846458435
YJL212C,YOR272W,0,-2.4191663,0.11556220799684525,0.9259999990463257,0.7087000012397766
YMR053C,YLR194C,0,-2.4191818,0.1155477911233902,0.9259999990463257,0.7088000178337097
YGL076C,YML082W,0,-2.4200268,0.11553337424993515,0.9259999990463257,0.708899974822998
YDL189W,YDR515W,0,-2.4206166,0.1155189648270607,0.9259999990463257,0.7089999914169312
YER007C-A,YKR031C,0,-2.4212804,0.11550455540418625,0.9259999990463257,0.7091000080108643
YOR091W,YNL024C,0,-2.4224715,0.1154901459813118,0.9259999990463257,0.7092000246047974
YDR463W,YLR333C,0,-2.4231062,0.11547574400901794,0.9259999990463257,0.7092999815940857
YDL134C-A,YHL031C,0,-2.4233303,0.11546134948730469,0.9259999990463257,0.7093999981880188
YPL115C,YBL014C,0,-2.4248695,0.11544695496559143,0.9259999990463257,0.7095000147819519
YPR106W,YMR110C,0,-2.4249144,0.11543256044387817,0.9259999990463257,0.7095999717712402
YCR031C,YMR242C,0,-2.4253979,0.11541817337274551,0.9259999990463257,0.7096999883651733
YIL120W,YMR002W,0,-2.4262135,0.11540378630161285,0.9259999990463257,0.7098000049591064
YBR034C,YDR273W,0,-2.4262486,0.11538940668106079,0.9259999990463257,0.7099000215530396
YHL035C,YER071C,0,-2.4265063,0.11537503451108932,0.9259999990463257,0.7099999785423279
YDR490C,YHR103W,0,-2.4265983,0.11536065489053726,0.9259999990463257,0.710099995136261
YKR031C,YKL051W,0,-2.4273214,0.11534629017114639,0.9259999990463257,0.7102000117301941
YLR451W,YDR464W,0,-2.4276047,0.11533192545175552,0.9259999990463257,0.7103000283241272
YKL014C,YHL006C,0,-2.4277182,0.11531756073236465,0.9259999990463257,0.7103999853134155
YOR011W,YER060W-A,0,-2.4278867,0.11530320346355438,0.9259999990463257,0.7105000019073486
YER072W,YLR093C,0,-2.4282625,0.11528884619474411,0.9259999990463257,0.7106000185012817
YJL089W,YGL046W,1,-2.4284935,0.11539898067712784,0.9269999861717224,0.7106000185012817
YLR085C,YDL018C,0,-2.4307683,0.11538461595773697,0.9269999861717224,0.7106999754905701
YJL078C,YOR259C,0,-2.4314342,0.1153702586889267,0.9269999861717224,0.7107999920845032
YGL076C,YLR037C,0,-2.4318266,0.11535590142011642,0.9269999861717224,0.7109000086784363
YLR190W,YBR301W,0,-2.4322205,0.11534154415130615,0.9269999861717224,0.7110000252723694
YER149C,YGL151W,0,-2.433951,0.11532719433307648,0.9269999861717224,0.7110999822616577
YLR239C,YCR024C,0,-2.4343002,0.1153128519654274,0.9269999861717224,0.7111999988555908
YMR275C,YLL053C,0,-2.434908,0.11529850959777832,0.9269999861717224,0.7113000154495239
YAL041W,YGL045W,1,-2.4378235,0.1154085323214531,0.9279999732971191,0.7113000154495239
YCR016W,YEL039C,0,-2.438039,0.11539418250322342,0.9279999732971191,0.7113999724388123
YNL045W,YFR049W,0,-2.4391541,0.11537983268499374,0.9279999732971191,0.7114999890327454
YDR435C,YER143W,0,-2.4400022,0.11536549031734467,0.9279999732971191,0.7116000056266785
YDL081C,YJR096W,0,-2.440078,0.11535114794969559,0.9279999732971191,0.7117000222206116
YDR316W-B,YER005W,0,-2.4428306,0.1153368130326271,0.9279999732971191,0.7117999792098999
YOR266W,YHR190W,0,-2.4447303,0.11532247811555862,0.9279999732971191,0.711899995803833
YPL116W,YFL056C,0,-2.4451897,0.11530815064907074,0.9279999732971191,0.7120000123977661
YGR254W,YCR018C,0,-2.4458437,0.11529382318258286,0.9279999732971191,0.7121000289916992
YJL181W,YDR365C,0,-2.4484186,0.11527950316667557,0.9279999732971191,0.7121999859809875
YBR279W,YDR009W,0,-2.4485447,0.11526518315076828,0.9279999732971191,0.7123000025749207
YOR273C,YPL040C,0,-2.4488454,0.11525087058544159,0.9279999732971191,0.7124000191688538
YLR068W,YCL035C,0,-2.4492414,0.1152365580201149,0.9279999732971191,0.7124999761581421
YOR090C,YGR003W,0,-2.449861,0.1152222529053688,0.9279999732971191,0.7125999927520752
YOR264W,YKR079C,0,-2.4510186,0.11520794779062271,0.9279999732971191,0.7127000093460083
YNL284C-B,YKL185W,0,-2.4521797,0.11519364267587662,0.9279999732971191,0.7128000259399414
YJR132W,YAR033W,0,-2.4522176,0.11517934501171112,0.9279999732971191,0.7128999829292297
YOR019W,YIL130W,0,-2.4524653,0.11516505479812622,0.9279999732971191,0.7129999995231628
YLL024C,YDR045C,0,-2.4528167,0.11515076458454132,0.9279999732971191,0.713100016117096
YOL032W,YMR153W,0,-2.4546204,0.11513647437095642,0.9279999732971191,0.7131999731063843
YGL246C,YDR375C,0,-2.4562972,0.11512219160795212,0.9279999732971191,0.7132999897003174
YGL016W,YKR099W,0,-2.4567614,0.11510791629552841,0.9279999732971191,0.7134000062942505
YOL032W,YCR018C,0,-2.4576092,0.1150936409831047,0.9279999732971191,0.7135000228881836
YER062C,YPL135W,0,-2.4576507,0.115079365670681,0.9279999732971191,0.7135999798774719
YPR095C,YLR263W,0,-2.4578137,0.11506509780883789,0.9279999732971191,0.713699996471405
YHR118C,YDR437W,0,-2.457955,0.11505082994699478,0.9279999732971191,0.7138000130653381
YNL048W,YLR259C,0,-2.458941,0.11503656953573227,0.9279999732971191,0.7139000296592712
YKR078W,YLR196W,0,-2.4593368,0.11502230912446976,0.9279999732971191,0.7139999866485596
YGR099W,YDR309C,0,-2.459599,0.11500805616378784,0.9279999732971191,0.7141000032424927
YKL129C,YPR180W,0,-2.4599166,0.11499380320310593,0.9279999732971191,0.7142000198364258
YOR065W,YOL078W,0,-2.4602745,0.11497955769300461,0.9279999732971191,0.7142999768257141
YOL116W,YDR477W,1,-2.4613066,0.11508920043706894,0.9290000200271606,0.7142999768257141
YML016C,YER060W,0,-2.461474,0.11507494002580643,0.9290000200271606,0.7143999934196472
YML057W,YMR183C,0,-2.4621396,0.11506068706512451,0.9290000200271606,0.7145000100135803
YER056C,YNL024C,0,-2.4621422,0.1150464415550232,0.9290000200271606,0.7146000266075134
YDR482C,YPL021W,0,-2.4631894,0.11503219604492188,0.9290000200271606,0.7146999835968018
YJL173C,YJL216C,0,-2.46382,0.11501795053482056,0.9290000200271606,0.7148000001907349
YOR087W,YGL027C,0,-2.4640546,0.11500371247529984,0.9290000200271606,0.714900016784668
YGR244C,YHR001W-A,0,-2.4642541,0.11498948186635971,0.9290000200271606,0.7149999737739563
YJR084W,YGR109W-A,0,-2.464962,0.11497524380683899,0.9290000200271606,0.7150999903678894
YLR284C,YLR234W,0,-2.465173,0.11496102064847946,0.9290000200271606,0.7152000069618225
YFR010W,YLR234W,0,-2.465173,0.11494679749011993,0.9290000200271606,0.7153000235557556
YHR205W,YBL008W,0,-2.4654775,0.1149325743317604,0.9290000200271606,0.715399980545044
YHL017W,YDR325W,0,-2.4660096,0.11491835862398148,0.9290000200271606,0.715499997138977
YPR110C,YDR386W,0,-2.466079,0.11490414291620255,0.9290000200271606,0.7156000137329102
YOR034C,YML057W,0,-2.4665866,0.11488993465900421,0.9290000200271606,0.7156999707221985
YGL005C,YLR115W,0,-2.4679303,0.11487572640180588,0.9290000200271606,0.7157999873161316
YOL096C,YLR023C,0,-2.4696794,0.11486152559518814,0.9290000200271606,0.7159000039100647
YHR148W,YGR253C,0,-2.46973,0.1148473247885704,0.9290000200271606,0.7160000205039978
YDR028C,YLR115W,0,-2.4698179,0.11483312398195267,0.9290000200271606,0.7160999774932861
YAL048C,YBR188C,0,-2.4704032,0.11481893807649612,0.9290000200271606,0.7161999940872192
YCR031C,YLR189C,0,-2.471773,0.11480474472045898,0.9290000200271606,0.7163000106811523
YHR037W,YNL111C,0,-2.4719472,0.11479055881500244,0.9290000200271606,0.7164000272750854
YOL084W,YML057W,0,-2.4727583,0.1147763803601265,0.9290000200271606,0.7164999842643738
YDR434W,YCR021C,0,-2.4728694,0.11476220190525055,0.9290000200271606,0.7166000008583069
YOR034C,YLR361C,0,-2.4729419,0.1147480234503746,0.9290000200271606,0.71670001745224
YNL024C,YOR157C,0,-2.473421,0.11473385244607925,0.9290000200271606,0.7167999744415283
YDR039C,YMR041C,0,-2.4743938,0.1147196814417839,0.9290000200271606,0.7168999910354614
YGL070C,YNL123W,0,-2.4746604,0.11470551788806915,0.9290000200271606,0.7170000076293945
YDR201W,YNR019W,0,-2.477265,0.1146913543343544,0.9290000200271606,0.7171000242233276
YJL021C,YDR227W,0,-2.4778655,0.11467719823122025,0.9290000200271606,0.717199981212616
YDR041W,YGL111W,0,-2.4785547,0.11466304957866669,0.9290000200271606,0.7172999978065491
YNL056W,YPR055W,0,-2.479216,0.11464889347553253,0.9290000200271606,0.7174000144004822
YNL263C,YGR004W,0,-2.479686,0.11463474482297897,0.9290000200271606,0.7174999713897705
YFL011W,YIR004W,0,-2.4803386,0.11462060362100601,0.9290000200271606,0.7175999879837036
YLR223C,YML047C,0,-2.481027,0.11460646241903305,0.9290000200271606,0.7177000045776367
YIL068C,YGR097W,0,-2.4814315,0.11459232866764069,0.9290000200271606,0.7178000211715698
YLR115W,YOR001W,0,-2.4820004,0.11457819491624832,0.9290000200271606,0.7178999781608582
YEL001C,YBR193C,0,-2.483432,0.11456406116485596,0.9290000200271606,0.7179999947547913
YDR441C,YKL081W,0,-2.4844942,0.11454993486404419,0.9290000200271606,0.7181000113487244
YOL103W-A,YDR080W,0,-2.4845102,0.11453581601381302,0.9290000200271606,0.7182000279426575
YOR004W,YBR162C,0,-2.4849324,0.11452169716358185,0.9290000200271606,0.7182999849319458
YNL103W,YJL167W,0,-2.4850018,0.11450757831335068,0.9290000200271606,0.7184000015258789
YDL072C,YGR094W,0,-2.4852672,0.1144934669137001,0.9290000200271606,0.718500018119812
YIL005W,YCL035C,0,-2.4853826,0.11447935551404953,0.9290000200271606,0.7185999751091003
YHL011C,YBR272C,0,-2.486084,0.11446525156497955,0.9290000200271606,0.7186999917030334
YLL031C,YGL053W,0,-2.48634,0.11445115506649017,0.9290000200271606,0.7188000082969666
YHR113W,YGR253C,0,-2.4863524,0.1144370511174202,0.9290000200271606,0.7189000248908997
YDR244W,YPL145C,0,-2.4865177,0.11442296206951141,0.9290000200271606,0.718999981880188
YIL068C,YIL167W,0,-2.4866614,0.11440886557102203,0.9290000200271606,0.7190999984741211
YNL190W,YBR090C-A,0,-2.4885864,0.11439477652311325,0.9290000200271606,0.7192000150680542
YOR016C,YKL002W,0,-2.4891205,0.11438069492578506,0.9290000200271606,0.7192999720573425
YOR372C,YEL051W,0,-2.4912648,0.11436661332845688,0.9290000200271606,0.7193999886512756
YIL038C,YER032W,0,-2.49147,0.11435253918170929,0.9290000200271606,0.7195000052452087
YLR006C,YGR266W,0,-2.4924996,0.1143384650349617,0.9290000200271606,0.7196000218391418
YLR052W,YBR034C,0,-2.4932556,0.11432439088821411,0.9290000200271606,0.7196999788284302
YPL126W,YNL038W,0,-2.4937835,0.11431032419204712,0.9290000200271606,0.7197999954223633
YNL068C,YOR059C,0,-2.4943244,0.11429625749588013,0.9290000200271606,0.7199000120162964
YGL076C,YKL002W,0,-2.4951086,0.11428219825029373,0.9290000200271606,0.7200000286102295
YGR204W,YOR059C,0,-2.4964232,0.11426813900470734,0.9290000200271606,0.7200999855995178
YMR055C,YBR065C,0,-2.496801,0.11425408720970154,0.9290000200271606,0.7202000021934509
YLR004C,YIL144W,0,-2.4974446,0.11424004286527634,0.9290000200271606,0.720300018787384
YDR434W,YLR056W,0,-2.497986,0.11422599107027054,0.9290000200271606,0.7203999757766724
YNL132W,YPL075W,0,-2.4995613,0.11421194672584534,0.9290000200271606,0.7204999923706055
YDR268W,YPR100W,0,-2.4996731,0.11419790983200073,0.9290000200271606,0.7206000089645386
YNL263C,YOR227W,0,-2.5000427,0.11418387293815613,0.9290000200271606,0.7207000255584717
YLR426W,YMR105C,0,-2.5001407,0.11416984349489212,0.9290000200271606,0.72079998254776
YBL031W,YLR263W,0,-2.5010388,0.11415581405162811,0.9290000200271606,0.7208999991416931
YML057W,YML096W,0,-2.5017402,0.1141417846083641,0.9290000200271606,0.7210000157356262
YDL003W,YDR227W,0,-2.501875,0.1141277626156807,0.9290000200271606,0.7210999727249146
YFR027W,YOL055C,0,-2.5021415,0.11411374807357788,0.9290000200271606,0.7211999893188477
YBR003W,YNL317W,0,-2.5048137,0.11409972608089447,0.9290000200271606,0.7213000059127808
YDR135C,YNL065W,0,-2.5057323,0.11408571898937225,0.9290000200271606,0.7214000225067139
YPL120W,YNL180C,0,-2.5066862,0.11407171189785004,0.9290000200271606,0.7214999794960022
YJR150C,YOR011W,0,-2.507306,0.11405770480632782,0.9290000200271606,0.7215999960899353
YJR131W,YMR242C,0,-2.508417,0.1140437051653862,0.9290000200271606,0.7217000126838684
YOR266W,YDR268W,0,-2.5086508,0.11402970552444458,0.9290000200271606,0.7218000292778015
YPL215W,YLR068W,0,-2.5106738,0.11401570588350296,0.9290000200271606,0.7218999862670898
YEL018W,YNL216W,0,-2.51129,0.11400172114372253,0.9290000200271606,0.722000002861023
YDL072C,YCR036W,0,-2.5127506,0.11398772895336151,0.9290000200271606,0.722100019454956
YDL209C,YGR260W,0,-2.5129511,0.11397374421358109,0.9290000200271606,0.7221999764442444
YIL030C,YNL132W,0,-2.5144763,0.11395976692438126,0.9290000200271606,0.7222999930381775
YOL154W,YDR395W,0,-2.5155935,0.11394578963518143,0.9290000200271606,0.7224000096321106
YLR083C,YHR197W,0,-2.5158348,0.1139318123459816,0.9290000200271606,0.7225000262260437
YCR035C,YAL068C,0,-2.5162563,0.11391784250736237,0.9290000200271606,0.722599983215332
YPL130W,YHR138C,0,-2.5174851,0.11390387266874313,0.9290000200271606,0.7226999998092651
YIL052C,YNL054W-A,0,-2.519264,0.1138899102807045,0.9290000200271606,0.7228000164031982
YAL030W,YDR284C,0,-2.521295,0.11387594789266586,0.9290000200271606,0.7228999733924866
YHR006W,YHR214W,0,-2.5213423,0.11386199295520782,0.9290000200271606,0.7229999899864197
YKL026C,YLR150W,0,-2.5213704,0.11384803801774979,0.9290000200271606,0.7231000065803528
YML081W,YGL078C,0,-2.5217118,0.11383409053087234,0.9290000200271606,0.7232000231742859
YKL132C,YEL032W,0,-2.5237813,0.1138201430439949,0.9290000200271606,0.7232999801635742
YLL018C-A,YOR358W,0,-2.5238137,0.11380619555711746,0.9290000200271606,0.7233999967575073
YAR033W,YBR101C,0,-2.524031,0.11379225552082062,0.9290000200271606,0.7235000133514404
YDR213W,YLR193C,0,-2.5242198,0.11377832293510437,0.9290000200271606,0.7235999703407288
YDR345C,YML023C,0,-2.524714,0.11376439034938812,0.9290000200271606,0.7236999869346619
YNL045W,YGL151W,0,-2.5247939,0.11375045776367188,0.9290000200271606,0.723800003528595
YDR204W,YPL221W,0,-2.5258741,0.11373653262853622,0.9290000200271606,0.7239000201225281
YHL031C,YGL061C,0,-2.5259492,0.11372260749340057,0.9290000200271606,0.7239999771118164
YER143W,YNL194C,0,-2.5264702,0.11370868980884552,0.9290000200271606,0.7240999937057495
YJR109C,YHL026C,0,-2.5266042,0.11369477212429047,0.9290000200271606,0.7242000102996826
YLR347C,YBR208C,0,-2.5277884,0.11368086189031601,0.9290000200271606,0.7243000268936157
YLR052W,YGL240W,0,-2.5281138,0.11366695165634155,0.9290000200271606,0.724399983882904
YCL005W-A,YGR005C,0,-2.5284872,0.11365304887294769,0.9290000200271606,0.7245000004768372
YDR513W,YNL063W,0,-2.5310857,0.11363914608955383,0.9290000200271606,0.7246000170707703
YLR118C,YOR060C,0,-2.5317876,0.11362524330615997,0.9290000200271606,0.7246999740600586
YLR390W-A,YLR143W,0,-2.5319047,0.11361134797334671,0.9290000200271606,0.7247999906539917
YGL243W,YPR095C,0,-2.5329783,0.11359746009111404,0.9290000200271606,0.7249000072479248
YLR006C,YER178W,0,-2.533249,0.11358356475830078,0.9290000200271606,0.7250000238418579
YDR468C,YER005W,0,-2.534498,0.11356968432664871,0.9290000200271606,0.7250999808311462
YDR110W,YOR271C,0,-2.5350242,0.11355579644441605,0.9290000200271606,0.7251999974250793
YGR120C,YPL239W,0,-2.53563,0.11354192346334457,0.9290000200271606,0.7253000140190125
YPL004C,YML057W,0,-2.5363345,0.1135280430316925,0.9290000200271606,0.7253999710083008
YER142C,YBR016W,0,-2.5371075,0.11351417750120163,0.9290000200271606,0.7254999876022339
YIL119C,YOR250C,0,-2.538262,0.11350030452013016,0.9290000200271606,0.725600004196167
YER108C,YGR040W,1,-2.539577,0.11360859870910645,0.9300000071525574,0.725600004196167
YLR223C,YKL029C,0,-2.5396683,0.11359472572803497,0.9300000071525574,0.7257000207901001
YBR069C,YKL087C,0,-2.5397277,0.1135808527469635,0.9300000071525574,0.7257999777793884
YDR023W,YNL062C,0,-2.540441,0.11356697976589203,0.9300000071525574,0.7258999943733215
YER041W,YPR131C,0,-2.5411496,0.11355311423540115,0.9300000071525574,0.7260000109672546
YLR333C,YBL047C,0,-2.5414057,0.11353924870491028,0.9300000071525574,0.7261000275611877
YDR422C,YER015W,0,-2.5419006,0.113525390625,0.9300000071525574,0.7261999845504761
YIL056W,YGR005C,0,-2.5419106,0.11351153254508972,0.9300000071525574,0.7263000011444092
YHR111W,YOR011W,0,-2.543612,0.11349768191576004,0.9300000071525574,0.7264000177383423
YPL141C,YLL066C,0,-2.543737,0.11348383128643036,0.9300000071525574,0.7264999747276306
YML098W,YER176W,0,-2.5443497,0.11346998810768127,0.9300000071525574,0.7265999913215637
YMR063W,YKR052C,0,-2.5449371,0.11345614492893219,0.9300000071525574,0.7267000079154968
YLR390W-A,YGR109W-A,0,-2.5469258,0.1134423017501831,0.9300000071525574,0.7268000245094299
YGR082W,YKR079C,0,-2.547192,0.11342846602201462,0.9300000071525574,0.7268999814987183
YGL189C,YHR157W,0,-2.5477195,0.11341463774442673,0.9300000071525574,0.7269999980926514
YNL194C,YDR276C,0,-2.5477276,0.11340080201625824,0.9300000071525574,0.7271000146865845
YFR047C,YLR413W,0,-2.5480666,0.11338698118925095,0.9300000071525574,0.7271999716758728
YDR399W,YKR095W,0,-2.551385,0.11337315291166306,0.9300000071525574,0.7272999882698059
YOL042W,YNL221C,0,-2.5516033,0.11335933953523636,0.9300000071525574,0.727400004863739
YDR515W,YJL173C,0,-2.5523677,0.11334551870822906,0.9300000071525574,0.7275000214576721
YCR024C,YGL085W,0,-2.5531964,0.11333170533180237,0.9300000071525574,0.7275999784469604
YIL098C,YBL008W,0,-2.555204,0.11331789940595627,0.9300000071525574,0.7276999950408936
YCL051W,YER108C,0,-2.5568779,0.11330409348011017,0.9300000071525574,0.7278000116348267
YLL026W,YDR176W,0,-2.558834,0.11329028755426407,0.9300000071525574,0.7279000282287598
YFL026W,YGL195W,0,-2.5588923,0.11327648907899857,0.9300000071525574,0.7279999852180481
YGR161C,YDR025W,0,-2.559111,0.11326269805431366,0.9300000071525574,0.7281000018119812
YNL094W,YLR460C,0,-2.5592608,0.11324890702962875,0.9300000071525574,0.7282000184059143
YMR261C,YDR328C,0,-2.5623531,0.11323511600494385,0.9300000071525574,0.7282999753952026
YDR246W,YKL079W,0,-2.5629008,0.11322133243083954,0.9300000071525574,0.7283999919891357
YKL132C,YDR110W,0,-2.563445,0.11320754885673523,0.9300000071525574,0.7285000085830688
YJL013C,YPL183C,0,-2.5638804,0.11319376528263092,0.9300000071525574,0.728600025177002
YBR034C,YEL024W,0,-2.5640337,0.11317998915910721,0.9300000071525574,0.7286999821662903
YER108C,YHR011W,1,-2.565598,0.11328790336847305,0.9309999942779541,0.7286999821662903
YBR038W,YIL043C,0,-2.5659776,0.11327411979436874,0.9309999942779541,0.7287999987602234
YER041W,YPR169W,0,-2.5672994,0.11326034367084503,0.9309999942779541,0.7289000153541565
YJR052W,YER060W,0,-2.5676823,0.11324656009674072,0.9309999942779541,0.7289999723434448
YOR136W,YBR191W,0,-2.5708385,0.11323279142379761,0.9309999942779541,0.7290999889373779
YBR211C,YJL089W,0,-2.5710368,0.11321902275085449,0.9309999942779541,0.729200005531311
YGL246C,YDR190C,0,-2.571376,0.11320525407791138,0.9309999942779541,0.7293000221252441
YPR180W,YDL046W,0,-2.5714836,0.11319149285554886,0.9309999942779541,0.7293999791145325
YKR096W,YOR048C,0,-2.5723047,0.11317773163318634,0.9309999942779541,0.7294999957084656
YLR194C,YER060W-A,0,-2.5724204,0.11316397041082382,0.9309999942779541,0.7296000123023987
YNR048W,YKL002W,0,-2.5731156,0.1131502166390419,0.9309999942779541,0.7297000288963318
YCL068C,YPL248C,0,-2.5761795,0.11313647031784058,0.9309999942779541,0.7297999858856201
YDR243C,YIL096C,0,-2.5770078,0.11312272399663925,0.9309999942779541,0.7299000024795532
YNL048W,YDL134C,0,-2.5777779,0.11310897767543793,0.9309999942779541,0.7300000190734863
YER072W,YHR024C,0,-2.5803885,0.1130952388048172,0.9309999942779541,0.7300999760627747
YHR009C,YHR020W,0,-2.5804987,0.11308149993419647,0.9309999942779541,0.7301999926567078
YDR367W,YCR035C,0,-2.5811403,0.11306776851415634,0.9309999942779541,0.7303000092506409
YPL115C,YNL298W,1,-2.581355,0.11317547410726547,0.9319999814033508,0.7303000092506409
YBR003W,YLR150W,0,-2.5817497,0.11316172778606415,0.9319999814033508,0.730400025844574
YAL028W,YOL078W,0,-2.581975,0.11314798891544342,0.9319999814033508,0.7304999828338623
YOR383C,YDL012C,0,-2.5822725,0.11313425749540329,0.9319999814033508,0.7305999994277954
YCL017C,YDR188W,0,-2.5825663,0.11312052607536316,0.9319999814033508,0.7307000160217285
YHR111W,YNR055C,0,-2.5826306,0.11310679465532303,0.9319999814033508,0.7307999730110168
YPL171C,YDR308C,0,-2.5829735,0.1130930706858635,0.9319999814033508,0.73089998960495
YPL207W,YJR052W,0,-2.5830555,0.11307934671640396,0.9319999814033508,0.7310000061988831
YDR398W,YKR031C,0,-2.584258,0.11306563019752502,0.9319999814033508,0.7311000227928162
YGL087C,YJL208C,0,-2.5850394,0.11305191367864609,0.9319999814033508,0.7311999797821045
YOL078W,YBR089C-A,0,-2.585279,0.11303820461034775,0.9319999814033508,0.7312999963760376
YNL048W,YCR044C,0,-2.5853317,0.11302449554204941,0.9319999814033508,0.7314000129699707
YJL054W,YDR092W,0,-2.586043,0.11301079392433167,0.9319999814033508,0.7315000295639038
YLR037C,YNL068C,0,-2.586863,0.11299709230661392,0.9319999814033508,0.7315999865531921
YKL149C,YMR149W,0,-2.5873754,0.11298339068889618,0.9319999814033508,0.7317000031471252
YOL126C,YGL171W,0,-2.5886414,0.11296969652175903,0.9319999814033508,0.7318000197410583
YLR390W-A,YNL145W,0,-2.5888128,0.11295600235462189,0.9319999814033508,0.7318999767303467
YLR194C,YOR259C,0,-2.5899625,0.11294231563806534,0.9319999814033508,0.7319999933242798
YLR258W,YGR260W,0,-2.5900884,0.11292862892150879,0.9319999814033508,0.7321000099182129
YDR430C,YJR046W,0,-2.5905883,0.11291494965553284,0.9319999814033508,0.732200026512146
YFR016C,YLL018C-A,0,-2.591515,0.11290127038955688,0.9319999814033508,0.7322999835014343
YHR170W,YIL011W,0,-2.59172,0.11288759857416153,0.9319999814033508,0.7324000000953674
YLR411W,YDL149W,0,-2.5921302,0.11287392675876617,0.9319999814033508,0.7325000166893005
YOR258W,YNL094W,0,-2.592363,0.11286025494337082,0.9319999814033508,0.7325999736785889
YDR434W,YGR142W,0,-2.5930564,0.11284659057855606,0.9319999814033508,0.732699990272522
YDR303C,YPL006W,0,-2.5930648,0.1128329262137413,0.9319999814033508,0.7328000068664551
YGL246C,YNL130C,0,-2.5940626,0.11281926929950714,0.9319999814033508,0.7329000234603882
YPL115C,YGL087C,0,-2.5953178,0.11280561238527298,0.9319999814033508,0.7329999804496765
YDL119C,YPL189W,0,-2.5959904,0.11279196292161942,0.9319999814033508,0.7330999970436096
YDR105C,YDL149W,0,-2.5961313,0.11277831345796585,0.9319999814033508,0.7332000136375427
YLR102C,YGL142C,0,-2.5964103,0.11276467144489288,0.9319999814033508,0.733299970626831
YAL059W,YHL025W,0,-2.596445,0.11275102943181992,0.9319999814033508,0.7333999872207642
YAR009C,YER060W,0,-2.5968857,0.11273738741874695,0.9319999814033508,0.7335000038146973
YOR207C,YPL133C,0,-2.5970826,0.11272375285625458,0.9319999814033508,0.7336000204086304
YLR360W,YER005W,0,-2.5971496,0.1127101257443428,0.9319999814033508,0.7336999773979187
YER056C,YDR381W,0,-2.5977855,0.11269649118185043,0.9319999814033508,0.7337999939918518
YLR239C,YER031C,0,-2.5987687,0.11268287152051926,0.9319999814033508,0.7339000105857849
YOL078W,YLR023C,0,-2.5990775,0.11266924440860748,0.9319999814033508,0.734000027179718
YNL137C,YNR052C,0,-2.5993156,0.1126556247472763,0.9319999814033508,0.7340999841690063
YHR165C,YLR451W,0,-2.5994864,0.11264201253652573,0.9319999814033508,0.7342000007629395
YBR153W,YGL115W,0,-2.5999274,0.11262840032577515,0.9319999814033508,0.7343000173568726
YNL294C,YOL095C,0,-2.6000488,0.11261478811502457,0.9319999814033508,0.7343999743461609
YGL243W,YHR149C,0,-2.600206,0.11260118335485458,0.9319999814033508,0.734499990940094
YIL087C,YPR007C,0,-2.6022086,0.1125875785946846,0.9319999814033508,0.7346000075340271
YPR067W,YPL203W,0,-2.6029906,0.11257398128509521,0.9319999814033508,0.7347000241279602
YKL052C,YCL039W,0,-2.6034942,0.11256038397550583,0.9319999814033508,0.7347999811172485
YMR234W,YBL008W,0,-2.6055303,0.11254679411649704,0.9319999814033508,0.7348999977111816
YDR075W,YPL207W,0,-2.608344,0.11253320425748825,0.9319999814033508,0.7350000143051147
YNL199C,YDR437W,0,-2.6104093,0.11251962184906006,0.9319999814033508,0.7350999712944031
YHR035W,YJR153W,0,-2.6104372,0.11250603944063187,0.9319999814033508,0.7351999878883362
YDR040C,YNL111C,0,-2.6113954,0.11249245703220367,0.9319999814033508,0.7353000044822693
YDR165W,YCR038C,0,-2.6116474,0.11247888207435608,0.9319999814033508,0.7354000210762024
YBR130C,YOL095C,0,-2.6125078,0.11246530711650848,0.9319999814033508,0.7354999780654907
YDR023W,YNL068C,0,-2.6127706,0.11245173960924149,0.9319999814033508,0.7355999946594238
YOR195W,YFR030W,0,-2.6141274,0.11243817210197449,0.9319999814033508,0.7357000112533569
YNL031C,YIL052C,0,-2.6144223,0.11242460459470749,0.9319999814033508,0.73580002784729
YDR513W,YDR040C,0,-2.615019,0.11241104453802109,0.9319999814033508,0.7358999848365784
YNL024C,YCR038C,0,-2.6152878,0.11239749193191528,0.9319999814033508,0.7360000014305115
YJR102C,YHL028W,0,-2.6157908,0.11238393932580948,0.9319999814033508,0.7361000180244446
YDR308C,YBL051C,0,-2.6164165,0.11237038671970367,0.9319999814033508,0.7361999750137329
YDR098C,YCL067C,0,-2.6187494,0.11235684156417847,0.9319999814033508,0.736299991607666
YLR451W,YNL240C,0,-2.621755,0.11234329640865326,0.9319999814033508,0.7364000082015991
YCL005W-A,YJR054W,0,-2.6225677,0.11232975870370865,0.9319999814033508,0.7365000247955322
YLR052W,YCL039W,0,-2.62284,0.11231622099876404,0.9319999814033508,0.7365999817848206
YGR266W,YOL086W-A,0,-2.62288,0.11230269074440002,0.9319999814033508,0.7366999983787537
YHR111W,YNL298W,1,-2.6236362,0.11240963637828827,0.9330000281333923,0.7366999983787537
YGL087C,YNL081C,0,-2.6239808,0.11239609867334366,0.9330000281333923,0.7368000149726868
YOL020W,YMR243C,0,-2.6243892,0.11238256096839905,0.9330000281333923,0.7368999719619751
YNL216W,YPL161C,0,-2.625136,0.11236902326345444,0.9330000281333923,0.7369999885559082
YIL052C,YFL018W-A,0,-2.62603,0.11235549300909042,0.9330000281333923,0.7371000051498413
YDR075W,YPL215W,0,-2.6269515,0.11234196275472641,0.9330000281333923,0.7372000217437744
YJL012C,YHR024C,0,-2.6280105,0.112328439950943,0.9330000281333923,0.7372999787330627
YBR181C,YPR120C,0,-2.6296608,0.11231491714715958,0.9330000281333923,0.7373999953269958
YOR027W,YEL048C,0,-2.6300092,0.11230139434337616,0.9330000281333923,0.737500011920929
YPR175W,YMR110C,0,-2.631859,0.11228787899017334,0.9330000281333923,0.7376000285148621
YGR161W-A,YGR005C,0,-2.6322026,0.11227437108755112,0.9330000281333923,0.7376999855041504
YDR098C-A,YIL064W,0,-2.6325593,0.1122608557343483,0.9330000281333923,0.7378000020980835
YOR191W,YDR019C,0,-2.6327934,0.11224735528230667,0.9330000281333923,0.7379000186920166
YHR122W,YDL031W,0,-2.6331964,0.11223384737968445,0.9330000281333923,0.7379999756813049
YGR078C,YMR262W,0,-2.6334848,0.11222035437822342,0.9330000281333923,0.738099992275238
YOL012C,YDL145C,0,-2.6341734,0.1122068539261818,0.9330000281333923,0.7382000088691711
YMR286W,YML057W,0,-2.634437,0.11219336092472076,0.9330000281333923,0.7383000254631042
YJL012C,YHR169W,0,-2.635407,0.11217987537384033,0.9330000281333923,0.7383999824523926
YIL107C,YNL246W,0,-2.635985,0.1121663898229599,0.9330000281333923,0.7384999990463257
YOR262W,YKR031C,0,-2.6366754,0.11215290427207947,0.9330000281333923,0.7386000156402588
YDR148C,YLR361C,0,-2.6373928,0.11213942617177963,0.9330000281333923,0.7386999726295471
YAL015C,YOL126C,0,-2.6383271,0.1121259480714798,0.9330000281333923,0.7387999892234802
YDL247W,YOR358W,0,-2.6390426,0.11211246997117996,0.9330000281333923,0.7389000058174133
YLL018C-A,YPL063W,0,-2.6396406,0.11209899932146072,0.9330000281333923,0.7390000224113464
YKR075C,YDR200C,0,-2.6416383,0.11208553612232208,0.9330000281333923,0.7390999794006348
YPL105C,YKL191W,0,-2.6419091,0.11207207292318344,0.9330000281333923,0.7391999959945679
YDR434W,YKL114C,0,-2.6427996,0.1120586097240448,0.9330000281333923,0.739300012588501
YLR417W,YMR158W,0,-2.6428735,0.11204515397548676,0.9330000281333923,0.7394000291824341
YLR227W-A,YNR052C,0,-2.6430857,0.11203169822692871,0.9330000281333923,0.7394999861717224
YLR037C,YDR041W,0,-2.643252,0.11201824992895126,0.9330000281333923,0.7396000027656555
YKR077W,YPL248C,0,-2.64349,0.11200480163097382,0.9330000281333923,0.7397000193595886
YPL043W,YOR249C,0,-2.6440961,0.11199136078357697,0.9330000281333923,0.739799976348877
YDR259C,YHR014W,0,-2.6457882,0.11197791993618011,0.9330000281333923,0.7398999929428101
YKL191W,YJR132W,0,-2.6480422,0.11196447908878326,0.9330000281333923,0.7400000095367432
YLR248W,YLR150W,0,-2.6494572,0.11195104569196701,0.9330000281333923,0.7401000261306763
YLR115W,YIL173W,0,-2.6494584,0.11193761229515076,0.9330000281333923,0.7401999831199646
YLR451W,YML076C,0,-2.6497767,0.1119241863489151,0.9330000281333923,0.7402999997138977
YBL100W-B,YNR038W,0,-2.6513467,0.11191076040267944,0.9330000281333923,0.7404000163078308
YPL004C,YLL053C,0,-2.652059,0.11189733445644379,0.9330000281333923,0.7404999732971191
YPL116W,YBL047C,0,-2.6525183,0.11188391596078873,0.9330000281333923,0.7405999898910522
YDL093W,YIL167W,0,-2.6526246,0.11187050491571426,0.9330000281333923,0.7407000064849854
YPR100W,YDR359C,0,-2.6532724,0.1118570938706398,0.9330000281333923,0.7408000230789185
YGL076C,YKR095W-A,0,-2.6532965,0.11184368282556534,0.9330000281333923,0.7408999800682068
YPL215W,YJL208C,0,-2.6540208,0.11183027923107147,0.9330000281333923,0.7409999966621399
YBR029C,YOR250C,0,-2.654578,0.1118168756365776,0.9330000281333923,0.741100013256073
YLR060W,YGL226W,0,-2.654622,0.11180347204208374,0.9330000281333923,0.7411999702453613
YOR372C,YIL011W,0,-2.6546564,0.11179007589817047,0.9330000281333923,0.7412999868392944
YOL042W,YJL089W,0,-2.6549456,0.1117766872048378,0.9330000281333923,0.7414000034332275
YDR210C-D,YKL192C,0,-2.6579347,0.11176329851150513,0.9330000281333923,0.7415000200271606
YNL051W,YLR377C,0,-2.658422,0.11174990981817245,0.9330000281333923,0.741599977016449
YLR039C,YOR004W,0,-2.659381,0.11173652857542038,0.9330000281333923,0.7416999936103821
YIL156W,YER143W,0,-2.6599805,0.1117231473326683,0.9330000281333923,0.7418000102043152
YPR128C,YNL142W,0,-2.6599967,0.11170977354049683,0.9330000281333923,0.7419000267982483
YLR175W,YPL063W,0,-2.660285,0.11169639974832535,0.9330000281333923,0.7419999837875366
YMR001C,YGR044C,0,-2.6613333,0.11168302595615387,0.9330000281333923,0.7421000003814697
YER127W,YLR337C,0,-2.661809,0.11166965961456299,0.9330000281333923,0.7422000169754028
YNL194C,YLR175W,0,-2.6624625,0.1116562932729721,0.9330000281333923,0.7422999739646912
YHR037W,YKL080W,0,-2.6633894,0.11164293438196182,0.9330000281333923,0.7423999905586243
YOR177C,YNL216W,0,-2.6634483,0.11162957549095154,0.9330000281333923,0.7425000071525574
YOR241W,YNL111C,0,-2.6634645,0.11161622405052185,0.9330000281333923,0.7426000237464905
YCL068C,YML031W,0,-2.663759,0.11160287261009216,0.9330000281333923,0.7426999807357788
YDR210C-D,YDR179C,0,-2.6645446,0.11158952116966248,0.9330000281333923,0.7427999973297119
YIL014W,YPL173W,0,-2.6648755,0.11157617717981339,0.9330000281333923,0.742900013923645
YDR468C,YBR149W,0,-2.664949,0.1115628331899643,0.9330000281333923,0.7429999709129333
YMR175W,YPL043W,0,-2.6653,0.1115494966506958,0.9330000281333923,0.7430999875068665
YNL056W,YLR277C,0,-2.6662488,0.11153616011142731,0.9330000281333923,0.7432000041007996
YDL135C,YIL011W,0,-2.6665587,0.11152283102273941,0.9330000281333923,0.7433000206947327
YOR334W,YBR146W,0,-2.666775,0.11150950193405151,0.9330000281333923,0.743399977684021
YIL056W,YHR148W,0,-2.6680727,0.11149617284536362,0.9330000281333923,0.7434999942779541
YEL039C,YMR091C,0,-2.6686826,0.11148285120725632,0.9330000281333923,0.7436000108718872
YKL081W,YHL021C,0,-2.6696465,0.11146953701972961,0.9330000281333923,0.7437000274658203
YER028C,YDR041W,0,-2.671629,0.11145621538162231,0.9330000281333923,0.7437999844551086
YNL056W,YOR009W,0,-2.6732044,0.11144290864467621,0.9330000281333923,0.7439000010490417
YHR001W-A,YOR260W,0,-2.6751575,0.1114295944571495,0.9330000281333923,0.7440000176429749
YKR093W,YKL080W,0,-2.6753998,0.1114162877202034,0.9330000281333923,0.7440999746322632
YAL002W,YKL192C,0,-2.6769366,0.11140298843383789,0.9330000281333923,0.7441999912261963
YLR118C,YCL039W,0,-2.6780062,0.11138968169689178,0.9330000281333923,0.7443000078201294
YBL087C,YDR234W,0,-2.6791205,0.11137638986110687,0.9330000281333923,0.7444000244140625
YPR120C,YKL081W,0,-2.6797807,0.11136309057474136,0.9330000281333923,0.7444999814033508
YPL105C,YOR113W,0,-2.6798115,0.11134980618953705,0.9330000281333923,0.7445999979972839
YIL075C,YOR001W,0,-2.6801085,0.11133651435375214,0.9330000281333923,0.744700014591217
YJL089W,YKL134C,0,-2.680987,0.11132322996854782,0.9330000281333923,0.7447999715805054
YGL116W,YKR095W,0,-2.6813202,0.1113099530339241,0.9330000281333923,0.7448999881744385
YKL155C,YJL179W,0,-2.68152,0.11129666864871979,0.9330000281333923,0.7450000047683716
YDR412W,YNL176C,0,-2.6817343,0.11128339916467667,0.9330000281333923,0.7451000213623047
YOR252W,YML133C,0,-2.6824076,0.11127012223005295,0.9330000281333923,0.745199978351593
YJL021C,YML061C,0,-2.6841416,0.11125686019659042,0.9330000281333923,0.7452999949455261
YOL055C,YOL121C,0,-2.6842794,0.1112435907125473,0.9330000281333923,0.7454000115394592
YOL096C,YDL149W,0,-2.6845427,0.11123032867908478,0.9330000281333923,0.7455000281333923
YPL115C,YBR095C,1,-2.68549,0.11133627593517303,0.9340000152587891,0.7455000281333923
YKL006W,YOL086W-A,0,-2.686458,0.11132300645112991,0.9340000152587891,0.7455999851226807
YLR143W,YPL076W,0,-2.6864624,0.11130973696708679,0.9340000152587891,0.7457000017166138
YKL048C,YLR017W,0,-2.6866853,0.11129647493362427,0.9340000152587891,0.7458000183105469
YMR110C,YHL011C,0,-2.687368,0.11128321290016174,0.9340000152587891,0.7458999752998352
YOL084W,YOR258W,0,-2.6876078,0.11126995831727982,0.9340000152587891,0.7459999918937683
YLR167W,YPL137C,0,-2.687841,0.11125670373439789,0.9340000152587891,0.7461000084877014
YBR060C,YDL018C,0,-2.6884055,0.11124344915151596,0.9340000152587891,0.7462000250816345
YGL045W,YGL121C,1,-2.6891952,0.11134929209947586,0.9350000023841858,0.7462000250816345
YIL064W,YJR035W,0,-2.6900218,0.11133603006601334,0.9350000023841858,0.7462999820709229
YGL087C,YJL212C,0,-2.6907191,0.11132277548313141,0.9350000023841858,0.746399998664856
YEL032W,YFR053C,0,-2.6915245,0.11130952090024948,0.9350000023841858,0.7465000152587891
YDR111C,YBR049C,0,-2.6926618,0.11129627376794815,0.9350000023841858,0.7465999722480774
YDL113C,YJR096W,0,-2.6931667,0.11128302663564682,0.9350000023841858,0.7466999888420105
YGL142C,YDR427W,0,-2.6937754,0.11126978695392609,0.9350000023841858,0.7468000054359436
YAL056W,YER149C,0,-2.6946511,0.11125654727220535,0.9350000023841858,0.7469000220298767
YHR033W,YHR154W,0,-2.6960618,0.11124330759048462,0.9350000023841858,0.746999979019165
YPR199C,YLR260W,0,-2.6978612,0.11123007535934448,0.9350000023841858,0.7470999956130981
YDR023W,YDR365W-A,0,-2.697948,0.11121684312820435,0.9350000023841858,0.7472000122070312
YLR061W,YLR466W,0,-2.6991463,0.1112036183476448,0.9350000023841858,0.7473000288009644
YBR069C,YLR193C,0,-2.6992958,0.11119039356708527,0.9350000023841858,0.7473999857902527
YNL251C,YBR034C,0,-2.6994705,0.11117716878652573,0.9350000023841858,0.7475000023841858
YBR109C,YGR138C,0,-2.699664,0.11116395145654678,0.9350000023841858,0.7476000189781189
YGR082W,YLR068W,0,-2.7008734,0.11115073412656784,0.9350000023841858,0.7476999759674072
YPR068C,YFR034C,0,-2.701214,0.1111375242471695,0.9350000023841858,0.7477999925613403
YPL248C,YPL156C,0,-2.7012675,0.11112431436777115,0.9350000023841858,0.7479000091552734
YPR134W,YOL029C,0,-2.7016428,0.1111111119389534,0.9350000023841858,0.7480000257492065
YLL057C,YOL052C-A,0,-2.7024462,0.11109790951013565,0.9350000023841858,0.7480999827384949
YPR175W,YML133C,0,-2.7027726,0.1110847070813179,0.9350000023841858,0.748199999332428
YOR016C,YGL104C,0,-2.7039447,0.11107151210308075,0.9350000023841858,0.7483000159263611
YHL038C,YDR359C,0,-2.7040253,0.1110583171248436,0.9350000023841858,0.7483999729156494
YBR218C,YDR210W-C,0,-2.7046452,0.11104512959718704,0.9350000023841858,0.7484999895095825
YLR150W,YOR110W,0,-2.7053537,0.11103194206953049,0.9350000023841858,0.7486000061035156
YIL156W,YPR188C,0,-2.7063975,0.11101876199245453,0.9350000023841858,0.7487000226974487
YGL027C,YDR087C,0,-2.7067351,0.11100558191537857,0.9350000023841858,0.7487999796867371
YHR169W,YPR071W,0,-2.7073097,0.11099240183830261,0.9350000023841858,0.7488999962806702
YAR009C,YOL121C,0,-2.707561,0.11097922921180725,0.9350000023841858,0.7490000128746033
YNL194C,YGL105W,0,-2.7082224,0.11096605658531189,0.9350000023841858,0.7491000294685364
YBR016W,YBR112C,0,-2.7087262,0.11095289140939713,0.9350000023841858,0.7491999864578247
YNR032C-A,YPL173W,0,-2.7096877,0.11093972623348236,0.9350000023841858,0.7493000030517578
YLL066C,YOR060C,0,-2.7098646,0.1109265610575676,0.9350000023841858,0.7494000196456909
YAL002W,YKL032C,0,-2.709872,0.11091340333223343,0.9350000023841858,0.7494999766349792
YPR008W,YGL087C,0,-2.709874,0.11090024560689926,0.9350000023841858,0.7495999932289124
YNL190W,YNL142W,0,-2.7103255,0.11088709533214569,0.9350000023841858,0.7497000098228455
YJL196C,YGL049C,0,-2.7107873,0.11087394505739212,0.9350000023841858,0.7498000264167786
YDR325W,YBL031W,0,-2.7114418,0.11086080223321915,0.9350000023841858,0.7498999834060669
YFR027W,YNL240C,0,-2.7114925,0.11084765940904617,0.9350000023841858,0.75
YIL153W,YDR105C,0,-2.712215,0.1108345165848732,0.9350000023841858,0.7501000165939331
YBR254C,YKR031C,0,-2.7124925,0.11082138121128082,0.9350000023841858,0.7501999735832214
YLR239C,YIL052C,0,-2.7143824,0.11080824583768845,0.9350000023841858,0.7502999901771545
YDL106C,YNL065W,0,-2.715774,0.11079511791467667,0.9350000023841858,0.7504000067710876
YMR192W,YGR260W,0,-2.716751,0.11078198999166489,0.9350000023841858,0.7505000233650208
YOR252W,YEL032W,0,-2.717651,0.1107688695192337,0.9350000023841858,0.7505999803543091
YGR178C,YCL068C,0,-2.7190285,0.11075574159622192,0.9350000023841858,0.7506999969482422
YNL020C,YPL210C,0,-2.7193258,0.11074262857437134,0.9350000023841858,0.7508000135421753
YOL032W,YBR060C,0,-2.7193859,0.11072951555252075,0.9350000023841858,0.7508999705314636
YOL011W,YHL011C,0,-2.7198153,0.11071640253067017,0.9350000023841858,0.7509999871253967
YGL064C,YML055W,0,-2.7211416,0.11070328950881958,0.9350000023841858,0.7511000037193298
YOR027W,YDL209C,0,-2.7211878,0.11069018393754959,0.9350000023841858,0.7512000203132629
YKL110C,YOR272W,0,-2.7213938,0.1106770858168602,0.9350000023841858,0.7512999773025513
YMR001C,YBR301W,0,-2.722066,0.11066398024559021,0.9350000023841858,0.7513999938964844
YGL073W,YLL024C,0,-2.7237203,0.11065088957548141,0.9350000023841858,0.7515000104904175
YOR004W,YPL235W,0,-2.7243872,0.11063779145479202,0.9350000023841858,0.7516000270843506
YLR247C,YDR359C,0,-2.7263672,0.11062470078468323,0.9350000023841858,0.7516999840736389
YKL155C,YMR242C,0,-2.7267733,0.11061161756515503,0.9350000023841858,0.751800000667572
YNL286W,YMR055C,0,-2.727046,0.11059853434562683,0.9350000023841858,0.7519000172615051
YMR041C,YPR086W,0,-2.727902,0.11058545112609863,0.9350000023841858,0.7519999742507935
YLR390W-A,YPL280W,0,-2.7288733,0.11057237535715103,0.9350000023841858,0.7520999908447266
YAL048C,YJL069C,0,-2.7291217,0.11055929958820343,0.9350000023841858,0.7522000074386597
YOR045W,YDL123W,0,-2.7291403,0.11054623126983643,0.9350000023841858,0.7523000240325928
YGL098W,YIL123W,0,-2.729904,0.11053316295146942,0.9350000023841858,0.7523999810218811
YML059C,YFR038W,0,-2.7304492,0.11052009463310242,0.9350000023841858,0.7524999976158142
YHL003C,YML061C,0,-2.7304893,0.11050703376531601,0.9350000023841858,0.7526000142097473
YER007C-A,YOR157C,0,-2.7319045,0.1104939728975296,0.9350000023841858,0.7526999711990356
YJL057C,YBL031W,0,-2.732181,0.11048091948032379,0.9350000023841858,0.7527999877929688
YKR064W,YPR148C,0,-2.7329037,0.11046786606311798,0.9350000023841858,0.7529000043869019
YJR035W,YBL063W,0,-2.733446,0.11045481264591217,0.9350000023841858,0.753000020980835
YLR390W-A,YGL070C,0,-2.734633,0.11044176667928696,0.9350000023841858,0.7530999779701233
YDR276C,YIL096C,0,-2.7348483,0.11042872071266174,0.9350000023841858,0.7531999945640564
YNL284C-B,YPL178W,0,-2.7352333,0.11041568219661713,0.9350000023841858,0.7533000111579895
YGL096W,YNL068C,0,-2.7353716,0.11040264368057251,0.9350000023841858,0.7534000277519226
YJL183W,YEL024W,0,-2.735487,0.11038961261510849,0.9350000023841858,0.7534999847412109
YBR181C,YHR106W,0,-2.737037,0.11037658154964447,0.9350000023841858,0.753600001335144
YOR316C,YOR343C-A,0,-2.7375097,0.11036355048418045,0.9350000023841858,0.7537000179290771
YDL098C,YIR026C,0,-2.737652,0.11035052686929703,0.9350000023841858,0.7537999749183655
YBR119W,YHL026C,0,-2.737749,0.1103375032544136,0.9350000023841858,0.7538999915122986
YNL054W,YLR299W,0,-2.7406893,0.11032448709011078,0.9350000023841858,0.7540000081062317
YBR181C,YPL210C,0,-2.7410402,0.11031147092580795,0.9350000023841858,0.7541000247001648
YMR081C,YLR417W,0,-2.741384,0.11029845476150513,0.9350000023841858,0.7541999816894531
YMR101C,YNL132W,0,-2.7414474,0.1102854460477829,0.9350000023841858,0.7542999982833862
YKR095W-A,YIL038C,0,-2.74307,0.11027243733406067,0.9350000023841858,0.7544000148773193
YHR204W,YCR036W,0,-2.7436335,0.11025943607091904,0.9350000023841858,0.7544999718666077
YBR168W,YMR237W,0,-2.744618,0.1102464348077774,0.9350000023841858,0.7545999884605408
YLR247C,YNR052C,0,-2.7457604,0.11023343354463577,0.9350000023841858,0.7547000050544739
YDR045C,YNL130C,0,-2.7459192,0.11022043973207474,0.9350000023841858,0.754800021648407
YER149C,YLR328W,0,-2.7468925,0.1102074459195137,0.9350000023841858,0.7548999786376953
YML004C,YBR180W,0,-2.7488708,0.11019445955753326,0.9350000023841858,0.7549999952316284
YHR169W,YFR025C,0,-2.7497602,0.11018147319555283,0.9350000023841858,0.7551000118255615
YJL162C,YBR015C,0,-2.750905,0.11016849428415298,0.9350000023841858,0.7552000284194946
YPR055W,YPL100W,0,-2.7516785,0.11015551537275314,0.9350000023841858,0.755299985408783
YBR060C,YDL087C,0,-2.7530992,0.1101425364613533,0.9350000023841858,0.7554000020027161
YDR002W,YDR176W,0,-2.7532492,0.11012956500053406,0.9350000023841858,0.7555000185966492
YMR205C,YDR217C,0,-2.75344,0.11011659353971481,0.9350000023841858,0.7555999755859375
YKL138C,YJL196C,0,-2.753739,0.11010362952947617,0.9350000023841858,0.7556999921798706
YKR089C,YFL025C,0,-2.7544186,0.11009066551923752,0.9350000023841858,0.7558000087738037
YAL028W,YNL278W,0,-2.7565198,0.11007770150899887,0.9350000023841858,0.7559000253677368
YKL149C,YHR111W,0,-2.7566133,0.11006474494934082,0.9350000023841858,0.7559999823570251
YNL286W,YDR257C,0,-2.7570066,0.11005178838968277,0.9350000023841858,0.7560999989509583
YDR256C,YDL123W,0,-2.7576795,0.11003883928060532,0.9350000023841858,0.7562000155448914
YIL068C,YPR017C,0,-2.7586873,0.11002589017152786,0.9350000023841858,0.7562999725341797
YDR098C-A,YDR517W,0,-2.7592072,0.11001294106245041,0.9350000023841858,0.7563999891281128
YPL262W,YBL100W-B,0,-2.7597623,0.10999999940395355,0.9350000023841858,0.7565000057220459
YER108C,YNL298W,1,-2.7602782,0.11010469496250153,0.9359999895095825,0.7565000057220459
YER038C,YPR174C,0,-2.761119,0.11009174585342407,0.9359999895095825,0.756600022315979
YOR241W,YLR337C,0,-2.763187,0.11007879674434662,0.9359999895095825,0.7566999793052673
YBR114W,YOR001W,0,-2.7638392,0.11006585508584976,0.9359999895095825,0.7567999958992004
YMR074C,YDR317W,0,-2.764164,0.1100529134273529,0.9359999895095825,0.7569000124931335
YJL098W,YHR197W,0,-2.7650576,0.11003997176885605,0.9359999895095825,0.7570000290870667
YHR110W,YGR260W,0,-2.7655807,0.11002703756093979,0.9359999895095825,0.757099986076355
YLR347C,YNR071C,0,-2.7659392,0.11001410335302353,0.9359999895095825,0.7572000026702881
YOR193W,YDR372C,0,-2.7672231,0.11000117659568787,0.9359999895095825,0.7573000192642212
YJL186W,YDR165W,0,-2.7672997,0.1099882498383522,0.9359999895095825,0.7573999762535095
YPL207W,YLR220W,0,-2.7681692,0.10997532308101654,0.9359999895095825,0.7574999928474426
YJR073C,YFR030W,0,-2.7739494,0.10996240377426147,0.9359999895095825,0.7576000094413757
YBR046C,YNL145W,0,-2.7739573,0.109949491918087,0.9359999895095825,0.7577000260353088
YOL069W,YHR197W,0,-2.773961,0.10993657261133194,0.9359999895095825,0.7577999830245972
YNL233W,YPR131C,0,-2.7742605,0.10992366075515747,0.9359999895095825,0.7578999996185303
YJR049C,YLR017W,0,-2.7749863,0.1099107563495636,0.9359999895095825,0.7580000162124634
YMR175W,YPL193W,0,-2.7753541,0.10989785194396973,0.9359999895095825,0.7580999732017517
YOL086W-A,YNL065W,0,-2.7755425,0.10988494753837585,0.9359999895095825,0.7581999897956848
YGR235C,YGR078C,0,-2.7759018,0.10987205058336258,0.9359999895095825,0.7583000063896179
YPL253C,YPR086W,0,-2.7773464,0.1098591536283493,0.9359999895095825,0.758400022983551
YDL247W,YML013W,0,-2.7775288,0.10984626412391663,0.9359999895095825,0.7584999799728394
YNL094W,YCL012W,0,-2.7790377,0.10983337461948395,0.9359999895095825,0.7585999965667725
YLR411W,YNR038W,0,-2.779761,0.10982048511505127,0.9359999895095825,0.7587000131607056
YDR397C,YNL063W,0,-2.780202,0.10980760306119919,0.9359999895095825,0.7588000297546387
YGL104C,YHR149C,0,-2.7804327,0.1097947210073471,0.9359999895095825,0.758899986743927
YER179W,YNL194C,0,-2.7813518,0.10978184640407562,0.9359999895095825,0.7590000033378601
YNL029C,YIL062C,0,-2.7827606,0.10976897180080414,0.9359999895095825,0.7591000199317932
YKR085C,YIL096C,0,-2.7831006,0.10975609719753265,0.9359999895095825,0.7591999769210815
YBR101C,YML057W,0,-2.7845302,0.10974323004484177,0.9359999895095825,0.7592999935150146
YML021C,YKL069W,0,-2.7877302,0.10973036289215088,0.9359999895095825,0.7594000101089478
YOR266W,YNR053C,0,-2.7907524,0.10971750319004059,0.9359999895095825,0.7595000267028809
YDR145W,YGL192W,0,-2.7914295,0.1097046434879303,0.9359999895095825,0.7595999836921692
YIL087C,YLR143W,0,-2.7917182,0.10969178378582001,0.9359999895095825,0.7597000002861023
YOR090C,YKL069W,0,-2.7927914,0.10967893153429031,0.9359999895095825,0.7598000168800354
YLR185W,YDR365W-A,0,-2.7929692,0.10966607928276062,0.9359999895095825,0.7598999738693237
YJR049C,YDR437W,0,-2.7948165,0.10965323448181152,0.9359999895095825,0.7599999904632568
YDR367W,YLR017W,0,-2.7951944,0.10964038968086243,0.9359999895095825,0.7601000070571899
YGR244C,YOL059W,0,-2.7959228,0.10962754487991333,0.9359999895095825,0.760200023651123
YPL179W,YNL180C,0,-2.8034358,0.10961470752954483,0.9359999895095825,0.7602999806404114
YDL072C,YMR118C,0,-2.8044667,0.10960187017917633,0.9359999895095825,0.7603999972343445
YBL013W,YOL126C,0,-2.8047376,0.10958904027938843,0.9359999895095825,0.7605000138282776
YNL056W,YPL097W,0,-2.8048115,0.10957621037960052,0.9359999895095825,0.7605999708175659
YLR258W,YDR303C,0,-2.8056421,0.10956338793039322,0.9359999895095825,0.760699987411499
YBR112C,YDR179C,0,-2.8061562,0.10955056548118591,0.9359999895095825,0.7608000040054321
YKR089C,YFR016C,0,-2.8065214,0.10953774303197861,0.9359999895095825,0.7609000205993652
YGR193C,YDR227W,0,-2.808407,0.1095249205827713,0.9359999895095825,0.7609999775886536
YNR048W,YLR460C,0,-2.8093855,0.10951211303472519,0.9359999895095825,0.7610999941825867
YML011C,YDL154W,0,-2.8099468,0.10949929803609848,0.9359999895095825,0.7612000107765198
YCR105W,YGL061C,0,-2.8120818,0.10948649048805237,0.9359999895095825,0.7613000273704529
YEL020W-A,YNL094W,0,-2.8126993,0.10947368294000626,0.9359999895095825,0.7613999843597412
YJL096W,YBR091C,0,-2.8146334,0.10946088284254074,0.9359999895095825,0.7615000009536743
YOR358W,YOR335C,0,-2.817454,0.10944808274507523,0.9359999895095825,0.7616000175476074
YML004C,YPL049C,0,-2.818057,0.10943528264760971,0.9359999895095825,0.7616999745368958
YER072W,YPR120C,0,-2.818304,0.10942249000072479,0.9359999895095825,0.7617999911308289
YGR103W,YBR218C,0,-2.818407,0.10940970480442047,0.9359999895095825,0.761900007724762
YBR279W,YJL179W,0,-2.819262,0.10939691215753555,0.9359999895095825,0.7620000243186951
YDR210C-D,YBR054W,0,-2.8220394,0.10938412696123123,0.9359999895095825,0.7620999813079834
YDR098C-A,YPL225W,0,-2.8244715,0.10937134921550751,0.9359999895095825,0.7621999979019165
YLR083C,YNL298W,1,-2.824512,0.10947540402412415,0.9369999766349792,0.7621999979019165
YOL042W,YGR129W,0,-2.826176,0.10946261882781982,0.9369999766349792,0.7623000144958496
YIL069C,YOR249C,0,-2.826271,0.1094498336315155,0.9369999766349792,0.7623999714851379
YBR049C,YML055W,0,-2.826404,0.10943704843521118,0.9369999766349792,0.762499988079071
YDR257C,YJL208C,0,-2.8274174,0.10942427068948746,0.9369999766349792,0.7626000046730042
YER056C,YDR080W,0,-2.8290353,0.10941149294376373,0.9369999766349792,0.7627000212669373
YPR110C,YHL006C,0,-2.8292155,0.10939871519804001,0.9369999766349792,0.7627999782562256
YDL189W,YBR023C,0,-2.8294287,0.10938594490289688,0.9369999766349792,0.7628999948501587
YKR079C,YLR093C,0,-2.8295798,0.10937317460775375,0.9369999766349792,0.7630000114440918
YKL006W,YLR060W,0,-2.8309894,0.10936041176319122,0.9369999766349792,0.7631000280380249
YKR075C,YOR335C,0,-2.837161,0.10934764891862869,0.9369999766349792,0.7631999850273132
YGR142W,YDL117W,0,-2.8376548,0.10933488607406616,0.9369999766349792,0.7633000016212463
YDL240W,YHR185C,0,-2.839121,0.10932213068008423,0.9369999766349792,0.7634000182151794
YOR273C,YGR296W,0,-2.839242,0.10930938273668289,0.9369999766349792,0.7634999752044678
YMR048W,YJR153W,0,-2.8403554,0.10929662734270096,0.9369999766349792,0.7635999917984009
YOR252W,YLR360W,0,-2.8403745,0.10928387939929962,0.9369999766349792,0.763700008392334
YDR235W,YDR399W,0,-2.8404877,0.10927113890647888,0.9369999766349792,0.7638000249862671
YEL005C,YJL001W,0,-2.8408859,0.10925839841365814,0.9369999766349792,0.7638999819755554
YOR191W,YJR042W,0,-2.8413558,0.1092456579208374,0.9369999766349792,0.7639999985694885
YFL035C-B,YHR120W,0,-2.8424854,0.10923292487859726,0.9369999766349792,0.7641000151634216
YEL020W-A,YJL127C,0,-2.8431811,0.10922019183635712,0.9369999766349792,0.76419997215271
YER072W,YBR005W,0,-2.8449936,0.10920745879411697,0.9369999766349792,0.7642999887466431
YCR086W,YLR056W,0,-2.8461435,0.10919473320245743,0.9369999766349792,0.7644000053405762
YDR178W,YNL216W,0,-2.8467019,0.10918200761079788,0.9369999766349792,0.7645000219345093
YPL138C,YFL035C-B,0,-2.8494222,0.10916928946971893,0.9369999766349792,0.7645999789237976
YER142C,YNR033W,0,-2.8512797,0.10915657132863998,0.9369999766349792,0.7646999955177307
YBR200W-A,YLL057C,0,-2.8525581,0.10914385318756104,0.9369999766349792,0.7648000121116638
YOL098C,YFL035C-B,0,-2.8530195,0.10913114249706268,0.9369999766349792,0.7649000287055969
YKL026C,YLR413W,0,-2.853443,0.10911843180656433,0.9369999766349792,0.7649999856948853
YMR318C,YPL140C,0,-2.8536754,0.10910572856664658,0.9369999766349792,0.7651000022888184
YHR165C,YLR324W,0,-2.8538175,0.10909302532672882,0.9369999766349792,0.7652000188827515
YPR148C,YNR059W,0,-2.8538523,0.10908032953739166,0.9369999766349792,0.7652999758720398
YOR016C,YBL013W,0,-2.854543,0.10906762629747391,0.9369999766349792,0.7653999924659729
YER031C,YOR065W,0,-2.8561943,0.10905493795871735,0.9369999766349792,0.765500009059906
YLR347C,YLR292C,0,-2.8562279,0.10904224216938019,0.9369999766349792,0.7656000256538391
YML067C,YMR081C,0,-2.8564749,0.10902955383062363,0.9369999766349792,0.7656999826431274
YFR047C,YDR308C,0,-2.857392,0.10901687294244766,0.9369999766349792,0.7657999992370605
YLL024C,YOR383C,0,-2.859804,0.1090041846036911,0.9369999766349792,0.7659000158309937
YNL328C,YCR086W,0,-2.860321,0.10899151116609573,0.9369999766349792,0.765999972820282
YML067C,YLR390W-A,0,-2.860413,0.10897883027791977,0.9369999766349792,0.7660999894142151
YBR086C,YMR226C,0,-2.8614335,0.1089661568403244,0.9369999766349792,0.7662000060081482
YGL028C,YPR086W,0,-2.8626056,0.10895349085330963,0.9369999766349792,0.7663000226020813
YGR193C,YGR161C,0,-2.863524,0.10894081741571426,0.9369999766349792,0.7663999795913696
YPL138C,YKR075C,0,-2.8641427,0.10892815887928009,0.9369999766349792,0.7664999961853027
YPL004C,YDL100C,0,-2.8643274,0.10891549289226532,0.9369999766349792,0.7666000127792358
YKR078W,YJL001W,0,-2.8645034,0.10890283435583115,0.9369999766349792,0.766700029373169
YGR046W,YLL018C-A,0,-2.8648012,0.10889018326997757,0.9369999766349792,0.7667999863624573
YAL002W,YLL024C,0,-2.8690662,0.1088775247335434,0.9369999766349792,0.7669000029563904
YNL173C,YAL068C,0,-2.8696022,0.10886488109827042,0.9369999766349792,0.7670000195503235
YML107C,YDR406W,0,-2.8703446,0.10885223001241684,0.9369999766349792,0.7670999765396118
YML011C,YDR343C,0,-2.8711684,0.10883958637714386,0.9369999766349792,0.7671999931335449
YDL240W,YOR189W,0,-2.8715906,0.10882694274187088,0.9369999766349792,0.767300009727478
YOR272W,YBR168W,0,-2.8718452,0.1088143065571785,0.9369999766349792,0.7674000263214111
YML045W,YLR367W,0,-2.8722262,0.10880167037248611,0.9369999766349792,0.7674999833106995
YOR372C,YGL231C,0,-2.8750513,0.10878904163837433,0.9369999766349792,0.7675999999046326
YGR080W,YOL052C-A,0,-2.87569,0.10877641290426254,0.9369999766349792,0.7677000164985657
YLR426W,YFL018W-A,0,-2.8775258,0.10876378417015076,0.9369999766349792,0.767799973487854
YLR239C,YPL254W,0,-2.8778605,0.10875116288661957,0.9369999766349792,0.7678999900817871
YMR040W,YLR247C,0,-2.8786778,0.10873854160308838,0.9369999766349792,0.7680000066757202
YCL005W-A,YGR030C,0,-2.8802252,0.10872592031955719,0.9369999766349792,0.7681000232696533
YBR101C,YDR080W,0,-2.8802586,0.1087133064866066,0.9369999766349792,0.7681999802589417
YDR515W,YDL149W,0,-2.8807945,0.108700692653656,0.9369999766349792,0.7682999968528748
YOL086W-A,YOR341W,0,-2.8836513,0.10868808627128601,0.9369999766349792,0.7684000134468079
YBR095C,YIL008W,1,-2.8881643,0.10879146307706833,0.9380000233650208,0.7684000134468079
YBR003W,YER053C-A,0,-2.8894947,0.10877884924411774,0.9380000233650208,0.7684999704360962
YMR048W,YDR078C,0,-2.8898792,0.10876623541116714,0.9380000233650208,0.7685999870300293
YOL154W,YER040W,0,-2.8901107,0.10875362157821655,0.9380000233650208,0.7687000036239624
YBR169C,YJL197W,0,-2.8910584,0.10874101519584656,0.9380000233650208,0.7688000202178955
YKR089C,YNL020C,0,-2.8911488,0.10872840881347656,0.9380000233650208,0.7688999772071838
YLR417W,YOR241W,0,-2.892149,0.10871580988168716,0.9380000233650208,0.7689999938011169
YIL118W,YNL164C,0,-2.892868,0.10870321094989777,0.9380000233650208,0.76910001039505
YCR107W,YGL087C,0,-2.8930936,0.10869061201810837,0.9380000233650208,0.7692000269889832
YNL263C,YKR078W,0,-2.895983,0.10867802053689957,0.9380000233650208,0.7692999839782715
YGR109W-A,YNL081C,0,-2.8975434,0.10866542905569077,0.9380000233650208,0.7694000005722046
YLL018C,YOR330C,0,-2.9000955,0.10865284502506256,0.9380000233650208,0.7695000171661377
YOR258W,YBL091C,0,-2.9013438,0.10864026099443436,0.9380000233650208,0.769599974155426
YGR082W,YNL181W,0,-2.9024243,0.10862767696380615,0.9380000233650208,0.7696999907493591
YDR422C,YMR275C,0,-2.9031384,0.10861510038375854,0.9380000233650208,0.7698000073432922
YDR412W,YPL254W,0,-2.9033113,0.10860252380371094,0.9380000233650208,0.7699000239372253
YPL010W,YPL178W,0,-2.9045267,0.10858995467424393,0.9380000233650208,0.7699999809265137
YJL057C,YPR180W,0,-2.9047136,0.10857737809419632,0.9380000233650208,0.7700999975204468
YAL048C,YGL053W,0,-2.9058135,0.1085648164153099,0.9380000233650208,0.7702000141143799
YJR120W,YDR308C,0,-2.906153,0.1085522472858429,0.9380000233650208,0.7702999711036682
YNL284C-B,YDR395W,0,-2.9063096,0.10853969305753708,0.9380000233650208,0.7703999876976013
YAL011W,YDR244W,0,-2.9063096,0.10852713137865067,0.9380000233650208,0.7705000042915344
YDR009W,YKL114C,0,-2.9086852,0.10851457715034485,0.9380000233650208,0.7706000208854675
YDR427W,YOL012C,0,-2.91014,0.10850202292203903,0.9380000233650208,0.7706999778747559
YAL059W,YPL189W,0,-2.9119322,0.10848947614431381,0.9380000233650208,0.770799994468689
YOR341W,YPL253C,0,-2.9121127,0.10847692936658859,0.9380000233650208,0.7709000110626221
YKR093W,YLR367W,0,-2.9129548,0.10846438258886337,0.9380000233650208,0.7710000276565552
YFL061W,YKL099C,0,-2.9145427,0.10845184326171875,0.9380000233650208,0.7710999846458435
YER176W,YIL033C,0,-2.9150624,0.10843930393457413,0.9380000233650208,0.7712000012397766
YDR212W,YPL248C,0,-2.9154599,0.1084267720580101,0.9380000233650208,0.7713000178337097
YOL020W,YCR105W,0,-2.9188156,0.10841424018144608,0.9380000233650208,0.771399974822998
YBR189W,YLR054C,0,-2.918821,0.10840170830488205,0.9380000233650208,0.7714999914169312
YPR017C,YFL035C-A,0,-2.9201581,0.10838918387889862,0.9380000233650208,0.7716000080108643
YPR120C,YDR365W-A,0,-2.9204073,0.10837665945291519,0.9380000233650208,0.7717000246047974
YDR516C,YIL033C,0,-2.9217565,0.10836414247751236,0.9380000233650208,0.7717999815940857
YPR114W,YDR092W,0,-2.9233754,0.10835162550210953,0.9380000233650208,0.7718999981880188
YPR110C,YOR252W,0,-2.9236887,0.1083391085267067,0.9380000233650208,0.7720000147819519
YER108C,YER109C,1,-2.9247115,0.10844208300113678,0.9390000104904175,0.7720000147819519
YFR016C,YPL049C,0,-2.9264503,0.10842955857515335,0.9390000104904175,0.7720999717712402
YOL078W,YJL001W,0,-2.9272387,0.10841704159975052,0.9390000104904175,0.7721999883651733
YJL013C,YKL063C,0,-2.9279268,0.10840452462434769,0.9390000104904175,0.7723000049591064
YPL145C,YBR094W,0,-2.9293957,0.10839201509952545,0.9390000104904175,0.7724000215530396
YMR101C,YGL105W,0,-2.929985,0.10837949812412262,0.9390000104904175,0.7724999785423279
YDR480W,YGL045W,1,-2.9325244,0.10848239809274673,0.9399999976158142,0.7724999785423279
YLR085C,YBR054W,0,-2.9333413,0.1084698811173439,0.9399999976158142,0.772599995136261
YPL209C,YGL025C,0,-2.9348598,0.10845736414194107,0.9399999976158142,0.7727000117301941
YFL026W,YBL091C,0,-2.9349957,0.10844485461711884,0.9399999976158142,0.7728000283241272
YLR039C,YLR299W,0,-2.9353874,0.1084323450922966,0.9399999976158142,0.7728999853134155
YIL007C,YGL115W,0,-2.9354844,0.10841983556747437,0.9399999976158142,0.7730000019073486
YDR516C,YOR001W,0,-2.9355104,0.10840733349323273,0.9399999976158142,0.7731000185012817
YIL011W,YIL173W,0,-2.9360209,0.10839483141899109,0.9399999976158142,0.7731999754905701
YOR247W,YAL059W,0,-2.9370785,0.10838233679533005,0.9399999976158142,0.7732999920845032
YKR077W,YGR030C,0,-2.9384031,0.108369842171669,0.9399999976158142,0.7734000086784363
YML041C,YDR268W,0,-2.9386446,0.10835734754800797,0.9399999976158142,0.7735000252723694
YLR102C,YPL262W,0,-2.9390178,0.10834486037492752,0.9399999976158142,0.7735999822616577
YNL065W,YPL178W,0,-2.9403296,0.10833237320184708,0.9399999976158142,0.7736999988555908
YPR067W,YDL076C,0,-2.9419477,0.10831988602876663,0.9399999976158142,0.7738000154495239
YHR120W,YHR193C,0,-2.9423816,0.10830740630626678,0.9399999976158142,0.7738999724388123
YOR320C,YLR260W,0,-2.942741,0.10829493403434753,0.9399999976158142,0.7739999890327454
YKR100C,YDR108W,0,-2.9428868,0.10828245431184769,0.9399999976158142,0.7741000056266785
YLR277C,YDR292C,0,-2.9430602,0.10826998203992844,0.9399999976158142,0.7742000222206116
YGR004W,YGR097W,0,-2.9436064,0.10825751721858978,0.9399999976158142,0.7742999792098999
YPL105C,YCR038C,0,-2.9445906,0.10824504494667053,0.9399999976158142,0.774399995803833
YHL025W,YMR125W,0,-2.9451575,0.10823258757591248,0.9399999976158142,0.7745000123977661
YBR029C,YBR107C,0,-2.9463139,0.10822012275457382,0.9399999976158142,0.7746000289916992
YDR528W,YPR057W,0,-2.9469922,0.10820766538381577,0.9399999976158142,0.7746999859809875
YOR049C,YNL054W-A,0,-2.948372,0.1081952154636383,0.9399999976158142,0.7748000025749207
YPL115C,YLR361C,0,-2.9486423,0.10818275809288025,0.9399999976158142,0.7749000191688538
YNL251C,YPL254W,0,-2.9503994,0.10817030817270279,0.9399999976158142,0.7749999761581421
YFR025C,YLR263W,0,-2.9505143,0.10815786570310593,0.9399999976158142,0.7750999927520752
YDL134C-A,YPL193W,0,-2.9510107,0.10814542323350906,0.9399999976158142,0.7752000093460083
YDL220C,YJL167W,0,-2.9520497,0.1081329807639122,0.9399999976158142,0.7753000259399414
YIL069C,YER129W,0,-2.9520907,0.10812054574489594,0.9399999976158142,0.7753999829292297
YML011C,YPL137C,0,-2.9524896,0.10810811072587967,0.9399999976158142,0.7754999995231628
YKL141W,YML057W,0,-2.9525704,0.1080956757068634,0.9399999976158142,0.775600016117096
YKL014C,YLR052W,0,-2.9562414,0.10808324813842773,0.9399999976158142,0.7756999731063843
YGR174C,YNL041C,0,-2.956317,0.10807082056999207,0.9399999976158142,0.7757999897003174
YBR078W,YDR399W,0,-2.960678,0.108058400452137,0.9399999976158142,0.7759000062942505
YDR441C,YNL023C,0,-2.9622078,0.10804598033428192,0.9399999976158142,0.7760000228881836
YPL239W,YGL107C,0,-2.9627519,0.10803356021642685,0.9399999976158142,0.7760999798774719
YLR249W,YFL035C-A,0,-2.9642167,0.10802114754915237,0.9399999976158142,0.776199996471405
YOR250C,YMR055C,0,-2.964741,0.1080087348818779,0.9399999976158142,0.7763000130653381
YGR060W,YPR133C,0,-2.9676044,0.10799632221460342,0.9399999976158142,0.7764000296592712
YKR089C,YGL243W,0,-2.9678135,0.10798391699790955,0.9399999976158142,0.7764999866485596
YKL063C,YOL086W-A,0,-2.9682872,0.10797151178121567,0.9399999976158142,0.7766000032424927
YDR189W,YDR244W,0,-2.968793,0.10795911401510239,0.9399999976158142,0.7767000198364258
YLR083C,YDR395W,0,-2.9693155,0.1079467162489891,0.9399999976158142,0.7767999768257141
YKR078W,YHR185C,0,-2.9699924,0.10793431848287582,0.9399999976158142,0.7768999934196472
YAR033W,YNL068C,0,-2.971599,0.10792192816734314,0.9399999976158142,0.7770000100135803
YPL135W,YCR063W,0,-2.974622,0.10790953785181046,0.9399999976158142,0.7771000266075134
YGL104C,YGR040W,0,-2.9767513,0.10789715498685837,0.9399999976158142,0.7771999835968018
YGR204W,YDL093W,0,-2.9777758,0.10788477212190628,0.9399999976158142,0.7773000001907349
YIR019C,YBR208C,0,-2.9778905,0.1078723892569542,0.9399999976158142,0.777400016784668
YDR259C,YKL040C,0,-2.978251,0.1078600138425827,0.9399999976158142,0.7774999737739563
YNL041C,YDR303C,0,-2.9783306,0.10784763842821121,0.9399999976158142,0.7775999903678894
YDR075W,YGR083C,0,-2.9790387,0.10783526301383972,0.9399999976158142,0.7777000069618225
YAL051W,YDR246W,0,-2.979164,0.10782289505004883,0.9399999976158142,0.7778000235557556
YPR143W,YOR132W,0,-2.979614,0.10781052708625793,0.9399999976158142,0.777899980545044
YDR422C,YFL026W,0,-2.980144,0.10779816657304764,0.9399999976158142,0.777999997138977
YLR185W,YBR016W,0,-2.9836845,0.10778580605983734,0.9399999976158142,0.7781000137329102
YDL003W,YJL208C,0,-2.9841518,0.10777344554662704,0.9399999976158142,0.7781999707221985
YJL162C,YLR442C,0,-2.984164,0.10776109248399734,0.9399999976158142,0.7782999873161316
YGR082W,YAL002W,0,-2.9867802,0.10774873942136765,0.9399999976158142,0.7784000039100647
YPL140C,YDR407C,0,-2.9874825,0.10773638635873795,0.9399999976158142,0.7785000205039978
YML045W,YML057W,0,-2.9875484,0.10772404074668884,0.9399999976158142,0.7785999774932861
YFL025C,YNR037C,0,-2.988323,0.10771170258522034,0.9399999976158142,0.7786999940872192
YJL094C,YLR044C,0,-2.9887261,0.10769935697317123,0.9399999976158142,0.7788000106811523
YDL209C,YOR341W,0,-2.989049,0.10768701881170273,0.9399999976158142,0.7789000272750854
YBR211C,YGR129W,0,-2.9921355,0.10767468810081482,0.9399999976158142,0.7789999842643738
YGL246C,YER081W,0,-2.9935627,0.10766234993934631,0.9399999976158142,0.7791000008583069
YML101C,YML016C,0,-2.994608,0.1076500192284584,0.9399999976158142,0.77920001745224
YML100W,YLR413W,0,-2.994731,0.10763769596815109,0.9399999976158142,0.7792999744415283
YPL036W,YPL076W,0,-2.9948783,0.10762537270784378,0.9399999976158142,0.7793999910354614
YPL193W,YBL025W,0,-2.9957476,0.10761304944753647,0.9399999976158142,0.7795000076293945
YOL135C,YJL083W,0,-2.9976137,0.10760073363780975,0.9399999976158142,0.7796000242233276
YJL089W,YBR083W,1,-2.9977994,0.10770287364721298,0.9409999847412109,0.7796000242233276
YEL001C,YDR273W,0,-2.9985032,0.10769055038690567,0.9409999847412109,0.779699981212616
YNL286W,YDR381W,0,-2.9989562,0.10767822712659836,0.9409999847412109,0.7797999978065491
YOR132W,YIL167W,0,-3.0007143,0.10766590386629105,0.9409999847412109,0.7799000144004822
YJL012C,YLL067C,0,-3.0008192,0.10765358805656433,0.9409999847412109,0.7799999713897705
YKR027W,YLR001C,0,-3.001116,0.10764127224683762,0.9409999847412109,0.7800999879837036
YIL153W,YOR157C,0,-3.0014,0.1076289638876915,0.9409999847412109,0.7802000045776367
YPL171C,YHR201C,0,-3.0014634,0.10761664807796478,0.9409999847412109,0.7803000211715698
YGL098W,YLR023C,0,-3.0014892,0.10760434716939926,0.9409999847412109,0.7803999781608582
YNL056W,YBL100W-B,0,-3.0025415,0.10759203881025314,0.9409999847412109,0.7804999947547913
YIL153W,YBL051C,0,-3.0036185,0.10757973790168762,0.9409999847412109,0.7806000113487244
YOR189W,YNR024W,0,-3.003627,0.1075674444437027,0.9409999847412109,0.7807000279426575
YJL012C,YPR188C,0,-3.00613,0.10755515098571777,0.9409999847412109,0.7807999849319458
YKR053C,YDR435C,0,-3.0067043,0.10754285752773285,0.9409999847412109,0.7809000015258789
YGR099W,YLR288C,0,-3.0073318,0.10753057152032852,0.9409999847412109,0.781000018119812
YJL021C,YBR005W,0,-3.0073528,0.1075182780623436,0.9409999847412109,0.7810999751091003
YKL014C,YDL145C,0,-3.0076342,0.10750599950551987,0.9409999847412109,0.7811999917030334
YBL056W,YER007C-A,0,-3.0088403,0.10749371349811554,0.9409999847412109,0.7813000082969666
YFR050C,YLR054C,0,-3.0092556,0.1074814423918724,0.9409999847412109,0.7814000248908997
YML045W,YHL050C,0,-3.010021,0.10746916383504868,0.9409999847412109,0.781499981880188
YGL070C,YLL018C-A,0,-3.0120273,0.10745689272880554,0.9409999847412109,0.7815999984741211
YFR024C,YOR372C,0,-3.013867,0.10744462162256241,0.9409999847412109,0.7817000150680542
YKL006C-A,YOR258W,0,-3.0138893,0.10743235796689987,0.9409999847412109,0.7817999720573425
YLR390W-A,YKR072C,0,-3.015829,0.10742009431123734,0.9409999847412109,0.7818999886512756
YKL058W,YIL167W,0,-3.017213,0.1074078306555748,0.9409999847412109,0.7820000052452087
YPL058C,YDR040C,0,-3.0181746,0.10739557445049286,0.9409999847412109,0.7821000218391418
YLR083C,YDR165W,0,-3.019585,0.10738331824541092,0.9409999847412109,0.7821999788284302
YDR210C-D,YFR038W,0,-3.0208626,0.10737106204032898,0.9409999847412109,0.7822999954223633
YPR169W,YDL119C,0,-3.021279,0.10735881328582764,0.9409999847412109,0.7824000120162964
YJL089W,YMR116C,1,-3.0224986,0.1074606403708458,0.9419999718666077,0.7824000120162964
YDR308C,YHR139C,0,-3.0229883,0.10744838416576385,0.9419999718666077,0.7825000286102295
YPR134W,YJL197W,0,-3.0233555,0.10743612796068192,0.9419999718666077,0.7825999855995178
YOR004W,YLR175W,0,-3.0236466,0.10742387920618057,0.9419999718666077,0.7827000021934509
YKL185W,YOR359W,0,-3.0243025,0.10741163045167923,0.9419999718666077,0.782800018787384
YGR193C,YLR248W,0,-3.0255835,0.10739938169717789,0.9419999718666077,0.7828999757766724
YGR202C,YJR096W,0,-3.0263748,0.10738714039325714,0.9419999718666077,0.7829999923706055
YOR157C,YMR035W,0,-3.0264707,0.1073748990893364,0.9419999718666077,0.7831000089645386
YPL203W,YDL220C,0,-3.0281816,0.10736266523599625,0.9419999718666077,0.7832000255584717
YIL052C,YBR086C,0,-3.0282683,0.1073504239320755,0.9419999718666077,0.78329998254776
YIL098C,YLR324W,0,-3.0303545,0.10733819752931595,0.9419999718666077,0.7833999991416931
YMR286W,YOL086W-A,0,-3.031795,0.1073259636759758,0.9419999718666077,0.7835000157356262
YLL014W,YDR365W-A,0,-3.0329366,0.10731373727321625,0.9419999718666077,0.7835999727249146
YBR211C,YKL039W,0,-3.0330088,0.10730151832103729,0.9419999718666077,0.7836999893188477
YKL149C,YGR296W,0,-3.033015,0.10728929191827774,0.9419999718666077,0.7838000059127808
YLL066C,YMR220W,0,-3.0345876,0.10727707296609879,0.9419999718666077,0.7839000225067139
YDR399W,YDL211C,0,-3.0361242,0.10726486146450043,0.9419999718666077,0.7839999794960022
YFL061W,YNL094W,0,-3.036279,0.10725264996290207,0.9419999718666077,0.7840999960899353
YDR178W,YML086C,0,-3.036693,0.10724043846130371,0.9419999718666077,0.7842000126838684
YGR082W,YML098W,0,-3.0367997,0.10722822695970535,0.9419999718666077,0.7843000292778015
YML023C,YHR035W,0,-3.0368626,0.10721602290868759,0.9419999718666077,0.7843999862670898
YGR161W-A,YFL026W,0,-3.0370226,0.10720382630825043,0.9419999718666077,0.784500002861023
YLR390W-A,YKL032C,0,-3.0377758,0.10719162225723267,0.9419999718666077,0.784600019454956
YMR275C,YNL066W,0,-3.0383499,0.1071794256567955,0.9419999718666077,0.7846999764442444
YKR095W-A,YEL044W,0,-3.038982,0.10716723650693893,0.9419999718666077,0.7847999930381775
YGL126W,YER108C,0,-3.0409384,0.10715504735708237,0.9419999718666077,0.7849000096321106
YMR053C,YNL194C,0,-3.0438566,0.1071428582072258,0.9419999718666077,0.7850000262260437
YDR464W,YJL168C,0,-3.044867,0.10713066905736923,0.9419999718666077,0.785099983215332
YJR084W,YPL175W,0,-3.045204,0.10711848735809326,0.9419999718666077,0.7851999998092651
YDR127W,YFL011W,0,-3.0455158,0.10710631310939789,0.9419999718666077,0.7853000164031982
YBL087C,YOL059W,0,-3.0503628,0.10709413141012192,0.9419999718666077,0.7853999733924866
YGR055W,YDR517W,0,-3.0504947,0.10708195716142654,0.9419999718666077,0.7854999899864197
YOR004W,YOR011W,0,-3.0507715,0.10706979036331177,0.9419999718666077,0.7856000065803528
YLR223C,YER129W,0,-3.0509038,0.10705762356519699,0.9419999718666077,0.7857000231742859
YDR372C,YBR045C,0,-3.0512412,0.10704545676708221,0.9419999718666077,0.7857999801635742
YER093C,YJL003W,0,-3.0513368,0.10703328996896744,0.9419999718666077,0.7858999967575073
YKL141W,YDR176W,0,-3.0522852,0.10702113062143326,0.9419999718666077,0.7860000133514404
YGL093W,YNL216W,0,-3.0531569,0.10700897127389908,0.9419999718666077,0.7860999703407288
YPR154W,YLL018C-A,0,-3.0538154,0.1069968193769455,0.9419999718666077,0.7861999869346619
YJR084W,YNR071C,0,-3.0541654,0.10698466747999191,0.9419999718666077,0.786300003528595
YIL056W,YPR106W,0,-3.055488,0.10697251558303833,0.9419999718666077,0.7864000201225281
YEL048C,YHR110W,0,-3.05562,0.10696037113666534,0.9419999718666077,0.7864999771118164
YAL059W,YER053C-A,0,-3.0594444,0.10694822669029236,0.9419999718666077,0.7865999937057495
YOR113W,YER071C,0,-3.0602093,0.10693608969449997,0.9419999718666077,0.7867000102996826
YBR003W,YDL134C,0,-3.060914,0.10692395269870758,0.9419999718666077,0.7868000268936157
YOR272W,YNR037C,0,-3.0624697,0.10691181570291519,0.9419999718666077,0.786899983882904
YGR103W,YGR097W,0,-3.0636392,0.1068996787071228,0.9419999718666077,0.7870000004768372
YJL094C,YDR261C,0,-3.0638902,0.10688754916191101,0.9419999718666077,0.7871000170707703
YOR060C,YKL079W,0,-3.0664973,0.10687542706727982,0.9419999718666077,0.7871999740600586
YBR189W,YER109C,0,-3.0671954,0.10686329752206802,0.9419999718666077,0.7872999906539917
YNL263C,YLR044C,0,-3.0680313,0.10685118287801743,0.9419999718666077,0.7874000072479248
YIL075C,YIL011W,0,-3.068043,0.10683906078338623,0.9419999718666077,0.7875000238418579
YDR328C,YJL216C,0,-3.068577,0.10682694613933563,0.9419999718666077,0.7875999808311462
YGR178C,YNL054W-A,0,-3.0694778,0.10681483149528503,0.9419999718666077,0.7876999974250793
YGR204W,YGL005C,0,-3.0698173,0.10680272430181503,0.9419999718666077,0.7878000140190125
YDR190C,YER032W,0,-3.070602,0.10679060965776443,0.9419999718666077,0.7878999710083008
YER044C-A,YJL035C,0,-3.0727062,0.10677850991487503,0.9419999718666077,0.7879999876022339
YBR107C,YNL123W,0,-3.0732324,0.10676640272140503,0.9419999718666077,0.788100004196167
YNR019W,YDL046W,0,-3.0733716,0.10675430297851562,0.9419999718666077,0.7882000207901001
YGR046W,YPL115C,0,-3.0752287,0.10674221068620682,0.9419999718666077,0.7882999777793884
YOL098C,YPL097W,0,-3.0793107,0.10673011839389801,0.9419999718666077,0.7883999943733215
YDL247W,YPL135W,0,-3.0794847,0.1067180261015892,0.9419999718666077,0.7885000109672546
YKL006C-A,YHL025W,0,-3.0800228,0.1067059338092804,0.9419999718666077,0.7886000275611877
YCR035C,YCR005C,0,-3.0810747,0.10669384896755219,0.9419999718666077,0.7886999845504761
YPR180W,YJL035C,0,-3.083413,0.10668176412582397,0.9419999718666077,0.7888000011444092
YHR122W,YBR218C,0,-3.0852823,0.10666968673467636,0.9419999718666077,0.7889000177383423
YER179W,YHR214W,0,-3.0868464,0.10665760934352875,0.9419999718666077,0.7889999747276306
YIL087C,YNL294C,0,-3.0869055,0.10664553195238113,0.9419999718666077,0.7890999913215637
YIL148W,YKL081W,0,-3.08749,0.10663346201181412,0.9419999718666077,0.7892000079154968
YHR103W,YDR399W,0,-3.0877738,0.1066213920712471,0.9419999718666077,0.7893000245094299
YKL016C,YML092C,0,-3.0879872,0.10660932213068008,0.9419999718666077,0.7893999814987183
YDR178W,YDR179C,0,-3.090105,0.10659725964069366,0.9419999718666077,0.7894999980926514
YLR360W,YDR100W,0,-3.0902758,0.10658519715070724,0.9419999718666077,0.7896000146865845
YMR230W,YDL102W,0,-3.0906692,0.10657314211130142,0.9419999718666077,0.7896999716758728
YDR375C,YER109C,0,-3.091603,0.1065610870718956,0.9419999718666077,0.7897999882698059
YJR118C,YDR303C,0,-3.0944865,0.10654903203248978,0.9419999718666077,0.789900004863739
YIL148W,YHR150W,0,-3.0969362,0.10653698444366455,0.9419999718666077,0.7900000214576721
YGR245C,YKR095W,0,-3.0981777,0.10652493685483932,0.9419999718666077,0.7900999784469604
YLR215C,YLR044C,0,-3.098231,0.1065128892660141,0.9419999718666077,0.7901999950408936
YNL145W,YBR268W,0,-3.098393,0.10650084912776947,0.9419999718666077,0.7903000116348267
YGR217W,YER167W,0,-3.100762,0.10648880898952484,0.9419999718666077,0.7904000282287598
YJR102C,YDR175C,0,-3.1015835,0.10647676885128021,0.9419999718666077,0.7904999852180481
YLR284C,YOR227W,0,-3.1020713,0.10646473616361618,0.9419999718666077,0.7906000018119812
YHR142W,YFL018W-A,0,-3.1023135,0.10645270347595215,0.9419999718666077,0.7907000184059143
YOL121C,YOL061W,0,-3.1024241,0.10644067823886871,0.9419999718666077,0.7907999753952026
YBL031W,YNL130C,0,-3.1030736,0.10642865300178528,0.9419999718666077,0.7908999919891357
YJL078C,YPR120C,0,-3.1044915,0.10641662776470184,0.9419999718666077,0.7910000085830688
YPL209C,YBR091C,0,-3.105249,0.106404609978199,0.9419999718666077,0.791100025177002
YPL140C,YOR335C,0,-3.1052547,0.10639259219169617,0.9419999718666077,0.7911999821662903
YLR007W,YNL287W,0,-3.1055083,0.10638057440519333,0.9419999718666077,0.7912999987602234
YPL207W,YDR343C,0,-3.105643,0.10636856406927109,0.9419999718666077,0.7914000153541565
YKL081W,YDL149W,0,-3.1072493,0.10635655373334885,0.9419999718666077,0.7914999723434448
YPR110C,YKL014C,0,-3.1084485,0.1063445508480072,0.9419999718666077,0.7915999889373779
YAL041W,YPL203W,1,-3.1086135,0.10644542425870895,0.9430000185966492,0.7915999889373779
YOR383C,YDL119C,0,-3.1087635,0.10643340647220612,0.9430000185966492,0.791700005531311
YOR049C,YLR248W,0,-3.1088963,0.10642139613628387,0.9430000185966492,0.7918000221252441
YHR148W,YBR005W,0,-3.1110597,0.10640938580036163,0.9430000185966492,0.7918999791145325
YBR168W,YGL111W,0,-3.1120267,0.10639738291501999,0.9430000185966492,0.7919999957084656
YIL107C,YGR296W,0,-3.113999,0.10638538002967834,0.9430000185966492,0.7921000123023987
YNL251C,YNL094W,0,-3.1144314,0.1063733771443367,0.9430000185966492,0.7922000288963318
YOR068C,YBR107C,0,-3.116596,0.10636138170957565,0.9430000185966492,0.7922999858856201
YOL116W,YDL035C,1,-3.1168303,0.10646216571331024,0.9440000057220459,0.7922999858856201
YBR005W,YLR409C,0,-3.1185145,0.106450155377388,0.9440000057220459,0.7924000024795532
YBR069C,YER123W,0,-3.118797,0.10643815249204636,0.9440000057220459,0.7925000190734863
YDR103W,YGL045W,1,-3.1192398,0.10653889179229736,0.9449999928474426,0.7925000190734863
YOL144W,YAL011W,0,-3.1193926,0.10652688890695572,0.9449999928474426,0.7925999760627747
YLR083C,YHR111W,1,-3.1196012,0.10662759095430374,0.9459999799728394,0.7925999760627747
YLR056W,YBR028C,0,-3.1198416,0.1066155731678009,0.9459999799728394,0.7926999926567078
YPL130W,YNL133C,0,-3.1199968,0.10660356283187866,0.9459999799728394,0.7928000092506409
YIL038C,YNL161W,0,-3.1220436,0.10659155249595642,0.9459999799728394,0.792900025844574
YLL018C,YDL119C,0,-3.1220787,0.10657954216003418,0.9459999799728394,0.7929999828338623
YDL134C,YBR028C,0,-3.122619,0.10656753182411194,0.9459999799728394,0.7930999994277954
YPR143W,YIL069C,0,-3.1228187,0.1065555289387703,0.9459999799728394,0.7932000160217285
YNL197C,YIL008W,1,-3.125353,0.10665615648031235,0.9470000267028809,0.7932000160217285
YIL075C,YHR073W,0,-3.1254606,0.1066441461443901,0.9470000267028809,0.7932999730110168
YOL103W-A,YKL079W,0,-3.127267,0.10663213580846786,0.9470000267028809,0.79339998960495
YGR217W,YPL215W,0,-3.1282747,0.10662013292312622,0.9470000267028809,0.7935000061988831
YGL016W,YKL087C,0,-3.1302278,0.10660813003778458,0.9470000267028809,0.7936000227928162
YFL026W,YMR230W,0,-3.1331413,0.10659612715244293,0.9470000267028809,0.7936999797821045
YML059C,YMR101C,0,-3.1341012,0.10658413171768188,0.9470000267028809,0.7937999963760376
YAL051W,YLL014W,0,-3.1353176,0.10657213628292084,0.9470000267028809,0.7939000129699707
YGR174C,YEL051W,0,-3.1362736,0.10656014084815979,0.9470000267028809,0.7940000295639038
YER014W,YKR079C,0,-3.1372805,0.10654815286397934,0.9470000267028809,0.7940999865531921
YBL063W,YOL086W-A,0,-3.1384263,0.10653616487979889,0.9470000267028809,0.7942000031471252
YHR035W,YKL145W,0,-3.1387444,0.10652418434619904,0.9470000267028809,0.7943000197410583
YPL126W,YMR101C,0,-3.1393938,0.10651220381259918,0.9470000267028809,0.7943999767303467
YJL054W,YBR272C,0,-3.1397152,0.10650022327899933,0.9470000267028809,0.7944999933242798
YIL075C,YPL013C,0,-3.140377,0.10648825019598007,0.9470000267028809,0.7946000099182129
YDR516C,YBL051C,0,-3.1404877,0.10647627711296082,0.9470000267028809,0.794700026512146
YLR223C,YNL251C,0,-3.140733,0.10646430402994156,0.9470000267028809,0.7947999835014343
YJR042W,YPL234C,0,-3.1414979,0.1064523383975029,0.9470000267028809,0.7949000000953674
YOR273C,YDL046W,0,-3.1422324,0.10644037276506424,0.9470000267028809,0.7950000166893005
YGL096W,YLR067C,0,-3.1424637,0.10642841458320618,0.9470000267028809,0.7950999736785889
YDR464W,YMR195W,0,-3.1427186,0.10641644895076752,0.9470000267028809,0.795199990272522
YGR212W,YHL050C,0,-3.1432104,0.10640449076890945,0.9470000267028809,0.7953000068664551
YOL078W,YLR017W,0,-3.1446884,0.10639254003763199,0.9470000267028809,0.7954000234603882
YOR019W,YER015W,0,-3.1449814,0.10638058930635452,0.9470000267028809,0.7954999804496765
YKL079W,YPL006W,0,-3.146029,0.10636863857507706,0.9470000267028809,0.7955999970436096
YJL059W,YGR253C,0,-3.1469424,0.10635669529438019,0.9470000267028809,0.7957000136375427
YNL036W,YPL156C,0,-3.1478589,0.10634475201368332,0.9470000267028809,0.795799970626831
YDL091C,YHL011C,0,-3.1483426,0.10633280873298645,0.9470000267028809,0.7958999872207642
YBR054W,YPL120W,0,-3.1487944,0.10632087290287018,0.9470000267028809,0.7960000038146973
YPL049C,YLR229C,1,-3.1515741,0.10642119497060776,0.9480000138282776,0.7960000038146973
YPR128C,YNL194C,0,-3.151717,0.10640925168991089,0.9480000138282776,0.7961000204086304
YIL056W,YMR125W,0,-3.1518855,0.10639730840921402,0.9480000138282776,0.7961999773979187
YNL031C,YPL076W,0,-3.1525507,0.10638536512851715,0.9480000138282776,0.7962999939918518
YJR042W,YBR146W,0,-3.1544034,0.10637342929840088,0.9480000138282776,0.7964000105857849
YDR100W,YDR005C,0,-3.1546063,0.1063614934682846,0.9480000138282776,0.796500027179718
YGL167C,YNL288W,0,-3.1563838,0.10634956508874893,0.9480000138282776,0.7965999841690063
YGL196W,YBR162W-A,0,-3.158349,0.10633763670921326,0.9480000138282776,0.7967000007629395
YNL294C,YDR110W,0,-3.1589084,0.10632570832967758,0.9480000138282776,0.7968000173568726
YMR316W,YOL116W,1,-3.159099,0.1064259260892868,0.9490000009536743,0.7968000173568726
YDR210C-D,YPR120C,0,-3.159114,0.10641399770975113,0.9490000009536743,0.7968999743461609
YGL058W,YKR083C,0,-3.1593587,0.10640206187963486,0.9490000009536743,0.796999990940094
YPL140C,YNR071C,0,-3.1611567,0.10639013350009918,0.9490000009536743,0.7971000075340271
YLR347C,YGL231C,0,-3.161405,0.10637820512056351,0.9490000009536743,0.7972000241279602
YKL033W,YOL029C,0,-3.1616778,0.10636628419160843,0.9490000009536743,0.7972999811172485
YIL098C,YPR106W,0,-3.1645439,0.10635436326265335,0.9490000009536743,0.7973999977111816
YDL106C,YGR244C,0,-3.1679273,0.10634244978427887,0.9490000009536743,0.7975000143051147
YDR178W,YBR028C,0,-3.1680121,0.10633052885532379,0.9490000009536743,0.7975999712944031
YOR189W,YKL032C,0,-3.169032,0.10631862282752991,0.9490000009536743,0.7976999878883362
YKR099W,YDL223C,0,-3.1692863,0.10630670934915543,0.9490000009536743,0.7978000044822693
YCR005C,YIL062C,0,-3.169856,0.10629480332136154,0.9490000009536743,0.7979000210762024
YDR075W,YMR001C,0,-3.1713476,0.10628289729356766,0.9490000009536743,0.7979999780654907
YER109C,YOL059W,0,-3.1738203,0.10627099871635437,0.9490000009536743,0.7980999946594238
YOL116W,YER109C,1,-3.1738203,0.10637106746435165,0.949999988079071,0.7980999946594238
YNL068C,YCR038C,0,-3.1741872,0.10635916143655777,0.949999988079071,0.7982000112533569
YMR274C,YNL029C,0,-3.1751132,0.10634725540876389,0.949999988079071,0.79830002784729
YIL014W,YBR218C,0,-3.175458,0.10633534938097,0.949999988079071,0.7983999848365784
YPL171C,YHR197W,0,-3.1758327,0.10632345080375671,0.949999988079071,0.7985000014305115
YOR191W,YMR232W,0,-3.1762009,0.10631155222654343,0.949999988079071,0.7986000180244446
YBR049C,YDR080W,0,-3.1806512,0.10629965364933014,0.949999988079071,0.7986999750137329
YDL134C-A,YPL063W,0,-3.1836913,0.10628776252269745,0.949999988079071,0.798799991607666
YOR359W,YNL118C,0,-3.185174,0.10627587139606476,0.949999988079071,0.7989000082015991
YJR102C,YPL193W,0,-3.1862082,0.10626398026943207,0.949999988079071,0.7990000247955322
YDL091C,YHR170W,0,-3.1865437,0.10625209659337997,0.949999988079071,0.7990999817848206
YOL121C,YIL096C,0,-3.1872144,0.10624021291732788,0.949999988079071,0.7991999983787537
YGR078C,YGR217W,0,-3.1879075,0.10622833669185638,0.949999988079071,0.7993000149726868
YGL027C,YJR052W,0,-3.1882248,0.10621646046638489,0.949999988079071,0.7993999719619751
YLR044C,YDL223C,0,-3.188408,0.10620458424091339,0.949999988079071,0.7994999885559082
YGL053W,YDR273W,0,-3.1884923,0.10619271546602249,0.949999988079071,0.7996000051498413
YCL005W-A,YDR150W,0,-3.1919727,0.106180839240551,0.949999988079071,0.7997000217437744
YNR032C-A,YPL004C,0,-3.1926403,0.10616897791624069,0.949999988079071,0.7997999787330627
YLL018C-A,YDR284C,0,-3.193378,0.10615710914134979,0.949999988079071,0.7998999953269958
YIL148W,YLR337C,0,-3.1940794,0.10614524781703949,0.949999988079071,0.800000011920929
YFL035C-B,YDR381W,0,-3.1953504,0.10613339394330978,0.949999988079071,0.8001000285148621
YDR441C,YFR010W,0,-3.1955914,0.10612154006958008,0.949999988079071,0.8001999855041504
YPL171C,YGL093W,0,-3.1969175,0.10610968619585037,0.949999988079071,0.8003000020980835
YOR136W,YMR177W,0,-3.1975036,0.10609783232212067,0.949999988079071,0.8004000186920166
YBR101C,YOR383C,0,-3.1984062,0.10608598589897156,0.949999988079071,0.8004999756813049
YNR019W,YHL015W,0,-3.1985164,0.10607413947582245,0.949999988079071,0.800599992275238
YBR211C,YLL024C,0,-3.1986785,0.10606230050325394,0.949999988079071,0.8007000088691711
YML023C,YGR161C-D,0,-3.1999621,0.10605045408010483,0.949999988079071,0.8008000254631042
YLL018C-A,YGR211W,0,-3.2000084,0.10603862255811691,0.949999988079071,0.8008999824523926
YLR249W,YNL240C,0,-3.200226,0.1060267835855484,0.949999988079071,0.8009999990463257
YOR177C,YIL154C,0,-3.2033947,0.10601495206356049,0.949999988079071,0.8011000156402588
YHR142W,YOL095C,0,-3.2037969,0.10600312799215317,0.949999988079071,0.8011999726295471
YPL234C,YDR515W,0,-3.2045078,0.10599129647016525,0.949999988079071,0.8012999892234802
YJR073C,YJL096W,0,-3.2064185,0.10597947239875793,0.949999988079071,0.8014000058174133
YOL121C,YJR050W,0,-3.208129,0.10596764832735062,0.949999988079071,0.8015000224113464
YPR095C,YPL140C,0,-3.20935,0.1059558317065239,0.949999988079071,0.8015999794006348
YNL246W,YML047C,0,-3.2106004,0.10594401508569717,0.949999988079071,0.8016999959945679
YEL048C,YDR165W,0,-3.21184,0.10593220591545105,0.949999988079071,0.801800012588501
YPL120W,YOR264W,0,-3.2122855,0.10592038929462433,0.949999988079071,0.8019000291824341
YKR089C,YBR028C,0,-3.2123077,0.1059085875749588,0.949999988079071,0.8019999861717224
YJL089W,YER027C,1,-3.2154322,0.10600824654102325,0.9509999752044678,0.8019999861717224
YOL011W,YDL117W,0,-3.2154415,0.10599642992019653,0.9509999752044678,0.8021000027656555
YBR218C,YBL051C,0,-3.2164485,0.10598462074995041,0.9509999752044678,0.8022000193595886
YBR023C,YBL014C,0,-3.2169287,0.10597281157970428,0.9509999752044678,0.802299976348877
YDR148C,YAL051W,0,-3.2172692,0.10596100240945816,0.9509999752044678,0.8023999929428101
YOR018W,YCL064C,0,-3.2185223,0.10594920068979263,0.9509999752044678,0.8025000095367432
YBR065C,YDR045C,0,-3.219162,0.1059373989701271,0.9509999752044678,0.8026000261306763
YBR038W,YGL107C,0,-3.220164,0.10592559725046158,0.9509999752044678,0.8026999831199646
YOR267C,YDR165W,0,-3.2208698,0.10591379553079605,0.9509999752044678,0.8027999997138977
YOL084W,YNL216W,0,-3.2219937,0.10590200126171112,0.9509999752044678,0.8029000163078308
YPR105C,YOR110W,0,-3.2234764,0.10589021444320679,0.9509999752044678,0.8029999732971191
YPL210C,YER108C,0,-3.22443,0.10587842017412186,0.9509999752044678,0.8030999898910522
YER060W-A,YKL196C,0,-3.226462,0.10586663335561752,0.9509999752044678,0.8032000064849854
YKL194C,YBR208C,0,-3.227146,0.10585485398769379,0.9509999752044678,0.8033000230789185
YEL018W,YDR091C,0,-3.2276216,0.10584307461977005,0.9509999752044678,0.8033999800682068
YLR102C,YBR130C,0,-3.2313392,0.10583129525184631,0.9509999752044678,0.8034999966621399
YJL089W,YDR043C,1,-3.2321057,0.10593079030513763,0.9520000219345093,0.8034999966621399
YML092C,YDR407C,0,-3.23216,0.1059190034866333,0.9520000219345093,0.803600013256073
YOL009C,YGL045W,0,-3.2334876,0.10590721666812897,0.9520000219345093,0.8036999702453613
YPL100W,YGR260W,0,-3.233703,0.10589543730020523,0.9520000219345093,0.8037999868392944
YEL005C,YML076C,0,-3.234149,0.1058836579322815,0.9520000219345093,0.8039000034332275
YGL025C,YDR023W,0,-3.2358701,0.10587188601493835,0.9520000219345093,0.8040000200271606
YJR046W,YNL317W,0,-3.2380598,0.10586011409759521,0.9520000219345093,0.804099977016449
YGR055W,YLR259C,0,-3.2392926,0.10584834218025208,0.9520000219345093,0.8041999936103821
YER040W,YNR055C,0,-3.242354,0.10583657771348953,0.9520000219345093,0.8043000102043152
YER127W,YDL223C,0,-3.243979,0.10582481324672699,0.9520000219345093,0.8044000267982483
YML013W,YHR193C,0,-3.2462118,0.10581304877996445,0.9520000219345093,0.8044999837875366
YDL134C-A,YDL145C,0,-3.2467132,0.1058012917637825,0.9520000219345093,0.8046000003814697
YPL115C,YER027C,1,-3.2470472,0.10590065270662308,0.953000009059906,0.8046000003814697
YIL119C,YPR155C,0,-3.2471294,0.10588888823986053,0.953000009059906,0.8047000169754028
YDR517W,YNR037C,0,-3.247923,0.10587712377309799,0.953000009059906,0.8047999739646912
YPL105C,YDR280W,0,-3.2495475,0.10586536675691605,0.953000009059906,0.8048999905586243
YOL012C,YOR001W,0,-3.2511377,0.1058536022901535,0.953000009059906,0.8050000071525574
YKL045W,YPR155C,0,-3.2520628,0.10584184527397156,0.953000009059906,0.8051000237464905
YMR230W,YNL123W,0,-3.2521267,0.10583009570837021,0.953000009059906,0.8051999807357788
YPL036W,YKR027W,0,-3.2524896,0.10581834614276886,0.953000009059906,0.8052999973297119
YER179W,YDR438W,0,-3.252984,0.10580659657716751,0.953000009059906,0.805400013923645
YPL203W,YER109C,1,-3.2535293,0.10590586066246033,0.9539999961853027,0.805400013923645
YDR309C,YJL212C,0,-3.2535315,0.10589410364627838,0.9539999961853027,0.8054999709129333
YGL144C,YLR363C,0,-3.2579932,0.10588235408067703,0.9539999961853027,0.8055999875068665
YJL059W,YDR135C,0,-3.259016,0.10587060451507568,0.9539999961853027,0.8057000041007996
YDR009W,YBR016W,0,-3.2605548,0.10585885494947433,0.9539999961853027,0.8058000206947327
YPL004C,YLR059C,0,-3.2613692,0.10584711283445358,0.9539999961853027,0.805899977684021
YGR244C,YNL173C,0,-3.2631984,0.10583537071943283,0.9539999961853027,0.8059999942779541
YIR004W,YBR169C,0,-3.2645123,0.10582362860441208,0.9539999961853027,0.8061000108718872
YBR181C,YDR087C,0,-3.2668245,0.10581188648939133,0.9539999961853027,0.8062000274658203
YML092C,YOL086W-A,0,-3.2672608,0.10580015182495117,0.9539999961853027,0.8062999844551086
YNL059C,YBR034C,0,-3.2674963,0.10578842461109161,0.9539999961853027,0.8064000010490417
YER109C,YDL035C,1,-3.2688947,0.10588756948709488,0.9549999833106995,0.8064000010490417
YBL056W,YGL240W,0,-3.2690248,0.10587583482265472,0.9549999833106995,0.8065000176429749
YDR210W-C,YCL012W,0,-3.269415,0.10586409270763397,0.9549999833106995,0.8065999746322632
YMR205C,YML086C,0,-3.2700584,0.10585235804319382,0.9549999833106995,0.8066999912261963
YDR422C,YKR083C,0,-3.2727451,0.10584063082933426,0.9549999833106995,0.8068000078201294
YGR174C,YDR545W,0,-3.273038,0.1058289036154747,0.9549999833106995,0.8069000244140625
YOR004W,YDL012C,0,-3.275023,0.10581717640161514,0.9549999833106995,0.8069999814033508
YDR098C,YNL065W,0,-3.2751288,0.10580544918775558,0.9549999833106995,0.8070999979972839
YMR262W,YLR352W,0,-3.2781227,0.10579372942447662,0.9549999833106995,0.807200014591217
YMR262W,YLR299W,0,-3.2781227,0.10578200966119766,0.9549999833106995,0.8072999715805054
YGR082W,YNR052C,0,-3.2787232,0.1057702973484993,0.9549999833106995,0.8073999881744385
YMR048W,YGR120C,0,-3.2789764,0.10575858503580093,0.9549999833106995,0.8075000047683716
YDR468C,YKR085C,0,-3.280605,0.10574687272310257,0.9549999833106995,0.8076000213623047
YHR169W,YNL066W,0,-3.2807157,0.1057351604104042,0.9549999833106995,0.807699978351593
YOR335C,YJL208C,0,-3.2814794,0.10572345554828644,0.9549999833106995,0.8077999949455261
YBR153W,YOR158W,0,-3.2815006,0.10571175813674927,0.9549999833106995,0.8079000115394592
YNL041C,YHR024C,0,-3.2824302,0.1057000532746315,0.9549999833106995,0.8080000281333923
YMR322C,YER060W,0,-3.2826777,0.10568835586309433,0.9549999833106995,0.8080999851226807
YBL080C,YPL135W,0,-3.283296,0.10567666590213776,0.9549999833106995,0.8082000017166138
YPR180W,YLR435W,0,-3.2835772,0.10566496849060059,0.9549999833106995,0.8083000183105469
YKL002W,YNL063W,0,-3.2851136,0.10565327852964401,0.9549999833106995,0.8083999752998352
YDR188W,YAL026C,0,-3.2851453,0.10564159601926804,0.9549999833106995,0.8084999918937683
YGL073W,YGR202C,0,-3.2853575,0.10562990605831146,0.9549999833106995,0.8086000084877014
YJL183W,YDR204W,0,-3.2867372,0.10561822354793549,0.9549999833106995,0.8087000250816345
YGR174C,YPL175W,0,-3.2885413,0.1056065484881401,0.9549999833106995,0.8087999820709229
YOR009W,YDL211C,0,-3.28901,0.10559486597776413,0.9549999833106995,0.808899998664856
YEL005C,YER005W,0,-3.290195,0.10558319836854935,0.9549999833106995,0.8090000152587891
YDR075W,YKR053C,0,-3.290801,0.10557152330875397,0.9549999833106995,0.8090999722480774
YKL014C,YPL203W,0,-3.2924361,0.10555985569953918,0.9549999833106995,0.8091999888420105
YDL149W,YGL064C,0,-3.2932749,0.1055481880903244,0.9549999833106995,0.8093000054359436
YGR193C,YKR095W-A,0,-3.2936263,0.10553652048110962,0.9549999833106995,0.8094000220298767
YOR236W,YBL014C,0,-3.2943833,0.10552486032247543,0.9549999833106995,0.809499979019165
YJR084W,YNR052C,0,-3.2992923,0.10551320016384125,0.9549999833106995,0.8095999956130981
YNL142W,YHR090C,0,-3.3031716,0.10550154745578766,0.9549999833106995,0.8097000122070312
YPL168W,YNR030W,0,-3.305439,0.10548989474773407,0.9549999833106995,0.8098000288009644
YOR267C,YMR275C,0,-3.306333,0.10547824203968048,0.9549999833106995,0.8098999857902527
YLR382C,YNL118C,0,-3.3063385,0.10546658933162689,0.9549999833106995,0.8100000023841858
YPL140C,YGL111W,0,-3.3065572,0.1054549440741539,0.9549999833106995,0.8101000189781189
YHR150W,YOR343C-A,0,-3.3067083,0.1054433062672615,0.9549999833106995,0.8101999759674072
YDR441C,YDL117W,0,-3.307805,0.10543166100978851,0.9549999833106995,0.8102999925613403
YGL085W,YDL117W,0,-3.307805,0.10542002320289612,0.9549999833106995,0.8104000091552734
YDL018C,YDR301W,0,-3.3080173,0.10540838539600372,0.9549999833106995,0.8105000257492065
YML041C,YKL005C,0,-3.3125427,0.10539675503969193,0.9549999833106995,0.8105999827384949
YML133C,YLR054C,0,-3.3141923,0.10538512468338013,0.9549999833106995,0.810699999332428
YAL002W,YKR079C,0,-3.314789,0.10537349432706833,0.9549999833106995,0.8108000159263611
YLR131C,YIL011W,0,-3.3162065,0.10536187142133713,0.9549999833106995,0.8108999729156494
YJL180C,YPL198W,0,-3.3167267,0.10535024851560593,0.9549999833106995,0.8109999895095825
YHR108W,YNL142W,0,-3.3178802,0.10533862560987473,0.9549999833106995,0.8111000061035156
YGL027C,YLR409C,0,-3.3182049,0.10532701015472412,0.9549999833106995,0.8112000226974487
YHR111W,YGL096W,0,-3.320043,0.10531539469957352,0.9549999833106995,0.8112999796867371
YBR162W-A,YLR044C,0,-3.3201885,0.10530377924442291,0.9549999833106995,0.8113999962806702
YPR158W-B,YLR293C,0,-3.3210578,0.1052921712398529,0.9549999833106995,0.8115000128746033
YOR081C,YHR139C,0,-3.3216481,0.1052805632352829,0.9549999833106995,0.8116000294685364
YBR078W,YGL111W,0,-3.3218627,0.10526896268129349,0.9549999833106995,0.8116999864578247
YDR439W,YDR359C,0,-3.3243628,0.10525735467672348,0.9549999833106995,0.8118000030517578
YKL129C,YMR105C,0,-3.3256395,0.10524575412273407,0.9549999833106995,0.8119000196456909
YPL141C,YAL056W,0,-3.3259022,0.10523416101932526,0.9549999833106995,0.8119999766349792
YDL220C,YDR108W,0,-3.3259664,0.10522256791591644,0.9549999833106995,0.8120999932289124
YGR103W,YDR301W,0,-3.3273675,0.10521097481250763,0.9549999833106995,0.8122000098228455
YML127W,YOR011W,0,-3.3286839,0.10519938170909882,0.9549999833106995,0.8123000264167786
YHR185C,YPL203W,0,-3.329066,0.1051877960562706,0.9549999833106995,0.8123999834060669
YBR131W,YMR183C,0,-3.3302565,0.10517621040344238,0.9549999833106995,0.8125
YOL009C,YLR200W,0,-3.3308034,0.10516463220119476,0.9549999833106995,0.8126000165939331
YLR248W,YDR273W,0,-3.3308473,0.10515304654836655,0.9549999833106995,0.8126999735832214
YOR045W,YMR149W,0,-3.331057,0.10514147579669952,0.9549999833106995,0.8127999901771545
YIL148W,YOR011W,0,-3.3314018,0.1051298975944519,0.9549999833106995,0.8129000067710876
YER108C,YOR212W,1,-3.3318093,0.10522840172052383,0.9559999704360962,0.8129000067710876
YER056C,YKL194C,0,-3.3318264,0.10521681606769562,0.9559999704360962,0.8130000233650208
YLR058C,YNL161W,0,-3.3320212,0.105205237865448,0.9559999704360962,0.8130999803543091
YNL054W,YPL239W,0,-3.3322592,0.10519365966320038,0.9559999704360962,0.8131999969482422
YGL107C,YML096W,0,-3.3323069,0.10518208891153336,0.9559999704360962,0.8133000135421753
YBR153W,YLR196W,0,-3.3340714,0.10517051815986633,0.9559999704360962,0.8133999705314636
YDR361C,YHL011C,0,-3.3358052,0.10515894740819931,0.9559999704360962,0.8134999871253967
YOR002W,YJR046W,0,-3.339448,0.10514738410711288,0.9559999704360962,0.8136000037193298
YKL033W,YDR122W,0,-3.3436418,0.10513582080602646,0.9559999704360962,0.8137000203132629
YNL190W,YMR074C,0,-3.3445494,0.10512425750494003,0.9559999704360962,0.8137999773025513
YFL026W,YIR026C,0,-3.3446732,0.1051127016544342,0.9559999704360962,0.8138999938964844
YER062C,YJR153W,0,-3.3459594,0.10510114580392838,0.9559999704360962,0.8140000104904175
YPR017C,YCR035C,0,-3.346459,0.10508958995342255,0.9559999704360962,0.8141000270843506
YIL038C,YOR359W,0,-3.346565,0.10507804155349731,0.9559999704360962,0.8141999840736389
YPL262W,YFR049W,0,-3.346581,0.10506649315357208,0.9559999704360962,0.814300000667572
YCL005W-A,YOR195W,0,-3.3473516,0.10505494475364685,0.9559999704360962,0.8144000172615051
YML045W,YPL115C,0,-3.349027,0.10504340380430222,0.9559999704360962,0.8144999742507935
YCR024C,YBR121C,0,-3.350491,0.10503186285495758,0.9559999704360962,0.8145999908447266
YMR237W,YGL111W,0,-3.3517852,0.10502032190561295,0.9559999704360962,0.8147000074386597
YOR090C,YBR188C,0,-3.3539004,0.10500878840684891,0.9559999704360962,0.8148000240325928
YDR316W-B,YEL044W,0,-3.3556745,0.10499725490808487,0.9559999704360962,0.8148999810218811
YLL024C,YPR174C,0,-3.3561053,0.10498572140932083,0.9559999704360962,0.8149999976158142
YDR441C,YDL113C,0,-3.3565612,0.10497419536113739,0.9559999704360962,0.8151000142097473
YNL286W,YIR004W,0,-3.3581934,0.10496266931295395,0.9559999704360962,0.8151999711990356
YMR318C,YGL189C,0,-3.3587203,0.1049511507153511,0.9559999704360962,0.8152999877929688
YMR041C,YPL130W,0,-3.3587751,0.10493962466716766,0.9559999704360962,0.8154000043869019
YIR019C,YAL056W,1,-3.359393,0.1050378680229187,0.9570000171661377,0.8154000043869019
YBR069C,YDR129C,0,-3.3594522,0.10502634197473526,0.9570000171661377,0.815500020980835
YLR017W,YCR063W,0,-3.3598754,0.10501481592655182,0.9570000171661377,0.8155999779701233
YBR114W,YPL173W,0,-3.3601089,0.10500328987836838,0.9570000171661377,0.8156999945640564
YFR047C,YPL225W,0,-3.3635225,0.10499177128076553,0.9570000171661377,0.8158000111579895
YNL190W,YMR205C,0,-3.3646164,0.10498025268316269,0.9570000171661377,0.8159000277519226
YOR189W,YDR234W,0,-3.365244,0.10496874153614044,0.9570000171661377,0.8159999847412109
YIL037C,YKR095W-A,0,-3.365903,0.1049572303891182,0.9570000171661377,0.816100001335144
YMR048W,YDR276C,0,-3.3661914,0.10494571924209595,0.9570000171661377,0.8162000179290771
YOR049C,YGL226W,0,-3.3677118,0.1049342080950737,0.9570000171661377,0.8162999749183655
YKR075C,YML086C,0,-3.3677118,0.10492270439863205,0.9570000171661377,0.8163999915122986
YJL212C,YHR079C-B,0,-3.3683343,0.1049112007021904,0.9570000171661377,0.8165000081062317
YDR325W,YGR260W,0,-3.3697338,0.10489970445632935,0.9570000171661377,0.8166000247001648
YCR024C,YIL167W,0,-3.372555,0.10488820821046829,0.9570000171661377,0.8166999816894531
YCR036W,YMR002W,0,-3.3731546,0.10487671196460724,0.9570000171661377,0.8167999982833862
YJL133C-A,YMR055C,0,-3.3733125,0.10486522316932678,0.9570000171661377,0.8169000148773193
YHR037W,YKR095W,0,-3.3750901,0.10485373437404633,0.9570000171661377,0.8169999718666077
YNL294C,YER109C,1,-3.376471,0.10495179891586304,0.9580000042915344,0.8169999718666077
YLR390W-A,YNL029C,0,-3.3783045,0.10494030267000198,0.9580000042915344,0.8170999884605408
YKR100C,YDR257C,0,-3.3786662,0.10492880642414093,0.9580000042915344,0.8172000050544739
YDR007W,YGR017W,0,-3.3793278,0.10491731762886047,0.9580000042915344,0.817300021648407
YBR233W-A,YEL005C,0,-3.3793433,0.10490582883358002,0.9580000042915344,0.8173999786376953
YER093C,YLR200W,0,-3.380088,0.10489434003829956,0.9580000042915344,0.8174999952316284
YGR060W,YBL051C,0,-3.3815017,0.1048828586935997,0.9580000042915344,0.8176000118255615
YBL035C,YPL097W,0,-3.3826475,0.10487137734889984,0.9580000042915344,0.8177000284194946
YNL298W,YER109C,1,-3.3839207,0.10496935248374939,0.9589999914169312,0.8177000284194946
YML004C,YPR057W,0,-3.3855596,0.10495786368846893,0.9589999914169312,0.817799985408783
YDR323C,YEL039C,0,-3.385972,0.10494637489318848,0.9589999914169312,0.8179000020027161
YGR040W,YLR083C,1,-3.3868499,0.10504431277513504,0.9599999785423279,0.8179000020027161
YLL018C-A,YDR303C,0,-3.3870363,0.10503282397985458,0.9599999785423279,0.8180000185966492
YGR082W,YDR273W,0,-3.3883634,0.10502133518457413,0.9599999785423279,0.8180999755859375
YJR120W,YDL223C,0,-3.3902936,0.10500984638929367,0.9599999785423279,0.8181999921798706
YDR189W,YOR266W,0,-3.3909538,0.10499835759401321,0.9599999785423279,0.8183000087738037
YDL091C,YMR261C,0,-3.3912697,0.10498687624931335,0.9599999785423279,0.8184000253677368
YJR132W,YOR026W,0,-3.3917172,0.1049753949046135,0.9599999785423279,0.8184999823570251
YEL005C,YPR105C,0,-3.3932166,0.10496392101049423,0.9599999785423279,0.8185999989509583
YGL076C,YPL135W,0,-3.3956923,0.10495244711637497,0.9599999785423279,0.8187000155448914
YDR406W,YML016C,0,-3.396548,0.1049409732222557,0.9599999785423279,0.8187999725341797
YOR136W,YML013W,0,-3.3967915,0.10492949932813644,0.9599999785423279,0.8188999891281128
YBL035C,YHR096C,0,-3.3969264,0.10491803288459778,0.9599999785423279,0.8190000057220459
YMR205C,YIL167W,0,-3.396965,0.10490656644105911,0.9599999785423279,0.819100022315979
YOR258W,YKR099W,0,-3.3970823,0.10489510744810104,0.9599999785423279,0.8191999793052673
YNL076W,YKL006W,0,-3.3978286,0.10488364100456238,0.9599999785423279,0.8192999958992004
YGR004W,YGR122W,0,-3.3984299,0.1048721894621849,0.9599999785423279,0.8194000124931335
YDR127W,YLR299W,0,-3.3988135,0.10486073046922684,0.9599999785423279,0.8195000290870667
YGL028C,YPL173W,0,-3.399037,0.10484927892684937,0.9599999785423279,0.819599986076355
YNL051W,YBR188C,0,-3.40075,0.1048378273844719,0.9599999785423279,0.8197000026702881
YIL036W,YPR110C,0,-3.4017153,0.10482638329267502,0.9599999785423279,0.8198000192642212
YDR350C,YHR214C-C,0,-3.4018059,0.10481493920087814,0.9599999785423279,0.8198999762535095
YDR148C,YBL051C,0,-3.4019446,0.10480349510908127,0.9599999785423279,0.8199999928474426
YLR001C,YOR341W,0,-3.4027314,0.1047920510172844,0.9599999785423279,0.8201000094413757
YIL036W,YEL024W,0,-3.4048278,0.10478061437606812,0.9599999785423279,0.8202000260353088
YKR093W,YKL005C,0,-3.4053059,0.10476917773485184,0.9599999785423279,0.8202999830245972
YGR202C,YDR463W,0,-3.4087114,0.10475774854421616,0.9599999785423279,0.8203999996185303
YKR093W,YPL130W,0,-3.409039,0.10474631935358047,0.9599999785423279,0.8205000162124634
YPL280W,YDR397C,0,-3.4094002,0.1047348901629448,0.9599999785423279,0.8205999732017517
YLR345W,YKR052C,0,-3.4095526,0.10472346097230911,0.9599999785423279,0.8206999897956848
YHR014W,YOL052C-A,0,-3.409612,0.10471203923225403,0.9599999785423279,0.8208000063896179
YBR279W,YIL147C,0,-3.4117842,0.10470062494277954,0.9599999785423279,0.820900022983551
YJL098W,YIR026C,0,-3.4141104,0.10468920320272446,0.9599999785423279,0.8209999799728394
YLR102C,YPR161C,0,-3.414268,0.10467778891324997,0.9599999785423279,0.8210999965667725
YEL048C,YKR088C,0,-3.416432,0.10466637462377548,0.9599999785423279,0.8212000131607056
YER177W,YJR046W,0,-3.4173765,0.10465496778488159,0.9599999785423279,0.8213000297546387
YFL035C-B,YDR100W,0,-3.418189,0.1046435609459877,0.9599999785423279,0.821399986743927
YML120C,YMR226C,0,-3.4193451,0.10463215410709381,0.9599999785423279,0.8215000033378601
YML011C,YDR078C,0,-3.4204466,0.10462074726819992,0.9599999785423279,0.8216000199317932
YBR114W,YJR027W,0,-3.424376,0.10460934787988663,0.9599999785423279,0.8216999769210815
YKL069W,YOL078W,0,-3.424632,0.10459794849157333,0.9599999785423279,0.8217999935150146
YIL036W,YPL076W,0,-3.425995,0.10458655655384064,0.9599999785423279,0.8219000101089478
YGR212W,YLR426W,0,-3.426824,0.10457516461610794,0.9599999785423279,0.8220000267028809
YJL183W,YAL068C,0,-3.4274263,0.10456377267837524,0.9599999785423279,0.8220999836921692
YNL020C,YFL018W-A,0,-3.4279447,0.10455238819122314,0.9599999785423279,0.8222000002861023
YNL031C,YBR279W,0,-3.4319406,0.10454099625349045,0.9599999785423279,0.8223000168800354
YOR049C,YCL035C,0,-3.4337225,0.10452961921691895,0.9599999785423279,0.8223999738693237
YOL020W,YGR082W,0,-3.4349585,0.10451823472976685,0.9599999785423279,0.8224999904632568
YLR167W,YMR183C,0,-3.4351616,0.10450685769319534,0.9599999785423279,0.8226000070571899
YGL061C,YCR005C,0,-3.4365885,0.10449548065662384,0.9599999785423279,0.822700023651123
YGL167C,YDR028C,0,-3.437452,0.10448411107063293,0.9599999785423279,0.8227999806404114
YDL093W,YNL063W,0,-3.4403553,0.10447274148464203,0.9599999785423279,0.8228999972343445
YOL023W,YDR227W,0,-3.4427843,0.10446137189865112,0.9599999785423279,0.8230000138282776
YGR040W,YOL116W,1,-3.442904,0.10455881059169769,0.9610000252723694,0.8230000138282776
YOL020W,YNL181W,0,-3.4446034,0.10454743355512619,0.9610000252723694,0.8230999708175659
YDR367W,YPR134W,0,-3.4463768,0.10453605651855469,0.9610000252723694,0.823199987411499
YMR053C,YKL149C,0,-3.447288,0.10452468693256378,0.9610000252723694,0.8233000040054321
YMR175W,YLR263W,0,-3.4475448,0.10451332479715347,0.9610000252723694,0.8234000205993652
YML023C,YBR101C,0,-3.447658,0.10450195521116257,0.9610000252723694,0.8234999775886536
YHR204W,YDR517W,0,-3.4480498,0.10449059307575226,0.9610000252723694,0.8235999941825867
YIL107C,YLR263W,0,-3.4485564,0.10447923094034195,0.9610000252723694,0.8237000107765198
YJR132W,YBR015C,0,-3.4488165,0.10446787625551224,0.9610000252723694,0.8238000273704529
YNR019W,YER127W,0,-3.4490695,0.10445652157068253,0.9610000252723694,0.8238999843597412
YGR253C,YPL253C,0,-3.4511619,0.10444516688585281,0.9610000252723694,0.8240000009536743
YBR086C,YIL062C,0,-3.451674,0.1044338196516037,0.9610000252723694,0.8241000175476074
YJR042W,YJL083W,0,-3.4520333,0.10442247241735458,0.9610000252723694,0.8241999745368958
YLR059C,YDL149W,0,-3.4546247,0.10441112518310547,0.9610000252723694,0.8242999911308289
YPL171C,YPL280W,0,-3.456275,0.10439978539943695,0.9610000252723694,0.824400007724762
YBL013W,YBL091C,0,-3.4572673,0.10438844561576843,0.9610000252723694,0.8245000243186951
YPL133C,YPL254W,0,-3.4595947,0.10437710583209991,0.9610000252723694,0.8245999813079834
YOR334W,YBR023C,0,-3.4603288,0.1043657660484314,0.9610000252723694,0.8246999979019165
YFR049W,YPL254W,0,-3.4622984,0.10435443371534348,0.9610000252723694,0.8248000144958496
YNL199C,YER053C-A,0,-3.4629822,0.10434310883283615,0.9610000252723694,0.8248999714851379
YDR122W,YHR214W,0,-3.4632316,0.10433177649974823,0.9610000252723694,0.824999988079071
YDL105W,YDL046W,0,-3.4653602,0.1043204516172409,0.9610000252723694,0.8251000046730042
YGR142W,YDR087C,0,-3.4654574,0.10430912673473358,0.9610000252723694,0.8252000212669373
YBR090C-A,YNL081C,0,-3.4676075,0.10429780930280685,0.9610000252723694,0.8252999782562256
YDR075W,YIR026C,0,-3.4679008,0.10428649187088013,0.9610000252723694,0.8253999948501587
YDR441C,YML120C,0,-3.4697108,0.1042751744389534,0.9610000252723694,0.8255000114440918
YCR024C,YFR025C,0,-3.4697495,0.10426385700702667,0.9610000252723694,0.8256000280380249
YDL106C,YPL010W,0,-3.471615,0.10425254702568054,0.9610000252723694,0.8256999850273132
YOL144W,YLL057C,0,-3.4724855,0.10424124449491501,0.9610000252723694,0.8258000016212463
YDL081C,YPL061W,0,-3.4765205,0.10422993451356888,0.9610000252723694,0.8259000182151794
YDR441C,YMR040W,0,-3.476619,0.10421863198280334,0.9610000252723694,0.8259999752044678
YIL014W,YGR004W,0,-3.4780483,0.10420732945203781,0.9610000252723694,0.8260999917984009
YMR055C,YDL134C,0,-3.4802704,0.10419603437185287,0.9610000252723694,0.826200008392334
YNL194C,YJL197W,0,-3.4818783,0.10418473184108734,0.9610000252723694,0.8263000249862671
YGL061C,YPR057W,0,-3.4834154,0.104173444211483,0.9610000252723694,0.8263999819755554
YBL091C,YGR083C,0,-3.4838395,0.10416214913129807,0.9610000252723694,0.8264999985694885
YNR048W,YBR272C,0,-3.4881377,0.10415086150169373,0.9610000252723694,0.8266000151634216
YNL190W,YCL039W,0,-3.4893332,0.10413957387208939,0.9610000252723694,0.82669997215271
YKL141W,YDR040C,0,-3.4924016,0.10412829369306564,0.9610000252723694,0.8267999887466431
YEL048C,YPL043W,0,-3.4939232,0.1041170060634613,0.9610000252723694,0.8269000053405762
YOR319W,YOR110W,0,-3.496905,0.10410573333501816,0.9610000252723694,0.8270000219345093
YPL049C,YNL197C,1,-3.4975815,0.1042027696967125,0.9620000123977661,0.8270000219345093
YBR038W,YJR042W,0,-3.5000446,0.10419148951768875,0.9620000123977661,0.8270999789237976
YLR059C,YNR053C,0,-3.5011845,0.10418020188808441,0.9620000123977661,0.8271999955177307
YCR091W,YBR015C,0,-3.5013363,0.10416892170906067,0.9620000123977661,0.8273000121116638
YDR386W,YDR098C-B,0,-3.5026157,0.10415764153003693,0.9620000123977661,0.8274000287055969
YCR065W,YGL058W,0,-3.5032983,0.10414636880159378,0.9620000123977661,0.8274999856948853
YPL135W,YGR260W,0,-3.5073109,0.10413509607315063,0.9620000123977661,0.8276000022888184
YPL224C,YOR253W,0,-3.5076935,0.10412382334470749,0.9620000123977661,0.8277000188827515
YPR114W,YDR395W,0,-3.5083776,0.10411255061626434,0.9620000123977661,0.8277999758720398
YLR442C,YPR057W,0,-3.508844,0.1041012853384018,0.9620000123977661,0.8278999924659729
YOL011W,YCR044C,0,-3.51065,0.10409002751111984,0.9620000123977661,0.828000009059906
YLR044C,YNL287W,0,-3.5123036,0.1040787622332573,0.9620000123977661,0.8281000256538391
YIL107C,YGL195W,0,-3.5128798,0.10406750440597534,0.9620000123977661,0.8281999826431274
YKL194C,YMR156C,0,-3.514875,0.10405624657869339,0.9620000123977661,0.8282999992370605
YLR092W,YDL139C,0,-3.5150619,0.10404498875141144,0.9620000123977661,0.8284000158309937
YKL029C,YOR048C,0,-3.5163026,0.10403373837471008,0.9620000123977661,0.828499972820282
YBL091C,YDR257C,0,-3.5163274,0.10402248799800873,0.9620000123977661,0.8285999894142151
YPL215W,YLR323C,0,-3.516686,0.10401124507188797,0.9620000123977661,0.8287000060081482
YOR087W,YGR082W,0,-3.5178146,0.10400000214576721,0.9620000123977661,0.8288000226020813
YNL183C,YER028C,0,-3.518798,0.10398875921964645,0.9620000123977661,0.8288999795913696
YMR234W,YPR148C,0,-3.5190592,0.1039775162935257,0.9620000123977661,0.8289999961853027
YHR165C,YPR141C,0,-3.5199957,0.10396628081798553,0.9620000123977661,0.8291000127792358
YKL002W,YFR038W,0,-3.5201173,0.10395504534244537,0.9620000123977661,0.829200029373169
YHR033W,YNL063W,0,-3.5204139,0.10394381731748581,0.9620000123977661,0.8292999863624573
YPR155C,YNR071C,0,-3.5221884,0.10393258184194565,0.9620000123977661,0.8294000029563904
YML092C,YGR161C-D,0,-3.523571,0.10392135381698608,0.9620000123977661,0.8295000195503235
YGL045W,YDR477W,1,-3.5241487,0.10401814430952072,0.9629999995231628,0.8295000195503235
YOR316C,YGR003W,0,-3.5243692,0.10400690883398056,0.9629999995231628,0.8295999765396118
YDR227W,YNL164C,0,-3.5248947,0.103995680809021,0.9629999995231628,0.8296999931335449
YOR260W,YOR079C,0,-3.5276074,0.10398445278406143,0.9629999995231628,0.829800009727478
YDR343C,YGR060W,0,-3.531815,0.10397322475910187,0.9629999995231628,0.8299000263214111
YGL189C,YNR055C,0,-3.5319152,0.1039619967341423,0.9629999995231628,0.8299999833106995
YAL059W,YKL134C,0,-3.5357063,0.10395077615976334,0.9629999995231628,0.8300999999046326
YJR109C,YCR005C,0,-3.5359387,0.10393955558538437,0.9629999995231628,0.8302000164985657
YDL230W,YPR037C,0,-3.5364394,0.103928342461586,0.9629999995231628,0.830299973487854
YMR041C,YPR169W,0,-3.53961,0.10391712188720703,0.9629999995231628,0.8303999900817871
YGR082W,YLL066C,0,-3.5399556,0.10390591621398926,0.9629999995231628,0.8305000066757202
YER177W,YDR150W,0,-3.5436368,0.10389470309019089,0.9629999995231628,0.8306000232696533
YMR274C,YML016C,0,-3.543713,0.10388349741697311,0.9629999995231628,0.8306999802589417
YER149C,YDR080W,0,-3.5455766,0.10387229174375534,0.9629999995231628,0.8307999968528748
YLR284C,YBR049C,0,-3.5519865,0.10386108607053757,0.9629999995231628,0.8309000134468079
YBR180W,YNL068C,0,-3.5522895,0.10384988784790039,0.9629999995231628,0.8309999704360962
YIL052C,YDR528W,0,-3.5556877,0.10383868962526321,0.9629999995231628,0.8310999870300293
YIL022W,YFL025C,0,-3.5572824,0.10382749140262604,0.9629999995231628,0.8312000036239624
YCR058C,YDL117W,0,-3.5582776,0.10381630063056946,0.9629999995231628,0.8313000202178955
YMR063W,YOR027W,0,-3.5600693,0.10380510985851288,0.9629999995231628,0.8313999772071838
YMR053C,YGL231C,0,-3.560118,0.1037939190864563,0.9629999995231628,0.8314999938011169
YNL284C-B,YOR335C,0,-3.5620332,0.10378273576498032,0.9629999995231628,0.83160001039505
YDR092W,YLR409C,0,-3.5633383,0.10377155244350433,0.9629999995231628,0.8317000269889832
YKL045W,YDL105W,0,-3.5644848,0.10376036912202835,0.9629999995231628,0.8317999839782715
YGR181W,YMR274C,0,-3.5645485,0.10374919325113297,0.9629999995231628,0.8319000005722046
YNL059C,YGL139W,0,-3.5655994,0.10373801738023758,0.9629999995231628,0.8320000171661377
YDR092W,YOL103W-A,0,-3.5657032,0.1037268415093422,0.9629999995231628,0.832099974155426
YPR057W,YJR050W,0,-3.566002,0.1037156730890274,0.9629999995231628,0.8321999907493591
YLR185W,YGR082W,0,-3.5678356,0.10370450466871262,0.9629999995231628,0.8323000073432922
YKL110C,YOR247W,0,-3.5705652,0.10369333624839783,0.9629999995231628,0.8324000239372253
YOL020W,YMR215W,0,-3.5726466,0.10368216782808304,0.9629999995231628,0.8324999809265137
YGR161W-A,YDR176W,0,-3.5734458,0.10367100685834885,0.9629999995231628,0.8325999975204468
YNL199C,YBR101C,0,-3.5736814,0.10365984588861465,0.9629999995231628,0.8327000141143799
YIR004W,YHL050C,0,-3.5743566,0.10364869236946106,0.9629999995231628,0.8327999711036682
YCR045C,YLR293C,0,-3.5765538,0.10363753885030746,0.9629999995231628,0.8328999876976013
YLR258W,YMR101C,0,-3.5803595,0.10362638533115387,0.9629999995231628,0.8330000042915344
YIL056W,YPL168W,0,-3.5823622,0.10361523926258087,0.9629999995231628,0.8331000208854675
YHR073W,YGL121C,1,-3.583548,0.10371167212724686,0.9639999866485596,0.8331000208854675
YNL062C,YDR168W,0,-3.5837345,0.10370051860809326,0.9639999866485596,0.8331999778747559
YPR007C,YNL161W,0,-3.584165,0.10368936508893967,0.9639999866485596,0.833299994468689
YML120C,YER149C,0,-3.5855012,0.10367821156978607,0.9639999866485596,0.8334000110626221
YNL038W,YNR055C,0,-3.5883765,0.10366705805063248,0.9639999866485596,0.8335000276565552
YJR153W,YDR430C,0,-3.5886254,0.10365591198205948,0.9639999866485596,0.8335999846458435
YOL126C,YMR177W,0,-3.5906982,0.10364476591348648,0.9639999866485596,0.8337000012397766
YIL137C,YNL317W,0,-3.5929093,0.10363362729549408,0.9639999866485596,0.8338000178337097
YHR204W,YMR001C,0,-3.59318,0.10362248867750168,0.9639999866485596,0.833899974822998
YHR111W,YGL058W,0,-3.5952363,0.10361135005950928,0.9639999866485596,0.8339999914169312
YNL246W,YFR030W,0,-3.5965238,0.10360021144151688,0.9639999866485596,0.8341000080108643
YDR359C,YGL111W,0,-3.5968564,0.10358908027410507,0.9639999866485596,0.8342000246047974
YLR426W,YGL085W,0,-3.5973697,0.10357794910669327,0.9639999866485596,0.8342999815940857
YML086C,YOL059W,0,-3.5982223,0.10356682538986206,0.9639999866485596,0.8343999981880188
YPL049C,YCL039W,0,-3.5996778,0.10355570167303085,0.9639999866485596,0.8345000147819519
YBL056W,YML059C,0,-3.6000314,0.10354457795619965,0.9639999866485596,0.8345999717712402
YLR220W,YOR249C,0,-3.600573,0.10353345423936844,0.9639999866485596,0.8346999883651733
YGR212W,YBR114W,0,-3.6013188,0.10352233797311783,0.9639999866485596,0.8348000049591064
YMR001C,YNL216W,0,-3.6014543,0.10351122170686722,0.9639999866485596,0.8349000215530396
YLR193C,YHR202W,0,-3.6021233,0.10350010544061661,0.9639999866485596,0.8349999785423279
YNR071C,YPL253C,0,-3.602559,0.1034889966249466,0.9639999866485596,0.835099995136261
YOR090C,YBR189W,0,-3.6028805,0.10347788780927658,0.9639999866485596,0.8352000117301941
YPL210C,YGL171W,0,-3.604638,0.10346677899360657,0.9639999866485596,0.8353000283241272
YIL052C,YLR347C,0,-3.6049738,0.10345567762851715,0.9639999866485596,0.8353999853134155
YMR286W,YOR247W,0,-3.6059308,0.10344457626342773,0.9639999866485596,0.8355000019073486
YIL120W,YHR079C-B,0,-3.6062684,0.10343347489833832,0.9639999866485596,0.8356000185012817
YPL076W,YLR175W,0,-3.6069942,0.1034223809838295,0.9639999866485596,0.8356999754905701
YGL098W,YOR262W,0,-3.6079125,0.10341128706932068,0.9639999866485596,0.8357999920845032
YOR320C,YOL059W,0,-3.608172,0.10340019315481186,0.9639999866485596,0.8359000086784363
YBR107C,YLR055C,0,-3.6087651,0.10338910669088364,0.9639999866485596,0.8360000252723694
YER007C-A,YOR272W,0,-3.6087856,0.10337801277637482,0.9639999866485596,0.8360999822616577
YOR004W,YJL208C,0,-3.6101909,0.10336693376302719,0.9639999866485596,0.8361999988555908
YLL018C-A,YPL183C,0,-3.6109214,0.10335584729909897,0.9639999866485596,0.8363000154495239
YPL133C,YPL235W,0,-3.611467,0.10334476828575134,0.9639999866485596,0.8363999724388123
YJL162C,YJL197W,0,-3.6116118,0.10333368927240372,0.9639999866485596,0.8364999890327454
YDR150W,YGR109W-A,0,-3.612124,0.10332261770963669,0.9639999866485596,0.8366000056266785
YHR011W,YHR111W,1,-3.6125731,0.10341871529817581,0.9649999737739563,0.8366000056266785
YNR032C-A,YDR019C,0,-3.6128607,0.10340762883424759,0.9649999737739563,0.8367000222206116
YGR211W,YGL226W,0,-3.6133378,0.10339654982089996,0.9649999737739563,0.8367999792098999
YDR259C,YDR005C,0,-3.6150131,0.10338547080755234,0.9649999737739563,0.836899995803833
YDR028C,YDR210W-C,0,-3.615884,0.10337439924478531,0.9649999737739563,0.8370000123977661
YHL015W,YHR138C,0,-3.6198096,0.10336332768201828,0.9649999737739563,0.8371000289916992
YKL080W,YGL240W,0,-3.6207905,0.10335225611925125,0.9649999737739563,0.8371999859809875
YGL104C,YIL030C,0,-3.621126,0.10334118455648422,0.9649999737739563,0.8373000025749207
YJL162C,YPL173W,0,-3.6233613,0.10333012044429779,0.9649999737739563,0.8374000191688538
YHR108W,YJR096W,0,-3.6238937,0.10331905633211136,0.9649999737739563,0.8374999761581421
YML059C,YDR176W,0,-3.6294618,0.10330799967050552,0.9649999737739563,0.8375999927520752
YGR109W-A,YDR105C,0,-3.632605,0.10329693555831909,0.9649999737739563,0.8377000093460083
YBR279W,YER109C,0,-3.6347342,0.10328587889671326,0.9649999737739563,0.8378000259399414
YPR017C,YBR060C,0,-3.6367054,0.10327482968568802,0.9649999737739563,0.8378999829292297
YNL286W,YER176W,0,-3.6370683,0.10326378047466278,0.9649999737739563,0.8379999995231628
YLR352W,YIL011W,0,-3.6375945,0.10325273126363754,0.9649999737739563,0.838100016117096
YBR043C,YPR106W,0,-3.637711,0.1032416820526123,0.9649999737739563,0.8381999731063843
YOR004W,YOR341W,0,-3.6381326,0.10323064029216766,0.9649999737739563,0.8382999897003174
YGL070C,YLR092W,0,-3.6382308,0.10321959853172302,0.9649999737739563,0.8384000062942505
YOR191W,YIL147C,0,-3.6385987,0.10320855677127838,0.9649999737739563,0.8385000228881836
YOR207C,YOR249C,0,-3.6389198,0.10319752246141434,0.9649999737739563,0.8385999798774719
YOL078W,YPL161C,0,-3.6390874,0.1031864807009697,0.9649999737739563,0.838699996471405
YLR234W,YPR120C,0,-3.639649,0.10317545384168625,0.9649999737739563,0.8388000130653381
YML057W,YBL063W,0,-3.6427965,0.1031644195318222,0.9649999737739563,0.8389000296592712
YHR118C,YER071C,0,-3.6446373,0.10315339267253876,0.9649999737739563,0.8389999866485596
YBR107C,YPL179W,0,-3.6484137,0.10314236581325531,0.9649999737739563,0.8391000032424927
YJR042W,YML004C,0,-3.651864,0.10313134640455246,0.9649999737739563,0.8392000198364258
YBL063W,YBR149W,0,-3.655714,0.10312032699584961,0.9649999737739563,0.8392999768257141
YPR161C,YIL098C,0,-3.6576695,0.10310930758714676,0.9649999737739563,0.8393999934196472
YLR284C,YER127W,0,-3.6586657,0.10309828817844391,0.9649999737739563,0.8395000100135803
YOR260W,YOR359W,0,-3.6608586,0.10308727622032166,0.9649999737739563,0.8396000266075134
YPR057W,YMR153W,0,-3.661289,0.1030762642621994,0.9649999737739563,0.8396999835968018
YDR280W,YLR345W,0,-3.662694,0.10306525975465775,0.9649999737739563,0.8398000001907349
YHR149C,YER127W,0,-3.6629305,0.10305424779653549,0.9649999737739563,0.839900016784668
YHR073W,YDR477W,1,-3.6650293,0.10315002501010895,0.9660000205039978,0.839900016784668
YGR204W,YLR060W,0,-3.670908,0.1031390130519867,0.9660000205039978,0.8399999737739563
YDR528W,YOR359W,0,-3.6720204,0.10312800109386444,0.9660000205039978,0.8400999903678894
YEL027W,YLR067C,0,-3.6724129,0.10311699658632278,0.9660000205039978,0.8402000069618225
YMR220W,YFR040W,0,-3.6724265,0.10310598462820053,0.9660000205039978,0.8403000235557556
YBL100W-B,YHR138C,0,-3.673448,0.10309498757123947,0.9660000205039978,0.840399980545044
YLL016W,YBR188C,0,-3.6753974,0.10308398306369781,0.9660000205039978,0.840499997138977
YLL018C-A,YNL118C,0,-3.6760416,0.10307298600673676,0.9660000205039978,0.8406000137329102
YHR033W,YNL246W,0,-3.6792185,0.1030619889497757,0.9660000205039978,0.8406999707221985
YCL068C,YIL167W,0,-3.680718,0.10305099189281464,0.9660000205039978,0.8407999873161316
YDR150W,YER053C-A,0,-3.6853592,0.10304000228643417,0.9660000205039978,0.8409000039100647
YPL169C,YGR080W,0,-3.6855328,0.10302901268005371,0.9660000205039978,0.8410000205039978
YLR102C,YGR003W,0,-3.6858659,0.10301802307367325,0.9660000205039978,0.8410999774932861
YDR268W,YAL056W,0,-3.6870582,0.10300704091787338,0.9660000205039978,0.8411999940872192
YIL036W,YDR438W,0,-3.6871047,0.10299605131149292,0.9660000205039978,0.8413000106811523
YGR046W,YER142C,0,-3.688247,0.10298507660627365,0.9660000205039978,0.8414000272750854
YLR143W,YJL208C,0,-3.6889672,0.10297409445047379,0.9660000205039978,0.8414999842643738
YML101C,YPR046W,0,-3.6911998,0.10296311974525452,0.9660000205039978,0.8416000008583069
YNL233W,YCR091W,0,-3.6924868,0.10295214504003525,0.9660000205039978,0.84170001745224
YDR129C,YNL317W,0,-3.6924934,0.10294117778539658,0.9660000205039978,0.8417999744415283
YGL028C,YBL008W,0,-3.6926856,0.1029302105307579,0.9660000205039978,0.8418999910354614
YCR018C,YDR021W,0,-3.6936588,0.10291924327611923,0.9660000205039978,0.8420000076293945
YOR191W,YKL114C,0,-3.6937814,0.10290827602148056,0.9660000205039978,0.8421000242233276
YLR215C,YMR158W,0,-3.6952553,0.10289731621742249,0.9660000205039978,0.842199981212616
YER142C,YGR007W,0,-3.6972651,0.10288635641336441,0.9660000205039978,0.8422999978065491
YGL093W,YML047C,0,-3.6975245,0.10287539660930634,0.9660000205039978,0.8424000144004822
YFL056C,YGL085W,0,-3.699725,0.10286444425582886,0.9660000205039978,0.8424999713897705
YGR080W,YPR071W,0,-3.700155,0.10285349190235138,0.9660000205039978,0.8425999879837036
YGR030C,YNL278W,0,-3.700397,0.1028425395488739,0.9660000205039978,0.8427000045776367
YPL215W,YDL018C,0,-3.7005684,0.10283159464597702,0.9660000205039978,0.8428000211715698
YPR037C,YPL225W,0,-3.7011566,0.10282064974308014,0.9660000205039978,0.8428999781608582
YHL028W,YOR266W,0,-3.702551,0.10280970484018326,0.9660000205039978,0.8429999947547913
YLR333C,YOL061W,0,-3.7025933,0.10279876738786697,0.9660000205039978,0.8431000113487244
YNR038W,YKR088C,0,-3.702855,0.10278782993555069,0.9660000205039978,0.8432000279426575
YLR234W,YOR158W,0,-3.7035203,0.1027768924832344,0.9660000205039978,0.8432999849319458
YDL134C,YHL035C,0,-3.7051582,0.10276595503091812,0.9660000205039978,0.8434000015258789
YLR442C,YJL127C,0,-3.7069843,0.10275502502918243,0.9660000205039978,0.843500018119812
YER028C,YLR292C,0,-3.70861,0.10274409502744675,0.9660000205039978,0.8435999751091003
YDR257C,YCL067C,0,-3.7087636,0.10273317247629166,0.9660000205039978,0.8436999917030334
YJL196C,YER015W,0,-3.709042,0.10272224247455597,0.9660000205039978,0.8438000082969666
YDR243C,YDL046W,0,-3.7093477,0.10271132737398148,0.9660000205039978,0.8439000248908997
YPR134W,YPL189W,0,-3.711517,0.10270040482282639,0.9660000205039978,0.843999981880188
YNR030W,YDR317W,0,-3.7131858,0.10268948972225189,0.9660000205039978,0.8440999984741211
YOR330C,YPL135W,0,-3.7135806,0.1026785746216774,0.9660000205039978,0.8442000150680542
YIL030C,YDR328C,0,-3.7178917,0.1026676595211029,0.9660000205039978,0.8442999720573425
YJR046W,YBR295W,0,-3.7195427,0.10265674442052841,0.9660000205039978,0.8443999886512756
YDR178W,YNL317W,0,-3.7218728,0.10264583677053452,0.9660000205039978,0.8445000052452087
YKL132C,YDL149W,0,-3.7227151,0.10263493657112122,0.9660000205039978,0.8446000218391418
YER093C,YHR118C,0,-3.7231894,0.10262402892112732,0.9660000205039978,0.8446999788284302
YNL294C,YOR080W,1,-3.723486,0.10271935164928436,0.9670000076293945,0.8446999788284302
YDL076C,YML047C,0,-3.7247224,0.10270844399929047,0.9670000076293945,0.8447999954223633
YIL014W,YFR030W,0,-3.7277439,0.10269753634929657,0.9670000076293945,0.8449000120162964
YDR243C,YHL011C,0,-3.728869,0.10268662869930267,0.9670000076293945,0.8450000286102295
YER108C,YGL045W,1,-3.730881,0.10278190672397614,0.9679999947547913,0.8450000286102295
YGR161W-A,YHL021C,0,-3.7317529,0.10277099162340164,0.9679999947547913,0.8450999855995178
YDR176W,YGR142W,0,-3.7324233,0.10276008397340775,0.9679999947547913,0.8452000021934509
YMR225C,YHR014W,0,-3.7326612,0.10274917632341385,0.9679999947547913,0.845300018787384
YML041C,YKR099W,0,-3.7347207,0.10273826867341995,0.9679999947547913,0.8453999757766724
YDR517W,YHR020W,0,-3.7350545,0.10272736847400665,0.9679999947547913,0.8454999923706055
YGR024C,YBR003W,0,-3.7355294,0.10271646827459335,0.9679999947547913,0.8456000089645386
YGL246C,YMR009W,0,-3.737627,0.10270556807518005,0.9679999947547913,0.8457000255584717
YBR169C,YOR359W,0,-3.7390652,0.10269467532634735,0.9679999947547913,0.84579998254776
YGL126W,YPR007C,0,-3.7416723,0.10268378257751465,0.9679999947547913,0.8458999991416931
YDL134C,YBL072C,0,-3.7424233,0.10267288982868195,0.9679999947547913,0.8460000157356262
YNL142W,YDR517W,0,-3.7483544,0.10266199707984924,0.9679999947547913,0.8460999727249146
YMR081C,YGL092W,0,-3.7498019,0.10265111178159714,0.9679999947547913,0.8461999893188477
YPR003C,YGR060W,0,-3.7511182,0.10264022648334503,0.9679999947547913,0.8463000059127808
YOR193W,YHR193C,0,-3.7519436,0.10262934863567352,0.9679999947547913,0.8464000225067139
YOR109W,YDL119C,0,-3.7546942,0.10261847078800201,0.9679999947547913,0.8464999794960022
YDL134C-A,YER129W,0,-3.7547905,0.1026075929403305,0.9679999947547913,0.8465999960899353
YER177W,YIL147C,0,-3.7557373,0.102596715092659,0.9679999947547913,0.8467000126838684
YLR118C,YGL058W,0,-3.759559,0.10258584469556808,0.9679999947547913,0.8468000292778015
YMR040W,YEL032W,0,-3.760108,0.10257497429847717,0.9679999947547913,0.8468999862670898
YNL051W,YNL164C,0,-3.7616262,0.10256410390138626,0.9679999947547913,0.847000002861023
YIL120W,YJL173C,0,-3.7631824,0.10255323350429535,0.9679999947547913,0.847100019454956
YDR145W,YDR463W,0,-3.7643127,0.10254237055778503,0.9679999947547913,0.8471999764442444
YHR205W,YOL051W,0,-3.7646337,0.10253151506185532,0.9679999947547913,0.8472999930381775
YHR210C,YHR110W,0,-3.7647338,0.102520652115345,0.9679999947547913,0.8474000096321106
YMR050C,YBR168W,0,-3.764803,0.10250979661941528,0.9679999947547913,0.8475000262260437
YLL024C,YOR081C,0,-3.7676,0.10249894112348557,0.9679999947547913,0.847599983215332
YHR202W,YPL175W,0,-3.768713,0.10248808562755585,0.9679999947547913,0.8476999998092651
YDL105W,YEL024W,0,-3.7698581,0.10247723758220673,0.9679999947547913,0.8478000164031982
YBR272C,YDR135C,0,-3.7699132,0.1024663895368576,0.9679999947547913,0.8478999733924866
YLR239C,YDR204W,0,-3.7752,0.10245554894208908,0.9679999947547913,0.8479999899864197
YDR490C,YMR125W,0,-3.7752285,0.10244470089673996,0.9679999947547913,0.8481000065803528
YNL056W,YOR252W,0,-3.776777,0.10243386030197144,0.9679999947547913,0.8482000231742859
YBR211C,YGR030C,0,-3.7773094,0.10242302715778351,0.9679999947547913,0.8482999801635742
YGR099W,YNL142W,0,-3.782343,0.10241218656301498,0.9679999947547913,0.8483999967575073
YDL247W,YNL317W,0,-3.7826085,0.10240135341882706,0.9679999947547913,0.8485000133514404
YPR106W,YMR205C,0,-3.7828436,0.10239052027463913,0.9679999947547913,0.8485999703407288
YGR202C,YOR357C,0,-3.7846785,0.1023796945810318,0.9679999947547913,0.8486999869346619
YPR114W,YML086C,0,-3.7884064,0.10236886888742447,0.9679999947547913,0.848800003528595
YNL199C,YPR055W,0,-3.7887762,0.10235804319381714,0.9679999947547913,0.8489000201225281
YLR200W,YKL114C,0,-3.789163,0.10234721750020981,0.9679999947547913,0.8489999771118164
YLR390W-A,YLR059C,0,-3.790307,0.10233639925718307,0.9679999947547913,0.8490999937057495
YOR129C,YBL072C,0,-3.7907183,0.10232558101415634,0.9679999947547913,0.8492000102996826
YJL089W,YPL203W,1,-3.7917295,0.10242046415805817,0.968999981880188,0.8492000102996826
YPL169C,YFL018W-A,0,-3.7921476,0.10240963846445084,0.968999981880188,0.8493000268936157
YOR019W,YPL235W,0,-3.7927535,0.1023988127708435,0.968999981880188,0.849399983882904
YIL008W,YHL007C,1,-3.7934523,0.10249365866184235,0.9700000286102295,0.849399983882904
YCR086W,YLR451W,0,-3.794687,0.10248283296823502,0.9700000286102295,0.8495000004768372
YML055W,YCR063W,0,-3.7946982,0.10247200727462769,0.9700000286102295,0.8496000170707703
YIL005W,YKL114C,0,-3.798458,0.10246118158102036,0.9700000286102295,0.8496999740600586
YHR014W,YBR100W,0,-3.798867,0.10245035588741302,0.9700000286102295,0.8497999906539917
YOR034C,YCR063W,0,-3.7996902,0.10243953764438629,0.9700000286102295,0.8499000072479248
YDR098C-B,YPL178W,0,-3.8005724,0.10242871940135956,0.9700000286102295,0.8500000238418579
YGL058W,YPL076W,0,-3.8022633,0.10241790860891342,0.9700000286102295,0.8500999808311462
YKL110C,YOR065W,0,-3.8028603,0.10240709781646729,0.9700000286102295,0.8501999974250793
YER179W,YDR406W,0,-3.8034773,0.10239628702402115,0.9700000286102295,0.8503000140190125
YMR230W,YKR049C,0,-3.8035383,0.10238547623157501,0.9700000286102295,0.8503999710083008
YEL032W,YFR030W,0,-3.80603,0.10237467288970947,0.9700000286102295,0.8504999876022339
YNL145W,YLR190W,0,-3.8075037,0.10236386954784393,0.9700000286102295,0.850600004196167
YAL011W,YHL026C,0,-3.8078418,0.1023530662059784,0.9700000286102295,0.8507000207901001
YLR060W,YIR031C,0,-3.8078573,0.10234226286411285,0.9700000286102295,0.8507999777793884
YLR215C,YOR068C,0,-3.81009,0.10233146697282791,0.9700000286102295,0.8508999943733215
YCL005W-A,YHR139C,0,-3.8102403,0.10232067853212357,0.9700000286102295,0.8510000109672546
YDR098C-A,YJR108W,0,-3.8109634,0.10230988264083862,0.9700000286102295,0.8511000275611877
YKL132C,YMR131C,0,-3.8116014,0.10229909420013428,0.9700000286102295,0.8511999845504761
YNR052C,YMR149W,0,-3.812119,0.10228830575942993,0.9700000286102295,0.8513000011444092
YHR142W,YPR097W,0,-3.812603,0.10227751731872559,0.9700000286102295,0.8514000177383423
YER023W,YMR183C,0,-3.8136103,0.10226673632860184,0.9700000286102295,0.8514999747276306
YLR143W,YJL168C,0,-3.8138516,0.10225595533847809,0.9700000286102295,0.8515999913215637
YCL017C,YNL190W,0,-3.8150616,0.10224517434835434,0.9700000286102295,0.8517000079154968
YER032W,YDR257C,0,-3.8155813,0.10223440080881119,0.9700000286102295,0.8518000245094299
YMR059W,YOR335C,0,-3.815852,0.10222362726926804,0.9700000286102295,0.8518999814987183
YLL021W,YHR080C,0,-3.8167403,0.10221285372972488,0.9700000286102295,0.8519999980926514
YGR254W,YHR158C,0,-3.8180547,0.10220208764076233,0.9700000286102295,0.8521000146865845
YKL052C,YBR181C,0,-3.8182957,0.10219132155179977,0.9700000286102295,0.8521999716758728
YLR451W,YPR086W,0,-3.818357,0.10218055546283722,0.9700000286102295,0.8522999882698059
YGR005C,YPR057W,0,-3.8184938,0.10216978937387466,0.9700000286102295,0.852400004863739
YAR033W,YPL115C,0,-3.8210044,0.1021590307354927,0.9700000286102295,0.8525000214576721
YFR049W,YBR089C-A,0,-3.821187,0.10214827209711075,0.9700000286102295,0.8525999784469604
YNL286W,YNL024C,0,-3.8214989,0.10213751345872879,0.9700000286102295,0.8526999950408936
YPR008W,YOR335C,0,-3.8234046,0.10212676227092743,0.9700000286102295,0.8528000116348267
YHR197W,YOR059C,0,-3.825652,0.10211601108312607,0.9700000286102295,0.8529000282287598
YHL028W,YDR160W,0,-3.825942,0.10210525989532471,0.9700000286102295,0.8529999852180481
YHR190W,YBL072C,0,-3.8285916,0.10209451615810394,0.9700000286102295,0.8531000018119812
YDR317W,YNL161W,0,-3.8299196,0.10208377242088318,0.9700000286102295,0.8532000184059143
YBR065C,YOL061W,0,-3.8304641,0.10207302868366241,0.9700000286102295,0.8532999753952026
YML127W,YML076C,0,-3.8306952,0.10206229239702225,0.9700000286102295,0.8533999919891357
YBL031W,YMR322C,0,-3.8334723,0.10205154865980148,0.9700000286102295,0.8535000085830688
YOR177C,YOL059W,0,-3.8361042,0.10204081982374191,0.9700000286102295,0.853600025177002
YPR120C,YEL051W,0,-3.8363547,0.10203008353710175,0.9700000286102295,0.8536999821662903
YDR427W,YPL061W,0,-3.836959,0.10201935470104218,0.9700000286102295,0.8537999987602234
YKL138C,YGR017W,0,-3.8396568,0.1020086258649826,0.9700000286102295,0.8539000153541565
YER179W,YFR053C,0,-3.8439188,0.10199789702892303,0.9700000286102295,0.8539999723434448
YDR500C,YOR065W,0,-3.8442216,0.10198717564344406,0.9700000286102295,0.8540999889373779
YIL007C,YNL145W,0,-3.84704,0.10197645425796509,0.9700000286102295,0.854200005531311
YMR220W,YDR303C,0,-3.8480108,0.10196573287248611,0.9700000286102295,0.8543000221252441
YML076C,YDR080W,0,-3.8484936,0.10195501148700714,0.9700000286102295,0.8543999791145325
YDL012C,YMR125W,0,-3.8486059,0.10194429755210876,0.9700000286102295,0.8544999957084656
YOR018W,YIR004W,0,-3.849923,0.10193358361721039,0.9700000286102295,0.8546000123023987
YPL141C,YPL040C,0,-3.8528876,0.10192287713289261,0.9700000286102295,0.8547000288963318
YER072W,YGR055W,0,-3.8544288,0.10191216319799423,0.9700000286102295,0.8547999858856201
YDR441C,YOR034C,0,-3.856363,0.10190145671367645,0.9700000286102295,0.8549000024795532
YMR048W,YBR089C-A,0,-3.8563952,0.10189075767993927,0.9700000286102295,0.8550000190734863
YGL085W,YMR177W,0,-3.8569684,0.10188005119562149,0.9700000286102295,0.8550999760627747
YOR258W,YNR052C,0,-3.85858,0.10186935216188431,0.9700000286102295,0.8551999926567078
YKR093W,YPR158W-B,0,-3.8600733,0.10185866057872772,0.9700000286102295,0.8553000092506409
YBR248C,YNL164C,0,-3.8603604,0.10184796154499054,0.9700000286102295,0.855400025844574
YDR427W,YBR301W,0,-3.8629313,0.10183726996183395,0.9700000286102295,0.8554999828338623
YPL036W,YIL069C,0,-3.8653908,0.10182657837867737,0.9700000286102295,0.8555999994277954
YOR195W,YNR053C,0,-3.869626,0.10181589424610138,0.9700000286102295,0.8557000160217285
YNL233W,YHL031C,0,-3.870134,0.1018052026629448,0.9700000286102295,0.8557999730110168
YNR037C,YER071C,0,-3.870654,0.1017945185303688,0.9700000286102295,0.85589998960495
YFL005W,YKL032C,0,-3.8711019,0.10178384184837341,0.9700000286102295,0.8560000061988831
YER155C,YKL063C,0,-3.8724868,0.10177315771579742,0.9700000286102295,0.8561000227928162
YPL141C,YNL133C,0,-3.8731556,0.10176248103380203,0.9700000286102295,0.8561999797821045
YKL014C,YMR055C,0,-3.8732913,0.10175181180238724,0.9700000286102295,0.8562999963760376
YNL103W,YOR068C,0,-3.873685,0.10174113512039185,0.9700000286102295,0.8564000129699707
YDL091C,YOR258W,0,-3.8746424,0.10173046588897705,0.9700000286102295,0.8565000295639038
YNL263C,YGL025C,0,-3.8778358,0.10171979665756226,0.9700000286102295,0.8565999865531921
YOL098C,YIL011W,0,-3.879228,0.10170913487672806,0.9700000286102295,0.8567000031471252
YPR071W,YPL156C,0,-3.8799052,0.10169846564531326,0.9700000286102295,0.8568000197410583
YER044C-A,YIR031C,0,-3.8812003,0.10168781131505966,0.9700000286102295,0.8568999767303467
YBR101C,YPL018W,0,-3.8814943,0.10167714953422546,0.9700000286102295,0.8569999933242798
YBR101C,YDR045C,0,-3.8844771,0.10166649520397186,0.9700000286102295,0.8571000099182129
YLR362W,YHR111W,1,-3.8846745,0.10176064074039459,0.9710000157356262,0.8571000099182129
YJR049C,YGR253C,0,-3.8855479,0.1017499715089798,0.9710000157356262,0.857200026512146
YGR005C,YBL025W,0,-3.8856184,0.1017393097281456,0.9710000157356262,0.8572999835014343
YMR192W,YER179W,0,-3.8870294,0.101728655397892,0.9710000157356262,0.8574000000953674
YIL038C,YPR086W,0,-3.887059,0.1017179936170578,0.9710000157356262,0.8575000166893005
YJL212C,YOR026W,0,-3.8876839,0.1017073392868042,0.9710000157356262,0.8575999736785889
YPL115C,YER032W,0,-3.8877518,0.1016966924071312,0.9710000157356262,0.857699990272522
YDR122W,YDR100W,0,-3.8885102,0.1016860380768776,0.9710000157356262,0.8578000068664551
YBR054W,YOR316C,0,-3.889412,0.10167539119720459,0.9710000157356262,0.8579000234603882
YML127W,YPR100W,0,-3.8898492,0.10166474431753159,0.9710000157356262,0.8579999804496765
YMR242C,YEL051W,0,-3.8910377,0.10165410488843918,0.9710000157356262,0.8580999970436096
YDR345C,YLR333C,0,-3.8917346,0.10164346545934677,0.9710000157356262,0.8582000136375427
YGR174C,YGR266W,0,-3.8938227,0.10163282603025436,0.9710000157356262,0.858299970626831
YFR027W,YOL012C,0,-3.894374,0.10162218660116196,0.9710000157356262,0.8583999872207642
YLR324W,YOL078W,0,-3.89493,0.10161155462265015,0.9710000157356262,0.8585000038146973
YGR212W,YKL087C,0,-3.89543,0.10160092264413834,0.9710000157356262,0.8586000204086304
YPL175W,YPL145C,0,-3.8963974,0.10159029066562653,0.9710000157356262,0.8586999773979187
YNL263C,YKL196C,0,-3.8977365,0.10157966613769531,0.9710000157356262,0.8587999939918518
YKL132C,YFL035C-A,0,-3.904043,0.1015690341591835,0.9710000157356262,0.8589000105857849
YGR078C,YPR128C,0,-3.9042315,0.10155841708183289,0.9710000157356262,0.859000027179718
YJL173C,YKR083C,0,-3.9048815,0.10154779255390167,0.9710000157356262,0.8590999841690063
YDR204W,YLR313C,0,-3.9070563,0.10153717547655106,0.9710000157356262,0.8592000007629395
YER177W,YPL058C,0,-3.9082928,0.10152655839920044,0.9710000157356262,0.8593000173568726
YGR170W,YHR020W,0,-3.9098551,0.10151594132184982,0.9710000157356262,0.8593999743461609
YDL072C,YHR118C,0,-3.9099898,0.1015053316950798,0.9710000157356262,0.859499990940094
YGR004W,YDL223C,0,-3.9120717,0.10149472206830978,0.9710000157356262,0.8596000075340271
YER123W,YIL096C,0,-3.9132035,0.10148411244153976,0.9710000157356262,0.8597000241279602
YDL076C,YFR053C,0,-3.914001,0.10147351026535034,0.9710000157356262,0.8597999811172485
YMR110C,YOR258W,0,-3.9146543,0.10146290808916092,0.9710000157356262,0.8598999977111816
YMR274C,YBR016W,0,-3.9194632,0.1014523059129715,0.9710000157356262,0.8600000143051147
YPL061W,YCR038C,0,-3.920391,0.10144170373678207,0.9710000157356262,0.8600999712944031
YEL005C,YDR422C,0,-3.9218729,0.10143110901117325,0.9710000157356262,0.8601999878883362
YPL146C,YHL021C,0,-3.924302,0.10142051428556442,0.9710000157356262,0.8603000044822693
YKL014C,YBR028C,0,-3.92796,0.1014099195599556,0.9710000157356262,0.8604000210762024
YNL062C,YBR191W,0,-3.9289231,0.10139933228492737,0.9710000157356262,0.8604999780654907
YAL056W,YPR046W,0,-3.9313323,0.10138874500989914,0.9710000157356262,0.8605999946594238
YKL048C,YPR174C,0,-3.9322796,0.10137815773487091,0.9710000157356262,0.8607000112533569
YER179W,YPL056C,0,-3.932438,0.10136757791042328,0.9710000157356262,0.86080002784729
YDR175C,YPR007C,0,-3.9341674,0.10135699063539505,0.9710000157356262,0.8608999848365784
YNL133C,YBR254C,0,-3.9349847,0.10134641826152802,0.9710000157356262,0.8610000014305115
YFR047C,YKL145W,0,-3.9367547,0.10133583843708038,0.9710000157356262,0.8611000180244446
YOR119C,YER143W,0,-3.9374025,0.10132526606321335,0.9710000157356262,0.8611999750137329
YDR545W,YDR308C,0,-3.9378834,0.10131469368934631,0.9710000157356262,0.861299991607666
YFL005W,YDL139C,0,-3.9395616,0.10130412131547928,0.9710000157356262,0.8614000082015991
YKL051W,YGR044C,0,-3.9398527,0.10129355639219284,0.9710000157356262,0.8615000247955322
YOR045W,YPL178W,0,-3.9440548,0.1012829840183258,0.9710000157356262,0.8615999817848206
YER063W,YDL135C,0,-3.9452565,0.10127242654561996,0.9710000157356262,0.8616999983787537
YMR041C,YNL246W,0,-3.9470544,0.10126186162233353,0.9710000157356262,0.8618000149726868
YNL287W,YPL193W,0,-3.94763,0.10125130414962769,0.9710000157356262,0.8618999719619751
YHR111W,YBL051C,0,-3.9482832,0.10124074667692184,0.9710000157356262,0.8619999885559082
YPL058C,YGL107C,0,-3.9485228,0.101230189204216,0.9710000157356262,0.8621000051498413
YMR063W,YHL003C,0,-3.9519997,0.10121963918209076,0.9710000157356262,0.8622000217437744
YPR161C,YLR324W,0,-3.9543192,0.10120908915996552,0.9710000157356262,0.8622999787330627
YML023C,YLL024C,0,-3.9552503,0.10119853913784027,0.9710000157356262,0.8623999953269958
YDR235W,YEL051W,0,-3.9557676,0.10118799656629562,0.9710000157356262,0.862500011920929
YLR333C,YBR090C-A,0,-3.95786,0.10117745399475098,0.9710000157356262,0.8626000285148621
YNL251C,YOR060C,0,-3.9578931,0.10116691142320633,0.9710000157356262,0.8626999855041504
YFR016C,YKL029C,0,-3.9594858,0.10115636885166168,0.9710000157356262,0.8628000020980835
YJL098W,YJL035C,0,-3.9623196,0.10114583373069763,0.9710000157356262,0.8629000186920166
YPR148C,YER129W,0,-3.9626026,0.10113529860973358,0.9710000157356262,0.8629999756813049
YBR046C,YDR438W,0,-3.963714,0.10112476348876953,0.9710000157356262,0.863099992275238
YBR065C,YDR268W,0,-3.9643593,0.10111423581838608,0.9710000157356262,0.8632000088691711
YJR046W,YML076C,0,-3.9652917,0.10110370814800262,0.9710000157356262,0.8633000254631042
YOL061W,YGL045W,0,-3.9676166,0.10109318047761917,0.9710000157356262,0.8633999824523926
YGR266W,YPR180W,0,-3.969319,0.10108266025781631,0.9710000157356262,0.8634999990463257
YHR150W,YGR161C,0,-3.9710999,0.10107213258743286,0.9710000157356262,0.8636000156402588
YNL145W,YMR059W,0,-3.9764104,0.10106161236763,0.9710000157356262,0.8636999726295471
YML086C,YNL216W,0,-3.9789758,0.10105109959840775,0.9710000157356262,0.8637999892234802
YLR215C,YOR266W,0,-3.9804327,0.10104057937860489,0.9710000157356262,0.8639000058174133
YHR073W,YNL194C,0,-3.9837236,0.10103006660938263,0.9710000157356262,0.8640000224113464
YGL073W,YNL173C,0,-3.9839873,0.10101956129074097,0.9710000157356262,0.8640999794006348
YOL096C,YLR067C,0,-3.984087,0.10100904852151871,0.9710000157356262,0.8641999959945679
YDR422C,YBR254C,0,-3.987945,0.10099854320287704,0.9710000157356262,0.864300012588501
YOR241W,YJL003W,0,-3.990425,0.10098803788423538,0.9710000157356262,0.8644000291824341
YGR078C,YEL051W,0,-3.9935417,0.10097754001617432,0.9710000157356262,0.8644999861717224
YJL181W,YLR315W,0,-3.9945836,0.10096703469753265,0.9710000157356262,0.8646000027656555
YPL262W,YGL139W,0,-3.9952114,0.10095653682947159,0.9710000157356262,0.8647000193595886
YOR034C,YER176W,0,-3.9964352,0.10094604641199112,0.9710000157356262,0.864799976348877
YDL098C,YGL116W,0,-3.9977503,0.10093554854393005,0.9710000157356262,0.8648999929428101
YDR441C,YPR037C,0,-3.9985824,0.10092505812644958,0.9710000157356262,0.8650000095367432
YOR272W,YDR019C,0,-3.9986854,0.10091456770896912,0.9710000157356262,0.8651000261306763
YHR073W,YOL116W,1,-3.9993324,0.10100799798965454,0.972000002861023,0.8651000261306763
YLR411W,YMR237W,0,-3.9998956,0.10099750757217407,0.972000002861023,0.8651999831199646
YGL073W,YLR293C,0,-4.0028143,0.100987009704113,0.972000002861023,0.8652999997138977
YLR249W,YDR110W,0,-4.0044746,0.10097651928663254,0.972000002861023,0.8654000163078308
YLR058C,YBL091C,0,-4.0044756,0.10096603631973267,0.972000002861023,0.8654999732971191
YIL036W,YOL029C,0,-4.004986,0.1009555459022522,0.972000002861023,0.8655999898910522
YMR110C,YNL041C,0,-4.0060005,0.10094506293535233,0.972000002861023,0.8657000064849854
YGR283C,YML047C,0,-4.0069065,0.10093457996845245,0.972000002861023,0.8658000230789185
YLR239C,YEL001C,0,-4.010623,0.10092409700155258,0.972000002861023,0.8658999800682068
YOR320C,YBR094W,0,-4.011179,0.1009136214852333,0.972000002861023,0.8659999966621399
YML107C,YFL035C-A,0,-4.011199,0.10090314596891403,0.972000002861023,0.866100013256073
YGL053W,YLR054C,0,-4.012187,0.10089267045259476,0.972000002861023,0.8661999702453613
YPR095C,YCR018C,0,-4.0123687,0.10088220238685608,0.972000002861023,0.8662999868392944
YPL146C,YDR188W,0,-4.012741,0.1008717343211174,0.972000002861023,0.8664000034332275
YBL100W-B,YGR253C,0,-4.013058,0.10086126625537872,0.972000002861023,0.8665000200271606
YJR109C,YLR352W,0,-4.014571,0.10085079818964005,0.972000002861023,0.866599977016449
YOR272W,YBR015C,0,-4.0149093,0.10084033757448196,0.972000002861023,0.8666999936103821
YCR016W,YDR407C,0,-4.0156803,0.10082987695932388,0.972000002861023,0.8668000102043152
YNL294C,YDL159W,1,-4.0158763,0.10092314332723618,0.9729999899864197,0.8668000102043152
YDR386W,YJR052W,0,-4.0165133,0.1009126752614975,0.9729999899864197,0.8669000267982483
YDR323C,YNR048W,0,-4.017077,0.10090220719575882,0.9729999899864197,0.8669999837875366
YFR031C-A,YMR081C,0,-4.0180264,0.10089174658060074,0.9729999899864197,0.8671000003814697
YLR061W,YDL102W,0,-4.0205135,0.10088128596544266,0.9729999899864197,0.8672000169754028
YDL100C,YDR292C,0,-4.021121,0.10087082535028458,0.9729999899864197,0.8672999739646912
YJR041C,YOR129C,0,-4.0216274,0.10086037218570709,0.9729999899864197,0.8673999905586243
YOR049C,YJL083W,0,-4.022439,0.10084991902112961,0.9729999899864197,0.8675000071525574
YFR038W,YGR245C,0,-4.0249906,0.10083946585655212,0.9729999899864197,0.8676000237464905
YDR422C,YMR313C,0,-4.0265255,0.10082901269197464,0.9729999899864197,0.8676999807357788
YAL002W,YDR150W,0,-4.027391,0.10081856697797775,0.9729999899864197,0.8677999973297119
YNL023C,YFR025C,0,-4.027583,0.10080812126398087,0.9729999899864197,0.867900013923645
YKR100C,YER005W,0,-4.028062,0.10079768300056458,0.9729999899864197,0.8679999709129333
YPR120C,YGR245C,0,-4.037295,0.10078723728656769,0.9729999899864197,0.8680999875068665
YHR201C,YJL098W,0,-4.0382853,0.1007767990231514,0.9729999899864197,0.8682000041007996
YML067C,YHR014W,0,-4.041028,0.10076636075973511,0.9729999899864197,0.8683000206947327
YKL026C,YLR409C,0,-4.041151,0.10075592994689941,0.9729999899864197,0.868399977684021
YFL035C-A,YBR149W,0,-4.0414824,0.10074549913406372,0.9729999899864197,0.8684999942779541
YNR019W,YIL167W,0,-4.043149,0.10073506832122803,0.9729999899864197,0.8686000108718872
YDL091C,YKR089C,0,-4.04507,0.10072463750839233,0.9729999899864197,0.8687000274658203
YPL262W,YGR161C,0,-4.0464067,0.10071421414613724,0.9729999899864197,0.8687999844551086
YJR049C,YNL029C,0,-4.051165,0.10070379078388214,0.9729999899864197,0.8689000010490417
YNL133C,YDL018C,0,-4.0539775,0.10069336742162704,0.9729999899864197,0.8690000176429749
YDR009W,YDR381W,0,-4.0543776,0.10068294405937195,0.9729999899864197,0.8690999746322632
YOR193W,YER072W,0,-4.054508,0.10067252814769745,0.9729999899864197,0.8691999912261963
YLR363C,YPL253C,0,-4.054641,0.10066211223602295,0.9729999899864197,0.8693000078201294
YKL006W,YKR052C,0,-4.055514,0.10065170377492905,0.9729999899864197,0.8694000244140625
YML127W,YDL149W,0,-4.0562725,0.10064128786325455,0.9729999899864197,0.8694999814033508
YDR243C,YOR227W,0,-4.056614,0.10063087940216064,0.9729999899864197,0.8695999979972839
YLR083C,YHR170W,0,-4.057358,0.10062047839164734,0.9729999899864197,0.869700014591217
YLR333C,YHR114W,0,-4.0579257,0.10061006993055344,0.9729999899864197,0.8697999715805054
YDR422C,YMR074C,0,-4.0693073,0.10059966892004013,0.9729999899864197,0.8698999881744385
YPL179W,YOL116W,0,-4.071662,0.10058926790952682,0.9729999899864197,0.8700000047683716
YMR261C,YPR180W,0,-4.0725203,0.10057887434959412,0.9729999899864197,0.8701000213623047
YDR168W,YOL095C,0,-4.0737157,0.10056847333908081,0.9729999899864197,0.870199978351593
YBR211C,YAL051W,0,-4.076684,0.1005580797791481,0.9729999899864197,0.8702999949455261
YPL175W,YDR200C,0,-4.077483,0.10054769366979599,0.9729999899864197,0.8704000115394592
YKR089C,YDR110W,0,-4.0792904,0.10053730010986328,0.9729999899864197,0.8705000281333923
YDL135C,YJL083W,0,-4.08075,0.10052691400051117,0.9729999899864197,0.8705999851226807
YKR007W,YBR094W,0,-4.080773,0.10051652789115906,0.9729999899864197,0.8707000017166138
YDR513W,YOR110W,0,-4.0821342,0.10050614923238754,0.9729999899864197,0.8708000183105469
YBR233W-A,YHR190W,0,-4.0839186,0.10049576312303543,0.9729999899864197,0.8708999752998352
YHR103W,YFR053C,0,-4.086045,0.10048538446426392,0.9729999899864197,0.8709999918937683
YOR034C,YBR181C,0,-4.087773,0.100475013256073,0.9729999899864197,0.8711000084877014
YBR211C,YNL020C,0,-4.0890603,0.10046463459730148,0.9729999899864197,0.8712000250816345
YDL145C,YGR094W,0,-4.090687,0.10045426338911057,0.9729999899864197,0.8712999820709229
YKR085C,YDR168W,0,-4.091529,0.10044389218091965,0.9729999899864197,0.871399998664856
YMR274C,YAL030W,0,-4.0916104,0.10043352842330933,0.9729999899864197,0.8715000152587891
YNL056W,YMR041C,0,-4.0943375,0.10042315721511841,0.9729999899864197,0.8715999722480774
YKR093W,YFR047C,0,-4.0959883,0.10041279345750809,0.9729999899864197,0.8716999888420105
YML016C,YNL063W,0,-4.09652,0.10040243715047836,0.9729999899864197,0.8718000054359436
YLR442C,YNL094W,0,-4.098042,0.10039207339286804,0.9729999899864197,0.8719000220298767
YNL243W,YCL044C,0,-4.0985317,0.10038171708583832,0.9729999899864197,0.871999979019165
YPL138C,YPL239W,0,-4.0990887,0.1003713607788086,0.9729999899864197,0.8720999956130981
YOR253W,YKL099C,0,-4.0998588,0.10036101192235947,0.9729999899864197,0.8722000122070312
YGR204W,YIR026C,0,-4.1004744,0.10035066306591034,0.9729999899864197,0.8723000288009644
YDR127W,YDL106C,0,-4.1010065,0.10034031420946121,0.9729999899864197,0.8723999857902527
YNL183C,YDR427W,0,-4.101656,0.10032996535301208,0.9729999899864197,0.8725000023841858
YKL110C,YGL064C,0,-4.10243,0.10031962394714355,0.9729999899864197,0.8726000189781189
YJL045W,YHR106W,0,-4.103553,0.10030927509069443,0.9729999899864197,0.8726999759674072
YCR044C,YER127W,0,-4.1042256,0.1002989411354065,0.9729999899864197,0.8727999925613403
YML067C,YLR167W,0,-4.1050215,0.10028859972953796,0.9729999899864197,0.8729000091552734
YJR109C,YJR084W,0,-4.105917,0.10027826577425003,0.9729999899864197,0.8730000257492065
YHR204W,YIL154C,0,-4.1059732,0.1002679318189621,0.9729999899864197,0.8730999827384949
YPL105C,YER023W,0,-4.108,0.10025759786367416,0.9729999899864197,0.873199999332428
YML101C,YOR027W,0,-4.108857,0.10024727135896683,0.9729999899864197,0.8733000159263611
YBR023C,YNL278W,0,-4.110064,0.10023694485425949,0.9729999899864197,0.8733999729156494
YML023C,YOR129C,0,-4.1108456,0.10022661834955215,0.9729999899864197,0.8734999895095825
YPL138C,YPR128C,0,-4.116841,0.10021629184484482,0.9729999899864197,0.8736000061035156
YGL142C,YGL127C,0,-4.1178513,0.10020597279071808,0.9729999899864197,0.8737000226974487
YIL107C,YFR040W,0,-4.119259,0.10019565373659134,0.9729999899864197,0.8737999796867371
YKL197C,YLR249W,0,-4.1195927,0.1001853346824646,0.9729999899864197,0.8738999962806702
YDR227W,YJR046W,0,-4.123267,0.10017502307891846,0.9729999899864197,0.8740000128746033
YNL051W,YJL197W,0,-4.123792,0.10016471147537231,0.9729999899864197,0.8741000294685364
YHR197W,YDL119C,0,-4.124959,0.10015439987182617,0.9729999899864197,0.8741999864578247
YLL026W,YPL117C,0,-4.1253448,0.10014409571886063,0.9729999899864197,0.8743000030517578
YIL087C,YER129W,0,-4.1263614,0.10013378411531448,0.9729999899864197,0.8744000196456909
YDR490C,YGL144C,0,-4.1273866,0.10012347996234894,0.9729999899864197,0.8744999766349792
YPR154W,YLR181C,0,-4.1311135,0.10011318325996399,0.9729999899864197,0.8745999932289124
YIL036W,YGR004W,0,-4.13165,0.10010287910699844,0.9729999899864197,0.8747000098228455
YNL036W,YML031W,0,-4.1363688,0.1000925824046135,0.9729999899864197,0.8748000264167786
YDR482C,YBR015C,0,-4.1373415,0.10008228570222855,0.9729999899864197,0.8748999834060669
YKR034W,YHR133C,0,-4.1384444,0.1000719964504242,0.9729999899864197,0.875
YLR194C,YDL087C,0,-4.1387267,0.10006169974803925,0.9729999899864197,0.8751000165939331
YLR093C,YOR341W,0,-4.139838,0.1000514104962349,0.9729999899864197,0.8751999735832214
YPL203W,YOR341W,0,-4.141431,0.10004112869501114,0.9729999899864197,0.8752999901771545
YAL015C,YIL167W,0,-4.142091,0.10003083944320679,0.9729999899864197,0.8754000067710876
YPL140C,YPL161C,0,-4.1431456,0.10002055764198303,0.9729999899864197,0.8755000233650208
YOL020W,YNL286W,0,-4.143409,0.10001027584075928,0.9729999899864197,0.8755999803543091
YGR082W,YMR059W,0,-4.144873,0.10000000149011612,0.9729999899864197,0.8756999969482422
YNL263C,YJL096W,0,-4.1482544,0.09998972713947296,0.9729999899864197,0.8758000135421753
YLR083C,YAL056W,1,-4.149388,0.10008220374584198,0.9739999771118164,0.8758000135421753
YNL221C,YLL006W,0,-4.1496663,0.10007192194461823,0.9739999771118164,0.8758999705314636
YDR045C,YPL040C,0,-4.15065,0.10006164014339447,0.9739999771118164,0.8759999871253967
YPL100W,YLR328W,0,-4.1515675,0.10005135834217072,0.9739999771118164,0.8761000037193298
YLR328W,YBL025W,0,-4.152108,0.10004108399152756,0.9739999771118164,0.8762000203132629
YBR029C,YGL018C,0,-4.1539054,0.1000308096408844,0.9739999771118164,0.8762999773025513
YDL240W,YGL240W,0,-4.155185,0.10002053529024124,0.9739999771118164,0.8763999938964844
YJL012C,YOL061W,0,-4.157153,0.10001026839017868,0.9739999771118164,0.8765000104904175
YGL115W,YPL175W,0,-4.16091,0.10000000149011612,0.9739999771118164,0.8766000270843506
YER063W,YDR100W,0,-4.1626515,0.09998973459005356,0.9739999771118164,0.8766999840736389
YGR235C,YLR390W-A,0,-4.1645937,0.099979467689991,0.9739999771118164,0.876800000667572
YNL051W,YDR287W,0,-4.168771,0.09996920824050903,0.9739999771118164,0.8769000172615051
YGR217W,YPR155C,0,-4.1722555,0.09995894879102707,0.9739999771118164,0.8769999742507935
YDR075W,YNL132W,0,-4.17247,0.0999486893415451,0.9739999771118164,0.8770999908447266
YLR259C,YGL016W,0,-4.17388,0.09993843734264374,0.9739999771118164,0.8772000074386597
YDR127W,YGL049C,0,-4.174746,0.09992818534374237,0.9739999771118164,0.8773000240325928
YPL138C,YNR055C,0,-4.1763372,0.099917933344841,0.9739999771118164,0.8773999810218811
YDR091C,YER033C,0,-4.176786,0.09990768134593964,0.9739999771118164,0.8774999976158142
YNL294C,YKL134C,0,-4.1777916,0.09989743679761887,0.9739999771118164,0.8776000142097473
YLR083C,YBR091C,0,-4.1810956,0.0998871922492981,0.9739999771118164,0.8776999711990356
YHL038C,YIL007C,0,-4.1818037,0.09987694770097733,0.9739999771118164,0.8777999877929688
YCR036W,YPL013C,0,-4.1830225,0.09986671060323715,0.9739999771118164,0.8779000043869019
YOR087W,YGR083C,0,-4.183106,0.09985646605491638,0.9739999771118164,0.878000020980835
YIL043C,YPL179W,0,-4.183799,0.0998462364077568,0.9739999771118164,0.8780999779701233
YNR048W,YBR028C,0,-4.1886454,0.09983599931001663,0.9739999771118164,0.8781999945640564
YHR204W,YML057W,0,-4.1927223,0.09982576966285706,0.9739999771118164,0.8783000111579895
YDR234W,YHL015W,0,-4.195335,0.09981553256511688,0.9739999771118164,0.8784000277519226
YDR111C,YNR033W,0,-4.195385,0.0998053103685379,0.9739999771118164,0.8784999847412109
YLR061W,YPR046W,0,-4.1961784,0.09979508072137833,0.9739999771118164,0.878600001335144
YGR178C,YPL262W,0,-4.1988277,0.09978485852479935,0.9739999771118164,0.8787000179290771
YHR035W,YER102W,0,-4.199453,0.09977463632822037,0.9739999771118164,0.8787999749183655
YLR239C,YLR259C,0,-4.199753,0.09976441413164139,0.9739999771118164,0.8788999915122986
YOR264W,YDR365C,0,-4.203046,0.099754199385643,0.9739999771118164,0.8790000081062317
YOR129C,YBR028C,0,-4.2038164,0.09974398463964462,0.9739999771118164,0.8791000247001648
YDL012C,YML055W,0,-4.204505,0.09973376989364624,0.9739999771118164,0.8791999816894531
YOR016C,YDR235W,0,-4.205448,0.09972356259822845,0.9739999771118164,0.8792999982833862
YHR194W,YFR030W,0,-4.2062554,0.09971334785223007,0.9739999771118164,0.8794000148773193
YIL167W,YGL049C,0,-4.2096486,0.09970314055681229,0.9739999771118164,0.8794999718666077
YGR103W,YLR413W,0,-4.2109776,0.0996929407119751,0.9739999771118164,0.8795999884605408
YMR275C,YER149C,0,-4.2116375,0.09968273341655731,0.9739999771118164,0.8797000050544739
YKL052C,YIL043C,0,-4.2118144,0.09967253357172012,0.9739999771118164,0.879800021648407
YMR313C,YMR074C,0,-4.216563,0.09966233372688293,0.9739999771118164,0.8798999786376953
YEL006W,YDR176W,0,-4.2175827,0.09965214133262634,0.9739999771118164,0.8799999952316284
YMR220W,YNL094W,0,-4.222553,0.09964194148778915,0.9739999771118164,0.8801000118255615
YGL073W,YLR019W,0,-4.22278,0.09963174909353256,0.9739999771118164,0.8802000284194946
YDR515W,YOL116W,0,-4.224137,0.09962156414985657,0.9739999771118164,0.880299985408783
YGR099W,YPL133C,0,-4.2242727,0.09961137175559998,0.9739999771118164,0.8804000020027161
YKL129C,YAL059W,0,-4.229164,0.09960118681192398,0.9739999771118164,0.8805000185966492
YDR188W,YHL011C,0,-4.2298565,0.09959100186824799,0.9739999771118164,0.8805999755859375
YPR097W,YMR313C,0,-4.231482,0.09958081692457199,0.9739999771118164,0.8806999921798706
YNL251C,YPR086W,0,-4.2319646,0.09957063943147659,0.9739999771118164,0.8808000087738037
YOL059W,YCR005C,0,-4.2357283,0.0995604619383812,0.9739999771118164,0.8809000253677368
YDR078C,YLR292C,0,-4.23707,0.0995502844452858,0.9739999771118164,0.8809999823570251
YEL005C,YKR053C,0,-4.2382345,0.099540114402771,0.9739999771118164,0.8810999989509583
YNL294C,YOR212W,1,-4.2382555,0.099632129073143,0.9750000238418579,0.8810999989509583
YGR078C,YPR067W,0,-4.240489,0.09962194412946701,0.9750000238418579,0.8812000155448914
YDL123W,YER015W,0,-4.2408295,0.09961176663637161,0.9750000238418579,0.8812999725341797
YNL190W,YPR134W,0,-4.243042,0.09960159659385681,0.9750000238418579,0.8813999891281128
YHR108W,YNL076W,0,-4.2435207,0.09959141910076141,0.9750000238418579,0.8815000057220459
YDR350C,YGR129W,0,-4.2454324,0.09958124905824661,0.9750000238418579,0.881600022315979
YJL162C,YOR341W,0,-4.2457356,0.09957107901573181,0.9750000238418579,0.8816999793052673
YML107C,YDR080W,0,-4.2465324,0.09956090897321701,0.9750000238418579,0.8817999958992004
YKR095W-A,YIR026C,0,-4.2471895,0.0995507463812828,0.9750000238418579,0.8819000124931335
YPR161C,YLL014W,0,-4.2490387,0.0995405837893486,0.9750000238418579,0.8820000290870667
YLR194C,YHR005C,0,-4.249084,0.0995304211974144,0.9750000238418579,0.882099986076355
YOR129C,YJR050W,0,-4.249159,0.0995202586054802,0.9750000238418579,0.8822000026702881
YLR239C,YNL133C,0,-4.2514286,0.09951010346412659,0.9750000238418579,0.8823000192642212
YER060W-A,YCR021C,0,-4.2514977,0.09949994832277298,0.9750000238418579,0.8823999762535095
YDR325W,YLL006W,0,-4.253874,0.09948979318141937,0.9750000238418579,0.8824999928474426
YDR513W,YLR190W,0,-4.254766,0.09947964549064636,0.9750000238418579,0.8826000094413757
YNL190W,YPL058C,0,-4.257918,0.09946949779987335,0.9750000238418579,0.8827000260353088
YMR243C,YFR025C,0,-4.258134,0.09945935010910034,0.9750000238418579,0.8827999830245972
YML067C,YDR268W,0,-4.258321,0.09944920241832733,0.9750000238418579,0.8828999996185303
YER102W,YKR072C,0,-4.2589,0.09943906217813492,0.9750000238418579,0.8830000162124634
YPL262W,YDR268W,0,-4.262959,0.0994289219379425,0.9750000238418579,0.8830999732017517
YGR204W,YER129W,0,-4.2630243,0.09941878169775009,0.9750000238418579,0.8831999897956848
YBR016W,YJL069C,0,-4.2684393,0.09940864890813828,0.9750000238418579,0.8833000063896179
YHR204W,YKL062W,0,-4.269511,0.09939850866794586,0.9750000238418579,0.883400022983551
YOR267C,YIL008W,0,-4.2709146,0.09938837587833405,0.9750000238418579,0.8834999799728394
YER139C,YMR001C,0,-4.2722163,0.09937825053930283,0.9750000238418579,0.8835999965667725
YLR315W,YKR031C,0,-4.273141,0.09936811774969101,0.9750000238418579,0.8837000131607056
YDL072C,YML045W,0,-4.273467,0.09935799241065979,0.9750000238418579,0.8838000297546387
YGL126W,YOR247W,0,-4.2748785,0.09934786707162857,0.9750000238418579,0.883899986743927
YNL194C,YML016C,0,-4.275339,0.09933774918317795,0.9750000238418579,0.8840000033378601
YCR105W,YLR292C,0,-4.2785554,0.09932763129472733,0.9750000238418579,0.8841000199317932
YLR044C,YNR055C,0,-4.2788286,0.0993175134062767,0.9750000238418579,0.8841999769210815
YPR057W,YGL194C,0,-4.278966,0.09930739551782608,0.9750000238418579,0.8842999935150146
YOR177C,YGL053W,0,-4.2823668,0.09929727762937546,0.9750000238418579,0.8844000101089478
YJL094C,YPL145C,0,-4.2841535,0.09928716719150543,0.9750000238418579,0.8845000267028809
YFL056C,YBR112C,0,-4.284744,0.0992770567536354,0.9750000238418579,0.8845999836921692
YLR054C,YDL087C,0,-4.284845,0.09926695376634598,0.9750000238418579,0.8847000002861023
YMR316W,YHR073W,1,-4.284933,0.09935864806175232,0.9760000109672546,0.8847000002861023
YDR145W,YBR101C,0,-4.2865586,0.0993485376238823,0.9760000109672546,0.8848000168800354
YLR361C,YOR113W,0,-4.287667,0.09933841973543167,0.9760000109672546,0.8848999738693237
YGR109W-A,YPR199C,0,-4.291403,0.09932830929756165,0.9760000109672546,0.8849999904632568
YML023C,YLR185W,0,-4.292328,0.09931820631027222,0.9760000109672546,0.8851000070571899
YDR471W,YLR248W,0,-4.2995296,0.09930809587240219,0.9760000109672546,0.885200023651123
YGR103W,YDL113C,0,-4.3016148,0.09929799288511276,0.9760000109672546,0.8852999806404114
YPR007C,YIL011W,0,-4.3076115,0.09928789734840393,0.9760000109672546,0.8853999972343445
YPR046W,YMR183C,0,-4.307908,0.0992777943611145,0.9760000109672546,0.8855000138282776
YGR082W,YOL061W,0,-4.3089323,0.09926769882440567,0.9760000109672546,0.8855999708175659
YEL020W-A,YAL007C,0,-4.309942,0.09925760328769684,0.9760000109672546,0.885699987411499
YGR244C,YPL173W,0,-4.3105235,0.099247507750988,0.9760000109672546,0.8858000040054321
YGL192W,YDR087C,0,-4.3106155,0.09923741966485977,0.9760000109672546,0.8859000205993652
YER060W-A,YKR031C,0,-4.3113475,0.09922733157873154,0.9760000109672546,0.8859999775886536
YFR049W,YIR031C,0,-4.3124065,0.0992172434926033,0.9760000109672546,0.8860999941825867
YDR235W,YOL051W,0,-4.313622,0.09920715540647507,0.9760000109672546,0.8862000107765198
YLR102C,YDR343C,0,-4.3151407,0.09919707477092743,0.9760000109672546,0.8863000273704529
YER038C,YNL068C,0,-4.3169036,0.09918699413537979,0.9760000109672546,0.8863999843597412
YPL001W,YLL053C,0,-4.318557,0.09917691349983215,0.9760000109672546,0.8865000009536743
YMR105C,YKL114C,0,-4.3201337,0.09916683286428452,0.9760000109672546,0.8866000175476074
YIL153W,YOL051W,0,-4.3224974,0.09915675967931747,0.9760000109672546,0.8866999745368958
YPL100W,YLR093C,0,-4.3227663,0.09914668649435043,0.9760000109672546,0.8867999911308289
YFR031C-A,YNL054W-A,0,-4.3259506,0.09913662075996399,0.9760000109672546,0.886900007724762
YDR345C,YKL080W,0,-4.3290606,0.09912654757499695,0.9760000109672546,0.8870000243186951
YGL053W,YLR150W,0,-4.329402,0.0991164818406105,0.9760000109672546,0.8870999813079834
YER109C,YJL216C,0,-4.3299427,0.09910641610622406,0.9760000109672546,0.8871999979019165
YNL173C,YDR210W-C,0,-4.3308277,0.09909635782241821,0.9760000109672546,0.8873000144958496
YBL007C,YPL173W,0,-4.3319564,0.09908629208803177,0.9760000109672546,0.8873999714851379
YPR158W-B,YMR225C,0,-4.3335185,0.09907623380422592,0.9760000109672546,0.887499988079071
YOL055C,YDR515W,0,-4.3336873,0.09906618297100067,0.9760000109672546,0.8876000046730042
YGL098W,YOR027W,0,-4.3364573,0.09905612468719482,0.9760000109672546,0.8877000212669373
YLR052W,YOL009C,0,-4.336979,0.09904607385396957,0.9760000109672546,0.8877999782562256
YCR031C,YCL039W,0,-4.338037,0.09903602302074432,0.9760000109672546,0.8878999948501587
YJL181W,YIL011W,0,-4.3394175,0.09902597218751907,0.9760000109672546,0.8880000114440918
YIL156W,YNL081C,0,-4.340782,0.09901592880487442,0.9760000109672546,0.8881000280380249
YAL007C,YIR031C,0,-4.344266,0.09900588542222977,0.9760000109672546,0.8881999850273132
YDR375C,YHR154W,0,-4.3455224,0.09899584203958511,0.9760000109672546,0.8883000016212463
YNL199C,YCL005W-A,0,-4.346052,0.09898579865694046,0.9760000109672546,0.8884000182151794
YNR019W,YGL116W,0,-4.3471756,0.0989757627248764,0.9760000109672546,0.8884999752044678
YKL145W,YHR194W,0,-4.349729,0.09896572679281235,0.9760000109672546,0.8885999917984009
YDR276C,YDL211C,0,-4.3511324,0.09895569086074829,0.9760000109672546,0.888700008392334
YBR188C,YNL216W,0,-4.352913,0.09894566237926483,0.9760000109672546,0.8888000249862671
YDL072C,YJR084W,0,-4.3574104,0.09893563389778137,0.9760000109672546,0.8888999819755554
YLR324W,YPL210C,0,-4.3579617,0.09892560541629791,0.9760000109672546,0.8889999985694885
YJR052W,YCR005C,0,-4.3631115,0.09891557693481445,0.9760000109672546,0.8891000151634216
YIL007C,YJL098W,0,-4.363888,0.09890555590391159,0.9760000109672546,0.88919997215271
YER177W,YLR417W,0,-4.3660083,0.09889553487300873,0.9760000109672546,0.8892999887466431
YNL045W,YGL129C,0,-4.369507,0.09888551384210587,0.9760000109672546,0.8894000053405762
YML086C,YER155C,0,-4.3696914,0.098875492811203,0.9760000109672546,0.8895000219345093
YNL294C,YMR116C,1,-4.3698125,0.09896677732467651,0.9769999980926514,0.8895000219345093
YGL167C,YLR337C,0,-4.3706827,0.09895674884319305,0.9769999980926514,0.8895999789237976
YCR031C,YDR259C,0,-4.3719883,0.09894672781229019,0.9769999980926514,0.8896999955177307
YOR189W,YLR061W,0,-4.3764925,0.09893670678138733,0.9769999980926514,0.8898000121116638
YGR103W,YOL086W-A,0,-4.379736,0.09892669320106506,0.9769999980926514,0.8899000287055969
YDR145W,YLR115W,0,-4.3804607,0.0989166721701622,0.9769999980926514,0.8899999856948853
YCL017C,YIL011W,0,-4.3846197,0.09890665858983994,0.9769999980926514,0.8901000022888184
YBR279W,YPR161C,0,-4.38484,0.09889665246009827,0.9769999980926514,0.8902000188827515
YIL014W,YNL068C,0,-4.3858657,0.098886638879776,0.9769999980926514,0.8902999758720398
YLL024C,YDL046W,0,-4.3865376,0.09887663275003433,0.9769999980926514,0.8903999924659729
YER014W,YLL018C-A,0,-4.3891706,0.09886662662029266,0.9769999980926514,0.890500009059906
YOR079C,YKL063C,0,-4.389965,0.098856620490551,0.9769999980926514,0.8906000256538391
YLR054C,YDL149W,0,-4.3930464,0.09884662181138992,0.9769999980926514,0.8906999826431274
YGL115W,YJR052W,0,-4.393424,0.09883662313222885,0.9769999980926514,0.8907999992370605
YLR189C,YML047C,0,-4.3941245,0.09882662445306778,0.9769999980926514,0.8909000158309937
YOL154W,YEL027W,0,-4.3985524,0.09881662577390671,0.9769999980926514,0.890999972820282
YOL126C,YLR093C,0,-4.4012985,0.09880663454532623,0.9769999980926514,0.8910999894142151
YER053C-A,YLR068W,0,-4.40149,0.09879664331674576,0.9769999980926514,0.8912000060081482
YKL197C,YIR031C,0,-4.4023886,0.09878665208816528,0.9769999980926514,0.8913000226020813
YLR058C,YNR037C,0,-4.4029803,0.0987766683101654,0.9769999980926514,0.8913999795913696
YNL183C,YDR375C,0,-4.4071336,0.09876667708158493,0.9769999980926514,0.8914999961853027
YBR069C,YIL068C,0,-4.409375,0.09875669330358505,0.9769999980926514,0.8916000127792358
YNL024C,YLR313C,0,-4.412657,0.09874671697616577,0.9769999980926514,0.891700029373169
YOR343C-A,YCL035C,0,-4.4159107,0.0987367331981659,0.9769999980926514,0.8917999863624573
YDR469W,YGL198W,0,-4.416953,0.09872675687074661,0.9769999980926514,0.8919000029563904
YLR324W,YDR200C,0,-4.419033,0.09871678054332733,0.9769999980926514,0.8920000195503235
YKR053C,YLR067C,0,-4.419063,0.09870681166648865,0.9769999980926514,0.8920999765396118
YDR545W,YOR254C,0,-4.421026,0.09869683533906937,0.9769999980926514,0.8921999931335449
YNL286W,YGR170W,0,-4.423246,0.09868686646223068,0.9769999980926514,0.892300009727478
YNL068C,YKL114C,0,-4.4241114,0.0986769050359726,0.9769999980926514,0.8924000263214111
YNL133C,YDL134C,0,-4.427906,0.09866693615913391,0.9769999980926514,0.8924999833106995
YPR120C,YKL040C,0,-4.4296374,0.09865697473287582,0.9769999980926514,0.8925999999046326
YGL126W,YIL148W,0,-4.4296837,0.09864701330661774,0.9769999980926514,0.8927000164985657
YBR109C,YDL087C,0,-4.4315953,0.09863705188035965,0.9769999980926514,0.892799973487854
YDR468C,YKL060C,0,-4.4362583,0.09862709790468216,0.9769999980926514,0.8928999900817871
YIL052C,YGL139W,0,-4.438813,0.09861713647842407,0.9769999980926514,0.8930000066757202
YFR040W,YBR188C,0,-4.439521,0.09860718250274658,0.9769999980926514,0.8931000232696533
YBR181C,YNL118C,0,-4.440494,0.09859723597764969,0.9769999980926514,0.8931999802589417
YJR150C,YDR108W,0,-4.4411335,0.0985872820019722,0.9769999980926514,0.8932999968528748
YKR085C,YHR149C,0,-4.4415445,0.0985773354768753,0.9769999980926514,0.8934000134468079
YNL294C,YHR111W,1,-4.4435167,0.09866827726364136,0.9779999852180481,0.8934000134468079
YLR248W,YKL081W,0,-4.4472528,0.09865833073854446,0.9779999852180481,0.8934999704360962
YHL031C,YDR276C,0,-4.447581,0.09864837676286697,0.9779999852180481,0.8935999870300293
YLR293C,YCL067C,0,-4.4493074,0.09863843023777008,0.9779999852180481,0.8937000036239624
YIL069C,YHL021C,0,-4.449724,0.09862847626209259,0.9779999852180481,0.8938000202178955
YDL093W,YDL123W,0,-4.4504547,0.0986185371875763,0.9779999852180481,0.8938999772071838
YNL176C,YOR271C,0,-4.4509883,0.0986085906624794,0.9779999852180481,0.8939999938011169
YOL055C,YDL093W,0,-4.452688,0.0985986515879631,0.9779999852180481,0.89410001039505
YJR132W,YBR188C,0,-4.4541116,0.09858871251344681,0.9779999852180481,0.8942000269889832
YNL233W,YNL029C,0,-4.4556994,0.09857877343893051,0.9779999852180481,0.8942999839782715
YDR323C,YKL081W,0,-4.4595985,0.09856883436441422,0.9779999852180481,0.8944000005722046
YJL212C,YHR214C-C,0,-4.459923,0.09855890274047852,0.9779999852180481,0.8945000171661377
YKR089C,YNL118C,0,-4.4621477,0.09854897111654282,0.9779999852180481,0.894599974155426
YOR236W,YBR181C,0,-4.4636745,0.09853903949260712,0.9779999852180481,0.8946999907493591
YLL024C,YBR146W,0,-4.4640117,0.09852911531925201,0.9779999852180481,0.8948000073432922
YDR350C,YLR017W,0,-4.4644365,0.09851919114589691,0.9779999852180481,0.8949000239372253
YPR105C,YIL123W,0,-4.4648,0.09850926697254181,0.9779999852180481,0.8949999809265137
YDL134C-A,YGL093W,0,-4.4655867,0.0984993427991867,0.9779999852180481,0.8950999975204468
YDR367W,YBL091C,0,-4.4736733,0.0984894260764122,0.9779999852180481,0.8952000141143799
YIL030C,YGR003W,0,-4.47468,0.0984795093536377,0.9779999852180481,0.8952999711036682
YBR181C,YNL251C,0,-4.4793253,0.09846959263086319,0.9779999852180481,0.8953999876976013
YOL132W,YLR417W,0,-4.482816,0.09845968335866928,0.9779999852180481,0.8955000042915344
YML120C,YHR073W,0,-4.482911,0.09844976663589478,0.9779999852180481,0.8956000208854675
YNR059W,YPL097W,0,-4.486045,0.09843985736370087,0.9779999852180481,0.8956999778747559
YGR003W,YCR038C,0,-4.4896445,0.09842994809150696,0.9779999852180481,0.895799994468689
YFR030W,YLL057C,0,-4.4915524,0.09842004626989365,0.9779999852180481,0.8959000110626221
YKR096W,YNR071C,0,-4.4928412,0.09841014444828033,0.9779999852180481,0.8960000276565552
YCL005W-A,YGL093W,0,-4.4947786,0.09840024262666702,0.9779999852180481,0.8960999846458435
YBR046C,YER081W,0,-4.4976864,0.09839034080505371,0.9779999852180481,0.8962000012397766
YCL068C,YKR049C,0,-4.5007434,0.098380446434021,0.9779999852180481,0.8963000178337097
YKL006C-A,YER109C,0,-4.5033836,0.09837055206298828,0.9779999852180481,0.896399974822998
YGR253C,YFR053C,0,-4.5045605,0.09836065769195557,0.9779999852180481,0.8964999914169312
YGL139W,YCL039W,0,-4.5055914,0.09835076332092285,0.9779999852180481,0.8966000080108643
YBR218C,YLR093C,0,-4.507163,0.09834087640047073,0.9779999852180481,0.8967000246047974
YMR316W,YER109C,1,-4.507628,0.0984315276145935,0.9789999723434448,0.8967000246047974
YBR130C,YFL035C-A,0,-4.5077505,0.09842163324356079,0.9789999723434448,0.8967999815940857
YOR334W,YDR023W,0,-4.508496,0.09841173887252808,0.9789999723434448,0.8968999981880188
YDR480W,YPL203W,1,-4.5104036,0.09850236028432846,0.9800000190734863,0.8968999981880188
YJR052W,YBR034C,0,-4.511461,0.09849246591329575,0.9800000190734863,0.8970000147819519
YHL028W,YLR006C,0,-4.5133276,0.09848256409168243,0.9800000190734863,0.8970999717712402
YGR244C,YNR055C,0,-4.516996,0.09847266972064972,0.9800000190734863,0.8971999883651733
YNL233W,YGL111W,0,-4.5179634,0.098462775349617,0.9800000190734863,0.8973000049591064
YER177W,YFR010W,0,-4.5196037,0.09845288097858429,0.9800000190734863,0.8974000215530396
YEL001C,YBR023C,0,-4.521225,0.09844299405813217,0.9800000190734863,0.8974999785423279
YAL059W,YKR049C,0,-4.523888,0.09843310713768005,0.9800000190734863,0.897599995136261
YCR107W,YPR086W,0,-4.523985,0.09842322021722794,0.9800000190734863,0.8977000117301941
YGR193C,YGL129C,0,-4.5253487,0.09841333329677582,0.9800000190734863,0.8978000283241272
YIL005W,YNR059W,0,-4.5256305,0.0984034538269043,0.9800000190734863,0.8978999853134155
YNL294C,YPL049C,1,-4.5262938,0.09849397838115692,0.9810000061988831,0.8978999853134155
YFR024C,YEL019C,0,-4.5304527,0.0984840914607048,0.9810000061988831,0.8980000019073486
YHR205W,YMR175W,0,-4.5308304,0.09847420454025269,0.9810000061988831,0.8981000185012817
YOR049C,YDR280W,0,-4.5329022,0.09846431761980057,0.9810000061988831,0.8981999754905701
YIL036W,YDR325W,0,-4.533491,0.09845443814992905,0.9810000061988831,0.8982999920845032
YMR313C,YPL253C,0,-4.5345764,0.09844455868005753,0.9810000061988831,0.8984000086784363
YKL149C,YGL226W,0,-4.540353,0.098434679210186,0.9810000061988831,0.8985000252723694
YMR207C,YDR005C,0,-4.5464044,0.09842479974031448,0.9810000061988831,0.8985999822616577
YPL049C,YER109C,1,-4.5473313,0.09851524978876114,0.9819999933242798,0.8985999822616577
YGL018C,YKL063C,0,-4.550009,0.09850537031888962,0.9819999933242798,0.8986999988555908
YMR158W,YDR273W,0,-4.553111,0.0984954833984375,0.9819999933242798,0.8988000154495239
YHR204W,YKL099C,0,-4.5535874,0.09848561137914658,0.9819999933242798,0.8988999724388123
YKL060C,YGR030C,0,-4.555004,0.09847573190927505,0.9819999933242798,0.8989999890327454
YPL171C,YPL040C,0,-4.555988,0.09846585988998413,0.9819999933242798,0.8991000056266785
YFR031C-A,YHR108W,0,-4.5588965,0.0984559878706932,0.9819999933242798,0.8992000222206116
YGL073W,YHR170W,0,-4.5621204,0.09844611585140228,0.9819999933242798,0.8992999792098999
YGL096W,YDL076C,0,-4.562645,0.09843624383211136,0.9819999933242798,0.899399995803833
YMR205C,YDR438W,0,-4.563571,0.09842637926340103,0.9819999933242798,0.8995000123977661
YNL051W,YNL286W,0,-4.5677857,0.0984165146946907,0.9819999933242798,0.8996000289916992
YOR158W,YMR237W,0,-4.5692725,0.09840665757656097,0.9819999933242798,0.8996999859809875
YMR175W,YKR100C,0,-4.570581,0.09839679300785065,0.9819999933242798,0.8998000025749207
YLR417W,YOR158W,0,-4.57263,0.09838693588972092,0.9819999933242798,0.8999000191688538
YML092C,YNR019W,0,-4.5729766,0.09837707877159119,0.9819999933242798,0.8999999761581421
YER032W,YDR080W,0,-4.5736594,0.09836722165346146,0.9819999933242798,0.9000999927520752
YKR049C,YFL018W-A,0,-4.5737987,0.09835737198591232,0.9819999933242798,0.9002000093460083
YJR102C,YGL171W,0,-4.574835,0.09834752231836319,0.9819999933242798,0.9003000259399414
YJR042W,YAL028W,0,-4.57611,0.09833767265081406,0.9819999933242798,0.9003999829292297
YDR500C,YNR037C,0,-4.5795784,0.09832782298326492,0.9819999933242798,0.9004999995231628
YDL087C,YHR014W,0,-4.5827756,0.09831798076629639,0.9819999933242798,0.900600016117096
YCR058C,YLR409C,0,-4.5830784,0.09830813854932785,0.9819999933242798,0.9006999731063843
YNL076W,YOL061W,0,-4.5840473,0.09829829633235931,0.9819999933242798,0.9007999897003174
YBR233W-A,YDL235C,0,-4.5865974,0.09828846156597137,0.9819999933242798,0.9009000062942505
YJL162C,YDR375C,0,-4.586933,0.09827861934900284,0.9819999933242798,0.9010000228881836
YBL056W,YEL006W,0,-4.5879908,0.0982687845826149,0.9819999933242798,0.9010999798774719
YCR031C,YBL047C,0,-4.5906878,0.09825895726680756,0.9819999933242798,0.901199996471405
YKL058W,YOR335C,0,-4.5910482,0.09824912250041962,0.9819999933242798,0.9013000130653381
YPL210C,YJL035C,0,-4.593893,0.09823929518461227,0.9819999933242798,0.9014000296592712
YIL154C,YJL197W,0,-4.597107,0.09822946786880493,0.9819999933242798,0.9014999866485596
YNL286W,YGL053W,0,-4.599678,0.09821964055299759,0.9819999933242798,0.9016000032424927
YER031C,YDL076C,0,-4.5996943,0.09820982068777084,0.9819999933242798,0.9017000198364258
YKR100C,YLR451W,0,-4.6026917,0.0982000008225441,0.9819999933242798,0.9017999768257141
YIL005W,YER032W,0,-4.603186,0.09819018095731735,0.9819999933242798,0.9018999934196472
YPL171C,YBL091C,0,-4.60353,0.0981803610920906,0.9819999933242798,0.9020000100135803
YLL018C,YPR175W,0,-4.6071134,0.09817054867744446,0.9819999933242798,0.9021000266075134
YCR021C,YER081W,0,-4.614237,0.09816073626279831,0.9819999933242798,0.9021999835968018
YNL284C-B,YHR202W,0,-4.614504,0.09815092384815216,0.9819999933242798,0.9023000001907349
YPL176C,YPR007C,0,-4.6172295,0.09814111888408661,0.9819999933242798,0.902400016784668
YIL013C,YIL148W,0,-4.619326,0.09813130646944046,0.9819999933242798,0.9024999737739563
YER060W-A,YDL123W,0,-4.6196885,0.09812150150537491,0.9819999933242798,0.9025999903678894
YNL243W,YOR316C,0,-4.6205306,0.09811169654130936,0.9819999933242798,0.9027000069618225
YOR011W,YFR034C,0,-4.620706,0.0981018990278244,0.9819999933242798,0.9028000235557556
YHR122W,YKL196C,0,-4.6215277,0.09809210151433945,0.9819999933242798,0.902899980545044
YDL098C,YDR257C,0,-4.6226244,0.09808230400085449,0.9819999933242798,0.902999997138977
YPL248C,YOR048C,0,-4.6229258,0.09807250648736954,0.9819999933242798,0.9031000137329102
YHR148W,YDR438W,0,-4.6251507,0.09806270897388458,0.9819999933242798,0.9031999707221985
YPL173W,YBR162C,0,-4.625186,0.09805291891098022,0.9819999933242798,0.9032999873161316
YKL129C,YDR292C,0,-4.6267395,0.09804312884807587,0.9819999933242798,0.9034000039100647
YBL100W-B,YGL107C,0,-4.627494,0.0980333462357521,0.9819999933242798,0.9035000205039978
YER155C,YHR114W,0,-4.6367655,0.09802355617284775,0.9819999933242798,0.9035999774932861
YKL196C,YMR133W,0,-4.640999,0.09801377356052399,0.9819999933242798,0.9036999940872192
YER108C,YBR095C,1,-4.641489,0.09810379147529602,0.9829999804496765,0.9036999940872192
YJR049C,YML061C,0,-4.642345,0.09809400141239166,0.9829999804496765,0.9038000106811523
YPL004C,YGL167C,0,-4.6445427,0.0980842113494873,0.9829999804496765,0.9039000272750854
YER023W,YBR162C,0,-4.6452656,0.09807442873716354,0.9829999804496765,0.9039999842643738
YER062C,YGL243W,0,-4.6462145,0.09806464612483978,0.9829999804496765,0.9041000008583069
YDR515W,YJL179W,0,-4.6511884,0.09805486351251602,0.9829999804496765,0.90420001745224
YKL029C,YNL054W-A,0,-4.651607,0.09804508090019226,0.9829999804496765,0.9042999744415283
YOR009W,YER167W,0,-4.653607,0.0980353057384491,0.9829999804496765,0.9043999910354614
YLR093C,YLR023C,0,-4.65532,0.09802553057670593,0.9829999804496765,0.9045000076293945
YOR343C-A,YJL083W,0,-4.6561894,0.09801575541496277,0.9829999804496765,0.9046000242233276
YJR084W,YIL005W,0,-4.658595,0.0980059802532196,0.9829999804496765,0.904699981212616
YPL115C,YBR016W,0,-4.6605434,0.09799621254205704,0.9829999804496765,0.9047999978065491
YKR100C,YOR048C,0,-4.663082,0.09798644483089447,0.9829999804496765,0.9049000144004822
YOL055C,YDR217C,0,-4.663265,0.0979766771197319,0.9829999804496765,0.9049999713897705
YGL231C,YCL001W,0,-4.663772,0.09796690940856934,0.9829999804496765,0.9050999879837036
YHR150W,YDR273W,0,-4.666193,0.09795714914798737,0.9829999804496765,0.9052000045776367
YLR017W,YKR083C,0,-4.668106,0.0979473888874054,0.9829999804496765,0.9053000211715698
YIL153W,YPL193W,0,-4.668341,0.09793762862682343,0.9829999804496765,0.9053999781608582
YFR016C,YLR451W,0,-4.6725807,0.09792787581682205,0.9829999804496765,0.9054999947547913
YJR102C,YML004C,0,-4.6728764,0.09791812300682068,0.9829999804496765,0.9056000113487244
YER038C,YOR359W,0,-4.6736364,0.0979083701968193,0.9829999804496765,0.9057000279426575
YNL103W,YPR143W,0,-4.674222,0.09789861738681793,0.9829999804496765,0.9057999849319458
YDL113C,YHL050C,0,-4.6766987,0.09788886457681656,0.9829999804496765,0.9059000015258789
YKL110C,YER093C,0,-4.6771703,0.09787911921739578,0.9829999804496765,0.906000018119812
YPR106W,YCL039W,0,-4.677454,0.097869373857975,0.9829999804496765,0.9060999751091003
YDL105W,YHR118C,0,-4.6821346,0.09785962849855423,0.9829999804496765,0.9061999917030334
YMR175W,YLR347C,0,-4.6825557,0.09784989058971405,0.9829999804496765,0.9063000082969666
YJR046W,YJL173C,0,-4.682811,0.09784015268087387,0.9829999804496765,0.9064000248908997
YJL021C,YBR091C,0,-4.6848917,0.09783041477203369,0.9829999804496765,0.906499981880188
YGR193C,YML081W,0,-4.6887507,0.09782067686319351,0.9829999804496765,0.9065999984741211
YML057W,YER129W,0,-4.68891,0.09781094640493393,0.9829999804496765,0.9067000150680542
YLR118C,YDR100W,0,-4.691967,0.09780121594667435,0.9829999804496765,0.9067999720573425
YGL087C,YAL051W,0,-4.6928782,0.09779148548841476,0.9829999804496765,0.9068999886512756
YIL030C,YIL014W,0,-4.6930532,0.09778175503015518,0.9829999804496765,0.9070000052452087
YHL050C,YDR135C,0,-4.6980615,0.0977720320224762,0.9829999804496765,0.9071000218391418
YGL005C,YOR048C,0,-4.7018127,0.09776230901479721,0.9829999804496765,0.9071999788284302
YJR131W,YKL040C,0,-4.7036486,0.09775258600711823,0.9829999804496765,0.9072999954223633
YOR090C,YKL014C,0,-4.706161,0.09774286299943924,0.9829999804496765,0.9074000120162964
YNL263C,YOR016C,0,-4.7106805,0.09773314744234085,0.9829999804496765,0.9075000286102295
YJR046W,YBL005W,0,-4.711821,0.09772343188524246,0.9829999804496765,0.9075999855995178
YKL155C,YER127W,0,-4.7121334,0.09771371632814407,0.9829999804496765,0.9077000021934509
YOR068C,YHL003C,0,-4.7161665,0.09770400822162628,0.9829999804496765,0.907800018787384
YPR175W,YPR155C,0,-4.7163897,0.0976942926645279,0.9829999804496765,0.9078999757766724
YBL007C,YPL254W,0,-4.719989,0.0976845845580101,0.9829999804496765,0.9079999923706055
YPR128C,YPL040C,0,-4.7233377,0.0976748839020729,0.9829999804496765,0.9081000089645386
YNL294C,YGL121C,1,-4.72416,0.0977645292878151,0.984000027179718,0.9081000089645386
YLR039C,YDR028C,0,-4.7253246,0.0977548211812973,0.984000027179718,0.9082000255584717
YOR267C,YPL001W,0,-4.726605,0.09774510562419891,0.984000027179718,0.90829998254776
YML067C,YBL038W,0,-4.72665,0.09773539751768112,0.984000027179718,0.9083999991416931
YPL248C,YBR168W,0,-4.728813,0.09772568941116333,0.984000027179718,0.9085000157356262
YDR490C,YLR284C,0,-4.729541,0.09771598875522614,0.984000027179718,0.9085999727249146
YNR032C-A,YBR005W,0,-4.735715,0.09770628809928894,0.984000027179718,0.9086999893188477
YLR333C,YIL033C,0,-4.7360516,0.09769658744335175,0.984000027179718,0.9088000059127808
YLR377C,YOR250C,0,-4.736388,0.09768688678741455,0.984000027179718,0.9089000225067139
YCR024C,YGR253C,0,-4.7384553,0.09767718613147736,0.984000027179718,0.9089999794960022
YDR002W,YOL078W,0,-4.739171,0.09766749292612076,0.984000027179718,0.9090999960899353
YDL240W,YIL030C,0,-4.7407265,0.09765779972076416,0.984000027179718,0.9092000126838684
YKL132C,YKL051W,0,-4.7409153,0.09764810651540756,0.984000027179718,0.9093000292778015
YCR016W,YIL144W,0,-4.745457,0.09763842076063156,0.984000027179718,0.9093999862670898
YIL120W,YLR093C,0,-4.7462254,0.09762873500585556,0.984000027179718,0.909500002861023
YDR028C,YNL066W,0,-4.7468624,0.09761904925107956,0.984000027179718,0.909600019454956
YHR148W,YJR150C,0,-4.749376,0.09760936349630356,0.984000027179718,0.9096999764442444
YGL061C,YOR086C,0,-4.7500725,0.09759968519210815,0.984000027179718,0.9097999930381775
YOR049C,YHR190W,0,-4.7520456,0.09758999943733215,0.984000027179718,0.9099000096321106
YDR004W,YDR397C,0,-4.7550273,0.09758032858371735,0.984000027179718,0.9100000262260437
YBR086C,YHR170W,0,-4.755747,0.09757065027952194,0.984000027179718,0.910099983215332
YMR040W,YNL081C,0,-4.7561502,0.09756097197532654,0.984000027179718,0.9101999998092651
YER072W,YKL087C,0,-4.7570276,0.09755130112171173,0.984000027179718,0.9103000164031982
YPR174C,YBR301W,0,-4.759231,0.09754163026809692,0.984000027179718,0.9103999733924866
YIL144W,YPR174C,0,-4.759231,0.09753196686506271,0.984000027179718,0.9104999899864197
YER033C,YGL105W,0,-4.7594113,0.0975222960114479,0.984000027179718,0.9106000065803528
YMR041C,YCL039W,0,-4.759543,0.0975126326084137,0.984000027179718,0.9107000231742859
YJL180C,YPL117C,0,-4.759576,0.09750296920537949,0.984000027179718,0.9107999801635742
YMR053C,YER179W,0,-4.760423,0.09749331325292587,0.984000027179718,0.9108999967575073
YOR101W,YNL176C,0,-4.7610927,0.09748365730047226,0.984000027179718,0.9110000133514404
YKR053C,YOR079C,0,-4.7641315,0.09747399389743805,0.984000027179718,0.9110999703407288
YDR513W,YOR195W,0,-4.768253,0.09746434539556503,0.984000027179718,0.9111999869346619
YBR016W,YKL197C,0,-4.7688417,0.09745468944311142,0.984000027179718,0.911300003528595
YGR003W,YOL052C-A,0,-4.7715855,0.0974450409412384,0.984000027179718,0.9114000201225281
YIL056W,YBR015C,0,-4.772839,0.09743539243936539,0.984000027179718,0.9114999771118164
YKR052C,YBL025W,0,-4.7733226,0.09742574393749237,0.984000027179718,0.9115999937057495
YPR017C,YBL072C,0,-4.773882,0.09741609543561935,0.984000027179718,0.9117000102996826
YDL091C,YMR125W,0,-4.7768297,0.09740645438432693,0.984000027179718,0.9118000268936157
YIL096C,YCR018C,0,-4.78209,0.09739681333303452,0.984000027179718,0.911899983882904
YPR003C,YNL164C,0,-4.787039,0.0973871722817421,0.984000027179718,0.9120000004768372
YGR024C,YDR406W,0,-4.788416,0.09737753868103027,0.984000027179718,0.9121000170707703
YGR235C,YNL029C,0,-4.7944927,0.09736789762973785,0.984000027179718,0.9121999740600586
YNL062C,YBL072C,0,-4.7957597,0.09735826402902603,0.984000027179718,0.9122999906539917
YLR118C,YNL194C,0,-4.796355,0.0973486378788948,0.984000027179718,0.9124000072479248
YCR091W,YBR180W,0,-4.7971125,0.09733900427818298,0.984000027179718,0.9125000238418579
YKL026C,YOR272W,0,-4.7994714,0.09732937812805176,0.984000027179718,0.9125999808311462
YDR375C,YJR123W,0,-4.800606,0.09731975197792053,0.984000027179718,0.9126999974250793
YFR049W,YBR188C,0,-4.807952,0.0973101258277893,0.984000027179718,0.9128000140190125
YOL012C,YKL138C,0,-4.808885,0.09730050712823868,0.984000027179718,0.9128999710083008
YBR069C,YDR359C,0,-4.809184,0.09729088097810745,0.984000027179718,0.9129999876022339
YPL169C,YPL224C,0,-4.8148184,0.09728126227855682,0.984000027179718,0.913100004196167
YGR217W,YDR007W,0,-4.8179,0.09727165102958679,0.984000027179718,0.9132000207901001
YIL030C,YHR193C,0,-4.819077,0.09726203233003616,0.984000027179718,0.9132999777793884
YHR150W,YOL116W,0,-4.823886,0.09725242108106613,0.984000027179718,0.9133999943733215
YKR031C,YNL081C,0,-4.8277287,0.0972428098320961,0.984000027179718,0.9135000109672546
YNL181W,YDR110W,0,-4.8288293,0.09723319858312607,0.984000027179718,0.9136000275611877
YEL018W,YMR055C,0,-4.8294554,0.09722359478473663,0.984000027179718,0.9136999845504761
YGR212W,YLR249W,0,-4.8321204,0.0972139909863472,0.984000027179718,0.9138000011444092
YKR089C,YGR266W,0,-4.8323946,0.09720438718795776,0.984000027179718,0.9139000177383423
YGR078C,YFR040W,0,-4.8346214,0.09719478338956833,0.984000027179718,0.9139999747276306
YDR213W,YKL060C,0,-4.8350697,0.09718518704175949,0.984000027179718,0.9140999913215637
YBR131W,YER015W,0,-4.835354,0.09717559069395065,0.984000027179718,0.9142000079154968
YHR108W,YGR129W,0,-4.837886,0.09716599434614182,0.984000027179718,0.9143000245094299
YCR031C,YML055W,0,-4.83898,0.09715639799833298,0.984000027179718,0.9143999814987183
YHR158C,YBR065C,0,-4.8391,0.09714680910110474,0.984000027179718,0.9144999980926514
YOR027W,YOR157C,0,-4.8406878,0.0971372127532959,0.984000027179718,0.9146000146865845
YCR031C,YGL115W,0,-4.84508,0.09712763130664825,0.984000027179718,0.9146999716758728
YOR090C,YBR149W,0,-4.845147,0.09711804240942001,0.984000027179718,0.9147999882698059
YOR004W,YER093C,0,-4.8472004,0.09710846096277237,0.984000027179718,0.914900004863739
YLR362W,YHR073W,1,-4.850422,0.09719755500555038,0.9850000143051147,0.914900004863739
YDR422C,YDR105C,0,-4.85312,0.09718796610832214,0.9850000143051147,0.9150000214576721
YAL007C,YNR055C,0,-4.8553867,0.0971783772110939,0.9850000143051147,0.9150999784469604
YNR048W,YML047C,0,-4.8571224,0.09716878831386566,0.9850000143051147,0.9151999950408936
YDR482C,YDR273W,0,-4.8582096,0.09715919941663742,0.9850000143051147,0.9153000116348267
YJL059W,YDR375C,0,-4.865217,0.09714961796998978,0.9850000143051147,0.9154000282287598
YNL137C,YIL098C,0,-4.8662457,0.09714003652334213,0.9850000143051147,0.9154999852180481
YHR035W,YDL134C-A,0,-4.8687983,0.09713046252727509,0.9850000143051147,0.9156000018119812
YBR130C,YDR399W,0,-4.871935,0.09712088108062744,0.9850000143051147,0.9157000184059143
YER142C,YML086C,0,-4.872439,0.0971113070845604,0.9850000143051147,0.9157999753952026
YAL002W,YBR045C,0,-4.8730016,0.09710173308849335,0.9850000143051147,0.9158999919891357
YMR175W,YJL098W,0,-4.8730073,0.0970921665430069,0.9850000143051147,0.9160000085830688
YFL035C-B,YHR020W,0,-4.8730664,0.09708259254693985,0.9850000143051147,0.916100025177002
YKL029C,YGR060W,0,-4.878955,0.0970730260014534,0.9850000143051147,0.9161999821662903
YFR010W,YOR319W,0,-4.881512,0.09706345945596695,0.9850000143051147,0.9162999987602234
YLL024C,YML076C,0,-4.884408,0.0970539003610611,0.9850000143051147,0.9164000153541565
YBR112C,YDR273W,0,-4.887149,0.09704433381557465,0.9850000143051147,0.9164999723434448
YPL234C,YML076C,0,-4.8876295,0.09703477472066879,0.9850000143051147,0.9165999889373779
YLR185W,YNL287W,0,-4.8877287,0.09702521562576294,0.9850000143051147,0.916700005531311
YPL146C,YBR045C,0,-4.8938107,0.09701566398143768,0.9850000143051147,0.9168000221252441
YBL063W,YGL016W,0,-4.8963327,0.09700610488653183,0.9850000143051147,0.9168999791145325
YER139C,YGL240W,0,-4.897568,0.09699655324220657,0.9850000143051147,0.9169999957084656
YJR150C,YHR090C,0,-4.898038,0.09698700159788132,0.9850000143051147,0.9171000123023987
YDR098C,YGL231C,0,-4.905168,0.09697745740413666,0.9850000143051147,0.9172000288963318
YML023C,YOR068C,0,-4.9089746,0.0969679057598114,0.9850000143051147,0.9172999858856201
YOR252W,YGR083C,0,-4.9108467,0.09695836156606674,0.9850000143051147,0.9174000024795532
YEL048C,YBR049C,0,-4.9117208,0.09694881737232208,0.9850000143051147,0.9175000190734863
YOL121C,YOR372C,0,-4.9133687,0.09693928062915802,0.9850000143051147,0.9175999760627747
YDR517W,YGR030C,0,-4.921399,0.09692973643541336,0.9850000143051147,0.9176999926567078
YDR098C,YHR194W,0,-4.923402,0.0969201996922493,0.9850000143051147,0.9178000092506409
YDL091C,YDR201W,0,-4.928685,0.09691066294908524,0.9850000143051147,0.917900025844574
YCR035C,YMR183C,0,-4.9338913,0.09690113365650177,0.9850000143051147,0.9179999828338623
YDR040C,YJL083W,0,-4.934711,0.09689159691333771,0.9850000143051147,0.9180999994277954
YNL054W,YLR067C,0,-4.935176,0.09688206762075424,0.9850000143051147,0.9182000160217285
YGL104C,YLR361C,0,-4.9383225,0.09687253832817078,0.9850000143051147,0.9182999730110168
YDR080W,YFR030W,0,-4.939683,0.09686301648616791,0.9850000143051147,0.91839998960495
YER028C,YML031W,0,-4.942116,0.09685348719358444,0.9850000143051147,0.9185000061988831
YDR178W,YKL054C,0,-4.9421763,0.09684396535158157,0.9850000143051147,0.9186000227928162
YJL173C,YOR249C,0,-4.944532,0.0968344509601593,0.9850000143051147,0.9186999797821045
YPL126W,YGR161C,0,-4.946875,0.09682492911815643,0.9850000143051147,0.9187999963760376
YJL057C,YKL145W,0,-4.946972,0.09681541472673416,0.9850000143051147,0.9189000129699707
YNL051W,YKR099W,0,-4.947693,0.09680590033531189,0.9850000143051147,0.9190000295639038
YJR049C,YGL192W,0,-4.9477034,0.09679638594388962,0.9850000143051147,0.9190999865531921
YEL005C,YKL110C,0,-4.948638,0.09678687155246735,0.9850000143051147,0.9192000031471252
YKR049C,YOL095C,0,-4.950033,0.09677736461162567,0.9850000143051147,0.9193000197410583
YJR120W,YBL035C,0,-4.95298,0.096767857670784,0.9850000143051147,0.9193999767303467
YNL183C,YER060W-A,0,-4.9550686,0.09675835072994232,0.9850000143051147,0.9194999933242798
YNL045W,YCR036W,0,-4.959597,0.09674884378910065,0.9850000143051147,0.9196000099182129
YMR220W,YGR211W,0,-4.9596004,0.09673934429883957,0.9850000143051147,0.919700026512146
YNL133C,YJR052W,0,-4.9599633,0.09672984480857849,0.9850000143051147,0.9197999835014343
YDR007W,YPR174C,0,-4.9603405,0.09672034531831741,0.9850000143051147,0.9199000000953674
YMR059W,YER060W-A,0,-4.9609346,0.09671084582805634,0.9850000143051147,0.9200000166893005
YPR158W-B,YPR071W,0,-4.9645567,0.09670135378837585,0.9850000143051147,0.9200999736785889
YDL247W,YBR003W,0,-4.9646196,0.09669186174869537,0.9850000143051147,0.920199990272522
YBL035C,YIL005W,0,-4.965126,0.09668236970901489,0.9850000143051147,0.9203000068664551
YOR267C,YKL197C,0,-4.9702578,0.09667288511991501,0.9850000143051147,0.9204000234603882
YER179W,YDL189W,0,-4.9714613,0.09666339308023453,0.9850000143051147,0.9204999804496765
YLR093C,YNR038W,0,-4.9730024,0.09665390849113464,0.9850000143051147,0.9205999970436096
YPR158W-B,YOL042W,0,-4.9758554,0.09664442390203476,0.9850000143051147,0.9207000136375427
YBR130C,YOR049C,0,-4.9804096,0.09663494676351547,0.9850000143051147,0.920799970626831
YPL203W,YIL173W,0,-4.980963,0.09662546962499619,0.9850000143051147,0.9208999872207642
YIL119C,YGR208W,0,-4.983482,0.0966159850358963,0.9850000143051147,0.9210000038146973
YLR037C,YNL038W,0,-4.9851775,0.09660651534795761,0.9850000143051147,0.9211000204086304
YBR200W-A,YCL012W,0,-4.9860725,0.09659703820943832,0.9850000143051147,0.9211999773979187
YIL013C,YNR071C,0,-4.9862204,0.09658756852149963,0.9850000143051147,0.9212999939918518
YDR427W,YPL175W,0,-4.9886723,0.09657809883356094,0.9850000143051147,0.9214000105857849
YGL243W,YOL029C,0,-4.990595,0.09656862914562225,0.9850000143051147,0.921500027179718
YNL167C,YOR026W,0,-4.992294,0.09655915945768356,0.9850000143051147,0.9215999841690063
YML086C,YIL123W,0,-4.995285,0.09654969722032547,0.9850000143051147,0.9217000007629395
YKL069W,YPR155C,0,-4.9987,0.09654023498296738,0.9850000143051147,0.9218000173568726
YNL076W,YLL021W,0,-5.0044174,0.09653077274560928,0.9850000143051147,0.9218999743461609
YMR220W,YNR059W,0,-5.0053406,0.09652131050825119,0.9850000143051147,0.921999990940094
YPL209C,YLL018C-A,0,-5.0085692,0.0965118557214737,0.9850000143051147,0.9221000075340271
YLL026W,YER155C,0,-5.010169,0.0965024009346962,0.9850000143051147,0.9222000241279602
YPL169C,YER142C,0,-5.014865,0.0964929461479187,0.9850000143051147,0.9222999811172485
YPL209C,YNL167C,0,-5.015415,0.0964834913611412,0.9850000143051147,0.9223999977111816
YDL235C,YNR055C,0,-5.0193095,0.0964740440249443,0.9850000143051147,0.9225000143051147
YDL220C,YLR352W,0,-5.0260305,0.0964645966887474,0.9850000143051147,0.9225999712944031
YPL004C,YOR316C,0,-5.0367937,0.0964551493525505,0.9850000143051147,0.9226999878883362
YGR024C,YJL012C,0,-5.043853,0.0964457094669342,0.9850000143051147,0.9228000044822693
YDR009W,YNR053C,0,-5.044439,0.0964362621307373,0.9850000143051147,0.9229000210762024
YJL089W,YNL294C,1,-5.045443,0.09652471542358398,0.9860000014305115,0.9229000210762024
YBL007C,YBR107C,0,-5.0473194,0.09651526808738708,0.9860000014305115,0.9229999780654907
YKR078W,YMR015C,0,-5.054063,0.09650582075119019,0.9860000014305115,0.9230999946594238
YPL234C,YNR053C,0,-5.056506,0.09649638086557388,0.9860000014305115,0.9232000112533569
YPR055W,YER005W,0,-5.057019,0.09648693352937698,0.9860000014305115,0.92330002784729
YDR256C,YDR091C,0,-5.05702,0.09647749364376068,0.9860000014305115,0.9233999848365784
YEL051W,YDL134C,0,-5.059483,0.09646805375814438,0.9860000014305115,0.9235000014305115
YJL180C,YLR288C,0,-5.0597405,0.09645862132310867,0.9860000014305115,0.9236000180244446
YLR315W,YDR303C,0,-5.060373,0.09644918143749237,0.9860000014305115,0.9236999750137329
YBR211C,YIL144W,0,-5.0611076,0.09643974900245667,0.9860000014305115,0.923799991607666
YLL021W,YOR109W,0,-5.0617332,0.09643031656742096,0.9860000014305115,0.9239000082015991
YML023C,YML081W,0,-5.0633016,0.09642089158296585,0.9860000014305115,0.9240000247955322
YMR232W,YDR435C,0,-5.0636134,0.09641145914793015,0.9860000014305115,0.9240999817848206
YKL149C,YNR052C,0,-5.0638885,0.09640203416347504,0.9860000014305115,0.9241999983787537
YLR411W,YER108C,0,-5.0687175,0.09639260917901993,0.9860000014305115,0.9243000149726868
YLL066C,YKL060C,0,-5.0711575,0.09638318419456482,0.9860000014305115,0.9243999719619751
YPL209C,YKL185W,0,-5.0755167,0.09637376666069031,0.9860000014305115,0.9244999885559082
YNL288W,YCL001W,0,-5.0757837,0.0963643491268158,0.9860000014305115,0.9246000051498413
YLL018C-A,YPL235W,0,-5.076471,0.09635493159294128,0.9860000014305115,0.9247000217437744
YAL002W,YGL139W,0,-5.080762,0.09634551405906677,0.9860000014305115,0.9247999787330627
YMR110C,YBL031W,0,-5.081295,0.09633610397577286,0.9860000014305115,0.9248999953269958
YOL116W,YOR212W,1,-5.083495,0.09642438590526581,0.9869999885559082,0.9248999953269958
YDR435C,YFR053C,0,-5.084813,0.0964149683713913,0.9869999885559082,0.925000011920929
YPL171C,YKL114C,0,-5.0876536,0.09640555083751678,0.9869999885559082,0.9251000285148621
YAL007C,YDR284C,0,-5.0894437,0.09639613330364227,0.9869999885559082,0.9251999855041504
YLR085C,YMR125W,0,-5.0930357,0.09638671576976776,0.9869999885559082,0.9253000020980835
YHR205W,YDR129C,0,-5.0945907,0.09637730568647385,0.9869999885559082,0.9254000186920166
YOR259C,YJR096W,0,-5.100523,0.09636789560317993,0.9869999885559082,0.9254999756813049
YBR181C,YBR049C,0,-5.1042004,0.09635848551988602,0.9869999885559082,0.925599992275238
YPL235W,YNL111C,0,-5.1050715,0.0963490828871727,0.9869999885559082,0.9257000088691711
YNL056W,YGR040W,0,-5.108716,0.09633968025445938,0.9869999885559082,0.9258000254631042
YDL189W,YOL029C,0,-5.111576,0.09633027762174606,0.9869999885559082,0.9258999824523926
YCR024C,YOR109W,0,-5.1150513,0.09632087498903275,0.9869999885559082,0.9259999990463257
YMR053C,YBR107C,0,-5.121876,0.09631147235631943,0.9869999885559082,0.9261000156402588
YDR009W,YJL083W,0,-5.1223497,0.0963020771741867,0.9869999885559082,0.9261999726295471
YLR337C,YDR395W,0,-5.1238184,0.09629268199205399,0.9869999885559082,0.9262999892234802
YFR034C,YPL097W,0,-5.1254272,0.09628328680992126,0.9869999885559082,0.9264000058174133
YNL076W,YHL021C,0,-5.128824,0.09627389907836914,0.9869999885559082,0.9265000224113464
YER142C,YAL068C,0,-5.139242,0.09626451134681702,0.9869999885559082,0.9265999794006348
YDR361C,YMR225C,0,-5.1393795,0.09625512361526489,0.9869999885559082,0.9266999959945679
YNL123W,YER053C-A,0,-5.1397424,0.09624573588371277,0.9869999885559082,0.926800012588501
YLL053C,YNL161W,0,-5.141981,0.09623634815216064,0.9869999885559082,0.9269000291824341
YPR055W,YPL235W,0,-5.1552734,0.09622696787118912,0.9869999885559082,0.9269999861717224
YOR090C,YNL288W,0,-5.155819,0.09621758759021759,0.9869999885559082,0.9271000027656555
YOR110W,YNL055C,0,-5.1564183,0.09620820730924606,0.9869999885559082,0.9272000193595886
YGL005C,YDR243C,0,-5.1565766,0.09619882702827454,0.9869999885559082,0.927299976348877
YGL027C,YDR028C,0,-5.162343,0.0961894541978836,0.9869999885559082,0.9273999929428101
YPR154W,YDR361C,0,-5.1627617,0.09618008136749268,0.9869999885559082,0.9275000095367432
YJL089W,YGL226W,0,-5.164267,0.09617070853710175,0.9869999885559082,0.9276000261306763
YOR027W,YKR077W,0,-5.165222,0.09616134315729141,0.9869999885559082,0.9276999831199646
YNL111C,YML082W,0,-5.1668243,0.09615197032690048,0.9869999885559082,0.9277999997138977
YOL069W,YIL107C,0,-5.1693773,0.09614260494709015,0.9869999885559082,0.9279000163078308
YER072W,YNL123W,0,-5.1757946,0.09613323956727982,0.9869999885559082,0.9279999732971191
YDR007W,YPR141C,0,-5.1810927,0.09612388163805008,0.9869999885559082,0.9280999898910522
YER044C-A,YPL239W,0,-5.1822047,0.09611451625823975,0.9869999885559082,0.9282000064849854
YGL189C,YPL234C,0,-5.1857104,0.09610515832901001,0.9869999885559082,0.9283000230789185
YKL145W,YNL029C,0,-5.1863346,0.09609580039978027,0.9869999885559082,0.9283999800682068
YLR313C,YLR323C,0,-5.187256,0.09608644992113113,0.9869999885559082,0.9284999966621399
YMR192W,YGL070C,0,-5.1922126,0.0960770919919014,0.9869999885559082,0.928600013256073
YDR243C,YLR200W,0,-5.19277,0.09606774151325226,0.9869999885559082,0.9286999702453613
YLR411W,YDR110W,0,-5.1961365,0.09605839103460312,0.9869999885559082,0.9287999868392944
YCR031C,YNL317W,0,-5.1975255,0.09604904800653458,0.9869999885559082,0.9289000034332275
YNL145W,YNL029C,0,-5.197757,0.09603969752788544,0.9869999885559082,0.9290000200271606
YCR086W,YKL040C,0,-5.203438,0.0960303544998169,0.9869999885559082,0.929099977016449
YNR048W,YGR078C,0,-5.2047024,0.09602101147174835,0.9869999885559082,0.9291999936103821
YNR048W,YDR463W,0,-5.2047024,0.0960116758942604,0.9869999885559082,0.9293000102043152
YDR406W,YDR080W,0,-5.204938,0.09600233286619186,0.9869999885559082,0.9294000267982483
YML045W,YDL134C-A,0,-5.210596,0.09599299728870392,0.9869999885559082,0.9294999837875366
YNL142W,YNL240C,0,-5.2183585,0.09598366171121597,0.9869999885559082,0.9296000003814697
YBR211C,YML096W,0,-5.218912,0.09597432613372803,0.9869999885559082,0.9297000169754028
YML067C,YOR383C,0,-5.223502,0.09596499800682068,0.9869999885559082,0.9297999739646912
YJR084W,YMR313C,0,-5.22558,0.09595566987991333,0.9869999885559082,0.9298999905586243
YHR148W,YOR004W,0,-5.2272286,0.09594634175300598,0.9869999885559082,0.9300000071525574
YBR188C,YNR030W,0,-5.228326,0.09593701362609863,0.9869999885559082,0.9301000237464905
YGR005C,YBR188C,0,-5.22963,0.09592769294977188,0.9869999885559082,0.9301999807357788
YGR161W-A,YDR303C,0,-5.2341547,0.09591836482286453,0.9869999885559082,0.9302999973297119
YDR516C,YKR007W,0,-5.23967,0.09590904414653778,0.9869999885559082,0.930400013923645
YHR096C,YNL068C,0,-5.240344,0.09589973092079163,0.9869999885559082,0.9304999709129333
YPR175W,YDL046W,0,-5.2420645,0.09589041024446487,0.9869999885559082,0.9305999875068665
YEL005C,YLR299W,0,-5.2425036,0.09588109701871872,0.9869999885559082,0.9307000041007996
YKR078W,YFL026W,0,-5.2459917,0.09587178379297256,0.9869999885559082,0.9308000206947327
YDR375C,YER023W,0,-5.2480106,0.09586247056722641,0.9869999885559082,0.930899977684021
YLR239C,YNL036W,0,-5.253274,0.09585316479206085,0.9869999885559082,0.9309999942779541
YBL051C,YPR174C,0,-5.2568226,0.0958438515663147,0.9869999885559082,0.9311000108718872
YDL240W,YNL123W,0,-5.2568617,0.09583454579114914,0.9869999885559082,0.9312000274658203
YDL003W,YDR188W,0,-5.257904,0.09582524001598358,0.9869999885559082,0.9312999844551086
YEL006W,YPL097W,0,-5.2601166,0.09581594169139862,0.9869999885559082,0.9314000010490417
YJL094C,YDR343C,0,-5.2602487,0.09580663591623306,0.9869999885559082,0.9315000176429749
YLR193C,YPL239W,0,-5.2645674,0.0957973375916481,0.9869999885559082,0.9315999746322632
YER041W,YCL054W,0,-5.265964,0.09578804671764374,0.9869999885559082,0.9316999912261963
YJL057C,YGR003W,0,-5.2721224,0.09577874839305878,0.9869999885559082,0.9318000078201294
YML101C,YHL006C,0,-5.2833986,0.09576945751905441,0.9869999885559082,0.9319000244140625
YKR007W,YDR019C,0,-5.2878647,0.09576016664505005,0.9869999885559082,0.9319999814033508
YHR170W,YNR033W,0,-5.287885,0.09575087577104568,0.9869999885559082,0.9320999979972839
YGL058W,YFR030W,0,-5.288784,0.09574158489704132,0.9869999885559082,0.932200014591217
YBL051C,YFR030W,0,-5.2890553,0.09573230147361755,0.9869999885559082,0.9322999715805054
YLR258W,YOR078W,0,-5.289999,0.09572301059961319,0.9869999885559082,0.9323999881744385
YKR053C,YHR138C,0,-5.2995195,0.09571373462677002,0.9869999885559082,0.9325000047683716
YHR118C,YCL039W,0,-5.300788,0.09570445120334625,0.9869999885559082,0.9326000213623047
YPL234C,YJR046W,0,-5.3039684,0.09569517523050308,0.9869999885559082,0.932699978351593
YMR205C,YOR341W,0,-5.3039856,0.09568589180707932,0.9869999885559082,0.9327999949455261
YHR111W,YNL176C,0,-5.3054132,0.09567661583423615,0.9869999885559082,0.9329000115394592
YLR411W,YOR260W,0,-5.3061085,0.09566734731197357,0.9869999885559082,0.9330000281333923
YOL011W,YKR099W,0,-5.3062544,0.0956580713391304,0.9869999885559082,0.9330999851226807
YNL233W,YJL196C,0,-5.3078365,0.09564880281686783,0.9869999885559082,0.9332000017166138
YLR390W-A,YGR138C,0,-5.3167524,0.09563953429460526,0.9869999885559082,0.9333000183105469
YDL100C,YNL111C,0,-5.317467,0.09563026577234268,0.9869999885559082,0.9333999752998352
YBR211C,YML082W,0,-5.3174896,0.0956210047006607,0.9869999885559082,0.9334999918937683
YGR254W,YOL096C,0,-5.3178644,0.09561174362897873,0.9869999885559082,0.9336000084877014
YGL096W,YFL018W-A,0,-5.3239822,0.09560248255729675,0.9869999885559082,0.9337000250816345
YIL052C,YDL012C,0,-5.3261523,0.09559322148561478,0.9869999885559082,0.9337999820709229
YML127W,YLR337C,0,-5.326592,0.0955839604139328,0.9869999885559082,0.933899998664856
YJR150C,YDR244W,0,-5.3287034,0.09557470679283142,0.9869999885559082,0.9340000152587891
YPL248C,YDR105C,0,-5.331034,0.09556545317173004,0.9869999885559082,0.9340999722480774
YOL154W,YGR161C-D,0,-5.3325033,0.09555619955062866,0.9869999885559082,0.9341999888420105
YLR390W-A,YLR260W,0,-5.3368397,0.09554695338010788,0.9869999885559082,0.9343000054359436
YLR083C,YER177W,0,-5.343451,0.0955376997590065,0.9869999885559082,0.9344000220298767
YDR276C,YCR038C,0,-5.357203,0.09552845358848572,0.9869999885559082,0.934499979019165
YLR085C,YMR040W,0,-5.3645043,0.09551920741796494,0.9869999885559082,0.9345999956130981
YJL089W,YPR071W,0,-5.3662953,0.09550996869802475,0.9869999885559082,0.9347000122070312
YDR545W,YNL041C,0,-5.366576,0.09550072252750397,0.9869999885559082,0.9348000288009644
YKL006C-A,YOR079C,0,-5.370142,0.09549148380756378,0.9869999885559082,0.9348999857902527
YBR016W,YDR276C,0,-5.372039,0.0954822450876236,0.9869999885559082,0.9350000023841858
YPL105C,YAL059W,0,-5.376075,0.09547301381826401,0.9869999885559082,0.9351000189781189
YLR085C,YGL098W,0,-5.376631,0.09546377509832382,0.9869999885559082,0.9351999759674072
YPL280W,YMR059W,0,-5.380059,0.09545454382896423,0.9869999885559082,0.9352999925613403
YLR083C,YNL294C,1,-5.3800793,0.09554201364517212,0.9879999756813049,0.9352999925613403
YBR114W,YHR154W,0,-5.381277,0.09553278237581253,0.9879999756813049,0.9354000091552734
YGR080W,YBL031W,0,-5.3815746,0.09552354365587234,0.9879999756813049,0.9355000257492065
YIL148W,YKL114C,0,-5.3822813,0.09551430493593216,0.9879999756813049,0.9355999827384949
YJL212C,YJL180C,0,-5.3834753,0.09550507366657257,0.9879999756813049,0.935699999332428
YLR411W,YDR350C,0,-5.385304,0.09549584239721298,0.9879999756813049,0.9358000159263611
YDR100W,YLR451W,0,-5.3870964,0.0954866111278534,0.9879999756813049,0.9358999729156494
YNL025C,YBR112C,0,-5.387976,0.0954773873090744,0.9879999756813049,0.9359999895095825
YLR293C,YDL102W,0,-5.3884697,0.09546816349029541,0.9879999756813049,0.9361000061035156
YPL141C,YPR141C,0,-5.3912115,0.09545893967151642,0.9879999756813049,0.9362000226974487
YIL156W,YOL098C,0,-5.3917456,0.09544971585273743,0.9879999756813049,0.9362999796867371
YFR030W,YGR122W,0,-5.3936815,0.09544049203395844,0.9879999756813049,0.9363999962806702
YKL138C-A,YKL005C,0,-5.399455,0.09543127566576004,0.9879999756813049,0.9365000128746033
YBR089C-A,YIL011W,0,-5.400108,0.09542205929756165,0.9879999756813049,0.9366000294685364
YER041W,YKL039W,0,-5.4019866,0.09541284292936325,0.9879999756813049,0.9366999864578247
YBR130C,YPR141C,0,-5.403686,0.09540363401174545,0.9879999756813049,0.9368000030517578
YOR068C,YDR210W-C,0,-5.404476,0.09539441764354706,0.9879999756813049,0.9369000196456909
YKR085C,YOR272W,0,-5.406664,0.09538520872592926,0.9879999756813049,0.9369999766349792
YDR468C,YLR189C,0,-5.4207864,0.09537599980831146,0.9879999756813049,0.9370999932289124
YDR427W,YLL021W,0,-5.423335,0.09536679834127426,0.9879999756813049,0.9372000098228455
YOR018W,YNL190W,0,-5.4234147,0.09535758942365646,0.9879999756813049,0.9373000264167786
YFR024C,YCL005W-A,0,-5.4234934,0.09534838795661926,0.9879999756813049,0.9373999834060669
YDR422C,YBR272C,0,-5.4282274,0.09533918648958206,0.9879999756813049,0.9375
YHR106W,YLR263W,0,-5.4282713,0.09532998502254486,0.9879999756813049,0.9376000165939331
YER142C,YBR005W,0,-5.4298635,0.09532079100608826,0.9879999756813049,0.9376999735832214
YGR082W,YGR142W,0,-5.4331055,0.09531159698963165,0.9879999756813049,0.9377999901771545
YDL024C,YHR073W,1,-5.434769,0.09539885818958282,0.9890000224113464,0.9377999901771545
YBR016W,YLR363C,0,-5.435722,0.09538966417312622,0.9890000224113464,0.9379000067710876
YIL036W,YIL087C,0,-5.4360046,0.09538046270608902,0.9890000224113464,0.9380000233650208
YNR030W,YKL114C,0,-5.4373794,0.09537126123905182,0.9890000224113464,0.9380999803543091
YCL051W,YGL070C,0,-5.441395,0.09536206722259521,0.9890000224113464,0.9381999969482422
YDL098C,YLR039C,0,-5.445451,0.09535287320613861,0.9890000224113464,0.9383000135421753
YJR117W,YHR149C,0,-5.4463196,0.095343679189682,0.9890000224113464,0.9383999705314636
YEL018W,YDR439W,0,-5.4470043,0.095334492623806,0.9890000224113464,0.9384999871253967
YML013W,YLR313C,0,-5.448346,0.0953252986073494,0.9890000224113464,0.9386000037193298
YKR085C,YPL225W,0,-5.4522324,0.09531611204147339,0.9890000224113464,0.9387000203132629
YIL173W,YNL066W,0,-5.453785,0.09530692547559738,0.9890000224113464,0.9387999773025513
YGR161W-A,YNL063W,0,-5.455349,0.09529774636030197,0.9890000224113464,0.9388999938964844
YGL018C,YJL179W,0,-5.4568496,0.09528855979442596,0.9890000224113464,0.9390000104904175
YDR345C,YFL005W,0,-5.4570513,0.09527938067913055,0.9890000224113464,0.9391000270843506
YIR004W,YMR050C,0,-5.457806,0.09527020156383514,0.9890000224113464,0.9391999840736389
YBR054W,YJR035W,0,-5.461729,0.09526102989912033,0.9890000224113464,0.939300000667572
YMR183C,YPL006W,0,-5.4656763,0.09525185078382492,0.9890000224113464,0.9394000172615051
YMR081C,YNL066W,0,-5.4686594,0.09524267911911011,0.9890000224113464,0.9394999742507935
YLR345W,YGL006W,0,-5.469484,0.0952335074543953,0.9890000224113464,0.9395999908447266
YOR267C,YKL087C,0,-5.471553,0.09522434324026108,0.9890000224113464,0.9397000074386597
YLR181C,YLR337C,0,-5.475192,0.09521517157554626,0.9890000224113464,0.9398000240325928
YAL059W,YOR129C,0,-5.479056,0.09520600736141205,0.9890000224113464,0.9398999810218811
YJL098W,YIL043C,0,-5.487061,0.09519684314727783,0.9890000224113464,0.9399999976158142
YMR040W,YOR358W,0,-5.4878464,0.09518767893314362,0.9890000224113464,0.9401000142097473
YDR145W,YJR118C,0,-5.488575,0.09517852216959,0.9890000224113464,0.9401999711990356
YHR154W,YLR055C,0,-5.4961305,0.09516935795545578,0.9890000224113464,0.9402999877929688
YDR105C,YDL087C,0,-5.496581,0.09516020119190216,0.9890000224113464,0.9404000043869019
YIL056W,YOR372C,0,-5.496621,0.09515105187892914,0.9890000224113464,0.940500020980835
YHR035W,YOR032C,0,-5.4973984,0.09514189511537552,0.9890000224113464,0.9405999779701233
YCR031C,YOR068C,0,-5.4979563,0.0951327458024025,0.9890000224113464,0.9406999945640564
YIL037C,YMR149W,0,-5.5026646,0.09512359648942947,0.9890000224113464,0.9408000111579895
YPR161C,YGL070C,0,-5.5028377,0.09511444717645645,0.9890000224113464,0.9409000277519226
YKR088C,YGR044C,0,-5.504322,0.09510529786348343,0.9890000224113464,0.9409999847412109
YER123W,YPL156C,0,-5.5047894,0.095096156001091,0.9890000224113464,0.941100001335144
YLR324W,YPR105C,0,-5.510044,0.09508701413869858,0.9890000224113464,0.9412000179290771
YLR102C,YGR170W,0,-5.510605,0.09507787227630615,0.9890000224113464,0.9412999749183655
YOR267C,YDR145W,0,-5.512458,0.09506873041391373,0.9890000224113464,0.9413999915122986
YMR048W,YIL011W,0,-5.515783,0.0950595960021019,0.9890000224113464,0.9415000081062317
YER063W,YDR438W,0,-5.52407,0.09505045413970947,0.9890000224113464,0.9416000247001648
YDR441C,YGL240W,0,-5.5245004,0.09504131972789764,0.9890000224113464,0.9416999816894531
YGL085W,YGL240W,0,-5.5245004,0.09503219276666641,0.9890000224113464,0.9417999982833862
YNR019W,YDL087C,0,-5.5259595,0.09502305835485458,0.9890000224113464,0.9419000148773193
YGL096W,YGR142W,0,-5.529448,0.09501393139362335,0.9890000224113464,0.9419999718666077
YBL007C,YJL173C,0,-5.531445,0.09500480443239212,0.9890000224113464,0.9420999884605408
YBR218C,YLR220W,0,-5.532694,0.09499567747116089,0.9890000224113464,0.9422000050544739
YER063W,YPL126W,0,-5.534895,0.09498655050992966,0.9890000224113464,0.942300021648407
YNL173C,YER015W,0,-5.536993,0.09497743099927902,0.9890000224113464,0.9423999786376953
YHR090C,YBR301W,0,-5.53944,0.09496831148862839,0.9890000224113464,0.9424999952316284
YLL021W,YBR045C,0,-5.5419335,0.09495919197797775,0.9890000224113464,0.9426000118255615
YNL183C,YDL134C-A,0,-5.5537148,0.09495007991790771,0.9890000224113464,0.9427000284194946
YHR146W,YFR034C,0,-5.554656,0.09494096040725708,0.9890000224113464,0.942799985408783
YPL169C,YBR045C,0,-5.565546,0.09493184834718704,0.9890000224113464,0.9429000020027161
YGR044C,YFR053C,0,-5.566864,0.094922736287117,0.9890000224113464,0.9430000185966492
YJL058C,YDR438W,0,-5.5677443,0.09491362422704697,0.9890000224113464,0.9430999755859375
YDR412W,YPR068C,0,-5.568897,0.09490451961755753,0.9890000224113464,0.9431999921798706
YNL246W,YIL167W,0,-5.571676,0.09489541500806808,0.9890000224113464,0.9433000087738037
YLR293C,YDR438W,0,-5.574217,0.09488631039857864,0.9890000224113464,0.9434000253677368
YMR215W,YHR146W,0,-5.579831,0.0948772057890892,0.9890000224113464,0.9434999823570251
YLR347C,YOR026W,0,-5.5809183,0.09486810863018036,0.9890000224113464,0.9435999989509583
YBR211C,YNR037C,0,-5.5828686,0.09485900402069092,0.9890000224113464,0.9437000155448914
YMR053C,YOR009W,0,-5.5844803,0.09484990686178207,0.9890000224113464,0.9437999725341797
YIL154C,YLR337C,0,-5.586673,0.09484080970287323,0.9890000224113464,0.9438999891281128
YFL056C,YOL096C,0,-5.596038,0.09483171999454498,0.9890000224113464,0.9440000057220459
YDL105W,YER155C,0,-5.5989738,0.09482263028621674,0.9890000224113464,0.944100022315979
YPL004C,YDR188W,0,-5.6050262,0.09481353312730789,0.9890000224113464,0.9441999793052673
YER044C-A,YAL011W,0,-5.605688,0.09480445086956024,0.9890000224113464,0.9442999958992004
YML081W,YOR272W,0,-5.6077404,0.094795361161232,0.9890000224113464,0.9444000124931335
YMR041C,YNL111C,0,-5.6098814,0.09478627890348434,0.9890000224113464,0.9445000290870667
YDR422C,YPL239W,0,-5.6107802,0.0947771891951561,0.9890000224113464,0.944599986076355
YNL036W,YCL001W,0,-5.6192093,0.09476810693740845,0.9890000224113464,0.9447000026702881
YMR230W,YJL208C,0,-5.626521,0.0947590321302414,0.9890000224113464,0.9448000192642212
YKL149C,YNL221C,0,-5.6287146,0.09474994987249374,0.9890000224113464,0.9448999762535095
YNL233W,YGR161C,0,-5.6343174,0.09474087506532669,0.9890000224113464,0.9449999928474426
YJL179W,YJR050W,0,-5.6360383,0.09473180025815964,0.9890000224113464,0.9451000094413757
YGL092W,YJL083W,0,-5.6363397,0.09472272545099258,0.9890000224113464,0.9452000260353088
YBR091C,YBR191W,0,-5.6363807,0.09471365809440613,0.9890000224113464,0.9452999830245972
YHL028W,YML059C,0,-5.639817,0.09470458328723907,0.9890000224113464,0.9453999996185303
YER179W,YBR180W,0,-5.6575594,0.09469551593065262,0.9890000224113464,0.9455000162124634
YPR007C,YHR193C,0,-5.6595697,0.09468645602464676,0.9890000224113464,0.9455999732017517
YDR287W,YOR001W,0,-5.6607456,0.0946773886680603,0.9890000224113464,0.9456999897956848
YDL235C,YNL194C,0,-5.6636057,0.09466832876205444,0.9890000224113464,0.9458000063896179
YGL243W,YMR313C,0,-5.665849,0.09465926140546799,0.9890000224113464,0.945900022983551
YNL031C,YPL120W,0,-5.671385,0.09465020895004272,0.9890000224113464,0.9459999799728394
YHR204W,YGL085W,0,-5.6747675,0.09464114904403687,0.9890000224113464,0.9460999965667725
YFL026W,YGR211W,0,-5.674862,0.094632089138031,0.9890000224113464,0.9462000131607056
YKR093W,YGL243W,0,-5.6771584,0.09462303668260574,0.9890000224113464,0.9463000297546387
YLR093C,YPL156C,0,-5.684819,0.09461398422718048,0.9890000224113464,0.946399986743927
YNL133C,YER060W-A,0,-5.685822,0.09460493922233582,0.9890000224113464,0.9465000033378601
YLR390W-A,YLR194C,0,-5.6902704,0.09459588676691055,0.9890000224113464,0.9466000199317932
YDR441C,YJR096W,0,-5.695656,0.09458684176206589,0.9890000224113464,0.9466999769210815
YCR107W,YHR033W,0,-5.699162,0.09457779675722122,0.9890000224113464,0.9467999935150146
YLR196W,YHR020W,0,-5.699603,0.09456875175237656,0.9890000224113464,0.9469000101089478
YOR091W,YOR110W,0,-5.72562,0.09455970674753189,0.9890000224113464,0.9470000267028809
YPR120C,YCL039W,0,-5.739608,0.09455066919326782,0.9890000224113464,0.9470999836921692
YAL007C,YBR169C,0,-5.740869,0.09454163163900375,0.9890000224113464,0.9472000002861023
YJL089W,YNL298W,1,-5.741888,0.09462817758321762,0.9900000095367432,0.9472000002861023
YOL126C,YGL078C,0,-5.743147,0.09461913257837296,0.9900000095367432,0.9473000168800354
YPL225W,YNL076W,0,-5.745136,0.09461009502410889,0.9900000095367432,0.9473999738693237
YNL056W,YDR176W,0,-5.747963,0.09460105001926422,0.9900000095367432,0.9474999904632568
YAL002W,YPL004C,0,-5.751969,0.09459201246500015,0.9900000095367432,0.9476000070571899
YGR007W,YNL066W,0,-5.754711,0.09458297491073608,0.9900000095367432,0.947700023651123
YDR110W,YLR337C,0,-5.756144,0.09457393735647202,0.9900000095367432,0.9477999806404114
YGL067W,YGR083C,0,-5.7591615,0.09456490725278854,0.9900000095367432,0.9478999972343445
YMR110C,YEL051W,0,-5.7650805,0.09455587714910507,0.9900000095367432,0.9480000138282776
YML127W,YLR288C,0,-5.770027,0.0945468470454216,0.9900000095367432,0.9480999708175659
YHR142W,YJR052W,0,-5.7740736,0.09453781694173813,0.9900000095367432,0.948199987411499
YOL055C,YNL094W,0,-5.776023,0.09452878683805466,0.9900000095367432,0.9483000040054321
YLR345W,YPL013C,0,-5.787139,0.09451976418495178,0.9900000095367432,0.9484000205993652
YOL154W,YEL024W,0,-5.7910433,0.09451074153184891,0.9900000095367432,0.9484999775886536
YER102W,YER129W,0,-5.7982087,0.09450171887874603,0.9900000095367432,0.9485999941825867
YJR050W,YDL031W,0,-5.7996874,0.09449269622564316,0.9900000095367432,0.9487000107765198
YBL056W,YOL095C,0,-5.801944,0.09448368102312088,0.9900000095367432,0.9488000273704529
YDR127W,YMR091C,0,-5.8073235,0.0944746658205986,0.9900000095367432,0.9488999843597412
YNL246W,YGL078C,0,-5.807574,0.09446565061807632,0.9900000095367432,0.9490000009536743
YPR034W,YGL058W,0,-5.8095384,0.09445663541555405,0.9900000095367432,0.9491000175476074
YOR081C,YIL011W,0,-5.813307,0.09444762766361237,0.9900000095367432,0.9491999745368958
YOL020W,YJL167W,0,-5.8167534,0.09443861246109009,0.9900000095367432,0.9492999911308289
YHL028W,YBL005W,0,-5.819413,0.09442960470914841,0.9900000095367432,0.949400007724762
YPL175W,YFL018W-A,0,-5.821558,0.09442060440778732,0.9900000095367432,0.9495000243186951
YNL194C,YDR246W,0,-5.8279376,0.09441159665584564,0.9900000095367432,0.9495999813079834
YBL056W,YPR141C,0,-5.828422,0.09440259635448456,0.9900000095367432,0.9496999979019165
YDR108W,YLR093C,0,-5.830167,0.09439359605312347,0.9900000095367432,0.9498000144958496
YPL140C,YGL198W,0,-5.830819,0.09438459575176239,0.9900000095367432,0.9498999714851379
YER032W,YDL119C,0,-5.830908,0.0943755954504013,0.9900000095367432,0.949999988079071
YDR350C,YGL027C,0,-5.8446198,0.09436660259962082,0.9900000095367432,0.9501000046730042
YNL247W,YIL011W,0,-5.8452215,0.09435760229825974,0.9900000095367432,0.9502000212669373
YHR033W,YGL018C,0,-5.846735,0.09434861689805984,0.9900000095367432,0.9502999782562256
YHR204W,YGR266W,0,-5.8482237,0.09433962404727936,0.9900000095367432,0.9503999948501587
YOR320C,YER060W,0,-5.8498974,0.09433063119649887,0.9900000095367432,0.9505000114440918
YLR093C,YBR301W,0,-5.8521996,0.09432164579629898,0.9900000095367432,0.9506000280380249
YBR029C,YDR227W,0,-5.865988,0.09431266039609909,0.9900000095367432,0.9506999850273132
YMR230W,YJR108W,0,-5.8690395,0.0943036749958992,0.9900000095367432,0.9508000016212463
YOL144W,YLR409C,0,-5.8716216,0.09429469704627991,0.9900000095367432,0.9509000182151794
YIL008W,YAL056W,1,-5.872362,0.0943809524178505,0.9909999966621399,0.9509000182151794
YCR036W,YBL031W,0,-5.8740377,0.0943719670176506,0.9909999966621399,0.9509999752044678
YJR109C,YLR249W,0,-5.8802376,0.09436298161745071,0.9909999966621399,0.9510999917984009
YER179W,YMR001C,0,-5.881034,0.09435399621725082,0.9909999966621399,0.951200008392334
YIL107C,YDR210W-C,0,-5.895477,0.09434501081705093,0.9909999966621399,0.9513000249862671
YLR223C,YHR114W,0,-5.897771,0.09433603286743164,0.9909999966621399,0.9513999819755554
YIL014W,YIL069C,0,-5.902357,0.09432705491781235,0.9909999966621399,0.9514999985694885
YOL098C,YDR513W,0,-5.9076233,0.09431807696819305,0.9909999966621399,0.9516000151634216
YAL028W,YDR108W,0,-5.916132,0.09430909901857376,0.9909999966621399,0.95169997215271
YMR055C,YMR275C,0,-5.921934,0.09430012106895447,0.9909999966621399,0.9517999887466431
YJL181W,YJL096W,0,-5.9239044,0.09429115056991577,0.9909999966621399,0.9519000053405762
YDL098C,YOL059W,0,-5.92739,0.09428218007087708,0.9909999966621399,0.9520000219345093
YOR320C,YJR118C,0,-5.930092,0.09427320957183838,0.9909999966621399,0.9520999789237976
YBR046C,YLR345W,0,-5.931678,0.09426424652338028,0.9909999966621399,0.9521999955177307
YNL145W,YJL096W,0,-5.9332123,0.09425527602434158,0.9909999966621399,0.9523000121116638
YBR218C,YNR059W,0,-5.93705,0.09424631297588348,0.9909999966621399,0.9524000287055969
YER149C,YGR030C,0,-5.9463053,0.09423734992742538,0.9909999966621399,0.9524999856948853
YNR055C,YGR245C,0,-5.9465237,0.09422839432954788,0.9909999966621399,0.9526000022888184
YER062C,YOL121C,0,-5.95347,0.09421943128108978,0.9909999966621399,0.9527000188827515
YJL057C,YOR249C,0,-5.9625635,0.09421047568321228,0.9909999966621399,0.9527999758720398
YER129W,YDR005C,0,-5.962568,0.09420152008533478,0.9909999966621399,0.9528999924659729
YFL011W,YGR060W,0,-5.964862,0.09419256448745728,0.9909999966621399,0.953000009059906
YJL186W,YDR437W,0,-5.9689827,0.09418361634016037,0.9909999966621399,0.9531000256538391
YAL056W,YLR323C,0,-5.971599,0.09417466819286346,0.9909999966621399,0.9531999826431274
YMR040W,YLR068W,0,-5.97537,0.09416572004556656,0.9909999966621399,0.9532999992370605
YDR435C,YBL013W,0,-5.9811273,0.09415677189826965,0.9909999966621399,0.9534000158309937
YPL126W,YKL138C-A,0,-5.981412,0.09414782375097275,0.9909999966621399,0.953499972820282
YLL024C,YNL118C,0,-5.982789,0.09413888305425644,0.9909999966621399,0.9535999894142151
YCR065W,YKR088C,0,-5.983178,0.09412994235754013,0.9909999966621399,0.9537000060081482
YDR309C,YNL194C,0,-5.9850554,0.09412100166082382,0.9909999966621399,0.9538000226020813
YPL145C,YGL238W,0,-6.0049844,0.09411206096410751,0.9909999966621399,0.9538999795913696
YDR345C,YJR108W,0,-6.012248,0.0941031277179718,0.9909999966621399,0.9539999961853027
YPL115C,YOL116W,1,-6.028224,0.09418913722038269,0.9919999837875366,0.9539999961853027
YLR432W,YDR300C,0,-6.028928,0.09418019652366638,0.9919999837875366,0.9541000127792358
YDL100C,YKL087C,0,-6.0295534,0.09417125582695007,0.9919999837875366,0.954200029373169
YER179W,YPL175W,0,-6.038537,0.09416231513023376,0.9919999837875366,0.9542999863624573
YGR212W,YHR103W,0,-6.045274,0.09415338188409805,0.9919999837875366,0.9544000029563904
YLR093C,YKL081W,0,-6.0511208,0.09414444118738174,0.9919999837875366,0.9545000195503235
YPR175W,YDR528W,0,-6.054932,0.09413550794124603,0.9919999837875366,0.9545999765396118
YIL098C,YCL035C,0,-6.0561295,0.09412657469511032,0.9919999837875366,0.9546999931335449
YBR233W-A,YDR365C,0,-6.0674067,0.0941176488995552,0.9919999837875366,0.954800009727478
YER108C,YHR073W,1,-6.07349,0.09420358389616013,0.9929999709129333,0.954800009727478
YMR101C,YPR034W,0,-6.081192,0.09419465065002441,0.9929999709129333,0.9549000263214111
YBR188C,YDR359C,0,-6.087593,0.0941857174038887,0.9929999709129333,0.9549999833106995
YHR204W,YDR399W,0,-6.1034985,0.09417678415775299,0.9929999709129333,0.9550999999046326
YBL013W,YNL278W,0,-6.105893,0.09416785091161728,0.9929999709129333,0.9552000164985657
YJL054W,YDR098C-A,0,-6.10748,0.09415892511606216,0.9929999709129333,0.955299973487854
YFR030W,YER071C,0,-6.1081724,0.09414999186992645,0.9929999709129333,0.9553999900817871
YER177W,YLR435W,0,-6.1230774,0.09414106607437134,0.9929999709129333,0.9555000066757202
YIL052C,YMR055C,0,-6.1272855,0.09413214772939682,0.9929999709129333,0.9556000232696533
YGR254W,YLR288C,0,-6.129202,0.0941232219338417,0.9929999709129333,0.9556999802589417
YER028C,YMR001C,0,-6.1397166,0.09411430358886719,0.9929999709129333,0.9557999968528748
YNL286W,YKL006C-A,0,-6.1403446,0.09410538524389267,0.9929999709129333,0.9559000134468079
YFL061W,YJL083W,0,-6.141007,0.09409646689891815,0.9929999709129333,0.9559999704360962
YML133C,YDR019C,0,-6.145951,0.09408754855394363,0.9929999709129333,0.9560999870300293
YMR175W,YLR058C,0,-6.152814,0.09407863765954971,0.9929999709129333,0.9562000036239624
YHR205W,YCL044C,0,-6.1544466,0.09406972676515579,0.9929999709129333,0.9563000202178955
YBR086C,YPL156C,0,-6.157549,0.09406081587076187,0.9929999709129333,0.9563999772071838
YKR078W,YHL017W,0,-6.1626234,0.09405190497636795,0.9929999709129333,0.9564999938011169
YGR040W,YAL056W,1,-6.167562,0.09413770586252213,0.9940000176429749,0.9564999938011169
YGL231C,YOR078W,0,-6.170412,0.09412878751754761,0.9940000176429749,0.95660001039505
YDL230W,YDR040C,0,-6.1720905,0.09411987662315369,0.9940000176429749,0.9567000269889832
YGL142C,YKR088C,0,-6.174055,0.09411096572875977,0.9940000176429749,0.9567999839782715
YGL098W,YIR026C,0,-6.1795845,0.09410205483436584,0.9940000176429749,0.9569000005722046
YIL030C,YHR106W,0,-6.1840787,0.09409314393997192,0.9940000176429749,0.9570000171661377
YDR246W,YLR323C,0,-6.1860943,0.0940842404961586,0.9940000176429749,0.957099974155426
YLR102C,YFR025C,0,-6.1903706,0.09407533705234528,0.9940000176429749,0.9571999907493591
YOL042W,YKL134C,0,-6.1966386,0.09406643360853195,0.9940000176429749,0.9573000073432922
YPR169W,YCL012W,0,-6.2000437,0.09405753016471863,0.9940000176429749,0.9574000239372253
YOR109W,YPL135W,0,-6.2088013,0.0940486341714859,0.9940000176429749,0.9574999809265137
YDL003W,YPL156C,0,-6.213439,0.09403973817825317,0.9940000176429749,0.9575999975204468
YGL196W,YGL093W,0,-6.2188406,0.09403084218502045,0.9940000176429749,0.9577000141143799
YEL005C,YDL076C,0,-6.2195315,0.09402194619178772,0.9940000176429749,0.9577999711036682
YGR204W,YOR383C,0,-6.220373,0.09401305019855499,0.9940000176429749,0.9578999876976013
YHR185C,YDL223C,0,-6.225931,0.09400416165590286,0.9940000176429749,0.9580000042915344
YMR220W,YKL058W,0,-6.228096,0.09399527311325073,0.9940000176429749,0.9581000208854675
YEL039C,YDL117W,0,-6.2299814,0.0939863845705986,0.9940000176429749,0.9581999778747559
YAL015C,YNL246W,0,-6.2301254,0.09397749602794647,0.9940000176429749,0.958299994468689
YHR108W,YCR107W,0,-6.230683,0.09396861493587494,0.9940000176429749,0.9584000110626221
YGL073W,YNL190W,0,-6.2357035,0.0939597338438034,0.9940000176429749,0.9585000276565552
YBR130C,YPL173W,0,-6.239695,0.09395085275173187,0.9940000176429749,0.9585999846458435
YDL098C,YDR406W,0,-6.2428966,0.09394197165966034,0.9940000176429749,0.9587000012397766
YHR165C,YDL247W,0,-6.245414,0.0939330905675888,0.9940000176429749,0.9588000178337097
YMR101C,YJL013C,0,-6.2455277,0.09392421692609787,0.9940000176429749,0.958899974822998
YOL132W,YGR030C,0,-6.2490077,0.09391534328460693,0.9940000176429749,0.9589999914169312
YMR101C,YNL246W,0,-6.252005,0.093906469643116,0.9940000176429749,0.9591000080108643
YBR233W-A,YER155C,0,-6.2523375,0.09389760345220566,0.9940000176429749,0.9592000246047974
YDR091C,YLR150W,0,-6.263833,0.09388872981071472,0.9940000176429749,0.9592999815940857
YOL095C,YCL035C,0,-6.268658,0.09387986361980438,0.9940000176429749,0.9593999981880188
YDL091C,YJL197W,0,-6.270653,0.09387099742889404,0.9940000176429749,0.9595000147819519
YER062C,YOL061W,0,-6.276366,0.0938621312379837,0.9940000176429749,0.9595999717712402
YNL221C,YBL063W,0,-6.2792344,0.09385327249765396,0.9940000176429749,0.9596999883651733
YNL221C,YPL179W,0,-6.28018,0.09384441375732422,0.9940000176429749,0.9598000049591064
YBR169C,YKL080W,0,-6.283008,0.09383555501699448,0.9940000176429749,0.9599000215530396
YJR084W,YPR071W,0,-6.2897286,0.09382669627666473,0.9940000176429749,0.9599999785423279
YGR217W,YDR438W,0,-6.2937026,0.09381783753633499,0.9940000176429749,0.960099995136261
YKL069W,YOL135C,0,-6.2953987,0.09380898624658585,0.9940000176429749,0.9602000117301941
YMR158W,YDL223C,0,-6.3055706,0.0938001349568367,0.9940000176429749,0.9603000283241272
YOR241W,YER143W,0,-6.3065934,0.09379128366708755,0.9940000176429749,0.9603999853134155
YHL028W,YOR357C,0,-6.323783,0.09378243237733841,0.9940000176429749,0.9605000019073486
YER023W,YLR175W,0,-6.3238363,0.09377358853816986,0.9940000176429749,0.9606000185012817
YPL224C,YDR135C,0,-6.330517,0.09376473724842072,0.9940000176429749,0.9606999754905701
YMR261C,YHR146W,0,-6.3390102,0.09375589340925217,0.9940000176429749,0.9607999920845032
YLR324W,YHR024C,0,-6.3417525,0.09374704957008362,0.9940000176429749,0.9609000086784363
YLR337C,YGL111W,0,-6.345837,0.09373821318149567,0.9940000176429749,0.9610000252723694
YIL013C,YBR272C,0,-6.348258,0.09372936934232712,0.9940000176429749,0.9610999822616577
YHR202W,YNL246W,0,-6.3487744,0.09372053295373917,0.9940000176429749,0.9611999988555908
YBR295W,YJR050W,0,-6.3659554,0.09371169656515121,0.9940000176429749,0.9613000154495239
YKL045W,YOL096C,0,-6.370829,0.09370286762714386,0.9940000176429749,0.9613999724388123
YOR267C,YGR193C,0,-6.378235,0.09369403123855591,0.9940000176429749,0.9614999890327454
YDR200C,YKL005C,0,-6.3867316,0.09368520230054855,0.9940000176429749,0.9616000056266785
YDR350C,YPL021W,0,-6.392302,0.0936763733625412,0.9940000176429749,0.9617000222206116
YMR232W,YML127W,0,-6.3962784,0.09366754442453384,0.9940000176429749,0.9617999792098999
YBL056W,YGL116W,0,-6.3962812,0.09365872293710709,0.9940000176429749,0.961899995803833
YIL107C,YBR090C-A,0,-6.406403,0.09364989399909973,0.9940000176429749,0.9620000123977661
YLR377C,YPL140C,0,-6.417639,0.09364107251167297,0.9940000176429749,0.9621000289916992
YLR085C,YGL238W,0,-6.4300394,0.09363225102424622,0.9940000176429749,0.9621999859809875
YPR199C,YOR109W,0,-6.43848,0.09362343698740005,0.9940000176429749,0.9623000025749207
YDL100C,YMR275C,0,-6.4545674,0.0936146154999733,0.9940000176429749,0.9624000191688538
YIL052C,YOL135C,0,-6.4652214,0.09360580146312714,0.9940000176429749,0.9624999761581421
YLR052W,YBR146W,0,-6.465546,0.09359698742628098,0.9940000176429749,0.9625999927520752
YEL019C,YBR065C,0,-6.4682007,0.09358817338943481,0.9940000176429749,0.9627000093460083
YGL196W,YLR175W,0,-6.4698796,0.09357936680316925,0.9940000176429749,0.9628000259399414
YDR243C,YEL027W,0,-6.478723,0.09357055276632309,0.9940000176429749,0.9628999829292297
YOL012C,YOL103W-A,0,-6.4825344,0.09356174618005753,0.9940000176429749,0.9629999995231628
YGR024C,YOR156C,0,-6.491706,0.09355293959379196,0.9940000176429749,0.963100016117096
YNL233W,YOR247W,0,-6.4925866,0.093544140458107,0.9940000176429749,0.9631999731063843
YNL250W,YMR041C,0,-6.4932985,0.09353533387184143,0.9940000176429749,0.9632999897003174
YMR262W,YNL055C,0,-6.4943805,0.09352653473615646,0.9940000176429749,0.9634000062942505
YDR002W,YNL038W,0,-6.4947605,0.0935177356004715,0.9940000176429749,0.9635000228881836
YML086C,YJL001W,0,-6.49634,0.09350893646478653,0.9940000176429749,0.9635999798774719
YKR083C,YKL005C,0,-6.497204,0.09350014477968216,0.9940000176429749,0.963699996471405
YPR161C,YER060W,0,-6.4973993,0.09349134564399719,0.9940000176429749,0.9638000130653381
YGR004W,YEL051W,0,-6.4991035,0.09348255395889282,0.9940000176429749,0.9639000296592712
YCR021C,YGL226W,0,-6.5052633,0.09347376227378845,0.9940000176429749,0.9639999866485596
YOR359W,YEL027W,0,-6.5086794,0.09346497058868408,0.9940000176429749,0.9641000032424927
YNL221C,YOL052C-A,0,-6.513096,0.09345618635416031,0.9940000176429749,0.9642000198364258
YNL094W,YPL021W,0,-6.5186834,0.09344740211963654,0.9940000176429749,0.9642999768257141
YDR515W,YIL018W,0,-6.5218687,0.09343861788511276,0.9940000176429749,0.9643999934196472
YGL045W,YOR212W,1,-6.522664,0.09352383017539978,0.9950000047683716,0.9643999934196472
YCR091W,YLR361C,0,-6.5248427,0.09351503849029541,0.9950000047683716,0.9645000100135803
YAL051W,YER053C-A,0,-6.533469,0.09350624680519104,0.9950000047683716,0.9646000266075134
YGR244C,YLL057C,0,-6.5351815,0.09349746257066727,0.9950000047683716,0.9646999835968018
YCR091W,YPL254W,0,-6.5423703,0.0934886783361435,0.9950000047683716,0.9648000001907349
YBR153W,YPR086W,0,-6.5592647,0.09347989410161972,0.9950000047683716,0.964900016784668
YPL234C,YIL144W,0,-6.5612373,0.09347110986709595,0.9950000047683716,0.9649999737739563
YFL035C-B,YBR149W,0,-6.561277,0.09346233308315277,0.9950000047683716,0.9650999903678894
YDR122W,YPL156C,0,-6.563249,0.0934535562992096,0.9950000047683716,0.9652000069618225
YHR108W,YBR168W,0,-6.5653224,0.09344477951526642,0.9950000047683716,0.9653000235557556
YLR390W-A,YKL081W,0,-6.569957,0.09343600273132324,0.9950000047683716,0.965399980545044
YOR136W,YOR273C,0,-6.575096,0.09342723339796066,0.9950000047683716,0.965499997138977
YNL194C,YGL049C,0,-6.5789137,0.09341845661401749,0.9950000047683716,0.9656000137329102
YNL294C,YDL035C,1,-6.582107,0.09350356459617615,0.9959999918937683,0.9656000137329102
YER044C-A,YDR365C,0,-6.584634,0.09349478781223297,0.9959999918937683,0.9656999707221985
YCR016W,YGR253C,0,-6.585006,0.0934860110282898,0.9959999918937683,0.9657999873161316
YOL069W,YPL234C,0,-6.5920057,0.09347724169492722,0.9959999918937683,0.9659000039100647
YNL286W,YDR350C,0,-6.6010303,0.09346846491098404,0.9959999918937683,0.9660000205039978
YMR226C,YHR194W,0,-6.6082535,0.09345969557762146,0.9959999918937683,0.9660999774932861
YBR112C,YKL077W,0,-6.611581,0.09345092624425888,0.9959999918937683,0.9661999940872192
YDR375C,YDR427W,0,-6.612053,0.0934421643614769,0.9959999918937683,0.9663000106811523
YGL189C,YGL016W,0,-6.613152,0.09343339502811432,0.9959999918937683,0.9664000272750854
YPL209C,YHL017W,0,-6.615006,0.09342463314533234,0.9959999918937683,0.9664999842643738
YIL036W,YCR024C,0,-6.6178927,0.09341587126255035,0.9959999918937683,0.9666000008583069
YFR034C,YLR337C,0,-6.6251907,0.09340710937976837,0.9959999918937683,0.96670001745224
YMR215W,YCR091W,0,-6.6335053,0.09339834749698639,0.9959999918937683,0.9667999744415283
YMR232W,YPR141C,0,-6.634056,0.093389593064785,0.9959999918937683,0.9668999910354614
YDL124W,YBR065C,0,-6.6342,0.09338083863258362,0.9959999918937683,0.9670000076293945
YGR082W,YJL096W,0,-6.6345906,0.09337208420038223,0.9959999918937683,0.9671000242233276
YEL044W,YER167W,0,-6.6357126,0.09336332976818085,0.9959999918937683,0.967199981212616
YLR239C,YGR030C,0,-6.644928,0.09335457533597946,0.9959999918937683,0.9672999978065491
YPR017C,YGR211W,0,-6.658081,0.09334582835435867,0.9959999918937683,0.9674000144004822
YGL116W,YGL192W,0,-6.659651,0.09333708137273788,0.9959999918937683,0.9674999713897705
YBR272C,YDL087C,0,-6.665641,0.0933283343911171,0.9959999918937683,0.9675999879837036
YOR247W,YDR200C,0,-6.6729493,0.0933195948600769,0.9959999918937683,0.9677000045776367
YBR029C,YKR052C,0,-6.68369,0.09331084787845612,0.9959999918937683,0.9678000211715698
YBR046C,YOR316C,0,-6.6869507,0.09330210834741592,0.9959999918937683,0.9678999781608582
YOR101W,YNL317W,0,-6.6939096,0.09329336881637573,0.9959999918937683,0.9679999947547913
YER031C,YOR026W,0,-6.696696,0.09328462928533554,0.9959999918937683,0.9681000113487244
YLR345W,YDR328C,0,-6.6982913,0.09327589720487595,0.9959999918937683,0.9682000279426575
YGR217W,YPL018W,0,-6.7202535,0.09326715767383575,0.9959999918937683,0.9682999849319458
YPL168W,YPL010W,0,-6.7262087,0.09325842559337616,0.9959999918937683,0.9684000015258789
YDR019C,YGL195W,0,-6.7281733,0.09324969351291656,0.9959999918937683,0.968500018119812
YGL196W,YBR168W,0,-6.742917,0.09324096888303757,0.9959999918937683,0.9685999751091003
YPR008W,YMR195W,0,-6.7430882,0.09323223680257797,0.9959999918937683,0.9686999917030334
YBR005W,YNL278W,0,-6.7533975,0.09322351217269897,0.9959999918937683,0.9688000082969666
YBR065C,YDR359C,0,-6.7535467,0.09321478754281998,0.9959999918937683,0.9689000248908997
YNL056W,YPR106W,0,-6.7551603,0.09320606291294098,0.9959999918937683,0.968999981880188
YBR208C,YJL083W,0,-6.757518,0.09319734573364258,0.9959999918937683,0.9690999984741211
YMR192W,YDL018C,0,-6.7632446,0.09318862110376358,0.9959999918937683,0.9692000150680542
YPL225W,YPL248C,0,-6.7664104,0.09317990392446518,0.9959999918937683,0.9692999720573425
YDR217C,YHR150W,0,-6.768248,0.09317118674516678,0.9959999918937683,0.9693999886512756
YGR204W,YLR360W,0,-6.770256,0.09316246956586838,0.9959999918937683,0.9695000052452087
YNL294C,YNL197C,1,-6.7708073,0.09324728697538376,0.996999979019165,0.9695000052452087
YGR217W,YJL167W,0,-6.7730455,0.09323856979608536,0.996999979019165,0.9696000218391418
YBR233W-A,YML013W,0,-6.78405,0.09322984516620636,0.996999979019165,0.9696999788284302
YPR071W,YMR195W,0,-6.784341,0.09322112798690796,0.996999979019165,0.9697999954223633
YDL100C,YPR174C,0,-6.792488,0.09321241825819016,0.996999979019165,0.9699000120162964
YIL087C,YGL107C,0,-6.795128,0.09320370107889175,0.996999979019165,0.9700000286102295
YCR031C,YMR158W,0,-6.7955236,0.09319499135017395,0.996999979019165,0.9700999855995178
YGL098W,YBR295W,0,-6.8113775,0.09318628162145615,0.996999979019165,0.9702000021934509
YDR091C,YDR105C,0,-6.811412,0.09317757189273834,0.996999979019165,0.970300018787384
YHR037W,YLR292C,0,-6.8322916,0.09316886216402054,0.996999979019165,0.9703999757766724
YDR500C,YDR135C,0,-6.8413324,0.09316015988588333,0.996999979019165,0.9704999923706055
YJL096W,YLR175W,0,-6.8498206,0.09315145015716553,0.996999979019165,0.9706000089645386
YIR004W,YPR068C,0,-6.8536873,0.09314274787902832,0.996999979019165,0.9707000255584717
YJL057C,YAL015C,0,-6.867311,0.09313405305147171,0.996999979019165,0.97079998254776
YNL183C,YLR363C,0,-6.8734136,0.0931253507733345,0.996999979019165,0.9708999991416931
YER143W,YER081W,0,-6.8771024,0.0931166559457779,0.996999979019165,0.9710000157356262
YLR239C,YFR024C,0,-6.8805876,0.09310795366764069,0.996999979019165,0.9710999727249146
YGL231C,YPR174C,0,-6.893486,0.09309925884008408,0.996999979019165,0.9711999893188477
YJR084W,YLR347C,0,-6.894099,0.09309057146310806,0.996999979019165,0.9713000059127808
YOR091W,YGR204W,0,-6.9066787,0.09308187663555145,0.996999979019165,0.9714000225067139
YOR091W,YGR004W,0,-6.9066787,0.09307318925857544,0.996999979019165,0.9714999794960022
YLR249W,YLR323C,0,-6.910701,0.09306450188159943,0.996999979019165,0.9715999960899353
YJR132W,YDR100W,0,-6.9133472,0.09305581450462341,0.996999979019165,0.9717000126838684
YIL075C,YGR005C,0,-6.9160805,0.0930471271276474,0.996999979019165,0.9718000292778015
YGR099W,YLR248W,0,-6.9202075,0.09303844720125198,0.996999979019165,0.9718999862670898
YDR098C-A,YLL006W,0,-6.924103,0.09302976727485657,0.996999979019165,0.972000002861023
YLR360W,YKL032C,0,-6.9300556,0.09302108734846115,0.996999979019165,0.972100019454956
YPL169C,YHR073W,0,-6.9371443,0.09301240742206573,0.996999979019165,0.9721999764442444
YOR065W,YDL012C,0,-6.9469185,0.09300373494625092,0.996999979019165,0.9722999930381775
YER179W,YAL007C,0,-6.9539895,0.0929950550198555,0.996999979019165,0.9724000096321106
YGR204W,YKR007W,0,-6.954505,0.09298638254404068,0.996999979019165,0.9725000262260437
YHR146W,YIR019C,0,-6.9615655,0.09297771006822586,0.996999979019165,0.972599983215332
YDR435C,YDR092W,0,-6.9833117,0.09296904504299164,0.996999979019165,0.9726999998092651
YJR084W,YNL054W-A,0,-6.9864483,0.09296037256717682,0.996999979019165,0.9728000164031982
YJL180C,YOR110W,0,-7.0000987,0.0929517075419426,0.996999979019165,0.9728999733924866
YPL171C,YPL043W,0,-7.0086107,0.09294304251670837,0.996999979019165,0.9729999899864197
YDR381W,YGL231C,0,-7.012664,0.09293437749147415,0.996999979019165,0.9731000065803528
YFL056C,YAL056W,0,-7.02433,0.09292571246623993,0.996999979019165,0.9732000231742859
YDL134C-A,YBR208C,0,-7.025532,0.0929170548915863,0.996999979019165,0.9732999801635742
YPL140C,YIL011W,0,-7.0304003,0.09290839731693268,0.996999979019165,0.9733999967575073
YGR103W,YER176W,0,-7.031414,0.09289973974227905,0.996999979019165,0.9735000133514404
YKR093W,YOR260W,0,-7.0321436,0.09289108216762543,0.996999979019165,0.9735999703407288
YOR267C,YPL126W,0,-7.0345078,0.0928824320435524,0.996999979019165,0.9736999869346619
YLR102C,YLR058C,0,-7.043955,0.09287377446889877,0.996999979019165,0.973800003528595
YLL006W,YBR023C,0,-7.044163,0.09286512434482574,0.996999979019165,0.9739000201225281
YEL027W,YDR438W,0,-7.048254,0.09285647422075272,0.996999979019165,0.9739999771118164
YBR208C,YHR079C-B,0,-7.057178,0.09284783154726028,0.996999979019165,0.9740999937057495
YKL141W,YGL142C,0,-7.0594254,0.09283918142318726,0.996999979019165,0.9742000102996826
YEL006W,YOR330C,0,-7.0722623,0.09283053874969482,0.996999979019165,0.9743000268936157
YPL234C,YBR078W,0,-7.080388,0.09282189607620239,0.996999979019165,0.974399983882904
YNL133C,YGL027C,0,-7.0949717,0.09281325340270996,0.996999979019165,0.9745000004768372
YDR091C,YJL083W,0,-7.1001616,0.09280461817979813,0.996999979019165,0.9746000170707703
YGL087C,YDR100W,0,-7.1050925,0.0927959755063057,0.996999979019165,0.9746999740600586
YPL280W,YLR299W,0,-7.107086,0.09278734028339386,0.996999979019165,0.9747999906539917
YBR029C,YDR438W,0,-7.108177,0.09277870506048203,0.996999979019165,0.9749000072479248
YOR249C,YPR086W,0,-7.115779,0.09277007728815079,0.996999979019165,0.9750000238418579
YIL022W,YGR174C,0,-7.1222687,0.09276144206523895,0.996999979019165,0.9750999808311462
YJL180C,YIL011W,0,-7.127002,0.09275281429290771,0.996999979019165,0.9751999974250793
YMR105C,YBR028C,0,-7.1457863,0.09274418652057648,0.996999979019165,0.9753000140190125
YDL119C,YDL139C,0,-7.1525626,0.09273555874824524,0.996999979019165,0.9753999710083008
YJL098W,YBR146W,0,-7.1590743,0.092726930975914,0.996999979019165,0.9754999876022339
YOL055C,YNL132W,0,-7.1672034,0.09271831065416336,0.996999979019165,0.975600004196167
YOR129C,YLL057C,0,-7.1690874,0.09270969033241272,0.996999979019165,0.9757000207901001
YNL038W,YER032W,0,-7.1768713,0.09270107001066208,0.996999979019165,0.9757999777793884
YNL132W,YHR138C,0,-7.177167,0.09269244968891144,0.996999979019165,0.9758999943733215
YLR333C,YNL065W,0,-7.1792316,0.0926838368177414,0.996999979019165,0.9760000109672546
YHL038C,YNL068C,0,-7.1987104,0.09267521649599075,0.996999979019165,0.9761000275611877
YNL111C,YBR149W,0,-7.200679,0.09266660362482071,0.996999979019165,0.9761999845504761
YPL175W,YDL102W,0,-7.2156057,0.09265799075365067,0.996999979019165,0.9763000011444092
YJR052W,YNL123W,0,-7.25338,0.09264938533306122,0.996999979019165,0.9764000177383423
YOR241W,YGL192W,0,-7.253663,0.09264077246189117,0.996999979019165,0.9764999747276306
YBR043C,YJR120W,0,-7.2539763,0.09263216704130173,0.996999979019165,0.9765999913215637
YKL132C,YBR028C,0,-7.2873344,0.09262356162071228,0.996999979019165,0.9767000079154968
YPR055W,YPR046W,0,-7.295711,0.09261495620012283,0.996999979019165,0.9768000245094299
YDR189W,YPR017C,0,-7.304017,0.09260635077953339,0.996999979019165,0.9768999814987183
YGR099W,YDR273W,0,-7.3063774,0.09259775280952454,0.996999979019165,0.9769999980926514
YLR293C,YDR188W,0,-7.309561,0.09258915483951569,0.996999979019165,0.9771000146865845
YMR110C,YKL058W,0,-7.3335867,0.09258055686950684,0.996999979019165,0.9771999716758728
YGR083C,YDL076C,0,-7.344605,0.09257195889949799,0.996999979019165,0.9772999882698059
YGL067W,YDR372C,0,-7.345639,0.09256336092948914,0.996999979019165,0.977400004863739
YKL026C,YHR169W,0,-7.3486476,0.09255477041006088,0.996999979019165,0.9775000214576721
YPR068C,YGL240W,0,-7.3494587,0.09254617989063263,0.996999979019165,0.9775999784469604
YHR197W,YDR359C,0,-7.3553953,0.09253758937120438,0.996999979019165,0.9776999950408936
YNL294C,YOL116W,1,-7.364898,0.092621810734272,0.9980000257492065,0.9776999950408936
YFL056C,YGL093W,0,-7.3681912,0.09261321276426315,0.9980000257492065,0.9778000116348267
YLL021W,YLR292C,0,-7.3712873,0.0926046222448349,0.9980000257492065,0.9779000282287598
YLR060W,YBR168W,0,-7.3800497,0.09259603172540665,0.9980000257492065,0.9779999852180481
YJR109C,YCL054W,0,-7.3860645,0.0925874412059784,0.9980000257492065,0.9781000018119812
YDR188W,YMR313C,0,-7.3899126,0.09257885068655014,0.9980000257492065,0.9782000184059143
YNL284C-B,YKL029C,0,-7.3916826,0.09257026016712189,0.9980000257492065,0.9782999753952026
YPR180W,YOR048C,0,-7.3998404,0.09256167709827423,0.9980000257492065,0.9783999919891357
YFL018W-A,YNL029C,0,-7.402182,0.09255309402942657,0.9980000257492065,0.9785000085830688
YER179W,YHR154W,0,-7.4039783,0.09254451096057892,0.9980000257492065,0.978600025177002
YHR146W,YDR243C,0,-7.4069695,0.09253592789173126,0.9980000257492065,0.9786999821662903
YLL018C-A,YGR004W,0,-7.4072504,0.0925273522734642,0.9980000257492065,0.9787999987602234
YDR210C-D,YLR324W,0,-7.409856,0.09251876920461655,0.9980000257492065,0.9789000153541565
YML023C,YGR193C,0,-7.4154696,0.09251019358634949,0.9980000257492065,0.9789999723434448
YLR085C,YJR084W,0,-7.4368644,0.09250162541866302,0.9980000257492065,0.9790999889373779
YGR211W,YKL039W,0,-7.437306,0.09249304980039597,0.9980000257492065,0.979200005531311
YJR046W,YER129W,0,-7.4374614,0.0924844741821289,0.9980000257492065,0.9793000221252441
YLR352W,YBR149W,0,-7.454951,0.09247590601444244,0.9980000257492065,0.9793999791145325
YDR301W,YDL119C,0,-7.4629335,0.09246733784675598,0.9980000257492065,0.9794999957084656
YOR049C,YJR109C,0,-7.4678936,0.09245876967906952,0.9980000257492065,0.9796000123023987
YMR074C,YDL123W,0,-7.471486,0.09245020896196365,0.9980000257492065,0.9797000288963318
YPR114W,YDR100W,0,-7.486971,0.09244164824485779,0.9980000257492065,0.9797999858856201
YJR035W,YBR028C,0,-7.5058584,0.09243308007717133,0.9980000257492065,0.9799000024795532
YNL056W,YKL099C,0,-7.5198054,0.09242451936006546,0.9980000257492065,0.9800000190734863
YML021C,YFL049W,0,-7.5453367,0.09241596609354019,0.9980000257492065,0.9800999760627747
YBR130C,YPR046W,0,-7.545938,0.09240740537643433,0.9980000257492065,0.9801999926567078
YLL024C,YAR033W,0,-7.557257,0.09239885210990906,0.9980000257492065,0.9803000092506409
YGL093W,YNL036W,0,-7.569133,0.09239029884338379,0.9980000257492065,0.980400025844574
YOR087W,YNL294C,0,-7.5759845,0.09238174557685852,0.9980000257492065,0.9804999828338623
YCR091W,YLR150W,0,-7.5896645,0.09237319231033325,0.9980000257492065,0.9805999994277954
YDR515W,YLR288C,0,-7.6027384,0.09236464649438858,0.9980000257492065,0.9807000160217285
YML013W,YBR181C,0,-7.605543,0.09235610067844391,0.9980000257492065,0.9807999730110168
YNL176C,YMR153W,0,-7.637912,0.09234755486249924,0.9980000257492065,0.98089998960495
YCR086W,YHL028W,0,-7.6415176,0.09233900904655457,0.9980000257492065,0.9810000061988831
YLL006W,YEL024W,0,-7.6518607,0.0923304632306099,0.9980000257492065,0.9811000227928162
YOR004W,YNL317W,0,-7.6950774,0.09232192486524582,0.9980000257492065,0.9811999797821045
YBR218C,YPL010W,0,-7.696475,0.09231338649988174,0.9980000257492065,0.9812999963760376
YGL098W,YPR017C,0,-7.699766,0.09230484813451767,0.9980000257492065,0.9814000129699707
YMR040W,YER032W,0,-7.7046647,0.0922963097691536,0.9980000257492065,0.9815000295639038
YMR243C,YLR382C,0,-7.7066135,0.09228777140378952,0.9980000257492065,0.9815999865531921
YKR093W,YBR168W,0,-7.74374,0.09227924048900604,0.9980000257492065,0.9817000031471252
YML013W,YGR161C-D,0,-7.7496014,0.09227070957422256,0.9980000257492065,0.9818000197410583
YNL294C,YGL045W,1,-7.7518616,0.09235462546348572,0.9990000128746033,0.9818000197410583
YGL142C,YKL149C,0,-7.768763,0.09234608709812164,0.9990000128746033,0.9818999767303467
YIL036W,YOR065W,0,-7.770775,0.09233755618333817,0.9990000128746033,0.9819999933242798
YPL100W,YNL246W,0,-7.7916193,0.09232901781797409,0.9990000128746033,0.9821000099182129
YMR055C,YNL246W,0,-7.7947216,0.09232048690319061,0.9990000128746033,0.982200026512146
YDR345C,YLL006W,0,-7.7996016,0.09231195598840714,0.9990000128746033,0.9822999835014343
YHL003C,YNR055C,0,-7.811535,0.09230342507362366,0.9990000128746033,0.9824000000953674
YFR031C-A,YHR014W,0,-7.8136883,0.09229490160942078,0.9990000128746033,0.9825000166893005
YML081W,YDR439W,0,-7.845749,0.0922863706946373,0.9990000128746033,0.9825999736785889
YDR201W,YGR003W,0,-7.846988,0.09227784723043442,0.9990000128746033,0.982699990272522
YOR045W,YGL073W,0,-7.866713,0.09226932376623154,0.9990000128746033,0.9828000068664551
YDL098C,YCR091W,0,-7.878317,0.09226080775260925,0.9990000128746033,0.9829000234603882
YGR142W,YLR292C,0,-7.88033,0.09225228428840637,0.9990000128746033,0.9829999804496765
YOR136W,YEL051W,0,-7.895825,0.09224376827478409,0.9990000128746033,0.9830999970436096
YMR220W,YDR316W-B,0,-7.9129286,0.0922352522611618,0.9990000128746033,0.9832000136375427
YGL073W,YOR065W,0,-7.91891,0.09222673624753952,0.9990000128746033,0.983299970626831
YER023W,YPL040C,0,-7.934061,0.09221822023391724,0.9990000128746033,0.9833999872207642
YGL073W,YDR023W,0,-7.9390254,0.09220971167087555,0.9990000128746033,0.9835000038146973
YNL048W,YPR034W,0,-7.9529305,0.09220120310783386,0.9990000128746033,0.9836000204086304
YGL045W,YDL012C,0,-7.960972,0.09219269454479218,0.9990000128746033,0.9836999773979187
YNL286W,YBR069C,0,-7.9630356,0.09218418598175049,0.9990000128746033,0.9837999939918518
YNL181W,YOL116W,0,-7.9746914,0.0921756774187088,0.9990000128746033,0.9839000105857849
YLR196W,YER060W,0,-7.9947824,0.09216717630624771,0.9990000128746033,0.984000027179718
YJL054W,YPL175W,0,-8.000509,0.09215867519378662,0.9990000128746033,0.9840999841690063
YNL263C,YNR052C,0,-8.0317,0.09215017408132553,0.9990000128746033,0.9842000007629395
YLR052W,YOR272W,0,-8.042136,0.09214167296886444,0.9990000128746033,0.9843000173568726
YOL055C,YFR010W,0,-8.044666,0.09213317185640335,0.9990000128746033,0.9843999743461609
YPR161C,YER176W,0,-8.052935,0.09212467819452286,0.9990000128746033,0.984499990940094
YDR129C,YEL051W,0,-8.079027,0.09211618453264236,0.9990000128746033,0.9846000075340271
YBR295W,YNL278W,0,-8.101331,0.09210769087076187,0.9990000128746033,0.9847000241279602
YCL017C,YDR212W,0,-8.106735,0.09209919720888138,0.9990000128746033,0.9847999811172485
YLR333C,YIL153W,0,-8.117192,0.09209071099758148,0.9990000128746033,0.9848999977111816
YDL247W,YBR015C,0,-8.130144,0.09208221733570099,0.9990000128746033,0.9850000143051147
YDR019C,YPL010W,0,-8.130547,0.09207373112440109,0.9990000128746033,0.9850999712944031
YLR411W,YOL121C,0,-8.157713,0.0920652449131012,0.9990000128746033,0.9851999878883362
YDR023W,YPL189W,0,-8.175537,0.0920567661523819,0.9990000128746033,0.9853000044822693
YOR267C,YDR441C,0,-8.206254,0.092048279941082,0.9990000128746033,0.9854000210762024
YOR068C,YLR337C,0,-8.20697,0.0920398011803627,0.9990000128746033,0.9854999780654907
YIL011W,YMR237W,0,-8.229112,0.0920313224196434,0.9990000128746033,0.9855999946594238
YHR205W,YIL153W,0,-8.230803,0.0920228436589241,0.9990000128746033,0.9857000112533569
YBR208C,YKL081W,0,-8.253433,0.0920143648982048,0.9990000128746033,0.98580002784729
YJL167W,YLR068W,0,-8.268461,0.0920058935880661,0.9990000128746033,0.9858999848365784
YCL005W-A,YPL140C,0,-8.286449,0.0919974222779274,0.9990000128746033,0.9860000014305115
YDR004W,YBL047C,0,-8.288492,0.0919889509677887,0.9990000128746033,0.9861000180244446
YJR120W,YHR090C,0,-8.289026,0.09198047965765,0.9990000128746033,0.9861999750137329
YMR059W,YPL117C,0,-8.313103,0.09197201579809189,0.9990000128746033,0.986299991607666
YBR060C,YEL051W,0,-8.321747,0.09196354448795319,0.9990000128746033,0.9864000082015991
YGL196W,YEL048C,0,-8.330515,0.09195508062839508,0.9990000128746033,0.9865000247955322
YGL246C,YJL179W,0,-8.331684,0.09194661676883698,0.9990000128746033,0.9865999817848206
YJR050W,YBR028C,0,-8.34814,0.09193815290927887,0.9990000128746033,0.9866999983787537
YJL059W,YMR207C,0,-8.36972,0.09192969650030136,0.9990000128746033,0.9868000149726868
YGR217W,YDR365C,0,-8.39977,0.09192124009132385,0.9990000128746033,0.9868999719619751
YIL075C,YIL173W,0,-8.423609,0.09191277623176575,0.9990000128746033,0.9869999885559082
YOR129C,YGR003W,0,-8.448928,0.09190432727336884,0.9990000128746033,0.9871000051498413
YJR150C,YDL012C,0,-8.454558,0.09189587086439133,0.9990000128746033,0.9872000217437744
YNL246W,YOR335C,0,-8.485038,0.09188741445541382,0.9990000128746033,0.9872999787330627
YKL006W,YPR174C,0,-8.4855585,0.0918789654970169,0.9990000128746033,0.9873999953269958
YDL087C,YOL095C,0,-8.533348,0.09187051653862,0.9990000128746033,0.987500011920929
YBR028C,YML047C,0,-8.541858,0.09186206758022308,0.9990000128746033,0.9876000285148621
YPL248C,YHL021C,0,-8.545581,0.09185362607240677,0.9990000128746033,0.9876999855041504
YOL096C,YOL135C,0,-8.55313,0.09184517711400986,0.9990000128746033,0.9878000020980835
YIL156W,YJR118C,0,-8.6117525,0.09183673560619354,0.9990000128746033,0.9879000186920166
YDR435C,YBR295W,0,-8.6861315,0.09182829409837723,0.9990000128746033,0.9879999756813049
YIL153W,YGR253C,0,-8.70801,0.09181985259056091,0.9990000128746033,0.988099992275238
YOR002W,YMR055C,0,-8.723663,0.0918114110827446,0.9990000128746033,0.9882000088691711
YOL055C,YHR114W,0,-8.759579,0.09180297702550888,0.9990000128746033,0.9883000254631042
YGL126W,YPL168W,0,-8.7629795,0.09179454296827316,0.9990000128746033,0.9883999824523926
YHR073W,YHL007C,1,-8.793267,0.09187798947095871,1.0,0.9883999824523926
YNL041C,YBL047C,0,-8.822097,0.0918695479631424,1.0,0.9884999990463257
YDR434W,YHR139C,0,-8.833921,0.09186110645532608,1.0,0.9886000156402588
YHR204W,YOL055C,0,-8.881397,0.09185266494750977,1.0,0.9886999726295471
YOR016C,YGR129W,0,-8.918547,0.09184423089027405,1.0,0.9887999892234802
YLR131C,YPL156C,0,-8.920686,0.09183579683303833,1.0,0.9889000058174133
YLR181C,YAL051W,0,-8.941077,0.09182736277580261,1.0,0.9890000224113464
YNL056W,YGL092W,0,-8.957731,0.09181893616914749,1.0,0.9890999794006348
YPR154W,YOR060C,0,-8.959465,0.09181050211191177,1.0,0.9891999959945679
YHR146W,YDL031W,0,-8.979288,0.09180207550525665,1.0,0.989300012588501
YJR120W,YBR089C-A,0,-8.985657,0.09179364889860153,1.0,0.9894000291824341
YDL189W,YNL240C,0,-8.998632,0.09178522229194641,1.0,0.9894999861717224
YGL092W,YNL240C,0,-9.018235,0.09177679568529129,1.0,0.9896000027656555
YPL234C,YDL220C,0,-9.079679,0.09176837652921677,1.0,0.9897000193595886
YMR041C,YKL079W,0,-9.110255,0.09175995737314224,1.0,0.989799976348877
YLR067C,YOR343C-A,0,-9.126564,0.09175153821706772,1.0,0.9898999929428101
YDL091C,YBL035C,0,-9.147271,0.0917431190609932,1.0,0.9900000095367432
YCL051W,YPL021W,0,-9.159523,0.09173469990491867,1.0,0.9901000261306763
YBR169C,YKL138C,0,-9.180316,0.09172628819942474,1.0,0.9901999831199646
YDL105W,YDL102W,0,-9.182967,0.09171787649393082,1.0,0.9902999997138977
YLR288C,YFL035C-A,0,-9.251305,0.09170946478843689,1.0,0.9904000163078308
YKR093W,YPL010W,0,-9.27333,0.09170105308294296,1.0,0.9904999732971191
YHR090C,YHR194W,0,-9.286898,0.09169264882802963,1.0,0.9905999898910522
YFL056C,YBR181C,0,-9.331262,0.0916842371225357,1.0,0.9907000064849854
YER028C,YMR041C,0,-9.346256,0.09167583286762238,1.0,0.9908000230789185
YLL006W,YMR195W,0,-9.375952,0.09166742861270905,1.0,0.9908999800682068
YHR204W,YPL156C,0,-9.413117,0.09165903180837631,1.0,0.9909999966621399
YOR136W,YDR100W,0,-9.459163,0.09165062755346298,1.0,0.991100013256073
YPL141C,YOL135C,0,-9.479313,0.09164223074913025,1.0,0.9911999702453613
YMR110C,YLR328W,0,-9.484179,0.09163383394479752,1.0,0.9912999868392944
YLR215C,YNL278W,0,-9.516253,0.09162543714046478,1.0,0.9914000034332275
YJR120W,YBR169C,0,-9.522623,0.09161704033613205,1.0,0.9915000200271606
YDL100C,YMR220W,0,-9.523211,0.09160865098237991,1.0,0.991599977016449
YER142C,YIL167W,0,-9.538273,0.09160025417804718,1.0,0.9916999936103821
YNL145W,YKR088C,0,-9.557997,0.09159186482429504,1.0,0.9918000102043152
YPL140C,YHR139C,0,-9.563027,0.09158347547054291,1.0,0.9919000267982483
YML013W,YHR110W,0,-9.584344,0.09157509356737137,1.0,0.9919999837875366
YPL248C,YBL047C,0,-9.58809,0.09156670421361923,1.0,0.9921000003814697
YBR130C,YGL243W,0,-9.60568,0.09155832231044769,1.0,0.9922000169754028
YIL036W,YLR068W,0,-9.631503,0.09154994040727615,1.0,0.9922999739646912
YHR103W,YPL001W,0,-9.644857,0.09154155850410461,1.0,0.9923999905586243
YPR128C,YHR150W,0,-9.651973,0.09153318405151367,1.0,0.9925000071525574
YDR019C,YJL196C,0,-9.684961,0.09152480214834213,1.0,0.9926000237464905
YPR175W,YGR109W-A,0,-9.68815,0.09151642769575119,1.0,0.9926999807357788
YIL030C,YNL133C,0,-9.741335,0.09150805324316025,1.0,0.9927999973297119
YNL317W,YMR237W,0,-9.818857,0.0914996787905693,1.0,0.992900013923645
YNL056W,YGR283C,0,-9.841938,0.09149131178855896,1.0,0.9929999709129333
YHR158C,YCR036W,0,-9.877266,0.09148293733596802,1.0,0.9930999875068665
YBR046C,YAL015C,0,-9.89819,0.09147457033395767,1.0,0.9932000041007996
YNL056W,YGL231C,0,-9.905373,0.09146620333194733,1.0,0.9933000206947327
YPL234C,YBR086C,0,-9.939751,0.09145783632993698,1.0,0.993399977684021
YPR046W,YOR335C,0,-9.962265,0.09144947677850723,1.0,0.9934999942779541
YCR045C,YPL235W,0,-9.992159,0.09144110977649689,1.0,0.9936000108718872
YOR334W,YCR091W,0,-9.994676,0.09143275022506714,1.0,0.9937000274658203
YOR002W,YIR004W,0,-10.070266,0.09142439067363739,1.0,0.9937999844551086
YAL051W,YBR089C-A,0,-10.083893,0.09141603112220764,1.0,0.9939000010490417
YLR328W,YJL208C,0,-10.098354,0.09140767902135849,1.0,0.9940000176429749
YOR236W,YNL066W,0,-10.10881,0.09139932692050934,1.0,0.9940999746322632
YMR041C,YFR040W,0,-10.125086,0.09139096736907959,1.0,0.9941999912261963
YER093C,YMR226C,0,-10.130362,0.09138262271881104,1.0,0.9943000078201294
YNL286W,YCR018C,0,-10.133509,0.09137427061796188,1.0,0.9944000244140625
YPR175W,YDR135C,0,-10.135606,0.09136591851711273,1.0,0.9944999814033508
YOL020W,YPL040C,0,-10.151833,0.09135757386684418,1.0,0.9945999979972839
YDR381W,YEL051W,0,-10.162169,0.09134922921657562,1.0,0.994700014591217
YMR055C,YKL129C,0,-10.178915,0.09134088456630707,1.0,0.9947999715805054
YPL171C,YER129W,0,-10.1971855,0.09133253991603851,1.0,0.9948999881744385
YDR468C,YGL092W,0,-10.258473,0.09132420271635056,1.0,0.9950000047683716
YGR212W,YLR345W,0,-10.299499,0.091315858066082,1.0,0.9951000213623047
YNL137C,YMR091C,0,-10.336876,0.09130752086639404,1.0,0.995199978351593
YML057W,YPL040C,0,-10.387042,0.09129919111728668,1.0,0.9952999949455261
YPL210C,YMR226C,0,-10.403687,0.09129085391759872,1.0,0.9954000115394592
YPL058C,YLR248W,0,-10.446634,0.09128251671791077,1.0,0.9955000281333923
YBL056W,YOR129C,0,-10.459244,0.0912741869688034,1.0,0.9955999851226807
YOR267C,YDL100C,0,-10.461058,0.09126585721969604,1.0,0.9957000017166138
YML101C,YDR301W,0,-10.524061,0.09125752747058868,1.0,0.9958000183105469
YKL033W,YLR328W,0,-10.544756,0.09124920517206192,1.0,0.9958999752998352
YPL146C,YBR169C,0,-10.553304,0.09124087542295456,1.0,0.9959999918937683
YGL073W,YFR025C,0,-10.562313,0.0912325531244278,1.0,0.9961000084877014
YHR204W,YER167W,0,-10.563786,0.09122423082590103,1.0,0.9962000250816345
YGL243W,YLR337C,0,-10.589205,0.09121590852737427,1.0,0.9962999820709229
YHR205W,YER139C,0,-10.598897,0.0912075862288475,1.0,0.996399998664856
YPL141C,YKL149C,0,-10.752613,0.09119927138090134,1.0,0.9965000152587891
YPL248C,YOR335C,0,-10.79426,0.09119095653295517,1.0,0.9965999722480774
YOR081C,YDR005C,0,-10.80897,0.091182641685009,1.0,0.9966999888420105
YLR258W,YGR109W-A,0,-10.931356,0.09117432683706284,1.0,0.9968000054359436
YGL196W,YMR059W,0,-10.944042,0.09116601198911667,1.0,0.9969000220298767
YBR130C,YLL026W,0,-10.95103,0.0911577045917511,1.0,0.996999979019165
YPL135W,YLR323C,0,-10.968788,0.09114939719438553,1.0,0.9970999956130981
YLR085C,YJR150C,0,-11.056979,0.09114108979701996,1.0,0.9972000122070312
YML031W,YPR046W,0,-11.090166,0.09113278239965439,1.0,0.9973000288009644
YEL005C,YBL072C,0,-11.1746025,0.09112447500228882,1.0,0.9973999857902527
YKL058W,YNR052C,0,-11.195213,0.09111617505550385,1.0,0.9975000023841858
YGL116W,YMR183C,0,-11.22409,0.09110787510871887,1.0,0.9976000189781189
YNL145W,YPL234C,0,-11.26229,0.0910995751619339,1.0,0.9976999759674072
YMR232W,YLR411W,0,-11.274253,0.09109127521514893,1.0,0.9977999925613403
YML067C,YOR048C,0,-11.474468,0.09108297526836395,1.0,0.9979000091552734
YHR139C,YER093C,0,-11.514912,0.09107468277215958,1.0,0.9980000257492065
YDR468C,YLR067C,0,-12.202311,0.0910663902759552,1.0,0.9980999827384949
YHR146W,YNR052C,0,-12.221724,0.09105809777975082,1.0,0.998199999332428
YGR024C,YCR005C,0,-12.283997,0.09104980528354645,1.0,0.9983000159263611
YNL240C,YKL005C,0,-12.315734,0.09104151278734207,1.0,0.9983999729156494
YNL284C-B,YER056C,0,-12.356053,0.09103322774171829,1.0,0.9984999895095825
YGL073W,YKL048C,0,-12.358519,0.09102494269609451,1.0,0.9986000061035156
YDR468C,YHR139C,0,-12.422367,0.09101665765047073,1.0,0.9987000226974487
YGL098W,YBR146W,0,-12.458506,0.09100837260484695,1.0,0.9987999796867371
YKL060C,YLR328W,0,-12.756447,0.09100008755922318,1.0,0.9988999962806702
YJL013C,YHR150W,0,-12.783293,0.09099180996417999,1.0,0.9990000128746033
YJL012C,YEL051W,0,-12.879402,0.09098353236913681,1.0,0.9991000294685364
YER062C,YNL317W,0,-13.3134,0.09097525477409363,1.0,0.9991999864578247
YGL098W,YER177W,0,-13.508946,0.09096697717905045,1.0,0.9993000030517578
YEL048C,YBR060C,0,-13.567478,0.09095870703458786,1.0,0.9994000196456909
YBR295W,YPL239W,0,-13.579509,0.09095042943954468,1.0,0.9994999766349792
YNL286W,YLR411W,0,-14.915701,0.09094215929508209,1.0,0.9995999932289124
YKL150W,YLL006W,0,-15.027854,0.0909338891506195,1.0,0.9997000098228455
YCR107W,YBR272C,0,-15.750126,0.09092562645673752,1.0,0.9998000264167786
YOR068C,YKL060C,0,-15.993533,0.09091735631227493,1.0,0.9998999834060669
YHR150W,YEL051W,0,-17.61898,0.09090909361839294,1.0,1.0
